,Name,+/-,Folds,Score,True Positive,False Positive,True Negative,False Negative,Accuracy,Precision,Recall,False Positive Rate,Selectivity
0,YGR060W YPL150W,0.0,NA,0.0,1128,11279,1,0,0.09098968407479045,0.09091641815104376,1.0,0.9999113475177305,8.865248226950355e-05
1,YGR097W YFL029C,0.0,NA,0.0,1128,11278,2,0,0.09107027724049001,0.09092374657423827,1.0,0.999822695035461,0.0001773049645390071
2,YLL015W YAL017W,0.0,NA,0.0,1128,11277,3,0,0.09115087040618955,0.0909310761789601,1.0,0.9997340425531915,0.00026595744680851064
3,YKR050W YAR019C,0.0,NA,1.732956331994967e-35,1128,11276,4,0,0.0912314635718891,0.090938406965495,1.0,0.999645390070922,0.0003546099290780142
4,YER082C YER067W,0.0,NA,3.511260458020899e-35,1128,11275,5,0,0.09131205673758866,0.09094573893412884,1.0,0.9995567375886525,0.0004432624113475177
5,YER131W YJL108C,0.0,NA,3.935851164192632e-33,1128,11274,6,0,0.0913926499032882,0.09095307208514755,1.0,0.999468085106383,0.0005319148936170213
6,YGR214W YHR037W,0.0,NA,2.8207924162670944e-30,1128,11273,7,0,0.09147324306898776,0.0909604064188372,1.0,0.9993794326241134,0.0006205673758865249
7,YOR273C YOR310C,0.0,NA,3.0472256173089284e-29,1128,11272,8,0,0.0915538362346873,0.09096774193548388,1.0,0.999290780141844,0.0007092198581560284
8,YMR230W YPR151C,0.0,NA,7.07777268447054e-29,1128,11271,9,0,0.09163442940038685,0.09097507863537382,1.0,0.9992021276595745,0.0007978723404255319
9,YGR131W YNL062C,0.0,NA,1.4290732410268697e-28,1128,11270,10,0,0.0917150225660864,0.09098241651879335,1.0,0.999113475177305,0.0008865248226950354
10,YAL061W YOR310C,0.0,NA,3.747138892495874e-28,1128,11269,11,0,0.09179561573178595,0.09098975558602888,1.0,0.9990248226950355,0.000975177304964539
11,YJL151C YGR264C,0.0,NA,7.385400150410677e-28,1128,11268,12,0,0.09187620889748549,0.0909970958373669,1.0,0.9989361702127659,0.0010638297872340426
12,YGR141W YLR340W,0.0,NA,1.0403091632022427e-27,1128,11267,13,0,0.09195680206318504,0.09100443727309399,1.0,0.9988475177304964,0.001152482269503546
13,YNL066W YLR270W,0.0,NA,1.3873427687708704e-27,1128,11266,14,0,0.09203739522888459,0.09101177989349685,1.0,0.998758865248227,0.0012411347517730497
14,YBR155W YDR516C,0.0,NA,4.257500794405267e-27,1128,11265,15,0,0.09211798839458414,0.09101912369886227,1.0,0.9986702127659575,0.0013297872340425532
15,YCR076C YNL178W,0.0,NA,1.0598774588463925e-26,1128,11264,16,0,0.09219858156028368,0.09102646868947709,1.0,0.9985815602836879,0.0014184397163120568
16,YDR330W YDR361C,0.0,NA,1.0932296351025218e-26,1128,11263,17,0,0.09227917472598324,0.09103381486562828,1.0,0.9984929078014184,0.0015070921985815603
17,YAL044C YPR026W,0.0,NA,1.1123957195370858e-26,1128,11262,18,0,0.09235976789168278,0.0910411622276029,1.0,0.9984042553191489,0.0015957446808510637
18,YER131W YOR047C,0.0,NA,1.3140868070330947e-26,1128,11261,19,0,0.09244036105738233,0.09104851077568811,1.0,0.9983156028368795,0.0016843971631205674
19,YJL108C YLR448W,0.0,NA,1.3538416988707405e-26,1128,11260,20,0,0.09252095422308189,0.09105586051017113,1.0,0.99822695035461,0.0017730496453900709
20,YMR310C YEL012W,0.0,NA,2.0879074319836066e-26,1128,11259,21,0,0.09260154738878143,0.0910632114313393,1.0,0.9981382978723404,0.0018617021276595746
21,YHL023C YJL191W,0.0,NA,2.4785057462279686e-26,1128,11258,22,0,0.09268214055448099,0.09107056353948006,1.0,0.9980496453900709,0.001950354609929078
22,YDR273W YPL081W,0.0,NA,2.621741316200727e-26,1128,11257,23,0,0.09276273372018053,0.09107791683488091,1.0,0.9979609929078014,0.0020390070921985815
23,YER131W YBR296C,0.0,NA,2.689304787542578e-26,1128,11256,24,0,0.09284332688588008,0.09108527131782945,1.0,0.997872340425532,0.002127659574468085
24,YNL194C YBR104W,0.0,NA,2.9184556301112646e-26,1128,11255,25,0,0.09292392005157962,0.09109262698861342,1.0,0.9977836879432624,0.002216312056737589
25,YDL010W YGL103W,0.0,NA,3.0725364967868566e-26,1128,11254,26,0,0.09300451321727918,0.09109998384752059,1.0,0.9976950354609929,0.002304964539007092
26,YHR037W YHR068W,0.0,NA,3.1545438264140295e-26,1128,11253,27,0,0.09308510638297872,0.09110734189483886,1.0,0.9976063829787234,0.0023936170212765957
27,YGR142W YNR051C,0.0,NA,3.482370383018176e-26,1128,11252,28,0,0.09316569954867827,0.09111470113085622,1.0,0.9975177304964539,0.0024822695035460994
28,YLR340W YIL155C,0.0,NA,4.2653548907928735e-26,1128,11251,29,0,0.09324629271437782,0.09112206155586074,1.0,0.9974290780141843,0.0025709219858156026
29,YLR057W YBR293W,0.0,NA,1.052091340082103e-25,1128,11250,30,0,0.09332688588007737,0.09112942317014057,1.0,0.9973404255319149,0.0026595744680851063
30,YBR187W YGR080W,0.0,NA,1.2767559676606525e-25,1128,11249,31,0,0.09340747904577691,0.091136785973984,1.0,0.9972517730496454,0.00274822695035461
31,YKR024C YLR150W,0.0,NA,2.240742391467015e-25,1128,11248,32,0,0.09348807221147647,0.09114414996767937,1.0,0.9971631205673759,0.0028368794326241137
32,YMR142C YHR094C,0.0,NA,2.896043968534419e-25,1128,11247,33,0,0.09356866537717602,0.09115151515151515,1.0,0.9970744680851064,0.002925531914893617
33,YJL066C YBR104W,0.0,NA,2.9111072675196144e-25,1128,11246,34,0,0.09364925854287556,0.09115888152577986,1.0,0.9969858156028368,0.0030141843971631206
34,YNL217W YLL039C,0.0,NA,3.5784293591493565e-25,1128,11245,35,0,0.09372985170857512,0.09116624909076214,1.0,0.9968971631205674,0.0031028368794326243
35,YKL180W YJL094C,0.0,NA,4.3028467379086665e-25,1128,11244,36,0,0.09381044487427466,0.09117361784675072,1.0,0.9968085106382979,0.0031914893617021275
36,YOR145C YOR288C,0.0,NA,6.8274718194759425e-25,1128,11243,37,0,0.09389103803997421,0.09118098779403444,1.0,0.9967198581560284,0.003280141843971631
37,YER081W YER070W,0.0,NA,7.253375850052504e-25,1128,11242,38,0,0.09397163120567376,0.09118835893290218,1.0,0.9966312056737588,0.003368794326241135
38,YBR137W YKL180W,0.0,NA,7.346803112248157e-25,1128,11241,39,0,0.09405222437137331,0.09119573126364298,1.0,0.9965425531914893,0.003457446808510638
39,YHR037W YCR031C,0.0,NA,8.68218044311143e-25,1128,11240,40,0,0.09413281753707285,0.09120310478654592,1.0,0.9964539007092199,0.0035460992907801418
40,YGL029W YPR127W,0.0,NA,1.1494519860107046e-24,1128,11239,41,0,0.09421341070277241,0.09121047950190021,1.0,0.9963652482269504,0.0036347517730496454
41,YLR293C YHR086W,0.0,NA,1.2563391874016913e-24,1128,11238,42,0,0.09429400386847195,0.09121785540999515,1.0,0.9962765957446809,0.003723404255319149
42,YOR337W YNL061W,0.0,NA,1.2667966233841405e-24,1128,11237,43,0,0.0943745970341715,0.0912252325111201,1.0,0.9961879432624113,0.0038120567375886523
43,YGR060W YOR226C,0.0,NA,1.95829177973257e-24,1128,11236,44,0,0.09445519019987104,0.09123261080556454,1.0,0.9960992907801418,0.003900709219858156
44,YCR053W YHR094C,0.0,NA,2.148557141462826e-24,1128,11235,45,0,0.0945357833655706,0.09123999029361805,1.0,0.9960106382978723,0.003989361702127659
45,YPR163C YKL096W,0.0,NA,2.3713237697034137e-24,1128,11234,46,0,0.09461637653127015,0.0912473709755703,1.0,0.9959219858156029,0.004078014184397163
46,YDR273W YBL052C,0.0,NA,2.4042693621186114e-24,1128,11233,47,0,0.0946969696969697,0.09125475285171103,1.0,0.9958333333333333,0.004166666666666667
47,YPL241C YOR283W,0.0,NA,3.2053729941582007e-24,1128,11232,48,0,0.09477756286266925,0.0912621359223301,1.0,0.9957446808510638,0.00425531914893617
48,YFL029C YOR051C,0.0,NA,3.627815503082652e-24,1128,11231,49,0,0.09485815602836879,0.09126952018771746,1.0,0.9956560283687943,0.004343971631205674
49,YAL044C YBR183W,0.0,NA,3.6445993077021344e-24,1128,11230,50,0,0.09493874919406835,0.09127690564816314,1.0,0.9955673758865248,0.004432624113475178
50,YDR324C YCR021C,0.0,NA,3.843418682658154e-24,1128,11229,51,0,0.09501934235976789,0.09128429230395727,1.0,0.9954787234042554,0.0045212765957446804
51,YKL139W YLR340W,0.0,NA,4.169700624957975e-24,1128,11228,52,0,0.09509993552546744,0.09129168015539009,1.0,0.9953900709219858,0.004609929078014184
52,YOL125W YOR374W,0.0,NA,4.392236708599012e-24,1128,11227,53,0,0.09518052869116699,0.09129906920275192,1.0,0.9953014184397163,0.004698581560283688
53,YOR357C YIL022W,0.0,NA,4.791905197620185e-24,1128,11226,54,0,0.09526112185686654,0.09130645944633317,1.0,0.9952127659574468,0.0047872340425531915
54,YBR155W YLL039C,0.0,NA,5.4264613599058936e-24,1128,11225,55,0,0.09534171502256608,0.09131385088642435,1.0,0.9951241134751773,0.004875886524822695
55,YAL044C YBR163W,0.0,NA,7.552541684811483e-24,1128,11224,56,0,0.09542230818826564,0.09132124352331607,1.0,0.9950354609929078,0.004964539007092199
56,YPL274W YKR076W,0.0,NA,7.591478281371382e-24,1128,11223,57,0,0.09550290135396518,0.091328637357299,1.0,0.9949468085106383,0.0050531914893617025
57,YOR245C YNL066W,0.0,NA,8.010189872644591e-24,1128,11222,58,0,0.09558349451966473,0.09133603238866397,1.0,0.9948581560283688,0.005141843971631205
58,YER150W YHR127W,0.0,NA,8.268685391789222e-24,1128,11221,59,0,0.09566408768536429,0.09134342861770184,1.0,0.9947695035460993,0.005230496453900709
59,YML022W YER067W,0.0,NA,8.322355543475934e-24,1128,11220,60,0,0.09574468085106383,0.0913508260447036,1.0,0.9946808510638298,0.005319148936170213
60,YNL220W YHL024W,0.0,NA,8.945766284462227e-24,1128,11219,61,0,0.09582527401676338,0.09135822466996031,1.0,0.9945921985815603,0.005407801418439716
61,YJL108C YKR056W,0.0,NA,1.0194118156590943e-23,1128,11218,62,0,0.09590586718246293,0.09136562449376316,1.0,0.9945035460992908,0.00549645390070922
62,YML023C YGL103W,0.0,NA,1.1278695405047629e-23,1128,11217,63,0,0.09598646034816248,0.0913730255164034,1.0,0.9944148936170213,0.005585106382978724
63,YGL030W YMR166C,0.0,NA,1.2454412120467215e-23,1128,11216,64,0,0.09606705351386202,0.09138042773817238,1.0,0.9943262411347518,0.005673758865248227
64,YNL014W YDL063C,0.0,NA,1.2478664071276424e-23,1128,11215,65,0,0.09614764667956158,0.09138783115936158,1.0,0.9942375886524822,0.00576241134751773
65,YML082W YEL018W,0.0,NA,1.621043684774046e-23,1128,11214,66,0,0.09622823984526112,0.09139523578026251,1.0,0.9941489361702127,0.005851063829787234
66,YMR217W YMR087W,0.0,NA,1.6602325590514343e-23,1128,11213,67,0,0.09630883301096067,0.09140264160116685,1.0,0.9940602836879433,0.0059397163120567375
67,YLR375W YKL180W,0.0,NA,1.7315528424037418e-23,1128,11212,68,0,0.09638942617666021,0.09141004862236629,1.0,0.9939716312056738,0.006028368794326241
68,YGL029W YJL091C,0.0,NA,1.910194496467747e-23,1128,11211,69,0,0.09647001934235977,0.09141745684415269,1.0,0.9938829787234043,0.006117021276595745
69,YER053C YDR496C,0.0,NA,1.9198446319213157e-23,1128,11210,70,0,0.09655061250805931,0.09142486626681796,1.0,0.9937943262411347,0.0062056737588652485
70,YDL010W YJL050W,0.0,NA,2.178392215885692e-23,1128,11209,71,0,0.09663120567375887,0.09143227689065413,1.0,0.9937056737588652,0.006294326241134752
71,YDR471W YHR094C,0.0,NA,2.4491387448884058e-23,1128,11208,72,0,0.09671179883945841,0.0914396887159533,1.0,0.9936170212765958,0.006382978723404255
72,YOL125W YLR387C,0.0,NA,2.6517896961471746e-23,1128,11207,73,0,0.09679239200515796,0.0914471017430077,1.0,0.9935283687943263,0.006471631205673759
73,YKL061W YMR202W,0.0,NA,2.984468432641342e-23,1128,11206,74,0,0.09687298517085752,0.09145451597210962,1.0,0.9934397163120567,0.006560283687943262
74,YOR312C YML094W,0.0,NA,3.212290830980446e-23,1128,11205,75,0,0.09695357833655706,0.09146193140355145,1.0,0.9933510638297872,0.006648936170212766
75,YMR262W YER131W,0.0,NA,3.3211066197909943e-23,1128,11204,76,0,0.09703417150225661,0.09146934803762569,1.0,0.9932624113475177,0.00673758865248227
76,YBR008C YHR136C,0.0,NA,3.6475779675941584e-23,1128,11203,77,0,0.09711476466795615,0.09147676587462493,1.0,0.9931737588652483,0.006826241134751773
77,YHR083W YBR189W,0.0,NA,3.9513812395136157e-23,1128,11202,78,0,0.09719535783365571,0.09148418491484185,1.0,0.9930851063829788,0.006914893617021276
78,YDR055W YOR064C,0.0,NA,4.1683984522617265e-23,1128,11201,79,0,0.09727595099935525,0.09149160515856923,1.0,0.9929964539007092,0.00700354609929078
79,YDR171W YJL050W,0.0,NA,4.2999959129263336e-23,1128,11200,80,0,0.0973565441650548,0.09149902660609993,1.0,0.9929078014184397,0.0070921985815602835
80,YML063W YCR076C,0.0,NA,4.3962451475167113e-23,1128,11199,81,0,0.09743713733075435,0.09150644925772694,1.0,0.9928191489361702,0.007180851063829787
81,YDL083C YKL096W,0.0,NA,4.460538573469672e-23,1128,11198,82,0,0.0975177304964539,0.0915138731137433,1.0,0.9927304964539007,0.007269503546099291
82,YOR374W YOL052C,0.0,NA,4.694941333935768e-23,1128,11197,83,0,0.09759832366215344,0.09152129817444218,1.0,0.9926418439716312,0.0073581560283687945
83,YJL091C YLR340W,0.0,NA,4.7737539026215023e-23,1128,11196,84,0,0.097678916827853,0.09152872444011685,1.0,0.9925531914893617,0.007446808510638298
84,YHR071W YBR193C,0.0,NA,5.0352849585294244e-23,1128,11195,85,0,0.09775950999355254,0.09153615191106061,1.0,0.9924645390070922,0.007535460992907801
85,YHR064C YML011C,0.0,NA,5.154751947282267e-23,1128,11194,86,0,0.0978401031592521,0.09154358058756695,1.0,0.9923758865248227,0.007624113475177305
86,YLR238W YLR355C,0.0,NA,5.345861705725471e-23,1128,11193,87,0,0.09792069632495165,0.09155101046992939,1.0,0.9922872340425531,0.007712765957446808
87,YGR034W YOR374W,0.0,NA,5.402546094931032e-23,1128,11192,88,0,0.09800128949065119,0.09155844155844156,1.0,0.9921985815602837,0.007801418439716312
88,YKL186C YBL018C,0.0,NA,5.686929189085759e-23,1128,11191,89,0,0.09808188265635075,0.09156587385339719,1.0,0.9921099290780142,0.007890070921985815
89,YLL008W YDR330W,0.0,NA,5.91195901982038e-23,1128,11190,90,0,0.09816247582205029,0.09157330735509012,1.0,0.9920212765957447,0.007978723404255319
90,YPL274W YGR183C,0.0,NA,6.182977548063215e-23,1128,11189,91,0,0.09824306898774984,0.09158074206381424,1.0,0.9919326241134752,0.008067375886524822
91,YPR113W YOR288C,0.0,NA,6.252473038369565e-23,1128,11188,92,0,0.09832366215344938,0.09158817797986359,1.0,0.9918439716312056,0.008156028368794326
92,YER102W YMR177W,0.0,NA,6.653589876012724e-23,1128,11187,93,0,0.09840425531914894,0.09159561510353227,1.0,0.9917553191489362,0.00824468085106383
93,YPR010C YFR016C,0.0,NA,7.300518296077647e-23,1128,11186,94,0,0.09848484848484848,0.0916030534351145,1.0,0.9916666666666667,0.008333333333333333
94,YLL008W YIL017C,0.0,NA,8.132301438696096e-23,1128,11185,95,0,0.09856544165054804,0.09161049297490458,1.0,0.9915780141843972,0.008421985815602837
95,YMR217W YDR139C,0.0,NA,8.505203561658759e-23,1128,11184,96,0,0.09864603481624758,0.09161793372319688,1.0,0.9914893617021276,0.00851063829787234
96,YJL103C YPR163C,0.0,NA,8.701320693583944e-23,1128,11183,97,0,0.09872662798194713,0.09162537568028592,1.0,0.9914007092198581,0.008599290780141844
97,YMR235C YJL053W,0.0,NA,9.375051451764656e-23,1128,11182,98,0,0.09880722114764667,0.09163281884646629,1.0,0.9913120567375886,0.008687943262411348
98,YDR400W YGR183C,0.0,NA,9.416772727319985e-23,1128,11181,99,0,0.09888781431334623,0.09164026322203266,1.0,0.9912234042553192,0.008776595744680852
99,YBR191W YLR448W,0.0,NA,9.583984733500424e-23,1128,11180,100,0,0.09896840747904578,0.09164770880727982,1.0,0.9911347517730497,0.008865248226950355
100,YLR407W YEL018W,0.0,NA,1.0809776130372905e-22,1128,11179,101,0,0.09904900064474532,0.09165515560250265,1.0,0.9910460992907801,0.008953900709219859
101,YNL125C YOL139C,0.0,NA,1.0926480843780026e-22,1128,11178,102,0,0.09912959381044488,0.0916626036079961,1.0,0.9909574468085106,0.009042553191489361
102,YNL194C YOR315W,0.0,NA,1.1626032597110432e-22,1128,11177,103,0,0.09921018697614442,0.09167005282405526,1.0,0.9908687943262411,0.009131205673758865
103,YOR257W YBR189W,0.0,NA,1.237329844452095e-22,1128,11176,104,0,0.09929078014184398,0.09167750325097529,1.0,0.9907801418439717,0.009219858156028368
104,YDR171W YOL052C,0.0,NA,1.2455606298105538e-22,1128,11175,105,0,0.09937137330754352,0.09168495488905146,1.0,0.9906914893617021,0.009308510638297872
105,YPL005W YHR136C,0.0,NA,1.328028401277848e-22,1128,11174,106,0,0.09945196647324307,0.09169240773857909,1.0,0.9906028368794326,0.009397163120567376
106,YPL233W YOL123W,0.0,NA,1.401115922384468e-22,1128,11173,107,0,0.09953255963894261,0.09169986179985368,1.0,0.9905141843971631,0.00948581560283688
107,YDL170W YJR009C,0.0,NA,1.4818562777959454e-22,1128,11172,108,0,0.09961315280464217,0.09170731707317073,1.0,0.9904255319148936,0.009574468085106383
108,YLL019C YNL217W,0.0,NA,1.507824190400628e-22,1128,11171,109,0,0.09969374597034171,0.09171477355882592,1.0,0.9903368794326242,0.009663120567375887
109,YGL103W YKL220C,0.0,NA,1.528603796386108e-22,1128,11170,110,0,0.09977433913604127,0.09172223125711498,1.0,0.9902482269503546,0.00975177304964539
110,YMR123W YDR204W,0.0,NA,1.5445530492767389e-22,1128,11169,111,0,0.0998549323017408,0.09172969016833374,1.0,0.9901595744680851,0.009840425531914894
111,YER131W YEL012W,0.0,NA,1.5560081931447618e-22,1128,11168,112,0,0.09993552546744036,0.09173715029277814,1.0,0.9900709219858156,0.009929078014184398
112,YPL203W YNL217W,0.0,NA,1.57576190130022e-22,1128,11167,113,0,0.10001611863313992,0.09174461163074421,1.0,0.9899822695035461,0.010017730496453901
113,YBR132C YOR283W,0.0,NA,1.6180480012636872e-22,1128,11166,114,0,0.10009671179883946,0.09175207418252807,1.0,0.9898936170212767,0.010106382978723405
114,YHR110W YNL220W,0.0,NA,1.7595128496751608e-22,1128,11165,115,0,0.10017730496453901,0.09175953794842594,1.0,0.9898049645390071,0.010195035460992909
115,YPL250C YJR161C,0.0,NA,1.8030466120463255e-22,1128,11164,116,0,0.10025789813023855,0.09176700292873413,1.0,0.9897163120567376,0.01028368794326241
116,YJL020C YGR264C,0.0,NA,1.8316431354049493e-22,1128,11163,117,0,0.10033849129593811,0.09177446912374908,1.0,0.9896276595744681,0.010372340425531914
117,YBR189W YMR058W,0.0,NA,2.3344996795388244e-22,1128,11162,118,0,0.10041908446163765,0.09178193653376729,1.0,0.9895390070921986,0.010460992907801418
118,YOR059C YGR264C,0.0,NA,2.410719041548044e-22,1128,11161,119,0,0.1004996776273372,0.09178940515908536,1.0,0.989450354609929,0.010549645390070922
119,YFL054C YNL061W,0.0,NA,3.001676328883471e-22,1128,11160,120,0,0.10058027079303675,0.091796875,1.0,0.9893617021276596,0.010638297872340425
120,YOR223W YDR361C,0.0,NA,3.082439277271274e-22,1128,11159,121,0,0.1006608639587363,0.09180434605680801,1.0,0.9892730496453901,0.010726950354609929
121,YML008C YBR183W,0.0,NA,3.2708667193101096e-22,1128,11158,122,0,0.10074145712443584,0.09181181832980628,1.0,0.9891843971631206,0.010815602836879433
122,YHR071W YGR094W,0.0,NA,3.393543046660881e-22,1128,11157,123,0,0.1008220502901354,0.09181929181929183,1.0,0.989095744680851,0.010904255319148936
123,YMR230W YHR021C,0.0,NA,3.954519328194585e-22,1128,11156,124,0,0.10090264345583494,0.09182676652556171,1.0,0.9890070921985815,0.01099290780141844
124,YPR144C YHR050W,0.0,NA,4.998371127548257e-22,1128,11155,125,0,0.1009832366215345,0.09183424244891313,1.0,0.9889184397163121,0.011081560283687944
125,YJL066C YHR068W,0.0,NA,5.427584666280492e-22,1128,11154,126,0,0.10106382978723404,0.09184171958964338,1.0,0.9888297872340426,0.011170212765957447
126,YDR471W YPL239W,0.0,NA,5.474286746482514e-22,1128,11153,127,0,0.10114442295293359,0.09184919794804983,1.0,0.988741134751773,0.011258865248226951
127,YLR340W YDL238C,0.0,NA,5.889474969408644e-22,1128,11152,128,0,0.10122501611863315,0.09185667752442997,1.0,0.9886524822695035,0.011347517730496455
128,YLR291C YNL007C,0.0,NA,6.070149107817733e-22,1128,11151,129,0,0.10130560928433269,0.09186415831908136,1.0,0.988563829787234,0.011436170212765957
129,YMR004W YJL026W,0.0,NA,6.276444438686442e-22,1128,11150,130,0,0.10138620245003224,0.09187164033230168,1.0,0.9884751773049646,0.01152482269503546
130,YGR081C YLR034C,0.0,NA,6.35488826223064e-22,1128,11149,131,0,0.10146679561573178,0.0918791235643887,1.0,0.9883865248226951,0.011613475177304964
131,YLR208W YPR166C,0.0,NA,6.405854482724179e-22,1128,11148,132,0,0.10154738878143134,0.09188660801564028,1.0,0.9882978723404255,0.011702127659574468
132,YNL194C YIL115C,0.0,NA,7.065038772030361e-22,1128,11147,133,0,0.10162798194713088,0.09189409368635437,1.0,0.988209219858156,0.011790780141843971
133,YOR120W YHL011C,0.0,NA,7.212826119716128e-22,1128,11146,134,0,0.10170857511283043,0.09190158057682907,1.0,0.9881205673758865,0.011879432624113475
134,YJR074W YOR204W,0.0,NA,7.3791144644398615e-22,1128,11145,135,0,0.10178916827852998,0.0919090686873625,1.0,0.988031914893617,0.011968085106382979
135,YPR144C YNR047W,0.0,NA,7.706741398805866e-22,1128,11144,136,0,0.10186976144422953,0.09191655801825294,1.0,0.9879432624113476,0.012056737588652482
136,YLR258W YER002W,0.0,NA,8.078628857317797e-22,1128,11143,137,0,0.10195035460992907,0.09192404856979872,1.0,0.987854609929078,0.012145390070921986
137,YLR293C YHR002W,0.0,NA,1.099598087792519e-21,1128,11142,138,0,0.10203094777562863,0.09193154034229829,1.0,0.9877659574468085,0.01223404255319149
138,YPL053C YNL066W,0.0,NA,1.102622466907166e-21,1128,11141,139,0,0.10211154094132817,0.0919390333360502,1.0,0.987677304964539,0.012322695035460993
139,YKL150W YMR242C,0.0,NA,1.141148363547145e-21,1128,11140,140,0,0.10219213410702772,0.09194652755135312,1.0,0.9875886524822695,0.012411347517730497
140,YJL052W YOR283W,0.0,NA,1.1611900248656706e-21,1128,11139,141,0,0.10227272727272728,0.09195402298850575,1.0,0.9875,0.0125
141,YER150W YDR237W,0.0,NA,1.2646789830820599e-21,1128,11138,142,0,0.10235332043842682,0.09196151964780695,1.0,0.9874113475177305,0.012588652482269504
142,YDR055W YGR091W,0.0,NA,1.3172268633796806e-21,1128,11137,143,0,0.10243391360412638,0.09196901752955565,1.0,0.987322695035461,0.012677304964539006
143,YCR069W YJR055W,0.0,NA,1.3943504493129008e-21,1128,11136,144,0,0.10251450676982592,0.09197651663405088,1.0,0.9872340425531915,0.01276595744680851
144,YML057W YGR118W,0.0,NA,1.4884060952286868e-21,1128,11135,145,0,0.10259509993552547,0.09198401696159178,1.0,0.987145390070922,0.012854609929078014
145,YKR049C YDR165W,0.0,NA,1.589655041883934e-21,1128,11134,146,0,0.10267569310122501,0.09199151851247757,1.0,0.9870567375886525,0.012943262411347517
146,YPL149W YNL061W,0.0,NA,1.6622496322098737e-21,1128,11133,147,0,0.10275628626692457,0.09199902128700758,1.0,0.986968085106383,0.013031914893617021
147,YER131W YOR059C,0.0,NA,1.7045143004002678e-21,1128,11132,148,0,0.10283687943262411,0.09200652528548124,1.0,0.9868794326241135,0.013120567375886525
148,YNL274C YGR094W,0.0,NA,1.9253252777702185e-21,1128,11131,149,0,0.10291747259832366,0.09201403050819806,1.0,0.986790780141844,0.013209219858156028
149,YBR137W YGR082W,0.0,NA,1.9292366142213726e-21,1128,11130,150,0,0.1029980657640232,0.09202153695545766,1.0,0.9867021276595744,0.013297872340425532
150,YOR374W YJL138C,0.0,NA,2.0532385813026007e-21,1128,11129,151,0,0.10307865892972276,0.09202904462755976,1.0,0.9866134751773049,0.013386524822695036
151,YDR171W YJR014W,0.0,NA,2.203080854848483e-21,1128,11128,152,0,0.1031592520954223,0.09203655352480418,1.0,0.9865248226950355,0.01347517730496454
152,YDR471W YDR137W,0.0,NA,2.2165683820873937e-21,1128,11127,153,0,0.10323984526112186,0.09204406364749082,1.0,0.986436170212766,0.013563829787234043
153,YJL066C YPR163C,0.0,NA,2.231466114945801e-21,1128,11126,154,0,0.10332043842682141,0.0920515749959197,1.0,0.9863475177304964,0.013652482269503547
154,YNL068C YCR021C,0.0,NA,2.260665832906993e-21,1128,11125,155,0,0.10340103159252095,0.09205908757039093,1.0,0.9862588652482269,0.01374113475177305
155,YDR361C YIL112W,0.0,NA,2.3771238158665096e-21,1128,11124,156,0,0.10348162475822051,0.0920666013712047,1.0,0.9861702127659574,0.013829787234042552
156,YLR033W YBR301W,0.0,NA,2.6141381224474448e-21,1128,11123,157,0,0.10356221792392005,0.09207411639866134,1.0,0.986081560283688,0.013918439716312056
157,YGR214W YCR105W,0.0,NA,3.0559222417459107e-21,1128,11122,158,0,0.1036428110896196,0.09208163265306123,1.0,0.9859929078014185,0.01400709219858156
158,YLR245C YGR103W,0.0,NA,3.0875835086539798e-21,1128,11121,159,0,0.10372340425531915,0.09208915013470488,1.0,0.9859042553191489,0.014095744680851063
159,YNL027W YNL061W,0.0,NA,3.2628924841398032e-21,1128,11120,160,0,0.1038039974210187,0.09209666884389288,1.0,0.9858156028368794,0.014184397163120567
160,YFL034C-A YPR174C,0.0,NA,3.3407540904706247e-21,1128,11119,161,0,0.10388459058671824,0.09210418878092594,1.0,0.9857269503546099,0.01427304964539007
161,YLR316C YDR384C,0.0,NA,3.352819093238143e-21,1128,11118,162,0,0.1039651837524178,0.09211170994610485,1.0,0.9856382978723405,0.014361702127659574
162,YML023C YJL151C,0.0,NA,3.364015919869586e-21,1128,11117,163,0,0.10404577691811734,0.0921192323397305,1.0,0.985549645390071,0.014450354609929078
163,YGL083W YPL231W,0.0,NA,3.482658176634125e-21,1128,11116,164,0,0.1041263700838169,0.09212675596210389,1.0,0.9854609929078014,0.014539007092198582
164,YMR262W YGR233C,0.0,NA,3.989872565113284e-21,1128,11115,165,0,0.10420696324951643,0.09213428081352609,1.0,0.9853723404255319,0.014627659574468085
165,YNL301C YGL002W,0.0,NA,4.1349385572462045e-21,1128,11114,166,0,0.10428755641521599,0.09214180689429832,1.0,0.9852836879432624,0.014716312056737589
166,YMR300C YDR204W,0.0,NA,4.207383099917084e-21,1128,11113,167,0,0.10436814958091555,0.09214933420472184,1.0,0.985195035460993,0.014804964539007093
167,YDL083C YBR183W,0.0,NA,4.324296274551575e-21,1128,11112,168,0,0.10444874274661509,0.09215686274509804,1.0,0.9851063829787234,0.014893617021276596
168,YFL045C YOR119C,0.0,NA,4.351085536508999e-21,1128,11111,169,0,0.10452933591231464,0.09216439251572842,1.0,0.9850177304964539,0.0149822695035461
169,YKR056W YBR214W,0.0,NA,4.664064346228782e-21,1128,11110,170,0,0.10460992907801418,0.09217192351691453,1.0,0.9849290780141844,0.015070921985815602
170,YJR074W YMR242C,0.0,NA,4.690399224304799e-21,1128,11109,171,0,0.10469052224371374,0.09217945574895808,1.0,0.9848404255319149,0.015159574468085106
171,YOR040W YPL103C,0.0,NA,4.760429272004076e-21,1128,11108,172,0,0.10477111540941328,0.09218698921216084,1.0,0.9847517730496453,0.01524822695035461
172,YMR230W YDR330W,0.0,NA,5.548355963964914e-21,1128,11107,173,0,0.10485170857511283,0.09219452390682469,1.0,0.9846631205673759,0.015336879432624113
173,YLL008W YGR183C,0.0,NA,5.630079227442523e-21,1128,11106,174,0,0.10493230174081238,0.0922020598332516,1.0,0.9845744680851064,0.015425531914893617
174,YJL143W YKL168C,0.0,NA,5.915123323926952e-21,1128,11105,175,0,0.10501289490651193,0.09220959699174365,1.0,0.9844858156028369,0.01551418439716312
175,YMR221C YNL036W,0.0,NA,6.177302419602182e-21,1128,11104,176,0,0.10509348807221147,0.09221713538260301,1.0,0.9843971631205674,0.015602836879432624
176,YNL119W YOR337W,0.0,NA,6.526971213132667e-21,1128,11103,177,0,0.10517408123791103,0.09222467500613196,1.0,0.9843085106382978,0.015691489361702126
177,YKL064W YMR058W,0.0,NA,6.923240001953151e-21,1128,11102,178,0,0.10525467440361057,0.09223221586263287,1.0,0.9842198581560284,0.01578014184397163
178,YDR077W YMR267W,0.0,NA,7.098242823677102e-21,1128,11101,179,0,0.10533526756931012,0.09223975795240821,1.0,0.9841312056737589,0.015868794326241133
179,YPL265W YOR273C,0.0,NA,7.352986179568591e-21,1128,11100,180,0,0.10541586073500966,0.09224730127576054,1.0,0.9840425531914894,0.015957446808510637
180,YBL075C YLR150W,0.0,NA,8.952198530065655e-21,1128,11099,181,0,0.10549645390070922,0.09225484583299255,1.0,0.9839539007092198,0.01604609929078014
181,YGL205W YHR063C,0.0,NA,9.383433471224977e-21,1128,11098,182,0,0.10557704706640877,0.092262391624407,1.0,0.9838652482269503,0.016134751773049644
182,YKR076W YGL097W,0.0,NA,9.633293715004276e-21,1128,11097,183,0,0.10565764023210832,0.09226993865030675,1.0,0.9837765957446809,0.016223404255319148
183,YML075C YJR144W,0.0,NA,1.0140339274627943e-20,1128,11096,184,0,0.10573823339780787,0.09227748691099476,1.0,0.9836879432624114,0.016312056737588652
184,YMR083W YKR104W,0.0,NA,1.0893447640472694e-20,1128,11095,185,0,0.10581882656350741,0.09228503640677412,1.0,0.9835992907801419,0.016400709219858155
185,YOR294W YBR191W,0.0,NA,1.0965743549127256e-20,1128,11094,186,0,0.10589941972920697,0.09229258713794797,1.0,0.9835106382978723,0.01648936170212766
186,YKR094C YOL045W,0.0,NA,1.4202532789996364e-20,1128,11093,187,0,0.10598001289490651,0.09230013910481957,1.0,0.9834219858156028,0.016578014184397163
187,YJR072C YGR206W,0.0,NA,1.470297867617808e-20,1128,11092,188,0,0.10606060606060606,0.09230769230769231,1.0,0.9833333333333333,0.016666666666666666
188,YDR257C YJR009C,0.0,NA,1.4795306249705775e-20,1128,11091,189,0,0.1061411992263056,0.09231524674686963,1.0,0.9832446808510639,0.01675531914893617
189,YLR206W YGR264C,0.0,NA,1.49419240132808e-20,1128,11090,190,0,0.10622179239200516,0.0923228024226551,1.0,0.9831560283687943,0.016843971631205674
190,YLR348C YJL108C,0.0,NA,1.5613194005064653e-20,1128,11089,191,0,0.1063023855577047,0.09233035933535237,1.0,0.9830673758865248,0.016932624113475177
191,YML128C YBR191W,0.0,NA,1.5686922939506977e-20,1128,11088,192,0,0.10638297872340426,0.09233791748526522,1.0,0.9829787234042553,0.01702127659574468
192,YKL071W YIL166C,0.0,NA,1.570255051385312e-20,1128,11087,193,0,0.1064635718891038,0.09234547687269751,1.0,0.9828900709219858,0.017109929078014185
193,YNL036W YDR184C,0.0,NA,1.643467644179644e-20,1128,11086,194,0,0.10654416505480335,0.09235303749795316,1.0,0.9828014184397164,0.01719858156028369
194,YMR246W YHR009C,0.0,NA,1.775961621912752e-20,1128,11085,195,0,0.10662475822050291,0.09236059936133628,1.0,0.9827127659574468,0.017287234042553192
195,YNL121C YFL029C,0.0,NA,1.7924188002521494e-20,1128,11084,196,0,0.10670535138620245,0.092368162463151,1.0,0.9826241134751773,0.017375886524822696
196,YDR139C YPR125W,0.0,NA,1.8563844185269336e-20,1128,11083,197,0,0.106785944551902,0.09237572680370158,1.0,0.9825354609929078,0.0174645390070922
197,YLR045C YGL103W,0.0,NA,1.8764978321090433e-20,1128,11082,198,0,0.10686653771760155,0.09238329238329239,1.0,0.9824468085106383,0.017553191489361703
198,YGR105W YPR137W,0.0,NA,1.9068558452658796e-20,1128,11081,199,0,0.1069471308833011,0.09239085920222787,1.0,0.9823581560283688,0.017641843971631207
199,YIR002C YER061C,0.0,NA,1.9690226688257877e-20,1128,11080,200,0,0.10702772404900064,0.09239842726081259,1.0,0.9822695035460993,0.01773049645390071
200,YNL274C YJL076W,0.0,NA,2.0468894450354377e-20,1128,11079,201,0,0.1071083172147002,0.0924059965593512,1.0,0.9821808510638298,0.017819148936170214
201,YOR273C YLR167W,0.0,NA,2.0681279534975903e-20,1128,11078,202,0,0.10718891038039974,0.09241356709814845,1.0,0.9820921985815603,0.017907801418439718
202,YNL125C YKL009W,0.0,NA,2.1009847952744183e-20,1128,11077,203,0,0.10726950354609929,0.09242113887750922,1.0,0.9820035460992907,0.01799645390070922
203,YCR020C-A YGL070C,0.0,NA,2.142815415786453e-20,1128,11076,204,0,0.10735009671179883,0.09242871189773845,1.0,0.9819148936170212,0.018085106382978722
204,YLR291C YJL165C,0.0,NA,2.2528929604780872e-20,1128,11075,205,0,0.10743068987749839,0.09243628615914119,1.0,0.9818262411347518,0.018173758865248225
205,YPR151C YFL052W,0.0,NA,2.2558170116317195e-20,1128,11074,206,0,0.10751128304319793,0.09244386166202262,1.0,0.9817375886524823,0.01826241134751773
206,YDR377W YDR488C,0.0,NA,2.3023454364116872e-20,1128,11073,207,0,0.10759187620889749,0.09245143840668797,1.0,0.9816489361702128,0.018351063829787233
207,YNL014W YOL139C,0.0,NA,2.3646350445937712e-20,1128,11072,208,0,0.10767246937459704,0.09245901639344262,1.0,0.9815602836879432,0.018439716312056736
208,YDL104C YER151C,1.0,NA,2.4794683931314452e-20,1127,11072,208,1,0.10759187620889749,0.09238462169030248,0.999113475177305,0.9815602836879432,0.018439716312056736
209,YDR357C YCR011C,0.0,NA,2.518351051800266e-20,1127,11071,209,1,0.10767246937459704,0.09239219544187571,0.999113475177305,0.9814716312056737,0.01852836879432624
210,YNL027W YGR103W,0.0,NA,2.5944292114939834e-20,1127,11070,210,1,0.10775306254029658,0.09239977043535295,0.999113475177305,0.9813829787234043,0.018617021276595744
211,YDR341C YOR090C,0.0,NA,2.6119662482736745e-20,1127,11069,211,1,0.10783365570599614,0.09240734667103968,0.999113475177305,0.9812943262411348,0.018705673758865247
212,YDR184C YPL149W,0.0,NA,2.728549600794781e-20,1127,11068,212,1,0.10791424887169568,0.09241492414924149,0.999113475177305,0.9812056737588652,0.01879432624113475
213,YNL273W YPR184W,0.0,NA,3.200516886332518e-20,1127,11067,213,1,0.10799484203739523,0.09242250287026406,0.999113475177305,0.9811170212765957,0.018882978723404255
214,YHR071W YMR260C,0.0,NA,3.3706973420205124e-20,1127,11066,214,1,0.10807543520309477,0.09243008283441319,0.999113475177305,0.9810283687943262,0.01897163120567376
215,YOR014W YOL139C,0.0,NA,3.5584822044716815e-20,1127,11065,215,1,0.10815602836879433,0.09243766404199474,0.999113475177305,0.9809397163120568,0.019060283687943262
216,YER144C YMR150C,1.0,NA,3.559690663647833e-20,1126,11065,215,2,0.10807543520309477,0.09236321876794357,0.99822695035461,0.9809397163120568,0.019060283687943262
217,YDR377W YHR176W,0.0,NA,3.7754054733523113e-20,1126,11064,216,2,0.10815602836879433,0.09237079573420837,0.99822695035461,0.9808510638297873,0.019148936170212766
218,YDR005C YGR211W,0.0,NA,3.9344958927184134e-20,1126,11063,217,2,0.10823662153449387,0.09237837394371974,0.99822695035461,0.9807624113475177,0.01923758865248227
219,YKR049C YHR064C,0.0,NA,4.1553547318572057e-20,1126,11062,218,2,0.10831721470019343,0.09238595339678372,0.99822695035461,0.9806737588652482,0.019326241134751773
220,YPL115C YNL178W,0.0,NA,4.182357978330514e-20,1126,11061,219,2,0.10839780786589297,0.0923935340937064,0.99822695035461,0.9805851063829787,0.019414893617021277
221,YIL088C YDR165W,0.0,NA,4.2616597190324873e-20,1126,11060,220,2,0.10847840103159252,0.09240111603479402,0.99822695035461,0.9804964539007093,0.01950354609929078
222,YML076C YJL151C,0.0,NA,4.502480752797657e-20,1126,11059,221,2,0.10855899419729206,0.0924086992203529,0.99822695035461,0.9804078014184398,0.019592198581560284
223,YOR245C YIR012W,0.0,NA,4.5449832959986775e-20,1126,11058,222,2,0.10863958736299162,0.09241628365068943,0.99822695035461,0.9803191489361702,0.019680851063829788
224,YOR245C YDR519W,0.0,NA,4.5599358780402806e-20,1126,11057,223,2,0.10872018052869117,0.09242386932611016,0.99822695035461,0.9802304964539007,0.01976950354609929
225,YBR296C YMR121C,0.0,NA,4.590741247274492e-20,1126,11056,224,2,0.10880077369439071,0.09243145624692169,0.99822695035461,0.9801418439716312,0.019858156028368795
226,YBR189W YKL101W,0.0,NA,4.772777850703271e-20,1126,11055,225,2,0.10888136686009027,0.09243904441343075,0.99822695035461,0.9800531914893617,0.0199468085106383
227,YPR113W YLR240W,0.0,NA,4.948517864836417e-20,1126,11054,226,2,0.10896196002578981,0.09244663382594417,0.99822695035461,0.9799645390070922,0.020035460992907803
228,YKL126W YMR016C,0.0,NA,5.593838619193113e-20,1126,11053,227,2,0.10904255319148937,0.09245422448476887,0.99822695035461,0.9798758865248227,0.020124113475177306
229,YGL192W YOR253W,0.0,NA,5.633025008243106e-20,1126,11052,228,2,0.10912314635718891,0.09246181639021185,0.99822695035461,0.9797872340425532,0.02021276595744681
230,YOR273C YHR136C,0.0,NA,5.822110741454485e-20,1126,11051,229,2,0.10920373952288846,0.09246940954258027,0.99822695035461,0.9796985815602837,0.020301418439716314
231,YKL093W YBL018C,0.0,NA,5.874694225253569e-20,1126,11050,230,2,0.109284332688588,0.09247700394218134,0.99822695035461,0.9796099290780141,0.020390070921985817
232,YJL066C YDR385W,0.0,NA,5.909961199916738e-20,1126,11049,231,2,0.10936492585428756,0.09248459958932238,0.99822695035461,0.9795212765957447,0.020478723404255317
233,YGR106C YMR272C,0.0,NA,6.134847051545471e-20,1126,11048,232,2,0.1094455190199871,0.09249219648431083,0.99822695035461,0.9794326241134752,0.02056737588652482
234,YLR245C YGR200C,0.0,NA,6.135502333686978e-20,1126,11047,233,2,0.10952611218568666,0.0924997946274542,0.99822695035461,0.9793439716312057,0.020656028368794325
235,YDR315C YPL112C,0.0,NA,6.314153958952825e-20,1126,11046,234,2,0.1096067053513862,0.09250739401906014,0.99822695035461,0.9792553191489362,0.02074468085106383
236,YDR171W YOR101W,0.0,NA,6.413538417081365e-20,1126,11045,235,2,0.10968729851708575,0.09251499465943637,0.99822695035461,0.9791666666666666,0.020833333333333332
237,YAL048C YDR460W,0.0,NA,6.535495212409798e-20,1126,11044,236,2,0.10976789168278529,0.09252259654889071,0.99822695035461,0.9790780141843972,0.020921985815602836
238,YMR217W YDR007W,0.0,NA,6.667168148761462e-20,1126,11043,237,2,0.10984848484848485,0.09253019968773112,0.99822695035461,0.9789893617021277,0.02101063829787234
239,YER131W YPL120W,0.0,NA,7.197853625563099e-20,1126,11042,238,2,0.1099290780141844,0.09253780407626562,0.99822695035461,0.9789007092198582,0.021099290780141843
240,YML063W YNL039W,0.0,NA,7.389996049631804e-20,1126,11041,239,2,0.11000967117988394,0.09254540971480234,0.99822695035461,0.9788120567375886,0.021187943262411347
241,YEL003W YPL048W,0.0,NA,7.428690007723386e-20,1126,11040,240,2,0.1100902643455835,0.09255301660364952,0.99822695035461,0.9787234042553191,0.02127659574468085
242,YPL110C YBR201W,0.0,NA,7.854945224659911e-20,1126,11039,241,2,0.11017085751128304,0.0925606247431155,0.99822695035461,0.9786347517730496,0.021365248226950354
243,YNL036W YNL022C,0.0,NA,7.896916885928734e-20,1126,11038,242,2,0.1102514506769826,0.09256823413350872,0.99822695035461,0.9785460992907802,0.021453900709219858
244,YDR162C YLR407W,0.0,NA,8.24495312866042e-20,1126,11037,243,2,0.11033204384268214,0.09257584477513771,0.99822695035461,0.9784574468085107,0.02154255319148936
245,YDR317W YDL174C,0.0,NA,8.3641931526645e-20,1126,11036,244,2,0.11041263700838169,0.09258345666831114,0.99822695035461,0.9783687943262411,0.021631205673758865
246,YGL004C YAR066W,0.0,NA,8.561172644612079e-20,1126,11035,245,2,0.11049323017408123,0.09259106981333771,0.99822695035461,0.9782801418439716,0.02171985815602837
247,YHL037C YOL039W,0.0,NA,8.989983720394422e-20,1126,11034,246,2,0.11057382333978079,0.09259868421052632,0.99822695035461,0.9781914893617021,0.021808510638297873
248,YML128C YGL236C,0.0,NA,9.029715531660817e-20,1126,11033,247,2,0.11065441650548033,0.09260629986018587,0.99822695035461,0.9781028368794327,0.021897163120567376
249,YPL081W YHR037W,0.0,NA,9.312689495571233e-20,1126,11032,248,2,0.11073500967117988,0.09261391676262543,0.99822695035461,0.9780141843971631,0.02198581560283688
250,YJR041C YAL044C,0.0,NA,9.439337309701637e-20,1126,11031,249,2,0.11081560283687943,0.09262153491815416,0.99822695035461,0.9779255319148936,0.022074468085106384
251,YLR208W YCR097W,0.0,NA,9.640320226567002e-20,1126,11030,250,2,0.11089619600257898,0.09262915432708127,0.99822695035461,0.9778368794326241,0.022163120567375887
252,YNL301C YML091C,0.0,NA,9.70670664060321e-20,1126,11029,251,2,0.11097678916827854,0.09263677498971616,0.99822695035461,0.9777482269503546,0.02225177304964539
253,YDR516C YKR056W,0.0,NA,1.0090066726665179e-19,1126,11028,252,2,0.11105738233397808,0.09264439690636828,0.99822695035461,0.9776595744680852,0.022340425531914895
254,YHR071W YNL185C,0.0,NA,1.0180226182259191e-19,1126,11027,253,2,0.11113797549967763,0.09265202007734716,0.99822695035461,0.9775709219858156,0.0224290780141844
255,YJL066C YDL148C,0.0,NA,1.091171039899293e-19,1126,11026,254,2,0.11121856866537717,0.09265964450296248,0.99822695035461,0.9774822695035461,0.022517730496453902
256,YDR460W YMR121C,0.0,NA,1.144069757059942e-19,1126,11025,255,2,0.11129916183107673,0.09266727018352398,0.99822695035461,0.9773936170212766,0.022606382978723406
257,YGR105W YGL257C,0.0,NA,1.1463545850081783e-19,1126,11024,256,2,0.11137975499677627,0.09267489711934157,0.99822695035461,0.9773049645390071,0.02269503546099291
258,YBR175W YBR191W,0.0,NA,1.19273886710406e-19,1126,11023,257,2,0.11146034816247583,0.09268252531072516,0.99822695035461,0.9772163120567375,0.022783687943262413
259,YGR096W YKL007W,0.0,NA,1.2003295416939411e-19,1126,11022,258,2,0.11154094132817537,0.09269015475798485,0.99822695035461,0.9771276595744681,0.022872340425531913
260,YAL044C YBL046W,0.0,NA,1.2168947381891105e-19,1126,11021,259,2,0.11162153449387492,0.0926977854614308,0.99822695035461,0.9770390070921986,0.022960992907801417
261,YKL180W YPL120W,0.0,NA,1.245785830540115e-19,1126,11020,260,2,0.11170212765957446,0.0927054174213733,0.99822695035461,0.9769503546099291,0.02304964539007092
262,YNL107W YIL103W,0.0,NA,1.256716246853179e-19,1126,11019,261,2,0.11178272082527402,0.09271305063812268,0.99822695035461,0.9768617021276595,0.023138297872340424
263,YPR163C YMR087W,0.0,NA,1.2660027709457645e-19,1126,11018,262,2,0.11186331399097356,0.09272068511198946,0.99822695035461,0.97677304964539,0.023226950354609928
264,YPR162C YOR310C,0.0,NA,1.285831453451397e-19,1126,11017,263,2,0.11194390715667311,0.0927283208432842,0.99822695035461,0.9766843971631206,0.02331560283687943
265,YDR244W YMR142C,0.0,NA,1.410782771844243e-19,1126,11016,264,2,0.11202450032237267,0.09273595783231757,0.99822695035461,0.9765957446808511,0.023404255319148935
266,YMR083W YHR094C,0.0,NA,1.4239808262584388e-19,1126,11015,265,2,0.11210509348807221,0.09274359607940037,0.99822695035461,0.9765070921985816,0.02349290780141844
267,YBR132C YFL045C,0.0,NA,1.4361021241596377e-19,1126,11014,266,2,0.11218568665377177,0.0927512355848435,0.99822695035461,0.976418439716312,0.023581560283687943
268,YER020W YBR191W,0.0,NA,1.4416790016988644e-19,1126,11013,267,2,0.1122662798194713,0.09275887634895791,0.99822695035461,0.9763297872340425,0.023670212765957446
269,YBR248C YMR095C,0.0,NA,1.468869074668336e-19,1126,11012,268,2,0.11234687298517086,0.0927665183720547,0.99822695035461,0.9762411347517731,0.02375886524822695
270,YDR451C YNL156C,0.0,NA,1.55454508209534e-19,1126,11011,269,2,0.1124274661508704,0.09277416165444509,0.99822695035461,0.9761524822695036,0.023847517730496454
271,YJL030W YDR281C,0.0,NA,1.5642532098063863e-19,1126,11010,270,2,0.11250805931656996,0.09278180619644034,0.99822695035461,0.976063829787234,0.023936170212765957
272,YFL027C YJL185C,0.0,NA,1.566719629748472e-19,1126,11009,271,2,0.1125886524822695,0.09278945199835187,0.99822695035461,0.9759751773049645,0.02402482269503546
273,YIR032C YOR272W,0.0,NA,1.5714482594189198e-19,1126,11008,272,2,0.11266924564796905,0.09279709906049118,0.99822695035461,0.975886524822695,0.024113475177304965
274,YPL081W YBR169C,0.0,NA,1.620342129945105e-19,1126,11007,273,2,0.1127498388136686,0.09280474738316986,0.99822695035461,0.9757978723404256,0.02420212765957447
275,YER110C YCL044C,0.0,NA,1.687050110444444e-19,1126,11006,274,2,0.11283043197936815,0.09281239696669964,0.99822695035461,0.9757092198581561,0.024290780141843972
276,YLR284C YML002W,0.0,NA,1.732844897106911e-19,1126,11005,275,2,0.11291102514506769,0.0928200478113923,0.99822695035461,0.9756205673758865,0.024379432624113476
277,YDR331W YJL172W,1.0,NA,1.7869238976040965e-19,1125,11005,275,3,0.11283043197936815,0.09274525968672712,0.9973404255319149,0.9756205673758865,0.024379432624113476
278,YKL073W YBR169C,0.0,NA,1.8590924333690218e-19,1125,11004,276,3,0.11291102514506769,0.0927529062577294,0.9973404255319149,0.975531914893617,0.02446808510638298
279,YML008C YPR166C,0.0,NA,1.866368650079162e-19,1125,11003,277,3,0.11299161831076725,0.09276055408970976,0.9973404255319149,0.9754432624113475,0.024556737588652483
280,YGR213C YOL070C,0.0,NA,1.8813010695933341e-19,1125,11002,278,3,0.1130722114764668,0.09276820318298012,0.9973404255319149,0.975354609929078,0.024645390070921987
281,YNL305C YBR268W,0.0,NA,1.8990168226217765e-19,1125,11001,279,3,0.11315280464216634,0.09277585353785255,0.9973404255319149,0.9752659574468086,0.02473404255319149
282,YMR246W YGR088W,0.0,NA,2.0951593111870282e-19,1125,11000,280,3,0.1132333978078659,0.09278350515463918,0.9973404255319149,0.975177304964539,0.024822695035460994
283,YGR200C YIL166C,0.0,NA,2.1182315756696343e-19,1125,10999,281,3,0.11331399097356544,0.09279115803365226,0.9973404255319149,0.9750886524822695,0.024911347517730498
284,YNL273W YCR021C,0.0,NA,2.1196380412049158e-19,1125,10998,282,3,0.113394584139265,0.09279881217520415,0.9973404255319149,0.975,0.025
285,YMR202W YLL039C,0.0,NA,2.1389291855593596e-19,1125,10997,283,3,0.11347517730496454,0.09280646757960732,0.9973404255319149,0.9749113475177305,0.025088652482269505
286,YCR021C YMR125W,0.0,NA,2.1796519333501987e-19,1125,10996,284,3,0.11355577047066409,0.09281412424717432,0.9973404255319149,0.974822695035461,0.02517730496453901
287,YLR227C YLR407W,0.0,NA,2.188825624837353e-19,1125,10995,285,3,0.11363636363636363,0.09282178217821782,0.9973404255319149,0.9747340425531915,0.02526595744680851
288,YHR033W YJR120W,0.0,NA,2.235234076116758e-19,1125,10994,286,3,0.11371695680206319,0.09282944137305058,0.9973404255319149,0.974645390070922,0.025354609929078013
289,YMR230W YLR223C,0.0,NA,2.2668683061741414e-19,1125,10993,287,3,0.11379754996776273,0.09283710183198547,0.9973404255319149,0.9745567375886525,0.025443262411347516
290,YER150W YBR266C,0.0,NA,2.3142869517766265e-19,1125,10992,288,3,0.11387814313346228,0.09284476355533548,0.9973404255319149,0.9744680851063829,0.02553191489361702
291,YDR392W YDR361C,0.0,NA,2.345992784655784e-19,1125,10991,289,3,0.11395873629916183,0.09285242654341366,0.9973404255319149,0.9743794326241135,0.025620567375886524
292,YGR088W YPR035W,0.0,NA,2.3672895835017275e-19,1125,10990,290,3,0.11403932946486138,0.09286009079653322,0.9973404255319149,0.974290780141844,0.025709219858156027
293,YDR451C YBR302C,0.0,NA,2.3743438831631562e-19,1125,10989,291,3,0.11411992263056092,0.09286775631500743,0.9973404255319149,0.9742021276595745,0.02579787234042553
294,YJL145W YER059W,0.0,NA,2.451957723051124e-19,1125,10988,292,3,0.11420051579626048,0.09287542309914967,0.9973404255319149,0.974113475177305,0.025886524822695035
295,YHR143W YDR516C,0.0,NA,2.573494594971716e-19,1125,10987,293,3,0.11428110896196003,0.09288309114927344,0.9973404255319149,0.9740248226950354,0.02597517730496454
296,YML073C YOL111C,0.0,NA,2.6709320767334585e-19,1125,10986,294,3,0.11436170212765957,0.09289076046569235,0.9973404255319149,0.9739361702127659,0.026063829787234042
297,YFL062W YDL174C,0.0,NA,2.738582526143225e-19,1125,10985,295,3,0.11444229529335913,0.09289843104872006,0.9973404255319149,0.9738475177304965,0.026152482269503546
298,YGR229C YHR102W,0.0,NA,2.781560245832066e-19,1125,10984,296,3,0.11452288845905867,0.0929061028986704,0.9973404255319149,0.973758865248227,0.02624113475177305
299,YLR157C YHR127W,0.0,NA,2.875236899240048e-19,1125,10983,297,3,0.11460348162475822,0.09291377601585729,0.9973404255319149,0.9736702127659574,0.026329787234042553
300,YPR043W YJL108C,0.0,NA,2.87616928688676e-19,1125,10982,298,3,0.11468407479045777,0.0929214504005947,0.9973404255319149,0.9735815602836879,0.026418439716312057
301,YLR348C YLR283W,0.0,NA,2.8839147993475535e-19,1125,10981,299,3,0.11476466795615732,0.09292912605319677,0.9973404255319149,0.9734929078014184,0.02650709219858156
302,YLR355C YNL215W,0.0,NA,3.001749521039088e-19,1125,10980,300,3,0.11484526112185686,0.09293680297397769,0.9973404255319149,0.973404255319149,0.026595744680851064
303,YCR021C YMR086W,0.0,NA,3.0294272428290537e-19,1125,10979,301,3,0.11492585428755642,0.09294448116325182,0.9973404255319149,0.9733156028368795,0.026684397163120568
304,YPL081W YNL042W,0.0,NA,3.1510551046170266e-19,1125,10978,302,3,0.11500644745325596,0.09295216062133356,0.9973404255319149,0.9732269503546099,0.02677304964539007
305,YDR541C YIL155C,0.0,NA,3.167276374923133e-19,1125,10977,303,3,0.11508704061895551,0.09295984134853744,0.9973404255319149,0.9731382978723404,0.026861702127659575
306,YMR184W YCR031C,0.0,NA,3.237862281531697e-19,1125,10976,304,3,0.11516763378465505,0.09296752334517809,0.9973404255319149,0.9730496453900709,0.02695035460992908
307,YLR061W YBR273C,0.0,NA,3.4557439813236373e-19,1125,10975,305,3,0.11524822695035461,0.09297520661157024,0.9973404255319149,0.9729609929078015,0.027039007092198582
308,YKL073W YNL160W,0.0,NA,3.49210709954541e-19,1125,10974,306,3,0.11532882011605416,0.09298289114802877,0.9973404255319149,0.972872340425532,0.027127659574468086
309,YDR331W YIR039C,1.0,NA,3.5098160024844045e-19,1124,10974,306,4,0.11524822695035461,0.09290791866424203,0.9964539007092199,0.972872340425532,0.027127659574468086
310,YDL083C YHR037W,0.0,NA,3.600595197302978e-19,1124,10973,307,4,0.11532882011605416,0.09291559890882037,0.9964539007092199,0.9727836879432624,0.02721631205673759
311,YOR374W YPL241C,0.0,NA,3.7193147437560027e-19,1124,10972,308,4,0.1154094132817537,0.09292328042328042,0.9964539007092199,0.9726950354609929,0.027304964539007093
312,YGL248W YOL052C,0.0,NA,3.7469412837455667e-19,1124,10971,309,4,0.11549000644745326,0.09293096320793716,0.9964539007092199,0.9726063829787234,0.027393617021276597
313,YKL207W YJL171C,0.0,NA,3.7728589202883844e-19,1124,10970,310,4,0.1155705996131528,0.09293864726310568,0.9964539007092199,0.9725177304964538,0.0274822695035461
314,YIL074C YHR021C,0.0,NA,3.8417429027866206e-19,1124,10969,311,4,0.11565119277885236,0.09294633258910114,0.9964539007092199,0.9724290780141844,0.027570921985815604
315,YDL174C YJR094W-A,0.0,NA,3.8968566545313218e-19,1124,10968,312,4,0.1157317859445519,0.09295401918623883,0.9964539007092199,0.9723404255319149,0.027659574468085105
316,YDR384C YOR303W,0.0,NA,3.911526185707067e-19,1124,10967,313,4,0.11581237911025145,0.09296170705483417,0.9964539007092199,0.9722517730496454,0.02774822695035461
317,YJL091C YKL009W,0.0,NA,4.1948709591764538e-19,1124,10966,314,4,0.115892972275951,0.09296939619520264,0.9964539007092199,0.9721631205673759,0.027836879432624112
318,YDL170W YHR094C,0.0,NA,4.377177171786137e-19,1124,10965,315,4,0.11597356544165055,0.09297708660765985,0.9964539007092199,0.9720744680851063,0.027925531914893616
319,YPR194C YDL148C,0.0,NA,4.418699570584767e-19,1124,10964,316,4,0.11605415860735009,0.09298477829252151,0.9964539007092199,0.9719858156028369,0.02801418439716312
320,YNL064C YNL309W,0.0,NA,4.455496700134189e-19,1124,10963,317,4,0.11613475177304965,0.09299247125010342,0.9964539007092199,0.9718971631205674,0.028102836879432623
321,YOR245C YHR136C,0.0,NA,4.464837637201444e-19,1124,10962,318,4,0.11621534493874919,0.0930001654807215,0.9964539007092199,0.9718085106382979,0.028191489361702127
322,YBR193C YJL121C,0.0,NA,4.469881887974369e-19,1124,10961,319,4,0.11629593810444874,0.09300786098469177,0.9964539007092199,0.9717198581560283,0.02828014184397163
323,YGL095C YMR217W,0.0,NA,4.60878153944639e-19,1124,10960,320,4,0.1163765312701483,0.09301555776233035,0.9964539007092199,0.9716312056737588,0.028368794326241134
324,YMR230W YPR137W,0.0,NA,4.762850132388986e-19,1124,10959,321,4,0.11645712443584784,0.09302325581395349,0.9964539007092199,0.9715425531914894,0.028457446808510638
325,YDR244W YGL103W,0.0,NA,4.827456557144557e-19,1124,10958,322,4,0.1165377176015474,0.0930309551398775,0.9964539007092199,0.9714539007092199,0.02854609929078014
326,YOR110W YLR355C,0.0,NA,4.843005484709023e-19,1124,10957,323,4,0.11661831076724694,0.09303865574041884,0.9964539007092199,0.9713652482269504,0.028634751773049645
327,YHL024W YKL009W,0.0,NA,4.987921841161602e-19,1124,10956,324,4,0.11669890393294649,0.09304635761589404,0.9964539007092199,0.9712765957446808,0.02872340425531915
328,YDR005C YNL022C,0.0,NA,5.076665396191471e-19,1124,10955,325,4,0.11677949709864603,0.09305406076661975,0.9964539007092199,0.9711879432624113,0.028812056737588652
329,YDL217C YMR202W,0.0,NA,5.104940497480065e-19,1124,10954,326,4,0.11686009026434559,0.09306176519291273,0.9964539007092199,0.9710992907801419,0.028900709219858156
330,YGL029W YGR156W,0.0,NA,5.108330387027884e-19,1124,10953,327,4,0.11694068343004513,0.09306947089508984,0.9964539007092199,0.9710106382978724,0.02898936170212766
331,YPR043W YKL007W,0.0,NA,5.326493586722033e-19,1124,10952,328,4,0.11702127659574468,0.09307717787346803,0.9964539007092199,0.9709219858156029,0.029078014184397163
332,YDR007W YOR310C,0.0,NA,5.599007722539745e-19,1124,10951,329,4,0.11710186976144422,0.0930848861283644,0.9964539007092199,0.9708333333333333,0.029166666666666667
333,YHR058C YHL037C,0.0,NA,5.826089997188748e-19,1124,10950,330,4,0.11718246292714378,0.09309259566009608,0.9964539007092199,0.9707446808510638,0.02925531914893617
334,YJL052W YKL096W,0.0,NA,5.873800740945041e-19,1124,10949,331,4,0.11726305609284332,0.09310030646898038,0.9964539007092199,0.9706560283687943,0.029343971631205674
335,YDR299W YOR264W,0.0,NA,6.14503895066789e-19,1124,10948,332,4,0.11734364925854288,0.09310801855533465,0.9964539007092199,0.9705673758865249,0.029432624113475178
336,YHR021C YNL061W,0.0,NA,6.197134268658597e-19,1124,10947,333,4,0.11742424242424243,0.09311573191947643,0.9964539007092199,0.9704787234042553,0.029521276595744682
337,YPL271W YNL202W,0.0,NA,6.253248650450546e-19,1124,10946,334,4,0.11750483558994197,0.09312344656172328,0.9964539007092199,0.9703900709219858,0.029609929078014185
338,YJL108C YOL139C,0.0,NA,6.337201795757967e-19,1124,10945,335,4,0.11758542875564153,0.0931311624823929,0.9964539007092199,0.9703014184397163,0.02969858156028369
339,YER081W YIL115C,0.0,NA,6.377653512651224e-19,1124,10944,336,4,0.11766602192134107,0.09313887968180312,0.9964539007092199,0.9702127659574468,0.029787234042553193
340,YDR281C YDR192C,0.0,NA,6.393145571548577e-19,1124,10943,337,4,0.11774661508704062,0.09314659816027182,0.9964539007092199,0.9701241134751774,0.029875886524822697
341,YDR077W YMR121C,0.0,NA,6.414985207671508e-19,1124,10942,338,4,0.11782720825274016,0.09315431791811703,0.9964539007092199,0.9700354609929078,0.0299645390070922
342,YOR022C YOR101W,0.0,NA,6.438790948712901e-19,1124,10941,339,4,0.11790780141843972,0.09316203895565686,0.9964539007092199,0.9699468085106383,0.0300531914893617
343,YPL094C YML107C,0.0,NA,6.502871079803736e-19,1124,10940,340,4,0.11798839458413926,0.09316976127320956,0.9964539007092199,0.9698581560283688,0.030141843971631204
344,YFL034C-A YPR184W,0.0,NA,6.524762414714952e-19,1124,10939,341,4,0.11806898774983882,0.09317748487109342,0.9964539007092199,0.9697695035460993,0.030230496453900708
345,YER131W YDL064W,0.0,NA,6.617659450395602e-19,1124,10938,342,4,0.11814958091553836,0.09318520974962692,0.9964539007092199,0.9696808510638298,0.03031914893617021
346,YLR037C YBR301W,0.0,NA,6.676588314221763e-19,1124,10937,343,4,0.11823017408123791,0.0931929359091286,0.9964539007092199,0.9695921985815603,0.030407801418439715
347,YLR340W YHR059W,0.0,NA,6.845460855189643e-19,1124,10936,344,4,0.11831076724693745,0.09320066334991708,0.9964539007092199,0.9695035460992908,0.03049645390070922
348,YDR005C YOR051C,0.0,NA,6.934692446780918e-19,1124,10935,345,4,0.11839136041263701,0.09320839207231113,0.9964539007092199,0.9694148936170213,0.030585106382978722
349,YHR112C YBR105C,0.0,NA,6.962869320371772e-19,1124,10934,346,4,0.11847195357833655,0.09321612207662962,0.9964539007092199,0.9693262411347517,0.030673758865248226
350,YLR167W YOL045W,0.0,NA,6.983111980924593e-19,1124,10933,347,4,0.1185525467440361,0.09322385336319151,0.9964539007092199,0.9692375886524822,0.03076241134751773
351,YER131W YGL094C,0.0,NA,7.419461127779737e-19,1124,10932,348,4,0.11863313990973566,0.09323158593231586,0.9964539007092199,0.9691489361702128,0.030851063829787233
352,YGL030W YMR309C,0.0,NA,7.419800788818767e-19,1124,10931,349,4,0.1187137330754352,0.09323931978432186,0.9964539007092199,0.9690602836879433,0.030939716312056737
353,YGL257C YCR052W,0.0,NA,7.539635995122973e-19,1124,10930,350,4,0.11879432624113476,0.09324705491952878,0.9964539007092199,0.9689716312056738,0.03102836879432624
354,YJL210W YGR081C,0.0,NA,8.012838106218886e-19,1124,10929,351,4,0.1188749194068343,0.09325479133825604,0.9964539007092199,0.9688829787234042,0.031117021276595744
355,YDR392W YOR101W,0.0,NA,8.058604458547797e-19,1124,10928,352,4,0.11895551257253385,0.0932625290408231,0.9964539007092199,0.9687943262411347,0.031205673758865248
356,YFL041W YHR063C,0.0,NA,8.248260946381838e-19,1124,10927,353,4,0.1190361057382334,0.09327026802754958,0.9964539007092199,0.9687056737588653,0.03129432624113475
357,YMR121C YGR103W,0.0,NA,8.416527577551023e-19,1124,10926,354,4,0.11911669890393295,0.09327800829875518,0.9964539007092199,0.9686170212765958,0.03138297872340425
358,YMR140W YDR384C,0.0,NA,8.422276482808267e-19,1124,10925,355,4,0.11919729206963249,0.09328574985475974,0.9964539007092199,0.9685283687943262,0.031471631205673756
359,YNL066W YDL139C,0.0,NA,8.560066161295819e-19,1124,10924,356,4,0.11927788523533205,0.09329349269588313,0.9964539007092199,0.9684397163120567,0.03156028368794326
360,YIL074C YLR435W,0.0,NA,8.681345314756812e-19,1124,10923,357,4,0.11935847840103159,0.09330123682244543,0.9964539007092199,0.9683510638297872,0.03164893617021276
361,YHR096C YMR242C,0.0,NA,8.694900737045025e-19,1124,10922,358,4,0.11943907156673114,0.09330898223476673,0.9964539007092199,0.9682624113475178,0.03173758865248227
362,YNL305C YML023C,0.0,NA,8.787297845442964e-19,1124,10921,359,4,0.11951966473243068,0.0933167289331673,0.9964539007092199,0.9681737588652483,0.03182624113475177
363,YHL023C YDR087C,0.0,NA,8.979534619800287e-19,1124,10920,360,4,0.11960025789813024,0.09332447691796746,0.9964539007092199,0.9680851063829787,0.031914893617021274
364,YDR137W YLR075W,0.0,NA,9.092663976276102e-19,1124,10919,361,4,0.1196808510638298,0.09333222618948767,0.9964539007092199,0.9679964539007092,0.03200354609929078
365,YKL221W YNL119W,0.0,NA,9.429947905020365e-19,1124,10918,362,4,0.11976144422952933,0.0933399767480485,0.9964539007092199,0.9679078014184397,0.03209219858156028
366,YPR010C YPR151C,0.0,NA,9.575196684681614e-19,1124,10917,363,4,0.11984203739522889,0.0933477285939706,0.9964539007092199,0.9678191489361702,0.032180851063829785
367,YDR087C YHR096C,0.0,NA,9.947708167762979e-19,1124,10916,364,4,0.11992263056092843,0.09335548172757475,0.9964539007092199,0.9677304964539007,0.03226950354609929
368,YKR094C YOL161C,0.0,NA,1.0283744087758052e-18,1124,10915,365,4,0.12000322372662799,0.09336323614918182,0.9964539007092199,0.9676418439716312,0.03235815602836879
369,YJR072C YLR414C,0.0,NA,1.0598453223609977e-18,1124,10914,366,4,0.12008381689232753,0.09337099185911281,0.9964539007092199,0.9675531914893617,0.032446808510638296
370,YOL144W YPR184W,0.0,NA,1.0701930416313064e-18,1124,10913,367,4,0.12016441005802708,0.09337874885768879,0.9964539007092199,0.9674645390070922,0.0325354609929078
371,YER144C YML055W,1.0,NA,1.1268060065374716e-18,1123,10913,367,5,0.12008381689232753,0.09330342306414091,0.9955673758865248,0.9674645390070922,0.0325354609929078
372,YGR081C YER020W,0.0,NA,1.1287462620617913e-18,1123,10912,368,5,0.12016441005802708,0.09331117573743249,0.9955673758865248,0.9673758865248226,0.032624113475177303
373,YIR014W YNL062C,0.0,NA,1.1348165269870116e-18,1123,10911,369,5,0.12024500322372662,0.09331892969918563,0.9955673758865248,0.9672872340425532,0.03271276595744681
374,YFL045C YLR364W,0.0,NA,1.146442653894021e-18,1123,10910,370,5,0.12032559638942618,0.0933266849497216,0.9955673758865248,0.9671985815602837,0.03280141843971631
375,YGL065C YMR242C,0.0,NA,1.1977001413217882e-18,1123,10909,371,5,0.12040618955512572,0.09333444148936171,0.9955673758865248,0.9671099290780142,0.032890070921985815
376,YOR040W YOR125C,0.0,NA,1.2007376519286595e-18,1123,10908,372,5,0.12048678272082528,0.0933421993184274,0.9955673758865248,0.9670212765957447,0.03297872340425532
377,YKL039W YNL178W,0.0,NA,1.26819299011144e-18,1123,10907,373,5,0.12056737588652482,0.09334995843724023,0.9955673758865248,0.9669326241134751,0.03306737588652482
378,YMR158W YGL103W,0.0,NA,1.2818015587540093e-18,1123,10906,374,5,0.12064796905222437,0.09335771884612187,0.9955673758865248,0.9668439716312057,0.033156028368794326
379,YGR214W YOR254C,0.0,NA,1.2870197242507236e-18,1123,10905,375,5,0.12072856221792393,0.09336548054539408,0.9955673758865248,0.9667553191489362,0.03324468085106383
380,YDR324C YDR479C,0.0,NA,1.2898852846877604e-18,1123,10904,376,5,0.12080915538362347,0.09337324353537874,0.9955673758865248,0.9666666666666667,0.03333333333333333
381,YDR471W YIR002C,0.0,NA,1.3088591535785017e-18,1123,10903,377,5,0.12088974854932302,0.0933810078163978,0.9955673758865248,0.9665780141843971,0.03342198581560284
382,YKL180W YGR103W,0.0,NA,1.3509993528971329e-18,1123,10902,378,5,0.12097034171502256,0.09338877338877338,0.9955673758865248,0.9664893617021276,0.03351063829787234
383,YER053C YNL199C,0.0,NA,1.3632013009080557e-18,1123,10901,379,5,0.12105093488072212,0.09339654025282768,0.9955673758865248,0.9664007092198581,0.033599290780141844
384,YDR044W YDR479C,0.0,NA,1.3861218552964407e-18,1123,10900,380,5,0.12113152804642166,0.09340430840888297,0.9955673758865248,0.9663120567375887,0.03368794326241135
385,YNL240C YDL170W,0.0,NA,1.4011937064426163e-18,1123,10899,381,5,0.12121212121212122,0.09341207785726169,0.9955673758865248,0.9662234042553192,0.03377659574468085
386,YMR325W YDL198C,0.0,NA,1.4057336872346136e-18,1123,10898,382,5,0.12129271437782076,0.09341984859828634,0.9955673758865248,0.9661347517730496,0.033865248226950355
387,YKR024C YDR162C,0.0,NA,1.4420591170397266e-18,1123,10897,383,5,0.12137330754352031,0.09342762063227954,0.9955673758865248,0.9660460992907801,0.03395390070921986
388,YHR112C YBR189W,0.0,NA,1.4486644644236923e-18,1123,10896,384,5,0.12145390070921985,0.09343539395956402,0.9955673758865248,0.9659574468085106,0.03404255319148936
389,YNL121C YLR355C,0.0,NA,1.451640660267658e-18,1123,10895,385,5,0.12153449387491941,0.09344316858046264,0.9955673758865248,0.9658687943262412,0.034131205673758866
390,YAL044C YDR057W,0.0,NA,1.4681022782404993e-18,1123,10894,386,5,0.12161508704061895,0.09345094449529832,0.9955673758865248,0.9657801418439717,0.03421985815602837
391,YOR337W YGR211W,0.0,NA,1.4871200911012825e-18,1123,10893,387,5,0.1216956802063185,0.09345872170439413,0.9955673758865248,0.9656914893617021,0.03430851063829787
392,YBR133C YMR260C,0.0,NA,1.4887094152507266e-18,1123,10892,388,5,0.12177627337201806,0.09346650020807325,0.9955673758865248,0.9656028368794326,0.03439716312056738
393,YLR340W YDR007W,0.0,NA,1.5030664789500798e-18,1123,10891,389,5,0.1218568665377176,0.0934742800066589,0.9955673758865248,0.9655141843971631,0.03448581560283688
394,YOR226C YGR211W,0.0,NA,1.50862110016095e-18,1123,10890,390,5,0.12193745970341716,0.09348206110047448,0.9955673758865248,0.9654255319148937,0.034574468085106384
395,YHR064C YKL219W,0.0,NA,1.5577277112009261e-18,1123,10889,391,5,0.1220180528691167,0.09348984348984349,0.9955673758865248,0.9653368794326241,0.03466312056737589
396,YGR165W YJR014W,0.0,NA,1.5617260954868543e-18,1123,10888,392,5,0.12209864603481625,0.0934976271750895,0.9955673758865248,0.9652482269503546,0.03475177304964539
397,YIL042C YHR021C,0.0,NA,1.5673481319176476e-18,1123,10887,393,5,0.1221792392005158,0.09350541215653622,0.9955673758865248,0.9651595744680851,0.034840425531914895
398,YNL014W YBL098W,0.0,NA,1.6010072484157725e-18,1123,10886,394,5,0.12225983236621535,0.09351319843450745,0.9955673758865248,0.9650709219858156,0.0349290780141844
399,YKL024C YGR089W,0.0,NA,1.6741839881004292e-18,1123,10885,395,5,0.12234042553191489,0.09352098600932711,0.9955673758865248,0.9649822695035462,0.0350177304964539
400,YOL055C YGR118W,0.0,NA,1.6760754399686083e-18,1123,10884,396,5,0.12242101869761444,0.09352877488131923,0.9955673758865248,0.9648936170212766,0.035106382978723406
401,YGR106C YDR204W,0.0,NA,1.694965970412635e-18,1123,10883,397,5,0.12250161186331399,0.09353656505080793,0.9955673758865248,0.9648049645390071,0.03519503546099291
402,YGR037C YJL171C,0.0,NA,1.7462835318323888e-18,1123,10882,398,5,0.12258220502901354,0.09354435651811745,0.9955673758865248,0.9647163120567376,0.035283687943262414
403,YER025W YML114C,0.0,NA,1.7649751253390964e-18,1123,10881,399,5,0.12266279819471308,0.09355214928357214,0.9955673758865248,0.964627659574468,0.03537234042553192
404,YBR266C YDR184C,0.0,NA,1.7902407367640692e-18,1123,10880,400,5,0.12274339136041264,0.09355994334749645,0.9955673758865248,0.9645390070921985,0.03546099290780142
405,YLR208W YMR026C,0.0,NA,1.8007200811493504e-18,1123,10879,401,5,0.12282398452611218,0.09356773871021497,0.9955673758865248,0.9644503546099291,0.035549645390070925
406,YGL090W YCR021C,0.0,NA,1.8548077670429678e-18,1123,10878,402,5,0.12290457769181173,0.09357553537205233,0.9955673758865248,0.9643617021276596,0.03563829787234043
407,YGR094W YHR067W,0.0,NA,1.8631188642475943e-18,1123,10877,403,5,0.12298517085751129,0.09358333333333334,0.9955673758865248,0.9642730496453901,0.03572695035460993
408,YOR040W YBR187W,0.0,NA,1.8678654333975767e-18,1123,10876,404,5,0.12306576402321083,0.09359113259438287,0.9955673758865248,0.9641843971631205,0.035815602836879436
409,YER110C YHR030C,0.0,NA,1.872659772227934e-18,1123,10875,405,5,0.12314635718891039,0.09359893315552592,0.9955673758865248,0.964095744680851,0.03590425531914894
410,YHR071W YDR137W,0.0,NA,1.89539193623181e-18,1123,10874,406,5,0.12322695035460993,0.0936067350170876,0.9955673758865248,0.9640070921985816,0.03599290780141844
411,YNL012W YBR189W,0.0,NA,1.8994380901981133e-18,1123,10873,407,5,0.12330754352030948,0.09361453817939314,0.9955673758865248,0.9639184397163121,0.03608156028368794
412,YMR264W YNL178W,0.0,NA,2.0850903000843616e-18,1123,10872,408,5,0.12338813668600902,0.09362234264276782,0.9955673758865248,0.9638297872340426,0.036170212765957444
413,YBL042C YLR364W,0.0,NA,2.298925173825751e-18,1123,10871,409,5,0.12346872985170858,0.0936301484075371,0.9955673758865248,0.963741134751773,0.03625886524822695
414,YDR415C YBL067C,1.0,NA,2.3036481683282758e-18,1122,10871,409,6,0.12338813668600902,0.09355457350120903,0.9946808510638298,0.963741134751773,0.03625886524822695
415,YKR066C YJR135C,0.0,NA,2.314067542119147e-18,1122,10870,410,6,0.12346872985170858,0.09356237491661107,0.9946808510638298,0.9636524822695035,0.03634751773049645
416,YNL194C YPL031C,0.0,NA,2.3386223986027835e-18,1122,10869,411,6,0.12354932301740812,0.09357017763322492,0.9946808510638298,0.9635638297872341,0.036436170212765955
417,YMR265C YNL022C,0.0,NA,2.362230133285047e-18,1122,10868,412,6,0.12362991618310767,0.09357798165137615,0.9946808510638298,0.9634751773049646,0.03652482269503546
418,YGL097W YKL188C,0.0,NA,2.439903633574695e-18,1122,10867,413,6,0.12371050934880722,0.09358578697139044,0.9946808510638298,0.963386524822695,0.03661347517730496
419,YMR284W YMR202W,0.0,NA,2.458383675639742e-18,1122,10866,414,6,0.12379110251450677,0.0935935935935936,0.9946808510638298,0.9632978723404255,0.036702127659574466
420,YHL044W YLL036C,0.0,NA,2.4622315130541857e-18,1122,10865,415,6,0.12387169568020631,0.0936014015183115,0.9946808510638298,0.963209219858156,0.03679078014184397
421,YKL112W YLR448W,0.0,NA,2.465314415197171e-18,1122,10864,416,6,0.12395228884590587,0.09360921074587018,0.9946808510638298,0.9631205673758865,0.03687943262411347
422,YGL097W YPR166C,0.0,NA,2.5101244433403935e-18,1122,10863,417,6,0.12403288201160542,0.09361702127659574,0.9946808510638298,0.9630319148936171,0.03696808510638298
423,YNL178W YJR055W,0.0,NA,2.5388412590760907e-18,1122,10862,418,6,0.12411347517730496,0.09362483311081442,0.9946808510638298,0.9629432624113475,0.03705673758865248
424,YPL241C YNL107W,0.0,NA,2.5818046065017886e-18,1122,10861,419,6,0.12419406834300452,0.09363264624885254,0.9946808510638298,0.962854609929078,0.037145390070921984
425,YKR049C YOR315W,0.0,NA,2.583923016050537e-18,1122,10860,420,6,0.12427466150870406,0.09364046069103656,0.9946808510638298,0.9627659574468085,0.03723404255319149
426,YGR214W YDL198C,0.0,NA,2.6471975766223214e-18,1122,10859,421,6,0.12435525467440361,0.09364827643769301,0.9946808510638298,0.962677304964539,0.03732269503546099
427,YHR138C YOR315W,0.0,NA,2.6525552254498273e-18,1122,10858,422,6,0.12443584784010316,0.09365609348914858,0.9946808510638298,0.9625886524822695,0.037411347517730495
428,YJL030W YKL184W,0.0,NA,2.7329588353512067e-18,1122,10857,423,6,0.12451644100580271,0.09366391184573003,0.9946808510638298,0.9625,0.0375
429,YMR083W YPL219W,0.0,NA,2.7775324966343923e-18,1122,10856,424,6,0.12459703417150225,0.09367173150776423,0.9946808510638298,0.9624113475177305,0.0375886524822695
430,YGL071W YDR384C,0.0,NA,2.8324008342311066e-18,1122,10855,425,6,0.12467762733720181,0.09367955247557819,0.9946808510638298,0.962322695035461,0.037677304964539006
431,YGR081C YPL241C,0.0,NA,2.8988947817469474e-18,1122,10854,426,6,0.12475822050290135,0.093687374749499,0.9946808510638298,0.9622340425531914,0.03776595744680851
432,YGL097W YNR076W,0.0,NA,3.007401852959816e-18,1122,10853,427,6,0.1248388136686009,0.09369519832985386,0.9946808510638298,0.962145390070922,0.03785460992907801
433,YBR193C YOL039W,0.0,NA,3.1428696354679316e-18,1122,10852,428,6,0.12491940683430044,0.0937030232169701,0.9946808510638298,0.9620567375886525,0.03794326241134752
434,YDR516C YMR078C,0.0,NA,3.1640293291273443e-18,1122,10851,429,6,0.125,0.09371084941117515,0.9946808510638298,0.961968085106383,0.03803191489361702
435,YNR047W YOR272W,0.0,NA,3.2032194921888816e-18,1122,10850,430,6,0.12508059316569956,0.09371867691279652,0.9946808510638298,0.9618794326241135,0.038120567375886524
436,YFR016C YHR063C,0.0,NA,3.233260003699817e-18,1122,10849,431,6,0.1251611863313991,0.09372650572216189,0.9946808510638298,0.9617907801418439,0.03820921985815603
437,YCL031C YLR340W,0.0,NA,3.2373080188224982e-18,1122,10848,432,6,0.12524177949709864,0.093734335839599,0.9946808510638298,0.9617021276595744,0.03829787234042553
438,YML082W YGR277C,0.0,NA,3.2467318807461617e-18,1122,10847,433,6,0.1253223726627982,0.0937421672654357,0.9946808510638298,0.961613475177305,0.038386524822695035
439,YKL221W YHR136C,0.0,NA,3.313421249681718e-18,1122,10846,434,6,0.12540296582849775,0.09375,0.9946808510638298,0.9615248226950355,0.03847517730496454
440,YKL069W YDR346C,0.0,NA,3.39497422704424e-18,1122,10845,435,6,0.1254835589941973,0.09375783404361995,0.9946808510638298,0.961436170212766,0.03856382978723404
441,YNL217W YOR258W,0.0,NA,3.470661253092842e-18,1122,10844,436,6,0.12556415215989683,0.09376566939662377,0.9946808510638298,0.9613475177304964,0.038652482269503546
442,YDL222C YPR137W,0.0,NA,3.471031830007266e-18,1122,10843,437,6,0.12564474532559639,0.09377350605933973,0.9946808510638298,0.9612588652482269,0.03874113475177305
443,YMR262W YDR364C,0.0,NA,3.538803151184042e-18,1122,10842,438,6,0.12572533849129594,0.09378134403209629,0.9946808510638298,0.9611702127659575,0.038829787234042554
444,YDR516C YGR046W,0.0,NA,3.59333834178905e-18,1122,10841,439,6,0.1258059316569955,0.09378918331522193,0.9946808510638298,0.961081560283688,0.03891843971631206
445,YLR209C YPR151C,0.0,NA,3.624783199184947e-18,1122,10840,440,6,0.12588652482269502,0.0937970239090453,0.9946808510638298,0.9609929078014184,0.03900709219858156
446,YLR117C YOR061W,0.0,NA,3.6872766944633285e-18,1122,10839,441,6,0.12596711798839458,0.09380486581389516,0.9946808510638298,0.9609042553191489,0.039095744680851065
447,YGL105W YKL137W,0.0,NA,3.7746170409815776e-18,1122,10838,442,6,0.12604771115409413,0.09381270903010033,0.9946808510638298,0.9608156028368794,0.03918439716312057
448,YGR105W YML114C,0.0,NA,3.782400396955395e-18,1122,10837,443,6,0.1261283043197937,0.0938205535579898,0.9946808510638298,0.96072695035461,0.03927304964539007
449,YGR184C YJL138C,0.0,NA,3.85676641556575e-18,1122,10836,444,6,0.12620889748549324,0.09382839939789263,0.9946808510638298,0.9606382978723405,0.039361702127659576
450,YLR360W YDR335W,0.0,NA,3.867359290490104e-18,1122,10835,445,6,0.12628949065119277,0.09383624655013799,0.9946808510638298,0.9605496453900709,0.03945035460992908
451,YOR245C YPR121W,0.0,NA,3.901603740669187e-18,1122,10834,446,6,0.12637008381689233,0.0938440950150552,0.9946808510638298,0.9604609929078014,0.03953900709219858
452,YJL094C YDR528W,0.0,NA,3.909634010055852e-18,1122,10833,447,6,0.12645067698259188,0.09385194479297365,0.9946808510638298,0.9603723404255319,0.03962765957446809
453,YKL119C YCR028C,0.0,NA,3.9577573101426556e-18,1122,10832,448,6,0.12653127014829144,0.09385979588422286,0.9946808510638298,0.9602836879432625,0.03971631205673759
454,YMR244C-A YDR384C,0.0,NA,4.0426429981931535e-18,1122,10831,449,6,0.12661186331399096,0.09386764828913244,0.9946808510638298,0.9601950354609929,0.039804964539007094
455,YGR118W YNL062C,0.0,NA,4.05978135330464e-18,1122,10830,450,6,0.12669245647969052,0.09387550200803213,0.9946808510638298,0.9601063829787234,0.0398936170212766
456,YDR471W YBR191W,0.0,NA,4.121228878698448e-18,1122,10829,451,6,0.12677304964539007,0.09388335704125178,0.9946808510638298,0.9600177304964539,0.0399822695035461
457,YOR245C YML094W,0.0,NA,4.144151294243211e-18,1122,10828,452,6,0.12685364281108963,0.09389121338912133,0.9946808510638298,0.9599290780141844,0.040070921985815605
458,YDL010W YGR213C,0.0,NA,4.1584036161974996e-18,1122,10827,453,6,0.12693423597678916,0.09389907105197087,0.9946808510638298,0.9598404255319148,0.04015957446808511
459,YKR103W YPL098C,0.0,NA,4.216853439051415e-18,1122,10826,454,6,0.1270148291424887,0.09390693003013056,0.9946808510638298,0.9597517730496454,0.04024822695035461
460,YML076C YHR057C,0.0,NA,4.23434293233293e-18,1122,10825,455,6,0.12709542230818827,0.0939147903239307,0.9946808510638298,0.9596631205673759,0.040336879432624116
461,YMR197C YML102W,0.0,NA,4.268008769673532e-18,1122,10824,456,6,0.12717601547388782,0.09392265193370165,0.9946808510638298,0.9595744680851064,0.04042553191489362
462,YBR266C YHL024W,0.0,NA,4.296367002613688e-18,1122,10823,457,6,0.12725660863958738,0.09393051485977397,0.9946808510638298,0.9594858156028369,0.040514184397163124
463,YGR296W YDR165W,0.0,NA,4.30164731005392e-18,1122,10822,458,6,0.1273372018052869,0.09393837910247824,0.9946808510638298,0.9593971631205673,0.04060283687943263
464,YOL039W YAL047C,0.0,NA,4.3071811483519e-18,1122,10821,459,6,0.12741779497098646,0.09394624466214518,0.9946808510638298,0.9593085106382979,0.04069148936170213
465,YLR037C YMR031C,0.0,NA,4.552953051953655e-18,1122,10820,460,6,0.12749838813668601,0.09395411153910568,0.9946808510638298,0.9592198581560284,0.040780141843971635
466,YHR167W YOR090C,0.0,NA,4.6619547771728305e-18,1122,10819,461,6,0.12757898130238557,0.09396197973369065,0.9946808510638298,0.9591312056737589,0.04086879432624113
467,YCR011C YCR094W,0.0,NA,4.7020689009785895e-18,1122,10818,462,6,0.1276595744680851,0.09396984924623115,0.9946808510638298,0.9590425531914893,0.040957446808510635
468,YBR155W YMR235C,0.0,NA,4.97304789297698e-18,1122,10817,463,6,0.12774016763378465,0.09397772007705837,0.9946808510638298,0.9589539007092198,0.04104609929078014
469,YER150W YBL018C,0.0,NA,4.985964731832302e-18,1122,10816,464,6,0.1278207607994842,0.0939855922265036,0.9946808510638298,0.9588652482269504,0.04113475177304964
470,YBL018C YPR107C,0.0,NA,4.988437588273529e-18,1122,10815,465,6,0.12790135396518376,0.09399346569489822,0.9946808510638298,0.9587765957446809,0.041223404255319146
471,YBR008C YGR211W,0.0,NA,5.057338838167052e-18,1122,10814,466,6,0.1279819471308833,0.09400134048257372,0.9946808510638298,0.9586879432624114,0.04131205673758865
472,YJL094C YDR346C,0.0,NA,5.0685020541237616e-18,1122,10813,467,6,0.12806254029658284,0.09400921658986175,0.9946808510638298,0.9585992907801418,0.04140070921985815
473,YNL289W YLR005W,0.0,NA,5.2453168731406465e-18,1122,10812,468,6,0.1281431334622824,0.09401709401709402,0.9946808510638298,0.9585106382978723,0.04148936170212766
474,YGR277C YHR084W,0.0,NA,5.415642046661747e-18,1122,10811,469,6,0.12822372662798195,0.09402497276460237,0.9946808510638298,0.9584219858156028,0.04157801418439716
475,YMR142C YHL031C,0.0,NA,5.4332717470570894e-18,1122,10810,470,6,0.1283043197936815,0.09403285283271874,0.9946808510638298,0.9583333333333334,0.041666666666666664
476,YGR081C YNL066W,0.0,NA,5.668619934169758e-18,1122,10809,471,6,0.12838491295938104,0.09404073422177521,0.9946808510638298,0.9582446808510638,0.04175531914893617
477,YMR235C YBR296C,0.0,NA,5.689199774219771e-18,1122,10808,472,6,0.1284655061250806,0.09404861693210394,0.9946808510638298,0.9581560283687943,0.04184397163120567
478,YML015C YML114C,0.0,NA,5.987232535332321e-18,1122,10807,473,6,0.12854609929078015,0.09405650096403723,0.9946808510638298,0.9580673758865248,0.041932624113475175
479,YHR143W YOR303W,0.0,NA,6.201228709293158e-18,1122,10806,474,6,0.1286266924564797,0.09406438631790745,0.9946808510638298,0.9579787234042553,0.04202127659574468
480,YCL056C YCL031C,0.0,NA,6.212783595269911e-18,1122,10805,475,6,0.12870728562217923,0.09407227299404712,0.9946808510638298,0.9578900709219859,0.04210992907801418
481,YJL174W YFR022W,0.0,NA,6.237242498802492e-18,1122,10804,476,6,0.12878787878787878,0.09408016099278886,0.9946808510638298,0.9578014184397163,0.042198581560283686
482,YKL137W YNL042W,0.0,NA,6.343953347315201e-18,1122,10803,477,6,0.12886847195357834,0.0940880503144654,0.9946808510638298,0.9577127659574468,0.04228723404255319
483,YGL070C YIL166C,0.0,NA,6.476928834637695e-18,1122,10802,478,6,0.1289490651192779,0.0940959409594096,0.9946808510638298,0.9576241134751773,0.042375886524822694
484,YKR076W YDL148C,0.0,NA,6.643589184454879e-18,1122,10801,479,6,0.12902965828497742,0.09410383292795438,0.9946808510638298,0.9575354609929078,0.0424645390070922
485,YDR317W YDL018C,0.0,NA,6.716698302124459e-18,1122,10800,480,6,0.12911025145067698,0.09411172622043282,0.9946808510638298,0.9574468085106383,0.0425531914893617
486,YFR016C YMR301C,0.0,NA,6.870421547161314e-18,1122,10799,481,6,0.12919084461637653,0.09411962083717809,0.9946808510638298,0.9573581560283688,0.042641843971631205
487,YGR184C YJR122W,0.0,NA,6.890816098754115e-18,1122,10798,482,6,0.1292714377820761,0.09412751677852349,0.9946808510638298,0.9572695035460993,0.04273049645390071
488,YDR364C YPR184W,0.0,NA,7.054415466714547e-18,1122,10797,483,6,0.12935203094777564,0.09413541404480241,0.9946808510638298,0.9571808510638298,0.04281914893617021
489,YGR060W YGR097W,0.0,NA,7.077569079240518e-18,1122,10796,484,6,0.12943262411347517,0.09414331263634838,0.9946808510638298,0.9570921985815602,0.042907801418439716
490,YOR265W YJL026W,0.0,NA,7.108767023223568e-18,1122,10795,485,6,0.12951321727917472,0.09415121255349501,0.9946808510638298,0.9570035460992907,0.04299645390070922
491,YMR177W YKL184W,0.0,NA,7.149887825834804e-18,1122,10794,486,6,0.12959381044487428,0.09415911379657603,0.9946808510638298,0.9569148936170213,0.04308510638297872
492,YBR111C YKL009W,0.0,NA,7.192701039979324e-18,1122,10793,487,6,0.12967440361057384,0.09416701636592531,0.9946808510638298,0.9568262411347518,0.04317375886524823
493,YOR273C YDR528W,0.0,NA,7.361445057759529e-18,1122,10792,488,6,0.12975499677627336,0.09417492026187678,0.9946808510638298,0.9567375886524823,0.04326241134751773
494,YDR447C YDR516C,0.0,NA,7.365967254168357e-18,1122,10791,489,6,0.12983558994197292,0.09418282548476455,0.9946808510638298,0.9566489361702127,0.043351063829787234
495,YGR165W YLR131C,0.0,NA,7.432126813921573e-18,1122,10790,490,6,0.12991618310767247,0.09419073203492277,0.9946808510638298,0.9565602836879432,0.04343971631205674
496,YJL050W YKL001C,0.0,NA,7.501169098109536e-18,1122,10789,491,6,0.12999677627337203,0.09419863991268575,0.9946808510638298,0.9564716312056738,0.04352836879432624
497,YBR074W YJR126C,1.0,NA,7.666175913882227e-18,1121,10789,491,7,0.12991618310767247,0.09412258606213267,0.9937943262411347,0.9564716312056738,0.04352836879432624
498,YEL003W YGL143C,0.0,NA,7.748380295977134e-18,1121,10788,492,7,0.12999677627337203,0.09413048954572173,0.9937943262411347,0.9563829787234043,0.043617021276595745
499,YPR010C YPR129W,0.0,NA,7.947938445936165e-18,1121,10787,493,7,0.13007736943907156,0.09413839435673496,0.9937943262411347,0.9562943262411348,0.04370567375886525
500,YGL009C YBR268W,0.0,NA,7.967609628083288e-18,1121,10786,494,7,0.1301579626047711,0.09414630049550685,0.9937943262411347,0.9562056737588652,0.04379432624113475
501,YLR037C YNL066W,0.0,NA,8.123393380026013e-18,1121,10785,495,7,0.13023855577047067,0.09415420796237191,0.9937943262411347,0.9561170212765957,0.043882978723404256
502,YDR324C YMR271C,0.0,NA,8.143187812084406e-18,1121,10784,496,7,0.13031914893617022,0.09416211675766485,0.9937943262411347,0.9560283687943263,0.04397163120567376
503,YPR032W YDL148C,0.0,NA,8.32981299316617e-18,1121,10783,497,7,0.13039974210186975,0.09417002688172044,0.9937943262411347,0.9559397163120568,0.044060283687943264
504,YBR268W YPR184W,0.0,NA,8.563108531588789e-18,1121,10782,498,7,0.1304803352675693,0.09417793833487356,0.9937943262411347,0.9558510638297872,0.04414893617021277
505,YPL233W YLR167W,0.0,NA,8.601806522185857e-18,1121,10781,499,7,0.13056092843326886,0.09418585111745925,0.9937943262411347,0.9557624113475177,0.04423758865248227
506,YLR057W YPR184W,0.0,NA,9.249502176704678e-18,1121,10780,500,7,0.1306415215989684,0.09419376522981263,0.9937943262411347,0.9556737588652482,0.044326241134751775
507,YMR284W YPL131W,0.0,NA,9.366853463026964e-18,1121,10779,501,7,0.13072211476466797,0.0942016806722689,0.9937943262411347,0.9555851063829788,0.04441489361702128
508,YHR059W YDR341C,0.0,NA,9.653026522107034e-18,1121,10778,502,7,0.1308027079303675,0.09420959744516345,0.9937943262411347,0.9554964539007093,0.04450354609929078
509,YMR078C YPR184W,0.0,NA,9.866309252789545e-18,1121,10777,503,7,0.13088330109606705,0.09421751554883173,0.9937943262411347,0.9554078014184397,0.044592198581560286
510,YFR036W YOR288C,0.0,NA,1.0141051502984745e-17,1121,10776,504,7,0.1309638942617666,0.09422543498360932,0.9937943262411347,0.9553191489361702,0.04468085106382979
511,YPL040C YJL026W,0.0,NA,1.0396956369090275e-17,1121,10775,505,7,0.13104448742746616,0.09423335574983188,0.9937943262411347,0.9552304964539007,0.04476950354609929
512,YDR090C YBR189W,0.0,NA,1.0455940137029594e-17,1121,10774,506,7,0.1311250805931657,0.09424127784783523,0.9937943262411347,0.9551418439716312,0.0448581560283688
513,YCR084C YAR027W,0.0,NA,1.0529388812340628e-17,1121,10773,507,7,0.13120567375886524,0.09424920127795527,0.9937943262411347,0.9550531914893617,0.0449468085106383
514,YMR217W YDR330W,0.0,NA,1.059595203623277e-17,1121,10772,508,7,0.1312862669245648,0.09425712604052804,0.9937943262411347,0.9549645390070922,0.045035460992907804
515,YLR355C YGR202C,0.0,NA,1.143198513570134e-17,1121,10771,509,7,0.13136686009026435,0.09426505213588968,0.9937943262411347,0.9548758865248227,0.04512411347517731
516,YLL008W YDR204W,0.0,NA,1.169103907839886e-17,1121,10770,510,7,0.13144745325596388,0.09427297956437641,0.9937943262411347,0.9547872340425532,0.04521276595744681
517,YBL079W YBR169C,0.0,NA,1.1976916006819636e-17,1121,10769,511,7,0.13152804642166344,0.09428090832632464,0.9937943262411347,0.9546985815602836,0.045301418439716315
518,YOL052C YDL238C,0.0,NA,1.212965738846939e-17,1121,10768,512,7,0.131608639587363,0.09428883842207082,0.9937943262411347,0.9546099290780142,0.04539007092198582
519,YBR301W YLR147C,0.0,NA,1.2253973535549372e-17,1121,10767,513,7,0.13168923275306255,0.09429676985195155,0.9937943262411347,0.9545212765957447,0.04547872340425532
520,YDR379W YDR400W,0.0,NA,1.2288988918059354e-17,1121,10766,514,7,0.1317698259187621,0.09430470261630353,0.9937943262411347,0.9544326241134752,0.045567375886524826
521,YDR137W YNL061W,0.0,NA,1.2442435884771616e-17,1121,10765,515,7,0.13185041908446163,0.09431263671546357,0.9937943262411347,0.9543439716312057,0.04565602836879433
522,YPL101W YBL075C,0.0,NA,1.2607509702173924e-17,1121,10764,516,7,0.13193101225016118,0.09432057214976862,0.9937943262411347,0.9542553191489361,0.045744680851063826
523,YML091C YDR312W,0.0,NA,1.2788279271699425e-17,1121,10763,517,7,0.13201160541586074,0.0943285089195557,0.9937943262411347,0.9541666666666667,0.04583333333333333
524,YMR325W YDR201W,0.0,NA,1.2791254640362778e-17,1121,10762,518,7,0.1320921985815603,0.094336447025162,0.9937943262411347,0.9540780141843972,0.045921985815602834
525,YKR049C YPR118W,0.0,NA,1.2813672062143577e-17,1121,10761,519,7,0.13217279174725982,0.09434438646692477,0.9937943262411347,0.9539893617021277,0.04601063829787234
526,YGR034W YNL146W,0.0,NA,1.2841514961562112e-17,1121,10760,520,7,0.13225338491295938,0.09435232724518139,0.9937943262411347,0.9539007092198581,0.04609929078014184
527,YGR106C YKR027W,0.0,NA,1.306719630244618e-17,1121,10759,521,7,0.13233397807865893,0.09436026936026937,0.9937943262411347,0.9538120567375886,0.046187943262411345
528,YNL304W YPR160W,0.0,NA,1.3120141651913862e-17,1121,10758,522,7,0.1324145712443585,0.0943682128125263,0.9937943262411347,0.9537234042553191,0.04627659574468085
529,YGL248W YJR057W,0.0,NA,1.3246823535545745e-17,1121,10757,523,7,0.13249516441005801,0.09437615760228994,0.9937943262411347,0.9536347517730497,0.04636524822695035
530,YKL185W YMR217W,0.0,NA,1.3315980797838854e-17,1121,10756,524,7,0.13257575757575757,0.09438410372989813,0.9937943262411347,0.9535460992907802,0.046453900709219856
531,YGL062W YKR094C,0.0,NA,1.3545142087559932e-17,1121,10755,525,7,0.13265635074145712,0.09439205119568879,0.9937943262411347,0.9534574468085106,0.04654255319148936
532,YNL310C YLR090W,0.0,NA,1.356991449254467e-17,1121,10754,526,7,0.13273694390715668,0.0944,0.9937943262411347,0.9533687943262411,0.04663120567375886
533,YDR044W YML080W,0.0,NA,1.3822047415056958e-17,1121,10753,527,7,0.13281753707285623,0.09440795014316995,0.9937943262411347,0.9532801418439716,0.04671985815602837
534,YBR008C YGR081C,0.0,NA,1.4154903239187072e-17,1121,10752,528,7,0.13289813023855576,0.09441590162553694,0.9937943262411347,0.9531914893617022,0.04680851063829787
535,YFL045C YDR128W,0.0,NA,1.433050044834228e-17,1121,10751,529,7,0.13297872340425532,0.09442385444743935,0.9937943262411347,0.9531028368794326,0.046897163120567374
536,YGL030W YPR185W,0.0,NA,1.4631551177919728e-17,1121,10750,530,7,0.13305931656995487,0.09443180860921574,0.9937943262411347,0.9530141843971631,0.04698581560283688
537,YMR003W YBR169C,0.0,NA,1.470675843921305e-17,1121,10749,531,7,0.13313990973565443,0.09443976411120472,0.9937943262411347,0.9529255319148936,0.04707446808510638
538,YJL066C YJR135C,0.0,NA,1.497990009492296e-17,1121,10748,532,7,0.13322050290135395,0.09444772095374505,0.9937943262411347,0.9528368794326241,0.047163120567375885
539,YPL110C YBR302C,0.0,NA,1.508518364328871e-17,1121,10747,533,7,0.1333010960670535,0.0944556791371756,0.9937943262411347,0.9527482269503547,0.04725177304964539
540,YBL024W YIL017C,0.0,NA,1.5310530803205305e-17,1121,10746,534,7,0.13338168923275306,0.09446363866183534,0.9937943262411347,0.9526595744680851,0.04734042553191489
541,YFR022W YKL122C,0.0,NA,1.592687134942469e-17,1121,10745,535,7,0.13346228239845262,0.09447159952806337,0.9937943262411347,0.9525709219858156,0.047429078014184396
542,YGR046W YJR094W-A,0.0,NA,1.5933495411770016e-17,1121,10744,536,7,0.13354287556415215,0.09447956173619891,0.9937943262411347,0.9524822695035461,0.0475177304964539
543,YCL031C YLR448W,0.0,NA,1.6668501634305035e-17,1121,10743,537,7,0.1336234687298517,0.09448752528658125,0.9937943262411347,0.9523936170212766,0.047606382978723404
544,YDR400W YOR337W,0.0,NA,1.6753156952554937e-17,1121,10742,538,7,0.13370406189555126,0.09449549017954986,0.9937943262411347,0.952304964539007,0.04769503546099291
545,YPL038W YFR039C,0.0,NA,1.6781684757520665e-17,1121,10741,539,7,0.1337846550612508,0.09450345641544428,0.9937943262411347,0.9522163120567376,0.04778368794326241
546,YOR193W YHL006C,0.0,NA,1.6861188394915587e-17,1121,10740,540,7,0.13386524822695037,0.09451142399460416,0.9937943262411347,0.9521276595744681,0.047872340425531915
547,YDR234W YOR208W,0.0,NA,1.7037897334814065e-17,1121,10739,541,7,0.1339458413926499,0.09451939291736931,0.9937943262411347,0.9520390070921986,0.04796099290780142
548,YOR040W YLR348C,0.0,NA,1.750219050391763e-17,1121,10738,542,7,0.13402643455834945,0.0945273631840796,0.9937943262411347,0.951950354609929,0.04804964539007092
549,YFR039C YMR077C,0.0,NA,1.7635694146061238e-17,1121,10737,543,7,0.134107027724049,0.09453533479507506,0.9937943262411347,0.9518617021276595,0.048138297872340426
550,YER124C YHR063C,0.0,NA,1.7678937494124285e-17,1121,10736,544,7,0.13418762088974856,0.09454330775069579,0.9937943262411347,0.9517730496453901,0.04822695035460993
551,YLR337C YMR123W,0.0,NA,1.7806723663873927e-17,1121,10735,545,7,0.1342682140554481,0.09455128205128205,0.9937943262411347,0.9516843971631206,0.04831560283687943
552,YBL042C YML094W,0.0,NA,1.785065853492907e-17,1121,10734,546,7,0.13434880722114764,0.09455925769717419,0.9937943262411347,0.9515957446808511,0.04840425531914894
553,YHR002W YBL018C,0.0,NA,1.81225693458875e-17,1121,10733,547,7,0.1344294003868472,0.09456723468871267,0.9937943262411347,0.9515070921985815,0.04849290780141844
554,YER131W YMR087W,0.0,NA,1.816749187059403e-17,1121,10732,548,7,0.13450999355254675,0.09457521302623809,0.9937943262411347,0.951418439716312,0.048581560283687944
555,YGL105W YGR224W,0.0,NA,1.8376876099049578e-17,1121,10731,549,7,0.13459058671824628,0.09458319271009112,0.9937943262411347,0.9513297872340426,0.04867021276595745
556,YMR262W YBL026W,0.0,NA,1.8643071091975268e-17,1121,10730,550,7,0.13467117988394584,0.0945911737406126,0.9937943262411347,0.9512411347517731,0.04875886524822695
557,YHR064C YGR042W,0.0,NA,1.9383655820561344e-17,1121,10729,551,7,0.1347517730496454,0.09459915611814346,0.9937943262411347,0.9511524822695036,0.048847517730496455
558,YCR020C-A YPR118W,0.0,NA,1.9830386290899182e-17,1121,10728,552,7,0.13483236621534495,0.09460713984302473,0.9937943262411347,0.951063829787234,0.04893617021276596
559,YPR127W YGR103W,0.0,NA,1.9866199902700278e-17,1121,10727,553,7,0.1349129593810445,0.09461512491559756,0.9937943262411347,0.9509751773049645,0.04902482269503546
560,YLR061W YGR103W,0.0,NA,1.9944105427151747e-17,1121,10726,554,7,0.13499355254674403,0.09462311133620326,0.9937943262411347,0.9508865248226951,0.049113475177304966
561,YBR179C YNL061W,0.0,NA,2.0407956881808208e-17,1121,10725,555,7,0.13507414571244358,0.09463109910518318,0.9937943262411347,0.9507978723404256,0.04920212765957447
562,YGL191W YKR054C,0.0,NA,2.087080744792348e-17,1121,10724,556,7,0.13515473887814314,0.09463908822287885,0.9937943262411347,0.950709219858156,0.04929078014184397
563,YGL094C YKR096W,0.0,NA,2.0906106553383568e-17,1121,10723,557,7,0.1352353320438427,0.09464707868963187,0.9937943262411347,0.9506205673758865,0.04937943262411348
564,YDR166C YBL092W,0.0,NA,2.1060514703967616e-17,1121,10722,558,7,0.13531592520954222,0.094655070505784,0.9937943262411347,0.950531914893617,0.04946808510638298
565,YML011C YOR310C,0.0,NA,2.1241083268604267e-17,1121,10721,559,7,0.13539651837524178,0.09466306367167708,0.9937943262411347,0.9504432624113475,0.049556737588652484
566,YML100W YER025W,0.0,NA,2.1619576301490156e-17,1121,10720,560,7,0.13547711154094133,0.09467105818765308,0.9937943262411347,0.950354609929078,0.04964539007092199
567,YDR528W YBR189W,0.0,NA,2.1867747028868315e-17,1121,10719,561,7,0.13555770470664089,0.09467905405405405,0.9937943262411347,0.9502659574468085,0.04973404255319149
568,YGR034W YBL008W,0.0,NA,2.1923626387968723e-17,1121,10718,562,7,0.1356382978723404,0.09468705127122223,0.9937943262411347,0.950177304964539,0.049822695035460995
569,YGR261C YDL207W,0.0,NA,2.2838134112150198e-17,1121,10717,563,7,0.13571889103803997,0.09469504983949992,0.9937943262411347,0.9500886524822695,0.0499113475177305
570,YDR392W YIR012W,0.0,NA,2.2897103818019104e-17,1121,10716,564,7,0.13579948420373952,0.09470304975922954,0.9937943262411347,0.95,0.05
571,YAL024C YMR211W,0.0,NA,2.3093332566012608e-17,1121,10715,565,7,0.13588007736943908,0.09471105103075363,0.9937943262411347,0.9499113475177305,0.050088652482269506
572,YNL103W YOR264W,0.0,NA,2.3635834007671836e-17,1121,10714,566,7,0.13596067053513863,0.09471905365441487,0.9937943262411347,0.949822695035461,0.05017730496453901
573,YHR138C YML091C,0.0,NA,2.3772737362133038e-17,1121,10713,567,7,0.13604126370083816,0.09472705763055603,0.9937943262411347,0.9497340425531915,0.050265957446808514
574,YKR094C YAL042W,0.0,NA,2.4182408486667275e-17,1121,10712,568,7,0.13612185686653772,0.09473506295951999,0.9937943262411347,0.949645390070922,0.05035460992907802
575,YHR053C YNL311C,0.0,NA,2.4674703373866984e-17,1121,10711,569,7,0.13620245003223727,0.09474306964164976,0.9937943262411347,0.9495567375886524,0.05044326241134752
576,YDL143W YPR174C,0.0,NA,2.5059256331920437e-17,1121,10710,570,7,0.13628304319793683,0.09475107767728848,0.9937943262411347,0.949468085106383,0.05053191489361702
577,YHR117W YLR150W,0.0,NA,2.5158296321022636e-17,1121,10709,571,7,0.13636363636363635,0.09475908706677938,0.9937943262411347,0.9493794326241135,0.05062056737588652
578,YBR085W YIR012W,0.0,NA,2.5164726823104623e-17,1121,10708,572,7,0.1364442295293359,0.0947670978104658,0.9937943262411347,0.949290780141844,0.050709219858156025
579,YLR189C YPL270W,0.0,NA,2.516520493349868e-17,1121,10707,573,7,0.13652482269503546,0.09477510990869124,0.9937943262411347,0.9492021276595745,0.05079787234042553
580,YNL291C YBR169C,0.0,NA,2.5237212660182645e-17,1121,10706,574,7,0.13660541586073502,0.09478312336179927,0.9937943262411347,0.9491134751773049,0.05088652482269503
581,YLR430W YDR201W,0.0,NA,2.5979987763030762e-17,1121,10705,575,7,0.13668600902643455,0.0947911381701336,0.9937943262411347,0.9490248226950354,0.050975177304964536
582,YLR262C YHR136C,0.0,NA,2.614213336106463e-17,1121,10704,576,7,0.1367666021921341,0.09479915433403806,0.9937943262411347,0.948936170212766,0.05106382978723404
583,YLR061W YNL215W,0.0,NA,2.630498868006407e-17,1121,10703,577,7,0.13684719535783366,0.09480717185385656,0.9937943262411347,0.9488475177304965,0.051152482269503544
584,YGL090W YKR056W,0.0,NA,2.6550568677763715e-17,1121,10702,578,7,0.1369277885235332,0.09481519072993318,0.9937943262411347,0.948758865248227,0.05124113475177305
585,YLR401C YEL018W,0.0,NA,2.7393062057816324e-17,1121,10701,579,7,0.13700838168923277,0.09482321096261208,0.9937943262411347,0.9486702127659574,0.05132978723404255
586,YNL305C YLR435W,0.0,NA,2.829087396851403e-17,1121,10700,580,7,0.1370889748549323,0.09483123255223755,0.9937943262411347,0.9485815602836879,0.051418439716312055
587,YPR118W YJL108C,0.0,NA,2.872575590375766e-17,1121,10699,581,7,0.13716956802063185,0.09483925549915398,0.9937943262411347,0.9484929078014185,0.05150709219858156
588,YJR125C YDR097C,0.0,NA,2.8735840889785905e-17,1121,10698,582,7,0.1372501611863314,0.0948472798037059,0.9937943262411347,0.948404255319149,0.05159574468085106
589,YBL092W YER105C,0.0,NA,2.9519587902735e-17,1121,10697,583,7,0.13733075435203096,0.09485530546623794,0.9937943262411347,0.9483156028368794,0.051684397163120566
590,YLR144C YKL009W,0.0,NA,2.9846827170505876e-17,1121,10696,584,7,0.1374113475177305,0.09486333248709486,0.9937943262411347,0.9482269503546099,0.05177304964539007
591,YDL104C YDR434W,1.0,NA,3.038805144529932e-17,1120,10696,584,8,0.13733075435203096,0.0947867298578199,0.9929078014184397,0.9482269503546099,0.05177304964539007
592,YPR043W YMR221C,0.0,NA,3.0429115999628905e-17,1120,10695,585,8,0.1374113475177305,0.09479475243334744,0.9929078014184397,0.9481382978723404,0.05186170212765957
593,YPL265W YLR005W,0.0,NA,3.0663562146283584e-17,1120,10694,586,8,0.13749194068343004,0.09480277636702218,0.9929078014184397,0.948049645390071,0.05195035460992908
594,YDR324C YKL161C,0.0,NA,3.078170008136841e-17,1120,10693,587,8,0.1375725338491296,0.09481080165918902,0.9929078014184397,0.9479609929078014,0.05203900709219858
595,YGR261C YDL155W,0.0,NA,3.112803398639946e-17,1120,10692,588,8,0.13765312701482915,0.09481882831019302,0.9929078014184397,0.9478723404255319,0.052127659574468084
596,YBR248C YKL171W,0.0,NA,3.135470794401859e-17,1120,10691,589,8,0.13773372018052868,0.09482685632037931,0.9929078014184397,0.9477836879432624,0.05221631205673759
597,YKL132C YHR084W,0.0,NA,3.1969342843814893e-17,1120,10690,590,8,0.13781431334622823,0.09483488569009314,0.9929078014184397,0.9476950354609929,0.05230496453900709
598,YMR078C YNL062C,0.0,NA,3.208553194137654e-17,1120,10689,591,8,0.1378949065119278,0.0948429164196799,0.9929078014184397,0.9476063829787233,0.052393617021276595
599,YJL191W YHR102W,0.0,NA,3.278182611124408e-17,1120,10688,592,8,0.13797549967762734,0.0948509485094851,0.9929078014184397,0.9475177304964539,0.0524822695035461
600,YJR041C YGR048W,0.0,NA,3.317027012689898e-17,1120,10687,593,8,0.1380560928433269,0.09485898195985433,0.9929078014184397,0.9474290780141844,0.0525709219858156
601,YFL056C YBR083W,0.0,NA,3.319330876131981e-17,1120,10686,594,8,0.13813668600902643,0.09486701677113332,0.9929078014184397,0.9473404255319149,0.052659574468085106
602,YML102W YGL196W,0.0,NA,3.4502811771607605e-17,1120,10685,595,8,0.13821727917472598,0.09487505294366794,0.9929078014184397,0.9472517730496454,0.05274822695035461
603,YDL083C YDR036C,0.0,NA,3.4646307755550854e-17,1120,10684,596,8,0.13829787234042554,0.09488309047780413,0.9929078014184397,0.9471631205673758,0.05283687943262411
604,YHR058C YPL038W,0.0,NA,3.512873603240403e-17,1120,10683,597,8,0.1383784655061251,0.094891129373888,0.9929078014184397,0.9470744680851064,0.05292553191489362
605,YOL090W YAR042W,0.0,NA,3.51485751322155e-17,1120,10682,598,8,0.13845905867182462,0.09489916963226572,0.9929078014184397,0.9469858156028369,0.05301418439716312
606,YKR078W YDR182W,0.0,NA,3.5599272760771146e-17,1120,10681,599,8,0.13853965183752417,0.09490721125328362,0.9929078014184397,0.9468971631205674,0.053102836879432624
607,YBR204C YBR083W,0.0,NA,3.574500874981319e-17,1120,10680,600,8,0.13862024500322373,0.09491525423728814,0.9929078014184397,0.9468085106382979,0.05319148936170213
608,YGR094W YIR003W,0.0,NA,3.639235698847474e-17,1120,10679,601,8,0.13870083816892328,0.09492329858462581,0.9929078014184397,0.9467198581560283,0.05328014184397163
609,YNL053W YHR053C,0.0,NA,3.64822880646715e-17,1120,10678,602,8,0.1387814313346228,0.09493134429564333,0.9929078014184397,0.9466312056737589,0.053368794326241135
610,YGL215W YER067W,0.0,NA,3.6757345470680086e-17,1120,10677,603,8,0.13886202450032237,0.09493939137068746,0.9929078014184397,0.9465425531914894,0.05345744680851064
611,YML063W YKL219W,0.0,NA,3.682218319581444e-17,1120,10676,604,8,0.13894261766602192,0.09494743981010512,0.9929078014184397,0.9464539007092199,0.05354609929078014
612,YAR018C YBR114W,0.0,NA,3.700298171666138e-17,1120,10675,605,8,0.13902321083172148,0.09495548961424333,0.9929078014184397,0.9463652482269503,0.053634751773049646
613,YEL039C YMR110C,0.0,NA,3.883800911371637e-17,1120,10674,606,8,0.139103803997421,0.09496354078344921,0.9929078014184397,0.9462765957446808,0.05372340425531915
614,YLR258W YDR471W,0.0,NA,3.9356429673382954e-17,1120,10673,607,8,0.13918439716312056,0.09497159331807004,0.9929078014184397,0.9461879432624114,0.053812056737588654
615,YGR105W YEL020C,0.0,NA,3.942855982279758e-17,1120,10672,608,8,0.13926499032882012,0.09497964721845319,0.9929078014184397,0.9460992907801419,0.05390070921985816
616,YBR155W YML102W,0.0,NA,3.98695959817986e-17,1120,10671,609,8,0.13934558349451967,0.09498770248494615,0.9929078014184397,0.9460106382978724,0.05398936170212766
617,YJL108C YPL145C,0.0,NA,4.032448576169866e-17,1120,10670,610,8,0.13942617666021923,0.09499575911789652,0.9929078014184397,0.9459219858156028,0.054078014184397165
618,YMR083W YDR313C,0.0,NA,4.048076664918953e-17,1120,10669,611,8,0.13950676982591875,0.09500381711765205,0.9929078014184397,0.9458333333333333,0.05416666666666667
619,YDL083C YFR048W,0.0,NA,4.051120358700903e-17,1120,10668,612,8,0.1395873629916183,0.09501187648456057,0.9929078014184397,0.9457446808510638,0.05425531914893617
620,YLR081W YOL012C,0.0,NA,4.0602792333153354e-17,1120,10667,613,8,0.13966795615731786,0.09501993721897005,0.9929078014184397,0.9456560283687944,0.054343971631205676
621,YER164W YBL092W,0.0,NA,4.072999616775176e-17,1120,10666,614,8,0.13974854932301742,0.09502799932122857,0.9929078014184397,0.9455673758865248,0.05443262411347518
622,YNL135C YMR309C,0.0,NA,4.119030894374772e-17,1120,10665,615,8,0.13982914248871695,0.09503606279168435,0.9929078014184397,0.9454787234042553,0.05452127659574468
623,YLR435W YOL039W,0.0,NA,4.1260606060924924e-17,1120,10664,616,8,0.1399097356544165,0.09504412763068568,0.9929078014184397,0.9453900709219858,0.05460992907801419
624,YKL137W YOR299W,0.0,NA,4.2416686919918836e-17,1120,10663,617,8,0.13999032882011606,0.095052193838581,0.9929078014184397,0.9453014184397163,0.05469858156028369
625,YJL108C YNL156C,0.0,NA,4.320479482905731e-17,1120,10662,618,8,0.1400709219858156,0.0950602614157189,0.9929078014184397,0.9452127659574469,0.054787234042553194
626,YOR002W YFR036W,0.0,NA,4.3377867482983004e-17,1120,10661,619,8,0.14015151515151514,0.09506833036244801,0.9929078014184397,0.9451241134751773,0.0548758865248227
627,YBR083W YJL100W,0.0,NA,4.354033568145577e-17,1120,10660,620,8,0.1402321083172147,0.09507640067911714,0.9929078014184397,0.9450354609929078,0.0549645390070922
628,YGR142W YCR021C,0.0,NA,4.364842833518175e-17,1120,10659,621,8,0.14031270148291425,0.09508447236607522,0.9929078014184397,0.9449468085106383,0.055053191489361705
629,YMR235C YNL149C,0.0,NA,4.460790490618406e-17,1120,10658,622,8,0.1403932946486138,0.09509254542367125,0.9929078014184397,0.9448581560283688,0.05514184397163121
630,YPR194C YPL200W,0.0,NA,4.5377665949336104e-17,1120,10657,623,8,0.14047388781431336,0.09510061985225439,0.9929078014184397,0.9447695035460993,0.05523049645390071
631,YAL061W YEL031W,0.0,NA,4.601758941481938e-17,1120,10656,624,8,0.14055448098001289,0.09510869565217392,0.9929078014184397,0.9446808510638298,0.05531914893617021
632,YML124C YBL046W,0.0,NA,4.635516182280227e-17,1120,10655,625,8,0.14063507414571244,0.0951167728237792,0.9929078014184397,0.9445921985815603,0.05540780141843971
633,YER131W YKL101W,0.0,NA,4.7557018856894865e-17,1120,10654,626,8,0.140715667311412,0.09512485136741974,0.9929078014184397,0.9445035460992908,0.05549645390070922
634,YNL084C YDR165W,0.0,NA,4.888765136874972e-17,1120,10653,627,8,0.14079626047711155,0.09513293128344517,0.9929078014184397,0.9444148936170212,0.05558510638297872
635,YMR125W YBL052C,0.0,NA,4.951886296802158e-17,1120,10652,628,8,0.14087685364281108,0.09514101257220524,0.9929078014184397,0.9443262411347517,0.055673758865248224
636,YLR209C YER163C,0.0,NA,4.973145169417016e-17,1120,10651,629,8,0.14095744680851063,0.09514909523404978,0.9929078014184397,0.9442375886524823,0.05576241134751773
637,YMR083W YDL125C,0.0,NA,4.988155188812403e-17,1120,10650,630,8,0.1410380399742102,0.0951571792693288,0.9929078014184397,0.9441489361702128,0.05585106382978723
638,YLR340W YBL075C,0.0,NA,4.989944215041233e-17,1120,10649,631,8,0.14111863313990974,0.09516526467839238,0.9929078014184397,0.9440602836879433,0.055939716312056735
639,YML063W YJL053W,0.0,NA,5.050266526647785e-17,1120,10648,632,8,0.14119922630560927,0.09517335146159075,0.9929078014184397,0.9439716312056737,0.05602836879432624
640,YHR107C YDR165W,0.0,NA,5.1200018227529455e-17,1120,10647,633,8,0.14127981947130883,0.09518143961927424,0.9929078014184397,0.9438829787234042,0.05611702127659574
641,YIL155C YJR161C,0.0,NA,5.134377560054627e-17,1120,10646,634,8,0.14136041263700838,0.09518952915179331,0.9929078014184397,0.9437943262411348,0.056205673758865246
642,YGL030W YKR024C,0.0,NA,5.1506988261570334e-17,1120,10645,635,8,0.14144100580270794,0.09519762005949851,0.9929078014184397,0.9437056737588653,0.05629432624113475
643,YPR127W YOR310C,0.0,NA,5.1525070429760743e-17,1120,10644,636,8,0.1415215989684075,0.09520571234274057,0.9929078014184397,0.9436170212765957,0.05638297872340425
644,YMR238W YIL103W,0.0,NA,5.191076820578197e-17,1120,10643,637,8,0.14160219213410702,0.09521380600187027,0.9929078014184397,0.9435283687943262,0.05647163120567376
645,YLR293C YCR028C,0.0,NA,5.301383009623368e-17,1120,10642,638,8,0.14168278529980657,0.09522190103723857,0.9929078014184397,0.9434397163120567,0.05656028368794326
646,YCR069W YLR117C,0.0,NA,5.3954364231208527e-17,1120,10641,639,8,0.14176337846550613,0.0952299974491965,0.9929078014184397,0.9433510638297873,0.056648936170212764
647,YJL091C YDR313C,0.0,NA,5.443771895034776e-17,1120,10640,640,8,0.14184397163120568,0.09523809523809523,0.9929078014184397,0.9432624113475178,0.05673758865248227
648,YNL030W YCR076C,0.0,NA,5.56496477355788e-17,1120,10639,641,8,0.1419245647969052,0.09524619440428608,0.9929078014184397,0.9431737588652482,0.05682624113475177
649,YKL127W YBR023C,0.0,NA,5.610387577098882e-17,1120,10638,642,8,0.14200515796260477,0.09525429494812043,0.9929078014184397,0.9430851063829787,0.056914893617021275
650,YLR348C YAL017W,0.0,NA,5.624423177732682e-17,1120,10637,643,8,0.14208575112830432,0.09526239686994982,0.9929078014184397,0.9429964539007092,0.05700354609929078
651,YJL011C YGR277C,0.0,NA,5.628351293025574e-17,1120,10636,644,8,0.14216634429400388,0.0952705001701259,0.9929078014184397,0.9429078014184397,0.05709219858156028
652,YKL137W YDR335W,0.0,NA,5.635999735841484e-17,1120,10635,645,8,0.1422469374597034,0.09527860484900043,0.9929078014184397,0.9428191489361702,0.057180851063829786
653,YKL180W YJL165C,0.0,NA,5.645790907316152e-17,1120,10634,646,8,0.14232753062540296,0.0952867109069253,0.9929078014184397,0.9427304964539007,0.05726950354609929
654,YGR034W YML105C,0.0,NA,5.650336430218253e-17,1120,10633,647,8,0.14240812379110251,0.09529481834425253,0.9929078014184397,0.9426418439716312,0.057358156028368794
655,YBR293W YNL217W,0.0,NA,5.658015313280706e-17,1120,10632,648,8,0.14248871695680207,0.09530292716133425,0.9929078014184397,0.9425531914893617,0.0574468085106383
656,YMR142C YDR201W,0.0,NA,5.778949118835958e-17,1120,10631,649,8,0.14256931012250162,0.09531103735852268,0.9929078014184397,0.9424645390070922,0.0575354609929078
657,YER082C YDL208W,0.0,NA,5.93418775875501e-17,1120,10630,650,8,0.14264990328820115,0.09531914893617022,0.9929078014184397,0.9423758865248227,0.057624113475177305
658,YMR280C YLR364W,0.0,NA,6.075863283606152e-17,1120,10629,651,8,0.1427304964539007,0.09532726189462933,0.9929078014184397,0.9422872340425532,0.05771276595744681
659,YER053C YIL008W,0.0,NA,6.120621033934662e-17,1120,10628,652,8,0.14281108961960026,0.09533537623425264,0.9929078014184397,0.9421985815602837,0.05780141843971631
660,YJR041C YPL096W,0.0,NA,6.163873977292815e-17,1120,10627,653,8,0.14289168278529982,0.09534349195539286,0.9929078014184397,0.9421099290780142,0.057890070921985816
661,YLR362W YMR260C,0.0,NA,6.201279084592462e-17,1120,10626,654,8,0.14297227595099934,0.09535160905840286,0.9929078014184397,0.9420212765957446,0.05797872340425532
662,YNL149C YDR330W,0.0,NA,6.428342809716229e-17,1120,10625,655,8,0.1430528691166989,0.09535972754363559,0.9929078014184397,0.9419326241134752,0.05806737588652482
663,YOR337W YER102W,0.0,NA,6.490090188082087e-17,1120,10624,656,8,0.14313346228239845,0.09536784741144415,0.9929078014184397,0.9418439716312057,0.05815602836879433
664,YPR137W YPL219W,0.0,NA,6.555205845902261e-17,1120,10623,657,8,0.143214055448098,0.09537596866218173,0.9929078014184397,0.9417553191489362,0.05824468085106383
665,YHR064C YOL045W,0.0,NA,6.564564236480441e-17,1120,10622,658,8,0.14329464861379754,0.09538409129620166,0.9929078014184397,0.9416666666666667,0.058333333333333334
666,YLR293C YLR381W,0.0,NA,6.582619273146759e-17,1120,10621,659,8,0.1433752417794971,0.09539221531385743,0.9929078014184397,0.9415780141843971,0.05842198581560284
667,YJL221C YIR012W,0.0,NA,6.599817350698471e-17,1120,10620,660,8,0.14345583494519665,0.09540034071550256,0.9929078014184397,0.9414893617021277,0.05851063829787234
668,YDL174C YOR258W,0.0,NA,6.608130846726874e-17,1120,10619,661,8,0.1435364281108962,0.09540846750149076,0.9929078014184397,0.9414007092198582,0.058599290780141845
669,YER174C YMR015C,0.0,NA,6.701907981899766e-17,1120,10618,662,8,0.14361702127659576,0.09541659567217584,0.9929078014184397,0.9413120567375887,0.05868794326241135
670,YPL175W YCR097W,0.0,NA,6.706843934050992e-17,1120,10617,663,8,0.14369761444229529,0.09542472522791173,0.9929078014184397,0.9412234042553191,0.05877659574468085
671,YNL274C YDR346C,0.0,NA,6.763521687878636e-17,1120,10616,664,8,0.14377820760799484,0.09543285616905249,0.9929078014184397,0.9411347517730496,0.058865248226950356
672,YPR186C YNL242W,0.0,NA,6.767832291486772e-17,1120,10615,665,8,0.1438588007736944,0.09544098849595228,0.9929078014184397,0.9410460992907801,0.05895390070921986
673,YKL011C YDL223C,0.0,NA,6.951995121321088e-17,1120,10614,666,8,0.14393939393939395,0.0954491222089654,0.9929078014184397,0.9409574468085107,0.059042553191489364
674,YGR081C YNL215W,0.0,NA,6.986982875998611e-17,1120,10613,667,8,0.14401998710509348,0.09545725730844626,0.9929078014184397,0.9408687943262412,0.05913120567375887
675,YHR107C YGR183C,0.0,NA,7.137846723093993e-17,1120,10612,668,8,0.14410058027079303,0.0954653937947494,0.9929078014184397,0.9407801418439716,0.05921985815602837
676,YIL008W YJL185C,0.0,NA,7.269859454901535e-17,1120,10611,669,8,0.1441811734364926,0.09547353166822947,0.9929078014184397,0.9406914893617021,0.059308510638297875
677,YOR075W YJL020C,0.0,NA,7.287185249139826e-17,1120,10610,670,8,0.14426176660219214,0.09548167092924126,0.9929078014184397,0.9406028368794326,0.05939716312056738
678,YKL180W YMR058W,0.0,NA,7.375474537256796e-17,1120,10609,671,8,0.14434235976789167,0.09548981157813966,0.9929078014184397,0.9405141843971632,0.05948581560283688
679,YHR166C YBR276C,0.0,NA,7.418986884455045e-17,1120,10608,672,8,0.14442295293359123,0.09549795361527967,0.9929078014184397,0.9404255319148936,0.059574468085106386
680,YDR379W YOR253W,0.0,NA,7.514949761678547e-17,1120,10607,673,8,0.14450354609929078,0.09550609704101645,0.9929078014184397,0.9403368794326241,0.05966312056737589
681,YHR138C YHR112C,0.0,NA,7.555738368555782e-17,1120,10606,674,8,0.14458413926499034,0.09551424185570527,0.9929078014184397,0.9402482269503546,0.05975177304964539
682,YOR040W YPL158C,0.0,NA,7.60391005870842e-17,1120,10605,675,8,0.1446647324306899,0.0955223880597015,0.9929078014184397,0.9401595744680851,0.0598404255319149
683,YMR284W YLR075W,0.0,NA,7.60811743017611e-17,1120,10604,676,8,0.14474532559638942,0.09553053565336063,0.9929078014184397,0.9400709219858157,0.0599290780141844
684,YHR138C YDL083C,0.0,NA,7.724980845373112e-17,1120,10603,677,8,0.14482591876208897,0.0955386846370383,0.9929078014184397,0.9399822695035461,0.060017730496453904
685,YGL195W YJR082C,0.0,NA,7.829289644105029e-17,1120,10602,678,8,0.14490651192778853,0.09554683501109026,0.9929078014184397,0.9398936170212766,0.0601063829787234
686,YDL222C YDR316W,0.0,NA,7.847828415993567e-17,1120,10601,679,8,0.14498710509348808,0.09555498677587236,0.9929078014184397,0.9398049645390071,0.060195035460992904
687,YNL289W YBR105C,0.0,NA,7.850582596561124e-17,1120,10600,680,8,0.1450676982591876,0.09556313993174062,0.9929078014184397,0.9397163120567376,0.06028368794326241
688,YDR299W YDR317W,0.0,NA,7.904101182193304e-17,1120,10599,681,8,0.14514829142488717,0.09557129447905112,0.9929078014184397,0.939627659574468,0.06037234042553191
689,YMR242C YER163C,0.0,NA,7.972082855399853e-17,1120,10598,682,8,0.14522888459058672,0.0955794504181601,0.9929078014184397,0.9395390070921986,0.060460992907801415
690,YPL265W YPR060C,0.0,NA,7.973786185717222e-17,1120,10597,683,8,0.14530947775628628,0.09558760774942392,0.9929078014184397,0.9394503546099291,0.06054964539007092
691,YPR030W YBR175W,0.0,NA,8.232363506945788e-17,1120,10596,684,8,0.1453900709219858,0.09559576647319905,0.9929078014184397,0.9393617021276596,0.06063829787234042
692,YLR348C YKL108W,0.0,NA,8.270639469994332e-17,1120,10595,685,8,0.14547066408768536,0.09560392658984208,0.9929078014184397,0.93927304964539,0.060726950354609927
693,YLR340W YNR007C,0.0,NA,8.392811399490454e-17,1120,10594,686,8,0.1455512572533849,0.09561208809970975,0.9929078014184397,0.9391843971631205,0.06081560283687943
694,YEL020C YBR268W,0.0,NA,8.408609887445727e-17,1120,10593,687,8,0.14563185041908447,0.09562025100315888,0.9929078014184397,0.9390957446808511,0.060904255319148934
695,YKL072W YGL261C,0.0,NA,8.578773512593195e-17,1120,10592,688,8,0.14571244358478402,0.09562841530054644,0.9929078014184397,0.9390070921985816,0.06099290780141844
696,YGL248W YLR307W,0.0,NA,8.676587289155346e-17,1120,10591,689,8,0.14579303675048355,0.09563658099222953,0.9929078014184397,0.9389184397163121,0.06108156028368794
697,YNL135C YJL011C,0.0,NA,8.831902029690753e-17,1120,10590,690,8,0.1458736299161831,0.09564474807856532,0.9929078014184397,0.9388297872340425,0.061170212765957445
698,YDL001W YDR184C,0.0,NA,8.852206997623214e-17,1120,10589,691,8,0.14595422308188266,0.09565291655991118,0.9929078014184397,0.938741134751773,0.06125886524822695
699,YDR377W YCR097W,0.0,NA,9.39108075598803e-17,1120,10588,692,8,0.14603481624758222,0.09566108643662453,0.9929078014184397,0.9386524822695036,0.06134751773049645
700,YDL083C YNL327W,0.0,NA,9.48030972128086e-17,1120,10587,693,8,0.14611540941328174,0.09566925770906295,0.9929078014184397,0.9385638297872341,0.061436170212765956
701,YPR144C YLL042C,0.0,NA,9.90258740922265e-17,1120,10586,694,8,0.1461960025789813,0.09567743037758414,0.9929078014184397,0.9384751773049645,0.06152482269503546
702,YNL289W YNL220W,0.0,NA,9.931717401674318e-17,1120,10585,695,8,0.14627659574468085,0.09568560444254592,0.9929078014184397,0.938386524822695,0.06161347517730496
703,YLR375W YFL045C,0.0,NA,9.96138870111884e-17,1120,10584,696,8,0.1463571889103804,0.09569377990430622,0.9929078014184397,0.9382978723404255,0.06170212765957447
704,YBR214W YBL052C,0.0,NA,9.99663916835891e-17,1120,10583,697,8,0.14643778207607994,0.0957019567632231,0.9929078014184397,0.938209219858156,0.06179078014184397
705,YDR096W YDR451C,0.0,NA,1.0009154080154592e-16,1120,10582,698,8,0.1465183752417795,0.09571013501965477,0.9929078014184397,0.9381205673758866,0.061879432624113474
706,YHR105W YFR048W,0.0,NA,1.0027421536802213e-16,1120,10581,699,8,0.14659896840747905,0.09571831467395948,0.9929078014184397,0.938031914893617,0.06196808510638298
707,YDR098C YIL087C,0.0,NA,1.0156774055759785e-16,1120,10580,700,8,0.1466795615731786,0.09572649572649573,0.9929078014184397,0.9379432624113475,0.06205673758865248
708,YMR058W YLR150W,0.0,NA,1.045494818203902e-16,1120,10579,701,8,0.14676015473887816,0.09573467817762202,0.9929078014184397,0.937854609929078,0.062145390070921985
709,YIL008W YEL039C,0.0,NA,1.0477825350804277e-16,1120,10578,702,8,0.14684074790457768,0.09574286202769704,0.9929078014184397,0.9377659574468085,0.06223404255319149
710,YDR347W YGR118W,0.0,NA,1.0558152529217056e-16,1120,10577,703,8,0.14692134107027724,0.09575104727707959,0.9929078014184397,0.937677304964539,0.06232269503546099
711,YDL222C YER102W,0.0,NA,1.0594220912646819e-16,1120,10576,704,8,0.1470019342359768,0.09575923392612859,0.9929078014184397,0.9375886524822695,0.062411347517730496
712,YNL121C YAL024C,0.0,NA,1.0679918809340782e-16,1120,10575,705,8,0.14708252740167635,0.09576742197520308,0.9929078014184397,0.9375,0.0625
713,YLR206W YMR230W,0.0,NA,1.0839994801482044e-16,1120,10574,706,8,0.14716312056737588,0.09577561142466222,0.9929078014184397,0.9374113475177305,0.0625886524822695
714,YNL137C YDR171W,0.0,NA,1.0992570581573166e-16,1120,10573,707,8,0.14724371373307543,0.0957838022748653,0.9929078014184397,0.937322695035461,0.06267730496453901
715,YNR047W YKL119C,0.0,NA,1.1136369644492854e-16,1120,10572,708,8,0.147324306898775,0.09579199452617174,0.9929078014184397,0.9372340425531915,0.0627659574468085
716,YDR139C YBR276C,0.0,NA,1.1380864381228828e-16,1120,10571,709,8,0.14740490006447454,0.09580018817894106,0.9929078014184397,0.937145390070922,0.06285460992907801
717,YDR316W YKL009W,0.0,NA,1.142645328263683e-16,1120,10570,710,8,0.14748549323017407,0.09580838323353294,0.9929078014184397,0.9370567375886525,0.06294326241134751
718,YGL105W YJR082C,0.0,NA,1.1442287504794565e-16,1120,10569,711,8,0.14756608639587362,0.09581657969030713,0.9929078014184397,0.936968085106383,0.06303191489361702
719,YBR137W YGL216W,0.0,NA,1.1480631627525583e-16,1120,10568,712,8,0.14764667956157318,0.09582477754962354,0.9929078014184397,0.9368794326241134,0.06312056737588652
720,YPL081W YCL047C,0.0,NA,1.1531985646930836e-16,1120,10567,713,8,0.14772727272727273,0.09583297681184222,0.9929078014184397,0.936790780141844,0.06320921985815603
721,YPR151C YIR003W,0.0,NA,1.1538982933168544e-16,1120,10566,714,8,0.14780786589297226,0.09584117747732329,0.9929078014184397,0.9367021276595745,0.06329787234042553
722,YOR355W YGR046W,0.0,NA,1.1617157456755216e-16,1120,10565,715,8,0.14788845905867182,0.09584937954642704,0.9929078014184397,0.936613475177305,0.06338652482269504
723,YER161C YNL220W,0.0,NA,1.167945408304781e-16,1120,10564,716,8,0.14796905222437137,0.09585758301951386,0.9929078014184397,0.9365248226950355,0.06347517730496453
724,YNR076W YER101C,0.0,NA,1.2071226673487624e-16,1120,10563,717,8,0.14804964539007093,0.09586578789694428,0.9929078014184397,0.9364361702127659,0.06356382978723404
725,YEL003W YPR166C,0.0,NA,1.235833510840437e-16,1120,10562,718,8,0.14813023855577048,0.09587399417907892,0.9929078014184397,0.9363475177304964,0.06365248226950354
726,YKL188C YDL148C,0.0,NA,1.2386655125600225e-16,1120,10561,719,8,0.14821083172147,0.09588220186627858,0.9929078014184397,0.936258865248227,0.06374113475177305
727,YDL125C YMR177W,0.0,NA,1.2732501324942116e-16,1120,10560,720,8,0.14829142488716957,0.0958904109589041,0.9929078014184397,0.9361702127659575,0.06382978723404255
728,YGR034W YNL066W,0.0,NA,1.2841227268145066e-16,1120,10559,721,8,0.14837201805286912,0.09589862145731655,0.9929078014184397,0.9360815602836879,0.06391843971631206
729,YNL194C YBL018C,0.0,NA,1.3174664434809682e-16,1120,10558,722,8,0.14845261121856868,0.09590683336187704,0.9929078014184397,0.9359929078014184,0.06400709219858156
730,YLR258W YOL052C,0.0,NA,1.3421193374108046e-16,1120,10557,723,8,0.1485332043842682,0.09591504667294681,0.9929078014184397,0.9359042553191489,0.06409574468085107
731,YKR066C YER082C,0.0,NA,1.3518307024999732e-16,1120,10556,724,8,0.14861379754996776,0.09592326139088729,0.9929078014184397,0.9358156028368795,0.06418439716312056
732,YHR012W YDR519W,0.0,NA,1.3901954716590806e-16,1120,10555,725,8,0.1486943907156673,0.09593147751605996,0.9929078014184397,0.93572695035461,0.06427304964539007
733,YGL248W YPR194C,0.0,NA,1.472141674141198e-16,1120,10554,726,8,0.14877498388136687,0.09593969504882645,0.9929078014184397,0.9356382978723404,0.06436170212765957
734,YIL074C YOR119C,0.0,NA,1.4854887958075575e-16,1120,10553,727,8,0.1488555770470664,0.09594791398954854,0.9929078014184397,0.9355496453900709,0.06445035460992908
735,YMR246W YFL062W,0.0,NA,1.496899653096053e-16,1120,10552,728,8,0.14893617021276595,0.09595613433858807,0.9929078014184397,0.9354609929078014,0.06453900709219858
736,YDR273W YJR144W,0.0,NA,1.524026280278566e-16,1120,10551,729,8,0.1490167633784655,0.09596435609630709,0.9929078014184397,0.935372340425532,0.06462765957446809
737,YEL003W YIL155C,0.0,NA,1.5399863662383072e-16,1120,10550,730,8,0.14909735654416506,0.0959725792630677,0.9929078014184397,0.9352836879432624,0.06471631205673758
738,YGL195W YNL122C,0.0,NA,1.5474594467643562e-16,1120,10549,731,8,0.14917794970986462,0.09598080383923216,0.9929078014184397,0.9351950354609929,0.0648049645390071
739,YLR105C YLR131C,0.0,NA,1.5559476433381304e-16,1120,10548,732,8,0.14925854287556414,0.09598902982516284,0.9929078014184397,0.9351063829787234,0.06489361702127659
740,YDR341C YOL013C,0.0,NA,1.5605721785323429e-16,1120,10547,733,8,0.1493391360412637,0.09599725722122225,0.9929078014184397,0.9350177304964539,0.0649822695035461
741,YLR362W YKR056W,0.0,NA,1.5706535911403431e-16,1120,10546,734,8,0.14941972920696325,0.09600548602777302,0.9929078014184397,0.9349290780141843,0.0650709219858156
742,YKL069W YJL050W,0.0,NA,1.5859339331599127e-16,1120,10545,735,8,0.1495003223726628,0.09601371624517788,0.9929078014184397,0.9348404255319149,0.06515957446808511
743,YKL150W YNL072W,0.0,NA,1.589386121815566e-16,1120,10544,736,8,0.14958091553836234,0.09602194787379972,0.9929078014184397,0.9347517730496454,0.06524822695035461
744,YIL115C YOR084W,0.0,NA,1.5902776239925512e-16,1120,10543,737,8,0.1496615087040619,0.09603018091400155,0.9929078014184397,0.9346631205673759,0.06533687943262412
745,YNL267W YER087C-A,0.0,NA,1.61936830882151e-16,1120,10542,738,8,0.14974210186976145,0.09603841536614646,0.9929078014184397,0.9345744680851064,0.06542553191489361
746,YGL191W YNL131W,0.0,NA,1.622596033746141e-16,1120,10541,739,8,0.149822695035461,0.09604665123059772,0.9929078014184397,0.9344858156028368,0.06551418439716312
747,YKL127W YFR048W,0.0,NA,1.6492802185626116e-16,1120,10540,740,8,0.14990328820116053,0.09605488850771869,0.9929078014184397,0.9343971631205674,0.06560283687943262
748,YMR325W YER101C,0.0,NA,1.662108003153186e-16,1120,10539,741,8,0.14998388136686008,0.09606312719787288,0.9929078014184397,0.9343085106382979,0.06569148936170213
749,YDR350C YHR136C,0.0,NA,1.7003168653104394e-16,1120,10538,742,8,0.15006447453255964,0.09607136730142392,0.9929078014184397,0.9342198581560284,0.06578014184397163
750,YJL107C YOR258W,0.0,NA,1.7337268887748032e-16,1120,10537,743,8,0.1501450676982592,0.09607960881873552,0.9929078014184397,0.9341312056737588,0.06586879432624114
751,YLL008W YBL092W,0.0,NA,1.7690280456428102e-16,1120,10536,744,8,0.15022566086395875,0.09608785175017158,0.9929078014184397,0.9340425531914893,0.06595744680851064
752,YBR169C YKR056W,0.0,NA,1.7731221264538047e-16,1120,10535,745,8,0.15030625402965828,0.0960960960960961,0.9929078014184397,0.9339539007092199,0.06604609929078015
753,YKL209C YKL051W,0.0,NA,1.7840387929571365e-16,1120,10534,746,8,0.15038684719535783,0.09610434185687318,0.9929078014184397,0.9338652482269504,0.06613475177304964
754,YGL030W YHL006C,0.0,NA,1.7994996588735897e-16,1120,10533,747,8,0.1504674403610574,0.09611258903286707,0.9929078014184397,0.9337765957446809,0.06622340425531915
755,YMR272C YGR089W,0.0,NA,1.8018626160986332e-16,1120,10532,748,8,0.15054803352675694,0.09612083762444215,0.9929078014184397,0.9336879432624113,0.06631205673758865
756,YPR032W YHR136C,0.0,NA,1.8092873892769091e-16,1120,10531,749,8,0.15062862669245647,0.09612908763196293,0.9929078014184397,0.9335992907801418,0.06640070921985816
757,YFL045C YKR027W,0.0,NA,1.8384458367416484e-16,1120,10530,750,8,0.15070921985815602,0.096137339055794,0.9929078014184397,0.9335106382978723,0.06648936170212766
758,YOL153C YBL026W,0.0,NA,1.860606468573087e-16,1120,10529,751,8,0.15078981302385558,0.0961455918963001,0.9929078014184397,0.9334219858156029,0.06657801418439717
759,YOR264W YLR332W,0.0,NA,1.875814680443242e-16,1120,10528,752,8,0.15087040618955513,0.09615384615384616,0.9929078014184397,0.9333333333333333,0.06666666666666667
760,YDR098C YPR166C,0.0,NA,1.896001328460884e-16,1120,10527,753,8,0.15095099935525466,0.09616210182879711,0.9929078014184397,0.9332446808510638,0.06675531914893618
761,YJL020C YMR202W,0.0,NA,1.93484268600172e-16,1120,10526,754,8,0.15103159252095422,0.09617035892151812,0.9929078014184397,0.9331560283687943,0.06684397163120567
762,YJL052W YJR122W,0.0,NA,1.9668720457620593e-16,1120,10525,755,8,0.15111218568665377,0.09617861743237441,0.9929078014184397,0.9330673758865248,0.06693262411347518
763,YPL081W YBL002W,0.0,NA,2.0090266256156397e-16,1120,10524,756,8,0.15119277885235333,0.09618687736173136,0.9929078014184397,0.9329787234042554,0.06702127659574468
764,YBR085W YOR226C,0.0,NA,2.0328557800042713e-16,1120,10523,757,8,0.15127337201805288,0.09619513870995448,0.9929078014184397,0.9328900709219858,0.06710992907801419
765,YJR041C YKR076W,0.0,NA,2.071756694549211e-16,1120,10522,758,8,0.1513539651837524,0.09620340147740938,0.9929078014184397,0.9328014184397163,0.06719858156028369
766,YKR066C YOR145C,0.0,NA,2.073424687710812e-16,1120,10521,759,8,0.15143455834945196,0.09621166566446182,0.9929078014184397,0.9327127659574468,0.0672872340425532
767,YDR096W YBR248C,0.0,NA,2.1014700809433e-16,1120,10520,760,8,0.15151515151515152,0.09621993127147767,0.9929078014184397,0.9326241134751773,0.0673758865248227
768,YGR081C YGR143W,0.0,NA,2.1108541472076935e-16,1120,10519,761,8,0.15159574468085107,0.09622819829882293,0.9929078014184397,0.9325354609929078,0.06746453900709219
769,YAL061W YKR042W,0.0,NA,2.1260305953423264e-16,1120,10518,762,8,0.1516763378465506,0.09623646674686372,0.9929078014184397,0.9324468085106383,0.0675531914893617
770,YPR162C YLR142W,0.0,NA,2.1512884560849596e-16,1120,10517,763,8,0.15175693101225016,0.09624473661596632,0.9929078014184397,0.9323581560283688,0.0676418439716312
771,YMR217W YIR002C,0.0,NA,2.1591648037032406e-16,1120,10516,764,8,0.1518375241779497,0.09625300790649707,0.9929078014184397,0.9322695035460993,0.06773049645390071
772,YEL003W YJL138C,0.0,NA,2.1787738811299736e-16,1120,10515,765,8,0.15191811734364927,0.09626128061882251,0.9929078014184397,0.9321808510638298,0.0678191489361702
773,YJR161C YKL009W,0.0,NA,2.1818180381330668e-16,1120,10514,766,8,0.1519987105093488,0.09626955475330927,0.9929078014184397,0.9320921985815603,0.06790780141843972
774,YNL103W YLR355C,0.0,NA,2.2298722024642734e-16,1120,10513,767,8,0.15207930367504835,0.09627783031032408,0.9929078014184397,0.9320035460992908,0.06799645390070921
775,YHR143W YGL073W,0.0,NA,2.2590765749966215e-16,1120,10512,768,8,0.1521598968407479,0.09628610729023383,0.9929078014184397,0.9319148936170213,0.06808510638297872
776,YAL044C YLR283W,0.0,NA,2.2603868290869055e-16,1120,10511,769,8,0.15224049000644746,0.09629438569340555,0.9929078014184397,0.9318262411347518,0.06817375886524822
777,YLR087C YMR260C,0.0,NA,2.2909435426591044e-16,1120,10510,770,8,0.15232108317214701,0.09630266552020636,0.9929078014184397,0.9317375886524822,0.06826241134751773
778,YGR081C YLR297W,0.0,NA,2.331872439368228e-16,1120,10509,771,8,0.15240167633784654,0.09631094677100352,0.9929078014184397,0.9316489361702127,0.06835106382978723
779,YML063W YDL246C,0.0,NA,2.344395027399995e-16,1120,10508,772,8,0.1524822695035461,0.09631922944616443,0.9929078014184397,0.9315602836879433,0.06843971631205674
780,YGL216W YBR201W,0.0,NA,2.3493009363513735e-16,1120,10507,773,8,0.15256286266924565,0.09632751354605659,0.9929078014184397,0.9314716312056738,0.06852836879432624
781,YJR009C YOR283W,0.0,NA,2.350834065985904e-16,1120,10506,774,8,0.1526434558349452,0.09633579907104765,0.9929078014184397,0.9313829787234043,0.06861702127659575
782,YPL119C YJR048W,0.0,NA,2.3660383073891185e-16,1120,10505,775,8,0.15272404900064473,0.09634408602150538,0.9929078014184397,0.9312943262411347,0.06870567375886524
783,YML073C YKL014C,0.0,NA,2.378898649808603e-16,1120,10504,776,8,0.1528046421663443,0.09635237439779766,0.9929078014184397,0.9312056737588652,0.06879432624113475
784,YBR296C YLR104W,0.0,NA,2.409613917360616e-16,1120,10503,777,8,0.15288523533204385,0.09636066420029252,0.9929078014184397,0.9311170212765958,0.06888297872340425
785,YER061C YOR272W,0.0,NA,2.4101194901510084e-16,1120,10502,778,8,0.1529658284977434,0.09636895542935811,0.9929078014184397,0.9310283687943263,0.06897163120567376
786,YDL083C YLR137W,0.0,NA,2.491695380416498e-16,1120,10501,779,8,0.15304642166344293,0.0963772480853627,0.9929078014184397,0.9309397163120567,0.06906028368794326
787,YNR055C YHR136C,0.0,NA,2.4933402125209474e-16,1120,10500,780,8,0.15312701482914248,0.0963855421686747,0.9929078014184397,0.9308510638297872,0.06914893617021277
788,YPR174C YMR112C,0.0,NA,2.5057262164899694e-16,1120,10499,781,8,0.15320760799484204,0.09639383767966263,0.9929078014184397,0.9307624113475177,0.06923758865248227
789,YGR131W YOR213C,0.0,NA,2.528617811285109e-16,1120,10498,782,8,0.1532882011605416,0.09640213461869512,0.9929078014184397,0.9306737588652483,0.06932624113475178
790,YFL027C YCL044C,0.0,NA,2.5397930875351493e-16,1120,10497,783,8,0.15336879432624115,0.096410432986141,0.9929078014184397,0.9305851063829788,0.06941489361702127
791,YMR095C YDR184C,0.0,NA,2.542536415493069e-16,1120,10496,784,8,0.15344938749194068,0.09641873278236915,0.9929078014184397,0.9304964539007092,0.06950354609929078
792,YHL037C YKL101W,0.0,NA,2.5443022144902984e-16,1120,10495,785,8,0.15352998065764023,0.0964270340077486,0.9929078014184397,0.9304078014184397,0.06959219858156028
793,YFL045C YOR307C,0.0,NA,2.5466617306439936e-16,1120,10494,786,8,0.15361057382333979,0.09643533666264853,0.9929078014184397,0.9303191489361702,0.06968085106382979
794,YMR260C YHR055C,0.0,NA,2.556648778487714e-16,1120,10493,787,8,0.15369116698903934,0.09644364074743822,0.9929078014184397,0.9302304964539007,0.06976950354609929
795,YDR272W YER070W,0.0,NA,2.587239638075599e-16,1120,10492,788,8,0.15377176015473887,0.09645194626248708,0.9929078014184397,0.9301418439716312,0.0698581560283688
796,YDR273W YDR519W,0.0,NA,2.594553238179548e-16,1120,10491,789,8,0.15385235332043842,0.09646025320816468,0.9929078014184397,0.9300531914893617,0.0699468085106383
797,YDL174C YOR101W,0.0,NA,2.604241177513769e-16,1120,10490,790,8,0.15393294648613798,0.09646856158484066,0.9929078014184397,0.9299645390070922,0.0700354609929078
798,YLR061W YBR114W,0.0,NA,2.6118025347547896e-16,1120,10489,791,8,0.15401353965183753,0.09647687139288483,0.9929078014184397,0.9298758865248227,0.0701241134751773
799,YOL116W YHR117W,0.0,NA,2.662228523687206e-16,1120,10488,792,8,0.15409413281753706,0.09648518263266713,0.9929078014184397,0.9297872340425531,0.07021276595744681
800,YKR049C YCL050C,0.0,NA,2.6693470415154906e-16,1120,10487,793,8,0.15417472598323662,0.0964934953045576,0.9929078014184397,0.9296985815602837,0.07030141843971631
801,YBR220C YNL088W,0.0,NA,2.6877186567458443e-16,1120,10486,794,8,0.15425531914893617,0.09650180940892641,0.9929078014184397,0.9296099290780142,0.07039007092198582
802,YBL060W YGL234W,0.0,NA,2.695480919614042e-16,1120,10485,795,8,0.15433591231463573,0.0965101249461439,0.9929078014184397,0.9295212765957447,0.07047872340425532
803,YDL125C YDR519W,0.0,NA,2.7191724311487447e-16,1120,10484,796,8,0.15441650548033528,0.09651844191658049,0.9929078014184397,0.9294326241134752,0.07056737588652483
804,YML073C YHR096C,0.0,NA,2.73822114334131e-16,1120,10483,797,8,0.1544970986460348,0.09652676032060674,0.9929078014184397,0.9293439716312056,0.07065602836879432
805,YOR040W YER122C,0.0,NA,2.7507424078840965e-16,1120,10482,798,8,0.15457769181173436,0.09653508015859334,0.9929078014184397,0.9292553191489362,0.07074468085106383
806,YPL265W YGR103W,0.0,NA,2.7747925849324023e-16,1120,10481,799,8,0.15465828497743392,0.09654340143091113,0.9929078014184397,0.9291666666666667,0.07083333333333333
807,YIL169C YNL127W,0.0,NA,2.776359595884823e-16,1120,10480,800,8,0.15473887814313347,0.09655172413793103,0.9929078014184397,0.9290780141843972,0.07092198581560284
808,YPL159C YNL001W,0.0,NA,2.7778850492832686e-16,1120,10479,801,8,0.154819471308833,0.09656004828002414,0.9929078014184397,0.9289893617021276,0.07101063829787234
809,YOR145C YHR067W,0.0,NA,2.785833394702066e-16,1120,10478,802,8,0.15490006447453256,0.09656837385756165,0.9929078014184397,0.9289007092198581,0.07109929078014185
810,YIR012W YCR052W,0.0,NA,2.8938152724004124e-16,1120,10477,803,8,0.1549806576402321,0.0965767008709149,0.9929078014184397,0.9288120567375886,0.07118794326241135
811,YMR083W YMR184W,0.0,NA,2.909954955814751e-16,1120,10476,804,8,0.15506125080593167,0.09658502932045533,0.9929078014184397,0.9287234042553192,0.07127659574468086
812,YJR141W YHR166C,0.0,NA,2.9248119137095915e-16,1120,10475,805,8,0.1551418439716312,0.09659335920655455,0.9929078014184397,0.9286347517730497,0.07136524822695035
813,YLR375W YNR076W,0.0,NA,2.951712621323204e-16,1120,10474,806,8,0.15522243713733075,0.09660169052958427,0.9929078014184397,0.9285460992907801,0.07145390070921986
814,YFR036W YML080W,0.0,NA,2.953571064549039e-16,1120,10473,807,8,0.1553030303030303,0.09661002328991633,0.9929078014184397,0.9284574468085106,0.07154255319148936
815,YGL196W YHR136C,0.0,NA,2.978030993785579e-16,1120,10472,808,8,0.15538362346872986,0.0966183574879227,0.9929078014184397,0.9283687943262411,0.07163120567375887
816,YML022W YGL071W,0.0,NA,2.9866773472924735e-16,1120,10471,809,8,0.15546421663442941,0.0966266931239755,0.9929078014184397,0.9282801418439717,0.07171985815602837
817,YDR392W YLR467W,0.0,NA,3.005329012791013e-16,1120,10470,810,8,0.15554480980012894,0.09663503019844694,0.9929078014184397,0.9281914893617021,0.07180851063829788
818,YDR044W YMR004W,0.0,NA,3.030737883626274e-16,1120,10469,811,8,0.1556254029658285,0.09664336871170938,0.9929078014184397,0.9281028368794326,0.07189716312056738
819,YHR102W YJL121C,0.0,NA,3.0314433032526593e-16,1120,10468,812,8,0.15570599613152805,0.09665170866413532,0.9929078014184397,0.9280141843971631,0.07198581560283689
820,YKL019W YDR217C,0.0,NA,3.054962761219951e-16,1120,10467,813,8,0.1557865892972276,0.09666005005609735,0.9929078014184397,0.9279255319148936,0.07207446808510638
821,YDL198C YBR111C,0.0,NA,3.0718608038198783e-16,1120,10466,814,8,0.15586718246292713,0.09666839288796823,0.9929078014184397,0.9278368794326242,0.07216312056737588
822,YGR091W YMR211W,0.0,NA,3.0750964696783897e-16,1120,10465,815,8,0.1559477756286267,0.09667673716012085,0.9929078014184397,0.9277482269503546,0.07225177304964539
823,YML063W YGL029W,0.0,NA,3.080544479716011e-16,1120,10464,816,8,0.15602836879432624,0.09668508287292818,0.9929078014184397,0.9276595744680851,0.07234042553191489
824,YMR325W YLR045C,0.0,NA,3.107845410397201e-16,1120,10463,817,8,0.1561089619600258,0.09669343002676337,0.9929078014184397,0.9275709219858156,0.0724290780141844
825,YJR153W YMR235C,0.0,NA,3.1493775533834477e-16,1120,10462,818,8,0.15618955512572533,0.09670177862199965,0.9929078014184397,0.9274822695035461,0.0725177304964539
826,YMR280C YLR340W,0.0,NA,3.1596541806160105e-16,1120,10461,819,8,0.15627014829142488,0.09671012865901045,0.9929078014184397,0.9273936170212767,0.0726063829787234
827,YDR299W YDR384C,0.0,NA,3.205117085873109e-16,1120,10460,820,8,0.15635074145712444,0.09671848013816926,0.9929078014184397,0.9273049645390071,0.0726950354609929
828,YML076C YBR293W,0.0,NA,3.224960950244909e-16,1120,10459,821,8,0.156431334622824,0.09672683305984973,0.9929078014184397,0.9272163120567376,0.07278368794326241
829,YKR042W YDR219C,0.0,NA,3.2713010639980077e-16,1120,10458,822,8,0.15651192778852352,0.09673518742442563,0.9929078014184397,0.9271276595744681,0.07287234042553191
830,YML075C YGR118W,0.0,NA,3.291253189768379e-16,1120,10457,823,8,0.15659252095422307,0.09674354323227088,0.9929078014184397,0.9270390070921986,0.07296099290780142
831,YPR163C YML105C,0.0,NA,3.3022447657479834e-16,1120,10456,824,8,0.15667311411992263,0.0967519004837595,0.9929078014184397,0.926950354609929,0.07304964539007092
832,YDR377W YPL094C,0.0,NA,3.3022447657479834e-16,1120,10455,825,8,0.15675370728562218,0.09676025917926566,0.9929078014184397,0.9268617021276596,0.07313829787234043
833,YLL019C YBR175W,0.0,NA,3.3765599954687275e-16,1120,10454,826,8,0.15683430045132174,0.09676861931916364,0.9929078014184397,0.9267730496453901,0.07322695035460992
834,YDL125C YPL057C,0.0,NA,3.3792403253511954e-16,1120,10453,827,8,0.15691489361702127,0.09677698090382787,0.9929078014184397,0.9266843971631206,0.07331560283687943
835,YLR240W YDR361C,0.0,NA,3.396143132511451e-16,1120,10452,828,8,0.15699548678272082,0.0967853439336329,0.9929078014184397,0.926595744680851,0.07340425531914893
836,YGL222C YNL119W,0.0,NA,3.4369889141126254e-16,1120,10451,829,8,0.15707607994842038,0.09679370840895342,0.9929078014184397,0.9265070921985815,0.07349290780141844
837,YHR063C YKL220C,0.0,NA,3.460551253122872e-16,1120,10450,830,8,0.15715667311411993,0.09680207433016422,0.9929078014184397,0.9264184397163121,0.07358156028368794
838,YGL030W YIR003W,0.0,NA,3.4790290121694285e-16,1120,10449,831,8,0.15723726627981946,0.09681044169764025,0.9929078014184397,0.9263297872340426,0.07367021276595745
839,YOR179C YDR165W,0.0,NA,3.522106990284414e-16,1120,10448,832,8,0.15731785944551901,0.09681881051175657,0.9929078014184397,0.926241134751773,0.07375886524822695
840,YLR245C YJL138C,0.0,NA,3.596853148017074e-16,1120,10447,833,8,0.15739845261121857,0.09682718077288839,0.9929078014184397,0.9261524822695035,0.07384751773049646
841,YAL044C YBR201W,0.0,NA,3.6413067605779595e-16,1120,10446,834,8,0.15747904577691813,0.09683555248141103,0.9929078014184397,0.926063829787234,0.07393617021276595
842,YGR278W YBR276C,0.0,NA,3.6455040735294006e-16,1120,10445,835,8,0.15755963894261765,0.09684392563769996,0.9929078014184397,0.9259751773049646,0.07402482269503546
843,YBR193C YJR014W,0.0,NA,3.73830976779091e-16,1120,10444,836,8,0.1576402321083172,0.09685230024213075,0.9929078014184397,0.9258865248226951,0.07411347517730496
844,YGR142W YJL006C,0.0,NA,3.756406891406794e-16,1120,10443,837,8,0.15772082527401676,0.09686067629507913,0.9929078014184397,0.9257978723404255,0.07420212765957447
845,YNL149C YJR009C,0.0,NA,3.7834433889897634e-16,1120,10442,838,8,0.15780141843971632,0.09686905379692094,0.9929078014184397,0.925709219858156,0.07429078014184397
846,YNL149C YKL085W,0.0,NA,3.787429208402187e-16,1120,10441,839,8,0.15788201160541587,0.09687743274803218,0.9929078014184397,0.9256205673758865,0.07437943262411348
847,YBR191W YMR278W,0.0,NA,3.7986571595136347e-16,1120,10440,840,8,0.1579626047711154,0.09688581314878893,0.9929078014184397,0.925531914893617,0.07446808510638298
848,YCR016W YHR030C,0.0,NA,3.8116194105845857e-16,1120,10439,841,8,0.15804319793681496,0.09689419499956743,0.9929078014184397,0.9254432624113476,0.07455673758865249
849,YJL052W YPL005W,0.0,NA,3.8477911585036925e-16,1120,10438,842,8,0.1581237911025145,0.09690257830074407,0.9929078014184397,0.925354609929078,0.07464539007092198
850,YMR060C YKL001C,0.0,NA,3.8637796994765055e-16,1120,10437,843,8,0.15820438426821407,0.09691096305269534,0.9929078014184397,0.9252659574468085,0.0747340425531915
851,YDL143W YDL064W,0.0,NA,3.87773324379354e-16,1120,10436,844,8,0.1582849774339136,0.09691934925579786,0.9929078014184397,0.925177304964539,0.07482269503546099
852,YBR104W YML124C,0.0,NA,3.883284485971608e-16,1120,10435,845,8,0.15836557059961315,0.09692773691042839,0.9929078014184397,0.9250886524822695,0.0749113475177305
853,YDR341C YJL096W,0.0,NA,3.9062091679912495e-16,1120,10434,846,8,0.1584461637653127,0.09693612601696382,0.9929078014184397,0.925,0.075
854,YJL145W YDL207W,0.0,NA,3.908400336346678e-16,1120,10433,847,8,0.15852675693101226,0.09694451657578118,0.9929078014184397,0.9249113475177305,0.07508865248226951
855,YJR140C YDR184C,0.0,NA,3.9450543636501277e-16,1120,10432,848,8,0.15860735009671179,0.09695290858725762,0.9929078014184397,0.924822695035461,0.075177304964539
856,YDL150W YBR189W,0.0,NA,3.956583805551239e-16,1120,10431,849,8,0.15868794326241134,0.0969613020517704,0.9929078014184397,0.9247340425531915,0.07526595744680852
857,YDR498C YOR101W,0.0,NA,3.97991056352303e-16,1120,10430,850,8,0.1587685364281109,0.09696969696969697,0.9929078014184397,0.924645390070922,0.07535460992907801
858,YNL299W YBR019C,0.0,NA,4.0079748826479333e-16,1120,10429,851,8,0.15884912959381045,0.09697809334141484,0.9929078014184397,0.9245567375886525,0.07544326241134752
859,YJL191W YJL151C,0.0,NA,4.03543622019351e-16,1120,10428,852,8,0.15892972275951,0.0969864911673017,0.9929078014184397,0.924468085106383,0.07553191489361702
860,YNL122C YLR435W,0.0,NA,4.0657679406390943e-16,1120,10427,853,8,0.15901031592520953,0.09699489044773535,0.9929078014184397,0.9243794326241135,0.07562056737588653
861,YKR049C YER061C,0.0,NA,4.0742292703865727e-16,1120,10426,854,8,0.1590909090909091,0.09700329118309371,0.9929078014184397,0.924290780141844,0.07570921985815603
862,YER131W YDR228C,0.0,NA,4.08616767038253e-16,1120,10425,855,8,0.15917150225660864,0.09701169337375487,0.9929078014184397,0.9242021276595744,0.07579787234042554
863,YPL175W YBR189W,0.0,NA,4.0961248073753003e-16,1120,10424,856,8,0.1592520954223082,0.09702009702009702,0.9929078014184397,0.9241134751773049,0.07588652482269503
864,YLR057W YAL015C,0.0,NA,4.1227269358750057e-16,1120,10423,857,8,0.15933268858800773,0.09702850212249849,0.9929078014184397,0.9240248226950355,0.07597517730496454
865,YDR379W YOR283W,0.0,NA,4.126770724104757e-16,1120,10422,858,8,0.15941328175370728,0.09703690868133773,0.9929078014184397,0.923936170212766,0.07606382978723404
866,YJL210W YLR150W,0.0,NA,4.177981277304568e-16,1120,10421,859,8,0.15949387491940684,0.09704531669699333,0.9929078014184397,0.9238475177304964,0.07615248226950355
867,YOR316C YBL092W,0.0,NA,4.238742656380263e-16,1120,10420,860,8,0.1595744680851064,0.09705372616984402,0.9929078014184397,0.9237588652482269,0.07624113475177305
868,YMR023C YMR140W,0.0,NA,4.2626438085694113e-16,1120,10419,861,8,0.15965506125080592,0.09706213710026865,0.9929078014184397,0.9236702127659574,0.07632978723404256
869,YDR234W YGR084C,0.0,NA,4.30449147132851e-16,1120,10418,862,8,0.15973565441650547,0.09707054948864621,0.9929078014184397,0.923581560283688,0.07641843971631206
870,YOR022C YMR238W,0.0,NA,4.3105384924785176e-16,1120,10417,863,8,0.15981624758220503,0.09707896333535582,0.9929078014184397,0.9234929078014185,0.07650709219858157
871,YAL061W YBR133C,0.0,NA,4.3815772928801637e-16,1120,10416,864,8,0.15989684074790458,0.0970873786407767,0.9929078014184397,0.9234042553191489,0.07659574468085106
872,YDR185C YMR310C,0.0,NA,4.436914484719879e-16,1120,10415,865,8,0.15997743391360414,0.09709579540528826,0.9929078014184397,0.9233156028368794,0.07668439716312057
873,YML124C YER056C,0.0,NA,4.4372188871852987e-16,1120,10414,866,8,0.16005802707930367,0.09710421362926998,0.9929078014184397,0.9232269503546099,0.07677304964539007
874,YLR147C YDR338C,0.0,NA,4.586584412406326e-16,1120,10413,867,8,0.16013862024500322,0.09711263331310153,0.9929078014184397,0.9231382978723405,0.07686170212765958
875,YNL240C YBR296C,0.0,NA,4.609860877796874e-16,1120,10412,868,8,0.16021921341070278,0.09712105445716268,0.9929078014184397,0.923049645390071,0.07695035460992908
876,YLR072W YHR136C,0.0,NA,4.627939207869241e-16,1120,10411,869,8,0.16029980657640233,0.09712947706183332,0.9929078014184397,0.9229609929078014,0.07703900709219857
877,YNL001W YGL035C,0.0,NA,4.647966772511477e-16,1120,10410,870,8,0.16038039974210186,0.0971379011274935,0.9929078014184397,0.9228723404255319,0.07712765957446809
878,YKL073W YLR223C,0.0,NA,4.664307626250789e-16,1120,10409,871,8,0.16046099290780141,0.09714632665452337,0.9929078014184397,0.9227836879432624,0.07721631205673758
879,YPR174C YOR272W,0.0,NA,4.771058129802064e-16,1120,10408,872,8,0.16054158607350097,0.09715475364330327,0.9929078014184397,0.922695035460993,0.07730496453900709
880,YBR203W YGR120C,0.0,NA,4.831756510802307e-16,1120,10407,873,8,0.16062217923920052,0.09716318209421358,0.9929078014184397,0.9226063829787234,0.07739361702127659
881,YPR166C YMR278W,0.0,NA,4.845600205533995e-16,1120,10406,874,8,0.16070277240490005,0.09717161200763491,0.9929078014184397,0.9225177304964539,0.0774822695035461
882,YNL053W YKR056W,0.0,NA,4.8505749359123375e-16,1120,10405,875,8,0.1607833655705996,0.09718004338394794,0.9929078014184397,0.9224290780141844,0.0775709219858156
883,YBR105C YKL161C,0.0,NA,4.899577380097775e-16,1120,10404,876,8,0.16086395873629916,0.0971884762235335,0.9929078014184397,0.9223404255319149,0.07765957446808511
884,YLR131C YML105C,0.0,NA,4.90627317554582e-16,1120,10403,877,8,0.16094455190199872,0.09719691052677254,0.9929078014184397,0.9222517730496453,0.0777482269503546
885,YDR152W YER150W,0.0,NA,4.911553896576359e-16,1120,10402,878,8,0.16102514506769827,0.09720534629404617,0.9929078014184397,0.9221631205673759,0.07783687943262411
886,YPL219W YDL018C,0.0,NA,4.939851679157349e-16,1120,10401,879,8,0.1611057382333978,0.09721378352573562,0.9929078014184397,0.9220744680851064,0.07792553191489361
887,YOL128C YBR273C,0.0,NA,5.0607407507850745e-16,1120,10400,880,8,0.16118633139909735,0.09722222222222222,0.9929078014184397,0.9219858156028369,0.07801418439716312
888,YKR070W YJR132W,0.0,NA,5.077060428700705e-16,1120,10399,881,8,0.1612669245647969,0.09723066238388749,0.9929078014184397,0.9218971631205674,0.07810283687943262
889,YMR286W YBR076W,0.0,NA,5.081516880794446e-16,1120,10398,882,8,0.16134751773049646,0.09723910401111303,0.9929078014184397,0.9218085106382978,0.07819148936170213
890,YGR034W YBL075C,0.0,NA,5.162956981090579e-16,1120,10397,883,8,0.161428110896196,0.09724754710428063,0.9929078014184397,0.9217198581560284,0.07828014184397163
891,YLL008W YMR087W,0.0,NA,5.184765961900009e-16,1120,10396,884,8,0.16150870406189555,0.09725599166377215,0.9929078014184397,0.9216312056737589,0.07836879432624114
892,YPR166C YOR288C,0.0,NA,5.192742894680777e-16,1120,10395,885,8,0.1615892972275951,0.0972644376899696,0.9929078014184397,0.9215425531914894,0.07845744680851063
893,YLR057W YPR107C,0.0,NA,5.240981950422501e-16,1120,10394,886,8,0.16166989039329466,0.09727288518325516,0.9929078014184397,0.9214539007092198,0.07854609929078014
894,YKR070W YDR312W,0.0,NA,5.248485074148398e-16,1120,10393,887,8,0.16175048355899418,0.09728133414401112,0.9929078014184397,0.9213652482269503,0.07863475177304964
895,YMR262W YPR043W,0.0,NA,5.276368339980826e-16,1120,10392,888,8,0.16183107672469374,0.09728978457261987,0.9929078014184397,0.9212765957446809,0.07872340425531915
896,YOR223W YHR058C,0.0,NA,5.306039374727552e-16,1120,10391,889,8,0.1619116698903933,0.09729823646946399,0.9929078014184397,0.9211879432624114,0.07881205673758865
897,YGR207C YBL046W,0.0,NA,5.332966552120766e-16,1120,10390,890,8,0.16199226305609285,0.09730668983492616,0.9929078014184397,0.9210992907801419,0.07890070921985816
898,YPL240C YDR528W,0.0,NA,5.42000818717621e-16,1120,10389,891,8,0.1620728562217924,0.09731514466938918,0.9929078014184397,0.9210106382978723,0.07898936170212766
899,YNL066W YKL161C,0.0,NA,5.424786511789908e-16,1120,10388,892,8,0.16215344938749193,0.09732360097323602,0.9929078014184397,0.9209219858156028,0.07907801418439717
900,YNL299W YCR094W,0.0,NA,5.432117052552802e-16,1120,10387,893,8,0.1622340425531915,0.09733205874684975,0.9929078014184397,0.9208333333333333,0.07916666666666666
901,YCL044C YPL006W,0.0,NA,5.460704943918227e-16,1120,10386,894,8,0.16231463571889104,0.09734051799061359,0.9929078014184397,0.9207446808510639,0.07925531914893617
902,YKL069W YLR407W,0.0,NA,5.4964841450058405e-16,1120,10385,895,8,0.1623952288845906,0.09734897870491091,0.9929078014184397,0.9206560283687943,0.07934397163120567
903,YKR095W YHR053C,0.0,NA,5.618850759730933e-16,1120,10384,896,8,0.16247582205029013,0.09735744089012517,0.9929078014184397,0.9205673758865248,0.07943262411347518
904,YOR145C YLR407W,0.0,NA,5.660414666452702e-16,1120,10383,897,8,0.16255641521598968,0.09736590454664,0.9929078014184397,0.9204787234042553,0.07952127659574468
905,YNL068C YER025W,0.0,NA,5.693439422274963e-16,1120,10382,898,8,0.16263700838168924,0.09737436967483916,0.9929078014184397,0.9203900709219858,0.07960992907801419
906,YDR283C YML077W,0.0,NA,5.7100349152940425e-16,1120,10381,899,8,0.1627176015473888,0.09738283627510651,0.9929078014184397,0.9203014184397164,0.07969858156028369
907,YFL033C YKR105C,0.0,NA,5.728011601412739e-16,1120,10380,900,8,0.16279819471308832,0.09739130434782609,0.9929078014184397,0.9202127659574468,0.0797872340425532
908,YER102W YMR140W,0.0,NA,5.758640312785454e-16,1120,10379,901,8,0.16287878787878787,0.09739977389338203,0.9929078014184397,0.9201241134751773,0.07987588652482269
909,YJL091C YGR118W,0.0,NA,5.774522709942065e-16,1120,10378,902,8,0.16295938104448743,0.09740824491215863,0.9929078014184397,0.9200354609929078,0.0799645390070922
910,YPR137W YNR051C,0.0,NA,5.795796471807948e-16,1120,10377,903,8,0.16303997421018698,0.09741671740454032,0.9929078014184397,0.9199468085106383,0.0800531914893617
911,YGR134W YBR268W,0.0,NA,5.832726049517052e-16,1120,10376,904,8,0.16312056737588654,0.09742519137091162,0.9929078014184397,0.9198581560283688,0.08014184397163121
912,YGL245W YPL159C,0.0,NA,5.846068936018675e-16,1120,10375,905,8,0.16320116054158607,0.09743366681165724,0.9929078014184397,0.9197695035460993,0.08023049645390071
913,YKL186C YNR009W,0.0,NA,5.865726982537671e-16,1120,10374,906,8,0.16328175370728562,0.09744214372716199,0.9929078014184397,0.9196808510638298,0.08031914893617022
914,YKL069W YBR183W,0.0,NA,5.874796058424805e-16,1120,10373,907,8,0.16336234687298518,0.09745062211781085,0.9929078014184397,0.9195921985815603,0.08040780141843971
915,YJL011C YPR115W,0.0,NA,5.875759558402307e-16,1120,10372,908,8,0.16344294003868473,0.09745910198398886,0.9929078014184397,0.9195035460992907,0.08049645390070923
916,YDR479C YMR242C,0.0,NA,5.944250642517289e-16,1120,10371,909,8,0.16352353320438426,0.09746758332608128,0.9929078014184397,0.9194148936170212,0.08058510638297872
917,YDR171W YOL128C,0.0,NA,6.014915954328755e-16,1120,10370,910,8,0.1636041263700838,0.09747606614447346,0.9929078014184397,0.9193262411347518,0.08067375886524823
918,YOR310C YBL008W,0.0,NA,6.019253821809881e-16,1120,10369,911,8,0.16368471953578337,0.09748455043955087,0.9929078014184397,0.9192375886524823,0.08076241134751773
919,YNL327W YBR169C,0.0,NA,6.031459037184224e-16,1120,10368,912,8,0.16376531270148292,0.09749303621169916,0.9929078014184397,0.9191489361702128,0.08085106382978724
920,YOR312C YGL073W,0.0,NA,6.059941049431242e-16,1120,10367,913,8,0.16384590586718245,0.09750152346130408,0.9929078014184397,0.9190602836879432,0.08093971631205674
921,YHL044W YJR132W,0.0,NA,6.082707177471069e-16,1120,10366,914,8,0.163926499032882,0.09751001218875152,0.9929078014184397,0.9189716312056737,0.08102836879432625
922,YLR137W YLR448W,0.0,NA,6.134017257042183e-16,1120,10365,915,8,0.16400709219858156,0.09751850239442751,0.9929078014184397,0.9188829787234043,0.08111702127659574
923,YLR355C YLR224W,0.0,NA,6.147369672664463e-16,1120,10364,916,8,0.16408768536428112,0.09752699407871822,0.9929078014184397,0.9187943262411348,0.08120567375886525
924,YBL047C YOR145C,0.0,NA,6.151967473381277e-16,1120,10363,917,8,0.16416827852998067,0.09753548724200993,0.9929078014184397,0.9187056737588652,0.08129432624113475
925,YBL092W YKR096W,0.0,NA,6.300620167437631e-16,1120,10362,918,8,0.1642488716956802,0.09754398188468907,0.9929078014184397,0.9186170212765957,0.08138297872340426
926,YPL131W YOR265W,0.0,NA,6.330011681311763e-16,1120,10361,919,8,0.16432946486137975,0.09755247800714223,0.9929078014184397,0.9185283687943262,0.08147163120567376
927,YGL105W YPR160W,0.0,NA,6.355392494180646e-16,1120,10360,920,8,0.1644100580270793,0.0975609756097561,0.9929078014184397,0.9184397163120568,0.08156028368794327
928,YHR071W YDR184C,0.0,NA,6.390814353243637e-16,1120,10359,921,8,0.16449065119277886,0.0975694746929175,0.9929078014184397,0.9183510638297873,0.08164893617021277
929,YBR085W YNL125C,0.0,NA,6.41438357439658e-16,1120,10358,922,8,0.1645712443584784,0.09757797525701342,0.9929078014184397,0.9182624113475177,0.08173758865248226
930,YBR248C YGL219C,0.0,NA,6.470934140933237e-16,1120,10357,923,8,0.16465183752417795,0.09758647730243095,0.9929078014184397,0.9181737588652482,0.08182624113475177
931,YOL090W YJL052W,0.0,NA,6.516737447556013e-16,1120,10356,924,8,0.1647324306898775,0.09759498082955734,0.9929078014184397,0.9180851063829787,0.08191489361702127
932,YGL215W YJR132W,0.0,NA,6.521661885353113e-16,1120,10355,925,8,0.16481302385557706,0.09760348583877995,0.9929078014184397,0.9179964539007093,0.08200354609929078
933,YDR542W YOL052C,0.0,NA,6.522980080377278e-16,1120,10354,926,8,0.16489361702127658,0.09761199233048631,0.9929078014184397,0.9179078014184398,0.08209219858156028
934,YHR197W YMR123W,0.0,NA,6.864141128729668e-16,1120,10353,927,8,0.16497421018697614,0.09762050030506407,0.9929078014184397,0.9178191489361702,0.08218085106382979
935,YCR076C YER124C,0.0,NA,6.879319429748873e-16,1120,10352,928,8,0.1650548033526757,0.09762900976290098,0.9929078014184397,0.9177304964539007,0.08226950354609928
936,YNL273W YDR350C,0.0,NA,6.9156825541745e-16,1120,10351,929,8,0.16513539651837525,0.09763752070438497,0.9929078014184397,0.9176418439716312,0.0823581560283688
937,YLR375W YDR044W,0.0,NA,6.936502094622419e-16,1120,10350,930,8,0.16521598968407478,0.0976460331299041,0.9929078014184397,0.9175531914893617,0.08244680851063829
938,YDL083C YJR098C,0.0,NA,6.992185511179325e-16,1120,10349,931,8,0.16529658284977433,0.09765454703984654,0.9929078014184397,0.9174645390070922,0.0825354609929078
939,YML080W YCR052W,0.0,NA,7.047778930485585e-16,1120,10348,932,8,0.1653771760154739,0.09766306243460063,0.9929078014184397,0.9173758865248227,0.0826241134751773
940,YPL115C YJR082C,0.0,NA,7.103000714086237e-16,1120,10347,933,8,0.16545776918117344,0.09767157931455481,0.9929078014184397,0.9172872340425532,0.08271276595744681
941,YJL091C YJR082C,0.0,NA,7.146377800710721e-16,1120,10346,934,8,0.165538362346873,0.09768009768009768,0.9929078014184397,0.9171985815602837,0.0828014184397163
942,YHR174W YNL014W,0.0,NA,7.46238991146354e-16,1120,10345,935,8,0.16561895551257252,0.09768861753161796,0.9929078014184397,0.9171099290780141,0.08289007092198582
943,YOR245C YMR058W,0.0,NA,7.478291366861463e-16,1120,10344,936,8,0.16569954867827208,0.09769713886950454,0.9929078014184397,0.9170212765957447,0.08297872340425531
944,YJL053W YHR021C,0.0,NA,7.482942636533073e-16,1120,10343,937,8,0.16578014184397163,0.09770566169414638,0.9929078014184397,0.9169326241134752,0.08306737588652482
945,YKL207W YEL020C,0.0,NA,7.510138217491449e-16,1120,10342,938,8,0.1658607350096712,0.09771418600593265,0.9929078014184397,0.9168439716312057,0.08315602836879432
946,YGR183C YOR192C,0.0,NA,7.538554584685055e-16,1120,10341,939,8,0.16594132817537072,0.09772271180525259,0.9929078014184397,0.9167553191489362,0.08324468085106383
947,YHR053C YLR448W,0.0,NA,7.688852110845858e-16,1120,10340,940,8,0.16602192134107027,0.09773123909249563,0.9929078014184397,0.9166666666666666,0.08333333333333333
948,YNL305C YGL035C,0.0,NA,7.792287009804224e-16,1120,10339,941,8,0.16610251450676983,0.09773976786805132,0.9929078014184397,0.9165780141843972,0.08342198581560284
949,YOR312C YGL009C,0.0,NA,7.80070334092638e-16,1120,10338,942,8,0.16618310767246938,0.0977482981323093,0.9929078014184397,0.9164893617021277,0.08351063829787234
950,YLR307W YCR031C,0.0,NA,7.812764560699689e-16,1120,10337,943,8,0.1662637008381689,0.09775682988565942,0.9929078014184397,0.9164007092198582,0.08359929078014185
951,YBL107C YJR009C,0.0,NA,7.832310375353174e-16,1120,10336,944,8,0.16634429400386846,0.09776536312849161,0.9929078014184397,0.9163120567375886,0.08368794326241134
952,YKR049C YPL023C,0.0,NA,7.884651188141978e-16,1120,10335,945,8,0.16642488716956802,0.09777389786119599,0.9929078014184397,0.9162234042553191,0.08377659574468085
953,YDL104C YJR126C,1.0,NA,7.990202081281704e-16,1119,10335,945,9,0.16634429400386846,0.09769512833944474,0.9920212765957447,0.9162234042553191,0.08377659574468085
954,YGL062W YCR105W,0.0,NA,8.015785652662336e-16,1119,10334,946,9,0.16642488716956802,0.09770365843010564,0.9920212765957447,0.9161347517730496,0.08386524822695035
955,YGL216W YMR158W,0.0,NA,8.032743252266367e-16,1119,10333,947,9,0.16650548033526757,0.09771219001047853,0.9920212765957447,0.9160460992907802,0.08395390070921986
956,YNR073C YGL073W,0.0,NA,8.111138798512713e-16,1119,10332,948,9,0.16658607350096713,0.09772072308095363,0.9920212765957447,0.9159574468085107,0.08404255319148936
957,YOL144W YBR175W,0.0,NA,8.120210521377806e-16,1119,10331,949,9,0.16666666666666666,0.09772925764192139,0.9920212765957447,0.9158687943262411,0.08413120567375887
958,YNL137C YGL191W,0.0,NA,8.40367592052797e-16,1119,10330,950,9,0.1667472598323662,0.09773779369377238,0.9920212765957447,0.9157801418439716,0.08421985815602837
959,YIL088C YDR428C,0.0,NA,8.446420379419975e-16,1119,10329,951,9,0.16682785299806577,0.09774633123689727,0.9920212765957447,0.9156914893617021,0.08430851063829788
960,YBR201W YGL257C,0.0,NA,8.504747597563498e-16,1119,10328,952,9,0.16690844616376532,0.0977548702716869,0.9920212765957447,0.9156028368794327,0.08439716312056737
961,YDR244W YPR035W,0.0,NA,8.617940845469826e-16,1119,10327,953,9,0.16698903932946485,0.09776341079853224,0.9920212765957447,0.9155141843971631,0.08448581560283688
962,YGR038W YPL098C,0.0,NA,8.816287903750406e-16,1119,10326,954,9,0.1670696324951644,0.09777195281782437,0.9920212765957447,0.9154255319148936,0.08457446808510638
963,YPL158C YDR312W,0.0,NA,8.818238197111459e-16,1119,10325,955,9,0.16715022566086396,0.09778049632995456,0.9920212765957447,0.9153368794326241,0.08466312056737589
964,YJL006C YPL112C,0.0,NA,8.884418469467213e-16,1119,10324,956,9,0.16723081882656352,0.09778904133531417,0.9920212765957447,0.9152482269503546,0.08475177304964539
965,YOL055C YML021C,0.0,NA,8.897475482349138e-16,1119,10323,957,9,0.16731141199226304,0.09779758783429471,0.9920212765957447,0.9151595744680852,0.0848404255319149
966,YKL069W YFL029C,0.0,NA,8.941129442868257e-16,1119,10322,958,9,0.1673920051579626,0.09780613582728782,0.9920212765957447,0.9150709219858156,0.0849290780141844
967,YLR085C YDL137W,0.0,NA,8.944267699937834e-16,1119,10321,959,9,0.16747259832366215,0.09781468531468532,0.9920212765957447,0.9149822695035461,0.0850177304964539
968,YDL207W YBL002W,0.0,NA,8.951572300316718e-16,1119,10320,960,9,0.1675531914893617,0.0978232362968791,0.9920212765957447,0.9148936170212766,0.0851063829787234
969,YCR037C YER070W,0.0,NA,9.00070868158694e-16,1119,10319,961,9,0.16763378465506126,0.09783178877426124,0.9920212765957447,0.9148049645390071,0.08519503546099291
970,YBR085W YGL004C,0.0,NA,9.082555357697755e-16,1119,10318,962,9,0.1677143778207608,0.09784034274722392,0.9920212765957447,0.9147163120567375,0.08528368794326241
971,YML063W YJL096W,0.0,NA,9.09101298167609e-16,1119,10317,963,9,0.16779497098646035,0.0978488982161595,0.9920212765957447,0.9146276595744681,0.08537234042553192
972,YMR058W YKL009W,0.0,NA,9.185972786601585e-16,1119,10316,964,9,0.1678755641521599,0.09785745518146043,0.9920212765957447,0.9145390070921986,0.08546099290780142
973,YDR034C YML105C,0.0,NA,9.25205194439926e-16,1119,10315,965,9,0.16795615731785946,0.09786601364351932,0.9920212765957447,0.9144503546099291,0.08554964539007093
974,YGR046W YOR310C,0.0,NA,9.26720536382564e-16,1119,10314,966,9,0.16803675048355898,0.09787457360272894,0.9920212765957447,0.9143617021276595,0.08563829787234042
975,YBR085W YDL198C,0.0,NA,9.328672427225517e-16,1119,10313,967,9,0.16811734364925854,0.09788313505948215,0.9920212765957447,0.91427304964539,0.08572695035460993
976,YHR011W YLR075W,0.0,NA,9.41163506924434e-16,1119,10312,968,9,0.1681979368149581,0.09789169801417198,0.9920212765957447,0.9141843971631206,0.08581560283687943
977,YKL150W YBL075C,0.0,NA,9.548074077596878e-16,1119,10311,969,9,0.16827852998065765,0.0979002624671916,0.9920212765957447,0.9140957446808511,0.08590425531914894
978,YLR284C YEL061C,0.0,NA,9.643797270966086e-16,1119,10310,970,9,0.16835912314635718,0.0979088284189343,0.9920212765957447,0.9140070921985816,0.08599290780141844
979,YNL064C YNL311C,0.0,NA,9.67367847576285e-16,1119,10309,971,9,0.16843971631205673,0.09791739586979349,0.9920212765957447,0.913918439716312,0.08608156028368795
980,YOL144W YDR541C,0.0,NA,9.727854703069235e-16,1119,10308,972,9,0.16852030947775629,0.09792596482016278,0.9920212765957447,0.9138297872340425,0.08617021276595745
981,YDR197W YLL019C,0.0,NA,9.785767404464196e-16,1119,10307,973,9,0.16860090264345584,0.09793453527043584,0.9920212765957447,0.9137411347517731,0.08625886524822696
982,YGL248W YJR074W,0.0,NA,9.799588864581018e-16,1119,10306,974,9,0.1686814958091554,0.09794310722100656,0.9920212765957447,0.9136524822695036,0.08634751773049645
983,YOR064C YMR123W,0.0,NA,9.878181875383192e-16,1119,10305,975,9,0.16876208897485492,0.0979516806722689,0.9920212765957447,0.913563829787234,0.08643617021276596
984,YHR168W YMR244C-A,0.0,NA,9.977633072511503e-16,1119,10304,976,9,0.16884268214055448,0.09796025562461701,0.9920212765957447,0.9134751773049645,0.08652482269503546
985,YPR151C YIL070C,0.0,NA,9.998398085213443e-16,1119,10303,977,9,0.16892327530625403,0.0979688320784451,0.9920212765957447,0.913386524822695,0.08661347517730496
986,YKL171W YOR051C,0.0,NA,1.0007709094886135e-15,1119,10302,978,9,0.1690038684719536,0.09797741003414762,0.9920212765957447,0.9132978723404256,0.08670212765957447
987,YGR082W YBR273C,0.0,NA,1.0043735523715229e-15,1119,10301,979,9,0.16908446163765312,0.09798598949211909,0.9920212765957447,0.9132092198581561,0.08679078014184397
988,YMR242C YGL238W,0.0,NA,1.0153912275538148e-15,1119,10300,980,9,0.16916505480335267,0.09799457045275418,0.9920212765957447,0.9131205673758865,0.08687943262411348
989,YGR094W YMR065W,0.0,NA,1.0265337342167083e-15,1119,10299,981,9,0.16924564796905223,0.09800315291644772,0.9920212765957447,0.913031914893617,0.08696808510638297
990,YER131W YOR125C,0.0,NA,1.028156225827174e-15,1119,10298,982,9,0.16932624113475178,0.09801173688359464,0.9920212765957447,0.9129432624113475,0.08705673758865248
991,YKL150W YOR196C,0.0,NA,1.056375657860543e-15,1119,10297,983,9,0.1694068343004513,0.09802032235459004,0.9920212765957447,0.912854609929078,0.08714539007092198
992,YGR060W YFR036W,0.0,NA,1.0612224862638505e-15,1119,10296,984,9,0.16948742746615086,0.09802890932982918,0.9920212765957447,0.9127659574468086,0.08723404255319149
993,YKL019W YBR136W,0.0,NA,1.06200006250943e-15,1119,10295,985,9,0.16956802063185042,0.09803749780970737,0.9920212765957447,0.912677304964539,0.08732269503546099
994,YLR274W YDR471W,0.0,NA,1.064084398834386e-15,1119,10294,986,9,0.16964861379754997,0.09804608779462017,0.9920212765957447,0.9125886524822695,0.0874113475177305
995,YLR189C YJL151C,0.0,NA,1.0667017306414017e-15,1119,10293,987,9,0.16972920696324953,0.0980546792849632,0.9920212765957447,0.9125,0.0875
996,YMR184W YHR084W,0.0,NA,1.0670353557435015e-15,1119,10292,988,9,0.16980980012894906,0.09806327228113224,0.9920212765957447,0.9124113475177305,0.0875886524822695
997,YJR041C YGR144W,0.0,NA,1.089601054612185e-15,1119,10291,989,9,0.1698903932946486,0.09807186678352323,0.9920212765957447,0.912322695035461,0.087677304964539
998,YGR089W YML114C,0.0,NA,1.1019319485000762e-15,1119,10290,990,9,0.16997098646034817,0.09808046279253221,0.9920212765957447,0.9122340425531915,0.08776595744680851
999,YKL011C YNL036W,0.0,NA,1.102966493366029e-15,1119,10289,991,9,0.17005157962604772,0.0980890603085554,0.9920212765957447,0.912145390070922,0.08785460992907801
1000,YDR542W YER174C,0.0,NA,1.1033494581373063e-15,1119,10288,992,9,0.17013217279174725,0.09809765933198913,0.9920212765957447,0.9120567375886525,0.08794326241134752
1001,YLR332W YLR075W,0.0,NA,1.1070427335455719e-15,1119,10287,993,9,0.1702127659574468,0.09810625986322988,0.9920212765957447,0.9119680851063829,0.08803191489361702
1002,YJL151C YJL002C,0.0,NA,1.120775996356761e-15,1119,10286,994,9,0.17029335912314636,0.09811486190267427,0.9920212765957447,0.9118794326241135,0.08812056737588653
1003,YGL195W YDL229W,0.0,NA,1.1303896085498606e-15,1119,10285,995,9,0.17037395228884591,0.09812346545071905,0.9920212765957447,0.911790780141844,0.08820921985815602
1004,YML063W YIR012W,0.0,NA,1.1402641068907144e-15,1119,10284,996,9,0.17045454545454544,0.09813207050776111,0.9920212765957447,0.9117021276595745,0.08829787234042553
1005,YLR087C YBR207W,0.0,NA,1.143160430174732e-15,1119,10283,997,9,0.170535138620245,0.0981406770741975,0.9920212765957447,0.911613475177305,0.08838652482269503
1006,YPR144C YML114C,0.0,NA,1.1470480996443925e-15,1119,10282,998,9,0.17061573178594455,0.0981492851504254,0.9920212765957447,0.9115248226950354,0.08847517730496454
1007,YDR098C YGR143W,0.0,NA,1.1475601310610077e-15,1119,10281,999,9,0.1706963249516441,0.09815789473684211,0.9920212765957447,0.9114361702127659,0.08856382978723404
1008,YCR053W YDR281C,0.0,NA,1.1670064193431903e-15,1119,10280,1000,9,0.17077691811734366,0.09816650583384508,0.9920212765957447,0.9113475177304965,0.08865248226950355
1009,YDR057W YGL012W,0.0,NA,1.1674116187293331e-15,1119,10279,1001,9,0.1708575112830432,0.0981751184418319,0.9920212765957447,0.911258865248227,0.08874113475177305
1010,YNR065C YER061C,0.0,NA,1.1755448290888689e-15,1119,10278,1002,9,0.17093810444874274,0.09818373256120032,0.9920212765957447,0.9111702127659574,0.08882978723404256
1011,YHR110W YKL104C,0.0,NA,1.1757959743577298e-15,1119,10277,1003,9,0.1710186976144423,0.09819234819234819,0.9920212765957447,0.9110815602836879,0.08891843971631205
1012,YPR056W YDR422C,0.0,NA,1.2025959909297375e-15,1119,10276,1004,9,0.17109929078014185,0.09820096533567355,0.9920212765957447,0.9109929078014184,0.08900709219858156
1013,YMR262W YDR184C,0.0,NA,1.2109697586462935e-15,1119,10275,1005,9,0.17117988394584138,0.0982095839915745,0.9920212765957447,0.910904255319149,0.08909574468085106
1014,YFL054C YBR141C,0.0,NA,1.212273130593881e-15,1119,10274,1006,9,0.17126047711154094,0.0982182041604494,0.9920212765957447,0.9108156028368795,0.08918439716312057
1015,YML022W YHR094C,0.0,NA,1.2136937107255449e-15,1119,10273,1007,9,0.1713410702772405,0.09822682584269662,0.9920212765957447,0.9107269503546099,0.08927304964539007
1016,YGL070C YCR052W,0.0,NA,1.2338416599254093e-15,1119,10272,1008,9,0.17142166344294005,0.09823544903871477,0.9920212765957447,0.9106382978723404,0.08936170212765958
1017,YJR140C YDR335W,0.0,NA,1.2615267200481793e-15,1119,10271,1009,9,0.17150225660863957,0.09824407374890255,0.9920212765957447,0.9105496453900709,0.08945035460992908
1018,YDR137W YNR047W,0.0,NA,1.2861774963956476e-15,1119,10270,1010,9,0.17158284977433913,0.09825269997365879,0.9920212765957447,0.9104609929078015,0.08953900709219859
1019,YDR357C YKL204W,0.0,NA,1.2966015073610326e-15,1119,10269,1011,9,0.17166344294003869,0.0982613277133825,0.9920212765957447,0.910372340425532,0.08962765957446808
1020,YER131W YGR277C,0.0,NA,1.320687524490919e-15,1119,10268,1012,9,0.17174403610573824,0.09826995696847282,0.9920212765957447,0.9102836879432624,0.0897163120567376
1021,YHR110W YAR066W,0.0,NA,1.3395064789965415e-15,1119,10267,1013,9,0.1718246292714378,0.098278587739329,0.9920212765957447,0.9101950354609929,0.08980496453900709
1022,YNL053W YKR104W,0.0,NA,1.3459499645054234e-15,1119,10266,1014,9,0.17190522243713732,0.09828722002635046,0.9920212765957447,0.9101063829787234,0.0898936170212766
1023,YDR005C YIR012W,0.0,NA,1.362148199072241e-15,1119,10265,1015,9,0.17198581560283688,0.09829585382993675,0.9920212765957447,0.9100177304964538,0.0899822695035461
1024,YDL222C YML077W,0.0,NA,1.3677194524036877e-15,1119,10264,1016,9,0.17206640876853643,0.09830448915048758,0.9920212765957447,0.9099290780141844,0.09007092198581561
1025,YGR207C YNL327W,0.0,NA,1.3822061510214596e-15,1119,10263,1017,9,0.172147001934236,0.09831312598840274,0.9920212765957447,0.9098404255319149,0.0901595744680851
1026,YGL220W YLL039C,0.0,NA,1.3948921634724873e-15,1119,10262,1018,9,0.17222759509993552,0.09832176434408224,0.9920212765957447,0.9097517730496454,0.09024822695035462
1027,YGR060W YNL327W,0.0,NA,1.3958555575708706e-15,1119,10261,1019,9,0.17230818826563507,0.09833040421792619,0.9920212765957447,0.9096631205673759,0.09033687943262411
1028,YPL059W YOR315W,0.0,NA,1.3967610357914855e-15,1119,10260,1020,9,0.17238878143133463,0.09833904561033482,0.9920212765957447,0.9095744680851063,0.09042553191489362
1029,YDL170W YOR213C,0.0,NA,1.401372283156338e-15,1119,10259,1021,9,0.17246937459703418,0.09834768852170855,0.9920212765957447,0.9094858156028369,0.09051418439716312
1030,YGR214W YMR220W,0.0,NA,1.4151570032190728e-15,1119,10258,1022,9,0.1725499677627337,0.09835633295244792,0.9920212765957447,0.9093971631205674,0.09060283687943263
1031,YMR159C YGL068W,0.0,NA,1.4359626735024802e-15,1119,10257,1023,9,0.17263056092843326,0.09836497890295359,0.9920212765957447,0.9093085106382979,0.09069148936170213
1032,YDR152W YDR182W,0.0,NA,1.4402801063137538e-15,1119,10256,1024,9,0.17271115409413282,0.09837362637362637,0.9920212765957447,0.9092198581560283,0.09078014184397164
1033,YDR097C YLR247C,0.0,NA,1.4440816960601495e-15,1119,10255,1025,9,0.17279174725983237,0.09838227536486724,0.9920212765957447,0.9091312056737588,0.09086879432624113
1034,YNL326C YCR020C-A,0.0,NA,1.4534881028185269e-15,1119,10254,1026,9,0.17287234042553193,0.09839092587707729,0.9920212765957447,0.9090425531914894,0.09095744680851064
1035,YDL105W YCR034W,0.0,NA,1.4601123239825291e-15,1119,10253,1027,9,0.17295293359123146,0.09839957791065776,0.9920212765957447,0.9089539007092199,0.09104609929078014
1036,YML063W YHL006C,0.0,NA,1.4680653280825366e-15,1119,10252,1028,9,0.173033526756931,0.09840823146601002,0.9920212765957447,0.9088652482269504,0.09113475177304965
1037,YDR299W YKL028W,0.0,NA,1.4751667464331982e-15,1119,10251,1029,9,0.17311411992263057,0.09841688654353561,0.9920212765957447,0.9087765957446808,0.09122340425531915
1038,YPL231W YPR185W,0.0,NA,1.4792860794139327e-15,1119,10250,1030,9,0.17319471308833012,0.0984255431436362,0.9920212765957447,0.9086879432624113,0.09131205673758866
1039,YBL024W YDR204W,0.0,NA,1.494572483013031e-15,1119,10249,1031,9,0.17327530625402965,0.09843420126671358,0.9920212765957447,0.9085992907801419,0.09140070921985816
1040,YLR340W YBR175W,0.0,NA,1.498723156212814e-15,1119,10248,1032,9,0.1733558994197292,0.0984428609131697,0.9920212765957447,0.9085106382978724,0.09148936170212765
1041,YNL240C YKL127W,0.0,NA,1.4987630726404533e-15,1119,10247,1033,9,0.17343649258542876,0.09845152208340666,0.9920212765957447,0.9084219858156029,0.09157801418439716
1042,YKR027W YOR310C,0.0,NA,1.515556877248309e-15,1119,10246,1034,9,0.1735170857511283,0.09846018477782666,0.9920212765957447,0.9083333333333333,0.09166666666666666
1043,YMR083W YDR044W,0.0,NA,1.5164474265132286e-15,1119,10245,1035,9,0.17359767891682784,0.0984688489968321,0.9920212765957447,0.9082446808510638,0.09175531914893617
1044,YNR075W YHR021C,0.0,NA,1.5315160367657642e-15,1119,10244,1036,9,0.1736782720825274,0.09847751474082549,0.9920212765957447,0.9081560283687943,0.09184397163120567
1045,YKR094C YCR020C-A,0.0,NA,1.5442404833367735e-15,1119,10243,1037,9,0.17375886524822695,0.09848618201020946,0.9920212765957447,0.9080673758865249,0.09193262411347518
1046,YDL198C YGR097W,0.0,NA,1.5815546140039304e-15,1119,10242,1038,9,0.1738394584139265,0.09849485080538685,0.9920212765957447,0.9079787234042553,0.09202127659574467
1047,YGL029W YML015C,0.0,NA,1.5855415980866564e-15,1119,10241,1039,9,0.17392005157962606,0.09850352112676056,0.9920212765957447,0.9078900709219858,0.09210992907801419
1048,YBR266C YCL047C,0.0,NA,1.6041580058387666e-15,1119,10240,1040,9,0.1740006447453256,0.0985121929747337,0.9920212765957447,0.9078014184397163,0.09219858156028368
1049,YOL090W YDL198C,0.0,NA,1.6242193459197743e-15,1119,10239,1041,9,0.17408123791102514,0.09852086634970945,0.9920212765957447,0.9077127659574468,0.09228723404255319
1050,YDR007W YJL019W,0.0,NA,1.643841605296749e-15,1119,10238,1042,9,0.1741618310767247,0.09852954125209122,0.9920212765957447,0.9076241134751774,0.09237588652482269
1051,YOR257W YGR229C,0.0,NA,1.647294217468876e-15,1119,10237,1043,9,0.17424242424242425,0.09853821768228249,0.9920212765957447,0.9075354609929078,0.0924645390070922
1052,YDR281C YBR029C,0.0,NA,1.6686077898832806e-15,1119,10236,1044,9,0.17432301740812378,0.09854689564068692,0.9920212765957447,0.9074468085106383,0.0925531914893617
1053,YNL027W YPR060C,0.0,NA,1.6850788749382326e-15,1119,10235,1045,9,0.17440361057382334,0.0985555751277083,0.9920212765957447,0.9073581560283688,0.09264184397163121
1054,YMR032W YOR388C,0.0,NA,1.6903195736620133e-15,1119,10234,1046,9,0.1744842037395229,0.09856425614375056,0.9920212765957447,0.9072695035460993,0.0927304964539007
1055,YJL094C YJL050W,0.0,NA,1.7048965871677862e-15,1119,10233,1047,9,0.17456479690522245,0.09857293868921777,0.9920212765957447,0.9071808510638298,0.09281914893617021
1056,YBL018C YPR060C,0.0,NA,1.7114780331679521e-15,1119,10232,1048,9,0.17464539007092197,0.09858162276451414,0.9920212765957447,0.9070921985815603,0.09290780141843971
1057,YER093C YOR264W,0.0,NA,1.7301996847637587e-15,1119,10231,1049,9,0.17472598323662153,0.09859030837004405,0.9920212765957447,0.9070035460992908,0.09299645390070922
1058,YFL041W YCR053W,0.0,NA,1.7630733510840533e-15,1119,10230,1050,9,0.17480657640232108,0.098598995506212,0.9920212765957447,0.9069148936170213,0.09308510638297872
1059,YDR281C YNL156C,0.0,NA,1.7704330086045091e-15,1119,10229,1051,9,0.17488716956802064,0.09860768417342262,0.9920212765957447,0.9068262411347517,0.09317375886524823
1060,YJL091C YKL146W,0.0,NA,1.7749163539943261e-15,1119,10228,1052,9,0.17496776273372017,0.09861637437208072,0.9920212765957447,0.9067375886524822,0.09326241134751773
1061,YDR034C YGR105W,0.0,NA,1.7753296001934678e-15,1119,10227,1053,9,0.17504835589941972,0.09862506610259122,0.9920212765957447,0.9066489361702128,0.09335106382978724
1062,YPR043W YOR264W,0.0,NA,1.7905166891795006e-15,1119,10226,1054,9,0.17512894906511928,0.09863375936535919,0.9920212765957447,0.9065602836879433,0.09343971631205673
1063,YBR211C YOR283W,0.0,NA,1.791671406844845e-15,1119,10225,1055,9,0.17520954223081883,0.09864245416078984,0.9920212765957447,0.9064716312056738,0.09352836879432624
1064,YLR167W YOL012C,0.0,NA,1.7935931128439282e-15,1119,10224,1056,9,0.1752901353965184,0.09865115048928855,0.9920212765957447,0.9063829787234042,0.09361702127659574
1065,YML063W YPL005W,0.0,NA,1.8079153811908144e-15,1119,10223,1057,9,0.17537072856221791,0.0986598483512608,0.9920212765957447,0.9062943262411347,0.09370567375886525
1066,YER131W YER124C,0.0,NA,1.8319781049146514e-15,1119,10222,1058,9,0.17545132172791747,0.09866854774711224,0.9920212765957447,0.9062056737588653,0.09379432624113475
1067,YDR013W YMR092C,0.0,NA,1.859919180745729e-15,1119,10221,1059,9,0.17553191489361702,0.09867724867724868,0.9920212765957447,0.9061170212765958,0.09388297872340426
1068,YEL017C-A YHL011C,0.0,NA,1.88210890286495e-15,1119,10220,1060,9,0.17561250805931658,0.09868595114207603,0.9920212765957447,0.9060283687943262,0.09397163120567376
1069,YLL036C YDL139C,0.0,NA,1.8847457164297525e-15,1119,10219,1061,9,0.1756931012250161,0.09869465514200035,0.9920212765957447,0.9059397163120567,0.09406028368794327
1070,YGR183C YGR206W,0.0,NA,1.88683195857884e-15,1119,10218,1062,9,0.17577369439071566,0.0987033606774279,0.9920212765957447,0.9058510638297872,0.09414893617021276
1071,YML082W YGL097W,0.0,NA,1.9153318643968685e-15,1119,10217,1063,9,0.17585428755641522,0.098712067748765,0.9920212765957447,0.9057624113475178,0.09423758865248227
1072,YBL020W YCR041W,0.0,NA,1.948211989343386e-15,1119,10216,1064,9,0.17593488072211477,0.09872077635641817,0.9920212765957447,0.9056737588652483,0.09432624113475177
1073,YDL223C YIR012W,0.0,NA,1.948821641307172e-15,1119,10215,1065,9,0.1760154738878143,0.09872948650079406,0.9920212765957447,0.9055851063829787,0.09441489361702128
1074,YLR340W YMR220W,0.0,NA,1.9504504856647422e-15,1119,10214,1066,9,0.17609606705351386,0.09873819818229948,0.9920212765957447,0.9054964539007092,0.09450354609929078
1075,YNL001W YBR204C,0.0,NA,1.9728320607465162e-15,1119,10213,1067,9,0.1761766602192134,0.09874691140134133,0.9920212765957447,0.9054078014184397,0.09459219858156029
1076,YGR188C YBR214W,0.0,NA,1.987220821179762e-15,1119,10212,1068,9,0.17625725338491297,0.09875562615832671,0.9920212765957447,0.9053191489361702,0.09468085106382979
1077,YBR085W YKL069W,0.0,NA,1.9948235771560796e-15,1119,10211,1069,9,0.17633784655061252,0.09876434245366285,0.9920212765957447,0.9052304964539007,0.0947695035460993
1078,YPR043W YDR077W,0.0,NA,1.9958131233967094e-15,1119,10210,1070,9,0.17641843971631205,0.09877306028775708,0.9920212765957447,0.9051418439716312,0.09485815602836879
1079,YER110C YPL053C,0.0,NA,2.0234335972572513e-15,1119,10209,1071,9,0.1764990328820116,0.09878177966101695,0.9920212765957447,0.9050531914893617,0.0949468085106383
1080,YPL048W YOR061W,0.0,NA,2.0274591213390774e-15,1119,10208,1072,9,0.17657962604771116,0.0987905005738501,0.9920212765957447,0.9049645390070922,0.0950354609929078
1081,YDR044W YLR072W,0.0,NA,2.0345403167781233e-15,1119,10207,1073,9,0.1766602192134107,0.09879922302666432,0.9920212765957447,0.9048758865248226,0.09512411347517731
1082,YLR401C YMR101C,0.0,NA,2.0561449508890283e-15,1119,10206,1074,9,0.17674081237911024,0.09880794701986755,0.9920212765957447,0.9047872340425532,0.09521276595744681
1083,YNL135C YCR094W,0.0,NA,2.0626889156812782e-15,1119,10205,1075,9,0.1768214055448098,0.09881667255386789,0.9920212765957447,0.9046985815602837,0.09530141843971632
1084,YER067W YOR348C,0.0,NA,2.0652793541922187e-15,1119,10204,1076,9,0.17690199871050935,0.09882539962907357,0.9920212765957447,0.9046099290780142,0.09539007092198581
1085,YNL304W YOL039W,0.0,NA,2.065822937586119e-15,1119,10203,1077,9,0.1769825918762089,0.09883412824589295,0.9920212765957447,0.9045212765957447,0.09547872340425533
1086,YCR069W YOR307C,0.0,NA,2.0668241305297737e-15,1119,10202,1078,9,0.17706318504190843,0.09884285840473457,0.9920212765957447,0.9044326241134751,0.09556737588652482
1087,YDR044W YGL002W,0.0,NA,2.067399689417433e-15,1119,10201,1079,9,0.177143778207608,0.09885159010600707,0.9920212765957447,0.9043439716312057,0.09565602836879433
1088,YLR033W YLR238W,0.0,NA,2.078232605538105e-15,1119,10200,1080,9,0.17722437137330754,0.09886032335011927,0.9920212765957447,0.9042553191489362,0.09574468085106383
1089,YKR066C YLR100W,0.0,NA,2.0951715704172966e-15,1119,10199,1081,9,0.1773049645390071,0.09886905813748012,0.9920212765957447,0.9041666666666667,0.09583333333333334
1090,YKL133C YJL143W,0.0,NA,2.0967707686217127e-15,1119,10198,1082,9,0.17738555770470665,0.09887779446849872,0.9920212765957447,0.9040780141843971,0.09592198581560284
1091,YBR293W YOL123W,0.0,NA,2.1309604065046853e-15,1119,10197,1083,9,0.17746615087040618,0.0988865323435843,0.9920212765957447,0.9039893617021276,0.09601063829787235
1092,YER053C YDR049W,0.0,NA,2.156202623607574e-15,1119,10196,1084,9,0.17754674403610574,0.09889527176314626,0.9920212765957447,0.9039007092198581,0.09609929078014184
1093,YHR071W YLR261C,0.0,NA,2.1593552802372544e-15,1119,10195,1085,9,0.1776273372018053,0.09890401272759414,0.9920212765957447,0.9038120567375887,0.09618794326241134
1094,YBL024W YER061C,0.0,NA,2.1890052450394175e-15,1119,10194,1086,9,0.17770793036750485,0.09891275523733757,0.9920212765957447,0.9037234042553192,0.09627659574468085
1095,YLR316C YER002W,0.0,NA,2.1940965483271263e-15,1119,10193,1087,9,0.17778852353320437,0.09892149929278642,0.9920212765957447,0.9036347517730496,0.09636524822695035
1096,YOL039W YBR214W,0.0,NA,2.2022303939613725e-15,1119,10192,1088,9,0.17786911669890393,0.09893024489435064,0.9920212765957447,0.9035460992907801,0.09645390070921986
1097,YLR085C YDR299W,0.0,NA,2.2027680481246422e-15,1119,10191,1089,9,0.17794970986460348,0.09893899204244032,0.9920212765957447,0.9034574468085106,0.09654255319148936
1098,YGR144W YHR068W,0.0,NA,2.2130097352481308e-15,1119,10190,1090,9,0.17803030303030304,0.09894774073746573,0.9920212765957447,0.9033687943262412,0.09663120567375887
1099,YDR471W YEL039C,0.0,NA,2.2446891909919152e-15,1119,10189,1091,9,0.17811089619600257,0.09895649097983729,0.9920212765957447,0.9032801418439717,0.09671985815602836
1100,YPR003C YBR114W,0.0,NA,2.2467451517131382e-15,1119,10188,1092,9,0.17819148936170212,0.0989652427699655,0.9920212765957447,0.9031914893617021,0.09680851063829787
1101,YDL143W YML128C,0.0,NA,2.2746517109516152e-15,1119,10187,1093,9,0.17827208252740168,0.0989739961082611,0.9920212765957447,0.9031028368794326,0.09689716312056737
1102,YKL071W YKL220C,0.0,NA,2.2806205403726795e-15,1119,10186,1094,9,0.17835267569310123,0.0989827509951349,0.9920212765957447,0.9030141843971631,0.09698581560283688
1103,YLR401C YPL271W,0.0,NA,2.2980255851310976e-15,1119,10185,1095,9,0.1784332688588008,0.09899150743099788,0.9920212765957447,0.9029255319148937,0.09707446808510638
1104,YER151C YBR074W,1.0,NA,2.325388984492148e-15,1118,10185,1095,10,0.17835267569310123,0.09891179332920463,0.9911347517730497,0.9029255319148937,0.09707446808510638
1105,YNL178W YBR019C,0.0,NA,2.3315356908321355e-15,1118,10184,1096,10,0.1784332688588008,0.09892054503627677,0.9911347517730497,0.9028368794326241,0.09716312056737589
1106,YMR284W YML124C,0.0,NA,2.348701872299428e-15,1118,10183,1097,10,0.1785138620245003,0.09892929829218654,0.9911347517730497,0.9027482269503546,0.09725177304964538
1107,YJL151C YOR047C,0.0,NA,2.3611617269535387e-15,1118,10182,1098,10,0.17859445519019987,0.09893805309734513,0.9911347517730497,0.9026595744680851,0.0973404255319149
1108,YDR152W YOL116W,0.0,NA,2.3756987181525538e-15,1118,10181,1099,10,0.17867504835589942,0.09894680945216391,0.9911347517730497,0.9025709219858156,0.09742907801418439
1109,YNL125C YHR011W,0.0,NA,2.3786004412716102e-15,1118,10180,1100,10,0.17875564152159898,0.09895556735705435,0.9911347517730497,0.9024822695035462,0.0975177304964539
1110,YMR217W YMR177W,0.0,NA,2.3826416354629605e-15,1118,10179,1101,10,0.1788362346872985,0.09896432681242807,0.9911347517730497,0.9023936170212766,0.0976063829787234
1111,YIL088C YJL143W,0.0,NA,2.4202829326059943e-15,1118,10178,1102,10,0.17891682785299806,0.09897308781869689,0.9911347517730497,0.9023049645390071,0.09769503546099291
1112,YGL248W YHR011W,0.0,NA,2.4374982419842275e-15,1118,10177,1103,10,0.17899742101869762,0.09898185037627269,0.9911347517730497,0.9022163120567376,0.0977836879432624
1113,YNL066W YHL037C,0.0,NA,2.454068112256653e-15,1118,10176,1104,10,0.17907801418439717,0.09899061448556756,0.9911347517730497,0.902127659574468,0.09787234042553192
1114,YNL066W YBR187W,0.0,NA,2.463024426882683e-15,1118,10175,1105,10,0.1791586073500967,0.0989993801469937,0.9911347517730497,0.9020390070921985,0.09796099290780141
1115,YNL014W YGR233C,0.0,NA,2.4665692597669424e-15,1118,10174,1106,10,0.17923920051579625,0.09900814736096351,0.9911347517730497,0.9019503546099291,0.09804964539007092
1116,YML082W YJL053W,0.0,NA,2.490214396247783e-15,1118,10173,1107,10,0.1793197936814958,0.09901691612788947,0.9911347517730497,0.9018617021276596,0.09813829787234042
1117,YLR142W YML077W,0.0,NA,2.492828128164773e-15,1118,10172,1108,10,0.17940038684719536,0.09902568644818423,0.9911347517730497,0.9017730496453901,0.09822695035460993
1118,YOR213C YIL101C,0.0,NA,2.521404690464528e-15,1118,10171,1109,10,0.17948098001289492,0.09903445832226061,0.9911347517730497,0.9016843971631205,0.09831560283687943
1119,YNL160W YJL143W,0.0,NA,2.5494334342056465e-15,1118,10170,1110,10,0.17956157317859445,0.09904323175053154,0.9911347517730497,0.901595744680851,0.09840425531914894
1120,YOL153C YGL070C,0.0,NA,2.590905226094401e-15,1118,10169,1111,10,0.179642166344294,0.09905200673341012,0.9911347517730497,0.9015070921985816,0.09849290780141844
1121,YPR162C YPR010C,0.0,NA,2.6063993645238136e-15,1118,10168,1112,10,0.17972275950999356,0.09906078327130959,0.9911347517730497,0.9014184397163121,0.09858156028368795
1122,YOL144W YGL178W,0.0,NA,2.615672469472117e-15,1118,10167,1113,10,0.1798033526756931,0.09906956136464333,0.9911347517730497,0.9013297872340426,0.09867021276595744
1123,YFL011W YGR200C,0.0,NA,2.6417543079839713e-15,1118,10166,1114,10,0.17988394584139264,0.09907834101382489,0.9911347517730497,0.901241134751773,0.09875886524822695
1124,YNL068C YKL185W,0.0,NA,2.6473733127978195e-15,1118,10165,1115,10,0.1799645390070922,0.09908712221926792,0.9911347517730497,0.9011524822695035,0.09884751773049645
1125,YMR260C YDL174C,0.0,NA,2.651274323036399e-15,1118,10164,1116,10,0.18004513217279175,0.09909590498138628,0.9911347517730497,0.9010638297872341,0.09893617021276596
1126,YIL108W YMR150C,1.0,NA,2.6606156141369564e-15,1117,10164,1116,11,0.1799645390070922,0.09901604467689035,0.9902482269503546,0.9010638297872341,0.09893617021276596
1127,YGR082W YBR169C,0.0,NA,2.6880891277811497e-15,1117,10163,1117,11,0.18004513217279175,0.09902482269503546,0.9902482269503546,0.9009751773049646,0.09902482269503546
1128,YIL103W YOR051C,0.0,NA,2.6935190324895233e-15,1117,10162,1118,11,0.1801257253384913,0.09903360226970476,0.9902482269503546,0.900886524822695,0.09911347517730497
1129,YPR144C YLR247C,0.0,NA,2.6961302233076715e-15,1117,10161,1119,11,0.18020631850419083,0.09904238340131229,0.9902482269503546,0.9007978723404255,0.09920212765957447
1130,YNL273W YBR296C,0.0,NA,2.7014836832925555e-15,1117,10160,1120,11,0.1802869116698904,0.09905116609027223,0.9902482269503546,0.900709219858156,0.09929078014184398
1131,YLR088W YDR415C,1.0,NA,2.712926039618777e-15,1116,10160,1120,12,0.18020631850419083,0.09897126640652713,0.9893617021276596,0.900709219858156,0.09929078014184398
1132,YGL071W YDR184C,0.0,NA,2.721072590747232e-15,1116,10159,1121,12,0.1802869116698904,0.09898004434589801,0.9893617021276596,0.9006205673758865,0.09937943262411347
1133,YCR053W YNL202W,0.0,NA,2.733202737826624e-15,1116,10158,1122,12,0.18036750483558994,0.0989888238424694,0.9893617021276596,0.9005319148936171,0.09946808510638298
1134,YKL064W YOL111C,0.0,NA,2.7752702056355353e-15,1116,10157,1123,12,0.1804480980012895,0.09899760489665572,0.9893617021276596,0.9004432624113475,0.09955673758865248
1135,YJL173C YOR374W,0.0,NA,2.8214811468641778e-15,1116,10156,1124,12,0.18052869116698905,0.09900638750887154,0.9893617021276596,0.900354609929078,0.09964539007092199
1136,YHL024W YLL039C,0.0,NA,2.8518553248362433e-15,1116,10155,1125,12,0.18060928433268858,0.09901517167953154,0.9893617021276596,0.9002659574468085,0.09973404255319149
1137,YDL105W YLR223C,0.0,NA,2.8567551986778726e-15,1116,10154,1126,12,0.18068987749838814,0.09902395740905058,0.9893617021276596,0.900177304964539,0.099822695035461
1138,YNL001W YPR035W,0.0,NA,2.858553873141367e-15,1116,10153,1127,12,0.1807704706640877,0.09903274469784364,0.9893617021276596,0.9000886524822695,0.0999113475177305
1139,YKR042W YFL054C,0.0,NA,2.8703879822056938e-15,1116,10152,1128,12,0.18085106382978725,0.09904153354632587,0.9893617021276596,0.9,0.1
1140,YGL062W YNL131W,0.0,NA,2.8988218194538366e-15,1116,10151,1129,12,0.18093165699548677,0.09905032395491258,0.9893617021276596,0.8999113475177305,0.1000886524822695
1141,YHR168W YKL051W,0.0,NA,2.9433372124803127e-15,1116,10150,1130,12,0.18101225016118633,0.09905911592401917,0.9893617021276596,0.899822695035461,0.10017730496453901
1142,YER093C YPL249C,0.0,NA,2.9530766090660795e-15,1116,10149,1131,12,0.18109284332688588,0.09906790945406126,0.9893617021276596,0.8997340425531914,0.10026595744680851
1143,YMR142C YBR019C,0.0,NA,2.9537864226758786e-15,1116,10148,1132,12,0.18117343649258544,0.09907670454545454,0.9893617021276596,0.899645390070922,0.10035460992907802
1144,YOR080W YNL125C,0.0,NA,2.9617635672148828e-15,1116,10147,1133,12,0.18125402965828497,0.09908550119861494,0.9893617021276596,0.8995567375886525,0.10044326241134752
1145,YDL208W YGL196W,0.0,NA,2.9861206348878906e-15,1116,10146,1134,12,0.18133462282398452,0.09909429941395845,0.9893617021276596,0.899468085106383,0.10053191489361703
1146,YDR454C YBR201W,0.0,NA,3.0016526780416927e-15,1116,10145,1135,12,0.18141521598968408,0.09910309919190126,0.9893617021276596,0.8993794326241135,0.10062056737588652
1147,YDR273W YNL126W,0.0,NA,3.0306468275844442e-15,1116,10144,1136,12,0.18149580915538363,0.09911190053285968,0.9893617021276596,0.8992907801418439,0.10070921985815603
1148,YDR447C YJL020C,0.0,NA,3.033445847958646e-15,1116,10143,1137,12,0.18157640232108319,0.0991207034372502,0.9893617021276596,0.8992021276595744,0.10079787234042553
1149,YDR013W YKL085W,0.0,NA,3.056654338955177e-15,1116,10142,1138,12,0.1816569954867827,0.09912950790548943,0.9893617021276596,0.899113475177305,0.10088652482269504
1150,YJL099W YER122C,0.0,NA,3.0951403397048603e-15,1116,10141,1139,12,0.18173758865248227,0.09913831393799413,0.9893617021276596,0.8990248226950355,0.10097517730496454
1151,YJL109C YMR184W,0.0,NA,3.096616294615451e-15,1116,10140,1140,12,0.18181818181818182,0.09914712153518124,0.9893617021276596,0.898936170212766,0.10106382978723404
1152,YGR277C YEL018W,0.0,NA,3.1119043922804438e-15,1116,10139,1141,12,0.18189877498388138,0.0991559306974678,0.9893617021276596,0.8988475177304964,0.10115248226950355
1153,YDR299W YML091C,0.0,NA,3.2073935927979733e-15,1116,10138,1142,12,0.1819793681495809,0.09916474142527101,0.9893617021276596,0.8987588652482269,0.10124113475177304
1154,YDR460W YOR357C,0.0,NA,3.2819396919364033e-15,1116,10137,1143,12,0.18205996131528046,0.09917355371900827,0.9893617021276596,0.8986702127659575,0.10132978723404255
1155,YAL044C YBL008W,0.0,NA,3.2843192192434775e-15,1116,10136,1144,12,0.18214055448098002,0.09918236757909706,0.9893617021276596,0.898581560283688,0.10141843971631205
1156,YBL042C YNL014W,0.0,NA,3.3128574533023694e-15,1116,10135,1145,12,0.18222114764667957,0.09919118300595503,0.9893617021276596,0.8984929078014184,0.10150709219858156
1157,YDL104C YJL172W,1.0,NA,3.3214368382668714e-15,1115,10135,1145,13,0.18214055448098002,0.09911111111111111,0.9884751773049646,0.8984929078014184,0.10150709219858156
1158,YPR030W YGR277C,0.0,NA,3.3437987198326217e-15,1115,10134,1146,13,0.18222114764667957,0.09911992177082407,0.9884751773049646,0.8984042553191489,0.10159574468085106
1159,YPL241C YLR332W,0.0,NA,3.3628203269708747e-15,1115,10133,1147,13,0.1823017408123791,0.09912873399715505,0.9884751773049646,0.8983156028368794,0.10168439716312057
1160,YGL238W YER105C,0.0,NA,3.393063214836116e-15,1115,10132,1148,13,0.18238233397807865,0.09913754779052192,0.9884751773049646,0.89822695035461,0.10177304964539007
1161,YMR095C YKR056W,0.0,NA,3.397116902763438e-15,1115,10131,1149,13,0.1824629271437782,0.0991463631513427,0.9884751773049646,0.8981382978723405,0.10186170212765958
1162,YGR214W YBR114W,0.0,NA,3.4073181440636953e-15,1115,10130,1150,13,0.18254352030947776,0.09915518008003557,0.9884751773049646,0.8980496453900709,0.10195035460992907
1163,YHR033W YNR055C,0.0,NA,3.4248059862927076e-15,1115,10129,1151,13,0.18262411347517732,0.09916399857701885,0.9884751773049646,0.8979609929078014,0.10203900709219858
1164,YJL026W YOR258W,0.0,NA,3.4783670559211492e-15,1115,10128,1152,13,0.18270470664087685,0.09917281864271102,0.9884751773049646,0.8978723404255319,0.10212765957446808
1165,YDL176W YJL052W,0.0,NA,3.4803046437879934e-15,1115,10127,1153,13,0.1827852998065764,0.0991816402775307,0.9884751773049646,0.8977836879432625,0.10221631205673759
1166,YJL109C YOL153C,0.0,NA,3.5062901323020977e-15,1115,10126,1154,13,0.18286589297227596,0.09919046348189663,0.9884751773049646,0.8976950354609929,0.10230496453900709
1167,YLR274W YLR340W,0.0,NA,3.519543445069549e-15,1115,10125,1155,13,0.1829464861379755,0.09919928825622776,0.9884751773049646,0.8976063829787234,0.1023936170212766
1168,YJL221C YLR227C,0.0,NA,3.5438340206561973e-15,1115,10124,1156,13,0.18302707930367504,0.09920811460094314,0.9884751773049646,0.8975177304964539,0.1024822695035461
1169,YDL006W YIL115C,0.0,NA,3.560854088940088e-15,1115,10123,1157,13,0.1831076724693746,0.099216942516462,0.9884751773049646,0.8974290780141844,0.1025709219858156
1170,YBL079W YKR049C,0.0,NA,3.606183480628876e-15,1115,10122,1158,13,0.18318826563507415,0.0992257720032037,0.9884751773049646,0.8973404255319148,0.1026595744680851
1171,YMR230W YGR103W,0.0,NA,3.654793430922379e-15,1115,10121,1159,13,0.1832688588007737,0.09923460306158775,0.9884751773049646,0.8972517730496454,0.10274822695035461
1172,YOR355W YCR094W,0.0,NA,3.656327407589857e-15,1115,10120,1160,13,0.18334945196647323,0.09924343569203382,0.9884751773049646,0.8971631205673759,0.10283687943262411
1173,YDR273W YNL185C,0.0,NA,3.663251901933661e-15,1115,10119,1161,13,0.1834300451321728,0.09925226989496172,0.9884751773049646,0.8970744680851064,0.10292553191489362
1174,YDR496C YDR473C,0.0,NA,3.671982270521011e-15,1115,10118,1162,13,0.18351063829787234,0.09926110567079142,0.9884751773049646,0.8969858156028369,0.10301418439716312
1175,YHR107C YKL009W,0.0,NA,3.6879577354227006e-15,1115,10117,1163,13,0.1835912314635719,0.09926994301994302,0.9884751773049646,0.8968971631205673,0.10310283687943263
1176,YMR031C YCR020C-A,0.0,NA,3.73215591461043e-15,1115,10116,1164,13,0.18367182462927142,0.09927878194283679,0.9884751773049646,0.8968085106382979,0.10319148936170212
1177,YML075C YNL113W,0.0,NA,3.734434433238544e-15,1115,10115,1165,13,0.18375241779497098,0.09928762243989314,0.9884751773049646,0.8967198581560284,0.10328014184397163
1178,YMR150C YDR415C,1.0,NA,3.744548430145234e-15,1114,10115,1165,14,0.18367182462927142,0.09920740938641019,0.9875886524822695,0.8967198581560284,0.10328014184397163
1179,YJL050W YGL234W,0.0,NA,3.767229007857389e-15,1114,10114,1166,14,0.18375241779497098,0.09921624510153189,0.9875886524822695,0.8966312056737589,0.10336879432624113
1180,YGR103W YOL012C,0.0,NA,3.767602549387128e-15,1114,10113,1167,14,0.18383301096067053,0.09922508239066535,0.9875886524822695,0.8965425531914893,0.10345744680851064
1181,YNL178W YPL059W,0.0,NA,3.790509708412673e-15,1114,10112,1168,14,0.1839136041263701,0.09923392125423125,0.9875886524822695,0.8964539007092198,0.10354609929078014
1182,YOR357C YGL205W,0.0,NA,3.813599403038352e-15,1114,10111,1169,14,0.18399419729206964,0.09924276169265034,0.9875886524822695,0.8963652482269504,0.10363475177304965
1183,YKR020W YDR341C,0.0,NA,3.826189277249866e-15,1114,10110,1170,14,0.18407479045776917,0.09925160370634355,0.9875886524822695,0.8962765957446809,0.10372340425531915
1184,YML063W YLR223C,0.0,NA,3.843949864087894e-15,1114,10109,1171,14,0.18415538362346873,0.09926044729573198,0.9875886524822695,0.8961879432624114,0.10381205673758866
1185,YOR030W YPL081W,0.0,NA,3.858965217143871e-15,1114,10108,1172,14,0.18423597678916828,0.09926929246123685,0.9875886524822695,0.8960992907801418,0.10390070921985815
1186,YMR123W YNL156C,0.0,NA,3.9000022693724476e-15,1114,10107,1173,14,0.18431656995486784,0.09927813920327956,0.9875886524822695,0.8960106382978723,0.10398936170212766
1187,YKL133C YOR265W,0.0,NA,3.9038575398318755e-15,1114,10106,1174,14,0.18439716312056736,0.09928698752228164,0.9875886524822695,0.8959219858156028,0.10407801418439716
1188,YOR288C YJL026W,0.0,NA,3.9113702985575476e-15,1114,10105,1175,14,0.18447775628626692,0.09929583741866477,0.9875886524822695,0.8958333333333334,0.10416666666666667
1189,YHR068W YDR201W,0.0,NA,3.918060588291436e-15,1114,10104,1176,14,0.18455834945196647,0.09930468889285078,0.9875886524822695,0.8957446808510638,0.10425531914893617
1190,YKL180W YNL117W,0.0,NA,3.96394309249478e-15,1114,10103,1177,14,0.18463894261766603,0.09931354194526165,0.9875886524822695,0.8956560283687943,0.10434397163120568
1191,YNR050C YHR105W,0.0,NA,3.965122585873832e-15,1114,10102,1178,14,0.18471953578336556,0.09932239657631954,0.9875886524822695,0.8955673758865248,0.10443262411347518
1192,YGR106C YNR048W,0.0,NA,3.984409526082812e-15,1114,10101,1179,14,0.1848001289490651,0.09933125278644672,0.9875886524822695,0.8954787234042553,0.10452127659574469
1193,YGR098C YJL113W,1.0,NA,3.98518456122955e-15,1113,10101,1179,15,0.18471953578336556,0.09925093632958802,0.9867021276595744,0.8954787234042553,0.10452127659574469
1194,YOR014W YMR217W,0.0,NA,4.019337353179317e-15,1113,10100,1180,15,0.1848001289490651,0.09925978774636582,0.9867021276595744,0.8953900709219859,0.10460992907801418
1195,YIR021W YHR030C,0.0,NA,4.046706681770998e-15,1113,10099,1181,15,0.18488072211476467,0.09926864074206207,0.9867021276595744,0.8953014184397163,0.1046985815602837
1196,YDR027C YBR191W,0.0,NA,4.053582048203861e-15,1113,10098,1182,15,0.18496131528046422,0.09927749531709927,0.9867021276595744,0.8952127659574468,0.10478723404255319
1197,YJR009C YMR211W,0.0,NA,4.063490639620842e-15,1113,10097,1183,15,0.18504190844616378,0.09928635147190008,0.9867021276595744,0.8951241134751773,0.1048758865248227
1198,YER110C YJR161C,0.0,NA,4.068562672909001e-15,1113,10096,1184,15,0.1851225016118633,0.09929520920688732,0.9867021276595744,0.8950354609929078,0.1049645390070922
1199,YBR059C YNL061W,0.0,NA,4.095626646123196e-15,1113,10095,1185,15,0.18520309477756286,0.09930406852248394,0.9867021276595744,0.8949468085106383,0.10505319148936171
1200,YIL063C YNL301C,0.0,NA,4.110119803367191e-15,1113,10094,1186,15,0.18528368794326242,0.09931292941911306,0.9867021276595744,0.8948581560283688,0.1051418439716312
1201,YGL094C YBR201W,0.0,NA,4.13145105759437e-15,1113,10093,1187,15,0.18536428110896197,0.09932179189719793,0.9867021276595744,0.8947695035460993,0.10523049645390072
1202,YNL220W YOL139C,0.0,NA,4.172504203448944e-15,1113,10092,1188,15,0.1854448742746615,0.09933065595716198,0.9867021276595744,0.8946808510638298,0.10531914893617021
1203,YPL203W YGL030W,0.0,NA,4.2143510191750954e-15,1113,10091,1189,15,0.18552546744036105,0.09933952159942877,0.9867021276595744,0.8945921985815602,0.10540780141843972
1204,YGR131W YGR080W,0.0,NA,4.274076159318943e-15,1113,10090,1190,15,0.1856060606060606,0.09934838882442203,0.9867021276595744,0.8945035460992907,0.10549645390070922
1205,YGR131W YLR364W,0.0,NA,4.300882634517174e-15,1113,10089,1191,15,0.18568665377176016,0.09935725763256562,0.9867021276595744,0.8944148936170213,0.10558510638297873
1206,YJL191W YOR348C,0.0,NA,4.329261202865508e-15,1113,10088,1192,15,0.1857672469374597,0.09936612802428355,0.9867021276595744,0.8943262411347518,0.10567375886524823
1207,YIL155C YBR213W,0.0,NA,4.360087696431408e-15,1113,10087,1193,15,0.18584784010315925,0.099375,0.9867021276595744,0.8942375886524823,0.10576241134751774
1208,YBR193C YMR301C,0.0,NA,4.361818184742648e-15,1113,10086,1194,15,0.1859284332688588,0.0993838735601393,0.9867021276595744,0.8941489361702127,0.10585106382978723
1209,YDR460W YGR229C,0.0,NA,4.379925631572577e-15,1113,10085,1195,15,0.18600902643455836,0.09939274870512592,0.9867021276595744,0.8940602836879432,0.10593971631205673
1210,YHR138C YJL096W,0.0,NA,4.409548491320428e-15,1113,10084,1196,15,0.1860896196002579,0.09940162543538447,0.9867021276595744,0.8939716312056738,0.10602836879432624
1211,YMR246W YKL064W,0.0,NA,4.4969478919169685e-15,1113,10083,1197,15,0.18617021276595744,0.09941050375133977,0.9867021276595744,0.8938829787234043,0.10611702127659574
1212,YKL207W YFL054C,0.0,NA,4.515134112810992e-15,1113,10082,1198,15,0.186250805931657,0.09941938365341671,0.9867021276595744,0.8937943262411348,0.10620567375886525
1213,YGL248W YOR283W,0.0,NA,4.5215978212314895e-15,1113,10081,1199,15,0.18633139909735655,0.09942826514204038,0.9867021276595744,0.8937056737588652,0.10629432624113475
1214,YPL158C YKL085W,0.0,NA,4.523460446682502e-15,1113,10080,1200,15,0.1864119922630561,0.09943714821763602,0.9867021276595744,0.8936170212765957,0.10638297872340426
1215,YPR137W YBR191W,0.0,NA,4.548776143893565e-15,1113,10079,1201,15,0.18649258542875563,0.09944603288062902,0.9867021276595744,0.8935283687943263,0.10647163120567375
1216,YKL180W YJR098C,0.0,NA,4.598780733934722e-15,1113,10078,1202,15,0.18657317859445519,0.09945491913144491,0.9867021276595744,0.8934397163120568,0.10656028368794326
1217,YOR337W YER170W,0.0,NA,4.607033375939821e-15,1113,10077,1203,15,0.18665377176015474,0.09946380697050938,0.9867021276595744,0.8933510638297872,0.10664893617021276
1218,YPR113W YDL176W,0.0,NA,4.653521932216926e-15,1113,10076,1204,15,0.1867343649258543,0.09947269639824828,0.9867021276595744,0.8932624113475177,0.10673758865248227
1219,YEL003W YDR273W,0.0,NA,4.681136476846837e-15,1113,10075,1205,15,0.18681495809155382,0.0994815874150876,0.9867021276595744,0.8931737588652482,0.10682624113475177
1220,YMR077C YLR167W,0.0,NA,4.722749087963073e-15,1113,10074,1206,15,0.18689555125725338,0.09949048002145347,0.9867021276595744,0.8930851063829788,0.10691489361702128
1221,YLR362W YGR094W,0.0,NA,4.723055290373505e-15,1113,10073,1207,15,0.18697614442295293,0.09949937421777222,0.9867021276595744,0.8929964539007093,0.10700354609929077
1222,YJR161C YKL220C,0.0,NA,4.7591545640360625e-15,1113,10072,1208,15,0.1870567375886525,0.09950827000447027,0.9867021276595744,0.8929078014184397,0.10709219858156029
1223,YJL020C YKL009W,0.0,NA,4.769986844882024e-15,1113,10071,1209,15,0.18713733075435204,0.09951716738197425,0.9867021276595744,0.8928191489361702,0.10718085106382978
1224,YJR048W YKL161C,0.0,NA,4.787834252597146e-15,1113,10070,1210,15,0.18721792392005157,0.0995260663507109,0.9867021276595744,0.8927304964539007,0.10726950354609929
1225,YOL052C YML132W,0.0,NA,4.798182877630225e-15,1113,10069,1211,15,0.18729851708575113,0.09953496691110714,0.9867021276595744,0.8926418439716312,0.10735815602836879
1226,YLR375W YGL257C,0.0,NA,4.839321997328946e-15,1113,10068,1212,15,0.18737911025145068,0.09954386906359002,0.9867021276595744,0.8925531914893617,0.1074468085106383
1227,YBR155W YMR026C,0.0,NA,4.840891125863734e-15,1113,10067,1213,15,0.18745970341715024,0.09955277280858676,0.9867021276595744,0.8924645390070922,0.1075354609929078
1228,YGR224W YPL183C,0.0,NA,4.842128640999673e-15,1113,10066,1214,15,0.18754029658284976,0.09956167814652474,0.9867021276595744,0.8923758865248227,0.10762411347517731
1229,YDR377W YCR068W,0.0,NA,4.933206705686139e-15,1113,10065,1215,15,0.18762088974854932,0.09957058507783145,0.9867021276595744,0.8922872340425532,0.1077127659574468
1230,YGL009C YGR211W,0.0,NA,4.96043712087447e-15,1113,10064,1216,15,0.18770148291424887,0.0995794936029346,0.9867021276595744,0.8921985815602836,0.10780141843971631
1231,YML048W YEL061C,0.0,NA,4.9808586617162975e-15,1113,10063,1217,15,0.18778207607994843,0.09958840372226199,0.9867021276595744,0.8921099290780142,0.10789007092198581
1232,YLR088W YDR533C,1.0,NA,4.99366198823052e-15,1112,10063,1217,16,0.18770148291424887,0.09950782997762864,0.9858156028368794,0.8921099290780142,0.10789007092198581
1233,YBR220C YKL162C,0.0,NA,5.0288172436733624e-15,1112,10062,1218,16,0.18778207607994843,0.09951673527832468,0.9858156028368794,0.8920212765957447,0.10797872340425532
1234,YML103C YNL064C,0.0,NA,5.037495519734456e-15,1112,10061,1219,16,0.18786266924564796,0.09952564217309585,0.9858156028368794,0.8919326241134752,0.10806737588652482
1235,YBR083W YMR119W,0.0,NA,5.048922841225864e-15,1112,10060,1220,16,0.1879432624113475,0.09953455066237021,0.9858156028368794,0.8918439716312057,0.10815602836879433
1236,YLR247C YML080W,0.0,NA,5.051292415895808e-15,1112,10059,1221,16,0.18802385557704707,0.09954346074657595,0.9858156028368794,0.8917553191489361,0.10824468085106383
1237,YMR230W YOL111C,0.0,NA,5.0713526971856316e-15,1112,10058,1222,16,0.18810444874274662,0.09955237242614146,0.9858156028368794,0.8916666666666667,0.10833333333333334
1238,YML091C YAR042W,0.0,NA,5.075842818839027e-15,1112,10057,1223,16,0.18818504190844618,0.09956128570149521,0.9858156028368794,0.8915780141843972,0.10842198581560283
1239,YPL119C YDL198C,0.0,NA,5.077915084944484e-15,1112,10056,1224,16,0.1882656350741457,0.0995702005730659,0.9858156028368794,0.8914893617021277,0.10851063829787234
1240,YOR283W YKL161C,0.0,NA,5.0787485653645825e-15,1112,10055,1225,16,0.18834622823984526,0.09957911704128235,0.9858156028368794,0.8914007092198581,0.10859929078014184
1241,YBR132C YML105C,0.0,NA,5.09143457781561e-15,1112,10054,1226,16,0.18842682140554481,0.09958803510657353,0.9858156028368794,0.8913120567375886,0.10868794326241135
1242,YOR347C YCR031C,0.0,NA,5.10302325908347e-15,1112,10053,1227,16,0.18850741457124437,0.09959695476936856,0.9858156028368794,0.8912234042553191,0.10877659574468085
1243,YDR385W YEL061C,0.0,NA,5.109646633214525e-15,1112,10052,1228,16,0.1885880077369439,0.09960587603009674,0.9858156028368794,0.8911347517730497,0.10886524822695036
1244,YCL056C YJR134C,0.0,NA,5.1141121909124496e-15,1112,10051,1229,16,0.18866860090264345,0.09961479888918749,0.9858156028368794,0.8910460992907802,0.10895390070921986
1245,YIL051C YER025W,0.0,NA,5.1188936918997e-15,1112,10050,1230,16,0.188749194068343,0.09962372334707041,0.9858156028368794,0.8909574468085106,0.10904255319148937
1246,YHR071W YBR204C,0.0,NA,5.140163536238203e-15,1112,10049,1231,16,0.18882978723404256,0.09963264940417525,0.9858156028368794,0.8908687943262411,0.10913120567375886
1247,YDR005C YNL062C,0.0,NA,5.148622007249484e-15,1112,10048,1232,16,0.1889103803997421,0.0996415770609319,0.9858156028368794,0.8907801418439716,0.10921985815602837
1248,YMR095C YPL112C,0.0,NA,5.289853316259351e-15,1112,10047,1233,16,0.18899097356544164,0.09965050631777041,0.9858156028368794,0.8906914893617022,0.10930851063829787
1249,YOR145C YKL139W,0.0,NA,5.3145697376602314e-15,1112,10046,1234,16,0.1890715667311412,0.09965943717512099,0.9858156028368794,0.8906028368794326,0.10939716312056738
1250,YBR104W YBR035C,0.0,NA,5.351923043601199e-15,1112,10045,1235,16,0.18915215989684075,0.099668369633414,0.9858156028368794,0.8905141843971631,0.10948581560283688
1251,YKR094C YPR185W,0.0,NA,5.4110861773845435e-15,1112,10044,1236,16,0.1892327530625403,0.09967730369307996,0.9858156028368794,0.8904255319148936,0.10957446808510639
1252,YBL042C YBR276C,0.0,NA,5.4198453450921e-15,1112,10043,1237,16,0.18931334622823984,0.09968623935454952,0.9858156028368794,0.8903368794326241,0.10966312056737589
1253,YNL053W YLL008W,0.0,NA,5.428100951712514e-15,1112,10042,1238,16,0.1893939393939394,0.09969517661825354,0.9858156028368794,0.8902482269503547,0.1097517730496454
1254,YDR451C YPR185W,0.0,NA,5.440663297353243e-15,1112,10041,1239,16,0.18947453255963895,0.09970411548462298,0.9858156028368794,0.8901595744680851,0.10984042553191489
1255,YBR191W YNR007C,0.0,NA,5.456147906661999e-15,1112,10040,1240,16,0.1895551257253385,0.09971305595408896,0.9858156028368794,0.8900709219858156,0.1099290780141844
1256,YMR264W YER056C,0.0,NA,5.467899218255731e-15,1112,10039,1241,16,0.18963571889103803,0.09972199802708277,0.9858156028368794,0.8899822695035461,0.1100177304964539
1257,YDL222C YGR200C,0.0,NA,5.478903023273512e-15,1112,10038,1242,16,0.18971631205673758,0.09973094170403587,0.9858156028368794,0.8898936170212766,0.11010638297872341
1258,YPL005W YOR192C,0.0,NA,5.4962981153948e-15,1112,10037,1243,16,0.18979690522243714,0.09973988698537986,0.9858156028368794,0.889804964539007,0.11019503546099291
1259,YDR096W YPL112C,0.0,NA,5.516947508099439e-15,1112,10036,1244,16,0.1898774983881367,0.09974883387154647,0.9858156028368794,0.8897163120567376,0.11028368794326242
1260,YDR067C YOR264W,0.0,NA,5.548585035712334e-15,1112,10035,1245,16,0.18995809155383622,0.09975778236296762,0.9858156028368794,0.8896276595744681,0.11037234042553191
1261,YGR183C YPR070W,0.0,NA,5.5745317724691015e-15,1112,10034,1246,16,0.19003868471953578,0.09976673246007536,0.9858156028368794,0.8895390070921986,0.11046099290780143
1262,YLR224W YGR118W,0.0,NA,5.60337790300432e-15,1112,10033,1247,16,0.19011927788523533,0.09977568416330193,0.9858156028368794,0.889450354609929,0.11054964539007092
1263,YDR350C YNL131W,0.0,NA,5.704246821528099e-15,1112,10032,1248,16,0.1901998710509349,0.09978463747307968,0.9858156028368794,0.8893617021276595,0.11063829787234042
1264,YLR291C YPL250C,0.0,NA,5.767172899179621e-15,1112,10031,1249,16,0.19028046421663444,0.09979359238984116,0.9858156028368794,0.8892730496453901,0.11072695035460993
1265,YLR375W YOR337W,0.0,NA,5.795910609497591e-15,1112,10030,1250,16,0.19036105738233397,0.09980254891401903,0.9858156028368794,0.8891843971631206,0.11081560283687943
1266,YBR266C YER170W,0.0,NA,5.8100336133436355e-15,1112,10029,1251,16,0.19044165054803353,0.09981150704604613,0.9858156028368794,0.8890957446808511,0.11090425531914894
1267,YPL112C YHR030C,0.0,NA,5.8300151205693644e-15,1112,10028,1252,16,0.19052224371373308,0.09982046678635548,0.9858156028368794,0.8890070921985815,0.11099290780141843
1268,YJR153W YGR038W,0.0,NA,5.832394859634675e-15,1112,10027,1253,16,0.19060283687943264,0.09982942813538019,0.9858156028368794,0.888918439716312,0.11108156028368794
1269,YGR081C YOR195W,0.0,NA,5.8333295604919705e-15,1112,10026,1254,16,0.19068343004513216,0.0998383910935536,0.9858156028368794,0.8888297872340426,0.11117021276595744
1270,YGR277C YOR084W,0.0,NA,5.848369477503418e-15,1112,10025,1255,16,0.19076402321083172,0.09984735566130915,0.9858156028368794,0.8887411347517731,0.11125886524822695
1271,YBR133C YJR152W,0.0,NA,5.853033664427474e-15,1112,10024,1256,16,0.19084461637653127,0.09985632183908046,0.9858156028368794,0.8886524822695036,0.11134751773049645
1272,YNL135C YJL063C,0.0,NA,5.919927244403935e-15,1112,10023,1257,16,0.19092520954223083,0.0998652896273013,0.9858156028368794,0.888563829787234,0.11143617021276596
1273,YKL204W YHL031C,0.0,NA,5.9350315359193734e-15,1112,10022,1258,16,0.19100580270793036,0.0998742590264056,0.9858156028368794,0.8884751773049645,0.11152482269503546
1274,YBR220C YJL030W,0.0,NA,5.956396671464442e-15,1112,10021,1259,16,0.1910863958736299,0.09988323003682745,0.9858156028368794,0.8883865248226951,0.11161347517730497
1275,YDL147W YMR121C,0.0,NA,5.9879503428155595e-15,1112,10020,1260,16,0.19116698903932947,0.09989220265900108,0.9858156028368794,0.8882978723404256,0.11170212765957446
1276,YMR240C YLR103C,0.0,NA,5.9933662714803035e-15,1112,10019,1261,16,0.19124758220502902,0.09990117689336088,0.9858156028368794,0.888209219858156,0.11179078014184397
1277,YBL060W YHL024W,0.0,NA,6.059204871920959e-15,1112,10018,1262,16,0.19132817537072858,0.09991015274034142,0.9858156028368794,0.8881205673758865,0.11187943262411347
1278,YEL003W YOL013C,0.0,NA,6.091162577987917e-15,1112,10017,1263,16,0.1914087685364281,0.09991913020037739,0.9858156028368794,0.888031914893617,0.11196808510638298
1279,YMR179W YPL031C,0.0,NA,6.124948181155049e-15,1112,10016,1264,16,0.19148936170212766,0.09992810927390366,0.9858156028368794,0.8879432624113475,0.11205673758865248
1280,YLR414C YNL124W,0.0,NA,6.1261166631057865e-15,1112,10015,1265,16,0.1915699548678272,0.09993708996135527,0.9858156028368794,0.887854609929078,0.11214539007092199
1281,YJL138C YLR142W,0.0,NA,6.1278691742736556e-15,1112,10014,1266,16,0.19165054803352677,0.09994607226316736,0.9858156028368794,0.8877659574468085,0.11223404255319148
1282,YKL180W YNL148C,0.0,NA,6.150445566933298e-15,1112,10013,1267,16,0.1917311411992263,0.09995505617977528,0.9858156028368794,0.887677304964539,0.112322695035461
1283,YDL150W YNR047W,0.0,NA,6.177368509161776e-15,1112,10012,1268,16,0.19181173436492585,0.09996404171161452,0.9858156028368794,0.8875886524822695,0.11241134751773049
1284,YJL051W YGR013W,0.0,NA,6.215709032002768e-15,1112,10011,1269,16,0.1918923275306254,0.09997302885912074,0.9858156028368794,0.8875,0.1125
1285,YKR104W YER061C,0.0,NA,6.221188064622083e-15,1112,10010,1270,16,0.19197292069632496,0.09998201762272972,0.9858156028368794,0.8874113475177305,0.1125886524822695
1286,YPL215W YOR192C,0.0,NA,6.273953135038342e-15,1112,10009,1271,16,0.1920535138620245,0.09999100800287744,0.9858156028368794,0.887322695035461,0.11267730496453901
1287,YJL011C YMR015C,0.0,NA,6.282335373084371e-15,1112,10008,1272,16,0.19213410702772404,0.1,0.9858156028368794,0.8872340425531915,0.1127659574468085
1288,YLR061W YNL027W,0.0,NA,6.314266821129963e-15,1112,10007,1273,16,0.1922147001934236,0.10000899361453368,0.9858156028368794,0.887145390070922,0.11285460992907802
1289,YMR284W YOR213C,0.0,NA,6.33221290818344e-15,1112,10006,1274,16,0.19229529335912315,0.10001798884691492,0.9858156028368794,0.8870567375886524,0.11294326241134751
1290,YKR054C YDR312W,0.0,NA,6.351930141129626e-15,1112,10005,1275,16,0.19237588652482268,0.10002698569758028,0.9858156028368794,0.886968085106383,0.11303191489361702
1291,YNR075W YDR165W,0.0,NA,6.354450487664181e-15,1112,10004,1276,16,0.19245647969052224,0.10003598416696653,0.9858156028368794,0.8868794326241135,0.11312056737588652
1292,YDL147W YBR038W,0.0,NA,6.410986125245143e-15,1112,10003,1277,16,0.1925370728562218,0.10004498425551057,0.9858156028368794,0.886790780141844,0.11320921985815603
1293,YGR106C YBR008C,0.0,NA,6.47511075451703e-15,1112,10002,1278,16,0.19261766602192135,0.10005398596364945,0.9858156028368794,0.8867021276595745,0.11329787234042553
1294,YKL180W YOR065W,0.0,NA,6.641597621398704e-15,1112,10001,1279,16,0.1926982591876209,0.10006298929182039,0.9858156028368794,0.8866134751773049,0.11338652482269504
1295,YER151C YDR331W,1.0,NA,6.769697802143761e-15,1111,10001,1279,17,0.19261766602192135,0.09998200143988481,0.9849290780141844,0.8866134751773049,0.11338652482269504
1296,YDL222C YBR083W,0.0,NA,6.803872616950157e-15,1111,10000,1280,17,0.1926982591876209,0.0999909999099991,0.9849290780141844,0.8865248226950354,0.11347517730496454
1297,YMR277W YMR260C,0.0,NA,6.833160051650895e-15,1111,9999,1281,17,0.19277885235332043,0.1,0.9849290780141844,0.886436170212766,0.11356382978723405
1298,YGR081C YKR095W,0.0,NA,6.845213754006797e-15,1111,9998,1282,17,0.19285944551901998,0.10000900171032497,0.9849290780141844,0.8863475177304965,0.11365248226950354
1299,YKL073W YGR089W,0.0,NA,6.856738907803613e-15,1111,9997,1283,17,0.19294003868471954,0.10001800504141159,0.9849290780141844,0.886258865248227,0.11374113475177305
1300,YOR080W YML002W,0.0,NA,6.967294071595718e-15,1111,9996,1284,17,0.1930206318504191,0.10002700999369767,0.9849290780141844,0.8861702127659574,0.11382978723404255
1301,YBL060W YLR297W,0.0,NA,7.148208450667975e-15,1111,9995,1285,17,0.19310122501611862,0.10003601656762111,0.9849290780141844,0.8860815602836879,0.11391843971631206
1302,YAR018C YCR028C,0.0,NA,7.375453837889148e-15,1111,9994,1286,17,0.19318181818181818,0.10004502476362,0.9849290780141844,0.8859929078014185,0.11400709219858156
1303,YJL051W YMR211W,0.0,NA,7.435966718673942e-15,1111,9993,1287,17,0.19326241134751773,0.10005403458213256,0.9849290780141844,0.885904255319149,0.11409574468085107
1304,YHR037W YNR009W,0.0,NA,7.45090160359993e-15,1111,9992,1288,17,0.1933430045132173,0.10006304602359722,0.9849290780141844,0.8858156028368794,0.11418439716312057
1305,YOR337W YOR283W,0.0,NA,7.519545153645418e-15,1111,9991,1289,17,0.19342359767891681,0.10007205908845253,0.9849290780141844,0.8857269503546099,0.11427304964539008
1306,YLR387C YJR141W,0.0,NA,7.550473714681462e-15,1111,9990,1290,17,0.19350419084461637,0.1000810737771372,0.9849290780141844,0.8856382978723404,0.11436170212765957
1307,YLR061W YDL143W,0.0,NA,7.57248217174997e-15,1111,9989,1291,17,0.19358478401031592,0.1000900900900901,0.9849290780141844,0.885549645390071,0.11445035460992908
1308,YDR471W YMR177W,0.0,NA,7.65216340813113e-15,1111,9988,1292,17,0.19366537717601548,0.10009910802775025,0.9849290780141844,0.8854609929078014,0.11453900709219858
1309,YKR066C YKL201C,0.0,NA,7.694108479679163e-15,1111,9987,1293,17,0.19374597034171503,0.10010812759055686,0.9849290780141844,0.8853723404255319,0.11462765957446809
1310,YER093C YDR096W,0.0,NA,7.81479542806985e-15,1111,9986,1294,17,0.19382656350741456,0.10011714877894927,0.9849290780141844,0.8852836879432624,0.11471631205673759
1311,YLR401C YDR473C,0.0,NA,7.839697349686179e-15,1111,9985,1295,17,0.19390715667311412,0.10012617159336698,0.9849290780141844,0.8851950354609929,0.1148049645390071
1312,YDR379W YGL029W,0.0,NA,7.854844839881928e-15,1111,9984,1296,17,0.19398774983881367,0.10013519603424967,0.9849290780141844,0.8851063829787233,0.1148936170212766
1313,YMR016C YAL042W,0.0,NA,7.902902948210295e-15,1111,9983,1297,17,0.19406834300451323,0.10014422210203713,0.9849290780141844,0.8850177304964539,0.1149822695035461
1314,YGR134W YMR238W,0.0,NA,8.023314610893124e-15,1111,9982,1298,17,0.19414893617021275,0.10015324979716939,0.9849290780141844,0.8849290780141844,0.1150709219858156
1315,YEL043W YLR297W,0.0,NA,8.059296570492487e-15,1111,9981,1299,17,0.1942295293359123,0.10016227912008654,0.9849290780141844,0.8848404255319149,0.11515957446808511
1316,YAL063C YML105C,0.0,NA,8.138417918095511e-15,1111,9980,1300,17,0.19431012250161186,0.10017131007122893,0.9849290780141844,0.8847517730496454,0.11524822695035461
1317,YNR050C YNL084C,0.0,NA,8.256116534248285e-15,1111,9979,1301,17,0.19439071566731142,0.10018034265103697,0.9849290780141844,0.8846631205673758,0.11533687943262412
1318,YIR012W YBR273C,0.0,NA,8.365681940041524e-15,1111,9978,1302,17,0.19447130883301095,0.1001893768599513,0.9849290780141844,0.8845744680851064,0.11542553191489362
1319,YOL125W YML008C,0.0,NA,8.387474403708482e-15,1111,9977,1303,17,0.1945519019987105,0.1001984126984127,0.9849290780141844,0.8844858156028369,0.11551418439716311
1320,YCL031C YOL153C,0.0,NA,8.390386502981143e-15,1111,9976,1304,17,0.19463249516441006,0.1002074501668621,0.9849290780141844,0.8843971631205674,0.11560283687943262
1321,YPR166C YOL119C,0.0,NA,8.400154486928879e-15,1111,9975,1305,17,0.1947130883301096,0.10021648926574057,0.9849290780141844,0.8843085106382979,0.11569148936170212
1322,YPR186C YOR303W,0.0,NA,8.47854569213137e-15,1111,9974,1306,17,0.19479368149580917,0.1002255299954894,0.9849290780141844,0.8842198581560283,0.11578014184397163
1323,YDR090C YMR177W,0.0,NA,8.492982521684372e-15,1111,9973,1307,17,0.1948742746615087,0.10023457235654998,0.9849290780141844,0.8841312056737589,0.11586879432624113
1324,YOR196C YDR036C,0.0,NA,8.5364099008901e-15,1111,9972,1308,17,0.19495486782720825,0.10024361634936389,0.9849290780141844,0.8840425531914894,0.11595744680851064
1325,YGL134W YLR448W,0.0,NA,8.585395510295711e-15,1111,9971,1309,17,0.1950354609929078,0.10025266197437285,0.9849290780141844,0.8839539007092199,0.11604609929078014
1326,YKR050W YBR207W,0.0,NA,8.6481775923462e-15,1111,9970,1310,17,0.19511605415860736,0.10026170923201877,0.9849290780141844,0.8838652482269503,0.11613475177304965
1327,YBR035C YDR532C,0.0,NA,8.73068114250761e-15,1111,9969,1311,17,0.1951966473243069,0.10027075812274368,0.9849290780141844,0.8837765957446808,0.11622340425531914
1328,YJL063C YGL099W,0.0,NA,8.804730456822476e-15,1111,9968,1312,17,0.19527724049000644,0.10027980864698981,0.9849290780141844,0.8836879432624114,0.11631205673758865
1329,YGR037C YNL156C,0.0,NA,8.899110255937339e-15,1111,9967,1313,17,0.195357833655706,0.1002888608051995,0.9849290780141844,0.8835992907801419,0.11640070921985815
1330,YER053C YPL219W,0.0,NA,9.154073949324461e-15,1111,9966,1314,17,0.19543842682140555,0.1002979145978153,0.9849290780141844,0.8835106382978724,0.11648936170212766
1331,YPL150W YMR173W,0.0,NA,9.199968735505541e-15,1111,9965,1315,17,0.19551901998710508,0.10030697002527988,0.9849290780141844,0.8834219858156028,0.11657801418439716
1332,YHL012W YBR214W,0.0,NA,9.280901039549795e-15,1111,9964,1316,17,0.19559961315280464,0.10031602708803612,0.9849290780141844,0.8833333333333333,0.11666666666666667
1333,YMR031C YHR124W,0.0,NA,9.285788419655452e-15,1111,9963,1317,17,0.1956802063185042,0.100325085786527,0.9849290780141844,0.8832446808510638,0.11675531914893617
1334,YDR392W YJR072C,0.0,NA,9.290039678017722e-15,1111,9962,1318,17,0.19576079948420375,0.1003341461211957,0.9849290780141844,0.8831560283687944,0.11684397163120568
1335,YKL112W YDR519W,0.0,NA,9.493130226682044e-15,1111,9961,1319,17,0.1958413926499033,0.10034320809248555,0.9849290780141844,0.8830673758865248,0.11693262411347517
1336,YGL073W YLR448W,0.0,NA,9.636742121790168e-15,1111,9960,1320,17,0.19592198581560283,0.10035227170084003,0.9849290780141844,0.8829787234042553,0.11702127659574468
1337,YMR031C YAR066W,0.0,NA,9.6551032549878e-15,1111,9959,1321,17,0.19600257898130238,0.1003613369467028,0.9849290780141844,0.8828900709219858,0.11710992907801418
1338,YLR337C YMR121C,0.0,NA,9.677448831169316e-15,1111,9958,1322,17,0.19608317214700194,0.10037040383051767,0.9849290780141844,0.8828014184397163,0.11719858156028369
1339,YMR121C YAL017W,0.0,NA,9.790216021503175e-15,1111,9957,1323,17,0.1961637653127015,0.1003794723527286,0.9849290780141844,0.8827127659574469,0.11728723404255319
1340,YHR050W YOL070C,0.0,NA,9.910609049461165e-15,1111,9956,1324,17,0.19624435847840102,0.10038854251377971,0.9849290780141844,0.8826241134751773,0.1173758865248227
1341,YDR152W YKL051W,0.0,NA,9.95152328191239e-15,1111,9955,1325,17,0.19632495164410058,0.10039761431411531,0.9849290780141844,0.8825354609929078,0.1174645390070922
1342,YGL029W YPL241C,0.0,NA,1.0006377982609525e-14,1111,9954,1326,17,0.19640554480980013,0.10040668775417985,0.9849290780141844,0.8824468085106383,0.1175531914893617
1343,YLR203C YDL148C,0.0,NA,1.0060113752783338e-14,1111,9953,1327,17,0.1964861379754997,0.10041576283441793,0.9849290780141844,0.8823581560283688,0.1176418439716312
1344,YML091C YIR014W,0.0,NA,1.0081589426128024e-14,1111,9952,1328,17,0.1965667311411992,0.10042483955527434,0.9849290780141844,0.8822695035460993,0.11773049645390071
1345,YKL019W YOL132W,0.0,NA,1.009644468995697e-14,1111,9951,1329,17,0.19664732430689877,0.100433917917194,0.9849290780141844,0.8821808510638298,0.11781914893617021
1346,YGR131W YER082C,0.0,NA,1.0164420778040022e-14,1111,9950,1330,17,0.19672791747259832,0.100442997920622,0.9849290780141844,0.8820921985815603,0.11790780141843972
1347,YJL051W YNL135C,0.0,NA,1.0185573731831803e-14,1111,9949,1331,17,0.19680851063829788,0.10045207956600362,0.9849290780141844,0.8820035460992908,0.11799645390070922
1348,YOR273C YPL006W,0.0,NA,1.0202684644399287e-14,1111,9948,1332,17,0.19688910380399743,0.10046116285378424,0.9849290780141844,0.8819148936170212,0.11808510638297873
1349,YLR226W YDR201W,0.0,NA,1.0279293692280755e-14,1111,9947,1333,17,0.19696969696969696,0.10047024778440948,0.9849290780141844,0.8818262411347517,0.11817375886524822
1350,YDR377W YGR097W,0.0,NA,1.0310514479683602e-14,1111,9946,1334,17,0.19705029013539652,0.10047933435832504,0.9849290780141844,0.8817375886524823,0.11826241134751773
1351,YDR067C YGR120C,0.0,NA,1.0338872295724728e-14,1111,9945,1335,17,0.19713088330109607,0.10048842257597684,0.9849290780141844,0.8816489361702128,0.11835106382978723
1352,YHR168W YBR041W,0.0,NA,1.0387179431739588e-14,1111,9944,1336,17,0.19721147646679563,0.10049751243781095,0.9849290780141844,0.8815602836879433,0.11843971631205674
1353,YDR166C YBR183W,0.0,NA,1.0397725838965852e-14,1111,9943,1337,17,0.19729206963249515,0.10050660394427356,0.9849290780141844,0.8814716312056737,0.11852836879432624
1354,YLR100W YBR302C,0.0,NA,1.0545644049577817e-14,1111,9942,1338,17,0.1973726627981947,0.1005156970958111,0.9849290780141844,0.8813829787234042,0.11861702127659575
1355,YJL109C YJL053W,0.0,NA,1.0666534285875846e-14,1111,9941,1339,17,0.19745325596389426,0.10052479189287007,0.9849290780141844,0.8812943262411348,0.11870567375886525
1356,YOR110W YGL009C,0.0,NA,1.0700360546624446e-14,1111,9940,1340,17,0.19753384912959382,0.1005338883358972,0.9849290780141844,0.8812056737588653,0.11879432624113476
1357,YLR087C YLR307W,0.0,NA,1.0782515119211588e-14,1111,9939,1341,17,0.19761444229529335,0.10054298642533936,0.9849290780141844,0.8811170212765957,0.11888297872340425
1358,YLR261C YPR151C,0.0,NA,1.0808913748045716e-14,1111,9938,1342,17,0.1976950354609929,0.10055208616164359,0.9849290780141844,0.8810283687943262,0.11897163120567376
1359,YBR301W YLR262C,0.0,NA,1.0819762546034149e-14,1111,9937,1343,17,0.19777562862669246,0.10056118754525706,0.9849290780141844,0.8809397163120567,0.11906028368794326
1360,YDR471W YGL071W,0.0,NA,1.0824096813625249e-14,1111,9936,1344,17,0.197856221792392,0.10057029057662714,0.9849290780141844,0.8808510638297873,0.11914893617021277
1361,YJL107C YMR202W,0.0,NA,1.090295981617936e-14,1111,9935,1345,17,0.19793681495809157,0.10057939525620134,0.9849290780141844,0.8807624113475178,0.11923758865248227
1362,YKL017C YHR068W,0.0,NA,1.0972429223348422e-14,1111,9934,1346,17,0.1980174081237911,0.10058850158442734,0.9849290780141844,0.8806737588652482,0.11932624113475178
1363,YOR312C YMR095C,0.0,NA,1.0981306975668594e-14,1111,9933,1347,17,0.19809800128949065,0.10059760956175298,0.9849290780141844,0.8805851063829787,0.11941489361702128
1364,YCR095C YOR051C,0.0,NA,1.0987298886737471e-14,1111,9932,1348,17,0.1981785944551902,0.10060671918862628,0.9849290780141844,0.8804964539007092,0.11950354609929079
1365,YDR315C YIR002C,0.0,NA,1.0988682091540337e-14,1111,9931,1349,17,0.19825918762088976,0.10061583046549538,0.9849290780141844,0.8804078014184397,0.11959219858156028
1366,YKL207W YDL139C,0.0,NA,1.1011089501127003e-14,1111,9930,1350,17,0.1983397807865893,0.10062494339280863,0.9849290780141844,0.8803191489361702,0.1196808510638298
1367,YJL051W YPR160W,0.0,NA,1.1201055274273619e-14,1111,9929,1351,17,0.19842037395228884,0.10063405797101449,0.9849290780141844,0.8802304964539007,0.11976950354609929
1368,YIL108W YBR074W,1.0,NA,1.1235333003583106e-14,1110,9929,1351,18,0.1983397807865893,0.10055258628498959,0.9840425531914894,0.8802304964539007,0.11976950354609929
1369,YGR081C YNL149C,0.0,NA,1.143771627973647e-14,1110,9928,1352,18,0.19842037395228884,0.10056169595941293,0.9840425531914894,0.8801418439716312,0.1198581560283688
1370,YML015C YDR184C,0.0,NA,1.1462438630367982e-14,1110,9927,1353,18,0.1985009671179884,0.1005708072845882,0.9840425531914894,0.8800531914893617,0.1199468085106383
1371,YDR354W YPL271W,0.0,NA,1.1684412931558391e-14,1110,9926,1354,18,0.19858156028368795,0.10057992026096411,0.9840425531914894,0.8799645390070922,0.12003546099290781
1372,YOL144W YOR264W,0.0,NA,1.1687757017634151e-14,1110,9925,1355,18,0.19866215344938748,0.10058903488898958,0.9840425531914894,0.8798758865248227,0.1201241134751773
1373,YML063W YOR324C,0.0,NA,1.1750700882977565e-14,1110,9924,1356,18,0.19874274661508703,0.10059815116911365,0.9840425531914894,0.8797872340425532,0.1202127659574468
1374,YNL125C YMR032W,0.0,NA,1.1802139499798425e-14,1110,9923,1357,18,0.1988233397807866,0.10060726910178555,0.9840425531914894,0.8796985815602837,0.12030141843971631
1375,YML128C YMR202W,0.0,NA,1.1805425987633771e-14,1110,9922,1358,18,0.19890393294648614,0.10061638868745468,0.9840425531914894,0.8796099290780142,0.12039007092198581
1376,YDR165W YBR250W,0.0,NA,1.1822054938454268e-14,1110,9921,1359,18,0.1989845261121857,0.10062550992657057,0.9840425531914894,0.8795212765957446,0.12047872340425532
1377,YML091C YNL149C,0.0,NA,1.182340849710398e-14,1110,9920,1360,18,0.19906511927788523,0.10063463281958296,0.9840425531914894,0.8794326241134752,0.12056737588652482
1378,YDR520C YOL139C,0.0,NA,1.1846297021404686e-14,1110,9919,1361,18,0.19914571244358478,0.1006437573669417,0.9840425531914894,0.8793439716312057,0.12065602836879433
1379,YNL239W YBL067C,1.0,NA,1.191436797717783e-14,1109,9919,1361,19,0.19906511927788523,0.10056220529561118,0.9831560283687943,0.8793439716312057,0.12065602836879433
1380,YIL155C YBR168W,0.0,NA,1.1978488371284981e-14,1109,9918,1362,19,0.19914571244358478,0.10057132492971796,0.9831560283687943,0.8792553191489362,0.12074468085106382
1381,YHR053C YLR223C,0.0,NA,1.200529357593379e-14,1109,9917,1363,19,0.19922630560928434,0.10058044621803011,0.9831560283687943,0.8791666666666667,0.12083333333333333
1382,YNL273W YGR082W,0.0,NA,1.2071929657894286e-14,1109,9916,1364,19,0.1993068987749839,0.10058956916099773,0.9831560283687943,0.8790780141843971,0.12092198581560283
1383,YOL125W YBR169C,0.0,NA,1.2128936669310395e-14,1109,9915,1365,19,0.19938749194068342,0.10059869375907111,0.9831560283687943,0.8789893617021277,0.12101063829787234
1384,YMR203W YOR064C,0.0,NA,1.2523500709767446e-14,1109,9914,1366,19,0.19946808510638298,0.10060782001270072,0.9831560283687943,0.8789007092198582,0.12109929078014184
1385,YPL101W YIL033C,0.0,NA,1.2579137221874898e-14,1109,9913,1367,19,0.19954867827208253,0.10061694792233715,0.9831560283687943,0.8788120567375887,0.12118794326241135
1386,YDR392W YGL095C,0.0,NA,1.2615177626747621e-14,1109,9912,1368,19,0.19962927143778209,0.10062607748843118,0.9831560283687943,0.8787234042553191,0.12127659574468085
1387,YDL015C YOR138C,0.0,NA,1.2649535824187097e-14,1109,9911,1369,19,0.1997098646034816,0.10063520871143376,0.9831560283687943,0.8786347517730496,0.12136524822695036
1388,YLR057W YDR067C,0.0,NA,1.2655714929537317e-14,1109,9910,1370,19,0.19979045776918117,0.10064434159179599,0.9831560283687943,0.8785460992907801,0.12145390070921985
1389,YMR272C YDR519W,0.0,NA,1.2661364639295503e-14,1109,9909,1371,19,0.19987105093488072,0.10065347612996914,0.9831560283687943,0.8784574468085107,0.12154255319148936
1390,YBL042C YKL069W,0.0,NA,1.2692410090878268e-14,1109,9908,1372,19,0.19995164410058028,0.10066261232640465,0.9831560283687943,0.8783687943262412,0.12163120567375886
1391,YER161C YGR080W,0.0,NA,1.2700449280580658e-14,1109,9907,1373,19,0.20003223726627983,0.10067175018155411,0.9831560283687943,0.8782801418439716,0.12171985815602837
1392,YDL147W YOR226C,0.0,NA,1.2757698543419682e-14,1109,9906,1374,19,0.20011283043197936,0.10068088969586927,0.9831560283687943,0.8781914893617021,0.12180851063829787
1393,YGR081C YDR471W,0.0,NA,1.2857023320880616e-14,1109,9905,1375,19,0.20019342359767892,0.10069003086980206,0.9831560283687943,0.8781028368794326,0.12189716312056738
1394,YFL045C YBR301W,0.0,NA,1.2950746669461357e-14,1109,9904,1376,19,0.20027401676337847,0.1006991737038046,0.9831560283687943,0.8780141843971632,0.12198581560283688
1395,YOR264W YLR091W,0.0,NA,1.3027820738430868e-14,1109,9903,1377,19,0.20035460992907803,0.1007083181983291,0.9831560283687943,0.8779255319148936,0.12207446808510639
1396,YLR085C YIL067C,0.0,NA,1.3112081881957831e-14,1109,9902,1378,19,0.20043520309477755,0.10071746435382799,0.9831560283687943,0.8778368794326241,0.12216312056737588
1397,YDR405W YJL138C,0.0,NA,1.3165634693015037e-14,1109,9901,1379,19,0.2005157962604771,0.10072661217075386,0.9831560283687943,0.8777482269503546,0.12225177304964539
1398,YDR087C YNL320W,0.0,NA,1.3211770036553137e-14,1109,9900,1380,19,0.20059638942617666,0.10073576164955945,0.9831560283687943,0.8776595744680851,0.12234042553191489
1399,YFL056C YDL241W,0.0,NA,1.3314349961630369e-14,1109,9899,1381,19,0.20067698259187622,0.10074491279069768,0.9831560283687943,0.8775709219858157,0.1224290780141844
1400,YOR040W YGR211W,0.0,NA,1.346574608952376e-14,1109,9898,1382,19,0.20075757575757575,0.1007540655946216,0.9831560283687943,0.8774822695035461,0.1225177304964539
1401,YER056C YGR048W,0.0,NA,1.3547643164094937e-14,1109,9897,1383,19,0.2008381689232753,0.10076322006178448,0.9831560283687943,0.8773936170212766,0.12260638297872341
1402,YBR074W YER143W,1.0,NA,1.3557673728256323e-14,1108,9897,1383,20,0.20075757575757575,0.10068150840527033,0.9822695035460993,0.8773936170212766,0.12260638297872341
1403,YPR194C YCL066W,0.0,NA,1.3558190418354148e-14,1108,9896,1384,20,0.2008381689232753,0.10069065794256633,0.9822695035460993,0.8773049645390071,0.1226950354609929
1404,YLR274W YOR196C,0.0,NA,1.3571566762657188e-14,1108,9895,1385,20,0.20091876208897486,0.100699809142961,0.9822695035460993,0.8772163120567376,0.12278368794326242
1405,YMR140W YKL096W,0.0,NA,1.3579282385773727e-14,1108,9894,1386,20,0.2009993552546744,0.10070896200690783,0.9822695035460993,0.877127659574468,0.12287234042553191
1406,YDR077W YOR022C,0.0,NA,1.3594909296617622e-14,1108,9893,1387,20,0.20107994842037394,0.10071811653486047,0.9822695035460993,0.8770390070921986,0.12296099290780142
1407,YOR145C YGR048W,0.0,NA,1.3691870005122769e-14,1108,9892,1388,20,0.2011605415860735,0.10072727272727272,0.9822695035460993,0.8769503546099291,0.12304964539007092
1408,YGR118W YOR084W,0.0,NA,1.3736285024744995e-14,1108,9891,1389,20,0.20124113475177305,0.1007364305845986,0.9822695035460993,0.8768617021276596,0.12313829787234043
1409,YAL048C YGL071W,0.0,NA,1.3774170267376838e-14,1108,9890,1390,20,0.2013217279174726,0.10074559010729224,0.9822695035460993,0.87677304964539,0.12322695035460993
1410,YPR166C YMR137C,0.0,NA,1.3870556687543747e-14,1108,9889,1391,20,0.20140232108317216,0.10075475129580795,0.9822695035460993,0.8766843971631205,0.12331560283687944
1411,YOR310C YBR105C,0.0,NA,1.3934010466721408e-14,1108,9888,1392,20,0.2014829142488717,0.10076391415060022,0.9822695035460993,0.8765957446808511,0.12340425531914893
1412,YCR020C-A YFR039C,0.0,NA,1.4008305420590977e-14,1108,9887,1393,20,0.20156350741457124,0.10077307867212369,0.9822695035460993,0.8765070921985816,0.12349290780141844
1413,YPR121W YKL085W,0.0,NA,1.4083880241243848e-14,1108,9886,1394,20,0.2016441005802708,0.10078224486083318,0.9822695035460993,0.8764184397163121,0.12358156028368794
1414,YBR214W YHR102W,0.0,NA,1.4195262532708947e-14,1108,9885,1395,20,0.20172469374597035,0.10079141271718366,0.9822695035460993,0.8763297872340425,0.12367021276595745
1415,YMR286W YDR541C,0.0,NA,1.4302751013715517e-14,1108,9884,1396,20,0.20180528691166988,0.10080058224163027,0.9822695035460993,0.876241134751773,0.12375886524822695
1416,YDL241W YOR090C,0.0,NA,1.4327296334461052e-14,1108,9883,1397,20,0.20188588007736943,0.10080975343462834,0.9822695035460993,0.8761524822695036,0.12384751773049646
1417,YGL248W YCR097W,0.0,NA,1.436727798363735e-14,1108,9882,1398,20,0.201966473243069,0.1008189262966333,0.9822695035460993,0.8760638297872341,0.12393617021276596
1418,YLR033W YLR020C,0.0,NA,1.4448372918007477e-14,1108,9881,1399,20,0.20204706640876854,0.10082810082810083,0.9822695035460993,0.8759751773049645,0.12402482269503547
1419,YLR088W YOR391C,1.0,NA,1.4556916802066326e-14,1107,9881,1399,21,0.201966473243069,0.10074626865671642,0.9813829787234043,0.8759751773049645,0.12402482269503547
1420,YJL103C YKL073W,0.0,NA,1.4564582450238978e-14,1107,9880,1400,21,0.20204706640876854,0.10075543824519888,0.9813829787234043,0.875886524822695,0.12411347517730496
1421,YBR175W YMR023C,0.0,NA,1.4587211782457823e-14,1107,9879,1401,21,0.20212765957446807,0.10076460950300382,0.9813829787234043,0.8757978723404255,0.12420212765957447
1422,YDR077W YKL126W,0.0,NA,1.4672291159811834e-14,1107,9878,1402,21,0.20220825274016763,0.10077378243058717,0.9813829787234043,0.875709219858156,0.12429078014184397
1423,YAR018C YLR448W,0.0,NA,1.4690380395433397e-14,1107,9877,1403,21,0.20228884590586718,0.10078295702840495,0.9813829787234043,0.8756205673758866,0.12437943262411348
1424,YNR050C YDR212W,0.0,NA,1.4812039737647532e-14,1107,9876,1404,21,0.20236943907156674,0.10079213329691342,0.9813829787234043,0.875531914893617,0.12446808510638298
1425,YLR117C YGL030W,0.0,NA,1.482416416725453e-14,1107,9875,1405,21,0.2024500322372663,0.10080131123656894,0.9813829787234043,0.8754432624113475,0.12455673758865249
1426,YBL030C YBR301W,0.0,NA,1.5090069832254284e-14,1107,9874,1406,21,0.20253062540296582,0.10081049084782806,0.9813829787234043,0.875354609929078,0.12464539007092199
1427,YHR143W YOL165C,0.0,NA,1.5106917317575172e-14,1107,9873,1407,21,0.20261121856866537,0.10081967213114754,0.9813829787234043,0.8752659574468085,0.1247340425531915
1428,YNL281W YBR268W,0.0,NA,1.5168069708235143e-14,1107,9872,1408,21,0.20269181173436493,0.10082885508698425,0.9813829787234043,0.875177304964539,0.12482269503546099
1429,YMR179W YOR156C,0.0,NA,1.5171193565744617e-14,1107,9871,1409,21,0.20277240490006448,0.10083803971579523,0.9813829787234043,0.8750886524822695,0.1249113475177305
1430,YGL248W YAL063C,0.0,NA,1.5233042217487232e-14,1107,9870,1410,21,0.202852998065764,0.10084722601803771,0.9813829787234043,0.875,0.125
1431,YDR532C YNL022C,0.0,NA,1.533021891939393e-14,1107,9869,1411,21,0.20293359123146357,0.1008564139941691,0.9813829787234043,0.8749113475177305,0.1250886524822695
1432,YFL001W YOR265W,0.0,NA,1.5486596448050123e-14,1107,9868,1412,21,0.20301418439716312,0.10086560364464693,0.9813829787234043,0.874822695035461,0.125177304964539
1433,YGL203C YLR163C,1.0,NA,1.558001232367101e-14,1106,9868,1412,22,0.20293359123146357,0.10078367049389467,0.9804964539007093,0.874822695035461,0.125177304964539
1434,YDR359C YHR063C,0.0,NA,1.566780390052213e-14,1106,9867,1413,22,0.20301418439716312,0.10079285519001185,0.9804964539007093,0.8747340425531915,0.12526595744680852
1435,YGR106C YDR038C,0.0,NA,1.5730596146967986e-14,1106,9866,1414,22,0.20309477756286268,0.1008020415603354,0.9804964539007093,0.874645390070922,0.12535460992907801
1436,YGR088W YMR123W,0.0,NA,1.578078115502691e-14,1106,9865,1415,22,0.2031753707285622,0.10081122960532313,0.9804964539007093,0.8745567375886525,0.1254432624113475
1437,YMR092C YGR211W,0.0,NA,1.58397058490356e-14,1106,9864,1416,22,0.20325596389426176,0.100820419325433,0.9804964539007093,0.874468085106383,0.125531914893617
1438,YOR040W YCR034W,0.0,NA,1.5880422722810116e-14,1106,9863,1417,22,0.20333655705996131,0.10082961072112316,0.9804964539007093,0.8743794326241134,0.12562056737588653
1439,YPL007C YDR519W,0.0,NA,1.5919150763224477e-14,1106,9862,1418,22,0.20341715022566087,0.10083880379285193,0.9804964539007093,0.874290780141844,0.12570921985815603
1440,YPL250C YNL064C,0.0,NA,1.5921610546903303e-14,1106,9861,1419,22,0.20349774339136043,0.10084799854107777,0.9804964539007093,0.8742021276595745,0.12579787234042553
1441,YAL048C YPL199C,0.0,NA,1.605217898165666e-14,1106,9860,1420,22,0.20357833655705995,0.10085719496625935,0.9804964539007093,0.874113475177305,0.12588652482269502
1442,YPL131W YDL035C,0.0,NA,1.618319973200385e-14,1106,9859,1421,22,0.2036589297227595,0.10086639306885545,0.9804964539007093,0.8740248226950355,0.12597517730496455
1443,YMR264W YHR112C,0.0,NA,1.6297284905603636e-14,1106,9858,1422,22,0.20373952288845906,0.10087559284932507,0.9804964539007093,0.8739361702127659,0.12606382978723404
1444,YOR209C YLR448W,0.0,NA,1.6338491364421663e-14,1106,9857,1423,22,0.20382011605415862,0.10088479430812734,0.9804964539007093,0.8738475177304964,0.12615248226950354
1445,YLR291C YLR167W,0.0,NA,1.6587020995541442e-14,1106,9856,1424,22,0.20390070921985815,0.10089399744572158,0.9804964539007093,0.873758865248227,0.12624113475177304
1446,YKL221W YLR341W,0.0,NA,1.6701114639470702e-14,1106,9855,1425,22,0.2039813023855577,0.10090320226256728,0.9804964539007093,0.8736702127659575,0.12632978723404256
1447,YER082C YJL026W,0.0,NA,1.672026944253991e-14,1106,9854,1426,22,0.20406189555125726,0.10091240875912409,0.9804964539007093,0.8735815602836879,0.12641843971631206
1448,YHR064C YLR045C,0.0,NA,1.6838171346600025e-14,1106,9853,1427,22,0.2041424887169568,0.1009216169358518,0.9804964539007093,0.8734929078014184,0.12650709219858156
1449,YGR094W YJR118C,0.0,NA,1.6839519823052054e-14,1106,9852,1428,22,0.20422308188265634,0.10093082679321044,0.9804964539007093,0.8734042553191489,0.12659574468085105
1450,YHR064C YLR137W,0.0,NA,1.723790482913417e-14,1106,9851,1429,22,0.2043036750483559,0.10094003833166013,0.9804964539007093,0.8733156028368795,0.12668439716312058
1451,YJL173C YDL223C,0.0,NA,1.7380692561184616e-14,1106,9850,1430,22,0.20438426821405545,0.10094925155166119,0.9804964539007093,0.87322695035461,0.12677304964539007
1452,YDR517W YOR145C,0.0,NA,1.7902854491849002e-14,1106,9849,1431,22,0.204464861379755,0.10095846645367412,0.9804964539007093,0.8731382978723404,0.12686170212765957
1453,YDR097C YER061C,0.0,NA,1.82290265510459e-14,1106,9848,1432,22,0.20454545454545456,0.10096768303815958,0.9804964539007093,0.8730496453900709,0.12695035460992907
1454,YFL041W YGL054C,0.0,NA,1.8249934712315924e-14,1106,9847,1433,22,0.20462604771115409,0.10097690130557838,0.9804964539007093,0.8729609929078014,0.1270390070921986
1455,YKR066C YCL029C,0.0,NA,1.8447633896270972e-14,1106,9846,1434,22,0.20470664087685364,0.10098612125639153,0.9804964539007093,0.872872340425532,0.1271276595744681
1456,YKL209C YPR035W,0.0,NA,1.8584129867589214e-14,1106,9845,1435,22,0.2047872340425532,0.10099534289106017,0.9804964539007093,0.8727836879432624,0.12721631205673758
1457,YOR075W YKL137W,0.0,NA,1.8591255108741517e-14,1106,9844,1436,22,0.20486782720825275,0.10100456621004567,0.9804964539007093,0.8726950354609929,0.12730496453900708
1458,YBR204C YJL121C,0.0,NA,1.865063889460762e-14,1106,9843,1437,22,0.20494842037395228,0.10101379121380948,0.9804964539007093,0.8726063829787234,0.1273936170212766
1459,YBL075C YPL112C,0.0,NA,1.869130833453709e-14,1106,9842,1438,22,0.20502901353965183,0.1010230179028133,0.9804964539007093,0.8725177304964539,0.1274822695035461
1460,YJL165C YBL052C,0.0,NA,1.8747935875192828e-14,1106,9841,1439,22,0.2051096067053514,0.10103224627751896,0.9804964539007093,0.8724290780141843,0.1275709219858156
1461,YOL161C YLR045C,0.0,NA,1.886516015289514e-14,1106,9840,1440,22,0.20519019987105094,0.10104147633838845,0.9804964539007093,0.8723404255319149,0.1276595744680851
1462,YFL056C YDL025C,0.0,NA,1.8875742982538135e-14,1106,9839,1441,22,0.20527079303675047,0.10105070808588397,0.9804964539007093,0.8722517730496454,0.12774822695035462
1463,YNL160W YKL161C,0.0,NA,1.8946404165063983e-14,1106,9838,1442,22,0.20535138620245003,0.10105994152046784,0.9804964539007093,0.8721631205673759,0.12783687943262412
1464,YDR454C YDR473C,0.0,NA,1.910006610609128e-14,1106,9837,1443,22,0.20543197936814958,0.10106917664260258,0.9804964539007093,0.8720744680851064,0.12792553191489361
1465,YER167W YKL009W,0.0,NA,1.9132224558966737e-14,1106,9836,1444,22,0.20551257253384914,0.10107841345275087,0.9804964539007093,0.8719858156028368,0.1280141843971631
1466,YMR300C YMR164C,0.0,NA,1.9171638696068374e-14,1106,9835,1445,22,0.2055931656995487,0.10108765195137556,0.9804964539007093,0.8718971631205674,0.12810283687943264
1467,YJR048W YDR488C,0.0,NA,1.9277646563483145e-14,1106,9834,1446,22,0.20567375886524822,0.10109689213893967,0.9804964539007093,0.8718085106382979,0.12819148936170213
1468,YDR087C YOR192C,0.0,NA,1.9486330070698187e-14,1106,9833,1447,22,0.20575435203094777,0.10110613401590639,0.9804964539007093,0.8717198581560284,0.12828014184397163
1469,YLL036C YPL121C,0.0,NA,1.961299707169649e-14,1106,9832,1448,22,0.20583494519664733,0.10111537758273907,0.9804964539007093,0.8716312056737588,0.12836879432624113
1470,YHR200W YMR150C,1.0,NA,1.96247471127408e-14,1105,9832,1448,23,0.20575435203094777,0.10103319008868977,0.9796099290780141,0.8716312056737588,0.12836879432624113
1471,YBL107C YAR042W,0.0,NA,1.9638001484299436e-14,1105,9831,1449,23,0.20583494519664733,0.1010424286759327,0.9796099290780141,0.8715425531914893,0.12845744680851065
1472,YBR023C YGR220C,0.0,NA,1.9651603139366446e-14,1105,9830,1450,23,0.20591553836234688,0.10105166895290352,0.9796099290780141,0.8714539007092199,0.12854609929078015
1473,YIL074C YFL054C,0.0,NA,1.9735027414341522e-14,1105,9829,1451,23,0.2059961315280464,0.10106091092006585,0.9796099290780141,0.8713652482269504,0.12863475177304964
1474,YGL070C YMR156C,0.0,NA,1.977244255368764e-14,1105,9828,1452,23,0.20607672469374597,0.10107015457788347,0.9796099290780141,0.8712765957446809,0.12872340425531914
1475,YNL262W YDR038C,0.0,NA,1.9860698304593853e-14,1105,9827,1453,23,0.20615731785944552,0.10107939992682034,0.9796099290780141,0.8711879432624113,0.12881205673758866
1476,YGR082W YJR132W,0.0,NA,2.0136707378588456e-14,1105,9826,1454,23,0.20623791102514508,0.10108864696734059,0.9796099290780141,0.8710992907801418,0.12890070921985816
1477,YAL048C YLR350W,0.0,NA,2.0181002119532172e-14,1105,9825,1455,23,0.2063185041908446,0.10109789569990851,0.9796099290780141,0.8710106382978723,0.12898936170212766
1478,YML073C YGR084C,0.0,NA,2.0341301410734154e-14,1105,9824,1456,23,0.20639909735654416,0.10110714612498856,0.9796099290780141,0.8709219858156029,0.12907801418439716
1479,YKR028W YHR138C,0.0,NA,2.03947186965198e-14,1105,9823,1457,23,0.20647969052224371,0.10111639824304539,0.9796099290780141,0.8708333333333333,0.12916666666666668
1480,YLR006C YOR348C,0.0,NA,2.0469738710592218e-14,1105,9822,1458,23,0.20656028368794327,0.1011256520545438,0.9796099290780141,0.8707446808510638,0.12925531914893618
1481,YCL044C YPR151C,0.0,NA,2.0551343558796592e-14,1105,9821,1459,23,0.20664087685364282,0.10113490755994875,0.9796099290780141,0.8706560283687943,0.12934397163120567
1482,YML107C YMR177W,0.0,NA,2.0955844142757883e-14,1105,9820,1460,23,0.20672147001934235,0.1011441647597254,0.9796099290780141,0.8705673758865248,0.12943262411347517
1483,YOR226C YKL002W,0.0,NA,2.137772076059915e-14,1105,9819,1461,23,0.2068020631850419,0.10115342365433908,0.9796099290780141,0.8704787234042554,0.1295212765957447
1484,YDR415C YJR126C,1.0,NA,2.164882551382915e-14,1104,9819,1461,24,0.20672147001934235,0.1010711343037627,0.9787234042553191,0.8704787234042554,0.1295212765957447
1485,YPL081W YGL234W,0.0,NA,2.1665059747296225e-14,1104,9818,1462,24,0.2068020631850419,0.10108038820728804,0.9787234042553191,0.8703900709219858,0.1296099290780142
1486,YKR050W YIL074C,0.0,NA,2.1931605769204103e-14,1104,9817,1463,24,0.20688265635074146,0.10108964380551232,0.9787234042553191,0.8703014184397163,0.1296985815602837
1487,YER081W YNL242W,0.0,NA,2.206103579167635e-14,1104,9816,1464,24,0.20696324951644102,0.1010989010989011,0.9787234042553191,0.8702127659574468,0.12978723404255318
1488,YGL168W YGR261C,0.0,NA,2.2334369935623523e-14,1104,9815,1465,24,0.20704384268214054,0.10110816008792015,0.9787234042553191,0.8701241134751773,0.12987588652482268
1489,YJR103W YJL138C,0.0,NA,2.2622007077918033e-14,1104,9814,1466,24,0.2071244358478401,0.10111742077303536,0.9787234042553191,0.8700354609929078,0.1299645390070922
1490,YDR044W YFL042C,0.0,NA,2.2639791381678584e-14,1104,9813,1467,24,0.20720502901353965,0.10112668315471283,0.9787234042553191,0.8699468085106383,0.1300531914893617
1491,YDR013W YLR114C,0.0,NA,2.28115256176685e-14,1104,9812,1468,24,0.2072856221792392,0.10113594723341883,0.9787234042553191,0.8698581560283688,0.1301418439716312
1492,YNL242W YNL052W,0.0,NA,2.2827978385635966e-14,1104,9811,1469,24,0.20736621534493874,0.10114521300961979,0.9787234042553191,0.8697695035460993,0.1302304964539007
1493,YMR159C YOR065W,0.0,NA,2.284683842123953e-14,1104,9810,1470,24,0.2074468085106383,0.1011544804837823,0.9787234042553191,0.8696808510638298,0.13031914893617022
1494,YKL001C YLR341W,0.0,NA,2.2950306883878432e-14,1104,9809,1471,24,0.20752740167633785,0.10116374965637313,0.9787234042553191,0.8695921985815603,0.13040780141843972
1495,YNL297C YPR056W,0.0,NA,2.303160849428769e-14,1104,9808,1472,24,0.2076079948420374,0.10117302052785923,0.9787234042553191,0.8695035460992908,0.13049645390070921
1496,YJL066C YGL009C,0.0,NA,2.3144429894730173e-14,1104,9807,1473,24,0.20768858800773696,0.10118229309870773,0.9787234042553191,0.8694148936170213,0.1305851063829787
1497,YPL088W YKL032C,0.0,NA,2.3279551978607968e-14,1104,9806,1474,24,0.20776918117343648,0.10119156736938588,0.9787234042553191,0.8693262411347518,0.13067375886524824
1498,YDL244W YER025W,0.0,NA,2.3413498380754974e-14,1104,9805,1475,24,0.20784977433913604,0.10120084334036117,0.9787234042553191,0.8692375886524822,0.13076241134751773
1499,YHR064C YMR101C,0.0,NA,2.3444869092989484e-14,1104,9804,1476,24,0.2079303675048356,0.10121012101210121,0.9787234042553191,0.8691489361702127,0.13085106382978723
1500,YGR081C YCL044C,0.0,NA,2.3461194806014864e-14,1104,9803,1477,24,0.20801096067053515,0.10121940038507381,0.9787234042553191,0.8690602836879433,0.13093971631205673
1501,YHR058C YMR140W,0.0,NA,2.3685556893083583e-14,1104,9802,1478,24,0.20809155383623468,0.10122868145974692,0.9787234042553191,0.8689716312056738,0.13102836879432625
1502,YBR169C YGR184C,0.0,NA,2.4109862801417574e-14,1104,9801,1479,24,0.20817214700193423,0.10123796423658872,0.9787234042553191,0.8688829787234043,0.13111702127659575
1503,YDR392W YJR009C,0.0,NA,2.4154235469392438e-14,1104,9800,1480,24,0.2082527401676338,0.1012472487160675,0.9787234042553191,0.8687943262411347,0.13120567375886524
1504,YOR179C YLL008W,0.0,NA,2.4208657336253527e-14,1104,9799,1481,24,0.20833333333333334,0.10125653489865175,0.9787234042553191,0.8687056737588652,0.13129432624113474
1505,YGR034W YDR244W,0.0,NA,2.4300025086207953e-14,1104,9798,1482,24,0.20841392649903287,0.10126582278481013,0.9787234042553191,0.8686170212765958,0.13138297872340426
1506,YDL063C YPR151C,0.0,NA,2.4304892137522877e-14,1104,9797,1483,24,0.20849451966473243,0.10127511237501147,0.9787234042553191,0.8685283687943263,0.13147163120567376
1507,YDR044W YPL110C,0.0,NA,2.4360584553804847e-14,1104,9796,1484,24,0.20857511283043198,0.10128440366972477,0.9787234042553191,0.8684397163120567,0.13156028368794326
1508,YMR300C YGL097W,0.0,NA,2.45863239164458e-14,1104,9795,1485,24,0.20865570599613154,0.10129369666941922,0.9787234042553191,0.8683510638297872,0.13164893617021275
1509,YML057W YOL111C,0.0,NA,2.458679317269858e-14,1104,9794,1486,24,0.2087362991618311,0.10130299137456414,0.9787234042553191,0.8682624113475177,0.13173758865248228
1510,YCR011C YDR228C,0.0,NA,2.470831868370705e-14,1104,9793,1487,24,0.20881689232753062,0.10131228778562908,0.9787234042553191,0.8681737588652483,0.13182624113475178
1511,YOR179C YDR096W,0.0,NA,2.487642592461682e-14,1104,9792,1488,24,0.20889748549323017,0.1013215859030837,0.9787234042553191,0.8680851063829788,0.13191489361702127
1512,YLR167W YHL006C,0.0,NA,2.4899639709569273e-14,1104,9791,1489,24,0.20897807865892973,0.10133088572739789,0.9787234042553191,0.8679964539007092,0.13200354609929077
1513,YGR142W YNL137C,0.0,NA,2.4965074698810562e-14,1104,9790,1490,24,0.20905867182462928,0.10134018725904168,0.9787234042553191,0.8679078014184397,0.1320921985815603
1514,YMR230W YPL104W,0.0,NA,2.4983126664982445e-14,1104,9789,1491,24,0.2091392649903288,0.10134949049848527,0.9787234042553191,0.8678191489361702,0.1321808510638298
1515,YER093C YNL202W,0.0,NA,2.50538471398146e-14,1104,9788,1492,24,0.20921985815602837,0.10135879544619905,0.9787234042553191,0.8677304964539007,0.1322695035460993
1516,YGR096W YNL064C,0.0,NA,2.5193531343146308e-14,1104,9787,1493,24,0.20930045132172792,0.10136810210265357,0.9787234042553191,0.8676418439716312,0.13235815602836878
1517,YDR357C YMR119W,0.0,NA,2.524548156786731e-14,1104,9786,1494,24,0.20938104448742748,0.10137741046831956,0.9787234042553191,0.8675531914893617,0.1324468085106383
1518,YNR048W YJL138C,0.0,NA,2.541874723942586e-14,1104,9785,1495,24,0.209461637653127,0.10138672054366792,0.9787234042553191,0.8674645390070922,0.1325354609929078
1519,YHR200W YBR074W,1.0,NA,2.5461349608540962e-14,1103,9785,1495,25,0.20938104448742748,0.1013041880969875,0.9778368794326241,0.8674645390070922,0.1325354609929078
1520,YKL069W YPL145C,0.0,NA,2.5581438551670888e-14,1103,9784,1496,25,0.209461637653127,0.10131349315697621,0.9778368794326241,0.8673758865248227,0.1326241134751773
1521,YIL026C YER061C,0.0,NA,2.5866007740630442e-14,1103,9783,1497,25,0.20954223081882656,0.10132279992651111,0.9778368794326241,0.8672872340425531,0.1327127659574468
1522,YML057W YKL119C,0.0,NA,2.6104754141209434e-14,1103,9782,1498,25,0.2096228239845261,0.1013321084060634,0.9778368794326241,0.8671985815602837,0.13280141843971632
1523,YMR158W YNL062C,0.0,NA,2.63162684325342e-14,1103,9781,1499,25,0.20970341715022567,0.10134141859610438,0.9778368794326241,0.8671099290780142,0.13289007092198582
1524,YMR247C YPR151C,0.0,NA,2.6345548667454886e-14,1103,9780,1500,25,0.20978401031592522,0.10135073049710558,0.9778368794326241,0.8670212765957447,0.13297872340425532
1525,YER025W YOR047C,0.0,NA,2.643343172386431e-14,1103,9779,1501,25,0.20986460348162475,0.1013600441095387,0.9778368794326241,0.8669326241134752,0.1330673758865248
1526,YGR088W YLR247C,0.0,NA,2.6570469796268793e-14,1103,9778,1502,25,0.2099451966473243,0.10136935943387557,0.9778368794326241,0.8668439716312056,0.13315602836879434
1527,YML091C YDL223C,0.0,NA,2.6577767832142336e-14,1103,9777,1503,25,0.21002578981302386,0.10137867647058824,0.9778368794326241,0.8667553191489362,0.13324468085106383
1528,YDR201W YBR276C,0.0,NA,2.6617746093186845e-14,1103,9776,1504,25,0.21010638297872342,0.10138799522014891,0.9778368794326241,0.8666666666666667,0.13333333333333333
1529,YDR234W YJR090C,0.0,NA,2.663826292523524e-14,1103,9775,1505,25,0.21018697614442294,0.10139731568302997,0.9778368794326241,0.8665780141843972,0.13342198581560283
1530,YPL271W YHR136C,0.0,NA,2.6722889986995416e-14,1103,9774,1506,25,0.2102675693101225,0.10140663785970397,0.9778368794326241,0.8664893617021276,0.13351063829787235
1531,YJL170C YKL220C,0.0,NA,2.680098981286405e-14,1103,9773,1507,25,0.21034816247582205,0.10141596175064362,0.9778368794326241,0.8664007092198581,0.13359929078014185
1532,YCL029C YJR152W,0.0,NA,2.7276214259789287e-14,1103,9772,1508,25,0.2104287556415216,0.10142528735632184,0.9778368794326241,0.8663120567375886,0.13368794326241135
1533,YLR411W YDR488C,0.0,NA,2.7767224012719555e-14,1103,9771,1509,25,0.21050934880722114,0.1014346146772117,0.9778368794326241,0.8662234042553192,0.13377659574468084
1534,YDR479C YLR364W,0.0,NA,2.777304990533077e-14,1103,9770,1510,25,0.2105899419729207,0.10144394371378644,0.9778368794326241,0.8661347517730497,0.13386524822695037
1535,YDR192C YJL151C,0.0,NA,2.7855279863850217e-14,1103,9769,1511,25,0.21067053513862025,0.1014532744665195,0.9778368794326241,0.8660460992907801,0.13395390070921986
1536,YJR134C YCR094W,0.0,NA,2.7951186016336033e-14,1103,9768,1512,25,0.2107511283043198,0.10146260693588446,0.9778368794326241,0.8659574468085106,0.13404255319148936
1537,YLR227C YGL035C,0.0,NA,2.8224782740496855e-14,1103,9767,1513,25,0.21083172147001933,0.10147194112235511,0.9778368794326241,0.8658687943262411,0.13413120567375886
1538,YNL291C YOR265W,0.0,NA,2.85547647538905e-14,1103,9766,1514,25,0.21091231463571888,0.10148127702640537,0.9778368794326241,0.8657801418439717,0.13421985815602838
1539,YKR104W YLR167W,0.0,NA,2.8636632182308525e-14,1103,9765,1515,25,0.21099290780141844,0.10149061464850939,0.9778368794326241,0.8656914893617021,0.13430851063829788
1540,YML057W YGR264C,0.0,NA,2.874679389929663e-14,1103,9764,1516,25,0.211073500967118,0.10149995398914144,0.9778368794326241,0.8656028368794326,0.13439716312056738
1541,YEL003W YLR375W,0.0,NA,2.8754359597581505e-14,1103,9763,1517,25,0.21115409413281755,0.101509295048776,0.9778368794326241,0.8655141843971631,0.13448581560283687
1542,YDR281C YNL281W,0.0,NA,2.882635062183454e-14,1103,9762,1518,25,0.21123468729851708,0.10151863782788771,0.9778368794326241,0.8654255319148936,0.1345744680851064
1543,YCR031C YDR520C,0.0,NA,2.886502953433796e-14,1103,9761,1519,25,0.21131528046421663,0.1015279823269514,0.9778368794326241,0.8653368794326242,0.1346631205673759
1544,YDR379W YHR058C,0.0,NA,2.895159630154735e-14,1103,9760,1520,25,0.2113958736299162,0.10153732854644205,0.9778368794326241,0.8652482269503546,0.1347517730496454
1545,YDR137W YKL028W,0.0,NA,2.907539186085446e-14,1103,9759,1521,25,0.21147646679561574,0.10154667648683484,0.9778368794326241,0.8651595744680851,0.1348404255319149
1546,YMR217W YDR201W,0.0,NA,2.913356608367189e-14,1103,9758,1522,25,0.21155705996131527,0.1015560261486051,0.9778368794326241,0.8650709219858156,0.13492907801418438
1547,YNL194C YKL137W,0.0,NA,2.915090993029987e-14,1103,9757,1523,25,0.21163765312701482,0.10156537753222836,0.9778368794326241,0.8649822695035461,0.1350177304964539
1548,YBR136W YLL036C,0.0,NA,2.922829824849281e-14,1103,9756,1524,25,0.21171824629271438,0.10157473063818032,0.9778368794326241,0.8648936170212767,0.1351063829787234
1549,YFL045C YNL061W,0.0,NA,2.927259468350242e-14,1103,9755,1525,25,0.21179883945841393,0.10158408546693683,0.9778368794326241,0.8648049645390071,0.1351950354609929
1550,YNL135C YBL079W,0.0,NA,2.9325459703806456e-14,1103,9754,1526,25,0.21187943262411346,0.10159344201897394,0.9778368794326241,0.8647163120567376,0.1352836879432624
1551,YBR044C YBR293W,0.0,NA,2.9506067456951807e-14,1103,9753,1527,25,0.21196002578981302,0.10160280029476787,0.9778368794326241,0.8646276595744681,0.13537234042553192
1552,YHR053C YPR032W,0.0,NA,2.951011966257147e-14,1103,9752,1528,25,0.21204061895551257,0.10161216029479503,0.9778368794326241,0.8645390070921986,0.13546099290780142
1553,YOR194C YMR242C,0.0,NA,2.9576499940581896e-14,1103,9751,1529,25,0.21212121212121213,0.10162152201953197,0.9778368794326241,0.864450354609929,0.13554964539007092
1554,YJL107C YOL012C,0.0,NA,2.958287301647704e-14,1103,9750,1530,25,0.21220180528691168,0.10163088546945545,0.9778368794326241,0.8643617021276596,0.1356382978723404
1555,YGL029W YNL107W,0.0,NA,2.969055800912737e-14,1103,9749,1531,25,0.2122823984526112,0.10164025064504238,0.9778368794326241,0.8642730496453901,0.13572695035460994
1556,YKL185W YAL027W,0.0,NA,2.9805341137875696e-14,1103,9748,1532,25,0.21236299161831076,0.10164961754676988,0.9778368794326241,0.8641843971631206,0.13581560283687943
1557,YMR246W YJL053W,0.0,NA,2.983480433191299e-14,1103,9747,1533,25,0.21244358478401032,0.1016589861751152,0.9778368794326241,0.864095744680851,0.13590425531914893
1558,YPR144C YGR134W,0.0,NA,2.984163480559965e-14,1103,9746,1534,25,0.21252417794970987,0.10166835653055581,0.9778368794326241,0.8640070921985815,0.13599290780141843
1559,YKL073W YPR060C,0.0,NA,2.98923348096905e-14,1103,9745,1535,25,0.2126047711154094,0.10167772861356932,0.9778368794326241,0.8639184397163121,0.13608156028368795
1560,YGL012W YJL100W,0.0,NA,3.006106038465177e-14,1103,9744,1536,25,0.21268536428110896,0.10168710242463354,0.9778368794326241,0.8638297872340426,0.13617021276595745
1561,YJL173C YIR018W,0.0,NA,3.0127128954537605e-14,1103,9743,1537,25,0.2127659574468085,0.10169647796422644,0.9778368794326241,0.863741134751773,0.13625886524822695
1562,YHR064C YOR228C,0.0,NA,3.0397952492829117e-14,1103,9742,1538,25,0.21284655061250807,0.10170585523282619,0.9778368794326241,0.8636524822695035,0.13634751773049644
1563,YDL241W YNL016W,0.0,NA,3.0467900473613377e-14,1103,9741,1539,25,0.2129271437782076,0.1017152342309111,0.9778368794326241,0.863563829787234,0.13643617021276597
1564,YER078C YFR018C,1.0,NA,3.065285181171225e-14,1102,9741,1539,26,0.21284655061250807,0.10163238956008484,0.9769503546099291,0.863563829787234,0.13643617021276597
1565,YBR137W YKL009W,0.0,NA,3.06841479850474e-14,1102,9740,1540,26,0.2129271437782076,0.10164176351226711,0.9769503546099291,0.8634751773049646,0.13652482269503546
1566,YJL050W YMR197C,0.0,NA,3.068514070766158e-14,1102,9739,1541,26,0.21300773694390715,0.10165113919380131,0.9769503546099291,0.8633865248226951,0.13661347517730496
1567,YDR272W YLR114C,0.0,NA,3.090257745335355e-14,1102,9738,1542,26,0.2130883301096067,0.10166051660516605,0.9769503546099291,0.8632978723404255,0.13670212765957446
1568,YGR249W YOR315W,0.0,NA,3.090687699259381e-14,1102,9737,1543,26,0.21316892327530626,0.10166989574684011,0.9769503546099291,0.863209219858156,0.13679078014184398
1569,YDR192C YDR519W,0.0,NA,3.107563983700476e-14,1102,9736,1544,26,0.21324951644100582,0.10167927661930246,0.9769503546099291,0.8631205673758865,0.13687943262411348
1570,YGR206W YHR009C,0.0,NA,3.1146014722394436e-14,1102,9735,1545,26,0.21333010960670534,0.1016886592230322,0.9769503546099291,0.863031914893617,0.13696808510638298
1571,YNL273W YKL133C,0.0,NA,3.138545060779249e-14,1102,9734,1546,26,0.2134107027724049,0.10169804355850867,0.9769503546099291,0.8629432624113476,0.13705673758865247
1572,YGR106C YBR044C,0.0,NA,3.139508645460046e-14,1102,9733,1547,26,0.21349129593810445,0.10170742962621135,0.9769503546099291,0.862854609929078,0.137145390070922
1573,YDR197W YLR075W,0.0,NA,3.1658103737250073e-14,1102,9732,1548,26,0.213571889103804,0.10171681742661991,0.9769503546099291,0.8627659574468085,0.1372340425531915
1574,YDR394W YBL067C,1.0,NA,3.1795655111620594e-14,1101,9732,1548,27,0.21349129593810445,0.10163389642758239,0.976063829787234,0.8627659574468085,0.1372340425531915
1575,YML098W YNL117W,0.0,NA,3.258339575256709e-14,1101,9731,1549,27,0.213571889103804,0.10164327917282127,0.976063829787234,0.862677304964539,0.137322695035461
1576,YMR150C YJL172W,1.0,NA,3.2586624642162026e-14,1100,9731,1549,28,0.21349129593810445,0.10156033607238482,0.975177304964539,0.862677304964539,0.137322695035461
1577,YML100W YNL064C,0.0,NA,3.268628653873597e-14,1100,9730,1550,28,0.213571889103804,0.10156971375807941,0.975177304964539,0.8625886524822695,0.1374113475177305
1578,YJR120W YPR137W,0.0,NA,3.27607475110632e-14,1100,9729,1551,28,0.21365248226950354,0.10157909317573183,0.975177304964539,0.8625,0.1375
1579,YDR330W YJL151C,0.0,NA,3.300183002851072e-14,1100,9728,1552,28,0.2137330754352031,0.10158847432582194,0.975177304964539,0.8624113475177305,0.1375886524822695
1580,YAR018C YDR519W,0.0,NA,3.334171046892598e-14,1100,9727,1553,28,0.21381366860090265,0.10159785720882977,0.975177304964539,0.862322695035461,0.137677304964539
1581,YML124C YFL045C,0.0,NA,3.38063588624718e-14,1100,9726,1554,28,0.2138942617666022,0.10160724182523555,0.975177304964539,0.8622340425531915,0.1377659574468085
1582,YKR070W YKL137W,0.0,NA,3.398888091007794e-14,1100,9725,1555,28,0.21397485493230173,0.10161662817551963,0.975177304964539,0.862145390070922,0.13785460992907803
1583,YER081W YGR103W,0.0,NA,3.4325898379131484e-14,1100,9724,1556,28,0.21405544809800128,0.1016260162601626,0.975177304964539,0.8620567375886525,0.13794326241134752
1584,YBR057C YNR076W,0.0,NA,3.4391563761334426e-14,1100,9723,1557,28,0.21413604126370084,0.1016354060796452,0.975177304964539,0.861968085106383,0.13803191489361702
1585,YLR033W YJL019W,0.0,NA,3.460765880683794e-14,1100,9722,1558,28,0.2142166344294004,0.10164479763444835,0.975177304964539,0.8618794326241135,0.13812056737588652
1586,YBR137W YGL234W,0.0,NA,3.488507903772267e-14,1100,9721,1559,28,0.21429722759509995,0.10165419092505314,0.975177304964539,0.861790780141844,0.13820921985815604
1587,YOL067C YJR084W,0.0,NA,3.503631507638903e-14,1100,9720,1560,28,0.21437782076079948,0.10166358595194085,0.975177304964539,0.8617021276595744,0.13829787234042554
1588,YOR294W YDL180W,0.0,NA,3.511485535939024e-14,1100,9719,1561,28,0.21445841392649903,0.10167298271559294,0.975177304964539,0.8616134751773049,0.13838652482269503
1589,YMR244C-A YOR272W,0.0,NA,3.5545181977913315e-14,1100,9718,1562,28,0.21453900709219859,0.10168238121649104,0.975177304964539,0.8615248226950355,0.13847517730496453
1590,YDL088C YPL231W,0.0,NA,3.55949773508165e-14,1100,9717,1563,28,0.21461960025789814,0.10169178145511694,0.975177304964539,0.861436170212766,0.13856382978723406
1591,YJR140C YLR045C,0.0,NA,3.579473143670159e-14,1100,9716,1564,28,0.21470019342359767,0.10170118343195267,0.975177304964539,0.8613475177304964,0.13865248226950355
1592,YLR226W YHR143W,0.0,NA,3.579609685381256e-14,1100,9715,1565,28,0.21478078658929722,0.10171058714748035,0.975177304964539,0.8612588652482269,0.13874113475177305
1593,YKL219W YDR097C,0.0,NA,3.634434401112059e-14,1100,9714,1566,28,0.21486137975499678,0.10171999260218235,0.975177304964539,0.8611702127659574,0.13882978723404255
1594,YMR246W YJL020C,0.0,NA,3.6422830084013175e-14,1100,9713,1567,28,0.21494197292069633,0.1017293997965412,0.975177304964539,0.861081560283688,0.13891843971631207
1595,YBR085W YDR405W,0.0,NA,3.6426997486113666e-14,1100,9712,1568,28,0.21502256608639586,0.10173880873103959,0.975177304964539,0.8609929078014185,0.13900709219858157
1596,YOR257W YML118W,0.0,NA,3.6473994262159123e-14,1100,9711,1569,28,0.21510315925209542,0.1017482194061604,0.975177304964539,0.8609042553191489,0.13909574468085106
1597,YCR037C YDR313C,0.0,NA,3.6530393103919104e-14,1100,9710,1570,28,0.21518375241779497,0.10175763182238667,0.975177304964539,0.8608156028368794,0.13918439716312056
1598,YDL015C YJL050W,0.0,NA,3.6621571118493346e-14,1100,9709,1571,28,0.21526434558349453,0.10176704598020168,0.975177304964539,0.8607269503546099,0.13927304964539008
1599,YHR053C YKL014C,0.0,NA,3.68254688895564e-14,1100,9708,1572,28,0.21534493874919408,0.10177646188008882,0.975177304964539,0.8606382978723405,0.13936170212765958
1600,YHR127W YOR138C,0.0,NA,3.687474249016408e-14,1100,9707,1573,28,0.2154255319148936,0.1017858795225317,0.975177304964539,0.860549645390071,0.13945035460992908
1601,YLR283W YOR233W,0.0,NA,3.709462207887593e-14,1100,9706,1574,28,0.21550612508059316,0.10179529890801407,0.975177304964539,0.8604609929078014,0.13953900709219857
1602,YPR103W YNL191W,1.0,NA,3.7336815903550244e-14,1099,9706,1574,29,0.2154255319148936,0.10171217029153169,0.974290780141844,0.8604609929078014,0.13953900709219857
1603,YGR134W YNL118C,0.0,NA,3.743850390293402e-14,1099,9705,1575,29,0.21550612508059316,0.10172158459829693,0.974290780141844,0.8603723404255319,0.13962765957446807
1604,YGL062W YER025W,0.0,NA,3.744393507819181e-14,1099,9704,1576,29,0.21558671824629272,0.10173100064796815,0.974290780141844,0.8602836879432624,0.1397163120567376
1605,YHL037C YLR150W,0.0,NA,3.749231421200719e-14,1099,9703,1577,29,0.21566731141199227,0.10174041844102943,0.974290780141844,0.860195035460993,0.1398049645390071
1606,YJR131W YIL155C,0.0,NA,3.777059164023454e-14,1099,9702,1578,29,0.2157479045776918,0.101749837977965,0.974290780141844,0.8601063829787234,0.1398936170212766
1607,YMR056C YNR076W,0.0,NA,3.78100904806309e-14,1099,9701,1579,29,0.21582849774339136,0.10175925925925926,0.974290780141844,0.8600177304964539,0.1399822695035461
1608,YFR016C YNL148C,0.0,NA,3.7911985156053804e-14,1099,9700,1580,29,0.2159090909090909,0.1017686822853968,0.974290780141844,0.8599290780141844,0.1400709219858156
1609,YDR184C YDL193W,0.0,NA,3.8353390965526965e-14,1099,9699,1581,29,0.21598968407479047,0.10177810705686238,0.974290780141844,0.8598404255319149,0.1401595744680851
1610,YLR203C YDR532C,0.0,NA,3.838881388338114e-14,1099,9698,1582,29,0.21607027724049,0.10178753357414097,0.974290780141844,0.8597517730496453,0.1402482269503546
1611,YML055W YBR074W,1.0,NA,3.8845476450300245e-14,1098,9698,1582,30,0.21598968407479047,0.10170433493886624,0.973404255319149,0.8597517730496453,0.1402482269503546
1612,YGR089W YLL039C,0.0,NA,3.904946908905339e-14,1098,9697,1583,30,0.21607027724049,0.1017137563686892,0.973404255319149,0.8596631205673759,0.1403368794326241
1613,YNL014W YDR192C,0.0,NA,3.910835143141472e-14,1098,9696,1584,30,0.21615087040618955,0.10172317954419122,0.973404255319149,0.8595744680851064,0.14042553191489363
1614,YBR176W YHL011C,0.0,NA,3.918854851086076e-14,1098,9695,1585,30,0.2162314635718891,0.1017326044658575,0.973404255319149,0.8594858156028369,0.14051418439716312
1615,YKL196C YFR048W,0.0,NA,3.9427340651218903e-14,1098,9694,1586,30,0.21631205673758866,0.10174203113417346,0.973404255319149,0.8593971631205674,0.14060283687943262
1616,YJR041C YBL075C,0.0,NA,3.973437315393964e-14,1098,9693,1587,30,0.21639264990328821,0.10175145954962468,0.973404255319149,0.8593085106382978,0.14069148936170212
1617,YDR354W YOR360C,0.0,NA,3.9973138189243473e-14,1098,9692,1588,30,0.21647324306898774,0.10176088971269694,0.973404255319149,0.8592198581560284,0.14078014184397164
1618,YDR364C YKL204W,0.0,NA,4.005357582604653e-14,1098,9691,1589,30,0.2165538362346873,0.10177032162387617,0.973404255319149,0.8591312056737589,0.14086879432624114
1619,YKL003C YPL145C,0.0,NA,4.024970461091737e-14,1098,9690,1590,30,0.21663442940038685,0.1017797552836485,0.973404255319149,0.8590425531914894,0.14095744680851063
1620,YLR293C YDL217C,0.0,NA,4.0322393590318945e-14,1098,9689,1591,30,0.2167150225660864,0.10178919069250023,0.973404255319149,0.8589539007092198,0.14104609929078013
1621,YFR039C YER026C,0.0,NA,4.060285297541842e-14,1098,9688,1592,30,0.21679561573178593,0.10179862785091785,0.973404255319149,0.8588652482269503,0.14113475177304965
1622,YGL105W YNL066W,0.0,NA,4.083600726447964e-14,1098,9687,1593,30,0.2168762088974855,0.10180806675938804,0.973404255319149,0.8587765957446809,0.14122340425531915
1623,YKL185W YGR213C,0.0,NA,4.117364137351878e-14,1098,9686,1594,30,0.21695680206318504,0.10181750741839762,0.973404255319149,0.8586879432624114,0.14131205673758865
1624,YFL011W YJL143W,0.0,NA,4.1298771856750766e-14,1098,9685,1595,30,0.2170373952288846,0.10182694982843364,0.973404255319149,0.8585992907801419,0.14140070921985815
1625,YPL203W YJL026W,0.0,NA,4.192649780956556e-14,1098,9684,1596,30,0.21711798839458413,0.1018363939899833,0.973404255319149,0.8585106382978723,0.14148936170212767
1626,YNR050C YMR202W,0.0,NA,4.198587481916809e-14,1098,9683,1597,30,0.21719858156028368,0.10184583990353399,0.973404255319149,0.8584219858156028,0.14157801418439717
1627,YDL180W YDR528W,0.0,NA,4.2114606886491796e-14,1098,9682,1598,30,0.21727917472598324,0.10185528756957328,0.973404255319149,0.8583333333333333,0.14166666666666666
1628,YBR035C YPR151C,0.0,NA,4.253438286262387e-14,1098,9681,1599,30,0.2173597678916828,0.10186473698858892,0.973404255319149,0.8582446808510639,0.14175531914893616
1629,YKL019W YDL001W,0.0,NA,4.3015497576664313e-14,1098,9680,1600,30,0.21744036105738235,0.10187418816106884,0.973404255319149,0.8581560283687943,0.14184397163120568
1630,YBR008C YGL030W,0.0,NA,4.3080607305253857e-14,1098,9679,1601,30,0.21752095422308187,0.10188364108750116,0.973404255319149,0.8580673758865248,0.14193262411347518
1631,YIL042C YGR233C,0.0,NA,4.310559477719786e-14,1098,9678,1602,30,0.21760154738878143,0.10189309576837416,0.973404255319149,0.8579787234042553,0.14202127659574468
1632,YDL137W YDR359C,0.0,NA,4.319456372984566e-14,1098,9677,1603,30,0.21768214055448099,0.10190255220417634,0.973404255319149,0.8578900709219858,0.14210992907801417
1633,YDR385W YGL002W,0.0,NA,4.3219781594751316e-14,1098,9676,1604,30,0.21776273372018054,0.10191201039539632,0.973404255319149,0.8578014184397164,0.1421985815602837
1634,YDL150W YML077W,0.0,NA,4.3237508300271454e-14,1098,9675,1605,30,0.21784332688588007,0.10192147034252297,0.973404255319149,0.8577127659574468,0.1422872340425532
1635,YOR038C YGR091W,0.0,NA,4.325119974083087e-14,1098,9674,1606,30,0.21792392005157962,0.10193093204604531,0.973404255319149,0.8576241134751773,0.1423758865248227
1636,YDR427W YHR127W,0.0,NA,4.3419982914032554e-14,1098,9673,1607,30,0.21800451321727918,0.10194039550645251,0.973404255319149,0.8575354609929078,0.1424645390070922
1637,YDR405W YCR021C,0.0,NA,4.350877229569554e-14,1098,9672,1608,30,0.21808510638297873,0.10194986072423398,0.973404255319149,0.8574468085106383,0.1425531914893617
1638,YKR105C YOL003C,0.0,NA,4.3525370753329934e-14,1098,9671,1609,30,0.21816569954867826,0.10195932769987928,0.973404255319149,0.8573581560283688,0.1426418439716312
1639,YDR273W YPL062W,0.0,NA,4.3618202176217216e-14,1098,9670,1610,30,0.21824629271437782,0.10196879643387816,0.973404255319149,0.8572695035460993,0.1427304964539007
1640,YLR208W YMR032W,0.0,NA,4.383420913029422e-14,1098,9669,1611,30,0.21832688588007737,0.10197826692672053,0.973404255319149,0.8571808510638298,0.1428191489361702
1641,YMR272C YDL018C,0.0,NA,4.398529609116186e-14,1098,9668,1612,30,0.21840747904577693,0.10198773917889653,0.973404255319149,0.8570921985815603,0.14290780141843973
1642,YER100W YML102W,0.0,NA,4.401609759725582e-14,1098,9667,1613,30,0.21848807221147648,0.10199721319089643,0.973404255319149,0.8570035460992907,0.14299645390070923
1643,YDR496C YOL165C,0.0,NA,4.4207930231018183e-14,1098,9666,1614,30,0.218568665377176,0.1020066889632107,0.973404255319149,0.8569148936170212,0.14308510638297872
1644,YOR310C YDR313C,0.0,NA,4.486891747360576e-14,1098,9665,1615,30,0.21864925854287556,0.10201616649633002,0.973404255319149,0.8568262411347518,0.14317375886524822
1645,YMR163C YMR140W,0.0,NA,4.5042894652840004e-14,1098,9664,1616,30,0.21872985170857512,0.10202564579074522,0.973404255319149,0.8567375886524823,0.14326241134751774
1646,YDR013W YKL168C,0.0,NA,4.515480803396303e-14,1098,9663,1617,30,0.21881044487427467,0.10203512684694731,0.973404255319149,0.8566489361702128,0.14335106382978724
1647,YDR034C YBL002W,0.0,NA,4.520883857160249e-14,1098,9662,1618,30,0.2188910380399742,0.10204460966542751,0.973404255319149,0.8565602836879432,0.14343971631205674
1648,YMR284W YOR040W,0.0,NA,4.543246543407299e-14,1098,9661,1619,30,0.21897163120567376,0.1020540942466772,0.973404255319149,0.8564716312056737,0.14352836879432623
1649,YBR301W YLR411W,0.0,NA,4.552059413003712e-14,1098,9660,1620,30,0.2190522243713733,0.10206358059118795,0.973404255319149,0.8563829787234043,0.14361702127659576
1650,YGR261C YEL012W,0.0,NA,4.563708487720711e-14,1098,9659,1621,30,0.21913281753707287,0.10207306869945151,0.973404255319149,0.8562943262411348,0.14370567375886525
1651,YKL173W YLR075W,0.0,NA,4.595731415324607e-14,1098,9658,1622,30,0.2192134107027724,0.10208255857195983,0.973404255319149,0.8562056737588652,0.14379432624113475
1652,YPL063W YLR355C,0.0,NA,4.599344180251236e-14,1098,9657,1623,30,0.21929400386847195,0.10209205020920502,0.973404255319149,0.8561170212765957,0.14388297872340425
1653,YMR310C YJR082C,0.0,NA,4.6035132764176215e-14,1098,9656,1624,30,0.2193745970341715,0.10210154361167938,0.973404255319149,0.8560283687943262,0.14397163120567377
1654,YOR348C YNL131W,0.0,NA,4.650844799883834e-14,1098,9655,1625,30,0.21945519019987106,0.10211103877987539,0.973404255319149,0.8559397163120568,0.14406028368794327
1655,YLR240W YMR016C,0.0,NA,4.6534977070746344e-14,1098,9654,1626,30,0.21953578336557059,0.10212053571428571,0.973404255319149,0.8558510638297873,0.14414893617021277
1656,YOR040W YML114C,0.0,NA,4.6609685376694174e-14,1098,9653,1627,30,0.21961637653127014,0.10213003441540322,0.973404255319149,0.8557624113475177,0.14423758865248226
1657,YDL170W YER124C,0.0,NA,4.708450494187062e-14,1098,9652,1628,30,0.2196969696969697,0.10213953488372093,0.973404255319149,0.8556737588652482,0.14432624113475176
1658,YBR141C YDR330W,0.0,NA,4.7283035912179874e-14,1098,9651,1629,30,0.21977756286266925,0.10214903711973207,0.973404255319149,0.8555851063829787,0.14441489361702128
1659,YPR056W YHL024W,0.0,NA,4.8053839282313077e-14,1098,9650,1630,30,0.2198581560283688,0.10215854112393004,0.973404255319149,0.8554964539007093,0.14450354609929078
1660,YPL115C YMR142C,0.0,NA,4.813125809369212e-14,1098,9649,1631,30,0.21993874919406833,0.10216804689680842,0.973404255319149,0.8554078014184398,0.14459219858156028
1661,YGL065C YMR200W,0.0,NA,4.850117432241702e-14,1098,9648,1632,30,0.2200193423597679,0.10217755443886097,0.973404255319149,0.8553191489361702,0.14468085106382977
1662,YDL064W YMR211W,0.0,NA,4.857449349433135e-14,1098,9647,1633,30,0.22009993552546744,0.10218706375058166,0.973404255319149,0.8552304964539007,0.1447695035460993
1663,YOL039W YMR309C,0.0,NA,4.916076565470752e-14,1098,9646,1634,30,0.220180528691167,0.10219657483246464,0.973404255319149,0.8551418439716312,0.1448581560283688
1664,YGL044C YER002W,0.0,NA,4.941845340605301e-14,1098,9645,1635,30,0.22026112185686653,0.1022060876850042,0.973404255319149,0.8550531914893617,0.1449468085106383
1665,YOR179C YER056C,0.0,NA,4.987924610562293e-14,1098,9644,1636,30,0.22034171502256608,0.10221560230869484,0.973404255319149,0.8549645390070922,0.1450354609929078
1666,YMR230W YJR127C,0.0,NA,5.014701354904075e-14,1098,9643,1637,30,0.22042230818826564,0.10222511870403128,0.973404255319149,0.8548758865248227,0.1451241134751773
1667,YDL064W YER081W,0.0,NA,5.0196107578663607e-14,1098,9642,1638,30,0.2205029013539652,0.10223463687150838,0.973404255319149,0.8547872340425532,0.1452127659574468
1668,YPL265W YKL180W,0.0,NA,5.081764341469987e-14,1098,9641,1639,30,0.22058349451966472,0.10224415681162119,0.973404255319149,0.8546985815602837,0.1453014184397163
1669,YNL301C YBR268W,0.0,NA,5.102004363151218e-14,1098,9640,1640,30,0.22066408768536427,0.10225367852486497,0.973404255319149,0.8546099290780141,0.1453900709219858
1670,YBL020W YMR004W,0.0,NA,5.107778417346061e-14,1098,9639,1641,30,0.22074468085106383,0.10226320201173512,0.973404255319149,0.8545212765957447,0.14547872340425533
1671,YLR209C YLR103C,0.0,NA,5.138421697685469e-14,1098,9638,1642,30,0.22082527401676338,0.10227272727272728,0.973404255319149,0.8544326241134752,0.14556737588652482
1672,YHR124W YOL123W,0.0,NA,5.1698605113689386e-14,1098,9637,1643,30,0.22090586718246294,0.10228225430833722,0.973404255319149,0.8543439716312057,0.14565602836879432
1673,YNL064C YIL017C,0.0,NA,5.227310012796693e-14,1098,9636,1644,30,0.22098646034816247,0.10229178311906093,0.973404255319149,0.8542553191489362,0.14574468085106382
1674,YDL222C YOR337W,0.0,NA,5.2547403277605764e-14,1098,9635,1645,30,0.22106705351386202,0.10230131370539458,0.973404255319149,0.8541666666666666,0.14583333333333334
1675,YML105C YGL035C,0.0,NA,5.27810454576446e-14,1098,9634,1646,30,0.22114764667956158,0.10231084606783451,0.973404255319149,0.8540780141843972,0.14592198581560284
1676,YOR264W YDR311W,0.0,NA,5.309122214666555e-14,1098,9633,1647,30,0.22122823984526113,0.10232038020687727,0.973404255319149,0.8539893617021277,0.14601063829787234
1677,YFL033C YJL063C,0.0,NA,5.309911988186575e-14,1098,9632,1648,30,0.22130883301096066,0.10232991612301957,0.973404255319149,0.8539007092198582,0.14609929078014183
1678,YOL123W YHR136C,0.0,NA,5.315302505862901e-14,1098,9631,1649,30,0.22138942617666021,0.10233945381675832,0.973404255319149,0.8538120567375886,0.14618794326241136
1679,YDL006W YCR021C,0.0,NA,5.3720218648901225e-14,1098,9630,1650,30,0.22147001934235977,0.10234899328859061,0.973404255319149,0.8537234042553191,0.14627659574468085
1680,YIR032C YKL064W,0.0,NA,5.462231890212242e-14,1098,9629,1651,30,0.22155061250805932,0.10235853453901371,0.973404255319149,0.8536347517730496,0.14636524822695035
1681,YPL031C YGL224C,0.0,NA,5.464649322243706e-14,1098,9628,1652,30,0.22163120567375885,0.10236807756852508,0.973404255319149,0.8535460992907802,0.14645390070921985
1682,YJL019W YOR101W,0.0,NA,5.4662129450643374e-14,1098,9627,1653,30,0.2217117988394584,0.10237762237762238,0.973404255319149,0.8534574468085107,0.14654255319148937
1683,YGL071W YMR260C,0.0,NA,5.481058722124274e-14,1098,9626,1654,30,0.22179239200515796,0.10238716896680343,0.973404255319149,0.8533687943262411,0.14663120567375887
1684,YMR012W YMR010W,0.0,NA,5.485325735299362e-14,1098,9625,1655,30,0.22187298517085752,0.10239671733656626,0.973404255319149,0.8532801418439716,0.14671985815602837
1685,YIR002C YNL148C,0.0,NA,5.494078973776288e-14,1098,9624,1656,30,0.22195357833655707,0.10240626748740907,0.973404255319149,0.8531914893617021,0.14680851063829786
1686,YPR056W YDR096W,0.0,NA,5.583941376776855e-14,1098,9623,1657,30,0.2220341715022566,0.10241581941983025,0.973404255319149,0.8531028368794327,0.1468971631205674
1687,YKL119C YIL017C,0.0,NA,5.61817031698858e-14,1098,9622,1658,30,0.22211476466795615,0.10242537313432835,0.973404255319149,0.8530141843971631,0.14698581560283688
1688,YGR141W YNL062C,0.0,NA,5.6270285875509654e-14,1098,9621,1659,30,0.2221953578336557,0.10243492863140219,0.973404255319149,0.8529255319148936,0.14707446808510638
1689,YCR066W YBL107C,0.0,NA,5.654226476674122e-14,1098,9620,1660,30,0.22227595099935527,0.10244448591155066,0.973404255319149,0.8528368794326241,0.14716312056737588
1690,YNL311C YJR152W,0.0,NA,5.670209988388811e-14,1098,9619,1661,30,0.2223565441650548,0.10245404497527293,0.973404255319149,0.8527482269503546,0.1472517730496454
1691,YBR137W YDR191W,0.0,NA,5.678500746876536e-14,1098,9618,1662,30,0.22243713733075435,0.10246360582306831,0.973404255319149,0.8526595744680852,0.1473404255319149
1692,YGR048W YDR011W,0.0,NA,5.683885843542e-14,1098,9617,1663,30,0.2225177304964539,0.1024731684554363,0.973404255319149,0.8525709219858156,0.1474290780141844
1693,YJL011C YJL107C,0.0,NA,5.714464410564238e-14,1098,9616,1664,30,0.22259832366215346,0.10248273287287661,0.973404255319149,0.8524822695035461,0.1475177304964539
1694,YOR195W YER059W,0.0,NA,5.744998931873219e-14,1098,9615,1665,30,0.22267891682785299,0.10249229907588911,0.973404255319149,0.8523936170212766,0.14760638297872342
1695,YOL125W YMR156C,0.0,NA,5.768715854396339e-14,1098,9614,1666,30,0.22275950999355254,0.10250186706497386,0.973404255319149,0.8523049645390071,0.1476950354609929
1696,YDR415C YGL203C,1.0,NA,5.799761983605461e-14,1097,9614,1666,31,0.22267891682785299,0.1024180748762954,0.9725177304964538,0.8523049645390071,0.1476950354609929
1697,YNL262W YMR211W,0.0,NA,5.842329116149958e-14,1097,9613,1667,31,0.22275950999355254,0.10242763772175537,0.9725177304964538,0.8522163120567375,0.1477836879432624
1698,YKL180W YML127W,0.0,NA,5.925725269631185e-14,1097,9612,1668,31,0.2228401031592521,0.1024372023531609,0.9725177304964538,0.8521276595744681,0.1478723404255319
1699,YGL215W YCR020C-A,0.0,NA,5.95493503141066e-14,1097,9611,1669,31,0.22292069632495165,0.10244676877101233,0.9725177304964538,0.8520390070921986,0.14796099290780143
1700,YPL233W YOR272W,0.0,NA,6.015312217517305e-14,1097,9610,1670,31,0.2230012894906512,0.10245633697581022,0.9725177304964538,0.8519503546099291,0.14804964539007093
1701,YOR116C YNR075W,0.0,NA,6.086706252949117e-14,1097,9609,1671,31,0.22308188265635073,0.1024659069680553,0.9725177304964538,0.8518617021276595,0.14813829787234042
1702,YOR030W YBR111C,0.0,NA,6.099908447278202e-14,1097,9608,1672,31,0.2231624758220503,0.10247547874824849,0.9725177304964538,0.85177304964539,0.14822695035460992
1703,YJL020C YGR206W,0.0,NA,6.12503279974648e-14,1097,9607,1673,31,0.22324306898774984,0.10248505231689088,0.9725177304964538,0.8516843971631206,0.14831560283687945
1704,YJR103W YJR048W,0.0,NA,6.163719166139836e-14,1097,9606,1674,31,0.2233236621534494,0.1024946276744838,0.9725177304964538,0.8515957446808511,0.14840425531914894
1705,YGL097W YOR303W,0.0,NA,6.206495685228894e-14,1097,9605,1675,31,0.22340425531914893,0.10250420482152868,0.9725177304964538,0.8515070921985816,0.14849290780141844
1706,YLR238W YJL151C,0.0,NA,6.253121799656633e-14,1097,9604,1676,31,0.22348484848484848,0.10251378375852724,0.9725177304964538,0.851418439716312,0.14858156028368794
1707,YHR168W YKL201C,0.0,NA,6.27933238717647e-14,1097,9603,1677,31,0.22356544165054804,0.1025233644859813,0.9725177304964538,0.8513297872340425,0.14867021276595746
1708,YDR185C YEL071W,0.0,NA,6.291896257476504e-14,1097,9602,1678,31,0.2236460348162476,0.10253294700439293,0.9725177304964538,0.8512411347517731,0.14875886524822696
1709,YNL271C YDR542W,0.0,NA,6.29830795807404e-14,1097,9601,1679,31,0.22372662798194712,0.10254253131426434,0.9725177304964538,0.8511524822695036,0.14884751773049645
1710,YHL043W YLR341W,0.0,NA,6.309080861910399e-14,1097,9600,1680,31,0.22380722114764667,0.10255211741609797,0.9725177304964538,0.851063829787234,0.14893617021276595
1711,YKL132C YOR014W,0.0,NA,6.328593790509707e-14,1097,9599,1681,31,0.22388781431334623,0.1025617053103964,0.9725177304964538,0.8509751773049645,0.14902482269503547
1712,YGL062W YOR156C,0.0,NA,6.345926795115961e-14,1097,9598,1682,31,0.22396840747904578,0.10257129499766246,0.9725177304964538,0.850886524822695,0.14911347517730497
1713,YDR392W YOR312C,0.0,NA,6.372636115635141e-14,1097,9597,1683,31,0.22404900064474534,0.10258088647839911,0.9725177304964538,0.8507978723404256,0.14920212765957447
1714,YKR094C YKL028W,0.0,NA,6.388675531524349e-14,1097,9596,1684,31,0.22412959381044487,0.10259047975310952,0.9725177304964538,0.8507092198581561,0.14929078014184397
1715,YPL119C YBR104W,0.0,NA,6.59192684704206e-14,1097,9595,1685,31,0.22421018697614442,0.10260007482229705,0.9725177304964538,0.8506205673758865,0.14937943262411346
1716,YGL220W YOR192C,0.0,NA,6.592027135743014e-14,1097,9594,1686,31,0.22429078014184398,0.10260967168646525,0.9725177304964538,0.850531914893617,0.149468085106383
1717,YMR267W YLR113W,0.0,NA,6.650106490870347e-14,1097,9593,1687,31,0.22437137330754353,0.10261927034611787,0.9725177304964538,0.8504432624113475,0.14955673758865248
1718,YOR265W YAL007C,0.0,NA,6.69067869141747e-14,1097,9592,1688,31,0.22445196647324306,0.10262887080175882,0.9725177304964538,0.850354609929078,0.14964539007092198
1719,YER094C YPR024W,1.0,NA,6.718556917403862e-14,1096,9592,1688,32,0.22437137330754353,0.10254491017964072,0.9716312056737588,0.850354609929078,0.14964539007092198
1720,YNL204C YJL185C,0.0,NA,6.730741994569883e-14,1096,9591,1689,32,0.22445196647324306,0.10255450547394031,0.9716312056737588,0.8502659574468086,0.14973404255319148
1721,YOR080W YDR362C,0.0,NA,6.739117456352334e-14,1096,9590,1690,32,0.2245325596389426,0.10256410256410256,0.9716312056737588,0.850177304964539,0.149822695035461
1722,YNL118C YMR309C,0.0,NA,6.762784234524977e-14,1096,9589,1691,32,0.22461315280464217,0.10257370145063173,0.9716312056737588,0.8500886524822695,0.1499113475177305
1723,YML055W YJR126C,1.0,NA,6.773214937050645e-14,1095,9589,1691,33,0.2245325596389426,0.10248970423062523,0.9707446808510638,0.8500886524822695,0.1499113475177305
1724,YGR134W YML073C,0.0,NA,6.776510234028643e-14,1095,9588,1692,33,0.22461315280464217,0.10249929795001404,0.9707446808510638,0.85,0.15
1725,YMR251W-A YOR299W,0.0,NA,6.799127368973049e-14,1095,9587,1693,33,0.22469374597034172,0.10250889346564314,0.9707446808510638,0.8499113475177305,0.1500886524822695
1726,YOR138C YDR049W,0.0,NA,6.864161881036876e-14,1095,9586,1694,33,0.22477433913604125,0.10251849077801704,0.9707446808510638,0.849822695035461,0.15017730496453902
1727,YOL012C YEL061C,0.0,NA,6.933771048642234e-14,1095,9585,1695,33,0.2248549323017408,0.10252808988764045,0.9707446808510638,0.8497340425531915,0.1502659574468085
1728,YPL057C YLR273C,0.0,NA,6.940241025106542e-14,1095,9584,1696,33,0.22493552546744036,0.10253769079501826,0.9707446808510638,0.849645390070922,0.150354609929078
1729,YGL143C YKL009W,0.0,NA,6.991259513585563e-14,1095,9583,1697,33,0.22501611863313992,0.10254729350065556,0.9707446808510638,0.8495567375886525,0.1504432624113475
1730,YKL072W YER122C,0.0,NA,7.001414422183605e-14,1095,9582,1698,33,0.22509671179883947,0.1025568980050576,0.9707446808510638,0.8494680851063829,0.15053191489361703
1731,YGL191W YDR496C,0.0,NA,7.00341816332363e-14,1095,9581,1699,33,0.225177304964539,0.10256650430872986,0.9707446808510638,0.8493794326241135,0.15062056737588653
1732,YOR059C YAL047C,0.0,NA,7.032732957188564e-14,1095,9580,1700,33,0.22525789813023855,0.10257611241217798,0.9707446808510638,0.849290780141844,0.15070921985815602
1733,YDR324C YNR076W,0.0,NA,7.057687225441034e-14,1095,9579,1701,33,0.2253384912959381,0.10258572231590782,0.9707446808510638,0.8492021276595745,0.15079787234042552
1734,YOL125W YOR357C,0.0,NA,7.06514789164045e-14,1095,9578,1702,33,0.22541908446163766,0.10259533402042537,0.9707446808510638,0.849113475177305,0.15088652482269505
1735,YLR072W YNL014W,0.0,NA,7.074898257302883e-14,1095,9577,1703,33,0.2254996776273372,0.10260494752623688,0.9707446808510638,0.8490248226950354,0.15097517730496454
1736,YMR150C YDR331W,1.0,NA,7.175094123446774e-14,1094,9577,1703,34,0.22541908446163766,0.10252085090432012,0.9698581560283688,0.8490248226950354,0.15097517730496454
1737,YML004C YBL080C,0.0,NA,7.181775519334715e-14,1094,9576,1704,34,0.2254996776273372,0.10253045923149016,0.9698581560283688,0.8489361702127659,0.15106382978723404
1738,YGL248W YNR055C,0.0,NA,7.247040424360196e-14,1094,9575,1705,34,0.22558027079303675,0.10254006935982754,0.9698581560283688,0.8488475177304965,0.15115248226950354
1739,YJR153W YJR014W,0.0,NA,7.283958185959685e-14,1094,9574,1706,34,0.2256608639587363,0.10254968128983877,0.9698581560283688,0.848758865248227,0.15124113475177306
1740,YGL105W YNL127W,0.0,NA,7.296417024174259e-14,1094,9573,1707,34,0.22574145712443586,0.10255929502203057,0.9698581560283688,0.8486702127659574,0.15132978723404256
1741,YLR283W YHL031C,0.0,NA,7.375514316041581e-14,1094,9572,1708,34,0.22582205029013538,0.10256891055690981,0.9698581560283688,0.8485815602836879,0.15141843971631205
1742,YLR337C YDR283C,0.0,NA,7.41410445949213e-14,1094,9571,1709,34,0.22590264345583494,0.10257852789498359,0.9698581560283688,0.8484929078014184,0.15150709219858155
1743,YDR542W YHR002W,0.0,NA,7.436935046739243e-14,1094,9570,1710,34,0.2259832366215345,0.10258814703675918,0.9698581560283688,0.848404255319149,0.15159574468085107
1744,YAL027W YDR488C,0.0,NA,7.440624044631125e-14,1094,9569,1711,34,0.22606382978723405,0.10259776798274407,0.9698581560283688,0.8483156028368795,0.15168439716312057
1745,YKL001C YOR272W,0.0,NA,7.473066084137323e-14,1094,9568,1712,34,0.2261444229529336,0.10260739073344588,0.9698581560283688,0.8482269503546099,0.15177304964539007
1746,YOR294W YBR268W,0.0,NA,7.532296048820206e-14,1094,9567,1713,34,0.22622501611863313,0.10261701528937248,0.9698581560283688,0.8481382978723404,0.15186170212765956
1747,YGR120C YDR341C,0.0,NA,7.556759037963268e-14,1094,9566,1714,34,0.2263056092843327,0.1026266416510319,0.9698581560283688,0.8480496453900709,0.1519503546099291
1748,YNL264C YNL126W,0.0,NA,7.615213798092824e-14,1094,9565,1715,34,0.22638620245003224,0.10263626981893235,0.9698581560283688,0.8479609929078015,0.15203900709219859
1749,YGL029W YJL002C,0.0,NA,7.646462537582929e-14,1094,9564,1716,34,0.2264667956157318,0.10264589979358228,0.9698581560283688,0.847872340425532,0.15212765957446808
1750,YMR083W YPR157W,0.0,NA,7.652883047323117e-14,1094,9563,1717,34,0.22654738878143132,0.10265553157549029,0.9698581560283688,0.8477836879432624,0.15221631205673758
1751,YDL006W YOR192C,0.0,NA,7.661952398495958e-14,1094,9562,1718,34,0.22662798194713088,0.10266516516516516,0.9698581560283688,0.8476950354609929,0.1523049645390071
1752,YKR076W YDL229W,0.0,NA,7.663092843656141e-14,1094,9561,1719,34,0.22670857511283043,0.10267480056311591,0.9698581560283688,0.8476063829787234,0.1523936170212766
1753,YKL204W YNL185C,0.0,NA,7.683479910257016e-14,1094,9560,1720,34,0.22678916827853,0.1026844377698517,0.9698581560283688,0.8475177304964538,0.1524822695035461
1754,YDR392W YKL069W,0.0,NA,7.7468000276356e-14,1094,9559,1721,34,0.22686976144422952,0.10269407678588191,0.9698581560283688,0.8474290780141844,0.1525709219858156
1755,YOR357C YJL225C,0.0,NA,7.833872304107911e-14,1094,9558,1722,34,0.22695035460992907,0.10270371761171611,0.9698581560283688,0.8473404255319149,0.15265957446808512
1756,YBL018C YPL240C,0.0,NA,7.849277461726215e-14,1094,9557,1723,34,0.22703094777562863,0.10271336024786405,0.9698581560283688,0.8472517730496454,0.15274822695035462
1757,YGR034W YGR118W,0.0,NA,7.852242754667962e-14,1094,9556,1724,34,0.22711154094132818,0.10272300469483568,0.9698581560283688,0.8471631205673759,0.1528368794326241
1758,YPL239W YMR179W,0.0,NA,7.88801329484369e-14,1094,9555,1725,34,0.22719213410702774,0.10273265095314114,0.9698581560283688,0.8470744680851063,0.1529255319148936
1759,YOR228C YHR068W,0.0,NA,7.88816440552148e-14,1094,9554,1726,34,0.22727272727272727,0.10274229902329075,0.9698581560283688,0.8469858156028369,0.15301418439716313
1760,YER020W YLR114C,0.0,NA,7.954931608182211e-14,1094,9553,1727,34,0.22735332043842682,0.10275194890579506,0.9698581560283688,0.8468971631205674,0.15310283687943263
1761,YBL047C YHR127W,0.0,NA,7.971045562970777e-14,1094,9552,1728,34,0.22743391360412638,0.10276160060116475,0.9698581560283688,0.8468085106382979,0.15319148936170213
1762,YPR024W YGL203C,1.0,NA,7.981923498892596e-14,1093,9552,1728,35,0.22735332043842682,0.10267731329262565,0.9689716312056738,0.8468085106382979,0.15319148936170213
1763,YCR011C YAR018C,0.0,NA,7.996735733447821e-14,1093,9551,1729,35,0.22743391360412638,0.1026869597895528,0.9689716312056738,0.8467198581560283,0.15328014184397162
1764,YJL103C YAL042W,0.0,NA,8.025783542527781e-14,1093,9550,1730,35,0.22751450676982593,0.10269660809922014,0.9689716312056738,0.8466312056737588,0.15336879432624115
1765,YMR056C YER173W,0.0,NA,8.045785039731065e-14,1093,9549,1731,35,0.22759509993552546,0.10270625822213869,0.9689716312056738,0.8465425531914894,0.15345744680851064
1766,YBR057C YFL046W,0.0,NA,8.072238895113354e-14,1093,9548,1732,35,0.227675693101225,0.10271591015881966,0.9689716312056738,0.8464539007092199,0.15354609929078014
1767,YDL052C YCR084C,0.0,NA,8.136171586719393e-14,1093,9547,1733,35,0.22775628626692457,0.10272556390977444,0.9689716312056738,0.8463652482269504,0.15363475177304964
1768,YOR265W YHR136C,0.0,NA,8.160587142017409e-14,1093,9546,1734,35,0.22783687943262412,0.10273521947551462,0.9689716312056738,0.8462765957446808,0.15372340425531916
1769,YMR016C YOR310C,0.0,NA,8.191089814887573e-14,1093,9545,1735,35,0.22791747259832365,0.10274487685655198,0.9689716312056738,0.8461879432624113,0.15381205673758866
1770,YDR096W YJR140C,0.0,NA,8.201532714687682e-14,1093,9544,1736,35,0.2279980657640232,0.10275453605339852,0.9689716312056738,0.8460992907801419,0.15390070921985816
1771,YPR144C YMR023C,0.0,NA,8.273712796694546e-14,1093,9543,1737,35,0.22807865892972276,0.10276419706656638,0.9689716312056738,0.8460106382978724,0.15398936170212765
1772,YJR072C YDR451C,0.0,NA,8.370075330532342e-14,1093,9542,1738,35,0.22815925209542232,0.10277385989656794,0.9689716312056738,0.8459219858156029,0.15407801418439715
1773,YPL241C YBR168W,0.0,NA,8.384407805626243e-14,1093,9541,1739,35,0.22823984526112184,0.10278352454391575,0.9689716312056738,0.8458333333333333,0.15416666666666667
1774,YLR104W YLR150W,0.0,NA,8.414558790416707e-14,1093,9540,1740,35,0.2283204384268214,0.10279319100912254,0.9689716312056738,0.8457446808510638,0.15425531914893617
1775,YHL024W YNL202W,0.0,NA,8.454375437574879e-14,1093,9539,1741,35,0.22840103159252095,0.10280285929270128,0.9689716312056738,0.8456560283687943,0.15434397163120567
1776,YLL015W YOL111C,0.0,NA,8.479115575898283e-14,1093,9538,1742,35,0.2284816247582205,0.10281252939516508,0.9689716312056738,0.8455673758865249,0.15443262411347516
1777,YOL052C YEL072W,0.0,NA,8.489845111647742e-14,1093,9537,1743,35,0.22856221792392006,0.10282220131702728,0.9689716312056738,0.8454787234042553,0.1545212765957447
1778,YER144C YNL191W,1.0,NA,8.50141422645452e-14,1092,9537,1743,36,0.2284816247582205,0.10273779283093423,0.9680851063829787,0.8454787234042553,0.1545212765957447
1779,YKL126W YBL026W,0.0,NA,8.59772322781005e-14,1092,9536,1744,36,0.22856221792392006,0.10274745954083553,0.9680851063829787,0.8453900709219858,0.15460992907801419
1780,YPR010C YKL028W,0.0,NA,8.607649776325513e-14,1092,9535,1745,36,0.2286428110896196,0.10275712807001035,0.9680851063829787,0.8453014184397163,0.15469858156028368
1781,YJL066C YPL053C,0.0,NA,8.621863666806798e-14,1092,9534,1746,36,0.22872340425531915,0.10276679841897234,0.9680851063829787,0.8452127659574468,0.15478723404255318
1782,YCR016W YLR337C,0.0,NA,8.663552595591581e-14,1092,9533,1747,36,0.2288039974210187,0.10277647058823529,0.9680851063829787,0.8451241134751774,0.1548758865248227
1783,YGR179C YKL064W,0.0,NA,8.683553415168507e-14,1092,9532,1748,36,0.22888459058671826,0.10278614457831325,0.9680851063829787,0.8450354609929078,0.1549645390070922
1784,YHR107C YNL052W,0.0,NA,8.752494443185072e-14,1092,9531,1749,36,0.22896518375241778,0.10279582038972042,0.9680851063829787,0.8449468085106383,0.1550531914893617
1785,YHR055C YIL112W,0.0,NA,8.832202276400775e-14,1092,9530,1750,36,0.22904577691811734,0.10280549802297119,0.9680851063829787,0.8448581560283688,0.1551418439716312
1786,YLR375W YHR059W,0.0,NA,8.839128295403884e-14,1092,9529,1751,36,0.2291263700838169,0.10281517747858017,0.9680851063829787,0.8447695035460993,0.15523049645390072
1787,YDL198C YHL044W,0.0,NA,8.848558143799076e-14,1092,9528,1752,36,0.22920696324951645,0.10282485875706214,0.9680851063829787,0.8446808510638298,0.15531914893617021
1788,YGR171C YPL059W,0.0,NA,8.851477358148493e-14,1092,9527,1753,36,0.22928755641521598,0.10283454185893211,0.9680851063829787,0.8445921985815603,0.1554078014184397
1789,YGR229C YBL057C,0.0,NA,8.871455816055612e-14,1092,9526,1754,36,0.22936814958091553,0.10284422678470521,0.9680851063829787,0.8445035460992908,0.1554964539007092
1790,YOR307C YCR031C,0.0,NA,8.872708747191191e-14,1092,9525,1755,36,0.2294487427466151,0.10285391353489687,0.9680851063829787,0.8444148936170213,0.15558510638297873
1791,YER093C YLR117C,0.0,NA,8.923658117781716e-14,1092,9524,1756,36,0.22952933591231464,0.1028636021100226,0.9680851063829787,0.8443262411347517,0.15567375886524823
1792,YGR096W YHR011W,0.0,NA,9.016696894334486e-14,1092,9523,1757,36,0.2296099290780142,0.10287329251059821,0.9680851063829787,0.8442375886524822,0.15576241134751773
1793,YMR016C YIL112W,0.0,NA,9.136374518265225e-14,1092,9522,1758,36,0.22969052224371372,0.10288298473713962,0.9680851063829787,0.8441489361702128,0.15585106382978722
1794,YGL143C YGR118W,0.0,NA,9.140749274031204e-14,1092,9521,1759,36,0.22977111540941328,0.102892678790163,0.9680851063829787,0.8440602836879433,0.15593971631205675
1795,YGL095C YMR272C,0.0,NA,9.153555056940973e-14,1092,9520,1760,36,0.22985170857511283,0.10290237467018469,0.9680851063829787,0.8439716312056738,0.15602836879432624
1796,YKL204W YMR242C,0.0,NA,9.159859692573977e-14,1092,9519,1761,36,0.2299323017408124,0.10291207237772124,0.9680851063829787,0.8438829787234042,0.15611702127659574
1797,YLR157C YPL098C,0.0,NA,9.160069756744896e-14,1092,9518,1762,36,0.23001289490651192,0.10292177191328936,0.9680851063829787,0.8437943262411347,0.15620567375886524
1798,YDR139C YGL219C,0.0,NA,9.18461541630361e-14,1092,9517,1763,36,0.23009348807221147,0.10293147327740598,0.9680851063829787,0.8437056737588653,0.15629432624113476
1799,YOR030W YDR384C,0.0,NA,9.201062085633857e-14,1092,9516,1764,36,0.23017408123791103,0.10294117647058823,0.9680851063829787,0.8436170212765958,0.15638297872340426
1800,YBR293W YCR097W,0.0,NA,9.202905229327082e-14,1092,9515,1765,36,0.23025467440361058,0.10295088149335345,0.9680851063829787,0.8435283687943262,0.15647163120567376
1801,YGL068W YOR228C,0.0,NA,9.228515439893906e-14,1092,9514,1766,36,0.2303352675693101,0.10296058834621911,0.9680851063829787,0.8434397163120567,0.15656028368794325
1802,YOL161C YDR228C,0.0,NA,9.303805826883088e-14,1092,9513,1767,36,0.23041586073500966,0.10297029702970296,0.9680851063829787,0.8433510638297872,0.15664893617021278
1803,YGL012W YNL125C,0.0,NA,9.371447845171743e-14,1092,9512,1768,36,0.23049645390070922,0.10298000754432289,0.9680851063829787,0.8432624113475178,0.15673758865248227
1804,YNL289W YOL052C,0.0,NA,9.373217127591968e-14,1092,9511,1769,36,0.23057704706640877,0.102989719890597,0.9680851063829787,0.8431737588652483,0.15682624113475177
1805,YNL271C YLL019C,0.0,NA,9.424325740376577e-14,1092,9510,1770,36,0.23065764023210833,0.10299943406904358,0.9680851063829787,0.8430851063829787,0.15691489361702127
1806,YNR050C YCR094W,0.0,NA,9.427545143202501e-14,1092,9509,1771,36,0.23073823339780786,0.10300915008018112,0.9680851063829787,0.8429964539007092,0.1570035460992908
1807,YDR166C YDL208W,0.0,NA,9.430151971800971e-14,1092,9508,1772,36,0.2308188265635074,0.1030188679245283,0.9680851063829787,0.8429078014184397,0.1570921985815603
1808,YNL068C YDR104C,0.0,NA,9.44988648421928e-14,1092,9507,1773,36,0.23089941972920697,0.10302858760260401,0.9680851063829787,0.8428191489361702,0.15718085106382979
1809,YBL042C YDR454C,0.0,NA,9.466753281891366e-14,1092,9506,1774,36,0.23098001289490652,0.10303830911492734,0.9680851063829787,0.8427304964539007,0.15726950354609928
1810,YNL019C YJR161C,0.0,NA,9.480179770544883e-14,1092,9505,1775,36,0.23106060606060605,0.10304803246201755,0.9680851063829787,0.8426418439716312,0.1573581560283688
1811,YHR012W YHR059W,0.0,NA,9.485750536832385e-14,1092,9504,1776,36,0.2311411992263056,0.10305775764439411,0.9680851063829787,0.8425531914893617,0.1574468085106383
1812,YIL109C YKL003C,0.0,NA,9.584211001873941e-14,1092,9503,1777,36,0.23122179239200516,0.10306748466257669,0.9680851063829787,0.8424645390070922,0.1575354609929078
1813,YAL015C YGL035C,0.0,NA,9.600146063304046e-14,1092,9502,1778,36,0.23130238555770471,0.10307721351708514,0.9680851063829787,0.8423758865248226,0.1576241134751773
1814,YHL037C YHR055C,0.0,NA,9.643181435661785e-14,1092,9501,1779,36,0.23138297872340424,0.10308694420843953,0.9680851063829787,0.8422872340425532,0.15771276595744682
1815,YGR134W YGR080W,0.0,NA,9.654647551262177e-14,1092,9500,1780,36,0.2314635718891038,0.10309667673716012,0.9680851063829787,0.8421985815602837,0.15780141843971632
1816,YMR196W YIL103W,0.0,NA,9.665868366121044e-14,1092,9499,1781,36,0.23154416505480335,0.10310641110376735,0.9680851063829787,0.8421099290780142,0.15789007092198581
1817,YDR533C YFR018C,1.0,NA,9.698888420910448e-14,1091,9499,1781,37,0.2314635718891038,0.10302171860245514,0.9671985815602837,0.8421099290780142,0.15789007092198581
1818,YGL029W YGR118W,0.0,NA,9.789848239797477e-14,1091,9498,1782,37,0.23154416505480335,0.10303144772877515,0.9671985815602837,0.8420212765957447,0.1579787234042553
1819,YNL194C YNL225C,0.0,NA,9.792648869534279e-14,1091,9497,1783,37,0.2316247582205029,0.10304117869285984,0.9671985815602837,0.8419326241134751,0.15806737588652484
1820,YKL180W YOL067C,0.0,NA,9.890389695383847e-14,1091,9496,1784,37,0.23170535138620246,0.10305091149523,0.9671985815602837,0.8418439716312057,0.15815602836879433
1821,YGR261C YEL072W,0.0,NA,9.896635377523721e-14,1091,9495,1785,37,0.231785944551902,0.10306064613640657,0.9671985815602837,0.8417553191489362,0.15824468085106383
1822,YKL073W YER102W,0.0,NA,9.919426662442082e-14,1091,9494,1786,37,0.23186653771760155,0.10307038261691072,0.9671985815602837,0.8416666666666667,0.15833333333333333
1823,YOL113W YBR201W,0.0,NA,9.973608988385688e-14,1091,9493,1787,37,0.2319471308833011,0.10308012093726379,0.9671985815602837,0.8415780141843971,0.15842198581560285
1824,YMR095C YER101C,0.0,NA,1.0122944962744768e-13,1091,9492,1788,37,0.23202772404900066,0.10308986109798733,0.9671985815602837,0.8414893617021276,0.15851063829787235
1825,YJL191W YJL052W,0.0,NA,1.0162661321201985e-13,1091,9491,1789,37,0.23210831721470018,0.1030996030996031,0.9671985815602837,0.8414007092198581,0.15859929078014184
1826,YOR245C YFL045C,0.0,NA,1.0204383453678301e-13,1091,9490,1790,37,0.23218891038039974,0.10310934694263302,0.9671985815602837,0.8413120567375887,0.15868794326241134
1827,YAL063C YNL127W,0.0,NA,1.0204539307740595e-13,1091,9489,1791,37,0.2322695035460993,0.10311909262759925,0.9671985815602837,0.8412234042553192,0.15877659574468084
1828,YOR223W YBR248C,0.0,NA,1.0297351757089859e-13,1091,9488,1792,37,0.23235009671179885,0.1031288401550241,0.9671985815602837,0.8411347517730496,0.15886524822695036
1829,YGR132C YDR501W,0.0,NA,1.0375700271831809e-13,1091,9487,1793,37,0.23243068987749838,0.10313858952543013,0.9671985815602837,0.8410460992907801,0.15895390070921986
1830,YNL053W YEL039C,0.0,NA,1.0390791688446449e-13,1091,9486,1794,37,0.23251128304319793,0.10314834073934008,0.9671985815602837,0.8409574468085106,0.15904255319148936
1831,YDR060W YNL052W,0.0,NA,1.0434703909311185e-13,1091,9485,1795,37,0.23259187620889749,0.10315809379727685,0.9671985815602837,0.8408687943262412,0.15913120567375885
1832,YDL137W YAR019C,0.0,NA,1.0472766859455362e-13,1091,9484,1796,37,0.23267246937459704,0.10316784869976359,0.9671985815602837,0.8407801418439717,0.15921985815602838
1833,YPL265W YOR209C,0.0,NA,1.0502692872295036e-13,1091,9483,1797,37,0.2327530625402966,0.10317760544732363,0.9671985815602837,0.8406914893617021,0.15930851063829787
1834,YPR041W YLR438C-A,0.0,NA,1.0543617438548217e-13,1091,9482,1798,37,0.23283365570599612,0.10318736404048047,0.9671985815602837,0.8406028368794326,0.15939716312056737
1835,YLR157C YHR011W,0.0,NA,1.054665523751025e-13,1091,9481,1799,37,0.23291424887169568,0.10319712447975785,0.9671985815602837,0.8405141843971631,0.15948581560283687
1836,YMR325W YMR217W,0.0,NA,1.0550035237782973e-13,1091,9480,1800,37,0.23299484203739523,0.10320688676567968,0.9671985815602837,0.8404255319148937,0.1595744680851064
1837,YPR052C YKL001C,0.0,NA,1.0629333107052205e-13,1091,9479,1801,37,0.2330754352030948,0.10321665089877011,0.9671985815602837,0.8403368794326241,0.1596631205673759
1838,YIL042C YGL054C,0.0,NA,1.066967355938496e-13,1091,9478,1802,37,0.23315602836879432,0.10322641687955342,0.9671985815602837,0.8402482269503546,0.15975177304964538
1839,YPR115W YJR009C,0.0,NA,1.0799851681356221e-13,1091,9477,1803,37,0.23323662153449387,0.10323618470855413,0.9671985815602837,0.8401595744680851,0.15984042553191488
1840,YDR096W YBR038W,0.0,NA,1.0917990415828388e-13,1091,9476,1804,37,0.23331721470019343,0.10324595438629697,0.9671985815602837,0.8400709219858156,0.1599290780141844
1841,YGL205W YLL039C,0.0,NA,1.0975136001834668e-13,1091,9475,1805,37,0.23339780786589298,0.10325572591330684,0.9671985815602837,0.8399822695035462,0.1600177304964539
1842,YDL222C YGR013W,0.0,NA,1.0991182193987453e-13,1091,9474,1806,37,0.2334784010315925,0.10326549929010885,0.9671985815602837,0.8398936170212766,0.1601063829787234
1843,YBR222C YLR006C,0.0,NA,1.101346864726925e-13,1091,9473,1807,37,0.23355899419729206,0.10327527451722832,0.9671985815602837,0.8398049645390071,0.1601950354609929
1844,YJL091C YNL042W,0.0,NA,1.1059083743171147e-13,1091,9472,1808,37,0.23363958736299162,0.10328505159519076,0.9671985815602837,0.8397163120567376,0.16028368794326242
1845,YNL072W YJR122W,0.0,NA,1.1113003827714282e-13,1091,9471,1809,37,0.23372018052869117,0.10329483052452187,0.9671985815602837,0.839627659574468,0.16037234042553192
1846,YKL133C YIL112W,0.0,NA,1.1127086258682153e-13,1091,9470,1810,37,0.23380077369439073,0.10330461130574756,0.9671985815602837,0.8395390070921985,0.16046099290780141
1847,YNL113W YFR048W,0.0,NA,1.1172107076268256e-13,1091,9469,1811,37,0.23388136686009026,0.10331439393939394,0.9671985815602837,0.8394503546099291,0.1605496453900709
1848,YIL074C YGR264C,0.0,NA,1.1177244161686764e-13,1091,9468,1812,37,0.2339619600257898,0.1033241784259873,0.9671985815602837,0.8393617021276596,0.16063829787234044
1849,YKR042W YJR082C,0.0,NA,1.125150929999659e-13,1091,9467,1813,37,0.23404255319148937,0.10333396476605418,0.9671985815602837,0.8392730496453901,0.16072695035460993
1850,YBR038W YPL104W,0.0,NA,1.1281077526119343e-13,1091,9466,1814,37,0.23412314635718892,0.10334375296012124,0.9671985815602837,0.8391843971631205,0.16081560283687943
1851,YKL127W YDR473C,0.0,NA,1.130106276029004e-13,1091,9465,1815,37,0.23420373952288845,0.10335354300871542,0.9671985815602837,0.839095744680851,0.16090425531914893
1852,YMR244C-A YDR332W,0.0,NA,1.1361275283191738e-13,1091,9464,1816,37,0.234284332688588,0.10336333491236381,0.9671985815602837,0.8390070921985816,0.16099290780141845
1853,YHR053C YJR141W,0.0,NA,1.1383422145443828e-13,1091,9463,1817,37,0.23436492585428756,0.1033731286715937,0.9671985815602837,0.8389184397163121,0.16108156028368795
1854,YDL052C YDR362C,0.0,NA,1.1418649229280597e-13,1091,9462,1818,37,0.23444551901998711,0.10338292428693263,0.9671985815602837,0.8388297872340426,0.16117021276595744
1855,YER053C YIL026C,0.0,NA,1.1424074305901172e-13,1091,9461,1819,37,0.23452611218568664,0.10339272175890826,0.9671985815602837,0.838741134751773,0.16125886524822694
1856,YPL265W YOR347C,0.0,NA,1.1427799895616375e-13,1091,9460,1820,37,0.2346067053513862,0.10340252108804852,0.9671985815602837,0.8386524822695035,0.16134751773049646
1857,YML055W YER143W,1.0,NA,1.1431789759611122e-13,1090,9460,1820,38,0.23452611218568664,0.1033175355450237,0.9663120567375887,0.8386524822695035,0.16134751773049646
1858,YGR144W YNL204C,0.0,NA,1.1445208116748345e-13,1090,9459,1821,38,0.2346067053513862,0.10332732960470187,0.9663120567375887,0.8385638297872341,0.16143617021276596
1859,YDR379W YMR164C,0.0,NA,1.1489760694521206e-13,1090,9458,1822,38,0.23468729851708575,0.10333712552142586,0.9663120567375887,0.8384751773049646,0.16152482269503546
1860,YDR506C YDR150W,0.0,NA,1.1501974231994255e-13,1090,9457,1823,38,0.2347678916827853,0.1033469232957239,0.9663120567375887,0.838386524822695,0.16161347517730495
1861,YDL010W YHL013C,0.0,NA,1.1512774240884927e-13,1090,9456,1824,38,0.23484848484848486,0.10335672292812441,0.9663120567375887,0.8382978723404255,0.16170212765957448
1862,YJR048W YER025W,0.0,NA,1.158495771102358e-13,1090,9455,1825,38,0.2349290780141844,0.103366524419156,0.9663120567375887,0.838209219858156,0.16179078014184398
1863,YIL033C YDR346C,0.0,NA,1.160572560363754e-13,1090,9454,1826,38,0.23500967117988394,0.10337632776934749,0.9663120567375887,0.8381205673758865,0.16187943262411347
1864,YIL042C YPR157W,0.0,NA,1.1668517172457038e-13,1090,9453,1827,38,0.2350902643455835,0.10338613297922793,0.9663120567375887,0.8380319148936171,0.16196808510638297
1865,YLR284C YOR310C,0.0,NA,1.1761156827085062e-13,1090,9452,1828,38,0.23517085751128305,0.1033959400493265,0.9663120567375887,0.8379432624113475,0.1620567375886525
1866,YOR080W YGR277C,0.0,NA,1.1810296935300252e-13,1090,9451,1829,38,0.23525145067698258,0.10340574898017266,0.9663120567375887,0.837854609929078,0.162145390070922
1867,YML073C YNL225C,0.0,NA,1.1865524838713948e-13,1090,9450,1830,38,0.23533204384268214,0.10341555977229601,0.9663120567375887,0.8377659574468085,0.1622340425531915
1868,YOR067C YHL013C,0.0,NA,1.1958313571140688e-13,1090,9449,1831,38,0.2354126370083817,0.1034253724262264,0.9663120567375887,0.837677304964539,0.16232269503546098
1869,YMR286W YIL070C,0.0,NA,1.2006056413806088e-13,1090,9448,1832,38,0.23549323017408125,0.10343518694249383,0.9663120567375887,0.8375886524822695,0.1624113475177305
1870,YGR142W YJR084W,0.0,NA,1.2019711940168543e-13,1090,9447,1833,38,0.23557382333978077,0.10344500332162855,0.9663120567375887,0.8375,0.1625
1871,YLR348C YJR084W,0.0,NA,1.2041007026088874e-13,1090,9446,1834,38,0.23565441650548033,0.10345482156416097,0.9663120567375887,0.8374113475177305,0.1625886524822695
1872,YPL094C YKR104W,0.0,NA,1.2041120867316984e-13,1090,9445,1835,38,0.23573500967117988,0.10346464167062173,0.9663120567375887,0.837322695035461,0.162677304964539
1873,YLR316C YDR528W,0.0,NA,1.220547914040221e-13,1090,9444,1836,38,0.23581560283687944,0.10347446364154167,0.9663120567375887,0.8372340425531914,0.16276595744680852
1874,YGL216W YPR184W,0.0,NA,1.224684822954611e-13,1090,9443,1837,38,0.235896196002579,0.10348428747745182,0.9663120567375887,0.837145390070922,0.16285460992907802
1875,YGL094C YDR400W,0.0,NA,1.2343090145892216e-13,1090,9442,1838,38,0.23597678916827852,0.1034941131788834,0.9663120567375887,0.8370567375886525,0.16294326241134752
1876,YDR357C YIL074C,0.0,NA,1.237234056525316e-13,1090,9441,1839,38,0.23605738233397808,0.10350394074636787,0.9663120567375887,0.836968085106383,0.163031914893617
1877,YGR277C YBL080C,0.0,NA,1.2394874352155555e-13,1090,9440,1840,38,0.23613797549967763,0.10351377018043685,0.9663120567375887,0.8368794326241135,0.16312056737588654
1878,YGR156W YOL091W,0.0,NA,1.2401494761671294e-13,1090,9439,1841,38,0.2362185686653772,0.10352360148162218,0.9663120567375887,0.8367907801418439,0.16320921985815603
1879,YGR088W YPR118W,0.0,NA,1.244139340161876e-13,1090,9438,1842,38,0.23629916183107672,0.10353343465045593,0.9663120567375887,0.8367021276595744,0.16329787234042553
1880,YMR272C YCR068W,0.0,NA,1.245338196714102e-13,1090,9437,1843,38,0.23637975499677627,0.10354326968747031,0.9663120567375887,0.836613475177305,0.16338652482269503
1881,YGL257C YHL031C,0.0,NA,1.2508276478386676e-13,1090,9436,1844,38,0.23646034816247583,0.1035531065931978,0.9663120567375887,0.8365248226950355,0.16347517730496453
1882,YCR097W YDL018C,0.0,NA,1.254732130912331e-13,1090,9435,1845,38,0.23654094132817538,0.10356294536817102,0.9663120567375887,0.836436170212766,0.16356382978723405
1883,YML081C-A YBR201W,0.0,NA,1.2558598366969875e-13,1090,9434,1846,38,0.2366215344938749,0.10357278601292284,0.9663120567375887,0.8363475177304964,0.16365248226950355
1884,YAL061W YDL006W,0.0,NA,1.2743065879849275e-13,1090,9433,1847,38,0.23670212765957446,0.10358262852798632,0.9663120567375887,0.8362588652482269,0.16374113475177304
1885,YER144C YDR331W,1.0,NA,1.2769245296556653e-13,1089,9433,1847,39,0.2366215344938749,0.10349743394791865,0.9654255319148937,0.8362588652482269,0.16374113475177304
1886,YIL147C YNR051C,0.0,NA,1.2840831100247724e-13,1089,9432,1848,39,0.23670212765957446,0.10350727117194183,0.9654255319148937,0.8361702127659575,0.16382978723404254
1887,YBL060W YBL019W,0.0,NA,1.2906980985296496e-13,1089,9431,1849,39,0.23678272082527402,0.1035171102661597,0.9654255319148937,0.836081560283688,0.16391843971631206
1888,YJR135C YER081W,0.0,NA,1.3043418341934787e-13,1089,9430,1850,39,0.23686331399097357,0.10352695123110561,0.9654255319148937,0.8359929078014184,0.16400709219858156
1889,YMR247C YCR026C,0.0,NA,1.3285765987792325e-13,1089,9429,1851,39,0.2369439071566731,0.10353679406731318,0.9654255319148937,0.8359042553191489,0.16409574468085106
1890,YIL155C YDR049W,0.0,NA,1.337026734986313e-13,1089,9428,1852,39,0.23702450032237266,0.10354663877531615,0.9654255319148937,0.8358156028368794,0.16418439716312055
1891,YJR082C YBR179C,0.0,NA,1.3420600080468054e-13,1089,9427,1853,39,0.2371050934880722,0.10355648535564854,0.9654255319148937,0.83572695035461,0.16427304964539008
1892,YDL125C YOR195W,0.0,NA,1.3428049904645745e-13,1089,9426,1854,39,0.23718568665377177,0.1035663338088445,0.9654255319148937,0.8356382978723405,0.16436170212765958
1893,YKL018W YER177W,0.0,NA,1.3433430257926704e-13,1089,9425,1855,39,0.23726627981947132,0.10357618413543847,0.9654255319148937,0.8355496453900709,0.16445035460992907
1894,YDR244W YFL027C,0.0,NA,1.3626171588634883e-13,1089,9424,1856,39,0.23734687298517085,0.103586036335965,0.9654255319148937,0.8354609929078014,0.16453900709219857
1895,YFL001W YNL061W,0.0,NA,1.375936853603016e-13,1089,9423,1857,39,0.2374274661508704,0.1035958904109589,0.9654255319148937,0.8353723404255319,0.1646276595744681
1896,YNL030W YPR121W,0.0,NA,1.3764801744167027e-13,1089,9422,1858,39,0.23750805931656996,0.1036057463609552,0.9654255319148937,0.8352836879432625,0.1647163120567376
1897,YDL063C YEL061C,0.0,NA,1.376740111887556e-13,1089,9421,1859,39,0.2375886524822695,0.10361560418648906,0.9654255319148937,0.8351950354609929,0.1648049645390071
1898,YLR189C YLR006C,0.0,NA,1.380963756975745e-13,1089,9420,1860,39,0.23766924564796904,0.10362546388809592,0.9654255319148937,0.8351063829787234,0.16489361702127658
1899,YLR147C YJR152W,0.0,NA,1.3818912919343063e-13,1089,9419,1861,39,0.2377498388136686,0.10363532546631138,0.9654255319148937,0.8350177304964539,0.1649822695035461
1900,YDR506C YCR034W,0.0,NA,1.3828325149452952e-13,1089,9418,1862,39,0.23783043197936815,0.10364518892167127,0.9654255319148937,0.8349290780141844,0.1650709219858156
1901,YOL139C YCR026C,0.0,NA,1.393420426785974e-13,1089,9417,1863,39,0.2379110251450677,0.1036550542547116,0.9654255319148937,0.8348404255319148,0.1651595744680851
1902,YLR150W YGL261C,0.0,NA,1.3974819836493763e-13,1089,9416,1864,39,0.23799161831076723,0.10366492146596859,0.9654255319148937,0.8347517730496454,0.1652482269503546
1903,YGL224C YCR028C,0.0,NA,1.398844690254919e-13,1089,9415,1865,39,0.2380722114764668,0.10367479055597867,0.9654255319148937,0.8346631205673759,0.16533687943262412
1904,YDR234W YML022W,0.0,NA,1.3995467111616033e-13,1089,9414,1866,39,0.23815280464216634,0.1036846615252785,0.9654255319148937,0.8345744680851064,0.16542553191489362
1905,YPR163C YOR047C,0.0,NA,1.404718762100174e-13,1089,9413,1867,39,0.2382333978078659,0.10369453437440487,0.9654255319148937,0.8344858156028369,0.16551418439716312
1906,YDL241W YNL088W,0.0,NA,1.4168275385383067e-13,1089,9412,1868,39,0.23831399097356545,0.10370440910389486,0.9654255319148937,0.8343971631205673,0.1656028368794326
1907,YDL188C YMR310C,0.0,NA,1.4228502816064637e-13,1089,9411,1869,39,0.23839458413926498,0.10371428571428572,0.9654255319148937,0.8343085106382979,0.16569148936170214
1908,YNL194C YKL184W,0.0,NA,1.4370737943820294e-13,1089,9410,1870,39,0.23847517730496454,0.10372416420611487,0.9654255319148937,0.8342198581560284,0.16578014184397163
1909,YER102W YMR125W,0.0,NA,1.439649858743855e-13,1089,9409,1871,39,0.2385557704706641,0.10373404457991998,0.9654255319148937,0.8341312056737589,0.16586879432624113
1910,YJR135C YAR018C,0.0,NA,1.4463655425255018e-13,1089,9408,1872,39,0.23863636363636365,0.10374392683623893,0.9654255319148937,0.8340425531914893,0.16595744680851063
1911,YER131W YNL160W,0.0,NA,1.4470580766631769e-13,1089,9407,1873,39,0.23871695680206317,0.10375381097560976,0.9654255319148937,0.8339539007092198,0.16604609929078015
1912,YDR377W YDR324C,0.0,NA,1.4553314879161422e-13,1089,9406,1874,39,0.23879754996776273,0.10376369699857074,0.9654255319148937,0.8338652482269504,0.16613475177304965
1913,YAR018C YNL178W,0.0,NA,1.457837485712571e-13,1089,9405,1875,39,0.23887814313346228,0.10377358490566038,0.9654255319148937,0.8337765957446809,0.16622340425531915
1914,YKL221W YMR140W,0.0,NA,1.4640849296809755e-13,1089,9404,1876,39,0.23895873629916184,0.10378347469741732,0.9654255319148937,0.8336879432624114,0.16631205673758864
1915,YDR240C YPL096W,0.0,NA,1.4644480018834866e-13,1089,9403,1877,39,0.23903932946486137,0.10379336637438048,0.9654255319148937,0.8335992907801418,0.16640070921985817
1916,YIL087C YGR056W,0.0,NA,1.4687391385569126e-13,1089,9402,1878,39,0.23911992263056092,0.10380325993708893,0.9654255319148937,0.8335106382978723,0.16648936170212766
1917,YER102W YBL008W,0.0,NA,1.473621571990158e-13,1089,9401,1879,39,0.23920051579626048,0.10381315538608198,0.9654255319148937,0.8334219858156028,0.16657801418439716
1918,YBL046W YLR005W,0.0,NA,1.4842447204014425e-13,1089,9400,1880,39,0.23928110896196003,0.10382305272189914,0.9654255319148937,0.8333333333333334,0.16666666666666666
1919,YJR141W YOL039W,0.0,NA,1.4874017816024487e-13,1089,9399,1881,39,0.2393617021276596,0.10383295194508009,0.9654255319148937,0.8332446808510638,0.16675531914893618
1920,YLR381W YMR278W,0.0,NA,1.4982759228166637e-13,1089,9398,1882,39,0.23944229529335911,0.10384285305616478,0.9654255319148937,0.8331560283687943,0.16684397163120568
1921,YJL210W YLR284C,0.0,NA,1.502906956871164e-13,1089,9397,1883,39,0.23952288845905867,0.1038527560556933,0.9654255319148937,0.8330673758865248,0.16693262411347518
1922,YFL045C YGL101W,0.0,NA,1.5160961407741785e-13,1089,9396,1884,39,0.23960348162475822,0.10386266094420601,0.9654255319148937,0.8329787234042553,0.16702127659574467
1923,YJL109C YOL165C,0.0,NA,1.51651830199509e-13,1089,9395,1885,39,0.23968407479045778,0.10387256772224342,0.9654255319148937,0.8328900709219859,0.1671099290780142
1924,YPL053C YCL047C,0.0,NA,1.5174038241194676e-13,1089,9394,1886,39,0.2397646679561573,0.10388247639034627,0.9654255319148937,0.8328014184397163,0.1671985815602837
1925,YBR133C YGL070C,0.0,NA,1.5265216933395276e-13,1089,9393,1887,39,0.23984526112185686,0.10389238694905552,0.9654255319148937,0.8327127659574468,0.1672872340425532
1926,YOR067C YGL066W,0.0,NA,1.5315934555771432e-13,1089,9392,1888,39,0.23992585428755642,0.10390229939891232,0.9654255319148937,0.8326241134751773,0.1673758865248227
1927,YCR016W YDR471W,0.0,NA,1.533633924065761e-13,1089,9391,1889,39,0.24000644745325597,0.10391221374045802,0.9654255319148937,0.8325354609929078,0.1674645390070922
1928,YBR211C YLR261C,0.0,NA,1.538526657419645e-13,1089,9390,1890,39,0.2400870406189555,0.10392212997423418,0.9654255319148937,0.8324468085106383,0.1675531914893617
1929,YGR037C YLR117C,0.0,NA,1.5434028566903985e-13,1089,9389,1891,39,0.24016763378465505,0.10393204810078259,0.9654255319148937,0.8323581560283688,0.1676418439716312
1930,YDL083C YOL070C,0.0,NA,1.5495410672899251e-13,1089,9388,1892,39,0.2402482269503546,0.10394196812064523,0.9654255319148937,0.8322695035460993,0.1677304964539007
1931,YGL143C YLR430W,0.0,NA,1.5525349560639723e-13,1089,9387,1893,39,0.24032882011605416,0.10395189003436427,0.9654255319148937,0.8321808510638298,0.16781914893617023
1932,YBL026W YEL061C,0.0,NA,1.5558847342011378e-13,1089,9386,1894,39,0.24040941328175372,0.1039618138424821,0.9654255319148937,0.8320921985815602,0.16790780141843972
1933,YOR064C YML107C,0.0,NA,1.5676210871930218e-13,1089,9385,1895,39,0.24049000644745325,0.10397173954554134,0.9654255319148937,0.8320035460992907,0.16799645390070922
1934,YHR168W YHR030C,0.0,NA,1.5785486253642317e-13,1089,9384,1896,39,0.2405705996131528,0.10398166714408479,0.9654255319148937,0.8319148936170213,0.16808510638297872
1935,YDR197W YHL006C,0.0,NA,1.5816497146280833e-13,1089,9383,1897,39,0.24065119277885236,0.10399159663865547,0.9654255319148937,0.8318262411347518,0.16817375886524824
1936,YNL119W YHL043W,0.0,NA,1.5900253119358054e-13,1089,9382,1898,39,0.2407317859445519,0.10400152802979658,0.9654255319148937,0.8317375886524823,0.16826241134751774
1937,YKR042W YGR184C,0.0,NA,1.5911417691229224e-13,1089,9381,1899,39,0.24081237911025144,0.10401146131805157,0.9654255319148937,0.8316489361702127,0.16835106382978723
1938,YLR387C YHR055C,0.0,NA,1.5920615791410048e-13,1089,9380,1900,39,0.240892972275951,0.10402139650396408,0.9654255319148937,0.8315602836879432,0.16843971631205673
1939,YNL051W YNL012W,0.0,NA,1.594191629834124e-13,1089,9379,1901,39,0.24097356544165055,0.10403133358807795,0.9654255319148937,0.8314716312056738,0.16852836879432623
1940,YGR224W YHR068W,0.0,NA,1.599222870015543e-13,1089,9378,1902,39,0.2410541586073501,0.10404127257093723,0.9654255319148937,0.8313829787234043,0.16861702127659575
1941,YLR117C YPL048W,0.0,NA,1.6050562842793298e-13,1089,9377,1903,39,0.24113475177304963,0.10405121345308618,0.9654255319148937,0.8312943262411348,0.16870567375886525
1942,YOR014W YLR100W,0.0,NA,1.6127558815325072e-13,1089,9376,1904,39,0.2412153449387492,0.10406115623506929,0.9654255319148937,0.8312056737588652,0.16879432624113475
1943,YPR031W YJL094C,0.0,NA,1.621296006519904e-13,1089,9375,1905,39,0.24129593810444874,0.10407110091743119,0.9654255319148937,0.8311170212765957,0.16888297872340424
1944,YNL066W YHL013C,0.0,NA,1.6218806625414167e-13,1089,9374,1906,39,0.2413765312701483,0.10408104750071681,0.9654255319148937,0.8310283687943263,0.16897163120567377
1945,YMR310C YOR349W,0.0,NA,1.6352560581675557e-13,1089,9373,1907,39,0.24145712443584785,0.10409099598547122,0.9654255319148937,0.8309397163120568,0.16906028368794326
1946,YMR286W YML107C,0.0,NA,1.6374877528143456e-13,1089,9372,1908,39,0.24153771760154738,0.10410094637223975,0.9654255319148937,0.8308510638297872,0.16914893617021276
1947,YGR184C YJR152W,0.0,NA,1.6383906221734829e-13,1089,9371,1909,39,0.24161831076724694,0.10411089866156788,0.9654255319148937,0.8307624113475177,0.16923758865248226
1948,YPR069C YGL261C,0.0,NA,1.6415905093603023e-13,1089,9370,1910,39,0.2416989039329465,0.10412085285400134,0.9654255319148937,0.8306737588652482,0.16932624113475178
1949,YPL119C YHR197W,0.0,NA,1.6465796011822659e-13,1089,9369,1911,39,0.24177949709864605,0.10413080895008606,0.9654255319148937,0.8305851063829788,0.16941489361702128
1950,YOR265W YNL148C,0.0,NA,1.6493361852058103e-13,1089,9368,1912,39,0.24186009026434557,0.10414076695036817,0.9654255319148937,0.8304964539007093,0.16950354609929077
1951,YMR060C YER101C,0.0,NA,1.652305543905705e-13,1089,9367,1913,39,0.24194068343004513,0.10415072685539403,0.9654255319148937,0.8304078014184397,0.16959219858156027
1952,YOR223W YKR056W,0.0,NA,1.6619140146088146e-13,1089,9366,1914,39,0.24202127659574468,0.10416068866571018,0.9654255319148937,0.8303191489361702,0.1696808510638298
1953,YDR361C YNL307C,0.0,NA,1.669519828374072e-13,1089,9365,1915,39,0.24210186976144424,0.1041706523818634,0.9654255319148937,0.8302304964539007,0.1697695035460993
1954,YMR217W YDR519W,0.0,NA,1.6728732656935696e-13,1089,9364,1916,39,0.24218246292714377,0.10418061800440065,0.9654255319148937,0.8301418439716312,0.1698581560283688
1955,YDL104C YFR018C,1.0,NA,1.6755490766552639e-13,1088,9364,1916,40,0.24210186976144424,0.10409491006505932,0.9645390070921985,0.8301418439716312,0.1698581560283688
1956,YPR174C YBL092W,0.0,NA,1.677192727148752e-13,1088,9363,1917,40,0.24218246292714377,0.10410487034733518,0.9645390070921985,0.8300531914893617,0.1699468085106383
1957,YNL066W YLR167W,0.0,NA,1.6791995853700226e-13,1088,9362,1918,40,0.24226305609284332,0.10411483253588517,0.9645390070921985,0.8299645390070922,0.1700354609929078
1958,YCR084C YHL024W,0.0,NA,1.6900891764651954e-13,1088,9361,1919,40,0.24234364925854288,0.10412479663125658,0.9645390070921985,0.8298758865248227,0.1701241134751773
1959,YKL186C YBR302C,0.0,NA,1.7135212248674953e-13,1088,9360,1920,40,0.24242424242424243,0.10413476263399694,0.9645390070921985,0.8297872340425532,0.1702127659574468
1960,YOR312C YIL067C,0.0,NA,1.7387964169630205e-13,1088,9359,1921,40,0.24250483558994199,0.10414473054465397,0.9645390070921985,0.8296985815602836,0.1703014184397163
1961,YLR057W YER002W,0.0,NA,1.7433392240657347e-13,1088,9358,1922,40,0.2425854287556415,0.10415470036377561,0.9645390070921985,0.8296099290780142,0.17039007092198583
1962,YDR451C YJR084W,0.0,NA,1.7505432054008147e-13,1088,9357,1923,40,0.24266602192134107,0.10416467209191001,0.9645390070921985,0.8295212765957447,0.17047872340425532
1963,YLR436C YBL026W,0.0,NA,1.7541594262218685e-13,1088,9356,1924,40,0.24274661508704062,0.10417464572960551,0.9645390070921985,0.8294326241134752,0.17056737588652482
1964,YDR237W YKL101W,0.0,NA,1.7702323168531514e-13,1088,9355,1925,40,0.24282720825274018,0.10418462127741071,0.9645390070921985,0.8293439716312057,0.17065602836879432
1965,YML063W YJR135C,0.0,NA,1.7712658325740732e-13,1088,9354,1926,40,0.2429078014184397,0.10419459873587435,0.9645390070921985,0.8292553191489361,0.17074468085106384
1966,YDR244W YIL026C,0.0,NA,1.7730639818771404e-13,1088,9353,1927,40,0.24298839458413926,0.10420457810554544,0.9645390070921985,0.8291666666666667,0.17083333333333334
1967,YPL227C YBR169C,0.0,NA,1.7748031776870787e-13,1088,9352,1928,40,0.24306898774983882,0.10421455938697317,0.9645390070921985,0.8290780141843972,0.17092198581560283
1968,YLR401C YER161C,0.0,NA,1.7918612015173363e-13,1088,9351,1929,40,0.24314958091553837,0.10422454258070696,0.9645390070921985,0.8289893617021277,0.17101063829787233
1969,YKR078W YKR070W,0.0,NA,1.8013429560915367e-13,1088,9350,1930,40,0.2432301740812379,0.10423452768729642,0.9645390070921985,0.8289007092198581,0.17109929078014185
1970,YDR027C YNL242W,0.0,NA,1.8027968712048398e-13,1088,9349,1931,40,0.24331076724693745,0.10424451470729136,0.9645390070921985,0.8288120567375886,0.17118794326241135
1971,YIL008W YIL138C,0.0,NA,1.8065316766385092e-13,1088,9348,1932,40,0.243391360412637,0.10425450364124185,0.9645390070921985,0.8287234042553191,0.17127659574468085
1972,YNL210W YAR018C,0.0,NA,1.814699107129114e-13,1088,9347,1933,40,0.24347195357833656,0.10426449448969813,0.9645390070921985,0.8286347517730497,0.17136524822695035
1973,YOL153C YCR031C,0.0,NA,1.8157758554116638e-13,1088,9346,1934,40,0.24355254674403612,0.10427448725321066,0.9645390070921985,0.8285460992907802,0.17145390070921987
1974,YBR076W YLR341W,0.0,NA,1.8318646024997193e-13,1088,9345,1935,40,0.24363313990973565,0.1042844819323301,0.9645390070921985,0.8284574468085106,0.17154255319148937
1975,YGR224W YNL149C,0.0,NA,1.8319799345058174e-13,1088,9344,1936,40,0.2437137330754352,0.10429447852760736,0.9645390070921985,0.8283687943262411,0.17163120567375886
1976,YGL101W YJR082C,0.0,NA,1.8428863307346638e-13,1088,9343,1937,40,0.24379432624113476,0.10430447703959352,0.9645390070921985,0.8282801418439716,0.17171985815602836
1977,YNL036W YLR114C,0.0,NA,1.8516947957597507e-13,1088,9342,1938,40,0.2438749194068343,0.10431447746883989,0.9645390070921985,0.8281914893617022,0.17180851063829788
1978,YKR042W YGL219C,0.0,NA,1.8530161671574674e-13,1088,9341,1939,40,0.24395551257253384,0.10432447981589797,0.9645390070921985,0.8281028368794326,0.17189716312056738
1979,YPL239W YNR032W,0.0,NA,1.8833461808316632e-13,1088,9340,1940,40,0.2440361057382334,0.10433448408131953,0.9645390070921985,0.8280141843971631,0.17198581560283688
1980,YER002W YGR080W,0.0,NA,1.88357603169223e-13,1088,9339,1941,40,0.24411669890393295,0.10434449026565647,0.9645390070921985,0.8279255319148936,0.17207446808510637
1981,YER167W YMR301C,0.0,NA,1.8953968169282964e-13,1088,9338,1942,40,0.2441972920696325,0.10435449836946097,0.9645390070921985,0.8278368794326241,0.1721631205673759
1982,YLR291C YPR003C,0.0,NA,1.900011723475481e-13,1088,9337,1943,40,0.24427788523533203,0.10436450839328537,0.9645390070921985,0.8277482269503547,0.1722517730496454
1983,YDR165W YLR381W,0.0,NA,1.909810742710405e-13,1088,9336,1944,40,0.2443584784010316,0.10437452033768227,0.9645390070921985,0.8276595744680851,0.1723404255319149
1984,YGR261C YMR271C,0.0,NA,1.910681628105454e-13,1088,9335,1945,40,0.24443907156673114,0.10438453420320445,0.9645390070921985,0.8275709219858156,0.1724290780141844
1985,YLR258W YML124C,0.0,NA,1.9120122152216368e-13,1088,9334,1946,40,0.2445196647324307,0.10439454999040491,0.9645390070921985,0.8274822695035461,0.1725177304964539
1986,YDR038C YGL224C,0.0,NA,1.917212455416692e-13,1088,9333,1947,40,0.24460025789813025,0.10440456769983687,0.9645390070921985,0.8273936170212766,0.1726063829787234
1987,YBR008C YLR348C,0.0,NA,1.9194627170256856e-13,1088,9332,1948,40,0.24468085106382978,0.10441458733205375,0.9645390070921985,0.827304964539007,0.1726950354609929
1988,YJL050W YBL002W,0.0,NA,1.945570169813865e-13,1088,9331,1949,40,0.24476144422952933,0.10442460888760917,0.9645390070921985,0.8272163120567376,0.1727836879432624
1989,YGR277C YJR118C,0.0,NA,1.9472704698708654e-13,1088,9330,1950,40,0.2448420373952289,0.10443463236705702,0.9645390070921985,0.8271276595744681,0.17287234042553193
1990,YGR096W YML076C,0.0,NA,1.95078342043499e-13,1088,9329,1951,40,0.24492263056092844,0.10444465777095133,0.9645390070921985,0.8270390070921986,0.17296099290780143
1991,YKR076W YOR061W,0.0,NA,1.9529464037690986e-13,1088,9328,1952,40,0.24500322372662797,0.10445468509984639,0.9645390070921985,0.826950354609929,0.17304964539007092
1992,YLR360W YJL107C,0.0,NA,1.9532705802186717e-13,1088,9327,1953,40,0.24508381689232753,0.10446471435429669,0.9645390070921985,0.8268617021276595,0.17313829787234042
1993,YFL042C YOL119C,0.0,NA,1.9707091590114717e-13,1088,9326,1954,40,0.24516441005802708,0.10447474553485692,0.9645390070921985,0.8267730496453901,0.17322695035460992
1994,YCR021C YMR101C,0.0,NA,1.9721717477421546e-13,1088,9325,1955,40,0.24524500322372664,0.10448477864208201,0.9645390070921985,0.8266843971631206,0.17331560283687944
1995,YMR150C YBR074W,1.0,NA,1.9750741569578983e-13,1087,9325,1955,41,0.24516441005802708,0.10439877064925086,0.9636524822695035,0.8266843971631206,0.17331560283687944
1996,YGR179C YMR235C,0.0,NA,1.981352771738762e-13,1087,9324,1956,41,0.24524500322372664,0.10440879838632217,0.9636524822695035,0.8265957446808511,0.17340425531914894
1997,YDL054C YMR015C,0.0,NA,1.9960091522316925e-13,1087,9323,1957,41,0.24532559638942616,0.10441882804995196,0.9636524822695035,0.8265070921985815,0.17349290780141843
1998,YOR312C YMR092C,0.0,NA,1.9999304404390295e-13,1087,9322,1958,41,0.24540618955512572,0.10442885964069555,0.9636524822695035,0.826418439716312,0.17358156028368793
1999,YOL128C YPL145C,0.0,NA,2.009719701854401e-13,1087,9321,1959,41,0.24548678272082528,0.10443889315910838,0.9636524822695035,0.8263297872340426,0.17367021276595745
2000,YML055W YFR006W,1.0,NA,2.018982854165574e-13,1086,9321,1959,42,0.24540618955512572,0.10435283943499568,0.9627659574468085,0.8263297872340426,0.17367021276595745
2001,YER020W YDR237W,0.0,NA,2.0235667254255713e-13,1086,9320,1960,42,0.24548678272082528,0.10436286757639823,0.9627659574468085,0.8262411347517731,0.17375886524822695
2002,YCR016W YAL063C,0.0,NA,2.0263863287003914e-13,1086,9319,1961,42,0.24556737588652483,0.10437289764536281,0.9627659574468085,0.8261524822695036,0.17384751773049645
2003,YOR242C YIR012W,0.0,NA,2.027515254212492e-13,1086,9318,1962,42,0.24564796905222436,0.10438292964244521,0.9627659574468085,0.826063829787234,0.17393617021276594
2004,YGR188C YFR024C-A,0.0,NA,2.0294418814729986e-13,1086,9317,1963,42,0.2457285622179239,0.10439296356820148,0.9627659574468085,0.8259751773049645,0.17402482269503547
2005,YNL014W YDR090C,0.0,NA,2.0319130492746362e-13,1086,9316,1964,42,0.24580915538362347,0.10440299942318784,0.9627659574468085,0.8258865248226951,0.17411347517730497
2006,YKL137W YPL149W,0.0,NA,2.0360369477629564e-13,1086,9315,1965,42,0.24588974854932302,0.10441303720796077,0.9627659574468085,0.8257978723404256,0.17420212765957446
2007,YDR447C YER035W,0.0,NA,2.0410332224243127e-13,1086,9314,1966,42,0.24597034171502258,0.10442307692307692,0.9627659574468085,0.825709219858156,0.17429078014184396
2008,YCR037C YJR090C,0.0,NA,2.049310970485968e-13,1086,9313,1967,42,0.2460509348807221,0.10443311856909318,0.9627659574468085,0.8256205673758865,0.17437943262411348
2009,YPR024W YBL067C,1.0,NA,2.0501631533935416e-13,1085,9313,1967,43,0.24597034171502258,0.10434698980573187,0.9618794326241135,0.8256205673758865,0.17437943262411348
2010,YDR517W YPR035W,0.0,NA,2.0509140989232594e-13,1085,9312,1968,43,0.2460509348807221,0.10435702606521112,0.9618794326241135,0.825531914893617,0.17446808510638298
2011,YBR133C YDR038C,0.0,NA,2.0608112384547933e-13,1085,9311,1969,43,0.24613152804642166,0.10436706425548288,0.9618794326241135,0.8254432624113475,0.17455673758865248
2012,YPL203W YJR133W,0.0,NA,2.0611650949388383e-13,1085,9310,1970,43,0.24621212121212122,0.10437710437710437,0.9618794326241135,0.825354609929078,0.17464539007092197
2013,YBR074W YDR434W,1.0,NA,2.066061623000326e-13,1084,9310,1970,44,0.24613152804642166,0.10429093707908409,0.9609929078014184,0.825354609929078,0.17464539007092197
2014,YJL006C YIR014W,0.0,NA,2.0731275040836855e-13,1084,9309,1971,44,0.24621212121212122,0.10430097180794766,0.9609929078014184,0.8252659574468085,0.1747340425531915
2015,YKL171W YHR117W,0.0,NA,2.083330524153132e-13,1084,9308,1972,44,0.24629271437782077,0.10431100846805234,0.9609929078014184,0.825177304964539,0.174822695035461
2016,YDR460W YPR137W,0.0,NA,2.086484197222349e-13,1084,9307,1973,44,0.2463733075435203,0.10432104705995573,0.9609929078014184,0.8250886524822695,0.1749113475177305
2017,YPL088W YHL043W,0.0,NA,2.0914205697136756e-13,1084,9306,1974,44,0.24645390070921985,0.1043310875842156,0.9609929078014184,0.825,0.175
2018,YJL145W YFL042C,0.0,NA,2.0976487690935186e-13,1084,9305,1975,44,0.2465344938749194,0.10434113004138994,0.9609929078014184,0.8249113475177305,0.1750886524822695
2019,YML015C YMR119W,0.0,NA,2.0985493345230394e-13,1084,9304,1976,44,0.24661508704061896,0.10435117443203697,0.9609929078014184,0.824822695035461,0.175177304964539
2020,YDR496C YOR084W,0.0,NA,2.0986854018956863e-13,1084,9303,1977,44,0.2466956802063185,0.10436122075671513,0.9609929078014184,0.8247340425531915,0.1752659574468085
2021,YLR240W YNL320W,0.0,NA,2.1016416146442396e-13,1084,9302,1978,44,0.24677627337201805,0.10437126901598305,0.9609929078014184,0.824645390070922,0.175354609929078
2022,YMR325W YIL101C,0.0,NA,2.1088613169108206e-13,1084,9301,1979,44,0.2468568665377176,0.10438131921039961,0.9609929078014184,0.8245567375886524,0.17544326241134753
2023,YPR174C YML075C,0.0,NA,2.1290124340139077e-13,1084,9300,1980,44,0.24693745970341716,0.10439137134052388,0.9609929078014184,0.824468085106383,0.17553191489361702
2024,YLR293C YEL069C,0.0,NA,2.1372962807127832e-13,1084,9299,1981,44,0.2470180528691167,0.10440142540691515,0.9609929078014184,0.8243794326241135,0.17562056737588652
2025,YER101C YKL001C,0.0,NA,2.1555676622993236e-13,1084,9298,1982,44,0.24709864603481624,0.10441148141013293,0.9609929078014184,0.824290780141844,0.17570921985815602
2026,YLR227C YLR090W,0.0,NA,2.158048181344699e-13,1084,9297,1983,44,0.2471792392005158,0.10442153935073692,0.9609929078014184,0.8242021276595745,0.17579787234042554
2027,YDL104C YDR533C,1.0,NA,2.1819545681974611e-13,1083,9297,1983,45,0.24709864603481624,0.10433526011560694,0.9601063829787234,0.8242021276595745,0.17579787234042554
2028,YOR204W YLR223C,0.0,NA,2.1895755607931333e-13,1083,9296,1984,45,0.2471792392005158,0.10434531265054436,0.9601063829787234,0.8241134751773049,0.17588652482269504
2029,YKL207W YOR080W,0.0,NA,2.2120498521013138e-13,1083,9295,1985,45,0.24725983236621535,0.10435536712275968,0.9601063829787234,0.8240248226950354,0.17597517730496454
2030,YOR193W YOR059C,0.0,NA,2.2162054635031792e-13,1083,9294,1986,45,0.2473404255319149,0.10436542353281295,0.9601063829787234,0.823936170212766,0.17606382978723403
2031,YLR072W YOL039W,0.0,NA,2.2384919167849765e-13,1083,9293,1987,45,0.24742101869761443,0.10437548188126446,0.9601063829787234,0.8238475177304965,0.17615248226950356
2032,YGR206W YDR335W,0.0,NA,2.2411918512450085e-13,1083,9292,1988,45,0.24750161186331399,0.1043855421686747,0.9601063829787234,0.823758865248227,0.17624113475177305
2033,YGR046W YBL040C,0.0,NA,2.2431721465130533e-13,1083,9291,1989,45,0.24758220502901354,0.1043956043956044,0.9601063829787234,0.8236702127659574,0.17632978723404255
2034,YOL125W YNL160W,0.0,NA,2.2534254464582487e-13,1083,9290,1990,45,0.2476627981947131,0.10440566856261448,0.9601063829787234,0.8235815602836879,0.17641843971631205
2035,YPR113W YOR022C,0.0,NA,2.2610026643912068e-13,1083,9289,1991,45,0.24774339136041262,0.1044157346702661,0.9601063829787234,0.8234929078014185,0.17650709219858157
2036,YDL217C YCL047C,0.0,NA,2.272477047033164e-13,1083,9288,1992,45,0.24782398452611218,0.10442580271912062,0.9601063829787234,0.823404255319149,0.17659574468085107
2037,YPL110C YKL183W,0.0,NA,2.2769546664802576e-13,1083,9287,1993,45,0.24790457769181173,0.10443587270973963,0.9601063829787234,0.8233156028368794,0.17668439716312057
2038,YMR240C YKR103W,0.0,NA,2.29211398125595e-13,1083,9286,1994,45,0.2479851708575113,0.10444594464268493,0.9601063829787234,0.8232269503546099,0.17677304964539006
2039,YKL108W YNR065C,0.0,NA,2.313958486627188e-13,1083,9285,1995,45,0.24806576402321084,0.10445601851851852,0.9601063829787234,0.8231382978723404,0.1768617021276596
2040,YDL105W YGL245W,0.0,NA,2.3144531538683843e-13,1083,9284,1996,45,0.24814635718891037,0.10446609433780264,0.9601063829787234,0.823049645390071,0.17695035460992908
2041,YKL024C YOR138C,0.0,NA,2.317359628842275e-13,1083,9283,1997,45,0.24822695035460993,0.10447617210109975,0.9601063829787234,0.8229609929078014,0.17703900709219858
2042,YPL023C YPL110C,0.0,NA,2.328453727572233e-13,1083,9282,1998,45,0.24830754352030948,0.1044862518089725,0.9601063829787234,0.8228723404255319,0.17712765957446808
2043,YBL030C YOL165C,0.0,NA,2.3298886691475174e-13,1083,9281,1999,45,0.24838813668600904,0.1044963334619838,0.9601063829787234,0.8227836879432624,0.1772163120567376
2044,YNR047W YBR189W,0.0,NA,2.338753377160302e-13,1083,9280,2000,45,0.24846872985170856,0.10450641706069672,0.9601063829787234,0.8226950354609929,0.1773049645390071
2045,YCR011C YER170W,0.0,NA,2.3489462328343813e-13,1083,9279,2001,45,0.24854932301740812,0.10451650260567458,0.9601063829787234,0.8226063829787233,0.1773936170212766
2046,YKR104W YDR454C,0.0,NA,2.353601254861948e-13,1083,9278,2002,45,0.24862991618310767,0.10452659009748094,0.9601063829787234,0.8225177304964539,0.1774822695035461
2047,YMR012W YLR435W,0.0,NA,2.3694018752226653e-13,1083,9277,2003,45,0.24871050934880723,0.10453667953667954,0.9601063829787234,0.8224290780141844,0.17757092198581562
2048,YLL027W YDR007W,0.0,NA,2.36967319681633e-13,1083,9276,2004,45,0.24879110251450676,0.10454677092383435,0.9601063829787234,0.8223404255319149,0.1776595744680851
2049,YKL180W YIL074C,0.0,NA,2.381045122352987e-13,1083,9275,2005,45,0.2488716956802063,0.10455686425950955,0.9601063829787234,0.8222517730496454,0.1777482269503546
2050,YGL178W YLR297W,0.0,NA,2.392699482555577e-13,1083,9274,2006,45,0.24895228884590587,0.10456695954426957,0.9601063829787234,0.8221631205673758,0.1778368794326241
2051,YEL065W YGR213C,0.0,NA,2.4213335329814623e-13,1083,9273,2007,45,0.24903288201160542,0.10457705677867903,0.9601063829787234,0.8220744680851064,0.1779255319148936
2052,YFL046W YPL023C,0.0,NA,2.436835726694203e-13,1083,9272,2008,45,0.24911347517730498,0.10458715596330276,0.9601063829787234,0.8219858156028369,0.17801418439716313
2053,YJR133W YBR283C,0.0,NA,2.4369053866837853e-13,1083,9271,2009,45,0.2491940683430045,0.10459725709870582,0.9601063829787234,0.8218971631205674,0.17810283687943262
2054,YGR278W YLR332W,0.0,NA,2.445104394562664e-13,1083,9270,2010,45,0.24927466150870406,0.1046073601854535,0.9601063829787234,0.8218085106382979,0.17819148936170212
2055,YOL052C YAR027W,0.0,NA,2.465964986462371e-13,1083,9269,2011,45,0.24935525467440361,0.10461746522411128,0.9601063829787234,0.8217198581560283,0.17828014184397162
2056,YIL026C YNL178W,0.0,NA,2.4847891756316076e-13,1083,9268,2012,45,0.24943584784010317,0.10462757221524491,0.9601063829787234,0.8216312056737589,0.17836879432624114
2057,YER093C YAR018C,0.0,NA,2.506313028210333e-13,1083,9267,2013,45,0.2495164410058027,0.10463768115942029,0.9601063829787234,0.8215425531914894,0.17845744680851064
2058,YBR266C YMR025W,0.0,NA,2.5080539858488016e-13,1083,9266,2014,45,0.24959703417150225,0.10464779205720359,0.9601063829787234,0.8214539007092199,0.17854609929078014
2059,YER070W YGL101W,0.0,NA,2.50944149357904e-13,1083,9265,2015,45,0.2496776273372018,0.10465790490916119,0.9601063829787234,0.8213652482269503,0.17863475177304963
2060,YGR227W YOR288C,0.0,NA,2.5287953155095355e-13,1083,9264,2016,45,0.24975822050290136,0.10466801971585966,0.9601063829787234,0.8212765957446808,0.17872340425531916
2061,YPL131W YMR267W,0.0,NA,2.548852513599431e-13,1083,9263,2017,45,0.2498388136686009,0.10467813647786584,0.9601063829787234,0.8211879432624114,0.17881205673758865
2062,YLL036C YDR488C,0.0,NA,2.549538000422985e-13,1083,9262,2018,45,0.24991940683430044,0.10468825519574673,0.9601063829787234,0.8210992907801419,0.17890070921985815
2063,YKR094C YDR384C,0.0,NA,2.5570574845902583e-13,1083,9261,2019,45,0.25,0.10469837587006961,0.9601063829787234,0.8210106382978724,0.17898936170212765
2064,YDR055W YGR144W,0.0,NA,2.558633372447966e-13,1083,9260,2020,45,0.2500805931656995,0.10470849850140192,0.9601063829787234,0.8209219858156028,0.17907801418439717
2065,YJR072C YFL046W,0.0,NA,2.5718191682191915e-13,1083,9259,2021,45,0.2501611863313991,0.10471862309031135,0.9601063829787234,0.8208333333333333,0.17916666666666667
2066,YDR057W YBR059C,0.0,NA,2.5833136086013397e-13,1083,9258,2022,45,0.25024177949709864,0.10472874963736582,0.9601063829787234,0.8207446808510638,0.17925531914893617
2067,YML076C YER174C,0.0,NA,2.5865331469525354e-13,1083,9257,2023,45,0.2503223726627982,0.10473887814313346,0.9601063829787234,0.8206560283687944,0.17934397163120566
2068,YAL013W YHR021C,0.0,NA,2.611338066355745e-13,1083,9256,2024,45,0.25040296582849775,0.1047490086081826,0.9601063829787234,0.8205673758865248,0.1794326241134752
2069,YMR065W YBR191W,0.0,NA,2.619679104719219e-13,1083,9255,2025,45,0.2504835589941973,0.10475914103308183,0.9601063829787234,0.8204787234042553,0.17952127659574468
2070,YBR038W YNL007C,0.0,NA,2.6296865618218035e-13,1083,9254,2026,45,0.25056415215989686,0.10476927541839992,0.9601063829787234,0.8203900709219858,0.17960992907801418
2071,YBR083W YIL009C-A,0.0,NA,2.6316535756132353e-13,1083,9253,2027,45,0.2506447453255964,0.10477941176470588,0.9601063829787234,0.8203014184397163,0.17969858156028368
2072,YER067W YJR044C,0.0,NA,2.6456094259774687e-13,1083,9252,2028,45,0.2507253384912959,0.10478955007256895,0.9601063829787234,0.8202127659574469,0.1797872340425532
2073,YDR379W YPL112C,0.0,NA,2.646739977792828e-13,1083,9251,2029,45,0.2508059316569955,0.10479969034255854,0.9601063829787234,0.8201241134751773,0.1798758865248227
2074,YJL225C YMR123W,0.0,NA,2.6730806695733633e-13,1083,9250,2030,45,0.250886524822695,0.10480983257524436,0.9601063829787234,0.8200354609929078,0.1799645390070922
2075,YDL105W YLR075W,0.0,NA,2.681884933315032e-13,1083,9249,2031,45,0.2509671179883946,0.10481997677119628,0.9601063829787234,0.8199468085106383,0.1800531914893617
2076,YGR183C YIL009C-A,0.0,NA,2.7021562613339933e-13,1083,9248,2032,45,0.25104771115409413,0.10483012293098441,0.9601063829787234,0.8198581560283688,0.18014184397163122
2077,YNL305C YGL012W,0.0,NA,2.711030456115787e-13,1083,9247,2033,45,0.25112830431979366,0.1048402710551791,0.9601063829787234,0.8197695035460993,0.1802304964539007
2078,YNL030W YMR184W,0.0,NA,2.7262702729027866e-13,1083,9246,2034,45,0.25120889748549324,0.10485042114435085,0.9601063829787234,0.8196808510638298,0.1803191489361702
2079,YGR106C YIL155C,0.0,NA,2.7293296203829975e-13,1083,9245,2035,45,0.25128949065119277,0.1048605731990705,0.9601063829787234,0.8195921985815603,0.1804078014184397
2080,YPL131W YJL050W,0.0,NA,2.75285653647539e-13,1083,9244,2036,45,0.25137008381689235,0.10487072721990898,0.9601063829787234,0.8195035460992908,0.18049645390070923
2081,YML008C YNL118C,0.0,NA,2.754679080327338e-13,1083,9243,2037,45,0.2514506769825919,0.10488088320743753,0.9601063829787234,0.8194148936170212,0.18058510638297873
2082,YNL191W YDR415C,1.0,NA,2.760038291665934e-13,1082,9243,2037,46,0.25137008381689235,0.10479418886198547,0.9592198581560284,0.8194148936170212,0.18058510638297873
2083,YLR117C YPL159C,0.0,NA,2.763535927874372e-13,1082,9242,2038,46,0.2514506769825919,0.10480433940333204,0.9592198581560284,0.8193262411347517,0.18067375886524822
2084,YNL297C YNL305C,0.0,NA,2.767977904175045e-13,1082,9241,2039,46,0.2515312701482914,0.1048144919112661,0.9592198581560284,0.8192375886524823,0.18076241134751772
2085,YJL020C YOR204W,0.0,NA,2.7841645005091675e-13,1082,9240,2040,46,0.251611863313991,0.10482464638635923,0.9592198581560284,0.8191489361702128,0.18085106382978725
2086,YJL051W YLR332W,0.0,NA,2.808254930680709e-13,1082,9239,2041,46,0.2516924564796905,0.10483480282918321,0.9592198581560284,0.8190602836879433,0.18093971631205674
2087,YDR185C YJR133W,0.0,NA,2.8140242414910477e-13,1082,9238,2042,46,0.25177304964539005,0.10484496124031008,0.9592198581560284,0.8189716312056737,0.18102836879432624
2088,YDL001W YNL178W,0.0,NA,2.818681431922959e-13,1082,9237,2043,46,0.25185364281108963,0.10485512162031205,0.9592198581560284,0.8188829787234042,0.18111702127659574
2089,YER131W YBR213W,0.0,NA,2.824849458082229e-13,1082,9236,2044,46,0.25193423597678916,0.10486528396976158,0.9592198581560284,0.8187943262411348,0.18120567375886526
2090,YGR084C YLR147C,0.0,NA,2.8458593988311964e-13,1082,9235,2045,46,0.25201482914248874,0.10487544828923137,0.9592198581560284,0.8187056737588653,0.18129432624113476
2091,YNL310C YKL188C,0.0,NA,2.8750865078454313e-13,1082,9234,2046,46,0.25209542230818827,0.1048856145792943,0.9592198581560284,0.8186170212765957,0.18138297872340425
2092,YDR087C YDR184C,0.0,NA,2.880427287747095e-13,1082,9233,2047,46,0.2521760154738878,0.1048957828405235,0.9592198581560284,0.8185283687943262,0.18147163120567375
2093,YNL299W YDL126C,0.0,NA,2.8947027067016684e-13,1082,9232,2048,46,0.2522566086395874,0.10490595307349235,0.9592198581560284,0.8184397163120567,0.18156028368794327
2094,YHR143W YHL037C,0.0,NA,2.9012973664158115e-13,1082,9231,2049,46,0.2523372018052869,0.10491612527877436,0.9592198581560284,0.8183510638297873,0.18164893617021277
2095,YGR188C YOL039W,0.0,NA,2.9125194010021227e-13,1082,9230,2050,46,0.2524177949709865,0.10492629945694337,0.9592198581560284,0.8182624113475178,0.18173758865248227
2096,YNL149C YDR162C,0.0,NA,2.915081370735706e-13,1082,9229,2051,46,0.252498388136686,0.10493647560857337,0.9592198581560284,0.8181737588652482,0.18182624113475176
2097,YJL107C YLR131C,0.0,NA,2.920429469002034e-13,1082,9228,2052,46,0.25257898130238554,0.1049466537342386,0.9592198581560284,0.8180851063829787,0.1819148936170213
2098,YDR447C YHR083W,0.0,NA,2.9332916304247725e-13,1082,9227,2053,46,0.2526595744680851,0.10495683383451353,0.9592198581560284,0.8179964539007092,0.18200354609929079
2099,YNL135C YGL029W,0.0,NA,2.951452287864448e-13,1082,9226,2054,46,0.25274016763378465,0.10496701590997283,0.9592198581560284,0.8179078014184397,0.18209219858156028
2100,YDR227W YNL027W,0.0,NA,2.9748618390716686e-13,1082,9225,2055,46,0.2528207607994842,0.10497719996119143,0.9592198581560284,0.8178191489361702,0.18218085106382978
2101,YGL192W YHR021C,0.0,NA,2.9842672929179803e-13,1082,9224,2056,46,0.25290135396518376,0.10498738598874442,0.9592198581560284,0.8177304964539007,0.1822695035460993
2102,YKR042W YLR407W,0.0,NA,2.984546203926852e-13,1082,9223,2057,46,0.2529819471308833,0.10499757399320718,0.9592198581560284,0.8176418439716312,0.1823581560283688
2103,YPR144C YOR022C,0.0,NA,2.990957362423302e-13,1082,9222,2058,46,0.25306254029658287,0.10500776397515528,0.9592198581560284,0.8175531914893617,0.1824468085106383
2104,YLR189C YML105C,0.0,NA,3.0383478393826435e-13,1082,9221,2059,46,0.2531431334622824,0.10501795593516451,0.9592198581560284,0.8174645390070922,0.1825354609929078
2105,YDR234W YNR076W,0.0,NA,3.039947850738689e-13,1082,9220,2060,46,0.2532237266279819,0.10502814987381091,0.9592198581560284,0.8173758865248227,0.18262411347517732
2106,YIR002C YDR312W,0.0,NA,3.086135947488744e-13,1082,9219,2061,46,0.2533043197936815,0.1050383457916707,0.9592198581560284,0.8172872340425532,0.18271276595744682
2107,YER131W YAR027W,0.0,NA,3.091591652820691e-13,1082,9218,2062,46,0.25338491295938104,0.10504854368932039,0.9592198581560284,0.8171985815602837,0.1828014184397163
2108,YKR094C YAL015C,0.0,NA,3.1264476684639275e-13,1082,9217,2063,46,0.2534655061250806,0.10505874356733663,0.9592198581560284,0.8171099290780142,0.1828900709219858
2109,YDR533C YBL067C,1.0,NA,3.1297886374584416e-13,1081,9217,2063,47,0.25338491295938104,0.10497183919207613,0.9583333333333334,0.8171099290780142,0.1828900709219858
2110,YDR392W YIL091C,0.0,NA,3.132715170172523e-13,1081,9216,2064,47,0.2534655061250806,0.10498203360202,0.9583333333333334,0.8170212765957446,0.1829787234042553
2111,YOR022C YCR028C,0.0,NA,3.1604365934197187e-13,1081,9215,2065,47,0.25354609929078015,0.10499222999223,0.9583333333333334,0.8169326241134752,0.18306737588652483
2112,YPL096W YDL208W,0.0,NA,3.174543689987014e-13,1081,9214,2066,47,0.2536266924564797,0.10500242836328315,0.9583333333333334,0.8168439716312057,0.18315602836879433
2113,YKL112W YKL171W,0.0,NA,3.1765662691397856e-13,1081,9213,2067,47,0.25370728562217926,0.10501262871575676,0.9583333333333334,0.8167553191489362,0.18324468085106382
2114,YDR496C YML048W,0.0,NA,3.1822848934985604e-13,1081,9212,2068,47,0.2537878787878788,0.1050228310502283,0.9583333333333334,0.8166666666666667,0.18333333333333332
2115,YKL209C YDL223C,0.0,NA,3.188798238049767e-13,1081,9211,2069,47,0.2538684719535783,0.10503303536727555,0.9583333333333334,0.8165780141843971,0.18342198581560284
2116,YMR077C YBL052C,0.0,NA,3.1983798747491077e-13,1081,9210,2070,47,0.2539490651192779,0.10504324166747643,0.9583333333333334,0.8164893617021277,0.18351063829787234
2117,YGR188C YER025W,0.0,NA,3.2279504048014773e-13,1081,9209,2071,47,0.2540296582849774,0.10505344995140914,0.9583333333333334,0.8164007092198582,0.18359929078014184
2118,YOR084W YDR311W,0.0,NA,3.2456936444047457e-13,1081,9208,2072,47,0.254110251450677,0.10506366021965205,0.9583333333333334,0.8163120567375887,0.18368794326241134
2119,YMR262W YDR191W,0.0,NA,3.2565020558622537e-13,1081,9207,2073,47,0.25419084461637653,0.10507387247278382,0.9583333333333334,0.8162234042553191,0.18377659574468086
2120,YDL064W YBL092W,0.0,NA,3.2617051420880117e-13,1081,9206,2074,47,0.25427143778207606,0.10508408671138329,0.9583333333333334,0.8161347517730496,0.18386524822695036
2121,YOR101W YDR201W,0.0,NA,3.265676574645826e-13,1081,9205,2075,47,0.25435203094777564,0.10509430293602956,0.9583333333333334,0.8160460992907801,0.18395390070921985
2122,YJL076W YGR118W,0.0,NA,3.2750768785318185e-13,1081,9204,2076,47,0.25443262411347517,0.1051045211473019,0.9583333333333334,0.8159574468085107,0.18404255319148935
2123,YPR026W YDR496C,0.0,NA,3.2829574020225294e-13,1081,9203,2077,47,0.25451321727917475,0.10511474134577985,0.9583333333333334,0.8158687943262412,0.18413120567375887
2124,YIL013C YNR065C,0.0,NA,3.302237227154753e-13,1081,9202,2078,47,0.2545938104448743,0.10512496353204318,0.9583333333333334,0.8157801418439716,0.18421985815602837
2125,YML094W YFL046W,0.0,NA,3.319477125899445e-13,1081,9201,2079,47,0.2546744036105738,0.10513518770667185,0.9583333333333334,0.8156914893617021,0.18430851063829787
2126,YER139C YMR092C,0.0,NA,3.329228982339866e-13,1081,9200,2080,47,0.2547549967762734,0.10514541387024609,0.9583333333333334,0.8156028368794326,0.18439716312056736
2127,YNR009W YPL048W,0.0,NA,3.34111210920085e-13,1081,9199,2081,47,0.2548355899419729,0.1051556420233463,0.9583333333333334,0.8155141843971632,0.1844858156028369
2128,YML075C YER035W,0.0,NA,3.347733331868219e-13,1081,9198,2082,47,0.25491618310767244,0.10516587216655317,0.9583333333333334,0.8154255319148936,0.18457446808510639
2129,YMR200W YDL018C,0.0,NA,3.3494580264741003e-13,1081,9197,2083,47,0.25499677627337203,0.10517610430044756,0.9583333333333334,0.8153368794326241,0.18466312056737588
2130,YDR137W YLR350W,0.0,NA,3.364318643551273e-13,1081,9196,2084,47,0.25507736943907156,0.10518633842561059,0.9583333333333334,0.8152482269503546,0.18475177304964538
2131,YNL194C YDL015C,0.0,NA,3.3730312922093664e-13,1081,9195,2085,47,0.25515796260477114,0.10519657454262359,0.9583333333333334,0.8151595744680851,0.1848404255319149
2132,YMR265C YOL123W,0.0,NA,3.3883646214337426e-13,1081,9194,2086,47,0.25523855577047067,0.10520681265206813,0.9583333333333334,0.8150709219858157,0.1849290780141844
2133,YJL210W YOR315W,0.0,NA,3.391009261582978e-13,1081,9193,2087,47,0.2553191489361702,0.10521705275452599,0.9583333333333334,0.8149822695035461,0.1850177304964539
2134,YDR447C YMR260C,0.0,NA,3.4046837614834513e-13,1081,9192,2088,47,0.2553997421018698,0.10522729485057919,0.9583333333333334,0.8148936170212766,0.1851063829787234
2135,YKR104W YCR021C,0.0,NA,3.410129980046389e-13,1081,9191,2089,47,0.2554803352675693,0.10523753894080996,0.9583333333333334,0.8148049645390071,0.18519503546099292
2136,YPR030W YPL274W,0.0,NA,3.411346454883918e-13,1081,9190,2090,47,0.2555609284332689,0.1052477850258008,0.9583333333333334,0.8147163120567376,0.18528368794326242
2137,YKR094C YLR142W,0.0,NA,3.422791293016675e-13,1081,9189,2091,47,0.2556415215989684,0.10525803310613437,0.9583333333333334,0.814627659574468,0.1853723404255319
2138,YBR085W YOL119C,0.0,NA,3.4563348819301176e-13,1081,9188,2092,47,0.25572211476466794,0.10526828318239362,0.9583333333333334,0.8145390070921986,0.1854609929078014
2139,YNL194C YAL015C,0.0,NA,3.45848431273707e-13,1081,9187,2093,47,0.2558027079303675,0.10527853525516166,0.9583333333333334,0.8144503546099291,0.18554964539007093
2140,YLR061W YIL063C,0.0,NA,3.4690815758214866e-13,1081,9186,2094,47,0.25588330109606705,0.10528878932502192,0.9583333333333334,0.8143617021276596,0.18563829787234043
2141,YMR284W YJL063C,0.0,NA,3.4816363659283256e-13,1081,9185,2095,47,0.2559638942617666,0.10529904539255795,0.9583333333333334,0.81427304964539,0.18572695035460993
2142,YCL056C YIL087C,0.0,NA,3.4863409902052833e-13,1081,9184,2096,47,0.25604448742746616,0.10530930345835363,0.9583333333333334,0.8141843971631205,0.18581560283687942
2143,YJL121C YNL007C,0.0,NA,3.4898074556012626e-13,1081,9183,2097,47,0.2561250805931657,0.10531956352299299,0.9583333333333334,0.8140957446808511,0.18590425531914895
2144,YNL310C YBR104W,0.0,NA,3.5160581586014816e-13,1081,9182,2098,47,0.25620567375886527,0.10532982558706032,0.9583333333333334,0.8140070921985816,0.18599290780141844
2145,YDL052C YDR227W,0.0,NA,3.5301224291829636e-13,1081,9181,2099,47,0.2562862669245648,0.10534008965114013,0.9583333333333334,0.8139184397163121,0.18608156028368794
2146,YML082W YLR340W,0.0,NA,3.531543547180549e-13,1081,9180,2100,47,0.2563668600902643,0.10535035571581718,0.9583333333333334,0.8138297872340425,0.18617021276595744
2147,YML015C YGR038W,0.0,NA,3.547800887706426e-13,1081,9179,2101,47,0.2564474532559639,0.10536062378167642,0.9583333333333334,0.813741134751773,0.18625886524822696
2148,YMR272C YOR192C,0.0,NA,3.571305306603739e-13,1081,9178,2102,47,0.25652804642166344,0.10537089384930305,0.9583333333333334,0.8136524822695036,0.18634751773049646
2149,YKL146W YAL054C,0.0,NA,3.583232072602166e-13,1081,9177,2103,47,0.256608639587363,0.10538116591928251,0.9583333333333334,0.8135638297872341,0.18643617021276596
2150,YDR451C YNL117W,0.0,NA,3.5874650689340926e-13,1081,9176,2104,47,0.25668923275306255,0.10539143999220045,0.9583333333333334,0.8134751773049645,0.18652482269503545
2151,YKR054C YPL149W,0.0,NA,3.5897719801065986e-13,1081,9175,2105,47,0.2567698259187621,0.10540171606864275,0.9583333333333334,0.813386524822695,0.18661347517730498
2152,YBR035C YJL050W,0.0,NA,3.5927445914130107e-13,1081,9174,2106,47,0.25685041908446166,0.10541199414919551,0.9583333333333334,0.8132978723404255,0.18670212765957447
2153,YJL145W YDL241W,0.0,NA,3.595897993431685e-13,1081,9173,2107,47,0.2569310122501612,0.1054222742344451,0.9583333333333334,0.813209219858156,0.18679078014184397
2154,YOR393W YNL064C,0.0,NA,3.6101647387688784e-13,1081,9172,2108,47,0.2570116054158607,0.10543255632497806,0.9583333333333334,0.8131205673758866,0.18687943262411347
2155,YGL012W YGL066W,0.0,NA,3.6157123302349436e-13,1081,9171,2109,47,0.2570921985815603,0.10544284042138119,0.9583333333333334,0.813031914893617,0.186968085106383
2156,YLR209C YDR346C,0.0,NA,3.6249725009901423e-13,1081,9170,2110,47,0.2571727917472598,0.10545312652424153,0.9583333333333334,0.8129432624113475,0.1870567375886525
2157,YGR179C YLL008W,0.0,NA,3.627088592580291e-13,1081,9169,2111,47,0.2572533849129594,0.10546341463414634,0.9583333333333334,0.812854609929078,0.18714539007092199
2158,YKL150W YHR107C,0.0,NA,3.649482246351893e-13,1081,9168,2112,47,0.25733397807865893,0.10547370475168309,0.9583333333333334,0.8127659574468085,0.18723404255319148
2159,YER150W YEL065W,0.0,NA,3.6529294671593104e-13,1081,9167,2113,47,0.25741457124435846,0.1054839968774395,0.9583333333333334,0.812677304964539,0.187322695035461
2160,YMR123W YKL007W,0.0,NA,3.6739968706234194e-13,1081,9166,2114,47,0.25749516441005804,0.10549429101200351,0.9583333333333334,0.8125886524822695,0.1874113475177305
2161,YGL095C YPL104W,0.0,NA,3.71379684817319e-13,1081,9165,2115,47,0.25757575757575757,0.10550458715596331,0.9583333333333334,0.8125,0.1875
2162,YFL041W YDL015C,0.0,NA,3.733939969285255e-13,1081,9164,2116,47,0.25765635074145715,0.10551488530990727,0.9583333333333334,0.8124113475177305,0.1875886524822695
2163,YPL005W YBR275C,0.0,NA,3.747267524490533e-13,1081,9163,2117,47,0.2577369439071567,0.10552518547442405,0.9583333333333334,0.812322695035461,0.187677304964539
2164,YDL176W YOR315W,0.0,NA,3.765401076875896e-13,1081,9162,2118,47,0.2578175370728562,0.10553548765010251,0.9583333333333334,0.8122340425531915,0.18776595744680852
2165,YML107C YOL111C,0.0,NA,3.7870878308310374e-13,1081,9161,2119,47,0.2578981302385558,0.10554579183753174,0.9583333333333334,0.812145390070922,0.18785460992907801
2166,YKL007W YKL161C,0.0,NA,3.801642160794483e-13,1081,9160,2120,47,0.2579787234042553,0.10555609803730104,0.9583333333333334,0.8120567375886525,0.1879432624113475
2167,YDL052C YAL017W,0.0,NA,3.80346985460675e-13,1081,9159,2121,47,0.25805931656995484,0.10556640625,0.9583333333333334,0.811968085106383,0.188031914893617
2168,YLR104W YCR026C,0.0,NA,3.8039992163174663e-13,1081,9158,2122,47,0.2581399097356544,0.10557671647621839,0.9583333333333334,0.8118794326241134,0.18812056737588653
2169,YDR077W YMR010W,0.0,NA,3.80815902900275e-13,1081,9157,2123,47,0.25822050290135395,0.1055870287165462,0.9583333333333334,0.811790780141844,0.18820921985815603
2170,YML055W YJL172W,1.0,NA,3.8373606592659315e-13,1080,9157,2123,48,0.2581399097356544,0.10549965810295985,0.9574468085106383,0.811790780141844,0.18820921985815603
2171,YCR027C YDR315C,0.0,NA,3.845566714458931e-13,1080,9156,2124,48,0.25822050290135395,0.10550996483001172,0.9574468085106383,0.8117021276595745,0.18829787234042553
2172,YGR188C YLR274W,0.0,NA,3.8504109297655964e-13,1080,9155,2125,48,0.25830109606705354,0.10552027357107963,0.9574468085106383,0.811613475177305,0.18838652482269502
2173,YNL030W YAR018C,0.0,NA,3.8723587053937636e-13,1080,9154,2126,48,0.25838168923275306,0.10553058432675395,0.9574468085106383,0.8115248226950355,0.18847517730496455
2174,YNL327W YCR065W,0.0,NA,3.878064861427555e-13,1080,9153,2127,48,0.2584622823984526,0.10554089709762533,0.9574468085106383,0.8114361702127659,0.18856382978723404
2175,YMR217W YJR084W,0.0,NA,3.8809209210004247e-13,1080,9152,2128,48,0.2585428755641522,0.1055512118842846,0.9574468085106383,0.8113475177304964,0.18865248226950354
2176,YLR297W YOL119C,0.0,NA,3.9145536855425545e-13,1080,9151,2129,48,0.2586234687298517,0.10556152868732284,0.9574468085106383,0.811258865248227,0.18874113475177304
2177,YLR355C YCR052W,0.0,NA,3.9368446111583133e-13,1080,9150,2130,48,0.2587040618955513,0.10557184750733138,0.9574468085106383,0.8111702127659575,0.18882978723404256
2178,YGR220C YLR223C,0.0,NA,3.946008558970704e-13,1080,9149,2131,48,0.2587846550612508,0.10558216834490175,0.9574468085106383,0.8110815602836879,0.18891843971631206
2179,YMR244C-A YER067W,0.0,NA,3.951046575415701e-13,1080,9148,2132,48,0.25886524822695034,0.10559249120062573,0.9574468085106383,0.8109929078014184,0.18900709219858156
2180,YNL118C YNL148C,0.0,NA,3.963069835407479e-13,1080,9147,2133,48,0.2589458413926499,0.10560281607509533,0.9574468085106383,0.8109042553191489,0.18909574468085105
2181,YDR234W YLR075W,0.0,NA,3.9712420092825884e-13,1080,9146,2134,48,0.25902643455834945,0.1056131429689028,0.9574468085106383,0.8108156028368795,0.18918439716312058
2182,YDR234W YBR268W,0.0,NA,3.9827494600908064e-13,1080,9145,2135,48,0.259107027724049,0.10562347188264058,0.9574468085106383,0.81072695035461,0.18927304964539007
2183,YDR533C YMR150C,1.0,NA,3.98372930780419e-13,1079,9145,2135,49,0.25902643455834945,0.10553599374021909,0.9565602836879432,0.81072695035461,0.18927304964539007
2184,YBR141C YOR107W,0.0,NA,4.0141701811505226e-13,1079,9144,2136,49,0.259107027724049,0.1055463171280446,0.9565602836879432,0.8106382978723404,0.18936170212765957
2185,YMR095C YGL065C,0.0,NA,4.0262777378612113e-13,1079,9143,2137,49,0.25918762088974856,0.1055566425357073,0.9565602836879432,0.8105496453900709,0.18945035460992907
2186,YDR152W YNL310C,0.0,NA,4.0287434846519865e-13,1079,9142,2138,49,0.2592682140554481,0.10556696996380002,0.9565602836879432,0.8104609929078014,0.1895390070921986
2187,YGR207C YJL091C,0.0,NA,4.029781066131055e-13,1079,9141,2139,49,0.25934880722114767,0.10557729941291585,0.9565602836879432,0.810372340425532,0.1896276595744681
2188,YNL191W YER078C,1.0,NA,4.033749246082352e-13,1078,9141,2139,50,0.2592682140554481,0.1054897739504844,0.9556737588652482,0.810372340425532,0.1896276595744681
2189,YEL020C YDR207C,0.0,NA,4.045321749020919e-13,1078,9140,2140,50,0.25934880722114767,0.10550009786651009,0.9556737588652482,0.8102836879432624,0.18971631205673758
2190,YDR087C YMR301C,0.0,NA,4.05288270392129e-13,1078,9139,2141,50,0.2594294003868472,0.10551042380346481,0.9556737588652482,0.8101950354609929,0.18980496453900708
2191,YMR123W YBR191W,0.0,NA,4.0780687203881283e-13,1078,9138,2142,50,0.2595099935525467,0.10552075176194205,0.9556737588652482,0.8101063829787234,0.1898936170212766
2192,YLL008W YMR179W,0.0,NA,4.0856440409672845e-13,1078,9137,2143,50,0.2595905867182463,0.10553108174253549,0.9556737588652482,0.8100177304964539,0.1899822695035461
2193,YHR033W YDR165W,0.0,NA,4.094740226143895e-13,1078,9136,2144,50,0.25967117988394584,0.10554141374583904,0.9556737588652482,0.8099290780141843,0.1900709219858156
2194,YNL121C YOR047C,0.0,NA,4.0961776071740674e-13,1078,9135,2145,50,0.25975177304964536,0.10555174777244689,0.9556737588652482,0.8098404255319149,0.1901595744680851
2195,YHR033W YKR095W,0.0,NA,4.100805524147322e-13,1078,9134,2146,50,0.25983236621534495,0.10556208382295339,0.9556737588652482,0.8097517730496454,0.19024822695035462
2196,YDL010W YDR528W,0.0,NA,4.1236924899074046e-13,1078,9133,2147,50,0.2599129593810445,0.10557242189795318,0.9556737588652482,0.8096631205673759,0.19033687943262412
2197,YDR240C YFR048W,0.0,NA,4.143695477888676e-13,1078,9132,2148,50,0.25999355254674406,0.10558276199804113,0.9556737588652482,0.8095744680851064,0.19042553191489361
2198,YDL150W YMR238W,0.0,NA,4.181989769671407e-13,1078,9131,2149,50,0.2600741457124436,0.10559310412381233,0.9556737588652482,0.8094858156028368,0.1905141843971631
2199,YPL218W YBR220C,0.0,NA,4.2094469186390593e-13,1078,9130,2150,50,0.2601547388781431,0.10560344827586207,0.9556737588652482,0.8093971631205674,0.19060283687943264
2200,YCR041W YGL099W,0.0,NA,4.240544547451375e-13,1078,9129,2151,50,0.2602353320438427,0.10561379445478593,0.9556737588652482,0.8093085106382979,0.19069148936170213
2201,YGR098C YKL134C,1.0,NA,4.2448092566968465e-13,1077,9129,2151,51,0.2601547388781431,0.10552616108171664,0.9547872340425532,0.8093085106382979,0.19069148936170213
2202,YFL045C YLR150W,0.0,NA,4.246145535874435e-13,1077,9128,2152,51,0.2602353320438427,0.10553650171484566,0.9547872340425532,0.8092198581560284,0.19078014184397163
2203,YBR155W YHR102W,0.0,NA,4.2590746467813245e-13,1077,9127,2153,51,0.2603159252095422,0.10554684437475499,0.9547872340425532,0.8091312056737588,0.19086879432624113
2204,YOR030W YPL101W,0.0,NA,4.264577785958318e-13,1077,9126,2154,51,0.2603965183752418,0.10555718906204058,0.9547872340425532,0.8090425531914893,0.19095744680851065
2205,YKR066C YFR048W,0.0,NA,4.300247766382548e-13,1077,9125,2155,51,0.26047711154094133,0.10556753577729856,0.9547872340425532,0.8089539007092199,0.19104609929078015
2206,YGL005C YGL009C,0.0,NA,4.324165266307578e-13,1077,9124,2156,51,0.26055770470664086,0.10557788452112538,0.9547872340425532,0.8088652482269504,0.19113475177304964
2207,YKL011C YHL043W,0.0,NA,4.3476856771869354e-13,1077,9123,2157,51,0.26063829787234044,0.10558823529411765,0.9547872340425532,0.8087765957446809,0.19122340425531914
2208,YOR064C YLR414C,0.0,NA,4.3572656875830174e-13,1077,9122,2158,51,0.26071889103803997,0.10559858809687224,0.9547872340425532,0.8086879432624113,0.19131205673758866
2209,YDL137W YCL024W,0.0,NA,4.404156618391386e-13,1077,9121,2159,51,0.2607994842037395,0.10560894292998627,0.9547872340425532,0.8085992907801418,0.19140070921985816
2210,YIL108W YML055W,1.0,NA,4.410797627748403e-13,1076,9121,2159,52,0.26071889103803997,0.10552123173482397,0.9539007092198581,0.8085992907801418,0.19140070921985816
2211,YBR136W YGR144W,0.0,NA,4.4175164286112956e-13,1076,9120,2160,52,0.2607994842037395,0.10553158101216163,0.9539007092198581,0.8085106382978723,0.19148936170212766
2212,YMR244C-A YIL155C,0.0,NA,4.4249033690629824e-13,1076,9119,2161,52,0.2608800773694391,0.1055419323197646,0.9539007092198581,0.8084219858156029,0.19157801418439716
2213,YNL036W YLR265C,0.0,NA,4.4355841157146803e-13,1076,9118,2162,52,0.2609606705351386,0.10555228565823033,0.9539007092198581,0.8083333333333333,0.19166666666666668
2214,YOR193W YEL065W,0.0,NA,4.4466299674479626e-13,1076,9117,2163,52,0.2610412637008382,0.10556264102815657,0.9539007092198581,0.8082446808510638,0.19175531914893618
2215,YML128C YNL267W,0.0,NA,4.4487173276805403e-13,1076,9116,2164,52,0.2611218568665377,0.10557299843014128,0.9539007092198581,0.8081560283687943,0.19184397163120567
2216,YHL023C YER122C,0.0,NA,4.454134001734278e-13,1076,9115,2165,52,0.26120245003223724,0.10558335786478265,0.9539007092198581,0.8080673758865248,0.19193262411347517
2217,YOL144W YCR034W,0.0,NA,4.4707141634570124e-13,1076,9114,2166,52,0.2612830431979368,0.1055937193326791,0.9539007092198581,0.8079787234042554,0.1920212765957447
2218,YBR266C YLR355C,0.0,NA,4.498230401443065e-13,1076,9113,2167,52,0.26136363636363635,0.10560408283442929,0.9539007092198581,0.8078900709219858,0.1921099290780142
2219,YLR364W YHR063C,0.0,NA,4.508701354974387e-13,1076,9112,2168,52,0.26144422952933594,0.10561444837063212,0.9539007092198581,0.8078014184397163,0.1921985815602837
2220,YNL225C YHR102W,0.0,NA,4.556179110208614e-13,1076,9111,2169,52,0.26152482269503546,0.10562481594188672,0.9539007092198581,0.8077127659574468,0.19228723404255318
2221,YIL173W YNL148C,0.0,NA,4.562449051372097e-13,1076,9110,2170,52,0.261605415860735,0.10563518554879246,0.9539007092198581,0.8076241134751773,0.19237588652482268
2222,YKL096W YEL031W,0.0,NA,4.575128253678229e-13,1076,9109,2171,52,0.2616860090264346,0.10564555719194894,0.9539007092198581,0.8075354609929078,0.1924645390070922
2223,YCR066W YKL017C,0.0,NA,4.5920537337929e-13,1076,9108,2172,52,0.2617666021921341,0.105655930871956,0.9539007092198581,0.8074468085106383,0.1925531914893617
2224,YKL122C YPR007C,0.0,NA,4.596777060557333e-13,1076,9107,2173,52,0.26184719535783363,0.10566630658941373,0.9539007092198581,0.8073581560283688,0.1926418439716312
2225,YML076C YFR036W,0.0,NA,4.605509224854532e-13,1076,9106,2174,52,0.2619277885235332,0.10567668434492242,0.9539007092198581,0.8072695035460993,0.1927304964539007
2226,YAL027W YKL101W,0.0,NA,4.608109683765238e-13,1076,9105,2175,52,0.26200838168923274,0.1056870641390826,0.9539007092198581,0.8071808510638298,0.19281914893617022
2227,YPR043W YBR111C,0.0,NA,4.643206934391853e-13,1076,9104,2176,52,0.2620889748549323,0.10569744597249509,0.9539007092198581,0.8070921985815603,0.19290780141843972
2228,YGL005C YPL031C,0.0,NA,4.658846550729956e-13,1076,9103,2177,52,0.26216956802063185,0.10570782984576088,0.9539007092198581,0.8070035460992908,0.19299645390070921
2229,YDR067C YKL188C,0.0,NA,4.677357134420801e-13,1076,9102,2178,52,0.2622501611863314,0.10571821575948123,0.9539007092198581,0.8069148936170213,0.1930851063829787
2230,YBL026W YMR092C,0.0,NA,4.692941998549194e-13,1076,9101,2179,52,0.26233075435203096,0.10572860371425764,0.9539007092198581,0.8068262411347518,0.19317375886524824
2231,YNR055C YIL042C,0.0,NA,4.73247417816236e-13,1076,9100,2180,52,0.2624113475177305,0.10573899371069183,0.9539007092198581,0.8067375886524822,0.19326241134751773
2232,YER144C YHR200W,1.0,NA,4.740153040048989e-13,1075,9100,2180,53,0.26233075435203096,0.10565110565110565,0.9530141843971631,0.8067375886524822,0.19326241134751773
2233,YDL018C YMR309C,0.0,NA,4.744196572051274e-13,1075,9099,2181,53,0.2624113475177305,0.10566149007273443,0.9530141843971631,0.8066489361702127,0.19335106382978723
2234,YHR021C YBR283C,0.0,NA,4.765472413383043e-13,1075,9098,2182,53,0.26249194068343007,0.10567187653592844,0.9530141843971631,0.8065602836879433,0.19343971631205673
2235,YJL052W YDR471W,0.0,NA,4.769318620589935e-13,1075,9097,2183,53,0.2625725338491296,0.10568226504128982,0.9530141843971631,0.8064716312056738,0.19352836879432625
2236,YKL219W YNR009W,0.0,NA,4.849981093818512e-13,1075,9096,2184,53,0.2626531270148291,0.1056926555894209,0.9530141843971631,0.8063829787234043,0.19361702127659575
2237,YDR533C YDR331W,1.0,NA,4.861391237481749e-13,1074,9096,2184,54,0.2625725338491296,0.1056047197640118,0.9521276595744681,0.8063829787234043,0.19361702127659575
2238,YPL271W YNL042W,0.0,NA,4.873506654658188e-13,1074,9095,2185,54,0.2626531270148291,0.10561510473006196,0.9521276595744681,0.8062943262411347,0.19370567375886524
2239,YNL273W YGL192W,0.0,NA,4.880548547768482e-13,1074,9094,2186,54,0.2627337201805287,0.10562549173878835,0.9521276595744681,0.8062056737588652,0.19379432624113474
2240,YMR015C YJR152W,0.0,NA,4.91605074790652e-13,1074,9093,2187,54,0.26281431334622823,0.10563588079079375,0.9521276595744681,0.8061170212765958,0.19388297872340426
2241,YDR379W YBR220C,0.0,NA,4.91730733822443e-13,1074,9092,2188,54,0.26289490651192776,0.10564627188668109,0.9521276595744681,0.8060283687943263,0.19397163120567376
2242,YPL053C YCR031C,0.0,NA,4.943384568877052e-13,1074,9091,2189,54,0.26297549967762734,0.10565666502705362,0.9521276595744681,0.8059397163120567,0.19406028368794326
2243,YDR273W YOL165C,0.0,NA,4.949176918983555e-13,1074,9090,2190,54,0.26305609284332687,0.10566706021251476,0.9521276595744681,0.8058510638297872,0.19414893617021275
2244,YPR043W YFL001W,0.0,NA,4.96117036341559e-13,1074,9089,2191,54,0.26313668600902645,0.1056774574436682,0.9521276595744681,0.8057624113475177,0.19423758865248228
2245,YDL125C YGR262C,0.0,NA,5.036405320568704e-13,1074,9088,2192,54,0.263217279174726,0.10568785672111788,0.9521276595744681,0.8056737588652483,0.19432624113475178
2246,YBR193C YLR045C,0.0,NA,5.042662793407204e-13,1074,9087,2193,54,0.2632978723404255,0.10569825804546797,0.9521276595744681,0.8055851063829788,0.19441489361702127
2247,YMR310C YJR090C,0.0,NA,5.063625842412212e-13,1074,9086,2194,54,0.2633784655061251,0.10570866141732284,0.9521276595744681,0.8054964539007092,0.19450354609929077
2248,YFL041W YBR187W,0.0,NA,5.07495792351903e-13,1074,9085,2195,54,0.2634590586718246,0.10571906683728713,0.9521276595744681,0.8054078014184397,0.1945921985815603
2249,YJL091C YFL001W,0.0,NA,5.101276931256116e-13,1074,9084,2196,54,0.2635396518375242,0.10572947430596574,0.9521276595744681,0.8053191489361702,0.1946808510638298
2250,YNL027W YBR179C,0.0,NA,5.160700426026787e-13,1074,9083,2197,54,0.26362024500322373,0.10573988382396377,0.9521276595744681,0.8052304964539007,0.1947695035460993
2251,YLR113W YHL043W,0.0,NA,5.181442297788608e-13,1074,9082,2198,54,0.26370083816892326,0.10575029539188657,0.9521276595744681,0.8051418439716312,0.19485815602836878
2252,YNL016W YLR142W,0.0,NA,5.188394744219671e-13,1074,9081,2199,54,0.26378143133462284,0.10576070901033974,0.9521276595744681,0.8050531914893617,0.1949468085106383
2253,YDR067C YGL224C,0.0,NA,5.209237988884619e-13,1074,9080,2200,54,0.26386202450032237,0.1057711246799291,0.9521276595744681,0.8049645390070922,0.1950354609929078
2254,YEL043W YKL168C,0.0,NA,5.223964164892403e-13,1074,9079,2201,54,0.2639426176660219,0.10578154240126071,0.9521276595744681,0.8048758865248227,0.1951241134751773
2255,YDR324C YNL107W,0.0,NA,5.242869398174033e-13,1074,9078,2202,54,0.2640232108317215,0.1057919621749409,0.9521276595744681,0.8047872340425531,0.1952127659574468
2256,YDL125C YDR473C,0.0,NA,5.248212346480041e-13,1074,9077,2203,54,0.264103803997421,0.1058023840015762,0.9521276595744681,0.8046985815602837,0.19530141843971632
2257,YMR221C YNL148C,0.0,NA,5.253680520136972e-13,1074,9076,2204,54,0.2641843971631206,0.1058128078817734,0.9521276595744681,0.8046099290780142,0.19539007092198582
2258,YMR140W YOL045W,0.0,NA,5.265779674280824e-13,1074,9075,2205,54,0.2642649903288201,0.10582323381613952,0.9521276595744681,0.8045212765957447,0.19547872340425532
2259,YGR179C YJR135C,0.0,NA,5.284292426376014e-13,1074,9074,2206,54,0.26434558349451964,0.10583366180528182,0.9521276595744681,0.8044326241134752,0.1955673758865248
2260,YPL094C YLR090W,0.0,NA,5.315751636612853e-13,1074,9073,2207,54,0.2644261766602192,0.10584409184980782,0.9521276595744681,0.8043439716312056,0.19565602836879434
2261,YHR124W YIR012W,0.0,NA,5.324142819326805e-13,1074,9072,2208,54,0.26450676982591875,0.10585452395032525,0.9521276595744681,0.8042553191489362,0.19574468085106383
2262,YJR072C YMR112C,0.0,NA,5.351285278613893e-13,1074,9071,2209,54,0.26458736299161834,0.10586495810744209,0.9521276595744681,0.8041666666666667,0.19583333333333333
2263,YDR273W YBL008W,0.0,NA,5.36327113363072e-13,1074,9070,2210,54,0.26466795615731786,0.10587539432176656,0.9521276595744681,0.8040780141843972,0.19592198581560283
2264,YBR133C YMR078C,0.0,NA,5.396620650355288e-13,1074,9069,2211,54,0.2647485493230174,0.10588583259390713,0.9521276595744681,0.8039893617021276,0.19601063829787235
2265,YGL178W YMR086W,0.0,NA,5.39729990301635e-13,1074,9068,2212,54,0.264829142488717,0.10589627292447248,0.9521276595744681,0.8039007092198581,0.19609929078014185
2266,YKR028W YJL108C,0.0,NA,5.407562960781098e-13,1074,9067,2213,54,0.2649097356544165,0.10590671531407159,0.9521276595744681,0.8038120567375886,0.19618794326241135
2267,YER131W YJR144W,0.0,NA,5.454238948508772e-13,1074,9066,2214,54,0.26499032882011603,0.1059171597633136,0.9521276595744681,0.8037234042553192,0.19627659574468084
2268,YOR349W YLR381W,0.0,NA,5.456652924645811e-13,1074,9065,2215,54,0.2650709219858156,0.10592760627280796,0.9521276595744681,0.8036347517730497,0.19636524822695037
2269,YKL204W YKL139W,0.0,NA,5.467779549440943e-13,1074,9064,2216,54,0.26515151515151514,0.10593805484316433,0.9521276595744681,0.8035460992907801,0.19645390070921986
2270,YMR159C YMR309C,0.0,NA,5.473362106427071e-13,1074,9063,2217,54,0.2652321083172147,0.1059485054749926,0.9521276595744681,0.8034574468085106,0.19654255319148936
2271,YPR125W YNL148C,0.0,NA,5.479221677068269e-13,1074,9062,2218,54,0.26531270148291425,0.10595895816890293,0.9521276595744681,0.8033687943262411,0.19663120567375886
2272,YMR272C YPL178W,0.0,NA,5.522943755977006e-13,1074,9061,2219,54,0.2653932946486138,0.10596941292550567,0.9521276595744681,0.8032801418439717,0.19671985815602838
2273,YGL192W YMR238W,0.0,NA,5.538492841433706e-13,1074,9060,2220,54,0.26547388781431336,0.10597986974541149,0.9521276595744681,0.8031914893617021,0.19680851063829788
2274,YLR147C YKL161C,0.0,NA,5.594775944611774e-13,1074,9059,2221,54,0.2655544809800129,0.10599032862923123,0.9521276595744681,0.8031028368794326,0.19689716312056738
2275,YGR296W YOR233W,0.0,NA,5.600092872065643e-13,1074,9058,2222,54,0.26563507414571247,0.106000789577576,0.9521276595744681,0.8030141843971631,0.19698581560283687
2276,YGR013W YNL309W,0.0,NA,5.612100953227006e-13,1074,9057,2223,54,0.265715667311412,0.10601125259105715,0.9521276595744681,0.8029255319148936,0.1970744680851064
2277,YBR104W YDR201W,0.0,NA,5.613331522692777e-13,1074,9056,2224,54,0.2657962604771115,0.10602171767028627,0.9521276595744681,0.8028368794326242,0.1971631205673759
2278,YEL036C YHL013C,0.0,NA,5.618794817439932e-13,1074,9055,2225,54,0.2658768536428111,0.10603218481587522,0.9521276595744681,0.8027482269503546,0.1972517730496454
2279,YLR371W YPL048W,0.0,NA,5.643497821838928e-13,1074,9054,2226,54,0.26595744680851063,0.10604265402843602,0.9521276595744681,0.8026595744680851,0.1973404255319149
2280,YDR150W YGR042W,0.0,NA,5.665996643221261e-13,1074,9053,2227,54,0.26603803997421016,0.10605312530858102,0.9521276595744681,0.8025709219858156,0.19742907801418438
2281,YGR156W YGL068W,0.0,NA,5.69021284084481e-13,1074,9052,2228,54,0.26611863313990974,0.10606359865692278,0.9521276595744681,0.8024822695035461,0.1975177304964539
2282,YPL159C YLL005C,0.0,NA,5.696033380207799e-13,1074,9051,2229,54,0.26619922630560927,0.10607407407407407,0.9521276595744681,0.8023936170212767,0.1976063829787234
2283,YKR035W-A YLR448W,0.0,NA,5.70101095238168e-13,1074,9050,2230,54,0.26627981947130885,0.10608455156064797,0.9521276595744681,0.8023049645390071,0.1976950354609929
2284,YHR168W YER002W,0.0,NA,5.710326959548762e-13,1074,9049,2231,54,0.2663604126370084,0.10609503111725772,0.9521276595744681,0.8022163120567376,0.1977836879432624
2285,YDR234W YBR111C,0.0,NA,5.77019389300798e-13,1074,9048,2232,54,0.2664410058027079,0.10610551274451689,0.9521276595744681,0.8021276595744681,0.19787234042553192
2286,YHL043W YPR184W,0.0,NA,5.791926725555452e-13,1074,9047,2233,54,0.2665215989684075,0.10611599644303922,0.9521276595744681,0.8020390070921986,0.19796099290780142
2287,YMR300C YCR026C,0.0,NA,5.831733750419343e-13,1074,9046,2234,54,0.266602192134107,0.10612648221343873,0.9521276595744681,0.801950354609929,0.19804964539007092
2288,YGR263C YDR361C,0.0,NA,5.833992143544631e-13,1074,9045,2235,54,0.2666827852998066,0.10613697005632967,0.9521276595744681,0.8018617021276596,0.1981382978723404
2289,YOR040W YBR041W,0.0,NA,5.859272485600475e-13,1074,9044,2236,54,0.26676337846550613,0.10614745997232655,0.9521276595744681,0.8017730496453901,0.19822695035460994
2290,YER056C YBR273C,0.0,NA,5.859898612355086e-13,1074,9043,2237,54,0.26684397163120566,0.10615795196204408,0.9521276595744681,0.8016843971631206,0.19831560283687943
2291,YIL051C YPL023C,0.0,NA,5.928757918632899e-13,1074,9042,2238,54,0.26692456479690524,0.10616844602609728,0.9521276595744681,0.801595744680851,0.19840425531914893
2292,YIL112W YPL200W,0.0,NA,5.978005091812622e-13,1074,9041,2239,54,0.26700515796260477,0.10617894216510133,0.9521276595744681,0.8015070921985815,0.19849290780141843
2293,YKL219W YPR035W,0.0,NA,6.018367770289912e-13,1074,9040,2240,54,0.2670857511283043,0.10618944037967175,0.9521276595744681,0.8014184397163121,0.19858156028368795
2294,YLR208W YOR110W,0.0,NA,6.036336252894514e-13,1074,9039,2241,54,0.2671663442940039,0.10619994067042421,0.9521276595744681,0.8013297872340426,0.19867021276595745
2295,YMR227C YOR069W,0.0,NA,6.068173849689551e-13,1074,9038,2242,54,0.2672469374597034,0.10621044303797468,0.9521276595744681,0.801241134751773,0.19875886524822695
2296,YGL070C YFL042C,0.0,NA,6.079724397534125e-13,1074,9037,2243,54,0.267327530625403,0.10622094748293938,0.9521276595744681,0.8011524822695035,0.19884751773049644
2297,YPR113W YLR247C,0.0,NA,6.088195269107755e-13,1074,9036,2244,54,0.2674081237911025,0.10623145400593471,0.9521276595744681,0.801063829787234,0.19893617021276597
2298,YOR084W YNL022C,0.0,NA,6.091122614973465e-13,1074,9035,2245,54,0.26748871695680204,0.1062419626075774,0.9521276595744681,0.8009751773049646,0.19902482269503546
2299,YKR066C YER122C,0.0,NA,6.107735302761375e-13,1074,9034,2246,54,0.2675693101225016,0.10625247328848438,0.9521276595744681,0.8008865248226951,0.19911347517730496
2300,YPL053C YLR273C,0.0,NA,6.165791618592542e-13,1074,9033,2247,54,0.26764990328820115,0.10626298604927278,0.9521276595744681,0.8007978723404255,0.19920212765957446
2301,YMR125W YBR214W,0.0,NA,6.172734307204053e-13,1074,9032,2248,54,0.26773049645390073,0.10627350089056006,0.9521276595744681,0.800709219858156,0.19929078014184398
2302,YKL173W YFR039C,0.0,NA,6.189970953342228e-13,1074,9031,2249,54,0.26781108961960026,0.10628401781296389,0.9521276595744681,0.8006205673758865,0.19937943262411348
2303,YDR454C YPL190C,0.0,NA,6.192084605477488e-13,1074,9030,2250,54,0.2678916827852998,0.10629453681710213,0.9521276595744681,0.800531914893617,0.19946808510638298
2304,YJL109C YNR050C,0.0,NA,6.226109038054428e-13,1074,9029,2251,54,0.2679722759509994,0.10630505790359299,0.9521276595744681,0.8004432624113476,0.19955673758865247
2305,YGL097W YDR184C,0.0,NA,6.240756609404707e-13,1074,9028,2252,54,0.2680528691166989,0.10631558107305485,0.9521276595744681,0.800354609929078,0.199645390070922
2306,YNL135C YKL219W,0.0,NA,6.259903077669715e-13,1074,9027,2253,54,0.2681334622823984,0.10632610632610633,0.9521276595744681,0.8002659574468085,0.1997340425531915
2307,YFL062W YKL051W,0.0,NA,6.267214395019871e-13,1074,9026,2254,54,0.268214055448098,0.10633663366336633,0.9521276595744681,0.800177304964539,0.199822695035461
2308,YJL174W YER170W,0.0,NA,6.297001765506738e-13,1074,9025,2255,54,0.26829464861379754,0.106347163085454,0.9521276595744681,0.8000886524822695,0.1999113475177305
2309,YGL068W YOL132W,0.0,NA,6.328476154573992e-13,1074,9024,2256,54,0.2683752417794971,0.10635769459298872,0.9521276595744681,0.8,0.2
2310,YBL079W YJR098C,0.0,NA,6.331989511713931e-13,1074,9023,2257,54,0.26845583494519665,0.10636822818659007,0.9521276595744681,0.7999113475177305,0.2000886524822695
2311,YDR192C YGL103W,0.0,NA,6.354044894407718e-13,1074,9022,2258,54,0.2685364281108962,0.10637876386687797,0.9521276595744681,0.799822695035461,0.200177304964539
2312,YJR141W YMR058W,0.0,NA,6.357353879438143e-13,1074,9021,2259,54,0.26861702127659576,0.10638930163447251,0.9521276595744681,0.7997340425531915,0.2002659574468085
2313,YHL011C YCR028C,0.0,NA,6.385633666804169e-13,1074,9020,2260,54,0.2686976144422953,0.10639984148999405,0.9521276595744681,0.799645390070922,0.20035460992907803
2314,YIL138C YML105C,0.0,NA,6.386997593137156e-13,1074,9019,2261,54,0.26877820760799487,0.10641038343406321,0.9521276595744681,0.7995567375886525,0.20044326241134752
2315,YOR014W YKR070W,0.0,NA,6.388995777741047e-13,1074,9018,2262,54,0.2688588007736944,0.10642092746730084,0.9521276595744681,0.799468085106383,0.20053191489361702
2316,YJL145W YIL070C,0.0,NA,6.404881507972304e-13,1074,9017,2263,54,0.2689393939393939,0.10643147359032802,0.9521276595744681,0.7993794326241135,0.20062056737588652
2317,YKR050W YKL003C,0.0,NA,6.405859458331886e-13,1074,9016,2264,54,0.2690199871050935,0.10644202180376611,0.9521276595744681,0.799290780141844,0.20070921985815604
2318,YDL188C YDR541C,0.0,NA,6.426100428690018e-13,1074,9015,2265,54,0.26910058027079303,0.10645257210823669,0.9521276595744681,0.7992021276595744,0.20079787234042554
2319,YNL326C YMR086W,0.0,NA,6.458675282962345e-13,1074,9014,2266,54,0.26918117343649256,0.10646312450436161,0.9521276595744681,0.7991134751773049,0.20088652482269503
2320,YHR011W YJR055W,0.0,NA,6.610741684967558e-13,1074,9013,2267,54,0.26926176660219214,0.10647367899276296,0.9521276595744681,0.7990248226950355,0.20097517730496453
2321,YOR195W YNL307C,0.0,NA,6.678850723342011e-13,1074,9012,2268,54,0.26934235976789167,0.10648423557406306,0.9521276595744681,0.798936170212766,0.20106382978723406
2322,YLR117C YFL031W,0.0,NA,6.680825055498107e-13,1074,9011,2269,54,0.26942295293359125,0.10649479424888449,0.9521276595744681,0.7988475177304964,0.20115248226950355
2323,YMR179W YER105C,0.0,NA,6.713283358036892e-13,1074,9010,2270,54,0.2695035460992908,0.10650535501785006,0.9521276595744681,0.7987588652482269,0.20124113475177305
2324,YLR167W YBR283C,0.0,NA,6.756264384760735e-13,1074,9009,2271,54,0.2695841392649903,0.10651591788158286,0.9521276595744681,0.7986702127659574,0.20132978723404255
2325,YPL131W YMR280C,0.0,NA,6.78046974036256e-13,1074,9008,2272,54,0.2696647324306899,0.1065264828407062,0.9521276595744681,0.798581560283688,0.20141843971631207
2326,YBL047C YBR076W,0.0,NA,6.843993687749572e-13,1074,9007,2273,54,0.2697453255963894,0.10653704989584367,0.9521276595744681,0.7984929078014185,0.20150709219858157
2327,YFR048W YBL052C,0.0,NA,6.8451944416556e-13,1074,9006,2274,54,0.269825918762089,0.10654761904761904,0.9521276595744681,0.7984042553191489,0.20159574468085106
2328,YAR018C YOR303W,0.0,NA,6.863746225028999e-13,1074,9005,2275,54,0.26990651192778853,0.10655819029665642,0.9521276595744681,0.7983156028368794,0.20168439716312056
2329,YJL174W YER164W,0.0,NA,6.919096914338729e-13,1074,9004,2276,54,0.26998710509348806,0.10656876364358008,0.9521276595744681,0.7982269503546099,0.20177304964539008
2330,YMR056C YDR005C,0.0,NA,6.92044295133587e-13,1074,9003,2277,54,0.27006769825918764,0.10657933908901458,0.9521276595744681,0.7981382978723405,0.20186170212765958
2331,YLL015W YLL019C,0.0,NA,6.931434050859442e-13,1074,9002,2278,54,0.27014829142488717,0.10658991663358476,0.9521276595744681,0.798049645390071,0.20195035460992908
2332,YPL119C YGR264C,0.0,NA,7.000710232872576e-13,1074,9001,2279,54,0.2702288845905867,0.10660049627791564,0.9521276595744681,0.7979609929078014,0.20203900709219857
2333,YFL054C YOR061W,0.0,NA,7.021223337976001e-13,1074,9000,2280,54,0.2703094777562863,0.10661107802263252,0.9521276595744681,0.7978723404255319,0.20212765957446807
2334,YNL160W YDR104C,0.0,NA,7.050801457443578e-13,1074,8999,2281,54,0.2703900709219858,0.10662166186836096,0.9521276595744681,0.7977836879432624,0.2022163120567376
2335,YNL044W YCR084C,0.0,NA,7.060746843971788e-13,1074,8998,2282,54,0.2704706640876854,0.10663224781572676,0.9521276595744681,0.797695035460993,0.2023049645390071
2336,YAR002W YHL011C,0.0,NA,7.100221560869813e-13,1074,8997,2283,54,0.2705512572533849,0.10664283586535597,0.9521276595744681,0.7976063829787234,0.2023936170212766
2337,YMR156C YPL048W,0.0,NA,7.142192111168899e-13,1074,8996,2284,54,0.27063185041908444,0.10665342601787488,0.9521276595744681,0.7975177304964539,0.2024822695035461
2338,YOR226C YDR316W,0.0,NA,7.149333208777975e-13,1074,8995,2285,54,0.270712443584784,0.10666401827391002,0.9521276595744681,0.7974290780141844,0.2025709219858156
2339,YLR033W YMR227C,0.0,NA,7.232642219509589e-13,1074,8994,2286,54,0.27079303675048355,0.1066746126340882,0.9521276595744681,0.7973404255319149,0.2026595744680851
2340,YKR028W YGR088W,0.0,NA,7.234559631051629e-13,1074,8993,2287,54,0.27087362991618313,0.10668520909903646,0.9521276595744681,0.7972517730496453,0.2027482269503546
2341,YAL063C YML077W,0.0,NA,7.259994471917053e-13,1074,8992,2288,54,0.27095422308188266,0.10669580766938208,0.9521276595744681,0.7971631205673759,0.2028368794326241
2342,YBR074W YJL172W,1.0,NA,7.263706238054557e-13,1073,8992,2288,55,0.27087362991618313,0.10660705414803776,0.9512411347517731,0.7971631205673759,0.2028368794326241
2343,YPL006W YKL122C,0.0,NA,7.285059599841659e-13,1073,8991,2289,55,0.27095422308188266,0.10661764705882353,0.9512411347517731,0.7970744680851064,0.20292553191489363
2344,YPR041W YER105C,0.0,NA,7.335911934337747e-13,1073,8990,2290,55,0.2710348162475822,0.10662824207492795,0.9512411347517731,0.7969858156028369,0.20301418439716312
2345,YJL103C YMR026C,0.0,NA,7.442075384764268e-13,1073,8989,2291,55,0.27111540941328177,0.10663883919697874,0.9512411347517731,0.7968971631205674,0.20310283687943262
2346,YDR171W YLR435W,0.0,NA,7.458502131879596e-13,1073,8988,2292,55,0.2711960025789813,0.10664943842560382,0.9512411347517731,0.7968085106382978,0.20319148936170212
2347,YPL233W YKL108W,0.0,NA,7.46396705293001e-13,1073,8987,2293,55,0.2712765957446808,0.10666003976143142,0.9512411347517731,0.7967198581560284,0.20328014184397164
2348,YMR262W YOR265W,0.0,NA,7.524689421903319e-13,1073,8986,2294,55,0.2713571889103804,0.10667064320508997,0.9512411347517731,0.7966312056737589,0.20336879432624114
2349,YBR181C YPR060C,0.0,NA,7.526583523098651e-13,1073,8985,2295,55,0.27143778207607994,0.10668124875720819,0.9512411347517731,0.7965425531914894,0.20345744680851063
2350,YLR258W YMR077C,0.0,NA,7.535518433202104e-13,1073,8984,2296,55,0.2715183752417795,0.10669185641841504,0.9512411347517731,0.7964539007092198,0.20354609929078013
2351,YOL161C YNL118C,0.0,NA,7.539802658086681e-13,1073,8983,2297,55,0.27159896840747905,0.10670246618933969,0.9512411347517731,0.7963652482269503,0.20363475177304965
2352,YGR261C YDR427W,0.0,NA,7.543513882123098e-13,1073,8982,2298,55,0.2716795615731786,0.10671307807061163,0.9512411347517731,0.7962765957446809,0.20372340425531915
2353,YPR069C YOL111C,0.0,NA,7.599170316445469e-13,1073,8981,2299,55,0.27176015473887816,0.10672369206286056,0.9512411347517731,0.7961879432624114,0.20381205673758865
2354,YJR161C YPR129W,0.0,NA,7.647429239344972e-13,1073,8980,2300,55,0.2718407479045777,0.1067343081667164,0.9512411347517731,0.7960992907801419,0.20390070921985815
2355,YNR051C YBL092W,0.0,NA,7.662292566927575e-13,1073,8979,2301,55,0.27192134107027727,0.10674492638280939,0.9512411347517731,0.7960106382978723,0.20398936170212767
2356,YFL062W YPR070W,0.0,NA,7.690639032727209e-13,1073,8978,2302,55,0.2720019342359768,0.10675554671176997,0.9512411347517731,0.7959219858156028,0.20407801418439717
2357,YFR022W YDR165W,0.0,NA,7.705482844670708e-13,1073,8977,2303,55,0.2720825274016763,0.10676616915422886,0.9512411347517731,0.7958333333333333,0.20416666666666666
2358,YIL091C YJR084W,0.0,NA,7.73055285150509e-13,1073,8976,2304,55,0.2721631205673759,0.106776793710817,0.9512411347517731,0.7957446808510639,0.20425531914893616
2359,YBL024W YBR168W,0.0,NA,7.8107805596625e-13,1073,8975,2305,55,0.27224371373307543,0.1067874203821656,0.9512411347517731,0.7956560283687943,0.20434397163120568
2360,YNL181W YFR039C,0.0,NA,7.84368392719309e-13,1073,8974,2306,55,0.27232430689877496,0.10679804916890615,0.9512411347517731,0.7955673758865248,0.20443262411347518
2361,YDR182W YNL053W,0.0,NA,7.857460342097777e-13,1073,8973,2307,55,0.27240490006447454,0.10680868007167031,0.9512411347517731,0.7954787234042553,0.20452127659574468
2362,YKL126W YPL150W,0.0,NA,7.874414011468933e-13,1073,8972,2308,55,0.27248549323017407,0.10681931309109009,0.9512411347517731,0.7953900709219858,0.20460992907801417
2363,YGL094C YLR034C,0.0,NA,7.880152693567899e-13,1073,8971,2309,55,0.27256608639587365,0.10682994822779769,0.9512411347517731,0.7953014184397164,0.2046985815602837
2364,YGR120C YAL042W,0.0,NA,7.910089683954569e-13,1073,8970,2310,55,0.2726466795615732,0.10684058548242557,0.9512411347517731,0.7952127659574468,0.2047872340425532
2365,YDR257C YPL048W,0.0,NA,7.924435304999811e-13,1073,8969,2311,55,0.2727272727272727,0.10685122485560646,0.9512411347517731,0.7951241134751773,0.2048758865248227
2366,YGR278W YNL022C,0.0,NA,7.938019816119968e-13,1073,8968,2312,55,0.2728078658929723,0.1068618663479733,0.9512411347517731,0.7950354609929078,0.2049645390070922
2367,YDR364C YIL041W,0.0,NA,7.972418298446415e-13,1073,8967,2313,55,0.2728884590586718,0.10687250996015936,0.9512411347517731,0.7949468085106383,0.2050531914893617
2368,YMR211W YNL202W,0.0,NA,7.980375258190286e-13,1073,8966,2314,55,0.2729690522243714,0.10688315569279809,0.9512411347517731,0.7948581560283688,0.2051418439716312
2369,YKR066C YOR069W,0.0,NA,8.046003641994093e-13,1073,8965,2315,55,0.2730496453900709,0.10689380354652321,0.9512411347517731,0.7947695035460993,0.2052304964539007
2370,YKL052C YPL098C,0.0,NA,8.074876487948468e-13,1073,8964,2316,55,0.27313023855577045,0.10690445352196871,0.9512411347517731,0.7946808510638298,0.2053191489361702
2371,YNL201C YEL071W,0.0,NA,8.123816289812291e-13,1073,8963,2317,55,0.27321083172147004,0.10691510561976883,0.9512411347517731,0.7945921985815603,0.20540780141843973
2372,YBR136W YCL024W,0.0,NA,8.183083117369039e-13,1073,8962,2318,55,0.27329142488716957,0.10692575984055805,0.9512411347517731,0.7945035460992907,0.20549645390070923
2373,YHR033W YPR107C,0.0,NA,8.184237792682736e-13,1073,8961,2319,55,0.2733720180528691,0.1069364161849711,0.9512411347517731,0.7944148936170212,0.20558510638297872
2374,YDR097C YGR211W,0.0,NA,8.228392468258294e-13,1073,8960,2320,55,0.2734526112185687,0.10694707465364298,0.9512411347517731,0.7943262411347518,0.20567375886524822
2375,YLR435W YLR430W,0.0,NA,8.255966982111118e-13,1073,8959,2321,55,0.2735332043842682,0.10695773524720893,0.9512411347517731,0.7942375886524823,0.20576241134751774
2376,YDR473C YMR092C,0.0,NA,8.261449250396291e-13,1073,8958,2322,55,0.2736137975499678,0.10696839796630446,0.9512411347517731,0.7941489361702128,0.20585106382978724
2377,YPL239W YLL036C,0.0,NA,8.303581346819078e-13,1073,8957,2323,55,0.2736943907156673,0.1069790628115653,0.9512411347517731,0.7940602836879432,0.20593971631205674
2378,YFR039C YJR004C,0.0,NA,8.359055635176471e-13,1073,8956,2324,55,0.27377498388136684,0.10698972978362747,0.9512411347517731,0.7939716312056737,0.20602836879432623
2379,YMR262W YKL201C,0.0,NA,8.365930019051115e-13,1073,8955,2325,55,0.2738555770470664,0.10700039888312725,0.9512411347517731,0.7938829787234043,0.20611702127659576
2380,YNL271C YNL215W,0.0,NA,8.368754907811526e-13,1073,8954,2326,55,0.27393617021276595,0.1070110701107011,0.9512411347517731,0.7937943262411348,0.20620567375886525
2381,YLR316C YMR092C,0.0,NA,8.391131214348369e-13,1073,8953,2327,55,0.27401676337846553,0.10702174346698584,0.9512411347517731,0.7937056737588652,0.20629432624113475
2382,YLR238W YMR247C,0.0,NA,8.434069957187484e-13,1073,8952,2328,55,0.27409735654416506,0.10703241895261846,0.9512411347517731,0.7936170212765957,0.20638297872340425
2383,YDR044W YDL217C,0.0,NA,8.440475423622529e-13,1073,8951,2329,55,0.2741779497098646,0.10704309656823623,0.9512411347517731,0.7935283687943262,0.20647163120567377
2384,YNL311C YLR430W,0.0,NA,8.443857050198511e-13,1073,8950,2330,55,0.27425854287556417,0.1070537763144767,0.9512411347517731,0.7934397163120568,0.20656028368794327
2385,YPL040C YDL148C,0.0,NA,8.460074004193463e-13,1073,8949,2331,55,0.2743391360412637,0.10706445819197764,0.9512411347517731,0.7933510638297873,0.20664893617021277
2386,YDL188C YCR020C-A,0.0,NA,8.47929853501489e-13,1073,8948,2332,55,0.2744197292069632,0.10707514220137711,0.9512411347517731,0.7932624113475177,0.20673758865248226
2387,YNL137C YHR096C,0.0,NA,8.536597535628576e-13,1073,8947,2333,55,0.2745003223726628,0.10708582834331337,0.9512411347517731,0.7931737588652482,0.20682624113475176
2388,YLR226W YJR051W,0.0,NA,8.576238677560077e-13,1073,8946,2334,55,0.27458091553836234,0.107096516618425,0.9512411347517731,0.7930851063829787,0.20691489361702128
2389,YDR182W YOR233W,0.0,NA,8.615028720786178e-13,1073,8945,2335,55,0.2746615087040619,0.10710720702735077,0.9512411347517731,0.7929964539007093,0.20700354609929078
2390,YLL039C YPL178W,0.0,NA,8.70878672995512e-13,1073,8944,2336,55,0.27474210186976145,0.10711789957072976,0.9512411347517731,0.7929078014184398,0.20709219858156028
2391,YDR354W YDR227W,0.0,NA,8.725063857170645e-13,1073,8943,2337,55,0.274822695035461,0.10712859424920128,0.9512411347517731,0.7928191489361702,0.20718085106382977
2392,YDR501W YJR094W-A,0.0,NA,8.727444223040337e-13,1073,8942,2338,55,0.27490328820116056,0.10713929106340489,0.9512411347517731,0.7927304964539007,0.2072695035460993
2393,YFR052W YFR018C,1.0,NA,8.749761440558779e-13,1072,8942,2338,56,0.274822695035461,0.10705012981825444,0.950354609929078,0.7927304964539007,0.2072695035460993
2394,YGL083W YOL039W,0.0,NA,8.800592091011417e-13,1072,8941,2339,56,0.27490328820116056,0.10706082093278738,0.950354609929078,0.7926418439716312,0.2073581560283688
2395,YMR142C YJR135W-A,0.0,NA,8.830168584175735e-13,1072,8940,2340,56,0.2749838813668601,0.10707151418298043,0.950354609929078,0.7925531914893617,0.2074468085106383
2396,YIL173W YCR095C,0.0,NA,8.865591095454095e-13,1072,8939,2341,56,0.27506447453255967,0.10708220956947358,0.950354609929078,0.7924645390070922,0.2075354609929078
2397,YER100W YOL003C,0.0,NA,8.879823959473399e-13,1072,8938,2342,56,0.2751450676982592,0.1070929070929071,0.950354609929078,0.7923758865248227,0.2076241134751773
2398,YGR156W YJL026W,0.0,NA,8.881789075911029e-13,1072,8937,2343,56,0.2752256608639587,0.10710360675392147,0.950354609929078,0.7922872340425532,0.2077127659574468
2399,YGR200C YLR147C,0.0,NA,8.888872168703876e-13,1072,8936,2344,56,0.2753062540296583,0.10711430855315747,0.950354609929078,0.7921985815602837,0.2078014184397163
2400,YPL088W YMR119W,0.0,NA,8.948855111795551e-13,1072,8935,2345,56,0.27538684719535783,0.10712501249125612,0.950354609929078,0.7921099290780141,0.2078900709219858
2401,YDR479C YHR127W,0.0,NA,8.968675953811844e-13,1072,8934,2346,56,0.27546744036105736,0.10713571856885869,0.950354609929078,0.7920212765957447,0.20797872340425533
2402,YMR271C YLR103C,0.0,NA,8.983056811427692e-13,1072,8933,2347,56,0.27554803352675694,0.1071464267866067,0.950354609929078,0.7919326241134752,0.20806737588652482
2403,YMR025W YDR165W,0.0,NA,9.021605077569328e-13,1072,8932,2348,56,0.27562862669245647,0.10715713714514194,0.950354609929078,0.7918439716312057,0.20815602836879432
2404,YKL073W YKR095W,0.0,NA,9.14357890617612e-13,1072,8931,2349,56,0.27570921985815605,0.10716784964510646,0.950354609929078,0.7917553191489362,0.20824468085106382
2405,YPL274W YGR006W,0.0,NA,9.149963772769887e-13,1072,8930,2350,56,0.2757898130238556,0.10717856428714258,0.950354609929078,0.7916666666666666,0.20833333333333334
2406,YHR168W YGR277C,0.0,NA,9.277442095806387e-13,1072,8929,2351,56,0.2758704061895551,0.10718928107189281,0.950354609929078,0.7915780141843972,0.20842198581560284
2407,YGR249W YER059W,0.0,NA,9.322692357677242e-13,1072,8928,2352,56,0.2759509993552547,0.1072,0.950354609929078,0.7914893617021277,0.20851063829787234
2408,YLR337C YGR183C,0.0,NA,9.355575125366555e-13,1072,8927,2353,56,0.2760315925209542,0.1072107210721072,0.950354609929078,0.7914007092198582,0.20859929078014183
2409,YJR134C YGL261C,0.0,NA,9.3876252257874e-13,1072,8926,2354,56,0.2761121856866538,0.10722144428885777,0.950354609929078,0.7913120567375886,0.20868794326241136
2410,YDR384C YOR388C,0.0,NA,9.397585791146024e-13,1072,8925,2355,56,0.2761927788523533,0.10723216965089527,0.950354609929078,0.7912234042553191,0.20877659574468085
2411,YOR038C YBL019W,0.0,NA,9.399754195490995e-13,1072,8924,2356,56,0.27627337201805285,0.10724289715886355,0.950354609929078,0.7911347517730496,0.20886524822695035
2412,YPR024W YDR533C,1.0,NA,9.41622756329974e-13,1071,8924,2356,57,0.2761927788523533,0.1071535767883942,0.949468085106383,0.7911347517730496,0.20886524822695035
2413,YLR057W YAL047C,0.0,NA,9.422174412215822e-13,1071,8923,2357,57,0.27627337201805285,0.10716429857914749,0.949468085106383,0.7910460992907802,0.20895390070921985
2414,YPR030W YDR237W,0.0,NA,9.439389374310547e-13,1071,8922,2358,57,0.27635396518375244,0.10717502251576103,0.949468085106383,0.7909574468085107,0.20904255319148937
2415,YKL220C YLR448W,0.0,NA,9.474797248859579e-13,1071,8921,2359,57,0.27643455834945196,0.1071857485988791,0.949468085106383,0.7908687943262411,0.20913120567375887
2416,YBR114W YJR044C,0.0,NA,9.484705772513924e-13,1071,8920,2360,57,0.2765151515151515,0.10719647682914624,0.949468085106383,0.7907801418439716,0.20921985815602837
2417,YLR375W YOL144W,0.0,NA,9.509413655822696e-13,1071,8919,2361,57,0.2765957446808511,0.10720720720720721,0.949468085106383,0.7906914893617021,0.20930851063829786
2418,YOR357C YLR167W,0.0,NA,9.53873265097105e-13,1071,8918,2362,57,0.2766763378465506,0.10721793973370708,0.949468085106383,0.7906028368794327,0.2093971631205674
2419,YHR094C YMR177W,0.0,NA,9.54601306855929e-13,1071,8917,2363,57,0.2767569310122502,0.10722867440929115,0.949468085106383,0.7905141843971631,0.20948581560283688
2420,YDR130C YGR202C,0.0,NA,9.577162196974798e-13,1071,8916,2364,57,0.2768375241779497,0.10723941123460498,0.949468085106383,0.7904255319148936,0.20957446808510638
2421,YBR155W YBR250W,0.0,NA,9.58739706548306e-13,1071,8915,2365,57,0.27691811734364924,0.10725015021029441,0.949468085106383,0.7903368794326241,0.20966312056737588
2422,YBR193C YOL045W,0.0,NA,9.650896618321192e-13,1071,8914,2366,57,0.2769987105093488,0.1072608913370055,0.949468085106383,0.7902482269503546,0.2097517730496454
2423,YNL310C YGL101W,0.0,NA,9.676720145665452e-13,1071,8913,2367,57,0.27707930367504835,0.10727163461538461,0.949468085106383,0.7901595744680852,0.2098404255319149
2424,YGR277C YIL144W,0.0,NA,9.750625870955099e-13,1071,8912,2368,57,0.2771598968407479,0.10728238004607833,0.949468085106383,0.7900709219858156,0.2099290780141844
2425,YIL138C YOL067C,0.0,NA,9.785783294802286e-13,1071,8911,2369,57,0.27724049000644746,0.10729312762973352,0.949468085106383,0.7899822695035461,0.2100177304964539
2426,YBL020W YOR339C,0.0,NA,9.886717096049824e-13,1071,8910,2370,57,0.277321083172147,0.1073038773669973,0.949468085106383,0.7898936170212766,0.21010638297872342
2427,YLR057W YGR091W,0.0,NA,9.89718832063169e-13,1071,8909,2371,57,0.27740167633784657,0.10731462925851704,0.949468085106383,0.7898049645390071,0.2101950354609929
2428,YFL011W YKR105C,0.0,NA,9.91738917550944e-13,1071,8908,2372,57,0.2774822695035461,0.10732538330494037,0.949468085106383,0.7897163120567375,0.2102836879432624
2429,YDR331W YGL203C,1.0,NA,9.92049107792492e-13,1070,8908,2372,58,0.27740167633784657,0.10723591902184806,0.9485815602836879,0.7897163120567375,0.2102836879432624
2430,YDR087C YDR005C,0.0,NA,9.922989079730327e-13,1070,8907,2373,58,0.2774822695035461,0.1072466673348702,0.9485815602836879,0.7896276595744681,0.2103723404255319
2431,YDR357C YCR037C,0.0,NA,9.987739801875506e-13,1070,8906,2374,58,0.2775628626692456,0.10725741780272655,0.9485815602836879,0.7895390070921986,0.21046099290780143
2432,YHR102W YER026C,0.0,NA,1.0045763049540413e-12,1070,8905,2375,58,0.2776434558349452,0.10726817042606517,0.9485815602836879,0.7894503546099291,0.21054964539007093
2433,YDR498C YFR036W,0.0,NA,1.0080253689051522e-12,1070,8904,2376,58,0.27772404900064473,0.10727892520553439,0.9485815602836879,0.7893617021276595,0.21063829787234042
2434,YMR300C YDR422C,0.0,NA,1.0087331360833507e-12,1070,8903,2377,58,0.2778046421663443,0.10728968214178282,0.9485815602836879,0.78927304964539,0.21072695035460992
2435,YBL079W YKL071W,0.0,NA,1.0145526996643839e-12,1070,8902,2378,58,0.27788523533204385,0.10730044123545929,0.9485815602836879,0.7891843971631206,0.21081560283687945
2436,YIL173W YDR201W,0.0,NA,1.0216365513987524e-12,1070,8901,2379,58,0.2779658284977434,0.10731120248721292,0.9485815602836879,0.7890957446808511,0.21090425531914894
2437,YOR156C YGR184C,0.0,NA,1.0237705865348556e-12,1070,8900,2380,58,0.27804642166344296,0.10732196589769308,0.9485815602836879,0.7890070921985816,0.21099290780141844
2438,YBL018C YNL149C,0.0,NA,1.0247805208585259e-12,1070,8899,2381,58,0.2781270148291425,0.1073327314675494,0.9485815602836879,0.788918439716312,0.21108156028368794
2439,YGL168W YKR028W,0.0,NA,1.0253338976473625e-12,1070,8898,2382,58,0.278207607994842,0.10734349919743179,0.9485815602836879,0.7888297872340425,0.21117021276595746
2440,YLR088W YML055W,1.0,NA,1.0266175930195853e-12,1069,8898,2382,59,0.2781270148291425,0.10725393799538477,0.9476950354609929,0.7888297872340425,0.21117021276595746
2441,YLR227C YIL017C,0.0,NA,1.027338479044071e-12,1069,8897,2383,59,0.278207607994842,0.10726469997993177,0.9476950354609929,0.7887411347517731,0.21125886524822696
2442,YHR064C YBR201W,0.0,NA,1.0295314947783574e-12,1069,8896,2384,59,0.2782882011605416,0.10727546412443552,0.9476950354609929,0.7886524822695036,0.21134751773049645
2443,YLR226W YKL061W,0.0,NA,1.0308401268005474e-12,1069,8895,2385,59,0.2783687943262411,0.10728623042954637,0.9476950354609929,0.788563829787234,0.21143617021276595
2444,YNL274C YOR254C,0.0,NA,1.031032789526598e-12,1069,8894,2386,59,0.2784493874919407,0.10729699889591489,0.9476950354609929,0.7884751773049645,0.21152482269503547
2445,YMR203W YPR185W,0.0,NA,1.031534449871807e-12,1069,8893,2387,59,0.27852998065764023,0.10730776952419192,0.9476950354609929,0.788386524822695,0.21161347517730497
2446,YCL050C YNL185C,0.0,NA,1.0407616608809622e-12,1069,8892,2388,59,0.27861057382333976,0.10731854231502862,0.9476950354609929,0.7882978723404256,0.21170212765957447
2447,YML127W YBL019W,0.0,NA,1.0475169993570677e-12,1069,8891,2389,59,0.27869116698903934,0.10732931726907631,0.9476950354609929,0.7882092198581561,0.21179078014184397
2448,YKR096W YGR202C,0.0,NA,1.04765284988928e-12,1069,8890,2390,59,0.27877176015473887,0.10734009438698665,0.9476950354609929,0.7881205673758865,0.21187943262411346
2449,YDR090C YJR161C,0.0,NA,1.047796723517569e-12,1069,8889,2391,59,0.27885235332043845,0.10735087366941153,0.9476950354609929,0.788031914893617,0.211968085106383
2450,YPL130W YDL054C,0.0,NA,1.0478886638617957e-12,1069,8888,2392,59,0.278932946486138,0.10736165511700312,0.9476950354609929,0.7879432624113475,0.21205673758865248
2451,YGR188C YMR271C,0.0,NA,1.048708429124412e-12,1069,8887,2393,59,0.2790135396518375,0.10737243873041383,0.9476950354609929,0.787854609929078,0.21214539007092198
2452,YIL008W YNL004W,0.0,NA,1.0570182966754271e-12,1069,8886,2394,59,0.2790941328175371,0.10738322451029633,0.9476950354609929,0.7877659574468086,0.21223404255319148
2453,YLR137W YHL031C,0.0,NA,1.05722190984342e-12,1069,8885,2395,59,0.2791747259832366,0.1073940124573036,0.9476950354609929,0.787677304964539,0.212322695035461
2454,YMR095C YHR127W,0.0,NA,1.0575021761050074e-12,1069,8884,2396,59,0.27925531914893614,0.10740480257208881,0.9476950354609929,0.7875886524822695,0.2124113475177305
2455,YGR142W YGR089W,0.0,NA,1.061323229821498e-12,1069,8883,2397,59,0.2793359123146357,0.10741559485530547,0.9476950354609929,0.7875,0.2125
2456,YPR137W YMR077C,0.0,NA,1.0621798579579789e-12,1069,8882,2398,59,0.27941650548033525,0.10742638930760727,0.9476950354609929,0.7874113475177305,0.2125886524822695
2457,YLR209C YNL016W,0.0,NA,1.0659264269852198e-12,1069,8881,2399,59,0.27949709864603484,0.10743718592964824,0.9476950354609929,0.787322695035461,0.21267730496453902
2458,YCR053W YPR174C,0.0,NA,1.0765039033799884e-12,1069,8880,2400,59,0.27957769181173436,0.10744798472208263,0.9476950354609929,0.7872340425531915,0.2127659574468085
2459,YBR266C YGR143W,0.0,NA,1.0768263451060855e-12,1069,8879,2401,59,0.2796582849774339,0.10745878568556494,0.9476950354609929,0.787145390070922,0.212854609929078
2460,YNL262W YOR257W,0.0,NA,1.0786805476614703e-12,1069,8878,2402,59,0.2797388781431335,0.10746958882074997,0.9476950354609929,0.7870567375886525,0.2129432624113475
2461,YGL220W YKL051W,0.0,NA,1.0833422917425062e-12,1069,8877,2403,59,0.279819471308833,0.10748039412829279,0.9476950354609929,0.7869680851063829,0.21303191489361703
2462,YBL075C YML128C,0.0,NA,1.0887343544069283e-12,1069,8876,2404,59,0.2799000644745326,0.10749120160884867,0.9476950354609929,0.7868794326241135,0.21312056737588653
2463,YGR046W YDR501W,0.0,NA,1.097273422297207e-12,1069,8875,2405,59,0.2799806576402321,0.10750201126307321,0.9476950354609929,0.786790780141844,0.21320921985815602
2464,YJR041C YOR233W,0.0,NA,1.1040984749730032e-12,1069,8874,2406,59,0.28006125080593164,0.10751282309162224,0.9476950354609929,0.7867021276595745,0.21329787234042552
2465,YHR112C YOL052C,0.0,NA,1.1050866168330065e-12,1069,8873,2407,59,0.2801418439716312,0.10752363709515188,0.9476950354609929,0.786613475177305,0.21338652482269505
2466,YPL115C YPR060C,0.0,NA,1.1076314561722644e-12,1069,8872,2408,59,0.28022243713733075,0.10753445327431847,0.9476950354609929,0.7865248226950354,0.21347517730496454
2467,YER166W YGL054C,0.0,NA,1.108874493963019e-12,1069,8871,2409,59,0.2803030303030303,0.10754527162977867,0.9476950354609929,0.7864361702127659,0.21356382978723404
2468,YCR053W YHL024W,0.0,NA,1.1104110252818655e-12,1069,8870,2410,59,0.28038362346872986,0.10755609216218935,0.9476950354609929,0.7863475177304965,0.21365248226950354
2469,YNL215W YHR117W,0.0,NA,1.1122699983268092e-12,1069,8869,2411,59,0.2804642166344294,0.1075669148722077,0.9476950354609929,0.786258865248227,0.21374113475177306
2470,YOL125W YAL061W,0.0,NA,1.1139600526732796e-12,1069,8868,2412,59,0.28054480980012897,0.10757773976049109,0.9476950354609929,0.7861702127659574,0.21382978723404256
2471,YDL076C YLR227C,0.0,NA,1.1154674189536862e-12,1069,8867,2413,59,0.2806254029658285,0.10758856682769727,0.9476950354609929,0.7860815602836879,0.21391843971631205
2472,YCR066W YGR059W,0.0,NA,1.1189407690334607e-12,1069,8866,2414,59,0.280705996131528,0.10759939607448414,0.9476950354609929,0.7859929078014184,0.21400709219858155
2473,YJR048W YPR185W,0.0,NA,1.1213122444453383e-12,1069,8865,2415,59,0.2807865892972276,0.10761022750150996,0.9476950354609929,0.785904255319149,0.21409574468085107
2474,YPR021C YHL011C,0.0,NA,1.1327612025463507e-12,1069,8864,2416,59,0.28086718246292713,0.1076210611094332,0.9476950354609929,0.7858156028368795,0.21418439716312057
2475,YDR096W YFL029C,0.0,NA,1.1357164124078944e-12,1069,8863,2417,59,0.2809477756286267,0.1076318968989126,0.9476950354609929,0.7857269503546099,0.21427304964539007
2476,YCL050C YGL234W,0.0,NA,1.146271228977258e-12,1069,8862,2418,59,0.28102836879432624,0.10764273487060719,0.9476950354609929,0.7856382978723404,0.21436170212765956
2477,YLR340W YNL125C,0.0,NA,1.1526599986988462e-12,1069,8861,2419,59,0.28110896196002577,0.10765357502517624,0.9476950354609929,0.7855496453900709,0.2144503546099291
2478,YLR411W YDR532C,0.0,NA,1.1534011593039573e-12,1069,8860,2420,59,0.28118955512572535,0.10766441736327928,0.9476950354609929,0.7854609929078015,0.21453900709219859
2479,YCR076C YLR435W,0.0,NA,1.1560859691436831e-12,1069,8859,2421,59,0.2812701482914249,0.10767526188557615,0.9476950354609929,0.785372340425532,0.21462765957446808
2480,YDR185C YCR095C,0.0,NA,1.1802669301966273e-12,1069,8858,2422,59,0.2813507414571244,0.10768610859272691,0.9476950354609929,0.7852836879432624,0.21471631205673758
2481,YBR083W YBR141C,0.0,NA,1.1884262020658842e-12,1069,8857,2423,59,0.281431334622824,0.1076969574853919,0.9476950354609929,0.7851950354609929,0.2148049645390071
2482,YIL074C YML015C,0.0,NA,1.2063493650196766e-12,1069,8856,2424,59,0.2815119277885235,0.10770780856423173,0.9476950354609929,0.7851063829787234,0.2148936170212766
2483,YPR137W YHR124W,0.0,NA,1.2112256727106474e-12,1069,8855,2425,59,0.2815925209542231,0.10771866182990729,0.9476950354609929,0.7850177304964538,0.2149822695035461
2484,YJR153W YKL139W,0.0,NA,1.2138112780515908e-12,1069,8854,2426,59,0.28167311411992263,0.10772951728307971,0.9476950354609929,0.7849290780141844,0.2150709219858156
2485,YLR431C YJL165C,0.0,NA,1.2164626944644041e-12,1069,8853,2427,59,0.28175370728562216,0.1077403749244104,0.9476950354609929,0.7848404255319149,0.21515957446808512
2486,YHR084W YGL240W,0.0,NA,1.2164650797091836e-12,1069,8852,2428,59,0.28183430045132174,0.10775123475456103,0.9476950354609929,0.7847517730496454,0.21524822695035462
2487,YDR392W YIR034C,0.0,NA,1.2214684558947697e-12,1069,8851,2429,59,0.28191489361702127,0.10776209677419354,0.9476950354609929,0.7846631205673759,0.2153368794326241
2488,YHR168W YJL066C,0.0,NA,1.23034200015526e-12,1069,8850,2430,59,0.28199548678272085,0.10777296098397016,0.9476950354609929,0.7845744680851063,0.2154255319148936
2489,YGR278W YOR303W,0.0,NA,1.2479162668499466e-12,1069,8849,2431,59,0.2820760799484204,0.10778382738455333,0.9476950354609929,0.7844858156028369,0.21551418439716313
2490,YLR362W YPL101W,0.0,NA,1.251923911760322e-12,1069,8848,2432,59,0.2821566731141199,0.10779469597660583,0.9476950354609929,0.7843971631205674,0.21560283687943263
2491,YPR174C YHL037C,0.0,NA,1.2593553587111894e-12,1069,8847,2433,59,0.2822372662798195,0.10780556676079064,0.9476950354609929,0.7843085106382979,0.21569148936170213
2492,YDL229W YGL261C,0.0,NA,1.260232369848513e-12,1069,8846,2434,59,0.282317859445519,0.10781643973777105,0.9476950354609929,0.7842198581560283,0.21578014184397162
2493,YKL207W YML107C,0.0,NA,1.2615237630561604e-12,1069,8845,2435,59,0.28239845261121854,0.10782731490821061,0.9476950354609929,0.7841312056737588,0.21586879432624115
2494,YPL038W YBR213W,0.0,NA,1.2649524440064286e-12,1069,8844,2436,59,0.2824790457769181,0.10783819227277312,0.9476950354609929,0.7840425531914894,0.21595744680851064
2495,YHR071W YGR096W,0.0,NA,1.2652155798736908e-12,1069,8843,2437,59,0.28255963894261765,0.10784907183212268,0.9476950354609929,0.7839539007092199,0.21604609929078014
2496,YER144C YLR163C,1.0,NA,1.2863021195061441e-12,1068,8843,2437,60,0.2824790457769181,0.10775905559479367,0.9468085106382979,0.7839539007092199,0.21604609929078014
2497,YNL305C YJL143W,0.0,NA,1.2869622902089706e-12,1068,8842,2438,60,0.28255963894261765,0.10776992936427851,0.9468085106382979,0.7838652482269504,0.21613475177304964
2498,YEL003W YLR238W,0.0,NA,1.2873084759626452e-12,1068,8841,2439,60,0.28264023210831724,0.10778080532848926,0.9468085106382979,0.7837765957446808,0.21622340425531916
2499,YDL137W YNL014W,0.0,NA,1.2931062470800114e-12,1068,8840,2440,60,0.28272082527401676,0.10779168348809043,0.9468085106382979,0.7836879432624113,0.21631205673758866
2500,YLR105C YDL180W,0.0,NA,1.2935724540141802e-12,1068,8839,2441,60,0.2828014184397163,0.10780256384374684,0.9468085106382979,0.7835992907801419,0.21640070921985816
2501,YBR035C YGL205W,0.0,NA,1.29443385264022e-12,1068,8838,2442,60,0.2828820116054159,0.10781344639612356,0.9468085106382979,0.7835106382978724,0.21648936170212765
2502,YHR197W YNL062C,0.0,NA,1.296697341515718e-12,1068,8837,2443,60,0.2829626047711154,0.10782433114588591,0.9468085106382979,0.7834219858156029,0.21657801418439715
2503,YJL210W YDL083C,0.0,NA,1.3035116605900066e-12,1068,8836,2444,60,0.283043197936815,0.10783521809369952,0.9468085106382979,0.7833333333333333,0.21666666666666667
2504,YOR357C YML004C,0.0,NA,1.308259165062886e-12,1068,8835,2445,60,0.2831237911025145,0.10784610724023024,0.9468085106382979,0.7832446808510638,0.21675531914893617
2505,YGR233C YMR309C,0.0,NA,1.3164468430290621e-12,1068,8834,2446,60,0.28320438426821404,0.10785699858614421,0.9468085106382979,0.7831560283687943,0.21684397163120567
2506,YGR179C YGR229C,0.0,NA,1.3266124310185035e-12,1068,8833,2447,60,0.2832849774339136,0.10786789213210787,0.9468085106382979,0.7830673758865249,0.21693262411347516
2507,YLR414C YIL166C,0.0,NA,1.3348894472436923e-12,1068,8832,2448,60,0.28336557059961315,0.10787878787878788,0.9468085106382979,0.7829787234042553,0.2170212765957447
2508,YDR192C YDR165W,0.0,NA,1.337517011208711e-12,1068,8831,2449,60,0.2834461637653127,0.1078896858268512,0.9468085106382979,0.7828900709219858,0.21710992907801419
2509,YMR095C YCR084C,0.0,NA,1.3448947901520403e-12,1068,8830,2450,60,0.28352675693101226,0.10790058597696504,0.9468085106382979,0.7828014184397163,0.21719858156028368
2510,YNL191W YFR018C,1.0,NA,1.3588079229506778e-12,1067,8830,2450,61,0.2834461637653127,0.10781044761038698,0.9459219858156028,0.7828014184397163,0.21719858156028368
2511,YIL176C YKL001C,0.0,NA,1.369334658683774e-12,1067,8829,2451,61,0.28352675693101226,0.107821341956346,0.9459219858156028,0.7827127659574468,0.21728723404255318
2512,YIL091C YGR048W,0.0,NA,1.3704790340768325e-12,1067,8828,2452,61,0.2836073500967118,0.1078322385042951,0.9459219858156028,0.7826241134751774,0.2173758865248227
2513,YBR008C YHR117W,0.0,NA,1.373168939666769e-12,1067,8827,2453,61,0.28368794326241137,0.10784313725490197,0.9459219858156028,0.7825354609929078,0.2174645390070922
2514,YHR058C YNL072W,0.0,NA,1.3789929484767094e-12,1067,8826,2454,61,0.2837685364281109,0.10785403820883453,0.9459219858156028,0.7824468085106383,0.2175531914893617
2515,YDR506C YPL250C,0.0,NA,1.3822082584394324e-12,1067,8825,2455,61,0.2838491295938104,0.10786494136676102,0.9459219858156028,0.7823581560283688,0.2176418439716312
2516,YHR002W YOR283W,0.0,NA,1.3857164114089437e-12,1067,8824,2456,61,0.28392972275951,0.10787584672934991,0.9459219858156028,0.7822695035460993,0.21773049645390072
2517,YGL192W YLR381W,0.0,NA,1.3874566643160002e-12,1067,8823,2457,61,0.28401031592520953,0.10788675429726997,0.9459219858156028,0.7821808510638298,0.21781914893617021
2518,YLL036C YBR168W,0.0,NA,1.4012326455398183e-12,1067,8822,2458,61,0.2840909090909091,0.10789766407119021,0.9459219858156028,0.7820921985815603,0.2179078014184397
2519,YLR088W YLR163C,1.0,NA,1.4054108354519257e-12,1066,8822,2458,62,0.28401031592520953,0.1078074433656958,0.9450354609929078,0.7820921985815603,0.2179078014184397
2520,YLR435W YJR122W,0.0,NA,1.4082068844345486e-12,1066,8821,2459,62,0.2840909090909091,0.1078183473247699,0.9450354609929078,0.7820035460992908,0.2179964539007092
2521,YML008C YLR341W,0.0,NA,1.4124625948019887e-12,1066,8820,2460,62,0.28417150225660864,0.10782925348978353,0.9450354609929078,0.7819148936170213,0.21808510638297873
2522,YFL045C YJR009C,0.0,NA,1.4133248607897664e-12,1066,8819,2461,62,0.28425209542230817,0.10784016186140617,0.9450354609929078,0.7818262411347517,0.21817375886524823
2523,YDR331W YER078C,1.0,NA,1.4241298028003224e-12,1065,8819,2461,63,0.28417150225660864,0.10774989882638608,0.9441489361702128,0.7818262411347517,0.21817375886524823
2524,YMR012W YNL088W,0.0,NA,1.4245617489458406e-12,1065,8818,2462,63,0.28425209542230817,0.10776080137610038,0.9441489361702128,0.7817375886524822,0.21826241134751773
2525,YPL081W YMR026C,0.0,NA,1.432692831558613e-12,1065,8817,2463,63,0.28433268858800775,0.10777170613236187,0.9441489361702128,0.7816489361702128,0.21835106382978722
2526,YGR134W YKL073W,0.0,NA,1.4348614527440184e-12,1065,8816,2464,63,0.2844132817537073,0.1077826130958405,0.9441489361702128,0.7815602836879433,0.21843971631205675
2527,YDL180W YGR184C,0.0,NA,1.4366743471966315e-12,1065,8815,2465,63,0.2844938749194068,0.10779352226720648,0.9441489361702128,0.7814716312056738,0.21852836879432624
2528,YMR200W YJR009C,0.0,NA,1.4530606535709256e-12,1065,8814,2466,63,0.2845744680851064,0.10780443364713027,0.9441489361702128,0.7813829787234042,0.21861702127659574
2529,YBL040C YKL184W,0.0,NA,1.453127115164099e-12,1065,8813,2467,63,0.2846550612508059,0.10781534723628265,0.9441489361702128,0.7812943262411347,0.21870567375886524
2530,YDR212W YML076C,0.0,NA,1.4571181717812354e-12,1065,8812,2468,63,0.2847356544165055,0.10782626303533462,0.9441489361702128,0.7812056737588653,0.21879432624113476
2531,YGL195W YJR074W,0.0,NA,1.4644711224948148e-12,1065,8811,2469,63,0.28481624758220503,0.10783718104495747,0.9441489361702128,0.7811170212765958,0.21888297872340426
2532,YGR171C YGR103W,0.0,NA,1.4657145939664384e-12,1065,8810,2470,63,0.28489684074790456,0.10784810126582278,0.9441489361702128,0.7810283687943262,0.21897163120567376
2533,YNL273W YGR103W,0.0,NA,1.4754644988429488e-12,1065,8809,2471,63,0.28497743391360414,0.1078590236986024,0.9441489361702128,0.7809397163120567,0.21906028368794325
2534,YDL104C YDR415C,1.0,NA,1.4755319362180774e-12,1064,8809,2471,64,0.28489684074790456,0.10776866200749519,0.9432624113475178,0.7809397163120567,0.21906028368794325
2535,YOR374W YMR211W,0.0,NA,1.479378685526056e-12,1064,8808,2472,64,0.28497743391360414,0.10777957860615883,0.9432624113475178,0.7808510638297872,0.21914893617021278
2536,YGL062W YPR162C,0.0,NA,1.4882880084582384e-12,1064,8807,2473,64,0.28505802707930367,0.10779049741667511,0.9432624113475178,0.7807624113475178,0.21923758865248227
2537,YBR035C YKR056W,0.0,NA,1.498508240237173e-12,1064,8806,2474,64,0.28513862024500325,0.10780141843971631,0.9432624113475178,0.7806737588652483,0.21932624113475177
2538,YDL241W YPR185W,0.0,NA,1.5003384819245458e-12,1064,8805,2475,64,0.2852192134107028,0.107812341675955,0.9432624113475178,0.7805851063829787,0.21941489361702127
2539,YBL046W YBR214W,0.0,NA,1.505337521301442e-12,1064,8804,2476,64,0.2852998065764023,0.10782326712606405,0.9432624113475178,0.7804964539007092,0.2195035460992908
2540,YGL002W YMR310C,0.0,NA,1.5060670809433074e-12,1064,8803,2477,64,0.2853803997421019,0.10783419479071653,0.9432624113475178,0.7804078014184397,0.2195921985815603
2541,YJL171C YPL016W,0.0,NA,1.5087035353661404e-12,1064,8802,2478,64,0.2854609929078014,0.10784512467058585,0.9432624113475178,0.7803191489361702,0.21968085106382979
2542,YML008C YJR084W,0.0,NA,1.5125990737718809e-12,1064,8801,2479,64,0.28554158607350094,0.10785605676634567,0.9432624113475178,0.7802304964539007,0.21976950354609928
2543,YIL051C YNL311C,0.0,NA,1.5140221975434853e-12,1064,8800,2480,64,0.2856221792392005,0.10786699107866991,0.9432624113475178,0.7801418439716312,0.2198581560283688
2544,YKR050W YGL134W,0.0,NA,1.5156516449885138e-12,1064,8799,2481,64,0.28570277240490005,0.1078779276082328,0.9432624113475178,0.7800531914893617,0.2199468085106383
2545,YGR106C YKL071W,0.0,NA,1.5245555469098337e-12,1064,8798,2482,64,0.28578336557059963,0.10788886635570878,0.9432624113475178,0.7799645390070922,0.2200354609929078
2546,YOR065W YDR528W,0.0,NA,1.5282501826530126e-12,1064,8797,2483,64,0.28586395873629916,0.10789980732177264,0.9432624113475178,0.7798758865248226,0.2201241134751773
2547,YJL107C YMR092C,0.0,NA,1.5289965474285516e-12,1064,8796,2484,64,0.2859445519019987,0.10791075050709939,0.9432624113475178,0.7797872340425532,0.22021276595744682
2548,YNL327W YER002W,0.0,NA,1.5304204301416768e-12,1064,8795,2485,64,0.28602514506769827,0.10792169591236433,0.9432624113475178,0.7796985815602837,0.22030141843971632
2549,YOL067C YOR315W,0.0,NA,1.5416412721055983e-12,1064,8794,2486,64,0.2861057382333978,0.10793264353824306,0.9432624113475178,0.7796099290780142,0.22039007092198581
2550,YNL122C YDR184C,0.0,NA,1.5420412342870282e-12,1064,8793,2487,64,0.2861863313990974,0.10794359338541139,0.9432624113475178,0.7795212765957447,0.2204787234042553
2551,YNL291C YER167W,0.0,NA,1.54219996148508e-12,1064,8792,2488,64,0.2862669245647969,0.10795454545454546,0.9432624113475178,0.7794326241134751,0.22056737588652484
2552,YDL188C YGR184C,0.0,NA,1.5477754711570868e-12,1064,8791,2489,64,0.28634751773049644,0.10796549974632166,0.9432624113475178,0.7793439716312057,0.22065602836879433
2553,YDR471W YBR111C,0.0,NA,1.5493173150665784e-12,1064,8790,2490,64,0.286428110896196,0.10797645626141668,0.9432624113475178,0.7792553191489362,0.22074468085106383
2554,YHR030C YLR273C,0.0,NA,1.5516178836563754e-12,1064,8789,2491,64,0.28650870406189555,0.10798741500050746,0.9432624113475178,0.7791666666666667,0.22083333333333333
2555,YGL220W YGR202C,0.0,NA,1.5562030830640339e-12,1064,8788,2492,64,0.2865892972275951,0.10799837596427121,0.9432624113475178,0.7790780141843971,0.22092198581560285
2556,YKR049C YJL050W,0.0,NA,1.5815902190338682e-12,1064,8787,2493,64,0.28666989039329466,0.10800933915338544,0.9432624113475178,0.7789893617021276,0.22101063829787235
2557,YJL083W YER061C,0.0,NA,1.5841836306304535e-12,1064,8786,2494,64,0.2867504835589942,0.10802030456852792,0.9432624113475178,0.7789007092198581,0.22109929078014184
2558,YDL083C YBR179C,0.0,NA,1.5854713375507146e-12,1064,8785,2495,64,0.28683107672469377,0.10803127221037669,0.9432624113475178,0.7788120567375887,0.22118794326241134
2559,YJR126C YDR434W,1.0,NA,1.5899593924437183e-12,1063,8785,2495,65,0.2867504835589942,0.10794069861900893,0.9423758865248227,0.7788120567375887,0.22118794326241134
2560,YOR253W YER173W,0.0,NA,1.5900837504329024e-12,1063,8784,2496,65,0.28683107672469377,0.10795166040418401,0.9423758865248227,0.7787234042553192,0.22127659574468084
2561,YGR142W YDL063C,0.0,NA,1.5949955115349135e-12,1063,8783,2497,65,0.2869116698903933,0.1079626244160065,0.9423758865248227,0.7786347517730496,0.22136524822695036
2562,YDR087C YIL169C,0.0,NA,1.603695475027589e-12,1063,8782,2498,65,0.2869922630560928,0.1079735906551549,0.9423758865248227,0.7785460992907801,0.22145390070921986
2563,YKL112W YNR048W,0.0,NA,1.6046378635559133e-12,1063,8781,2499,65,0.2870728562217924,0.107984559122308,0.9423758865248227,0.7784574468085106,0.22154255319148936
2564,YMR142C YGL178W,0.0,NA,1.604806131733083e-12,1063,8780,2500,65,0.28715344938749193,0.10799552981814488,0.9423758865248227,0.7783687943262412,0.22163120567375885
2565,YJL107C YGR038W,0.0,NA,1.6127874860258351e-12,1063,8779,2501,65,0.2872340425531915,0.10800650274334485,0.9423758865248227,0.7782801418439717,0.22171985815602838
2566,YML128C YPL103C,0.0,NA,1.6159712457053388e-12,1063,8778,2502,65,0.28731463571889104,0.10801747789858754,0.9423758865248227,0.7781914893617021,0.22180851063829787
2567,YJR135C YML105C,0.0,NA,1.617988403847248e-12,1063,8777,2503,65,0.28739522888459057,0.10802845528455285,0.9423758865248227,0.7781028368794326,0.22189716312056737
2568,YDR316W YJR094W-A,0.0,NA,1.628664217379061e-12,1063,8776,2504,65,0.28747582205029015,0.10803943490192093,0.9423758865248227,0.7780141843971631,0.22198581560283687
2569,YDR201W YKL014C,0.0,NA,1.6319354721738843e-12,1063,8775,2505,65,0.2875564152159897,0.10805041675137222,0.9423758865248227,0.7779255319148937,0.2220744680851064
2570,YNL297C YLR270W,0.0,NA,1.6380445177349712e-12,1063,8774,2506,65,0.2876370083816892,0.10806140083358748,0.9423758865248227,0.7778368794326241,0.2221631205673759
2571,YOR110W YHR084W,0.0,NA,1.6389477665648688e-12,1063,8773,2507,65,0.2877176015473888,0.10807238714924766,0.9423758865248227,0.7777482269503546,0.22225177304964538
2572,YDR212W YJL201W,0.0,NA,1.6422772430163546e-12,1063,8772,2508,65,0.2877981947130883,0.10808337569903406,0.9423758865248227,0.7776595744680851,0.22234042553191488
2573,YDR357C YKL201C,0.0,NA,1.64669666791184e-12,1063,8771,2509,65,0.2878787878787879,0.10809436648362823,0.9423758865248227,0.7775709219858156,0.2224290780141844
2574,YOL013C YPR157W,0.0,NA,1.6572584233751075e-12,1063,8770,2510,65,0.28795938104448743,0.10810535950371199,0.9423758865248227,0.7774822695035462,0.2225177304964539
2575,YOR223W YLR316C,0.0,NA,1.6589756911961073e-12,1063,8769,2511,65,0.28803997421018696,0.10811635475996745,0.9423758865248227,0.7773936170212766,0.2226063829787234
2576,YEL003W YNL215W,0.0,NA,1.6674331186627978e-12,1063,8768,2512,65,0.28812056737588654,0.108127352253077,0.9423758865248227,0.7773049645390071,0.2226950354609929
2577,YHL037C YOL017W,0.0,NA,1.6711966012439294e-12,1063,8767,2513,65,0.28820116054158607,0.10813835198372329,0.9423758865248227,0.7772163120567376,0.22278368794326242
2578,YMR284W YKL024C,0.0,NA,1.6817519599143793e-12,1063,8766,2514,65,0.28828175370728565,0.10814935395258927,0.9423758865248227,0.777127659574468,0.22287234042553192
2579,YKL019W YNL271C,0.0,NA,1.6826084796306429e-12,1063,8765,2515,65,0.2883623468729852,0.10816035816035816,0.9423758865248227,0.7770390070921985,0.22296099290780141
2580,YNR055C YDR346C,0.0,NA,1.688958868595325e-12,1063,8764,2516,65,0.2884429400386847,0.10817136460771344,0.9423758865248227,0.7769503546099291,0.2230496453900709
2581,YBR038W YDR294C,0.0,NA,1.7049675473529424e-12,1063,8763,2517,65,0.2885235332043843,0.10818237329533889,0.9423758865248227,0.7768617021276596,0.22313829787234044
2582,YLR087C YMR026C,0.0,NA,1.7065975368990571e-12,1063,8762,2518,65,0.2886041263700838,0.10819338422391858,0.9423758865248227,0.7767730496453901,0.22322695035460993
2583,YDR207C YBR273C,0.0,NA,1.7089362694053256e-12,1063,8761,2519,65,0.28868471953578334,0.10820439739413681,0.9423758865248227,0.7766843971631205,0.22331560283687943
2584,YJL210W YOL052C,0.0,NA,1.7091906232349907e-12,1063,8760,2520,65,0.2887653127014829,0.10821541280667821,0.9423758865248227,0.776595744680851,0.22340425531914893
2585,YDR323C YMR260C,0.0,NA,1.7135711252724839e-12,1063,8759,2521,65,0.28884590586718245,0.10822643046222766,0.9423758865248227,0.7765070921985816,0.22349290780141845
2586,YAL007C YPL190C,0.0,NA,1.7159030273050657e-12,1063,8758,2522,65,0.28892649903288203,0.10823745036147032,0.9423758865248227,0.7764184397163121,0.22358156028368795
2587,YOR257W YDL155W,0.0,NA,1.718149602626673e-12,1063,8757,2523,65,0.28900709219858156,0.10824847250509165,0.9423758865248227,0.7763297872340426,0.22367021276595744
2588,YIL042C YHR063C,0.0,NA,1.7218503099020177e-12,1063,8756,2524,65,0.2890876853642811,0.10825949689377737,0.9423758865248227,0.776241134751773,0.22375886524822694
2589,YDR323C YBR301W,0.0,NA,1.7224381643199393e-12,1063,8755,2525,65,0.28916827852998067,0.10827052352821348,0.9423758865248227,0.7761524822695035,0.22384751773049646
2590,YNL320W YBR057C,0.0,NA,1.7249434302799016e-12,1063,8754,2526,65,0.2892488716956802,0.10828155240908628,0.9423758865248227,0.7760638297872341,0.22393617021276596
2591,YNL310C YPR007C,0.0,NA,1.7253843753034515e-12,1063,8753,2527,65,0.2893294648613798,0.10829258353708232,0.9423758865248227,0.7759751773049646,0.22402482269503546
2592,YNR030W YLR381W,0.0,NA,1.7276170728372509e-12,1063,8752,2528,65,0.2894100580270793,0.10830361691288844,0.9423758865248227,0.775886524822695,0.22411347517730495
2593,YDR162C YJL026W,0.0,NA,1.7284674126011312e-12,1063,8751,2529,65,0.28949065119277884,0.10831465253719176,0.9423758865248227,0.7757978723404255,0.22420212765957448
2594,YPL057C YBL052C,0.0,NA,1.740333571698116e-12,1063,8750,2530,65,0.2895712443584784,0.10832569041067971,0.9423758865248227,0.775709219858156,0.22429078014184398
2595,YLR057W YOL025W,0.0,NA,1.7405492195102235e-12,1063,8749,2531,65,0.28965183752417795,0.10833673053403996,0.9423758865248227,0.7756205673758865,0.22437943262411347
2596,YGR229C YNL124W,0.0,NA,1.743486431615704e-12,1063,8748,2532,65,0.2897324306898775,0.10834777290796045,0.9423758865248227,0.7755319148936171,0.22446808510638297
2597,YIL155C YBR111C,0.0,NA,1.7499631301334806e-12,1063,8747,2533,65,0.28981302385557706,0.10835881753312945,0.9423758865248227,0.7754432624113475,0.2245567375886525
2598,YMR142C YPR069C,0.0,NA,1.751292036736296e-12,1063,8746,2534,65,0.2898936170212766,0.1083698644102355,0.9423758865248227,0.775354609929078,0.224645390070922
2599,YOR193W YIL115C,0.0,NA,1.7529463124110745e-12,1063,8745,2535,65,0.28997421018697617,0.10838091353996737,0.9423758865248227,0.7752659574468085,0.2247340425531915
2600,YJL030W YJR094W-A,0.0,NA,1.7625853034053396e-12,1063,8744,2536,65,0.2900548033526757,0.10839196492301417,0.9423758865248227,0.775177304964539,0.22482269503546098
2601,YJR131W YGL044C,0.0,NA,1.765829127885199e-12,1063,8743,2537,65,0.2901353965183752,0.10840301856006526,0.9423758865248227,0.7750886524822695,0.2249113475177305
2602,YOR257W YBR179C,0.0,NA,1.7676892935525323e-12,1063,8742,2538,65,0.2902159896840748,0.1084140744518103,0.9423758865248227,0.775,0.225
2603,YJL020C YOL045W,0.0,NA,1.7694635904078049e-12,1063,8741,2539,65,0.29029658284977433,0.10842513259893921,0.9423758865248227,0.7749113475177305,0.2250886524822695
2604,YJL023C YPL088W,0.0,NA,1.7695244141496813e-12,1063,8740,2540,65,0.2903771760154739,0.1084361930021422,0.9423758865248227,0.774822695035461,0.225177304964539
2605,YLR265C YJL178C,0.0,NA,1.7730515406572112e-12,1063,8739,2541,65,0.29045776918117344,0.10844725566210978,0.9423758865248227,0.7747340425531914,0.22526595744680852
2606,YBL026W YNL107W,0.0,NA,1.7881542600794997e-12,1063,8738,2542,65,0.29053836234687297,0.1084583205795327,0.9423758865248227,0.774645390070922,0.22535460992907802
2607,YFR016C YJR094W-A,0.0,NA,1.7919680496414347e-12,1063,8737,2543,65,0.29061895551257255,0.10846938775510204,0.9423758865248227,0.7745567375886525,0.22544326241134752
2608,YOR064C YPR185W,0.0,NA,1.7953960800703994e-12,1063,8736,2544,65,0.2906995486782721,0.10848045718950913,0.9423758865248227,0.774468085106383,0.225531914893617
2609,YNL299W YER161C,0.0,NA,1.801333604847799e-12,1063,8735,2545,65,0.2907801418439716,0.1084915288834456,0.9423758865248227,0.7743794326241135,0.22562056737588654
2610,YLR104W YKL161C,0.0,NA,1.8041119813350104e-12,1063,8734,2546,65,0.2908607350096712,0.10850260283760335,0.9423758865248227,0.7742907801418439,0.22570921985815603
2611,YOL153C YDL170W,0.0,NA,1.80767694649836e-12,1063,8733,2547,65,0.2909413281753707,0.10851367905267456,0.9423758865248227,0.7742021276595744,0.22579787234042553
2612,YGL071W YDR097C,0.0,NA,1.8283714386252425e-12,1063,8732,2548,65,0.2910219213410703,0.10852475752935171,0.9423758865248227,0.774113475177305,0.22588652482269503
2613,YDL180W YLR150W,0.0,NA,1.8411867083040212e-12,1063,8731,2549,65,0.2911025145067698,0.10853583826832755,0.9423758865248227,0.7740248226950355,0.22597517730496453
2614,YPL265W YNL185C,0.0,NA,1.8537523946426937e-12,1063,8730,2550,65,0.29118310767246935,0.10854692127029511,0.9423758865248227,0.773936170212766,0.22606382978723405
2615,YDR044W YDR184C,0.0,NA,1.854254597088989e-12,1063,8729,2551,65,0.29126370083816894,0.10855800653594772,0.9423758865248227,0.7738475177304964,0.22615248226950355
2616,YFR022W YNR009W,0.0,NA,1.862776426164725e-12,1063,8728,2552,65,0.29134429400386846,0.10856909406597896,0.9423758865248227,0.7737588652482269,0.22624113475177304
2617,YER067W YOR303W,0.0,NA,1.8742878343108726e-12,1063,8727,2553,65,0.29142488716956805,0.10858018386108274,0.9423758865248227,0.7736702127659575,0.22632978723404254
2618,YKL219W YOR192C,0.0,NA,1.875285517149994e-12,1063,8726,2554,65,0.2915054803352676,0.10859127592195321,0.9423758865248227,0.773581560283688,0.22641843971631206
2619,YMR179W YNL052W,0.0,NA,1.8774578246227858e-12,1063,8725,2555,65,0.2915860735009671,0.10860237024928483,0.9423758865248227,0.7734929078014184,0.22650709219858156
2620,YGL030W YJR046W,0.0,NA,1.887504258793471e-12,1063,8724,2556,65,0.2916666666666667,0.10861346684377235,0.9423758865248227,0.7734042553191489,0.22659574468085106
2621,YIL155C YBR141C,0.0,NA,1.8962078001533156e-12,1063,8723,2557,65,0.2917472598323662,0.10862456570611077,0.9423758865248227,0.7733156028368794,0.22668439716312055
2622,YLR072W YAL041W,0.0,NA,1.901216163668895e-12,1063,8722,2558,65,0.29182785299806574,0.1086356668369954,0.9423758865248227,0.77322695035461,0.22677304964539008
2623,YNL262W YBR302C,0.0,NA,1.9017023199230376e-12,1063,8721,2559,65,0.2919084461637653,0.10864677023712183,0.9423758865248227,0.7731382978723405,0.22686170212765958
2624,YOR145C YKR070W,0.0,NA,1.902358912758695e-12,1063,8720,2560,65,0.29198903932946485,0.10865787590718594,0.9423758865248227,0.7730496453900709,0.22695035460992907
2625,YHR117W YJR098C,0.0,NA,1.915561242613051e-12,1063,8719,2561,65,0.29206963249516443,0.10866898384788387,0.9423758865248227,0.7729609929078014,0.22703900709219857
2626,YLR176C YHR068W,0.0,NA,1.9241776141182276e-12,1063,8718,2562,65,0.29215022566086396,0.10868009405991208,0.9423758865248227,0.7728723404255319,0.2271276595744681
2627,YJL078C YIL103W,0.0,NA,1.9272519777985275e-12,1063,8717,2563,65,0.2922308188265635,0.10869120654396729,0.9423758865248227,0.7727836879432625,0.2272163120567376
2628,YOR349W YDR312W,0.0,NA,1.938707007431706e-12,1063,8716,2564,65,0.29231141199226307,0.1087023213007465,0.9423758865248227,0.7726950354609929,0.2273049645390071
2629,YBL067C YFR052W,1.0,NA,1.946165017335799e-12,1062,8716,2564,66,0.2922308188265635,0.10861116792800164,0.9414893617021277,0.7726950354609929,0.2273049645390071
2630,YCR066W YMR122W-A,0.0,NA,1.950379094339816e-12,1062,8715,2565,66,0.29231141199226307,0.10862227677201595,0.9414893617021277,0.7726063829787234,0.22739361702127658
2631,YLR291C YCR011C,0.0,NA,1.9571202297674617e-12,1062,8714,2566,66,0.2923920051579626,0.10863338788870704,0.9414893617021277,0.7725177304964539,0.2274822695035461
2632,YGL065C YNL125C,0.0,NA,1.9603292513575843e-12,1062,8713,2567,66,0.2924725983236622,0.10864450127877238,0.9414893617021277,0.7724290780141844,0.2275709219858156
2633,YEL065W YDR137W,0.0,NA,1.961810488365634e-12,1062,8712,2568,66,0.2925531914893617,0.10865561694290976,0.9414893617021277,0.7723404255319148,0.2276595744680851
2634,YPL131W YGR143W,0.0,NA,1.968347143263549e-12,1062,8711,2569,66,0.29263378465506124,0.10866673488181725,0.9414893617021277,0.7722517730496454,0.2277482269503546
2635,YGR131W YBR222C,0.0,NA,1.973768370966411e-12,1062,8710,2570,66,0.2927143778207608,0.10867785509619321,0.9414893617021277,0.7721631205673759,0.22783687943262412
2636,YMR150C YJL113W,1.0,NA,1.9830588993824394e-12,1061,8710,2570,67,0.29263378465506124,0.10858663391669225,0.9406028368794326,0.7721631205673759,0.22783687943262412
2637,YDR192C YHL043W,0.0,NA,1.9901367880048593e-12,1061,8709,2571,67,0.2927143778207608,0.10859774820880246,0.9406028368794326,0.7720744680851064,0.22792553191489362
2638,YNL310C YIR018W,0.0,NA,1.9942673814415945e-12,1061,8708,2572,67,0.29279497098646035,0.1086088647763333,0.9406028368794326,0.7719858156028369,0.22801418439716312
2639,YGL168W YEL003W,0.0,NA,1.9945145795369212e-12,1061,8707,2573,67,0.2928755641521599,0.10861998361998362,0.9406028368794326,0.7718971631205673,0.2281028368794326
2640,YDR317W YOR303W,0.0,NA,2.0074374020712105e-12,1061,8706,2574,67,0.29295615731785946,0.10863110474045254,0.9406028368794326,0.7718085106382979,0.22819148936170214
2641,YDR506C YMR101C,0.0,NA,2.0091150965129145e-12,1061,8705,2575,67,0.293036750483559,0.10864222813843949,0.9406028368794326,0.7717198581560284,0.22828014184397163
2642,YGR118W YKL101W,0.0,NA,2.009628791502238e-12,1061,8704,2576,67,0.29311734364925857,0.10865335381464414,0.9406028368794326,0.7716312056737589,0.22836879432624113
2643,YMR137C YPR035W,0.0,NA,2.016474660859746e-12,1061,8703,2577,67,0.2931979368149581,0.1086644817697665,0.9406028368794326,0.7715425531914893,0.22845744680851063
2644,YHR143W YFL054C,0.0,NA,2.0259083039625425e-12,1061,8702,2578,67,0.2932785299806576,0.10867561200450682,0.9406028368794326,0.7714539007092198,0.22854609929078015
2645,YIL087C YEL036C,0.0,NA,2.028007536208909e-12,1061,8701,2579,67,0.2933591231463572,0.10868674451956566,0.9406028368794326,0.7713652482269504,0.22863475177304965
2646,YDL010W YIL017C,0.0,NA,2.031941238531121e-12,1061,8700,2580,67,0.29343971631205673,0.10869787931564388,0.9406028368794326,0.7712765957446809,0.22872340425531915
2647,YHR168W YJL210W,0.0,NA,2.0495465134079405e-12,1061,8699,2581,67,0.2935203094777563,0.10870901639344262,0.9406028368794326,0.7711879432624114,0.22881205673758864
2648,YIL088C YGR233C,0.0,NA,2.050594503227865e-12,1061,8698,2582,67,0.29360090264345584,0.10872015575366328,0.9406028368794326,0.7710992907801418,0.22890070921985817
2649,YNL327W YPL239W,0.0,NA,2.0541567578857833e-12,1061,8697,2583,67,0.29368149580915537,0.10873129739700758,0.9406028368794326,0.7710106382978723,0.22898936170212766
2650,YER177W YKL001C,0.0,NA,2.0652312325564193e-12,1061,8696,2584,67,0.29376208897485495,0.10874244132417751,0.9406028368794326,0.7709219858156028,0.22907801418439716
2651,YPL119C YGL035C,0.0,NA,2.0663345166871405e-12,1061,8695,2585,67,0.2938426821405545,0.10875358753587536,0.9406028368794326,0.7708333333333334,0.22916666666666666
2652,YDR536W YGR097W,0.0,NA,2.0732985640814494e-12,1061,8694,2586,67,0.293923275306254,0.10876473603280369,0.9406028368794326,0.7707446808510638,0.22925531914893618
2653,YAL044C YLR247C,0.0,NA,2.0742437715354223e-12,1061,8693,2587,67,0.2940038684719536,0.10877588681566537,0.9406028368794326,0.7706560283687943,0.22934397163120568
2654,YER177W YPR118W,0.0,NA,2.0758627022193776e-12,1061,8692,2588,67,0.2940844616376531,0.10878703988516354,0.9406028368794326,0.7705673758865248,0.22943262411347518
2655,YBR008C YGR082W,0.0,NA,2.0944036435710522e-12,1061,8691,2589,67,0.2941650548033527,0.10879819524200164,0.9406028368794326,0.7704787234042553,0.22952127659574467
2656,YNR009W YMR211W,0.0,NA,2.0967617832962082e-12,1061,8690,2590,67,0.2942456479690522,0.1088093528868834,0.9406028368794326,0.7703900709219859,0.2296099290780142
2657,YNL001W YBR111C,0.0,NA,2.104322141885384e-12,1061,8689,2591,67,0.29432624113475175,0.10882051282051282,0.9406028368794326,0.7703014184397163,0.2296985815602837
2658,YPR003C YLL042C,0.0,NA,2.106691557313134e-12,1061,8688,2592,67,0.29440683430045134,0.10883167504359421,0.9406028368794326,0.7702127659574468,0.2297872340425532
2659,YCR069W YMR200W,0.0,NA,2.1138156329481017e-12,1061,8687,2593,67,0.29448742746615086,0.10884283955683217,0.9406028368794326,0.7701241134751773,0.2298758865248227
2660,YDL054C YGL192W,0.0,NA,2.117762562536818e-12,1061,8686,2594,67,0.29456802063185045,0.10885400636093157,0.9406028368794326,0.7700354609929078,0.2299645390070922
2661,YKL072W YBR114W,0.0,NA,2.131475768454849e-12,1061,8685,2595,67,0.29464861379755,0.10886517545659757,0.9406028368794326,0.7699468085106383,0.2300531914893617
2662,YKR094C YMR163C,0.0,NA,2.135194798746909e-12,1061,8684,2596,67,0.2947292069632495,0.10887634684453566,0.9406028368794326,0.7698581560283688,0.2301418439716312
2663,YML063W YJR118C,0.0,NA,2.1406672007923122e-12,1061,8683,2597,67,0.2948098001289491,0.10888752052545156,0.9406028368794326,0.7697695035460993,0.2302304964539007
2664,YNL088W YLL039C,0.0,NA,2.1441570307451085e-12,1061,8682,2598,67,0.2948903932946486,0.10889869650005132,0.9406028368794326,0.7696808510638298,0.23031914893617023
2665,YLR208W YBR044C,0.0,NA,2.147291892906633e-12,1061,8681,2599,67,0.29497098646034814,0.10890987476904126,0.9406028368794326,0.7695921985815602,0.23040780141843972
2666,YJR120W YDL139C,0.0,NA,2.1541178129441674e-12,1061,8680,2600,67,0.2950515796260477,0.10892105533312801,0.9406028368794326,0.7695035460992907,0.23049645390070922
2667,YDR257C YOR209C,0.0,NA,2.1542574581839835e-12,1061,8679,2601,67,0.29513217279174725,0.10893223819301848,0.9406028368794326,0.7694148936170213,0.23058510638297872
2668,YML008C YLR430W,0.0,NA,2.1643479109628716e-12,1061,8678,2602,67,0.29521276595744683,0.10894342334941985,0.9406028368794326,0.7693262411347518,0.23067375886524824
2669,YKR094C YJR041C,0.0,NA,2.177220643356792e-12,1061,8677,2603,67,0.29529335912314636,0.10895461080303964,0.9406028368794326,0.7692375886524823,0.23076241134751774
2670,YMR142C YEL031W,0.0,NA,2.1917994762893356e-12,1061,8676,2604,67,0.2953739522888459,0.1089658005545856,0.9406028368794326,0.7691489361702127,0.23085106382978723
2671,YLR238W YLR261C,0.0,NA,2.1944598915801805e-12,1061,8675,2605,67,0.29545454545454547,0.10897699260476582,0.9406028368794326,0.7690602836879432,0.23093971631205673
2672,YOR116C YLR061W,0.0,NA,2.197048099006338e-12,1061,8674,2606,67,0.295535138620245,0.10898818695428865,0.9406028368794326,0.7689716312056738,0.23102836879432623
2673,YML094W YDR361C,0.0,NA,2.199236669511717e-12,1061,8673,2607,67,0.2956157317859445,0.10899938360386274,0.9406028368794326,0.7688829787234043,0.23111702127659575
2674,YGL085W YDR362C,0.0,NA,2.210912225866779e-12,1061,8672,2608,67,0.2956963249516441,0.10901058255419706,0.9406028368794326,0.7687943262411348,0.23120567375886525
2675,YNL122C YMR016C,0.0,NA,2.214229233993281e-12,1061,8671,2609,67,0.29577691811734363,0.10902178380600082,0.9406028368794326,0.7687056737588652,0.23129432624113475
2676,YDR506C YMR121C,0.0,NA,2.2184140375386407e-12,1061,8670,2610,67,0.2958575112830432,0.10903298735998355,0.9406028368794326,0.7686170212765957,0.23138297872340424
2677,YOR107W YAR027W,0.0,NA,2.2194214781973143e-12,1061,8669,2611,67,0.29593810444874274,0.10904419321685509,0.9406028368794326,0.7685283687943263,0.23147163120567377
2678,YNL299W YLR142W,0.0,NA,2.224193051958423e-12,1061,8668,2612,67,0.29601869761444227,0.10905540137732553,0.9406028368794326,0.7684397163120568,0.23156028368794326
2679,YHL018W YPL227C,0.0,NA,2.2754753810361183e-12,1061,8667,2613,67,0.29609929078014185,0.10906661184210527,0.9406028368794326,0.7683510638297872,0.23164893617021276
2680,YDR264C YPR194C,0.0,NA,2.2783632619427507e-12,1061,8666,2614,67,0.2961798839458414,0.109077824611905,0.9406028368794326,0.7682624113475177,0.23173758865248226
2681,YGR171C YMR177W,0.0,NA,2.2822340805389585e-12,1061,8665,2615,67,0.29626047711154097,0.10908903968743575,0.9406028368794326,0.7681737588652482,0.23182624113475178
2682,YDR185C YOR303W,0.0,NA,2.2833184995518785e-12,1061,8664,2616,67,0.2963410702772405,0.10910025706940873,0.9406028368794326,0.7680851063829788,0.23191489361702128
2683,YLR240W YDR234W,0.0,NA,2.2994321290797926e-12,1061,8663,2617,67,0.29642166344294,0.10911147675853558,0.9406028368794326,0.7679964539007093,0.23200354609929077
2684,YDL054C YLR273C,0.0,NA,2.329436556841591e-12,1061,8662,2618,67,0.2965022566086396,0.10912269875552813,0.9406028368794326,0.7679078014184397,0.23209219858156027
2685,YDR460W YMR221C,0.0,NA,2.3373766030315712e-12,1061,8661,2619,67,0.29658284977433913,0.10913392306109854,0.9406028368794326,0.7678191489361702,0.2321808510638298
2686,YOR065W YOR253W,0.0,NA,2.3375325113039747e-12,1061,8660,2620,67,0.29666344294003866,0.10914514967595926,0.9406028368794326,0.7677304964539007,0.2322695035460993
2687,YOR022C YER087C-A,0.0,NA,2.342620672099449e-12,1061,8659,2621,67,0.29674403610573824,0.10915637860082304,0.9406028368794326,0.7676418439716312,0.2323581560283688
2688,YHR094C YOR264W,0.0,NA,2.3492295348620518e-12,1061,8658,2622,67,0.29682462927143777,0.10916760983640292,0.9406028368794326,0.7675531914893617,0.2324468085106383
2689,YHR068W YOR253W,0.0,NA,2.3498659615373008e-12,1061,8657,2623,67,0.29690522243713735,0.10917884338341223,0.9406028368794326,0.7674645390070922,0.2325354609929078
2690,YEL071W YLR297W,0.0,NA,2.3517986603299734e-12,1061,8656,2624,67,0.2969858156028369,0.10919007924256457,0.9406028368794326,0.7673758865248227,0.2326241134751773
2691,YJR074W YOL119C,0.0,NA,2.354796913017765e-12,1061,8655,2625,67,0.2970664087685364,0.1092013174145739,0.9406028368794326,0.7672872340425532,0.2327127659574468
2692,YEL039C YDR359C,0.0,NA,2.3640763825716338e-12,1061,8654,2626,67,0.297147001934236,0.1092125579001544,0.9406028368794326,0.7671985815602836,0.2328014184397163
2693,YNL064C YHL037C,0.0,NA,2.3785042945617674e-12,1061,8653,2627,67,0.2972275950999355,0.10922380070002059,0.9406028368794326,0.7671099290780142,0.23289007092198583
2694,YKL017C YPR157W,0.0,NA,2.3884511989730184e-12,1061,8652,2628,67,0.2973081882656351,0.10923504581488726,0.9406028368794326,0.7670212765957447,0.23297872340425532
2695,YGL134W YMR242C,0.0,NA,2.392116886518192e-12,1061,8651,2629,67,0.2973887814313346,0.10924629324546953,0.9406028368794326,0.7669326241134752,0.23306737588652482
2696,YPL227C YPL121C,0.0,NA,2.398119680266375e-12,1061,8650,2630,67,0.29746937459703415,0.10925754299248275,0.9406028368794326,0.7668439716312057,0.23315602836879432
2697,YFL041W YGL070C,0.0,NA,2.4009891297360753e-12,1061,8649,2631,67,0.29754996776273374,0.10926879505664264,0.9406028368794326,0.7667553191489361,0.23324468085106384
2698,YDR354W YLR283W,0.0,NA,2.405935693727823e-12,1061,8648,2632,67,0.29763056092843326,0.10928004943866515,0.9406028368794326,0.7666666666666667,0.23333333333333334
2699,YMR032W YCR028C,0.0,NA,2.440646643120381e-12,1061,8647,2633,67,0.2977111540941328,0.10929130613926659,0.9406028368794326,0.7665780141843972,0.23342198581560283
2700,YDR334W YDR519W,0.0,NA,2.4427237576424288e-12,1061,8646,2634,67,0.2977917472598324,0.10930256515916349,0.9406028368794326,0.7664893617021277,0.23351063829787233
2701,YLL027W YBR038W,0.0,NA,2.4771148673941035e-12,1061,8645,2635,67,0.2978723404255319,0.10931382649907274,0.9406028368794326,0.7664007092198581,0.23359929078014185
2702,YER093C YPR129W,0.0,NA,2.478939362809962e-12,1061,8644,2636,67,0.2979529335912315,0.1093250901597115,0.9406028368794326,0.7663120567375886,0.23368794326241135
2703,YCR066W YOR303W,0.0,NA,2.485122134118778e-12,1061,8643,2637,67,0.298033526756931,0.1093363561417972,0.9406028368794326,0.7662234042553191,0.23377659574468085
2704,YPR160W YBR276C,0.0,NA,2.485904277566009e-12,1061,8642,2638,67,0.29811411992263054,0.10934762444604762,0.9406028368794326,0.7661347517730497,0.23386524822695035
2705,YBR155W YGR097W,0.0,NA,2.495733871302197e-12,1061,8641,2639,67,0.2981947130883301,0.10935889507318079,0.9406028368794326,0.7660460992907802,0.23395390070921987
2706,YDR533C YFR006W,1.0,NA,2.512972902685151e-12,1060,8641,2639,68,0.29811411992263054,0.10926708586743634,0.9397163120567376,0.7660460992907802,0.23395390070921987
2707,YMR065W YNL027W,0.0,NA,2.5151161535397204e-12,1060,8640,2640,68,0.2981947130883301,0.10927835051546392,0.9397163120567376,0.7659574468085106,0.23404255319148937
2708,YGR156W YPR137W,0.0,NA,2.5316005802106245e-12,1060,8639,2641,68,0.29827530625402965,0.1092896174863388,0.9397163120567376,0.7658687943262411,0.23413120567375886
2709,YOL139C YEL018W,0.0,NA,2.5382001188345438e-12,1060,8638,2642,68,0.29835589941972923,0.10930088678077954,0.9397163120567376,0.7657801418439716,0.23421985815602836
2710,YDR357C YBR085W,0.0,NA,2.538631197618324e-12,1060,8637,2643,68,0.29843649258542876,0.109312158399505,0.9397163120567376,0.7656914893617022,0.23430851063829788
2711,YOR265W YPL104W,0.0,NA,2.5398322767850035e-12,1060,8636,2644,68,0.2985170857511283,0.10932343234323433,0.9397163120567376,0.7656028368794326,0.23439716312056738
2712,YJL210W YML098W,0.0,NA,2.567928725563662e-12,1060,8635,2645,68,0.29859767891682787,0.10933470861268695,0.9397163120567376,0.7655141843971631,0.23448581560283688
2713,YER082C YKR076W,0.0,NA,2.5747212521742835e-12,1060,8634,2646,68,0.2986782720825274,0.10934598720858263,0.9397163120567376,0.7654255319148936,0.23457446808510637
2714,YPL215W YLR081W,0.0,NA,2.584620885370814e-12,1060,8633,2647,68,0.2987588652482269,0.10935726813164139,0.9397163120567376,0.7653368794326241,0.2346631205673759
2715,YOR374W YGR233C,0.0,NA,2.58552814574875e-12,1060,8632,2648,68,0.2988394584139265,0.10936855138258357,0.9397163120567376,0.7652482269503547,0.2347517730496454
2716,YGR165W YHR127W,0.0,NA,2.596004140820174e-12,1060,8631,2649,68,0.29892005157962603,0.10937983696212981,0.9397163120567376,0.7651595744680851,0.2348404255319149
2717,YGR059W YPL042C,0.0,NA,2.6067858809042388e-12,1060,8630,2650,68,0.2990006447453256,0.10939112487100103,0.9397163120567376,0.7650709219858156,0.2349290780141844
2718,YGR046W YNL309W,0.0,NA,2.633146088323879e-12,1060,8629,2651,68,0.29908123791102514,0.10940241510991847,0.9397163120567376,0.7649822695035461,0.2350177304964539
2719,YMR251W-A YER166W,0.0,NA,2.6421208970672794e-12,1060,8628,2652,68,0.29916183107672467,0.10941370767960364,0.9397163120567376,0.7648936170212766,0.2351063829787234
2720,YKR104W YLR430W,0.0,NA,2.6531199112667103e-12,1060,8627,2653,68,0.29924242424242425,0.10942500258077836,0.9397163120567376,0.764804964539007,0.2351950354609929
2721,YFL041W YNL178W,0.0,NA,2.660173296920032e-12,1060,8626,2654,68,0.2993230174081238,0.10943629981416478,0.9397163120567376,0.7647163120567376,0.2352836879432624
2722,YJL062W YHL006C,0.0,NA,2.6646421614345828e-12,1060,8625,2655,68,0.29940361057382336,0.10944759938048529,0.9397163120567376,0.7646276595744681,0.23537234042553193
2723,YKR095W YNL204C,0.0,NA,2.6680240048509996e-12,1060,8624,2656,68,0.2994842037395229,0.10945890128046262,0.9397163120567376,0.7645390070921986,0.23546099290780143
2724,YML082W YNL016W,0.0,NA,2.679166350577633e-12,1060,8623,2657,68,0.2995647969052224,0.10947020551481979,0.9397163120567376,0.764450354609929,0.23554964539007092
2725,YKR078W YDL015C,0.0,NA,2.686591400735683e-12,1060,8622,2658,68,0.299645390070922,0.10948151208428011,0.9397163120567376,0.7643617021276595,0.23563829787234042
2726,YDL139C YAL047C,0.0,NA,2.686699170431628e-12,1060,8621,2659,68,0.29972598323662153,0.1094928209895672,0.9397163120567376,0.7642730496453901,0.23572695035460992
2727,YHL012W YML073C,0.0,NA,2.703436216208721e-12,1060,8620,2660,68,0.29980657640232106,0.10950413223140495,0.9397163120567376,0.7641843971631206,0.23581560283687944
2728,YNR050C YDL217C,0.0,NA,2.7082463875671703e-12,1060,8619,2661,68,0.29988716956802064,0.10951544581051761,0.9397163120567376,0.7640957446808511,0.23590425531914894
2729,YLR224W YBL098W,0.0,NA,2.7173528184543105e-12,1060,8618,2662,68,0.29996776273372017,0.10952676172762968,0.9397163120567376,0.7640070921985815,0.23599290780141843
2730,YEL072W YDR049W,0.0,NA,2.7308255483304844e-12,1060,8617,2663,68,0.30004835589941975,0.10953807998346594,0.9397163120567376,0.763918439716312,0.23608156028368793
2731,YMR095C YDR542W,0.0,NA,2.7654673256244378e-12,1060,8616,2664,68,0.3001289490651193,0.10954940057875155,0.9397163120567376,0.7638297872340426,0.23617021276595745
2732,YDR385W YKL133C,0.0,NA,2.770731127171855e-12,1060,8615,2665,68,0.3002095422308188,0.10956072351421188,0.9397163120567376,0.7637411347517731,0.23625886524822695
2733,YDL188C YBR168W,0.0,NA,2.774343038289273e-12,1060,8614,2666,68,0.3002901353965184,0.10957204879057267,0.9397163120567376,0.7636524822695036,0.23634751773049645
2734,YNR073C YPR144C,0.0,NA,2.782504044882006e-12,1060,8613,2667,68,0.3003707285622179,0.1095833764085599,0.9397163120567376,0.763563829787234,0.23643617021276594
2735,YDL244W YPL098C,0.0,NA,2.7827271736891035e-12,1060,8612,2668,68,0.3004513217279175,0.10959470636889991,0.9397163120567376,0.7634751773049645,0.23652482269503547
2736,YHR197W YGL070C,0.0,NA,2.7888054279084917e-12,1060,8611,2669,68,0.300531914893617,0.1096060386723193,0.9397163120567376,0.7633865248226951,0.23661347517730497
2737,YJL151C YPL016W,0.0,NA,2.794764203048472e-12,1060,8610,2670,68,0.30061250805931655,0.10961737331954498,0.9397163120567376,0.7632978723404256,0.23670212765957446
2738,YLR337C YBL098W,0.0,NA,2.7974361108823453e-12,1060,8609,2671,68,0.30069310122501614,0.10962871031130417,0.9397163120567376,0.763209219858156,0.23679078014184396
2739,YNL019C YPL200W,0.0,NA,2.821313278486559e-12,1060,8608,2672,68,0.30077369439071566,0.10964004964832437,0.9397163120567376,0.7631205673758865,0.23687943262411348
2740,YGR281W YGR120C,0.0,NA,2.8257561221489702e-12,1060,8607,2673,68,0.3008542875564152,0.1096513913313334,0.9397163120567376,0.763031914893617,0.23696808510638298
2741,YER035W YDL063C,0.0,NA,2.829240097410035e-12,1060,8606,2674,68,0.3009348807221148,0.10966273536105939,0.9397163120567376,0.7629432624113475,0.23705673758865248
2742,YMR056C YMR325W,0.0,NA,2.838239409122534e-12,1060,8605,2675,68,0.3010154738878143,0.10967408173823073,0.9397163120567376,0.762854609929078,0.23714539007092197
2743,YDR067C YHR127W,0.0,NA,2.839018950484551e-12,1060,8604,2676,68,0.3010960670535139,0.10968543046357616,0.9397163120567376,0.7627659574468085,0.2372340425531915
2744,YLR375W YLL042C,0.0,NA,2.841706037148839e-12,1060,8603,2677,68,0.3011766602192134,0.1096967815378247,0.9397163120567376,0.762677304964539,0.237322695035461
2745,YOR192C YBR213W,0.0,NA,2.8451772188242686e-12,1060,8602,2678,68,0.30125725338491294,0.10970813496170564,0.9397163120567376,0.7625886524822695,0.2374113475177305
2746,YIL087C YHR073W,0.0,NA,2.849918651764982e-12,1060,8601,2679,68,0.3013378465506125,0.10971949073594867,0.9397163120567376,0.7625,0.2375
2747,YBR211C YNL062C,0.0,NA,2.851837906450716e-12,1060,8600,2680,68,0.30141843971631205,0.10973084886128365,0.9397163120567376,0.7624113475177305,0.2375886524822695
2748,YLR100W YHR021C,0.0,NA,2.8563781114682163e-12,1060,8599,2681,68,0.30149903288201163,0.10974220933844084,0.9397163120567376,0.762322695035461,0.237677304964539
2749,YNL119W YNL309W,0.0,NA,2.8640703090415665e-12,1060,8598,2682,68,0.30157962604771116,0.10975357216815075,0.9397163120567376,0.7622340425531915,0.2377659574468085
2750,YDR137W YMR086W,0.0,NA,2.8821543675977557e-12,1060,8597,2683,68,0.3016602192134107,0.10976493735114425,0.9397163120567376,0.762145390070922,0.237854609929078
2751,YPL175W YFL054C,0.0,NA,2.888560267713669e-12,1060,8596,2684,68,0.30174081237911027,0.10977630488815245,0.9397163120567376,0.7620567375886524,0.23794326241134753
2752,YLR348C YFL029C,0.0,NA,2.892138134882871e-12,1060,8595,2685,68,0.3018214055448098,0.10978767477990678,0.9397163120567376,0.761968085106383,0.23803191489361702
2753,YML082W YLR435W,0.0,NA,2.9001755424279407e-12,1060,8594,2686,68,0.3019019987105093,0.10979904702713901,0.9397163120567376,0.7618794326241135,0.23812056737588652
2754,YGR118W YDL155W,0.0,NA,2.904753694521478e-12,1060,8593,2687,68,0.3019825918762089,0.10981042163058116,0.9397163120567376,0.761790780141844,0.23820921985815602
2755,YMR031C YDR454C,0.0,NA,2.913704217136215e-12,1060,8592,2688,68,0.30206318504190843,0.10982179859096561,0.9397163120567376,0.7617021276595745,0.23829787234042554
2756,YDL137W YJR140C,0.0,NA,2.9246728736748162e-12,1060,8591,2689,68,0.302143778207608,0.10983317790902497,0.9397163120567376,0.7616134751773049,0.23838652482269504
2757,YGR048W YPL190C,0.0,NA,2.9375033221840097e-12,1060,8590,2690,68,0.30222437137330754,0.10984455958549223,0.9397163120567376,0.7615248226950354,0.23847517730496454
2758,YNL119W YBR038W,0.0,NA,2.9419216628773226e-12,1060,8589,2691,68,0.30230496453900707,0.10985594362110063,0.9397163120567376,0.761436170212766,0.23856382978723403
2759,YGL012W YNL084C,0.0,NA,2.943061159360605e-12,1060,8588,2692,68,0.30238555770470665,0.10986733001658375,0.9397163120567376,0.7613475177304965,0.23865248226950356
2760,YML124C YKL185W,0.0,NA,2.9663699881860017e-12,1060,8587,2693,68,0.3024661508704062,0.10987871877267544,0.9397163120567376,0.761258865248227,0.23874113475177305
2761,YJL074C YLR167W,0.0,NA,2.968028166988601e-12,1060,8586,2694,68,0.30254674403610576,0.10989010989010989,0.9397163120567376,0.7611702127659574,0.23882978723404255
2762,YDL104C YDR331W,1.0,NA,2.9928303758863795e-12,1059,8586,2694,69,0.3024661508704062,0.10979782270606532,0.9388297872340425,0.7611702127659574,0.23882978723404255
2763,YNL309W YNL061W,0.0,NA,3.0234746997703787e-12,1059,8585,2695,69,0.30254674403610576,0.10980920779759436,0.9388297872340425,0.7610815602836879,0.23891843971631205
2764,YAL027W YHL013C,0.0,NA,3.0252688375254078e-12,1059,8584,2696,69,0.3026273372018053,0.10982059525044073,0.9388297872340425,0.7609929078014185,0.23900709219858157
2765,YPL053C YPR137W,0.0,NA,3.027531567459385e-12,1059,8583,2697,69,0.3027079303675048,0.10983198506533914,0.9388297872340425,0.760904255319149,0.23909574468085107
2766,YKL221W YML128C,0.0,NA,3.0317155036430066e-12,1059,8582,2698,69,0.3027885235332044,0.10984337724302458,0.9388297872340425,0.7608156028368794,0.23918439716312057
2767,YPL007C YKR024C,0.0,NA,3.0389347722287186e-12,1059,8581,2699,69,0.30286911669890393,0.10985477178423236,0.9388297872340425,0.7607269503546099,0.23927304964539006
2768,YKL019W YBR187W,0.0,NA,3.051788856345272e-12,1059,8580,2700,69,0.30294970986460346,0.1098661686896981,0.9388297872340425,0.7606382978723404,0.2393617021276596
2769,YER144C YBR074W,1.0,NA,3.0555516884051004e-12,1058,8580,2700,70,0.30286911669890393,0.10977381199418966,0.9379432624113475,0.7606382978723404,0.2393617021276596
2770,YOL125W YCL066W,0.0,NA,3.0629036633367246e-12,1058,8579,2701,70,0.30294970986460346,0.10978520286396182,0.9379432624113475,0.760549645390071,0.23945035460992908
2771,YML076C YPL271W,0.0,NA,3.0692195746723216e-12,1058,8578,2702,70,0.30303030303030304,0.10979659609796596,0.9379432624113475,0.7604609929078014,0.23953900709219858
2772,YCL056C YNL118C,0.0,NA,3.073619267088268e-12,1058,8577,2703,70,0.30311089619600257,0.10980799169693825,0.9379432624113475,0.7603723404255319,0.23962765957446808
2773,YHR211W YBR181C,0.0,NA,3.0762233038661435e-12,1058,8576,2704,70,0.30319148936170215,0.10981938966161511,0.9379432624113475,0.7602836879432624,0.2397163120567376
2774,YKR056W YMR238W,0.0,NA,3.087067710835778e-12,1058,8575,2705,70,0.3032720825274017,0.10983078999273331,0.9379432624113475,0.7601950354609929,0.2398049645390071
2775,YLR291C YNL215W,0.0,NA,3.1001789677076452e-12,1058,8574,2706,70,0.3033526756931012,0.1098421926910299,0.9379432624113475,0.7601063829787233,0.2398936170212766
2776,YNL051W YOR303W,0.0,NA,3.1301367747760267e-12,1058,8573,2707,70,0.3034332688588008,0.10985359775724224,0.9379432624113475,0.7600177304964539,0.2399822695035461
2777,YBL020W YKL051W,0.0,NA,3.13048892364165e-12,1058,8572,2708,70,0.3035138620245003,0.109865005192108,0.9379432624113475,0.7599290780141844,0.24007092198581562
2778,YDL238C YNL107W,0.0,NA,3.1486512615946927e-12,1058,8571,2709,70,0.3035944551901999,0.10987641499636515,0.9379432624113475,0.7598404255319149,0.2401595744680851
2779,YDR415C YJL172W,1.0,NA,3.151463248349251e-12,1057,8571,2709,71,0.3035138620245003,0.10978396343996677,0.9370567375886525,0.7598404255319149,0.2401595744680851
2780,YMR300C YJL019W,0.0,NA,3.1540427821580286e-12,1057,8570,2710,71,0.3035944551901999,0.10979536719642671,0.9370567375886525,0.7597517730496454,0.2402482269503546
2781,YHR068W YBR214W,0.0,NA,3.162192729888602e-12,1057,8569,2711,71,0.3036750483558994,0.10980677332225224,0.9370567375886525,0.7596631205673758,0.2403368794326241
2782,YER093C YOR196C,0.0,NA,3.1651979214702974e-12,1057,8568,2712,71,0.30375564152159895,0.10981818181818181,0.9370567375886525,0.7595744680851064,0.2404255319148936
2783,YDR516C YLR114C,0.0,NA,3.174762969876399e-12,1057,8567,2713,71,0.30383623468729853,0.10982959268495428,0.9370567375886525,0.7594858156028369,0.24051418439716313
2784,YOR040W YER100W,0.0,NA,3.1986073945750038e-12,1057,8566,2714,71,0.30391682785299806,0.10984100592330874,0.9370567375886525,0.7593971631205674,0.24060283687943262
2785,YKL069W YFL054C,0.0,NA,3.2054478429216493e-12,1057,8565,2715,71,0.3039974210186976,0.10985242153398461,0.9370567375886525,0.7593085106382979,0.24069148936170212
2786,YBL107C YPL231W,0.0,NA,3.219166036169674e-12,1057,8564,2716,71,0.30407801418439717,0.10986383951772165,0.9370567375886525,0.7592198581560283,0.24078014184397162
2787,YNL001W YHR105W,0.0,NA,3.2232580320090687e-12,1057,8563,2717,71,0.3041586073500967,0.10987525987525988,0.9370567375886525,0.7591312056737589,0.24086879432624114
2788,YFR016C YMR310C,0.0,NA,3.223454489442723e-12,1057,8562,2718,71,0.3042392005157963,0.10988668260733964,0.9370567375886525,0.7590425531914894,0.24095744680851064
2789,YHR110W YMR086W,0.0,NA,3.2400111239783147e-12,1057,8561,2719,71,0.3043197936814958,0.1098981077147016,0.9370567375886525,0.7589539007092199,0.24104609929078014
2790,YDL147W YNR076W,0.0,NA,3.2836604529212776e-12,1057,8560,2720,71,0.30440038684719534,0.10990953519808672,0.9370567375886525,0.7588652482269503,0.24113475177304963
2791,YMR159C YGL012W,0.0,NA,3.2870943380419737e-12,1057,8559,2721,71,0.3044809800128949,0.10992096505823627,0.9370567375886525,0.7587765957446808,0.24122340425531916
2792,YEL039C YDR097C,0.0,NA,3.326291932864711e-12,1057,8558,2722,71,0.30456157317859445,0.10993239729589184,0.9370567375886525,0.7586879432624114,0.24131205673758865
2793,YJL143W YER124C,0.0,NA,3.3337547132583634e-12,1057,8557,2723,71,0.30464216634429403,0.1099438319117953,0.9370567375886525,0.7585992907801419,0.24140070921985815
2794,YDR283C YMR060C,0.0,NA,3.3438167599403323e-12,1057,8556,2724,71,0.30472275950999356,0.10995526890668886,0.9370567375886525,0.7585106382978724,0.24148936170212765
2795,YPL120W YDR498C,0.0,NA,3.372029435191881e-12,1057,8555,2725,71,0.3048033526756931,0.10996670828131502,0.9370567375886525,0.7584219858156028,0.24157801418439717
2796,YMR015C YLL039C,0.0,NA,3.375446189918252e-12,1057,8554,2726,71,0.30488394584139267,0.1099781500364166,0.9370567375886525,0.7583333333333333,0.24166666666666667
2797,YPL203W YAL047C,0.0,NA,3.3779580695114664e-12,1057,8553,2727,71,0.3049645390070922,0.10998959417273674,0.9370567375886525,0.7582446808510638,0.24175531914893617
2798,YHR064C YDR384C,0.0,NA,3.380826434778994e-12,1057,8552,2728,71,0.3050451321727917,0.11000104069101883,0.9370567375886525,0.7581560283687944,0.24184397163120566
2799,YJL063C YOR120W,0.0,NA,3.3861763219789065e-12,1057,8551,2729,71,0.3051257253384913,0.11001248959200666,0.9370567375886525,0.7580673758865248,0.2419326241134752
2800,YNL239W YDR331W,1.0,NA,3.404029662312791e-12,1056,8551,2729,72,0.3050451321727917,0.10991985010929531,0.9361702127659575,0.7580673758865248,0.2419326241134752
2801,YDR316W YOR228C,0.0,NA,3.4123762843174532e-12,1056,8550,2730,72,0.3051257253384913,0.1099312929419113,0.9361702127659575,0.7579787234042553,0.24202127659574468
2802,YFL001W YDL052C,0.0,NA,3.41479232043862e-12,1056,8549,2731,72,0.30520631850419083,0.10994273815720979,0.9361702127659575,0.7578900709219858,0.24210992907801418
2803,YOR030W YKL126W,0.0,NA,3.42252550085409e-12,1056,8548,2732,72,0.3052869116698904,0.10995418575593503,0.9361702127659575,0.7578014184397163,0.24219858156028368
2804,YIL115C YAR027W,0.0,NA,3.455163238852421e-12,1056,8547,2733,72,0.30536750483558994,0.10996563573883161,0.9361702127659575,0.7577127659574469,0.2422872340425532
2805,YOL055C YKL009W,0.0,NA,3.458829143238029e-12,1056,8546,2734,72,0.30544809800128947,0.10997708810664444,0.9361702127659575,0.7576241134751773,0.2423758865248227
2806,YBR175W YDR272W,0.0,NA,3.4657632666523774e-12,1056,8545,2735,72,0.30552869116698905,0.10998854286011873,0.9361702127659575,0.7575354609929078,0.2424645390070922
2807,YMR325W YIL115C,0.0,NA,3.467264019299532e-12,1056,8544,2736,72,0.3056092843326886,0.11,0.9361702127659575,0.7574468085106383,0.2425531914893617
2808,YDR533C YDR415C,1.0,NA,3.4812330969302696e-12,1055,8544,2736,73,0.30552869116698905,0.10990728200854255,0.9352836879432624,0.7574468085106383,0.2425531914893617
2809,YJR072C YKL220C,0.0,NA,3.481279500783252e-12,1055,8543,2737,73,0.3056092843326886,0.10991873306938946,0.9352836879432624,0.7573581560283688,0.24264184397163122
2810,YDL052C YBR173C,0.0,NA,3.489509462634155e-12,1055,8542,2738,73,0.30568987749838816,0.10993018651661977,0.9352836879432624,0.7572695035460993,0.2427304964539007
2811,YGL062W YDR400W,0.0,NA,3.490002340941767e-12,1055,8541,2739,73,0.3057704706640877,0.10994164235097957,0.9352836879432624,0.7571808510638298,0.2428191489361702
2812,YNL084C YCR041W,0.0,NA,3.497745496017224e-12,1055,8540,2740,73,0.3058510638297872,0.10995310057321521,0.9352836879432624,0.7570921985815603,0.2429078014184397
2813,YLR430W YPR184W,0.0,NA,3.497838954244492e-12,1055,8539,2741,73,0.3059316569954868,0.10996456118407338,0.9352836879432624,0.7570035460992908,0.24299645390070923
2814,YDR007W YBR268W,0.0,NA,3.498226231260504e-12,1055,8538,2742,73,0.3060122501611863,0.10997602418430105,0.9352836879432624,0.7569148936170212,0.24308510638297873
2815,YKL028W YIL067C,0.0,NA,3.5008760213700585e-12,1055,8537,2743,73,0.30609284332688586,0.10998748957464553,0.9352836879432624,0.7568262411347517,0.24317375886524822
2816,YFR022W YLR364W,0.0,NA,3.511341824941061e-12,1055,8536,2744,73,0.30617343649258544,0.10999895735585445,0.9352836879432624,0.7567375886524823,0.24326241134751772
2817,YLR240W YBR302C,0.0,NA,3.5298686716644934e-12,1055,8535,2745,73,0.30625402965828497,0.11001042752867571,0.9352836879432624,0.7566489361702128,0.24335106382978725
2818,YHL024W YPL199C,0.0,NA,3.5376328602620966e-12,1055,8534,2746,73,0.30633462282398455,0.11002190009385754,0.9352836879432624,0.7565602836879433,0.24343971631205674
2819,YNL201C YBL080C,0.0,NA,3.5472612260750713e-12,1055,8533,2747,73,0.3064152159896841,0.11003337505214852,0.9352836879432624,0.7564716312056737,0.24352836879432624
2820,YGR084C YGR097W,0.0,NA,3.5488651947690464e-12,1055,8532,2748,73,0.3064958091553836,0.11004485240429748,0.9352836879432624,0.7563829787234042,0.24361702127659574
2821,YMR217W YER105C,0.0,NA,3.5753964892915047e-12,1055,8531,2749,73,0.3065764023210832,0.11005633215105362,0.9352836879432624,0.7562943262411348,0.24370567375886526
2822,YKL017C YHR124W,0.0,NA,3.592534039351114e-12,1055,8530,2750,73,0.3066569954867827,0.11006781429316641,0.9352836879432624,0.7562056737588653,0.24379432624113476
2823,YBR085W YIL017C,0.0,NA,3.5997155777012235e-12,1055,8529,2751,73,0.3067375886524823,0.11007929883138565,0.9352836879432624,0.7561170212765957,0.24388297872340425
2824,YOL055C YOR348C,0.0,NA,3.6026756664725434e-12,1055,8528,2752,73,0.3068181818181818,0.11009078576646145,0.9352836879432624,0.7560283687943262,0.24397163120567375
2825,YML023C YER161C,0.0,NA,3.6145210088878166e-12,1055,8527,2753,73,0.30689877498388135,0.11010227509914423,0.9352836879432624,0.7559397163120567,0.24406028368794327
2826,YKL146W YKL184W,0.0,NA,3.6326427976796083e-12,1055,8526,2754,73,0.30697936814958093,0.11011376683018474,0.9352836879432624,0.7558510638297873,0.24414893617021277
2827,YML057W YOL052C,0.0,NA,3.647423942737538e-12,1055,8525,2755,73,0.30705996131528046,0.11012526096033402,0.9352836879432624,0.7557624113475178,0.24423758865248227
2828,YOR047C YML132W,0.0,NA,3.659514531684227e-12,1055,8524,2756,73,0.30714055448098,0.11013675749034346,0.9352836879432624,0.7556737588652482,0.24432624113475176
2829,YBR248C YHR021C,0.0,NA,3.661175963093344e-12,1055,8523,2757,73,0.30722114764667957,0.11014825642096471,0.9352836879432624,0.7555851063829787,0.2444148936170213
2830,YDR060W YML057W,0.0,NA,3.66649419158982e-12,1055,8522,2758,73,0.3073017408123791,0.11015975775294977,0.9352836879432624,0.7554964539007092,0.24450354609929079
2831,YMR238W YBR105C,0.0,NA,3.676241602801333e-12,1055,8521,2759,73,0.3073823339780787,0.11017126148705096,0.9352836879432624,0.7554078014184397,0.24459219858156028
2832,YER151C YER143W,1.0,NA,3.693263576909356e-12,1054,8521,2759,74,0.3073017408123791,0.11007832898172323,0.9343971631205674,0.7554078014184397,0.24459219858156028
2833,YMR159C YLR113W,0.0,NA,3.716874030779138e-12,1054,8520,2760,74,0.3073823339780787,0.11008982661374556,0.9343971631205674,0.7553191489361702,0.24468085106382978
2834,YDR044W YOR101W,0.0,NA,3.7274662523234525e-12,1054,8519,2761,74,0.3074629271437782,0.11010132664786379,0.9343971631205674,0.7552304964539007,0.2447695035460993
2835,YNL014W YNL225C,0.0,NA,3.748119870028432e-12,1054,8518,2762,74,0.30754352030947774,0.11011282908483076,0.9343971631205674,0.7551418439716312,0.2448581560283688
2836,YDR067C YHR030C,0.0,NA,3.748462911595807e-12,1054,8517,2763,74,0.3076241134751773,0.11012433392539965,0.9343971631205674,0.7550531914893617,0.2449468085106383
2837,YER151C YDR415C,1.0,NA,3.7501364860692554e-12,1053,8517,2763,75,0.30754352030947774,0.11003134796238244,0.9335106382978723,0.7550531914893617,0.2449468085106383
2838,YHR211W YBR293W,0.0,NA,3.750715883710232e-12,1053,8516,2764,75,0.3076241134751773,0.11004284669244435,0.9335106382978723,0.7549645390070922,0.2450354609929078
2839,YDR099W YDR312W,0.0,NA,3.759726471125324e-12,1053,8515,2765,75,0.30770470664087685,0.11005434782608696,0.9335106382978723,0.7548758865248227,0.24512411347517732
2840,YLR203C YOR315W,0.0,NA,3.773044810612136e-12,1053,8514,2766,75,0.30778529980657643,0.11006585136406397,0.9335106382978723,0.7547872340425532,0.24521276595744682
2841,YKL185W YER122C,0.0,NA,3.78495238623211e-12,1053,8513,2767,75,0.30786589297227596,0.11007735730712942,0.9335106382978723,0.7546985815602837,0.2453014184397163
2842,YCR069W YKL185W,0.0,NA,3.7902259455990794e-12,1053,8512,2768,75,0.3079464861379755,0.11008886565603763,0.9335106382978723,0.7546099290780142,0.2453900709219858
2843,YGL205W YBR214W,0.0,NA,3.7994911036842716e-12,1053,8511,2769,75,0.30802707930367507,0.11010037641154329,0.9335106382978723,0.7545212765957446,0.2454787234042553
2844,YER020W YER124C,0.0,NA,3.825465551970941e-12,1053,8510,2770,75,0.3081076724693746,0.11011188957440134,0.9335106382978723,0.7544326241134752,0.24556737588652483
2845,YPR041W YBL107C,0.0,NA,3.835225973608525e-12,1053,8509,2771,75,0.3081882656350741,0.11012340514536707,0.9335106382978723,0.7543439716312057,0.24565602836879433
2846,YGL068W YEL018W,0.0,NA,3.8465810398014e-12,1053,8508,2772,75,0.3082688588007737,0.11013492312519611,0.9335106382978723,0.7542553191489362,0.24574468085106382
2847,YLR088W YNL191W,1.0,NA,3.864981685391955e-12,1052,8508,2772,76,0.3081882656350741,0.1100418410041841,0.9326241134751773,0.7542553191489362,0.24574468085106382
2848,YNR050C YFL033C,0.0,NA,3.866559850074225e-12,1052,8507,2773,76,0.3082688588007737,0.11005335286117794,0.9326241134751773,0.7541666666666667,0.24583333333333332
2849,YHR011W YPR185W,0.0,NA,3.869008845941435e-12,1052,8506,2774,76,0.30834945196647323,0.11006486712701402,0.9326241134751773,0.7540780141843971,0.24592198581560284
2850,YKL071W YOR022C,0.0,NA,3.881500156011075e-12,1052,8505,2775,76,0.3084300451321728,0.11007638380244847,0.9326241134751773,0.7539893617021277,0.24601063829787234
2851,YBR211C YOR040W,0.0,NA,3.883381029939903e-12,1052,8504,2776,76,0.30851063829787234,0.11008790288823776,0.9326241134751773,0.7539007092198582,0.24609929078014184
2852,YNR075W YER101C,0.0,NA,3.923031604430305e-12,1052,8503,2777,76,0.30859123146357187,0.11009942438513867,0.9326241134751773,0.7538120567375887,0.24618794326241134
2853,YGR262C YFR036W,0.0,NA,3.9516367608682934e-12,1052,8502,2778,76,0.30867182462927145,0.11011094829390831,0.9326241134751773,0.7537234042553191,0.24627659574468086
2854,YFL056C YDR447C,0.0,NA,3.9617493313715e-12,1052,8501,2779,76,0.308752417794971,0.1101224746153041,0.9326241134751773,0.7536347517730496,0.24636524822695036
2855,YDR060W YNL053W,0.0,NA,3.983366587967385e-12,1052,8500,2780,76,0.30883301096067056,0.11013400335008375,0.9326241134751773,0.7535460992907801,0.24645390070921985
2856,YOR002W YCR095C,0.0,NA,3.997737037242377e-12,1052,8499,2781,76,0.3089136041263701,0.11014553449900534,0.9326241134751773,0.7534574468085107,0.24654255319148935
2857,YJL173C YER070W,0.0,NA,3.999414948524516e-12,1052,8498,2782,76,0.3089941972920696,0.11015706806282723,0.9326241134751773,0.7533687943262412,0.24663120567375887
2858,YKL073W YIL067C,0.0,NA,4.000986607993751e-12,1052,8497,2783,76,0.3090747904577692,0.11016860404230809,0.9326241134751773,0.7532801418439716,0.24671985815602837
2859,YDR357C YLR114C,0.0,NA,4.020631917678319e-12,1052,8496,2784,76,0.3091553836234687,0.11018014243820695,0.9326241134751773,0.7531914893617021,0.24680851063829787
2860,YDR385W YML128C,0.0,NA,4.0236620459099814e-12,1052,8495,2785,76,0.30923597678916825,0.11019168325128313,0.9326241134751773,0.7531028368794326,0.24689716312056736
2861,YPL218W YOR047C,0.0,NA,4.026019101432965e-12,1052,8494,2786,76,0.30931656995486784,0.11020322648229625,0.9326241134751773,0.7530141843971632,0.2469858156028369
2862,YKL011C YPR194C,0.0,NA,4.029983378256441e-12,1052,8493,2787,76,0.30939716312056736,0.11021477213200628,0.9326241134751773,0.7529255319148936,0.24707446808510639
2863,YBL067C YFR018C,1.0,NA,4.048596961153672e-12,1051,8493,2787,77,0.30931656995486784,0.11012154233025985,0.9317375886524822,0.7529255319148936,0.24707446808510639
2864,YKL133C YML091C,0.0,NA,4.060939952366116e-12,1051,8492,2788,77,0.30939716312056736,0.11013308184009221,0.9317375886524822,0.7528368794326241,0.24716312056737588
2865,YDR212W YGL247W,0.0,NA,4.070951908907716e-12,1051,8491,2789,77,0.30947775628626695,0.11014462376860197,0.9317375886524822,0.7527482269503546,0.24725177304964538
2866,YGR084C YDR313C,0.0,NA,4.074750519639236e-12,1051,8490,2790,77,0.3095583494519665,0.11015616811654963,0.9317375886524822,0.7526595744680851,0.2473404255319149
2867,YML048W YNL039W,0.0,NA,4.0769119850903035e-12,1051,8489,2791,77,0.309638942617666,0.11016771488469601,0.9317375886524822,0.7525709219858157,0.2474290780141844
2868,YGR106C YHR083W,0.0,NA,4.077751591252676e-12,1051,8488,2792,77,0.3097195357833656,0.11017926407380228,0.9317375886524822,0.7524822695035461,0.2475177304964539
2869,YKL073W YCL050C,0.0,NA,4.083690417072683e-12,1051,8487,2793,77,0.3098001289490651,0.1101908156846299,0.9317375886524822,0.7523936170212766,0.2476063829787234
2870,YDR354W YLL008W,0.0,NA,4.088444426758597e-12,1051,8486,2794,77,0.3098807221147647,0.11020236971794065,0.9317375886524822,0.7523049645390071,0.24769503546099292
2871,YOR067C YIL022W,0.0,NA,4.089871670498457e-12,1051,8485,2795,77,0.3099613152804642,0.11021392617449664,0.9317375886524822,0.7522163120567376,0.24778368794326242
2872,YDR234W YPR021C,0.0,NA,4.12323083662236e-12,1051,8484,2796,77,0.31004190844616375,0.1102254850550603,0.9317375886524822,0.752127659574468,0.2478723404255319
2873,YDR096W YOR299W,0.0,NA,4.13776608462757e-12,1051,8483,2797,77,0.31012250161186333,0.11023704636039437,0.9317375886524822,0.7520390070921986,0.2479609929078014
2874,YNL304W YML008C,0.0,NA,4.171778374140178e-12,1051,8482,2798,77,0.31020309477756286,0.11024861009126193,0.9317375886524822,0.7519503546099291,0.24804964539007093
2875,YGL248W YDL025C,0.0,NA,4.2119949021646175e-12,1051,8481,2799,77,0.3102836879432624,0.11026017624842635,0.9317375886524822,0.7518617021276596,0.24813829787234043
2876,YMR265C YEL036C,0.0,NA,4.222499953854264e-12,1051,8480,2800,77,0.31036428110896197,0.11027174483265134,0.9317375886524822,0.75177304964539,0.24822695035460993
2877,YGR081C YHR167W,0.0,NA,4.236343047192559e-12,1051,8479,2801,77,0.3104448742746615,0.11028331584470094,0.9317375886524822,0.7516843971631205,0.24831560283687942
2878,YMR262W YDR316W,0.0,NA,4.2446736230050686e-12,1051,8478,2802,77,0.3105254674403611,0.1102948892853395,0.9317375886524822,0.7515957446808511,0.24840425531914895
2879,YHR143W YPL016W,0.0,NA,4.2657756667285884e-12,1051,8477,2803,77,0.3106060606060606,0.11030646515533166,0.9317375886524822,0.7515070921985816,0.24849290780141844
2880,YJR090C YOR303W,0.0,NA,4.26687461405062e-12,1051,8476,2804,77,0.31068665377176014,0.11031804345544242,0.9317375886524822,0.7514184397163121,0.24858156028368794
2881,YDR055W YJR044C,0.0,NA,4.270245181764443e-12,1051,8475,2805,77,0.3107672469374597,0.11032962418643712,0.9317375886524822,0.7513297872340425,0.24867021276595744
2882,YDL217C YGR211W,0.0,NA,4.2739201934482995e-12,1051,8474,2806,77,0.31084784010315925,0.11034120734908137,0.9317375886524822,0.751241134751773,0.24875886524822696
2883,YKR104W YGR118W,0.0,NA,4.276872259123543e-12,1051,8473,2807,77,0.31092843326885883,0.11035279294414112,0.9317375886524822,0.7511524822695036,0.24884751773049646
2884,YPR103W YBL067C,1.0,NA,4.282332734945049e-12,1050,8473,2807,78,0.31084784010315925,0.11025937204662396,0.9308510638297872,0.7511524822695036,0.24884751773049646
2885,YIL176C YML124C,0.0,NA,4.319798425217458e-12,1050,8472,2808,78,0.31092843326885883,0.11027095148078135,0.9308510638297872,0.7510638297872341,0.24893617021276596
2886,YBR137W YNL064C,0.0,NA,4.349645209983377e-12,1050,8471,2809,78,0.31100902643455836,0.11028253334733747,0.9308510638297872,0.7509751773049645,0.24902482269503545
2887,YOL003C YDR346C,0.0,NA,4.354360188391082e-12,1050,8470,2810,78,0.3110896196002579,0.11029411764705882,0.9308510638297872,0.750886524822695,0.24911347517730498
2888,YOR253W YLR091W,0.0,NA,4.3803580554446775e-12,1050,8469,2811,78,0.31117021276595747,0.11030570438071226,0.9308510638297872,0.7507978723404255,0.24920212765957447
2889,YOL125W YIL115C,0.0,NA,4.383626274473418e-12,1050,8468,2812,78,0.311250805931657,0.11031729354906493,0.9308510638297872,0.750709219858156,0.24929078014184397
2890,YOR245C YJR103W,0.0,NA,4.393553663245564e-12,1050,8467,2813,78,0.3113313990973565,0.11032888515288432,0.9308510638297872,0.7506205673758866,0.24937943262411347
2891,YLR034C YOL052C,0.0,NA,4.3979386105119644e-12,1050,8466,2814,78,0.3114119922630561,0.11034047919293821,0.9308510638297872,0.750531914893617,0.249468085106383
2892,YDR324C YBR189W,0.0,NA,4.405612593488817e-12,1050,8465,2815,78,0.31149258542875563,0.11035207566999475,0.9308510638297872,0.7504432624113475,0.2495567375886525
2893,YGL044C YGR184C,0.0,NA,4.47692837662883e-12,1050,8464,2816,78,0.3115731785944552,0.11036367458482237,0.9308510638297872,0.750354609929078,0.24964539007092199
2894,YJL109C YPL218W,0.0,NA,4.490569374682174e-12,1050,8463,2817,78,0.31165377176015474,0.11037527593818984,0.9308510638297872,0.7502659574468085,0.24973404255319148
2895,YFR006W YDR415C,1.0,NA,4.5276278386185975e-12,1049,8463,2817,79,0.3115731785944552,0.11028174936921784,0.9299645390070922,0.7502659574468085,0.24973404255319148
2896,YKL173W YDR451C,0.0,NA,4.527645619534226e-12,1049,8462,2818,79,0.31165377176015474,0.11029334454841762,0.9299645390070922,0.750177304964539,0.249822695035461
2897,YBR132C YMR101C,0.0,NA,4.534905437281189e-12,1049,8461,2819,79,0.31173436492585427,0.11030494216614091,0.9299645390070922,0.7500886524822695,0.2499113475177305
2898,YML127W YDL025C,0.0,NA,4.5544783222606355e-12,1049,8460,2820,79,0.31181495809155385,0.11031654222315701,0.9299645390070922,0.75,0.25
2899,YIL155C YHL011C,0.0,NA,4.5728186862104e-12,1049,8459,2821,79,0.3118955512572534,0.1103281447202356,0.9299645390070922,0.7499113475177305,0.2500886524822695
2900,YBR041W YAL042W,0.0,NA,4.57582843144122e-12,1049,8458,2822,79,0.31197614442295296,0.11033974965814664,0.9299645390070922,0.749822695035461,0.250177304964539
2901,YPL098C YER167W,0.0,NA,4.5875386822658015e-12,1049,8457,2823,79,0.3120567375886525,0.11035135703766043,0.9299645390070922,0.7497340425531915,0.2502659574468085
2902,YKL171W YFL046W,0.0,NA,4.60525671416856e-12,1049,8456,2824,79,0.312137330754352,0.1103629668595476,0.9299645390070922,0.749645390070922,0.250354609929078
2903,YMR247C YGR211W,0.0,NA,4.6090878509652544e-12,1049,8455,2825,79,0.3122179239200516,0.11037457912457913,0.9299645390070922,0.7495567375886525,0.2504432624113475
2904,YDR379W YMR235C,0.0,NA,4.616945280949691e-12,1049,8454,2826,79,0.3122985170857511,0.11038619383352626,0.9299645390070922,0.749468085106383,0.25053191489361704
2905,YML080W YLR448W,0.0,NA,4.638570777482087e-12,1049,8453,2827,79,0.31237911025145065,0.1103978109871606,0.9299645390070922,0.7493794326241134,0.2506205673758865
2906,YBR155W YML002W,0.0,NA,4.674131307697005e-12,1049,8452,2828,79,0.31245970341715024,0.11040943058625408,0.9299645390070922,0.749290780141844,0.25070921985815603
2907,YCR011C YLR091W,0.0,NA,4.684868378651563e-12,1049,8451,2829,79,0.31254029658284976,0.11042105263157895,0.9299645390070922,0.7492021276595745,0.25079787234042555
2908,YJL221C YAR002W,0.0,NA,4.697664132691237e-12,1049,8450,2830,79,0.31262088974854935,0.11043267712390778,0.9299645390070922,0.749113475177305,0.250886524822695
2909,YGR188C YJR140C,0.0,NA,4.701097150450195e-12,1049,8449,2831,79,0.3127014829142489,0.11044430406401348,0.9299645390070922,0.7490248226950355,0.25097517730496455
2910,YDR139C YBR176W,0.0,NA,4.7215764284458395e-12,1049,8448,2832,79,0.3127820760799484,0.11045593345266927,0.9299645390070922,0.7489361702127659,0.251063829787234
2911,YGR263C YBR266C,0.0,NA,4.724368899561293e-12,1049,8447,2833,79,0.312862669245648,0.11046756529064869,0.9299645390070922,0.7488475177304964,0.25115248226950354
2912,YDR354W YGL090W,0.0,NA,4.7416927155541355e-12,1049,8446,2834,79,0.3129432624113475,0.11047919957872565,0.9299645390070922,0.748758865248227,0.25124113475177307
2913,YOL161C YKL184W,0.0,NA,4.7469233405150746e-12,1049,8445,2835,79,0.31302385557704704,0.11049083631767433,0.9299645390070922,0.7486702127659575,0.25132978723404253
2914,YDR377W YGL012W,0.0,NA,4.782693772270585e-12,1049,8444,2836,79,0.3131044487427466,0.11050247550826925,0.9299645390070922,0.7485815602836879,0.25141843971631206
2915,YOR360C YJL121C,0.0,NA,4.791751630900398e-12,1049,8443,2837,79,0.31318504190844615,0.1105141171512853,0.9299645390070922,0.7484929078014184,0.2515070921985816
2916,YLR137W YGL035C,0.0,NA,4.835066808733801e-12,1049,8442,2838,79,0.31326563507414573,0.11052576124749763,0.9299645390070922,0.7484042553191489,0.25159574468085105
2917,YKL019W YCR084C,0.0,NA,4.8630908328073374e-12,1049,8441,2839,79,0.31334622823984526,0.11053740779768177,0.9299645390070922,0.7483156028368795,0.2516843971631206
2918,YDR273W YGR183C,0.0,NA,4.864333762177875e-12,1049,8440,2840,79,0.3134268214055448,0.11054905680261355,0.9299645390070922,0.74822695035461,0.25177304964539005
2919,YHR050W YLR411W,0.0,NA,4.8867919259787396e-12,1049,8439,2841,79,0.31350741457124437,0.11056070826306914,0.9299645390070922,0.7481382978723404,0.25186170212765957
2920,YGL097W YHR176W,0.0,NA,4.8962240511984945e-12,1049,8438,2842,79,0.3135880077369439,0.11057236217982502,0.9299645390070922,0.7480496453900709,0.2519503546099291
2921,YFL034C-A YDR317W,0.0,NA,4.912294529479944e-12,1049,8437,2843,79,0.3136686009026435,0.11058401855365803,0.9299645390070922,0.7479609929078014,0.25203900709219856
2922,YHR174W YMR244C-A,0.0,NA,4.915087867957135e-12,1049,8436,2844,79,0.313749194068343,0.11059567738534529,0.9299645390070922,0.747872340425532,0.2521276595744681
2923,YLR337C YMR202W,0.0,NA,4.9540341447162906e-12,1049,8435,2845,79,0.31382978723404253,0.11060733867566427,0.9299645390070922,0.7477836879432624,0.2522163120567376
2924,YIL008W YCL066W,0.0,NA,4.982671827219454e-12,1049,8434,2846,79,0.3139103803997421,0.11061900242539281,0.9299645390070922,0.7476950354609929,0.2523049645390071
2925,YGR094W YJR082C,0.0,NA,4.989366558794117e-12,1049,8433,2847,79,0.31399097356544164,0.110630668635309,0.9299645390070922,0.7476063829787234,0.2523936170212766
2926,YOR080W YOL091W,0.0,NA,4.993440990558318e-12,1049,8432,2848,79,0.31407156673114117,0.11064233730619133,0.9299645390070922,0.7475177304964539,0.2524822695035461
2927,YHR138C YHL024W,0.0,NA,5.033190877967719e-12,1049,8431,2849,79,0.31415215989684075,0.11065400843881856,0.9299645390070922,0.7474290780141843,0.2525709219858156
2928,YMR164C YJR118C,0.0,NA,5.068140785519093e-12,1049,8430,2850,79,0.3142327530625403,0.11066568203396983,0.9299645390070922,0.7473404255319149,0.2526595744680851
2929,YDR087C YMR211W,0.0,NA,5.079104671568135e-12,1049,8429,2851,79,0.31431334622823986,0.11067735809242456,0.9299645390070922,0.7472517730496454,0.2527482269503546
2930,YFL034C-A YDR077W,0.0,NA,5.089879472758296e-12,1049,8428,2852,79,0.3143939393939394,0.11068903661496254,0.9299645390070922,0.7471631205673759,0.2528368794326241
2931,YNR009W YML004C,0.0,NA,5.095299182578117e-12,1049,8427,2853,79,0.3144745325596389,0.11070071760236387,0.9299645390070922,0.7470744680851064,0.25292553191489364
2932,YPL233W YBR173C,0.0,NA,5.096767192319662e-12,1049,8426,2854,79,0.3145551257253385,0.11071240105540897,0.9299645390070922,0.7469858156028368,0.2530141843971631
2933,YIL022W YGR264C,0.0,NA,5.122534774831822e-12,1049,8425,2855,79,0.31463571889103803,0.11072408697487862,0.9299645390070922,0.7468971631205674,0.25310283687943264
2934,YDR185C YOR253W,0.0,NA,5.123942502932577e-12,1049,8424,2856,79,0.3147163120567376,0.11073577536155389,0.9299645390070922,0.7468085106382979,0.2531914893617021
2935,YLR340W YDR334W,0.0,NA,5.191456205894118e-12,1049,8423,2857,79,0.31479690522243714,0.11074746621621621,0.9299645390070922,0.7467198581560284,0.25328014184397163
2936,YMR267W YOR253W,0.0,NA,5.215424446480821e-12,1049,8422,2858,79,0.31487749838813667,0.11075915953964735,0.9299645390070922,0.7466312056737588,0.25336879432624115
2937,YCR037C YIL112W,0.0,NA,5.238354455067151e-12,1049,8421,2859,79,0.31495809155383625,0.11077085533262936,0.9299645390070922,0.7465425531914893,0.2534574468085106
2938,YPR163C YCR037C,0.0,NA,5.252260865812319e-12,1049,8420,2860,79,0.3150386847195358,0.11078255359594466,0.9299645390070922,0.7464539007092199,0.25354609929078015
2939,YHR053C YMR016C,0.0,NA,5.253873724964109e-12,1049,8419,2861,79,0.3151192778852353,0.110794254330376,0.9299645390070922,0.7463652482269504,0.25363475177304967
2940,YIL138C YNL125C,0.0,NA,5.25630927672438e-12,1049,8418,2862,79,0.3151998710509349,0.11080595753670645,0.9299645390070922,0.7462765957446809,0.25372340425531914
2941,YLR144C YBR019C,0.0,NA,5.2755031246243256e-12,1049,8417,2863,79,0.3152804642166344,0.11081766321571941,0.9299645390070922,0.7461879432624113,0.25381205673758866
2942,YGR165W YPL057C,0.0,NA,5.2967573903328624e-12,1049,8416,2864,79,0.315361057382334,0.11082937136819862,0.9299645390070922,0.7460992907801418,0.25390070921985813
2943,YPL099C YER124C,0.0,NA,5.296838054974495e-12,1049,8415,2865,79,0.3154416505480335,0.11084108199492815,0.9299645390070922,0.7460106382978723,0.25398936170212766
2944,YDR150W YJL121C,0.0,NA,5.2999609909121226e-12,1049,8414,2866,79,0.31552224371373305,0.11085279509669238,0.9299645390070922,0.7459219858156029,0.2540780141843972
2945,YBR169C YLR284C,0.0,NA,5.32458235488753e-12,1049,8413,2867,79,0.31560283687943264,0.11086451067427605,0.9299645390070922,0.7458333333333333,0.25416666666666665
2946,YDR541C YOR310C,0.0,NA,5.325333923833497e-12,1049,8412,2868,79,0.31568343004513216,0.11087622872846423,0.9299645390070922,0.7457446808510638,0.2542553191489362
2947,YPL130W YGR144W,0.0,NA,5.33286565948532e-12,1049,8411,2869,79,0.31576402321083175,0.11088794926004228,0.9299645390070922,0.7456560283687943,0.2543439716312057
2948,YIR002C YJR084W,0.0,NA,5.373000655506388e-12,1049,8410,2870,79,0.3158446163765313,0.11089967226979597,0.9299645390070922,0.7455673758865248,0.25443262411347517
2949,YBR266C YLL008W,0.0,NA,5.397179231314553e-12,1049,8409,2871,79,0.3159252095422308,0.11091139775851132,0.9299645390070922,0.7454787234042554,0.2545212765957447
2950,YMR010W YLR131C,0.0,NA,5.399660753246938e-12,1049,8408,2872,79,0.3160058027079304,0.11092312572697473,0.9299645390070922,0.7453900709219858,0.25460992907801416
2951,YHR096C YDL018C,0.0,NA,5.404266444075656e-12,1049,8407,2873,79,0.3160863958736299,0.11093485617597293,0.9299645390070922,0.7453014184397163,0.2546985815602837
2952,YPL023C YDR359C,0.0,NA,5.484159133761768e-12,1049,8406,2874,79,0.31616698903932944,0.11094658910629297,0.9299645390070922,0.7452127659574468,0.2547872340425532
2953,YMR220W YMR177W,0.0,NA,5.4960762503608596e-12,1049,8405,2875,79,0.316247582205029,0.11095832451872223,0.9299645390070922,0.7451241134751773,0.2548758865248227
2954,YOL017W YLR261C,0.0,NA,5.511686593240306e-12,1049,8404,2876,79,0.31632817537072855,0.11097006241404846,0.9299645390070922,0.7450354609929078,0.2549645390070922
2955,YGR144W YAL054C,0.0,NA,5.513779103433203e-12,1049,8403,2877,79,0.31640876853642813,0.11098180279305966,0.9299645390070922,0.7449468085106383,0.2550531914893617
2956,YDR364C YJR044C,0.0,NA,5.529196892006816e-12,1049,8402,2878,79,0.31648936170212766,0.11099354565654428,0.9299645390070922,0.7448581560283688,0.2551418439716312
2957,YCL031C YNL030W,0.0,NA,5.5694602575651064e-12,1049,8401,2879,79,0.3165699548678272,0.11100529100529101,0.9299645390070922,0.7447695035460993,0.2552304964539007
2958,YIL026C YPR010C,0.0,NA,5.595792492568696e-12,1049,8400,2880,79,0.31665054803352677,0.1110170388400889,0.9299645390070922,0.7446808510638298,0.2553191489361702
2959,YBL107C YNL012W,0.0,NA,5.601868795224174e-12,1049,8399,2881,79,0.3167311411992263,0.11102878916172736,0.9299645390070922,0.7445921985815603,0.2554078014184397
2960,YKR094C YLR209C,0.0,NA,5.606016085374366e-12,1049,8398,2882,79,0.3168117343649259,0.11104054197099608,0.9299645390070922,0.7445035460992908,0.25549645390070924
2961,YPR024W YJL172W,1.0,NA,5.64686014961624e-12,1048,8398,2882,80,0.3167311411992263,0.11094643235231844,0.9290780141843972,0.7445035460992908,0.25549645390070924
2962,YDL208W YLR005W,0.0,NA,5.653045739850704e-12,1048,8397,2883,80,0.3168117343649259,0.11095817893065114,0.9290780141843972,0.7444148936170213,0.2555851063829787
2963,YDR067C YML011C,0.0,NA,5.658224323107364e-12,1048,8396,2884,80,0.3168923275306254,0.11096992799661161,0.9290780141843972,0.7443262411347518,0.25567375886524824
2964,YDR212W YCR052W,0.0,NA,5.687904574419589e-12,1048,8395,2885,80,0.31697292069632493,0.11098167955099016,0.9290780141843972,0.7442375886524822,0.2557624113475177
2965,YBL020W YDL025C,0.0,NA,5.6892823785403834e-12,1048,8394,2886,80,0.3170535138620245,0.11099343359457742,0.9290780141843972,0.7441489361702127,0.25585106382978723
2966,YER035W YBR275C,0.0,NA,5.693603141038173e-12,1048,8393,2887,80,0.31713410702772404,0.11100519012816439,0.9290780141843972,0.7440602836879433,0.25593971631205675
2967,YJR074W YOR348C,0.0,NA,5.696926871218144e-12,1048,8392,2888,80,0.31721470019342357,0.11101694915254237,0.9290780141843972,0.7439716312056738,0.2560283687943262
2968,YCR069W YDR332W,0.0,NA,5.713565471437976e-12,1048,8391,2889,80,0.31729529335912315,0.11102871066850302,0.9290780141843972,0.7438829787234043,0.25611702127659575
2969,YPL265W YOL003C,0.0,NA,5.71704315832644e-12,1048,8390,2890,80,0.3173758865248227,0.11104047467683831,0.9290780141843972,0.7437943262411347,0.25620567375886527
2970,YML091C YFR039C,0.0,NA,5.748939518879226e-12,1048,8389,2891,80,0.31745647969052226,0.11105224117834057,0.9290780141843972,0.7437056737588652,0.25629432624113474
2971,YPR174C YDR422C,0.0,NA,5.749214038869299e-12,1048,8388,2892,80,0.3175370728562218,0.11106401017380246,0.9290780141843972,0.7436170212765958,0.25638297872340426
2972,YDR219C YOR388C,0.0,NA,5.812325881010549e-12,1048,8387,2893,80,0.3176176660219213,0.11107578166401696,0.9290780141843972,0.7435283687943263,0.25647163120567373
2973,YBR137W YFL027C,0.0,NA,5.845088302258716e-12,1048,8386,2894,80,0.3176982591876209,0.1110875556497774,0.9290780141843972,0.7434397163120567,0.25656028368794326
2974,YDL198C YHR083W,0.0,NA,5.861634094772583e-12,1048,8385,2895,80,0.31777885235332043,0.11109933213187745,0.9290780141843972,0.7433510638297872,0.2566489361702128
2975,YGR042W YIL022W,0.0,NA,5.885575013464539e-12,1048,8384,2896,80,0.31785944551902,0.1111111111111111,0.9290780141843972,0.7432624113475177,0.25673758865248225
2976,YMR028W YLR414C,0.0,NA,5.8909318395583554e-12,1048,8383,2897,80,0.31794003868471954,0.11112289258827272,0.9290780141843972,0.7431737588652483,0.2568262411347518
2977,YMR280C YER025W,0.0,NA,5.9260816739903355e-12,1048,8382,2898,80,0.31802063185041907,0.11113467656415695,0.9290780141843972,0.7430851063829788,0.2569148936170213
2978,YBR038W YGL224C,0.0,NA,5.932675357922523e-12,1048,8381,2899,80,0.31810122501611865,0.1111464630395588,0.9290780141843972,0.7429964539007092,0.25700354609929077
2979,YFR024C-A YMR125W,0.0,NA,5.953112568873875e-12,1048,8380,2900,80,0.3181818181818182,0.11115825201527366,0.9290780141843972,0.7429078014184397,0.2570921985815603
2980,YPL101W YBR115C,0.0,NA,5.984625121857601e-12,1048,8379,2901,80,0.3182624113475177,0.11117004349209716,0.9290780141843972,0.7428191489361702,0.25718085106382976
2981,YGR105W YNL127W,0.0,NA,5.986017671127941e-12,1048,8378,2902,80,0.3183430045132173,0.11118183747082537,0.9290780141843972,0.7427304964539007,0.2572695035460993
2982,YDR364C YDL025C,0.0,NA,6.033450215131575e-12,1048,8377,2903,80,0.3184235976789168,0.11119363395225464,0.9290780141843972,0.7426418439716312,0.2573581560283688
2983,YKL219W YNL113W,0.0,NA,6.033818410189351e-12,1048,8376,2904,80,0.3185041908446164,0.11120543293718166,0.9290780141843972,0.7425531914893617,0.2574468085106383
2984,YGL009C YCR021C,0.0,NA,6.0340027245586736e-12,1048,8375,2905,80,0.3185847840103159,0.11121723442640348,0.9290780141843972,0.7424645390070922,0.2575354609929078
2985,YNL042W YAL047C,0.0,NA,6.045280161875999e-12,1048,8374,2906,80,0.31866537717601545,0.11122903842071746,0.9290780141843972,0.7423758865248227,0.25762411347517733
2986,YOR014W YEL017C-A,0.0,NA,6.063537692779786e-12,1048,8373,2907,80,0.31874597034171503,0.11124084492092134,0.9290780141843972,0.7422872340425531,0.2577127659574468
2987,YLR206W YCL050C,0.0,NA,6.070816592484984e-12,1048,8372,2908,80,0.31882656350741456,0.11125265392781317,0.9290780141843972,0.7421985815602837,0.2578014184397163
2988,YDL143W YHR094C,0.0,NA,6.107959624190862e-12,1048,8371,2909,80,0.31890715667311414,0.11126446544219132,0.9290780141843972,0.7421099290780142,0.2578900709219858
2989,YFL034C-A YDR357C,0.0,NA,6.129013095657054e-12,1048,8370,2910,80,0.3189877498388137,0.11127627946485454,0.9290780141843972,0.7420212765957447,0.2579787234042553
2990,YEL071W YDL139C,0.0,NA,6.131865848413298e-12,1048,8369,2911,80,0.3190683430045132,0.11128809599660189,0.9290780141843972,0.7419326241134752,0.25806737588652484
2991,YOR291W YLR245C,0.0,NA,6.1351301643142175e-12,1048,8368,2912,80,0.3191489361702128,0.11129991503823279,0.9290780141843972,0.7418439716312056,0.2581560283687943
2992,YOR310C YHR077C,0.0,NA,6.1646070192988844e-12,1048,8367,2913,80,0.3192295293359123,0.111311736590547,0.9290780141843972,0.7417553191489362,0.25824468085106383
2993,YDL137W YGL192W,0.0,NA,6.185371659306327e-12,1048,8366,2914,80,0.31931012250161184,0.1113235606543446,0.9290780141843972,0.7416666666666667,0.25833333333333336
2994,YLR033W YLR467W,0.0,NA,6.186940283009479e-12,1048,8365,2915,80,0.3193907156673114,0.111335387230426,0.9290780141843972,0.7415780141843972,0.25842198581560283
2995,YKR027W YDR359C,0.0,NA,6.187743026297987e-12,1048,8364,2916,80,0.31947130883301095,0.111347216319592,0.9290780141843972,0.7414893617021276,0.25851063829787235
2996,YGR156W YBR038W,0.0,NA,6.188227014147785e-12,1048,8363,2917,80,0.31955190199871053,0.11135904792264371,0.9290780141843972,0.7414007092198581,0.2585992907801418
2997,YNL297C YPL149W,0.0,NA,6.217923745333032e-12,1048,8362,2918,80,0.31963249516441006,0.11137088204038258,0.9290780141843972,0.7413120567375886,0.25868794326241135
2998,YOR312C YML091C,0.0,NA,6.2181609687683714e-12,1048,8361,2919,80,0.3197130883301096,0.11138271867361037,0.9290780141843972,0.7412234042553192,0.25877659574468087
2999,YHR012W YCR034W,0.0,NA,6.225091189054899e-12,1048,8360,2920,80,0.31979368149580917,0.11139455782312925,0.9290780141843972,0.7411347517730497,0.25886524822695034
3000,YNL191W YIR039C,1.0,NA,6.241022022096532e-12,1047,8360,2920,81,0.3197130883301096,0.11130009567343467,0.9281914893617021,0.7411347517730497,0.25886524822695034
3001,YLR360W YPL200W,0.0,NA,6.295744307827089e-12,1047,8359,2921,81,0.31979368149580917,0.1113119285562407,0.9281914893617021,0.7410460992907801,0.25895390070921986
3002,YML076C YJL026W,0.0,NA,6.303878859886813e-12,1047,8358,2922,81,0.3198742746615087,0.11132376395534291,0.9281914893617021,0.7409574468085106,0.2590425531914894
3003,YDR264C YLR045C,0.0,NA,6.307042128145257e-12,1047,8357,2923,81,0.3199548678272083,0.11133560187154402,0.9281914893617021,0.7408687943262411,0.25913120567375886
3004,YNL052W YCR034W,0.0,NA,6.340392186970911e-12,1047,8356,2924,81,0.3200354609929078,0.11134744230564714,0.9281914893617021,0.7407801418439717,0.2592198581560284
3005,YJR048W YGL196W,0.0,NA,6.3435129545041935e-12,1047,8355,2925,81,0.32011605415860733,0.11135928525845565,0.9281914893617021,0.7406914893617021,0.25930851063829785
3006,YDR330W YMR177W,0.0,NA,6.352545659643605e-12,1047,8354,2926,81,0.3201966473243069,0.11137113073077332,0.9281914893617021,0.7406028368794326,0.2593971631205674
3007,YMR095C YIL169C,0.0,NA,6.357369925630296e-12,1047,8353,2927,81,0.32027724049000644,0.11138297872340426,0.9281914893617021,0.7405141843971631,0.2594858156028369
3008,YMR286W YLL005C,0.0,NA,6.373906177165045e-12,1047,8352,2928,81,0.32035783365570597,0.1113948292371529,0.9281914893617021,0.7404255319148936,0.25957446808510637
3009,YPR026W YNL126W,0.0,NA,6.392168044877522e-12,1047,8351,2929,81,0.32043842682140555,0.111406682272824,0.9281914893617021,0.7403368794326242,0.2596631205673759
3010,YDL241W YJR133W,0.0,NA,6.407035492428381e-12,1047,8350,2930,81,0.3205190199871051,0.11141853783122273,0.9281914893617021,0.7402482269503546,0.25975177304964536
3011,YLR262C YBR141C,0.0,NA,6.407659125517995e-12,1047,8349,2931,81,0.32059961315280466,0.11143039591315454,0.9281914893617021,0.7401595744680851,0.2598404255319149
3012,YJL170C YOR080W,0.0,NA,6.465778433495384e-12,1047,8348,2932,81,0.3206802063185042,0.11144225651942523,0.9281914893617021,0.7400709219858156,0.2599290780141844
3013,YKR063C YER124C,0.0,NA,6.510513916174743e-12,1047,8347,2933,81,0.3207607994842037,0.11145411965084097,0.9281914893617021,0.7399822695035461,0.2600177304964539
3014,YLR209C YLR075W,0.0,NA,6.512079070430943e-12,1047,8346,2934,81,0.3208413926499033,0.11146598530820824,0.9281914893617021,0.7398936170212767,0.2601063829787234
3015,YFL052W YHR021C,0.0,NA,6.527996459365637e-12,1047,8345,2935,81,0.32092198581560283,0.1114778534923339,0.9281914893617021,0.7398049645390071,0.26019503546099293
3016,YGR088W YAR042W,0.0,NA,6.555747264491707e-12,1047,8344,2936,81,0.3210025789813024,0.11148972420402513,0.9281914893617021,0.7397163120567376,0.2602836879432624
3017,YOR080W YJL006C,0.0,NA,6.559161633973298e-12,1047,8343,2937,81,0.32108317214700194,0.11150159744408945,0.9281914893617021,0.7396276595744681,0.2603723404255319
3018,YPR041W YMR086W,0.0,NA,6.5967006163125674e-12,1047,8342,2938,81,0.32116376531270147,0.11151347321333475,0.9281914893617021,0.7395390070921986,0.2604609929078014
3019,YDL217C YLR283W,0.0,NA,6.617809598929991e-12,1047,8341,2939,81,0.32124435847840105,0.11152535151256923,0.9281914893617021,0.739450354609929,0.2605496453900709
3020,YJR074W YPR118W,0.0,NA,6.624945383948422e-12,1047,8340,2940,81,0.3213249516441006,0.11153723234260148,0.9281914893617021,0.7393617021276596,0.26063829787234044
3021,YER020W YFR036W,0.0,NA,6.696788956706001e-12,1047,8339,2941,81,0.3214055448098001,0.11154911570424036,0.9281914893617021,0.7392730496453901,0.2607269503546099
3022,YBR023C YOR047C,0.0,NA,6.704456868150688e-12,1047,8338,2942,81,0.3214861379754997,0.11156100159829516,0.9281914893617021,0.7391843971631206,0.26081560283687943
3023,YGR141W YMR238W,0.0,NA,6.7064266466576594e-12,1047,8337,2943,81,0.3215667311411992,0.11157289002557545,0.9281914893617021,0.739095744680851,0.26090425531914896
3024,YNL119W YGR006W,0.0,NA,6.732186856595046e-12,1047,8336,2944,81,0.3216473243068988,0.11158478098689119,0.9281914893617021,0.7390070921985815,0.26099290780141843
3025,YOR067C YJR072C,0.0,NA,6.743162018346682e-12,1047,8335,2945,81,0.3217279174725983,0.11159667448305266,0.9281914893617021,0.7389184397163121,0.26108156028368795
3026,YGR098C YPR024W,1.0,NA,6.7564608421943895e-12,1046,8335,2945,82,0.3216473243068988,0.11150197207120777,0.9273049645390071,0.7389184397163121,0.26108156028368795
3027,YMR265C YGL009C,0.0,NA,6.771671764993492e-12,1046,8334,2946,82,0.3217279174725983,0.1115138592750533,0.9273049645390071,0.7388297872340426,0.2611702127659574
3028,YGR060W YDR354W,0.0,NA,6.772704792823436e-12,1046,8333,2947,82,0.32180851063829785,0.11152574901375413,0.9273049645390071,0.738741134751773,0.26125886524822695
3029,YNL274C YMR012W,0.0,NA,6.786049153162388e-12,1046,8332,2948,82,0.32188910380399743,0.11153764128812113,0.9273049645390071,0.7386524822695035,0.26134751773049647
3030,YDR394W YDR331W,1.0,NA,6.788716290506702e-12,1045,8332,2948,83,0.32180851063829785,0.11144289218300096,0.9264184397163121,0.7386524822695035,0.26134751773049647
3031,YDR034C YFL029C,0.0,NA,6.800522384803331e-12,1045,8331,2949,83,0.32188910380399743,0.11145477815699659,0.9264184397163121,0.738563829787234,0.26143617021276594
3032,YER020W YIL112W,0.0,NA,6.822712967508027e-12,1045,8330,2950,83,0.32196969696969696,0.11146666666666667,0.9264184397163121,0.7384751773049646,0.26152482269503546
3033,YJL151C YOL123W,0.0,NA,6.890153378402708e-12,1045,8329,2951,83,0.32205029013539654,0.1114785577128227,0.9264184397163121,0.7383865248226951,0.261613475177305
3034,YMR242C YLR364W,0.0,NA,6.9046248753201755e-12,1045,8328,2952,83,0.32213088330109607,0.11149045129627654,0.9264184397163121,0.7382978723404255,0.26170212765957446
3035,YNL271C YMR301C,0.0,NA,6.9085110895872326e-12,1045,8327,2953,83,0.3222114764667956,0.11150234741784038,0.9264184397163121,0.738209219858156,0.261790780141844
3036,YDL229W YIL103W,0.0,NA,6.957451541972359e-12,1045,8326,2954,83,0.3222920696324952,0.11151424607832676,0.9264184397163121,0.7381205673758865,0.26187943262411345
3037,YGL191W YDR036C,0.0,NA,6.97081368322694e-12,1045,8325,2955,83,0.3223726627981947,0.11152614727854857,0.9264184397163121,0.738031914893617,0.261968085106383
3038,YDR394W YDR415C,1.0,NA,6.971877502398582e-12,1044,8325,2955,84,0.3222920696324952,0.11143131604226705,0.925531914893617,0.738031914893617,0.261968085106383
3039,YML076C YER167W,0.0,NA,7.0037317959070755e-12,1044,8324,2956,84,0.3223726627981947,0.11144321093082835,0.925531914893617,0.7379432624113476,0.2620567375886525
3040,YKL188C YLR224W,0.0,NA,7.01804066249867e-12,1044,8323,2957,84,0.32245325596389424,0.11145510835913312,0.925531914893617,0.737854609929078,0.26214539007092197
3041,YOL067C YDR315C,0.0,NA,7.086289888214026e-12,1044,8322,2958,84,0.3225338491295938,0.11146700832799487,0.925531914893617,0.7377659574468085,0.2622340425531915
3042,YPL040C YMR227C,0.0,NA,7.11626374147456e-12,1044,8321,2959,84,0.32261444229529335,0.11147891083822745,0.925531914893617,0.737677304964539,0.262322695035461
3043,YKL146W YAL007C,0.0,NA,7.1601999503123626e-12,1044,8320,2960,84,0.32269503546099293,0.11149081589064502,0.925531914893617,0.7375886524822695,0.2624113475177305
3044,YDR460W YDR201W,0.0,NA,7.191515612181565e-12,1044,8319,2961,84,0.32277562862669246,0.11150272348606216,0.925531914893617,0.7375,0.2625
3045,YPL265W YLR284C,0.0,NA,7.225641092400981e-12,1044,8318,2962,84,0.322856221792392,0.11151463362529374,0.925531914893617,0.7374113475177305,0.2625886524822695
3046,YNL264C YJL138C,0.0,NA,7.244160132868771e-12,1044,8317,2963,84,0.32293681495809157,0.11152654630915501,0.925531914893617,0.737322695035461,0.262677304964539
3047,YER170W YMR016C,0.0,NA,7.280895504557794e-12,1044,8316,2964,84,0.3230174081237911,0.11153846153846154,0.925531914893617,0.7372340425531915,0.26276595744680853
3048,YMR235C YDR313C,0.0,NA,7.29848473324246e-12,1044,8315,2965,84,0.3230980012894907,0.11155037931402928,0.925531914893617,0.737145390070922,0.262854609929078
3049,YGL070C YJR161C,0.0,NA,7.322034471790584e-12,1044,8314,2966,84,0.3231785944551902,0.11156229963667451,0.925531914893617,0.7370567375886525,0.2629432624113475
3050,YLL005C YJR014W,0.0,NA,7.326560365339407e-12,1044,8313,2967,84,0.32325918762088973,0.11157422250721385,0.925531914893617,0.736968085106383,0.26303191489361705
3051,YPL115C YJR120W,0.0,NA,7.343852956309682e-12,1044,8312,2968,84,0.3233397807865893,0.1115861479264643,0.925531914893617,0.7368794326241135,0.2631205673758865
3052,YOL128C YIL074C,0.0,NA,7.358463664786097e-12,1044,8311,2969,84,0.32342037395228884,0.11159807589524319,0.925531914893617,0.736790780141844,0.26320921985815604
3053,YLR208W YMR121C,0.0,NA,7.446735936222915e-12,1044,8310,2970,84,0.32350096711798837,0.11161000641436819,0.925531914893617,0.7367021276595744,0.2632978723404255
3054,YOR040W YOR337W,0.0,NA,7.503967933142341e-12,1044,8309,2971,84,0.32358156028368795,0.11162193948465733,0.925531914893617,0.7366134751773049,0.26338652482269503
3055,YMR200W YNR062C,0.0,NA,7.51412300437071e-12,1044,8308,2972,84,0.3236621534493875,0.111633875106929,0.925531914893617,0.7365248226950355,0.26347517730496456
3056,YLR375W YMR179W,0.0,NA,7.514136882158517e-12,1044,8307,2973,84,0.32374274661508706,0.11164581328200192,0.925531914893617,0.736436170212766,0.263563829787234
3057,YMR260C YMR121C,0.0,NA,7.546381922129974e-12,1044,8306,2974,84,0.3238233397807866,0.11165775401069519,0.925531914893617,0.7363475177304964,0.26365248226950355
3058,YDL035C YDR191W,0.0,NA,7.563658900588965e-12,1044,8305,2975,84,0.3239039329464861,0.11166969729382821,0.925531914893617,0.7362588652482269,0.2637411347517731
3059,YHR033W YER102W,0.0,NA,7.597709787698914e-12,1044,8304,2976,84,0.3239845261121857,0.1116816431322208,0.925531914893617,0.7361702127659574,0.26382978723404255
3060,YLR034C YDR347W,0.0,NA,7.620524870854961e-12,1044,8303,2977,84,0.3240651192778852,0.11169359152669306,0.925531914893617,0.736081560283688,0.26391843971631207
3061,YGR134W YLR262C,0.0,NA,7.772708691955454e-12,1044,8302,2978,84,0.3241457124435848,0.11170554247806548,0.925531914893617,0.7359929078014185,0.26400709219858154
3062,YPR113W YDR207C,0.0,NA,7.782469980954776e-12,1044,8301,2979,84,0.32422630560928434,0.11171749598715891,0.925531914893617,0.7359042553191489,0.26409574468085106
3063,YOR291W YLR209C,0.0,NA,7.7902814407671e-12,1044,8300,2980,84,0.32430689877498386,0.11172945205479452,0.925531914893617,0.7358156028368794,0.2641843971631206
3064,YLR245C YNL061W,0.0,NA,7.790326543577475e-12,1044,8299,2981,84,0.32438749194068345,0.11174141068179386,0.925531914893617,0.7357269503546099,0.26427304964539006
3065,YLR360W YDR281C,0.0,NA,7.819161117195161e-12,1044,8298,2982,84,0.324468085106383,0.11175337186897881,0.925531914893617,0.7356382978723405,0.2643617021276596
3066,YCR041W YPR185W,0.0,NA,7.84011310733801e-12,1044,8297,2983,84,0.3245486782720825,0.11176533561717161,0.925531914893617,0.735549645390071,0.26445035460992905
3067,YOR179C YFR016C,0.0,NA,7.842895603793476e-12,1044,8296,2984,84,0.3246292714377821,0.11177730192719486,0.925531914893617,0.7354609929078014,0.2645390070921986
3068,YNL264C YCL044C,0.0,NA,7.858048413356133e-12,1044,8295,2985,84,0.3247098646034816,0.11178927079987151,0.925531914893617,0.7353723404255319,0.2646276595744681
3069,YMR095C YDR496C,0.0,NA,7.90053439336802e-12,1044,8294,2986,84,0.3247904577691812,0.11180124223602485,0.925531914893617,0.7352836879432624,0.26471631205673757
3070,YJR074W YAL054C,0.0,NA,7.922928806081142e-12,1044,8293,2987,84,0.3248710509348807,0.11181321623647852,0.925531914893617,0.735195035460993,0.2648049645390071
3071,YDR257C YGR200C,0.0,NA,7.952466810068337e-12,1044,8292,2988,84,0.32495164410058025,0.11182519280205655,0.925531914893617,0.7351063829787234,0.2648936170212766
3072,YML102W YHR105W,0.0,NA,7.962377285286593e-12,1044,8291,2989,84,0.32503223726627983,0.1118371719335833,0.925531914893617,0.7350177304964539,0.2649822695035461
3073,YNL072W YNL178W,0.0,NA,7.986500349943526e-12,1044,8290,2990,84,0.32511283043197936,0.11184915363188344,0.925531914893617,0.7349290780141844,0.2650709219858156
3074,YAR042W YNL007C,0.0,NA,7.994959728974127e-12,1044,8289,2991,84,0.32519342359767894,0.11186113789778207,0.925531914893617,0.7348404255319149,0.2651595744680851
3075,YCR053W YGL071W,0.0,NA,8.061861074548649e-12,1044,8288,2992,84,0.32527401676337847,0.11187312473210459,0.925531914893617,0.7347517730496453,0.2652482269503546
3076,YLL036C YJL165C,0.0,NA,8.076467446216373e-12,1044,8287,2993,84,0.325354609929078,0.11188511413567678,0.925531914893617,0.7346631205673759,0.26533687943262413
3077,YDL244W YER122C,0.0,NA,8.077406798978615e-12,1044,8286,2994,84,0.3254352030947776,0.11189710610932475,0.925531914893617,0.7345744680851064,0.2654255319148936
3078,YER174C YOR337W,0.0,NA,8.081382785185554e-12,1044,8285,2995,84,0.3255157962604771,0.11190910065387501,0.925531914893617,0.7344858156028369,0.2655141843971631
3079,YPR144C YLR034C,0.0,NA,8.092920431024275e-12,1044,8284,2996,84,0.32559638942617664,0.11192109777015437,0.925531914893617,0.7343971631205674,0.26560283687943265
3080,YEL043W YGL205W,0.0,NA,8.099762180413528e-12,1044,8283,2997,84,0.3256769825918762,0.11193309745899004,0.925531914893617,0.7343085106382978,0.2656914893617021
3081,YPR166C YKL183W,0.0,NA,8.120567586422656e-12,1044,8282,2998,84,0.32575757575757575,0.11194509972120952,0.925531914893617,0.7342198581560284,0.26578014184397164
3082,YOR192C YHL024W,0.0,NA,8.137063939317457e-12,1044,8281,2999,84,0.32583816892327533,0.11195710455764075,0.925531914893617,0.7341312056737589,0.2658687943262411
3083,YGL094C YBR191W,0.0,NA,8.156223092747883e-12,1044,8280,3000,84,0.32591876208897486,0.11196911196911197,0.925531914893617,0.7340425531914894,0.26595744680851063
3084,YLR348C YNL030W,0.0,NA,8.193566485015236e-12,1044,8279,3001,84,0.3259993552546744,0.11198112195645178,0.925531914893617,0.7339539007092198,0.26604609929078016
3085,YLR085C YLL042C,0.0,NA,8.202354594144534e-12,1044,8278,3002,84,0.32607994842037397,0.11199313452048916,0.925531914893617,0.7338652482269503,0.2661347517730496
3086,YMR246W YPR118W,0.0,NA,8.206579513170276e-12,1044,8277,3003,84,0.3261605415860735,0.11200514966205342,0.925531914893617,0.7337765957446809,0.26622340425531915
3087,YNL119W YGR278W,0.0,NA,8.21271783219002e-12,1044,8276,3004,84,0.3262411347517731,0.11201716738197424,0.925531914893617,0.7336879432624114,0.2663120567375887
3088,YDR137W YDR313C,0.0,NA,8.239720537817075e-12,1044,8275,3005,84,0.3263217279174726,0.11202918768108167,0.925531914893617,0.7335992907801419,0.26640070921985815
3089,YHR174W YJR135W-A,0.0,NA,8.256979301679568e-12,1044,8274,3006,84,0.32640232108317213,0.11204121056020605,0.925531914893617,0.7335106382978723,0.26648936170212767
3090,YBR132C YLR467W,0.0,NA,8.279136057276482e-12,1044,8273,3007,84,0.3264829142488717,0.11205323602017817,0.925531914893617,0.7334219858156028,0.26657801418439714
3091,YGR089W YDR313C,0.0,NA,8.290972075553071e-12,1044,8272,3008,84,0.32656350741457124,0.11206526406182911,0.925531914893617,0.7333333333333333,0.26666666666666666
3092,YOR254C YMR238W,0.0,NA,8.354246114339325e-12,1044,8271,3009,84,0.32664410058027077,0.11207729468599034,0.925531914893617,0.7332446808510639,0.2667553191489362
3093,YAL044C YDR496C,0.0,NA,8.373373175385446e-12,1044,8270,3010,84,0.32672469374597035,0.11208932789349367,0.925531914893617,0.7331560283687943,0.26684397163120566
3094,YDL150W YNL039W,0.0,NA,8.423238669064137e-12,1044,8269,3011,84,0.3268052869116699,0.11210136368517126,0.925531914893617,0.7330673758865248,0.2669326241134752
3095,YNL064C YCR028C,0.0,NA,8.425649067334007e-12,1044,8268,3012,84,0.32688588007736946,0.11211340206185567,0.925531914893617,0.7329787234042553,0.2670212765957447
3096,YLR116W YKR049C,0.0,NA,8.44635732882848e-12,1044,8267,3013,84,0.326966473243069,0.11212544302437977,0.925531914893617,0.7328900709219858,0.2671099290780142
3097,YDR137W YOL070C,0.0,NA,8.467552180257965e-12,1044,8266,3014,84,0.3270470664087685,0.1121374865735768,0.925531914893617,0.7328014184397164,0.2671985815602837
3098,YML002W YGL103W,0.0,NA,8.529977071902728e-12,1044,8265,3015,84,0.3271276595744681,0.11214953271028037,0.925531914893617,0.7327127659574468,0.26728723404255317
3099,YDR384C YNL309W,0.0,NA,8.553486911810904e-12,1044,8264,3016,84,0.3272082527401676,0.11216158143532445,0.925531914893617,0.7326241134751773,0.2673758865248227
3100,YHR057C YOL025W,0.0,NA,8.56143541477783e-12,1044,8263,3017,84,0.3272888459058672,0.11217363274954335,0.925531914893617,0.7325354609929078,0.2674645390070922
3101,YGR060W YML118W,0.0,NA,8.612224648707478e-12,1044,8262,3018,84,0.32736943907156674,0.11218568665377177,0.925531914893617,0.7324468085106383,0.2675531914893617
3102,YKL221W YAL024C,0.0,NA,8.632501831418171e-12,1044,8261,3019,84,0.32745003223726626,0.1121977431488447,0.925531914893617,0.7323581560283688,0.2676418439716312
3103,YPR072W YLR005W,0.0,NA,8.644265858670508e-12,1044,8260,3020,84,0.32753062540296585,0.1122098022355976,0.925531914893617,0.7322695035460993,0.26773049645390073
3104,YEL039C YBR228W,0.0,NA,8.656145245033997e-12,1044,8259,3021,84,0.3276112185686654,0.11222186391486617,0.925531914893617,0.7321808510638298,0.2678191489361702
3105,YHR037W YMR211W,0.0,NA,8.669925888327157e-12,1044,8258,3022,84,0.3276918117343649,0.11223392818748656,0.925531914893617,0.7320921985815603,0.26790780141843973
3106,YLR189C YKL052C,0.0,NA,8.691101657798406e-12,1044,8257,3023,84,0.3277724049000645,0.11224599505429524,0.925531914893617,0.7320035460992907,0.2679964539007092
3107,YEL036C YBR299W,0.0,NA,8.700804833561282e-12,1044,8256,3024,84,0.327852998065764,0.11225806451612903,0.925531914893617,0.7319148936170212,0.2680851063829787
3108,YIL008W YDL180W,0.0,NA,8.704356679878344e-12,1044,8255,3025,84,0.3279335912314636,0.11227013657382515,0.925531914893617,0.7318262411347518,0.26817375886524825
3109,YDR517W YBR163W,0.0,NA,8.875967669186302e-12,1044,8254,3026,84,0.3280141843971631,0.11228221122822113,0.925531914893617,0.7317375886524823,0.2682624113475177
3110,YBR207W YNL202W,0.0,NA,8.890301689268298e-12,1044,8253,3027,84,0.32809477756286265,0.1122942884801549,0.925531914893617,0.7316489361702128,0.26835106382978724
3111,YLR293C YOR347C,0.0,NA,8.919140599694675e-12,1044,8252,3028,84,0.32817537072856223,0.11230636833046471,0.925531914893617,0.7315602836879432,0.26843971631205676
3112,YDR364C YNL072W,0.0,NA,8.93252225658836e-12,1044,8251,3029,84,0.32825596389426176,0.11231845077998924,0.925531914893617,0.7314716312056737,0.26852836879432623
3113,YBL047C YDR207C,0.0,NA,8.942647837517637e-12,1044,8250,3030,84,0.32833655705996134,0.11233053582956747,0.925531914893617,0.7313829787234043,0.26861702127659576
3114,YNL149C YER164W,0.0,NA,8.965259958026994e-12,1044,8249,3031,84,0.32841715022566087,0.11234262348003873,0.925531914893617,0.7312943262411348,0.2687056737588652
3115,YKL069W YKL184W,0.0,NA,9.02401851160528e-12,1044,8248,3032,84,0.3284977433913604,0.11235471373224279,0.925531914893617,0.7312056737588652,0.26879432624113475
3116,YHR071W YNL088W,0.0,NA,9.047129365113982e-12,1044,8247,3033,84,0.32857833655706,0.1123668065870197,0.925531914893617,0.7311170212765957,0.2688829787234043
3117,YDR184C YDR104C,0.0,NA,9.080114264647943e-12,1044,8246,3034,84,0.3286589297227595,0.11237890204520991,0.925531914893617,0.7310283687943262,0.26897163120567374
3118,YLR209C YDR488C,0.0,NA,9.155642390068497e-12,1044,8245,3035,84,0.32873952288845903,0.11239100010765421,0.925531914893617,0.7309397163120568,0.26906028368794327
3119,YOR014W YCR066W,0.0,NA,9.168206992204997e-12,1044,8244,3036,84,0.3288201160541586,0.1124031007751938,0.925531914893617,0.7308510638297873,0.2691489361702128
3120,YNL291C YDL147W,0.0,NA,9.179965815286906e-12,1044,8243,3037,84,0.32890070921985815,0.11241520404867018,0.925531914893617,0.7307624113475177,0.26923758865248226
3121,YDL001W YKL184W,0.0,NA,9.181086446652387e-12,1044,8242,3038,84,0.32898130238555773,0.11242730992892526,0.925531914893617,0.7306737588652482,0.2693262411347518
3122,YDR185C YGL094C,0.0,NA,9.195316383325824e-12,1044,8241,3039,84,0.32906189555125726,0.11243941841680129,0.925531914893617,0.7305851063829787,0.26941489361702126
3123,YHL018W YOL132W,0.0,NA,9.206039576492575e-12,1044,8240,3040,84,0.3291424887169568,0.11245152951314089,0.925531914893617,0.7304964539007093,0.2695035460992908
3124,YMR264W YGL097W,0.0,NA,9.217565079266965e-12,1044,8239,3041,84,0.32922308188265637,0.11246364321878703,0.925531914893617,0.7304078014184398,0.2695921985815603
3125,YDR324C YBR141C,0.0,NA,9.219516643177439e-12,1044,8238,3042,84,0.3293036750483559,0.11247575953458307,0.925531914893617,0.7303191489361702,0.2696808510638298
3126,YGR081C YBR111C,0.0,NA,9.226201400092116e-12,1044,8237,3043,84,0.3293842682140555,0.1124878784613727,0.925531914893617,0.7302304964539007,0.2697695035460993
3127,YER151C YBL067C,1.0,NA,9.268426304220867e-12,1043,8237,3043,85,0.3293036750483559,0.11239224137931035,0.924645390070922,0.7302304964539007,0.2697695035460993
3128,YGR165W YLR224W,0.0,NA,9.278508517063244e-12,1043,8236,3044,85,0.3293842682140555,0.112404353917448,0.924645390070922,0.7301418439716312,0.26985815602836877
3129,YLR273C YEL018W,0.0,NA,9.282225162110525e-12,1043,8235,3045,85,0.329464861379755,0.11241646906660918,0.924645390070922,0.7300531914893617,0.2699468085106383
3130,YKL171W YDL229W,0.0,NA,9.399527163556076e-12,1043,8234,3046,85,0.32954545454545453,0.11242858682763825,0.924645390070922,0.7299645390070922,0.2700354609929078
3131,YBL047C YDL229W,0.0,NA,9.454547388043633e-12,1043,8233,3047,85,0.3296260477111541,0.1124407072013799,0.924645390070922,0.7298758865248227,0.2701241134751773
3132,YIL155C YKR063C,0.0,NA,9.468840642123943e-12,1043,8232,3048,85,0.32970664087685364,0.11245283018867924,0.924645390070922,0.7297872340425532,0.2702127659574468
3133,YML073C YJR098C,0.0,NA,9.4852355136954e-12,1043,8231,3049,85,0.32978723404255317,0.11246495579038171,0.924645390070922,0.7296985815602837,0.27030141843971633
3134,YDL035C YMR202W,0.0,NA,9.546363699541871e-12,1043,8230,3050,85,0.32986782720825275,0.11247708400733311,0.924645390070922,0.7296099290780141,0.2703900709219858
3135,YNL181W YDR498C,0.0,NA,9.547656935893212e-12,1043,8229,3051,85,0.3299484203739523,0.11248921484037963,0.924645390070922,0.7295212765957447,0.27047872340425533
3136,YKL204W YKR042W,0.0,NA,9.593932419338369e-12,1043,8228,3052,85,0.33002901353965186,0.11250134829036781,0.924645390070922,0.7294326241134752,0.2705673758865248
3137,YGR262C YPR070W,0.0,NA,9.609041860814127e-12,1043,8227,3053,85,0.3301096067053514,0.11251348435814455,0.924645390070922,0.7293439716312057,0.2706560283687943
3138,YIL109C YDR516C,0.0,NA,9.618741567130051e-12,1043,8226,3054,85,0.3301901998710509,0.11252562304455713,0.924645390070922,0.7292553191489362,0.27074468085106385
3139,YBR203W YPR043W,0.0,NA,9.685643780066311e-12,1043,8225,3055,85,0.3302707930367505,0.11253776435045318,0.924645390070922,0.7291666666666666,0.2708333333333333
3140,YOR391C YJR126C,1.0,NA,9.704004960697787e-12,1042,8225,3055,86,0.3301901998710509,0.11244199848926298,0.9237588652482269,0.7291666666666666,0.2708333333333333
3141,YDL180W YLR167W,0.0,NA,9.729377026257424e-12,1042,8224,3056,86,0.3302707930367505,0.11245413339089143,0.9237588652482269,0.7290780141843972,0.27092198581560284
3142,YJL145W YKL072W,0.0,NA,9.739330002200841e-12,1042,8223,3057,86,0.33035138620245,0.11246627091203454,0.9237588652482269,0.7289893617021277,0.27101063829787236
3143,YER177W YPL199C,0.0,NA,9.766991902748767e-12,1042,8222,3058,86,0.33043197936814955,0.11247841105354059,0.9237588652482269,0.7289007092198582,0.27109929078014183
3144,YCR094W YBR214W,0.0,NA,9.839145991008547e-12,1042,8221,3059,86,0.33051257253384914,0.11249055381625823,0.9237588652482269,0.7288120567375886,0.27118794326241136
3145,YCL024W YMR087W,0.0,NA,9.874283682376195e-12,1042,8220,3060,86,0.33059316569954866,0.11250269920103649,0.9237588652482269,0.7287234042553191,0.2712765957446808
3146,YDR038C YAL047C,0.0,NA,9.899402478308339e-12,1042,8219,3061,86,0.33067375886524825,0.11251484720872476,0.9237588652482269,0.7286347517730496,0.27136524822695035
3147,YNL239W YML055W,1.0,NA,9.915823370731935e-12,1041,8219,3061,87,0.33059316569954866,0.11241900647948164,0.9228723404255319,0.7286347517730496,0.27136524822695035
3148,YMR124W YBR302C,0.0,NA,9.930114022727032e-12,1041,8218,3062,87,0.33067375886524825,0.11243114807214602,0.9228723404255319,0.7285460992907802,0.2714539007092199
3149,YDR281C YEL012W,0.0,NA,9.951785055750673e-12,1041,8217,3063,87,0.3307543520309478,0.11244329228775113,0.9228723404255319,0.7284574468085107,0.27154255319148934
3150,YHR112C YLR316C,0.0,NA,9.973885432834617e-12,1041,8216,3064,87,0.3308349451966473,0.11245543912714702,0.9228723404255319,0.7283687943262411,0.27163120567375887
3151,YER094C YBL067C,1.0,NA,9.978851946146339e-12,1040,8216,3064,88,0.3307543520309478,0.11235955056179775,0.9219858156028369,0.7283687943262411,0.27163120567375887
3152,YGL085W YBR301W,0.0,NA,1.003048945985574e-11,1040,8215,3065,88,0.3308349451966473,0.11237169097784981,0.9219858156028369,0.7282801418439716,0.2717198581560284
3153,YLR273C YDR312W,0.0,NA,1.0043889331345923e-11,1040,8214,3066,88,0.3309155383623469,0.11238383401772206,0.9219858156028369,0.7281914893617021,0.27180851063829786
3154,YKL003C YOL119C,0.0,NA,1.0068575313770811e-11,1040,8213,3067,88,0.3309961315280464,0.11239597968226521,0.9219858156028369,0.7281028368794327,0.2718971631205674
3155,YLR227C YJR152W,0.0,NA,1.0071801899436128e-11,1040,8212,3068,88,0.331076724693746,0.11240812797233031,0.9219858156028369,0.7280141843971631,0.27198581560283686
3156,YPR113W YLR407W,0.0,NA,1.0102470075767922e-11,1040,8211,3069,88,0.3311573178594455,0.11242027888876878,0.9219858156028369,0.7279255319148936,0.2720744680851064
3157,YDR519W YLR265C,0.0,NA,1.014483462513649e-11,1040,8210,3070,88,0.33123791102514505,0.11243243243243244,0.9219858156028369,0.7278368794326241,0.2721631205673759
3158,YDR212W YJR009C,0.0,NA,1.0150409159026541e-11,1040,8209,3071,88,0.33131850419084463,0.11244458860417342,0.9219858156028369,0.7277482269503546,0.2722517730496454
3159,YDR315C YCR034W,0.0,NA,1.0157963012402682e-11,1040,8208,3072,88,0.33139909735654416,0.11245674740484429,0.9219858156028369,0.7276595744680852,0.2723404255319149
3160,YBR085W YGL222C,0.0,NA,1.0194025311383026e-11,1040,8207,3073,88,0.3314796905222437,0.11246890883529793,0.9219858156028369,0.7275709219858156,0.2724290780141844
3161,YCR068W YLL021W,0.0,NA,1.0222179006036392e-11,1040,8206,3074,88,0.33156028368794327,0.11248107289638763,0.9219858156028369,0.7274822695035461,0.2725177304964539
3162,YAL007C YIL070C,0.0,NA,1.0241909750852152e-11,1040,8205,3075,88,0.3316408768536428,0.11249323958896701,0.9219858156028369,0.7273936170212766,0.2726063829787234
3163,YIL087C YBR299W,0.0,NA,1.0308485835774928e-11,1040,8204,3076,88,0.3317214700193424,0.11250540891389009,0.9219858156028369,0.7273049645390071,0.2726950354609929
3164,YMR240C YMR012W,0.0,NA,1.0311237974569565e-11,1040,8203,3077,88,0.3318020631850419,0.11251758087201125,0.9219858156028369,0.7272163120567375,0.2727836879432624
3165,YMR264W YOR288C,0.0,NA,1.0398812019807302e-11,1040,8202,3078,88,0.33188265635074143,0.11252975546418524,0.9219858156028369,0.7271276595744681,0.27287234042553193
3166,YHR083W YJR134C,0.0,NA,1.0410421656670277e-11,1040,8201,3079,88,0.331963249516441,0.11254193269126718,0.9219858156028369,0.7270390070921986,0.2729609929078014
3167,YKL207W YOR257W,0.0,NA,1.0420573258451693e-11,1040,8200,3080,88,0.33204384268214054,0.11255411255411256,0.9219858156028369,0.7269503546099291,0.2730496453900709
3168,YEL018W YMR137C,0.0,NA,1.042878457202523e-11,1040,8199,3081,88,0.3321244358478401,0.11256629505357722,0.9219858156028369,0.7268617021276595,0.27313829787234045
3169,YGR098C YLR163C,1.0,NA,1.0447479686925831e-11,1039,8199,3081,89,0.33204384268214054,0.1124702316518727,0.9210992907801419,0.7268617021276595,0.27313829787234045
3170,YPL101W YHR063C,0.0,NA,1.0455972025702476e-11,1039,8198,3082,89,0.3321244358478401,0.11248240770813034,0.9210992907801419,0.72677304964539,0.2732269503546099
3171,YLR087C YMR325W,0.0,NA,1.046048057201654e-11,1039,8197,3083,89,0.33220502901353965,0.11249458640103942,0.9210992907801419,0.7266843971631206,0.27331560283687945
3172,YGR206W YEL061C,0.0,NA,1.0474256011139271e-11,1039,8196,3084,89,0.3322856221792392,0.11250676773145642,0.9210992907801419,0.7265957446808511,0.2734042553191489
3173,YLR131C YOR258W,0.0,NA,1.0496495166101294e-11,1039,8195,3085,89,0.33236621534493876,0.11251895170023825,0.9210992907801419,0.7265070921985816,0.27349290780141844
3174,YNL301C YBR035C,0.0,NA,1.0562972371785939e-11,1039,8194,3086,89,0.3324468085106383,0.11253113830824217,0.9210992907801419,0.726418439716312,0.27358156028368796
3175,YAL048C YPR184W,0.0,NA,1.056736555898885e-11,1039,8193,3087,89,0.3325274016763378,0.11254332755632582,0.9210992907801419,0.7263297872340425,0.27367021276595743
3176,YDL198C YLR341W,0.0,NA,1.0569804580196074e-11,1039,8192,3088,89,0.3326079948420374,0.1125555194453472,0.9210992907801419,0.7262411347517731,0.27375886524822696
3177,YDR044W YOR213C,0.0,NA,1.057758915179452e-11,1039,8191,3089,89,0.33268858800773693,0.11256771397616468,0.9210992907801419,0.7261524822695036,0.2738475177304965
3178,YNL297C YMR142C,0.0,NA,1.0606742047170048e-11,1039,8190,3090,89,0.3327691811734365,0.11257991114963702,0.9210992907801419,0.726063829787234,0.27393617021276595
3179,YDR528W YIR012W,0.0,NA,1.0608927798749779e-11,1039,8189,3091,89,0.33284977433913604,0.11259211096662332,0.9210992907801419,0.7259751773049645,0.2740248226950355
3180,YLR350W YGL030W,0.0,NA,1.0609797762572981e-11,1039,8188,3092,89,0.33293036750483557,0.11260431342798309,0.9210992907801419,0.725886524822695,0.27411347517730494
3181,YKL052C YIL144W,0.0,NA,1.0635021509275422e-11,1039,8187,3093,89,0.33301096067053515,0.1126165185345762,0.9210992907801419,0.7257978723404256,0.27420212765957447
3182,YMR159C YNL004W,0.0,NA,1.0637395478352296e-11,1039,8186,3094,89,0.3330915538362347,0.11262872628726288,0.9210992907801419,0.7257092198581561,0.274290780141844
3183,YDR165W YMR309C,0.0,NA,1.0641250901277655e-11,1039,8185,3095,89,0.33317214700193426,0.11264093668690373,0.9210992907801419,0.7256205673758865,0.27437943262411346
3184,YNR075W YDL223C,0.0,NA,1.067770524776357e-11,1039,8184,3096,89,0.3332527401676338,0.11265314973435975,0.9210992907801419,0.725531914893617,0.274468085106383
3185,YML015C YJL165C,0.0,NA,1.0680924027173244e-11,1039,8183,3097,89,0.3333333333333333,0.1126653654304923,0.9210992907801419,0.7254432624113475,0.27455673758865246
3186,YJL170C YOL045W,0.0,NA,1.0692134677636744e-11,1039,8182,3098,89,0.3334139264990329,0.1126775837761631,0.9210992907801419,0.725354609929078,0.274645390070922
3187,YLR401C YMR092C,0.0,NA,1.0742359259074963e-11,1039,8181,3099,89,0.3334945196647324,0.11268980477223427,0.9210992907801419,0.7252659574468086,0.2747340425531915
3188,YDL241W YGL143C,0.0,NA,1.0747933792965014e-11,1039,8180,3100,89,0.33357511283043195,0.11270202841956828,0.9210992907801419,0.725177304964539,0.274822695035461
3189,YDL244W YMR137C,0.0,NA,1.0765516950117515e-11,1039,8179,3101,89,0.33365570599613154,0.11271425471902799,0.9210992907801419,0.7250886524822695,0.2749113475177305
3190,YLL019C YOR125C,0.0,NA,1.0793066961001241e-11,1039,8178,3102,89,0.33373629916183106,0.11272648367147661,0.9210992907801419,0.725,0.275
3191,YJL053W YCR031C,0.0,NA,1.0800088254270257e-11,1039,8177,3103,89,0.33381689232753065,0.11273871527777778,0.9210992907801419,0.7249113475177305,0.2750886524822695
3192,YOR312C YMR221C,0.0,NA,1.0800583517822648e-11,1039,8176,3104,89,0.3338974854932302,0.11275094953879544,0.9210992907801419,0.724822695035461,0.275177304964539
3193,YGR034W YPR121W,0.0,NA,1.082035676336357e-11,1039,8175,3105,89,0.3339780786589297,0.11276318645539396,0.9210992907801419,0.7247340425531915,0.2752659574468085
3194,YDR099W YGR200C,0.0,NA,1.0840891552510445e-11,1039,8174,3106,89,0.3340586718246293,0.11277542602843808,0.9210992907801419,0.724645390070922,0.275354609929078
3195,YLR208W YAR042W,0.0,NA,1.0866333007009121e-11,1039,8173,3107,89,0.3341392649903288,0.11278766825879288,0.9210992907801419,0.7245567375886525,0.27544326241134753
3196,YGR042W YCR026C,0.0,NA,1.0884026319102347e-11,1039,8172,3108,89,0.3342198581560284,0.11279991314732385,0.9210992907801419,0.7244680851063829,0.275531914893617
3197,YLR088W YFR006W,1.0,NA,1.0939638084295211e-11,1038,8172,3108,90,0.3341392649903288,0.11270358306188925,0.9202127659574468,0.7244680851063829,0.275531914893617
3198,YBR132C YOL052C,0.0,NA,1.0969621912215732e-11,1038,8171,3109,90,0.3342198581560284,0.11271582147898794,0.9202127659574468,0.7243794326241135,0.2756205673758865
3199,YGL030W YNL131W,0.0,NA,1.097183888881803e-11,1038,8170,3110,90,0.3343004513217279,0.11272806255430061,0.9202127659574468,0.724290780141844,0.27570921985815605
3200,YLR291C YBR201W,0.0,NA,1.0978433440111957e-11,1038,8169,3111,90,0.33438104448742745,0.11274030628869339,0.9202127659574468,0.7242021276595745,0.2757978723404255
3201,YPL063W YDL211C,0.0,NA,1.0985219678349978e-11,1038,8168,3112,90,0.33446163765312703,0.1127525526830328,0.9202127659574468,0.724113475177305,0.27588652482269505
3202,YCR105W YCR065W,0.0,NA,1.1006990457973487e-11,1038,8167,3113,90,0.33454223081882656,0.11276480173818577,0.9202127659574468,0.7240248226950354,0.2759751773049645
3203,YOR242C YDR229W,0.0,NA,1.1123553467218272e-11,1038,8166,3114,90,0.3346228239845261,0.11277705345501955,0.9202127659574468,0.7239361702127659,0.27606382978723404
3204,YLR116W YGR048W,0.0,NA,1.1125420897040161e-11,1038,8165,3115,90,0.33470341715022567,0.11278930783440183,0.9202127659574468,0.7238475177304965,0.27615248226950356
3205,YPL094C YHR167W,0.0,NA,1.1244075115435237e-11,1038,8164,3116,90,0.3347840103159252,0.11280156487720061,0.9202127659574468,0.723758865248227,0.27624113475177303
3206,YHL011C YMR278W,0.0,NA,1.1256779362811553e-11,1038,8163,3117,90,0.3348646034816248,0.11281382458428432,0.9202127659574468,0.7236702127659574,0.27632978723404256
3207,YBR133C YBR275C,0.0,NA,1.1270958992504188e-11,1038,8162,3118,90,0.3349451966473243,0.11282608695652174,0.9202127659574468,0.7235815602836879,0.2764184397163121
3208,YDR357C YHR012W,0.0,NA,1.1275926373177647e-11,1038,8161,3119,90,0.33502578981302383,0.11283835199478204,0.9202127659574468,0.7234929078014184,0.27650709219858155
3209,YMR095C YJL165C,0.0,NA,1.1323297334497884e-11,1038,8160,3120,90,0.3351063829787234,0.11285061969993476,0.9202127659574468,0.723404255319149,0.2765957446808511
3210,YLR114C YMR173W,0.0,NA,1.1354873638569352e-11,1038,8159,3121,90,0.33518697614442294,0.11286289007284984,0.9202127659574468,0.7233156028368795,0.27668439716312054
3211,YPL249C YPL023C,0.0,NA,1.1358880849798858e-11,1038,8158,3122,90,0.3352675693101225,0.11287516311439756,0.9202127659574468,0.7232269503546099,0.27677304964539007
3212,YMR159C YNL289W,0.0,NA,1.139459880616922e-11,1038,8157,3123,90,0.33534816247582205,0.11288743882544862,0.9202127659574468,0.7231382978723404,0.2768617021276596
3213,YCR084C YPR184W,0.0,NA,1.1395402850500336e-11,1038,8156,3124,90,0.3354287556415216,0.11289971720687404,0.9202127659574468,0.7230496453900709,0.27695035460992906
3214,YNL320W YDL006W,0.0,NA,1.1465823082645876e-11,1038,8155,3125,90,0.33550934880722116,0.1129119982595453,0.9202127659574468,0.7229609929078015,0.2770390070921986
3215,YNL239W YER094C,1.0,NA,1.1499814121795904e-11,1037,8155,3125,91,0.3354287556415216,0.11281549173194082,0.9193262411347518,0.7229609929078015,0.2770390070921986
3216,YBL092W YGR202C,0.0,NA,1.1502797846174584e-11,1037,8154,3126,91,0.33550934880722116,0.11282776629311282,0.9193262411347518,0.722872340425532,0.2771276595744681
3217,YKL073W YER035W,0.0,NA,1.1517089365531419e-11,1037,8153,3127,91,0.3355899419729207,0.11284004352557127,0.9193262411347518,0.7227836879432624,0.2772163120567376
3218,YKL173W YGR144W,0.0,NA,1.1517156152385244e-11,1037,8152,3128,91,0.3356705351386202,0.11285232343018826,0.9193262411347518,0.7226950354609929,0.2773049645390071
3219,YML075C YMR200W,0.0,NA,1.1518583829805973e-11,1037,8151,3129,91,0.3357511283043198,0.11286460600783631,0.9193262411347518,0.7226063829787234,0.2773936170212766
3220,YFL033C YLR090W,0.0,NA,1.1538351871176467e-11,1037,8150,3130,91,0.33583172147001933,0.11287689125938827,0.9193262411347518,0.7225177304964538,0.2774822695035461
3221,YMR277W YMR316C-A,0.0,NA,1.158390917910257e-11,1037,8149,3131,91,0.3359123146357189,0.11288917918571739,0.9193262411347518,0.7224290780141844,0.2775709219858156
3222,YJL131C YMR217W,0.0,NA,1.1598412334723474e-11,1037,8148,3132,91,0.33599290780141844,0.11290146978769733,0.9193262411347518,0.7223404255319149,0.2776595744680851
3223,YLL008W YHR050W,0.0,NA,1.160201882483003e-11,1037,8147,3133,91,0.33607350096711797,0.11291376306620209,0.9193262411347518,0.7222517730496454,0.2777482269503546
3224,YGR229C YER173W,0.0,NA,1.1614528783177036e-11,1037,8146,3134,91,0.33615409413281755,0.11292605902210606,0.9193262411347518,0.7221631205673759,0.27783687943262414
3225,YOR064C YEL018W,0.0,NA,1.1636969166062272e-11,1037,8145,3135,91,0.3362346872985171,0.11293835765628403,0.9193262411347518,0.7220744680851063,0.2779255319148936
3226,YNR009W YDR201W,0.0,NA,1.1644251535214423e-11,1037,8144,3136,91,0.33631528046421666,0.11295065896961115,0.9193262411347518,0.7219858156028369,0.27801418439716313
3227,YJL051W YOR258W,0.0,NA,1.1663990953647563e-11,1037,8143,3137,91,0.3363958736299162,0.11296296296296296,0.9193262411347518,0.7218971631205674,0.2781028368794326
3228,YNL267W YMR211W,0.0,NA,1.1669664366775745e-11,1037,8142,3138,91,0.3364764667956157,0.11297526963721538,0.9193262411347518,0.7218085106382979,0.2781914893617021
3229,YOR355W YGR082W,0.0,NA,1.1775286475057545e-11,1037,8141,3139,91,0.3365570599613153,0.11298757899324471,0.9193262411347518,0.7217198581560283,0.27828014184397165
3230,YGR013W YCR034W,0.0,NA,1.1829922458295172e-11,1037,8140,3140,91,0.3366376531270148,0.11299989103192765,0.9193262411347518,0.7216312056737588,0.2783687943262411
3231,YLL015W YDR166C,0.0,NA,1.1890276957471357e-11,1037,8139,3141,91,0.33671824629271435,0.11301220575414124,0.9193262411347518,0.7215425531914894,0.27845744680851064
3232,YGR141W YOR145C,0.0,NA,1.1927118147292415e-11,1037,8138,3142,91,0.33679883945841393,0.11302452316076295,0.9193262411347518,0.7214539007092199,0.27854609929078017
3233,YPL053C YHR166C,0.0,NA,1.197969414640232e-11,1037,8137,3143,91,0.33687943262411346,0.11303684325267059,0.9193262411347518,0.7213652482269504,0.27863475177304964
3234,YPR107C YER002W,0.0,NA,1.200135216899989e-11,1037,8136,3144,91,0.33696002578981304,0.1130491660307424,0.9193262411347518,0.7212765957446808,0.27872340425531916
3235,YML008C YBR213W,0.0,NA,1.2007832228544402e-11,1037,8135,3145,91,0.33704061895551257,0.11306149149585695,0.9193262411347518,0.7211879432624113,0.27881205673758863
3236,YMR235C YGL097W,0.0,NA,1.2046140994426136e-11,1037,8134,3146,91,0.3371212121212121,0.11307381964889325,0.9193262411347518,0.7210992907801419,0.27890070921985816
3237,YOR059C YER173W,0.0,NA,1.2113418774994944e-11,1037,8133,3147,91,0.3372018052869117,0.11308615049073065,0.9193262411347518,0.7210106382978724,0.2789893617021277
3238,YKR020W YAL041W,0.0,NA,1.2141593286330021e-11,1037,8132,3148,91,0.3372823984526112,0.11309848402224888,0.9193262411347518,0.7209219858156029,0.27907801418439715
3239,YGR171C YKR094C,0.0,NA,1.2157350647024057e-11,1037,8131,3149,91,0.3373629916183108,0.1131108202443281,0.9193262411347518,0.7208333333333333,0.2791666666666667
3240,YNL064C YKL196C,0.0,NA,1.2243870847750138e-11,1037,8130,3150,91,0.3374435847840103,0.1131231591578488,0.9193262411347518,0.7207446808510638,0.27925531914893614
3241,YKL061W YBR163W,0.0,NA,1.2299015972327965e-11,1037,8129,3151,91,0.33752417794970985,0.1131355007636919,0.9193262411347518,0.7206560283687943,0.27934397163120567
3242,YML075C YGR080W,0.0,NA,1.2334583007755917e-11,1037,8128,3152,91,0.33760477111540943,0.11314784506273869,0.9193262411347518,0.7205673758865249,0.2794326241134752
3243,YDR067C YOR315W,0.0,NA,1.237365071515839e-11,1037,8127,3153,91,0.33768536428110896,0.1131601920558708,0.9193262411347518,0.7204787234042553,0.27952127659574466
3244,YDL170W YGR088W,0.0,NA,1.2375350744164848e-11,1037,8126,3154,91,0.3377659574468085,0.11317254174397032,0.9193262411347518,0.7203900709219858,0.2796099290780142
3245,YPL150W YDR005C,0.0,NA,1.2424118157883246e-11,1037,8125,3155,91,0.33784655061250807,0.11318489412791967,0.9193262411347518,0.7203014184397163,0.2796985815602837
3246,YKL003C YDL174C,0.0,NA,1.2509793548276527e-11,1037,8124,3156,91,0.3379271437782076,0.11319724920860168,0.9193262411347518,0.7202127659574468,0.2797872340425532
3247,YGL071W YKR063C,0.0,NA,1.2552121668452099e-11,1037,8123,3157,91,0.3380077369439072,0.11320960698689957,0.9193262411347518,0.7201241134751774,0.2798758865248227
3248,YHR150W YLL039C,0.0,NA,1.2557102059551628e-11,1037,8122,3158,91,0.3380883301096067,0.11322196746369691,0.9193262411347518,0.7200354609929078,0.2799645390070922
3249,YOR347C YML107C,0.0,NA,1.2563809367871492e-11,1037,8121,3159,91,0.33816892327530623,0.1132343306398777,0.9193262411347518,0.7199468085106383,0.2800531914893617
3250,YDR488C YDR217C,0.0,NA,1.257690132594469e-11,1037,8120,3160,91,0.3382495164410058,0.11324669651632631,0.9193262411347518,0.7198581560283688,0.2801418439716312
3251,YOR228C YML105C,0.0,NA,1.2593775848557254e-11,1037,8119,3161,91,0.33833010960670534,0.11325906509392748,0.9193262411347518,0.7197695035460993,0.2802304964539007
3252,YLR057W YGL094C,0.0,NA,1.2607210414516956e-11,1037,8118,3162,91,0.3384107027724049,0.11327143637356636,0.9193262411347518,0.7196808510638298,0.2803191489361702
3253,YGR165W YDR361C,0.0,NA,1.2867150921136439e-11,1037,8117,3163,91,0.33849129593810445,0.11328381035612847,0.9193262411347518,0.7195921985815603,0.28040780141843974
3254,YEL017C-A YER087C-A,0.0,NA,1.2876724860000355e-11,1037,8116,3164,91,0.338571889103804,0.11329618704249973,0.9193262411347518,0.7195035460992908,0.2804964539007092
3255,YNL271C YOR337W,0.0,NA,1.2891764045175336e-11,1037,8115,3165,91,0.33865248226950356,0.11330856643356643,0.9193262411347518,0.7194148936170213,0.28058510638297873
3256,YKL112W YDR332W,0.0,NA,1.2935016772963603e-11,1037,8114,3166,91,0.3387330754352031,0.11332094853021528,0.9193262411347518,0.7193262411347517,0.2806737588652482
3257,YPL101W YGL219C,0.0,NA,1.2957684404624192e-11,1037,8113,3167,91,0.3388136686009026,0.11333333333333333,0.9193262411347518,0.7192375886524822,0.2807624113475177
3258,YHR057C YHR086W,0.0,NA,1.2982621054591359e-11,1037,8112,3168,91,0.3388942617666022,0.11334572084380806,0.9193262411347518,0.7191489361702128,0.28085106382978725
3259,YGR042W YNL022C,0.0,NA,1.3036813815980874e-11,1037,8111,3169,91,0.33897485493230173,0.11335811106252733,0.9193262411347518,0.7190602836879433,0.2809397163120567
3260,YHR037W YAL041W,0.0,NA,1.313568091104722e-11,1037,8110,3170,91,0.3390554480980013,0.11337050399037936,0.9193262411347518,0.7189716312056738,0.28102836879432624
3261,YML023C YOR349W,0.0,NA,1.3219780305162576e-11,1037,8109,3171,91,0.33913604126370084,0.11338289962825279,0.9193262411347518,0.7188829787234042,0.28111702127659577
3262,YMR095C YGR220C,0.0,NA,1.3245953812968114e-11,1037,8108,3172,91,0.33921663442940037,0.11339529797703664,0.9193262411347518,0.7187943262411347,0.28120567375886524
3263,YBR204C YOR213C,0.0,NA,1.3279041928548896e-11,1037,8107,3173,91,0.33929722759509995,0.1134076990376203,0.9193262411347518,0.7187056737588653,0.28129432624113476
3264,YDL083C YPR118W,0.0,NA,1.3313202970599569e-11,1037,8106,3174,91,0.3393778207607995,0.11342010281089358,0.9193262411347518,0.7186170212765958,0.28138297872340423
3265,YPR043W YDL150W,0.0,NA,1.3398592131619314e-11,1037,8105,3175,91,0.33945841392649906,0.11343250929774666,0.9193262411347518,0.7185283687943262,0.28147163120567376
3266,YKL002W YKL122C,0.0,NA,1.340559607765357e-11,1037,8104,3176,91,0.3395390070921986,0.11344491849907012,0.9193262411347518,0.7184397163120567,0.2815602836879433
3267,YGR131W YJL131C,0.0,NA,1.3425170697356492e-11,1037,8103,3177,91,0.3396196002578981,0.11345733041575493,0.9193262411347518,0.7183510638297872,0.28164893617021275
3268,YDL054C YLR297W,0.0,NA,1.3431778259076488e-11,1037,8102,3178,91,0.3397001934235977,0.11346974504869242,0.9193262411347518,0.7182624113475178,0.2817375886524823
3269,YIR021W YBR111C,0.0,NA,1.3445491248154084e-11,1037,8101,3179,91,0.3397807865892972,0.11348216239877434,0.9193262411347518,0.7181737588652483,0.2818262411347518
3270,YKL096W YPL042C,0.0,NA,1.3502829063205546e-11,1037,8100,3180,91,0.33986137975499675,0.11349458246689285,0.9193262411347518,0.7180851063829787,0.28191489361702127
3271,YML076C YBL092W,0.0,NA,1.3614703114894766e-11,1037,8099,3181,91,0.33994197292069633,0.11350700525394046,0.9193262411347518,0.7179964539007092,0.2820035460992908
3272,YER164W YER173W,0.0,NA,1.3675630940179762e-11,1037,8098,3182,91,0.34002256608639586,0.11351943076081007,0.9193262411347518,0.7179078014184397,0.28209219858156026
3273,YBR083W YKL219W,0.0,NA,1.370756893409597e-11,1037,8097,3183,91,0.34010315925209544,0.113531858988395,0.9193262411347518,0.7178191489361702,0.2821808510638298
3274,YER100W YKL104C,0.0,NA,1.3918199925910812e-11,1037,8096,3184,91,0.34018375241779497,0.11354428993758896,0.9193262411347518,0.7177304964539007,0.2822695035460993
3275,YDL083C YDR207C,0.0,NA,1.3957678762777093e-11,1037,8095,3185,91,0.3402643455834945,0.11355672360928602,0.9193262411347518,0.7176418439716312,0.2823581560283688
3276,YML022W YER002W,0.0,NA,1.3964708729663489e-11,1037,8094,3186,91,0.3403449387491941,0.11356916000438068,0.9193262411347518,0.7175531914893617,0.2824468085106383
3277,YLR006C YHR021C,0.0,NA,1.3999618304894046e-11,1037,8093,3187,91,0.3404255319148936,0.11358159912376779,0.9193262411347518,0.7174645390070922,0.2825354609929078
3278,YGL222C YPR163C,0.0,NA,1.4011292126525632e-11,1037,8092,3188,91,0.3405061250805932,0.11359404096834265,0.9193262411347518,0.7173758865248226,0.2826241134751773
3279,YBL046W YMR124W,0.0,NA,1.410748080854507e-11,1037,8091,3189,91,0.3405867182462927,0.11360648553900088,0.9193262411347518,0.7172872340425532,0.2827127659574468
3280,YIL087C YJR103W,0.0,NA,1.414795537668656e-11,1037,8090,3190,91,0.34066731141199225,0.11361893283663854,0.9193262411347518,0.7171985815602837,0.2828014184397163
3281,YGL094C YBR228W,0.0,NA,1.4167261981612445e-11,1037,8089,3191,91,0.34074790457769183,0.11363138286215209,0.9193262411347518,0.7171099290780142,0.2828900709219858
3282,YFL031W YDR011W,0.0,NA,1.4186325725251692e-11,1037,8088,3192,91,0.34082849774339136,0.11364383561643836,0.9193262411347518,0.7170212765957447,0.28297872340425534
3283,YHR021W-A YMR125W,0.0,NA,1.4216960941837442e-11,1037,8087,3193,91,0.3409090909090909,0.11365629110039456,0.9193262411347518,0.7169326241134751,0.2830673758865248
3284,YBR203W YLR020C,0.0,NA,1.4314316225394474e-11,1037,8086,3194,91,0.34098968407479047,0.11366874931491834,0.9193262411347518,0.7168439716312057,0.28315602836879433
3285,YNR050C YNL030W,0.0,NA,1.4340468049156563e-11,1037,8085,3195,91,0.34107027724049,0.11368121026090769,0.9193262411347518,0.7167553191489362,0.28324468085106386
3286,YMR032W YJR004C,0.0,NA,1.4347281175608462e-11,1037,8084,3196,91,0.3411508704061896,0.11369367393926104,0.9193262411347518,0.7166666666666667,0.2833333333333333
3287,YBR220C YIR002C,0.0,NA,1.4374398372984931e-11,1037,8083,3197,91,0.3412314635718891,0.1137061403508772,0.9193262411347518,0.7165780141843971,0.28342198581560285
3288,YPL190C YLR142W,0.0,NA,1.4383614091451058e-11,1037,8082,3198,91,0.34131205673758863,0.11371860949665534,0.9193262411347518,0.7164893617021276,0.2835106382978723
3289,YDR162C YER105C,0.0,NA,1.4569383893769938e-11,1037,8081,3199,91,0.3413926499032882,0.11373108137749506,0.9193262411347518,0.7164007092198581,0.28359929078014184
3290,YOR110W YLR105C,0.0,NA,1.4609955606426084e-11,1037,8080,3200,91,0.34147324306898774,0.11374355599429636,0.9193262411347518,0.7163120567375887,0.28368794326241137
3291,YDL001W YPL062W,0.0,NA,1.4626851813082098e-11,1037,8079,3201,91,0.3415538362346873,0.11375603334795963,0.9193262411347518,0.7162234042553192,0.28377659574468084
3292,YDR087C YBL092W,0.0,NA,1.4648740553901973e-11,1037,8078,3202,91,0.34163442940038685,0.11376851343938563,0.9193262411347518,0.7161347517730496,0.28386524822695036
3293,YJR133W YNL007C,0.0,NA,1.465606282169407e-11,1037,8077,3203,91,0.3417150225660864,0.11378099626947553,0.9193262411347518,0.7160460992907801,0.28395390070921983
3294,YKL061W YBR248C,0.0,NA,1.4790323479840772e-11,1037,8076,3204,91,0.34179561573178596,0.1137934818391309,0.9193262411347518,0.7159574468085106,0.28404255319148936
3295,YMR095C YBR173C,0.0,NA,1.48772123093055e-11,1037,8075,3205,91,0.3418762088974855,0.11380597014925373,0.9193262411347518,0.7158687943262412,0.2841312056737589
3296,YDL137W YMR260C,0.0,NA,1.4877779563882143e-11,1037,8074,3206,91,0.341956802063185,0.11381846120074635,0.9193262411347518,0.7157801418439717,0.28421985815602835
3297,YBR201W YJL121C,0.0,NA,1.4886579816075773e-11,1037,8073,3207,91,0.3420373952288846,0.11383095499451153,0.9193262411347518,0.7156914893617021,0.2843085106382979
3298,YPL241C YMR016C,0.0,NA,1.4959160646310643e-11,1037,8072,3208,91,0.3421179883945841,0.11384345153145241,0.9193262411347518,0.7156028368794326,0.2843971631205674
3299,YOR245C YBR293W,0.0,NA,1.509737647398257e-11,1037,8071,3209,91,0.3421985815602837,0.11385595081247255,0.9193262411347518,0.7155141843971631,0.28448581560283687
3300,YNR048W YDR488C,0.0,NA,1.5112473772393997e-11,1037,8070,3210,91,0.34227917472598324,0.1138684528384759,0.9193262411347518,0.7154255319148937,0.2845744680851064
3301,YLR293C YBR111C,0.0,NA,1.5222404933790123e-11,1037,8069,3211,91,0.34235976789168276,0.11388095761036679,0.9193262411347518,0.7153368794326241,0.28466312056737586
3302,YGR213C YOL132W,0.0,NA,1.524169679356646e-11,1037,8068,3212,91,0.34244036105738235,0.11389346512904998,0.9193262411347518,0.7152482269503546,0.2847517730496454
3303,YLR045C YPR185W,0.0,NA,1.525653041400954e-11,1037,8067,3213,91,0.3425209542230819,0.11390597539543058,0.9193262411347518,0.7151595744680851,0.2848404255319149
3304,YDL125C YLR430W,0.0,NA,1.5265495464933387e-11,1037,8066,3214,91,0.34260154738878146,0.11391848841041415,0.9193262411347518,0.7150709219858156,0.2849290780141844
3305,YLR105C YDR264C,0.0,NA,1.5302868347499832e-11,1037,8065,3215,91,0.342682140554481,0.11393100417490662,0.9193262411347518,0.7149822695035462,0.2850177304964539
3306,YML063W YDL188C,0.0,NA,1.5435545203112966e-11,1037,8064,3216,91,0.3427627337201805,0.11394352268981431,0.9193262411347518,0.7148936170212766,0.2851063829787234
3307,YMR142C YJR134C,0.0,NA,1.5475105571982617e-11,1037,8063,3217,91,0.3428433268858801,0.11395604395604396,0.9193262411347518,0.7148049645390071,0.2851950354609929
3308,YOR355W YOR047C,0.0,NA,1.5588834043067656e-11,1037,8062,3218,91,0.3429239200515796,0.1139685679745027,0.9193262411347518,0.7147163120567376,0.2852836879432624
3309,YGR106C YER131W,0.0,NA,1.5626581625904912e-11,1037,8061,3219,91,0.34300451321727915,0.11398109474609805,0.9193262411347518,0.714627659574468,0.2853723404255319
3310,YBR245C YLR332W,0.0,NA,1.5649041090748383e-11,1037,8060,3220,91,0.34308510638297873,0.11399362427173794,0.9193262411347518,0.7145390070921985,0.2854609929078014
3311,YOR195W YER173W,0.0,NA,1.573488214723362e-11,1037,8059,3221,91,0.34316569954867826,0.11400615655233069,0.9193262411347518,0.7144503546099291,0.28554964539007094
3312,YBL075C YGR097W,0.0,NA,1.5736741770799867e-11,1037,8058,3222,91,0.34324629271437784,0.11401869158878504,0.9193262411347518,0.7143617021276596,0.2856382978723404
3313,YNR055C YHL013C,0.0,NA,1.579791159000976e-11,1037,8057,3223,91,0.34332688588007737,0.11403122938201012,0.9193262411347518,0.7142730496453901,0.28572695035460993
3314,YNL113W YER173W,0.0,NA,1.5823273247228542e-11,1037,8056,3224,91,0.3434074790457769,0.11404376993291543,0.9193262411347518,0.7141843971631205,0.28581560283687946
3315,YHR200W YDR415C,1.0,NA,1.5839156375374586e-11,1036,8056,3224,92,0.34332688588007737,0.1139463264408271,0.9184397163120568,0.7141843971631205,0.28581560283687946
3316,YOR119C YER124C,0.0,NA,1.5840998651706073e-11,1036,8055,3225,92,0.3434074790457769,0.11395886041139588,0.9184397163120568,0.714095744680851,0.2859042553191489
3317,YCL056C YDR166C,0.0,NA,1.584792019837522e-11,1036,8054,3226,92,0.3434880722114765,0.11397139713971396,0.9184397163120568,0.7140070921985816,0.28599290780141845
3318,YBR179C YNL022C,0.0,NA,1.5891355939490204e-11,1036,8053,3227,92,0.343568665377176,0.11398393662669161,0.9184397163120568,0.7139184397163121,0.2860815602836879
3319,YBR111C YJR014W,0.0,NA,1.6007563330422414e-11,1036,8052,3228,92,0.3436492585428756,0.11399647887323944,0.9184397163120568,0.7138297872340426,0.28617021276595744
3320,YMR246W YAL047C,0.0,NA,1.6057316934436905e-11,1036,8051,3229,92,0.3437298517085751,0.11400902388026851,0.9184397163120568,0.713741134751773,0.28625886524822697
3321,YMR163C YOL039W,0.0,NA,1.609567687466118e-11,1036,8050,3230,92,0.34381044487427465,0.1140215716486903,0.9184397163120568,0.7136524822695035,0.28634751773049644
3322,YPL274W YLR131C,0.0,NA,1.6099146321613134e-11,1036,8049,3231,92,0.34389103803997423,0.11403412217941662,0.9184397163120568,0.7135638297872341,0.28643617021276596
3323,YDL222C YLR224W,0.0,NA,1.6103077205009697e-11,1036,8048,3232,92,0.34397163120567376,0.11404667547335975,0.9184397163120568,0.7134751773049646,0.2865248226950355
3324,YPR024W YBR074W,1.0,NA,1.6191499530027187e-11,1035,8048,3232,93,0.34389103803997423,0.11394913574810085,0.9175531914893617,0.7134751773049646,0.2865248226950355
3325,YJL138C YBR276C,0.0,NA,1.6288297099986693e-11,1035,8047,3233,93,0.34397163120567376,0.11396168244879983,0.9175531914893617,0.713386524822695,0.28661347517730495
3326,YKR094C YKL051W,0.0,NA,1.629702969796476e-11,1035,8046,3234,93,0.3440522243713733,0.11397423191278494,0.9175531914893617,0.7132978723404255,0.2867021276595745
3327,YLR431C YHR055C,0.0,NA,1.6310399211794113e-11,1035,8045,3235,93,0.34413281753707287,0.11398678414096916,0.9175531914893617,0.713209219858156,0.28679078014184395
3328,YIL051C YKR070W,0.0,NA,1.6335649846710432e-11,1035,8044,3236,93,0.3442134107027724,0.1139993391342659,0.9175531914893617,0.7131205673758865,0.2868794326241135
3329,YBL005W-B YJL172W,1.0,NA,1.639689599375327e-11,1034,8044,3236,94,0.34413281753707287,0.11390174047146949,0.9166666666666666,0.7131205673758865,0.2868794326241135
3330,YPR021C YGL099W,0.0,NA,1.6436756469784264e-11,1034,8043,3237,94,0.3442134107027724,0.1139142888619588,0.9166666666666666,0.7130319148936171,0.286968085106383
3331,YOR065W YNL327W,0.0,NA,1.661690576804098e-11,1034,8042,3238,94,0.344294003868472,0.11392684001762891,0.9166666666666666,0.7129432624113475,0.28705673758865247
3332,YLR072W YNL068C,0.0,NA,1.662365731180948e-11,1034,8041,3239,94,0.3443745970341715,0.11393939393939394,0.9166666666666666,0.712854609929078,0.287145390070922
3333,YFL034C-A YJR048W,0.0,NA,1.6650186437927594e-11,1034,8040,3240,94,0.34445519019987103,0.11395195062816839,0.9166666666666666,0.7127659574468085,0.2872340425531915
3334,YCL056C YPR010C,0.0,NA,1.6659970278332104e-11,1034,8039,3241,94,0.3445357833655706,0.11396451008486719,0.9166666666666666,0.712677304964539,0.287322695035461
3335,YDL229W YDL155W,0.0,NA,1.666658130949905e-11,1034,8038,3242,94,0.34461637653127014,0.11397707231040564,0.9166666666666666,0.7125886524822695,0.2874113475177305
3336,YLL027W YDR346C,0.0,NA,1.6688275761289617e-11,1034,8037,3243,94,0.3446969696969697,0.11398963730569948,0.9166666666666666,0.7125,0.2875
3337,YBR250W YJR094W-A,0.0,NA,1.671379180889776e-11,1034,8036,3244,94,0.34477756286266925,0.11400220507166482,0.9166666666666666,0.7124113475177305,0.2875886524822695
3338,YHL044W YBR141C,0.0,NA,1.677111227671446e-11,1034,8035,3245,94,0.3448581560283688,0.11401477560921822,0.9166666666666666,0.712322695035461,0.287677304964539
3339,YER144C YFR018C,1.0,NA,1.6818458084544297e-11,1033,8035,3245,95,0.34477756286266925,0.1139170710189678,0.9157801418439716,0.712322695035461,0.287677304964539
3340,YLR075W YDL148C,0.0,NA,1.6825580859136657e-11,1033,8034,3246,95,0.3448581560283688,0.11392963493989192,0.9157801418439716,0.7122340425531914,0.2877659574468085
3341,YAL044C YMR267W,0.0,NA,1.6841569805414736e-11,1033,8033,3247,95,0.34493874919406836,0.11394220163247297,0.9157801418439716,0.712145390070922,0.287854609929078
3342,YGL222C YPR056W,0.0,NA,1.6862141891116345e-11,1033,8032,3248,95,0.3450193423597679,0.11395477109762824,0.9157801418439716,0.7120567375886525,0.28794326241134754
3343,YDR488C YMR309C,0.0,NA,1.6890112572442995e-11,1033,8031,3249,95,0.3450999355254674,0.11396734333627538,0.9157801418439716,0.711968085106383,0.288031914893617
3344,YGR034W YIL138C,0.0,NA,1.689401223081699e-11,1033,8030,3250,95,0.345180528691167,0.11397991834933245,0.9157801418439716,0.7118794326241135,0.28812056737588654
3345,YFL011W YPR186C,0.0,NA,1.689991029063531e-11,1033,8029,3251,95,0.3452611218568665,0.11399249613771795,0.9157801418439716,0.7117907801418439,0.288209219858156
3346,YFL029C YIL103W,0.0,NA,1.6926522683480272e-11,1033,8028,3252,95,0.3453417150225661,0.11400507670235073,0.9157801418439716,0.7117021276595744,0.28829787234042553
3347,YHL023C YIL026C,0.0,NA,1.693188297902104e-11,1033,8027,3253,95,0.34542230818826564,0.11401766004415011,0.9157801418439716,0.711613475177305,0.28838652482269506
3348,YER139C YCR034W,0.0,NA,1.694719885259044e-11,1033,8026,3254,95,0.34550290135396516,0.11403024616403576,0.9157801418439716,0.7115248226950355,0.2884751773049645
3349,YBR035C YCR026C,0.0,NA,1.6977804578877098e-11,1033,8025,3255,95,0.34558349451966475,0.1140428350629278,0.9157801418439716,0.711436170212766,0.28856382978723405
3350,YKL122C YEL012W,0.0,NA,1.705157022524606e-11,1033,8024,3256,95,0.3456640876853643,0.11405542674174672,0.9157801418439716,0.7113475177304964,0.2886524822695035
3351,YJL100W YOL132W,0.0,NA,1.7071453625727706e-11,1033,8023,3257,95,0.34574468085106386,0.11406802120141343,0.9157801418439716,0.7112588652482269,0.28874113475177304
3352,YOR298C-A YNR009W,0.0,NA,1.7087740944443652e-11,1033,8022,3258,95,0.3458252740167634,0.11408061844284925,0.9157801418439716,0.7111702127659575,0.28882978723404257
3353,YDL139C YOR061W,0.0,NA,1.713813813086773e-11,1033,8021,3259,95,0.3459058671824629,0.11409321846697593,0.9157801418439716,0.711081560283688,0.28891843971631204
3354,YGL143C YLR103C,0.0,NA,1.719963754753806e-11,1033,8020,3260,95,0.3459864603481625,0.11410582127471557,0.9157801418439716,0.7109929078014184,0.28900709219858156
3355,YGR037C YNL199C,0.0,NA,1.7209646901994446e-11,1033,8019,3261,95,0.346067053513862,0.11411842686699072,0.9157801418439716,0.7109042553191489,0.2890957446808511
3356,YNL146W YHR073W,0.0,NA,1.7279145128612505e-11,1033,8018,3262,95,0.34614764667956155,0.11413103524472434,0.9157801418439716,0.7108156028368794,0.28918439716312055
3357,YJR134C YJR132W,0.0,NA,1.7289628062577833e-11,1033,8017,3263,95,0.34622823984526113,0.11414364640883978,0.9157801418439716,0.71072695035461,0.2892730496453901
3358,YGR059W YNL027W,0.0,NA,1.7291936979524358e-11,1033,8016,3264,95,0.34630883301096066,0.1141562603602608,0.9157801418439716,0.7106382978723405,0.28936170212765955
3359,YNR050C YOR065W,0.0,NA,1.73032855405042e-11,1033,8015,3265,95,0.34638942617666024,0.11416887709991158,0.9157801418439716,0.7105496453900709,0.2894503546099291
3360,YOR125C YLR223C,0.0,NA,1.7327726059557236e-11,1033,8014,3266,95,0.34647001934235977,0.1141814966287167,0.9157801418439716,0.7104609929078014,0.2895390070921986
3361,YDL170W YJL053W,0.0,NA,1.7368292568042953e-11,1033,8013,3267,95,0.3465506125080593,0.11419411894760115,0.9157801418439716,0.7103723404255319,0.28962765957446807
3362,YPL239W YDR219C,0.0,NA,1.747629124748684e-11,1033,8012,3268,95,0.3466312056737589,0.11420674405749033,0.9157801418439716,0.7102836879432625,0.2897163120567376
3363,YFL062W YBL046W,0.0,NA,1.7498339582866507e-11,1033,8011,3269,95,0.3467117988394584,0.11421937195931003,0.9157801418439716,0.7101950354609929,0.2898049645390071
3364,YLR088W YER094C,1.0,NA,1.7645574237890038e-11,1032,8011,3269,96,0.3466312056737589,0.11412141988278227,0.9148936170212766,0.7101950354609929,0.2898049645390071
3365,YDR184C YOL139C,0.0,NA,1.773343104305436e-11,1032,8010,3270,96,0.3467117988394584,0.11413404114134042,0.9148936170212766,0.7101063829787234,0.2898936170212766
3366,YNL239W YFR018C,1.0,NA,1.775922464641866e-11,1031,8010,3270,97,0.3466312056737589,0.11403605795819047,0.9140070921985816,0.7101063829787234,0.2898936170212766
3367,YJL030W YGL245W,0.0,NA,1.7767559992720727e-11,1031,8009,3271,97,0.3467117988394584,0.11404867256637168,0.9140070921985816,0.7100177304964539,0.2899822695035461
3368,YDL054C YNL204C,0.0,NA,1.780063076106675e-11,1031,8008,3272,97,0.346792392005158,0.11406128996570417,0.9140070921985816,0.7099290780141844,0.2900709219858156
3369,YDR315C YOR213C,0.0,NA,1.7884997302597405e-11,1031,8007,3273,97,0.3468729851708575,0.1140739101571144,0.9140070921985816,0.7098404255319148,0.2901595744680851
3370,YGR098C YBR074W,1.0,NA,1.7952805908549863e-11,1030,8007,3273,98,0.346792392005158,0.11397587695031537,0.9131205673758865,0.7098404255319148,0.2901595744680851
3371,YNL320W YHR053C,0.0,NA,1.797792296975853e-11,1030,8006,3274,98,0.3468729851708575,0.11398849048251439,0.9131205673758865,0.7097517730496454,0.2902482269503546
3372,YMR015C YPR007C,0.0,NA,1.8018362843430502e-11,1030,8005,3275,98,0.34695357833655704,0.1140011068068622,0.9131205673758865,0.7096631205673759,0.2903368794326241
3373,YKR066C YIL074C,0.0,NA,1.8034797613641906e-11,1030,8004,3276,98,0.3470341715022566,0.11401372592428603,0.9131205673758865,0.7095744680851064,0.2904255319148936
3374,YGL220W YNL113W,0.0,NA,1.8047771610518737e-11,1030,8003,3277,98,0.34711476466795615,0.1140263478357135,0.9131205673758865,0.7094858156028369,0.29051418439716314
3375,YNL146W YDR097C,0.0,NA,1.8050835132177312e-11,1030,8002,3278,98,0.3471953578336557,0.11403897254207263,0.9131205673758865,0.7093971631205673,0.2906028368794326
3376,YHR200W YDR331W,1.0,NA,1.80575155522833e-11,1029,8002,3278,99,0.34711476466795615,0.11394087033551102,0.9122340425531915,0.7093971631205673,0.2906028368794326
3377,YBR222C YEL072W,0.0,NA,1.8107317728555117e-11,1029,8001,3279,99,0.3471953578336557,0.11395348837209303,0.9122340425531915,0.7093085106382979,0.29069148936170214
3378,YFL041W YEL071W,0.0,NA,1.8118891803586834e-11,1029,8000,3280,99,0.34727595099935527,0.11396610920367704,0.9122340425531915,0.7092198581560284,0.2907801418439716
3379,YHR012W YGL236C,0.0,NA,1.8172952725992175e-11,1029,7999,3281,99,0.3473565441650548,0.11397873283119185,0.9122340425531915,0.7091312056737589,0.29086879432624113
3380,YEL065W YBL018C,0.0,NA,1.8194456358200384e-11,1029,7998,3282,99,0.3474371373307544,0.11399135925556664,0.9122340425531915,0.7090425531914893,0.29095744680851066
3381,YFL062W YER122C,0.0,NA,1.819882959608332e-11,1029,7997,3283,99,0.3475177304964539,0.114003988477731,0.9122340425531915,0.7089539007092198,0.2910460992907801
3382,YKR066C YBL040C,0.0,NA,1.8220085162834465e-11,1029,7996,3284,99,0.34759832366215343,0.11401662049861495,0.9122340425531915,0.7088652482269504,0.29113475177304965
3383,YNR076W YIR003W,0.0,NA,1.82720453351104e-11,1029,7995,3285,99,0.347678916827853,0.11402925531914894,0.9122340425531915,0.7087765957446809,0.2912234042553192
3384,YGR131W YOR374W,0.0,NA,1.827915423191495e-11,1029,7994,3286,99,0.34775950999355254,0.11404189294026378,0.9122340425531915,0.7086879432624114,0.29131205673758864
3385,YGR143W YDR341C,0.0,NA,1.8378439395339008e-11,1029,7993,3287,99,0.3478401031592521,0.11405453336289072,0.9122340425531915,0.7085992907801418,0.29140070921985817
3386,YML055W YDR415C,1.0,NA,1.8472060686614e-11,1028,7993,3287,100,0.34775950999355254,0.11395632413257954,0.9113475177304965,0.7085992907801418,0.29140070921985817
3387,YPR113W YKL003C,0.0,NA,1.8570799412143124e-11,1028,7992,3288,100,0.3478401031592521,0.1139689578713969,0.9113475177304965,0.7085106382978723,0.29148936170212764
3388,YAR002W YOL045W,0.0,NA,1.8615305477642785e-11,1028,7991,3289,100,0.34792069632495165,0.11398159441179731,0.9113475177304965,0.7084219858156028,0.29157801418439716
3389,YKL180W YDR519W,0.0,NA,1.87054590566893e-11,1028,7990,3290,100,0.3480012894906512,0.11399423375471279,0.9113475177304965,0.7083333333333334,0.2916666666666667
3390,YDR334W YOR051C,0.0,NA,1.874378256772058e-11,1028,7989,3291,100,0.34808188265635076,0.11400687590107575,0.9113475177304965,0.7082446808510638,0.29175531914893615
3391,YGL094C YJL131C,0.0,NA,1.883003128422267e-11,1028,7988,3292,100,0.3481624758220503,0.11401952085181899,0.9113475177304965,0.7081560283687943,0.2918439716312057
3392,YOR077W YIL173W,0.0,NA,1.8866809156636855e-11,1028,7987,3293,100,0.3482430689877498,0.11403216860787577,0.9113475177304965,0.7080673758865248,0.2919326241134752
3393,YBR019C YNR031C,0.0,NA,1.887361100738616e-11,1028,7986,3294,100,0.3483236621534494,0.11404481917017972,0.9113475177304965,0.7079787234042553,0.29202127659574467
3394,YDL150W YGR118W,0.0,NA,1.8888989331000694e-11,1028,7985,3295,100,0.3484042553191489,0.11405747253966493,0.9113475177304965,0.7078900709219859,0.2921099290780142
3395,YMR123W YDL139C,0.0,NA,1.9006045001712657e-11,1028,7984,3296,100,0.3484848484848485,0.11407012871726586,0.9113475177304965,0.7078014184397163,0.29219858156028367
3396,YCR053W YJL170C,0.0,NA,1.9012461743850295e-11,1028,7983,3297,100,0.34856544165054804,0.11408278770391743,0.9113475177304965,0.7077127659574468,0.2922872340425532
3397,YJL006C YIR034C,0.0,NA,1.9128859954364863e-11,1028,7982,3298,100,0.34864603481624756,0.11409544950055493,0.9113475177304965,0.7076241134751773,0.2923758865248227
3398,YLR258W YOR119C,0.0,NA,1.933545337728937e-11,1028,7981,3299,100,0.34872662798194715,0.11410811410811411,0.9113475177304965,0.7075354609929078,0.2924645390070922
3399,YKL173W YPR121W,0.0,NA,1.9426352887430554e-11,1028,7980,3300,100,0.3488072211476467,0.11412078152753108,0.9113475177304965,0.7074468085106383,0.2925531914893617
3400,YDL137W YBR041W,0.0,NA,1.943687918948278e-11,1028,7979,3301,100,0.3488878143133462,0.11413345175974242,0.9113475177304965,0.7073581560283688,0.29264184397163123
3401,YNL215W YJL019W,0.0,NA,1.948561624554035e-11,1028,7978,3302,100,0.3489684074790458,0.1141461248056851,0.9113475177304965,0.7072695035460993,0.2927304964539007
3402,YKL146W YLR283W,0.0,NA,1.9497401956836136e-11,1028,7977,3303,100,0.3490490006447453,0.11415880066629651,0.9113475177304965,0.7071808510638298,0.2928191489361702
3403,YBR083W YDR130C,0.0,NA,1.9546328097752586e-11,1028,7976,3304,100,0.3491295938104449,0.11417147934251444,0.9113475177304965,0.7070921985815602,0.2929078014184397
3404,YIL176C YLL042C,0.0,NA,1.979824811038089e-11,1028,7975,3305,100,0.3492101869761444,0.11418416083527713,0.9113475177304965,0.7070035460992907,0.2929964539007092
3405,YEL071W YNL131W,0.0,NA,1.9829386396774673e-11,1028,7974,3306,100,0.34929078014184395,0.11419684514552322,0.9113475177304965,0.7069148936170213,0.29308510638297874
3406,YMR267W YBR299W,0.0,NA,1.9853457419727327e-11,1028,7973,3307,100,0.34937137330754353,0.11420953227419176,0.9113475177304965,0.7068262411347518,0.2931737588652482
3407,YPL131W YJL201W,0.0,NA,1.9856335325973973e-11,1028,7972,3308,100,0.34945196647324306,0.11422222222222222,0.9113475177304965,0.7067375886524823,0.29326241134751774
3408,YCR105W YNL004W,0.0,NA,1.9937548140225303e-11,1028,7971,3309,100,0.34953255963894264,0.1142349149905545,0.9113475177304965,0.7066489361702127,0.2933510638297872
3409,YAL013W YGR143W,0.0,NA,2.0027573349734595e-11,1028,7970,3310,100,0.34961315280464217,0.11424761058012892,0.9113475177304965,0.7065602836879432,0.29343971631205673
3410,YKL011C YNL053W,0.0,NA,2.003926538596268e-11,1028,7969,3311,100,0.3496937459703417,0.11426030899188619,0.9113475177304965,0.7064716312056738,0.29352836879432626
3411,YMR235C YDL180W,0.0,NA,2.0058156524616066e-11,1028,7968,3312,100,0.3497743391360413,0.11427301022676745,0.9113475177304965,0.7063829787234043,0.2936170212765957
3412,YGR171C YOR022C,0.0,NA,2.0063513350709883e-11,1028,7967,3313,100,0.3498549323017408,0.11428571428571428,0.9113475177304965,0.7062943262411348,0.29370567375886525
3413,YDL106C YNL044W,0.0,NA,2.0325043731395098e-11,1028,7966,3314,100,0.34993552546744033,0.11429842116966867,0.9113475177304965,0.7062056737588652,0.2937943262411348
3414,YDL137W YDR454C,0.0,NA,2.0403930281465144e-11,1028,7965,3315,100,0.3500161186331399,0.114311130879573,0.9113475177304965,0.7061170212765957,0.29388297872340424
3415,YJL023C YDR473C,0.0,NA,2.042102424659742e-11,1028,7964,3316,100,0.35009671179883944,0.11432384341637011,0.9113475177304965,0.7060283687943263,0.29397163120567377
3416,YNL051W YOR213C,0.0,NA,2.0477656029194158e-11,1028,7963,3317,100,0.350177304964539,0.11433655878100323,0.9113475177304965,0.7059397163120568,0.29406028368794324
3417,YNL124W YOR258W,0.0,NA,2.052418825171376e-11,1028,7962,3318,100,0.35025789813023855,0.11434927697441602,0.9113475177304965,0.7058510638297872,0.29414893617021276
3418,YKR076W YKL077W,0.0,NA,2.056270605177435e-11,1028,7961,3319,100,0.3503384912959381,0.11436199799755256,0.9113475177304965,0.7057624113475177,0.2942375886524823
3419,YER174C YMR301C,0.0,NA,2.063767559623564e-11,1028,7960,3320,100,0.35041908446163766,0.11437472185135737,0.9113475177304965,0.7056737588652482,0.29432624113475175
3420,YOL165C YDR361C,0.0,NA,2.0698146321884714e-11,1028,7959,3321,100,0.3504996776273372,0.11438744853677535,0.9113475177304965,0.7055851063829788,0.2944148936170213
3421,YMR145C YNR007C,0.0,NA,2.0792716506901066e-11,1028,7958,3322,100,0.3505802707930368,0.11440017805475183,0.9113475177304965,0.7054964539007093,0.2945035460992908
3422,YJL062W YEL039C,0.0,NA,2.0881702617048248e-11,1028,7957,3323,100,0.3506608639587363,0.11441291040623261,0.9113475177304965,0.7054078014184397,0.29459219858156027
3423,YMR265C YPL231W,0.0,NA,2.0973030603888e-11,1028,7956,3324,100,0.35074145712443583,0.11442564559216385,0.9113475177304965,0.7053191489361702,0.2946808510638298
3424,YPR021C YML118W,0.0,NA,2.117581804350621e-11,1028,7955,3325,100,0.3508220502901354,0.11443838361349215,0.9113475177304965,0.7052304964539007,0.29476950354609927
3425,YOR030W YNL122C,0.0,NA,2.1278779085975863e-11,1028,7954,3326,100,0.35090264345583494,0.11445112447116455,0.9113475177304965,0.7051418439716312,0.2948581560283688
3426,YJL191W YFL056C,0.0,NA,2.1374655517769625e-11,1028,7953,3327,100,0.35098323662153447,0.1144638681661285,0.9113475177304965,0.7050531914893617,0.2949468085106383
3427,YDR099W YDR228C,0.0,NA,2.140962233887489e-11,1028,7952,3328,100,0.35106382978723405,0.11447661469933185,0.9113475177304965,0.7049645390070922,0.2950354609929078
3428,YKL219W YGR144W,0.0,NA,2.144918791191497e-11,1028,7951,3329,100,0.3511444229529336,0.11448936407172292,0.9113475177304965,0.7048758865248227,0.2951241134751773
3429,YNR055C YDR150W,0.0,NA,2.1542420625131342e-11,1028,7950,3330,100,0.35122501611863316,0.11450211628425039,0.9113475177304965,0.7047872340425532,0.29521276595744683
3430,YOR257W YGR213C,0.0,NA,2.156495121363733e-11,1028,7949,3331,100,0.3513056092843327,0.11451487133786342,0.9113475177304965,0.7046985815602836,0.2953014184397163
3431,YBR220C YDL076C,0.0,NA,2.1568528213444793e-11,1028,7948,3332,100,0.3513862024500322,0.11452762923351159,0.9113475177304965,0.7046099290780142,0.2953900709219858
3432,YDR362C YOR120W,0.0,NA,2.1588944174033564e-11,1028,7947,3333,100,0.3514667956157318,0.11454038997214484,0.9113475177304965,0.7045212765957447,0.2954787234042553
3433,YJR074W YDR335W,0.0,NA,2.1672406924633236e-11,1028,7946,3334,100,0.3515473887814313,0.11455315355471361,0.9113475177304965,0.7044326241134752,0.2955673758865248
3434,YBR059C YGL196W,0.0,NA,2.173176569253421e-11,1028,7945,3335,100,0.3516279819471309,0.11456591998216872,0.9113475177304965,0.7043439716312057,0.29565602836879434
3435,YCR011C YJR131W,0.0,NA,2.1766444549542463e-11,1028,7944,3336,100,0.35170857511283043,0.11457868925546144,0.9113475177304965,0.7042553191489361,0.2957446808510638
3436,YJL221C YOR257W,0.0,NA,2.192590900507163e-11,1028,7943,3337,100,0.35178916827852996,0.11459146137554342,0.9113475177304965,0.7041666666666667,0.29583333333333334
3437,YMR272C YHR021C,0.0,NA,2.1969067190430458e-11,1028,7942,3338,100,0.35186976144422955,0.11460423634336678,0.9113475177304965,0.7040780141843972,0.29592198581560286
3438,YIL169C YBR268W,0.0,NA,2.1986506365534453e-11,1028,7941,3339,100,0.3519503546099291,0.11461701415988404,0.9113475177304965,0.7039893617021277,0.29601063829787233
3439,YML055W YPR103W,1.0,NA,2.1997579105481613e-11,1027,7941,3339,101,0.35186976144422955,0.11451828724353257,0.9104609929078015,0.7039893617021277,0.29601063829787233
3440,YJL145W YMR301C,0.0,NA,2.201848425809061e-11,1027,7940,3340,101,0.3519503546099291,0.11453105832496933,0.9104609929078015,0.7039007092198581,0.29609929078014185
3441,YJR082C YDR422C,0.0,NA,2.2040669636624877e-11,1027,7939,3341,101,0.3520309477756286,0.11454383225518626,0.9104609929078015,0.7038120567375886,0.2961879432624113
3442,YGR098C YER144C,1.0,NA,2.2271531840978298e-11,1026,7939,3341,102,0.3519503546099291,0.11444506413831568,0.9095744680851063,0.7038120567375886,0.2961879432624113
3443,YMR235C YLR381W,0.0,NA,2.2363690760363042e-11,1026,7938,3342,102,0.3520309477756286,0.1144578313253012,0.9095744680851063,0.7037234042553191,0.29627659574468085
3444,YMR003W YIL017C,0.0,NA,2.2430501900316813e-11,1026,7937,3343,102,0.3521115409413282,0.1144706013611514,0.9095744680851063,0.7036347517730497,0.2963652482269504
3445,YBL030C YER170W,0.0,NA,2.2433839508284592e-11,1026,7936,3344,102,0.3521921341070277,0.11448337424681991,0.9095744680851063,0.7035460992907802,0.29645390070921984
3446,YDR323C YKR076W,0.0,NA,2.2482756975583662e-11,1026,7935,3345,102,0.3522727272727273,0.1144961499832608,0.9095744680851063,0.7034574468085106,0.29654255319148937
3447,YPL215W YPR185W,0.0,NA,2.2537456276228163e-11,1026,7934,3346,102,0.3523533204384268,0.11450892857142857,0.9095744680851063,0.7033687943262411,0.2966312056737589
3448,YML082W YHR067W,0.0,NA,2.2540722760533427e-11,1026,7933,3347,102,0.35243391360412635,0.11452171001227815,0.9095744680851063,0.7032801418439716,0.29671985815602836
3449,YKR078W YDR013W,0.0,NA,2.2557497536546123e-11,1026,7932,3348,102,0.35251450676982593,0.1145344943067649,0.9095744680851063,0.7031914893617022,0.2968085106382979
3450,YIL109C YBL092W,0.0,NA,2.2636241839291138e-11,1026,7931,3349,102,0.35259509993552546,0.11454728145584459,0.9095744680851063,0.7031028368794326,0.29689716312056735
3451,YPR166C YHR073W,0.0,NA,2.264971543652905e-11,1026,7930,3350,102,0.35267569310122504,0.11456007146047342,0.9095744680851063,0.7030141843971631,0.2969858156028369
3452,YOR257W YOR242C,0.0,NA,2.2829580240135705e-11,1026,7929,3351,102,0.35275628626692457,0.11457286432160804,0.9095744680851063,0.7029255319148936,0.2970744680851064
3453,YDR542W YBR115C,0.0,NA,2.2829580240135705e-11,1026,7928,3352,102,0.3528368794326241,0.1145856600402055,0.9095744680851063,0.7028368794326241,0.29716312056737587
3454,YCL066W YMR313C,0.0,NA,2.288145714568479e-11,1026,7927,3353,102,0.3529174725983237,0.11459845861722327,0.9095744680851063,0.7027482269503547,0.2972517730496454
3455,YAR018C YGR046W,0.0,NA,2.3132990314977953e-11,1026,7926,3354,102,0.3529980657640232,0.1146112600536193,0.9095744680851063,0.7026595744680851,0.2973404255319149
3456,YHR197W YPL042C,0.0,NA,2.3251541317326208e-11,1026,7925,3355,102,0.35307865892972273,0.11462406435035191,0.9095744680851063,0.7025709219858156,0.2974290780141844
3457,YHR064C YER170W,0.0,NA,2.3261921902606453e-11,1026,7924,3356,102,0.3531592520954223,0.1146368715083799,0.9095744680851063,0.7024822695035461,0.2975177304964539
3458,YLR033W YHR073W,0.0,NA,2.333204116022891e-11,1026,7923,3357,102,0.35323984526112184,0.11464968152866242,0.9095744680851063,0.7023936170212766,0.2976063829787234
3459,YOR312C YLR150W,0.0,NA,2.340398014277767e-11,1026,7922,3358,102,0.3533204384268214,0.11466249441215914,0.9095744680851063,0.702304964539007,0.2976950354609929
3460,YEL003W YDL143W,0.0,NA,2.3424789885595487e-11,1026,7921,3359,102,0.35340103159252095,0.11467531015983011,0.9095744680851063,0.7022163120567376,0.29778368794326243
3461,YDL150W YIL144W,0.0,NA,2.347707792060838e-11,1026,7920,3360,102,0.3534816247582205,0.11468812877263582,0.9095744680851063,0.7021276595744681,0.2978723404255319
3462,YDR257C YER100W,0.0,NA,2.3488856693010263e-11,1026,7919,3361,102,0.35356221792392006,0.11470095025153718,0.9095744680851063,0.7020390070921986,0.2979609929078014
3463,YBR204C YMR280C,0.0,NA,2.3515574903987257e-11,1026,7918,3362,102,0.3536428110896196,0.11471377459749553,0.9095744680851063,0.701950354609929,0.29804964539007095
3464,YLR085C YBR169C,0.0,NA,2.3558941256163202e-11,1026,7917,3363,102,0.3537234042553192,0.11472660181147266,0.9095744680851063,0.7018617021276595,0.2981382978723404
3465,YEL017C-A YDR532C,0.0,NA,2.356734599140431e-11,1026,7916,3364,102,0.3538039974210187,0.11473943189443078,0.9095744680851063,0.7017730496453901,0.29822695035460994
3466,YNL239W YDR415C,1.0,NA,2.360284016844627e-11,1025,7916,3364,103,0.3537234042553192,0.11464042053461582,0.9086879432624113,0.7017730496453901,0.29822695035460994
3467,YEL020C YMR260C,0.0,NA,2.3641949509212168e-11,1025,7915,3365,103,0.3538039974210187,0.11465324384787472,0.9086879432624113,0.7016843971631206,0.2983156028368794
3468,YOR254C YJR014W,0.0,NA,2.36888477583852e-11,1025,7914,3366,103,0.35388459058671823,0.11466607003020472,0.9086879432624113,0.7015957446808511,0.29840425531914894
3469,YJR125C YDR392W,0.0,NA,2.3826147652061813e-11,1025,7913,3367,103,0.3539651837524178,0.11467889908256881,0.9086879432624113,0.7015070921985815,0.29849290780141846
3470,YIL033C YKL161C,0.0,NA,2.396684760375134e-11,1025,7912,3368,103,0.35404577691811734,0.1146917310059304,0.9086879432624113,0.701418439716312,0.29858156028368793
3471,YGR156W YNL264C,0.0,NA,2.4070476514759243e-11,1025,7911,3369,103,0.35412637008381687,0.11470456580125336,0.9086879432624113,0.7013297872340426,0.29867021276595745
3472,YLR436C YGL248W,0.0,NA,2.4113761334931816e-11,1025,7910,3370,103,0.35420696324951645,0.11471740346950196,0.9086879432624113,0.7012411347517731,0.2987588652482269
3473,YDL106C YIL008W,0.0,NA,2.4136494886084492e-11,1025,7909,3371,103,0.354287556415216,0.11473024401164092,0.9086879432624113,0.7011524822695036,0.29884751773049645
3474,YHR057C YNL022C,0.0,NA,2.415021654877947e-11,1025,7908,3372,103,0.35436814958091556,0.1147430874286354,0.9086879432624113,0.701063829787234,0.298936170212766
3475,YHR057C YMR145C,0.0,NA,2.4160446213117304e-11,1025,7907,3373,103,0.3544487427466151,0.11475593372145096,0.9086879432624113,0.7009751773049645,0.29902482269503544
3476,YLR316C YAR019C,0.0,NA,2.4213775082215783e-11,1025,7906,3374,103,0.3545293359123146,0.11476878289105363,0.9086879432624113,0.7008865248226951,0.29911347517730497
3477,YJR131W YMR134W,0.0,NA,2.4274351625996893e-11,1025,7905,3375,103,0.3546099290780142,0.11478163493840986,0.9086879432624113,0.7007978723404256,0.2992021276595745
3478,YEL043W YIL042C,0.0,NA,2.428972821488795e-11,1025,7904,3376,103,0.3546905222437137,0.11479448986448651,0.9086879432624113,0.700709219858156,0.29929078014184396
3479,YKL093W YDR362C,0.0,NA,2.4426131256527484e-11,1025,7903,3377,103,0.3547711154094133,0.1148073476702509,0.9086879432624113,0.7006205673758865,0.2993794326241135
3480,YPL271W YGR056W,0.0,NA,2.4511353016731796e-11,1025,7902,3378,103,0.35485170857511283,0.11482020835667077,0.9086879432624113,0.700531914893617,0.29946808510638295
3481,YAR019C YDR237W,0.0,NA,2.466654137889268e-11,1025,7901,3379,103,0.35493230174081236,0.11483307192471431,0.9086879432624113,0.7004432624113475,0.2995567375886525
3482,YPL081W YMR010W,0.0,NA,2.4691630684525734e-11,1025,7900,3380,103,0.35501289490651194,0.11484593837535013,0.9086879432624113,0.700354609929078,0.299645390070922
3483,YDR227W YDL150W,0.0,NA,2.469182150410809e-11,1025,7899,3381,103,0.35509348807221147,0.11485880770954729,0.9086879432624113,0.7002659574468085,0.29973404255319147
3484,YDL012C YMR158W,0.0,NA,2.4798486181198953e-11,1025,7898,3382,103,0.355174081237911,0.11487167992827524,0.9086879432624113,0.700177304964539,0.299822695035461
3485,YIL087C YML002W,0.0,NA,2.4802177672755832e-11,1025,7897,3383,103,0.3552546744036106,0.11488455503250393,0.9086879432624113,0.7000886524822695,0.2999113475177305
3486,YLR113W YLR341W,0.0,NA,2.5018929636355658e-11,1025,7896,3384,103,0.3553352675693101,0.11489743302320368,0.9086879432624113,0.7,0.3
3487,YOR067C YGR046W,0.0,NA,2.5039696011086576e-11,1025,7895,3385,103,0.3554158607350097,0.11491031390134529,0.9086879432624113,0.6999113475177305,0.3000886524822695
3488,YPR186C YDL126C,0.0,NA,2.5050300375695222e-11,1025,7894,3386,103,0.3554964539007092,0.11492319766789999,0.9086879432624113,0.699822695035461,0.300177304964539
3489,YBR059C YMR060C,0.0,NA,2.5055032701337687e-11,1025,7893,3387,103,0.35557704706640875,0.11493608432383942,0.9086879432624113,0.6997340425531915,0.3002659574468085
3490,YJR055W YIR034C,0.0,NA,2.5092192212916586e-11,1025,7892,3388,103,0.35565764023210833,0.1149489738701357,0.9086879432624113,0.699645390070922,0.30035460992907803
3491,YMR271C YPL103C,0.0,NA,2.517699937421014e-11,1025,7891,3389,103,0.35573823339780786,0.11496186630776133,0.9086879432624113,0.6995567375886524,0.3004432624113475
3492,YDL147W YER167W,0.0,NA,2.5181799354068168e-11,1025,7890,3390,103,0.35581882656350744,0.11497476163768929,0.9086879432624113,0.699468085106383,0.300531914893617
3493,YKL139W YOR156C,0.0,NA,2.5189678468096055e-11,1025,7889,3391,103,0.35589941972920697,0.11498765986089297,0.9086879432624113,0.6993794326241135,0.30062056737588655
3494,YBR136W YOR288C,0.0,NA,2.5236038952991535e-11,1025,7888,3392,103,0.3559800128949065,0.11500056097834624,0.9086879432624113,0.699290780141844,0.300709219858156
3495,YIR012W YAR066W,0.0,NA,2.5285518470696822e-11,1025,7887,3393,103,0.3560606060606061,0.11501346499102334,0.9086879432624113,0.6992021276595745,0.30079787234042554
3496,YBR293W YKL183W,0.0,NA,2.5297434286253306e-11,1025,7886,3394,103,0.3561411992263056,0.115026371899899,0.9086879432624113,0.6991134751773049,0.300886524822695
3497,YCR065W YGR200C,0.0,NA,2.531592123433679e-11,1025,7885,3395,103,0.35622179239200513,0.11503928170594838,0.9086879432624113,0.6990248226950354,0.30097517730496454
3498,YPL088W YHL037C,0.0,NA,2.5440078862959403e-11,1025,7884,3396,103,0.3563023855577047,0.11505219441014704,0.9086879432624113,0.698936170212766,0.30106382978723406
3499,YLR189C YNL051W,0.0,NA,2.554183947678368e-11,1025,7883,3397,103,0.35638297872340424,0.11506511001347104,0.9086879432624113,0.6988475177304965,0.30115248226950353
3500,YGR262C YER059W,0.0,NA,2.5688950966440416e-11,1025,7882,3398,103,0.3564635718891038,0.11507802851689682,0.9086879432624113,0.698758865248227,0.30124113475177305
3501,YFL011W YER081W,0.0,NA,2.584908155578436e-11,1025,7881,3399,103,0.35654416505480335,0.1150909499214013,0.9086879432624113,0.6986702127659574,0.3013297872340426
3502,YBL107C YHR073W,0.0,NA,2.5973724906980244e-11,1025,7880,3400,103,0.3566247582205029,0.11510387422796182,0.9086879432624113,0.6985815602836879,0.30141843971631205
3503,YML124C YGL009C,0.0,NA,2.5985021426255805e-11,1025,7879,3401,103,0.35670535138620246,0.11511680143755615,0.9086879432624113,0.6984929078014185,0.30150709219858157
3504,YKL003C YJL108C,0.0,NA,2.6127556715382916e-11,1025,7878,3402,103,0.356785944551902,0.11512973155116253,0.9086879432624113,0.698404255319149,0.30159574468085104
3505,YDR272W YGL035C,0.0,NA,2.6230816130290435e-11,1025,7877,3403,103,0.3568665377176016,0.1151426645697596,0.9086879432624113,0.6983156028368794,0.30168439716312057
3506,YKR024C YIL166C,0.0,NA,2.6261154709161794e-11,1025,7876,3404,103,0.3569471308833011,0.11515560049432648,0.9086879432624113,0.6982269503546099,0.3017730496453901
3507,YBL046W YBR111C,0.0,NA,2.6423844015632802e-11,1025,7875,3405,103,0.3570277240490006,0.1151685393258427,0.9086879432624113,0.6981382978723404,0.30186170212765956
3508,YOR294W YDR097C,0.0,NA,2.6441439315849635e-11,1025,7874,3406,103,0.3571083172147002,0.11518148106528824,0.9086879432624113,0.698049645390071,0.3019503546099291
3509,YML091C YJL201W,0.0,NA,2.6503039346481572e-11,1025,7873,3407,103,0.35718891038039974,0.11519442571364351,0.9086879432624113,0.6979609929078014,0.3020390070921986
3510,YGR132C YKL137W,0.0,NA,2.6510574985261215e-11,1025,7872,3408,103,0.35726950354609927,0.1152073732718894,0.9086879432624113,0.6978723404255319,0.3021276595744681
3511,YGR089W YMR086W,0.0,NA,2.651502281625362e-11,1025,7871,3409,103,0.35735009671179885,0.1152203237410072,0.9086879432624113,0.6977836879432624,0.3022163120567376
3512,YDL105W YOR349W,0.0,NA,2.6565189284455393e-11,1025,7870,3410,103,0.3574306898774984,0.11523327712197864,0.9086879432624113,0.6976950354609929,0.30230496453900707
3513,YDR090C YMR158W,0.0,NA,2.672532681269324e-11,1025,7869,3411,103,0.35751128304319796,0.11524623341578592,0.9086879432624113,0.6976063829787233,0.3023936170212766
3514,YKL204W YLR137W,0.0,NA,2.67729814013018e-11,1025,7868,3412,103,0.3575918762088975,0.11525919262341167,0.9086879432624113,0.6975177304964539,0.3024822695035461
3515,YDR312W YMR166C,0.0,NA,2.6829824820162607e-11,1025,7867,3413,103,0.357672469374597,0.11527215474583896,0.9086879432624113,0.6974290780141844,0.3025709219858156
3516,YDR479C YGL205W,0.0,NA,2.6842007783134392e-11,1025,7866,3414,103,0.3577530625402966,0.11528511978405129,0.9086879432624113,0.6973404255319149,0.3026595744680851
3517,YGL191W YPR021C,0.0,NA,2.7073593367177295e-11,1025,7865,3415,103,0.3578336557059961,0.11529808773903262,0.9086879432624113,0.6972517730496454,0.30274822695035464
3518,YMR031C YOL144W,0.0,NA,2.7182768189137896e-11,1025,7864,3416,103,0.3579142488716957,0.11531105861176735,0.9086879432624113,0.6971631205673758,0.3028368794326241
3519,YGR188C YGR038W,0.0,NA,2.7213167483330913e-11,1025,7863,3417,103,0.35799484203739523,0.11532403240324032,0.9086879432624113,0.6970744680851064,0.30292553191489363
3520,YNL273W YCR052W,0.0,NA,2.7306757549583338e-11,1025,7862,3418,103,0.35807543520309476,0.11533700911443681,0.9086879432624113,0.6969858156028369,0.3030141843971631
3521,YIL074C YCR028C,0.0,NA,2.73401648542837e-11,1025,7861,3419,103,0.35815602836879434,0.11534998874634256,0.9086879432624113,0.6968971631205674,0.3031028368794326
3522,YIL070C YBR213W,0.0,NA,2.7407673353074813e-11,1025,7860,3420,103,0.35823662153449387,0.11536297129994373,0.9086879432624113,0.6968085106382979,0.30319148936170215
3523,YHR064C YPL057C,0.0,NA,2.7412117714620265e-11,1025,7859,3421,103,0.3583172147001934,0.11537595677622693,0.9086879432624113,0.6967198581560283,0.3032801418439716
3524,YGR120C YOR059C,0.0,NA,2.755874695115068e-11,1025,7858,3422,103,0.358397807865893,0.11538894517617922,0.9086879432624113,0.6966312056737589,0.30336879432624114
3525,YCR053W YJL002C,0.0,NA,2.757630929162147e-11,1025,7857,3423,103,0.3584784010315925,0.11540193650078812,0.9086879432624113,0.6965425531914894,0.3034574468085106
3526,YML055W YNL191W,1.0,NA,2.7613047265395707e-11,1024,7857,3423,104,0.358397807865893,0.11530233081860151,0.9078014184397163,0.6965425531914894,0.3034574468085106
3527,YJR131W YNL178W,0.0,NA,2.765642749535946e-11,1024,7856,3424,104,0.3584784010315925,0.11531531531531532,0.9078014184397163,0.6964539007092199,0.30354609929078014
3528,YOL144W YNL307C,0.0,NA,2.7662391474669867e-11,1024,7855,3425,104,0.3585589941972921,0.11532830273679469,0.9078014184397163,0.6963652482269503,0.30363475177304966
3529,YLR238W YIL169C,0.0,NA,2.7695597551447015e-11,1024,7854,3426,104,0.3586395873629916,0.11534129308402793,0.9078014184397163,0.6962765957446808,0.30372340425531913
3530,YMR220W YDL208W,0.0,NA,2.773275879774939e-11,1024,7853,3427,104,0.35872018052869115,0.11535428635800384,0.9078014184397163,0.6961879432624114,0.30381205673758865
3531,YGR081C YIR014W,0.0,NA,2.787722136465831e-11,1024,7852,3428,104,0.35880077369439073,0.11536728255971158,0.9078014184397163,0.6960992907801419,0.3039007092198582
3532,YHR127W YKL168C,0.0,NA,2.7958373463587982e-11,1024,7851,3429,104,0.35888136686009026,0.11538028169014085,0.9078014184397163,0.6960106382978724,0.30398936170212765
3533,YOR388C YLR341W,0.0,NA,2.8116934128186166e-11,1024,7850,3430,104,0.35896196002578984,0.11539328375028172,0.9078014184397163,0.6959219858156028,0.30407801418439717
3534,YER094C YDR415C,1.0,NA,2.8179158659269454e-11,1023,7850,3430,105,0.35888136686009026,0.11529358728727601,0.9069148936170213,0.6959219858156028,0.30407801418439717
3535,YLR337C YNL307C,0.0,NA,2.8202818552758302e-11,1023,7849,3431,105,0.35896196002578984,0.11530658250676284,0.9069148936170213,0.6958333333333333,0.30416666666666664
3536,YIL144W YER059W,0.0,NA,2.8216803893421627e-11,1023,7848,3432,105,0.35904255319148937,0.11531958065607034,0.9069148936170213,0.6957446808510638,0.30425531914893617
3537,YOR193W YDL193W,0.0,NA,2.8250787126316013e-11,1023,7847,3433,105,0.3591231463571889,0.1153325817361894,0.9069148936170213,0.6956560283687944,0.3043439716312057
3538,YNR048W YDR315C,0.0,NA,2.8669795704150403e-11,1023,7846,3434,105,0.3592037395228885,0.11534558574811139,0.9069148936170213,0.6955673758865248,0.30443262411347516
3539,YGL004C YER163C,0.0,NA,2.8903693674586783e-11,1023,7845,3435,105,0.359284332688588,0.11535859269282815,0.9069148936170213,0.6954787234042553,0.3045212765957447
3540,YAR018C YHR167W,0.0,NA,2.8912075858422703e-11,1023,7844,3436,105,0.35936492585428753,0.1153716025713319,0.9069148936170213,0.6953900709219858,0.3046099290780142
3541,YJR103W YGR227W,0.0,NA,2.8956444880767762e-11,1023,7843,3437,105,0.3594455190199871,0.11538461538461539,0.9069148936170213,0.6953014184397163,0.3046985815602837
3542,YOR245C YBR213W,0.0,NA,2.8985014041693624e-11,1023,7842,3438,105,0.35952611218568664,0.11539763113367174,0.9069148936170213,0.6952127659574469,0.3047872340425532
3543,YNL204C YGR202C,0.0,NA,2.8991814157719453e-11,1023,7841,3439,105,0.3596067053513862,0.11541064981949459,0.9069148936170213,0.6951241134751773,0.30487588652482267
3544,YGR171C YDL150W,0.0,NA,2.9041182653122277e-11,1023,7840,3440,105,0.35968729851708575,0.11542367144307797,0.9069148936170213,0.6950354609929078,0.3049645390070922
3545,YDL104C YMR150C,1.0,NA,2.9052373354265804e-11,1022,7840,3440,106,0.3596067053513862,0.11532385466034756,0.9060283687943262,0.6950354609929078,0.3049645390070922
3546,YBR181C YDR257C,0.0,NA,2.911494656476776e-11,1022,7839,3441,106,0.35968729851708575,0.11533686942782982,0.9060283687943262,0.6949468085106383,0.3050531914893617
3547,YBR301W YOR120W,0.0,NA,2.911622332124608e-11,1022,7838,3442,106,0.3597678916827853,0.11534988713318284,0.9060283687943262,0.6948581560283688,0.3051418439716312
3548,YLR061W YGR082W,0.0,NA,2.913600263831917e-11,1022,7837,3443,106,0.35984848484848486,0.11536290777740152,0.9060283687943262,0.6947695035460993,0.3052304964539007
3549,YJL131C YOR101W,0.0,NA,2.926828571170326e-11,1022,7836,3444,106,0.3599290780141844,0.11537593136148115,0.9060283687943262,0.6946808510638298,0.30531914893617024
3550,YKR094C YOR347C,0.0,NA,2.943545407418924e-11,1022,7835,3445,106,0.36000967117988397,0.11538895788641752,0.9060283687943262,0.6945921985815603,0.3054078014184397
3551,YCR011C YKL101W,0.0,NA,2.948377653133605e-11,1022,7834,3446,106,0.3600902643455835,0.11540198735320686,0.9060283687943262,0.6945035460992908,0.30549645390070923
3552,YJL171C YKL119C,0.0,NA,2.951455399524683e-11,1022,7833,3447,106,0.360170857511283,0.11541501976284585,0.9060283687943262,0.6944148936170212,0.3055851063829787
3553,YGL220W YFL001W,0.0,NA,2.953831970686771e-11,1022,7832,3448,106,0.3602514506769826,0.1154280551163316,0.9060283687943262,0.6943262411347517,0.3056737588652482
3554,YKL185W YNR048W,0.0,NA,2.9739967433162207e-11,1022,7831,3449,106,0.36033204384268214,0.1154410934146617,0.9060283687943262,0.6942375886524823,0.30576241134751775
3555,YML124C YGR214W,0.0,NA,2.980334035118659e-11,1022,7830,3450,106,0.36041263700838166,0.11545413465883417,0.9060283687943262,0.6941489361702128,0.3058510638297872
3556,YPL048W YBR223C,0.0,NA,2.984503963410212e-11,1022,7829,3451,106,0.36049323017408125,0.11546717884984747,0.9060283687943262,0.6940602836879433,0.30593971631205674
3557,YKL186C YKL017C,0.0,NA,2.996430534252248e-11,1022,7828,3452,106,0.3605738233397808,0.11548022598870057,0.9060283687943262,0.6939716312056737,0.30602836879432627
3558,YDL076C YBR019C,0.0,NA,3.0000103096172737e-11,1022,7827,3453,106,0.36065441650548036,0.11549327607639281,0.9060283687943262,0.6938829787234042,0.30611702127659574
3559,YJL020C YDR528W,0.0,NA,3.0134356815425534e-11,1022,7826,3454,106,0.3607350096711799,0.11550632911392406,0.9060283687943262,0.6937943262411348,0.30620567375886526
3560,YPL274W YGR144W,0.0,NA,3.016708063907636e-11,1022,7825,3455,106,0.3608156028368794,0.11551938510229456,0.9060283687943262,0.6937056737588653,0.30629432624113473
3561,YDL198C YNR047W,0.0,NA,3.0365085446071305e-11,1022,7824,3456,106,0.360896196002579,0.11553244404250508,0.9060283687943262,0.6936170212765957,0.30638297872340425
3562,YDR228C YER087C-A,0.0,NA,3.0829325203818314e-11,1022,7823,3457,106,0.3609767891682785,0.1155455059355568,0.9060283687943262,0.6935283687943262,0.3064716312056738
3563,YNL199C YFR016C,0.0,NA,3.087787664446395e-11,1022,7822,3458,106,0.3610573823339781,0.11555857078245138,0.9060283687943262,0.6934397163120567,0.30656028368794325
3564,YNL281W YPR060C,0.0,NA,3.088724415123423e-11,1022,7821,3459,106,0.36113797549967763,0.11557163858419088,0.9060283687943262,0.6933510638297873,0.30664893617021277
3565,YOR080W YER122C,0.0,NA,3.101801107630031e-11,1022,7820,3460,106,0.36121856866537716,0.11558470934177788,0.9060283687943262,0.6932624113475178,0.3067375886524823
3566,YBR248C YNL202W,0.0,NA,3.1138817219167336e-11,1022,7819,3461,106,0.36129916183107674,0.11559778305621536,0.9060283687943262,0.6931737588652482,0.30682624113475176
3567,YPL150W YLR142W,0.0,NA,3.12062424512316e-11,1022,7818,3462,106,0.36137975499677627,0.11561085972850679,0.9060283687943262,0.6930851063829787,0.3069148936170213
3568,YBR035C YER025W,0.0,NA,3.151164398862427e-11,1022,7817,3463,106,0.3614603481624758,0.11562393935965606,0.9060283687943262,0.6929964539007092,0.30700354609929076
3569,YMR083W YJL178C,0.0,NA,3.164740691730117e-11,1022,7816,3464,106,0.3615409413281754,0.11563702195066757,0.9060283687943262,0.6929078014184397,0.3070921985815603
3570,YAL048C YHR071W,0.0,NA,3.166268289223062e-11,1022,7815,3465,106,0.3616215344938749,0.11565010750254612,0.9060283687943262,0.6928191489361702,0.3071808510638298
3571,YGR278W YFR024C-A,0.0,NA,3.172924423200385e-11,1022,7814,3466,106,0.3617021276595745,0.11566319601629697,0.9060283687943262,0.6927304964539007,0.3072695035460993
3572,YFL011W YDR137W,0.0,NA,3.1757096952134134e-11,1022,7813,3467,106,0.361782720825274,0.11567628749292587,0.9060283687943262,0.6926418439716312,0.3073581560283688
3573,YPL240C YMR247C,0.0,NA,3.183842425813488e-11,1022,7812,3468,106,0.36186331399097355,0.11568938193343899,0.9060283687943262,0.6925531914893617,0.3074468085106383
3574,YOR038C YHR105W,0.0,NA,3.1865340227588135e-11,1022,7811,3469,106,0.36194390715667313,0.11570247933884298,0.9060283687943262,0.6924645390070922,0.3075354609929078
3575,YGR264C YML080W,0.0,NA,3.193567632564509e-11,1022,7810,3470,106,0.36202450032237266,0.11571557971014493,0.9060283687943262,0.6923758865248227,0.3076241134751773
3576,YKL032C YPR060C,0.0,NA,3.196346312628329e-11,1022,7809,3471,106,0.36210509348807224,0.11572868304835239,0.9060283687943262,0.6922872340425532,0.3077127659574468
3577,YHR200W YBL067C,1.0,NA,3.215786317789515e-11,1021,7809,3471,107,0.36202450032237266,0.11562853907134768,0.9051418439716312,0.6922872340425532,0.3077127659574468
3578,YPL131W YIR006C,0.0,NA,3.221605968106722e-11,1021,7808,3472,107,0.36210509348807224,0.11564163551931136,0.9051418439716312,0.6921985815602837,0.3078014184397163
3579,YOR038C YER056C,0.0,NA,3.224077255170599e-11,1021,7807,3473,107,0.36218568665377177,0.11565473493429995,0.9051418439716312,0.6921099290780142,0.30789007092198584
3580,YNL051W YPR118W,0.0,NA,3.224489425468491e-11,1021,7806,3474,107,0.3622662798194713,0.11566783731732186,0.9051418439716312,0.6920212765957446,0.3079787234042553
3581,YER035W YPL098C,0.0,NA,3.2331727572998403e-11,1021,7805,3475,107,0.3623468729851709,0.1156809426693859,0.9051418439716312,0.6919326241134752,0.30806737588652483
3582,YGL168W YHR057C,0.0,NA,3.235097606468784e-11,1021,7804,3476,107,0.3624274661508704,0.11569405099150142,0.9051418439716312,0.6918439716312057,0.3081560283687943
3583,YKL014C YBR268W,0.0,NA,3.236393444905339e-11,1021,7803,3477,107,0.36250805931656993,0.11570716228467814,0.9051418439716312,0.6917553191489362,0.3082446808510638
3584,YOL144W YGL071W,0.0,NA,3.239283494216316e-11,1021,7802,3478,107,0.3625886524822695,0.11572027654992632,0.9051418439716312,0.6916666666666667,0.30833333333333335
3585,YAL015C YCR033W,0.0,NA,3.247040830656189e-11,1021,7801,3479,107,0.36266924564796904,0.11573339378825663,0.9051418439716312,0.6915780141843971,0.3084219858156028
3586,YDR227W YGR211W,0.0,NA,3.248725941040753e-11,1021,7800,3480,107,0.3627498388136686,0.1157465140006802,0.9051418439716312,0.6914893617021277,0.30851063829787234
3587,YDR471W YCR097W,0.0,NA,3.253103342260033e-11,1021,7799,3481,107,0.36283043197936815,0.11575963718820861,0.9051418439716312,0.6914007092198582,0.30859929078014187
3588,YJR133W YBL080C,0.0,NA,3.2748304068519474e-11,1021,7798,3482,107,0.3629110251450677,0.11577276335185395,0.9051418439716312,0.6913120567375887,0.30868794326241134
3589,YBR155W YJR051W,0.0,NA,3.286694527648848e-11,1021,7797,3483,107,0.36299161831076726,0.11578589249262872,0.9051418439716312,0.6912234042553191,0.30877659574468086
3590,YER081W YGL196W,0.0,NA,3.2880240197208366e-11,1021,7796,3484,107,0.3630722114764668,0.11579902461154588,0.9051418439716312,0.6911347517730496,0.30886524822695033
3591,YOR038C YJR118C,0.0,NA,3.291010519657078e-11,1021,7795,3485,107,0.36315280464216637,0.11581215970961888,0.9051418439716312,0.6910460992907801,0.30895390070921985
3592,YDR137W YDL155W,0.0,NA,3.3052022924140445e-11,1021,7794,3486,107,0.3632333978078659,0.1158252977878616,0.9051418439716312,0.6909574468085107,0.3090425531914894
3593,YMR251W-A YNL215W,0.0,NA,3.315026031458501e-11,1021,7793,3487,107,0.3633139909735654,0.11583843884728841,0.9051418439716312,0.6908687943262412,0.30913120567375885
3594,YDL217C YIL067C,0.0,NA,3.317454991269564e-11,1021,7792,3488,107,0.363394584139265,0.1158515828889141,0.9051418439716312,0.6907801418439716,0.30921985815602837
3595,YJR153W YLR167W,0.0,NA,3.3194804544001144e-11,1021,7791,3489,107,0.36347517730496454,0.11586472991375397,0.9051418439716312,0.6906914893617021,0.3093085106382979
3596,YCL031C YGR224W,0.0,NA,3.339631002297061e-11,1021,7790,3490,107,0.36355577047066406,0.11587787992282374,0.9051418439716312,0.6906028368794326,0.30939716312056736
3597,YJL094C YIL022W,0.0,NA,3.3569442364767e-11,1021,7789,3491,107,0.36363636363636365,0.11589103291713962,0.9051418439716312,0.6905141843971632,0.3094858156028369
3598,YDR332W YPL174C,0.0,NA,3.3725518905347585e-11,1021,7788,3492,107,0.3637169568020632,0.11590418889771824,0.9051418439716312,0.6904255319148936,0.30957446808510636
3599,YKL112W YDR240C,0.0,NA,3.3859973852523595e-11,1021,7787,3493,107,0.36379754996776276,0.11591734786557675,0.9051418439716312,0.6903368794326241,0.3096631205673759
3600,YGL105W YLR431C,0.0,NA,3.3948181071830064e-11,1021,7786,3494,107,0.3638781431334623,0.11593050982173271,0.9051418439716312,0.6902482269503546,0.3097517730496454
3601,YGR091W YLR284C,0.0,NA,3.3966121582018616e-11,1021,7785,3495,107,0.3639587362991618,0.11594367476720419,0.9051418439716312,0.6901595744680851,0.3098404255319149
3602,YNL240C YMR142C,0.0,NA,3.397590195297617e-11,1021,7784,3496,107,0.3640393294648614,0.11595684270300965,0.9051418439716312,0.6900709219858157,0.3099290780141844
3603,YPR129W YMR004W,0.0,NA,3.398173409330241e-11,1021,7783,3497,107,0.3641199226305609,0.11597001363016811,0.9051418439716312,0.6899822695035461,0.3100177304964539
3604,YGR080W YDR049W,0.0,NA,3.4167547263708187e-11,1021,7782,3498,107,0.3642005157962605,0.11598318754969897,0.9051418439716312,0.6898936170212766,0.3101063829787234
3605,YDL105W YIL103W,0.0,NA,3.4240943413976765e-11,1021,7781,3499,107,0.36428110896196003,0.11599636446262213,0.9051418439716312,0.6898049645390071,0.3101950354609929
3606,YJL131C YAL041W,0.0,NA,3.425250708066763e-11,1021,7780,3500,107,0.36436170212765956,0.11600954436995796,0.9051418439716312,0.6897163120567376,0.3102836879432624
3607,YKL061W YDR517W,0.0,NA,3.425766614828518e-11,1021,7779,3501,107,0.36444229529335914,0.11602272727272728,0.9051418439716312,0.689627659574468,0.3103723404255319
3608,YOR316C YHR124W,0.0,NA,3.438859613735801e-11,1021,7778,3502,107,0.36452288845905867,0.11603591317195136,0.9051418439716312,0.6895390070921986,0.31046099290780144
3609,YKL150W YMR173W,0.0,NA,3.459372024949836e-11,1021,7777,3503,107,0.3646034816247582,0.11604910206865196,0.9051418439716312,0.6894503546099291,0.3105496453900709
3610,YLR258W YKR076W,0.0,NA,3.471110551767076e-11,1021,7776,3504,107,0.3646840747904578,0.11606229396385132,0.9051418439716312,0.6893617021276596,0.31063829787234043
3611,YDR283C YOR307C,0.0,NA,3.4800464593365277e-11,1021,7775,3505,107,0.3647646679561573,0.11607548885857208,0.9051418439716312,0.68927304964539,0.31072695035460995
3612,YHR083W YPL231W,0.0,NA,3.4972139767441845e-11,1021,7774,3506,107,0.3648452611218569,0.1160886867538374,0.9051418439716312,0.6891843971631205,0.3108156028368794
3613,YLR206W YEL031W,0.0,NA,3.497614003977745e-11,1021,7773,3507,107,0.3649258542875564,0.1161018876506709,0.9051418439716312,0.6890957446808511,0.31090425531914895
3614,YDR528W YLR167W,0.0,NA,3.4992689301738267e-11,1021,7772,3508,107,0.36500644745325594,0.11611509155009667,0.9051418439716312,0.6890070921985816,0.3109929078014184
3615,YIL155C YMR058W,0.0,NA,3.516236260492356e-11,1021,7771,3509,107,0.3650870406189555,0.11612829845313921,0.9051418439716312,0.6889184397163121,0.31108156028368794
3616,YOR391C YJL113W,1.0,NA,3.520591457251143e-11,1020,7771,3509,108,0.36500644745325594,0.1160277556591969,0.9042553191489362,0.6889184397163121,0.31108156028368794
3617,YIL063C YNL220W,0.0,NA,3.522996130933542e-11,1020,7770,3510,108,0.3650870406189555,0.11604095563139932,0.9042553191489362,0.6888297872340425,0.31117021276595747
3618,YMR150C YER143W,1.0,NA,3.526713990287256e-11,1019,7770,3510,109,0.36500644745325594,0.11594038002048014,0.9033687943262412,0.6888297872340425,0.31117021276595747
3619,YDR087C YLR020C,0.0,NA,3.5414018939583514e-11,1019,7769,3511,109,0.3650870406189555,0.11595357305416477,0.9033687943262412,0.688741134751773,0.31125886524822693
3620,YMR267W YIL013C,0.0,NA,3.5415032018093484e-11,1019,7768,3512,109,0.36516763378465505,0.11596676909070218,0.9033687943262412,0.6886524822695036,0.31134751773049646
3621,YNL066W YMR032W,0.0,NA,3.543638646408276e-11,1019,7767,3513,109,0.36524822695035464,0.11597996813111769,0.9033687943262412,0.6885638297872341,0.311436170212766
3622,YPL053C YLR045C,0.0,NA,3.5627362171553045e-11,1019,7766,3514,109,0.36532882011605416,0.11599317017643711,0.9033687943262412,0.6884751773049645,0.31152482269503545
3623,YLR117C YDR097C,0.0,NA,3.5643949597430336e-11,1019,7765,3515,109,0.3654094132817537,0.1160063752276867,0.9033687943262412,0.688386524822695,0.311613475177305
3624,YOL125W YKR105C,0.0,NA,3.5691026523121394e-11,1019,7764,3516,109,0.3654900064474533,0.11601958328589321,0.9033687943262412,0.6882978723404255,0.31170212765957445
3625,YHR037W YGL224C,0.0,NA,3.611669990855049e-11,1019,7763,3517,109,0.3655705996131528,0.1160327943520838,0.9033687943262412,0.688209219858156,0.31179078014184397
3626,YJR133W YJL076W,0.0,NA,3.6237176453957076e-11,1019,7762,3518,109,0.36565119277885233,0.11604600842728618,0.9033687943262412,0.6881205673758866,0.3118794326241135
3627,YJL023C YDR217C,0.0,NA,3.6325064484143965e-11,1019,7761,3519,109,0.3657317859445519,0.11605922551252848,0.9033687943262412,0.688031914893617,0.31196808510638296
3628,YHR050W YIL070C,0.0,NA,3.6454509549921355e-11,1019,7760,3520,109,0.36581237911025144,0.11607244560883928,0.9033687943262412,0.6879432624113475,0.3120567375886525
3629,YLR316C YAL017W,0.0,NA,3.6487826649000965e-11,1019,7759,3521,109,0.365892972275951,0.11608566871724767,0.9033687943262412,0.687854609929078,0.312145390070922
3630,YLR189C YGR143W,0.0,NA,3.6671044673086683e-11,1019,7758,3522,109,0.36597356544165055,0.11609889483878319,0.9033687943262412,0.6877659574468085,0.3122340425531915
3631,YJL221C YAL007C,0.0,NA,3.6844072931474514e-11,1019,7757,3523,109,0.3660541586073501,0.11611212397447584,0.9033687943262412,0.687677304964539,0.312322695035461
3632,YER151C YOR391C,1.0,NA,3.691934258309715e-11,1018,7757,3523,110,0.36597356544165055,0.11601139601139601,0.9024822695035462,0.687677304964539,0.312322695035461
3633,YDL207W YKL220C,0.0,NA,3.7036141514734666e-11,1018,7756,3524,110,0.3660541586073501,0.11602461819010713,0.9024822695035462,0.6875886524822695,0.3124113475177305
3634,YML055W YIR039C,1.0,NA,3.7083502935075785e-11,1017,7756,3524,111,0.36597356544165055,0.1159238572894107,0.901595744680851,0.6875886524822695,0.3124113475177305
3635,YKL011C YDR077W,0.0,NA,3.7186628776275654e-11,1017,7755,3525,111,0.3660541586073501,0.11593707250341997,0.901595744680851,0.6875,0.3125
3636,YER151C YPR103W,1.0,NA,3.726288028138569e-11,1016,7755,3525,112,0.36597356544165055,0.11583627864553643,0.900709219858156,0.6875,0.3125
3637,YGR037C YLR414C,0.0,NA,3.744027657348603e-11,1016,7754,3526,112,0.3660541586073501,0.11584948688711516,0.900709219858156,0.6874113475177305,0.3125886524822695
3638,YDR013W YBR111C,0.0,NA,3.746799398518519e-11,1016,7753,3527,112,0.36613475177304966,0.11586269814117915,0.900709219858156,0.687322695035461,0.312677304964539
3639,YAR002W YJR084W,0.0,NA,3.7596637608716676e-11,1016,7752,3528,112,0.3662153449387492,0.11587591240875912,0.900709219858156,0.6872340425531915,0.3127659574468085
3640,YNR009W YNL146W,0.0,NA,3.771909867777978e-11,1016,7751,3529,112,0.3662959381044487,0.11588912969088627,0.900709219858156,0.687145390070922,0.312854609929078
3641,YOR307C YHR055C,0.0,NA,3.7886235815243197e-11,1016,7750,3530,112,0.3663765312701483,0.1159023499885923,0.900709219858156,0.6870567375886525,0.3129432624113475
3642,YMR278W YEL061C,0.0,NA,3.7954004522555707e-11,1016,7749,3531,112,0.3664571244358478,0.1159155733029093,0.900709219858156,0.686968085106383,0.31303191489361704
3643,YJR072C YNL061W,0.0,NA,3.797276035277797e-11,1016,7748,3532,112,0.3665377176015474,0.11592879963486992,0.900709219858156,0.6868794326241134,0.3131205673758865
3644,YLR087C YLR407W,0.0,NA,3.797471712085887e-11,1016,7747,3533,112,0.36661831076724694,0.11594202898550725,0.900709219858156,0.686790780141844,0.31320921985815603
3645,YDR506C YER161C,0.0,NA,3.8015660064338874e-11,1016,7746,3534,112,0.36669890393294646,0.11595526135585482,0.900709219858156,0.6867021276595745,0.31329787234042555
3646,YGR098C YDR533C,1.0,NA,3.805606871298828e-11,1015,7746,3534,113,0.36661831076724694,0.11585435452573907,0.899822695035461,0.6867021276595745,0.31329787234042555
3647,YML082W YNL297C,0.0,NA,3.811483767490742e-11,1015,7745,3535,113,0.36669890393294646,0.1158675799086758,0.899822695035461,0.686613475177305,0.313386524822695
3648,YGL236C YDR237W,0.0,NA,3.822929126040542e-11,1015,7744,3536,113,0.36677949709864605,0.11588080831145108,0.899822695035461,0.6865248226950355,0.31347517730496455
3649,YER053C YNL024C,0.0,NA,3.8238627542153125e-11,1015,7743,3537,113,0.3668600902643456,0.11589403973509933,0.899822695035461,0.6864361702127659,0.313563829787234
3650,YMR271C YPR185W,0.0,NA,3.824322108991751e-11,1015,7742,3538,113,0.36694068343004516,0.11590727418065548,0.899822695035461,0.6863475177304964,0.31365248226950354
3651,YKL061W YKL201C,0.0,NA,3.829745548467045e-11,1015,7741,3539,113,0.3670212765957447,0.11592051164915486,0.899822695035461,0.686258865248227,0.31374113475177307
3652,YML022W YCR065W,0.0,NA,3.840571610735921e-11,1015,7740,3540,113,0.3671018697614442,0.11593375214163336,0.899822695035461,0.6861702127659575,0.31382978723404253
3653,YDR471W YNL024C,0.0,NA,3.8444560035433284e-11,1015,7739,3541,113,0.3671824629271438,0.11594699565912725,0.899822695035461,0.6860815602836879,0.31391843971631206
3654,YBL107C YER167W,0.0,NA,3.856309369054678e-11,1015,7738,3542,113,0.3672630560928433,0.11596024220267337,0.899822695035461,0.6859929078014184,0.3140070921985816
3655,YGL101W YJL019W,0.0,NA,3.866856487788617e-11,1015,7737,3543,113,0.36734364925854285,0.11597349177330896,0.899822695035461,0.6859042553191489,0.31409574468085105
3656,YOR228C YMR313C,0.0,NA,3.87141707580696e-11,1015,7736,3544,113,0.36742424242424243,0.11598674437207177,0.899822695035461,0.6858156028368795,0.3141843971631206
3657,YFR039C YIL017C,0.0,NA,3.875096424299507e-11,1015,7735,3545,113,0.36750483558994196,0.116,0.899822695035461,0.68572695035461,0.31427304964539005
3658,YNL289W YGR006W,0.0,NA,3.8914132333145446e-11,1015,7734,3546,113,0.36758542875564154,0.11601325865813236,0.899822695035461,0.6856382978723404,0.31436170212765957
3659,YGL054C YMR010W,0.0,NA,3.893856070913415e-11,1015,7733,3547,113,0.36766602192134107,0.116026520347508,0.899822695035461,0.6855496453900709,0.3144503546099291
3660,YIL176C YER122C,0.0,NA,3.895950922983005e-11,1015,7732,3548,113,0.3677466150870406,0.11603978506916657,0.899822695035461,0.6854609929078014,0.31453900709219856
3661,YIL063C YJL083W,0.0,NA,3.8968276522277634e-11,1015,7731,3549,113,0.3678272082527402,0.11605305282414818,0.899822695035461,0.685372340425532,0.3146276595744681
3662,YML008C YGR091W,0.0,NA,3.901319545196458e-11,1015,7730,3550,113,0.3679078014184397,0.11606632361349342,0.899822695035461,0.6852836879432624,0.3147163120567376
3663,YJL011C YDR330W,0.0,NA,3.902138334677119e-11,1015,7729,3551,113,0.3679883945841393,0.11607959743824336,0.899822695035461,0.6851950354609929,0.3148049645390071
3664,YPR010C YLR284C,0.0,NA,3.9022726022741594e-11,1015,7728,3552,113,0.3680689877498388,0.11609287429943956,0.899822695035461,0.6851063829787234,0.3148936170212766
3665,YFR016C YEL018W,0.0,NA,3.9111096306054804e-11,1015,7727,3553,113,0.36814958091553834,0.11610615419812399,0.899822695035461,0.6850177304964539,0.3149822695035461
3666,YNL051W YNL030W,0.0,NA,3.914035068275368e-11,1015,7726,3554,113,0.3682301740812379,0.1161194371353392,0.899822695035461,0.6849290780141843,0.3150709219858156
3667,YGL248W YMR200W,0.0,NA,3.9174406774034054e-11,1015,7725,3555,113,0.36831076724693745,0.11613272311212815,0.899822695035461,0.6848404255319149,0.3151595744680851
3668,YDR185C YER061C,0.0,NA,3.9261927042844036e-11,1015,7724,3556,113,0.368391360412637,0.11614601212953427,0.899822695035461,0.6847517730496454,0.3152482269503546
3669,YIL173W YDR313C,0.0,NA,3.941845114208142e-11,1015,7723,3557,113,0.36847195357833656,0.11615930418860151,0.899822695035461,0.6846631205673759,0.3153368794326241
3670,YIL041W YER173W,0.0,NA,3.943890700131014e-11,1015,7722,3558,113,0.3685525467440361,0.11617259929037427,0.899822695035461,0.6845744680851064,0.31542553191489364
3671,YPR056W YCR040W,0.0,NA,3.944485016393884e-11,1015,7721,3559,113,0.3686331399097357,0.11618589743589744,0.899822695035461,0.6844858156028368,0.3155141843971631
3672,YDR354W YMR203W,0.0,NA,3.975535525779783e-11,1015,7720,3560,113,0.3687137330754352,0.11619919862621637,0.899822695035461,0.6843971631205674,0.31560283687943264
3673,YGL191W YLR090W,0.0,NA,3.983482640967928e-11,1015,7719,3561,113,0.36879432624113473,0.11621250286237692,0.899822695035461,0.6843085106382979,0.3156914893617021
3674,YFL054C YGL143C,0.0,NA,3.9879679419874137e-11,1015,7718,3562,113,0.3688749194068343,0.11622581014542539,0.899822695035461,0.6842198581560284,0.31578014184397163
3675,YDR171W YCR076C,0.0,NA,3.991262875757684e-11,1015,7717,3563,113,0.36895551257253384,0.11623912047640861,0.899822695035461,0.6841312056737588,0.31586879432624115
3676,YNL273W YOR324C,0.0,NA,3.991369734723804e-11,1015,7716,3564,113,0.3690361057382334,0.11625243385637384,0.899822695035461,0.6840425531914893,0.3159574468085106
3677,YBL100W-B YGL203C,1.0,NA,3.999981249003248e-11,1014,7716,3564,114,0.36895551257253384,0.1161512027491409,0.898936170212766,0.6840425531914893,0.3159574468085106
3678,YKR027W YPL199C,0.0,NA,4.001202494330336e-11,1014,7715,3565,114,0.3690361057382334,0.11616450910757246,0.898936170212766,0.6839539007092199,0.31604609929078015
3679,YOR324C YOR303W,0.0,NA,4.002591313945203e-11,1014,7714,3566,114,0.36911669890393295,0.11617781851512374,0.898936170212766,0.6838652482269504,0.31613475177304967
3680,YJR103W YLR147C,0.0,NA,4.0049435989786275e-11,1014,7713,3567,114,0.3691972920696325,0.11619113097284291,0.898936170212766,0.6837765957446809,0.31622340425531914
3681,YMR060C YMR164C,0.0,NA,4.0168014747710146e-11,1014,7712,3568,114,0.36927788523533206,0.11620444648177859,0.898936170212766,0.6836879432624113,0.31631205673758866
3682,YFR018C YDR434W,1.0,NA,4.033453432361611e-11,1013,7712,3568,115,0.3691972920696325,0.11610315186246419,0.8980496453900709,0.6836879432624113,0.31631205673758866
3683,YGR132C YBR175W,0.0,NA,4.037001288814679e-11,1013,7711,3569,115,0.36927788523533206,0.1161164603392939,0.8980496453900709,0.6835992907801418,0.31640070921985813
3684,YLR247C YAL054C,0.0,NA,4.038303025311052e-11,1013,7710,3570,115,0.3693584784010316,0.11612977186747679,0.8980496453900709,0.6835106382978723,0.31648936170212766
3685,YIL101C YDR049W,0.0,NA,4.067081393888117e-11,1013,7709,3571,115,0.3694390715667311,0.11614308644806237,0.8980496453900709,0.6834219858156029,0.3165780141843972
3686,YLL015W YGL070C,0.0,NA,4.079792406685989e-11,1013,7708,3572,115,0.3695196647324307,0.11615640408210068,0.8980496453900709,0.6833333333333333,0.31666666666666665
3687,YNL113W YFL042C,0.0,NA,4.093159491902476e-11,1013,7707,3573,115,0.3696002578981302,0.1161697247706422,0.8980496453900709,0.6832446808510638,0.3167553191489362
3688,YKL024C YFL029C,0.0,NA,4.110700321802163e-11,1013,7706,3574,115,0.3696808510638298,0.11618304851473793,0.8980496453900709,0.6831560283687943,0.3168439716312057
3689,YEL017C-A YGL070C,0.0,NA,4.117166330086519e-11,1013,7705,3575,115,0.36976144422952933,0.11619637531543932,0.8980496453900709,0.6830673758865248,0.31693262411347517
3690,YKR095W YDR451C,0.0,NA,4.11810065215068e-11,1013,7704,3576,115,0.36984203739522886,0.11620970517379832,0.8980496453900709,0.6829787234042554,0.3170212765957447
3691,YNL064C YGL090W,0.0,NA,4.1309549531076684e-11,1013,7703,3577,115,0.36992263056092844,0.11622303809086737,0.8980496453900709,0.6828900709219858,0.31710992907801416
3692,YHR012W YJL019W,0.0,NA,4.1356220531474364e-11,1013,7702,3578,115,0.37000322372662797,0.11623637406769936,0.8980496453900709,0.6828014184397163,0.3171985815602837
3693,YJL052W YBR038W,0.0,NA,4.1430438940670555e-11,1013,7701,3579,115,0.37008381689232756,0.11624971310534772,0.8980496453900709,0.6827127659574468,0.3172872340425532
3694,YCR053W YOL139C,0.0,NA,4.1430595065783393e-11,1013,7700,3580,115,0.3701644100580271,0.1162630552048663,0.8980496453900709,0.6826241134751773,0.3173758865248227
3695,YGL248W YHR127W,0.0,NA,4.147550358712948e-11,1013,7699,3581,115,0.3702450032237266,0.11627640036730946,0.8980496453900709,0.6825354609929078,0.3174645390070922
3696,YAL041W YOR315W,0.0,NA,4.1478192408517245e-11,1013,7698,3582,115,0.3703255963894262,0.11628974859373206,0.8980496453900709,0.6824468085106383,0.3175531914893617
3697,YPL131W YGR089W,0.0,NA,4.1499876451966955e-11,1013,7697,3583,115,0.3704061895551257,0.11630309988518944,0.8980496453900709,0.6823581560283688,0.3176418439716312
3698,YLR355C YOR172W,0.0,NA,4.160639888173279e-11,1013,7696,3584,115,0.37048678272082525,0.1163164542427374,0.8980496453900709,0.6822695035460993,0.3177304964539007
3699,YNR032W YMR101C,0.0,NA,4.164728631406156e-11,1013,7695,3585,115,0.37056737588652483,0.11632981166743224,0.8980496453900709,0.6821808510638298,0.3178191489361702
3700,YPL233W YDL193W,0.0,NA,4.1741044648491155e-11,1013,7694,3586,115,0.37064796905222436,0.11634317216033077,0.8980496453900709,0.6820921985815603,0.3179078014184397
3701,YJL083W YLR467W,0.0,NA,4.192911989830961e-11,1013,7693,3587,115,0.37072856221792394,0.11635653572249023,0.8980496453900709,0.6820035460992908,0.31799645390070924
3702,YDL001W YJR057W,0.0,NA,4.2101981623243745e-11,1013,7692,3588,115,0.37080915538362347,0.11636990235496841,0.8980496453900709,0.6819148936170213,0.3180851063829787
3703,YIR039C YJL172W,1.0,NA,4.2110735037903524e-11,1012,7692,3588,116,0.37072856221792394,0.11626838235294118,0.8971631205673759,0.6819148936170213,0.3180851063829787
3704,YBR189W YGR006W,0.0,NA,4.2383090093078835e-11,1012,7691,3589,116,0.37080915538362347,0.11628174192807078,0.8971631205673759,0.6818262411347518,0.31817375886524824
3705,YMR265C YHR067W,0.0,NA,4.2383655612932e-11,1012,7690,3590,116,0.370889748549323,0.11629510457366123,0.8971631205673759,0.6817375886524822,0.3182624113475177
3706,YKL007W YGL090W,0.0,NA,4.274819040417377e-11,1012,7689,3591,116,0.3709703417150226,0.11630847029077118,0.8971631205673759,0.6816489361702127,0.31835106382978723
3707,YNL299W YOL116W,0.0,NA,4.29129648482629e-11,1012,7688,3592,116,0.3710509348807221,0.11632183908045977,0.8971631205673759,0.6815602836879433,0.31843971631205675
3708,YMR142C YDR338C,0.0,NA,4.296316774565767e-11,1012,7687,3593,116,0.3711315280464217,0.11633521094378664,0.8971631205673759,0.6814716312056738,0.3185283687943262
3709,YBR029C YHR063C,0.0,NA,4.29989099881567e-11,1012,7686,3594,116,0.3712121212121212,0.1163485858818119,0.8971631205673759,0.6813829787234043,0.31861702127659575
3710,YDR283C YLR113W,0.0,NA,4.305077475064145e-11,1012,7685,3595,116,0.37129271437782074,0.11636196389559618,0.8971631205673759,0.6812943262411347,0.31870567375886527
3711,YDR385W YIL169C,0.0,NA,4.307771500622337e-11,1012,7684,3596,116,0.3713733075435203,0.11637534498620056,0.8971631205673759,0.6812056737588652,0.31879432624113474
3712,YBR203W YER166W,0.0,NA,4.312523255167733e-11,1012,7683,3597,116,0.37145390070921985,0.11638872915468661,0.8971631205673759,0.6811170212765958,0.31888297872340426
3713,YKR070W YGL219C,0.0,NA,4.31924045141141e-11,1012,7682,3598,116,0.3715344938749194,0.1164021164021164,0.8971631205673759,0.6810283687943263,0.31897163120567373
3714,YJL020C YJR118C,0.0,NA,4.328064642789009e-11,1012,7681,3599,116,0.37161508704061896,0.11641550672955252,0.8971631205673759,0.6809397163120567,0.31906028368794326
3715,YDR185C YDL148C,0.0,NA,4.343230636250084e-11,1012,7680,3600,116,0.3716956802063185,0.11642890013805798,0.8971631205673759,0.6808510638297872,0.3191489361702128
3716,YBR220C YJL178C,0.0,NA,4.362974911908957e-11,1012,7679,3601,116,0.3717762733720181,0.11644229662869635,0.8971631205673759,0.6807624113475177,0.31923758865248225
3717,YKR066C YAL042W,0.0,NA,4.3763687118669736e-11,1012,7678,3602,116,0.3718568665377176,0.11645569620253164,0.8971631205673759,0.6806737588652483,0.3193262411347518
3718,YLR117C YIL026C,0.0,NA,4.3850333086847826e-11,1012,7677,3603,116,0.37193745970341713,0.11646909886062838,0.8971631205673759,0.6805851063829788,0.3194148936170213
3719,YDR027C YDR087C,0.0,NA,4.393187202911264e-11,1012,7676,3604,116,0.3720180528691167,0.11648250460405156,0.8971631205673759,0.6804964539007092,0.31950354609929077
3720,YMR221C YBR204C,0.0,NA,4.4115846392633884e-11,1012,7675,3605,116,0.37209864603481624,0.1164959134338667,0.8971631205673759,0.6804078014184397,0.3195921985815603
3721,YDR034C YKL061W,0.0,NA,4.4296705192792274e-11,1012,7674,3606,116,0.3721792392005158,0.11650932535113977,0.8971631205673759,0.6803191489361702,0.31968085106382976
3722,YKL007W YJL143W,0.0,NA,4.434793504648482e-11,1012,7673,3607,116,0.37225983236621535,0.11652274035693724,0.8971631205673759,0.6802304964539007,0.3197695035460993
3723,YHR124W YOR272W,0.0,NA,4.436604209012707e-11,1012,7672,3608,116,0.3723404255319149,0.11653615845232612,0.8971631205673759,0.6801418439716312,0.3198581560283688
3724,YNL012W YKL122C,0.0,NA,4.452422458500749e-11,1012,7671,3609,116,0.37242101869761446,0.11654957963837384,0.8971631205673759,0.6800531914893617,0.3199468085106383
3725,YGR264C YOR388C,0.0,NA,4.4725782105681233e-11,1012,7670,3610,116,0.372501611863314,0.11656300391614835,0.8971631205673759,0.6799645390070922,0.3200354609929078
3726,YNL311C YDR237W,0.0,NA,4.473755393918921e-11,1012,7669,3611,116,0.3725822050290135,0.11657643128671812,0.8971631205673759,0.6798758865248227,0.32012411347517733
3727,YMR235C YLR448W,0.0,NA,4.512318990679276e-11,1012,7668,3612,116,0.3726627981947131,0.11658986175115207,0.8971631205673759,0.6797872340425531,0.3202127659574468
3728,YDR272W YOR120W,0.0,NA,4.522451857447152e-11,1012,7667,3613,116,0.3727433913604126,0.11660329531051965,0.8971631205673759,0.6796985815602837,0.3203014184397163
3729,YDR427W YCR040W,0.0,NA,4.526982608221708e-11,1012,7666,3614,116,0.3728239845261122,0.11661673196589076,0.8971631205673759,0.6796099290780142,0.3203900709219858
3730,YLR131C YMR177W,0.0,NA,4.528701719186401e-11,1012,7665,3615,116,0.37290457769181173,0.11663017171833583,0.8971631205673759,0.6795212765957447,0.3204787234042553
3731,YAR019C YMR177W,0.0,NA,4.5301356416116434e-11,1012,7664,3616,116,0.37298517085751126,0.11664361456892577,0.8971631205673759,0.6794326241134752,0.32056737588652484
3732,YDR379W YKR070W,0.0,NA,4.534526920618731e-11,1012,7663,3617,116,0.37306576402321084,0.116657060518732,0.8971631205673759,0.6793439716312056,0.3206560283687943
3733,YER174C YOL055C,0.0,NA,4.5546715704558594e-11,1012,7662,3618,116,0.37314635718891037,0.11667050956882638,0.8971631205673759,0.6792553191489362,0.32074468085106383
3734,YPR003C YNL126W,0.0,NA,4.557174429486999e-11,1012,7661,3619,116,0.37322695035460995,0.11668396172028134,0.8971631205673759,0.6791666666666667,0.32083333333333336
3735,YNL044W YNL305C,0.0,NA,4.572672795966071e-11,1012,7660,3620,116,0.3733075435203095,0.11669741697416974,0.8971631205673759,0.6790780141843972,0.32092198581560283
3736,YLR291C YDL052C,0.0,NA,4.5734666054286777e-11,1012,7659,3621,116,0.373388136686009,0.11671087533156499,0.8971631205673759,0.6789893617021276,0.32101063829787235
3737,YDR152W YEL003W,0.0,NA,4.5822942662532284e-11,1012,7658,3622,116,0.3734687298517086,0.11672433679354094,0.8971631205673759,0.6789007092198581,0.3210992907801418
3738,YGL012W YOR349W,0.0,NA,4.589851415603974e-11,1012,7657,3623,116,0.3735493230174081,0.116737801361172,0.8971631205673759,0.6788120567375886,0.32118794326241135
3739,YKL093W YIR032C,0.0,NA,4.6061199993063795e-11,1012,7656,3624,116,0.37362991618310765,0.116751269035533,0.8971631205673759,0.6787234042553192,0.32127659574468087
3740,YMR260C YNL027W,0.0,NA,4.644221118788039e-11,1012,7655,3625,116,0.37371050934880723,0.11676473981769932,0.8971631205673759,0.6786347517730497,0.32136524822695034
3741,YHR059W YMR197C,0.0,NA,4.6558222555059814e-11,1012,7654,3626,116,0.37379110251450676,0.11677821370874683,0.8971631205673759,0.6785460992907801,0.32145390070921986
3742,YOR355W YNL178W,0.0,NA,4.6576607154458216e-11,1012,7653,3627,116,0.37387169568020634,0.11679169070975187,0.8971631205673759,0.6784574468085106,0.3215425531914894
3743,YIL026C YDR341C,0.0,NA,4.693582328352264e-11,1012,7652,3628,116,0.37395228884590587,0.11680517082179132,0.8971631205673759,0.6783687943262411,0.32163120567375886
3744,YNL304W YDR060W,0.0,NA,4.702991815430657e-11,1012,7651,3629,116,0.3740328820116054,0.11681865404594251,0.8971631205673759,0.6782801418439717,0.3217198581560284
3745,YGR034W YLR340W,0.0,NA,4.7061410324289454e-11,1012,7650,3630,116,0.374113475177305,0.11683214038328331,0.8971631205673759,0.6781914893617021,0.32180851063829785
3746,YDR335W YHL006C,0.0,NA,4.710595455370559e-11,1012,7649,3631,116,0.3741940683430045,0.11684562983489205,0.8971631205673759,0.6781028368794326,0.3218971631205674
3747,YPL115C YOL144W,0.0,NA,4.715584520087468e-11,1012,7648,3632,116,0.3742746615087041,0.11685912240184758,0.8971631205673759,0.6780141843971631,0.3219858156028369
3748,YER151C YGL203C,1.0,NA,4.716241286395473e-11,1011,7648,3632,117,0.3741940683430045,0.11675713130846518,0.8962765957446809,0.6780141843971631,0.3219858156028369
3749,YMR134W YLR341W,0.0,NA,4.717339019411071e-11,1011,7647,3633,117,0.3742746615087041,0.11677061677061677,0.8962765957446809,0.6779255319148936,0.32207446808510637
3750,YGR179C YDL150W,0.0,NA,4.718976598372393e-11,1011,7646,3634,117,0.3743552546744036,0.11678410534827308,0.8962765957446809,0.6778368794326242,0.3221631205673759
3751,YKL184W YJL026W,0.0,NA,4.7244614470587365e-11,1011,7645,3635,117,0.37443584784010314,0.11679759704251386,0.8962765957446809,0.6777482269503546,0.32225177304964536
3752,YPL250C YER025W,0.0,NA,4.769468847642955e-11,1011,7644,3636,117,0.3745164410058027,0.11681109185441942,0.8962765957446809,0.6776595744680851,0.3223404255319149
3753,YOR291W YOR030W,0.0,NA,4.770415312771448e-11,1011,7643,3637,117,0.37459703417150225,0.11682458978507049,0.8962765957446809,0.6775709219858156,0.3224290780141844
3754,YDR299W YLR355C,0.0,NA,4.7827877075468095e-11,1011,7642,3638,117,0.3746776273372018,0.11683809083554836,0.8962765957446809,0.6774822695035461,0.3225177304964539
3755,YPL101W YDR520C,0.0,NA,4.797963762404045e-11,1011,7641,3639,117,0.37475822050290136,0.11685159500693482,0.8962765957446809,0.6773936170212767,0.3226063829787234
3756,YGR183C YJL096W,0.0,NA,4.832036160085096e-11,1011,7640,3640,117,0.3748388136686009,0.11686510230031211,0.8962765957446809,0.6773049645390071,0.32269503546099293
3757,YLR157C YML077W,0.0,NA,4.84007937895381e-11,1011,7639,3641,117,0.3749194068343005,0.116878612716763,0.8962765957446809,0.6772163120567376,0.3227836879432624
3758,YOR254C YMR197C,0.0,NA,4.8408638209096466e-11,1011,7638,3642,117,0.375,0.11689212625737079,0.8962765957446809,0.6771276595744681,0.3228723404255319
3759,YPR052C YDR257C,0.0,NA,4.9023191756036866e-11,1011,7637,3643,117,0.3750805931656995,0.11690564292321924,0.8962765957446809,0.6770390070921986,0.3229609929078014
3760,YOL045W YIL101C,0.0,NA,4.908382381096921e-11,1011,7636,3644,117,0.3751611863313991,0.11691916271539263,0.8962765957446809,0.676950354609929,0.3230496453900709
3761,YPL240C YOR192C,0.0,NA,4.908522893698475e-11,1011,7635,3645,117,0.37524177949709864,0.1169326856349757,0.8962765957446809,0.6768617021276596,0.32313829787234044
3762,YGR098C YFR018C,1.0,NA,4.9226709514238465e-11,1010,7635,3645,118,0.3751611863313991,0.11683053788316947,0.8953900709219859,0.6768617021276596,0.32313829787234044
3763,YJL011C YBR275C,0.0,NA,4.9509379235201934e-11,1010,7634,3646,118,0.37524177949709864,0.11684405367885238,0.8953900709219859,0.6767730496453901,0.3232269503546099
3764,YOR265W YDR201W,0.0,NA,4.958366009444326e-11,1010,7633,3647,118,0.3753223726627982,0.11685757260210575,0.8953900709219859,0.6766843971631206,0.32331560283687943
3765,YDL229W YJL002C,0.0,NA,4.9914822275454185e-11,1010,7632,3648,118,0.37540296582849775,0.11687109465401527,0.8953900709219859,0.676595744680851,0.32340425531914896
3766,YDR150W YCR021C,0.0,NA,4.9917868449878e-11,1010,7631,3649,118,0.3754835589941973,0.11688461983566717,0.8953900709219859,0.6765070921985815,0.32349290780141843
3767,YLR431C YKL108W,0.0,NA,5.0063467260663685e-11,1010,7630,3650,118,0.37556415215989686,0.11689814814814815,0.8953900709219859,0.6764184397163121,0.32358156028368795
3768,YGL215W YDL076C,0.0,NA,5.0071013307784185e-11,1010,7629,3651,118,0.3756447453255964,0.11691167959254543,0.8953900709219859,0.6763297872340426,0.3236702127659574
3769,YOR195W YOR233W,0.0,NA,5.012892184685924e-11,1010,7628,3652,118,0.3757253384912959,0.11692521416994675,0.8953900709219859,0.676241134751773,0.32375886524822695
3770,YHR057C YPR151C,0.0,NA,5.0386396444057624e-11,1010,7627,3653,118,0.3758059316569955,0.11693875188144032,0.8953900709219859,0.6761524822695035,0.32384751773049647
3771,YPR026W YCL066W,0.0,NA,5.050686258112336e-11,1010,7626,3654,118,0.375886524822695,0.11695229272811487,0.8953900709219859,0.676063829787234,0.32393617021276594
3772,YMR095C YLR131C,0.0,NA,5.0526711287135484e-11,1010,7625,3655,118,0.3759671179883946,0.11696583671105965,0.8953900709219859,0.6759751773049646,0.32402482269503546
3773,YNL273W YKR055W,0.0,NA,5.055920265784053e-11,1010,7624,3656,118,0.37604771115409413,0.11697938383136437,0.8953900709219859,0.6758865248226951,0.324113475177305
3774,YDR182W YDR240C,0.0,NA,5.058340898922431e-11,1010,7623,3657,118,0.37612830431979366,0.11699293409011931,0.8953900709219859,0.6757978723404255,0.32420212765957446
3775,YPR030W YFL027C,0.0,NA,5.0692935960050534e-11,1010,7622,3658,118,0.37620889748549324,0.1170064874884152,0.8953900709219859,0.675709219858156,0.324290780141844
3776,YER139C YDR139C,0.0,NA,5.083255344429105e-11,1010,7621,3659,118,0.37628949065119277,0.1170200440273433,0.8953900709219859,0.6756205673758865,0.32437943262411345
3777,YBR268W YDL155W,0.0,NA,5.108302322809344e-11,1010,7620,3660,118,0.37637008381689235,0.11703360370799537,0.8953900709219859,0.675531914893617,0.324468085106383
3778,YKL201C YIL070C,0.0,NA,5.1138104167902654e-11,1010,7619,3661,118,0.3764506769825919,0.11704716653146367,0.8953900709219859,0.6754432624113476,0.3245567375886525
3779,YHR110W YKL001C,0.0,NA,5.1499290942835785e-11,1010,7618,3662,118,0.3765312701482914,0.11706073249884098,0.8953900709219859,0.675354609929078,0.32464539007092197
3780,YPL110C YDR520C,0.0,NA,5.150105689133433e-11,1010,7617,3663,118,0.376611863313991,0.11707430161122058,0.8953900709219859,0.6752659574468085,0.3247340425531915
3781,YJL006C YOR273C,0.0,NA,5.1731032651991526e-11,1010,7616,3664,118,0.3766924564796905,0.11708787386969627,0.8953900709219859,0.675177304964539,0.324822695035461
3782,YNL121C YNR007C,0.0,NA,5.186737844775635e-11,1010,7615,3665,118,0.37677304964539005,0.11710144927536231,0.8953900709219859,0.6750886524822695,0.3249113475177305
3783,YJR144W YDR011W,0.0,NA,5.200923719472783e-11,1010,7614,3666,118,0.37685364281108963,0.11711502782931354,0.8953900709219859,0.675,0.325
3784,YHR012W YKL204W,0.0,NA,5.224317853325111e-11,1010,7613,3667,118,0.37693423597678916,0.11712860953264526,0.8953900709219859,0.6749113475177305,0.3250886524822695
3785,YHL037C YML004C,0.0,NA,5.2253541771296597e-11,1010,7612,3668,118,0.37701482914248874,0.11714219438645326,0.8953900709219859,0.674822695035461,0.325177304964539
3786,YPR026W YMR173W,0.0,NA,5.264348679201447e-11,1010,7611,3669,118,0.37709542230818827,0.1171557823918339,0.8953900709219859,0.6747340425531915,0.32526595744680853
3787,YKR020W YOL161C,0.0,NA,5.264881239308572e-11,1010,7610,3670,118,0.3771760154738878,0.11716937354988399,0.8953900709219859,0.674645390070922,0.325354609929078
3788,YMR277W YDR501W,0.0,NA,5.264901015156198e-11,1010,7609,3671,118,0.3772566086395874,0.11718296786170089,0.8953900709219859,0.6745567375886525,0.3254432624113475
3789,YMR280C YMR309C,0.0,NA,5.281778486798672e-11,1010,7608,3672,118,0.3773372018052869,0.11719656532838245,0.8953900709219859,0.674468085106383,0.32553191489361705
3790,YIL115C YPL231W,0.0,NA,5.299458094576437e-11,1010,7607,3673,118,0.3774177949709865,0.11721016595102704,0.8953900709219859,0.6743794326241135,0.3256205673758865
3791,YLR033W YDL010W,0.0,NA,5.303361222397385e-11,1010,7606,3674,118,0.377498388136686,0.11722376973073352,0.8953900709219859,0.674290780141844,0.32570921985815604
3792,YGR081C YER100W,0.0,NA,5.317987716857431e-11,1010,7605,3675,118,0.37757898130238554,0.11723737666860128,0.8953900709219859,0.6742021276595744,0.3257978723404255
3793,YGL090W YKL104C,0.0,NA,5.349055920422785e-11,1010,7604,3676,118,0.3776595744680851,0.1172509867657302,0.8953900709219859,0.6741134751773049,0.32588652482269503
3794,YBL011W YKL096W,0.0,NA,5.376406958523816e-11,1010,7603,3677,118,0.37774016763378465,0.11726460002322071,0.8953900709219859,0.6740248226950355,0.32597517730496456
3795,YDL143W YMR280C,0.0,NA,5.3795048277072155e-11,1010,7602,3678,118,0.3778207607994842,0.1172782164421737,0.8953900709219859,0.673936170212766,0.326063829787234
3796,YMR179W YDR341C,0.0,NA,5.3801817168075416e-11,1010,7601,3679,118,0.37790135396518376,0.11729183602369063,0.8953900709219859,0.6738475177304964,0.32615248226950355
3797,YIL087C YIL144W,0.0,NA,5.3801817168075416e-11,1010,7600,3680,118,0.3779819471308833,0.1173054587688734,0.8953900709219859,0.6737588652482269,0.3262411347517731
3798,YLR411W YJR084W,0.0,NA,5.4236826835252216e-11,1010,7599,3681,118,0.37806254029658287,0.11731908467882449,0.8953900709219859,0.6736702127659574,0.32632978723404255
3799,YMR010W YGR202C,0.0,NA,5.4383195863261236e-11,1010,7598,3682,118,0.3781431334622824,0.11733271375464684,0.8953900709219859,0.673581560283688,0.32641843971631207
3800,YPL130W YKR027W,0.0,NA,5.4552844880317863e-11,1010,7597,3683,118,0.3782237266279819,0.11734634599744394,0.8953900709219859,0.6734929078014185,0.32650709219858154
3801,YOR038C YHR053C,0.0,NA,5.4788514003423217e-11,1010,7596,3684,118,0.3783043197936815,0.11735998140831978,0.8953900709219859,0.6734042553191489,0.32659574468085106
3802,YGR263C YMR260C,0.0,NA,5.4930816839604546e-11,1010,7595,3685,118,0.37838491295938104,0.11737361998837885,0.8953900709219859,0.6733156028368794,0.3266843971631206
3803,YLR240W YDR090C,0.0,NA,5.498280650217957e-11,1010,7594,3686,118,0.3784655061250806,0.11738726173872617,0.8953900709219859,0.6732269503546099,0.32677304964539006
3804,YDL106C YGL029W,0.0,NA,5.515106774045542e-11,1010,7593,3687,118,0.37854609929078015,0.11740090666046728,0.8953900709219859,0.6731382978723405,0.3268617021276596
3805,YJL185C YOR264W,0.0,NA,5.5157173967090856e-11,1010,7592,3688,118,0.3786266924564797,0.1174145547547082,0.8953900709219859,0.673049645390071,0.32695035460992905
3806,YOL128C YOR316C,0.0,NA,5.5366818768609605e-11,1010,7591,3689,118,0.37870728562217926,0.11742820602255552,0.8953900709219859,0.6729609929078014,0.3270390070921986
3807,YPR030W YLR355C,0.0,NA,5.573373706990736e-11,1010,7590,3690,118,0.3787878787878788,0.11744186046511627,0.8953900709219859,0.6728723404255319,0.3271276595744681
3808,YER102W YJL121C,0.0,NA,5.6038382267864506e-11,1010,7589,3691,118,0.3788684719535783,0.11745551808349808,0.8953900709219859,0.6727836879432624,0.32721631205673757
3809,YPR144C YGR144W,0.0,NA,5.605890404658531e-11,1010,7588,3692,118,0.3789490651192779,0.11746917887880902,0.8953900709219859,0.672695035460993,0.3273049645390071
3810,YBL018C YLR020C,0.0,NA,5.6515177954130635e-11,1010,7587,3693,118,0.3790296582849774,0.11748284285215772,0.8953900709219859,0.6726063829787234,0.3273936170212766
3811,YDR097C YIL103W,0.0,NA,5.691412618968883e-11,1010,7586,3694,118,0.379110251450677,0.11749651000465333,0.8953900709219859,0.6725177304964539,0.3274822695035461
3812,YPL175W YDR335W,0.0,NA,5.6936278608477053e-11,1010,7585,3695,118,0.37919084461637653,0.11751018033740547,0.8953900709219859,0.6724290780141844,0.3275709219858156
3813,YKL162C YPL042C,0.0,NA,5.702343805480403e-11,1010,7584,3696,118,0.37927143778207606,0.11752385385152432,0.8953900709219859,0.6723404255319149,0.3276595744680851
3814,YER110C YPR072W,0.0,NA,5.7043016143953906e-11,1010,7583,3697,118,0.37935203094777564,0.11753753054812056,0.8953900709219859,0.6722517730496453,0.3277482269503546
3815,YML076C YKL007W,0.0,NA,5.705107219977634e-11,1010,7582,3698,118,0.37943262411347517,0.1175512104283054,0.8953900709219859,0.6721631205673759,0.32783687943262413
3816,YNL281W YGL247W,0.0,NA,5.717372755786876e-11,1010,7581,3699,118,0.37951321727917475,0.11756489349319055,0.8953900709219859,0.6720744680851064,0.3279255319148936
3817,YDR454C YLR381W,0.0,NA,5.7175476159132543e-11,1010,7580,3700,118,0.3795938104448743,0.11757857974388825,0.8953900709219859,0.6719858156028369,0.3280141843971631
3818,YPR107C YMR026C,0.0,NA,5.740429312450779e-11,1010,7579,3701,118,0.3796744036105738,0.11759226918151124,0.8953900709219859,0.6718971631205674,0.32810283687943265
3819,YKL061W YKL051W,0.0,NA,5.748471490485407e-11,1010,7578,3702,118,0.3797549967762734,0.1176059618071728,0.8953900709219859,0.6718085106382978,0.3281914893617021
3820,YDR197W YMR026C,0.0,NA,5.766458838207811e-11,1010,7577,3703,118,0.3798355899419729,0.11761965762198673,0.8953900709219859,0.6717198581560284,0.32828014184397164
3821,YGR207C YHR094C,0.0,NA,5.769362765306596e-11,1010,7576,3704,118,0.37991618310767244,0.11763335662706732,0.8953900709219859,0.6716312056737589,0.3283687943262411
3822,YDR234W YOR254C,0.0,NA,5.781789283454408e-11,1010,7575,3705,118,0.37999677627337203,0.11764705882352941,0.8953900709219859,0.6715425531914894,0.32845744680851063
3823,YDR427W YDL244W,0.0,NA,5.851483186880557e-11,1010,7574,3706,118,0.38007736943907156,0.11766076421248835,0.8953900709219859,0.6714539007092198,0.32854609929078016
3824,YPL119C YKL003C,0.0,NA,5.86702839089348e-11,1010,7573,3707,118,0.38015796260477114,0.11767447279506,0.8953900709219859,0.6713652482269503,0.3286347517730496
3825,YDL015C YGL085W,0.0,NA,5.897354132811117e-11,1010,7572,3708,118,0.38023855577047067,0.11768818457236076,0.8953900709219859,0.6712765957446809,0.32872340425531915
3826,YLR284C YBL060W,0.0,NA,5.901247546180599e-11,1010,7571,3709,118,0.3803191489361702,0.11770189954550751,0.8953900709219859,0.6711879432624114,0.3288120567375887
3827,YGR134W YGL216W,0.0,NA,5.906844458003491e-11,1010,7570,3710,118,0.3803997421018698,0.11771561771561771,0.8953900709219859,0.6710992907801419,0.32890070921985815
3828,YKR070W YJR094W-A,0.0,NA,5.916439560493814e-11,1010,7569,3711,118,0.3804803352675693,0.1177293390838093,0.8953900709219859,0.6710106382978723,0.32898936170212767
3829,YNL291C YAR042W,0.0,NA,5.934839425458804e-11,1010,7568,3712,118,0.3805609284332689,0.11774306365120074,0.8953900709219859,0.6709219858156028,0.32907801418439714
3830,YDR323C YHL006C,0.0,NA,5.945353931391395e-11,1010,7567,3713,118,0.3806415215989684,0.11775679141891104,0.8953900709219859,0.6708333333333333,0.32916666666666666
3831,YML008C YJL138C,0.0,NA,5.96196703117613e-11,1010,7566,3714,118,0.38072211476466794,0.1177705223880597,0.8953900709219859,0.6707446808510639,0.3292553191489362
3832,YAR042W YMR125W,0.0,NA,5.969510996628458e-11,1010,7565,3715,118,0.3808027079303675,0.11778425655976676,0.8953900709219859,0.6706560283687943,0.32934397163120566
3833,YJL210W YGL236C,0.0,NA,5.979927664157003e-11,1010,7564,3716,118,0.38088330109606705,0.11779799393515279,0.8953900709219859,0.6705673758865248,0.3294326241134752
3834,YML022W YIL109C,0.0,NA,5.990680868039888e-11,1010,7563,3717,118,0.3809638942617666,0.11781173451533886,0.8953900709219859,0.6704787234042553,0.3295212765957447
3835,YPL270W YLR364W,0.0,NA,5.993126828141015e-11,1010,7562,3718,118,0.38104448742746616,0.11782547830144657,0.8953900709219859,0.6703900709219858,0.3296099290780142
3836,YFL001W YLR414C,0.0,NA,5.993767288048346e-11,1010,7561,3719,118,0.3811250805931657,0.11783922529459806,0.8953900709219859,0.6703014184397164,0.3296985815602837
3837,YPR069C YHR064C,0.0,NA,5.996488722237459e-11,1010,7560,3720,118,0.38120567375886527,0.11785297549591599,0.8953900709219859,0.6702127659574468,0.32978723404255317
3838,YPR003C YAL063C,0.0,NA,6.006699304617058e-11,1010,7559,3721,118,0.3812862669245648,0.11786672890652351,0.8953900709219859,0.6701241134751773,0.3298758865248227
3839,YNR062C YOR253W,0.0,NA,6.008578357086236e-11,1010,7558,3722,118,0.3813668600902643,0.11788048552754435,0.8953900709219859,0.6700354609929078,0.3299645390070922
3840,YGL070C YOR388C,0.0,NA,6.012602221661112e-11,1010,7557,3723,118,0.3814474532559639,0.11789424536010272,0.8953900709219859,0.6699468085106383,0.3300531914893617
3841,YCR084C YJL078C,0.0,NA,6.023403997801324e-11,1010,7556,3724,118,0.38152804642166344,0.11790800840532337,0.8953900709219859,0.6698581560283688,0.3301418439716312
3842,YHR083W YHR030C,0.0,NA,6.040258571093915e-11,1010,7555,3725,118,0.381608639587363,0.11792177466433158,0.8953900709219859,0.6697695035460993,0.33023049645390073
3843,YPL203W YCR031C,0.0,NA,6.046044914720383e-11,1010,7554,3726,118,0.38168923275306255,0.11793554413825315,0.8953900709219859,0.6696808510638298,0.3303191489361702
3844,YMR003W YOR339C,0.0,NA,6.062025881270472e-11,1010,7553,3727,118,0.3817698259187621,0.11794931682821441,0.8953900709219859,0.6695921985815603,0.33040780141843973
3845,YPR010C YNR032W,0.0,NA,6.085183051895982e-11,1010,7552,3728,118,0.38185041908446166,0.11796309273534221,0.8953900709219859,0.6695035460992907,0.3304964539007092
3846,YGR096W YNL156C,0.0,NA,6.102129218588104e-11,1010,7551,3729,118,0.3819310122501612,0.11797687186076393,0.8953900709219859,0.6694148936170212,0.3305851063829787
3847,YDL104C YOR391C,1.0,NA,6.143469760688802e-11,1009,7551,3729,119,0.38185041908446166,0.11787383177570093,0.8945035460992907,0.6694148936170212,0.3305851063829787
3848,YJR048W YHR009C,0.0,NA,6.14937892273737e-11,1009,7550,3730,119,0.3819310122501612,0.1178876036920201,0.8945035460992907,0.6693262411347518,0.33067375886524825
3849,YPL265W YPR007C,0.0,NA,6.157664655948025e-11,1009,7549,3731,119,0.3820116054158607,0.1179013788268287,0.8945035460992907,0.6692375886524823,0.3307624113475177
3850,YMR221C YDR281C,0.0,NA,6.160025961543525e-11,1009,7548,3732,119,0.3820921985815603,0.11791515718125511,0.8945035460992907,0.6691489361702128,0.33085106382978724
3851,YDR331W YBR074W,1.0,NA,6.187168138938048e-11,1008,7548,3732,120,0.3820116054158607,0.11781206171107994,0.8936170212765957,0.6691489361702128,0.33085106382978724
3852,YGL073W YBL002W,0.0,NA,6.1878287216377e-11,1008,7547,3733,120,0.3820921985815603,0.11782583284628872,0.8936170212765957,0.6690602836879432,0.33093971631205676
3853,YBR301W YLR364W,0.0,NA,6.225889942479412e-11,1008,7546,3734,120,0.3821727917472598,0.11783960720130933,0.8936170212765957,0.6689716312056737,0.33102836879432623
3854,YMR203W YNL122C,0.0,NA,6.227635768185635e-11,1008,7545,3735,120,0.3822533849129594,0.11785338477727113,0.8936170212765957,0.6688829787234043,0.33111702127659576
3855,YLR147C YMR309C,0.0,NA,6.24057264198008e-11,1008,7544,3736,120,0.38233397807865893,0.11786716557530402,0.8936170212765957,0.6687943262411348,0.3312056737588652
3856,YBR008C YMR251W-A,0.0,NA,6.266420021772134e-11,1008,7543,3737,120,0.38241457124435846,0.11788094959653841,0.8936170212765957,0.6687056737588652,0.33129432624113475
3857,YMR251W-A YAL007C,0.0,NA,6.284146120139056e-11,1008,7542,3738,120,0.38249516441005804,0.11789473684210526,0.8936170212765957,0.6686170212765957,0.3313829787234043
3858,YNL304W YPL149W,0.0,NA,6.291654003343083e-11,1008,7541,3739,120,0.38257575757575757,0.11790852731313604,0.8936170212765957,0.6685283687943262,0.33147163120567374
3859,YNL014W YMR145C,0.0,NA,6.319893913753205e-11,1008,7540,3740,120,0.38265635074145715,0.11792232101076275,0.8936170212765957,0.6684397163120568,0.33156028368794327
3860,YIL008W YMR134W,0.0,NA,6.332346452753157e-11,1008,7539,3741,120,0.3827369439071567,0.11793611793611794,0.8936170212765957,0.6683510638297873,0.3316489361702128
3861,YBR132C YGR088W,0.0,NA,6.361472459914808e-11,1008,7538,3742,120,0.3828175370728562,0.11794991809033466,0.8936170212765957,0.6682624113475177,0.33173758865248226
3862,YBL030C YEL036C,0.0,NA,6.375867195318463e-11,1008,7537,3743,120,0.3828981302385558,0.11796372147454652,0.8936170212765957,0.6681737588652482,0.3318262411347518
3863,YMR277W YJL020C,0.0,NA,6.390550588708521e-11,1008,7536,3744,120,0.3829787234042553,0.11797752808988764,0.8936170212765957,0.6680851063829787,0.33191489361702126
3864,YGR263C YPR026W,0.0,NA,6.390635937103539e-11,1008,7535,3745,120,0.38305931656995484,0.11799133793749268,0.8936170212765957,0.6679964539007093,0.3320035460992908
3865,YEL020C YBR035C,0.0,NA,6.42299408104563e-11,1008,7534,3746,120,0.3831399097356544,0.11800515101849685,0.8936170212765957,0.6679078014184398,0.3320921985815603
3866,YBR203W YMR086W,0.0,NA,6.508978078745287e-11,1008,7533,3747,120,0.38322050290135395,0.11801896733403583,0.8936170212765957,0.6678191489361702,0.3321808510638298
3867,YDR137W YBR228W,0.0,NA,6.519589035303142e-11,1008,7532,3748,120,0.38330109606705354,0.1180327868852459,0.8936170212765957,0.6677304964539007,0.3322695035460993
3868,YPL007C YDR228C,0.0,NA,6.525460727324628e-11,1008,7531,3749,120,0.38338168923275306,0.11804660967326384,0.8936170212765957,0.6676418439716312,0.33235815602836877
3869,YMR203W YGL134W,0.0,NA,6.52807530254762e-11,1008,7530,3750,120,0.3834622823984526,0.11806043569922699,0.8936170212765957,0.6675531914893617,0.3324468085106383
3870,YGR132C YIL169C,0.0,NA,6.570734928379451e-11,1008,7529,3751,120,0.3835428755641522,0.11807426496427316,0.8936170212765957,0.6674645390070922,0.3325354609929078
3871,YHR071W YGR261C,0.0,NA,6.620211323582481e-11,1008,7528,3752,120,0.3836234687298517,0.11808809746954077,0.8936170212765957,0.6673758865248227,0.3326241134751773
3872,YLR020C YDR311W,0.0,NA,6.653960715752305e-11,1008,7527,3753,120,0.3837040618955513,0.11810193321616871,0.8936170212765957,0.6672872340425532,0.3327127659574468
3873,YDR005C YLR381W,0.0,NA,6.668521290720264e-11,1008,7526,3754,120,0.3837846550612508,0.11811577220529647,0.8936170212765957,0.6671985815602837,0.33280141843971633
3874,YIL091C YLR223C,0.0,NA,6.674043956378384e-11,1008,7525,3755,120,0.38386524822695034,0.11812961443806398,0.8936170212765957,0.6671099290780141,0.3328900709219858
3875,YPL265W YDR332W,0.0,NA,6.689196418996346e-11,1008,7524,3756,120,0.3839458413926499,0.11814345991561181,0.8936170212765957,0.6670212765957447,0.33297872340425533
3876,YFL062W YDR501W,0.0,NA,6.708476829597743e-11,1008,7523,3757,120,0.38402643455834945,0.118157308639081,0.8936170212765957,0.6669326241134752,0.3330673758865248
3877,YOR038C YGR227W,0.0,NA,6.731291218864399e-11,1008,7522,3758,120,0.384107027724049,0.11817116060961314,0.8936170212765957,0.6668439716312057,0.3331560283687943
3878,YKL188C YKR096W,0.0,NA,6.740708685670782e-11,1008,7521,3759,120,0.38418762088974856,0.11818501582835034,0.8936170212765957,0.6667553191489362,0.33324468085106385
3879,YDL198C YLR006C,0.0,NA,6.745634606453166e-11,1008,7520,3760,120,0.3842682140554481,0.11819887429643527,0.8936170212765957,0.6666666666666666,0.3333333333333333
3880,YDR415C YKL134C,1.0,NA,6.778110017702232e-11,1007,7520,3760,121,0.38418762088974856,0.1180954614753137,0.8927304964539007,0.6666666666666666,0.3333333333333333
3881,YBR041W YKL161C,0.0,NA,6.782584910380862e-11,1007,7519,3761,121,0.3842682140554481,0.11810931269059348,0.8927304964539007,0.6665780141843972,0.33342198581560284
3882,YMR265C YHL043W,0.0,NA,6.817266196001981e-11,1007,7518,3762,121,0.38434880722114767,0.11812316715542522,0.8927304964539007,0.6664893617021277,0.33351063829787236
3883,YJR014W YKL014C,0.0,NA,6.86837600682999e-11,1007,7517,3763,121,0.3844294003868472,0.11813702487095261,0.8927304964539007,0.6664007092198582,0.33359929078014183
3884,YHR009C YGL247W,0.0,NA,6.875375269110862e-11,1007,7516,3764,121,0.3845099935525467,0.11815088583831984,0.8927304964539007,0.6663120567375886,0.33368794326241136
3885,YBR301W YMR158W,0.0,NA,6.876922642451433e-11,1007,7515,3765,121,0.3845905867182463,0.11816475005867168,0.8927304964539007,0.6662234042553191,0.3337765957446808
3886,YGR105W YBL046W,0.0,NA,6.890971820938674e-11,1007,7514,3766,121,0.38467117988394584,0.11817861753315338,0.8927304964539007,0.6661347517730496,0.33386524822695035
3887,YGR249W YOL017W,0.0,NA,6.905734317719237e-11,1007,7513,3767,121,0.38475177304964536,0.1181924882629108,0.8927304964539007,0.6660460992907802,0.3339539007092199
3888,YGL248W YNL185C,0.0,NA,6.91451271239707e-11,1007,7512,3768,121,0.38483236621534495,0.11820636224909027,0.8927304964539007,0.6659574468085107,0.33404255319148934
3889,YBR301W YNR076W,0.0,NA,6.914565447990739e-11,1007,7511,3769,121,0.3849129593810445,0.11822023949283869,0.8927304964539007,0.6658687943262411,0.33413120567375887
3890,YJR140C YPR121W,0.0,NA,6.937538044038405e-11,1007,7510,3770,121,0.38499355254674406,0.1182341199953035,0.8927304964539007,0.6657801418439716,0.3342198581560284
3891,YNL030W YML011C,0.0,NA,6.94500568165779e-11,1007,7509,3771,121,0.3850741457124436,0.1182480037576327,0.8927304964539007,0.6656914893617021,0.33430851063829786
3892,YNL330C YHL044W,0.0,NA,6.954907483258665e-11,1007,7508,3772,121,0.3851547388781431,0.11826189078097475,0.8927304964539007,0.6656028368794327,0.3343971631205674
3893,YBR276C YML021C,0.0,NA,6.97317134590314e-11,1007,7507,3773,121,0.3852353320438427,0.11827578106647874,0.8927304964539007,0.6655141843971631,0.33448581560283686
3894,YLR401C YLR224W,0.0,NA,6.981928923899261e-11,1007,7506,3774,121,0.3853159252095422,0.11828967461529426,0.8927304964539007,0.6654255319148936,0.3345744680851064
3895,YNL225C YCL044C,0.0,NA,7.083158365395192e-11,1007,7505,3775,121,0.3853965183752418,0.11830357142857142,0.8927304964539007,0.6653368794326241,0.3346631205673759
3896,YGR227W YHR068W,0.0,NA,7.083617720171631e-11,1007,7504,3776,121,0.38547711154094133,0.11831747150746093,0.8927304964539007,0.6652482269503546,0.3347517730496454
3897,YCR094W YKL077W,0.0,NA,7.09126923847947e-11,1007,7503,3777,121,0.38555770470664086,0.11833137485311399,0.8927304964539007,0.6651595744680852,0.3348404255319149
3898,YOL090W YER002W,0.0,NA,7.103045929213181e-11,1007,7502,3778,121,0.38563829787234044,0.11834528146668234,0.8927304964539007,0.6650709219858156,0.3349290780141844
3899,YNR062C YOR059C,0.0,NA,7.116756489677911e-11,1007,7501,3779,121,0.38571889103803997,0.11835919134931829,0.8927304964539007,0.6649822695035461,0.3350177304964539
3900,YHL023C YNL289W,0.0,NA,7.142852975761116e-11,1007,7500,3780,121,0.3857994842037395,0.11837310450217468,0.8927304964539007,0.6648936170212766,0.3351063829787234
3901,YKL018W YLR364W,0.0,NA,7.145387059814823e-11,1007,7499,3781,121,0.3858800773694391,0.11838702092640489,0.8927304964539007,0.6648049645390071,0.3351950354609929
3902,YLR445W YPR184W,0.0,NA,7.146027519722153e-11,1007,7498,3782,121,0.3859606705351386,0.11840094062316285,0.8927304964539007,0.6647163120567375,0.3352836879432624
3903,YOR196C YGR220C,0.0,NA,7.174558169786849e-11,1007,7497,3783,121,0.3860412637008382,0.11841486359360301,0.8927304964539007,0.6646276595744681,0.33537234042553193
3904,YDR007W YMR278W,0.0,NA,7.202473339962268e-11,1007,7496,3784,121,0.3861218568665377,0.11842878983888039,0.8927304964539007,0.6645390070921986,0.3354609929078014
3905,YER081W YFR024C-A,0.0,NA,7.222158981967652e-11,1007,7495,3785,121,0.38620245003223724,0.11844271936015055,0.8927304964539007,0.6644503546099291,0.3355496453900709
3906,YBR023C YPR026W,0.0,NA,7.235823051843226e-11,1007,7494,3786,121,0.3862830431979368,0.11845665215856958,0.8927304964539007,0.6643617021276595,0.33563829787234045
3907,YKL173W YDR359C,0.0,NA,7.24057203083106e-11,1007,7493,3787,121,0.38636363636363635,0.11847058823529412,0.8927304964539007,0.66427304964539,0.3357269503546099
3908,YBR203W YDL054C,0.0,NA,7.250992167806558e-11,1007,7492,3788,121,0.38644422952933594,0.11848452759148136,0.8927304964539007,0.6641843971631206,0.33581560283687945
3909,YLR411W YGR048W,0.0,NA,7.252527745027493e-11,1007,7491,3789,121,0.38652482269503546,0.11849847022828901,0.8927304964539007,0.6640957446808511,0.3359042553191489
3910,YDR331W YFR018C,1.0,NA,7.288318559783846e-11,1006,7491,3789,122,0.38644422952933594,0.11839472755090032,0.8918439716312057,0.6640957446808511,0.3359042553191489
3911,YMR244C-A YMR265C,0.0,NA,7.289028408630216e-11,1006,7490,3790,122,0.38652482269503546,0.11840866290018832,0.8918439716312057,0.6640070921985816,0.33599290780141844
3912,YFL027C YGR141W,0.0,NA,7.291865028458133e-11,1006,7489,3791,122,0.386605415860735,0.11842260153031195,0.8918439716312057,0.663918439716312,0.33608156028368796
3913,YHR105W YLL039C,0.0,NA,7.30340371513094e-11,1006,7488,3792,122,0.3866860090264346,0.11843654344242995,0.8918439716312057,0.6638297872340425,0.33617021276595743
3914,YKL171W YKL071W,0.0,NA,7.306078658730897e-11,1006,7487,3793,122,0.3867666021921341,0.11845048863770163,0.8918439716312057,0.6637411347517731,0.33625886524822696
3915,YLR088W YER144C,1.0,NA,7.309619576290061e-11,1005,7487,3793,123,0.3866860090264346,0.11834667922750824,0.8909574468085106,0.6637411347517731,0.33625886524822696
3916,YFR018C YLR163C,1.0,NA,7.328884721324869e-11,1004,7487,3793,124,0.386605415860735,0.1182428453656813,0.8900709219858156,0.6637411347517731,0.33625886524822696
3917,YNL044W YOR388C,0.0,NA,7.345832275795772e-11,1004,7486,3794,124,0.3866860090264346,0.1182567726737338,0.8900709219858156,0.6636524822695036,0.3363475177304965
3918,YGR042W YOL013C,0.0,NA,7.368058940748767e-11,1004,7485,3795,124,0.3867666021921341,0.1182707032630463,0.8900709219858156,0.663563829787234,0.33643617021276595
3919,YGL248W YHL043W,0.0,NA,7.384280686917322e-11,1004,7484,3796,124,0.38684719535783363,0.1182846371347785,0.8900709219858156,0.6634751773049645,0.3365248226950355
3920,YBR293W YBR201W,0.0,NA,7.391439543757983e-11,1004,7483,3797,124,0.3869277885235332,0.11829857429009073,0.8900709219858156,0.663386524822695,0.33661347517730494
3921,YDR379W YMR095C,0.0,NA,7.415685426837015e-11,1004,7482,3798,124,0.38700838168923274,0.11831251473014377,0.8900709219858156,0.6632978723404256,0.33670212765957447
3922,YNL072W YKL221W,0.0,NA,7.428610504511823e-11,1004,7481,3799,124,0.3870889748549323,0.118326458456099,0.8900709219858156,0.6632092198581561,0.336790780141844
3923,YIL173W YIL144W,0.0,NA,7.4456177334703e-11,1004,7480,3800,124,0.38716956802063185,0.11834040546911834,0.8900709219858156,0.6631205673758865,0.33687943262411346
3924,YJR134C YMR065W,0.0,NA,7.466281065626745e-11,1004,7479,3801,124,0.3872501611863314,0.11835435577036425,0.8900709219858156,0.663031914893617,0.336968085106383
3925,YOR257W YOR022C,0.0,NA,7.47895217978467e-11,1004,7478,3802,124,0.38733075435203096,0.11836830936099976,0.8900709219858156,0.6629432624113475,0.33705673758865246
3926,YOR393W YOR077W,0.0,NA,7.49498865748599e-11,1004,7477,3803,124,0.3874113475177305,0.11838226624218842,0.8900709219858156,0.662854609929078,0.337145390070922
3927,YMR202W YBL080C,0.0,NA,7.49822079426643e-11,1004,7476,3804,124,0.38749194068343007,0.11839622641509434,0.8900709219858156,0.6627659574468086,0.3372340425531915
3928,YCL047C YBR228W,0.0,NA,7.51603293491776e-11,1004,7475,3805,124,0.3875725338491296,0.11841018988088219,0.8900709219858156,0.662677304964539,0.337322695035461
3929,YGL143C YOL123W,0.0,NA,7.517123035150064e-11,1004,7474,3806,124,0.3876531270148291,0.11842415664071715,0.8900709219858156,0.6625886524822695,0.3374113475177305
3930,YGR097W YDR219C,0.0,NA,7.535784496415232e-11,1004,7473,3807,124,0.3877337201805287,0.118438126695765,0.8900709219858156,0.6625,0.3375
3931,YPL227C YDR488C,0.0,NA,7.558226267079249e-11,1004,7472,3808,124,0.38781431334622823,0.11845210004719207,0.8900709219858156,0.6624113475177305,0.3375886524822695
3932,YBR220C YNL149C,0.0,NA,7.604803592409226e-11,1004,7471,3809,124,0.38789490651192776,0.1184660766961652,0.8900709219858156,0.662322695035461,0.337677304964539
3933,YNR030W YBR296C,0.0,NA,7.621692166281946e-11,1004,7470,3810,124,0.38797549967762734,0.11848005664385178,0.8900709219858156,0.6622340425531915,0.3377659574468085
3934,YMR031C YDR257C,0.0,NA,7.644709865139987e-11,1004,7469,3811,124,0.38805609284332687,0.11849403989141981,0.8900709219858156,0.662145390070922,0.337854609929078
3935,YLR258W YNL181W,0.0,NA,7.655536621298253e-11,1004,7468,3812,124,0.38813668600902645,0.11850802644003777,0.8900709219858156,0.6620567375886525,0.33794326241134753
3936,YDL150W YDR217C,0.0,NA,7.662329104540788e-11,1004,7467,3813,124,0.388217279174726,0.11852201629087475,0.8900709219858156,0.6619680851063829,0.338031914893617
3937,YBR204C YFL054C,0.0,NA,7.663834844517936e-11,1004,7466,3814,124,0.3882978723404255,0.11853600944510036,0.8900709219858156,0.6618794326241135,0.3381205673758865
3938,YER139C YLR245C,0.0,NA,7.681748293020263e-11,1004,7465,3815,124,0.3883784655061251,0.11855000590388476,0.8900709219858156,0.661790780141844,0.33820921985815605
3939,YMR003W YKL204W,0.0,NA,7.692040060458538e-11,1004,7464,3816,124,0.3884590586718246,0.11856400566839868,0.8900709219858156,0.6617021276595745,0.3382978723404255
3940,YMR166C YLR341W,0.0,NA,7.696384501931774e-11,1004,7463,3817,124,0.3885396518375242,0.11857800873981339,0.8900709219858156,0.661613475177305,0.33838652482269505
3941,YDR335W YKR096W,0.0,NA,7.71663982712667e-11,1004,7462,3818,124,0.38862024500322373,0.11859201511930073,0.8900709219858156,0.6615248226950354,0.3384751773049645
3942,YPL249C YNL148C,0.0,NA,7.767584492279767e-11,1004,7461,3819,124,0.38870083816892326,0.11860602480803308,0.8900709219858156,0.6614361702127659,0.33856382978723404
3943,YER102W YGR056W,0.0,NA,7.77329103862634e-11,1004,7460,3820,124,0.38878143133462284,0.11862003780718336,0.8900709219858156,0.6613475177304965,0.33865248226950356
3944,YJR074W YJL078C,0.0,NA,7.790493944392907e-11,1004,7459,3821,124,0.38886202450032237,0.11863405411792509,0.8900709219858156,0.661258865248227,0.33874113475177303
3945,YGL029W YOL055C,0.0,NA,7.798968415517749e-11,1004,7458,3822,124,0.3889426176660219,0.11864807374143228,0.8900709219858156,0.6611702127659574,0.33882978723404256
3946,YML082W YBR220C,0.0,NA,7.80980488612748e-11,1004,7457,3823,124,0.3890232108317215,0.11866209667887956,0.8900709219858156,0.6610815602836879,0.3389184397163121
3947,YDL241W YBR019C,0.0,NA,7.834661391870057e-11,1004,7456,3824,124,0.389103803997421,0.11867612293144209,0.8900709219858156,0.6609929078014184,0.33900709219858155
3948,YDR087C YML077W,0.0,NA,7.871688717520087e-11,1004,7455,3825,124,0.3891843971631206,0.11869015250029555,0.8900709219858156,0.660904255319149,0.3390957446808511
3949,YPR163C YLR401C,0.0,NA,7.871898966005375e-11,1004,7454,3826,124,0.3892649903288201,0.11870418538661621,0.8900709219858156,0.6608156028368795,0.33918439716312054
3950,YFR022W YOL111C,0.0,NA,7.882957481220032e-11,1004,7453,3827,124,0.38934558349451964,0.11871822159158094,0.8900709219858156,0.6607269503546099,0.33927304964539007
3951,YNL291C YGR046W,0.0,NA,7.901623105821542e-11,1004,7452,3828,124,0.3894261766602192,0.11873226111636707,0.8900709219858156,0.6606382978723404,0.3393617021276596
3952,YNL199C YNL202W,0.0,NA,7.925909928374608e-11,1004,7451,3829,124,0.38950676982591875,0.11874630396215258,0.8900709219858156,0.6605496453900709,0.33945035460992906
3953,YHR021W-A YML080W,0.0,NA,7.93589360892355e-11,1004,7450,3830,124,0.38958736299161834,0.11876035013011592,0.8900709219858156,0.6604609929078015,0.3395390070921986
3954,YGL168W YOL052C,0.0,NA,7.939406770907098e-11,1004,7449,3831,124,0.38966795615731786,0.11877439962143618,0.8900709219858156,0.660372340425532,0.3396276595744681
3955,YHR167W YNL061W,0.0,NA,7.939936902401357e-11,1004,7448,3832,124,0.3897485493230174,0.11878845243729295,0.8900709219858156,0.6602836879432624,0.3397163120567376
3956,YNL084C YGR206W,0.0,NA,7.956035830147812e-11,1004,7447,3833,124,0.389829142488717,0.1188025085788664,0.8900709219858156,0.6601950354609929,0.3398049645390071
3957,YJR072C YMR177W,0.0,NA,7.971103638260146e-11,1004,7446,3834,124,0.3899097356544165,0.11881656804733728,0.8900709219858156,0.6601063829787234,0.3398936170212766
3958,YDR204W YNL022C,0.0,NA,7.979880645159199e-11,1004,7445,3835,124,0.38999032882011603,0.11883063084388686,0.8900709219858156,0.6600177304964538,0.3399822695035461
3959,YMR277W YBL018C,0.0,NA,8.034694437553114e-11,1004,7444,3836,124,0.3900709219858156,0.11884469696969698,0.8900709219858156,0.6599290780141844,0.3400709219858156
3960,YLR291C YOR388C,0.0,NA,8.03518432346273e-11,1004,7443,3837,124,0.39015151515151514,0.11885876642595004,0.8900709219858156,0.6598404255319149,0.3401595744680851
3961,YKR104W YDR228C,0.0,NA,8.051385252949572e-11,1004,7442,3838,124,0.3902321083172147,0.11887283921382903,0.8900709219858156,0.6597517730496454,0.3402482269503546
3962,YLR226W YPL271W,0.0,NA,8.092060355124886e-11,1004,7441,3839,124,0.39031270148291425,0.11888691533451747,0.8900709219858156,0.6596631205673759,0.34033687943262414
3963,YGR106C YJR103W,0.0,NA,8.108514554239221e-11,1004,7440,3840,124,0.3903932946486138,0.11890099478919944,0.8900709219858156,0.6595744680851063,0.3404255319148936
3964,YJL107C YOR349W,0.0,NA,8.117056332634931e-11,1004,7439,3841,124,0.39047388781431336,0.11891507757905957,0.8900709219858156,0.6594858156028369,0.34051418439716313
3965,YOR265W YGR211W,0.0,NA,8.128676204366414e-11,1004,7438,3842,124,0.3905544809800129,0.11892916370528311,0.8900709219858156,0.6593971631205674,0.3406028368794326
3966,YDR415C YDR434W,1.0,NA,8.137828605425668e-11,1003,7438,3842,125,0.39047388781431336,0.11882478379338941,0.8891843971631206,0.6593971631205674,0.3406028368794326
3967,YLR387C YML103C,0.0,NA,8.161440273601883e-11,1003,7437,3843,125,0.3905544809800129,0.11883886255924171,0.8891843971631206,0.6593085106382979,0.3406914893617021
3968,YJL051W YGL257C,0.0,NA,8.199276674281109e-11,1003,7436,3844,125,0.39063507414571247,0.11885294466168977,0.8891843971631206,0.6592198581560283,0.34078014184397165
3969,YBR193C YPL005W,0.0,NA,8.245101129622512e-11,1003,7435,3845,125,0.390715667311412,0.11886703010191989,0.8891843971631206,0.6591312056737588,0.3408687943262411
3970,YGR094W YGL002W,0.0,NA,8.315159671923311e-11,1003,7434,3846,125,0.3907962604771115,0.11888111888111888,0.8891843971631206,0.6590425531914894,0.34095744680851064
3971,YJR144W YGL257C,0.0,NA,8.316110994277537e-11,1003,7433,3847,125,0.3908768536428111,0.11889521100047416,0.8891843971631206,0.6589539007092199,0.34104609929078017
3972,YDR036C YMR211W,0.0,NA,8.349248376005036e-11,1003,7432,3848,125,0.39095744680851063,0.11890930646117367,0.8891843971631206,0.6588652482269504,0.34113475177304964
3973,YML118W YMR177W,0.0,NA,8.355285907590826e-11,1003,7431,3849,125,0.39103803997421016,0.11892340526440598,0.8891843971631206,0.6587765957446808,0.34122340425531916
3974,YLL013C YDR312W,0.0,NA,8.362157494223865e-11,1003,7430,3850,125,0.39111863313990974,0.11893750741136014,0.8891843971631206,0.6586879432624113,0.34131205673758863
3975,YMR262W YOR064C,0.0,NA,8.36914634816388e-11,1003,7429,3851,125,0.39119922630560927,0.11895161290322581,0.8891843971631206,0.6585992907801419,0.34140070921985816
3976,YDL143W YBL060W,0.0,NA,8.378345933701681e-11,1003,7428,3852,125,0.39127981947130885,0.11896572174119321,0.8891843971631206,0.6585106382978724,0.3414893617021277
3977,YHR211W YLR114C,0.0,NA,8.382373961612899e-11,1003,7427,3853,125,0.3913604126370084,0.11897983392645314,0.8891843971631206,0.6584219858156029,0.34157801418439715
3978,YER150W YHR107C,0.0,NA,8.445878718621458e-11,1003,7426,3854,125,0.3914410058027079,0.11899394946019694,0.8891843971631206,0.6583333333333333,0.3416666666666667
3979,YER131W YIR006C,0.0,NA,8.475668084040322e-11,1003,7425,3855,125,0.3915215989684075,0.11900806834361652,0.8891843971631206,0.6582446808510638,0.34175531914893614
3980,YCL024W YNL124W,0.0,NA,8.48331890845877e-11,1003,7424,3856,125,0.391602192134107,0.11902219057790435,0.8891843971631206,0.6581560283687943,0.34184397163120567
3981,YCL050C YJL096W,0.0,NA,8.505271487102561e-11,1003,7423,3857,125,0.3916827852998066,0.1190363161642535,0.8891843971631206,0.6580673758865249,0.3419326241134752
3982,YML055W YDR434W,1.0,NA,8.516164162752915e-11,1002,7423,3857,126,0.391602192134107,0.11893175074183976,0.8882978723404256,0.6580673758865249,0.3419326241134752
3983,YMR124W YPR060C,0.0,NA,8.528208694791317e-11,1002,7422,3858,126,0.3916827852998066,0.11894586894586895,0.8882978723404256,0.6579787234042553,0.34202127659574466
3984,YGL103W YDR312W,0.0,NA,8.53320400451274e-11,1002,7421,3859,126,0.39176337846550613,0.11895999050219637,0.8882978723404256,0.6578900709219858,0.3421099290780142
3985,YLR371W YDL211C,0.0,NA,8.577524107655776e-11,1002,7420,3860,126,0.39184397163120566,0.11897411541201615,0.8882978723404256,0.6578014184397163,0.3421985815602837
3986,YIL166C YML102W,0.0,NA,8.584397775956987e-11,1002,7419,3861,126,0.39192456479690524,0.11898824367652298,0.8882978723404256,0.6577127659574468,0.3422872340425532
3987,YJR103W YOR357C,0.0,NA,8.609223056676996e-11,1002,7418,3862,126,0.39200515796260477,0.11900237529691211,0.8882978723404256,0.6576241134751774,0.3423758865248227
3988,YJL091C YOL017W,0.0,NA,8.610109847317915e-11,1002,7417,3863,126,0.3920857511283043,0.11901651027437939,0.8882978723404256,0.6575354609929078,0.3424645390070922
3989,YIL042C YGR229C,0.0,NA,8.614051832944725e-11,1002,7416,3864,126,0.3921663442940039,0.11903064861012116,0.8882978723404256,0.6574468085106383,0.3425531914893617
3990,YGR105W YOR348C,0.0,NA,8.635075293694783e-11,1002,7415,3865,126,0.3922469374597034,0.11904479030533444,0.8882978723404256,0.6573581560283688,0.3426418439716312
3991,YGL248W YCR026C,0.0,NA,8.635240439369696e-11,1002,7414,3866,126,0.392327530625403,0.11905893536121673,0.8882978723404256,0.6572695035460993,0.3427304964539007
3992,YBR044C YBR175W,0.0,NA,8.680271779137883e-11,1002,7413,3867,126,0.3924081237911025,0.11907308377896614,0.8882978723404256,0.6571808510638298,0.3428191489361702
3993,YOL165C YBR228W,0.0,NA,8.693294695216736e-11,1002,7412,3868,126,0.39248871695680204,0.11908723555978132,0.8882978723404256,0.6570921985815603,0.34290780141843974
3994,YCR053W YJR141W,0.0,NA,8.703995857395341e-11,1002,7411,3869,126,0.3925693101225016,0.11910139070486152,0.8882978723404256,0.6570035460992908,0.3429964539007092
3995,YBR245C YNL113W,0.0,NA,8.708512383437395e-11,1002,7410,3870,126,0.39264990328820115,0.11911554921540657,0.8882978723404256,0.6569148936170213,0.34308510638297873
3996,YJR133W YMR058W,0.0,NA,8.727885775217104e-11,1002,7409,3871,126,0.39273049645390073,0.11912971109261682,0.8882978723404256,0.6568262411347517,0.3431737588652482
3997,YNL121C YGL004C,0.0,NA,8.764719505727214e-11,1002,7408,3872,126,0.39281108961960026,0.11914387633769322,0.8882978723404256,0.6567375886524822,0.3432624113475177
3998,YOR075W YDR128W,0.0,NA,8.766140591198734e-11,1002,7407,3873,126,0.3928916827852998,0.11915804495183732,0.8882978723404256,0.6566489361702128,0.34335106382978725
3999,YGL095C YDR191W,0.0,NA,8.768983456031165e-11,1002,7406,3874,126,0.3929722759509994,0.11917221693625119,0.8882978723404256,0.6565602836879433,0.3434397163120567
4000,YDR007W YJR161C,0.0,NA,8.795919548276743e-11,1002,7405,3875,126,0.3930528691166989,0.11918639229213751,0.8882978723404256,0.6564716312056738,0.34352836879432624
4001,YCL056C YHL024W,0.0,NA,8.79660719266262e-11,1002,7404,3876,126,0.3931334622823984,0.1192005710206995,0.8882978723404256,0.6563829787234042,0.34361702127659577
4002,YNL125C YNL062C,0.0,NA,8.81994338675085e-11,1002,7403,3877,126,0.393214055448098,0.11921475312314099,0.8882978723404256,0.6562943262411347,0.34370567375886524
4003,YKL137W YCR052W,0.0,NA,8.888508679083529e-11,1002,7402,3878,126,0.39329464861379754,0.11922893860066634,0.8882978723404256,0.6562056737588653,0.34379432624113476
4004,YJR118C YML002W,0.0,NA,8.890101849123866e-11,1002,7401,3879,126,0.3933752417794971,0.11924312745448054,0.8882978723404256,0.6561170212765958,0.34388297872340423
4005,YHR138C YJL052W,0.0,NA,8.890153196938755e-11,1002,7400,3880,126,0.39345583494519665,0.11925731968578909,0.8882978723404256,0.6560283687943262,0.34397163120567376
4006,YAL027W YLR364W,0.0,NA,8.892714342678687e-11,1002,7399,3881,126,0.3935364281108962,0.11927151529579812,0.8882978723404256,0.6559397163120567,0.3440602836879433
4007,YHR063C YNR007C,0.0,NA,8.899518622040858e-11,1002,7398,3882,126,0.39361702127659576,0.11928571428571429,0.8882978723404256,0.6558510638297872,0.34414893617021275
4008,YNL194C YHR150W,0.0,NA,8.91355045329334e-11,1002,7397,3883,126,0.3936976144422953,0.11929991665674484,0.8882978723404256,0.6557624113475178,0.3442375886524823
4009,YHR050W YDR384C,0.0,NA,8.92198676050171e-11,1002,7396,3884,126,0.39377820760799487,0.11931412241009764,0.8882978723404256,0.6556737588652483,0.3443262411347518
4010,YDR506C YPR021C,0.0,NA,8.978543603044287e-11,1002,7395,3885,126,0.3938588007736944,0.11932833154698107,0.8882978723404256,0.6555851063829787,0.34441489361702127
4011,YKR049C YPL062W,0.0,NA,8.998362471812626e-11,1002,7394,3886,126,0.3939393939393939,0.1193425440686041,0.8882978723404256,0.6554964539007092,0.3445035460992908
4012,YMR028W YDL155W,0.0,NA,9.02944663483396e-11,1002,7393,3887,126,0.3940199871050935,0.1193567599761763,0.8882978723404256,0.6554078014184397,0.34459219858156026
4013,YNR009W YOR090C,0.0,NA,9.041561943590182e-11,1002,7392,3888,126,0.39410058027079303,0.11937097927090778,0.8882978723404256,0.6553191489361702,0.3446808510638298
4014,YOR080W YKL001C,0.0,NA,9.051069616017315e-11,1002,7391,3889,126,0.39418117343649256,0.1193852019540093,0.8882978723404256,0.6552304964539007,0.3447695035460993
4015,YDR519W YNL160W,0.0,NA,9.057355560004865e-11,1002,7390,3890,126,0.39426176660219214,0.11939942802669208,0.8882978723404256,0.6551418439716312,0.3448581560283688
4016,YGR214W YGL068W,0.0,NA,9.078490736946776e-11,1002,7389,3891,126,0.39434235976789167,0.11941365749016804,0.8882978723404256,0.6550531914893617,0.3449468085106383
4017,YJL063C YPL158C,0.0,NA,9.131039674370456e-11,1002,7388,3892,126,0.39442295293359125,0.11942789034564959,0.8882978723404256,0.6549645390070922,0.3450354609929078
4018,YNL146W YNL148C,0.0,NA,9.140170564858607e-11,1002,7387,3893,126,0.3945035460992908,0.11944212659434975,0.8882978723404256,0.6548758865248226,0.3451241134751773
4019,YER174C YIR018W,0.0,NA,9.16335202161278e-11,1002,7386,3894,126,0.3945841392649903,0.11945636623748211,0.8882978723404256,0.6547872340425532,0.3452127659574468
4020,YOR393W YML091C,0.0,NA,9.173861670319639e-11,1002,7385,3895,126,0.3946647324306899,0.11947060927626088,0.8882978723404256,0.6546985815602837,0.3453014184397163
4021,YOR075W YMR110C,0.0,NA,9.192428068738323e-11,1002,7384,3896,126,0.3947453255963894,0.11948485571190079,0.8882978723404256,0.6546099290780142,0.3453900709219858
4022,YML055W YKL134C,1.0,NA,9.262370037621537e-11,1001,7384,3896,127,0.3946647324306899,0.11937984496124031,0.8874113475177305,0.6546099290780142,0.3453900709219858
4023,YDR315C YGL257C,0.0,NA,9.294755243249853e-11,1001,7383,3897,127,0.3947453255963894,0.11939408396946564,0.8874113475177305,0.6545212765957447,0.34547872340425534
4024,YDR027C YJR133W,0.0,NA,9.307351417353615e-11,1001,7382,3898,127,0.394825918762089,0.11940832637480615,0.8874113475177305,0.6544326241134751,0.3455673758865248
4025,YDL104C YIR039C,1.0,NA,9.3492345809576e-11,1000,7382,3898,128,0.3947453255963894,0.11930326890956812,0.8865248226950354,0.6544326241134751,0.3455673758865248
4026,YLR100W YBL052C,0.0,NA,9.359029523592355e-11,1000,7381,3899,128,0.394825918762089,0.11931750387781888,0.8865248226950354,0.6543439716312057,0.34565602836879433
4027,YAL054C YLR341W,0.0,NA,9.373499892939563e-11,1000,7380,3900,128,0.39490651192778853,0.11933174224343675,0.8865248226950354,0.6542553191489362,0.34574468085106386
4028,YDL104C YKL134C,1.0,NA,9.394082733926723e-11,999,7380,3900,129,0.394825918762089,0.11922663802363051,0.8856382978723404,0.6542553191489362,0.34574468085106386
4029,YLR348C YML003W,0.0,NA,9.514938836829856e-11,999,7379,3901,129,0.39490651192778853,0.11924086894246837,0.8856382978723404,0.6541666666666667,0.3458333333333333
4030,YPR144C YGR229C,0.0,NA,9.535195549803532e-11,999,7378,3902,129,0.39498710509348806,0.11925510325892325,0.8856382978723404,0.6540780141843971,0.34592198581560285
4031,YLL015W YOR080W,0.0,NA,9.60113169523602e-11,999,7377,3903,129,0.39506769825918764,0.11926934097421203,0.8856382978723404,0.6539893617021276,0.3460106382978723
4032,YCL056C YER061C,0.0,NA,9.622783125884382e-11,999,7376,3904,129,0.39514829142488717,0.11928358208955224,0.8856382978723404,0.6539007092198581,0.34609929078014184
4033,YGR096W YKL220C,0.0,NA,9.662252248299197e-11,999,7375,3905,129,0.3952288845905867,0.11929782660616194,0.8856382978723404,0.6538120567375887,0.34618794326241137
4034,YKL072W YDR067C,0.0,NA,9.682157853241335e-11,999,7374,3906,129,0.3953094777562863,0.11931207452525977,0.8856382978723404,0.6537234042553192,0.34627659574468084
4035,YLR208W YML107C,0.0,NA,9.793802574487032e-11,999,7373,3907,129,0.3953900709219858,0.11932632584806498,0.8856382978723404,0.6536347517730496,0.34636524822695036
4036,YDL035C YMR278W,0.0,NA,9.824017987991596e-11,999,7372,3908,129,0.3954706640876854,0.1193405805757974,0.8856382978723404,0.6535460992907801,0.34645390070921983
4037,YMR240C YLR157C,0.0,NA,9.93381210623312e-11,999,7371,3909,129,0.3955512572533849,0.11935483870967742,0.8856382978723404,0.6534574468085106,0.34654255319148936
4038,YOR213C YPR035W,0.0,NA,9.949380208595926e-11,999,7370,3910,129,0.39563185041908444,0.11936910025092604,0.8856382978723404,0.6533687943262412,0.3466312056737589
4039,YLR337C YJL201W,0.0,NA,9.9702003597546e-11,999,7369,3911,129,0.395712443584784,0.11938336520076481,0.8856382978723404,0.6532801418439717,0.34671985815602835
4040,YNL122C YJL121C,0.0,NA,1.0023933766367676e-10,999,7368,3912,129,0.39579303675048355,0.11939763356041593,0.8856382978723404,0.6531914893617021,0.3468085106382979
4041,YKR054C YOR204W,0.0,NA,1.0104248687747841e-10,999,7367,3913,129,0.39587362991618313,0.11941190533110208,0.8856382978723404,0.6531028368794326,0.3468971631205674
4042,YHR110W YAL061W,0.0,NA,1.0108007486575588e-10,999,7366,3914,129,0.39595422308188266,0.11942618051404662,0.8856382978723404,0.6530141843971631,0.34698581560283687
4043,YLR005W YDR520C,0.0,NA,1.0160040864182207e-10,999,7365,3915,129,0.3960348162475822,0.11944045911047346,0.8856382978723404,0.6529255319148937,0.3470744680851064
4044,YPR166C YBR273C,0.0,NA,1.0167970632135592e-10,999,7364,3916,129,0.39611540941328177,0.11945474112160707,0.8856382978723404,0.6528368794326241,0.34716312056737586
4045,YLR414C YOR324C,0.0,NA,1.019799800161536e-10,999,7363,3917,129,0.3961960025789813,0.11946902654867257,0.8856382978723404,0.6527482269503546,0.3472517730496454
4046,YER170W YDR128W,0.0,NA,1.0275472139831265e-10,999,7362,3918,129,0.3962765957446808,0.11948331539289558,0.8856382978723404,0.6526595744680851,0.3473404255319149
4047,YPL101W YGL238W,0.0,NA,1.033536381478406e-10,999,7361,3919,129,0.3963571889103804,0.1194976076555024,0.8856382978723404,0.6525709219858156,0.3474290780141844
4048,YAL024C YFR039C,0.0,NA,1.0352943502489609e-10,999,7360,3920,129,0.39643778207607994,0.11951190333771983,0.8856382978723404,0.6524822695035462,0.3475177304964539
4049,YER167W YMR125W,0.0,NA,1.0406992628775313e-10,999,7359,3921,129,0.3965183752417795,0.1195262024407753,0.8856382978723404,0.6523936170212766,0.3476063829787234
4050,YNL273W YHR096C,0.0,NA,1.0453485299599663e-10,999,7358,3922,129,0.39659896840747905,0.11954050496589685,0.8856382978723404,0.6523049645390071,0.3476950354609929
4051,YER122C YDR346C,0.0,NA,1.0460286109514882e-10,999,7357,3923,129,0.3966795615731786,0.11955481091431307,0.8856382978723404,0.6522163120567376,0.3477836879432624
4052,YJL210W YMR184W,0.0,NA,1.0467890443344174e-10,999,7356,3924,129,0.39676015473887816,0.11956912028725314,0.8856382978723404,0.652127659574468,0.3478723404255319
4053,YPR103W YKL134C,1.0,NA,1.0492457597210958e-10,998,7356,3924,130,0.3966795615731786,0.11946372994972468,0.8847517730496454,0.652127659574468,0.3478723404255319
4054,YPR069C YOL067C,0.0,NA,1.0512769821335866e-10,998,7355,3925,130,0.39676015473887816,0.11947803184484616,0.8847517730496454,0.6520390070921985,0.3479609929078014
4055,YAL061W YCR028C,0.0,NA,1.0519148746501727e-10,998,7354,3926,130,0.3968407479045777,0.11949233716475095,0.8847517730496454,0.6519503546099291,0.34804964539007094
4056,YMR262W YEL043W,0.0,NA,1.0527177046748548e-10,998,7353,3927,130,0.39692134107027727,0.11950664591066938,0.8847517730496454,0.6518617021276596,0.3481382978723404
4057,YFR016C YIL009C-A,0.0,NA,1.0558325047593797e-10,998,7352,3928,130,0.3970019342359768,0.11952095808383234,0.8847517730496454,0.6517730496453901,0.34822695035460993
4058,YML107C YOR299W,0.0,NA,1.0628863067463357e-10,998,7351,3929,130,0.3970825274016763,0.11953527368547132,0.8847517730496454,0.6516843971631205,0.34831560283687946
4059,YNR031C YAL054C,0.0,NA,1.0662589561283298e-10,998,7350,3930,130,0.3971631205673759,0.1195495927168184,0.8847517730496454,0.651595744680851,0.3484042553191489
4060,YOR030W YJL053W,0.0,NA,1.0738041705815604e-10,998,7349,3931,130,0.39724371373307543,0.11956391517910626,0.8847517730496454,0.6515070921985816,0.34849290780141845
4061,YIL008W YOR064C,0.0,NA,1.0852585496934353e-10,998,7348,3932,130,0.39732430689877496,0.11957824107356818,0.8847517730496454,0.6514184397163121,0.3485815602836879
4062,YLR364W YDL155W,0.0,NA,1.0862671179223682e-10,998,7347,3933,130,0.39740490006447454,0.11959257040143799,0.8847517730496454,0.6513297872340426,0.34867021276595744
4063,YPL119C YOL144W,0.0,NA,1.0903210279078479e-10,998,7346,3934,130,0.39748549323017407,0.11960690316395015,0.8847517730496454,0.651241134751773,0.34875886524822697
4064,YNL051W YLR103C,0.0,NA,1.0922672488700158e-10,998,7345,3935,130,0.39756608639587365,0.11962123936233969,0.8847517730496454,0.6511524822695035,0.34884751773049644
4065,YJL172W YDR434W,1.0,NA,1.0961281882160279e-10,997,7345,3935,131,0.39748549323017407,0.11951570366818509,0.8838652482269503,0.6511524822695035,0.34884751773049644
4066,YAL061W YIL173W,0.0,NA,1.0987321469313471e-10,997,7344,3936,131,0.39756608639587365,0.1195300323702194,0.8838652482269503,0.6510638297872341,0.34893617021276596
4067,YOR228C YDL148C,0.0,NA,1.1046114717361277e-10,997,7343,3937,131,0.3976466795615732,0.11954436450839329,0.8838652482269503,0.6509751773049646,0.3490248226950355
4068,YMR122W-A YOR119C,0.0,NA,1.1074805655875153e-10,997,7342,3938,131,0.3977272727272727,0.11955870008394291,0.8838652482269503,0.650886524822695,0.34911347517730495
4069,YDR357C YDR130C,0.0,NA,1.1101961711057484e-10,997,7341,3939,131,0.3978078658929723,0.11957303909810506,0.8838652482269503,0.6507978723404255,0.3492021276595745
4070,YGL191W YGR261C,0.0,NA,1.1116962905788341e-10,997,7340,3940,131,0.3978884590586718,0.11958738155211707,0.8838652482269503,0.650709219858156,0.34929078014184395
4071,YGR089W YIL017C,0.0,NA,1.1147836126434996e-10,997,7339,3941,131,0.3979690522243714,0.1196017274472169,0.8838652482269503,0.6506205673758865,0.3493794326241135
4072,YKR054C YPR184W,0.0,NA,1.115745135171764e-10,997,7338,3942,131,0.3980496453900709,0.11961607678464307,0.8838652482269503,0.6505319148936171,0.349468085106383
4073,YMR137C YLR091W,0.0,NA,1.118327375149164e-10,997,7337,3943,131,0.39813023855577045,0.11963042956563474,0.8838652482269503,0.6504432624113475,0.34955673758865247
4074,YOR294W YNL281W,0.0,NA,1.1199134675177191e-10,997,7336,3944,131,0.39821083172147004,0.11964478579143166,0.8838652482269503,0.650354609929078,0.349645390070922
4075,YLR104W YKL014C,0.0,NA,1.1210482542267641e-10,997,7335,3945,131,0.39829142488716957,0.11965914546327412,0.8838652482269503,0.6502659574468085,0.3497340425531915
4076,YDL188C YNL072W,0.0,NA,1.127363064012954e-10,997,7334,3946,131,0.3983720180528691,0.11967350858240307,0.8838652482269503,0.650177304964539,0.349822695035461
4077,YML015C YOL165C,0.0,NA,1.1286303142066245e-10,997,7333,3947,131,0.3984526112185687,0.11968787515006002,0.8838652482269503,0.6500886524822695,0.3499113475177305
4078,YJR048W YOR209C,0.0,NA,1.1350375500596144e-10,997,7332,3948,131,0.3985332043842682,0.11970224516748709,0.8838652482269503,0.65,0.35
4079,YDR299W YLR105C,0.0,NA,1.1362549789950549e-10,997,7331,3949,131,0.3986137975499678,0.11971661863592699,0.8838652482269503,0.6499113475177305,0.3500886524822695
4080,YOR298C-A YNL014W,0.0,NA,1.1406476457809234e-10,997,7330,3950,131,0.3986943907156673,0.11973099555662303,0.8838652482269503,0.649822695035461,0.350177304964539
4081,YOL090W YNL019C,0.0,NA,1.143307254425352e-10,997,7329,3951,131,0.39877498388136684,0.11974537593081912,0.8838652482269503,0.6497340425531914,0.3502659574468085
4082,YGR296W YBR204C,0.0,NA,1.1460997428880404e-10,997,7328,3952,131,0.3988555770470664,0.11975975975975976,0.8838652482269503,0.649645390070922,0.350354609929078
4083,YIL169C YPR160W,0.0,NA,1.1464451610265769e-10,997,7327,3953,131,0.39893617021276595,0.11977414704469005,0.8838652482269503,0.6495567375886525,0.35044326241134754
4084,YDL241W YHL011C,0.0,NA,1.1468409555348558e-10,997,7326,3954,131,0.39901676337846553,0.1197885377868557,0.8838652482269503,0.649468085106383,0.350531914893617
4085,YHR064C YMR163C,0.0,NA,1.1481148670666741e-10,997,7325,3955,131,0.39909735654416506,0.119802931987503,0.8838652482269503,0.6493794326241135,0.35062056737588654
4086,YDL025C YKL101W,0.0,NA,1.1503550195746115e-10,997,7324,3956,131,0.3991779497098646,0.11981732964787886,0.8838652482269503,0.6492907801418439,0.350709219858156
4087,YPR121W YML021C,0.0,NA,1.1512131525837077e-10,997,7323,3957,131,0.39925854287556417,0.11983173076923077,0.8838652482269503,0.6492021276595744,0.35079787234042553
4088,YER144C YJL113W,1.0,NA,1.154914705536747e-10,996,7323,3957,132,0.3991779497098646,0.11972592859718716,0.8829787234042553,0.6492021276595744,0.35079787234042553
4089,YGR038W YDR488C,0.0,NA,1.1552495765565496e-10,996,7322,3958,132,0.39925854287556417,0.11974032219283481,0.8829787234042553,0.649113475177305,0.35088652482269506
4090,YKL127W YGR278W,0.0,NA,1.1586544224062578e-10,996,7321,3959,132,0.3993391360412637,0.11975471924972947,0.8829787234042553,0.6490248226950355,0.3509751773049645
4091,YGR134W YMR095C,0.0,NA,1.1596693050286433e-10,996,7320,3960,132,0.3994197292069632,0.11976911976911978,0.8829787234042553,0.648936170212766,0.35106382978723405
4092,YLR206W YCL066W,0.0,NA,1.1598418753200335e-10,996,7319,3961,132,0.3995003223726628,0.11978352375225496,0.8829787234042553,0.6488475177304964,0.3511524822695035
4093,YDL137W YBR207W,0.0,NA,1.1627345614106943e-10,996,7318,3962,132,0.39958091553836234,0.1197979312003849,0.8829787234042553,0.6487588652482269,0.35124113475177304
4094,YLR284C YML102W,0.0,NA,1.163923887825824e-10,996,7317,3963,132,0.3996615087040619,0.11981234211476001,0.8829787234042553,0.6486702127659575,0.35132978723404257
4095,YNL118C YJR094W-A,0.0,NA,1.170654406745797e-10,996,7316,3964,132,0.39974210186976145,0.11982675649663138,0.8829787234042553,0.648581560283688,0.35141843971631204
4096,YKR055W YNL320W,0.0,NA,1.176032188299203e-10,996,7315,3965,132,0.399822695035461,0.11984117434725063,0.8829787234042553,0.6484929078014184,0.35150709219858156
4097,YGR143W YCR021C,0.0,NA,1.1764966778571306e-10,996,7314,3966,132,0.39990328820116056,0.11985559566787003,0.8829787234042553,0.6484042553191489,0.3515957446808511
4098,YKL146W YMR065W,0.0,NA,1.1769028807062654e-10,996,7313,3967,132,0.3999838813668601,0.11987002045974245,0.8829787234042553,0.6483156028368794,0.35168439716312055
4099,YMR087W YER163C,0.0,NA,1.1776439545752027e-10,996,7312,3968,132,0.40006447453255967,0.11988444872412132,0.8829787234042553,0.64822695035461,0.3517730496453901
4100,YJR134C YHR030C,0.0,NA,1.187328568796886e-10,996,7311,3969,132,0.4001450676982592,0.11989888046226074,0.8829787234042553,0.6481382978723405,0.35186170212765955
4101,YJL099W YCR034W,0.0,NA,1.1934246646472246e-10,996,7310,3970,132,0.4002256608639587,0.11991331567541537,0.8829787234042553,0.6480496453900709,0.3519503546099291
4102,YKL180W YOR080W,0.0,NA,1.1955275658337428e-10,996,7309,3971,132,0.4003062540296583,0.11992775436484046,0.8829787234042553,0.6479609929078014,0.3520390070921986
4103,YGR060W YPR031W,0.0,NA,1.1994218118704936e-10,996,7308,3972,132,0.40038684719535783,0.1199421965317919,0.8829787234042553,0.6478723404255319,0.35212765957446807
4104,YLR273C YPL231W,0.0,NA,1.202954680312729e-10,996,7307,3973,132,0.40046744036105736,0.11995664217752619,0.8829787234042553,0.6477836879432625,0.3522163120567376
4105,YDR541C YDL035C,0.0,NA,1.2047618458410625e-10,996,7306,3974,132,0.40054803352675694,0.11997109130330041,0.8829787234042553,0.6476950354609929,0.3523049645390071
4106,YGL215W YEL071W,0.0,NA,1.2057088660810678e-10,996,7305,3975,132,0.40062862669245647,0.11998554391037225,0.8829787234042553,0.6476063829787234,0.3523936170212766
4107,YAR018C YKR103W,0.0,NA,1.2143289152000136e-10,996,7304,3976,132,0.40070921985815605,0.12,0.8829787234042553,0.6475177304964539,0.3524822695035461
4108,YOR204W YMR086W,0.0,NA,1.2152395756359624e-10,996,7303,3977,132,0.4007898130238556,0.12001445957344259,0.8829787234042553,0.6474290780141844,0.3525709219858156
4109,YBR175W YDR359C,0.0,NA,1.2157402862200684e-10,996,7302,3978,132,0.4008704061895551,0.12002892263195951,0.8829787234042553,0.6473404255319148,0.3526595744680851
4110,YOR077W YCR052W,0.0,NA,1.2169837360076485e-10,996,7301,3979,132,0.4009509993552547,0.1200433891768109,0.8829787234042553,0.6472517730496454,0.3527482269503546
4111,YJL172W YLR163C,1.0,NA,1.2176780417316735e-10,995,7301,3979,133,0.4008704061895551,0.11993731918997107,0.8820921985815603,0.6472517730496454,0.3527482269503546
4112,YGR214W YPR032W,0.0,NA,1.218028733429577e-10,995,7300,3980,133,0.4009509993552547,0.11995177817962628,0.8820921985815603,0.6471631205673759,0.3528368794326241
4113,YOR194C YNL311C,0.0,NA,1.232562801822823e-10,995,7299,3981,133,0.4010315925209542,0.11996624065589583,0.8820921985815603,0.6470744680851064,0.3529255319148936
4114,YJL173C YNL271C,0.0,NA,1.2339154698004506e-10,995,7298,3982,133,0.4011121856866538,0.119980706620041,0.8820921985815603,0.6469858156028369,0.35301418439716314
4115,YPR137W YBL098W,0.0,NA,1.234273239170136e-10,995,7297,3983,133,0.4011927788523533,0.11999517607332369,0.8820921985815603,0.6468971631205673,0.3531028368794326
4116,YDR234W YOR226C,0.0,NA,1.2455349251982994e-10,995,7296,3984,133,0.40127337201805285,0.12000964901700639,0.8820921985815603,0.6468085106382979,0.35319148936170214
4117,YOR357C YGL196W,0.0,NA,1.2462288145886902e-10,995,7295,3985,133,0.40135396518375244,0.12002412545235223,0.8820921985815603,0.6467198581560284,0.3532801418439716
4118,YOL113W YDR228C,0.0,NA,1.253731701789107e-10,995,7294,3986,133,0.40143455834945196,0.12003860538062493,0.8820921985815603,0.6466312056737589,0.35336879432624113
4119,YGR277C YBR083W,0.0,NA,1.254456538646309e-10,995,7293,3987,133,0.4015151515151515,0.1200530888030888,0.8820921985815603,0.6465425531914893,0.35345744680851066
4120,YOR193W YJR152W,0.0,NA,1.2621027833947807e-10,995,7292,3988,133,0.4015957446808511,0.1200675757210088,0.8820921985815603,0.6464539007092198,0.3535460992907801
4121,YCR053W YPL175W,0.0,NA,1.2625168965829658e-10,995,7291,3989,133,0.4016763378465506,0.12008206613565049,0.8820921985815603,0.6463652482269504,0.35363475177304965
4122,YJR153W YJL201W,0.0,NA,1.2639529700653185e-10,995,7290,3990,133,0.4017569310122502,0.12009656004828002,0.8820921985815603,0.6462765957446809,0.3537234042553192
4123,YDR506C YPR194C,0.0,NA,1.2707744578843716e-10,995,7289,3991,133,0.4018375241779497,0.12011105746016418,0.8820921985815603,0.6461879432624114,0.35381205673758864
4124,YHL018W YPL183C,0.0,NA,1.273611077712289e-10,995,7288,3992,133,0.40191811734364924,0.12012555837257033,0.8820921985815603,0.6460992907801418,0.35390070921985817
4125,YLL013C YOR101W,0.0,NA,1.2737665089357364e-10,995,7287,3993,133,0.4019987105093488,0.12014006278676648,0.8820921985815603,0.6460106382978723,0.35398936170212764
4126,YIR018W YDR130C,0.0,NA,1.282481759679044e-10,995,7286,3994,133,0.40207930367504835,0.12015457070402126,0.8820921985815603,0.6459219858156028,0.35407801418439716
4127,YDR067C YPR174C,0.0,NA,1.2850724651070067e-10,995,7285,3995,133,0.4021598968407479,0.12016908212560387,0.8820921985815603,0.6458333333333334,0.3541666666666667
4128,YKL221W YPR125W,0.0,NA,1.292934925789524e-10,995,7284,3996,133,0.40224049000644746,0.12018359705278416,0.8820921985815603,0.6457446808510638,0.35425531914893615
4129,YKL073W YJR103W,0.0,NA,1.293023743631494e-10,995,7283,3997,133,0.402321083172147,0.12019811548683257,0.8820921985815603,0.6456560283687943,0.3543439716312057
4130,YJL113W YBR074W,1.0,NA,1.2946622940379626e-10,994,7283,3997,134,0.40224049000644746,0.12009182070798599,0.8812056737588653,0.6456560283687943,0.3543439716312057
4131,YHR094C YDR363W-A,0.0,NA,1.3006222487899066e-10,994,7282,3998,134,0.402321083172147,0.12010633156114064,0.8812056737588653,0.6455673758865248,0.3544326241134752
4132,YGR179C YDR498C,0.0,NA,1.301724145141847e-10,994,7281,3999,134,0.40240167633784657,0.12012084592145016,0.8812056737588653,0.6454787234042553,0.35452127659574467
4133,YNL289W YLR137W,0.0,NA,1.3026729694942674e-10,994,7280,4000,134,0.4024822695035461,0.12013536379018612,0.8812056737588653,0.6453900709219859,0.3546099290780142
4134,YKL204W YDR077W,0.0,NA,1.3036001444977074e-10,994,7279,4001,134,0.4025628626692456,0.12014988516862081,0.8812056737588653,0.6453014184397163,0.35469858156028367
4135,YHR211W YBL018C,0.0,NA,1.3038611856863724e-10,994,7278,4002,134,0.4026434558349452,0.12016441005802708,0.8812056737588653,0.6452127659574468,0.3547872340425532
4136,YLR209C YIL112W,0.0,NA,1.310763164674711e-10,994,7277,4003,134,0.40272404900064473,0.12017893845967839,0.8812056737588653,0.6451241134751773,0.3548758865248227
4137,YDL222C YGL065C,0.0,NA,1.3119863528920916e-10,994,7276,4004,134,0.4028046421663443,0.12019347037484886,0.8812056737588653,0.6450354609929078,0.3549645390070922
4138,YDR427W YBR076W,0.0,NA,1.3144434152234652e-10,994,7275,4005,134,0.40288523533204385,0.12020800580481315,0.8812056737588653,0.6449468085106383,0.3550531914893617
4139,YJL201W YKL135C,0.0,NA,1.316242254079114e-10,994,7274,4006,134,0.4029658284977434,0.12022254475084664,0.8812056737588653,0.6448581560283688,0.35514184397163123
4140,YEL065W YAL054C,0.0,NA,1.3182874236683517e-10,994,7273,4007,134,0.40304642166344296,0.12023708721422523,0.8812056737588653,0.6447695035460993,0.3552304964539007
4141,YGR081C YOR360C,0.0,NA,1.318652131931941e-10,994,7272,4008,134,0.4031270148291425,0.1202516331962255,0.8812056737588653,0.6446808510638298,0.3553191489361702
4142,YMR325W YPR115W,0.0,NA,1.320250159198011e-10,994,7271,4009,134,0.403207607994842,0.12026618269812463,0.8812056737588653,0.6445921985815602,0.3554078014184397
4143,YGR037C YPR060C,0.0,NA,1.3229574380435594e-10,994,7270,4010,134,0.4032882011605416,0.12028073572120039,0.8812056737588653,0.6445035460992907,0.3554964539007092
4144,YGR224W YIL115C,0.0,NA,1.3393743059086916e-10,994,7269,4011,134,0.4033687943262411,0.1202952922667312,0.8812056737588653,0.6444148936170213,0.35558510638297874
4145,YOL125W YBR173C,0.0,NA,1.3398904208372642e-10,994,7268,4012,134,0.4034493874919407,0.12030985233599613,0.8812056737588653,0.6443262411347518,0.3556737588652482
4146,YOR245C YOL013C,0.0,NA,1.3442549851028218e-10,994,7267,4013,134,0.40352998065764023,0.12032441593027479,0.8812056737588653,0.6442375886524823,0.35576241134751774
4147,YCL024W YNL149C,0.0,NA,1.347718187050262e-10,994,7266,4014,134,0.40361057382333976,0.12033898305084746,0.8812056737588653,0.6441489361702127,0.3558510638297872
4148,YBR132C YJR051W,0.0,NA,1.348057637740041e-10,994,7265,4015,134,0.40369116698903934,0.12035355369899503,0.8812056737588653,0.6440602836879432,0.35593971631205673
4149,YDR044W YCR094W,0.0,NA,1.3498070716710941e-10,994,7264,4016,134,0.40377176015473887,0.12036812787599903,0.8812056737588653,0.6439716312056738,0.35602836879432626
4150,YPL150W YCR028C,0.0,NA,1.3521854469455974e-10,994,7263,4017,134,0.40385235332043845,0.12038270558314158,0.8812056737588653,0.6438829787234043,0.3561170212765957
4151,YHR127W YKL064W,0.0,NA,1.3528769771120608e-10,994,7262,4018,134,0.403932946486138,0.12039728682170543,0.8812056737588653,0.6437943262411348,0.35620567375886525
4152,YGL095C YDR313C,0.0,NA,1.3538785370581508e-10,994,7261,4019,134,0.4040135396518375,0.12041187159297395,0.8812056737588653,0.6437056737588652,0.3562943262411348
4153,YHR168W YOR064C,0.0,NA,1.3579906643634843e-10,994,7260,4020,134,0.4040941328175371,0.12042645989823116,0.8812056737588653,0.6436170212765957,0.35638297872340424
4154,YNL044W YBL052C,0.0,NA,1.3630456485724807e-10,994,7259,4021,134,0.4041747259832366,0.12044105173876166,0.8812056737588653,0.6435283687943263,0.35647163120567377
4155,YPL200W YFR048W,0.0,NA,1.3650749974836174e-10,994,7258,4022,134,0.40425531914893614,0.1204556471158507,0.8812056737588653,0.6434397163120568,0.35656028368794324
4156,YDL174C YGR056W,0.0,NA,1.366372293087892e-10,994,7257,4023,134,0.4043359123146357,0.12047024603078414,0.8812056737588653,0.6433510638297872,0.35664893617021276
4157,YDR152W YBR213W,0.0,NA,1.3691636713275557e-10,994,7256,4024,134,0.40441650548033525,0.12048484848484849,0.8812056737588653,0.6432624113475177,0.3567375886524823
4158,YLR274W YMR065W,0.0,NA,1.3708803536793823e-10,994,7255,4025,134,0.40449709864603484,0.12049945447933083,0.8812056737588653,0.6431737588652482,0.35682624113475175
4159,YKL171W YJR118C,0.0,NA,1.3708988111371667e-10,994,7254,4026,134,0.40457769181173436,0.12051406401551891,0.8812056737588653,0.6430851063829788,0.3569148936170213
4160,YMR235C YPR129W,0.0,NA,1.3752514405052096e-10,994,7253,4027,134,0.4046582849774339,0.12052867709470111,0.8812056737588653,0.6429964539007093,0.3570035460992908
4161,YHR053C YDR532C,0.0,NA,1.3767736950498488e-10,994,7252,4028,134,0.4047388781431335,0.12054329371816638,0.8812056737588653,0.6429078014184397,0.35709219858156027
4162,YNL072W YMR092C,0.0,NA,1.3797048226127373e-10,994,7251,4029,134,0.404819471308833,0.12055791388720437,0.8812056737588653,0.6428191489361702,0.3571808510638298
4163,YLR157C YNL146W,0.0,NA,1.3812503918408936e-10,994,7250,4030,134,0.4049000644745326,0.1205725376031053,0.8812056737588653,0.6427304964539007,0.35726950354609927
4164,YBR111C YLR273C,0.0,NA,1.3867569592651563e-10,994,7249,4031,134,0.4049806576402321,0.12058716486716002,0.8812056737588653,0.6426418439716312,0.3573581560283688
4165,YKL139W YHL006C,0.0,NA,1.3920677111034507e-10,994,7248,4032,134,0.40506125080593164,0.12060179568066004,0.8812056737588653,0.6425531914893617,0.3574468085106383
4166,YLR436C YAR066W,0.0,NA,1.3934278730864946e-10,994,7247,4033,134,0.4051418439716312,0.12061643004489746,0.8812056737588653,0.6424645390070922,0.3575354609929078
4167,YJL100W YOR272W,0.0,NA,1.3959390587903187e-10,994,7246,4034,134,0.40522243713733075,0.12063106796116504,0.8812056737588653,0.6423758865248227,0.3576241134751773
4168,YJR041C YNL215W,0.0,NA,1.400162902287505e-10,994,7245,4035,134,0.4053030303030303,0.12064570943075616,0.8812056737588653,0.6422872340425532,0.35771276595744683
4169,YKR049C YGL070C,0.0,NA,1.4036335982403614e-10,994,7244,4036,134,0.40538362346872986,0.1206603544549648,0.8812056737588653,0.6421985815602836,0.3578014184397163
4170,YGR261C YOL153C,0.0,NA,1.4046566687575535e-10,994,7243,4037,134,0.4054642166344294,0.12067500303508559,0.8812056737588653,0.6421099290780142,0.3578900709219858
4171,YMR142C YDR240C,0.0,NA,1.4056214525659527e-10,994,7242,4038,134,0.40554480980012897,0.1206896551724138,0.8812056737588653,0.6420212765957447,0.3579787234042553
4172,YBR181C YMR230W,0.0,NA,1.4086704025473296e-10,994,7241,4039,134,0.4056254029658285,0.12070431086824529,0.8812056737588653,0.6419326241134752,0.3580673758865248
4173,YLR291C YOR208W,0.0,NA,1.4096299127963619e-10,994,7240,4040,134,0.405705996131528,0.12071897012387661,0.8812056737588653,0.6418439716312057,0.35815602836879434
4174,YNL149C YDL208W,0.0,NA,1.420070727675693e-10,994,7239,4041,134,0.4057865892972276,0.12073363294060488,0.8812056737588653,0.6417553191489361,0.3582446808510638
4175,YCL024W YDL018C,0.0,NA,1.4213905052962161e-10,994,7238,4042,134,0.40586718246292713,0.12074829931972789,0.8812056737588653,0.6416666666666667,0.35833333333333334
4176,YDR316W YLR091W,0.0,NA,1.424185769316466e-10,994,7237,4043,134,0.4059477756286267,0.12076296926254404,0.8812056737588653,0.6415780141843972,0.35842198581560286
4177,YCR068W YOL012C,0.0,NA,1.4242806933850716e-10,994,7236,4044,134,0.40602836879432624,0.12077764277035237,0.8812056737588653,0.6414893617021277,0.35851063829787233
4178,YPL159C YHR011W,0.0,NA,1.4251258506625675e-10,994,7235,4045,134,0.40610896196002577,0.12079231984445254,0.8812056737588653,0.6414007092198581,0.35859929078014185
4179,YOL116W YDR346C,0.0,NA,1.4305863438313082e-10,994,7234,4046,134,0.40618955512572535,0.12080700048614487,0.8812056737588653,0.6413120567375886,0.3586879432624113
4180,YPL101W YGR141W,0.0,NA,1.4320987451466038e-10,994,7233,4047,134,0.4062701482914249,0.12082168469673028,0.8812056737588653,0.6412234042553191,0.35877659574468085
4181,YKL052C YER061C,0.0,NA,1.433038687714827e-10,994,7232,4048,134,0.4063507414571244,0.12083637247751033,0.8812056737588653,0.6411347517730497,0.3588652482269504
4182,YGR089W YNL052W,0.0,NA,1.4338316645101656e-10,994,7231,4049,134,0.406431334622824,0.12085106382978723,0.8812056737588653,0.6410460992907802,0.35895390070921984
4183,YPR026W YPL063W,0.0,NA,1.4414161531028924e-10,994,7230,4050,134,0.4065119277885235,0.12086575875486381,0.8812056737588653,0.6409574468085106,0.35904255319148937
4184,YKR027W YMR278W,0.0,NA,1.4417460281190841e-10,994,7229,4051,134,0.4065925209542231,0.12088045725404353,0.8812056737588653,0.6408687943262411,0.3591312056737589
4185,YMR078C YPL219W,0.0,NA,1.4461333519566466e-10,994,7228,4052,134,0.40667311411992263,0.1208951593286305,0.8812056737588653,0.6407801418439716,0.35921985815602836
4186,YDR364C YOR339C,0.0,NA,1.4482311183616758e-10,994,7227,4053,134,0.40675370728562216,0.12090986497992945,0.8812056737588653,0.6406914893617022,0.3593085106382979
4187,YGR156W YMR112C,0.0,NA,1.4592362040932727e-10,994,7226,4054,134,0.40683430045132174,0.12092457420924574,0.8812056737588653,0.6406028368794326,0.35939716312056735
4188,YDL176W YDR447C,0.0,NA,1.4596759911889023e-10,994,7225,4055,134,0.40691489361702127,0.1209392870178854,0.8812056737588653,0.6405141843971631,0.3594858156028369
4189,YDR027C YMR156C,0.0,NA,1.4620500643491852e-10,994,7224,4056,134,0.40699548678272085,0.12095400340715502,0.8812056737588653,0.6404255319148936,0.3595744680851064
4190,YKR050W YML023C,0.0,NA,1.4654281954573634e-10,994,7223,4057,134,0.4070760799484204,0.12096872337836194,0.8812056737588653,0.6403368794326241,0.35966312056737587
4191,YNL051W YPL016W,0.0,NA,1.466507471015177e-10,994,7222,4058,134,0.4071566731141199,0.12098344693281401,0.8812056737588653,0.6402482269503547,0.3597517730496454
4192,YJL131C YNL039W,0.0,NA,1.4668123660133148e-10,994,7221,4059,134,0.4072372662798195,0.12099817407181984,0.8812056737588653,0.6401595744680851,0.3598404255319149
4193,YOR196C YGL071W,0.0,NA,1.473753202807515e-10,994,7220,4060,134,0.407317859445519,0.12101290479668858,0.8812056737588653,0.6400709219858156,0.3599290780141844
4194,YGR094W YMR125W,0.0,NA,1.4835450923289528e-10,994,7219,4061,134,0.40739845261121854,0.12102763910873006,0.8812056737588653,0.6399822695035461,0.3600177304964539
4195,YLR061W YNR009W,0.0,NA,1.4840262352322497e-10,994,7218,4062,134,0.4074790457769181,0.12104237700925474,0.8812056737588653,0.6398936170212766,0.3601063829787234
4196,YLR081W YOL165C,0.0,NA,1.494240009503045e-10,994,7217,4063,134,0.40755963894261765,0.12105711849957375,0.8812056737588653,0.639804964539007,0.3601950354609929
4197,YGR278W YER164W,0.0,NA,1.4993044306077508e-10,994,7216,4064,134,0.40764023210831724,0.12107186358099878,0.8812056737588653,0.6397163120567376,0.36028368794326243
4198,YJL131C YHR059W,0.0,NA,1.5021840715778723e-10,994,7215,4065,134,0.40772082527401676,0.12108661225484224,0.8812056737588653,0.6396276595744681,0.3603723404255319
4199,YDR182W YKL220C,0.0,NA,1.5107409767622926e-10,994,7214,4066,134,0.4078014184397163,0.12110136452241715,0.8812056737588653,0.6395390070921986,0.3604609929078014
4200,YDR323C YDL125C,0.0,NA,1.5133248820742295e-10,994,7213,4067,134,0.4078820116054159,0.12111612038503716,0.8812056737588653,0.639450354609929,0.36054964539007095
4201,YJL109C YMR177W,0.0,NA,1.513954239751314e-10,994,7212,4068,134,0.4079626047711154,0.12113087984401658,0.8812056737588653,0.6393617021276595,0.3606382978723404
4202,YPL031C YJL178C,0.0,NA,1.5149306809014718e-10,994,7211,4069,134,0.408043197936815,0.12114564290067033,0.8812056737588653,0.6392730496453901,0.36072695035460994
4203,YNR009W YLR430W,0.0,NA,1.518216663498606e-10,994,7210,4070,134,0.4081237911025145,0.12116040955631399,0.8812056737588653,0.6391843971631206,0.3608156028368794
4204,YBR044C YCR031C,0.0,NA,1.519166736851929e-10,994,7209,4071,134,0.40820438426821404,0.1211751798122638,0.8812056737588653,0.6390957446808511,0.36090425531914894
4205,YGR227W YOR264W,0.0,NA,1.523583342821766e-10,994,7208,4072,134,0.4082849774339136,0.12118995366983662,0.8812056737588653,0.6390070921985815,0.36099290780141846
4206,YML103C YOR242C,0.0,NA,1.52951151743963e-10,994,7207,4073,134,0.40836557059961315,0.12120473113034996,0.8812056737588653,0.638918439716312,0.36108156028368793
4207,YDR323C YLR355C,0.0,NA,1.531356291772923e-10,994,7206,4074,134,0.4084461637653127,0.12121951219512195,0.8812056737588653,0.6388297872340426,0.36117021276595745
4208,YMR260C YGL196W,0.0,NA,1.5320691937326103e-10,994,7205,4075,134,0.40852675693101226,0.1212342968654714,0.8812056737588653,0.6387411347517731,0.3612588652482269
4209,YPR194C YJR090C,0.0,NA,1.5355271221206834e-10,994,7204,4076,134,0.4086073500967118,0.12124908514271773,0.8812056737588653,0.6386524822695036,0.36134751773049645
4210,YOL125W YPL053C,0.0,NA,1.5371651174156398e-10,994,7203,4077,134,0.40868794326241137,0.12126387702818105,0.8812056737588653,0.638563829787234,0.361436170212766
4211,YJL002C YOR084W,0.0,NA,1.5385495655273473e-10,994,7202,4078,134,0.4087685364281109,0.12127867252318204,0.8812056737588653,0.6384751773049645,0.36152482269503544
4212,YFL062W YFL054C,0.0,NA,1.5392981334017009e-10,994,7201,4079,134,0.4088491295938104,0.1212934716290421,0.8812056737588653,0.6383865248226951,0.36161347517730497
4213,YKR076W YPL088W,0.0,NA,1.5406492748226697e-10,994,7200,4080,134,0.40892972275951,0.12130827434708323,0.8812056737588653,0.6382978723404256,0.3617021276595745
4214,YGR281W YCR028C,0.0,NA,1.5418957777235676e-10,994,7199,4081,134,0.40901031592520953,0.1213230806786281,0.8812056737588653,0.638209219858156,0.36179078014184396
4215,YIL013C YCR026C,0.0,NA,1.5503652528447986e-10,994,7198,4082,134,0.4090909090909091,0.121337890625,0.8812056737588653,0.6381205673758865,0.3618794326241135
4216,YLR116W YLR131C,0.0,NA,1.5518741847131423e-10,994,7197,4083,134,0.40917150225660864,0.12135270418752289,0.8812056737588653,0.638031914893617,0.36196808510638295
4217,YDR471W YBR302C,0.0,NA,1.5535621400442068e-10,994,7196,4084,134,0.40925209542230817,0.12136752136752137,0.8812056737588653,0.6379432624113475,0.3620567375886525
4218,YJR135C YOR002W,0.0,NA,1.5548902443374146e-10,994,7195,4085,134,0.40933268858800775,0.12138234216632067,0.8812056737588653,0.637854609929078,0.362145390070922
4219,YKL002W YDR488C,0.0,NA,1.5570923717067586e-10,994,7194,4086,134,0.4094132817537073,0.1213971665852467,0.8812056737588653,0.6377659574468085,0.36223404255319147
4220,YJL019W YNL042W,0.0,NA,1.5594671387564318e-10,994,7193,4087,134,0.4094938749194068,0.12141199462562599,0.8812056737588653,0.637677304964539,0.362322695035461
4221,YKL209C YJL020C,0.0,NA,1.5601663017061895e-10,994,7192,4088,134,0.4095744680851064,0.12142682628878573,0.8812056737588653,0.6375886524822695,0.3624113475177305
4222,YDR400W YNL148C,0.0,NA,1.5603061898072923e-10,994,7191,4089,134,0.4096550612508059,0.12144166157605375,0.8812056737588653,0.6375,0.3625
4223,YDR281C YKL009W,0.0,NA,1.5619171234160234e-10,994,7190,4090,134,0.4097356544165055,0.12145650048875856,0.8812056737588653,0.6374113475177305,0.3625886524822695
4224,YER002W YMR238W,0.0,NA,1.5698856103973924e-10,994,7189,4091,134,0.40981624758220503,0.12147134302822926,0.8812056737588653,0.637322695035461,0.362677304964539
4225,YFL034C-A YIL088C,0.0,NA,1.56988866351071e-10,994,7188,4092,134,0.40989684074790456,0.12148618919579565,0.8812056737588653,0.6372340425531915,0.3627659574468085
4226,YOR291W YNL267W,0.0,NA,1.5707182776658613e-10,994,7187,4093,134,0.40997743391360414,0.12150103899278816,0.8812056737588653,0.637145390070922,0.36285460992907803
4227,YDL244W YJR090C,0.0,NA,1.571488356111317e-10,994,7186,4094,134,0.41005802707930367,0.1215158924205379,0.8812056737588653,0.6370567375886524,0.3629432624113475
4228,YDR184C YKR105C,0.0,NA,1.573657038012044e-10,994,7185,4095,134,0.41013862024500325,0.12153074948037658,0.8812056737588653,0.636968085106383,0.363031914893617
4229,YGL085W YOR233W,0.0,NA,1.5744555659225057e-10,994,7184,4096,134,0.4102192134107028,0.12154561017363659,0.8812056737588653,0.6368794326241135,0.36312056737588655
4230,YDR347W YOR288C,0.0,NA,1.5757503635249748e-10,994,7183,4097,134,0.4102998065764023,0.12156047450165097,0.8812056737588653,0.636790780141844,0.363209219858156
4231,YGL248W YLR157C,0.0,NA,1.59011262490516e-10,994,7182,4098,134,0.4103803997421019,0.12157534246575342,0.8812056737588653,0.6367021276595745,0.36329787234042554
4232,YFL041W YNL061W,0.0,NA,1.5916784557035157e-10,994,7181,4099,134,0.4104609929078014,0.12159021406727828,0.8812056737588653,0.6366134751773049,0.363386524822695
4233,YBR268W YAL054C,0.0,NA,1.6035778260814482e-10,994,7180,4100,134,0.41054158607350094,0.12160508930756056,0.8812056737588653,0.6365248226950354,0.36347517730496454
4234,YGR296W YDL006W,0.0,NA,1.6181071760268395e-10,994,7179,4101,134,0.4106221792392005,0.12161996818793588,0.8812056737588653,0.636436170212766,0.36356382978723406
4235,YDR027C YEL003W,0.0,NA,1.622768031062094e-10,994,7178,4102,134,0.41070277240490005,0.12163485070974057,0.8812056737588653,0.6363475177304965,0.36365248226950353
4236,YDL241W YJR118C,0.0,NA,1.6312524941941575e-10,994,7177,4103,134,0.41078336557059963,0.12164973687431159,0.8812056737588653,0.636258865248227,0.36374113475177305
4237,YPR137W YPL158C,0.0,NA,1.6412361747430992e-10,994,7176,4104,134,0.41086395873629916,0.12166462668298654,0.8812056737588653,0.6361702127659574,0.3638297872340426
4238,YNL271C YNL220W,0.0,NA,1.6446267958603045e-10,994,7175,4105,134,0.4109445519019987,0.12167952013710369,0.8812056737588653,0.6360815602836879,0.36391843971631205
4239,YNL289W YEL031W,0.0,NA,1.6521189971641093e-10,994,7174,4106,134,0.41102514506769827,0.12169441723800196,0.8812056737588653,0.6359929078014185,0.36400709219858157
4240,YLR006C YLR261C,0.0,NA,1.6645494704814467e-10,994,7173,4107,134,0.4111057382333978,0.12170931798702093,0.8812056737588653,0.635904255319149,0.36409574468085104
4241,YGL192W YJR134C,0.0,NA,1.6656992452013242e-10,994,7172,4108,134,0.4111863313990974,0.12172422238550086,0.8812056737588653,0.6358156028368794,0.36418439716312057
4242,YOL128C YIL022W,0.0,NA,1.6693185722616022e-10,994,7171,4109,134,0.4112669245647969,0.12173913043478261,0.8812056737588653,0.6357269503546099,0.3642730496453901
4243,YMR286W YDR384C,0.0,NA,1.670200783232545e-10,994,7170,4110,134,0.41134751773049644,0.12175404213620775,0.8812056737588653,0.6356382978723404,0.36436170212765956
4244,YDL104C YBR074W,1.0,NA,1.670771160311446e-10,993,7170,4110,135,0.4112669245647969,0.12164645350973907,0.8803191489361702,0.6356382978723404,0.36436170212765956
4245,YPR043W YPL110C,0.0,NA,1.673807620283796e-10,993,7169,4111,135,0.41134751773049644,0.12166135751041411,0.8803191489361702,0.635549645390071,0.3644503546099291
4246,YJL103C YNL204C,0.0,NA,1.6778543832085546e-10,993,7168,4112,135,0.411428110896196,0.12167626516358289,0.8803191489361702,0.6354609929078014,0.3645390070921986
4247,YDR533C YGL203C,1.0,NA,1.6810929037713862e-10,992,7168,4112,136,0.41134751773049644,0.12156862745098039,0.8794326241134752,0.6354609929078014,0.3645390070921986
4248,YCR065W YBL092W,0.0,NA,1.6929373181095997e-10,992,7167,4113,136,0.411428110896196,0.12158352739306287,0.8794326241134752,0.6353723404255319,0.3646276595744681
4249,YER020W YBR223C,0.0,NA,1.69685543394138e-10,992,7166,4114,136,0.41150870406189555,0.12159843098798725,0.8794326241134752,0.6352836879432624,0.3647163120567376
4250,YBR302C YHL024W,0.0,NA,1.707452373933549e-10,992,7165,4115,136,0.4115892972275951,0.12161333823709697,0.8794326241134752,0.6351950354609929,0.36480496453900707
4251,YGL196W YLR270W,0.0,NA,1.714213493375638e-10,992,7164,4116,136,0.41166989039329466,0.12162824914173614,0.8794326241134752,0.6351063829787233,0.3648936170212766
4252,YFR024C-A YNL052W,0.0,NA,1.7228342363839744e-10,992,7163,4117,136,0.4117504835589942,0.12164316370324954,0.8794326241134752,0.6350177304964539,0.3649822695035461
4253,YLR176C YDL001W,0.0,NA,1.723018255850306e-10,992,7162,4118,136,0.41183107672469377,0.12165808192298258,0.8794326241134752,0.6349290780141844,0.3650709219858156
4254,YBR133C YGL097W,0.0,NA,1.7266964247308891e-10,992,7161,4119,136,0.4119116698903933,0.12167300380228137,0.8794326241134752,0.6348404255319149,0.3651595744680851
4255,YMR203W YHR086W,0.0,NA,1.729095616687104e-10,992,7160,4120,136,0.4119922630560928,0.12168792934249265,0.8794326241134752,0.6347517730496454,0.36524822695035464
4256,YGR165W YML124C,0.0,NA,1.732251286856723e-10,992,7159,4121,136,0.4120728562217924,0.12170285854496381,0.8794326241134752,0.6346631205673758,0.3653368794326241
4257,YKL132C YIL176C,0.0,NA,1.73706216077818e-10,992,7158,4122,136,0.41215344938749193,0.12171779141104294,0.8794326241134752,0.6345744680851064,0.36542553191489363
4258,YJR132W YHL024W,0.0,NA,1.7411089237029387e-10,992,7157,4123,136,0.4122340425531915,0.12173272794207879,0.8794326241134752,0.6344858156028369,0.3655141843971631
4259,YIL109C YMR015C,0.0,NA,1.7431824039793042e-10,992,7156,4124,136,0.41231463571889104,0.12174766813942071,0.8794326241134752,0.6343971631205674,0.3656028368794326
4260,YKL071W YNL061W,0.0,NA,1.7536203045231957e-10,992,7155,4125,136,0.41239522888459057,0.1217626120044188,0.8794326241134752,0.6343085106382979,0.36569148936170215
4261,YOR347C YJR141W,0.0,NA,1.75389799905723e-10,992,7154,4126,136,0.41247582205029015,0.12177755953842377,0.8794326241134752,0.6342198581560283,0.3657801418439716
4262,YMR142C YER002W,0.0,NA,1.7567068633095317e-10,992,7153,4127,136,0.4125564152159897,0.12179251074278699,0.8794326241134752,0.6341312056737589,0.36586879432624114
4263,YLR085C YGL083W,0.0,NA,1.7736687119018768e-10,992,7152,4128,136,0.4126370083816892,0.12180746561886051,0.8794326241134752,0.6340425531914894,0.3659574468085106
4264,YPL063W YKL209C,0.0,NA,1.7775905747363652e-10,992,7151,4129,136,0.4127176015473888,0.12182242416799706,0.8794326241134752,0.6339539007092199,0.36604609929078014
4265,YEL065W YML128C,0.0,NA,1.7815143804611466e-10,992,7150,4130,136,0.4127981947130883,0.12183738639154999,0.8794326241134752,0.6338652482269503,0.36613475177304966
4266,YLR316C YGR144W,0.0,NA,1.800741222801605e-10,992,7149,4131,136,0.4128787878787879,0.12185235229087335,0.8794326241134752,0.6337765957446808,0.36622340425531913
4267,YDR234W YJL143W,0.0,NA,1.8118313793724639e-10,992,7148,4132,136,0.41295938104448743,0.12186732186732187,0.8794326241134752,0.6336879432624114,0.36631205673758865
4268,YBR207W YOR253W,0.0,NA,1.81208367755481e-10,992,7147,4133,136,0.41303997421018696,0.12188229512225089,0.8794326241134752,0.6335992907801419,0.3664007092198582
4269,YAL015C YHR030C,0.0,NA,1.8125467793339567e-10,992,7146,4134,136,0.41312056737588654,0.12189727205701646,0.8794326241134752,0.6335106382978724,0.36648936170212765
4270,YDL125C YGL134W,0.0,NA,1.8303340787451106e-10,992,7145,4135,136,0.41320116054158607,0.1219122526729753,0.8794326241134752,0.6334219858156028,0.36657801418439717
4271,YCR027C YIL013C,0.0,NA,1.830491175303095e-10,992,7144,4136,136,0.41328175370728565,0.12192723697148476,0.8794326241134752,0.6333333333333333,0.36666666666666664
4272,YOR040W YPR157W,0.0,NA,1.8360579723264436e-10,992,7143,4137,136,0.4133623468729852,0.12194222495390289,0.8794326241134752,0.6332446808510638,0.36675531914893617
4273,YLL019C YHR107C,0.0,NA,1.840219643334251e-10,992,7142,4138,136,0.4134429400386847,0.1219572166215884,0.8794326241134752,0.6331560283687944,0.3668439716312057
4274,YML124C YKL220C,0.0,NA,1.8529766609987064e-10,992,7141,4139,136,0.4135235332043843,0.12197221197590065,0.8794326241134752,0.6330673758865248,0.36693262411347516
4275,YPR121W YMR164C,0.0,NA,1.8537896218084882e-10,992,7140,4140,136,0.4136041263700838,0.1219872110181997,0.8794326241134752,0.6329787234042553,0.3670212765957447
4276,YOR064C YJL026W,0.0,NA,1.8582643757092399e-10,992,7139,4141,136,0.41368471953578334,0.12200221374984627,0.8794326241134752,0.6328900709219858,0.3671099290780142
4277,YGR171C YKL061W,0.0,NA,1.8691631575862289e-10,992,7138,4142,136,0.4137653127014829,0.12201722017220172,0.8794326241134752,0.6328014184397163,0.3671985815602837
4278,YFL056C YIL101C,0.0,NA,1.8704113258216637e-10,992,7137,4143,136,0.41384590586718245,0.12203223028662812,0.8794326241134752,0.6327127659574469,0.3672872340425532
4279,YOL119C YFR048W,0.0,NA,1.8728746331575508e-10,992,7136,4144,136,0.41392649903288203,0.1220472440944882,0.8794326241134752,0.6326241134751773,0.36737588652482267
4280,YDR341C YOR303W,0.0,NA,1.8775958565697692e-10,992,7135,4145,136,0.41400709219858156,0.12206226159714532,0.8794326241134752,0.6325354609929078,0.3674645390070922
4281,YDR152W YDL105W,0.0,NA,1.8829429682121201e-10,992,7134,4146,136,0.4140876853642811,0.12207728279596357,0.8794326241134752,0.6324468085106383,0.3675531914893617
4282,YBR023C YDR313C,0.0,NA,1.8836146531420184e-10,992,7133,4147,136,0.41416827852998067,0.1220923076923077,0.8794326241134752,0.6323581560283688,0.3676418439716312
4283,YBR301W YHR096C,0.0,NA,1.888471323763241e-10,992,7132,4148,136,0.4142488716956802,0.12210733628754308,0.8794326241134752,0.6322695035460993,0.3677304964539007
4284,YDR542W YPR185W,0.0,NA,1.889335909943668e-10,992,7131,4149,136,0.4143294648613798,0.12212236858303582,0.8794326241134752,0.6321808510638298,0.36781914893617024
4285,YNR062C YDR501W,0.0,NA,1.902168561551676e-10,992,7130,4150,136,0.4144100580270793,0.12213740458015267,0.8794326241134752,0.6320921985815603,0.3679078014184397
4286,YHR124W YDL174C,0.0,NA,1.902251967056401e-10,992,7129,4151,136,0.41449065119277884,0.12215244428026105,0.8794326241134752,0.6320035460992908,0.36799645390070923
4287,YMR325W YBR276C,0.0,NA,1.9045173771381485e-10,992,7128,4152,136,0.4145712443584784,0.12216748768472907,0.8794326241134752,0.6319148936170212,0.3680851063829787
4288,YHR058C YPL270W,0.0,NA,1.9079168800395507e-10,992,7127,4153,136,0.41465183752417795,0.12218253479492548,0.8794326241134752,0.6318262411347517,0.3681737588652482
4289,YER094C YBR074W,1.0,NA,1.9106445592331767e-10,991,7127,4153,137,0.4145712443584784,0.12207440256220745,0.8785460992907801,0.6318262411347517,0.3681737588652482
4290,YJL063C YHR107C,0.0,NA,1.911227703876861e-10,991,7126,4154,137,0.41465183752417795,0.12208944191203647,0.8785460992907801,0.6317375886524823,0.36826241134751775
4291,YBL060W YMR164C,0.0,NA,1.9153804931004714e-10,991,7125,4155,137,0.4147324306898775,0.12210448496796451,0.8785460992907801,0.6316489361702128,0.3683510638297872
4292,YJL091C YAL007C,0.0,NA,1.916111297406431e-10,991,7124,4156,137,0.41481302385557706,0.12211953173136167,0.8785460992907801,0.6315602836879433,0.36843971631205674
4293,YNL039W YNR031C,0.0,NA,1.9212494095643962e-10,991,7123,4157,137,0.4148936170212766,0.12213458220359871,0.8785460992907801,0.6314716312056737,0.36852836879432627
4294,YGL009C YEL031W,0.0,NA,1.923445708262861e-10,991,7122,4158,137,0.41497421018697617,0.12214963638604709,0.8785460992907801,0.6313829787234042,0.36861702127659574
4295,YKL180W YOR064C,0.0,NA,1.9250348537447337e-10,991,7121,4159,137,0.4150548033526757,0.1221646942800789,0.8785460992907801,0.6312943262411348,0.36870567375886526
4296,YOL116W YMR164C,0.0,NA,1.92916627117512e-10,991,7120,4160,137,0.4151353965183752,0.12217975588706695,0.8785460992907801,0.6312056737588653,0.36879432624113473
4297,YOR226C YDR541C,0.0,NA,1.9368054382518096e-10,991,7119,4161,137,0.4152159896840748,0.12219482120838471,0.8785460992907801,0.6311170212765957,0.36888297872340425
4298,YER144C YPR103W,1.0,NA,1.9382172256054986e-10,990,7119,4161,138,0.4151353965183752,0.1220865704772475,0.8776595744680851,0.6311170212765957,0.36888297872340425
4299,YKL069W YMR028W,0.0,NA,1.9396373396318722e-10,990,7118,4162,138,0.4152159896840748,0.12210162802170696,0.8776595744680851,0.6310283687943262,0.3689716312056738
4300,YDR516C YPL112C,0.0,NA,1.9459442390790116e-10,990,7117,4163,138,0.41529658284977433,0.12211668928086838,0.8776595744680851,0.6309397163120567,0.36906028368794325
4301,YLL036C YDR272W,0.0,NA,1.948729788647796e-10,990,7116,4164,138,0.4153771760154739,0.12213175425610659,0.8776595744680851,0.6308510638297873,0.36914893617021277
4302,YPR144C YPR163C,0.0,NA,1.971347529661216e-10,990,7115,4165,138,0.41545776918117344,0.12214682294879704,0.8776595744680851,0.6307624113475178,0.3692375886524823
4303,YER067W YGL238W,0.0,NA,1.978172486927221e-10,990,7114,4166,138,0.41553836234687297,0.1221618953603159,0.8776595744680851,0.6306737588652482,0.36932624113475176
4304,YLR315W YOR084W,0.0,NA,1.9796934924709575e-10,990,7113,4167,138,0.41561895551257255,0.12217697149203999,0.8776595744680851,0.6305851063829787,0.3694148936170213
4305,YDR219C YGL143C,0.0,NA,1.9797125050402542e-10,990,7112,4168,138,0.4156995486782721,0.12219205134534683,0.8776595744680851,0.6304964539007092,0.36950354609929076
4306,YER082C YNL084C,0.0,NA,1.9837606557437937e-10,990,7111,4169,138,0.4157801418439716,0.12220713492161461,0.8776595744680851,0.6304078014184397,0.3695921985815603
4307,YNL311C YBR179C,0.0,NA,1.9851612020893583e-10,990,7110,4170,138,0.4158607350096712,0.12222222222222222,0.8776595744680851,0.6303191489361702,0.3696808510638298
4308,YDR498C YLR270W,0.0,NA,1.9852483545967914e-10,990,7109,4171,138,0.4159413281753707,0.12223731324854921,0.8776595744680851,0.6302304964539007,0.3697695035460993
4309,YJL062W YPL031C,0.0,NA,1.99060212757729e-10,990,7108,4172,138,0.4160219213410703,0.1222524080019758,0.8776595744680851,0.6301418439716312,0.3698581560283688
4310,YBR193C YOR349W,0.0,NA,1.9908906467858145e-10,990,7107,4173,138,0.4161025145067698,0.12226750648388292,0.8776595744680851,0.6300531914893617,0.3699468085106383
4311,YDR044W YNL215W,0.0,NA,1.9935580963803545e-10,990,7106,4174,138,0.41618310767246935,0.12228260869565218,0.8776595744680851,0.6299645390070922,0.3700354609929078
4312,YDR536W YDR097C,0.0,NA,2.006057681080975e-10,990,7105,4175,138,0.41626370083816894,0.12229771463866584,0.8776595744680851,0.6298758865248227,0.3701241134751773
4313,YDR362C YPR070W,0.0,NA,2.008615218596077e-10,990,7104,4176,138,0.41634429400386846,0.1223128243143069,0.8776595744680851,0.6297872340425532,0.3702127659574468
4314,YOR360C YML023C,0.0,NA,2.022520345645873e-10,990,7103,4177,138,0.41642488716956805,0.12232793772395897,0.8776595744680851,0.6296985815602837,0.3703014184397163
4315,YMR015C YOL039W,0.0,NA,2.032435469923044e-10,990,7102,4178,138,0.4165054803352676,0.12234305486900643,0.8776595744680851,0.6296099290780142,0.37039007092198584
4316,YIL138C YNL289W,0.0,NA,2.0344212425804642e-10,990,7101,4179,138,0.4165860735009671,0.12235817575083426,0.8776595744680851,0.6295212765957446,0.3704787234042553
4317,YML055W YDR394W,1.0,NA,2.0354537499933656e-10,989,7101,4179,139,0.4165054803352676,0.12224969097651421,0.87677304964539,0.6295212765957446,0.3704787234042553
4318,YOL003C YMR086W,0.0,NA,2.0414296642012886e-10,989,7100,4180,139,0.4165860735009671,0.12226480405488936,0.87677304964539,0.6294326241134752,0.37056737588652483
4319,YGR262C YHR124W,0.0,NA,2.0622732688213574e-10,989,7099,4181,139,0.4166666666666667,0.12227992087042532,0.87677304964539,0.6293439716312057,0.3706560283687943
4320,YNL220W YDR237W,0.0,NA,2.0647174248100697e-10,989,7098,4182,139,0.4167472598323662,0.12229504142450848,0.87677304964539,0.6292553191489362,0.3707446808510638
4321,YGL178W YGL030W,0.0,NA,2.0712137560607857e-10,989,7097,4183,139,0.41682785299806574,0.12231016571852585,0.87677304964539,0.6291666666666667,0.37083333333333335
4322,YGR096W YBL060W,0.0,NA,2.0718103621586437e-10,989,7096,4184,139,0.4169084461637653,0.12232529375386518,0.87677304964539,0.6290780141843971,0.3709219858156028
4323,YGR263C YMR197C,0.0,NA,2.0983244308769855e-10,989,7095,4185,139,0.41698903932946485,0.12234042553191489,0.87677304964539,0.6289893617021277,0.37101063829787234
4324,YER094C YMR150C,1.0,NA,2.1012921957996866e-10,988,7095,4185,140,0.4169084461637653,0.12223184461214895,0.875886524822695,0.6289893617021277,0.37101063829787234
4325,YBR136W YBL011W,0.0,NA,2.1036020148024193e-10,988,7094,4186,140,0.41698903932946485,0.12224696857213561,0.875886524822695,0.6289007092198582,0.37109929078014187
4326,YGR281W YPR137W,0.0,NA,2.107593960465337e-10,988,7093,4187,140,0.41706963249516443,0.12226209627521346,0.875886524822695,0.6288120567375887,0.37118794326241134
4327,YKL139W YKL219W,0.0,NA,2.1089530122253564e-10,988,7092,4188,140,0.41715022566086396,0.12227722772277227,0.875886524822695,0.6287234042553191,0.37127659574468086
4328,YEL018W YNL062C,0.0,NA,2.109673269412582e-10,988,7091,4189,140,0.4172308188265635,0.1222923629162025,0.875886524822695,0.6286347517730496,0.37136524822695033
4329,YGL068W YMR260C,0.0,NA,2.115754099696332e-10,988,7090,4190,140,0.41731141199226307,0.12230750185689528,0.875886524822695,0.6285460992907801,0.37145390070921985
4330,YER035W YOL161C,0.0,NA,2.1157944840588527e-10,988,7089,4191,140,0.4173920051579626,0.12232264454624242,0.875886524822695,0.6284574468085107,0.3715425531914894
4331,YJR057W YBR187W,0.0,NA,2.1179626108480676e-10,988,7088,4192,140,0.4174725983236622,0.12233779098563645,0.875886524822695,0.6283687943262412,0.37163120567375885
4332,YNL299W YMR310C,0.0,NA,2.1253682147559516e-10,988,7087,4193,140,0.4175531914893617,0.1223529411764706,0.875886524822695,0.6282801418439716,0.37171985815602837
4333,YLR116W YDR347W,0.0,NA,2.129519199867147e-10,988,7086,4194,140,0.41763378465506124,0.12236809512013871,0.875886524822695,0.6281914893617021,0.3718085106382979
4334,YMR211W YOR388C,0.0,NA,2.1335685995715892e-10,988,7085,4195,140,0.4177143778207608,0.12238325281803543,0.875886524822695,0.6281028368794326,0.37189716312056736
4335,YLR316C YNR051C,0.0,NA,2.134293020095157e-10,988,7084,4196,140,0.41779497098646035,0.122398414271556,0.875886524822695,0.6280141843971632,0.3719858156028369
4336,YPL218W YDL150W,0.0,NA,2.1362804580871142e-10,988,7083,4197,140,0.4178755641521599,0.1224135794820964,0.875886524822695,0.6279255319148936,0.37207446808510636
4337,YBR248C YJR134C,0.0,NA,2.1387144832907268e-10,988,7082,4198,140,0.41795615731785946,0.12242874845105328,0.875886524822695,0.6278368794326241,0.3721631205673759
4338,YBL030C YDR379W,0.0,NA,2.139706051229595e-10,988,7081,4199,140,0.418036750483559,0.12244392117982401,0.875886524822695,0.6277482269503546,0.3722517730496454
4339,YJL185C YPR129W,0.0,NA,2.1571461283897975e-10,988,7080,4200,140,0.41811734364925857,0.12245909766980664,0.875886524822695,0.6276595744680851,0.3723404255319149
4340,YDL104C YFR006W,1.0,NA,2.16857323764863e-10,987,7080,4200,141,0.418036750483559,0.12235031610264038,0.875,0.6276595744680851,0.3723404255319149
4341,YJL006C YFL042C,0.0,NA,2.2022864087922756e-10,987,7079,4201,141,0.41811734364925857,0.12236548475080586,0.875,0.6275709219858157,0.3724290780141844
4342,YDR377W YJR057W,0.0,NA,2.205657878562306e-10,987,7078,4202,141,0.4181979368149581,0.12238065716057037,0.875,0.6274822695035461,0.3725177304964539
4343,YPR003C YHR067W,0.0,NA,2.2062300597536222e-10,987,7077,4203,141,0.4182785299806576,0.12239583333333333,0.875,0.6273936170212766,0.3726063829787234
4344,YNL310C YPR121W,0.0,NA,2.2099613805615093e-10,987,7076,4204,141,0.4183591231463572,0.12241101327049485,0.875,0.6273049645390071,0.3726950354609929
4345,YER078C YJL172W,1.0,NA,2.2140413113991286e-10,986,7076,4204,142,0.4182785299806576,0.1223021582733813,0.874113475177305,0.6273049645390071,0.3726950354609929
4346,YMR112C YLL039C,0.0,NA,2.2160819013183897e-10,986,7075,4205,142,0.4183591231463572,0.12231733035603523,0.874113475177305,0.6272163120567376,0.3727836879432624
4347,YPL250C YLR270W,0.0,NA,2.2171812996685247e-10,986,7074,4206,142,0.41843971631205673,0.12233250620347394,0.874113475177305,0.627127659574468,0.3728723404255319
4348,YPL053C YJL053W,0.0,NA,2.2366389296202271e-10,986,7073,4207,142,0.4185203094777563,0.1223476858170989,0.874113475177305,0.6270390070921986,0.37296099290780144
4349,YDR377W YDR454C,0.0,NA,2.2382647124619126e-10,986,7072,4208,142,0.41860090264345584,0.12236286919831224,0.874113475177305,0.6269503546099291,0.3730496453900709
4350,YJR131W YOL012C,0.0,NA,2.240229390881865e-10,986,7071,4209,142,0.41868149580915537,0.12237805634851681,0.874113475177305,0.6268617021276596,0.37313829787234043
4351,YGR094W YEL061C,0.0,NA,2.2406781985395696e-10,986,7070,4210,142,0.41876208897485495,0.12239324726911618,0.874113475177305,0.62677304964539,0.37322695035460995
4352,YNL149C YGL090W,0.0,NA,2.24110133228983e-10,986,7069,4211,142,0.4188426821405545,0.12240844196151458,0.874113475177305,0.6266843971631205,0.3733156028368794
4353,YNL264C YGL035C,0.0,NA,2.24509744128909e-10,986,7068,4212,142,0.418923275306254,0.12242364042711697,0.874113475177305,0.6265957446808511,0.37340425531914895
4354,YPR103W YFR018C,1.0,NA,2.2484528128252634e-10,985,7068,4212,143,0.4188426821405545,0.12231466534210853,0.87322695035461,0.6265957446808511,0.37340425531914895
4355,YJR144W YKL183W,0.0,NA,2.253446040878515e-10,985,7067,4213,143,0.418923275306254,0.12232985593641331,0.87322695035461,0.6265070921985816,0.3734929078014184
4356,YLR144C YML077W,0.0,NA,2.2538070021393963e-10,985,7066,4214,143,0.4190038684719536,0.12234505030431002,0.87322695035461,0.6264184397163121,0.37358156028368794
4357,YCR066W YBR115C,0.0,NA,2.272654009427555e-10,985,7065,4215,143,0.4190844616376531,0.12236024844720497,0.87322695035461,0.6263297872340425,0.37367021276595747
4358,YMR262W YLR240W,0.0,NA,2.2740241634178204e-10,985,7064,4216,143,0.4191650548033527,0.12237545036650516,0.87322695035461,0.626241134751773,0.37375886524822693
4359,YAL015C YPL112C,0.0,NA,2.283673528058472e-10,985,7063,4217,143,0.4192456479690522,0.12239065606361829,0.87322695035461,0.6261524822695036,0.37384751773049646
4360,YDR234W YDL211C,0.0,NA,2.2867770177459334e-10,985,7062,4218,143,0.41932624113475175,0.12240586553995278,0.87322695035461,0.6260638297872341,0.373936170212766
4361,YDR027C YGR096W,0.0,NA,2.290129197390911e-10,985,7061,4219,143,0.41940683430045134,0.12242107879691773,0.87322695035461,0.6259751773049645,0.37402482269503545
4362,YDR097C YDR312W,0.0,NA,2.290338613208931e-10,985,7060,4220,143,0.41948742746615086,0.12243629583592293,0.87322695035461,0.625886524822695,0.374113475177305
4363,YLR226W YDL188C,0.0,NA,2.2927339193845597e-10,985,7059,4221,143,0.41956802063185045,0.12245151665837892,0.87322695035461,0.6257978723404255,0.37420212765957445
4364,YDR341C YOL161C,0.0,NA,2.2937444998927248e-10,985,7058,4222,143,0.41964861379755,0.12246674126569689,0.87322695035461,0.625709219858156,0.37429078014184397
4365,YAL048C YPL031C,0.0,NA,2.3076196509208557e-10,985,7057,4223,143,0.4197292069632495,0.12248196965928873,0.87322695035461,0.6256205673758866,0.3743794326241135
4366,YDR317W YDR330W,0.0,NA,2.3157899209369504e-10,985,7056,4224,143,0.4198098001289491,0.12249720184056709,0.87322695035461,0.625531914893617,0.37446808510638296
4367,YOR264W YFL042C,0.0,NA,2.3170050600374026e-10,985,7055,4225,143,0.4198903932946486,0.12251243781094527,0.87322695035461,0.6254432624113475,0.3745567375886525
4368,YMR286W YLR315W,0.0,NA,2.321300096586043e-10,985,7054,4226,143,0.41997098646034814,0.12252767757183729,0.87322695035461,0.625354609929078,0.374645390070922
4369,YIL108W YDL104C,1.0,NA,2.323843062423947e-10,984,7054,4226,144,0.4198903932946486,0.12241851206767852,0.8723404255319149,0.625354609929078,0.374645390070922
4370,YOR064C YDR036C,0.0,NA,2.3302210161446624e-10,984,7053,4227,144,0.41997098646034814,0.12243374393430384,0.8723404255319149,0.6252659574468085,0.3747340425531915
4371,YJR026W YLR430W,0.0,NA,2.333454540703883e-10,984,7052,4228,144,0.4200515796260477,0.12244897959183673,0.8723404255319149,0.625177304964539,0.374822695035461
4372,YLR435W YNL088W,0.0,NA,2.336567606064932e-10,984,7051,4229,144,0.42013217279174725,0.12246421904169259,0.8723404255319149,0.6250886524822695,0.3749113475177305
4373,YLR144C YKR104W,0.0,NA,2.340001803435854e-10,984,7050,4230,144,0.42021276595744683,0.12247946228528753,0.8723404255319149,0.625,0.375
4374,YPL110C YHR055C,0.0,NA,2.3455157260876547e-10,984,7049,4231,144,0.42029335912314636,0.12249470932403834,0.8723404255319149,0.6249113475177305,0.3750886524822695
4375,YML076C YDR191W,0.0,NA,2.3497967460706093e-10,984,7048,4232,144,0.4203739522888459,0.12250996015936255,0.8723404255319149,0.624822695035461,0.375177304964539
4376,YGR134W YGL012W,0.0,NA,2.3579274643914516e-10,984,7047,4233,144,0.42045454545454547,0.12252521479267837,0.8723404255319149,0.6247340425531915,0.3752659574468085
4377,YGR105W YOL116W,0.0,NA,2.364024531686937e-10,984,7046,4234,144,0.420535138620245,0.12254047322540473,0.8723404255319149,0.624645390070922,0.375354609929078
4378,YGL054C YPL099C,0.0,NA,2.364583806535592e-10,984,7045,4235,144,0.4206157317859445,0.12255573545896127,0.8723404255319149,0.6245567375886525,0.3754432624113475
4379,YOR119C YGR056W,0.0,NA,2.3774091029160616e-10,984,7044,4236,144,0.4206963249516441,0.12257100149476831,0.8723404255319149,0.624468085106383,0.37553191489361704
4380,YBR085W YJL023C,0.0,NA,2.381221053671112e-10,984,7043,4237,144,0.42077691811734363,0.12258627133424692,0.8723404255319149,0.6243794326241134,0.3756205673758865
4381,YJL113W YDR434W,1.0,NA,2.3910973201424213e-10,983,7043,4237,145,0.4206963249516441,0.12247694991278345,0.8714539007092199,0.6243794326241134,0.3756205673758865
4382,YDL241W YOR172W,0.0,NA,2.3972621110424086e-10,983,7042,4238,145,0.42077691811734363,0.12249221183800624,0.8714539007092199,0.624290780141844,0.37570921985815603
4383,YJL066C YNL103W,0.0,NA,2.4121135644428193e-10,983,7041,4239,145,0.4208575112830432,0.1225074775672981,0.8714539007092199,0.6242021276595745,0.37579787234042555
4384,YGR091W YGR084C,0.0,NA,2.420750822018647e-10,983,7040,4240,145,0.42093810444874274,0.12252274710208151,0.8714539007092199,0.624113475177305,0.375886524822695
4385,YMR056C YMR286W,0.0,NA,2.42277392592527e-10,983,7039,4241,145,0.42101869761444227,0.12253802044377961,0.8714539007092199,0.6240248226950355,0.37597517730496455
4386,YER110C YGR038W,0.0,NA,2.4290436329010845e-10,983,7038,4242,145,0.42109929078014185,0.12255329759381624,0.8714539007092199,0.6239361702127659,0.376063829787234
4387,YAL061W YER101C,0.0,NA,2.4330126802141194e-10,983,7037,4243,145,0.4211798839458414,0.12256857855361596,0.8714539007092199,0.6238475177304964,0.37615248226950354
4388,YDR204W YPL271W,0.0,NA,2.433759860309692e-10,983,7036,4244,145,0.42126047711154097,0.12258386332460407,0.8714539007092199,0.623758865248227,0.37624113475177307
4389,YGL216W YBR250W,0.0,NA,2.441738755631917e-10,983,7035,4245,145,0.4213410702772405,0.12259915190820654,0.8714539007092199,0.6236702127659575,0.37632978723404253
4390,YGR038W YDR139C,0.0,NA,2.4483048921553063e-10,983,7034,4246,145,0.42142166344294,0.12261444430585007,0.8714539007092199,0.6235815602836879,0.37641843971631206
4391,YMR124W YOR272W,0.0,NA,2.448426461576503e-10,983,7033,4247,145,0.4215022566086396,0.12262974051896208,0.8714539007092199,0.6234929078014184,0.3765070921985816
4392,YDR541C YER122C,0.0,NA,2.4528856723549097e-10,983,7032,4248,145,0.42158284977433913,0.12264504054897069,0.8714539007092199,0.6234042553191489,0.37659574468085105
4393,YGR296W YOR059C,0.0,NA,2.4551510824366574e-10,983,7031,4249,145,0.42166344294003866,0.12266034439730472,0.8714539007092199,0.6233156028368795,0.3766843971631206
4394,YML057W YMR032W,0.0,NA,2.462204051756345e-10,983,7030,4250,145,0.42174403610573824,0.12267565206539374,0.8714539007092199,0.62322695035461,0.37677304964539005
4395,YML128C YKL219W,0.0,NA,2.462824111315598e-10,983,7029,4251,145,0.42182462927143777,0.12269096355466799,0.8714539007092199,0.6231382978723404,0.37686170212765957
4396,YDR317W YOR084W,0.0,NA,2.467281379203712e-10,983,7028,4252,145,0.42190522243713735,0.12270627886655848,0.8714539007092199,0.6230496453900709,0.3769503546099291
4397,YER144C YIR039C,1.0,NA,2.4705304468852773e-10,982,7028,4252,146,0.42182462927143777,0.12259675405742822,0.8705673758865248,0.6230496453900709,0.3769503546099291
4398,YKL071W YNL178W,0.0,NA,2.471595705877405e-10,982,7027,4253,146,0.42190522243713735,0.12261206143089025,0.8705673758865248,0.6229609929078014,0.37703900709219856
4399,YGR281W YIL074C,0.0,NA,2.478043603648672e-10,982,7026,4254,146,0.4219858156028369,0.12262737262737262,0.8705673758865248,0.622872340425532,0.3771276595744681
4400,YJL173C YDR317W,0.0,NA,2.483627192795268e-10,982,7025,4255,146,0.4220664087685364,0.12264268764830773,0.8705673758865248,0.6227836879432624,0.3772163120567376
4401,YLR401C YBR301W,0.0,NA,2.4883356486427033e-10,982,7024,4256,146,0.422147001934236,0.12265800649512866,0.8705673758865248,0.6226950354609929,0.3773049645390071
4402,YML103C YNL036W,0.0,NA,2.4968410672343566e-10,982,7023,4257,146,0.4222275950999355,0.12267332916926921,0.8705673758865248,0.6226063829787234,0.3773936170212766
4403,YKL024C YAL042W,0.0,NA,2.516904185068114e-10,982,7022,4258,146,0.4223081882656351,0.12268865567216392,0.8705673758865248,0.6225177304964539,0.3774822695035461
4404,YNL012W YBR038W,0.0,NA,2.5218102606139325e-10,982,7021,4259,146,0.4223887814313346,0.12270398600524803,0.8705673758865248,0.6224290780141843,0.3775709219858156
4405,YCR027C YKL028W,0.0,NA,2.53483067869098e-10,982,7020,4260,146,0.42246937459703415,0.12271932016995751,0.8705673758865248,0.6223404255319149,0.3776595744680851
4406,YER110C YDR005C,0.0,NA,2.536692800259033e-10,982,7019,4261,146,0.42254996776273374,0.12273465816772904,0.8705673758865248,0.6222517730496454,0.3777482269503546
4407,YJL191W YKR070W,0.0,NA,2.538338150781527e-10,982,7018,4262,146,0.42263056092843326,0.12275,0.8705673758865248,0.6221631205673759,0.3778368794326241
4408,YMR220W YOL017W,0.0,NA,2.541525878640982e-10,982,7017,4263,146,0.4227111540941328,0.12276534566820853,0.8705673758865248,0.6220744680851064,0.37792553191489364
4409,YOR179C YNR075W,0.0,NA,2.5518528956602893e-10,982,7016,4264,146,0.4227917472598324,0.12278069517379345,0.8705673758865248,0.6219858156028368,0.3780141843971631
4410,YDR055W YPR003C,0.0,NA,2.5530358382930274e-10,982,7015,4265,146,0.4228723404255319,0.12279604851819433,0.8705673758865248,0.6218971631205674,0.37810283687943264
4411,YNL030W YFL045C,0.0,NA,2.55554494232868e-10,982,7014,4266,146,0.4229529335912315,0.12281140570285143,0.8705673758865248,0.6218085106382979,0.3781914893617021
4412,YBR023C YMR065W,0.0,NA,2.5751020760189647e-10,982,7013,4267,146,0.423033526756931,0.12282676672920576,0.8705673758865248,0.6217198581560284,0.37828014184397163
4413,YJL062W YMR121C,0.0,NA,2.592325520911487e-10,982,7012,4268,146,0.42311411992263054,0.12284213159869903,0.8705673758865248,0.6216312056737588,0.37836879432624115
4414,YNR050C YJL074C,0.0,NA,2.598236070738835e-10,982,7011,4269,146,0.4231947130883301,0.12285750031277368,0.8705673758865248,0.6215425531914893,0.3784574468085106
4415,YKR054C YBR273C,0.0,NA,2.6010868459103165e-10,982,7010,4270,146,0.42327530625402965,0.12287287287287288,0.8705673758865248,0.6214539007092199,0.37854609929078015
4416,YBL060W YNL117W,0.0,NA,2.61197952156067e-10,982,7009,4271,146,0.42335589941972923,0.1228882492804405,0.8705673758865248,0.6213652482269504,0.37863475177304967
4417,YLR387C YJR133W,0.0,NA,2.6200730474101874e-10,982,7008,4272,146,0.42343649258542876,0.12290362953692115,0.8705673758865248,0.6212765957446809,0.37872340425531914
4418,YML100W YDR104C,0.0,NA,2.622823069842184e-10,982,7007,4273,146,0.4235170857511283,0.12291901364376016,0.8705673758865248,0.6211879432624113,0.37881205673758866
4419,YBR035C YGR144W,0.0,NA,2.62300819953154e-10,982,7006,4274,146,0.42359767891682787,0.12293440160240361,0.8705673758865248,0.6210992907801418,0.37890070921985813
4420,YHR011W YNL307C,0.0,NA,2.6251401052945766e-10,982,7005,4275,146,0.4236782720825274,0.12294979341429824,0.8705673758865248,0.6210106382978723,0.37898936170212766
4421,YDR385W YLR375W,0.0,NA,2.6315319368031e-10,982,7004,4276,146,0.4237588652482269,0.12296518908089156,0.8705673758865248,0.6209219858156029,0.3790780141843972
4422,YGR263C YER101C,0.0,NA,2.634731044448557e-10,982,7003,4277,146,0.4238394584139265,0.12298058860363181,0.8705673758865248,0.6208333333333333,0.37916666666666665
4423,YLR209C YGL205W,0.0,NA,2.6407132036609937e-10,982,7002,4278,146,0.42392005157962603,0.12299599198396793,0.8705673758865248,0.6207446808510638,0.3792553191489362
4424,YGL220W YCR037C,0.0,NA,2.6416199783163563e-10,982,7001,4279,146,0.4240006447453256,0.12301139922334962,0.8705673758865248,0.6206560283687943,0.3793439716312057
4425,YLR072W YDR074W,0.0,NA,2.6580457279656855e-10,982,7000,4280,146,0.42408123791102514,0.12302681032322726,0.8705673758865248,0.6205673758865248,0.37943262411347517
4426,YKR095W YER059W,0.0,NA,2.6884033887952796e-10,982,6999,4281,146,0.42416183107672467,0.123042225285052,0.8705673758865248,0.6204787234042554,0.3795212765957447
4427,YDR330W YDR520C,0.0,NA,2.7072882824441535e-10,982,6998,4282,146,0.42424242424242425,0.12305764411027569,0.8705673758865248,0.6203900709219858,0.37960992907801416
4428,YDR415C YBL100W-B,1.0,NA,2.7076188513497357e-10,981,6998,4282,147,0.42416183107672467,0.12294773781175586,0.8696808510638298,0.6203900709219858,0.37960992907801416
4429,YIL108W YBL067C,1.0,NA,2.719180436372426e-10,980,6998,4282,148,0.42408123791102514,0.12283780396089246,0.8687943262411347,0.6203900709219858,0.37960992907801416
4430,YMR277W YHR167W,0.0,NA,2.719263703099273e-10,980,6997,4283,148,0.42416183107672467,0.1228532029585057,0.8687943262411347,0.6203014184397163,0.3796985815602837
4431,YDR357C YKL119C,0.0,NA,2.7334598473593985e-10,980,6996,4284,148,0.42424242424242425,0.12286860581745236,0.8687943262411347,0.6202127659574468,0.3797872340425532
4432,YGL071W YOR339C,0.0,NA,2.738093640708428e-10,980,6995,4285,148,0.4243230174081238,0.12288401253918495,0.8687943262411347,0.6201241134751773,0.3798758865248227
4433,YNL137C YML132W,0.0,NA,2.7429286619806703e-10,980,6994,4286,148,0.42440361057382336,0.12289942312515675,0.8687943262411347,0.6200354609929078,0.3799645390070922
4434,YKL127W YGL238W,0.0,NA,2.744419969058498e-10,980,6993,4287,148,0.4244842037395229,0.12291483757682177,0.8687943262411347,0.6199468085106383,0.3800531914893617
4435,YJL052W YAR018C,0.0,NA,2.745043081731069e-10,980,6992,4288,148,0.4245647969052224,0.12293025589563472,0.8687943262411347,0.6198581560283688,0.3801418439716312
4436,YOR208W YPR118W,0.0,NA,2.7490987264400246e-10,980,6991,4289,148,0.424645390070922,0.12294567808305105,0.8687943262411347,0.6197695035460993,0.3802304964539007
4437,YML124C YJL131C,0.0,NA,2.7491248166811033e-10,980,6990,4290,148,0.42472598323662153,0.12296110414052698,0.8687943262411347,0.6196808510638298,0.3803191489361702
4438,YDR272W YOR059C,0.0,NA,2.7506719124659185e-10,980,6989,4291,148,0.42480657640232106,0.12297653406951939,0.8687943262411347,0.6195921985815603,0.3804078014184397
4439,YNL191W YJR126C,1.0,NA,2.751411876111831e-10,979,6989,4291,149,0.42472598323662153,0.12286646586345382,0.8679078014184397,0.6195921985815603,0.3804078014184397
4440,YHR174W YLR223C,0.0,NA,2.7582636175083053e-10,979,6988,4292,149,0.42480657640232106,0.12288188778712188,0.8679078014184397,0.6195035460992908,0.38049645390070924
4441,YGL178W YGR202C,0.0,NA,2.7595370433175503e-10,979,6987,4293,149,0.42488716956802064,0.12289731358272658,0.8679078014184397,0.6194148936170213,0.3805851063829787
4442,YMR221C YFR016C,0.0,NA,2.7657762191601876e-10,979,6986,4294,149,0.42496776273372017,0.1229127432517263,0.8679078014184397,0.6193262411347518,0.38067375886524824
4443,YML063W YLR273C,0.0,NA,2.7663035750968845e-10,979,6985,4295,149,0.42504835589941975,0.12292817679558012,0.8679078014184397,0.6192375886524822,0.3807624113475177
4444,YLR176C YER177W,0.0,NA,2.766799844788892e-10,979,6984,4296,149,0.4251289490651193,0.12294361421574783,0.8679078014184397,0.6191489361702127,0.38085106382978723
4445,YMR203W YJR152W,0.0,NA,2.7722513173955576e-10,979,6983,4297,149,0.4252095422308188,0.12295905551369003,0.8679078014184397,0.6190602836879433,0.38093971631205675
4446,YHL043W YMR173W,0.0,NA,2.782284125313339e-10,979,6982,4298,149,0.4252901353965184,0.12297450069086799,0.8679078014184397,0.6189716312056738,0.3810283687943262
4447,YBL097W YKL173W,0.0,NA,2.8027047349610257e-10,979,6981,4299,149,0.4253707285622179,0.12298994974874372,0.8679078014184397,0.6188829787234043,0.38111702127659575
4448,YIL041W YBR038W,0.0,NA,2.818159039463808e-10,979,6980,4300,149,0.4254513217279175,0.12300540268877999,0.8679078014184397,0.6187943262411347,0.38120567375886527
4449,YDR055W YJR072C,0.0,NA,2.8236848970131234e-10,979,6979,4301,149,0.425531914893617,0.12302085951244031,0.8679078014184397,0.6187056737588652,0.38129432624113474
4450,YBL002W YBR223C,0.0,NA,2.8343472013858673e-10,979,6978,4302,149,0.42561250805931655,0.12303632022118889,0.8679078014184397,0.6186170212765958,0.38138297872340426
4451,YGL192W YCR041W,0.0,NA,2.8352553638200106e-10,979,6977,4303,149,0.42569310122501614,0.1230517848164907,0.8679078014184397,0.6185283687943263,0.38147163120567373
4452,YNL217W YIL103W,0.0,NA,2.8427171727685163e-10,979,6976,4304,149,0.42577369439071566,0.12306725329981144,0.8679078014184397,0.6184397163120567,0.38156028368794326
4453,YDL052C YBR041W,0.0,NA,2.8446589528385857e-10,979,6975,4305,149,0.4258542875564152,0.12308272567261755,0.8679078014184397,0.6183510638297872,0.3816489361702128
4454,YLR238W YHR012W,0.0,NA,2.8457877720988733e-10,979,6974,4306,149,0.4259348807221148,0.12309820193637622,0.8679078014184397,0.6182624113475177,0.38173758865248225
4455,YER139C YPR194C,0.0,NA,2.848589975013027e-10,979,6973,4307,149,0.4260154738878143,0.12311368209255533,0.8679078014184397,0.6181737588652483,0.3818262411347518
4456,YLR238W YBR059C,0.0,NA,2.857002134870612e-10,979,6972,4308,149,0.4260960670535139,0.12312916614262356,0.8679078014184397,0.6180851063829788,0.3819148936170213
4457,YER170W YGR183C,0.0,NA,2.858648318060375e-10,979,6971,4309,149,0.4261766602192134,0.12314465408805031,0.8679078014184397,0.6179964539007092,0.38200354609929077
4458,YIL109C YJR131W,0.0,NA,2.8712601740643606e-10,979,6970,4310,149,0.42625725338491294,0.12316014593030569,0.8679078014184397,0.6179078014184397,0.3820921985815603
4459,YOR002W YGR080W,0.0,NA,2.8736271695528615e-10,979,6969,4311,149,0.4263378465506125,0.12317564167086059,0.8679078014184397,0.6178191489361702,0.38218085106382976
4460,YDR244W YDL006W,0.0,NA,2.8770602567007586e-10,979,6968,4312,149,0.42641843971631205,0.12319114131118661,0.8679078014184397,0.6177304964539007,0.3822695035460993
4461,YOL113W YBR211C,0.0,NA,2.8818386565987453e-10,979,6967,4313,149,0.42649903288201163,0.1232066448527561,0.8679078014184397,0.6176418439716312,0.3823581560283688
4462,YNL191W YDR434W,1.0,NA,2.885237326832879e-10,978,6967,4313,150,0.42641843971631205,0.12309628697293895,0.8670212765957447,0.6176418439716312,0.3823581560283688
4463,YGR281W YLL021W,0.0,NA,2.887929617667595e-10,978,6966,4314,150,0.42649903288201163,0.12311178247734139,0.8670212765957447,0.6175531914893617,0.3824468085106383
4464,YNL001W YPL103C,0.0,NA,2.8930624562661933e-10,978,6965,4315,150,0.42657962604771116,0.12312728188341936,0.8670212765957447,0.6174645390070922,0.3825354609929078
4465,YAL048C YPL057C,0.0,NA,2.9046681726541124e-10,978,6964,4316,150,0.4266602192134107,0.1231427851926467,0.8670212765957447,0.6173758865248227,0.38262411347517733
4466,YER131W YIL042C,0.0,NA,2.906225260446149e-10,978,6963,4317,150,0.42674081237911027,0.12315829240649792,0.8670212765957447,0.6172872340425531,0.3827127659574468
4467,YIL108W YLR088W,1.0,NA,2.9313887428550345e-10,977,6963,4317,151,0.4266602192134107,0.12304785894206549,0.8661347517730497,0.6172872340425531,0.3827127659574468
4468,YLR189C YBR111C,0.0,NA,2.9343369400969266e-10,977,6962,4318,151,0.42674081237911027,0.12306335810555485,0.8661347517730497,0.6171985815602837,0.3828014184397163
4469,YGR091W YAL047C,0.0,NA,2.938005116970288e-10,977,6961,4319,151,0.4268214055448098,0.12307886117409927,0.8661347517730497,0.6171099290780142,0.3828900709219858
4470,YNL311C YML077W,0.0,NA,2.9391261646694034e-10,977,6960,4320,151,0.4269019987105093,0.12309436814917475,0.8661347517730497,0.6170212765957447,0.3829787234042553
4471,YOR348C YHR136C,0.0,NA,2.9491498132472316e-10,977,6959,4321,151,0.4269825918762089,0.12310987903225806,0.8661347517730497,0.6169326241134752,0.38306737588652484
4472,YJL145W YLR223C,0.0,NA,2.9558341885227435e-10,977,6958,4322,151,0.42706318504190843,0.12312539382482672,0.8661347517730497,0.6168439716312056,0.3831560283687943
4473,YDR207C YBR189W,0.0,NA,2.9612062801831485e-10,977,6957,4323,151,0.427143778207608,0.12314091252835896,0.8661347517730497,0.6167553191489362,0.38324468085106383
4474,YHR064C YPL110C,0.0,NA,2.976847379709824e-10,977,6956,4324,151,0.42722437137330754,0.12315643514433379,0.8661347517730497,0.6166666666666667,0.38333333333333336
4475,YIR003W YCR052W,0.0,NA,2.993324477174042e-10,977,6955,4325,151,0.42730496453900707,0.12317196167423096,0.8661347517730497,0.6165780141843972,0.38342198581560283
4476,YKL180W YPL167C,0.0,NA,2.9990393501933e-10,977,6954,4326,151,0.42738555770470665,0.12318749211953095,0.8661347517730497,0.6164893617021276,0.38351063829787235
4477,YPR041W YBR213W,0.0,NA,2.9990737671070633e-10,977,6953,4327,151,0.4274661508704062,0.12320302648171501,0.8661347517730497,0.6164007092198581,0.3835992907801418
4478,YDR334W YML077W,0.0,NA,3.003069182216933e-10,977,6952,4328,151,0.42754674403610576,0.1232185647622651,0.8661347517730497,0.6163120567375886,0.38368794326241135
4479,YER094C YER078C,1.0,NA,3.0142477402961276e-10,976,6952,4328,152,0.4274661508704062,0.1231079717457114,0.8652482269503546,0.6163120567375886,0.38368794326241135
4480,YDR192C YOR051C,0.0,NA,3.01459274210103e-10,976,6951,4329,152,0.42754674403610576,0.1231235019553425,0.8652482269503546,0.6162234042553192,0.38377659574468087
4481,YMR227C YNL156C,0.0,NA,3.018482130912048e-10,976,6950,4330,152,0.4276273372018053,0.12313903608377492,0.8652482269503546,0.6161347517730497,0.38386524822695034
4482,YER161C YFR024C-A,0.0,NA,3.03048697247732e-10,976,6949,4331,152,0.4277079303675048,0.12315457413249212,0.8652482269503546,0.6160460992907801,0.38395390070921986
4483,YNL194C YAL024C,0.0,NA,3.0347269142083633e-10,976,6948,4332,152,0.4277885235332044,0.12317011610297829,0.8652482269503546,0.6159574468085106,0.3840425531914894
4484,YGR131W YBR213W,0.0,NA,3.040288576450223e-10,976,6947,4333,152,0.42786911669890393,0.12318566199671842,0.8652482269503546,0.6158687943262411,0.38413120567375886
4485,YGR096W YBR296C,0.0,NA,3.040880325322348e-10,976,6946,4334,152,0.42794970986460346,0.12320121181519818,0.8652482269503546,0.6157801418439717,0.3842198581560284
4486,YKR027W YPL104W,0.0,NA,3.0504884729332105e-10,976,6945,4335,152,0.42803030303030304,0.12321676555990405,0.8652482269503546,0.6156914893617021,0.38430851063829785
4487,YDR005C YBR176W,0.0,NA,3.0515243110151857e-10,976,6944,4336,152,0.42811089619600257,0.12323232323232323,0.8652482269503546,0.6156028368794326,0.3843971631205674
4488,YHR002W YHR102W,0.0,NA,3.051635055761892e-10,976,6943,4337,152,0.42819148936170215,0.12324788483394368,0.8652482269503546,0.6155141843971631,0.3844858156028369
4489,YGR081C YDR013W,0.0,NA,3.0522345761951897e-10,976,6942,4338,152,0.4282720825274017,0.12326345036625411,0.8652482269503546,0.6154255319148936,0.38457446808510637
4490,YFL027C YDR204W,0.0,NA,3.065156739534558e-10,976,6941,4339,152,0.4283526756931012,0.12327901983074396,0.8652482269503546,0.6153368794326242,0.3846631205673759
4491,YNR050C YBR275C,0.0,NA,3.0658586780418773e-10,976,6940,4340,152,0.4284332688588008,0.12329459322890349,0.8652482269503546,0.6152482269503546,0.38475177304964536
4492,YOR355W YDR346C,0.0,NA,3.07202235871884e-10,976,6939,4341,152,0.4285138620245003,0.12331017056222363,0.8652482269503546,0.6151595744680851,0.3848404255319149
4493,YKL024C YLR223C,0.0,NA,3.075563415055882e-10,976,6938,4342,152,0.4285944551901999,0.12332575183219611,0.8652482269503546,0.6150709219858156,0.3849290780141844
4494,YEL020C YGR224W,0.0,NA,3.08006009586137e-10,976,6937,4343,152,0.4286750483558994,0.12334133704031341,0.8652482269503546,0.6149822695035461,0.3850177304964539
4495,YLR144C YGR262C,0.0,NA,3.1032346137216393e-10,976,6936,4344,152,0.42875564152159895,0.12335692618806876,0.8652482269503546,0.6148936170212767,0.3851063829787234
4496,YOR307C YML048W,0.0,NA,3.10629050259692e-10,976,6935,4345,152,0.42883623468729853,0.12337251927695614,0.8652482269503546,0.6148049645390071,0.38519503546099293
4497,YML055W YDR533C,1.0,NA,3.11391301632824e-10,975,6935,4345,153,0.42875564152159895,0.12326169405815424,0.8643617021276596,0.6148049645390071,0.38519503546099293
4498,YKL039W YOR233W,0.0,NA,3.116093494348604e-10,975,6934,4346,153,0.42883623468729853,0.12327727904918448,0.8643617021276596,0.6147163120567376,0.3852836879432624
4499,YPL150W YJL138C,0.0,NA,3.1283850510099853e-10,975,6933,4347,153,0.42891682785299806,0.1232928679817906,0.8643617021276596,0.6146276595744681,0.3853723404255319
4500,YJL030W YFL001W,0.0,NA,3.1332159089458855e-10,975,6932,4348,153,0.4289974210186976,0.12330846085746806,0.8643617021276596,0.6145390070921986,0.3854609929078014
4501,YKL135C YNL148C,0.0,NA,3.138461435181483e-10,975,6931,4349,153,0.42907801418439717,0.12332405767771312,0.8643617021276596,0.614450354609929,0.3855496453900709
4502,YKL018W YAR027W,0.0,NA,3.1504868158727106e-10,975,6930,4350,153,0.4291586073500967,0.12333965844402277,0.8643617021276596,0.6143617021276596,0.38563829787234044
4503,YNL215W YJR141W,0.0,NA,3.1513583409470414e-10,975,6929,4351,153,0.4292392005157963,0.12335526315789473,0.8643617021276596,0.6142730496453901,0.3857269503546099
4504,YOR065W YDL174C,0.0,NA,3.1566879665767544e-10,975,6928,4352,153,0.4293197936814958,0.12337087182082754,0.8643617021276596,0.6141843971631206,0.38581560283687943
4505,YJL170C YLR142W,0.0,NA,3.160748884845077e-10,975,6927,4353,153,0.42940038684719534,0.12338648443432043,0.8643617021276596,0.614095744680851,0.38590425531914896
4506,YKL134C YLR163C,1.0,NA,3.161966799503091e-10,974,6927,4353,154,0.4293197936814958,0.12327553474243767,0.8634751773049646,0.614095744680851,0.38590425531914896
4507,YMR056C YGL029W,0.0,NA,3.1750932438789903e-10,974,6926,4354,154,0.42940038684719534,0.12329113924050633,0.8634751773049646,0.6140070921985815,0.38599290780141843
4508,YML107C YPR070W,0.0,NA,3.1786864806981896e-10,974,6925,4355,154,0.4294809800128949,0.12330674768958096,0.8634751773049646,0.6139184397163121,0.38608156028368795
4509,YNL191W YBL067C,1.0,NA,3.181161167820079e-10,973,6925,4355,155,0.42940038684719534,0.12319574575841985,0.8625886524822695,0.6139184397163121,0.38608156028368795
4510,YLR033W YHR058C,0.0,NA,3.1830851843217545e-10,973,6924,4356,155,0.4294809800128949,0.12321134608079018,0.8625886524822695,0.6138297872340426,0.3861702127659574
4511,YDR139C YLR270W,0.0,NA,3.1841540515387123e-10,973,6923,4357,155,0.42956157317859445,0.12322695035460993,0.8625886524822695,0.613741134751773,0.38625886524822695
4512,YKL024C YLR090W,0.0,NA,3.1883470863469654e-10,973,6922,4358,155,0.42964216634429403,0.12324255858138063,0.8625886524822695,0.6136524822695035,0.38634751773049647
4513,YLR085C YGL215W,0.0,NA,3.1956590151871467e-10,973,6921,4359,155,0.42972275950999356,0.12325817076260451,0.8625886524822695,0.613563829787234,0.38643617021276594
4514,YPL158C YDR501W,0.0,NA,3.1960797897134796e-10,973,6920,4360,155,0.4298033526756931,0.12327378689978462,0.8625886524822695,0.6134751773049646,0.38652482269503546
4515,YNL191W YFR052W,1.0,NA,3.198757092537363e-10,972,6920,4360,156,0.42972275950999356,0.12316269640141916,0.8617021276595744,0.6134751773049646,0.38652482269503546
4516,YPR010C YPL249C,0.0,NA,3.2001729044495164e-10,972,6919,4361,156,0.4298033526756931,0.12317830439741477,0.8617021276595744,0.6133865248226951,0.386613475177305
4517,YNL039W YDR219C,0.0,NA,3.2042221653760805e-10,972,6918,4362,156,0.42988394584139267,0.12319391634980989,0.8617021276595744,0.6132978723404255,0.38670212765957446
4518,YKL133C YLR157C,0.0,NA,3.206643561792788e-10,972,6917,4363,156,0.4299645390070922,0.12320953226010901,0.8617021276595744,0.613209219858156,0.386790780141844
4519,YIL063C YDL150W,0.0,NA,3.2156713403175274e-10,972,6916,4364,156,0.4300451321727917,0.12322515212981744,0.8617021276595744,0.6131205673758865,0.38687943262411345
4520,YNL305C YGR224W,0.0,NA,3.2193780974409947e-10,972,6915,4365,156,0.4301257253384913,0.12324077596044124,0.8617021276595744,0.613031914893617,0.386968085106383
4521,YDL104C YPR024W,1.0,NA,3.2199920507736124e-10,971,6915,4365,157,0.4300451321727917,0.1231295967537408,0.8608156028368794,0.613031914893617,0.386968085106383
4522,YML055W YGL203C,1.0,NA,3.22085802473282e-10,970,6915,4365,158,0.4299645390070922,0.12301838934686113,0.8599290780141844,0.613031914893617,0.386968085106383
4523,YER100W YDR104C,0.0,NA,3.2258565263454386e-10,970,6914,4366,158,0.4300451321727917,0.12303399289700659,0.8599290780141844,0.6129432624113476,0.3870567375886525
4524,YCL044C YDR217C,0.0,NA,3.2507543878956824e-10,970,6913,4367,158,0.4301257253384913,0.12304960040593682,0.8599290780141844,0.612854609929078,0.38714539007092197
4525,YJR152W YEL018W,0.0,NA,3.2564198559903446e-10,970,6912,4368,158,0.43020631850419083,0.12306521187515859,0.8599290780141844,0.6127659574468085,0.3872340425531915
4526,YPL233W YML102W,0.0,NA,3.272359327954888e-10,970,6911,4369,158,0.4302869116698904,0.12308082730617942,0.8599290780141844,0.612677304964539,0.387322695035461
4527,YKR027W YOR348C,0.0,NA,3.2787694781433174e-10,970,6910,4370,158,0.43036750483558994,0.12309644670050761,0.8599290780141844,0.6125886524822695,0.3874113475177305
4528,YER151C YDR394W,1.0,NA,3.289907513082113e-10,969,6910,4370,159,0.4302869116698904,0.12298515039979693,0.8590425531914894,0.6125886524822695,0.3874113475177305
4529,YOR196C YOR324C,0.0,NA,3.3140479249738064e-10,969,6909,4371,159,0.43036750483558994,0.123000761614623,0.8590425531914894,0.6125,0.3875
4530,YKL072W YER166W,0.0,NA,3.326453834606724e-10,969,6908,4372,159,0.43044809800128947,0.12301637679319538,0.8590425531914894,0.6124113475177305,0.3875886524822695
4531,YBR133C YBL080C,0.0,NA,3.327139119768674e-10,969,6907,4373,159,0.43052869116698905,0.12303199593702387,0.8590425531914894,0.612322695035461,0.387677304964539
4532,YCL044C YAL017W,0.0,NA,3.3309935365544163e-10,969,6906,4374,159,0.4306092843326886,0.12304761904761904,0.8590425531914894,0.6122340425531915,0.38776595744680853
4533,YKR096W YLR247C,0.0,NA,3.335876574972474e-10,969,6905,4375,159,0.43068987749838816,0.12306324612649225,0.8590425531914894,0.612145390070922,0.387854609929078
4534,YGR081C YDL063C,0.0,NA,3.339307719230078e-10,969,6904,4376,159,0.4307704706640877,0.1230788771751556,0.8590425531914894,0.6120567375886525,0.3879432624113475
4535,YDR191W YER002W,0.0,NA,3.3418179334887554e-10,969,6903,4377,159,0.4308510638297872,0.12309451219512195,0.8590425531914894,0.611968085106383,0.38803191489361705
4536,YNL125C YLR223C,0.0,NA,3.345727583869973e-10,969,6902,4378,159,0.4309316569954868,0.12311015118790497,0.8590425531914894,0.6118794326241135,0.3881205673758865
4537,YMR247C YAR002W,0.0,NA,3.355838384955234e-10,969,6901,4379,159,0.4310122501611863,0.12312579415501906,0.8590425531914894,0.611790780141844,0.38820921985815604
4538,YMR325W YNL107W,0.0,NA,3.373158419250899e-10,969,6900,4380,159,0.43109284332688586,0.1231414410979794,0.8590425531914894,0.6117021276595744,0.3882978723404255
4539,YHR124W YDL208W,0.0,NA,3.377690904748931e-10,969,6899,4381,159,0.43117343649258544,0.12315709201830198,0.8590425531914894,0.6116134751773049,0.38838652482269503
4540,YNL062C YPR060C,0.0,NA,3.3844752000966594e-10,969,6898,4382,159,0.43125402965828497,0.12317274691750349,0.8590425531914894,0.6115248226950355,0.38847517730496456
4541,YHR124W YML004C,0.0,NA,3.3868644000456527e-10,969,6897,4383,159,0.43133462282398455,0.12318840579710146,0.8590425531914894,0.611436170212766,0.388563829787234
4542,YBR220C YDR150W,0.0,NA,3.3971256363507507e-10,969,6896,4384,159,0.4314152159896841,0.12320406865861411,0.8590425531914894,0.6113475177304964,0.38865248226950355
4543,YER174C YIL112W,0.0,NA,3.398564207834909e-10,969,6895,4385,159,0.4314958091553836,0.12321973550356052,0.8590425531914894,0.6112588652482269,0.3887411347517731
4544,YLR105C YPL145C,0.0,NA,3.4024688622125154e-10,969,6894,4386,159,0.4315764023210832,0.12323540633346051,0.8590425531914894,0.6111702127659574,0.38882978723404255
4545,YOR360C YKL185W,0.0,NA,3.4055203101956977e-10,969,6893,4387,159,0.4316569954867827,0.12325108114983464,0.8590425531914894,0.611081560283688,0.38891843971631207
4546,YDL012C YKL104C,0.0,NA,3.423384353773429e-10,969,6892,4388,159,0.4317375886524823,0.1232667599542043,0.8590425531914894,0.6109929078014185,0.38900709219858154
4547,YMR173W YOR061W,0.0,NA,3.4379302182863114e-10,969,6891,4389,159,0.4318181818181818,0.12328244274809161,0.8590425531914894,0.6109042553191489,0.38909574468085106
4548,YDL198C YKR020W,0.0,NA,3.4638106272133484e-10,969,6890,4390,159,0.43189877498388135,0.12329812953301947,0.8590425531914894,0.6108156028368794,0.3891843971631206
4549,YIL087C YJL165C,0.0,NA,3.4749278454704324e-10,969,6889,4391,159,0.43197936814958093,0.12331382031051158,0.8590425531914894,0.6107269503546099,0.38927304964539006
4550,YPR118W YOR107W,0.0,NA,3.47978923453951e-10,969,6888,4392,159,0.43205996131528046,0.1233295150820924,0.8590425531914894,0.6106382978723405,0.3893617021276596
4551,YDR184C YNR065C,0.0,NA,3.4827440931195497e-10,969,6887,4393,159,0.43214055448098,0.12334521384928716,0.8590425531914894,0.610549645390071,0.38945035460992905
4552,YPR115W YGR103W,0.0,NA,3.483993094022253e-10,969,6886,4394,159,0.43222114764667957,0.12336091661362189,0.8590425531914894,0.6104609929078014,0.3895390070921986
4553,YLR005W YJL121C,0.0,NA,3.4859010122900713e-10,969,6885,4395,159,0.4323017408123791,0.12337662337662338,0.8590425531914894,0.6103723404255319,0.3896276595744681
4554,YJL019W YDR346C,0.0,NA,3.493142164412433e-10,969,6884,4396,159,0.4323823339780787,0.12339233413981918,0.8590425531914894,0.6102836879432624,0.38971631205673757
4555,YGL097W YER020W,0.0,NA,3.4972155726897824e-10,969,6883,4397,159,0.4324629271437782,0.12340804890473765,0.8590425531914894,0.610195035460993,0.3898049645390071
4556,YMR031C YDR013W,0.0,NA,3.5116268226609293e-10,969,6882,4398,159,0.43254352030947774,0.12342376767290791,0.8590425531914894,0.6101063829787234,0.3898936170212766
4557,YNL305C YHR009C,0.0,NA,3.512102275671225e-10,969,6881,4399,159,0.4326241134751773,0.12343949044585988,0.8590425531914894,0.6100177304964539,0.3899822695035461
4558,YFL041W YOL111C,0.0,NA,3.5121758279466064e-10,969,6880,4400,159,0.43270470664087685,0.12345521722512422,0.8590425531914894,0.6099290780141844,0.3900709219858156
4559,YER150W YMR280C,0.0,NA,3.519686764263952e-10,969,6879,4401,159,0.43278529980657643,0.12347094801223242,0.8590425531914894,0.6098404255319149,0.3901595744680851
4560,YKR049C YMR087W,0.0,NA,3.5267025411123143e-10,969,6878,4402,159,0.43286589297227596,0.1234866828087167,0.8590425531914894,0.6097517730496453,0.3902482269503546
4561,YDR060W YOR192C,0.0,NA,3.532330261624139e-10,969,6877,4403,159,0.4329464861379755,0.12350242161611012,0.8590425531914894,0.6096631205673759,0.39033687943262413
4562,YGL224C YMR137C,0.0,NA,3.5347835769528047e-10,969,6876,4404,159,0.43302707930367507,0.12351816443594646,0.8590425531914894,0.6095744680851064,0.3904255319148936
4563,YPL150W YPL088W,0.0,NA,3.5677569232284156e-10,969,6875,4405,159,0.4331076724693746,0.12353391126976032,0.8590425531914894,0.6094858156028369,0.3905141843971631
4564,YLR085C YLR131C,0.0,NA,3.57683271889897e-10,969,6874,4406,159,0.4331882656350741,0.12354966211908708,0.8590425531914894,0.6093971631205674,0.39060283687943265
4565,YCL050C YMR313C,0.0,NA,3.585302055242323e-10,969,6873,4407,159,0.4332688588007737,0.12356541698546289,0.8590425531914894,0.6093085106382978,0.3906914893617021
4566,YPR162C YJR084W,0.0,NA,3.598263909054822e-10,969,6872,4408,159,0.43334945196647323,0.12358117587042469,0.8590425531914894,0.6092198581560284,0.39078014184397164
4567,YCR097W YJL138C,0.0,NA,3.5995542657651924e-10,969,6871,4409,159,0.4334300451321728,0.1235969387755102,0.8590425531914894,0.6091312056737589,0.3908687943262411
4568,YNL068C YMR267W,0.0,NA,3.6021916005601895e-10,969,6870,4410,159,0.43351063829787234,0.12361270570225794,0.8590425531914894,0.6090425531914894,0.39095744680851063
4569,YOL128C YOL025W,0.0,NA,3.6043015794184896e-10,969,6869,4411,159,0.43359123146357187,0.12362847665220719,0.8590425531914894,0.6089539007092198,0.39104609929078016
4570,YOR315W YER105C,0.0,NA,3.617911525921613e-10,969,6868,4412,159,0.43367182462927145,0.12364425162689804,0.8590425531914894,0.6088652482269503,0.3911347517730496
4571,YLR088W YFR052W,1.0,NA,3.617932342603325e-10,968,6868,4412,160,0.43359123146357187,0.12353241449719245,0.8581560283687943,0.6088652482269503,0.3911347517730496
4572,YBR083W YBR115C,0.0,NA,3.6349892540421536e-10,968,6867,4413,160,0.43367182462927145,0.12354818123803446,0.8581560283687943,0.6087765957446809,0.39122340425531915
4573,YLR240W YNL201C,0.0,NA,3.654007929565495e-10,968,6866,4414,160,0.433752417794971,0.12356395200408476,0.8581560283687943,0.6086879432624114,0.3913120567375887
4574,YBR008C YLR411W,0.0,NA,3.6587224916395655e-10,968,6865,4415,160,0.43383301096067056,0.12357972679688498,0.8581560283687943,0.6085992907801419,0.39140070921985815
4575,YOR303W YDR312W,0.0,NA,3.661431435819651e-10,968,6864,4416,160,0.4339136041263701,0.12359550561797752,0.8581560283687943,0.6085106382978723,0.39148936170212767
4576,YGL168W YNR009W,0.0,NA,3.662031788920217e-10,968,6863,4417,160,0.4339941972920696,0.12361128846890564,0.8581560283687943,0.6084219858156028,0.39157801418439714
4577,YOR101W YDR130C,0.0,NA,3.685013683085714e-10,968,6862,4418,160,0.4340747904577692,0.12362707535121328,0.8581560283687943,0.6083333333333333,0.39166666666666666
4578,YEL017C-A YPR107C,0.0,NA,3.7033617839021815e-10,968,6861,4419,160,0.4341553836234687,0.12364286626644527,0.8581560283687943,0.6082446808510639,0.3917553191489362
4579,YCR027C YKR024C,0.0,NA,3.708592322126947e-10,968,6860,4420,160,0.43423597678916825,0.12365866121614716,0.8581560283687943,0.6081560283687943,0.39184397163120566
4580,YNL016W YLR298C,0.0,NA,3.709024198883526e-10,968,6859,4421,160,0.43431656995486784,0.12367446020186534,0.8581560283687943,0.6080673758865248,0.3919326241134752
4581,YOR223W YDR139C,0.0,NA,3.711734253286636e-10,968,6858,4422,160,0.43439716312056736,0.12369026322514695,0.8581560283687943,0.6079787234042553,0.3920212765957447
4582,YMR012W YKL184W,0.0,NA,3.7132075192403136e-10,968,6857,4423,160,0.43447775628626695,0.12370607028753994,0.8581560283687943,0.6078900709219858,0.3921099290780142
4583,YBL079W YNL066W,0.0,NA,3.718040597622263e-10,968,6856,4424,160,0.4345583494519665,0.12372188139059305,0.8581560283687943,0.6078014184397164,0.3921985815602837
4584,YGR277C YLR430W,0.0,NA,3.7200270641690736e-10,968,6855,4425,160,0.434638942617666,0.12373769653585581,0.8581560283687943,0.6077127659574468,0.39228723404255317
4585,YMR112C YKR054C,0.0,NA,3.7270650454779286e-10,968,6854,4426,160,0.4347195357833656,0.12375351572487855,0.8581560283687943,0.6076241134751773,0.3923758865248227
4586,YDL012C YJL173C,0.0,NA,3.7319947132630205e-10,968,6853,4427,160,0.4348001289490651,0.12376933895921238,0.8581560283687943,0.6075354609929078,0.3924645390070922
4587,YDR234W YGL191W,0.0,NA,3.7420092025008955e-10,968,6852,4428,160,0.4348807221147647,0.12378516624040921,0.8581560283687943,0.6074468085106383,0.3925531914893617
4588,YDR362C YLR448W,0.0,NA,3.759357269927932e-10,968,6851,4429,160,0.4349613152804642,0.12380099757002175,0.8581560283687943,0.6073581560283688,0.3926418439716312
4589,YPR174C YIL166C,0.0,NA,3.773768519899079e-10,968,6850,4430,160,0.43504190844616375,0.12381683294960348,0.8581560283687943,0.6072695035460993,0.39273049645390073
4590,YNL064C YGL030W,0.0,NA,3.774150159063794e-10,968,6849,4431,160,0.43512250161186333,0.1238326723807087,0.8581560283687943,0.6071808510638298,0.3928191489361702
4591,YER093C YPL112C,0.0,NA,3.788661606662913e-10,968,6848,4432,160,0.43520309477756286,0.12384851586489252,0.8581560283687943,0.6070921985815603,0.39290780141843973
4592,YHR021W-A YGL224C,0.0,NA,3.7927394558323613e-10,968,6847,4433,160,0.4352836879432624,0.1238643634037108,0.8581560283687943,0.6070035460992907,0.3929964539007092
4593,YPL120W YNL052W,0.0,NA,3.7999656199438903e-10,968,6846,4434,160,0.43536428110896197,0.12388021499872025,0.8581560283687943,0.6069148936170212,0.3930851063829787
4594,YMR265C YBR155W,0.0,NA,3.8185438144822115e-10,968,6845,4435,160,0.4354448742746615,0.1238960706514783,0.8581560283687943,0.6068262411347518,0.39317375886524825
4595,YGL094C YBR136W,0.0,NA,3.841834073092798e-10,968,6844,4436,160,0.4355254674403611,0.12391193036354327,0.8581560283687943,0.6067375886524823,0.3932624113475177
4596,YKR055W YMR125W,0.0,NA,3.845558316228903e-10,968,6843,4437,160,0.4356060606060606,0.1239277941364742,0.8581560283687943,0.6066489361702128,0.39335106382978724
4597,YDL105W YOR047C,0.0,NA,3.856252539513605e-10,968,6842,4438,160,0.43568665377176014,0.12394366197183099,0.8581560283687943,0.6065602836879432,0.39343971631205676
4598,YML055W YMR150C,1.0,NA,3.8611833175217214e-10,967,6842,4438,161,0.4356060606060606,0.12383147650147266,0.8572695035460993,0.6065602836879432,0.39343971631205676
4599,YGL222C YBR076W,0.0,NA,3.8696917892266924e-10,967,6841,4439,161,0.43568665377176014,0.12384733606557377,0.8572695035460993,0.6064716312056737,0.39352836879432623
4600,YPR137W YJR044C,0.0,NA,3.8718919737057433e-10,967,6840,4440,161,0.4357672469374597,0.12386319969258358,0.8572695035460993,0.6063829787234043,0.39361702127659576
4601,YNL146W YKL014C,0.0,NA,3.8756450826404887e-10,967,6839,4441,161,0.43584784010315925,0.12387906738406354,0.8572695035460993,0.6062943262411348,0.3937056737588652
4602,YML082W YMR316C-A,0.0,NA,3.8876390995312704e-10,967,6838,4442,161,0.43592843326885883,0.12389493914157591,0.8572695035460993,0.6062056737588652,0.39379432624113475
4603,YER131W YCL050C,0.0,NA,3.8965919380018477e-10,967,6837,4443,161,0.43600902643455836,0.12391081496668375,0.8572695035460993,0.6061170212765957,0.3938829787234043
4604,YDR317W YHL006C,0.0,NA,3.906951429044625e-10,967,6836,4444,161,0.4360896196002579,0.12392669486095091,0.8572695035460993,0.6060283687943262,0.39397163120567374
4605,YMR065W YFR036W,0.0,NA,3.9201633605934205e-10,967,6835,4445,161,0.43617021276595747,0.12394257882594206,0.8572695035460993,0.6059397163120568,0.39406028368794327
4606,YKL011C YIR012W,0.0,NA,3.921090951930495e-10,967,6834,4446,161,0.436250805931657,0.12395846686322266,0.8572695035460993,0.6058510638297873,0.3941489361702128
4607,YOR038C YOR101W,0.0,NA,3.9222200487465386e-10,967,6833,4447,161,0.4363313990973565,0.12397435897435898,0.8572695035460993,0.6057624113475177,0.39423758865248226
4608,YHR105W YIL101C,0.0,NA,3.9256931039233223e-10,967,6832,4448,161,0.4364119922630561,0.12399025516091806,0.8572695035460993,0.6056737588652482,0.3943262411347518
4609,YBR008C YHL011C,0.0,NA,3.9355815828479024e-10,967,6831,4449,161,0.43649258542875563,0.12400615542446781,0.8572695035460993,0.6055851063829787,0.39441489361702126
4610,YHR011W YKL085W,0.0,NA,3.9475428481594577e-10,967,6830,4450,161,0.4365731785944552,0.12402205976657689,0.8572695035460993,0.6054964539007093,0.3945035460992908
4611,YJL026W YHL006C,0.0,NA,3.9475955837531274e-10,967,6829,4451,161,0.43665377176015474,0.12403796818881478,0.8572695035460993,0.6054078014184398,0.3945921985815603
4612,YNR075W YLR104W,0.0,NA,3.966297290602938e-10,967,6828,4452,161,0.43673436492585427,0.12405388069275176,0.8572695035460993,0.6053191489361702,0.3946808510638298
4613,YFL033C YNL004W,0.0,NA,3.971195317031828e-10,967,6827,4453,161,0.43681495809155385,0.12406979727995894,0.8572695035460993,0.6052304964539007,0.3947695035460993
4614,YDR536W YGL066W,0.0,NA,3.9740818968958536e-10,967,6826,4454,161,0.4368955512572534,0.1240857179520082,0.8572695035460993,0.6051418439716312,0.39485815602836877
4615,YLR104W YLR247C,0.0,NA,3.990671126885559e-10,967,6825,4455,161,0.43697614442295296,0.12410164271047228,0.8572695035460993,0.6050531914893617,0.3949468085106383
4616,YGL085W YAL063C,0.0,NA,3.996780406634315e-10,967,6824,4456,161,0.4370567375886525,0.12411757155692466,0.8572695035460993,0.6049645390070922,0.3950354609929078
4617,YNL326C YLR435W,0.0,NA,3.9984351940525187e-10,967,6823,4457,161,0.437137330754352,0.12413350449293967,0.8572695035460993,0.6048758865248227,0.3951241134751773
4618,YIL008W YMR184W,0.0,NA,4.0036396420362053e-10,967,6822,4458,161,0.4372179239200516,0.12414944152009244,0.8572695035460993,0.6047872340425532,0.3952127659574468
4619,YBR057C YDR519W,0.0,NA,4.0103267928692787e-10,967,6821,4459,161,0.4372985170857511,0.12416538263995891,0.8572695035460993,0.6046985815602837,0.39530141843971633
4620,YOL067C YIL144W,0.0,NA,4.039375778308596e-10,967,6820,4460,161,0.43737911025145065,0.12418132785411583,0.8572695035460993,0.6046099290780141,0.3953900709219858
4621,YER173W YKL104C,0.0,NA,4.0403852485937364e-10,967,6819,4461,161,0.43745970341715024,0.12419727716414077,0.8572695035460993,0.6045212765957447,0.39547872340425533
4622,YNL084C YKR027W,0.0,NA,4.0484463004197835e-10,967,6818,4462,161,0.43754029658284976,0.12421323057161207,0.8572695035460993,0.6044326241134752,0.3955673758865248
4623,YBR293W YNL146W,0.0,NA,4.055448199480338e-10,967,6817,4463,161,0.43762088974854935,0.12422918807810894,0.8572695035460993,0.6043439716312057,0.3956560283687943
4624,YNL036W YPL145C,0.0,NA,4.0743197704529166e-10,967,6816,4464,161,0.4377014829142489,0.12424514968521136,0.8572695035460993,0.6042553191489362,0.39574468085106385
4625,YDR377W YML081C-A,0.0,NA,4.0764028264028696e-10,967,6815,4465,161,0.4377820760799484,0.12426111539450013,0.8572695035460993,0.6041666666666666,0.3958333333333333
4626,YOR040W YLR467W,0.0,NA,4.089595051492978e-10,967,6814,4466,161,0.437862669245648,0.12427708520755687,0.8572695035460993,0.6040780141843972,0.39592198581560284
4627,YML103C YJL138C,0.0,NA,4.0942857437720193e-10,967,6813,4467,161,0.4379432624113475,0.12429305912596401,0.8572695035460993,0.6039893617021277,0.39601063829787236
4628,YPL159C YJR072C,0.0,NA,4.1094561087362536e-10,967,6812,4468,161,0.43802385557704704,0.1243090371513048,0.8572695035460993,0.6039007092198582,0.39609929078014183
4629,YHR021C YGR080W,0.0,NA,4.117654828217354e-10,967,6811,4469,161,0.4381044487427466,0.12432501928516328,0.8572695035460993,0.6038120567375886,0.39618794326241136
4630,YNL240C YOR393W,0.0,NA,4.119579677386298e-10,967,6810,4470,161,0.43818504190844615,0.12434100552912435,0.8572695035460993,0.6037234042553191,0.3962765957446808
4631,YOL128C YLR245C,0.0,NA,4.120098429094554e-10,967,6809,4471,161,0.43826563507414573,0.12435699588477367,0.8572695035460993,0.6036347517730496,0.39636524822695035
4632,YPL250C YPL167C,0.0,NA,4.12993306220244e-10,967,6808,4472,161,0.43834622823984526,0.12437299035369775,0.8572695035460993,0.6035460992907802,0.3964539007092199
4633,YDR354W YBR187W,0.0,NA,4.145559451274039e-10,967,6807,4473,161,0.4384268214055448,0.12438898893748392,0.8572695035460993,0.6034574468085107,0.39654255319148934
4634,YNL326C YDR528W,0.0,NA,4.1946340845200325e-10,967,6806,4474,161,0.43850741457124437,0.12440499163772031,0.8572695035460993,0.6033687943262411,0.39663120567375887
4635,YKR050W YLR265C,0.0,NA,4.207197923378203e-10,967,6805,4475,161,0.4385880077369439,0.12442099845599588,0.8572695035460993,0.6032801418439716,0.3967198581560284
4636,YMR230W YJL138C,0.0,NA,4.2154071899780376e-10,967,6804,4476,161,0.4386686009026435,0.1244370093939004,0.8572695035460993,0.6031914893617021,0.39680851063829786
4637,YHR127W YER056C,0.0,NA,4.246305529420624e-10,967,6803,4477,161,0.438749194068343,0.12445302445302445,0.8572695035460993,0.6031028368794327,0.3968971631205674
4638,YPR194C YOR138C,0.0,NA,4.2486711371303443e-10,967,6802,4478,161,0.43882978723404253,0.12446904363495945,0.8572695035460993,0.6030141843971631,0.39698581560283686
4639,YDL106C YMR032W,0.0,NA,4.2514761156020597e-10,967,6801,4479,161,0.4389103803997421,0.12448506694129763,0.8572695035460993,0.6029255319148936,0.3970744680851064
4640,YNR055C YML073C,0.0,NA,4.2667078203884046e-10,967,6800,4480,161,0.43899097356544164,0.12450109437363203,0.8572695035460993,0.6028368794326241,0.3971631205673759
4641,YGL168W YOR265W,0.0,NA,4.271308584602451e-10,967,6799,4481,161,0.43907156673114117,0.12451712593355653,0.8572695035460993,0.6027482269503546,0.3972517730496454
4642,YBR222C YDL148C,0.0,NA,4.2745273987065957e-10,967,6798,4482,161,0.43915215989684075,0.12453316162266581,0.8572695035460993,0.6026595744680852,0.3973404255319149
4643,YMR015C YBL008W,0.0,NA,4.311834500558831e-10,967,6797,4483,161,0.4392327530625403,0.12454920144255538,0.8572695035460993,0.6025709219858156,0.3974290780141844
4644,YDR038C YFR048W,0.0,NA,4.312484258583993e-10,967,6796,4484,161,0.43931334622823986,0.12456524539482158,0.8572695035460993,0.6024822695035461,0.3975177304964539
4645,YBR141C YER161C,0.0,NA,4.318344848375233e-10,967,6795,4485,161,0.4393939393939394,0.12458129348106158,0.8572695035460993,0.6023936170212766,0.3976063829787234
4646,YBL026W YKL009W,0.0,NA,4.333931824529458e-10,967,6794,4486,161,0.4394745325596389,0.12459734570287334,0.8572695035460993,0.6023049645390071,0.3976950354609929
4647,YKL221W YDR038C,0.0,NA,4.343365389569698e-10,967,6793,4487,161,0.4395551257253385,0.12461340206185567,0.8572695035460993,0.6022163120567375,0.3977836879432624
4648,YIL109C YDL207W,0.0,NA,4.34895286449688e-10,967,6792,4488,161,0.43963571889103803,0.1246294625596082,0.8572695035460993,0.6021276595744681,0.39787234042553193
4649,YKL132C YBR155W,0.0,NA,4.3496908852524996e-10,967,6791,4489,161,0.4397163120567376,0.12464552719773138,0.8572695035460993,0.6020390070921986,0.3979609929078014
4650,YIR039C YBL067C,1.0,NA,4.3516995562598026e-10,966,6791,4489,162,0.43963571889103803,0.12453268015985561,0.8563829787234043,0.6020390070921986,0.3979609929078014
4651,YDL001W YLR247C,0.0,NA,4.358178262720003e-10,966,6790,4490,162,0.4397163120567376,0.12454873646209386,0.8563829787234043,0.6019503546099291,0.3980496453900709
4652,YGR214W YAL017W,0.0,NA,4.371015216442231e-10,966,6789,4491,162,0.43979690522243714,0.12456479690522243,0.8563829787234043,0.6018617021276595,0.39813829787234045
4653,YML124C YER170W,0.0,NA,4.3752443334987845e-10,966,6788,4492,162,0.43987749838813667,0.12458086149084344,0.8563829787234043,0.60177304964539,0.3982269503546099
4654,YKR063C YOL123W,0.0,NA,4.3815573391725593e-10,966,6787,4493,162,0.43995809155383625,0.12459693022055979,0.8563829787234043,0.6016843971631206,0.39831560283687945
4655,YEL003W YDR237W,0.0,NA,4.3849515685145946e-10,966,6786,4494,162,0.4400386847195358,0.12461300309597523,0.8563829787234043,0.6015957446808511,0.3984042553191489
4656,YDR044W YPR157W,0.0,NA,4.3918069181358987e-10,966,6785,4495,162,0.4401192778852353,0.12462908011869436,0.8563829787234043,0.6015070921985816,0.39849290780141844
4657,YLR206W YIR002C,0.0,NA,4.3929629378602897e-10,966,6784,4496,162,0.4401998710509349,0.12464516129032258,0.8563829787234043,0.601418439716312,0.39858156028368796
4658,YLR072W YJL201W,0.0,NA,4.395075137164639e-10,966,6783,4497,162,0.4402804642166344,0.12466124661246612,0.8563829787234043,0.6013297872340425,0.39867021276595743
4659,YML076C YMR123W,0.0,NA,4.398026665075605e-10,966,6782,4498,162,0.440361057382334,0.12467733608673207,0.8563829787234043,0.6012411347517731,0.39875886524822696
4660,YDL222C YIL144W,0.0,NA,4.4085837758167656e-10,966,6781,4499,162,0.4404416505480335,0.12469342971472828,0.8563829787234043,0.6011524822695036,0.3988475177304965
4661,YLR033W YGL068W,0.0,NA,4.4141795774166326e-10,966,6780,4500,162,0.44052224371373305,0.12470952749806352,0.8563829787234043,0.601063829787234,0.39893617021276595
4662,YDR013W YOL067C,0.0,NA,4.428625521857299e-10,966,6779,4501,162,0.44060283687943264,0.12472562943834732,0.8563829787234043,0.6009751773049645,0.3990248226950355
4663,YKL132C YKL072W,0.0,NA,4.4306275315264543e-10,966,6778,4502,162,0.44068343004513216,0.12474173553719008,0.8563829787234043,0.600886524822695,0.39911347517730494
4664,YKR028W YGR082W,0.0,NA,4.4307377211616483e-10,966,6777,4503,162,0.44076402321083175,0.12475784579620303,0.8563829787234043,0.6007978723404256,0.39920212765957447
4665,YML124C YMR015C,0.0,NA,4.436894185388951e-10,966,6776,4504,162,0.4408446163765313,0.12477396021699819,0.8563829787234043,0.6007092198581561,0.399290780141844
4666,YPL219W YNL042W,0.0,NA,4.4648496011490124e-10,966,6775,4505,162,0.4409252095422308,0.12479007880118848,0.8563829787234043,0.6006205673758865,0.39937943262411346
4667,YDR357C YLL013C,0.0,NA,4.476557735610953e-10,966,6774,4506,162,0.4410058027079304,0.1248062015503876,0.8563829787234043,0.600531914893617,0.399468085106383
4668,YML076C YER163C,0.0,NA,4.5045825403100537e-10,966,6773,4507,162,0.4410863958736299,0.12482232846621011,0.8563829787234043,0.6004432624113475,0.39955673758865246
4669,YGL005C YBR223C,0.0,NA,4.518401763853319e-10,966,6772,4508,162,0.44116698903932944,0.12483845955027138,0.8563829787234043,0.600354609929078,0.399645390070922
4670,YER163C YLR142W,0.0,NA,4.5594894526601593e-10,966,6771,4509,162,0.441247582205029,0.12485459480418767,0.8563829787234043,0.6002659574468086,0.3997340425531915
4671,YJL099W YDR013W,0.0,NA,4.5600370701670556e-10,966,6770,4510,162,0.44132817537072855,0.12487073422957601,0.8563829787234043,0.600177304964539,0.399822695035461
4672,YEL017C-A YNL030W,0.0,NA,4.5819992244844343e-10,966,6769,4511,162,0.44140876853642813,0.1248868778280543,0.8563829787234043,0.6000886524822695,0.3999113475177305
4673,YER170W YIR002C,0.0,NA,4.6094000838436955e-10,966,6768,4512,162,0.44148936170212766,0.12490302560124127,0.8563829787234043,0.6,0.4
4674,YLR117C YAL007C,0.0,NA,4.6155060329233777e-10,966,6767,4513,162,0.4415699548678272,0.1249191775507565,0.8563829787234043,0.5999113475177305,0.4000886524822695
4675,YDR273W YAL042W,0.0,NA,4.62864163663923e-10,966,6766,4514,162,0.44165054803352677,0.12493533367822038,0.8563829787234043,0.599822695035461,0.400177304964539
4676,YKL024C YBR228W,0.0,NA,4.6292597533081903e-10,966,6765,4515,162,0.4417311411992263,0.12495149398525417,0.8563829787234043,0.5997340425531915,0.4002659574468085
4677,YHR084W YJL074C,0.0,NA,4.6419654231577567e-10,966,6764,4516,162,0.4418117343649259,0.12496765847347995,0.8563829787234043,0.599645390070922,0.400354609929078
4678,YKL180W YOL111C,0.0,NA,4.645162587912921e-10,966,6763,4517,162,0.4418923275306254,0.12498382714452064,0.8563829787234043,0.5995567375886525,0.40044326241134753
4679,YKL069W YDL105W,0.0,NA,4.652726537379692e-10,966,6762,4518,162,0.44197292069632493,0.125,0.8563829787234043,0.5994680851063829,0.400531914893617
4680,YGR106C YNL004W,0.0,NA,4.658311514305069e-10,966,6761,4519,162,0.4420535138620245,0.12501617704154264,0.8563829787234043,0.5993794326241135,0.4006205673758865
4681,YBL079W YDR013W,0.0,NA,4.659573282772556e-10,966,6760,4520,162,0.44213410702772404,0.125032358270774,0.8563829787234043,0.599290780141844,0.40070921985815605
4682,YNL191W YJL113W,1.0,NA,4.667240482980617e-10,965,6760,4520,163,0.4420535138620245,0.12491909385113269,0.8554964539007093,0.599290780141844,0.40070921985815605
4683,YMR286W YLR431C,0.0,NA,4.668442854516286e-10,965,6759,4521,163,0.44213410702772404,0.1249352667011911,0.8554964539007093,0.5992021276595745,0.4007978723404255
4684,YDR191W YNL202W,0.0,NA,4.669119535449795e-10,965,6758,4522,163,0.44221470019342357,0.12495144373947947,0.8554964539007093,0.599113475177305,0.40088652482269505
4685,YEL020C YMR247C,0.0,NA,4.671595887906221e-10,965,6757,4523,163,0.44229529335912315,0.12496762496762497,0.8554964539007093,0.5990248226950354,0.4009751773049645
4686,YNL199C YKL122C,0.0,NA,4.695187572067994e-10,965,6756,4524,163,0.4423758865248227,0.12498381038725553,0.8554964539007093,0.5989361702127659,0.40106382978723404
4687,YNL310C YDL126C,0.0,NA,4.744692416736029e-10,965,6755,4525,163,0.44245647969052226,0.125,0.8554964539007093,0.5988475177304965,0.40115248226950356
4688,YJL145W YGR088W,0.0,NA,4.763271443941619e-10,965,6754,4526,163,0.4425370728562218,0.12501619380748802,0.8554964539007093,0.598758865248227,0.40124113475177303
4689,YFL001W YJL138C,0.0,NA,4.77154593614415e-10,965,6753,4527,163,0.4426176660219213,0.1250323918113501,0.8554964539007093,0.5986702127659574,0.40132978723404256
4690,YJL108C YKL101W,0.0,NA,4.797920949428658e-10,965,6752,4528,163,0.4426982591876209,0.12504859401321758,0.8554964539007093,0.5985815602836879,0.4014184397163121
4691,YJR072C YMR137C,0.0,NA,4.818923038385492e-10,965,6751,4529,163,0.44277885235332043,0.12506480041472265,0.8554964539007093,0.5984929078014184,0.40150709219858155
4692,YEL020C YOL045W,0.0,NA,4.83164230846711e-10,965,6750,4530,163,0.44285944551902,0.12508101101749838,0.8554964539007093,0.598404255319149,0.4015957446808511
4693,YPR056W YLR274W,0.0,NA,4.840829959107396e-10,965,6749,4531,163,0.44294003868471954,0.12509722582317864,0.8554964539007093,0.5983156028368795,0.40168439716312054
4694,YDR364C YHR068W,0.0,NA,4.846465451180393e-10,965,6748,4532,163,0.44302063185041907,0.12511344483339815,0.8554964539007093,0.5982269503546099,0.40177304964539007
4695,YEL043W YFL042C,0.0,NA,4.847066081836715e-10,965,6747,4533,163,0.44310122501611865,0.12512966804979253,0.8554964539007093,0.5981382978723404,0.4018617021276596
4696,YGR171C YPL040C,0.0,NA,4.862483748979685e-10,965,6746,4534,163,0.4431818181818182,0.12514589547399818,0.8554964539007093,0.5980496453900709,0.40195035460992906
4697,YOR294W YLR316C,0.0,NA,4.871915648685388e-10,965,6745,4535,163,0.4432624113475177,0.1251621271076524,0.8554964539007093,0.5979609929078015,0.4020390070921986
4698,YLR293C YGL245W,0.0,NA,4.884876947386374e-10,965,6744,4536,163,0.4433430045132173,0.12517836295239332,0.8554964539007093,0.597872340425532,0.4021276595744681
4699,YNL014W YJR046W,0.0,NA,4.892961591451694e-10,965,6743,4537,163,0.4434235976789168,0.12519460300985988,0.8554964539007093,0.5977836879432624,0.4022163120567376
4700,YGR059W YLR005W,0.0,NA,4.895762129031311e-10,965,6742,4538,163,0.4435041908446164,0.12521084728169196,0.8554964539007093,0.5976950354609929,0.4023049645390071
4701,YPL130W YPR026W,0.0,NA,4.916592688530841e-10,965,6741,4539,163,0.4435847840103159,0.12522709576953023,0.8554964539007093,0.5976063829787234,0.4023936170212766
4702,YEL072W YJR055W,0.0,NA,4.930698072058703e-10,965,6740,4540,163,0.44366537717601545,0.12524334847501623,0.8554964539007093,0.5975177304964538,0.4024822695035461
4703,YOR257W YCR068W,0.0,NA,4.936457353998946e-10,965,6739,4541,163,0.44374597034171503,0.1252596053997923,0.8554964539007093,0.5974290780141844,0.4025709219858156
4704,YBR133C YPL149W,0.0,NA,4.966451694343732e-10,965,6738,4542,163,0.44382656350741456,0.12527586654550174,0.8554964539007093,0.5973404255319149,0.4026595744680851
4705,YGR098C YDR331W,1.0,NA,4.97162644386151e-10,964,6738,4542,164,0.44374597034171503,0.12516229550766034,0.8546099290780141,0.5973404255319149,0.4026595744680851
4706,YDR447C YDL054C,0.0,NA,4.974301526239344e-10,964,6737,4543,164,0.44382656350741456,0.12517854824048824,0.8546099290780141,0.5972517730496454,0.4027482269503546
4707,YPR026W YER177W,0.0,NA,4.985861168371741e-10,964,6736,4544,164,0.44390715667311414,0.1251948051948052,0.8546099290780141,0.5971631205673759,0.40283687943262414
4708,YMR264W YDL143W,0.0,NA,5.037931183338173e-10,964,6735,4545,164,0.4439877498388137,0.12521106637225612,0.8546099290780141,0.5970744680851063,0.4029255319148936
4709,YKL133C YPL099C,0.0,NA,5.051055129712267e-10,964,6734,4546,164,0.4440683430045132,0.1252273317744869,0.8546099290780141,0.5969858156028369,0.40301418439716313
4710,YPR070W YPL167C,0.0,NA,5.059742624879959e-10,964,6733,4547,164,0.4441489361702128,0.12524360140314408,0.8546099290780141,0.5968971631205674,0.4031028368794326
4711,YNR009W YAL047C,0.0,NA,5.096966737561104e-10,964,6732,4548,164,0.4442295293359123,0.12525987525987525,0.8546099290780141,0.5968085106382979,0.4031914893617021
4712,YOL091W YOR084W,0.0,NA,5.098210742460196e-10,964,6731,4549,164,0.44431012250161184,0.12527615334632877,0.8546099290780141,0.5967198581560283,0.40328014184397165
4713,YDR341C YOR119C,0.0,NA,5.10800290953739e-10,964,6730,4550,164,0.4443907156673114,0.12529243566415388,0.8546099290780141,0.5966312056737588,0.4033687943262411
4714,YMR265C YGL247W,0.0,NA,5.114437207076605e-10,964,6729,4551,164,0.44447130883301095,0.12530872221500064,0.8546099290780141,0.5965425531914894,0.40345744680851064
4715,YPR052C YNL117W,0.0,NA,5.116534973481635e-10,964,6728,4552,164,0.44455190199871053,0.12532501300052,0.8546099290780141,0.5964539007092199,0.40354609929078017
4716,YHR033W YNR065C,0.0,NA,5.121670865193551e-10,964,6727,4553,164,0.44463249516441006,0.1253413080223638,0.8546099290780141,0.5963652482269504,0.40363475177304964
4717,YJR103W YMR032W,0.0,NA,5.139461078940144e-10,964,6726,4554,164,0.4447130883301096,0.12535760728218465,0.8546099290780141,0.5962765957446808,0.40372340425531916
4718,YLR081W YKR024C,0.0,NA,5.144129566758693e-10,964,6725,4555,164,0.44479368149580917,0.1253739107816361,0.8546099290780141,0.5961879432624113,0.40381205673758863
4719,YDR074W YHL043W,0.0,NA,5.150295190325949e-10,964,6724,4556,164,0.4448742746615087,0.12539021852237253,0.8546099290780141,0.5960992907801419,0.40390070921985816
4720,YGR059W YDR315C,0.0,NA,5.157992366555675e-10,964,6723,4557,164,0.4449548678272083,0.12540653050604916,0.8546099290780141,0.5960106382978724,0.4039893617021277
4721,YBR044C YJL107C,0.0,NA,5.171862937913829e-10,964,6722,4558,164,0.4450354609929078,0.12542284673432214,0.8546099290780141,0.5959219858156029,0.40407801418439715
4722,YFL054C YJR132W,0.0,NA,5.182685947069388e-10,964,6721,4559,164,0.44511605415860733,0.1254391672088484,0.8546099290780141,0.5958333333333333,0.4041666666666667
4723,YGR281W YGL191W,0.0,NA,5.197732799722132e-10,964,6720,4560,164,0.4451966473243069,0.1254554919312858,0.8546099290780141,0.5957446808510638,0.40425531914893614
4724,YMR184W YOR348C,0.0,NA,5.20683218763196e-10,964,6719,4561,164,0.44527724049000644,0.12547182090329298,0.8546099290780141,0.5956560283687943,0.40434397163120567
4725,YAL044C YML132W,0.0,NA,5.21069687398068e-10,964,6718,4562,164,0.44535783365570597,0.12548815412652956,0.8546099290780141,0.5955673758865249,0.4044326241134752
4726,YJL107C YKL139W,0.0,NA,5.211412412720051e-10,964,6717,4563,164,0.44543842682140555,0.1255044916026559,0.8546099290780141,0.5954787234042553,0.40452127659574466
4727,YOR257W YNL117W,0.0,NA,5.211452380748938e-10,964,6716,4564,164,0.4455190199871051,0.12552083333333333,0.8546099290780141,0.5953900709219858,0.4046099290780142
4728,YDL104C YML055W,1.0,NA,5.215728404728281e-10,963,6716,4564,165,0.44543842682140555,0.12540695403047272,0.8537234042553191,0.5953900709219858,0.4046099290780142
4729,YHR058C YHR107C,0.0,NA,5.222756671585671e-10,963,6715,4565,165,0.4455190199871051,0.1254232873144048,0.8537234042553191,0.5953014184397163,0.4046985815602837
4730,YGR098C YMR150C,1.0,NA,5.228138477697541e-10,962,6715,4565,166,0.44543842682140555,0.12530936563761885,0.8528368794326241,0.5953014184397163,0.4046985815602837
4731,YIL026C YGR227W,0.0,NA,5.228856791994474e-10,962,6714,4566,166,0.4455190199871051,0.12532569046378322,0.8528368794326241,0.5952127659574468,0.4047872340425532
4732,YNR030W YPL059W,0.0,NA,5.241637679453959e-10,962,6713,4567,166,0.44559961315280466,0.12534201954397395,0.8528368794326241,0.5951241134751774,0.4048758865248227
4733,YBR201W YCR026C,0.0,NA,5.245688328159304e-10,962,6712,4568,166,0.4456802063185042,0.12535835287985406,0.8528368794326241,0.5950354609929078,0.4049645390070922
4734,YDL229W YOR242C,0.0,NA,5.25561316688794e-10,962,6711,4569,166,0.4457607994842037,0.12537469047308744,0.8528368794326241,0.5949468085106383,0.4050531914893617
4735,YDR087C YOR349W,0.0,NA,5.305296202351428e-10,962,6710,4570,166,0.4458413926499033,0.1253910323253389,0.8528368794326241,0.5948581560283688,0.4051418439716312
4736,YAL015C YEL036C,0.0,NA,5.307968509171701e-10,962,6709,4571,166,0.44592198581560283,0.12540737843827401,0.8528368794326241,0.5947695035460993,0.4052304964539007
4737,YLR431C YKL220C,0.0,NA,5.320060503244406e-10,962,6708,4572,166,0.4460025789813024,0.12542372881355932,0.8528368794326241,0.5946808510638298,0.4053191489361702
4738,YOL039W YLR247C,0.0,NA,5.328671948134911e-10,962,6707,4573,166,0.44608317214700194,0.12544008345286217,0.8528368794326241,0.5945921985815603,0.40540780141843974
4739,YKR076W YER087C-A,0.0,NA,5.33481425701865e-10,962,6706,4574,166,0.44616376531270147,0.1254564423578508,0.8528368794326241,0.5945035460992908,0.4054964539007092
4740,YKL185W YBL019W,0.0,NA,5.336442954195775e-10,962,6705,4575,166,0.44624435847840105,0.12547280553019433,0.8528368794326241,0.5944148936170213,0.40558510638297873
4741,YDL150W YER102W,0.0,NA,5.350119791636132e-10,962,6704,4576,166,0.4463249516441006,0.12548917297156276,0.8528368794326241,0.5943262411347517,0.4056737588652482
4742,YOR299W YAL047C,0.0,NA,5.364680921715603e-10,962,6703,4577,166,0.4464055448098001,0.12550554468362687,0.8528368794326241,0.5942375886524822,0.4057624113475177
4743,YFL027C YDR264C,0.0,NA,5.379312550957138e-10,962,6702,4578,166,0.4464861379754997,0.12552192066805845,0.8528368794326241,0.5941489361702128,0.40585106382978725
4744,YNL121C YGR081C,0.0,NA,5.387598700501428e-10,962,6701,4579,166,0.4465667311411992,0.12553830092653007,0.8528368794326241,0.5940602836879433,0.4059397163120567
4745,YMR077C YFR024C-A,0.0,NA,5.400995206628068e-10,962,6700,4580,166,0.4466473243068988,0.12555468546071522,0.8528368794326241,0.5939716312056738,0.40602836879432624
4746,YBR137W YJL107C,0.0,NA,5.401170066754446e-10,962,6699,4581,166,0.4467279174725983,0.12557107427228822,0.8528368794326241,0.5938829787234042,0.40611702127659577
4747,YNL122C YBR283C,0.0,NA,5.407169156868008e-10,962,6698,4582,166,0.44680851063829785,0.12558746736292428,0.8528368794326241,0.5937943262411347,0.40620567375886524
4748,YGR165W YJR009C,0.0,NA,5.409944159318059e-10,962,6697,4583,166,0.44688910380399743,0.12560386473429952,0.8528368794326241,0.5937056737588653,0.40629432624113476
4749,YNL137C YOR226C,0.0,NA,5.421038062891625e-10,962,6696,4584,166,0.44696969696969696,0.12562026638809087,0.8528368794326241,0.5936170212765958,0.40638297872340423
4750,YDR240C YDL126C,0.0,NA,5.438063332974252e-10,962,6695,4585,166,0.44705029013539654,0.12563667232597622,0.8528368794326241,0.5935283687943262,0.40647163120567376
4751,YJL103C YGR091W,0.0,NA,5.449214413033587e-10,962,6694,4586,166,0.44713088330109607,0.12565308254963428,0.8528368794326241,0.5934397163120567,0.4065602836879433
4752,YJL011C YDR354W,0.0,NA,5.452780449388683e-10,962,6693,4587,166,0.4472114764667956,0.12566949706074462,0.8528368794326241,0.5933510638297872,0.40664893617021275
4753,YER144C YBL067C,1.0,NA,5.457962415356121e-10,961,6693,4587,167,0.44713088330109607,0.12555526522079957,0.8519503546099291,0.5933510638297872,0.40664893617021275
4754,YKL201C YHL043W,0.0,NA,5.477652220697848e-10,961,6692,4588,167,0.4472114764667956,0.1255716712400366,0.8519503546099291,0.5932624113475178,0.4067375886524823
4755,YGR233C YBL098W,0.0,NA,5.482376774779141e-10,961,6691,4589,167,0.4472920696324952,0.12558808154730788,0.8519503546099291,0.5931737588652483,0.4068262411347518
4756,YMR025W YKR020W,0.0,NA,5.510819578447013e-10,961,6690,4590,167,0.4473726627981947,0.12560449614429486,0.8519503546099291,0.5930851063829787,0.40691489361702127
4757,YGR156W YDR165W,0.0,NA,5.51250156632932e-10,961,6689,4591,167,0.44745325596389424,0.12562091503267975,0.8519503546099291,0.5929964539007092,0.4070035460992908
4758,YDR096W YPL059W,0.0,NA,5.517445389457976e-10,961,6688,4592,167,0.4475338491295938,0.12563733821414563,0.8519503546099291,0.5929078014184397,0.40709219858156026
4759,YPR115W YOL132W,0.0,NA,5.532546643038927e-10,961,6687,4593,167,0.44761444229529335,0.12565376569037656,0.8519503546099291,0.5928191489361702,0.4071808510638298
4760,YNL240C YMR087W,0.0,NA,5.541301861811121e-10,961,6686,4594,167,0.44769503546099293,0.1256701974630574,0.8519503546099291,0.5927304964539007,0.4072695035460993
4761,YCR053W YIR021W,0.0,NA,5.563074445547045e-10,961,6685,4595,167,0.44777562862669246,0.1256866335338739,0.8519503546099291,0.5926418439716312,0.4073581560283688
4762,YKL150W YGR105W,0.0,NA,5.563138283370961e-10,961,6684,4596,167,0.447856221792392,0.12570307390451274,0.8519503546099291,0.5925531914893617,0.4074468085106383
4763,YKR035W-A YPL103C,0.0,NA,5.565069516322296e-10,961,6683,4597,167,0.44793681495809157,0.12571951857666144,0.8519503546099291,0.5924645390070922,0.4075354609929078
4764,YHR112C YKR056W,0.0,NA,5.589312901399524e-10,961,6682,4598,167,0.4480174081237911,0.1257359675520084,0.8519503546099291,0.5923758865248226,0.4076241134751773
4765,YNL330C YGR264C,0.0,NA,5.665767854878823e-10,961,6681,4599,167,0.4480980012894907,0.12575242083224286,0.8519503546099291,0.5922872340425532,0.4077127659574468
4766,YDL035C YNL309W,0.0,NA,5.678317260837673e-10,961,6680,4600,167,0.4481785944551902,0.1257688784190551,0.8519503546099291,0.5921985815602837,0.4078014184397163
4767,YKR049C YIL173W,0.0,NA,5.683431503200609e-10,961,6679,4601,167,0.44825918762088973,0.12578534031413613,0.8519503546099291,0.5921099290780142,0.4078900709219858
4768,YFL011W YPL175W,0.0,NA,5.700628857852053e-10,961,6678,4602,167,0.4483397807865893,0.1258018065191779,0.8519503546099291,0.5920212765957447,0.40797872340425534
4769,YPR052C YDL147W,0.0,NA,5.705784733578412e-10,961,6677,4603,167,0.44842037395228884,0.12581827703587325,0.8519503546099291,0.5919326241134751,0.4080673758865248
4770,YLR100W YMR125W,0.0,NA,5.709333561476626e-10,961,6676,4604,167,0.44850096711798837,0.12583475186591594,0.8519503546099291,0.5918439716312057,0.40815602836879433
4771,YDR207C YER177W,0.0,NA,5.714606565732083e-10,961,6675,4605,167,0.44858156028368795,0.12585123101100051,0.8519503546099291,0.5917553191489362,0.40824468085106386
4772,YGL195W YCR095C,0.0,NA,5.717375461955498e-10,961,6674,4606,167,0.4486621534493875,0.12586771447282252,0.8519503546099291,0.5916666666666667,0.4083333333333333
4773,YBR074W YIR039C,1.0,NA,5.723660434497901e-10,960,6674,4606,168,0.44858156028368795,0.12575320932669637,0.851063829787234,0.5916666666666667,0.4083333333333333
4774,YDR400W YIR012W,0.0,NA,5.724184459765524e-10,960,6673,4607,168,0.4486621534493875,0.12576968426568846,0.851063829787234,0.5915780141843971,0.40842198581560285
4775,YML098W YLR005W,0.0,NA,5.736950914325689e-10,960,6672,4608,168,0.44874274661508706,0.12578616352201258,0.851063829787234,0.5914893617021276,0.4085106382978723
4776,YNL068C YBR173C,0.0,NA,5.746654263560913e-10,960,6671,4609,168,0.4488233397807866,0.125802647097366,0.851063829787234,0.5914007092198581,0.40859929078014184
4777,YDR331W YJR126C,1.0,NA,5.758284404855374e-10,959,6671,4609,169,0.44874274661508706,0.12568807339449542,0.850177304964539,0.5914007092198581,0.40859929078014184
4778,YDR165W YGR056W,0.0,NA,5.766098709614198e-10,959,6670,4610,169,0.4488233397807866,0.1257045484336086,0.850177304964539,0.5913120567375887,0.40868794326241137
4779,YCR053W YMR264W,0.0,NA,5.768628907887319e-10,959,6669,4611,169,0.4489039329464861,0.125721027792344,0.850177304964539,0.5912234042553192,0.40877659574468084
4780,YHR083W YHR096C,0.0,NA,5.782884171523506e-10,959,6668,4612,169,0.4489845261121857,0.12573751147240067,0.850177304964539,0.5911347517730496,0.40886524822695036
4781,YOR156C YEL061C,0.0,NA,5.792256119185879e-10,959,6667,4613,169,0.4490651192778852,0.12575399947547863,0.850177304964539,0.5910460992907801,0.40895390070921983
4782,YLL021W YNL118C,0.0,NA,5.819819626218248e-10,959,6666,4614,169,0.4491457124435848,0.12577049180327868,0.850177304964539,0.5909574468085106,0.40904255319148936
4783,YKL207W YDR240C,0.0,NA,5.830007587803721e-10,959,6665,4615,169,0.44922630560928434,0.12578698845750264,0.850177304964539,0.5908687943262412,0.4091312056737589
4784,YDR357C YHR124W,0.0,NA,5.844559280987482e-10,959,6664,4616,169,0.44930689877498386,0.1258034894398531,0.850177304964539,0.5907801418439717,0.40921985815602835
4785,YML082W YNL126W,0.0,NA,5.856667373294044e-10,959,6663,4617,169,0.44938749194068345,0.1258199947520336,0.850177304964539,0.5906914893617021,0.4093085106382979
4786,YJL103C YMR244C-A,0.0,NA,5.861763296977074e-10,959,6662,4618,169,0.449468085106383,0.1258365043957486,0.850177304964539,0.5906028368794326,0.4093971631205674
4787,YJL063C YOR119C,0.0,NA,5.871609864982474e-10,959,6661,4619,169,0.4495486782720825,0.1258530183727034,0.850177304964539,0.5905141843971631,0.40948581560283687
4788,YNL137C YLR350W,0.0,NA,5.90604731787181e-10,959,6660,4620,169,0.4496292714377821,0.12586953668460427,0.850177304964539,0.5904255319148937,0.4095744680851064
4789,YNL217W YNL215W,0.0,NA,5.952312531753989e-10,959,6659,4621,169,0.4497098646034816,0.1258860593331583,0.850177304964539,0.5903368794326241,0.40966312056737586
4790,YDR520C YJR122W,0.0,NA,5.963027849276159e-10,959,6658,4622,169,0.4497904577691812,0.1259025863200735,0.850177304964539,0.5902482269503546,0.4097517730496454
4791,YLR157C YDR036C,0.0,NA,5.965610228031437e-10,959,6657,4623,169,0.4498710509348807,0.12591911764705882,0.850177304964539,0.5901595744680851,0.4098404255319149
4792,YOR273C YBR275C,0.0,NA,5.998458951772534e-10,959,6656,4624,169,0.44995164410058025,0.12593565331582404,0.850177304964539,0.5900709219858156,0.4099290780141844
4793,YHR033W YHR168W,0.0,NA,6.006129482649669e-10,959,6655,4625,169,0.45003223726627983,0.12595219332807986,0.850177304964539,0.5899822695035462,0.4100177304964539
4794,YOR193W YKR063C,0.0,NA,6.011011688400458e-10,959,6654,4626,169,0.45011283043197936,0.1259687376855379,0.850177304964539,0.5898936170212766,0.4101063829787234
4795,YMR203W YCR020C-A,0.0,NA,6.030189125816321e-10,959,6653,4627,169,0.45019342359767894,0.12598528638991066,0.850177304964539,0.5898049645390071,0.4101950354609929
4796,YNL103W YCR105W,0.0,NA,6.032052635163154e-10,959,6652,4628,169,0.45027401676337847,0.12600183944291157,0.850177304964539,0.5897163120567376,0.4102836879432624
4797,YOR339C YKL003C,0.0,NA,6.03262773068991e-10,959,6651,4629,169,0.450354609929078,0.12601839684625493,0.850177304964539,0.589627659574468,0.4103723404255319
4798,YKL219W YJR014W,0.0,NA,6.050650536160163e-10,959,6650,4630,169,0.4504352030947776,0.12603495860165592,0.850177304964539,0.5895390070921985,0.4104609929078014
4799,YLR020C YBL052C,0.0,NA,6.0538712931546e-10,959,6649,4631,169,0.4505157962604771,0.1260515247108307,0.850177304964539,0.5894503546099291,0.41054964539007094
4800,YBR074W YKL134C,1.0,NA,6.085395520827319e-10,958,6649,4631,170,0.4504352030947776,0.12593663730774288,0.849290780141844,0.5894503546099291,0.41054964539007094
4801,YMR272C YMR278W,0.0,NA,6.093037741017326e-10,958,6648,4632,170,0.4505157962604771,0.12595319484617407,0.849290780141844,0.5893617021276596,0.4106382978723404
4802,YDR166C YKL051W,0.0,NA,6.105834171599156e-10,958,6647,4633,170,0.45059638942617664,0.1259697567389875,0.849290780141844,0.5892730496453901,0.41072695035460993
4803,YNL201C YPL007C,0.0,NA,6.105997374383776e-10,958,6646,4634,170,0.4506769825918762,0.1259863229879011,0.849290780141844,0.5891843971631205,0.41081560283687946
4804,YCR069W YOR245C,0.0,NA,6.114027062409377e-10,958,6645,4635,170,0.45075757575757575,0.1260028935946337,0.849290780141844,0.589095744680851,0.4109042553191489
4805,YDR541C YOR264W,0.0,NA,6.14337969384593e-10,958,6644,4636,170,0.45083816892327533,0.126019468560905,0.849290780141844,0.5890070921985816,0.41099290780141845
4806,YNL064C YJL002C,0.0,NA,6.145676190172367e-10,958,6643,4637,170,0.45091876208897486,0.12603604788843573,0.849290780141844,0.5889184397163121,0.4110815602836879
4807,YEL003W YPL042C,0.0,NA,6.171236854868312e-10,958,6642,4638,170,0.4509993552546744,0.12605263157894736,0.849290780141844,0.5888297872340426,0.41117021276595744
4808,YMR197C YDR520C,0.0,NA,6.177737210677492e-10,958,6641,4639,170,0.45107994842037397,0.1260692196341624,0.849290780141844,0.588741134751773,0.41125886524822697
4809,YIL013C YHL043W,0.0,NA,6.196453905538135e-10,958,6640,4640,170,0.4511605415860735,0.12608581205580416,0.849290780141844,0.5886524822695035,0.41134751773049644
4810,YKL051W YIR003W,0.0,NA,6.252585671440158e-10,958,6639,4641,170,0.4512411347517731,0.12610240884559695,0.849290780141844,0.5885638297872341,0.41143617021276596
4811,YPR024W YMR150C,1.0,NA,6.263125018612925e-10,957,6639,4641,171,0.4511605415860735,0.1259873617693523,0.848404255319149,0.5885638297872341,0.41143617021276596
4812,YGR263C YDR057W,0.0,NA,6.264307406134151e-10,957,6638,4642,171,0.4512411347517731,0.1260039499670836,0.848404255319149,0.5884751773049646,0.4115248226950355
4813,YLR072W YKL009W,0.0,NA,6.300855948104811e-10,957,6637,4643,171,0.4513217279174726,0.12602054253357914,0.848404255319149,0.588386524822695,0.41161347517730495
4814,YNL117W YHR063C,0.0,NA,6.30893781661257e-10,957,6636,4644,171,0.45140232108317213,0.126037139470565,0.848404255319149,0.5882978723404255,0.4117021276595745
4815,YBR083W YPL040C,0.0,NA,6.323586654310986e-10,957,6635,4645,171,0.4514829142488717,0.12605374077976816,0.848404255319149,0.588209219858156,0.41179078014184395
4816,YOR119C YLR332W,0.0,NA,6.33556318518913e-10,957,6634,4646,171,0.45156350741457124,0.12607034646291662,0.848404255319149,0.5881205673758865,0.4118794326241135
4817,YGL054C YKR070W,0.0,NA,6.341003278009794e-10,957,6633,4647,171,0.45164410058027077,0.12608695652173912,0.848404255319149,0.5880319148936171,0.411968085106383
4818,YHL037C YHR166C,0.0,NA,6.345007852459617e-10,957,6632,4648,171,0.45172469374597035,0.12610357095796548,0.848404255319149,0.5879432624113475,0.41205673758865247
4819,YFL011W YDL083C,0.0,NA,6.370315386305947e-10,957,6631,4649,171,0.4518052869116699,0.1261201897733263,0.848404255319149,0.587854609929078,0.412145390070922
4820,YMR277W YER161C,0.0,NA,6.400263097283698e-10,957,6630,4650,171,0.45188588007736946,0.12613681296955317,0.848404255319149,0.5877659574468085,0.4122340425531915
4821,YKR049C YPL227C,0.0,NA,6.418539588715078e-10,957,6629,4651,171,0.451966473243069,0.1261534405483786,0.848404255319149,0.587677304964539,0.412322695035461
4822,YIL070C YHR073W,0.0,NA,6.442407163298469e-10,957,6628,4652,171,0.4520470664087685,0.12617007251153592,0.848404255319149,0.5875886524822695,0.4124113475177305
4823,YKL185W YLR265C,0.0,NA,6.502690053089566e-10,957,6627,4653,171,0.4521276595744681,0.1261867088607595,0.848404255319149,0.5875,0.4125
4824,YOR116C YKL069W,0.0,NA,6.513737327296099e-10,957,6626,4654,171,0.4522082527401676,0.1262033495977845,0.848404255319149,0.5874113475177305,0.4125886524822695
4825,YOR233W YLR223C,0.0,NA,6.514321304607051e-10,957,6625,4655,171,0.4522888459058672,0.12621999472434714,0.848404255319149,0.587322695035461,0.412677304964539
4826,YGR096W YNL024C,0.0,NA,6.613046776848819e-10,957,6624,4656,171,0.45236943907156674,0.12623664424218442,0.848404255319149,0.5872340425531914,0.4127659574468085
4827,YOR194C YLR371W,0.0,NA,6.613866121440992e-10,957,6623,4657,171,0.45245003223726626,0.1262532981530343,0.848404255319149,0.587145390070922,0.412854609929078
4828,YNR075W YJR046W,0.0,NA,6.62655652572397e-10,957,6622,4658,171,0.45253062540296585,0.1262699564586357,0.848404255319149,0.5870567375886525,0.41294326241134754
4829,YLR088W YIR039C,1.0,NA,6.641969196863329e-10,956,6622,4658,172,0.45245003223726626,0.12615465822116653,0.8475177304964538,0.5870567375886525,0.41294326241134754
4830,YDL217C YNL220W,0.0,NA,6.66361632539747e-10,956,6621,4659,172,0.45253062540296585,0.1261713079055035,0.8475177304964538,0.586968085106383,0.413031914893617
4831,YPL119C YGL004C,0.0,NA,6.674301111786463e-10,956,6620,4660,172,0.4526112185686654,0.12618796198521648,0.8475177304964538,0.5868794326241135,0.41312056737588654
4832,YPR072W YDR077W,0.0,NA,6.676568187202747e-10,956,6619,4661,172,0.4526918117343649,0.1262046204620462,0.8475177304964538,0.5867907801418439,0.413209219858156
4833,YPL203W YBR189W,0.0,NA,6.682109310318651e-10,956,6618,4662,172,0.4527724049000645,0.12622128333773436,0.8475177304964538,0.5867021276595744,0.41329787234042553
4834,YGR094W YLR430W,0.0,NA,6.701177945878101e-10,956,6617,4663,172,0.452852998065764,0.12623795061402351,0.8475177304964538,0.586613475177305,0.41338652482269506
4835,YBR085W YER035W,0.0,NA,6.784088846245595e-10,956,6616,4664,172,0.4529335912314636,0.12625462229265716,0.8475177304964538,0.5865248226950355,0.4134751773049645
4836,YHR033W YDL193W,0.0,NA,6.787583828327115e-10,956,6615,4665,172,0.4530141843971631,0.12627129837537973,0.8475177304964538,0.586436170212766,0.41356382978723405
4837,YNR030W YNL204C,0.0,NA,6.79538147974057e-10,956,6614,4666,172,0.45309477756286265,0.12628797886393658,0.8475177304964538,0.5863475177304964,0.4136524822695035
4838,YGL192W YHR176W,0.0,NA,6.796003759745872e-10,956,6613,4667,172,0.45317537072856223,0.126304663760074,0.8475177304964538,0.5862588652482269,0.41374113475177304
4839,YNL014W YMR087W,0.0,NA,6.871236357675059e-10,956,6612,4668,172,0.45325596389426176,0.1263213530655391,0.8475177304964538,0.5861702127659575,0.41382978723404257
4840,YHR110W YKL201C,0.0,NA,6.945181096895681e-10,956,6611,4669,172,0.45333655705996134,0.12633804678208008,0.8475177304964538,0.586081560283688,0.41391843971631204
4841,YJR118C YDR338C,0.0,NA,6.949288366975281e-10,956,6610,4670,172,0.45341715022566087,0.12635474491144594,0.8475177304964538,0.5859929078014184,0.41400709219858156
4842,YGR094W YNR009W,0.0,NA,6.961984877484895e-10,956,6609,4671,172,0.4534977433913604,0.12637144745538664,0.8475177304964538,0.5859042553191489,0.4140957446808511
4843,YOR022C YGR206W,0.0,NA,6.968747245927887e-10,956,6608,4672,172,0.45357833655706,0.1263881544156531,0.8475177304964538,0.5858156028368794,0.41418439716312055
4844,YER150W YBR228W,0.0,NA,6.990606427059731e-10,956,6607,4673,172,0.4536589297227595,0.1264048657939971,0.8475177304964538,0.58572695035461,0.4142730496453901
4845,YLR208W YGR132C,0.0,NA,6.999572588206604e-10,956,6606,4674,172,0.45373952288845903,0.12642158159217137,0.8475177304964538,0.5856382978723405,0.41436170212765955
4846,YPR115W YAR066W,0.0,NA,7.002911028841652e-10,956,6605,4675,172,0.4538201160541586,0.12643830181192964,0.8475177304964538,0.5855496453900709,0.4144503546099291
4847,YPR113W YKL132C,0.0,NA,7.041270344565476e-10,956,6604,4676,172,0.45390070921985815,0.12645502645502646,0.8475177304964538,0.5854609929078014,0.4145390070921986
4848,YFR024C-A YOL012C,0.0,NA,7.04218350300323e-10,956,6603,4677,172,0.45398130238555773,0.12647175552321735,0.8475177304964538,0.5853723404255319,0.41462765957446807
4849,YLR087C YER100W,0.0,NA,7.042251226607732e-10,956,6602,4678,172,0.45406189555125726,0.1264884890182588,0.8475177304964538,0.5852836879432625,0.4147163120567376
4850,YGR091W YDR272W,0.0,NA,7.043177152610269e-10,956,6601,4679,172,0.4541424887169568,0.12650522694190816,0.8475177304964538,0.5851950354609929,0.4148049645390071
4851,YGL195W YPL112C,0.0,NA,7.058373885371338e-10,956,6600,4680,172,0.45422308188265637,0.12652196929592377,0.8475177304964538,0.5851063829787234,0.4148936170212766
4852,YMR267W YML105C,0.0,NA,7.076491059798684e-10,956,6599,4681,172,0.4543036750483559,0.12653871608206485,0.8475177304964538,0.5850177304964539,0.4149822695035461
4853,YPL063W YGR227W,0.0,NA,7.088920006559363e-10,956,6598,4682,172,0.4543842682140555,0.1265554673020916,0.8475177304964538,0.5849290780141844,0.4150709219858156
4854,YNL135C YCL066W,0.0,NA,7.092395559737952e-10,956,6597,4683,172,0.454464861379755,0.12657222295776513,0.8475177304964538,0.5848404255319148,0.4151595744680851
4855,YOR014W YMR025W,0.0,NA,7.097659682209212e-10,956,6596,4684,172,0.45454545454545453,0.12658898305084745,0.8475177304964538,0.5847517730496454,0.4152482269503546
4856,YIL108W YKL134C,1.0,NA,7.099447141278858e-10,955,6596,4684,173,0.454464861379755,0.12647331479274268,0.8466312056737588,0.5847517730496454,0.4152482269503546
4857,YMR313C YJR152W,0.0,NA,7.115497635545864e-10,955,6595,4685,173,0.45454545454545453,0.12649006622516556,0.8466312056737588,0.5846631205673759,0.4153368794326241
4858,YPL227C YLR448W,0.0,NA,7.124270617886452e-10,955,6594,4686,173,0.4546260477111541,0.12650682209564182,0.8466312056737588,0.5845744680851064,0.4154255319148936
4859,YJL099W YPR035W,0.0,NA,7.152863856774161e-10,955,6593,4687,173,0.45470664087685364,0.12652358240593534,0.8466312056737588,0.5844858156028369,0.41551418439716314
4860,YHR110W YOL012C,0.0,NA,7.166122695245747e-10,955,6592,4688,173,0.45478723404255317,0.12654034715781104,0.8466312056737588,0.5843971631205673,0.4156028368794326
4861,YAR018C YNL062C,0.0,NA,7.227233811413214e-10,955,6591,4689,173,0.45486782720825275,0.1265571163530347,0.8466312056737588,0.5843085106382979,0.41569148936170214
4862,YDR197W YOL045W,0.0,NA,7.22988058310392e-10,955,6590,4690,173,0.4549484203739523,0.1265738899933731,0.8466312056737588,0.5842198581560284,0.4157801418439716
4863,YNL289W YPL059W,0.0,NA,7.237676014071326e-10,955,6589,4691,173,0.45502901353965186,0.12659066808059385,0.8466312056737588,0.5841312056737589,0.41586879432624113
4864,YHR127W YOL003C,0.0,NA,7.239056576402447e-10,955,6588,4692,173,0.4551096067053514,0.1266074506164656,0.8466312056737588,0.5840425531914893,0.41595744680851066
4865,YBL067C YGL203C,1.0,NA,7.294581050310001e-10,954,6588,4692,174,0.45502901353965186,0.12649164677804295,0.8457446808510638,0.5840425531914893,0.41595744680851066
4866,YPL218W YMR203W,0.0,NA,7.297600856936981e-10,954,6587,4693,174,0.4551096067053514,0.1265084206338682,0.8457446808510638,0.5839539007092198,0.4160460992907801
4867,YHR037W YCL066W,0.0,NA,7.29857507764109e-10,954,6586,4694,174,0.4551901998710509,0.12652519893899206,0.8457446808510638,0.5838652482269504,0.41613475177304965
4868,YER067W YAL063C,0.0,NA,7.30137394988617e-10,954,6585,4695,174,0.4552707930367505,0.12654198169518505,0.8457446808510638,0.5837765957446809,0.4162234042553192
4869,YNL137C YKL001C,0.0,NA,7.312997429842483e-10,954,6584,4696,174,0.45535138620245,0.12655876890421863,0.8457446808510638,0.5836879432624114,0.41631205673758864
4870,YKL126W YDR473C,0.0,NA,7.33632876670498e-10,954,6583,4697,174,0.45543197936814955,0.1265755605678652,0.8457446808510638,0.5835992907801418,0.41640070921985817
4871,YGR277C YIR014W,0.0,NA,7.34013572145642e-10,954,6582,4698,174,0.45551257253384914,0.1265923566878981,0.8457446808510638,0.5835106382978723,0.41648936170212764
4872,YLR258W YNL194C,0.0,NA,7.350755559798472e-10,954,6581,4699,174,0.45559316569954866,0.12660915726609157,0.8457446808510638,0.5834219858156028,0.41657801418439716
4873,YMR164C YPR007C,0.0,NA,7.370115628901885e-10,954,6580,4700,174,0.45567375886524825,0.12662596230422088,0.8457446808510638,0.5833333333333334,0.4166666666666667
4874,YCL044C YBR276C,0.0,NA,7.37133853956351e-10,954,6579,4701,174,0.4557543520309478,0.12664277180406214,0.8457446808510638,0.5832446808510638,0.41675531914893615
4875,YER139C YGL101W,0.0,NA,7.385242417612403e-10,954,6578,4702,174,0.4558349451966473,0.12665958576739245,0.8457446808510638,0.5831560283687943,0.4168439716312057
4876,YPR144C YOR316C,0.0,NA,7.403195834143617e-10,954,6577,4703,174,0.4559155383623469,0.1266764041959899,0.8457446808510638,0.5830673758865248,0.4169326241134752
4877,YLR088W YER143W,1.0,NA,7.416226521783642e-10,953,6577,4703,175,0.4558349451966473,0.12656042496679948,0.8448581560283688,0.5830673758865248,0.4169326241134752
4878,YKR027W YMR032W,0.0,NA,7.418688441340748e-10,953,6576,4704,175,0.4559155383623469,0.12657723469252224,0.8448581560283688,0.5829787234042553,0.41702127659574467
4879,YNL199C YAL054C,0.0,NA,7.420471459518296e-10,953,6575,4705,175,0.4559961315280464,0.12659404888416578,0.8448581560283688,0.5828900709219859,0.4171099290780142
4880,YMR065W YLR448W,0.0,NA,7.444812544221691e-10,953,6574,4706,175,0.456076724693746,0.12661086754351003,0.8448581560283688,0.5828014184397163,0.41719858156028367
4881,YDR364C YMR092C,0.0,NA,7.445593586119514e-10,953,6573,4707,175,0.4561573178594455,0.1266276906723359,0.8448581560283688,0.5827127659574468,0.4172872340425532
4882,YMR087W YML011C,0.0,NA,7.472126251073519e-10,953,6572,4708,175,0.45623791102514505,0.12664451827242526,0.8448581560283688,0.5826241134751773,0.4173758865248227
4883,YCR031C YLR407W,0.0,NA,7.473608398811393e-10,953,6571,4709,175,0.45631850419084463,0.12666135034556086,0.8448581560283688,0.5825354609929078,0.4174645390070922
4884,YOR196C YDR013W,0.0,NA,7.475932650713446e-10,953,6570,4710,175,0.45639909735654416,0.12667818689352653,0.8448581560283688,0.5824468085106383,0.4175531914893617
4885,YDL104C YNL239W,1.0,NA,7.481424368904754e-10,952,6570,4710,176,0.45631850419084463,0.12656208455198087,0.8439716312056738,0.5824468085106383,0.4175531914893617
4886,YCL031C YNL062C,0.0,NA,7.495335463403308e-10,952,6569,4711,176,0.45639909735654416,0.12657891237867305,0.8439716312056738,0.5823581560283688,0.41764184397163123
4887,YER139C YHR112C,0.0,NA,7.52099882372903e-10,952,6568,4712,176,0.4564796905222437,0.12659574468085105,0.8439716312056738,0.5822695035460993,0.4177304964539007
4888,YFL062W YOL161C,0.0,NA,7.521371858665304e-10,952,6567,4713,176,0.45656028368794327,0.12661258146030058,0.8439716312056738,0.5821808510638298,0.4178191489361702
4889,YGL099W YFR048W,0.0,NA,7.553805358995191e-10,952,6566,4714,176,0.4566408768536428,0.1266294227188082,0.8439716312056738,0.5820921985815602,0.4179078014184397
4890,YBR181C YGR013W,0.0,NA,7.562022119600442e-10,952,6565,4715,176,0.4567214700193424,0.1266462684581615,0.8439716312056738,0.5820035460992907,0.4179964539007092
4891,YDL052C YJR084W,0.0,NA,7.629607501336011e-10,952,6564,4716,176,0.4568020631850419,0.126663118680149,0.8439716312056738,0.5819148936170213,0.41808510638297874
4892,YIL063C YHR086W,0.0,NA,7.632256493472767e-10,952,6563,4717,176,0.45688265635074143,0.1266799733865602,0.8439716312056738,0.5818262411347518,0.4181737588652482
4893,YER139C YML002W,0.0,NA,7.650081124133123e-10,952,6562,4718,176,0.456963249516441,0.12669683257918551,0.8439716312056738,0.5817375886524823,0.41826241134751774
4894,YGL168W YJR132W,0.0,NA,7.665125201228307e-10,952,6561,4719,176,0.45704384268214054,0.12671369625981632,0.8439716312056738,0.5816489361702127,0.4183510638297872
4895,YPL175W YMR272C,0.0,NA,7.694304082761505e-10,952,6560,4720,176,0.4571244358478401,0.12673056443024494,0.8439716312056738,0.5815602836879432,0.41843971631205673
4896,YKL150W YGL070C,0.0,NA,7.726569939414674e-10,952,6559,4721,176,0.45720502901353965,0.1267474370922647,0.8439716312056738,0.5814716312056738,0.41852836879432626
4897,YOR022C YNL022C,0.0,NA,7.740199037264972e-10,952,6558,4722,176,0.4572856221792392,0.12676431424766976,0.8439716312056738,0.5813829787234043,0.4186170212765957
4898,YBL046W YJR144W,0.0,NA,7.759918263516852e-10,952,6557,4723,176,0.45736621534493876,0.12678119589825543,0.8439716312056738,0.5812943262411348,0.41870567375886525
4899,YKL093W YGR059W,0.0,NA,7.763234499691407e-10,952,6556,4724,176,0.4574468085106383,0.1267980820458178,0.8439716312056738,0.5812056737588652,0.4187943262411348
4900,YML022W YGR211W,0.0,NA,7.782789968047155e-10,952,6555,4725,176,0.4575274016763378,0.126814972692154,0.8439716312056738,0.5811170212765957,0.41888297872340424
4901,YGL178W YHL013C,0.0,NA,7.785818656458332e-10,952,6554,4726,176,0.4576079948420374,0.12683186783906208,0.8439716312056738,0.5810283687943263,0.41897163120567377
4902,YNR048W YMR060C,0.0,NA,7.80404685318814e-10,952,6553,4727,176,0.45768858800773693,0.12684876748834112,0.8439716312056738,0.5809397163120568,0.41906028368794324
4903,YPR052C YDR447C,0.0,NA,7.812713809229876e-10,952,6552,4728,176,0.4577691811734365,0.12686567164179105,0.8439716312056738,0.5808510638297872,0.41914893617021276
4904,YCR068W YJR051W,0.0,NA,7.854835115672643e-10,952,6551,4729,176,0.45784977433913604,0.12688258030121286,0.8439716312056738,0.5807624113475177,0.4192375886524823
4905,YOR022C YOR051C,0.0,NA,7.858761419399229e-10,952,6550,4730,176,0.45793036750483557,0.12689949346840843,0.8439716312056738,0.5806737588652482,0.41932624113475175
4906,YDL052C YOR051C,0.0,NA,7.876483909541321e-10,952,6549,4731,176,0.45801096067053515,0.12691641114518065,0.8439716312056738,0.5805851063829788,0.4194148936170213
4907,YER144C YDR533C,1.0,NA,7.888044661896743e-10,951,6549,4731,177,0.45793036750483557,0.1268,0.8430851063829787,0.5805851063829788,0.4194148936170213
4908,YLR208W YJL050W,0.0,NA,7.897016929270251e-10,951,6548,4732,177,0.45801096067053515,0.1268169089211895,0.8430851063829787,0.5804964539007093,0.4195035460992908
4909,YLR176C YBR115C,0.0,NA,7.902244969493211e-10,951,6547,4733,177,0.4580915538362347,0.12683382235262736,0.8430851063829787,0.5804078014184397,0.41959219858156027
4910,YPR166C YKL096W,0.0,NA,7.9404854913534e-10,951,6546,4734,177,0.45817214700193426,0.12685074029611845,0.8430851063829787,0.5803191489361702,0.4196808510638298
4911,YHR124W YPL042C,0.0,NA,7.941182156301352e-10,951,6545,4735,177,0.4582527401676338,0.12686766275346853,0.8430851063829787,0.5802304964539007,0.41976950354609927
4912,YML076C YBR201W,0.0,NA,7.974498839047328e-10,951,6544,4736,177,0.4583333333333333,0.1268845897264843,0.8430851063829787,0.5801418439716312,0.4198581560283688
4913,YKL188C YLL021W,0.0,NA,7.97518329154201e-10,951,6543,4737,177,0.4584139264990329,0.12690152121697357,0.8430851063829787,0.5800531914893617,0.4199468085106383
4914,YDR354W YDR162C,0.0,NA,7.994053197180051e-10,951,6542,4738,177,0.4584945196647324,0.12691845722674497,0.8430851063829787,0.5799645390070922,0.4200354609929078
4915,YER053C YOR077W,0.0,NA,7.998399720321459e-10,951,6541,4739,177,0.45857511283043195,0.12693539775760812,0.8430851063829787,0.5798758865248227,0.4201241134751773
4916,YHL023C YFL033C,0.0,NA,8.010598295804527e-10,951,6540,4740,177,0.45865570599613154,0.12695234281137366,0.8430851063829787,0.5797872340425532,0.42021276595744683
4917,YDR273W YKR020W,0.0,NA,8.017797537007709e-10,951,6539,4741,177,0.45873629916183106,0.12696929238985313,0.8430851063829787,0.5796985815602836,0.4203014184397163
4918,YOR312C YLR075W,0.0,NA,8.062946421638628e-10,951,6538,4742,177,0.45881689232753065,0.12698624649485912,0.8430851063829787,0.5796099290780142,0.4203900709219858
4919,YDR338C YCR034W,0.0,NA,8.075320412359588e-10,951,6537,4743,177,0.4588974854932302,0.12700320512820512,0.8430851063829787,0.5795212765957447,0.4204787234042553
4920,YOR195W YCR052W,0.0,NA,8.080003888188969e-10,951,6536,4744,177,0.4589780786589297,0.12702016829170562,0.8430851063829787,0.5794326241134752,0.4205673758865248
4921,YNL201C YOR254C,0.0,NA,8.091169401147624e-10,951,6535,4745,177,0.4590586718246293,0.12703713598717606,0.8430851063829787,0.5793439716312057,0.42065602836879434
4922,YKL150W YGL094C,0.0,NA,8.10194855649371e-10,951,6534,4746,177,0.4591392649903288,0.12705410821643287,0.8430851063829787,0.5792553191489361,0.4207446808510638
4923,YDR379W YGR091W,0.0,NA,8.136606943764946e-10,951,6533,4747,177,0.4592198581560284,0.12707108498129344,0.8430851063829787,0.5791666666666667,0.42083333333333334
4924,YBR057C YGR097W,0.0,NA,8.154411035299347e-10,951,6532,4748,177,0.4593004513217279,0.1270880662835761,0.8430851063829787,0.5790780141843972,0.42092198581560286
4925,YOR194C YKR056W,0.0,NA,8.159233844118319e-10,951,6531,4749,177,0.45938104448742745,0.12710505212510023,0.8430851063829787,0.5789893617021277,0.42101063829787233
4926,YMR260C YBR213W,0.0,NA,8.166707865520095e-10,951,6530,4750,177,0.45946163765312703,0.12712204250768613,0.8430851063829787,0.5789007092198581,0.42109929078014185
4927,YBR193C YJR004C,0.0,NA,8.195809586553082e-10,951,6529,4751,177,0.45954223081882656,0.12713903743315508,0.8430851063829787,0.5788120567375886,0.4211879432624113
4928,YOR067C YKL185W,0.0,NA,8.200892742671329e-10,951,6528,4752,177,0.4596228239845261,0.12715603690332933,0.8430851063829787,0.5787234042553191,0.42127659574468085
4929,YJL145W YJR120W,0.0,NA,8.227997172483015e-10,951,6527,4753,177,0.45970341715022567,0.1271730409200321,0.8430851063829787,0.5786347517730497,0.4213652482269504
4930,YOL153C YKL119C,0.0,NA,8.232015624720646e-10,951,6526,4754,177,0.4597840103159252,0.1271900494850876,0.8430851063829787,0.5785460992907802,0.42145390070921984
4931,YNL125C YKL096W,0.0,NA,8.255003902668534e-10,951,6525,4755,177,0.4598646034816248,0.12720706260032102,0.8430851063829787,0.5784574468085106,0.42154255319148937
4932,YJR125C YAR002W,0.0,NA,8.256405004125611e-10,951,6524,4756,177,0.4599451966473243,0.12722408026755852,0.8430851063829787,0.5783687943262411,0.4216312056737589
4933,YHL013C YIL067C,0.0,NA,8.260058748099652e-10,951,6523,4757,177,0.46002578981302383,0.12724110248862724,0.8430851063829787,0.5782801418439716,0.42171985815602836
4934,YLR337C YBR223C,0.0,NA,8.275623519793385e-10,951,6522,4758,177,0.4601063829787234,0.1272581292653553,0.8430851063829787,0.5781914893617022,0.4218085106382979
4935,YJL145W YDL244W,0.0,NA,8.277313279236864e-10,951,6521,4759,177,0.46018697614442294,0.12727516059957172,0.8430851063829787,0.5781028368794326,0.42189716312056735
4936,YGL134W YJL138C,0.0,NA,8.281782482022493e-10,951,6520,4760,177,0.4602675693101225,0.1272921964931067,0.8430851063829787,0.5780141843971631,0.4219858156028369
4937,YGR089W YBR222C,0.0,NA,8.301883624994844e-10,951,6519,4761,177,0.46034816247582205,0.12730923694779117,0.8430851063829787,0.5779255319148936,0.4220744680851064
4938,YDR099W YOL091W,0.0,NA,8.326209721687405e-10,951,6518,4762,177,0.4604287556415216,0.12732628196545723,0.8430851063829787,0.5778368794326241,0.42216312056737587
4939,YBL024W YMR012W,0.0,NA,8.353792102511193e-10,951,6517,4763,177,0.46050934880722116,0.12734333154793787,0.8430851063829787,0.5777482269503547,0.4222517730496454
4940,YLR270W YOR061W,0.0,NA,8.371769388837436e-10,951,6516,4764,177,0.4605899419729207,0.1273603856970671,0.8430851063829787,0.5776595744680851,0.4223404255319149
4941,YDR229W YBL008W,0.0,NA,8.38693614557684e-10,951,6515,4765,177,0.4606705351386202,0.12737744441467988,0.8430851063829787,0.5775709219858156,0.4224290780141844
4942,YNL310C YOR288C,0.0,NA,8.397757489397861e-10,951,6514,4766,177,0.4607511283043198,0.12739450770261218,0.8430851063829787,0.5774822695035461,0.4225177304964539
4943,YHR059W YER122C,0.0,NA,8.410404039871366e-10,951,6513,4767,177,0.46083172147001933,0.12741157556270097,0.8430851063829787,0.5773936170212766,0.4226063829787234
4944,YOL125W YOR315W,0.0,NA,8.422090802540083e-10,951,6512,4768,177,0.4609123146357189,0.12742864799678413,0.8430851063829787,0.577304964539007,0.4226950354609929
4945,YGR132C YPL088W,0.0,NA,8.43088265867209e-10,951,6511,4769,177,0.46099290780141844,0.12744572500670062,0.8430851063829787,0.5772163120567376,0.42278368794326243
4946,YHR143W YMR184W,0.0,NA,8.437622267543077e-10,951,6510,4770,177,0.46107350096711797,0.12746280659429032,0.8430851063829787,0.5771276595744681,0.4228723404255319
4947,YKL146W YOR051C,0.0,NA,8.442387344764768e-10,951,6509,4771,177,0.46115409413281755,0.1274798927613941,0.8430851063829787,0.5770390070921986,0.4229609929078014
4948,YLR072W YJL171C,0.0,NA,8.484487556970066e-10,951,6508,4772,177,0.4612346872985171,0.12749698350985386,0.8430851063829787,0.576950354609929,0.42304964539007095
4949,YMR087W YPL048W,0.0,NA,8.485070979169507e-10,951,6507,4773,177,0.46131528046421666,0.12751407884151247,0.8430851063829787,0.5768617021276595,0.4231382978723404
4950,YGR105W YIL115C,0.0,NA,8.493911130003085e-10,951,6506,4774,177,0.4613958736299162,0.12753117875821376,0.8430851063829787,0.5767730496453901,0.42322695035460994
4951,YCL024W YDR488C,0.0,NA,8.525855021979112e-10,951,6505,4775,177,0.4614764667956157,0.12754828326180256,0.8430851063829787,0.5766843971631206,0.4233156028368794
4952,YOR391C YNL191W,1.0,NA,8.540486651220647e-10,950,6505,4775,178,0.4613958736299162,0.12743125419181758,0.8421985815602837,0.5766843971631206,0.4233156028368794
4953,YDR234W YGL247W,0.0,NA,8.568240006390226e-10,950,6504,4776,178,0.4614764667956157,0.12744834987925946,0.8421985815602837,0.5765957446808511,0.42340425531914894
4954,YKL061W YDR229W,0.0,NA,8.568419862520216e-10,950,6503,4777,178,0.4615570599613153,0.12746545015430027,0.8421985815602837,0.5765070921985815,0.42349290780141846
4955,YPL227C YMR309C,0.0,NA,8.580015031789401e-10,950,6502,4778,178,0.4616376531270148,0.1274825550187869,0.8421985815602837,0.576418439716312,0.42358156028368793
4956,YGL094C YOR084W,0.0,NA,8.62234117438021e-10,950,6501,4779,178,0.46171824629271435,0.12749966447456718,0.8421985815602837,0.5763297872340426,0.42367021276595745
4957,YDL035C YMR156C,0.0,NA,8.639923221309687e-10,950,6500,4780,178,0.46179883945841393,0.12751677852348994,0.8421985815602837,0.5762411347517731,0.4237588652482269
4958,YNL299W YGR261C,0.0,NA,8.656451111477281e-10,950,6499,4781,178,0.46187943262411346,0.127533897167405,0.8421985815602837,0.5761524822695036,0.42384751773049645
4959,YNL121C YDR454C,0.0,NA,8.754482139217146e-10,950,6498,4782,178,0.46196002578981304,0.12755102040816327,0.8421985815602837,0.576063829787234,0.423936170212766
4960,YMR025W YOR192C,0.0,NA,8.862950373611511e-10,950,6497,4783,178,0.46204061895551257,0.1275681482476165,0.8421985815602837,0.5759751773049645,0.42402482269503544
4961,YHR138C YBR275C,0.0,NA,8.874621593157883e-10,950,6496,4784,178,0.4621212121212121,0.1275852806876175,0.8421985815602837,0.5758865248226951,0.42411347517730497
4962,YKL024C YJR004C,0.0,NA,8.876551715886194e-10,950,6495,4785,178,0.4622018052869117,0.12760241773002015,0.8421985815602837,0.5757978723404256,0.4242021276595745
4963,YLR293C YOR125C,0.0,NA,8.957457553471215e-10,950,6494,4786,178,0.4622823984526112,0.1276195593766792,0.8421985815602837,0.575709219858156,0.42429078014184396
4964,YKL069W YKR076W,0.0,NA,8.958021546767725e-10,950,6493,4787,178,0.4623629916183108,0.12763670562945048,0.8421985815602837,0.5756205673758865,0.4243794326241135
4965,YNL024C YER026C,0.0,NA,8.988194633019475e-10,950,6492,4788,178,0.4624435847840103,0.12765385649019081,0.8421985815602837,0.575531914893617,0.42446808510638295
4966,YNL239W YNL191W,1.0,NA,9.003826018094685e-10,949,6492,4788,179,0.4623629916183108,0.1275366214218519,0.8413120567375887,0.575531914893617,0.42446808510638295
4967,YGR200C YNR051C,0.0,NA,9.005612366941307e-10,949,6491,4789,179,0.4624435847840103,0.12755376344086022,0.8413120567375887,0.5754432624113475,0.4245567375886525
4968,YGR207C YNL036W,0.0,NA,9.066589701234307e-10,949,6490,4790,179,0.46252417794970985,0.1275709100685576,0.8413120567375887,0.575354609929078,0.424645390070922
4969,YLR401C YCL047C,0.0,NA,9.082842811203307e-10,949,6489,4791,179,0.46260477111540943,0.1275880613068029,0.8413120567375887,0.5752659574468085,0.42473404255319147
4970,YPR107C YCR021C,0.0,NA,9.087763874759958e-10,949,6488,4792,179,0.46268536428110896,0.12760521715745596,0.8413120567375887,0.575177304964539,0.424822695035461
4971,YBL097W YJL019W,0.0,NA,9.13123576751218e-10,949,6487,4793,179,0.4627659574468085,0.12762237762237763,0.8413120567375887,0.5750886524822695,0.4249113475177305
4972,YFL031W YKL161C,0.0,NA,9.13177589101366e-10,949,6486,4794,179,0.46284655061250807,0.12763954270342973,0.8413120567375887,0.575,0.425
4973,YMR060C YDR501W,0.0,NA,9.133901412994305e-10,949,6485,4795,179,0.4629271437782076,0.12765671240247511,0.8413120567375887,0.5749113475177305,0.4250886524822695
4974,YOL153C YBL057C,0.0,NA,9.14320896772125e-10,949,6484,4796,179,0.4630077369439072,0.12767388672137764,0.8413120567375887,0.574822695035461,0.425177304964539
4975,YGR059W YIL009C-A,0.0,NA,9.152352209440551e-10,949,6483,4797,179,0.4630883301096067,0.12769106566200214,0.8413120567375887,0.5747340425531915,0.4252659574468085
4976,YML022W YLR224W,0.0,NA,9.183022120495821e-10,949,6482,4798,179,0.46316892327530623,0.12770824922621452,0.8413120567375887,0.574645390070922,0.42535460992907803
4977,YLR293C YLR430W,0.0,NA,9.193221739423052e-10,949,6481,4799,179,0.4632495164410058,0.12772543741588155,0.8413120567375887,0.5745567375886524,0.4254432624113475
4978,YGR264C YLR341W,0.0,NA,9.221549079896363e-10,949,6480,4800,179,0.46333010960670534,0.1277426302328712,0.8413120567375887,0.574468085106383,0.425531914893617
4979,YNL044W YKL052C,0.0,NA,9.282270507782187e-10,949,6479,4801,179,0.4634107027724049,0.12775982767905222,0.8413120567375887,0.5743794326241135,0.42562056737588655
4980,YHR138C YMR101C,0.0,NA,9.378118281944126e-10,949,6478,4802,179,0.46349129593810445,0.1277770297562946,0.8413120567375887,0.574290780141844,0.425709219858156
4981,YJR144W YLR223C,0.0,NA,9.416367685588511e-10,949,6477,4803,179,0.463571889103804,0.12779423646646917,0.8413120567375887,0.5742021276595745,0.42579787234042554
4982,YGR134W YHR068W,0.0,NA,9.429218517098548e-10,949,6476,4804,179,0.46365248226950356,0.12781144781144782,0.8413120567375887,0.5741134751773049,0.425886524822695
4983,YDR385W YDL143W,0.0,NA,9.46798306422636e-10,949,6475,4805,179,0.4637330754352031,0.12782866379310345,0.8413120567375887,0.5740248226950354,0.42597517730496454
4984,YBR248C YER056C,0.0,NA,9.48077727436214e-10,949,6474,4806,179,0.4638136686009026,0.12784588441331,0.8413120567375887,0.573936170212766,0.42606382978723406
4985,YOR065W YDR330W,0.0,NA,9.48128353606137e-10,949,6473,4807,179,0.4638942617666022,0.12786310967394232,0.8413120567375887,0.5738475177304965,0.42615248226950353
4986,YGR134W YHR084W,0.0,NA,9.494766084472417e-10,949,6472,4808,179,0.46397485493230173,0.12788033957687645,0.8413120567375887,0.573758865248227,0.42624113475177305
4987,YKL019W YCR068W,0.0,NA,9.498007935704322e-10,949,6471,4809,179,0.4640554480980013,0.12789757412398922,0.8413120567375887,0.5736702127659574,0.4263297872340426
4988,YJR057W YPR010C,0.0,NA,9.563705383186516e-10,949,6470,4810,179,0.46413604126370084,0.12791481331715865,0.8413120567375887,0.5735815602836879,0.42641843971631205
4989,YFR036W YPR185W,0.0,NA,9.578602355730936e-10,949,6469,4811,179,0.46421663442940037,0.1279320571582637,0.8413120567375887,0.5734929078014185,0.42650709219858157
4990,YBR220C YLR283W,0.0,NA,9.605184425609536e-10,949,6468,4812,179,0.46429722759509995,0.1279493056491843,0.8413120567375887,0.573404255319149,0.42659574468085104
4991,YGR098C YER160C,1.0,NA,9.619356422518877e-10,948,6468,4812,180,0.46421663442940037,0.127831715210356,0.8404255319148937,0.573404255319149,0.42659574468085104
4992,YDL188C YNL036W,0.0,NA,9.654242960621673e-10,948,6467,4813,180,0.46429722759509995,0.12784895482130815,0.8404255319148937,0.5733156028368794,0.42668439716312057
4993,YLR088W YER078C,1.0,NA,9.662607380889199e-10,947,6467,4813,181,0.46421663442940037,0.12773131912597788,0.8395390070921985,0.5733156028368794,0.42668439716312057
4994,YNL297C YBR302C,0.0,NA,9.672822542938775e-10,947,6466,4814,181,0.46429722759509995,0.12774854984486714,0.8395390070921985,0.5732269503546099,0.4267730496453901
4995,YPL115C YIL101C,0.0,NA,9.673468692739107e-10,947,6465,4815,181,0.4643778207607995,0.12776578521316784,0.8395390070921985,0.5731382978723404,0.42686170212765956
4996,YDR315C YIL144W,0.0,NA,9.694802738380304e-10,947,6464,4816,181,0.46445841392649906,0.1277830252327621,0.8395390070921985,0.573049645390071,0.4269503546099291
4997,YDR027C YDL125C,0.0,NA,9.707700199257374e-10,947,6463,4817,181,0.4645390070921986,0.12780026990553306,0.8395390070921985,0.5729609929078014,0.4270390070921986
4998,YMR031C YBR029C,0.0,NA,9.716424331784879e-10,947,6462,4818,181,0.4646196002578981,0.12781751923336482,0.8395390070921985,0.5728723404255319,0.4271276595744681
4999,YMR267W YLR137W,0.0,NA,9.755161123337075e-10,947,6461,4819,181,0.4647001934235977,0.12783477321814254,0.8395390070921985,0.5727836879432624,0.4272163120567376
5000,YLR144C YCR068W,0.0,NA,9.779863585634985e-10,947,6460,4820,181,0.4647807865892972,0.1278520318617524,0.8395390070921985,0.5726950354609929,0.42730496453900707
5001,YOR339C YNR051C,0.0,NA,9.783184262701639e-10,947,6459,4821,181,0.46486137975499675,0.12786929516608156,0.8395390070921985,0.5726063829787233,0.4273936170212766
5002,YGR206W YOR213C,0.0,NA,9.80380665538405e-10,947,6458,4822,181,0.46494197292069633,0.12788656313301824,0.8395390070921985,0.5725177304964539,0.4274822695035461
5003,YDR044W YMR203W,0.0,NA,9.80822090212996e-10,947,6457,4823,181,0.46502256608639586,0.12790383576445163,0.8395390070921985,0.5724290780141844,0.4275709219858156
5004,YGL192W YBL098W,0.0,NA,9.810391388143103e-10,947,6456,4824,181,0.46510315925209544,0.12792111306227205,0.8395390070921985,0.5723404255319149,0.4276595744680851
5005,YLR088W YJL172W,1.0,NA,9.811008672144794e-10,946,6456,4824,182,0.46502256608639586,0.12780329640637667,0.8386524822695035,0.5723404255319149,0.4276595744680851
5006,YOR273C YPL016W,0.0,NA,9.814640211658343e-10,946,6455,4825,182,0.46510315925209544,0.1278205647885421,0.8386524822695035,0.5722517730496454,0.42774822695035464
5007,YGL192W YBR268W,0.0,NA,9.851305327046589e-10,946,6454,4826,182,0.46518375241779497,0.12783783783783784,0.8386524822695035,0.5721631205673758,0.4278368794326241
5008,YJL066C YOL055C,0.0,NA,9.87521620032794e-10,946,6453,4827,182,0.4652643455834945,0.12785511555615622,0.8386524822695035,0.5720744680851064,0.42792553191489363
5009,YDR317W YNL178W,0.0,NA,9.8789654234821e-10,946,6452,4828,182,0.4653449387491941,0.12787239794539065,0.8386524822695035,0.5719858156028369,0.4280141843971631
5010,YMR220W YIL067C,0.0,NA,9.909235654248505e-10,946,6451,4829,182,0.4654255319148936,0.12788968500743544,0.8386524822695035,0.5718971631205674,0.4281028368794326
5011,YDR257C YJR152W,0.0,NA,9.962792812956422e-10,946,6450,4830,182,0.4655061250805932,0.12790697674418605,0.8386524822695035,0.5718085106382979,0.42819148936170215
5012,YCR105W YML048W,0.0,NA,9.988897486934434e-10,946,6449,4831,182,0.4655867182462927,0.12792427315753888,0.8386524822695035,0.5717198581560283,0.4282801418439716
5013,YDR447C YGR183C,0.0,NA,9.992251470691826e-10,946,6448,4832,182,0.46566731141199225,0.1279415742493914,0.8386524822695035,0.5716312056737589,0.42836879432624114
5014,YGL205W YNR031C,0.0,NA,1.0000011929633956e-09,946,6447,4833,182,0.46574790457769183,0.1279588800216421,0.8386524822695035,0.5715425531914894,0.4284574468085106
5015,YKR063C YJR014W,0.0,NA,1.0014536977465127e-09,946,6446,4834,182,0.46582849774339136,0.12797619047619047,0.8386524822695035,0.5714539007092199,0.42854609929078014
5016,YHR057C YGL009C,0.0,NA,1.0092426894203754e-09,946,6445,4835,182,0.4659090909090909,0.12799350561493708,0.8386524822695035,0.5713652482269503,0.42863475177304966
5017,YGL205W YEL018W,0.0,NA,1.012308126213668e-09,946,6444,4836,182,0.46598968407479047,0.12801082543978348,0.8386524822695035,0.5712765957446808,0.42872340425531913
5018,YGR056W YLR142W,0.0,NA,1.0143529349804226e-09,946,6443,4837,182,0.46607027724049,0.1280281499526323,0.8386524822695035,0.5711879432624114,0.42881205673758865
5019,YKL180W YIL013C,0.0,NA,1.0145193574118139e-09,946,6442,4838,182,0.4661508704061896,0.1280454791553871,0.8386524822695035,0.5710992907801419,0.4289007092198582
5020,YNL271C YBL107C,0.0,NA,1.0202126921043941e-09,946,6441,4839,182,0.4662314635718891,0.12806281304995262,0.8386524822695035,0.5710106382978724,0.42898936170212765
5021,YNL297C YJL011C,0.0,NA,1.036500107964855e-09,946,6440,4840,182,0.46631205673758863,0.1280801516382345,0.8386524822695035,0.5709219858156028,0.42907801418439717
5022,YIL051C YIR014W,0.0,NA,1.037962160665984e-09,946,6439,4841,182,0.4663926499032882,0.12809749492213948,0.8386524822695035,0.5708333333333333,0.42916666666666664
5023,YPL130W YOR388C,0.0,NA,1.0479401790775e-09,946,6438,4842,182,0.46647324306898774,0.1281148429035753,0.8386524822695035,0.5707446808510638,0.42925531914893617
5024,YNL201C YML100W,0.0,NA,1.053933718075939e-09,946,6437,4843,182,0.4665538362346873,0.12813219558445077,0.8386524822695035,0.5706560283687944,0.4293439716312057
5025,YGR082W YMR260C,0.0,NA,1.0563144803299451e-09,946,6436,4844,182,0.46663442940038685,0.12814955296667568,0.8386524822695035,0.5705673758865248,0.42943262411347516
5026,YPL241C YDR165W,0.0,NA,1.0598097954783725e-09,946,6435,4845,182,0.4667150225660864,0.12816691505216096,0.8386524822695035,0.5704787234042553,0.4295212765957447
5027,YNL053W YHR176W,0.0,NA,1.0615355261478499e-09,946,6434,4846,182,0.46679561573178596,0.12818428184281844,0.8386524822695035,0.5703900709219858,0.4296099290780142
5028,YKL146W YNL007C,0.0,NA,1.0656231452799148e-09,946,6433,4847,182,0.4668762088974855,0.12820165334056105,0.8386524822695035,0.5703014184397163,0.4296985815602837
5029,YDR067C YML128C,0.0,NA,1.0691900698134305e-09,946,6432,4848,182,0.466956802063185,0.1282190295473028,0.8386524822695035,0.5702127659574469,0.4297872340425532
5030,YCR068W YHR102W,0.0,NA,1.0736674882494412e-09,946,6431,4849,182,0.4670373952288846,0.12823641046495865,0.8386524822695035,0.5701241134751773,0.42987588652482267
5031,YER151C YDR533C,1.0,NA,1.0744480860580552e-09,945,6431,4849,183,0.466956802063185,0.1281182212581345,0.8377659574468085,0.5701241134751773,0.42987588652482267
5032,YJR134C YDR346C,0.0,NA,1.0768115288328772e-09,945,6430,4850,183,0.4670373952288846,0.128135593220339,0.8377659574468085,0.5700354609929078,0.4299645390070922
5033,YKL132C YBR168W,0.0,NA,1.0771442626733574e-09,945,6429,4851,183,0.4671179883945841,0.12815296989422295,0.8377659574468085,0.5699468085106383,0.4300531914893617
5034,YOR075W YLR238W,0.0,NA,1.0800099703445198e-09,945,6428,4852,183,0.4671985815602837,0.1281703512817035,0.8377659574468085,0.5698581560283688,0.4301418439716312
5035,YDR139C YGL236C,0.0,NA,1.0832014174511073e-09,945,6427,4853,183,0.46727917472598324,0.12818773738469885,0.8377659574468085,0.5697695035460993,0.4302304964539007
5036,YML011C YDR359C,0.0,NA,1.083486522723831e-09,945,6426,4854,183,0.46735976789168276,0.1282051282051282,0.8377659574468085,0.5696808510638298,0.43031914893617024
5037,YNL072W YER070W,0.0,NA,1.0847086562293384e-09,945,6425,4855,183,0.46744036105738235,0.1282225237449118,0.8377659574468085,0.5695921985815603,0.4304078014184397
5038,YDR364C YCR076C,0.0,NA,1.0897290847466934e-09,945,6424,4856,183,0.4675209542230819,0.12823992400597095,0.8377659574468085,0.5695035460992908,0.43049645390070923
5039,YLR037C YBR181C,0.0,NA,1.0899618985149573e-09,945,6423,4857,183,0.46760154738878146,0.12825732899022801,0.8377659574468085,0.5694148936170212,0.4305851063829787
5040,YMR272C YOR195W,0.0,NA,1.0903320468713673e-09,945,6422,4858,183,0.467682140554481,0.12827473869960634,0.8377659574468085,0.5693262411347517,0.4306737588652482
5041,YDR227W YBR183W,0.0,NA,1.0913806525181258e-09,945,6421,4859,183,0.4677627337201805,0.1282921531360304,0.8377659574468085,0.5692375886524823,0.43076241134751775
5042,YER059W YBR276C,0.0,NA,1.093472645763427e-09,945,6420,4860,183,0.4678433268858801,0.12830957230142567,0.8377659574468085,0.5691489361702128,0.4308510638297872
5043,YLR057W YMR221C,0.0,NA,1.0950212958604766e-09,945,6419,4861,183,0.4679239200515796,0.12832699619771862,0.8377659574468085,0.5690602836879433,0.43093971631205674
5044,YLR307W YOR090C,0.0,NA,1.0990218735074109e-09,945,6418,4862,183,0.46800451321727915,0.1283444248268369,0.8377659574468085,0.5689716312056737,0.43102836879432627
5045,YNR055C YDR330W,0.0,NA,1.1018302936705027e-09,945,6417,4863,183,0.46808510638297873,0.12836185819070906,0.8377659574468085,0.5688829787234042,0.43111702127659574
5046,YDR533C YBR074W,1.0,NA,1.1019606338535937e-09,944,6417,4863,184,0.46800451321727915,0.12824344518407826,0.8368794326241135,0.5688829787234042,0.43111702127659574
5047,YLR189C YKL132C,0.0,NA,1.1020445667142553e-09,944,6416,4864,184,0.46808510638297873,0.1282608695652174,0.8368794326241135,0.5687943262411348,0.43120567375886526
5048,YMR156C YNL126W,0.0,NA,1.1043466141558156e-09,944,6415,4865,184,0.46816569954867826,0.12827829868188612,0.8368794326241135,0.5687056737588653,0.43129432624113473
5049,YNL001W YML023C,0.0,NA,1.1049828829712283e-09,944,6414,4866,184,0.46824629271437784,0.12829573253601523,0.8368794326241135,0.5686170212765957,0.43138297872340425
5050,YOR294W YHR083W,0.0,NA,1.1052969650648947e-09,944,6413,4867,184,0.46832688588007737,0.1283131711295365,0.8368794326241135,0.5685283687943262,0.4314716312056738
5051,YDR362C YGR213C,0.0,NA,1.1059380078393133e-09,944,6412,4868,184,0.4684074790457769,0.12833061446438282,0.8368794326241135,0.5684397163120567,0.43156028368794325
5052,YHR037W YJL151C,0.0,NA,1.1100548258369258e-09,944,6411,4869,184,0.4684880722114765,0.1283480625424881,0.8368794326241135,0.5683510638297873,0.43164893617021277
5053,YGR249W YNL242W,0.0,NA,1.1166974012155606e-09,944,6410,4870,184,0.468568665377176,0.12836551536578733,0.8368794326241135,0.5682624113475178,0.4317375886524823
5054,YLL019C YBR207W,0.0,NA,1.119407788685578e-09,944,6409,4871,184,0.4686492585428756,0.1283829729362165,0.8368794326241135,0.5681737588652482,0.43182624113475176
5055,YNL310C YNL124W,0.0,NA,1.1214166262263348e-09,944,6408,4872,184,0.4687298517085751,0.12840043525571274,0.8368794326241135,0.5680851063829787,0.4319148936170213
5056,YBR181C YOL070C,0.0,NA,1.121510773138823e-09,944,6407,4873,184,0.46881044487427465,0.1284179023262141,0.8368794326241135,0.5679964539007092,0.43200354609929076
5057,YOR119C YNL148C,0.0,NA,1.1231419128066022e-09,944,6406,4874,184,0.46889103803997423,0.12843537414965986,0.8368794326241135,0.5679078014184397,0.4320921985815603
5058,YNL309W YOL111C,0.0,NA,1.1268498356642453e-09,944,6405,4875,184,0.46897163120567376,0.1284528507279902,0.8368794326241135,0.5678191489361702,0.4321808510638298
5059,YCR076C YPL190C,0.0,NA,1.128551141427181e-09,944,6404,4876,184,0.4690522243713733,0.12847033206314643,0.8368794326241135,0.5677304964539007,0.4322695035460993
5060,YDR385W YMR156C,0.0,NA,1.1304146507740143e-09,944,6403,4877,184,0.46913281753707287,0.12848781815707092,0.8368794326241135,0.5676418439716312,0.4323581560283688
5061,YOR316C YFL054C,0.0,NA,1.1323935122931061e-09,944,6402,4878,184,0.4692134107027724,0.12850530901170706,0.8368794326241135,0.5675531914893617,0.4324468085106383
5062,YMR235C YBL008W,0.0,NA,1.1328666893462014e-09,944,6401,4879,184,0.469294003868472,0.12852280462899932,0.8368794326241135,0.5674645390070922,0.4325354609929078
5063,YJL019W YHR136C,0.0,NA,1.1354126527862718e-09,944,6400,4880,184,0.4693745970341715,0.12854030501089325,0.8368794326241135,0.5673758865248227,0.4326241134751773
5064,YDR460W YCR040W,0.0,NA,1.135865401735714e-09,944,6399,4881,184,0.46945519019987103,0.12855781015933543,0.8368794326241135,0.5672872340425532,0.4327127659574468
5065,YOR347C YDR316W,0.0,NA,1.13736564610889e-09,944,6398,4882,184,0.4695357833655706,0.1285753200762735,0.8368794326241135,0.5671985815602837,0.4328014184397163
5066,YKL051W YMR196W,0.0,NA,1.1376650732586313e-09,944,6397,4883,184,0.46961637653127014,0.12859283476365618,0.8368794326241135,0.5671099290780142,0.43289007092198584
5067,YOR393W YNL178W,0.0,NA,1.1411813716222241e-09,944,6396,4884,184,0.4696969696969697,0.12861035422343325,0.8368794326241135,0.5670212765957446,0.4329787234042553
5068,YPR186C YJR134C,0.0,NA,1.1420131507122733e-09,944,6395,4885,184,0.46977756286266925,0.12862787845755552,0.8368794326241135,0.5669326241134752,0.43306737588652483
5069,YLR360W YBR187W,0.0,NA,1.1420436818454505e-09,944,6394,4886,184,0.4698581560283688,0.12864540746797493,0.8368794326241135,0.5668439716312057,0.4331560283687943
5070,YGL192W YJL165C,0.0,NA,1.146356121140002e-09,944,6393,4887,184,0.46993874919406836,0.1286629412566444,0.8368794326241135,0.5667553191489362,0.4332446808510638
5071,YGL192W YPL249C,0.0,NA,1.1506650077208747e-09,944,6392,4888,184,0.4700193423597679,0.128680479825518,0.8368794326241135,0.5666666666666667,0.43333333333333335
5072,YLR375W YPR118W,0.0,NA,1.1516179121429104e-09,944,6391,4889,184,0.4700999355254674,0.1286980231765508,0.8368794326241135,0.5665780141843971,0.4334219858156028
5073,YIL115C YOL003C,0.0,NA,1.152866246911799e-09,944,6390,4890,184,0.470180528691167,0.12871557131169895,0.8368794326241135,0.5664893617021277,0.43351063829787234
5074,YOR119C YCR033W,0.0,NA,1.1543712652439808e-09,944,6389,4891,184,0.4702611218568665,0.1287331242329197,0.8368794326241135,0.5664007092198582,0.43359929078014187
5075,YJR125C YML124C,0.0,NA,1.1567450330929319e-09,944,6388,4892,184,0.4703417150225661,0.1287506819421713,0.8368794326241135,0.5663120567375887,0.43368794326241134
5076,YIL051C YNR075W,0.0,NA,1.161019946849251e-09,944,6387,4893,184,0.47042230818826564,0.1287682444414132,0.8368794326241135,0.5662234042553191,0.43377659574468086
5077,YDL241W YER025W,0.0,NA,1.1626664075947701e-09,944,6386,4894,184,0.47050290135396516,0.12878581173260573,0.8368794326241135,0.5661347517730496,0.43386524822695033
5078,YKL061W YKR056W,0.0,NA,1.1649727849061264e-09,944,6385,4895,184,0.47058349451966475,0.12880338381771048,0.8368794326241135,0.5660460992907801,0.43395390070921985
5079,YER139C YBL079W,0.0,NA,1.1659776477657147e-09,944,6384,4896,184,0.4706640876853643,0.12882096069868995,0.8368794326241135,0.5659574468085107,0.4340425531914894
5080,YJL221C YAL042W,0.0,NA,1.1663155996544106e-09,944,6383,4897,184,0.47074468085106386,0.12883854237750786,0.8368794326241135,0.5658687943262412,0.43413120567375885
5081,YMR244C-A YLR316C,0.0,NA,1.166533647456447e-09,944,6382,4898,184,0.4708252740167634,0.12885612885612885,0.8368794326241135,0.5657801418439716,0.43421985815602837
5082,YDR219C YKL085W,0.0,NA,1.166582608291833e-09,944,6381,4899,184,0.4709058671824629,0.12887372013651877,0.8368794326241135,0.5656914893617021,0.4343085106382979
5083,YLR362W YIL026C,0.0,NA,1.1688210399540822e-09,944,6380,4900,184,0.4709864603481625,0.12889131622064445,0.8368794326241135,0.5656028368794326,0.43439716312056736
5084,YLR147C YNL148C,0.0,NA,1.1718166437191258e-09,944,6379,4901,184,0.471067053513862,0.12890891711047384,0.8368794326241135,0.5655141843971632,0.4344858156028369
5085,YBR104W YBR248C,0.0,NA,1.1756784434879819e-09,944,6378,4902,184,0.47114764667956155,0.12892652280797595,0.8368794326241135,0.5654255319148936,0.43457446808510636
5086,YHR197W YOR264W,0.0,NA,1.1795012744286737e-09,944,6377,4903,184,0.47122823984526113,0.1289441333151209,0.8368794326241135,0.5653368794326241,0.4346631205673759
5087,YLR037C YKL101W,0.0,NA,1.1803564792245425e-09,944,6376,4904,184,0.47130883301096066,0.12896174863387977,0.8368794326241135,0.5652482269503546,0.4347517730496454
5088,YDR257C YBR176W,0.0,NA,1.1808811706259803e-09,944,6375,4905,184,0.47138942617666024,0.1289793687662249,0.8368794326241135,0.5651595744680851,0.4348404255319149
5089,YNR050C YNR047W,0.0,NA,1.1810276090429284e-09,944,6374,4906,184,0.47147001934235977,0.12899699371412954,0.8368794326241135,0.5650709219858157,0.4349290780141844
5090,YDR191W YDR528W,0.0,NA,1.1919103481972115e-09,944,6373,4907,184,0.4715506125080593,0.12901462347956813,0.8368794326241135,0.5649822695035461,0.4350177304964539
5091,YDL198C YML002W,0.0,NA,1.1967830060299889e-09,944,6372,4908,184,0.4716312056737589,0.12903225806451613,0.8368794326241135,0.5648936170212766,0.4351063829787234
5092,YPR127W YOR337W,0.0,NA,1.1990656245686182e-09,944,6371,4909,184,0.4717117988394584,0.1290498974709501,0.8368794326241135,0.5648049645390071,0.4351950354609929
5093,YEL020C YNL118C,0.0,NA,1.204760069484223e-09,944,6370,4910,184,0.471792392005158,0.1290675417008477,0.8368794326241135,0.5647163120567376,0.4352836879432624
5094,YBR201W YKL009W,0.0,NA,1.2091179169004818e-09,944,6369,4911,184,0.4718729851708575,0.1290851907561876,0.8368794326241135,0.564627659574468,0.4353723404255319
5095,YJL109C YJR057W,0.0,NA,1.2111490699240335e-09,944,6368,4912,184,0.47195357833655704,0.12910284463894967,0.8368794326241135,0.5645390070921986,0.43546099290780144
5096,YML004C YGL196W,0.0,NA,1.2143017702470615e-09,944,6367,4913,184,0.4720341715022566,0.12912050335111475,0.8368794326241135,0.5644503546099291,0.4355496453900709
5097,YLR274W YDR451C,0.0,NA,1.2176532004914975e-09,944,6366,4914,184,0.47211476466795615,0.12913816689466484,0.8368794326241135,0.5643617021276596,0.43563829787234043
5098,YJL011C YFR039C,0.0,NA,1.2188102749277618e-09,944,6365,4915,184,0.4721953578336557,0.12915583527158297,0.8368794326241135,0.56427304964539,0.43572695035460995
5099,YOR080W YBR299W,0.0,NA,1.2243088765018229e-09,944,6364,4916,184,0.47227595099935527,0.1291735084838533,0.8368794326241135,0.5641843971631205,0.4358156028368794
5100,YPL145C YNL127W,0.0,NA,1.224906842622886e-09,944,6363,4917,184,0.4723565441650548,0.12919118653346107,0.8368794326241135,0.5640957446808511,0.43590425531914895
5101,YPR056W YMR325W,0.0,NA,1.2260522597173917e-09,944,6362,4918,184,0.4724371373307544,0.12920886942239254,0.8368794326241135,0.5640070921985816,0.4359929078014184
5102,YDR137W YMR124W,0.0,NA,1.227470236564443e-09,944,6361,4919,184,0.4725177304964539,0.12922655715263517,0.8368794326241135,0.5639184397163121,0.43608156028368794
5103,YHR200W YFR018C,1.0,NA,1.229156998405756e-09,943,6361,4919,185,0.4724371373307544,0.12910733844468783,0.8359929078014184,0.5639184397163121,0.43608156028368794
5104,YPR010C YNL149C,0.0,NA,1.2298980722746933e-09,943,6360,4920,185,0.4725177304964539,0.1291250171162536,0.8359929078014184,0.5638297872340425,0.43617021276595747
5105,YGR142W YPL063W,0.0,NA,1.2317996622712712e-09,943,6359,4921,185,0.47259832366215343,0.12914270062996439,0.8359929078014184,0.563741134751773,0.43625886524822693
5106,YBL030C YDL105W,0.0,NA,1.234073732092611e-09,943,6358,4922,185,0.472678916827853,0.12916038898780988,0.8359929078014184,0.5636524822695036,0.43634751773049646
5107,YCR031C YML098W,0.0,NA,1.2341985211605788e-09,943,6357,4923,185,0.47275950999355254,0.1291780821917808,0.8359929078014184,0.5635638297872341,0.436436170212766
5108,YJL091C YBL098W,0.0,NA,1.2342737942816484e-09,943,6356,4924,185,0.4728401031592521,0.12919578024386902,0.8359929078014184,0.5634751773049645,0.43652482269503545
5109,YOR156C YBL098W,0.0,NA,1.2345752198328341e-09,943,6355,4925,185,0.47292069632495165,0.12921348314606743,0.8359929078014184,0.563386524822695,0.436613475177305
5110,YDR171W YLR387C,0.0,NA,1.2368708279808516e-09,943,6354,4926,185,0.4730012894906512,0.12923119090037002,0.8359929078014184,0.5632978723404255,0.43670212765957445
5111,YGR188C YDR471W,0.0,NA,1.2391376813525312e-09,943,6353,4927,185,0.47308188265635076,0.12924890350877194,0.8359929078014184,0.563209219858156,0.43679078014184397
5112,YBR220C YDR060W,0.0,NA,1.239960467636081e-09,943,6352,4928,185,0.4731624758220503,0.12926662097326935,0.8359929078014184,0.5631205673758866,0.4368794326241135
5113,YML100W YHR105W,0.0,NA,1.244009006917679e-09,943,6351,4929,185,0.4732430689877498,0.1292843432958596,0.8359929078014184,0.563031914893617,0.43696808510638296
5114,YPL038W YGL134W,0.0,NA,1.2440777297229033e-09,943,6350,4930,185,0.4733236621534494,0.12930207047854106,0.8359929078014184,0.5629432624113475,0.4370567375886525
5115,YDR533C YKL134C,1.0,NA,1.2463434728715583e-09,942,6350,4930,186,0.4732430689877498,0.12918266593527153,0.8351063829787234,0.5629432624113475,0.4370567375886525
5116,YDL088C YPR021C,0.0,NA,1.2477897604057375e-09,942,6349,4931,186,0.4733236621534494,0.12920038403511178,0.8351063829787234,0.562854609929078,0.437145390070922
5117,YGL215W YLR075W,0.0,NA,1.2492066270297641e-09,942,6348,4932,186,0.4734042553191489,0.12921810699588476,0.8351063829787234,0.5627659574468085,0.4372340425531915
5118,YKL137W YML080W,0.0,NA,1.2554050021762464e-09,942,6347,4933,186,0.4734848484848485,0.12923583481959117,0.8351063829787234,0.562677304964539,0.437322695035461
5119,YDL143W YHR021W-A,0.0,NA,1.255807235978068e-09,942,6346,4934,186,0.47356544165054804,0.12925356750823272,0.8351063829787234,0.5625886524822695,0.4374113475177305
5120,YPR166C YDR362C,0.0,NA,1.257211668104219e-09,942,6345,4935,186,0.47364603481624756,0.12927130506381226,0.8351063829787234,0.5625,0.4375
5121,YHR107C YGL216W,0.0,NA,1.2605083643535409e-09,942,6344,4936,186,0.47372662798194715,0.12928904748833378,0.8351063829787234,0.5624113475177305,0.4375886524822695
5122,YBL030C YDR234W,0.0,NA,1.2612034749892587e-09,942,6343,4937,186,0.4738072211476467,0.12930679478380233,0.8351063829787234,0.562322695035461,0.437677304964539
5123,YHL043W YBR228W,0.0,NA,1.262052795603097e-09,942,6342,4938,186,0.4738878143133462,0.12932454695222406,0.8351063829787234,0.5622340425531915,0.4377659574468085
5124,YPL167C YOR272W,0.0,NA,1.2688521344728088e-09,942,6341,4939,186,0.4739684074790458,0.1293423039956062,0.8351063829787234,0.562145390070922,0.437854609929078
5125,YNR050C YDR460W,0.0,NA,1.2725117626288807e-09,942,6340,4940,186,0.4740490006447453,0.12936006591595717,0.8351063829787234,0.5620567375886525,0.4379432624113475
5126,YOR116C YDR007W,0.0,NA,1.273028904513751e-09,942,6339,4941,186,0.4741295938104449,0.12937783271528636,0.8351063829787234,0.561968085106383,0.43803191489361704
5127,YLR293C YCR034W,0.0,NA,1.273337324469992e-09,942,6338,4942,186,0.4742101869761444,0.1293956043956044,0.8351063829787234,0.5618794326241134,0.4381205673758865
5128,YKR066C YGR183C,0.0,NA,1.276216132772845e-09,942,6337,4943,186,0.47429078014184395,0.12941338095892294,0.8351063829787234,0.561790780141844,0.43820921985815603
5129,YMR078C YLR297W,0.0,NA,1.2765033474693155e-09,942,6336,4944,186,0.47437137330754353,0.12943116240725475,0.8351063829787234,0.5617021276595745,0.43829787234042555
5130,YGL245W YJL096W,0.0,NA,1.2790355441438805e-09,942,6335,4945,186,0.47445196647324306,0.1294489487426137,0.8351063829787234,0.561613475177305,0.438386524822695
5131,YML128C YOL123W,0.0,NA,1.286546980061587e-09,942,6334,4946,186,0.47453255963894264,0.12946673996701485,0.8351063829787234,0.5615248226950355,0.43847517730496455
5132,YDR317W YBR245C,0.0,NA,1.2878408339744851e-09,942,6333,4947,186,0.47461315280464217,0.12948453608247423,0.8351063829787234,0.5614361702127659,0.438563829787234
5133,YLR208W YDR087C,0.0,NA,1.29523858305447e-09,942,6332,4948,186,0.4746937459703417,0.12950233709100908,0.8351063829787234,0.5613475177304964,0.43865248226950354
5134,YML076C YDL238C,0.0,NA,1.2984515684877351e-09,942,6331,4949,186,0.4747743391360413,0.1295201429946377,0.8351063829787234,0.561258865248227,0.43874113475177307
5135,YNL201C YBR155W,0.0,NA,1.3018812694554072e-09,942,6330,4950,186,0.4748549323017408,0.12953795379537955,0.8351063829787234,0.5611702127659575,0.43882978723404253
5136,YMR202W YOR272W,0.0,NA,1.3026487666323305e-09,942,6329,4951,186,0.47493552546744033,0.12955576949525513,0.8351063829787234,0.5610815602836879,0.43891843971631206
5137,YDR385W YOL003C,0.0,NA,1.3064284098973644e-09,942,6328,4952,186,0.4750161186331399,0.1295735900962861,0.8351063829787234,0.5609929078014184,0.4390070921985816
5138,YKR024C YGR229C,0.0,NA,1.3117542607687938e-09,942,6327,4953,186,0.47509671179883944,0.12959141560049525,0.8351063829787234,0.5609042553191489,0.43909574468085105
5139,YLL042C YDR090C,0.0,NA,1.3138525822853353e-09,942,6326,4954,186,0.475177304964539,0.12960924600990645,0.8351063829787234,0.5608156028368795,0.4391843971631206
5140,YNL310C YJL143W,0.0,NA,1.3141208121680847e-09,942,6325,4955,186,0.47525789813023855,0.12962708132654466,0.8351063829787234,0.56072695035461,0.43927304964539005
5141,YIL013C YGR213C,0.0,NA,1.3178833579985394e-09,942,6324,4956,186,0.4753384912959381,0.129644921552436,0.8351063829787234,0.5606382978723404,0.43936170212765957
5142,YER163C YDR312W,0.0,NA,1.3291547862337438e-09,942,6323,4957,186,0.47541908446163766,0.12966276668960772,0.8351063829787234,0.5605496453900709,0.4394503546099291
5143,YMR264W YJL151C,0.0,NA,1.3340006876916277e-09,942,6322,4958,186,0.4754996776273372,0.1296806167400881,0.8351063829787234,0.5604609929078014,0.43953900709219856
5144,YLR045C YNL016W,0.0,NA,1.341323163650543e-09,942,6321,4959,186,0.4755802707930368,0.12969847170590665,0.8351063829787234,0.560372340425532,0.4396276595744681
5145,YER139C YLR100W,0.0,NA,1.3450917046853306e-09,942,6320,4960,186,0.4756608639587363,0.1297163315890939,0.8351063829787234,0.5602836879432624,0.4397163120567376
5146,YDR488C YHR117W,0.0,NA,1.3454202196783172e-09,942,6319,4961,186,0.47574145712443583,0.1297341963916816,0.8351063829787234,0.5601950354609929,0.4398049645390071
5147,YGR263C YDR347W,0.0,NA,1.345687117293437e-09,942,6318,4962,186,0.4758220502901354,0.12975206611570247,0.8351063829787234,0.5601063829787234,0.4398936170212766
5148,YAL044C YLR045C,0.0,NA,1.3500962570134334e-09,942,6317,4963,186,0.47590264345583494,0.1297699407631905,0.8351063829787234,0.5600177304964539,0.4399822695035461
5149,YML015C YBR169C,0.0,NA,1.3519412256357555e-09,942,6316,4964,186,0.47598323662153447,0.12978782033618078,0.8351063829787234,0.5599290780141843,0.4400709219858156
5150,YLR371W YLL027W,0.0,NA,1.353161471762121e-09,942,6315,4965,186,0.47606382978723405,0.1298057048367094,0.8351063829787234,0.5598404255319149,0.4401595744680851
5151,YGR106C YJL201W,0.0,NA,1.3552252653425967e-09,942,6314,4966,186,0.4761444229529336,0.12982359426681367,0.8351063829787234,0.5597517730496454,0.4402482269503546
5152,YDR385W YHL011C,0.0,NA,1.3557113209827776e-09,942,6313,4967,186,0.47622501611863316,0.12984148862853204,0.8351063829787234,0.5596631205673759,0.4403368794326241
5153,YPR030W YMR309C,0.0,NA,1.3586933800269207e-09,942,6312,4968,186,0.4763056092843327,0.12985938792390406,0.8351063829787234,0.5595744680851064,0.44042553191489364
5154,YIR021W YJR082C,0.0,NA,1.3609705584727294e-09,942,6311,4969,186,0.4763862024500322,0.12987729215497035,0.8351063829787234,0.5594858156028368,0.4405141843971631
5155,YFR006W YBR074W,1.0,NA,1.3618716154795152e-09,941,6311,4969,187,0.4763056092843327,0.1297573083287369,0.8342198581560284,0.5594858156028368,0.4405141843971631
5156,YKR066C YDR034C,0.0,NA,1.3627576844754685e-09,941,6310,4970,187,0.4763862024500322,0.1297752034202179,0.8342198581560284,0.5593971631205674,0.44060283687943264
5157,YML057W YLR316C,0.0,NA,1.3644249063915481e-09,941,6309,4971,187,0.4764667956157318,0.12979310344827585,0.8342198581560284,0.5593085106382979,0.4406914893617021
5158,YKR078W YDR264C,0.0,NA,1.3663051801060533e-09,941,6308,4972,187,0.4765473887814313,0.1298110084149538,0.8342198581560284,0.5592198581560284,0.44078014184397163
5159,YOR349W YEL061C,0.0,NA,1.3685925726036885e-09,941,6307,4973,187,0.4766279819471309,0.12982891832229582,0.8342198581560284,0.5591312056737588,0.44086879432624115
5160,YGR134W YPL167C,0.0,NA,1.3698592260524833e-09,941,6306,4974,187,0.47670857511283043,0.1298468331723472,0.8342198581560284,0.5590425531914893,0.4409574468085106
5161,YGR207C YER002W,0.0,NA,1.3742295079666178e-09,941,6305,4975,187,0.47678916827852996,0.1298647529671543,0.8342198581560284,0.5589539007092199,0.44104609929078015
5162,YGR144W YJL050W,0.0,NA,1.3873661108831925e-09,941,6304,4976,187,0.47686976144422955,0.12988267770876466,0.8342198581560284,0.5588652482269504,0.44113475177304967
5163,YNL225C YNR032W,0.0,NA,1.3894395634039824e-09,941,6303,4977,187,0.4769503546099291,0.12990060739922696,0.8342198581560284,0.5587765957446809,0.44122340425531914
5164,YBR008C YGR089W,0.0,NA,1.3902693440925873e-09,941,6302,4978,187,0.4770309477756286,0.12991854204059092,0.8342198581560284,0.5586879432624113,0.44131205673758866
5165,YKL209C YMR197C,0.0,NA,1.3915694152544233e-09,941,6301,4979,187,0.4771115409413282,0.12993648163490748,0.8342198581560284,0.5585992907801418,0.44140070921985813
5166,YCR011C YML100W,0.0,NA,1.3949017496628358e-09,941,6300,4980,187,0.4771921341070277,0.1299544261842287,0.8342198581560284,0.5585106382978723,0.44148936170212766
5167,YMR284W YNL185C,0.0,NA,1.3962698774960813e-09,941,6299,4981,187,0.4772727272727273,0.12997237569060774,0.8342198581560284,0.5584219858156029,0.4415780141843972
5168,YDL083C YGL240W,0.0,NA,1.3964029932367339e-09,941,6298,4982,187,0.4773533204384268,0.1299903301560989,0.8342198581560284,0.5583333333333333,0.44166666666666665
5169,YLR307W YGL224C,0.0,NA,1.397202353814464e-09,941,6297,4983,187,0.47743391360412635,0.13000828958275767,0.8342198581560284,0.5582446808510638,0.4417553191489362
5170,YGL094C YNL327W,0.0,NA,1.401643801024477e-09,941,6296,4984,187,0.47751450676982593,0.1300262539726406,0.8342198581560284,0.5581560283687943,0.4418439716312057
5171,YPR056W YDL035C,0.0,NA,1.4031523720703376e-09,941,6295,4985,187,0.47759509993552546,0.1300442233278054,0.8342198581560284,0.5580673758865248,0.44193262411347517
5172,YGR233C YOR061W,0.0,NA,1.412717831605903e-09,941,6294,4986,187,0.47767569310122504,0.130062197650311,0.8342198581560284,0.5579787234042554,0.4420212765957447
5173,YDR074W YAR042W,0.0,NA,1.4210767007583058e-09,941,6293,4987,187,0.47775628626692457,0.1300801769422173,0.8342198581560284,0.5578900709219858,0.44210992907801416
5174,YKR095W YIR021W,0.0,NA,1.4218629607043454e-09,941,6292,4988,187,0.4778368794326241,0.1300981612055855,0.8342198581560284,0.5578014184397163,0.4421985815602837
5175,YNL304W YKL071W,0.0,NA,1.4249253998954714e-09,941,6291,4989,187,0.4779174725983237,0.13011615044247787,0.8342198581560284,0.5577127659574468,0.4422872340425532
5176,YDR060W YER164W,0.0,NA,1.425591422687944e-09,941,6290,4990,187,0.4779980657640232,0.13013414465495782,0.8342198581560284,0.5576241134751773,0.4423758865248227
5177,YML076C YJL143W,0.0,NA,1.426807449966816e-09,941,6289,4991,187,0.47807865892972273,0.1301521438450899,0.8342198581560284,0.5575354609929078,0.4424645390070922
5178,YNL103W YCR065W,0.0,NA,1.433367535774721e-09,941,6288,4992,187,0.4781592520954223,0.1301701480149398,0.8342198581560284,0.5574468085106383,0.4425531914893617
5179,YBL011W YOL070C,0.0,NA,1.4350142185648451e-09,941,6287,4993,187,0.47823984526112184,0.13018815716657442,0.8342198581560284,0.5573581560283688,0.4426418439716312
5180,YKL146W YLR075W,0.0,NA,1.4379212265325236e-09,941,6286,4994,187,0.4783204384268214,0.13020617130206172,0.8342198581560284,0.5572695035460993,0.4427304964539007
5181,YMR145C YLR167W,0.0,NA,1.4405592274613355e-09,941,6285,4995,187,0.47840103159252095,0.1302241904234708,0.8342198581560284,0.5571808510638298,0.4428191489361702
5182,YHL012W YLR203C,0.0,NA,1.4405813208995255e-09,941,6284,4996,187,0.4784816247582205,0.13024221453287196,0.8342198581560284,0.5570921985815603,0.4429078014184397
5183,YDR096W YGR120C,0.0,NA,1.448110298341021e-09,941,6283,4997,187,0.47856221792392006,0.13026024363233665,0.8342198581560284,0.5570035460992908,0.44299645390070924
5184,YLR436C YNL127W,0.0,NA,1.450684017356707e-09,941,6282,4998,187,0.4786428110896196,0.13027827772393744,0.8342198581560284,0.5569148936170213,0.4430851063829787
5185,YBR059C YGR091W,0.0,NA,1.456206377703495e-09,941,6281,4999,187,0.4787234042553192,0.130296316809748,0.8342198581560284,0.5568262411347518,0.44317375886524824
5186,YIL176C YJR057W,0.0,NA,1.458279830224285e-09,941,6280,5000,187,0.4788039974210187,0.13031436089184323,0.8342198581560284,0.5567375886524822,0.4432624113475177
5187,YBL030C YPR185W,0.0,NA,1.4654316649043153e-09,941,6279,5001,187,0.47888459058671823,0.13033240997229917,0.8342198581560284,0.5566489361702127,0.44335106382978723
5188,YLL021W YBR213W,0.0,NA,1.466421539753071e-09,941,6278,5002,187,0.4789651837524178,0.13035046405319295,0.8342198581560284,0.5565602836879433,0.44343971631205675
5189,YLR332W YAL017W,0.0,NA,1.471950339393402e-09,941,6277,5003,187,0.47904577691811734,0.13036852313660294,0.8342198581560284,0.5564716312056738,0.4435283687943262
5190,YGR263C YPL096W,0.0,NA,1.4725457520015084e-09,941,6276,5004,187,0.47912637008381687,0.13038658722460855,0.8342198581560284,0.5563829787234043,0.44361702127659575
5191,YDR315C YLR270W,0.0,NA,1.4751432297899214e-09,941,6275,5005,187,0.47920696324951645,0.13040465631929046,0.8342198581560284,0.5562943262411347,0.44370567375886527
5192,YDR364C YNL051W,0.0,NA,1.4781879054126534e-09,941,6274,5006,187,0.479287556415216,0.13042273042273042,0.8342198581560284,0.5562056737588652,0.44379432624113474
5193,YNL053W YMR173W,0.0,NA,1.478980160563026e-09,941,6273,5007,187,0.47936814958091556,0.13044080953701137,0.8342198581560284,0.5561170212765958,0.44388297872340426
5194,YDL015C YKL002W,0.0,NA,1.4795050740090687e-09,941,6272,5008,187,0.4794487427466151,0.1304588936642174,0.8342198581560284,0.5560283687943263,0.44397163120567373
5195,YGL094C YJL020C,0.0,NA,1.48192258464519e-09,941,6271,5009,187,0.4795293359123146,0.13047698280643372,0.8342198581560284,0.5559397163120567,0.44406028368794326
5196,YBR008C YGL090W,0.0,NA,1.482013067821697e-09,941,6270,5010,187,0.4796099290780142,0.13049507696574678,0.8342198581560284,0.5558510638297872,0.4441489361702128
5197,YJL094C YPR166C,0.0,NA,1.4824088623299758e-09,941,6269,5011,187,0.4796905222437137,0.1305131761442441,0.8342198581560284,0.5557624113475177,0.44423758865248225
5198,YGR165W YBR203W,0.0,NA,1.4866816666625482e-09,941,6268,5012,187,0.4797711154094133,0.13053128034401443,0.8342198581560284,0.5556737588652483,0.4443262411347518
5199,YPL167C YHL011C,0.0,NA,1.4946681670124917e-09,941,6267,5013,187,0.47985170857511283,0.13054938956714762,0.8342198581560284,0.5555851063829788,0.4444148936170213
5200,YDR331W YJL113W,1.0,NA,1.495580881361036e-09,940,6267,5013,188,0.4797711154094133,0.13042874982655753,0.8333333333333334,0.5555851063829788,0.4444148936170213
5201,YGL066W YAL041W,0.0,NA,1.5003923659051566e-09,940,6266,5014,188,0.47985170857511283,0.13044684984734944,0.8333333333333334,0.5554964539007092,0.44450354609929077
5202,YER174C YDR005C,0.0,NA,1.508173586017847e-09,940,6265,5015,188,0.47993230174081236,0.1304649548924358,0.8333333333333334,0.5554078014184397,0.4445921985815603
5203,YMR316C-A YJR074W,0.0,NA,1.5180465773312335e-09,940,6264,5016,188,0.48001289490651194,0.13048306496390893,0.8333333333333334,0.5553191489361702,0.44468085106382976
5204,YLR340W YFL046W,0.0,NA,1.5188140745081569e-09,940,6263,5017,188,0.48009348807221147,0.13050118006386227,0.8333333333333334,0.5552304964539007,0.4447695035460993
5205,YDL188C YHR136C,0.0,NA,1.5222886284860238e-09,940,6262,5018,188,0.480174081237911,0.13051930019439045,0.8333333333333334,0.5551418439716312,0.4448581560283688
5206,YDR060W YHR011W,0.0,NA,1.5235085415454819e-09,940,6261,5019,188,0.4802546744036106,0.13053742535758922,0.8333333333333334,0.5550531914893617,0.4449468085106383
5207,YDL001W YDL241W,0.0,NA,1.5271948150541448e-09,940,6260,5020,188,0.4803352675693101,0.13055555555555556,0.8333333333333334,0.5549645390070922,0.4450354609929078
5208,YBR301W YFL031W,0.0,NA,1.5273258213710506e-09,940,6259,5021,188,0.4804158607350097,0.13057369079038755,0.8333333333333334,0.5548758865248227,0.44512411347517733
5209,YNL199C YHR138C,0.0,NA,1.5287481280878978e-09,940,6258,5022,188,0.4804964539007092,0.13059183106418448,0.8333333333333334,0.5547872340425531,0.4452127659574468
5210,YDR137W YML102W,0.0,NA,1.533356219773907e-09,940,6257,5023,188,0.48057704706640875,0.13060997637904684,0.8333333333333334,0.5546985815602837,0.4453014184397163
5211,YKL204W YMR119W,0.0,NA,1.5339706171957346e-09,940,6256,5024,188,0.48065764023210833,0.13062812673707616,0.8333333333333334,0.5546099290780142,0.4453900709219858
5212,YKL077W YMR134W,0.0,NA,1.5398773367536478e-09,940,6255,5025,188,0.48073823339780786,0.13064628214037527,0.8333333333333334,0.5545212765957447,0.4454787234042553
5213,YOR291W YBR213W,0.0,NA,1.5414495235788195e-09,940,6254,5026,188,0.48081882656350744,0.1306644425910481,0.8333333333333334,0.5544326241134752,0.44556737588652484
5214,YDR506C YLR340W,0.0,NA,1.5461019131635112e-09,940,6253,5027,188,0.48089941972920697,0.13068260809119978,0.8333333333333334,0.5543439716312056,0.4456560283687943
5215,YGR038W YGL240W,0.0,NA,1.5481645965209623e-09,940,6252,5028,188,0.4809800128949065,0.13070077864293658,0.8333333333333334,0.5542553191489362,0.44574468085106383
5216,YDR364C YNL307C,0.0,NA,1.5483211379674344e-09,940,6251,5029,188,0.4810606060606061,0.13071895424836602,0.8333333333333334,0.5541666666666667,0.44583333333333336
5217,YHR127W YPL103C,0.0,NA,1.551217820860984e-09,940,6250,5030,188,0.4811411992263056,0.13073713490959665,0.8333333333333334,0.5540780141843972,0.44592198581560283
5218,YLR037C YOR075W,0.0,NA,1.5640553296947246e-09,940,6249,5031,188,0.48122179239200513,0.13075532062873835,0.8333333333333334,0.5539893617021276,0.44601063829787235
5219,YDR036C YBR183W,0.0,NA,1.5682672938055475e-09,940,6248,5032,188,0.4813023855577047,0.13077351140790205,0.8333333333333334,0.5539007092198581,0.4460992907801418
5220,YDR541C YPR186C,0.0,NA,1.5766440375486468e-09,940,6247,5033,188,0.48138297872340424,0.13079170724919995,0.8333333333333334,0.5538120567375886,0.44618794326241135
5221,YBL002W YLR467W,0.0,NA,1.5867869240793198e-09,940,6246,5034,188,0.4814635718891038,0.13080990815474533,0.8333333333333334,0.5537234042553192,0.44627659574468087
5222,YGR132C YPR007C,0.0,NA,1.591138887313548e-09,940,6245,5035,188,0.48154416505480335,0.13082811412665274,0.8333333333333334,0.5536347517730497,0.44636524822695034
5223,YIL138C YNR048W,0.0,NA,1.599067434021606e-09,940,6244,5036,188,0.4816247582205029,0.13084632516703787,0.8333333333333334,0.5535460992907801,0.44645390070921986
5224,YDR244W YGL257C,0.0,NA,1.6013260717429034e-09,940,6243,5037,188,0.48170535138620246,0.13086454127801755,0.8333333333333334,0.5534574468085106,0.4465425531914894
5225,YLR445W YDR313C,0.0,NA,1.6147537751365348e-09,940,6242,5038,188,0.481785944551902,0.13088276246170982,0.8333333333333334,0.5533687943262411,0.44663120567375886
5226,YHR058C YAL054C,0.0,NA,1.618213008036662e-09,940,6241,5039,188,0.4818665377176016,0.13090098872023395,0.8333333333333334,0.5532801418439717,0.4467198581560284
5227,YGR098C YFR006W,1.0,NA,1.6219396936634212e-09,939,6241,5039,189,0.481785944551902,0.13077994428969358,0.8324468085106383,0.5532801418439717,0.4467198581560284
5228,YLR362W YOL025W,0.0,NA,1.6223293819450646e-09,939,6240,5040,189,0.4818665377176016,0.13079816130380276,0.8324468085106383,0.5531914893617021,0.44680851063829785
5229,YER053C YJR135C,0.0,NA,1.623666756600528e-09,939,6239,5041,189,0.4819471308833011,0.130816383393703,0.8324468085106383,0.5531028368794326,0.4468971631205674
5230,YCR027C YJR161C,0.0,NA,1.6278064451924479e-09,939,6238,5042,189,0.4820277240490006,0.13083461056151596,0.8324468085106383,0.5530141843971631,0.4469858156028369
5231,YDR385W YOR315W,0.0,NA,1.6284119608300784e-09,939,6237,5043,189,0.4821083172147002,0.13085284280936454,0.8324468085106383,0.5529255319148936,0.44707446808510637
5232,YBR023C YLR315W,0.0,NA,1.6296859417508358e-09,939,6236,5044,189,0.48218891038039974,0.13087108013937282,0.8324468085106383,0.5528368794326242,0.4471631205673759
5233,YFR006W YJL113W,1.0,NA,1.6300247818179514e-09,938,6236,5044,190,0.4821083172147002,0.1307499303038751,0.8315602836879432,0.5528368794326242,0.4471631205673759
5234,YLR240W YJR004C,0.0,NA,1.6320966800265069e-09,938,6235,5045,190,0.48218891038039974,0.13076815837167155,0.8315602836879432,0.5527482269503546,0.44725177304964536
5235,YCR026C YNL022C,0.0,NA,1.6340404584980206e-09,938,6234,5046,190,0.48226950354609927,0.13078639152258784,0.8315602836879432,0.5526595744680851,0.4473404255319149
5236,YAR019C YLR298C,0.0,NA,1.6370788058495123e-09,938,6233,5047,190,0.48235009671179885,0.1308046297587505,0.8315602836879432,0.5525709219858156,0.4474290780141844
5237,YPL130W YLR350W,0.0,NA,1.6398477020729274e-09,938,6232,5048,190,0.4824306898774984,0.13082287308228732,0.8315602836879432,0.5524822695035461,0.4475177304964539
5238,YGL245W YGL134W,0.0,NA,1.6406891401032908e-09,938,6231,5049,190,0.48251128304319796,0.1308411214953271,0.8315602836879432,0.5523936170212767,0.4476063829787234
5239,YLR087C YDR542W,0.0,NA,1.6454809736998754e-09,938,6230,5050,190,0.4825918762088975,0.130859375,0.8315602836879432,0.5523049645390071,0.44769503546099293
5240,YJL221C YOR312C,0.0,NA,1.64952529413398e-09,938,6229,5051,190,0.482672469374597,0.1308776335984373,0.8315602836879432,0.5522163120567376,0.4477836879432624
5241,YFL054C YBR214W,0.0,NA,1.6528889368316868e-09,938,6228,5052,190,0.4827530625402966,0.13089589729277143,0.8315602836879432,0.5521276595744681,0.4478723404255319
5242,YDR415C YFR018C,1.0,NA,1.6551634507422364e-09,937,6228,5052,191,0.482672469374597,0.13077459874389394,0.8306737588652482,0.5521276595744681,0.4478723404255319
5243,YMR244C-A YOR253W,0.0,NA,1.6563855842477437e-09,937,6227,5053,191,0.4827530625402966,0.1307928531546622,0.8306737588652482,0.5520390070921986,0.4479609929078014
5244,YMR179W YBR163W,0.0,NA,1.6579028150331965e-09,937,6226,5054,191,0.4828336557059961,0.13081111266229234,0.8306737588652482,0.551950354609929,0.4480496453900709
5245,YLR176C YGL062W,0.0,NA,1.6582316630930904e-09,937,6225,5055,191,0.4829142488716957,0.1308293772689193,0.8306737588652482,0.5518617021276596,0.44813829787234044
5246,YLR088W YER151C,1.0,NA,1.6632427657370386e-09,936,6225,5055,192,0.4828336557059961,0.13070800167574362,0.8297872340425532,0.5518617021276596,0.44813829787234044
5247,YLR407W YHL043W,0.0,NA,1.6658334711650014e-09,936,6224,5056,192,0.4829142488716957,0.13072625698324022,0.8297872340425532,0.5517730496453901,0.4482269503546099
5248,YFL034C-A YML075C,0.0,NA,1.6670349545222507e-09,936,6223,5057,192,0.48299484203739523,0.13074451739069703,0.8297872340425532,0.5516843971631206,0.44831560283687943
5249,YDL244W YMR179W,0.0,NA,1.6705075100986733e-09,936,6222,5058,192,0.48307543520309476,0.13076278290025148,0.8297872340425532,0.551595744680851,0.44840425531914896
5250,YJL107C YJL143W,0.0,NA,1.6710205441583525e-09,936,6221,5059,192,0.48315602836879434,0.1307810535140422,0.8297872340425532,0.5515070921985815,0.44849290780141843
5251,YPR166C YGL090W,0.0,NA,1.6710717254397878e-09,936,6220,5060,192,0.48323662153449387,0.13079932923420906,0.8297872340425532,0.5514184397163121,0.44858156028368795
5252,YGL029W YDR498C,0.0,NA,1.672060045976309e-09,936,6219,5061,192,0.4833172147001934,0.13081761006289308,0.8297872340425532,0.5513297872340426,0.4486702127659574
5253,YOR138C YOL003C,0.0,NA,1.6737574659586585e-09,936,6218,5062,192,0.483397807865893,0.13083589600223652,0.8297872340425532,0.551241134751773,0.44875886524822695
5254,YJL099W YJL107C,0.0,NA,1.678623462453288e-09,936,6217,5063,192,0.4834784010315925,0.1308541870543828,0.8297872340425532,0.5511524822695035,0.44884751773049647
5255,YPR184W YOL070C,0.0,NA,1.6904568855835578e-09,936,6216,5064,192,0.4835589941972921,0.13087248322147652,0.8297872340425532,0.551063829787234,0.44893617021276594
5256,YDR139C YNR051C,0.0,NA,1.6940009395227662e-09,936,6215,5065,192,0.4836395873629916,0.13089078450566355,0.8297872340425532,0.5509751773049646,0.44902482269503546
5257,YDR201W YPR157W,0.0,NA,1.6965941984636856e-09,936,6214,5066,192,0.48372018052869115,0.13090909090909092,0.8297872340425532,0.5508865248226951,0.449113475177305
5258,YDR166C YGR202C,0.0,NA,1.6976202665830442e-09,936,6213,5067,192,0.48380077369439073,0.13092740243390685,0.8297872340425532,0.5507978723404255,0.44920212765957446
5259,YPL088W YGL009C,0.0,NA,1.7043718658626972e-09,936,6212,5068,192,0.48388136686009026,0.13094571908226077,0.8297872340425532,0.550709219858156,0.449290780141844
5260,YBR181C YOR179C,0.0,NA,1.7051652312360943e-09,936,6211,5069,192,0.48396196002578984,0.13096404085630334,0.8297872340425532,0.5506205673758865,0.44937943262411345
5261,YMR123W YBR168W,0.0,NA,1.7052660394867303e-09,936,6210,5070,192,0.48404255319148937,0.1309823677581864,0.8297872340425532,0.550531914893617,0.449468085106383
5262,YGR134W YDR362C,0.0,NA,1.7066652535646654e-09,936,6209,5071,192,0.4841231463571889,0.13100069979006299,0.8297872340425532,0.5504432624113476,0.4495567375886525
5263,YGR249W YJL145W,0.0,NA,1.7095191928717668e-09,936,6208,5072,192,0.4842037395228885,0.13101903695408734,0.8297872340425532,0.550354609929078,0.44964539007092197
5264,YML124C YHL006C,0.0,NA,1.7104780924981355e-09,936,6207,5073,192,0.484284332688588,0.13103737925241496,0.8297872340425532,0.5502659574468085,0.4497340425531915
5265,YNL125C YNR062C,0.0,NA,1.713031272387866e-09,936,6206,5074,192,0.48436492585428753,0.13105572668720247,0.8297872340425532,0.550177304964539,0.449822695035461
5266,YDL217C YKL069W,0.0,NA,1.7154082598835885e-09,936,6205,5075,192,0.4844455190199871,0.13107407926060777,0.8297872340425532,0.5500886524822695,0.4499113475177305
5267,YKR028W YNL126W,0.0,NA,1.716668363016538e-09,936,6204,5076,192,0.48452611218568664,0.13109243697478992,0.8297872340425532,0.55,0.45
5268,YDL180W YNL042W,0.0,NA,1.7235877169952118e-09,936,6203,5077,192,0.4846067053513862,0.13111079983190924,0.8297872340425532,0.5499113475177305,0.4500886524822695
5269,YMR087W YMR166C,0.0,NA,1.731746968047787e-09,936,6202,5078,192,0.48468729851708575,0.1311291678341272,0.8297872340425532,0.549822695035461,0.450177304964539
5270,YKL188C YBR141C,0.0,NA,1.740940502870103e-09,936,6201,5079,192,0.4847678916827853,0.13114754098360656,0.8297872340425532,0.5497340425531915,0.45026595744680853
5271,YKR078W YGR048W,0.0,NA,1.741269128885392e-09,936,6200,5080,192,0.48484848484848486,0.1311659192825112,0.8297872340425532,0.549645390070922,0.450354609929078
5272,YNL064C YKL168C,0.0,NA,1.7583301481494118e-09,936,6199,5081,192,0.4849290780141844,0.1311843027330063,0.8297872340425532,0.5495567375886525,0.4504432624113475
5273,YMR031C YNL068C,0.0,NA,1.7595849222118431e-09,936,6198,5082,192,0.48500967117988397,0.1312026913372582,0.8297872340425532,0.549468085106383,0.45053191489361705
5274,YLR348C YOR273C,0.0,NA,1.7599978141547012e-09,936,6197,5083,192,0.4850902643455835,0.13122108509743446,0.8297872340425532,0.5493794326241135,0.4506205673758865
5275,YLL039C YKL184W,0.0,NA,1.7601353707874523e-09,936,6196,5084,192,0.485170857511283,0.13123948401570387,0.8297872340425532,0.549290780141844,0.45070921985815604
5276,YFL062W YCR068W,0.0,NA,1.764118295888295e-09,936,6195,5085,192,0.4852514506769826,0.13125788809423644,0.8297872340425532,0.5492021276595744,0.4507978723404255
5277,YJL083W YKL183W,0.0,NA,1.7717018963026021e-09,936,6194,5086,192,0.48533204384268214,0.13127629733520338,0.8297872340425532,0.5491134751773049,0.45088652482269503
5278,YGL101W YBR213W,0.0,NA,1.7748303937636933e-09,936,6193,5087,192,0.48541263700838166,0.13129471174077711,0.8297872340425532,0.5490248226950355,0.45097517730496456
5279,YDL238C YER026C,0.0,NA,1.774860813874568e-09,936,6192,5088,192,0.48549323017408125,0.13131313131313133,0.8297872340425532,0.548936170212766,0.451063829787234
5280,YKR042W YOL091W,0.0,NA,1.7781952577067273e-09,936,6191,5089,192,0.4855738233397808,0.13133155605444086,0.8297872340425532,0.5488475177304964,0.45115248226950355
5281,YKR050W YCR094W,0.0,NA,1.7810668495599202e-09,936,6190,5090,192,0.48565441650548036,0.13134998596688185,0.8297872340425532,0.5487588652482269,0.4512411347517731
5282,YPL250C YLR224W,0.0,NA,1.7812095132185846e-09,936,6189,5091,192,0.4857350096711799,0.13136842105263158,0.8297872340425532,0.5486702127659574,0.45132978723404255
5283,YDR473C YML021C,0.0,NA,1.7818448938555775e-09,936,6188,5092,192,0.4858156028368794,0.13138686131386862,0.8297872340425532,0.548581560283688,0.45141843971631207
5284,YIL091C YPL040C,0.0,NA,1.7823650333426144e-09,936,6187,5093,192,0.485896196002579,0.1314053067527727,0.8297872340425532,0.5484929078014185,0.45150709219858154
5285,YGR171C YKL146W,0.0,NA,1.7826438103440978e-09,936,6186,5094,192,0.4859767891682785,0.13142375737152484,0.8297872340425532,0.5484042553191489,0.45159574468085106
5286,YNR030W YEL065W,0.0,NA,1.7846985000957716e-09,936,6185,5095,192,0.4860573823339781,0.13144221317230725,0.8297872340425532,0.5483156028368794,0.4516843971631206
5287,YER002W YPL006W,0.0,NA,1.7853590827954235e-09,936,6184,5096,192,0.48613797549967763,0.13146067415730336,0.8297872340425532,0.5482269503546099,0.45177304964539006
5288,YNL262W YGR263C,0.0,NA,1.7916188532751676e-09,936,6183,5097,192,0.48621856866537716,0.13147914032869784,0.8297872340425532,0.5481382978723405,0.4518617021276596
5289,YMR265C YOR349W,0.0,NA,1.792497261732251e-09,936,6182,5098,192,0.48629916183107674,0.1314976116886766,0.8297872340425532,0.548049645390071,0.45195035460992905
5290,YNL215W YIR003W,0.0,NA,1.794063786419997e-09,936,6181,5099,192,0.48637975499677627,0.13151608823942673,0.8297872340425532,0.5479609929078014,0.4520390070921986
5291,YMR150C YGL203C,1.0,NA,1.795998239018104e-09,935,6181,5099,193,0.48629916183107674,0.13139404159640247,0.8289007092198581,0.5479609929078014,0.4520390070921986
5292,YLR176C YGL247W,0.0,NA,1.8072314755812613e-09,935,6180,5100,193,0.48637975499677627,0.1314125087842586,0.8289007092198581,0.5478723404255319,0.4521276595744681
5293,YMR179W YML098W,0.0,NA,1.807931360175985e-09,935,6179,5101,193,0.4864603481624758,0.13143098116390217,0.8289007092198581,0.5477836879432624,0.45221631205673757
5294,YKR103W YCR052W,0.0,NA,1.8106197652301148e-09,935,6178,5102,193,0.4865409413281754,0.13144945873752284,0.8289007092198581,0.547695035460993,0.4523049645390071
5295,YNL131W YKL009W,0.0,NA,1.811510830229679e-09,935,6177,5103,193,0.4866215344938749,0.1314679415073116,0.8289007092198581,0.5476063829787234,0.4523936170212766
5296,YOR273C YKR076W,0.0,NA,1.8139033608477462e-09,935,6176,5104,193,0.4867021276595745,0.13148642947546055,0.8289007092198581,0.5475177304964539,0.4524822695035461
5297,YML082W YER100W,0.0,NA,1.8141801394477852e-09,935,6175,5105,193,0.486782720825274,0.13150492264416316,0.8289007092198581,0.5474290780141844,0.4525709219858156
5298,YKL019W YGL224C,0.0,NA,1.8192599648969576e-09,935,6174,5106,193,0.48686331399097355,0.131523421015614,0.8289007092198581,0.5473404255319149,0.4526595744680851
5299,YBR115C YIL144W,0.0,NA,1.819586259443895e-09,935,6173,5107,193,0.48694390715667313,0.131541924592009,0.8289007092198581,0.5472517730496453,0.4527482269503546
5300,YDL018C YFR048W,0.0,NA,1.8218886399523626e-09,935,6172,5108,193,0.48702450032237266,0.13156043337554524,0.8289007092198581,0.5471631205673759,0.45283687943262413
5301,YER081W YPR185W,0.0,NA,1.8260809531156497e-09,935,6171,5109,193,0.48710509348807224,0.13157894736842105,0.8289007092198581,0.5470744680851064,0.4529255319148936
5302,YNL299W YDR519W,0.0,NA,1.827830220513249e-09,935,6170,5110,193,0.48718568665377177,0.13159746657283602,0.8289007092198581,0.5469858156028369,0.4530141843971631
5303,YIL087C YPR041W,0.0,NA,1.8305759130754495e-09,935,6169,5111,193,0.4872662798194713,0.131615990990991,0.8289007092198581,0.5468971631205674,0.45310283687943265
5304,YGR261C YLR114C,0.0,NA,1.8346690833226376e-09,935,6168,5112,193,0.4873468729851709,0.131634520625088,0.8289007092198581,0.5468085106382978,0.4531914893617021
5305,YBR008C YDR191W,0.0,NA,1.8395922563030354e-09,935,6167,5113,193,0.4874274661508704,0.13165305547733033,0.8289007092198581,0.5467198581560284,0.45328014184397164
5306,YLR085C YBR211C,0.0,NA,1.8399081147535412e-09,935,6166,5114,193,0.48750805931656993,0.13167159554992255,0.8289007092198581,0.5466312056737589,0.4533687943262411
5307,YGR281W YMR092C,0.0,NA,1.8423628178609874e-09,935,6165,5115,193,0.4875886524822695,0.1316901408450704,0.8289007092198581,0.5465425531914894,0.45345744680851063
5308,YNL118C YNL156C,0.0,NA,1.858811216060019e-09,935,6164,5116,193,0.48766924564796904,0.13170869136498098,0.8289007092198581,0.5464539007092198,0.45354609929078016
5309,YDR152W YDR128W,0.0,NA,1.8627863695996894e-09,935,6163,5117,193,0.4877498388136686,0.13172724711186248,0.8289007092198581,0.5463652482269503,0.4536347517730496
5310,YMR145C YJR044C,0.0,NA,1.868112775582631e-09,935,6162,5118,193,0.48783043197936815,0.13174580808792447,0.8289007092198581,0.5462765957446809,0.45372340425531915
5311,YGL248W YPL031C,0.0,NA,1.8774679588773324e-09,935,6161,5119,193,0.4879110251450677,0.13176437429537768,0.8289007092198581,0.5461879432624114,0.4538120567375887
5312,YNL210W YER105C,0.0,NA,1.8775037080587254e-09,935,6160,5120,193,0.48799161831076726,0.13178294573643412,0.8289007092198581,0.5460992907801419,0.45390070921985815
5313,YBR115C YDR204W,0.0,NA,1.877937139127539e-09,935,6159,5121,193,0.4880722114764668,0.13180152241330703,0.8289007092198581,0.5460106382978723,0.45398936170212767
5314,YNL299W YJR133W,0.0,NA,1.879420619133043e-09,935,6158,5122,193,0.48815280464216637,0.13182010432821092,0.8289007092198581,0.5459219858156028,0.45407801418439714
5315,YIL109C YHR176W,0.0,NA,1.8850030425454634e-09,935,6157,5123,193,0.4882333978078659,0.13183869148336153,0.8289007092198581,0.5458333333333333,0.45416666666666666
5316,YDL241W YEL018W,0.0,NA,1.886585776489369e-09,935,6156,5124,193,0.4883139909735654,0.1318572838809759,0.8289007092198581,0.5457446808510639,0.4542553191489362
5317,YDL188C YCR052W,0.0,NA,1.893724066448499e-09,935,6155,5125,193,0.488394584139265,0.1318758815232722,0.8289007092198581,0.5456560283687943,0.45434397163120566
5318,YML082W YKL007W,0.0,NA,1.8980197413753785e-09,935,6154,5126,193,0.48847517730496454,0.13189448441247004,0.8289007092198581,0.5455673758865248,0.4544326241134752
5319,YNL121C YBR276C,0.0,NA,1.8984072092109727e-09,935,6153,5127,193,0.48855577047066406,0.13191309255079006,0.8289007092198581,0.5454787234042553,0.4545212765957447
5320,YOL125W YOL144W,0.0,NA,1.900722468306526e-09,935,6152,5128,193,0.48863636363636365,0.13193170594045436,0.8289007092198581,0.5453900709219858,0.4546099290780142
5321,YAR042W YKL108W,0.0,NA,1.901338864129798e-09,935,6151,5129,193,0.4887169568020632,0.13195032458368613,0.8289007092198581,0.5453014184397164,0.4546985815602837
5322,YLR087C YKR056W,0.0,NA,1.904976176803075e-09,935,6150,5130,193,0.48879754996776276,0.13196894848270996,0.8289007092198581,0.5452127659574468,0.45478723404255317
5323,YHR168W YLR315W,0.0,NA,1.9088459701777083e-09,935,6149,5131,193,0.4888781431334623,0.13198757763975155,0.8289007092198581,0.5451241134751773,0.4548758865248227
5324,YDR257C YEL031W,0.0,NA,1.9228194592102454e-09,935,6148,5132,193,0.4889587362991618,0.13200621205703797,0.8289007092198581,0.5450354609929078,0.4549645390070922
5325,YLR375W YOR047C,0.0,NA,1.922933146047967e-09,935,6147,5133,193,0.4890393294648614,0.1320248517367975,0.8289007092198581,0.5449468085106383,0.4550531914893617
5326,YJR140C YOL055C,0.0,NA,1.924547632370377e-09,935,6146,5134,193,0.4891199226305609,0.1320434966812597,0.8289007092198581,0.5448581560283688,0.4551418439716312
5327,YMR221C YKR020W,0.0,NA,1.9330825828944853e-09,935,6145,5135,193,0.4892005157962605,0.13206214689265536,0.8289007092198581,0.5447695035460993,0.45523049645390073
5328,YJL221C YJR135W-A,0.0,NA,1.9347794477653224e-09,935,6144,5136,193,0.48928110896196003,0.13208080237321657,0.8289007092198581,0.5446808510638298,0.4553191489361702
5329,YMR065W YDR311W,0.0,NA,1.9365922199199304e-09,935,6143,5137,193,0.48936170212765956,0.1320994631251766,0.8289007092198581,0.5445921985815603,0.45540780141843973
5330,YJL099W YKL002W,0.0,NA,1.953084582950737e-09,935,6142,5138,193,0.48944229529335914,0.1321181291507701,0.8289007092198581,0.5445035460992907,0.4554964539007092
5331,YKL007W YOL070C,0.0,NA,1.9541799289868322e-09,935,6141,5139,193,0.48952288845905867,0.1321368004522329,0.8289007092198581,0.5444148936170212,0.4555851063829787
5332,YGR233C YHL037C,0.0,NA,1.9556603003678674e-09,935,6140,5140,193,0.4896034816247582,0.1321554770318021,0.8289007092198581,0.5443262411347518,0.45567375886524825
5333,YJL113W YFR018C,1.0,NA,1.9579444732187312e-09,934,6140,5140,194,0.48952288845905867,0.13203279615493355,0.8280141843971631,0.5443262411347518,0.45567375886524825
5334,YML124C YMR265C,0.0,NA,1.9657127037220334e-09,934,6139,5141,194,0.4896034816247582,0.13205146331118336,0.8280141843971631,0.5442375886524823,0.4557624113475177
5335,YLR371W YMR217W,0.0,NA,1.9755717062253098e-09,934,6138,5142,194,0.4896840747904578,0.13207013574660634,0.8280141843971631,0.5441489361702128,0.45585106382978724
5336,YOR273C YMR026C,0.0,NA,1.978837538274547e-09,934,6137,5143,194,0.4897646679561573,0.13208881346344223,0.8280141843971631,0.5440602836879432,0.45593971631205676
5337,YGR142W YPL006W,0.0,NA,1.992373155346172e-09,934,6136,5144,194,0.4898452611218569,0.1321074964639321,0.8280141843971631,0.5439716312056737,0.45602836879432623
5338,YMR184W YLR020C,0.0,NA,2.002262800004928e-09,934,6135,5145,194,0.4899258542875564,0.1321261847503183,0.8280141843971631,0.5438829787234043,0.45611702127659576
5339,YBR169C YOR242C,0.0,NA,2.0028929625937053e-09,934,6134,5146,194,0.49000644745325594,0.13214487832484437,0.8280141843971631,0.5437943262411348,0.4562056737588652
5340,YPL115C YLR247C,0.0,NA,2.0056494243192446e-09,934,6133,5147,194,0.4900870406189555,0.1321635771897552,0.8280141843971631,0.5437056737588652,0.45629432624113475
5341,YPL239W YGL257C,0.0,NA,2.017578104585027e-09,934,6132,5148,194,0.49016763378465505,0.13218228134729693,0.8280141843971631,0.5436170212765957,0.4563829787234043
5342,YMR221C YPL096W,0.0,NA,2.0188599680892594e-09,934,6131,5149,194,0.49024822695035464,0.13220099079971692,0.8280141843971631,0.5435283687943262,0.45647163120567374
5343,YOL139C YGR080W,0.0,NA,2.021044442912512e-09,934,6130,5150,194,0.49032882011605416,0.13221970554926388,0.8280141843971631,0.5434397163120568,0.45656028368794327
5344,YJL051W YNL127W,0.0,NA,2.022316980543337e-09,934,6129,5151,194,0.4904094132817537,0.13223842559818774,0.8280141843971631,0.5433510638297873,0.4566489361702128
5345,YIL042C YGL192W,0.0,NA,2.0244048659634473e-09,934,6128,5152,194,0.4904900064474533,0.13225715094873974,0.8280141843971631,0.5432624113475177,0.45673758865248226
5346,YKR027W YEL036C,0.0,NA,2.0334913752861894e-09,934,6127,5153,194,0.4905705996131528,0.13227588160317236,0.8280141843971631,0.5431737588652482,0.4568262411347518
5347,YJL050W YOR047C,0.0,NA,2.0378594367542746e-09,934,6126,5154,194,0.49065119277885233,0.13229461756373936,0.8280141843971631,0.5430851063829787,0.45691489361702126
5348,YML128C YDR359C,0.0,NA,2.038636814916117e-09,934,6125,5155,194,0.4907317859445519,0.13231335883269585,0.8280141843971631,0.5429964539007093,0.4570035460992908
5349,YDR377W YBL026W,0.0,NA,2.039270752263178e-09,934,6124,5156,194,0.49081237911025144,0.1323321054122981,0.8280141843971631,0.5429078014184398,0.4570921985815603
5350,YFL041W YHR021C,0.0,NA,2.0467212369368326e-09,934,6123,5157,194,0.490892972275951,0.13235085730480375,0.8280141843971631,0.5428191489361702,0.4571808510638298
5351,YJL107C YJR090C,0.0,NA,2.0494324015629672e-09,934,6122,5158,194,0.49097356544165055,0.13236961451247165,0.8280141843971631,0.5427304964539007,0.4572695035460993
5352,YNL240C YGR264C,0.0,NA,2.0520765087184145e-09,934,6121,5159,194,0.4910541586073501,0.132388377037562,0.8280141843971631,0.5426418439716312,0.45735815602836877
5353,YER078C YBL067C,1.0,NA,2.0544812517897526e-09,933,6121,5159,195,0.49097356544165055,0.13226538134391835,0.8271276595744681,0.5426418439716312,0.45735815602836877
5354,YMR325W YGL238W,0.0,NA,2.0579087323113754e-09,933,6120,5160,195,0.4910541586073501,0.132284134410889,0.8271276595744681,0.5425531914893617,0.4574468085106383
5355,YCL056C YDL076C,0.0,NA,2.0612165307909436e-09,933,6119,5161,195,0.49113475177304966,0.13230289279636984,0.8271276595744681,0.5424645390070922,0.4575354609929078
5356,YPL239W YKL168C,0.0,NA,2.064446835703393e-09,933,6118,5162,195,0.4912153449387492,0.13232165650262373,0.8271276595744681,0.5423758865248227,0.4576241134751773
5357,YPR031W YNL146W,0.0,NA,2.064722393058105e-09,933,6117,5163,195,0.4912959381044487,0.13234042553191488,0.8271276595744681,0.5422872340425532,0.4577127659574468
5358,YHR086W YMR158W,0.0,NA,2.0689090440839664e-09,933,6116,5164,195,0.4913765312701483,0.13235919988650874,0.8271276595744681,0.5421985815602837,0.45780141843971633
5359,YJR118C YLR381W,0.0,NA,2.0765034136616123e-09,933,6115,5165,195,0.4914571244358478,0.13237797956867198,0.8271276595744681,0.5421099290780141,0.4578900709219858
5360,YHR167W YLR113W,0.0,NA,2.0844199699610044e-09,933,6114,5166,195,0.4915377176015474,0.13239676458067262,0.8271276595744681,0.5420212765957447,0.45797872340425533
5361,YDR166C YGL216W,0.0,NA,2.0962493962883855e-09,933,6113,5167,195,0.49161831076724694,0.13241555492478002,0.8271276595744681,0.5419326241134752,0.4580673758865248
5362,YKR027W YDR204W,0.0,NA,2.103326179891951e-09,933,6112,5168,195,0.49169890393294646,0.13243435060326472,0.8271276595744681,0.5418439716312057,0.4581560283687943
5363,YMR121C YGL240W,0.0,NA,2.1061563604263256e-09,933,6111,5169,195,0.49177949709864605,0.13245315161839863,0.8271276595744681,0.5417553191489362,0.45824468085106385
5364,YBL046W YDL246C,0.0,NA,2.1102939395944986e-09,933,6110,5170,195,0.4918600902643456,0.13247195797245492,0.8271276595744681,0.5416666666666666,0.4583333333333333
5365,YKL133C YOR192C,0.0,NA,2.1131014715791707e-09,933,6109,5171,195,0.49194068343004516,0.13249076966770804,0.8271276595744681,0.5415780141843972,0.45842198581560284
5366,YGL240W YKL161C,0.0,NA,2.1149240136963954e-09,933,6108,5172,195,0.4920212765957447,0.13250958670643376,0.8271276595744681,0.5414893617021277,0.45851063829787236
5367,YOR075W YHL031C,0.0,NA,2.119705522218851e-09,933,6107,5173,195,0.4921018697614442,0.1325284090909091,0.8271276595744681,0.5414007092198582,0.45859929078014183
5368,YHR058C YHR150W,0.0,NA,2.1294430663232333e-09,933,6106,5174,195,0.4921824629271438,0.1325472368234124,0.8271276595744681,0.5413120567375886,0.45868794326241136
5369,YOL039W YOL111C,0.0,NA,2.1361064028724286e-09,933,6105,5175,195,0.4922630560928433,0.13256606990622335,0.8271276595744681,0.5412234042553191,0.4587765957446808
5370,YGL004C YKL173W,0.0,NA,2.14178941249088e-09,933,6104,5176,195,0.49234364925854285,0.13258490834162284,0.8271276595744681,0.5411347517730496,0.45886524822695035
5371,YGL216W YHL013C,0.0,NA,2.1441930453391933e-09,933,6103,5177,195,0.49242424242424243,0.13260375213189313,0.8271276595744681,0.5410460992907802,0.4589539007092199
5372,YDR197W YOR299W,0.0,NA,2.1463819610545443e-09,933,6102,5178,195,0.49250483558994196,0.1326226012793177,0.8271276595744681,0.5409574468085107,0.45904255319148934
5373,YJL174W YDR516C,0.0,NA,2.1541581851636238e-09,933,6101,5179,195,0.49258542875564154,0.13264145578618142,0.8271276595744681,0.5408687943262411,0.45913120567375887
5374,YPR162C YPL023C,0.0,NA,2.1602599709069636e-09,933,6100,5180,195,0.49266602192134107,0.13266031565477038,0.8271276595744681,0.5407801418439716,0.4592198581560284
5375,YPL231W YOR051C,0.0,NA,2.1607462485917495e-09,933,6099,5181,195,0.4927466150870406,0.13267918088737202,0.8271276595744681,0.5406914893617021,0.45930851063829786
5376,YLL036C YML011C,0.0,NA,2.171827828689743e-09,933,6098,5182,195,0.4928272082527402,0.13269805148627506,0.8271276595744681,0.5406028368794327,0.4593971631205674
5377,YPR107C YKL104C,0.0,NA,2.1777140091217007e-09,933,6097,5183,195,0.4929078014184397,0.13271692745376956,0.8271276595744681,0.5405141843971631,0.45948581560283686
5378,YLR037C YOR090C,0.0,NA,2.17967111026951e-09,933,6096,5184,195,0.4929883945841393,0.13273580879214683,0.8271276595744681,0.5404255319148936,0.4595744680851064
5379,YEL018W YPL174C,0.0,NA,2.1817840867299765e-09,933,6095,5185,195,0.4930689877498388,0.13275469550369948,0.8271276595744681,0.5403368794326241,0.4596631205673759
5380,YDL143W YHR068W,0.0,NA,2.1890704804405914e-09,933,6094,5186,195,0.49314958091553834,0.1327735875907215,0.8271276595744681,0.5402482269503546,0.4597517730496454
5381,YJR134C YNL117W,0.0,NA,2.1913597603173685e-09,933,6093,5187,195,0.4932301740812379,0.1327924850555081,0.8271276595744681,0.5401595744680852,0.4598404255319149
5382,YOR213C YAL047C,0.0,NA,2.1915351755552592e-09,933,6092,5188,195,0.49331076724693745,0.13281138790035588,0.8271276595744681,0.5400709219858156,0.4599290780141844
5383,YOR077W YBR059C,0.0,NA,2.1986361620207617e-09,933,6091,5189,195,0.493391360412637,0.13283029612756264,0.8271276595744681,0.5399822695035461,0.4600177304964539
5384,YGR165W YDR227W,0.0,NA,2.209848748435661e-09,933,6090,5190,195,0.49347195357833656,0.1328492097394276,0.8271276595744681,0.5398936170212766,0.4601063829787234
5385,YDR427W YDR273W,0.0,NA,2.2128476828697785e-09,933,6089,5191,195,0.4935525467440361,0.1328681287382512,0.8271276595744681,0.5398049645390071,0.4601950354609929
5386,YOR391C YDR533C,1.0,NA,2.2322972359489768e-09,932,6089,5191,196,0.49347195357833656,0.13274462327303801,0.8262411347517731,0.5398049645390071,0.4601950354609929
5387,YCL029C YLR081W,0.0,NA,2.235305274211896e-09,932,6088,5192,196,0.4935525467440361,0.13276353276353275,0.8262411347517731,0.5397163120567375,0.4602836879432624
5388,YIL138C YOL139C,0.0,NA,2.239188390262825e-09,932,6087,5193,196,0.4936331399097357,0.13278244764211425,0.8262411347517731,0.5396276595744681,0.46037234042553193
5389,YBR211C YDL137W,0.0,NA,2.2576718272659946e-09,932,6086,5194,196,0.4937137330754352,0.13280136791108577,0.8262411347517731,0.5395390070921986,0.4604609929078014
5390,YKL122C YPL271W,0.0,NA,2.269198606796863e-09,932,6085,5195,196,0.49379432624113473,0.13282029357275188,0.8262411347517731,0.5394503546099291,0.4605496453900709
5391,YKL196C YHL006C,0.0,NA,2.2713462222156977e-09,932,6084,5196,196,0.4938749194068343,0.13283922462941847,0.8262411347517731,0.5393617021276595,0.46063829787234045
5392,YJL051W YMR015C,0.0,NA,2.2714718994620853e-09,932,6083,5197,196,0.49395551257253384,0.13285816108339274,0.8262411347517731,0.53927304964539,0.4607269503546099
5393,YDR098C YOL067C,0.0,NA,2.2793578136059978e-09,932,6082,5198,196,0.4940361057382334,0.13287710293698318,0.8262411347517731,0.5391843971631206,0.46081560283687945
5394,YOR014W YGL054C,0.0,NA,2.291532741338642e-09,932,6081,5199,196,0.49411669890393295,0.13289605019249964,0.8262411347517731,0.5390957446808511,0.4609042553191489
5395,YPL023C YPL183C,0.0,NA,2.301331125664774e-09,932,6080,5200,196,0.4941972920696325,0.13291500285225327,0.8262411347517731,0.5390070921985816,0.46099290780141844
5396,YGR156W YPL104W,0.0,NA,2.3094395285028213e-09,932,6079,5201,196,0.49427788523533206,0.13293396091855655,0.8262411347517731,0.538918439716312,0.46108156028368796
5397,YLR081W YKR020W,0.0,NA,2.3114226088694068e-09,932,6078,5202,196,0.4943584784010316,0.13295292439372325,0.8262411347517731,0.5388297872340425,0.46117021276595743
5398,YHR166C YAR066W,0.0,NA,2.3125072967644655e-09,932,6077,5203,196,0.4944390715667311,0.13297189328006848,0.8262411347517731,0.5387411347517731,0.46125886524822696
5399,YMR124W YDR294C,0.0,NA,2.3132660231794944e-09,932,6076,5204,196,0.4945196647324307,0.1329908675799087,0.8262411347517731,0.5386524822695036,0.4613475177304965
5400,YLL015W YJR140C,0.0,NA,2.337335436308763e-09,932,6075,5205,196,0.4946002578981302,0.1330098472955616,0.8262411347517731,0.538563829787234,0.46143617021276595
5401,YLR206W YGR296W,0.0,NA,2.3385127168040754e-09,932,6074,5206,196,0.4946808510638298,0.13302883242934627,0.8262411347517731,0.5384751773049645,0.4615248226950355
5402,YNL274C YNL039W,0.0,NA,2.3420301253906928e-09,932,6073,5207,196,0.49476144422952933,0.13304782298358314,0.8262411347517731,0.538386524822695,0.46161347517730494
5403,YDR364C YNL281W,0.0,NA,2.3470119181467908e-09,932,6072,5208,196,0.49484203739522886,0.13306681896059394,0.8262411347517731,0.5382978723404256,0.46170212765957447
5404,YGR281W YHR033W,0.0,NA,2.3576813834580435e-09,932,6071,5209,196,0.49492263056092844,0.1330858203627017,0.8262411347517731,0.5382092198581561,0.461790780141844
5405,YDR013W YBL092W,0.0,NA,2.360849071791904e-09,932,6070,5210,196,0.49500322372662797,0.1331048271922308,0.8262411347517731,0.5381205673758865,0.46187943262411346
5406,YNL199C YPL183C,0.0,NA,2.3679520566588508e-09,932,6069,5211,196,0.49508381689232756,0.13312383945150694,0.8262411347517731,0.538031914893617,0.461968085106383
5407,YLR297W YML077W,0.0,NA,2.368905072103189e-09,932,6068,5212,196,0.4951644100580271,0.13314285714285715,0.8262411347517731,0.5379432624113475,0.46205673758865246
5408,YLR176C YDL238C,0.0,NA,2.373169882829984e-09,932,6067,5213,196,0.4952450032237266,0.1331618802686098,0.8262411347517731,0.537854609929078,0.462145390070922
5409,YHL023C YHR110W,0.0,NA,2.3744328725427977e-09,932,6066,5214,196,0.4953255963894262,0.1331809088310946,0.8262411347517731,0.5377659574468086,0.4622340425531915
5410,YDR338C YDL155W,0.0,NA,2.3761863587878906e-09,932,6065,5215,196,0.4954061895551257,0.13319994283264255,0.8262411347517731,0.537677304964539,0.462322695035461
5411,YBR203W YCL050C,0.0,NA,2.3764945566995266e-09,932,6064,5216,196,0.49548678272082525,0.13321898227558604,0.8262411347517731,0.5375886524822695,0.4624113475177305
5412,YER139C YCR027C,0.0,NA,2.383157893248722e-09,932,6063,5217,196,0.49556737588652483,0.13323802716225874,0.8262411347517731,0.5375,0.4625
5413,YPR024W YDR331W,1.0,NA,2.3919972669261824e-09,931,6063,5217,197,0.49548678272082525,0.13311409779811267,0.825354609929078,0.5375,0.4625
5414,YHR068W YHR105W,0.0,NA,2.393402809275358e-09,931,6062,5218,197,0.49556737588652483,0.13313313313313313,0.825354609929078,0.5374113475177305,0.4625886524822695
5415,YOR291W YKL209C,0.0,NA,2.397318343838606e-09,931,6061,5219,197,0.49564796905222436,0.1331521739130435,0.825354609929078,0.537322695035461,0.462677304964539
5416,YDR240C YGR233C,0.0,NA,2.4029078726783837e-09,931,6060,5220,197,0.49572856221792394,0.13317122014018024,0.825354609929078,0.5372340425531915,0.4627659574468085
5417,YIL074C YMR173W,0.0,NA,2.4117281505198207e-09,931,6059,5221,197,0.49580915538362347,0.13319027181688126,0.825354609929078,0.537145390070922,0.462854609929078
5418,YCL031C YGL062W,0.0,NA,2.420636358024808e-09,931,6058,5222,197,0.495889748549323,0.13320932894548576,0.825354609929078,0.5370567375886525,0.46294326241134753
5419,YMR221C YKR105C,0.0,NA,2.4235793372184844e-09,931,6057,5223,197,0.4959703417150226,0.1332283915283343,0.825354609929078,0.5369680851063829,0.463031914893617
5420,YJL165C YEL036C,0.0,NA,2.4241619822618077e-09,931,6056,5224,197,0.4960509348807221,0.1332474595677687,0.825354609929078,0.5368794326241135,0.4631205673758865
5421,YJL103C YGR143W,0.0,NA,2.424892509012011e-09,931,6055,5225,197,0.4961315280464217,0.13326653306613226,0.825354609929078,0.536790780141844,0.46320921985815605
5422,YML094W YNL267W,0.0,NA,2.4344251059460476e-09,931,6054,5226,197,0.4962121212121212,0.1332856120257695,0.825354609929078,0.5367021276595745,0.4632978723404255
5423,YOR030W YDR013W,0.0,NA,2.443762081583145e-09,931,6053,5227,197,0.49629271437782074,0.13330469644902634,0.825354609929078,0.536613475177305,0.46338652482269505
5424,YER101C YCL066W,0.0,NA,2.444526581157902e-09,931,6052,5228,197,0.4963733075435203,0.13332378633825004,0.825354609929078,0.5365248226950354,0.4634751773049645
5425,YPR003C YHR037W,0.0,NA,2.4496047412725375e-09,931,6051,5229,197,0.49645390070921985,0.13334288169578917,0.825354609929078,0.5364361702127659,0.46356382978723404
5426,YGR179C YGL205W,0.0,NA,2.4563513445485796e-09,931,6050,5230,197,0.4965344938749194,0.1333619825239937,0.825354609929078,0.5363475177304965,0.46365248226950356
5427,YOR294W YDL088C,0.0,NA,2.4635347095625093e-09,931,6049,5231,197,0.49661508704061896,0.1333810888252149,0.825354609929078,0.536258865248227,0.46374113475177303
5428,YML100W YKL119C,0.0,NA,2.469806359428617e-09,931,6048,5232,197,0.4966956802063185,0.1334002006018054,0.825354609929078,0.5361702127659574,0.46382978723404256
5429,YDR338C YMR166C,0.0,NA,2.4716912960798254e-09,931,6047,5233,197,0.4967762733720181,0.13341931785611924,0.825354609929078,0.5360815602836879,0.4639184397163121
5430,YMR246W YKR042W,0.0,NA,2.476570948317658e-09,931,6046,5234,197,0.4968568665377176,0.1334384405905117,0.825354609929078,0.5359929078014184,0.46400709219858155
5431,YBR220C YJL131C,0.0,NA,2.4807120801995097e-09,931,6045,5235,197,0.49693745970341713,0.13345756880733944,0.825354609929078,0.535904255319149,0.4640957446808511
5432,YNL027W YDR488C,0.0,NA,2.4859603264815178e-09,931,6044,5236,197,0.4970180528691167,0.13347670250896057,0.825354609929078,0.5358156028368795,0.46418439716312054
5433,YKL069W YBR041W,0.0,NA,2.4892958805367016e-09,931,6043,5237,197,0.49709864603481624,0.13349584169773443,0.825354609929078,0.5357269503546099,0.46427304964539007
5434,YOR179C YML081C-A,0.0,NA,2.4921511521114326e-09,931,6042,5238,197,0.4971792392005158,0.1335149863760218,0.825354609929078,0.5356382978723404,0.4643617021276596
5435,YPR121W YDL211C,0.0,NA,2.4976567480905487e-09,931,6041,5239,197,0.49725983236621535,0.13353413654618473,0.825354609929078,0.5355496453900709,0.46445035460992906
5436,YDL006W YCR097W,0.0,NA,2.5005597592553386e-09,931,6040,5240,197,0.4973404255319149,0.1335532922105867,0.825354609929078,0.5354609929078015,0.4645390070921986
5437,YDL104C YGL203C,1.0,NA,2.507924978800702e-09,930,6040,5240,198,0.49725983236621535,0.133428981348637,0.824468085106383,0.5354609929078015,0.4645390070921986
5438,YBR175W YBL011W,0.0,NA,2.5099875511358505e-09,930,6039,5241,198,0.4973404255319149,0.1334481274214378,0.824468085106383,0.535372340425532,0.4646276595744681
5439,YMR060C YIL173W,0.0,NA,2.522869912979786e-09,930,6038,5242,198,0.49742101869761446,0.13346727898966704,0.824468085106383,0.5352836879432624,0.4647163120567376
5440,YFR006W YMR150C,1.0,NA,2.523187436764829e-09,929,6038,5242,199,0.4973404255319149,0.1333429022534807,0.8235815602836879,0.5352836879432624,0.4647163120567376
5441,YDR315C YDL139C,0.0,NA,2.5278650284121795e-09,929,6037,5243,199,0.49742101869761446,0.1333620442147574,0.8235815602836879,0.5351950354609929,0.4648049645390071
5442,YKR063C YDR130C,0.0,NA,2.5320197050149318e-09,929,6036,5244,199,0.497501611863314,0.13338119167264895,0.8235815602836879,0.5351063829787234,0.4648936170212766
5443,YPL271W YBR214W,0.0,NA,2.544287003303225e-09,929,6035,5245,199,0.4975822050290135,0.13340034462952327,0.8235815602836879,0.5350177304964538,0.4649822695035461
5444,YNR055C YPR041W,0.0,NA,2.546860500274306e-09,929,6034,5246,199,0.4976627981947131,0.13341950308774952,0.8235815602836879,0.5349290780141844,0.4650709219858156
5445,YAL044C YKR054C,0.0,NA,2.5585504825897942e-09,929,6033,5247,199,0.4977433913604126,0.13343866704969837,0.8235815602836879,0.5348404255319149,0.4651595744680851
5446,YKR027W YPR157W,0.0,NA,2.5746613729893397e-09,929,6032,5248,199,0.4978239845261122,0.1334578365177417,0.8235815602836879,0.5347517730496454,0.4652482269503546
5447,YDR184C YKL108W,0.0,NA,2.5915258827780008e-09,929,6031,5249,199,0.49790457769181173,0.13347701149425287,0.8235815602836879,0.5346631205673759,0.46533687943262414
5448,YOL123W YOR258W,0.0,NA,2.5949538073888334e-09,929,6030,5250,199,0.49798517085751126,0.13349619198160656,0.8235815602836879,0.5345744680851063,0.4654255319148936
5449,YGR098C YML055W,1.0,NA,2.5977369144669638e-09,928,6030,5250,200,0.49790457769181173,0.13337165852256397,0.8226950354609929,0.5345744680851063,0.4654255319148936
5450,YMR123W YDR532C,0.0,NA,2.6106361517008736e-09,928,6029,5251,200,0.49798517085751126,0.13339082938048008,0.8226950354609929,0.5344858156028369,0.46551418439716313
5451,YGL178W YBL018C,0.0,NA,2.617446925867739e-09,928,6028,5252,200,0.49806576402321084,0.13341000575043127,0.8226950354609929,0.5343971631205674,0.4656028368794326
5452,YMR244C-A YLR364W,0.0,NA,2.6200843716850386e-09,928,6027,5253,200,0.49814635718891037,0.1334291876347951,0.8226950354609929,0.5343085106382979,0.4656914893617021
5453,YNL072W YNL289W,0.0,NA,2.62092392233626e-09,928,6026,5254,200,0.49822695035460995,0.13344837503595053,0.8226950354609929,0.5342198581560283,0.46578014184397165
5454,YMR112C YBL052C,0.0,NA,2.6209339143434818e-09,928,6025,5255,200,0.4983075435203095,0.13346756795627787,0.8226950354609929,0.5341312056737588,0.4658687943262411
5455,YJL174W YDR150W,0.0,NA,2.6294761923395527e-09,928,6024,5256,200,0.498388136686009,0.1334867663981588,0.8226950354609929,0.5340425531914894,0.46595744680851064
5456,YKL133C YPL094C,0.0,NA,2.632401852054045e-09,928,6023,5257,200,0.4984687298517086,0.1335059703639764,0.8226950354609929,0.5339539007092199,0.46604609929078017
5457,YJL006C YDR013W,0.0,NA,2.6392692475951662e-09,928,6022,5258,200,0.4985493230174081,0.13352517985611512,0.8226950354609929,0.5338652482269504,0.46613475177304964
5458,YNL118C YKL108W,0.0,NA,2.6435515998457504e-09,928,6021,5259,200,0.49862991618310765,0.1335443948769607,0.8226950354609929,0.5337765957446808,0.46622340425531916
5459,YBL075C YNL242W,0.0,NA,2.6464928026825874e-09,928,6020,5260,200,0.49871050934880723,0.1335636154289004,0.8226950354609929,0.5336879432624113,0.46631205673758863
5460,YNL036W YJL121C,0.0,NA,2.6491291382768622e-09,928,6019,5261,200,0.49879110251450676,0.13358284151432273,0.8226950354609929,0.5335992907801419,0.46640070921985816
5461,YPR184W YDR428C,0.0,NA,2.6521018714475986e-09,928,6018,5262,200,0.49887169568020634,0.13360207313561762,0.8226950354609929,0.5335106382978724,0.4664893617021277
5462,YPL265W YPL038W,0.0,NA,2.6568611755095617e-09,928,6017,5263,200,0.49895228884590587,0.13362131029517638,0.8226950354609929,0.5334219858156029,0.46657801418439715
5463,YAR019C YDR532C,0.0,NA,2.6684250364894524e-09,928,6016,5264,200,0.4990328820116054,0.1336405529953917,0.8226950354609929,0.5333333333333333,0.4666666666666667
5464,YAL024C YOL012C,0.0,NA,2.671465271220086e-09,928,6015,5265,200,0.499113475177305,0.13365980123865764,0.8226950354609929,0.5332446808510638,0.46675531914893614
5465,YLR085C YMR247C,0.0,NA,2.6841726619153405e-09,928,6014,5266,200,0.4991940683430045,0.13367905502736963,0.8226950354609929,0.5331560283687943,0.46684397163120567
5466,YPL007C YOL165C,0.0,NA,2.684541478004121e-09,928,6013,5267,200,0.4992746615087041,0.13369831436392451,0.8226950354609929,0.5330673758865249,0.4669326241134752
5467,YOR339C YHR136C,0.0,NA,2.6876001424369633e-09,928,6012,5268,200,0.4993552546744036,0.13371757925072045,0.8226950354609929,0.5329787234042553,0.46702127659574466
5468,YOR145C YLR355C,0.0,NA,2.6963955512826487e-09,928,6011,5269,200,0.49943584784010314,0.1337368496901571,0.8226950354609929,0.5328900709219858,0.4671099290780142
5469,YOR312C YGL068W,0.0,NA,2.698242518306415e-09,928,6010,5270,200,0.4995164410058027,0.13375612568463535,0.8226950354609929,0.5328014184397163,0.4671985815602837
5470,YMR083W YPL215W,0.0,NA,2.714171332129922e-09,928,6009,5271,200,0.49959703417150225,0.1337754072365576,0.8226950354609929,0.5327127659574468,0.4672872340425532
5471,YDR244W YLR407W,0.0,NA,2.7209148267814953e-09,928,6008,5272,200,0.4996776273372018,0.13379469434832755,0.8226950354609929,0.5326241134751774,0.4673758865248227
5472,YGR224W YGL083W,0.0,NA,2.726848080669697e-09,928,6007,5273,200,0.49975822050290136,0.1338139870223504,0.8226950354609929,0.5325354609929078,0.4674645390070922
5473,YPL110C YDR473C,0.0,NA,2.728314907329832e-09,928,6006,5274,200,0.4998388136686009,0.13383328526103258,0.8226950354609929,0.5324468085106383,0.4675531914893617
5474,YLR291C YBL080C,0.0,NA,2.753670846900036e-09,928,6005,5275,200,0.4999194068343005,0.13385258906678205,0.8226950354609929,0.5323581560283688,0.4676418439716312
5475,YBR203W YJL083W,0.0,NA,2.758412387393605e-09,928,6004,5276,200,0.5,0.13387189844200809,0.8226950354609929,0.5322695035460993,0.4677304964539007
5476,YDL170W YOR172W,0.0,NA,2.7674027514024147e-09,928,6003,5277,200,0.5000805931656995,0.13389121338912133,0.8226950354609929,0.5321808510638298,0.4678191489361702
5477,YHR002W YNR062C,0.0,NA,2.7795115098427914e-09,928,6002,5278,200,0.500161186331399,0.13391053391053392,0.8226950354609929,0.5320921985815603,0.46790780141843974
5478,YER170W YIL166C,0.0,NA,2.781245456162651e-09,928,6001,5279,200,0.5002417794970987,0.13392986000865925,0.8226950354609929,0.5320035460992908,0.4679964539007092
5479,YDL125C YIL008W,0.0,NA,2.7826889681392686e-09,928,6000,5280,200,0.5003223726627982,0.13394919168591224,0.8226950354609929,0.5319148936170213,0.46808510638297873
5480,YDR150W YLR113W,0.0,NA,2.7985236350502873e-09,928,5999,5281,200,0.5004029658284977,0.13396852894470912,0.8226950354609929,0.5318262411347517,0.4681737588652482
5481,YER067W YGR220C,0.0,NA,2.8027169474142966e-09,928,5998,5282,200,0.5004835589941973,0.13398787178746752,0.8226950354609929,0.5317375886524822,0.4682624113475177
5482,YDR536W YPR194C,0.0,NA,2.805626619917234e-09,928,5997,5283,200,0.5005641521598968,0.1340072202166065,0.8226950354609929,0.5316489361702128,0.46835106382978725
5483,YLR297W YDR332W,0.0,NA,2.807146737282551e-09,928,5996,5284,200,0.5006447453255964,0.1340265742345465,0.8226950354609929,0.5315602836879433,0.4684397163120567
5484,YNL201C YOR310C,0.0,NA,2.813804522716623e-09,928,5995,5285,200,0.500725338491296,0.1340459338437094,0.8226950354609929,0.5314716312056738,0.46852836879432624
5485,YOL125W YAL017W,0.0,NA,2.8239770522020535e-09,928,5994,5286,200,0.5008059316569955,0.13406529904651834,0.8226950354609929,0.5313829787234042,0.46861702127659577
5486,YNL274C YPL249C,0.0,NA,2.831927803370604e-09,928,5993,5287,200,0.500886524822695,0.13408466984539807,0.8226950354609929,0.5312943262411347,0.46870567375886524
5487,YDR451C YBL011W,0.0,NA,2.8512225913601696e-09,928,5992,5288,200,0.5009671179883946,0.13410404624277455,0.8226950354609929,0.5312056737588653,0.46879432624113476
5488,YGR233C YOL165C,0.0,NA,2.8535183105304895e-09,928,5991,5289,200,0.5010477111540941,0.1341234282410753,0.8226950354609929,0.5311170212765958,0.46888297872340423
5489,YOR030W YAL063C,0.0,NA,2.886604066887344e-09,928,5990,5290,200,0.5011283043197937,0.1341428158427291,0.8226950354609929,0.5310283687943262,0.46897163120567376
5490,YMR159C YDL229W,0.0,NA,2.8930582374186997e-09,928,5989,5291,200,0.5012088974854932,0.13416220905016626,0.8226950354609929,0.5309397163120567,0.4690602836879433
5491,YNL217W YKL077W,0.0,NA,2.8933455631374727e-09,928,5988,5292,200,0.5012894906511928,0.1341816078658184,0.8226950354609929,0.5308510638297872,0.46914893617021275
5492,YKL112W YJR072C,0.0,NA,2.8986977262945857e-09,928,5987,5293,200,0.5013700838168923,0.1342010122921186,0.8226950354609929,0.5307624113475178,0.4692375886524823
5493,YPL265W YLR075W,0.0,NA,2.9024931347265692e-09,928,5986,5294,200,0.5014506769825918,0.1342204223315013,0.8226950354609929,0.5306737588652483,0.4693262411347518
5494,YLR291C YNL004W,0.0,NA,2.9064819440094425e-09,928,5985,5295,200,0.5015312701482915,0.13423983798640243,0.8226950354609929,0.5305851063829787,0.46941489361702127
5495,YLR438C-A YNL178W,0.0,NA,2.913097540968579e-09,928,5984,5296,200,0.501611863313991,0.13425925925925927,0.8226950354609929,0.5304964539007092,0.4695035460992908
5496,YFL027C YJR140C,0.0,NA,2.9205411422594807e-09,928,5983,5297,200,0.5016924564796905,0.13427868615251048,0.8226950354609929,0.5304078014184397,0.46959219858156026
5497,YPL053C YOL013C,0.0,NA,2.9262732237356204e-09,928,5982,5298,200,0.50177304964539,0.13429811866859623,0.8226950354609929,0.5303191489361702,0.4696808510638298
5498,YDR533C YDR434W,1.0,NA,2.936258791663704e-09,927,5982,5298,201,0.5016924564796905,0.13417281806339557,0.8218085106382979,0.5303191489361702,0.4696808510638298
5499,YGL220W YDR201W,0.0,NA,2.9422349001606563e-09,927,5981,5299,201,0.50177304964539,0.13419224088013898,0.8218085106382979,0.5302304964539007,0.4697695035460993
5500,YMR267W YOL132W,0.0,NA,2.9441098448046432e-09,927,5980,5300,201,0.5018536428110896,0.13421166932097872,0.8218085106382979,0.5301418439716312,0.4698581560283688
5501,YNL135C YML128C,0.0,NA,2.9497475573236898e-09,927,5979,5301,201,0.5019342359767892,0.13423110338835795,0.8218085106382979,0.5300531914893617,0.4699468085106383
5502,YLR085C YMR240C,0.0,NA,2.9607787332963653e-09,927,5978,5302,201,0.5020148291424887,0.13425054308472123,0.8218085106382979,0.5299645390070922,0.4700354609929078
5503,YDR077W YKR103W,0.0,NA,2.9616822327938053e-09,927,5977,5303,201,0.5020954223081883,0.13426998841251447,0.8218085106382979,0.5298758865248226,0.4701241134751773
5504,YJL185C YJL096W,0.0,NA,2.9737277085217784e-09,927,5976,5304,201,0.5021760154738878,0.13428943937418514,0.8218085106382979,0.5297872340425532,0.4702127659574468
5505,YGR143W YKL014C,0.0,NA,2.9782858401716794e-09,927,5975,5305,201,0.5022566086395873,0.13430889597218199,0.8218085106382979,0.5296985815602837,0.4703014184397163
5506,YKL204W YMR197C,0.0,NA,2.9787119437685305e-09,927,5974,5306,201,0.502337201805287,0.13432835820895522,0.8218085106382979,0.5296099290780142,0.4703900709219858
5507,YLR435W YKL184W,0.0,NA,2.980274693697993e-09,927,5973,5307,201,0.5024177949709865,0.13434782608695653,0.8218085106382979,0.5295212765957447,0.47047872340425534
5508,YDR044W YMR158W,0.0,NA,2.980348412506828e-09,927,5972,5308,201,0.502498388136686,0.13436729960863894,0.8218085106382979,0.5294326241134751,0.4705673758865248
5509,YDR377W YLR020C,0.0,NA,2.984432923014424e-09,927,5971,5309,201,0.5025789813023855,0.13438677877645694,0.8218085106382979,0.5293439716312057,0.47065602836879433
5510,YCR076C YPR157W,0.0,NA,2.9849052118890995e-09,927,5970,5310,201,0.5026595744680851,0.13440626359286648,0.8218085106382979,0.5292553191489362,0.47074468085106386
5511,YLR189C YNL052W,0.0,NA,2.9855147243296187e-09,927,5969,5311,201,0.5027401676337847,0.13442575406032484,0.8218085106382979,0.5291666666666667,0.4708333333333333
5512,YAL061W YMR166C,0.0,NA,2.992823766589936e-09,927,5968,5312,201,0.5028207607994842,0.1344452501812908,0.8218085106382979,0.5290780141843971,0.47092198581560285
5513,YMR031C YBR076W,0.0,NA,2.9953479696587237e-09,927,5967,5313,201,0.5029013539651838,0.13446475195822455,0.8218085106382979,0.5289893617021276,0.4710106382978723
5514,YKL219W YHR067W,0.0,NA,2.9975997239972685e-09,927,5966,5314,201,0.5029819471308833,0.13448425939358769,0.8218085106382979,0.5289007092198581,0.47109929078014184
5515,YGL203C YDR434W,1.0,NA,2.9990181449335296e-09,926,5966,5314,202,0.5029013539651838,0.1343586767266396,0.8209219858156028,0.5289007092198581,0.47109929078014184
5516,YDR533C YJR126C,1.0,NA,3.0093378899920253e-09,925,5966,5314,203,0.5028207607994842,0.13423305761137716,0.8200354609929078,0.5289007092198581,0.47109929078014184
5517,YDR479C YJR140C,0.0,NA,3.0134446049601138e-09,925,5965,5315,203,0.5029013539651838,0.13425253991291727,0.8200354609929078,0.5288120567375887,0.47118794326241137
5518,YKL126W YKL161C,0.0,NA,3.0154685415340055e-09,925,5964,5316,203,0.5029819471308833,0.13427202787051823,0.8200354609929078,0.5287234042553192,0.47127659574468084
5519,YBR104W YBR105C,0.0,NA,3.0220785873780187e-09,925,5963,5317,203,0.5030625402965828,0.13429152148664344,0.8200354609929078,0.5286347517730496,0.47136524822695036
5520,YGR094W YPL145C,0.0,NA,3.0297890862840404e-09,925,5962,5318,203,0.5031431334622823,0.1343110207637578,0.8200354609929078,0.5285460992907801,0.47145390070921983
5521,YOR208W YLL036C,0.0,NA,3.0329692091157767e-09,925,5961,5319,203,0.503223726627982,0.13433052570432763,0.8200354609929078,0.5284574468085106,0.47154255319148936
5522,YNL217W YMR313C,0.0,NA,3.040417695387987e-09,925,5960,5320,203,0.5033043197936815,0.13435003631082063,0.8200354609929078,0.5283687943262412,0.4716312056737589
5523,YGR229C YHL043W,0.0,NA,3.042146534681933e-09,925,5959,5321,203,0.503384912959381,0.134369552585706,0.8200354609929078,0.5282801418439717,0.47171985815602835
5524,YOL125W YLR337C,0.0,NA,3.0445959087188612e-09,925,5958,5322,203,0.5034655061250806,0.1343890745314543,0.8200354609929078,0.5281914893617021,0.4718085106382979
5525,YER177W YML048W,0.0,NA,3.0608526824238425e-09,925,5957,5323,203,0.5035460992907801,0.13440860215053763,0.8200354609929078,0.5281028368794326,0.4718971631205674
5526,YBL030C YBL057C,0.0,NA,3.066556120145947e-09,925,5956,5324,203,0.5036266924564797,0.13442813544542945,0.8200354609929078,0.5280141843971631,0.47198581560283687
5527,YGL004C YDL211C,0.0,NA,3.083994615238339e-09,925,5955,5325,203,0.5037072856221793,0.13444767441860464,0.8200354609929078,0.5279255319148937,0.4720744680851064
5528,YDR479C YPL241C,0.0,NA,3.084900557226433e-09,925,5954,5326,203,0.5037878787878788,0.1344672190725396,0.8200354609929078,0.5278368794326241,0.47216312056737586
5529,YGR206W YDL223C,0.0,NA,3.1007869605303995e-09,925,5953,5327,203,0.5038684719535783,0.13448676940971213,0.8200354609929078,0.5277482269503546,0.4722517730496454
5530,YPL274W YPR107C,0.0,NA,3.104503099038425e-09,925,5952,5328,203,0.5039490651192778,0.13450632543260144,0.8200354609929078,0.5276595744680851,0.4723404255319149
5531,YER151C YKL134C,1.0,NA,3.109569934878209e-09,924,5952,5328,204,0.5038684719535783,0.1343804537521815,0.8191489361702128,0.5276595744680851,0.4723404255319149
5532,YNL305C YLL019C,0.0,NA,3.121067848610437e-09,924,5951,5329,204,0.5039490651192778,0.1344,0.8191489361702128,0.5275709219858156,0.4724290780141844
5533,YNL178W YHL043W,0.0,NA,3.1305233960665646e-09,924,5950,5330,204,0.5040296582849775,0.13441955193482688,0.8191489361702128,0.5274822695035462,0.4725177304964539
5534,YGR183C YDR488C,0.0,NA,3.1329967509208245e-09,924,5949,5331,204,0.504110251450677,0.13443910955914448,0.8191489361702128,0.5273936170212766,0.4726063829787234
5535,YIL147C YJL026W,0.0,NA,3.1430278379929177e-09,924,5948,5332,204,0.5041908446163765,0.13445867287543656,0.8191489361702128,0.5273049645390071,0.4726950354609929
5536,YGR229C YPL158C,0.0,NA,3.1463629479588917e-09,924,5947,5333,204,0.5042714377820761,0.13447824188618832,0.8191489361702128,0.5272163120567376,0.4727836879432624
5537,YOR172W YCR095C,0.0,NA,3.1524298726992583e-09,924,5946,5334,204,0.5043520309477756,0.13449781659388646,0.8191489361702128,0.527127659574468,0.4728723404255319
5538,YLR360W YGR144W,0.0,NA,3.1570088765420223e-09,924,5945,5335,204,0.5044326241134752,0.13451739700101908,0.8191489361702128,0.5270390070921985,0.4729609929078014
5539,YPL249C YLR090W,0.0,NA,3.167062612163818e-09,924,5944,5336,204,0.5045132172791748,0.13453698311007573,0.8191489361702128,0.5269503546099291,0.47304964539007094
5540,YNL273W YER164W,0.0,NA,3.1823705892719545e-09,924,5943,5337,204,0.5045938104448743,0.1345565749235474,0.8191489361702128,0.5268617021276596,0.4731382978723404
5541,YDR357C YDL006W,0.0,NA,3.208137533405875e-09,924,5942,5338,204,0.5046744036105738,0.13457617244392658,0.8191489361702128,0.5267730496453901,0.47322695035460993
5542,YGR098C YJR126C,1.0,NA,3.210488319638216e-09,923,5942,5338,205,0.5045938104448743,0.13445010924981793,0.8182624113475178,0.5267730496453901,0.47322695035460993
5543,YDR315C YKL184W,0.0,NA,3.212405452757139e-09,923,5941,5339,205,0.5046744036105738,0.13446969696969696,0.8182624113475178,0.5266843971631205,0.47331560283687946
5544,YBR301W YML004C,0.0,NA,3.2178266717863835e-09,923,5940,5340,205,0.5047549967762733,0.13448929039778523,0.8182624113475178,0.526595744680851,0.4734042553191489
5545,YPR137W YPL112C,0.0,NA,3.2191955767757463e-09,923,5939,5341,205,0.504835589941973,0.13450888953657825,0.8182624113475178,0.5265070921985816,0.47349290780141845
5546,YNL217W YLR223C,0.0,NA,3.2460409915557875e-09,923,5938,5342,205,0.5049161831076725,0.1345284943885731,0.8182624113475178,0.5264184397163121,0.4735815602836879
5547,YOR393W YGL030W,0.0,NA,3.2529330340480556e-09,923,5937,5343,205,0.504996776273372,0.13454810495626823,0.8182624113475178,0.5263297872340426,0.47367021276595744
5548,YOR110W YMR119W,0.0,NA,3.262676129267561e-09,923,5936,5344,205,0.5050773694390716,0.13456772124216357,0.8182624113475178,0.526241134751773,0.47375886524822697
5549,YNL024C YNL107W,0.0,NA,3.2798281868196e-09,923,5935,5345,205,0.5051579626047711,0.13458734324876057,0.8182624113475178,0.5261524822695035,0.47384751773049644
5550,YJL006C YGL066W,0.0,NA,3.283853189373076e-09,923,5934,5346,205,0.5052385557704706,0.13460697097856206,0.8182624113475178,0.5260638297872341,0.47393617021276596
5551,YER177W YOL003C,0.0,NA,3.285638872085883e-09,923,5933,5347,205,0.5053191489361702,0.13462660443407234,0.8182624113475178,0.5259751773049646,0.4740248226950355
5552,YGL029W YGR132C,0.0,NA,3.2903735291966996e-09,923,5932,5348,205,0.5053997421018698,0.13464624361779723,0.8182624113475178,0.525886524822695,0.47411347517730495
5553,YDR334W YLR137W,0.0,NA,3.3047009573294872e-09,923,5931,5349,205,0.5054803352675693,0.13466588853224395,0.8182624113475178,0.5257978723404255,0.4742021276595745
5554,YGL005C YDR541C,0.0,NA,3.30806892989699e-09,923,5930,5350,205,0.5055609284332688,0.1346855391799212,0.8182624113475178,0.525709219858156,0.47429078014184395
5555,YLR226W YNR076W,0.0,NA,3.317698560323379e-09,923,5929,5351,205,0.5056415215989684,0.13470519556333918,0.8182624113475178,0.5256205673758865,0.4743794326241135
5556,YDR197W YDR532C,0.0,NA,3.336737330883466e-09,923,5928,5352,205,0.505722114764668,0.1347248576850095,0.8182624113475178,0.5255319148936171,0.474468085106383
5557,YLR315W YOR315W,0.0,NA,3.336807274934017e-09,923,5927,5353,205,0.5058027079303675,0.13474452554744526,0.8182624113475178,0.5254432624113475,0.47455673758865247
5558,YKL061W YDR264C,0.0,NA,3.341602994311188e-09,923,5926,5354,205,0.505883301096067,0.13476419915316104,0.8182624113475178,0.525354609929078,0.474645390070922
5559,YEL071W YBR223C,0.0,NA,3.342776278003612e-09,923,5925,5355,205,0.5059638942617666,0.1347838785046729,0.8182624113475178,0.5252659574468085,0.4747340425531915
5560,YLR375W YLR223C,0.0,NA,3.348391564017561e-09,923,5924,5356,205,0.5060444874274661,0.13480356360449833,0.8182624113475178,0.525177304964539,0.474822695035461
5561,YHR063C YPL042C,0.0,NA,3.3812634914198725e-09,923,5923,5357,205,0.5061250805931657,0.1348232544551563,0.8182624113475178,0.5250886524822695,0.4749113475177305
5562,YLR142W YIL017C,0.0,NA,3.3864204773692563e-09,923,5922,5358,205,0.5062056737588653,0.13484295105916727,0.8182624113475178,0.525,0.475
5563,YGR141W YDR473C,0.0,NA,3.3881843997107808e-09,923,5921,5359,205,0.5062862669245648,0.13486265341905318,0.8182624113475178,0.5249113475177305,0.4750886524822695
5564,YHR112C YJR141W,0.0,NA,3.39803452042986e-09,923,5920,5360,205,0.5063668600902643,0.13488236153733743,0.8182624113475178,0.524822695035461,0.475177304964539
5565,YMR301C YAR066W,0.0,NA,3.4242482183088896e-09,923,5919,5361,205,0.5064474532559639,0.13490207541654486,0.8182624113475178,0.5247340425531914,0.4752659574468085
5566,YGR179C YDR379W,0.0,NA,3.4382729996451644e-09,923,5918,5362,205,0.5065280464216635,0.13492179505920188,0.8182624113475178,0.524645390070922,0.475354609929078
5567,YNR062C YEL012W,0.0,NA,3.4544895832766542e-09,923,5917,5363,205,0.506608639587363,0.13494152046783625,0.8182624113475178,0.5245567375886525,0.47544326241134754
5568,YER053C YHR021W-A,0.0,NA,3.4619234146049394e-09,923,5916,5364,205,0.5066892327530625,0.13496125164497733,0.8182624113475178,0.524468085106383,0.475531914893617
5569,YDR364C YNL084C,0.0,NA,3.468387355098912e-09,923,5915,5365,205,0.5067698259187621,0.13498098859315588,0.8182624113475178,0.5243794326241135,0.47562056737588654
5570,YHR174W YDR517W,0.0,NA,3.473617393723316e-09,923,5914,5366,205,0.5068504190844616,0.1350007313149042,0.8182624113475178,0.5242907801418439,0.475709219858156
5571,YNR051C YBR019C,0.0,NA,3.481656740689232e-09,923,5913,5367,205,0.5069310122501612,0.135020479812756,0.8182624113475178,0.5242021276595744,0.47579787234042553
5572,YOL090W YKL007W,0.0,NA,3.481736232657795e-09,923,5912,5368,205,0.5070116054158608,0.13504023408924654,0.8182624113475178,0.524113475177305,0.47588652482269506
5573,YHR168W YJR044C,0.0,NA,3.4949767524494746e-09,923,5911,5369,205,0.5070921985815603,0.1350599941469125,0.8182624113475178,0.5240248226950355,0.4759751773049645
5574,YHR107C YBL057C,0.0,NA,3.4971308071618523e-09,923,5910,5370,205,0.5071727917472598,0.1350797599882921,0.8182624113475178,0.523936170212766,0.47606382978723405
5575,YPR144C YOL125W,0.0,NA,3.4972842399838555e-09,923,5909,5371,205,0.5072533849129593,0.13509953161592506,0.8182624113475178,0.5238475177304964,0.4761524822695035
5576,YGR224W YIL173W,0.0,NA,3.502117040810049e-09,923,5908,5372,205,0.5073339780786589,0.1351193090323525,0.8182624113475178,0.5237588652482269,0.47624113475177304
5577,YPR052C YOL153C,0.0,NA,3.50806694804362e-09,923,5907,5373,205,0.5074145712443585,0.13513909224011714,0.8182624113475178,0.5236702127659575,0.47632978723404257
5578,YNL137C YHR063C,0.0,NA,3.5106035856102835e-09,923,5906,5374,205,0.507495164410058,0.13515888124176306,0.8182624113475178,0.523581560283688,0.47641843971631204
5579,YAR018C YHR150W,0.0,NA,3.5138998377703956e-09,923,5905,5375,205,0.5075757575757576,0.13517867603983597,0.8182624113475178,0.5234929078014184,0.47650709219858156
5580,YPL250C YKR020W,0.0,NA,3.5250633523276065e-09,923,5904,5376,205,0.5076563507414571,0.13519847663688297,0.8182624113475178,0.5234042553191489,0.4765957446808511
5581,YHR021C YOR258W,0.0,NA,3.5276999099664863e-09,923,5903,5377,205,0.5077369439071566,0.1352182830354527,0.8182624113475178,0.5233156028368794,0.47668439716312055
5582,YOR204W YBR228W,0.0,NA,3.530419290243003e-09,923,5902,5378,205,0.5078175370728563,0.13523809523809524,0.8182624113475178,0.52322695035461,0.4767730496453901
5583,YDR139C YML132W,0.0,NA,3.53189433255352e-09,923,5901,5379,205,0.5078981302385558,0.13525791324736225,0.8182624113475178,0.5231382978723405,0.47686170212765955
5584,YBR203W YKL017C,0.0,NA,3.537800496999921e-09,923,5900,5380,205,0.5079787234042553,0.13527773706580684,0.8182624113475178,0.5230496453900709,0.4769503546099291
5585,YBR059C YKL188C,0.0,NA,3.5381040319748536e-09,923,5899,5381,205,0.5080593165699548,0.13529756669598358,0.8182624113475178,0.5229609929078014,0.4770390070921986
5586,YGL099W YKL032C,0.0,NA,3.541696047548726e-09,923,5898,5382,205,0.5081399097356544,0.13531740214044863,0.8182624113475178,0.5228723404255319,0.47712765957446807
5587,YDR331W YFR052W,1.0,NA,3.552873328871442e-09,922,5898,5382,206,0.5080593165699548,0.13519061583577713,0.8173758865248227,0.5228723404255319,0.47712765957446807
5588,YOR391C YFR006W,1.0,NA,3.5612859328182367e-09,921,5898,5382,207,0.5079787234042553,0.1350637923449186,0.8164893617021277,0.5228723404255319,0.47712765957446807
5589,YCL031C YHR021W-A,0.0,NA,3.5665612685420456e-09,921,5897,5383,207,0.5080593165699548,0.13508360222939278,0.8164893617021277,0.5227836879432625,0.4772163120567376
5590,YPR163C YDR359C,0.0,NA,3.5669489584222447e-09,921,5896,5384,207,0.5081399097356544,0.1351034179257738,0.8164893617021277,0.5226950354609929,0.4773049645390071
5591,YEL020C YDR313C,0.0,NA,3.571394291412844e-09,921,5895,5385,207,0.508220502901354,0.13512323943661972,0.8164893617021277,0.5226063829787234,0.4773936170212766
5592,YHR033W YGL068W,0.0,NA,3.5728116021260803e-09,921,5894,5386,207,0.5083010960670535,0.1351430667644901,0.8164893617021277,0.5225177304964539,0.4774822695035461
5593,YNL084C YNL131W,0.0,NA,3.580561180882569e-09,921,5893,5387,207,0.5083816892327531,0.135162899911946,0.8164893617021277,0.5224290780141844,0.4775709219858156
5594,YOR059C YNL042W,0.0,NA,3.58245344500574e-09,921,5892,5388,207,0.5084622823984526,0.13518273888154997,0.8164893617021277,0.5223404255319148,0.4776595744680851
5595,YMR112C YMR134W,0.0,NA,3.5873424231169793e-09,921,5891,5389,207,0.5085428755641521,0.13520258367586613,0.8164893617021277,0.5222517730496454,0.4777482269503546
5596,YOR347C YJR004C,0.0,NA,3.608712884073384e-09,921,5890,5390,207,0.5086234687298518,0.13522243429746,0.8164893617021277,0.5221631205673759,0.4778368794326241
5597,YKL173W YHR105W,0.0,NA,3.6146230453226735e-09,921,5889,5391,207,0.5087040618955513,0.13524229074889868,0.8164893617021277,0.5220744680851064,0.4779255319148936
5598,YBL097W YKL028W,0.0,NA,3.6182239426807428e-09,921,5888,5392,207,0.5087846550612508,0.13526215303275077,0.8164893617021277,0.5219858156028369,0.47801418439716314
5599,YMR325W YCR020C-A,0.0,NA,3.624938127444466e-09,921,5887,5393,207,0.5088652482269503,0.13528202115158636,0.8164893617021277,0.5218971631205673,0.4781028368794326
5600,YNL326C YHL031C,0.0,NA,3.646574153748361e-09,921,5886,5394,207,0.5089458413926499,0.13530189510797708,0.8164893617021277,0.5218085106382979,0.47819148936170214
5601,YHR143W YOR264W,0.0,NA,3.6564919980719424e-09,921,5885,5395,207,0.5090264345583495,0.13532177490449604,0.8164893617021277,0.5217198581560284,0.4782801418439716
5602,YJR141W YOR156C,0.0,NA,3.6589198337821927e-09,921,5884,5396,207,0.509107027724049,0.13534166054371785,0.8164893617021277,0.5216312056737589,0.47836879432624113
5603,YDR364C YNR007C,0.0,NA,3.6636895739405873e-09,921,5883,5397,207,0.5091876208897486,0.1353615520282187,0.8164893617021277,0.5215425531914893,0.47845744680851066
5604,YKL196C YMR137C,0.0,NA,3.7167093847045862e-09,921,5882,5398,207,0.5092682140554481,0.13538144936057622,0.8164893617021277,0.5214539007092198,0.4785460992907801
5605,YFL046W YGR202C,0.0,NA,3.7261358443174686e-09,921,5881,5399,207,0.5093488072211476,0.1354013525433696,0.8164893617021277,0.5213652482269504,0.47863475177304965
5606,YDR311W YBL052C,0.0,NA,3.730067810181481e-09,921,5880,5400,207,0.5094294003868471,0.13542126157917952,0.8164893617021277,0.5212765957446809,0.4787234042553192
5607,YBR044C YPL218W,0.0,NA,3.740191711898433e-09,921,5879,5401,207,0.5095099935525468,0.13544117647058823,0.8164893617021277,0.5211879432624114,0.47881205673758864
5608,YDR244W YPL096W,0.0,NA,3.742931742323208e-09,921,5878,5402,207,0.5095905867182463,0.13546109722017943,0.8164893617021277,0.5210992907801418,0.47890070921985817
5609,YDR077W YIL112W,0.0,NA,3.748933607994331e-09,921,5877,5403,207,0.5096711798839458,0.1354810238305384,0.8164893617021277,0.5210106382978723,0.47898936170212764
5610,YKL171W YOR303W,0.0,NA,3.755460387111498e-09,921,5876,5404,207,0.5097517730496454,0.13550095630425188,0.8164893617021277,0.5209219858156028,0.47907801418439716
5611,YJL051W YKR094C,0.0,NA,3.757609778887172e-09,921,5875,5405,207,0.5098323662153449,0.13552089464390818,0.8164893617021277,0.5208333333333334,0.4791666666666667
5612,YHR058C YCR037C,0.0,NA,3.777241630587014e-09,921,5874,5406,207,0.5099129593810445,0.13554083885209714,0.8164893617021277,0.5207446808510638,0.47925531914893615
5613,YKL061W YOR069W,0.0,NA,3.783096058640467e-09,921,5873,5407,207,0.5099935525467441,0.13556078893141008,0.8164893617021277,0.5206560283687943,0.4793439716312057
5614,YKL093W YPR151C,0.0,NA,3.803615200581589e-09,921,5872,5408,207,0.5100741457124436,0.13558074488443986,0.8164893617021277,0.5205673758865248,0.4794326241134752
5615,YLR176C YLR147C,0.0,NA,3.823311889306069e-09,921,5871,5409,207,0.5101547388781431,0.1356007067137809,0.8164893617021277,0.5204787234042553,0.47952127659574467
5616,YBL079W YHR176W,0.0,NA,3.844166762689838e-09,921,5870,5410,207,0.5102353320438426,0.13562067442202916,0.8164893617021277,0.5203900709219859,0.4796099290780142
5617,YGR037C YLR113W,0.0,NA,3.850940011318471e-09,921,5869,5411,207,0.5103159252095423,0.13564064801178202,0.8164893617021277,0.5203014184397163,0.47969858156028367
5618,YPR070W YER163C,0.0,NA,3.854210284259807e-09,921,5868,5412,207,0.5103965183752418,0.13566062748563854,0.8164893617021277,0.5202127659574468,0.4797872340425532
5619,YKL093W YDR346C,0.0,NA,3.854548680237713e-09,921,5867,5413,207,0.5104771115409413,0.13568061284619917,0.8164893617021277,0.5201241134751773,0.4798758865248227
5620,YPL265W YBR136W,0.0,NA,3.876719389950267e-09,921,5866,5414,207,0.5105577047066409,0.13570060409606602,0.8164893617021277,0.5200354609929078,0.4799645390070922
5621,YKL126W YNL126W,0.0,NA,3.880196164374183e-09,921,5865,5415,207,0.5106382978723404,0.13572060123784263,0.8164893617021277,0.5199468085106383,0.4800531914893617
5622,YLR355C YHL043W,0.0,NA,3.8802996371600784e-09,921,5864,5416,207,0.51071889103804,0.13574060427413412,0.8164893617021277,0.5198581560283688,0.48014184397163123
5623,YPR030W YJR072C,0.0,NA,3.881928112292599e-09,921,5863,5417,207,0.5107994842037396,0.13576061320754718,0.8164893617021277,0.5197695035460993,0.4802304964539007
5624,YKL185W YDR451C,0.0,NA,3.895055833424976e-09,921,5862,5418,207,0.5108800773694391,0.13578062804068997,0.8164893617021277,0.5196808510638298,0.4803191489361702
5625,YDR379W YPR003C,0.0,NA,3.8960146220290426e-09,921,5861,5419,207,0.5109606705351386,0.13580064877617223,0.8164893617021277,0.5195921985815602,0.4804078014184397
5626,YPL131W YOR107W,0.0,NA,3.897760780802173e-09,921,5860,5420,207,0.5110412637008381,0.13582067541660522,0.8164893617021277,0.5195035460992907,0.4804964539007092
5627,YOR291W YAR027W,0.0,NA,3.91663768084527e-09,921,5859,5421,207,0.5111218568665378,0.13584070796460176,0.8164893617021277,0.5194148936170213,0.48058510638297874
5628,YDR323C YDR228C,0.0,NA,3.9195526824187255e-09,921,5858,5422,207,0.5112024500322373,0.1358607464227762,0.8164893617021277,0.5193262411347518,0.4806737588652482
5629,YMR003W YJR141W,0.0,NA,3.924444769154434e-09,921,5857,5423,207,0.5112830431979368,0.13588079079374446,0.8164893617021277,0.5192375886524823,0.48076241134751774
5630,YNL039W YNL202W,0.0,NA,3.930302749921566e-09,921,5856,5424,207,0.5113636363636364,0.13590084108012396,0.8164893617021277,0.5191489361702127,0.4808510638297872
5631,YFR016C YER059W,0.0,NA,3.9346903513148845e-09,921,5855,5425,207,0.5114442295293359,0.13592089728453366,0.8164893617021277,0.5190602836879432,0.48093971631205673
5632,YMR031C YDR283C,0.0,NA,3.960916927781e-09,921,5854,5426,207,0.5115248226950354,0.1359409594095941,0.8164893617021277,0.5189716312056738,0.48102836879432626
5633,YER139C YKR035W-A,0.0,NA,3.966874384531138e-09,921,5853,5427,207,0.511605415860735,0.13596102745792737,0.8164893617021277,0.5188829787234043,0.4811170212765957
5634,YJL174W YEL017C-A,0.0,NA,3.980964891070471e-09,921,5852,5428,207,0.5116860090264346,0.13598110143215708,0.8164893617021277,0.5187943262411348,0.48120567375886525
5635,YJR126C YKL134C,1.0,NA,3.98194499595661e-09,920,5852,5428,208,0.511605415860735,0.13585351447135263,0.8156028368794326,0.5187943262411348,0.48120567375886525
5636,YDL025C YER002W,0.0,NA,4.022333133235634e-09,920,5851,5429,208,0.5116860090264346,0.1358735784965293,0.8156028368794326,0.5187056737588652,0.4812943262411348
5637,YKL132C YDR217C,0.0,NA,4.026309063931421e-09,920,5850,5430,208,0.5117666021921341,0.1358936484490399,0.8156028368794326,0.5186170212765957,0.48138297872340424
5638,YPR070W YJL002C,0.0,NA,4.029328426469192e-09,920,5849,5431,208,0.5118471953578336,0.1359137243315113,0.8156028368794326,0.5185283687943263,0.48147163120567377
5639,YHR167W YNL311C,0.0,NA,4.032626677030748e-09,920,5848,5432,208,0.5119277885235332,0.1359338061465721,0.8156028368794326,0.5184397163120568,0.48156028368794324
5640,YFL045C YLL005C,0.0,NA,4.039501177999227e-09,920,5847,5433,208,0.5120083816892328,0.13595389389685236,0.8156028368794326,0.5183510638297872,0.48164893617021276
5641,YIL042C YOL144W,0.0,NA,4.039932832711202e-09,920,5846,5434,208,0.5120889748549323,0.13597398758498375,0.8156028368794326,0.5182624113475177,0.4817375886524823
5642,YDL125C YGL044C,0.0,NA,4.04044131485648e-09,920,5845,5435,208,0.5121695680206318,0.1359940872135994,0.8156028368794326,0.5181737588652482,0.48182624113475175
5643,YMR159C YJL103C,0.0,NA,4.061689651280176e-09,920,5844,5436,208,0.5122501611863314,0.1360141927853341,0.8156028368794326,0.5180851063829788,0.4819148936170213
5644,YDR377W YDL137W,0.0,NA,4.061689651280176e-09,920,5843,5437,208,0.5123307543520309,0.13603430430282418,0.8156028368794326,0.5179964539007093,0.4820035460992908
5645,YGL105W YIR014W,0.0,NA,4.062015168670996e-09,920,5842,5438,208,0.5124113475177305,0.1360544217687075,0.8156028368794326,0.5179078014184397,0.48209219858156027
5646,YOR116C YHL006C,0.0,NA,4.062480130073709e-09,920,5841,5439,208,0.5124919406834301,0.13607454518562342,0.8156028368794326,0.5178191489361702,0.4821808510638298
5647,YDL217C YMR119W,0.0,NA,4.096311290169297e-09,920,5840,5440,208,0.5125725338491296,0.13609467455621302,0.8156028368794326,0.5177304964539007,0.48226950354609927
5648,YPL233W YGR080W,0.0,NA,4.114030449642314e-09,920,5839,5441,208,0.5126531270148291,0.1361148098831188,0.8156028368794326,0.5176418439716312,0.4823581560283688
5649,YKR105C YHR077C,0.0,NA,4.122883368040675e-09,920,5838,5442,208,0.5127337201805287,0.1361349511689849,0.8156028368794326,0.5175531914893617,0.4824468085106383
5650,YHR124W YPL158C,0.0,NA,4.123866581551283e-09,920,5837,5443,208,0.5128143133462283,0.136155098416457,0.8156028368794326,0.5174645390070922,0.4825354609929078
5651,YGL105W YOR298C-A,0.0,NA,4.148709820128715e-09,920,5836,5444,208,0.5128949065119278,0.13617525162818236,0.8156028368794326,0.5173758865248227,0.4826241134751773
5652,YDR520C YAL047C,0.0,NA,4.168157818895679e-09,920,5835,5445,208,0.5129754996776273,0.13619541080680977,0.8156028368794326,0.5172872340425532,0.48271276595744683
5653,YNL267W YPL231W,0.0,NA,4.171004874820028e-09,920,5834,5446,208,0.5130560928433269,0.13621557595498965,0.8156028368794326,0.5171985815602836,0.4828014184397163
5654,YPL227C YDR330W,0.0,NA,4.179295132189509e-09,920,5833,5447,208,0.5131366860090264,0.13623574707537392,0.8156028368794326,0.5171099290780142,0.4828900709219858
5655,YFL034C-A YBR214W,0.0,NA,4.182325152868316e-09,920,5832,5448,208,0.513217279174726,0.1362559241706161,0.8156028368794326,0.5170212765957447,0.4829787234042553
5656,YFL062W YNL012W,0.0,NA,4.183817292613412e-09,920,5831,5449,208,0.5132978723404256,0.13627610724337136,0.8156028368794326,0.5169326241134752,0.4830673758865248
5657,YDL211C YLR167W,0.0,NA,4.1901424552293065e-09,920,5830,5450,208,0.5133784655061251,0.1362962962962963,0.8156028368794326,0.5168439716312057,0.48315602836879434
5658,YML114C YBL057C,0.0,NA,4.2142191958305375e-09,920,5829,5451,208,0.5134590586718246,0.1363164913320492,0.8156028368794326,0.5167553191489361,0.4832446808510638
5659,YIL026C YKL039W,0.0,NA,4.214476323483041e-09,920,5828,5452,208,0.5135396518375241,0.13633669235328985,0.8156028368794326,0.5166666666666667,0.48333333333333334
5660,YLR131C YKL122C,0.0,NA,4.221258453895871e-09,920,5827,5453,208,0.5136202450032237,0.13635689936267972,0.8156028368794326,0.5165780141843972,0.48342198581560286
5661,YCL050C YBR076W,0.0,NA,4.235541695152278e-09,920,5826,5454,208,0.5137008381689233,0.13637711236288172,0.8156028368794326,0.5164893617021277,0.48351063829787233
5662,YLR006C YER059W,0.0,NA,4.239105511061325e-09,920,5825,5455,208,0.5137814313346228,0.1363973313565604,0.8156028368794326,0.5164007092198581,0.48359929078014185
5663,YKL096W YBR273C,0.0,NA,4.249086860141915e-09,920,5824,5456,208,0.5138620245003224,0.13641755634638197,0.8156028368794326,0.5163120567375886,0.4836879432624113
5664,YFL001W YOR304C-A,0.0,NA,4.252946439464722e-09,920,5823,5457,208,0.5139426176660219,0.13643778733501408,0.8156028368794326,0.5162234042553191,0.48377659574468085
5665,YCR105W YHR083W,0.0,NA,4.267670661306511e-09,920,5822,5458,208,0.5140232108317214,0.13645802432512608,0.8156028368794326,0.5161347517730497,0.4838652482269504
5666,YML076C YDL139C,0.0,NA,4.2685659451535685e-09,920,5821,5459,208,0.5141038039974211,0.1364782673193888,0.8156028368794326,0.5160460992907802,0.48395390070921984
5667,YLR258W YJR044C,0.0,NA,4.2701948643752985e-09,920,5820,5460,208,0.5141843971631206,0.13649851632047477,0.8156028368794326,0.5159574468085106,0.48404255319148937
5668,YPL175W YML094W,0.0,NA,4.2943217870572425e-09,920,5819,5461,208,0.5142649903288201,0.13651877133105803,0.8156028368794326,0.5158687943262411,0.4841312056737589
5669,YMR056C YKL201C,0.0,NA,4.302610712159094e-09,920,5818,5462,208,0.5143455834945196,0.13653903235381418,0.8156028368794326,0.5157801418439716,0.48421985815602836
5670,YGR081C YBR163W,0.0,NA,4.304186784764852e-09,920,5817,5463,208,0.5144261766602192,0.1365592993914205,0.8156028368794326,0.5156914893617022,0.4843085106382979
5671,YDR034C YDR405W,0.0,NA,4.323811086948126e-09,920,5816,5464,208,0.5145067698259188,0.13657957244655583,0.8156028368794326,0.5156028368794326,0.48439716312056735
5672,YOL003C YGR006W,0.0,NA,4.33982361158769e-09,920,5815,5465,208,0.5145873629916183,0.13659985152190052,0.8156028368794326,0.5155141843971631,0.4844858156028369
5673,YPR118W YDR036C,0.0,NA,4.34136326887824e-09,920,5814,5466,208,0.5146679561573179,0.1366201366201366,0.8156028368794326,0.5154255319148936,0.4845744680851064
5674,YER164W YMR004W,0.0,NA,4.367358918955233e-09,920,5813,5467,208,0.5147485493230174,0.13664042774394772,0.8156028368794326,0.5153368794326241,0.48466312056737587
5675,YPR043W YDL208W,0.0,NA,4.3696086748923335e-09,920,5812,5468,208,0.5148291424887169,0.13666072489601902,0.8156028368794326,0.5152482269503547,0.4847517730496454
5676,YHR086W YHR102W,0.0,NA,4.3907708580093185e-09,920,5811,5469,208,0.5149097356544166,0.1366810280790373,0.8156028368794326,0.5151595744680851,0.4848404255319149
5677,YKL071W YLR150W,0.0,NA,4.391650154644822e-09,920,5810,5470,208,0.5149903288201161,0.13670133729569092,0.8156028368794326,0.5150709219858156,0.4849290780141844
5678,YMR150C YIR039C,1.0,NA,4.394549169006723e-09,919,5810,5470,209,0.5149097356544166,0.1365730420567692,0.8147163120567376,0.5150709219858156,0.4849290780141844
5679,YMR200W YPL150W,0.0,NA,4.443858170333215e-09,919,5809,5471,209,0.5149903288201161,0.1365933412604043,0.8147163120567376,0.5149822695035461,0.4850177304964539
5680,YOR110W YFL042C,0.0,NA,4.45118741865258e-09,919,5808,5472,209,0.5150709219858156,0.1366136464991824,0.8147163120567376,0.5148936170212766,0.4851063829787234
5681,YDL015C YNL220W,0.0,NA,4.452596957804644e-09,919,5807,5473,209,0.5151515151515151,0.13663395777579543,0.8147163120567376,0.514804964539007,0.4851950354609929
5682,YOR110W YKL002W,0.0,NA,4.466955694226726e-09,919,5806,5474,209,0.5152321083172147,0.13665427509293682,0.8147163120567376,0.5147163120567376,0.48528368794326243
5683,YPR003C YER101C,0.0,NA,4.473333259369383e-09,919,5805,5475,209,0.5153127014829143,0.1366745984533016,0.8147163120567376,0.5146276595744681,0.4853723404255319
5684,YBR074W YFR018C,1.0,NA,4.477994419715969e-09,918,5805,5475,210,0.5152321083172147,0.13654618473895583,0.8138297872340425,0.5146276595744681,0.4853723404255319
5685,YDR392W YHR127W,0.0,NA,4.485020799194217e-09,918,5804,5476,210,0.5153127014829143,0.13656649806605178,0.8138297872340425,0.5145390070921986,0.4854609929078014
5686,YOR360C YDL229W,0.0,NA,4.504283612760673e-09,918,5803,5477,210,0.5153932946486138,0.13658681743788126,0.8138297872340425,0.514450354609929,0.48554964539007095
5687,YBR132C YDR528W,0.0,NA,4.520352092640678e-09,918,5802,5478,210,0.5154738878143134,0.13660714285714284,0.8138297872340425,0.5143617021276595,0.4856382978723404
5688,YLR117C YMR265C,0.0,NA,4.544419507368502e-09,918,5801,5479,210,0.5155544809800129,0.13662747432653669,0.8138297872340425,0.5142730496453901,0.48572695035460994
5689,YGR143W YMR125W,0.0,NA,4.545347209727879e-09,918,5800,5480,210,0.5156350741457124,0.1366478118487645,0.8138297872340425,0.5141843971631206,0.4858156028368794
5690,YHR168W YPL274W,0.0,NA,4.563241784438787e-09,918,5799,5481,210,0.5157156673114119,0.1366681554265297,0.8138297872340425,0.5140957446808511,0.48590425531914894
5691,YOR110W YPL057C,0.0,NA,4.566680811279866e-09,918,5798,5482,210,0.5157962604771116,0.1366885050625372,0.8138297872340425,0.5140070921985815,0.48599290780141846
5692,YKR035W-A YMR278W,0.0,NA,4.590994695519157e-09,918,5797,5483,210,0.5158768536428111,0.13670886075949368,0.8138297872340425,0.513918439716312,0.48608156028368793
5693,YCL056C YNR007C,0.0,NA,4.595532843154615e-09,918,5796,5484,210,0.5159574468085106,0.13672922252010725,0.8138297872340425,0.5138297872340426,0.48617021276595745
5694,YLL036C YBL060W,0.0,NA,4.597435321329613e-09,918,5795,5485,210,0.5160380399742102,0.13674959034708775,0.8138297872340425,0.5137411347517731,0.4862588652482269
5695,YHL023C YCR076C,0.0,NA,4.602514813711878e-09,918,5794,5486,210,0.5161186331399097,0.1367699642431466,0.8138297872340425,0.5136524822695036,0.48634751773049645
5696,YBR169C YGL238W,0.0,NA,4.6285824062408665e-09,918,5793,5487,210,0.5161992263056093,0.13679034421099687,0.8138297872340425,0.513563829787234,0.486436170212766
5697,YMR086W YKL184W,0.0,NA,4.653642804441915e-09,918,5792,5488,210,0.5162798194713089,0.1368107302533532,0.8138297872340425,0.5134751773049645,0.48652482269503544
5698,YLR226W YDR541C,0.0,NA,4.657407792763024e-09,918,5791,5489,210,0.5163604126370084,0.13683112237293188,0.8138297872340425,0.5133865248226951,0.48661347517730497
5699,YJR072C YNL146W,0.0,NA,4.66669103360573e-09,918,5790,5490,210,0.5164410058027079,0.1368515205724508,0.8138297872340425,0.5132978723404256,0.4867021276595745
5700,YOL017W YJL178C,0.0,NA,4.667438879835117e-09,918,5789,5491,210,0.5165215989684074,0.13687192485462948,0.8138297872340425,0.513209219858156,0.48679078014184396
5701,YDR460W YKL051W,0.0,NA,4.6759214278324635e-09,918,5788,5492,210,0.5166021921341071,0.13689233522218908,0.8138297872340425,0.5131205673758865,0.4868794326241135
5702,YGL220W YPR072W,0.0,NA,4.695252631137237e-09,918,5787,5493,210,0.5166827852998066,0.13691275167785236,0.8138297872340425,0.513031914893617,0.48696808510638295
5703,YNL146W YGL143C,0.0,NA,4.712398027351128e-09,918,5786,5494,210,0.5167633784655061,0.13693317422434367,0.8138297872340425,0.5129432624113475,0.4870567375886525
5704,YCR094W YJR094W-A,0.0,NA,4.723430091502223e-09,918,5785,5495,210,0.5168439716312057,0.13695360286438907,0.8138297872340425,0.512854609929078,0.487145390070922
5705,YER102W YOR303W,0.0,NA,4.723808455509015e-09,918,5784,5496,210,0.5169245647969052,0.1369740376007162,0.8138297872340425,0.5127659574468085,0.48723404255319147
5706,YPL023C YJR082C,0.0,NA,4.737632064433228e-09,918,5783,5497,210,0.5170051579626048,0.1369944784360543,0.8138297872340425,0.512677304964539,0.487322695035461
5707,YNL030W YDR541C,0.0,NA,4.7507073830388435e-09,918,5782,5498,210,0.5170857511283043,0.13701492537313434,0.8138297872340425,0.5125886524822695,0.4874113475177305
5708,YBR029C YJR055W,0.0,NA,4.759859173475434e-09,918,5781,5499,210,0.5171663442940039,0.13703537841468877,0.8138297872340425,0.5125,0.4875
5709,YKL077W YIL067C,0.0,NA,4.809797893301493e-09,918,5780,5500,210,0.5172469374597034,0.13705583756345177,0.8138297872340425,0.5124113475177305,0.4875886524822695
5710,YGR046W YKR027W,0.0,NA,4.8098436344901074e-09,918,5779,5501,210,0.5173275306254029,0.13707630282215919,0.8138297872340425,0.512322695035461,0.487677304964539
5711,YNL119W YML098W,0.0,NA,4.8162056565104194e-09,918,5778,5502,210,0.5174081237911026,0.13709677419354838,0.8138297872340425,0.5122340425531915,0.4877659574468085
5712,YPR162C YML077W,0.0,NA,4.818732524114466e-09,918,5777,5503,210,0.5174887169568021,0.1371172516803585,0.8138297872340425,0.512145390070922,0.48785460992907803
5713,YAR018C YJR009C,0.0,NA,4.831524513804197e-09,918,5776,5504,210,0.5175693101225016,0.13713773528533016,0.8138297872340425,0.5120567375886524,0.4879432624113475
5714,YHR033W YML004C,0.0,NA,4.838903056025856e-09,918,5775,5505,210,0.5176499032882012,0.13715822501120573,0.8138297872340425,0.511968085106383,0.488031914893617
5715,YFR022W YOR084W,0.0,NA,4.840407630268828e-09,918,5774,5506,210,0.5177304964539007,0.13717872086072924,0.8138297872340425,0.5118794326241135,0.48812056737588655
5716,YJL006C YPL059W,0.0,NA,4.850943646772521e-09,918,5773,5507,210,0.5178110896196002,0.13719922283664623,0.8138297872340425,0.511790780141844,0.488209219858156
5717,YBL042C YOR316C,0.0,NA,4.864693980977108e-09,918,5772,5508,210,0.5178916827852998,0.13721973094170403,0.8138297872340425,0.5117021276595745,0.48829787234042554
5718,YGL143C YOL139C,0.0,NA,4.8665684815318855e-09,918,5771,5509,210,0.5179722759509994,0.13724024517865152,0.8138297872340425,0.5116134751773049,0.488386524822695
5719,YLR114C YGR080W,0.0,NA,4.869149528019534e-09,918,5770,5510,210,0.5180528691166989,0.13726076555023922,0.8138297872340425,0.5115248226950354,0.48847517730496454
5720,YBR104W YMR025W,0.0,NA,4.873628167700872e-09,918,5769,5511,210,0.5181334622823984,0.13728129205921938,0.8138297872340425,0.511436170212766,0.48856382978723406
5721,YIL042C YPR174C,0.0,NA,4.876026693523272e-09,918,5768,5512,210,0.518214055448098,0.1373018247083458,0.8138297872340425,0.5113475177304965,0.48865248226950353
5722,YNR009W YNR051C,0.0,NA,4.8824113640932865e-09,918,5767,5513,210,0.5182946486137976,0.13732236350037397,0.8138297872340425,0.511258865248227,0.48874113475177305
5723,YMR221C YOR192C,0.0,NA,4.896661298658955e-09,918,5766,5514,210,0.5183752417794971,0.13734290843806105,0.8138297872340425,0.5111702127659574,0.4888297872340426
5724,YJL020C YBL019W,0.0,NA,4.897342975596075e-09,918,5765,5515,210,0.5184558349451966,0.1373634595241658,0.8138297872340425,0.5110815602836879,0.48891843971631205
5725,YMR238W YKR105C,0.0,NA,4.901277161906137e-09,918,5764,5516,210,0.5185364281108962,0.13738401676144868,0.8138297872340425,0.5109929078014185,0.48900709219858157
5726,YKR066C YOL017W,0.0,NA,4.90878981906917e-09,918,5763,5517,210,0.5186170212765957,0.13740458015267176,0.8138297872340425,0.510904255319149,0.48909574468085104
5727,YMR260C YJR046W,0.0,NA,4.912545481516872e-09,918,5762,5518,210,0.5186976144422953,0.1374251497005988,0.8138297872340425,0.5108156028368794,0.48918439716312057
5728,YPR056W YMR163C,0.0,NA,4.927147134736742e-09,918,5761,5519,210,0.5187782076079949,0.1374457254079952,0.8138297872340425,0.5107269503546099,0.4892730496453901
5729,YCL047C YKL108W,0.0,NA,4.929816554977151e-09,918,5760,5520,210,0.5188588007736944,0.13746630727762804,0.8138297872340425,0.5106382978723404,0.48936170212765956
5730,YGR132C YER056C,0.0,NA,4.934793018662731e-09,918,5759,5521,210,0.5189393939393939,0.137486895312266,0.8138297872340425,0.510549645390071,0.4894503546099291
5731,YJL051W YGL216W,0.0,NA,4.9393791279328525e-09,918,5758,5522,210,0.5190199871050934,0.13750748951467945,0.8138297872340425,0.5104609929078014,0.4895390070921986
5732,YDR447C YGL195W,0.0,NA,4.942036557764595e-09,918,5757,5523,210,0.5191005802707931,0.13752808988764045,0.8138297872340425,0.5103723404255319,0.4896276595744681
5733,YGL257C YKL168C,0.0,NA,4.968661482251946e-09,918,5756,5524,210,0.5191811734364926,0.13754869643392267,0.8138297872340425,0.5102836879432624,0.4897163120567376
5734,YKL112W YDR312W,0.0,NA,4.974569645099791e-09,918,5755,5525,210,0.5192617666021921,0.1375693091563015,0.8138297872340425,0.5101950354609929,0.48980496453900707
5735,YER094C YFR018C,1.0,NA,4.97617325123656e-09,917,5755,5525,211,0.5191811734364926,0.1374400479616307,0.8129432624113475,0.5101950354609929,0.48980496453900707
5736,YML015C YDR228C,0.0,NA,4.9848463135049315e-09,917,5754,5526,211,0.5192617666021921,0.13746065057712487,0.8129432624113475,0.5101063829787233,0.4898936170212766
5737,YNL072W YDR496C,0.0,NA,4.9979078653450415e-09,917,5753,5527,211,0.5193423597678917,0.13748125937031483,0.8129432624113475,0.5100177304964539,0.4899822695035461
5738,YNL125C YGL073W,0.0,NA,5.001655978276176e-09,917,5752,5528,211,0.5194229529335912,0.13750187434397962,0.8129432624113475,0.5099290780141844,0.4900709219858156
5739,YLR375W YOR272W,0.0,NA,5.022314564229191e-09,917,5751,5529,211,0.5195035460992907,0.13752249550089982,0.8129432624113475,0.5098404255319149,0.4901595744680851
5740,YBL047C YBR175W,0.0,NA,5.038317762995348e-09,917,5750,5530,211,0.5195841392649904,0.1375431228438578,0.8129432624113475,0.5097517730496454,0.49024822695035464
5741,YNL304W YGL224C,0.0,NA,5.044924478170287e-09,917,5749,5531,211,0.5196647324306899,0.13756375637563756,0.8129432624113475,0.5096631205673758,0.4903368794326241
5742,YMR267W YDR536W,0.0,NA,5.058384822120843e-09,917,5748,5532,211,0.5197453255963894,0.13758439609902476,0.8129432624113475,0.5095744680851064,0.49042553191489363
5743,YNL304W YGL030W,0.0,NA,5.060604379991673e-09,917,5747,5533,211,0.519825918762089,0.13760504201680673,0.8129432624113475,0.5094858156028369,0.4905141843971631
5744,YDL180W YLR265C,0.0,NA,5.062573915637358e-09,917,5746,5534,211,0.5199065119277885,0.13762569413177247,0.8129432624113475,0.5093971631205674,0.4906028368794326
5745,YDL125C YJL006C,0.0,NA,5.067191555241379e-09,917,5745,5535,211,0.5199871050934881,0.1376463524467127,0.8129432624113475,0.5093085106382979,0.49069148936170215
5746,YMR056C YOL116W,0.0,NA,5.067201325203996e-09,917,5744,5536,211,0.5200676982591876,0.13766701696441977,0.8129432624113475,0.5092198581560283,0.4907801418439716
5747,YOR065W YGL134W,0.0,NA,5.076226550215779e-09,917,5743,5537,211,0.5201482914248872,0.1376876876876877,0.8129432624113475,0.5091312056737589,0.49086879432624114
5748,YGR048W YKL104C,0.0,NA,5.096609800858687e-09,917,5742,5538,211,0.5202288845905867,0.1377083646193122,0.8129432624113475,0.5090425531914894,0.4909574468085106
5749,YMR122W-A YOR090C,0.0,NA,5.103574451936765e-09,917,5741,5539,211,0.5203094777562862,0.13772904776209072,0.8129432624113475,0.5089539007092199,0.49104609929078014
5750,YGR082W YPR186C,0.0,NA,5.1042463589112685e-09,917,5740,5540,211,0.5203900709219859,0.1377497371188223,0.8129432624113475,0.5088652482269503,0.49113475177304966
5751,YDR197W YBR173C,0.0,NA,5.104956901647029e-09,917,5739,5541,211,0.5204706640876854,0.13777043269230768,0.8129432624113475,0.5087765957446808,0.49122340425531913
5752,YNL194C YER101C,0.0,NA,5.121370438843087e-09,917,5738,5542,211,0.5205512572533849,0.13779113448534935,0.8129432624113475,0.5086879432624114,0.49131205673758865
5753,YBR114W YER122C,0.0,NA,5.124751734086885e-09,917,5737,5543,211,0.5206318504190844,0.13781184250075143,0.8129432624113475,0.5085992907801419,0.4914007092198582
5754,YKL061W YJR134C,0.0,NA,5.144985770755284e-09,917,5736,5544,211,0.520712443584784,0.1378325567413197,0.8129432624113475,0.5085106382978724,0.49148936170212765
5755,YHL013C YHL011C,0.0,NA,5.149816573180033e-09,917,5735,5545,211,0.5207930367504836,0.1378532772098617,0.8129432624113475,0.5084219858156028,0.49157801418439717
5756,YDR357C YOR258W,0.0,NA,5.183419915510967e-09,917,5734,5546,211,0.5208736299161831,0.13787400390918658,0.8129432624113475,0.5083333333333333,0.49166666666666664
5757,YKL061W YHR150W,0.0,NA,5.187039686660455e-09,917,5733,5547,211,0.5209542230818827,0.13789473684210526,0.8129432624113475,0.5082446808510638,0.49175531914893617
5758,YLR088W YDR434W,1.0,NA,5.188909746323134e-09,916,5733,5547,212,0.5208736299161831,0.13776507745525643,0.8120567375886525,0.5082446808510638,0.49175531914893617
5759,YPR070W YML002W,0.0,NA,5.19819209898742e-09,916,5732,5548,212,0.5209542230818827,0.13778580024067388,0.8120567375886525,0.5081560283687944,0.4918439716312057
5760,YJR126C YER138C,1.0,NA,5.237883016206979e-09,915,5732,5548,213,0.5208736299161831,0.13765608545208366,0.8111702127659575,0.5081560283687944,0.4918439716312057
5761,YJR133W YHR077C,0.0,NA,5.241220790708212e-09,915,5731,5549,213,0.5209542230818827,0.1376767980740295,0.8111702127659575,0.5080673758865248,0.49193262411347516
5762,YGR081C YBL040C,0.0,NA,5.273398606675528e-09,915,5730,5550,213,0.5210348162475822,0.13769751693002258,0.8111702127659575,0.5079787234042553,0.4920212765957447
5763,YLR364W YLR315W,0.0,NA,5.296340699345592e-09,915,5729,5551,213,0.5211154094132817,0.13771824202287777,0.8111702127659575,0.5078900709219858,0.4921099290780142
5764,YDR013W YOL119C,0.0,NA,5.3028608171246105e-09,915,5728,5552,213,0.5211960025789814,0.13773897335541171,0.8111702127659575,0.5078014184397163,0.4921985815602837
5765,YPR186C YJR084W,0.0,NA,5.319515050672408e-09,915,5727,5553,213,0.5212765957446809,0.13775971093044265,0.8111702127659575,0.5077127659574469,0.4922872340425532
5766,YNL122C YBR299W,0.0,NA,5.3209459061065445e-09,915,5726,5554,213,0.5213571889103804,0.13778045475079054,0.8111702127659575,0.5076241134751773,0.49237588652482267
5767,YDL104C YNL191W,1.0,NA,5.324265472950174e-09,914,5726,5554,214,0.5212765957446809,0.13765060240963856,0.8102836879432624,0.5076241134751773,0.49237588652482267
5768,YLR020C YNL117W,0.0,NA,5.330036856321385e-09,914,5725,5555,214,0.5213571889103804,0.13767133604458504,0.8102836879432624,0.5075354609929078,0.4924645390070922
5769,YKL209C YOR258W,0.0,NA,5.345358822239632e-09,914,5724,5556,214,0.5214377820760799,0.1376920759264839,0.8102836879432624,0.5074468085106383,0.4925531914893617
5770,YER143W YFR018C,1.0,NA,5.352224885513124e-09,913,5724,5556,215,0.5213571889103804,0.13756215157450655,0.8093971631205674,0.5074468085106383,0.4925531914893617
5771,YLR226W YOR193W,0.0,NA,5.3725379700608755e-09,913,5723,5557,215,0.5214377820760799,0.13758288125376733,0.8093971631205674,0.5073581560283688,0.4926418439716312
5772,YGL095C YBR105C,0.0,NA,5.407502001730791e-09,913,5722,5558,215,0.5215183752417795,0.13760361718161265,0.8093971631205674,0.5072695035460993,0.4927304964539007
5773,YFR016C YGR120C,0.0,NA,5.4333799681671735e-09,913,5721,5559,215,0.521598968407479,0.13762435936086825,0.8093971631205674,0.5071808510638298,0.49281914893617024
5774,YPL175W YNL030W,0.0,NA,5.436302963346407e-09,913,5720,5560,215,0.5216795615731786,0.13764510779436154,0.8093971631205674,0.5070921985815603,0.4929078014184397
5775,YIL173W YNL113W,0.0,NA,5.465528474246639e-09,913,5719,5561,215,0.5217601547388782,0.1376658624849216,0.8093971631205674,0.5070035460992908,0.49299645390070923
5776,YJL107C YOR213C,0.0,NA,5.467269748038461e-09,913,5718,5562,215,0.5218407479045777,0.13768662343537927,0.8093971631205674,0.5069148936170212,0.4930851063829787
5777,YBL097W YLR407W,0.0,NA,5.484606990791008e-09,913,5717,5563,215,0.5219213410702772,0.13770739064856713,0.8093971631205674,0.5068262411347517,0.4931737588652482
5778,YPL007C YHR077C,0.0,NA,5.4875579635904614e-09,913,5716,5564,215,0.5220019342359767,0.13772816412731936,0.8093971631205674,0.5067375886524823,0.49326241134751775
5779,YLR057W YLR091W,0.0,NA,5.488353771454513e-09,913,5715,5565,215,0.5220825274016764,0.13774894387447192,0.8093971631205674,0.5066489361702128,0.4933510638297872
5780,YNL137C YGR278W,0.0,NA,5.495078614359272e-09,913,5714,5566,215,0.5221631205673759,0.13776972989286254,0.8093971631205674,0.5065602836879433,0.49343971631205674
5781,YMR284W YFL031W,0.0,NA,5.497321708958225e-09,913,5713,5567,215,0.5222437137330754,0.13779052218533053,0.8093971631205674,0.5064716312056737,0.49352836879432627
5782,YNL311C YFR048W,0.0,NA,5.499324551294649e-09,913,5712,5568,215,0.522324306898775,0.13781132075471697,0.8093971631205674,0.5063829787234042,0.49361702127659574
5783,YJR153W YBR266C,0.0,NA,5.534786851058016e-09,913,5711,5569,215,0.5224049000644745,0.13783212560386474,0.8093971631205674,0.5062943262411348,0.49370567375886526
5784,YPR056W YDR324C,0.0,NA,5.537268421562658e-09,913,5710,5570,215,0.5224854932301741,0.1378529367356183,0.8093971631205674,0.5062056737588653,0.49379432624113473
5785,YJR126C YJL172W,1.0,NA,5.54881340875113e-09,912,5710,5570,216,0.5224049000644745,0.13772274237390517,0.8085106382978723,0.5062056737588653,0.49379432624113473
5786,YCR069W YKL104C,0.0,NA,5.567429184338835e-09,912,5709,5571,216,0.5224854932301741,0.13774354327140914,0.8085106382978723,0.5061170212765957,0.49388297872340425
5787,YLR240W YBR114W,0.0,NA,5.574112726947078e-09,912,5708,5572,216,0.5225660863958737,0.1377643504531722,0.8085106382978723,0.5060283687943262,0.4939716312056738
5788,YKR035W-A YKL168C,0.0,NA,5.576037853671778e-09,912,5707,5573,216,0.5226466795615732,0.1377851639220426,0.8085106382978723,0.5059397163120567,0.49406028368794325
5789,YER144C YDR434W,1.0,NA,5.576112016569823e-09,911,5707,5573,217,0.5225660863958737,0.1376548806285887,0.8076241134751773,0.5059397163120567,0.49406028368794325
5790,YDR283C YER173W,0.0,NA,5.619470666573534e-09,911,5706,5574,217,0.5226466795615732,0.1376756838446426,0.8076241134751773,0.5058510638297873,0.49414893617021277
5791,YHR150W YDR013W,0.0,NA,5.621271448319476e-09,911,5705,5575,217,0.5227272727272727,0.13769649334945586,0.8076241134751773,0.5057624113475178,0.4942375886524823
5792,YLR387C YOR213C,0.0,NA,5.637140976233468e-09,911,5704,5576,217,0.5228078658929722,0.13771730914588057,0.8076241134751773,0.5056737588652482,0.49432624113475176
5793,YKR078W YOL161C,0.0,NA,5.647967871169612e-09,911,5703,5577,217,0.5228884590586719,0.13773813123677048,0.8076241134751773,0.5055851063829787,0.4944148936170213
5794,YNL191W YDR533C,1.0,NA,5.652515344678477e-09,910,5703,5577,218,0.5228078658929722,0.13760774232572207,0.8067375886524822,0.5055851063829787,0.4944148936170213
5795,YPL159C YOR002W,0.0,NA,5.655405921345391e-09,910,5702,5578,218,0.5228884590586719,0.13762855414398065,0.8067375886524822,0.5054964539007092,0.49450354609929076
5796,YBR155W YML076C,0.0,NA,5.658480350945183e-09,910,5701,5579,218,0.5229690522243714,0.13764937225835727,0.8067375886524822,0.5054078014184397,0.4945921985815603
5797,YNL027W YAL054C,0.0,NA,5.6640416801201354e-09,910,5700,5580,218,0.5230496453900709,0.13767019667170954,0.8067375886524822,0.5053191489361702,0.4946808510638298
5798,YKL221W YOR288C,0.0,NA,5.710076855791613e-09,910,5699,5581,218,0.5231302385557705,0.13769102738689665,0.8067375886524822,0.5052304964539007,0.4947695035460993
5799,YNL064C YHL044W,0.0,NA,5.74011727039192e-09,910,5698,5582,218,0.52321083172147,0.13771186440677965,0.8067375886524822,0.5051418439716312,0.4948581560283688
5800,YBR137W YJL201W,0.0,NA,5.833992400283705e-09,910,5697,5583,218,0.5232914248871696,0.13773270773422128,0.8067375886524822,0.5050531914893617,0.4949468085106383
5801,YKR049C YGR132C,0.0,NA,5.873136199596729e-09,910,5696,5584,218,0.5233720180528691,0.13775355737208597,0.8067375886524822,0.5049645390070922,0.4950354609929078
5802,YHR067W YBR214W,0.0,NA,5.876755526657007e-09,910,5695,5585,218,0.5234526112185687,0.13777441332323997,0.8067375886524822,0.5048758865248227,0.4951241134751773
5803,YMR280C YIR018W,0.0,NA,5.8868185881522095e-09,910,5694,5586,218,0.5235332043842682,0.1377952755905512,0.8067375886524822,0.5047872340425532,0.4952127659574468
5804,YMR150C YKL134C,1.0,NA,5.909769118517261e-09,909,5694,5586,219,0.5234526112185687,0.137664697864607,0.8058510638297872,0.5047872340425532,0.4952127659574468
5805,YNL320W YDR363W-A,0.0,NA,5.9381974892858125e-09,909,5693,5587,219,0.5235332043842682,0.13768554983338382,0.8058510638297872,0.5046985815602837,0.4953014184397163
5806,YEL043W YBL080C,0.0,NA,5.9397611273936946e-09,909,5692,5588,219,0.5236137975499677,0.13770640811998183,0.8058510638297872,0.5046099290780142,0.49539007092198584
5807,YBL026W YHR011W,0.0,NA,5.9701319443661305e-09,909,5691,5589,219,0.5236943907156673,0.13772727272727273,0.8058510638297872,0.5045212765957446,0.4954787234042553
5808,YDL150W YMR158W,0.0,NA,5.9800360219242066e-09,909,5690,5590,219,0.5237749838813669,0.13774814365813,0.8058510638297872,0.5044326241134752,0.49556737588652483
5809,YPR024W YER078C,1.0,NA,6.0214340180664294e-09,908,5690,5590,220,0.5236943907156673,0.13761745983631404,0.8049645390070922,0.5044326241134752,0.49556737588652483
5810,YDR034C YJL174W,0.0,NA,6.026972698691679e-09,908,5689,5591,220,0.5237749838813669,0.1376383204486888,0.8049645390070922,0.5043439716312057,0.4956560283687943
5811,YLL021W YJL076W,0.0,NA,6.0422347125665965e-09,908,5688,5592,220,0.5238555770470664,0.13765918738629473,0.8049645390070922,0.5042553191489362,0.4957446808510638
5812,YJR051W YOR258W,0.0,NA,6.059072354958062e-09,908,5687,5593,220,0.523936170212766,0.1376800606520091,0.8049645390070922,0.5041666666666667,0.49583333333333335
5813,YGR220C YDR312W,0.0,NA,6.075865144339332e-09,908,5686,5594,220,0.5240167633784655,0.13770094024871096,0.8049645390070922,0.5040780141843971,0.4959219858156028
5814,YLR037C YHR063C,0.0,NA,6.081394943180385e-09,908,5685,5595,220,0.524097356544165,0.13772182617928105,0.8049645390070922,0.5039893617021277,0.49601063829787234
5815,YBL097W YML091C,0.0,NA,6.119875717303103e-09,908,5684,5596,220,0.5241779497098646,0.13774271844660194,0.8049645390070922,0.5039007092198582,0.49609929078014187
5816,YDL076C YLR091W,0.0,NA,6.139751373979152e-09,908,5683,5597,220,0.5242585428755642,0.13776361705355789,0.8049645390070922,0.5038120567375887,0.49618794326241134
5817,YJL083W YNL156C,0.0,NA,6.150511211444609e-09,908,5682,5598,220,0.5243391360412637,0.1377845220030349,0.8049645390070922,0.5037234042553191,0.49627659574468086
5818,YMR220W YLL021W,0.0,NA,6.151614329041877e-09,908,5681,5599,220,0.5244197292069632,0.13780543329792078,0.8049645390070922,0.5036347517730496,0.49636524822695033
5819,YNL273W YML091C,0.0,NA,6.180910894215685e-09,908,5680,5600,220,0.5245003223726628,0.13782635094110504,0.8049645390070922,0.5035460992907801,0.49645390070921985
5820,YJL103C YBL098W,0.0,NA,6.190432166874871e-09,908,5679,5601,220,0.5245809155383624,0.13784727493547896,0.8049645390070922,0.5034574468085107,0.4965425531914894
5821,YGL095C YCR076C,0.0,NA,6.208168645827072e-09,908,5678,5602,220,0.5246615087040619,0.13786820528393562,0.8049645390070922,0.5033687943262412,0.49663120567375885
5822,YFL031W YPL016W,0.0,NA,6.2085829810598625e-09,908,5677,5603,220,0.5247421018697614,0.13788914198936977,0.8049645390070922,0.5032801418439716,0.49671985815602837
5823,YHR112C YAR019C,0.0,NA,6.213084269290903e-09,908,5676,5604,220,0.524822695035461,0.137910085054678,0.8049645390070922,0.5031914893617021,0.4968085106382979
5824,YMR173W YLR270W,0.0,NA,6.231658300492882e-09,908,5675,5605,220,0.5249032882011605,0.13793103448275862,0.8049645390070922,0.5031028368794326,0.49689716312056736
5825,YOR075W YPL115C,0.0,NA,6.232228955127539e-09,908,5674,5606,220,0.5249838813668601,0.1379519902765117,0.8049645390070922,0.5030141843971632,0.4969858156028369
5826,YIL108W YFR052W,1.0,NA,6.285339360090347e-09,907,5674,5606,221,0.5249032882011605,0.1378209998480474,0.8040780141843972,0.5030141843971632,0.4969858156028369
5827,YFL034C-A YJL100W,0.0,NA,6.286909659536377e-09,907,5673,5607,221,0.5249838813668601,0.1378419452887538,0.8040780141843972,0.5029255319148936,0.49707446808510636
5828,YDR479C YAL013W,0.0,NA,6.330457047454274e-09,907,5672,5608,221,0.5250644745325597,0.13786289709682323,0.8040780141843972,0.5028368794326241,0.4971631205673759
5829,YDR364C YBR211C,0.0,NA,6.337343094742209e-09,907,5671,5609,221,0.5251450676982592,0.13788385527515962,0.8040780141843972,0.5027482269503546,0.4972517730496454
5830,YDL241W YJL131C,0.0,NA,6.344889946774401e-09,907,5670,5610,221,0.5252256608639587,0.1379048198266687,0.8040780141843972,0.5026595744680851,0.4973404255319149
5831,YFL046W YDL193W,0.0,NA,6.35410613014642e-09,907,5669,5611,221,0.5253062540296582,0.1379257907542579,0.8040780141843972,0.5025709219858157,0.4974290780141844
5832,YKL185W YJR133W,0.0,NA,6.3628262658710355e-09,907,5668,5612,221,0.5253868471953579,0.1379467680608365,0.8040780141843972,0.5024822695035461,0.4975177304964539
5833,YBL047C YIL144W,0.0,NA,6.36820463029153e-09,907,5667,5613,221,0.5254674403610574,0.1379677517493155,0.8040780141843972,0.5023936170212766,0.4976063829787234
5834,YLR061W YDR454C,0.0,NA,6.3700147379108785e-09,907,5666,5614,221,0.5255480335267569,0.13798874182260765,0.8040780141843972,0.5023049645390071,0.4976950354609929
5835,YOR223W YDR359C,0.0,NA,6.3894112223295e-09,907,5665,5615,221,0.5256286266924565,0.1380097382836275,0.8040780141843972,0.5022163120567376,0.4977836879432624
5836,YGL191W YOR209C,0.0,NA,6.404027974582505e-09,907,5664,5616,221,0.525709219858156,0.13803074113529143,0.8040780141843972,0.502127659574468,0.4978723404255319
5837,YMR220W YBR201W,0.0,NA,6.414638598073452e-09,907,5663,5617,221,0.5257898130238555,0.1380517503805175,0.8040780141843972,0.5020390070921986,0.49796099290780144
5838,YCR016W YOR080W,0.0,NA,6.425255438813338e-09,907,5662,5618,221,0.5258704061895552,0.1380727660222256,0.8040780141843972,0.5019503546099291,0.4980496453900709
5839,YGL044C YOL139C,0.0,NA,6.4394871657214026e-09,907,5661,5619,221,0.5259509993552547,0.13809378806333739,0.8040780141843972,0.5018617021276596,0.49813829787234043
5840,YCR016W YPL130W,0.0,NA,6.5164003082429645e-09,907,5660,5620,221,0.5260315925209542,0.13811481650677632,0.8040780141843972,0.50177304964539,0.49822695035460995
5841,YPL115C YOR258W,0.0,NA,6.5258780601595845e-09,907,5659,5621,221,0.5261121856866537,0.13813585135546755,0.8040780141843972,0.5016843971631205,0.4983156028368794
5842,YLR189C YCR095C,0.0,NA,6.5745022759244875e-09,907,5658,5622,221,0.5261927788523533,0.13815689261233816,0.8040780141843972,0.5015957446808511,0.49840425531914895
5843,YDR317W YDR405W,0.0,NA,6.592647761038961e-09,907,5657,5623,221,0.5262733720180529,0.13817794028031688,0.8040780141843972,0.5015070921985816,0.4984929078014184
5844,YER094C YDR533C,1.0,NA,6.593402268606496e-09,906,5657,5623,222,0.5261927788523533,0.13804662501904616,0.8031914893617021,0.5015070921985816,0.4984929078014184
5845,YHR053C YCR052W,0.0,NA,6.617819625631682e-09,906,5656,5624,222,0.5262733720180529,0.13806766229807985,0.8031914893617021,0.5014184397163121,0.49858156028368794
5846,YBR193C YLR265C,0.0,NA,6.631048599103906e-09,906,5655,5625,222,0.5263539651837524,0.13808870598994055,0.8031914893617021,0.5013297872340425,0.49867021276595747
5847,YCR041W YOR272W,0.0,NA,6.651226680531863e-09,906,5654,5626,222,0.526434558349452,0.138109756097561,0.8031914893617021,0.501241134751773,0.49875886524822693
5848,YLR037C YNL215W,0.0,NA,6.71858702006034e-09,906,5653,5627,222,0.5265151515151515,0.13813081262387558,0.8031914893617021,0.5011524822695036,0.49884751773049646
5849,YMR003W YDR350C,0.0,NA,6.719035550162289e-09,906,5652,5628,222,0.526595744680851,0.13815187557182068,0.8031914893617021,0.5010638297872341,0.498936170212766
5850,YGL222C YER026C,0.0,NA,6.727832957409419e-09,906,5651,5629,222,0.5266763378465507,0.1381729449443343,0.8031914893617021,0.5009751773049645,0.49902482269503545
5851,YBR211C YNL178W,0.0,NA,6.733507085243673e-09,906,5650,5630,222,0.5267569310122502,0.13819402074435633,0.8031914893617021,0.500886524822695,0.499113475177305
5852,YGR188C YAR019C,0.0,NA,6.735664914714334e-09,906,5649,5631,222,0.5268375241779497,0.13821510297482836,0.8031914893617021,0.5007978723404255,0.49920212765957445
5853,YOR116C YER163C,0.0,NA,6.7384662294500686e-09,906,5648,5632,222,0.5269181173436492,0.13823619163869394,0.8031914893617021,0.500709219858156,0.49929078014184397
5854,YDL054C YDR049W,0.0,NA,6.749619085866243e-09,906,5647,5633,222,0.5269987105093488,0.13825728673889823,0.8031914893617021,0.5006205673758866,0.4993794326241135
5855,YKL002W YKL209C,0.0,NA,6.768841043225393e-09,906,5646,5634,222,0.5270793036750484,0.1382783882783883,0.8031914893617021,0.500531914893617,0.49946808510638296
5856,YOR195W YOR172W,0.0,NA,6.783872574800398e-09,906,5645,5635,222,0.5271598968407479,0.13829949626011295,0.8031914893617021,0.5004432624113475,0.4995567375886525
5857,YOR194C YNL001W,0.0,NA,6.794620865946399e-09,906,5644,5636,222,0.5272404900064475,0.1383206106870229,0.8031914893617021,0.500354609929078,0.499645390070922
5858,YNR073C YGL002W,0.0,NA,6.8250791684931755e-09,906,5643,5637,222,0.527321083172147,0.13834173156207055,0.8031914893617021,0.5002659574468085,0.4997340425531915
5859,YMR286W YOR084W,0.0,NA,6.833728249944215e-09,906,5642,5638,222,0.5274016763378465,0.13836285888821015,0.8031914893617021,0.500177304964539,0.499822695035461
5860,YDR335W YMR313C,0.0,NA,6.856707646107907e-09,906,5641,5639,222,0.5274822695035462,0.13838399266839774,0.8031914893617021,0.5000886524822695,0.4999113475177305
5861,YMR142C YBL107C,0.0,NA,6.857295620221748e-09,906,5640,5640,222,0.5275628626692457,0.1384051329055912,0.8031914893617021,0.5,0.5
5862,YLL008W YPL167C,0.0,NA,6.8583552170764506e-09,906,5639,5641,222,0.5276434558349452,0.1384262796027502,0.8031914893617021,0.4999113475177305,0.5000886524822695
5863,YDR150W YOL025W,0.0,NA,6.881023750793247e-09,906,5638,5642,222,0.5277240490006447,0.1384474327628362,0.8031914893617021,0.499822695035461,0.500177304964539
5864,YBR074W YER078C,1.0,NA,6.899119497916217e-09,905,5638,5642,223,0.5276434558349452,0.1383157572978756,0.8023049645390071,0.499822695035461,0.500177304964539
5865,YIR021W YGL238W,0.0,NA,6.90213353138347e-09,905,5637,5643,223,0.5277240490006447,0.1383369000305717,0.8023049645390071,0.4997340425531915,0.5002659574468085
5866,YBL075C YGL196W,0.0,NA,6.905926053235589e-09,905,5636,5644,223,0.5278046421663443,0.13835804922794678,0.8023049645390071,0.499645390070922,0.500354609929078
5867,YIL063C YNL042W,0.0,NA,6.9079422182483086e-09,905,5635,5645,223,0.5278852353320438,0.13837920489296637,0.8023049645390071,0.4995567375886525,0.5004432624113475
5868,YBR155W YJR133W,0.0,NA,6.928170037667769e-09,905,5634,5646,223,0.5279658284977434,0.13840036702859765,0.8023049645390071,0.49946808510638296,0.500531914893617
5869,YPL101W YFR024C-A,0.0,NA,6.941688557304815e-09,905,5633,5647,223,0.528046421663443,0.13842153563780973,0.8023049645390071,0.4993794326241135,0.5006205673758866
5870,YDR533C YJL113W,1.0,NA,6.948470687717645e-09,904,5633,5647,224,0.5279658284977434,0.13828973535260822,0.8014184397163121,0.4993794326241135,0.5006205673758866
5871,YLR262C YHR166C,0.0,NA,6.9545169623097536e-09,904,5632,5648,224,0.528046421663443,0.1383108935128519,0.8014184397163121,0.49929078014184397,0.500709219858156
5872,YDL052C YER174C,0.0,NA,6.959625764579869e-09,904,5631,5649,224,0.5281270148291425,0.13833205814843152,0.8014184397163121,0.49920212765957445,0.5007978723404255
5873,YKL127W YKL137W,0.0,NA,6.966013543774352e-09,904,5630,5650,224,0.528207607994842,0.13835322926232016,0.8014184397163121,0.499113475177305,0.500886524822695
5874,YDL106C YLR081W,0.0,NA,6.971276889089495e-09,904,5629,5651,224,0.5282882011605415,0.13837440685749272,0.8014184397163121,0.49902482269503545,0.5009751773049645
5875,YDR060W YPL048W,0.0,NA,6.994318013653356e-09,904,5628,5652,224,0.5283687943262412,0.1383955909369259,0.8014184397163121,0.498936170212766,0.5010638297872341
5876,YPR194C YDR532C,0.0,NA,7.017300962530726e-09,904,5627,5653,224,0.5284493874919407,0.13841678150359824,0.8014184397163121,0.49884751773049646,0.5011524822695036
5877,YKL185W YHR117W,0.0,NA,7.017595837766066e-09,904,5626,5654,224,0.5285299806576402,0.13843797856049003,0.8014184397163121,0.49875886524822693,0.501241134751773
5878,YGR037C YPL094C,0.0,NA,7.020568570936803e-09,904,5625,5655,224,0.5286105738233398,0.13845918211058356,0.8014184397163121,0.49867021276595747,0.5013297872340425
5879,YAL061W YIL169C,0.0,NA,7.03748792574288e-09,904,5624,5656,224,0.5286911669890393,0.13848039215686275,0.8014184397163121,0.49858156028368794,0.5014184397163121
5880,YLR274W YER101C,0.0,NA,7.062201934360246e-09,904,5623,5657,224,0.5287717601547389,0.13850160870231346,0.8014184397163121,0.4984929078014184,0.5015070921985816
5881,YIR039C YGL203C,1.0,NA,7.067498142276918e-09,903,5623,5657,225,0.5286911669890393,0.13836959852896108,0.800531914893617,0.4984929078014184,0.5015070921985816
5882,YKL221W YBR076W,0.0,NA,7.085192432754184e-09,903,5622,5658,225,0.5287717601547389,0.13839080459770114,0.800531914893617,0.49840425531914895,0.5015957446808511
5883,YCL047C YDR237W,0.0,NA,7.10294489891794e-09,903,5621,5659,225,0.5288523533204385,0.13841201716738197,0.800531914893617,0.4983156028368794,0.5016843971631205
5884,YPL203W YFL042C,0.0,NA,7.1320376271444275e-09,903,5620,5660,225,0.528932946486138,0.1384332362409934,0.800531914893617,0.49822695035460995,0.50177304964539
5885,YML118W YHL043W,0.0,NA,7.189853157285597e-09,903,5619,5661,225,0.5290135396518375,0.13845446182152715,0.800531914893617,0.49813829787234043,0.5018617021276596
5886,YNL240C YMR309C,0.0,NA,7.202274776574313e-09,903,5618,5662,225,0.529094132817537,0.1384756939119767,0.800531914893617,0.4980496453900709,0.5019503546099291
5887,YIR032C YIL112W,0.0,NA,7.203304619451956e-09,903,5617,5663,225,0.5291747259832367,0.13849693251533743,0.800531914893617,0.49796099290780144,0.5020390070921986
5888,YHR050W YGL257C,0.0,NA,7.219012498893562e-09,903,5616,5664,225,0.5292553191489362,0.13851817763460653,0.800531914893617,0.4978723404255319,0.502127659574468
5889,YKL135C YBR214W,0.0,NA,7.23850801520598e-09,903,5615,5665,225,0.5293359123146357,0.13853942927278307,0.800531914893617,0.4977836879432624,0.5022163120567376
5890,YDR027C YBR211C,0.0,NA,7.28696436524956e-09,903,5614,5666,225,0.5294165054803353,0.1385606874328679,0.800531914893617,0.4976950354609929,0.5023049645390071
5891,YMR286W YGR184C,0.0,NA,7.311718785985022e-09,903,5613,5667,225,0.5294970986460348,0.13858195211786373,0.800531914893617,0.4976063829787234,0.5023936170212766
5892,YKR070W YGL099W,0.0,NA,7.322520811925415e-09,903,5612,5668,225,0.5295776918117344,0.13860322333077513,0.800531914893617,0.4975177304964539,0.5024822695035461
5893,YMR003W YHR067W,0.0,NA,7.324280737464051e-09,903,5611,5669,225,0.529658284977434,0.13862450107460852,0.800531914893617,0.4974290780141844,0.5025709219858157
5894,YBR223C YER124C,0.0,NA,7.3268369149559476e-09,903,5610,5670,225,0.5297388781431335,0.13864578535237218,0.800531914893617,0.4973404255319149,0.5026595744680851
5895,YDR283C YMR122W-A,0.0,NA,7.330988704978836e-09,903,5609,5671,225,0.529819471308833,0.13866707616707616,0.800531914893617,0.4972517730496454,0.5027482269503546
5896,YER164W YLR270W,0.0,NA,7.331618423478403e-09,903,5608,5672,225,0.5299000644745325,0.13868837352173247,0.800531914893617,0.4971631205673759,0.5028368794326241
5897,YFL011W YNL217W,0.0,NA,7.3453634286124725e-09,903,5607,5673,225,0.5299806576402321,0.13870967741935483,0.800531914893617,0.49707446808510636,0.5029255319148936
5898,YDR234W YNL178W,0.0,NA,7.354209685672686e-09,903,5606,5674,225,0.5300612508059317,0.13873098786295898,0.800531914893617,0.4969858156028369,0.5030141843971632
5899,YJL171C YCR095C,0.0,NA,7.35760430359278e-09,903,5605,5675,225,0.5301418439716312,0.1387523048555624,0.800531914893617,0.49689716312056736,0.5031028368794326
5900,YNL320W YAR019C,0.0,NA,7.367069621011524e-09,903,5604,5676,225,0.5302224371373307,0.13877362840018442,0.800531914893617,0.4968085106382979,0.5031914893617021
5901,YJL063C YDL211C,0.0,NA,7.3818946511039485e-09,903,5603,5677,225,0.5303030303030303,0.1387949584998463,0.800531914893617,0.49671985815602837,0.5032801418439716
5902,YDR299W YOR193W,0.0,NA,7.400418944314424e-09,903,5602,5678,225,0.5303836234687298,0.1388162951575711,0.800531914893617,0.49663120567375885,0.5033687943262412
5903,YMR119W YPR185W,0.0,NA,7.405303481533565e-09,903,5601,5679,225,0.5304642166344294,0.13883763837638377,0.800531914893617,0.4965425531914894,0.5034574468085107
5904,YDL052C YBR175W,0.0,NA,7.412015889940449e-09,903,5600,5680,225,0.530544809800129,0.13885898815931108,0.800531914893617,0.49645390070921985,0.5035460992907801
5905,YER139C YHR021W-A,0.0,NA,7.4137549432862215e-09,903,5599,5681,225,0.5306254029658285,0.13888034450938172,0.800531914893617,0.49636524822695033,0.5036347517730496
5906,YOR339C YJR046W,0.0,NA,7.427753523359115e-09,903,5598,5682,225,0.530705996131528,0.1389017074296262,0.800531914893617,0.49627659574468086,0.5037234042553191
5907,YNR055C YPL120W,0.0,NA,7.442686911218743e-09,903,5597,5683,225,0.5307865892972276,0.13892307692307693,0.800531914893617,0.49618794326241134,0.5038120567375887
5908,YBR132C YOL055C,0.0,NA,7.48999529065486e-09,903,5596,5684,225,0.5308671824629272,0.1389444529927681,0.800531914893617,0.49609929078014187,0.5039007092198582
5909,YDR182W YBL018C,0.0,NA,7.532875656579563e-09,903,5595,5685,225,0.5309477756286267,0.13896583564173592,0.800531914893617,0.49601063829787234,0.5039893617021277
5910,YMR003W YKL183W,0.0,NA,7.537258817080783e-09,903,5594,5686,225,0.5310283687943262,0.13898722487301832,0.800531914893617,0.4959219858156028,0.5040780141843971
5911,YNL103W YJR135W-A,0.0,NA,7.540738700129168e-09,903,5593,5687,225,0.5311089619600258,0.13900862068965517,0.800531914893617,0.49583333333333335,0.5041666666666667
5912,YML057W YOR253W,0.0,NA,7.543241586915883e-09,903,5592,5688,225,0.5311895551257253,0.13903002309468823,0.800531914893617,0.4957446808510638,0.5042553191489362
5913,YNR073C YJL121C,0.0,NA,7.543745184079853e-09,903,5591,5689,225,0.5312701482914249,0.13905143209116108,0.800531914893617,0.4956560283687943,0.5043439716312057
5914,YLR114C YPL200W,0.0,NA,7.585978067936594e-09,903,5590,5690,225,0.5313507414571245,0.1390728476821192,0.800531914893617,0.49556737588652483,0.5044326241134752
5915,YPL121C YPR186C,0.0,NA,7.610470476038245e-09,903,5589,5691,225,0.531431334622824,0.13909426987061,0.800531914893617,0.4954787234042553,0.5045212765957446
5916,YNL053W YNR065C,0.0,NA,7.613707886378052e-09,903,5588,5692,225,0.5315119277885235,0.13911569865968262,0.800531914893617,0.49539007092198584,0.5046099290780142
5917,YDR460W YMR122W-A,0.0,NA,7.61794982651054e-09,903,5587,5693,225,0.531592520954223,0.13913713405238828,0.800531914893617,0.4953014184397163,0.5046985815602837
5918,YML114C YJR051W,0.0,NA,7.622761089010055e-09,903,5586,5694,225,0.5316731141199227,0.13915857605177995,0.800531914893617,0.4952127659574468,0.5047872340425532
5919,YGL005C YOR080W,0.0,NA,7.641510535449925e-09,903,5585,5695,225,0.5317537072856222,0.13918002466091245,0.800531914893617,0.4951241134751773,0.5048758865248227
5920,YNL064C YMR301C,0.0,NA,7.645708954839847e-09,903,5584,5696,225,0.5318343004513217,0.13920147988284262,0.800531914893617,0.4950354609929078,0.5049645390070922
5921,YNL068C YJL006C,0.0,NA,7.65204077879389e-09,903,5583,5697,225,0.5319148936170213,0.13922294172062905,0.800531914893617,0.4949468085106383,0.5050531914893617
5922,YGL030W YJR144W,0.0,NA,7.661680179182895e-09,903,5582,5698,225,0.5319954867827208,0.1392444101773323,0.800531914893617,0.4948581560283688,0.5051418439716312
5923,YBR266C YDR460W,0.0,NA,7.672193547136885e-09,903,5581,5699,225,0.5320760799484203,0.1392658852560148,0.800531914893617,0.4947695035460993,0.5052304964539007
5924,YCR094W YDR130C,0.0,NA,7.678386815257454e-09,903,5580,5700,225,0.53215667311412,0.13928736695974087,0.800531914893617,0.4946808510638298,0.5053191489361702
5925,YIL067C YMR166C,0.0,NA,7.682473324166494e-09,903,5579,5701,225,0.5322372662798195,0.13930885529157666,0.800531914893617,0.4945921985815603,0.5054078014184397
5926,YKL139W YPR185W,0.0,NA,7.68269359241458e-09,903,5578,5702,225,0.532317859445519,0.13933035025459034,0.800531914893617,0.49450354609929076,0.5054964539007092
5927,YHL031C YFL042C,0.0,NA,7.706086435632642e-09,903,5577,5703,225,0.5323984526112185,0.13935185185185187,0.800531914893617,0.4944148936170213,0.5055851063829787
5928,YGL236C YFL052W,0.0,NA,7.728165662967967e-09,903,5576,5704,225,0.5324790457769181,0.13937336008643308,0.800531914893617,0.49432624113475176,0.5056737588652482
5929,YJL145W YPL099C,0.0,NA,7.763357068313326e-09,903,5575,5705,225,0.5325596389426177,0.13939487496140784,0.800531914893617,0.4942375886524823,0.5057624113475178
5930,YDR498C YGL216W,0.0,NA,7.767741116992966e-09,903,5574,5706,225,0.5326402321083172,0.1394163964798518,0.800531914893617,0.49414893617021277,0.5058510638297873
5931,YKR078W YER093C,0.0,NA,7.792254841376689e-09,903,5573,5707,225,0.5327208252740168,0.1394379246448425,0.800531914893617,0.49406028368794325,0.5059397163120567
5932,YBR193C YGR141W,0.0,NA,7.795867951188029e-09,903,5572,5708,225,0.5328014184397163,0.13945945945945945,0.800531914893617,0.4939716312056738,0.5060283687943262
5933,YGR059W YNL007C,0.0,NA,7.81698084040272e-09,903,5571,5709,225,0.5328820116054158,0.13948100092678406,0.800531914893617,0.49388297872340425,0.5061170212765957
5934,YGR261C YMR272C,0.0,NA,7.824723091687247e-09,903,5570,5710,225,0.5329626047711155,0.1395025490498996,0.800531914893617,0.49379432624113473,0.5062056737588653
5935,YCL044C YLR103C,0.0,NA,7.84506148931996e-09,903,5569,5711,225,0.533043197936815,0.13952410383189123,0.800531914893617,0.49370567375886526,0.5062943262411348
5936,YML082W YDR323C,0.0,NA,7.84654297092402e-09,903,5568,5712,225,0.5331237911025145,0.13954566527584608,0.800531914893617,0.49361702127659574,0.5063829787234042
5937,YDL104C YER094C,1.0,NA,7.848279359734534e-09,902,5568,5712,226,0.533043197936815,0.1394126738794436,0.799645390070922,0.49361702127659574,0.5063829787234042
5938,YLR238W YHR086W,0.0,NA,7.85063036801148e-09,902,5567,5713,226,0.5331237911025145,0.13943422476426032,0.799645390070922,0.49352836879432627,0.5064716312056737
5939,YBR035C YMR197C,0.0,NA,7.851124195212833e-09,902,5566,5714,226,0.533204384268214,0.13945578231292516,0.799645390070922,0.49343971631205674,0.5065602836879433
5940,YHL018W YNR062C,0.0,NA,7.869714657715576e-09,902,5565,5715,226,0.5332849774339136,0.13947734652852944,0.799645390070922,0.4933510638297872,0.5066489361702128
5941,YPL241C YMR200W,0.0,NA,7.930045953230547e-09,902,5564,5716,226,0.5333655705996132,0.1394989174141664,0.799645390070922,0.49326241134751775,0.5067375886524823
5942,YPL038W YML073C,0.0,NA,7.9330870761396e-09,902,5563,5717,226,0.5334461637653127,0.13952049497293117,0.799645390070922,0.4931737588652482,0.5068262411347517
5943,YIR032C YER163C,0.0,NA,7.956120207097683e-09,902,5562,5718,226,0.5335267569310123,0.1395420792079208,0.799645390070922,0.4930851063829787,0.5069148936170212
5944,YMR003W YGR202C,0.0,NA,7.960657910643931e-09,902,5561,5719,226,0.5336073500967118,0.13956367012223425,0.799645390070922,0.49299645390070923,0.5070035460992908
5945,YMR277W YMR286W,0.0,NA,7.967494219940363e-09,902,5560,5720,226,0.5336879432624113,0.13958526771897245,0.799645390070922,0.4929078014184397,0.5070921985815603
5946,YGR188C YOR294W,0.0,NA,8.000371920502403e-09,902,5559,5721,226,0.533768536428111,0.1396068720012382,0.799645390070922,0.49281914893617024,0.5071808510638298
5947,YLR176C YGR216C,0.0,NA,8.057707390207725e-09,902,5558,5722,226,0.5338491295938105,0.13962848297213623,0.799645390070922,0.4927304964539007,0.5072695035460993
5948,YHR168W YDR501W,0.0,NA,8.059106271218752e-09,902,5557,5723,226,0.53392972275951,0.13965010063477318,0.799645390070922,0.4926418439716312,0.5073581560283688
5949,YDR363W-A YIL009C-A,0.0,NA,8.059628520129536e-09,902,5556,5724,226,0.5340103159252095,0.13967172499225766,0.799645390070922,0.4925531914893617,0.5074468085106383
5950,YIL108W YFR018C,1.0,NA,8.09412181723701e-09,901,5556,5724,227,0.53392972275951,0.13953848536472047,0.7987588652482269,0.4925531914893617,0.5074468085106383
5951,YJL145W YNL001W,0.0,NA,8.10869238421219e-09,901,5555,5725,227,0.5340103159252095,0.13956009913258985,0.7987588652482269,0.4924645390070922,0.5075354609929078
5952,YCL050C YIL067C,0.0,NA,8.123848260765953e-09,901,5554,5726,227,0.5340909090909091,0.13958171959721147,0.7987588652482269,0.49237588652482267,0.5076241134751773
5953,YCR020C-A YMR060C,0.0,NA,8.129925177513542e-09,901,5553,5727,227,0.5341715022566086,0.13960334676169817,0.7987588652482269,0.4922872340425532,0.5077127659574469
5954,YCR027C YKR020W,0.0,NA,8.178637322941995e-09,901,5552,5728,227,0.5342520954223082,0.13962498062916473,0.7987588652482269,0.4921985815602837,0.5078014184397163
5955,YLR375W YKL096W,0.0,NA,8.190047751099883e-09,901,5551,5729,227,0.5343326885880078,0.13964662120272783,0.7987588652482269,0.4921099290780142,0.5078900709219858
5956,YDR096W YPR026W,0.0,NA,8.218089320166655e-09,901,5550,5730,227,0.5344132817537073,0.13966826848550612,0.7987588652482269,0.4920212765957447,0.5079787234042553
5957,YLR414C YHR059W,0.0,NA,8.218966840445319e-09,901,5549,5731,227,0.5344938749194068,0.13968992248062015,0.7987588652482269,0.49193262411347516,0.5080673758865248
5958,YLR273C YIL070C,0.0,NA,8.221711311762192e-09,901,5548,5732,227,0.5345744680851063,0.13971158319119242,0.7987588652482269,0.4918439716312057,0.5081560283687944
5959,YDL229W YDR011W,0.0,NA,8.274002816222037e-09,901,5547,5733,227,0.534655061250806,0.1397332506203474,0.7987588652482269,0.49175531914893617,0.5082446808510638
5960,YEL071W YPR137W,0.0,NA,8.317134536639514e-09,901,5546,5734,227,0.5347356544165055,0.1397549247712114,0.7987588652482269,0.49166666666666664,0.5083333333333333
5961,YGL002W YNR048W,0.0,NA,8.327150524678473e-09,901,5545,5735,227,0.534816247582205,0.13977660564691283,0.7987588652482269,0.49157801418439717,0.5084219858156028
5962,YGR144W YFL031W,0.0,NA,8.338943757735251e-09,901,5544,5736,227,0.5348968407479046,0.13979829325058185,0.7987588652482269,0.49148936170212765,0.5085106382978724
5963,YDR338C YML080W,0.0,NA,8.364574810570957e-09,901,5543,5737,227,0.5349774339136041,0.13981998758535072,0.7987588652482269,0.4914007092198582,0.5085992907801419
5964,YHL023C YPL042C,0.0,NA,8.439655196923468e-09,901,5542,5738,227,0.5350580270793037,0.13984168865435356,0.7987588652482269,0.49131205673758865,0.5086879432624114
5965,YJR041C YBR223C,0.0,NA,8.4604137029487e-09,901,5541,5739,227,0.5351386202450032,0.13986339646072649,0.7987588652482269,0.49122340425531913,0.5087765957446808
5966,YDR532C YOL025W,0.0,NA,8.4702467262332e-09,901,5540,5740,227,0.5352192134107028,0.1398851110076075,0.7987588652482269,0.49113475177304966,0.5088652482269503
5967,YOR194C YBR083W,0.0,NA,8.47661496550245e-09,901,5539,5741,227,0.5352998065764023,0.13990683229813664,0.7987588652482269,0.49104609929078014,0.5089539007092199
5968,YKL132C YLR081W,0.0,NA,8.49521164525413e-09,901,5538,5742,227,0.5353803997421018,0.1399285603354558,0.7987588652482269,0.4909574468085106,0.5090425531914894
5969,YLL015W YMR221C,0.0,NA,8.516335192609858e-09,901,5537,5743,227,0.5354609929078015,0.13995029512270893,0.7987588652482269,0.49086879432624114,0.5091312056737589
5970,YDR191W YBR115C,0.0,NA,8.59031867861404e-09,901,5536,5744,227,0.535541586073501,0.13997203666304178,0.7987588652482269,0.4907801418439716,0.5092198581560283
5971,YEL018W YER059W,0.0,NA,8.59828563903875e-09,901,5535,5745,227,0.5356221792392005,0.13999378495960224,0.7987588652482269,0.49069148936170215,0.5093085106382979
5972,YDR335W YPR184W,0.0,NA,8.602633272403182e-09,901,5534,5746,227,0.5357027724049,0.14001554001554,0.7987588652482269,0.4906028368794326,0.5093971631205674
5973,YGR046W YDR272W,0.0,NA,8.613173285709763e-09,901,5533,5747,227,0.5357833655705996,0.14003730183400684,0.7987588652482269,0.4905141843971631,0.5094858156028369
5974,YDR427W YCR065W,0.0,NA,8.628004088961916e-09,901,5532,5748,227,0.5358639587362991,0.14005907041815638,0.7987588652482269,0.49042553191489363,0.5095744680851064
5975,YJR135C YNL064C,0.0,NA,8.65171845276791e-09,901,5531,5749,227,0.5359445519019987,0.14008084577114427,0.7987588652482269,0.4903368794326241,0.5096631205673758
5976,YER078C YDR434W,1.0,NA,8.696073194869314e-09,900,5531,5749,228,0.5358639587362991,0.1399471310838128,0.7978723404255319,0.4903368794326241,0.5096631205673758
5977,YCL031C YKL168C,0.0,NA,8.69700222949632e-09,900,5530,5750,228,0.5359445519019987,0.13996889580093314,0.7978723404255319,0.49024822695035464,0.5097517730496454
5978,YPR072W YNL149C,0.0,NA,8.742755852608752e-09,900,5529,5751,228,0.5360251450676983,0.1399906672888474,0.7978723404255319,0.4901595744680851,0.5098404255319149
5979,YBR133C YIR032C,0.0,NA,8.770615345099486e-09,900,5528,5752,228,0.5361057382333978,0.14001244555071563,0.7978723404255319,0.4900709219858156,0.5099290780141844
5980,YNL267W YPL048W,0.0,NA,8.77951933375698e-09,900,5527,5753,228,0.5361863313990973,0.14003423058969972,0.7978723404255319,0.4899822695035461,0.5100177304964539
5981,YDR099W YCR028C,0.0,NA,8.804388329508583e-09,900,5526,5754,228,0.5362669245647969,0.1400560224089636,0.7978723404255319,0.4898936170212766,0.5101063829787233
5982,YPR021C YML075C,0.0,NA,8.831213982318786e-09,900,5525,5755,228,0.5363475177304965,0.14007782101167315,0.7978723404255319,0.48980496453900707,0.5101950354609929
5983,YBR114W YDR090C,0.0,NA,8.860046918357511e-09,900,5524,5756,228,0.536428110896196,0.14009962640099627,0.7978723404255319,0.4897163120567376,0.5102836879432624
5984,YDL106C YJR103W,0.0,NA,8.86425599588847e-09,900,5523,5757,228,0.5365087040618955,0.14012143858010276,0.7978723404255319,0.4896276595744681,0.5103723404255319
5985,YGR179C YDR217C,0.0,NA,8.92769858040765e-09,900,5522,5758,228,0.5365892972275951,0.14014325755216445,0.7978723404255319,0.4895390070921986,0.5104609929078014
5986,YHR033W YBR283C,0.0,NA,8.93833007609146e-09,900,5521,5759,228,0.5366698903932946,0.14016508332035507,0.7978723404255319,0.4894503546099291,0.510549645390071
5987,YLR144C YMR286W,0.0,NA,8.965205466893167e-09,900,5520,5760,228,0.5367504835589942,0.14018691588785046,0.7978723404255319,0.48936170212765956,0.5106382978723404
5988,YHR105W YKL085W,0.0,NA,9.025391989325726e-09,900,5519,5761,228,0.5368310767246938,0.14020875525782833,0.7978723404255319,0.4892730496453901,0.5107269503546099
5989,YKR020W YMR101C,0.0,NA,9.037312231896522e-09,900,5518,5762,228,0.5369116698903933,0.14023060143346838,0.7978723404255319,0.48918439716312057,0.5108156028368794
5990,YOR273C YEL036C,0.0,NA,9.059299976854618e-09,900,5517,5763,228,0.5369922630560928,0.1402524544179523,0.7978723404255319,0.48909574468085104,0.510904255319149
5991,YCR065W YDR496C,0.0,NA,9.068462425432244e-09,900,5516,5764,228,0.5370728562217923,0.14027431421446385,0.7978723404255319,0.48900709219858157,0.5109929078014185
5992,YDL104C YPR103W,1.0,NA,9.069465178868086e-09,899,5516,5764,229,0.5369922630560928,0.14014029618082618,0.7969858156028369,0.48900709219858157,0.5109929078014185
5993,YEL043W YHL012W,0.0,NA,9.072406825794133e-09,899,5515,5765,229,0.5370728562217923,0.14016214530714063,0.7969858156028369,0.48891843971631205,0.5110815602836879
5994,YDL012C YJL002C,0.0,NA,9.079002438738826e-09,899,5514,5766,229,0.537153449387492,0.14018400124746608,0.7969858156028369,0.4888297872340426,0.5111702127659574
5995,YNL281W YIR003W,0.0,NA,9.116918775475824e-09,899,5513,5767,229,0.5372340425531915,0.14020586400499063,0.7969858156028369,0.48874113475177305,0.511258865248227
5996,YLR176C YMR244C-A,0.0,NA,9.124224931156277e-09,899,5512,5768,229,0.537314635718891,0.14022773358290438,0.7969858156028369,0.48865248226950353,0.5113475177304965
5997,YLR293C YOR310C,0.0,NA,9.14391140582893e-09,899,5511,5769,229,0.5373952288845906,0.14024960998439936,0.7969858156028369,0.48856382978723406,0.511436170212766
5998,YOL113W YPR003C,0.0,NA,9.195488814839337e-09,899,5510,5770,229,0.5374758220502901,0.14027149321266968,0.7969858156028369,0.48847517730496454,0.5115248226950354
5999,YHL018W YMR280C,0.0,NA,9.200698869449297e-09,899,5509,5771,229,0.5375564152159897,0.14029338327091137,0.7969858156028369,0.488386524822695,0.5116134751773049
6000,YKL024C YPR137W,0.0,NA,9.206579498766132e-09,899,5508,5772,229,0.5376370083816893,0.14031528016232245,0.7969858156028369,0.48829787234042554,0.5117021276595745
6001,YBR191W YBR076W,0.0,NA,9.228045882991864e-09,899,5507,5773,229,0.5377176015473888,0.14033718389010302,0.7969858156028369,0.488209219858156,0.511790780141844
6002,YDR244W YFL052W,0.0,NA,9.233679598708022e-09,899,5506,5774,229,0.5377981947130883,0.14035909445745512,0.7969858156028369,0.48812056737588655,0.5118794326241135
6003,YOR038C YMR101C,0.0,NA,9.243124488023113e-09,899,5505,5775,229,0.5378787878787878,0.14038101186758276,0.7969858156028369,0.488031914893617,0.511968085106383
6004,YJL170C YEL017C-A,0.0,NA,9.282363322427045e-09,899,5504,5776,229,0.5379593810444874,0.140402936123692,0.7969858156028369,0.4879432624113475,0.5120567375886524
6005,YPL131W YBR213W,0.0,NA,9.284470969816994e-09,899,5503,5777,229,0.538039974210187,0.14042486722899095,0.7969858156028369,0.48785460992907803,0.512145390070922
6006,YER144C YGL203C,1.0,NA,9.299606418267103e-09,898,5503,5777,230,0.5379593810444874,0.14029057959693797,0.7960992907801419,0.48785460992907803,0.512145390070922
6007,YLR105C YDL207W,0.0,NA,9.316400984005213e-09,898,5502,5778,230,0.538039974210187,0.1403125,0.7960992907801419,0.4877659574468085,0.5122340425531915
6008,YGL216W YDR036C,0.0,NA,9.318178229023033e-09,898,5501,5779,230,0.5381205673758865,0.1403344272542585,0.7960992907801419,0.487677304964539,0.512322695035461
6009,YDR364C YMR123W,0.0,NA,9.318462446117337e-09,898,5500,5780,230,0.5382011605415861,0.14035636136292592,0.7960992907801419,0.4875886524822695,0.5124113475177305
6010,YDL018C YML080W,0.0,NA,9.344911511277587e-09,898,5499,5781,230,0.5382817537072856,0.14037830232921683,0.7960992907801419,0.4875,0.5125
6011,YOL113W YOR090C,0.0,NA,9.349921725743116e-09,898,5498,5782,230,0.5383623468729851,0.14040025015634772,0.7960992907801419,0.4874113475177305,0.5125886524822695
6012,YLR431C YGL143C,0.0,NA,9.353720464844173e-09,898,5497,5783,230,0.5384429400386848,0.14042220484753715,0.7960992907801419,0.487322695035461,0.512677304964539
6013,YBR203W YIR014W,0.0,NA,9.384457655414735e-09,898,5496,5784,230,0.5385235332043843,0.14044416640600563,0.7960992907801419,0.48723404255319147,0.5127659574468085
6014,YPR186C YBR275C,0.0,NA,9.400186407049205e-09,898,5495,5785,230,0.5386041263700838,0.14046613483497575,0.7960992907801419,0.487145390070922,0.512854609929078
6015,YPL270W YCR020C-A,0.0,NA,9.445621174108965e-09,898,5494,5786,230,0.5386847195357833,0.1404881101376721,0.7960992907801419,0.4870567375886525,0.5129432624113475
6016,YJL051W YNL118C,0.0,NA,9.446631032972164e-09,898,5493,5787,230,0.5387653127014829,0.14051009231732123,0.7960992907801419,0.48696808510638295,0.513031914893617
6017,YNL301C YDR257C,0.0,NA,9.453912319656865e-09,898,5492,5788,230,0.5388459058671825,0.1405320813771518,0.7960992907801419,0.4868794326241135,0.5131205673758865
6018,YBL057C YKL101W,0.0,NA,9.466345041175828e-09,898,5491,5789,230,0.538926499032882,0.14055407732039443,0.7960992907801419,0.48679078014184396,0.513209219858156
6019,YER166W YPL183C,0.0,NA,9.477130191726246e-09,898,5490,5790,230,0.5390070921985816,0.14057608015028178,0.7960992907801419,0.4867021276595745,0.5132978723404256
6020,YKL134C YDR434W,1.0,NA,9.488145380487367e-09,897,5490,5790,231,0.538926499032882,0.14044152184124,0.7952127659574468,0.4867021276595745,0.5132978723404256
6021,YMR031C YOR253W,0.0,NA,9.539662393365234e-09,897,5489,5791,231,0.5390070921985816,0.14046351393673662,0.7952127659574468,0.48661347517730497,0.5133865248226951
6022,YOR196C YKL161C,0.0,NA,9.586923255255897e-09,897,5488,5792,231,0.5390876853642811,0.14048551292090838,0.7952127659574468,0.48652482269503544,0.5134751773049645
6023,YMR145C YGL066W,0.0,NA,9.605171769067056e-09,897,5487,5793,231,0.5391682785299806,0.14050751879699247,0.7952127659574468,0.486436170212766,0.513563829787234
6024,YKL207W YDL015C,0.0,NA,9.654101518208336e-09,897,5486,5794,231,0.5392488716956803,0.14052953156822812,0.7952127659574468,0.48634751773049645,0.5136524822695036
6025,YDR197W YDL126C,0.0,NA,9.654690380500597e-09,897,5485,5795,231,0.5393294648613798,0.14055155123785648,0.7952127659574468,0.4862588652482269,0.5137411347517731
6026,YBR029C YDR228C,0.0,NA,9.658484678709556e-09,897,5484,5796,231,0.5394100580270793,0.14057357780912083,0.7952127659574468,0.48617021276595745,0.5138297872340426
6027,YGR171C YDR049W,0.0,NA,9.660400479560849e-09,897,5483,5797,231,0.5394906511927788,0.14059561128526646,0.7952127659574468,0.48608156028368793,0.513918439716312
6028,YHL013C YLR341W,0.0,NA,9.682776358488354e-09,897,5482,5798,231,0.5395712443584784,0.14061765166954068,0.7952127659574468,0.48599290780141846,0.5140070921985815
6029,YGR224W YDL010W,0.0,NA,9.698061909091393e-09,897,5481,5799,231,0.539651837524178,0.14063969896519285,0.7952127659574468,0.48590425531914894,0.5140957446808511
6030,YNL320W YOR209C,0.0,NA,9.700060310535719e-09,897,5480,5800,231,0.5397324306898775,0.14066175317547436,0.7952127659574468,0.4858156028368794,0.5141843971631206
6031,YCR066W YJL094C,0.0,NA,9.706797143849144e-09,897,5479,5801,231,0.5398130238555771,0.14068381430363863,0.7952127659574468,0.48572695035460994,0.5142730496453901
6032,YPR127W YOR061W,0.0,NA,9.72182334635363e-09,897,5478,5802,231,0.5398936170212766,0.14070588235294118,0.7952127659574468,0.4856382978723404,0.5143617021276595
6033,YOR059C YBR214W,0.0,NA,9.742353590524999e-09,897,5477,5803,231,0.5399742101869761,0.14072795732663948,0.7952127659574468,0.48554964539007095,0.514450354609929
6034,YKR095W YCR095C,0.0,NA,9.75594716123851e-09,897,5476,5804,231,0.5400548033526756,0.1407500392279931,0.7952127659574468,0.4854609929078014,0.5145390070921986
6035,YOR194C YDR137W,0.0,NA,9.767565423146607e-09,897,5475,5805,231,0.5401353965183753,0.14077212806026365,0.7952127659574468,0.4853723404255319,0.5146276595744681
6036,YGL191W YMR197C,0.0,NA,9.812493040328718e-09,897,5474,5806,231,0.5402159896840748,0.1407942238267148,0.7952127659574468,0.48528368794326243,0.5147163120567376
6037,YJR122W YDR311W,0.0,NA,9.820056767750884e-09,897,5473,5807,231,0.5402965828497743,0.14081632653061224,0.7952127659574468,0.4851950354609929,0.514804964539007
6038,YJR131W YKR035W-A,0.0,NA,9.859958183255912e-09,897,5472,5808,231,0.5403771760154739,0.14083843617522374,0.7952127659574468,0.4851063829787234,0.5148936170212766
6039,YBR023C YAL015C,0.0,NA,9.904668196725197e-09,897,5471,5809,231,0.5404577691811734,0.1408605527638191,0.7952127659574468,0.4850177304964539,0.5149822695035461
6040,YJR098C YER124C,0.0,NA,9.929276956199828e-09,897,5470,5810,231,0.540538362346873,0.14088267629967016,0.7952127659574468,0.4849290780141844,0.5150709219858156
6041,YLR081W YDR384C,0.0,NA,9.932269229295798e-09,897,5469,5811,231,0.5406189555125726,0.14090480678605088,0.7952127659574468,0.4848404255319149,0.5151595744680851
6042,YHL011C YKL184W,0.0,NA,9.933993183608436e-09,897,5468,5812,231,0.5406995486782721,0.14092694422623722,0.7952127659574468,0.4847517730496454,0.5152482269503547
6043,YGR106C YMR301C,0.0,NA,9.94671545129222e-09,897,5467,5813,231,0.5407801418439716,0.14094908862350722,0.7952127659574468,0.48466312056737587,0.5153368794326241
6044,YGL097W YML080W,0.0,NA,9.961390823320926e-09,897,5466,5814,231,0.5408607350096711,0.14097123998114097,0.7952127659574468,0.4845744680851064,0.5154255319148936
6045,YLR435W YHR055C,0.0,NA,1.0012556117544591e-08,897,5465,5815,231,0.5409413281753708,0.14099339830242064,0.7952127659574468,0.4844858156028369,0.5155141843971631
6046,YML022W YBR266C,0.0,NA,1.0023026852934436e-08,897,5464,5816,231,0.5410219213410703,0.14101556359063042,0.7952127659574468,0.48439716312056735,0.5156028368794326
6047,YLR431C YOR213C,0.0,NA,1.0024861829549536e-08,897,5463,5817,231,0.5411025145067698,0.1410377358490566,0.7952127659574468,0.4843085106382979,0.5156914893617022
6048,YBR187W YKL183W,0.0,NA,1.0093992308668476e-08,897,5462,5818,231,0.5411831076724694,0.14105991508098759,0.7952127659574468,0.48421985815602836,0.5157801418439716
6049,YML008C YMR092C,0.0,NA,1.01423740517248e-08,897,5461,5819,231,0.5412637008381689,0.14108210128971374,0.7952127659574468,0.4841312056737589,0.5158687943262411
6050,YLR247C YJR004C,0.0,NA,1.0149863172159712e-08,897,5460,5820,231,0.5413442940038685,0.1411042944785276,0.7952127659574468,0.48404255319148937,0.5159574468085106
6051,YGL095C YDR517W,0.0,NA,1.01509671779354e-08,897,5459,5821,231,0.541424887169568,0.14112649465072372,0.7952127659574468,0.48395390070921984,0.5160460992907802
6052,YKL073W YGR233C,0.0,NA,1.0170133180054108e-08,897,5458,5822,231,0.5415054803352676,0.14114870180959874,0.7952127659574468,0.4838652482269504,0.5161347517730497
6053,YJL170C YMR122W-A,0.0,NA,1.0231225644474762e-08,897,5457,5823,231,0.5415860735009671,0.14117091595845138,0.7952127659574468,0.48377659574468085,0.5162234042553191
6054,YDR057W YGL044C,0.0,NA,1.0242238168700624e-08,897,5456,5824,231,0.5416666666666666,0.1411931371005824,0.7952127659574468,0.4836879432624113,0.5163120567375886
6055,YPR115W YCR040W,0.0,NA,1.0275247319668779e-08,897,5455,5825,231,0.5417472598323663,0.1412153652392947,0.7952127659574468,0.48359929078014185,0.5164007092198581
6056,YNL327W YOR324C,0.0,NA,1.0360025726185995e-08,897,5454,5826,231,0.5418278529980658,0.14123760037789324,0.7952127659574468,0.48351063829787233,0.5164893617021277
6057,YPL249C YGL134W,0.0,NA,1.0407062767114894e-08,897,5453,5827,231,0.5419084461637653,0.14125984251968504,0.7952127659574468,0.48342198581560286,0.5165780141843972
6058,YNL273W YML114C,0.0,NA,1.0470556865982417e-08,897,5452,5828,231,0.5419890393294649,0.1412820916679792,0.7952127659574468,0.48333333333333334,0.5166666666666667
6059,YCR076C YCR097W,0.0,NA,1.0481246981441927e-08,897,5451,5829,231,0.5420696324951644,0.14130434782608695,0.7952127659574468,0.4832446808510638,0.5167553191489361
6060,YER174C YMR065W,0.0,NA,1.0487386070678895e-08,897,5450,5830,231,0.5421502256608639,0.14132661099732158,0.7952127659574468,0.48315602836879434,0.5168439716312057
6061,YGR156W YMR179W,0.0,NA,1.049136688635599e-08,897,5449,5831,231,0.5422308188265635,0.14134888118499842,0.7952127659574468,0.4830673758865248,0.5169326241134752
6062,YJL174W YOR080W,0.0,NA,1.04993338467807e-08,897,5448,5832,231,0.5423114119922631,0.141371158392435,0.7952127659574468,0.4829787234042553,0.5170212765957447
6063,YML063W YBR111C,0.0,NA,1.0499995539703377e-08,897,5447,5833,231,0.5423920051579626,0.1413934426229508,0.7952127659574468,0.4828900709219858,0.5171099290780142
6064,YCR053W YGL245W,0.0,NA,1.0531685745718278e-08,897,5446,5834,231,0.5424725983236621,0.14141573387986758,0.7952127659574468,0.4828014184397163,0.5171985815602836
6065,YDR334W YEL036C,0.0,NA,1.0533293348657935e-08,897,5445,5835,231,0.5425531914893617,0.141438032166509,0.7952127659574468,0.48271276595744683,0.5172872340425532
6066,YER144C YPR024W,1.0,NA,1.0534719763199973e-08,896,5445,5835,232,0.5424725983236621,0.14130263365399778,0.7943262411347518,0.48271276595744683,0.5172872340425532
6067,YLR436C YMR313C,0.0,NA,1.0552577478506464e-08,896,5444,5836,232,0.5425531914893617,0.14132492113564668,0.7943262411347518,0.4826241134751773,0.5173758865248227
6068,YDR272W YDR315C,0.0,NA,1.0574599862422929e-08,896,5443,5837,232,0.5426337846550613,0.141347215649156,0.7943262411347518,0.4825354609929078,0.5174645390070922
6069,YNL185C YFL042C,0.0,NA,1.0575487152664209e-08,896,5442,5838,232,0.5427143778207608,0.1413695171978542,0.7943262411347518,0.4824468085106383,0.5175531914893617
6070,YBR136W YLR350W,0.0,NA,1.0630435198777377e-08,896,5441,5839,232,0.5427949709864603,0.1413918257850718,0.7943262411347518,0.4823581560283688,0.5176418439716312
6071,YBR111C YIL017C,0.0,NA,1.0662133398398055e-08,896,5440,5840,232,0.5428755641521599,0.1414141414141414,0.7943262411347518,0.48226950354609927,0.5177304964539007
6072,YPR031W YLR005W,0.0,NA,1.0673690375995193e-08,896,5439,5841,232,0.5429561573178594,0.1414364640883978,0.7943262411347518,0.4821808510638298,0.5178191489361702
6073,YMR251W-A YLR414C,0.0,NA,1.0715832665653124e-08,896,5438,5842,232,0.543036750483559,0.14145879381117776,0.7943262411347518,0.48209219858156027,0.5179078014184397
6074,YJL145W YKR096W,0.0,NA,1.0744793499384286e-08,896,5437,5843,232,0.5431173436492586,0.14148113058582032,0.7943262411347518,0.4820035460992908,0.5179964539007093
6075,YKR094C YOR304C-A,0.0,NA,1.0745572431858363e-08,896,5436,5844,232,0.5431979368149581,0.14150347441566646,0.7943262411347518,0.4819148936170213,0.5180851063829788
6076,YFR006W YDR434W,1.0,NA,1.0758430590840362e-08,895,5436,5844,233,0.5431173436492586,0.14136787237403253,0.7934397163120568,0.4819148936170213,0.5180851063829788
6077,YCR020C-A YER026C,0.0,NA,1.078666311826737e-08,895,5435,5845,233,0.5431979368149581,0.14139020537124802,0.7934397163120568,0.48182624113475175,0.5181737588652482
6078,YML008C YHR166C,0.0,NA,1.0790139448602076e-08,895,5434,5846,233,0.5432785299806576,0.14141254542581766,0.7934397163120568,0.4817375886524823,0.5182624113475177
6079,YHR068W YOL017W,0.0,NA,1.0790222049195108e-08,895,5433,5847,233,0.5433591231463571,0.14143489254108724,0.7934397163120568,0.48164893617021276,0.5183510638297872
6080,YMR078C YDL155W,0.0,NA,1.0828404839458017e-08,895,5432,5848,233,0.5434397163120568,0.1414572467204046,0.7934397163120568,0.48156028368794324,0.5184397163120568
6081,YOR298C-A YMR217W,0.0,NA,1.0858414611902845e-08,895,5431,5849,233,0.5435203094777563,0.14147960796711984,0.7934397163120568,0.48147163120567377,0.5185283687943263
6082,YMR124W YPR121W,0.0,NA,1.0872300393316436e-08,895,5430,5850,233,0.5436009026434558,0.14150197628458497,0.7934397163120568,0.48138297872340424,0.5186170212765957
6083,YGR142W YNL118C,0.0,NA,1.0889524837409681e-08,895,5429,5851,233,0.5436814958091554,0.14152435167615432,0.7934397163120568,0.4812943262411348,0.5187056737588652
6084,YHR110W YGL195W,0.0,NA,1.0889961821192173e-08,895,5428,5852,233,0.5437620889748549,0.14154673414518426,0.7934397163120568,0.48120567375886525,0.5187943262411348
6085,YMR301C YDL193W,0.0,NA,1.0976231479276066e-08,895,5427,5853,233,0.5438426821405545,0.14156912369503322,0.7934397163120568,0.4811170212765957,0.5188829787234043
6086,YPR118W YKL003C,0.0,NA,1.0982681430959929e-08,895,5426,5854,233,0.5439232753062541,0.14159152032906186,0.7934397163120568,0.48102836879432626,0.5189716312056738
6087,YDR299W YML015C,0.0,NA,1.1035828251237945e-08,895,5425,5855,233,0.5440038684719536,0.14161392405063292,0.7934397163120568,0.48093971631205673,0.5190602836879432
6088,YNL004W YOR101W,0.0,NA,1.1100871333269424e-08,895,5424,5856,233,0.5440844616376531,0.14163633486311125,0.7934397163120568,0.4808510638297872,0.5191489361702127
6089,YNR048W YBR168W,0.0,NA,1.1106696007345818e-08,895,5423,5857,233,0.5441650548033526,0.1416587527698639,0.7934397163120568,0.48076241134751774,0.5192375886524823
6090,YER174C YNR065C,0.0,NA,1.1113836961840207e-08,895,5422,5858,233,0.5442456479690522,0.14168117777425993,0.7934397163120568,0.4806737588652482,0.5193262411347518
6091,YML008C YDR294C,0.0,NA,1.1141704447936718e-08,895,5421,5859,233,0.5443262411347518,0.14170360987967068,0.7934397163120568,0.48058510638297874,0.5194148936170213
6092,YNL036W YJL151C,0.0,NA,1.1154867252116674e-08,895,5420,5860,233,0.5444068343004513,0.1417260490894695,0.7934397163120568,0.4804964539007092,0.5195035460992907
6093,YGR296W YGR233C,0.0,NA,1.1199444038823003e-08,895,5419,5861,233,0.5444874274661509,0.141748495407032,0.7934397163120568,0.4804078014184397,0.5195921985815602
6094,YLL019C YBL097W,0.0,NA,1.1256517495894514e-08,895,5418,5862,233,0.5445680206318504,0.1417709488357358,0.7934397163120568,0.4803191489361702,0.5196808510638298
6095,YDR299W YFL056C,0.0,NA,1.1329796656411872e-08,895,5417,5863,233,0.5446486137975499,0.1417934093789607,0.7934397163120568,0.4802304964539007,0.5197695035460993
6096,YCR011C YFR039C,0.0,NA,1.1332324412194339e-08,895,5416,5864,233,0.5447292069632496,0.14181587704008874,0.7934397163120568,0.48014184397163123,0.5198581560283688
6097,YLR088W YJR126C,1.0,NA,1.1353352924459159e-08,894,5416,5864,234,0.5446486137975499,0.1416798732171157,0.7925531914893617,0.48014184397163123,0.5198581560283688
6098,YLR436C YEL012W,0.0,NA,1.1361174223623038e-08,894,5415,5865,234,0.5447292069632496,0.1417023300047551,0.7925531914893617,0.4800531914893617,0.5199468085106383
6099,YDL052C YPL149W,0.0,NA,1.138355898433474e-08,894,5414,5866,234,0.5448098001289491,0.14172479391249207,0.7925531914893617,0.4799645390070922,0.5200354609929078
6100,YDR316W YPR121W,0.0,NA,1.1395028920446748e-08,894,5413,5867,234,0.5448903932946486,0.14174726494371334,0.7925531914893617,0.4798758865248227,0.5201241134751773
6101,YEL036C YOR242C,0.0,NA,1.1427414570164274e-08,894,5412,5868,234,0.5449709864603481,0.14176974310180782,0.7925531914893617,0.4797872340425532,0.5202127659574468
6102,YML100W YGR120C,0.0,NA,1.1427829349486274e-08,894,5411,5869,234,0.5450515796260477,0.14179222839016653,0.7925531914893617,0.47969858156028367,0.5203014184397163
6103,YDR341C YGR103W,0.0,NA,1.1444210912259223e-08,894,5410,5870,234,0.5451321727917473,0.14181472081218274,0.7925531914893617,0.4796099290780142,0.5203900709219859
6104,YLR401C YJR046W,0.0,NA,1.145849459760484e-08,894,5409,5871,234,0.5452127659574468,0.1418372203712518,0.7925531914893617,0.47952127659574467,0.5204787234042553
6105,YHR021W-A YDR428C,0.0,NA,1.1462298665776416e-08,894,5408,5872,234,0.5452933591231464,0.14185972707077119,0.7925531914893617,0.4794326241134752,0.5205673758865248
6106,YLR291C YDR192C,0.0,NA,1.1475007610783905e-08,894,5407,5873,234,0.5453739522888459,0.14188224091414062,0.7925531914893617,0.4793439716312057,0.5206560283687943
6107,YNL305C YBR201W,0.0,NA,1.1540503663809432e-08,894,5406,5874,234,0.5454545454545454,0.1419047619047619,0.7925531914893617,0.47925531914893615,0.5207446808510638
6108,YBR059C YOL091W,0.0,NA,1.1558325851979134e-08,894,5405,5875,234,0.545535138620245,0.14192729004603905,0.7925531914893617,0.4791666666666667,0.5208333333333334
6109,YGR060W YLR072W,0.0,NA,1.1583131787062939e-08,894,5404,5876,234,0.5456157317859446,0.1419498253413782,0.7925531914893617,0.47907801418439716,0.5209219858156028
6110,YLR262C YPL031C,0.0,NA,1.1616118733570602e-08,894,5403,5877,234,0.5456963249516441,0.1419723677941877,0.7925531914893617,0.47898936170212764,0.5210106382978723
6111,YOR307C YDR362C,0.0,NA,1.1665609811473132e-08,894,5402,5878,234,0.5457769181173436,0.141994917407878,0.7925531914893617,0.47890070921985817,0.5210992907801418
6112,YPR072W YDR473C,0.0,NA,1.1701354551973964e-08,894,5401,5879,234,0.5458575112830432,0.1420174741858618,0.7925531914893617,0.47881205673758864,0.5211879432624114
6113,YGR278W YIL147C,0.0,NA,1.1714150538466583e-08,894,5400,5880,234,0.5459381044487428,0.14204003813155386,0.7925531914893617,0.4787234042553192,0.5212765957446809
6114,YIL051C YNL064C,0.0,NA,1.1793264143022952e-08,894,5399,5881,234,0.5460186976144423,0.14206260924837122,0.7925531914893617,0.47863475177304965,0.5213652482269504
6115,YHR011W YJR144W,0.0,NA,1.1832106849851698e-08,894,5398,5882,234,0.5460992907801419,0.14208518753973298,0.7925531914893617,0.4785460992907801,0.5214539007092198
6116,YPL250C YMR156C,0.0,NA,1.1838495517224601e-08,894,5397,5883,234,0.5461798839458414,0.14210777300906055,0.7925531914893617,0.47845744680851066,0.5215425531914893
6117,YKR104W YHR073W,0.0,NA,1.1839873970131976e-08,894,5396,5884,234,0.5462604771115409,0.14213036565977744,0.7925531914893617,0.47836879432624113,0.5216312056737589
6118,YHL024W YAL047C,0.0,NA,1.1868542593163056e-08,894,5395,5885,234,0.5463410702772404,0.14215296549530926,0.7925531914893617,0.4782801418439716,0.5217198581560284
6119,YAL061W YKR076W,0.0,NA,1.1868656280000778e-08,894,5394,5886,234,0.5464216634429401,0.14217557251908397,0.7925531914893617,0.47819148936170214,0.5218085106382979
6120,YHR168W YBL026W,0.0,NA,1.1870173288741626e-08,894,5393,5887,234,0.5465022566086396,0.14219818673453158,0.7925531914893617,0.4781028368794326,0.5218971631205673
6121,YOR273C YIL013C,0.0,NA,1.1892744566921465e-08,894,5392,5888,234,0.5465828497743391,0.1422208081450843,0.7925531914893617,0.47801418439716314,0.5219858156028369
6122,YHR211W YMR203W,0.0,NA,1.1916176489989994e-08,894,5391,5889,234,0.5466634429400387,0.1422434367541766,0.7925531914893617,0.4779255319148936,0.5220744680851064
6123,YLR037C YJL138C,0.0,NA,1.1995259896480093e-08,894,5390,5890,234,0.5467440361057382,0.14226607256524507,0.7925531914893617,0.4778368794326241,0.5221631205673759
6124,YOR355W YMR077C,0.0,NA,1.211519329302746e-08,894,5389,5891,234,0.5468246292714378,0.14228871558172848,0.7925531914893617,0.4777482269503546,0.5222517730496454
6125,YML103C YDR130C,0.0,NA,1.213174893877067e-08,894,5388,5892,234,0.5469052224371374,0.14231136580706782,0.7925531914893617,0.4776595744680851,0.5223404255319148
6126,YML055W YBL067C,1.0,NA,1.2160801254879061e-08,893,5388,5892,235,0.5468246292714378,0.14217481292787773,0.7916666666666666,0.4776595744680851,0.5223404255319148
6127,YNL053W YKL126W,0.0,NA,1.217268241759939e-08,893,5387,5893,235,0.5469052224371374,0.14219745222929936,0.7916666666666666,0.4775709219858156,0.5224290780141844
6128,YPL274W YNL030W,0.0,NA,1.225963952578013e-08,893,5386,5894,235,0.5469858156028369,0.14222009874183789,0.7916666666666666,0.4774822695035461,0.5225177304964539
6129,YDR447C YCR052W,0.0,NA,1.2265252813392635e-08,893,5385,5895,235,0.5470664087685364,0.14224275246893917,0.7916666666666666,0.4773936170212766,0.5226063829787234
6130,YDR517W YNL307C,0.0,NA,1.2295914508797523e-08,893,5384,5896,235,0.5471470019342359,0.1422654134140513,0.7916666666666666,0.4773049645390071,0.5226950354609929
6131,YML075C YDR405W,0.0,NA,1.2304969487786366e-08,893,5383,5897,235,0.5472275950999356,0.14228808158062461,0.7916666666666666,0.4772163120567376,0.5227836879432625
6132,YKL171W YPL240C,0.0,NA,1.2358174039661662e-08,893,5382,5898,235,0.5473081882656351,0.14231075697211154,0.7916666666666666,0.47712765957446807,0.5228723404255319
6133,YGL245W YGR224W,0.0,NA,1.2358668755041435e-08,893,5381,5899,235,0.5473887814313346,0.14233343959196684,0.7916666666666666,0.4770390070921986,0.5229609929078014
6134,YGR096W YOR233W,0.0,NA,1.2374212765564607e-08,893,5380,5900,235,0.5474693745970342,0.14235612944364737,0.7916666666666666,0.4769503546099291,0.5230496453900709
6135,YNL326C YML002W,0.0,NA,1.237517999186366e-08,893,5379,5901,235,0.5475499677627337,0.14237882653061223,0.7916666666666666,0.47686170212765955,0.5231382978723405
6136,YBR059C YNL084C,0.0,NA,1.2382571412672405e-08,893,5378,5902,235,0.5476305609284333,0.14240153085632276,0.7916666666666666,0.4767730496453901,0.52322695035461
6137,YPR024W YNL191W,1.0,NA,1.2385759973199129e-08,892,5378,5902,236,0.5475499677627337,0.1422647527910686,0.7907801418439716,0.4767730496453901,0.52322695035461
6138,YGL095C YMR203W,0.0,NA,1.2394503201562657e-08,892,5377,5903,236,0.5476305609284333,0.14228744616366246,0.7907801418439716,0.47668439716312055,0.5233156028368794
6139,YNL103W YNL053W,0.0,NA,1.243148517460213e-08,892,5376,5904,236,0.5477111540941328,0.14231014677728143,0.7907801418439716,0.4765957446808511,0.5234042553191489
6140,YML076C YMR220W,0.0,NA,1.2434757223900306e-08,892,5375,5905,236,0.5477917472598324,0.14233285463539175,0.7907801418439716,0.47650709219858156,0.5234929078014184
6141,YJL091C YDL229W,0.0,NA,1.2471478960662807e-08,892,5374,5906,236,0.5478723404255319,0.14235556974146185,0.7907801418439716,0.47641843971631204,0.523581560283688
6142,YER151C YLR163C,1.0,NA,1.249652825663361e-08,891,5374,5906,237,0.5477917472598324,0.14221867517956904,0.7898936170212766,0.47641843971631204,0.523581560283688
6143,YGR261C YMR156C,0.0,NA,1.2561576667735608e-08,891,5373,5907,237,0.5478723404255319,0.14224137931034483,0.7898936170212766,0.47632978723404257,0.5236702127659575
6144,YKL072W YGR120C,0.0,NA,1.2567039853195183e-08,891,5372,5908,237,0.5479529335912314,0.14226409069136198,0.7898936170212766,0.47624113475177304,0.5237588652482269
6145,YHR058C YLL008W,0.0,NA,1.2606700572348473e-08,891,5371,5909,237,0.5480335267569311,0.1422868093260939,0.7898936170212766,0.4761524822695035,0.5238475177304964
6146,YLR401C YAL044W-A,0.0,NA,1.262693949399818e-08,891,5370,5910,237,0.5481141199226306,0.1423095352180163,0.7898936170212766,0.47606382978723405,0.523936170212766
6147,YGR179C YPL038W,0.0,NA,1.2647934255483051e-08,891,5369,5911,237,0.5481947130883301,0.14233226837060703,0.7898936170212766,0.4759751773049645,0.5240248226950355
6148,YPL274W YKL028W,0.0,NA,1.2648923686242597e-08,891,5368,5912,237,0.5482753062540296,0.14235500878734622,0.7898936170212766,0.47588652482269506,0.524113475177305
6149,YGR165W YDL198C,0.0,NA,1.2656212078354656e-08,891,5367,5913,237,0.5483558994197292,0.14237775647171622,0.7898936170212766,0.47579787234042553,0.5242021276595744
6150,YOR208W YDR346C,0.0,NA,1.2660677839448908e-08,891,5366,5914,237,0.5484364925854287,0.14240051142720153,0.7898936170212766,0.475709219858156,0.5242907801418439
6151,YPL150W YNL127W,0.0,NA,1.2667586091197336e-08,891,5365,5915,237,0.5485170857511283,0.142423273657289,0.7898936170212766,0.47562056737588654,0.5243794326241135
6152,YLR072W YHR002W,0.0,NA,1.269283611549099e-08,891,5364,5916,237,0.5485976789168279,0.14244604316546763,0.7898936170212766,0.475531914893617,0.524468085106383
6153,YPL215W YMR313C,0.0,NA,1.2703371687905474e-08,891,5363,5917,237,0.5486782720825274,0.14246881995522864,0.7898936170212766,0.47544326241134754,0.5245567375886525
6154,YEL003W YHR150W,0.0,NA,1.2725076103947686e-08,891,5362,5918,237,0.5487588652482269,0.14249160403006556,0.7898936170212766,0.475354609929078,0.524645390070922
6155,YMR200W YHR059W,0.0,NA,1.2727382703303647e-08,891,5361,5919,237,0.5488394584139265,0.14251439539347407,0.7898936170212766,0.4752659574468085,0.5247340425531914
6156,YDL052C YOR288C,0.0,NA,1.275545091772301e-08,891,5360,5920,237,0.5489200515796261,0.14253719404895215,0.7898936170212766,0.475177304964539,0.524822695035461
6157,YDR354W YOR254C,0.0,NA,1.2764650669794264e-08,891,5359,5921,237,0.5490006447453256,0.14256,0.7898936170212766,0.4750886524822695,0.5249113475177305
6158,YEL039C YHL044W,0.0,NA,1.2786263603459247e-08,891,5358,5922,237,0.5490812379110251,0.14258281325012,0.7898936170212766,0.475,0.525
6159,YPL099C YDR536W,0.0,NA,1.2794534320903495e-08,891,5357,5923,237,0.5491618310767247,0.1426056338028169,0.7898936170212766,0.4749113475177305,0.5250886524822695
6160,YLR088W YFR018C,1.0,NA,1.2829846518513932e-08,890,5357,5923,238,0.5490812379110251,0.14246838482471585,0.7890070921985816,0.4749113475177305,0.5250886524822695
6161,YLR088W YJL113W,1.0,NA,1.2871833376948416e-08,889,5357,5923,239,0.5490006447453256,0.14233109189881524,0.7881205673758865,0.4749113475177305,0.5250886524822695
6162,YPL250C YDR005C,0.0,NA,1.2909131541505303e-08,889,5356,5924,239,0.5490812379110251,0.1423538831064852,0.7881205673758865,0.474822695035461,0.525177304964539
6163,YPL167C YPL158C,0.0,NA,1.2910634339391436e-08,889,5355,5925,239,0.5491618310767247,0.14237668161434977,0.7881205673758865,0.4747340425531915,0.5252659574468085
6164,YLR291C YDL148C,0.0,NA,1.2957406703151264e-08,889,5354,5926,239,0.5492424242424242,0.14239948742591702,0.7881205673758865,0.474645390070922,0.525354609929078
6165,YDR317W YML103C,0.0,NA,1.2976971497380418e-08,889,5353,5927,239,0.5493230174081238,0.1424223005446972,0.7881205673758865,0.47455673758865247,0.5254432624113475
6166,YNL014W YGR046W,0.0,NA,1.2987915631867963e-08,889,5352,5928,239,0.5494036105738234,0.14244512097420287,0.7881205673758865,0.474468085106383,0.5255319148936171
6167,YMR150C YBL067C,1.0,NA,1.2998548015730194e-08,888,5352,5928,240,0.5493230174081238,0.1423076923076923,0.7872340425531915,0.474468085106383,0.5255319148936171
6168,YKL150W YOL111C,0.0,NA,1.3038053303660035e-08,888,5351,5929,240,0.5494036105738234,0.14233050168296202,0.7872340425531915,0.4743794326241135,0.5256205673758865
6169,YGR037C YPL121C,0.0,NA,1.3089157313572741e-08,888,5350,5930,240,0.5494842037395229,0.14235331837127285,0.7872340425531915,0.47429078014184395,0.525709219858156
6170,YKL011C YNL007C,0.0,NA,1.3095849737965182e-08,888,5349,5931,240,0.5495647969052224,0.14237614237614238,0.7872340425531915,0.4742021276595745,0.5257978723404255
6171,YJR141W YOL017W,0.0,NA,1.3122604336501809e-08,888,5348,5932,240,0.549645390070922,0.14239897370109045,0.7872340425531915,0.47411347517730495,0.525886524822695
6172,YDR229W YNL107W,0.0,NA,1.3144773269857524e-08,888,5347,5933,240,0.5497259832366216,0.14242181234963913,0.7872340425531915,0.4740248226950355,0.5259751773049646
6173,YDR067C YEL061C,0.0,NA,1.3167809065350866e-08,888,5346,5934,240,0.5498065764023211,0.1424446583253128,0.7872340425531915,0.47393617021276596,0.5260638297872341
6174,YHL012W YAL054C,0.0,NA,1.3184873637328565e-08,888,5345,5935,240,0.5498871695680206,0.14246751163163807,0.7872340425531915,0.47384751773049644,0.5261524822695035
6175,YIL166C YOR213C,0.0,NA,1.3233273143953284e-08,888,5344,5936,240,0.5499677627337202,0.14249037227214378,0.7872340425531915,0.47375886524822697,0.526241134751773
6176,YDR536W YGL219C,0.0,NA,1.3250320840541008e-08,888,5343,5937,240,0.5500483558994197,0.1425132402503611,0.7872340425531915,0.47367021276595744,0.5263297872340426
6177,YJL170C YDR273W,0.0,NA,1.3254768838066866e-08,888,5342,5938,240,0.5501289490651193,0.14253611556982343,0.7872340425531915,0.4735815602836879,0.5264184397163121
6178,YMR265C YNR076W,0.0,NA,1.3270707199808385e-08,888,5341,5939,240,0.5502095422308189,0.14255899823406645,0.7872340425531915,0.47349290780141845,0.5265070921985816
6179,YOR069W YOL025W,0.0,NA,1.328022669611073e-08,888,5340,5940,240,0.5502901353965184,0.14258188824662812,0.7872340425531915,0.4734042553191489,0.526595744680851
6180,YHR057C YJL143W,0.0,NA,1.3280758714984131e-08,888,5339,5941,240,0.5503707285622179,0.14260478561104867,0.7872340425531915,0.47331560283687946,0.5266843971631205
6181,YNL217W YGR229C,0.0,NA,1.3362244644099519e-08,888,5338,5942,240,0.5504513217279174,0.14262769033087055,0.7872340425531915,0.47322695035460993,0.5267730496453901
6182,YNL001W YPR186C,0.0,NA,1.3400938136953755e-08,888,5337,5943,240,0.550531914893617,0.14265060240963856,0.7872340425531915,0.4731382978723404,0.5268617021276596
6183,YLL036C YOL045W,0.0,NA,1.3410040189398842e-08,888,5336,5944,240,0.5506125080593166,0.14267352185089974,0.7872340425531915,0.47304964539007094,0.5269503546099291
6184,YBL097W YBR176W,0.0,NA,1.3421989741857487e-08,888,5335,5945,240,0.5506931012250161,0.14269644865820344,0.7872340425531915,0.4729609929078014,0.5270390070921985
6185,YFR006W YJL172W,1.0,NA,1.3506506135740892e-08,887,5335,5945,241,0.5506125080593166,0.14255866280938606,0.7863475177304965,0.4729609929078014,0.5270390070921985
6186,YJL113W YBL067C,1.0,NA,1.3511556318235307e-08,886,5335,5945,242,0.550531914893617,0.14242083266355893,0.7854609929078015,0.4729609929078014,0.5270390070921985
6187,YAL013W YGR202C,0.0,NA,1.3518207886420441e-08,886,5334,5946,242,0.5506125080593166,0.142443729903537,0.7854609929078015,0.4728723404255319,0.527127659574468
6188,YKR070W YDR229W,0.0,NA,1.356542256303328e-08,886,5333,5947,242,0.5506931012250161,0.1424666345071555,0.7854609929078015,0.4727836879432624,0.5272163120567376
6189,YDL001W YJR103W,0.0,NA,1.3590854663902974e-08,886,5332,5948,242,0.5507736943907157,0.1424895464779672,0.7854609929078015,0.4726950354609929,0.5273049645390071
6190,YLR045C YFR036W,0.0,NA,1.3671713539054053e-08,886,5331,5949,242,0.5508542875564152,0.1425124658195271,0.7854609929078015,0.4726063829787234,0.5273936170212766
6191,YPR127W YLR142W,0.0,NA,1.371271540762109e-08,886,5330,5950,242,0.5509348807221147,0.14253539253539255,0.7854609929078015,0.4725177304964539,0.5274822695035462
6192,YPR069C YIR014W,0.0,NA,1.371585423015631e-08,886,5329,5951,242,0.5510154738878144,0.1425583266291231,0.7854609929078015,0.4724290780141844,0.5275709219858156
6193,YGL030W YER164W,0.0,NA,1.3721087377405183e-08,886,5328,5952,242,0.5510960670535139,0.14258126810428065,0.7854609929078015,0.4723404255319149,0.5276595744680851
6194,YOR047C YBR214W,0.0,NA,1.3767119888541401e-08,886,5327,5953,242,0.5511766602192134,0.14260421696442943,0.7854609929078015,0.4722517730496454,0.5277482269503546
6195,YML082W YPL042C,0.0,NA,1.3770849349725722e-08,886,5326,5954,242,0.5512572533849129,0.14262717321313587,0.7854609929078015,0.47216312056737586,0.5278368794326241
6196,YNL327W YDR191W,0.0,NA,1.378596170553692e-08,886,5325,5955,242,0.5513378465506125,0.14265013685396877,0.7854609929078015,0.4720744680851064,0.5279255319148937
6197,YAL048C YPL094C,0.0,NA,1.380956682339729e-08,886,5324,5956,242,0.5514184397163121,0.1426731078904992,0.7854609929078015,0.47198581560283687,0.5280141843971631
6198,YOR077W YJL063C,0.0,NA,1.3814441146564604e-08,886,5323,5957,242,0.5514990328820116,0.14269608632630054,0.7854609929078015,0.4718971631205674,0.5281028368794326
6199,YLR206W YPR151C,0.0,NA,1.3851933822195406e-08,886,5322,5958,242,0.5515796260477112,0.14271907216494845,0.7854609929078015,0.4718085106382979,0.5281914893617021
6200,YEL003W YBR266C,0.0,NA,1.3873033388733802e-08,886,5321,5959,242,0.5516602192134107,0.14274206541002094,0.7854609929078015,0.47171985815602835,0.5282801418439717
6201,YNL327W YGR143W,0.0,NA,1.3894297268279843e-08,886,5320,5960,242,0.5517408123791102,0.14276506606509828,0.7854609929078015,0.4716312056737589,0.5283687943262412
6202,YHR200W YER151C,1.0,NA,1.3917239805039117e-08,885,5320,5960,243,0.5516602192134107,0.1426269137792103,0.7845744680851063,0.4716312056737589,0.5283687943262412
6203,YEL043W YMR217W,0.0,NA,1.3949502886134724e-08,885,5319,5961,243,0.5517408123791102,0.14264990328820115,0.7845744680851063,0.47154255319148936,0.5284574468085106
6204,YLL042C YJR055W,0.0,NA,1.3963931344562752e-08,885,5318,5962,243,0.5518214055448099,0.14267290020957601,0.7845744680851063,0.47145390070921983,0.5285460992907801
6205,YLR020C YKL184W,0.0,NA,1.3978987745133509e-08,885,5317,5963,243,0.5519019987105094,0.14269590454692035,0.7845744680851063,0.47136524822695036,0.5286347517730496
6206,YDL106C YGL222C,0.0,NA,1.4005943071992988e-08,885,5316,5964,243,0.5519825918762089,0.14271891630382197,0.7845744680851063,0.47127659574468084,0.5287234042553192
6207,YKR066C YOL091W,0.0,NA,1.4198636932860609e-08,885,5315,5965,243,0.5520631850419084,0.14274193548387096,0.7845744680851063,0.47118794326241137,0.5288120567375887
6208,YDL211C YDR219C,0.0,NA,1.4212536925128916e-08,885,5314,5966,243,0.552143778207608,0.14276496209065978,0.7845744680851063,0.47109929078014184,0.5289007092198581
6209,YHR143W YIL138C,0.0,NA,1.4217228283541772e-08,885,5313,5967,243,0.5522243713733076,0.14278799612778315,0.7845744680851063,0.4710106382978723,0.5289893617021276
6210,YML076C YMR060C,0.0,NA,1.421877193763521e-08,885,5312,5968,243,0.5523049645390071,0.14281103759883815,0.7845744680851063,0.47092198581560285,0.5290780141843971
6211,YMR150C YFR018C,1.0,NA,1.4233588530032648e-08,884,5312,5968,244,0.5522243713733076,0.14267269205939315,0.7836879432624113,0.47092198581560285,0.5290780141843971
6212,YMR247C YER163C,0.0,NA,1.4270585602105257e-08,884,5311,5969,244,0.5523049645390071,0.1426957223567393,0.7836879432624113,0.4708333333333333,0.5291666666666667
6213,YPL250C YER070W,0.0,NA,1.4280196580784832e-08,884,5310,5970,244,0.5523855577047067,0.14271876009041007,0.7836879432624113,0.47074468085106386,0.5292553191489362
6214,YHL012W YDR506C,0.0,NA,1.4291914318675936e-08,884,5309,5971,244,0.5524661508704062,0.14274180526400776,0.7836879432624113,0.47065602836879433,0.5293439716312057
6215,YKL072W YML103C,0.0,NA,1.4307951268222041e-08,884,5308,5972,244,0.5525467440361057,0.14276485788113696,0.7836879432624113,0.4705673758865248,0.5294326241134751
6216,YDR197W YNR009W,0.0,NA,1.4309806672940795e-08,884,5307,5973,244,0.5526273372018052,0.14278791794540463,0.7836879432624113,0.47047872340425534,0.5295212765957447
6217,YFR022W YNL225C,0.0,NA,1.4356993816022623e-08,884,5306,5974,244,0.5527079303675049,0.14281098546042004,0.7836879432624113,0.4703900709219858,0.5296099290780142
6218,YIL176C YHR067W,0.0,NA,1.4375681089973114e-08,884,5305,5975,244,0.5527885235332044,0.1428340604297948,0.7836879432624113,0.4703014184397163,0.5296985815602837
6219,YDR283C YNL024C,0.0,NA,1.4443374496408978e-08,884,5304,5976,244,0.5528691166989039,0.14285714285714285,0.7836879432624113,0.4702127659574468,0.5297872340425532
6220,YIL108W YDR415C,1.0,NA,1.445492259222192e-08,883,5304,5976,245,0.5527885235332044,0.14271860352351706,0.7828014184397163,0.4702127659574468,0.5297872340425532
6221,YKL039W YNL119W,0.0,NA,1.4458478858614399e-08,883,5303,5977,245,0.5528691166989039,0.1427416747494342,0.7828014184397163,0.4701241134751773,0.5298758865248226
6222,YCR068W YDR011W,0.0,NA,1.4543002357925161e-08,883,5302,5978,245,0.5529497098646035,0.1427647534357316,0.7828014184397163,0.4700354609929078,0.5299645390070922
6223,YBR132C YNL019C,0.0,NA,1.455482401269137e-08,883,5301,5979,245,0.553030303030303,0.14278783958602845,0.7828014184397163,0.4699468085106383,0.5300531914893617
6224,YHL044W YAL063C,0.0,NA,1.4557405059179018e-08,883,5300,5980,245,0.5531108961960026,0.1428109332039463,0.7828014184397163,0.4698581560283688,0.5301418439716312
6225,YLR147C YBR126W-A,0.0,NA,1.4639405243599413e-08,883,5299,5981,245,0.5531914893617021,0.14283403429310904,0.7828014184397163,0.4697695035460993,0.5302304964539007
6226,YJL185C YEL012W,0.0,NA,1.4659943481376558e-08,883,5298,5982,245,0.5532720825274017,0.14285714285714285,0.7828014184397163,0.4696808510638298,0.5303191489361702
6227,YDR162C YPL149W,0.0,NA,1.4672391301928656e-08,883,5297,5983,245,0.5533526756931012,0.14288025889967637,0.7828014184397163,0.46959219858156026,0.5304078014184397
6228,YPL239W YPR129W,0.0,NA,1.474989108629643e-08,883,5296,5984,245,0.5534332688588007,0.1429033824243405,0.7828014184397163,0.4695035460992908,0.5304964539007092
6229,YPR026W YKR035W-A,0.0,NA,1.4758164468275936e-08,883,5295,5985,245,0.5535138620245004,0.14292651343476853,0.7828014184397163,0.46941489361702127,0.5305851063829787
6230,YJL210W YLR091W,0.0,NA,1.4896315292389772e-08,883,5294,5986,245,0.5535944551901999,0.14294965193459608,0.7828014184397163,0.4693262411347518,0.5306737588652483
6231,YPL200W YBR163W,0.0,NA,1.4930163771964544e-08,883,5293,5987,245,0.5536750483558994,0.14297279792746115,0.7828014184397163,0.4692375886524823,0.5307624113475178
6232,YDR317W YKL028W,0.0,NA,1.494706047822092e-08,883,5292,5988,245,0.553755641521599,0.14299595141700405,0.7828014184397163,0.46914893617021275,0.5308510638297872
6233,YDR334W YML080W,0.0,NA,1.4951879734326212e-08,883,5291,5989,245,0.5538362346872985,0.14301911240686752,0.7828014184397163,0.4690602836879433,0.5309397163120567
6234,YMR262W YKR035W-A,0.0,NA,1.4956615501660053e-08,883,5290,5990,245,0.5539168278529981,0.1430422809006966,0.7828014184397163,0.46897163120567376,0.5310283687943262
6235,YKL002W YMR060C,0.0,NA,1.4978825291223075e-08,883,5289,5991,245,0.5539974210186976,0.1430654569021387,0.7828014184397163,0.46888297872340423,0.5311170212765958
6236,YKL183W YMR177W,0.0,NA,1.500573354462631e-08,883,5288,5992,245,0.5540780141843972,0.14308864041484362,0.7828014184397163,0.46879432624113476,0.5312056737588653
6237,YIL008W YIR006C,0.0,NA,1.5025122479528363e-08,883,5287,5993,245,0.5541586073500967,0.14311183144246353,0.7828014184397163,0.46870567375886524,0.5312943262411347
6238,YMR028W YBR293W,0.0,NA,1.5049788970600275e-08,883,5286,5994,245,0.5542392005157962,0.14313502998865293,0.7828014184397163,0.46861702127659577,0.5313829787234042
6239,YBR222C YBR250W,0.0,NA,1.518290559943125e-08,883,5285,5995,245,0.5543197936814958,0.14315823605706873,0.7828014184397163,0.46852836879432624,0.5314716312056738
6240,YMR010W YOR172W,0.0,NA,1.5238930117789096e-08,883,5284,5996,245,0.5544003868471954,0.1431814496513702,0.7828014184397163,0.4684397163120567,0.5315602836879433
6241,YPR186C YLR223C,0.0,NA,1.5246168771909652e-08,883,5283,5997,245,0.5544809800128949,0.14320467077521895,0.7828014184397163,0.46835106382978725,0.5316489361702128
6242,YLR407W YOR253W,0.0,NA,1.5350513749012862e-08,883,5282,5998,245,0.5545615731785944,0.14322789943227898,0.7828014184397163,0.4682624113475177,0.5317375886524822
6243,YEL043W YEL036C,0.0,NA,1.539716620868603e-08,883,5281,5999,245,0.554642166344294,0.14325113562621675,0.7828014184397163,0.4681737588652482,0.5318262411347517
6244,YPL215W YBL011W,0.0,NA,1.5398546437950245e-08,883,5280,6000,245,0.5547227595099935,0.14327437936070095,0.7828014184397163,0.46808510638297873,0.5319148936170213
6245,YMR202W YER164W,0.0,NA,1.5450060786292852e-08,883,5279,6001,245,0.5548033526756931,0.1432976306394028,0.7828014184397163,0.4679964539007092,0.5320035460992908
6246,YLR375W YER100W,0.0,NA,1.552195350029706e-08,883,5278,6002,245,0.5548839458413927,0.14332088946599578,0.7828014184397163,0.46790780141843974,0.5320921985815603
6247,YMR122W-A YKL017C,0.0,NA,1.5549927567803934e-08,883,5277,6003,245,0.5549645390070922,0.14334415584415586,0.7828014184397163,0.4678191489361702,0.5321808510638298
6248,YLR316C YDR334W,0.0,NA,1.5568236477747632e-08,883,5276,6004,245,0.5550451321727917,0.14336742977756128,0.7828014184397163,0.4677304964539007,0.5322695035460993
6249,YBL097W YOR213C,0.0,NA,1.562875340255232e-08,883,5275,6005,245,0.5551257253384912,0.14339071126989283,0.7828014184397163,0.4676418439716312,0.5323581560283688
6250,YNL297C YML102W,0.0,NA,1.5647394491224986e-08,883,5274,6006,245,0.5552063185041909,0.14341400032483353,0.7828014184397163,0.4675531914893617,0.5324468085106383
6251,YLR176C YHR211W,0.0,NA,1.5682502407798893e-08,883,5273,6007,245,0.5552869116698904,0.14343729694606888,0.7828014184397163,0.4674645390070922,0.5325354609929078
6252,YBR104W YBR187W,0.0,NA,1.5753794713191382e-08,883,5272,6008,245,0.5553675048355899,0.14346060113728676,0.7828014184397163,0.4673758865248227,0.5326241134751774
6253,YER151C YFR052W,1.0,NA,1.5781010276327834e-08,882,5272,6008,246,0.5552869116698904,0.1433214169645759,0.7819148936170213,0.4673758865248227,0.5326241134751774
6254,YMR124W YER101C,0.0,NA,1.578143304925561e-08,882,5271,6009,246,0.5553675048355899,0.14334470989761092,0.7819148936170213,0.4672872340425532,0.5327127659574468
6255,YBR074W YBL005W-B,1.0,NA,1.5879139780849982e-08,881,5271,6009,247,0.5552869116698904,0.14320546163849154,0.7810283687943262,0.4672872340425532,0.5327127659574468
6256,YMR264W YBR250W,0.0,NA,1.5909879635955804e-08,881,5270,6010,247,0.5553675048355899,0.14322874329377336,0.7810283687943262,0.4671985815602837,0.5328014184397163
6257,YKL112W YOR298C-A,0.0,NA,1.5913066420125688e-08,881,5269,6011,247,0.5554480980012895,0.1432520325203252,0.7810283687943262,0.4671099290780142,0.5328900709219858
6258,YLR117C YOL111C,0.0,NA,1.591759080099564e-08,881,5268,6012,247,0.555528691166989,0.14327532932184095,0.7810283687943262,0.46702127659574466,0.5329787234042553
6259,YDL176W YLR045C,0.0,NA,1.5962219990228732e-08,881,5267,6013,247,0.5556092843326886,0.14329863370201693,0.7810283687943262,0.4669326241134752,0.5330673758865249
6260,YPL063W YBL075C,0.0,NA,1.607379651602514e-08,881,5266,6014,247,0.5556898774983882,0.1433219456645518,0.7810283687943262,0.46684397163120567,0.5331560283687943
6261,YDR454C YHL043W,0.0,NA,1.6091281196395357e-08,881,5265,6015,247,0.5557704706640877,0.14334526521314675,0.7810283687943262,0.46675531914893614,0.5332446808510638
6262,YER151C YNL191W,1.0,NA,1.6092878141193978e-08,880,5265,6015,248,0.5556898774983882,0.14320585842148087,0.7801418439716312,0.46675531914893614,0.5332446808510638
6263,YKL071W YGR042W,0.0,NA,1.612812283724452e-08,880,5264,6016,248,0.5557704706640877,0.14322916666666666,0.7801418439716312,0.4666666666666667,0.5333333333333333
6264,YNL291C YDR257C,0.0,NA,1.6193315133250508e-08,880,5263,6017,248,0.5558510638297872,0.14325248250040698,0.7801418439716312,0.46657801418439715,0.5334219858156029
6265,YHR168W YMR280C,0.0,NA,1.6257502011285396e-08,880,5262,6018,248,0.5559316569954867,0.14327580592640835,0.7801418439716312,0.4664893617021277,0.5335106382978724
6266,YBR168W YER105C,0.0,NA,1.6260228719033876e-08,880,5261,6019,248,0.5560122501611864,0.14329913694837973,0.7801418439716312,0.46640070921985816,0.5335992907801419
6267,YHR150W YPL178W,0.0,NA,1.6262958979496034e-08,880,5260,6020,248,0.5560928433268859,0.14332247557003258,0.7801418439716312,0.46631205673758863,0.5336879432624113
6268,YNR030W YNL201C,0.0,NA,1.6282202253137257e-08,880,5259,6021,248,0.5561734364925854,0.14334582179508062,0.7801418439716312,0.46622340425531916,0.5337765957446808
6269,YGR059W YHR073W,0.0,NA,1.6309243733303447e-08,880,5258,6022,248,0.556254029658285,0.14336917562724014,0.7801418439716312,0.46613475177304964,0.5338652482269504
6270,YKR078W YMR003W,0.0,NA,1.6335114594312472e-08,880,5257,6023,248,0.5563346228239845,0.14339253707022975,0.7801418439716312,0.46604609929078017,0.5339539007092199
6271,YMR247C YIR012W,0.0,NA,1.6372451838719826e-08,880,5256,6024,248,0.556415215989684,0.14341590612777053,0.7801418439716312,0.46595744680851064,0.5340425531914894
6272,YBR137W YFL056C,0.0,NA,1.6385197199042523e-08,880,5255,6025,248,0.5564958091553837,0.14343928280358598,0.7801418439716312,0.4658687943262411,0.5341312056737588
6273,YNL204C YLR150W,0.0,NA,1.638938584846983e-08,880,5254,6026,248,0.5565764023210832,0.143462667101402,0.7801418439716312,0.46578014184397165,0.5342198581560283
6274,YNL044W YBR276C,0.0,NA,1.645299896324559e-08,880,5253,6027,248,0.5566569954867827,0.14348605902494702,0.7801418439716312,0.4656914893617021,0.5343085106382979
6275,YER138C YFR018C,1.0,NA,1.6459495100207278e-08,879,5253,6027,249,0.5565764023210832,0.14334637964774952,0.7792553191489362,0.4656914893617021,0.5343085106382979
6276,YBR301W YKR105C,0.0,NA,1.64893467768934e-08,879,5252,6028,249,0.5566569954867827,0.14336976023487197,0.7792553191489362,0.4656028368794326,0.5343971631205674
6277,YGR089W YDR405W,0.0,NA,1.6490101728550144e-08,879,5251,6029,249,0.5567375886524822,0.1433931484502447,0.7792553191489362,0.46551418439716313,0.5344858156028369
6278,YPL145C YJR046W,0.0,NA,1.6504072775092027e-08,879,5250,6030,249,0.5568181818181818,0.14341654429760156,0.7792553191489362,0.4654255319148936,0.5345744680851063
6279,YLR131C YOL116W,0.0,NA,1.6628852961275697e-08,879,5249,6031,249,0.5568987749838814,0.14343994778067884,0.7792553191489362,0.46533687943262414,0.5346631205673759
6280,YDR428C YIL017C,0.0,NA,1.6713944006596648e-08,879,5248,6032,249,0.5569793681495809,0.14346335890321527,0.7792553191489362,0.4652482269503546,0.5347517730496454
6281,YEL071W YKL201C,0.0,NA,1.6737615737838496e-08,879,5247,6033,249,0.5570599613152805,0.14348677766895201,0.7792553191489362,0.4651595744680851,0.5348404255319149
6282,YMR164C YPL048W,0.0,NA,1.6806875891006712e-08,879,5246,6034,249,0.55714055448098,0.14351020408163265,0.7792553191489362,0.4650709219858156,0.5349290780141844
6283,YDL105W YHR077C,0.0,NA,1.6825669746367566e-08,879,5245,6035,249,0.5572211476466795,0.14353363814500328,0.7792553191489362,0.4649822695035461,0.5350177304964538
6284,YMR083W YLL042C,0.0,NA,1.682817440951112e-08,879,5244,6036,249,0.5573017408123792,0.14355707986281235,0.7792553191489362,0.4648936170212766,0.5351063829787234
6285,YML102W YMR086W,0.0,NA,1.6871851471478294e-08,879,5243,6037,249,0.5573823339780787,0.14358052923881084,0.7792553191489362,0.4648049645390071,0.5351950354609929
6286,YBR203W YKL186C,0.0,NA,1.6883406672718593e-08,879,5242,6038,249,0.5574629271437782,0.14360398627675217,0.7792553191489362,0.4647163120567376,0.5352836879432624
6287,YKL073W YER122C,0.0,NA,1.691783424462301e-08,879,5241,6039,249,0.5575435203094777,0.14362745098039215,0.7792553191489362,0.4646276595744681,0.535372340425532
6288,YDL025C YGL073W,0.0,NA,1.6948774828051683e-08,879,5240,6040,249,0.5576241134751773,0.14365092335348914,0.7792553191489362,0.4645390070921986,0.5354609929078015
6289,YLL019C YOR059C,0.0,NA,1.694951912156739e-08,879,5239,6041,249,0.5577047066408769,0.14367440339980386,0.7792553191489362,0.46445035460992906,0.5355496453900709
6290,YDR330W YJL019W,0.0,NA,1.6996752449927044e-08,879,5238,6042,249,0.5577852998065764,0.14369789112309955,0.7792553191489362,0.4643617021276596,0.5356382978723404
6291,YDR212W YKL219W,0.0,NA,1.7062202317674746e-08,879,5237,6043,249,0.557865892972276,0.14372138652714192,0.7792553191489362,0.46427304964539007,0.5357269503546099
6292,YIR021W YKL137W,0.0,NA,1.7086009052036388e-08,879,5236,6044,249,0.5579464861379755,0.1437448896156991,0.7792553191489362,0.46418439716312054,0.5358156028368795
6293,YLR430W YDL238C,0.0,NA,1.7177370637000422e-08,879,5235,6045,249,0.558027079303675,0.1437684003925417,0.7792553191489362,0.4640957446808511,0.535904255319149
6294,YLR307W YHR002W,0.0,NA,1.7202157920337413e-08,879,5234,6046,249,0.5581076724693746,0.14379191886144282,0.7792553191489362,0.46400709219858155,0.5359929078014184
6295,YNL240C YDR315C,0.0,NA,1.7210032510206474e-08,879,5233,6047,249,0.5581882656350742,0.14381544502617802,0.7792553191489362,0.4639184397163121,0.5360815602836879
6296,YPL099C YLR401C,0.0,NA,1.727600817957864e-08,879,5232,6048,249,0.5582688588007737,0.14383897889052527,0.7792553191489362,0.46382978723404256,0.5361702127659574
6297,YJL109C YNL273W,0.0,NA,1.7319559120210215e-08,879,5231,6049,249,0.5583494519664732,0.14386252045826514,0.7792553191489362,0.46374113475177303,0.536258865248227
6298,YPL249C YNL117W,0.0,NA,1.7328710910646805e-08,879,5230,6050,249,0.5584300451321728,0.14388606973318055,0.7792553191489362,0.46365248226950356,0.5363475177304965
6299,YNL004W YMR158W,0.0,NA,1.7333238844230436e-08,879,5229,6051,249,0.5585106382978723,0.14390962671905697,0.7792553191489362,0.46356382978723404,0.5364361702127659
6300,YNL210W YOR194C,0.0,NA,1.7340944680199755e-08,879,5228,6052,249,0.5585912314635719,0.14393319141968233,0.7792553191489362,0.4634751773049645,0.5365248226950354
6301,YNL191W YBL100W-B,1.0,NA,1.7368252613891855e-08,878,5228,6052,250,0.5585106382978723,0.1437929905011464,0.7783687943262412,0.4634751773049645,0.5365248226950354
6302,YKL132C YLR273C,0.0,NA,1.7377663752426997e-08,878,5227,6053,250,0.5585912314635719,0.14381654381654382,0.7783687943262412,0.46338652482269505,0.536613475177305
6303,YKR104W YPR166C,0.0,NA,1.738509070037253e-08,878,5226,6054,250,0.5586718246292715,0.14384010484927917,0.7783687943262412,0.4632978723404255,0.5367021276595745
6304,YJL083W YKR054C,0.0,NA,1.7452434164511033e-08,878,5225,6055,250,0.558752417794971,0.143863673603146,0.7783687943262412,0.46320921985815605,0.536790780141844
6305,YDR038C YER163C,0.0,NA,1.7580493505420236e-08,878,5224,6056,250,0.5588330109606705,0.14388725008194034,0.7783687943262412,0.4631205673758865,0.5368794326241135
6306,YOR156C YOL052C,0.0,NA,1.7629719906153696e-08,878,5223,6057,250,0.55891360412637,0.14391083428946075,0.7783687943262412,0.463031914893617,0.5369680851063829
6307,YOR110W YKL221W,0.0,NA,1.7635439775176565e-08,878,5222,6058,250,0.5589941972920697,0.1439344262295082,0.7783687943262412,0.46294326241134753,0.5370567375886525
6308,YDR379W YJL023C,0.0,NA,1.774821178912589e-08,878,5221,6059,250,0.5590747904577692,0.14395802590588622,0.7783687943262412,0.462854609929078,0.537145390070922
6309,YHR107C YGL196W,0.0,NA,1.785285164146444e-08,878,5220,6060,250,0.5591553836234687,0.1439816333224008,0.7783687943262412,0.4627659574468085,0.5372340425531915
6310,YLR258W YDR332W,0.0,NA,1.785765313400134e-08,878,5219,6061,250,0.5592359767891683,0.14400524848286042,0.7783687943262412,0.462677304964539,0.537322695035461
6311,YPL119C YOR272W,0.0,NA,1.788584391704262e-08,878,5218,6062,250,0.5593165699548678,0.14402887139107612,0.7783687943262412,0.4625886524822695,0.5374113475177305
6312,YGL094C YGL224C,0.0,NA,1.7928400097844133e-08,878,5217,6063,250,0.5593971631205674,0.14405250205086137,0.7783687943262412,0.4625,0.5375
6313,YIR039C YER143W,1.0,NA,1.8022996428612714e-08,877,5217,6063,251,0.5593165699548678,0.1439120446340663,0.7774822695035462,0.4625,0.5375
6314,YBR023C YHR050W,0.0,NA,1.8031178328214992e-08,877,5216,6064,251,0.5593971631205674,0.1439356638765797,0.7774822695035462,0.4624113475177305,0.5375886524822695
6315,YGR188C YGL099W,0.0,NA,1.8058093687045584e-08,877,5215,6065,251,0.559477756286267,0.14395929087327644,0.7774822695035462,0.462322695035461,0.537677304964539
6316,YDR096W YHR063C,0.0,NA,1.8082667807561847e-08,877,5214,6066,251,0.5595583494519665,0.1439829256279757,0.7774822695035462,0.4622340425531915,0.5377659574468086
6317,YER122C YNL131W,0.0,NA,1.8212885422030922e-08,877,5213,6067,251,0.559638942617666,0.1440065681444992,0.7774822695035462,0.462145390070922,0.537854609929078
6318,YNL262W YDR281C,0.0,NA,1.830325579987857e-08,877,5212,6068,251,0.5597195357833655,0.14403021842667105,0.7774822695035462,0.46205673758865246,0.5379432624113475
6319,YMR010W YIL103W,0.0,NA,1.8307620308632977e-08,877,5211,6069,251,0.5598001289490652,0.144053876478318,0.7774822695035462,0.461968085106383,0.538031914893617
6320,YJL173C YGL216W,0.0,NA,1.8320090333645567e-08,877,5210,6070,251,0.5598807221147647,0.14407754230326927,0.7774822695035462,0.46187943262411346,0.5381205673758865
6321,YDR415C YER143W,1.0,NA,1.833687157670738e-08,876,5210,6070,252,0.5598001289490652,0.14393690437068682,0.776595744680851,0.46187943262411346,0.5381205673758865
6322,YHR107C YOR315W,0.0,NA,1.8446915106551387e-08,876,5209,6071,252,0.5598807221147647,0.14396055875102712,0.776595744680851,0.461790780141844,0.5382092198581561
6323,YJR131W YBR168W,0.0,NA,1.8473393481599487e-08,876,5208,6072,252,0.5599613152804642,0.14398422090729784,0.776595744680851,0.46170212765957447,0.5382978723404256
6324,YKR035W-A YLR411W,0.0,NA,1.856399123312258e-08,876,5207,6073,252,0.5600419084461637,0.14400789084333387,0.776595744680851,0.46161347517730494,0.538386524822695
6325,YHL023C YLR227C,0.0,NA,1.8677821955748186e-08,876,5206,6074,252,0.5601225016118633,0.1440315685629727,0.776595744680851,0.4615248226950355,0.5384751773049645
6326,YOR312C YPL115C,0.0,NA,1.8771572740661213e-08,876,5205,6075,252,0.5602030947775629,0.14405525407005426,0.776595744680851,0.46143617021276595,0.538563829787234
6327,YKL003C YML098W,0.0,NA,1.8786259659009374e-08,876,5204,6076,252,0.5602836879432624,0.14407894736842106,0.776595744680851,0.4613475177304965,0.5386524822695036
6328,YFL031W YLR247C,0.0,NA,1.879335620458278e-08,876,5203,6077,252,0.560364281108962,0.1441026484619181,0.776595744680851,0.46125886524822696,0.5387411347517731
6329,YOR075W YKL119C,0.0,NA,1.881476663356807e-08,876,5202,6078,252,0.5604448742746615,0.1441263573543929,0.776595744680851,0.46117021276595743,0.5388297872340425
6330,YOR040W YHR105W,0.0,NA,1.8815018876239265e-08,876,5201,6079,252,0.560525467440361,0.14415007404969557,0.776595744680851,0.46108156028368796,0.538918439716312
6331,YJL063C YDR049W,0.0,NA,1.8837999604670586e-08,876,5200,6080,252,0.5606060606060606,0.14417379855167872,0.776595744680851,0.46099290780141844,0.5390070921985816
6332,YNL310C YNL267W,0.0,NA,1.885662115341802e-08,876,5199,6081,252,0.5606866537717602,0.14419753086419754,0.776595744680851,0.4609042553191489,0.5390957446808511
6333,YPL265W YHR059W,0.0,NA,1.8881777918977605e-08,876,5198,6082,252,0.5607672469374597,0.14422127099110965,0.776595744680851,0.46081560283687945,0.5391843971631206
6334,YHL018W YJR127C,0.0,NA,1.889669398735805e-08,876,5197,6083,252,0.5608478401031592,0.1442450189362753,0.776595744680851,0.4607269503546099,0.53927304964539
6335,YHL018W YKL052C,0.0,NA,1.892154344318442e-08,876,5196,6084,252,0.5609284332688588,0.1442687747035573,0.776595744680851,0.46063829787234045,0.5393617021276595
6336,YDR379W YDR332W,0.0,NA,1.8961754832957922e-08,876,5195,6085,252,0.5610090264345583,0.14429253829682095,0.776595744680851,0.4605496453900709,0.5394503546099291
6337,YPL215W YDR347W,0.0,NA,1.909764613117204e-08,876,5194,6086,252,0.5610896196002579,0.1443163097199341,0.776595744680851,0.4604609929078014,0.5395390070921986
6338,YDL143W YDR332W,0.0,NA,1.910635383239878e-08,876,5193,6087,252,0.5611702127659575,0.14434008897676717,0.776595744680851,0.46037234042553193,0.5396276595744681
6339,YER144C YER138C,1.0,NA,1.910905211843783e-08,875,5193,6087,253,0.5610896196002579,0.1441990771259064,0.775709219858156,0.46037234042553193,0.5396276595744681
6340,YNL310C YLR431C,0.0,NA,1.9239980275642665e-08,875,5192,6088,253,0.5611702127659575,0.14422284489863194,0.775709219858156,0.4602836879432624,0.5397163120567375
6341,YKR104W YJR098C,0.0,NA,1.9295363529181486e-08,875,5191,6089,253,0.561250805931657,0.1442466205077481,0.775709219858156,0.4601950354609929,0.5398049645390071
6342,YMR217W YGL234W,0.0,NA,1.932508553181833e-08,875,5190,6090,253,0.5613313990973565,0.1442704039571311,0.775709219858156,0.4601063829787234,0.5398936170212766
6343,YJL143W YMR158W,0.0,NA,1.9343044499464668e-08,875,5189,6091,253,0.561411992263056,0.14429419525065962,0.775709219858156,0.4600177304964539,0.5399822695035461
6344,YLR116W YPL145C,0.0,NA,1.9347620394682963e-08,875,5188,6092,253,0.5614925854287557,0.14431799439221507,0.775709219858156,0.4599290780141844,0.5400709219858156
6345,YGL097W YOL119C,0.0,NA,1.9427604414090638e-08,875,5187,6093,253,0.5615731785944552,0.14434180138568128,0.775709219858156,0.4598404255319149,0.5401595744680852
6346,YHR086W YKR063C,0.0,NA,1.9434981624044667e-08,875,5186,6094,253,0.5616537717601547,0.14436561623494473,0.775709219858156,0.4597517730496454,0.5402482269503546
6347,YDL064W YDR473C,0.0,NA,1.9450297372713976e-08,875,5185,6095,253,0.5617343649258543,0.1443894389438944,0.775709219858156,0.4596631205673759,0.5403368794326241
6348,YML098W YOR303W,0.0,NA,1.9556987140845195e-08,875,5184,6096,253,0.5618149580915538,0.14441326951642186,0.775709219858156,0.4595744680851064,0.5404255319148936
6349,YCR066W YIL091C,0.0,NA,1.9606661183502183e-08,875,5183,6097,253,0.5618955512572534,0.14443710795642126,0.775709219858156,0.45948581560283686,0.5405141843971631
6350,YPR070W YNL061W,0.0,NA,1.962959927936936e-08,875,5182,6098,253,0.561976144422953,0.14446095426778932,0.775709219858156,0.4593971631205674,0.5406028368794327
6351,YOR101W YLR223C,0.0,NA,1.9636601678030274e-08,875,5181,6099,253,0.5620567375886525,0.14448480845442535,0.775709219858156,0.45930851063829786,0.5406914893617021
6352,YCL066W YMR119W,0.0,NA,1.9736594580876954e-08,875,5180,6100,253,0.562137330754352,0.14450867052023122,0.775709219858156,0.4592198581560284,0.5407801418439716
6353,YER094C YJL172W,1.0,NA,1.974856900233135e-08,874,5180,6100,254,0.5620567375886525,0.1443673604228609,0.774822695035461,0.4592198581560284,0.5407801418439716
6354,YNL310C YGR211W,0.0,NA,1.9759044178613294e-08,874,5179,6101,254,0.562137330754352,0.14439121096976706,0.774822695035461,0.45913120567375887,0.5408687943262411
6355,YMR235C YJR118C,0.0,NA,1.9858713784515203e-08,874,5178,6102,254,0.5622179239200515,0.14441506939854593,0.774822695035461,0.45904255319148934,0.5409574468085107
6356,YER102W YCR052W,0.0,NA,1.9873187540042636e-08,874,5177,6103,254,0.5622985170857512,0.14443893571310526,0.774822695035461,0.4589539007092199,0.5410460992907802
6357,YBL080C YDR237W,0.0,NA,1.9880619817058687e-08,874,5176,6104,254,0.5623791102514507,0.14446280991735538,0.774822695035461,0.45886524822695035,0.5411347517730496
6358,YJR153W YLR430W,0.0,NA,1.9922829608276516e-08,874,5175,6105,254,0.5624597034171502,0.1444866920152091,0.774822695035461,0.4587765957446808,0.5412234042553191
6359,YIL088C YER100W,0.0,NA,2.005512556024769e-08,874,5174,6106,254,0.5625402965828498,0.144510582010582,0.774822695035461,0.45868794326241136,0.5413120567375886
6360,YPL233W YOL132W,0.0,NA,2.0090887176138494e-08,874,5173,6107,254,0.5626208897485493,0.1445344799073921,0.774822695035461,0.45859929078014183,0.5414007092198582
6361,YDR379W YJL002C,0.0,NA,2.0126401878428624e-08,874,5172,6108,254,0.5627014829142488,0.14455838570956003,0.774822695035461,0.45851063829787236,0.5414893617021277
6362,YDR379W YOR193W,0.0,NA,2.018568245887309e-08,874,5171,6109,254,0.5627820760799485,0.1445822994210091,0.774822695035461,0.45842198581560284,0.5415780141843972
6363,YKL221W YFR048W,0.0,NA,2.0214077522950902e-08,874,5170,6110,254,0.562862669245648,0.14460622104566512,0.774822695035461,0.4583333333333333,0.5416666666666666
6364,YPR041W YPL023C,0.0,NA,2.0269713019160918e-08,874,5169,6111,254,0.5629432624113475,0.14463015058745657,0.774822695035461,0.45824468085106385,0.5417553191489362
6365,YLR206W YAL007C,0.0,NA,2.0270022105250973e-08,874,5168,6112,254,0.563023855577047,0.14465408805031446,0.774822695035461,0.4581560283687943,0.5418439716312057
6366,YHR197W YKL173W,0.0,NA,2.0278607237855795e-08,874,5167,6113,254,0.5631044487427466,0.14467803343817248,0.774822695035461,0.4580673758865248,0.5419326241134752
6367,YEL036C YIR034C,0.0,NA,2.036042268116489e-08,874,5166,6114,254,0.5631850419084462,0.1447019867549669,0.774822695035461,0.45797872340425533,0.5420212765957447
6368,YDR034C YGR229C,0.0,NA,2.0464726802060795e-08,874,5165,6115,254,0.5632656350741457,0.14472594800463653,0.774822695035461,0.4578900709219858,0.5421099290780141
6369,YGL248W YKL032C,0.0,NA,2.0493787999953383e-08,874,5164,6116,254,0.5633462282398453,0.1447499171911229,0.774822695035461,0.45780141843971633,0.5421985815602837
6370,YJR094W-A YDR311W,0.0,NA,2.058911086066928e-08,874,5163,6117,254,0.5634268214055448,0.14477389431837004,0.774822695035461,0.4577127659574468,0.5422872340425532
6371,YGL222C YLR081W,0.0,NA,2.0591112814827284e-08,874,5162,6118,254,0.5635074145712443,0.1447978793903247,0.774822695035461,0.4576241134751773,0.5423758865248227
6372,YPL031C YNL027W,0.0,NA,2.0723261329180787e-08,874,5161,6119,254,0.563588007736944,0.1448218724109362,0.774822695035461,0.4575354609929078,0.5424645390070922
6373,YMR110C YDR011W,0.0,NA,2.0729309824218944e-08,874,5160,6120,254,0.5636686009026435,0.14484587338415644,0.774822695035461,0.4574468085106383,0.5425531914893617
6374,YNL262W YDR090C,0.0,NA,2.0750395179902625e-08,874,5159,6121,254,0.563749194068343,0.14486988231394,0.774822695035461,0.45735815602836877,0.5426418439716312
6375,YNL262W YFL031W,0.0,NA,2.076599514566624e-08,874,5158,6122,254,0.5638297872340425,0.14489389920424403,0.774822695035461,0.4572695035460993,0.5427304964539007
6376,YHR030C YLR113W,0.0,NA,2.0782717768952352e-08,874,5157,6123,254,0.5639103803997421,0.14491792405902834,0.774822695035461,0.4571808510638298,0.5428191489361702
6377,YML103C YIL022W,0.0,NA,2.0847510384669476e-08,874,5156,6124,254,0.5639909735654417,0.1449419568822554,0.774822695035461,0.4570921985815603,0.5429078014184398
6378,YJL103C YGR211W,0.0,NA,2.095406870239458e-08,874,5155,6125,254,0.5640715667311412,0.1449659976778902,0.774822695035461,0.4570035460992908,0.5429964539007093
6379,YJR014W YNR031C,0.0,NA,2.0964543878676523e-08,874,5154,6126,254,0.5641521598968408,0.14499004644990046,0.774822695035461,0.45691489361702126,0.5430851063829787
6380,YDR038C YPL023C,0.0,NA,2.0987227955515664e-08,874,5153,6127,254,0.5642327530625403,0.14501410320225652,0.774822695035461,0.4568262411347518,0.5431737588652482
6381,YKL061W YLR105C,0.0,NA,2.10024051483515e-08,874,5152,6128,254,0.5643133462282398,0.1450381679389313,0.774822695035461,0.45673758865248226,0.5432624113475177
6382,YOL128C YNR076W,0.0,NA,2.111595698295332e-08,874,5151,6129,254,0.5643939393939394,0.14506224066390042,0.774822695035461,0.4566489361702128,0.5433510638297873
6383,YDL012C YKR095W,0.0,NA,2.1185545762136826e-08,874,5150,6130,254,0.564474532559639,0.1450863213811421,0.774822695035461,0.45656028368794327,0.5434397163120568
6384,YML103C YHR197W,0.0,NA,2.127921661099208e-08,874,5149,6131,254,0.5645551257253385,0.14511041009463724,0.774822695035461,0.45647163120567374,0.5435283687943262
6385,YGR089W YDR184C,0.0,NA,2.1314557230311948e-08,874,5148,6132,254,0.564635718891038,0.1451345068083693,0.774822695035461,0.4563829787234043,0.5436170212765957
6386,YPR052C YHR055C,0.0,NA,2.1374157554987505e-08,874,5147,6133,254,0.5647163120567376,0.14515861152632453,0.774822695035461,0.45629432624113475,0.5437056737588652
6387,YDL244W YNR048W,0.0,NA,2.1380762049716395e-08,874,5146,6134,254,0.5647969052224371,0.1451827242524917,0.774822695035461,0.4562056737588652,0.5437943262411348
6388,YNL273W YPL121C,0.0,NA,2.1387126736271966e-08,874,5145,6135,254,0.5648774983881367,0.14520684499086228,0.774822695035461,0.45611702127659576,0.5438829787234043
6389,YOR254C YFR024C-A,0.0,NA,2.144418864702402e-08,874,5144,6136,254,0.5649580915538363,0.14523097374543037,0.774822695035461,0.45602836879432623,0.5439716312056737
6390,YNL320W YMR166C,0.0,NA,2.144954791560849e-08,874,5143,6137,254,0.5650386847195358,0.1452551105201928,0.774822695035461,0.45593971631205676,0.5440602836879432
6391,YKL052C YCR026C,0.0,NA,2.1500216718095544e-08,874,5142,6138,254,0.5651192778852353,0.14527925531914893,0.774822695035461,0.45585106382978724,0.5441489361702128
6392,YJR135C YJL094C,0.0,NA,2.155848477514155e-08,874,5141,6139,254,0.5651998710509348,0.1453034081463009,0.774822695035461,0.4557624113475177,0.5442375886524823
6393,YBR193C YML023C,0.0,NA,2.1564900976045465e-08,874,5140,6140,254,0.5652804642166345,0.14532756900565347,0.774822695035461,0.45567375886524825,0.5443262411347518
6394,YDL076C YKL196C,0.0,NA,2.1600591537662694e-08,874,5139,6141,254,0.565361057382334,0.14535173790121403,0.774822695035461,0.4555851063829787,0.5444148936170212
6395,YCR069W YOR272W,0.0,NA,2.1660538251921935e-08,874,5138,6142,254,0.5654416505480335,0.1453759148369927,0.774822695035461,0.4554964539007092,0.5445035460992907
6396,YOL139C YPR032W,0.0,NA,2.1717047715696935e-08,874,5137,6143,254,0.565522243713733,0.14540009981700217,0.774822695035461,0.45540780141843973,0.5445921985815603
6397,YDL217C YGL257C,0.0,NA,2.174129321019791e-08,874,5136,6144,254,0.5656028368794326,0.1454242928452579,0.774822695035461,0.4553191489361702,0.5446808510638298
6398,YPR021C YMR058W,0.0,NA,2.1774244629568784e-08,874,5135,6145,254,0.5656834300451322,0.145448493925778,0.774822695035461,0.45523049645390073,0.5447695035460993
6399,YLR100W YDR361C,0.0,NA,2.1833837848816984e-08,874,5134,6146,254,0.5657640232108317,0.14547270306258323,0.774822695035461,0.4551418439716312,0.5448581560283688
6400,YLR355C YPL199C,0.0,NA,2.1856756404758926e-08,874,5133,6147,254,0.5658446163765313,0.14549692025969702,0.774822695035461,0.4550531914893617,0.5449468085106383
6401,YPL271W YDL126C,0.0,NA,2.1932173410732503e-08,874,5132,6148,254,0.5659252095422308,0.14552114552114553,0.774822695035461,0.4549645390070922,0.5450354609929078
6402,YLR387C YJR051W,0.0,NA,2.1949247752672818e-08,874,5131,6149,254,0.5660058027079303,0.14554537885095753,0.774822695035461,0.4548758865248227,0.5451241134751773
6403,YOR196C YGR184C,0.0,NA,2.197015014360204e-08,874,5130,6150,254,0.56608639587363,0.14556962025316456,0.774822695035461,0.45478723404255317,0.5452127659574468
6404,YOL128C YNL225C,0.0,NA,2.1988510567894082e-08,874,5129,6151,254,0.5661669890393295,0.14559386973180077,0.774822695035461,0.4546985815602837,0.5453014184397164
6405,YIL088C YPR060C,0.0,NA,2.207852922708753e-08,874,5128,6152,254,0.566247582205029,0.14561812729090304,0.774822695035461,0.4546099290780142,0.5453900709219858
6406,YGL222C YIL013C,0.0,NA,2.2208954675306813e-08,874,5127,6153,254,0.5663281753707285,0.14564239293451092,0.774822695035461,0.4545212765957447,0.5454787234042553
6407,YGL073W YEL031W,0.0,NA,2.222001249663208e-08,874,5126,6154,254,0.5664087685364281,0.14566666666666667,0.774822695035461,0.4544326241134752,0.5455673758865248
6408,YKR055W YEL061C,0.0,NA,2.227619511074863e-08,874,5125,6155,254,0.5664893617021277,0.14569094849141523,0.774822695035461,0.45434397163120566,0.5456560283687943
6409,YBR176W YLR273C,0.0,NA,2.2374305075345546e-08,874,5124,6156,254,0.5665699548678272,0.14571523841280426,0.774822695035461,0.4542553191489362,0.5457446808510639
6410,YGL005C YBR038W,0.0,NA,2.2420014289536994e-08,874,5123,6157,254,0.5666505480335268,0.1457395364348841,0.774822695035461,0.45416666666666666,0.5458333333333333
6411,YLR387C YDR422C,0.0,NA,2.2455708403867902e-08,874,5122,6158,254,0.5667311411992263,0.1457638425617078,0.774822695035461,0.45407801418439714,0.5459219858156028
6412,YJR131W YEL036C,0.0,NA,2.2484336170691677e-08,874,5121,6159,254,0.5668117343649258,0.14578815679733112,0.774822695035461,0.45398936170212767,0.5460106382978723
6413,YER020W YML048W,0.0,NA,2.2546606359696852e-08,874,5120,6160,254,0.5668923275306254,0.14581247914581247,0.774822695035461,0.45390070921985815,0.5460992907801419
6414,YIL088C YLL042C,0.0,NA,2.2554004885932954e-08,874,5119,6161,254,0.566972920696325,0.1458368096112131,0.774822695035461,0.4538120567375887,0.5461879432624114
6415,YDL207W YOR228C,0.0,NA,2.2562007373494453e-08,874,5118,6162,254,0.5670535138620245,0.1458611481975968,0.774822695035461,0.45372340425531915,0.5462765957446809
6416,YLL042C YNL117W,0.0,NA,2.2563211743431566e-08,874,5117,6163,254,0.567134107027724,0.14588549490903022,0.774822695035461,0.4536347517730496,0.5463652482269503
6417,YOL153C YDR316W,0.0,NA,2.258689590917129e-08,874,5116,6164,254,0.5672147001934236,0.14590984974958263,0.774822695035461,0.45354609929078016,0.5464539007092198
6418,YIL109C YHR071W,0.0,NA,2.26096101840767e-08,874,5115,6165,254,0.5672952933591231,0.1459342127233261,0.774822695035461,0.45345744680851063,0.5465425531914894
6419,YAL013W YKR027W,0.0,NA,2.2682391076500608e-08,874,5114,6166,254,0.5673758865248227,0.14595858383433533,0.774822695035461,0.4533687943262411,0.5466312056737589
6420,YCR069W YDR498C,0.0,NA,2.2802112198405666e-08,874,5113,6167,254,0.5674564796905223,0.14598296308668782,0.774822695035461,0.45328014184397164,0.5467198581560284
6421,YOR294W YLL005C,0.0,NA,2.2834276691696687e-08,874,5112,6168,254,0.5675370728562218,0.14600735048446375,0.774822695035461,0.4531914893617021,0.5468085106382978
6422,YDR323C YNL137C,0.0,NA,2.284581945843911e-08,874,5111,6169,254,0.5676176660219213,0.14603174603174604,0.774822695035461,0.45310283687943265,0.5468971631205674
6423,YKL018W YKL064W,0.0,NA,2.2870713323186465e-08,874,5110,6170,254,0.5676982591876208,0.14605614973262032,0.774822695035461,0.4530141843971631,0.5469858156028369
6424,YJL078C YBR299W,0.0,NA,2.2936109900228985e-08,874,5109,6171,254,0.5677788523533205,0.146080561591175,0.774822695035461,0.4529255319148936,0.5470744680851064
6425,YHR110W YOR125C,0.0,NA,2.300946100319834e-08,874,5108,6172,254,0.56785944551902,0.14610498161150118,0.774822695035461,0.45283687943262413,0.5471631205673759
6426,YPR052C YDR501W,0.0,NA,2.303519330837389e-08,874,5107,6173,254,0.5679400386847195,0.1461294097976927,0.774822695035461,0.4527482269503546,0.5472517730496453
6427,YDR007W YGL035C,0.0,NA,2.304512314310614e-08,874,5106,6174,254,0.5680206318504191,0.14615384615384616,0.774822695035461,0.4526595744680851,0.5473404255319149
6428,YLR037C YPL130W,0.0,NA,2.3049695485610755e-08,874,5105,6175,254,0.5681012250161186,0.14617829068406088,0.774822695035461,0.4525709219858156,0.5474290780141844
6429,YDR379W YBL075C,0.0,NA,2.3102602497715452e-08,874,5104,6176,254,0.5681818181818182,0.14620274339243894,0.774822695035461,0.4524822695035461,0.5475177304964539
6430,YGR091W YOR204W,0.0,NA,2.3115603653423022e-08,874,5103,6177,254,0.5682624113475178,0.14622720428308517,0.774822695035461,0.4523936170212766,0.5476063829787234
6431,YMR150C YJR126C,1.0,NA,2.3174360208599865e-08,873,5103,6177,255,0.5681818181818182,0.1460843373493976,0.773936170212766,0.4523936170212766,0.5476063829787234
6432,YIL091C YGR264C,0.0,NA,2.3362670020787846e-08,873,5102,6178,255,0.5682624113475178,0.14610878661087867,0.773936170212766,0.4523049645390071,0.547695035460993
6433,YKL051W YKR054C,0.0,NA,2.3382417779771458e-08,873,5101,6179,255,0.5683430045132173,0.14613324405758285,0.773936170212766,0.45221631205673757,0.5477836879432624
6434,YDR506C YMR211W,0.0,NA,2.3386654390833428e-08,873,5100,6180,255,0.5684235976789168,0.1461577096936213,0.773936170212766,0.4521276595744681,0.5478723404255319
6435,YFR006W YKL134C,1.0,NA,2.3432512818999385e-08,872,5100,6180,256,0.5683430045132173,0.14601473543201607,0.7730496453900709,0.4521276595744681,0.5478723404255319
6436,YOR374W YJL225C,0.0,NA,2.3449368669048454e-08,872,5099,6181,256,0.5684235976789168,0.14603918941550828,0.7730496453900709,0.4520390070921986,0.5479609929078014
6437,YBR074W YLR163C,1.0,NA,2.3490237310852535e-08,871,5099,6181,257,0.5683430045132173,0.1458961474036851,0.7721631205673759,0.4520390070921986,0.5479609929078014
6438,YJR134C YER061C,0.0,NA,2.3553765160500006e-08,871,5098,6182,257,0.5684235976789168,0.14592058971351984,0.7721631205673759,0.45195035460992905,0.548049645390071
6439,YJR125C YLR273C,0.0,NA,2.3670139626119635e-08,871,5097,6183,257,0.5685041908446163,0.1459450402144772,0.7721631205673759,0.4518617021276596,0.5481382978723405
6440,YCL056C YNL149C,0.0,NA,2.3698779827441285e-08,871,5096,6184,257,0.568584784010316,0.14596949891067537,0.7721631205673759,0.45177304964539006,0.5482269503546099
6441,YBL079W YDL211C,0.0,NA,2.369986518147016e-08,871,5095,6185,257,0.5686653771760155,0.14599396580623533,0.7721631205673759,0.4516843971631206,0.5483156028368794
6442,YGL004C YDL170W,0.0,NA,2.3711983487828547e-08,871,5094,6186,257,0.568745970341715,0.1460184409052808,0.7721631205673759,0.45159574468085106,0.5484042553191489
6443,YNL146W YPL149W,0.0,NA,2.3732662057796006e-08,871,5093,6187,257,0.5688265635074146,0.1460429242119383,0.7721631205673759,0.45150709219858154,0.5484929078014185
6444,YPR021C YMR101C,0.0,NA,2.37749784304242e-08,871,5092,6188,257,0.5689071566731141,0.14606741573033707,0.7721631205673759,0.45141843971631207,0.548581560283688
6445,YHR002W YPL199C,0.0,NA,2.382695640790189e-08,871,5091,6189,257,0.5689877498388136,0.1460919154646092,0.7721631205673759,0.45132978723404255,0.5486702127659574
6446,YMR271C YGR080W,0.0,NA,2.414025956909427e-08,871,5090,6190,257,0.5690683430045133,0.14611642341888945,0.7721631205673759,0.4512411347517731,0.5487588652482269
6447,YLR401C YJR098C,0.0,NA,2.421279532427434e-08,871,5089,6191,257,0.5691489361702128,0.14614093959731544,0.7721631205673759,0.45115248226950355,0.5488475177304964
6448,YGL195W YNR007C,0.0,NA,2.4327228231868503e-08,871,5088,6192,257,0.5692295293359123,0.14616546400402752,0.7721631205673759,0.451063829787234,0.548936170212766
6449,YFR039C YJR051W,0.0,NA,2.4346631377625272e-08,871,5087,6193,257,0.5693101225016118,0.14618999664316884,0.7721631205673759,0.45097517730496456,0.5490248226950355
6450,YDR427W YLR431C,0.0,NA,2.4348302929411147e-08,871,5086,6194,257,0.5693907156673114,0.14621453751888536,0.7721631205673759,0.45088652482269503,0.5491134751773049
6451,YHR011W YBR019C,0.0,NA,2.4363771444768645e-08,871,5085,6195,257,0.569471308833011,0.14623908663532573,0.7721631205673759,0.4507978723404255,0.5492021276595744
6452,YBL057C YML132W,0.0,NA,2.452111402817536e-08,871,5084,6196,257,0.5695519019987105,0.1462636439966415,0.7721631205673759,0.45070921985815604,0.549290780141844
6453,YHR200W YDR533C,1.0,NA,2.453234237975721e-08,870,5084,6196,258,0.569471308833011,0.14612025529056097,0.7712765957446809,0.45070921985815604,0.549290780141844
6454,YML022W YKL135C,0.0,NA,2.4534964282452165e-08,870,5083,6197,258,0.5695519019987105,0.14614480094070217,0.7712765957446809,0.4506205673758865,0.5493794326241135
6455,YDR087C YMR313C,0.0,NA,2.4588745262121847e-08,870,5082,6198,258,0.5696324951644101,0.1461693548387097,0.7712765957446809,0.45053191489361705,0.549468085106383
6456,YDL147W YPL120W,0.0,NA,2.461370840478594e-08,870,5081,6199,258,0.5697130883301096,0.1461939169887414,0.7712765957446809,0.4504432624113475,0.5495567375886525
6457,YGR106C YHR143W,0.0,NA,2.462991055551811e-08,870,5080,6200,258,0.5697936814958091,0.146218487394958,0.7712765957446809,0.450354609929078,0.549645390070922
6458,YBL067C YER143W,1.0,NA,2.4670674392268666e-08,869,5080,6200,259,0.5697130883301096,0.1460749705832913,0.7703900709219859,0.450354609929078,0.549645390070922
6459,YER166W YLR401C,0.0,NA,2.4682252686147876e-08,869,5079,6201,259,0.5697936814958091,0.1460995292535306,0.7703900709219859,0.45026595744680853,0.5497340425531915
6460,YKL150W YOR265W,0.0,NA,2.4734138293069918e-08,869,5078,6202,259,0.5698742746615088,0.1461240961829494,0.7703900709219859,0.450177304964539,0.549822695035461
6461,YFL041W YDR422C,0.0,NA,2.478273231076855e-08,869,5077,6203,259,0.5699548678272083,0.14614867137571477,0.7703900709219859,0.4500886524822695,0.5499113475177305
6462,YKL011C YGR224W,0.0,NA,2.484724426210505e-08,869,5076,6204,259,0.5700354609929078,0.14617325483599664,0.7703900709219859,0.45,0.55
6463,YJL091C YOR061W,0.0,NA,2.490983064262764e-08,869,5075,6205,259,0.5701160541586073,0.1461978465679677,0.7703900709219859,0.4499113475177305,0.5500886524822695
6464,YIR021W YOR310C,0.0,NA,2.491981376806507e-08,869,5074,6206,259,0.5701966473243069,0.14622244657580347,0.7703900709219859,0.449822695035461,0.550177304964539
6465,YBL100W-B YLR163C,1.0,NA,2.4982536928064292e-08,868,5074,6206,260,0.5701160541586073,0.14607876135981152,0.7695035460992907,0.449822695035461,0.550177304964539
6466,YGL002W YHL024W,0.0,NA,2.508667940048781e-08,868,5073,6207,260,0.5701966473243069,0.14610334960444368,0.7695035460992907,0.4497340425531915,0.5502659574468085
6467,YMR095C YFL054C,0.0,NA,2.5162155026237087e-08,868,5072,6208,260,0.5702772404900065,0.14612794612794613,0.7695035460992907,0.44964539007092197,0.550354609929078
6468,YBR155W YNL019C,0.0,NA,2.5264730751928255e-08,868,5071,6209,260,0.570357833655706,0.14615255093450075,0.7695035460992907,0.4495567375886525,0.5504432624113476
6469,YOR226C YNR047W,0.0,NA,2.527490217119066e-08,868,5070,6210,260,0.5704384268214056,0.14617716402829237,0.7695035460992907,0.449468085106383,0.550531914893617
6470,YDR428C YOR061W,0.0,NA,2.528449627448026e-08,868,5069,6211,260,0.5705190199871051,0.1462017854135085,0.7695035460992907,0.44937943262411345,0.5506205673758865
6471,YNL273W YDR361C,0.0,NA,2.5298678707486033e-08,868,5068,6212,260,0.5705996131528046,0.14622641509433962,0.7695035460992907,0.449290780141844,0.550709219858156
6472,YFR006W YBL100W-B,1.0,NA,2.5348720456008778e-08,867,5068,6212,261,0.5705190199871051,0.14608256107834877,0.7686170212765957,0.449290780141844,0.550709219858156
6473,YOR294W YMR023C,0.0,NA,2.538123133888348e-08,867,5067,6213,261,0.5705996131528046,0.14610717896865522,0.7686170212765957,0.44920212765957446,0.5507978723404255
6474,YBL098W YCR052W,0.0,NA,2.5382197677004115e-08,867,5066,6214,261,0.5706802063185042,0.14613180515759314,0.7686170212765957,0.449113475177305,0.5508865248226951
6475,YMR150C YLR163C,1.0,NA,2.5593621444386372e-08,866,5066,6214,262,0.5705996131528046,0.14598786244099798,0.7677304964539007,0.449113475177305,0.5508865248226951
6476,YDR498C YBL008W,0.0,NA,2.5734301800639514e-08,866,5065,6215,262,0.5706802063185042,0.1460124768167257,0.7677304964539007,0.44902482269503546,0.5509751773049646
6477,YBR191W YDR165W,0.0,NA,2.5871317532732974e-08,866,5064,6216,262,0.5707607994842038,0.1460370994940978,0.7677304964539007,0.44893617021276594,0.551063829787234
6478,YJR127C YPL005W,0.0,NA,2.5989274732296508e-08,866,5063,6217,262,0.5708413926499033,0.14606173047731488,0.7677304964539007,0.44884751773049647,0.5511524822695035
6479,YIL176C YML004C,0.0,NA,2.616564742652372e-08,866,5062,6218,262,0.5709219858156028,0.1460863697705803,0.7677304964539007,0.44875886524822695,0.551241134751773
6480,YJR152W YPR035W,0.0,NA,2.6189464819026398e-08,866,5061,6219,262,0.5710025789813024,0.14611101737810023,0.7677304964539007,0.4486702127659574,0.5513297872340426
6481,YNL124W YOR272W,0.0,NA,2.62797339445342e-08,866,5060,6220,262,0.5710831721470019,0.1461356733040837,0.7677304964539007,0.44858156028368795,0.5514184397163121
6482,YKR063C YPR060C,0.0,NA,2.6332065417022932e-08,866,5059,6221,262,0.5711637653127015,0.1461603375527426,0.7677304964539007,0.44849290780141843,0.5515070921985815
6483,YKR104W YDR363W-A,0.0,NA,2.6428018884416815e-08,866,5058,6222,262,0.571244358478401,0.1461850101282917,0.7677304964539007,0.44840425531914896,0.551595744680851
6484,YGL004C YKL188C,0.0,NA,2.644607199897564e-08,866,5057,6223,262,0.5713249516441006,0.14620969103494852,0.7677304964539007,0.44831560283687943,0.5516843971631206
6485,YER150W YDL207W,0.0,NA,2.6510512896038563e-08,866,5056,6224,262,0.5714055448098001,0.14623438027693347,0.7677304964539007,0.4482269503546099,0.5517730496453901
6486,YGR213C YJR152W,0.0,NA,2.651066566272675e-08,866,5055,6225,262,0.5714861379754996,0.14625907785846987,0.7677304964539007,0.44813829787234044,0.5518617021276596
6487,YPR043W YBR085W,0.0,NA,2.6533985675314398e-08,866,5054,6226,262,0.5715667311411993,0.1462837837837838,0.7677304964539007,0.4480496453900709,0.551950354609929
6488,YNL012W YIR012W,0.0,NA,2.6536868702464744e-08,866,5053,6227,262,0.5716473243068988,0.14630849805710425,0.7677304964539007,0.4479609929078014,0.5520390070921986
6489,YLR240W YJL103C,0.0,NA,2.656821784796648e-08,866,5052,6228,262,0.5717279174725983,0.14633322068266305,0.7677304964539007,0.4478723404255319,0.5521276595744681
6490,YIL026C YGL044C,0.0,NA,2.6635397887275758e-08,866,5051,6229,262,0.5718085106382979,0.14635795166469495,0.7677304964539007,0.4477836879432624,0.5522163120567376
6491,YCR027C YJL108C,0.0,NA,2.664027398679991e-08,866,5050,6230,262,0.5718891038039974,0.14638269100743745,0.7677304964539007,0.44769503546099293,0.5523049645390071
6492,YLR436C YPL059W,0.0,NA,2.671823295941067e-08,866,5049,6231,262,0.571969696969697,0.146407438715131,0.7677304964539007,0.4476063829787234,0.5523936170212767
6493,YAL013W YDR405W,0.0,NA,2.6860332624778493e-08,866,5048,6232,262,0.5720502901353965,0.14643219479201894,0.7677304964539007,0.4475177304964539,0.5524822695035461
6494,YIL088C YGL083W,0.0,NA,2.686463673740036e-08,866,5047,6233,262,0.5721308833010961,0.14645695924234736,0.7677304964539007,0.4474290780141844,0.5525709219858156
6495,YGR184C YGR211W,0.0,NA,2.6999323665677366e-08,866,5046,6234,262,0.5722114764667956,0.14648173207036536,0.7677304964539007,0.4473404255319149,0.5526595744680851
6496,YNL194C YFL042C,0.0,NA,2.7020085724416276e-08,866,5045,6235,262,0.5722920696324951,0.14650651328032482,0.7677304964539007,0.44725177304964536,0.5527482269503546
6497,YNL201C YDR528W,0.0,NA,2.7032921678937782e-08,866,5044,6236,262,0.5723726627981948,0.14653130287648053,0.7677304964539007,0.4471631205673759,0.5528368794326242
6498,YAL027W YMR156C,0.0,NA,2.7054069207110842e-08,866,5043,6237,262,0.5724532559638943,0.1465561008630902,0.7677304964539007,0.44707446808510637,0.5529255319148936
6499,YLL039C YKL168C,0.0,NA,2.711725244353147e-08,866,5042,6238,262,0.5725338491295938,0.14658090724441436,0.7677304964539007,0.4469858156028369,0.5530141843971631
6500,YGL012W YAR066W,0.0,NA,2.713096058926112e-08,866,5041,6239,262,0.5726144422952933,0.14660572202471644,0.7677304964539007,0.4468971631205674,0.5531028368794326
6501,YLR375W YDR299W,0.0,NA,2.7157005533240408e-08,866,5040,6240,262,0.5726950354609929,0.1466305452082628,0.7677304964539007,0.44680851063829785,0.5531914893617021
6502,YMR087W YIL144W,0.0,NA,2.7189706486296927e-08,866,5039,6241,262,0.5727756286266924,0.1466553767993226,0.7677304964539007,0.4467198581560284,0.5532801418439717
6503,YCL056C YOR242C,0.0,NA,2.721404257499671e-08,866,5038,6242,262,0.572856221792392,0.14668021680216803,0.7677304964539007,0.44663120567375886,0.5533687943262411
6504,YNL264C YPR032W,0.0,NA,2.723481173916298e-08,866,5037,6243,262,0.5729368149580916,0.14670506522107404,0.7677304964539007,0.4465425531914894,0.5534574468085106
6505,YNL149C YBR126W-A,0.0,NA,2.724686609667515e-08,866,5036,6244,262,0.5730174081237911,0.14672992206031854,0.7677304964539007,0.44645390070921986,0.5535460992907801
6506,YGL222C YGR105W,0.0,NA,2.7318469264514533e-08,866,5035,6245,262,0.5730980012894906,0.14675478732418235,0.7677304964539007,0.44636524822695034,0.5536347517730497
6507,YDR162C YGR213C,0.0,NA,2.7516351863710042e-08,866,5034,6246,262,0.5731785944551901,0.14677966101694914,0.7677304964539007,0.44627659574468087,0.5537234042553192
6508,YLR206W YDL025C,0.0,NA,2.757277783871359e-08,866,5033,6247,262,0.5732591876208898,0.14680454314290559,0.7677304964539007,0.44618794326241135,0.5538120567375886
6509,YDL143W YPL199C,0.0,NA,2.770689100373147e-08,866,5032,6248,262,0.5733397807865893,0.14682943370634113,0.7677304964539007,0.4460992907801418,0.5539007092198581
6510,YNL274C YBR296C,0.0,NA,2.774009999484406e-08,866,5031,6249,262,0.5734203739522888,0.14685433271154824,0.7677304964539007,0.44601063829787235,0.5539893617021276
6511,YMR159C YHR110W,0.0,NA,2.7761167586959345e-08,866,5030,6250,262,0.5735009671179884,0.14687924016282225,0.7677304964539007,0.44592198581560283,0.5540780141843972
6512,YBL060W YFR016C,0.0,NA,2.779921182138878e-08,866,5029,6251,262,0.5735815602836879,0.14690415606446142,0.7677304964539007,0.44583333333333336,0.5541666666666667
6513,YKR035W-A YPR118W,0.0,NA,2.7936772895031936e-08,866,5028,6252,262,0.5736621534493875,0.14692908042076688,0.7677304964539007,0.44574468085106383,0.5542553191489362
6514,YML105C YDL063C,0.0,NA,2.7999291773994628e-08,866,5027,6253,262,0.5737427466150871,0.14695401323604276,0.7677304964539007,0.4456560283687943,0.5543439716312056
6515,YFR039C YGL143C,0.0,NA,2.802247855981932e-08,866,5026,6254,262,0.5738233397807866,0.14697895451459606,0.7677304964539007,0.44556737588652484,0.5544326241134752
6516,YGR131W YJR098C,0.0,NA,2.807083987477199e-08,866,5025,6255,262,0.5739039329464861,0.14700390426073673,0.7677304964539007,0.4454787234042553,0.5545212765957447
6517,YPL005W YPL150W,0.0,NA,2.810925536778086e-08,866,5024,6256,262,0.5739845261121856,0.14702886247877758,0.7677304964539007,0.4453900709219858,0.5546099290780142
6518,YLR360W YMR112C,0.0,NA,2.824097045106555e-08,866,5023,6257,262,0.5740651192778853,0.14705382917303447,0.7677304964539007,0.4453014184397163,0.5546985815602837
6519,YKR070W YPR127W,0.0,NA,2.827837697338964e-08,866,5022,6258,262,0.5741457124435848,0.14707880434782608,0.7677304964539007,0.4452127659574468,0.5547872340425531
6520,YDR098C YMR123W,0.0,NA,2.8366592630391096e-08,866,5021,6259,262,0.5742263056092843,0.1471037880074741,0.7677304964539007,0.44512411347517733,0.5548758865248227
6521,YJL051W YGL004C,0.0,NA,2.8438916999107278e-08,866,5020,6260,262,0.5743068987749839,0.1471287801563031,0.7677304964539007,0.4450354609929078,0.5549645390070922
6522,YDL010W YMR301C,0.0,NA,2.862994818997322e-08,866,5019,6261,262,0.5743874919406834,0.1471537807986406,0.7677304964539007,0.4449468085106383,0.5550531914893617
6523,YMR265C YDL193W,0.0,NA,2.864917370004605e-08,866,5018,6262,262,0.574468085106383,0.14717878993881714,0.7677304964539007,0.4448581560283688,0.5551418439716312
6524,YGL192W YDR451C,0.0,NA,2.8762181969455014e-08,866,5017,6263,262,0.5745486782720826,0.14720380758116608,0.7677304964539007,0.4447695035460993,0.5552304964539007
6525,YML118W YAR066W,0.0,NA,2.8831168563669962e-08,866,5016,6264,262,0.5746292714377821,0.1472288337300238,0.7677304964539007,0.44468085106382976,0.5553191489361702
6526,YKR055W YHR096C,0.0,NA,2.8952955588579243e-08,866,5015,6265,262,0.5747098646034816,0.14725386838972965,0.7677304964539007,0.4445921985815603,0.5554078014184397
6527,YMR244C-A YDR359C,0.0,NA,2.8985114752799745e-08,866,5014,6266,262,0.5747904577691811,0.14727891156462586,0.7677304964539007,0.44450354609929077,0.5554964539007092
6528,YIR039C YLR163C,1.0,NA,2.907747642666436e-08,865,5014,6266,263,0.5747098646034816,0.14713386630379316,0.7668439716312057,0.44450354609929077,0.5554964539007092
6529,YDR338C YOR310C,0.0,NA,2.916334373992413e-08,865,5013,6267,263,0.5747904577691811,0.14715889758421233,0.7668439716312057,0.4444148936170213,0.5555851063829788
6530,YPR030W YLL027W,0.0,NA,2.9237977372531532e-08,865,5012,6268,263,0.5748710509348807,0.14718393738301855,0.7668439716312057,0.4443262411347518,0.5556737588652483
6531,YLL005C YAR027W,0.0,NA,2.9310955440564612e-08,865,5011,6269,263,0.5749516441005803,0.14720898570456092,0.7668439716312057,0.44423758865248225,0.5557624113475177
6532,YNL210W YBR293W,0.0,NA,2.9380137434031894e-08,865,5010,6270,263,0.5750322372662798,0.1472340425531915,0.7668439716312057,0.4441489361702128,0.5558510638297872
6533,YDL106C YNL264C,0.0,NA,2.9403514290038402e-08,865,5009,6271,263,0.5751128304319794,0.14725910793326524,0.7668439716312057,0.44406028368794326,0.5559397163120567
6534,YLR033W YNL291C,0.0,NA,2.9439933157959786e-08,865,5008,6272,263,0.5751934235976789,0.14728418184914013,0.7668439716312057,0.44397163120567373,0.5560283687943263
6535,YNL121C YNR047W,0.0,NA,2.9447518201664025e-08,865,5007,6273,263,0.5752740167633784,0.1473092643051771,0.7668439716312057,0.44388297872340426,0.5561170212765958
6536,YLR245C YBR275C,0.0,NA,2.9452683847353e-08,865,5006,6274,263,0.575354609929078,0.14733435530574007,0.7668439716312057,0.44379432624113474,0.5562056737588652
6537,YBR266C YJL185C,0.0,NA,2.9574612980809434e-08,865,5005,6275,263,0.5754352030947776,0.14735945485519591,0.7668439716312057,0.44370567375886527,0.5562943262411347
6538,YHR124W YDR204W,0.0,NA,2.965601098026127e-08,865,5004,6276,263,0.5755157962604771,0.14738456295791447,0.7668439716312057,0.44361702127659575,0.5563829787234043
6539,YDR217C YOR051C,0.0,NA,2.972073431806166e-08,865,5003,6277,263,0.5755963894261766,0.14740967961826856,0.7668439716312057,0.4435283687943262,0.5564716312056738
6540,YBR179C YCR052W,0.0,NA,2.9835693027280286e-08,865,5002,6278,263,0.5756769825918762,0.14743480484063406,0.7668439716312057,0.44343971631205675,0.5565602836879433
6541,YBR207W YML098W,0.0,NA,2.9911074506117075e-08,865,5001,6279,263,0.5757575757575758,0.1474599386293897,0.7668439716312057,0.44335106382978723,0.5566489361702127
6542,YOR347C YER177W,0.0,NA,3.014762484099265e-08,865,5000,6280,263,0.5758381689232753,0.1474850809889173,0.7668439716312057,0.4432624113475177,0.5567375886524822
6543,YML127W YLR091W,0.0,NA,3.020051764224263e-08,865,4999,6281,263,0.5759187620889749,0.14751023192360163,0.7668439716312057,0.44317375886524824,0.5568262411347518
6544,YEL071W YKL209C,0.0,NA,3.031490436455897e-08,865,4998,6282,263,0.5759993552546744,0.14753539143783045,0.7668439716312057,0.4430851063829787,0.5569148936170213
6545,YNL044W YDR150W,0.0,NA,3.0439586851116474e-08,865,4997,6283,263,0.5760799484203739,0.14756055953599453,0.7668439716312057,0.44299645390070924,0.5570035460992908
6546,YDR394W YFR018C,1.0,NA,3.0453293220489286e-08,864,4997,6283,264,0.5759993552546744,0.14741511687425354,0.7659574468085106,0.44299645390070924,0.5570035460992908
6547,YAL048C YDR517W,0.0,NA,3.047211905027325e-08,864,4996,6284,264,0.5760799484203739,0.14744027303754267,0.7659574468085106,0.4429078014184397,0.5570921985815603
6548,YKL069W YJR094W-A,0.0,NA,3.048769769975479e-08,864,4995,6285,264,0.5761605415860735,0.14746543778801843,0.7659574468085106,0.4428191489361702,0.5571808510638298
6549,YBR228W YKL161C,0.0,NA,3.054252317724604e-08,864,4994,6286,264,0.5762411347517731,0.14749061113007852,0.7659574468085106,0.4427304964539007,0.5572695035460993
6550,YEL039C YPL190C,0.0,NA,3.066773857085536e-08,864,4993,6287,264,0.5763217279174726,0.14751579306812362,0.7659574468085106,0.4426418439716312,0.5573581560283688
6551,YDL229W YBR179C,0.0,NA,3.07754390860282e-08,864,4992,6288,264,0.5764023210831721,0.14754098360655737,0.7659574468085106,0.4425531914893617,0.5574468085106383
6552,YCR105W YPR194C,0.0,NA,3.0891587954329225e-08,864,4991,6289,264,0.5764829142488717,0.1475661827497865,0.7659574468085106,0.4424645390070922,0.5575354609929078
6553,YDL170W YBR076W,0.0,NA,3.091953360012667e-08,864,4990,6290,264,0.5765635074145713,0.1475913905022207,0.7659574468085106,0.4423758865248227,0.5576241134751773
6554,YHR124W YMR026C,0.0,NA,3.1000549682858036e-08,864,4989,6291,264,0.5766441005802708,0.1476166068682727,0.7659574468085106,0.4422872340425532,0.5577127659574468
6555,YHR138C YKL028W,0.0,NA,3.101113676962086e-08,864,4988,6292,264,0.5767246937459704,0.14764183185235816,0.7659574468085106,0.4421985815602837,0.5578014184397163
6556,YMR286W YJL138C,0.0,NA,3.111856017312675e-08,864,4987,6293,264,0.5768052869116699,0.1476670654588959,0.7659574468085106,0.44210992907801416,0.5578900709219858
6557,YML055W YER094C,1.0,NA,3.123219016742951e-08,863,4987,6293,265,0.5767246937459704,0.14752136752136752,0.7650709219858156,0.44210992907801416,0.5578900709219858
6558,YKL185W YGL205W,0.0,NA,3.124631220430274e-08,863,4986,6294,265,0.5768052869116699,0.14754658916054025,0.7650709219858156,0.4420212765957447,0.5579787234042554
6559,YNL310C YLL021W,0.0,NA,3.1434190361778747e-08,863,4985,6295,265,0.5768858800773694,0.1475718194254446,0.7650709219858156,0.44193262411347517,0.5580673758865248
6560,YGR281W YEL043W,0.0,NA,3.143784965686791e-08,863,4984,6296,265,0.5769664732430689,0.14759705832050624,0.7650709219858156,0.4418439716312057,0.5581560283687943
6561,YPL057C YGL090W,0.0,NA,3.149090233023344e-08,863,4983,6297,265,0.5770470664087686,0.14762230585015396,0.7650709219858156,0.4417553191489362,0.5582446808510638
6562,YPR026W YJR134C,0.0,NA,3.1546385059755266e-08,863,4982,6298,265,0.5771276595744681,0.1476475620188195,0.7650709219858156,0.44166666666666665,0.5583333333333333
6563,YLR176C YKL173W,0.0,NA,3.156113237423597e-08,863,4981,6299,265,0.5772082527401676,0.14767282683093771,0.7650709219858156,0.4415780141843972,0.5584219858156029
6564,YNL088W YDR165W,0.0,NA,3.156113237423597e-08,863,4980,6300,265,0.5772888459058672,0.14769810029094643,0.7650709219858156,0.44148936170212766,0.5585106382978723
6565,YJL053W YKL209C,0.0,NA,3.166393724995942e-08,863,4979,6301,265,0.5773694390715667,0.14772338240328656,0.7650709219858156,0.44140070921985813,0.5585992907801418
6566,YDR516C YMR137C,0.0,NA,3.1694209923216476e-08,863,4978,6302,265,0.5774500322372663,0.14774867317240198,0.7650709219858156,0.44131205673758866,0.5586879432624113
6567,YCL024W YGR183C,0.0,NA,3.1698924374268245e-08,863,4977,6303,265,0.5775306254029658,0.14777397260273972,0.7650709219858156,0.44122340425531914,0.5587765957446809
6568,YHR150W YPR127W,0.0,NA,3.172838347609286e-08,863,4976,6304,265,0.5776112185686654,0.14779928069874979,0.7650709219858156,0.44113475177304967,0.5588652482269504
6569,YER094C YDR331W,1.0,NA,3.176344165467526e-08,862,4976,6304,266,0.5775306254029658,0.1476533059266872,0.7641843971631206,0.44113475177304967,0.5588652482269504
6570,YGR038W YDR335W,0.0,NA,3.186234565077939e-08,862,4975,6305,266,0.5776112185686654,0.14767860202158642,0.7641843971631206,0.44104609929078015,0.5589539007092199
6571,YGL178W YLR381W,0.0,NA,3.1945106115927047e-08,862,4974,6306,266,0.5776918117343649,0.1477039067854695,0.7641843971631206,0.4409574468085106,0.5590425531914893
6572,YMR058W YDL018C,0.0,NA,3.1967349656270017e-08,862,4973,6307,266,0.5777724049000644,0.1477292202227935,0.7641843971631206,0.44086879432624115,0.5591312056737588
6573,YLR316C YML075C,0.0,NA,3.200694820293393e-08,862,4972,6308,266,0.5778529980657641,0.14775454233801852,0.7641843971631206,0.44078014184397163,0.5592198581560284
6574,YKL051W YPR157W,0.0,NA,3.2090447632526775e-08,862,4971,6309,266,0.5779335912314636,0.14777987313560775,0.7641843971631206,0.4406914893617021,0.5593085106382979
6575,YLR206W YJL011C,0.0,NA,3.214086419234263e-08,862,4970,6310,266,0.5780141843971631,0.14780521262002744,0.7641843971631206,0.44060283687943264,0.5593971631205674
6576,YDL207W YHL037C,0.0,NA,3.214325161593479e-08,862,4969,6311,266,0.5780947775628626,0.14783056079574686,0.7641843971631206,0.4405141843971631,0.5594858156028368
6577,YLR020C YPL174C,0.0,NA,3.22730606683308e-08,862,4968,6312,266,0.5781753707285622,0.14785591766723843,0.7641843971631206,0.44042553191489364,0.5595744680851064
6578,YAR002W YBR076W,0.0,NA,3.234695000742249e-08,862,4967,6313,266,0.5782559638942618,0.14788128323897753,0.7641843971631206,0.4403368794326241,0.5596631205673759
6579,YEL020C YPL062W,0.0,NA,3.2376206604567415e-08,862,4966,6314,266,0.5783365570599613,0.14790665751544269,0.7641843971631206,0.4402482269503546,0.5597517730496454
6580,YDR240C YER161C,0.0,NA,3.2418348894225346e-08,862,4965,6315,266,0.5784171502256609,0.1479320405011155,0.7641843971631206,0.4401595744680851,0.5598404255319149
6581,YDL076C YJL020C,0.0,NA,3.250509550412062e-08,862,4964,6316,266,0.5784977433913604,0.1479574322004806,0.7641843971631206,0.4400709219858156,0.5599290780141843
6582,YDR394W YMR150C,1.0,NA,3.261284220457128e-08,861,4964,6316,267,0.5784171502256609,0.14781115879828327,0.7632978723404256,0.4400709219858156,0.5599290780141843
6583,YJR082C YDR346C,0.0,NA,3.2623166390521874e-08,861,4963,6317,267,0.5784977433913604,0.14783653846153846,0.7632978723404256,0.4399822695035461,0.5600177304964539
6584,YJL143W YPL103C,0.0,NA,3.269156323426614e-08,861,4962,6318,267,0.5785783365570599,0.1478619268418341,0.7632978723404256,0.4398936170212766,0.5601063829787234
6585,YDL244W YGL236C,0.0,NA,3.269711257303243e-08,861,4961,6319,267,0.5786589297227596,0.14788732394366197,0.7632978723404256,0.4398049645390071,0.5601950354609929
6586,YJR126C YLR163C,1.0,NA,3.274248072671071e-08,860,4961,6319,268,0.5785783365570599,0.1477409379831644,0.7624113475177305,0.4398049645390071,0.5601950354609929
6587,YGL196W YPL016W,0.0,NA,3.276359450410382e-08,860,4960,6320,268,0.5786589297227596,0.14776632302405499,0.7624113475177305,0.4397163120567376,0.5602836879432624
6588,YHR064C YGL247W,0.0,NA,3.2833661123277125e-08,860,4959,6321,268,0.5787395228884591,0.14779171678982644,0.7624113475177305,0.4396276595744681,0.560372340425532
6589,YPR121W YPL104W,0.0,NA,3.288254291078374e-08,860,4958,6322,268,0.5788201160541586,0.14781711928497765,0.7624113475177305,0.43953900709219856,0.5604609929078014
6590,YOR233W YAL017W,0.0,NA,3.291637185043328e-08,860,4957,6323,268,0.5789007092198581,0.14784253051401067,0.7624113475177305,0.4394503546099291,0.5605496453900709
6591,YDL170W YOL045W,0.0,NA,3.2966820384672246e-08,860,4956,6324,268,0.5789813023855577,0.14786795048143053,0.7624113475177305,0.43936170212765957,0.5606382978723404
6592,YMR220W YGR120C,0.0,NA,3.300457152022318e-08,860,4955,6325,268,0.5790618955512572,0.14789337919174547,0.7624113475177305,0.43927304964539005,0.56072695035461
6593,YBR207W YLR113W,0.0,NA,3.3024281975713166e-08,860,4954,6326,268,0.5791424887169568,0.1479188166494668,0.7624113475177305,0.4391843971631206,0.5608156028368795
6594,YIR014W YLR315W,0.0,NA,3.305162721289889e-08,860,4953,6327,268,0.5792230818826564,0.1479442628591089,0.7624113475177305,0.43909574468085105,0.5609042553191489
6595,YOR355W YBR250W,0.0,NA,3.3207328442586004e-08,860,4952,6328,268,0.5793036750483559,0.14796971782518925,0.7624113475177305,0.4390070921985816,0.5609929078014184
6596,YBR059C YML098W,0.0,NA,3.321397912259272e-08,860,4951,6329,268,0.5793842682140554,0.14799518155222854,0.7624113475177305,0.43891843971631206,0.5610815602836879
6597,YOR391C YBL067C,1.0,NA,3.3417702383076175e-08,859,4951,6329,269,0.5793036750483559,0.1478485370051635,0.7615248226950354,0.43891843971631206,0.5610815602836879
6598,YOR065W YGL216W,0.0,NA,3.3448952052594905e-08,859,4950,6330,269,0.5793842682140554,0.14787398863831985,0.7615248226950354,0.43882978723404253,0.5611702127659575
6599,YIR018W YLR297W,0.0,NA,3.353039446096773e-08,859,4949,6331,269,0.579464861379755,0.14789944903581267,0.7615248226950354,0.43874113475177307,0.561258865248227
6600,YOL055C YPL149W,0.0,NA,3.3587681969038385e-08,859,4948,6332,269,0.5795454545454546,0.1479249182021698,0.7615248226950354,0.43865248226950354,0.5613475177304964
6601,YJR120W YEL036C,0.0,NA,3.3649172337391065e-08,859,4947,6333,269,0.5796260477111541,0.14795039614192215,0.7615248226950354,0.438563829787234,0.5614361702127659
6602,YLR072W YHR112C,0.0,NA,3.384078439694349e-08,859,4946,6334,269,0.5797066408768536,0.14797588285960378,0.7615248226950354,0.43847517730496455,0.5615248226950355
6603,YLR203C YDL244W,0.0,NA,3.3871781823791025e-08,859,4945,6335,269,0.5797872340425532,0.14800137835975188,0.7615248226950354,0.438386524822695,0.561613475177305
6604,YIR039C YFR018C,1.0,NA,3.387307145885643e-08,858,4945,6335,270,0.5797066408768536,0.14785455798724798,0.7606382978723404,0.438386524822695,0.561613475177305
6605,YPL239W YKL071W,0.0,NA,3.401790849011377e-08,858,4944,6336,270,0.5797872340425532,0.14788004136504654,0.7606382978723404,0.43829787234042555,0.5617021276595745
6606,YIL026C YHR117W,0.0,NA,3.40338743853863e-08,858,4943,6337,270,0.5798678272082527,0.14790553352870195,0.7606382978723404,0.43820921985815603,0.561790780141844
6607,YDR330W YAL041W,0.0,NA,3.410346849364032e-08,858,4942,6338,270,0.5799484203739523,0.14793103448275863,0.7606382978723404,0.4381205673758865,0.5618794326241134
6608,YKL127W YBR038W,0.0,NA,3.412292315374543e-08,858,4941,6339,270,0.5800290135396519,0.1479565442317641,0.7606382978723404,0.43803191489361704,0.561968085106383
6609,YBL020W YMR023C,0.0,NA,3.412344184994254e-08,858,4940,6340,270,0.5801096067053514,0.14798206278026907,0.7606382978723404,0.4379432624113475,0.5620567375886525
6610,YGL012W YKL028W,0.0,NA,3.4146879102081584e-08,858,4939,6341,270,0.5801901998710509,0.14800759013282733,0.7606382978723404,0.437854609929078,0.562145390070922
6611,YIL091C YKL096W,0.0,NA,3.416883842533025e-08,858,4938,6342,270,0.5802707930367504,0.14803312629399587,0.7606382978723404,0.4377659574468085,0.5622340425531915
6612,YER160C YFR018C,1.0,NA,3.4245303481839073e-08,857,4938,6342,271,0.5801901998710509,0.14788610871440896,0.7597517730496454,0.4377659574468085,0.5622340425531915
6613,YLR081W YER020W,0.0,NA,3.4330454923292564e-08,857,4937,6343,271,0.5802707930367504,0.14791163272350707,0.7597517730496454,0.437677304964539,0.562322695035461
6614,YML081C-A YHR059W,0.0,NA,3.4333268672526174e-08,857,4936,6344,271,0.5803513862024501,0.14793716554462283,0.7597517730496454,0.4375886524822695,0.5624113475177305
6615,YKL209C YNR031C,0.0,NA,3.4433018214485855e-08,857,4935,6345,271,0.5804319793681496,0.14796270718232044,0.7597517730496454,0.4375,0.5625
6616,YNL326C YJL138C,0.0,NA,3.4458377484725133e-08,857,4934,6346,271,0.5805125725338491,0.14798825764116733,0.7597517730496454,0.4374113475177305,0.5625886524822695
6617,YNL146W YJR090C,0.0,NA,3.4518766511837384e-08,857,4933,6347,271,0.5805931656995487,0.14801381692573404,0.7597517730496454,0.437322695035461,0.562677304964539
6618,YDR228C YAL047C,0.0,NA,3.452126406955358e-08,857,4932,6348,271,0.5806737588652482,0.14803938504059422,0.7597517730496454,0.4372340425531915,0.5627659574468085
6619,YBL024W YBR133C,0.0,NA,3.4650561531179846e-08,857,4931,6349,271,0.5807543520309478,0.14806496199032482,0.7597517730496454,0.437145390070922,0.562854609929078
6620,YHR083W YER025W,0.0,NA,3.479294718999881e-08,857,4930,6350,271,0.5808349451966474,0.14809054777950578,0.7597517730496454,0.4370567375886525,0.5629432624113475
6621,YLR438C-A YLR227C,0.0,NA,3.48371749225862e-08,857,4929,6351,271,0.5809155383623469,0.14811614241272036,0.7597517730496454,0.43696808510638296,0.563031914893617
6622,YLR088W YHR200W,1.0,NA,3.4843822049879236e-08,856,4929,6351,272,0.5808349451966474,0.14796888504753675,0.7588652482269503,0.43696808510638296,0.563031914893617
6623,YLR238W YGL054C,0.0,NA,3.492073119559791e-08,856,4928,6352,272,0.5809155383623469,0.1479944674965422,0.7588652482269503,0.4368794326241135,0.5631205673758866
6624,YGL090W YPR007C,0.0,NA,3.499848233445846e-08,856,4927,6353,272,0.5809961315280464,0.148020058793014,0.7588652482269503,0.43679078014184397,0.563209219858156
6625,YKL183W YHR073W,0.0,NA,3.5312087476313536e-08,856,4926,6354,272,0.5810767246937459,0.14804565894154273,0.7588652482269503,0.43670212765957445,0.5632978723404255
6626,YML124C YOR316C,0.0,NA,3.539023651910611e-08,856,4925,6355,272,0.5811573178594455,0.148071267946722,0.7588652482269503,0.436613475177305,0.563386524822695
6627,YKL132C YNL204C,0.0,NA,3.5469099657348124e-08,856,4924,6356,272,0.5812379110251451,0.14809688581314878,0.7588652482269503,0.43652482269503545,0.5634751773049645
6628,YBR204C YMR087W,0.0,NA,3.551208394014793e-08,856,4923,6357,272,0.5813185041908446,0.14812251254542308,0.7588652482269503,0.436436170212766,0.5635638297872341
6629,YCL056C YDR334W,0.0,NA,3.557051897473684e-08,856,4922,6358,272,0.5813990973565442,0.14814814814814814,0.7588652482269503,0.43634751773049646,0.5636524822695036
6630,YNL185C YIL033C,0.0,NA,3.5628978878321504e-08,856,4921,6359,272,0.5814796905222437,0.14817379262593042,0.7588652482269503,0.43625886524822693,0.563741134751773
6631,YGR060W YJL201W,0.0,NA,3.564998252159057e-08,856,4920,6360,272,0.5815602836879432,0.1481994459833795,0.7588652482269503,0.43617021276595747,0.5638297872340425
6632,YFR006W YDR331W,1.0,NA,3.573031293058193e-08,855,4920,6360,273,0.5814796905222437,0.14805194805194805,0.7579787234042553,0.43617021276595747,0.5638297872340425
6633,YCL044C YIL147C,0.0,NA,3.5756627880800806e-08,855,4919,6361,273,0.5815602836879432,0.14807758919293385,0.7579787234042553,0.43608156028368794,0.5639184397163121
6634,YBL042C YCL047C,0.0,NA,3.5919381247140336e-08,855,4918,6362,273,0.5816408768536429,0.14810323921704485,0.7579787234042553,0.4359929078014184,0.5640070921985816
6635,YOR254C YDR130C,0.0,NA,3.596202446942698e-08,855,4917,6363,273,0.5817214700193424,0.14812889812889812,0.7579787234042553,0.43590425531914895,0.5640957446808511
6636,YMR184W YHR117W,0.0,NA,3.6195782371351015e-08,855,4916,6364,273,0.5818020631850419,0.14815456593311385,0.7579787234042553,0.4358156028368794,0.5641843971631205
6637,YBR187W YGR213C,0.0,NA,3.624331412765969e-08,855,4915,6365,273,0.5818826563507414,0.14818024263431542,0.7579787234042553,0.43572695035460995,0.56427304964539
6638,YPR010C YJL050W,0.0,NA,3.625050482014558e-08,855,4914,6366,273,0.581963249516441,0.1482059282371295,0.7579787234042553,0.43563829787234043,0.5643617021276596
6639,YDR415C YLR163C,1.0,NA,3.625541467044968e-08,854,4914,6366,274,0.5818826563507414,0.14805825242718446,0.7570921985815603,0.43563829787234043,0.5643617021276596
6640,YER094C YLR163C,1.0,NA,3.646944435331534e-08,853,4914,6366,275,0.5818020631850419,0.14791052540315588,0.7562056737588653,0.43563829787234043,0.5643617021276596
6641,YLR189C YDR473C,0.0,NA,3.652743174598072e-08,853,4913,6367,275,0.5818826563507414,0.1479361775927853,0.7562056737588653,0.4355496453900709,0.5644503546099291
6642,YOR193W YGL222C,0.0,NA,3.658488978430796e-08,853,4912,6368,275,0.581963249516441,0.1479618386816999,0.7562056737588653,0.43546099290780144,0.5645390070921986
6643,YLR371W YNL124W,0.0,NA,3.6710989803623306e-08,853,4911,6369,275,0.5820438426821406,0.1479875086745316,0.7562056737588653,0.4353723404255319,0.564627659574468
6644,YOR291W YGL002W,0.0,NA,3.674391280128475e-08,853,4910,6370,275,0.5821244358478401,0.14801318757591533,0.7562056737588653,0.4352836879432624,0.5647163120567376
6645,YMR056C YDR257C,0.0,NA,3.677714488503625e-08,853,4909,6371,275,0.5822050290135397,0.1480388753904894,0.7562056737588653,0.4351950354609929,0.5648049645390071
6646,YIL063C YOL161C,0.0,NA,3.679328486327904e-08,853,4908,6372,275,0.5822856221792392,0.14806457212289534,0.7562056737588653,0.4351063829787234,0.5648936170212766
6647,YKL132C YJL099W,0.0,NA,3.693545735927728e-08,853,4907,6373,275,0.5823662153449387,0.14809027777777778,0.7562056737588653,0.4350177304964539,0.5649822695035461
6648,YML082W YDR427W,0.0,NA,3.697175898764726e-08,853,4906,6374,275,0.5824468085106383,0.14811599235978468,0.7562056737588653,0.4349290780141844,0.5650709219858157
6649,YLR206W YOR059C,0.0,NA,3.6976199879745764e-08,853,4905,6375,275,0.5825274016763379,0.1481417158735672,0.7562056737588653,0.4348404255319149,0.5651595744680851
6650,YER144C YER143W,1.0,NA,3.73293111977091e-08,852,4905,6375,276,0.5824468085106383,0.14799374674309537,0.7553191489361702,0.4348404255319149,0.5651595744680851
6651,YER173W YMR016C,0.0,NA,3.746562171613732e-08,852,4904,6376,276,0.5825274016763379,0.1480194579569145,0.7553191489361702,0.4347517730496454,0.5652482269503546
6652,YPL096W YDR520C,0.0,NA,3.755698685381503e-08,852,4903,6377,276,0.5826079948420374,0.1480451781059948,0.7553191489361702,0.4346631205673759,0.5653368794326241
6653,YMR032W YER105C,0.0,NA,3.75921018758163e-08,852,4902,6378,276,0.5826885880077369,0.1480709071949948,0.7553191489361702,0.43457446808510636,0.5654255319148936
6654,YPR041W YHR064C,0.0,NA,3.775917534198925e-08,852,4901,6379,276,0.5827691811734365,0.1480966452285764,0.7553191489361702,0.4344858156028369,0.5655141843971632
6655,YGR249W YNR031C,0.0,NA,3.7763356885989197e-08,852,4900,6380,276,0.5828497743391361,0.14812239221140472,0.7553191489361702,0.43439716312056736,0.5656028368794326
6656,YNL301C YNL220W,0.0,NA,3.7773872918478446e-08,852,4899,6381,276,0.5829303675048356,0.14814814814814814,0.7553191489361702,0.4343085106382979,0.5656914893617021
6657,YNL326C YOR315W,0.0,NA,3.804611026225757e-08,852,4898,6382,276,0.5830109606705351,0.14817391304347827,0.7553191489361702,0.43421985815602837,0.5657801418439716
6658,YPR043W YDR315C,0.0,NA,3.815933879991462e-08,852,4897,6383,276,0.5830915538362347,0.14819968690206992,0.7553191489361702,0.43413120567375885,0.5658687943262412
6659,YOR156C YLR315W,0.0,NA,3.8172803584757276e-08,852,4896,6384,276,0.5831721470019342,0.14822546972860126,0.7553191489361702,0.4340425531914894,0.5659574468085107
6660,YHR068W YNL062C,0.0,NA,3.8183731732033266e-08,852,4895,6385,276,0.5832527401676337,0.14825126152775361,0.7553191489361702,0.43395390070921985,0.5660460992907801
6661,YMR025W YEL061C,0.0,NA,3.833390493923616e-08,852,4894,6386,276,0.5833333333333334,0.14827706230421162,0.7553191489361702,0.43386524822695033,0.5661347517730496
6662,YOR077W YDL246C,0.0,NA,3.8343195285506226e-08,852,4893,6387,276,0.5834139264990329,0.14830287206266318,0.7553191489361702,0.43377659574468086,0.5662234042553191
6663,YMR200W YGR097W,0.0,NA,3.8346193775851134e-08,852,4892,6388,276,0.5834945196647324,0.14832869080779945,0.7553191489361702,0.43368794326241134,0.5663120567375887
6664,YGR216C YDR011W,0.0,NA,3.8502808052953696e-08,852,4891,6389,276,0.583575112830432,0.1483545185443148,0.7553191489361702,0.43359929078014187,0.5664007092198582
6665,YDL088C YOL052C,0.0,NA,3.851669561072413e-08,852,4890,6390,276,0.5836557059961315,0.148380355276907,0.7553191489361702,0.43351063829787234,0.5664893617021277
6666,YLR088W YKL134C,1.0,NA,3.869599396466583e-08,851,4890,6390,277,0.583575112830432,0.14823201532834002,0.7544326241134752,0.43351063829787234,0.5664893617021277
6667,YEL072W YDL246C,0.0,NA,3.876137100178312e-08,851,4889,6391,277,0.5836557059961315,0.14825783972125436,0.7544326241134752,0.4334219858156028,0.5665780141843971
6668,YNL051W YKL085W,0.0,NA,3.8829298887321784e-08,851,4888,6392,277,0.5837362991618311,0.14828367311378288,0.7544326241134752,0.43333333333333335,0.5666666666666667
6669,YLR261C YPR157W,0.0,NA,3.88313736721102e-08,851,4887,6393,277,0.5838168923275306,0.14830951551063087,0.7544326241134752,0.4332446808510638,0.5667553191489362
6670,YMR026C YDL126C,0.0,NA,3.886671606778691e-08,851,4886,6394,277,0.5838974854932302,0.1483353669165069,0.7544326241134752,0.4331560283687943,0.5668439716312057
6671,YOR298C-A YOR258W,0.0,NA,3.899614497981929e-08,851,4885,6395,277,0.5839780786589297,0.14836122733612273,0.7544326241134752,0.43306737588652483,0.5669326241134752
6672,YOL165C YJL138C,0.0,NA,3.904027678913735e-08,851,4884,6396,277,0.5840586718246292,0.14838709677419354,0.7544326241134752,0.4329787234042553,0.5670212765957446
6673,YFL062W YDL018C,0.0,NA,3.905419987404457e-08,851,4883,6397,277,0.5841392649903289,0.14841297523543773,0.7544326241134752,0.43289007092198584,0.5671099290780142
6674,YKL204W YNL217W,0.0,NA,3.9059489864712305e-08,851,4882,6398,277,0.5842198581560284,0.14843886272457701,0.7544326241134752,0.4328014184397163,0.5671985815602837
6675,YLR348C YAR066W,0.0,NA,3.907111434386934e-08,851,4881,6399,277,0.5843004513217279,0.14846475924633637,0.7544326241134752,0.4327127659574468,0.5672872340425532
6676,YLR075W YLR467W,0.0,NA,3.929135417024554e-08,851,4880,6400,277,0.5843810444874274,0.14849066480544407,0.7544326241134752,0.4326241134751773,0.5673758865248227
6677,YFL041W YBR266C,0.0,NA,3.9385145811365874e-08,851,4879,6401,277,0.584461637653127,0.14851657940663177,0.7544326241134752,0.4325354609929078,0.5674645390070922
6678,YDR323C YLR332W,0.0,NA,3.9425803066706067e-08,851,4878,6402,277,0.5845422308188266,0.14854250305463432,0.7544326241134752,0.4324468085106383,0.5675531914893617
6679,YDR451C YIR018W,0.0,NA,3.950401250563118e-08,851,4877,6403,277,0.5846228239845261,0.14856843575418993,0.7544326241134752,0.4323581560283688,0.5676418439716312
6680,YLR411W YFR048W,0.0,NA,3.952895966108372e-08,851,4876,6404,277,0.5847034171502257,0.14859437751004015,0.7544326241134752,0.4322695035460993,0.5677304964539007
6681,YJL185C YNL052W,0.0,NA,3.957618588401601e-08,851,4875,6405,277,0.5847840103159252,0.14862032832692978,0.7544326241134752,0.4321808510638298,0.5678191489361702
6682,YNL273W YKL014C,0.0,NA,3.9605861701375034e-08,851,4874,6406,277,0.5848646034816247,0.14864628820960699,0.7544326241134752,0.4320921985815603,0.5679078014184397
6683,YKR076W YOR064C,0.0,NA,3.96471264707543e-08,851,4873,6407,277,0.5849451966473244,0.1486722571628232,0.7544326241134752,0.43200354609929076,0.5679964539007092
6684,YDL106C YLR297W,0.0,NA,3.9715857269584376e-08,851,4872,6408,277,0.5850257898130239,0.1486982351913332,0.7544326241134752,0.4319148936170213,0.5680851063829787
6685,YKL137W YOL165C,0.0,NA,3.979312168667093e-08,851,4871,6409,277,0.5851063829787234,0.14872422229989515,0.7544326241134752,0.43182624113475176,0.5681737588652482
6686,YDR331W YDR434W,1.0,NA,3.991801733604916e-08,850,4871,6409,278,0.5850257898130239,0.14857542387694458,0.7535460992907801,0.43182624113475176,0.5681737588652482
6687,YKR104W YDR090C,0.0,NA,4.000033371198697e-08,850,4870,6410,278,0.5851063829787234,0.1486013986013986,0.7535460992907801,0.4317375886524823,0.5682624113475178
6688,YFL001W YLR273C,0.0,NA,4.013491050613993e-08,850,4869,6411,278,0.5851869761444229,0.14862738240951215,0.7535460992907801,0.43164893617021277,0.5683510638297873
6689,YCR066W YEL039C,0.0,NA,4.027255684491138e-08,850,4868,6412,278,0.5852675693101225,0.14865337530605108,0.7535460992907801,0.43156028368794325,0.5684397163120567
6690,YEL039C YER101C,0.0,NA,4.027708655485185e-08,850,4867,6413,278,0.585348162475822,0.1486793772957845,0.7535460992907801,0.4314716312056738,0.5685283687943262
6691,YGR094W YCL024W,0.0,NA,4.048434831815939e-08,850,4866,6414,278,0.5854287556415216,0.14870538838348496,0.7535460992907801,0.43138297872340425,0.5686170212765957
6692,YGR089W YPL006W,0.0,NA,4.0507675436174395e-08,850,4865,6415,278,0.5855093488072212,0.14873140857392825,0.7535460992907801,0.43129432624113473,0.5687056737588653
6693,YDL088C YOR257W,0.0,NA,4.053349300647824e-08,850,4864,6416,278,0.5855899419729207,0.1487574378718936,0.7535460992907801,0.43120567375886526,0.5687943262411348
6694,YOR075W YOL153C,0.0,NA,4.0586872529502216e-08,850,4863,6417,278,0.5856705351386202,0.14878347628216348,0.7535460992907801,0.43111702127659574,0.5688829787234042
6695,YLR411W YOR172W,0.0,NA,4.061955038991982e-08,850,4862,6418,278,0.5857511283043197,0.1488095238095238,0.7535460992907801,0.43102836879432627,0.5689716312056737
6696,YHL024W YKL220C,0.0,NA,4.066520986611977e-08,850,4861,6419,278,0.5858317214700194,0.1488355804587638,0.7535460992907801,0.43093971631205674,0.5690602836879433
6697,YOL025W YKL085W,0.0,NA,4.0676770396430584e-08,850,4860,6420,278,0.5859123146357189,0.14886164623467601,0.7535460992907801,0.4308510638297872,0.5691489361702128
6698,YJL109C YBR187W,0.0,NA,4.072171222446741e-08,850,4859,6421,278,0.5859929078014184,0.1488877211420564,0.7535460992907801,0.43076241134751775,0.5692375886524823
6699,YNL273W YCR065W,0.0,NA,4.078048121414213e-08,850,4858,6422,278,0.586073500967118,0.14891380518570427,0.7535460992907801,0.4306737588652482,0.5693262411347517
6700,YPL241C YMR124W,0.0,NA,4.079557314184967e-08,850,4857,6423,278,0.5861540941328175,0.1489398983704223,0.7535460992907801,0.4305851063829787,0.5694148936170212
6701,YDL012C YJL103C,0.0,NA,4.0797516476231976e-08,850,4856,6424,278,0.5862346872985171,0.14896600070101648,0.7535460992907801,0.43049645390070923,0.5695035460992908
6702,YJL099W YDL052C,0.0,NA,4.08390903317013e-08,850,4855,6425,278,0.5863152804642167,0.14899211218229624,0.7535460992907801,0.4304078014184397,0.5695921985815603
6703,YNL178W YMR202W,0.0,NA,4.1226336122690554e-08,850,4854,6426,278,0.5863958736299162,0.14901823281907434,0.7535460992907801,0.43031914893617024,0.5696808510638298
6704,YKL064W YJR132W,0.0,NA,4.1255127314343554e-08,850,4853,6427,278,0.5864764667956157,0.14904436261616694,0.7535460992907801,0.4302304964539007,0.5697695035460993
6705,YCR053W YJR026W,0.0,NA,4.129512021222581e-08,850,4852,6428,278,0.5865570599613152,0.14907050157839355,0.7535460992907801,0.4301418439716312,0.5698581560283688
6706,YKL135C YBR283C,0.0,NA,4.129803343744243e-08,850,4851,6429,278,0.5866376531270149,0.1490966497105771,0.7535460992907801,0.4300531914893617,0.5699468085106383
6707,YPR069C YCR068W,0.0,NA,4.162622602166266e-08,850,4850,6430,278,0.5867182462927144,0.14912280701754385,0.7535460992907801,0.4299645390070922,0.5700354609929078
6708,YLR223C YDR532C,0.0,NA,4.1641786907575806e-08,850,4849,6431,278,0.5867988394584139,0.14914897350412354,0.7535460992907801,0.42987588652482267,0.5701241134751773
6709,YER144C YJL172W,1.0,NA,4.18730046192195e-08,849,4849,6431,279,0.5867182462927144,0.148999648999649,0.7526595744680851,0.42987588652482267,0.5701241134751773
6710,YBR023C YLR273C,0.0,NA,4.194398073309458e-08,849,4848,6432,279,0.5867988394584139,0.14902580305423907,0.7526595744680851,0.4297872340425532,0.5702127659574469
6711,YML082W YNL137C,0.0,NA,4.206880888091291e-08,849,4847,6433,279,0.5868794326241135,0.14905196629213482,0.7526595744680851,0.4296985815602837,0.5703014184397163
6712,YBR114W YCR021C,0.0,NA,4.2121076404555424e-08,849,4846,6434,279,0.586960025789813,0.14907813871817382,0.7526595744680851,0.4296099290780142,0.5703900709219858
6713,YJR057W YMR177W,0.0,NA,4.228875383205377e-08,849,4845,6435,279,0.5870406189555126,0.14910432033719706,0.7526595744680851,0.4295212765957447,0.5704787234042553
6714,YGL203C YER143W,1.0,NA,4.241566387008788e-08,848,4845,6435,280,0.586960025789813,0.14895485684173546,0.75177304964539,0.4295212765957447,0.5704787234042553
6715,YKL073W YPR115W,0.0,NA,4.242772178031373e-08,848,4844,6436,280,0.5870406189555126,0.14898102600140548,0.75177304964539,0.42943262411347516,0.5705673758865248
6716,YNR075W YNL007C,0.0,NA,4.2508151665288096e-08,848,4843,6437,280,0.5871212121212122,0.14900720435775786,0.75177304964539,0.4293439716312057,0.5706560283687944
6717,YJR120W YKL201C,0.0,NA,4.25609734122645e-08,848,4842,6438,280,0.5872018052869117,0.14903339191564147,0.75177304964539,0.42925531914893617,0.5707446808510638
6718,YPR030W YGR006W,0.0,NA,4.257810104491e-08,848,4841,6439,280,0.5872823984526112,0.1490595886799086,0.75177304964539,0.42916666666666664,0.5708333333333333
6719,YML124C YKL017C,0.0,NA,4.2635392105694336e-08,848,4840,6440,280,0.5873629916183107,0.1490857946554149,0.75177304964539,0.42907801418439717,0.5709219858156028
6720,YJR120W YNR007C,0.0,NA,4.273529086162853e-08,848,4839,6441,280,0.5874435847840103,0.14911200984701953,0.75177304964539,0.42898936170212765,0.5710106382978724
6721,YKL127W YIL147C,0.0,NA,4.273717024716461e-08,848,4838,6442,280,0.5875241779497099,0.14913823425958495,0.75177304964539,0.4289007092198582,0.5710992907801419
6722,YNL191W YLR163C,1.0,NA,4.2759346285947686e-08,847,4838,6442,281,0.5874435847840103,0.14898856640281444,0.750886524822695,0.4289007092198582,0.5710992907801419
6723,YKL132C YER102W,0.0,NA,4.276081000398335e-08,847,4837,6443,281,0.5875241779497099,0.14901477832512317,0.750886524822695,0.42881205673758865,0.5711879432624114
6724,YER094C YFR006W,1.0,NA,4.2892242646530576e-08,846,4837,6443,282,0.5874435847840103,0.14886503607249693,0.75,0.42881205673758865,0.5711879432624114
6725,YLR085C YDR400W,0.0,NA,4.3072027722246276e-08,846,4836,6444,282,0.5875241779497099,0.14889123548046462,0.75,0.42872340425531913,0.5712765957446808
6726,YLR203C YBL026W,0.0,NA,4.310095746973275e-08,846,4835,6445,282,0.5876047711154094,0.14891744411195212,0.75,0.42863475177304966,0.5713652482269503
6727,YDR185C YDL025C,0.0,NA,4.3183160158832834e-08,846,4834,6446,282,0.587685364281109,0.14894366197183098,0.75,0.42854609929078014,0.5714539007092199
6728,YLR087C YGR233C,0.0,NA,4.3322835097114876e-08,846,4833,6447,282,0.5877659574468085,0.14896988906497624,0.75,0.4284574468085106,0.5715425531914894
6729,YJL066C YKL064W,0.0,NA,4.334465231181639e-08,846,4832,6448,282,0.587846550612508,0.1489961253962663,0.75,0.42836879432624114,0.5716312056737589
6730,YFL027C YAR002W,0.0,NA,4.3379138503496506e-08,846,4831,6449,282,0.5879271437782077,0.14902237097058305,0.75,0.4282801418439716,0.5717198581560283
6731,YFL054C YGR183C,0.0,NA,4.339858961088794e-08,846,4830,6450,282,0.5880077369439072,0.14904862579281183,0.75,0.42819148936170215,0.5718085106382979
6732,YOR273C YMR028W,0.0,NA,4.361791283713501e-08,846,4829,6451,282,0.5880883301096067,0.1490748898678414,0.75,0.4281028368794326,0.5718971631205674
6733,YKR024C YDR228C,0.0,NA,4.381720941637468e-08,846,4828,6452,282,0.5881689232753062,0.14910116320056396,0.75,0.4280141843971631,0.5719858156028369
6734,YDR350C YOR288C,0.0,NA,4.38241443134757e-08,846,4827,6453,282,0.5882495164410058,0.1491274457958752,0.75,0.42792553191489363,0.5720744680851064
6735,YNL044W YPL215W,0.0,NA,4.384713392369122e-08,846,4826,6454,282,0.5883301096067054,0.14915373765867418,0.75,0.4278368794326241,0.5721631205673758
6736,YDR096W YKL077W,0.0,NA,4.398559383389511e-08,846,4825,6455,282,0.5884107027724049,0.14918003879386352,0.75,0.42774822695035464,0.5722517730496454
6737,YIL041W YJR135W-A,0.0,NA,4.401127995379284e-08,846,4824,6456,282,0.5884912959381045,0.1492063492063492,0.75,0.4276595744680851,0.5723404255319149
6738,YDR077W YPR032W,0.0,NA,4.4118181108387944e-08,846,4823,6457,282,0.588571889103804,0.14923266890104075,0.75,0.4275709219858156,0.5724290780141844
6739,YNL137C YBR222C,0.0,NA,4.4549860689357956e-08,846,4822,6458,282,0.5886524822695035,0.1492589978828511,0.75,0.4274822695035461,0.5725177304964539
6740,YNL291C YBL097W,0.0,NA,4.457043090155821e-08,846,4821,6459,282,0.5887330754352031,0.14928533615669667,0.75,0.4273936170212766,0.5726063829787233
6741,YPR010C YHR059W,0.0,NA,4.464717662244766e-08,846,4820,6460,282,0.5888136686009027,0.14931168372749734,0.75,0.42730496453900707,0.5726950354609929
6742,YNL064C YBR187W,0.0,NA,4.4675118715531426e-08,846,4819,6461,282,0.5888942617666022,0.14933804060017652,0.75,0.4272163120567376,0.5727836879432624
6743,YDR087C YJR057W,0.0,NA,4.4763055484509096e-08,846,4818,6462,282,0.5889748549323017,0.149364406779661,0.75,0.4271276595744681,0.5728723404255319
6744,YDR090C YKL085W,0.0,NA,4.479345960817227e-08,846,4817,6463,282,0.5890554480980013,0.14939078227088115,0.75,0.4270390070921986,0.5729609929078014
6745,YNL051W YNL119W,0.0,NA,4.483380777742241e-08,846,4816,6464,282,0.5891360412637009,0.14941716707877076,0.75,0.4269503546099291,0.573049645390071
6746,YAR019C YJR098C,0.0,NA,4.483791116172142e-08,846,4815,6465,282,0.5892166344294004,0.1494435612082671,0.75,0.42686170212765956,0.5731382978723404
6747,YMR220W YLR445W,0.0,NA,4.4847233482414595e-08,846,4814,6466,282,0.5892972275951,0.14946996466431095,0.75,0.4267730496453901,0.5732269503546099
6748,YOR014W YNL131W,0.0,NA,4.488480342956791e-08,846,4813,6467,282,0.5893778207607995,0.14949637745184663,0.75,0.42668439716312057,0.5733156028368794
6749,YER082C YAR018C,0.0,NA,4.488651228484741e-08,846,4812,6468,282,0.589458413926499,0.14952279957582185,0.75,0.42659574468085104,0.573404255319149
6750,YCR027C YPL271W,0.0,NA,4.503469952510386e-08,846,4811,6469,282,0.5895390070921985,0.14954923104118792,0.75,0.42650709219858157,0.5734929078014185
6751,YGL101W YLR315W,0.0,NA,4.5037960916261e-08,846,4810,6470,282,0.5896196002578982,0.14957567185289958,0.75,0.42641843971631205,0.5735815602836879
6752,YJL051W YGL245W,0.0,NA,4.5130320813768776e-08,846,4809,6471,282,0.5897001934235977,0.1496021220159151,0.75,0.4263297872340426,0.5736702127659574
6753,YDR283C YOR208W,0.0,NA,4.5241066004564345e-08,846,4808,6472,282,0.5897807865892972,0.14962858153519631,0.75,0.42624113475177305,0.573758865248227
6754,YDR384C YER087C-A,0.0,NA,4.525668373389635e-08,846,4807,6473,282,0.5898613797549968,0.14965505041570848,0.75,0.42615248226950353,0.5738475177304965
6755,YHR030C YGL196W,0.0,NA,4.5457131392367955e-08,846,4806,6474,282,0.5899419729206963,0.14968152866242038,0.75,0.42606382978723406,0.573936170212766
6756,YMR015C YOR090C,0.0,NA,4.550181031959255e-08,846,4805,6475,282,0.5900225660863959,0.14970801628030436,0.75,0.42597517730496454,0.5740248226950354
6757,YNL072W YLL008W,0.0,NA,4.5729237285740965e-08,846,4804,6476,282,0.5901031592520954,0.1497345132743363,0.75,0.425886524822695,0.5741134751773049
6758,YBR250W YKL161C,0.0,NA,4.579714030228388e-08,846,4803,6477,282,0.590183752417795,0.14976101964949548,0.75,0.42579787234042554,0.5742021276595745
6759,YBR201W YMR032W,0.0,NA,4.587311508430503e-08,846,4802,6478,282,0.5902643455834945,0.14978753541076487,0.75,0.425709219858156,0.574290780141844
6760,YPL219W YMR058W,0.0,NA,4.6091759742239446e-08,846,4801,6479,282,0.590344938749194,0.14981406056313087,0.75,0.42562056737588655,0.5743794326241135
6761,YGR088W YMR200W,0.0,NA,4.613398019159831e-08,846,4800,6480,282,0.5904255319148937,0.14984059511158343,0.75,0.425531914893617,0.574468085106383
6762,YNL149C YGR200C,0.0,NA,4.623166560691061e-08,846,4799,6481,282,0.5905061250805932,0.14986713906111604,0.75,0.4254432624113475,0.5745567375886524
6763,YDR362C YOL003C,0.0,NA,4.626059890711076e-08,846,4798,6482,282,0.5905867182462927,0.14989369241672573,0.75,0.42535460992907803,0.574645390070922
6764,YJR132W YPL062W,0.0,NA,4.651861118531997e-08,846,4797,6483,282,0.5906673114119922,0.14992025518341306,0.75,0.4252659574468085,0.5747340425531915
6765,YNL262W YER102W,0.0,NA,4.6577294909866396e-08,846,4796,6484,282,0.5907479045776918,0.1499468273661822,0.75,0.425177304964539,0.574822695035461
6766,YDR171W YOR069W,0.0,NA,4.6590713509431225e-08,846,4795,6485,282,0.5908284977433914,0.14997340897004077,0.75,0.4250886524822695,0.5749113475177305
6767,YGR264C YML132W,0.0,NA,4.679403886598266e-08,846,4794,6486,282,0.5909090909090909,0.15,0.75,0.425,0.575
6768,YGR171C YER081W,0.0,NA,4.6997612912491604e-08,846,4793,6487,282,0.5909896840747905,0.15002660046107466,0.75,0.4249113475177305,0.5750886524822695
6769,YMR313C YJR122W,0.0,NA,4.713982093562663e-08,846,4792,6488,282,0.59107027724049,0.1500532103582831,0.75,0.424822695035461,0.575177304964539
6770,YJL210W YJL100W,0.0,NA,4.732928360340338e-08,846,4791,6489,282,0.5911508704061895,0.15007982969664715,0.75,0.42473404255319147,0.5752659574468085
6771,YJL109C YBL107C,0.0,NA,4.747566251239732e-08,846,4790,6490,282,0.591231463571889,0.15010645848119233,0.75,0.424645390070922,0.575354609929078
6772,YPL250C YPL249C,0.0,NA,4.7559503002503334e-08,846,4789,6491,282,0.5913120567375887,0.15013309671694766,0.75,0.4245567375886525,0.5754432624113475
6773,YGR224W YBR179C,0.0,NA,4.765465533296265e-08,846,4788,6492,282,0.5913926499032882,0.1501597444089457,0.75,0.42446808510638295,0.575531914893617
6774,YLR362W YNL016W,0.0,NA,4.769712447227903e-08,846,4787,6493,282,0.5914732430689877,0.15018640156222263,0.75,0.4243794326241135,0.5756205673758865
6775,YML076C YPL057C,0.0,NA,4.770932449105203e-08,846,4786,6494,282,0.5915538362346873,0.15021306818181818,0.75,0.42429078014184396,0.575709219858156
6776,YDR415C YBR074W,1.0,NA,4.774746642510763e-08,845,4786,6494,283,0.5914732430689877,0.15006215592257147,0.749113475177305,0.42429078014184396,0.575709219858156
6777,YBL047C YDL238C,0.0,NA,4.777314899229168e-08,845,4785,6495,283,0.5915538362346873,0.15008880994671403,0.749113475177305,0.4242021276595745,0.5757978723404256
6778,YOR339C YJL225C,0.0,NA,4.8071218117229364e-08,845,4784,6496,283,0.5916344294003868,0.15011547344110854,0.749113475177305,0.42411347517730497,0.5758865248226951
6779,YDL106C YPL063W,0.0,NA,4.807158759945196e-08,845,4783,6497,283,0.5917150225660864,0.15014214641080312,0.749113475177305,0.42402482269503544,0.5759751773049645
6780,YLR104W YML098W,0.0,NA,4.8120295303988314e-08,845,4782,6498,283,0.591795615731786,0.15016882886084948,0.749113475177305,0.423936170212766,0.576063829787234
6781,YGL192W YIL166C,0.0,NA,4.823359844863262e-08,845,4781,6499,283,0.5918762088974855,0.15019552079630288,0.749113475177305,0.42384751773049645,0.5761524822695036
6782,YDR244W YIL067C,0.0,NA,4.834209832438319e-08,845,4780,6500,283,0.591956802063185,0.15022222222222223,0.749113475177305,0.4237588652482269,0.5762411347517731
6783,YKL204W YGR277C,0.0,NA,4.86613451755602e-08,845,4779,6501,283,0.5920373952288845,0.15024893314367,0.749113475177305,0.42367021276595745,0.5763297872340426
6784,YAL044C YNL327W,0.0,NA,4.872896397500881e-08,845,4778,6502,283,0.5921179883945842,0.15027565356571226,0.749113475177305,0.42358156028368793,0.576418439716312
6785,YGL205W YNL307C,0.0,NA,4.880532245010727e-08,845,4777,6503,283,0.5921985815602837,0.1503023834934187,0.749113475177305,0.42349290780141846,0.5765070921985815
6786,YDR427W YLR103C,0.0,NA,4.885422200118228e-08,845,4776,6504,283,0.5922791747259832,0.15032912293186265,0.749113475177305,0.42340425531914894,0.5765957446808511
6787,YGR229C YFL052W,0.0,NA,4.896962124689708e-08,845,4775,6505,283,0.5923597678916828,0.15035587188612098,0.749113475177305,0.4233156028368794,0.5766843971631206
6788,YKR042W YLR091W,0.0,NA,4.9140290059312974e-08,845,4774,6506,283,0.5924403610573823,0.15038263036127425,0.749113475177305,0.42322695035460994,0.5767730496453901
6789,YGR103W YDR361C,0.0,NA,4.918511109508472e-08,845,4773,6507,283,0.5925209542230819,0.15040939836240655,0.749113475177305,0.4231382978723404,0.5768617021276595
6790,YJL100W YJL225C,0.0,NA,4.922152285757875e-08,845,4772,6508,283,0.5926015473887815,0.15043617589460567,0.749113475177305,0.42304964539007095,0.576950354609929
6791,YDL012C YJL066C,0.0,NA,4.9318973793788246e-08,845,4771,6509,283,0.592682140554481,0.15046296296296297,0.749113475177305,0.4229609929078014,0.5770390070921986
6792,YBL067C YLR163C,1.0,NA,4.933572483878379e-08,844,4771,6509,284,0.5926015473887815,0.15031166518254674,0.74822695035461,0.4229609929078014,0.5770390070921986
6793,YPR162C YEL031W,0.0,NA,4.9691664116835454e-08,844,4770,6510,284,0.592682140554481,0.1503384396152476,0.74822695035461,0.4228723404255319,0.5771276595744681
6794,YPL088W YLL039C,0.0,NA,5.007872516671341e-08,844,4769,6511,284,0.5927627337201805,0.15036522358809906,0.74822695035461,0.42278368794326243,0.5772163120567376
6795,YPL159C YKL171W,0.0,NA,5.011350623362887e-08,844,4768,6512,284,0.59284332688588,0.150392017106201,0.74822695035461,0.4226950354609929,0.577304964539007
6796,YMR284W YJL151C,0.0,NA,5.0344780788691423e-08,844,4767,6513,284,0.5929239200515797,0.15041882017465694,0.74822695035461,0.4226063829787234,0.5773936170212766
6797,YNL274C YJR161C,0.0,NA,5.0376087301629013e-08,844,4766,6514,284,0.5930045132172792,0.15044563279857398,0.74822695035461,0.4225177304964539,0.5774822695035461
6798,YMR122W-A YHR124W,0.0,NA,5.043214201805313e-08,844,4765,6515,284,0.5930851063829787,0.15047245498306294,0.74822695035461,0.4224290780141844,0.5775709219858156
6799,YGL085W YAR018C,0.0,NA,5.044368123208187e-08,844,4764,6516,284,0.5931656995486783,0.15049928673323823,0.74822695035461,0.4223404255319149,0.5776595744680851
6800,YDR533C YJL172W,1.0,NA,5.05895592084471e-08,843,4764,6516,285,0.5930851063829787,0.15034777956126272,0.7473404255319149,0.4223404255319149,0.5776595744680851
6801,YNL299W YFL046W,0.0,NA,5.062594965465905e-08,843,4763,6517,285,0.5931656995486783,0.15037459864430966,0.7473404255319149,0.4222517730496454,0.5777482269503547
6802,YML055W YER160C,1.0,NA,5.075338194160395e-08,842,4763,6517,286,0.5930851063829787,0.15022301516503123,0.7464539007092199,0.4222517730496454,0.5777482269503547
6803,YNL118C YPL174C,0.0,NA,5.0789790151384295e-08,842,4762,6518,286,0.5931656995486783,0.1502498215560314,0.7464539007092199,0.42216312056737587,0.5778368794326241
6804,YOR110W YOR339C,0.0,NA,5.099257194274287e-08,842,4761,6519,286,0.5932462927143778,0.15027663751561662,0.7464539007092199,0.4220744680851064,0.5779255319148936
6805,YML002W YLR273C,0.0,NA,5.10202013970229e-08,842,4760,6520,286,0.5933268858800773,0.1503034630489111,0.7464539007092199,0.4219858156028369,0.5780141843971631
6806,YPL265W YCR028C,0.0,NA,5.107618505917344e-08,842,4759,6521,286,0.593407479045777,0.15033029816104268,0.7464539007092199,0.42189716312056735,0.5781028368794326
6807,YHR086W YDR422C,0.0,NA,5.111242984412456e-08,842,4758,6522,286,0.5934880722114765,0.15035714285714286,0.7464539007092199,0.4218085106382979,0.5781914893617022
6808,YIL070C YDR049W,0.0,NA,5.122575075233726e-08,842,4757,6523,286,0.593568665377176,0.15038399714234685,0.7464539007092199,0.42171985815602836,0.5782801418439716
6809,YNR048W YGR042W,0.0,NA,5.1231900499715266e-08,842,4756,6524,286,0.5936492585428755,0.1504108610217935,0.7464539007092199,0.4216312056737589,0.5783687943262411
6810,YDR394W YNL191W,1.0,NA,5.133529157319572e-08,841,4756,6524,287,0.593568665377176,0.15025906735751296,0.7455673758865248,0.4216312056737589,0.5783687943262411
6811,YKL221W YOL017W,0.0,NA,5.140319458973863e-08,841,4755,6525,287,0.5936492585428755,0.15028591851322373,0.7455673758865248,0.42154255319148937,0.5784574468085106
6812,YPR137W YBR115C,0.0,NA,5.1483063145951746e-08,841,4754,6526,287,0.5937298517085751,0.15031277926720285,0.7455673758865248,0.42145390070921984,0.5785460992907802
6813,YER151C YML055W,1.0,NA,5.1489934094206546e-08,840,4754,6526,288,0.5936492585428755,0.15016088666428315,0.7446808510638298,0.42145390070921984,0.5785460992907802
6814,YLR337C YJL143W,0.0,NA,5.150388204810952e-08,840,4753,6527,288,0.5937298517085751,0.15018773466833543,0.7446808510638298,0.4213652482269504,0.5786347517730497
6815,YER100W YBR273C,0.0,NA,5.1747793605727566e-08,840,4752,6528,288,0.5938104448742747,0.15021459227467812,0.7446808510638298,0.42127659574468085,0.5787234042553191
6816,YNL117W YMR271C,0.0,NA,5.1857266925026124e-08,840,4751,6529,288,0.5938910380399742,0.1502414594884636,0.7446808510638298,0.4211879432624113,0.5788120567375886
6817,YGR132C YPR151C,0.0,NA,5.186062423945259e-08,840,4750,6530,288,0.5939716312056738,0.15026833631484796,0.7446808510638298,0.42109929078014185,0.5789007092198581
6818,YLR208W YDR166C,0.0,NA,5.203223452099337e-08,840,4749,6531,288,0.5940522243713733,0.15029522275899088,0.7446808510638298,0.42101063829787233,0.5789893617021277
6819,YPR031W YDR501W,0.0,NA,5.2075023404540843e-08,840,4748,6532,288,0.5941328175370728,0.15032211882605584,0.7446808510638298,0.42092198581560286,0.5790780141843972
6820,YDR364C YJL051W,0.0,NA,5.213803433434805e-08,840,4747,6533,288,0.5942134107027724,0.15034902452120996,0.7446808510638298,0.42083333333333334,0.5791666666666667
6821,YEL071W YIR018W,0.0,NA,5.234549860233528e-08,840,4746,6534,288,0.594294003868472,0.15037593984962405,0.7446808510638298,0.4207446808510638,0.5792553191489361
6822,YBL107C YDL139C,0.0,NA,5.235317956930885e-08,840,4745,6535,288,0.5943745970341715,0.1504028648164727,0.7446808510638298,0.42065602836879434,0.5793439716312057
6823,YJL052W YER061C,0.0,NA,5.243063228022038e-08,840,4744,6536,288,0.594455190199871,0.1504297994269341,0.7446808510638298,0.4205673758865248,0.5794326241134752
6824,YNL126W YJL178C,0.0,NA,5.248485379638623e-08,840,4743,6537,288,0.5945357833655706,0.15045674368619022,0.7446808510638298,0.4204787234042553,0.5795212765957447
6825,YGR034W YBR223C,0.0,NA,5.252641699371452e-08,840,4742,6538,288,0.5946163765312702,0.15048369759942673,0.7446808510638298,0.4203900709219858,0.5796099290780142
6826,YFL029C YKL085W,0.0,NA,5.258866764279446e-08,840,4741,6539,288,0.5946969696969697,0.150510661171833,0.7446808510638298,0.4203014184397163,0.5796985815602836
6827,YKR035W-A YMR004W,0.0,NA,5.289327376090114e-08,840,4740,6540,288,0.5947775628626693,0.15053763440860216,0.7446808510638298,0.42021276595744683,0.5797872340425532
6828,YJL145W YHR059W,0.0,NA,5.30442072488313e-08,840,4739,6541,288,0.5948581560283688,0.15056461731493098,0.7446808510638298,0.4201241134751773,0.5798758865248227
6829,YHR127W YBL002W,0.0,NA,5.304785233306575e-08,840,4738,6542,288,0.5949387491940683,0.15059160989602008,0.7446808510638298,0.4200354609929078,0.5799645390070922
6830,YJR090C YNL107W,0.0,NA,5.308388750790982e-08,840,4737,6543,288,0.5950193423597679,0.1506186121570737,0.7446808510638298,0.4199468085106383,0.5800531914893617
6831,YER177W YKR105C,0.0,NA,5.33694723969802e-08,840,4736,6544,288,0.5950999355254675,0.15064562410329985,0.7446808510638298,0.4198581560283688,0.5801418439716312
6832,YDL012C YBL060W,0.0,NA,5.337710717867594e-08,840,4735,6545,288,0.595180528691167,0.15067264573991032,0.7446808510638298,0.41976950354609927,0.5802304964539007
6833,YGR296W YLR005W,0.0,NA,5.348073983668655e-08,840,4734,6546,288,0.5952611218568665,0.15069967707212056,0.7446808510638298,0.4196808510638298,0.5803191489361702
6834,YBL011W YNL160W,0.0,NA,5.359889954092978e-08,840,4733,6547,288,0.595341715022566,0.15072671810514984,0.7446808510638298,0.41959219858156027,0.5804078014184397
6835,YKL073W YGL178W,0.0,NA,5.380867662552191e-08,840,4732,6548,288,0.5954223081882656,0.1507537688442211,0.7446808510638298,0.4195035460992908,0.5804964539007093
6836,YMR060C YGL224C,0.0,NA,5.398836933068196e-08,840,4731,6549,288,0.5955029013539652,0.15078082929456113,0.7446808510638298,0.4194148936170213,0.5805851063829788
6837,YDL104C YLR163C,1.0,NA,5.4002992300183905e-08,839,4731,6549,289,0.5954223081882656,0.15062836624775583,0.7437943262411347,0.4194148936170213,0.5805851063829788
6838,YCR065W YHR136C,0.0,NA,5.4036995322803705e-08,839,4730,6550,289,0.5955029013539652,0.15065541389836595,0.7437943262411347,0.41932624113475175,0.5806737588652482
6839,YNL304W YML132W,0.0,NA,5.411931169874151e-08,839,4729,6551,289,0.5955834945196647,0.15068247126436782,0.7437943262411347,0.4192375886524823,0.5807624113475177
6840,YPL094C YMR158W,0.0,NA,5.42057705388288e-08,839,4728,6552,289,0.5956640876853643,0.15070953835099696,0.7437943262411347,0.41914893617021276,0.5808510638297872
6841,YLR206W YPR032W,0.0,NA,5.474471365118916e-08,839,4727,6553,289,0.5957446808510638,0.15073661516349263,0.7437943262411347,0.41906028368794324,0.5809397163120568
6842,YKL093W YBR275C,0.0,NA,5.482517551058663e-08,839,4726,6554,289,0.5958252740167633,0.15076370170709794,0.7437943262411347,0.41897163120567377,0.5810283687943263
6843,YMR211W YLR341W,0.0,NA,5.488104193318577e-08,839,4725,6555,289,0.595905867182463,0.15079079798705966,0.7437943262411347,0.41888297872340424,0.5811170212765957
6844,YNL135C YLR045C,0.0,NA,5.5088914763246066e-08,839,4724,6556,289,0.5959864603481625,0.15081790400862843,0.7437943262411347,0.4187943262411348,0.5812056737588652
6845,YPL203W YCR094W,0.0,NA,5.529545887839049e-08,839,4723,6557,289,0.596067053513862,0.1508450197770586,0.7437943262411347,0.41870567375886525,0.5812943262411348
6846,YMR262W YDR229W,0.0,NA,5.530979407808445e-08,839,4722,6558,289,0.5961476466795615,0.15087214529760834,0.7437943262411347,0.4186170212765957,0.5813829787234043
6847,YMR003W YNL084C,0.0,NA,5.531581592777002e-08,839,4721,6559,289,0.5962282398452611,0.15089928057553956,0.7437943262411347,0.41852836879432626,0.5814716312056738
6848,YLR414C YLR005W,0.0,NA,5.5400384724180185e-08,839,4720,6560,289,0.5963088330109607,0.15092642561611802,0.7437943262411347,0.41843971631205673,0.5815602836879432
6849,YNL066W YFL052W,0.0,NA,5.566135996559751e-08,839,4719,6561,289,0.5963894261766602,0.15095358042461318,0.7437943262411347,0.4183510638297872,0.5816489361702127
6850,YNL001W YNR062C,0.0,NA,5.598322871946948e-08,839,4718,6562,289,0.5964700193423598,0.15098074500629835,0.7437943262411347,0.41826241134751774,0.5817375886524823
6851,YLR117C YNL309W,0.0,NA,5.605759412219413e-08,839,4717,6563,289,0.5965506125080593,0.1510079193664507,0.7437943262411347,0.4181737588652482,0.5818262411347518
6852,YKL171W YAL054C,0.0,NA,5.6061555397945995e-08,839,4716,6564,289,0.5966312056737588,0.15103510351035104,0.7437943262411347,0.41808510638297874,0.5819148936170213
6853,YDL217C YGR097W,0.0,NA,5.6161514550012726e-08,839,4715,6565,289,0.5967117988394585,0.15106229744328412,0.7437943262411347,0.4179964539007092,0.5820035460992907
6854,YBL026W YHR068W,0.0,NA,5.628226062981412e-08,839,4714,6566,289,0.596792392005158,0.15108950117053846,0.7437943262411347,0.4179078014184397,0.5820921985815602
6855,YDL010W YBR115C,0.0,NA,5.6367127854173305e-08,839,4713,6567,289,0.5968729851708575,0.15111671469740634,0.7437943262411347,0.4178191489361702,0.5821808510638298
6856,YMR031C YKR049C,0.0,NA,5.6534673831265536e-08,839,4712,6568,289,0.596953578336557,0.15114393802918394,0.7437943262411347,0.4177304964539007,0.5822695035460993
6857,YGL054C YMR200W,0.0,NA,5.65504159055763e-08,839,4711,6569,289,0.5970341715022566,0.15117117117117118,0.7437943262411347,0.41764184397163123,0.5823581560283688
6858,YIL013C YDR528W,0.0,NA,5.690704796279533e-08,839,4710,6570,289,0.5971147646679562,0.15119841412867183,0.7437943262411347,0.4175531914893617,0.5824468085106383
6859,YLR316C YDR207C,0.0,NA,5.717402373761615e-08,839,4709,6571,289,0.5971953578336557,0.15122566690699352,0.7437943262411347,0.4174645390070922,0.5825354609929078
6860,YAL061W YKR050W,0.0,NA,5.742616693282798e-08,839,4708,6572,289,0.5972759509993553,0.15125292951144764,0.7437943262411347,0.4173758865248227,0.5826241134751773
6861,YJL020C YPL006W,0.0,NA,5.748632858626479e-08,839,4707,6573,289,0.5973565441650548,0.15128020194734945,0.7437943262411347,0.4172872340425532,0.5827127659574468
6862,YHR077C YIR003W,0.0,NA,5.750410281279983e-08,839,4706,6574,289,0.5974371373307543,0.15130748422001802,0.7437943262411347,0.41719858156028367,0.5828014184397163
6863,YPR194C YER161C,0.0,NA,5.836610483811455e-08,839,4705,6575,289,0.5975177304964538,0.15133477633477632,0.7437943262411347,0.4171099290780142,0.5828900709219859
6864,YGL195W YKL122C,0.0,NA,5.860728791162728e-08,839,4704,6576,289,0.5975983236621535,0.1513620782969511,0.7437943262411347,0.41702127659574467,0.5829787234042553
6865,YHR127W YDL193W,0.0,NA,5.8750664777562633e-08,839,4703,6577,289,0.597678916827853,0.15138939011187297,0.7437943262411347,0.4169326241134752,0.5830673758865248
6866,YMR251W-A YPL042C,0.0,NA,5.887495291290179e-08,839,4702,6578,289,0.5977595099935525,0.15141671178487637,0.7437943262411347,0.4168439716312057,0.5831560283687943
6867,YPL040C YCL066W,0.0,NA,5.893641130683136e-08,839,4701,6579,289,0.5978401031592521,0.15144404332129963,0.7437943262411347,0.41675531914893615,0.5832446808510638
6868,YPR166C YGL247W,0.0,NA,5.9016159070779395e-08,839,4700,6580,289,0.5979206963249516,0.15147138472648491,0.7437943262411347,0.4166666666666667,0.5833333333333334
6869,YLR037C YJR120W,0.0,NA,5.914800738082704e-08,839,4699,6581,289,0.5980012894906512,0.15149873600577826,0.7437943262411347,0.41657801418439716,0.5834219858156028
6870,YGR171C YDR036C,0.0,NA,5.937497604691089e-08,839,4698,6582,289,0.5980818826563508,0.15152609716452953,0.7437943262411347,0.41648936170212764,0.5835106382978723
6871,YGR132C YGR143W,0.0,NA,5.9439788202553245e-08,839,4697,6583,289,0.5981624758220503,0.15155346820809248,0.7437943262411347,0.41640070921985817,0.5835992907801418
6872,YLL005C YNL217W,0.0,NA,5.953078385800836e-08,839,4696,6584,289,0.5982430689877498,0.15158084914182476,0.7437943262411347,0.41631205673758864,0.5836879432624114
6873,YOR303W YIL101C,0.0,NA,5.977609873752954e-08,839,4695,6585,289,0.5983236621534493,0.15160823997108783,0.7437943262411347,0.4162234042553192,0.5837765957446809
6874,YLR375W YDL139C,0.0,NA,5.988222540054267e-08,839,4694,6586,289,0.598404255319149,0.15163564070124708,0.7437943262411347,0.41613475177304965,0.5838652482269504
6875,YDR234W YMR101C,0.0,NA,5.993101837020731e-08,839,4693,6587,289,0.5984848484848485,0.15166305133767172,0.7437943262411347,0.4160460992907801,0.5839539007092198
6876,YML127W YKL001C,0.0,NA,5.998659702299847e-08,839,4692,6588,289,0.598565441650548,0.15169047188573495,0.7437943262411347,0.41595744680851066,0.5840425531914893
6877,YGL240W YNL220W,0.0,NA,6.018853326850149e-08,839,4691,6589,289,0.5986460348162476,0.15171790235081375,0.7437943262411347,0.41586879432624113,0.5841312056737589
6878,YML114C YHL011C,0.0,NA,6.029573995647297e-08,839,4690,6590,289,0.5987266279819471,0.15174534273828902,0.7437943262411347,0.4157801418439716,0.5842198581560284
6879,YCR041W YJR051W,0.0,NA,6.031518040572337e-08,839,4689,6591,289,0.5988072211476467,0.15177279305354557,0.7437943262411347,0.41569148936170214,0.5843085106382979
6880,YNL103W YNL014W,0.0,NA,6.033646116065938e-08,839,4688,6592,289,0.5988878143133463,0.15180025330197214,0.7437943262411347,0.4156028368794326,0.5843971631205673
6881,YBR044C YML011C,0.0,NA,6.037824817894943e-08,839,4687,6593,289,0.5989684074790458,0.15182772348896129,0.7437943262411347,0.41551418439716314,0.5844858156028369
6882,YDL106C YJR140C,0.0,NA,6.062208512958023e-08,839,4686,6594,289,0.5990490006447453,0.1518552036199095,0.7437943262411347,0.4154255319148936,0.5845744680851064
6883,YDR283C YJR132W,0.0,NA,6.069103619665839e-08,839,4685,6595,289,0.5991295938104448,0.15188269370021723,0.7437943262411347,0.4153368794326241,0.5846631205673759
6884,YDR363W-A YOR299W,0.0,NA,6.0728204687166e-08,839,4684,6596,289,0.5992101869761445,0.1519101937352888,0.7437943262411347,0.4152482269503546,0.5847517730496454
6885,YGL062W YAR042W,0.0,NA,6.075323000231947e-08,839,4683,6597,289,0.599290780141844,0.15193770373053242,0.7437943262411347,0.4151595744680851,0.5848404255319148
6886,YNL122C YGR278W,0.0,NA,6.1327554590207e-08,839,4682,6598,289,0.5993713733075435,0.15196522369136026,0.7437943262411347,0.4150709219858156,0.5849290780141844
6887,YPR003C YOR193W,0.0,NA,6.137295827102207e-08,839,4681,6599,289,0.5994519664732431,0.1519927536231884,0.7437943262411347,0.4149822695035461,0.5850177304964539
6888,YFL056C YNL146W,0.0,NA,6.139683961237097e-08,839,4680,6600,289,0.5995325596389426,0.15202029353143687,0.7437943262411347,0.4148936170212766,0.5851063829787234
6889,YDR150W YHR067W,0.0,NA,6.14094872730675e-08,839,4679,6601,289,0.5996131528046421,0.15204784342152955,0.7437943262411347,0.4148049645390071,0.5851950354609929
6890,YDL125C YOR209C,0.0,NA,6.143619657450472e-08,839,4678,6602,289,0.5996937459703418,0.15207540329889432,0.7437943262411347,0.4147163120567376,0.5852836879432625
6891,YDR479C YMR286W,0.0,NA,6.149411291289653e-08,839,4677,6603,289,0.5997743391360413,0.152102973168963,0.7437943262411347,0.41462765957446807,0.5853723404255319
6892,YJR127C YMR325W,0.0,NA,6.16171575984481e-08,839,4676,6604,289,0.5998549323017408,0.15213055303717135,0.7437943262411347,0.4145390070921986,0.5854609929078014
6893,YOR312C YAL054C,0.0,NA,6.178886735597189e-08,839,4675,6605,289,0.5999355254674403,0.15215814290895902,0.7437943262411347,0.4144503546099291,0.5855496453900709
6894,YKL127W YMR086W,0.0,NA,6.20914235582859e-08,839,4674,6606,289,0.6000161186331399,0.15218574278976962,0.7437943262411347,0.41436170212765955,0.5856382978723405
6895,YBR176W YHL024W,0.0,NA,6.225840110118952e-08,839,4673,6607,289,0.6000967117988395,0.1522133526850508,0.7437943262411347,0.4142730496453901,0.58572695035461
6896,YNL160W YMR004W,0.0,NA,6.236322036556885e-08,839,4672,6608,289,0.600177304964539,0.15224097260025404,0.7437943262411347,0.41418439716312055,0.5858156028368794
6897,YKL093W YHL037C,0.0,NA,6.243582362230882e-08,839,4671,6609,289,0.6002578981302386,0.15226860254083485,0.7437943262411347,0.4140957446808511,0.5859042553191489
6898,YLR208W YDR315C,0.0,NA,6.262199292450532e-08,839,4670,6610,289,0.6003384912959381,0.15229624251225268,0.7437943262411347,0.41400709219858156,0.5859929078014184
6899,YDL223C YNL039W,0.0,NA,6.320867385056772e-08,839,4669,6611,289,0.6004190844616376,0.15232389251997094,0.7437943262411347,0.41391843971631204,0.586081560283688
6900,YBR220C YKL069W,0.0,NA,6.339727320892052e-08,839,4668,6612,289,0.6004996776273372,0.15235155256945707,0.7437943262411347,0.41382978723404257,0.5861702127659575
6901,YIL109C YMR004W,0.0,NA,6.370175498204844e-08,839,4667,6613,289,0.6005802707930368,0.15237922266618234,0.7437943262411347,0.41374113475177304,0.5862588652482269
6902,YOR208W YBL019W,0.0,NA,6.405410601928452e-08,839,4666,6614,289,0.6006608639587363,0.15240690281562216,0.7437943262411347,0.4136524822695035,0.5863475177304964
6903,YLR315W YNL307C,0.0,NA,6.456141932176251e-08,839,4665,6615,289,0.6007414571244358,0.15243459302325582,0.7437943262411347,0.41356382978723405,0.586436170212766
6904,YKR103W YPR118W,0.0,NA,6.457003820514728e-08,839,4664,6616,289,0.6008220502901354,0.1524622932945666,0.7437943262411347,0.4134751773049645,0.5865248226950355
6905,YML127W YNL202W,0.0,NA,6.475824676499542e-08,839,4663,6617,289,0.600902643455835,0.1524900036350418,0.7437943262411347,0.41338652482269506,0.586613475177305
6906,YDR139C YOR283W,0.0,NA,6.490725468211167e-08,839,4662,6618,289,0.6009832366215345,0.1525177240501727,0.7437943262411347,0.41329787234042553,0.5867021276595744
6907,YDR204W YOR084W,0.0,NA,6.497997162568936e-08,839,4661,6619,289,0.601063829787234,0.15254545454545454,0.7437943262411347,0.413209219858156,0.5867907801418439
6908,YEL039C YKL077W,0.0,NA,6.503700689108882e-08,839,4660,6620,289,0.6011444229529336,0.15257319512638662,0.7437943262411347,0.41312056737588654,0.5868794326241135
6909,YER082C YDR496C,0.0,NA,6.58627854477345e-08,839,4659,6621,289,0.6012250161186331,0.15260094579847217,0.7437943262411347,0.413031914893617,0.586968085106383
6910,YOL090W YLR045C,0.0,NA,6.605476698950952e-08,839,4658,6622,289,0.6013056092843327,0.15262870656721847,0.7437943262411347,0.41294326241134754,0.5870567375886525
6911,YLR431C YOR051C,0.0,NA,6.60984937894682e-08,839,4657,6623,289,0.6013862024500323,0.15265647743813682,0.7437943262411347,0.412854609929078,0.587145390070922
6912,YDR405W YOR192C,0.0,NA,6.613633019014742e-08,839,4656,6624,289,0.6014667956157318,0.1526842584167425,0.7437943262411347,0.4127659574468085,0.5872340425531914
6913,YPL175W YER122C,0.0,NA,6.614794045844974e-08,839,4655,6625,289,0.6015473887814313,0.1527120495085548,0.7437943262411347,0.412677304964539,0.587322695035461
6914,YKL061W YPL057C,0.0,NA,6.629432647287103e-08,839,4654,6626,289,0.6016279819471309,0.15273985071909704,0.7437943262411347,0.4125886524822695,0.5874113475177305
6915,YJL174W YML091C,0.0,NA,6.651851691685806e-08,839,4653,6627,289,0.6017085751128304,0.15276766205389658,0.7437943262411347,0.4125,0.5875
6916,YDL106C YKR078W,0.0,NA,6.652549444652323e-08,839,4652,6628,289,0.60178916827853,0.1527954835184848,0.7437943262411347,0.4124113475177305,0.5875886524822695
6917,YJL109C YGR227W,0.0,NA,6.67596324888109e-08,839,4651,6629,289,0.6018697614442295,0.15282331511839709,0.7437943262411347,0.412322695035461,0.587677304964539
6918,YLR206W YDR385W,0.0,NA,6.702552468595968e-08,839,4650,6630,289,0.6019503546099291,0.1528511568591729,0.7437943262411347,0.4122340425531915,0.5877659574468085
6919,YJR144W YML114C,0.0,NA,6.709536393145754e-08,839,4649,6631,289,0.6020309477756286,0.15287900874635568,0.7437943262411347,0.412145390070922,0.587854609929078
6920,YNL135C YGR080W,0.0,NA,6.712313194157105e-08,839,4648,6632,289,0.6021115409413281,0.15290687078549298,0.7437943262411347,0.41205673758865247,0.5879432624113475
6921,YPL130W YDR377W,0.0,NA,6.719923106857095e-08,839,4647,6633,289,0.6021921341070278,0.15293474298213636,0.7437943262411347,0.411968085106383,0.5880319148936171
6922,YHR168W YDR311W,0.0,NA,6.727206880441372e-08,839,4646,6634,289,0.6022727272727273,0.15296262534184138,0.7437943262411347,0.4118794326241135,0.5881205673758865
6923,YKL146W YKR096W,0.0,NA,6.728515700160642e-08,839,4645,6635,289,0.6023533204384268,0.15299051787016776,0.7437943262411347,0.41179078014184395,0.588209219858156
6924,YPL081W YLR411W,0.0,NA,6.733869639674595e-08,839,4644,6636,289,0.6024339136041263,0.1530184205726792,0.7437943262411347,0.4117021276595745,0.5882978723404255
6925,YEL069C YFL029C,0.0,NA,6.742428837469561e-08,839,4643,6637,289,0.6025145067698259,0.15304633345494345,0.7437943262411347,0.41161347517730495,0.588386524822695
6926,YIL091C YPR151C,0.0,NA,6.751668735205385e-08,839,4642,6638,289,0.6025950999355255,0.1530742565225324,0.7437943262411347,0.4115248226950355,0.5884751773049646
6927,YMR095C YPR021C,0.0,NA,6.76255922371638e-08,839,4641,6639,289,0.602675693101225,0.15310218978102189,0.7437943262411347,0.41143617021276596,0.5885638297872341
6928,YCR066W YMR242C,0.0,NA,6.763411164456556e-08,839,4640,6640,289,0.6027562862669246,0.15313013323599198,0.7437943262411347,0.41134751773049644,0.5886524822695035
6929,YKR078W YDR385W,0.0,NA,6.771387717208199e-08,839,4639,6641,289,0.6028368794326241,0.15315808689302665,0.7437943262411347,0.41125886524822697,0.588741134751773
6930,YHR200W YNL191W,1.0,NA,6.779425376635118e-08,838,4639,6641,290,0.6027562862669246,0.15300346905240095,0.7429078014184397,0.41125886524822697,0.588741134751773
6931,YCR011C YOR357C,0.0,NA,6.794481066663138e-08,838,4638,6642,290,0.6028368794326241,0.15303140978816654,0.7429078014184397,0.41117021276595744,0.5888297872340426
6932,YCR037C YKR105C,0.0,NA,6.825369069929366e-08,838,4637,6643,290,0.6029174725983236,0.15305936073059362,0.7429078014184397,0.4110815602836879,0.5889184397163121
6933,YHR057C YJL225C,0.0,NA,6.871844959732698e-08,838,4636,6644,290,0.6029980657640233,0.15308732188527585,0.7429078014184397,0.41099290780141845,0.5890070921985816
6934,YBR044C YDR313C,0.0,NA,6.954174835982485e-08,838,4635,6645,290,0.6030786589297228,0.15311529325781106,0.7429078014184397,0.4109042553191489,0.589095744680851
6935,YEL003W YJL023C,0.0,NA,6.972875610244955e-08,838,4634,6646,290,0.6031592520954223,0.15314327485380116,0.7429078014184397,0.41081560283687946,0.5891843971631205
6936,YPR163C YIL013C,0.0,NA,6.974019584049529e-08,838,4633,6647,290,0.6032398452611218,0.15317126667885214,0.7429078014184397,0.41072695035460993,0.5892730496453901
6937,YMR310C YJR055W,0.0,NA,6.984269163012868e-08,838,4632,6648,290,0.6033204384268214,0.15319926873857403,0.7429078014184397,0.4106382978723404,0.5893617021276596
6938,YOR125C YDR011W,0.0,NA,6.99506799151095e-08,838,4631,6649,290,0.603401031592521,0.1532272810385811,0.7429078014184397,0.41054964539007094,0.5894503546099291
6939,YLR375W YIL013C,0.0,NA,6.999766100079796e-08,838,4630,6650,290,0.6034816247582205,0.15325530358449158,0.7429078014184397,0.4104609929078014,0.5895390070921985
6940,YPL190C YGR202C,0.0,NA,7.0194332124629e-08,838,4629,6651,290,0.6035622179239201,0.15328333638192793,0.7429078014184397,0.4103723404255319,0.589627659574468
6941,YER078C YKL134C,1.0,NA,7.022754289209843e-08,837,4629,6651,291,0.6034816247582205,0.1531284302963776,0.7420212765957447,0.4103723404255319,0.589627659574468
6942,YPR010C YKL183W,0.0,NA,7.03048712580312e-08,837,4628,6652,291,0.6035622179239201,0.15315645013723697,0.7420212765957447,0.4102836879432624,0.5897163120567376
6943,YMR184W YPR107C,0.0,NA,7.035208682282246e-08,837,4627,6653,291,0.6036428110896196,0.15318448023426062,0.7420212765957447,0.4101950354609929,0.5898049645390071
6944,YIL041W YOR298C-A,0.0,NA,7.067406215810479e-08,837,4626,6654,291,0.6037234042553191,0.15321252059308071,0.7420212765957447,0.4101063829787234,0.5898936170212766
6945,YNR030W YLR298C,0.0,NA,7.070710239531763e-08,837,4625,6655,291,0.6038039974210186,0.15324057121933357,0.7420212765957447,0.4100177304964539,0.5899822695035462
6946,YOR192C YKL162C,0.0,NA,7.082722675022524e-08,837,4624,6656,291,0.6038845905867183,0.1532686321186596,0.7420212765957447,0.4099290780141844,0.5900709219858156
6947,YBR008C YLL005C,0.0,NA,7.100319976416358e-08,837,4623,6657,291,0.6039651837524178,0.1532967032967033,0.7420212765957447,0.4098404255319149,0.5901595744680851
6948,YPL167C YKL201C,0.0,NA,7.107772859171746e-08,837,4622,6658,291,0.6040457769181173,0.1533247847591134,0.7420212765957447,0.4097517730496454,0.5902482269503546
6949,YPR103W YDR415C,1.0,NA,7.114662992080412e-08,836,4622,6658,292,0.6039651837524178,0.15316965921582998,0.7411347517730497,0.4097517730496454,0.5902482269503546
6950,YOR040W YBL075C,0.0,NA,7.120188172393682e-08,836,4621,6659,292,0.6040457769181173,0.15319772768920653,0.7411347517730497,0.40966312056737586,0.5903368794326241
6951,YHR033W YBR228W,0.0,NA,7.129007428829937e-08,836,4620,6660,292,0.6041263700838169,0.1532258064516129,0.7411347517730497,0.4095744680851064,0.5904255319148937
6952,YBR137W YPL149W,0.0,NA,7.1338767781981e-08,836,4619,6661,292,0.6042069632495164,0.1532538955087076,0.7411347517730497,0.40948581560283687,0.5905141843971631
6953,YOL128C YGL083W,0.0,NA,7.144048908003242e-08,836,4618,6662,292,0.604287556415216,0.1532819948661533,0.7411347517730497,0.4093971631205674,0.5906028368794326
6954,YDL174C YPL016W,0.0,NA,7.164872783960163e-08,836,4617,6663,292,0.6043681495809156,0.15331010452961671,0.7411347517730497,0.4093085106382979,0.5906914893617021
6955,YDL143W YIR014W,0.0,NA,7.196756968141926e-08,836,4616,6664,292,0.6044487427466151,0.1533382245047689,0.7411347517730497,0.40921985815602835,0.5907801418439717
6956,YMR023C YDR294C,0.0,NA,7.202181251386719e-08,836,4615,6665,292,0.6045293359123146,0.15336635479728492,0.7411347517730497,0.4091312056737589,0.5908687943262412
6957,YLR072W YKR105C,0.0,NA,7.209438024347037e-08,836,4614,6666,292,0.6046099290780141,0.15339449541284403,0.7411347517730497,0.40904255319148936,0.5909574468085106
6958,YPL115C YGR229C,0.0,NA,7.216289787947971e-08,836,4613,6667,292,0.6046905222437138,0.15342264635712974,0.7411347517730497,0.40895390070921983,0.5910460992907801
6959,YOR294W YOR145C,0.0,NA,7.221907338816891e-08,836,4612,6668,292,0.6047711154094133,0.15345080763582966,0.7411347517730497,0.40886524822695036,0.5911347517730496
6960,YGR227W YHR166C,0.0,NA,7.228798182268292e-08,836,4611,6669,292,0.6048517085751128,0.15347897925463558,0.7411347517730497,0.40877659574468084,0.5912234042553192
6961,YHL023C YDR451C,0.0,NA,7.240554822374179e-08,836,4610,6670,292,0.6049323017408124,0.1535071612192435,0.7411347517730497,0.40868794326241137,0.5913120567375887
6962,YLR144C YHR037W,0.0,NA,7.240665667040957e-08,836,4609,6671,292,0.6050128949065119,0.15353535353535352,0.7411347517730497,0.40859929078014184,0.5914007092198581
6963,YBR057C YMR031C,0.0,NA,7.259777135004697e-08,836,4608,6672,292,0.6050934880722115,0.1535635562086701,0.7411347517730497,0.4085106382978723,0.5914893617021276
6964,YMR264W YDR281C,0.0,NA,7.270612911725038e-08,836,4607,6673,292,0.605174081237911,0.1535917692449017,0.7411347517730497,0.40842198581560285,0.5915780141843971
6965,YER144C YER094C,1.0,NA,7.280048919255933e-08,835,4607,6673,293,0.6050934880722115,0.15343623667769202,0.7402482269503546,0.40842198581560285,0.5915780141843971
6966,YDR331W YER143W,1.0,NA,7.299222914980419e-08,834,4607,6673,294,0.6050128949065119,0.15328064693990076,0.7393617021276596,0.40842198581560285,0.5915780141843971
6967,YDR191W YGR211W,0.0,NA,7.307929195121687e-08,834,4606,6674,294,0.6050934880722115,0.15330882352941178,0.7393617021276596,0.4083333333333333,0.5916666666666667
6968,YJL002C YPL042C,0.0,NA,7.317888162106101e-08,834,4605,6675,294,0.605174081237911,0.1533370104798676,0.7393617021276596,0.40824468085106386,0.5917553191489362
6969,YPL233W YDL018C,0.0,NA,7.322496031747505e-08,834,4604,6676,294,0.6052546744036106,0.15336520779698418,0.7393617021276596,0.40815602836879433,0.5918439716312057
6970,YJL172W YKL134C,1.0,NA,7.33909288896939e-08,833,4604,6676,295,0.605174081237911,0.15320949052786464,0.7384751773049646,0.40815602836879433,0.5918439716312057
6971,YLR348C YDR212W,0.0,NA,7.350201514100263e-08,833,4603,6677,295,0.6052546744036106,0.15323767476085356,0.7384751773049646,0.4080673758865248,0.5919326241134751
6972,YLR045C YGR264C,0.0,NA,7.350594444233138e-08,833,4602,6678,295,0.6053352675693101,0.1532658693652254,0.7384751773049646,0.40797872340425534,0.5920212765957447
6973,YNR062C YBR111C,0.0,NA,7.377252586593386e-08,833,4601,6679,295,0.6054158607350096,0.15329407434670592,0.7384751773049646,0.4078900709219858,0.5921099290780142
6974,YHL018W YIL033C,0.0,NA,7.440503679845278e-08,833,4600,6680,295,0.6054964539007093,0.1533222897110252,0.7384751773049646,0.4078014184397163,0.5921985815602837
6975,YER025W YNL124W,0.0,NA,7.462647744205242e-08,833,4599,6681,295,0.6055770470664088,0.15335051546391754,0.7384751773049646,0.4077127659574468,0.5922872340425532
6976,YOR355W YMR137C,0.0,NA,7.462789852752394e-08,833,4598,6682,295,0.6056576402321083,0.15337875161112133,0.7384751773049646,0.4076241134751773,0.5923758865248226
6977,YGR098C YHR200W,1.0,NA,7.491012610216785e-08,832,4598,6682,296,0.6055770470664088,0.15322283609576426,0.7375886524822695,0.4076241134751773,0.5923758865248226
6978,YJL100W YPL149W,0.0,NA,7.519743405737245e-08,832,4597,6683,296,0.6056576402321083,0.15325105912691103,0.7375886524822695,0.4075354609929078,0.5924645390070922
6979,YER093C YDR427W,0.0,NA,7.531800605420358e-08,832,4596,6684,296,0.6057382333978079,0.15327929255711129,0.7375886524822695,0.4074468085106383,0.5925531914893617
6980,YIL109C YGR229C,0.0,NA,7.533697043982102e-08,832,4595,6685,296,0.6058188265635074,0.1533075363921135,0.7375886524822695,0.4073581560283688,0.5926418439716312
6981,YDR316W YDR536W,0.0,NA,7.540597835031804e-08,832,4594,6686,296,0.6058994197292069,0.15333579063767047,0.7375886524822695,0.4072695035460993,0.5927304964539007
6982,YDR137W YBR245C,0.0,NA,7.541662228049972e-08,832,4593,6687,296,0.6059800128949066,0.15336405529953917,0.7375886524822695,0.4071808510638298,0.5928191489361702
6983,YGR082W YAR066W,0.0,NA,7.552199576821295e-08,832,4592,6688,296,0.6060606060606061,0.15339233038348082,0.7375886524822695,0.40709219858156026,0.5929078014184397
6984,YDR283C YGR091W,0.0,NA,7.5663429299766e-08,832,4591,6689,296,0.6061411992263056,0.15342061589526093,0.7375886524822695,0.4070035460992908,0.5929964539007092
6985,YDR212W YOL139C,0.0,NA,7.575123106562387e-08,832,4590,6690,296,0.6062217923920051,0.1534489118406492,0.7375886524822695,0.40691489361702127,0.5930851063829787
6986,YKL221W YPL190C,0.0,NA,7.613101615788764e-08,832,4589,6691,296,0.6063023855577047,0.15347721822541965,0.7375886524822695,0.4068262411347518,0.5931737588652483
6987,YHL044W YCR068W,0.0,NA,7.689938996691126e-08,832,4588,6692,296,0.6063829787234043,0.15350553505535056,0.7375886524822695,0.4067375886524823,0.5932624113475178
6988,YER139C YGR214W,0.0,NA,7.697349246882368e-08,832,4587,6693,296,0.6064635718891038,0.1535338623362244,0.7375886524822695,0.40664893617021275,0.5933510638297872
6989,YDR520C YBR214W,0.0,NA,7.701182624941794e-08,832,4586,6694,296,0.6065441650548034,0.15356220007382798,0.7375886524822695,0.4065602836879433,0.5934397163120567
6990,YMR142C YDL207W,0.0,NA,7.719962979990669e-08,832,4585,6695,296,0.6066247582205029,0.15359054827395238,0.7375886524822695,0.40647163120567376,0.5935283687943262
6991,YML082W YBL079W,0.0,NA,7.722952233280012e-08,832,4584,6696,296,0.6067053513862024,0.1536189069423929,0.7375886524822695,0.40638297872340423,0.5936170212765958
6992,YDR283C YNL309W,0.0,NA,7.734834639450128e-08,832,4583,6697,296,0.606785944551902,0.1536472760849492,0.7375886524822695,0.40629432624113476,0.5937056737588653
6993,YHR110W YHR053C,0.0,NA,7.737386908956978e-08,832,4582,6698,296,0.6068665377176016,0.1536756557074252,0.7375886524822695,0.40620567375886524,0.5937943262411347
6994,YLR265C YLR315W,0.0,NA,7.757024889087916e-08,832,4581,6699,296,0.6069471308833011,0.15370404581562905,0.7375886524822695,0.40611702127659577,0.5938829787234042
6995,YHR168W YPL265W,0.0,NA,7.76082842435244e-08,832,4580,6700,296,0.6070277240490006,0.15373244641537326,0.7375886524822695,0.40602836879432624,0.5939716312056738
6996,YLR332W YBR275C,0.0,NA,7.802491097663733e-08,832,4579,6701,296,0.6071083172147002,0.1537608575124746,0.7375886524822695,0.4059397163120567,0.5940602836879433
6997,YPL241C YER070W,0.0,NA,7.814659142013625e-08,832,4578,6702,296,0.6071889103803998,0.15378927911275417,0.7375886524822695,0.40585106382978725,0.5941489361702128
6998,YOR307C YDR294C,0.0,NA,7.820563752147791e-08,832,4577,6703,296,0.6072695035460993,0.15381771122203736,0.7375886524822695,0.4057624113475177,0.5942375886524822
6999,YOR228C YNL062C,0.0,NA,7.821503089644466e-08,832,4576,6704,296,0.6073500967117988,0.15384615384615385,0.7375886524822695,0.4056737588652482,0.5943262411347517
7000,YLR284C YDR192C,0.0,NA,7.823950198826424e-08,832,4575,6705,296,0.6074306898774984,0.15387460699093766,0.7375886524822695,0.40558510638297873,0.5944148936170213
7001,YGR120C YHR166C,0.0,NA,7.825905612435236e-08,832,4574,6706,296,0.6075112830431979,0.15390307066222716,0.7375886524822695,0.4054964539007092,0.5945035460992908
7002,YGR179C YNL210W,0.0,NA,7.832984039168878e-08,832,4573,6707,296,0.6075918762088974,0.15393154486586494,0.7375886524822695,0.40540780141843974,0.5945921985815603
7003,YCL031C YJL210W,0.0,NA,7.839351212624024e-08,832,4572,6708,296,0.6076724693745971,0.153960029607698,0.7375886524822695,0.4053191489361702,0.5946808510638298
7004,YGR006W YDR422C,0.0,NA,7.931971168773089e-08,832,4571,6709,296,0.6077530625402966,0.15398852489357764,0.7375886524822695,0.4052304964539007,0.5947695035460993
7005,YLR240W YFL033C,0.0,NA,7.987095074213357e-08,832,4570,6710,296,0.6078336557059961,0.1540170307293595,0.7375886524822695,0.4051418439716312,0.5948581560283688
7006,YJL011C YFR048W,0.0,NA,7.988115413581909e-08,832,4569,6711,296,0.6079142488716957,0.15404554712090354,0.7375886524822695,0.4050531914893617,0.5949468085106383
7007,YLR332W YHL011C,0.0,NA,7.989761741100665e-08,832,4568,6712,296,0.6079948420373952,0.15407407407407409,0.7375886524822695,0.4049645390070922,0.5950354609929078
7008,YLR209C YLR223C,0.0,NA,8.005244467312878e-08,832,4567,6713,296,0.6080754352030948,0.15410261159473976,0.7375886524822695,0.4048758865248227,0.5951241134751774
7009,YER143W YJL172W,1.0,NA,8.005854823522895e-08,831,4567,6713,297,0.6079948420373952,0.15394590589107077,0.7367021276595744,0.4048758865248227,0.5951241134751774
7010,YOR393W YMR156C,0.0,NA,8.046099964076348e-08,831,4566,6714,297,0.6080754352030948,0.1539744302390217,0.7367021276595744,0.4047872340425532,0.5952127659574468
7011,YNL310C YNL024C,0.0,NA,8.04834172640767e-08,831,4565,6715,297,0.6081560283687943,0.1540029651593773,0.7367021276595744,0.4046985815602837,0.5953014184397163
7012,YIR014W YDR335W,0.0,NA,8.078717428361415e-08,831,4564,6716,297,0.6082366215344939,0.15403151065801668,0.7367021276595744,0.4046099290780142,0.5953900709219858
7013,YNL210W YER067W,0.0,NA,8.086008307373049e-08,831,4563,6717,297,0.6083172147001934,0.15406006674082315,0.7367021276595744,0.40452127659574466,0.5954787234042553
7014,YLR137W YCR033W,0.0,NA,8.092180081575862e-08,831,4562,6718,297,0.6083978078658929,0.1540886334136844,0.7367021276595744,0.4044326241134752,0.5955673758865249
7015,YFL027C YHR021W-A,0.0,NA,8.095977932498499e-08,831,4561,6719,297,0.6084784010315926,0.1541172106824926,0.7367021276595744,0.40434397163120567,0.5956560283687943
7016,YMR235C YGL240W,0.0,NA,8.106361093496162e-08,831,4560,6720,297,0.6085589941972921,0.15414579855314414,0.7367021276595744,0.40425531914893614,0.5957446808510638
7017,YPR137W YKL096W,0.0,NA,8.108557381092396e-08,831,4559,6721,297,0.6086395873629916,0.1541743970315399,0.7367021276595744,0.4041666666666667,0.5958333333333333
7018,YNL239W YJL172W,1.0,NA,8.165375930957453e-08,830,4559,6721,298,0.6085589941972921,0.15401744293932085,0.7358156028368794,0.4041666666666667,0.5958333333333333
7019,YNR076W YGR042W,0.0,NA,8.177720189905813e-08,830,4558,6722,298,0.6086395873629916,0.1540460282108389,0.7358156028368794,0.40407801418439715,0.5959219858156029
7020,YDR324C YKL201C,0.0,NA,8.189660860580261e-08,830,4557,6723,298,0.6087201805286911,0.15407462409504363,0.7358156028368794,0.4039893617021277,0.5960106382978724
7021,YLR144C YGL029W,0.0,NA,8.192863987233068e-08,830,4556,6724,298,0.6088007736943907,0.15410323059784628,0.7358156028368794,0.40390070921985816,0.5960992907801419
7022,YOR192C YMR125W,0.0,NA,8.19311338773332e-08,830,4555,6725,298,0.6088813668600903,0.1541318477251625,0.7358156028368794,0.40381205673758863,0.5961879432624113
7023,YLR209C YKR020W,0.0,NA,8.197756784511512e-08,830,4554,6726,298,0.6089619600257898,0.15416047548291234,0.7358156028368794,0.40372340425531916,0.5962765957446808
7024,YLR057W YNL273W,0.0,NA,8.208896673522759e-08,830,4553,6727,298,0.6090425531914894,0.15418911387702025,0.7358156028368794,0.40363475177304964,0.5963652482269504
7025,YJL201W YOL017W,0.0,NA,8.21306258558252e-08,830,4552,6728,298,0.6091231463571889,0.15421776291341507,0.7358156028368794,0.40354609929078017,0.5964539007092199
7026,YDL147W YBR250W,0.0,NA,8.237253723564208e-08,830,4551,6729,298,0.6092037395228884,0.15424642259803012,0.7358156028368794,0.40345744680851064,0.5965425531914894
7027,YFL033C YLR227C,0.0,NA,8.272412088672354e-08,830,4550,6730,298,0.6092843326885881,0.15427509293680297,0.7358156028368794,0.4033687943262411,0.5966312056737588
7028,YNL068C YDL018C,0.0,NA,8.307340237934113e-08,830,4549,6731,298,0.6093649258542876,0.15430377393567576,0.7358156028368794,0.40328014184397165,0.5967198581560283
7029,YNL039W YGR056W,0.0,NA,8.315266342151517e-08,830,4548,6732,298,0.6094455190199871,0.15433246560059502,0.7358156028368794,0.4031914893617021,0.5968085106382979
7030,YDR379W YLR142W,0.0,NA,8.327010903030896e-08,830,4547,6733,298,0.6095261121856866,0.15436116793751162,0.7358156028368794,0.4031028368794326,0.5968971631205674
7031,YBL047C YBR104W,0.0,NA,8.376088800332582e-08,830,4546,6734,298,0.6096067053513862,0.15438988095238096,0.7358156028368794,0.40301418439716313,0.5969858156028369
7032,YBL079W YMR301C,0.0,NA,8.393425332542392e-08,830,4545,6735,298,0.6096872985170857,0.15441860465116278,0.7358156028368794,0.4029255319148936,0.5970744680851063
7033,YHL023C YPL121C,0.0,NA,8.406514950820565e-08,830,4544,6736,298,0.6097678916827853,0.15444733903982136,0.7358156028368794,0.40283687943262414,0.5971631205673759
7034,YJR144W YPL103C,0.0,NA,8.413508112425916e-08,830,4543,6737,298,0.6098484848484849,0.15447608412432534,0.7358156028368794,0.4027482269503546,0.5972517730496454
7035,YAL048C YGL009C,0.0,NA,8.415290864149938e-08,830,4542,6738,298,0.6099290780141844,0.1545048399106478,0.7358156028368794,0.4026595744680851,0.5973404255319149
7036,YIL041W YKR070W,0.0,NA,8.43413872075871e-08,830,4541,6739,298,0.6100096711798839,0.15453360640476635,0.7358156028368794,0.4025709219858156,0.5974290780141844
7037,YNL304W YJL053W,0.0,NA,8.437534404492908e-08,830,4540,6740,298,0.6100902643455834,0.15456238361266295,0.7358156028368794,0.4024822695035461,0.5975177304964538
7038,YOR193W YOR204W,0.0,NA,8.448516553016816e-08,830,4539,6741,298,0.6101708575112831,0.1545911715403241,0.7358156028368794,0.4023936170212766,0.5976063829787234
7039,YGR120C YHR105W,0.0,NA,8.489400471489716e-08,830,4538,6742,298,0.6102514506769826,0.15461997019374069,0.7358156028368794,0.4023049645390071,0.5976950354609929
7040,YNL281W YJR135W-A,0.0,NA,8.519539562712453e-08,830,4537,6743,298,0.6103320438426821,0.15464877957890813,0.7358156028368794,0.4022163120567376,0.5977836879432624
7041,YOL045W YDR520C,0.0,NA,8.52387884719974e-08,830,4536,6744,298,0.6104126370083817,0.15467759970182632,0.7358156028368794,0.4021276595744681,0.597872340425532
7042,YAL061W YKL132C,0.0,NA,8.527960915216681e-08,830,4535,6745,298,0.6104932301740812,0.15470643056849953,0.7358156028368794,0.4020390070921986,0.5979609929078015
7043,YBR220C YBR266C,0.0,NA,8.544665774934401e-08,830,4534,6746,298,0.6105738233397808,0.1547352721849366,0.7358156028368794,0.40195035460992906,0.5980496453900709
7044,YJL210W YPL042C,0.0,NA,8.578435739536872e-08,830,4533,6747,298,0.6106544165054804,0.15476412455715086,0.7358156028368794,0.4018617021276596,0.5981382978723404
7045,YGL222C YER170W,0.0,NA,8.633161030502379e-08,830,4532,6748,298,0.6107350096711799,0.15479298769116,0.7358156028368794,0.40177304964539007,0.5982269503546099
7046,YGR277C YHL037C,0.0,NA,8.655237593302445e-08,830,4531,6749,298,0.6108156028368794,0.1548218615929864,0.7358156028368794,0.40168439716312054,0.5983156028368795
7047,YOR061W YKL184W,0.0,NA,8.65598082100405e-08,830,4530,6750,298,0.6108961960025789,0.15485074626865672,0.7358156028368794,0.4015957446808511,0.598404255319149
7048,YMR060C YJR098C,0.0,NA,8.668570217196248e-08,830,4529,6751,298,0.6109767891682786,0.15487964172420227,0.7358156028368794,0.40150709219858155,0.5984929078014184
7049,YAL063C YLR431C,0.0,NA,8.670372153574135e-08,830,4528,6752,298,0.6110573823339781,0.15490854796565884,0.7358156028368794,0.4014184397163121,0.5985815602836879
7050,YDL188C YKR049C,0.0,NA,8.684143182335902e-08,830,4527,6753,298,0.6111379754996776,0.15493746499906663,0.7358156028368794,0.40132978723404256,0.5986702127659574
7051,YLR238W YDL211C,0.0,NA,8.68608083237632e-08,830,4526,6754,298,0.6112185686653772,0.1549663928304705,0.7358156028368794,0.40124113475177303,0.598758865248227
7052,YGL191W YDR228C,0.0,NA,8.710801324696149e-08,830,4525,6755,298,0.6112991618310767,0.1549953314659197,0.7358156028368794,0.40115248226950356,0.5988475177304965
7053,YGR144W YDR311W,0.0,NA,8.747996815827719e-08,830,4524,6756,298,0.6113797549967763,0.15502428091146805,0.7358156028368794,0.40106382978723404,0.5989361702127659
7054,YDR257C YNL146W,0.0,NA,8.752119384780599e-08,830,4523,6757,298,0.6114603481624759,0.15505324117317393,0.7358156028368794,0.4009751773049645,0.5990248226950354
7055,YGR084C YML002W,0.0,NA,8.801487183518475e-08,830,4522,6758,298,0.6115409413281754,0.15508221225710014,0.7358156028368794,0.40088652482269505,0.599113475177305
7056,YPR003C YMR003W,0.0,NA,8.804122586525409e-08,830,4521,6759,298,0.6116215344938749,0.15511119416931415,0.7358156028368794,0.4007978723404255,0.5992021276595745
7057,YGR142W YDR447C,0.0,NA,8.812876473029974e-08,830,4520,6760,298,0.6117021276595744,0.15514018691588785,0.7358156028368794,0.40070921985815605,0.599290780141844
7058,YJL113W YLR163C,1.0,NA,8.817718821774179e-08,829,4520,6760,299,0.6116215344938749,0.15498223967096653,0.7349290780141844,0.40070921985815605,0.599290780141844
7059,YGL178W YGR088W,0.0,NA,8.822631514249224e-08,829,4519,6761,299,0.6117021276595744,0.1550112191473448,0.7349290780141844,0.4006205673758865,0.5993794326241135
7060,YOL161C YML102W,0.0,NA,8.837940868033911e-08,829,4518,6762,299,0.611782720825274,0.15504020946325042,0.7349290780141844,0.400531914893617,0.5994680851063829
7061,YHR138C YDR338C,0.0,NA,8.842459919833345e-08,829,4517,6763,299,0.6118633139909736,0.15506921062476617,0.7349290780141844,0.40044326241134753,0.5995567375886525
7062,YDR394W YGL203C,1.0,NA,8.849191601711937e-08,828,4517,6763,300,0.611782720825274,0.154911131898971,0.7340425531914894,0.40044326241134753,0.5995567375886525
7063,YDR299W YGL012W,0.0,NA,8.857550426455418e-08,828,4516,6764,300,0.6118633139909736,0.15494011976047903,0.7340425531914894,0.400354609929078,0.599645390070922
7064,YBL097W YBR201W,0.0,NA,8.888860492106687e-08,828,4515,6765,300,0.6119439071566731,0.15496911847276812,0.7340425531914894,0.4002659574468085,0.5997340425531915
7065,YKL207W YDR315C,0.0,NA,8.916147464788082e-08,828,4514,6766,300,0.6120245003223727,0.15499812804193186,0.7340425531914894,0.400177304964539,0.599822695035461
7066,YFL001W YDR528W,0.0,NA,8.927566597094483e-08,828,4513,6767,300,0.6121050934880722,0.15502714847406854,0.7340425531914894,0.4000886524822695,0.5999113475177305
7067,YKR096W YOL070C,0.0,NA,8.930955175401323e-08,828,4512,6768,300,0.6121856866537717,0.1550561797752809,0.7340425531914894,0.4,0.6
7068,YKL072W YNL052W,0.0,NA,8.936083872868039e-08,828,4511,6769,300,0.6122662798194713,0.15508522195167634,0.7340425531914894,0.3999113475177305,0.6000886524822695
7069,YDL104C YBL067C,1.0,NA,9.036350689939354e-08,827,4511,6769,301,0.6121856866537717,0.15492693892843762,0.7331560283687943,0.3999113475177305,0.6000886524822695
7070,YNL053W YLR262C,0.0,NA,9.055899852228322e-08,827,4510,6770,301,0.6122662798194713,0.15495596777215664,0.7331560283687943,0.399822695035461,0.600177304964539
7071,YOL017W YLR223C,0.0,NA,9.108596543683234e-08,827,4509,6771,301,0.6123468729851709,0.15498500749625188,0.7331560283687943,0.3997340425531915,0.6002659574468086
7072,YPL274W YKL219W,0.0,NA,9.114748422689445e-08,827,4508,6772,301,0.6124274661508704,0.1550140581068416,0.7331560283687943,0.399645390070922,0.600354609929078
7073,YBR173C YIR014W,0.0,NA,9.1415259362293e-08,827,4507,6773,301,0.6125080593165699,0.15504311961004874,0.7331560283687943,0.39955673758865246,0.6004432624113475
7074,YOR119C YGL257C,0.0,NA,9.172229908926965e-08,827,4506,6774,301,0.6125886524822695,0.15507219201200076,0.7331560283687943,0.399468085106383,0.600531914893617
7075,YJR135W-A YAL042W,0.0,NA,9.176307003144757e-08,827,4505,6775,301,0.6126692456479691,0.1551012753188297,0.7331560283687943,0.39937943262411346,0.6006205673758865
7076,YOR145C YOR138C,0.0,NA,9.233155395804715e-08,827,4504,6776,301,0.6127498388136686,0.1551303695366723,0.7331560283687943,0.399290780141844,0.6007092198581561
7077,YJR041C YGL002W,0.0,NA,9.26160552694455e-08,827,4503,6777,301,0.6128304319793682,0.1551594746716698,0.7331560283687943,0.39920212765957447,0.6007978723404256
7078,YCR037C YEL018W,0.0,NA,9.291365898889126e-08,827,4502,6778,301,0.6129110251450677,0.1551885907299681,0.7331560283687943,0.39911347517730494,0.600886524822695
7079,YNL051W YEL012W,0.0,NA,9.31375794266387e-08,827,4501,6779,301,0.6129916183107672,0.15521771771771772,0.7331560283687943,0.3990248226950355,0.6009751773049645
7080,YML004C YEL072W,0.0,NA,9.336702078144299e-08,827,4500,6780,301,0.6130722114764668,0.15524685564107377,0.7331560283687943,0.39893617021276595,0.601063829787234
7081,YDR415C YFR052W,1.0,NA,9.343418128082703e-08,826,4500,6780,302,0.6129916183107672,0.15508824633871574,0.7322695035460993,0.39893617021276595,0.601063829787234
7082,YOR075W YJR098C,0.0,NA,9.382635823840246e-08,826,4499,6781,302,0.6130722114764668,0.15511737089201877,0.7322695035460993,0.3988475177304965,0.6011524822695036
7083,YCR066W YER100W,0.0,NA,9.41432887202609e-08,826,4498,6782,302,0.6131528046421664,0.1551465063861758,0.7322695035460993,0.39875886524822696,0.6012411347517731
7084,YLR371W YBL040C,0.0,NA,9.437845704951542e-08,826,4497,6783,302,0.6132333978078659,0.155175652827353,0.7322695035460993,0.39867021276595743,0.6013297872340425
7085,YOR347C YGR048W,0.0,NA,9.442850767982236e-08,826,4496,6784,302,0.6133139909735654,0.15520481022172117,0.7322695035460993,0.39858156028368796,0.601418439716312
7086,YDR038C YLR430W,0.0,NA,9.447192894640466e-08,826,4495,6785,302,0.613394584139265,0.15523397857545573,0.7322695035460993,0.39849290780141844,0.6015070921985816
7087,YIL108W YER151C,1.0,NA,9.492710262293258e-08,825,4495,6785,303,0.6133139909735654,0.1550751879699248,0.7313829787234043,0.39849290780141844,0.6015070921985816
7088,YOR014W YKL201C,0.0,NA,9.507350995363595e-08,825,4494,6786,303,0.613394584139265,0.1551043429216018,0.7313829787234043,0.3984042553191489,0.6015957446808511
7089,YDR212W YBR038W,0.0,NA,9.561105684952054e-08,825,4493,6787,303,0.6134751773049646,0.155133508837909,0.7313829787234043,0.39831560283687945,0.6016843971631206
7090,YML023C YHR055C,0.0,NA,9.56296659637701e-08,825,4492,6788,303,0.6135557704706641,0.15516268572503292,0.7313829787234043,0.3982269503546099,0.60177304964539
7091,YPL007C YDL241W,0.0,NA,9.591024507926704e-08,825,4491,6789,303,0.6136363636363636,0.15519187358916478,0.7313829787234043,0.39813829787234045,0.6018617021276595
7092,YKL127W YML094W,0.0,NA,9.600888972727262e-08,825,4490,6790,303,0.6137169568020632,0.15522107243650046,0.7313829787234043,0.3980496453900709,0.6019503546099291
7093,YBR220C YPL219W,0.0,NA,9.612414686444026e-08,825,4489,6791,303,0.6137975499677627,0.1552502822732405,0.7313829787234043,0.3979609929078014,0.6020390070921986
7094,YBR085W YPL215W,0.0,NA,9.628470110101262e-08,825,4488,6792,303,0.6138781431334622,0.15527950310559005,0.7313829787234043,0.39787234042553193,0.6021276595744681
7095,YGR261C YDR363W-A,0.0,NA,9.632566388972919e-08,825,4487,6793,303,0.6139587362991619,0.15530873493975902,0.7313829787234043,0.3977836879432624,0.6022163120567375
7096,YDR346C YDL238C,0.0,NA,9.637804510020942e-08,825,4486,6794,303,0.6140393294648614,0.15533797778196196,0.7313829787234043,0.3976950354609929,0.6023049645390071
7097,YMR179W YOR172W,0.0,NA,9.66678186387071e-08,825,4485,6795,303,0.6141199226305609,0.1553672316384181,0.7313829787234043,0.3976063829787234,0.6023936170212766
7098,YLR332W YDL018C,0.0,NA,9.680601920081244e-08,825,4484,6796,303,0.6142005157962604,0.15539649651535128,0.7313829787234043,0.3975177304964539,0.6024822695035461
7099,YDL076C YMR313C,0.0,NA,9.705339465426732e-08,825,4483,6797,303,0.61428110896196,0.1554257724189902,0.7313829787234043,0.3974290780141844,0.6025709219858156
7100,YDR013W YHR063C,0.0,NA,9.711394000078144e-08,825,4482,6798,303,0.6143617021276596,0.1554550593555681,0.7313829787234043,0.3973404255319149,0.6026595744680852
7101,YJR098C YDL238C,0.0,NA,9.720974958327133e-08,825,4481,6799,303,0.6144422952933591,0.15548435733132304,0.7313829787234043,0.3972517730496454,0.6027482269503546
7102,YJL172W YFR018C,1.0,NA,9.722050720029074e-08,824,4481,6799,304,0.6143617021276596,0.15532516493873705,0.7304964539007093,0.3972517730496454,0.6027482269503546
7103,YMR235C YLR105C,0.0,NA,9.7335359328099e-08,824,4480,6800,304,0.6144422952933591,0.15535444947209653,0.7304964539007093,0.3971631205673759,0.6028368794326241
7104,YMR134W YPL199C,0.0,NA,9.757420826872476e-08,824,4479,6801,304,0.6145228884590587,0.1553837450499717,0.7304964539007093,0.3970744680851064,0.6029255319148936
7105,YHR064C YOR125C,0.0,NA,9.767793329729102e-08,824,4478,6802,304,0.6146034816247582,0.15541305167861186,0.7304964539007093,0.39698581560283686,0.6030141843971631
7106,YOR077W YLR137W,0.0,NA,9.804357858911317e-08,824,4477,6803,304,0.6146840747904577,0.1554423693642709,0.7304964539007093,0.3968971631205674,0.6031028368794327
7107,YFL031W YGL261C,0.0,NA,9.846186799222778e-08,824,4476,6804,304,0.6147646679561574,0.15547169811320755,0.7304964539007093,0.39680851063829786,0.6031914893617021
7108,YDR323C YNR030W,0.0,NA,9.880803020223539e-08,824,4475,6805,304,0.6148452611218569,0.1555010379316852,0.7304964539007093,0.3967198581560284,0.6032801418439716
7109,YNL271C YMR173W,0.0,NA,9.887494911708927e-08,824,4474,6806,304,0.6149258542875564,0.15553038882597206,0.7304964539007093,0.39663120567375887,0.6033687943262411
7110,YDL025C YML004C,0.0,NA,9.892551133816596e-08,824,4473,6807,304,0.6150064474532559,0.15555975080234094,0.7304964539007093,0.39654255319148934,0.6034574468085107
7111,YLR261C YIL009C-A,0.0,NA,9.894210961647332e-08,824,4472,6808,304,0.6150870406189555,0.1555891238670695,0.7304964539007093,0.3964539007092199,0.6035460992907802
7112,YDR034C YCR028C,0.0,NA,9.894306174373924e-08,824,4471,6809,304,0.6151676337846551,0.15561850802644003,0.7304964539007093,0.39636524822695035,0.6036347517730496
7113,YGR216C YNL131W,0.0,NA,9.900402631046745e-08,824,4470,6810,304,0.6152482269503546,0.1556479032867397,0.7304964539007093,0.3962765957446808,0.6037234042553191
7114,YNL239W YER078C,1.0,NA,9.948218604449721e-08,823,4470,6810,305,0.6151676337846551,0.1554883808804081,0.7296099290780141,0.3962765957446808,0.6037234042553191
7115,YER151C YPR024W,1.0,NA,9.970386116719965e-08,822,4470,6810,306,0.6150870406189555,0.15532879818594103,0.7287234042553191,0.3962765957446808,0.6037234042553191
7116,YHR200W YGL203C,1.0,NA,9.974932169143358e-08,821,4470,6810,307,0.6150064474532559,0.15516915516915517,0.7278368794326241,0.3962765957446808,0.6037234042553191
7117,YDR229W YKL096W,0.0,NA,9.989726379444619e-08,821,4469,6811,307,0.6150870406189555,0.1551984877126654,0.7278368794326241,0.39618794326241136,0.6038120567375886
7118,YOR204W YOL091W,0.0,NA,1.001162459601801e-07,821,4468,6812,307,0.6151676337846551,0.15522783134808094,0.7278368794326241,0.39609929078014183,0.6039007092198582
7119,YPL233W YNL148C,0.0,NA,1.002471279321071e-07,821,4467,6813,307,0.6152482269503546,0.1552571860816944,0.7278368794326241,0.39601063829787236,0.6039893617021277
7120,YDL015C YGR262C,0.0,NA,1.0027371644127925e-07,821,4466,6814,307,0.6153288201160542,0.15528655191980328,0.7278368794326241,0.39592198581560284,0.6040780141843972
7121,YNL194C YPL158C,0.0,NA,1.0036766440180145e-07,821,4465,6815,307,0.6154094132817537,0.1553159288687098,0.7278368794326241,0.3958333333333333,0.6041666666666666
7122,YOR196C YHR002W,0.0,NA,1.004069218879522e-07,821,4464,6816,307,0.6154900064474532,0.1553453169347209,0.7278368794326241,0.39574468085106385,0.6042553191489362
7123,YNR073C YJR041C,0.0,NA,1.0058786870104086e-07,821,4463,6817,307,0.6155705996131529,0.15537471612414838,0.7278368794326241,0.3956560283687943,0.6043439716312057
7124,YER087C-A YNL107W,0.0,NA,1.0083008561423412e-07,821,4462,6818,307,0.6156511927788524,0.15540412644330873,0.7278368794326241,0.3955673758865248,0.6044326241134752
7125,YDR479C YLR116W,0.0,NA,1.009430405929379e-07,821,4461,6819,307,0.6157317859445519,0.1554335478985233,0.7278368794326241,0.39547872340425533,0.6045212765957447
7126,YDL006W YJR118C,0.0,NA,1.0096557190308886e-07,821,4460,6820,307,0.6158123791102514,0.15546298049611815,0.7278368794326241,0.3953900709219858,0.6046099290780141
7127,YML091C YHR055C,0.0,NA,1.0138644768176164e-07,821,4459,6821,307,0.615892972275951,0.15549242424242424,0.7278368794326241,0.39530141843971633,0.6046985815602837
7128,YBR044C YDL015C,0.0,NA,1.014214632277799e-07,821,4458,6822,307,0.6159735654416505,0.15552187914377724,0.7278368794326241,0.3952127659574468,0.6047872340425532
7129,YNL181W YGL044C,0.0,NA,1.0156064433886058e-07,821,4457,6823,307,0.6160541586073501,0.15555134520651762,0.7278368794326241,0.3951241134751773,0.6048758865248227
7130,YJR120W YOL012C,0.0,NA,1.015664565784391e-07,821,4456,6824,307,0.6161347517730497,0.1555808224369907,0.7278368794326241,0.3950354609929078,0.6049645390070922
7131,YOR194C YOL039W,0.0,NA,1.0179434184465208e-07,821,4455,6825,307,0.6162153449387492,0.15561031084154664,0.7278368794326241,0.3949468085106383,0.6050531914893617
7132,YNR073C YCR041W,0.0,NA,1.0199762101592569e-07,821,4454,6826,307,0.6162959381044487,0.1556398104265403,0.7278368794326241,0.39485815602836877,0.6051418439716312
7133,YOR120W YGR220C,0.0,NA,1.0245544501685799e-07,821,4453,6827,307,0.6163765312701482,0.15566932119833143,0.7278368794326241,0.3947695035460993,0.6052304964539007
7134,YIL108W YFR006W,1.0,NA,1.0248065507312276e-07,820,4453,6827,308,0.6162959381044487,0.1555091978001138,0.7269503546099291,0.3947695035460993,0.6052304964539007
7135,YDR034C YFL027C,0.0,NA,1.0277858564222697e-07,820,4452,6828,308,0.6163765312701482,0.15553869499241274,0.7269503546099291,0.3946808510638298,0.6053191489361702
7136,YDR377W YDR227W,0.0,NA,1.0292865937344686e-07,820,4451,6829,308,0.6164571244358479,0.1555682033769683,0.7269503546099291,0.3945921985815603,0.6054078014184398
7137,YPR118W YOL052C,0.0,NA,1.030885954378391e-07,820,4450,6830,308,0.6165377176015474,0.1555977229601518,0.7269503546099291,0.3945035460992908,0.6054964539007093
7138,YOR298C-A YAL047C,0.0,NA,1.0326925803383347e-07,820,4449,6831,308,0.6166183107672469,0.15562725374833936,0.7269503546099291,0.39441489361702126,0.6055851063829787
7139,YLR105C YBR168W,0.0,NA,1.0336069067307108e-07,820,4448,6832,308,0.6166989039329465,0.1556567957479119,0.7269503546099291,0.3943262411347518,0.6056737588652482
7140,YDL223C YPL062W,0.0,NA,1.035023302620175e-07,820,4447,6833,308,0.616779497098646,0.15568634896525535,0.7269503546099291,0.39423758865248226,0.6057624113475177
7141,YAL013W YPR021C,0.0,NA,1.035331322896127e-07,820,4446,6834,308,0.6168600902643456,0.15571591340676036,0.7269503546099291,0.3941489361702128,0.6058510638297873
7142,YOR393W YGL094C,0.0,NA,1.0355742574574833e-07,820,4445,6835,308,0.6169406834300452,0.1557454890788224,0.7269503546099291,0.39406028368794327,0.6059397163120568
7143,YNL044W YNL201C,0.0,NA,1.0367858038762279e-07,820,4444,6836,308,0.6170212765957447,0.15577507598784193,0.7269503546099291,0.39397163120567374,0.6060283687943262
7144,YKR035W-A YIL013C,0.0,NA,1.0381135240322692e-07,820,4443,6837,308,0.6171018697614442,0.1558046741402242,0.7269503546099291,0.3938829787234043,0.6061170212765957
7145,YPR026W YMR125W,0.0,NA,1.038751378246161e-07,820,4442,6838,308,0.6171824629271437,0.15583428354237933,0.7269503546099291,0.39379432624113475,0.6062056737588652
7146,YDL176W YLR117C,0.0,NA,1.0431510588659876e-07,820,4441,6839,308,0.6172630560928434,0.1558639042007223,0.7269503546099291,0.3937056737588652,0.6062943262411348
7147,YOR355W YGL073W,0.0,NA,1.0432943042815168e-07,820,4440,6840,308,0.6173436492585429,0.155893536121673,0.7269503546099291,0.39361702127659576,0.6063829787234043
7148,YPR144C YMR134W,0.0,NA,1.0485750578936859e-07,820,4439,6841,308,0.6174242424242424,0.1559231793116562,0.7269503546099291,0.39352836879432623,0.6064716312056737
7149,YCR031C YBR213W,0.0,NA,1.0497155500388544e-07,820,4438,6842,308,0.617504835589942,0.15595283377710156,0.7269503546099291,0.39343971631205676,0.6065602836879432
7150,YNL119W YDR219C,0.0,NA,1.0509777581546587e-07,820,4437,6843,308,0.6175854287556415,0.1559824995244436,0.7269503546099291,0.39335106382978724,0.6066489361702128
7151,YDR394W YKL134C,1.0,NA,1.0524782823040368e-07,819,4437,6843,309,0.617504835589942,0.1558219178082192,0.726063829787234,0.39335106382978724,0.6066489361702128
7152,YDR479C YKL146W,0.0,NA,1.0548536266696829e-07,819,4436,6844,309,0.6175854287556415,0.15585156993339677,0.726063829787234,0.3932624113475177,0.6067375886524823
7153,YKL209C YDR454C,0.0,NA,1.0548939144428005e-07,819,4435,6845,309,0.6176660219213411,0.15588123334602208,0.726063829787234,0.39317375886524825,0.6068262411347518
7154,YER059W YDR501W,0.0,NA,1.056585432479551e-07,819,4434,6846,309,0.6177466150870407,0.1559109080525414,0.726063829787234,0.3930851063829787,0.6069148936170212
7155,YPL094C YPL048W,0.0,NA,1.0569905839474814e-07,819,4433,6847,309,0.6178272082527402,0.15594059405940594,0.726063829787234,0.3929964539007092,0.6070035460992907
7156,YOR194C YGR084C,0.0,NA,1.0582473208842202e-07,819,4432,6848,309,0.6179078014184397,0.1559702913730718,0.726063829787234,0.39290780141843973,0.6070921985815603
7157,YKL064W YPL062W,0.0,NA,1.0594509802785979e-07,819,4431,6849,309,0.6179883945841392,0.156,0.726063829787234,0.3928191489361702,0.6071808510638298
7158,YER144C YFR052W,1.0,NA,1.0607936928863637e-07,818,4431,6849,310,0.6179078014184397,0.15583920746808916,0.725177304964539,0.3928191489361702,0.6071808510638298
7159,YOR195W YDR162C,0.0,NA,1.0664333416343652e-07,818,4430,6850,310,0.6179883945841392,0.1558689024390244,0.725177304964539,0.39273049645390073,0.6072695035460993
7160,YLL027W YLL042C,0.0,NA,1.0675078954136552e-07,818,4429,6851,310,0.6180689877498388,0.1558986087287974,0.725177304964539,0.3926418439716312,0.6073581560283688
7161,YHR021W-A YML002W,0.0,NA,1.0687588058999609e-07,818,4428,6852,310,0.6181495809155384,0.15592832634388104,0.725177304964539,0.3925531914893617,0.6074468085106383
7162,YBR201W YHL024W,0.0,NA,1.0692440355342114e-07,818,4427,6853,310,0.6182301740812379,0.1559580552907531,0.725177304964539,0.3924645390070922,0.6075354609929078
7163,YKR020W YAL054C,0.0,NA,1.0734453326222138e-07,818,4426,6854,310,0.6183107672469375,0.15598779557589626,0.725177304964539,0.3923758865248227,0.6076241134751773
7164,YOR291W YKL101W,0.0,NA,1.0794838090077974e-07,818,4425,6855,310,0.618391360412637,0.15601754720579822,0.725177304964539,0.39228723404255317,0.6077127659574468
7165,YKR042W YLR090W,0.0,NA,1.0796216542985348e-07,818,4424,6856,310,0.6184719535783365,0.15604731018695153,0.725177304964539,0.3921985815602837,0.6078014184397164
7166,YMR112C YGR118W,0.0,NA,1.0800809491229302e-07,818,4423,6857,310,0.6185525467440361,0.15607708452585384,0.725177304964539,0.3921099290780142,0.6078900709219858
7167,YKL069W YJR098C,0.0,NA,1.0803570660300466e-07,818,4422,6858,310,0.6186331399097357,0.15610687022900763,0.725177304964539,0.3920212765957447,0.6079787234042553
7168,YBR136W YHR059W,0.0,NA,1.0824403062770216e-07,818,4421,6859,310,0.6187137330754352,0.15613666730292042,0.725177304964539,0.3919326241134752,0.6080673758865248
7169,YKL032C YOL091W,0.0,NA,1.0863473676181457e-07,818,4420,6860,310,0.6187943262411347,0.1561664757541046,0.725177304964539,0.39184397163120566,0.6081560283687943
7170,YPR125W YMR271C,0.0,NA,1.0865525013059596e-07,818,4419,6861,310,0.6188749194068343,0.15619629558907772,0.725177304964539,0.3917553191489362,0.6082446808510639
7171,YGR179C YKL162C,0.0,NA,1.0897321089942125e-07,818,4418,6862,310,0.6189555125725339,0.1562261268143621,0.725177304964539,0.39166666666666666,0.6083333333333333
7172,YGR214W YBL002W,0.0,NA,1.0901229785531541e-07,818,4417,6863,310,0.6190361057382334,0.1562559694364852,0.725177304964539,0.39157801418439714,0.6084219858156028
7173,YDR212W YDR104C,0.0,NA,1.0910028436228458e-07,818,4416,6864,310,0.619116698903933,0.15628582346197936,0.725177304964539,0.39148936170212767,0.6085106382978723
7174,YMR159C YPR129W,0.0,NA,1.0922666859869423e-07,818,4415,6865,310,0.6191972920696325,0.156315688897382,0.725177304964539,0.39140070921985815,0.6085992907801419
7175,YLL019C YOR195W,0.0,NA,1.0923563564801952e-07,818,4414,6866,310,0.619277885235332,0.15634556574923547,0.725177304964539,0.3913120567375887,0.6086879432624114
7176,YGR165W YMR025W,0.0,NA,1.0925729299060549e-07,818,4413,6867,310,0.6193584784010316,0.15637545402408717,0.725177304964539,0.39122340425531915,0.6087765957446809
7177,YER151C YFR006W,1.0,NA,1.0927564630947018e-07,817,4413,6867,311,0.619277885235332,0.15621414913957934,0.724290780141844,0.39122340425531915,0.6087765957446809
7178,YBL042C YDR311W,0.0,NA,1.0966567032255625e-07,817,4412,6868,311,0.6193584784010316,0.15624402371390322,0.724290780141844,0.3911347517730496,0.6088652482269503
7179,YLR307W YGL216W,0.0,NA,1.1006088840304074e-07,817,4411,6869,311,0.6194390715667312,0.15627390971690897,0.724290780141844,0.39104609929078016,0.6089539007092198
7180,YIL033C YHR166C,0.0,NA,1.1053022319629235e-07,817,4410,6870,311,0.6195196647324307,0.15630380715515593,0.724290780141844,0.39095744680851063,0.6090425531914894
7181,YGR088W YML128C,0.0,NA,1.1069625571735742e-07,817,4409,6871,311,0.6196002578981302,0.15633371603520857,0.724290780141844,0.3908687943262411,0.6091312056737589
7182,YKL219W YKL162C,0.0,NA,1.1080166473220743e-07,817,4408,6872,311,0.6196808510638298,0.15636363636363637,0.724290780141844,0.39078014184397164,0.6092198581560284
7183,YMR286W YNL036W,0.0,NA,1.1115262310568141e-07,817,4407,6873,311,0.6197614442295294,0.15639356814701377,0.724290780141844,0.3906914893617021,0.6093085106382978
7184,YKR070W YMR058W,0.0,NA,1.1128456378628471e-07,817,4406,6874,311,0.6198420373952289,0.15642351139192034,0.724290780141844,0.39060283687943265,0.6093971631205674
7185,YPR024W YFR052W,1.0,NA,1.1129072419180375e-07,816,4406,6874,312,0.6197614442295294,0.15626196859440827,0.723404255319149,0.39060283687943265,0.6093971631205674
7186,YDR364C YHR053C,0.0,NA,1.1149469258953104e-07,816,4405,6875,312,0.6198420373952289,0.15629189810381153,0.723404255319149,0.3905141843971631,0.6094858156028369
7187,YOR360C YFL029C,0.0,NA,1.1253623455331763e-07,816,4404,6876,312,0.6199226305609284,0.15632183908045977,0.723404255319149,0.3904255319148936,0.6095744680851064
7188,YOR125C YLR270W,0.0,NA,1.1255973930701657e-07,816,4403,6877,312,0.620003223726628,0.1563517915309446,0.723404255319149,0.39033687943262413,0.6096631205673759
7189,YER174C YKL146W,0.0,NA,1.126634856518649e-07,816,4402,6878,312,0.6200838168923275,0.15638175546186278,0.723404255319149,0.3902482269503546,0.6097517730496453
7190,YMR265C YPL241C,0.0,NA,1.1274313038711625e-07,816,4401,6879,312,0.620164410058027,0.156411730879816,0.723404255319149,0.3901595744680851,0.6098404255319149
7191,YPL249C YDR097C,0.0,NA,1.1289278489812204e-07,816,4400,6880,312,0.6202450032237267,0.15644171779141106,0.723404255319149,0.3900709219858156,0.6099290780141844
7192,YLL013C YCR052W,0.0,NA,1.1293435164816401e-07,816,4399,6881,312,0.6203255963894262,0.15647171620325984,0.723404255319149,0.3899822695035461,0.6100177304964539
7193,YPL081W YLR113W,0.0,NA,1.1308027580980706e-07,816,4398,6882,312,0.6204061895551257,0.1565017261219793,0.723404255319149,0.3898936170212766,0.6101063829787234
7194,YGR060W YGR200C,0.0,NA,1.133272888864667e-07,816,4397,6883,312,0.6204867827208252,0.15653174755419144,0.723404255319149,0.3898049645390071,0.610195035460993
7195,YNL001W YBL060W,0.0,NA,1.1335689720226583e-07,816,4396,6884,312,0.6205673758865248,0.15656178050652342,0.723404255319149,0.38971631205673757,0.6102836879432624
7196,YNR030W YAL007C,0.0,NA,1.1379906084130198e-07,816,4395,6885,312,0.6206479690522244,0.15659182498560736,0.723404255319149,0.3896276595744681,0.6103723404255319
7197,YPL130W YIL115C,0.0,NA,1.1392870646886877e-07,816,4394,6886,312,0.6207285622179239,0.1566218809980806,0.723404255319149,0.3895390070921986,0.6104609929078014
7198,YJL094C YHR057C,0.0,NA,1.1434713798053053e-07,816,4393,6887,312,0.6208091553836235,0.15665194855058553,0.723404255319149,0.38945035460992905,0.610549645390071
7199,YKL207W YML098W,0.0,NA,1.1471773575522093e-07,816,4392,6888,312,0.620889748549323,0.15668202764976957,0.723404255319149,0.3893617021276596,0.6106382978723405
7200,YER151C YJR126C,1.0,NA,1.1493367679804578e-07,815,4392,6888,313,0.6208091553836235,0.15652006913769925,0.7225177304964538,0.3893617021276596,0.6106382978723405
7201,YNL149C YBR302C,0.0,NA,1.1509239783435987e-07,815,4391,6889,313,0.620889748549323,0.1565501344602382,0.7225177304964538,0.38927304964539006,0.6107269503546099
7202,YEL039C YGR013W,0.0,NA,1.152160535866642e-07,815,4390,6890,313,0.6209703417150225,0.15658021133525457,0.7225177304964538,0.3891843971631206,0.6108156028368794
7203,YBL024W YPL178W,0.0,NA,1.1572834068829252e-07,815,4389,6891,313,0.6210509348807222,0.15661029976940816,0.7225177304964538,0.38909574468085106,0.6109042553191489
7204,YOR339C YHR009C,0.0,NA,1.1662955756719384e-07,815,4388,6892,313,0.6211315280464217,0.15664039976936384,0.7225177304964538,0.38900709219858154,0.6109929078014185
7205,YER170W YGR262C,0.0,NA,1.1728529614174477e-07,815,4387,6893,313,0.6212121212121212,0.1566705113417916,0.7225177304964538,0.38891843971631207,0.611081560283688
7206,YDL188C YLR265C,0.0,NA,1.1743684780185504e-07,815,4386,6894,313,0.6212927143778207,0.15670063449336666,0.7225177304964538,0.38882978723404255,0.6111702127659574
7207,YIL033C YGR013W,0.0,NA,1.175151496113358e-07,815,4385,6895,313,0.6213733075435203,0.15673076923076923,0.7225177304964538,0.3887411347517731,0.6112588652482269
7208,YGR233C YKL196C,0.0,NA,1.1814443467983438e-07,815,4384,6896,313,0.6214539007092199,0.15676091556068475,0.7225177304964538,0.38865248226950355,0.6113475177304964
7209,YBR044C YNL127W,0.0,NA,1.183266462589927e-07,815,4383,6897,313,0.6215344938749194,0.15679107348980378,0.7225177304964538,0.388563829787234,0.611436170212766
7210,YJL066C YDL229W,0.0,NA,1.1859495430144307e-07,815,4382,6898,313,0.621615087040619,0.156821243024822,0.7225177304964538,0.38847517730496456,0.6115248226950355
7211,YNL135C YGR224W,0.0,NA,1.1862935167528121e-07,815,4381,6899,313,0.6216956802063185,0.15685142417244033,0.7225177304964538,0.38838652482269503,0.6116134751773049
7212,YOL113W YHR211W,0.0,NA,1.1935082966374466e-07,815,4380,6900,313,0.621776273372018,0.15688161693936478,0.7225177304964538,0.3882978723404255,0.6117021276595744
7213,YOL055C YML105C,0.0,NA,1.195251115859719e-07,815,4379,6901,313,0.6218568665377177,0.1569118213323065,0.7225177304964538,0.38820921985815604,0.611790780141844
7214,YGL205W YPL219W,0.0,NA,1.1957345691371302e-07,815,4378,6902,313,0.6219374597034172,0.1569420373579819,0.7225177304964538,0.3881205673758865,0.6118794326241135
7215,YGL004C YMR202W,0.0,NA,1.1979476255419286e-07,815,4377,6903,313,0.6220180528691167,0.15697226502311248,0.7225177304964538,0.38803191489361705,0.611968085106383
7216,YDR152W YIL155C,0.0,NA,1.2016995754038362e-07,815,4376,6904,313,0.6220986460348162,0.15700250433442497,0.7225177304964538,0.3879432624113475,0.6120567375886525
7217,YLR081W YNR047W,0.0,NA,1.2034486474021833e-07,815,4375,6905,313,0.6221792392005158,0.15703275529865124,0.7225177304964538,0.387854609929078,0.612145390070922
7218,YGL101W YER059W,0.0,NA,1.2041650165883766e-07,815,4374,6906,313,0.6222598323662153,0.15706301792252841,0.7225177304964538,0.38776595744680853,0.6122340425531915
7219,YNL239W YJR126C,1.0,NA,1.209784556976956e-07,814,4374,6906,314,0.6221792392005158,0.1569005397070162,0.7216312056737588,0.38776595744680853,0.6122340425531915
7220,YDR364C YGR200C,0.0,NA,1.213970506341866e-07,814,4373,6907,314,0.6222598323662153,0.15693078850973588,0.7216312056737588,0.387677304964539,0.612322695035461
7221,YGL234W YCR052W,0.0,NA,1.21553910048533e-07,814,4372,6908,314,0.6223404255319149,0.15696104897801774,0.7216312056737588,0.3875886524822695,0.6124113475177305
7222,YGR262C YMR310C,0.0,NA,1.2161142137756542e-07,814,4371,6909,314,0.6224210186976145,0.1569913211186114,0.7216312056737588,0.3875,0.6125
7223,YDR281C YCR040W,0.0,NA,1.2179968678083242e-07,814,4370,6910,314,0.622501611863314,0.1570216049382716,0.7216312056737588,0.3874113475177305,0.6125886524822695
7224,YGR048W YNL107W,0.0,NA,1.2283460648632172e-07,814,4369,6911,314,0.6225822050290135,0.15705190044375844,0.7216312056737588,0.387322695035461,0.612677304964539
7225,YHL023C YKR049C,0.0,NA,1.2291182827084413e-07,814,4368,6912,314,0.622662798194713,0.15708220764183714,0.7216312056737588,0.3872340425531915,0.6127659574468085
7226,YER151C YIR039C,1.0,NA,1.2302346874548675e-07,813,4368,6912,315,0.6225822050290135,0.1569195136074117,0.7207446808510638,0.3872340425531915,0.6127659574468085
7227,YNL242W YDR049W,0.0,NA,1.232044013477207e-07,813,4367,6913,315,0.622662798194713,0.15694980694980695,0.7207446808510638,0.38714539007092197,0.612854609929078
7228,YPL038W YLR081W,0.0,NA,1.2383107161895168e-07,813,4366,6914,315,0.6227433913604127,0.1569801119907318,0.7207446808510638,0.3870567375886525,0.6129432624113476
7229,YBR193C YLR114C,0.0,NA,1.2418230710409262e-07,813,4365,6915,315,0.6228239845261122,0.15701042873696408,0.7207446808510638,0.386968085106383,0.613031914893617
7230,YGR144W YOR204W,0.0,NA,1.2434193763510848e-07,813,4364,6916,315,0.6229045776918117,0.15704075719528685,0.7207446808510638,0.38687943262411345,0.6131205673758865
7231,YNR007C YMR166C,0.0,NA,1.244746954398579e-07,813,4363,6917,315,0.6229851708575113,0.15707109737248842,0.7207446808510638,0.386790780141844,0.613209219858156
7232,YOR116C YPL031C,0.0,NA,1.2448538200260373e-07,813,4362,6918,315,0.6230657640232108,0.15710144927536232,0.7207446808510638,0.38670212765957446,0.6132978723404255
7233,YDL010W YMR110C,0.0,NA,1.2583414843447827e-07,813,4361,6919,315,0.6231463571889104,0.15713181291070738,0.7207446808510638,0.386613475177305,0.6133865248226951
7234,YFL062W YDR428C,0.0,NA,1.2755053546698036e-07,813,4360,6920,315,0.62322695035461,0.15716218828532766,0.7207446808510638,0.38652482269503546,0.6134751773049646
7235,YER093C YBL018C,0.0,NA,1.276571452990538e-07,813,4359,6921,315,0.6233075435203095,0.1571925754060325,0.7207446808510638,0.38643617021276594,0.613563829787234
7236,YKL011C YJR046W,0.0,NA,1.279743173654424e-07,813,4358,6922,315,0.623388136686009,0.15722297427963644,0.7207446808510638,0.38634751773049647,0.6136524822695035
7237,YHR071W YOR209C,0.0,NA,1.286600905814339e-07,813,4357,6923,315,0.6234687298517085,0.15725338491295937,0.7207446808510638,0.38625886524822695,0.613741134751773
7238,YGR132C YMR278W,0.0,NA,1.2872342836089956e-07,813,4356,6924,315,0.6235493230174082,0.15728380731282646,0.7207446808510638,0.3861702127659574,0.6138297872340426
7239,YLR117C YNL185C,0.0,NA,1.2884513012068055e-07,813,4355,6925,315,0.6236299161831077,0.15731424148606812,0.7207446808510638,0.38608156028368795,0.6139184397163121
7240,YGR165W YNR031C,0.0,NA,1.2917043079596624e-07,813,4354,6926,315,0.6237105093488072,0.15734468743952004,0.7207446808510638,0.38599290780141843,0.6140070921985815
7241,YNR062C YIR003W,0.0,NA,1.2924176928663655e-07,813,4353,6927,315,0.6237911025145068,0.15737514518002324,0.7207446808510638,0.38590425531914896,0.614095744680851
7242,YJL099W YLR203C,0.0,NA,1.2958388140305033e-07,813,4352,6928,315,0.6238716956802063,0.15740561471442402,0.7207446808510638,0.38581560283687943,0.6141843971631206
7243,YIL026C YLR435W,0.0,NA,1.2972138563327462e-07,813,4351,6929,315,0.6239522888459059,0.15743609604957398,0.7207446808510638,0.3857269503546099,0.6142730496453901
7244,YHR167W YMR242C,0.0,NA,1.2984291686279903e-07,813,4350,6930,315,0.6240328820116054,0.15746658919233003,0.7207446808510638,0.38563829787234044,0.6143617021276596
7245,YDR027C YNL201C,0.0,NA,1.3028201806264406e-07,813,4349,6931,315,0.624113475177305,0.15749709414955443,0.7207446808510638,0.3855496453900709,0.614450354609929
7246,YLR020C YDR217C,0.0,NA,1.3036566315349774e-07,813,4348,6932,315,0.6241940683430045,0.1575276109281147,0.7207446808510638,0.3854609929078014,0.6145390070921986
7247,YML022W YIL009C-A,0.0,NA,1.3052675740254926e-07,813,4347,6933,315,0.624274661508704,0.15755813953488373,0.7207446808510638,0.3853723404255319,0.6146276595744681
7248,YLR431C YDR237W,0.0,NA,1.3069816873212403e-07,813,4346,6934,315,0.6243552546744036,0.15758867997673967,0.7207446808510638,0.3852836879432624,0.6147163120567376
7249,YHL037C YLR297W,0.0,NA,1.3073456273104966e-07,813,4345,6935,315,0.6244358478401032,0.15761923226056612,0.7207446808510638,0.38519503546099293,0.6148049645390071
7250,YHR033W YPL203W,0.0,NA,1.311477717536036e-07,813,4344,6936,315,0.6245164410058027,0.15764979639325188,0.7207446808510638,0.3851063829787234,0.6148936170212767
7251,YFL056C YDR488C,0.0,NA,1.324553693393682e-07,813,4343,6937,315,0.6245970341715023,0.15768037238169125,0.7207446808510638,0.3850177304964539,0.6149822695035461
7252,YKL039W YDR090C,0.0,NA,1.335441481842281e-07,813,4342,6938,315,0.6246776273372018,0.1577109602327837,0.7207446808510638,0.3849290780141844,0.6150709219858156
7253,YFL041W YOR090C,0.0,NA,1.3360478590129787e-07,813,4341,6939,315,0.6247582205029013,0.15774155995343422,0.7207446808510638,0.3848404255319149,0.6151595744680851
7254,YLR274W YBL080C,0.0,NA,1.3366722839691647e-07,813,4340,6940,315,0.624838813668601,0.15777217155055306,0.7207446808510638,0.38475177304964536,0.6152482269503546
7255,YCR034W YBR163W,0.0,NA,1.3377142238368833e-07,813,4339,6941,315,0.6249194068343005,0.1578027950310559,0.7207446808510638,0.3846631205673759,0.6153368794326242
7256,YGR281W YCR069W,0.0,NA,1.3381965402459173e-07,813,4338,6942,315,0.625,0.1578334304018637,0.7207446808510638,0.38457446808510637,0.6154255319148936
7257,YML114C YLR381W,0.0,NA,1.3396739007021097e-07,813,4337,6943,315,0.6250805931656995,0.1578640776699029,0.7207446808510638,0.3844858156028369,0.6155141843971631
7258,YIL176C YOR065W,0.0,NA,1.3498656414867582e-07,813,4336,6944,315,0.625161186331399,0.15789473684210525,0.7207446808510638,0.3843971631205674,0.6156028368794326
7259,YGL178W YOR288C,0.0,NA,1.3529910347642726e-07,813,4335,6945,315,0.6252417794970987,0.15792540792540793,0.7207446808510638,0.38430851063829785,0.6156914893617021
7260,YOR391C YFR018C,1.0,NA,1.3567458267971233e-07,812,4335,6945,316,0.625161186331399,0.15776180299203418,0.7198581560283688,0.38430851063829785,0.6156914893617021
7261,YPL038W YGL236C,0.0,NA,1.357754229047714e-07,812,4334,6946,316,0.6252417794970987,0.1577924601632336,0.7198581560283688,0.3842198581560284,0.6157801418439717
7262,YLR206W YPL200W,0.0,NA,1.359626651264989e-07,812,4333,6947,316,0.6253223726627982,0.15782312925170067,0.7198581560283688,0.38413120567375886,0.6158687943262411
7263,YMR092C YNL242W,0.0,NA,1.3668798715116282e-07,812,4332,6948,316,0.6254029658284977,0.1578538102643857,0.7198581560283688,0.3840425531914894,0.6159574468085106
7264,YFL027C YPL112C,0.0,NA,1.3771577300758508e-07,812,4331,6949,316,0.6254835589941973,0.1578845032082442,0.7198581560283688,0.38395390070921986,0.6160460992907801
7265,YER161C YPR184W,0.0,NA,1.3825885503138124e-07,812,4330,6950,316,0.6255641521598968,0.15791520809023726,0.7198581560283688,0.38386524822695034,0.6161347517730497
7266,YHR033W YMR235C,0.0,NA,1.390323660643844e-07,812,4329,6951,316,0.6256447453255964,0.15794592491733125,0.7198581560283688,0.38377659574468087,0.6162234042553192
7267,YLR355C YDL246C,0.0,NA,1.394233919427279e-07,812,4328,6952,316,0.625725338491296,0.15797665369649805,0.7198581560283688,0.38368794326241135,0.6163120567375886
7268,YER094C YGL203C,1.0,NA,1.3967665779546223e-07,811,4328,6952,317,0.6256447453255964,0.15781280404748005,0.7189716312056738,0.38368794326241135,0.6163120567375886
7269,YIL051C YIL173W,0.0,NA,1.4003823878283583e-07,811,4327,6953,317,0.625725338491296,0.1578435188789412,0.7189716312056738,0.3835992907801418,0.6164007092198581
7270,YLR435W YBR163W,0.0,NA,1.4028552186573506e-07,811,4326,6954,317,0.6258059316569955,0.15787424566867822,0.7189716312056738,0.38351063829787235,0.6164893617021276
7271,YGL222C YMR101C,0.0,NA,1.404872875809815e-07,811,4325,6955,317,0.625886524822695,0.157904984423676,0.7189716312056738,0.38342198581560283,0.6165780141843972
7272,YDR357C YPL059W,0.0,NA,1.406151710625636e-07,811,4324,6956,317,0.6259671179883946,0.15793573515092502,0.7189716312056738,0.38333333333333336,0.6166666666666667
7273,YBR044C YLR315W,0.0,NA,1.4103646606145048e-07,811,4323,6957,317,0.6260477111540941,0.15796649785742112,0.7189716312056738,0.38324468085106383,0.6167553191489362
7274,YLR176C YBR293W,0.0,NA,1.410561054626669e-07,811,4322,6958,317,0.6261283043197937,0.1579972725501656,0.7189716312056738,0.3831560283687943,0.6168439716312056
7275,YMR056C YKL064W,0.0,NA,1.4118087676706637e-07,811,4321,6959,317,0.6262088974854932,0.15802805923616522,0.7189716312056738,0.38306737588652484,0.6169326241134752
7276,YER020W YGL134W,0.0,NA,1.4129145142760535e-07,811,4320,6960,317,0.6262894906511928,0.15805885792243227,0.7189716312056738,0.3829787234042553,0.6170212765957447
7277,YDR137W YMR271C,0.0,NA,1.4170194617690868e-07,811,4319,6961,317,0.6263700838168923,0.15808966861598442,0.7189716312056738,0.3828900709219858,0.6171099290780142
7278,YJR125C YPR056W,0.0,NA,1.4174938200994802e-07,811,4318,6962,317,0.6264506769825918,0.15812049132384481,0.7189716312056738,0.3828014184397163,0.6171985815602837
7279,YPL271W YEL018W,0.0,NA,1.4178858975810726e-07,811,4317,6963,317,0.6265312701482915,0.15815132605304213,0.7189716312056738,0.3827127659574468,0.6172872340425531
7280,YJR014W YOR101W,0.0,NA,1.4202352360825898e-07,811,4316,6964,317,0.626611863313991,0.1581821728106105,0.7189716312056738,0.38262411347517733,0.6173758865248227
7281,YIR006C YBR204C,0.0,NA,1.422250761606847e-07,811,4315,6965,317,0.6266924564796905,0.15821303160358954,0.7189716312056738,0.3825354609929078,0.6174645390070922
7282,YJL103C YDR219C,0.0,NA,1.431695153542023e-07,811,4314,6966,317,0.62677304964539,0.1582439024390244,0.7189716312056738,0.3824468085106383,0.6175531914893617
7283,YOR022C YIL173W,0.0,NA,1.44449913364042e-07,811,4313,6967,317,0.6268536428110896,0.15827478532396566,0.7189716312056738,0.3823581560283688,0.6176418439716312
7284,YBL018C YCR037C,0.0,NA,1.4477153342795646e-07,811,4312,6968,317,0.6269342359767892,0.15830568026546946,0.7189716312056738,0.3822695035460993,0.6177304964539007
7285,YJR125C YPR026W,0.0,NA,1.449240301099053e-07,811,4311,6969,317,0.6270148291424887,0.15833658727059743,0.7189716312056738,0.38218085106382976,0.6178191489361702
7286,YLR362W YCR011C,0.0,NA,1.4518590774059703e-07,811,4310,6970,317,0.6270954223081883,0.15836750634641672,0.7189716312056738,0.3820921985815603,0.6179078014184397
7287,YBR201W YPR125W,0.0,NA,1.451958695497524e-07,811,4309,6971,317,0.6271760154738878,0.1583984375,0.7189716312056738,0.38200354609929077,0.6179964539007092
7288,YGR084C YJR046W,0.0,NA,1.4543506665631867e-07,811,4308,6972,317,0.6272566086395873,0.15842938073842547,0.7189716312056738,0.3819148936170213,0.6180851063829788
7289,YOR312C YDR237W,0.0,NA,1.4569063466751686e-07,811,4307,6973,317,0.627337201805287,0.15846033606877685,0.7189716312056738,0.3818262411347518,0.6181737588652483
7290,YLR087C YMR203W,0.0,NA,1.466175234554612e-07,811,4306,6974,317,0.6274177949709865,0.15849130349814344,0.7189716312056738,0.38173758865248225,0.6182624113475177
7291,YHR211W YNL042W,0.0,NA,1.469778823093293e-07,811,4305,6975,317,0.627498388136686,0.15852228303362,0.7189716312056738,0.3816489361702128,0.6183510638297872
7292,YDL088C YPR026W,0.0,NA,1.472434689731017e-07,811,4304,6976,317,0.6275789813023855,0.15855327468230693,0.7189716312056738,0.38156028368794326,0.6184397163120567
7293,YMR031C YGR089W,0.0,NA,1.4751233834431332e-07,811,4303,6977,317,0.6276595744680851,0.15858427845131012,0.7189716312056738,0.38147163120567373,0.6185283687943263
7294,YDR166C YOR283W,0.0,NA,1.4796601988109614e-07,811,4302,6978,317,0.6277401676337847,0.15861529434774105,0.7189716312056738,0.38138297872340426,0.6186170212765958
7295,YPR162C YPL063W,0.0,NA,1.48300543401092e-07,811,4301,6979,317,0.6278207607994842,0.15864632237871676,0.7189716312056738,0.38129432624113474,0.6187056737588652
7296,YPL130W YHL011C,0.0,NA,1.4851822527361946e-07,811,4300,6980,317,0.6279013539651838,0.1586773625513598,0.7189716312056738,0.38120567375886527,0.6187943262411347
7297,YLR360W YDL150W,0.0,NA,1.4889431554365729e-07,811,4299,6981,317,0.6279819471308833,0.15870841487279844,0.7189716312056738,0.38111702127659575,0.6188829787234043
7298,YCR053W YBR213W,0.0,NA,1.4905842249390844e-07,811,4298,6982,317,0.6280625402965828,0.15873947935016638,0.7189716312056738,0.3810283687943262,0.6189716312056738
7299,YNL201C YLR261C,0.0,NA,1.491871159942093e-07,811,4297,6983,317,0.6281431334622823,0.15877055599060297,0.7189716312056738,0.38093971631205675,0.6190602836879433
7300,YGR171C YNR050C,0.0,NA,1.4920775015525578e-07,811,4296,6984,317,0.628223726627982,0.1588016448012532,0.7189716312056738,0.38085106382978723,0.6191489361702127
7301,YJL221C YAL048C,0.0,NA,1.492440446781984e-07,811,4295,6985,317,0.6283043197936815,0.15883274578926754,0.7189716312056738,0.3807624113475177,0.6192375886524822
7302,YJR133W YNL289W,0.0,NA,1.4928177449746727e-07,811,4294,6986,317,0.628384912959381,0.15886385896180216,0.7189716312056738,0.38067375886524824,0.6193262411347518
7303,YLL036C YPL167C,0.0,NA,1.494455830197694e-07,811,4293,6987,317,0.6284655061250806,0.1588949843260188,0.7189716312056738,0.3805851063829787,0.6194148936170213
7304,YBR299W YPL042C,0.0,NA,1.4955777771774592e-07,811,4292,6988,317,0.6285460992907801,0.15892612188908486,0.7189716312056738,0.38049645390070924,0.6195035460992908
7305,YDL104C YBL100W-B,1.0,NA,1.4977844386976358e-07,810,4292,6988,318,0.6284655061250806,0.15876127009016072,0.7180851063829787,0.38049645390070924,0.6195035460992908
7306,YDR207C YPL016W,0.0,NA,1.4994023445069615e-07,810,4291,6989,318,0.6285460992907801,0.15879239364830425,0.7180851063829787,0.3804078014184397,0.6195921985815603
7307,YDR212W YBL002W,0.0,NA,1.500229132034292e-07,810,4290,6990,318,0.6286266924564797,0.1588235294117647,0.7180851063829787,0.3803191489361702,0.6196808510638298
7308,YML057W YGR097W,0.0,NA,1.5038904166431166e-07,810,4289,6991,318,0.6287072856221793,0.15885467738772308,0.7180851063829787,0.3802304964539007,0.6197695035460993
7309,YDR385W YPL178W,0.0,NA,1.5074573411766323e-07,810,4288,6992,318,0.6287878787878788,0.15888583758336602,0.7180851063829787,0.3801418439716312,0.6198581560283688
7310,YML091C YDL207W,0.0,NA,1.5106954265320383e-07,810,4287,6993,318,0.6288684719535783,0.15891701000588582,0.7180851063829787,0.3800531914893617,0.6199468085106383
7311,YLL005C YMR015C,0.0,NA,1.5108683726339223e-07,810,4286,6994,318,0.6289490651192778,0.15894819466248036,0.7180851063829787,0.3799645390070922,0.6200354609929078
7312,YOR312C YOR324C,0.0,NA,1.5122219565455453e-07,810,4285,6995,318,0.6290296582849775,0.1589793915603533,0.7180851063829787,0.3798758865248227,0.6201241134751773
7313,YLL036C YNL178W,0.0,NA,1.5152058097100962e-07,810,4284,6996,318,0.629110251450677,0.15901060070671377,0.7180851063829787,0.3797872340425532,0.6202127659574468
7314,YKL061W YGL054C,0.0,NA,1.5168815536981128e-07,810,4283,6997,318,0.6291908446163765,0.15904182210877676,0.7180851063829787,0.3796985815602837,0.6203014184397163
7315,YBR104W YNR048W,0.0,NA,1.5194586922007147e-07,810,4282,6998,318,0.6292714377820761,0.15907305577376277,0.7180851063829787,0.37960992907801416,0.6203900709219858
7316,YHR067W YER173W,0.0,NA,1.520612613603589e-07,810,4281,6999,318,0.6293520309477756,0.15910430170889805,0.7180851063829787,0.3795212765957447,0.6204787234042554
7317,YLL036C YGR264C,0.0,NA,1.5267809772012697e-07,810,4280,7000,318,0.6294326241134752,0.15913555992141454,0.7180851063829787,0.37943262411347517,0.6205673758865248
7318,YMR023C YPL016W,0.0,NA,1.528505890746601e-07,810,4279,7001,318,0.6295132172791748,0.15916683041854982,0.7180851063829787,0.3793439716312057,0.6206560283687943
7319,YER102W YGR048W,0.0,NA,1.5346552117989631e-07,810,4278,7002,318,0.6295938104448743,0.15919811320754718,0.7180851063829787,0.3792553191489362,0.6207446808510638
7320,YPL099C YHL043W,0.0,NA,1.5347313819802366e-07,810,4277,7003,318,0.6296744036105738,0.1592294082956556,0.7180851063829787,0.37916666666666665,0.6208333333333333
7321,YLR332W YLL039C,0.0,NA,1.5371290373877855e-07,810,4276,7004,318,0.6297549967762733,0.15926071569012976,0.7180851063829787,0.3790780141843972,0.6209219858156029
7322,YPL053C YNL125C,0.0,NA,1.539536640393635e-07,810,4275,7005,318,0.629835589941973,0.1592920353982301,0.7180851063829787,0.37898936170212766,0.6210106382978723
7323,YPL215W YLR411W,0.0,NA,1.539601157674042e-07,810,4274,7006,318,0.6299161831076725,0.15932336742722267,0.7180851063829787,0.37890070921985813,0.6210992907801418
7324,YIL013C YGR200C,0.0,NA,1.5412759069022286e-07,810,4273,7007,318,0.629996776273372,0.1593547117843793,0.7180851063829787,0.37881205673758866,0.6211879432624113
7325,YGR046W YDR332W,0.0,NA,1.546821408737742e-07,810,4272,7008,318,0.6300773694390716,0.15938606847697756,0.7180851063829787,0.37872340425531914,0.6212765957446809
7326,YOR120W YNR065C,0.0,NA,1.549507118170368e-07,810,4271,7009,318,0.6301579626047711,0.15941743751230072,0.7180851063829787,0.37863475177304967,0.6213652482269504
7327,YKL011C YNL271C,0.0,NA,1.55421489012042e-07,810,4270,7010,318,0.6302385557704706,0.1594488188976378,0.7180851063829787,0.37854609929078015,0.6214539007092199
7328,YDL147W YMR286W,0.0,NA,1.5546461895610264e-07,810,4269,7011,318,0.6303191489361702,0.15948021264028353,0.7180851063829787,0.3784574468085106,0.6215425531914893
7329,YMR077C YOL123W,0.0,NA,1.5614411097431002e-07,810,4268,7012,318,0.6303997421018698,0.15951161874753841,0.7180851063829787,0.37836879432624115,0.6216312056737588
7330,YNL299W YGL090W,0.0,NA,1.5675495035338827e-07,810,4267,7013,318,0.6304803352675693,0.15954303722670868,0.7180851063829787,0.37828014184397163,0.6217198581560284
7331,YGL245W YDR219C,0.0,NA,1.572730496945951e-07,810,4266,7014,318,0.6305609284332688,0.1595744680851064,0.7180851063829787,0.3781914893617021,0.6218085106382979
7332,YOR193W YJR090C,0.0,NA,1.5758743643345952e-07,810,4265,7015,318,0.6306415215989684,0.15960591133004925,0.7180851063829787,0.37810283687943264,0.6218971631205674
7333,YGR037C YOR192C,0.0,NA,1.5758759275286138e-07,810,4264,7016,318,0.630722114764668,0.15963736696886086,0.7180851063829787,0.3780141843971631,0.6219858156028368
7334,YER093C YOR265W,0.0,NA,1.581339148515326e-07,810,4263,7017,318,0.6308027079303675,0.1596688350088705,0.7180851063829787,0.37792553191489364,0.6220744680851064
7335,YJL174W YDL180W,0.0,NA,1.5821115084690973e-07,810,4262,7018,318,0.630883301096067,0.15970031545741326,0.7180851063829787,0.3778368794326241,0.6221631205673759
7336,YKL019W YGL054C,0.0,NA,1.5824858223822957e-07,810,4261,7019,318,0.6309638942617666,0.15973180832183,0.7180851063829787,0.3777482269503546,0.6222517730496454
7337,YOR038C YLR209C,0.0,NA,1.584361228879061e-07,810,4260,7020,318,0.6310444874274661,0.15976331360946747,0.7180851063829787,0.3776595744680851,0.6223404255319149
7338,YEL017C-A YDR363W-A,0.0,NA,1.591011340451587e-07,810,4259,7021,318,0.6311250805931657,0.15979483132767805,0.7180851063829787,0.3775709219858156,0.6224290780141843
7339,YLR116W YNL185C,0.0,NA,1.5910295303456223e-07,810,4258,7022,318,0.6312056737588653,0.15982636148382004,0.7180851063829787,0.3774822695035461,0.6225177304964539
7340,YLR274W YOR125C,0.0,NA,1.6017810366975027e-07,810,4257,7023,318,0.6312862669245648,0.15985790408525755,0.7180851063829787,0.3773936170212766,0.6226063829787234
7341,YGR179C YIL022W,0.0,NA,1.6094249133402627e-07,810,4256,7024,318,0.6313668600902643,0.15988945913936045,0.7180851063829787,0.3773049645390071,0.6226950354609929
7342,YLR307W YDR488C,0.0,NA,1.6128112179103482e-07,810,4255,7025,318,0.6314474532559639,0.15992102665350444,0.7180851063829787,0.3772163120567376,0.6227836879432624
7343,YPL057C YPR185W,0.0,NA,1.6157794391347124e-07,810,4254,7026,318,0.6315280464216635,0.15995260663507108,0.7180851063829787,0.3771276595744681,0.622872340425532
7344,YPL119C YML077W,0.0,NA,1.6265028079942567e-07,810,4253,7027,318,0.631608639587363,0.15998419909144776,0.7180851063829787,0.37703900709219856,0.6229609929078014
7345,YGL205W YGR048W,0.0,NA,1.6287037851725472e-07,810,4252,7028,318,0.6316892327530625,0.16001580403002766,0.7180851063829787,0.3769503546099291,0.6230496453900709
7346,YBR222C YLL013C,0.0,NA,1.633273711831862e-07,810,4251,7029,318,0.6317698259187621,0.16004742145820983,0.7180851063829787,0.37686170212765957,0.6231382978723404
7347,YMR325W YDL229W,0.0,NA,1.6346885445273074e-07,810,4250,7030,318,0.6318504190844616,0.1600790513833992,0.7180851063829787,0.37677304964539005,0.62322695035461
7348,YDR392W YBR163W,0.0,NA,1.6360391441594402e-07,810,4249,7031,318,0.6319310122501612,0.16011069381300652,0.7180851063829787,0.3766843971631206,0.6233156028368795
7349,YNL126W YKL196C,0.0,NA,1.6426147908532585e-07,810,4248,7032,318,0.6320116054158608,0.1601423487544484,0.7180851063829787,0.37659574468085105,0.6234042553191489
7350,YDL106C YOL012C,0.0,NA,1.6434029248557636e-07,810,4247,7033,318,0.6320921985815603,0.16017401621514732,0.7180851063829787,0.3765070921985816,0.6234929078014184
7351,YNL310C YHR102W,0.0,NA,1.6445049766389275e-07,810,4246,7034,318,0.6321727917472598,0.16020569620253164,0.7180851063829787,0.37641843971631206,0.6235815602836879
7352,YNL012W YBR115C,0.0,NA,1.6484210618727957e-07,810,4245,7035,318,0.6322533849129593,0.16023738872403562,0.7180851063829787,0.37632978723404253,0.6236702127659575
7353,YIR006C YGL070C,0.0,NA,1.6565276439450827e-07,810,4244,7036,318,0.6323339780786589,0.16026909378709933,0.7180851063829787,0.37624113475177307,0.623758865248227
7354,YNL297C YGL245W,0.0,NA,1.6570426453199616e-07,810,4243,7037,318,0.6324145712443585,0.16030081139916882,0.7180851063829787,0.37615248226950354,0.6238475177304964
7355,YGR006W YIL101C,0.0,NA,1.6610378850145935e-07,810,4242,7038,318,0.632495164410058,0.16033254156769597,0.7180851063829787,0.376063829787234,0.6239361702127659
7356,YGR120C YER173W,0.0,NA,1.665377595827522e-07,810,4241,7039,318,0.6325757575757576,0.16036428430013858,0.7180851063829787,0.37597517730496455,0.6240248226950355
7357,YNL264C YMR092C,0.0,NA,1.6661986990129662e-07,810,4240,7040,318,0.6326563507414571,0.1603960396039604,0.7180851063829787,0.375886524822695,0.624113475177305
7358,YGL168W YJL145W,0.0,NA,1.6667867441810813e-07,810,4239,7041,318,0.6327369439071566,0.16042780748663102,0.7180851063829787,0.37579787234042555,0.6242021276595745
7359,YNL191W YER143W,1.0,NA,1.667554840878438e-07,809,4239,7041,319,0.6326563507414571,0.16026148969889065,0.7171985815602837,0.37579787234042555,0.6242021276595745
7360,YOL017W YIR003W,0.0,NA,1.6741245190132759e-07,809,4238,7042,319,0.6327369439071566,0.16029324351099664,0.7171985815602837,0.37570921985815603,0.624290780141844
7361,YKL171W YNL146W,0.0,NA,1.6857205764608807e-07,809,4237,7043,319,0.6328175370728563,0.1603250099088387,0.7171985815602837,0.3756205673758865,0.6243794326241134
7362,YHR002W YGL071W,0.0,NA,1.6910485101107042e-07,809,4236,7044,319,0.6328981302385558,0.1603567888999009,0.7171985815602837,0.37553191489361704,0.624468085106383
7363,YHR053C YPL094C,0.0,NA,1.6924536794249434e-07,809,4235,7045,319,0.6329787234042553,0.1603885804916733,0.7171985815602837,0.3754432624113475,0.6245567375886525
7364,YML022W YCR031C,0.0,NA,1.707591366084671e-07,809,4234,7046,319,0.6330593165699548,0.1604203846916518,0.7171985815602837,0.375354609929078,0.624645390070922
7365,YGR046W YKL003C,0.0,NA,1.7122404472047492e-07,809,4233,7047,319,0.6331399097356544,0.16045220150733835,0.7171985815602837,0.3752659574468085,0.6247340425531915
7366,YPL130W YOR347C,0.0,NA,1.71433512718977e-07,809,4232,7048,319,0.633220502901354,0.16048403094624084,0.7171985815602837,0.375177304964539,0.624822695035461
7367,YBR008C YMR278W,0.0,NA,1.7181112355046935e-07,809,4231,7049,319,0.6333010960670535,0.16051587301587303,0.7171985815602837,0.3750886524822695,0.6249113475177305
7368,YDR099W YER100W,0.0,NA,1.7210187763794238e-07,809,4230,7050,319,0.6333816892327531,0.16054772772375472,0.7171985815602837,0.375,0.625
7369,YKR095W YKL096W,0.0,NA,1.722927009950581e-07,809,4229,7051,319,0.6334622823984526,0.16057959507741168,0.7171985815602837,0.3749113475177305,0.6250886524822695
7370,YIL026C YNL061W,0.0,NA,1.729612648659895e-07,809,4228,7052,319,0.6335428755641521,0.16061147508437562,0.7171985815602837,0.374822695035461,0.625177304964539
7371,YCR011C YLR005W,0.0,NA,1.731223306933316e-07,809,4227,7053,319,0.6336234687298518,0.16064336775218427,0.7171985815602837,0.3747340425531915,0.6252659574468085
7372,YML055W YLR163C,1.0,NA,1.7327511159237474e-07,808,4227,7053,320,0.6335428755641521,0.16047666335650446,0.7163120567375887,0.3747340425531915,0.6252659574468085
7373,YKL018W YPR137W,0.0,NA,1.7363639415179932e-07,808,4226,7054,320,0.6336234687298518,0.16050854191497815,0.7163120567375887,0.374645390070922,0.625354609929078
7374,YEL071W YGL012W,0.0,NA,1.737970762860641e-07,808,4225,7055,320,0.6337040618955513,0.16054043314126765,0.7163120567375887,0.3745567375886525,0.6254432624113475
7375,YBR203W YPR007C,0.0,NA,1.7401036700448458e-07,808,4224,7056,320,0.6337846550612508,0.16057233704292528,0.7163120567375887,0.37446808510638296,0.625531914893617
7376,YOR393W YER173W,0.0,NA,1.7423121789761353e-07,808,4223,7057,320,0.6338652482269503,0.16060425362750944,0.7163120567375887,0.3743794326241135,0.6256205673758866
7377,YNL264C YMR247C,0.0,NA,1.746199700392026e-07,808,4222,7058,320,0.6339458413926499,0.1606361829025845,0.7163120567375887,0.37429078014184397,0.625709219858156
7378,YDR498C YOL017W,0.0,NA,1.7477640312790754e-07,808,4221,7059,320,0.6340264345583495,0.16066812487572082,0.7163120567375887,0.37420212765957445,0.6257978723404255
7379,YIL109C YNL220W,0.0,NA,1.748884557173369e-07,808,4220,7060,320,0.634107027724049,0.16070007955449483,0.7163120567375887,0.374113475177305,0.625886524822695
7380,YDL176W YDL180W,0.0,NA,1.7521014683552494e-07,808,4219,7061,320,0.6341876208897486,0.16073204694648896,0.7163120567375887,0.37402482269503545,0.6259751773049645
7381,YDR536W YNL126W,0.0,NA,1.7599690238512267e-07,808,4218,7062,320,0.6342682140554481,0.1607640270592917,0.7163120567375887,0.373936170212766,0.6260638297872341
7382,YDR099W YCR068W,0.0,NA,1.764765897860343e-07,808,4217,7063,320,0.6343488072211476,0.16079601990049752,0.7163120567375887,0.37384751773049646,0.6261524822695036
7383,YBL067C YDR434W,1.0,NA,1.7765897553090326e-07,807,4217,7063,321,0.6342682140554481,0.16062898089171976,0.7154255319148937,0.37384751773049646,0.6261524822695036
7384,YNL304W YKL127W,0.0,NA,1.7867250790004618e-07,807,4216,7064,321,0.6343488072211476,0.16066095958590484,0.7154255319148937,0.37375886524822693,0.626241134751773
7385,YAL027W YAL024C,0.0,NA,1.7881141900488728e-07,807,4215,7065,321,0.6344294003868471,0.16069295101553166,0.7154255319148937,0.37367021276595747,0.6263297872340425
7386,YBR207W YML011C,0.0,NA,1.7981609801154264e-07,807,4214,7066,321,0.6345099935525468,0.1607249551882095,0.7154255319148937,0.37358156028368794,0.6264184397163121
7387,YFL034C-A YMR271C,0.0,NA,1.798672002450985e-07,807,4213,7067,321,0.6345905867182463,0.1607569721115538,0.7154255319148937,0.3734929078014184,0.6265070921985816
7388,YER144C YDR415C,1.0,NA,1.8223194331312698e-07,806,4213,7067,322,0.6345099935525468,0.16058975891611874,0.7145390070921985,0.3734929078014184,0.6265070921985816
7389,YJR120W YPR186C,0.0,NA,1.8228773512873886e-07,806,4212,7068,322,0.6345905867182463,0.16062176165803108,0.7145390070921985,0.37340425531914895,0.6265957446808511
7390,YMR244C-A YGL222C,0.0,NA,1.824644613179771e-07,806,4211,7069,322,0.6346711798839458,0.16065377715766394,0.7145390070921985,0.3733156028368794,0.6266843971631205
7391,YFL045C YKL184W,0.0,NA,1.8247297361995152e-07,806,4210,7070,322,0.6347517730496454,0.16068580542264752,0.7145390070921985,0.37322695035460995,0.62677304964539
7392,YLR436C YKR103W,0.0,NA,1.8275005686518853e-07,806,4209,7071,322,0.6348323662153449,0.16071784646061815,0.7145390070921985,0.37313829787234043,0.6268617021276596
7393,YIL026C YNL126W,0.0,NA,1.8310437610580266e-07,806,4208,7072,322,0.6349129593810445,0.16074990027921818,0.7145390070921985,0.3730496453900709,0.6269503546099291
7394,YPL270W YHL037C,0.0,NA,1.8311939697923663e-07,806,4207,7073,322,0.6349935525467441,0.16078196688609614,0.7145390070921985,0.37296099290780144,0.6270390070921986
7395,YJR103W YJR098C,0.0,NA,1.831501350579856e-07,806,4206,7074,322,0.6350741457124436,0.16081404628890664,0.7145390070921985,0.3728723404255319,0.627127659574468
7396,YPR043W YDR097C,0.0,NA,1.831768514648502e-07,806,4205,7075,322,0.6351547388781431,0.16084613849531032,0.7145390070921985,0.3727836879432624,0.6272163120567376
7397,YMR184W YGR120C,0.0,NA,1.839793810631818e-07,806,4204,7076,322,0.6352353320438426,0.16087824351297406,0.7145390070921985,0.3726950354609929,0.6273049645390071
7398,YDR361C YKL101W,0.0,NA,1.8410891300391086e-07,806,4203,7077,322,0.6353159252095423,0.16091036134957076,0.7145390070921985,0.3726063829787234,0.6273936170212766
7399,YNL004W YLR445W,0.0,NA,1.8461651052348316e-07,806,4202,7078,322,0.6353965183752418,0.16094249201277955,0.7145390070921985,0.3725177304964539,0.6274822695035461
7400,YAL024C YGL257C,0.0,NA,1.849361694894469e-07,806,4201,7079,322,0.6354771115409413,0.1609746355102856,0.7145390070921985,0.3724290780141844,0.6275709219858157
7401,YBR211C YLR238W,0.0,NA,1.8552177039055096e-07,806,4200,7080,322,0.6355577047066409,0.16100679184978026,0.7145390070921985,0.3723404255319149,0.6276595744680851
7402,YJL053W YOR209C,0.0,NA,1.8587967076655332e-07,806,4199,7081,322,0.6356382978723404,0.16103896103896104,0.7145390070921985,0.3722517730496454,0.6277482269503546
7403,YPL048W YGL236C,0.0,NA,1.8589651062939083e-07,806,4198,7082,322,0.63571889103804,0.16107114308553158,0.7145390070921985,0.3721631205673759,0.6278368794326241
7404,YOR195W YGL134W,0.0,NA,1.8610033691857097e-07,806,4197,7083,322,0.6357994842037396,0.16110333799720167,0.7145390070921985,0.37207446808510636,0.6279255319148936
7405,YBR173C YAL042W,0.0,NA,1.8614736063682358e-07,806,4196,7084,322,0.6358800773694391,0.16113554578168732,0.7145390070921985,0.3719858156028369,0.6280141843971632
7406,YFR024C-A YAL047C,0.0,NA,1.8780156096909195e-07,806,4195,7085,322,0.6359606705351386,0.16116776644671066,0.7145390070921985,0.37189716312056736,0.6281028368794326
7407,YPL099C YDL076C,0.0,NA,1.882457354440703e-07,806,4194,7086,322,0.6360412637008381,0.1612,0.7145390070921985,0.3718085106382979,0.6281914893617021
7408,YHR071W YMR028W,0.0,NA,1.8860565376144223e-07,806,4193,7087,322,0.6361218568665378,0.16123224644928985,0.7145390070921985,0.37171985815602837,0.6282801418439716
7409,YNL262W YKL146W,0.0,NA,1.8949666014123068e-07,806,4192,7088,322,0.6362024500322373,0.16126450580232093,0.7145390070921985,0.37163120567375885,0.6283687943262412
7410,YNL326C YMR101C,0.0,NA,1.899714590081203e-07,806,4191,7089,322,0.6362830431979368,0.1612967780668401,0.7145390070921985,0.3715425531914894,0.6284574468085107
7411,YKL072W YMR166C,0.0,NA,1.9040095367017784e-07,806,4190,7090,322,0.6363636363636364,0.16132906325060048,0.7145390070921985,0.37145390070921985,0.6285460992907801
7412,YPR003C YBR035C,0.0,NA,1.9051647370815772e-07,806,4189,7091,322,0.6364442295293359,0.16136136136136137,0.7145390070921985,0.37136524822695033,0.6286347517730496
7413,YML127W YBR228W,0.0,NA,1.9082014546256687e-07,806,4188,7092,322,0.6365248226950354,0.16139367240688826,0.7145390070921985,0.37127659574468086,0.6287234042553191
7414,YNL103W YDR162C,0.0,NA,1.9125376127249183e-07,806,4187,7093,322,0.636605415860735,0.16142599639495295,0.7145390070921985,0.37118794326241134,0.6288120567375887
7415,YKL061W YKL139W,0.0,NA,1.9330714451371023e-07,806,4186,7094,322,0.6366860090264346,0.16145833333333334,0.7145390070921985,0.37109929078014187,0.6289007092198582
7416,YGR134W YNL125C,0.0,NA,1.9360602721008036e-07,806,4185,7095,322,0.6367666021921341,0.16149068322981366,0.7145390070921985,0.37101063829787234,0.6289893617021277
7417,YDR013W YPL200W,0.0,NA,1.9384840754810284e-07,806,4184,7096,322,0.6368471953578336,0.16152304609218437,0.7145390070921985,0.3709219858156028,0.6290780141843971
7418,YPL250C YPR121W,0.0,NA,1.9401487350023672e-07,806,4183,7097,322,0.6369277885235332,0.16155542192824213,0.7145390070921985,0.37083333333333335,0.6291666666666667
7419,YDR234W YDL150W,0.0,NA,1.9495429626203986e-07,806,4182,7098,322,0.6370083816892328,0.1615878107457899,0.7145390070921985,0.3707446808510638,0.6292553191489362
7420,YNL326C YBL020W,0.0,NA,1.9534158468559326e-07,806,4181,7099,322,0.6370889748549323,0.16162021255263687,0.7145390070921985,0.3706560283687943,0.6293439716312057
7421,YOR022C YER061C,0.0,NA,1.9565312925351463e-07,806,4180,7100,322,0.6371695680206318,0.16165262735659847,0.7145390070921985,0.37056737588652483,0.6294326241134752
7422,YPL274W YOR101W,0.0,NA,1.961983571163728e-07,806,4179,7101,322,0.6372501611863314,0.1616850551654965,0.7145390070921985,0.3704787234042553,0.6295212765957446
7423,YFR052W YJL172W,1.0,NA,1.9627977110303618e-07,805,4179,7101,323,0.6371695680206318,0.16151685393258428,0.7136524822695035,0.3704787234042553,0.6295212765957446
7424,YDR460W YLR298C,0.0,NA,1.9648034310648654e-07,805,4178,7102,323,0.6372501611863314,0.1615492675095324,0.7136524822695035,0.37039007092198584,0.6296099290780142
7425,YIL173W YGR213C,0.0,NA,1.9672557982630678e-07,805,4177,7103,323,0.6373307543520309,0.16158169409875553,0.7136524822695035,0.3703014184397163,0.6296985815602837
7426,YGR278W YBR173C,0.0,NA,1.9689281316459528e-07,805,4176,7104,323,0.6374113475177305,0.16161413370809075,0.7136524822695035,0.3702127659574468,0.6297872340425532
7427,YAR018C YDR362C,0.0,NA,1.9710286380814068e-07,805,4175,7105,323,0.6374919406834301,0.16164658634538154,0.7136524822695035,0.3701241134751773,0.6298758865248227
7428,YNL072W YBR283C,0.0,NA,1.974618442091014e-07,805,4174,7106,323,0.6375725338491296,0.1616790520184776,0.7136524822695035,0.3700354609929078,0.6299645390070922
7429,YBR193C YER164W,0.0,NA,1.978603449970251e-07,805,4173,7107,323,0.6376531270148291,0.16171153073523503,0.7136524822695035,0.3699468085106383,0.6300531914893617
7430,YIL138C YNL156C,0.0,NA,1.9807632156698673e-07,805,4172,7108,323,0.6377337201805287,0.1617440225035162,0.7136524822695035,0.3698581560283688,0.6301418439716312
7431,YGR156W YGR216C,0.0,NA,1.981188262334399e-07,805,4171,7109,323,0.6378143133462283,0.16177652733118972,0.7136524822695035,0.3697695035460993,0.6302304964539007
7432,YNL068C YOL017W,0.0,NA,1.9827628250368434e-07,805,4170,7110,323,0.6378949065119278,0.16180904522613065,0.7136524822695035,0.3696808510638298,0.6303191489361702
7433,YKR104W YGL247W,0.0,NA,1.984255391107581e-07,805,4169,7111,323,0.6379754996776273,0.16184157619622033,0.7136524822695035,0.3695921985815603,0.6304078014184397
7434,YLR307W YIL147C,0.0,NA,1.9877913359778177e-07,805,4168,7112,323,0.6380560928433269,0.16187412024934647,0.7136524822695035,0.36950354609929076,0.6304964539007092
7435,YBR204C YML128C,0.0,NA,1.9919357896469592e-07,805,4167,7113,323,0.6381366860090264,0.16190667739340306,0.7136524822695035,0.3694148936170213,0.6305851063829787
7436,YJR074W YML107C,0.0,NA,1.9966680042671214e-07,805,4166,7114,323,0.638217279174726,0.16193924763629047,0.7136524822695035,0.36932624113475176,0.6306737588652482
7437,YNL274C YMR196W,0.0,NA,2.0070515915904252e-07,805,4165,7115,323,0.6382978723404256,0.1619718309859155,0.7136524822695035,0.3692375886524823,0.6307624113475178
7438,YBL019W YIL103W,0.0,NA,2.0086964980237099e-07,805,4164,7116,323,0.6383784655061251,0.1620044274501912,0.7136524822695035,0.36914893617021277,0.6308510638297873
7439,YGR224W YOL067C,0.0,NA,2.0123164290453133e-07,805,4163,7117,323,0.6384590586718246,0.16203703703703703,0.7136524822695035,0.36906028368794325,0.6309397163120567
7440,YLL036C YJL019W,0.0,NA,2.0165390424153884e-07,805,4162,7118,323,0.6385396518375241,0.1620696597543789,0.7136524822695035,0.3689716312056738,0.6310283687943262
7441,YDR057W YOR337W,0.0,NA,2.0212561935295525e-07,805,4161,7119,323,0.6386202450032237,0.16210229561014902,0.7136524822695035,0.36888297872340425,0.6311170212765957
7442,YHR064C YJR122W,0.0,NA,2.0261911970465007e-07,805,4160,7120,323,0.6387008381689233,0.162134944612286,0.7136524822695035,0.36879432624113473,0.6312056737588653
7443,YPR174C YGR216C,0.0,NA,2.0263939859432867e-07,805,4159,7121,323,0.6387814313346228,0.1621676067687349,0.7136524822695035,0.36870567375886526,0.6312943262411348
7444,YKL014C YNL127W,0.0,NA,2.0310064030581998e-07,805,4158,7122,323,0.6388620245003224,0.1622002820874471,0.7136524822695035,0.36861702127659574,0.6313829787234042
7445,YDL104C YFR052W,1.0,NA,2.0372722531192267e-07,804,4158,7122,324,0.6387814313346228,0.16203143893591293,0.7127659574468085,0.36861702127659574,0.6313829787234042
7446,YDR038C YNL204C,0.0,NA,2.040175104411901e-07,804,4157,7123,324,0.6388620245003224,0.16206409997984278,0.7127659574468085,0.36852836879432627,0.6314716312056737
7447,YDL035C YJR118C,0.0,NA,2.043460085587867e-07,804,4156,7124,324,0.6389426176660219,0.1620967741935484,0.7127659574468085,0.36843971631205674,0.6315602836879433
7448,YPL048W YPR129W,0.0,NA,2.0502491793195077e-07,804,4155,7125,324,0.6390232108317214,0.16212946158499697,0.7127659574468085,0.3683510638297872,0.6316489361702128
7449,YOR065W YKR027W,0.0,NA,2.0516223742106376e-07,804,4154,7126,324,0.6391038039974211,0.16216216216216217,0.7127659574468085,0.36826241134751775,0.6317375886524823
7450,YPL239W YGR132C,0.0,NA,2.061110109252695e-07,804,4153,7127,324,0.6391843971631206,0.162194875933024,0.7127659574468085,0.3681737588652482,0.6318262411347517
7451,YMR012W YIL088C,0.0,NA,2.0718151461096568e-07,804,4152,7128,324,0.6392649903288201,0.162227602905569,0.7127659574468085,0.3680851063829787,0.6319148936170212
7452,YML081C-A YMR184W,0.0,NA,2.08250014566147e-07,804,4151,7129,324,0.6393455834945196,0.1622603430877901,0.7127659574468085,0.36799645390070923,0.6320035460992908
7453,YBR273C YLR090W,0.0,NA,2.1001028471800964e-07,804,4150,7130,324,0.6394261766602192,0.16229309648768672,0.7127659574468085,0.3679078014184397,0.6320921985815603
7454,YER174C YHR063C,0.0,NA,2.1043008757715143e-07,804,4149,7131,324,0.6395067698259188,0.1623258631132647,0.7127659574468085,0.36781914893617024,0.6321808510638298
7455,YOL144W YLL005C,0.0,NA,2.1052986198810686e-07,804,4148,7132,324,0.6395873629916183,0.16235864297253635,0.7127659574468085,0.3677304964539007,0.6322695035460993
7456,YNL326C YEL072W,0.0,NA,2.108424865809866e-07,804,4147,7133,324,0.6396679561573179,0.1623914360735205,0.7127659574468085,0.3676418439716312,0.6323581560283688
7457,YGL248W YBR183W,0.0,NA,2.109297980723568e-07,804,4146,7134,324,0.6397485493230174,0.16242424242424242,0.7127659574468085,0.3675531914893617,0.6324468085106383
7458,YPL115C YLL015W,0.0,NA,2.119581949955318e-07,804,4145,7135,324,0.6398291424887169,0.16245706203273388,0.7127659574468085,0.3674645390070922,0.6325354609929078
7459,YPL094C YOR258W,0.0,NA,2.1228447621979285e-07,804,4144,7136,324,0.6399097356544166,0.16248989490703314,0.7127659574468085,0.36737588652482267,0.6326241134751773
7460,YOR075W YLR438C-A,0.0,NA,2.1239362979486032e-07,804,4143,7137,324,0.6399903288201161,0.16252274105518497,0.7127659574468085,0.3672872340425532,0.6327127659574469
7461,YDL244W YLR431C,0.0,NA,2.131226608526049e-07,804,4142,7138,324,0.6400709219858156,0.1625556004852406,0.7127659574468085,0.3671985815602837,0.6328014184397163
7462,YFR006W YBL067C,1.0,NA,2.1315560161383473e-07,803,4142,7138,325,0.6399903288201161,0.16238624873609706,0.7118794326241135,0.3671985815602837,0.6328014184397163
7463,YOL090W YLR223C,0.0,NA,2.1421242024644016e-07,803,4141,7139,325,0.6400709219858156,0.16241909385113268,0.7118794326241135,0.3671099290780142,0.6328900709219858
7464,YLR157C YGL196W,0.0,NA,2.148175610727776e-07,803,4140,7140,325,0.6401515151515151,0.16245195225571515,0.7118794326241135,0.3670212765957447,0.6329787234042553
7465,YMR240C YMR184W,0.0,NA,2.1498705393696582e-07,803,4139,7141,325,0.6402321083172147,0.16248482395791178,0.7118794326241135,0.36693262411347516,0.6330673758865248
7466,YCR027C YIL009C-A,0.0,NA,2.1518498272143916e-07,803,4138,7142,325,0.6403127014829143,0.1625177089657964,0.7118794326241135,0.3668439716312057,0.6331560283687944
7467,YNL064C YFR016C,0.0,NA,2.1614074796616478e-07,803,4137,7143,325,0.6403932946486138,0.16255060728744938,0.7118794326241135,0.36675531914893617,0.6332446808510638
7468,YGL035C YGR006W,0.0,NA,2.1690539142582566e-07,803,4136,7144,325,0.6404738878143134,0.16258351893095768,0.7118794326241135,0.36666666666666664,0.6333333333333333
7469,YPR194C YJR094W-A,0.0,NA,2.1737670863331005e-07,803,4135,7145,325,0.6405544809800129,0.16261644390441474,0.7118794326241135,0.36657801418439717,0.6334219858156028
7470,YER110C YCR034W,0.0,NA,2.177543336756571e-07,803,4134,7146,325,0.6406350741457124,0.1626493822159206,0.7118794326241135,0.36648936170212765,0.6335106382978724
7471,YDR027C YPR035W,0.0,NA,2.1879388611978356e-07,803,4133,7147,325,0.6407156673114119,0.16268233387358186,0.7118794326241135,0.3664007092198582,0.6335992907801419
7472,YKL135C YIR003W,0.0,NA,2.1879888834064332e-07,803,4132,7148,325,0.6407962604771116,0.16271529888551164,0.7118794326241135,0.36631205673758865,0.6336879432624114
7473,YML055W YDR331W,1.0,NA,2.188114081036474e-07,802,4132,7148,326,0.6407156673114119,0.16254560194568302,0.7109929078014184,0.36631205673758865,0.6336879432624114
7474,YMR246W YPL240C,0.0,NA,2.1890743084895803e-07,802,4131,7149,326,0.6407962604771116,0.16257855260490572,0.7109929078014184,0.36622340425531913,0.6337765957446808
7475,YBR181C YLR131C,0.0,NA,2.1899951718751254e-07,802,4130,7150,326,0.6408768536428111,0.16261151662611517,0.7109929078014184,0.36613475177304966,0.6338652482269503
7476,YLR274W YMR122W-A,0.0,NA,2.1918735626513808e-07,802,4129,7151,326,0.6409574468085106,0.1626444940174407,0.7109929078014184,0.36604609929078014,0.6339539007092199
7477,YAL048C YDR520C,0.0,NA,2.1951767337213823e-07,802,4128,7152,326,0.6410380399742102,0.16267748478701827,0.7109929078014184,0.3659574468085106,0.6340425531914894
7478,YJR135W-A YML021C,0.0,NA,2.206443525665236e-07,802,4127,7153,326,0.6411186331399097,0.16271048894299048,0.7109929078014184,0.36586879432624114,0.6341312056737589
7479,YGR089W YLR262C,0.0,NA,2.2159348134209722e-07,802,4126,7154,326,0.6411992263056093,0.1627435064935065,0.7109929078014184,0.3657801418439716,0.6342198581560283
7480,YDR098C YOR213C,0.0,NA,2.21647582065998e-07,802,4125,7155,326,0.6412798194713089,0.16277653744672213,0.7109929078014184,0.36569148936170215,0.6343085106382979
7481,YJL063C YNL122C,0.0,NA,2.22649234160599e-07,802,4124,7156,326,0.6413604126370084,0.16280958181079982,0.7109929078014184,0.3656028368794326,0.6343971631205674
7482,YDR283C YDR281C,0.0,NA,2.2315303738196235e-07,802,4123,7157,326,0.6414410058027079,0.16284263959390863,0.7109929078014184,0.3655141843971631,0.6344858156028369
7483,YPL218W YHR002W,0.0,NA,2.233657596661942e-07,802,4122,7158,326,0.6415215989684074,0.1628757108042242,0.7109929078014184,0.36542553191489363,0.6345744680851064
7484,YAL061W YBR126W-A,0.0,NA,2.2350936035309132e-07,802,4121,7159,326,0.6416021921341071,0.1629087954499289,0.7109929078014184,0.3653368794326241,0.6346631205673758
7485,YKL052C YLR113W,0.0,NA,2.235174747511337e-07,802,4120,7160,326,0.6416827852998066,0.1629418935392117,0.7109929078014184,0.36524822695035464,0.6347517730496454
7486,YDR323C YNL327W,0.0,NA,2.2355648354732693e-07,802,4119,7161,326,0.6417633784655061,0.16297500508026824,0.7109929078014184,0.3651595744680851,0.6348404255319149
7487,YJL066C YIL169C,0.0,NA,2.240012406673486e-07,802,4118,7162,326,0.6418439716312057,0.1630081300813008,0.7109929078014184,0.3650709219858156,0.6349290780141844
7488,YDR315C YJL019W,0.0,NA,2.2415937905861938e-07,802,4117,7163,326,0.6419245647969052,0.1630412685505184,0.7109929078014184,0.3649822695035461,0.6350177304964539
7489,YOR194C YHL037C,0.0,NA,2.2455242287833244e-07,802,4116,7164,326,0.6420051579626048,0.16307442049613663,0.7109929078014184,0.3648936170212766,0.6351063829787233
7490,YDR354W YOR242C,0.0,NA,2.2467322935426637e-07,802,4115,7165,326,0.6420857511283043,0.16310758592637786,0.7109929078014184,0.36480496453900707,0.6351950354609929
7491,YBR132C YBL019W,0.0,NA,2.270107302138058e-07,802,4114,7166,326,0.6421663442940039,0.16314076484947113,0.7109929078014184,0.3647163120567376,0.6352836879432624
7492,YML075C YBR283C,0.0,NA,2.270943042503859e-07,802,4113,7167,326,0.6422469374597034,0.16317395727365208,0.7109929078014184,0.3646276595744681,0.6353723404255319
7493,YBL097W YOR283W,0.0,NA,2.2815953570898273e-07,802,4112,7168,326,0.6423275306254029,0.16320716320716322,0.7109929078014184,0.3645390070921986,0.6354609929078014
7494,YOL153C YMR015C,0.0,NA,2.2819544653884805e-07,802,4111,7169,326,0.6424081237911026,0.1632403826582536,0.7109929078014184,0.3644503546099291,0.635549645390071
7495,YNL044W YNL004W,0.0,NA,2.2849008018965833e-07,802,4110,7170,326,0.6424887169568021,0.16327361563517914,0.7109929078014184,0.36436170212765956,0.6356382978723404
7496,YMR300C YKL209C,0.0,NA,2.2859600790070544e-07,802,4109,7171,326,0.6425693101225016,0.1633068621462024,0.7109929078014184,0.3642730496453901,0.6357269503546099
7497,YPL094C YLR431C,0.0,NA,2.286782176952329e-07,802,4108,7172,326,0.6426499032882012,0.16334012219959268,0.7109929078014184,0.36418439716312057,0.6358156028368794
7498,YNL262W YGL196W,0.0,NA,2.2912331587576773e-07,802,4107,7173,326,0.6427304964539007,0.163373395803626,0.7109929078014184,0.36409574468085104,0.635904255319149
7499,YBR222C YDL223C,0.0,NA,2.2941870270187792e-07,802,4106,7174,326,0.6428110896196002,0.16340668296658517,0.7109929078014184,0.36400709219858157,0.6359929078014185
7500,YMR032W YLR448W,0.0,NA,2.299970418562225e-07,802,4105,7175,326,0.6428916827852998,0.16343998369675974,0.7109929078014184,0.36391843971631205,0.6360815602836879
7501,YBR302C YIL009C-A,0.0,NA,2.3068218979460653e-07,802,4104,7176,326,0.6429722759509994,0.16347329800244598,0.7109929078014184,0.3638297872340426,0.6361702127659574
7502,YER025W YPL040C,0.0,NA,2.3072971089277416e-07,802,4103,7177,326,0.6430528691166989,0.163506625891947,0.7109929078014184,0.36374113475177305,0.636258865248227
7503,YDR011W YMR101C,0.0,NA,2.3109923574793356e-07,802,4102,7178,326,0.6431334622823984,0.1635399673735726,0.7109929078014184,0.36365248226950353,0.6363475177304965
7504,YKL209C YDR007W,0.0,NA,2.3121542369608505e-07,802,4101,7179,326,0.643214055448098,0.1635733224556394,0.7109929078014184,0.36356382978723406,0.636436170212766
7505,YNL191W YDR331W,1.0,NA,2.3202296972613112e-07,801,4101,7179,327,0.6431334622823984,0.16340269277845776,0.7101063829787234,0.36356382978723406,0.636436170212766
7506,YGR103W YKL108W,0.0,NA,2.3290910178275226e-07,801,4100,7180,327,0.643214055448098,0.16343603346255867,0.7101063829787234,0.36347517730496454,0.6365248226950354
7507,YMR196W YJR161C,0.0,NA,2.3303798002416443e-07,801,4099,7181,327,0.6432946486137976,0.16346938775510203,0.7101063829787234,0.363386524822695,0.6366134751773049
7508,YHR059W YMR123W,0.0,NA,2.3350560240942286e-07,801,4098,7182,327,0.6433752417794971,0.16350275566442132,0.7101063829787234,0.36329787234042554,0.6367021276595745
7509,YPL115C YLR261C,0.0,NA,2.3369962320884952e-07,801,4097,7183,327,0.6434558349451966,0.16353613719885668,0.7101063829787234,0.363209219858156,0.636790780141844
7510,YJL225C YGL083W,0.0,NA,2.3380171398912353e-07,801,4096,7184,327,0.6435364281108962,0.16356953236675514,0.7101063829787234,0.36312056737588655,0.6368794326241135
7511,YDL176W YBL057C,0.0,NA,2.3453152664387744e-07,801,4095,7185,327,0.6436170212765957,0.1636029411764706,0.7101063829787234,0.363031914893617,0.636968085106383
7512,YDL241W YDL035C,0.0,NA,2.353639274588204e-07,801,4094,7186,327,0.6436976144422953,0.16363636363636364,0.7101063829787234,0.3629432624113475,0.6370567375886524
7513,YDR096W YDR192C,0.0,NA,2.366899423122959e-07,801,4093,7187,327,0.6437782076079949,0.1636697997548018,0.7101063829787234,0.36285460992907803,0.637145390070922
7514,YPL063W YKL196C,0.0,NA,2.3691079320542485e-07,801,4092,7188,327,0.6438588007736944,0.1637032495401594,0.7101063829787234,0.3627659574468085,0.6372340425531915
7515,YPL215W YKL168C,0.0,NA,2.3751775302116584e-07,801,4091,7189,327,0.6439393939393939,0.16373671300081766,0.7101063829787234,0.362677304964539,0.637322695035461
7516,YGR249W YFL033C,0.0,NA,2.3785868563663826e-07,801,4090,7190,327,0.6440199871050934,0.16377019014516458,0.7101063829787234,0.3625886524822695,0.6374113475177305
7517,YKR063C YOL132W,0.0,NA,2.393849740656151e-07,801,4089,7191,327,0.6441005802707931,0.1638036809815951,0.7101063829787234,0.3625,0.6375
7518,YIL051C YIR018W,0.0,NA,2.3941512949932076e-07,801,4088,7192,327,0.6441811734364926,0.16383718551851095,0.7101063829787234,0.3624113475177305,0.6375886524822695
7519,YHR176W YKL101W,0.0,NA,2.399360425897612e-07,801,4087,7193,327,0.6442617666021921,0.16387070376432078,0.7101063829787234,0.362322695035461,0.637677304964539
7520,YOR355W YBL075C,0.0,NA,2.421282658815471e-07,801,4086,7194,327,0.6443423597678917,0.16390423572744015,0.7101063829787234,0.36223404255319147,0.6377659574468085
7521,YHL012W YNL148C,0.0,NA,2.4216382144004456e-07,801,4085,7195,327,0.6444229529335912,0.16393778141629145,0.7101063829787234,0.362145390070922,0.637854609929078
7522,YCL047C YNR032W,0.0,NA,2.4278864430016256e-07,801,4084,7196,327,0.6445035460992907,0.16397134083930398,0.7101063829787234,0.3620567375886525,0.6379432624113475
7523,YHR200W YER094C,1.0,NA,2.4296653577948746e-07,800,4084,7196,328,0.6444229529335912,0.1638001638001638,0.7092198581560284,0.3620567375886525,0.6379432624113475
7524,YKL127W YIL009C-A,0.0,NA,2.429885341825866e-07,800,4083,7197,328,0.6445035460992907,0.16383370878558262,0.7092198581560284,0.36196808510638295,0.638031914893617
7525,YDR137W YKR035W-A,0.0,NA,2.4328417680408165e-07,800,4082,7198,328,0.6445841392649904,0.1638672675133142,0.7092198581560284,0.3618794326241135,0.6381205673758865
7526,YDR447C YDR332W,0.0,NA,2.4346289251298003e-07,800,4081,7199,328,0.6446647324306899,0.16390083999180496,0.7092198581560284,0.36179078014184396,0.638209219858156
7527,YDR197W YGR089W,0.0,NA,2.4382234187214635e-07,800,4080,7200,328,0.6447453255963894,0.16393442622950818,0.7092198581560284,0.3617021276595745,0.6382978723404256
7528,YMR262W YNL088W,0.0,NA,2.443136963847792e-07,800,4079,7201,328,0.644825918762089,0.16396802623488418,0.7092198581560284,0.36161347517730497,0.6383865248226951
7529,YOR288C YAL042W,0.0,NA,2.4469190407216956e-07,800,4078,7202,328,0.6449065119277885,0.16400164001640016,0.7092198581560284,0.36152482269503544,0.6384751773049645
7530,YIL042C YHR117W,0.0,NA,2.452465537317039e-07,800,4077,7203,328,0.6449871050934881,0.16403526758253023,0.7092198581560284,0.361436170212766,0.638563829787234
7531,YOR254C YKR056W,0.0,NA,2.46103098788808e-07,800,4076,7204,328,0.6450676982591876,0.16406890894175555,0.7092198581560284,0.36134751773049645,0.6386524822695036
7532,YCR084C YKL096W,0.0,NA,2.463586099565873e-07,800,4075,7205,328,0.6451482914248872,0.1641025641025641,0.7092198581560284,0.3612588652482269,0.6387411347517731
7533,YBL079W YDR335W,0.0,NA,2.4873733650565555e-07,800,4074,7206,328,0.6452288845905867,0.16413623307345096,0.7092198581560284,0.36117021276595745,0.6388297872340426
7534,YBL067C YJL172W,1.0,NA,2.495563649063115e-07,799,4074,7206,329,0.6451482914248872,0.16396470346808947,0.7083333333333334,0.36117021276595745,0.6388297872340426
7535,YPR007C YJL178C,0.0,NA,2.5016541371769563e-07,799,4073,7207,329,0.6452288845905867,0.1639983579638752,0.7083333333333334,0.36108156028368793,0.638918439716312
7536,YGL005C YDR036C,0.0,NA,2.5053020635823486e-07,799,4072,7208,329,0.6453094777562862,0.16403202627797167,0.7083333333333334,0.36099290780141846,0.6390070921985815
7537,YNR073C YPL042C,0.0,NA,2.507216834146675e-07,799,4071,7209,329,0.6453900709219859,0.16406570841889118,0.7083333333333334,0.36090425531914894,0.6390957446808511
7538,YBL030C YIR014W,0.0,NA,2.514356935989781e-07,799,4070,7210,329,0.6454706640876854,0.164099404395153,0.7083333333333334,0.3608156028368794,0.6391843971631206
7539,YMR284W YLR337C,0.0,NA,2.522725139897375e-07,799,4069,7211,329,0.6455512572533849,0.16413311421528348,0.7083333333333334,0.36072695035460994,0.6392730496453901
7540,YLR144C YPL175W,0.0,NA,2.533830638640211e-07,799,4068,7212,329,0.6456318504190844,0.16416683788781591,0.7083333333333334,0.3606382978723404,0.6393617021276595
7541,YJR131W YBL019W,0.0,NA,2.5361129019074724e-07,799,4067,7213,329,0.645712443584784,0.1642005754212906,0.7083333333333334,0.36054964539007095,0.639450354609929
7542,YKL171W YML114C,0.0,NA,2.537332193242037e-07,799,4066,7214,329,0.6457930367504836,0.16423432682425487,0.7083333333333334,0.3604609929078014,0.6395390070921986
7543,YBR023C YBR041W,0.0,NA,2.537414616199385e-07,799,4065,7215,329,0.6458736299161831,0.16426809210526316,0.7083333333333334,0.3603723404255319,0.6396276595744681
7544,YDR364C YOR064C,0.0,NA,2.5402232495252974e-07,799,4064,7216,329,0.6459542230818827,0.16430187127287682,0.7083333333333334,0.36028368794326243,0.6397163120567376
7545,YJR144W YOR272W,0.0,NA,2.5469958586654684e-07,799,4063,7217,329,0.6460348162475822,0.16433566433566432,0.7083333333333334,0.3601950354609929,0.639804964539007
7546,YHL031C YKL220C,0.0,NA,2.5519923951833334e-07,799,4062,7218,329,0.6461154094132817,0.1643694713022012,0.7083333333333334,0.3601063829787234,0.6398936170212766
7547,YLR206W YMR184W,0.0,NA,2.557091249855148e-07,799,4061,7219,329,0.6461960025789814,0.16440329218106997,0.7083333333333334,0.3600177304964539,0.6399822695035461
7548,YLL042C YLR091W,0.0,NA,2.561179428539617e-07,799,4060,7220,329,0.6462765957446809,0.16443712698086027,0.7083333333333334,0.3599290780141844,0.6400709219858156
7549,YGR037C YOR022C,0.0,NA,2.5690368943287467e-07,799,4059,7221,329,0.6463571889103804,0.1644709757101688,0.7083333333333334,0.3598404255319149,0.6401595744680851
7550,YKL093W YER087C-A,0.0,NA,2.583259117727721e-07,799,4058,7222,329,0.6464377820760799,0.16450483837759936,0.7083333333333334,0.3597517730496454,0.6402482269503547
7551,YLR045C YBL008W,0.0,NA,2.586621690170432e-07,799,4057,7223,329,0.6465183752417795,0.16453871499176276,0.7083333333333334,0.35966312056737587,0.6403368794326241
7552,YML057W YNR051C,0.0,NA,2.5947502990675275e-07,799,4056,7224,329,0.646598968407479,0.16457260556127704,0.7083333333333334,0.3595744680851064,0.6404255319148936
7553,YOR294W YCR040W,0.0,NA,2.5958291871575057e-07,799,4055,7225,329,0.6466795615731786,0.1646065100947672,0.7083333333333334,0.3594858156028369,0.6405141843971631
7554,YKL112W YKL220C,0.0,NA,2.596894148609863e-07,799,4054,7226,329,0.6467601547388782,0.16464042860086545,0.7083333333333334,0.35939716312056735,0.6406028368794326
7555,YOR291W YCL024W,0.0,NA,2.6157047727792815e-07,799,4053,7227,329,0.6468407479045777,0.16467436108821104,0.7083333333333334,0.3593085106382979,0.6406914893617022
7556,YOR193W YDR217C,0.0,NA,2.6173717060373747e-07,799,4052,7228,329,0.6469213410702772,0.16470830756545043,0.7083333333333334,0.35921985815602836,0.6407801418439716
7557,YGR013W YMR004W,0.0,NA,2.620196255520568e-07,799,4051,7229,329,0.6470019342359767,0.16474226804123712,0.7083333333333334,0.3591312056737589,0.6408687943262411
7558,YDL015C YLL021W,0.0,NA,2.625396291477955e-07,799,4050,7230,329,0.6470825274016764,0.16477624252423181,0.7083333333333334,0.35904255319148937,0.6409574468085106
7559,YKL017C YJR084W,0.0,NA,2.627254787057609e-07,799,4049,7231,329,0.6471631205673759,0.1648102310231023,0.7083333333333334,0.35895390070921984,0.6410460992907802
7560,YCL024W YEL031W,0.0,NA,2.630255551139271e-07,799,4048,7232,329,0.6472437137330754,0.1648442335465236,0.7083333333333334,0.3588652482269504,0.6411347517730497
7561,YBR083W YMR158W,0.0,NA,2.6358452487329487e-07,799,4047,7233,329,0.647324306898775,0.1648782501031779,0.7083333333333334,0.35877659574468085,0.6412234042553191
7562,YDR013W YDR532C,0.0,NA,2.6403310471323493e-07,799,4046,7234,329,0.6474049000644745,0.1649122807017544,0.7083333333333334,0.3586879432624113,0.6413120567375886
7563,YBR248C YDR207C,0.0,NA,2.647454095949797e-07,799,4045,7235,329,0.6474854932301741,0.16494632535094964,0.7083333333333334,0.35859929078014185,0.6414007092198581
7564,YDR034C YNL107W,0.0,NA,2.664884277692181e-07,799,4044,7236,329,0.6475660863958737,0.16498038405946727,0.7083333333333334,0.35851063829787233,0.6414893617021277
7565,YLR375W YPR035W,0.0,NA,2.6666438657230174e-07,799,4043,7237,329,0.6476466795615732,0.16501445683601818,0.7083333333333334,0.35842198581560286,0.6415780141843972
7566,YPL130W YPL099C,0.0,NA,2.673883727766224e-07,799,4042,7238,329,0.6477272727272727,0.1650485436893204,0.7083333333333334,0.35833333333333334,0.6416666666666667
7567,YML091C YNR065C,0.0,NA,2.6802050001606403e-07,799,4041,7239,329,0.6478078658929722,0.16508264462809918,0.7083333333333334,0.3582446808510638,0.6417553191489361
7568,YER025W YBR115C,0.0,NA,2.6828311661120097e-07,799,4040,7240,329,0.6478884590586719,0.165116759661087,0.7083333333333334,0.35815602836879434,0.6418439716312057
7569,YOR307C YCR065W,0.0,NA,2.683578372852935e-07,799,4039,7241,329,0.6479690522243714,0.16515088879702355,0.7083333333333334,0.3580673758865248,0.6419326241134752
7570,YKL069W YNL146W,0.0,NA,2.686062146040058e-07,799,4038,7242,329,0.6480496453900709,0.1651850320446558,0.7083333333333334,0.3579787234042553,0.6420212765957447
7571,YDL244W YKL007W,0.0,NA,2.6965699362335727e-07,799,4037,7243,329,0.6481302385557705,0.1652191894127378,0.7083333333333334,0.3578900709219858,0.6421099290780142
7572,YGR134W YCL029C,0.0,NA,2.720789780141786e-07,799,4036,7244,329,0.64821083172147,0.165253360910031,0.7083333333333334,0.3578014184397163,0.6421985815602836
7573,YKL002W YFL046W,0.0,NA,2.724866590142483e-07,799,4035,7245,329,0.6482914248871696,0.1652875465453041,0.7083333333333334,0.35771276595744683,0.6422872340425532
7574,YDL176W YNL310C,0.0,NA,2.725776084844256e-07,799,4034,7246,329,0.6483720180528691,0.16532174632733293,0.7083333333333334,0.3576241134751773,0.6423758865248227
7575,YML114C YJR098C,0.0,NA,2.7426835913502146e-07,799,4033,7247,329,0.6484526112185687,0.16535596026490065,0.7083333333333334,0.3575354609929078,0.6424645390070922
7576,YIL108W YGR098C,1.0,NA,2.749295902049198e-07,798,4033,7247,330,0.6483720180528691,0.16518319188573793,0.7074468085106383,0.3575354609929078,0.6424645390070922
7577,YGR249W YML004C,0.0,NA,2.758738162356167e-07,798,4032,7248,330,0.6484526112185687,0.16521739130434782,0.7074468085106383,0.3574468085106383,0.6425531914893617
7578,YDL076C YGL257C,0.0,NA,2.759585413514287e-07,798,4031,7249,330,0.6485332043842682,0.1652516048871402,0.7074468085106383,0.3573581560283688,0.6426418439716312
7579,YGR098C YNL191W,1.0,NA,2.7666632718137407e-07,797,4031,7249,331,0.6484526112185687,0.16507870753935378,0.7065602836879432,0.3573581560283688,0.6426418439716312
7580,YJL099W YFR039C,0.0,NA,2.773013534351776e-07,797,4030,7250,331,0.6485332043842682,0.16511290656722602,0.7065602836879432,0.35726950354609927,0.6427304964539007
7581,YNL240C YJL019W,0.0,NA,2.7884581754733517e-07,797,4029,7251,331,0.6486137975499677,0.16514711976792373,0.7065602836879432,0.3571808510638298,0.6428191489361702
7582,YJL210W YOR047C,0.0,NA,2.7945145575358765e-07,797,4028,7252,331,0.6486943907156673,0.16518134715025906,0.7065602836879432,0.35709219858156027,0.6429078014184397
7583,YLR375W YDR517W,0.0,NA,2.798571188122878e-07,797,4027,7253,331,0.6487749838813669,0.16521558872305142,0.7065602836879432,0.3570035460992908,0.6429964539007093
7584,YGL002W YHR094C,0.0,NA,2.799590959057241e-07,797,4026,7254,331,0.6488555770470664,0.1652498444951275,0.7065602836879432,0.3569148936170213,0.6430851063829788
7585,YML055W YPR024W,1.0,NA,2.80104103467238e-07,796,4026,7254,332,0.6487749838813669,0.16507673164661965,0.7056737588652482,0.3569148936170213,0.6430851063829788
7586,YLR355C YGL216W,0.0,NA,2.8157234055470326e-07,796,4025,7255,332,0.6488555770470664,0.16511097282721426,0.7056737588652482,0.35682624113475175,0.6431737588652482
7587,YML124C YER177W,0.0,NA,2.820706299644371e-07,796,4024,7256,332,0.648936170212766,0.16514522821576763,0.7056737588652482,0.3567375886524823,0.6432624113475177
7588,YOL113W YIR006C,0.0,NA,2.825277647389157e-07,796,4023,7257,332,0.6490167633784655,0.1651794978211247,0.7056737588652482,0.35664893617021276,0.6433510638297872
7589,YPL183C YMR158W,0.0,NA,2.8364434001559857e-07,796,4022,7258,332,0.649097356544165,0.16521378165213782,0.7056737588652482,0.35656028368794324,0.6434397163120568
7590,YDR027C YLR284C,0.0,NA,2.8555757580761565e-07,796,4021,7259,332,0.6491779497098646,0.16524807971766658,0.7056737588652482,0.35647163120567377,0.6435283687943263
7591,YGR224W YHL006C,0.0,NA,2.857815104562178e-07,796,4020,7260,332,0.6492585428755642,0.16528239202657807,0.7056737588652482,0.35638297872340424,0.6436170212765957
7592,YDR379W YML127W,0.0,NA,2.868018214030599e-07,796,4019,7261,332,0.6493391360412637,0.16531671858774663,0.7056737588652482,0.3562943262411348,0.6437056737588652
7593,YLR144C YIR012W,0.0,NA,2.8699989229608036e-07,796,4018,7262,332,0.6494197292069632,0.165351059410054,0.7056737588652482,0.35620567375886525,0.6437943262411348
7594,YJR026W YDL180W,0.0,NA,2.8727893663926807e-07,796,4017,7263,332,0.6495003223726628,0.16538541450238936,0.7056737588652482,0.3561170212765957,0.6438829787234043
7595,YOR226C YAL054C,0.0,NA,2.8742061886077863e-07,796,4016,7264,332,0.6495809155383624,0.16541978387364922,0.7056737588652482,0.35602836879432626,0.6439716312056738
7596,YDR099W YHL011C,0.0,NA,2.874252800211252e-07,796,4015,7265,332,0.6496615087040619,0.16545416753273748,0.7056737588652482,0.35593971631205673,0.6440602836879432
7597,YKL219W YHR073W,0.0,NA,2.877889926367061e-07,796,4014,7266,332,0.6497421018697614,0.1654885654885655,0.7056737588652482,0.3558510638297872,0.6441489361702127
7598,YBR296C YDR192C,0.0,NA,2.909440297571564e-07,796,4013,7267,332,0.649822695035461,0.16552297775005198,0.7056737588652482,0.35576241134751774,0.6442375886524823
7599,YFR024C-A YMR278W,0.0,NA,2.912866250426305e-07,796,4012,7268,332,0.6499032882011605,0.16555740432612312,0.7056737588652482,0.3556737588652482,0.6443262411347518
7600,YDL006W YDR312W,0.0,NA,2.9201089546404546e-07,796,4011,7269,332,0.6499838813668601,0.1655918452257125,0.7056737588652482,0.35558510638297874,0.6444148936170213
7601,YER166W YBR076W,0.0,NA,2.9251791033857444e-07,796,4010,7270,332,0.6500644745325597,0.16562630045776114,0.7056737588652482,0.3554964539007092,0.6445035460992907
7602,YGL004C YDL223C,0.0,NA,2.9281096658451133e-07,796,4009,7271,332,0.6501450676982592,0.16566077003121749,0.7056737588652482,0.3554078014184397,0.6445921985815602
7603,YJL221C YGR094W,0.0,NA,2.930310927240498e-07,796,4008,7272,332,0.6502256608639587,0.16569525395503748,0.7056737588652482,0.3553191489361702,0.6446808510638298
7604,YFR006W YFR018C,1.0,NA,2.9483464913937496e-07,795,4008,7272,333,0.6501450676982592,0.1655215490318551,0.7047872340425532,0.3553191489361702,0.6446808510638298
7605,YIL173W YOL003C,0.0,NA,2.9523499733841163e-07,795,4007,7273,333,0.6502256608639587,0.16555601832569763,0.7047872340425532,0.3552304964539007,0.6447695035460993
7606,YDL054C YJR074W,0.0,NA,2.956669504783349e-07,795,4006,7274,333,0.6503062540296582,0.16559050197875444,0.7047872340425532,0.35514184397163123,0.6448581560283688
7607,YLR104W YLR167W,0.0,NA,2.960069309665414e-07,795,4005,7275,333,0.6503868471953579,0.165625,0.7047872340425532,0.3550531914893617,0.6449468085106383
7608,YDL176W YGL248W,0.0,NA,2.960873928259389e-07,795,4004,7276,333,0.6504674403610574,0.16565951239841634,0.7047872340425532,0.3549645390070922,0.6450354609929078
7609,YMR122W-A YOR299W,0.0,NA,2.9621335784213443e-07,795,4003,7277,333,0.6505480335267569,0.1656940391829929,0.7047872340425532,0.3548758865248227,0.6451241134751773
7610,YDL176W YOR272W,0.0,NA,2.9687399205613474e-07,795,4002,7278,333,0.6506286266924565,0.1657285803627267,0.7047872340425532,0.3547872340425532,0.6452127659574468
7611,YPL274W YNL061W,0.0,NA,2.969869683511206e-07,795,4001,7279,333,0.650709219858156,0.16576313594662218,0.7047872340425532,0.35469858156028367,0.6453014184397163
7612,YDR099W YPR056W,0.0,NA,2.992500469645165e-07,795,4000,7280,333,0.6507898130238555,0.16579770594369134,0.7047872340425532,0.3546099290780142,0.6453900709219859
7613,YDR044W YCR028C,0.0,NA,2.997907984081394e-07,795,3999,7281,333,0.6508704061895552,0.1658322903629537,0.7047872340425532,0.35452127659574467,0.6454787234042553
7614,YKL024C YGL240W,0.0,NA,3.0038117415642773e-07,795,3998,7282,333,0.6509509993552547,0.16586688921343626,0.7047872340425532,0.3544326241134752,0.6455673758865248
7615,YGL220W YIL138C,0.0,NA,3.006998952059803e-07,795,3997,7283,333,0.6510315925209542,0.16590150250417363,0.7047872340425532,0.3543439716312057,0.6456560283687943
7616,YJL083W YNL014W,0.0,NA,3.025229489139747e-07,795,3996,7284,333,0.6511121856866537,0.1659361302442079,0.7047872340425532,0.35425531914893615,0.6457446808510638
7617,YPL007C YMR110C,0.0,NA,3.0270129514065047e-07,795,3995,7285,333,0.6511927788523533,0.16597077244258873,0.7047872340425532,0.3541666666666667,0.6458333333333334
7618,YAL048C YIL017C,0.0,NA,3.0492563496409275e-07,795,3994,7286,333,0.6512733720180529,0.16600542910837335,0.7047872340425532,0.35407801418439716,0.6459219858156028
7619,YPR030W YPR072W,0.0,NA,3.061497011458414e-07,795,3993,7287,333,0.6513539651837524,0.16604010025062657,0.7047872340425532,0.35398936170212764,0.6460106382978723
7620,YKL188C YHR176W,0.0,NA,3.067011391522101e-07,795,3992,7288,333,0.651434558349452,0.16607478587842073,0.7047872340425532,0.35390070921985817,0.6460992907801418
7621,YJL174W YOL161C,0.0,NA,3.07107114849714e-07,795,3991,7289,333,0.6515151515151515,0.16610948600083578,0.7047872340425532,0.35381205673758864,0.6461879432624114
7622,YOR391C YGL203C,1.0,NA,3.0812890372544643e-07,794,3991,7289,334,0.651434558349452,0.1659352142110763,0.7039007092198581,0.35381205673758864,0.6461879432624114
7623,YKR055W YHR068W,0.0,NA,3.0851967380840506e-07,794,3990,7290,334,0.6515151515151515,0.16596989966555184,0.7039007092198581,0.3537234042553192,0.6462765957446809
7624,YNL051W YGL178W,0.0,NA,3.094664862146601e-07,794,3989,7291,334,0.651595744680851,0.16600459962366715,0.7039007092198581,0.35363475177304965,0.6463652482269504
7625,YDR341C YGR006W,0.0,NA,3.0960760000198206e-07,794,3988,7292,334,0.6516763378465507,0.16603931409452113,0.7039007092198581,0.3535460992907801,0.6464539007092198
7626,YGL085W YBL052C,0.0,NA,3.109688009317324e-07,794,3987,7293,334,0.6517569310122502,0.16607404308722024,0.7039007092198581,0.35345744680851066,0.6465425531914893
7627,YOR273C YER026C,0.0,NA,3.1122601740207756e-07,794,3986,7294,334,0.6518375241779497,0.16610878661087866,0.7039007092198581,0.35336879432624113,0.6466312056737589
7628,YNL297C YDR034C,0.0,NA,3.1155298074736493e-07,794,3985,7295,334,0.6519181173436492,0.16614354467461812,0.7039007092198581,0.3532801418439716,0.6467198581560284
7629,YBR220C YLR414C,0.0,NA,3.117449693945673e-07,794,3984,7296,334,0.6519987105093488,0.16617831728756802,0.7039007092198581,0.35319148936170214,0.6468085106382979
7630,YNL297C YDL001W,0.0,NA,3.119936309303739e-07,794,3983,7297,334,0.6520793036750484,0.1662131044588654,0.7039007092198581,0.3531028368794326,0.6468971631205673
7631,YER160C YER078C,1.0,NA,3.121269287476025e-07,793,3983,7297,335,0.6519987105093488,0.16603852596314908,0.7030141843971631,0.3531028368794326,0.6468971631205673
7632,YGR082W YDL052C,0.0,NA,3.123180931652314e-07,793,3982,7298,335,0.6520793036750484,0.16607329842931937,0.7030141843971631,0.35301418439716314,0.6469858156028369
7633,YDR038C YNL178W,0.0,NA,3.1241907549883763e-07,793,3981,7299,335,0.6521598968407479,0.16610808546292416,0.7030141843971631,0.3529255319148936,0.6470744680851064
7634,YGR141W YPR070W,0.0,NA,3.1328704608313274e-07,793,3980,7300,335,0.6522404900064475,0.16614288707311964,0.7030141843971631,0.3528368794326241,0.6471631205673759
7635,YHR057C YBR275C,0.0,NA,3.1385400234285044e-07,793,3979,7301,335,0.652321083172147,0.16617770326906958,0.7030141843971631,0.3527482269503546,0.6472517730496454
7636,YCR094W YNR065C,0.0,NA,3.139647617445007e-07,793,3978,7302,335,0.6524016763378465,0.16621253405994552,0.7030141843971631,0.3526595744680851,0.6473404255319148
7637,YGR060W YIL166C,0.0,NA,3.150108796035056e-07,793,3977,7303,335,0.6524822695035462,0.16624737945492662,0.7030141843971631,0.3525709219858156,0.6474290780141844
7638,YDR379W YPR194C,0.0,NA,3.152332794797985e-07,793,3976,7304,335,0.6525628626692457,0.16628223946319984,0.7030141843971631,0.3524822695035461,0.6475177304964539
7639,YOR080W YDR229W,0.0,NA,3.1569567227052175e-07,793,3975,7305,335,0.6526434558349452,0.16631711409395974,0.7030141843971631,0.3523936170212766,0.6476063829787234
7640,YNL262W YOL091W,0.0,NA,3.163059432154114e-07,793,3974,7306,335,0.6527240490006447,0.16635200335640865,0.7030141843971631,0.3523049645390071,0.6476950354609929
7641,YNL326C YIL088C,0.0,NA,3.1648940534978465e-07,793,3973,7307,335,0.6528046421663443,0.1663869072597566,0.7030141843971631,0.3522163120567376,0.6477836879432625
7642,YDL035C YOR272W,0.0,NA,3.1681705081609834e-07,793,3972,7308,335,0.6528852353320438,0.1664218258132214,0.7030141843971631,0.35212765957446807,0.6478723404255319
7643,YNL191W YBR074W,1.0,NA,3.168460693814268e-07,792,3972,7308,336,0.6528046421663443,0.16624685138539042,0.7021276595744681,0.35212765957446807,0.6478723404255319
7644,YNR030W YHL018W,0.0,NA,3.172448543864448e-07,792,3971,7309,336,0.6528852353320438,0.16628175519630484,0.7021276595744681,0.3520390070921986,0.6479609929078014
7645,YBR132C YJL062W,0.0,NA,3.1862447258390603e-07,792,3970,7310,336,0.6529658284977434,0.16631667366652667,0.7021276595744681,0.3519503546099291,0.6480496453900709
7646,YER087C-A YKL161C,0.0,NA,3.20237177220406e-07,792,3969,7311,336,0.653046421663443,0.166351606805293,0.7021276595744681,0.35186170212765955,0.6481382978723405
7647,YBR211C YHR150W,0.0,NA,3.2089016599456954e-07,792,3968,7312,336,0.6531270148291425,0.16638655462184873,0.7021276595744681,0.3517730496453901,0.64822695035461
7648,YML055W YFR018C,1.0,NA,3.209942462945037e-07,791,3968,7312,337,0.653046421663443,0.16621138894725782,0.7012411347517731,0.3517730496453901,0.64822695035461
7649,YPR144C YOL139C,0.0,NA,3.2105302238960576e-07,791,3967,7313,337,0.6531270148291425,0.1662463219840269,0.7012411347517731,0.35168439716312055,0.6483156028368794
7650,YMR095C YMR164C,0.0,NA,3.212625472315267e-07,791,3966,7314,337,0.653207607994842,0.16628126970779902,0.7012411347517731,0.3515957446808511,0.6484042553191489
7651,YOR145C YOR080W,0.0,NA,3.218267750071391e-07,791,3965,7315,337,0.6532882011605415,0.16631623212783853,0.7012411347517731,0.35150709219858156,0.6484929078014184
7652,YOR196C YNL225C,0.0,NA,3.220152677840815e-07,791,3964,7316,337,0.6533687943262412,0.16635120925341745,0.7012411347517731,0.35141843971631204,0.648581560283688
7653,YJR140C YDR227W,0.0,NA,3.228147136269399e-07,791,3963,7317,337,0.6534493874919407,0.16638620109381574,0.7012411347517731,0.35132978723404257,0.6486702127659575
7654,YNL004W YLR090W,0.0,NA,3.2282642337122525e-07,791,3962,7318,337,0.6535299806576402,0.16642120765832105,0.7012411347517731,0.35124113475177304,0.6487588652482269
7655,YDR240C YIR018W,0.0,NA,3.2427200835627445e-07,791,3961,7319,337,0.6536105738233398,0.16645622895622897,0.7012411347517731,0.3511524822695035,0.6488475177304964
7656,YLR375W YMR227C,0.0,NA,3.256731417877745e-07,791,3960,7320,337,0.6536911669890393,0.16649126499684277,0.7012411347517731,0.35106382978723405,0.648936170212766
7657,YOR064C YEL072W,0.0,NA,3.259985135173338e-07,791,3959,7321,337,0.6537717601547389,0.1665263157894737,0.7012411347517731,0.3509751773049645,0.6490248226950355
7658,YGR098C YGL203C,1.0,NA,3.273905520018161e-07,790,3959,7321,338,0.6536911669890393,0.16635081069698884,0.700354609929078,0.3509751773049645,0.6490248226950355
7659,YDL015C YBL008W,0.0,NA,3.3020791079252376e-07,790,3958,7322,338,0.6537717601547389,0.16638584667228307,0.700354609929078,0.35088652482269506,0.649113475177305
7660,YNL191W YJL172W,1.0,NA,3.302576772057364e-07,789,3958,7322,339,0.6536911669890393,0.16621023804508112,0.699468085106383,0.35088652482269506,0.649113475177305
7661,YJR120W YHR058C,0.0,NA,3.3132965882032295e-07,789,3957,7323,339,0.6537717601547389,0.16624525916561314,0.699468085106383,0.35079787234042553,0.6492021276595744
7662,YOR194C YLR081W,0.0,NA,3.3229289897462877e-07,789,3956,7324,339,0.6538523533204385,0.16628029504741834,0.699468085106383,0.350709219858156,0.6492907801418439
7663,YKR055W YGL248W,0.0,NA,3.34155430437022e-07,789,3955,7325,339,0.653932946486138,0.16631534569983136,0.699468085106383,0.35062056737588654,0.6493794326241135
7664,YPL081W YBL097W,0.0,NA,3.3527425102874986e-07,789,3954,7326,339,0.6540135396518375,0.16635041113219481,0.699468085106383,0.350531914893617,0.649468085106383
7665,YNR075W YLR005W,0.0,NA,3.370740842001396e-07,789,3953,7327,339,0.654094132817537,0.16638549135385913,0.699468085106383,0.35044326241134754,0.6495567375886525
7666,YPL203W YHL006C,0.0,NA,3.3870850302264444e-07,789,3952,7328,339,0.6541747259832367,0.16642058637418267,0.699468085106383,0.350354609929078,0.649645390070922
7667,YER160C YBL067C,1.0,NA,3.3952215972021804e-07,788,3952,7328,340,0.654094132817537,0.16624472573839663,0.6985815602836879,0.350354609929078,0.649645390070922
7668,YMR240C YDR090C,0.0,NA,3.3968865409406135e-07,788,3951,7329,340,0.6541747259832367,0.1662798058662165,0.6985815602836879,0.3502659574468085,0.6497340425531914
7669,YDR338C YBR126W-A,0.0,NA,3.411404634334758e-07,788,3950,7330,340,0.6542553191489362,0.16631490080202618,0.6985815602836879,0.350177304964539,0.649822695035461
7670,YHR176W YMR166C,0.0,NA,3.425903116749396e-07,788,3949,7331,340,0.6543359123146357,0.1663500105552037,0.6985815602836879,0.3500886524822695,0.6499113475177305
7671,YFL041W YPL233W,0.0,NA,3.427762749197427e-07,788,3948,7332,340,0.6544165054803353,0.16638513513513514,0.6985815602836879,0.35,0.65
7672,YDL088C YER105C,0.0,NA,3.4285605465811386e-07,788,3947,7333,340,0.6544970986460348,0.16642027455121436,0.6985815602836879,0.3499113475177305,0.6500886524822695
7673,YLR209C YMR028W,0.0,NA,3.4303198503948806e-07,788,3946,7334,340,0.6545776918117344,0.16645542881284325,0.6985815602836879,0.349822695035461,0.650177304964539
7674,YHR110W YBR276C,0.0,NA,3.43443446126912e-07,788,3945,7335,340,0.654658284977434,0.16649059792943166,0.6985815602836879,0.3497340425531915,0.6502659574468085
7675,YPR162C YDR227W,0.0,NA,3.4376262192381546e-07,788,3944,7336,340,0.6547388781431335,0.1665257819103973,0.6985815602836879,0.349645390070922,0.650354609929078
7676,YCR011C YIL173W,0.0,NA,3.4445932328708295e-07,788,3943,7337,340,0.654819471308833,0.16656098076516593,0.6985815602836879,0.34955673758865247,0.6504432624113475
7677,YDR090C YKL119C,0.0,NA,3.447833876180084e-07,788,3942,7338,340,0.6549000644745325,0.16659619450317126,0.6985815602836879,0.349468085106383,0.6505319148936171
7678,YDR257C YBL008W,0.0,NA,3.4491625910959556e-07,788,3941,7339,340,0.6549806576402321,0.16663142313385493,0.6985815602836879,0.3493794326241135,0.6506205673758865
7679,YCR037C YPR160W,0.0,NA,3.450919336955849e-07,788,3940,7340,340,0.6550612508059317,0.16666666666666666,0.6985815602836879,0.34929078014184395,0.650709219858156
7680,YGL004C YNL330C,0.0,NA,3.462906477125216e-07,788,3939,7341,340,0.6551418439716312,0.1667019251110641,0.6985815602836879,0.3492021276595745,0.6507978723404255
7681,YMR316C-A YEL072W,0.0,NA,3.467790747890831e-07,788,3938,7342,340,0.6552224371373307,0.16673719847651292,0.6985815602836879,0.34911347517730495,0.650886524822695
7682,YKL032C YNL052W,0.0,NA,3.4709108831521007e-07,788,3937,7343,340,0.6553030303030303,0.16677248677248677,0.6985815602836879,0.3490248226950355,0.6509751773049646
7683,YBL097W YJL138C,0.0,NA,3.503204766275303e-07,788,3936,7344,340,0.6553836234687298,0.1668077900084674,0.6985815602836879,0.34893617021276596,0.6510638297872341
7684,YKL052C YIL155C,0.0,NA,3.5084539717900043e-07,788,3935,7345,340,0.6554642166344294,0.16684310819394452,0.6985815602836879,0.34884751773049644,0.6511524822695035
7685,YPL110C YGL261C,0.0,NA,3.5183080626666197e-07,788,3934,7346,340,0.655544809800129,0.16687844133841592,0.6985815602836879,0.34875886524822697,0.651241134751773
7686,YGR249W YDR335W,0.0,NA,3.5183819591111387e-07,788,3933,7347,340,0.6556254029658285,0.1669137894513874,0.6985815602836879,0.34867021276595744,0.6513297872340426
7687,YGR156W YDL076C,0.0,NA,3.51986187752118e-07,788,3932,7348,340,0.655705996131528,0.1669491525423729,0.6985815602836879,0.3485815602836879,0.6514184397163121
7688,YKL185W YDL207W,0.0,NA,3.521655003169144e-07,788,3931,7349,340,0.6557865892972276,0.16698453062089424,0.6985815602836879,0.34849290780141845,0.6515070921985816
7689,YNL217W YNL311C,0.0,NA,3.5410431564741884e-07,788,3930,7350,340,0.6558671824629272,0.16701992369648155,0.6985815602836879,0.3484042553191489,0.651595744680851
7690,YIL115C YDR428C,0.0,NA,3.546217044458899e-07,788,3929,7351,340,0.6559477756286267,0.16705533177867288,0.6985815602836879,0.34831560283687946,0.6516843971631205
7691,YNL191W YKL134C,1.0,NA,3.5760896821557253e-07,787,3929,7351,341,0.6558671824629272,0.16687871077184055,0.6976950354609929,0.34831560283687946,0.6516843971631205
7692,YJR131W YBR191W,0.0,NA,3.585894319257932e-07,787,3928,7352,341,0.6559477756286267,0.16691410392364794,0.6976950354609929,0.34822695035460993,0.6517730496453901
7693,YOR116C YCR027C,0.0,NA,3.596518354243017e-07,787,3927,7353,341,0.6560283687943262,0.1669495120916419,0.6976950354609929,0.3481382978723404,0.6518617021276596
7694,YHL023C YCR040W,0.0,NA,3.6002037973048573e-07,787,3926,7354,341,0.6561089619600258,0.16698493528538086,0.6976950354609929,0.34804964539007094,0.6519503546099291
7695,YDL143W YFL027C,0.0,NA,3.6053782537237566e-07,787,3925,7355,341,0.6561895551257253,0.16702037351443125,0.6976950354609929,0.3479609929078014,0.6520390070921985
7696,YCL050C YHR021W-A,0.0,NA,3.63066988029459e-07,787,3924,7356,341,0.6562701482914249,0.16705582678836764,0.6976950354609929,0.3478723404255319,0.652127659574468
7697,YMR244C-A YIL144W,0.0,NA,3.6550196114149003e-07,787,3923,7357,341,0.6563507414571245,0.16709129511677281,0.6976950354609929,0.3477836879432624,0.6522163120567376
7698,YOL013C YGR216C,0.0,NA,3.668464501060953e-07,787,3922,7358,341,0.656431334622824,0.16712677850923763,0.6976950354609929,0.3476950354609929,0.6523049645390071
7699,YNR055C YAL047C,0.0,NA,3.669737793643435e-07,787,3921,7359,341,0.6565119277885235,0.1671622769753611,0.6976950354609929,0.3476063829787234,0.6523936170212766
7700,YOR316C YNL264C,0.0,NA,3.675295943139645e-07,787,3920,7360,341,0.656592520954223,0.16719779052475037,0.6976950354609929,0.3475177304964539,0.6524822695035462
7701,YML103C YBR111C,0.0,NA,3.676540529795602e-07,787,3919,7361,341,0.6566731141199227,0.16723331916702083,0.6976950354609929,0.3474290780141844,0.6525709219858156
7702,YJL174W YOL111C,0.0,NA,3.6906487821397604e-07,787,3918,7362,341,0.6567537072856222,0.16726886291179596,0.6976950354609929,0.3473404255319149,0.6526595744680851
7703,YDR257C YBR273C,0.0,NA,3.691046401854692e-07,787,3917,7363,341,0.6568343004513217,0.1673044217687075,0.6976950354609929,0.3472517730496454,0.6527482269503546
7704,YDR506C YGR278W,0.0,NA,3.6996274843659194e-07,787,3916,7364,341,0.6569148936170213,0.16733999574739528,0.6976950354609929,0.34716312056737586,0.6528368794326241
7705,YGL044C YFR048W,0.0,NA,3.7016110354670673e-07,787,3915,7365,341,0.6569954867827208,0.16737558485750745,0.6976950354609929,0.3470744680851064,0.6529255319148937
7706,YLR291C YER139C,0.0,NA,3.738257703389536e-07,787,3914,7366,341,0.6570760799484203,0.1674111891087003,0.6976950354609929,0.34698581560283687,0.6530141843971631
7707,YHR084W YAL007C,0.0,NA,3.744730463495216e-07,787,3913,7367,341,0.65715667311412,0.16744680851063828,0.6976950354609929,0.3468971631205674,0.6531028368794326
7708,YNR073C YOR192C,0.0,NA,3.745662411347439e-07,787,3912,7368,341,0.6572372662798195,0.16748244307299426,0.6976950354609929,0.3468085106382979,0.6531914893617021
7709,YKL002W YKL064W,0.0,NA,3.7575836131509277e-07,787,3911,7369,341,0.657317859445519,0.16751809280544913,0.6976950354609929,0.34671985815602835,0.6532801418439717
7710,YOR145C YNR048W,0.0,NA,3.7703591715398943e-07,787,3910,7370,341,0.6573984526112185,0.16755375771769215,0.6976950354609929,0.3466312056737589,0.6533687943262412
7711,YKL180W YDR341C,0.0,NA,3.777327037823852e-07,787,3909,7371,341,0.6574790457769181,0.1675894378194208,0.6976950354609929,0.34654255319148936,0.6534574468085106
7712,YPR031W YOL017W,0.0,NA,3.811584576851601e-07,787,3908,7372,341,0.6575596389426177,0.16762513312034077,0.6976950354609929,0.34645390070921983,0.6535460992907801
7713,YKL064W YBR076W,0.0,NA,3.8459549500657886e-07,787,3907,7373,341,0.6576402321083172,0.16766084363016617,0.6976950354609929,0.34636524822695036,0.6536347517730496
7714,YAL027W YGR229C,0.0,NA,3.847635241527314e-07,787,3906,7374,341,0.6577208252740168,0.1676965693586192,0.6976950354609929,0.34627659574468084,0.6537234042553192
7715,YKL017C YML002W,0.0,NA,3.858408774704003e-07,787,3905,7375,341,0.6578014184397163,0.1677323103154305,0.6976950354609929,0.34618794326241137,0.6538120567375887
7716,YBL030C YMR196W,0.0,NA,3.8661661960759375e-07,787,3904,7376,341,0.6578820116054158,0.16776806651033896,0.6976950354609929,0.34609929078014184,0.6539007092198581
7717,YLR226W YKL032C,0.0,NA,3.8705746874256874e-07,787,3903,7377,341,0.6579626047711155,0.16780383795309167,0.6976950354609929,0.3460106382978723,0.6539893617021276
7718,YHR067W YOR299W,0.0,NA,3.8862128803884843e-07,787,3902,7378,341,0.658043197936815,0.16783962465344424,0.6976950354609929,0.34592198581560285,0.6540780141843971
7719,YGR084C YLR315W,0.0,NA,3.8889857023605146e-07,787,3901,7379,341,0.6581237911025145,0.16787542662116042,0.6976950354609929,0.3458333333333333,0.6541666666666667
7720,YDR182W YHR050W,0.0,NA,3.905905145984434e-07,787,3900,7380,341,0.658204384268214,0.1679112438660124,0.6976950354609929,0.34574468085106386,0.6542553191489362
7721,YDR137W YKR105C,0.0,NA,3.913067416760896e-07,787,3899,7381,341,0.6582849774339136,0.16794707639778061,0.6976950354609929,0.34565602836879433,0.6543439716312057
7722,YOL113W YDR312W,0.0,NA,3.921600182366092e-07,787,3898,7382,341,0.6583655705996132,0.167982924226254,0.6976950354609929,0.3455673758865248,0.6544326241134751
7723,YER082C YJR051W,0.0,NA,3.947310176499741e-07,787,3897,7383,341,0.6584461637653127,0.16801878736122972,0.6976950354609929,0.34547872340425534,0.6545212765957447
7724,YIR021W YKR063C,0.0,NA,3.9644680782657815e-07,787,3896,7384,341,0.6585267569310123,0.16805466581251335,0.6976950354609929,0.3453900709219858,0.6546099290780142
7725,YOL128C YML081C-A,0.0,NA,3.984195870998519e-07,787,3895,7385,341,0.6586073500967118,0.16809055958991884,0.6976950354609929,0.3453014184397163,0.6546985815602837
7726,YDR057W YNL012W,0.0,NA,3.992125812146696e-07,787,3894,7386,341,0.6586879432624113,0.16812646870326853,0.6976950354609929,0.3452127659574468,0.6547872340425532
7727,YER144C YER078C,1.0,NA,3.9939004636835307e-07,786,3894,7386,342,0.6586073500967118,0.16794871794871793,0.6968085106382979,0.3452127659574468,0.6547872340425532
7728,YLR265C YJR161C,0.0,NA,4.0223201835942746e-07,786,3893,7387,342,0.6586879432624113,0.16798461209660184,0.6968085106382979,0.3451241134751773,0.6548758865248226
7729,YGR141W YLR307W,0.0,NA,4.0298266412719386e-07,786,3892,7388,342,0.658768536428111,0.16802052159042324,0.6968085106382979,0.3450354609929078,0.6549645390070922
7730,YDR171W YPL121C,0.0,NA,4.030968341339758e-07,786,3891,7389,342,0.6588491295938105,0.16805644644002565,0.6968085106382979,0.3449468085106383,0.6550531914893617
7731,YEL072W YFL029C,0.0,NA,4.0449813809573243e-07,786,3890,7390,342,0.65892972275951,0.1680923866552609,0.6968085106382979,0.3448581560283688,0.6551418439716312
7732,YJL020C YMR015C,0.0,NA,4.0494282416148053e-07,786,3889,7391,342,0.6590103159252095,0.1681283422459893,0.6968085106382979,0.3447695035460993,0.6552304964539007
7733,YJR126C YBL067C,1.0,NA,4.051181861086661e-07,785,3889,7391,343,0.65892972275951,0.16795036371416347,0.6959219858156028,0.3447695035460993,0.6552304964539007
7734,YKL017C YHR094C,0.0,NA,4.065501855166076e-07,785,3888,7392,343,0.6590103159252095,0.16798630430130537,0.6959219858156028,0.3446808510638298,0.6553191489361702
7735,YMR264W YGR097W,0.0,NA,4.0971303860715125e-07,785,3887,7393,343,0.6590909090909091,0.1680222602739726,0.6959219858156028,0.34459219858156026,0.6554078014184397
7736,YPR041W YMR134W,0.0,NA,4.102525679172686e-07,785,3886,7394,343,0.6591715022566086,0.16805823164204667,0.6959219858156028,0.3445035460992908,0.6554964539007092
7737,YJL023C YOR347C,0.0,NA,4.1167052700075146e-07,785,3885,7395,343,0.6592520954223082,0.16809421841541755,0.6959219858156028,0.34441489361702127,0.6555851063829787
7738,YGR171C YOR120W,0.0,NA,4.117549963211786e-07,785,3884,7396,343,0.6593326885880078,0.16813022060398372,0.6959219858156028,0.3443262411347518,0.6556737588652483
7739,YJL131C YAL024C,0.0,NA,4.13258902653979e-07,785,3883,7397,343,0.6594132817537073,0.1681662382176521,0.6959219858156028,0.3442375886524823,0.6557624113475178
7740,YFL062W YML118W,0.0,NA,4.143544458656834e-07,785,3882,7398,343,0.6594938749194068,0.16820227126633813,0.6959219858156028,0.34414893617021275,0.6558510638297872
7741,YNL084C YHR009C,0.0,NA,4.1447219700785354e-07,785,3881,7399,343,0.6595744680851063,0.1682383197599657,0.6959219858156028,0.3440602836879433,0.6559397163120567
7742,YER101C YML105C,0.0,NA,4.160523303653463e-07,785,3880,7400,343,0.659655061250806,0.1682743837084673,0.6959219858156028,0.34397163120567376,0.6560283687943262
7743,YKL219W YML021C,0.0,NA,4.1627143332334526e-07,785,3879,7401,343,0.6597356544165055,0.16831046312178388,0.6959219858156028,0.34388297872340423,0.6561170212765958
7744,YJL210W YKL077W,0.0,NA,4.167552276612696e-07,785,3878,7402,343,0.659816247582205,0.1683465580098649,0.6959219858156028,0.34379432624113476,0.6562056737588653
7745,YDL006W YNL007C,0.0,NA,4.2011961909338424e-07,785,3877,7403,343,0.6598968407479046,0.16838266838266838,0.6959219858156028,0.34370567375886524,0.6562943262411347
7746,YNL199C YJL100W,0.0,NA,4.20233050135721e-07,785,3876,7404,343,0.6599774339136041,0.1684187942501609,0.6959219858156028,0.34361702127659577,0.6563829787234042
7747,YOR393W YEL036C,0.0,NA,4.202939294373209e-07,785,3875,7405,343,0.6600580270793037,0.1684549356223176,0.6959219858156028,0.34352836879432624,0.6564716312056738
7748,YMR028W YNL052W,0.0,NA,4.211164537082368e-07,785,3874,7406,343,0.6601386202450032,0.16849109250912214,0.6959219858156028,0.3434397163120567,0.6565602836879433
7749,YOR208W YPR121W,0.0,NA,4.2224246499245055e-07,785,3873,7407,343,0.6602192134107028,0.16852726492056677,0.6959219858156028,0.34335106382978725,0.6566489361702128
7750,YML015C YPL190C,0.0,NA,4.23762486434498e-07,785,3872,7408,343,0.6602998065764023,0.16856345286665236,0.6959219858156028,0.3432624113475177,0.6567375886524822
7751,YNL199C YCR066W,0.0,NA,4.2463304339435126e-07,785,3871,7409,343,0.6603803997421018,0.16859965635738833,0.6959219858156028,0.3431737588652482,0.6568262411347517
7752,YHR174W YOR272W,0.0,NA,4.250714766840247e-07,785,3870,7410,343,0.6604609929078015,0.1686358754027927,0.6959219858156028,0.34308510638297873,0.6569148936170213
7753,YJR153W YPL023C,0.0,NA,4.25470545906137e-07,785,3869,7411,343,0.660541586073501,0.16867211001289215,0.6959219858156028,0.3429964539007092,0.6570035460992908
7754,YDR191W YGL044C,0.0,NA,4.2603167571542144e-07,785,3868,7412,343,0.6606221792392005,0.1687083601977219,0.6959219858156028,0.34290780141843974,0.6570921985815603
7755,YGL234W YML003W,0.0,NA,4.262787740572094e-07,785,3867,7413,343,0.6607027724049,0.16874462596732587,0.6959219858156028,0.3428191489361702,0.6571808510638298
7756,YNL044W YPL183C,0.0,NA,4.2759876350828563e-07,785,3866,7414,343,0.6607833655705996,0.1687809073317566,0.6959219858156028,0.3427304964539007,0.6572695035460993
7757,YLR438C-A YGR084C,0.0,NA,4.2776275677169906e-07,785,3865,7415,343,0.6608639587362991,0.16881720430107527,0.6959219858156028,0.3426418439716312,0.6573581560283688
7758,YBR211C YGR213C,0.0,NA,4.289359765152767e-07,785,3864,7416,343,0.6609445519019987,0.1688535168853517,0.6959219858156028,0.3425531914893617,0.6574468085106383
7759,YOR077W YFR016C,0.0,NA,4.294975894936215e-07,785,3863,7417,343,0.6610251450676983,0.16888984509466437,0.6959219858156028,0.3424645390070922,0.6575354609929078
7760,YKL002W YDR330W,0.0,NA,4.29695859338608e-07,785,3862,7418,343,0.6611057382333978,0.1689261889391005,0.6959219858156028,0.3423758865248227,0.6576241134751774
7761,YDR087C YIR021W,0.0,NA,4.3005582028854406e-07,785,3861,7419,343,0.6611863313990973,0.1689625484287559,0.6959219858156028,0.3422872340425532,0.6577127659574468
7762,YER102W YJR132W,0.0,NA,4.3052611431448895e-07,785,3860,7420,343,0.6612669245647969,0.1689989235737352,0.6959219858156028,0.3421985815602837,0.6578014184397163
7763,YMR003W YJL165C,0.0,NA,4.315623982620309e-07,785,3859,7421,343,0.6613475177304965,0.1690353143841516,0.6959219858156028,0.3421099290780142,0.6578900709219858
7764,YML132W YDR311W,0.0,NA,4.320227731113846e-07,785,3858,7422,343,0.661428110896196,0.16907172087012706,0.6959219858156028,0.34202127659574466,0.6579787234042553
7765,YDL012C YBR136W,0.0,NA,4.3301233176862297e-07,785,3857,7423,343,0.6615087040618955,0.16910814304179234,0.6959219858156028,0.3419326241134752,0.6580673758865249
7766,YDR281C YNL242W,0.0,NA,4.3493602674971044e-07,785,3856,7424,343,0.6615892972275951,0.1691445809092868,0.6959219858156028,0.34184397163120567,0.6581560283687943
7767,YMR203W YMR028W,0.0,NA,4.364184746918909e-07,785,3855,7425,343,0.6616698903932946,0.16918103448275862,0.6959219858156028,0.34175531914893614,0.6582446808510638
7768,YDL207W YOR059C,0.0,NA,4.366033010683168e-07,785,3854,7426,343,0.6617504835589942,0.16921750377236475,0.6959219858156028,0.3416666666666667,0.6583333333333333
7769,YLL019C YDL246C,0.0,NA,4.3814912942252704e-07,785,3853,7427,343,0.6618310767246938,0.1692539887882708,0.6959219858156028,0.34157801418439715,0.6584219858156029
7770,YMR277W YML076C,0.0,NA,4.409669429605856e-07,785,3852,7428,343,0.6619116698903933,0.1692904895406513,0.6959219858156028,0.3414893617021277,0.6585106382978724
7771,YJL221C YMR028W,0.0,NA,4.418130572503287e-07,785,3851,7429,343,0.6619922630560928,0.1693270060396894,0.6959219858156028,0.34140070921985816,0.6585992907801419
7772,YDL188C YIR012W,0.0,NA,4.4341666693981097e-07,785,3850,7430,343,0.6620728562217923,0.16936353829557713,0.6959219858156028,0.34131205673758863,0.6586879432624113
7773,YCR041W YJL002C,0.0,NA,4.44472107119509e-07,785,3849,7431,343,0.662153449387492,0.16940008631851533,0.6959219858156028,0.34122340425531916,0.6587765957446808
7774,YBL042C YNL309W,0.0,NA,4.465318284019304e-07,785,3848,7432,343,0.6622340425531915,0.1694366501187136,0.6959219858156028,0.34113475177304964,0.6588652482269504
7775,YDR427W YNL030W,0.0,NA,4.472384489417891e-07,785,3847,7433,343,0.662314635718891,0.16947322970639034,0.6959219858156028,0.34104609929078017,0.6589539007092199
7776,YGR048W YNL307C,0.0,NA,4.4751323002856225e-07,785,3846,7434,343,0.6623952288845906,0.16950982509177284,0.6959219858156028,0.34095744680851064,0.6590425531914894
7777,YNL121C YML100W,0.0,NA,4.488608738029143e-07,785,3845,7435,343,0.6624758220502901,0.1695464362850972,0.6959219858156028,0.3408687943262411,0.6591312056737588
7778,YKL127W YOR125C,0.0,NA,4.4959475076211675e-07,785,3844,7436,343,0.6625564152159897,0.16958306329660833,0.6959219858156028,0.34078014184397165,0.6592198581560283
7779,YOL090W YNR062C,0.0,NA,4.502014689933276e-07,785,3843,7437,343,0.6626370083816893,0.16961970613656008,0.6959219858156028,0.3406914893617021,0.6593085106382979
7780,YPR070W YNL148C,0.0,NA,4.5022807171335444e-07,785,3842,7438,343,0.6627176015473888,0.16965636481521504,0.6959219858156028,0.3406028368794326,0.6593971631205674
7781,YIL087C YPR160W,0.0,NA,4.516480771599163e-07,785,3841,7439,343,0.6627981947130883,0.1696930393428448,0.6959219858156028,0.34051418439716313,0.6594858156028369
7782,YGR105W YDR316W,0.0,NA,4.5165327833274205e-07,785,3840,7440,343,0.6628787878787878,0.16972972972972972,0.6959219858156028,0.3404255319148936,0.6595744680851063
7783,YGL215W YPL063W,0.0,NA,4.5199195142231474e-07,785,3839,7441,343,0.6629593810444874,0.16976643598615918,0.6959219858156028,0.34033687943262414,0.6596631205673759
7784,YDR166C YGL097W,0.0,NA,4.5301857198865036e-07,785,3838,7442,343,0.663039974210187,0.16980315812243132,0.6959219858156028,0.3402482269503546,0.6597517730496454
7785,YPL130W YIR032C,0.0,NA,4.55308509117458e-07,785,3837,7443,343,0.6631205673758865,0.1698398961488533,0.6959219858156028,0.3401595744680851,0.6598404255319149
7786,YIL063C YIR014W,0.0,NA,4.5691314198847977e-07,785,3836,7444,343,0.6632011605415861,0.16987665007574118,0.6959219858156028,0.3400709219858156,0.6599290780141844
7787,YPR010C YLR104W,0.0,NA,4.577667311878031e-07,785,3835,7445,343,0.6632817537072856,0.1699134199134199,0.6959219858156028,0.3399822695035461,0.6600177304964538
7788,YMR277W YNL202W,0.0,NA,4.582593930990697e-07,785,3834,7446,343,0.6633623468729851,0.16995020567222344,0.6959219858156028,0.3398936170212766,0.6601063829787234
7789,YOR080W YAL047C,0.0,NA,4.597507654580113e-07,785,3833,7447,343,0.6634429400386848,0.16998700736249459,0.6959219858156028,0.3398049645390071,0.6601950354609929
7790,YER160C YKL134C,1.0,NA,4.601416208060982e-07,784,3833,7447,344,0.6633623468729851,0.16980723413471951,0.6950354609929078,0.3398049645390071,0.6601950354609929
7791,YPR107C YDL139C,0.0,NA,4.602390220043162e-07,784,3832,7448,344,0.6634429400386848,0.16984402079722705,0.6950354609929078,0.3397163120567376,0.6602836879432624
7792,YBL079W YGR056W,0.0,NA,4.604001730967866e-07,784,3831,7449,344,0.6635235332043843,0.16988082340195015,0.6950354609929078,0.3396276595744681,0.660372340425532
7793,YEL065W YCR041W,0.0,NA,4.629259819921572e-07,784,3830,7450,344,0.6636041263700838,0.16991764195925443,0.6950354609929078,0.3395390070921986,0.6604609929078015
7794,YHL018W YLR045C,0.0,NA,4.6326826463882753e-07,784,3829,7451,344,0.6636847195357833,0.16995447647951442,0.6950354609929078,0.33945035460992906,0.6605496453900709
7795,YMR272C YNL281W,0.0,NA,4.645256410640286e-07,784,3828,7452,344,0.6637653127014829,0.16999132697311362,0.6950354609929078,0.3393617021276596,0.6606382978723404
7796,YGL248W YMR251W-A,0.0,NA,4.649604079531855e-07,784,3827,7453,344,0.6638459058671825,0.1700281934504446,0.6950354609929078,0.33927304964539007,0.6607269503546099
7797,YBR245C YLR270W,0.0,NA,4.6762099259467504e-07,784,3826,7454,344,0.663926499032882,0.1700650759219089,0.6950354609929078,0.33918439716312054,0.6608156028368795
7798,YOR156C YBR302C,0.0,NA,4.714917736237112e-07,784,3825,7455,344,0.6640070921985816,0.1701019743979171,0.6950354609929078,0.3390957446808511,0.660904255319149
7799,YKR028W YHL013C,0.0,NA,4.7186509277707955e-07,784,3824,7456,344,0.6640876853642811,0.1701388888888889,0.6950354609929078,0.33900709219858155,0.6609929078014184
7800,YLR087C YKR063C,0.0,NA,4.7361211841234763e-07,784,3823,7457,344,0.6641682785299806,0.17017581940525286,0.6950354609929078,0.3389184397163121,0.6610815602836879
7801,YGL009C YIL144W,0.0,NA,4.743656347727665e-07,784,3822,7458,344,0.6642488716956803,0.1702127659574468,0.6950354609929078,0.33882978723404256,0.6611702127659574
7802,YIR039C YDR434W,1.0,NA,4.746620732021256e-07,783,3822,7458,345,0.6641682785299806,0.1700325732899023,0.6941489361702128,0.33882978723404256,0.6611702127659574
7803,YOR194C YAR018C,0.0,NA,4.7557912807860703e-07,783,3821,7459,345,0.6642488716956803,0.1700695047784535,0.6941489361702128,0.33874113475177303,0.661258865248227
7804,YIL009C-A YIL103W,0.0,NA,4.787600573763484e-07,783,3820,7460,345,0.6643294648613798,0.17010645231370844,0.6941489361702128,0.33865248226950356,0.6613475177304965
7805,YOL090W YFR036W,0.0,NA,4.808231892639014e-07,783,3819,7461,345,0.6644100580270793,0.17014341590612778,0.6941489361702128,0.33856382978723404,0.6614361702127659
7806,YJL210W YKL018W,0.0,NA,4.828003739021369e-07,783,3818,7462,345,0.6644906511927788,0.17018039556618125,0.6941489361702128,0.3384751773049645,0.6615248226950354
7807,YLL027W YER161C,0.0,NA,4.829809086004389e-07,783,3817,7463,345,0.6645712443584784,0.17021739130434782,0.6941489361702128,0.33838652482269505,0.661613475177305
7808,YDL125C YBR169C,0.0,NA,4.834657261199027e-07,783,3816,7464,345,0.664651837524178,0.17025440313111545,0.6941489361702128,0.3382978723404255,0.6617021276595745
7809,YHR200W YDR434W,1.0,NA,4.842141265726241e-07,782,3816,7464,346,0.6645712443584784,0.17007394519356242,0.6932624113475178,0.3382978723404255,0.6617021276595745
7810,YAR002W YOL119C,0.0,NA,4.847755121772934e-07,782,3815,7465,346,0.664651837524178,0.1701109419186426,0.6932624113475178,0.33820921985815605,0.661790780141844
7811,YDL139C YML003W,0.0,NA,4.900031740362465e-07,782,3814,7466,346,0.6647324306898775,0.170147954743255,0.6932624113475178,0.3381205673758865,0.6618794326241135
7812,YGR106C YPL150W,0.0,NA,4.907860784442164e-07,782,3813,7467,346,0.6648130238555771,0.17018498367791077,0.6932624113475178,0.338031914893617,0.6619680851063829
7813,YKL127W YKL146W,0.0,NA,4.914610371997696e-07,782,3812,7468,346,0.6648936170212766,0.17022202873313017,0.6932624113475178,0.33794326241134753,0.6620567375886525
7814,YLR350W YDL010W,0.0,NA,4.915908675684477e-07,782,3811,7469,346,0.6649742101869761,0.17025908991944264,0.6932624113475178,0.337854609929078,0.662145390070922
7815,YNL274C YOR156C,0.0,NA,4.936801474286767e-07,782,3810,7470,346,0.6650548033526756,0.17029616724738675,0.6932624113475178,0.3377659574468085,0.6622340425531915
7816,YCR065W YMR278W,0.0,NA,4.937601829624327e-07,782,3809,7471,346,0.6651353965183753,0.17033326072751034,0.6932624113475178,0.337677304964539,0.662322695035461
7817,YER160C YJR126C,1.0,NA,4.949902177031618e-07,781,3809,7471,347,0.6650548033526756,0.17015250544662308,0.6923758865248227,0.337677304964539,0.662322695035461
7818,YCL056C YPL159C,0.0,NA,4.956926886734436e-07,781,3808,7472,347,0.6651353965183753,0.1701895837873175,0.6923758865248227,0.3375886524822695,0.6624113475177305
7819,YPL040C YMR110C,0.0,NA,4.961599415764795e-07,781,3807,7473,347,0.6652159896840748,0.17022667829119442,0.6923758865248227,0.3375,0.6625
7820,YGL134W YDR428C,0.0,NA,4.990961315343156e-07,781,3806,7474,347,0.6652965828497743,0.17026378896882494,0.6923758865248227,0.3374113475177305,0.6625886524822695
7821,YLR088W YBL067C,1.0,NA,5.00265571190539e-07,780,3806,7474,348,0.6652159896840748,0.170082860880942,0.6914893617021277,0.3374113475177305,0.6625886524822695
7822,YLR208W YOR288C,0.0,NA,5.010514314562897e-07,780,3805,7475,348,0.6652965828497743,0.17011995637949837,0.6914893617021277,0.337322695035461,0.662677304964539
7823,YGR081C YMR010W,0.0,NA,5.039161692366179e-07,780,3804,7476,348,0.6653771760154739,0.17015706806282724,0.6914893617021277,0.3372340425531915,0.6627659574468086
7824,YFL046W YLR364W,0.0,NA,5.051305720371602e-07,780,3803,7477,348,0.6654577691811734,0.17019419594152302,0.6914893617021277,0.337145390070922,0.662854609929078
7825,YCR037C YHL024W,0.0,NA,5.056265308667207e-07,780,3802,7478,348,0.665538362346873,0.17023134002618945,0.6914893617021277,0.33705673758865246,0.6629432624113475
7826,YPL053C YJR004C,0.0,NA,5.072478757028875e-07,780,3801,7479,348,0.6656189555125726,0.17026850032743943,0.6914893617021277,0.336968085106383,0.663031914893617
7827,YIL041W YBR296C,0.0,NA,5.076713023299817e-07,780,3800,7480,348,0.6656995486782721,0.1703056768558952,0.6914893617021277,0.33687943262411346,0.6631205673758865
7828,YKR103W YJL002C,0.0,NA,5.076853994978592e-07,780,3799,7481,348,0.6657801418439716,0.17034286962218825,0.6914893617021277,0.336790780141844,0.6632092198581561
7829,YDR197W YPR035W,0.0,NA,5.091471848572837e-07,780,3798,7482,348,0.6658607350096711,0.17038007863695936,0.6914893617021277,0.33670212765957447,0.6632978723404256
7830,YJL225C YNL062C,0.0,NA,5.105090963297698e-07,780,3797,7483,348,0.6659413281753708,0.17041730391085863,0.6914893617021277,0.33661347517730494,0.663386524822695
7831,YGR098C YDR434W,1.0,NA,5.113778911436384e-07,779,3797,7483,349,0.6658607350096711,0.17023601398601398,0.6906028368794326,0.33661347517730494,0.663386524822695
7832,YLR240W YHR102W,0.0,NA,5.114061991662311e-07,779,3796,7484,349,0.6659413281753708,0.17027322404371584,0.6906028368794326,0.3365248226950355,0.6634751773049645
7833,YGL192W YOR120W,0.0,NA,5.117603905091528e-07,779,3795,7485,349,0.6660219213410703,0.17031045037166595,0.6906028368794326,0.33643617021276595,0.663563829787234
7834,YGR059W YBR176W,0.0,NA,5.128709403834364e-07,779,3794,7486,349,0.6661025145067698,0.17034769298053795,0.6906028368794326,0.3363475177304965,0.6636524822695036
7835,YGR179C YOR316C,0.0,NA,5.136129743732454e-07,779,3793,7487,349,0.6661831076724694,0.17038495188101488,0.6906028368794326,0.33625886524822696,0.6637411347517731
7836,YFR016C YFR024C-A,0.0,NA,5.144257784195361e-07,779,3792,7488,349,0.6662637008381689,0.1704222270837891,0.6906028368794326,0.33617021276595743,0.6638297872340425
7837,YNL121C YKL188C,0.0,NA,5.145886348145723e-07,779,3791,7489,349,0.6663442940038685,0.17045951859956238,0.6906028368794326,0.33608156028368796,0.663918439716312
7838,YJL051W YER110C,0.0,NA,5.170960548639414e-07,779,3790,7490,349,0.666424887169568,0.17049682643904573,0.6906028368794326,0.33599290780141844,0.6640070921985816
7839,YGR098C YIR039C,1.0,NA,5.174132411411847e-07,778,3790,7490,350,0.6663442940038685,0.1703152364273205,0.6897163120567376,0.33599290780141844,0.6640070921985816
7840,YJL103C YLR307W,0.0,NA,5.186498128750827e-07,778,3789,7491,350,0.666424887169568,0.17035252901248085,0.6897163120567376,0.3359042553191489,0.6640957446808511
7841,YGL054C YLL027W,0.0,NA,5.203198725212133e-07,778,3788,7492,350,0.6665054803352676,0.1703898379325449,0.6897163120567376,0.33581560283687945,0.6641843971631206
7842,YDR415C YER138C,1.0,NA,5.211631446400133e-07,777,3788,7492,351,0.666424887169568,0.1702081051478642,0.6888297872340425,0.33581560283687945,0.6641843971631206
7843,YDR077W YKR035W-A,0.0,NA,5.21260062669171e-07,777,3787,7493,351,0.6665054803352676,0.17024539877300612,0.6888297872340425,0.3357269503546099,0.66427304964539
7844,YLR157C YNR051C,0.0,NA,5.213719305174891e-07,777,3786,7494,351,0.6665860735009671,0.1702827087442472,0.6888297872340425,0.33563829787234045,0.6643617021276595
7845,YNL030W YIL112W,0.0,NA,5.233711135588237e-07,777,3785,7495,351,0.6666666666666666,0.1703200350723367,0.6888297872340425,0.3355496453900709,0.6644503546099291
7846,YCR094W YPL231W,0.0,NA,5.241973326519656e-07,777,3784,7496,351,0.6667472598323663,0.17035737776803334,0.6888297872340425,0.3354609929078014,0.6645390070921986
7847,YMR262W YJR098C,0.0,NA,5.25069879131479e-07,777,3783,7497,351,0.6668278529980658,0.17039473684210527,0.6888297872340425,0.33537234042553193,0.6646276595744681
7848,YMR244C-A YJR118C,0.0,NA,5.252466621641361e-07,777,3782,7498,351,0.6669084461637653,0.17043211230533012,0.6888297872340425,0.3352836879432624,0.6647163120567375
7849,YNL053W YCL024W,0.0,NA,5.262434115138603e-07,777,3781,7499,351,0.6669890393294649,0.17046950416849496,0.6888297872340425,0.3351950354609929,0.6648049645390071
7850,YPL159C YDR219C,0.0,NA,5.266194875730434e-07,777,3780,7500,351,0.6670696324951644,0.17050691244239632,0.6888297872340425,0.3351063829787234,0.6648936170212766
7851,YJR127C YNL024C,0.0,NA,5.287536737341725e-07,777,3779,7501,351,0.6671502256608639,0.1705443371378402,0.6888297872340425,0.3350177304964539,0.6649822695035461
7852,YDR197W YFL045C,0.0,NA,5.28943360222911e-07,777,3778,7502,351,0.6672308188265635,0.17058177826564216,0.6888297872340425,0.3349290780141844,0.6650709219858156
7853,YIL063C YJR134C,0.0,NA,5.306566777107946e-07,777,3777,7503,351,0.6673114119922631,0.17061923583662714,0.6888297872340425,0.3348404255319149,0.6651595744680852
7854,YBR175W YPR194C,0.0,NA,5.34349112513155e-07,777,3776,7504,351,0.6673920051579626,0.1706567098616297,0.6888297872340425,0.3347517730496454,0.6652482269503546
7855,YKL186C YER166W,0.0,NA,5.344576265997603e-07,777,3775,7505,351,0.6674725983236621,0.17069420035149385,0.6888297872340425,0.3346631205673759,0.6653368794326241
7856,YKL122C YOR304C-A,0.0,NA,5.344714395505434e-07,777,3774,7506,351,0.6675531914893617,0.17073170731707318,0.6888297872340425,0.3345744680851064,0.6654255319148936
7857,YIR032C YDL155W,0.0,NA,5.350109972823702e-07,777,3773,7507,351,0.6676337846550613,0.17076923076923076,0.6888297872340425,0.33448581560283686,0.6655141843971631
7858,YDL176W YGL236C,0.0,NA,5.350451601771056e-07,777,3772,7508,351,0.6677143778207608,0.17080677071883932,0.6888297872340425,0.3343971631205674,0.6656028368794327
7859,YML100W YBR136W,0.0,NA,5.369625455386995e-07,777,3771,7509,351,0.6677949709864603,0.170844327176781,0.6888297872340425,0.33430851063829786,0.6656914893617021
7860,YLR371W YOR208W,0.0,NA,5.391690365286195e-07,777,3770,7510,351,0.6678755641521599,0.17088190015394766,0.6888297872340425,0.3342198581560284,0.6657801418439716
7861,YPR031W YML002W,0.0,NA,5.425258109426068e-07,777,3769,7511,351,0.6679561573178594,0.17091948966124065,0.6888297872340425,0.33413120567375887,0.6658687943262411
7862,YIL088C YBL052C,0.0,NA,5.425351332632999e-07,777,3768,7512,351,0.668036750483559,0.17095709570957096,0.6888297872340425,0.33404255319148934,0.6659574468085107
7863,YDR057W YER174C,0.0,NA,5.464285095513333e-07,777,3767,7513,351,0.6681173436492586,0.17099471830985916,0.6888297872340425,0.3339539007092199,0.6660460992907802
7864,YNR073C YDL125C,0.0,NA,5.474780095937604e-07,777,3766,7514,351,0.6681979368149581,0.17103235747303544,0.6888297872340425,0.33386524822695035,0.6661347517730496
7865,YGR142W YPL215W,0.0,NA,5.489623049470538e-07,777,3765,7515,351,0.6682785299806576,0.17107001321003962,0.6888297872340425,0.3337765957446808,0.6662234042553191
7866,YHR200W YIR039C,1.0,NA,5.492544801199983e-07,776,3765,7515,352,0.6681979368149581,0.17088746972032592,0.6879432624113475,0.3337765957446808,0.6662234042553191
7867,YNL309W YML003W,0.0,NA,5.496826247508579e-07,776,3764,7516,352,0.6682785299806576,0.17092511013215858,0.6879432624113475,0.33368794326241136,0.6663120567375886
7868,YDR027C YPR186C,0.0,NA,5.504684850166086e-07,776,3763,7517,352,0.6683591231463571,0.17096276712932365,0.6879432624113475,0.33359929078014183,0.6664007092198582
7869,YER093C YDR334W,0.0,NA,5.509695029104478e-07,776,3762,7518,352,0.6684397163120568,0.17100044072278536,0.6879432624113475,0.33351063829787236,0.6664893617021277
7870,YCR105W YDL139C,0.0,NA,5.519392516362132e-07,776,3761,7519,352,0.6685203094777563,0.17103813092351774,0.6879432624113475,0.33342198581560284,0.6665780141843972
7871,YBL060W YKR096W,0.0,NA,5.523774007087923e-07,776,3760,7520,352,0.6686009026434558,0.1710758377425044,0.6879432624113475,0.3333333333333333,0.6666666666666666
7872,YMR240C YKL139W,0.0,NA,5.528211204364197e-07,776,3759,7521,352,0.6686814958091554,0.1711135611907387,0.6879432624113475,0.33324468085106385,0.6667553191489362
7873,YHR168W YOL012C,0.0,NA,5.54094754079415e-07,776,3758,7522,352,0.6687620889748549,0.17115130127922365,0.6879432624113475,0.3331560283687943,0.6668439716312057
7874,YOR393W YJL143W,0.0,NA,5.56995473743882e-07,776,3757,7523,352,0.6688426821405545,0.171189058018972,0.6879432624113475,0.3330673758865248,0.6669326241134752
7875,YJR026W YGL054C,0.0,NA,5.598733991973859e-07,776,3756,7524,352,0.6689232753062541,0.17122683142100617,0.6879432624113475,0.33297872340425533,0.6670212765957447
7876,YNR062C YMR058W,0.0,NA,5.600053327725618e-07,776,3755,7525,352,0.6690038684719536,0.17126462149635843,0.6879432624113475,0.3328900709219858,0.6671099290780141
7877,YMR101C YLR091W,0.0,NA,5.621075729322911e-07,776,3754,7526,352,0.6690844616376531,0.17130242825607064,0.6879432624113475,0.33280141843971633,0.6671985815602837
7878,YML057W YLL013C,0.0,NA,5.650011871694005e-07,776,3753,7527,352,0.6691650548033526,0.17134025171119452,0.6879432624113475,0.3327127659574468,0.6672872340425532
7879,YHL018W YMR078C,0.0,NA,5.654210895045253e-07,776,3752,7528,352,0.6692456479690522,0.17137809187279152,0.6879432624113475,0.3326241134751773,0.6673758865248227
7880,YNL326C YNL014W,0.0,NA,5.66808068924729e-07,776,3751,7529,352,0.6693262411347518,0.17141594875193283,0.6879432624113475,0.3325354609929078,0.6674645390070922
7881,YOR084W YLR448W,0.0,NA,5.669865004165331e-07,776,3750,7530,352,0.6694068343004513,0.17145382235969953,0.6879432624113475,0.3324468085106383,0.6675531914893617
7882,YDR331W YER138C,1.0,NA,5.714780968446576e-07,775,3750,7530,353,0.6693262411347518,0.1712707182320442,0.6870567375886525,0.3324468085106383,0.6675531914893617
7883,YJR127C YJL091C,0.0,NA,5.721750540033099e-07,775,3749,7531,353,0.6694068343004513,0.17130857648099027,0.6870567375886525,0.33235815602836877,0.6676418439716312
7884,YOR064C YHR117W,0.0,NA,5.751067533310561e-07,775,3748,7532,353,0.6694874274661509,0.1713464514702631,0.6870567375886525,0.3322695035460993,0.6677304964539007
7885,YPL038W YCR040W,0.0,NA,5.76162449306139e-07,775,3747,7533,353,0.6695680206318504,0.1713843432109686,0.6870567375886525,0.3321808510638298,0.6678191489361702
7886,YMR065W YPL178W,0.0,NA,5.774848546025169e-07,775,3746,7534,353,0.6696486137975499,0.1714222517142225,0.6870567375886525,0.3320921985815603,0.6679078014184398
7887,YKR103W YBR283C,0.0,NA,5.783270466963586e-07,775,3745,7535,353,0.6697292069632496,0.17146017699115043,0.6870567375886525,0.3320035460992908,0.6679964539007093
7888,YER002W YKL161C,0.0,NA,5.791449666503468e-07,775,3744,7536,353,0.6698098001289491,0.1714981190528878,0.6870567375886525,0.33191489361702126,0.6680851063829787
7889,YOR138C YKL108W,0.0,NA,5.826533424624358e-07,775,3743,7537,353,0.6698903932946486,0.1715360779105799,0.6870567375886525,0.3318262411347518,0.6681737588652482
7890,YGL192W YBR126W-A,0.0,NA,5.835959768774046e-07,775,3742,7538,353,0.6699709864603481,0.17157405357538189,0.6870567375886525,0.33173758865248226,0.6682624113475177
7891,YAL027W YLR137W,0.0,NA,5.847770694344945e-07,775,3741,7539,353,0.6700515796260477,0.1716120460584588,0.6870567375886525,0.3316489361702128,0.6683510638297873
7892,YNL137C YIR006C,0.0,NA,5.87691488362907e-07,775,3740,7540,353,0.6701321727917473,0.1716500553709856,0.6870567375886525,0.33156028368794327,0.6684397163120568
7893,YPL270W YJL108C,0.0,NA,5.927438451180933e-07,775,3739,7541,353,0.6702127659574468,0.1716880815241471,0.6870567375886525,0.33147163120567374,0.6685283687943262
7894,YKL132C YIR034C,0.0,NA,5.934582532063359e-07,775,3738,7542,353,0.6702933591231464,0.17172612452913805,0.6870567375886525,0.3313829787234043,0.6686170212765957
7895,YDR536W YJR094W-A,0.0,NA,5.948635362074128e-07,775,3737,7543,353,0.6703739522888459,0.17176418439716312,0.6870567375886525,0.33129432624113475,0.6687056737588652
7896,YLR206W YDR185C,0.0,NA,5.964762976873317e-07,775,3736,7544,353,0.6704545454545454,0.17180226113943692,0.6870567375886525,0.3312056737588652,0.6687943262411348
7897,YML098W YGL238W,0.0,NA,5.970653091935674e-07,775,3735,7545,353,0.670535138620245,0.17184035476718404,0.6870567375886525,0.33111702127659576,0.6688829787234043
7898,YIR032C YKL096W,0.0,NA,6.019656666467199e-07,775,3734,7546,353,0.6706157317859446,0.17187846529163894,0.6870567375886525,0.33102836879432623,0.6689716312056737
7899,YBL100W-B YDR434W,1.0,NA,6.025302923262643e-07,774,3734,7546,354,0.670535138620245,0.17169476486246674,0.6861702127659575,0.33102836879432623,0.6689716312056737
7900,YGL085W YDR104C,0.0,NA,6.027969448041404e-07,774,3733,7547,354,0.6706157317859446,0.17173285999556245,0.6861702127659575,0.33093971631205676,0.6690602836879432
7901,YJL165C YPL110C,0.0,NA,6.048181262485741e-07,774,3732,7548,354,0.6706963249516441,0.17177097203728361,0.6861702127659575,0.33085106382978724,0.6691489361702128
7902,YIL074C YJR133W,0.0,NA,6.061566182324896e-07,774,3731,7549,354,0.6707769181173436,0.17180910099889013,0.6861702127659575,0.3307624113475177,0.6692375886524823
7903,YMR077C YPR007C,0.0,NA,6.065267257326923e-07,774,3730,7550,354,0.6708575112830432,0.17184724689165187,0.6861702127659575,0.33067375886524825,0.6693262411347518
7904,YDR027C YDL207W,0.0,NA,6.075983378650562e-07,774,3729,7551,354,0.6709381044487428,0.17188540972684876,0.6861702127659575,0.3305851063829787,0.6694148936170212
7905,YCR066W YPL059W,0.0,NA,6.082574941501662e-07,774,3728,7552,354,0.6710186976144423,0.17192358951577077,0.6861702127659575,0.3304964539007092,0.6695035460992907
7906,YJR125C YDR257C,0.0,NA,6.085702466407383e-07,774,3727,7553,354,0.6710992907801419,0.17196178626971784,0.6861702127659575,0.33040780141843973,0.6695921985815603
7907,YHR083W YLR298C,0.0,NA,6.094942932577396e-07,774,3726,7554,354,0.6711798839458414,0.172,0.6861702127659575,0.3303191489361702,0.6696808510638298
7908,YPR174C YOR242C,0.0,NA,6.120700959399983e-07,774,3725,7555,354,0.6712604771115409,0.1720382307179373,0.6861702127659575,0.33023049645390073,0.6697695035460993
7909,YGR141W YDR501W,0.0,NA,6.131941745479708e-07,774,3724,7556,354,0.6713410702772404,0.17207647843485993,0.6861702127659575,0.3301418439716312,0.6698581560283688
7910,YDR283C YIL067C,0.0,NA,6.132082717158482e-07,774,3723,7557,354,0.6714216634429401,0.17211474316210806,0.6861702127659575,0.3300531914893617,0.6699468085106383
7911,YLR176C YJR134C,0.0,NA,6.175145585984865e-07,774,3722,7558,354,0.6715022566086396,0.17215302491103202,0.6861702127659575,0.3299645390070922,0.6700354609929078
7912,YLR283W YIL101C,0.0,NA,6.176412057357084e-07,774,3721,7559,354,0.6715828497743391,0.17219132369299223,0.6861702127659575,0.3298758865248227,0.6701241134751773
7913,YEL071W YLL036C,0.0,NA,6.17918658463168e-07,774,3720,7560,354,0.6716634429400387,0.17222963951935916,0.6861702127659575,0.32978723404255317,0.6702127659574468
7914,YPR163C YDR315C,0.0,NA,6.186297696331167e-07,774,3719,7561,354,0.6717440361057382,0.17226797240151345,0.6861702127659575,0.3296985815602837,0.6703014184397164
7915,YER139C YCR065W,0.0,NA,6.186769496707711e-07,774,3718,7562,354,0.6718246292714378,0.17230632235084595,0.6861702127659575,0.3296099290780142,0.6703900709219858
7916,YJL006C YLR350W,0.0,NA,6.210344167811854e-07,774,3717,7563,354,0.6719052224371374,0.17234468937875752,0.6861702127659575,0.3295212765957447,0.6704787234042553
7917,YLR375W YHR174W,0.0,NA,6.257524773900514e-07,774,3716,7564,354,0.6719858156028369,0.17238307349665924,0.6861702127659575,0.3294326241134752,0.6705673758865248
7918,YMR246W YDR315C,0.0,NA,6.278482374000305e-07,774,3715,7565,354,0.6720664087685364,0.17242147471597238,0.6861702127659575,0.32934397163120566,0.6706560283687943
7919,YPL150W YFL052W,0.0,NA,6.292988814493583e-07,774,3714,7566,354,0.6721470019342359,0.17245989304812834,0.6861702127659575,0.3292553191489362,0.6707446808510639
7920,YFL011W YGR207C,0.0,NA,6.333605711006385e-07,774,3713,7567,354,0.6722275950999356,0.17249832850456875,0.6861702127659575,0.32916666666666666,0.6708333333333333
7921,YLR245C YDL148C,0.0,NA,6.358982318488415e-07,774,3712,7568,354,0.6723081882656351,0.17253678109674542,0.6861702127659575,0.32907801418439714,0.6709219858156028
7922,YGR084C YLR005W,0.0,NA,6.371323593157285e-07,774,3711,7569,354,0.6723887814313346,0.1725752508361204,0.6861702127659575,0.32898936170212767,0.6710106382978723
7923,YDR182W YDL018C,0.0,NA,6.382634865076398e-07,774,3710,7570,354,0.6724693745970342,0.1726137377341659,0.6861702127659575,0.32890070921985815,0.6710992907801419
7924,YEL017C-A YMR119W,0.0,NA,6.383097570505925e-07,774,3709,7571,354,0.6725499677627337,0.1726522418023645,0.6861702127659575,0.3288120567375887,0.6711879432624114
7925,YKR028W YHR057C,0.0,NA,6.457046310970327e-07,774,3708,7572,354,0.6726305609284333,0.17269076305220885,0.6861702127659575,0.32872340425531915,0.6712765957446809
7926,YDL104C YER144C,1.0,NA,6.481119498857879e-07,773,3708,7572,355,0.6725499677627337,0.17250613702298595,0.6852836879432624,0.32872340425531915,0.6712765957446809
7927,YOR304C-A YKL220C,0.0,NA,6.492657007584057e-07,773,3707,7573,355,0.6726305609284333,0.17254464285714285,0.6852836879432624,0.3286347517730496,0.6713652482269503
7928,YNL019C YML075C,0.0,NA,6.498944458144251e-07,773,3706,7574,355,0.6727111540941328,0.17258316588524225,0.6852836879432624,0.32854609929078016,0.6714539007092198
7929,YDR347W YBR273C,0.0,NA,6.512644290523895e-07,773,3705,7575,355,0.6727917472598324,0.17262170611880304,0.6852836879432624,0.32845744680851063,0.6715425531914894
7930,YMR325W YNR031C,0.0,NA,6.515812742691196e-07,773,3704,7576,355,0.6728723404255319,0.1726602635693545,0.6852836879432624,0.3283687943262411,0.6716312056737589
7931,YDR498C YHR083W,0.0,NA,6.536400292134203e-07,773,3703,7577,355,0.6729529335912314,0.1726988382484361,0.6852836879432624,0.32828014184397164,0.6717198581560284
7932,YMR031C YDR090C,0.0,NA,6.551734372806095e-07,773,3702,7578,355,0.6730335267569311,0.17273743016759777,0.6852836879432624,0.3281914893617021,0.6718085106382978
7933,YGL062W YPL159C,0.0,NA,6.55360281598405e-07,773,3701,7579,355,0.6731141199226306,0.17277603933839963,0.6852836879432624,0.32810283687943265,0.6718971631205674
7934,YER035W YDR330W,0.0,NA,6.554909077749471e-07,773,3700,7580,355,0.6731947130883301,0.17281466577241225,0.6852836879432624,0.3280141843971631,0.6719858156028369
7935,YGR037C YAL054C,0.0,NA,6.55644100788777e-07,773,3699,7581,355,0.6732753062540296,0.17285330948121647,0.6852836879432624,0.3279255319148936,0.6720744680851064
7936,YOR355W YBL107C,0.0,NA,6.558717018378957e-07,773,3698,7582,355,0.6733558994197292,0.17289197047640348,0.6852836879432624,0.32783687943262413,0.6721631205673759
7937,YGR207C YOR069W,0.0,NA,6.567304922100448e-07,773,3697,7583,355,0.6734364925854287,0.17293064876957495,0.6852836879432624,0.3277482269503546,0.6722517730496453
7938,YFR052W YGL203C,1.0,NA,6.600029109904426e-07,772,3697,7583,356,0.6733558994197292,0.17274558066681583,0.6843971631205674,0.3277482269503546,0.6722517730496453
7939,YMR280C YHR094C,0.0,NA,6.603655720027746e-07,772,3696,7584,356,0.6734364925854287,0.1727842435094002,0.6843971631205674,0.3276595744680851,0.6723404255319149
7940,YLR411W YMR247C,0.0,NA,6.631840960835689e-07,772,3695,7585,356,0.6735170857511283,0.17282292366241325,0.6843971631205674,0.3275709219858156,0.6724290780141844
7941,YBR204C YGL143C,0.0,NA,6.634612077505153e-07,772,3694,7586,356,0.6735976789168279,0.1728616211374832,0.6843971631205674,0.3274822695035461,0.6725177304964539
7942,YDR096W YGR233C,0.0,NA,6.666069225502724e-07,772,3693,7587,356,0.6736782720825274,0.1729003359462486,0.6843971631205674,0.3273936170212766,0.6726063829787234
7943,YKL180W YHR127W,0.0,NA,6.704808583890554e-07,772,3692,7588,356,0.6737588652482269,0.17293906810035842,0.6843971631205674,0.3273049645390071,0.672695035460993
7944,YDR316W YPL062W,0.0,NA,6.722781336065964e-07,772,3691,7589,356,0.6738394584139265,0.1729778176114721,0.6843971631205674,0.32721631205673757,0.6727836879432624
7945,YJL083W YDR227W,0.0,NA,6.734555881848792e-07,772,3690,7590,356,0.6739200515796261,0.17301658449125953,0.6843971631205674,0.3271276595744681,0.6728723404255319
7946,YDR533C YFR052W,1.0,NA,6.754739843017887e-07,771,3690,7590,357,0.6738394584139265,0.17283120376597175,0.6835106382978723,0.3271276595744681,0.6728723404255319
7947,YGR059W YOR084W,0.0,NA,6.756235393368115e-07,771,3689,7591,357,0.6739200515796261,0.17286995515695067,0.6835106382978723,0.3270390070921986,0.6729609929078014
7948,YDR377W YIR018W,0.0,NA,6.761120516785013e-07,771,3688,7592,357,0.6740006447453256,0.1729087239291321,0.6835106382978723,0.32695035460992905,0.673049645390071
7949,YJL103C YDL105W,0.0,NA,6.778029160159349e-07,771,3687,7593,357,0.6740812379110251,0.17294751009421266,0.6835106382978723,0.3268617021276596,0.6731382978723405
7950,YDL012C YOR194C,0.0,NA,6.779302452741831e-07,771,3686,7594,357,0.6741618310767247,0.1729863136638995,0.6835106382978723,0.32677304964539006,0.6732269503546099
7951,YDR323C YOR192C,0.0,NA,6.797118317081186e-07,771,3685,7595,357,0.6742424242424242,0.17302513464991023,0.6835106382978723,0.3266843971631206,0.6733156028368794
7952,YGR179C YPR160W,0.0,NA,6.81253709444718e-07,771,3684,7596,357,0.6743230174081238,0.17306397306397306,0.6835106382978723,0.32659574468085106,0.6734042553191489
7953,YGR171C YPL007C,0.0,NA,6.879470220155781e-07,771,3683,7597,357,0.6744036105738234,0.17310282891782666,0.6835106382978723,0.32650709219858154,0.6734929078014185
7954,YMR028W YNL039W,0.0,NA,6.880441674184112e-07,771,3682,7598,357,0.6744842037395229,0.1731417022232203,0.6835106382978723,0.32641843971631207,0.673581560283688
7955,YER093C YLR431C,0.0,NA,6.882935394969536e-07,771,3681,7599,357,0.6745647969052224,0.17318059299191374,0.6835106382978723,0.32632978723404255,0.6736702127659574
7956,YER020W YMR124W,0.0,NA,6.88610668930778e-07,771,3680,7600,357,0.674645390070922,0.17321950123567736,0.6835106382978723,0.3262411347517731,0.6737588652482269
7957,YPL088W YIR018W,0.0,NA,6.886487540214148e-07,771,3679,7601,357,0.6747259832366216,0.17325842696629212,0.6835106382978723,0.32615248226950355,0.6738475177304964
7958,YML127W YDR011W,0.0,NA,6.902333780089975e-07,771,3678,7602,357,0.6748065764023211,0.17329737019554955,0.6835106382978723,0.326063829787234,0.673936170212766
7959,YBR074W YFR052W,1.0,NA,6.928793254701304e-07,770,3678,7602,358,0.6747259832366216,0.1731115107913669,0.6826241134751773,0.326063829787234,0.673936170212766
7960,YMR032W YHR063C,0.0,NA,6.982530749155558e-07,770,3677,7603,358,0.6748065764023211,0.17315043849786374,0.6826241134751773,0.32597517730496456,0.6740248226950355
7961,YDL207W YML105C,0.0,NA,6.997328796387592e-07,770,3676,7604,358,0.6748871695680206,0.1731893837156995,0.6826241134751773,0.32588652482269503,0.6741134751773049
7962,YER035W YAR042W,0.0,NA,7.020564112281136e-07,770,3675,7605,358,0.6749677627337202,0.1732283464566929,0.6826241134751773,0.3257978723404255,0.6742021276595744
7963,YPL101W YDL088C,0.0,NA,7.029782409517793e-07,770,3674,7606,358,0.6750483558994197,0.17326732673267325,0.6826241134751773,0.32570921985815604,0.674290780141844
7964,YDL188C YLR340W,0.0,NA,7.063093221404415e-07,770,3673,7607,358,0.6751289490651193,0.17330632455548053,0.6826241134751773,0.3256205673758865,0.6743794326241135
7965,YJR152W YFL052W,0.0,NA,7.086424602675834e-07,770,3672,7608,358,0.6752095422308189,0.17334533993696533,0.6826241134751773,0.32553191489361705,0.674468085106383
7966,YFL027C YHR064C,0.0,NA,7.093206022545928e-07,770,3671,7609,358,0.6752901353965184,0.17338437288898897,0.6826241134751773,0.3254432624113475,0.6745567375886525
7967,YGL068W YNL127W,0.0,NA,7.124065746211272e-07,770,3670,7610,358,0.6753707285622179,0.17342342342342343,0.6826241134751773,0.325354609929078,0.674645390070922
7968,YCR041W YNL052W,0.0,NA,7.124514240786084e-07,770,3669,7611,358,0.6754513217279174,0.17346249155215138,0.6826241134751773,0.32526595744680853,0.6747340425531915
7969,YHR124W YKL001C,0.0,NA,7.136673048080411e-07,770,3668,7612,358,0.675531914893617,0.17350157728706625,0.6826241134751773,0.325177304964539,0.674822695035461
7970,YLL036C YPL096W,0.0,NA,7.138762612157734e-07,770,3667,7613,358,0.6756125080593166,0.1735406806400721,0.6826241134751773,0.3250886524822695,0.6749113475177305
7971,YIL091C YKL085W,0.0,NA,7.159100050557754e-07,770,3666,7614,358,0.6756931012250161,0.17357980162308387,0.6826241134751773,0.325,0.675
7972,YFL001W YBL011W,0.0,NA,7.167625994952687e-07,770,3665,7615,358,0.6757736943907157,0.17361894024802707,0.6826241134751773,0.3249113475177305,0.6750886524822695
7973,YMR316C-A YPR129W,0.0,NA,7.179666567935783e-07,770,3664,7616,358,0.6758542875564152,0.17365809652683806,0.6826241134751773,0.324822695035461,0.675177304964539
7974,YOR125C YDL126C,0.0,NA,7.229542120512633e-07,770,3663,7617,358,0.6759348807221147,0.17369727047146402,0.6826241134751773,0.3247340425531915,0.6752659574468085
7975,YMR246W YOL091W,0.0,NA,7.240271315822611e-07,770,3662,7618,358,0.6760154738878144,0.17373646209386281,0.6826241134751773,0.32464539007092197,0.675354609929078
7976,YNL301C YLR430W,0.0,NA,7.241451385198161e-07,770,3661,7619,358,0.6760960670535139,0.17377567140600317,0.6826241134751773,0.3245567375886525,0.6754432624113476
7977,YHR168W YBL019W,0.0,NA,7.248719953167893e-07,770,3660,7620,358,0.6761766602192134,0.17381489841986456,0.6826241134751773,0.324468085106383,0.675531914893617
7978,YDR324C YOR304C-A,0.0,NA,7.256930985022336e-07,770,3659,7621,358,0.6762572533849129,0.17385414314743736,0.6826241134751773,0.32437943262411345,0.6756205673758865
7979,YML073C YNL019C,0.0,NA,7.289461905202188e-07,770,3658,7622,358,0.6763378465506125,0.17389340560072267,0.6826241134751773,0.324290780141844,0.675709219858156
7980,YOR245C YHR150W,0.0,NA,7.355045568147034e-07,770,3657,7623,358,0.6764184397163121,0.17393268579173254,0.6826241134751773,0.32420212765957446,0.6757978723404255
7981,YGR281W YBR179C,0.0,NA,7.36076458451862e-07,770,3656,7624,358,0.6764990328820116,0.17397198373248984,0.6826241134751773,0.324113475177305,0.6758865248226951
7982,YDL104C YLR088W,1.0,NA,7.481266379727458e-07,769,3656,7624,359,0.6764184397163121,0.17378531073446327,0.6817375886524822,0.324113475177305,0.6758865248226951
7983,YDR331W YBL100W-B,1.0,NA,7.490103826057748e-07,768,3656,7624,360,0.6763378465506125,0.1735985533453888,0.6808510638297872,0.324113475177305,0.6758865248226951
7984,YLR206W YNL004W,0.0,NA,7.500239576074819e-07,768,3655,7625,360,0.6764184397163121,0.17363780239656343,0.6808510638297872,0.32402482269503546,0.6759751773049646
7985,YLR203C YKL126W,0.0,NA,7.526600711571518e-07,768,3654,7626,360,0.6764990328820116,0.17367706919945725,0.6808510638297872,0.32393617021276594,0.676063829787234
7986,YAR019C YOR303W,0.0,NA,7.53991344026872e-07,768,3653,7627,360,0.6765796260477112,0.17371635376611627,0.6808510638297872,0.32384751773049647,0.6761524822695035
7987,YEL036C YBR168W,0.0,NA,7.549223823843931e-07,768,3652,7628,360,0.6766602192134107,0.17375565610859728,0.6808510638297872,0.32375886524822695,0.676241134751773
7988,YDR257C YOR315W,0.0,NA,7.56428562453948e-07,768,3651,7629,360,0.6767408123791102,0.17379497623896809,0.6808510638297872,0.3236702127659574,0.6763297872340426
7989,YLR085C YBR085W,0.0,NA,7.569510671601165e-07,768,3650,7630,360,0.6768214055448099,0.1738343141693074,0.6808510638297872,0.32358156028368795,0.6764184397163121
7990,YGL178W YDR007W,0.0,NA,7.583593060189742e-07,768,3649,7631,360,0.6769019987105094,0.17387366991170478,0.6808510638297872,0.32349290780141843,0.6765070921985815
7991,YFR039C YBR213W,0.0,NA,7.587404979858547e-07,768,3648,7632,360,0.6769825918762089,0.17391304347826086,0.6808510638297872,0.32340425531914896,0.676595744680851
7992,YBL047C YER061C,0.0,NA,7.589981692035508e-07,768,3647,7633,360,0.6770631850419084,0.1739524348810872,0.6808510638297872,0.32331560283687943,0.6766843971631206
7993,YKR035W-A YDR519W,0.0,NA,7.631090852555644e-07,768,3646,7634,360,0.677143778207608,0.1739918441323063,0.6808510638297872,0.3232269503546099,0.6767730496453901
7994,YKR055W YML077W,0.0,NA,7.635203473910224e-07,768,3645,7635,360,0.6772243713733076,0.17403127124405166,0.6808510638297872,0.32313829787234044,0.6768617021276596
7995,YLR116W YJL006C,0.0,NA,7.643640742571733e-07,768,3644,7636,360,0.6773049645390071,0.17407071622846781,0.6808510638297872,0.3230496453900709,0.676950354609929
7996,YGL002W YNL088W,0.0,NA,7.675613460378372e-07,768,3643,7637,360,0.6773855577047067,0.17411017909771026,0.6808510638297872,0.3229609929078014,0.6770390070921986
7997,YFL041W YLR430W,0.0,NA,7.689241101616062e-07,768,3642,7638,360,0.6774661508704062,0.17414965986394557,0.6808510638297872,0.3228723404255319,0.6771276595744681
7998,YPL099C YML107C,0.0,NA,7.689285439482774e-07,768,3641,7639,360,0.6775467440361057,0.17418915853935132,0.6808510638297872,0.3227836879432624,0.6772163120567376
7999,YLR005W YPR185W,0.0,NA,7.689901053709036e-07,768,3640,7640,360,0.6776273372018052,0.17422867513611615,0.6808510638297872,0.32269503546099293,0.6773049645390071
8000,YPR041W YJL185C,0.0,NA,7.698243393861048e-07,768,3639,7641,360,0.6777079303675049,0.17426820966643974,0.6808510638297872,0.3226063829787234,0.6773936170212767
8001,YIR039C YJR126C,1.0,NA,7.722266559540003e-07,767,3639,7641,361,0.6776273372018052,0.17408079891057648,0.6799645390070922,0.3226063829787234,0.6773936170212767
8002,YFR006W YFR052W,1.0,NA,7.740839578218583e-07,766,3639,7641,362,0.6775467440361057,0.17389330306469922,0.6790780141843972,0.3226063829787234,0.6773936170212767
8003,YDR207C YKL001C,0.0,NA,7.761433948871854e-07,766,3638,7642,362,0.6776273372018052,0.17393278837420525,0.6790780141843972,0.3225177304964539,0.6774822695035461
8004,YBR057C YJR135W-A,0.0,NA,7.770402703499713e-07,766,3637,7643,362,0.6777079303675049,0.17397229161935043,0.6790780141843972,0.3224290780141844,0.6775709219858156
8005,YGL168W YJL006C,0.0,NA,7.771774335196824e-07,766,3636,7644,362,0.6777885235332044,0.17401181281235803,0.6790780141843972,0.3223404255319149,0.6776595744680851
8006,YFL033C YGR132C,0.0,NA,7.781155204611423e-07,766,3635,7645,362,0.6778691166989039,0.1740513519654624,0.6790780141843972,0.32225177304964536,0.6777482269503546
8007,YLR020C YER087C-A,0.0,NA,7.78228354647581e-07,766,3634,7646,362,0.6779497098646035,0.1740909090909091,0.6790780141843972,0.3221631205673759,0.6778368794326242
8008,YJL170C YKR035W-A,0.0,NA,7.786901505824062e-07,766,3633,7647,362,0.678030303030303,0.17413048420095475,0.6790780141843972,0.32207446808510637,0.6779255319148936
8009,YML100W YOR138C,0.0,NA,7.791670100232295e-07,766,3632,7648,362,0.6781108961960026,0.1741700773078672,0.6790780141843972,0.3219858156028369,0.6780141843971631
8010,YDR077W YDR219C,0.0,NA,7.795416081535222e-07,766,3631,7649,362,0.6781914893617021,0.1742096884239254,0.6790780141843972,0.3218971631205674,0.6781028368794326
8011,YDR347W YOL003C,0.0,NA,7.805757036294381e-07,766,3630,7650,362,0.6782720825274017,0.17424931756141948,0.6790780141843972,0.32180851063829785,0.6781914893617021
8012,YAR042W YPR185W,0.0,NA,7.819211873538734e-07,766,3629,7651,362,0.6783526756931012,0.17428896473265074,0.6790780141843972,0.3217198581560284,0.6782801418439717
8013,YMR003W YOR069W,0.0,NA,7.832960591258598e-07,766,3628,7652,362,0.6784332688588007,0.17432862994993173,0.6790780141843972,0.32163120567375886,0.6783687943262411
8014,YGL073W YER122C,0.0,NA,7.851537588976498e-07,766,3627,7653,362,0.6785138620245004,0.17436831322558616,0.6790780141843972,0.3215425531914894,0.6784574468085106
8015,YKR020W YMR092C,0.0,NA,7.867292879382148e-07,766,3626,7654,362,0.6785944551901999,0.174408014571949,0.6790780141843972,0.32145390070921986,0.6785460992907801
8016,YBR114W YPL031C,0.0,NA,7.872967557887023e-07,766,3625,7655,362,0.6786750483558994,0.17444773400136643,0.6790780141843972,0.32136524822695034,0.6786347517730497
8017,YDR272W YBR223C,0.0,NA,7.882005093051703e-07,766,3624,7656,362,0.678755641521599,0.1744874715261959,0.6790780141843972,0.32127659574468087,0.6787234042553192
8018,YHR110W YIR034C,0.0,NA,7.882275099291292e-07,766,3623,7657,362,0.6788362346872985,0.17452722715880611,0.6790780141843972,0.32118794326241135,0.6788120567375886
8019,YOR391C YMR150C,1.0,NA,7.883373314143682e-07,765,3623,7657,363,0.678755641521599,0.1743391066545123,0.6781914893617021,0.32118794326241135,0.6788120567375886
8020,YER078C YGL203C,1.0,NA,7.884974593252991e-07,764,3623,7657,364,0.6786750483558994,0.17415090038750855,0.6773049645390071,0.32118794326241135,0.6788120567375886
8021,YJR041C YER174C,0.0,NA,7.892347753113427e-07,764,3622,7658,364,0.678755641521599,0.1741906064751482,0.6773049645390071,0.3210992907801418,0.6789007092198581
8022,YLR209C YMR238W,0.0,NA,7.93600236193015e-07,764,3621,7659,364,0.6788362346872985,0.174230330672748,0.6773049645390071,0.32101063829787235,0.6789893617021276
8023,YLR144C YIL088C,0.0,NA,7.936895372040453e-07,764,3620,7660,364,0.6789168278529981,0.17427007299270073,0.6773049645390071,0.32092198581560283,0.6790780141843972
8024,YGR060W YMR197C,0.0,NA,7.953898375490098e-07,764,3619,7661,364,0.6789974210186976,0.17430983344741044,0.6773049645390071,0.32083333333333336,0.6791666666666667
8025,YDR185C YHL031C,0.0,NA,7.963826647028327e-07,764,3618,7662,364,0.6790780141843972,0.17434961204929256,0.6773049645390071,0.32074468085106383,0.6792553191489362
8026,YFL056C YJL002C,0.0,NA,7.975257290127047e-07,764,3617,7663,364,0.6791586073500967,0.1743894088107738,0.6773049645390071,0.3206560283687943,0.6793439716312056
8027,YCR027C YMR095C,0.0,NA,7.976466918080405e-07,764,3616,7664,364,0.6792392005157962,0.17442922374429223,0.6773049645390071,0.32056737588652484,0.6794326241134752
8028,YDL188C YOL025W,0.0,NA,7.990110475475376e-07,764,3615,7665,364,0.6793197936814958,0.17446905686229733,0.6773049645390071,0.3204787234042553,0.6795212765957447
8029,YLR307W YKL126W,0.0,NA,7.991032475729298e-07,764,3614,7666,364,0.6794003868471954,0.1745089081772499,0.6773049645390071,0.3203900709219858,0.6796099290780142
8030,YER102W YBR115C,0.0,NA,7.993654662641347e-07,764,3613,7667,364,0.6794809800128949,0.1745487777016221,0.6773049645390071,0.3203014184397163,0.6796985815602837
8031,YML011C YLR298C,0.0,NA,8.007723977243586e-07,764,3612,7668,364,0.6795615731785944,0.1745886654478976,0.6773049645390071,0.3202127659574468,0.6797872340425531
8032,YDL188C YGL238W,0.0,NA,8.02665510946099e-07,764,3611,7669,364,0.679642166344294,0.17462857142857144,0.6773049645390071,0.32012411347517733,0.6798758865248227
8033,YJL170C YOL055C,0.0,NA,8.039303338591708e-07,764,3610,7670,364,0.6797227595099935,0.17466849565614997,0.6773049645390071,0.3200354609929078,0.6799645390070922
8034,YPL120W YJL201W,0.0,NA,8.087927199085243e-07,764,3609,7671,364,0.6798033526756931,0.17470843814315115,0.6773049645390071,0.3199468085106383,0.6800531914893617
8035,YBR141C YPL231W,0.0,NA,8.098361945485522e-07,764,3608,7672,364,0.6798839458413927,0.1747483989021043,0.6773049645390071,0.3198581560283688,0.6801418439716312
8036,YPL115C YJL026W,0.0,NA,8.171715535354451e-07,764,3607,7673,364,0.6799645390070922,0.17478837794555022,0.6773049645390071,0.3197695035460993,0.6802304964539007
8037,YGL168W YMR173W,0.0,NA,8.186761988326907e-07,764,3606,7674,364,0.6800451321727917,0.1748283752860412,0.6773049645390071,0.31968085106382976,0.6803191489361702
8038,YKL018W YLR298C,0.0,NA,8.21652349713986e-07,764,3605,7675,364,0.6801257253384912,0.17486839093614098,0.6773049645390071,0.3195921985815603,0.6804078014184397
8039,YLR445W YHL013C,0.0,NA,8.227453918152605e-07,764,3604,7676,364,0.6802063185041909,0.1749084249084249,0.6773049645390071,0.31950354609929077,0.6804964539007092
8040,YGR141W YDL150W,0.0,NA,8.259419246314792e-07,764,3603,7677,364,0.6802869116698904,0.17494847721547974,0.6773049645390071,0.3194148936170213,0.6805851063829788
8041,YDR060W YPR160W,0.0,NA,8.315827813021315e-07,764,3602,7678,364,0.6803675048355899,0.1749885478699038,0.6773049645390071,0.3193262411347518,0.6806737588652483
8042,YMR280C YPR184W,0.0,NA,8.338261636708921e-07,764,3601,7679,364,0.6804480980012895,0.17502863688430698,0.6773049645390071,0.31923758865248225,0.6807624113475177
8043,YPR052C YBR076W,0.0,NA,8.347275866071868e-07,764,3600,7680,364,0.680528691166989,0.17506874427131072,0.6773049645390071,0.3191489361702128,0.6808510638297872
8044,YOR316C YPL031C,0.0,NA,8.351201472578396e-07,764,3599,7681,364,0.6806092843326886,0.17510887004354803,0.6773049645390071,0.31906028368794326,0.6809397163120567
8045,YIL022W YBR273C,0.0,NA,8.364249879377894e-07,764,3598,7682,364,0.6806898774983882,0.17514901421366347,0.6773049645390071,0.31897163120567373,0.6810283687943263
8046,YPL274W YPL158C,0.0,NA,8.429594231529336e-07,764,3597,7683,364,0.6807704706640877,0.17518917679431323,0.6773049645390071,0.31888297872340426,0.6811170212765958
8047,YKR049C YNL122C,0.0,NA,8.439262160209182e-07,764,3596,7684,364,0.6808510638297872,0.17522935779816515,0.6773049645390071,0.31879432624113474,0.6812056737588652
8048,YDR184C YHR117W,0.0,NA,8.493382210872369e-07,764,3595,7685,364,0.6809316569954867,0.1752695572378986,0.6773049645390071,0.31870567375886527,0.6812943262411347
8049,YCR041W YPR125W,0.0,NA,8.511018450008123e-07,764,3594,7686,364,0.6810122501611864,0.1753097751262047,0.6773049645390071,0.31861702127659575,0.6813829787234043
8050,YHR110W YGR080W,0.0,NA,8.51342122132337e-07,764,3593,7687,364,0.6810928433268859,0.1753500114757861,0.6773049645390071,0.3185283687943262,0.6814716312056738
8051,YMR310C YKR096W,0.0,NA,8.532017545803683e-07,764,3592,7688,364,0.6811734364925854,0.1753902662993572,0.6773049645390071,0.31843971631205675,0.6815602836879433
8052,YLR131C YPL190C,0.0,NA,8.592295444032061e-07,764,3591,7689,364,0.681254029658285,0.17543053960964408,0.6773049645390071,0.31835106382978723,0.6816489361702127
8053,YIL041W YMR278W,0.0,NA,8.604972663306398e-07,764,3590,7690,364,0.6813346228239845,0.17547083141938447,0.6773049645390071,0.3182624113475177,0.6817375886524822
8054,YGL002W YGL143C,0.0,NA,8.628022669654456e-07,764,3589,7691,364,0.681415215989684,0.17551114174132781,0.6773049645390071,0.31817375886524824,0.6818262411347518
8055,YGR098C YDR415C,1.0,NA,8.634220876047038e-07,763,3589,7691,365,0.6813346228239845,0.1753216911764706,0.6764184397163121,0.31817375886524824,0.6818262411347518
8056,YJR084W YLR270W,0.0,NA,8.653328791297099e-07,763,3588,7692,365,0.681415215989684,0.1753619857504022,0.6764184397163121,0.3180851063829787,0.6819148936170213
8057,YFL034C-A YNR030W,0.0,NA,8.710765087016625e-07,763,3587,7693,365,0.6814958091553837,0.1754022988505747,0.6764184397163121,0.31799645390070924,0.6820035460992908
8058,YDR096W YMR122W-A,0.0,NA,8.715078365639783e-07,763,3586,7694,365,0.6815764023210832,0.17544263048976777,0.6764184397163121,0.3179078014184397,0.6820921985815603
8059,YKL220C YOR258W,0.0,NA,8.721280551071686e-07,763,3585,7695,365,0.6816569954867827,0.17548298068077278,0.6764184397163121,0.3178191489361702,0.6821808510638298
8060,YER110C YNL072W,0.0,NA,8.732266110200726e-07,763,3584,7696,365,0.6817375886524822,0.17552334943639292,0.6764184397163121,0.3177304964539007,0.6822695035460993
8061,YBR283C YBR126W-A,0.0,NA,8.745759600969905e-07,763,3583,7697,365,0.6818181818181818,0.17556373676944317,0.6764184397163121,0.3176418439716312,0.6823581560283688
8062,YBL075C YMR016C,0.0,NA,8.749204880587058e-07,763,3582,7698,365,0.6818987749838814,0.1756041426927503,0.6764184397163121,0.3175531914893617,0.6824468085106383
8063,YMR196W YIL101C,0.0,NA,8.762564789321914e-07,763,3581,7699,365,0.6819793681495809,0.17564456721915286,0.6764184397163121,0.3174645390070922,0.6825354609929078
8064,YDL012C YEL039C,0.0,NA,8.785474960859574e-07,763,3580,7700,365,0.6820599613152805,0.17568501036150128,0.6764184397163121,0.3173758865248227,0.6826241134751773
8065,YOL113W YML105C,0.0,NA,8.786639682512032e-07,763,3579,7701,365,0.68214055448098,0.17572547213265777,0.6764184397163121,0.3172872340425532,0.6827127659574468
8066,YHR174W YGL222C,0.0,NA,8.804061621958681e-07,763,3578,7702,365,0.6822211476466795,0.17576595254549643,0.6764184397163121,0.3171985815602837,0.6828014184397163
8067,YKL077W YMR173W,0.0,NA,8.827046826809237e-07,763,3577,7703,365,0.6823017408123792,0.17580645161290323,0.6764184397163121,0.31710992907801416,0.6828900709219858
8068,YPR056W YHR021C,0.0,NA,8.829345574667968e-07,763,3576,7704,365,0.6823823339780787,0.175846969347776,0.6764184397163121,0.3170212765957447,0.6829787234042554
8069,YLL027W YMR058W,0.0,NA,8.956635042522976e-07,763,3575,7705,365,0.6824629271437782,0.17588750576302445,0.6764184397163121,0.31693262411347517,0.6830673758865248
8070,YDR150W YER026C,0.0,NA,8.961453659139806e-07,763,3574,7706,365,0.6825435203094777,0.1759280608715702,0.6764184397163121,0.3168439716312057,0.6831560283687943
8071,YNL072W YML105C,0.0,NA,8.963863820099505e-07,763,3573,7707,365,0.6826241134751773,0.17596863468634685,0.6764184397163121,0.3167553191489362,0.6832446808510638
8072,YEL069C YIL101C,0.0,NA,8.978485084298882e-07,763,3572,7708,365,0.6827047066408769,0.17600922722029988,0.6764184397163121,0.31666666666666665,0.6833333333333333
8073,YGL012W YER081W,0.0,NA,8.992641937766166e-07,763,3571,7709,365,0.6827852998065764,0.17604983848638672,0.6764184397163121,0.3165780141843972,0.6834219858156029
8074,YLR467W YKL119C,0.0,NA,9.013721182782319e-07,763,3570,7710,365,0.682865892972276,0.17609046849757673,0.6764184397163121,0.31648936170212766,0.6835106382978723
8075,YBR059C YKL139W,0.0,NA,9.025522444972012e-07,763,3569,7711,365,0.6829464861379755,0.17613111726685135,0.6764184397163121,0.31640070921985813,0.6835992907801418
8076,YNL271C YMR271C,0.0,NA,9.030059686665481e-07,763,3568,7712,365,0.683027079303675,0.17617178480720389,0.6764184397163121,0.31631205673758866,0.6836879432624113
8077,YDL035C YPR157W,0.0,NA,9.036210144586221e-07,763,3567,7713,365,0.6831076724693746,0.17621247113163974,0.6764184397163121,0.31622340425531914,0.6837765957446809
8078,YML103C YGL196W,0.0,NA,9.086044769901491e-07,763,3566,7714,365,0.6831882656350742,0.17625317625317624,0.6764184397163121,0.31613475177304967,0.6838652482269504
8079,YGL195W YLR270W,0.0,NA,9.087422654374677e-07,763,3565,7715,365,0.6832688588007737,0.1762939001848429,0.6764184397163121,0.31604609929078015,0.6839539007092199
8080,YPL098C YDL208W,0.0,NA,9.096709163713967e-07,763,3564,7716,365,0.6833494519664732,0.17633464293968107,0.6764184397163121,0.3159574468085106,0.6840425531914893
8081,YKR027W YGR216C,0.0,NA,9.188143508254143e-07,763,3563,7717,365,0.6834300451321728,0.17637540453074432,0.6764184397163121,0.31586879432624115,0.6841312056737588
8082,YML055W YOR391C,1.0,NA,9.250321681975038e-07,762,3563,7717,366,0.6833494519664732,0.1761849710982659,0.675531914893617,0.31586879432624115,0.6841312056737588
8083,YBL024W YBL008W,0.0,NA,9.255483064407599e-07,762,3562,7718,366,0.6834300451321728,0.17622571692876965,0.675531914893617,0.31578014184397163,0.6842198581560284
8084,YBL042C YOR069W,0.0,NA,9.266205438507313e-07,762,3561,7719,366,0.6835106382978723,0.17626648160999306,0.675531914893617,0.3156914893617021,0.6843085106382979
8085,YNL201C YJL103C,0.0,NA,9.273171031054517e-07,762,3560,7720,366,0.6835912314635719,0.17630726515502082,0.675531914893617,0.31560283687943264,0.6843971631205674
8086,YMR023C YCR040W,0.0,NA,9.276355967813288e-07,762,3559,7721,366,0.6836718246292715,0.1763480675769498,0.675531914893617,0.3155141843971631,0.6844858156028368
8087,YDL211C YLR147C,0.0,NA,9.291619562645792e-07,762,3558,7722,366,0.683752417794971,0.1763888888888889,0.675531914893617,0.31542553191489364,0.6845744680851064
8088,YLR085C YJR055W,0.0,NA,9.306793913310685e-07,762,3557,7723,366,0.6838330109606705,0.17642972910395924,0.675531914893617,0.3153368794326241,0.6846631205673759
8089,YPL040C YER100W,0.0,NA,9.324864436166536e-07,762,3556,7724,366,0.68391360412637,0.17647058823529413,0.675531914893617,0.3152482269503546,0.6847517730496454
8090,YOR312C YJL178C,0.0,NA,9.326918188889977e-07,762,3555,7725,366,0.6839941972920697,0.17651146629603892,0.675531914893617,0.3151595744680851,0.6848404255319149
8091,YPR032W YCR040W,0.0,NA,9.362324817629997e-07,762,3554,7726,366,0.6840747904577692,0.17655236329935126,0.675531914893617,0.3150709219858156,0.6849290780141843
8092,YLR189C YJR026W,0.0,NA,9.376711318509479e-07,762,3553,7727,366,0.6841553836234687,0.17659327925840093,0.675531914893617,0.3149822695035461,0.6850177304964539
8093,YER078C YER138C,1.0,NA,9.382776511301927e-07,761,3553,7727,367,0.6840747904577692,0.1764024107556792,0.674645390070922,0.3149822695035461,0.6850177304964539
8094,YFL054C YGR220C,0.0,NA,9.398358429280051e-07,761,3552,7728,367,0.6841553836234687,0.176443310920473,0.674645390070922,0.3148936170212766,0.6851063829787234
8095,YBR057C YAR019C,0.0,NA,9.398887073075457e-07,761,3551,7729,367,0.6842359767891683,0.17648423005565864,0.674645390070922,0.3148049645390071,0.6851950354609929
8096,YHR071W YLR034C,0.0,NA,9.401289275956515e-07,761,3550,7730,367,0.6843165699548678,0.17652516817443747,0.674645390070922,0.3147163120567376,0.6852836879432624
8097,YGL240W YML021C,0.0,NA,9.401513807461015e-07,761,3549,7731,367,0.6843971631205674,0.1765661252900232,0.674645390070922,0.3146276595744681,0.685372340425532
8098,YNL240C YLR387C,0.0,NA,9.433315995011071e-07,761,3548,7732,367,0.684477756286267,0.17660710141564168,0.674645390070922,0.31453900709219856,0.6854609929078014
8099,YLR203C YLR157C,0.0,NA,9.439336281502619e-07,761,3547,7733,367,0.6845583494519665,0.1766480965645311,0.674645390070922,0.3144503546099291,0.6855496453900709
8100,YPR174C YBR126W-A,0.0,NA,9.455744134356792e-07,761,3546,7734,367,0.684638942617666,0.17668911074994195,0.674645390070922,0.31436170212765957,0.6856382978723404
8101,YGR206W YDR341C,0.0,NA,9.461002150601416e-07,761,3545,7735,367,0.6847195357833655,0.176730143985137,0.674645390070922,0.31427304964539005,0.68572695035461
8102,YPL059W YBL040C,0.0,NA,9.468574830862053e-07,761,3544,7736,367,0.6848001289490652,0.1767711962833914,0.674645390070922,0.3141843971631206,0.6858156028368795
8103,YOR065W YNL012W,0.0,NA,9.519595778328949e-07,761,3543,7737,367,0.6848807221147647,0.17681226765799257,0.674645390070922,0.31409574468085105,0.6859042553191489
8104,YMR060C YBR038W,0.0,NA,9.54878260017722e-07,761,3542,7738,367,0.6849613152804642,0.1768533581222403,0.674645390070922,0.3140070921985816,0.6859929078014184
8105,YBR301W YJL062W-A,0.0,NA,9.602763384464197e-07,761,3541,7739,367,0.6850419084461637,0.17689446768944678,0.674645390070922,0.31391843971631206,0.6860815602836879
8106,YGR224W YER164W,0.0,NA,9.6299277174694e-07,761,3540,7740,367,0.6851225016118633,0.17693559637293652,0.674645390070922,0.31382978723404253,0.6861702127659575
8107,YBL026W YGL219C,0.0,NA,9.660097930463962e-07,761,3539,7741,367,0.6852030947775629,0.1769767441860465,0.674645390070922,0.31374113475177307,0.686258865248227
8108,YKL201C YJL138C,0.0,NA,9.660354862717213e-07,761,3538,7742,367,0.6852836879432624,0.1770179111421261,0.674645390070922,0.31365248226950354,0.6863475177304964
8109,YJL062W YGL234W,0.0,NA,9.675862884250819e-07,761,3537,7743,367,0.685364281108962,0.177059097254537,0.674645390070922,0.313563829787234,0.6864361702127659
8110,YJR126C YER078C,1.0,NA,9.69381858340057e-07,760,3537,7743,368,0.6852836879432624,0.1768675820339772,0.6737588652482269,0.313563829787234,0.6864361702127659
8111,YKR054C YDR332W,0.0,NA,9.703585419629235e-07,760,3536,7744,368,0.685364281108962,0.17690875232774675,0.6737588652482269,0.31347517730496455,0.6865248226950355
8112,YNR073C YPR184W,0.0,NA,9.711279744806234e-07,760,3535,7745,368,0.6854448742746615,0.1769499417927823,0.6737588652482269,0.313386524822695,0.686613475177305
8113,YJL052W YNL117W,0.0,NA,9.751240668265382e-07,760,3534,7746,368,0.685525467440361,0.17699115044247787,0.6737588652482269,0.31329787234042555,0.6867021276595745
8114,YHR086W YHR068W,0.0,NA,9.782984307094011e-07,760,3533,7747,368,0.6856060606060606,0.17703237829023993,0.6737588652482269,0.31320921985815603,0.686790780141844
8115,YIL051C YFL052W,0.0,NA,9.78521484285011e-07,760,3532,7748,368,0.6856866537717602,0.17707362534948742,0.6737588652482269,0.3131205673758865,0.6868794326241134
8116,YOR080W YHR086W,0.0,NA,9.821039839152945e-07,760,3531,7749,368,0.6857672469374597,0.17711489163365182,0.6737588652482269,0.31303191489361704,0.686968085106383
8117,YIL108W YHR200W,1.0,NA,9.83202312454523e-07,759,3531,7749,369,0.6856866537717602,0.17692307692307693,0.6728723404255319,0.31303191489361704,0.686968085106383
8118,YNL125C YJL185C,0.0,NA,9.874148645394598e-07,759,3530,7750,369,0.6857672469374597,0.17696432734903242,0.6728723404255319,0.3129432624113475,0.6870567375886525
8119,YJL030W YER002W,0.0,NA,9.885134204523638e-07,759,3529,7751,369,0.6858478401031592,0.17700559701492538,0.6728723404255319,0.312854609929078,0.687145390070922
8120,YGL044C YLR103C,0.0,NA,9.888557315207436e-07,759,3528,7752,369,0.6859284332688588,0.17704688593421974,0.6728723404255319,0.3127659574468085,0.6872340425531915
8121,YDR067C YPL038W,0.0,NA,9.9409021458996e-07,759,3527,7753,369,0.6860090264345583,0.17708819412039198,0.6728723404255319,0.312677304964539,0.687322695035461
8122,YER144C YKL134C,1.0,NA,9.961714795281296e-07,758,3527,7753,370,0.6859284332688588,0.17689614935822637,0.6719858156028369,0.312677304964539,0.687322695035461
8123,YGR120C YOR258W,0.0,NA,9.962654985429253e-07,758,3526,7754,370,0.6860090264345583,0.176937441643324,0.6719858156028369,0.3125886524822695,0.6874113475177305
8124,YKL188C YDL238C,0.0,NA,9.967121741283336e-07,758,3525,7755,370,0.6860896196002579,0.17697875321036657,0.6719858156028369,0.3125,0.6875
8125,YOR294W YDR427W,0.0,NA,9.978487014450366e-07,758,3524,7756,370,0.6861702127659575,0.17702008407286315,0.6719858156028369,0.3124113475177305,0.6875886524822695
8126,YBR211C YPL088W,0.0,NA,9.986492841562722e-07,758,3523,7757,370,0.686250805931657,0.17706143424433543,0.6719858156028369,0.312322695035461,0.687677304964539
8127,YDR099W YCL066W,0.0,NA,1.0023895811173134e-06,758,3522,7758,370,0.6863313990973565,0.17710280373831774,0.6719858156028369,0.3122340425531915,0.6877659574468085
8128,YGR084C YAL044W-A,0.0,NA,1.0041462701337878e-06,758,3521,7759,370,0.686411992263056,0.1771441925683571,0.6719858156028369,0.312145390070922,0.687854609929078
8129,YHR084W YDR192C,0.0,NA,1.0058475936602917e-06,758,3520,7760,370,0.6864925854287557,0.1771856007480131,0.6719858156028369,0.3120567375886525,0.6879432624113475
8130,YML057W YBR299W,0.0,NA,1.0062552746603615e-06,758,3519,7761,370,0.6865731785944552,0.17722702829085807,0.6719858156028369,0.31196808510638296,0.688031914893617
8131,YDR130C YNL131W,0.0,NA,1.0105540013682912e-06,758,3518,7762,370,0.6866537717601547,0.1772684752104771,0.6719858156028369,0.3118794326241135,0.6881205673758866
8132,YDL006W YLR298C,0.0,NA,1.011238509818213e-06,758,3517,7763,370,0.6867343649258543,0.17730994152046783,0.6719858156028369,0.31179078014184397,0.688209219858156
8133,YLR360W YDR264C,0.0,NA,1.0120083970832638e-06,758,3516,7764,370,0.6868149580915538,0.1773514272344408,0.6719858156028369,0.31170212765957445,0.6882978723404255
8134,YKL077W YEL018W,0.0,NA,1.0127624818778713e-06,758,3515,7765,370,0.6868955512572534,0.1773929323660192,0.6719858156028369,0.311613475177305,0.688386524822695
8135,YCR027C YNL019C,0.0,NA,1.0186605550188688e-06,758,3514,7766,370,0.686976144422953,0.17743445692883894,0.6719858156028369,0.31152482269503545,0.6884751773049645
8136,YNL225C YOR213C,0.0,NA,1.0206792921962915e-06,758,3513,7767,370,0.6870567375886525,0.1774760009365488,0.6719858156028369,0.311436170212766,0.6885638297872341
8137,YFL034C-A YKL139W,0.0,NA,1.0214291705779033e-06,758,3512,7768,370,0.687137330754352,0.1775175644028103,0.6719858156028369,0.31134751773049646,0.6886524822695036
8138,YMR316C-A YNL281W,0.0,NA,1.021561615743849e-06,758,3511,7769,370,0.6872179239200515,0.17755914734129774,0.6719858156028369,0.31125886524822693,0.688741134751773
8139,YLR283W YMR110C,0.0,NA,1.022224410007766e-06,758,3510,7770,370,0.6872985170857512,0.17760074976569823,0.6719858156028369,0.31117021276595747,0.6888297872340425
8140,YMR284W YGL143C,0.0,NA,1.0308432365491171e-06,758,3509,7771,370,0.6873791102514507,0.17764237168971175,0.6719858156028369,0.31108156028368794,0.6889184397163121
8141,YOR307C YLR114C,0.0,NA,1.0330891200283077e-06,758,3508,7772,370,0.6874597034171502,0.1776840131270511,0.6719858156028369,0.3109929078014184,0.6890070921985816
8142,YNL330C YML076C,0.0,NA,1.0354908681620145e-06,758,3507,7773,370,0.6875402965828498,0.17772567409144197,0.6719858156028369,0.31090425531914895,0.6890957446808511
8143,YPL240C YBR111C,0.0,NA,1.0373598797741579e-06,758,3506,7774,370,0.6876208897485493,0.17776735459662288,0.6719858156028369,0.3108156028368794,0.6891843971631205
8144,YGR171C YEL020C,0.0,NA,1.0374450312156114e-06,758,3505,7775,370,0.6877014829142488,0.1778090546563453,0.6719858156028369,0.31072695035460995,0.68927304964539
8145,YKL186C YOL003C,0.0,NA,1.0383715789430426e-06,758,3504,7776,370,0.6877820760799485,0.17785077428437354,0.6719858156028369,0.31063829787234043,0.6893617021276596
8146,YHR064C YBR126W-A,0.0,NA,1.0389757107986952e-06,758,3503,7777,370,0.687862669245648,0.17789251349448487,0.6719858156028369,0.3105496453900709,0.6894503546099291
8147,YHR197W YOL132W,0.0,NA,1.0402210364190978e-06,758,3502,7778,370,0.6879432624113475,0.1779342723004695,0.6719858156028369,0.31046099290780144,0.6895390070921986
8148,YIL108W YGL203C,1.0,NA,1.0525319567022962e-06,757,3502,7778,371,0.687862669245648,0.17774125381544964,0.6710992907801419,0.31046099290780144,0.6895390070921986
8149,YGL192W YCR052W,0.0,NA,1.0532519354455872e-06,757,3501,7779,371,0.6879432624113475,0.1777829967120714,0.6710992907801419,0.3103723404255319,0.689627659574468
8150,YMR031C YCR094W,0.0,NA,1.0542125892243348e-06,757,3500,7780,371,0.688023855577047,0.17782475922010807,0.6710992907801419,0.3102836879432624,0.6897163120567376
8151,YFR006W YER078C,1.0,NA,1.0564862122919294e-06,756,3500,7780,372,0.6879432624113475,0.17763157894736842,0.6702127659574468,0.3102836879432624,0.6897163120567376
8152,YGL240W YNL107W,0.0,NA,1.0615977998895687e-06,756,3499,7781,372,0.688023855577047,0.17767332549941245,0.6702127659574468,0.3101950354609929,0.6898049645390071
8153,YHR197W YNL016W,0.0,NA,1.0642240795277758e-06,756,3498,7782,372,0.6881044487427466,0.1777150916784203,0.6702127659574468,0.3101063829787234,0.6898936170212766
8154,YPR026W YPR127W,0.0,NA,1.0648027455317788e-06,756,3497,7783,372,0.6881850419084462,0.17775687749823654,0.6702127659574468,0.3100177304964539,0.6899822695035461
8155,YDR013W YLR430W,0.0,NA,1.0655758160282858e-06,756,3496,7784,372,0.6882656350741457,0.17779868297271872,0.6702127659574468,0.3099290780141844,0.6900709219858157
8156,YGR211W YER026C,0.0,NA,1.0682538231776562e-06,756,3495,7785,372,0.6883462282398453,0.17784050811573748,0.6702127659574468,0.3098404255319149,0.6901595744680851
8157,YDR057W YIL112W,0.0,NA,1.0685270126487012e-06,756,3494,7786,372,0.6884268214055448,0.17788235294117646,0.6702127659574468,0.3097517730496454,0.6902482269503546
8158,YKL188C YDR011W,0.0,NA,1.069687300514488e-06,756,3493,7787,372,0.6885074145712443,0.17792421746293247,0.6702127659574468,0.3096631205673759,0.6903368794326241
8159,YIL147C YNR065C,0.0,NA,1.0721015542003443e-06,756,3492,7788,372,0.688588007736944,0.17796610169491525,0.6702127659574468,0.30957446808510636,0.6904255319148936
8160,YLR088W YDR394W,1.0,NA,1.0783081734189182e-06,755,3492,7788,373,0.6885074145712443,0.17777254532611256,0.6693262411347518,0.30957446808510636,0.6904255319148936
8161,YPR121W YGR200C,0.0,NA,1.0800836207636166e-06,755,3491,7789,373,0.688588007736944,0.1778144135657089,0.6693262411347518,0.3094858156028369,0.6905141843971632
8162,YPL119C YGL238W,0.0,NA,1.082787775885663e-06,755,3490,7790,373,0.6886686009026435,0.17785630153121318,0.6693262411347518,0.30939716312056736,0.6906028368794326
8163,YKR070W YOR258W,0.0,NA,1.0908649983321084e-06,755,3489,7791,373,0.688749194068343,0.17789820923656927,0.6693262411347518,0.3093085106382979,0.6906914893617021
8164,YMR164C YOR324C,0.0,NA,1.0917110557784326e-06,755,3488,7792,373,0.6888297872340425,0.17794013669573416,0.6693262411347518,0.30921985815602837,0.6907801418439716
8165,YGR089W YNL225C,0.0,NA,1.094142817237298e-06,755,3487,7793,373,0.6889103803997421,0.17798208392267797,0.6693262411347518,0.30913120567375885,0.6908687943262412
8166,YLR208W YLR045C,0.0,NA,1.09489019450848e-06,755,3486,7794,373,0.6889909735654417,0.1780240509313841,0.6693262411347518,0.3090425531914894,0.6909574468085107
8167,YML023C YNL307C,0.0,NA,1.0985686458298005e-06,755,3485,7795,373,0.6890715667311412,0.17806603773584906,0.6693262411347518,0.30895390070921985,0.6910460992907801
8168,YML073C YLR081W,0.0,NA,1.1015796417268575e-06,755,3484,7796,373,0.6891521598968408,0.17810804435008257,0.6693262411347518,0.30886524822695033,0.6911347517730496
8169,YPL265W YPR125W,0.0,NA,1.102707415157056e-06,755,3483,7797,373,0.6892327530625403,0.1781500707881076,0.6693262411347518,0.30877659574468086,0.6912234042553191
8170,YDR299W YLR116W,0.0,NA,1.1094721230620053e-06,755,3482,7798,373,0.6893133462282398,0.17819211706396035,0.6693262411347518,0.30868794326241134,0.6913120567375887
8171,YDL106C YOR077W,0.0,NA,1.1129183121738606e-06,755,3481,7799,373,0.6893939393939394,0.17823418319169027,0.6693262411347518,0.30859929078014187,0.6914007092198582
8172,YOR195W YMR112C,0.0,NA,1.1176994121342432e-06,755,3480,7800,373,0.689474532559639,0.1782762691853601,0.6693262411347518,0.30851063829787234,0.6914893617021277
8173,YMR264W YJL143W,0.0,NA,1.1202231462448253e-06,755,3479,7801,373,0.6895551257253385,0.17831837505904582,0.6693262411347518,0.3084219858156028,0.6915780141843971
8174,YLR307W YIL070C,0.0,NA,1.1212673598492984e-06,755,3478,7802,373,0.689635718891038,0.17836050082683677,0.6693262411347518,0.30833333333333335,0.6916666666666667
8175,YDL180W YPL112C,0.0,NA,1.1237434591748752e-06,755,3477,7803,373,0.6897163120567376,0.17840264650283555,0.6693262411347518,0.3082446808510638,0.6917553191489362
8176,YDL010W YNL215W,0.0,NA,1.124303025790141e-06,755,3476,7804,373,0.6897969052224371,0.17844481210115812,0.6693262411347518,0.3081560283687943,0.6918439716312057
8177,YNL137C YHL006C,0.0,NA,1.1265096873103175e-06,755,3475,7805,373,0.6898774983881367,0.17848699763593381,0.6693262411347518,0.30806737588652483,0.6919326241134752
8178,YDR317W YDR541C,0.0,NA,1.1267696891081869e-06,755,3474,7806,373,0.6899580915538363,0.17852920312130527,0.6693262411347518,0.3079787234042553,0.6920212765957446
8179,YBL097W YGL103W,0.0,NA,1.1289725989627186e-06,755,3473,7807,373,0.6900386847195358,0.17857142857142858,0.6693262411347518,0.30789007092198584,0.6921099290780142
8180,YNL191W YMR150C,1.0,NA,1.1323000990159926e-06,754,3473,7807,374,0.6899580915538363,0.17837709959782352,0.6684397163120568,0.30789007092198584,0.6921099290780142
8181,YER081W YJR051W,0.0,NA,1.1323280659780721e-06,754,3472,7808,374,0.6900386847195358,0.17841930903928063,0.6684397163120568,0.3078014184397163,0.6921985815602837
8182,YER087C-A YDR332W,0.0,NA,1.1324707429594127e-06,754,3471,7809,374,0.6901192778852353,0.17846153846153845,0.6684397163120568,0.3077127659574468,0.6922872340425532
8183,YDR332W YAL047C,0.0,NA,1.1330994311720133e-06,754,3470,7810,374,0.6901998710509348,0.17850378787878787,0.6684397163120568,0.3076241134751773,0.6923758865248227
8184,YDR204W YJL002C,0.0,NA,1.1350115300956531e-06,754,3469,7811,374,0.6902804642166345,0.17854605730523324,0.6684397163120568,0.3075354609929078,0.6924645390070922
8185,YFR039C YDR363W-A,0.0,NA,1.1360880307620391e-06,754,3468,7812,374,0.690361057382334,0.1785883467550924,0.6684397163120568,0.3074468085106383,0.6925531914893617
8186,YGR262C YBR038W,0.0,NA,1.1372435437806416e-06,754,3467,7813,374,0.6904416505480335,0.17863065624259655,0.6684397163120568,0.3073581560283688,0.6926418439716312
8187,YER144C YER151C,1.0,NA,1.1412362255214248e-06,753,3467,7813,375,0.690361057382334,0.17843601895734598,0.6675531914893617,0.3073581560283688,0.6926418439716312
8188,YHR059W YEL061C,0.0,NA,1.1444373058111523e-06,753,3466,7814,375,0.6904416505480335,0.17847831239630244,0.6675531914893617,0.3072695035460993,0.6927304964539007
8189,YNL119W YLL005C,0.0,NA,1.144439465861069e-06,753,3465,7815,375,0.690522243713733,0.17852062588904694,0.6675531914893617,0.3071808510638298,0.6928191489361702
8190,YMR164C YMR092C,0.0,NA,1.1470826848380966e-06,753,3464,7816,375,0.6906028368794326,0.17856295944984585,0.6675531914893617,0.3070921985815603,0.6929078014184397
8191,YBL042C YMR110C,0.0,NA,1.1477271755211405e-06,753,3463,7817,375,0.6906834300451322,0.17860531309297914,0.6675531914893617,0.30700354609929076,0.6929964539007092
8192,YCR027C YPL190C,0.0,NA,1.1497451168906991e-06,753,3462,7818,375,0.6907640232108317,0.1786476868327402,0.6675531914893617,0.3069148936170213,0.6930851063829787
8193,YDL188C YDR184C,0.0,NA,1.1502166898935684e-06,753,3461,7819,375,0.6908446163765313,0.17869008068343617,0.6675531914893617,0.30682624113475176,0.6931737588652482
8194,YGR098C YER143W,1.0,NA,1.1502496590765077e-06,752,3461,7819,376,0.6907640232108317,0.17849513410871112,0.6666666666666666,0.30682624113475176,0.6931737588652482
8195,YCL044C YNR032W,0.0,NA,1.1515348887769505e-06,752,3460,7820,376,0.6908446163765313,0.1785375118708452,0.6666666666666666,0.3067375886524823,0.6932624113475178
8196,YLR438C-A YKL096W,0.0,NA,1.1528677532623988e-06,752,3459,7821,376,0.6909252095422308,0.17857990976015198,0.6666666666666666,0.30664893617021277,0.6933510638297873
8197,YPR024W YFR018C,1.0,NA,1.1547912208698108e-06,751,3459,7821,377,0.6908446163765313,0.17838479809976246,0.6657801418439716,0.30664893617021277,0.6933510638297873
8198,YNL274C YOL153C,0.0,NA,1.15665943667409e-06,751,3458,7822,377,0.6909252095422308,0.1784271798526966,0.6657801418439716,0.30656028368794325,0.6934397163120567
8199,YDR197W YNR031C,0.0,NA,1.157991619038512e-06,751,3457,7823,377,0.6910058027079303,0.17846958174904942,0.6657801418439716,0.3064716312056738,0.6935283687943262
8200,YER151C YJL172W,1.0,NA,1.1586820392039954e-06,750,3457,7823,378,0.6909252095422308,0.17827430473021155,0.6648936170212766,0.3064716312056738,0.6935283687943262
8201,YGL245W YLL042C,0.0,NA,1.1623575346675352e-06,750,3456,7824,378,0.6910058027079303,0.1783166904422254,0.6648936170212766,0.30638297872340425,0.6936170212765957
8202,YDL054C YER102W,0.0,NA,1.163640718004899e-06,750,3455,7825,378,0.69108639587363,0.178359096313912,0.6648936170212766,0.30629432624113473,0.6937056737588653
8203,YCR097W YEL036C,0.0,NA,1.168179551314097e-06,750,3454,7826,378,0.6911669890393295,0.17840152235965748,0.6648936170212766,0.30620567375886526,0.6937943262411348
8204,YPR003C YOR051C,0.0,NA,1.168225253422861e-06,750,3453,7827,378,0.691247582205029,0.17844396859386152,0.6648936170212766,0.30611702127659574,0.6938829787234042
8205,YDR128W YEL072W,0.0,NA,1.1715366099451785e-06,750,3452,7828,378,0.6913281753707285,0.17848643503093764,0.6648936170212766,0.30602836879432627,0.6939716312056737
8206,YJL173C YPR070W,0.0,NA,1.1783627087424975e-06,750,3451,7829,378,0.6914087685364281,0.178528921685313,0.6648936170212766,0.30593971631205674,0.6940602836879433
8207,YDL006W YBR250W,0.0,NA,1.1856922128572478e-06,750,3450,7830,378,0.6914893617021277,0.17857142857142858,0.6648936170212766,0.3058510638297872,0.6941489361702128
8208,YPL023C YDR501W,0.0,NA,1.1881529644597322e-06,750,3449,7831,378,0.6915699548678272,0.17861395570373897,0.6648936170212766,0.30576241134751775,0.6942375886524823
8209,YDR162C YJR084W,0.0,NA,1.1904111261173966e-06,750,3448,7832,378,0.6916505480335268,0.17865650309671272,0.6648936170212766,0.3056737588652482,0.6943262411347517
8210,YNL239W YKL134C,1.0,NA,1.191041519632563e-06,749,3448,7832,379,0.6915699548678272,0.1784608053371456,0.6640070921985816,0.3056737588652482,0.6943262411347517
8211,YFL041W YDR392W,0.0,NA,1.191341311823635e-06,749,3447,7833,379,0.6916505480335268,0.1785033365109628,0.6640070921985816,0.3055851063829787,0.6944148936170212
8212,YBL024W YIL176C,0.0,NA,1.1935270549656707e-06,749,3446,7834,379,0.6917311411992263,0.17854588796185936,0.6640070921985816,0.30549645390070923,0.6945035460992908
8213,YJL051W YNL119W,0.0,NA,1.203686679218663e-06,749,3445,7835,379,0.6918117343649258,0.17858845970433954,0.6640070921985816,0.3054078014184397,0.6945921985815603
8214,YJL030W YJR134C,0.0,NA,1.2074416417817702e-06,749,3444,7836,379,0.6918923275306254,0.17863105175292154,0.6640070921985816,0.30531914893617024,0.6946808510638298
8215,YMR159C YCR026C,0.0,NA,1.2076420716766734e-06,749,3443,7837,379,0.691972920696325,0.1786736641221374,0.6640070921985816,0.3052304964539007,0.6947695035460993
8216,YOL153C YML003W,0.0,NA,1.2090167729184031e-06,749,3442,7838,379,0.6920535138620245,0.17871629682653303,0.6640070921985816,0.3051418439716312,0.6948581560283688
8217,YAL044W-A YOR047C,0.0,NA,1.2093593113604584e-06,749,3441,7839,379,0.692134107027724,0.17875894988066826,0.6640070921985816,0.3050531914893617,0.6949468085106383
8218,YDL217C YNL125C,0.0,NA,1.2133841664763168e-06,749,3440,7840,379,0.6922147001934236,0.17880162329911672,0.6640070921985816,0.3049645390070922,0.6950354609929078
8219,YOR245C YFL052W,0.0,NA,1.2166913165856386e-06,749,3439,7841,379,0.6922952933591231,0.1788443170964661,0.6640070921985816,0.30487588652482267,0.6951241134751773
8220,YDR350C YEL061C,0.0,NA,1.2192849681014195e-06,749,3438,7842,379,0.6923758865248227,0.1788870312873179,0.6640070921985816,0.3047872340425532,0.6952127659574469
8221,YJL107C YHR094C,0.0,NA,1.2233697361807572e-06,749,3437,7843,379,0.6924564796905223,0.17892976588628762,0.6640070921985816,0.3046985815602837,0.6953014184397163
8222,YDR533C YER143W,1.0,NA,1.225013534167374e-06,748,3437,7843,380,0.6923758865248227,0.17873357228195938,0.6631205673758865,0.3046985815602837,0.6953014184397163
8223,YNL191W YFR006W,1.0,NA,1.2266573321539909e-06,747,3437,7843,381,0.6922952933591231,0.17853728489483747,0.6622340425531915,0.3046985815602837,0.6953014184397163
8224,YGL094C YLR116W,0.0,NA,1.228715518664103e-06,747,3436,7844,381,0.6923758865248227,0.1785799665311977,0.6622340425531915,0.3046099290780142,0.6953900709219858
8225,YBL079W YDL088C,0.0,NA,1.229121039614256e-06,747,3435,7845,381,0.6924564796905223,0.17862266857962697,0.6622340425531915,0.3045212765957447,0.6954787234042553
8226,YJL113W YBL005W-B,1.0,NA,1.2369361002129153e-06,746,3435,7845,382,0.6923758865248227,0.1784262138244439,0.6613475177304965,0.3045212765957447,0.6954787234042553
8227,YGL085W YGR220C,0.0,NA,1.2370965123409405e-06,746,3434,7846,382,0.6924564796905223,0.1784688995215311,0.6613475177304965,0.30443262411347516,0.6955673758865248
8228,YOR374W YOR084W,0.0,NA,1.2458708624762949e-06,746,3433,7847,382,0.6925370728562218,0.17851160564728405,0.6613475177304965,0.3043439716312057,0.6956560283687944
8229,YPR003C YDL180W,0.0,NA,1.2473403785406845e-06,746,3432,7848,382,0.6926176660219213,0.17855433221637146,0.6613475177304965,0.30425531914893617,0.6957446808510638
8230,YDR027C YJR132W,0.0,NA,1.2530584854175686e-06,746,3431,7849,382,0.6926982591876208,0.17859707924347618,0.6613475177304965,0.30416666666666664,0.6958333333333333
8231,YML015C YAL042W,0.0,NA,1.2598934517882299e-06,746,3430,7850,382,0.6927788523533205,0.17863984674329503,0.6613475177304965,0.30407801418439717,0.6959219858156028
8232,YER170W YDR090C,0.0,NA,1.2603333061633748e-06,746,3429,7851,382,0.69285944551902,0.17868263473053891,0.6613475177304965,0.30398936170212765,0.6960106382978724
8233,YER070W YKL119C,0.0,NA,1.2611448028110317e-06,746,3428,7852,382,0.6929400386847195,0.17872544321993292,0.6613475177304965,0.3039007092198582,0.6960992907801419
8234,YNL299W YCR031C,0.0,NA,1.2658791774811107e-06,746,3427,7853,382,0.6930206318504191,0.17876827222621616,0.6613475177304965,0.30381205673758865,0.6961879432624114
8235,YJR118C YLR364W,0.0,NA,1.26871691463748e-06,746,3426,7854,382,0.6931012250161186,0.1788111217641419,0.6613475177304965,0.30372340425531913,0.6962765957446808
8236,YHR073W YJL026W,0.0,NA,1.2714822332782205e-06,746,3425,7855,382,0.6931818181818182,0.17885399184847758,0.6613475177304965,0.30363475177304966,0.6963652482269503
8237,YJL210W YKL171W,0.0,NA,1.272319195777527e-06,746,3424,7856,382,0.6932624113475178,0.1788968824940048,0.6613475177304965,0.30354609929078014,0.6964539007092199
8238,YNL103W YPL104W,0.0,NA,1.2742984836222604e-06,746,3423,7857,382,0.6933430045132173,0.1789397937155193,0.6613475177304965,0.3034574468085106,0.6965425531914894
8239,YDR405W YHR073W,0.0,NA,1.279043203794572e-06,746,3422,7858,382,0.6934235976789168,0.1789827255278311,0.6613475177304965,0.30336879432624114,0.6966312056737589
8240,YAL042W YKL161C,0.0,NA,1.2809267673219438e-06,746,3421,7859,382,0.6935041908446163,0.17902567794576435,0.6613475177304965,0.3032801418439716,0.6967198581560283
8241,YPL110C YNR051C,0.0,NA,1.285111352444801e-06,746,3420,7860,382,0.693584784010316,0.17906865098415747,0.6613475177304965,0.30319148936170215,0.6968085106382979
8242,YNL304W YDR422C,0.0,NA,1.2869559213868342e-06,746,3419,7861,382,0.6936653771760155,0.17911164465786314,0.6613475177304965,0.3031028368794326,0.6968971631205674
8243,YLR337C YBR207W,0.0,NA,1.288940779886616e-06,746,3418,7862,382,0.693745970341715,0.17915465898174832,0.6613475177304965,0.3030141843971631,0.6969858156028369
8244,YKR050W YCR027C,0.0,NA,1.2894929568574298e-06,746,3417,7863,382,0.6938265635074146,0.1791976939706942,0.6613475177304965,0.30292553191489363,0.6970744680851064
8245,YKL188C YJR004C,0.0,NA,1.3122212294547353e-06,746,3416,7864,382,0.6939071566731141,0.17924074963959635,0.6613475177304965,0.3028368794326241,0.6971631205673758
8246,YJL074C YDR130C,0.0,NA,1.3185663192416541e-06,746,3415,7865,382,0.6939877498388136,0.17928382600336457,0.6613475177304965,0.30274822695035464,0.6972517730496454
8247,YDR060W YIL022W,0.0,NA,1.3205028608354041e-06,746,3414,7866,382,0.6940683430045133,0.17932692307692308,0.6613475177304965,0.3026595744680851,0.6973404255319149
8248,YGR261C YOL091W,0.0,NA,1.3207207985033165e-06,746,3413,7867,382,0.6941489361702128,0.17937004087521038,0.6613475177304965,0.3025709219858156,0.6974290780141844
8249,YEL003W YHR058C,0.0,NA,1.34017136588227e-06,746,3412,7868,382,0.6942295293359123,0.1794131794131794,0.6613475177304965,0.3024822695035461,0.6975177304964539
8250,YGR278W YNL107W,0.0,NA,1.3449688367472845e-06,746,3411,7869,382,0.6943101225016118,0.17945633870579744,0.6613475177304965,0.3023936170212766,0.6976063829787233
8251,YBR248C YAR002W,0.0,NA,1.3450394362735096e-06,746,3410,7870,382,0.6943907156673114,0.1794995187680462,0.6613475177304965,0.30230496453900707,0.6976950354609929
8252,YNL267W YOR349W,0.0,NA,1.3482205076797982e-06,746,3409,7871,382,0.694471308833011,0.17954271961492177,0.6613475177304965,0.3022163120567376,0.6977836879432624
8253,YBR059C YNR047W,0.0,NA,1.354438609268982e-06,746,3408,7872,382,0.6945519019987105,0.17958594126143476,0.6613475177304965,0.3021276595744681,0.6978723404255319
8254,YNL122C YER020W,0.0,NA,1.3618420098282513e-06,746,3407,7873,382,0.6946324951644101,0.17962918372261016,0.6613475177304965,0.3020390070921986,0.6979609929078014
8255,YHR037W YDR532C,0.0,NA,1.3635093409902765e-06,746,3406,7874,382,0.6947130883301096,0.17967244701348747,0.6613475177304965,0.3019503546099291,0.698049645390071
8256,YNL273W YGL196W,0.0,NA,1.366433139082801e-06,746,3405,7875,382,0.6947936814958091,0.1797157311491207,0.6613475177304965,0.30186170212765956,0.6981382978723404
8257,YJL210W YER087C-A,0.0,NA,1.3711076007894007e-06,746,3404,7876,382,0.6948742746615088,0.1797590361445783,0.6613475177304965,0.3017730496453901,0.6982269503546099
8258,YMR032W YGR056W,0.0,NA,1.3771829117104062e-06,746,3403,7877,382,0.6949548678272083,0.17980236201494337,0.6613475177304965,0.30168439716312057,0.6983156028368794
8259,YIL109C YMR238W,0.0,NA,1.3780212384517654e-06,746,3402,7878,382,0.6950354609929078,0.17984570877531342,0.6613475177304965,0.30159574468085104,0.698404255319149
8260,YPL233W YGR056W,0.0,NA,1.3805098433294916e-06,746,3401,7879,382,0.6951160541586073,0.17988907644080057,0.6613475177304965,0.30150709219858157,0.6984929078014185
8261,YDL001W YDR316W,0.0,NA,1.3883510519008269e-06,746,3400,7880,382,0.6951966473243069,0.1799324650265316,0.6613475177304965,0.30141843971631205,0.6985815602836879
8262,YDR447C YDR038C,0.0,NA,1.3934779872215586e-06,746,3399,7881,382,0.6952772404900065,0.17997587454764777,0.6613475177304965,0.3013297872340426,0.6986702127659574
8263,YNR076W YIL173W,0.0,NA,1.3973690329294186e-06,746,3398,7882,382,0.695357833655706,0.18001930501930502,0.6613475177304965,0.30124113475177305,0.698758865248227
8264,YLR117C YBR141C,0.0,NA,1.398626295667782e-06,746,3397,7883,382,0.6954384268214056,0.1800627564566739,0.6613475177304965,0.30115248226950353,0.6988475177304965
8265,YPL231W YBR126W-A,0.0,NA,1.4028703390067676e-06,746,3396,7884,382,0.6955190199871051,0.18010622887493966,0.6613475177304965,0.30106382978723406,0.698936170212766
8266,YMR095C YDR428C,0.0,NA,1.4091940556681948e-06,746,3395,7885,382,0.6955996131528046,0.1801497222893021,0.6613475177304965,0.30097517730496454,0.6990248226950354
8267,YNL240C YGR048W,0.0,NA,1.4110538586464827e-06,746,3394,7886,382,0.6956802063185042,0.18019323671497584,0.6613475177304965,0.300886524822695,0.6991134751773049
8268,YOL123W YJR094W-A,0.0,NA,1.4119073057372589e-06,746,3393,7887,382,0.6957607994842038,0.18023677216719014,0.6613475177304965,0.30079787234042554,0.6992021276595745
8269,YGR120C YER059W,0.0,NA,1.4128029306448298e-06,746,3392,7888,382,0.6958413926499033,0.18028032866118898,0.6613475177304965,0.300709219858156,0.699290780141844
8270,YLR088W YBR074W,1.0,NA,1.4162848174237297e-06,745,3392,7888,383,0.6957607994842038,0.1800821851583273,0.6604609929078015,0.300709219858156,0.699290780141844
8271,YJL099W YJR055W,0.0,NA,1.4171021121001104e-06,745,3391,7889,383,0.6958413926499033,0.1801257253384913,0.6604609929078015,0.30062056737588655,0.6993794326241135
8272,YIL108W YER094C,1.0,NA,1.4227352949092165e-06,744,3391,7889,384,0.6957607994842038,0.1799274486094317,0.6595744680851063,0.30062056737588655,0.6993794326241135
8273,YJL165C YGL240W,0.0,NA,1.4283991731645074e-06,744,3390,7890,384,0.6958413926499033,0.1799709724238026,0.6595744680851063,0.300531914893617,0.699468085106383
8274,YOR193W YOR304C-A,0.0,NA,1.4288732472778065e-06,744,3389,7891,384,0.6959219858156028,0.18001451729978224,0.6595744680851063,0.3004432624113475,0.6995567375886524
8275,YHL024W YBL008W,0.0,NA,1.431018290531938e-06,744,3388,7892,384,0.6960025789813024,0.18005808325266215,0.6595744680851063,0.30035460992907803,0.699645390070922
8276,YMR086W YDR501W,0.0,NA,1.4314470035969862e-06,744,3387,7893,384,0.6960831721470019,0.18010167029774873,0.6595744680851063,0.3002659574468085,0.6997340425531915
8277,YIL042C YNL117W,0.0,NA,1.4369096561495098e-06,744,3386,7894,384,0.6961637653127015,0.18014527845036318,0.6595744680851063,0.300177304964539,0.699822695035461
8278,YDL176W YDL125C,0.0,NA,1.4420080560739734e-06,744,3385,7895,384,0.696244358478401,0.18018890772584162,0.6595744680851063,0.3000886524822695,0.6999113475177305
8279,YPR103W YDR533C,1.0,NA,1.4445560054809903e-06,743,3385,7895,385,0.6961637653127015,0.17999031007751937,0.6586879432624113,0.3000886524822695,0.6999113475177305
8280,YOR360C YOR272W,0.0,NA,1.4515491102429223e-06,743,3384,7896,385,0.696244358478401,0.1800339229464502,0.6586879432624113,0.3,0.7
8281,YGR281W YBL008W,0.0,NA,1.4520918512062053e-06,743,3383,7897,385,0.6963249516441006,0.18007755695588948,0.6586879432624113,0.2999113475177305,0.7000886524822695
8282,YPL240C YNL016W,0.0,NA,1.4607616094508558e-06,743,3382,7898,385,0.6964055448098001,0.18012121212121213,0.6586879432624113,0.299822695035461,0.700177304964539
8283,YNL201C YER105C,0.0,NA,1.4618026398238726e-06,743,3381,7899,385,0.6964861379754996,0.18016488845780795,0.6586879432624113,0.29973404255319147,0.7002659574468085
8284,YBR008C YML100W,0.0,NA,1.4623381048295414e-06,743,3380,7900,385,0.6965667311411993,0.18020858598108175,0.6586879432624113,0.299645390070922,0.700354609929078
8285,YNL122C YLR448W,0.0,NA,1.4668510175397387e-06,743,3379,7901,385,0.6966473243068988,0.18025230470645318,0.6586879432624113,0.2995567375886525,0.7004432624113475
8286,YAR018C YBR187W,0.0,NA,1.4679216064905631e-06,743,3378,7902,385,0.6967279174725983,0.18029604464935695,0.6586879432624113,0.29946808510638295,0.700531914893617
8287,YLL013C YNL307C,0.0,NA,1.4705010471516289e-06,743,3377,7903,385,0.6968085106382979,0.18033980582524273,0.6586879432624113,0.2993794326241135,0.7006205673758865
8288,YNL137C YKR105C,0.0,NA,1.4754400581296068e-06,743,3376,7904,385,0.6968891038039974,0.18038358824957515,0.6586879432624113,0.29929078014184396,0.700709219858156
8289,YDL229W YER170W,0.0,NA,1.4770928373764036e-06,743,3375,7905,385,0.696969696969697,0.1804273919378339,0.6586879432624113,0.2992021276595745,0.7007978723404256
8290,YIR032C YHR073W,0.0,NA,1.478586909797741e-06,743,3374,7906,385,0.6970502901353965,0.18047121690551374,0.6586879432624113,0.29911347517730497,0.7008865248226951
8291,YLR238W YBR035C,0.0,NA,1.478963440604275e-06,743,3373,7907,385,0.6971308833010961,0.18051506316812438,0.6586879432624113,0.29902482269503544,0.7009751773049645
8292,YER177W YOR172W,0.0,NA,1.4815453823757707e-06,743,3372,7908,385,0.6972114764667956,0.18055893074119075,0.6586879432624113,0.298936170212766,0.701063829787234
8293,YMR123W YMR086W,0.0,NA,1.487037593506102e-06,743,3371,7909,385,0.6972920696324951,0.1806028196402528,0.6586879432624113,0.29884751773049645,0.7011524822695036
8294,YNL201C YMR010W,0.0,NA,1.4918101669536554e-06,743,3370,7910,385,0.6973726627981948,0.18064672988086555,0.6586879432624113,0.2987588652482269,0.7012411347517731
8295,YBR204C YKL077W,0.0,NA,1.4942935422368464e-06,743,3369,7911,385,0.6974532559638943,0.18069066147859922,0.6586879432624113,0.29867021276595745,0.7013297872340426
8296,YBR181C YMR112C,0.0,NA,1.4958362726247287e-06,743,3368,7912,385,0.6975338491295938,0.18073461444903915,0.6586879432624113,0.29858156028368793,0.701418439716312
8297,YBR203W YAL044W-A,0.0,NA,1.496900836173154e-06,743,3367,7913,385,0.6976144422952933,0.18077858880778588,0.6586879432624113,0.29849290780141846,0.7015070921985815
8298,YMR031C YIR003W,0.0,NA,1.4997814332673443e-06,743,3366,7914,385,0.6976950354609929,0.1808225845704551,0.6586879432624113,0.29840425531914894,0.7015957446808511
8299,YBR248C YJR144W,0.0,NA,1.4999818631622475e-06,743,3365,7915,385,0.6977756286266924,0.1808666017526777,0.6586879432624113,0.2983156028368794,0.7016843971631206
8300,YNL330C YML080W,0.0,NA,1.5044702195154969e-06,743,3364,7916,385,0.697856221792392,0.18091064037009982,0.6586879432624113,0.29822695035460994,0.7017730496453901
8301,YOL003C YNL107W,0.0,NA,1.5044945484987693e-06,743,3363,7917,385,0.6979368149580916,0.18095470043838285,0.6586879432624113,0.2981382978723404,0.7018617021276595
8302,YHR167W YGR118W,0.0,NA,1.505855379946297e-06,743,3362,7918,385,0.6980174081237911,0.1809987819732034,0.6586879432624113,0.29804964539007095,0.701950354609929
8303,YDR496C YMR196W,0.0,NA,1.5124038554858998e-06,743,3361,7919,385,0.6980980012894906,0.18104288499025342,0.6586879432624113,0.2979609929078014,0.7020390070921986
8304,YML057W YGR262C,0.0,NA,1.514249674983148e-06,743,3360,7920,385,0.6981785944551901,0.18108700950524007,0.6586879432624113,0.2978723404255319,0.7021276595744681
8305,YGR082W YNL267W,0.0,NA,1.5151670140767237e-06,743,3359,7921,385,0.6982591876208898,0.1811311555338859,0.6586879432624113,0.29778368794326243,0.7022163120567376
8306,YDL147W YCR026C,0.0,NA,1.5158173027884914e-06,743,3358,7922,385,0.6983397807865893,0.1811753230919288,0.6586879432624113,0.2976950354609929,0.702304964539007
8307,YHR064C YAR019C,0.0,NA,1.531714929114969e-06,743,3357,7923,385,0.6984203739522888,0.18121951219512195,0.6586879432624113,0.2976063829787234,0.7023936170212766
8308,YGR096W YNL242W,0.0,NA,1.5333065448430716e-06,743,3356,7924,385,0.6985009671179884,0.18126372285923395,0.6586879432624113,0.2975177304964539,0.7024822695035461
8309,YNR030W YLR283W,0.0,NA,1.5354767128883395e-06,743,3355,7925,385,0.6985815602836879,0.1813079551000488,0.6586879432624113,0.2974290780141844,0.7025709219858156
8310,YCR011C YPL121C,0.0,NA,1.5360566294475575e-06,743,3354,7926,385,0.6986621534493875,0.18135220893336587,0.6586879432624113,0.2973404255319149,0.7026595744680851
8311,YGL065C YML002W,0.0,NA,1.5474957990591065e-06,743,3353,7927,385,0.6987427466150871,0.181396484375,0.6586879432624113,0.2972517730496454,0.7027482269503547
8312,YCR041W YIR014W,0.0,NA,1.5574808003293583e-06,743,3352,7928,385,0.6988233397807866,0.18144078144078143,0.6586879432624113,0.29716312056737587,0.7028368794326241
8313,YGL105W YNL117W,0.0,NA,1.5575074030493852e-06,743,3351,7929,385,0.6989039329464861,0.18148510014655594,0.6586879432624113,0.2970744680851064,0.7029255319148936
8314,YOR204W YDR312W,0.0,NA,1.5649968645448098e-06,743,3350,7930,385,0.6989845261121856,0.1815294405081847,0.6586879432624113,0.2969858156028369,0.7030141843971631
8315,YPR069C YGR224W,0.0,NA,1.5674314681746182e-06,743,3349,7931,385,0.6990651192778853,0.18157380254154448,0.6586879432624113,0.29689716312056735,0.7031028368794326
8316,YNR009W YPL174C,0.0,NA,1.5752718809380895e-06,743,3348,7932,385,0.6991457124435848,0.1816181862625275,0.6586879432624113,0.2968085106382979,0.7031914893617022
8317,YDR354W YHR127W,0.0,NA,1.5785954019520432e-06,743,3347,7933,385,0.6992263056092843,0.18166259168704157,0.6586879432624113,0.29671985815602836,0.7032801418439716
8318,YDR077W YJR014W,0.0,NA,1.5891325801931089e-06,743,3346,7934,385,0.6993068987749839,0.18170701883101004,0.6586879432624113,0.2966312056737589,0.7033687943262411
8319,YER078C YER143W,1.0,NA,1.5903544863249408e-06,742,3346,7934,386,0.6992263056092843,0.1815068493150685,0.6578014184397163,0.2966312056737589,0.7033687943262411
8320,YNL305C YFR022W,0.0,NA,1.5927951153571485e-06,742,3345,7935,386,0.6993068987749839,0.18155126009297773,0.6578014184397163,0.29654255319148937,0.7034574468085106
8321,YDR323C YBR008C,0.0,NA,1.6019261011024355e-06,742,3344,7936,386,0.6993874919406834,0.18159569260890845,0.6578014184397163,0.29645390070921984,0.7035460992907802
8322,YKL017C YLR114C,0.0,NA,1.6096059880510438e-06,742,3343,7937,386,0.699468085106383,0.18164014687882496,0.6578014184397163,0.2963652482269504,0.7036347517730497
8323,YMR251W-A YNR075W,0.0,NA,1.6106210978250601e-06,742,3342,7938,386,0.6995486782720826,0.18168462291870716,0.6578014184397163,0.29627659574468085,0.7037234042553191
8324,YNL264C YHL006C,0.0,NA,1.6135052192112198e-06,742,3341,7939,386,0.6996292714377821,0.18172912074455058,0.6578014184397163,0.2961879432624113,0.7038120567375886
8325,YIL070C YBR168W,0.0,NA,1.6135636542458087e-06,742,3340,7940,386,0.6997098646034816,0.18177364037236649,0.6578014184397163,0.29609929078014185,0.7039007092198581
8326,YPL053C YLR467W,0.0,NA,1.6146797179317218e-06,742,3339,7941,386,0.6997904577691811,0.18181818181818182,0.6578014184397163,0.29601063829787233,0.7039893617021277
8327,YLR209C YBR223C,0.0,NA,1.6164391354323016e-06,742,3338,7942,386,0.6998710509348807,0.1818627450980392,0.6578014184397163,0.29592198581560286,0.7040780141843972
8328,YDL104C YDR394W,1.0,NA,1.6235474049608456e-06,741,3338,7942,387,0.6997904577691811,0.18166217210100516,0.6569148936170213,0.29592198581560286,0.7040780141843972
8329,YJL170C YJR057W,0.0,NA,1.6237408999586478e-06,741,3337,7943,387,0.6998710509348807,0.1817067189798921,0.6569148936170213,0.29583333333333334,0.7041666666666667
8330,YDL015C YJL094C,0.0,NA,1.626774292162736e-06,741,3336,7944,387,0.6999516441005803,0.1817512877115526,0.6569148936170213,0.2957446808510638,0.7042553191489361
8331,YNL125C YDL193W,0.0,NA,1.6268827494059224e-06,741,3335,7945,387,0.7000322372662798,0.18179587831207067,0.6569148936170213,0.29565602836879434,0.7043439716312057
8332,YMR284W YHR057C,0.0,NA,1.6303914662785246e-06,741,3334,7946,387,0.7001128304319794,0.18184049079754602,0.6569148936170213,0.2955673758865248,0.7044326241134752
8333,YKL126W YKL183W,0.0,NA,1.6306091765727615e-06,741,3333,7947,387,0.7001934235976789,0.18188512518409425,0.6569148936170213,0.2954787234042553,0.7045212765957447
8334,YPL233W YLR034C,0.0,NA,1.635561829971266e-06,741,3332,7948,387,0.7002740167633784,0.1819297814878468,0.6569148936170213,0.2953900709219858,0.7046099290780142
8335,YDR392W YGR277C,0.0,NA,1.6440816352769616e-06,741,3331,7949,387,0.700354609929078,0.18197445972495088,0.6569148936170213,0.2953014184397163,0.7046985815602836
8336,YFL011W YDR074W,0.0,NA,1.6465780845464906e-06,741,3330,7950,387,0.7004352030947776,0.18201915991156964,0.6569148936170213,0.29521276595744683,0.7047872340425532
8337,YDR034C YNL156C,0.0,NA,1.6489904055561055e-06,741,3329,7951,387,0.7005157962604771,0.18206388206388208,0.6569148936170213,0.2951241134751773,0.7048758865248227
8338,YGR038W YOR156C,0.0,NA,1.652094283599581e-06,741,3328,7952,387,0.7005963894261766,0.18210862619808307,0.6569148936170213,0.2950354609929078,0.7049645390070922
8339,YML022W YLR355C,0.0,NA,1.659055556046951e-06,741,3327,7953,387,0.7006769825918762,0.18215339233038347,0.6569148936170213,0.2949468085106383,0.7050531914893617
8340,YHR011W YJL165C,0.0,NA,1.669929133640835e-06,741,3326,7954,387,0.7007575757575758,0.18219818047701009,0.6569148936170213,0.2948581560283688,0.7051418439716312
8341,YOL055C YGL224C,0.0,NA,1.6712148180886288e-06,741,3325,7955,387,0.7008381689232753,0.1822429906542056,0.6569148936170213,0.29476950354609927,0.7052304964539007
8342,YJL091C YFL033C,0.0,NA,1.6723372482374543e-06,741,3324,7956,387,0.7009187620889749,0.18228782287822878,0.6569148936170213,0.2946808510638298,0.7053191489361702
8343,YMR240C YHR009C,0.0,NA,1.67380346738355e-06,741,3323,7957,387,0.7009993552546744,0.18233267716535434,0.6569148936170213,0.29459219858156027,0.7054078014184397
8344,YGL054C YDR541C,0.0,NA,1.6738961221562931e-06,741,3322,7958,387,0.7010799484203739,0.182377553531873,0.6569148936170213,0.2945035460992908,0.7054964539007093
8345,YDR364C YLR274W,0.0,NA,1.675614612395293e-06,741,3321,7959,387,0.7011605415860735,0.18242245199409157,0.6569148936170213,0.2944148936170213,0.7055851063829788
8346,YDR299W YPL103C,0.0,NA,1.6795374904177152e-06,741,3320,7960,387,0.7012411347517731,0.18246737256833293,0.6569148936170213,0.29432624113475175,0.7056737588652482
8347,YJR153W YDR422C,0.0,NA,1.6881157307579997e-06,741,3319,7961,387,0.7013217279174726,0.18251231527093595,0.6569148936170213,0.2942375886524823,0.7057624113475177
8348,YCR016W YGR096W,0.0,NA,1.6896298120627762e-06,741,3318,7962,387,0.7014023210831721,0.18255728011825573,0.6569148936170213,0.29414893617021276,0.7058510638297872
8349,YLR176C YAL048C,0.0,NA,1.6910936437852797e-06,741,3317,7963,387,0.7014829142488717,0.1826022671266634,0.6569148936170213,0.29406028368794324,0.7059397163120568
8350,YJR122W YBR126W-A,0.0,NA,1.701618771221547e-06,741,3316,7964,387,0.7015635074145713,0.1826472763125462,0.6569148936170213,0.29397163120567377,0.7060283687943263
8351,YMR023C YER161C,0.0,NA,1.7064990061044227e-06,741,3315,7965,387,0.7016441005802708,0.18269230769230768,0.6569148936170213,0.29388297872340424,0.7061170212765957
8352,YMR286W YBL057C,0.0,NA,1.7195535519931582e-06,741,3314,7966,387,0.7017246937459704,0.18273736128236745,0.6569148936170213,0.2937943262411348,0.7062056737588652
8353,YDR331W YDR415C,1.0,NA,1.7217129197888426e-06,740,3314,7966,388,0.7016441005802708,0.18253576714356193,0.6560283687943262,0.2937943262411348,0.7062056737588652
8354,YFL001W YIR034C,0.0,NA,1.7217918184542214e-06,740,3313,7967,388,0.7017246937459704,0.18258080434246238,0.6560283687943262,0.29370567375886525,0.7062943262411348
8355,YOR030W YGL261C,0.0,NA,1.722069214338262e-06,740,3312,7968,388,0.7018052869116699,0.18262586377097728,0.6560283687943262,0.2936170212765957,0.7063829787234043
8356,YFL033C YMR197C,0.0,NA,1.7232555364898872e-06,740,3311,7969,388,0.7018858800773694,0.182670945445569,0.6560283687943262,0.29352836879432626,0.7064716312056738
8357,YGL065C YML011C,0.0,NA,1.723352397675626e-06,740,3310,7970,388,0.7019664732430689,0.18271604938271604,0.6560283687943262,0.29343971631205673,0.7065602836879432
8358,YDR392W YMR280C,0.0,NA,1.7248717085749377e-06,740,3309,7971,388,0.7020470664087686,0.1827611755989133,0.6560283687943262,0.2933510638297872,0.7066489361702127
8359,YCR041W YOL091W,0.0,NA,1.7379027212882647e-06,740,3308,7972,388,0.7021276595744681,0.18280632411067194,0.6560283687943262,0.29326241134751774,0.7067375886524823
8360,YGR142W YIL138C,0.0,NA,1.7384960528943338e-06,740,3307,7973,388,0.7022082527401676,0.1828514949345194,0.6560283687943262,0.2931737588652482,0.7068262411347518
8361,YHR071W YDR427W,0.0,NA,1.7406827055310714e-06,740,3306,7974,388,0.7022888459058672,0.1828966880869995,0.6560283687943262,0.29308510638297874,0.7069148936170213
8362,YOR077W YJL006C,0.0,NA,1.7451390021960833e-06,740,3305,7975,388,0.7023694390715667,0.18294190358467244,0.6560283687943262,0.2929964539007092,0.7070035460992907
8363,YBR296C YGR048W,0.0,NA,1.7463960375607712e-06,740,3304,7976,388,0.7024500322372663,0.18298714144411474,0.6560283687943262,0.2929078014184397,0.7070921985815602
8364,YKL028W YIR014W,0.0,NA,1.7480538190284278e-06,740,3303,7977,388,0.7025306254029658,0.18303240168191937,0.6560283687943262,0.2928191489361702,0.7071808510638298
8365,YBR105C YMR309C,0.0,NA,1.749920443216979e-06,740,3302,7978,388,0.7026112185686654,0.1830776843146957,0.6560283687943262,0.2927304964539007,0.7072695035460993
8366,YHR197W YBR299W,0.0,NA,1.751511490510893e-06,740,3301,7979,388,0.7026918117343649,0.18312298935906954,0.6560283687943262,0.29264184397163123,0.7073581560283688
8367,YER170W YPL190C,0.0,NA,1.7564611880516168e-06,740,3300,7980,388,0.7027724049000644,0.18316831683168316,0.6560283687943262,0.2925531914893617,0.7074468085106383
8368,YPR166C YOR213C,0.0,NA,1.7613019736018032e-06,740,3299,7981,388,0.7028529980657641,0.18321366674919534,0.6560283687943262,0.2924645390070922,0.7075354609929078
8369,YDR165W YPL016W,0.0,NA,1.7625724240133422e-06,740,3298,7982,388,0.7029335912314636,0.18325903912828131,0.6560283687943262,0.2923758865248227,0.7076241134751773
8370,YDR498C YKL168C,0.0,NA,1.762996021170693e-06,740,3297,7983,388,0.7030141843971631,0.1833044339856329,0.6560283687943262,0.2922872340425532,0.7077127659574468
8371,YER124C YNL022C,0.0,NA,1.7648228549660416e-06,740,3296,7984,388,0.7030947775628626,0.18334985133795836,0.6560283687943262,0.29219858156028367,0.7078014184397163
8372,YKL139W YNL107W,0.0,NA,1.7726883925206494e-06,740,3295,7985,388,0.7031753707285622,0.18339529120198264,0.6560283687943262,0.2921099290780142,0.7078900709219859
8373,YKR095W YCR041W,0.0,NA,1.777964030225121e-06,740,3294,7986,388,0.7032559638942618,0.1834407535944472,0.6560283687943262,0.29202127659574467,0.7079787234042553
8374,YER166W YNL126W,0.0,NA,1.7922387769431225e-06,740,3293,7987,388,0.7033365570599613,0.1834862385321101,0.6560283687943262,0.2919326241134752,0.7080673758865248
8375,YLR401C YLR431C,0.0,NA,1.794357672224578e-06,740,3292,7988,388,0.7034171502256609,0.18353174603174602,0.6560283687943262,0.2918439716312057,0.7081560283687943
8376,YJL023C YDR162C,0.0,NA,1.8037134168480407e-06,740,3291,7989,388,0.7034977433913604,0.18357727611014638,0.6560283687943262,0.29175531914893615,0.7082446808510638
8377,YCR076C YGL044C,0.0,NA,1.8191085473517887e-06,740,3290,7990,388,0.7035783365570599,0.18362282878411912,0.6560283687943262,0.2916666666666667,0.7083333333333334
8378,YIR018W YMR140W,0.0,NA,1.8206169443146791e-06,740,3289,7991,388,0.7036589297227596,0.18366840407048896,0.6560283687943262,0.29157801418439716,0.7084219858156028
8379,YCL031C YPL178W,0.0,NA,1.8236318055642187e-06,740,3288,7992,388,0.7037395228884591,0.18371400198609733,0.6560283687943262,0.29148936170212764,0.7085106382978723
8380,YHR127W YNL118C,0.0,NA,1.8399198324914323e-06,740,3287,7993,388,0.7038201160541586,0.18375962254780234,0.6560283687943262,0.29140070921985817,0.7085992907801418
8381,YER025W YAR002W,0.0,NA,1.8400952512820368e-06,740,3286,7994,388,0.7039007092198581,0.18380526577247888,0.6560283687943262,0.29131205673758864,0.7086879432624114
8382,YOR047C YJR046W,0.0,NA,1.8473448335498688e-06,740,3285,7995,388,0.7039813023855577,0.18385093167701863,0.6560283687943262,0.2912234042553192,0.7087765957446809
8383,YDL180W YMR065W,0.0,NA,1.8491233504391857e-06,740,3284,7996,388,0.7040618955512572,0.18389662027833,0.6560283687943262,0.29113475177304965,0.7088652482269504
8384,YAL048C YLR348C,0.0,NA,1.8604101796881878e-06,740,3283,7997,388,0.7041424887169568,0.1839423315933383,0.6560283687943262,0.2910460992907801,0.7089539007092198
8385,YDR227W YGL247W,0.0,NA,1.8634483467394602e-06,740,3282,7998,388,0.7042230818826564,0.1839880656389856,0.6560283687943262,0.29095744680851066,0.7090425531914893
8386,YIL173W YBR302C,0.0,NA,1.8635569176694844e-06,740,3281,7999,388,0.7043036750483559,0.1840338224322308,0.6560283687943262,0.29086879432624113,0.7091312056737589
8387,YKL077W YHL043W,0.0,NA,1.8650822539711953e-06,740,3280,8000,388,0.7043842682140554,0.18407960199004975,0.6560283687943262,0.2907801418439716,0.7092198581560284
8388,YPR103W YJR126C,1.0,NA,1.8754039956547786e-06,739,3280,8000,389,0.7043036750483559,0.18387658621547648,0.6551418439716312,0.2907801418439716,0.7092198581560284
8389,YFR024C-A YPL149W,0.0,NA,1.8754468555925996e-06,739,3279,8001,389,0.7043842682140554,0.1839223494275759,0.6551418439716312,0.29069148936170214,0.7093085106382979
8390,YMR125W YHL006C,0.0,NA,1.877930912996817e-06,739,3278,8002,389,0.704464861379755,0.1839681354244461,0.6551418439716312,0.2906028368794326,0.7093971631205673
8391,YGL222C YNR062C,0.0,NA,1.880246372820693e-06,739,3277,8003,389,0.7045454545454546,0.18401394422310757,0.6551418439716312,0.29051418439716314,0.7094858156028369
8392,YLR116W YJL138C,0.0,NA,1.88091166819504e-06,739,3276,8004,389,0.7046260477111541,0.18405977584059777,0.6551418439716312,0.2904255319148936,0.7095744680851064
8393,YER166W YDR428C,0.0,NA,1.902930762298638e-06,739,3275,8005,389,0.7047066408768536,0.1841056302939711,0.6551418439716312,0.2903368794326241,0.7096631205673759
8394,YLR274W YMR278W,0.0,NA,1.9089072793576634e-06,739,3274,8006,389,0.7047872340425532,0.18415150760029902,0.6551418439716312,0.2902482269503546,0.7097517730496454
8395,YLR227C YPL062W,0.0,NA,1.9098158645647345e-06,739,3273,8007,389,0.7048678272082527,0.18419740777666999,0.6551418439716312,0.2901595744680851,0.7098404255319148
8396,YFR022W YBR214W,0.0,NA,1.9146996237395797e-06,739,3272,8008,389,0.7049484203739523,0.18424333084018948,0.6551418439716312,0.2900709219858156,0.7099290780141844
8397,YDR264C YFL052W,0.0,NA,1.915483153425157e-06,739,3271,8009,389,0.7050290135396519,0.18428927680798005,0.6551418439716312,0.2899822695035461,0.7100177304964539
8398,YKL112W YER167W,0.0,NA,1.9155434074491495e-06,739,3270,8010,389,0.7051096067053514,0.18433524569718135,0.6551418439716312,0.2898936170212766,0.7101063829787234
8399,YML127W YML103C,0.0,NA,1.926950972119812e-06,739,3269,8011,389,0.7051901998710509,0.1843812375249501,0.6551418439716312,0.2898049645390071,0.7101950354609929
8400,YGR224W YLR430W,0.0,NA,1.9336293917149305e-06,739,3268,8012,389,0.7052707930367504,0.1844272523084602,0.6551418439716312,0.2897163120567376,0.7102836879432625
8401,YKL219W YIL101C,0.0,NA,1.9491576495056506e-06,739,3267,8013,389,0.7053513862024501,0.18447329006490265,0.6551418439716312,0.28962765957446807,0.7103723404255319
8402,YML008C YPR121W,0.0,NA,1.9512349354045e-06,739,3266,8014,389,0.7054319793681496,0.18451935081148566,0.6551418439716312,0.2895390070921986,0.7104609929078014
8403,YDR197W YNL027W,0.0,NA,1.951611011463683e-06,739,3265,8015,389,0.7055125725338491,0.18456543456543456,0.6551418439716312,0.2894503546099291,0.7105496453900709
8404,YLR176C YNL201C,0.0,NA,1.964832790690707e-06,739,3264,8016,389,0.7055931656995487,0.18461154134399202,0.6551418439716312,0.28936170212765955,0.7106382978723405
8405,YLR284C YNR047W,0.0,NA,1.96608857550018e-06,739,3263,8017,389,0.7056737588652482,0.18465767116441778,0.6551418439716312,0.2892730496453901,0.71072695035461
8406,YPR194C YIL173W,0.0,NA,1.9816411622741725e-06,739,3262,8018,389,0.7057543520309478,0.184703824043989,0.6551418439716312,0.28918439716312055,0.7108156028368794
8407,YKL188C YFR016C,0.0,NA,1.985981270991033e-06,739,3261,8019,389,0.7058349451966474,0.18475,0.6551418439716312,0.2890957446808511,0.7109042553191489
8408,YDL170W YOL132W,0.0,NA,1.9871008589689154e-06,739,3260,8020,389,0.7059155383623469,0.18479619904976244,0.6551418439716312,0.28900709219858156,0.7109929078014184
8409,YBR059C YNL311C,0.0,NA,1.9961207726737484e-06,739,3259,8021,389,0.7059961315280464,0.1848424212106053,0.6551418439716312,0.28891843971631204,0.711081560283688
8410,YPL088W YJR135W-A,0.0,NA,2.001015445785015e-06,739,3258,8022,389,0.7060767246937459,0.1848886664998749,0.6551418439716312,0.28882978723404257,0.7111702127659575
8411,YMR159C YDR427W,0.0,NA,2.0047189082106343e-06,739,3257,8023,389,0.7061573178594455,0.18493493493493493,0.6551418439716312,0.28874113475177304,0.7112588652482269
8412,YLR341W YBR163W,0.0,NA,2.0164941361144884e-06,739,3256,8024,389,0.7062379110251451,0.18498122653316645,0.6551418439716312,0.2886524822695035,0.7113475177304964
8413,YML105C YLR103C,0.0,NA,2.021349928327254e-06,739,3255,8025,389,0.7063185041908446,0.18502754131196794,0.6551418439716312,0.28856382978723405,0.711436170212766
8414,YGR188C YOR110W,0.0,NA,2.022919716182514e-06,739,3254,8026,389,0.7063990973565442,0.18507387928875532,0.6551418439716312,0.2884751773049645,0.7115248226950355
8415,YGR084C YDR311W,0.0,NA,2.0263332771719433e-06,739,3253,8027,389,0.7064796905222437,0.18512024048096193,0.6551418439716312,0.28838652482269506,0.711613475177305
8416,YNL084C YGL070C,0.0,NA,2.0288471205276437e-06,739,3252,8028,389,0.7065602836879432,0.18516662490603858,0.6551418439716312,0.28829787234042553,0.7117021276595744
8417,YGL073W YJL225C,0.0,NA,2.0313000277383253e-06,739,3251,8029,389,0.7066408768536429,0.18521303258145363,0.6551418439716312,0.288209219858156,0.7117907801418439
8418,YJL094C YDR272W,0.0,NA,2.032751581282355e-06,739,3250,8030,389,0.7067214700193424,0.1852594635246929,0.6551418439716312,0.28812056737588654,0.7118794326241135
8419,YGR206W YNL202W,0.0,NA,2.035145143963746e-06,739,3249,8031,389,0.7068020631850419,0.18530591775325977,0.6551418439716312,0.288031914893617,0.711968085106383
8420,YKL072W YAL007C,0.0,NA,2.0380741716508055e-06,739,3248,8032,389,0.7068826563507414,0.1853523952846752,0.6551418439716312,0.28794326241134754,0.7120567375886525
8421,YNL039W YGL257C,0.0,NA,2.045079327217536e-06,739,3247,8033,389,0.706963249516441,0.18539889613647767,0.6551418439716312,0.287854609929078,0.712145390070922
8422,YJL174W YML077W,0.0,NA,2.0455611320358003e-06,739,3246,8034,389,0.7070438426821406,0.18544542032622333,0.6551418439716312,0.2877659574468085,0.7122340425531914
8423,YDL025C YDL174C,0.0,NA,2.0461875465116464e-06,739,3245,8035,389,0.7071244358478401,0.18549196787148595,0.6551418439716312,0.287677304964539,0.712322695035461
8424,YBR083W YLR298C,0.0,NA,2.046449026238406e-06,739,3244,8036,389,0.7072050290135397,0.1855385387898569,0.6551418439716312,0.2875886524822695,0.7124113475177305
8425,YGR098C YBL100W-B,1.0,NA,2.0606769339792663e-06,738,3244,8036,390,0.7071244358478401,0.18533400301356104,0.6542553191489362,0.2875886524822695,0.7124113475177305
8426,YHR012W YOR228C,0.0,NA,2.0652314560720697e-06,738,3243,8037,390,0.7072050290135397,0.18538055764883196,0.6542553191489362,0.2875,0.7125
8427,YIR032C YNL204C,0.0,NA,2.071893277388881e-06,738,3242,8038,390,0.7072856221792392,0.18542713567839195,0.6542553191489362,0.2874113475177305,0.7125886524822695
8428,YKR055W YOR374W,0.0,NA,2.073302539429278e-06,738,3241,8039,390,0.7073662153449387,0.18547373711987936,0.6542553191489362,0.287322695035461,0.712677304964539
8429,YJL006C YPR072W,0.0,NA,2.08317078431719e-06,738,3240,8040,390,0.7074468085106383,0.18552036199095023,0.6542553191489362,0.2872340425531915,0.7127659574468085
8430,YFL029C YDR428C,0.0,NA,2.083524350382504e-06,738,3239,8041,390,0.7075274016763379,0.18556701030927836,0.6542553191489362,0.287145390070922,0.712854609929078
8431,YLL042C YHL037C,0.0,NA,2.085275582430768e-06,738,3238,8042,390,0.7076079948420374,0.18561368209255533,0.6542553191489362,0.28705673758865247,0.7129432624113475
8432,YML118W YOL039W,0.0,NA,2.0957184005965246e-06,738,3237,8043,390,0.7076885880077369,0.18566037735849056,0.6542553191489362,0.286968085106383,0.7130319148936171
8433,YHR200W YJL172W,1.0,NA,2.0995032627979526e-06,737,3237,8043,391,0.7076079948420374,0.18545546049320583,0.6533687943262412,0.286968085106383,0.7130319148936171
8434,YKL028W YJL076W,0.0,NA,2.09982772503281e-06,737,3236,8044,391,0.7076885880077369,0.1855021394412283,0.6533687943262412,0.2868794326241135,0.7131205673758865
8435,YKL132C YPL130W,0.0,NA,2.1024345642217668e-06,737,3235,8045,391,0.7077691811734365,0.18554884189325277,0.6533687943262412,0.28679078014184395,0.713209219858156
8436,YFL062W YER093C,0.0,NA,2.108886519636144e-06,737,3234,8046,391,0.7078497743391361,0.18559556786703602,0.6533687943262412,0.2867021276595745,0.7132978723404255
8437,YMR177W YFR048W,0.0,NA,2.1093310351716354e-06,737,3233,8047,391,0.7079303675048356,0.18564231738035264,0.6533687943262412,0.28661347517730495,0.713386524822695
8438,YNL240C YPR069C,0.0,NA,2.113491063937545e-06,737,3232,8048,391,0.7080109606705351,0.18568909045099521,0.6533687943262412,0.2865248226950355,0.7134751773049646
8439,YCR011C YDR542W,0.0,NA,2.1140294848009944e-06,737,3231,8049,391,0.7080915538362347,0.1857358870967742,0.6533687943262412,0.28643617021276596,0.7135638297872341
8440,YGR188C YDL063C,0.0,NA,2.1157397895876784e-06,737,3230,8050,391,0.7081721470019342,0.18578270733551802,0.6533687943262412,0.28634751773049644,0.7136524822695035
8441,YJL131C YMR267W,0.0,NA,2.1159071366128046e-06,737,3229,8051,391,0.7082527401676337,0.18582955118507313,0.6533687943262412,0.28625886524822697,0.713741134751773
8442,YBL024W YPL099C,0.0,NA,2.1192877284192946e-06,737,3228,8052,391,0.7083333333333334,0.1858764186633039,0.6533687943262412,0.28617021276595744,0.7138297872340426
8443,YNR062C YNL118C,0.0,NA,2.123755166394403e-06,737,3227,8053,391,0.7084139264990329,0.18592330978809282,0.6533687943262412,0.2860815602836879,0.7139184397163121
8444,YKR055W YAL044W-A,0.0,NA,2.1274586288200226e-06,737,3226,8054,391,0.7084945196647324,0.1859702245773404,0.6533687943262412,0.28599290780141845,0.7140070921985816
8445,YGR278W YBR183W,0.0,NA,2.129135282302741e-06,737,3225,8055,391,0.708575112830432,0.18601716304896518,0.6533687943262412,0.2859042553191489,0.714095744680851
8446,YNL330C YMR271C,0.0,NA,2.133735279130633e-06,737,3224,8056,391,0.7086557059961315,0.18606412522090382,0.6533687943262412,0.28581560283687946,0.7141843971631205
8447,YKL069W YIL138C,0.0,NA,2.1375112737587187e-06,737,3223,8057,391,0.7087362991618311,0.18611111111111112,0.6533687943262412,0.28572695035460993,0.7142730496453901
8448,YNL262W YCR105W,0.0,NA,2.141675849998137e-06,737,3222,8058,391,0.7088168923275306,0.18615812073756,0.6533687943262412,0.2856382978723404,0.7143617021276596
8449,YHR143W YCR034W,0.0,NA,2.1557002582994755e-06,737,3221,8059,391,0.7088974854932302,0.18620515411824154,0.6533687943262412,0.28554964539007094,0.7144503546099291
8450,YMR202W YKL032C,0.0,NA,2.1613507215079153e-06,737,3220,8060,391,0.7089780786589297,0.18625221127116504,0.6533687943262412,0.2854609929078014,0.7145390070921985
8451,YOL116W YOR107W,0.0,NA,2.162482815037947e-06,737,3219,8061,391,0.7090586718246292,0.18629929221435793,0.6533687943262412,0.2853723404255319,0.714627659574468
8452,YKL051W YAL044W-A,0.0,NA,2.166706281059305e-06,737,3218,8062,391,0.7091392649903289,0.186346396965866,0.6533687943262412,0.2852836879432624,0.7147163120567376
8453,YDR334W YLR341W,0.0,NA,2.1670246042049257e-06,737,3217,8063,391,0.7092198581560284,0.18639352554375316,0.6533687943262412,0.2851950354609929,0.7148049645390071
8454,YHR107C YPR129W,0.0,NA,2.167204229408526e-06,737,3216,8064,391,0.7093004513217279,0.1864406779661017,0.6533687943262412,0.2851063829787234,0.7148936170212766
8455,YHR110W YDR237W,0.0,NA,2.1680207282770425e-06,737,3215,8065,391,0.7093810444874274,0.18648785425101214,0.6533687943262412,0.2850177304964539,0.7149822695035462
8456,YFR024C-A YJR152W,0.0,NA,2.168029141103034e-06,737,3214,8066,391,0.709461637653127,0.1865350544166034,0.6533687943262412,0.2849290780141844,0.7150709219858156
8457,YKL024C YLR401C,0.0,NA,2.174155724787852e-06,737,3213,8067,391,0.7095422308188266,0.18658227848101266,0.6533687943262412,0.2848404255319149,0.7151595744680851
8458,YML063W YFR036W,0.0,NA,2.175694817196927e-06,737,3212,8068,391,0.7096228239845261,0.18662952646239556,0.6533687943262412,0.2847517730496454,0.7152482269503546
8459,YDR034C YDL126C,0.0,NA,2.1769442355434876e-06,737,3211,8069,391,0.7097034171502257,0.18667679837892603,0.6533687943262412,0.28466312056737586,0.7153368794326241
8460,YGR142W YGR056W,0.0,NA,2.190075520047685e-06,737,3210,8070,391,0.7097840103159252,0.18672409424879655,0.6533687943262412,0.2845744680851064,0.7154255319148937
8461,YJL170C YKL184W,0.0,NA,2.1926125555182807e-06,737,3209,8071,391,0.7098646034816247,0.18677141409021794,0.6533687943262412,0.28448581560283687,0.7155141843971631
8462,YOR304C-A YHR021C,0.0,NA,2.1939240468782373e-06,737,3208,8072,391,0.7099451966473244,0.18681875792141953,0.6533687943262412,0.2843971631205674,0.7156028368794326
8463,YDL241W YMR010W,0.0,NA,2.1989847027725773e-06,737,3207,8073,391,0.7100257898130239,0.1868661257606491,0.6533687943262412,0.2843085106382979,0.7156914893617021
8464,YLR226W YIR032C,0.0,NA,2.2013557554600993e-06,737,3206,8074,391,0.7101063829787234,0.18691351762617298,0.6533687943262412,0.28421985815602835,0.7157801418439717
8465,YFL045C YNL225C,0.0,NA,2.2032440938346554e-06,737,3205,8075,391,0.7101869761444229,0.186960933536276,0.6533687943262412,0.2841312056737589,0.7158687943262412
8466,YDL104C YER143W,1.0,NA,2.204456677645794e-06,736,3205,8075,392,0.7101063829787234,0.18675463080436439,0.6524822695035462,0.2841312056737589,0.7158687943262412
8467,YGR098C YLR088W,1.0,NA,2.2111985344963614e-06,735,3205,8075,393,0.7100257898130239,0.1865482233502538,0.651595744680851,0.2841312056737589,0.7158687943262412
8468,YOR391C YER160C,1.0,NA,2.219450834672898e-06,734,3205,8075,394,0.7099451966473244,0.18634171109418635,0.650709219858156,0.2841312056737589,0.7158687943262412
8469,YCR011C YKL168C,0.0,NA,2.232465931228944e-06,734,3204,8076,394,0.7100257898130239,0.18638902996444895,0.650709219858156,0.28404255319148936,0.7159574468085106
8470,YMR262W YPL063W,0.0,NA,2.2391502625396242e-06,734,3203,8077,394,0.7101063829787234,0.18643637287274575,0.650709219858156,0.28395390070921983,0.7160460992907801
8471,YNL310C YGR220C,0.0,NA,2.2440478915086715e-06,734,3202,8078,394,0.7101869761444229,0.18648373983739838,0.650709219858156,0.28386524822695036,0.7161347517730496
8472,YMR196W YAL041W,0.0,NA,2.246960320917424e-06,734,3201,8079,394,0.7102675693101225,0.18653113087674714,0.650709219858156,0.28377659574468084,0.7162234042553192
8473,YOR204W YPL199C,0.0,NA,2.2483579869003734e-06,734,3200,8080,394,0.710348162475822,0.186578546009151,0.650709219858156,0.28368794326241137,0.7163120567375887
8474,YOR298C-A YGL083W,0.0,NA,2.2523045117850415e-06,734,3199,8081,394,0.7104287556415216,0.18662598525298754,0.650709219858156,0.28359929078014184,0.7164007092198581
8475,YPR003C YDR049W,0.0,NA,2.2556794192496454e-06,734,3198,8082,394,0.7105093488072212,0.1866734486266531,0.650709219858156,0.2835106382978723,0.7164893617021276
8476,YJL074C YIL009C-A,0.0,NA,2.2693332084600115e-06,734,3197,8083,394,0.7105899419729207,0.1867209361485627,0.650709219858156,0.28342198581560285,0.7165780141843971
8477,YGR261C YGL240W,0.0,NA,2.273191057611257e-06,734,3196,8084,394,0.7106705351386202,0.18676844783715013,0.650709219858156,0.2833333333333333,0.7166666666666667
8478,YBR211C YDR212W,0.0,NA,2.2757615170121426e-06,734,3195,8085,394,0.7107511283043197,0.1868159837108679,0.650709219858156,0.28324468085106386,0.7167553191489362
8479,YDR038C YKL122C,0.0,NA,2.2764515961171128e-06,734,3194,8086,394,0.7108317214700194,0.18686354378818737,0.650709219858156,0.28315602836879433,0.7168439716312057
8480,YER161C YNL052W,0.0,NA,2.2862202513351804e-06,734,3193,8087,394,0.7109123146357189,0.1869111280875987,0.650709219858156,0.2830673758865248,0.7169326241134751
8481,YLR072W YLR431C,0.0,NA,2.286791641381569e-06,734,3192,8088,394,0.7109929078014184,0.1869587366276108,0.650709219858156,0.28297872340425534,0.7170212765957447
8482,YNR073C YHR197W,0.0,NA,2.288910081915674e-06,734,3191,8089,394,0.711073500967118,0.18700636942675158,0.650709219858156,0.2828900709219858,0.7171099290780142
8483,YGR171C YDR506C,0.0,NA,2.292191311425995e-06,734,3190,8090,394,0.7111540941328175,0.18705402650356778,0.650709219858156,0.2828014184397163,0.7171985815602837
8484,YMR003W YPR032W,0.0,NA,2.3064640117809176e-06,734,3189,8091,394,0.7112346872985171,0.18710170787662503,0.650709219858156,0.2827127659574468,0.7172872340425532
8485,YOR064C YOR138C,0.0,NA,2.3136813069868367e-06,734,3188,8092,394,0.7113152804642167,0.1871494135645079,0.650709219858156,0.2826241134751773,0.7173758865248226
8486,YCR076C YKL209C,0.0,NA,2.317086227776599e-06,734,3187,8093,394,0.7113958736299162,0.18719714358581993,0.650709219858156,0.2825354609929078,0.7174645390070922
8487,YHR200W YKL134C,1.0,NA,2.3201596377475653e-06,733,3187,8093,395,0.7113152804642167,0.18698979591836734,0.649822695035461,0.2825354609929078,0.7174645390070922
8488,YOL116W YDR049W,0.0,NA,2.3238246740220347e-06,733,3186,8094,395,0.7113958736299162,0.18703750956876755,0.649822695035461,0.2824468085106383,0.7175531914893617
8489,YML022W YLR364W,0.0,NA,2.336736315555754e-06,733,3185,8095,395,0.7114764667956157,0.18708524757529352,0.649822695035461,0.2823581560283688,0.7176418439716312
8490,YPR127W YJL151C,0.0,NA,2.336961415494443e-06,733,3184,8096,395,0.7115570599613152,0.18713300995659943,0.649822695035461,0.2822695035460993,0.7177304964539007
8491,YDR272W YEL012W,0.0,NA,2.3400837108056294e-06,733,3183,8097,395,0.7116376531270149,0.18718079673135854,0.649822695035461,0.2821808510638298,0.7178191489361702
8492,YCL056C YIL155C,0.0,NA,2.3403915747621795e-06,733,3182,8098,395,0.7117182462927144,0.1872286079182631,0.649822695035461,0.28209219858156026,0.7179078014184397
8493,YNL030W YDL054C,0.0,NA,2.350058139199973e-06,733,3181,8099,395,0.7117988394584139,0.18727644353602452,0.649822695035461,0.2820035460992908,0.7179964539007092
8494,YLR072W YPR070W,0.0,NA,2.374510359004489e-06,733,3180,8100,395,0.7118794326241135,0.18732430360337338,0.649822695035461,0.28191489361702127,0.7180851063829787
8495,YKL132C YLR144C,0.0,NA,2.383853825449478e-06,733,3179,8101,395,0.711960025789813,0.18737218813905931,0.649822695035461,0.2818262411347518,0.7181737588652483
8496,YMR086W YNL127W,0.0,NA,2.3860691271693213e-06,733,3178,8102,395,0.7120406189555126,0.18742009716185118,0.649822695035461,0.2817375886524823,0.7182624113475178
8497,YDL088C YKR076W,0.0,NA,2.3965367290657014e-06,733,3177,8103,395,0.7121212121212122,0.18746803069053708,0.649822695035461,0.28164893617021275,0.7183510638297872
8498,YOR194C YOR265W,0.0,NA,2.4007731553865597e-06,733,3176,8104,395,0.7122018052869117,0.18751598874392428,0.649822695035461,0.2815602836879433,0.7184397163120567
8499,YPR121W YBR275C,0.0,NA,2.4024291178648127e-06,733,3175,8105,395,0.7122823984526112,0.1875639713408393,0.649822695035461,0.28147163120567376,0.7185283687943262
8500,YGR224W YDR090C,0.0,NA,2.4078447040665196e-06,733,3174,8106,395,0.7123629916183107,0.18761197850012798,0.649822695035461,0.28138297872340423,0.7186170212765958
8501,YGR098C YER138C,1.0,NA,2.4089081307465676e-06,732,3174,8106,396,0.7122823984526112,0.18740399385560677,0.648936170212766,0.28138297872340423,0.7186170212765958
8502,YLL036C YPL006W,0.0,NA,2.427109166092123e-06,732,3173,8107,396,0.7123629916183107,0.18745198463508322,0.648936170212766,0.28129432624113476,0.7187056737588653
8503,YDR087C YGL195W,0.0,NA,2.4305418264702894e-06,732,3172,8108,396,0.7124435847840103,0.1875,0.648936170212766,0.28120567375886524,0.7187943262411347
8504,YJR132W YNL309W,0.0,NA,2.4457765448460123e-06,732,3171,8109,396,0.7125241779497099,0.18754803996925443,0.648936170212766,0.28111702127659577,0.7188829787234042
8505,YBL008W YFR048W,0.0,NA,2.449221710776328e-06,732,3170,8110,396,0.7126047711154094,0.1875961045617632,0.648936170212766,0.28102836879432624,0.7189716312056738
8506,YJR057W YNL281W,0.0,NA,2.4522553303540917e-06,732,3169,8111,396,0.712685364281109,0.18764419379646244,0.648936170212766,0.2809397163120567,0.7190602836879433
8507,YDR363W-A YNL148C,0.0,NA,2.4523794763808837e-06,732,3168,8112,396,0.7127659574468085,0.18769230769230769,0.648936170212766,0.28085106382978725,0.7191489361702128
8508,YNL297C YHR143W,0.0,NA,2.4534765543648973e-06,732,3167,8113,396,0.712846550612508,0.1877404462682739,0.648936170212766,0.2807624113475177,0.7192375886524822
8509,YBL097W YDR227W,0.0,NA,2.4537946501368424e-06,732,3166,8114,396,0.7129271437782077,0.18778860954335558,0.648936170212766,0.2806737588652482,0.7193262411347517
8510,YOR014W YDR011W,0.0,NA,2.4580247099947883e-06,732,3165,8115,396,0.7130077369439072,0.1878367975365666,0.648936170212766,0.28058510638297873,0.7194148936170213
8511,YHR011W YBR299W,0.0,NA,2.4622195269330405e-06,732,3164,8116,396,0.7130883301096067,0.18788501026694046,0.648936170212766,0.2804964539007092,0.7195035460992908
8512,YHL018W YDL010W,0.0,NA,2.466445266691153e-06,732,3163,8117,396,0.7131689232753062,0.18793324775353018,0.648936170212766,0.28040780141843974,0.7195921985815603
8513,YPL005W YLR137W,0.0,NA,2.468249931553146e-06,732,3162,8118,396,0.7132495164410058,0.18798151001540833,0.648936170212766,0.2803191489361702,0.7196808510638298
8514,YJL099W YLR006C,0.0,NA,2.47385128204769e-06,732,3161,8119,396,0.7133301096067054,0.1880297970716671,0.648936170212766,0.2802304964539007,0.7197695035460993
8515,YKL219W YLR467W,0.0,NA,2.478905344105442e-06,732,3160,8120,396,0.7134107027724049,0.1880781089414183,0.648936170212766,0.2801418439716312,0.7198581560283688
8516,YDL018C YPL016W,0.0,NA,2.4792836939013796e-06,732,3159,8121,396,0.7134912959381045,0.18812644564379338,0.648936170212766,0.2800531914893617,0.7199468085106383
8517,YDR331W YLR163C,1.0,NA,2.4833536826918134e-06,731,3159,8121,397,0.7134107027724049,0.1879177377892031,0.6480496453900709,0.2800531914893617,0.7199468085106383
8518,YDR244W YOL070C,0.0,NA,2.490464112270274e-06,731,3158,8122,397,0.7134912959381045,0.18796605811262534,0.6480496453900709,0.2799645390070922,0.7200354609929078
8519,YNR048W YCR097W,0.0,NA,2.491119630576577e-06,731,3157,8123,397,0.713571889103804,0.18801440329218108,0.6480496453900709,0.2798758865248227,0.7201241134751774
8520,YPR103W YJL172W,1.0,NA,2.502353481759201e-06,730,3157,8123,398,0.7134912959381045,0.18780550553125805,0.6471631205673759,0.2798758865248227,0.7201241134751774
8521,YNL004W YLR227C,0.0,NA,2.525098580008489e-06,730,3156,8124,398,0.713571889103804,0.1878538342768914,0.6471631205673759,0.2797872340425532,0.7202127659574468
8522,YLR117C YNL156C,0.0,NA,2.526066964492202e-06,730,3155,8125,398,0.7136524822695035,0.1879021879021879,0.6471631205673759,0.2796985815602837,0.7203014184397163
8523,YGL192W YMR122W-A,0.0,NA,2.5281299258494982e-06,730,3154,8126,398,0.7137330754352031,0.18795056642636457,0.6471631205673759,0.2796099290780142,0.7203900709219858
8524,YPL265W YLR147C,0.0,NA,2.5295191790064564e-06,730,3153,8127,398,0.7138136686009027,0.18799896986865824,0.6471631205673759,0.27952127659574466,0.7204787234042553
8525,YAL027W YGR144W,0.0,NA,2.5461679342697607e-06,730,3152,8128,398,0.7138942617666022,0.18804739824832561,0.6471631205673759,0.2794326241134752,0.7205673758865249
8526,YBR173C YLL013C,0.0,NA,2.571498043835163e-06,730,3151,8129,398,0.7139748549323017,0.18809585158464312,0.6471631205673759,0.27934397163120567,0.7206560283687943
8527,YNL103W YMR023C,0.0,NA,2.5814713353611296e-06,730,3150,8130,398,0.7140554480980013,0.18814432989690721,0.6471631205673759,0.27925531914893614,0.7207446808510638
8528,YLR131C YBR276C,0.0,NA,2.5824440399446758e-06,730,3149,8131,398,0.7141360412637009,0.18819283320443414,0.6471631205673759,0.2791666666666667,0.7208333333333333
8529,YBR008C YKL119C,0.0,NA,2.5861877475108486e-06,730,3148,8132,398,0.7142166344294004,0.18824136152656007,0.6471631205673759,0.27907801418439715,0.7209219858156029
8530,YMR060C YGL101W,0.0,NA,2.5939339138858486e-06,730,3147,8133,398,0.7142972275951,0.1882899148826412,0.6471631205673759,0.2789893617021277,0.7210106382978724
8531,YLR104W YPL145C,0.0,NA,2.6024874841823475e-06,730,3146,8134,398,0.7143778207607995,0.18833849329205365,0.6471631205673759,0.27890070921985816,0.7210992907801419
8532,YBL047C YCL021W-A,0.0,NA,2.608209570098552e-06,730,3145,8135,398,0.714458413926499,0.18838709677419355,0.6471631205673759,0.27881205673758863,0.7211879432624113
8533,YCR033W YOL070C,0.0,NA,2.6145401079702424e-06,730,3144,8136,398,0.7145390070921985,0.18843572534847702,0.6471631205673759,0.27872340425531916,0.7212765957446808
8534,YIR018W YHR166C,0.0,NA,2.6299446744815214e-06,730,3143,8137,398,0.7146196002578982,0.18848437903434032,0.6471631205673759,0.27863475177304964,0.7213652482269504
8535,YLR293C YGR264C,0.0,NA,2.640160118971835e-06,730,3142,8138,398,0.7147001934235977,0.18853305785123967,0.6471631205673759,0.27854609929078017,0.7214539007092199
8536,YLL019C YOL091W,0.0,NA,2.645366976139485e-06,730,3141,8139,398,0.7147807865892972,0.18858176181865152,0.6471631205673759,0.27845744680851064,0.7215425531914894
8537,YPL059W YLR315W,0.0,NA,2.655606749613071e-06,730,3140,8140,398,0.7148613797549968,0.18863049095607234,0.6471631205673759,0.2783687943262411,0.7216312056737588
8538,YHR166C YPL104W,0.0,NA,2.655897787917638e-06,730,3139,8141,398,0.7149419729206963,0.18867924528301888,0.6471631205673759,0.27828014184397165,0.7217198581560283
8539,YMR010W YDR217C,0.0,NA,2.662527094798861e-06,730,3138,8142,398,0.7150225660863959,0.18872802481902792,0.6471631205673759,0.2781914893617021,0.7218085106382979
8540,YKR070W YPL190C,0.0,NA,2.6646100650395965e-06,730,3137,8143,398,0.7151031592520954,0.18877682958365657,0.6471631205673759,0.2781028368794326,0.7218971631205674
8541,YIR039C YER138C,1.0,NA,2.6812172109202947e-06,729,3137,8143,399,0.7150225660863959,0.1885669943093637,0.6462765957446809,0.2781028368794326,0.7218971631205674
8542,YNL103W YPL231W,0.0,NA,2.6830819024326047e-06,729,3136,8144,399,0.7151031592520954,0.18861578266494178,0.6462765957446809,0.27801418439716313,0.7219858156028369
8543,YDR541C YDR363W-A,0.0,NA,2.68873259301472e-06,729,3135,8145,399,0.715183752417795,0.18866459627329193,0.6462765957446809,0.2779255319148936,0.7220744680851063
8544,YML022W YJL062W-A,0.0,NA,2.68886083176767e-06,729,3134,8146,399,0.7152643455834945,0.18871343515402536,0.6462765957446809,0.27783687943262414,0.7221631205673759
8545,YML094W YKL184W,0.0,NA,2.703045083762845e-06,729,3133,8147,399,0.715344938749194,0.18876229932677369,0.6462765957446809,0.2777482269503546,0.7222517730496454
8546,YNL113W YLR298C,0.0,NA,2.7059340936830267e-06,729,3132,8148,399,0.7154255319148937,0.1888111888111888,0.6462765957446809,0.2776595744680851,0.7223404255319149
8547,YMR177W YHL006C,0.0,NA,2.7083633540314622e-06,729,3131,8149,399,0.7155061250805932,0.188860103626943,0.6462765957446809,0.2775709219858156,0.7224290780141844
8548,YDL147W YDR312W,0.0,NA,2.7111802864965284e-06,729,3130,8150,399,0.7155867182462927,0.18890904379372894,0.6462765957446809,0.2774822695035461,0.7225177304964538
8549,YLR316C YLR298C,0.0,NA,2.7138446512253722e-06,729,3129,8151,399,0.7156673114119922,0.18895800933125972,0.6462765957446809,0.2773936170212766,0.7226063829787234
8550,YBR293W YPL104W,0.0,NA,2.7146625143359415e-06,729,3128,8152,399,0.7157479045776918,0.18900700025926886,0.6462765957446809,0.2773049645390071,0.7226950354609929
8551,YFL027C YGL195W,0.0,NA,2.715372147577e-06,729,3127,8153,399,0.7158284977433914,0.18905601659751037,0.6462765957446809,0.2772163120567376,0.7227836879432624
8552,YMR313C YAL041W,0.0,NA,2.7294986466586124e-06,729,3126,8154,399,0.7159090909090909,0.18910505836575875,0.6462765957446809,0.2771276595744681,0.722872340425532
8553,YOR253W YEL031W,0.0,NA,2.729745801843819e-06,729,3125,8155,399,0.7159896840747905,0.18915412558380904,0.6462765957446809,0.2770390070921986,0.7229609929078015
8554,YIL169C YER124C,0.0,NA,2.7334970127412817e-06,729,3124,8156,399,0.71607027724049,0.18920321827147676,0.6462765957446809,0.27695035460992906,0.7230496453900709
8555,YDR087C YKL146W,0.0,NA,2.7386113288230263e-06,729,3123,8157,399,0.7161508704061895,0.18925233644859812,0.6462765957446809,0.2768617021276596,0.7231382978723404
8556,YDL001W YOR228C,0.0,NA,2.743224968071445e-06,729,3122,8158,399,0.716231463571889,0.18930148013502987,0.6462765957446809,0.27677304964539007,0.7232269503546099
8557,YJR057W YMR016C,0.0,NA,2.7493745164974825e-06,729,3121,8159,399,0.7163120567375887,0.18935064935064935,0.6462765957446809,0.27668439716312054,0.7233156028368795
8558,YDR234W YGR227W,0.0,NA,2.753528406174155e-06,729,3120,8160,399,0.7163926499032882,0.18939984411535463,0.6462765957446809,0.2765957446808511,0.723404255319149
8559,YKL150W YPL007C,0.0,NA,2.759185235845507e-06,729,3119,8161,399,0.7164732430689877,0.18944906444906445,0.6462765957446809,0.27650709219858155,0.7234929078014184
8560,YBR266C YHR077C,0.0,NA,2.7774544832936954e-06,729,3118,8162,399,0.7165538362346873,0.18949831037171821,0.6462765957446809,0.2764184397163121,0.7235815602836879
8561,YLR131C YDR237W,0.0,NA,2.7814835448225494e-06,729,3117,8163,399,0.7166344294003868,0.18954758190327614,0.6462765957446809,0.27632978723404256,0.7236702127659574
8562,YKL135C YGR080W,0.0,NA,2.7871551537828054e-06,729,3116,8164,399,0.7167150225660864,0.1895968790637191,0.6462765957446809,0.27624113475177303,0.723758865248227
8563,YKR104W YMR177W,0.0,NA,2.7963940283370903e-06,729,3115,8165,399,0.716795615731786,0.1896462018730489,0.6462765957446809,0.27615248226950356,0.7238475177304965
8564,YFL011W YPR151C,0.0,NA,2.7978289836028125e-06,729,3114,8166,399,0.7168762088974855,0.18969555035128804,0.6462765957446809,0.27606382978723404,0.7239361702127659
8565,YDL052C YER164W,0.0,NA,2.7992489322059555e-06,729,3113,8167,399,0.716956802063185,0.18974492451847996,0.6462765957446809,0.2759751773049645,0.7240248226950354
8566,YPR162C YMR065W,0.0,NA,2.8153713174106088e-06,729,3112,8168,399,0.7170373952288845,0.18979432439468888,0.6462765957446809,0.27588652482269505,0.724113475177305
8567,YLR414C YNL118C,0.0,NA,2.82939458884357e-06,729,3111,8169,399,0.7171179883945842,0.18984375,0.6462765957446809,0.2757978723404255,0.7242021276595745
8568,YLR206W YFR022W,0.0,NA,2.8325152925390285e-06,729,3110,8170,399,0.7171985815602837,0.1898932013545194,0.6462765957446809,0.27570921985815605,0.724290780141844
8569,YGL134W YBR126W-A,0.0,NA,2.845234575943323e-06,729,3109,8171,399,0.7172791747259832,0.18994267847837415,0.6462765957446809,0.2756205673758865,0.7243794326241135
8570,YLR057W YLR435W,0.0,NA,2.8467031825130107e-06,729,3108,8172,399,0.7173597678916828,0.18999218139171228,0.6462765957446809,0.275531914893617,0.7244680851063829
8571,YPL150W YDL193W,0.0,NA,2.851020099114976e-06,729,3107,8173,399,0.7174403610573823,0.1900417101147028,0.6462765957446809,0.27544326241134753,0.7245567375886525
8572,YDR377W YDR079C-A,0.0,NA,2.857394974853378e-06,729,3106,8174,399,0.7175209542230819,0.19009126466753584,0.6462765957446809,0.275354609929078,0.724645390070922
8573,YJL174W YGR200C,0.0,NA,2.8628637664951384e-06,729,3105,8175,399,0.7176015473887815,0.19014084507042253,0.6462765957446809,0.2752659574468085,0.7247340425531915
8574,YBR296C YJL096W,0.0,NA,2.8639399261010112e-06,729,3104,8176,399,0.717682140554481,0.1901904513435951,0.6462765957446809,0.275177304964539,0.724822695035461
8575,YHL023C YPR003C,0.0,NA,2.8679737624770496e-06,729,3103,8177,399,0.7177627337201805,0.1902400835073069,0.6462765957446809,0.2750886524822695,0.7249113475177305
8576,YIL108W YDR394W,1.0,NA,2.8760784971382236e-06,728,3103,8177,400,0.717682140554481,0.19002871312973113,0.6453900709219859,0.2750886524822695,0.7249113475177305
8577,YMR159C YBR111C,0.0,NA,2.8921467674081214e-06,728,3102,8178,400,0.7177627337201805,0.19007832898172325,0.6453900709219859,0.275,0.725
8578,YDR519W YML011C,0.0,NA,2.9021819045738084e-06,728,3101,8179,400,0.71784332688588,0.19012797074954296,0.6453900709219859,0.2749113475177305,0.7250886524822695
8579,YJR140C YJL121C,0.0,NA,2.913996468123514e-06,728,3100,8180,400,0.7179239200515797,0.19017763845350052,0.6453900709219859,0.274822695035461,0.725177304964539
8580,YPL038W YPL150W,0.0,NA,2.9153750347177265e-06,728,3099,8181,400,0.7180045132172792,0.19022733211392737,0.6453900709219859,0.2747340425531915,0.7252659574468086
8581,YIL176C YER163C,0.0,NA,2.9162649752834113e-06,728,3098,8182,400,0.7180851063829787,0.19027705175117615,0.6453900709219859,0.274645390070922,0.725354609929078
8582,YNL297C YLR114C,0.0,NA,2.9168656965339324e-06,728,3097,8183,400,0.7181656995486783,0.19032679738562092,0.6453900709219859,0.27455673758865246,0.7254432624113475
8583,YKR103W YJL076W,0.0,NA,2.921465011240798e-06,728,3096,8184,400,0.7182462927143778,0.1903765690376569,0.6453900709219859,0.274468085106383,0.725531914893617
8584,YML048W YNL113W,0.0,NA,2.9295670174178667e-06,728,3095,8185,400,0.7183268858800773,0.19042636672770075,0.6453900709219859,0.27437943262411346,0.7256205673758865
8585,YBL042C YKR035W-A,0.0,NA,2.932571760538849e-06,728,3094,8186,400,0.718407479045777,0.19047619047619047,0.6453900709219859,0.274290780141844,0.7257092198581561
8586,YHR107C YLR091W,0.0,NA,2.9657394406967796e-06,728,3093,8187,400,0.7184880722114765,0.19052604030358544,0.6453900709219859,0.27420212765957447,0.7257978723404256
8587,YMR010W YMR166C,0.0,NA,2.9662319320777897e-06,728,3092,8188,400,0.718568665377176,0.1905759162303665,0.6453900709219859,0.27411347517730494,0.725886524822695
8588,YKR020W YPL200W,0.0,NA,2.970183231809642e-06,728,3091,8189,400,0.7186492585428755,0.19062581827703587,0.6453900709219859,0.2740248226950355,0.7259751773049645
8589,YIL013C YKL108W,0.0,NA,2.971597041323548e-06,728,3090,8190,400,0.7187298517085751,0.19067574646411733,0.6453900709219859,0.27393617021276595,0.726063829787234
8590,YGL070C YNL052W,0.0,NA,2.976878704430419e-06,728,3089,8191,400,0.7188104448742747,0.19072570081215615,0.6453900709219859,0.2738475177304965,0.7261524822695036
8591,YJL076W YOL123W,0.0,NA,2.979988948936807e-06,728,3088,8192,400,0.7188910380399742,0.19077568134171907,0.6453900709219859,0.27375886524822696,0.7262411347517731
8592,YOR014W YJL165C,0.0,NA,3.0121213967504445e-06,728,3087,8193,400,0.7189716312056738,0.1908256880733945,0.6453900709219859,0.27367021276595743,0.7263297872340425
8593,YPL062W YLR430W,0.0,NA,3.016982645931421e-06,728,3086,8194,400,0.7190522243713733,0.19087572102779235,0.6453900709219859,0.27358156028368796,0.726418439716312
8594,YIL074C YMR140W,0.0,NA,3.0204114409571048e-06,728,3085,8195,400,0.7191328175370728,0.19092578022554418,0.6453900709219859,0.27349290780141844,0.7265070921985816
8595,YIL155C YKR096W,0.0,NA,3.0307874112622812e-06,728,3084,8196,400,0.7192134107027724,0.19097586568730326,0.6453900709219859,0.2734042553191489,0.7265957446808511
8596,YJL145W YDR405W,0.0,NA,3.0339049317262834e-06,728,3083,8197,400,0.719294003868472,0.19102597743374441,0.6453900709219859,0.27331560283687945,0.7266843971631206
8597,YKL032C YMR086W,0.0,NA,3.035878762602806e-06,728,3082,8198,400,0.7193745970341715,0.1910761154855643,0.6453900709219859,0.2732269503546099,0.72677304964539
8598,YDR447C YDR201W,0.0,NA,3.042411663045641e-06,728,3081,8199,400,0.719455190199871,0.19112627986348124,0.6453900709219859,0.27313829787234045,0.7268617021276595
8599,YGR296W YGR056W,0.0,NA,3.057787580473814e-06,728,3080,8200,400,0.7195357833655706,0.19117647058823528,0.6453900709219859,0.2730496453900709,0.7269503546099291
8600,YBR044C YML023C,0.0,NA,3.060681819988531e-06,728,3079,8201,400,0.7196163765312702,0.1912266876805884,0.6453900709219859,0.2729609929078014,0.7270390070921986
8601,YPR144C YER124C,0.0,NA,3.0612538921559462e-06,728,3078,8202,400,0.7196969696969697,0.19127693116132422,0.6453900709219859,0.27287234042553193,0.7271276595744681
8602,YGL030W YBR126W-A,0.0,NA,3.0626554234913783e-06,728,3077,8203,400,0.7197775628626693,0.19132720105124837,0.6453900709219859,0.2727836879432624,0.7272163120567375
8603,YGL178W YMR122W-A,0.0,NA,3.063672011194285e-06,728,3076,8204,400,0.7198581560283688,0.19137749737118823,0.6453900709219859,0.2726950354609929,0.7273049645390071
8604,YBL047C YOR347C,0.0,NA,3.0643498121207813e-06,728,3075,8205,400,0.7199387491940683,0.19142782014199317,0.6453900709219859,0.2726063829787234,0.7273936170212766
8605,YGR214W YHR009C,0.0,NA,3.0765959309064783e-06,728,3074,8206,400,0.7200193423597679,0.19147816938453446,0.6453900709219859,0.2725177304964539,0.7274822695035461
8606,YBR203W YBR296C,0.0,NA,3.0803828394709853e-06,728,3073,8207,400,0.7200999355254675,0.19152854511970535,0.6453900709219859,0.2724290780141844,0.7275709219858156
8607,YPL088W YOR192C,0.0,NA,3.0880894428264583e-06,728,3072,8208,400,0.720180528691167,0.19157894736842104,0.6453900709219859,0.2723404255319149,0.7276595744680852
8608,YIL041W YKL051W,0.0,NA,3.0890612379153026e-06,728,3071,8209,400,0.7202611218568665,0.19162937615161885,0.6453900709219859,0.2722517730496454,0.7277482269503546
8609,YLR436C YNL311C,0.0,NA,3.0957146464061225e-06,728,3070,8210,400,0.720341715022566,0.19167983149025802,0.6453900709219859,0.2721631205673759,0.7278368794326241
8610,YKR050W YDR451C,0.0,NA,3.098201432294445e-06,728,3069,8211,400,0.7204223081882656,0.19173031340531999,0.6453900709219859,0.2720744680851064,0.7279255319148936
8611,YGR105W YNL156C,0.0,NA,3.103376457147533e-06,728,3068,8212,400,0.7205029013539652,0.1917808219178082,0.6453900709219859,0.27198581560283686,0.7280141843971631
8612,YKR055W YNL289W,0.0,NA,3.10650921164779e-06,728,3067,8213,400,0.7205834945196647,0.19183135704874835,0.6453900709219859,0.2718971631205674,0.7281028368794327
8613,YJL052W YEL071W,0.0,NA,3.1237248094839742e-06,728,3066,8214,400,0.7206640876853643,0.1918819188191882,0.6453900709219859,0.27180851063829786,0.7281914893617021
8614,YNL327W YAL047C,0.0,NA,3.1478914479521336e-06,728,3065,8215,400,0.7207446808510638,0.19193250725019773,0.6453900709219859,0.2717198581560284,0.7282801418439716
8615,YBR044C YLR090W,0.0,NA,3.1614235922461376e-06,728,3064,8216,400,0.7208252740167633,0.19198312236286919,0.6453900709219859,0.27163120567375887,0.7283687943262411
8616,YMR060C YOR059C,0.0,NA,3.167655677316361e-06,728,3063,8217,400,0.720905867182463,0.19203376417831708,0.6453900709219859,0.27154255319148934,0.7284574468085107
8617,YDR152W YHL012W,0.0,NA,3.1723384381621145e-06,728,3062,8218,400,0.7209864603481625,0.1920844327176781,0.6453900709219859,0.2714539007092199,0.7285460992907802
8618,YGR056W YNL022C,0.0,NA,3.1834974834055174e-06,728,3061,8219,400,0.721067053513862,0.19213512800211138,0.6453900709219859,0.27136524822695035,0.7286347517730496
8619,YGR263C YLR087C,0.0,NA,3.18688444167492e-06,728,3060,8220,400,0.7211476466795615,0.1921858500527983,0.6453900709219859,0.2712765957446808,0.7287234042553191
8620,YMR150C YDR434W,1.0,NA,3.1883405426924583e-06,727,3060,8220,401,0.721067053513862,0.19197253762872987,0.6445035460992907,0.2712765957446808,0.7287234042553191
8621,YOR116C YGR134W,0.0,NA,3.206006795153371e-06,727,3059,8221,401,0.7211476466795615,0.19202324352879027,0.6445035460992907,0.27118794326241136,0.7288120567375886
8622,YBR299W YPR129W,0.0,NA,3.2060372632258805e-06,727,3058,8222,401,0.7212282398452611,0.19207397622192868,0.6445035460992907,0.27109929078014183,0.7289007092198582
8623,YER053C YLL013C,0.0,NA,3.2129332794283982e-06,727,3057,8223,401,0.7213088330109607,0.1921247357293869,0.6445035460992907,0.27101063829787236,0.7289893617021277
8624,YPL233W YGR183C,0.0,NA,3.231108394174953e-06,727,3056,8224,401,0.7213894261766602,0.1921755220724293,0.6445035460992907,0.27092198581560284,0.7290780141843972
8625,YBR293W YBR019C,0.0,NA,3.2368911888625007e-06,727,3055,8225,401,0.7214700193423598,0.19222633527234267,0.6445035460992907,0.2708333333333333,0.7291666666666666
8626,YJR084W YHR073W,0.0,NA,3.238283625250915e-06,727,3054,8226,401,0.7215506125080593,0.1922771753504364,0.6445035460992907,0.27074468085106385,0.7292553191489362
8627,YBL100W-B YFR018C,1.0,NA,3.239574880353757e-06,726,3054,8226,402,0.7214700193423598,0.19206349206349208,0.6436170212765957,0.27074468085106385,0.7292553191489362
8628,YIL112W YKL168C,0.0,NA,3.2533928333577933e-06,726,3053,8227,402,0.7215506125080593,0.19211431595660228,0.6436170212765957,0.2706560283687943,0.7293439716312057
8629,YAL063C YHR068W,0.0,NA,3.266178964622668e-06,726,3052,8228,402,0.7216312056737588,0.19216516675489678,0.6436170212765957,0.2705673758865248,0.7294326241134752
8630,YOR298C-A YAL007C,0.0,NA,3.26931694871746e-06,726,3051,8229,402,0.7217117988394585,0.19221604447974583,0.6436170212765957,0.27047872340425533,0.7295212765957447
8631,YBL042C YER061C,0.0,NA,3.2717719022912206e-06,726,3050,8230,402,0.721792392005158,0.19226694915254236,0.6436170212765957,0.2703900709219858,0.7296099290780141
8632,YCR053W YDL150W,0.0,NA,3.28691498907574e-06,726,3049,8231,402,0.7218729851708575,0.192317880794702,0.6436170212765957,0.27030141843971633,0.7296985815602837
8633,YGL099W YOR213C,0.0,NA,3.2882787763810484e-06,726,3048,8232,402,0.721953578336557,0.19236883942766295,0.6436170212765957,0.2702127659574468,0.7297872340425532
8634,YOR116C YDR191W,0.0,NA,3.2907441891438793e-06,726,3047,8233,402,0.7220341715022566,0.1924198250728863,0.6436170212765957,0.2701241134751773,0.7298758865248227
8635,YDR533C YIR039C,1.0,NA,3.292828751000343e-06,725,3047,8233,403,0.721953578336557,0.19220572640509015,0.6427304964539007,0.2701241134751773,0.7298758865248227
8636,YPL159C YPR107C,0.0,NA,3.2935795388766564e-06,725,3046,8234,403,0.7220341715022566,0.19225669583664812,0.6427304964539007,0.2700354609929078,0.7299645390070922
8637,YOR348C YHR073W,0.0,NA,3.2937489322648617e-06,725,3045,8235,403,0.7221147646679562,0.19230769230769232,0.6427304964539007,0.2699468085106383,0.7300531914893617
8638,YIL091C YNR062C,0.0,NA,3.313016577521921e-06,725,3044,8236,403,0.7221953578336557,0.1923587158397453,0.6427304964539007,0.26985815602836877,0.7301418439716312
8639,YCL044C YJR152W,0.0,NA,3.3248797990381718e-06,725,3043,8237,403,0.7222759509993553,0.19240976645435245,0.6427304964539007,0.2697695035460993,0.7302304964539007
8640,YCR068W YHL043W,0.0,NA,3.3434682791266823e-06,725,3042,8238,403,0.7223565441650548,0.19246084417308204,0.6427304964539007,0.2696808510638298,0.7303191489361702
8641,YDR350C YNL124W,0.0,NA,3.3690100735839223e-06,725,3041,8239,403,0.7224371373307543,0.19251194901752522,0.6427304964539007,0.2695921985815603,0.7304078014184398
8642,YGL222C YFL054C,0.0,NA,3.3734563658072148e-06,725,3040,8240,403,0.7225177304964538,0.19256308100929614,0.6427304964539007,0.2695035460992908,0.7304964539007093
8643,YFR016C YCR040W,0.0,NA,3.377976554475026e-06,725,3039,8241,403,0.7225983236621535,0.19261424017003187,0.6427304964539007,0.26941489361702126,0.7305851063829787
8644,YOR393W YDR013W,0.0,NA,3.40146834787447e-06,725,3038,8242,403,0.722678916827853,0.1926654265213925,0.6427304964539007,0.2693262411347518,0.7306737588652482
8645,YER174C YER070W,0.0,NA,3.419969289097935e-06,725,3037,8243,403,0.7227595099935525,0.19271664008506115,0.6427304964539007,0.26923758865248226,0.7307624113475177
8646,YDR315C YOR107W,0.0,NA,3.431488948990591e-06,725,3036,8244,403,0.7228401031592521,0.19276788088274396,0.6427304964539007,0.2691489361702128,0.7308510638297873
8647,YLR371W YBL080C,0.0,NA,3.4605800465214998e-06,725,3035,8245,403,0.7229206963249516,0.19281914893617022,0.6427304964539007,0.26906028368794327,0.7309397163120568
8648,YGL195W YML021C,0.0,NA,3.4701306503848173e-06,725,3034,8246,403,0.7230012894906512,0.19287044426709232,0.6427304964539007,0.26897163120567374,0.7310283687943262
8649,YNL239W YIR039C,1.0,NA,3.484044782453566e-06,724,3034,8246,404,0.7229206963249516,0.19265566790846195,0.6418439716312057,0.26897163120567374,0.7310283687943262
8650,YFL056C YCR011C,0.0,NA,3.4911690818262286e-06,724,3033,8247,404,0.7230012894906512,0.19270694703220656,0.6418439716312057,0.2688829787234043,0.7311170212765957
8651,YOR059C YIR014W,0.0,NA,3.4970105389220407e-06,724,3032,8248,404,0.7230818826563508,0.19275825346112885,0.6418439716312057,0.26879432624113475,0.7312056737588652
8652,YHR124W YPR129W,0.0,NA,3.5059763376921182e-06,724,3031,8249,404,0.7231624758220503,0.19280958721704394,0.6418439716312057,0.2687056737588652,0.7312943262411348
8653,YLR206W YOR324C,0.0,NA,3.538147439030581e-06,724,3030,8250,404,0.7232430689877498,0.1928609483217901,0.6418439716312057,0.26861702127659576,0.7313829787234043
8654,YMR083W YGL216W,0.0,NA,3.561642415661481e-06,724,3029,8251,404,0.7233236621534493,0.19291233679722888,0.6418439716312057,0.26852836879432623,0.7314716312056737
8655,YML055W YBL100W-B,1.0,NA,3.562498477549525e-06,723,3029,8251,405,0.7232430689877498,0.19269722814498935,0.6409574468085106,0.26852836879432623,0.7314716312056737
8656,YNL262W YPL227C,0.0,NA,3.57750604962348e-06,723,3028,8252,405,0.7233236621534493,0.1927486003732338,0.6409574468085106,0.26843971631205676,0.7315602836879432
8657,YML105C YPR157W,0.0,NA,3.5834539175993996e-06,723,3027,8253,405,0.723404255319149,0.1928,0.6409574468085106,0.26835106382978724,0.7316489361702128
8658,YPR056W YPL038W,0.0,NA,3.5848554489348317e-06,723,3026,8254,405,0.7234848484848485,0.1928514270472126,0.6409574468085106,0.2682624113475177,0.7317375886524823
8659,YHR086W YKL014C,0.0,NA,3.587817673178506e-06,723,3025,8255,405,0.723565441650548,0.19290288153681964,0.6409574468085106,0.26817375886524825,0.7318262411347518
8660,YLR087C YOR204W,0.0,NA,3.5973969261249295e-06,723,3024,8256,405,0.7236460348162476,0.19295436349079265,0.6409574468085106,0.2680851063829787,0.7319148936170212
8661,YBR266C YJL178C,0.0,NA,3.6044987155037234e-06,723,3023,8257,405,0.7237266279819471,0.19300587293112653,0.6409574468085106,0.2679964539007092,0.7320035460992907
8662,YDR204W YEL012W,0.0,NA,3.619590188463917e-06,723,3022,8258,405,0.7238072211476467,0.1930574098798398,0.6409574468085106,0.26790780141843973,0.7320921985815603
8663,YCR095C YDR501W,0.0,NA,3.627545083872974e-06,723,3021,8259,405,0.7238878143133463,0.19310897435897437,0.6409574468085106,0.2678191489361702,0.7321808510638298
8664,YMR159C YMR163C,0.0,NA,3.6369704048411222e-06,723,3020,8260,405,0.7239684074790458,0.19316056639059578,0.6409574468085106,0.26773049645390073,0.7322695035460993
8665,YBR133C YLR261C,0.0,NA,3.6438514143810607e-06,723,3019,8261,405,0.7240490006447453,0.19321218599679316,0.6409574468085106,0.2676418439716312,0.7323581560283688
8666,YDL106C YLR315W,0.0,NA,3.6511112284642877e-06,723,3018,8262,405,0.7241295938104448,0.19326383319967924,0.6409574468085106,0.2675531914893617,0.7324468085106383
8667,YNL301C YBR223C,0.0,NA,3.661327582449303e-06,723,3017,8263,405,0.7242101869761445,0.1933155080213904,0.6409574468085106,0.2674645390070922,0.7325354609929078
8668,YGR013W YOL039W,0.0,NA,3.664607675091247e-06,723,3016,8264,405,0.724290780141844,0.19336721048408664,0.6409574468085106,0.2673758865248227,0.7326241134751773
8669,YOR084W YBR163W,0.0,NA,3.6651388199970825e-06,723,3015,8265,405,0.7243713733075435,0.19341894060995185,0.6409574468085106,0.26728723404255317,0.7327127659574468
8670,YGL215W YMR058W,0.0,NA,3.697201009345008e-06,723,3014,8266,405,0.7244519664732431,0.19347069842119347,0.6409574468085106,0.2671985815602837,0.7328014184397164
8671,YLR226W YMR023C,0.0,NA,3.699253966260585e-06,723,3013,8267,405,0.7245325596389426,0.19352248394004282,0.6409574468085106,0.2671099290780142,0.7328900709219858
8672,YDR338C YBR299W,0.0,NA,3.70059797205613e-06,723,3012,8268,405,0.7246131528046421,0.19357429718875502,0.6409574468085106,0.2670212765957447,0.7329787234042553
8673,YMR031C YDR128W,0.0,NA,3.701907644426683e-06,723,3011,8269,405,0.7246937459703418,0.193626138189609,0.6409574468085106,0.2669326241134752,0.7330673758865248
8674,YOR038C YIR021W,0.0,NA,3.7025788515165914e-06,723,3010,8270,405,0.7247743391360413,0.19367800696490758,0.6409574468085106,0.26684397163120566,0.7331560283687943
8675,YDL104C YER078C,1.0,NA,3.7030201838206267e-06,722,3010,8270,406,0.7246937459703418,0.19346195069667738,0.6400709219858156,0.26684397163120566,0.7331560283687943
8676,YDR027C YPR107C,0.0,NA,3.7200950373517117e-06,722,3009,8271,406,0.7247743391360413,0.19351380326990084,0.6400709219858156,0.2667553191489362,0.7332446808510639
8677,YMR083W YNR062C,0.0,NA,3.729792751983041e-06,722,3008,8272,406,0.7248549323017408,0.1935656836461126,0.6400709219858156,0.26666666666666666,0.7333333333333333
8678,YML008C YKL201C,0.0,NA,3.730241132871015e-06,722,3007,8273,406,0.7249355254674403,0.19361759184768035,0.6400709219858156,0.26657801418439714,0.7334219858156028
8679,YPL240C YMR124W,0.0,NA,3.7312802305677906e-06,722,3006,8274,406,0.7250161186331399,0.1936695278969957,0.6400709219858156,0.26648936170212767,0.7335106382978723
8680,YOR291W YDR011W,0.0,NA,3.7487284316739533e-06,722,3005,8275,406,0.7250967117988395,0.19372149181647438,0.6400709219858156,0.26640070921985815,0.7335992907801419
8681,YBR245C YLR283W,0.0,NA,3.750952600967139e-06,722,3004,8276,406,0.725177304964539,0.1937734836285561,0.6400709219858156,0.2663120567375887,0.7336879432624114
8682,YMR095C YDR501W,0.0,NA,3.762689857467194e-06,722,3003,8277,406,0.7252578981302386,0.1938255033557047,0.6400709219858156,0.26622340425531915,0.7337765957446809
8683,YLR137W YNL307C,0.0,NA,3.7664703995687887e-06,722,3002,8278,406,0.7253384912959381,0.19387755102040816,0.6400709219858156,0.2661347517730496,0.7338652482269503
8684,YPR174C YFR036W,0.0,NA,3.770376906686579e-06,722,3001,8279,406,0.7254190844616376,0.19392962664517863,0.6400709219858156,0.26604609929078016,0.7339539007092198
8685,YJR120W YDR227W,0.0,NA,3.774362994590774e-06,722,3000,8280,406,0.7254996776273372,0.1939817302525524,0.6400709219858156,0.26595744680851063,0.7340425531914894
8686,YPL175W YNL307C,0.0,NA,3.781965915550245e-06,722,2999,8281,406,0.7255802707930368,0.19403386186509003,0.6400709219858156,0.2658687943262411,0.7341312056737589
8687,YDL217C YJL171C,0.0,NA,3.7860363590880297e-06,722,2998,8282,406,0.7256608639587363,0.19408602150537635,0.6400709219858156,0.26578014184397164,0.7342198581560284
8688,YJR131W YMR065W,0.0,NA,3.7933873500151094e-06,722,2997,8283,406,0.7257414571244358,0.19413820919602043,0.6400709219858156,0.2656914893617021,0.7343085106382978
8689,YNL113W YBL092W,0.0,NA,3.7978904856572626e-06,722,2996,8284,406,0.7258220502901354,0.19419042495965572,0.6400709219858156,0.26560283687943265,0.7343971631205674
8690,YKL093W YDR488C,0.0,NA,3.843128070002422e-06,722,2995,8285,406,0.725902643455835,0.19424266881894,0.6400709219858156,0.2655141843971631,0.7344858156028369
8691,YNL127W YPL103C,0.0,NA,3.86750434699934e-06,722,2994,8286,406,0.7259832366215345,0.19429494079655543,0.6400709219858156,0.2654255319148936,0.7345744680851064
8692,YEL065W YOR059C,0.0,NA,3.878437382809352e-06,722,2993,8287,406,0.726063829787234,0.1943472409152086,0.6400709219858156,0.26533687943262413,0.7346631205673759
8693,YOR067C YNL019C,0.0,NA,3.886423201038269e-06,722,2992,8288,406,0.7261444229529336,0.1943995691976306,0.6400709219858156,0.2652482269503546,0.7347517730496453
8694,YDR427W YGR264C,0.0,NA,3.889738309226232e-06,722,2991,8289,406,0.7262250161186331,0.1944519256665769,0.6400709219858156,0.2651595744680851,0.7348404255319149
8695,YPL274W YIR018W,0.0,NA,3.8922580642974935e-06,722,2990,8290,406,0.7263056092843327,0.1945043103448276,0.6400709219858156,0.2650709219858156,0.7349290780141844
8696,YDR392W YMR196W,0.0,NA,3.898692284565186e-06,722,2989,8291,406,0.7263862024500323,0.19455672325518727,0.6400709219858156,0.2649822695035461,0.7350177304964539
8697,YPR024W YBL100W-B,1.0,NA,3.913469754479593e-06,721,2989,8291,407,0.7263056092843327,0.19433962264150945,0.6391843971631206,0.2649822695035461,0.7350177304964539
8698,YGL083W YOR349W,0.0,NA,3.915986326319398e-06,721,2988,8292,407,0.7263862024500323,0.1943920194122405,0.6391843971631206,0.2648936170212766,0.7351063829787234
8699,YJR120W YDR294C,0.0,NA,3.925352302758256e-06,721,2987,8293,407,0.7264667956157318,0.19444444444444445,0.6391843971631206,0.2648049645390071,0.735195035460993
8700,YLR045C YKL184W,0.0,NA,3.926086264982587e-06,721,2986,8294,407,0.7265473887814313,0.19449689776099272,0.6391843971631206,0.26471631205673757,0.7352836879432624
8701,YNL201C YPL057C,0.0,NA,3.929941158276051e-06,721,2985,8295,407,0.7266279819471309,0.19454937938478142,0.6391843971631206,0.2646276595744681,0.7353723404255319
8702,YGR142W YDR013W,0.0,NA,3.937564088118961e-06,721,2984,8296,407,0.7267085751128304,0.19460188933873143,0.6391843971631206,0.2645390070921986,0.7354609929078014
8703,YDR281C YJR144W,0.0,NA,3.9388519326166715e-06,721,2983,8297,407,0.72678916827853,0.19465442764578833,0.6391843971631206,0.26445035460992905,0.735549645390071
8704,YGR179C YGL071W,0.0,NA,3.957946773880394e-06,721,2982,8298,407,0.7268697614442295,0.1947069943289225,0.6391843971631206,0.2643617021276596,0.7356382978723405
8705,YGR171C YHR012W,0.0,NA,3.986734100180911e-06,721,2981,8299,407,0.7269503546099291,0.1947595894111291,0.6391843971631206,0.26427304964539006,0.7357269503546099
8706,YJL170C YOR315W,0.0,NA,3.998015472461702e-06,721,2980,8300,407,0.7270309477756286,0.19481221291542827,0.6391843971631206,0.2641843971631206,0.7358156028368794
8707,YJL165C YMR101C,0.0,NA,4.008663381682709e-06,721,2979,8301,407,0.7271115409413281,0.19486486486486487,0.6391843971631206,0.26409574468085106,0.7359042553191489
8708,YLR144C YGR097W,0.0,NA,4.030202035210095e-06,721,2978,8302,407,0.7271921341070278,0.1949175452825088,0.6391843971631206,0.26400709219858154,0.7359929078014185
8709,YMR150C YER138C,1.0,NA,4.142305897403276e-06,720,2978,8302,408,0.7271115409413281,0.19469983775013522,0.6382978723404256,0.26400709219858154,0.7359929078014185
8710,YOR291W YDL229W,0.0,NA,4.144819286011625e-06,720,2977,8303,408,0.7271921341070278,0.1947525020286719,0.6382978723404256,0.26391843971631207,0.736081560283688
8711,YGL012W YCL029C,0.0,NA,4.172271474089939e-06,720,2976,8304,408,0.7272727272727273,0.19480519480519481,0.6382978723404256,0.26382978723404255,0.7361702127659574
8712,YBR193C YMR092C,0.0,NA,4.2274350562365726e-06,720,2975,8305,408,0.7273533204384268,0.19485791610284167,0.6382978723404256,0.2637411347517731,0.7362588652482269
8713,YIL138C YMR179W,0.0,NA,4.240772341290722e-06,720,2974,8306,408,0.7274339136041263,0.19491066594477532,0.6382978723404256,0.26365248226950355,0.7363475177304964
8714,YBR299W YGR056W,0.0,NA,4.2491360545682255e-06,720,2973,8307,408,0.7275145067698259,0.19496344435418358,0.6382978723404256,0.263563829787234,0.736436170212766
8715,YJR152W YPR032W,0.0,NA,4.251900463714264e-06,720,2972,8308,408,0.7275950999355255,0.19501625135427952,0.6382978723404256,0.26347517730496456,0.7365248226950355
8716,YIR006C YPL062W,0.0,NA,4.253916358720744e-06,720,2971,8309,408,0.727675693101225,0.19506908696830128,0.6382978723404256,0.26338652482269503,0.7366134751773049
8717,YHR211W YGL095C,0.0,NA,4.2675083022913896e-06,720,2970,8310,408,0.7277562862669246,0.1951219512195122,0.6382978723404256,0.2632978723404255,0.7367021276595744
8718,YNL262W YLR315W,0.0,NA,4.28490920967306e-06,720,2969,8311,408,0.7278368794326241,0.19517484413120087,0.6382978723404256,0.26320921985815604,0.736790780141844
8719,YDR038C YKR035W-A,0.0,NA,4.2850197132793255e-06,720,2968,8312,408,0.7279174725983236,0.19522776572668113,0.6382978723404256,0.2631205673758865,0.7368794326241135
8720,YGL238W YPL190C,0.0,NA,4.28730481871753e-06,720,2967,8313,408,0.7279980657640233,0.19528071602929212,0.6382978723404256,0.26303191489361705,0.736968085106383
8721,YKR050W YGR038W,0.0,NA,4.327990609453991e-06,720,2966,8314,408,0.7280786589297228,0.19533369506239825,0.6382978723404256,0.2629432624113475,0.7370567375886525
8722,YDR379W YOR347C,0.0,NA,4.354192697064718e-06,720,2965,8315,408,0.7281592520954223,0.19538670284938942,0.6382978723404256,0.262854609929078,0.737145390070922
8723,YPR052C YLR137W,0.0,NA,4.3567470129346475e-06,720,2964,8316,408,0.7282398452611218,0.19543973941368079,0.6382978723404256,0.26276595744680853,0.7372340425531915
8724,YKL018W YJR132W,0.0,NA,4.358329988463083e-06,720,2963,8317,408,0.7283204384268214,0.195492804778713,0.6382978723404256,0.262677304964539,0.737322695035461
8725,YOR253W YOR061W,0.0,NA,4.361989340395667e-06,720,2962,8318,408,0.728401031592521,0.1955458989679522,0.6382978723404256,0.2625886524822695,0.7374113475177305
8726,YBR301W YAR042W,0.0,NA,4.374453965283465e-06,720,2961,8319,408,0.7284816247582205,0.19559902200489,0.6382978723404256,0.2625,0.7375
8727,YNL274C YGR084C,0.0,NA,4.391495167510584e-06,720,2960,8320,408,0.7285622179239201,0.1956521739130435,0.6382978723404256,0.2624113475177305,0.7375886524822695
8728,YBR132C YOR298C-A,0.0,NA,4.399497356644133e-06,720,2959,8321,408,0.7286428110896196,0.19570535471595543,0.6382978723404256,0.262322695035461,0.737677304964539
8729,YCR076C YGL071W,0.0,NA,4.4094690565543715e-06,720,2958,8322,408,0.7287234042553191,0.19575856443719414,0.6382978723404256,0.2622340425531915,0.7377659574468085
8730,YKL139W YNR009W,0.0,NA,4.413444912643172e-06,720,2957,8323,408,0.7288039974210186,0.19581180310035354,0.6382978723404256,0.26214539007092197,0.737854609929078
8731,YFR052W YKL134C,1.0,NA,4.4150365283712745e-06,719,2957,8323,409,0.7287234042553191,0.1955930359085963,0.6374113475177305,0.26214539007092197,0.737854609929078
8732,YAL063C YPL040C,0.0,NA,4.423553946253378e-06,719,2956,8324,409,0.7288039974210186,0.19564625850340137,0.6374113475177305,0.2620567375886525,0.7379432624113476
8733,YFR022W YPR007C,0.0,NA,4.4249759412196e-06,719,2955,8325,409,0.7288845905867183,0.19569951007076755,0.6374113475177305,0.261968085106383,0.738031914893617
8734,YBL107C YJR090C,0.0,NA,4.428728971106466e-06,719,2954,8326,409,0.7289651837524178,0.19575279063435883,0.6374113475177305,0.26187943262411345,0.7381205673758865
8735,YNL016W YBR126W-A,0.0,NA,4.449888365343213e-06,719,2953,8327,409,0.7290457769181173,0.19580610021786493,0.6374113475177305,0.261790780141844,0.738209219858156
8736,YPL099C YAL015C,0.0,NA,4.451017503015464e-06,719,2952,8328,409,0.7291263700838169,0.19585943884500137,0.6374113475177305,0.26170212765957446,0.7382978723404255
8737,YHR105W YGL261C,0.0,NA,4.4682592488243245e-06,719,2951,8329,409,0.7292069632495164,0.19591280653950954,0.6374113475177305,0.261613475177305,0.7383865248226951
8738,YFL054C YNL131W,0.0,NA,4.4760172386304475e-06,719,2950,8330,409,0.729287556415216,0.1959662033251567,0.6374113475177305,0.26152482269503546,0.7384751773049646
8739,YDR354W YFL046W,0.0,NA,4.5118326852389146e-06,719,2949,8331,409,0.7293681495809156,0.1960196292257361,0.6374113475177305,0.26143617021276594,0.738563829787234
8740,YGR142W YAR027W,0.0,NA,4.5159827095631044e-06,719,2948,8332,409,0.7294487427466151,0.1960730842650668,0.6374113475177305,0.26134751773049647,0.7386524822695035
8741,YDR394W YDR434W,1.0,NA,4.5264600885275286e-06,718,2948,8332,410,0.7293681495809156,0.19585379159847244,0.6365248226950354,0.26134751773049647,0.7386524822695035
8742,YER082C YGR105W,0.0,NA,4.527552391664358e-06,718,2947,8333,410,0.7294487427466151,0.19590723055934517,0.6365248226950354,0.26125886524822695,0.738741134751773
8743,YDL244W YNL012W,0.0,NA,4.538441771728685e-06,718,2946,8334,410,0.7295293359123146,0.19596069868995633,0.6365248226950354,0.2611702127659574,0.7388297872340426
8744,YNL160W YOL139C,0.0,NA,4.5403990043269005e-06,718,2945,8335,410,0.7296099290780141,0.196014196014196,0.6365248226950354,0.26108156028368795,0.7389184397163121
8745,YER177W YGL216W,0.0,NA,4.5429019337461796e-06,718,2944,8336,410,0.7296905222437138,0.19606772255598034,0.6365248226950354,0.26099290780141843,0.7390070921985815
8746,YOR110W YMR280C,0.0,NA,4.5631450120708905e-06,718,2943,8337,410,0.7297711154094133,0.19612127833925158,0.6365248226950354,0.26090425531914896,0.739095744680851
8747,YDR519W YMR301C,0.0,NA,4.5633973968506325e-06,718,2942,8338,410,0.7298517085751128,0.19617486338797815,0.6365248226950354,0.26081560283687943,0.7391843971631206
8748,YIL041W YOR374W,0.0,NA,4.5893916649220046e-06,718,2941,8339,410,0.7299323017408124,0.19622847772615468,0.6365248226950354,0.2607269503546099,0.7392730496453901
8749,YDR323C YDR479C,0.0,NA,4.589513991959393e-06,718,2940,8340,410,0.7300128949065119,0.19628212137780207,0.6365248226950354,0.26063829787234044,0.7393617021276596
8750,YNL289W YPL062W,0.0,NA,4.592394816427259e-06,718,2939,8341,410,0.7300934880722115,0.19633579436696746,0.6365248226950354,0.2605496453900709,0.739450354609929
8751,YBL107C YAL063C,0.0,NA,4.594909569277661e-06,718,2938,8342,410,0.730174081237911,0.1963894967177243,0.6365248226950354,0.2604609929078014,0.7395390070921986
8752,YML057W YER170W,0.0,NA,4.640704901248682e-06,718,2937,8343,410,0.7302546744036106,0.19644322845417236,0.6365248226950354,0.2603723404255319,0.7396276595744681
8753,YML128C YPL062W,0.0,NA,4.6538721107936e-06,718,2936,8344,410,0.7303352675693101,0.19649698960043788,0.6365248226950354,0.2602836879432624,0.7397163120567376
8754,YKL069W YPL098C,0.0,NA,4.703605100075947e-06,718,2935,8345,410,0.7304158607350096,0.19655078018067343,0.6365248226950354,0.26019503546099293,0.7398049645390071
8755,YNL117W YIL112W,0.0,NA,4.705538685811916e-06,718,2934,8346,410,0.7304964539007093,0.19660460021905804,0.6365248226950354,0.2601063829787234,0.7398936170212767
8756,YOR393W YPL006W,0.0,NA,4.707585503638256e-06,718,2933,8347,410,0.7305770470664088,0.19665844973979732,0.6365248226950354,0.2600177304964539,0.7399822695035461
8757,YJL062W YMR119W,0.0,NA,4.728701696876669e-06,718,2932,8348,410,0.7306576402321083,0.1967123287671233,0.6365248226950354,0.2599290780141844,0.7400709219858156
8758,YCL024W YPR115W,0.0,NA,4.7524004003207665e-06,718,2931,8349,410,0.7307382333978079,0.1967662373252946,0.6365248226950354,0.2598404255319149,0.7401595744680851
8759,YCR037C YBR019C,0.0,NA,4.757016540679615e-06,718,2930,8350,410,0.7308188265635074,0.19682017543859648,0.6365248226950354,0.25975177304964536,0.7402482269503546
8760,YCR016W YLR261C,0.0,NA,4.7678531700512394e-06,718,2929,8351,410,0.7308994197292069,0.19687414313134083,0.6365248226950354,0.2596631205673759,0.7403368794326242
8761,YPR003C YBR136W,0.0,NA,4.769290171680041e-06,718,2928,8352,410,0.7309800128949066,0.19692814042786616,0.6365248226950354,0.25957446808510637,0.7404255319148936
8762,YLR113W YNL007C,0.0,NA,4.7694629756733775e-06,718,2927,8353,410,0.7310606060606061,0.19698216735253773,0.6365248226950354,0.2594858156028369,0.7405141843971631
8763,YIL173W YML002W,0.0,NA,4.778140464622993e-06,718,2926,8354,410,0.7311411992263056,0.19703622392974754,0.6365248226950354,0.2593971631205674,0.7406028368794326
8764,YBR059C YNL062C,0.0,NA,4.778368293045787e-06,718,2925,8355,410,0.7312217923920051,0.19709031018391435,0.6365248226950354,0.25930851063829785,0.7406914893617021
8765,YJR132W YER173W,0.0,NA,4.821883976546815e-06,718,2924,8356,410,0.7313023855577047,0.1971444261394838,0.6365248226950354,0.2592198581560284,0.7407801418439717
8766,YNR051C YLR445W,0.0,NA,4.825932592211757e-06,718,2923,8357,410,0.7313829787234043,0.19719857182092831,0.6365248226950354,0.25913120567375886,0.7408687943262411
8767,YNL146W YDL155W,0.0,NA,4.848240678256843e-06,718,2922,8358,410,0.7314635718891038,0.19725274725274725,0.6365248226950354,0.2590425531914894,0.7409574468085106
8768,YOR067C YLR033W,0.0,NA,4.861760316998698e-06,718,2921,8359,410,0.7315441650548034,0.1973069524594669,0.6365248226950354,0.25895390070921986,0.7410460992907801
8769,YGR046W YHR102W,0.0,NA,4.865113623964135e-06,718,2920,8360,410,0.7316247582205029,0.19736118746564046,0.6365248226950354,0.25886524822695034,0.7411347517730497
8770,YIL169C YGR262C,0.0,NA,4.872482350037899e-06,718,2919,8361,410,0.7317053513862024,0.19741545229584823,0.6365248226950354,0.25877659574468087,0.7412234042553192
8771,YLL013C YJR051W,0.0,NA,4.890349373454228e-06,718,2918,8362,410,0.731785944551902,0.19746974697469746,0.6365248226950354,0.25868794326241135,0.7413120567375886
8772,YJL062W-A YKL161C,0.0,NA,4.895496203971561e-06,718,2917,8363,410,0.7318665377176016,0.19752407152682255,0.6365248226950354,0.2585992907801418,0.7414007092198581
8773,YLL005C YER002W,0.0,NA,4.9014620344678406e-06,718,2916,8364,410,0.7319471308833011,0.19757842597688496,0.6365248226950354,0.25851063829787235,0.7414893617021276
8774,YEL020C YLR247C,0.0,NA,4.906082267552847e-06,718,2915,8365,410,0.7320277240490006,0.19763281034957336,0.6365248226950354,0.25842198581560283,0.7415780141843972
8775,YGR224W YKR076W,0.0,NA,4.911404630547622e-06,718,2914,8366,410,0.7321083172147002,0.19768722466960353,0.6365248226950354,0.25833333333333336,0.7416666666666667
8776,YHR057C YKL052C,0.0,NA,4.920692390442127e-06,718,2913,8367,410,0.7321889103803998,0.19774166896171855,0.6365248226950354,0.25824468085106383,0.7417553191489362
8777,YOR077W YKR103W,0.0,NA,4.923837423120858e-06,718,2912,8368,410,0.7322695035460993,0.1977961432506887,0.6365248226950354,0.2581560283687943,0.7418439716312056
8778,YKL002W YHL024W,0.0,NA,4.932805040880339e-06,718,2911,8369,410,0.7323500967117988,0.19785064756131165,0.6365248226950354,0.25806737588652484,0.7419326241134752
8779,YCL056C YDR498C,0.0,NA,4.9574887270864565e-06,718,2910,8370,410,0.7324306898774984,0.19790518191841236,0.6365248226950354,0.2579787234042553,0.7420212765957447
8780,YBL020W YKL032C,0.0,NA,4.970516783942003e-06,718,2909,8371,410,0.7325112830431979,0.19795974634684313,0.6365248226950354,0.2578900709219858,0.7421099290780142
8781,YMR272C YIL115C,0.0,NA,5.000980308977887e-06,718,2908,8372,410,0.7325918762088974,0.19801434087148373,0.6365248226950354,0.2578014184397163,0.7421985815602837
8782,YFL027C YGR229C,0.0,NA,5.030939973948989e-06,718,2907,8373,410,0.7326724693745971,0.19806896551724137,0.6365248226950354,0.2577127659574468,0.7422872340425531
8783,YJR126C YBL005W-B,1.0,NA,5.032907210988924e-06,717,2907,8373,411,0.7325918762088974,0.1978476821192053,0.6356382978723404,0.2577127659574468,0.7422872340425531
8784,YMR196W YLR298C,0.0,NA,5.041679287387524e-06,717,2906,8374,411,0.7326724693745971,0.19790229091912778,0.6356382978723404,0.25762411347517733,0.7423758865248227
8785,YHR176W YNL225C,0.0,NA,5.052928372606402e-06,717,2905,8375,411,0.7327530625402966,0.19795692987299834,0.6356382978723404,0.2575354609929078,0.7424645390070922
8786,YJR057W YPR129W,0.0,NA,5.060166586190462e-06,717,2904,8376,411,0.7328336557059961,0.1980115990057995,0.6356382978723404,0.2574468085106383,0.7425531914893617
8787,YBR023C YMR240C,0.0,NA,5.062020136392675e-06,717,2903,8377,411,0.7329142488716957,0.19806629834254144,0.6356382978723404,0.2573581560283688,0.7426418439716312
8788,YPR024W YDR434W,1.0,NA,5.105065611132886e-06,716,2903,8377,412,0.7328336557059961,0.19784470848300637,0.6347517730496454,0.2573581560283688,0.7426418439716312
8789,YER167W YDR350C,0.0,NA,5.1108081606798805e-06,716,2902,8378,412,0.7329142488716957,0.19789939192924266,0.6347517730496454,0.2572695035460993,0.7427304964539007
8790,YBR301W YPL048W,0.0,NA,5.136726031196304e-06,716,2901,8379,412,0.7329948420373952,0.19795410561238597,0.6347517730496454,0.25718085106382976,0.7428191489361702
8791,YNR055C YBR126W-A,0.0,NA,5.1431670726742595e-06,716,2900,8380,412,0.7330754352030948,0.19800884955752213,0.6347517730496454,0.2570921985815603,0.7429078014184397
8792,YCR065W YPR166C,0.0,NA,5.143740509083727e-06,716,2899,8381,412,0.7331560283687943,0.19806362378976486,0.6347517730496454,0.25700354609929077,0.7429964539007092
8793,YGR200C YCR040W,0.0,NA,5.1782180889858864e-06,716,2898,8382,412,0.7332366215344939,0.19811842833425566,0.6347517730496454,0.2569148936170213,0.7430851063829788
8794,YDR139C YAL042W,0.0,NA,5.18696651852224e-06,716,2897,8383,412,0.7333172147001934,0.19817326321616385,0.6347517730496454,0.2568262411347518,0.7431737588652483
8795,YEL018W YLR150W,0.0,NA,5.189440344111063e-06,716,2896,8384,412,0.7333978078658929,0.1982281284606866,0.6347517730496454,0.25673758865248225,0.7432624113475177
8796,YML124C YDR332W,0.0,NA,5.218846126808785e-06,716,2895,8385,412,0.7334784010315926,0.19828302409304902,0.6347517730496454,0.2566489361702128,0.7433510638297872
8797,YKL052C YHR077C,0.0,NA,5.244785825198051e-06,716,2894,8386,412,0.7335589941972921,0.19833795013850417,0.6347517730496454,0.25656028368794326,0.7434397163120567
8798,YDR324C YPR032W,0.0,NA,5.2494601732178126e-06,716,2893,8387,412,0.7336395873629916,0.19839290662233305,0.6347517730496454,0.25647163120567373,0.7435283687943263
8799,YGR171C YER139C,0.0,NA,5.255546057014726e-06,716,2892,8388,412,0.7337201805286911,0.1984478935698448,0.6347517730496454,0.25638297872340426,0.7436170212765958
8800,YOR291W YOR192C,0.0,NA,5.2586246965802275e-06,716,2891,8389,412,0.7338007736943907,0.1985029110063765,0.6347517730496454,0.25629432624113474,0.7437056737588652
8801,YGL099W YDR359C,0.0,NA,5.273771421343554e-06,716,2890,8390,412,0.7338813668600903,0.1985579589572934,0.6347517730496454,0.25620567375886527,0.7437943262411347
8802,YNL239W YBR074W,1.0,NA,5.310690539772622e-06,715,2890,8390,413,0.7338007736943907,0.19833564493758668,0.6338652482269503,0.25620567375886527,0.7437943262411347
8803,YOR355W YDL137W,0.0,NA,5.320367563399486e-06,715,2889,8391,413,0.7338813668600903,0.19839067702552718,0.6338652482269503,0.25611702127659575,0.7438829787234043
8804,YOR120W YBR299W,0.0,NA,5.335982223186875e-06,715,2888,8392,413,0.7339619600257898,0.19844573966139328,0.6338652482269503,0.2560283687943262,0.7439716312056738
8805,YJR041C YJR134C,0.0,NA,5.345833415049128e-06,715,2887,8393,413,0.7340425531914894,0.19850083287062742,0.6338652482269503,0.25593971631205675,0.7440602836879433
8806,YBR183W YGR056W,0.0,NA,5.351076652004849e-06,715,2886,8394,413,0.7341231463571889,0.19855595667870035,0.6338652482269503,0.25585106382978723,0.7441489361702127
8807,YOR355W YDL147W,0.0,NA,5.361430794437183e-06,715,2885,8395,413,0.7342037395228884,0.1986111111111111,0.6338652482269503,0.2557624113475177,0.7442375886524822
8808,YLR209C YKL184W,0.0,NA,5.377863544708816e-06,715,2884,8396,413,0.7342843326885881,0.19866629619338705,0.6338652482269503,0.25567375886524824,0.7443262411347518
8809,YDL217C YLR006C,0.0,NA,5.3922740335110575e-06,715,2883,8397,413,0.7343649258542876,0.19872151195108392,0.6338652482269503,0.2555851063829787,0.7444148936170213
8810,YAR018C YLR340W,0.0,NA,5.399879682954634e-06,715,2882,8398,413,0.7344455190199871,0.19877675840978593,0.6338652482269503,0.25549645390070924,0.7445035460992908
8811,YPR103W YGL203C,1.0,NA,5.402104761742521e-06,714,2882,8398,414,0.7343649258542876,0.1985539488320356,0.6329787234042553,0.25549645390070924,0.7445035460992908
8812,YMR031C YMR211W,0.0,NA,5.433451406133827e-06,714,2881,8399,414,0.7344455190199871,0.19860917941585535,0.6329787234042553,0.2554078014184397,0.7445921985815603
8813,YJR141W YDR104C,0.0,NA,5.435950242826948e-06,714,2880,8400,414,0.7345261121856866,0.1986644407345576,0.6329787234042553,0.2553191489361702,0.7446808510638298
8814,YGL224C YOR090C,0.0,NA,5.460041847982211e-06,714,2879,8401,414,0.7346067053513862,0.19871973281380462,0.6329787234042553,0.2552304964539007,0.7447695035460993
8815,YGR048W YDR294C,0.0,NA,5.470873020385625e-06,714,2878,8402,414,0.7346872985170857,0.1987750556792873,0.6329787234042553,0.2551418439716312,0.7448581560283688
8816,YKL024C YHL044W,0.0,NA,5.486610007210402e-06,714,2877,8403,414,0.7347678916827853,0.19883040935672514,0.6329787234042553,0.2550531914893617,0.7449468085106383
8817,YJR144W YBR276C,0.0,NA,5.497666734299855e-06,714,2876,8404,414,0.7348484848484849,0.1988857938718663,0.6329787234042553,0.2549645390070922,0.7450354609929078
8818,YFL031W YAL041W,0.0,NA,5.499779945239425e-06,714,2875,8405,414,0.7349290780141844,0.1989412092504876,0.6329787234042553,0.2548758865248227,0.7451241134751773
8819,YKL093W YMR179W,0.0,NA,5.511809376912424e-06,714,2874,8406,414,0.7350096711798839,0.19899665551839466,0.6329787234042553,0.2547872340425532,0.7452127659574468
8820,YBR133C YMR125W,0.0,NA,5.537040124181658e-06,714,2873,8407,414,0.7350902643455834,0.1990521327014218,0.6329787234042553,0.2546985815602837,0.7453014184397163
8821,YDR362C YDR272W,0.0,NA,5.537784545595059e-06,714,2872,8408,414,0.7351708575112831,0.19910764082543222,0.6329787234042553,0.25460992907801416,0.7453900709219858
8822,YDR542W YML102W,0.0,NA,5.550627975026146e-06,714,2871,8409,414,0.7352514506769826,0.199163179916318,0.6329787234042553,0.2545212765957447,0.7454787234042554
8823,YKL188C YDR335W,0.0,NA,5.554567451326875e-06,714,2870,8410,414,0.7353320438426821,0.19921875,0.6329787234042553,0.25443262411347517,0.7455673758865248
8824,YEL069C YKL119C,0.0,NA,5.572448117163731e-06,714,2869,8411,414,0.7354126370083817,0.19927435110242814,0.6329787234042553,0.2543439716312057,0.7456560283687943
8825,YIR014W YBL098W,0.0,NA,5.582437097473303e-06,714,2868,8412,414,0.7354932301740812,0.19932998324958123,0.6329787234042553,0.2542553191489362,0.7457446808510638
8826,YJL170C YJR122W,0.0,NA,5.595692982751643e-06,714,2867,8413,414,0.7355738233397808,0.19938564646746718,0.6329787234042553,0.25416666666666665,0.7458333333333333
8827,YJR074W YNL225C,0.0,NA,5.598730240308214e-06,714,2866,8414,414,0.7356544165054804,0.19944134078212292,0.6329787234042553,0.2540780141843972,0.7459219858156029
8828,YOR253W YJR055W,0.0,NA,5.6441162996634375e-06,714,2865,8415,414,0.7357350096711799,0.1994970662196144,0.6329787234042553,0.25398936170212766,0.7460106382978723
8829,YGL219C YMR134W,0.0,NA,5.662543571816059e-06,714,2864,8416,414,0.7358156028368794,0.1995528228060369,0.6329787234042553,0.25390070921985813,0.7460992907801418
8830,YLR401C YNL064C,0.0,NA,5.666260676662205e-06,714,2863,8417,414,0.7358961960025789,0.19960861056751467,0.6329787234042553,0.25381205673758866,0.7461879432624113
8831,YGR089W YMR101C,0.0,NA,5.678968136635376e-06,714,2862,8418,414,0.7359767891682786,0.19966442953020133,0.6329787234042553,0.25372340425531914,0.7462765957446809
8832,YNL239W YER151C,1.0,NA,5.690239049727097e-06,713,2862,8418,415,0.7358961960025789,0.19944055944055944,0.6320921985815603,0.25372340425531914,0.7462765957446809
8833,YGR056W YBR228W,0.0,NA,5.69045596421347e-06,713,2861,8419,415,0.7359767891682786,0.19949636261891437,0.6320921985815603,0.25363475177304967,0.7463652482269504
8834,YER177W YIL166C,0.0,NA,5.70350630368921e-06,713,2860,8420,415,0.7360573823339781,0.19955219703330535,0.6320921985815603,0.25354609929078015,0.7464539007092199
8835,YER139C YDL180W,0.0,NA,5.706574484065641e-06,713,2859,8421,415,0.7361379754996776,0.1996080627099664,0.6320921985815603,0.2534574468085106,0.7465425531914893
8836,YGL203C YKL134C,1.0,NA,5.740060259995516e-06,712,2859,8421,416,0.7360573823339781,0.19938392607112854,0.6312056737588653,0.2534574468085106,0.7465425531914893
8837,YLR245C YNR062C,0.0,NA,5.742573648603866e-06,712,2858,8422,416,0.7361379754996776,0.19943977591036416,0.6312056737588653,0.25336879432624115,0.7466312056737588
8838,YEL065W YDR128W,0.0,NA,5.752373454015469e-06,712,2857,8423,416,0.7362185686653772,0.1994956570467918,0.6312056737588653,0.25328014184397163,0.7467198581560284
8839,YJL210W YOR283W,0.0,NA,5.7582628869568e-06,712,2856,8424,416,0.7362991618310767,0.19955156950672645,0.6312056737588653,0.2531914893617021,0.7468085106382979
8840,YDL012C YOR179C,0.0,NA,5.76864613321959e-06,712,2855,8425,416,0.7363797549967763,0.19960751331651247,0.6312056737588653,0.25310283687943264,0.7468971631205674
8841,YFL001W YAR002W,0.0,NA,5.784032055089483e-06,712,2854,8426,416,0.7364603481624759,0.19966348850252383,0.6312056737588653,0.2530141843971631,0.7469858156028368
8842,YMR310C YNR065C,0.0,NA,5.798866823170101e-06,712,2853,8427,416,0.7365409413281754,0.1997194950911641,0.6312056737588653,0.25292553191489364,0.7470744680851064
8843,YHR012W YGL083W,0.0,NA,5.8005762184620835e-06,712,2852,8428,416,0.7366215344938749,0.19977553310886645,0.6312056737588653,0.2528368794326241,0.7471631205673759
8844,YDL006W YLR045C,0.0,NA,5.8030432228406426e-06,712,2851,8429,416,0.7367021276595744,0.19983160258209373,0.6312056737588653,0.2527482269503546,0.7472517730496454
8845,YNR073C YBR168W,0.0,NA,5.856404641235713e-06,712,2850,8430,416,0.736782720825274,0.19988770353733856,0.6312056737588653,0.2526595744680851,0.7473404255319149
8846,YPL215W YGL238W,0.0,NA,5.868368589290185e-06,712,2849,8431,416,0.7368633139909736,0.19994383600112328,0.6312056737588653,0.2525709219858156,0.7474290780141843
8847,YKL061W YER059W,0.0,NA,5.869437700312119e-06,712,2848,8432,416,0.7369439071566731,0.2,0.6312056737588653,0.2524822695035461,0.7475177304964539
8848,YBR155W YMR202W,0.0,NA,5.8695554798759986e-06,712,2847,8433,416,0.7370245003223727,0.2000561955605507,0.6312056737588653,0.2523936170212766,0.7476063829787234
8849,YJR126C YFR052W,1.0,NA,5.880671324121067e-06,711,2847,8433,417,0.7369439071566731,0.19983136593591905,0.6303191489361702,0.2523936170212766,0.7476063829787234
8850,YKL127W YOR312C,0.0,NA,5.887124189030146e-06,711,2846,8434,417,0.7370245003223727,0.19988754568456565,0.6303191489361702,0.2523049645390071,0.7476950354609929
8851,YKR104W YLR131C,0.0,NA,5.887848601560108e-06,711,2845,8435,417,0.7371050934880722,0.1999437570303712,0.6303191489361702,0.2522163120567376,0.7477836879432624
8852,YDR237W YMR004W,0.0,NA,5.893741672480246e-06,711,2844,8436,417,0.7371856866537717,0.2,0.6303191489361702,0.2521276595744681,0.747872340425532
8853,YHR200W YML055W,1.0,NA,5.902482826058986e-06,710,2844,8436,418,0.7371050934880722,0.19977490151941474,0.6294326241134752,0.2521276595744681,0.747872340425532
8854,YGR134W YDR137W,0.0,NA,5.948974830971565e-06,710,2843,8437,418,0.7371856866537717,0.19983112862369828,0.6294326241134752,0.25203900709219856,0.7479609929078014
8855,YDR394W YER078C,1.0,NA,5.954429525445448e-06,709,2843,8437,419,0.7371050934880722,0.19960585585585586,0.6285460992907801,0.25203900709219856,0.7479609929078014
8856,YPL150W YGL261C,0.0,NA,5.954525931883836e-06,709,2842,8438,419,0.7371856866537717,0.1996620670233737,0.6285460992907801,0.2519503546099291,0.7480496453900709
8857,YHR197W YOR195W,0.0,NA,5.972417966404464e-06,709,2841,8439,419,0.7372662798194713,0.19971830985915492,0.6285460992907801,0.25186170212765957,0.7481382978723404
8858,YNL264C YBR273C,0.0,NA,5.975705335004022e-06,709,2840,8440,419,0.7373468729851709,0.199774584389969,0.6285460992907801,0.25177304964539005,0.74822695035461
8859,YHL023C YFL046W,0.0,NA,6.050112915545469e-06,709,2839,8441,419,0.7374274661508704,0.19983089064261556,0.6285460992907801,0.2516843971631206,0.7483156028368795
8860,YKL139W YLR247C,0.0,NA,6.084302640374517e-06,709,2838,8442,419,0.7375080593165699,0.19988722864392444,0.6285460992907801,0.25159574468085105,0.7484042553191489
8861,YOR077W YLR131C,0.0,NA,6.102799943619175e-06,709,2837,8443,419,0.7375886524822695,0.1999435984207558,0.6285460992907801,0.2515070921985816,0.7484929078014184
8862,YGR156W YBR299W,0.0,NA,6.1041791923344135e-06,709,2836,8444,419,0.7376692456479691,0.2,0.6285460992907801,0.25141843971631206,0.7485815602836879
8863,YGL044C YPL098C,0.0,NA,6.1146611187723465e-06,709,2835,8445,419,0.7377498388136686,0.20005643340857787,0.6285460992907801,0.25132978723404253,0.7486702127659575
8864,YMR140W YKL032C,0.0,NA,6.12699523117044e-06,709,2834,8446,419,0.7378304319793682,0.2001128986734406,0.6285460992907801,0.25124113475177307,0.748758865248227
8865,YKL093W YIL041W,0.0,NA,6.148588454379933e-06,709,2833,8447,419,0.7379110251450677,0.20016939582156973,0.6285460992907801,0.25115248226950354,0.7488475177304964
8866,YJR134C YGR013W,0.0,NA,6.188201950863004e-06,709,2832,8448,419,0.7379916183107672,0.2002259248799774,0.6285460992907801,0.251063829787234,0.7489361702127659
8867,YER078C YBL005W-B,1.0,NA,6.190645308379317e-06,708,2832,8448,420,0.7379110251450677,0.2,0.6276595744680851,0.251063829787234,0.7489361702127659
8868,YJL011C YJR098C,0.0,NA,6.237146408238914e-06,708,2831,8449,420,0.7379916183107672,0.2000565131393049,0.6276595744680851,0.25097517730496455,0.7490248226950355
8869,YMR221C YJR004C,0.0,NA,6.25311395197059e-06,708,2830,8450,420,0.7380722114764668,0.20011305822498587,0.6276595744680851,0.250886524822695,0.749113475177305
8870,YLR375W YKL188C,0.0,NA,6.253560968616512e-06,708,2829,8451,420,0.7381528046421664,0.2001696352841391,0.6276595744680851,0.25079787234042555,0.7492021276595745
8871,YLR337C YKL002W,0.0,NA,6.264705461944686e-06,708,2828,8452,420,0.7382333978078659,0.2002262443438914,0.6276595744680851,0.25070921985815603,0.749290780141844
8872,YHR037W YER122C,0.0,NA,6.270880021475023e-06,708,2827,8453,420,0.7383139909735654,0.20028288543140027,0.6276595744680851,0.2506205673758865,0.7493794326241134
8873,YHR011W YDR315C,0.0,NA,6.285711151576834e-06,708,2826,8454,420,0.738394584139265,0.200339558573854,0.6276595744680851,0.25053191489361704,0.749468085106383
8874,YBR173C YJL002C,0.0,NA,6.357803158607567e-06,708,2825,8455,420,0.7384751773049646,0.20039626379847156,0.6276595744680851,0.2504432624113475,0.7495567375886525
8875,YDL006W YAL017W,0.0,NA,6.391494935087394e-06,708,2824,8456,420,0.7385557704706641,0.20045300113250283,0.6276595744680851,0.250354609929078,0.749645390070922
8876,YMR121C YPL031C,0.0,NA,6.4018468037829734e-06,708,2823,8457,420,0.7386363636363636,0.20050977060322855,0.6276595744680851,0.2502659574468085,0.7497340425531915
8877,YER093C YCL066W,0.0,NA,6.416767064365558e-06,708,2822,8458,420,0.7387169568020632,0.20056657223796034,0.6276595744680851,0.250177304964539,0.749822695035461
8878,YHR064C YNL016W,0.0,NA,6.422515980375465e-06,708,2821,8459,420,0.7387975499677627,0.2006234060640408,0.6276595744680851,0.2500886524822695,0.7499113475177305
8879,YPL121C YGR227W,0.0,NA,6.4385035329905804e-06,708,2820,8460,420,0.7388781431334622,0.20068027210884354,0.6276595744680851,0.25,0.75
8880,YKL186C YLR316C,0.0,NA,6.451497029047459e-06,708,2819,8461,420,0.7389587362991619,0.20073717039977318,0.6276595744680851,0.2499113475177305,0.7500886524822695
8881,YLR088W YNL239W,1.0,NA,6.481393938884139e-06,707,2819,8461,421,0.7388781431334622,0.2005104934770278,0.62677304964539,0.2499113475177305,0.7500886524822695
8882,YLR072W YMR025W,0.0,NA,6.486316124210134e-06,707,2818,8462,421,0.7389587362991619,0.20056737588652482,0.62677304964539,0.249822695035461,0.750177304964539
8883,YBL100W-B YBL067C,1.0,NA,6.4910927903838456e-06,706,2818,8462,422,0.7388781431334622,0.20034052213393871,0.625886524822695,0.249822695035461,0.750177304964539
8884,YLR223C YJL121C,0.0,NA,6.494548415503232e-06,706,2817,8463,422,0.7389587362991619,0.2003973885892705,0.625886524822695,0.24973404255319148,0.7502659574468085
8885,YBL098W YPR185W,0.0,NA,6.507568286906462e-06,706,2816,8464,422,0.7390393294648614,0.20045428733674048,0.625886524822695,0.24964539007092199,0.750354609929078
8886,YML048W YHR030C,0.0,NA,6.509405011456693e-06,706,2815,8465,422,0.7391199226305609,0.20051121840386255,0.625886524822695,0.2495567375886525,0.7504432624113475
8887,YDR234W YPR030W,0.0,NA,6.529966412927024e-06,706,2814,8466,422,0.7392005157962604,0.2005681818181818,0.625886524822695,0.249468085106383,0.750531914893617
8888,YFR022W YER122C,0.0,NA,6.550693342433078e-06,706,2813,8467,422,0.73928110896196,0.2006251776072748,0.625886524822695,0.24937943262411347,0.7506205673758866
8889,YDR240C YPL112C,0.0,NA,6.5514996094862e-06,706,2812,8468,422,0.7393617021276596,0.2006822057987493,0.625886524822695,0.24929078014184397,0.750709219858156
8890,YDR323C YNL215W,0.0,NA,6.602121175092179e-06,706,2811,8469,422,0.7394422952933591,0.20073926642024453,0.625886524822695,0.24920212765957447,0.7507978723404255
8891,YKL221W YIL173W,0.0,NA,6.611736353079323e-06,706,2810,8470,422,0.7395228884590587,0.20079635949943117,0.625886524822695,0.24911347517730498,0.750886524822695
8892,YDR128W YOR047C,0.0,NA,6.614095127588371e-06,706,2809,8471,422,0.7396034816247582,0.20085348506401138,0.625886524822695,0.24902482269503545,0.7509751773049645
8893,YKL162C YPR160W,0.0,NA,6.692238002869999e-06,706,2808,8472,422,0.7396840747904577,0.20091064314171883,0.625886524822695,0.24893617021276596,0.7510638297872341
8894,YPL215W YCR011C,0.0,NA,6.700654921587557e-06,706,2807,8473,422,0.7397646679561574,0.20096783376031882,0.625886524822695,0.24884751773049646,0.7511524822695036
8895,YHL023C YNL274C,0.0,NA,6.706773092446383e-06,706,2806,8474,422,0.7398452611218569,0.2010250569476082,0.625886524822695,0.24875886524822696,0.751241134751773
8896,YGR143W YOR349W,0.0,NA,6.716200914524961e-06,706,2805,8475,422,0.7399258542875564,0.20108231273141555,0.625886524822695,0.24867021276595744,0.7513297872340425
8897,YMR060C YMR301C,0.0,NA,6.716559710184811e-06,706,2804,8476,422,0.7400064474532559,0.20113960113960114,0.625886524822695,0.24858156028368794,0.7514184397163121
8898,YOR393W YKL221W,0.0,NA,6.744120582879987e-06,706,2803,8477,422,0.7400870406189555,0.201196922200057,0.625886524822695,0.24849290780141844,0.7515070921985816
8899,YER151C YER078C,1.0,NA,6.770826075808145e-06,705,2803,8477,423,0.7400064474532559,0.20096921322690992,0.625,0.24849290780141844,0.7515070921985816
8900,YOR291W YGR060W,0.0,NA,6.770981599402148e-06,705,2802,8478,423,0.7400870406189555,0.20102651839178784,0.625,0.24840425531914895,0.7515957446808511
8901,YPR041W YGR013W,0.0,NA,6.821126135037048e-06,705,2801,8479,423,0.7401676337846551,0.20108385624643468,0.625,0.24831560283687942,0.7516843971631205
8902,YLR167W YBR275C,0.0,NA,6.867854608572088e-06,705,2800,8480,423,0.7402482269503546,0.20114122681883023,0.625,0.24822695035460993,0.75177304964539
8903,YDL222C YDR330W,0.0,NA,6.883670721435919e-06,705,2799,8481,423,0.7403288201160542,0.2011986301369863,0.625,0.24813829787234043,0.7518617021276596
8904,YEL043W YDL170W,0.0,NA,6.936694262549281e-06,705,2798,8482,423,0.7404094132817537,0.20125606622894662,0.625,0.24804964539007093,0.7519503546099291
8905,YDR207C YLL036C,0.0,NA,6.954405762371607e-06,705,2797,8483,423,0.7404900064474532,0.201313535122787,0.625,0.2479609929078014,0.7520390070921986
8906,YFL056C YNR009W,0.0,NA,6.9895390879537445e-06,705,2796,8484,423,0.7405705996131529,0.20137103684661525,0.625,0.2478723404255319,0.752127659574468
8907,YNR055C YOL070C,0.0,NA,6.996961928962264e-06,705,2795,8485,423,0.7406511927788524,0.20142857142857143,0.625,0.24778368794326242,0.7522163120567376
8908,YGR165W YIL063C,0.0,NA,6.998049684625585e-06,705,2794,8486,423,0.7407317859445519,0.20148613889682768,0.625,0.24769503546099292,0.7523049645390071
8909,YNL304W YNL301C,0.0,NA,7.0209243858698756e-06,705,2793,8487,423,0.7408123791102514,0.20154373927958832,0.625,0.2476063829787234,0.7523936170212766
8910,YLR206W YMR086W,0.0,NA,7.022591944405576e-06,705,2792,8488,423,0.740892972275951,0.2016013726050901,0.625,0.2475177304964539,0.7524822695035461
8911,YJL170C YML011C,0.0,NA,7.060634743538685e-06,705,2791,8489,423,0.7409735654416505,0.20165903890160183,0.625,0.2474290780141844,0.7525709219858157
8912,YKL011C YNR047W,0.0,NA,7.073372216837015e-06,705,2790,8490,423,0.7410541586073501,0.2017167381974249,0.625,0.2473404255319149,0.7526595744680851
8913,YLL036C YBR163W,0.0,NA,7.09102687324048e-06,705,2789,8491,423,0.7411347517730497,0.20177447052089295,0.625,0.24725177304964538,0.7527482269503546
8914,YPR072W YMR121C,0.0,NA,7.10340009391075e-06,705,2788,8492,423,0.7412153449387492,0.20183223590037216,0.625,0.24716312056737588,0.7528368794326241
8915,YKR050W YOR348C,0.0,NA,7.125437150534708e-06,705,2787,8493,423,0.7412959381044487,0.20189003436426117,0.625,0.24707446808510639,0.7529255319148936
8916,YCL047C YGL083W,0.0,NA,7.127067874534987e-06,705,2786,8494,423,0.7413765312701482,0.20194786594099112,0.625,0.2469858156028369,0.7530141843971632
8917,YGL216W YMR015C,0.0,NA,7.149628345359815e-06,705,2785,8495,423,0.7414571244358479,0.2020057306590258,0.625,0.24689716312056736,0.7531028368794326
8918,YGL192W YLR104W,0.0,NA,7.217270649562124e-06,705,2784,8496,423,0.7415377176015474,0.20206362854686155,0.625,0.24680851063829787,0.7531914893617021
8919,YMR078C YJL074C,0.0,NA,7.2190396167570725e-06,705,2783,8497,423,0.7416183107672469,0.20212155963302753,0.625,0.24671985815602837,0.7532801418439716
8920,YDR346C YJR051W,0.0,NA,7.285386345756706e-06,705,2782,8498,423,0.7416989039329465,0.20217952394608546,0.625,0.24663120567375887,0.7533687943262412
8921,YDR323C YDL208W,0.0,NA,7.327360890485579e-06,705,2781,8499,423,0.741779497098646,0.20223752151462995,0.625,0.24654255319148935,0.7534574468085107
8922,YDR427W YDL010W,0.0,NA,7.33208617020864e-06,705,2780,8500,423,0.7418600902643456,0.20229555236728838,0.625,0.24645390070921985,0.7535460992907801
8923,YIR039C YKL134C,1.0,NA,7.334715519391466e-06,704,2780,8500,424,0.741779497098646,0.2020665901262916,0.624113475177305,0.24645390070921985,0.7535460992907801
8924,YLR208W YMR238W,0.0,NA,7.342672688537277e-06,704,2779,8501,424,0.7418600902643456,0.20212460522538042,0.624113475177305,0.24636524822695036,0.7536347517730496
8925,YLR167W YJR094W-A,0.0,NA,7.4097811193496455e-06,704,2778,8502,424,0.7419406834300452,0.20218265364732912,0.624113475177305,0.24627659574468086,0.7537234042553191
8926,YDL052C YGR229C,0.0,NA,7.477153303625528e-06,704,2777,8503,424,0.7420212765957447,0.20224073542085608,0.624113475177305,0.24618794326241134,0.7538120567375887
8927,YJL103C YMR240C,0.0,NA,7.491829364880687e-06,704,2776,8504,424,0.7421018697614442,0.20229885057471264,0.624113475177305,0.24609929078014184,0.7539007092198582
8928,YCL066W YKL168C,0.0,NA,7.500443189201178e-06,704,2775,8505,424,0.7421824629271437,0.20235699913768324,0.624113475177305,0.24601063829787234,0.7539893617021277
8929,YBR114W YLR445W,0.0,NA,7.559413916169433e-06,704,2774,8506,424,0.7422630560928434,0.2024151811385854,0.624113475177305,0.24592198581560284,0.7540780141843971
8930,YDR377W YDR005C,0.0,NA,7.5786651905218605e-06,704,2773,8507,424,0.7423436492585429,0.20247339660626978,0.624113475177305,0.24583333333333332,0.7541666666666667
8931,YML127W YNL042W,0.0,NA,7.61042429076042e-06,704,2772,8508,424,0.7424242424242424,0.20253164556962025,0.624113475177305,0.24574468085106382,0.7542553191489362
8932,YKR050W YGR141W,0.0,NA,7.633866516698617e-06,704,2771,8509,424,0.742504835589942,0.20258992805755396,0.624113475177305,0.24565602836879433,0.7543439716312057
8933,YPL115C YBR275C,0.0,NA,7.640537660336122e-06,704,2770,8510,424,0.7425854287556415,0.2026482440990213,0.624113475177305,0.24556737588652483,0.7544326241134752
8934,YMR156C YJR055W,0.0,NA,7.645757250429597e-06,704,2769,8511,424,0.7426660219213411,0.20270659372300603,0.624113475177305,0.2454787234042553,0.7545212765957446
8935,YJL103C YML102W,0.0,NA,7.658469257876277e-06,704,2768,8512,424,0.7427466150870407,0.20276497695852536,0.624113475177305,0.2453900709219858,0.7546099290780142
8936,YIL042C YJR098C,0.0,NA,7.661639756406657e-06,704,2767,8513,424,0.7428272082527402,0.2028233938346298,0.624113475177305,0.2453014184397163,0.7546985815602837
8937,YMR134W YNL127W,0.0,NA,7.693181942158844e-06,704,2766,8514,424,0.7429078014184397,0.20288184438040346,0.624113475177305,0.24521276595744682,0.7547872340425532
8938,YOR172W YPL096W,0.0,NA,7.719219865975901e-06,704,2765,8515,424,0.7429883945841392,0.20294032862496397,0.624113475177305,0.24512411347517732,0.7548758865248227
8939,YKL185W YER101C,0.0,NA,7.768737305013929e-06,704,2764,8516,424,0.7430689877498388,0.2029988465974625,0.624113475177305,0.2450354609929078,0.7549645390070922
8940,YGR038W YDR498C,0.0,NA,7.780065971019212e-06,704,2763,8517,424,0.7431495809155384,0.20305739832708394,0.624113475177305,0.2449468085106383,0.7550531914893617
8941,YDR331W YKL134C,1.0,NA,7.783694854879286e-06,703,2763,8517,425,0.7430689877498388,0.20282746682054242,0.62322695035461,0.2449468085106383,0.7550531914893617
8942,YOR116C YPL104W,0.0,NA,7.785870366205927e-06,703,2762,8518,425,0.7431495809155384,0.2028860028860029,0.62322695035461,0.2448581560283688,0.7551418439716312
8943,YNL326C YMR077C,0.0,NA,7.787704817019403e-06,703,2761,8519,425,0.7432301740812379,0.2029445727482679,0.62322695035461,0.2447695035460993,0.7552304964539007
8944,YOR355W YML127W,0.0,NA,7.788900802552234e-06,703,2760,8520,425,0.7433107672469375,0.20300317643661564,0.62322695035461,0.24468085106382978,0.7553191489361702
8945,YHR200W YER078C,1.0,NA,7.800050298101269e-06,702,2760,8520,426,0.7432301740812379,0.2027729636048527,0.6223404255319149,0.24468085106382978,0.7553191489361702
8946,YKL186C YML003W,0.0,NA,7.87166936788708e-06,702,2759,8521,426,0.7433107672469375,0.2028315515746894,0.6223404255319149,0.24459219858156028,0.7554078014184397
8947,YKL024C YDL015C,0.0,NA,7.91534512245562e-06,702,2758,8522,426,0.743391360412637,0.20289017341040463,0.6223404255319149,0.24450354609929079,0.7554964539007092
8948,YIL169C YNL016W,0.0,NA,7.92546688899165e-06,702,2757,8523,426,0.7434719535783365,0.20294882914137033,0.6223404255319149,0.2444148936170213,0.7555851063829787
8949,YNL068C YHR067W,0.0,NA,8.008006261661649e-06,702,2756,8524,426,0.7435525467440361,0.20300751879699247,0.6223404255319149,0.24432624113475176,0.7556737588652482
8950,YFL033C YNL127W,0.0,NA,8.047817573242355e-06,702,2755,8525,426,0.7436331399097357,0.20306624240671103,0.6223404255319149,0.24423758865248227,0.7557624113475178
8951,YLR176C YLR283W,0.0,NA,8.052300472627394e-06,702,2754,8526,426,0.7437137330754352,0.203125,0.6223404255319149,0.24414893617021277,0.7558510638297873
8952,YOR038C YMR247C,0.0,NA,8.099458682409022e-06,702,2753,8527,426,0.7437943262411347,0.20318379160636757,0.6223404255319149,0.24406028368794327,0.7559397163120567
8953,YML055W YJL113W,1.0,NA,8.127437467919663e-06,701,2753,8527,427,0.7437137330754352,0.20295309785755647,0.6214539007092199,0.24406028368794327,0.7559397163120567
8954,YLR045C YOL111C,0.0,NA,8.145617357513402e-06,701,2752,8528,427,0.7437943262411347,0.20301187373298582,0.6214539007092199,0.24397163120567375,0.7560283687943262
8955,YNL330C YOR316C,0.0,NA,8.152028385666199e-06,701,2751,8529,427,0.7438749194068343,0.20307068366164543,0.6214539007092199,0.24388297872340425,0.7561170212765957
8956,YLR088W YDR331W,1.0,NA,8.171636181941722e-06,700,2751,8529,428,0.7437943262411347,0.2028397565922921,0.6205673758865248,0.24388297872340425,0.7561170212765957
8957,YOR391C YKL134C,1.0,NA,8.174987669917755e-06,699,2751,8529,429,0.7437137330754352,0.2026086956521739,0.6196808510638298,0.24388297872340425,0.7561170212765957
8958,YDL064W YBR173C,0.0,NA,8.213560249714646e-06,699,2750,8530,429,0.7437943262411347,0.2026674398376341,0.6196808510638298,0.24379432624113476,0.7562056737588653
8959,YKL112W YIL144W,0.0,NA,8.21876346890349e-06,699,2749,8531,429,0.7438749194068343,0.20272621809744779,0.6196808510638298,0.24370567375886526,0.7562943262411348
8960,YMR286W YFL029C,0.0,NA,8.227680154959671e-06,699,2748,8532,429,0.7439555125725339,0.20278503046127067,0.6196808510638298,0.24361702127659574,0.7563829787234042
8961,YMR150C YBL005W-B,1.0,NA,8.23275786387967e-06,698,2748,8532,430,0.7438749194068343,0.20255368543238536,0.6187943262411347,0.24361702127659574,0.7563829787234042
8962,YJR141W YDR422C,0.0,NA,8.235585482907481e-06,698,2747,8533,430,0.7439555125725339,0.20261248185776487,0.6187943262411347,0.24352836879432624,0.7564716312056737
8963,YJL052W YKL052C,0.0,NA,8.310727025673259e-06,698,2746,8534,430,0.7440361057382334,0.20267131242741,0.6187943262411347,0.24343971631205674,0.7565602836879433
8964,YBR132C YKL017C,0.0,NA,8.32924615679076e-06,698,2745,8535,430,0.744116698903933,0.20273017717107175,0.6187943262411347,0.24335106382978725,0.7566489361702128
8965,YIR014W YOL003C,0.0,NA,8.401299965044018e-06,698,2744,8536,430,0.7441972920696325,0.20278907611853572,0.6187943262411347,0.24326241134751772,0.7567375886524823
8966,YNL239W YDR533C,1.0,NA,8.401476407016162e-06,697,2744,8536,431,0.744116698903933,0.20255739610578322,0.6179078014184397,0.24326241134751772,0.7567375886524823
8967,YDR501W YML132W,0.0,NA,8.419957339356188e-06,697,2743,8537,431,0.7441972920696325,0.20261627906976745,0.6179078014184397,0.24317375886524822,0.7568262411347517
8968,YDL088C YPR107C,0.0,NA,8.470325155940372e-06,697,2742,8538,431,0.744277885235332,0.20267519627798777,0.6179078014184397,0.24308510638297873,0.7569148936170212
8969,YPL159C YJR074W,0.0,NA,8.501223419443704e-06,697,2741,8539,431,0.7443584784010316,0.20273414776032578,0.6179078014184397,0.24299645390070923,0.7570035460992908
8970,YJR153W YDL244W,0.0,NA,8.517875357938465e-06,697,2740,8540,431,0.7444390715667312,0.2027931335466977,0.6179078014184397,0.2429078014184397,0.7570921985815603
8971,YDR185C YJR135W-A,0.0,NA,8.519451512256637e-06,697,2739,8541,431,0.7445196647324307,0.20285215366705472,0.6179078014184397,0.2428191489361702,0.7571808510638298
8972,YCR084C YKL201C,0.0,NA,8.52415723784361e-06,697,2738,8542,431,0.7446002578981302,0.20291120815138283,0.6179078014184397,0.2427304964539007,0.7572695035460993
8973,YBR126W-A YBR163W,0.0,NA,8.527174031769391e-06,697,2737,8543,431,0.7446808510638298,0.20297029702970298,0.6179078014184397,0.24264184397163122,0.7573581560283688
8974,YPL119C YIL013C,0.0,NA,8.546231583750341e-06,697,2736,8544,431,0.7447614442295294,0.20302942033207108,0.6179078014184397,0.2425531914893617,0.7574468085106383
8975,YJL051W YMR309C,0.0,NA,8.551881364837755e-06,697,2735,8545,431,0.7448420373952289,0.20308857808857808,0.6179078014184397,0.2424645390070922,0.7575354609929078
8976,YOR254C YNL124W,0.0,NA,8.559576599509455e-06,697,2734,8546,431,0.7449226305609284,0.20314777032935005,0.6179078014184397,0.2423758865248227,0.7576241134751773
8977,YIL087C YCL066W,0.0,NA,8.579361747251824e-06,697,2733,8547,431,0.745003223726628,0.20320699708454812,0.6179078014184397,0.2422872340425532,0.7577127659574469
8978,YJR135C YNL307C,0.0,NA,8.582143891544547e-06,697,2732,8548,431,0.7450838168923275,0.20326625838436863,0.6179078014184397,0.24219858156028368,0.7578014184397163
8979,YGR098C YER151C,1.0,NA,8.597987289249431e-06,696,2732,8548,432,0.745003223726628,0.20303383897316218,0.6170212765957447,0.24219858156028368,0.7578014184397163
8980,YLR274W YDR346C,0.0,NA,8.606354640505742e-06,696,2731,8549,432,0.7450838168923275,0.20309308433031806,0.6170212765957447,0.24210992907801418,0.7578900709219858
8981,YER110C YIR018W,0.0,NA,8.64831599756144e-06,696,2730,8550,432,0.745164410058027,0.2031523642732049,0.6170212765957447,0.24202127659574468,0.7579787234042553
8982,YPR072W YAL024C,0.0,NA,8.655791134515312e-06,696,2729,8551,432,0.7452450032237267,0.2032116788321168,0.6170212765957447,0.2419326241134752,0.7580673758865248
8983,YBR222C YJR144W,0.0,NA,8.66953814693261e-06,696,2728,8552,432,0.7453255963894262,0.20327102803738317,0.6170212765957447,0.24184397163120566,0.7581560283687944
8984,YPL104W YDR501W,0.0,NA,8.702830200491007e-06,696,2727,8553,432,0.7454061895551257,0.203330411919369,0.6170212765957447,0.24175531914893617,0.7582446808510638
8985,YDL064W YML102W,0.0,NA,8.709264875506051e-06,696,2726,8554,432,0.7454867827208252,0.2033898305084746,0.6170212765957447,0.24166666666666667,0.7583333333333333
8986,YOR193W YNL042W,0.0,NA,8.716834599908907e-06,696,2725,8555,432,0.7455673758865248,0.2034492838351359,0.6170212765957447,0.24157801418439717,0.7584219858156028
8987,YDR272W YMR220W,0.0,NA,8.762007382756565e-06,696,2724,8556,432,0.7456479690522244,0.20350877192982456,0.6170212765957447,0.24148936170212765,0.7585106382978724
8988,YKL173W YMR156C,0.0,NA,8.764413905737456e-06,696,2723,8557,432,0.7457285622179239,0.20356829482304767,0.6170212765957447,0.24140070921985815,0.7585992907801419
8989,YNL019C YPL233W,0.0,NA,8.806851838016883e-06,696,2722,8558,432,0.7458091553836235,0.20362785254534815,0.6170212765957447,0.24131205673758865,0.7586879432624114
8990,YMR227C YCR026C,0.0,NA,8.833339052216616e-06,696,2721,8559,432,0.745889748549323,0.20368744512730466,0.6170212765957447,0.24122340425531916,0.7587765957446808
8991,YMR163C YKL122C,0.0,NA,8.855690794007387e-06,696,2720,8560,432,0.7459703417150225,0.20374707259953162,0.6170212765957447,0.24113475177304963,0.7588652482269503
8992,YLR088W YGL203C,1.0,NA,8.863793482305482e-06,695,2720,8560,433,0.745889748549323,0.20351390922401172,0.6161347517730497,0.24113475177304963,0.7588652482269503
8993,YDR541C YKL001C,0.0,NA,8.884062481229194e-06,695,2719,8561,433,0.7459703417150225,0.2035735207967194,0.6161347517730497,0.24104609929078014,0.7589539007092199
8994,YMR056C YOR107W,0.0,NA,8.918450475903228e-06,695,2718,8562,433,0.7460509348807222,0.20363316730149428,0.6161347517730497,0.24095744680851064,0.7590425531914894
8995,YDL012C YKL052C,0.0,NA,8.92962452780921e-06,695,2717,8563,433,0.7461315280464217,0.20369284876905042,0.6161347517730497,0.24086879432624114,0.7591312056737589
8996,YKL139W YJR133W,0.0,NA,8.983462066680659e-06,695,2716,8564,433,0.7462121212121212,0.2037525652301378,0.6161347517730497,0.24078014184397162,0.7592198581560283
8997,YPL130W YDR038C,0.0,NA,8.999780220619868e-06,695,2715,8565,433,0.7462927143778207,0.20381231671554254,0.6161347517730497,0.24069148936170212,0.7593085106382979
8998,YOR291W YDR034C,0.0,NA,9.026048246596474e-06,695,2714,8566,433,0.7463733075435203,0.20387210325608682,0.6161347517730497,0.24060283687943262,0.7593971631205674
8999,YNL310C YLR117C,0.0,NA,9.068022336577997e-06,695,2713,8567,433,0.7464539007092199,0.2039319248826291,0.6161347517730497,0.24051418439716313,0.7594858156028369
9000,YKR020W YGR006W,0.0,NA,9.072624379768968e-06,695,2712,8568,433,0.7465344938749194,0.203991781626064,0.6161347517730497,0.2404255319148936,0.7595744680851064
9001,YCR105W YJR090C,0.0,NA,9.099901944864541e-06,695,2711,8569,433,0.746615087040619,0.20405167351732237,0.6161347517730497,0.2403368794326241,0.7596631205673758
9002,YJL066C YPR032W,0.0,NA,9.14557767828228e-06,695,2710,8570,433,0.7466956802063185,0.20411160058737152,0.6161347517730497,0.2402482269503546,0.7597517730496454
9003,YNL199C YHR143W,0.0,NA,9.1780093498528e-06,695,2709,8571,433,0.746776273372018,0.20417156286721505,0.6161347517730497,0.2401595744680851,0.7598404255319149
9004,YDR316W YAR019C,0.0,NA,9.21428272704361e-06,695,2708,8572,433,0.7468568665377177,0.20423156038789303,0.6161347517730497,0.24007092198581562,0.7599290780141844
9005,YNL326C YNL225C,0.0,NA,9.27225028135581e-06,695,2707,8573,433,0.7469374597034172,0.20429159318048207,0.6161347517730497,0.2399822695035461,0.7600177304964539
9006,YGR220C YDR361C,0.0,NA,9.277300705434754e-06,695,2706,8574,433,0.7470180528691167,0.20435166127609528,0.6161347517730497,0.2398936170212766,0.7601063829787233
9007,YJL030W YLR209C,0.0,NA,9.293798029830214e-06,695,2705,8575,433,0.7470986460348162,0.20441176470588235,0.6161347517730497,0.2398049645390071,0.7601950354609929
9008,YKL011C YJL094C,0.0,NA,9.394905646331608e-06,695,2704,8576,433,0.7471792392005158,0.20447190350102973,0.6161347517730497,0.2397163120567376,0.7602836879432624
9009,YGR165W YPR072W,0.0,NA,9.415732165507507e-06,695,2703,8577,433,0.7472598323662153,0.20453207769276044,0.6161347517730497,0.23962765957446808,0.7603723404255319
9010,YPL159C YOL111C,0.0,NA,9.426847100257874e-06,695,2702,8578,433,0.7473404255319149,0.20459228731233442,0.6161347517730497,0.23953900709219858,0.7604609929078014
9011,YOR193W YLR445W,0.0,NA,9.479937943979166e-06,695,2701,8579,433,0.7474210186976145,0.2046525323910483,0.6161347517730497,0.23945035460992908,0.760549645390071
9012,YIL091C YDR536W,0.0,NA,9.540777682559565e-06,695,2700,8580,433,0.747501611863314,0.20471281296023564,0.6161347517730497,0.2393617021276596,0.7606382978723404
9013,YGR098C YOR391C,1.0,NA,9.545355169393588e-06,694,2700,8580,434,0.7474210186976145,0.20447849145550973,0.6152482269503546,0.2393617021276596,0.7606382978723404
9014,YHR107C YGR213C,0.0,NA,9.556058103044052e-06,694,2699,8581,434,0.747501611863314,0.2045387562628942,0.6152482269503546,0.23927304964539006,0.7607269503546099
9015,YDR517W YDR313C,0.0,NA,9.571525879437104e-06,694,2698,8582,434,0.7475822050290135,0.2045990566037736,0.6152482269503546,0.23918439716312057,0.7608156028368794
9016,YOL116W YOR047C,0.0,NA,9.59020144364331e-06,694,2697,8583,434,0.747662798194713,0.2046593925095842,0.6152482269503546,0.23909574468085107,0.760904255319149
9017,YOR391C YBL005W-B,1.0,NA,9.594565199222416e-06,693,2697,8583,435,0.7475822050290135,0.20442477876106194,0.6143617021276596,0.23909574468085107,0.760904255319149
9018,YER081W YJR161C,0.0,NA,9.611901987227611e-06,693,2696,8584,435,0.747662798194713,0.20448509884921806,0.6143617021276596,0.23900709219858157,0.7609929078014185
9019,YHR200W YFR006W,1.0,NA,9.658857379690744e-06,692,2696,8584,436,0.7475822050290135,0.20425029515938606,0.6134751773049646,0.23900709219858157,0.7609929078014185
9020,YGR142W YOR316C,0.0,NA,9.659815077611711e-06,692,2695,8585,436,0.747662798194713,0.20431059935045764,0.6134751773049646,0.23891843971631205,0.7610815602836879
9021,YDL076C YNL156C,0.0,NA,9.666948244557716e-06,692,2694,8586,436,0.7477433913604127,0.2043709391612522,0.6134751773049646,0.23882978723404255,0.7611702127659574
9022,YEL012W YBR228W,0.0,NA,9.742757356434595e-06,692,2693,8587,436,0.7478239845261122,0.20443131462333824,0.6134751773049646,0.23874113475177305,0.761258865248227
9023,YDR331W YBL067C,1.0,NA,9.766898074303754e-06,691,2693,8587,437,0.7477433913604127,0.20419621749408984,0.6125886524822695,0.23874113475177305,0.761258865248227
9024,YNL199C YAL027W,0.0,NA,9.773373676580377e-06,691,2692,8588,437,0.7478239845261122,0.20425657700266037,0.6125886524822695,0.23865248226950356,0.7613475177304965
9025,YMR221C YER124C,0.0,NA,9.784163921722211e-06,691,2691,8589,437,0.7479045776918117,0.2043169722057954,0.6125886524822695,0.23856382978723403,0.761436170212766
9026,YBL018C YDR451C,0.0,NA,9.808491086005233e-06,691,2690,8590,437,0.7479851708575113,0.2043774031351671,0.6125886524822695,0.23847517730496454,0.7615248226950354
9027,YCR041W YKR063C,0.0,NA,9.809921721171122e-06,691,2689,8591,437,0.7480657640232108,0.2044378698224852,0.6125886524822695,0.23838652482269504,0.7616134751773049
9028,YDL137W YLR445W,0.0,NA,9.848063200479373e-06,691,2688,8592,437,0.7481463571889104,0.20449837229949688,0.6125886524822695,0.23829787234042554,0.7617021276595745
9029,YNR048W YNL307C,0.0,NA,9.857647455646656e-06,691,2687,8593,437,0.74822695035461,0.20455891059798698,0.6125886524822695,0.23820921985815602,0.761790780141844
9030,YDR460W YLR261C,0.0,NA,9.896002666209824e-06,691,2686,8594,437,0.7483075435203095,0.2046194847497779,0.6125886524822695,0.23812056737588652,0.7618794326241135
9031,YER102W YCL066W,0.0,NA,9.957906513591297e-06,691,2685,8595,437,0.748388136686009,0.20468009478672985,0.6125886524822695,0.23803191489361702,0.761968085106383
9032,YJL023C YHR124W,0.0,NA,9.961202522390522e-06,691,2684,8596,437,0.7484687298517085,0.20474074074074075,0.6125886524822695,0.23794326241134753,0.7620567375886524
9033,YMR078C YOR125C,0.0,NA,9.963197953766212e-06,691,2683,8597,437,0.7485493230174082,0.2048014226437463,0.6125886524822695,0.237854609929078,0.762145390070922
9034,YLR005W YOR213C,0.0,NA,9.991353181248996e-06,691,2682,8598,437,0.7486299161831077,0.20486214052772014,0.6125886524822695,0.2377659574468085,0.7622340425531915
9035,YKL132C YKL126W,0.0,NA,1.0053508049168158e-05,691,2681,8599,437,0.7487105093488072,0.2049228944246738,0.6125886524822695,0.237677304964539,0.762322695035461
9036,YIR018W YML098W,0.0,NA,1.0066796676255763e-05,691,2680,8600,437,0.7487911025145068,0.2049836843666568,0.6125886524822695,0.2375886524822695,0.7624113475177305
9037,YIL088C YBR176W,0.0,NA,1.0135180673387367e-05,691,2679,8601,437,0.7488716956802063,0.2050445103857567,0.6125886524822695,0.2375,0.7625
9038,YDL106C YOR355W,0.0,NA,1.0168250810238533e-05,691,2678,8602,437,0.7489522888459059,0.20510537251409913,0.6125886524822695,0.2374113475177305,0.7625886524822695
9039,YDL229W YKL220C,0.0,NA,1.0185837709286716e-05,691,2677,8603,437,0.7490328820116054,0.20516627078384797,0.6125886524822695,0.237322695035461,0.762677304964539
9040,YGR261C YDR541C,0.0,NA,1.0213891073362902e-05,691,2676,8604,437,0.749113475177305,0.20522720522720522,0.6125886524822695,0.2372340425531915,0.7627659574468085
9041,YPL101W YDR519W,0.0,NA,1.0328927601221949e-05,691,2675,8605,437,0.7491940683430045,0.20528817587641118,0.6125886524822695,0.23714539007092197,0.762854609929078
9042,YPR030W YIR021W,0.0,NA,1.0347719580749981e-05,691,2674,8606,437,0.749274661508704,0.20534918276374442,0.6125886524822695,0.23705673758865248,0.7629432624113475
9043,YKR105C YOR299W,0.0,NA,1.042460098688025e-05,691,2673,8607,437,0.7493552546744036,0.205410225921522,0.6125886524822695,0.23696808510638298,0.763031914893617
9044,YGL195W YLL027W,0.0,NA,1.0428409950691275e-05,691,2672,8608,437,0.7494358478401032,0.20547130538209932,0.6125886524822695,0.23687943262411348,0.7631205673758865
9045,YHR200W YOR391C,1.0,NA,1.0444384315633215e-05,690,2672,8608,438,0.7493552546744036,0.20523497917906008,0.6117021276595744,0.23687943262411348,0.7631205673758865
9046,YPR070W YMR196W,0.0,NA,1.0448907232785132e-05,690,2671,8609,438,0.7494358478401032,0.20529604284439154,0.6117021276595744,0.23679078014184396,0.763209219858156
9047,YDR533C YER078C,1.0,NA,1.0462827049195766e-05,689,2671,8609,439,0.7493552546744036,0.2050595238095238,0.6108156028368794,0.23679078014184396,0.763209219858156
9048,YOR257W YOR357C,0.0,NA,1.0492083674762398e-05,689,2670,8610,439,0.7494358478401032,0.2051205715986901,0.6108156028368794,0.23670212765957446,0.7632978723404256
9049,YJL201W YKR035W-A,0.0,NA,1.0545953045948409e-05,689,2669,8611,439,0.7495164410058027,0.20518165574746874,0.6108156028368794,0.23661347517730497,0.7633865248226951
9050,YML022W YPL239W,0.0,NA,1.0631747500156052e-05,689,2668,8612,439,0.7495970341715023,0.2052427762883527,0.6108156028368794,0.23652482269503547,0.7634751773049645
9051,YMR142C YNL326C,0.0,NA,1.0703151929192245e-05,689,2667,8613,439,0.7496776273372018,0.20530393325387367,0.6108156028368794,0.23643617021276594,0.763563829787234
9052,YDL104C YBL005W-B,1.0,NA,1.0705091881391127e-05,688,2667,8613,440,0.7495970341715023,0.20506706408345754,0.6099290780141844,0.23643617021276594,0.763563829787234
9053,YER151C YBL005W-B,1.0,NA,1.0749378816399258e-05,687,2667,8613,441,0.7495164410058027,0.20483005366726298,0.6090425531914894,0.23643617021276594,0.763563829787234
9054,YOL113W YNL119W,0.0,NA,1.0812897926371079e-05,687,2666,8614,441,0.7495970341715023,0.2048911422606621,0.6090425531914894,0.23634751773049645,0.7636524822695036
9055,YPR069C YLR203C,0.0,NA,1.0831537110789213e-05,687,2665,8615,441,0.7496776273372018,0.20495226730310262,0.6090425531914894,0.23625886524822695,0.7637411347517731
9056,YPL145C YBL098W,0.0,NA,1.0868310710065998e-05,687,2664,8616,441,0.7497582205029013,0.20501342882721577,0.6090425531914894,0.23617021276595745,0.7638297872340426
9057,YML103C YPR107C,0.0,NA,1.0932032637356315e-05,687,2663,8617,441,0.749838813668601,0.20507462686567166,0.6090425531914894,0.23608156028368793,0.763918439716312
9058,YMR025W YBL020W,0.0,NA,1.0933596968243364e-05,687,2662,8618,441,0.7499194068343005,0.20513586145117946,0.6090425531914894,0.23599290780141843,0.7640070921985815
9059,YGR143W YNL118C,0.0,NA,1.09354105006787e-05,687,2661,8619,441,0.75,0.20519713261648745,0.6090425531914894,0.23590425531914894,0.7640957446808511
9060,YCR041W YPL031C,0.0,NA,1.0970768926199526e-05,687,2660,8620,441,0.7500805931656995,0.20525844039438304,0.6090425531914894,0.23581560283687944,0.7641843971631206
9061,YKL220C YML003W,0.0,NA,1.0996274795616046e-05,687,2659,8621,441,0.750161186331399,0.20531978481769278,0.6090425531914894,0.23572695035460992,0.7642730496453901
9062,YDR506C YKL051W,0.0,NA,1.1001277925970498e-05,687,2658,8622,441,0.7502417794970987,0.20538116591928252,0.6090425531914894,0.23563829787234042,0.7643617021276595
9063,YDR162C YPL103C,0.0,NA,1.1014831216016319e-05,687,2657,8623,441,0.7503223726627982,0.20544258373205743,0.6090425531914894,0.23554964539007092,0.764450354609929
9064,YFL011W YCL044C,0.0,NA,1.1037986041628756e-05,687,2656,8624,441,0.7504029658284977,0.20550403828896202,0.6090425531914894,0.23546099290780143,0.7645390070921986
9065,YKR020W YOL116W,0.0,NA,1.1051078217860777e-05,687,2655,8625,441,0.7504835589941973,0.20556552962298025,0.6090425531914894,0.23537234042553193,0.7646276595744681
9066,YMR010W YCR021C,0.0,NA,1.1063109923270531e-05,687,2654,8626,441,0.7505641521598968,0.20562705776713558,0.6090425531914894,0.2352836879432624,0.7647163120567376
9067,YDR139C YER101C,0.0,NA,1.1096076377725694e-05,687,2653,8627,441,0.7506447453255964,0.205688622754491,0.6090425531914894,0.2351950354609929,0.764804964539007
9068,YBR057C YIR032C,0.0,NA,1.1110308150819037e-05,687,2652,8628,441,0.750725338491296,0.20575022461814915,0.6090425531914894,0.2351063829787234,0.7648936170212766
9069,YMR122W-A YJL225C,0.0,NA,1.1130414350191131e-05,687,2651,8629,441,0.7508059316569955,0.20581186339125224,0.6090425531914894,0.2350177304964539,0.7649822695035461
9070,YGR224W YHR176W,0.0,NA,1.1212309800612275e-05,687,2650,8630,441,0.750886524822695,0.2058735391069823,0.6090425531914894,0.2349290780141844,0.7650709219858156
9071,YPR032W YJR004C,0.0,NA,1.1223371075175237e-05,687,2649,8631,441,0.7509671179883946,0.20593525179856115,0.6090425531914894,0.2348404255319149,0.7651595744680851
9072,YJR132W YHL043W,0.0,NA,1.1225544767512474e-05,687,2648,8632,441,0.7510477111540941,0.20599700149925038,0.6090425531914894,0.2347517730496454,0.7652482269503547
9073,YMR272C YNL126W,0.0,NA,1.123139099945547e-05,687,2647,8633,441,0.7511283043197937,0.20605878824235152,0.6090425531914894,0.2346631205673759,0.7653368794326241
9074,YFL062W YMR325W,0.0,NA,1.1294645446469076e-05,687,2646,8634,441,0.7512088974854932,0.20612061206120613,0.6090425531914894,0.23457446808510637,0.7654255319148936
9075,YJR135W-A YPL149W,0.0,NA,1.1321605597913731e-05,687,2645,8635,441,0.7512894906511928,0.20618247298919568,0.6090425531914894,0.23448581560283688,0.7655141843971631
9076,YKL122C YKL119C,0.0,NA,1.1331359928590246e-05,687,2644,8636,441,0.7513700838168923,0.20624437105974183,0.6090425531914894,0.23439716312056738,0.7656028368794326
9077,YGR038W YNL131W,0.0,NA,1.1353231457178481e-05,687,2643,8637,441,0.7514506769825918,0.2063063063063063,0.6090425531914894,0.23430851063829788,0.7656914893617022
9078,YNR055C YPL274W,0.0,NA,1.1372444532753434e-05,687,2642,8638,441,0.7515312701482915,0.2063682787623911,0.6090425531914894,0.23421985815602836,0.7657801418439716
9079,YDR166C YCR028C,0.0,NA,1.1401264600863215e-05,687,2641,8639,441,0.751611863313991,0.20643028846153846,0.6090425531914894,0.23413120567375886,0.7658687943262411
9080,YDR087C YMR277W,0.0,NA,1.1423259820730891e-05,687,2640,8640,441,0.7516924564796905,0.20649233543733092,0.6090425531914894,0.23404255319148937,0.7659574468085106
9081,YGL168W YGR183C,0.0,NA,1.1430419363023248e-05,687,2639,8641,441,0.75177304964539,0.20655441972339147,0.6090425531914894,0.23395390070921987,0.7660460992907802
9082,YBL005W-B YDR434W,1.0,NA,1.144400994235184e-05,686,2639,8641,442,0.7516924564796905,0.2063157894736842,0.6081560283687943,0.23395390070921987,0.7660460992907802
9083,YOR298C-A YAR019C,0.0,NA,1.1450144484115299e-05,686,2638,8642,442,0.75177304964539,0.20637785800240674,0.6081560283687943,0.23386524822695035,0.7661347517730497
9084,YMR159C YDR257C,0.0,NA,1.1464119779702742e-05,686,2637,8643,442,0.7518536428110896,0.20643996388805297,0.6081560283687943,0.23377659574468085,0.7662234042553191
9085,YJL052W YGL004C,0.0,NA,1.1465803254395723e-05,686,2636,8644,442,0.7519342359767892,0.20650210716435882,0.6081560283687943,0.23368794326241135,0.7663120567375886
9086,YOR393W YDL188C,0.0,NA,1.1505432667036075e-05,686,2635,8645,442,0.7520148291424887,0.20656428786510087,0.6081560283687943,0.23359929078014185,0.7664007092198581
9087,YGL054C YKL220C,0.0,NA,1.1522452950885054e-05,686,2634,8646,442,0.7520954223081883,0.20662650602409638,0.6081560283687943,0.23351063829787233,0.7664893617021277
9088,YPR056W YLR137W,0.0,NA,1.1543305845407303e-05,686,2633,8647,442,0.7521760154738878,0.20668876167520336,0.6081560283687943,0.23342198581560283,0.7665780141843972
9089,YHL018W YML076C,0.0,NA,1.1636214367172215e-05,686,2632,8648,442,0.7522566086395873,0.20675105485232068,0.6081560283687943,0.23333333333333334,0.7666666666666667
9090,YMR056C YJL011C,0.0,NA,1.1646971870504785e-05,686,2631,8649,442,0.752337201805287,0.206813385589388,0.6081560283687943,0.23324468085106384,0.7667553191489361
9091,YER160C YGL203C,1.0,NA,1.1655539310595486e-05,685,2631,8649,443,0.7522566086395873,0.2065741857659831,0.6072695035460993,0.23324468085106384,0.7667553191489361
9092,YPL215W YCL029C,0.0,NA,1.165755202237051e-05,685,2630,8650,443,0.752337201805287,0.2066365007541478,0.6072695035460993,0.23315602836879432,0.7668439716312057
9093,YML105C YPR060C,0.0,NA,1.1690415703924373e-05,685,2629,8651,443,0.7524177949709865,0.20669885334942667,0.6072695035460993,0.23306737588652482,0.7669326241134752
9094,YEL065W YLR114C,0.0,NA,1.1706291843438521e-05,685,2628,8652,443,0.752498388136686,0.20676124358587383,0.6072695035460993,0.23297872340425532,0.7670212765957447
9095,YKL139W YJR135W-A,0.0,NA,1.171518124465365e-05,685,2627,8653,443,0.7525789813023855,0.20682367149758454,0.6072695035460993,0.23289007092198583,0.7671099290780142
9096,YDR415C YER078C,1.0,NA,1.1750247722375207e-05,684,2627,8653,444,0.752498388136686,0.20658411356085774,0.6063829787234043,0.23289007092198583,0.7671099290780142
9097,YHR176W YMR309C,0.0,NA,1.1789612472057343e-05,684,2626,8654,444,0.7525789813023855,0.2066465256797583,0.6063829787234043,0.2328014184397163,0.7671985815602836
9098,YJR126C YFR018C,1.0,NA,1.181643528980203e-05,683,2626,8654,445,0.752498388136686,0.20640676941674221,0.6054964539007093,0.2328014184397163,0.7671985815602836
9099,YER144C YDR394W,1.0,NA,1.1819940482382663e-05,682,2626,8654,446,0.7524177949709865,0.20616686819830712,0.6046099290780141,0.2328014184397163,0.7671985815602836
9100,YNL001W YOL052C,0.0,NA,1.1929162610613275e-05,682,2625,8655,446,0.752498388136686,0.20622921076504386,0.6046099290780141,0.2327127659574468,0.7672872340425532
9101,YFL046W YAL054C,0.0,NA,1.195812819787534e-05,682,2624,8656,446,0.7525789813023855,0.20629159104658198,0.6046099290780141,0.2326241134751773,0.7673758865248227
9102,YGR098C YBL067C,1.0,NA,1.196928587887669e-05,681,2624,8656,447,0.752498388136686,0.20605143721633887,0.6037234042553191,0.2326241134751773,0.7673758865248227
9103,YFL054C YNL007C,0.0,NA,1.1995191016467288e-05,681,2623,8657,447,0.7525789813023855,0.20611380145278452,0.6037234042553191,0.2325354609929078,0.7674645390070922
9104,YML075C YKR096W,0.0,NA,1.1999299204035196e-05,681,2622,8658,447,0.7526595744680851,0.2061762034514078,0.6037234042553191,0.2324468085106383,0.7675531914893617
9105,YNL044W YNL271C,0.0,NA,1.20317736218567e-05,681,2621,8659,447,0.7527401676337847,0.20623864324651725,0.6037234042553191,0.2323581560283688,0.7676418439716312
9106,YNL181W YGR229C,0.0,NA,1.2064323527738452e-05,681,2620,8660,447,0.7528207607994842,0.20630112087246288,0.6037234042553191,0.2322695035460993,0.7677304964539007
9107,YDR498C YHR124W,0.0,NA,1.2178847100585699e-05,681,2619,8661,447,0.7529013539651838,0.20636363636363636,0.6037234042553191,0.2321808510638298,0.7678191489361702
9108,YPL096W YMR238W,0.0,NA,1.2187944776087534e-05,681,2618,8662,447,0.7529819471308833,0.20642618975447105,0.6037234042553191,0.23209219858156027,0.7679078014184397
9109,YPL099C YDL018C,0.0,NA,1.2208545740577392e-05,681,2617,8663,447,0.7530625402965828,0.20648878107944207,0.6037234042553191,0.23200354609929077,0.7679964539007093
9110,YHR057C YML004C,0.0,NA,1.2230314496264327e-05,681,2616,8664,447,0.7531431334622823,0.20655141037306643,0.6037234042553191,0.23191489361702128,0.7680851063829788
9111,YGL085W YGL247W,0.0,NA,1.2282022908038925e-05,681,2615,8665,447,0.753223726627982,0.20661407766990292,0.6037234042553191,0.23182624113475178,0.7681737588652482
9112,YGL004C YNL185C,0.0,NA,1.2315731510170735e-05,681,2614,8666,447,0.7533043197936815,0.20667678300455236,0.6037234042553191,0.23173758865248226,0.7682624113475177
9113,YGL222C YBR214W,0.0,NA,1.2334338862274308e-05,681,2613,8667,447,0.753384912959381,0.20673952641165755,0.6037234042553191,0.23164893617021276,0.7683510638297872
9114,YGL005C YGR278W,0.0,NA,1.234571845998289e-05,681,2612,8668,447,0.7534655061250806,0.20680230792590343,0.6037234042553191,0.23156028368794326,0.7684397163120568
9115,YNR032W YAR027W,0.0,NA,1.23832742247032e-05,681,2611,8669,447,0.7535460992907801,0.206865127582017,0.6037234042553191,0.23147163120567377,0.7685283687943263
9116,YEL065W YHR073W,0.0,NA,1.2412158866936807e-05,681,2610,8670,447,0.7536266924564797,0.20692798541476753,0.6037234042553191,0.23138297872340424,0.7686170212765957
9117,YKR028W YLR144C,0.0,NA,1.2459691788535565e-05,681,2609,8671,447,0.7537072856221793,0.20699088145896657,0.6037234042553191,0.23129432624113475,0.7687056737588652
9118,YKR042W YKL135C,0.0,NA,1.2475625226215925e-05,681,2608,8672,447,0.7537878787878788,0.20705381574946793,0.6037234042553191,0.23120567375886525,0.7687943262411348
9119,YDR454C YPL040C,0.0,NA,1.24817170217284e-05,681,2607,8673,447,0.7538684719535783,0.2071167883211679,0.6037234042553191,0.23111702127659575,0.7688829787234043
9120,YPR162C YJR051W,0.0,NA,1.2522481483756565e-05,681,2606,8674,447,0.7539490651192778,0.20717979920900517,0.6037234042553191,0.23102836879432623,0.7689716312056738
9121,YNR076W YLR100W,0.0,NA,1.2539929230115376e-05,681,2605,8675,447,0.7540296582849775,0.20724284844796104,0.6037234042553191,0.23093971631205673,0.7690602836879432
9122,YGR098C YBL005W-B,1.0,NA,1.2583979696501046e-05,680,2605,8675,448,0.7539490651192778,0.2070015220700152,0.6028368794326241,0.23093971631205673,0.7690602836879432
9123,YIL063C YGR141W,0.0,NA,1.2601044545590412e-05,680,2604,8676,448,0.7540296582849775,0.20706455542021923,0.6028368794326241,0.23085106382978723,0.7691489361702127
9124,YNR030W YDL211C,0.0,NA,1.260650151380105e-05,680,2603,8677,448,0.754110251450677,0.20712762717027108,0.6028368794326241,0.23076241134751774,0.7692375886524823
9125,YNR030W YDL193W,0.0,NA,1.267081552214222e-05,680,2602,8678,448,0.7541908446163765,0.2071907373552712,0.6028368794326241,0.23067375886524824,0.7693262411347518
9126,YBR296C YNL160W,0.0,NA,1.267216975975316e-05,680,2601,8679,448,0.7542714377820761,0.20725388601036268,0.6028368794326241,0.23058510638297872,0.7694148936170213
9127,YJL201W YMR145C,0.0,NA,1.268689720745897e-05,680,2600,8680,448,0.7543520309477756,0.2073170731707317,0.6028368794326241,0.23049645390070922,0.7695035460992907
9128,YGR106C YBL018C,0.0,NA,1.2693214557657484e-05,680,2599,8681,448,0.7544326241134752,0.2073802988716072,0.6028368794326241,0.23040780141843972,0.7695921985815602
9129,YIL138C YPL110C,0.0,NA,1.2699378203251399e-05,680,2598,8682,448,0.7545132172791748,0.20744356314826112,0.6028368794326241,0.23031914893617023,0.7696808510638298
9130,YDR197W YJL076W,0.0,NA,1.27039438666543e-05,680,2597,8683,448,0.7545938104448743,0.20750686603600854,0.6028368794326241,0.2302304964539007,0.7697695035460993
9131,YPR186C YOR324C,0.0,NA,1.273366160603473e-05,680,2596,8684,448,0.7546744036105738,0.20757020757020758,0.6028368794326241,0.2301418439716312,0.7698581560283688
9132,YKL132C YDR011W,0.0,NA,1.2740511920128483e-05,680,2595,8685,448,0.7547549967762733,0.20763358778625954,0.6028368794326241,0.2300531914893617,0.7699468085106383
9133,YJR074W YMR278W,0.0,NA,1.2780806173395831e-05,680,2594,8686,448,0.754835589941973,0.20769700671960903,0.6028368794326241,0.2299645390070922,0.7700354609929078
9134,YOR291W YMR272C,0.0,NA,1.2872166735178325e-05,680,2593,8687,448,0.7549161831076725,0.20776046440574397,0.6028368794326241,0.2298758865248227,0.7701241134751773
9135,YGL245W YKL184W,0.0,NA,1.2877618246420752e-05,680,2592,8688,448,0.754996776273372,0.2078239608801956,0.6028368794326241,0.2297872340425532,0.7702127659574468
9136,YHR068W YHR009C,0.0,NA,1.2920796507387422e-05,680,2591,8689,448,0.7550773694390716,0.20788749617853866,0.6028368794326241,0.2296985815602837,0.7703014184397163
9137,YDR182W YPR107C,0.0,NA,1.2921917914354708e-05,680,2590,8690,448,0.7551579626047711,0.20795107033639143,0.6028368794326241,0.2296099290780142,0.7703900709219859
9138,YML022W YNL291C,0.0,NA,1.3030954505666159e-05,680,2589,8691,448,0.7552385557704706,0.20801468338941573,0.6028368794326241,0.22952127659574467,0.7704787234042553
9139,YDL035C YLR100W,0.0,NA,1.303642329730792e-05,680,2588,8692,448,0.7553191489361702,0.20807833537331702,0.6028368794326241,0.22943262411347518,0.7705673758865248
9140,YER053C YLR436C,0.0,NA,1.303774206462549e-05,680,2587,8693,448,0.7553997421018698,0.20814202632384451,0.6028368794326241,0.22934397163120568,0.7706560283687943
9141,YNR009W YGL257C,0.0,NA,1.3074771231913473e-05,680,2586,8694,448,0.7554803352675693,0.2082057562767912,0.6028368794326241,0.22925531914893618,0.7707446808510638
9142,YJR127C YFL052W,0.0,NA,1.3118510651111137e-05,680,2585,8695,448,0.7555609284332688,0.2082695252679939,0.6028368794326241,0.22916666666666666,0.7708333333333334
9143,YHL012W YKL146W,0.0,NA,1.3252996723167598e-05,680,2584,8696,448,0.7556415215989684,0.20833333333333334,0.6028368794326241,0.22907801418439716,0.7709219858156028
9144,YGL062W YGR038W,0.0,NA,1.3309599125932436e-05,680,2583,8697,448,0.755722114764668,0.2083971805087343,0.6028368794326241,0.22898936170212766,0.7710106382978723
9145,YJR044C YGR080W,0.0,NA,1.3330763067642692e-05,680,2582,8698,448,0.7558027079303675,0.20846106683016555,0.6028368794326241,0.22890070921985817,0.7710992907801418
9146,YDR405W YGL143C,0.0,NA,1.3333051356312353e-05,680,2581,8699,448,0.755883301096067,0.20852499233364,0.6028368794326241,0.22881205673758864,0.7711879432624114
9147,YGR105W YDR137W,0.0,NA,1.3357499483390711e-05,680,2580,8700,448,0.7559638942617666,0.2085889570552147,0.6028368794326241,0.22872340425531915,0.7712765957446809
9148,YGR132C YOR253W,0.0,NA,1.3395744645094965e-05,680,2579,8701,448,0.7560444874274661,0.2086529610309911,0.6028368794326241,0.22863475177304965,0.7713652482269504
9149,YNL181W YMR032W,0.0,NA,1.3410137398750521e-05,680,2578,8702,448,0.7561250805931657,0.2087170042971148,0.6028368794326241,0.22854609929078015,0.7714539007092198
9150,YNL127W YDR428C,0.0,NA,1.3425094948615879e-05,680,2577,8703,448,0.7562056737588653,0.20878108688977587,0.6028368794326241,0.22845744680851063,0.7715425531914893
9151,YBR029C YLR315W,0.0,NA,1.34366991915158e-05,680,2576,8704,448,0.7562862669245648,0.20884520884520885,0.6028368794326241,0.22836879432624113,0.7716312056737589
9152,YIL063C YOR061W,0.0,NA,1.3438519090414047e-05,680,2575,8705,448,0.7563668600902643,0.20890937019969277,0.6028368794326241,0.22828014184397163,0.7717198581560284
9153,YOL153C YOR304C-A,0.0,NA,1.354803862341214e-05,680,2574,8706,448,0.7564474532559639,0.20897357098955133,0.6028368794326241,0.22819148936170214,0.7718085106382979
9154,YBL030C YJL210W,0.0,NA,1.3588008187070955e-05,680,2573,8707,448,0.7565280464216635,0.20903781125115278,0.6028368794326241,0.2281028368794326,0.7718971631205673
9155,YNL327W YLR438C-A,0.0,NA,1.3598261830338743e-05,680,2572,8708,448,0.756608639587363,0.2091020910209102,0.6028368794326241,0.22801418439716312,0.7719858156028369
9156,YGR091W YJL165C,0.0,NA,1.3618455341202207e-05,680,2571,8709,448,0.7566892327530625,0.20916641033528144,0.6028368794326241,0.22792553191489362,0.7720744680851064
9157,YBL024W YKL052C,0.0,NA,1.3695180314243771e-05,680,2570,8710,448,0.7567698259187621,0.20923076923076922,0.6028368794326241,0.22783687943262412,0.7721631205673759
9158,YGL097W YJL002C,0.0,NA,1.3742303963226732e-05,680,2569,8711,448,0.7568504190844616,0.2092951677439212,0.6028368794326241,0.2277482269503546,0.7722517730496454
9159,YGR296W YKR020W,0.0,NA,1.384774805046618e-05,680,2568,8712,448,0.7569310122501612,0.20935960591133004,0.6028368794326241,0.2276595744680851,0.7723404255319148
9160,YPL250C YBR201W,0.0,NA,1.3852013580617495e-05,680,2567,8713,448,0.7570116054158608,0.2094240837696335,0.6028368794326241,0.2275709219858156,0.7724290780141844
9161,YKR055W YKL188C,0.0,NA,1.3855025827069767e-05,680,2566,8714,448,0.7570921985815603,0.20948860135551448,0.6028368794326241,0.2274822695035461,0.7725177304964539
9162,YNL326C YGL257C,0.0,NA,1.387253087159479e-05,680,2565,8715,448,0.7571727917472598,0.20955315870570107,0.6028368794326241,0.22739361702127658,0.7726063829787234
9163,YLL027W YJR094W-A,0.0,NA,1.3941124052507803e-05,680,2564,8716,448,0.7572533849129593,0.2096177558569667,0.6028368794326241,0.2273049645390071,0.7726950354609929
9164,YMR267W YGL090W,0.0,NA,1.3993138963996898e-05,680,2563,8717,448,0.7573339780786589,0.20968239284613013,0.6028368794326241,0.2272163120567376,0.7727836879432625
9165,YKL011C YOL070C,0.0,NA,1.4027717043063603e-05,680,2562,8718,448,0.7574145712443585,0.20974706971005552,0.6028368794326241,0.2271276595744681,0.7728723404255319
9166,YJR135W-A YOR349W,0.0,NA,1.4041677786735818e-05,680,2561,8719,448,0.757495164410058,0.20981178648565257,0.6028368794326241,0.22703900709219857,0.7729609929078014
9167,YJL165C YOR348C,0.0,NA,1.4044677300262265e-05,680,2560,8720,448,0.7575757575757576,0.20987654320987653,0.6028368794326241,0.22695035460992907,0.7730496453900709
9168,YNL121C YOR264W,0.0,NA,1.4057326552574523e-05,680,2559,8721,448,0.7576563507414571,0.2099413399197283,0.6028368794326241,0.22686170212765958,0.7731382978723405
9169,YGR281W YOR080W,0.0,NA,1.40774236569996e-05,680,2558,8722,448,0.7577369439071566,0.2100061766522545,0.6028368794326241,0.22677304964539008,0.77322695035461
9170,YOL113W YLR262C,0.0,NA,1.4102711247687694e-05,680,2557,8723,448,0.7578175370728563,0.21007105344454743,0.6028368794326241,0.22668439716312055,0.7733156028368794
9171,YGL012W YLL013C,0.0,NA,1.4121230378805194e-05,680,2556,8724,448,0.7578981302385558,0.21013597033374537,0.6028368794326241,0.22659574468085106,0.7734042553191489
9172,YLR209C YNL030W,0.0,NA,1.4146866305964068e-05,680,2555,8725,448,0.7579787234042553,0.21020092735703247,0.6028368794326241,0.22650709219858156,0.7734929078014184
9173,YPL233W YJL002C,0.0,NA,1.4169793757901061e-05,680,2554,8726,448,0.7580593165699548,0.21026592455163884,0.6028368794326241,0.22641843971631206,0.773581560283688
9174,YIL008W YBL092W,0.0,NA,1.4224153346731327e-05,680,2553,8727,448,0.7581399097356544,0.21033096195484072,0.6028368794326241,0.22632978723404254,0.7736702127659575
9175,YDR171W YPR115W,0.0,NA,1.4255318092182279e-05,680,2552,8728,448,0.758220502901354,0.2103960396039604,0.6028368794326241,0.22624113475177304,0.7737588652482269
9176,YCR041W YLR430W,0.0,NA,1.4264021956478246e-05,680,2551,8729,448,0.7583010960670535,0.21046115753636646,0.6028368794326241,0.22615248226950355,0.7738475177304964
9177,YLR375W YEL020C,0.0,NA,1.4268321137933526e-05,680,2550,8730,448,0.7583816892327531,0.21052631578947367,0.6028368794326241,0.22606382978723405,0.773936170212766
9178,YOL165C YNL131W,0.0,NA,1.429034091415815e-05,680,2549,8731,448,0.7584622823984526,0.21059151440074325,0.6028368794326241,0.22597517730496453,0.7740248226950355
9179,YBR207W YHR073W,0.0,NA,1.4335959349409677e-05,680,2548,8732,448,0.7585428755641521,0.21065675340768278,0.6028368794326241,0.22588652482269503,0.774113475177305
9180,YLR072W YGR042W,0.0,NA,1.4492045011138543e-05,680,2547,8733,448,0.7586234687298518,0.2107220328478463,0.6028368794326241,0.22579787234042553,0.7742021276595744
9181,YIL087C YHR083W,0.0,NA,1.4534286492562387e-05,680,2546,8734,448,0.7587040618955513,0.21078735275883448,0.6028368794326241,0.22570921985815603,0.7742907801418439
9182,YDR394W YJL172W,1.0,NA,1.453543700336013e-05,679,2546,8734,449,0.7586234687298518,0.21054263565891473,0.6019503546099291,0.22570921985815603,0.7742907801418439
9183,YLR387C YKL126W,0.0,NA,1.4566519894287921e-05,679,2545,8735,449,0.7587040618955513,0.21060794044665013,0.6019503546099291,0.22562056737588654,0.7743794326241135
9184,YDR096W YCR028C,0.0,NA,1.4574397937394679e-05,679,2544,8736,449,0.7587846550612508,0.21067328575861,0.6019503546099291,0.225531914893617,0.774468085106383
9185,YDR240C YOL003C,0.0,NA,1.465073637518799e-05,679,2543,8737,449,0.7588652482269503,0.21073867163252638,0.6019503546099291,0.22544326241134752,0.7745567375886525
9186,YGR263C YGL238W,0.0,NA,1.4651184756075963e-05,679,2542,8738,449,0.7589458413926499,0.2108040981061782,0.6019503546099291,0.22535460992907802,0.774645390070922
9187,YML015C YPL016W,0.0,NA,1.4714965800521895e-05,679,2541,8739,449,0.7590264345583495,0.2108695652173913,0.6019503546099291,0.22526595744680852,0.7747340425531914
9188,YER160C YLR163C,1.0,NA,1.4787413419981021e-05,678,2541,8739,450,0.7589458413926499,0.21062441752096925,0.601063829787234,0.22526595744680852,0.7747340425531914
9189,YGL168W YPL062W,0.0,NA,1.4787582585995551e-05,678,2540,8740,450,0.7590264345583495,0.21068986948415164,0.601063829787234,0.225177304964539,0.774822695035461
9190,YGL083W YDR363W-A,0.0,NA,1.4924284187145531e-05,678,2539,8741,450,0.759107027724049,0.2107553621386385,0.601063829787234,0.2250886524822695,0.7749113475177305
9191,YDR533C YLR163C,1.0,NA,1.5023989362816792e-05,677,2539,8741,451,0.7590264345583495,0.2105099502487562,0.600177304964539,0.2250886524822695,0.7749113475177305
9192,YPL274W YER102W,0.0,NA,1.5061373233038466e-05,677,2538,8742,451,0.759107027724049,0.21057542768273718,0.600177304964539,0.225,0.775
9193,YDL088C YBL057C,0.0,NA,1.5117870134417899e-05,677,2537,8743,451,0.7591876208897486,0.2106409458618544,0.600177304964539,0.2249113475177305,0.7750886524822695
9194,YJL210W YOL132W,0.0,NA,1.5158177120611072e-05,677,2536,8744,451,0.7592682140554481,0.21070650482415187,0.600177304964539,0.22482269503546098,0.775177304964539
9195,YBR301W YCR021C,0.0,NA,1.522747606941266e-05,677,2535,8745,451,0.7593488072211476,0.21077210460772106,0.600177304964539,0.2247340425531915,0.7752659574468085
9196,YNL125C YMR134W,0.0,NA,1.5230293683998752e-05,677,2534,8746,451,0.7594294003868471,0.2108377452507007,0.600177304964539,0.224645390070922,0.775354609929078
9197,YKL011C YOR337W,0.0,NA,1.5244228961819317e-05,677,2533,8747,451,0.7595099935525468,0.21090342679127727,0.600177304964539,0.2245567375886525,0.7754432624113475
9198,YOR264W YOL111C,0.0,NA,1.5254364370775875e-05,677,2532,8748,451,0.7595905867182463,0.21096914926768465,0.600177304964539,0.22446808510638297,0.7755319148936171
9199,YPL175W YMR032W,0.0,NA,1.5307248759199865e-05,677,2531,8749,451,0.7596711798839458,0.2110349127182045,0.600177304964539,0.22437943262411347,0.7756205673758865
9200,YGR131W YER035W,0.0,NA,1.531161615275778e-05,677,2530,8750,451,0.7597517730496454,0.2111007171811662,0.600177304964539,0.22429078014184398,0.775709219858156
9201,YGR263C YML103C,0.0,NA,1.540726407256443e-05,677,2529,8751,451,0.7598323662153449,0.21116656269494696,0.600177304964539,0.22420212765957448,0.7757978723404255
9202,YOR273C YER124C,0.0,NA,1.557918767502997e-05,677,2528,8752,451,0.7599129593810445,0.2112324492979719,0.600177304964539,0.22411347517730495,0.775886524822695
9203,YGR296W YJL107C,0.0,NA,1.5590556358802132e-05,677,2527,8753,451,0.7599935525467441,0.2112983770287141,0.600177304964539,0.22402482269503546,0.7759751773049646
9204,YPL218W YFL001W,0.0,NA,1.5747065845062025e-05,677,2526,8754,451,0.7600741457124436,0.21136434592569467,0.600177304964539,0.22393617021276596,0.7760638297872341
9205,YKL146W YFR039C,0.0,NA,1.575070018589031e-05,677,2525,8755,451,0.7601547388781431,0.21143035602748284,0.600177304964539,0.22384751773049646,0.7761524822695035
9206,YIL088C YBR168W,0.0,NA,1.578492629050743e-05,677,2524,8756,451,0.7602353320438426,0.21149640737269604,0.600177304964539,0.22375886524822694,0.776241134751773
9207,YCR011C YHR150W,0.0,NA,1.5813491700100712e-05,677,2523,8757,451,0.7603159252095423,0.2115625,0.600177304964539,0.22367021276595744,0.7763297872340426
9208,YPR166C YJR055W,0.0,NA,1.582150252943393e-05,677,2522,8758,451,0.7603965183752418,0.2116286339481088,0.600177304964539,0.22358156028368795,0.7764184397163121
9209,YGL066W YDL126C,0.0,NA,1.5955187336658128e-05,677,2521,8759,451,0.7604771115409413,0.21169480925578488,0.600177304964539,0.22349290780141845,0.7765070921985816
9210,YLR085C YBR207W,0.0,NA,1.5979490854078904e-05,677,2520,8760,451,0.7605577047066409,0.2117610259618392,0.600177304964539,0.22340425531914893,0.776595744680851
9211,YLR360W YMR092C,0.0,NA,1.599388269823976e-05,677,2519,8761,451,0.7606382978723404,0.2118272841051314,0.600177304964539,0.22331560283687943,0.7766843971631205
9212,YOR312C YLR283W,0.0,NA,1.6102774679893628e-05,677,2518,8762,451,0.76071889103804,0.21189358372456965,0.600177304964539,0.22322695035460993,0.7767730496453901
9213,YNL201C YHR030C,0.0,NA,1.6105661416077055e-05,677,2517,8763,451,0.7607994842037396,0.21195992485911083,0.600177304964539,0.22313829787234044,0.7768617021276596
9214,YPR072W YHR064C,0.0,NA,1.6165598935913295e-05,677,2516,8764,451,0.7608800773694391,0.21202630754776072,0.600177304964539,0.2230496453900709,0.7769503546099291
9215,YGR141W YPL110C,0.0,NA,1.6198962839553133e-05,677,2515,8765,451,0.7609606705351386,0.21209273182957394,0.600177304964539,0.22296099290780141,0.7770390070921985
9216,YGR046W YNL126W,0.0,NA,1.624161086510867e-05,677,2514,8766,451,0.7610412637008381,0.21215919774365402,0.600177304964539,0.22287234042553192,0.777127659574468
9217,YOR337W YNL127W,0.0,NA,1.6345436961273663e-05,677,2513,8767,451,0.7611218568665378,0.2122257053291536,0.600177304964539,0.22278368794326242,0.7772163120567376
9218,YGL220W YNL126W,0.0,NA,1.6413901903433725e-05,677,2512,8768,451,0.7612024500322373,0.21229225462527437,0.600177304964539,0.2226950354609929,0.7773049645390071
9219,YPR031W YDR165W,0.0,NA,1.645386691961903e-05,677,2511,8769,451,0.7612830431979368,0.21235884567126725,0.600177304964539,0.2226063829787234,0.7773936170212766
9220,YPL131W YOL139C,0.0,NA,1.653082472330425e-05,677,2510,8770,451,0.7613636363636364,0.21242547850643237,0.600177304964539,0.2225177304964539,0.7774822695035462
9221,YNR047W YMR196W,0.0,NA,1.6557220078539103e-05,677,2509,8771,451,0.7614442295293359,0.21249215317011927,0.600177304964539,0.2224290780141844,0.7775709219858156
9222,YPL119C YNL291C,0.0,NA,1.6622212569927797e-05,677,2508,8772,451,0.7615248226950354,0.21255886970172685,0.600177304964539,0.22234042553191488,0.7776595744680851
9223,YCL050C YMR267W,0.0,NA,1.6641752154100686e-05,677,2507,8773,451,0.761605415860735,0.21262562814070352,0.600177304964539,0.22225177304964538,0.7777482269503546
9224,YDR315C YCR040W,0.0,NA,1.6882680938579142e-05,677,2506,8774,451,0.7616860090264346,0.2126924285265473,0.600177304964539,0.2221631205673759,0.7778368794326241
9225,YJL094C YMR137C,0.0,NA,1.6904527001315728e-05,677,2505,8775,451,0.7617666021921341,0.21275927089880578,0.600177304964539,0.2220744680851064,0.7779255319148937
9226,YPR072W YLR431C,0.0,NA,1.7001353626255877e-05,677,2504,8776,451,0.7618471953578336,0.21282615529707638,0.600177304964539,0.22198581560283687,0.7780141843971631
9227,YER094C YDR434W,1.0,NA,1.7184540411108173e-05,676,2504,8776,452,0.7617666021921341,0.21257861635220127,0.599290780141844,0.22198581560283687,0.7780141843971631
9228,YDR315C YMR137C,0.0,NA,1.7269179807044566e-05,676,2503,8777,452,0.7618471953578336,0.21264548600188737,0.599290780141844,0.22189716312056737,0.7781028368794326
9229,YDL223C YGR013W,0.0,NA,1.7348394976579584e-05,676,2502,8778,452,0.7619277885235332,0.21271239773442416,0.599290780141844,0.22180851063829787,0.7781914893617021
9230,YDR541C YGR206W,0.0,NA,1.7357115211780183e-05,676,2501,8779,452,0.7620083816892328,0.2127793515895499,0.599290780141844,0.22171985815602838,0.7782801418439717
9231,YCL050C YER087C-A,0.0,NA,1.7387916159350425e-05,676,2500,8780,452,0.7620889748549323,0.2128463476070529,0.599290780141844,0.22163120567375885,0.7783687943262412
9232,YLR137W YOR242C,0.0,NA,1.7399326679878868e-05,676,2499,8781,452,0.7621695680206318,0.21291338582677166,0.599290780141844,0.22154255319148936,0.7784574468085106
9233,YBR044C YML048W,0.0,NA,1.742456697684247e-05,676,2498,8782,452,0.7622501611863314,0.21298046628859482,0.599290780141844,0.22145390070921986,0.7785460992907801
9234,YPL218W YOR196C,0.0,NA,1.754348340909928e-05,676,2497,8783,452,0.7623307543520309,0.2130475890324614,0.599290780141844,0.22136524822695036,0.7786347517730496
9235,YLR316C YKL221W,0.0,NA,1.7633572497288696e-05,676,2496,8784,452,0.7624113475177305,0.21311475409836064,0.599290780141844,0.22127659574468084,0.7787234042553192
9236,YER151C YDR434W,1.0,NA,1.7699820091365837e-05,675,2496,8784,453,0.7623307543520309,0.21286660359508042,0.598404255319149,0.22127659574468084,0.7787234042553192
9237,YDR479C YNR062C,0.0,NA,1.7729604223859496e-05,675,2495,8785,453,0.7624113475177305,0.21293375394321767,0.598404255319149,0.22118794326241134,0.7788120567375887
9238,YJR153W YLL021W,0.0,NA,1.783430161594879e-05,675,2494,8786,453,0.7624919406834301,0.2130009466708741,0.598404255319149,0.22109929078014184,0.7789007092198581
9239,YDR427W YNL267W,0.0,NA,1.7866883354145102e-05,675,2493,8787,453,0.7625725338491296,0.21306818181818182,0.598404255319149,0.22101063829787235,0.7789893617021276
9240,YHR124W YDR229W,0.0,NA,1.7868060240289196e-05,675,2492,8788,453,0.7626531270148291,0.21313545942532364,0.598404255319149,0.22092198581560285,0.7790780141843971
9241,YMR286W YOR315W,0.0,NA,1.7889611626742408e-05,675,2491,8789,453,0.7627337201805287,0.21320277953253317,0.598404255319149,0.22083333333333333,0.7791666666666667
9242,YJR120W YOR119C,0.0,NA,1.789543057384435e-05,675,2490,8790,453,0.7628143133462283,0.2132701421800948,0.598404255319149,0.22074468085106383,0.7792553191489362
9243,YPR072W YBL026W,0.0,NA,1.790169335436076e-05,675,2489,8791,453,0.7628949065119278,0.21333754740834387,0.598404255319149,0.22065602836879433,0.7793439716312057
9244,YPR115W YBL040C,0.0,NA,1.7941943951882422e-05,675,2488,8792,453,0.7629754996776273,0.21340499525766676,0.598404255319149,0.22056737588652484,0.7794326241134751
9245,YJR132W YMR092C,0.0,NA,1.7955415387405083e-05,675,2487,8793,453,0.7630560928433269,0.21347248576850095,0.598404255319149,0.2204787234042553,0.7795212765957447
9246,YIR021W YGR227W,0.0,NA,1.806220279831905e-05,675,2486,8794,453,0.7631366860090264,0.213540018981335,0.598404255319149,0.22039007092198581,0.7796099290780142
9247,YDL001W YOR156C,0.0,NA,1.806918044167105e-05,675,2485,8795,453,0.763217279174726,0.21360759493670886,0.598404255319149,0.22030141843971632,0.7796985815602837
9248,YHR168W YPL016W,0.0,NA,1.8179212929680943e-05,675,2484,8796,453,0.7632978723404256,0.21367521367521367,0.598404255319149,0.22021276595744682,0.7797872340425532
9249,YMR240C YNL326C,0.0,NA,1.8266347979079e-05,675,2483,8797,453,0.7633784655061251,0.21374287523749208,0.598404255319149,0.2201241134751773,0.7798758865248226
9250,YDL001W YLR270W,0.0,NA,1.8270075088366866e-05,675,2482,8798,453,0.7634590586718246,0.2138105796642382,0.598404255319149,0.2200354609929078,0.7799645390070922
9251,YOR264W YMR032W,0.0,NA,1.827438063628506e-05,675,2481,8799,453,0.7635396518375241,0.21387832699619772,0.598404255319149,0.2199468085106383,0.7800531914893617
9252,YDL126C YGL247W,0.0,NA,1.832058660511393e-05,675,2480,8800,453,0.7636202450032237,0.21394611727416799,0.598404255319149,0.2198581560283688,0.7801418439716312
9253,YDR517W YPR127W,0.0,NA,1.8336089851800352e-05,675,2479,8801,453,0.7637008381689233,0.2140139505389981,0.598404255319149,0.21976950354609928,0.7802304964539007
9254,YMR025W YDR217C,0.0,NA,1.8398342945147306e-05,675,2478,8802,453,0.7637814313346228,0.21408182683158897,0.598404255319149,0.21968085106382979,0.7803191489361702
9255,YJR141W YBR268W,0.0,NA,1.8405695300316438e-05,675,2477,8803,453,0.7638620245003224,0.2141497461928934,0.598404255319149,0.2195921985815603,0.7804078014184397
9256,YKL207W YIL138C,0.0,NA,1.8433642253512517e-05,675,2476,8804,453,0.7639426176660219,0.2142177086639162,0.598404255319149,0.2195035460992908,0.7804964539007092
9257,YBL107C YKL009W,0.0,NA,1.8443384760757908e-05,675,2475,8805,453,0.7640232108317214,0.21428571428571427,0.598404255319149,0.21941489361702127,0.7805851063829787
9258,YBR085W YMR166C,0.0,NA,1.853280991781503e-05,675,2474,8806,453,0.7641038039974211,0.21435376309939663,0.598404255319149,0.21932624113475177,0.7806737588652483
9259,YOL012C YBR283C,0.0,NA,1.8579101379145868e-05,675,2473,8807,453,0.7641843971631206,0.21442185514612452,0.598404255319149,0.21923758865248227,0.7807624113475178
9260,YJL053W YGR216C,0.0,NA,1.8586297301226296e-05,675,2472,8808,453,0.7642649903288201,0.21448999046711154,0.598404255319149,0.21914893617021278,0.7808510638297872
9261,YKL204W YGR046W,0.0,NA,1.8798567907651886e-05,675,2471,8809,453,0.7643455834945196,0.21455816910362366,0.598404255319149,0.21906028368794325,0.7809397163120567
9262,YDR038C YKL219W,0.0,NA,1.8814604118233547e-05,675,2470,8810,453,0.7644261766602192,0.21462639109697934,0.598404255319149,0.21897163120567376,0.7810283687943262
9263,YIL041W YKL011C,0.0,NA,1.898405753308907e-05,675,2469,8811,453,0.7645067698259188,0.21469465648854963,0.598404255319149,0.21888297872340426,0.7811170212765958
9264,YMR221C YJR144W,0.0,NA,1.9051343770115636e-05,675,2468,8812,453,0.7645873629916183,0.2147629653197582,0.598404255319149,0.21879432624113476,0.7812056737588653
9265,YFL046W YOR388C,0.0,NA,1.9163078832207248e-05,675,2467,8813,453,0.7646679561573179,0.21483131763208146,0.598404255319149,0.21870567375886524,0.7812943262411347
9266,YER160C YDR331W,1.0,NA,1.9168453945894726e-05,674,2467,8813,454,0.7645873629916183,0.2145813435211716,0.5975177304964538,0.21870567375886524,0.7812943262411347
9267,YDR359C YBR223C,0.0,NA,1.9223041817895137e-05,674,2466,8814,454,0.7646679561573179,0.21464968152866243,0.5975177304964538,0.21861702127659574,0.7813829787234042
9268,YOL144W YGL195W,0.0,NA,1.927850280480925e-05,674,2465,8815,454,0.7647485493230174,0.2147180630774132,0.5975177304964538,0.21852836879432624,0.7814716312056738
9269,YLR350W YDL018C,0.0,NA,1.9282584617030807e-05,674,2464,8816,454,0.7648291424887169,0.21478648820905036,0.5975177304964538,0.21843971631205675,0.7815602836879433
9270,YOR022C YNL289W,0.0,NA,1.9319360944791697e-05,674,2463,8817,454,0.7649097356544166,0.21485495696525342,0.5975177304964538,0.21835106382978722,0.7816489361702128
9271,YDR005C YKL162C,0.0,NA,1.942138624144718e-05,674,2462,8818,454,0.7649903288201161,0.2149234693877551,0.5975177304964538,0.21826241134751773,0.7817375886524822
9272,YGR106C YKL122C,0.0,NA,1.9471308405627497e-05,674,2461,8819,454,0.7650709219858156,0.21499202551834132,0.5975177304964538,0.21817375886524823,0.7818262411347517
9273,YGL215W YOR213C,0.0,NA,1.947799501067493e-05,674,2460,8820,454,0.7651515151515151,0.21506062539885132,0.5975177304964538,0.21808510638297873,0.7819148936170213
9274,YGR277C YKR020W,0.0,NA,1.9510063793859445e-05,674,2459,8821,454,0.7652321083172147,0.2151292690711778,0.5975177304964538,0.2179964539007092,0.7820035460992908
9275,YGL168W YER163C,0.0,NA,1.9543378584785387e-05,674,2458,8822,454,0.7653127014829143,0.21519795657726692,0.5975177304964538,0.2179078014184397,0.7820921985815603
9276,YBR029C YJL074C,0.0,NA,1.9692673959070817e-05,674,2457,8823,454,0.7653932946486138,0.2152666879591185,0.5975177304964538,0.21781914893617021,0.7821808510638298
9277,YLR362W YOR257W,0.0,NA,1.9749095372390002e-05,674,2456,8824,454,0.7654738878143134,0.21533546325878594,0.5975177304964538,0.21773049645390072,0.7822695035460993
9278,YNL267W YOR233W,0.0,NA,1.9799294022959657e-05,674,2455,8825,454,0.7655544809800129,0.21540428251837648,0.5975177304964538,0.2176418439716312,0.7823581560283688
9279,YBR141C YJR051W,0.0,NA,1.984212576644495e-05,674,2454,8826,454,0.7656350741457124,0.21547314578005114,0.5975177304964538,0.2175531914893617,0.7824468085106383
9280,YMR284W YPL203W,0.0,NA,1.9861627151840366e-05,674,2453,8827,454,0.7657156673114119,0.21554205308602495,0.5975177304964538,0.2174645390070922,0.7825354609929078
9281,YGR264C YJL002C,0.0,NA,1.9909130060113966e-05,674,2452,8828,454,0.7657962604771116,0.21561100447856685,0.5975177304964538,0.2173758865248227,0.7826241134751774
9282,YPL094C YKL196C,0.0,NA,1.99970218091039e-05,674,2451,8829,454,0.7658768536428111,0.21568,0.5975177304964538,0.21728723404255318,0.7827127659574468
9283,YML055W YER138C,1.0,NA,2.000583481276408e-05,673,2451,8829,455,0.7657962604771116,0.21542893725992318,0.5966312056737588,0.21728723404255318,0.7827127659574468
9284,YOR080W YMR211W,0.0,NA,2.004207817662973e-05,673,2450,8830,455,0.7658768536428111,0.21549791866794749,0.5966312056737588,0.21719858156028368,0.7828014184397163
9285,YIL088C YJR161C,0.0,NA,2.004326415772084e-05,673,2449,8831,455,0.7659574468085106,0.21556694426649584,0.5966312056737588,0.21710992907801419,0.7828900709219858
9286,YKR066C YPL227C,0.0,NA,2.0080571630387567e-05,673,2448,8832,455,0.7660380399742102,0.2156360140980455,0.5966312056737588,0.2170212765957447,0.7829787234042553
9287,YGL245W YBR222C,0.0,NA,2.0217981727910228e-05,673,2447,8833,455,0.7661186331399097,0.21570512820512822,0.5966312056737588,0.21693262411347516,0.7830673758865249
9288,YNL271C YHR073W,0.0,NA,2.0384926756378263e-05,673,2446,8834,455,0.7661992263056093,0.21577428663033024,0.5966312056737588,0.21684397163120567,0.7831560283687943
9289,YDL207W YDR162C,0.0,NA,2.0440698790480383e-05,673,2445,8835,455,0.7662798194713089,0.2158434894162925,0.5966312056737588,0.21675531914893617,0.7832446808510638
9290,YKL096W YNL148C,0.0,NA,2.048220267170109e-05,673,2444,8836,455,0.7663604126370084,0.21591273660571061,0.5966312056737588,0.21666666666666667,0.7833333333333333
9291,YKR035W-A YDR473C,0.0,NA,2.0500103346421383e-05,673,2443,8837,455,0.7664410058027079,0.21598202824133506,0.5966312056737588,0.21657801418439715,0.7834219858156029
9292,YHL023C YGR278W,0.0,NA,2.0607518308679573e-05,673,2442,8838,455,0.7665215989684074,0.2160513643659711,0.5966312056737588,0.21648936170212765,0.7835106382978724
9293,YLR438C-A YDR036C,0.0,NA,2.0619529095711187e-05,673,2441,8839,455,0.7666021921341071,0.21612074502247913,0.5966312056737588,0.21640070921985816,0.7835992907801419
9294,YNL044W YDR057W,0.0,NA,2.0667543140007183e-05,673,2440,8840,455,0.7666827852998066,0.2161901702537745,0.5966312056737588,0.21631205673758866,0.7836879432624113
9295,YPL053C YNR047W,0.0,NA,2.0733834389830008e-05,673,2439,8841,455,0.7667633784655061,0.21625964010282778,0.5966312056737588,0.21622340425531916,0.7837765957446808
9296,YBR203W YFR024C-A,0.0,NA,2.078140460071154e-05,673,2438,8842,455,0.7668439716312057,0.21632915461266475,0.5966312056737588,0.21613475177304964,0.7838652482269504
9297,YDR207C YEL031W,0.0,NA,2.0836196199525148e-05,673,2437,8843,455,0.7669245647969052,0.21639871382636655,0.5966312056737588,0.21604609929078014,0.7839539007092199
9298,YMR028W YDR229W,0.0,NA,2.106182546413038e-05,673,2436,8844,455,0.7670051579626048,0.2164683177870698,0.5966312056737588,0.21595744680851064,0.7840425531914894
9299,YNL185C YDR139C,0.0,NA,2.112547190336045e-05,673,2435,8845,455,0.7670857511283043,0.21653796653796653,0.5966312056737588,0.21586879432624115,0.7841312056737588
9300,YDR128W YNL124W,0.0,NA,2.1149640815565363e-05,673,2434,8846,455,0.7671663442940039,0.21660766012230448,0.5966312056737588,0.21578014184397162,0.7842198581560283
9301,YPR072W YDR104C,0.0,NA,2.1211330022197217e-05,673,2433,8847,455,0.7672469374597034,0.216677398583387,0.5966312056737588,0.21569148936170213,0.7843085106382979
9302,YOR061W YML021C,0.0,NA,2.1236266547930427e-05,673,2432,8848,455,0.7673275306254029,0.21674718196457327,0.5966312056737588,0.21560283687943263,0.7843971631205674
9303,YPL101W YDR359C,0.0,NA,2.1268429918563925e-05,673,2431,8849,455,0.7674081237911026,0.21681701030927836,0.5966312056737588,0.21551418439716313,0.7844858156028369
9304,YJR125C YDR428C,0.0,NA,2.127883635694161e-05,673,2430,8850,455,0.7674887169568021,0.21688688366097325,0.5966312056737588,0.2154255319148936,0.7845744680851063
9305,YPR030W YKL061W,0.0,NA,2.1352525436668657e-05,673,2429,8851,455,0.7675693101225016,0.21695680206318504,0.5966312056737588,0.2153368794326241,0.7846631205673759
9306,YBR132C YDL244W,0.0,NA,2.1360752725740895e-05,673,2428,8852,455,0.7676499032882012,0.21702676555949693,0.5966312056737588,0.21524822695035462,0.7847517730496454
9307,YMR251W-A YOR303W,0.0,NA,2.139145362889394e-05,673,2427,8853,455,0.7677304964539007,0.2170967741935484,0.5966312056737588,0.21515957446808512,0.7848404255319149
9308,YDL125C YNL201C,0.0,NA,2.1444067897391506e-05,673,2426,8854,455,0.7678110896196002,0.21716682800903517,0.5966312056737588,0.2150709219858156,0.7849290780141844
9309,YJL221C YMR196W,0.0,NA,2.1746389393229038e-05,673,2425,8855,455,0.7678916827852998,0.21723692704970948,0.5966312056737588,0.2149822695035461,0.7850177304964538
9310,YJR041C YBR126W-A,0.0,NA,2.1867777832085267e-05,673,2424,8856,455,0.7679722759509994,0.21730707135938004,0.5966312056737588,0.2148936170212766,0.7851063829787234
9311,YCR041W YLR332W,0.0,NA,2.1937645215075463e-05,673,2423,8857,455,0.7680528691166989,0.21737726098191215,0.5966312056737588,0.2148049645390071,0.7851950354609929
9312,YOR002W YHR030C,0.0,NA,2.2105105017544702e-05,673,2422,8858,455,0.7681334622823984,0.21744749596122778,0.5966312056737588,0.21471631205673758,0.7852836879432624
9313,YAL054C YGL261C,0.0,NA,2.2126723706605844e-05,673,2421,8859,455,0.768214055448098,0.21751777634130576,0.5966312056737588,0.21462765957446808,0.785372340425532
9314,YLR057W YNL137C,0.0,NA,2.2148153220769018e-05,673,2420,8860,455,0.7682946486137976,0.2175881021661817,0.5966312056737588,0.21453900709219859,0.7854609929078015
9315,YFL033C YDR405W,0.0,NA,2.2160786102176644e-05,673,2419,8861,455,0.7683752417794971,0.21765847347994827,0.5966312056737588,0.2144503546099291,0.7855496453900709
9316,YBL046W YJL063C,0.0,NA,2.219026646343991e-05,673,2418,8862,455,0.7684558349451966,0.2177288903267551,0.5966312056737588,0.21436170212765956,0.7856382978723404
9317,YLL013C YER059W,0.0,NA,2.23108127102023e-05,673,2417,8863,455,0.7685364281108962,0.21779935275080906,0.5966312056737588,0.21427304964539007,0.7857269503546099
9318,YOR316C YKL161C,0.0,NA,2.2452068151324056e-05,673,2416,8864,455,0.7686170212765957,0.21786986079637424,0.5966312056737588,0.21418439716312057,0.7858156028368795
9319,YCR041W YBL098W,0.0,NA,2.253140883112792e-05,673,2415,8865,455,0.7686976144422953,0.21794041450777202,0.5966312056737588,0.21409574468085107,0.785904255319149
9320,YDR034C YFL054C,0.0,NA,2.2552389054908417e-05,673,2414,8866,455,0.7687782076079949,0.21801101392938127,0.5966312056737588,0.21400709219858155,0.7859929078014184
9321,YGR098C YER078C,1.0,NA,2.2598505893256515e-05,672,2414,8866,456,0.7686976144422953,0.21775761503564484,0.5957446808510638,0.21400709219858155,0.7859929078014184
9322,YNL273W YJL062W-A,0.0,NA,2.2677542801829986e-05,672,2413,8867,456,0.7687782076079949,0.21782820097244732,0.5957446808510638,0.21391843971631205,0.7860815602836879
9323,YDR498C YNL007C,0.0,NA,2.285799382661935e-05,672,2412,8868,456,0.7688588007736944,0.2178988326848249,0.5957446808510638,0.21382978723404256,0.7861702127659574
9324,YPL023C YKL077W,0.0,NA,2.2905956939212047e-05,672,2411,8869,456,0.7689393939393939,0.21796951021732078,0.5957446808510638,0.21374113475177306,0.786258865248227
9325,YOR067C YMR267W,0.0,NA,2.292346107424237e-05,672,2410,8870,456,0.7690199871050934,0.218040233614536,0.5957446808510638,0.21365248226950354,0.7863475177304965
9326,YIL138C YOR209C,0.0,NA,2.2967684344621375e-05,672,2409,8871,456,0.7691005802707931,0.2181110029211295,0.5957446808510638,0.21356382978723404,0.7864361702127659
9327,YOR374W YOL055C,0.0,NA,2.300341657246463e-05,672,2408,8872,456,0.7691811734364926,0.21818181818181817,0.5957446808510638,0.21347517730496454,0.7865248226950354
9328,YPR030W YHR138C,0.0,NA,2.3127584427129477e-05,672,2407,8873,456,0.7692617666021921,0.21825267944137708,0.5957446808510638,0.21338652482269505,0.786613475177305
9329,YDR334W YER100W,0.0,NA,2.320581734238658e-05,672,2406,8874,456,0.7693423597678917,0.21832358674463936,0.5957446808510638,0.21329787234042552,0.7867021276595745
9330,YOL153C YKL139W,0.0,NA,2.3352313291979954e-05,672,2405,8875,456,0.7694229529335912,0.2183945401364966,0.5957446808510638,0.21320921985815602,0.786790780141844
9331,YLR261C YNL022C,0.0,NA,2.355854849156458e-05,672,2404,8876,456,0.7695035460992907,0.21846553966189858,0.5957446808510638,0.21312056737588653,0.7868794326241135
9332,YLL015W YLR341W,0.0,NA,2.3771930500515737e-05,672,2403,8877,456,0.7695841392649904,0.21853658536585366,0.5957446808510638,0.21303191489361703,0.7869680851063829
9333,YIR014W YFL042C,0.0,NA,2.3808504920452833e-05,672,2402,8878,456,0.7696647324306899,0.21860767729342875,0.5957446808510638,0.2129432624113475,0.7870567375886525
9334,YML091C YHR166C,0.0,NA,2.381345439061988e-05,672,2401,8879,456,0.7697453255963894,0.21867881548974943,0.5957446808510638,0.212854609929078,0.787145390070922
9335,YLR274W YLR034C,0.0,NA,2.3884322217782028e-05,672,2400,8880,456,0.769825918762089,0.21875,0.5957446808510638,0.2127659574468085,0.7872340425531915
9336,YGL168W YGR046W,0.0,NA,2.3884915208327584e-05,672,2399,8881,456,0.7699065119277885,0.21882123086942365,0.5957446808510638,0.21267730496453902,0.787322695035461
9337,YNL053W YPR194C,0.0,NA,2.4039391064434312e-05,672,2398,8882,456,0.7699871050934881,0.21889250814332248,0.5957446808510638,0.2125886524822695,0.7874113475177305
9338,YDL180W YKL077W,0.0,NA,2.4233104340964928e-05,672,2397,8883,456,0.7700676982591876,0.21896383186705767,0.5957446808510638,0.2125,0.7875
9339,YML127W YAL042W,0.0,NA,2.4308097636094317e-05,672,2396,8884,456,0.7701482914248872,0.21903520208604954,0.5957446808510638,0.2124113475177305,0.7875886524822695
9340,YJL170C YHL043W,0.0,NA,2.4424258299404755e-05,672,2395,8885,456,0.7702288845905867,0.21910661884577765,0.5957446808510638,0.212322695035461,0.787677304964539
9341,YGL062W YDL180W,0.0,NA,2.4440172637696378e-05,672,2394,8886,456,0.7703094777562862,0.2191780821917808,0.5957446808510638,0.21223404255319148,0.7877659574468086
9342,YEL069C YGR183C,0.0,NA,2.4457611289108172e-05,672,2393,8887,456,0.7703900709219859,0.21924959216965742,0.5957446808510638,0.21214539007092198,0.787854609929078
9343,YNR030W YNL156C,0.0,NA,2.4902907171053812e-05,672,2392,8888,456,0.7704706640876854,0.2193211488250653,0.5957446808510638,0.21205673758865248,0.7879432624113475
9344,YNL239W YER160C,1.0,NA,2.50332013820298e-05,671,2392,8888,457,0.7703900709219859,0.21906627489389488,0.5948581560283688,0.21205673758865248,0.7879432624113475
9345,YHR094C YDL018C,0.0,NA,2.5051876946236007e-05,671,2391,8889,457,0.7704706640876854,0.21913781841933377,0.5948581560283688,0.211968085106383,0.788031914893617
9346,YJL062W YDR338C,0.0,NA,2.5095034288824536e-05,671,2390,8890,457,0.7705512572533849,0.2192094086899706,0.5948581560283688,0.21187943262411346,0.7881205673758865
9347,YDR219C YKL135C,0.0,NA,2.5103581720031798e-05,671,2389,8891,457,0.7706318504190844,0.21928104575163399,0.5948581560283688,0.21179078014184397,0.7882092198581561
9348,YLR261C YLR091W,0.0,NA,2.5112798539339565e-05,671,2388,8892,457,0.770712443584784,0.2193527296502125,0.5948581560283688,0.21170212765957447,0.7882978723404256
9349,YDL035C YNL311C,0.0,NA,2.5219935196219012e-05,671,2387,8893,457,0.7707930367504836,0.21942446043165467,0.5948581560283688,0.21161347517730497,0.788386524822695
9350,YDL176W YLR401C,0.0,NA,2.5257795641664416e-05,671,2386,8894,457,0.7708736299161831,0.21949623814196925,0.5948581560283688,0.21152482269503547,0.7884751773049645
9351,YLR360W YDR234W,0.0,NA,2.5346833353978582e-05,671,2385,8895,457,0.7709542230818827,0.21956806282722513,0.5948581560283688,0.21143617021276595,0.788563829787234
9352,YNL137C YKL085W,0.0,NA,2.5388055291841738e-05,671,2384,8896,457,0.7710348162475822,0.21963993453355155,0.5948581560283688,0.21134751773049645,0.7886524822695036
9353,YJL221C YGL195W,0.0,NA,2.549322925915476e-05,671,2383,8897,457,0.7711154094132817,0.2197118533071382,0.5948581560283688,0.21125886524822696,0.7887411347517731
9354,YDR334W YIL147C,0.0,NA,2.5559442292433232e-05,671,2382,8898,457,0.7711960025789814,0.21978381919423517,0.5948581560283688,0.21117021276595746,0.7888297872340425
9355,YHL037C YPL048W,0.0,NA,2.5642866603448056e-05,671,2381,8899,457,0.7712765957446809,0.21985583224115335,0.5948581560283688,0.21108156028368794,0.788918439716312
9356,YMR220W YDR204W,0.0,NA,2.568006493675057e-05,671,2380,8900,457,0.7713571889103804,0.21992789249426417,0.5948581560283688,0.21099290780141844,0.7890070921985816
9357,YGL205W YDL139C,0.0,NA,2.592096643638797e-05,671,2379,8901,457,0.7714377820760799,0.22,0.5948581560283688,0.21090425531914894,0.7890957446808511
9358,YER139C YGL240W,0.0,NA,2.5974984964705072e-05,671,2378,8902,457,0.7715183752417795,0.22007215480485406,0.5948581560283688,0.21081560283687945,0.7891843971631206
9359,YGL094C YHR009C,0.0,NA,2.6101924959220923e-05,671,2377,8903,457,0.771598968407479,0.22014435695538057,0.5948581560283688,0.21072695035460992,0.78927304964539
9360,YOL113W YIL042C,0.0,NA,2.614544973766897e-05,671,2376,8904,457,0.7716795615731786,0.22021660649819494,0.5948581560283688,0.21063829787234042,0.7893617021276595
9361,YDR067C YMR025W,0.0,NA,2.6241645173286088e-05,671,2375,8905,457,0.7717601547388782,0.22028890347997374,0.5948581560283688,0.21054964539007093,0.7894503546099291
9362,YBR201W YML118W,0.0,NA,2.6250805603922345e-05,671,2374,8906,457,0.7718407479045777,0.22036124794745485,0.5948581560283688,0.21046099290780143,0.7895390070921986
9363,YPL023C YMR313C,0.0,NA,2.6281688406015746e-05,671,2373,8907,457,0.7719213410702772,0.2204336399474376,0.5948581560283688,0.2103723404255319,0.7896276595744681
9364,YKL188C YOR303W,0.0,NA,2.6330584660172462e-05,671,2372,8908,457,0.7720019342359767,0.22050607952678278,0.5948581560283688,0.2102836879432624,0.7897163120567375
9365,YCR069W YOL017W,0.0,NA,2.645951281010639e-05,671,2371,8909,457,0.7720825274016764,0.22057856673241288,0.5948581560283688,0.2101950354609929,0.7898049645390071
9366,YDL137W YMR242C,0.0,NA,2.665457213879563e-05,671,2370,8910,457,0.7721631205673759,0.22065110161131207,0.5948581560283688,0.21010638297872342,0.7898936170212766
9367,YIL088C YDR346C,0.0,NA,2.6705765776569024e-05,671,2369,8911,457,0.7722437137330754,0.22072368421052632,0.5948581560283688,0.2100177304964539,0.7899822695035461
9368,YIL108W YNL239W,1.0,NA,2.7126539862365462e-05,670,2369,8911,458,0.7721631205673759,0.2204672589667654,0.5939716312056738,0.2100177304964539,0.7899822695035461
9369,YCR041W YEL018W,0.0,NA,2.715690243348945e-05,670,2368,8912,458,0.7722437137330754,0.2205398288347597,0.5939716312056738,0.2099290780141844,0.7900709219858156
9370,YKL104C YLR298C,0.0,NA,2.7169231543666683e-05,670,2367,8913,458,0.772324306898775,0.22061244649324993,0.5939716312056738,0.2098404255319149,0.7901595744680852
9371,YPL250C YAL044W-A,0.0,NA,2.7319301807438023e-05,670,2366,8914,458,0.7724049000644745,0.2206851119894598,0.5939716312056738,0.2097517730496454,0.7902482269503546
9372,YNL066W YDR128W,0.0,NA,2.739114461292047e-05,670,2365,8915,458,0.7724854932301741,0.22075782537067545,0.5939716312056738,0.20966312056737588,0.7903368794326241
9373,YOR193W YBR136W,0.0,NA,2.7446945750853047e-05,670,2364,8916,458,0.7725660863958737,0.2208305866842452,0.5939716312056738,0.20957446808510638,0.7904255319148936
9374,YNL291C YKL146W,0.0,NA,2.75424408755498e-05,670,2363,8917,458,0.7726466795615732,0.22090339597757996,0.5939716312056738,0.20948581560283688,0.7905141843971631
9375,YBR023C YMR166C,0.0,NA,2.754811430349946e-05,670,2362,8918,458,0.7727272727272727,0.22097625329815304,0.5939716312056738,0.2093971631205674,0.7906028368794327
9376,YOR075W YPL159C,0.0,NA,2.7628990210359916e-05,670,2361,8919,458,0.7728078658929722,0.2210491586935005,0.5939716312056738,0.20930851063829786,0.7906914893617021
9377,YDR363W-A YGR211W,0.0,NA,2.7629070245893672e-05,670,2360,8920,458,0.7728884590586719,0.22112211221122113,0.5939716312056738,0.20921985815602837,0.7907801418439716
9378,YMR124W YLR270W,0.0,NA,2.7648022296489216e-05,670,2359,8921,458,0.7729690522243714,0.22119511389897656,0.5939716312056738,0.20913120567375887,0.7908687943262411
9379,YDR281C YBL060W,0.0,NA,2.775223219941836e-05,670,2358,8922,458,0.7730496453900709,0.2212681638044914,0.5939716312056738,0.20904255319148937,0.7909574468085107
9380,YBR044C YER059W,0.0,NA,2.7841433620778844e-05,670,2357,8923,458,0.7731302385557705,0.22134126197555334,0.5939716312056738,0.20895390070921985,0.7910460992907802
9381,YDR034C YPR185W,0.0,NA,2.785890865197871e-05,670,2356,8924,458,0.77321083172147,0.22141440846001323,0.5939716312056738,0.20886524822695035,0.7911347517730496
9382,YLR293C YNL301C,0.0,NA,2.787365701806266e-05,670,2355,8925,458,0.7732914248871696,0.22148760330578512,0.5939716312056738,0.20877659574468085,0.7912234042553191
9383,YOR347C YER170W,0.0,NA,2.791659426293336e-05,670,2354,8926,458,0.7733720180528691,0.22156084656084657,0.5939716312056738,0.20868794326241136,0.7913120567375886
9384,YFL033C YBR019C,0.0,NA,2.801404298224952e-05,670,2353,8927,458,0.7734526112185687,0.2216341382732385,0.5939716312056738,0.20859929078014183,0.7914007092198582
9385,YNL181W YGL085W,0.0,NA,2.8096985261072405e-05,670,2352,8928,458,0.7735332043842682,0.2217074784910655,0.5939716312056738,0.20851063829787234,0.7914893617021277
9386,YNL327W YOL012C,0.0,NA,2.832366226357408e-05,670,2351,8929,458,0.7736137975499677,0.22178086726249585,0.5939716312056738,0.20842198581560284,0.7915780141843972
9387,YNL113W YAL044W-A,0.0,NA,2.8465148716350086e-05,670,2350,8930,458,0.7736943907156673,0.22185430463576158,0.5939716312056738,0.20833333333333334,0.7916666666666666
9388,YER139C YOR360C,0.0,NA,2.846661300281994e-05,670,2349,8931,458,0.7737749838813669,0.22192779065915866,0.5939716312056738,0.20824468085106382,0.7917553191489362
9389,YHL024W YJR152W,0.0,NA,2.8497985113062896e-05,670,2348,8932,458,0.7738555770470664,0.22200132538104705,0.5939716312056738,0.20815602836879432,0.7918439716312057
9390,YGR263C YNR076W,0.0,NA,2.866569957404863e-05,670,2347,8933,458,0.773936170212766,0.22207490884985084,0.5939716312056738,0.20806737588652482,0.7919326241134752
9391,YJR133W YGR080W,0.0,NA,2.8667336664511822e-05,670,2346,8934,458,0.7740167633784655,0.22214854111405835,0.5939716312056738,0.20797872340425533,0.7920212765957447
9392,YPR103W YIR039C,1.0,NA,2.8679451133939438e-05,669,2346,8934,459,0.773936170212766,0.2218905472636816,0.5930851063829787,0.20797872340425533,0.7920212765957447
9393,YPL023C YNL117W,0.0,NA,2.8708485842798837e-05,669,2345,8935,459,0.7740167633784655,0.22196416721964168,0.5930851063829787,0.2078900709219858,0.7921099290780141
9394,YKR050W YAL048C,0.0,NA,2.8773882149835117e-05,669,2344,8936,459,0.774097356544165,0.22203783604381017,0.5930851063829787,0.2078014184397163,0.7921985815602837
9395,YPR056W YLR265C,0.0,NA,2.8782498702639714e-05,669,2343,8937,459,0.7741779497098646,0.22211155378486055,0.5930851063829787,0.2077127659574468,0.7922872340425532
9396,YKL039W YER059W,0.0,NA,2.8828237191191874e-05,669,2342,8938,459,0.7742585428755642,0.22218532049153106,0.5930851063829787,0.2076241134751773,0.7923758865248227
9397,YDR520C YER059W,0.0,NA,2.8838603611802682e-05,669,2341,8939,459,0.7743391360412637,0.22225913621262458,0.5930851063829787,0.2075354609929078,0.7924645390070922
9398,YJL020C YNL160W,0.0,NA,2.8846470740973018e-05,669,2340,8940,459,0.7744197292069632,0.22233300099700898,0.5930851063829787,0.2074468085106383,0.7925531914893617
9399,YOR298C-A YCR028C,0.0,NA,2.884811874537263e-05,669,2339,8941,459,0.7745003223726628,0.22240691489361702,0.5930851063829787,0.2073581560283688,0.7926418439716312
9400,YDL198C YPL104W,0.0,NA,2.9081722459523007e-05,669,2338,8942,459,0.7745809155383624,0.22248087795144664,0.5930851063829787,0.2072695035460993,0.7927304964539007
9401,YML127W YCL066W,0.0,NA,2.9101835025358014e-05,669,2337,8943,459,0.7746615087040619,0.22255489021956087,0.5930851063829787,0.20718085106382977,0.7928191489361702
9402,YJR120W YFL056C,0.0,NA,2.918576865340583e-05,669,2336,8944,459,0.7747421018697614,0.2226289517470882,0.5930851063829787,0.20709219858156028,0.7929078014184398
9403,YOL017W YCR052W,0.0,NA,2.9520893804146908e-05,669,2335,8945,459,0.774822695035461,0.22270306258322237,0.5930851063829787,0.20700354609929078,0.7929964539007093
9404,YML076C YPL098C,0.0,NA,2.9749928216915578e-05,669,2334,8946,459,0.7749032882011605,0.22277722277722278,0.5930851063829787,0.20691489361702128,0.7930851063829787
9405,YML128C YOR125C,0.0,NA,2.975071947730612e-05,669,2333,8947,459,0.7749838813668601,0.2228514323784144,0.5930851063829787,0.20682624113475176,0.7931737588652482
9406,YGL097W YJL074C,0.0,NA,2.978001612063963e-05,669,2332,8948,459,0.7750644745325597,0.22292569143618793,0.5930851063829787,0.20673758865248226,0.7932624113475177
9407,YJR048W YDL006W,0.0,NA,2.9829727282049134e-05,669,2331,8949,459,0.7751450676982592,0.223,0.5930851063829787,0.20664893617021277,0.7933510638297873
9408,YDR212W YJR134C,0.0,NA,2.9898477805545554e-05,669,2330,8950,459,0.7752256608639587,0.22307435811937312,0.5930851063829787,0.20656028368794327,0.7934397163120568
9409,YIL088C YLR414C,0.0,NA,2.9916187486378476e-05,669,2329,8951,459,0.7753062540296582,0.22314876584389592,0.5930851063829787,0.20647163120567377,0.7935283687943262
9410,YMR012W YJL096W,0.0,NA,3.0036653697607107e-05,669,2328,8952,459,0.7753868471953579,0.22322322322322322,0.5930851063829787,0.20638297872340425,0.7936170212765957
9411,YBR137W YDR536W,0.0,NA,3.0430030165007338e-05,669,2327,8953,459,0.7754674403610574,0.22329773030707611,0.5930851063829787,0.20629432624113475,0.7937056737588652
9412,YAL044W-A YJL002C,0.0,NA,3.060169910895638e-05,669,2326,8954,459,0.7755480335267569,0.22337228714524207,0.5930851063829787,0.20620567375886525,0.7937943262411348
9413,YPR103W YPR024W,1.0,NA,3.063127587665804e-05,668,2326,8954,460,0.7754674403610574,0.22311289245156982,0.5921985815602837,0.20620567375886525,0.7937943262411348
9414,YFR016C YDR422C,0.0,NA,3.069508238695562e-05,668,2325,8955,460,0.7755480335267569,0.2231874373538256,0.5921985815602837,0.20611702127659576,0.7938829787234043
9415,YBR173C YOR283W,0.0,NA,3.072442632401362e-05,668,2324,8956,460,0.7756286266924565,0.2232620320855615,0.5921985815602837,0.20602836879432623,0.7939716312056737
9416,YOR059C YDR104C,0.0,NA,3.088505764026195e-05,668,2323,8957,460,0.775709219858156,0.22333667669675694,0.5921985815602837,0.20593971631205674,0.7940602836879432
9417,YMR235C YMR200W,0.0,NA,3.093811756116338e-05,668,2322,8958,460,0.7757898130238555,0.2234113712374582,0.5921985815602837,0.20585106382978724,0.7941489361702128
9418,YIL108W YER143W,1.0,NA,3.096710497629829e-05,667,2322,8958,461,0.775709219858156,0.2231515557042489,0.5913120567375887,0.20585106382978724,0.7941489361702128
9419,YIL042C YPR072W,0.0,NA,3.098205343121663e-05,667,2321,8959,461,0.7757898130238555,0.22322623828647925,0.5913120567375887,0.20576241134751774,0.7942375886524823
9420,YGR059W YPL016W,0.0,NA,3.105464202235453e-05,667,2320,8960,461,0.7758704061895552,0.22330097087378642,0.5913120567375887,0.20567375886524822,0.7943262411347518
9421,YLR131C YBR141C,0.0,NA,3.1147475965553895e-05,667,2319,8961,461,0.7759509993552547,0.22337575351640993,0.5913120567375887,0.20558510638297872,0.7944148936170212
9422,YLR226W YLR467W,0.0,NA,3.1225456041283906e-05,667,2318,8962,461,0.7760315925209542,0.2234505862646566,0.5913120567375887,0.20549645390070923,0.7945035460992907
9423,YMR163C YHR166C,0.0,NA,3.132160782115534e-05,667,2317,8963,461,0.7761121856866537,0.22352546916890081,0.5913120567375887,0.20540780141843973,0.7945921985815603
9424,YFL034C-A YNL127W,0.0,NA,3.135011866106652e-05,667,2316,8964,461,0.7761927788523533,0.2236004022795843,0.5913120567375887,0.2053191489361702,0.7946808510638298
9425,YER093C YDL180W,0.0,NA,3.1443774787476286e-05,667,2315,8965,461,0.7762733720180529,0.22367538564721665,0.5913120567375887,0.2052304964539007,0.7947695035460993
9426,YKL188C YLR261C,0.0,NA,3.155612284899689e-05,667,2314,8966,461,0.7763539651837524,0.22375041932237505,0.5913120567375887,0.2051418439716312,0.7948581560283688
9427,YDR283C YGR120C,0.0,NA,3.164804365951568e-05,667,2313,8967,461,0.776434558349452,0.2238255033557047,0.5913120567375887,0.2050531914893617,0.7949468085106383
9428,YKR103W YJR132W,0.0,NA,3.166090027661994e-05,667,2312,8968,461,0.7765151515151515,0.22390063779791877,0.5913120567375887,0.2049645390070922,0.7950354609929078
9429,YGL005C YCR097W,0.0,NA,3.1712632335256785e-05,667,2311,8969,461,0.776595744680851,0.22397582269979852,0.5913120567375887,0.2048758865248227,0.7951241134751773
9430,YDR182W YHR068W,0.0,NA,3.17329031531699e-05,667,2310,8970,461,0.7766763378465507,0.22405105811219347,0.5913120567375887,0.2047872340425532,0.7952127659574468
9431,YGR098C YNL239W,1.0,NA,3.187520997016691e-05,666,2310,8970,462,0.776595744680851,0.22379032258064516,0.5904255319148937,0.2047872340425532,0.7952127659574468
9432,YNL068C YPL101W,0.0,NA,3.2174626539926976e-05,666,2309,8971,462,0.7766763378465507,0.2238655462184874,0.5904255319148937,0.2046985815602837,0.7953014184397164
9433,YGL094C YLR341W,0.0,NA,3.234148243791424e-05,666,2308,8972,462,0.7767569310122502,0.22394082044384667,0.5904255319148937,0.20460992907801417,0.7953900709219858
9434,YLR203C YDL139C,0.0,NA,3.241286685806699e-05,666,2307,8973,462,0.7768375241779497,0.22401614530776992,0.5904255319148937,0.20452127659574468,0.7954787234042553
9435,YPR103W YER094C,1.0,NA,3.249593646614812e-05,665,2307,8973,463,0.7767569310122502,0.2237550471063257,0.5895390070921985,0.20452127659574468,0.7954787234042553
9436,YDL015C YOR194C,0.0,NA,3.2526382710784674e-05,665,2306,8974,463,0.7768375241779497,0.2238303601480983,0.5895390070921985,0.20443262411347518,0.7955673758865248
9437,YOR391C YER078C,1.0,NA,3.2548010494792834e-05,664,2306,8974,464,0.7767569310122502,0.22356902356902356,0.5886524822695035,0.20443262411347518,0.7955673758865248
9438,YIL108W YOR391C,1.0,NA,3.258130163885653e-05,663,2306,8974,465,0.7766763378465507,0.2233075109464466,0.5877659574468085,0.20443262411347518,0.7955673758865248
9439,YDL176W YDR240C,0.0,NA,3.2652471418259665e-05,663,2305,8975,465,0.7767569310122502,0.22338274932614555,0.5877659574468085,0.20434397163120568,0.7956560283687943
9440,YNR032W YKL001C,0.0,NA,3.282715624663979e-05,663,2304,8976,465,0.7768375241779497,0.22345803842264914,0.5877659574468085,0.20425531914893616,0.7957446808510639
9441,YFL011W YIL144W,0.0,NA,3.283683327026665e-05,663,2303,8977,465,0.7769181173436492,0.22353337828725556,0.5877659574468085,0.20416666666666666,0.7958333333333333
9442,YGR038W YDR090C,0.0,NA,3.294482303317636e-05,663,2302,8978,465,0.7769987105093488,0.22360876897133222,0.5877659574468085,0.20407801418439717,0.7959219858156028
9443,YNL121C YDL193W,0.0,NA,3.299679883639328e-05,663,2301,8979,465,0.7770793036750484,0.2236842105263158,0.5877659574468085,0.20398936170212767,0.7960106382978723
9444,YPL274W YDR338C,0.0,NA,3.307997758383863e-05,663,2300,8980,465,0.7771598968407479,0.22375970300371245,0.5877659574468085,0.20390070921985815,0.7960992907801419
9445,YPL042C YKL184W,0.0,NA,3.313551496830769e-05,663,2299,8981,465,0.7772404900064475,0.22383524645509792,0.5877659574468085,0.20381205673758865,0.7961879432624114
9446,YMR121C YNL220W,0.0,NA,3.333010317874141e-05,663,2298,8982,465,0.777321083172147,0.22391084093211752,0.5877659574468085,0.20372340425531915,0.7962765957446809
9447,YBR296C YKL104C,0.0,NA,3.3373868063790724e-05,663,2297,8983,465,0.7774016763378465,0.22398648648648647,0.5877659574468085,0.20363475177304965,0.7963652482269503
9448,YIL108W YJR126C,1.0,NA,3.351176928845234e-05,662,2297,8983,466,0.777321083172147,0.2237242311591754,0.5868794326241135,0.20363475177304965,0.7963652482269503
9449,YLR203C YKL028W,0.0,NA,3.353207284817472e-05,662,2296,8984,466,0.7774016763378465,0.22379986477349562,0.5868794326241135,0.20354609929078013,0.7964539007092198
9450,YGR141W YMR086W,0.0,NA,3.368700708961114e-05,662,2295,8985,466,0.7774822695035462,0.2238755495434562,0.5868794326241135,0.20345744680851063,0.7965425531914894
9451,YHR211W YEL061C,0.0,NA,3.3725613320712e-05,662,2294,8986,466,0.7775628626692457,0.2239512855209743,0.5868794326241135,0.20336879432624114,0.7966312056737589
9452,YDL139C YIL101C,0.0,NA,3.373185245436616e-05,662,2293,8987,466,0.7776434558349452,0.22402707275803724,0.5868794326241135,0.20328014184397164,0.7967198581560284
9453,YER078C YLR163C,1.0,NA,3.383443254278973e-05,661,2293,8987,467,0.7775628626692457,0.22376438727149628,0.5859929078014184,0.20328014184397164,0.7967198581560284
9454,YER105C YDR428C,0.0,NA,3.3869036997202784e-05,661,2292,8988,467,0.7776434558349452,0.2238401625465628,0.5859929078014184,0.20319148936170212,0.7968085106382978
9455,YGR098C YDR394W,1.0,NA,3.3884673030115664e-05,660,2292,8988,468,0.7775628626692457,0.22357723577235772,0.5851063829787234,0.20319148936170212,0.7968085106382978
9456,YDR536W YFR036W,0.0,NA,3.390655547264032e-05,660,2291,8989,468,0.7776434558349452,0.22365299898339547,0.5851063829787234,0.20310283687943262,0.7968971631205674
9457,YNL181W YJR074W,0.0,NA,3.39412727043964e-05,660,2290,8990,468,0.7777240490006447,0.22372881355932203,0.5851063829787234,0.20301418439716312,0.7969858156028369
9458,YLR131C YKR063C,0.0,NA,3.409042619750835e-05,660,2289,8991,468,0.7778046421663443,0.22380467955239064,0.5851063829787234,0.20292553191489363,0.7970744680851064
9459,YJR153W YDL035C,0.0,NA,3.441589797148481e-05,660,2288,8992,468,0.7778852353320438,0.22388059701492538,0.5851063829787234,0.2028368794326241,0.7971631205673759
9460,YIR012W YPL174C,0.0,NA,3.4459972084732726e-05,660,2287,8993,468,0.7779658284977434,0.22395656599932134,0.5851063829787234,0.2027482269503546,0.7972517730496453
9461,YDR240C YGL178W,0.0,NA,3.450456279097125e-05,660,2286,8994,468,0.778046421663443,0.2240325865580448,0.5851063829787234,0.2026595744680851,0.7973404255319149
9462,YKL126W YPR032W,0.0,NA,3.483930413494818e-05,660,2285,8995,468,0.7781270148291425,0.22410865874363328,0.5851063829787234,0.2025709219858156,0.7974290780141844
9463,YNL326C YBL097W,0.0,NA,3.5024255339521915e-05,660,2284,8996,468,0.778207607994842,0.22418478260869565,0.5851063829787234,0.2024822695035461,0.7975177304964539
9464,YBR019C YCR040W,0.0,NA,3.534664210746996e-05,660,2283,8997,468,0.7782882011605415,0.22426095820591233,0.5851063829787234,0.2023936170212766,0.7976063829787234
9465,YIL051C YNL202W,0.0,NA,3.5372406273381785e-05,660,2282,8998,468,0.7783687943262412,0.22433718558803534,0.5851063829787234,0.2023049645390071,0.797695035460993
9466,YOR204W YOR310C,0.0,NA,3.5533947084331885e-05,660,2281,8999,468,0.7784493874919407,0.22441346480788849,0.5851063829787234,0.2022163120567376,0.7977836879432624
9467,YOR014W YPR185W,0.0,NA,3.5598932299762964e-05,660,2280,9000,468,0.7785299806576402,0.22448979591836735,0.5851063829787234,0.20212765957446807,0.7978723404255319
9468,YGR207C YBR019C,0.0,NA,3.5661487345350906e-05,660,2279,9001,468,0.7786105738233398,0.2245661789724396,0.5851063829787234,0.20203900709219857,0.7979609929078014
9469,YMR179W YIL115C,0.0,NA,3.5859280615113676e-05,660,2278,9002,468,0.7786911669890393,0.224642614023145,0.5851063829787234,0.20195035460992908,0.798049645390071
9470,YER151C YER094C,1.0,NA,3.622194708441384e-05,659,2278,9002,469,0.7786105738233398,0.22437861763704461,0.5842198581560284,0.20195035460992908,0.798049645390071
9471,YEL012W YDL193W,0.0,NA,3.642392766778357e-05,659,2277,9003,469,0.7786911669890393,0.2244550408719346,0.5842198581560284,0.20186170212765958,0.7981382978723405
9472,YDR207C YPL249C,0.0,NA,3.6667886888608336e-05,659,2276,9004,469,0.7787717601547389,0.22453151618398637,0.5842198581560284,0.20177304964539008,0.7982269503546099
9473,YNL311C YOR120W,0.0,NA,3.677199492813088e-05,659,2275,9005,469,0.7788523533204385,0.22460804362644854,0.5842198581560284,0.20168439716312056,0.7983156028368794
9474,YPR043W YAL044W-A,0.0,NA,3.680774534586817e-05,659,2274,9006,469,0.778932946486138,0.22468462325264235,0.5842198581560284,0.20159574468085106,0.7984042553191489
9475,YOL125W YDR166C,0.0,NA,3.6948276829207316e-05,659,2273,9007,469,0.7790135396518375,0.2247612551159618,0.5842198581560284,0.20150709219858157,0.7984929078014185
9476,YNL066W YDL229W,0.0,NA,3.701704918057658e-05,659,2272,9008,469,0.779094132817537,0.22483793926987378,0.5842198581560284,0.20141843971631207,0.798581560283688
9477,YDR362C YMR087W,0.0,NA,3.702891626744531e-05,659,2271,9009,469,0.7791747259832367,0.2249146757679181,0.5842198581560284,0.20132978723404255,0.7986702127659574
9478,YAL044W-A YNL126W,0.0,NA,3.7030185922048986e-05,659,2270,9010,469,0.7792553191489362,0.22499146466370776,0.5842198581560284,0.20124113475177305,0.7987588652482269
9479,YKL132C YBR283C,0.0,NA,3.7041594623588026e-05,659,2269,9011,469,0.7793359123146357,0.22506830601092895,0.5842198581560284,0.20115248226950355,0.7988475177304964
9480,YIL087C YIL042C,0.0,NA,3.711765384650789e-05,659,2268,9012,469,0.7794165054803353,0.2251451998633413,0.5842198581560284,0.20106382978723406,0.798936170212766
9481,YPL218W YKR042W,0.0,NA,3.7283007259247825e-05,659,2267,9013,469,0.7794970986460348,0.22522214627477785,0.5842198581560284,0.20097517730496453,0.7990248226950355
9482,YPR103W YLR163C,1.0,NA,3.734513666131534e-05,658,2267,9013,470,0.7794165054803353,0.22495726495726495,0.5833333333333334,0.20097517730496453,0.7990248226950355
9483,YIL108W YDR434W,1.0,NA,3.7362340663094074e-05,657,2267,9013,471,0.7793359123146357,0.2246922024623803,0.5824468085106383,0.20097517730496453,0.7990248226950355
9484,YBR136W YIL017C,0.0,NA,3.7383015296654776e-05,657,2266,9014,471,0.7794165054803353,0.2247690728703387,0.5824468085106383,0.20088652482269503,0.7991134751773049
9485,YOR077W YIL009C-A,0.0,NA,3.7581106880679727e-05,657,2265,9015,471,0.7794970986460348,0.22484599589322382,0.5824468085106383,0.20079787234042554,0.7992021276595744
9486,YPL274W YPL174C,0.0,NA,3.7620335206156597e-05,657,2264,9016,471,0.7795776918117344,0.2249229715850736,0.5824468085106383,0.20070921985815604,0.799290780141844
9487,YLR284C YJR135W-A,0.0,NA,3.762152118724771e-05,657,2263,9017,471,0.779658284977434,0.225,0.5824468085106383,0.20062056737588652,0.7993794326241135
9488,YKL011C YPL007C,0.0,NA,3.7647645513061434e-05,657,2262,9018,471,0.7797388781431335,0.2250770811921891,0.5824468085106383,0.20053191489361702,0.799468085106383
9489,YOR038C YNL304W,0.0,NA,3.7690901081077754e-05,657,2261,9019,471,0.779819471308833,0.22515421521590132,0.5824468085106383,0.20044326241134752,0.7995567375886525
9490,YBR207W YDR338C,0.0,NA,3.791780545725487e-05,657,2260,9020,471,0.7799000644745325,0.22523140212547138,0.5824468085106383,0.20035460992907803,0.799645390070922
9491,YDL229W YKL071W,0.0,NA,3.793509677052498e-05,657,2259,9021,471,0.7799806576402321,0.22530864197530864,0.5824468085106383,0.2002659574468085,0.7997340425531915
9492,YKL014C YML080W,0.0,NA,3.804737207246944e-05,657,2258,9022,471,0.7800612508059317,0.22538593481989708,0.5824468085106383,0.200177304964539,0.799822695035461
9493,YAL044C YIL013C,0.0,NA,3.829201523330994e-05,657,2257,9023,471,0.7801418439716312,0.22546328071379548,0.5824468085106383,0.2000886524822695,0.7999113475177305
9494,YGL002W YML118W,0.0,NA,3.830173227470368e-05,657,2256,9024,471,0.7802224371373307,0.2255406797116375,0.5824468085106383,0.2,0.8
9495,YPR024W YER143W,1.0,NA,3.8508402212755755e-05,656,2256,9024,472,0.7801418439716312,0.22527472527472528,0.5815602836879432,0.2,0.8
9496,YDR165W YNL148C,0.0,NA,3.859428034047596e-05,656,2255,9025,472,0.7802224371373307,0.22535211267605634,0.5815602836879432,0.1999113475177305,0.8000886524822695
9497,YPL119C YER174C,0.0,NA,3.8691421650582924e-05,656,2254,9026,472,0.7803030303030303,0.22542955326460482,0.5815602836879432,0.199822695035461,0.800177304964539
9498,YLR240W YOL013C,0.0,NA,3.876728442264721e-05,656,2253,9027,472,0.7803836234687298,0.22550704709522174,0.5815602836879432,0.1997340425531915,0.8002659574468085
9499,YLR438C-A YNL127W,0.0,NA,3.878440475091338e-05,656,2252,9028,472,0.7804642166344294,0.22558459422283356,0.5815602836879432,0.199645390070922,0.800354609929078
9500,YOR022C YMR309C,0.0,NA,3.878851202898659e-05,656,2251,9029,472,0.780544809800129,0.2256621947024424,0.5815602836879432,0.19955673758865247,0.8004432624113476
9501,YDR392W YNR031C,0.0,NA,3.879842552123591e-05,656,2250,9030,472,0.7806254029658285,0.22573984858912594,0.5815602836879432,0.19946808510638298,0.800531914893617
9502,YCR027C YAR019C,0.0,NA,3.883655517711304e-05,656,2249,9031,472,0.780705996131528,0.22581755593803787,0.5815602836879432,0.19937943262411348,0.8006205673758865
9503,YHR050W YJR014W,0.0,NA,3.89150736737065e-05,656,2248,9032,472,0.7807865892972276,0.22589531680440772,0.5815602836879432,0.19929078014184398,0.800709219858156
9504,YNL004W YJL074C,0.0,NA,3.8980891986284405e-05,656,2247,9033,472,0.7808671824629272,0.22597313124354115,0.5815602836879432,0.19920212765957446,0.8007978723404255
9505,YIL091C YJL062W-A,0.0,NA,3.9052480133250356e-05,656,2246,9034,472,0.7809477756286267,0.22605099931082012,0.5815602836879432,0.19911347517730496,0.8008865248226951
9506,YOR194C YDL211C,0.0,NA,3.907908103428781e-05,656,2245,9035,472,0.7810283687943262,0.22612892106170285,0.5815602836879432,0.19902482269503546,0.8009751773049646
9507,YOL153C YPL088W,0.0,NA,3.910953819286078e-05,656,2244,9036,472,0.7811089619600258,0.22620689655172413,0.5815602836879432,0.19893617021276597,0.801063829787234
9508,YER144C YNL239W,1.0,NA,3.9187303627841175e-05,655,2244,9036,473,0.7810283687943262,0.225939979303208,0.5806737588652482,0.19893617021276597,0.801063829787234
9509,YJL094C YKL201C,0.0,NA,3.928256410290487e-05,655,2243,9037,473,0.7811089619600258,0.22601794340924775,0.5806737588652482,0.19884751773049644,0.8011524822695035
9510,YOR193W YLR274W,0.0,NA,3.928900696337223e-05,655,2242,9038,473,0.7811895551257253,0.22609596133931653,0.5806737588652482,0.19875886524822695,0.801241134751773
9511,YJR057W YLR131C,0.0,NA,3.951814869651571e-05,655,2241,9039,473,0.7812701482914249,0.22617403314917128,0.5806737588652482,0.19867021276595745,0.8013297872340426
9512,YIL087C YOR374W,0.0,NA,3.956219006795436e-05,655,2240,9040,473,0.7813507414571245,0.22625215889464595,0.5806737588652482,0.19858156028368795,0.8014184397163121
9513,YOR138C YNL061W,0.0,NA,3.9655489672441036e-05,655,2239,9041,473,0.781431334622824,0.2263303386316517,0.5806737588652482,0.19849290780141843,0.8015070921985815
9514,YJL052W YER164W,0.0,NA,3.96946124965325e-05,655,2238,9042,473,0.7815119277885235,0.22640857241617698,0.5806737588652482,0.19840425531914893,0.801595744680851
9515,YJR132W YOR264W,0.0,NA,3.980397013947368e-05,655,2237,9043,473,0.781592520954223,0.2264868603042877,0.5806737588652482,0.19831560283687943,0.8016843971631206
9516,YPL270W YNR007C,0.0,NA,3.983955684816465e-05,655,2236,9044,473,0.7816731141199227,0.2265652023521273,0.5806737588652482,0.19822695035460994,0.8017730496453901
9517,YDL241W YMR016C,0.0,NA,3.986809679190628e-05,655,2235,9045,473,0.7817537072856222,0.22664359861591696,0.5806737588652482,0.1981382978723404,0.8018617021276596
9518,YLR445W YNL124W,0.0,NA,3.991915218648501e-05,655,2234,9046,473,0.7818343004513217,0.2267220491519557,0.5806737588652482,0.19804964539007092,0.801950354609929
9519,YML094W YAR066W,0.0,NA,4.072909359820187e-05,655,2233,9047,473,0.7819148936170213,0.2268005540166205,0.5806737588652482,0.19796099290780142,0.8020390070921986
9520,YMR262W YKR070W,0.0,NA,4.086775516043417e-05,655,2232,9048,473,0.7819954867827208,0.22687911326636648,0.5806737588652482,0.19787234042553192,0.8021276595744681
9521,YNL014W YPL158C,0.0,NA,4.1052710002986714e-05,655,2231,9049,473,0.7820760799484203,0.22695772695772695,0.5806737588652482,0.1977836879432624,0.8022163120567376
9522,YER164W YEL012W,0.0,NA,4.132353569730185e-05,655,2230,9050,473,0.78215667311412,0.2270363951473137,0.5806737588652482,0.1976950354609929,0.8023049645390071
9523,YGL143C YDL238C,0.0,NA,4.135889685130678e-05,655,2229,9051,473,0.7822372662798195,0.22711511789181693,0.5806737588652482,0.1976063829787234,0.8023936170212767
9524,YIR006C YPL167C,0.0,NA,4.14542191720102e-05,655,2228,9052,473,0.782317859445519,0.22719389524800554,0.5806737588652482,0.1975177304964539,0.8024822695035461
9525,YNL146W YDR219C,0.0,NA,4.1495313780615106e-05,655,2227,9053,473,0.7823984526112185,0.22727272727272727,0.5806737588652482,0.19742907801418438,0.8025709219858156
9526,YJR140C YDR162C,0.0,NA,4.151355824433267e-05,655,2226,9054,473,0.7824790457769181,0.2273516140229087,0.5806737588652482,0.1973404255319149,0.8026595744680851
9527,YDR152W YER163C,0.0,NA,4.2206702346447855e-05,655,2225,9055,473,0.7825596389426177,0.22743055555555555,0.5806737588652482,0.1972517730496454,0.8027482269503546
9528,YOR138C YCL044C,0.0,NA,4.2509695049375296e-05,655,2224,9056,473,0.7826402321083172,0.22750955192775268,0.5806737588652482,0.1971631205673759,0.8028368794326242
9529,YJL201W YLR270W,0.0,NA,4.2524658056208864e-05,655,2223,9057,473,0.7827208252740168,0.22758860319666435,0.5806737588652482,0.1970744680851064,0.8029255319148936
9530,YKL146W YDR281C,0.0,NA,4.25513535446953e-05,655,2222,9058,473,0.7828014184397163,0.22766770941953424,0.5806737588652482,0.19698581560283687,0.8030141843971631
9531,YGR106C YKR055W,0.0,NA,4.262002767063677e-05,655,2221,9059,473,0.7828820116054158,0.22774687065368568,0.5806737588652482,0.19689716312056738,0.8031028368794326
9532,YGR098C YJL172W,1.0,NA,4.270208228263073e-05,654,2221,9059,474,0.7828014184397163,0.2274782608695652,0.5797872340425532,0.19689716312056738,0.8031028368794326
9533,YOR391C YJL172W,1.0,NA,4.275444007362239e-05,653,2221,9059,475,0.7827208252740168,0.22720946416144747,0.5789007092198581,0.19689716312056738,0.8031028368794326
9534,YDR354W YNR048W,0.0,NA,4.289599382900633e-05,653,2220,9060,475,0.7828014184397163,0.2272885485555169,0.5789007092198581,0.19680851063829788,0.8031914893617021
9535,YBL030C YPL174C,0.0,NA,4.303177411202341e-05,653,2219,9061,475,0.7828820116054158,0.22736768802228413,0.5789007092198581,0.19671985815602838,0.8032801418439717
9536,YCL021W-A YNL124W,0.0,NA,4.345043998910114e-05,653,2218,9062,475,0.7829626047711155,0.2274468826192964,0.5789007092198581,0.19663120567375886,0.8033687943262411
9537,YIL063C YLR247C,0.0,NA,4.3635554902721196e-05,653,2217,9063,475,0.783043197936815,0.22752613240418118,0.5789007092198581,0.19654255319148936,0.8034574468085106
9538,YER166W YAL041W,0.0,NA,4.371398244984448e-05,653,2216,9064,475,0.7831237911025145,0.22760543743464623,0.5789007092198581,0.19645390070921986,0.8035460992907801
9539,YNL137C YDR227W,0.0,NA,4.3847372580785304e-05,653,2215,9065,475,0.783204384268214,0.22768479776847977,0.5789007092198581,0.19636524822695037,0.8036347517730497
9540,YJL006C YNR007C,0.0,NA,4.388924935483374e-05,653,2214,9066,475,0.7832849774339136,0.22776421346355075,0.5789007092198581,0.19627659574468084,0.8037234042553192
9541,YER138C YKL134C,1.0,NA,4.394273128127679e-05,652,2214,9066,476,0.783204384268214,0.2274947662247034,0.5780141843971631,0.19627659574468084,0.8037234042553192
9542,YEL065W YDR338C,0.0,NA,4.4081065425416455e-05,652,2213,9067,476,0.7832849774339136,0.2275741710296684,0.5780141843971631,0.19618794326241135,0.8038120567375886
9543,YER143W YLR163C,1.0,NA,4.4317908759694546e-05,651,2213,9067,477,0.783204384268214,0.227304469273743,0.5771276595744681,0.19618794326241135,0.8038120567375886
9544,YOR393W YDR519W,0.0,NA,4.4470358261605725e-05,651,2212,9068,477,0.7832849774339136,0.2273838630806846,0.5771276595744681,0.19609929078014185,0.8039007092198581
9545,YKL146W YKL196C,0.0,NA,4.4651300413534045e-05,651,2211,9069,477,0.7833655705996132,0.22746331236897274,0.5771276595744681,0.19601063829787235,0.8039893617021276
9546,YIL176C YIL033C,0.0,NA,4.469083432923071e-05,651,2210,9070,477,0.7834461637653127,0.22754281719678435,0.5771276595744681,0.19592198581560283,0.8040780141843972
9547,YJR161C YPR032W,0.0,NA,4.470890780794434e-05,651,2209,9071,477,0.7835267569310123,0.2276223776223776,0.5771276595744681,0.19583333333333333,0.8041666666666667
9548,YHL023C YBL030C,0.0,NA,4.4724041799781844e-05,651,2208,9072,477,0.7836073500967118,0.22770199370409233,0.5771276595744681,0.19574468085106383,0.8042553191489362
9549,YGL095C YDR519W,0.0,NA,4.5069689804222435e-05,651,2207,9073,477,0.7836879432624113,0.2277816655003499,0.5771276595744681,0.19565602836879434,0.8043439716312056
9550,YIL063C YPR031W,0.0,NA,4.507501580519602e-05,651,2206,9074,477,0.783768536428111,0.22786139306965347,0.5771276595744681,0.1955673758865248,0.8044326241134752
9551,YGR179C YOR265W,0.0,NA,4.51854539278429e-05,651,2205,9075,477,0.7838491295938105,0.22794117647058823,0.5771276595744681,0.19547872340425532,0.8045212765957447
9552,YKL133C YDL001W,0.0,NA,4.521389928413555e-05,651,2204,9076,477,0.78392972275951,0.22802101576182138,0.5771276595744681,0.19539007092198582,0.8046099290780142
9553,YPL098C YER105C,0.0,NA,4.533375249593519e-05,651,2203,9077,477,0.7840103159252095,0.2281009110021023,0.5771276595744681,0.19530141843971632,0.8046985815602837
9554,YOR254C YBR115C,0.0,NA,4.533785977400839e-05,651,2202,9078,477,0.7840909090909091,0.22818086225026288,0.5771276595744681,0.1952127659574468,0.8047872340425531
9555,YGR048W YIL070C,0.0,NA,4.535662810667418e-05,651,2201,9079,477,0.7841715022566086,0.22826086956521738,0.5771276595744681,0.1951241134751773,0.8048758865248227
9556,YDR038C YJL078C,0.0,NA,4.575648927129805e-05,651,2200,9080,477,0.7842520954223082,0.2283409330059628,0.5771276595744681,0.1950354609929078,0.8049645390070922
9557,YPR069C YNR031C,0.0,NA,4.577228537527844e-05,651,2199,9081,477,0.7843326885880078,0.22842105263157894,0.5771276595744681,0.1949468085106383,0.8050531914893617
9558,YKL024C YHR057C,0.0,NA,4.596956932800822e-05,651,2198,9082,477,0.7844132817537073,0.2285012285012285,0.5771276595744681,0.19485815602836878,0.8051418439716312
9559,YDR316W YEL012W,0.0,NA,4.604178320732899e-05,651,2197,9083,477,0.7844938749194068,0.2285814606741573,0.5771276595744681,0.1947695035460993,0.8052304964539007
9560,YOR291W YJL225C,0.0,NA,4.606225047609769e-05,651,2196,9084,477,0.7845744680851063,0.22866174920969443,0.5771276595744681,0.1946808510638298,0.8053191489361702
9561,YJR048W YAR027W,0.0,NA,4.6161014324752614e-05,651,2195,9085,477,0.784655061250806,0.22874209416725227,0.5771276595744681,0.1945921985815603,0.8054078014184397
9562,YDL104C YHR200W,1.0,NA,4.6246976125985384e-05,650,2195,9085,478,0.7845744680851063,0.22847100175746923,0.5762411347517731,0.1945921985815603,0.8054078014184397
9563,YKL186C YBR041W,0.0,NA,4.626387089956552e-05,650,2194,9086,478,0.784655061250806,0.22855133614627285,0.5762411347517731,0.19450354609929077,0.8054964539007092
9564,YNL199C YNL016W,0.0,NA,4.6370852942345664e-05,650,2193,9087,478,0.7847356544165055,0.228631727048892,0.5762411347517731,0.19441489361702127,0.8055851063829788
9565,YPL059W YBR168W,0.0,NA,4.6388100599870086e-05,650,2192,9088,478,0.784816247582205,0.2287121745249824,0.5762411347517731,0.19432624113475178,0.8056737588652483
9566,YPL119C YDR532C,0.0,NA,4.684192026616074e-05,650,2191,9089,478,0.7848968407479046,0.2287926786342837,0.5762411347517731,0.19423758865248228,0.8057624113475177
9567,YLR265C YBR163W,0.0,NA,4.723013626062311e-05,650,2190,9090,478,0.7849774339136041,0.22887323943661972,0.5762411347517731,0.19414893617021275,0.8058510638297872
9568,YDR460W YPR166C,0.0,NA,4.7456058382522315e-05,650,2189,9091,478,0.7850580270793037,0.22895385699189855,0.5762411347517731,0.19406028368794326,0.8059397163120567
9569,YJR046W YOR349W,0.0,NA,4.753060784423724e-05,650,2188,9092,478,0.7851386202450032,0.22903453136011276,0.5762411347517731,0.19397163120567376,0.8060283687943263
9570,YNL267W YOR258W,0.0,NA,4.756869748234749e-05,650,2187,9093,478,0.7852192134107028,0.22911526260133944,0.5762411347517731,0.19388297872340426,0.8061170212765958
9571,YDR171W YMR137C,0.0,NA,4.76747372886166e-05,650,2186,9094,478,0.7852998065764023,0.22919605077574048,0.5762411347517731,0.19379432624113474,0.8062056737588652
9572,YKL002W YMR158W,0.0,NA,4.8285794036928564e-05,650,2185,9095,478,0.7853803997421018,0.2292768959435626,0.5762411347517731,0.19370567375886524,0.8062943262411347
9573,YLR203C YKL051W,0.0,NA,4.8434198106406257e-05,650,2184,9096,478,0.7854609929078015,0.22935779816513763,0.5762411347517731,0.19361702127659575,0.8063829787234043
9574,YNL271C YCR033W,0.0,NA,4.845997682423331e-05,650,2183,9097,478,0.785541586073501,0.22943875750088247,0.5762411347517731,0.19352836879432625,0.8064716312056738
9575,YDR060W YAR002W,0.0,NA,4.8473841161467135e-05,650,2182,9098,478,0.7856221792392005,0.22951977401129944,0.5762411347517731,0.19343971631205673,0.8065602836879433
9576,YER143W YKL134C,1.0,NA,4.867037569056265e-05,649,2182,9098,479,0.785541586073501,0.22924761568350407,0.575354609929078,0.19343971631205673,0.8065602836879433
9577,YDR244W YGL143C,0.0,NA,4.874715887126513e-05,649,2181,9099,479,0.7856221792392005,0.2293286219081272,0.575354609929078,0.19335106382978723,0.8066489361702127
9578,YDL188C YAR066W,0.0,NA,4.9147038225783035e-05,649,2180,9100,479,0.7857027724049,0.22940968540120185,0.575354609929078,0.19326241134751773,0.8067375886524822
9579,YDL088C YIL033C,0.0,NA,4.917001206194982e-05,649,2179,9101,479,0.7857833655705996,0.2294908062234795,0.575354609929078,0.19317375886524824,0.8068262411347518
9580,YOR064C YDL193W,0.0,NA,4.940365397487767e-05,649,2178,9102,479,0.7858639587362991,0.22957198443579765,0.575354609929078,0.1930851063829787,0.8069148936170213
9581,YKL064W YBR176W,0.0,NA,4.970116788172163e-05,649,2177,9103,479,0.7859445519019987,0.22965322009907999,0.575354609929078,0.19299645390070921,0.8070035460992908
9582,YPR003C YGR048W,0.0,NA,4.994538176106289e-05,649,2176,9104,479,0.7860251450676983,0.22973451327433628,0.575354609929078,0.19290780141843972,0.8070921985815603
9583,YMR134W YDR294C,0.0,NA,4.995171548216604e-05,649,2175,9105,479,0.7861057382333978,0.22981586402266288,0.575354609929078,0.19281914893617022,0.8071808510638298
9584,YBR008C YJR120W,0.0,NA,5.010787208448164e-05,649,2174,9106,479,0.7861863313990973,0.22989727240524266,0.575354609929078,0.1927304964539007,0.8072695035460993
9585,YCL031C YBR029C,0.0,NA,5.021895412937738e-05,649,2173,9107,479,0.7862669245647969,0.22997873848334516,0.575354609929078,0.1926418439716312,0.8073581560283688
9586,YGL071W YAR019C,0.0,NA,5.02623115608003e-05,649,2172,9108,479,0.7863475177304965,0.23006026231832682,0.575354609929078,0.1925531914893617,0.8074468085106383
9587,YML055W YFR052W,1.0,NA,5.033152410760522e-05,648,2172,9108,480,0.7862669245647969,0.2297872340425532,0.574468085106383,0.1925531914893617,0.8074468085106383
9588,YNL121C YBR250W,0.0,NA,5.0333394028712064e-05,648,2171,9109,480,0.7863475177304965,0.22986874778290173,0.574468085106383,0.1924645390070922,0.8075354609929078
9589,YBR203W YLL019C,0.0,NA,5.050408071838319e-05,648,2170,9110,480,0.786428110896196,0.22995031937544358,0.574468085106383,0.19237588652482268,0.8076241134751773
9590,YBR299W YDR217C,0.0,NA,5.0530721637187526e-05,648,2169,9111,480,0.7865087040618955,0.23003194888178913,0.574468085106383,0.19228723404255318,0.8077127659574468
9591,YDR060W YNL062C,0.0,NA,5.054026405559853e-05,648,2168,9112,480,0.7865892972275951,0.23011363636363635,0.574468085106383,0.1921985815602837,0.8078014184397163
9592,YMR156C YDR363W-A,0.0,NA,5.118780245538801e-05,648,2167,9113,480,0.7866698903932946,0.23019538188277086,0.574468085106383,0.1921099290780142,0.8078900709219858
9593,YOR047C YPL158C,0.0,NA,5.164521644474007e-05,648,2166,9114,480,0.7867504835589942,0.2302771855010661,0.574468085106383,0.1920212765957447,0.8079787234042554
9594,YNL122C YJR118C,0.0,NA,5.173803947400302e-05,648,2165,9115,480,0.7868310767246938,0.23035904728048348,0.574468085106383,0.19193262411347517,0.8080673758865248
9595,YGL222C YLR247C,0.0,NA,5.1970895583508536e-05,648,2164,9116,480,0.7869116698903933,0.23044096728307253,0.574468085106383,0.19184397163120567,0.8081560283687943
9596,YKL139W YIL112W,0.0,NA,5.227474684943445e-05,648,2163,9117,480,0.7869922630560928,0.2305229455709712,0.574468085106383,0.19175531914893618,0.8082446808510638
9597,YLR438C-A YGL219C,0.0,NA,5.24763781868387e-05,648,2162,9118,480,0.7870728562217923,0.23060498220640568,0.574468085106383,0.19166666666666668,0.8083333333333333
9598,YGR013W YPL199C,0.0,NA,5.264424180495553e-05,648,2161,9119,480,0.787153449387492,0.230687077251691,0.574468085106383,0.19157801418439716,0.8084219858156029
9599,YHR112C YDL035C,0.0,NA,5.3028485126560554e-05,648,2160,9120,480,0.7872340425531915,0.23076923076923078,0.574468085106383,0.19148936170212766,0.8085106382978723
9600,YDR038C YGL261C,0.0,NA,5.304148362483829e-05,648,2159,9121,480,0.787314635718891,0.23085144282151762,0.574468085106383,0.19140070921985816,0.8085992907801418
9601,YPL249C YJR090C,0.0,NA,5.3296214900910854e-05,648,2158,9122,480,0.7873952288845906,0.23093371347113328,0.574468085106383,0.19131205673758866,0.8086879432624113
9602,YNL304W YOL153C,0.0,NA,5.329992200131528e-05,648,2157,9123,480,0.7874758220502901,0.23101604278074866,0.574468085106383,0.19122340425531914,0.8087765957446809
9603,YCR027C YHR011W,0.0,NA,5.343111843103543e-05,648,2156,9124,480,0.7875564152159897,0.23109843081312412,0.574468085106383,0.19113475177304964,0.8088652482269504
9604,YKL011C YML080W,0.0,NA,5.345328463590704e-05,648,2155,9125,480,0.7876370083816893,0.23118087763110953,0.574468085106383,0.19104609929078015,0.8089539007092199
9605,YKL204W YGL065C,0.0,NA,5.3790983656654134e-05,648,2154,9126,480,0.7877176015473888,0.23126338329764454,0.574468085106383,0.19095744680851065,0.8090425531914893
9606,YKR027W YMR173W,0.0,NA,5.401294038165361e-05,648,2153,9127,480,0.7877981947130883,0.23134594787575866,0.574468085106383,0.19086879432624113,0.8091312056737588
9607,YKL019W YCR011C,0.0,NA,5.401340240496211e-05,648,2152,9128,480,0.7878787878787878,0.23142857142857143,0.574468085106383,0.19078014184397163,0.8092198581560284
9608,YCL056C YMR058W,0.0,NA,5.417785723693669e-05,648,2151,9129,480,0.7879593810444874,0.2315112540192926,0.574468085106383,0.19069148936170213,0.8093085106382979
9609,YKR078W YLR307W,0.0,NA,5.430096643976867e-05,648,2150,9130,480,0.788039974210187,0.2315939957112223,0.574468085106383,0.19060283687943264,0.8093971631205674
9610,YDR099W YLR274W,0.0,NA,5.500806582858786e-05,648,2149,9131,480,0.7881205673758865,0.23167679656775117,0.574468085106383,0.1905141843971631,0.8094858156028368
9611,YOR324C YBR250W,0.0,NA,5.5063010222511366e-05,648,2148,9132,480,0.7882011605415861,0.2317596566523605,0.574468085106383,0.19042553191489361,0.8095744680851064
9612,YJR103W YLL021W,0.0,NA,5.533314833883196e-05,648,2147,9133,480,0.7882817537072856,0.23184257602862254,0.574468085106383,0.19033687943262412,0.8096631205673759
9613,YNR076W YJR152W,0.0,NA,5.5479722504969686e-05,648,2146,9134,480,0.7883623468729851,0.23192555476020044,0.574468085106383,0.19024822695035462,0.8097517730496454
9614,YGR188C YOL139C,0.0,NA,5.552793663810007e-05,648,2145,9135,480,0.7884429400386848,0.23200859291084855,0.574468085106383,0.1901595744680851,0.8098404255319149
9615,YPL088W YBR115C,0.0,NA,5.576519470196217e-05,648,2144,9136,480,0.7885235332043843,0.23209169054441262,0.574468085106383,0.1900709219858156,0.8099290780141843
9616,YLR438C-A YDR359C,0.0,NA,5.588225758401677e-05,648,2143,9137,480,0.7886041263700838,0.2321748477248298,0.574468085106383,0.1899822695035461,0.8100177304964539
9617,YPR070W YKL077W,0.0,NA,5.619664443656802e-05,648,2142,9138,480,0.7886847195357833,0.23225806451612904,0.574468085106383,0.1898936170212766,0.8101063829787234
9618,YDR330W YNL052W,0.0,NA,5.6485812820028514e-05,648,2141,9139,480,0.7887653127014829,0.23234134098243098,0.574468085106383,0.18980496453900708,0.8101950354609929
9619,YGR281W YKL017C,0.0,NA,5.648764636134729e-05,648,2140,9140,480,0.7888459058671825,0.23242467718794835,0.574468085106383,0.18971631205673758,0.8102836879432624
9620,YLL015W YCL050C,0.0,NA,5.6784589105518535e-05,648,2139,9141,480,0.788926499032882,0.232508073196986,0.574468085106383,0.1896276595744681,0.810372340425532
9621,YCL050C YML023C,0.0,NA,5.678902743966319e-05,648,2138,9142,480,0.7890070921985816,0.23259152907394112,0.574468085106383,0.1895390070921986,0.8104609929078014
9622,YNL204C YER167W,0.0,NA,5.687357042916119e-05,648,2137,9143,480,0.7890876853642811,0.2326750448833034,0.574468085106383,0.18945035460992907,0.8105496453900709
9623,YPL215W YHR150W,0.0,NA,5.706289812223986e-05,648,2136,9144,480,0.7891682785299806,0.23275862068965517,0.574468085106383,0.18936170212765957,0.8106382978723404
9624,YOR393W YMR119W,0.0,NA,5.717019666917622e-05,648,2135,9145,480,0.7892488716956803,0.23284225655767157,0.574468085106383,0.18927304964539007,0.81072695035461
9625,YPL158C YAL017W,0.0,NA,5.718355532735586e-05,648,2134,9146,480,0.7893294648613798,0.23292595255212079,0.574468085106383,0.18918439716312058,0.8108156028368795
9626,YOR316C YAR042W,0.0,NA,5.722408968722448e-05,648,2133,9147,480,0.7894100580270793,0.23300970873786409,0.574468085106383,0.18909574468085105,0.8109042553191489
9627,YDR394W YDR533C,1.0,NA,5.743117435486056e-05,647,2133,9147,481,0.7893294648613798,0.2327338129496403,0.5735815602836879,0.18909574468085105,0.8109042553191489
9628,YLR362W YBR023C,0.0,NA,5.747889736085199e-05,647,2132,9148,481,0.7894100580270793,0.23281756027347966,0.5735815602836879,0.18900709219858156,0.8109929078014184
9629,YKL061W YMR101C,0.0,NA,5.775350291514769e-05,647,2131,9149,481,0.7894906511927788,0.23290136789056876,0.5735815602836879,0.18891843971631206,0.8110815602836879
9630,YDR506C YGR081C,0.0,NA,5.7934215874411166e-05,647,2130,9150,481,0.7895712443584784,0.2329852358660425,0.5735815602836879,0.18882978723404256,0.8111702127659575
9631,YLR337C YDR541C,0.0,NA,5.794836033601314e-05,647,2129,9151,481,0.789651837524178,0.2330691642651297,0.5735815602836879,0.18874113475177304,0.811258865248227
9632,YIL138C YHR127W,0.0,NA,5.818530189571902e-05,647,2128,9152,481,0.7897324306898775,0.23315315315315316,0.5735815602836879,0.18865248226950354,0.8113475177304964
9633,YPL005W YOR288C,0.0,NA,5.834070543642156e-05,647,2127,9153,481,0.7898130238555771,0.2332372025955299,0.5735815602836879,0.18856382978723404,0.8114361702127659
9634,YMR159C YPL219W,0.0,NA,5.8500259910942987e-05,647,2126,9154,481,0.7898936170212766,0.23332131265777137,0.5735815602836879,0.18847517730496455,0.8115248226950355
9635,YOR196C YPL088W,0.0,NA,5.854434857610613e-05,647,2125,9155,481,0.7899742101869761,0.2334054834054834,0.5735815602836879,0.18838652482269502,0.811613475177305
9636,YDL012C YJR122W,0.0,NA,5.854608025401831e-05,647,2124,9156,481,0.7900548033526756,0.23348971490436665,0.5735815602836879,0.18829787234042553,0.8117021276595745
9637,YDR354W YDR428C,0.0,NA,5.8585337683325633e-05,647,2123,9157,481,0.7901353965183753,0.2335740072202166,0.5735815602836879,0.18820921985815603,0.811790780141844
9638,YJL201W YBL011W,0.0,NA,5.859919838258065e-05,647,2122,9158,481,0.7902159896840748,0.2336583604189238,0.5735815602836879,0.18812056737588653,0.8118794326241134
9639,YPL094C YNR032W,0.0,NA,5.861892714165151e-05,647,2121,9159,481,0.7902965828497743,0.233742774566474,0.5735815602836879,0.188031914893617,0.811968085106383
9640,YBR059C YOR228C,0.0,NA,5.869415690540336e-05,647,2120,9160,481,0.7903771760154739,0.23382724972894833,0.5735815602836879,0.1879432624113475,0.8120567375886525
9641,YOR194C YPL150W,0.0,NA,5.890240936423652e-05,647,2119,9161,481,0.7904577691811734,0.2339117859725235,0.5735815602836879,0.18785460992907801,0.812145390070922
9642,YBR074W YBL100W-B,1.0,NA,5.892611443414353e-05,646,2119,9161,482,0.7903771760154739,0.23363471971066907,0.5726950354609929,0.18785460992907801,0.812145390070922
9643,YDR087C YDR519W,0.0,NA,5.910858089919202e-05,646,2118,9162,482,0.7904577691811734,0.2337192474674385,0.5726950354609929,0.18776595744680852,0.8122340425531915
9644,YKL018W YHR083W,0.0,NA,5.917755333939567e-05,646,2117,9163,482,0.790538362346873,0.2338038364096996,0.5726950354609929,0.187677304964539,0.812322695035461
9645,YBL030C YDL244W,0.0,NA,5.917964153923094e-05,646,2116,9164,482,0.7906189555125726,0.2338884866039102,0.5726950354609929,0.1875886524822695,0.8124113475177305
9646,YDR182W YIL067C,0.0,NA,5.977643741061911e-05,646,2115,9165,482,0.7906995486782721,0.2339731981166244,0.5726950354609929,0.1875,0.8125
9647,YER094C YJR126C,1.0,NA,6.0195394326001406e-05,645,2115,9165,483,0.7906189555125726,0.23369565217391305,0.5718085106382979,0.1875,0.8125
9648,YNL262W YJL201W,0.0,NA,6.02439213253092e-05,645,2114,9166,483,0.7906995486782721,0.23378035520115983,0.5718085106382979,0.1874113475177305,0.8125886524822695
9649,YPR021C YGR084C,0.0,NA,6.032693272572942e-05,645,2113,9167,483,0.7907801418439716,0.2338651196519217,0.5718085106382979,0.187322695035461,0.812677304964539
9650,YNL051W YPL094C,0.0,NA,6.0426711570471525e-05,645,2112,9168,483,0.7908607350096711,0.23394994559303592,0.5718085106382979,0.18723404255319148,0.8127659574468085
9651,YGR184C YKL101W,0.0,NA,6.058354119886644e-05,645,2111,9169,483,0.7909413281753708,0.23403483309143686,0.5718085106382979,0.18714539007092199,0.812854609929078
9652,YDR240C YMR028W,0.0,NA,6.062018292141147e-05,645,2110,9170,483,0.7910219213410703,0.23411978221415608,0.5718085106382979,0.1870567375886525,0.8129432624113475
9653,YKR076W YPR032W,0.0,NA,6.0940408729948103e-05,645,2109,9171,483,0.7911025145067698,0.23420479302832245,0.5718085106382979,0.186968085106383,0.813031914893617
9654,YDR316W YJL201W,0.0,NA,6.10584975220263e-05,645,2108,9172,483,0.7911831076724694,0.23428986560116236,0.5718085106382979,0.18687943262411347,0.8131205673758866
9655,YHR200W YFR052W,1.0,NA,6.13048832747154e-05,644,2108,9172,484,0.7911025145067698,0.23401162790697674,0.5709219858156028,0.18687943262411347,0.8131205673758866
9656,YLL008W YOR047C,0.0,NA,6.139181641628966e-05,644,2107,9173,484,0.7911831076724694,0.2340966921119593,0.5709219858156028,0.18679078014184397,0.813209219858156
9657,YPL005W YDL035C,0.0,NA,6.141360063338652e-05,644,2106,9174,484,0.7912637008381689,0.23418181818181819,0.5709219858156028,0.18670212765957447,0.8132978723404255
9658,YJR127C YDR240C,0.0,NA,6.182233482832089e-05,644,2105,9175,484,0.7913442940038685,0.23426700618406693,0.5709219858156028,0.18661347517730498,0.813386524822695
9659,YLR033W YIL138C,0.0,NA,6.194490561028942e-05,644,2104,9176,484,0.791424887169568,0.23435225618631733,0.5709219858156028,0.18652482269503545,0.8134751773049645
9660,YDL125C YGR277C,0.0,NA,6.238851347006857e-05,644,2103,9177,484,0.7915054803352676,0.23443756825627957,0.5709219858156028,0.18643617021276596,0.8135638297872341
9661,YMR265C YDR204W,0.0,NA,6.265436968533322e-05,644,2102,9178,484,0.7915860735009671,0.23452294246176256,0.5709219858156028,0.18634751773049646,0.8136524822695036
9662,YNL072W YLR105C,0.0,NA,6.273370672715828e-05,644,2101,9179,484,0.7916666666666666,0.23460837887067396,0.5709219858156028,0.18625886524822696,0.813741134751773
9663,YNL103W YNL271C,0.0,NA,6.291601312113926e-05,644,2100,9180,484,0.7917472598323663,0.23469387755102042,0.5709219858156028,0.18617021276595744,0.8138297872340425
9664,YBL047C YLR407W,0.0,NA,6.294134072959423e-05,644,2099,9181,484,0.7918278529980658,0.23477943857090777,0.5709219858156028,0.18608156028368794,0.8139184397163121
9665,YNL068C YHR083W,0.0,NA,6.30108843324706e-05,644,2098,9182,484,0.7919084461637653,0.2348650619985412,0.5709219858156028,0.18599290780141844,0.8140070921985816
9666,YLR037C YPL104W,0.0,NA,6.302944530034438e-05,644,2097,9183,484,0.7919890393294649,0.23495074790222548,0.5709219858156028,0.18590425531914895,0.8140957446808511
9667,YCR068W YLR100W,0.0,NA,6.3134721131064e-05,644,2096,9184,484,0.7920696324951644,0.23503649635036497,0.5709219858156028,0.18581560283687942,0.8141843971631205
9668,YMR025W YMR137C,0.0,NA,6.317712541203946e-05,644,2095,9185,484,0.7921502256608639,0.23512230741146403,0.5709219858156028,0.18572695035460993,0.81427304964539
9669,YAR027W YNL042W,0.0,NA,6.329434836516157e-05,644,2094,9186,484,0.7922308188265635,0.2352081811541271,0.5709219858156028,0.18563829787234043,0.8143617021276596
9670,YHR071W YML118W,0.0,NA,6.333740020636469e-05,644,2093,9187,484,0.7923114119922631,0.23529411764705882,0.5709219858156028,0.18554964539007093,0.8144503546099291
9671,YEL043W YPL200W,0.0,NA,6.335534271784127e-05,644,2092,9188,484,0.7923920051579626,0.23538011695906433,0.5709219858156028,0.1854609929078014,0.8145390070921986
9672,YMR145C YML098W,0.0,NA,6.368268077494577e-05,644,2091,9189,484,0.7924725983236621,0.23546617915904935,0.5709219858156028,0.1853723404255319,0.814627659574468
9673,YOR067C YNL131W,0.0,NA,6.390496855601668e-05,644,2090,9190,484,0.7925531914893617,0.23555230431602048,0.5709219858156028,0.18528368794326242,0.8147163120567376
9674,YGR081C YMR272C,0.0,NA,6.398155528586358e-05,644,2089,9191,484,0.7926337846550613,0.23563849249908525,0.5709219858156028,0.18519503546099292,0.8148049645390071
9675,YOR245C YNR076W,0.0,NA,6.400791608029976e-05,644,2088,9192,484,0.7927143778207608,0.23572474377745242,0.5709219858156028,0.1851063829787234,0.8148936170212766
9676,YDR415C YIR039C,1.0,NA,6.420819408958778e-05,643,2088,9192,485,0.7926337846550613,0.23544489198095936,0.5700354609929078,0.1851063829787234,0.8148936170212766
9677,YLR085C YCL021W-A,0.0,NA,6.422901060432196e-05,643,2087,9193,485,0.7927143778207608,0.23553113553113553,0.5700354609929078,0.1850177304964539,0.8149822695035461
9678,YNL304W YER164W,0.0,NA,6.428256892831996e-05,643,2086,9194,485,0.7927949709864603,0.23561744228655185,0.5700354609929078,0.1849290780141844,0.8150709219858157
9679,YDL193W YPR184W,0.0,NA,6.444067548727617e-05,643,2085,9195,485,0.7928755641521599,0.23570381231671556,0.5700354609929078,0.1848404255319149,0.8151595744680851
9680,YGL054C YJR084W,0.0,NA,6.563804345205426e-05,643,2084,9196,485,0.7929561573178594,0.2357902456912358,0.5700354609929078,0.18475177304964538,0.8152482269503546
9681,YER081W YMR197C,0.0,NA,6.564862269442528e-05,643,2083,9197,485,0.793036750483559,0.23587674247982393,0.5700354609929078,0.18466312056737588,0.8153368794326241
9682,YOR193W YDL105W,0.0,NA,6.742557161487639e-05,643,2082,9198,485,0.7931173436492586,0.23596330275229357,0.5700354609929078,0.18457446808510639,0.8154255319148936
9683,YIL138C YHR068W,0.0,NA,6.748520536348224e-05,643,2081,9199,485,0.7931979368149581,0.23604992657856094,0.5700354609929078,0.1844858156028369,0.8155141843971632
9684,YML015C YCL021W-A,0.0,NA,6.757503433618695e-05,643,2080,9200,485,0.7932785299806576,0.2361366140286449,0.5700354609929078,0.18439716312056736,0.8156028368794326
9685,YOR030W YMR325W,0.0,NA,6.759192183380947e-05,643,2079,9201,485,0.7933591231463571,0.23622336517266715,0.5700354609929078,0.18430851063829787,0.8156914893617021
9686,YDR185C YJR082C,0.0,NA,6.763776764273643e-05,643,2078,9202,485,0.7934397163120568,0.23631018008085264,0.5700354609929078,0.18421985815602837,0.8157801418439716
9687,YDR364C YER100W,0.0,NA,6.80278244544752e-05,643,2077,9203,485,0.7935203094777563,0.2363970588235294,0.5700354609929078,0.18413120567375887,0.8158687943262412
9688,YNR030W YCL021W-A,0.0,NA,6.80413213558495e-05,643,2076,9204,485,0.7936009026434558,0.23648400147112908,0.5700354609929078,0.18404255319148935,0.8159574468085107
9689,YCR094W YBR223C,0.0,NA,6.806162855355069e-05,643,2075,9205,485,0.7936814958091554,0.2365710080941869,0.5700354609929078,0.18395390070921985,0.8160460992907801
9690,YPR031W YGL216W,0.0,NA,6.808948091929778e-05,643,2074,9206,485,0.7937620889748549,0.2366580787633419,0.5700354609929078,0.18386524822695036,0.8161347517730496
9691,YDL088C YAR066W,0.0,NA,6.914075493114069e-05,643,2073,9207,485,0.7938426821405545,0.23674521354933725,0.5700354609929078,0.18377659574468086,0.8162234042553191
9692,YGL178W YGR006W,0.0,NA,6.933566328370944e-05,643,2072,9208,485,0.7939232753062541,0.23683241252302026,0.5700354609929078,0.18368794326241134,0.8163120567375887
9693,YHR110W YCL021W-A,0.0,NA,7.073842425597832e-05,643,2071,9209,485,0.7940038684719536,0.23691967575534267,0.5700354609929078,0.18359929078014184,0.8164007092198582
9694,YDR536W YHR124W,0.0,NA,7.103911775629967e-05,643,2070,9210,485,0.7940844616376531,0.23700700331736085,0.5700354609929078,0.18351063829787234,0.8164893617021277
9695,YPR010C YNL113W,0.0,NA,7.107949932105839e-05,643,2069,9211,485,0.7941650548033526,0.237094395280236,0.5700354609929078,0.18342198581560284,0.8165780141843971
9696,YKL077W YDR363W-A,0.0,NA,7.117384666344151e-05,643,2068,9212,485,0.7942456479690522,0.23718185171523423,0.5700354609929078,0.18333333333333332,0.8166666666666667
9697,YDL176W YJR051W,0.0,NA,7.17660368536599e-05,643,2067,9213,485,0.7943262411347518,0.23726937269372694,0.5700354609929078,0.18324468085106382,0.8167553191489362
9698,YHR150W YOR258W,0.0,NA,7.205239671748132e-05,643,2066,9214,485,0.7944068343004513,0.23735695828719083,0.5700354609929078,0.18315602836879433,0.8168439716312057
9699,YJR135W-A YKL001C,0.0,NA,7.210903277155012e-05,643,2065,9215,485,0.7944874274661509,0.23744460856720828,0.5700354609929078,0.18306737588652483,0.8169326241134752
9700,YNL327W YHL013C,0.0,NA,7.213860953925177e-05,643,2064,9216,485,0.7945680206318504,0.2375323236054673,0.5700354609929078,0.1829787234042553,0.8170212765957446
9701,YDL010W YLR283W,0.0,NA,7.238268153741956e-05,643,2063,9217,485,0.7946486137975499,0.237620103473762,0.5700354609929078,0.1828900709219858,0.8171099290780142
9702,YER138C YLR163C,1.0,NA,7.262051076395437e-05,642,2063,9217,486,0.7945680206318504,0.23733826247689463,0.5691489361702128,0.1828900709219858,0.8171099290780142
9703,YDR506C YKL171W,0.0,NA,7.263117731781676e-05,642,2062,9218,486,0.7946486137975499,0.23742603550295857,0.5691489361702128,0.1828014184397163,0.8171985815602837
9704,YBR041W YPL103C,0.0,NA,7.282662409124896e-05,642,2061,9219,486,0.7947292069632496,0.23751387347391786,0.5691489361702128,0.18271276595744682,0.8172872340425532
9705,YBR019C YDR217C,0.0,NA,7.309156353585422e-05,642,2060,9220,486,0.7948098001289491,0.23760177646188008,0.5691489361702128,0.18262411347517732,0.8173758865248227
9706,YNL267W YMR309C,0.0,NA,7.309839566005394e-05,642,2059,9221,486,0.7948903932946486,0.2376897445390596,0.5691489361702128,0.1825354609929078,0.8174645390070922
9707,YER144C YFR006W,1.0,NA,7.362763426499441e-05,641,2059,9221,487,0.7948098001289491,0.2374074074074074,0.5682624113475178,0.1825354609929078,0.8174645390070922
9708,YPL094C YGR056W,0.0,NA,7.41394906071946e-05,641,2058,9222,487,0.7948903932946486,0.23749536865505744,0.5682624113475178,0.1824468085106383,0.8175531914893617
9709,YFR022W YEL069C,0.0,NA,7.437791646225378e-05,641,2057,9223,487,0.7949709864603481,0.23758339510748702,0.5682624113475178,0.1823581560283688,0.8176418439716312
9710,YJL030W YML100W,0.0,NA,7.451343844877556e-05,641,2056,9224,487,0.7950515796260477,0.23767148683722655,0.5682624113475178,0.1822695035460993,0.8177304964539007
9711,YMR240C YIL147C,0.0,NA,7.46691512176767e-05,641,2055,9225,487,0.7951321727917473,0.23775964391691395,0.5682624113475178,0.18218085106382978,0.8178191489361702
9712,YML023C YPL150W,0.0,NA,7.48075544834137e-05,641,2054,9226,487,0.7952127659574468,0.23784786641929498,0.5682624113475178,0.18209219858156028,0.8179078014184397
9713,YPR072W YKL119C,0.0,NA,7.493206794606522e-05,641,2053,9227,487,0.7952933591231464,0.23793615441722346,0.5682624113475178,0.18200354609929079,0.8179964539007092
9714,YML057W YLR157C,0.0,NA,7.536971679655835e-05,641,2052,9228,487,0.7953739522888459,0.23802450798366134,0.5682624113475178,0.1819148936170213,0.8180851063829787
9715,YCL056C YDR229W,0.0,NA,7.587393338326365e-05,641,2051,9229,487,0.7954545454545454,0.23811292719167904,0.5682624113475178,0.18182624113475176,0.8181737588652482
9716,YMR031C YDR359C,0.0,NA,7.592770998599008e-05,641,2050,9230,487,0.795535138620245,0.23820141211445559,0.5682624113475178,0.18173758865248227,0.8182624113475178
9717,YJL063C YGR224W,0.0,NA,7.5956602813676e-05,641,2049,9231,487,0.7956157317859446,0.2382899628252788,0.5682624113475178,0.18164893617021277,0.8183510638297873
9718,YDR338C YLR270W,0.0,NA,7.602051482535899e-05,641,2048,9232,487,0.7956963249516441,0.23837857939754556,0.5682624113475178,0.18156028368794327,0.8184397163120567
9719,YCR041W YGL134W,0.0,NA,7.663161522941664e-05,641,2047,9233,487,0.7957769181173436,0.23846726190476192,0.5682624113475178,0.18147163120567375,0.8185283687943262
9720,YAL048C YBR273C,0.0,NA,7.70947735873051e-05,641,2046,9234,487,0.7958575112830432,0.23855601042054336,0.5682624113475178,0.18138297872340425,0.8186170212765957
9721,YGR233C YBL080C,0.0,NA,7.716663094470277e-05,641,2045,9235,487,0.7959381044487428,0.23864482501861503,0.5682624113475178,0.18129432624113476,0.8187056737588653
9722,YMR031C YLR116W,0.0,NA,7.779213774483651e-05,641,2044,9236,487,0.7960186976144423,0.23873370577281192,0.5682624113475178,0.18120567375886526,0.8187943262411348
9723,YDL106C YLR355C,0.0,NA,7.783755427226424e-05,641,2043,9237,487,0.7960992907801419,0.23882265275707898,0.5682624113475178,0.18111702127659574,0.8188829787234042
9724,YGL002W YOR059C,0.0,NA,7.793024269631132e-05,641,2042,9238,487,0.7961798839458414,0.23891166604547148,0.5682624113475178,0.18102836879432624,0.8189716312056737
9725,YBR222C YBR126W-A,0.0,NA,7.843489584047347e-05,641,2041,9239,487,0.7962604771115409,0.2390007457121551,0.5682624113475178,0.18093971631205674,0.8190602836879433
9726,YMR056C YAL044W-A,0.0,NA,7.915947935543954e-05,641,2040,9240,487,0.7963410702772404,0.2390898918314062,0.5682624113475178,0.18085106382978725,0.8191489361702128
9727,YPR041W YGR080W,0.0,NA,7.920727512100711e-05,641,2039,9241,487,0.7964216634429401,0.23917910447761195,0.5682624113475178,0.18076241134751772,0.8192375886524823
9728,YPR024W YJL113W,1.0,NA,7.924617966637015e-05,640,2039,9241,488,0.7963410702772404,0.23889511011571482,0.5673758865248227,0.18076241134751772,0.8192375886524823
9729,YJL113W YIR039C,1.0,NA,7.951779116410762e-05,639,2039,9241,489,0.7962604771115409,0.23861090365944734,0.5664893617021277,0.18076241134751772,0.8192375886524823
9730,YDR197W YGR202C,0.0,NA,7.957399793667719e-05,639,2038,9242,489,0.7963410702772404,0.23870003735524842,0.5664893617021277,0.18067375886524822,0.8193262411347517
9731,YML076C YPL053C,0.0,NA,7.972810999490321e-05,639,2037,9243,489,0.7964216634429401,0.23878923766816143,0.5664893617021277,0.18058510638297873,0.8194148936170212
9732,YDR357C YCL050C,0.0,NA,7.987063872860745e-05,639,2036,9244,489,0.7965022566086396,0.2388785046728972,0.5664893617021277,0.18049645390070923,0.8195035460992908
9733,YPR103W YBR074W,1.0,NA,8.001258538570255e-05,638,2036,9244,490,0.7964216634429401,0.23859386686611816,0.5656028368794326,0.18049645390070923,0.8195035460992908
9734,YML094W YJL076W,0.0,NA,8.01386559032835e-05,638,2035,9245,490,0.7965022566086396,0.23868312757201646,0.5656028368794326,0.1804078014184397,0.8195921985815603
9735,YDR212W YGR059W,0.0,NA,8.044391870498657e-05,638,2034,9246,490,0.7965828497743391,0.23877245508982037,0.5656028368794326,0.1803191489361702,0.8196808510638298
9736,YBL046W YGR097W,0.0,NA,8.056452497839928e-05,638,2033,9247,490,0.7966634429400387,0.23886184949457132,0.5656028368794326,0.1802304964539007,0.8197695035460993
9737,YER094C YKL134C,1.0,NA,8.068323222687468e-05,637,2033,9247,491,0.7965828497743391,0.23857677902621724,0.5647163120567376,0.1802304964539007,0.8197695035460993
9738,YAL044W-A YDR294C,0.0,NA,8.082092244876549e-05,637,2032,9248,491,0.7966634429400387,0.2386661671037842,0.5647163120567376,0.18014184397163122,0.8198581560283688
9739,YML081C-A YPL048W,0.0,NA,8.165610051946715e-05,637,2031,9249,491,0.7967440361057382,0.23875562218890556,0.5647163120567376,0.1800531914893617,0.8199468085106383
9740,YKL061W YKR076W,0.0,NA,8.166739280568436e-05,637,2030,9250,491,0.7968246292714378,0.2388451443569554,0.5647163120567376,0.1799645390070922,0.8200354609929078
9741,YIL091C YLR245C,0.0,NA,8.170789806172252e-05,637,2029,9251,491,0.7969052224371374,0.23893473368342086,0.5647163120567376,0.1798758865248227,0.8201241134751773
9742,YPR107C YPL271W,0.0,NA,8.222799806389958e-05,637,2028,9252,491,0.7969858156028369,0.23902439024390243,0.5647163120567376,0.1797872340425532,0.8202127659574469
9743,YPR003C YPL203W,0.0,NA,8.234672714024782e-05,637,2027,9253,491,0.7970664087685364,0.23911411411411412,0.5647163120567376,0.17969858156028368,0.8203014184397163
9744,YEL071W YNR062C,0.0,NA,8.277351298602298e-05,637,2026,9254,491,0.7971470019342359,0.2392039053698836,0.5647163120567376,0.17960992907801418,0.8203900709219858
9745,YJR132W YAL042W,0.0,NA,8.31010183901526e-05,637,2025,9255,491,0.7972275950999356,0.23929376408715253,0.5647163120567376,0.17952127659574468,0.8204787234042553
9746,YAL044C YDR162C,0.0,NA,8.313153375638649e-05,637,2024,9256,491,0.7973081882656351,0.2393836903419767,0.5647163120567376,0.1794326241134752,0.8205673758865248
9747,YDR427W YML128C,0.0,NA,8.382544911000878e-05,637,2023,9257,491,0.7973887814313346,0.2394736842105263,0.5647163120567376,0.17934397163120566,0.8206560283687944
9748,YGR224W YPL040C,0.0,NA,8.395808254135773e-05,637,2022,9258,491,0.7974693745970342,0.23956374576908612,0.5647163120567376,0.17925531914893617,0.8207446808510638
9749,YLR240W YMR197C,0.0,NA,8.480820542899892e-05,637,2021,9259,491,0.7975499677627337,0.23965387509405567,0.5647163120567376,0.17916666666666667,0.8208333333333333
9750,YLR224W YDR294C,0.0,NA,8.483336569042876e-05,637,2020,9260,491,0.7976305609284333,0.23974407226194958,0.5647163120567376,0.17907801418439717,0.8209219858156028
9751,YFR006W YER143W,1.0,NA,8.488183812005445e-05,636,2020,9260,492,0.7975499677627337,0.2394578313253012,0.5638297872340425,0.17907801418439717,0.8209219858156028
9752,YNL326C YPR041W,0.0,NA,8.498437091475353e-05,636,2019,9261,492,0.7976305609284333,0.23954802259887006,0.5638297872340425,0.17898936170212765,0.8210106382978724
9753,YPL094C YML023C,0.0,NA,8.511299529345706e-05,636,2018,9262,492,0.7977111540941328,0.23963828183873398,0.5638297872340425,0.17890070921985815,0.8210992907801419
9754,YOR223W YLR240W,0.0,NA,8.547567995265126e-05,636,2017,9263,492,0.7977917472598324,0.23972860912174895,0.5638297872340425,0.17881205673758865,0.8211879432624114
9755,YKL024C YDR264C,0.0,NA,8.616934792371467e-05,636,2016,9264,492,0.7978723404255319,0.2398190045248869,0.5638297872340425,0.17872340425531916,0.8212765957446808
9756,YNL320W YLR261C,0.0,NA,8.62688320921734e-05,636,2015,9265,492,0.7979529335912314,0.23990946812523575,0.5638297872340425,0.17863475177304963,0.8213652482269503
9757,YJL023C YDR036C,0.0,NA,8.638316649012268e-05,636,2014,9266,492,0.7980335267569311,0.24,0.5638297872340425,0.17854609929078014,0.8214539007092199
9758,YBL047C YCR037C,0.0,NA,8.646088099339977e-05,636,2013,9267,492,0.7981141199226306,0.24009060022650056,0.5638297872340425,0.17845744680851064,0.8215425531914894
9759,YLR291C YBR105C,0.0,NA,8.664873894304037e-05,636,2012,9268,492,0.7981947130883301,0.24018126888217523,0.5638297872340425,0.17836879432624114,0.8216312056737589
9760,YJL020C YDR162C,0.0,NA,8.667452493682504e-05,636,2011,9269,492,0.7982753062540296,0.24027200604457877,0.5638297872340425,0.17828014184397162,0.8217198581560283
9761,YPL023C YPR185W,0.0,NA,8.678228914504871e-05,636,2010,9270,492,0.7983558994197292,0.24036281179138322,0.5638297872340425,0.17819148936170212,0.8218085106382979
9762,YJR120W YOL091W,0.0,NA,8.7478467321489e-05,636,2009,9271,492,0.7984364925854287,0.24045368620037808,0.5638297872340425,0.17810283687943262,0.8218971631205674
9763,YDR312W YGR202C,0.0,NA,8.77176207723096e-05,636,2008,9272,492,0.7985170857511283,0.2405446293494705,0.5638297872340425,0.17801418439716313,0.8219858156028369
9764,YPR024W YKL134C,1.0,NA,8.832801540847868e-05,635,2008,9272,493,0.7984364925854287,0.24025728339008703,0.5629432624113475,0.17801418439716313,0.8219858156028369
9765,YEL039C YNR032W,0.0,NA,8.894019993022084e-05,635,2007,9273,493,0.7985170857511283,0.24034822104466314,0.5629432624113475,0.1779255319148936,0.8220744680851064
9766,YLR088W YMR150C,1.0,NA,8.918964158510789e-05,634,2007,9273,494,0.7984364925854287,0.2400605831124574,0.5620567375886525,0.1779255319148936,0.8220744680851064
9767,YJR057W YKL201C,0.0,NA,8.944566798163578e-05,634,2006,9274,494,0.7985170857511283,0.24015151515151514,0.5620567375886525,0.1778368794326241,0.8221631205673758
9768,YGL195W YJR094W-A,0.0,NA,8.969284681370482e-05,634,2005,9275,494,0.7985976789168279,0.24024251610458508,0.5620567375886525,0.1777482269503546,0.8222517730496454
9769,YKL017C YAL027W,0.0,NA,8.970926865004003e-05,634,2004,9276,494,0.7986782720825274,0.2403335860500379,0.5620567375886525,0.1776595744680851,0.8223404255319149
9770,YCL021W-A YNL062C,0.0,NA,9.014086390379816e-05,634,2003,9277,494,0.7987588652482269,0.24042472506636328,0.5620567375886525,0.17757092198581562,0.8224290780141844
9771,YJL062W YFL029C,0.0,NA,9.071688691619784e-05,634,2002,9278,494,0.7988394584139265,0.24051593323216997,0.5620567375886525,0.1774822695035461,0.8225177304964539
9772,YGR143W YJL062W-A,0.0,NA,9.08257788978517e-05,634,2001,9279,494,0.7989200515796261,0.24060721062618595,0.5620567375886525,0.1773936170212766,0.8226063829787233
9773,YJL094C YDR162C,0.0,NA,9.140896872850135e-05,634,2000,9280,494,0.7990006447453256,0.24069855732725892,0.5620567375886525,0.1773049645390071,0.8226950354609929
9774,YBL047C YHR102W,0.0,NA,9.215210593538359e-05,634,1999,9281,494,0.7990812379110251,0.24078997341435623,0.5620567375886525,0.1772163120567376,0.8227836879432624
9775,YGL095C YAL047C,0.0,NA,9.223298548022285e-05,634,1998,9282,494,0.7991618310767247,0.24088145896656535,0.5620567375886525,0.17712765957446808,0.8228723404255319
9776,YDR536W YHL043W,0.0,NA,9.258616773877293e-05,634,1997,9283,494,0.7992424242424242,0.24097301406309388,0.5620567375886525,0.17703900709219858,0.8229609929078014
9777,YPR021C YGL002W,0.0,NA,9.272657189285383e-05,634,1996,9284,494,0.7993230174081238,0.24106463878326997,0.5620567375886525,0.17695035460992908,0.823049645390071
9778,YDL006W YBL002W,0.0,NA,9.279263758799061e-05,634,1995,9285,494,0.7994036105738234,0.24115633320654242,0.5620567375886525,0.1768617021276596,0.8231382978723404
9779,YMR217W YER124C,0.0,NA,9.285769920097664e-05,634,1994,9286,494,0.7994842037395229,0.24124809741248096,0.5620567375886525,0.17677304964539006,0.8232269503546099
9780,YLR033W YPR003C,0.0,NA,9.344601130578667e-05,634,1993,9287,494,0.7995647969052224,0.24133993148077656,0.5620567375886525,0.17668439716312057,0.8233156028368794
9781,YKL073W YDR294C,0.0,NA,9.370745829073712e-05,634,1992,9288,494,0.799645390070922,0.24143183549124142,0.5620567375886525,0.17659574468085107,0.823404255319149
9782,YJL006C YNR031C,0.0,NA,9.398622933076695e-05,634,1991,9289,494,0.7997259832366216,0.24152380952380953,0.5620567375886525,0.17650709219858157,0.8234929078014185
9783,YPL203W YOR059C,0.0,NA,9.405831951880828e-05,634,1990,9290,494,0.7998065764023211,0.24161585365853658,0.5620567375886525,0.17641843971631205,0.8235815602836879
9784,YHR197W YAR002W,0.0,NA,9.428201155969873e-05,634,1989,9291,494,0.7998871695680206,0.24170796797560046,0.5620567375886525,0.17632978723404255,0.8236702127659574
9785,YER150W YJR161C,0.0,NA,9.501777094556019e-05,634,1988,9292,494,0.7999677627337202,0.2418001525553013,0.5620567375886525,0.17624113475177305,0.823758865248227
9786,YCL021W-A YGR184C,0.0,NA,9.508521179668605e-05,634,1987,9293,494,0.8000483558994197,0.24189240747806182,0.5620567375886525,0.17615248226950356,0.8238475177304965
9787,YNL297C YJL019W,0.0,NA,9.552552364766598e-05,634,1986,9294,494,0.8001289490651193,0.24198473282442748,0.5620567375886525,0.17606382978723403,0.823936170212766
9788,YJL074C YML003W,0.0,NA,9.577508171787485e-05,634,1985,9295,494,0.8002095422308189,0.2420771286750668,0.5620567375886525,0.17597517730496454,0.8240248226950354
9789,YHR211W YOR110W,0.0,NA,9.579087782185525e-05,634,1984,9296,494,0.8002901353965184,0.24216959511077157,0.5620567375886525,0.17588652482269504,0.8241134751773049
9790,YKR095W YCR105W,0.0,NA,9.61537443799898e-05,634,1983,9297,494,0.8003707285622179,0.24226213221245702,0.5620567375886525,0.17579787234042554,0.8242021276595745
9791,YLR088W YBL005W-B,1.0,NA,9.703404066385701e-05,633,1983,9297,495,0.8002901353965184,0.24197247706422018,0.5611702127659575,0.17579787234042554,0.8242021276595745
9792,YDL211C YKL135C,0.0,NA,9.778774256119505e-05,633,1982,9298,495,0.8003707285622179,0.24206500956022944,0.5611702127659575,0.17570921985815602,0.824290780141844
9793,YLR371W YPL167C,0.0,NA,9.789877367438748e-05,633,1981,9299,495,0.8004513217279174,0.2421576128538638,0.5611702127659575,0.17562056737588652,0.8243794326241135
9794,YOL125W YGR096W,0.0,NA,9.799104736885056e-05,633,1980,9300,495,0.800531914893617,0.24225028702640644,0.5611702127659575,0.17553191489361702,0.824468085106383
9795,YPL249C YKL051W,0.0,NA,9.85599763225764e-05,633,1979,9301,495,0.8006125080593166,0.24234303215926492,0.5611702127659575,0.17544326241134753,0.8245567375886524
9796,YLR240W YMR010W,0.0,NA,9.874765964923427e-05,633,1978,9302,495,0.8006931012250161,0.24243584833397167,0.5611702127659575,0.175354609929078,0.824645390070922
9797,YPL249C YPR129W,0.0,NA,9.895192488329485e-05,633,1977,9303,495,0.8007736943907157,0.2425287356321839,0.5611702127659575,0.1752659574468085,0.8247340425531915
9798,YMR221C YJL178C,0.0,NA,9.898731514113024e-05,633,1976,9304,495,0.8008542875564152,0.24262169413568416,0.5611702127659575,0.175177304964539,0.824822695035461
9799,YML022W YDR212W,0.0,NA,9.922082244884223e-05,633,1975,9305,495,0.8009348807221147,0.24271472392638035,0.5611702127659575,0.1750886524822695,0.8249113475177305
9800,YIL169C YDR229W,0.0,NA,9.949255763785914e-05,633,1974,9306,495,0.8010154738878144,0.2428078250863061,0.5611702127659575,0.175,0.825
9801,YIL013C YPR032W,0.0,NA,9.979576134355739e-05,633,1973,9307,495,0.8010960670535139,0.24290099769762089,0.5611702127659575,0.1749113475177305,0.8250886524822695
9802,YBL046W YKL108W,0.0,NA,9.98458344838582e-05,633,1972,9308,495,0.8011766602192134,0.24299424184261037,0.5611702127659575,0.174822695035461,0.825177304964539
9803,YNL262W YDR191W,0.0,NA,9.984630742110312e-05,633,1971,9309,495,0.8012572533849129,0.24308755760368664,0.5611702127659575,0.1747340425531915,0.8252659574468085
9804,YPL159C YOR061W,0.0,NA,0.0001001918499241583,633,1970,9310,495,0.8013378465506125,0.2431809450633884,0.5611702127659575,0.17464539007092197,0.825354609929078
9805,YKL139W YAL027W,0.0,NA,0.00010059086343972012,633,1969,9311,495,0.8014184397163121,0.24327440430438124,0.5611702127659575,0.17455673758865248,0.8254432624113475
9806,YGR060W YCL066W,0.0,NA,0.00010075761383632198,633,1968,9312,495,0.8014990328820116,0.2433679354094579,0.5611702127659575,0.17446808510638298,0.825531914893617
9807,YLL008W YJL062W-A,0.0,NA,0.00010103490058099851,633,1967,9313,495,0.8015796260477112,0.24346153846153845,0.5611702127659575,0.17437943262411348,0.8256205673758865
9808,YFL034C-A YAR018C,0.0,NA,0.00010121425293618813,633,1966,9314,495,0.8016602192134107,0.24355521354367063,0.5611702127659575,0.17429078014184396,0.825709219858156
9809,YLR258W YOR138C,0.0,NA,0.00010136058699572459,633,1965,9315,495,0.8017408123791102,0.24364896073903003,0.5611702127659575,0.17420212765957446,0.8257978723404256
9810,YLR144C YNL311C,0.0,NA,0.00010136966739082709,633,1964,9316,495,0.8018214055448099,0.2437427801309203,0.5611702127659575,0.17411347517730497,0.8258865248226951
9811,YDL125C YDR315C,0.0,NA,0.00010137643403140828,633,1963,9317,495,0.8019019987105094,0.2438366718027735,0.5611702127659575,0.17402482269503547,0.8259751773049645
9812,YHR211W YBL002W,0.0,NA,0.00010170943278353661,633,1962,9318,495,0.8019825918762089,0.24393063583815028,0.5611702127659575,0.17393617021276594,0.826063829787234
9813,YPL190C YHL043W,0.0,NA,0.00010185589781031013,633,1961,9319,495,0.8020631850419084,0.24402467232074018,0.5611702127659575,0.17384751773049645,0.8261524822695036
9814,YDL170W YCR094W,0.0,NA,0.00010199128155363724,633,1960,9320,495,0.802143778207608,0.24411878133436174,0.5611702127659575,0.17375886524822695,0.8262411347517731
9815,YHL018W YPL241C,0.0,NA,0.00010232161002932116,633,1959,9321,495,0.8022243713733076,0.24421296296296297,0.5611702127659575,0.17367021276595745,0.8263297872340426
9816,YML127W YML102W,0.0,NA,0.00010232571366941556,633,1958,9322,495,0.8023049645390071,0.24430721729062138,0.5611702127659575,0.17358156028368793,0.826418439716312
9817,YMR227C YKL168C,0.0,NA,0.0001027903490466997,633,1957,9323,495,0.8023855577047067,0.2444015444015444,0.5611702127659575,0.17349290780141843,0.8265070921985815
9818,YAL044W-A YOR119C,0.0,NA,0.0001030782368616201,633,1956,9324,495,0.8024661508704062,0.24449594438006952,0.5611702127659575,0.17340425531914894,0.8265957446808511
9819,YDL088C YBR204C,0.0,NA,0.0001040136776282452,633,1955,9325,495,0.8025467440361057,0.2445904173106646,0.5611702127659575,0.17331560283687944,0.8266843971631206
9820,YPL119C YGL168W,0.0,NA,0.00010442182247061282,633,1954,9326,495,0.8026273372018052,0.2446849632779281,0.5611702127659575,0.17322695035460992,0.8267730496453901
9821,YER160C YFR006W,1.0,NA,0.00010448566899867728,632,1954,9326,496,0.8025467440361057,0.24439288476411447,0.5602836879432624,0.17322695035460992,0.8267730496453901
9822,YCL024W YNR047W,0.0,NA,0.00010464241495355964,632,1953,9327,496,0.8026273372018052,0.24448742746615088,0.5602836879432624,0.17313829787234042,0.8268617021276595
9823,YOR226C YLR100W,0.0,NA,0.00010567425488261506,632,1952,9328,496,0.8027079303675049,0.24458204334365324,0.5602836879432624,0.17304964539007092,0.826950354609929
9824,YKR094C YJR048W,0.0,NA,0.00010594465129543096,632,1951,9329,496,0.8027885235332044,0.24467673248161054,0.5602836879432624,0.17296099290780143,0.8270390070921986
9825,YDL211C YDR237W,0.0,NA,0.00010606737487250939,632,1950,9330,496,0.8028691166989039,0.2447714949651433,0.5602836879432624,0.17287234042553193,0.8271276595744681
9826,YDL006W YKR027W,0.0,NA,0.00010671727795852348,632,1949,9331,496,0.8029497098646035,0.24486633087950407,0.5602836879432624,0.1727836879432624,0.8272163120567376
9827,YAL044W-A YGR080W,0.0,NA,0.00010741591540863737,632,1948,9332,496,0.803030303030303,0.24496124031007752,0.5602836879432624,0.1726950354609929,0.827304964539007
9828,YNL160W YLR265C,0.0,NA,0.00010791714885272086,632,1947,9333,496,0.8031108961960026,0.24505622334238078,0.5602836879432624,0.1726063829787234,0.8273936170212766
9829,YKL077W YNL107W,0.0,NA,0.00010805862984852865,632,1946,9334,496,0.8031914893617021,0.2451512800620636,0.5602836879432624,0.1725177304964539,0.8274822695035461
9830,YER082C YKL077W,0.0,NA,0.00010832903353730217,632,1945,9335,496,0.8032720825274017,0.2452464105549088,0.5602836879432624,0.1724290780141844,0.8275709219858156
9831,YNL127W YNL007C,0.0,NA,0.00010955087782349437,632,1944,9336,496,0.8033526756931012,0.2453416149068323,0.5602836879432624,0.1723404255319149,0.8276595744680851
9832,YDR057W YKL001C,0.0,NA,0.00010972379823215306,632,1943,9337,496,0.8034332688588007,0.24543689320388348,0.5602836879432624,0.1722517730496454,0.8277482269503547
9833,YNL304W YCR021C,0.0,NA,0.00011076368537032977,632,1942,9338,496,0.8035138620245004,0.24553224553224554,0.5602836879432624,0.1721631205673759,0.8278368794326241
9834,YBL030C YGL238W,0.0,NA,0.00011078323586843908,632,1941,9339,496,0.8035944551901999,0.2456276719782355,0.5602836879432624,0.17207446808510637,0.8279255319148936
9835,YLR081W YCL021W-A,0.0,NA,0.00011079644173150882,632,1940,9340,496,0.8036750483558994,0.24572317262830481,0.5602836879432624,0.17198581560283688,0.8280141843971631
9836,YOL090W YOL111C,0.0,NA,0.00011082127457484603,632,1939,9341,496,0.803755641521599,0.2458187475690393,0.5602836879432624,0.17189716312056738,0.8281028368794326
9837,YJL078C YGR080W,0.0,NA,0.00011085751611972228,632,1938,9342,496,0.8038362346872985,0.24591439688715952,0.5602836879432624,0.17180851063829788,0.8281914893617022
9838,YMR316C-A YIR034C,0.0,NA,0.00011087602615589276,632,1937,9343,496,0.8039168278529981,0.24601012066952122,0.5602836879432624,0.17171985815602836,0.8282801418439716
9839,YDL229W YAR066W,0.0,NA,0.00011205038754269481,632,1936,9344,496,0.8039974210186976,0.24610591900311526,0.5602836879432624,0.17163120567375886,0.8283687943262411
9840,YLR206W YKL126W,0.0,NA,0.00011221333988942206,632,1935,9345,496,0.8040780141843972,0.24620179197506817,0.5602836879432624,0.17154255319148937,0.8284574468085106
9841,YHL023C YNL125C,0.0,NA,0.00011269438255112618,632,1934,9346,496,0.8041586073500967,0.24629773967264224,0.5602836879432624,0.17145390070921987,0.8285460992907802
9842,YDL106C YMR086W,0.0,NA,0.0001129243682953529,632,1933,9347,496,0.8042392005157962,0.24639376218323586,0.5602836879432624,0.17136524822695035,0.8286347517730497
9843,YML022W YPL183C,0.0,NA,0.00011314425501041114,632,1932,9348,496,0.8043197936814958,0.24648985959438377,0.5602836879432624,0.17127659574468085,0.8287234042553191
9844,YPR163C YJL201W,0.0,NA,0.0001136913851951249,632,1931,9349,496,0.8044003868471954,0.2465860319937573,0.5602836879432624,0.17118794326241135,0.8288120567375886
9845,YNL289W YKL051W,0.0,NA,0.00011449855810496956,632,1930,9350,496,0.8044809800128949,0.2466822794691647,0.5602836879432624,0.17109929078014185,0.8289007092198581
9846,YER160C YMR150C,1.0,NA,0.00011467403237475082,631,1930,9350,497,0.8044003868471954,0.2463881296368606,0.5593971631205674,0.17109929078014185,0.8289007092198581
9847,YPL274W YBR299W,0.0,NA,0.00011480094690341502,631,1929,9351,497,0.8044809800128949,0.246484375,0.5593971631205674,0.17101063829787233,0.8289893617021277
9848,YDL211C YML118W,0.0,NA,0.0001149448798969388,631,1928,9352,497,0.8045615731785944,0.24658069558421258,0.5593971631205674,0.17092198581560283,0.8290780141843972
9849,YDR394W YBR074W,1.0,NA,0.0001154696656158194,630,1928,9352,498,0.8044809800128949,0.24628616106333073,0.5585106382978723,0.17092198581560283,0.8290780141843972
9850,YLR297W YIL017C,0.0,NA,0.00011555106175364926,630,1927,9353,498,0.8045615731785944,0.24638247946812672,0.5585106382978723,0.17083333333333334,0.8291666666666667
9851,YML081C-A YAL041W,0.0,NA,0.00011596113472478464,630,1926,9354,498,0.804642166344294,0.24647887323943662,0.5585106382978723,0.17074468085106384,0.8292553191489361
9852,YIL138C YGR233C,0.0,NA,0.0001175177822005935,630,1925,9355,498,0.8047227595099935,0.2465753424657534,0.5585106382978723,0.17065602836879432,0.8293439716312057
9853,YER151C YFR018C,1.0,NA,0.00011764963710447773,629,1925,9355,499,0.804642166344294,0.24628034455755676,0.5576241134751773,0.17065602836879432,0.8293439716312057
9854,YBR029C YIL022W,0.0,NA,0.00011813595483545214,629,1924,9356,499,0.8047227595099935,0.2463768115942029,0.5576241134751773,0.17056737588652482,0.8294326241134752
9855,YGR213C YMR086W,0.0,NA,0.00012034147948725149,629,1923,9357,499,0.8048033526756931,0.24647335423197492,0.5576241134751773,0.17047872340425532,0.8295212765957447
9856,YPL096W YPL200W,0.0,NA,0.00012094647536287084,629,1922,9358,499,0.8048839458413927,0.24656997255978047,0.5576241134751773,0.17039007092198583,0.8296099290780142
9857,YDR087C YKL184W,0.0,NA,0.00012110065290471539,629,1921,9359,499,0.8049645390070922,0.24666666666666667,0.5576241134751773,0.1703014184397163,0.8296985815602836
9858,YLR240W YJL100W,0.0,NA,0.00012134849384892732,629,1920,9360,499,0.8050451321727917,0.24676343664182032,0.5576241134751773,0.1702127659574468,0.8297872340425532
9859,YKL061W YER163C,0.0,NA,0.00012139235332142562,629,1919,9361,499,0.8051257253384912,0.2468602825745683,0.5576241134751773,0.1701241134751773,0.8298758865248227
9860,YNR030W YJR118C,0.0,NA,0.00012154559226473793,629,1918,9362,499,0.8052063185041909,0.2469572045543777,0.5576241134751773,0.1700354609929078,0.8299645390070922
9861,YNL240C YOR226C,0.0,NA,0.0001218604447785765,629,1917,9363,499,0.8052869116698904,0.24705420267085623,0.5576241134751773,0.1699468085106383,0.8300531914893617
9862,YPR107C YDL180W,0.0,NA,0.0001222928985953331,629,1916,9364,499,0.8053675048355899,0.24715127701375245,0.5576241134751773,0.1698581560283688,0.8301418439716312
9863,YKR096W YDR079C-A,0.0,NA,0.00012260394578333944,629,1915,9365,499,0.8054480980012895,0.24724842767295596,0.5576241134751773,0.1697695035460993,0.8302304964539007
9864,YIR021W YIL088C,0.0,NA,0.00012306509597692639,629,1914,9366,499,0.805528691166989,0.24734565473849784,0.5576241134751773,0.1696808510638298,0.8303191489361702
9865,YHL043W YNL202W,0.0,NA,0.00012320610403548926,629,1913,9367,499,0.8056092843326886,0.24744295830055074,0.5576241134751773,0.16959219858156027,0.8304078014184397
9866,YDR034C YKL184W,0.0,NA,0.00012516946299001575,629,1912,9368,499,0.8056898774983882,0.24754033844942935,0.5576241134751773,0.16950354609929077,0.8304964539007093
9867,YJL109C YAL007C,0.0,NA,0.00012724733096547425,629,1911,9369,499,0.8057704706640877,0.24763779527559054,0.5576241134751773,0.16941489361702128,0.8305851063829788
9868,YNL239W YOR391C,1.0,NA,0.00012786046136170626,628,1911,9369,500,0.8056898774983882,0.24734147302087436,0.5567375886524822,0.16941489361702128,0.8305851063829788
9869,YJL170C YML015C,0.0,NA,0.00012862804578617215,628,1910,9370,500,0.8057704706640877,0.24743892828999212,0.5567375886524822,0.16932624113475178,0.8306737588652482
9870,YIL155C YLR298C,0.0,NA,0.00012868779595009983,628,1909,9371,500,0.8058510638297872,0.24753646038628302,0.5567375886524822,0.16923758865248226,0.8307624113475177
9871,YFL027C YKR020W,0.0,NA,0.00012877937115263194,628,1908,9372,500,0.8059316569954867,0.2476340694006309,0.5567375886524822,0.16914893617021276,0.8308510638297872
9872,YML022W YBL097W,0.0,NA,0.00012878072448074818,628,1907,9373,500,0.8060122501611864,0.24773175542406312,0.5567375886524822,0.16906028368794326,0.8309397163120568
9873,YPR072W YOR119C,0.0,NA,0.00012889521894976497,628,1906,9374,500,0.8060928433268859,0.2478295185477506,0.5567375886524822,0.16897163120567377,0.8310283687943263
9874,YHL018W YHR136C,0.0,NA,0.00012890899961348623,628,1905,9375,500,0.8061734364925854,0.2479273588630083,0.5567375886524822,0.16888297872340424,0.8311170212765957
9875,YIL108W YPR103W,1.0,NA,0.00012939014413859695,627,1905,9375,501,0.8060928433268859,0.2476303317535545,0.5558510638297872,0.16888297872340424,0.8311170212765957
9876,YHR174W YMR265C,0.0,NA,0.0001296219415962696,627,1904,9376,501,0.8061734364925854,0.2477281706835243,0.5558510638297872,0.16879432624113475,0.8312056737588652
9877,YDR099W YLR298C,0.0,NA,0.00012963020708411932,627,1903,9377,501,0.806254029658285,0.24782608695652175,0.5558510638297872,0.16870567375886525,0.8312943262411348
9878,YLR117C YNR031C,0.0,NA,0.00012968732335139066,627,1902,9378,501,0.8063346228239845,0.2479240806642942,0.5558510638297872,0.16861702127659575,0.8313829787234043
9879,YER170W YIR014W,0.0,NA,0.00013017312448937446,627,1901,9379,501,0.806415215989684,0.24802215189873417,0.5558510638297872,0.16852836879432623,0.8314716312056738
9880,YHR037W YPL240C,0.0,NA,0.00013027941167820245,627,1900,9380,501,0.8064958091553837,0.24812030075187969,0.5558510638297872,0.16843971631205673,0.8315602836879432
9881,YLR176C YPL103C,0.0,NA,0.00013086185208521783,627,1899,9381,501,0.8065764023210832,0.24821852731591448,0.5558510638297872,0.16835106382978723,0.8316489361702127
9882,YLR284C YNR062C,0.0,NA,0.00013426155783236027,627,1898,9382,501,0.8066569954867827,0.24831683168316832,0.5558510638297872,0.16826241134751774,0.8317375886524823
9883,YMR272C YHR127W,0.0,NA,0.00013436799054034054,627,1897,9383,501,0.8067375886524822,0.24841521394611726,0.5558510638297872,0.16817375886524824,0.8318262411347518
9884,YGR179C YIL173W,0.0,NA,0.00013522749941330403,627,1896,9384,501,0.8068181818181818,0.24851367419738407,0.5558510638297872,0.16808510638297872,0.8319148936170213
9885,YLR189C YKL188C,0.0,NA,0.00013542454689741135,627,1895,9385,501,0.8068987749838814,0.2486122125297383,0.5558510638297872,0.16799645390070922,0.8320035460992907
9886,YJR131W YNR007C,0.0,NA,0.00013548861898016185,627,1894,9386,501,0.8069793681495809,0.2487108290360968,0.5558510638297872,0.16790780141843972,0.8320921985815602
9887,YHL044W YBL080C,0.0,NA,0.00013578635116573423,627,1893,9387,501,0.8070599613152805,0.2488095238095238,0.5558510638297872,0.16781914893617023,0.8321808510638298
9888,YAL044W-A YNL156C,0.0,NA,0.00013657871750183403,627,1892,9388,501,0.80714055448098,0.24890829694323144,0.5558510638297872,0.1677304964539007,0.8322695035460993
9889,YNL274C YGL090W,0.0,NA,0.00013757406850345433,627,1891,9389,501,0.8072211476466795,0.2490071485305798,0.5558510638297872,0.1676418439716312,0.8323581560283688
9890,YAL048C YHR107C,0.0,NA,0.0001377365697408095,627,1890,9390,501,0.8073017408123792,0.24910607866507747,0.5558510638297872,0.1675531914893617,0.8324468085106383
9891,YGR144W YOR233W,0.0,NA,0.00013777505955658853,627,1889,9391,501,0.8073823339780787,0.24920508744038156,0.5558510638297872,0.1674645390070922,0.8325354609929078
9892,YIL026C YFL046W,0.0,NA,0.0001382103218929842,627,1888,9392,501,0.8074629271437782,0.24930417495029822,0.5558510638297872,0.1673758865248227,0.8326241134751773
9893,YFL033C YJL002C,0.0,NA,0.00013881259656045586,627,1887,9393,501,0.8075435203094777,0.2494033412887828,0.5558510638297872,0.1672872340425532,0.8327127659574468
9894,YPL059W YLR270W,0.0,NA,0.00013891799608245492,627,1886,9394,501,0.8076241134751773,0.24950258654994031,0.5558510638297872,0.1671985815602837,0.8328014184397163
9895,YHR002W YPL031C,0.0,NA,0.0001394875580444932,627,1885,9395,501,0.8077047066408769,0.24960191082802546,0.5558510638297872,0.1671099290780142,0.8328900709219859
9896,YHR200W YER160C,1.0,NA,0.0001403658970957622,626,1885,9395,502,0.8076241134751773,0.24930306650736758,0.5549645390070922,0.1671099290780142,0.8328900709219859
9897,YKL173W YDR428C,0.0,NA,0.00014047395961824805,626,1884,9396,502,0.8077047066408769,0.24940239043824702,0.5549645390070922,0.16702127659574467,0.8329787234042553
9898,YDL088C YLR438C-A,0.0,NA,0.00014067433949094266,626,1883,9397,502,0.8077852998065764,0.2495017935432443,0.5549645390070922,0.16693262411347518,0.8330673758865248
9899,YMR227C YIL013C,0.0,NA,0.0001407398231094703,626,1882,9398,502,0.807865892972276,0.24960127591706538,0.5549645390070922,0.16684397163120568,0.8331560283687943
9900,YDR394W YER160C,1.0,NA,0.00014156084216665477,625,1882,9398,503,0.8077852998065764,0.24930195452732348,0.5540780141843972,0.16684397163120568,0.8331560283687943
9901,YBL005W-B YLR163C,1.0,NA,0.00014223357720766217,624,1882,9398,504,0.8077047066408769,0.2490023942537909,0.5531914893617021,0.16684397163120568,0.8331560283687943
9902,YKR078W YBR293W,0.0,NA,0.00014226557686924934,624,1881,9399,504,0.8077852998065764,0.24910179640718563,0.5531914893617021,0.16675531914893618,0.8332446808510638
9903,YGR084C YBR228W,0.0,NA,0.0001425613445462659,624,1880,9400,504,0.807865892972276,0.24920127795527156,0.5531914893617021,0.16666666666666666,0.8333333333333334
9904,YPR103W YDR331W,1.0,NA,0.00014271870895754546,623,1880,9400,505,0.8077852998065764,0.24890131841789853,0.5523049645390071,0.16666666666666666,0.8333333333333334
9905,YGL005C YOL055C,0.0,NA,0.0001427735696779564,623,1879,9401,505,0.807865892972276,0.2490007993605116,0.5523049645390071,0.16657801418439716,0.8334219858156028
9906,YBL020W YNL039W,0.0,NA,0.00014287162048276514,623,1878,9402,505,0.8079464861379755,0.24910035985605758,0.5523049645390071,0.16648936170212766,0.8335106382978723
9907,YOR348C YPL200W,0.0,NA,0.00014345657837111503,623,1877,9403,505,0.808027079303675,0.2492,0.5523049645390071,0.16640070921985817,0.8335992907801418
9908,YGL005C YBL060W,0.0,NA,0.00014416498015634716,623,1876,9404,505,0.8081076724693746,0.24929971988795518,0.5523049645390071,0.16631205673758864,0.8336879432624114
9909,YCR069W YBR057C,0.0,NA,0.00014452821051236242,623,1875,9405,505,0.8081882656350742,0.24939951961569257,0.5523049645390071,0.16622340425531915,0.8337765957446809
9910,YER102W YNR051C,0.0,NA,0.00014618184650316834,623,1874,9406,505,0.8082688588007737,0.24949939927913498,0.5523049645390071,0.16613475177304965,0.8338652482269504
9911,YLR163C YDR434W,1.0,NA,0.00014620652655139565,622,1874,9406,506,0.8081882656350742,0.24919871794871795,0.5514184397163121,0.16613475177304965,0.8338652482269504
9912,YLR431C YFL052W,0.0,NA,0.00014688142982777208,622,1873,9407,506,0.8082688588007737,0.24929859719438877,0.5514184397163121,0.16604609929078015,0.8339539007092198
9913,YKL173W YFL029C,0.0,NA,0.0001472996809752658,622,1872,9408,506,0.8083494519664732,0.24939855653568566,0.5514184397163121,0.16595744680851063,0.8340425531914893
9914,YBR029C YPL104W,0.0,NA,0.00014769783592782915,622,1871,9409,506,0.8084300451321728,0.2494985960689932,0.5514184397163121,0.16586879432624113,0.8341312056737589
9915,YJL094C YGL240W,0.0,NA,0.00014781253412365913,622,1870,9410,506,0.8085106382978723,0.24959871589085073,0.5514184397163121,0.16578014184397163,0.8342198581560284
9916,YGL168W YJL053W,0.0,NA,0.0001479266065871343,622,1869,9411,506,0.8085912314635719,0.24969891609795264,0.5514184397163121,0.16569148936170214,0.8343085106382979
9917,YGR179C YOR337W,0.0,NA,0.00014793704031035304,622,1868,9412,506,0.8086718246292715,0.2497991967871486,0.5514184397163121,0.1656028368794326,0.8343971631205673
9918,YLR081W YLR261C,0.0,NA,0.00014837271010037512,622,1867,9413,506,0.808752417794971,0.24989955805544395,0.5514184397163121,0.16551418439716312,0.8344858156028369
9919,YOR360C YOR002W,0.0,NA,0.00014839011419098824,622,1866,9414,506,0.8088330109606705,0.25,0.5514184397163121,0.16542553191489362,0.8345744680851064
9920,YGR042W YDR363W-A,0.0,NA,0.00014839082723483443,622,1865,9415,506,0.80891360412637,0.2501005227181343,0.5514184397163121,0.16533687943262412,0.8346631205673759
9921,YHR211W YMR316C-A,0.0,NA,0.00014974299119785428,622,1864,9416,506,0.8089941972920697,0.250201126307321,0.5514184397163121,0.1652482269503546,0.8347517730496454
9922,YNL304W YNL113W,0.0,NA,0.0001502531667938456,622,1863,9417,506,0.8090747904577692,0.25030181086519115,0.5514184397163121,0.1651595744680851,0.8348404255319148
9923,YNR073C YKL014C,0.0,NA,0.0001510478468844667,622,1862,9418,506,0.8091553836234687,0.250402576489533,0.5514184397163121,0.1650709219858156,0.8349290780141844
9924,YDL174C YDR311W,0.0,NA,0.00015141845506150275,622,1861,9419,506,0.8092359767891683,0.2505034232782924,0.5514184397163121,0.1649822695035461,0.8350177304964539
9925,YAL015C YBL060W,0.0,NA,0.00015194143634289503,622,1860,9420,506,0.8093165699548678,0.2506043513295729,0.5514184397163121,0.16489361702127658,0.8351063829787234
9926,YNL304W YFL011W,0.0,NA,0.00015206317766569555,622,1859,9421,506,0.8093971631205674,0.25070536074163646,0.5514184397163121,0.1648049645390071,0.8351950354609929
9927,YOR298C-A YER105C,0.0,NA,0.0001521571830380708,622,1858,9422,506,0.809477756286267,0.2508064516129032,0.5514184397163121,0.1647163120567376,0.8352836879432625
9928,YEL065W YFL056C,0.0,NA,0.0001536448544356972,622,1857,9423,506,0.8095583494519665,0.2509076240419524,0.5514184397163121,0.1646276595744681,0.8353723404255319
9929,YKR070W YDR079C-A,0.0,NA,0.00015449340571649373,622,1856,9424,506,0.809638942617666,0.2510088781275222,0.5514184397163121,0.16453900709219857,0.8354609929078014
9930,YBL067C YER138C,1.0,NA,0.00015466762124560773,621,1856,9424,507,0.8095583494519665,0.2507064997981429,0.550531914893617,0.16453900709219857,0.8354609929078014
9931,YMR325W YPR121W,0.0,NA,0.00015522995090577751,621,1855,9425,507,0.809638942617666,0.2508077544426494,0.550531914893617,0.16445035460992907,0.8355496453900709
9932,YGR278W YGR277C,0.0,NA,0.000155843939865008,621,1854,9426,507,0.8097195357833655,0.2509090909090909,0.550531914893617,0.16436170212765958,0.8356382978723405
9933,YJR120W YBL019W,0.0,NA,0.00015597922902088612,621,1853,9427,507,0.8098001289490652,0.2510105092966855,0.550531914893617,0.16427304964539008,0.83572695035461
9934,YPL057C YML132W,0.0,NA,0.00015742485993541777,621,1852,9428,507,0.8098807221147647,0.25111200970481196,0.550531914893617,0.16418439716312055,0.8358156028368794
9935,YDR207C YHR150W,0.0,NA,0.0001580327661940828,621,1851,9429,507,0.8099613152804642,0.2512135922330097,0.550531914893617,0.16409574468085106,0.8359042553191489
9936,YMR235C YER122C,0.0,NA,0.00015819001419004053,621,1850,9430,507,0.8100419084461637,0.25131525698097934,0.550531914893617,0.16400709219858156,0.8359929078014184
9937,YBR169C YIL173W,0.0,NA,0.00015946973871905357,621,1849,9431,507,0.8101225016118633,0.25141700404858297,0.550531914893617,0.16391843971631206,0.836081560283688
9938,YLR105C YPL231W,0.0,NA,0.00015986741345841438,621,1848,9432,507,0.8102030947775629,0.2515188335358445,0.550531914893617,0.16382978723404254,0.8361702127659575
9939,YCL031C YPL130W,0.0,NA,0.00015993937267921865,621,1847,9433,507,0.8102836879432624,0.2516207455429498,0.550531914893617,0.16374113475177304,0.8362588652482269
9940,YIL067C YHR166C,0.0,NA,0.00016043409414123744,621,1846,9434,507,0.810364281108962,0.25172274017024726,0.550531914893617,0.16365248226950355,0.8363475177304964
9941,YNL001W YLR350W,0.0,NA,0.00016189012967515737,621,1845,9435,507,0.8104448742746615,0.2518248175182482,0.550531914893617,0.16356382978723405,0.836436170212766
9942,YNL113W YPL016W,0.0,NA,0.0001650146150495857,621,1844,9436,507,0.810525467440361,0.2519269776876268,0.550531914893617,0.16347517730496453,0.8365248226950355
9943,YIL063C YKL126W,0.0,NA,0.00016541979857720435,621,1843,9437,507,0.8106060606060606,0.2520292207792208,0.550531914893617,0.16338652482269503,0.836613475177305
9944,YDR323C YJR153W,0.0,NA,0.00016575025802012533,621,1842,9438,507,0.8106866537717602,0.25213154689403167,0.550531914893617,0.16329787234042553,0.8367021276595744
9945,YDR034C YDR332W,0.0,NA,0.0001663485891185701,621,1841,9439,507,0.8107672469374597,0.252233956133225,0.550531914893617,0.16320921985815603,0.8367907801418439
9946,YGL005C YML132W,0.0,NA,0.0001668844633968547,621,1840,9440,507,0.8108478401031592,0.2523364485981308,0.550531914893617,0.16312056737588654,0.8368794326241135
9947,YLR034C YCL066W,0.0,NA,0.0001675338571658358,621,1839,9441,507,0.8109284332688588,0.2524390243902439,0.550531914893617,0.163031914893617,0.836968085106383
9948,YDR338C YJR084W,0.0,NA,0.00016844029596541077,621,1838,9442,507,0.8110090264345583,0.2525416836112241,0.550531914893617,0.16294326241134752,0.8370567375886525
9949,YDR234W YBL026W,0.0,NA,0.00016862220945768058,621,1837,9443,507,0.8110896196002579,0.2526444263628967,0.550531914893617,0.16285460992907802,0.837145390070922
9950,YFL062W YPL240C,0.0,NA,0.00017041215323843062,621,1836,9444,507,0.8111702127659575,0.25274725274725274,0.550531914893617,0.16276595744680852,0.8372340425531914
9951,YER160C YDR415C,1.0,NA,0.0001707532355794683,620,1836,9444,508,0.8110896196002579,0.252442996742671,0.549645390070922,0.16276595744680852,0.8372340425531914
9952,YGR144W YPL190C,0.0,NA,0.0001709945354377851,620,1835,9445,508,0.8111702127659575,0.2525458248472505,0.549645390070922,0.162677304964539,0.837322695035461
9953,YJR090C YGL103W,0.0,NA,0.00017264083726331592,620,1834,9446,508,0.811250805931657,0.2526487367563162,0.549645390070922,0.1625886524822695,0.8374113475177305
9954,YNL201C YDR536W,0.0,NA,0.00017340337217319757,620,1833,9447,508,0.8113313990973565,0.2527517325723604,0.549645390070922,0.1625,0.8375
9955,YOR223W YGL004C,0.0,NA,0.00017486934666521847,620,1832,9448,508,0.811411992263056,0.2528548123980424,0.549645390070922,0.1624113475177305,0.8375886524822695
9956,YGR059W YJR132W,0.0,NA,0.0001753589021973312,620,1831,9449,508,0.8114925854287557,0.2529579763361893,0.549645390070922,0.16232269503546098,0.837677304964539
9957,YBL107C YML021C,0.0,NA,0.00017545255832374096,620,1830,9450,508,0.8115731785944552,0.2530612244897959,0.549645390070922,0.1622340425531915,0.8377659574468085
9958,YEL017C-A YLR381W,0.0,NA,0.00017546711023896933,620,1829,9451,508,0.8116537717601547,0.25316455696202533,0.549645390070922,0.162145390070922,0.837854609929078
9959,YER143W YDR434W,1.0,NA,0.00017587767797522247,619,1829,9451,509,0.8115731785944552,0.252859477124183,0.5487588652482269,0.162145390070922,0.837854609929078
9960,YCR076C YDR294C,0.0,NA,0.00017619709251448512,619,1828,9452,509,0.8116537717601547,0.2529628116060482,0.5487588652482269,0.1620567375886525,0.8379432624113475
9961,YKR028W YNR030W,0.0,NA,0.00017833964375313371,619,1827,9453,509,0.8117343649258543,0.2530662305805397,0.5487588652482269,0.16196808510638297,0.8380319148936171
9962,YOR355W YOR193W,0.0,NA,0.00017875318008009344,619,1826,9454,509,0.8118149580915538,0.25316973415132926,0.5487588652482269,0.16187943262411347,0.8381205673758865
9963,YIL063C YKL204W,0.0,NA,0.00017958498210646212,619,1825,9455,509,0.8118955512572534,0.2532733224222586,0.5487588652482269,0.16179078014184398,0.838209219858156
9964,YLR284C YGR097W,0.0,NA,0.0001803828199626878,619,1824,9456,509,0.811976144422953,0.25337699549733933,0.5487588652482269,0.16170212765957448,0.8382978723404255
9965,YDR316W YNL052W,0.0,NA,0.0001805450883693993,619,1823,9457,509,0.8120567375886525,0.2534807534807535,0.5487588652482269,0.16161347517730495,0.838386524822695
9966,YLL008W YKL196C,0.0,NA,0.00018206273671239614,619,1822,9458,509,0.812137330754352,0.2535845964768538,0.5487588652482269,0.16152482269503546,0.8384751773049646
9967,YGL205W YLR407W,0.0,NA,0.0001826593215810135,619,1821,9459,509,0.8122179239200515,0.25368852459016394,0.5487588652482269,0.16143617021276596,0.8385638297872341
9968,YPL038W YHL043W,0.0,NA,0.000182861287612468,619,1820,9460,509,0.8122985170857512,0.25379253792537926,0.5487588652482269,0.16134751773049646,0.8386524822695035
9969,YBL100W-B YJR126C,1.0,NA,0.00018307394930161536,618,1820,9460,510,0.8122179239200515,0.2534864643150123,0.5478723404255319,0.16134751773049646,0.8386524822695035
9970,YNL191W YGL203C,1.0,NA,0.0001840648183133453,617,1820,9460,511,0.812137330754352,0.2531801395157981,0.5469858156028369,0.16134751773049646,0.8386524822695035
9971,YHL031C YIR003W,0.0,NA,0.00018408254254609346,617,1819,9461,511,0.8122179239200515,0.2532840722495895,0.5469858156028369,0.16125886524822694,0.838741134751773
9972,YMR179W YEL012W,0.0,NA,0.00018432211072649807,617,1818,9462,511,0.8122985170857512,0.253388090349076,0.5469858156028369,0.16117021276595744,0.8388297872340426
9973,YNL199C YGR143W,0.0,NA,0.0001873240398708731,617,1817,9463,511,0.8123791102514507,0.25349219391947414,0.5469858156028369,0.16108156028368795,0.8389184397163121
9974,YCL021W-A YGR097W,0.0,NA,0.00018751274910755455,617,1816,9464,511,0.8124597034171502,0.25359638306617344,0.5469858156028369,0.16099290780141845,0.8390070921985816
9975,YDL035C YOR310C,0.0,NA,0.00018770468886941671,617,1815,9465,511,0.8125402965828498,0.25370065789473684,0.5469858156028369,0.16090425531914893,0.839095744680851
9976,YDR185C YPL104W,0.0,NA,0.00018885164172388613,617,1814,9466,511,0.8126208897485493,0.25380501851090087,0.5469858156028369,0.16081560283687943,0.8391843971631205
9977,YNL160W YEL018W,0.0,NA,0.00019007956143468618,617,1813,9467,511,0.8127014829142488,0.25390946502057615,0.5469858156028369,0.16072695035460993,0.8392730496453901
9978,YKR020W YGL224C,0.0,NA,0.0001907189580379054,617,1812,9468,511,0.8127820760799485,0.25401399752984766,0.5469858156028369,0.16063829787234044,0.8393617021276596
9979,YOR040W YPL005W,0.0,NA,0.00019129301654174924,617,1811,9469,511,0.812862669245648,0.2541186161449753,0.5469858156028369,0.1605496453900709,0.8394503546099291
9980,YLR360W YDR362C,0.0,NA,0.0001915751927299425,617,1810,9470,511,0.8129432624113475,0.2542233209723939,0.5469858156028369,0.16046099290780141,0.8395390070921985
9981,YJL062W-A YPR060C,0.0,NA,0.00019184152188245207,617,1809,9471,511,0.813023855577047,0.2543281121187139,0.5469858156028369,0.16037234042553192,0.839627659574468
9982,YDR219C YLR261C,0.0,NA,0.00019263409194536507,617,1808,9472,511,0.8131044487427466,0.25443298969072164,0.5469858156028369,0.16028368794326242,0.8397163120567376
9983,YCR065W YHR107C,0.0,NA,0.00019310248899273574,617,1807,9473,511,0.8131850419084462,0.2545379537953795,0.5469858156028369,0.1601950354609929,0.8398049645390071
9984,YKR066C YCL021W-A,0.0,NA,0.00019314925884827971,617,1806,9474,511,0.8132656350741457,0.25464300453982663,0.5469858156028369,0.1601063829787234,0.8398936170212766
9985,YOR298C-A YJR009C,0.0,NA,0.00019387845532037318,617,1805,9475,511,0.8133462282398453,0.254748142031379,0.5469858156028369,0.1600177304964539,0.8399822695035462
9986,YNL004W YPR125W,0.0,NA,0.00019434542628005147,617,1804,9476,511,0.8134268214055448,0.2548533663775299,0.5469858156028369,0.1599290780141844,0.8400709219858156
9987,YNL310C YDR207C,0.0,NA,0.00019457405142020434,617,1803,9477,511,0.8135074145712443,0.25495867768595043,0.5469858156028369,0.15984042553191488,0.8401595744680851
9988,YLR261C YNL024C,0.0,NA,0.00019539114146027714,617,1802,9478,511,0.813588007736944,0.25506407606448944,0.5469858156028369,0.15975177304964538,0.8402482269503546
9989,YCR069W YNL084C,0.0,NA,0.00019564261310733855,617,1801,9479,511,0.8136686009026435,0.25516956162117455,0.5469858156028369,0.1596631205673759,0.8403368794326241
9990,YIL013C YER070W,0.0,NA,0.00019589797011576593,617,1800,9480,511,0.813749194068343,0.25527513446421185,0.5469858156028369,0.1595744680851064,0.8404255319148937
9991,YMR244C-A YPR021C,0.0,NA,0.00019653969502542168,617,1799,9481,511,0.8138297872340425,0.25538079470198677,0.5469858156028369,0.15948581560283687,0.8405141843971631
9992,YDR234W YMR310C,0.0,NA,0.00019663679995574057,617,1798,9482,511,0.8139103803997421,0.2554865424430642,0.5469858156028369,0.15939716312056737,0.8406028368794326
9993,YOR213C YKL168C,0.0,NA,0.0001993343757931143,617,1797,9483,511,0.8139909735654417,0.2555923777961889,0.5469858156028369,0.15930851063829787,0.8406914893617021
9994,YMR265C YHR009C,0.0,NA,0.00019939384947065264,617,1796,9484,511,0.8140715667311412,0.25569830087028594,0.5469858156028369,0.15921985815602838,0.8407801418439717
9995,YHR167W YPL088W,0.0,NA,0.00020023633260279894,617,1795,9485,511,0.8141521598968408,0.255804311774461,0.5469858156028369,0.15913120567375885,0.8408687943262412
9996,YER131W YLL013C,0.0,NA,0.0002002539113163948,617,1794,9486,511,0.8142327530625403,0.25591041061800085,0.5469858156028369,0.15904255319148936,0.8409574468085106
9997,YBR296C YJR135W-A,0.0,NA,0.00020111248886678368,617,1793,9487,511,0.8143133462282398,0.2560165975103734,0.5469858156028369,0.15895390070921986,0.8410460992907801
9998,YGL240W YMR197C,0.0,NA,0.0002012018667301163,617,1792,9488,511,0.8143939393939394,0.25612287256122873,0.5469858156028369,0.15886524822695036,0.8411347517730496
9999,YHR021W-A YMR124W,0.0,NA,0.00020153286459390074,617,1791,9489,511,0.814474532559639,0.2562292358803987,0.5469858156028369,0.15877659574468084,0.8412234042553192
10000,YBL005W-B YER138C,1.0,NA,0.00020199977734591812,616,1791,9489,512,0.8143939393939394,0.25592023265475694,0.5460992907801419,0.15877659574468084,0.8412234042553192
10001,YNL225C YGR042W,0.0,NA,0.0002025979192694649,616,1790,9490,512,0.814474532559639,0.25602660016625106,0.5460992907801419,0.15868794326241134,0.8413120567375887
10002,YDR362C YLR364W,0.0,NA,0.00020358996698632836,616,1789,9491,512,0.8145551257253385,0.25613305613305615,0.5460992907801419,0.15859929078014184,0.8414007092198581
10003,YJL210W YDR229W,0.0,NA,0.0002036464720731601,616,1788,9492,512,0.814635718891038,0.2562396006655574,0.5460992907801419,0.15851063829787235,0.8414893617021276
10004,YMR221C YOR310C,0.0,NA,0.0002039153769146651,616,1787,9493,512,0.8147163120567376,0.25634623387432376,0.5460992907801419,0.15842198581560285,0.8415780141843971
10005,YDR185C YKL085W,0.0,NA,0.0002039157843682915,616,1786,9494,512,0.8147969052224371,0.25645295587010825,0.5460992907801419,0.15833333333333333,0.8416666666666667
10006,YJL062W YLR090W,0.0,NA,0.00020481055253185332,616,1785,9495,512,0.8148774983881367,0.2565597667638484,0.5460992907801419,0.15824468085106383,0.8417553191489362
10007,YMR316C-A YBR173C,0.0,NA,0.00020588429470080882,616,1784,9496,512,0.8149580915538363,0.25666666666666665,0.5460992907801419,0.15815602836879433,0.8418439716312057
10008,YKL133C YER161C,0.0,NA,0.00020772716379724443,616,1783,9497,512,0.8150386847195358,0.25677365568987076,0.5460992907801419,0.15806737588652484,0.8419326241134751
10009,YPL007C YOL003C,0.0,NA,0.00020933867199346423,616,1782,9498,512,0.8151192778852353,0.25688073394495414,0.5460992907801419,0.1579787234042553,0.8420212765957447
10010,YLR057W YER102W,0.0,NA,0.0002109106135321781,616,1781,9499,512,0.8151998710509348,0.2569879015435962,0.5460992907801419,0.15789007092198581,0.8421099290780142
10011,YHR127W YDR361C,0.0,NA,0.0002116464893333614,616,1780,9500,512,0.8152804642166345,0.2570951585976628,0.5460992907801419,0.15780141843971632,0.8421985815602837
10012,YKL126W YLR273C,0.0,NA,0.00021172278502490371,616,1779,9501,512,0.815361057382334,0.2572025052192067,0.5460992907801419,0.15771276595744682,0.8422872340425532
10013,YLR274W YKL173W,0.0,NA,0.0002120330900652334,616,1778,9502,512,0.8154416505480335,0.2573099415204678,0.5460992907801419,0.1576241134751773,0.8423758865248226
10014,YMR284W YGR097W,0.0,NA,0.00021263357484713197,616,1777,9503,512,0.815522243713733,0.2574174676138738,0.5460992907801419,0.1575354609929078,0.8424645390070922
10015,YOR195W YCR095C,0.0,NA,0.00021277289488352835,616,1776,9504,512,0.8156028368794326,0.25752508361204013,0.5460992907801419,0.1574468085106383,0.8425531914893617
10016,YER166W YLL042C,0.0,NA,0.00021281915542203933,616,1775,9505,512,0.8156834300451322,0.2576327896277708,0.5460992907801419,0.1573581560283688,0.8426418439716312
10017,YFR006W YIR039C,1.0,NA,0.00021372058836277574,615,1775,9505,513,0.8156028368794326,0.25732217573221755,0.5452127659574468,0.1573581560283688,0.8426418439716312
10018,YJL103C YBL011W,0.0,NA,0.00021373340860009193,615,1774,9506,513,0.8156834300451322,0.2574298869820008,0.5452127659574468,0.15726950354609928,0.8427304964539007
10019,YLR362W YJR131W,0.0,NA,0.00021411832130979747,615,1773,9507,513,0.8157640232108317,0.25753768844221103,0.5452127659574468,0.15718085106382979,0.8428191489361702
10020,YEL017C-A YLR020C,0.0,NA,0.0002151033841073513,615,1772,9508,513,0.8158446163765313,0.2576455802262254,0.5452127659574468,0.1570921985815603,0.8429078014184397
10021,YER144C YER160C,1.0,NA,0.00021631272102240473,614,1772,9508,514,0.8157640232108317,0.2573344509639564,0.5443262411347518,0.1570921985815603,0.8429078014184397
10022,YDL170W YLR298C,0.0,NA,0.0002191798121202737,614,1771,9509,514,0.8158446163765313,0.2574423480083857,0.5443262411347518,0.1570035460992908,0.8429964539007092
10023,YKL018W YLR020C,0.0,NA,0.00022048648679628968,614,1770,9510,514,0.8159252095422308,0.2575503355704698,0.5443262411347518,0.15691489361702127,0.8430851063829787
10024,YPL265W YDR207C,0.0,NA,0.00022095472377259284,614,1769,9511,514,0.8160058027079303,0.2576584137641628,0.5443262411347518,0.15682624113475177,0.8431737588652483
10025,YPR031W YMR123W,0.0,NA,0.00022197588987182826,614,1768,9512,514,0.81608639587363,0.2577665827036104,0.5443262411347518,0.15673758865248227,0.8432624113475178
10026,YER094C YNL191W,1.0,NA,0.00022331668878905475,613,1768,9512,515,0.8160058027079303,0.2574548509029819,0.5434397163120568,0.15673758865248227,0.8432624113475178
10027,YDR516C YGR097W,0.0,NA,0.00022399480803869665,613,1767,9513,515,0.81608639587363,0.257563025210084,0.5434397163120568,0.15664893617021278,0.8433510638297872
10028,YOR391C YDR434W,1.0,NA,0.00022430106764659286,612,1767,9513,516,0.8160058027079303,0.2572509457755359,0.5425531914893617,0.15664893617021278,0.8433510638297872
10029,YDL137W YER122C,0.0,NA,0.00022453708515968174,612,1766,9514,516,0.81608639587363,0.25735912531539107,0.5425531914893617,0.15656028368794325,0.8434397163120567
10030,YNL072W YCR052W,0.0,NA,0.0002268808602821082,612,1765,9515,516,0.8161669890393295,0.25746739587715606,0.5425531914893617,0.15647163120567376,0.8435283687943262
10031,YHR150W YOR047C,0.0,NA,0.00022889785759616643,612,1764,9516,516,0.816247582205029,0.25757575757575757,0.5425531914893617,0.15638297872340426,0.8436170212765958
10032,YDR364C YJR055W,0.0,NA,0.00022973178420215845,612,1763,9517,516,0.8163281753707285,0.2576842105263158,0.5425531914893617,0.15629432624113476,0.8437056737588653
10033,YPL150W YIL147C,0.0,NA,0.0002304566150996834,612,1762,9518,516,0.8164087685364281,0.2577927548441449,0.5425531914893617,0.15620567375886524,0.8437943262411347
10034,YOR391C YPR024W,1.0,NA,0.0002310257696080953,611,1762,9518,517,0.8163281753707285,0.25747998314369996,0.5416666666666666,0.15620567375886524,0.8437943262411347
10035,YPR137W YOL052C,0.0,NA,0.0002320290805073455,611,1761,9519,517,0.8164087685364281,0.2575885328836425,0.5416666666666666,0.15611702127659574,0.8438829787234042
10036,YLR033W YPL007C,0.0,NA,0.00023225837503559887,611,1760,9520,517,0.8164893617021277,0.2576971741881063,0.5416666666666666,0.15602836879432624,0.8439716312056738
10037,YGL068W YMR028W,0.0,NA,0.00023311206314247102,611,1759,9521,517,0.8165699548678272,0.2578059071729958,0.5416666666666666,0.15593971631205675,0.8440602836879433
10038,YBR132C YMR163C,0.0,NA,0.0002339669008506462,611,1758,9522,517,0.8166505480335268,0.25791473195441117,0.5416666666666666,0.15585106382978722,0.8441489361702128
10039,YGL054C YML002W,0.0,NA,0.00023407825210597366,611,1757,9523,517,0.8167311411992263,0.25802364864864863,0.5416666666666666,0.15576241134751773,0.8442375886524822
10040,YDR097C YIL009C-A,0.0,NA,0.0002356933691771701,611,1756,9524,517,0.8168117343649258,0.2581326573722011,0.5416666666666666,0.15567375886524823,0.8443262411347517
10041,YPR056W YNL307C,0.0,NA,0.00023614864039700478,611,1755,9525,517,0.8168923275306254,0.25824175824175827,0.5416666666666666,0.15558510638297873,0.8444148936170213
10042,YOR030W YPR010C,0.0,NA,0.00023633222735952586,611,1754,9526,517,0.816972920696325,0.25835095137420716,0.5416666666666666,0.1554964539007092,0.8445035460992908
10043,YBR248C YLR430W,0.0,NA,0.00023648324713576585,611,1753,9527,517,0.8170535138620245,0.25846023688663283,0.5416666666666666,0.1554078014184397,0.8445921985815603
10044,YGR296W YPR121W,0.0,NA,0.00023651165247429162,611,1752,9528,517,0.817134107027724,0.25856961489631825,0.5416666666666666,0.15531914893617021,0.8446808510638298
10045,YDR034C YKL133C,0.0,NA,0.0002373674069531262,611,1751,9529,517,0.8172147001934236,0.25867908552074514,0.5416666666666666,0.15523049645390072,0.8447695035460993
10046,YPL227C YCL021W-A,0.0,NA,0.00023781298659741879,611,1750,9530,517,0.8172952933591231,0.25878864887759423,0.5416666666666666,0.1551418439716312,0.8448581560283688
10047,YML103C YPR032W,0.0,NA,0.00023842506925575435,611,1749,9531,517,0.8173758865248227,0.25889830508474576,0.5416666666666666,0.1550531914893617,0.8449468085106383
10048,YDR347W YPL103C,0.0,NA,0.00023849531135056168,611,1748,9532,517,0.8174564796905223,0.2590080542602798,0.5416666666666666,0.1549645390070922,0.8450354609929078
10049,YCR028C YHL006C,0.0,NA,0.00024021879653446376,611,1747,9533,517,0.8175370728562218,0.2591178965224767,0.5416666666666666,0.1548758865248227,0.8451241134751774
10050,YBL075C YJR074W,0.0,NA,0.00024139591550920159,611,1746,9534,517,0.8176176660219213,0.2592278319898176,0.5416666666666666,0.15478723404255318,0.8452127659574468
10051,YDR038C YLR005W,0.0,NA,0.0002441846008878201,611,1745,9535,517,0.8176982591876208,0.2593378607809847,0.5416666666666666,0.15469858156028368,0.8453014184397163
10052,YAR018C YGL216W,0.0,NA,0.0002445100690238178,611,1744,9536,517,0.8177788523533205,0.259447983014862,0.5416666666666666,0.15460992907801419,0.8453900709219858
10053,YER144C YJR126C,1.0,NA,0.00024619788746349514,610,1744,9536,518,0.8176982591876208,0.25913338997451146,0.5407801418439716,0.15460992907801419,0.8453900709219858
10054,YGL012W YOR125C,0.0,NA,0.0002464169810991734,610,1743,9537,518,0.8177788523533205,0.2592435189120272,0.5407801418439716,0.1545212765957447,0.8454787234042553
10055,YDR331W YBL005W-B,1.0,NA,0.00024971942184492946,609,1743,9537,519,0.8176982591876208,0.25892857142857145,0.5398936170212766,0.1545212765957447,0.8454787234042553
10056,YLR362W YKL146W,0.0,NA,0.00025052379351109266,609,1742,9538,519,0.8177788523533205,0.2590387069332199,0.5398936170212766,0.15443262411347516,0.8455673758865249
10057,YMR200W YLL036C,0.0,NA,0.0002511922793928534,609,1741,9539,519,0.81785944551902,0.2591489361702128,0.5398936170212766,0.15434397163120567,0.8456560283687943
10058,YIL166C YJL002C,0.0,NA,0.0002519430418033153,609,1740,9540,519,0.8179400386847195,0.25925925925925924,0.5398936170212766,0.15425531914893617,0.8457446808510638
10059,YDR060W YML021C,0.0,NA,0.0002526468597352505,609,1739,9541,519,0.8180206318504191,0.2593696763202726,0.5398936170212766,0.15416666666666667,0.8458333333333333
10060,YPL059W YKL108W,0.0,NA,0.00025408758665435016,609,1738,9542,519,0.8181012250161186,0.25948018747337026,0.5398936170212766,0.15407801418439715,0.8459219858156029
10061,YGL143C YGL238W,0.0,NA,0.0002552102378103882,609,1737,9543,519,0.8181818181818182,0.2595907928388747,0.5398936170212766,0.15398936170212765,0.8460106382978724
10062,YPL031C YLR298C,0.0,NA,0.0002566824550740421,609,1736,9544,519,0.8182624113475178,0.25970149253731345,0.5398936170212766,0.15390070921985816,0.8460992907801419
10063,YBR008C YLR081W,0.0,NA,0.0002567536721471697,609,1735,9545,519,0.8183430045132173,0.2598122866894198,0.5398936170212766,0.15381205673758866,0.8461879432624113
10064,YJL066C YER020W,0.0,NA,0.0002575038524810225,609,1734,9546,519,0.8184235976789168,0.2599231754161332,0.5398936170212766,0.15372340425531916,0.8462765957446808
10065,YOR347C YDL063C,0.0,NA,0.00025812131934799254,609,1733,9547,519,0.8185041908446163,0.2600341588385995,0.5398936170212766,0.15363475177304964,0.8463652482269504
10066,YER094C YJL113W,1.0,NA,0.0002594304387457669,608,1733,9547,520,0.8184235976789168,0.25971806920119606,0.5390070921985816,0.15363475177304964,0.8463652482269504
10067,YOR391C YLR163C,1.0,NA,0.000259754917351529,607,1733,9547,521,0.8183430045132173,0.2594017094017094,0.5381205673758865,0.15363475177304964,0.8463652482269504
10068,YDL126C YJR051W,0.0,NA,0.00025999202625826,607,1732,9548,521,0.8184235976789168,0.25951261222744765,0.5381205673758865,0.15354609929078014,0.8464539007092199
10069,YIL109C YJL174W,0.0,NA,0.0002605635381769389,607,1731,9549,521,0.8185041908446163,0.25962360992301114,0.5381205673758865,0.15345744680851064,0.8465425531914894
10070,YBR211C YIL074C,0.0,NA,0.00026244792388752103,607,1730,9550,521,0.818584784010316,0.259734702610184,0.5381205673758865,0.15336879432624115,0.8466312056737588
10071,YGR038W YGL143C,0.0,NA,0.0002627373323775828,607,1729,9551,521,0.8186653771760155,0.2598458904109589,0.5381205673758865,0.15328014184397162,0.8467198581560283
10072,YIL108W YNL191W,1.0,NA,0.00026477829669602215,606,1729,9551,522,0.818584784010316,0.2595289079229122,0.5372340425531915,0.15328014184397162,0.8467198581560283
10073,YPR103W YMR150C,1.0,NA,0.00026613357476890087,605,1729,9551,523,0.8185041908446163,0.2592116538131962,0.5363475177304965,0.15328014184397162,0.8467198581560283
10074,YCR069W YPL215W,0.0,NA,0.0002675738651305437,605,1728,9552,523,0.818584784010316,0.25932276039434204,0.5363475177304965,0.15319148936170213,0.8468085106382979
10075,YDL143W YEL069C,0.0,NA,0.00026957219233736396,605,1727,9553,523,0.8186653771760155,0.25943396226415094,0.5363475177304965,0.15310283687943263,0.8468971631205674
10076,YPL099C YOR213C,0.0,NA,0.0002708556712605059,605,1726,9554,523,0.818745970341715,0.25954525954525953,0.5363475177304965,0.15301418439716313,0.8469858156028369
10077,YBR211C YER087C-A,0.0,NA,0.0002708667889237404,605,1725,9555,523,0.8188265635074146,0.259656652360515,0.5363475177304965,0.1529255319148936,0.8470744680851063
10078,YDR394W YPR024W,1.0,NA,0.0002731645363382995,604,1725,9555,524,0.818745970341715,0.25933877200515243,0.5354609929078015,0.1529255319148936,0.8470744680851063
10079,YBR044C YIR014W,0.0,NA,0.00027743438840843737,604,1724,9556,524,0.8188265635074146,0.25945017182130586,0.5354609929078015,0.1528368794326241,0.8471631205673759
10080,YDR350C YPL174C,0.0,NA,0.0002778383204713464,604,1723,9557,524,0.8189071566731141,0.25956166738289643,0.5354609929078015,0.15274822695035462,0.8472517730496454
10081,YNR030W YPL120W,0.0,NA,0.0002784960379358381,604,1722,9558,524,0.8189877498388136,0.2596732588134136,0.5354609929078015,0.15265957446808512,0.8473404255319149
10082,YBR059C YPR021C,0.0,NA,0.0002826628915499896,604,1721,9559,524,0.8190683430045133,0.2597849462365591,0.5354609929078015,0.1525709219858156,0.8474290780141844
10083,YDR104C YGR216C,0.0,NA,0.0002833666221704334,604,1720,9560,524,0.8191489361702128,0.25989672977624784,0.5354609929078015,0.1524822695035461,0.8475177304964538
10084,YNR030W YKL032C,0.0,NA,0.0002847339492291212,604,1719,9561,524,0.8192295293359123,0.2600086095566078,0.5354609929078015,0.1523936170212766,0.8476063829787234
10085,YNL044W YLL013C,0.0,NA,0.0002849544689524919,604,1718,9562,524,0.8193101225016118,0.26012058570198104,0.5354609929078015,0.1523049645390071,0.8476950354609929
10086,YML094W YNL281W,0.0,NA,0.0002858559601008892,604,1717,9563,524,0.8193907156673114,0.2602326583369237,0.5354609929078015,0.15221631205673758,0.8477836879432624
10087,YBR114W YJR084W,0.0,NA,0.00028630680753849447,604,1716,9564,524,0.819471308833011,0.2603448275862069,0.5354609929078015,0.15212765957446808,0.847872340425532
10088,YNL125C YIL173W,0.0,NA,0.00028661597752943635,604,1715,9565,524,0.8195519019987105,0.2604570935748167,0.5354609929078015,0.15203900709219859,0.8479609929078015
10089,YGL105W YER166W,0.0,NA,0.0002867094590328634,604,1714,9566,524,0.8196324951644101,0.26056945642795515,0.5354609929078015,0.1519503546099291,0.8480496453900709
10090,YGL203C YFR018C,1.0,NA,0.0002894642821047455,603,1714,9566,525,0.8195519019987105,0.26025032369443246,0.5345744680851063,0.1519503546099291,0.8480496453900709
10091,YDR405W YJL074C,0.0,NA,0.00028988157282583416,603,1713,9567,525,0.8196324951644101,0.2603626943005181,0.5345744680851063,0.15186170212765956,0.8481382978723404
10092,YGL044C YGR233C,0.0,NA,0.00029051100136712193,603,1712,9568,525,0.8197130883301096,0.260475161987041,0.5345744680851063,0.15177304964539007,0.8482269503546099
10093,YBR201W YLR298C,0.0,NA,0.000292747252387926,603,1711,9569,525,0.8197936814958091,0.2605877268798617,0.5345744680851063,0.15168439716312057,0.8483156028368795
10094,YMR286W YOL012C,0.0,NA,0.0002939891128335148,603,1710,9570,525,0.8198742746615088,0.2607003891050584,0.5345744680851063,0.15159574468085107,0.848404255319149
10095,YOR193W YPR137W,0.0,NA,0.0002984309394378215,603,1709,9571,525,0.8199548678272083,0.26081314878892736,0.5345744680851063,0.15150709219858155,0.8484929078014184
10096,YJR125C YGL205W,0.0,NA,0.0002998069394379854,603,1708,9572,525,0.8200354609929078,0.26092600605798355,0.5345744680851063,0.15141843971631205,0.8485815602836879
10097,YPL121C YML004C,0.0,NA,0.00030034908559173346,603,1707,9573,525,0.8201160541586073,0.261038961038961,0.5345744680851063,0.15132978723404256,0.8486702127659574
10098,YOR030W YJR132W,0.0,NA,0.0003013259556610137,603,1706,9574,525,0.8201966473243069,0.2611520138588133,0.5345744680851063,0.15124113475177306,0.848758865248227
10099,YLR072W YJL030W,0.0,NA,0.00030488002812489867,603,1705,9575,525,0.8202772404900065,0.26126516464471405,0.5345744680851063,0.15115248226950354,0.8488475177304965
10100,YPL096W YJR161C,0.0,NA,0.00030611874535679817,603,1704,9576,525,0.820357833655706,0.2613784135240572,0.5345744680851063,0.15106382978723404,0.8489361702127659
10101,YPR007C YLR150W,0.0,NA,0.0003093344275839627,603,1703,9577,525,0.8204384268214056,0.26149176062445795,0.5345744680851063,0.15097517730496454,0.8490248226950354
10102,YJL062W-A YBR191W,0.0,NA,0.0003102314076386392,603,1702,9578,525,0.8205190199871051,0.2616052060737527,0.5345744680851063,0.15088652482269505,0.849113475177305
10103,YKR050W YML048W,0.0,NA,0.00031239388044923544,603,1701,9579,525,0.8205996131528046,0.26171875,0.5345744680851063,0.15079787234042552,0.8492021276595745
10104,YFR052W YBL005W-B,1.0,NA,0.0003127243253402412,602,1701,9579,526,0.8205190199871051,0.2613981762917933,0.5336879432624113,0.15079787234042552,0.8492021276595745
10105,YAR018C YDR488C,0.0,NA,0.0003132838464807719,602,1700,9580,526,0.8205996131528046,0.26151172893136404,0.5336879432624113,0.15070921985815602,0.849290780141844
10106,YLR157C YOR125C,0.0,NA,0.0003138611209578812,602,1699,9581,526,0.8206802063185042,0.2616253802694481,0.5336879432624113,0.15062056737588653,0.8493794326241135
10107,YJL145W YLR307W,0.0,NA,0.00031400000443682075,602,1698,9582,526,0.8207607994842038,0.2617391304347826,0.5336879432624113,0.15053191489361703,0.8494680851063829
10108,YLR104W YDR312W,0.0,NA,0.00031458429293707013,602,1697,9583,526,0.8208413926499033,0.26185297955632886,0.5336879432624113,0.1504432624113475,0.8495567375886525
10109,YHR166C YIL112W,0.0,NA,0.00031525682425126433,602,1696,9584,526,0.8209219858156028,0.2619669277632724,0.5336879432624113,0.150354609929078,0.849645390070922
10110,YMR031C YOR090C,0.0,NA,0.0003153424768242985,602,1695,9585,526,0.8210025789813024,0.26208097518502393,0.5336879432624113,0.1502659574468085,0.8497340425531915
10111,YMR220W YKL168C,0.0,NA,0.00031568450503982604,602,1694,9586,526,0.8210831721470019,0.2621951219512195,0.5336879432624113,0.15017730496453902,0.849822695035461
10112,YPL038W YNL004W,0.0,NA,0.00031587688135914505,602,1693,9587,526,0.8211637653127015,0.2623093681917211,0.5336879432624113,0.1500886524822695,0.8499113475177305
10113,YNL053W YMR265C,0.0,NA,0.00031717930687591434,602,1692,9588,526,0.821244358478401,0.26242371403661724,0.5336879432624113,0.15,0.85
10114,YPR026W YNR048W,0.0,NA,0.0003220985527150333,602,1691,9589,526,0.8213249516441006,0.2625381596162233,0.5336879432624113,0.1499113475177305,0.8500886524822695
10115,YLR072W YGR277C,0.0,NA,0.00032282742904499173,602,1690,9590,526,0.8214055448098001,0.262652705061082,0.5336879432624113,0.149822695035461,0.850177304964539
10116,YDR013W YDR362C,0.0,NA,0.0003231313603464514,602,1689,9591,526,0.8214861379754996,0.2627673505019642,0.5336879432624113,0.14973404255319148,0.8502659574468086
10117,YDR533C YBL005W-B,1.0,NA,0.00032342199119739234,601,1689,9591,527,0.8214055448098001,0.26244541484716155,0.5328014184397163,0.14973404255319148,0.8502659574468086
10118,YBR115C YPL190C,0.0,NA,0.000323497224599123,601,1688,9592,527,0.8214861379754996,0.26256006989951947,0.5328014184397163,0.14964539007092198,0.850354609929078
10119,YHR176W YNL107W,0.0,NA,0.00032775173895061016,601,1687,9593,527,0.8215667311411993,0.26267482517482516,0.5328014184397163,0.14955673758865248,0.8504432624113475
10120,YIL176C YGR084C,0.0,NA,0.00033026636810973287,601,1686,9594,527,0.8216473243068988,0.26278968080454745,0.5328014184397163,0.149468085106383,0.850531914893617
10121,YLR307W YOR213C,0.0,NA,0.00033039957634173334,601,1685,9595,527,0.8217279174725983,0.26290463692038496,0.5328014184397163,0.14937943262411346,0.8506205673758865
10122,YMR092C YLR341W,0.0,NA,0.00033060184796340764,601,1684,9596,527,0.8218085106382979,0.263019693654267,0.5328014184397163,0.14929078014184397,0.8507092198581561
10123,YNL304W YGR013W,0.0,NA,0.00033356581116095185,601,1683,9597,527,0.8218891038039974,0.2631348511383538,0.5328014184397163,0.14920212765957447,0.8507978723404256
10124,YOR391C YER138C,1.0,NA,0.00033484408049844205,600,1683,9597,528,0.8218085106382979,0.2628120893561104,0.5319148936170213,0.14920212765957447,0.8507978723404256
10125,YGR249W YJL100W,0.0,NA,0.0003359304100740701,600,1682,9598,528,0.8218891038039974,0.26292725679228746,0.5319148936170213,0.14911347517730497,0.850886524822695
10126,YDR204W YOR288C,0.0,NA,0.00033738467027433217,600,1681,9599,528,0.821969696969697,0.263042525208242,0.5319148936170213,0.14902482269503547,0.8509751773049645
10127,YCR068W YPL104W,0.0,NA,0.00033738676575012505,600,1680,9600,528,0.8220502901353965,0.2631578947368421,0.5319148936170213,0.14893617021276595,0.851063829787234
10128,YNL019C YOR138C,0.0,NA,0.0003375284723006189,600,1679,9601,528,0.8221308833010961,0.26327336551118913,0.5319148936170213,0.14884751773049645,0.8511524822695036
10129,YOR339C YDR079C-A,0.0,NA,0.00033963561872951686,600,1678,9602,528,0.8222114764667956,0.2633889376646181,0.5319148936170213,0.14875886524822696,0.8512411347517731
10130,YLR176C YGL240W,0.0,NA,0.0003402061411179602,600,1677,9603,528,0.8222920696324951,0.2635046113306983,0.5319148936170213,0.14867021276595746,0.8513297872340425
10131,YDR185C YMR124W,0.0,NA,0.0003406759351491928,600,1676,9604,528,0.8223726627981948,0.26362038664323373,0.5319148936170213,0.14858156028368794,0.851418439716312
10132,YJR048W YMR101C,0.0,NA,0.000341939739882946,600,1675,9605,528,0.8224532559638943,0.26373626373626374,0.5319148936170213,0.14849290780141844,0.8515070921985816
10133,YOR038C YMR056C,0.0,NA,0.00034293168573640287,600,1674,9606,528,0.8225338491295938,0.2638522427440633,0.5319148936170213,0.14840425531914894,0.8515957446808511
10134,YFR006W YER138C,1.0,NA,0.0003434499376453459,599,1674,9606,529,0.8224532559638943,0.2635283765948086,0.5310283687943262,0.14840425531914894,0.8515957446808511
10135,YIL108W YJL172W,1.0,NA,0.0003441442677285522,598,1674,9606,530,0.8223726627981948,0.2632042253521127,0.5301418439716312,0.14840425531914894,0.8515957446808511
10136,YIL033C YNL267W,0.0,NA,0.00034537864848971367,598,1673,9607,530,0.8224532559638943,0.2633201232937032,0.5301418439716312,0.14831560283687945,0.8516843971631206
10137,YKL132C YIR014W,0.0,NA,0.0003468385257292539,598,1672,9608,530,0.8225338491295938,0.26343612334801764,0.5301418439716312,0.14822695035460992,0.85177304964539
10138,YMR284W YNL242W,0.0,NA,0.00034704047720879316,598,1671,9609,530,0.8226144422952933,0.2635522256500661,0.5301418439716312,0.14813829787234042,0.8518617021276595
10139,YHL012W YOR298C-A,0.0,NA,0.00034707304439507425,598,1670,9610,530,0.8226950354609929,0.263668430335097,0.5301418439716312,0.14804964539007093,0.8519503546099291
10140,YGR206W YNL148C,0.0,NA,0.0003487056528683752,598,1669,9611,530,0.8227756286266924,0.26378473753859727,0.5301418439716312,0.14796099290780143,0.8520390070921986
10141,YIL042C YPR107C,0.0,NA,0.00035085895797237754,598,1668,9612,530,0.822856221792392,0.263901147396293,0.5301418439716312,0.1478723404255319,0.8521276595744681
10142,YPL115C YMR134W,0.0,NA,0.0003533386916387826,598,1667,9613,530,0.8229368149580916,0.2640176600441501,0.5301418439716312,0.1477836879432624,0.8522163120567375
10143,YML100W YDL193W,0.0,NA,0.00035580460098572075,598,1666,9614,530,0.8230174081237911,0.26413427561837455,0.5301418439716312,0.1476950354609929,0.8523049645390071
10144,YDR519W YOR101W,0.0,NA,0.0003573116264306009,598,1665,9615,530,0.8230980012894906,0.26425099425541315,0.5301418439716312,0.14760638297872342,0.8523936170212766
10145,YJL113W YER078C,1.0,NA,0.000357330369297415,597,1665,9615,531,0.8230174081237911,0.2639257294429708,0.5292553191489362,0.14760638297872342,0.8523936170212766
10146,YIL166C YMR119W,0.0,NA,0.0003576558083295822,597,1664,9616,531,0.8230980012894906,0.26404245908889873,0.5292553191489362,0.1475177304964539,0.8524822695035461
10147,YLR284C YIR014W,0.0,NA,0.0003582099743653089,597,1663,9617,531,0.8231785944551901,0.26415929203539823,0.5292553191489362,0.1474290780141844,0.8525709219858156
10148,YNL239W YMR150C,1.0,NA,0.00036068682675249875,596,1663,9617,532,0.8230980012894906,0.2638335546702081,0.5283687943262412,0.1474290780141844,0.8525709219858156
10149,YPL130W YMR203W,0.0,NA,0.00036150921368971467,596,1662,9618,532,0.8231785944551901,0.26395039858281666,0.5283687943262412,0.1473404255319149,0.8526595744680852
10150,YCL021W-A YKR027W,0.0,NA,0.00036256120074540377,596,1661,9619,532,0.8232591876208898,0.26406734603455917,0.5283687943262412,0.1472517730496454,0.8527482269503546
10151,YER151C YBL100W-B,1.0,NA,0.0003633234591688961,595,1661,9619,533,0.8231785944551901,0.2637411347517731,0.5274822695035462,0.1472517730496454,0.8527482269503546
10152,YFL011W YDL193W,0.0,NA,0.0003648450947366655,595,1660,9620,533,0.8232591876208898,0.2638580931263858,0.5274822695035462,0.14716312056737588,0.8528368794326241
10153,YNL004W YNL084C,0.0,NA,0.0003651972801890224,595,1659,9621,533,0.8233397807865893,0.2639751552795031,0.5274822695035462,0.14707446808510638,0.8529255319148936
10154,YIR014W YNL007C,0.0,NA,0.00036841363180428743,595,1658,9622,533,0.8234203739522888,0.26409232134931204,0.5274822695035462,0.14698581560283688,0.8530141843971631
10155,YDR128W YHR117W,0.0,NA,0.0003684554249048233,595,1657,9623,533,0.8235009671179884,0.2642095914742451,0.5274822695035462,0.1468971631205674,0.8531028368794327
10156,YBR114W YOL091W,0.0,NA,0.00036876395461149514,595,1656,9624,533,0.8235815602836879,0.2643269657929809,0.5274822695035462,0.14680851063829786,0.8531914893617021
10157,YKL077W YHL013C,0.0,NA,0.0003741378604900092,595,1655,9625,533,0.8236621534493875,0.2644444444444444,0.5274822695035462,0.14671985815602837,0.8532801418439716
10158,YCR105W YPL150W,0.0,NA,0.0003741867549251765,595,1654,9626,533,0.8237427466150871,0.2645620275678079,0.5274822695035462,0.14663120567375887,0.8533687943262411
10159,YPR052C YML081C-A,0.0,NA,0.000377063435735181,595,1653,9627,533,0.8238233397807866,0.2646797153024911,0.5274822695035462,0.14654255319148937,0.8534574468085107
10160,YGR094W YGL195W,0.0,NA,0.0003770963230635971,595,1652,9628,533,0.8239039329464861,0.26479750778816197,0.5274822695035462,0.14645390070921985,0.8535460992907802
10161,YGR233C YMR173W,0.0,NA,0.00037880902527831495,595,1651,9629,533,0.8239845261121856,0.2649154051647373,0.5274822695035462,0.14636524822695035,0.8536347517730496
10162,YOR391C YBR074W,1.0,NA,0.0003791455819737166,594,1651,9629,534,0.8239039329464861,0.26458797327394207,0.526595744680851,0.14636524822695035,0.8536347517730496
10163,YDR347W YLR381W,0.0,NA,0.0003791710769291967,594,1650,9630,534,0.8239845261121856,0.2647058823529412,0.526595744680851,0.14627659574468085,0.8537234042553191
10164,YPL215W YLR114C,0.0,NA,0.0003853811358567327,594,1649,9631,534,0.8240651192778853,0.26482389656709765,0.526595744680851,0.14618794326241136,0.8538120567375886
10165,YLR240W YHL013C,0.0,NA,0.0003854889655485749,594,1648,9632,534,0.8241457124435848,0.2649420160570919,0.526595744680851,0.14609929078014183,0.8539007092198582
10166,YLR283W YOR119C,0.0,NA,0.00038562866393476725,594,1647,9633,534,0.8242263056092843,0.26506024096385544,0.526595744680851,0.14601063829787234,0.8539893617021277
10167,YNL215W YJL062W-A,0.0,NA,0.00038599479012191296,594,1646,9634,534,0.8243068987749839,0.26517857142857143,0.526595744680851,0.14592198581560284,0.8540780141843972
10168,YBR211C YNL327W,0.0,NA,0.00038949339068494737,594,1645,9635,534,0.8243874919406834,0.2652970075926753,0.526595744680851,0.14583333333333334,0.8541666666666666
10169,YBL018C YIL115C,0.0,NA,0.00039410439785569906,594,1644,9636,534,0.824468085106383,0.26541554959785524,0.526595744680851,0.14574468085106382,0.8542553191489362
10170,YOR047C YER105C,0.0,NA,0.00039584096521139145,594,1643,9637,534,0.8245486782720826,0.26553419758605273,0.526595744680851,0.14565602836879432,0.8543439716312057
10171,YNL119W YER100W,0.0,NA,0.00039631029358133674,594,1642,9638,534,0.8246292714377821,0.26565295169946335,0.526595744680851,0.14556737588652482,0.8544326241134752
10172,YMR247C YLR100W,0.0,NA,0.00039777220808900893,594,1641,9639,534,0.8247098646034816,0.2657718120805369,0.526595744680851,0.14547872340425533,0.8545212765957447
10173,YNL121C YKL219W,0.0,NA,0.000399275915697217,594,1640,9640,534,0.8247904577691811,0.26589077887197854,0.526595744680851,0.1453900709219858,0.8546099290780141
10174,YCL021W-A YKL135C,0.0,NA,0.00039963252493180335,594,1639,9641,534,0.8248710509348807,0.2660098522167488,0.526595744680851,0.1453014184397163,0.8546985815602837
10175,YDR055W YBR085W,0.0,NA,0.00040219834772869945,594,1638,9642,534,0.8249516441005803,0.2661290322580645,0.526595744680851,0.1452127659574468,0.8547872340425532
10176,YMR101C YOL025W,0.0,NA,0.00040568766416981816,594,1637,9643,534,0.8250322372662798,0.2662483191393994,0.526595744680851,0.1451241134751773,0.8548758865248227
10177,YCL021W-A YOR228C,0.0,NA,0.00040589598938822746,594,1636,9644,534,0.8251128304319794,0.2663677130044843,0.526595744680851,0.1450354609929078,0.8549645390070922
10178,YAR027W YLR298C,0.0,NA,0.00040693741175346076,594,1635,9645,534,0.8251934235976789,0.26648721399730824,0.526595744680851,0.1449468085106383,0.8550531914893617
10179,YBR137W YGL044C,0.0,NA,0.00041111084283329546,594,1634,9646,534,0.8252740167633784,0.2666068222621185,0.526595744680851,0.1448581560283688,0.8551418439716312
10180,YGR096W YJL002C,0.0,NA,0.0004121640813536942,594,1633,9647,534,0.825354609929078,0.26672653794342166,0.526595744680851,0.1447695035460993,0.8552304964539007
10181,YNL137C YMR197C,0.0,NA,0.000412915600463748,594,1632,9648,534,0.8254352030947776,0.2668463611859838,0.526595744680851,0.14468085106382977,0.8553191489361702
10182,YDR038C YOL055C,0.0,NA,0.00041309691732749343,594,1631,9649,534,0.8255157962604771,0.2669662921348315,0.526595744680851,0.14459219858156028,0.8554078014184398
10183,YGL085W YJL062W-A,0.0,NA,0.00041351193794980645,594,1630,9650,534,0.8255963894261766,0.2670863309352518,0.526595744680851,0.14450354609929078,0.8554964539007093
10184,YCL050C YBR168W,0.0,NA,0.0004167341685388237,594,1629,9651,534,0.8256769825918762,0.26720647773279355,0.526595744680851,0.14441489361702128,0.8555851063829787
10185,YMR300C YPL231W,0.0,NA,0.0004170310276094824,594,1628,9652,534,0.8257575757575758,0.26732673267326734,0.526595744680851,0.14432624113475176,0.8556737588652482
10186,YPR024W YIR039C,1.0,NA,0.0004178067611064762,593,1628,9652,535,0.8256769825918762,0.2669968482665466,0.525709219858156,0.14432624113475176,0.8556737588652482
10187,YPL175W YKL039W,0.0,NA,0.00041824867366813123,593,1627,9653,535,0.8257575757575758,0.2671171171171171,0.525709219858156,0.14423758865248226,0.8557624113475177
10188,YCL050C YDL155W,0.0,NA,0.00041841319762170315,593,1626,9654,535,0.8258381689232753,0.2672374943668319,0.525709219858156,0.14414893617021277,0.8558510638297873
10189,YGL195W YAL041W,0.0,NA,0.00042106941691599786,593,1625,9655,535,0.8259187620889749,0.2673579801623084,0.525709219858156,0.14406028368794327,0.8559397163120568
10190,YJL151C YAR027W,0.0,NA,0.0004231285711284727,593,1624,9656,535,0.8259993552546744,0.2674785746504285,0.525709219858156,0.14397163120567377,0.8560283687943262
10191,YKL135C YPL199C,0.0,NA,0.0004236932727508247,593,1623,9657,535,0.8260799484203739,0.2675992779783393,0.525709219858156,0.14388297872340425,0.8561170212765957
10192,YBR074W YGL203C,1.0,NA,0.00042401591781526804,592,1623,9657,536,0.8259993552546744,0.2672686230248307,0.524822695035461,0.14388297872340425,0.8561170212765957
10193,YDR379W YDR283C,0.0,NA,0.00042426493018865585,592,1622,9658,536,0.8260799484203739,0.26738934056007224,0.524822695035461,0.14379432624113475,0.8562056737588652
10194,YGL085W YOR357C,0.0,NA,0.00042567227501422167,592,1621,9659,536,0.8261605415860735,0.2675101671938545,0.524822695035461,0.14370567375886525,0.8562943262411348
10195,YNL210W YJL174W,0.0,NA,0.00042650432442314923,592,1620,9660,536,0.8262411347517731,0.26763110307414106,0.524822695035461,0.14361702127659576,0.8563829787234043
10196,YCR027C YBL097W,0.0,NA,0.00042787546408362687,592,1619,9661,536,0.8263217279174726,0.2677521483491633,0.524822695035461,0.14352836879432623,0.8564716312056737
10197,YJL145W YDL001W,0.0,NA,0.0004313196986913681,592,1618,9662,536,0.8264023210831721,0.2678733031674208,0.524822695035461,0.14343971631205674,0.8565602836879432
10198,YNR051C YMR145C,0.0,NA,0.0004330422088969499,592,1617,9663,536,0.8264829142488717,0.2679945676776822,0.524822695035461,0.14335106382978724,0.8566489361702128
10199,YOR337W YHL031C,0.0,NA,0.000433634762885049,592,1616,9664,536,0.8265635074145713,0.26811594202898553,0.524822695035461,0.14326241134751774,0.8567375886524823
10200,YEL072W YAL017W,0.0,NA,0.0004350854433141649,592,1615,9665,536,0.8266441005802708,0.26823742637063885,0.524822695035461,0.14317375886524822,0.8568262411347518
10201,YDR354W YOR304C-A,0.0,NA,0.00043528457172214985,592,1614,9666,536,0.8267246937459704,0.26835902085222124,0.524822695035461,0.14308510638297872,0.8569148936170212
10202,YBR023C YLR431C,0.0,NA,0.0004370901733636856,592,1613,9667,536,0.8268052869116699,0.26848072562358277,0.524822695035461,0.14299645390070923,0.8570035460992907
10203,YGL085W YOR388C,0.0,NA,0.0004402433114591986,592,1612,9668,536,0.8268858800773694,0.26860254083484575,0.524822695035461,0.14290780141843973,0.8570921985815603
10204,YHR200W YJL113W,1.0,NA,0.0004427368694450706,591,1612,9668,537,0.8268052869116699,0.2682705401724921,0.523936170212766,0.14290780141843973,0.8570921985815603
10205,YGR038W YKR035W-A,0.0,NA,0.00044357136357575655,591,1611,9669,537,0.8268858800773694,0.2683923705722071,0.523936170212766,0.1428191489361702,0.8571808510638298
10206,YOR077W YPL040C,0.0,NA,0.0004466243553906679,591,1610,9670,537,0.8269664732430689,0.2685143116765107,0.523936170212766,0.1427304964539007,0.8572695035460993
10207,YIR002C YNL117W,0.0,NA,0.0004494036838877946,591,1609,9671,537,0.8270470664087686,0.2686363636363636,0.523936170212766,0.1426418439716312,0.8573581560283688
10208,YLR375W YLR113W,0.0,NA,0.0004535941407084465,591,1608,9672,537,0.8271276595744681,0.26875852660300137,0.523936170212766,0.1425531914893617,0.8574468085106383
10209,YHR057C YDR139C,0.0,NA,0.0004567787691485137,591,1607,9673,537,0.8272082527401676,0.26888080072793447,0.523936170212766,0.1424645390070922,0.8575354609929078
10210,YDR541C YGL257C,0.0,NA,0.0004587655421346426,591,1606,9674,537,0.8272888459058672,0.2690031861629495,0.523936170212766,0.1423758865248227,0.8576241134751773
10211,YNL242W YPL103C,0.0,NA,0.00046051634126342833,591,1605,9675,537,0.8273694390715667,0.2691256830601093,0.523936170212766,0.1422872340425532,0.8577127659574468
10212,YDR219C YGR220C,0.0,NA,0.00046231437590904534,591,1604,9676,537,0.8274500322372663,0.269248291571754,0.523936170212766,0.1421985815602837,0.8578014184397164
10213,YGR263C YFR048W,0.0,NA,0.0004623188287951052,591,1603,9677,537,0.8275306254029658,0.2693710118505014,0.523936170212766,0.14210992907801417,0.8578900709219858
10214,YNL137C YDL198C,0.0,NA,0.00046333306818269193,591,1602,9678,537,0.8276112185686654,0.2694938440492476,0.523936170212766,0.14202127659574468,0.8579787234042553
10215,YKL072W YBR211C,0.0,NA,0.0004652937932405621,591,1601,9679,537,0.8276918117343649,0.26961678832116787,0.523936170212766,0.14193262411347518,0.8580673758865248
10216,YDL170W YER026C,0.0,NA,0.00046530290273949504,591,1600,9680,537,0.8277724049000644,0.269739844819717,0.523936170212766,0.14184397163120568,0.8581560283687943
10217,YPR024W YER160C,1.0,NA,0.00046544772339984775,590,1600,9680,538,0.8276918117343649,0.2694063926940639,0.5230496453900709,0.14184397163120568,0.8581560283687943
10218,YHR011W YPR032W,0.0,NA,0.00046980002662166953,590,1599,9681,538,0.8277724049000644,0.269529465509365,0.5230496453900709,0.14175531914893616,0.8582446808510639
10219,YHR107C YFL052W,0.0,NA,0.00047187466407194734,590,1598,9682,538,0.8278529980657641,0.2696526508226691,0.5230496453900709,0.14166666666666666,0.8583333333333333
10220,YGL248W YOR348C,0.0,NA,0.0004748400242533535,590,1597,9683,538,0.8279335912314636,0.2697759487882945,0.5230496453900709,0.14157801418439717,0.8584219858156028
10221,YJL091C YKR035W-A,0.0,NA,0.0004755822301376611,590,1596,9684,538,0.8280141843971631,0.2698993595608417,0.5230496453900709,0.14148936170212767,0.8585106382978723
10222,YFL041W YOR077W,0.0,NA,0.0004757785645779222,590,1595,9685,538,0.8280947775628626,0.2700228832951945,0.5230496453900709,0.14140070921985815,0.8585992907801419
10223,YHR083W YPR032W,0.0,NA,0.00047638078103773296,590,1594,9686,538,0.8281753707285622,0.27014652014652013,0.5230496453900709,0.14131205673758865,0.8586879432624114
10224,YGL134W YER167W,0.0,NA,0.0004793767293449491,590,1593,9687,538,0.8282559638942618,0.2702702702702703,0.5230496453900709,0.14122340425531915,0.8587765957446809
10225,YMR122W-A YDR049W,0.0,NA,0.00048008575686253607,590,1592,9688,538,0.8283365570599613,0.27039413382218147,0.5230496453900709,0.14113475177304965,0.8588652482269503
10226,YBR204C YGR277C,0.0,NA,0.0004803336341865361,590,1591,9689,538,0.8284171502256609,0.27051811095827605,0.5230496453900709,0.14104609929078013,0.8589539007092198
10227,YLR360W YPR003C,0.0,NA,0.0004848111711908132,590,1590,9690,538,0.8284977433913604,0.2706422018348624,0.5230496453900709,0.14095744680851063,0.8590425531914894
10228,YBR220C YLL042C,0.0,NA,0.00048607305507175624,590,1589,9691,538,0.8285783365570599,0.270766406608536,0.5230496453900709,0.14086879432624114,0.8591312056737589
10229,YHR200W YBL100W-B,1.0,NA,0.0004886492388322949,589,1589,9691,539,0.8284977433913604,0.27043158861340677,0.5221631205673759,0.14086879432624114,0.8591312056737589
10230,YNL107W YMR166C,0.0,NA,0.0004936986370012164,589,1588,9692,539,0.8285783365570599,0.2705558107487368,0.5221631205673759,0.14078014184397164,0.8592198581560284
10231,YDR036C YDR079C-A,0.0,NA,0.0005000534001737833,589,1587,9693,539,0.8286589297227596,0.27068014705882354,0.5221631205673759,0.14069148936170212,0.8593085106382978
10232,YDR237W YJR051W,0.0,NA,0.0005034437635913491,589,1586,9694,539,0.8287395228884591,0.27080459770114945,0.5221631205673759,0.14060283687943262,0.8593971631205674
10233,YOR291W YDR324C,0.0,NA,0.0005067817983217537,589,1585,9695,539,0.8288201160541586,0.27092916283348667,0.5221631205673759,0.14051418439716312,0.8594858156028369
10234,YNL004W YMR202W,0.0,NA,0.000509449455421418,589,1584,9696,539,0.8289007092198581,0.2710538426138978,0.5221631205673759,0.14042553191489363,0.8595744680851064
10235,YDL035C YPL112C,0.0,NA,0.0005111553473398089,589,1583,9697,539,0.8289813023855577,0.27117863720073665,0.5221631205673759,0.1403368794326241,0.8596631205673759
10236,YKL112W YHR050W,0.0,NA,0.0005120121059007943,589,1582,9698,539,0.8290618955512572,0.27130354675264856,0.5221631205673759,0.1402482269503546,0.8597517730496453
10237,YOR347C YDR332W,0.0,NA,0.0005121917347423732,589,1581,9699,539,0.8291424887169568,0.2714285714285714,0.5221631205673759,0.1401595744680851,0.8598404255319149
10238,YDR013W YLR131C,0.0,NA,0.0005122401053085923,589,1580,9700,539,0.8292230818826564,0.27155371138773626,0.5221631205673759,0.1400709219858156,0.8599290780141844
10239,YBR220C YKL018W,0.0,NA,0.0005143933813087642,589,1579,9701,539,0.8293036750483559,0.2716789667896679,0.5221631205673759,0.1399822695035461,0.8600177304964539
10240,YBR023C YMR101C,0.0,NA,0.0005169175565242767,589,1578,9702,539,0.8293842682140554,0.2718043377941855,0.5221631205673759,0.1398936170212766,0.8601063829787234
10241,YMR092C YOL091W,0.0,NA,0.00051847193390131,589,1577,9703,539,0.829464861379755,0.2719298245614035,0.5221631205673759,0.1398049645390071,0.860195035460993
10242,YKL011C YBR245C,0.0,NA,0.0005185646587051451,589,1576,9704,539,0.8295454545454546,0.2720554272517321,0.5221631205673759,0.1397163120567376,0.8602836879432624
10243,YJL191W YPR007C,0.0,NA,0.0005202687461860478,589,1575,9705,539,0.8296260477111541,0.272181146025878,0.5221631205673759,0.13962765957446807,0.8603723404255319
10244,YHL013C YPL016W,0.0,NA,0.0005280702607706189,589,1574,9706,539,0.8297066408768536,0.27230698104484513,0.5221631205673759,0.13953900709219857,0.8604609929078014
10245,YHR211W YMR110C,0.0,NA,0.0005284008220769465,589,1573,9707,539,0.8297872340425532,0.2724329324699352,0.5221631205673759,0.13945035460992908,0.860549645390071
10246,YGR261C YMR003W,0.0,NA,0.0005284735816530883,589,1572,9708,539,0.8298678272082527,0.2725590004627487,0.5221631205673759,0.13936170212765958,0.8606382978723405
10247,YGR249W YML103C,0.0,NA,0.0005294179427437484,589,1571,9709,539,0.8299484203739523,0.2726851851851852,0.5221631205673759,0.13927304964539008,0.8607269503546099
10248,YDR067C YHR059W,0.0,NA,0.0005302845383994281,589,1570,9710,539,0.8300290135396519,0.27281148679944417,0.5221631205673759,0.13918439716312056,0.8608156028368794
10249,YNL121C YKL196C,0.0,NA,0.0005305540398694575,589,1569,9711,539,0.8301096067053514,0.27293790546802593,0.5221631205673759,0.13909574468085106,0.8609042553191489
10250,YML098W YPL048W,0.0,NA,0.0005308891413733363,589,1568,9712,539,0.8301901998710509,0.27306444135373203,0.5221631205673759,0.13900709219858157,0.8609929078014185
10251,YCR011C YOR090C,0.0,NA,0.0005350923165678978,589,1567,9713,539,0.8302707930367504,0.27319109461966606,0.5221631205673759,0.13891843971631207,0.861081560283688
10252,YOR393W YLR142W,0.0,NA,0.0005355101893655956,589,1566,9714,539,0.8303513862024501,0.27331786542923436,0.5221631205673759,0.13882978723404255,0.8611702127659574
10253,YPL031C YPL174C,0.0,NA,0.0005504366126842797,589,1565,9715,539,0.8304319793681496,0.2734447539461467,0.5221631205673759,0.13874113475177305,0.8612588652482269
10254,YJL113W YJR126C,1.0,NA,0.0005530487396754324,588,1565,9715,540,0.8303513862024501,0.2731072921504877,0.5212765957446809,0.13874113475177305,0.8612588652482269
10255,YER053C YIL017C,0.0,NA,0.0005539138801395893,588,1564,9716,540,0.8304319793681496,0.2732342007434944,0.5212765957446809,0.13865248226950355,0.8613475177304964
10256,YHR127W YOR307C,0.0,NA,0.0005582146695815027,588,1563,9717,540,0.8305125725338491,0.2733612273361227,0.5212765957446809,0.13856382978723406,0.861436170212766
10257,YNL299W YOR304C-A,0.0,NA,0.000559008214622736,588,1562,9718,540,0.8305931656995487,0.27348837209302324,0.5212765957446809,0.13847517730496453,0.8615248226950355
10258,YOR291W YDL155W,0.0,NA,0.0005623364704661071,588,1561,9719,540,0.8306737588652482,0.2736156351791531,0.5212765957446809,0.13838652482269503,0.8616134751773049
10259,YDL241W YIL009C-A,0.0,NA,0.000566104135941714,588,1560,9720,540,0.8307543520309478,0.2737430167597765,0.5212765957446809,0.13829787234042554,0.8617021276595744
10260,YKR042W YDR312W,0.0,NA,0.0005672837723977864,588,1559,9721,540,0.8308349451966474,0.2738705170004658,0.5212765957446809,0.13820921985815604,0.861790780141844
10261,YGR179C YBL098W,0.0,NA,0.0005686997319571674,588,1558,9722,540,0.8309155383623469,0.2739981360671016,0.5212765957446809,0.13812056737588652,0.8618794326241135
10262,YIL091C YGR132C,0.0,NA,0.0005724712973460555,588,1557,9723,540,0.8309961315280464,0.27412587412587414,0.5212765957446809,0.13803191489361702,0.861968085106383
10263,YGL070C YPL006W,0.0,NA,0.0005745678790844977,588,1556,9724,540,0.8310767246937459,0.27425373134328357,0.5212765957446809,0.13794326241134752,0.8620567375886525
10264,YGR141W YJL020C,0.0,NA,0.0005767276743426919,588,1555,9725,540,0.8311573178594455,0.2743817078861409,0.5212765957446809,0.13785460992907803,0.862145390070922
10265,YBR083W YDR313C,0.0,NA,0.0005770964198745787,588,1554,9726,540,0.8312379110251451,0.27450980392156865,0.5212765957446809,0.1377659574468085,0.8622340425531915
10266,YNL239W YFR006W,1.0,NA,0.0005778174381703138,587,1554,9726,541,0.8311573178594455,0.2741709481550677,0.5203900709219859,0.1377659574468085,0.8622340425531915
10267,YMR060C YLR131C,0.0,NA,0.0005813232273794711,587,1553,9727,541,0.8312379110251451,0.27429906542056076,0.5203900709219859,0.137677304964539,0.862322695035461
10268,YIR039C YER078C,1.0,NA,0.000581558735575527,586,1553,9727,542,0.8311573178594455,0.27395979429640016,0.5195035460992907,0.137677304964539,0.862322695035461
10269,YER151C YMR150C,1.0,NA,0.0005830659065395594,585,1553,9727,543,0.8310767246937459,0.2736202057998129,0.5186170212765957,0.137677304964539,0.862322695035461
10270,YAL027W YJR122W,0.0,NA,0.0005895610083825886,585,1552,9728,543,0.8311573178594455,0.2737482452035564,0.5186170212765957,0.1375886524822695,0.8624113475177305
10271,YMR164C YPL174C,0.0,NA,0.0005969523335807025,585,1551,9729,543,0.8312379110251451,0.273876404494382,0.5186170212765957,0.1375,0.8625
10272,YLR114C YNL242W,0.0,NA,0.000597289006691426,585,1550,9730,543,0.8313185041908446,0.27400468384074944,0.5186170212765957,0.1374113475177305,0.8625886524822695
10273,YBR044C YMR122W-A,0.0,NA,0.0005981455324217677,585,1549,9731,543,0.8313990973565442,0.27413308341143394,0.5186170212765957,0.137322695035461,0.862677304964539
10274,YNL030W YAL017W,0.0,NA,0.0006000680732540786,585,1548,9732,543,0.8314796905222437,0.2742616033755274,0.5186170212765957,0.1372340425531915,0.8627659574468085
10275,YKL064W YOL045W,0.0,NA,0.0006002677255310118,585,1547,9733,543,0.8315602836879432,0.27439024390243905,0.5186170212765957,0.137145390070922,0.862854609929078
10276,YBR169C YPR129W,0.0,NA,0.0006087224464863539,585,1546,9734,543,0.8316408768536429,0.2745190051618958,0.5186170212765957,0.13705673758865247,0.8629432624113476
10277,YIL108W YJL113W,1.0,NA,0.0006120075122453272,584,1546,9734,544,0.8315602836879432,0.27417840375586855,0.5177304964539007,0.13705673758865247,0.8629432624113476
10278,YOR355W YEL036C,0.0,NA,0.0006158312899060547,584,1545,9735,544,0.8316408768536429,0.27430718647252234,0.5177304964539007,0.13696808510638298,0.863031914893617
10279,YER144C YOR391C,1.0,NA,0.0006195161840878427,583,1545,9735,545,0.8315602836879432,0.27396616541353386,0.5168439716312057,0.13696808510638298,0.863031914893617
10280,YJL053W YER161C,0.0,NA,0.0006342741544358432,583,1544,9736,545,0.8316408768536429,0.2740949694405266,0.5168439716312057,0.13687943262411348,0.8631205673758865
10281,YDR316W YOR298C-A,0.0,NA,0.0006349370232783258,583,1543,9737,545,0.8317214700193424,0.2742238946378175,0.5168439716312057,0.13679078014184398,0.863209219858156
10282,YLR283W YOL132W,0.0,NA,0.0006367095629684627,583,1542,9738,545,0.8318020631850419,0.2743529411764706,0.5168439716312057,0.13670212765957446,0.8632978723404255
10283,YBR074W YER138C,1.0,NA,0.0006390757043845952,582,1542,9738,546,0.8317214700193424,0.2740112994350282,0.5159574468085106,0.13670212765957446,0.8632978723404255
10284,YJR057W YMR101C,0.0,NA,0.0006392992800101638,582,1541,9739,546,0.8318020631850419,0.2741403674046161,0.5159574468085106,0.13661347517730496,0.8633865248226951
10285,YER170W YKR020W,0.0,NA,0.000642393424641341,582,1540,9740,546,0.8318826563507414,0.27426955702167766,0.5159574468085106,0.13652482269503546,0.8634751773049646
10286,YMR026C YOR156C,0.0,NA,0.0006426144391298294,582,1539,9741,546,0.831963249516441,0.2743988684582744,0.5159574468085106,0.13643617021276597,0.863563829787234
10287,YKR035W-A YGR227W,0.0,NA,0.0006431876681745052,582,1538,9742,546,0.8320438426821406,0.27452830188679245,0.5159574468085106,0.13634751773049644,0.8636524822695035
10288,YMR300C YER026C,0.0,NA,0.0006443604361265898,582,1537,9743,546,0.8321244358478401,0.27465785747994337,0.5159574468085106,0.13625886524822695,0.863741134751773
10289,YGR098C YDL104C,1.0,NA,0.0006454557878896594,581,1537,9743,547,0.8320438426821406,0.27431539187913123,0.5150709219858156,0.13625886524822695,0.863741134751773
10290,YOR223W YEL031W,0.0,NA,0.0006465615588240325,581,1536,9744,547,0.8321244358478401,0.27444496929617385,0.5150709219858156,0.13617021276595745,0.8638297872340426
10291,YIL051C YIL091C,0.0,NA,0.00064699916401878,581,1535,9745,547,0.8322050290135397,0.27457466918714557,0.5150709219858156,0.13608156028368795,0.8639184397163121
10292,YHR107C YBR275C,0.0,NA,0.0006481962627731264,581,1534,9746,547,0.8322856221792392,0.27470449172576833,0.5150709219858156,0.13599290780141843,0.8640070921985815
10293,YDR359C YNL024C,0.0,NA,0.0006482095341198146,581,1533,9747,547,0.8323662153449387,0.27483443708609273,0.5150709219858156,0.13590425531914893,0.864095744680851
10294,YNL330C YGL224C,0.0,NA,0.0006490084924735129,581,1532,9748,547,0.8324468085106383,0.27496450544249884,0.5150709219858156,0.13581560283687943,0.8641843971631206
10295,YGR131W YDR422C,0.0,NA,0.0006520315073430538,581,1531,9749,547,0.8325274016763379,0.27509469696969696,0.5150709219858156,0.13572695035460994,0.8642730496453901
10296,YHR033W YLL019C,0.0,NA,0.0006526217912323773,581,1530,9750,547,0.8326079948420374,0.2752250118427286,0.5150709219858156,0.1356382978723404,0.8643617021276596
10297,YHL023C YJR046W,0.0,NA,0.0006566396914422512,581,1529,9751,547,0.8326885880077369,0.27535545023696684,0.5150709219858156,0.13554964539007092,0.864450354609929
10298,YML048W YER026C,0.0,NA,0.0006599478656426072,581,1528,9752,547,0.8327691811734365,0.2754860123281176,0.5150709219858156,0.13546099290780142,0.8645390070921986
10299,YOR254C YPR032W,0.0,NA,0.000661328958813101,581,1527,9753,547,0.8328497743391361,0.27561669829222013,0.5150709219858156,0.13537234042553192,0.8646276595744681
10300,YPL131W YDL208W,0.0,NA,0.000663373211864382,581,1526,9754,547,0.8329303675048356,0.2757475083056478,0.5150709219858156,0.1352836879432624,0.8647163120567376
10301,YLR020C YHR030C,0.0,NA,0.0006691833259537816,581,1525,9755,547,0.8330109606705351,0.27587844254510924,0.5150709219858156,0.1351950354609929,0.8648049645390071
10302,YPL099C YBR105C,0.0,NA,0.0006710580782964826,581,1524,9756,547,0.8330915538362347,0.27600950118764844,0.5150709219858156,0.1351063829787234,0.8648936170212767
10303,YJL062W-A YAL042W,0.0,NA,0.000674150011036545,581,1523,9757,547,0.8331721470019342,0.2761406844106464,0.5150709219858156,0.1350177304964539,0.8649822695035461
10304,YHR037W YMR173W,0.0,NA,0.0006899823201820254,581,1522,9758,547,0.8332527401676337,0.2762719923918212,0.5150709219858156,0.13492907801418438,0.8650709219858156
10305,YFL011W YLR337C,0.0,NA,0.0007011420093476772,581,1521,9759,547,0.8333333333333334,0.2764034253092293,0.5150709219858156,0.1348404255319149,0.8651595744680851
10306,YOR393W YML022W,0.0,NA,0.0007023828802630305,581,1520,9760,547,0.8334139264990329,0.2765349833412661,0.5150709219858156,0.1347517730496454,0.8652482269503546
10307,YIL108W YER144C,1.0,NA,0.0007046271930448711,580,1520,9760,548,0.8333333333333334,0.2761904761904762,0.5141843971631206,0.1347517730496454,0.8652482269503546
10308,YIL115C YLR265C,0.0,NA,0.0007063749362714589,580,1519,9761,548,0.8334139264990329,0.27632205812291566,0.5141843971631206,0.1346631205673759,0.8653368794326242
10309,YJL165C YOR209C,0.0,NA,0.0007171363104134798,580,1518,9762,548,0.8334945196647324,0.27645376549094375,0.5141843971631206,0.1345744680851064,0.8654255319148936
10310,YNL064C YGL143C,0.0,NA,0.0007216803496703506,580,1517,9763,548,0.833575112830432,0.2765855984740105,0.5141843971631206,0.13448581560283687,0.8655141843971631
10311,YLR240W YIL109C,0.0,NA,0.0007217574166134,580,1516,9764,548,0.8336557059961315,0.2767175572519084,0.5141843971631206,0.13439716312056738,0.8656028368794326
10312,YKL132C YMR244C-A,0.0,NA,0.0007233921205624938,580,1515,9765,548,0.8337362991618311,0.27684964200477324,0.5141843971631206,0.13430851063829788,0.8656914893617021
10313,YDR060W YMR179W,0.0,NA,0.0007271784706972539,580,1514,9766,548,0.8338168923275306,0.276981852913085,0.5141843971631206,0.13421985815602838,0.8657801418439717
10314,YHR200W YNL239W,1.0,NA,0.0007280535064637661,579,1514,9766,549,0.8337362991618311,0.2766364070711897,0.5132978723404256,0.13421985815602838,0.8657801418439717
10315,YPL249C YFR024C-A,0.0,NA,0.0007323204772546887,579,1513,9767,549,0.8338168923275306,0.2767686424474187,0.5132978723404256,0.13413120567375886,0.8658687943262411
10316,YLR438C-A YIR018W,0.0,NA,0.0007359135779552162,579,1512,9768,549,0.8338974854932302,0.2769010043041607,0.5132978723404256,0.13404255319148936,0.8659574468085106
10317,YOL017W YAL054C,0.0,NA,0.0007366713834926486,579,1511,9769,549,0.8339780786589297,0.2770334928229665,0.5132978723404256,0.13395390070921986,0.8660460992907801
10318,YKL133C YIL070C,0.0,NA,0.0007389684906229377,579,1510,9770,549,0.8340586718246292,0.2771661081857348,0.5132978723404256,0.13386524822695037,0.8661347517730497
10319,YCR037C YIL070C,0.0,NA,0.0007430274272337556,579,1509,9771,549,0.8341392649903289,0.27729885057471265,0.5132978723404256,0.13377659574468084,0.8662234042553192
10320,YPL063W YKL077W,0.0,NA,0.0007467239047400653,579,1508,9772,549,0.8342198581560284,0.2774317201724964,0.5132978723404256,0.13368794326241135,0.8663120567375886
10321,YBR220C YDR335W,0.0,NA,0.0007483783992938697,579,1507,9773,549,0.8343004513217279,0.2775647171620326,0.5132978723404256,0.13359929078014185,0.8664007092198581
10322,YPL121C YLR147C,0.0,NA,0.0007499218336306512,579,1506,9774,549,0.8343810444874274,0.2776978417266187,0.5132978723404256,0.13351063829787235,0.8664893617021276
10323,YJL063C YIL103W,0.0,NA,0.0007523616659455001,579,1505,9775,549,0.834461637653127,0.277831094049904,0.5132978723404256,0.13342198581560283,0.8665780141843972
10324,YJR153W YMR163C,0.0,NA,0.0007581771351397038,579,1504,9776,549,0.8345422308188266,0.27796447431589055,0.5132978723404256,0.13333333333333333,0.8666666666666667
10325,YDR362C YBL008W,0.0,NA,0.0007597534568049014,579,1503,9777,549,0.8346228239845261,0.2780979827089337,0.5132978723404256,0.13324468085106383,0.8667553191489362
10326,YML127W YOR022C,0.0,NA,0.0007677922840230167,579,1502,9778,549,0.8347034171502257,0.2782316194137434,0.5132978723404256,0.13315602836879434,0.8668439716312056
10327,YGL238W YJL143W,0.0,NA,0.0007710345671512187,579,1501,9779,549,0.8347840103159252,0.2783653846153846,0.5132978723404256,0.1330673758865248,0.8669326241134752
10328,YEL043W YIL026C,0.0,NA,0.0007739106076769531,579,1500,9780,549,0.8348646034816247,0.2784992784992785,0.5132978723404256,0.13297872340425532,0.8670212765957447
10329,YPR056W YPR115W,0.0,NA,0.0007739987340755761,579,1499,9781,549,0.8349451966473244,0.27863330125120306,0.5132978723404256,0.13289007092198582,0.8671099290780142
10330,YKR055W YOR204W,0.0,NA,0.0007741772569715977,579,1498,9782,549,0.8350257898130239,0.27876745305729417,0.5132978723404256,0.13280141843971632,0.8671985815602837
10331,YBR169C YJR161C,0.0,NA,0.0007745240582153201,579,1497,9783,549,0.8351063829787234,0.27890173410404623,0.5132978723404256,0.1327127659574468,0.8672872340425531
10332,YAR018C YPL062W,0.0,NA,0.0007819180027581751,579,1496,9784,549,0.8351869761444229,0.27903614457831327,0.5132978723404256,0.1326241134751773,0.8673758865248227
10333,YPR026W YIL088C,0.0,NA,0.0007925417739897966,579,1495,9785,549,0.8352675693101225,0.27917068466730954,0.5132978723404256,0.1325354609929078,0.8674645390070922
10334,YOR014W YDR334W,0.0,NA,0.0007932437001727521,579,1494,9786,549,0.835348162475822,0.2793053545586107,0.5132978723404256,0.1324468085106383,0.8675531914893617
10335,YMR200W YAL044W-A,0.0,NA,0.0007951410370878875,579,1493,9787,549,0.8354287556415216,0.27944015444015446,0.5132978723404256,0.13235815602836878,0.8676418439716312
10336,YKR066C YML118W,0.0,NA,0.0008084001601673663,579,1492,9788,549,0.8355093488072212,0.27957508450024143,0.5132978723404256,0.1322695035460993,0.8677304964539007
10337,YCL050C YBR214W,0.0,NA,0.0008089423063211143,579,1491,9789,549,0.8355899419729207,0.2797101449275362,0.5132978723404256,0.1321808510638298,0.8678191489361702
10338,YJL170C YJL078C,0.0,NA,0.000810911413282156,579,1490,9790,549,0.8356705351386202,0.27984533591106814,0.5132978723404256,0.1320921985815603,0.8679078014184397
10339,YMR028W YMR065W,0.0,NA,0.0008161822333931923,579,1489,9791,549,0.8357511283043197,0.2799806576402321,0.5132978723404256,0.13200354609929077,0.8679964539007092
10340,YGL066W YAR002W,0.0,NA,0.0008165380568243563,579,1488,9792,549,0.8358317214700194,0.28011611030478956,0.5132978723404256,0.13191489361702127,0.8680851063829788
10341,YGR132C YDR341C,0.0,NA,0.0008186568156816065,579,1487,9793,549,0.8359123146357189,0.28025169409486933,0.5132978723404256,0.13182624113475178,0.8681737588652483
10342,YOR193W YOR337W,0.0,NA,0.0008297128952108324,579,1486,9794,549,0.8359929078014184,0.2803874092009685,0.5132978723404256,0.13173758865248228,0.8682624113475177
10343,YOR298C-A YCR068W,0.0,NA,0.0008311780402436852,579,1485,9795,549,0.836073500967118,0.2805232558139535,0.5132978723404256,0.13164893617021275,0.8683510638297872
10344,YHR200W YBL005W-B,1.0,NA,0.0008312097052112222,578,1485,9795,550,0.8359929078014184,0.2801745031507513,0.5124113475177305,0.13164893617021275,0.8683510638297872
10345,YLR085C YHL018W,0.0,NA,0.0008327187970280647,578,1484,9796,550,0.836073500967118,0.28031037827352084,0.5124113475177305,0.13156028368794326,0.8684397163120567
10346,YDR447C YKL135C,0.0,NA,0.0008329933625645936,578,1483,9797,550,0.8361540941328175,0.2804463852498787,0.5124113475177305,0.13147163120567376,0.8685283687943263
10347,YJL221C YJR098C,0.0,NA,0.0008503026911057532,578,1482,9798,550,0.8362346872985171,0.28058252427184466,0.5124113475177305,0.13138297872340426,0.8686170212765958
10348,YNL215W YLR283W,0.0,NA,0.0008517900132574141,578,1481,9799,550,0.8363152804642167,0.28071879553181156,0.5124113475177305,0.13129432624113474,0.8687056737588652
10349,YOR119C YLR114C,0.0,NA,0.0008538669790141284,578,1480,9800,550,0.8363958736299162,0.28085519922254615,0.5124113475177305,0.13120567375886524,0.8687943262411347
10350,YLR411W YLR283W,0.0,NA,0.000862884393427521,578,1479,9801,550,0.8364764667956157,0.2809917355371901,0.5124113475177305,0.13111702127659575,0.8688829787234043
10351,YPL218W YLR438C-A,0.0,NA,0.0008653182885609567,578,1478,9802,550,0.8365570599613152,0.2811284046692607,0.5124113475177305,0.13102836879432625,0.8689716312056738
10352,YML127W YJL062W-A,0.0,NA,0.0008664514170959592,578,1477,9803,550,0.8366376531270149,0.28126520681265205,0.5124113475177305,0.13093971631205673,0.8690602836879433
10353,YGR038W YGR080W,0.0,NA,0.0008708485402166843,578,1476,9804,550,0.8367182462927144,0.28140214216163584,0.5124113475177305,0.13085106382978723,0.8691489361702127
10354,YDR185C YBR059C,0.0,NA,0.000878532009664923,578,1475,9805,550,0.8367988394584139,0.28153921091086215,0.5124113475177305,0.13076241134751773,0.8692375886524822
10355,YML015C YKL196C,0.0,NA,0.0008848314173519611,578,1474,9806,550,0.8368794326241135,0.28167641325536064,0.5124113475177305,0.13067375886524824,0.8693262411347518
10356,YML103C YPL112C,0.0,NA,0.000893239164724946,578,1473,9807,550,0.836960025789813,0.2818137493905412,0.5124113475177305,0.1305851063829787,0.8694148936170213
10357,YNL199C YIL063C,0.0,NA,0.0008977600955404341,578,1472,9808,550,0.8370406189555126,0.2819512195121951,0.5124113475177305,0.13049645390070921,0.8695035460992908
10358,YNL126W YJL074C,0.0,NA,0.0009001516154967248,578,1471,9809,550,0.8371212121212122,0.28208882381649586,0.5124113475177305,0.13040780141843972,0.8695921985815603
10359,YOL067C YPL031C,0.0,NA,0.0009022042504511774,578,1470,9810,550,0.8372018052869117,0.2822265625,0.5124113475177305,0.13031914893617022,0.8696808510638298
10360,YDL143W YIR018W,0.0,NA,0.0009022548911161721,578,1469,9811,550,0.8372823984526112,0.28236443575964826,0.5124113475177305,0.1302304964539007,0.8697695035460993
10361,YER002W YML105C,0.0,NA,0.0009023662423714995,578,1468,9812,550,0.8373629916183107,0.2825024437927664,0.5124113475177305,0.1301418439716312,0.8698581560283688
10362,YJL050W YLR445W,0.0,NA,0.0009095736895687878,578,1467,9813,550,0.8374435847840103,0.282640586797066,0.5124113475177305,0.1300531914893617,0.8699468085106383
10363,YGL178W YGR216C,0.0,NA,0.0009096941212192178,578,1466,9814,550,0.8375241779497099,0.2827788649706458,0.5124113475177305,0.1299645390070922,0.8700354609929078
10364,YIL008W YNL307C,0.0,NA,0.0009116246947087348,578,1465,9815,550,0.8376047711154094,0.28291727851199217,0.5124113475177305,0.12987588652482268,0.8701241134751773
10365,YBR283C YDR313C,0.0,NA,0.0009149889228865504,578,1464,9816,550,0.837685364281109,0.28305582761998044,0.5124113475177305,0.12978723404255318,0.8702127659574468
10366,YMR026C YBR076W,0.0,NA,0.0009255369659513235,578,1463,9817,550,0.8377659574468085,0.28319451249387556,0.5124113475177305,0.1296985815602837,0.8703014184397163
10367,YMR123W YKL135C,0.0,NA,0.0009265243425033987,578,1462,9818,550,0.837846550612508,0.2833333333333333,0.5124113475177305,0.1296099290780142,0.8703900709219858
10368,YDR087C YJR120W,0.0,NA,0.0009290812304243445,578,1461,9819,550,0.8379271437782077,0.28347229033840116,0.5124113475177305,0.1295212765957447,0.8704787234042554
10369,YBR207W YMR313C,0.0,NA,0.0009298273362219334,578,1460,9820,550,0.8380077369439072,0.28361138370951916,0.5124113475177305,0.12943262411347517,0.8705673758865248
10370,YER067W YMR124W,0.0,NA,0.0009348018211312592,578,1459,9821,550,0.8380883301096067,0.28375061364752086,0.5124113475177305,0.12934397163120567,0.8706560283687943
10371,YDR330W YEL072W,0.0,NA,0.0009349381434731185,578,1458,9822,550,0.8381689232753062,0.28388998035363455,0.5124113475177305,0.12925531914893618,0.8707446808510638
10372,YNL137C YNL124W,0.0,NA,0.0009350547916255891,578,1457,9823,550,0.8382495164410058,0.284029484029484,0.5124113475177305,0.12916666666666668,0.8708333333333333
10373,YNL051W YMR203W,0.0,NA,0.0009372230852022767,578,1456,9824,550,0.8383301096067054,0.28416912487708945,0.5124113475177305,0.12907801418439716,0.8709219858156029
10374,YNL281W YPR032W,0.0,NA,0.0009432188235223293,578,1455,9825,550,0.8384107027724049,0.2843089030988687,0.5124113475177305,0.12898936170212766,0.8710106382978723
10375,YJR125C YNL051W,0.0,NA,0.0009433315717615187,578,1454,9826,550,0.8384912959381045,0.2844488188976378,0.5124113475177305,0.12890070921985816,0.8710992907801418
10376,YLR436C YNL122C,0.0,NA,0.0009441854199394584,578,1453,9827,550,0.838571889103804,0.2845888724766125,0.5124113475177305,0.12881205673758866,0.8711879432624113
10377,YBR133C YBR141C,0.0,NA,0.0009506457718089223,578,1452,9828,550,0.8386524822695035,0.28472906403940884,0.5124113475177305,0.12872340425531914,0.8712765957446809
10378,YLR061W YIL013C,0.0,NA,0.0009559103637002409,578,1451,9829,550,0.8387330754352031,0.28486939379004433,0.5124113475177305,0.12863475177304964,0.8713652482269504
10379,YJR103W YOR324C,0.0,NA,0.0009646390099078417,578,1450,9830,550,0.8388136686009027,0.28500986193293887,0.5124113475177305,0.12854609929078015,0.8714539007092199
10380,YCL021W-A YPR107C,0.0,NA,0.0009666907135397196,578,1449,9831,550,0.8388942617666022,0.28515046867291566,0.5124113475177305,0.12845744680851065,0.8715425531914893
10381,YFL034C-A YML011C,0.0,NA,0.0009675730834715068,578,1448,9832,550,0.8389748549323017,0.28529121421520237,0.5124113475177305,0.12836879432624113,0.8716312056737588
10382,YPL150W YKL028W,0.0,NA,0.0009731872123666108,578,1447,9833,550,0.8390554480980013,0.2854320987654321,0.5124113475177305,0.12828014184397163,0.8717198581560284
10383,YJR026W YEL065W,0.0,NA,0.0009862440638244152,578,1446,9834,550,0.8391360412637009,0.2855731225296443,0.5124113475177305,0.12819148936170213,0.8718085106382979
10384,YGR165W YHR073W,0.0,NA,0.0010032003046944737,578,1445,9835,550,0.8392166344294004,0.2857142857142857,0.5124113475177305,0.12810283687943264,0.8718971631205674
10385,YDR060W YER110C,0.0,NA,0.001003924640826881,578,1444,9836,550,0.8392972275951,0.2858555885262117,0.5124113475177305,0.1280141843971631,0.8719858156028368
10386,YML114C YMR004W,0.0,NA,0.001004348392598331,578,1443,9837,550,0.8393778207607995,0.28599703117268677,0.5124113475177305,0.12792553191489361,0.8720744680851064
10387,YNL181W YBR168W,0.0,NA,0.0010064849629998207,578,1442,9838,550,0.839458413926499,0.2861386138613861,0.5124113475177305,0.12783687943262412,0.8721631205673759
10388,YIL108W YLR163C,1.0,NA,0.0010123439133167267,577,1442,9838,551,0.8393778207607995,0.2857850421000495,0.5115248226950354,0.12783687943262412,0.8721631205673759
10389,YFL041W YDR364C,0.0,NA,0.0010156289208680391,577,1441,9839,551,0.839458413926499,0.2859266600594648,0.5115248226950354,0.12774822695035462,0.8722517730496454
10390,YJR098C YMR004W,0.0,NA,0.0010266599711030722,577,1440,9840,551,0.8395390070921985,0.2860684184432325,0.5115248226950354,0.1276595744680851,0.8723404255319149
10391,YMR316C-A YKL028W,0.0,NA,0.0010300517315045,577,1439,9841,551,0.8396196002578982,0.28621031746031744,0.5115248226950354,0.1275709219858156,0.8724290780141843
10392,YMR240C YDL035C,0.0,NA,0.0010308964410796762,577,1438,9842,551,0.8397001934235977,0.2863523573200993,0.5115248226950354,0.1274822695035461,0.8725177304964539
10393,YHR174W YLR116W,0.0,NA,0.0010315492982044816,577,1437,9843,551,0.8397807865892972,0.28649453823237336,0.5115248226950354,0.1273936170212766,0.8726063829787234
10394,YFR022W YLR116W,0.0,NA,0.0010328221833333373,577,1436,9844,551,0.8398613797549968,0.2866368604073522,0.5115248226950354,0.12730496453900708,0.8726950354609929
10395,YMR242C YBR126W-A,0.0,NA,0.0010371266398578882,577,1435,9845,551,0.8399419729206963,0.28677932405566603,0.5115248226950354,0.12721631205673758,0.8727836879432624
10396,YDR334W YOL119C,0.0,NA,0.001037832349538803,577,1434,9846,551,0.8400225660863959,0.28692192938836397,0.5115248226950354,0.1271276595744681,0.872872340425532
10397,YDR272W YKL196C,0.0,NA,0.0010471466230228543,577,1433,9847,551,0.8401031592520954,0.2870646766169154,0.5115248226950354,0.1270390070921986,0.8729609929078014
10398,YMR124W YML102W,0.0,NA,0.0010536415502429008,577,1432,9848,551,0.840183752417795,0.28720756595321056,0.5115248226950354,0.12695035460992907,0.8730496453900709
10399,YMR251W-A YLR341W,0.0,NA,0.0010537509806454182,577,1431,9849,551,0.8402643455834945,0.2873505976095618,0.5115248226950354,0.12686170212765957,0.8731382978723404
10400,YLR337C YMR004W,0.0,NA,0.001059384667314589,577,1430,9850,551,0.840344938749194,0.28749377179870456,0.5115248226950354,0.12677304964539007,0.87322695035461
10401,YBR074W YBL067C,1.0,NA,0.001067009987309575,576,1430,9850,552,0.8402643455834945,0.28713858424725824,0.5106382978723404,0.12677304964539007,0.87322695035461
10402,YPL215W YLR387C,0.0,NA,0.001069189514964819,576,1429,9851,552,0.840344938749194,0.28728179551122196,0.5106382978723404,0.12668439716312058,0.8733156028368795
10403,YNL156C YER026C,0.0,NA,0.001070181024260819,576,1428,9852,552,0.8404255319148937,0.2874251497005988,0.5106382978723404,0.12659574468085105,0.8734042553191489
10404,YNL217W YEL018W,0.0,NA,0.0010730522917583585,576,1427,9853,552,0.8405061250805932,0.28756864702945584,0.5106382978723404,0.12650709219858156,0.8734929078014184
10405,YPR162C YHR107C,0.0,NA,0.0010766462655737996,576,1426,9854,552,0.8405867182462927,0.28771228771228774,0.5106382978723404,0.12641843971631206,0.8735815602836879
10406,YDR517W YKL003C,0.0,NA,0.0010782937752082944,576,1425,9855,552,0.8406673114119922,0.28785607196401797,0.5106382978723404,0.12632978723404256,0.8736702127659575
10407,YOL113W YGL245W,0.0,NA,0.0010868307435885072,576,1424,9856,552,0.8407479045776918,0.288,0.5106382978723404,0.12624113475177304,0.873758865248227
10408,YPR021C YMR173W,0.0,NA,0.001089839031919837,576,1423,9857,552,0.8408284977433914,0.288144072036018,0.5106382978723404,0.12615248226950354,0.8738475177304964
10409,YDR162C YPR151C,0.0,NA,0.0010901609202846885,576,1422,9858,552,0.8409090909090909,0.2882882882882883,0.5106382978723404,0.12606382978723404,0.8739361702127659
10410,YKL150W YLR034C,0.0,NA,0.0010904159862548113,576,1421,9859,552,0.8409896840747905,0.2884326489734602,0.5106382978723404,0.12597517730496455,0.8740248226950355
10411,YLR238W YMR010W,0.0,NA,0.001098479377105832,576,1420,9860,552,0.84107027724049,0.28857715430861725,0.5106382978723404,0.12588652482269502,0.874113475177305
10412,YNL274C YOR273C,0.0,NA,0.0011071886401623487,576,1419,9861,552,0.8411508704061895,0.2887218045112782,0.5106382978723404,0.12579787234042553,0.8742021276595745
10413,YCR105W YML114C,0.0,NA,0.0011152703082188964,576,1418,9862,552,0.841231463571889,0.2888665997993982,0.5106382978723404,0.12570921985815603,0.874290780141844
10414,YPR010C YFR036W,0.0,NA,0.0011195014230906963,576,1417,9863,552,0.8413120567375887,0.2890115403913698,0.5106382978723404,0.12562056737588653,0.8743794326241134
10415,YDR027C YGR141W,0.0,NA,0.0011242068139836192,576,1416,9864,552,0.8413926499032882,0.2891566265060241,0.5106382978723404,0.125531914893617,0.874468085106383
10416,YKL064W YCR040W,0.0,NA,0.0011317407479509711,576,1415,9865,552,0.8414732430689877,0.28930185836263184,0.5106382978723404,0.1254432624113475,0.8745567375886525
10417,YDL054C YHR150W,0.0,NA,0.001134009682573378,576,1414,9866,552,0.8415538362346873,0.2894472361809045,0.5106382978723404,0.12535460992907801,0.874645390070922
10418,YPL270W YPL190C,0.0,NA,0.0011358426418155432,576,1413,9867,552,0.8416344294003868,0.2895927601809955,0.5106382978723404,0.12526595744680852,0.8747340425531915
10419,YGL012W YGR277C,0.0,NA,0.0011379171628504992,576,1412,9868,552,0.8417150225660864,0.289738430583501,0.5106382978723404,0.125177304964539,0.874822695035461
10420,YMR280C YBL080C,0.0,NA,0.0011399422073736787,576,1411,9869,552,0.841795615731786,0.2898842476094615,0.5106382978723404,0.1250886524822695,0.8749113475177305
10421,YNL062C YPL174C,0.0,NA,0.0011406928533688188,576,1410,9870,552,0.8418762088974855,0.29003021148036257,0.5106382978723404,0.125,0.875
10422,YKR078W YER166W,0.0,NA,0.0011413992615416646,576,1409,9871,552,0.841956802063185,0.290176322418136,0.5106382978723404,0.1249113475177305,0.8750886524822695
10423,YML011C YML118W,0.0,NA,0.0011421170784160495,576,1408,9872,552,0.8420373952288845,0.2903225806451613,0.5106382978723404,0.12482269503546099,0.875177304964539
10424,YBL047C YNL012W,0.0,NA,0.0011430814629420638,576,1407,9873,552,0.8421179883945842,0.29046898638426627,0.5106382978723404,0.1247340425531915,0.8752659574468085
10425,YJL174W YNR031C,0.0,NA,0.0011471448233351111,576,1406,9874,552,0.8421985815602837,0.29061553985872857,0.5106382978723404,0.12464539007092199,0.875354609929078
10426,YLR316C YLR340W,0.0,NA,0.0011616931296885014,576,1405,9875,552,0.8422791747259832,0.2907622412922766,0.5106382978723404,0.12455673758865249,0.8754432624113475
10427,YJR120W YDR130C,0.0,NA,0.0011619300348684192,576,1404,9876,552,0.8423597678916828,0.2909090909090909,0.5106382978723404,0.12446808510638298,0.875531914893617
10428,YBL067C YKL134C,1.0,NA,0.0011634816182777286,575,1404,9876,553,0.8422791747259832,0.2905507832238504,0.5097517730496454,0.12446808510638298,0.875531914893617
10429,YMR277W YJR120W,0.0,NA,0.0011670603416860104,575,1403,9877,553,0.8423597678916828,0.29069767441860467,0.5097517730496454,0.12437943262411348,0.8756205673758866
10430,YIL063C YBL011W,0.0,NA,0.0011674673296511173,575,1402,9878,553,0.8424403610573823,0.2908447142134547,0.5097517730496454,0.12429078014184397,0.875709219858156
10431,YJR135W-A YBR163W,0.0,NA,0.0011691856198012829,575,1401,9879,553,0.8425209542230819,0.2909919028340081,0.5097517730496454,0.12420212765957447,0.8757978723404255
10432,YOL113W YLR362W,0.0,NA,0.001169658498838544,575,1400,9880,553,0.8426015473887815,0.2911392405063291,0.5097517730496454,0.12411347517730496,0.875886524822695
10433,YNL001W YBR207W,0.0,NA,0.0011700590839609504,575,1399,9881,553,0.842682140554481,0.29128672745694023,0.5097517730496454,0.12402482269503547,0.8759751773049645
10434,YDR038C YJR161C,0.0,NA,0.0011748451506718993,575,1398,9882,553,0.8427627337201805,0.2914343639128231,0.5097517730496454,0.12393617021276596,0.8760638297872341
10435,YDL217C YIL051C,0.0,NA,0.001177706872113049,575,1397,9883,553,0.84284332688588,0.29158215010141986,0.5097517730496454,0.12384751773049646,0.8761524822695036
10436,YDR460W YPR160W,0.0,NA,0.0012016103137284517,575,1396,9884,553,0.8429239200515797,0.2917300862506342,0.5097517730496454,0.12375886524822695,0.876241134751773
10437,YDR027C YHR105W,0.0,NA,0.0012027438497170806,575,1395,9885,553,0.8430045132172792,0.2918781725888325,0.5097517730496454,0.12367021276595745,0.8763297872340425
10438,YNL191W YER160C,1.0,NA,0.0012078160652890801,574,1395,9885,554,0.8429239200515797,0.2915185373285932,0.5088652482269503,0.12367021276595745,0.8763297872340425
10439,YDR498C YBL080C,0.0,NA,0.0012086826609447598,574,1394,9886,554,0.8430045132172792,0.2916666666666667,0.5088652482269503,0.12358156028368794,0.8764184397163121
10440,YLR088W YBL100W-B,1.0,NA,0.0012459103018045425,573,1394,9886,555,0.8429239200515797,0.2913065582104728,0.5079787234042553,0.12358156028368794,0.8764184397163121
10441,YHR176W YFR024C-A,0.0,NA,0.0012496820418164134,573,1393,9887,555,0.8430045132172792,0.2914547304170905,0.5079787234042553,0.12349290780141844,0.8765070921985816
10442,YML076C YLR113W,0.0,NA,0.0012538580922409892,573,1392,9888,555,0.8430851063829787,0.2916030534351145,0.5079787234042553,0.12340425531914893,0.8765957446808511
10443,YDR185C YOR069W,0.0,NA,0.0012621352216228843,573,1391,9889,555,0.8431656995486783,0.29175152749490835,0.5079787234042553,0.12331560283687944,0.8766843971631205
10444,YOR194C YPL006W,0.0,NA,0.001275563146919012,573,1390,9890,555,0.8432462927143778,0.29190015282730514,0.5079787234042553,0.12322695035460993,0.87677304964539
10445,YDR363W-A YMR086W,0.0,NA,0.0012907800264656544,573,1389,9891,555,0.8433268858800773,0.29204892966360857,0.5079787234042553,0.12313829787234043,0.8768617021276596
10446,YHL018W YJL078C,0.0,NA,0.0012958970619365573,573,1388,9892,555,0.843407479045777,0.2921978582355941,0.5079787234042553,0.12304964539007092,0.8769503546099291
10447,YLR113W YDL126C,0.0,NA,0.0012972467811778188,573,1387,9893,555,0.8434880722114765,0.2923469387755102,0.5079787234042553,0.12296099290780142,0.8770390070921986
10448,YDL176W YCR066W,0.0,NA,0.00131392537150532,573,1386,9894,555,0.843568665377176,0.29249617151607965,0.5079787234042553,0.12287234042553191,0.877127659574468
10449,YML114C YJR090C,0.0,NA,0.0013343500904738903,573,1385,9895,555,0.8436492585428755,0.2926455566905005,0.5079787234042553,0.12278368794326242,0.8772163120567376
10450,YIL051C YOR265W,0.0,NA,0.0013407296501100063,573,1384,9896,555,0.8437298517085751,0.2927950945324476,0.5079787234042553,0.1226950354609929,0.8773049645390071
10451,YGL168W YCR076C,0.0,NA,0.0013410999672487378,573,1383,9897,555,0.8438104448742747,0.2929447852760736,0.5079787234042553,0.12260638297872341,0.8773936170212766
10452,YKR042W YDL208W,0.0,NA,0.0013498623156920075,573,1382,9898,555,0.8438910380399742,0.29309462915601026,0.5079787234042553,0.1225177304964539,0.8774822695035461
10453,YJL113W YER143W,1.0,NA,0.001355489483103156,572,1382,9898,556,0.8438104448742747,0.29273285568065505,0.5070921985815603,0.1225177304964539,0.8774822695035461
10454,YDL229W YGR006W,0.0,NA,0.0013558974023908377,572,1381,9899,556,0.8438910380399742,0.2928827444956477,0.5070921985815603,0.1224290780141844,0.8775709219858157
10455,YJL062W YIR014W,0.0,NA,0.001364820753224194,572,1380,9900,556,0.8439716312056738,0.2930327868852459,0.5070921985815603,0.12234042553191489,0.8776595744680851
10456,YDR281C YBL107C,0.0,NA,0.0013734191888943315,572,1379,9901,556,0.8440522243713733,0.29318298308559715,0.5070921985815603,0.12225177304964539,0.8777482269503546
10457,YJR046W YER087C-A,0.0,NA,0.0013757861452177167,572,1378,9902,556,0.8441328175370728,0.29333333333333333,0.5070921985815603,0.12216312056737588,0.8778368794326241
10458,YKL171W YOR208W,0.0,NA,0.0013775330735370517,572,1377,9903,556,0.8442134107027724,0.2934838378655721,0.5070921985815603,0.12207446808510639,0.8779255319148936
10459,YOR393W YNL309W,0.0,NA,0.0013919186312705278,572,1376,9904,556,0.844294003868472,0.2936344969199179,0.5070921985815603,0.12198581560283688,0.8780141843971632
10460,YKL002W YGL247W,0.0,NA,0.001395322848111391,572,1375,9905,556,0.8443745970341715,0.2937853107344633,0.5070921985815603,0.12189716312056738,0.8781028368794326
10461,YNR047W YDL126C,0.0,NA,0.0013967654667794704,572,1374,9906,556,0.844455190199871,0.29393627954779034,0.5070921985815603,0.12180851063829787,0.8781914893617021
10462,YPL007C YPR032W,0.0,NA,0.0014006183482706547,572,1373,9907,556,0.8445357833655706,0.29408740359897173,0.5070921985815603,0.12171985815602837,0.8782801418439716
10463,YDL229W YMR015C,0.0,NA,0.0014125609304755926,572,1372,9908,556,0.8446163765312702,0.294238683127572,0.5070921985815603,0.12163120567375886,0.8783687943262412
10464,YPL130W YML132W,0.0,NA,0.0014142029685899615,572,1371,9909,556,0.8446969696969697,0.294390118373649,0.5070921985815603,0.12154255319148936,0.8784574468085107
10465,YCR076C YDR162C,0.0,NA,0.0014167244080454111,572,1370,9910,556,0.8447775628626693,0.2945417095777549,0.5070921985815603,0.12145390070921985,0.8785460992907801
10466,YDL083C YJL062W-A,0.0,NA,0.0014233244583010674,572,1369,9911,556,0.8448581560283688,0.2946934569809377,0.5070921985815603,0.12136524822695036,0.8786347517730496
10467,YIL017C YBR126W-A,0.0,NA,0.001430079690180719,572,1368,9912,556,0.8449387491940683,0.2948453608247423,0.5070921985815603,0.12127659574468085,0.8787234042553191
10468,YIL138C YEL071W,0.0,NA,0.0014302390627563,572,1367,9913,556,0.8450193423597679,0.294997421351212,0.5070921985815603,0.12118794326241135,0.8788120567375887
10469,YER163C YBR168W,0.0,NA,0.0014326975215226412,572,1366,9914,556,0.8450999355254675,0.2951496388028896,0.5070921985815603,0.12109929078014184,0.8789007092198582
10470,YER174C YJR090C,0.0,NA,0.0014330106787383556,572,1365,9915,556,0.845180528691167,0.2953020134228188,0.5070921985815603,0.12101063829787234,0.8789893617021277
10471,YGL192W YMR164C,0.0,NA,0.001436659600585699,572,1364,9916,556,0.8452611218568665,0.29545454545454547,0.5070921985815603,0.12092198581560283,0.8790780141843971
10472,YOR291W YGL216W,0.0,NA,0.001449087867513299,572,1363,9917,556,0.845341715022566,0.29560723514211884,0.5070921985815603,0.12083333333333333,0.8791666666666667
10473,YFL001W YJR051W,0.0,NA,0.0014854217879474163,572,1362,9918,556,0.8454223081882656,0.2957600827300931,0.5070921985815603,0.12074468085106382,0.8792553191489362
10474,YPR072W YGR059W,0.0,NA,0.0014913134509697556,572,1361,9919,556,0.8455029013539652,0.2959130884635282,0.5070921985815603,0.12065602836879433,0.8793439716312057
10475,YNL185C YDR496C,0.0,NA,0.0014937850646674633,572,1360,9920,556,0.8455834945196647,0.29606625258799174,0.5070921985815603,0.12056737588652482,0.8794326241134752
10476,YOR179C YGR156W,0.0,NA,0.001517689204774797,572,1359,9921,556,0.8456640876853643,0.29621957534955984,0.5070921985815603,0.12047872340425532,0.8795212765957446
10477,YJR132W YLR261C,0.0,NA,0.0015262158121913671,572,1358,9922,556,0.8457446808510638,0.29637305699481864,0.5070921985815603,0.12039007092198581,0.8796099290780142
10478,YPR072W YCR037C,0.0,NA,0.001532374881207943,572,1357,9923,556,0.8458252740167633,0.2965266977708657,0.5070921985815603,0.12030141843971631,0.8796985815602837
10479,YLR209C YNL126W,0.0,NA,0.00153286661952734,572,1356,9924,556,0.845905867182463,0.2966804979253112,0.5070921985815603,0.1202127659574468,0.8797872340425532
10480,YIL063C YPR032W,0.0,NA,0.0015336265787482262,572,1355,9925,556,0.8459864603481625,0.2968344577062792,0.5070921985815603,0.1201241134751773,0.8798758865248227
10481,YBR057C YPL145C,0.0,NA,0.0015385785372927785,572,1354,9926,556,0.846067053513862,0.29698857736240913,0.5070921985815603,0.12003546099290781,0.8799645390070922
10482,YDR415C YBL005W-B,1.0,NA,0.001538962358608842,571,1354,9926,557,0.8459864603481625,0.2966233766233766,0.5062056737588653,0.12003546099290781,0.8799645390070922
10483,YPL104W YGR080W,0.0,NA,0.0015754018677398562,571,1353,9927,557,0.846067053513862,0.29677754677754675,0.5062056737588653,0.1199468085106383,0.8800531914893617
10484,YPR003C YPR160W,0.0,NA,0.001580706681124866,571,1352,9928,557,0.8461476466795615,0.296931877275091,0.5062056737588653,0.1198581560283688,0.8801418439716312
10485,YMR122W-A YKR024C,0.0,NA,0.0015813382342457771,571,1351,9929,557,0.8462282398452611,0.2970863683662851,0.5062056737588653,0.11976950354609929,0.8802304964539007
10486,YOR075W YMR286W,0.0,NA,0.001585327205248177,571,1350,9930,557,0.8463088330109607,0.29724102030192606,0.5062056737588653,0.1196808510638298,0.8803191489361702
10487,YPL270W YPL016W,0.0,NA,0.001600641175173223,571,1349,9931,557,0.8463894261766602,0.29739583333333336,0.5062056737588653,0.11959219858156028,0.8804078014184397
10488,YPL099C YKL173W,0.0,NA,0.001611062092706561,571,1348,9932,557,0.8464700193423598,0.2975508077123502,0.5062056737588653,0.11950354609929079,0.8804964539007092
10489,YNL274C YPL250C,0.0,NA,0.001611308311112225,571,1347,9933,557,0.8465506125080593,0.2977059436913452,0.5062056737588653,0.11941489361702128,0.8805851063829787
10490,YMR028W YJL062W-A,0.0,NA,0.001617645495571196,571,1346,9934,557,0.8466312056737588,0.29786124152321336,0.5062056737588653,0.11932624113475178,0.8806737588652482
10491,YOR208W YER161C,0.0,NA,0.0016324958996847272,571,1345,9935,557,0.8467117988394585,0.2980167014613779,0.5062056737588653,0.11923758865248227,0.8807624113475178
10492,YFL034C-A YDR165W,0.0,NA,0.0016349132638424635,571,1344,9936,557,0.846792392005158,0.29817232375979114,0.5062056737588653,0.11914893617021277,0.8808510638297873
10493,YJL221C YFR039C,0.0,NA,0.0016378586879000068,571,1343,9937,557,0.8468729851708575,0.29832810867293624,0.5062056737588653,0.11906028368794326,0.8809397163120567
10494,YOR193W YGL257C,0.0,NA,0.0016516698524355888,571,1342,9938,557,0.846953578336557,0.29848405645582854,0.5062056737588653,0.11897163120567376,0.8810283687943262
10495,YBR204C YDL025C,0.0,NA,0.001656991895288229,571,1341,9939,557,0.8470341715022566,0.2986401673640167,0.5062056737588653,0.11888297872340425,0.8811170212765957
10496,YNL122C YKR020W,0.0,NA,0.001709587755613029,571,1340,9940,557,0.8471147646679562,0.2987964416535845,0.5062056737588653,0.11879432624113476,0.8812056737588653
10497,YJR125C YBL060W,0.0,NA,0.001746452646329999,571,1339,9941,557,0.8471953578336557,0.29895287958115185,0.5062056737588653,0.11870567375886525,0.8812943262411348
10498,YBR076W YAL047C,0.0,NA,0.00175015430431813,571,1338,9942,557,0.8472759509993553,0.2991094814038764,0.5062056737588653,0.11861702127659575,0.8813829787234042
10499,YER094C YER143W,1.0,NA,0.0017659602453932166,570,1338,9942,558,0.8471953578336557,0.29874213836477986,0.5053191489361702,0.11861702127659575,0.8813829787234042
10500,YIR014W YKL162C,0.0,NA,0.0017695497954264283,570,1337,9943,558,0.8472759509993553,0.29889879391714735,0.5053191489361702,0.11852836879432624,0.8814716312056737
10501,YKL011C YBR085W,0.0,NA,0.0017699694726616144,570,1336,9944,558,0.8473565441650548,0.2990556138509968,0.5053191489361702,0.11843971631205674,0.8815602836879433
10502,YFL034C-A YDL155W,0.0,NA,0.0017781383357942104,570,1335,9945,558,0.8474371373307543,0.2992125984251969,0.5053191489361702,0.11835106382978723,0.8816489361702128
10503,YER166W YBR126W-A,0.0,NA,0.0017914404161274433,570,1334,9946,558,0.8475177304964538,0.29936974789915966,0.5053191489361702,0.11826241134751773,0.8817375886524823
10504,YER160C YBL005W-B,1.0,NA,0.0018139707390218973,569,1334,9946,559,0.8474371373307543,0.29900157645822384,0.5044326241134752,0.11826241134751773,0.8817375886524823
10505,YFL056C YDR294C,0.0,NA,0.0018216053722426295,569,1333,9947,559,0.8475177304964538,0.29915878023133546,0.5044326241134752,0.11817375886524822,0.8818262411347517
10506,YJL178C YJL002C,0.0,NA,0.0018343925476074219,569,1332,9948,559,0.8475983236621535,0.29931614939505524,0.5044326241134752,0.11808510638297873,0.8819148936170212
10507,YPL098C YJR044C,0.0,NA,0.0018429365009069443,569,1331,9949,559,0.847678916827853,0.29947368421052634,0.5044326241134752,0.11799645390070922,0.8820035460992908
10508,YJL062W-A YCR052W,0.0,NA,0.0018464194145053625,569,1330,9950,559,0.8477595099935525,0.2996313849394418,0.5044326241134752,0.11790780141843972,0.8820921985815603
10509,YFR006W YLR163C,1.0,NA,0.0018606696976348758,568,1330,9950,560,0.847678916827853,0.2992623814541623,0.5035460992907801,0.11790780141843972,0.8820921985815603
10510,YGL216W YGR084C,0.0,NA,0.0018711434677243233,568,1329,9951,560,0.8477595099935525,0.29942013705851345,0.5035460992907801,0.11781914893617021,0.8821808510638298
10511,YOR156C YIR003W,0.0,NA,0.0018812633352354169,568,1328,9952,560,0.8478401031592521,0.29957805907172996,0.5035460992907801,0.11773049645390071,0.8822695035460993
10512,YMR179W YJL062W-A,0.0,NA,0.0018846143502742052,568,1327,9953,560,0.8479206963249516,0.29973614775725593,0.5035460992907801,0.1176418439716312,0.8823581560283688
10513,YPR024W YDR415C,1.0,NA,0.0018893723608925939,567,1327,9953,561,0.8478401031592521,0.29936642027455124,0.5026595744680851,0.1176418439716312,0.8823581560283688
10514,YJR014W YHR102W,0.0,NA,0.0018966908100992441,567,1326,9954,561,0.8479206963249516,0.29952456418383516,0.5026595744680851,0.1175531914893617,0.8824468085106383
10515,YOR391C YPR103W,1.0,NA,0.0018985902424901724,566,1326,9954,562,0.8478401031592521,0.29915433403805497,0.50177304964539,0.1175531914893617,0.8824468085106383
10516,YMR158W YCR028C,0.0,NA,0.0019430454121902585,566,1325,9955,562,0.8479206963249516,0.2993125330512956,0.50177304964539,0.1174645390070922,0.8825354609929078
10517,YOR067C YAR019C,0.0,NA,0.0019441479817032814,566,1324,9956,562,0.8480012894906512,0.29947089947089944,0.50177304964539,0.1173758865248227,0.8826241134751773
10518,YDL180W YDL174C,0.0,NA,0.0019561147782951593,566,1323,9957,562,0.8480818826563508,0.2996294335627316,0.50177304964539,0.11728723404255319,0.8827127659574469
10519,YKR020W YKL028W,0.0,NA,0.001969843404367566,566,1322,9958,562,0.8481624758220503,0.2997881355932203,0.50177304964539,0.11719858156028369,0.8828014184397163
10520,YJL174W YPL053C,0.0,NA,0.001972632482647896,566,1321,9959,562,0.8482430689877498,0.2999470058293588,0.50177304964539,0.11710992907801418,0.8828900709219858
10521,YDL217C YLR297W,0.0,NA,0.0019784981850534678,566,1320,9960,562,0.8483236621534493,0.30010604453870626,0.50177304964539,0.11702127659574468,0.8829787234042553
10522,YNL016W YBL008W,0.0,NA,0.001980983419343829,566,1319,9961,562,0.848404255319149,0.3002652519893899,0.50177304964539,0.11693262411347517,0.8830673758865248
10523,YLR387C YLR337C,0.0,NA,0.002003322821110487,566,1318,9962,562,0.8484848484848485,0.30042462845010615,0.50177304964539,0.11684397163120568,0.8831560283687944
10524,YPL094C YNR007C,0.0,NA,0.0020157163962721825,566,1317,9963,562,0.848565441650548,0.3005841741901221,0.50177304964539,0.11675531914893617,0.8832446808510638
10525,YJR126C YGL203C,1.0,NA,0.002035323530435562,565,1317,9963,563,0.8484848484848485,0.3002125398512221,0.500886524822695,0.11675531914893617,0.8832446808510638
10526,YDR090C YGR097W,0.0,NA,0.0020440297666937113,565,1316,9964,563,0.848565441650548,0.3003721424774056,0.500886524822695,0.11666666666666667,0.8833333333333333
10527,YGR227W YFL029C,0.0,NA,0.002061262959614396,565,1315,9965,563,0.8486460348162476,0.300531914893617,0.500886524822695,0.11657801418439716,0.8834219858156028
10528,YGL005C YLR104W,0.0,NA,0.0020838759373873472,565,1314,9966,563,0.8487266279819471,0.300691857370942,0.500886524822695,0.11648936170212766,0.8835106382978724
10529,YML100W YNR007C,0.0,NA,0.0020900964736938477,565,1313,9967,563,0.8488072211476467,0.30085197018104365,0.500886524822695,0.11640070921985815,0.8835992907801419
10530,YNR055C YHR150W,0.0,NA,0.002112023066729307,565,1312,9968,563,0.8488878143133463,0.30101225359616407,0.500886524822695,0.11631205673758865,0.8836879432624114
10531,YFR006W YJR126C,1.0,NA,0.002143857069313526,564,1312,9968,564,0.8488072211476467,0.3006396588486141,0.5,0.11631205673758865,0.8836879432624114
10532,YFL034C-A YGL236C,0.0,NA,0.0021530832163989544,564,1311,9969,564,0.8488878143133463,0.3008,0.5,0.11622340425531914,0.8837765957446808
10533,YPL159C YPL062W,0.0,NA,0.00216268515214324,564,1310,9970,564,0.8489684074790458,0.30096051227321235,0.5,0.11613475177304965,0.8838652482269503
10534,YGR105W YBR299W,0.0,NA,0.0021682376973330975,564,1309,9971,564,0.8490490006447453,0.3011211959423385,0.5,0.11604609929078014,0.8839539007092199
10535,YOR194C YNL267W,0.0,NA,0.0021719145588576794,564,1308,9972,564,0.8491295938104448,0.30128205128205127,0.5,0.11595744680851064,0.8840425531914894
10536,YDR541C YDR130C,0.0,NA,0.0021757485810667276,564,1307,9973,564,0.8492101869761445,0.3014430785676109,0.5,0.11586879432624113,0.8841312056737589
10537,YPR003C YML100W,0.0,NA,0.0022018817253410816,564,1306,9974,564,0.849290780141844,0.3016042780748663,0.5,0.11578014184397163,0.8842198581560283
10538,YJL103C YCR040W,0.0,NA,0.0022203687112778425,564,1305,9975,564,0.8493713733075435,0.3017656500802568,0.5,0.11569148936170212,0.8843085106382979
10539,YPL059W YPL031C,0.0,NA,0.0022256476804614067,564,1304,9976,564,0.8494519664732431,0.3019271948608137,0.5,0.11560283687943262,0.8843971631205674
10540,YHR211W YPL215W,0.0,NA,0.0022280842531472445,564,1303,9977,564,0.8495325596389426,0.30208891269416177,0.5,0.11551418439716311,0.8844858156028369
10541,YJR103W YMR220W,0.0,NA,0.0022373313549906015,564,1302,9978,564,0.8496131528046421,0.3022508038585209,0.5,0.11542553191489362,0.8845744680851064
10542,YER138C YDR434W,1.0,NA,0.0022783731110394,563,1302,9978,565,0.8495325596389426,0.3018766756032172,0.499113475177305,0.11542553191489362,0.8845744680851064
10543,YBR136W YML132W,0.0,NA,0.0022984377574175596,563,1301,9979,565,0.8496131528046421,0.3020386266094421,0.499113475177305,0.11533687943262412,0.8846631205673758
10544,YIR018W YDR204W,0.0,NA,0.0023024454712867737,563,1300,9980,565,0.8496937459703418,0.3022007514761138,0.499113475177305,0.11524822695035461,0.8847517730496454
10545,YEL065W YPL031C,0.0,NA,0.0023025122936815023,563,1299,9981,565,0.8497743391360413,0.3023630504833512,0.499113475177305,0.11515957446808511,0.8848404255319149
10546,YPR024W YER138C,1.0,NA,0.002312714233994484,562,1299,9981,566,0.8496937459703418,0.3019881783987104,0.49822695035460995,0.11515957446808511,0.8848404255319149
10547,YDL104C YER160C,1.0,NA,0.002340257167816162,561,1299,9981,567,0.8496131528046421,0.3016129032258065,0.4973404255319149,0.11515957446808511,0.8848404255319149
10548,YIL091C YKL171W,0.0,NA,0.0023526966106146574,561,1298,9982,567,0.8496937459703418,0.30177514792899407,0.4973404255319149,0.1150709219858156,0.8849290780141844
10549,YJR140C YBL020W,0.0,NA,0.0023770243860781193,561,1297,9983,567,0.8497743391360413,0.30193756727664156,0.4973404255319149,0.1149822695035461,0.8850177304964539
10550,YNL274C YHL037C,0.0,NA,0.002380877733230591,561,1296,9984,567,0.8498549323017408,0.30210016155088854,0.4973404255319149,0.1148936170212766,0.8851063829787233
10551,YIL108W YER078C,1.0,NA,0.002387389773502946,560,1296,9984,568,0.8497743391360413,0.3017241379310345,0.49645390070921985,0.1148936170212766,0.8851063829787233
10552,YOL013C YPR125W,0.0,NA,0.0023899353109300137,560,1295,9985,568,0.8498549323017408,0.3018867924528302,0.49645390070921985,0.1148049645390071,0.8851950354609929
10553,YPR103W YJL113W,1.0,NA,0.0023952946066856384,559,1295,9985,569,0.8497743391360413,0.30151024811218985,0.49556737588652483,0.1148049645390071,0.8851950354609929
10554,YPL150W YHL043W,0.0,NA,0.002422009129077196,559,1294,9986,569,0.8498549323017408,0.30167296276308686,0.49556737588652483,0.11471631205673759,0.8852836879432624
10555,YMR023C YBL011W,0.0,NA,0.0024570731911808252,559,1293,9987,569,0.8499355254674403,0.3018358531317495,0.49556737588652483,0.11462765957446809,0.8853723404255319
10556,YLR085C YPL130W,0.0,NA,0.002485227771103382,559,1292,9988,569,0.8500161186331399,0.30199891950297136,0.49556737588652483,0.11453900709219858,0.8854609929078014
10557,YMR028W YGR211W,0.0,NA,0.002516266657039523,559,1291,9989,569,0.8500967117988395,0.3021621621621622,0.49556737588652483,0.11445035460992908,0.885549645390071
10558,YIR006C YDR541C,0.0,NA,0.0025206184946000576,559,1290,9990,569,0.850177304964539,0.3023255813953488,0.49556737588652483,0.11436170212765957,0.8856382978723404
10559,YLR203C YIR021W,0.0,NA,0.002540633548051119,559,1289,9991,569,0.8502578981302386,0.3024891774891775,0.49556737588652483,0.11427304964539008,0.8857269503546099
10560,YPR003C YMR278W,0.0,NA,0.002565122675150633,559,1288,9992,569,0.8503384912959381,0.30265295073091497,0.49556737588652483,0.11418439716312057,0.8858156028368794
10561,YIL138C YDL193W,0.0,NA,0.002576238941401243,559,1287,9993,569,0.8504190844616376,0.3028169014084507,0.49556737588652483,0.11409574468085107,0.885904255319149
10562,YOR002W YDR079C-A,0.0,NA,0.00260610762052238,559,1286,9994,569,0.8504996776273372,0.3029810298102981,0.49556737588652483,0.11400709219858156,0.8859929078014185
10563,YPR024W YLR163C,1.0,NA,0.0026067260187119246,558,1286,9994,570,0.8504190844616376,0.30260303687635576,0.4946808510638298,0.11400709219858156,0.8859929078014185
10564,YMR247C YAL007C,0.0,NA,0.0026176474057137966,558,1285,9995,570,0.8504996776273372,0.3027672273467173,0.4946808510638298,0.11391843971631206,0.8860815602836879
10565,YJL107C YGL205W,0.0,NA,0.002619351027533412,558,1284,9996,570,0.8505802707930368,0.30293159609120524,0.4946808510638298,0.11382978723404255,0.8861702127659574
10566,YIL087C YOR349W,0.0,NA,0.002630495233461261,558,1283,9997,570,0.8506608639587363,0.3030961434003259,0.4946808510638298,0.11374113475177305,0.886258865248227
10567,YGL090W YDR501W,0.0,NA,0.0026417758781462908,558,1282,9998,570,0.8507414571244358,0.3032608695652174,0.4946808510638298,0.11365248226950354,0.8863475177304965
10568,YPL174C YLR448W,0.0,NA,0.0026548670139163733,558,1281,9999,570,0.8508220502901354,0.3034257748776509,0.4946808510638298,0.11356382978723405,0.886436170212766
10569,YDR027C YDR294C,0.0,NA,0.002675267169252038,558,1280,10000,570,0.850902643455835,0.30359085963003263,0.4946808510638298,0.11347517730496454,0.8865248226950354
10570,YGL065C YIL022W,0.0,NA,0.002681063488125801,558,1279,10001,570,0.8509832366215345,0.30375612411540553,0.4946808510638298,0.11338652482269504,0.8866134751773049
10571,YNL121C YJL078C,0.0,NA,0.0026861121878027916,558,1278,10002,570,0.851063829787234,0.30392156862745096,0.4946808510638298,0.11329787234042553,0.8867021276595745
10572,YPR121W YPR007C,0.0,NA,0.0026875303592532873,558,1277,10003,570,0.8511444229529336,0.30408719346049046,0.4946808510638298,0.11320921985815603,0.886790780141844
10573,YNL310C YKL039W,0.0,NA,0.0026896221097558737,558,1276,10004,570,0.8512250161186331,0.3042529989094875,0.4946808510638298,0.11312056737588652,0.8868794326241135
10574,YOR316C YAL047C,0.0,NA,0.002697866642847657,558,1275,10005,570,0.8513056092843327,0.3044189852700491,0.4946808510638298,0.11303191489361702,0.886968085106383
10575,YNL304W YOR324C,0.0,NA,0.002711907960474491,558,1274,10006,570,0.8513862024500323,0.30458515283842796,0.4946808510638298,0.11294326241134751,0.8870567375886524
10576,YHR117W YNL309W,0.0,NA,0.0027558710426092148,558,1273,10007,570,0.8514667956157318,0.3047515019115238,0.4946808510638298,0.11285460992907802,0.887145390070922
10577,YML063W YGR059W,0.0,NA,0.0027590941172093153,558,1272,10008,570,0.8515473887814313,0.30491803278688523,0.4946808510638298,0.1127659574468085,0.8872340425531915
10578,YPR166C YJL062W-A,0.0,NA,0.0027636727318167686,558,1271,10009,570,0.8516279819471309,0.3050847457627119,0.4946808510638298,0.11267730496453901,0.887322695035461
10579,YJR153W YKL185W,0.0,NA,0.0027699628844857216,558,1270,10010,570,0.8517085751128304,0.3052516411378556,0.4946808510638298,0.1125886524822695,0.8874113475177305
10580,YBL030C YOR156C,0.0,NA,0.0028121809009462595,558,1269,10011,570,0.85178916827853,0.3054187192118227,0.4946808510638298,0.1125,0.8875
10581,YNL156C YOR288C,0.0,NA,0.002834907965734601,558,1268,10012,570,0.8518697614442295,0.30558598028477546,0.4946808510638298,0.11241134751773049,0.8875886524822695
10582,YIL108W YER160C,1.0,NA,0.0028427934739738703,557,1268,10012,571,0.85178916827853,0.3052054794520548,0.49379432624113473,0.11241134751773049,0.8875886524822695
10583,YPL250C YNR047W,0.0,NA,0.0028473278507590294,557,1267,10013,571,0.8518697614442295,0.3053728070175439,0.49379432624113473,0.112322695035461,0.887677304964539
10584,YDR392W YDL147W,0.0,NA,0.002904509659856558,557,1266,10014,571,0.8519503546099291,0.30554031815688426,0.49379432624113473,0.11223404255319148,0.8877659574468085
10585,YAR019C YOL119C,0.0,NA,0.002924247644841671,557,1265,10015,571,0.8520309477756286,0.3057080131723381,0.49379432624113473,0.11214539007092199,0.887854609929078
10586,YHL012W YGL065C,0.0,NA,0.002949147718027234,557,1264,10016,571,0.8521115409413281,0.30587589236683144,0.49379432624113473,0.11205673758865248,0.8879432624113475
10587,YNL019C YOL055C,0.0,NA,0.0029569873586297035,557,1263,10017,571,0.8521921341070278,0.30604395604395607,0.49379432624113473,0.11196808510638298,0.888031914893617
10588,YIL109C YFR048W,0.0,NA,0.002976315561681986,557,1262,10018,571,0.8522727272727273,0.30621220450797143,0.49379432624113473,0.11187943262411347,0.8881205673758865
10589,YKL146W YPL121C,0.0,NA,0.0029793339781463146,557,1261,10019,571,0.8523533204384268,0.3063806380638064,0.49379432624113473,0.11179078014184397,0.888209219858156
10590,YJR133W YBL057C,0.0,NA,0.002998324576765299,557,1260,10020,571,0.8524339136041263,0.3065492570170611,0.49379432624113473,0.11170212765957446,0.8882978723404256
10591,YIL108W YER138C,1.0,NA,0.0030199962202459574,556,1260,10020,572,0.8523533204384268,0.30616740088105726,0.4929078014184397,0.11170212765957446,0.8882978723404256
10592,YHR124W YFL029C,0.0,NA,0.0030264202505350113,556,1259,10021,572,0.8524339136041263,0.30633608815427,0.4929078014184397,0.11161347517730497,0.8883865248226951
10593,YDR377W YLR157C,0.0,NA,0.003026491031050682,556,1258,10022,572,0.8525145067698259,0.3065049614112459,0.4929078014184397,0.11152482269503546,0.8884751773049645
10594,YLR350W YER177W,0.0,NA,0.0030346079729497433,556,1257,10023,572,0.8525950999355255,0.3066740209597352,0.4929078014184397,0.11143617021276596,0.888563829787234
10595,YDR354W YKL032C,0.0,NA,0.0030434278305619955,556,1256,10024,572,0.852675693101225,0.3068432671081678,0.4929078014184397,0.11134751773049645,0.8886524822695036
10596,YIL108W YDR331W,1.0,NA,0.0030587923247367144,555,1256,10024,573,0.8525950999355255,0.30646051905024846,0.4920212765957447,0.11134751773049645,0.8886524822695036
10597,YPL233W YIL166C,0.0,NA,0.0031167888082563877,555,1255,10025,573,0.852675693101225,0.30662983425414364,0.4920212765957447,0.11125886524822695,0.8887411347517731
10598,YJL210W YBR204C,0.0,NA,0.0031202530954033136,555,1254,10026,573,0.8527562862669246,0.3067993366500829,0.4920212765957447,0.11117021276595744,0.8888297872340426
10599,YML055W YER078C,1.0,NA,0.003121205372735858,554,1254,10026,574,0.852675693101225,0.3064159292035398,0.49113475177304966,0.11117021276595744,0.8888297872340426
10600,YPR185W YOR061W,0.0,NA,0.0031244163401424885,554,1253,10027,574,0.8527562862669246,0.30658550083010516,0.49113475177304966,0.11108156028368794,0.888918439716312
10601,YIL109C YJL094C,0.0,NA,0.0031250787433236837,554,1252,10028,574,0.8528368794326241,0.3067552602436323,0.49113475177304966,0.11099290780141843,0.8890070921985815
10602,YJR026W YOR233W,0.0,NA,0.003125532064586878,554,1251,10029,574,0.8529174725983236,0.30692520775623267,0.49113475177304966,0.11090425531914894,0.8890957446808511
10603,YBR193C YGR132C,0.0,NA,0.0031453154515475035,554,1250,10030,574,0.8529980657640233,0.3070953436807095,0.49113475177304966,0.11081560283687943,0.8891843971631206
10604,YJR026W YMR166C,0.0,NA,0.003145882161334157,554,1249,10031,574,0.8530786589297228,0.3072656683305602,0.49113475177304966,0.11072695035460993,0.8892730496453901
10605,YML100W YNL024C,0.0,NA,0.0031633602920919657,554,1248,10032,574,0.8531592520954223,0.3074361820199778,0.49113475177304966,0.11063829787234042,0.8893617021276595
10606,YEL065W YDR079C-A,0.0,NA,0.0031925742514431477,554,1247,10033,574,0.8532398452611218,0.3076068850638534,0.49113475177304966,0.11054964539007092,0.889450354609929
10607,YGL029W YKR020W,0.0,NA,0.00319895101711154,554,1246,10034,574,0.8533204384268214,0.30777777777777776,0.49113475177304966,0.11046099290780143,0.8895390070921986
10608,YMR202W YDR363W-A,0.0,NA,0.00325476611033082,554,1245,10035,574,0.853401031592521,0.3079488604780434,0.49113475177304966,0.11037234042553191,0.8896276595744681
10609,YGL004C YMR184W,0.0,NA,0.0032773190177977085,554,1244,10036,574,0.8534816247582205,0.3081201334816463,0.49113475177304966,0.11028368794326242,0.8897163120567376
10610,YPR103W YER160C,1.0,NA,0.003287143539637327,553,1244,10036,575,0.853401031592521,0.3077351140790206,0.49024822695035464,0.11028368794326242,0.8897163120567376
10611,YFL033C YFR048W,0.0,NA,0.0032967515289783478,553,1243,10037,575,0.8534816247582205,0.3079064587973274,0.49024822695035464,0.11019503546099291,0.889804964539007
10612,YML127W YML114C,0.0,NA,0.0033102931920439005,553,1242,10038,575,0.8535622179239201,0.3080779944289694,0.49024822695035464,0.11010638297872341,0.8898936170212766
10613,YJR026W YMR211W,0.0,NA,0.0033774899784475565,553,1241,10039,575,0.8536428110896196,0.30824972129319955,0.49024822695035464,0.1100177304964539,0.8899822695035461
10614,YPR024W YFR006W,1.0,NA,0.003380849724635482,552,1241,10039,576,0.8535622179239201,0.3078639152258784,0.48936170212765956,0.1100177304964539,0.8899822695035461
10615,YKR028W YBL047C,0.0,NA,0.003385896561667323,552,1240,10040,576,0.8536428110896196,0.3080357142857143,0.48936170212765956,0.1099290780141844,0.8900709219858156
10616,YGR046W YJL062W-A,0.0,NA,0.003455289639532566,552,1239,10041,576,0.8537234042553191,0.3082077051926298,0.48936170212765956,0.10984042553191489,0.8901595744680851
10617,YLR238W YIL088C,0.0,NA,0.0034621679224073887,552,1238,10042,576,0.8538039974210186,0.30837988826815643,0.48936170212765956,0.1097517730496454,0.8902482269503547
10618,YJL131C YML003W,0.0,NA,0.003478435566648841,552,1237,10043,576,0.8538845905867183,0.3085522638345444,0.48936170212765956,0.10966312056737589,0.8903368794326241
10619,YIL108W YDR533C,1.0,NA,0.0035369936376810074,551,1237,10043,577,0.8538039974210186,0.308165548098434,0.48847517730496454,0.10966312056737589,0.8903368794326241
10620,YOR374W YPL040C,0.0,NA,0.0035882641095668077,551,1236,10044,577,0.8538845905867183,0.30833799664241746,0.48847517730496454,0.10957446808510639,0.8904255319148936
10621,YPR174C YNL204C,0.0,NA,0.0035897032357752323,551,1235,10045,577,0.8539651837524178,0.30851063829787234,0.48847517730496454,0.10948581560283688,0.8905141843971631
10622,YGR220C YFR048W,0.0,NA,0.003605019301176071,551,1234,10046,577,0.8540457769181173,0.30868347338935576,0.48847517730496454,0.10939716312056738,0.8906028368794326
10623,YMR010W YKL168C,0.0,NA,0.003628088627010584,551,1233,10047,577,0.8541263700838169,0.30885650224215244,0.48847517730496454,0.10930851063829787,0.8906914893617022
10624,YNL137C YER100W,0.0,NA,0.0036292385775595903,551,1232,10048,577,0.8542069632495164,0.30902972518227706,0.48847517730496454,0.10921985815602837,0.8907801418439716
10625,YLR088W YER160C,1.0,NA,0.0036459851544350386,550,1232,10048,578,0.8541263700838169,0.30864197530864196,0.4875886524822695,0.10921985815602837,0.8907801418439716
10626,YDL015C YMR247C,0.0,NA,0.0036584436893463135,550,1231,10049,578,0.8542069632495164,0.308815272318922,0.4875886524822695,0.10913120567375886,0.8908687943262411
10627,YJR127C YKR020W,0.0,NA,0.003685539122670889,550,1230,10050,578,0.854287556415216,0.3089887640449438,0.4875886524822695,0.10904255319148937,0.8909574468085106
10628,YDL104C YER138C,1.0,NA,0.0037236397620290518,549,1230,10050,579,0.8542069632495164,0.3086003372681282,0.4867021276595745,0.10904255319148937,0.8909574468085106
10629,YHR124W YPL271W,0.0,NA,0.003737145336344838,549,1229,10051,579,0.854287556415216,0.30877390326209225,0.4867021276595745,0.10895390070921986,0.8910460992907802
10630,YBR023C YHL024W,0.0,NA,0.0038303087931126356,549,1228,10052,579,0.8543681495809156,0.30894766460326395,0.4867021276595745,0.10886524822695036,0.8911347517730497
10631,YDL052C YLL042C,0.0,NA,0.003851657034829259,549,1227,10053,579,0.8544487427466151,0.3091216216216216,0.4867021276595745,0.10877659574468085,0.8912234042553191
10632,YMR159C YGL090W,0.0,NA,0.003859249409288168,549,1226,10054,579,0.8545293359123146,0.3092957746478873,0.4867021276595745,0.10868794326241135,0.8913120567375886
10633,YML081C-A YJL083W,0.0,NA,0.003866989631205797,549,1225,10055,579,0.8546099290780141,0.30947012401352875,0.4867021276595745,0.10859929078014184,0.8914007092198581
10634,YAL048C YEL072W,0.0,NA,0.0038847147952765226,549,1224,10056,579,0.8546905222437138,0.3096446700507614,0.4867021276595745,0.10851063829787234,0.8914893617021277
10635,YDR317W YIL013C,0.0,NA,0.003905309597030282,549,1223,10057,579,0.8547711154094133,0.3098194130925508,0.4867021276595745,0.10842198581560283,0.8915780141843972
10636,YJL053W YDR128W,0.0,NA,0.003922326024621725,549,1222,10058,579,0.8548517085751128,0.30999435347261434,0.4867021276595745,0.10833333333333334,0.8916666666666667
10637,YNL289W YDR501W,0.0,NA,0.003941228613257408,549,1221,10059,579,0.8549323017408124,0.3101694915254237,0.4867021276595745,0.10824468085106383,0.8917553191489361
10638,YKL134C YFR018C,1.0,NA,0.003948151133954525,548,1221,10059,580,0.8548517085751128,0.30977953646127754,0.4858156028368794,0.10824468085106383,0.8917553191489361
10639,YDR257C YER026C,0.0,NA,0.003958532586693764,548,1220,10060,580,0.8549323017408124,0.30995475113122173,0.4858156028368794,0.10815602836879433,0.8918439716312057
10640,YBL100W-B YER078C,1.0,NA,0.003992435522377491,547,1220,10060,581,0.8548517085751128,0.309564233163554,0.4849290780141844,0.10815602836879433,0.8918439716312057
10641,YML127W YMR004W,0.0,NA,0.004012093413621187,547,1219,10061,581,0.8549323017408124,0.30973952434881086,0.4849290780141844,0.10806737588652482,0.8919326241134752
10642,YGL238W YPL174C,0.0,NA,0.004022472538053989,547,1218,10062,581,0.8550128949065119,0.30991501416430595,0.4849290780141844,0.10797872340425532,0.8920212765957447
10643,YJL099W YOR156C,0.0,NA,0.004070460330694914,547,1217,10063,581,0.8550934880722115,0.3100907029478458,0.4849290780141844,0.10789007092198581,0.8921099290780142
10644,YAR018C YNL131W,0.0,NA,0.004084648564457893,547,1216,10064,581,0.855174081237911,0.3102665910380034,0.4849290780141844,0.10780141843971631,0.8921985815602836
10645,YCR011C YLR262C,0.0,NA,0.004090711008757353,547,1215,10065,581,0.8552546744036106,0.3104426787741203,0.4849290780141844,0.1077127659574468,0.8922872340425532
10646,YDR460W YDR204W,0.0,NA,0.004095232114195824,547,1214,10066,581,0.8553352675693101,0.31061896649630893,0.4849290780141844,0.10762411347517731,0.8923758865248227
10647,YGL203C YER138C,1.0,NA,0.004102169070392847,546,1214,10066,582,0.8552546744036106,0.31022727272727274,0.48404255319148937,0.10762411347517731,0.8923758865248227
10648,YHR174W YGL101W,0.0,NA,0.004115044139325619,546,1213,10067,582,0.8553352675693101,0.31040363843092666,0.48404255319148937,0.1075354609929078,0.8924645390070922
10649,YOR195W YML105C,0.0,NA,0.004122486338019371,546,1212,10068,582,0.8554158607350096,0.310580204778157,0.48404255319148937,0.1074468085106383,0.8925531914893617
10650,YDR182W YPR007C,0.0,NA,0.004183413926512003,546,1211,10069,582,0.8554964539007093,0.3107569721115538,0.48404255319148937,0.10735815602836879,0.8926418439716312
10651,YGR037C YER150W,0.0,NA,0.004189548548310995,546,1210,10070,582,0.8555770470664088,0.3109339407744875,0.48404255319148937,0.10726950354609929,0.8927304964539007
10652,YMR264W YDL035C,0.0,NA,0.004203740507364273,546,1209,10071,582,0.8556576402321083,0.3111111111111111,0.48404255319148937,0.10718085106382978,0.8928191489361702
10653,YJL011C YBL020W,0.0,NA,0.004259043838828802,546,1208,10072,582,0.8557382333978079,0.3112884834663626,0.48404255319148937,0.10709219858156029,0.8929078014184397
10654,YHR083W YER122C,0.0,NA,0.00427069328725338,546,1207,10073,582,0.8558188265635074,0.3114660581859669,0.48404255319148937,0.10700354609929077,0.8929964539007093
10655,YDL147W YIR032C,0.0,NA,0.004292978905141354,546,1206,10074,582,0.8558994197292069,0.3116438356164384,0.48404255319148937,0.10691489361702128,0.8930851063829788
10656,YHR033W YPL159C,0.0,NA,0.004384652711451054,546,1205,10075,582,0.8559800128949066,0.3118218161050828,0.48404255319148937,0.10682624113475177,0.8931737588652482
10657,YFL056C YJR127C,0.0,NA,0.00439433054998517,546,1204,10076,582,0.8560606060606061,0.312,0.48404255319148937,0.10673758865248227,0.8932624113475177
10658,YGL224C YGL090W,0.0,NA,0.004441326018422842,546,1203,10077,582,0.8561411992263056,0.31217838765008576,0.48404255319148937,0.10664893617021276,0.8933510638297872
10659,YOR304C-A YDR532C,0.0,NA,0.004479058086872101,546,1202,10078,582,0.8562217923920051,0.3123569794050343,0.48404255319148937,0.10656028368794326,0.8934397163120568
10660,YMR150C YBL100W-B,1.0,NA,0.004517542198300362,545,1202,10078,583,0.8561411992263056,0.31196336576989125,0.48315602836879434,0.10656028368794326,0.8934397163120568
10661,YDR415C YJL113W,1.0,NA,0.004550565499812365,544,1202,10078,584,0.8560606060606061,0.3115693012600229,0.48226950354609927,0.10656028368794326,0.8934397163120568
10662,YNL239W YER138C,1.0,NA,0.004550574347376823,543,1202,10078,585,0.8559800128949066,0.3111747851002865,0.48138297872340424,0.10656028368794326,0.8934397163120568
10663,YDL106C YOR194C,0.0,NA,0.00456522312015295,543,1201,10079,585,0.8560606060606061,0.3113532110091743,0.48138297872340424,0.10647163120567375,0.8935283687943263
10664,YDR150W YNL042W,0.0,NA,0.00458607729524374,543,1200,10080,585,0.8561411992263056,0.31153184165232356,0.48138297872340424,0.10638297872340426,0.8936170212765957
10665,YFR006W YGL203C,1.0,NA,0.004587590228766203,542,1200,10080,586,0.8560606060606061,0.3111366245694604,0.4804964539007092,0.10638297872340426,0.8936170212765957
10666,YOR038C YNL030W,0.0,NA,0.0045932880602777,542,1199,10081,586,0.8561411992263056,0.3113153360137852,0.4804964539007092,0.10629432624113475,0.8937056737588652
10667,YOR195W YJL062W-A,0.0,NA,0.004602862522006035,542,1198,10082,586,0.8562217923920051,0.3114942528735632,0.4804964539007092,0.10620567375886525,0.8937943262411348
10668,YOR067C YML021C,0.0,NA,0.004618952516466379,542,1197,10083,586,0.8563023855577047,0.31167337550316276,0.4804964539007092,0.10611702127659574,0.8938829787234043
10669,YLR203C YNL122C,0.0,NA,0.004625634755939245,542,1196,10084,586,0.8563829787234043,0.31185270425776757,0.4804964539007092,0.10602836879432624,0.8939716312056738
10670,YML118W YBR213W,0.0,NA,0.004625922534614801,542,1195,10085,586,0.8564635718891038,0.3120322394933794,0.4804964539007092,0.10593971631205673,0.8940602836879432
10671,YKR042W YGL099W,0.0,NA,0.004664825741201639,542,1194,10086,586,0.8565441650548034,0.3122119815668203,0.4804964539007092,0.10585106382978723,0.8941489361702127
10672,YNL239W YPR024W,1.0,NA,0.004694052971899509,541,1194,10086,587,0.8564635718891038,0.31181556195965415,0.4796099290780142,0.10585106382978723,0.8941489361702127
10673,YLR375W YOL017W,0.0,NA,0.004794561769813299,541,1193,10087,587,0.8565441650548034,0.3119953863898501,0.4796099290780142,0.10576241134751774,0.8942375886524823
10674,YIL138C YJR044C,0.0,NA,0.004840084817260504,541,1192,10088,587,0.8566247582205029,0.31217541834968265,0.4796099290780142,0.10567375886524823,0.8943262411347518
10675,YLR445W YDR237W,0.0,NA,0.004852439276874065,541,1191,10089,587,0.8567053513862024,0.3123556581986143,0.4796099290780142,0.10558510638297873,0.8944148936170213
10676,YGR060W YFL042C,0.0,NA,0.00495609687641263,541,1190,10090,587,0.856785944551902,0.3125361062969382,0.4796099290780142,0.10549645390070922,0.8945035460992907
10677,YOR291W YNR009W,0.0,NA,0.004970433656126261,541,1189,10091,587,0.8568665377176016,0.31271676300578033,0.4796099290780142,0.10540780141843972,0.8945921985815602
10678,YLR176C YDR379W,0.0,NA,0.0051465160213410854,541,1188,10092,587,0.8569471308833011,0.31289762868710236,0.4796099290780142,0.10531914893617021,0.8946808510638298
10679,YGR134W YKL039W,0.0,NA,0.005155613180249929,541,1187,10093,587,0.8570277240490006,0.3130787037037037,0.4796099290780142,0.10523049645390072,0.8947695035460993
10680,YOR172W YGL257C,0.0,NA,0.005155803635716438,541,1186,10094,587,0.8571083172147002,0.3132599884192241,0.4796099290780142,0.1051418439716312,0.8948581560283688
10681,YOR391C YER143W,1.0,NA,0.005162250250577927,540,1186,10094,588,0.8570277240490006,0.3128621089223638,0.4787234042553192,0.1051418439716312,0.8948581560283688
10682,YDR027C YMR004W,0.0,NA,0.005179452244192362,540,1185,10095,588,0.8571083172147002,0.3130434782608696,0.4787234042553192,0.10505319148936171,0.8949468085106383
10683,YKL196C YDL208W,0.0,NA,0.005210353992879391,540,1184,10096,588,0.8571889103803998,0.31322505800464034,0.4787234042553192,0.1049645390070922,0.8950354609929078
10684,YDR079C-A YOL091W,0.0,NA,0.005227730609476566,540,1183,10097,588,0.8572695035460993,0.3134068485200232,0.4787234042553192,0.1048758865248227,0.8951241134751773
10685,YDR227W YLR445W,0.0,NA,0.0052615138702094555,540,1182,10098,588,0.8573500967117988,0.313588850174216,0.4787234042553192,0.10478723404255319,0.8952127659574468
10686,YMR150C YFR052W,1.0,NA,0.005308512598276138,539,1182,10098,589,0.8572695035460993,0.31319000581057527,0.4778368794326241,0.10478723404255319,0.8952127659574468
10687,YIL041W YDR479C,0.0,NA,0.005401202477514744,539,1181,10099,589,0.8573500967117988,0.3133720930232558,0.4778368794326241,0.1046985815602837,0.8953014184397163
10688,YNL121C YJR118C,0.0,NA,0.005402007140219212,539,1180,10100,589,0.8574306898774984,0.3135543920884235,0.4778368794326241,0.10460992907801418,0.8953900709219859
10689,YPL094C YOR107W,0.0,NA,0.005403723567724228,539,1179,10101,589,0.8575112830431979,0.3137369033760186,0.4778368794326241,0.10452127659574469,0.8954787234042553
10690,YML081C-A YDL229W,0.0,NA,0.005436378996819258,539,1178,10102,589,0.8575918762088974,0.31391962725684336,0.4778368794326241,0.10443262411347518,0.8955673758865248
10691,YGL094C YGL195W,0.0,NA,0.005474443547427654,539,1177,10103,589,0.8576724693745971,0.3141025641025641,0.4778368794326241,0.10434397163120568,0.8956560283687943
10692,YBL047C YGL238W,0.0,NA,0.00548755656927824,539,1176,10104,589,0.8577530625402966,0.3142857142857143,0.4778368794326241,0.10425531914893617,0.8957446808510638
10693,YGR046W YER101C,0.0,NA,0.005494139157235622,539,1175,10105,589,0.8578336557059961,0.3144690781796966,0.4778368794326241,0.10416666666666667,0.8958333333333334
10694,YLR223C YJR094W-A,0.0,NA,0.005529272370040417,539,1174,10106,589,0.8579142488716957,0.31465265615878574,0.4778368794326241,0.10407801418439716,0.8959219858156028
10695,YDR496C YDR341C,0.0,NA,0.005578425247222185,539,1173,10107,589,0.8579948420373952,0.3148364485981308,0.4778368794326241,0.10398936170212766,0.8960106382978723
10696,YMR142C YDR038C,0.0,NA,0.005611630156636238,539,1172,10108,589,0.8580754352030948,0.31502045587375804,0.4778368794326241,0.10390070921985815,0.8960992907801418
10697,YCR041W YDL174C,0.0,NA,0.005614171735942364,539,1171,10109,589,0.8581560283687943,0.3152046783625731,0.4778368794326241,0.10381205673758866,0.8961879432624114
10698,YMR015C YPR032W,0.0,NA,0.005650258157402277,539,1170,10110,589,0.8582366215344939,0.31538911644236395,0.4778368794326241,0.10372340425531915,0.8962765957446809
10699,YOL017W YKL096W,0.0,NA,0.005694453604519367,539,1169,10111,589,0.8583172147001934,0.3155737704918033,0.4778368794326241,0.10363475177304965,0.8963652482269504
10700,YKR055W YLR104W,0.0,NA,0.005704403389245272,539,1168,10112,589,0.8583978078658929,0.3157586408904511,0.4778368794326241,0.10354609929078014,0.8964539007092198
10701,YNL088W YBR276C,0.0,NA,0.005724581889808178,539,1167,10113,589,0.8584784010315926,0.3159437280187573,0.4778368794326241,0.10345744680851064,0.8965425531914893
10702,YJR084W YJR122W,0.0,NA,0.005808782298117876,539,1166,10114,589,0.8585589941972921,0.3161290322580645,0.4778368794326241,0.10336879432624113,0.8966312056737589
10703,YJR135W-A YLR005W,0.0,NA,0.005967692472040653,539,1165,10115,589,0.8586395873629916,0.3163145539906103,0.4778368794326241,0.10328014184397163,0.8967198581560284
10704,YBR203W YEL071W,0.0,NA,0.00598550820723176,539,1164,10116,589,0.8587201805286911,0.31650029359953025,0.4778368794326241,0.10319148936170212,0.8968085106382979
10705,YPL218W YNR076W,0.0,NA,0.006102598272264004,539,1163,10117,589,0.8588007736943907,0.31668625146886015,0.4778368794326241,0.10310283687943263,0.8968971631205673
10706,YPL265W YGL240W,0.0,NA,0.006533620413392782,539,1162,10118,589,0.8588813668600903,0.3168724279835391,0.4778368794326241,0.10301418439716312,0.8969858156028369
10707,YDR162C YHR055C,0.0,NA,0.006534399930387735,539,1161,10119,589,0.8589619600257898,0.3170588235294118,0.4778368794326241,0.10292553191489362,0.8970744680851064
10708,YNL201C YKL207W,0.0,NA,0.0065366849303245544,539,1160,10120,589,0.8590425531914894,0.31724543849323134,0.4778368794326241,0.10283687943262411,0.8971631205673759
10709,YIL109C YKL220C,0.0,NA,0.006554079707711935,539,1159,10121,589,0.8591231463571889,0.31743227326266193,0.4778368794326241,0.10274822695035461,0.8972517730496454
10710,YHR127W YBR083W,0.0,NA,0.006583328824490309,539,1158,10122,589,0.8592037395228884,0.3176193282262817,0.4778368794326241,0.1026595744680851,0.8973404255319148
10711,YJL053W YBL011W,0.0,NA,0.006601500324904919,539,1157,10123,589,0.8592843326885881,0.3178066037735849,0.4778368794326241,0.1025709219858156,0.8974290780141844
10712,YNL299W YBR057C,0.0,NA,0.006673054303973913,539,1156,10124,589,0.8593649258542876,0.31799410029498526,0.4778368794326241,0.1024822695035461,0.8975177304964539
10713,YPR003C YMR280C,0.0,NA,0.006714804098010063,539,1155,10125,589,0.8594455190199871,0.3181818181818182,0.4778368794326241,0.1023936170212766,0.8976063829787234
10714,YGL238W YMR211W,0.0,NA,0.006876631639897823,539,1154,10126,589,0.8595261121856866,0.31836975782634375,0.4778368794326241,0.10230496453900709,0.8976950354609929
10715,YHL031C YPR032W,0.0,NA,0.006932519841939211,539,1153,10127,589,0.8596067053513862,0.3185579196217494,0.4778368794326241,0.10221631205673759,0.8977836879432625
10716,YLR258W YIL033C,0.0,NA,0.006942089181393385,539,1152,10128,589,0.8596872985170857,0.3187463039621526,0.4778368794326241,0.10212765957446808,0.8978723404255319
10717,YDL217C YNL119W,0.0,NA,0.006993363611400127,539,1151,10129,589,0.8597678916827853,0.31893491124260354,0.4778368794326241,0.10203900709219858,0.8979609929078014
10718,YBR083W YJL074C,0.0,NA,0.006999388802796602,539,1150,10130,589,0.8598484848484849,0.3191237418590882,0.4778368794326241,0.10195035460992907,0.8980496453900709
10719,YMR159C YDR027C,0.0,NA,0.007070868741720915,539,1149,10131,589,0.8599290780141844,0.3193127962085308,0.4778368794326241,0.10186170212765958,0.8981382978723405
10720,YKL188C YER167W,0.0,NA,0.0071782441809773445,539,1148,10132,589,0.8600096711798839,0.31950207468879666,0.4778368794326241,0.10177304964539007,0.89822695035461
10721,YBR035C YKL135C,0.0,NA,0.007185337133705616,539,1147,10133,589,0.8600902643455834,0.31969157769869516,0.4778368794326241,0.10168439716312057,0.8983156028368794
10722,YOR038C YLR350W,0.0,NA,0.007419082801789045,539,1146,10134,589,0.8601708575112831,0.31988130563798217,0.4778368794326241,0.10159574468085106,0.8984042553191489
10723,YMR119W YNL052W,0.0,NA,0.00746147008612752,539,1145,10135,589,0.8602514506769826,0.32007125890736343,0.4778368794326241,0.10150709219858156,0.8984929078014184
10724,YMR150C YER078C,1.0,NA,0.007492798380553722,538,1145,10135,590,0.8601708575112831,0.3196672608437314,0.4769503546099291,0.10150709219858156,0.8984929078014184
10725,YDL104C YJL113W,1.0,NA,0.007518963422626257,537,1145,10135,591,0.8600902643455834,0.3192627824019025,0.47606382978723405,0.10150709219858156,0.8984929078014184
10726,YOR393W YPL274W,0.0,NA,0.0076134102419018745,537,1144,10136,591,0.8601708575112831,0.3194527067221892,0.47606382978723405,0.10141843971631205,0.898581560283688
10727,YBR114W YKR096W,0.0,NA,0.007665892597287893,537,1143,10137,591,0.8602514506769826,0.3196428571428571,0.47606382978723405,0.10132978723404255,0.8986702127659575
10728,YIL042C YGR213C,0.0,NA,0.007699573878198862,537,1142,10138,591,0.8603320438426821,0.31983323406789754,0.47606382978723405,0.10124113475177304,0.8987588652482269
10729,YBL005W-B YER143W,1.0,NA,0.007705379277467728,536,1142,10138,592,0.8602514506769826,0.31942789034564956,0.475177304964539,0.10124113475177304,0.8987588652482269
10730,YEL069C YOR069W,0.0,NA,0.007780231069773436,536,1141,10139,592,0.8603320438426821,0.31961836612999406,0.475177304964539,0.10115248226950355,0.8988475177304964
10731,YDL083C YAR066W,0.0,NA,0.007815389893949032,536,1140,10140,592,0.8604126370083817,0.3198090692124105,0.475177304964539,0.10106382978723404,0.898936170212766
10732,YCR066W YLR350W,0.0,NA,0.007953318767249584,536,1139,10141,592,0.8604932301740812,0.32,0.475177304964539,0.10097517730496454,0.8990248226950355
10733,YOR065W YPL240C,0.0,NA,0.007987004704773426,536,1138,10142,592,0.8605738233397808,0.3201911589008363,0.475177304964539,0.10088652482269504,0.899113475177305
10734,YKL039W YBR204C,0.0,NA,0.008098221383988857,536,1137,10143,592,0.8606544165054804,0.3203825463239689,0.475177304964539,0.10079787234042553,0.8992021276595744
10735,YOL123W YAL017W,0.0,NA,0.008162890560925007,536,1136,10144,592,0.8607350096711799,0.32057416267942584,0.475177304964539,0.10070921985815603,0.8992907801418439
10736,YDR479C YAL027W,0.0,NA,0.008176556788384914,536,1135,10145,592,0.8608156028368794,0.3207660083782166,0.475177304964539,0.10062056737588652,0.8993794326241135
10737,YLR387C YFL052W,0.0,NA,0.008213542401790619,536,1134,10146,592,0.8608961960025789,0.3209580838323353,0.475177304964539,0.10053191489361703,0.899468085106383
10738,YLR189C YEL065W,0.0,NA,0.008277944289147854,536,1133,10147,592,0.8609767891682786,0.3211503894547633,0.475177304964539,0.10044326241134752,0.8995567375886525
10739,YPR043W YKR063C,0.0,NA,0.008346526883542538,536,1132,10148,592,0.8610573823339781,0.3213429256594724,0.475177304964539,0.10035460992907802,0.899645390070922
10740,YGR097W YDR350C,0.0,NA,0.00841045193374157,536,1131,10149,592,0.8611379754996776,0.3215356928614277,0.475177304964539,0.10026595744680851,0.8997340425531914
10741,YPR072W YNL242W,0.0,NA,0.008450743742287159,536,1130,10150,592,0.8612185686653772,0.3217286914765906,0.475177304964539,0.10017730496453901,0.899822695035461
10742,YOL153C YFL029C,0.0,NA,0.008461850695312023,536,1129,10151,592,0.8612991618310767,0.3219219219219219,0.475177304964539,0.1000886524822695,0.8999113475177305
10743,YKL173W YBL011W,0.0,NA,0.008532721549272537,536,1128,10152,592,0.8613797549967763,0.32211538461538464,0.475177304964539,0.1,0.9
10744,YKL173W YMR220W,0.0,NA,0.008546916767954826,536,1127,10153,592,0.8614603481624759,0.3223090799759471,0.475177304964539,0.0999113475177305,0.9000886524822695
10745,YCR053W YML132W,0.0,NA,0.008552243933081627,536,1126,10154,592,0.8615409413281754,0.32250300842358604,0.475177304964539,0.099822695035461,0.900177304964539
10746,YOR192C YJL019W,0.0,NA,0.008563980460166931,536,1125,10155,592,0.8616215344938749,0.3226971703792896,0.475177304964539,0.09973404255319149,0.9002659574468085
10747,YIL108W YPR024W,1.0,NA,0.008630038239061832,535,1125,10155,593,0.8615409413281754,0.32228915662650603,0.47429078014184395,0.09973404255319149,0.9002659574468085
10748,YPL007C YGR132C,0.0,NA,0.008644623681902885,535,1124,10156,593,0.8616215344938749,0.32248342374924654,0.47429078014184395,0.09964539007092199,0.900354609929078
10749,YBR059C YMR122W-A,0.0,NA,0.00864747166633606,535,1123,10157,593,0.8617021276595744,0.3226779252110977,0.47429078014184395,0.09955673758865248,0.9004432624113475
10750,YLR375W YJR144W,0.0,NA,0.008871237747371197,535,1122,10158,593,0.861782720825274,0.3228726614363307,0.47429078014184395,0.09946808510638298,0.9005319148936171
10751,YFR052W YLR163C,1.0,NA,0.009014829993247986,534,1122,10158,594,0.8617021276595744,0.322463768115942,0.4734042553191489,0.09946808510638298,0.9005319148936171
10752,YNL320W YDR257C,0.0,NA,0.009061209857463837,534,1121,10159,594,0.861782720825274,0.32265861027190335,0.4734042553191489,0.09937943262411347,0.9006205673758865
10753,YKL219W YOR349W,0.0,NA,0.00912664644420147,534,1120,10160,594,0.8618633139909736,0.32285368802902054,0.4734042553191489,0.09929078014184398,0.900709219858156
10754,YER094C YBL100W-B,1.0,NA,0.00915613304823637,533,1120,10160,595,0.861782720825274,0.32244404113732605,0.4725177304964539,0.09929078014184398,0.900709219858156
10755,YER177W YJR090C,0.0,NA,0.009356106631457806,533,1119,10161,595,0.8618633139909736,0.32263922518159804,0.4725177304964539,0.09920212765957447,0.9007978723404255
10756,YKR078W YDL238C,0.0,NA,0.009521194733679295,533,1118,10162,595,0.8619439071566731,0.3228346456692913,0.4725177304964539,0.09911347517730497,0.900886524822695
10757,YOR228C YDL126C,0.0,NA,0.009543867781758308,533,1117,10163,595,0.8620245003223727,0.32303030303030306,0.4725177304964539,0.09902482269503546,0.9009751773049646
10758,YPL007C YMR166C,0.0,NA,0.009786847047507763,533,1116,10164,595,0.8621050934880722,0.3232261976955731,0.4725177304964539,0.09893617021276596,0.9010638297872341
10759,YCL029C YFL042C,0.0,NA,0.009910478256642818,533,1115,10165,595,0.8621856866537717,0.3234223300970874,0.4725177304964539,0.09884751773049645,0.9011524822695035
10760,YGR144W YDR350C,0.0,NA,0.009962980635464191,533,1114,10166,595,0.8622662798194713,0.323618700667881,0.4725177304964539,0.09875886524822695,0.901241134751773
10761,YJR118C YKL051W,0.0,NA,0.010218662209808826,533,1113,10167,595,0.8623468729851709,0.3238153098420413,0.4725177304964539,0.09867021276595744,0.9013297872340426
10762,YGR098C YPR103W,1.0,NA,0.010287548415362835,532,1113,10167,596,0.8622662798194713,0.32340425531914896,0.4716312056737589,0.09867021276595744,0.9013297872340426
10763,YDR427W YHR059W,0.0,NA,0.010395272634923458,532,1112,10168,596,0.8623468729851709,0.3236009732360097,0.4716312056737589,0.09858156028368795,0.9014184397163121
10764,YGL005C YBR173C,0.0,NA,0.010434258729219437,532,1111,10169,596,0.8624274661508704,0.32379793061472917,0.4716312056737589,0.09849290780141844,0.9015070921985816
10765,YJL099W YOR125C,0.0,NA,0.010469051077961922,532,1110,10170,596,0.8625080593165699,0.32399512789281365,0.4716312056737589,0.09840425531914894,0.901595744680851
10766,YOR065W YLR445W,0.0,NA,0.010531033389270306,532,1109,10171,596,0.8625886524822695,0.3241925655088361,0.4716312056737589,0.09831560283687943,0.9016843971631205
10767,YIL091C YOR051C,0.0,NA,0.010537867434322834,532,1108,10172,596,0.8626692456479691,0.32439024390243903,0.4716312056737589,0.09822695035460993,0.9017730496453901
10768,YPL250C YOR064C,0.0,NA,0.01059229951351881,532,1107,10173,596,0.8627498388136686,0.324588163514338,0.4716312056737589,0.09813829787234042,0.9018617021276596
10769,YDL035C YML098W,0.0,NA,0.01077729556709528,532,1106,10174,596,0.8628304319793682,0.3247863247863248,0.4716312056737589,0.09804964539007092,0.9019503546099291
10770,YHR068W YPL199C,0.0,NA,0.010837672278285027,532,1105,10175,596,0.8629110251450677,0.3249847281612706,0.4716312056737589,0.09796099290780141,0.9020390070921985
10771,YNL264C YFL052W,0.0,NA,0.01089861523360014,532,1104,10176,596,0.8629916183107672,0.3251833740831296,0.4716312056737589,0.09787234042553192,0.902127659574468
10772,YKR103W YCR040W,0.0,NA,0.011050841771066189,532,1103,10177,596,0.8630722114764668,0.3253822629969419,0.4716312056737589,0.0977836879432624,0.9022163120567376
10773,YPL007C YLR332W,0.0,NA,0.011056591756641865,532,1102,10178,596,0.8631528046421664,0.32558139534883723,0.4716312056737589,0.09769503546099291,0.9023049645390071
10774,YPR003C YDR422C,0.0,NA,0.011290506459772587,532,1101,10179,596,0.8632333978078659,0.32578077158603796,0.4716312056737589,0.0976063829787234,0.9023936170212766
10775,YPR103W YBL100W-B,1.0,NA,0.011321250349283218,531,1101,10179,597,0.8631528046421664,0.32536764705882354,0.47074468085106386,0.0976063829787234,0.9023936170212766
10776,YBL011W YNL042W,0.0,NA,0.011350760236382484,531,1100,10180,597,0.8632333978078659,0.325567136725935,0.47074468085106386,0.0975177304964539,0.9024822695035462
10777,YGR184C YIR034C,0.0,NA,0.011369600892066956,531,1099,10181,597,0.8633139909735654,0.3257668711656442,0.47074468085106386,0.09742907801418439,0.9025709219858156
10778,YER160C YDR434W,1.0,NA,0.011576855555176735,530,1099,10181,598,0.8632333978078659,0.32535297728667895,0.4698581560283688,0.09742907801418439,0.9025709219858156
10779,YDR128W YGR084C,0.0,NA,0.011740622110664845,530,1098,10182,598,0.8633139909735654,0.32555282555282555,0.4698581560283688,0.0973404255319149,0.9026595744680851
10780,YBL100W-B YJL172W,1.0,NA,0.011804301291704178,529,1098,10182,599,0.8632333978078659,0.3251382913337431,0.46897163120567376,0.0973404255319149,0.9026595744680851
10781,YJR046W YBR275C,0.0,NA,0.012013829313218594,529,1097,10183,599,0.8633139909735654,0.3253382533825338,0.46897163120567376,0.09725177304964538,0.9027482269503546
10782,YJR120W YDL170W,0.0,NA,0.012035774998366833,529,1096,10184,599,0.863394584139265,0.32553846153846155,0.46897163120567376,0.09716312056737589,0.9028368794326241
10783,YDR517W YGR224W,0.0,NA,0.01209599245339632,529,1095,10185,599,0.8634751773049646,0.32573891625615764,0.46897163120567376,0.09707446808510638,0.9029255319148937
10784,YGR034W YCR033W,0.0,NA,0.012188384309411049,529,1094,10186,599,0.8635557704706641,0.325939617991374,0.46897163120567376,0.09698581560283688,0.9030141843971631
10785,YML100W YGR042W,0.0,NA,0.012346167117357254,529,1093,10187,599,0.8636363636363636,0.32614056720098644,0.46897163120567376,0.09689716312056737,0.9031028368794326
10786,YNL199C YNL084C,0.0,NA,0.01240643858909607,529,1092,10188,599,0.8637169568020632,0.32634176434299816,0.46897163120567376,0.09680851063829787,0.9031914893617021
10787,YDR212W YLR401C,0.0,NA,0.012844911776483059,529,1091,10189,599,0.8637975499677627,0.32654320987654323,0.46897163120567376,0.09671985815602836,0.9032801418439717
10788,YGR037C YNL178W,0.0,NA,0.012901075184345245,529,1090,10190,599,0.8638781431334622,0.32674490426189007,0.46897163120567376,0.09663120567375887,0.9033687943262412
10789,YOR391C YBL100W-B,1.0,NA,0.012944217771291733,528,1090,10190,600,0.8637975499677627,0.3263288009888752,0.46808510638297873,0.09663120567375887,0.9033687943262412
10790,YLR137W YLR298C,0.0,NA,0.012995212338864803,528,1089,10191,600,0.8638781431334622,0.32653061224489793,0.46808510638297873,0.09654255319148936,0.9034574468085106
10791,YHR112C YOR090C,0.0,NA,0.013012593612074852,528,1088,10192,600,0.8639587362991619,0.32673267326732675,0.46808510638297873,0.09645390070921986,0.9035460992907801
10792,YMR065W YLL013C,0.0,NA,0.013187851756811142,528,1087,10193,600,0.8640393294648614,0.3269349845201238,0.46808510638297873,0.09636524822695035,0.9036347517730496
10793,YHR037W YKL168C,0.0,NA,0.013328715227544308,528,1086,10194,600,0.8641199226305609,0.3271375464684015,0.46808510638297873,0.09627659574468085,0.9037234042553192
10794,YNL291C YNL122C,0.0,NA,0.013389107771217823,528,1085,10195,600,0.8642005157962604,0.3273403595784253,0.46808510638297873,0.09618794326241134,0.9038120567375887
10795,YEL012W YLR298C,0.0,NA,0.013654342852532864,528,1084,10196,600,0.86428110896196,0.32754342431761785,0.46808510638297873,0.09609929078014184,0.9039007092198581
10796,YLR091W YBR126W-A,0.0,NA,0.01369303185492754,528,1083,10197,600,0.8643617021276596,0.32774674115456237,0.46808510638297873,0.09601063829787235,0.9039893617021276
10797,YCL021W-A YKR054C,0.0,NA,0.013754449784755707,528,1082,10198,600,0.8644422952933591,0.3279503105590062,0.46808510638297873,0.09592198581560284,0.9040780141843971
10798,YPR026W YHR037W,0.0,NA,0.013759496621787548,528,1081,10199,600,0.8645228884590587,0.3281541330018645,0.46808510638297873,0.09583333333333334,0.9041666666666667
10799,YGR037C YCR105W,0.0,NA,0.013819043524563313,528,1080,10200,600,0.8646034816247582,0.3283582089552239,0.46808510638297873,0.09574468085106383,0.9042553191489362
10800,YER151C YJL113W,1.0,NA,0.013950212858617306,527,1080,10200,601,0.8645228884590587,0.327940261356565,0.4671985815602837,0.09574468085106383,0.9042553191489362
10801,YJL113W YFR052W,1.0,NA,0.014151768758893013,526,1080,10200,602,0.8644422952933591,0.3275217932752179,0.46631205673758863,0.09574468085106383,0.9042553191489362
10802,YGR262C YDR363W-A,0.0,NA,0.014168549329042435,526,1079,10201,602,0.8645228884590587,0.32772585669781934,0.46631205673758863,0.09565602836879433,0.9043439716312057
10803,YLR157C YML128C,0.0,NA,0.014303491450846195,526,1078,10202,602,0.8646034816247582,0.327930174563591,0.46631205673758863,0.09556737588652482,0.9044326241134751
10804,YBR059C YDR347W,0.0,NA,0.014353225007653236,526,1077,10203,602,0.8646840747904577,0.32813474734872117,0.46631205673758863,0.09547872340425533,0.9045212765957447
10805,YHR067W YKL028W,0.0,NA,0.014587445184588432,526,1076,10204,602,0.8647646679561574,0.3283395755305868,0.46631205673758863,0.09539007092198581,0.9046099290780142
10806,YIL108W YIR039C,1.0,NA,0.014928421005606651,525,1076,10204,603,0.8646840747904577,0.3279200499687695,0.4654255319148936,0.09539007092198581,0.9046099290780142
10807,YKL204W YGR038W,0.0,NA,0.014957472681999207,525,1075,10205,603,0.8647646679561574,0.328125,0.4654255319148936,0.09530141843971632,0.9046985815602837
10808,YLR085C YLR307W,0.0,NA,0.014974499121308327,525,1074,10206,603,0.8648452611218569,0.32833020637898686,0.4654255319148936,0.09521276595744681,0.9047872340425532
10809,YIL108W YBL100W-B,1.0,NA,0.01504787988960743,524,1074,10206,604,0.8647646679561574,0.327909887359199,0.4645390070921986,0.09521276595744681,0.9047872340425532
10810,YGL220W YGL005C,0.0,NA,0.0151907317340374,524,1073,10207,604,0.8648452611218569,0.32811521603005633,0.4645390070921986,0.09512411347517731,0.9048758865248226
10811,YLR245C YGR013W,0.0,NA,0.015234200283885002,524,1072,10208,604,0.8649258542875564,0.3283208020050125,0.4645390070921986,0.0950354609929078,0.9049645390070922
10812,YGL065C YCR065W,0.0,NA,0.015248686075210571,524,1071,10209,604,0.8650064474532559,0.3285266457680251,0.4645390070921986,0.0949468085106383,0.9050531914893617
10813,YCL047C YHR030C,0.0,NA,0.01569763571023941,524,1070,10210,604,0.8650870406189555,0.328732747804266,0.4645390070921986,0.09485815602836879,0.9051418439716312
10814,YJR090C YPL190C,0.0,NA,0.01580282486975193,524,1069,10211,604,0.8651676337846551,0.32893910860012554,0.4645390070921986,0.0947695035460993,0.9052304964539007
10815,YCR041W YLR113W,0.0,NA,0.01580306887626648,524,1068,10212,604,0.8652482269503546,0.32914572864321606,0.4645390070921986,0.09468085106382979,0.9053191489361702
10816,YPL265W YOR316C,0.0,NA,0.01646064780652523,524,1067,10213,604,0.8653288201160542,0.32935260842237585,0.4645390070921986,0.09459219858156029,0.9054078014184397
10817,YLR362W YNL103W,0.0,NA,0.016472145915031433,524,1066,10214,604,0.8654094132817537,0.32955974842767294,0.4645390070921986,0.09450354609929078,0.9054964539007092
10818,YOR065W YPL121C,0.0,NA,0.016517871990799904,524,1065,10215,604,0.8654900064474532,0.32976714915040906,0.4645390070921986,0.09441489361702128,0.9055851063829787
10819,YNL181W YMR313C,0.0,NA,0.016553115099668503,524,1064,10216,604,0.8655705996131529,0.32997481108312343,0.4645390070921986,0.09432624113475177,0.9056737588652483
10820,YLR034C YMR125W,0.0,NA,0.016923287883400917,524,1063,10217,604,0.8656511927788524,0.33018273471959675,0.4645390070921986,0.09423758865248227,0.9057624113475178
10821,YNL240C YHR030C,0.0,NA,0.017067566514015198,524,1062,10218,604,0.8657317859445519,0.33039092055485497,0.4645390070921986,0.09414893617021276,0.9058510638297872
10822,YIL147C YBR038W,0.0,NA,0.01712951250374317,524,1061,10219,604,0.8658123791102514,0.3305993690851735,0.4645390070921986,0.09406028368794327,0.9059397163120567
10823,YGR171C YNL052W,0.0,NA,0.017132772132754326,524,1060,10220,604,0.865892972275951,0.33080808080808083,0.4645390070921986,0.09397163120567376,0.9060283687943262
10824,YOR067C YDR427W,0.0,NA,0.01721520535647869,524,1059,10221,604,0.8659735654416505,0.3310170562223626,0.4645390070921986,0.09388297872340426,0.9061170212765958
10825,YPR024W YJR126C,1.0,NA,0.017403244972229004,523,1059,10221,605,0.865892972275951,0.3305941845764855,0.46365248226950356,0.09388297872340426,0.9061170212765958
10826,YNL191W YER138C,1.0,NA,0.017626380547881126,522,1059,10221,606,0.8658123791102514,0.3301707779886148,0.4627659574468085,0.09388297872340426,0.9061170212765958
10827,YOR116C YOL125W,0.0,NA,0.01792658492922783,522,1058,10222,606,0.865892972275951,0.330379746835443,0.4627659574468085,0.09379432624113475,0.9062056737588653
10828,YDR536W YPL016W,0.0,NA,0.018032312393188477,522,1057,10223,606,0.8659735654416505,0.3305889803673211,0.4627659574468085,0.09370567375886525,0.9062943262411347
10829,YDL001W YJL078C,0.0,NA,0.018226223066449165,522,1056,10224,606,0.8660541586073501,0.33079847908745247,0.4627659574468085,0.09361702127659574,0.9063829787234042
10830,YOR257W YER100W,0.0,NA,0.01836252398788929,522,1055,10225,606,0.8661347517730497,0.33100824350031705,0.4627659574468085,0.09352836879432624,0.9064716312056738
10831,YMR028W YBL008W,0.0,NA,0.018487222492694855,522,1054,10226,606,0.8662153449387492,0.33121827411167515,0.4627659574468085,0.09343971631205673,0.9065602836879433
10832,YGR165W YDR204W,0.0,NA,0.018796462565660477,522,1053,10227,606,0.8662959381044487,0.3314285714285714,0.4627659574468085,0.09335106382978724,0.9066489361702128
10833,YIR039C YBL005W-B,1.0,NA,0.01882326789200306,521,1053,10227,607,0.8662153449387492,0.3310038119440915,0.46187943262411346,0.09335106382978724,0.9066489361702128
10834,YPR031W YOR272W,0.0,NA,0.01884562335908413,521,1052,10228,607,0.8662959381044487,0.3312142403051494,0.46187943262411346,0.09326241134751773,0.9067375886524822
10835,YJR153W YPR031W,0.0,NA,0.019213203340768814,521,1051,10229,607,0.8663765312701482,0.33142493638676845,0.46187943262411346,0.09317375886524823,0.9068262411347517
10836,YBR245C YGL236C,0.0,NA,0.019533401355147362,521,1050,10230,607,0.8664571244358479,0.33163590070019094,0.46187943262411346,0.09308510638297872,0.9069148936170213
10837,YIL087C YKL007W,0.0,NA,0.019597137346863747,521,1049,10231,607,0.8665377176015474,0.33184713375796177,0.46187943262411346,0.09299645390070922,0.9070035460992908
10838,YBL079W YBL011W,0.0,NA,0.01990734599530697,521,1048,10232,607,0.8666183107672469,0.33205863607393243,0.46187943262411346,0.09290780141843971,0.9070921985815603
10839,YDL001W YGL247W,0.0,NA,0.019987240433692932,521,1047,10233,607,0.8666989039329465,0.3322704081632653,0.46187943262411346,0.09281914893617021,0.9071808510638298
10840,YNL191W YBL005W-B,1.0,NA,0.02001604624092579,520,1047,10233,608,0.8666183107672469,0.3318442884492661,0.46099290780141844,0.09281914893617021,0.9071808510638298
10841,YDR237W YNL307C,0.0,NA,0.02006123960018158,520,1046,10234,608,0.8666989039329465,0.33205619412515963,0.46099290780141844,0.0927304964539007,0.9072695035460993
10842,YJR134C YBR275C,0.0,NA,0.020267756655812263,520,1045,10235,608,0.866779497098646,0.33226837060702874,0.46099290780141844,0.09264184397163121,0.9073581560283688
10843,YER078C YFR052W,1.0,NA,0.020374611020088196,519,1045,10235,609,0.8666989039329465,0.33184143222506396,0.4601063829787234,0.09264184397163121,0.9073581560283688
10844,YEL020C YIL169C,0.0,NA,0.020561616867780685,519,1044,10236,609,0.866779497098646,0.33205374280230326,0.4601063829787234,0.0925531914893617,0.9074468085106383
10845,YAR027W YOR349W,0.0,NA,0.020592713728547096,519,1043,10237,609,0.8668600902643456,0.3322663252240717,0.4601063829787234,0.0924645390070922,0.9075354609929078
10846,YGR048W YCR040W,0.0,NA,0.021007783710956573,519,1042,10238,609,0.8669406834300452,0.3324791800128123,0.4601063829787234,0.09237588652482269,0.9076241134751774
10847,YOR075W YNL156C,0.0,NA,0.021272122859954834,519,1041,10239,609,0.8670212765957447,0.3326923076923077,0.4601063829787234,0.09228723404255319,0.9077127659574468
10848,YJL063C YJL201W,0.0,NA,0.02216913178563118,519,1040,10240,609,0.8671018697614442,0.33290570878768444,0.4601063829787234,0.09219858156028368,0.9078014184397163
10849,YJR126C YER143W,1.0,NA,0.022386716678738594,518,1040,10240,610,0.8670212765957447,0.3324775353016688,0.4592198581560284,0.09219858156028368,0.9078014184397163
10850,YDR394W YJL113W,1.0,NA,0.022911174222826958,517,1040,10240,611,0.8669406834300452,0.33204881181759793,0.4583333333333333,0.09219858156028368,0.9078014184397163
10851,YNL271C YOL091W,0.0,NA,0.023133624345064163,517,1039,10241,611,0.8670212765957447,0.33226221079691515,0.4583333333333333,0.09210992907801419,0.9078900709219858
10852,YJL113W YKL134C,1.0,NA,0.02323017083108425,516,1039,10241,612,0.8669406834300452,0.33183279742765276,0.4574468085106383,0.09210992907801419,0.9078900709219858
10853,YNL239W YBL005W-B,1.0,NA,0.023418182507157326,515,1039,10241,613,0.8668600902643456,0.3314028314028314,0.45656028368794327,0.09210992907801419,0.9078900709219858
10854,YOR075W YOR304C-A,0.0,NA,0.023525377735495567,515,1038,10242,613,0.8669406834300452,0.33161622665808116,0.45656028368794327,0.09202127659574467,0.9079787234042553
10855,YJL062W-A YOR059C,0.0,NA,0.02364414930343628,515,1037,10243,613,0.8670212765957447,0.3318298969072165,0.45656028368794327,0.09193262411347518,0.9080673758865249
10856,YCL031C YNL309W,0.0,NA,0.023731829598546028,515,1036,10244,613,0.8671018697614442,0.33204384268214054,0.45656028368794327,0.09184397163120567,0.9081560283687943
10857,YML057W YMR065W,0.0,NA,0.023824473842978477,515,1035,10245,613,0.8671824629271437,0.33225806451612905,0.45656028368794327,0.09175531914893617,0.9082446808510638
10858,YOR360C YEL036C,0.0,NA,0.023926280438899994,515,1034,10246,613,0.8672630560928434,0.33247256294383476,0.45656028368794327,0.09166666666666666,0.9083333333333333
10859,YDR244W YIR006C,0.0,NA,0.025043264031410217,515,1033,10247,613,0.8673436492585429,0.332687338501292,0.45656028368794327,0.09157801418439716,0.9084219858156029
10860,YKR050W YMR028W,0.0,NA,0.025181427597999573,515,1032,10248,613,0.8674242424242424,0.3329023917259211,0.45656028368794327,0.09148936170212765,0.9085106382978724
10861,YGL240W YMR242C,0.0,NA,0.025342021137475967,515,1031,10249,613,0.867504835589942,0.333117723156533,0.45656028368794327,0.09140070921985816,0.9085992907801419
10862,YNR048W YKR056W,0.0,NA,0.02581125870347023,515,1030,10250,613,0.8675854287556415,0.3333333333333333,0.45656028368794327,0.09131205673758866,0.9086879432624113
10863,YLR088W YPR024W,1.0,NA,0.026156973093748093,514,1030,10250,614,0.867504835589942,0.3329015544041451,0.45567375886524825,0.09131205673758866,0.9086879432624113
10864,YER160C YER143W,1.0,NA,0.02622009813785553,513,1030,10250,615,0.8674242424242424,0.3324692158133506,0.45478723404255317,0.09131205673758866,0.9086879432624113
10865,YBR023C YDL035C,0.0,NA,0.026542725041508675,513,1029,10251,615,0.867504835589942,0.3326848249027237,0.45478723404255317,0.09122340425531915,0.9087765957446808
10866,YOR192C YJL138C,0.0,NA,0.027462761849164963,513,1028,10252,615,0.8675854287556415,0.3329007138221934,0.45478723404255317,0.09113475177304965,0.9088652482269504
10867,YNL199C YMR309C,0.0,NA,0.02757970057427883,513,1027,10253,615,0.8676660219213411,0.33311688311688314,0.45478723404255317,0.09104609929078014,0.9089539007092199
10868,YHR200W YER143W,1.0,NA,0.027903063222765923,512,1027,10253,616,0.8675854287556415,0.3326835607537362,0.45390070921985815,0.09104609929078014,0.9089539007092199
10869,YAL015C YDL126C,0.0,NA,0.028164459392428398,512,1026,10254,616,0.8676660219213411,0.3328998699609883,0.45390070921985815,0.09095744680851064,0.9090425531914894
10870,YGR207C YHR167W,0.0,NA,0.02846558950841427,512,1025,10255,616,0.8677466150870407,0.33311646063760575,0.45390070921985815,0.09086879432624113,0.9091312056737588
10871,YGR207C YBR204C,0.0,NA,0.0288699921220541,512,1024,10256,616,0.8678272082527402,0.3333333333333333,0.45390070921985815,0.09078014184397164,0.9092198581560283
10872,YPR103W YER143W,1.0,NA,0.0291916411370039,511,1024,10256,617,0.8677466150870407,0.33289902280130296,0.4530141843971631,0.09078014184397164,0.9092198581560283
10873,YDR533C YER138C,1.0,NA,0.029827233403921127,510,1024,10256,618,0.8676660219213411,0.3324641460234681,0.4521276595744681,0.09078014184397164,0.9092198581560283
10874,YMR264W YER161C,0.0,NA,0.02994808740913868,510,1023,10257,618,0.8677466150870407,0.33268101761252444,0.4521276595744681,0.09069148936170213,0.9093085106382979
10875,YDR427W YMR221C,0.0,NA,0.03037327155470848,510,1022,10258,618,0.8678272082527402,0.3328981723237598,0.4521276595744681,0.09060283687943263,0.9093971631205674
10876,YDR405W YJL020C,0.0,NA,0.030471503734588623,510,1021,10259,618,0.8679078014184397,0.33311561071195295,0.4521276595744681,0.09051418439716312,0.9094858156028369
10877,YBL042C YLR360W,0.0,NA,0.03056190349161625,510,1020,10260,618,0.8679883945841392,0.3333333333333333,0.4521276595744681,0.09042553191489362,0.9095744680851063
10878,YGL203C YJL172W,1.0,NA,0.03072524070739746,509,1020,10260,619,0.8679078014184397,0.3328973185088293,0.4512411347517731,0.09042553191489362,0.9095744680851063
10879,YIR032C YNL309W,0.0,NA,0.03082876279950142,509,1019,10261,619,0.8679883945841392,0.3331151832460733,0.4512411347517731,0.09033687943262411,0.9096631205673759
10880,YHR127W YGR056W,0.0,NA,0.031068645417690277,509,1018,10262,619,0.8680689877498388,0.3333333333333333,0.4512411347517731,0.09024822695035462,0.9097517730496454
10881,YLR332W YIL067C,0.0,NA,0.031088391318917274,509,1017,10263,619,0.8681495809155384,0.33355176933158587,0.4512411347517731,0.0901595744680851,0.9098404255319149
10882,YOL128C YPL121C,0.0,NA,0.03183348849415779,509,1016,10264,619,0.8682301740812379,0.33377049180327867,0.4512411347517731,0.09007092198581561,0.9099290780141844
10883,YKR028W YHR166C,0.0,NA,0.03239454701542854,509,1015,10265,619,0.8683107672469375,0.33398950131233596,0.4512411347517731,0.0899822695035461,0.9100177304964538
10884,YLR438C-A YKL184W,0.0,NA,0.03284318745136261,509,1014,10266,619,0.868391360412637,0.33420879842416285,0.4512411347517731,0.0898936170212766,0.9101063829787234
10885,YPL063W YLR247C,0.0,NA,0.033425357192754745,509,1013,10267,619,0.8684719535783365,0.3344283837056505,0.4512411347517731,0.08980496453900709,0.9101950354609929
10886,YHR200W YJR126C,1.0,NA,0.03361887112259865,508,1013,10267,620,0.868391360412637,0.3339907955292571,0.450354609929078,0.08980496453900709,0.9101950354609929
10887,YJL011C YNL307C,0.0,NA,0.03365517407655716,508,1012,10268,620,0.8684719535783365,0.33421052631578946,0.450354609929078,0.0897163120567376,0.9102836879432624
10888,YOR391C YDR331W,1.0,NA,0.03369305655360222,507,1012,10268,621,0.868391360412637,0.3337722185648453,0.449468085106383,0.0897163120567376,0.9102836879432624
10889,YCR097W YKL196C,0.0,NA,0.03380601108074188,507,1011,10269,621,0.8684719535783365,0.3339920948616601,0.449468085106383,0.08962765957446808,0.910372340425532
10890,YDR317W YDR079C-A,0.0,NA,0.03396371006965637,507,1010,10270,621,0.8685525467440361,0.33421226104152935,0.449468085106383,0.08953900709219859,0.9104609929078015
10891,YLR100W YBR299W,0.0,NA,0.03401400148868561,507,1009,10271,621,0.8686331399097357,0.3344327176781003,0.449468085106383,0.08945035460992908,0.9105496453900709
10892,YMR184W YDR192C,0.0,NA,0.034549180418252945,507,1008,10272,621,0.8687137330754352,0.3346534653465347,0.449468085106383,0.08936170212765958,0.9106382978723404
10893,YMR023C YMR065W,0.0,NA,0.03465433046221733,507,1007,10273,621,0.8687943262411347,0.33487450462351387,0.449468085106383,0.08927304964539007,0.9107269503546099
10894,YOR228C YDL238C,0.0,NA,0.035591334104537964,507,1006,10274,621,0.8688749194068343,0.33509583608724386,0.449468085106383,0.08918439716312057,0.9108156028368795
10895,YIL115C YKL104C,0.0,NA,0.03597301244735718,507,1005,10275,621,0.8689555125725339,0.3353174603174603,0.449468085106383,0.08909574468085106,0.910904255319149
10896,YER160C YBR074W,1.0,NA,0.03598479554057121,506,1005,10275,622,0.8688749194068343,0.33487756452680345,0.44858156028368795,0.08909574468085106,0.910904255319149
10897,YHR200W YER138C,1.0,NA,0.03647810220718384,505,1005,10275,623,0.8687943262411347,0.3344370860927152,0.44769503546099293,0.08909574468085106,0.910904255319149
10898,YGL168W YMR087W,0.0,NA,0.03677813708782196,505,1004,10276,623,0.8688749194068343,0.33465871438038436,0.44769503546099293,0.08900709219858156,0.9109929078014184
10899,YOR090C YEL012W,0.0,NA,0.03699220344424248,505,1003,10277,623,0.8689555125725339,0.3348806366047745,0.44769503546099293,0.08891843971631205,0.9110815602836879
10900,YGR207C YKL126W,0.0,NA,0.037890348583459854,505,1002,10278,623,0.8690361057382334,0.3351028533510285,0.44769503546099293,0.08882978723404256,0.9111702127659574
10901,YBL005W-B YGL203C,1.0,NA,0.03849169239401817,504,1002,10278,624,0.8689555125725339,0.3346613545816733,0.44680851063829785,0.08882978723404256,0.9111702127659574
10902,YNL239W YGL203C,1.0,NA,0.03874809667468071,503,1002,10278,625,0.8688749194068343,0.33421926910299005,0.44592198581560283,0.08882978723404256,0.9111702127659574
10903,YOR245C YNL084C,0.0,NA,0.03881663456559181,503,1001,10279,625,0.8689555125725339,0.33444148936170215,0.44592198581560283,0.08874113475177305,0.911258865248227
10904,YFR016C YNL281W,0.0,NA,0.03948092833161354,503,1000,10280,625,0.8690361057382334,0.334664005322688,0.44592198581560283,0.08865248226950355,0.9113475177304965
10905,YGL099W YJR152W,0.0,NA,0.03971543908119202,503,999,10281,625,0.869116698903933,0.3348868175765646,0.44592198581560283,0.08856382978723404,0.9114361702127659
10906,YPL130W YDR197W,0.0,NA,0.039870280772447586,503,998,10282,625,0.8691972920696325,0.335109926715523,0.44592198581560283,0.08847517730496454,0.9115248226950354
10907,YOR077W YBR019C,0.0,NA,0.039939336478710175,503,997,10283,625,0.869277885235332,0.3353333333333333,0.44592198581560283,0.08838652482269503,0.911613475177305
10908,YCR011C YNL264C,0.0,NA,0.040069829672575,503,996,10284,625,0.8693584784010316,0.33555703802535025,0.44592198581560283,0.08829787234042553,0.9117021276595745
10909,YJL113W YJL172W,1.0,NA,0.040192682296037674,502,996,10284,626,0.869277885235332,0.33511348464619495,0.4450354609929078,0.08829787234042553,0.9117021276595745
10910,YCR105W YNL146W,0.0,NA,0.040749628096818924,502,995,10285,626,0.8693584784010316,0.3353373413493654,0.4450354609929078,0.08820921985815602,0.911790780141844
10911,YIL063C YNL181W,0.0,NA,0.04109913483262062,502,994,10286,626,0.8694390715667312,0.3355614973262032,0.4450354609929078,0.08812056737588653,0.9118794326241135
10912,YKL201C YPL062W,0.0,NA,0.0412365198135376,502,993,10287,626,0.8695196647324307,0.3357859531772575,0.4450354609929078,0.08803191489361702,0.9119680851063829
10913,YCL021W-A YFR039C,0.0,NA,0.0413549542427063,502,992,10288,626,0.8696002578981302,0.3360107095046854,0.4450354609929078,0.08794326241134752,0.9120567375886525
10914,YMR221C YMR015C,0.0,NA,0.041499264538288116,502,991,10289,626,0.8696808510638298,0.3362357669122572,0.4450354609929078,0.08785460992907801,0.912145390070922
10915,YJL201W YNL036W,0.0,NA,0.042266253381967545,502,990,10290,626,0.8697614442295294,0.33646112600536193,0.4450354609929078,0.08776595744680851,0.9122340425531915
10916,YNL181W YMR301C,0.0,NA,0.042268216609954834,502,989,10291,626,0.8698420373952289,0.33668678739101277,0.4450354609929078,0.087677304964539,0.912322695035461
10917,YJL099W YNR007C,0.0,NA,0.042389724403619766,502,988,10292,626,0.8699226305609284,0.33691275167785234,0.4450354609929078,0.0875886524822695,0.9124113475177305
10918,YPL031C YOR324C,0.0,NA,0.04252957925200462,502,987,10293,626,0.870003223726628,0.3371390194761585,0.4450354609929078,0.0875,0.9125
10919,YJL113W YER138C,1.0,NA,0.042913611978292465,501,987,10293,627,0.8699226305609284,0.33669354838709675,0.4441489361702128,0.0875,0.9125
10920,YPR125W YDL246C,0.0,NA,0.04299374669790268,501,986,10294,627,0.870003223726628,0.3369199731002018,0.4441489361702128,0.0874113475177305,0.9125886524822695
10921,YMR156C YGR200C,0.0,NA,0.04300691932439804,501,985,10295,627,0.8700838168923275,0.33714670255720053,0.4441489361702128,0.08732269503546099,0.912677304964539
10922,YIR018W YGR013W,0.0,NA,0.04303143918514252,501,984,10296,627,0.870164410058027,0.3373737373737374,0.4441489361702128,0.08723404255319149,0.9127659574468086
10923,YKL002W YOR304C-A,0.0,NA,0.04310782998800278,501,983,10297,627,0.8702450032237267,0.3376010781671159,0.4441489361702128,0.08714539007092198,0.912854609929078
10924,YPR103W YER078C,1.0,NA,0.04356929287314415,500,983,10297,628,0.870164410058027,0.33715441672285906,0.4432624113475177,0.08714539007092198,0.912854609929078
10925,YOR312C YOL003C,0.0,NA,0.04420257732272148,500,982,10298,628,0.8702450032237267,0.33738191632928477,0.4432624113475177,0.08705673758865248,0.9129432624113475
10926,YOR265W YJL100W,0.0,NA,0.044654347002506256,500,981,10299,628,0.8703255963894262,0.337609723160027,0.4432624113475177,0.08696808510638297,0.913031914893617
10927,YER131W YPL199C,0.0,NA,0.04529659450054169,500,980,10300,628,0.8704061895551257,0.33783783783783783,0.4432624113475177,0.08687943262411348,0.9131205673758865
10928,YER002W YLR364W,0.0,NA,0.04534401372075081,500,979,10301,628,0.8704867827208252,0.3380662609871535,0.4432624113475177,0.08679078014184397,0.9132092198581561
10929,YNL271C YLR020C,0.0,NA,0.04649355262517929,500,978,10302,628,0.8705673758865248,0.3382949932341001,0.4432624113475177,0.08670212765957447,0.9132978723404256
10930,YGL002W YIL070C,0.0,NA,0.04751276224851608,500,977,10303,628,0.8706479690522244,0.33852403520649965,0.4432624113475177,0.08661347517730496,0.913386524822695
10931,YPL053C YGR027W-A,0.0,NA,0.04767895117402077,500,976,10304,628,0.8707285622179239,0.33875338753387535,0.4432624113475177,0.08652482269503546,0.9134751773049645
10932,YDR427W YGL219C,0.0,NA,0.0476919449865818,500,975,10305,628,0.8708091553836235,0.3389830508474576,0.4432624113475177,0.08643617021276596,0.913563829787234
10933,YER160C YIR039C,1.0,NA,0.04791063070297241,499,975,10305,629,0.8707285622179239,0.3385345997286296,0.4423758865248227,0.08643617021276596,0.913563829787234
10934,YHL011C YOR101W,0.0,NA,0.0479302741587162,499,974,10306,629,0.8708091553836235,0.33876442634080106,0.4423758865248227,0.08634751773049645,0.9136524822695036
10935,YDR460W YLR297W,0.0,NA,0.048353228718042374,499,973,10307,629,0.870889748549323,0.3389945652173913,0.4423758865248227,0.08625886524822696,0.9137411347517731
10936,YDR079C-A YML003W,0.0,NA,0.04838588461279869,499,972,10308,629,0.8709703417150225,0.3392250169952413,0.4423758865248227,0.08617021276595745,0.9138297872340425
10937,YNL019C YGR059W,0.0,NA,0.048991113901138306,499,971,10309,629,0.8710509348807222,0.33945578231292517,0.4423758865248227,0.08608156028368795,0.913918439716312
10938,YDR244W YPL167C,0.0,NA,0.05014045909047127,499,970,10310,629,0.8711315280464217,0.33968686181075564,0.4423758865248227,0.08599290780141844,0.9140070921985816
10939,YBR023C YIL112W,0.0,NA,0.05050821602344513,499,969,10311,629,0.8712121212121212,0.3399182561307902,0.4423758865248227,0.08590425531914894,0.9140957446808511
10940,YHR200W YPR103W,1.0,NA,0.05072080343961716,498,969,10311,630,0.8711315280464217,0.3394683026584867,0.44148936170212766,0.08590425531914894,0.9140957446808511
10941,YBR137W YAR042W,0.0,NA,0.051574934273958206,498,968,10312,630,0.8712121212121212,0.339699863574352,0.44148936170212766,0.08581560283687943,0.9141843971631206
10942,YPL062W YLR090W,0.0,NA,0.05338786914944649,498,967,10313,630,0.8712927143778207,0.33993174061433445,0.44148936170212766,0.08572695035460993,0.91427304964539
10943,YKL150W YOR245C,0.0,NA,0.053410451859235764,498,966,10314,630,0.8713733075435203,0.3401639344262295,0.44148936170212766,0.08563829787234042,0.9143617021276595
10944,YOR075W YDL035C,0.0,NA,0.053571298718452454,498,965,10315,630,0.8714539007092199,0.34039644565960353,0.44148936170212766,0.08554964539007093,0.9144503546099291
10945,YGR156W YBL059C-A,0.0,NA,0.054514750838279724,498,964,10316,630,0.8715344938749194,0.34062927496580025,0.44148936170212766,0.08546099290780142,0.9145390070921986
10946,YDL076C YNR031C,0.0,NA,0.05693817138671875,498,963,10317,630,0.871615087040619,0.3408624229979466,0.44148936170212766,0.08537234042553192,0.9146276595744681
10947,YNL239W YLR163C,1.0,NA,0.0586380735039711,497,963,10317,631,0.8715344938749194,0.3404109589041096,0.44060283687943264,0.08537234042553192,0.9146276595744681
10948,YKL188C YIL033C,0.0,NA,0.05872855335474014,497,962,10318,631,0.871615087040619,0.3406442769019877,0.44060283687943264,0.08528368794326241,0.9147163120567375
10949,YPL119C YJL078C,0.0,NA,0.058772120624780655,497,961,10319,631,0.8716956802063185,0.34087791495198905,0.44060283687943264,0.08519503546099291,0.9148049645390071
10950,YJR026W YER105C,0.0,NA,0.058951009064912796,497,960,10320,631,0.871776273372018,0.34111187371310914,0.44060283687943264,0.0851063829787234,0.9148936170212766
10951,YJL051W YAL044C,0.0,NA,0.059700947254896164,497,959,10321,631,0.8718568665377177,0.34134615384615385,0.44060283687943264,0.0850177304964539,0.9149822695035461
10952,YIR006C YCR040W,0.0,NA,0.06008900701999664,497,958,10322,631,0.8719374597034172,0.3415807560137457,0.44060283687943264,0.0849290780141844,0.9150709219858156
10953,YGL095C YKL019W,0.0,NA,0.0607384517788887,497,957,10323,631,0.8720180528691167,0.3418156808803301,0.44060283687943264,0.0848404255319149,0.9151595744680852
10954,YJR132W YPL016W,0.0,NA,0.06199375540018082,497,956,10324,631,0.8720986460348162,0.3420509291121817,0.44060283687943264,0.08475177304964539,0.9152482269503546
10955,YGR060W YNL042W,0.0,NA,0.06218012422323227,497,955,10325,631,0.8721792392005158,0.34228650137741046,0.44060283687943264,0.08466312056737589,0.9153368794326241
10956,YLR360W YGR013W,0.0,NA,0.062581367790699,497,954,10326,631,0.8722598323662153,0.3425223983459683,0.44060283687943264,0.08457446808510638,0.9154255319148936
10957,YBL002W YIL112W,0.0,NA,0.06288101524114609,497,953,10327,631,0.8723404255319149,0.3427586206896552,0.44060283687943264,0.08448581560283688,0.9155141843971631
10958,YIL108W YBL005W-B,1.0,NA,0.06288525462150574,496,953,10327,632,0.8722598323662153,0.34230503795721184,0.4397163120567376,0.08448581560283688,0.9155141843971631
10959,YLR176C YML118W,0.0,NA,0.06345514208078384,496,952,10328,632,0.8723404255319149,0.3425414364640884,0.4397163120567376,0.08439716312056737,0.9156028368794327
10960,YER173W YLR298C,0.0,NA,0.06414610892534256,496,951,10329,632,0.8724210186976145,0.3427781617138908,0.4397163120567376,0.08430851063829788,0.9156914893617021
10961,YDR363W-A YOL139C,0.0,NA,0.06476498395204544,496,950,10330,632,0.872501611863314,0.343015214384509,0.4397163120567376,0.08421985815602837,0.9157801418439716
10962,YJL019W YDR079C-A,0.0,NA,0.064846470952034,496,949,10331,632,0.8725822050290135,0.34325259515570933,0.4397163120567376,0.08413120567375887,0.9158687943262411
10963,YKR055W YPL233W,0.0,NA,0.06705448031425476,496,948,10332,632,0.872662798194713,0.34349030470914127,0.4397163120567376,0.08404255319148936,0.9159574468085107
10964,YBR250W YGR080W,0.0,NA,0.0682973861694336,496,947,10333,632,0.8727433913604127,0.3437283437283437,0.4397163120567376,0.08395390070921986,0.9160460992907802
10965,YAR042W YHR055C,0.0,NA,0.06882500648498535,496,946,10334,632,0.8728239845261122,0.34396671289875175,0.4397163120567376,0.08386524822695035,0.9161347517730496
10966,YLR436C YCR084C,0.0,NA,0.06917991489171982,496,945,10335,632,0.8729045776918117,0.34420541290770296,0.4397163120567376,0.08377659574468085,0.9162234042553191
10967,YKL093W YLR360W,0.0,NA,0.07200926542282104,496,944,10336,632,0.8729851708575113,0.34444444444444444,0.4397163120567376,0.08368794326241134,0.9163120567375886
10968,YDL217C YML118W,0.0,NA,0.07275692373514175,496,943,10337,632,0.8730657640232108,0.344683808200139,0.4397163120567376,0.08359929078014185,0.9164007092198582
10969,YJL066C YDL126C,0.0,NA,0.07391822338104248,496,942,10338,632,0.8731463571889104,0.34492350486787204,0.4397163120567376,0.08351063829787234,0.9164893617021277
10970,YKR095W YJR048W,0.0,NA,0.07421623170375824,496,941,10339,632,0.87322695035461,0.3451635351426583,0.4397163120567376,0.08342198581560284,0.9165780141843972
10971,YGR120C YPL098C,0.0,NA,0.0744098424911499,496,940,10340,632,0.8733075435203095,0.34540389972144847,0.4397163120567376,0.08333333333333333,0.9166666666666666
10972,YOR291W YLR332W,0.0,NA,0.07503531128168106,496,939,10341,632,0.873388136686009,0.3456445993031359,0.4397163120567376,0.08324468085106383,0.9167553191489362
10973,YFL033C YMR058W,0.0,NA,0.07533028721809387,496,938,10342,632,0.8734687298517085,0.3458856345885635,0.4397163120567376,0.08315602836879432,0.9168439716312057
10974,YBR029C YLR298C,0.0,NA,0.0769752785563469,496,937,10343,632,0.8735493230174082,0.34612700628053034,0.4397163120567376,0.08306737588652482,0.9169326241134752
10975,YJR125C YNL126W,0.0,NA,0.07987979799509048,496,936,10344,632,0.8736299161831077,0.3463687150837989,0.4397163120567376,0.08297872340425531,0.9170212765957447
10976,YBR059C YDR264C,0.0,NA,0.08030463010072708,496,935,10345,632,0.8737105093488072,0.3466107617051013,0.4397163120567376,0.08289007092198582,0.9171099290780141
10977,YDL025C YOL091W,0.0,NA,0.08057565242052078,496,934,10346,632,0.8737911025145068,0.34685314685314683,0.4397163120567376,0.0828014184397163,0.9171985815602837
10978,YPL190C YMR101C,0.0,NA,0.08158396929502487,496,933,10347,632,0.8738716956802063,0.3470958712386284,0.4397163120567376,0.08271276595744681,0.9172872340425532
10979,YKL173W YHR117W,0.0,NA,0.08262566477060318,496,932,10348,632,0.8739522888459059,0.3473389355742297,0.4397163120567376,0.0826241134751773,0.9173758865248227
10980,YJR026W YAL063C,0.0,NA,0.08268124610185623,496,931,10349,632,0.8740328820116054,0.3475823405746321,0.4397163120567376,0.0825354609929078,0.9174645390070922
10981,YER094C YIR039C,1.0,NA,0.08287845551967621,495,931,10349,633,0.8739522888459059,0.34712482468443195,0.43882978723404253,0.0825354609929078,0.9174645390070922
10982,YHR012W YBR173C,0.0,NA,0.08353321254253387,495,930,10350,633,0.8740328820116054,0.3473684210526316,0.43882978723404253,0.08244680851063829,0.9175531914893617
10983,YNL149C YLR332W,0.0,NA,0.08443138003349304,495,929,10351,633,0.874113475177305,0.3476123595505618,0.43882978723404253,0.0823581560283688,0.9176418439716312
10984,YBL005W-B YKL134C,1.0,NA,0.08538659662008286,494,929,10351,634,0.8740328820116054,0.3471539002108222,0.4379432624113475,0.0823581560283688,0.9176418439716312
10985,YGL066W YBR275C,0.0,NA,0.08693096786737442,494,928,10352,634,0.874113475177305,0.34739803094233473,0.4379432624113475,0.08226950354609928,0.9177304964539007
10986,YDR394W YJR126C,1.0,NA,0.08826473355293274,493,928,10352,635,0.8740328820116054,0.3469387755102041,0.4370567375886525,0.08226950354609928,0.9177304964539007
10987,YGL168W YDR506C,0.0,NA,0.08831807971000671,493,927,10353,635,0.874113475177305,0.3471830985915493,0.4370567375886525,0.08218085106382979,0.9178191489361702
10988,YMR221C YLR262C,0.0,NA,0.08858786523342133,493,926,10354,635,0.8741940683430045,0.3474277660324172,0.4370567375886525,0.08209219858156028,0.9179078014184398
10989,YMR065W YDR007W,0.0,NA,0.08941658586263657,493,925,10355,635,0.874274661508704,0.34767277856135403,0.4370567375886525,0.08200354609929078,0.9179964539007093
10990,YPL094C YOR310C,0.0,NA,0.08978846669197083,493,924,10356,635,0.8743552546744036,0.3479181369089626,0.4370567375886525,0.08191489361702127,0.9180851063829787
10991,YMR145C YMR166C,0.0,NA,0.09193066507577896,493,923,10357,635,0.8744358478401032,0.3481638418079096,0.4370567375886525,0.08182624113475177,0.9181737588652482
10992,YOR391C YDR415C,1.0,NA,0.09406746178865433,492,923,10357,636,0.8743552546744036,0.34770318021201413,0.43617021276595747,0.08182624113475177,0.9181737588652482
10993,YFL041W YIL063C,0.0,NA,0.09560657292604446,492,922,10358,636,0.8744358478401032,0.347949080622348,0.43617021276595747,0.08173758865248226,0.9182624113475177
10994,YFR006W YBL005W-B,1.0,NA,0.09570908546447754,491,922,10358,637,0.8743552546744036,0.3474876150035386,0.4352836879432624,0.08173758865248226,0.9182624113475177
10995,YIL091C YLR445W,0.0,NA,0.09741456061601639,491,921,10359,637,0.8744358478401032,0.34773371104815864,0.4352836879432624,0.08164893617021277,0.9183510638297873
10996,YLR350W YML004C,0.0,NA,0.09805019944906235,491,920,10360,637,0.8745164410058027,0.3479801559177888,0.4352836879432624,0.08156028368794327,0.9184397163120568
10997,YBR059C YHR067W,0.0,NA,0.09938740730285645,491,919,10361,637,0.8745970341715023,0.34822695035460993,0.4352836879432624,0.08147163120567376,0.9185283687943262
10998,YIL042C YPL231W,0.0,NA,0.09974170476198196,491,918,10362,637,0.8746776273372018,0.3484740951029099,0.4352836879432624,0.08138297872340426,0.9186170212765957
10999,YJL109C YGL105W,0.0,NA,0.10063590109348297,491,917,10363,637,0.8747582205029013,0.3487215909090909,0.4352836879432624,0.08129432624113475,0.9187056737588652
11000,YLR085C YBR275C,0.0,NA,0.10091123729944229,491,916,10364,637,0.874838813668601,0.34896943852167733,0.4352836879432624,0.08120567375886525,0.9187943262411348
11001,YLR350W YNR007C,0.0,NA,0.10103610157966614,491,915,10365,637,0.8749194068343005,0.3492176386913229,0.4352836879432624,0.08111702127659574,0.9188829787234043
11002,YBR029C YBR168W,0.0,NA,0.10107997804880142,491,914,10366,637,0.875,0.3494661921708185,0.4352836879432624,0.08102836879432625,0.9189716312056737
11003,YLR245C YDL238C,0.0,NA,0.10109744220972061,491,913,10367,637,0.8750805931656995,0.34971509971509973,0.4352836879432624,0.08093971631205674,0.9190602836879432
11004,YDL104C YNL054W-B,1.0,NA,0.10242991149425507,490,913,10367,638,0.875,0.34925160370634356,0.43439716312056736,0.08093971631205674,0.9190602836879432
11005,YAL041W YBR168W,0.0,NA,0.10298643261194229,490,912,10368,638,0.8750805931656995,0.34950071326676174,0.43439716312056736,0.08085106382978724,0.9191489361702128
11006,YER170W YGR027W-A,0.0,NA,0.10377877950668335,490,911,10369,638,0.875161186331399,0.3497501784439686,0.43439716312056736,0.08076241134751773,0.9192375886524823
11007,YPR024W YBL005W-B,1.0,NA,0.10593146085739136,489,911,10369,639,0.8750805931656995,0.3492857142857143,0.43351063829787234,0.08076241134751773,0.9192375886524823
11008,YBL047C YLL015W,0.0,NA,0.10620830208063126,489,910,10370,639,0.875161186331399,0.34953538241601145,0.43351063829787234,0.08067375886524823,0.9193262411347518
11009,YBR293W YLR261C,0.0,NA,0.10726525634527206,489,909,10371,639,0.8752417794970987,0.3497854077253219,0.43351063829787234,0.08058510638297872,0.9194148936170212
11010,YLL039C YER059W,0.0,NA,0.10956411063671112,489,908,10372,639,0.8753223726627982,0.3500357909806729,0.43351063829787234,0.08049645390070923,0.9195035460992907
11011,YLR137W YGR048W,0.0,NA,0.11048933863639832,489,907,10373,639,0.8754029658284977,0.3502865329512894,0.43351063829787234,0.08040780141843971,0.9195921985815603
11012,YGR220C YOL012C,0.0,NA,0.1109151542186737,489,906,10374,639,0.8754835589941973,0.35053763440860214,0.43351063829787234,0.08031914893617022,0.9196808510638298
11013,YKL073W YPL190C,0.0,NA,0.11222578585147858,489,905,10375,639,0.8755641521598968,0.35078909612625536,0.43351063829787234,0.08023049645390071,0.9197695035460993
11014,YML055W YBL005W-B,1.0,NA,0.11278632283210754,488,905,10375,640,0.8754835589941973,0.3503230437903805,0.4326241134751773,0.08023049645390071,0.9197695035460993
11015,YNL118C YDL126C,0.0,NA,0.11526590585708618,488,904,10376,640,0.8755641521598968,0.3505747126436782,0.4326241134751773,0.08014184397163121,0.9198581560283688
11016,YBL005W-B YFR018C,1.0,NA,0.11722861975431442,487,904,10376,641,0.8754835589941973,0.3501078360891445,0.4317375886524823,0.08014184397163121,0.9198581560283688
11017,YNL146W YGL046W,0.0,NA,0.11771605163812637,487,903,10377,641,0.8755641521598968,0.35035971223021584,0.4317375886524823,0.0800531914893617,0.9199468085106383
11018,YBL030C YKL002W,0.0,NA,0.11801861226558685,487,902,10378,641,0.8756447453255964,0.3506119510439165,0.4317375886524823,0.0799645390070922,0.9200354609929078
11019,YBR035C YHR037W,0.0,NA,0.11802089214324951,487,901,10379,641,0.875725338491296,0.35086455331412103,0.4317375886524823,0.07987588652482269,0.9201241134751773
11020,YLR391W YKR063C,0.0,NA,0.12275854498147964,487,900,10380,641,0.8758059316569955,0.35111751982696465,0.4317375886524823,0.0797872340425532,0.9202127659574468
11021,YNL014W YNL242W,0.0,NA,0.12416715919971466,487,899,10381,641,0.875886524822695,0.3513708513708514,0.4317375886524823,0.07969858156028369,0.9203014184397164
11022,YGL062W YGL066W,0.0,NA,0.1252465844154358,487,898,10382,641,0.8759671179883946,0.3516245487364621,0.4317375886524823,0.07960992907801419,0.9203900709219858
11023,YGR106C YDR191W,0.0,NA,0.1263681948184967,487,897,10383,641,0.8760477111540941,0.351878612716763,0.4317375886524823,0.07952127659574468,0.9204787234042553
11024,YNL239W YER143W,1.0,NA,0.12642939388751984,486,897,10383,642,0.8759671179883946,0.351409978308026,0.4308510638297872,0.07952127659574468,0.9204787234042553
11025,YOL090W YGR097W,0.0,NA,0.1277727484703064,486,896,10384,642,0.8760477111540941,0.3516642547033285,0.4308510638297872,0.07943262411347518,0.9205673758865248
11026,YBL059C-A YML004C,0.0,NA,0.12912897765636444,486,895,10385,642,0.8761283043197937,0.35191889934829834,0.4308510638297872,0.07934397163120567,0.9206560283687943
11027,YHL023C YHR002W,0.0,NA,0.12994617223739624,486,894,10386,642,0.8762088974854932,0.3521739130434783,0.4308510638297872,0.07925531914893617,0.9207446808510639
11028,YLR256W-A YER105C,0.0,NA,0.1307114213705063,486,893,10387,642,0.8762894906511928,0.35242929659173317,0.4308510638297872,0.07916666666666666,0.9208333333333333
11029,YJL062W YDR137W,0.0,NA,0.1327219307422638,486,892,10388,642,0.8763700838168923,0.35268505079825835,0.4308510638297872,0.07907801418439717,0.9209219858156028
11030,YHR168W YNL118C,0.0,NA,0.13329385221004486,486,891,10389,642,0.8764506769825918,0.35294117647058826,0.4308510638297872,0.07898936170212766,0.9210106382978723
11031,YOR347C YPR021C,0.0,NA,0.13428489863872528,486,890,10390,642,0.8765312701482915,0.35319767441860467,0.4308510638297872,0.07890070921985816,0.9210992907801419
11032,YLR337C YJR161C,0.0,NA,0.1351749151945114,486,889,10391,642,0.876611863313991,0.35345454545454547,0.4308510638297872,0.07881205673758865,0.9211879432624114
11033,YNR048W YGR027W-A,0.0,NA,0.1367073506116867,486,888,10392,642,0.8766924564796905,0.3537117903930131,0.4308510638297872,0.07872340425531915,0.9212765957446809
11034,YNR030W YBR245C,0.0,NA,0.13692176342010498,486,887,10393,642,0.87677304964539,0.35396941005098326,0.4308510638297872,0.07863475177304964,0.9213652482269503
11035,YNL201C YKL104C,0.0,NA,0.13931240141391754,486,886,10394,642,0.8768536428110896,0.35422740524781343,0.4308510638297872,0.07854609929078014,0.9214539007092198
11036,YOR393W YOR298C-A,0.0,NA,0.14096802473068237,486,885,10395,642,0.8769342359767892,0.3544857768052516,0.4308510638297872,0.07845744680851063,0.9215425531914894
11037,YIL169C YMR238W,0.0,NA,0.141387939453125,486,884,10396,642,0.8770148291424887,0.35474452554744523,0.4308510638297872,0.07836879432624114,0.9216312056737589
11038,YGL029W YKL007W,0.0,NA,0.14357545971870422,486,883,10397,642,0.8770954223081883,0.3550036523009496,0.4308510638297872,0.07828014184397163,0.9217198581560284
11039,YHR107C YNL131W,0.0,NA,0.1438615769147873,486,882,10398,642,0.8771760154738878,0.35526315789473684,0.4308510638297872,0.07819148936170213,0.9218085106382978
11040,YPL115C YIL112W,0.0,NA,0.1444917619228363,486,881,10399,642,0.8772566086395873,0.35552304316020483,0.4308510638297872,0.07810283687943262,0.9218971631205674
11041,YIL176C YHR132W-A,0.0,NA,0.1471090465784073,486,880,10400,642,0.877337201805287,0.3557833089311859,0.4308510638297872,0.07801418439716312,0.9219858156028369
11042,YDR536W YGR084C,0.0,NA,0.14726291596889496,486,879,10401,642,0.8774177949709865,0.35604395604395606,0.4308510638297872,0.07792553191489361,0.9220744680851064
11043,YPR072W YBR141C,0.0,NA,0.14858216047286987,486,878,10402,642,0.877498388136686,0.3563049853372434,0.4308510638297872,0.07783687943262411,0.9221631205673759
11044,YIL088C YPR107C,0.0,NA,0.150085911154747,486,877,10403,642,0.8775789813023855,0.3565663976522377,0.4308510638297872,0.0777482269503546,0.9222517730496453
11045,YPR103W YDR434W,1.0,NA,0.15132325887680054,485,877,10403,643,0.877498388136686,0.35609397944199705,0.4299645390070922,0.0777482269503546,0.9222517730496453
11046,YKL011C YAL013W,0.0,NA,0.1535106897354126,485,876,10404,643,0.8775789813023855,0.35635562086700956,0.4299645390070922,0.07765957446808511,0.9223404255319149
11047,YDR210C-C YHR068W,0.0,NA,0.1543811559677124,485,875,10405,643,0.8776595744680851,0.35661764705882354,0.4299645390070922,0.0775709219858156,0.9224290780141844
11048,YPL218W YGR220C,0.0,NA,0.15581871569156647,485,874,10406,643,0.8777401676337847,0.35688005886681384,0.4299645390070922,0.0774822695035461,0.9225177304964539
11049,YOR265W YLR261C,0.0,NA,0.15655678510665894,485,873,10407,643,0.8778207607994842,0.35714285714285715,0.4299645390070922,0.07739361702127659,0.9226063829787234
11050,YGR132C YMR316C-A,0.0,NA,0.16055487096309662,485,872,10408,643,0.8779013539651838,0.3574060427413412,0.4299645390070922,0.07730496453900709,0.922695035460993
11051,YDR098C YER164W,0.0,NA,0.16202329099178314,485,871,10409,643,0.8779819471308833,0.35766961651917406,0.4299645390070922,0.07721631205673758,0.9227836879432624
11052,YOR138C YJL100W,0.0,NA,0.17430663108825684,485,870,10410,643,0.8780625402965828,0.35793357933579334,0.4299645390070922,0.07712765957446809,0.9228723404255319
11053,YNL301C YDR341C,0.0,NA,0.18140073120594025,485,869,10411,643,0.8781431334622823,0.3581979320531758,0.4299645390070922,0.07703900709219857,0.9229609929078014
11054,YNL239W YPR103W,1.0,NA,0.18205982446670532,484,869,10411,644,0.8780625402965828,0.35772357723577236,0.42907801418439717,0.07703900709219857,0.9229609929078014
11055,YOR298C-A YDL246C,0.0,NA,0.18283402919769287,484,868,10412,644,0.8781431334622823,0.35798816568047337,0.42907801418439717,0.07695035460992908,0.923049645390071
11056,YNL304W YBL097W,0.0,NA,0.1840948760509491,484,867,10413,644,0.878223726627982,0.3582531458179127,0.42907801418439717,0.07686170212765958,0.9231382978723405
11057,YJL170C YEL072W,0.0,NA,0.1891314834356308,484,866,10414,644,0.8783043197936815,0.3585185185185185,0.42907801418439717,0.07677304964539007,0.9232269503546099
11058,YMR284W YBR299W,0.0,NA,0.19064004719257355,484,865,10415,644,0.878384912959381,0.3587842846553002,0.42907801418439717,0.07668439716312057,0.9233156028368794
11059,YPL094C YAR027W,0.0,NA,0.1918736845254898,484,864,10416,644,0.8784655061250806,0.3590504451038576,0.42907801418439717,0.07659574468085106,0.9234042553191489
11060,YOR193W YIL013C,0.0,NA,0.19922611117362976,484,863,10417,644,0.8785460992907801,0.3593170007423905,0.42907801418439717,0.07650709219858157,0.9234929078014185
11061,YHR200W YPR024W,1.0,NA,0.2008253037929535,483,863,10417,645,0.8784655061250806,0.3588410104011887,0.42819148936170215,0.07650709219858157,0.9234929078014185
11062,YDL244W YDR210C-C,0.0,NA,0.20210248231887817,483,862,10418,645,0.8785460992907801,0.3591078066914498,0.42819148936170215,0.07641843971631206,0.923581560283688
11063,YMR159C YOL045W,0.0,NA,0.20324990153312683,483,861,10419,645,0.8786266924564797,0.359375,0.42819148936170215,0.07632978723404256,0.9236702127659574
11064,YDL054C YNL027W,0.0,NA,0.20751865208148956,483,860,10420,645,0.8787072856221793,0.3596425912137007,0.42819148936170215,0.07624113475177305,0.9237588652482269
11065,YGR184C YML021C,0.0,NA,0.20755000412464142,483,859,10421,645,0.8787878787878788,0.35991058122205666,0.42819148936170215,0.07615248226950355,0.9238475177304964
11066,YHR132W-A YBL098W,0.0,NA,0.20880945026874542,483,858,10422,645,0.8788684719535783,0.36017897091722595,0.42819148936170215,0.07606382978723404,0.923936170212766
11067,YIL091C YGR027W-A,0.0,NA,0.2098979353904724,483,857,10423,645,0.8789490651192778,0.3604477611940298,0.42819148936170215,0.07597517730496454,0.9240248226950355
11068,YBR137W YBR273C,0.0,NA,0.21026867628097534,483,856,10424,645,0.8790296582849775,0.36071695294996264,0.42819148936170215,0.07588652482269503,0.9241134751773049
11069,YDR533C YBL100W-B,1.0,NA,0.2119845747947693,482,856,10424,646,0.8789490651192778,0.3602391629297459,0.42730496453900707,0.07588652482269503,0.9241134751773049
11070,YOR194C YOR348C,0.0,NA,0.21204905211925507,482,855,10425,646,0.8790296582849775,0.3605086013462977,0.42730496453900707,0.07579787234042554,0.9242021276595744
11071,YBL059C-A YNL124W,0.0,NA,0.21339845657348633,482,854,10426,646,0.879110251450677,0.36077844311377244,0.42730496453900707,0.07570921985815603,0.924290780141844
11072,YER056C YBL059C-A,0.0,NA,0.2160072922706604,482,853,10427,646,0.8791908446163765,0.3610486891385768,0.42730496453900707,0.07562056737588653,0.9243794326241135
11073,YER053C YMR240C,0.0,NA,0.21965669095516205,482,852,10428,646,0.8792714377820761,0.3613193403298351,0.42730496453900707,0.07553191489361702,0.924468085106383
11074,YNL185C YMR077C,0.0,NA,0.21998225152492523,482,851,10429,646,0.8793520309477756,0.36159039759939987,0.42730496453900707,0.07544326241134752,0.9245567375886525
11075,YBR169C YML118W,0.0,NA,0.22089405357837677,482,850,10430,646,0.8794326241134752,0.36186186186186187,0.42730496453900707,0.07535460992907801,0.924645390070922
11076,YLR088W YER138C,1.0,NA,0.22161877155303955,481,850,10430,647,0.8793520309477756,0.3613824192336589,0.42641843971631205,0.07535460992907801,0.924645390070922
11077,YKR063C YOR349W,0.0,NA,0.22518955171108246,481,849,10431,647,0.8794326241134752,0.36165413533834584,0.42641843971631205,0.07526595744680852,0.9247340425531915
11078,YJL062W YOR061W,0.0,NA,0.22533230483531952,481,848,10432,647,0.8795132172791748,0.3619262603461249,0.42641843971631205,0.075177304964539,0.924822695035461
11079,YJL143W YGR038C-A,0.0,NA,0.2263556867837906,481,847,10433,647,0.8795938104448743,0.3621987951807229,0.42641843971631205,0.07508865248226951,0.9249113475177305
11080,YER093C YPR003C,0.0,NA,0.23061087727546692,481,846,10434,647,0.8796744036105738,0.3624717407686511,0.42641843971631205,0.075,0.925
11081,YCR066W YDR011W,0.0,NA,0.23390083014965057,481,845,10435,647,0.8797549967762733,0.3627450980392157,0.42641843971631205,0.0749113475177305,0.9250886524822695
11082,YDR210C-C YLR005W,0.0,NA,0.23563914000988007,481,844,10436,647,0.879835589941973,0.3630188679245283,0.42641843971631205,0.07482269503546099,0.925177304964539
11083,YGL222C YOR002W,0.0,NA,0.23808427155017853,481,843,10437,647,0.8799161831076725,0.3632930513595166,0.42641843971631205,0.0747340425531915,0.9252659574468085
11084,YGR098C YFR052W,1.0,NA,0.2458205372095108,480,843,10437,648,0.879835589941973,0.36281179138321995,0.425531914893617,0.0747340425531915,0.9252659574468085
11085,YOR179C YIL017W,0.0,NA,0.251861572265625,480,842,10438,648,0.8799161831076725,0.3630862329803328,0.425531914893617,0.07464539007092198,0.925354609929078
11086,YDR182W YHR064C,0.0,NA,0.2525743842124939,480,841,10439,648,0.879996776273372,0.3633610900832703,0.425531914893617,0.07455673758865249,0.9254432624113476
11087,YDL083C YDR261C-C,0.0,NA,0.25375789403915405,480,840,10440,648,0.8800773694390716,0.36363636363636365,0.425531914893617,0.07446808510638298,0.925531914893617
11088,YLR176C YMR271C,0.0,NA,0.2610940933227539,480,839,10441,648,0.8801579626047711,0.3639120545868082,0.425531914893617,0.07437943262411348,0.9256205673758865
11089,YFR016C YCR033W,0.0,NA,0.2628314793109894,480,838,10442,648,0.8802385557704706,0.36418816388467373,0.425531914893617,0.07429078014184397,0.925709219858156
11090,YGL090W YLR005W,0.0,NA,0.2669878602027893,480,837,10443,648,0.8803191489361702,0.36446469248291574,0.425531914893617,0.07420212765957447,0.9257978723404255
11091,YDL105W YOL103W-A,0.0,NA,0.26796090602874756,480,836,10444,648,0.8803997421018698,0.364741641337386,0.425531914893617,0.07411347517730496,0.9258865248226951
11092,YJL094C YBL059C-A,0.0,NA,0.26894351840019226,480,835,10445,648,0.8804803352675693,0.3650190114068441,0.425531914893617,0.07402482269503546,0.9259751773049646
11093,YMR159C YGL168W,0.0,NA,0.2733615040779114,480,834,10446,648,0.8805609284332688,0.365296803652968,0.425531914893617,0.07393617021276595,0.926063829787234
11094,YBL059C-A YDR359C,0.0,NA,0.27597007155418396,480,833,10447,648,0.8806415215989684,0.3655750190403656,0.425531914893617,0.07384751773049646,0.9261524822695035
11095,YIL088C YNL084C,0.0,NA,0.27663666009902954,480,832,10448,648,0.880722114764668,0.36585365853658536,0.425531914893617,0.07375886524822695,0.926241134751773
11096,YCR027C YAR066W,0.0,NA,0.27727413177490234,480,831,10449,648,0.8808027079303675,0.36613272311212813,0.425531914893617,0.07367021276595745,0.9263297872340426
11097,YER053C YDR350C,0.0,NA,0.2825058698654175,480,830,10450,648,0.880883301096067,0.366412213740458,0.425531914893617,0.07358156028368794,0.9264184397163121
11098,YGR098C YER094C,1.0,NA,0.2841265797615051,479,830,10450,649,0.8808027079303675,0.36592818945760125,0.424645390070922,0.07358156028368794,0.9264184397163121
11099,YBL100W-B YKL134C,1.0,NA,0.28450822830200195,478,830,10450,650,0.880722114764668,0.3654434250764526,0.4237588652482269,0.07358156028368794,0.9264184397163121
11100,YOR038C YBR181C,0.0,NA,0.28638043999671936,478,829,10451,650,0.8808027079303675,0.3657230298393267,0.4237588652482269,0.07349290780141844,0.9265070921985815
11101,YNL330C YMR221C,0.0,NA,0.29097846150398254,478,828,10452,650,0.880883301096067,0.3660030627871363,0.4237588652482269,0.07340425531914893,0.926595744680851
11102,YDL137W YML003W,0.0,NA,0.2935737669467926,478,827,10453,650,0.8809638942617666,0.36628352490421456,0.4237588652482269,0.07331560283687943,0.9266843971631206
11103,YMR264W YBR302C,0.0,NA,0.2961113452911377,478,826,10454,650,0.8810444874274661,0.3665644171779141,0.4237588652482269,0.07322695035460992,0.9267730496453901
11104,YIL109C YLR034C,0.0,NA,0.29915276169776917,478,825,10455,650,0.8811250805931657,0.3668457405986186,0.4237588652482269,0.07313829787234043,0.9268617021276596
11105,YKL112W YDR354W,0.0,NA,0.3045460879802704,478,824,10456,650,0.8812056737588653,0.3671274961597542,0.4237588652482269,0.07304964539007092,0.926950354609929
11106,YGR206W YJL096W,0.0,NA,0.3150186538696289,478,823,10457,650,0.8812862669245648,0.3674096848578017,0.4237588652482269,0.07296099290780142,0.9270390070921986
11107,YGR038C-A YJR094W-A,0.0,NA,0.32153135538101196,478,822,10458,650,0.8813668600902643,0.3676923076923077,0.4237588652482269,0.07287234042553191,0.9271276595744681
11108,YLR034C YMR309C,0.0,NA,0.3255440294742584,478,821,10459,650,0.8814474532559639,0.36797536566589684,0.4237588652482269,0.07278368794326241,0.9272163120567376
11109,YPR041W YDR165W,0.0,NA,0.33146318793296814,478,820,10460,650,0.8815280464216635,0.3682588597842835,0.4237588652482269,0.0726950354609929,0.9273049645390071
11110,YLR116W YLR114C,0.0,NA,0.3326362669467926,478,819,10461,650,0.881608639587363,0.36854279105628374,0.4237588652482269,0.0726063829787234,0.9273936170212767
11111,YPL240C YIL017C,0.0,NA,0.3395780622959137,478,818,10462,650,0.8816892327530625,0.36882716049382713,0.4237588652482269,0.0725177304964539,0.9274822695035461
11112,YJR026W YLL008W,0.0,NA,0.3401741683483124,478,817,10463,650,0.8817698259187621,0.3691119691119691,0.4237588652482269,0.0724290780141844,0.9275709219858156
11113,YLL013C YGR080W,0.0,NA,0.3422166705131531,478,816,10464,650,0.8818504190844616,0.3693972179289026,0.4237588652482269,0.07234042553191489,0.9276595744680851
11114,YDR394W YER138C,1.0,NA,0.3472902774810791,477,816,10464,651,0.8817698259187621,0.3689095127610209,0.4228723404255319,0.07234042553191489,0.9276595744680851
11115,YHR132W-A YCR040W,0.0,NA,0.35043230652809143,477,815,10465,651,0.8818504190844616,0.36919504643962847,0.4228723404255319,0.07225177304964539,0.9277482269503546
11116,YBR075W YGL203C,1.0,NA,0.35707223415374756,476,815,10465,652,0.8817698259187621,0.3687064291247095,0.4219858156028369,0.07225177304964539,0.9277482269503546
11117,YBR207W YKL196C,0.0,NA,0.36000311374664307,476,814,10466,652,0.8818504190844616,0.3689922480620155,0.4219858156028369,0.07216312056737588,0.9278368794326242
11118,YFL034C-A YKL135C,0.0,NA,0.36598604917526245,476,813,10467,652,0.8819310122501612,0.36927851047323507,0.4219858156028369,0.07207446808510638,0.9279255319148936
11119,YBR044C YJL019W,0.0,NA,0.3674905598163605,476,812,10468,652,0.8820116054158608,0.3695652173913043,0.4219858156028369,0.07198581560283689,0.9280141843971631
11120,YMR325W YNL149C,0.0,NA,0.37843793630599976,476,811,10469,652,0.8820921985815603,0.36985236985236986,0.4219858156028369,0.07189716312056738,0.9281028368794326
11121,YGR131W YDR182W,0.0,NA,0.3788991868495941,476,810,10470,652,0.8821727917472598,0.3701399688958009,0.4219858156028369,0.07180851063829788,0.9281914893617021
11122,YOR316C YDR162C,0.0,NA,0.3800245225429535,476,809,10471,652,0.8822533849129593,0.37042801556420235,0.4219858156028369,0.07171985815602837,0.9282801418439717
11123,YJL109C YLR116W,0.0,NA,0.383950799703598,476,808,10472,652,0.8823339780786589,0.3707165109034268,0.4219858156028369,0.07163120567375887,0.9283687943262411
11124,YAL013W YJL143W,0.0,NA,0.39106249809265137,476,807,10473,652,0.8824145712443585,0.37100545596258766,0.4219858156028369,0.07154255319148936,0.9284574468085106
11125,YOR107W YLR256W-A,0.0,NA,0.39518967270851135,476,806,10474,652,0.882495164410058,0.3712948517940718,0.4219858156028369,0.07145390070921986,0.9285460992907801
11126,YDR315C YDR079C-A,0.0,NA,0.3958059549331665,476,805,10475,652,0.8825757575757576,0.37158469945355194,0.4219858156028369,0.07136524822695035,0.9286347517730497
11127,YER144C YBL005W-B,1.0,NA,0.3963806927204132,475,805,10475,653,0.882495164410058,0.37109375,0.42109929078014185,0.07136524822695035,0.9286347517730497
11128,YFR052W YDR434W,1.0,NA,0.39713406562805176,474,805,10475,654,0.8824145712443585,0.3706020328381548,0.42021276595744683,0.07136524822695035,0.9286347517730497
11129,YPR162C YMR267W,0.0,NA,0.4067590534687042,474,804,10476,654,0.882495164410058,0.37089201877934275,0.42021276595744683,0.07127659574468086,0.9287234042553192
11130,YBR057C YDR261C-C,0.0,NA,0.408634752035141,474,803,10477,654,0.8825757575757576,0.3711824588880188,0.42021276595744683,0.07118794326241135,0.9288120567375886
11131,YDR098C-A YHR021C,0.0,NA,0.41999852657318115,474,802,10478,654,0.8826563507414571,0.3714733542319749,0.42021276595744683,0.07109929078014185,0.9289007092198581
11132,YNL239W YFR052W,1.0,NA,0.4223994016647339,473,802,10478,655,0.8825757575757576,0.37098039215686274,0.41932624113475175,0.07109929078014185,0.9289007092198581
11133,YHR200W YLR163C,1.0,NA,0.42960846424102783,472,802,10478,656,0.882495164410058,0.3704866562009419,0.41843971631205673,0.07109929078014185,0.9289007092198581
11134,YGL054C YLR337W,0.0,NA,0.43303054571151733,472,801,10479,656,0.8825757575757576,0.37077769049489395,0.41843971631205673,0.07101063829787234,0.9289893617021276
11135,YBR248C YJL076W,0.0,NA,0.43721017241477966,472,800,10480,656,0.8826563507414571,0.3710691823899371,0.41843971631205673,0.07092198581560284,0.9290780141843972
11136,YDR498C YJL020C,0.0,NA,0.4427831470966339,472,799,10481,656,0.8827369439071566,0.37136113296616835,0.41843971631205673,0.07083333333333333,0.9291666666666667
11137,YJL023C YMR010W,0.0,NA,0.45335376262664795,472,798,10482,656,0.8828175370728563,0.3716535433070866,0.41843971631205673,0.07074468085106383,0.9292553191489362
11138,YGR038C-B YDL104C,1.0,NA,0.4579850435256958,471,798,10482,657,0.8827369439071566,0.37115839243498816,0.4175531914893617,0.07074468085106383,0.9292553191489362
11139,YLR261C YDR097C,0.0,NA,0.45985203981399536,471,797,10483,657,0.8828175370728563,0.3714511041009464,0.4175531914893617,0.07065602836879432,0.9293439716312056
11140,YDR394W YBL005W-B,1.0,NA,0.4708680212497711,470,797,10483,658,0.8827369439071566,0.3709550118389897,0.4166666666666667,0.07065602836879432,0.9293439716312056
11141,YJL113W YGL203C,1.0,NA,0.4777442514896393,469,797,10483,659,0.8826563507414571,0.3704581358609795,0.4157801418439716,0.07065602836879432,0.9293439716312056
11142,YLR274W YLR337W,0.0,NA,0.4801546037197113,469,796,10484,659,0.8827369439071566,0.3707509881422925,0.4157801418439716,0.07056737588652483,0.9294326241134752
11143,YER160C YJL113W,1.0,NA,0.4854147732257843,468,796,10484,660,0.8826563507414571,0.370253164556962,0.4148936170212766,0.07056737588652483,0.9294326241134752
11144,YJR103W YBL040C,0.0,NA,0.4896567761898041,468,795,10485,660,0.8827369439071566,0.37054631828978624,0.4148936170212766,0.07047872340425532,0.9295212765957447
11145,YPL145C YOR213C,0.0,NA,0.4952010214328766,468,794,10486,660,0.8828175370728563,0.37083993660855785,0.4148936170212766,0.07039007092198582,0.9296099290780142
11146,YKL052C YCR080W,0.0,NA,0.4969075322151184,468,793,10487,660,0.8828981302385558,0.3711340206185567,0.4148936170212766,0.07030141843971631,0.9296985815602837
11147,YMR087W YLR256W-A,0.0,NA,0.5011734366416931,468,792,10488,660,0.8829787234042553,0.37142857142857144,0.4148936170212766,0.07021276595744681,0.9297872340425531
11148,YER167W YLR256W-A,0.0,NA,0.5022483468055725,468,791,10489,660,0.8830593165699548,0.37172359015091344,0.4148936170212766,0.0701241134751773,0.9298758865248227
11149,YDL222C YIL071W,0.0,NA,0.5051090121269226,468,790,10490,660,0.8831399097356544,0.37201907790143085,0.4148936170212766,0.0700354609929078,0.9299645390070922
11150,YNL301C YIL071W,0.0,NA,0.5113277435302734,468,789,10491,660,0.883220502901354,0.3723150357995227,0.4148936170212766,0.0699468085106383,0.9300531914893617
11151,YMR247C YAL044W-A,0.0,NA,0.5133087038993835,468,788,10492,660,0.8833010960670535,0.37261146496815284,0.4148936170212766,0.0698581560283688,0.9301418439716312
11152,YIR039C YFR052W,1.0,NA,0.5139463543891907,467,788,10492,661,0.883220502901354,0.37211155378486055,0.41400709219858156,0.0698581560283688,0.9301418439716312
11153,YLR391W YKL196C,0.0,NA,0.5147102475166321,467,787,10493,661,0.8833010960670535,0.372408293460925,0.41400709219858156,0.06976950354609929,0.9302304964539007
11154,YPL063W YKL104C,0.0,NA,0.5154016613960266,467,786,10494,661,0.8833816892327531,0.37270550678371905,0.41400709219858156,0.06968085106382979,0.9303191489361702
11155,YMR092C YDL238C,0.0,NA,0.5164061188697815,467,785,10495,661,0.8834622823984526,0.3730031948881789,0.41400709219858156,0.06959219858156028,0.9304078014184397
11156,YOL111C YGR038C-A,0.0,NA,0.5244061350822449,467,784,10496,661,0.8835428755641521,0.3733013589128697,0.41400709219858156,0.06950354609929078,0.9304964539007092
11157,YBL067C YBL005W-B,1.0,NA,0.53043133020401,466,784,10496,662,0.8834622823984526,0.3728,0.41312056737588654,0.06950354609929078,0.9304964539007092
11158,YGR088W YPR032W,0.0,NA,0.5332421064376831,466,783,10497,662,0.8835428755641521,0.37309847878302643,0.41312056737588654,0.06941489361702127,0.9305851063829788
11159,YKR094C YGL240W,0.0,NA,0.5339102149009705,466,782,10498,662,0.8836234687298518,0.3733974358974359,0.41312056737588654,0.06932624113475178,0.9306737588652483
11160,YKL200C YMR124W,0.0,NA,0.5349805951118469,466,781,10499,662,0.8837040618955513,0.3736968724939856,0.41312056737588654,0.06923758865248227,0.9307624113475177
11161,YLR037C YGL046W,0.0,NA,0.537962794303894,466,780,10500,662,0.8837846550612508,0.3739967897271268,0.41312056737588654,0.06914893617021277,0.9308510638297872
11162,YJR026W YDR324C,0.0,NA,0.5486310720443726,466,779,10501,662,0.8838652482269503,0.3742971887550201,0.41312056737588654,0.06906028368794326,0.9309397163120567
11163,YDR261C-C YGR080W,0.0,NA,0.5500911474227905,466,778,10502,662,0.8839458413926499,0.3745980707395498,0.41312056737588654,0.06897163120567376,0.9310283687943263
11164,YLR088W YPR103W,1.0,NA,0.5526253581047058,465,778,10502,663,0.8838652482269503,0.37409493161705554,0.4122340425531915,0.06897163120567376,0.9310283687943263
11165,YMR056C YGL046W,0.0,NA,0.5535774230957031,465,777,10503,663,0.8839458413926499,0.3743961352657005,0.4122340425531915,0.06888297872340425,0.9311170212765958
11166,YBR035C YKL199C,0.0,NA,0.554507851600647,465,776,10504,663,0.8840264345583495,0.37469782433521354,0.4122340425531915,0.06879432624113475,0.9312056737588652
11167,YBL057C YNL220W,0.0,NA,0.5617443919181824,465,775,10505,663,0.884107027724049,0.375,0.4122340425531915,0.06870567375886524,0.9312943262411347
11168,YGR091W YLR337W,0.0,NA,0.5631725192070007,465,774,10506,663,0.8841876208897486,0.37530266343825663,0.4122340425531915,0.06861702127659575,0.9313829787234043
11169,YFR016C YDL126C,0.0,NA,0.5638045072555542,465,773,10507,663,0.8842682140554481,0.3756058158319871,0.4122340425531915,0.06852836879432624,0.9314716312056738
11170,YDR207C YKL201C,0.0,NA,0.5644906163215637,465,772,10508,663,0.8843488072211476,0.375909458367017,0.4122340425531915,0.06843971631205674,0.9315602836879433
11171,YLL019C YIL071W,0.0,NA,0.5646907091140747,465,771,10509,663,0.8844294003868471,0.3762135922330097,0.4122340425531915,0.06835106382978723,0.9316489361702127
11172,YMR202W YCR080W,0.0,NA,0.5647889375686646,465,770,10510,663,0.8845099935525468,0.3765182186234818,0.4122340425531915,0.06826241134751773,0.9317375886524822
11173,YLR088W YBR075W,1.0,NA,0.5648071765899658,464,770,10510,664,0.8844294003868471,0.3760129659643436,0.41134751773049644,0.06826241134751773,0.9317375886524822
11174,YKL183W YGL046W,0.0,NA,0.5648701786994934,464,769,10511,664,0.8845099935525468,0.37631792376317924,0.41134751773049644,0.06817375886524822,0.9318262411347518
11175,YDR394W YLR163C,1.0,NA,0.5651012063026428,463,769,10511,665,0.8844294003868471,0.3758116883116883,0.4104609929078014,0.06817375886524822,0.9318262411347518
11176,YBR075W YDR415C,1.0,NA,0.5651428699493408,462,769,10511,666,0.8843488072211476,0.3753046303818034,0.4095744680851064,0.06817375886524822,0.9318262411347518
11177,YBR075W YER094C,1.0,NA,0.5652461051940918,461,769,10511,667,0.8842682140554481,0.3747967479674797,0.40868794326241137,0.06817375886524822,0.9318262411347518
11178,YCL062W YCL050C,0.0,NA,0.5652840733528137,461,768,10512,667,0.8843488072211476,0.37510170870626525,0.40868794326241137,0.06808510638297872,0.9319148936170213
11179,YBR075W YPR103W,1.0,NA,0.5657033324241638,460,768,10512,668,0.8842682140554481,0.3745928338762215,0.4078014184397163,0.06808510638297872,0.9319148936170213
11180,YLR315W YGL046W,0.0,NA,0.5660398602485657,460,767,10513,668,0.8843488072211476,0.37489812550937246,0.4078014184397163,0.06799645390070921,0.9320035460992908
11181,YGR207C YKL199C,0.0,NA,0.5663994550704956,460,766,10514,668,0.8844294003868471,0.37520391517128876,0.4078014184397163,0.06790780141843972,0.9320921985815603
11182,YDR516C YLR391W,0.0,NA,0.566499650478363,460,765,10515,668,0.8845099935525468,0.37551020408163266,0.4078014184397163,0.0678191489361702,0.9321808510638298
11183,YBR075W YDR331W,1.0,NA,0.5665052533149719,459,765,10515,669,0.8844294003868471,0.375,0.40691489361702127,0.0678191489361702,0.9321808510638298
11184,YJL011C YCL003W,0.0,NA,0.5666465163230896,459,764,10516,669,0.8845099935525468,0.37530662305805396,0.40691489361702127,0.06773049645390071,0.9322695035460993
11185,YJL018W YAR042W,0.0,NA,0.5668042898178101,459,763,10517,669,0.8845905867182463,0.37561374795417346,0.40691489361702127,0.0676418439716312,0.9323581560283688
11186,YER082C YCL003W,0.0,NA,0.5668152570724487,459,762,10518,669,0.8846711798839458,0.3759213759213759,0.40691489361702127,0.0675531914893617,0.9324468085106383
11187,YJL018W YFL042C,0.0,NA,0.5669881701469421,459,761,10519,669,0.8847517730496454,0.3762295081967213,0.40691489361702127,0.06746453900709219,0.9325354609929078
11188,YDR471W YLR337W,0.0,NA,0.5671595335006714,459,760,10520,669,0.8848323662153449,0.37653814602132896,0.40691489361702127,0.0673758865248227,0.9326241134751773
11189,YML055W YBR075W,1.0,NA,0.5673187375068665,458,760,10520,670,0.8847517730496454,0.3760262725779967,0.40602836879432624,0.0673758865248227,0.9326241134751773
11190,YML075C YLR391W,0.0,NA,0.5674868822097778,458,759,10521,670,0.8848323662153449,0.3763352506162695,0.40602836879432624,0.0672872340425532,0.9327127659574468
11191,YHR132W-A YOR315W,0.0,NA,0.567609429359436,458,758,10522,670,0.8849129593810445,0.37664473684210525,0.40602836879432624,0.06719858156028369,0.9328014184397163
11192,YBR075W YFR018C,1.0,NA,0.5676425695419312,457,758,10522,671,0.8848323662153449,0.37613168724279833,0.4051418439716312,0.06719858156028369,0.9328014184397163
11193,YBR075W YER078C,1.0,NA,0.5682475566864014,456,758,10522,672,0.8847517730496454,0.3756177924217463,0.40425531914893614,0.06719858156028369,0.9328014184397163
11194,YGR098C YBR075W,1.0,NA,0.5683259963989258,455,758,10522,673,0.8846711798839458,0.3751030502885408,0.4033687943262411,0.06719858156028369,0.9328014184397163
11195,YOR223W YKL199C,0.0,NA,0.5686327815055847,455,757,10523,673,0.8847517730496454,0.37541254125412543,0.4033687943262411,0.06710992907801419,0.9328900709219858
11196,YLR144C YCL062W,0.0,NA,0.5689460039138794,455,756,10524,673,0.8848323662153449,0.37572254335260113,0.4033687943262411,0.06702127659574468,0.9329787234042554
11197,YPL130W YIL017W,0.0,NA,0.5691507458686829,455,755,10525,673,0.8849129593810445,0.3760330578512397,0.4033687943262411,0.06693262411347518,0.9330673758865248
11198,YLL027W YLR337W,0.0,NA,0.5694287419319153,455,754,10526,673,0.8849935525467441,0.3763440860215054,0.4033687943262411,0.06684397163120567,0.9331560283687943
11199,YBR075W YFR006W,1.0,NA,0.5694981217384338,454,754,10526,674,0.8849129593810445,0.3758278145695364,0.4024822695035461,0.06684397163120567,0.9331560283687943
11200,YNR032W YFR024C-A,0.0,NA,0.5698769092559814,454,753,10527,674,0.8849935525467441,0.376139188069594,0.4024822695035461,0.06675531914893618,0.9332446808510638
11201,YFL046W YJL018W,0.0,NA,0.569882333278656,454,752,10528,674,0.8850741457124436,0.37645107794361526,0.4024822695035461,0.06666666666666667,0.9333333333333333
11202,YNL201C YOL103W-A,0.0,NA,0.5704435706138611,454,751,10529,674,0.8851547388781431,0.3767634854771784,0.4024822695035461,0.06657801418439717,0.9334219858156029
11203,YMR267W YKL199C,0.0,NA,0.5708551406860352,454,750,10530,674,0.8852353320438426,0.3770764119601329,0.4024822695035461,0.06648936170212766,0.9335106382978723
11204,YLR298C YCR080W,0.0,NA,0.5709120035171509,454,749,10531,674,0.8853159252095423,0.3773898586866168,0.4024822695035461,0.06640070921985816,0.9335992907801418
11205,YKL199C YJR004C,0.0,NA,0.5711525082588196,454,748,10532,674,0.8853965183752418,0.3777038269550749,0.4024822695035461,0.06631205673758865,0.9336879432624113
11206,YER151C YER160C,1.0,NA,0.5713375210762024,453,748,10532,675,0.8853159252095423,0.3771856786011657,0.4015957446808511,0.06631205673758865,0.9336879432624113
11207,YEL039C YCR080W,0.0,NA,0.5717747211456299,453,747,10533,675,0.8853965183752418,0.3775,0.4015957446808511,0.06622340425531915,0.9337765957446809
11208,YOR145C YCL062W,0.0,NA,0.5722835063934326,453,746,10534,675,0.8854771115409413,0.377814845704754,0.4015957446808511,0.06613475177304964,0.9338652482269504
11209,YLR391W YFL031W,0.0,NA,0.5757946372032166,453,745,10535,675,0.8855577047066409,0.3781302170283806,0.4015957446808511,0.06604609929078015,0.9339539007092199
11210,YHR084W YCL003W,0.0,NA,0.5773935317993164,453,744,10536,675,0.8856382978723404,0.37844611528822053,0.4015957446808511,0.06595744680851064,0.9340425531914893
11211,YBR075W YFR052W,1.0,NA,0.5778630375862122,452,744,10536,676,0.8855577047066409,0.3779264214046823,0.40070921985815605,0.06595744680851064,0.9340425531914893
11212,YBR075W YDR533C,1.0,NA,0.5788978338241577,451,744,10536,677,0.8854771115409413,0.37740585774058577,0.399822695035461,0.06595744680851064,0.9340425531914893
11213,YPL145C YCL003W,0.0,NA,0.580079972743988,451,743,10537,677,0.8855577047066409,0.3777219430485762,0.399822695035461,0.06586879432624114,0.9341312056737588
11214,YKL200C YDR316W,0.0,NA,0.5803614854812622,451,742,10538,677,0.8856382978723404,0.37803855825649624,0.399822695035461,0.06578014184397163,0.9342198581560284
11215,YIL071W YBR183W,0.0,NA,0.5804982781410217,451,741,10539,677,0.88571889103804,0.3783557046979866,0.399822695035461,0.06569148936170213,0.9343085106382979
11216,YBR075W YKL134C,1.0,NA,0.5812590718269348,450,741,10539,678,0.8856382978723404,0.3778337531486146,0.39893617021276595,0.06569148936170213,0.9343085106382979
11217,YGL101W YCR080W,0.0,NA,0.5815603733062744,450,740,10540,678,0.88571889103804,0.37815126050420167,0.39893617021276595,0.06560283687943262,0.9343971631205674
11218,YLR391W YBR141C,0.0,NA,0.5815713405609131,450,739,10541,678,0.8857994842037396,0.37846930193439865,0.39893617021276595,0.06551418439716312,0.9344858156028368
11219,YNL307C YGL046W,0.0,NA,0.5832487344741821,450,738,10542,678,0.8858800773694391,0.3787878787878788,0.39893617021276595,0.06542553191489361,0.9345744680851064
11220,YKL200C YCR011C,0.0,NA,0.5849418044090271,450,737,10543,678,0.8859606705351386,0.37910699241786017,0.39893617021276595,0.06533687943262412,0.9346631205673759
11221,YLR391W YLR283W,0.0,NA,0.5854151248931885,450,736,10544,678,0.8860412637008381,0.3794266441821248,0.39893617021276595,0.06524822695035461,0.9347517730496454
11222,YLR337W YNL267W,0.0,NA,0.5857715606689453,450,735,10545,678,0.8861218568665378,0.379746835443038,0.39893617021276595,0.06515957446808511,0.9348404255319149
11223,YGL178W YJL018W,0.0,NA,0.5860135555267334,450,734,10546,678,0.8862024500322373,0.38006756756756754,0.39893617021276595,0.0650709219858156,0.9349290780141843
11224,YDR074W YIL071W,0.0,NA,0.5860633850097656,450,733,10547,678,0.8862830431979368,0.3803888419273035,0.39893617021276595,0.0649822695035461,0.9350177304964539
11225,YNL310C YCL003W,0.0,NA,0.5862143635749817,450,732,10548,678,0.8863636363636364,0.38071065989847713,0.39893617021276595,0.06489361702127659,0.9351063829787234
11226,YJL011C YLR337W,0.0,NA,0.5863379836082458,450,731,10549,678,0.8864442295293359,0.3810330228619814,0.39893617021276595,0.0648049645390071,0.9351950354609929
11227,YJR041C YCL062W,0.0,NA,0.5867857336997986,450,730,10550,678,0.8865248226950354,0.3813559322033898,0.39893617021276595,0.06471631205673758,0.9352836879432624
11228,YGR059W YGL046W,0.0,NA,0.5868893265724182,450,729,10551,678,0.886605415860735,0.3816793893129771,0.39893617021276595,0.06462765957446809,0.935372340425532
11229,YDL104C YGR027W-B,1.0,NA,0.5873764157295227,449,729,10551,679,0.8865248226950354,0.38115449915110355,0.3980496453900709,0.06462765957446809,0.935372340425532
11230,YER170W YCR080W,0.0,NA,0.587532103061676,449,728,10552,679,0.886605415860735,0.38147833474936277,0.3980496453900709,0.06453900709219858,0.9354609929078014
11231,YKL200C YGL224C,0.0,NA,0.5878720879554749,449,727,10553,679,0.8866860090264346,0.3818027210884354,0.3980496453900709,0.06445035460992908,0.9355496453900709
11232,YLR371W YLR337W,0.0,NA,0.5900553464889526,449,726,10554,679,0.8867666021921341,0.3821276595744681,0.3980496453900709,0.06436170212765957,0.9356382978723404
11233,YBR075W YLR163C,1.0,NA,0.591625452041626,448,726,10554,680,0.8866860090264346,0.38160136286201024,0.3971631205673759,0.06436170212765957,0.9356382978723404
11234,YHR200W YBR075W,1.0,NA,0.5924743413925171,447,726,10554,681,0.886605415860735,0.38107416879795397,0.3962765957446808,0.06436170212765957,0.9356382978723404
11235,YJL018W YJR009C,0.0,NA,0.5927659869194031,447,725,10555,681,0.8866860090264346,0.38139931740614336,0.3962765957446808,0.06427304964539007,0.93572695035461
11236,YJL062W YLR116W,0.0,NA,0.5944305062294006,447,724,10556,681,0.8867666021921341,0.3817250213492741,0.3962765957446808,0.06418439716312056,0.9358156028368795
11237,YNL239W YDR434W,1.0,NA,0.5948203206062317,446,724,10556,682,0.8866860090264346,0.3811965811965812,0.3953900709219858,0.06418439716312056,0.9358156028368795
11238,YDR098C-A YOR265W,0.0,NA,0.5963270664215088,446,723,10557,682,0.8867666021921341,0.38152266894781867,0.3953900709219858,0.06409574468085107,0.9359042553191489
11239,YCL062W YLR147C,0.0,NA,0.5978907346725464,446,722,10558,682,0.8868471953578336,0.3818493150684932,0.3953900709219858,0.06400709219858156,0.9359929078014184
11240,YPR137W YCL003W,0.0,NA,0.6004160642623901,446,721,10559,682,0.8869277885235332,0.38217652099400173,0.3953900709219858,0.06391843971631206,0.9360815602836879
11241,YIL071W YJR046W,0.0,NA,0.6027083396911621,446,720,10560,682,0.8870083816892328,0.38250428816466553,0.3953900709219858,0.06382978723404255,0.9361702127659575
11242,YBR075W YNL191W,1.0,NA,0.6037550568580627,445,720,10560,683,0.8869277885235332,0.38197424892703863,0.3945035460992908,0.06382978723404255,0.9361702127659575
11243,YCR027C YGL240W,0.0,NA,0.6044195294380188,445,719,10561,683,0.8870083816892328,0.38230240549828176,0.3945035460992908,0.06374113475177305,0.936258865248227
11244,YCR080W YDR311W,0.0,NA,0.6059251427650452,445,718,10562,683,0.8870889748549323,0.3826311263972485,0.3945035460992908,0.06365248226950354,0.9363475177304964
11245,YKL039W YDL126C,0.0,NA,0.6082763671875,445,717,10563,683,0.8871695680206318,0.382960413080895,0.3945035460992908,0.06356382978723404,0.9364361702127659
11246,YNL330C YGR046W,0.0,NA,0.6084317564964294,445,716,10564,683,0.8872501611863314,0.3832902670111972,0.3945035460992908,0.06347517730496453,0.9365248226950355
11247,YHL023C YCL062W,0.0,NA,0.6087952256202698,445,715,10565,683,0.8873307543520309,0.38362068965517243,0.3945035460992908,0.06338652482269504,0.936613475177305
11248,YLR208W YGL046W,0.0,NA,0.609556257724762,445,714,10566,683,0.8874113475177305,0.3839516824849008,0.3945035460992908,0.06329787234042553,0.9367021276595745
11249,YDL143W YBL059C-A,0.0,NA,0.613249659538269,445,713,10567,683,0.8874919406834301,0.3842832469775475,0.3945035460992908,0.06320921985815603,0.936790780141844
11250,YKL199C YDR097C,0.0,NA,0.6155706644058228,445,712,10568,683,0.8875725338491296,0.38461538461538464,0.3945035460992908,0.06312056737588652,0.9368794326241134
11251,YKL200C YOL013C,0.0,NA,0.615975022315979,445,711,10569,683,0.8876531270148291,0.38494809688581316,0.3945035460992908,0.06303191489361702,0.936968085106383
11252,YBR075W YMR150C,1.0,NA,0.6164807677268982,444,711,10569,684,0.8875725338491296,0.38441558441558443,0.39361702127659576,0.06303191489361702,0.936968085106383
11253,YHR002W YCR080W,0.0,NA,0.6191640496253967,444,710,10570,684,0.8876531270148291,0.3847487001733102,0.39361702127659576,0.06294326241134751,0.9370567375886525
11254,YDL222C YBL059C-A,0.0,NA,0.6210969090461731,444,709,10571,684,0.8877337201805287,0.38508239375542064,0.39361702127659576,0.06285460992907801,0.937145390070922
11255,YJL018W YDR341C,0.0,NA,0.6219838857650757,444,708,10572,684,0.8878143133462283,0.3854166666666667,0.39361702127659576,0.0627659574468085,0.9372340425531915
11256,YBR075W YOR343C-B,1.0,NA,0.6224851608276367,443,708,10572,685,0.8877337201805287,0.3848827106863597,0.39273049645390073,0.0627659574468085,0.9372340425531915
11257,YLR391W-A YDR317W,0.0,NA,0.6224851608276367,443,707,10573,685,0.8878143133462283,0.38521739130434784,0.39273049645390073,0.06267730496453901,0.937322695035461
11258,YER151C YOR343C-B,1.0,NA,0.6224851608276367,442,707,10573,686,0.8877337201805287,0.3846823324630113,0.39184397163120566,0.06267730496453901,0.937322695035461
11259,YGR038C-B YBR075W,1.0,NA,0.6224851608276367,441,707,10573,687,0.8876531270148291,0.38414634146341464,0.39095744680851063,0.06267730496453901,0.937322695035461
11260,YPR030W YBR296C-A,0.0,NA,0.6224851608276367,441,706,10574,687,0.8877337201805287,0.38448125544899736,0.39095744680851063,0.0625886524822695,0.9374113475177305
11261,YDR060W YBR111W-A,0.0,NA,0.6224851608276367,441,705,10575,687,0.8878143133462283,0.38481675392670156,0.39095744680851063,0.0625,0.9375
11262,YJL145W YBR296C-A,0.0,NA,0.6224851608276367,441,704,10576,687,0.8878949065119278,0.3851528384279476,0.39095744680851063,0.062411347517730496,0.9375886524822695
11263,YOR396W YBR105C,0.0,NA,0.6224851608276367,441,703,10577,687,0.8879754996776273,0.38548951048951047,0.39095744680851063,0.06232269503546099,0.937677304964539
11264,YDL134C-A YPR151C,0.0,NA,0.6224851608276367,441,702,10578,687,0.8880560928433269,0.3858267716535433,0.39095744680851063,0.06223404255319149,0.9377659574468085
11265,YDL104C YOR343C-B,1.0,NA,0.6224851608276367,440,702,10578,688,0.8879754996776273,0.38528896672504376,0.3900709219858156,0.06223404255319149,0.9377659574468085
11266,YBR111W-A YOR080W,0.0,NA,0.6224851608276367,440,701,10579,688,0.8880560928433269,0.38562664329535495,0.3900709219858156,0.062145390070921985,0.937854609929078
11267,YOR343C-B YFR018C,1.0,NA,0.6224851608276367,439,701,10579,689,0.8879754996776273,0.3850877192982456,0.3891843971631206,0.062145390070921985,0.937854609929078
11268,YPR021C YJL133C-A,0.0,NA,0.6224851608276367,439,700,10580,689,0.8880560928433269,0.3854258121158911,0.3891843971631206,0.06205673758865248,0.9379432624113475
11269,YHR012W YOR020W-A,0.0,NA,0.6224851608276367,439,699,10581,689,0.8881366860090264,0.38576449912126537,0.3891843971631206,0.06196808510638298,0.938031914893617
11270,YDR331W YOR343C-B,1.0,NA,0.6224851608276367,438,699,10581,690,0.8880560928433269,0.38522427440633245,0.3882978723404255,0.06196808510638298,0.938031914893617
11271,YGL192W YOR020W-A,0.0,NA,0.6224851608276367,438,698,10582,690,0.8881366860090264,0.3855633802816901,0.3882978723404255,0.061879432624113474,0.9381205673758866
11272,YGL194C-A YPR125W,0.0,NA,0.6224851608276367,438,697,10583,690,0.888217279174726,0.3859030837004405,0.3882978723404255,0.06179078014184397,0.938209219858156
11273,YCL001W-B YMR112C,0.0,NA,0.6224851608276367,438,696,10584,690,0.8882978723404256,0.3862433862433862,0.3882978723404255,0.06170212765957447,0.9382978723404255
11274,YBR296C-A YJR055W,0.0,NA,0.6224851608276367,438,695,10585,690,0.8883784655061251,0.38658428949691087,0.3882978723404255,0.06161347517730496,0.938386524822695
11275,YMR272C YDL134C-A,0.0,NA,0.6224851608276367,438,694,10586,690,0.8884590586718246,0.3869257950530035,0.3882978723404255,0.06152482269503546,0.9384751773049645
11276,YJR090C YNL138W-A,0.0,NA,0.6224851608276367,438,693,10587,690,0.8885396518375241,0.38726790450928383,0.3882978723404255,0.061436170212765956,0.9385638297872341
11277,YPL219W YKL138C-A,0.0,NA,0.6224851608276367,438,692,10588,690,0.8886202450032237,0.38761061946902653,0.3882978723404255,0.06134751773049645,0.9386524822695036
11278,YBR196C-A YDR519W,0.0,NA,0.6224851608276367,438,691,10589,690,0.8887008381689233,0.3879539415411869,0.3882978723404255,0.06125886524822695,0.938741134751773
11279,YMR056C YOR020W-A,0.0,NA,0.6224851608276367,438,690,10590,690,0.8887814313346228,0.3882978723404255,0.3882978723404255,0.061170212765957445,0.9388297872340425
11280,YBR207W YDL160C-A,0.0,NA,0.6224851608276367,438,689,10591,690,0.8888620245003224,0.38864241348713396,0.3882978723404255,0.06108156028368794,0.9389184397163121
11281,YBR104W YBR196C-A,0.0,NA,0.6224851608276367,438,688,10592,690,0.8889426176660219,0.38898756660746003,0.3882978723404255,0.06099290780141844,0.9390070921985816
11282,YLR406C-A YDL246C,0.0,NA,0.6224851608276367,438,687,10593,690,0.8890232108317214,0.3893333333333333,0.3882978723404255,0.060904255319148934,0.9390957446808511
11283,YML103C YIL071W,0.0,NA,0.6224851608276367,438,686,10594,690,0.8891038039974211,0.3896797153024911,0.3882978723404255,0.06081560283687943,0.9391843971631205
11284,YGL248W YCR075W-A,0.0,NA,0.6224851608276367,438,685,10595,690,0.8891843971631206,0.390026714158504,0.3882978723404255,0.060726950354609927,0.93927304964539
11285,YGR094W YGL194C-A,0.0,NA,0.6224851608276367,438,684,10596,690,0.8892649903288201,0.39037433155080214,0.3882978723404255,0.06063829787234042,0.9393617021276596
11286,YBR296C-A YPL249C,0.0,NA,0.6224851608276367,438,683,10597,690,0.8893455834945196,0.39072256913470116,0.3882978723404255,0.06054964539007092,0.9394503546099291
11287,YLR391W-A YBR203W,0.0,NA,0.6224851608276367,438,682,10598,690,0.8894261766602192,0.39107142857142857,0.3882978723404255,0.060460992907801415,0.9395390070921986
11288,YIL017W YDR237W,0.0,NA,0.6224851608276367,438,681,10599,690,0.8895067698259188,0.3914209115281501,0.3882978723404255,0.06037234042553191,0.939627659574468
11289,YBR248C YOR032W-A,0.0,NA,0.6224851608276367,438,680,10600,690,0.8895873629916183,0.39177101967799643,0.3882978723404255,0.06028368794326241,0.9397163120567376
11290,YDL160C-A YJR084W,0.0,NA,0.6224851608276367,438,679,10601,690,0.8896679561573179,0.39212175470008953,0.3882978723404255,0.060195035460992904,0.9398049645390071
11291,YJL127C-B YMR313C,0.0,NA,0.6224851608276367,438,678,10602,690,0.8897485493230174,0.3924731182795699,0.3882978723404255,0.0601063829787234,0.9398936170212766
11292,YGL178W YOR032W-A,0.0,NA,0.6224851608276367,438,677,10603,690,0.8898291424887169,0.39282511210762333,0.3882978723404255,0.060017730496453904,0.9399822695035461
11293,YLR391W-A YDR377W,0.0,NA,0.6224851608276367,438,676,10604,690,0.8899097356544166,0.39317773788150806,0.3882978723404255,0.0599290780141844,0.9400709219858157
11294,YIL071W YHR009C,0.0,NA,0.6224851608276367,438,675,10605,690,0.8899903288201161,0.3935309973045822,0.3882978723404255,0.0598404255319149,0.9401595744680851
11295,YPR024W YOR343C-B,1.0,NA,0.6224851608276367,437,675,10605,691,0.8899097356544166,0.39298561151079137,0.3874113475177305,0.0598404255319149,0.9401595744680851
11296,YLR406C-A YHL006C,0.0,NA,0.6224851608276367,437,674,10606,691,0.8899903288201161,0.3933393339333933,0.3874113475177305,0.05975177304964539,0.9402482269503546
11297,YPL053C YDL160C-A,0.0,NA,0.6224851608276367,437,673,10607,691,0.8900709219858156,0.39369369369369367,0.3874113475177305,0.05966312056737589,0.9403368794326241
11298,YCL001W-B YDR201W,0.0,NA,0.6224851608276367,437,672,10608,691,0.8901515151515151,0.39404869251578,0.3874113475177305,0.059574468085106386,0.9404255319148936
11299,YLR391W-A YBR111C,0.0,NA,0.6224851608276367,437,671,10609,691,0.8902321083172147,0.3944043321299639,0.3874113475177305,0.05948581560283688,0.9405141843971632
11300,YDL160C-A YML114C,0.0,NA,0.6224851608276367,437,670,10610,691,0.8903127014829143,0.3947606142728094,0.3874113475177305,0.05939716312056738,0.9406028368794326
11301,YJL127C-B YML132W,0.0,NA,0.6224851608276367,437,669,10611,691,0.8903932946486138,0.39511754068716093,0.3874113475177305,0.059308510638297875,0.9406914893617021
11302,YDL134C-A YIL147C,0.0,NA,0.6224851608276367,437,668,10612,691,0.8904738878143134,0.39547511312217193,0.3874113475177305,0.05921985815602837,0.9407801418439716
11303,YBR296C-A YOR196C,0.0,NA,0.6224851608276367,437,667,10613,691,0.8905544809800129,0.3958333333333333,0.3874113475177305,0.05913120567375887,0.9408687943262412
11304,YIL156W-B YGR229C,0.0,NA,0.6224851608276367,437,666,10614,691,0.8906350741457124,0.39619220308250225,0.3874113475177305,0.059042553191489364,0.9409574468085107
11305,YBL042C YBR196C-A,0.0,NA,0.6224851608276367,437,665,10615,691,0.8907156673114119,0.39655172413793105,0.3874113475177305,0.05895390070921986,0.9410460992907801
11306,YBR296C-A YHR176W,0.0,NA,0.6224851608276367,437,664,10616,691,0.8907962604771116,0.39691189827429607,0.3874113475177305,0.058865248226950356,0.9411347517730496
11307,YNL191W YOR343C-B,1.0,NA,0.6224851608276367,436,664,10616,692,0.8907156673114119,0.39636363636363636,0.38652482269503546,0.058865248226950356,0.9411347517730496
11308,YJR118C YKL138C-A,0.0,NA,0.6224851608276367,436,663,10617,692,0.8907962604771116,0.39672429481346677,0.38652482269503546,0.05877659574468085,0.9412234042553191
11309,YCL001W-B YJL165C,0.0,NA,0.6224851608276367,436,662,10618,692,0.8908768536428111,0.3970856102003643,0.38652482269503546,0.05868794326241135,0.9413120567375887
11310,YMR124W YBR196C-A,0.0,NA,0.6224851608276367,436,661,10619,692,0.8909574468085106,0.3974475843208751,0.38652482269503546,0.058599290780141845,0.9414007092198582
11311,YOR343C-A YCR052W,0.0,NA,0.6224851608276367,436,660,10620,692,0.8910380399742102,0.3978102189781022,0.38652482269503546,0.05851063829787234,0.9414893617021277
11312,YJL113W YOR343C-B,1.0,NA,0.6224851608276367,435,660,10620,693,0.8909574468085106,0.3972602739726027,0.38563829787234044,0.05851063829787234,0.9414893617021277
11313,YDL160C-A YLR131C,0.0,NA,0.6224851608276367,435,659,10621,693,0.8910380399742102,0.3976234003656307,0.38563829787234044,0.05842198581560284,0.9415780141843971
11314,YNL054W-B YOR343C-B,1.0,NA,0.6224851608276367,434,659,10621,694,0.8909574468085106,0.3970722781335773,0.38475177304964536,0.05842198581560284,0.9415780141843971
11315,YNL024C-A YER167W,0.0,NA,0.6224851608276367,434,658,10622,694,0.8910380399742102,0.3974358974358974,0.38475177304964536,0.058333333333333334,0.9416666666666667
11316,YDR350C YOR032W-A,0.0,NA,0.6224851608276367,434,657,10623,694,0.8911186331399097,0.39780018331805683,0.38475177304964536,0.05824468085106383,0.9417553191489362
11317,YAR070W-A YPL178W,0.0,NA,0.6224851608276367,434,656,10624,694,0.8911992263056093,0.3981651376146789,0.38475177304964536,0.05815602836879433,0.9418439716312057
11318,YDL229W YDL160C-A,0.0,NA,0.6224851608276367,434,655,10625,694,0.8912798194713089,0.3985307621671258,0.38475177304964536,0.05806737588652482,0.9419326241134752
11319,YDR036C YJL133C-A,0.0,NA,0.6224851608276367,434,654,10626,694,0.8913604126370084,0.39889705882352944,0.38475177304964536,0.05797872340425532,0.9420212765957446
11320,YBR111W-A YDL025C,0.0,NA,0.6224851608276367,434,653,10627,694,0.8914410058027079,0.39926402943882244,0.38475177304964536,0.057890070921985816,0.9421099290780142
11321,YNL273W YDL134C-A,0.0,NA,0.6224851608276367,434,652,10628,694,0.8915215989684074,0.3996316758747698,0.38475177304964536,0.05780141843971631,0.9421985815602837
11322,YDR077W YDL160C-A,0.0,NA,0.6224851608276367,434,651,10629,694,0.8916021921341071,0.4,0.38475177304964536,0.05771276595744681,0.9422872340425532
11323,YMR267W YIL156W-B,0.0,NA,0.6224851608276367,434,650,10630,694,0.8916827852998066,0.4003690036900369,0.38475177304964536,0.057624113475177305,0.9423758865248227
11324,YGR169C-C YGL083W,0.0,NA,0.6224851608276367,434,649,10631,694,0.8917633784655061,0.4007386888273315,0.38475177304964536,0.0575354609929078,0.9424645390070922
11325,YGR034W YGL194C-A,0.0,NA,0.6224851608276367,434,648,10632,694,0.8918439716312057,0.4011090573012939,0.38475177304964536,0.0574468085106383,0.9425531914893617
11326,YDR517W YOR343C-A,0.0,NA,0.6224851608276367,434,647,10633,694,0.8919245647969052,0.40148011100832565,0.38475177304964536,0.057358156028368794,0.9426418439716312
11327,YCL001W-B YGL178W,0.0,NA,0.6224851608276367,434,646,10634,694,0.8920051579626048,0.40185185185185185,0.38475177304964536,0.05726950354609929,0.9427304964539007
11328,YCR075W-A YIL017C,0.0,NA,0.6224851608276367,434,645,10635,694,0.8920857511283043,0.40222428174235403,0.38475177304964536,0.057180851063829786,0.9428191489361702
11329,YDR098C-B YOR343C-B,1.0,NA,0.6224851608276367,433,645,10635,695,0.8920051579626048,0.40166975881261596,0.38386524822695034,0.057180851063829786,0.9428191489361702
11330,YOR343C-B YIR039C,1.0,NA,0.6224851608276367,432,645,10635,696,0.8919245647969052,0.4011142061281337,0.3829787234042553,0.057180851063829786,0.9428191489361702
11331,YMR316C-A YJL018W,0.0,NA,0.6224851608276367,432,644,10636,696,0.8920051579626048,0.40148698884758366,0.3829787234042553,0.05709219858156028,0.9429078014184397
11332,YBR111W-A YBR187W,0.0,NA,0.6224851608276367,432,643,10637,696,0.8920857511283043,0.4018604651162791,0.3829787234042553,0.05700354609929078,0.9429964539007092
11333,YJL127C-B YLR332W,0.0,NA,0.6224851608276367,432,642,10638,696,0.8921663442940039,0.4022346368715084,0.3829787234042553,0.056914893617021275,0.9430851063829787
11334,YPL150W YIL017W,0.0,NA,0.6224851608276367,432,641,10639,696,0.8922469374597034,0.4026095060577819,0.3829787234042553,0.05682624113475177,0.9431737588652482
11335,YGL194C-A YEL072W,0.0,NA,0.6224851608276367,432,640,10640,696,0.8923275306254029,0.40298507462686567,0.3829787234042553,0.05673758865248227,0.9432624113475178
11336,YIL156W-B YML048W,0.0,NA,0.6224851608276367,432,639,10641,696,0.8924081237911026,0.40336134453781514,0.3829787234042553,0.056648936170212764,0.9433510638297873
11337,YBR133C YBR111W-A,0.0,NA,0.6224851608276367,432,638,10642,696,0.8924887169568021,0.40373831775700936,0.3829787234042553,0.05656028368794326,0.9434397163120567
11338,YMR159C YBR296C-A,0.0,NA,0.6224851608276367,432,637,10643,696,0.8925693101225016,0.40411599625818523,0.3829787234042553,0.05647163120567376,0.9435283687943262
11339,YDR210W-B YOR343C-B,1.0,NA,0.6224851608276367,431,637,10643,697,0.8924887169568021,0.4035580524344569,0.3820921985815603,0.05647163120567376,0.9435283687943262
11340,YER160C YOR343C-B,1.0,NA,0.6224851608276367,430,637,10643,698,0.8924081237911026,0.4029990627928772,0.38120567375886527,0.05647163120567376,0.9435283687943262
11341,YGL030W YLR406C-A,0.0,NA,0.6224851608276367,430,636,10644,698,0.8924887169568021,0.40337711069418386,0.38120567375886527,0.05638297872340425,0.9436170212765957
11342,YOR396W YPR186C,0.0,NA,0.6224851608276367,430,635,10645,698,0.8925693101225016,0.40375586854460094,0.38120567375886527,0.05629432624113475,0.9437056737588653
11343,YPR162C YAR070W-A,0.0,NA,0.6224851608276367,430,634,10646,698,0.8926499032882012,0.4041353383458647,0.38120567375886527,0.056205673758865246,0.9437943262411348
11344,YBR074W YOR343C-B,1.0,NA,0.6224851608276367,429,634,10646,699,0.8925693101225016,0.40357478833490124,0.3803191489361702,0.056205673758865246,0.9437943262411348
11345,YGR169C-C YHR011W,0.0,NA,0.6224851608276367,429,633,10647,699,0.8926499032882012,0.403954802259887,0.3803191489361702,0.05611702127659574,0.9438829787234042
11346,YLR337W YIL009C-A,0.0,NA,0.6224851608276367,429,632,10648,699,0.8927304964539007,0.4043355325164939,0.3803191489361702,0.05602836879432624,0.9439716312056737
11347,YDR400W YAR070W-A,0.0,NA,0.6224851608276367,429,631,10649,699,0.8928110896196002,0.4047169811320755,0.3803191489361702,0.055939716312056735,0.9440602836879433
11348,YPR194C YOR343C-A,0.0,NA,0.6224851608276367,429,630,10650,699,0.8928916827852998,0.40509915014164305,0.3803191489361702,0.05585106382978723,0.9441489361702128
11349,YIL156W-B YAL041W,0.0,NA,0.6224851608276367,429,629,10651,699,0.8929722759509994,0.4054820415879017,0.3803191489361702,0.05576241134751773,0.9442375886524823
11350,YBR296C-A YNL024C-A,0.0,NA,0.6224851608276367,429,628,10652,699,0.8930528691166989,0.40586565752128667,0.3803191489361702,0.055673758865248224,0.9443262411347517
11351,YIL138C YDL160C-A,0.0,NA,0.6224851608276367,429,627,10653,699,0.8931334622823984,0.40625,0.3803191489361702,0.05558510638297872,0.9444148936170212
11352,YHR138C YAR070W-A,0.0,NA,0.6224851608276367,429,626,10654,699,0.893214055448098,0.4066350710900474,0.3803191489361702,0.05549645390070922,0.9445035460992908
11353,YBR296C-A YMR221C,0.0,NA,0.6224851608276367,429,625,10655,699,0.8932946486137976,0.40702087286527516,0.3803191489361702,0.05540780141843971,0.9445921985815603
11354,YMR150C YOR343C-B,1.0,NA,0.6224851608276367,428,625,10655,700,0.893214055448098,0.40645773979107314,0.37943262411347517,0.05540780141843971,0.9445921985815603
11355,YHR110W YCR075W-A,0.0,NA,0.6224851608276367,428,624,10656,700,0.8932946486137976,0.4068441064638783,0.37943262411347517,0.05531914893617021,0.9446808510638298
11356,YBL020W YOR020W-A,0.0,NA,0.6224851608276367,428,623,10657,700,0.8933752417794971,0.4072312083729781,0.37943262411347517,0.05523049645390071,0.9447695035460993
11357,YLR037C YNL024C-A,0.0,NA,0.6224851608276367,428,622,10658,700,0.8934558349451966,0.4076190476190476,0.37943262411347517,0.05514184397163121,0.9448581560283688
11358,YMR142C YJL133C-A,0.0,NA,0.6224851608276367,428,621,10659,700,0.8935364281108962,0.40800762631077214,0.37943262411347517,0.055053191489361705,0.9449468085106383
11359,YOL111C YNL138W-A,0.0,NA,0.6224851608276367,428,620,10660,700,0.8936170212765957,0.4083969465648855,0.37943262411347517,0.0549645390070922,0.9450354609929078
11360,YGR118W YAR070W-A,0.0,NA,0.6224851608276367,428,619,10661,700,0.8936976144422953,0.4087870105062082,0.37943262411347517,0.0548758865248227,0.9451241134751773
11361,YDL134C-A YLR467W,0.0,NA,0.6224851608276367,428,618,10662,700,0.8937782076079949,0.4091778202676864,0.37943262411347517,0.054787234042553194,0.9452127659574469
11362,YDR007W YOR032W-A,0.0,NA,0.6224851608276367,428,617,10663,700,0.8938588007736944,0.40956937799043064,0.37943262411347517,0.05469858156028369,0.9453014184397163
11363,YLR391W-A YDL222C,0.0,NA,0.6224851608276367,428,616,10664,700,0.8939393939393939,0.4099616858237548,0.37943262411347517,0.05460992907801419,0.9453900709219858
11364,YMR159C YIL156W-B,0.0,NA,0.6224851608276367,428,615,10665,700,0.8940199871050934,0.4103547459252157,0.37943262411347517,0.05452127659574468,0.9454787234042553
11365,YGR249W YOR032W-A,0.0,NA,0.6224851608276367,428,614,10666,700,0.8941005802707931,0.4107485604606526,0.37943262411347517,0.05443262411347518,0.9455673758865248
11366,YJR125C YNL138W-A,0.0,NA,0.6224851608276367,428,613,10667,700,0.8941811734364926,0.4111431316042267,0.37943262411347517,0.054343971631205676,0.9456560283687944
11367,YOR343C-A YNL202W,0.0,NA,0.6224851608276367,428,612,10668,700,0.8942617666021921,0.4115384615384615,0.37943262411347517,0.05425531914893617,0.9457446808510638
11368,YBR296C-A YML091C,0.0,NA,0.6224851608276367,428,611,10669,700,0.8943423597678917,0.41193455245428295,0.37943262411347517,0.05416666666666667,0.9458333333333333
11369,YBR175W YNL138W-A,0.0,NA,0.6224851608276367,428,610,10670,700,0.8944229529335912,0.4123314065510597,0.37943262411347517,0.054078014184397165,0.9459219858156028
11370,YGR027W-B YOR343C-B,1.0,NA,0.6224851608276367,427,610,10670,701,0.8943423597678917,0.4117647058823529,0.37854609929078015,0.054078014184397165,0.9459219858156028
11371,YPL227C YLR406C-A,0.0,NA,0.6224851608276367,427,609,10671,701,0.8944229529335912,0.41216216216216217,0.37854609929078015,0.05398936170212766,0.9460106382978724
11372,YKL199C YHR077C,0.0,NA,0.6224851608276367,427,608,10672,701,0.8945035460992907,0.41256038647342996,0.37854609929078015,0.05390070921985816,0.9460992907801419
11373,YOR014W YBR196C-A,0.0,NA,0.6224851608276367,427,607,10673,701,0.8945841392649904,0.41295938104448743,0.37854609929078015,0.053812056737588654,0.9461879432624114
11374,YBR111W-A YKL168C,0.0,NA,0.6224851608276367,427,606,10674,701,0.8946647324306899,0.4133591481122943,0.37854609929078015,0.05372340425531915,0.9462765957446808
11375,YML124C YDL160C-A,0.0,NA,0.6224851608276367,427,605,10675,701,0.8947453255963894,0.41375968992248063,0.37854609929078015,0.053634751773049646,0.9463652482269503
11376,YDL134C-A YDL193W,0.0,NA,0.6224851608276367,427,604,10676,701,0.894825918762089,0.41416100872938894,0.37854609929078015,0.05354609929078014,0.9464539007092199
11377,YOR343C-B YKL134C,1.0,NA,0.6224851608276367,426,604,10676,702,0.8947453255963894,0.41359223300970877,0.3776595744680851,0.05354609929078014,0.9464539007092199
11378,YGL083W YOR032W-A,0.0,NA,0.6224851608276367,426,603,10677,702,0.894825918762089,0.4139941690962099,0.3776595744680851,0.05345744680851064,0.9465425531914894
11379,YOR347C YGL194C-A,0.0,NA,0.6224851608276367,426,602,10678,702,0.8949065119277885,0.4143968871595331,0.3776595744680851,0.053368794326241135,0.9466312056737589
11380,YIL041W YJL133C-A,0.0,NA,0.6224851608276367,426,601,10679,702,0.8949871050934881,0.4148003894839338,0.3776595744680851,0.05328014184397163,0.9467198581560283
11381,YMR083W YOR343C-A,0.0,NA,0.6224851608276367,426,600,10680,702,0.8950676982591876,0.4152046783625731,0.3776595744680851,0.05319148936170213,0.9468085106382979
11382,YDL160C-A YJL019W,0.0,NA,0.6224851608276367,426,599,10681,702,0.8951482914248872,0.41560975609756096,0.3776595744680851,0.053102836879432624,0.9468971631205674
11383,YBR075W YDR098C-B,1.0,NA,0.6224851608276367,425,599,10681,703,0.8950676982591876,0.4150390625,0.37677304964539005,0.053102836879432624,0.9468971631205674
11384,YGR169C-C YDR283C,0.0,NA,0.6224851608276367,425,598,10682,703,0.8951482914248872,0.41544477028348,0.37677304964539005,0.05301418439716312,0.9469858156028369
11385,YPL048W YPL052W-A,0.0,NA,0.6224851608276367,425,597,10683,703,0.8952288845905867,0.4158512720156556,0.37677304964539005,0.05292553191489362,0.9470744680851064
11386,YDL134C-A YLR350W,0.0,NA,0.6224851608276367,425,596,10684,703,0.8953094777562862,0.41625857002938293,0.37677304964539005,0.05283687943262411,0.9471631205673758
11387,YIL156W-B YER100W,0.0,NA,0.6224851608276367,425,595,10685,703,0.8953900709219859,0.4166666666666667,0.37677304964539005,0.05274822695035461,0.9472517730496454
11388,YBR111W-A YLR431C,0.0,NA,0.6224851608276367,425,594,10686,703,0.8954706640876854,0.4170755642787046,0.37677304964539005,0.052659574468085106,0.9473404255319149
11389,YDR400W YOR032W-A,0.0,NA,0.6224851608276367,425,593,10687,703,0.8955512572533849,0.4174852652259332,0.37677304964539005,0.0525709219858156,0.9474290780141844
11390,YLR005W YOR343C-A,0.0,NA,0.6224851608276367,425,592,10688,703,0.8956318504190844,0.41789577187807275,0.37677304964539005,0.0524822695035461,0.9475177304964539
11391,YOR343C-B YER078C,1.0,NA,0.6224851608276367,424,592,10688,704,0.8955512572533849,0.41732283464566927,0.375886524822695,0.0524822695035461,0.9475177304964539
11392,YDL064W YOR343C-A,0.0,NA,0.6224851608276367,424,591,10689,704,0.8956318504190844,0.41773399014778323,0.375886524822695,0.052393617021276595,0.9476063829787233
11393,YGL044C YNL024C-A,0.0,NA,0.6224851608276367,424,590,10690,704,0.895712443584784,0.4181459566074951,0.375886524822695,0.05230496453900709,0.9476950354609929
11394,YPL249C YCR080W,0.0,NA,0.6224851608276367,424,589,10691,704,0.8957930367504836,0.4185587364264561,0.375886524822695,0.05221631205673759,0.9477836879432624
11395,YGR098C YOR343C-B,1.0,NA,0.6224851608276367,423,589,10691,705,0.895712443584784,0.41798418972332013,0.375,0.05221631205673759,0.9477836879432624
11396,YNR050C YOR343C-A,0.0,NA,0.6224851608276367,423,588,10692,705,0.8957930367504836,0.41839762611275966,0.375,0.052127659574468084,0.9478723404255319
11397,YEL003W YDL160C-A,0.0,NA,0.6224851608276367,423,587,10693,705,0.8958736299161831,0.4188118811881188,0.375,0.05203900709219858,0.9479609929078014
11398,YIL156W-B YMR163C,0.0,NA,0.6224851608276367,423,586,10694,705,0.8959542230818827,0.4192269573835481,0.375,0.05195035460992908,0.948049645390071
11399,YIL115C YCR080W,0.0,NA,0.6224851608276367,423,585,10695,705,0.8960348162475822,0.41964285714285715,0.375,0.05186170212765957,0.9481382978723404
11400,YPL218W YOR396W,0.0,NA,0.6224851608276367,423,584,10696,705,0.8961154094132817,0.4200595829195631,0.375,0.05177304964539007,0.9482269503546099
11401,YFR022W YOR032W-A,0.0,NA,0.6224851608276367,423,583,10697,705,0.8961960025789814,0.42047713717693835,0.375,0.051684397163120566,0.9483156028368794
11402,YDL176W YJL133C-A,0.0,NA,0.6224851608276367,423,582,10698,705,0.8962765957446809,0.4208955223880597,0.375,0.05159574468085106,0.948404255319149
11403,YGR261C YLR406C-A,0.0,NA,0.6224851608276367,423,581,10699,705,0.8963571889103804,0.4213147410358566,0.375,0.05150709219858156,0.9484929078014185
11404,YBR296C-A YLR034C,0.0,NA,0.6224851608276367,423,580,10700,705,0.8964377820760799,0.4217347956131605,0.375,0.051418439716312055,0.9485815602836879
11405,YLR045C YNL138W-A,0.0,NA,0.6224851608276367,423,579,10701,705,0.8965183752417795,0.4221556886227545,0.375,0.05132978723404255,0.9486702127659574
11406,YGR169C-C YDR099W,0.0,NA,0.6224851608276367,423,578,10702,705,0.896598968407479,0.4225774225774226,0.375,0.05124113475177305,0.948758865248227
11407,YCR076C YOR343C-A,0.0,NA,0.6224851608276367,423,577,10703,705,0.8966795615731786,0.423,0.375,0.051152482269503544,0.9488475177304965
11408,YDL176W YGR169C-C,0.0,NA,0.6224851608276367,423,576,10704,705,0.8967601547388782,0.42342342342342343,0.375,0.05106382978723404,0.948936170212766
11409,YML124C YOR020W-A,0.0,NA,0.6224851608276367,423,575,10705,705,0.8968407479045777,0.42384769539078154,0.375,0.050975177304964536,0.9490248226950354
11410,YDL134C-A YKL173W,0.0,NA,0.6224851608276367,423,574,10706,705,0.8969213410702772,0.4242728184553661,0.375,0.05088652482269503,0.9491134751773049
11411,YBR075W YHL009W-B,1.0,NA,0.6224851608276367,422,574,10706,706,0.8968407479045777,0.42369477911646586,0.374113475177305,0.05088652482269503,0.9491134751773049
11412,YKL073W YBR296C-A,0.0,NA,0.6224851608276367,422,573,10707,706,0.8969213410702772,0.42412060301507537,0.374113475177305,0.05079787234042553,0.9492021276595745
11413,YOR343C-B YHL009W-B,1.0,NA,0.6224851608276367,421,573,10707,707,0.8968407479045777,0.42354124748490946,0.37322695035460995,0.05079787234042553,0.9492021276595745
11414,YIL156W-B YBR076W,0.0,NA,0.6224851608276367,421,572,10708,707,0.8969213410702772,0.42396777442094663,0.37322695035460995,0.050709219858156025,0.949290780141844
11415,YMR121C YNL138W-A,0.0,NA,0.6224851608276367,421,571,10709,707,0.8970019342359767,0.42439516129032256,0.37322695035460995,0.05062056737588652,0.9493794326241135
11416,YJL127C-B YMR086W,0.0,NA,0.6224851608276367,421,570,10710,707,0.8970825274016764,0.4248234106962664,0.37322695035460995,0.05053191489361702,0.949468085106383
11417,YMR121C YBR196C-A,0.0,NA,0.6224851608276367,421,569,10711,707,0.8971631205673759,0.42525252525252527,0.37322695035460995,0.05044326241134752,0.9495567375886524
11418,YBR075W YBL100W-B,1.0,NA,0.6224851608276367,420,569,10711,708,0.8970825274016764,0.4246713852376138,0.3723404255319149,0.05044326241134752,0.9495567375886524
11419,YKL064W YDL160C-A,0.0,NA,0.6224851608276367,420,568,10712,708,0.8971631205673759,0.4251012145748988,0.3723404255319149,0.05035460992907802,0.949645390070922
11420,YIL156W-B YLR005W,0.0,NA,0.6224851608276367,420,567,10713,708,0.8972437137330754,0.425531914893617,0.3723404255319149,0.050265957446808514,0.9497340425531915
11421,YIL169C YPL052W-A,0.0,NA,0.6224851608276367,420,566,10714,708,0.897324306898775,0.4259634888438134,0.3723404255319149,0.05017730496453901,0.949822695035461
11422,YHR200W YOR343C-B,1.0,NA,0.6224851608276367,419,566,10714,709,0.8972437137330754,0.42538071065989846,0.37145390070921985,0.05017730496453901,0.949822695035461
11423,YDR067C YAR070W-A,0.0,NA,0.6224851608276367,419,565,10715,709,0.897324306898775,0.4258130081300813,0.37145390070921985,0.050088652482269506,0.9499113475177305
11424,YMR163C YPL052W-A,0.0,NA,0.6224851608276367,419,564,10716,709,0.8974049000644745,0.4262461851475076,0.37145390070921985,0.05,0.95
11425,YNL121C YPL052W-A,0.0,NA,0.6224851608276367,419,563,10717,709,0.8974854932301741,0.42668024439918534,0.37145390070921985,0.0499113475177305,0.9500886524822695
11426,YER094C YOR343C-B,1.0,NA,0.6224851608276367,418,563,10717,710,0.8974049000644745,0.4260958205912334,0.37056737588652483,0.0499113475177305,0.9500886524822695
11427,YDR212W YOR396W,0.0,NA,0.6224851608276367,418,562,10718,710,0.8974854932301741,0.42653061224489797,0.37056737588652483,0.049822695035460995,0.950177304964539
11428,YCR075W-A YOR120W,0.0,NA,0.6224851608276367,418,561,10719,710,0.8975660863958737,0.42696629213483145,0.37056737588652483,0.04973404255319149,0.9502659574468085
11429,YLR391W-A YPR137W,0.0,NA,0.6224851608276367,418,560,10720,710,0.8976466795615732,0.4274028629856851,0.37056737588652483,0.04964539007092199,0.950354609929078
11430,YDL229W YBR196C-A,0.0,NA,0.6224851608276367,418,559,10721,710,0.8977272727272727,0.4278403275332651,0.37056737588652483,0.049556737588652484,0.9504432624113475
11431,YPR026W YIL156W-B,0.0,NA,0.6224851608276367,418,558,10722,710,0.8978078658929722,0.42827868852459017,0.37056737588652483,0.04946808510638298,0.950531914893617
11432,YIL156W-B YJR082C,0.0,NA,0.6224851608276367,418,557,10723,710,0.8978884590586719,0.4287179487179487,0.37056737588652483,0.04937943262411348,0.9506205673758865
11433,YBR035C YOR032W-A,0.0,NA,0.6224851608276367,418,556,10724,710,0.8979690522243714,0.42915811088295686,0.37056737588652483,0.04929078014184397,0.950709219858156
11434,YBR111W-A YDL105W,0.0,NA,0.6224851608276367,418,555,10725,710,0.8980496453900709,0.4295991778006166,0.37056737588652483,0.04920212765957447,0.9507978723404256
11435,YOR337W YNL138W-A,0.0,NA,0.6224851608276367,418,554,10726,710,0.8981302385557705,0.43004115226337447,0.37056737588652483,0.049113475177304966,0.9508865248226951
11436,YGL194C-A YJL076W,0.0,NA,0.6224851608276367,418,553,10727,710,0.89821083172147,0.43048403707518024,0.37056737588652483,0.04902482269503546,0.9509751773049645
11437,YMR316C-A YDL160C-A,0.0,NA,0.6224851608276367,418,552,10728,710,0.8982914248871696,0.4309278350515464,0.37056737588652483,0.04893617021276596,0.951063829787234
11438,YCR027C YOR343C-A,0.0,NA,0.6224851608276367,418,551,10729,710,0.8983720180528691,0.43137254901960786,0.37056737588652483,0.048847517730496455,0.9511524822695036
11439,YDL012C YIL156W-B,0.0,NA,0.6224851608276367,418,550,10730,710,0.8984526112185687,0.4318181818181818,0.37056737588652483,0.04875886524822695,0.9512411347517731
11440,YAR019C YDL160C-A,0.0,NA,0.6224851608276367,418,549,10731,710,0.8985332043842682,0.43226473629782836,0.37056737588652483,0.04867021276595745,0.9513297872340426
11441,YOL103W-A YAR070W-A,0.0,NA,0.6224851608276367,418,548,10732,710,0.8986137975499677,0.432712215320911,0.37056737588652483,0.048581560283687944,0.951418439716312
11442,YBR111W-A YMR211W,0.0,NA,0.6224851608276367,418,547,10733,710,0.8986943907156673,0.43316062176165804,0.37056737588652483,0.04849290780141844,0.9515070921985815
11443,YPR113W YBR196C-A,0.0,NA,0.6224851608276367,418,546,10734,710,0.8987749838813669,0.4336099585062241,0.37056737588652483,0.04840425531914894,0.9515957446808511
11444,YOR360C YDL160C-A,0.0,NA,0.6224851608276367,418,545,10735,710,0.8988555770470664,0.43406022845275183,0.37056737588652483,0.04831560283687943,0.9516843971631206
11445,YJL127C-B YJR004C,0.0,NA,0.6224851608276367,418,544,10736,710,0.898936170212766,0.43451143451143454,0.37056737588652483,0.04822695035460993,0.9517730496453901
11446,YBR111W-A YDR261C-C,0.0,NA,0.6224851608276367,418,543,10737,710,0.8990167633784655,0.43496357960457854,0.37056737588652483,0.048138297872340426,0.9518617021276595
11447,YDR517W YJL127C-B,0.0,NA,0.6224851608276367,418,542,10738,710,0.899097356544165,0.4354166666666667,0.37056737588652483,0.04804964539007092,0.951950354609929
11448,YKL133C YKL138C-A,0.0,NA,0.6224851608276367,418,541,10739,710,0.8991779497098646,0.4358706986444213,0.37056737588652483,0.04796099290780142,0.9520390070921986
11449,YBR075W YJL113W,1.0,NA,0.6224851608276367,417,541,10739,711,0.899097356544165,0.4352818371607516,0.3696808510638298,0.04796099290780142,0.9520390070921986
11450,YLR391W YJR135W-A,0.0,NA,0.6224851608276367,417,540,10740,711,0.8991779497098646,0.43573667711598746,0.3696808510638298,0.047872340425531915,0.9521276595744681
11451,YDL223C YOR343C-A,0.0,NA,0.6224851608276367,417,539,10741,711,0.8992585428755642,0.4361924686192469,0.3696808510638298,0.04778368794326241,0.9522163120567376
11452,YKL093W YNL024C-A,0.0,NA,0.6224851608276367,417,538,10742,711,0.8993391360412637,0.43664921465968587,0.3696808510638298,0.04769503546099291,0.952304964539007
11453,YML063W YDL134C-A,0.0,NA,0.6224851608276367,417,537,10743,711,0.8994197292069632,0.4371069182389937,0.3696808510638298,0.047606382978723404,0.9523936170212766
11454,YDL160C-A YNL088W,0.0,NA,0.6224851608276367,417,536,10744,711,0.8995003223726628,0.43756558237145854,0.3696808510638298,0.0475177304964539,0.9524822695035461
11455,YBR245C YKL138C-A,0.0,NA,0.6224851608276367,417,535,10745,711,0.8995809155383624,0.4380252100840336,0.3696808510638298,0.047429078014184396,0.9525709219858156
11456,YDR034C YKL138C-A,0.0,NA,0.6224851608276367,417,534,10746,711,0.8996615087040619,0.4384858044164038,0.3696808510638298,0.04734042553191489,0.9526595744680851
11457,YDR415C YOR343C-B,1.0,NA,0.6224851608276367,416,534,10746,712,0.8995809155383624,0.4378947368421053,0.36879432624113473,0.04734042553191489,0.9526595744680851
11458,YJL133C-A YHR073W,0.0,NA,0.6224851608276367,416,533,10747,712,0.8996615087040619,0.4383561643835616,0.36879432624113473,0.04725177304964539,0.9527482269503547
11459,YJL023C YLR406C-A,0.0,NA,0.6224851608276367,416,532,10748,712,0.8997421018697614,0.4388185654008439,0.36879432624113473,0.047163120567375885,0.9528368794326241
11460,YGR169C-C YDR294C,0.0,NA,0.6224851608276367,416,531,10749,712,0.899822695035461,0.4392819429778247,0.36879432624113473,0.04707446808510638,0.9529255319148936
11461,YCR075W-A YPR007C,0.0,NA,0.6224851608276367,416,530,10750,712,0.8999032882011605,0.4397463002114165,0.36879432624113473,0.04698581560283688,0.9530141843971631
11462,YIL156W-B YDR346C,0.0,NA,0.6224851608276367,416,529,10751,712,0.8999838813668601,0.4402116402116402,0.36879432624113473,0.046897163120567374,0.9531028368794326
11463,YGR084C YJL127C-B,0.0,NA,0.6224851608276367,416,528,10752,712,0.9000644745325597,0.4406779661016949,0.36879432624113473,0.04680851063829787,0.9531914893617022
11464,YEL039C YLR406C-A,0.0,NA,0.6224851608276367,416,527,10753,712,0.9001450676982592,0.4411452810180276,0.36879432624113473,0.04671985815602837,0.9532801418439716
11465,YDL106C YPL052W-A,0.0,NA,0.6224851608276367,416,526,10754,712,0.9002256608639587,0.4416135881104034,0.36879432624113473,0.04663120567375886,0.9533687943262411
11466,YOR343C-B YDR434W,1.0,NA,0.6224851608276367,415,526,10754,713,0.9001450676982592,0.4410201912858661,0.3679078014184397,0.04663120567375886,0.9533687943262411
11467,YMR125W YLR406C-A,0.0,NA,0.6224851608276367,415,525,10755,713,0.9002256608639587,0.44148936170212766,0.3679078014184397,0.04654255319148936,0.9534574468085106
11468,YCR075W-A YOR337W,0.0,NA,0.6224851608276367,415,524,10756,713,0.9003062540296582,0.44195953141640043,0.3679078014184397,0.046453900709219856,0.9535460992907802
11469,YLR406C-A YJL002C,0.0,NA,0.6224851608276367,415,523,10757,713,0.9003868471953579,0.44243070362473347,0.3679078014184397,0.04636524822695035,0.9536347517730497
11470,YPL063W YNL138W-A,0.0,NA,0.6224851608276367,415,522,10758,713,0.9004674403610574,0.4429028815368196,0.3679078014184397,0.04627659574468085,0.9537234042553191
11471,YBR111W-A YPR174C,0.0,NA,0.6224851608276367,415,521,10759,713,0.9005480335267569,0.44337606837606836,0.3679078014184397,0.046187943262411345,0.9538120567375886
11472,YJL127C-B YGR213C,0.0,NA,0.6224851608276367,415,520,10760,713,0.9006286266924565,0.44385026737967914,0.3679078014184397,0.04609929078014184,0.9539007092198581
11473,YIL108W YOR343C-B,1.0,NA,0.6224851608276367,414,520,10760,714,0.9005480335267569,0.44325481798715205,0.3670212765957447,0.04609929078014184,0.9539007092198581
11474,YPL183C YNL138W-A,0.0,NA,0.6224851608276367,414,519,10761,714,0.9006286266924565,0.4437299035369775,0.3670212765957447,0.04601063829787234,0.9539893617021277
11475,YDL134C-A YER163C,0.0,NA,0.6224851608276367,414,518,10762,714,0.900709219858156,0.44420600858369097,0.3670212765957447,0.045921985815602834,0.9540780141843972
11476,YNR050C YOR032W-A,0.0,NA,0.6224851608276367,414,517,10763,714,0.9007898130238555,0.4446831364124597,0.3670212765957447,0.04583333333333333,0.9541666666666667
11477,YOR343C-B YGL203C,1.0,NA,0.6224851608276367,413,517,10763,715,0.900709219858156,0.44408602150537635,0.36613475177304966,0.04583333333333333,0.9541666666666667
11478,YDR317W YJL133C-A,0.0,NA,0.6224851608276367,413,516,10764,715,0.9007898130238555,0.4445640473627557,0.36613475177304966,0.045744680851063826,0.9542553191489361
11479,YOR343C-B YER138C,1.0,NA,0.6224851608276367,412,516,10764,716,0.900709219858156,0.44396551724137934,0.36524822695035464,0.045744680851063826,0.9542553191489361
11480,YCR053W YCR075W-A,0.0,NA,0.6224851608276367,412,515,10765,716,0.9007898130238555,0.4444444444444444,0.36524822695035464,0.04565602836879433,0.9543439716312057
11481,YDL134C-A YNL066W,0.0,NA,0.6224851608276367,412,514,10766,716,0.9008704061895552,0.4449244060475162,0.36524822695035464,0.045567375886524826,0.9544326241134752
11482,YLR226W YOR020W-A,0.0,NA,0.6224851608276367,412,513,10767,716,0.9009509993552547,0.4454054054054054,0.36524822695035464,0.04547872340425532,0.9545212765957447
11483,YPR103W YOR343C-B,1.0,NA,0.6224851608276367,411,513,10767,717,0.9008704061895552,0.4448051948051948,0.36436170212765956,0.04547872340425532,0.9545212765957447
11484,YPR003C YNL024C-A,0.0,NA,0.6224851608276367,411,512,10768,717,0.9009509993552547,0.4452871072589382,0.36436170212765956,0.04539007092198582,0.9546099290780142
11485,YBR111W-A YNL242W,0.0,NA,0.6224851608276367,411,511,10769,717,0.9010315925209542,0.44577006507592193,0.36436170212765956,0.045301418439716315,0.9546985815602836
11486,YBR075W YDR210W-B,1.0,NA,0.6224851608276367,410,511,10769,718,0.9009509993552547,0.44516829533116176,0.36347517730496454,0.045301418439716315,0.9546985815602836
11487,YBR111W-A YMR140W,0.0,NA,0.6224851608276367,410,510,10770,718,0.9010315925209542,0.44565217391304346,0.36347517730496454,0.04521276595744681,0.9547872340425532
11488,YEL069C YDL160C-A,0.0,NA,0.6224851608276367,410,509,10771,718,0.9011121856866537,0.44613710554951036,0.36347517730496454,0.04512411347517731,0.9548758865248227
11489,YLR088W YOR343C-B,1.0,NA,0.6224851608276367,409,509,10771,719,0.9010315925209542,0.4455337690631808,0.3625886524822695,0.04512411347517731,0.9548758865248227
11490,YBR296C-A YBR179C,0.0,NA,0.6224851608276367,409,508,10772,719,0.9011121856866537,0.44601962922573607,0.3625886524822695,0.045035460992907804,0.9549645390070922
11491,YBR111W-A YMR300C,0.0,NA,0.6224851608276367,409,507,10773,719,0.9011927788523533,0.4465065502183406,0.3625886524822695,0.0449468085106383,0.9550531914893617
11492,YMR078C YKL138C-A,0.0,NA,0.6224851608276367,409,506,10774,719,0.9012733720180529,0.44699453551912566,0.3625886524822695,0.0448581560283688,0.9551418439716312
11493,YOR396W YDR228C,0.0,NA,0.6224851608276367,409,505,10775,719,0.9013539651837524,0.4474835886214442,0.3625886524822695,0.04476950354609929,0.9552304964539007
11494,YCR075W-A YAL047C,0.0,NA,0.6224851608276367,409,504,10776,719,0.901434558349452,0.447973713033954,0.3625886524822695,0.04468085106382979,0.9553191489361702
11495,YIL169C YAR070W-A,0.0,NA,0.6224851608276367,409,503,10777,719,0.9015151515151515,0.44846491228070173,0.3625886524822695,0.044592198581560286,0.9554078014184397
11496,YHR176W YBR196C-A,0.0,NA,0.6224851608276367,409,502,10778,719,0.901595744680851,0.4489571899012075,0.3625886524822695,0.04450354609929078,0.9554964539007093
11497,YMR238W YKL138C-A,0.0,NA,0.6224851608276367,409,501,10779,719,0.9016763378465507,0.44945054945054946,0.3625886524822695,0.04441489361702128,0.9555851063829788
11498,YHL023C YKL138C-A,0.0,NA,0.6224851608276367,409,500,10780,719,0.9017569310122502,0.44994499449944997,0.3625886524822695,0.044326241134751775,0.9556737588652482
11499,YOR343C-A YBR126W-A,0.0,NA,0.6224851608276367,409,499,10781,719,0.9018375241779497,0.45044052863436124,0.3625886524822695,0.04423758865248227,0.9557624113475177
11500,YOR396W YNL004W,0.0,NA,0.6224851608276367,409,498,10782,719,0.9019181173436492,0.45093715545755236,0.3625886524822695,0.04414893617021277,0.9558510638297872
11501,YGL030W YNL024C-A,0.0,NA,0.6224851608276367,409,497,10783,719,0.9019987105093488,0.45143487858719644,0.3625886524822695,0.044060283687943264,0.9559397163120568
11502,YAR070W-A YMR166C,0.0,NA,0.6224851608276367,409,496,10784,719,0.9020793036750484,0.45193370165745855,0.3625886524822695,0.04397163120567376,0.9560283687943263
11503,YPL052W-A YPL200W,0.0,NA,0.6224851608276367,409,495,10785,719,0.9021598968407479,0.4524336283185841,0.3625886524822695,0.043882978723404256,0.9561170212765957
11504,YBR075W YER138C,1.0,NA,0.6224851608276367,408,495,10785,720,0.9020793036750484,0.45182724252491696,0.3617021276595745,0.043882978723404256,0.9561170212765957
11505,YJL127C-B YOR272W,0.0,NA,0.6224851608276367,408,494,10786,720,0.9021598968407479,0.4523281596452328,0.3617021276595745,0.04379432624113475,0.9562056737588652
11506,YMR301C YKL138C-A,0.0,NA,0.6224851608276367,408,493,10787,720,0.9022404900064475,0.4528301886792453,0.3617021276595745,0.04370567375886525,0.9562943262411348
11507,YML100W YNL024C-A,0.0,NA,0.6224851608276367,408,492,10788,720,0.902321083172147,0.4533333333333333,0.3617021276595745,0.043617021276595745,0.9563829787234043
11508,YGR169C-C YLR340W,0.0,NA,0.6224851608276367,408,491,10789,720,0.9024016763378465,0.45383759733036705,0.3617021276595745,0.04352836879432624,0.9564716312056738
11509,YDL088C YOR343C-A,0.0,NA,0.6224851608276367,408,490,10790,720,0.9024822695035462,0.45434298440979953,0.3617021276595745,0.04343971631205674,0.9565602836879432
11510,YGL245W YJL133C-A,0.0,NA,0.6224851608276367,408,489,10791,720,0.9025628626692457,0.45484949832775917,0.3617021276595745,0.043351063829787234,0.9566489361702127
11511,YML008C YNL138W-A,0.0,NA,0.6224851608276367,408,488,10792,720,0.9026434558349452,0.45535714285714285,0.3617021276595745,0.04326241134751773,0.9567375886524823
11512,YCR075W-A YOR125C,0.0,NA,0.6224851608276367,408,487,10793,720,0.9027240490006447,0.4558659217877095,0.3617021276595745,0.04317375886524823,0.9568262411347518
11513,YGL194C-A YER161C,0.0,NA,0.6224851608276367,408,486,10794,720,0.9028046421663443,0.4563758389261745,0.3617021276595745,0.04308510638297872,0.9569148936170213
11514,YPL088W YKL138C-A,0.0,NA,0.6224851608276367,408,485,10795,720,0.9028852353320438,0.4568868980963046,0.3617021276595745,0.04299645390070922,0.9570035460992907
11515,YLR307W YNL138W-A,0.0,NA,0.6224851608276367,408,484,10796,720,0.9029658284977434,0.45739910313901344,0.3617021276595745,0.042907801418439716,0.9570921985815602
11516,YBR222C YIL156W-B,0.0,NA,0.6224851608276367,408,483,10797,720,0.903046421663443,0.45791245791245794,0.3617021276595745,0.04281914893617021,0.9571808510638298
11517,YJR074W YAR070W-A,0.0,NA,0.6224851608276367,408,482,10798,720,0.9031270148291425,0.4584269662921348,0.3617021276595745,0.04273049645390071,0.9572695035460993
11518,YML055W YOR343C-B,1.0,NA,0.6224851608276367,407,482,10798,721,0.903046421663443,0.4578177727784027,0.3608156028368794,0.04273049645390071,0.9572695035460993
11519,YGL194C-A YKL009W,0.0,NA,0.6224851608276367,407,481,10799,721,0.9031270148291425,0.4583333333333333,0.3608156028368794,0.042641843971631205,0.9573581560283688
11520,YBR075W YGR027W-B,1.0,NA,0.6224851608276367,406,481,10799,722,0.903046421663443,0.4577226606538895,0.3599290780141844,0.042641843971631205,0.9573581560283688
11521,YLR274W YJL127C-B,0.0,NA,0.6224851608276367,406,480,10800,722,0.9031270148291425,0.4582392776523702,0.3599290780141844,0.0425531914893617,0.9574468085106383
11522,YGR169C-C YKL018W,0.0,NA,0.6224851608276367,406,479,10801,722,0.903207607994842,0.45875706214689266,0.3599290780141844,0.0424645390070922,0.9575354609929078
11523,YBR083W YOR020W-A,0.0,NA,0.6224851608276367,406,478,10802,722,0.9032882011605415,0.4592760180995475,0.3599290780141844,0.042375886524822694,0.9576241134751773
11524,YDR005C YOR020W-A,0.0,NA,0.6224851608276367,406,477,10803,722,0.9033687943262412,0.45979614949037373,0.3599290780141844,0.04228723404255319,0.9577127659574468
11525,YBR296C-A YDR128W,0.0,NA,0.6224851608276367,406,476,10804,722,0.9034493874919407,0.4603174603174603,0.3599290780141844,0.042198581560283686,0.9578014184397163
11526,YCR016W YCR075W-A,0.0,NA,0.6224851608276367,406,475,10805,722,0.9035299806576402,0.4608399545970488,0.3599290780141844,0.04210992907801418,0.9578900709219859
11527,YOR396W YMR101C,0.0,NA,0.6224851608276367,406,474,10806,722,0.9036105738233398,0.46136363636363636,0.3599290780141844,0.04202127659574468,0.9579787234042553
11528,YOL139C YJL133C-A,0.0,NA,0.6224851608276367,406,473,10807,722,0.9036911669890393,0.46188850967007966,0.3599290780141844,0.041932624113475175,0.9580673758865248
11529,YBR245C YNL138W-A,0.0,NA,0.6224851608276367,406,472,10808,722,0.9037717601547389,0.4624145785876993,0.3599290780141844,0.04184397163120567,0.9581560283687943
11530,YCL001W-B YPL048W,0.0,NA,0.6224851608276367,406,471,10809,722,0.9038523533204385,0.4629418472063854,0.3599290780141844,0.04175531914893617,0.9582446808510638
11531,YBR111W-A YAL015C,0.0,NA,0.6224851608276367,406,470,10810,722,0.903932946486138,0.4634703196347032,0.3599290780141844,0.041666666666666664,0.9583333333333334
11532,YKL019W YDL160C-A,0.0,NA,0.6224851608276367,406,469,10811,722,0.9040135396518375,0.464,0.3599290780141844,0.04157801418439716,0.9584219858156028
11533,YGR264C YOR032W-A,0.0,NA,0.6224851608276367,406,468,10812,722,0.904094132817537,0.4645308924485126,0.3599290780141844,0.04148936170212766,0.9585106382978723
11534,YBR111W-A YDL064W,0.0,NA,0.6224851608276367,406,467,10813,722,0.9041747259832367,0.4650630011454754,0.3599290780141844,0.04140070921985815,0.9585992907801418
11535,YLR391W-A YDR542W,0.0,NA,0.6224851608276367,406,466,10814,722,0.9042553191489362,0.46559633027522934,0.3599290780141844,0.04131205673758865,0.9586879432624114
11536,YNL239W YOR343C-B,1.0,NA,0.6224851608276367,405,466,10814,723,0.9041747259832367,0.46498277841561425,0.35904255319148937,0.04131205673758865,0.9586879432624114
11537,YLR081W YAR070W-A,0.0,NA,0.6224851608276367,405,465,10815,723,0.9042553191489362,0.46551724137931033,0.35904255319148937,0.041223404255319146,0.9587765957446809
11538,YBR175W YOR343C-A,0.0,NA,0.6224851608276367,405,464,10816,723,0.9043359123146357,0.4660529344073648,0.35904255319148937,0.04113475177304964,0.9588652482269504
11539,YDL052C YOR396W,0.0,NA,0.6224851608276367,405,463,10817,723,0.9044165054803353,0.4665898617511521,0.35904255319148937,0.04104609929078014,0.9589539007092198
11540,YMR179W YBR196C-A,0.0,NA,0.6224851608276367,405,462,10818,723,0.9044970986460348,0.4671280276816609,0.35904255319148937,0.040957446808510635,0.9590425531914893
11541,YCL062W YPL249C,0.0,NA,0.6224851608276367,405,461,10819,723,0.9045776918117344,0.4676674364896074,0.35904255319148937,0.04086879432624113,0.9591312056737589
11542,YOR343C-A YIR034C,0.0,NA,0.6224851608276367,405,460,10820,723,0.904658284977434,0.4682080924855491,0.35904255319148937,0.040780141843971635,0.9592198581560284
11543,YBR083W YJL133C-A,0.0,NA,0.6224851608276367,405,459,10821,723,0.9047388781431335,0.46875,0.35904255319148937,0.04069148936170213,0.9593085106382979
11544,YPL052W-A YIL070C,0.0,NA,0.6224851608276367,405,458,10822,723,0.904819471308833,0.46929316338354576,0.35904255319148937,0.04060283687943263,0.9593971631205673
11545,YOR343C-B YER143W,1.0,NA,0.6224851608276367,404,458,10822,724,0.9047388781431335,0.46867749419953597,0.35815602836879434,0.04060283687943263,0.9593971631205673
11546,YOR020W-A YIL070C,0.0,NA,0.6224851608276367,404,457,10823,724,0.904819471308833,0.4692218350754936,0.35815602836879434,0.040514184397163124,0.9594858156028369
11547,YGR169C-C YER177W,0.0,NA,0.6224851608276367,404,456,10824,724,0.9049000644745325,0.4697674418604651,0.35815602836879434,0.04042553191489362,0.9595744680851064
11548,YJL023C YNL024C-A,0.0,NA,0.6224851608276367,404,455,10825,724,0.9049806576402321,0.470314318975553,0.35815602836879434,0.040336879432624116,0.9596631205673759
11549,YBL030C YDL160C-A,0.0,NA,0.6224851608276367,404,454,10826,724,0.9050612508059317,0.47086247086247085,0.35815602836879434,0.04024822695035461,0.9597517730496454
11550,YGR169C-C YOR195W,0.0,NA,0.6224851608276367,404,453,10827,724,0.9051418439716312,0.47141190198366395,0.35815602836879434,0.04015957446808511,0.9598404255319148
11551,YDR087C YOR343C-A,0.0,NA,0.6224851608276367,404,452,10828,724,0.9052224371373307,0.4719626168224299,0.35815602836879434,0.040070921985815605,0.9599290780141844
11552,YHR168W YDR079C-A,0.0,NA,0.6224851608276367,404,451,10829,724,0.9053030303030303,0.47251461988304094,0.35815602836879434,0.0399822695035461,0.9600177304964539
11553,YBR301W YDL160C-A,0.0,NA,0.6224851608276367,404,450,10830,724,0.9053836234687298,0.47306791569086654,0.35815602836879434,0.0398936170212766,0.9601063829787234
11554,YNL262W YIL156W-B,0.0,NA,0.6224851608276367,404,449,10831,724,0.9054642166344294,0.47362250879249707,0.35815602836879434,0.039804964539007094,0.9601950354609929
11555,YOR343C-B YBL005W-B,1.0,NA,0.6224851608276367,403,449,10831,725,0.9053836234687298,0.47300469483568075,0.35726950354609927,0.039804964539007094,0.9601950354609929
11556,YGL192W YJL127C-B,0.0,NA,0.6224851608276367,403,448,10832,725,0.9054642166344294,0.4735605170387779,0.35726950354609927,0.03971631205673759,0.9602836879432625
11557,YKL221W YGL194C-A,0.0,NA,0.6224851608276367,403,447,10833,725,0.905544809800129,0.47411764705882353,0.35726950354609927,0.03962765957446809,0.9603723404255319
11558,YDL134C-A YDR473C,0.0,NA,0.6224851608276367,403,446,10834,725,0.9056254029658285,0.4746760895170789,0.35726950354609927,0.03953900709219858,0.9604609929078014
11559,YNL088W YOR020W-A,0.0,NA,0.6224851608276367,403,445,10835,725,0.905705996131528,0.47523584905660377,0.35726950354609927,0.03945035460992908,0.9605496453900709
11560,YLR104W YLR406C-A,0.0,NA,0.6224851608276367,403,444,10836,725,0.9057865892972276,0.4757969303423849,0.35726950354609927,0.039361702127659576,0.9606382978723405
11561,YPL167C YOR032W-A,0.0,NA,0.6224851608276367,403,443,10837,725,0.9058671824629272,0.47635933806146574,0.35726950354609927,0.03927304964539007,0.96072695035461
11562,YDR533C YOR343C-B,1.0,NA,0.6224851608276367,402,443,10837,726,0.9057865892972276,0.4757396449704142,0.35638297872340424,0.03927304964539007,0.96072695035461
11563,YGR169C-C YBL097W,0.0,NA,0.6224851608276367,402,442,10838,726,0.9058671824629272,0.476303317535545,0.35638297872340424,0.03918439716312057,0.9608156028368794
11564,YJL133C-A YDR104C,0.0,NA,0.6224851608276367,402,441,10839,726,0.9059477756286267,0.47686832740213525,0.35638297872340424,0.039095744680851065,0.9609042553191489
11565,YLR406C-A YOL111C,0.0,NA,0.6224851608276367,402,440,10840,726,0.9060283687943262,0.47743467933491684,0.35638297872340424,0.03900709219858156,0.9609929078014184
11566,YNL027W YPL052W-A,0.0,NA,0.6224851608276367,402,439,10841,726,0.9061089619600258,0.4780023781212842,0.35638297872340424,0.03891843971631206,0.961081560283688
11567,YOR396W YJR055W,0.0,NA,0.6224851608276367,402,438,10842,726,0.9061895551257253,0.4785714285714286,0.35638297872340424,0.038829787234042554,0.9611702127659575
11568,YJR131W YOR343C-A,0.0,NA,0.6224851608276367,402,437,10843,726,0.9062701482914249,0.4791418355184744,0.35638297872340424,0.03874113475177305,0.9612588652482269
11569,YDR228C YAR070W-A,0.0,NA,0.6224851608276367,402,436,10844,726,0.9063507414571245,0.4797136038186158,0.35638297872340424,0.038652482269503546,0.9613475177304964
11570,YOR343W-B YBR075W,1.0,NA,0.6224851608276367,401,436,10844,727,0.9062701482914249,0.47909199522102747,0.3554964539007092,0.038652482269503546,0.9613475177304964
11571,YLR391W-A YPL215W,0.0,NA,0.6224851608276367,401,435,10845,727,0.9063507414571245,0.4796650717703349,0.3554964539007092,0.03856382978723404,0.961436170212766
11572,YML124C YLR337W,0.0,NA,0.6224851608276367,401,434,10846,727,0.906431334622824,0.4802395209580838,0.3554964539007092,0.03847517730496454,0.9615248226950355
11573,YOL090W YJL133C-A,0.0,NA,0.6224851608276367,401,433,10847,727,0.9065119277885235,0.48081534772182255,0.3554964539007092,0.038386524822695035,0.961613475177305
11574,YBR296C-A YHL006C,0.0,NA,0.6224851608276367,401,432,10848,727,0.906592520954223,0.48139255702280914,0.3554964539007092,0.03829787234042553,0.9617021276595744
11575,YPR125W YJL133C-A,0.0,NA,0.6224851608276367,401,431,10849,727,0.9066731141199227,0.48197115384615385,0.3554964539007092,0.03820921985815603,0.9617907801418439
11576,YLR391W-A YDR272W,0.0,NA,0.6224851608276367,401,430,10850,727,0.9067537072856222,0.4825511432009627,0.3554964539007092,0.038120567375886524,0.9618794326241135
11577,YLR391W-A YNL064C,0.0,NA,0.6224851608276367,401,429,10851,727,0.9068343004513217,0.4831325301204819,0.3554964539007092,0.03803191489361702,0.961968085106383
11578,YDL160C-A YKL009W,0.0,NA,0.6224851608276367,401,428,10852,727,0.9069148936170213,0.4837153196622437,0.3554964539007092,0.03794326241134752,0.9620567375886525
11579,YLR037C YAR070W-A,0.0,NA,0.6224851608276367,401,427,10853,727,0.9069954867827208,0.48429951690821255,0.3554964539007092,0.03785460992907801,0.962145390070922
11580,YHR167W YJL127C-B,0.0,NA,0.6224851608276367,401,426,10854,727,0.9070760799484203,0.4848851269649335,0.3554964539007092,0.03776595744680851,0.9622340425531914
11581,YDL134C-A YMR227C,0.0,NA,0.6224851608276367,401,425,10855,727,0.90715667311412,0.4854721549636804,0.3554964539007092,0.037677304964539006,0.962322695035461
11582,YIL156W-B YJR055W,0.0,NA,0.6224851608276367,401,424,10856,727,0.9072372662798195,0.4860606060606061,0.3554964539007092,0.0375886524822695,0.9624113475177305
11583,YBR111W-A YOL161C,0.0,NA,0.6224851608276367,401,423,10857,727,0.907317859445519,0.4866504854368932,0.3554964539007092,0.0375,0.9625
11584,YGL194C-A YKL209C,0.0,NA,0.6224851608276367,401,422,10858,727,0.9073984526112185,0.48724179829890646,0.3554964539007092,0.037411347517730495,0.9625886524822695
11585,YOR253W YPL052W-A,0.0,NA,0.6224851608276367,401,421,10859,727,0.9074790457769181,0.4878345498783455,0.3554964539007092,0.03732269503546099,0.962677304964539
11586,YKL180W YPL052W-A,0.0,NA,0.6224851608276367,401,420,10860,727,0.9075596389426177,0.4884287454323995,0.3554964539007092,0.03723404255319149,0.9627659574468085
11587,YGL194C-A YPR121W,0.0,NA,0.6224851608276367,401,419,10861,727,0.9076402321083172,0.48902439024390243,0.3554964539007092,0.037145390070921984,0.962854609929078
11588,YLR227C YLR406C-A,0.0,NA,0.6224851608276367,401,418,10862,727,0.9077208252740168,0.4896214896214896,0.3554964539007092,0.03705673758865248,0.9629432624113475
11589,YER056C YGL194C-A,0.0,NA,0.6224851608276367,401,417,10863,727,0.9078014184397163,0.4902200488997555,0.3554964539007092,0.03696808510638298,0.9630319148936171
11590,YCL001W-B YIR034C,0.0,NA,0.6224851608276367,401,416,10864,727,0.9078820116054158,0.4908200734394125,0.3554964539007092,0.03687943262411347,0.9631205673758865
11591,YBR191W YPL052W-A,0.0,NA,0.6224851608276367,401,415,10865,727,0.9079626047711155,0.49142156862745096,0.3554964539007092,0.03679078014184397,0.963209219858156
11592,YDR152W YOR032W-A,0.0,NA,0.6224851608276367,401,414,10866,727,0.908043197936815,0.4920245398773006,0.3554964539007092,0.036702127659574466,0.9632978723404255
11593,YBR111W-A YDR184C,0.0,NA,0.6224851608276367,401,413,10867,727,0.9081237911025145,0.4926289926289926,0.3554964539007092,0.03661347517730496,0.963386524822695
11594,YNL024C-A YCR040W,0.0,NA,0.6224851608276367,401,412,10868,727,0.908204384268214,0.4932349323493235,0.3554964539007092,0.03652482269503546,0.9634751773049646
11595,YOL128C YNL024C-A,0.0,NA,0.6224851608276367,401,411,10869,727,0.9082849774339136,0.4938423645320197,0.3554964539007092,0.036436170212765955,0.9635638297872341
11596,YNL204C YAR070W-A,0.0,NA,0.6224851608276367,401,410,10870,727,0.9083655705996132,0.49445129469790383,0.3554964539007092,0.03634751773049645,0.9636524822695035
11597,YFR006W YOR343C-B,1.0,NA,0.6224851608276367,400,410,10870,728,0.9082849774339136,0.49382716049382713,0.3546099290780142,0.03634751773049645,0.9636524822695035
11598,YNL024C-A YLR223C,0.0,NA,0.6224851608276367,400,409,10871,728,0.9083655705996132,0.49443757725587145,0.3546099290780142,0.03625886524822695,0.963741134751773
11599,YPR026W YOR020W-A,0.0,NA,0.6224851608276367,400,408,10872,728,0.9084461637653127,0.49504950495049505,0.3546099290780142,0.036170212765957444,0.9638297872340426
11600,YOR396W YGR103W,0.0,NA,0.6224851608276367,400,407,10873,728,0.9085267569310123,0.49566294919454773,0.3546099290780142,0.03608156028368794,0.9639184397163121
11601,YBR075W YDR034C-D,1.0,NA,0.6224851608276367,399,407,10873,729,0.9084461637653127,0.49503722084367247,0.3537234042553192,0.03608156028368794,0.9639184397163121
11602,YLR391W-A YIL166C,0.0,NA,0.6224851608276367,399,406,10874,729,0.9085267569310123,0.4956521739130435,0.3537234042553192,0.03599290780141844,0.9640070921985816
11603,YER150W YCR075W-A,0.0,NA,0.6224851608276367,399,405,10875,729,0.9086073500967118,0.4962686567164179,0.3537234042553192,0.03590425531914894,0.964095744680851
11604,YKL204W YIL156W-B,0.0,NA,0.6224851608276367,399,404,10876,729,0.9086879432624113,0.49688667496886674,0.3537234042553192,0.035815602836879436,0.9641843971631205
11605,YBR196C-A YOR283W,0.0,NA,0.6224851608276367,399,403,10877,729,0.908768536428111,0.4975062344139651,0.3537234042553192,0.03572695035460993,0.9642730496453901
11606,YOR343C-B YJL172W,1.0,NA,0.6224851608276367,398,403,10877,730,0.9086879432624113,0.4968789013732834,0.3528368794326241,0.03572695035460993,0.9642730496453901
11607,YDR060W YCR075W-A,0.0,NA,0.6224851608276367,398,402,10878,730,0.908768536428111,0.4975,0.3528368794326241,0.03563829787234043,0.9643617021276596
11608,YBR296C-A YJR131W,0.0,NA,0.6224851608276367,398,401,10879,730,0.9088491295938105,0.4981226533166458,0.3528368794326241,0.035549645390070925,0.9644503546099291
11609,YDL160C-A YGL219C,0.0,NA,0.6224851608276367,398,400,10880,730,0.90892972275951,0.49874686716791977,0.3528368794326241,0.03546099290780142,0.9645390070921985
11610,YOR343C-B YFR052W,1.0,NA,0.6224851608276367,397,400,10880,731,0.9088491295938105,0.4981179422835634,0.3519503546099291,0.03546099290780142,0.9645390070921985
11611,YLR391W-A YPR166C,0.0,NA,0.6224851608276367,397,399,10881,731,0.90892972275951,0.49874371859296485,0.3519503546099291,0.03537234042553192,0.964627659574468
11612,YDR542W YDL160C-A,0.0,NA,0.6224851608276367,397,398,10882,731,0.9090103159252095,0.49937106918238994,0.3519503546099291,0.035283687943262414,0.9647163120567376
11613,YIL156W-B YNL307C,0.0,NA,0.6224851608276367,397,397,10883,731,0.9090909090909091,0.5,0.3519503546099291,0.03519503546099291,0.9648049645390071
11614,YNL053W YNL138W-A,0.0,NA,0.6224851608276367,397,396,10884,731,0.9091715022566086,0.5006305170239597,0.3519503546099291,0.035106382978723406,0.9648936170212766
11615,YOR337W YIL156W-B,0.0,NA,0.6224851608276367,397,395,10885,731,0.9092520954223082,0.5012626262626263,0.3519503546099291,0.0350177304964539,0.9649822695035462
11616,YMR095C YDL134C-A,0.0,NA,0.6224851608276367,397,394,10886,731,0.9093326885880078,0.5018963337547409,0.3519503546099291,0.0349290780141844,0.9650709219858156
11617,YOR343C-B YBL100W-B,1.0,NA,0.6224851608276367,396,394,10886,732,0.9092520954223082,0.5012658227848101,0.35106382978723405,0.0349290780141844,0.9650709219858156
11618,YOR343C-A YDR313C,0.0,NA,0.6224851608276367,396,393,10887,732,0.9093326885880078,0.5019011406844106,0.35106382978723405,0.034840425531914895,0.9651595744680851
11619,YPR010C YBR196C-A,0.0,NA,0.6224851608276367,396,392,10888,732,0.9094132817537073,0.5025380710659898,0.35106382978723405,0.03475177304964539,0.9652482269503546
11620,YOR343C-B YJR126C,1.0,NA,0.6224851608276367,395,392,10888,733,0.9093326885880078,0.5019059720457433,0.350177304964539,0.03475177304964539,0.9652482269503546
11621,YCR075W-A YLR411W,0.0,NA,0.6224851608276367,395,391,10889,733,0.9094132817537073,0.5025445292620865,0.350177304964539,0.03466312056737589,0.9653368794326241
11622,YDL160C-A YDR350C,0.0,NA,0.6224851608276367,395,390,10890,733,0.9094938749194068,0.5031847133757962,0.350177304964539,0.034574468085106384,0.9654255319148937
11623,YDR219C YAR070W-A,0.0,NA,0.6224851608276367,395,389,10891,733,0.9095744680851063,0.5038265306122449,0.350177304964539,0.03448581560283688,0.9655141843971631
11624,YPL006W YCL003W,0.0,NA,0.6224851608276367,395,388,10892,733,0.909655061250806,0.5044699872286079,0.350177304964539,0.03439716312056738,0.9656028368794326
11625,YNL024C-A YGL101W,0.0,NA,0.6224851608276367,395,387,10893,733,0.9097356544165055,0.5051150895140665,0.350177304964539,0.03430851063829787,0.9656914893617021
11626,YCL001W-B YML103C,0.0,NA,0.6224851608276367,395,386,10894,733,0.909816247582205,0.5057618437900128,0.350177304964539,0.03421985815602837,0.9657801418439717
11627,YML103C YOR396W,0.0,NA,0.6224851608276367,395,385,10895,733,0.9098968407479046,0.5064102564102564,0.350177304964539,0.034131205673758866,0.9658687943262412
11628,YOR020W-A YCR040W,0.0,NA,0.6224851608276367,395,384,10896,733,0.9099774339136041,0.5070603337612324,0.350177304964539,0.03404255319148936,0.9659574468085106
11629,YJL133C-A YBR183W,0.0,NA,0.6224851608276367,395,383,10897,733,0.9100580270793037,0.5077120822622108,0.350177304964539,0.03395390070921986,0.9660460992907801
11630,YDL217C YDL134C-A,0.0,NA,0.6224851608276367,395,382,10898,733,0.9101386202450032,0.5083655083655083,0.350177304964539,0.033865248226950355,0.9661347517730496
11631,YAL048C YBR296C-A,0.0,NA,0.6224851608276367,395,381,10899,733,0.9102192134107028,0.509020618556701,0.350177304964539,0.03377659574468085,0.9662234042553192
11632,YBR075W YNL054W-B,1.0,NA,0.6224851608276367,394,381,10899,734,0.9101386202450032,0.5083870967741936,0.34929078014184395,0.03377659574468085,0.9662234042553192
11633,YPL006W YLR406C-A,0.0,NA,0.6224851608276367,394,380,10900,734,0.9102192134107028,0.5090439276485789,0.34929078014184395,0.03368794326241135,0.9663120567375887
11634,YOR101W YOR343C-A,0.0,NA,0.6224851608276367,394,379,10901,734,0.9102998065764023,0.5097024579560155,0.34929078014184395,0.033599290780141844,0.9664007092198581
11635,YJR133W YAR070W-A,0.0,NA,0.6224851608276367,394,378,10902,734,0.9103803997421018,0.5103626943005182,0.34929078014184395,0.03351063829787234,0.9664893617021276
11636,YCL001W-B YDR283C,0.0,NA,0.6224851608276367,394,377,10903,734,0.9104609929078015,0.5110246433203631,0.34929078014184395,0.03342198581560284,0.9665780141843971
11637,YCR080W YAR066W,0.0,NA,0.6224851608276367,394,376,10904,734,0.910541586073501,0.5116883116883116,0.34929078014184395,0.03333333333333333,0.9666666666666667
11638,YBR296C-A YCL044C,0.0,NA,0.6224851608276367,394,375,10905,734,0.9106221792392005,0.5123537061118335,0.34929078014184395,0.03324468085106383,0.9667553191489362
11639,YCL001W-B YBR136W,0.0,NA,0.6224851608276367,394,374,10906,734,0.9107027724049,0.5130208333333334,0.34929078014184395,0.033156028368794326,0.9668439716312057
11640,YNL024C-A YNL036W,0.0,NA,0.6224851608276367,394,373,10907,734,0.9107833655705996,0.5136897001303781,0.34929078014184395,0.03306737588652482,0.9669326241134751
11641,YER144C YOR343C-B,1.0,NA,0.6224851608276367,393,373,10907,735,0.9107027724049,0.5130548302872062,0.3484042553191489,0.03306737588652482,0.9669326241134751
11642,YBR173C YAR070W-A,0.0,NA,0.6224851608276367,393,372,10908,735,0.9107833655705996,0.5137254901960784,0.3484042553191489,0.03297872340425532,0.9670212765957447
11643,YHL044W YDL160C-A,0.0,NA,0.6224851608276367,393,371,10909,735,0.9108639587362991,0.5143979057591623,0.3484042553191489,0.032890070921985815,0.9671099290780142
11644,YCL001W-B YDR536W,0.0,NA,0.6224851608276367,393,370,10910,735,0.9109445519019987,0.5150720838794234,0.3484042553191489,0.03280141843971631,0.9671985815602837
11645,YBR296C-A YER100W,0.0,NA,0.6224851608276367,393,369,10911,735,0.9110251450676983,0.515748031496063,0.3484042553191489,0.03271276595744681,0.9672872340425532
11646,YAL044W-A YDR165W,0.0,NA,0.6224851608276367,393,368,10912,735,0.9111057382333978,0.5164257555847569,0.3484042553191489,0.032624113475177303,0.9673758865248226
11647,YHR064C YJL133C-A,0.0,NA,0.6224851608276367,393,367,10913,735,0.9111863313990973,0.5171052631578947,0.3484042553191489,0.0325354609929078,0.9674645390070922
11648,YDL025C YJL133C-A,0.0,NA,0.6224851608276367,393,366,10914,735,0.9112669245647969,0.5177865612648221,0.3484042553191489,0.032446808510638296,0.9675531914893617
11649,YDR060W YIL017W,0.0,NA,0.6224851608276367,393,365,10915,735,0.9113475177304965,0.5184696569920845,0.3484042553191489,0.03235815602836879,0.9676418439716312
11650,YJL127C-B YKR096W,0.0,NA,0.6224851608276367,393,364,10916,735,0.911428110896196,0.5191545574636723,0.3484042553191489,0.03226950354609929,0.9677304964539007
11651,YCL001W-B YEL039C,0.0,NA,0.6224851608276367,393,363,10917,735,0.9115087040618955,0.5198412698412699,0.3484042553191489,0.032180851063829785,0.9678191489361702
11652,YOR032W-A YDR130C,0.0,NA,0.6224851608276367,393,362,10918,735,0.9115892972275951,0.5205298013245033,0.3484042553191489,0.03209219858156028,0.9679078014184397
11653,YGR169C-C YOL123W,0.0,NA,0.6224851608276367,393,361,10919,735,0.9116698903932946,0.5212201591511937,0.3484042553191489,0.03200354609929078,0.9679964539007092
11654,YNL297C YBR111W-A,0.0,NA,0.6224851608276367,393,360,10920,735,0.9117504835589942,0.5219123505976095,0.3484042553191489,0.031914893617021274,0.9680851063829787
11655,YJR118C YLR406C-A,0.0,NA,0.6224851608276367,393,359,10921,735,0.9118310767246938,0.5226063829787234,0.3484042553191489,0.03182624113475177,0.9681737588652483
11656,YOR312C YPL052W-A,0.0,NA,0.6224851608276367,393,358,10922,735,0.9119116698903933,0.5233022636484687,0.3484042553191489,0.03173758865248227,0.9682624113475178
11657,YDR034C-D YOR343C-B,1.0,NA,0.6224851608276367,392,358,10922,736,0.9118310767246938,0.5226666666666666,0.3475177304964539,0.03173758865248227,0.9682624113475178
11658,YDR234W YBR111W-A,0.0,NA,0.6224851608276367,392,357,10923,736,0.9119116698903933,0.5233644859813084,0.3475177304964539,0.03164893617021276,0.9683510638297872
11659,YGL062W YDL160C-A,0.0,NA,0.6224851608276367,392,356,10924,736,0.9119922630560928,0.5240641711229946,0.3475177304964539,0.03156028368794326,0.9684397163120567
11660,YNL024C-A YOL039W,0.0,NA,0.6224851608276367,392,355,10925,736,0.9120728562217923,0.5247657295850067,0.3475177304964539,0.031471631205673756,0.9685283687943262
11661,YOR020W-A YNL061W,0.0,NA,0.6224851608276367,392,354,10926,736,0.912153449387492,0.5254691689008043,0.3475177304964539,0.03138297872340425,0.9686170212765958
11662,YBR301W YOR020W-A,0.0,NA,0.6224851608276367,392,353,10927,736,0.9122340425531915,0.5261744966442953,0.3475177304964539,0.03129432624113475,0.9687056737588653
11663,YKR050W YJL133C-A,0.0,NA,0.6224851608276367,392,352,10928,736,0.912314635718891,0.5268817204301075,0.3475177304964539,0.031205673758865248,0.9687943262411347
11664,YOR343W-B YOR343C-B,1.0,NA,0.6224851608276367,391,352,10928,737,0.9122340425531915,0.5262449528936743,0.3466312056737589,0.031205673758865248,0.9687943262411347
11665,YNL310C YOR032W-A,0.0,NA,0.6224851608276367,391,351,10929,737,0.912314635718891,0.5269541778975741,0.3466312056737589,0.031117021276595744,0.9688829787234042
11666,YCL066W YPL052W-A,0.0,NA,0.6224851608276367,391,350,10930,737,0.9123952288845906,0.5276653171390013,0.3466312056737589,0.03102836879432624,0.9689716312056738
11667,YOR391C YOR343C-B,1.0,NA,0.6224851608276367,390,350,10930,738,0.912314635718891,0.527027027027027,0.34574468085106386,0.03102836879432624,0.9689716312056738
11668,YGR142W YGR169C-C,0.0,NA,0.6224851608276367,390,349,10931,738,0.9123952288845906,0.5277401894451962,0.34574468085106386,0.030939716312056737,0.9690602836879433
11669,YGR081C YCL001W-B,0.0,NA,0.6224851608276367,390,348,10932,738,0.9124758220502901,0.5284552845528455,0.34574468085106386,0.030851063829787233,0.9691489361702128
11670,YML100W YKL138C-A,0.0,NA,0.6224851608276367,390,347,10933,738,0.9125564152159897,0.5291723202170964,0.34574468085106386,0.03076241134751773,0.9692375886524822
11671,YCR075W-A YLR371W,0.0,NA,0.6224851608276367,390,346,10934,738,0.9126370083816893,0.529891304347826,0.34574468085106386,0.030673758865248226,0.9693262411347517
11672,YPR118W YOR032W-A,0.0,NA,0.6224851608276367,390,345,10935,738,0.9127176015473888,0.5306122448979592,0.34574468085106386,0.030585106382978722,0.9694148936170213
11673,YBR111W-A YKL028W,0.0,NA,0.6224851608276367,390,344,10936,738,0.9127981947130883,0.5313351498637602,0.34574468085106386,0.03049645390070922,0.9695035460992908
11674,YBR296C-A YCR031C,0.0,NA,0.6224851608276367,390,343,10937,738,0.9128787878787878,0.5320600272851296,0.34574468085106386,0.030407801418439715,0.9695921985815603
11675,YNL024C-A YJR118C,0.0,NA,0.6224851608276367,390,342,10938,738,0.9129593810444874,0.5327868852459017,0.34574468085106386,0.03031914893617021,0.9696808510638298
11676,YBR296C-A YKL096W,0.0,NA,0.6224851608276367,390,341,10939,738,0.913039974210187,0.533515731874145,0.34574468085106386,0.030230496453900708,0.9697695035460993
11677,YDR394W YOR343C-B,1.0,NA,0.6224851608276367,389,341,10939,739,0.9129593810444874,0.5328767123287671,0.3448581560283688,0.030230496453900708,0.9697695035460993
11678,YCL001W-B YBR299W,0.0,NA,0.6224851608276367,389,340,10940,739,0.913039974210187,0.53360768175583,0.3448581560283688,0.030141843971631204,0.9698581560283688
11679,YGL194C-A YLR332W,0.0,NA,0.6224851608276367,389,339,10941,739,0.9131205673758865,0.5343406593406593,0.3448581560283688,0.0300531914893617,0.9699468085106383
11680,YOR223W YCR075W-A,0.0,NA,0.6224851608276367,389,338,10942,739,0.9132011605415861,0.5350756533700137,0.3448581560283688,0.0299645390070922,0.9700354609929078
11681,YKL199C YKL001C,0.0,NA,0.6224851608276367,389,337,10943,739,0.9132817537072856,0.5358126721763086,0.3448581560283688,0.029875886524822697,0.9701241134751774
11682,YGR169C-C YDL018C,0.0,NA,0.6224851608276367,389,336,10944,739,0.9133623468729851,0.5365517241379311,0.3448581560283688,0.029787234042553193,0.9702127659574468
11683,YOL103W-A YJL133C-A,0.0,NA,0.6224851608276367,389,335,10945,739,0.9134429400386848,0.537292817679558,0.3448581560283688,0.02969858156028369,0.9703014184397163
11684,YGR169C-C YOR059C,0.0,NA,0.6224851608276367,389,334,10946,739,0.9135235332043843,0.5380359612724758,0.3448581560283688,0.029609929078014185,0.9703900709219858
11685,YDR316W-A YPL052W-A,0.0,NA,0.6224851608276367,389,333,10947,739,0.9136041263700838,0.538781163434903,0.3448581560283688,0.029521276595744682,0.9704787234042553
11686,YKL200C YDR150W,0.0,NA,0.6224851608276367,389,332,10948,739,0.9136847195357833,0.5395284327323162,0.3448581560283688,0.029432624113475178,0.9705673758865249
11687,YPL231W YCR080W,0.0,NA,0.6224851608276367,389,331,10949,739,0.9137653127014829,0.5402777777777777,0.3448581560283688,0.029343971631205674,0.9706560283687943
11688,YDR317W YCR075W-A,0.0,NA,0.6224851608276367,389,330,10950,739,0.9138459058671825,0.541029207232267,0.3448581560283688,0.02925531914893617,0.9707446808510638
11689,YGL194C-A YKL135C,0.0,NA,0.6224851608276367,389,329,10951,739,0.913926499032882,0.541782729805014,0.3448581560283688,0.029166666666666667,0.9708333333333333
11690,YLR391W-A YPL227C,0.0,NA,0.6224851608276367,389,328,10952,739,0.9140070921985816,0.5425383542538355,0.3448581560283688,0.029078014184397163,0.9709219858156029
11691,YIL156W-B YML080W,0.0,NA,0.6224851608276367,389,327,10953,739,0.9140876853642811,0.5432960893854749,0.3448581560283688,0.02898936170212766,0.9710106382978724
11692,YBL046W YNL138W-A,0.0,NA,0.6224851608276367,389,326,10954,739,0.9141682785299806,0.544055944055944,0.3448581560283688,0.028900709219858156,0.9710992907801419
11693,YIL008W YJL133C-A,0.0,NA,0.6224851608276367,389,325,10955,739,0.9142488716956803,0.5448179271708683,0.3448581560283688,0.028812056737588652,0.9711879432624113
11694,YIL041W YOR343C-A,0.0,NA,0.6224851608276367,389,324,10956,739,0.9143294648613798,0.5455820476858345,0.3448581560283688,0.02872340425531915,0.9712765957446808
11695,YDL150W YLR406C-A,0.0,NA,0.6224851608276367,389,323,10957,739,0.9144100580270793,0.5463483146067416,0.3448581560283688,0.028634751773049645,0.9713652482269504
11696,YDR364C YDL134C-A,0.0,NA,0.6224851608276367,389,322,10958,739,0.9144906511927788,0.5471167369901547,0.3448581560283688,0.02854609929078014,0.9714539007092199
11697,YBR111W-A YAL042W,0.0,NA,0.6224851608276367,389,321,10959,739,0.9145712443584784,0.547887323943662,0.3448581560283688,0.028457446808510638,0.9715425531914894
11698,YGR296W YOR020W-A,0.0,NA,0.6224851608276367,389,320,10960,739,0.914651837524178,0.5486600846262342,0.3448581560283688,0.028368794326241134,0.9716312056737588
11699,YBR296C-A YAL041W,0.0,NA,0.6224851608276367,389,319,10961,739,0.9147324306898775,0.5494350282485876,0.3448581560283688,0.02828014184397163,0.9717198581560283
11700,YDL160C-A YKR020W,0.0,NA,0.6224851608276367,389,318,10962,739,0.9148130238555771,0.5502121640735502,0.3448581560283688,0.028191489361702127,0.9718085106382979
11701,YIR006C YIL071W,0.0,NA,0.6224851608276367,389,317,10963,739,0.9148936170212766,0.5509915014164306,0.3448581560283688,0.028102836879432623,0.9718971631205674
11702,YLR391W-A YML100W,0.0,NA,0.6224851608276367,389,316,10964,739,0.9149742101869761,0.5517730496453901,0.3448581560283688,0.02801418439716312,0.9719858156028369
11703,YGR169C-C YOR273C,0.0,NA,0.6224851608276367,389,315,10965,739,0.9150548033526756,0.5525568181818182,0.3448581560283688,0.027925531914893616,0.9720744680851063
11704,YNL024C-A YOL161C,0.0,NA,0.6224851608276367,389,314,10966,739,0.9151353965183753,0.5533428165007113,0.3448581560283688,0.027836879432624112,0.9721631205673759
11705,YCR075W-A YNL062C,0.0,NA,0.6224851608276367,389,313,10967,739,0.9152159896840748,0.5541310541310541,0.3448581560283688,0.02774822695035461,0.9722517730496454
11706,YNR031C YCR080W,0.0,NA,0.6224851608276367,389,312,10968,739,0.9152965828497743,0.5549215406562055,0.3448581560283688,0.027659574468085105,0.9723404255319149
11707,YJL127C-B YDR311W,0.0,NA,0.6224851608276367,389,311,10969,739,0.9153771760154739,0.5557142857142857,0.3448581560283688,0.027570921985815604,0.9724290780141844
11708,YOR343C-B YBL067C,1.0,NA,0.6224851608276367,388,311,10969,740,0.9152965828497743,0.5550786838340487,0.34397163120567376,0.027570921985815604,0.9724290780141844
11709,YMR156C YLR406C-A,0.0,NA,0.6224851608276367,388,310,10970,740,0.9153771760154739,0.5558739255014327,0.34397163120567376,0.0274822695035461,0.9725177304964538
11710,YBR245C YOR343C-A,0.0,NA,0.6224851608276367,388,309,10971,740,0.9154577691811734,0.5566714490674318,0.34397163120567376,0.027393617021276597,0.9726063829787234
11711,YKL003C YKL138C-A,0.0,NA,0.6224851608276367,388,308,10972,740,0.915538362346873,0.5574712643678161,0.34397163120567376,0.027304964539007093,0.9726950354609929
11712,YJL127C-B YIR014W,0.0,NA,0.6224851608276367,388,307,10973,740,0.9156189555125726,0.5582733812949641,0.34397163120567376,0.02721631205673759,0.9727836879432624
11713,YJL109C YGL046W,0.0,NA,0.6224851608276367,388,306,10974,740,0.9156995486782721,0.5590778097982709,0.34397163120567376,0.027127659574468086,0.972872340425532
11714,YBR181C YKL138C-A,0.0,NA,0.6224851608276367,388,305,10975,740,0.9157801418439716,0.5598845598845599,0.34397163120567376,0.027039007092198582,0.9729609929078015
11715,YCL047C YLR406C-A,0.0,NA,0.6224851608276367,388,304,10976,740,0.9158607350096711,0.5606936416184971,0.34397163120567376,0.02695035460992908,0.9730496453900709
11716,YOR343C-B YLR163C,1.0,NA,0.6224851608276367,387,304,10976,741,0.9157801418439716,0.5600578871201157,0.34308510638297873,0.02695035460992908,0.9730496453900709
11717,YGR038C-B YOR343C-B,1.0,NA,0.6224851608276367,386,304,10976,742,0.9156995486782721,0.5594202898550724,0.3421985815602837,0.02695035460992908,0.9730496453900709
11718,YHR037W YCL003W,0.0,NA,0.6224851608276367,386,303,10977,742,0.9157801418439716,0.5602322206095791,0.3421985815602837,0.026861702127659575,0.9731382978723404
11719,YLR391W YMR211W,0.0,NA,0.6235978007316589,386,302,10978,742,0.9158607350096711,0.561046511627907,0.3421985815602837,0.02677304964539007,0.9732269503546099
11720,YKL064W YGL046W,0.0,NA,0.6240450143814087,386,301,10979,742,0.9159413281753708,0.5618631732168851,0.3421985815602837,0.026684397163120568,0.9733156028368795
11721,YBR075W YBL005W-B,1.0,NA,0.6247200965881348,385,301,10979,743,0.9158607350096711,0.5612244897959183,0.34131205673758863,0.026684397163120568,0.9733156028368795
11722,YBR075W YBR074W,1.0,NA,0.6249886751174927,384,301,10979,744,0.9157801418439716,0.5605839416058395,0.3404255319148936,0.026684397163120568,0.9733156028368795
11723,YPL096W YIL017W,0.0,NA,0.6260649561882019,384,300,10980,744,0.9158607350096711,0.5614035087719298,0.3404255319148936,0.026595744680851064,0.973404255319149
11724,YJR140C YJL018W,0.0,NA,0.6260668039321899,384,299,10981,744,0.9159413281753708,0.5622254758418741,0.3404255319148936,0.02650709219858156,0.9734929078014184
11725,YPL119C YOR077W,0.0,NA,0.626650333404541,384,298,10982,744,0.9160219213410703,0.5630498533724341,0.3404255319148936,0.026418439716312057,0.9735815602836879
11726,YDR394W YBR075W,1.0,NA,0.6266679167747498,383,298,10982,745,0.9159413281753708,0.5624082232011748,0.3395390070921986,0.026418439716312057,0.9735815602836879
11727,YBR075W YPR024W,1.0,NA,0.6301942467689514,382,298,10982,746,0.9158607350096711,0.5617647058823529,0.33865248226950356,0.026418439716312057,0.9735815602836879
11728,YBR075W YER143W,1.0,NA,0.6309367418289185,381,298,10982,747,0.9157801418439716,0.561119293078056,0.3377659574468085,0.026418439716312057,0.9735815602836879
11729,YIL071W YOR213C,0.0,NA,0.6341574192047119,381,297,10983,747,0.9158607350096711,0.5619469026548672,0.3377659574468085,0.026329787234042553,0.9736702127659574
11730,YKL127W YGL046W,0.0,NA,0.6346877813339233,381,296,10984,747,0.9159413281753708,0.5627769571639586,0.3377659574468085,0.02624113475177305,0.973758865248227
11731,YDR471W YCL003W,0.0,NA,0.6350206732749939,381,295,10985,747,0.9160219213410703,0.5636094674556213,0.3377659574468085,0.026152482269503546,0.9738475177304965
11732,YGR188C YJL018W,0.0,NA,0.6352865099906921,381,294,10986,747,0.9161025145067698,0.5644444444444444,0.3377659574468085,0.026063829787234042,0.9739361702127659
11733,YBR075W YIR039C,1.0,NA,0.6404842734336853,380,294,10986,748,0.9160219213410703,0.5637982195845698,0.33687943262411346,0.026063829787234042,0.9739361702127659
11734,YLR391W YGL134W,0.0,NA,0.6485109925270081,380,293,10987,748,0.9161025145067698,0.5646359583952452,0.33687943262411346,0.02597517730496454,0.9740248226950354
11735,YNL239W YBR075W,1.0,NA,0.649988055229187,379,293,10987,749,0.9160219213410703,0.5639880952380952,0.33599290780141844,0.02597517730496454,0.9740248226950354
11736,YDR427W YCL062W,0.0,NA,0.6528623700141907,379,292,10988,749,0.9161025145067698,0.5648286140089419,0.33599290780141844,0.025886524822695035,0.974113475177305
11737,YEL065W YIL017W,0.0,NA,0.6531605124473572,379,291,10989,749,0.9161831076724694,0.5656716417910448,0.33599290780141844,0.02579787234042553,0.9742021276595745
11738,YOR030W YGL046W,0.0,NA,0.65412837266922,379,290,10990,749,0.9162637008381689,0.5665171898355755,0.33599290780141844,0.025709219858156027,0.974290780141844
11739,YJL174W YIL017W,0.0,NA,0.6554403901100159,379,289,10991,749,0.9163442940038685,0.5673652694610778,0.33599290780141844,0.025620567375886524,0.9743794326241135
11740,YIL017W YIR003W,0.0,NA,0.6563431024551392,379,288,10992,749,0.916424887169568,0.568215892053973,0.33599290780141844,0.02553191489361702,0.9744680851063829
11741,YKL122C YLR256W-A,0.0,NA,0.6567533612251282,379,287,10993,749,0.9165054803352676,0.5690690690690691,0.33599290780141844,0.025443262411347516,0.9745567375886525
11742,YHR094C YBL059C-A,0.0,NA,0.6579408645629883,379,286,10994,749,0.9165860735009671,0.5699248120300752,0.33599290780141844,0.025354609929078013,0.974645390070922
11743,YKL011C YCL003W,0.0,NA,0.6588367223739624,379,285,10995,749,0.9166666666666666,0.5707831325301205,0.33599290780141844,0.02526595744680851,0.9747340425531915
11744,YGR296W YLR431C,0.0,NA,0.6630904078483582,379,284,10996,749,0.9167472598323663,0.5716440422322775,0.33599290780141844,0.02517730496453901,0.974822695035461
11745,YOR002W YOL132W,0.0,NA,0.6641317009925842,379,283,10997,749,0.9168278529980658,0.5725075528700906,0.33599290780141844,0.025088652482269505,0.9749113475177305
11746,YHR200W YDR394W,1.0,NA,0.66694176197052,378,283,10997,750,0.9167472598323663,0.5718608169440242,0.3351063829787234,0.025088652482269505,0.9749113475177305
11747,YLR034C YLR261C,0.0,NA,0.6693235039710999,378,282,10998,750,0.9168278529980658,0.5727272727272728,0.3351063829787234,0.025,0.975
11748,YKL200C YER082C,0.0,NA,0.6706037521362305,378,281,10999,750,0.9169084461637653,0.5735963581183612,0.3351063829787234,0.024911347517730498,0.9750886524822695
11749,YFL052W YGL046W,0.0,NA,0.6714350581169128,378,280,11000,750,0.9169890393294649,0.574468085106383,0.3351063829787234,0.024822695035460994,0.975177304964539
11750,YCL062W YOR138C,0.0,NA,0.6725913286209106,378,279,11001,750,0.9170696324951644,0.5753424657534246,0.3351063829787234,0.02473404255319149,0.9752659574468086
11751,YMR265C YGL046W,0.0,NA,0.6744171977043152,378,278,11002,750,0.9171502256608639,0.5762195121951219,0.3351063829787234,0.024645390070921987,0.975354609929078
11752,YGL097W YLR391W,0.0,NA,0.6750058531761169,378,277,11003,750,0.9172308188265635,0.5770992366412214,0.3351063829787234,0.024556737588652483,0.9754432624113475
11753,YIL108W YBR075W,1.0,NA,0.6774752140045166,377,277,11003,751,0.9171502256608639,0.5764525993883792,0.3342198581560284,0.024556737588652483,0.9754432624113475
11754,YGR263C YGR027W-A,0.0,NA,0.677811861038208,377,276,11004,751,0.9172308188265635,0.5773353751914242,0.3342198581560284,0.02446808510638298,0.975531914893617
11755,YCL062W YML011C,0.0,NA,0.678194522857666,377,275,11005,751,0.9173114119922631,0.5782208588957055,0.3342198581560284,0.024379432624113476,0.9756205673758865
11756,YER094C YER138C,1.0,NA,0.6826266646385193,376,275,11005,752,0.9172308188265635,0.5775729646697388,0.3333333333333333,0.024379432624113476,0.9756205673758865
11757,YDR210C-C YCR031C,0.0,NA,0.6858008503913879,376,274,11006,752,0.9173114119922631,0.5784615384615385,0.3333333333333333,0.024290780141843972,0.9757092198581561
11758,YBL047C YPR107C,0.0,NA,0.6876088380813599,376,273,11007,752,0.9173920051579626,0.5793528505392912,0.3333333333333333,0.02420212765957447,0.9757978723404256
11759,YGL070C YGL046W,0.0,NA,0.6891154646873474,376,272,11008,752,0.9174725983236621,0.5802469135802469,0.3333333333333333,0.024113475177304965,0.975886524822695
11760,YCL062W YMR123W,0.0,NA,0.6895066499710083,376,271,11009,752,0.9175531914893617,0.5811437403400309,0.3333333333333333,0.02402482269503546,0.9759751773049645
11761,YDR294C YGL046W,0.0,NA,0.6902239918708801,376,270,11010,752,0.9176337846550613,0.5820433436532507,0.3333333333333333,0.023936170212765957,0.976063829787234
11762,YNL273W YCL062W,0.0,NA,0.690330982208252,376,269,11011,752,0.9177143778207608,0.5829457364341085,0.3333333333333333,0.023847517730496454,0.9761524822695036
11763,YBL100W-B YFR052W,1.0,NA,0.6909462213516235,375,269,11011,753,0.9176337846550613,0.5822981366459627,0.3324468085106383,0.023847517730496454,0.9761524822695036
11764,YMR272C YOL103W-A,0.0,NA,0.6937584280967712,375,268,11012,753,0.9177143778207608,0.583203732503888,0.3324468085106383,0.02375886524822695,0.9762411347517731
11765,YBR075W YER160C,1.0,NA,0.694874107837677,374,268,11012,754,0.9176337846550613,0.5825545171339563,0.33156028368794327,0.02375886524822695,0.9762411347517731
11766,YOL144W YCR080W,0.0,NA,0.6954173445701599,374,267,11013,754,0.9177143778207608,0.5834633385335414,0.33156028368794327,0.023670212765957446,0.9763297872340425
11767,YOR337W YGL046W,0.0,NA,0.6976030468940735,374,266,11014,754,0.9177949709864603,0.584375,0.33156028368794327,0.023581560283687943,0.976418439716312
11768,YDR210C-C YPL112C,0.0,NA,0.6978018283843994,374,265,11015,754,0.9178755641521599,0.5852895148669797,0.33156028368794327,0.02349290780141844,0.9765070921985816
11769,YNL044W YNR007C,0.0,NA,0.6982312798500061,374,264,11016,754,0.9179561573178594,0.5862068965517241,0.33156028368794327,0.023404255319148935,0.9765957446808511
11770,YML076C YGL224C,0.0,NA,0.7052193880081177,374,263,11017,754,0.918036750483559,0.5871271585557299,0.33156028368794327,0.02331560283687943,0.9766843971631206
11771,YIR018W YGL046W,0.0,NA,0.7064250707626343,374,262,11018,754,0.9181173436492586,0.5880503144654088,0.33156028368794327,0.023226950354609928,0.97677304964539
11772,YPR031W YKL199C,0.0,NA,0.7078189253807068,374,261,11019,754,0.9181979368149581,0.5889763779527559,0.33156028368794327,0.023138297872340424,0.9768617021276595
11773,YKL186C YGR027W-A,0.0,NA,0.7093946933746338,374,260,11020,754,0.9182785299806576,0.5899053627760252,0.33156028368794327,0.02304964539007092,0.9769503546099291
11774,YNR030W YMR264W,0.0,NA,0.7100878953933716,374,259,11021,754,0.9183591231463571,0.5908372827804107,0.33156028368794327,0.022960992907801417,0.9770390070921986
11775,YHR132W-A YFL029C,0.0,NA,0.7120705246925354,374,258,11022,754,0.9184397163120568,0.5917721518987342,0.33156028368794327,0.022872340425531913,0.9771276595744681
11776,YOL103W-A YNL012W,0.0,NA,0.7134401798248291,374,257,11023,754,0.9185203094777563,0.5927099841521395,0.33156028368794327,0.022783687943262413,0.9772163120567375
11777,YPR103W YER138C,1.0,NA,0.7162274718284607,373,257,11023,755,0.9184397163120568,0.5920634920634921,0.33067375886524825,0.022783687943262413,0.9772163120567375
11778,YLR391W YKL003C,0.0,NA,0.7166240215301514,373,256,11024,755,0.9185203094777563,0.5930047694753577,0.33067375886524825,0.02269503546099291,0.9773049645390071
11779,YDL104C YDR210W-B,1.0,NA,0.717786431312561,372,256,11024,756,0.9184397163120568,0.5923566878980892,0.32978723404255317,0.02269503546099291,0.9773049645390071
11780,YOR213C YCR080W,0.0,NA,0.7241895794868469,372,255,11025,756,0.9185203094777563,0.5933014354066986,0.32978723404255317,0.022606382978723406,0.9773936170212766
11781,YDR098C-A YER020W,0.0,NA,0.7247893810272217,372,254,11026,756,0.9186009026434558,0.5942492012779552,0.32978723404255317,0.022517730496453902,0.9774822695035461
11782,YJR026W YKL209C,0.0,NA,0.7249652743339539,372,253,11027,756,0.9186814958091554,0.5952,0.32978723404255317,0.0224290780141844,0.9775709219858156
11783,YLR226W YCR080W,0.0,NA,0.7272580862045288,372,252,11028,756,0.9187620889748549,0.5961538461538461,0.32978723404255317,0.022340425531914895,0.9776595744680852
11784,YLR238W YIL071W,0.0,NA,0.7301363945007324,372,251,11029,756,0.9188426821405545,0.5971107544141252,0.32978723404255317,0.02225177304964539,0.9777482269503546
11785,YBR059C YBR222C,0.0,NA,0.7314013838768005,372,250,11030,756,0.9189232753062541,0.5980707395498392,0.32978723404255317,0.022163120567375887,0.9778368794326241
11786,YDR261C-C YML048W,0.0,NA,0.7332102060317993,372,249,11031,756,0.9190038684719536,0.5990338164251208,0.32978723404255317,0.022074468085106384,0.9779255319148936
11787,YIL017W YPL104W,0.0,NA,0.734439492225647,372,248,11032,756,0.9190844616376531,0.6,0.32978723404255317,0.02198581560283688,0.9780141843971631
11788,YML023C YLR256W-A,0.0,NA,0.735043466091156,372,247,11033,756,0.9191650548033526,0.6009693053311793,0.32978723404255317,0.021897163120567376,0.9781028368794327
11789,YER151C YBR075W,1.0,NA,0.7362080812454224,371,247,11033,757,0.9190844616376531,0.6003236245954693,0.32890070921985815,0.021897163120567376,0.9781028368794327
11790,YGR296W YHR132W-A,0.0,NA,0.7389011979103088,371,246,11034,757,0.9191650548033526,0.6012965964343598,0.32890070921985815,0.021808510638297873,0.9781914893617021
11791,YLR375W YCL003W,0.0,NA,0.7400935292243958,371,245,11035,757,0.9192456479690522,0.6022727272727273,0.32890070921985815,0.02171985815602837,0.9782801418439716
11792,YJL018W YJL178C,0.0,NA,0.7410218119621277,371,244,11036,757,0.9193262411347518,0.6032520325203252,0.32890070921985815,0.021631205673758865,0.9783687943262411
11793,YNL194C YHR132W-A,0.0,NA,0.7421492338180542,371,243,11037,757,0.9194068343004513,0.6042345276872965,0.32890070921985815,0.02154255319148936,0.9784574468085107
11794,YAL048C YIL017W,0.0,NA,0.7423070073127747,371,242,11038,757,0.9194874274661509,0.6052202283849919,0.32890070921985815,0.021453900709219858,0.9785460992907802
11795,YBR075W YJL172W,1.0,NA,0.7442566156387329,370,242,11038,758,0.9194068343004513,0.6045751633986928,0.3280141843971631,0.021453900709219858,0.9785460992907802
11796,YJL113W YBL100W-B,1.0,NA,0.7447212934494019,369,242,11038,759,0.9193262411347518,0.6039279869067103,0.3271276595744681,0.021453900709219858,0.9785460992907802
11797,YJL018W YER163C,0.0,NA,0.7448254823684692,369,241,11039,759,0.9194068343004513,0.6049180327868853,0.3271276595744681,0.021365248226950354,0.9786347517730496
11798,YBR207W YLR391W,0.0,NA,0.7449303269386292,369,240,11040,759,0.9194874274661509,0.6059113300492611,0.3271276595744681,0.02127659574468085,0.9787234042553191
11799,YKL019W YGR038C-A,0.0,NA,0.745154082775116,369,239,11041,759,0.9195680206318504,0.6069078947368421,0.3271276595744681,0.021187943262411347,0.9788120567375886
11800,YGR171C YFL033C,0.0,NA,0.7467013001441956,369,238,11042,759,0.9196486137975499,0.6079077429983526,0.3271276595744681,0.021099290780141843,0.9789007092198582
11801,YDR210C-C YGR046W,0.0,NA,0.7478415369987488,369,237,11043,759,0.9197292069632496,0.6089108910891089,0.3271276595744681,0.02101063829787234,0.9789893617021277
11802,YDR210C-C YHL024W,0.0,NA,0.7504627704620361,369,236,11044,759,0.9198098001289491,0.6099173553719008,0.3271276595744681,0.020921985815602836,0.9790780141843972
11803,YKL133C YCL062W,0.0,NA,0.7510194778442383,369,235,11045,759,0.9198903932946486,0.6109271523178808,0.3271276595744681,0.020833333333333332,0.9791666666666666
11804,YGR143W YCR052W,0.0,NA,0.7515166997909546,369,234,11046,759,0.9199709864603481,0.6119402985074627,0.3271276595744681,0.02074468085106383,0.9792553191489362
11805,YLR293C YCL003W,0.0,NA,0.7517353296279907,369,233,11047,759,0.9200515796260477,0.6129568106312292,0.3271276595744681,0.020656028368794325,0.9793439716312057
11806,YDL104C YDR098C-B,1.0,NA,0.7527170181274414,368,233,11047,760,0.9199709864603481,0.6123128119800333,0.3262411347517731,0.020656028368794325,0.9793439716312057
11807,YLR284C YJL018W,0.0,NA,0.7528451681137085,368,232,11048,760,0.9200515796260477,0.6133333333333333,0.3262411347517731,0.02056737588652482,0.9794326241134752
11808,YDR516C YBL059C-A,0.0,NA,0.7551918625831604,368,231,11049,760,0.9201321727917473,0.6143572621035058,0.3262411347517731,0.020478723404255317,0.9795212765957447
11809,YGR038C-A YAL042W,0.0,NA,0.7554649710655212,368,230,11050,760,0.9202127659574468,0.6153846153846154,0.3262411347517731,0.020390070921985817,0.9796099290780141
11810,YGR027W-A YMR271C,0.0,NA,0.7609171867370605,368,229,11051,760,0.9202933591231464,0.6164154103852596,0.3262411347517731,0.020301418439716314,0.9796985815602837
11811,YNL178W YKL199C,0.0,NA,0.7611058950424194,368,228,11052,760,0.9203739522888459,0.6174496644295302,0.3262411347517731,0.02021276595744681,0.9797872340425532
11812,YKL007W YLR270W,0.0,NA,0.7618040442466736,368,227,11053,760,0.9204545454545454,0.6184873949579832,0.3262411347517731,0.020124113475177306,0.9798758865248227
11813,YLR350W YGR027W-A,0.0,NA,0.7628810405731201,368,226,11054,760,0.920535138620245,0.6195286195286195,0.3262411347517731,0.020035460992907803,0.9799645390070922
11814,YER144C YBR075W,1.0,NA,0.7655365467071533,367,226,11054,761,0.9204545454545454,0.6188870151770658,0.325354609929078,0.020035460992907803,0.9799645390070922
11815,YDR210C-C YER070W,0.0,NA,0.7659363150596619,367,225,11055,761,0.920535138620245,0.6199324324324325,0.325354609929078,0.0199468085106383,0.9800531914893617
11816,YNL191W YHL009W-B,1.0,NA,0.7659774422645569,366,225,11055,762,0.9204545454545454,0.6192893401015228,0.324468085106383,0.0199468085106383,0.9800531914893617
11817,YDR210C-C YIL070C,0.0,NA,0.7663988471031189,366,224,11056,762,0.920535138620245,0.6203389830508474,0.324468085106383,0.019858156028368795,0.9801418439716312
11818,YPR026W YBL059C-A,0.0,NA,0.7666650414466858,366,223,11057,762,0.9206157317859446,0.6213921901528013,0.324468085106383,0.01976950354609929,0.9802304964539007
11819,YLR348C YKR056W,0.0,NA,0.7673714756965637,366,222,11058,762,0.9206963249516441,0.6224489795918368,0.324468085106383,0.019680851063829788,0.9803191489361702
11820,YGR096W YIL071W,0.0,NA,0.7674981951713562,366,221,11059,762,0.9207769181173436,0.6235093696763203,0.324468085106383,0.019592198581560284,0.9804078014184398
11821,YLR293C YDR261C-C,0.0,NA,0.7713202238082886,366,220,11060,762,0.9208575112830432,0.6245733788395904,0.324468085106383,0.01950354609929078,0.9804964539007093
11822,YEL065W YLR337W,0.0,NA,0.7713418006896973,366,219,11061,762,0.9209381044487428,0.6256410256410256,0.324468085106383,0.019414893617021277,0.9805851063829787
11823,YJR103W YDR261C-C,0.0,NA,0.7714474201202393,366,218,11062,762,0.9210186976144423,0.6267123287671232,0.324468085106383,0.019326241134751773,0.9806737588652482
11824,YIL071W YPL271W,0.0,NA,0.7726172804832458,366,217,11063,762,0.9210992907801419,0.62778730703259,0.324468085106383,0.01923758865248227,0.9807624113475177
11825,YDR098C YOR172W,0.0,NA,0.7746228575706482,366,216,11064,762,0.9211798839458414,0.6288659793814433,0.324468085106383,0.019148936170212766,0.9808510638297873
11826,YGL004C YAR019C,0.0,NA,0.7753055691719055,366,215,11065,762,0.9212604771115409,0.6299483648881239,0.324468085106383,0.019060283687943262,0.9809397163120568
11827,YBR075W YBL067C,1.0,NA,0.7792455554008484,365,215,11065,763,0.9211798839458414,0.6293103448275862,0.32358156028368795,0.019060283687943262,0.9809397163120568
11828,YBR075W YJR126C,1.0,NA,0.7811921834945679,364,215,11065,764,0.9210992907801419,0.6286701208981001,0.32269503546099293,0.019060283687943262,0.9809397163120568
11829,YKL200C YDR044W,0.0,NA,0.7814146876335144,364,214,11066,764,0.9211798839458414,0.629757785467128,0.32269503546099293,0.01897163120567376,0.9810283687943262
11830,YKL200C YOR040W,0.0,NA,0.783393144607544,364,213,11067,764,0.9212604771115409,0.6308492201039861,0.32269503546099293,0.018882978723404255,0.9811170212765957
11831,YDL244W YMR196W,0.0,NA,0.7855674624443054,364,212,11068,764,0.9213410702772404,0.6319444444444444,0.32269503546099293,0.01879432624113475,0.9812056737588652
11832,YJL138C YGR038C-A,0.0,NA,0.7858661413192749,364,211,11069,764,0.9214216634429401,0.6330434782608696,0.32269503546099293,0.018705673758865247,0.9812943262411348
11833,YGR278W YLR256W-A,0.0,NA,0.7860803008079529,364,210,11070,764,0.9215022566086396,0.6341463414634146,0.32269503546099293,0.018617021276595744,0.9813829787234043
11834,YIL071W YGL261C,0.0,NA,0.7872631549835205,364,209,11071,764,0.9215828497743391,0.6352530541012217,0.32269503546099293,0.01852836879432624,0.9814716312056737
11835,YHR132W-A YEL012W,0.0,NA,0.7892930507659912,364,208,11072,764,0.9216634429400387,0.6363636363636364,0.32269503546099293,0.018439716312056736,0.9815602836879432
11836,YKL204W YAL063C,0.0,NA,0.7906484007835388,364,207,11073,764,0.9217440361057382,0.637478108581436,0.32269503546099293,0.018351063829787233,0.9816489361702128
11837,YOR343W-B YDL104C,1.0,NA,0.7917816042900085,363,207,11073,765,0.9216634429400387,0.6368421052631579,0.32180851063829785,0.018351063829787233,0.9816489361702128
11838,YKL200C YNL124W,0.0,NA,0.7922520041465759,363,206,11074,765,0.9217440361057382,0.6379613356766256,0.32180851063829785,0.01826241134751773,0.9817375886524823
11839,YKL146W YIL071W,0.0,NA,0.794023871421814,363,205,11075,765,0.9218246292714378,0.6390845070422535,0.32180851063829785,0.018173758865248225,0.9818262411347518
11840,YER144C YNL054W-B,1.0,NA,0.7957029938697815,362,205,11075,766,0.9217440361057382,0.6384479717813051,0.32092198581560283,0.018173758865248225,0.9818262411347518
11841,YOR391C YBR075W,1.0,NA,0.7959579229354858,361,205,11075,767,0.9216634429400387,0.6378091872791519,0.3200354609929078,0.018173758865248225,0.9818262411347518
11842,YBL059C-A YLR381W,0.0,NA,0.7961137294769287,361,204,11076,767,0.9217440361057382,0.6389380530973451,0.3200354609929078,0.018085106382978722,0.9819148936170212
11843,YDL104C YDR034C-D,1.0,NA,0.7973682880401611,360,204,11076,768,0.9216634429400387,0.6382978723404256,0.3191489361702128,0.018085106382978722,0.9819148936170212
11844,YGR034W YKL199C,0.0,NA,0.7974153161048889,360,203,11077,768,0.9217440361057382,0.6394316163410302,0.3191489361702128,0.01799645390070922,0.9820035460992907
11845,YGL004C YOR388C,0.0,NA,0.7975482940673828,360,202,11078,768,0.9218246292714378,0.6405693950177936,0.3191489361702128,0.017907801418439718,0.9820921985815603
11846,YKL200C YGL083W,0.0,NA,0.7980195879936218,360,201,11079,768,0.9219052224371374,0.6417112299465241,0.3191489361702128,0.017819148936170214,0.9821808510638298
11847,YLR391W YDR139C,0.0,NA,0.7984431982040405,360,200,11080,768,0.9219858156028369,0.6428571428571429,0.3191489361702128,0.01773049645390071,0.9822695035460993
11848,YNL210W YGL095C,0.0,NA,0.7992148399353027,360,199,11081,768,0.9220664087685364,0.6440071556350626,0.3191489361702128,0.017641843971631207,0.9823581560283688
11849,YHR132W-A YNR051C,0.0,NA,0.7992236018180847,360,198,11082,768,0.9221470019342359,0.6451612903225806,0.3191489361702128,0.017553191489361703,0.9824468085106383
11850,YCL062W YOL012C,0.0,NA,0.8031581044197083,360,197,11083,768,0.9222275950999356,0.6463195691202872,0.3191489361702128,0.0174645390070922,0.9825354609929078
11851,YDR385W YCL003W,0.0,NA,0.803524374961853,360,196,11084,768,0.9223081882656351,0.6474820143884892,0.3191489361702128,0.017375886524822696,0.9826241134751773
11852,YLR061W YDR098C-A,0.0,NA,0.804512083530426,360,195,11085,768,0.9223887814313346,0.6486486486486487,0.3191489361702128,0.017287234042553192,0.9827127659574468
11853,YBR075W YDR434W,1.0,NA,0.8066160082817078,359,195,11085,769,0.9223081882656351,0.648014440433213,0.3182624113475177,0.017287234042553192,0.9827127659574468
11854,YKL173W YCR080W,0.0,NA,0.807192862033844,359,194,11086,769,0.9223887814313346,0.6491862567811935,0.3182624113475177,0.01719858156028369,0.9828014184397164
11855,YDR057W YLR391W,0.0,NA,0.8080004453659058,359,193,11087,769,0.9224693745970342,0.6503623188405797,0.3182624113475177,0.017109929078014185,0.9828900709219858
11856,YHR132W-A YGR262C,0.0,NA,0.8093493580818176,359,192,11088,769,0.9225499677627337,0.6515426497277677,0.3182624113475177,0.01702127659574468,0.9829787234042553
11857,YNL054W-B YER143W,1.0,NA,0.8104620575904846,358,192,11088,770,0.9224693745970342,0.6509090909090909,0.3173758865248227,0.01702127659574468,0.9829787234042553
11858,YLR391W YPR125W,0.0,NA,0.8114199638366699,358,191,11089,770,0.9225499677627337,0.6520947176684881,0.3173758865248227,0.016932624113475177,0.9830673758865248
11859,YJL100W YLR256W-A,0.0,NA,0.8114290833473206,358,190,11090,770,0.9226305609284333,0.6532846715328468,0.3173758865248227,0.016843971631205674,0.9831560283687943
11860,YOR391C YER094C,1.0,NA,0.8115796446800232,357,190,11090,771,0.9225499677627337,0.6526508226691042,0.31648936170212766,0.016843971631205674,0.9831560283687943
11861,YIL087C YGR038C-A,0.0,NA,0.8119070529937744,357,189,11091,771,0.9226305609284333,0.6538461538461539,0.31648936170212766,0.01675531914893617,0.9832446808510639
11862,YMR227C YBL059C-A,0.0,NA,0.8129575848579407,357,188,11092,771,0.9227111540941328,0.655045871559633,0.31648936170212766,0.016666666666666666,0.9833333333333333
11863,YPR103W YFR006W,1.0,NA,0.8150148391723633,356,188,11092,772,0.9226305609284333,0.6544117647058824,0.31560283687943264,0.016666666666666666,0.9833333333333333
11864,YCL003W YIL101C,0.0,NA,0.8170371055603027,356,187,11093,772,0.9227111540941328,0.6556169429097606,0.31560283687943264,0.016578014184397163,0.9834219858156028
11865,YDR210C-C YLR103C,0.0,NA,0.8197927474975586,356,186,11094,772,0.9227917472598324,0.6568265682656826,0.31560283687943264,0.01648936170212766,0.9835106382978723
11866,YGR038C-A YLR090W,0.0,NA,0.8246120810508728,356,185,11095,772,0.9228723404255319,0.6580406654343808,0.31560283687943264,0.016400709219858155,0.9835992907801419
11867,YHR132W-A YML080W,0.0,NA,0.8247359395027161,356,184,11096,772,0.9229529335912314,0.6592592592592592,0.31560283687943264,0.016312056737588652,0.9836879432624114
11868,YOL103W-A YAR042W,0.0,NA,0.8249052166938782,356,183,11097,772,0.9230335267569311,0.660482374768089,0.31560283687943264,0.016223404255319148,0.9837765957446809
11869,YKR055W YJR072C,0.0,NA,0.8253051042556763,356,182,11098,772,0.9231141199226306,0.6617100371747212,0.31560283687943264,0.016134751773049644,0.9838652482269503
11870,YGR213C YGR038C-A,0.0,NA,0.8275057077407837,356,181,11099,772,0.9231947130883301,0.6629422718808193,0.31560283687943264,0.01604609929078014,0.9839539007092198
11871,YLR337W YAL041W,0.0,NA,0.8280389308929443,356,180,11100,772,0.9232753062540296,0.664179104477612,0.31560283687943264,0.015957446808510637,0.9840425531914894
11872,YKL200C YKR078W,0.0,NA,0.8297248482704163,356,179,11101,772,0.9233558994197292,0.6654205607476635,0.31560283687943264,0.015868794326241133,0.9841312056737589
11873,YNL304W YHR132W-A,0.0,NA,0.8304712772369385,356,178,11102,772,0.9234364925854287,0.6666666666666666,0.31560283687943264,0.01578014184397163,0.9842198581560284
11874,YKL200C YEL039C,0.0,NA,0.8317957520484924,356,177,11103,772,0.9235170857511283,0.6679174484052532,0.31560283687943264,0.015691489361702126,0.9843085106382978
11875,YBL059C-A YMR086W,0.0,NA,0.8330550789833069,356,176,11104,772,0.9235976789168279,0.6691729323308271,0.31560283687943264,0.015602836879432624,0.9843971631205674
11876,YMR203W YBL059C-A,0.0,NA,0.834089457988739,356,175,11105,772,0.9236782720825274,0.6704331450094162,0.31560283687943264,0.01551418439716312,0.9844858156028369
11877,YDR261C-C YEL012W,0.0,NA,0.8358976244926453,356,174,11106,772,0.9237588652482269,0.6716981132075471,0.31560283687943264,0.015425531914893617,0.9845744680851064
11878,YJR048W YLR256W-A,0.0,NA,0.8360898494720459,356,173,11107,772,0.9238394584139265,0.6729678638941399,0.31560283687943264,0.015336879432624113,0.9846631205673759
11879,YNL181W YLR256W-A,0.0,NA,0.8377968072891235,356,172,11108,772,0.9239200515796261,0.6742424242424242,0.31560283687943264,0.01524822695035461,0.9847517730496453
11880,YLL021W YBL059C-A,0.0,NA,0.8382685780525208,356,171,11109,772,0.9240006447453256,0.6755218216318786,0.31560283687943264,0.015159574468085106,0.9848404255319149
11881,YDR210W-B YFR018C,1.0,NA,0.8400483727455139,355,171,11109,773,0.9239200515796261,0.6749049429657795,0.3147163120567376,0.015159574468085106,0.9848404255319149
11882,YKL150W YCL003W,0.0,NA,0.840170681476593,355,170,11110,773,0.9240006447453256,0.6761904761904762,0.3147163120567376,0.015070921985815602,0.9849290780141844
11883,YKL150W YDR261C-C,0.0,NA,0.8422896862030029,355,169,11111,773,0.9240812379110251,0.6774809160305344,0.3147163120567376,0.0149822695035461,0.9850177304964539
11884,YJR125C YHR132W-A,0.0,NA,0.842898428440094,355,168,11112,773,0.9241618310767247,0.6787762906309751,0.3147163120567376,0.014893617021276596,0.9851063829787234
11885,YBL059C-A YKL201C,0.0,NA,0.8436163663864136,355,167,11113,773,0.9242424242424242,0.6800766283524904,0.3147163120567376,0.014804964539007093,0.985195035460993
11886,YER144C YBL100W-B,1.0,NA,0.8448696732521057,354,167,11113,774,0.9241618310767247,0.6794625719769674,0.31382978723404253,0.014804964539007093,0.985195035460993
11887,YDL104C YBR075W,1.0,NA,0.8460278511047363,353,167,11113,775,0.9240812379110251,0.6788461538461539,0.3129432624113475,0.014804964539007093,0.985195035460993
11888,YER094C YFR052W,1.0,NA,0.8466218113899231,352,167,11113,776,0.9240006447453256,0.6782273603082851,0.3120567375886525,0.014804964539007093,0.985195035460993
11889,YLR430W YLR256W-A,0.0,NA,0.8484916687011719,352,166,11114,776,0.9240812379110251,0.6795366795366795,0.3120567375886525,0.014716312056737589,0.9852836879432624
11890,YDR098C-A YKL201C,0.0,NA,0.8492538928985596,352,165,11115,776,0.9241618310767247,0.6808510638297872,0.3120567375886525,0.014627659574468085,0.9853723404255319
11891,YNL273W YKR103W,0.0,NA,0.850263774394989,352,164,11116,776,0.9242424242424242,0.6821705426356589,0.3120567375886525,0.014539007092198582,0.9854609929078014
11892,YJL018W YOL123W,0.0,NA,0.8502767086029053,352,163,11117,776,0.9243230174081238,0.683495145631068,0.3120567375886525,0.014450354609929078,0.985549645390071
11893,YLR337W YIL017W,0.0,NA,0.8506420850753784,352,162,11118,776,0.9244036105738234,0.6848249027237354,0.3120567375886525,0.014361702127659574,0.9856382978723405
11894,YPR024W YNL054W-B,1.0,NA,0.8521379828453064,351,162,11118,777,0.9243230174081238,0.6842105263157895,0.31117021276595747,0.014361702127659574,0.9856382978723405
11895,YDR098C-A YHR030C,0.0,NA,0.8573829531669617,351,161,11119,777,0.9244036105738234,0.685546875,0.31117021276595747,0.01427304964539007,0.9857269503546099
11896,YFR052W YER138C,1.0,NA,0.8592761754989624,350,161,11119,778,0.9243230174081238,0.684931506849315,0.3102836879432624,0.01427304964539007,0.9857269503546099
11897,YOR343W-B YGR098C,1.0,NA,0.8593021631240845,349,161,11119,779,0.9242424242424242,0.6843137254901961,0.30939716312056736,0.01427304964539007,0.9857269503546099
11898,YMR284W YPR072W,0.0,NA,0.8594024181365967,349,160,11120,779,0.9243230174081238,0.6856581532416502,0.30939716312056736,0.014184397163120567,0.9858156028368794
11899,YBR008C YJR131W,0.0,NA,0.8594441413879395,349,159,11121,779,0.9244036105738234,0.687007874015748,0.30939716312056736,0.014095744680851063,0.9859042553191489
11900,YKL199C YLL013C,0.0,NA,0.859838604927063,349,158,11122,779,0.9244842037395229,0.6883629191321499,0.30939716312056736,0.01400709219858156,0.9859929078014185
11901,YDR210C-C YBR029C,0.0,NA,0.8621058464050293,349,157,11123,779,0.9245647969052224,0.6897233201581028,0.30939716312056736,0.013918439716312056,0.986081560283688
11902,YKL200C YBR179C,0.0,NA,0.8625961542129517,349,156,11124,779,0.924645390070922,0.691089108910891,0.30939716312056736,0.013829787234042552,0.9861702127659574
11903,YNL191W YNL054W-B,1.0,NA,0.8648969531059265,348,156,11124,780,0.9245647969052224,0.6904761904761905,0.30851063829787234,0.013829787234042552,0.9861702127659574
11904,YBR008C YCL003W,0.0,NA,0.8658105134963989,348,155,11125,780,0.924645390070922,0.6918489065606361,0.30851063829787234,0.01374113475177305,0.9862588652482269
11905,YNL225C YGR038C-A,0.0,NA,0.866594672203064,348,154,11126,780,0.9247259832366216,0.6932270916334662,0.30851063829787234,0.013652482269503547,0.9863475177304964
11906,YLR391W YLR414C,0.0,NA,0.8682492971420288,348,153,11127,780,0.9248065764023211,0.6946107784431138,0.30851063829787234,0.013563829787234043,0.986436170212766
11907,YKL199C YDR219C,0.0,NA,0.8683722615242004,348,152,11128,780,0.9248871695680206,0.696,0.30851063829787234,0.01347517730496454,0.9865248226950355
11908,YER160C YJL172W,1.0,NA,0.8702747821807861,347,152,11128,781,0.9248065764023211,0.6953907815631263,0.3076241134751773,0.01347517730496454,0.9865248226950355
11909,YDR098C-A YOR156C,0.0,NA,0.8702783584594727,347,151,11129,781,0.9248871695680206,0.6967871485943775,0.3076241134751773,0.013386524822695036,0.9866134751773049
11910,YKL200C YGL216W,0.0,NA,0.8705901503562927,347,150,11130,781,0.9249677627337202,0.6981891348088531,0.3076241134751773,0.013297872340425532,0.9867021276595744
11911,YOR355W YDR098C-A,0.0,NA,0.8707759380340576,347,149,11131,781,0.9250483558994197,0.6995967741935484,0.3076241134751773,0.013209219858156028,0.986790780141844
11912,YDR316W-A YHR064C,0.0,NA,0.8713734745979309,347,148,11132,781,0.9251289490651193,0.701010101010101,0.3076241134751773,0.013120567375886525,0.9868794326241135
11913,YLR414C YGL046W,0.0,NA,0.8721843361854553,347,147,11133,781,0.9252095422308189,0.7024291497975709,0.3076241134751773,0.013031914893617021,0.986968085106383
11914,YIL071W YDR130C,0.0,NA,0.8726330995559692,347,146,11134,781,0.9252901353965184,0.7038539553752535,0.3076241134751773,0.012943262411347517,0.9870567375886525
11915,YGL168W YLR256W-A,0.0,NA,0.8731674551963806,347,145,11135,781,0.9253707285622179,0.7052845528455285,0.3076241134751773,0.012854609929078014,0.987145390070922
11916,YLR350W YGL046W,0.0,NA,0.8741013407707214,347,144,11136,781,0.9254513217279174,0.7067209775967414,0.3076241134751773,0.01276595744680851,0.9872340425531915
11917,YNL274C YLR391W,0.0,NA,0.8742280602455139,347,143,11137,781,0.925531914893617,0.7081632653061225,0.3076241134751773,0.012677304964539006,0.987322695035461
11918,YPR052C YBR213W,0.0,NA,0.8745889663696289,347,142,11138,781,0.9256125080593166,0.7096114519427403,0.3076241134751773,0.012588652482269504,0.9874113475177305
11919,YNL054W-B YBR074W,1.0,NA,0.8747938275337219,346,142,11138,782,0.925531914893617,0.7090163934426229,0.3067375886524823,0.012588652482269504,0.9874113475177305
11920,YGR038C-A YIR034C,0.0,NA,0.8747941255569458,346,141,11139,782,0.9256125080593166,0.7104722792607803,0.3067375886524823,0.0125,0.9875
11921,YOR343W-B YDR415C,1.0,NA,0.8750148415565491,345,141,11139,783,0.925531914893617,0.7098765432098766,0.3058510638297872,0.0125,0.9875
11922,YGR038C-B YFR018C,1.0,NA,0.8755368590354919,344,141,11139,784,0.9254513217279174,0.709278350515464,0.3049645390070922,0.0125,0.9875
11923,YER094C YNL054W-B,1.0,NA,0.8773670196533203,343,141,11139,785,0.9253707285622179,0.7086776859504132,0.30407801418439717,0.0125,0.9875
11924,YOR343W-B YJL113W,1.0,NA,0.8773761987686157,342,141,11139,786,0.9252901353965184,0.7080745341614907,0.30319148936170215,0.0125,0.9875
11925,YDR261C-C YER002W,0.0,NA,0.8786120414733887,342,140,11140,786,0.9253707285622179,0.7095435684647303,0.30319148936170215,0.012411347517730497,0.9875886524822695
11926,YGR038C-B YFR052W,1.0,NA,0.8804817795753479,341,140,11140,787,0.9252901353965184,0.7089397089397089,0.30230496453900707,0.012411347517730497,0.9875886524822695
11927,YER143W YER138C,1.0,NA,0.8810421228408813,340,140,11140,788,0.9252095422308189,0.7083333333333334,0.30141843971631205,0.012411347517730497,0.9875886524822695
11928,YDR533C YNL054W-B,1.0,NA,0.8827782273292542,339,140,11140,789,0.9251289490651193,0.7077244258872651,0.300531914893617,0.012411347517730497,0.9875886524822695
11929,YDR261W-A YOR172W,0.0,NA,0.8832353353500366,339,139,11141,789,0.9252095422308189,0.7092050209205021,0.300531914893617,0.012322695035460993,0.987677304964539
11930,YHR167W YKL199C,0.0,NA,0.8832399249076843,339,138,11142,789,0.9252901353965184,0.710691823899371,0.300531914893617,0.01223404255319149,0.9877659574468085
11931,YEL069C YMR124W,0.0,NA,0.8835508227348328,339,137,11143,789,0.9253707285622179,0.7121848739495799,0.300531914893617,0.012145390070921986,0.987854609929078
11932,YKL119C YJL121C,0.0,NA,0.8841926455497742,339,136,11144,789,0.9254513217279174,0.7136842105263158,0.300531914893617,0.012056737588652482,0.9879432624113476
11933,YPR127W YDL246C,0.0,NA,0.8861702680587769,339,135,11145,789,0.925531914893617,0.7151898734177216,0.300531914893617,0.011968085106382979,0.988031914893617
11934,YPR103W YBL005W-B,1.0,NA,0.887024462223053,338,135,11145,790,0.9254513217279174,0.7145877378435518,0.299645390070922,0.011968085106382979,0.988031914893617
11935,YML076C YLR256W-A,0.0,NA,0.8876098394393921,338,134,11146,790,0.925531914893617,0.7161016949152542,0.299645390070922,0.011879432624113475,0.9881205673758865
11936,YIR006C YGL216W,0.0,NA,0.8887309432029724,338,133,11147,790,0.9256125080593166,0.7176220806794055,0.299645390070922,0.011790780141843971,0.988209219858156
11937,YJL113W YGR027W-B,1.0,NA,0.891200840473175,337,133,11147,791,0.925531914893617,0.7170212765957447,0.2987588652482269,0.011790780141843971,0.988209219858156
11938,YML076C YOL103W-A,0.0,NA,0.8921816945075989,337,132,11148,791,0.9256125080593166,0.7185501066098081,0.2987588652482269,0.011702127659574468,0.9882978723404255
11939,YOL090W YGL083W,0.0,NA,0.892220139503479,337,131,11149,791,0.9256931012250161,0.7200854700854701,0.2987588652482269,0.011613475177304964,0.9883865248226951
11940,YOR223W YDR261C-C,0.0,NA,0.8924095630645752,337,130,11150,791,0.9257736943907157,0.721627408993576,0.2987588652482269,0.01152482269503546,0.9884751773049646
11941,YDR261C-C YDR204W,0.0,NA,0.892842710018158,337,129,11151,791,0.9258542875564152,0.723175965665236,0.2987588652482269,0.011436170212765957,0.988563829787234
11942,YJL113W YNL054W-B,1.0,NA,0.893355667591095,336,129,11151,792,0.9257736943907157,0.7225806451612903,0.2978723404255319,0.011436170212765957,0.988563829787234
11943,YDR261C-C YDL211C,0.0,NA,0.8942176103591919,336,128,11152,792,0.9258542875564152,0.7241379310344828,0.2978723404255319,0.011347517730496455,0.9886524822695035
11944,YGR038C-B YDR415C,1.0,NA,0.8960300087928772,335,128,11152,793,0.9257736943907157,0.7235421166306696,0.2969858156028369,0.011347517730496455,0.9886524822695035
11945,YDR415C YNL054W-B,1.0,NA,0.8960598707199097,334,128,11152,794,0.9256931012250161,0.7229437229437229,0.29609929078014185,0.011347517730496455,0.9886524822695035
11946,YDR316W-A YBR268W,0.0,NA,0.8974326252937317,334,127,11153,794,0.9257736943907157,0.7245119305856833,0.29609929078014185,0.011258865248226951,0.988741134751773
11947,YDR316W-A YGL257C,0.0,NA,0.8979123830795288,334,126,11154,794,0.9258542875564152,0.7260869565217392,0.29609929078014185,0.011170212765957447,0.9888297872340426
11948,YOR343W-B YER151C,1.0,NA,0.8979666829109192,333,126,11154,795,0.9257736943907157,0.7254901960784313,0.29521276595744683,0.011170212765957447,0.9888297872340426
11949,YKL200C YOL091W,0.0,NA,0.8982277512550354,333,125,11155,795,0.9258542875564152,0.7270742358078602,0.29521276595744683,0.011081560283687944,0.9889184397163121
11950,YGR098C YGR027W-B,1.0,NA,0.8999858498573303,332,125,11155,796,0.9257736943907157,0.7264770240700219,0.29432624113475175,0.011081560283687944,0.9889184397163121
11951,YOR343W-B YER143W,1.0,NA,0.9008897542953491,331,125,11155,797,0.9256931012250161,0.7258771929824561,0.29343971631205673,0.011081560283687944,0.9889184397163121
11952,YNL054W-B YFR018C,1.0,NA,0.901498556137085,330,125,11155,798,0.9256125080593166,0.7252747252747253,0.2925531914893617,0.011081560283687944,0.9889184397163121
11953,YNL191W YDR210W-B,1.0,NA,0.9021103978157043,329,125,11155,799,0.925531914893617,0.724669603524229,0.2916666666666667,0.011081560283687944,0.9889184397163121
11954,YLR085C YJR026W,0.0,NA,0.9032915830612183,329,124,11156,799,0.9256125080593166,0.7262693156732892,0.2916666666666667,0.01099290780141844,0.9890070921985815
11955,YER151C YDR034C-D,1.0,NA,0.9036691784858704,328,124,11156,800,0.925531914893617,0.7256637168141593,0.2907801418439716,0.01099290780141844,0.9890070921985815
11956,YGL222C YCR076C,0.0,NA,0.9048315286636353,328,123,11157,800,0.9256125080593166,0.7272727272727273,0.2907801418439716,0.010904255319148936,0.989095744680851
11957,YDR210W-B YDR415C,1.0,NA,0.905024528503418,327,123,11157,801,0.925531914893617,0.7266666666666667,0.2898936170212766,0.010904255319148936,0.989095744680851
11958,YNL054W-B YFR052W,1.0,NA,0.9058091640472412,326,123,11157,802,0.9254513217279174,0.7260579064587973,0.28900709219858156,0.010904255319148936,0.989095744680851
11959,YDR415C YGR027W-B,1.0,NA,0.9062904119491577,325,123,11157,803,0.9253707285622179,0.7254464285714286,0.28812056737588654,0.010904255319148936,0.989095744680851
11960,YJR127C YGR027W-A,0.0,NA,0.9075426459312439,325,122,11158,803,0.9254513217279174,0.727069351230425,0.28812056737588654,0.010815602836879433,0.9891843971631206
11961,YDR210C-C YLR224W,0.0,NA,0.9076507687568665,325,121,11159,803,0.925531914893617,0.7286995515695067,0.28812056737588654,0.010726950354609929,0.9892730496453901
11962,YDR098C-A YDR217C,0.0,NA,0.9088690876960754,325,120,11160,803,0.9256125080593166,0.7303370786516854,0.28812056737588654,0.010638297872340425,0.9893617021276596
11963,YMR230W YGR027W-A,0.0,NA,0.908998966217041,325,119,11161,803,0.9256931012250161,0.7319819819819819,0.28812056737588654,0.010549645390070922,0.989450354609929
11964,YLR307W YOL103W-A,0.0,NA,0.9103677272796631,325,118,11162,803,0.9257736943907157,0.7336343115124153,0.28812056737588654,0.010460992907801418,0.9895390070921986
11965,YDR316W-A YLR262C,0.0,NA,0.9106571078300476,325,117,11163,803,0.9258542875564152,0.7352941176470589,0.28812056737588654,0.010372340425531914,0.9896276595744681
11966,YDR316W-A YLL027W,0.0,NA,0.9124910831451416,325,116,11164,803,0.9259348807221147,0.7369614512471655,0.28812056737588654,0.01028368794326241,0.9897163120567376
11967,YJL113W YDR098C-B,1.0,NA,0.9124937653541565,324,116,11164,804,0.9258542875564152,0.7363636363636363,0.2872340425531915,0.01028368794326241,0.9897163120567376
11968,YHR050W YDR210C-C,0.0,NA,0.9129000902175903,324,115,11165,804,0.9259348807221147,0.7380410022779044,0.2872340425531915,0.010195035460992909,0.9898049645390071
11969,YOL103W-A YPL040C,0.0,NA,0.9129539728164673,324,114,11166,804,0.9260154738878144,0.7397260273972602,0.2872340425531915,0.010106382978723405,0.9898936170212767
11970,YDR427W YNL118C,0.0,NA,0.9139668345451355,324,113,11167,804,0.9260960670535139,0.7414187643020596,0.2872340425531915,0.010017730496453901,0.9899822695035461
11971,YHR200W YNL054W-B,1.0,NA,0.9146019816398621,323,113,11167,805,0.9260154738878144,0.7408256880733946,0.28634751773049644,0.010017730496453901,0.9899822695035461
11972,YMR196W YHR077C,0.0,NA,0.9148883819580078,323,112,11168,805,0.9260960670535139,0.7425287356321839,0.28634751773049644,0.009929078014184398,0.9900709219858156
11973,YOR391C YHL009W-B,1.0,NA,0.9160905480384827,322,112,11168,806,0.9260154738878144,0.7419354838709677,0.2854609929078014,0.009929078014184398,0.9900709219858156
11974,YGR091W YOL103W-A,0.0,NA,0.9161320328712463,322,111,11169,806,0.9260960670535139,0.74364896073903,0.2854609929078014,0.009840425531914894,0.9901595744680851
11975,YPR024W YDR098C-B,1.0,NA,0.9174005389213562,321,111,11169,807,0.9260154738878144,0.7430555555555556,0.2845744680851064,0.009840425531914894,0.9901595744680851
11976,YPR024W YGR027W-B,1.0,NA,0.9177443981170654,320,111,11169,808,0.9259348807221147,0.7424593967517401,0.28368794326241137,0.009840425531914894,0.9901595744680851
11977,YJR074W YKL220C,0.0,NA,0.9179537296295166,320,110,11170,808,0.9260154738878144,0.7441860465116279,0.28368794326241137,0.00975177304964539,0.9902482269503546
11978,YOR343W-B YNL191W,1.0,NA,0.9187513589859009,319,110,11170,809,0.9259348807221147,0.7435897435897436,0.2828014184397163,0.00975177304964539,0.9902482269503546
11979,YDR098C-A YOL025W,0.0,NA,0.9190543293952942,319,109,11171,809,0.9260154738878144,0.7453271028037384,0.2828014184397163,0.009663120567375887,0.9903368794326242
11980,YGR038C-B YJL172W,1.0,NA,0.9192907214164734,318,109,11171,810,0.9259348807221147,0.7447306791569087,0.28191489361702127,0.009663120567375887,0.9903368794326242
11981,YKL077W YGR038C-A,0.0,NA,0.9194833040237427,318,108,11172,810,0.9260154738878144,0.7464788732394366,0.28191489361702127,0.009574468085106383,0.9904255319148936
11982,YDR533C YGR027W-B,1.0,NA,0.9209831357002258,317,108,11172,811,0.9259348807221147,0.7458823529411764,0.28102836879432624,0.009574468085106383,0.9904255319148936
11983,YDR210C-C YDR520C,0.0,NA,0.9209930300712585,317,107,11173,811,0.9260154738878144,0.7476415094339622,0.28102836879432624,0.00948581560283688,0.9905141843971631
11984,YHL009W-B YDR434W,1.0,NA,0.921143114566803,316,107,11173,812,0.9259348807221147,0.7470449172576832,0.2801418439716312,0.00948581560283688,0.9905141843971631
11985,YDR034C-D YBL067C,1.0,NA,0.9219595193862915,315,107,11173,813,0.9258542875564152,0.7464454976303317,0.27925531914893614,0.00948581560283688,0.9905141843971631
11986,YDR261W-A YML127W,0.0,NA,0.9220901131629944,315,106,11174,813,0.9259348807221147,0.7482185273159145,0.27925531914893614,0.009397163120567376,0.9906028368794326
11987,YIL070C YCR080W,0.0,NA,0.9223142862319946,315,105,11175,813,0.9260154738878144,0.75,0.27925531914893614,0.009308510638297872,0.9906914893617021
11988,YDR261W-A YJL143W,0.0,NA,0.9228030443191528,315,104,11176,813,0.9260960670535139,0.7517899761336515,0.27925531914893614,0.009219858156028368,0.9907801418439717
11989,YPR024W YDR210W-B,1.0,NA,0.9228556156158447,314,104,11176,814,0.9260154738878144,0.7511961722488039,0.2783687943262411,0.009219858156028368,0.9907801418439717
11990,YDR261W-A YAL027W,0.0,NA,0.9230098724365234,314,103,11177,814,0.9260960670535139,0.7529976019184652,0.2783687943262411,0.009131205673758865,0.9908687943262411
11991,YDR415C YDR034C-D,1.0,NA,0.9234025478363037,313,103,11177,815,0.9260154738878144,0.7524038461538461,0.2774822695035461,0.009131205673758865,0.9908687943262411
11992,YDR316W-A YHR176W,0.0,NA,0.9234120845794678,313,102,11178,815,0.9260960670535139,0.7542168674698795,0.2774822695035461,0.009042553191489361,0.9909574468085106
11993,YDR098C-B YFR018C,1.0,NA,0.9249988198280334,312,102,11178,816,0.9260154738878144,0.7536231884057971,0.2765957446808511,0.009042553191489361,0.9909574468085106
11994,YER151C YDR098C-B,1.0,NA,0.9251867532730103,311,102,11178,817,0.9259348807221147,0.7530266343825666,0.27570921985815605,0.009042553191489361,0.9909574468085106
11995,YGR038C-B YNL191W,1.0,NA,0.9253915548324585,310,102,11178,818,0.9258542875564152,0.7524271844660194,0.274822695035461,0.009042553191489361,0.9909574468085106
11996,YDR331W YNL054W-B,1.0,NA,0.9269278645515442,309,102,11178,819,0.9257736943907157,0.7518248175182481,0.27393617021276595,0.009042553191489361,0.9909574468085106
11997,YGR098C YNL054W-B,1.0,NA,0.9270352125167847,308,102,11178,820,0.9256931012250161,0.751219512195122,0.2730496453900709,0.009042553191489361,0.9909574468085106
11998,YOR116C YGR141W,0.0,NA,0.9270824193954468,308,101,11179,820,0.9257736943907157,0.7530562347188264,0.2730496453900709,0.008953900709219859,0.9910460992907801
11999,YDR098C-B YBL067C,1.0,NA,0.927876353263855,307,101,11179,821,0.9256931012250161,0.7524509803921569,0.2721631205673759,0.008953900709219859,0.9910460992907801
12000,YGR038C-B YDR394W,1.0,NA,0.9281341433525085,306,101,11179,822,0.9256125080593166,0.7518427518427518,0.2712765957446808,0.008953900709219859,0.9910460992907801
12001,YGR038C-B YER143W,1.0,NA,0.9282925128936768,305,101,11179,823,0.925531914893617,0.7512315270935961,0.2703900709219858,0.008953900709219859,0.9910460992907801
12002,YGR038C-B YBL067C,1.0,NA,0.9285121560096741,304,101,11179,824,0.9254513217279174,0.7506172839506173,0.2695035460992908,0.008953900709219859,0.9910460992907801
12003,YBL100W-B YHL009W-B,1.0,NA,0.9296595454216003,303,101,11179,825,0.9253707285622179,0.75,0.26861702127659576,0.008953900709219859,0.9910460992907801
12004,YER151C YDR210W-B,1.0,NA,0.9298800826072693,302,101,11179,826,0.9252901353965184,0.749379652605459,0.26773049645390073,0.008953900709219859,0.9910460992907801
12005,YER151C YGR027W-B,1.0,NA,0.9306702017784119,301,101,11179,827,0.9252095422308189,0.7487562189054726,0.26684397163120566,0.008953900709219859,0.9910460992907801
12006,YPR024W YDR034C-D,1.0,NA,0.930696427822113,300,101,11179,828,0.9251289490651193,0.7481296758104738,0.26595744680851063,0.008953900709219859,0.9910460992907801
12007,YML118W YDL193W,0.0,NA,0.9312559962272644,300,100,11180,828,0.9252095422308189,0.75,0.26595744680851063,0.008865248226950355,0.9911347517730497
12008,YOR343W-B YPR103W,1.0,NA,0.9314653873443604,299,100,11180,829,0.9251289490651193,0.7493734335839599,0.2650709219858156,0.008865248226950355,0.9911347517730497
12009,YGR038C-B YPR024W,1.0,NA,0.9316877126693726,298,100,11180,830,0.9250483558994197,0.7487437185929648,0.2641843971631206,0.008865248226950355,0.9911347517730497
12010,YGL065C YLR256W-A,0.0,NA,0.9318197965621948,298,99,11181,830,0.9251289490651193,0.7506297229219143,0.2641843971631206,0.008776595744680852,0.9912234042553192
12011,YOR391C YFR052W,1.0,NA,0.931857705116272,297,99,11181,831,0.9250483558994197,0.75,0.2632978723404255,0.008776595744680852,0.9912234042553192
12012,YGR027W-B YJR126C,1.0,NA,0.9318578839302063,296,99,11181,832,0.9249677627337202,0.7493670886075949,0.2624113475177305,0.008776595744680852,0.9912234042553192
12013,YMR150C YDR034C-D,1.0,NA,0.9324745535850525,295,99,11181,833,0.9248871695680206,0.748730964467005,0.26152482269503546,0.008776595744680852,0.9912234042553192
12014,YDR261C-C YML132W,0.0,NA,0.9326511025428772,295,98,11182,833,0.9249677627337202,0.7506361323155216,0.26152482269503546,0.008687943262411348,0.9913120567375886
12015,YGR038C-B YJL113W,1.0,NA,0.9326587319374084,294,98,11182,834,0.9248871695680206,0.75,0.26063829787234044,0.008687943262411348,0.9913120567375886
12016,YGR038C-B YGR098C,1.0,NA,0.9328349828720093,293,98,11182,835,0.9248065764023211,0.7493606138107417,0.25975177304964536,0.008687943262411348,0.9913120567375886
12017,YHL009W-B YGL203C,1.0,NA,0.9330751895904541,292,98,11182,836,0.9247259832366216,0.7487179487179487,0.25886524822695034,0.008687943262411348,0.9913120567375886
12018,YGR027W-B YER143W,1.0,NA,0.9334527850151062,291,98,11182,837,0.924645390070922,0.7480719794344473,0.2579787234042553,0.008687943262411348,0.9913120567375886
12019,YDR098C-A YIL147C,0.0,NA,0.9343644380569458,291,97,11183,837,0.9247259832366216,0.75,0.2579787234042553,0.008599290780141844,0.9914007092198581
12020,YML015C YLR256W-A,0.0,NA,0.9348803162574768,291,96,11184,837,0.9248065764023211,0.751937984496124,0.2579787234042553,0.00851063829787234,0.9914893617021276
12021,YJL113W YDR034C-D,1.0,NA,0.9351802468299866,290,96,11184,838,0.9247259832366216,0.7512953367875648,0.2570921985815603,0.00851063829787234,0.9914893617021276
12022,YCL062W YPL199C,0.0,NA,0.9352470636367798,290,95,11185,838,0.9248065764023211,0.7532467532467533,0.2570921985815603,0.008421985815602837,0.9915780141843972
12023,YML055W YDR098C-B,1.0,NA,0.9356973171234131,289,95,11185,839,0.9247259832366216,0.7526041666666666,0.25620567375886527,0.008421985815602837,0.9915780141843972
12024,YDR210W-B YJL113W,1.0,NA,0.9357579946517944,288,95,11185,840,0.924645390070922,0.7519582245430809,0.2553191489361702,0.008421985815602837,0.9915780141843972
12025,YNL191W YDR034C-D,1.0,NA,0.9361274242401123,287,95,11185,841,0.9245647969052224,0.7513089005235603,0.25443262411347517,0.008421985815602837,0.9915780141843972
12026,YGR027W-B YFR052W,1.0,NA,0.9366406798362732,286,95,11185,842,0.9244842037395229,0.7506561679790026,0.25354609929078015,0.008421985815602837,0.9915780141843972
12027,YMR015C YGR027W-A,0.0,NA,0.9368794560432434,286,94,11186,842,0.9245647969052224,0.7526315789473684,0.25354609929078015,0.008333333333333333,0.9916666666666667
12028,YOR343W-B YBL067C,1.0,NA,0.9370115399360657,285,94,11186,843,0.9244842037395229,0.7519788918205804,0.2526595744680851,0.008333333333333333,0.9916666666666667
12029,YNL191W YGR027W-B,1.0,NA,0.9371049404144287,284,94,11186,844,0.9244036105738234,0.7513227513227513,0.25177304964539005,0.008333333333333333,0.9916666666666667
12030,YIL108W YHL009W-B,1.0,NA,0.9371712803840637,283,94,11186,845,0.9243230174081238,0.7506631299734748,0.250886524822695,0.008333333333333333,0.9916666666666667
12031,YDR261C-C YLR265C,0.0,NA,0.9378839135169983,283,93,11187,845,0.9244036105738234,0.7526595744680851,0.250886524822695,0.00824468085106383,0.9917553191489362
12032,YNL054W-B YJL172W,1.0,NA,0.9378998279571533,282,93,11187,846,0.9243230174081238,0.752,0.25,0.00824468085106383,0.9917553191489362
12033,YOR343W-B YMR150C,1.0,NA,0.9389538168907166,281,93,11187,847,0.9242424242424242,0.7513368983957219,0.24911347517730498,0.00824468085106383,0.9917553191489362
12034,YGR038C-B YER151C,1.0,NA,0.938973069190979,280,93,11187,848,0.9241618310767247,0.7506702412868632,0.24822695035460993,0.00824468085106383,0.9917553191489362
12035,YNL054W-B YJR126C,1.0,NA,0.9396909475326538,279,93,11187,849,0.9240812379110251,0.75,0.2473404255319149,0.00824468085106383,0.9917553191489362
12036,YDR331W YGR027W-B,1.0,NA,0.9398093819618225,278,93,11187,850,0.9240006447453256,0.7493261455525606,0.24645390070921985,0.00824468085106383,0.9917553191489362
12037,YDR098C-A YMR313C,0.0,NA,0.9401463270187378,278,92,11188,850,0.9240812379110251,0.7513513513513513,0.24645390070921985,0.008156028368794326,0.9918439716312056
12038,YDR316W-A YDR359C,0.0,NA,0.9404200315475464,278,91,11189,850,0.9241618310767247,0.7533875338753387,0.24645390070921985,0.008067375886524822,0.9919326241134752
12039,YHR200W YHL009W-B,1.0,NA,0.9411322474479675,277,91,11189,851,0.9240812379110251,0.7527173913043478,0.24556737588652483,0.008067375886524822,0.9919326241134752
12040,YDR261C-C YKL220C,0.0,NA,0.9412684440612793,277,90,11190,851,0.9241618310767247,0.7547683923705722,0.24556737588652483,0.007978723404255319,0.9920212765957447
12041,YDR261C-C YIL155C,0.0,NA,0.9416853785514832,277,89,11191,851,0.9242424242424242,0.7568306010928961,0.24556737588652483,0.007890070921985815,0.9921099290780142
12042,YGR098C YDR034C-D,1.0,NA,0.9424706697463989,276,89,11191,852,0.9241618310767247,0.7561643835616438,0.24468085106382978,0.007890070921985815,0.9921099290780142
12043,YLL019C YGR038C-A,0.0,NA,0.9425695538520813,276,88,11192,852,0.9242424242424242,0.7582417582417582,0.24468085106382978,0.007801418439716312,0.9921985815602837
12044,YGR098C YDR098C-B,1.0,NA,0.9426752924919128,275,88,11192,853,0.9241618310767247,0.7575757575757576,0.24379432624113476,0.007801418439716312,0.9921985815602837
12045,YDR210C-C YJL225C,0.0,NA,0.9427167177200317,275,87,11193,853,0.9242424242424242,0.7596685082872928,0.24379432624113476,0.007712765957446808,0.9922872340425531
12046,YDR210W-B YBR074W,1.0,NA,0.9430710077285767,274,87,11193,854,0.9241618310767247,0.7590027700831025,0.2429078014184397,0.007712765957446808,0.9922872340425531
12047,YHR012W YNL117W,0.0,NA,0.9435835480690002,274,86,11194,854,0.9242424242424242,0.7611111111111111,0.2429078014184397,0.007624113475177305,0.9923758865248227
12048,YLR371W YGR027W-A,0.0,NA,0.943731963634491,274,85,11195,854,0.9243230174081238,0.7632311977715878,0.2429078014184397,0.007535460992907801,0.9924645390070922
12049,YGR038C-B YBR074W,1.0,NA,0.9442263841629028,273,85,11195,855,0.9242424242424242,0.7625698324022346,0.24202127659574468,0.007535460992907801,0.9924645390070922
12050,YDR394W YNL054W-B,1.0,NA,0.9446693658828735,272,85,11195,856,0.9241618310767247,0.7619047619047619,0.24113475177304963,0.007535460992907801,0.9924645390070922
12051,YLR033W YDR261W-A,0.0,NA,0.9449160099029541,272,84,11196,856,0.9242424242424242,0.7640449438202247,0.24113475177304963,0.007446808510638298,0.9925531914893617
12052,YDR415C YDR098C-B,1.0,NA,0.9451241493225098,271,84,11196,857,0.9241618310767247,0.7633802816901408,0.2402482269503546,0.007446808510638298,0.9925531914893617
12053,YHL009W-B YER143W,1.0,NA,0.945598840713501,270,84,11196,858,0.9240812379110251,0.7627118644067796,0.2393617021276596,0.007446808510638298,0.9925531914893617
12054,YOR343W-B YLR088W,1.0,NA,0.9458053708076477,269,84,11196,859,0.9240006447453256,0.7620396600566572,0.23847517730496454,0.007446808510638298,0.9925531914893617
12055,YNR050C YDR316W-A,0.0,NA,0.946524441242218,269,83,11197,859,0.9240812379110251,0.7642045454545454,0.23847517730496454,0.0073581560283687945,0.9926418439716312
12056,YHL037C YIL071W,0.0,NA,0.94658362865448,269,82,11198,859,0.9241618310767247,0.7663817663817664,0.23847517730496454,0.007269503546099291,0.9927304964539007
12057,YLR088W YHL009W-B,1.0,NA,0.9469517469406128,268,82,11198,860,0.9240812379110251,0.7657142857142857,0.2375886524822695,0.007269503546099291,0.9927304964539007
12058,YDR210W-B YIR039C,1.0,NA,0.9470388889312744,267,82,11198,861,0.9240006447453256,0.7650429799426934,0.23670212765957446,0.007269503546099291,0.9927304964539007
12059,YMR025W YNL004W,0.0,NA,0.9470493793487549,267,81,11199,861,0.9240812379110251,0.7672413793103449,0.23670212765957446,0.007180851063829787,0.9928191489361702
12060,YNL127W YLR256W-A,0.0,NA,0.9473426938056946,267,80,11200,861,0.9241618310767247,0.7694524495677233,0.23670212765957446,0.0070921985815602835,0.9929078014184397
12061,YDR210C-C YMR220W,0.0,NA,0.9478228092193604,267,79,11201,861,0.9242424242424242,0.7716763005780347,0.23670212765957446,0.00700354609929078,0.9929964539007092
12062,YFL034C-A YGR089W,0.0,NA,0.9479690194129944,267,78,11202,861,0.9243230174081238,0.7739130434782608,0.23670212765957446,0.006914893617021276,0.9930851063829788
12063,YDR210W-B YER143W,1.0,NA,0.9481266140937805,266,78,11202,862,0.9242424242424242,0.7732558139534884,0.23581560283687944,0.006914893617021276,0.9930851063829788
12064,YJL030W YHR067W,0.0,NA,0.9483453631401062,266,77,11203,862,0.9243230174081238,0.7755102040816326,0.23581560283687944,0.006826241134751773,0.9931737588652483
12065,YNL084C YEL012W,0.0,NA,0.9485580325126648,266,76,11204,862,0.9244036105738234,0.7777777777777778,0.23581560283687944,0.00673758865248227,0.9932624113475177
12066,YER151C YNL054W-B,1.0,NA,0.9490616917610168,265,76,11204,863,0.9243230174081238,0.7771260997067448,0.2349290780141844,0.00673758865248227,0.9932624113475177
12067,YDR098C-B YFR052W,1.0,NA,0.9492298364639282,264,76,11204,864,0.9242424242424242,0.7764705882352941,0.23404255319148937,0.00673758865248227,0.9932624113475177
12068,YOR343W-B YPR024W,1.0,NA,0.949397623538971,263,76,11204,865,0.9241618310767247,0.775811209439528,0.23315602836879432,0.00673758865248227,0.9932624113475177
12069,YDR331W YDR034C-D,1.0,NA,0.9494190216064453,262,76,11204,866,0.9240812379110251,0.7751479289940828,0.2322695035460993,0.00673758865248227,0.9932624113475177
12070,YGR038C-B YLR163C,1.0,NA,0.9494448304176331,261,76,11204,867,0.9240006447453256,0.7744807121661721,0.23138297872340424,0.00673758865248227,0.9932624113475177
12071,YPR103W YDR098C-B,1.0,NA,0.9496581554412842,260,76,11204,868,0.9239200515796261,0.7738095238095238,0.23049645390070922,0.00673758865248227,0.9932624113475177
12072,YDR034C-D YER143W,1.0,NA,0.9497345089912415,259,76,11204,869,0.9238394584139265,0.7731343283582089,0.2296099290780142,0.00673758865248227,0.9932624113475177
12073,YDR210C-C YMR140W,0.0,NA,0.9499449133872986,259,75,11205,869,0.9239200515796261,0.7754491017964071,0.2296099290780142,0.006648936170212766,0.9933510638297872
12074,YDL012C YDR316W-A,0.0,NA,0.9501048922538757,259,74,11206,869,0.9240006447453256,0.7777777777777778,0.2296099290780142,0.006560283687943262,0.9934397163120567
12075,YGR038C-B YDR434W,1.0,NA,0.9505224823951721,258,74,11206,870,0.9239200515796261,0.7771084337349398,0.22872340425531915,0.006560283687943262,0.9934397163120567
12076,YDR210W-B YBL067C,1.0,NA,0.9506116509437561,257,74,11206,871,0.9238394584139265,0.7764350453172205,0.22783687943262412,0.006560283687943262,0.9934397163120567
12077,YML055W YDR034C-D,1.0,NA,0.9510282278060913,256,74,11206,872,0.9237588652482269,0.7757575757575758,0.22695035460992907,0.006560283687943262,0.9934397163120567
12078,YDR210W-B YHL009W-B,1.0,NA,0.9510977268218994,255,74,11206,873,0.9236782720825274,0.7750759878419453,0.22606382978723405,0.006560283687943262,0.9934397163120567
12079,YOR343W-B YOR391C,1.0,NA,0.9515863656997681,254,74,11206,874,0.9235976789168279,0.774390243902439,0.225177304964539,0.006560283687943262,0.9934397163120567
12080,YBR074W YGR027W-B,1.0,NA,0.9516850709915161,253,74,11206,875,0.9235170857511283,0.7737003058103975,0.22429078014184398,0.006560283687943262,0.9934397163120567
12081,YBL100W-B YBL005W-B,1.0,NA,0.9520562887191772,252,74,11206,876,0.9234364925854287,0.7730061349693251,0.22340425531914893,0.006560283687943262,0.9934397163120567
12082,YER166W YDR098C-A,0.0,NA,0.9521690011024475,252,73,11207,876,0.9235170857511283,0.7753846153846153,0.22340425531914893,0.006471631205673759,0.9935283687943263
12083,YNL054W-B YIR039C,1.0,NA,0.9522346258163452,251,73,11207,877,0.9234364925854287,0.7746913580246914,0.2225177304964539,0.006471631205673759,0.9935283687943263
12084,YHL009W-B YER138C,1.0,NA,0.9523882269859314,250,73,11207,878,0.9233558994197292,0.7739938080495357,0.22163120567375885,0.006471631205673759,0.9935283687943263
12085,YER144C YGR027W-B,1.0,NA,0.952487051486969,249,73,11207,879,0.9232753062540296,0.7732919254658385,0.22074468085106383,0.006471631205673759,0.9935283687943263
12086,YML055W YHL009W-B,1.0,NA,0.952567458152771,248,73,11207,880,0.9231947130883301,0.7725856697819314,0.2198581560283688,0.006471631205673759,0.9935283687943263
12087,YDR034C-D YFR018C,1.0,NA,0.9526109099388123,247,73,11207,881,0.9231141199226306,0.771875,0.21897163120567376,0.006471631205673759,0.9935283687943263
12088,YDR261C-C YOR304C-A,0.0,NA,0.9532191753387451,247,72,11208,881,0.9231947130883301,0.774294670846395,0.21897163120567376,0.006382978723404255,0.9936170212765958
12089,YDR261C-C YIL144W,0.0,NA,0.9535495638847351,247,71,11209,881,0.9232753062540296,0.7767295597484277,0.21897163120567376,0.006294326241134752,0.9937056737588652
12090,YHL009W-B YKL134C,1.0,NA,0.9537776708602905,246,71,11209,882,0.9231947130883301,0.7760252365930599,0.21808510638297873,0.006294326241134752,0.9937056737588652
12091,YDR098C-B YER143W,1.0,NA,0.953788161277771,245,71,11209,883,0.9231141199226306,0.7753164556962026,0.21719858156028368,0.006294326241134752,0.9937056737588652
12092,YGR027W-B YFR018C,1.0,NA,0.9550420641899109,244,71,11209,884,0.9230335267569311,0.7746031746031746,0.21631205673758866,0.006294326241134752,0.9937056737588652
12093,YDR316W-A YPL005W,0.0,NA,0.9552034139633179,244,70,11210,884,0.9231141199226306,0.7770700636942676,0.21631205673758866,0.0062056737588652485,0.9937943262411347
12094,YDR533C YHL009W-B,1.0,NA,0.955220103263855,243,70,11210,885,0.9230335267569311,0.7763578274760383,0.2154255319148936,0.0062056737588652485,0.9937943262411347
12095,YPR103W YDR210W-B,1.0,NA,0.9552946090698242,242,70,11210,886,0.9229529335912314,0.7756410256410257,0.21453900709219859,0.0062056737588652485,0.9937943262411347
12096,YDR261W-A YJR094W-A,0.0,NA,0.9557619690895081,242,69,11211,886,0.9230335267569311,0.7781350482315113,0.21453900709219859,0.006117021276595745,0.9938829787234043
12097,YGR263C YDL155W,0.0,NA,0.9561443328857422,242,68,11212,886,0.9231141199226306,0.7806451612903226,0.21453900709219859,0.006028368794326241,0.9939716312056738
12098,YOR343W-B YFR052W,1.0,NA,0.9561480283737183,241,68,11212,887,0.9230335267569311,0.7799352750809061,0.21365248226950354,0.006028368794326241,0.9939716312056738
12099,YGR098C YHL009W-B,1.0,NA,0.9567438960075378,240,68,11212,888,0.9229529335912314,0.7792207792207793,0.2127659574468085,0.006028368794326241,0.9939716312056738
12100,YDR210W-B YJR126C,1.0,NA,0.9571587443351746,239,68,11212,889,0.9228723404255319,0.7785016286644951,0.21187943262411346,0.006028368794326241,0.9939716312056738
12101,YNL054W-B YDR434W,1.0,NA,0.9573957920074463,238,68,11212,890,0.9227917472598324,0.7777777777777778,0.21099290780141844,0.006028368794326241,0.9939716312056738
12102,YNL239W YDR394W,1.0,NA,0.9574915170669556,237,68,11212,891,0.9227111540941328,0.7770491803278688,0.21010638297872342,0.006028368794326241,0.9939716312056738
12103,YPR024W YHL009W-B,1.0,NA,0.9574958682060242,236,68,11212,892,0.9226305609284333,0.7763157894736842,0.20921985815602837,0.006028368794326241,0.9939716312056738
12104,YNL054W-B YGL203C,1.0,NA,0.9575219750404358,235,68,11212,893,0.9225499677627337,0.7755775577557755,0.20833333333333334,0.006028368794326241,0.9939716312056738
12105,YOL128C YDR098C-A,0.0,NA,0.9575811624526978,235,67,11213,893,0.9226305609284333,0.7781456953642384,0.20833333333333334,0.0059397163120567375,0.9940602836879433
12106,YNL054W-B YBL067C,1.0,NA,0.9578421115875244,234,67,11213,894,0.9225499677627337,0.7774086378737541,0.2074468085106383,0.0059397163120567375,0.9940602836879433
12107,YER144C YHL009W-B,1.0,NA,0.9586201906204224,233,67,11213,895,0.9224693745970342,0.7766666666666666,0.20656028368794327,0.0059397163120567375,0.9940602836879433
12108,YGR038C-B YJR126C,1.0,NA,0.9587544798851013,232,67,11213,896,0.9223887814313346,0.7759197324414716,0.20567375886524822,0.0059397163120567375,0.9940602836879433
12109,YDR261W-A YJL052W,0.0,NA,0.9589251279830933,232,66,11214,896,0.9224693745970342,0.7785234899328859,0.20567375886524822,0.005851063829787234,0.9941489361702127
12110,YDR034C-D YJR126C,1.0,NA,0.9593784213066101,231,66,11214,897,0.9223887814313346,0.7777777777777778,0.2047872340425532,0.005851063829787234,0.9941489361702127
12111,YDR210C-C YNL088W,0.0,NA,0.9594254493713379,231,65,11215,897,0.9224693745970342,0.7804054054054054,0.2047872340425532,0.00576241134751773,0.9942375886524822
12112,YHL009W-B YFR018C,1.0,NA,0.9594366550445557,230,65,11215,898,0.9223887814313346,0.7796610169491526,0.20390070921985815,0.00576241134751773,0.9942375886524822
12113,YDR394W YGR027W-B,1.0,NA,0.9597458839416504,229,65,11215,899,0.9223081882656351,0.7789115646258503,0.20301418439716312,0.00576241134751773,0.9942375886524822
12114,YOR391C YDR034C-D,1.0,NA,0.9597963094711304,228,65,11215,900,0.9222275950999356,0.7781569965870307,0.20212765957446807,0.00576241134751773,0.9942375886524822
12115,YHL009W-B YLR163C,1.0,NA,0.960099995136261,227,65,11215,901,0.9221470019342359,0.7773972602739726,0.20124113475177305,0.00576241134751773,0.9942375886524822
12116,YDR034C-D YBR074W,1.0,NA,0.9601050615310669,226,65,11215,902,0.9220664087685364,0.7766323024054983,0.20035460992907803,0.00576241134751773,0.9942375886524822
12117,YOR343W-B YDR331W,1.0,NA,0.9607096314430237,225,65,11215,903,0.9219858156028369,0.7758620689655172,0.19946808510638298,0.00576241134751773,0.9942375886524822
12118,YDR257C YGR038C-A,0.0,NA,0.9607326984405518,225,64,11216,903,0.9220664087685364,0.7785467128027682,0.19946808510638298,0.005673758865248227,0.9943262411347518
12119,YDR261W-A YDR454C,0.0,NA,0.9610767960548401,225,63,11217,903,0.9221470019342359,0.78125,0.19946808510638298,0.005585106382978724,0.9944148936170213
12120,YML055W YDR210W-B,1.0,NA,0.9612957239151001,224,63,11217,904,0.9220664087685364,0.7804878048780488,0.19858156028368795,0.005585106382978724,0.9944148936170213
12121,YML055W YGR027W-B,1.0,NA,0.9613682627677917,223,63,11217,905,0.9219858156028369,0.7797202797202797,0.1976950354609929,0.005585106382978724,0.9944148936170213
12122,YFR006W YDR034C-D,1.0,NA,0.9614783525466919,222,63,11217,906,0.9219052224371374,0.7789473684210526,0.19680851063829788,0.005585106382978724,0.9944148936170213
12123,YOR343W-B YML055W,1.0,NA,0.9616928100585938,221,63,11217,907,0.9218246292714378,0.778169014084507,0.19592198581560283,0.005585106382978724,0.9944148936170213
12124,YKL028W YMR119W,0.0,NA,0.9617794752120972,221,62,11218,907,0.9219052224371374,0.7809187279151943,0.19592198581560283,0.00549645390070922,0.9945035460992908
12125,YDR098C-B YIR039C,1.0,NA,0.9622591733932495,220,62,11218,908,0.9218246292714378,0.7801418439716312,0.1950354609929078,0.00549645390070922,0.9945035460992908
12126,YOR391C YDR098C-B,1.0,NA,0.9628543853759766,219,62,11218,909,0.9217440361057382,0.7793594306049823,0.19414893617021275,0.00549645390070922,0.9945035460992908
12127,YDR034C-D YIR039C,1.0,NA,0.9629680514335632,218,62,11218,910,0.9216634429400387,0.7785714285714286,0.19326241134751773,0.00549645390070922,0.9945035460992908
12128,YOR343W-B YJR126C,1.0,NA,0.963003933429718,217,62,11218,911,0.9215828497743391,0.7777777777777778,0.19237588652482268,0.00549645390070922,0.9945035460992908
12129,YDR261C-C YDR104C,0.0,NA,0.9630207419395447,217,61,11219,911,0.9216634429400387,0.7805755395683454,0.19237588652482268,0.005407801418439716,0.9945921985815603
12130,YNL191W YDR098C-B,1.0,NA,0.9632512331008911,216,61,11219,912,0.9215828497743391,0.779783393501805,0.19148936170212766,0.005407801418439716,0.9945921985815603
12131,YDR394W YDR210W-B,1.0,NA,0.9633542895317078,215,61,11219,913,0.9215022566086396,0.7789855072463768,0.19060283687943264,0.005407801418439716,0.9945921985815603
12132,YNL239W YJL113W,1.0,NA,0.963489294052124,214,61,11219,914,0.9214216634429401,0.7781818181818182,0.18971631205673758,0.005407801418439716,0.9945921985815603
12133,YNL291C YLL021W,0.0,NA,0.9643146395683289,214,60,11220,914,0.9215022566086396,0.781021897810219,0.18971631205673758,0.005319148936170213,0.9946808510638298
12134,YDR415C YHL009W-B,1.0,NA,0.9643795490264893,213,60,11220,915,0.9214216634429401,0.7802197802197802,0.18882978723404256,0.005319148936170213,0.9946808510638298
12135,YJR126C YHL009W-B,1.0,NA,0.9644097685813904,212,60,11220,916,0.9213410702772404,0.7794117647058824,0.1879432624113475,0.005319148936170213,0.9946808510638298
12136,YOR343W-B YLR163C,1.0,NA,0.9645561575889587,211,60,11220,917,0.9212604771115409,0.7785977859778598,0.1870567375886525,0.005319148936170213,0.9946808510638298
12137,YDR034C-D YHL009W-B,1.0,NA,0.9648209810256958,210,60,11220,918,0.9211798839458414,0.7777777777777778,0.18617021276595744,0.005319148936170213,0.9946808510638298
12138,YLR088W YDR098C-B,1.0,NA,0.9649041295051575,209,60,11220,919,0.9210992907801419,0.7769516728624535,0.18528368794326242,0.005319148936170213,0.9946808510638298
12139,YDR394W YDR098C-B,1.0,NA,0.9650348424911499,208,60,11220,920,0.9210186976144423,0.7761194029850746,0.18439716312056736,0.005319148936170213,0.9946808510638298
12140,YGR098C YDR210W-B,1.0,NA,0.9650440812110901,207,60,11220,921,0.9209381044487428,0.7752808988764045,0.18351063829787234,0.005319148936170213,0.9946808510638298
12141,YOR343W-B YNL239W,1.0,NA,0.9651184678077698,206,60,11220,922,0.9208575112830432,0.7744360902255639,0.18262411347517732,0.005319148936170213,0.9946808510638298
12142,YDR261W-A YJR048W,0.0,NA,0.9651470184326172,206,59,11221,922,0.9209381044487428,0.7773584905660378,0.18262411347517732,0.005230496453900709,0.9947695035460993
12143,YOR343W-B YDR394W,1.0,NA,0.9651997685432434,205,59,11221,923,0.9208575112830432,0.7765151515151515,0.18173758865248227,0.005230496453900709,0.9947695035460993
12144,YKL077W YJL026W,0.0,NA,0.9652442932128906,205,58,11222,923,0.9209381044487428,0.779467680608365,0.18173758865248227,0.005141843971631205,0.9948581560283688
12145,YDR210C-C YHR136C,0.0,NA,0.9654690027236938,205,57,11223,923,0.9210186976144423,0.7824427480916031,0.18173758865248227,0.0050531914893617025,0.9949468085106383
12146,YOR343W-B YHL009W-B,1.0,NA,0.9654781222343445,204,57,11223,924,0.9209381044487428,0.7816091954022989,0.18085106382978725,0.0050531914893617025,0.9949468085106383
12147,YOR343W-B YFR018C,1.0,NA,0.9655801653862,203,57,11223,925,0.9208575112830432,0.7807692307692308,0.1799645390070922,0.0050531914893617025,0.9949468085106383
12148,YHR200W YDR210W-B,1.0,NA,0.9656776189804077,202,57,11223,926,0.9207769181173436,0.7799227799227799,0.17907801418439717,0.0050531914893617025,0.9949468085106383
12149,YOR343W-B YER094C,1.0,NA,0.9658405184745789,201,57,11223,927,0.9206963249516441,0.7790697674418605,0.17819148936170212,0.0050531914893617025,0.9949468085106383
12150,YNL054W-B YLR163C,1.0,NA,0.9659206867218018,200,57,11223,928,0.9206157317859446,0.7782101167315175,0.1773049645390071,0.0050531914893617025,0.9949468085106383
12151,YDR533C YDR034C-D,1.0,NA,0.9659712314605713,199,57,11223,929,0.920535138620245,0.77734375,0.17641843971631205,0.0050531914893617025,0.9949468085106383
12152,YDR210W-B YFR052W,1.0,NA,0.966096043586731,198,57,11223,930,0.9204545454545454,0.7764705882352941,0.17553191489361702,0.0050531914893617025,0.9949468085106383
12153,YGR038C-B YKL134C,1.0,NA,0.9665398597717285,197,57,11223,931,0.9203739522888459,0.7755905511811023,0.17464539007092197,0.0050531914893617025,0.9949468085106383
12154,YGR038C-B YHR200W,1.0,NA,0.9667616486549377,196,57,11223,932,0.9202933591231464,0.7747035573122529,0.17375886524822695,0.0050531914893617025,0.9949468085106383
12155,YGR038C-B YDR331W,1.0,NA,0.9668868780136108,195,57,11223,933,0.9202127659574468,0.7738095238095238,0.17287234042553193,0.0050531914893617025,0.9949468085106383
12156,YDR394W YDR034C-D,1.0,NA,0.966978907585144,194,57,11223,934,0.9201321727917473,0.7729083665338645,0.17198581560283688,0.0050531914893617025,0.9949468085106383
12157,YHL009W-B YJL172W,1.0,NA,0.967298150062561,193,57,11223,935,0.9200515796260477,0.772,0.17109929078014185,0.0050531914893617025,0.9949468085106383
12158,YDR261W-A YPR166C,0.0,NA,0.967300534248352,193,56,11224,935,0.9201321727917473,0.7751004016064257,0.17109929078014185,0.004964539007092199,0.9950354609929078
12159,YLR088W YGR027W-B,1.0,NA,0.9673629999160767,192,56,11224,936,0.9200515796260477,0.7741935483870968,0.1702127659574468,0.004964539007092199,0.9950354609929078
12160,YDR261W-A YGL066W,0.0,NA,0.9678531885147095,192,55,11225,936,0.9201321727917473,0.7773279352226721,0.1702127659574468,0.004875886524822695,0.9951241134751773
12161,YER160C YHL009W-B,1.0,NA,0.9678824543952942,191,55,11225,937,0.9200515796260477,0.7764227642276422,0.16932624113475178,0.004875886524822695,0.9951241134751773
12162,YDL104C YHL009W-B,1.0,NA,0.9680594801902771,190,55,11225,938,0.9199709864603481,0.7755102040816326,0.16843971631205673,0.004875886524822695,0.9951241134751773
12163,YDR098C-B YJL172W,1.0,NA,0.9681382179260254,189,55,11225,939,0.9198903932946486,0.7745901639344263,0.1675531914893617,0.004875886524822695,0.9951241134751773
12164,YDR261W-A YKL126W,0.0,NA,0.9682719707489014,189,54,11226,939,0.9199709864603481,0.7777777777777778,0.1675531914893617,0.0047872340425531915,0.9952127659574468
12165,YGR249W YNL019C,0.0,NA,0.9685168266296387,189,53,11227,939,0.9200515796260477,0.78099173553719,0.1675531914893617,0.004698581560283688,0.9953014184397163
12166,YGR027W-B YLR163C,1.0,NA,0.9686505794525146,188,53,11227,940,0.9199709864603481,0.7800829875518672,0.16666666666666666,0.004698581560283688,0.9953014184397163
12167,YMR150C YDR098C-B,1.0,NA,0.9686651229858398,187,53,11227,941,0.9198903932946486,0.7791666666666667,0.16578014184397163,0.004698581560283688,0.9953014184397163
12168,YPL115C YDR098C-A,0.0,NA,0.9688534140586853,187,52,11228,941,0.9199709864603481,0.7824267782426778,0.16578014184397163,0.004609929078014184,0.9953900709219858
12169,YNL239W YDR210W-B,1.0,NA,0.9688926935195923,186,52,11228,942,0.9198903932946486,0.7815126050420168,0.16489361702127658,0.004609929078014184,0.9953900709219858
12170,YOR343W-B YGL203C,1.0,NA,0.9691343307495117,185,52,11228,943,0.9198098001289491,0.7805907172995781,0.16400709219858156,0.004609929078014184,0.9953900709219858
12171,YDR394W YHL009W-B,1.0,NA,0.9692636132240295,184,52,11228,944,0.9197292069632496,0.7796610169491526,0.16312056737588654,0.004609929078014184,0.9953900709219858
12172,YDR034C-D YLR163C,1.0,NA,0.9692860841751099,183,52,11228,945,0.9196486137975499,0.7787234042553192,0.1622340425531915,0.004609929078014184,0.9953900709219858
12173,YDR316W-A YER020W,0.0,NA,0.9693294167518616,183,51,11229,945,0.9197292069632496,0.782051282051282,0.1622340425531915,0.0045212765957446804,0.9954787234042554
12174,YER078C YHL009W-B,1.0,NA,0.9694936871528625,182,51,11229,946,0.9196486137975499,0.7811158798283262,0.16134751773049646,0.0045212765957446804,0.9954787234042554
12175,YGR038C-B YDR533C,1.0,NA,0.9695066809654236,181,51,11229,947,0.9195680206318504,0.7801724137931034,0.16046099290780141,0.0045212765957446804,0.9954787234042554
12176,YDR034C-D YFR052W,1.0,NA,0.9695199131965637,180,51,11229,948,0.9194874274661509,0.7792207792207793,0.1595744680851064,0.0045212765957446804,0.9954787234042554
12177,YOR291W YDR210C-C,0.0,NA,0.969860851764679,180,50,11230,948,0.9195680206318504,0.782608695652174,0.1595744680851064,0.004432624113475178,0.9955673758865248
12178,YDR316W-A YLL039C,0.0,NA,0.9698787927627563,180,49,11231,948,0.9196486137975499,0.7860262008733624,0.1595744680851064,0.004343971631205674,0.9956560283687943
12179,YGR038C-B YML055W,1.0,NA,0.9699637293815613,179,49,11231,949,0.9195680206318504,0.7850877192982456,0.15868794326241134,0.004343971631205674,0.9956560283687943
12180,YLR088W YDR034C-D,1.0,NA,0.9701003432273865,178,49,11231,950,0.9194874274661509,0.7841409691629956,0.15780141843971632,0.004343971631205674,0.9956560283687943
12181,YDR098C-B YDR434W,1.0,NA,0.970268964767456,177,49,11231,951,0.9194068343004513,0.7831858407079646,0.15691489361702127,0.004343971631205674,0.9956560283687943
12182,YGR027W-B YIR039C,1.0,NA,0.9703050255775452,176,49,11231,952,0.9193262411347518,0.7822222222222223,0.15602836879432624,0.004343971631205674,0.9956560283687943
12183,YPR162C YOL103W-A,0.0,NA,0.970657229423523,176,48,11232,952,0.9194068343004513,0.7857142857142857,0.15602836879432624,0.00425531914893617,0.9957446808510638
12184,YPR103W YDR034C-D,1.0,NA,0.9707255959510803,175,48,11232,953,0.9193262411347518,0.7847533632286996,0.1551418439716312,0.00425531914893617,0.9957446808510638
12185,YGR038C-B YER094C,1.0,NA,0.9709158539772034,174,48,11232,954,0.9192456479690522,0.7837837837837838,0.15425531914893617,0.00425531914893617,0.9957446808510638
12186,YLR088W YDR210W-B,1.0,NA,0.9709177613258362,173,48,11232,955,0.9191650548033526,0.7828054298642534,0.15336879432624115,0.00425531914893617,0.9957446808510638
12187,YDR261C-C YNL124W,0.0,NA,0.9709854125976562,173,47,11233,955,0.9192456479690522,0.7863636363636364,0.15336879432624115,0.004166666666666667,0.9958333333333333
12188,YLR283W YOR388C,0.0,NA,0.9711471796035767,173,46,11234,955,0.9193262411347518,0.7899543378995434,0.15336879432624115,0.004078014184397163,0.9959219858156029
12189,YDR331W YHL009W-B,1.0,NA,0.9715157151222229,172,46,11234,956,0.9192456479690522,0.7889908256880734,0.1524822695035461,0.004078014184397163,0.9959219858156029
12190,YDL125C YDR261W-A,0.0,NA,0.9716045260429382,172,45,11235,956,0.9193262411347518,0.7926267281105991,0.1524822695035461,0.003989361702127659,0.9960106382978723
12191,YOR391C YNL054W-B,1.0,NA,0.9716160893440247,171,45,11235,957,0.9192456479690522,0.7916666666666666,0.15159574468085107,0.003989361702127659,0.9960106382978723
12192,YGL215W YOL103W-A,0.0,NA,0.9716628193855286,171,44,11236,957,0.9193262411347518,0.7953488372093023,0.15159574468085107,0.003900709219858156,0.9960992907801418
12193,YER053C YLR283W,0.0,NA,0.9718377590179443,171,43,11237,957,0.9194068343004513,0.7990654205607477,0.15159574468085107,0.0038120567375886523,0.9961879432624113
12194,YER150W YLR256W-A,0.0,NA,0.9719107151031494,171,42,11238,957,0.9194874274661509,0.8028169014084507,0.15159574468085107,0.003723404255319149,0.9962765957446809
12195,YDR098C-B YHL009W-B,1.0,NA,0.9719441533088684,170,42,11238,958,0.9194068343004513,0.8018867924528302,0.15070921985815602,0.003723404255319149,0.9962765957446809
12196,YGR038C-B YIL108W,1.0,NA,0.9720461964607239,169,42,11238,959,0.9193262411347518,0.8009478672985783,0.149822695035461,0.003723404255319149,0.9962765957446809
12197,YDR210W-B YJL172W,1.0,NA,0.9721488356590271,168,42,11238,960,0.9192456479690522,0.8,0.14893617021276595,0.003723404255319149,0.9962765957446809
12198,YDR316W-A YDR219C,0.0,NA,0.9721795916557312,168,41,11239,960,0.9193262411347518,0.8038277511961722,0.14893617021276595,0.0036347517730496454,0.9963652482269504
12199,YDR098C-B YLR163C,1.0,NA,0.9724912047386169,167,41,11239,961,0.9192456479690522,0.8028846153846154,0.14804964539007093,0.0036347517730496454,0.9963652482269504
12200,YGR038C-B YPR103W,1.0,NA,0.9729164242744446,166,41,11239,962,0.9191650548033526,0.8019323671497585,0.14716312056737588,0.0036347517730496454,0.9963652482269504
12201,YOR343W-B YDR434W,1.0,NA,0.9730852842330933,165,41,11239,963,0.9190844616376531,0.8009708737864077,0.14627659574468085,0.0036347517730496454,0.9963652482269504
12202,YNL054W-B YBL100W-B,1.0,NA,0.9735782146453857,164,41,11239,964,0.9190038684719536,0.8,0.1453900709219858,0.0036347517730496454,0.9963652482269504
12203,YDR034C-D YDR434W,1.0,NA,0.973590075969696,163,41,11239,965,0.9189232753062541,0.7990196078431373,0.14450354609929078,0.0036347517730496454,0.9963652482269504
12204,YOL103W-A YCR076C,0.0,NA,0.9737016558647156,163,40,11240,965,0.9190038684719536,0.8029556650246306,0.14450354609929078,0.0035460992907801418,0.9964539007092199
12205,YDR098C-A YCL050C,0.0,NA,0.9737637042999268,163,39,11241,965,0.9190844616376531,0.806930693069307,0.14450354609929078,0.003457446808510638,0.9965425531914893
12206,YHL009W-B YBL005W-B,1.0,NA,0.9739462733268738,162,39,11241,966,0.9190038684719536,0.8059701492537313,0.14361702127659576,0.003457446808510638,0.9965425531914893
12207,YPR103W YNL054W-B,1.0,NA,0.9739963412284851,161,39,11241,967,0.9189232753062541,0.805,0.1427304964539007,0.003457446808510638,0.9965425531914893
12208,YGR038C-B YIR039C,1.0,NA,0.9742211103439331,160,39,11241,968,0.9188426821405545,0.8040201005025126,0.14184397163120568,0.003457446808510638,0.9965425531914893
12209,YDR098C-B YGL203C,1.0,NA,0.974480152130127,159,39,11241,969,0.9187620889748549,0.803030303030303,0.14095744680851063,0.003457446808510638,0.9965425531914893
12210,YGR038C-B YER144C,1.0,NA,0.9745006561279297,158,39,11241,970,0.9186814958091554,0.8020304568527918,0.1400709219858156,0.003457446808510638,0.9965425531914893
12211,YDR261W-A YPR137W,0.0,NA,0.9746695160865784,158,38,11242,970,0.9187620889748549,0.8061224489795918,0.1400709219858156,0.003368794326241135,0.9966312056737588
12212,YDR034C-D YER078C,1.0,NA,0.9750542044639587,157,38,11242,971,0.9186814958091554,0.8051282051282052,0.13918439716312056,0.003368794326241135,0.9966312056737588
12213,YFR006W YDR098C-B,1.0,NA,0.9751215577125549,156,38,11242,972,0.9186009026434558,0.8041237113402062,0.13829787234042554,0.003368794326241135,0.9966312056737588
12214,YIL108W YNL054W-B,1.0,NA,0.9753754138946533,155,38,11242,973,0.9185203094777563,0.8031088082901554,0.1374113475177305,0.003368794326241135,0.9966312056737588
12215,YDR261W-A YOR242C,0.0,NA,0.9755584001541138,155,37,11243,973,0.9186009026434558,0.8072916666666666,0.1374113475177305,0.003280141843971631,0.9967198581560284
12216,YDR098C-B YKL134C,1.0,NA,0.9755926728248596,154,37,11243,974,0.9185203094777563,0.806282722513089,0.13652482269503546,0.003280141843971631,0.9967198581560284
12217,YFL041W YDR316W-A,0.0,NA,0.9758247137069702,154,36,11244,974,0.9186009026434558,0.8105263157894737,0.13652482269503546,0.0031914893617021275,0.9968085106382979
12218,YDR098C-B YBR074W,1.0,NA,0.9760633707046509,153,36,11244,975,0.9185203094777563,0.8095238095238095,0.1356382978723404,0.0031914893617021275,0.9968085106382979
12219,YOR343W-B YIR039C,1.0,NA,0.9761366844177246,152,36,11244,976,0.9184397163120568,0.8085106382978723,0.1347517730496454,0.0031914893617021275,0.9968085106382979
12220,YML100W YJL100W,0.0,NA,0.9761376976966858,152,35,11245,976,0.9185203094777563,0.8128342245989305,0.1347517730496454,0.0031028368794326243,0.9968971631205674
12221,YFR006W YHL009W-B,1.0,NA,0.9763007164001465,151,35,11245,977,0.9184397163120568,0.8118279569892473,0.13386524822695037,0.0031028368794326243,0.9968971631205674
12222,YOR343W-B YFR006W,1.0,NA,0.9764966368675232,150,35,11245,978,0.9183591231463571,0.8108108108108109,0.13297872340425532,0.0031028368794326243,0.9968971631205674
12223,YGR027W-B YDR434W,1.0,NA,0.9768465161323547,149,35,11245,979,0.9182785299806576,0.8097826086956522,0.1320921985815603,0.0031028368794326243,0.9968971631205674
12224,YGR027W-B YBL067C,1.0,NA,0.9769142270088196,148,35,11245,980,0.9181979368149581,0.8087431693989071,0.13120567375886524,0.0031028368794326243,0.9968971631205674
12225,YDR210W-B YGL203C,1.0,NA,0.977015495300293,147,35,11245,981,0.9181173436492586,0.8076923076923077,0.13031914893617022,0.0031028368794326243,0.9968971631205674
12226,YDR261W-A YNR048W,0.0,NA,0.9771205186843872,147,34,11246,981,0.9181979368149581,0.8121546961325967,0.13031914893617022,0.0030141843971631206,0.9969858156028368
12227,YDR098C-A YLR045C,0.0,NA,0.9772417545318604,147,33,11247,981,0.9182785299806576,0.8166666666666667,0.13031914893617022,0.002925531914893617,0.9970744680851064
12228,YDR261W-A YHR063C,0.0,NA,0.977332592010498,147,32,11248,981,0.9183591231463571,0.8212290502793296,0.13031914893617022,0.0028368794326241137,0.9971631205673759
12229,YIL108W YDR034C-D,1.0,NA,0.9774266481399536,146,32,11248,982,0.9182785299806576,0.8202247191011236,0.12943262411347517,0.0028368794326241137,0.9971631205673759
12230,YOR343W-B YIL108W,1.0,NA,0.9775720238685608,145,32,11248,983,0.9181979368149581,0.8192090395480226,0.12854609929078015,0.0028368794326241137,0.9971631205673759
12231,YDR098C-A YOR298C-A,0.0,NA,0.9778040051460266,145,31,11249,983,0.9182785299806576,0.8238636363636364,0.12854609929078015,0.00274822695035461,0.9972517730496454
12232,YGR027W-B YHL009W-B,1.0,NA,0.978132963180542,144,31,11249,984,0.9181979368149581,0.8228571428571428,0.1276595744680851,0.00274822695035461,0.9972517730496454
12233,YBR074W YHL009W-B,1.0,NA,0.9783427119255066,143,31,11249,985,0.9181173436492586,0.8218390804597702,0.12677304964539007,0.00274822695035461,0.9972517730496454
12234,YDR098C-A YNL202W,0.0,NA,0.9784896969795227,143,30,11250,985,0.9181979368149581,0.8265895953757225,0.12677304964539007,0.0026595744680851063,0.9973404255319149
12235,YGR038C-B YOR391C,1.0,NA,0.9785376787185669,142,30,11250,986,0.9181173436492586,0.8255813953488372,0.12588652482269502,0.0026595744680851063,0.9973404255319149
12236,YNL239W YDR034C-D,1.0,NA,0.9785487055778503,141,30,11250,987,0.918036750483559,0.8245614035087719,0.125,0.0026595744680851063,0.9973404255319149
12237,YOR343W-B YJL172W,1.0,NA,0.9785552620887756,140,30,11250,988,0.9179561573178594,0.8235294117647058,0.12411347517730496,0.0026595744680851063,0.9973404255319149
12238,YDR261W-A YPR035W,0.0,NA,0.9787642955780029,140,29,11251,988,0.918036750483559,0.8284023668639053,0.12411347517730496,0.0025709219858156026,0.9974290780141843
12239,YGR038C-B YFR006W,1.0,NA,0.978890597820282,139,29,11251,989,0.9179561573178594,0.8273809523809523,0.12322695035460993,0.0025709219858156026,0.9974290780141843
12240,YDR261C-C YNL215W,0.0,NA,0.9790588021278381,139,28,11252,989,0.918036750483559,0.8323353293413174,0.12322695035460993,0.0024822695035460994,0.9975177304964539
12241,YMR150C YHL009W-B,1.0,NA,0.9791166186332703,138,28,11252,990,0.9179561573178594,0.8313253012048193,0.12234042553191489,0.0024822695035460994,0.9975177304964539
12242,YNL054W-B YER078C,1.0,NA,0.9791293144226074,137,28,11252,991,0.9178755641521599,0.8303030303030303,0.12145390070921985,0.0024822695035460994,0.9975177304964539
12243,YDR210W-B YDR434W,1.0,NA,0.9791911244392395,136,28,11252,992,0.9177949709864603,0.8292682926829268,0.12056737588652482,0.0024822695035460994,0.9975177304964539
12244,YOR116C YDR261W-A,0.0,NA,0.9794892072677612,136,27,11253,992,0.9178755641521599,0.8343558282208589,0.12056737588652482,0.0023936170212765957,0.9976063829787234
12245,YNL054W-B YHL009W-B,1.0,NA,0.979568362236023,135,27,11253,993,0.9177949709864603,0.8333333333333334,0.1196808510638298,0.0023936170212765957,0.9976063829787234
12246,YGR027W-B YGL203C,1.0,NA,0.9795882701873779,134,27,11253,994,0.9177143778207608,0.8322981366459627,0.11879432624113476,0.0023936170212765957,0.9976063829787234
12247,YOR343W-B YKL134C,1.0,NA,0.9798184633255005,133,27,11253,995,0.9176337846550613,0.83125,0.11790780141843972,0.0023936170212765957,0.9976063829787234
12248,YGR027W-B YJL172W,1.0,NA,0.9798415899276733,132,27,11253,996,0.9175531914893617,0.8301886792452831,0.11702127659574468,0.0023936170212765957,0.9976063829787234
12249,YDR210W-B YDR331W,1.0,NA,0.9802337288856506,131,27,11253,997,0.9174725983236621,0.8291139240506329,0.11613475177304965,0.0023936170212765957,0.9976063829787234
12250,YDR098C-B YJR126C,1.0,NA,0.9803087711334229,130,27,11253,998,0.9173920051579626,0.8280254777070064,0.11524822695035461,0.0023936170212765957,0.9976063829787234
12251,YHR083W YGL035C,0.0,NA,0.9803341031074524,130,26,11254,998,0.9174725983236621,0.8333333333333334,0.11524822695035461,0.002304964539007092,0.9976950354609929
12252,YJL113W YHL009W-B,1.0,NA,0.9803856611251831,129,26,11254,999,0.9173920051579626,0.832258064516129,0.11436170212765957,0.002304964539007092,0.9976950354609929
12253,YIR039C YHL009W-B,1.0,NA,0.9804114103317261,128,26,11254,1000,0.9173114119922631,0.8311688311688312,0.11347517730496454,0.002304964539007092,0.9976950354609929
12254,YGR038C-B YNL239W,1.0,NA,0.9804580807685852,127,26,11254,1001,0.9172308188265635,0.8300653594771242,0.1125886524822695,0.002304964539007092,0.9976950354609929
12255,YOR391C YGR027W-B,1.0,NA,0.9804691672325134,126,26,11254,1002,0.9171502256608639,0.8289473684210527,0.11170212765957446,0.002304964539007092,0.9976950354609929
12256,YLR209C YPL048W,0.0,NA,0.9805517196655273,126,25,11255,1002,0.9172308188265635,0.8344370860927153,0.11170212765957446,0.002216312056737589,0.9977836879432624
12257,YPL094C YMR010W,0.0,NA,0.9807382225990295,126,24,11256,1002,0.9173114119922631,0.84,0.11170212765957446,0.002127659574468085,0.997872340425532
12258,YDR210W-B YKL134C,1.0,NA,0.9808188080787659,125,24,11256,1003,0.9172308188265635,0.8389261744966443,0.11081560283687943,0.002127659574468085,0.997872340425532
12259,YHR200W YGR027W-B,1.0,NA,0.980850338935852,124,24,11256,1004,0.9171502256608639,0.8378378378378378,0.1099290780141844,0.002127659574468085,0.997872340425532
12260,YER094C YDR210W-B,1.0,NA,0.9808793663978577,123,24,11256,1005,0.9170696324951644,0.8367346938775511,0.10904255319148937,0.002127659574468085,0.997872340425532
12261,YNL297C YDR316W-A,0.0,NA,0.9808965921401978,123,23,11257,1005,0.9171502256608639,0.8424657534246576,0.10904255319148937,0.0020390070921985815,0.9979609929078014
12262,YNL068C YDR316W-A,0.0,NA,0.9812278151512146,123,22,11258,1005,0.9172308188265635,0.8482758620689655,0.10904255319148937,0.001950354609929078,0.9980496453900709
12263,YGR038C-B YGL203C,1.0,NA,0.9812348484992981,122,22,11258,1006,0.9171502256608639,0.8472222222222222,0.10815602836879433,0.001950354609929078,0.9980496453900709
12264,YIL042C YDR316W-A,0.0,NA,0.9814624786376953,122,21,11259,1006,0.9172308188265635,0.8531468531468531,0.10815602836879433,0.0018617021276595746,0.9981382978723404
12265,YDR210W-B YLR163C,1.0,NA,0.9815158843994141,121,21,11259,1007,0.9171502256608639,0.852112676056338,0.10726950354609929,0.0018617021276595746,0.9981382978723404
12266,YER094C YDR098C-B,1.0,NA,0.9817525148391724,120,21,11259,1008,0.9170696324951644,0.851063829787234,0.10638297872340426,0.0018617021276595746,0.9981382978723404
12267,YGR038C-B YLR088W,1.0,NA,0.9819998741149902,119,21,11259,1009,0.9169890393294649,0.85,0.10549645390070922,0.0018617021276595746,0.9981382978723404
12268,YOR343W-B YDR533C,1.0,NA,0.9823505878448486,118,21,11259,1010,0.9169084461637653,0.8489208633093526,0.10460992907801418,0.0018617021276595746,0.9981382978723404
12269,YPR103W YGR027W-B,1.0,NA,0.9823786616325378,117,21,11259,1011,0.9168278529980658,0.8478260869565217,0.10372340425531915,0.0018617021276595746,0.9981382978723404
12270,YDR394W YBL100W-B,1.0,NA,0.9824072122573853,116,21,11259,1012,0.9167472598323663,0.8467153284671532,0.10283687943262411,0.0018617021276595746,0.9981382978723404
12271,YGR038C-B YMR150C,1.0,NA,0.9827272295951843,115,21,11259,1013,0.9166666666666666,0.8455882352941176,0.10195035460992907,0.0018617021276595746,0.9981382978723404
12272,YDR210W-B YNL054W-B,1.0,NA,0.9827657341957092,114,21,11259,1014,0.9165860735009671,0.8444444444444444,0.10106382978723404,0.0018617021276595746,0.9981382978723404
12273,YLL013C YGR038C-A,0.0,NA,0.9829432964324951,114,20,11260,1014,0.9166666666666666,0.8507462686567164,0.10106382978723404,0.0017730496453900709,0.99822695035461
12274,YDR098C-A YKR024C,0.0,NA,0.982950747013092,114,19,11261,1014,0.9167472598323663,0.8571428571428571,0.10106382978723404,0.0016843971631205674,0.9983156028368795
12275,YFR006W YNL054W-B,1.0,NA,0.9832459688186646,113,19,11261,1015,0.9166666666666666,0.8560606060606061,0.10017730496453901,0.0016843971631205674,0.9983156028368795
12276,YLR088W YNL054W-B,1.0,NA,0.9832693338394165,112,19,11261,1016,0.9165860735009671,0.8549618320610687,0.09929078014184398,0.0016843971631205674,0.9983156028368795
12277,YNL239W YDR098C-B,1.0,NA,0.9835561513900757,111,19,11261,1017,0.9165054803352676,0.8538461538461538,0.09840425531914894,0.0016843971631205674,0.9983156028368795
12278,YNL135C YDR210C-C,0.0,NA,0.9836217761039734,111,18,11262,1017,0.9165860735009671,0.8604651162790697,0.09840425531914894,0.0015957446808510637,0.9984042553191489
12279,YDR034C-D YJL172W,1.0,NA,0.9837713241577148,110,18,11262,1018,0.9165054803352676,0.859375,0.0975177304964539,0.0015957446808510637,0.9984042553191489
12280,YOR343W-B YBR074W,1.0,NA,0.9840753674507141,109,18,11262,1019,0.916424887169568,0.8582677165354331,0.09663120567375887,0.0015957446808510637,0.9984042553191489
12281,YOR391C YDR210W-B,1.0,NA,0.9844077229499817,108,18,11262,1020,0.9163442940038685,0.8571428571428571,0.09574468085106383,0.0015957446808510637,0.9984042553191489
12282,YDR034C-D YKL134C,1.0,NA,0.9844502806663513,107,18,11262,1021,0.9162637008381689,0.856,0.09485815602836879,0.0015957446808510637,0.9984042553191489
12283,YDR533C YDR210W-B,1.0,NA,0.9844670295715332,106,18,11262,1022,0.9161831076724694,0.8548387096774194,0.09397163120567376,0.0015957446808510637,0.9984042553191489
12284,YGR200C YDL126C,0.0,NA,0.9848174452781677,106,17,11263,1022,0.9162637008381689,0.8617886178861789,0.09397163120567376,0.0015070921985815603,0.9984929078014184
12285,YIL108W YDR210W-B,1.0,NA,0.9848841428756714,105,17,11263,1023,0.9161831076724694,0.860655737704918,0.09308510638297872,0.0015070921985815603,0.9984929078014184
12286,YGR027W-B YKL134C,1.0,NA,0.9850900173187256,104,17,11263,1024,0.9161025145067698,0.859504132231405,0.09219858156028368,0.0015070921985815603,0.9984929078014184
12287,YKR095W YOL103W-A,0.0,NA,0.985091507434845,104,16,11264,1024,0.9161831076724694,0.8666666666666667,0.09219858156028368,0.0014184397163120568,0.9985815602836879
12288,YDR210W-B YER078C,1.0,NA,0.9851260185241699,103,16,11264,1025,0.9161025145067698,0.865546218487395,0.09131205673758866,0.0014184397163120568,0.9985815602836879
12289,YIL108W YGR027W-B,1.0,NA,0.9851786494255066,102,16,11264,1026,0.9160219213410703,0.864406779661017,0.09042553191489362,0.0014184397163120568,0.9985815602836879
12290,YGR027W-B YER078C,1.0,NA,0.9852315187454224,101,16,11264,1027,0.9159413281753708,0.8632478632478633,0.08953900709219859,0.0014184397163120568,0.9985815602836879
12291,YFR006W YGR027W-B,1.0,NA,0.9857637286186218,100,16,11264,1028,0.9158607350096711,0.8620689655172413,0.08865248226950355,0.0014184397163120568,0.9985815602836879
12292,YGR263C YDR201W,0.0,NA,0.9858280420303345,100,15,11265,1028,0.9159413281753708,0.8695652173913043,0.08865248226950355,0.0013297872340425532,0.9986702127659575
12293,YDR331W YDR098C-B,1.0,NA,0.9858672022819519,99,15,11265,1029,0.9158607350096711,0.868421052631579,0.08776595744680851,0.0013297872340425532,0.9986702127659575
12294,YIL108W YDR098C-B,1.0,NA,0.9858697652816772,98,15,11265,1030,0.9157801418439716,0.8672566371681416,0.08687943262411348,0.0013297872340425532,0.9986702127659575
12295,YER151C YER138C,1.0,NA,0.9860536456108093,97,15,11265,1031,0.9156995486782721,0.8660714285714286,0.08599290780141844,0.0013297872340425532,0.9986702127659575
12296,YER151C YHL009W-B,1.0,NA,0.9863428473472595,96,15,11265,1032,0.9156189555125726,0.8648648648648649,0.0851063829787234,0.0013297872340425532,0.9986702127659575
12297,YDR098C-B YER078C,1.0,NA,0.9863681197166443,95,15,11265,1033,0.915538362346873,0.8636363636363636,0.08421985815602837,0.0013297872340425532,0.9986702127659575
12298,YNL239W YHL009W-B,1.0,NA,0.9864524602890015,94,15,11265,1034,0.9154577691811734,0.8623853211009175,0.08333333333333333,0.0013297872340425532,0.9986702127659575
12299,YGR038C-B YHL009W-B,1.0,NA,0.9865375757217407,93,15,11265,1035,0.9153771760154739,0.8611111111111112,0.08244680851063829,0.0013297872340425532,0.9986702127659575
12300,YNL239W YNL054W-B,1.0,NA,0.9868322610855103,92,15,11265,1036,0.9152965828497743,0.8598130841121495,0.08156028368794327,0.0013297872340425532,0.9986702127659575
12301,YER094C YDR034C-D,1.0,NA,0.9868385195732117,91,15,11265,1037,0.9152159896840748,0.8584905660377359,0.08067375886524823,0.0013297872340425532,0.9986702127659575
12302,YER094C YHL009W-B,1.0,NA,0.9870087504386902,90,15,11265,1038,0.9151353965183753,0.8571428571428571,0.0797872340425532,0.0013297872340425532,0.9986702127659575
12303,YOR090C YOR061W,0.0,NA,0.9871315956115723,90,14,11266,1038,0.9152159896840748,0.8653846153846154,0.0797872340425532,0.0012411347517730497,0.998758865248227
12304,YDR257C YDR162C,0.0,NA,0.987331211566925,90,13,11267,1038,0.9152965828497743,0.8737864077669902,0.0797872340425532,0.001152482269503546,0.9988475177304964
12305,YMR003W YKR063C,0.0,NA,0.9877026677131653,90,12,11268,1038,0.9153771760154739,0.8823529411764706,0.0797872340425532,0.0010638297872340426,0.9989361702127659
12306,YGR038C-B YER078C,1.0,NA,0.9881442189216614,89,12,11268,1039,0.9152965828497743,0.8811881188118812,0.07890070921985816,0.0010638297872340426,0.9989361702127659
12307,YDR034C-D YGL203C,1.0,NA,0.9890890717506409,88,12,11268,1040,0.9152159896840748,0.88,0.07801418439716312,0.0010638297872340426,0.9989361702127659
12308,YNL054W-B YDR034C-D,1.0,NA,0.9892164468765259,87,12,11268,1041,0.9151353965183753,0.8787878787878788,0.07712765957446809,0.0010638297872340426,0.9989361702127659
12309,YFR052W YHL009W-B,1.0,NA,0.9892765283584595,86,12,11268,1042,0.9150548033526756,0.8775510204081632,0.07624113475177305,0.0010638297872340426,0.9989361702127659
12310,YBL067C YHL009W-B,1.0,NA,0.9893330335617065,85,12,11268,1043,0.9149742101869761,0.8762886597938144,0.07535460992907801,0.0010638297872340426,0.9989361702127659
12311,YPR103W YHL009W-B,1.0,NA,0.9893362522125244,84,12,11268,1044,0.9148936170212766,0.875,0.07446808510638298,0.0010638297872340426,0.9989361702127659
12312,YDR210W-B YMR150C,1.0,NA,0.9897081851959229,83,12,11268,1045,0.9148130238555771,0.8736842105263158,0.07358156028368794,0.0010638297872340426,0.9989361702127659
12313,YJL143W YJL121C,0.0,NA,0.9900306463241577,83,11,11269,1045,0.9148936170212766,0.8829787234042553,0.07358156028368794,0.000975177304964539,0.9990248226950355
12314,YKL072W YDR316W-A,0.0,NA,0.9901358485221863,83,10,11270,1045,0.9149742101869761,0.8924731182795699,0.07358156028368794,0.0008865248226950354,0.999113475177305
12315,YHR200W YDR098C-B,1.0,NA,0.990449845790863,82,10,11270,1046,0.9148936170212766,0.8913043478260869,0.0726950354609929,0.0008865248226950354,0.999113475177305
12316,YOR343W-B YNL054W-B,1.0,NA,0.9904831647872925,81,10,11270,1047,0.9148130238555771,0.8901098901098901,0.07180851063829788,0.0008865248226950354,0.999113475177305
12317,YER160C YNL054W-B,1.0,NA,0.9907095432281494,80,10,11270,1048,0.9147324306898775,0.8888888888888888,0.07092198581560284,0.0008865248226950354,0.999113475177305
12318,YNL054W-B YBL005W-B,1.0,NA,0.990774929523468,79,10,11270,1049,0.914651837524178,0.8876404494382022,0.0700354609929078,0.0008865248226950354,0.999113475177305
12319,YFR006W YDR210W-B,1.0,NA,0.9907991290092468,78,10,11270,1050,0.9145712443584784,0.8863636363636364,0.06914893617021277,0.0008865248226950354,0.999113475177305
12320,YER094C YGR027W-B,1.0,NA,0.9909928441047668,77,10,11270,1051,0.9144906511927788,0.8850574712643678,0.06826241134751773,0.0008865248226950354,0.999113475177305
12321,YER160C YDR533C,1.0,NA,0.9911608099937439,76,10,11270,1052,0.9144100580270793,0.8837209302325582,0.0673758865248227,0.0008865248226950354,0.999113475177305
12322,YOR343W-B YER078C,1.0,NA,0.991445779800415,75,10,11270,1053,0.9143294648613798,0.8823529411764706,0.06648936170212766,0.0008865248226950354,0.999113475177305
12323,YNL239W YGR027W-B,1.0,NA,0.9914990067481995,74,10,11270,1054,0.9142488716956803,0.8809523809523809,0.06560283687943262,0.0008865248226950354,0.999113475177305
12324,YOR391C YIR039C,1.0,NA,0.9915556311607361,73,10,11270,1055,0.9141682785299806,0.8795180722891566,0.06471631205673758,0.0008865248226950354,0.999113475177305
12325,YOR343W-B YHR200W,1.0,NA,0.9918830394744873,72,10,11270,1056,0.9140876853642811,0.8780487804878049,0.06382978723404255,0.0008865248226950354,0.999113475177305
12326,YDR533C YDR098C-B,1.0,NA,0.9919791221618652,71,10,11270,1057,0.9140070921985816,0.8765432098765432,0.06294326241134751,0.0008865248226950354,0.999113475177305
12327,YNL054W-B YKL134C,1.0,NA,0.9920130372047424,70,10,11270,1058,0.913926499032882,0.875,0.06205673758865248,0.0008865248226950354,0.999113475177305
12328,YNL054W-B YGR027W-B,1.0,NA,0.9922063946723938,69,10,11270,1059,0.9138459058671825,0.8734177215189873,0.061170212765957445,0.0008865248226950354,0.999113475177305
12329,YMR150C YNL054W-B,1.0,NA,0.9922366738319397,68,10,11270,1060,0.9137653127014829,0.8717948717948718,0.06028368794326241,0.0008865248226950354,0.999113475177305
12330,YNL054W-B YER138C,1.0,NA,0.9922547340393066,67,10,11270,1061,0.9136847195357833,0.8701298701298701,0.05939716312056738,0.0008865248226950354,0.999113475177305
12331,YKL122C YDL193W,0.0,NA,0.9922671914100647,67,9,11271,1061,0.9137653127014829,0.881578947368421,0.05939716312056738,0.0007978723404255319,0.9992021276595745
12332,YDR034C-D YER138C,1.0,NA,0.9923462867736816,66,9,11271,1062,0.9136847195357833,0.88,0.05851063829787234,0.0007978723404255319,0.9992021276595745
12333,YMR150C YGR027W-B,1.0,NA,0.9926716089248657,65,9,11271,1063,0.9136041263700838,0.8783783783783784,0.057624113475177305,0.0007978723404255319,0.9992021276595745
12334,YER144C YDR210W-B,1.0,NA,0.9931706190109253,64,9,11271,1064,0.9135235332043843,0.8767123287671232,0.05673758865248227,0.0007978723404255319,0.9992021276595745
12335,YLR206W YMR092C,0.0,NA,0.9940850734710693,64,8,11272,1064,0.9136041263700838,0.8888888888888888,0.05673758865248227,0.0007092198581560284,0.999290780141844
12336,YDR210W-B YBL100W-B,1.0,NA,0.9945971965789795,63,8,11272,1065,0.9135235332043843,0.8873239436619719,0.05585106382978723,0.0007092198581560284,0.999290780141844
12337,YDR210W-B YGR027W-B,1.0,NA,0.994629442691803,62,8,11272,1066,0.9134429400386848,0.8857142857142857,0.0549645390070922,0.0007092198581560284,0.999290780141844
12338,YBL080C YPL174C,0.0,NA,0.9949377775192261,62,7,11273,1066,0.9135235332043843,0.8985507246376812,0.0549645390070922,0.0006205673758865249,0.9993794326241134
12339,YER144C YDR098C-B,1.0,NA,0.9952239394187927,61,7,11273,1067,0.9134429400386848,0.8970588235294118,0.054078014184397165,0.0006205673758865249,0.9993794326241134
12340,YGR038C-B YDR034C-D,1.0,NA,0.9953175783157349,60,7,11273,1068,0.9133623468729851,0.8955223880597015,0.05319148936170213,0.0006205673758865249,0.9993794326241134
12341,YDR210W-B YER138C,1.0,NA,0.9955627918243408,59,7,11273,1069,0.9132817537072856,0.8939393939393939,0.05230496453900709,0.0006205673758865249,0.9993794326241134
12342,YDR098C-B YGR027W-B,1.0,NA,0.9956493973731995,58,7,11273,1070,0.9132011605415861,0.8923076923076924,0.051418439716312055,0.0006205673758865249,0.9993794326241134
12343,YML055W YNL054W-B,1.0,NA,0.9956884980201721,57,7,11273,1071,0.9131205673758865,0.890625,0.05053191489361702,0.0006205673758865249,0.9993794326241134
12344,YPR103W YFR052W,1.0,NA,0.9957873225212097,56,7,11273,1072,0.913039974210187,0.8888888888888888,0.04964539007092199,0.0006205673758865249,0.9993794326241134
12345,YDR034C-D YBL005W-B,1.0,NA,0.9959200620651245,55,7,11273,1073,0.9129593810444874,0.8870967741935484,0.04875886524822695,0.0006205673758865249,0.9993794326241134
12346,YDR034C YDR334W,0.0,NA,0.9964824914932251,55,6,11274,1073,0.913039974210187,0.9016393442622951,0.04875886524822695,0.0005319148936170213,0.999468085106383
12347,YDR098C-B YER138C,1.0,NA,0.9965482354164124,54,6,11274,1074,0.9129593810444874,0.9,0.047872340425531915,0.0005319148936170213,0.999468085106383
12348,YNL054W-B YDR098C-B,1.0,NA,0.9966429471969604,53,6,11274,1075,0.9128787878787878,0.8983050847457628,0.04698581560283688,0.0005319148936170213,0.999468085106383
12349,YDR034C-D YGR027W-B,1.0,NA,0.9967538714408875,52,6,11274,1076,0.9127981947130883,0.896551724137931,0.04609929078014184,0.0005319148936170213,0.999468085106383
12350,YER144C YDR034C-D,1.0,NA,0.9968966245651245,51,6,11274,1077,0.9127176015473888,0.8947368421052632,0.04521276595744681,0.0005319148936170213,0.999468085106383
12351,YER160C YDR034C-D,1.0,NA,0.997149646282196,50,6,11274,1078,0.9126370083816893,0.8928571428571429,0.044326241134751775,0.0005319148936170213,0.999468085106383
12352,YDR210W-B YBL005W-B,1.0,NA,0.9971976280212402,49,6,11274,1079,0.9125564152159897,0.8909090909090909,0.04343971631205674,0.0005319148936170213,0.999468085106383
12353,YOR343W-B YDR210W-B,1.0,NA,0.997217059135437,48,6,11274,1080,0.9124758220502901,0.8888888888888888,0.0425531914893617,0.0005319148936170213,0.999468085106383
12354,YDR210W-B YDR098C-B,1.0,NA,0.9974088072776794,47,6,11274,1081,0.9123952288845906,0.8867924528301887,0.041666666666666664,0.0005319148936170213,0.999468085106383
12355,YOR343W-B YER144C,1.0,NA,0.9974668025970459,46,6,11274,1082,0.912314635718891,0.8846153846153846,0.040780141843971635,0.0005319148936170213,0.999468085106383
12356,YGR027W-B YBL100W-B,1.0,NA,0.9976677298545837,45,6,11274,1083,0.9122340425531915,0.8823529411764706,0.0398936170212766,0.0005319148936170213,0.999468085106383
12357,YDR098C-B YDR034C-D,1.0,NA,0.9976800084114075,44,6,11274,1084,0.912153449387492,0.88,0.03900709219858156,0.0005319148936170213,0.999468085106383
12358,YDR427W YPL240C,0.0,NA,0.9977001547813416,44,5,11275,1084,0.9122340425531915,0.8979591836734694,0.03900709219858156,0.0004432624113475177,0.9995567375886525
12359,YEL069C YOR208W,0.0,NA,0.9977278113365173,44,4,11276,1084,0.912314635718891,0.9166666666666666,0.03900709219858156,0.0003546099290780142,0.999645390070922
12360,YHR200W YDR034C-D,1.0,NA,0.9977430105209351,43,4,11276,1085,0.9122340425531915,0.9148936170212766,0.038120567375886524,0.0003546099290780142,0.999645390070922
12361,YDR394W YOR391C,1.0,NA,0.9978813529014587,42,4,11276,1086,0.912153449387492,0.9130434782608695,0.03723404255319149,0.0003546099290780142,0.999645390070922
12362,YGR038C-B YDR210W-B,1.0,NA,0.9979497790336609,41,4,11276,1087,0.9120728562217923,0.9111111111111111,0.03634751773049645,0.0003546099290780142,0.999645390070922
12363,YGR038C-B YNL054W-B,1.0,NA,0.9980171918869019,40,4,11276,1088,0.9119922630560928,0.9090909090909091,0.03546099290780142,0.0003546099290780142,0.999645390070922
12364,YOR343W-B YDR098C-B,1.0,NA,0.9980210065841675,39,4,11276,1089,0.9119116698903933,0.9069767441860465,0.034574468085106384,0.0003546099290780142,0.999645390070922
12365,YGR038C-B YGR027W-B,1.0,NA,0.9982200264930725,38,4,11276,1090,0.9118310767246938,0.9047619047619048,0.03368794326241135,0.0003546099290780142,0.999645390070922
12366,YJL066C YER035W,0.0,NA,0.9982282519340515,38,3,11277,1090,0.9119116698903933,0.926829268292683,0.03368794326241135,0.00026595744680851064,0.9997340425531915
12367,YOR343W-B YGR038C-B,1.0,NA,0.9983445405960083,37,3,11277,1091,0.9118310767246938,0.925,0.03280141843971631,0.00026595744680851064,0.9997340425531915
12368,YDR210W-B YDR034C-D,1.0,NA,0.9984042048454285,36,3,11277,1092,0.9117504835589942,0.9230769230769231,0.031914893617021274,0.00026595744680851064,0.9997340425531915
12369,YOR343W-B YER160C,1.0,NA,0.9985153079032898,35,3,11277,1093,0.9116698903932946,0.9210526315789473,0.03102836879432624,0.00026595744680851064,0.9997340425531915
12370,YOR343W-B YDR034C-D,1.0,NA,0.99854975938797,34,3,11277,1094,0.9115892972275951,0.918918918918919,0.030141843971631204,0.00026595744680851064,0.9997340425531915
12371,YER160C YDR098C-B,1.0,NA,0.9986496567726135,33,3,11277,1095,0.9115087040618955,0.9166666666666666,0.02925531914893617,0.00026595744680851064,0.9997340425531915
12372,YDR098C-B YBL005W-B,1.0,NA,0.9987989664077759,32,3,11277,1096,0.911428110896196,0.9142857142857143,0.028368794326241134,0.00026595744680851064,0.9997340425531915
12373,YDR034C-D YBL100W-B,1.0,NA,0.9988190531730652,31,3,11277,1097,0.9113475177304965,0.9117647058823529,0.0274822695035461,0.00026595744680851064,0.9997340425531915
12374,YGR038C-B YDR098C-B,1.0,NA,0.9988800883293152,30,3,11277,1098,0.9112669245647969,0.9090909090909091,0.026595744680851064,0.00026595744680851064,0.9997340425531915
12375,YOR343W-B YER138C,1.0,NA,0.9989053010940552,29,3,11277,1099,0.9111863313990973,0.90625,0.025709219858156027,0.00026595744680851064,0.9997340425531915
12376,YER160C YGR027W-B,1.0,NA,0.9990717172622681,28,3,11277,1100,0.9111057382333978,0.9032258064516129,0.024822695035460994,0.00026595744680851064,0.9997340425531915
12377,YOR343W-B YBL100W-B,1.0,NA,0.9990886449813843,27,3,11277,1101,0.9110251450676983,0.9,0.023936170212765957,0.00026595744680851064,0.9997340425531915
12378,YBR222C YLR247C,0.0,NA,0.9990955591201782,27,2,11278,1101,0.9111057382333978,0.9310344827586207,0.023936170212765957,0.0001773049645390071,0.999822695035461
12379,YER160C YDR210W-B,1.0,NA,0.9991554021835327,26,2,11278,1102,0.9110251450676983,0.9285714285714286,0.02304964539007092,0.0001773049645390071,0.999822695035461
12380,YIR039C YBL100W-B,1.0,NA,0.9991976618766785,25,2,11278,1103,0.9109445519019987,0.9259259259259259,0.022163120567375887,0.0001773049645390071,0.999822695035461
12381,YGR038C-B YER138C,1.0,NA,0.9992567896842957,24,2,11278,1104,0.9108639587362991,0.9230769230769231,0.02127659574468085,0.0001773049645390071,0.999822695035461
12382,YGR038C-B YBL100W-B,1.0,NA,0.999293327331543,23,2,11278,1105,0.9107833655705996,0.92,0.020390070921985817,0.0001773049645390071,0.999822695035461
12383,YDR098C-B YBL100W-B,1.0,NA,0.9993131160736084,22,2,11278,1106,0.9107027724049,0.9166666666666666,0.01950354609929078,0.0001773049645390071,0.999822695035461
12384,YOR343W-B YGR027W-B,1.0,NA,0.9993719458580017,21,2,11278,1107,0.9106221792392005,0.9130434782608695,0.018617021276595744,0.0001773049645390071,0.999822695035461
12385,YOR343W-B YBL005W-B,1.0,NA,0.9993942975997925,20,2,11278,1108,0.910541586073501,0.9090909090909091,0.01773049645390071,0.0001773049645390071,0.999822695035461
12386,YGR263C YOR360C,0.0,NA,0.9994256496429443,20,1,11279,1108,0.9106221792392005,0.9523809523809523,0.01773049645390071,8.865248226950355e-05,0.9999113475177305
12387,YGR038C-B YER160C,1.0,NA,0.9994831085205078,19,1,11279,1109,0.910541586073501,0.95,0.016843971631205674,8.865248226950355e-05,0.9999113475177305
12388,YGR027W-B YER138C,1.0,NA,0.9995046854019165,18,1,11279,1110,0.9104609929078015,0.9473684210526315,0.015957446808510637,8.865248226950355e-05,0.9999113475177305
12389,YFR052W YER143W,1.0,NA,0.9995562434196472,17,1,11279,1111,0.9103803997421018,0.9444444444444444,0.015070921985815602,8.865248226950355e-05,0.9999113475177305
12390,YNL239W YBL100W-B,1.0,NA,0.9996165037155151,16,1,11279,1112,0.9102998065764023,0.9411764705882353,0.014184397163120567,8.865248226950355e-05,0.9999113475177305
12391,YDR394W YER143W,1.0,NA,0.9996780157089233,15,1,11279,1113,0.9102192134107028,0.9375,0.013297872340425532,8.865248226950355e-05,0.9999113475177305
12392,YER160C YBL100W-B,1.0,NA,0.9997300505638123,14,1,11279,1114,0.9101386202450032,0.9333333333333333,0.012411347517730497,8.865248226950355e-05,0.9999113475177305
12393,YER094C YBL005W-B,1.0,NA,0.999749481678009,13,1,11279,1115,0.9100580270793037,0.9285714285714286,0.01152482269503546,8.865248226950355e-05,0.9999113475177305
12394,YBL100W-B YER143W,1.0,NA,0.9997546076774597,12,1,11279,1116,0.9099774339136041,0.9230769230769231,0.010638297872340425,8.865248226950355e-05,0.9999113475177305
12395,YGR038C-B YBL005W-B,1.0,NA,0.9997730851173401,11,1,11279,1117,0.9098968407479046,0.9166666666666666,0.00975177304964539,8.865248226950355e-05,0.9999113475177305
12396,YGR027W-B YBL005W-B,1.0,NA,0.9998399019241333,10,1,11279,1118,0.909816247582205,0.9090909090909091,0.008865248226950355,8.865248226950355e-05,0.9999113475177305
12397,YDR394W YER094C,1.0,NA,0.9999206066131592,9,1,11279,1119,0.9097356544165055,0.9,0.007978723404255319,8.865248226950355e-05,0.9999113475177305
12398,YDR394W YIR039C,1.0,NA,0.9999233484268188,8,1,11279,1120,0.909655061250806,0.8888888888888888,0.0070921985815602835,8.865248226950355e-05,0.9999113475177305
12399,YBL100W-B YER138C,1.0,NA,0.9999818801879883,7,1,11279,1121,0.9095744680851063,0.875,0.0062056737588652485,8.865248226950355e-05,0.9999113475177305
12400,YER138C YJL172W,1.0,NA,0.9999877214431763,6,1,11279,1122,0.9094938749194068,0.8571428571428571,0.005319148936170213,8.865248226950355e-05,0.9999113475177305
12401,YER094C YER160C,1.0,NA,0.9999897480010986,5,1,11279,1123,0.9094132817537073,0.8333333333333334,0.004432624113475178,8.865248226950355e-05,0.9999113475177305
12402,YER160C YFR052W,1.0,NA,0.9999905824661255,4,1,11279,1124,0.9093326885880078,0.8,0.0035460992907801418,8.865248226950355e-05,0.9999113475177305
12403,YDR394W YPR103W,1.0,NA,0.9999933242797852,3,1,11279,1125,0.9092520954223082,0.75,0.0026595744680851063,8.865248226950355e-05,0.9999113475177305
12404,YDR394W YFR006W,1.0,NA,0.999994158744812,2,1,11279,1126,0.9091715022566086,0.6666666666666666,0.0017730496453900709,8.865248226950355e-05,0.9999113475177305
12405,YBR173C YDL126C,0.0,NA,0.9999988079071045,2,0,11280,1126,0.9092520954223082,1.0,0.0017730496453900709,0.0,1.0
12406,YER160C YER138C,1.0,NA,1.0,1,0,11280,1127,0.9091715022566086,1.0,0.0008865248226950354,0.0,1.0
12407,YDR394W YFR052W,1.0,NA,1.0,0,0,11280,1128,0.9090909090909091,1.0,0.0,0.0,1.0
