YORF	NAME	GWEIGHT	Primig00_SK1a alpha t 0	Primig00_SK1a alpha 1h	Primig00_SK1a alpha 2h	Primig00_SK1a alpha 3h	Primig00_SK1a alpha 4h	Primig00_SK1a alpha 6h	Primig00_SK1a alpha 8h	Primig00_SK1a alpha 10h	Primig00_SK1alpha alpha t 0	Primig00_SK1alpha alpha 2h	Primig00_SK1alpha alpha 4h	Primig00_SK1alpha alpha 6h	Primig00_SK1alpha alpha 8h	Primig00_W303a alpha t 0	Primig00_W303a alpha 2h	Primig00_W303a alpha 4h	Primig00_W303a alpha 6h	Primig00_W303a alpha 8h	Primig00_W303a alpha 10h	Primig00_W303a alpha 12h	Primig00_W303a a t 0	Primig00_W303a a 2h	Primig00_W303a a 4h	Primig00_ 6h
EWEIGHT			0.3179191674004451	0.850887747097532	-0.08002963104537475	-0.7279018347971488	-0.4357081831915706	-0.6056104829395625	-0.26553474490349566	1.8347514535983354	-0.40318306772522783	0.9431613351461449	0.7800912327510283	-0.40084706427357386	-1.6460972163913188	0.570112888354348	0.5897532969245549	0.8711866222327288	-0.44375753488483854	-0.9063769452290699	0.766469332528648	0.2290746121216722	0.04273342755013315	-1.4571832511603422	0.820141774438338	2.2936840209713845
YDL025C	YDL025C	1.0	-0.5453843494491765	0.3403114196419908	0.052320518500306536	-0.39526600395522254	-1.087067065080137	-1.8793970662166246	2.0125648643426146	-0.19347195489610788	-0.6743611077633722	3.0506301978286294	0.4810312522601286	-0.6850676597634008	0.528821899220491	0.03520419115746866	0.48374631959219794	-0.7038704538727343	-0.6680356931263254	0.7640593988755486	1.2855464928571414	0.7744595888021051	1.2809515968164493	1.5086215289615228	-1.1141228635296232	-0.9147542786112417
YPR128C	YPR128C	1.0	1.6236352760923707	-1.3507436084974207	-1.011563949094506	-0.8718933178997506	0.7495230761558204	0.2741175084197447	-0.523091366252582	-0.27569069549956665	-1.2727507753885567	0.15403749025717578	0.3985017412271339	-0.13374816324879812	1.08581688578172	-1.7253910041913547	-1.3192646339407625	-1.0731101244923575	-0.1994890310023292	-1.2474271914485124	-0.21640442054715323	1.2909835040305224	0.34298162541602534	0.34470407331304853	0.30917372686854494	0.1597706225261365
YKL032C	YKL032C	1.0	0.7739219964412235	-1.0572051042732282	-1.0278907837378035	-0.8254233755709598	0.22736335858715973	-1.0128842228157122	0.8790096721674996	1.8336026043641274	1.2552950158733573	0.7509558308004777	-0.39603970684374423	-0.17925547751456244	0.3499668254777738	2.0641630554201718	1.32703896766189	0.9816845150853212	0.08095315958796001	0.03924178644120115	0.8539514428325989	-1.4307568190189104	-1.3431291127509462	-0.9933477069740422	1.2119238675732467	1.1128289763344754
YNL325C	YNL325C	1.0	-0.27734513098200164	0.3722060539373744	-1.1570236622304275	-1.5238417965753221	1.0358831744980843	-0.38689637401663957	-0.24676065016004697	0.028701121521236713	0.09422915364074752	0.8714881319667368	0.4133453012059576	0.9400470090132426	-1.1461729430804424	1.4726232503782877	0.47577486859812185	-1.3175705579007486	0.0971540093821172	-0.2725526276809217	0.40869172817381816	-0.034718519320163635	-0.10562757485971219	-1.0562852974270935	-0.18164027161195617	-0.6815816080310311
YJR150C	YJR150C	1.0	0.017207477008520003	-0.04636197502659317	0.7824916335049914	-0.046668340087437254	-0.16500058727973274	0.3751526865362442	-2.3852841052861016	-1.128218822690507	-0.3628153253831528	-0.8442674497714169	2.1383053878869434	0.6111593165733183	-0.6435167346613935	0.7817045379363352	-0.2638302050477412	0.09160166407061401	-1.6415829866823466	2.3977615685433613	2.358924014395028	-1.6411989790738748	0.252272315645621	-0.08739556617114612	-1.3971064063672116	1.9919783746130022
YPL201C	YPL201C	1.0	-0.008033032229337251	-2.179804632915077	0.025927903696375484	1.9478218027440382	-0.5630739166810079	0.22055705587281457	0.5977625169346241	-1.3951709108115216	1.7052557800847559	0.06084825637277888	-0.7163164970967191	-0.20518422580780146	-2.2176345766852803	1.5155259462879471	0.47292809698801375	1.747123881667092	-2.522292089942189	0.23095852924290883	0.8968026924399048	1.5143596419755923	-0.593524319917299	-0.6040998385954016	-0.352613217537349	-0.6376487278822484
YPR097W	YPR097W	1.0	2.3829960145245823	-0.1394636112849252	-0.6697271835549673	0.7802758968773967	-0.689273992531375	0.40682430832484623	0.809410683987982	0.6861477559787476	1.2873402700866101	2.005945584525177	0.9449070054033831	-2.0603983932020116	-0.32003376325525545	-0.38565919973153506	0.1928799958285293	0.29792519925060146	-0.11704661326033837	-1.8664353698471188	-0.029172947076375657	0.09074340834685947	-0.30860239260344297	0.9921723982557686	-0.3949698470643416	-0.2156591691301858
YER048C	YER048C	1.0	-1.050513554948613	-1.4233763147085245	-0.20867820899728595	-1.4426613606620158	-3.026076795868533	-1.4580779196701534	-1.3705616329303387	-0.6964258924263778	-2.7162581954401404	0.9958653144966587	0.6506196808463807	0.8412771092793699	0.06607595357068119	-0.5122184142115925	0.5497902267656143	1.488148389438042	-0.956015655727149	0.25734446808186145	0.33546574930486267	0.1052658742479208	0.49459059854494986	0.446947521614543	-1.4993750323601658	-0.3348982953712403
YIL114C	YIL114C	1.0	-0.668461832830407	0.5744911172728043	-2.8702662078073784	0.6460487634761091	-1.6373953849320366	-0.5299153361461936	-0.811502726988293	-1.4493984841191105	-0.7999484188524122	-0.4728729434002363	0.16613841858465248	-1.3291944734786272	0.251204159371216	-2.563827187502651	-0.14610594777080813	0.7993983843294606	0.5586948390872988	1.5894457637836032	1.0500297762405402	0.8289212401259192	-0.08118013130325191	2.0376322139238505	-2.336133659152059	-0.6731824385079893
YBL018C	YBL018C	1.0	-2.874480616945329	-0.5747103252989479	-0.19462194183312564	-0.6802560262253896	-1.2646425684271074	0.9528438759497838	1.0700937611788026	-0.550028224586221	1.2518549200710172	-1.3171253537303629	0.48794780104976815	-0.4925873559656941	-0.9774190094196069	0.7383810225233256	0.7306995974976174	-0.050190887091510705	0.6507625460625932	-0.35524327020348934	-1.880076744545583	-0.34784524914545023	1.240830848648519	1.2951870785667847	-0.42429010726850996	-0.39856649953306217
YNL098C	YNL098C	1.0	-0.01326310631992257	0.13987116606614838	2.6866307338192215	-1.3243508235265915	-0.32188171479285926	-0.5424681429933371	1.3775568069190431	-1.1040069553724141	0.24777775263208301	-0.1568015193330619	0.3725795801348422	0.026533086270671587	1.4201550912501981	-1.1109726662093764	1.039027257383062	-0.2425701733539774	0.17554725241150734	-0.35884857606601506	-0.2851559754605705	-0.8929281177670597	0.03839288522790605	-1.4555121356077099	-0.08433735569097602	-0.3961653149869482
YBR234C	YBR234C	1.0	1.1006065374670055	-0.7860485960669381	1.2448701777544353	0.726736783435938	-0.1753825648664738	1.4697301847360624	0.9987197596224369	-1.728229978666096	0.9388374951476408	0.041428897074280324	-0.401215544242641	-0.32182388606389717	0.9813040074581756	0.9322008065538796	0.2570977911409651	-0.4932991593823501	-0.18826203212560605	1.464591381418362	-0.5029713267868439	-0.6811124383770701	0.29671295938876047	1.464085713322579	1.893441383867045	-0.762568771752661
YJL166W	YJL166W	1.0	-0.3976956987601302	1.4312691251943486	0.2454156833513436	-0.4625240582579726	-1.2284193427042074	-1.0750673482533446	-0.6151401915734366	-2.824452671728546	-0.4985781272783423	2.2638805430526263	0.06749619209631587	0.7705351797083219	-1.7398271931005245	-0.4460519222560563	-0.13223243303090135	1.0178048414060221	-1.4446130196166627	-1.0443933703622283	-0.3942349519251197	-0.9272855616285288	0.830224204693796	0.44039351585252845	2.422451470434742	-0.1737283389667326
YDR006C	YDR006C	1.0	0.27009183662265684	0.45472904503884065	1.7003456861432755	-1.8030681308733498	1.2840523740059266	0.8453237476728055	-1.7229896527933126	1.1949364305886347	-0.7373628636294917	-0.2902481878418621	-0.6896937114753963	0.21114054859824033	-0.4211371998236554	-0.6572380153996804	0.0010588531845955047	-0.008096960198387567	0.2581603233191285	0.6552503896643439	-0.8347784727561228	-0.4928764975658939	-0.4081641837379376	1.335345416682239	0.8892110348790807	-0.3989506498737781
YCR014C	YCR014C	1.0	0.6239746813455794	0.9788140298532174	0.42898495368342143	0.0005760637647605223	1.354159849196341	0.8787478113884848	-0.21076493035646046	0.37736582905318883	1.2070256206946985	0.9751903092205249	0.04597464553329865	-0.07628456810997414	-1.011892729778728	0.21023152611949275	0.1151694384242493	1.0477229088757951	-0.07062970342580217	1.3124639211001972	-1.2781042633131257	-1.1921777964715348	1.3174826225109422	1.8074179860270037	1.587596054217315	0.5517947072752829
YOR291W	YOR291W	1.0	0.5718193106560718	-0.49504933380358607	0.18144341871817815	-1.4283513896974507	-0.8394349849286632	0.2860263115022153	0.2286999788881448	0.4725604774541958	0.9768769278273839	-1.4781508500616425	1.4655139174656764	-0.1524206897063579	0.6619879203712958	-1.7667720984601432	0.9699189506211849	-0.7200488526865496	0.914731397426527	-1.8284186896873427	-0.05515155118654302	-1.371769160532458	-0.7264906739745288	-0.7122105640056419	-1.4898949476325052	-0.56561782208736
YNL252C	YNL252C	1.0	0.8656310343236885	-0.33521144884354365	-0.03196335338533489	0.1609776119386787	0.3282522825421646	-0.026328710083721996	0.5296708818459266	0.4929107089368891	-2.4664404534606468	0.4324671897412205	-0.08360644705624319	0.8231844006658353	1.7590225735911085	0.13931945805731463	-1.3801031297372035	0.18474703453854566	-1.2314903814860998	0.09388654085349689	-0.8812859868511284	0.5663897555431032	-2.9010853551609737	-0.5426097310158834	-0.15146269163903012	1.1886516525732487
YGL215W	YGL215W	1.0	0.6070560302652805	0.1658534471991966	-1.3106962672387736	0.20825549653524864	-1.2408078513628846	-2.449766938012196	-0.9357174589284192	0.10169300107281873	-0.41521550324909934	-0.10927553926099114	0.3896833141023911	0.5811671851674998	1.0287864944125467	0.6731152509530098	-1.742813206659555	1.2690828420567801	-0.5721949406630004	0.13781635431434355	-1.755975021610875	-0.3957758765426136	-0.04176462863410484	1.2631569415316841	0.6821727586596357	-1.0951642989103878
YER185W	YER185W	1.0	-0.615400900551865	1.7962511430290737	-1.3286138957574434	0.11234015518903025	-0.6517187525417086	0.15289307438148944	-0.6084770224394075	-0.1586103160629608	2.0688809402532757	0.9153146823379744	-0.7074851292275159	-0.6884832305438127	1.5333930584911686	-0.06636717113905265	1.7734757443263922	1.3063054426919045	-1.92954626503996	1.2594439940208295	-1.2009669703886299	0.436149362515547	1.173045034087468	-0.44419917434215134	-0.5569955587508242	-0.27883619410850896
YDL209C	YDL209C	1.0	0.5148476945026659	0.4908875395270692	-0.525956791171608	1.116704037957329	-0.9955169874455306	0.6297293196500605	-1.6727440686041972	1.1196150406879666	-1.3900617146950687	-0.5972155669797504	-0.7284032998512353	-0.6300273421061695	-0.9202537400823095	0.4415854342094	-0.5555174033446263	0.0888345765663782	1.6004586140968757	1.1894477435663109	0.1870953394158608	-1.0018230161901853	0.07684240458514387	0.3992411597586655	0.24424379800239213	-0.4560410410822232
YBR113W	YBR113W	1.0	1.0502531899290473	1.3179835791593721	-0.8705800195039144	-0.1816082241336309	0.8998785244229452	-0.3588949169648194	1.5827607929129117	-1.3968717922131568	0.19297630756300982	0.5625925741801568	1.0226118310801207	-0.38675446348094566	1.135823232038872	-1.1853606450371819	2.3156946437194166	-1.205369152717046	1.4539193598506077	-0.800421344837416	-2.240409930679351	-0.5669734913396128	0.7039897798599761	0.1511583893103809	0.9456784504513951	1.2635248567277584
YGL052W	YGL052W	1.0	1.728127586779151	0.02855695460859145	0.6508696970079298	-0.8979334522155217	-0.027578898589500987	-0.9703304225257526	-1.0021484637650406	0.15343413574086956	-1.5428496300209746	-0.5445231999382419	0.02440508088892693	0.9797979360206749	-0.22591687546788794	-0.15827244283460054	-0.37607585160570994	0.31618355841823265	-0.7561949514880792	0.9688593965021722	0.5038152396873229	0.9348279470420422	-0.2631725165860567	-0.5444015942766733	-0.39035574019570957	1.2018401962219327
YMR027W	YMR027W	1.0	-1.9792055844804328	0.4888720359146051	-1.682760557481097	-1.03686531602818	-0.5997188975287304	-0.5405288734713382	0.24402115878309472	0.2960697669787455	-0.8995471718199357	1.6572434751766727	-0.39835847946255304	-0.7594362790148537	1.5879960197846779	-1.931862344961356	-0.09092138419458588	-0.8538228927840879	-0.53588168657014	0.8819425363979556	1.0459398092614514	0.6418617336652768	0.21875872037101873	0.870455582675405	0.1282801823960451	-1.2215350862189676
YDR398W	YDR398W	1.0	1.6950424883372592	-0.1950354840223681	-0.1749936346464428	0.9682598493364755	1.4098270868815854	-1.3117668801080153	-0.11283422273624939	0.7344451717606192	0.8627122479400366	0.43839584854072683	-0.057833033880560755	-0.8943967979028283	0.5305296308741017	-1.2877696689984455	-0.6248531192895279	0.7881490306275964	-0.5695215554895704	1.2136465193150479	-0.20641073589858622	-1.339822834010269	-0.9410679584734278	-0.6747101886641923	0.5953279115435078	-0.580874830077378
YLR105C	YLR105C	1.0	-0.8329184303369938	-0.8365648622600075	0.4241950086859268	2.132633092537476	0.3634657135764967	-1.6035424808124108	0.35702502421227944	-2.130211820019523	-0.14611709566852216	-1.2549289509485262	-1.6069081155519787	-1.1111643715172228	0.6004357699811473	-0.5390477187491834	-0.5573681466589423	-0.3097872845754024	0.20443433451377563	-0.4068029906329144	-0.6205338871205335	-0.2497725462290562	0.16202016571538633	-0.19225083199462922	-0.30556443158946345	2.2270109503749396
YJL210W	YJL210W	1.0	-0.49031819655356484	0.6887399723486092	0.8373002363428859	0.49043630889630685	1.1427587458860426	0.9654407610642731	-0.14090087523970332	-0.219647184016751	0.4537706960012586	-0.8399539743808484	-0.49695814544302586	0.3973003979621046	1.111625526538064	1.4327045286482698	0.3492530602014902	-2.663634225909445	0.6686467213287819	0.7357763377951505	1.292038673360787	0.9379948787437875	-0.5100462604450929	0.510470726103881	0.761454356326613	0.6388296262440621
YBR111C	YBR111C	1.0	-1.033497066281671	0.3915980226361834	-1.3470093638718241	0.8296947674285263	0.5799589412053776	-0.20939008131837378	0.00801845659365686	0.10735736791955569	0.5887346361860915	-0.6523311917603996	-0.6455774071689968	0.8058037560453949	0.20322475853769978	0.14599093523619094	-0.5999705588743874	1.4321738735279006	-1.100711863778887	0.05543055104078729	0.25653411807234067	0.5168581715932835	-0.2943380455684098	0.9342915457823724	1.243086441538816	-1.0437481618268845
YDR243C	YDR243C	1.0	-1.4817468023211153	-0.6213689485409796	1.2085675807376708	1.8042391928877122	-0.24853132194773103	0.9627342358029014	-0.33542315239826676	0.8653192192659568	-0.8583909966827606	-0.3426906483651462	1.0658322441575179	-0.48481488535611417	0.4324474310826615	-0.535706810901239	0.7693155064749161	0.48393727451125296	1.1273885498891665	0.8528132352060285	-0.5072876653747048	1.0214436460003269	0.12599496786925815	1.3048079737096185	0.7461937508381097	-1.3609458396840621
YMR046C	YMR046C	1.0	0.5729149020209011	-0.03672401870326719	1.6753627460170146	1.1158297363004979	-0.19037415558964407	-0.8676592434233488	-0.5860864285225225	0.4433655030495295	0.40200799324468034	0.43093558897759204	0.5262985498108109	0.31490298913347703	-0.784928909353142	-0.38888072903857596	0.30051800495987324	-1.9195208562978134	-0.8964790413983802	-0.5510174819453408	-0.10645885506860388	-0.335358695605317	0.7512625221148242	-0.2534440887087977	0.19571481824147824	-1.29164460976444
YDR356W	YDR356W	1.0	-0.0867100106331247	-0.6666096737465316	-1.3962860953475604	1.587950244743284	-1.3351248611834337	1.09741662846173	-1.7733099152046634	0.8043223946500949	0.3278949034843476	-0.4673517801154654	0.4843040230512188	1.2256418319128548	0.9820866419559566	-1.531265345969109	-0.6387650518789044	-1.3033970144749298	0.6900067314809161	0.5771884632827388	0.9312516925251623	-1.477598818346913	-1.7979537702855684	-1.0123303829495423	-0.4735131683676597	-0.46928189468992
YML103C	YML103C	1.0	1.948050934702578	1.2775414044823699	-0.42390672116557	0.7726986992919053	2.531154441861391	-0.6902511807311629	-0.3602621791909237	-0.8204304778565374	-0.35178765523769	-0.5029386499732879	-1.9825868361727126	-0.08333256820978384	-0.539264665684606	-1.9267631546731274	0.4299409678454962	-0.6871529830126958	-0.35704160316384875	1.0213057439155102	-0.3493784192519672	-1.0601915000270186	-0.10716531179915421	-0.7916197390019794	-0.06077101733320392	-1.7448809543240216
YKL128C	YKL128C	1.0	0.9674623881088401	-0.013049407587524441	0.05885803674403591	0.060216770322048155	-0.22841151989436612	-1.381182796488757	0.5517524347796716	0.05508955318073797	2.03750254328245	0.23166215161020082	-1.524445981463867	0.05574365920530961	0.057023273686245005	0.038889313062232526	-0.31171269155643966	-0.24635101364044967	0.9065440976919947	-0.24196112850891072	-0.3930772017942324	-0.6888697144453205	0.08359106947463768	-0.46275169587173554	1.1030693238795075	-0.5041183948195329
YJR030C	YJR030C	1.0	-0.08436766256529063	0.3976541107915818	-0.5997382296212717	0.5431791220221589	-1.6981198205008359	1.8728835042392922	0.872317762084991	-0.7554213677544123	1.6353454594999863	-1.9258627217193487	1.7954258670838368	-0.05730666011295296	-1.1831758955058864	1.2179007927753518	-1.1833299143586151	0.461644213122114	2.5920684606574733	0.68978007197597	-0.9088680066220268	-0.13280715489245332	-0.6514292459271779	0.731687961739145	-0.8108841924905802	2.404482284449848
YJL200C	YJL200C	1.0	-0.270369667315206	1.3244866584794042	-0.547367570927451	-0.1634670631802841	-1.6283792866590583	0.21035311982560861	1.1295059150965343	-0.11336675823811536	-0.20005163356225733	1.0855944528146129	-0.19863244385507686	-0.8953769654371713	-0.36164761345431695	1.6216404427249476	-0.9322459122483447	-0.4213389074216896	1.9765082450079183	0.3717912958468009	1.2924774404293997	0.20438751216183274	0.3628300334106105	-0.2985098555702878	2.057722476336641	-1.3219000424875305
YCL031C	YCL031C	1.0	0.2733024012201281	-0.6121635504965781	0.7586249093379062	-1.3538720004179021	0.25965964857523255	-0.9278383858869731	0.6554539962737742	0.12377432708073997	1.1325906398640808	-0.4133362012921968	1.3302585569920884	-0.7746256437012239	0.7671544490453807	1.141077313972001	-0.7752580359973188	-0.5328265895702661	-0.9181819174682225	-0.7038666021166723	0.4145906593589309	-1.368084768437078	0.1319574884636706	0.8887341892363668	-1.0689460263478732	1.496632303095609
YLR159W	YLR159W	1.0	-1.8987329685588665	-1.7358941865898387	-0.4278586240635468	0.40779637307017164	0.7877039058747114	1.7054145041175637	-0.0981119354629867	-0.2197780439555994	-1.31161662994852	0.18545742065123	-0.43821926769788794	-0.10641883915748464	0.5895145716439768	-0.5829427463703101	-0.49882441814187306	-0.5229159744726858	1.2861194002403449	0.2437215688258713	-0.5145084257884162	0.02536388577980595	-0.20602762784305612	-0.11106958038943697	1.8741588131332512	-1.0640800008672466
YFL066C	YFL066C	1.0	-0.41404207138065185	-0.07930377621286332	1.2013152387349915	-1.1628444447022375	-0.9443370872123305	-0.35366264043856044	0.7731272962768525	-0.14713497076850166	0.5698908791852658	-1.2064357617837684	3.08974617051765	-2.563081719897009	-0.05542892605907594	1.2375642321858793	-0.6714539284510123	-1.0361876688091793	-1.3140995209880404	-0.7607189064963324	0.01266507303626133	0.483980604849421	1.3621741653574342	0.21733864042895643	-0.15975864569592552	1.337572008246065
YBR023C	YBR023C	1.0	-0.32589496538018553	-0.3302199996649022	-2.2635165797097097	-1.3722206379271744	-0.7668310913514778	1.3339833551562625	0.39903214813260557	-0.05325209777938593	-0.7672592397472452	-0.6118578116554961	0.49029690953157884	1.1066273150085977	0.538190555531468	-0.2180130684572754	-0.6801913276252843	0.6833139203689562	-0.006678235821966821	-1.4339698894325896	0.7817177283118547	-0.4933719816195818	-0.5166091260800514	1.2115897199626073	0.39960096441763576	0.629525716956491
YGL011C	YGL011C	1.0	0.04761408328340628	0.1824751405920482	0.4033333684445533	0.6410295494986569	1.9717634302854936	-0.7843754031944528	-0.9491920376232778	0.3555272966495132	-1.2340552560684246	1.1625445102596559	0.28734185726233463	0.6293020197539488	0.8795710290860944	-0.4785152906131175	1.4430496515652893	0.10075823455537035	-0.4897599202213193	-0.39695433370844313	-0.9576212428174468	0.23617982596737108	-0.28543434707856435	0.3035922113739629	-1.0588020881189	-0.41452640568537696
YNL327W	YNL327W	1.0	0.09199493097684767	-1.178439030743143	1.9203062416322283	-0.3529600803993825	1.4941699903287449	-1.3260495618658716	-1.3447843973668554	0.5660721484064892	0.04247669234753016	0.6852358430110238	-1.0873930966856422	-0.4797548583008133	2.068345657705557	0.08001959686431001	0.5327632640005647	-1.3386380923408983	-0.328836285688574	-0.6973886840553123	0.8738469713819798	0.2050163975822829	-1.8433135060934214	-1.3441150201373113	0.082533848939304	-0.6074196709731939
YKR021W	YKR021W	1.0	-0.40000263228633315	1.5529418025925066	0.19076727923206058	-0.3710581267593816	1.1355043626498726	-0.5027224304505767	0.0008239627076152271	-0.19966219082262687	0.452501661727202	-0.9171611482543451	-0.4636154346948783	-3.518850480437665	1.4461510420067403	0.4365360270809033	1.9231919985773558	-1.622050254443493	0.6001209534846471	-0.3552422043550997	0.6065959361915555	-0.7078560124316692	0.5820637661429447	2.0017049982268587	-0.2514206711470506	1.9369325093804952
YLR003C	YLR003C	1.0	-0.25140939539256585	-0.483108386336448	0.43393344324732663	-0.05065561181587603	-0.47079244445080437	0.9996562281641515	-2.267340204116247	-0.5244379043395994	-0.4035485525150062	-0.8926667230928437	-0.1543851949085917	2.041256841811263	1.0232913516412252	-0.9214757985711433	-2.3951882938572973	-0.20563427624213546	-0.7150013297148649	0.7676258424318977	-2.0987868362731197	-0.6290096291875524	-0.5358891145626783	0.7858932398183639	-1.6786209799770013	1.4304916285813947
YEL049W	YEL049W	1.0	-0.9376275170954038	0.22067330574761335	0.48832429430335533	0.38478327590457384	1.2714679526142834	-0.5364959944331564	-0.9783318760695096	0.2119090287538758	2.2707341326426747	1.3293383338493903	-1.0555542106074551	0.010376073164010622	-0.012356720817181468	-0.9230280206695479	-0.8316723543823048	-1.197966032024325	1.7482573341817171	0.339731830492413	-0.22817023224080615	-2.740511479494882	0.256165815305548	-0.24965675905810752	0.4199893777633693	-0.1205213099525743
YGR235C	YGR235C	1.0	-0.2921309387963567	0.9455134078155536	1.032904265404448	1.3257371539819676	-0.4688752144134557	-1.6414078245975132	1.2686501463886137	-2.281887354997025	-0.37605988666408074	-0.04478266931936236	0.04620187971822567	0.983325314896113	1.2723238358430882	0.3102769603196916	-0.18422909311297456	1.4140985827136126	-0.4876830923299416	-1.2780290425748533	-0.8572403819995383	1.0572611403830097	0.239824001775435	-0.3472009891729805	0.6423199677439978	-0.8818575295313065
YMR221C	YMR221C	1.0	-0.3273529343933448	-0.4530280143258544	0.8453858770317223	0.3304719373842225	-1.399994083162459	0.7396660237386442	-0.3271143387244935	0.6410841319161895	1.2824760158828477	1.2289388398482366	0.15018196741696554	0.6045444848855362	-0.22996467390386147	-0.19590148475342836	0.480356205827909	-0.1569228700804578	-1.5191530312570165	-0.25247743601880945	-0.17375514947883247	0.9702415341854846	-0.21201544703202127	-1.0375245541179552	0.8316916359830151	0.623925543355648
YER101C	YER101C	1.0	-0.1511467825468633	1.0035020681576234	0.22042956031199906	0.49768303153807647	-0.8536220618616058	-0.9605103827370378	-0.4422993502885446	-0.036794998481440896	-0.28576284827898246	0.3537912156163315	-0.19353410347421934	0.7623719362472716	-0.27947993488495176	-0.8783160841113306	-0.819225341165674	0.38943285054732985	-0.6056984016415852	-0.0003330916297317778	0.10458333686442074	-0.4045684602286202	-0.3279840234586488	-1.0152863179920926	-2.7839279882667474	-2.021224927855413
YCL017C	YCL017C	1.0	0.2913390122709601	0.49813628907395824	-2.301902955361234	1.0432218309842964	-0.27491867787975793	0.17810371049397908	-1.3478880027575175	0.9583987075277973	-1.8721570082971954	-2.2980318876592216	0.5597044567047569	0.8905555427056355	-1.101911055185643	-1.1001863437529973	-0.7442124014392197	1.6681346345459278	-1.169170625208396	-1.4587897567760961	-0.8136556585847012	1.2486470416439828	1.2304391512234194	1.5648920272886992	-0.8954666608649978	-0.06559767840213589
YGL017W	YGL017W	1.0	0.6824295354133281	0.06311286625016893	1.5718364615382103	0.45746137176224094	0.2461318809178385	2.7253996688261153	0.2560696810820579	-0.960165607503375	1.2613461940382318	-1.9711233145106781	0.18829467737974717	0.43009762436425275	-1.0530033371031853	0.04621454615094753	1.9687094660990745	0.45118381839392346	-0.3108344192535393	2.965081607096179	-1.4894517920435604	0.17550642863156377	-0.9857591854126779	1.5441934200463305	0.11113362202948943	-0.24500894712548227
YIL037C	YIL037C	1.0	0.22555641142765634	1.6424146692201016	1.4320276364832147	-0.16978458999999574	1.0355103366957734	-1.1729123836706807	-0.43513123403889237	0.9384674404133593	0.2556375337585829	1.8144814084092666	-1.0592418829916779	0.3875258281558178	-0.9341326914627521	1.5291700224593752	0.04957628914312503	-0.33699504389398666	0.8482354053418389	-0.6830223614920412	0.9640984069424673	-1.0914800808187035	-0.8120153693303143	0.3873888352499549	-0.5078560759354352	0.36797939426997034
YMR134W	YMR134W	1.0	1.0180890816570143	-1.2610175586344854	0.8694567868112285	1.8133391357276234	-0.362735615622461	0.3272169108361519	-0.623552740153207	0.17148257189295363	0.22072043600832986	0.9054167492337	0.8800715859916468	1.6606975891814104	0.7605161726287364	0.39950473730027014	1.3247161021771587	-0.6004786719547153	-0.8984390924308632	0.17735684566560267	0.05018683412708852	0.0011258885996858203	0.6356694348931323	1.5325851421402872	-1.3106396812255694	0.005166517779389257
YDR177W	YDR177W	1.0	-0.3026337671313209	-0.016506816726052004	0.9751497528912815	1.4253152336745896	0.8834045967097864	-2.184436480672273	-1.8457652583807274	0.14882490087262626	1.5090985914498862	0.28207741159967037	1.0460944104611394	-0.21021928764420492	-1.263604689174467	0.8479995027084238	0.2975241598671333	-0.3603443585942968	0.482396125910286	-0.3592834480369376	-0.12843652999068986	-1.8346868441461768	0.8003719406258247	0.7352406858146169	1.1545285608768974	-1.0471973572630575
YER168C	YER168C	1.0	-1.3197947363342193	1.6859021254334636	1.2467012132275663	-0.33481067695939404	-0.3515214032785793	-1.2207814510035297	-0.08934116917140439	0.3959838839287887	-1.5287422273338196	-1.5590000731608862	-2.3016874197979513	-0.34409119413606826	-0.4410944800087401	0.6697801433246656	1.308422564823613	1.3991206841227224	-1.3065409660322487	0.7122086928312008	0.5146492448090036	0.39905226537613464	1.4424070025759066	0.33934866454295004	-0.05855835056601685	0.21882765540982385
YPR051W	YPR051W	1.0	-0.3907385772831012	-0.37416453103493835	-0.07977278593677765	0.8097947099083634	0.48556215887839216	-1.1516556284148336	0.19407082391276503	-2.7965869244505663	-0.6435110395347077	0.017534326483254932	-0.2817542107824589	1.886195135569389	0.7972656231550785	-0.16658617060266212	-1.185938281083152	0.7241201200611477	0.07506909095011764	-0.19551180523459294	0.7235295666320614	-1.9133762060406554	-0.24555409650536625	-0.881398864524979	0.5078752374074531	0.28535121815818393
YLR220W	YLR220W	1.0	0.23759293667323442	-1.5067252651050043	0.8645179748438596	-0.6717196738249466	-0.48322984040447897	-0.15645212823907262	1.4743125063192057	0.7534065803013755	-2.5365260323536862	0.6924101766875632	-1.0533349856328398	-0.6862229726879829	-0.8516554340406871	0.16232157839633637	0.2052827865828142	1.4672776296404455	2.296247100421099	-1.256122275736532	-2.246729267136856	-1.249006320438787	-1.4030986277067903	1.4889331944453814	1.0843777290003893	-1.532573754264014
YDR516C	YDR516C	1.0	0.5265461833542503	-0.02342505666468116	-1.7331333667982542	-0.443070761821487	0.644626333795433	-1.5058544792893223	-1.1966277581579772	-0.25261845170461006	1.8730354216937006	0.1767876553192378	0.072455455555261	-1.7570082118632893	2.8702930078332702	1.0561263064761655	0.007099862475991321	-0.36633604164204386	-1.0764939953620751	-1.1064770967863868	-1.3196769423760435	0.46966118036683924	-0.5124865508186564	0.6584657983119229	-0.8545362679453933	-0.16176749124081372
YPR010C	YPR010C	1.0	2.0879754860712696	0.17576255439244914	-0.35498341171163267	-0.1859563460255815	0.94784240471709	-1.7587205163132376	0.23945482563660422	-1.0831378291161302	-0.40022235133530126	0.594235795490024	0.11626203515724544	0.17710988517002946	-1.6141510089485895	-0.4234468832595335	-0.32537550894327205	-0.10604292144044074	0.892783367843291	-0.5818720020845329	0.7814026768424597	-0.5582675133347631	0.3997602384224144	0.8124220048596538	-0.5341034186482153	-1.049520480398883
YPR171W	YPR171W	1.0	0.31820830304245584	-1.110571197061787	0.3595365781254893	-0.6077793465345929	1.7952182512349095	-0.7844367274018815	0.37613726825209376	-0.8697687474709169	-0.6052820596701234	0.1360713073652243	-0.19832354725689139	-0.6782623519604145	-0.15847558170851317	1.3934766106262353	1.3539930837719827	-0.8779193989235521	0.3695904440819052	-1.139333356118123	-0.6846852882174439	0.08784236230932528	0.665918487592126	1.9368550466433048	-0.66624859655223	-0.0025532397206035305
YOR150W	YOR150W	1.0	0.7653014338050458	-0.34505722889703977	0.11523474330659675	0.3174061415249463	-0.7929166832395398	0.7984216942677386	0.5035666886718	-0.4688219220286843	-0.6411405164431505	0.33485188547224165	-0.860178343098676	-0.007619819578621509	-0.5189464429980142	-0.8115909184840916	-0.7652857200112934	2.5456438769612997	0.2364230656231213	0.08581378277304501	0.9357088544248225	-1.1361550106574554	-0.13354057652038193	-0.49973043370687703	0.27945674681354066	0.6490131029262473
YJL143W	YJL143W	1.0	-0.12446577697869292	0.35087657557678037	1.044122853127503	1.0077783224724777	-1.205630103340461	0.5265530168475763	0.05856753556644265	1.0004522824384516	1.7635624179531615	0.21506832064739778	-0.16667309006586487	-0.14662751135993607	-0.757598938074194	0.643239379545124	0.42840339103915154	0.4240365822027029	0.30803562693079345	0.9011287095853635	0.5895592342461662	-1.0121311611127186	-0.16681507750285746	-1.7884495252402932	-1.0790337372043792	-0.2674179317795696
YBR164C	YBR164C	1.0	0.8809965629708185	1.3680807054411137	0.48905309811473896	0.7635764950420335	0.7362231229155813	-1.1314639955322563	-0.6512220029900854	0.5870977503052273	0.11611647180407642	1.8227486039565988	0.3761672790767902	-0.024393533568868954	-0.9715572342868242	0.49137328329831237	0.8253698932663464	0.2618270207177663	2.0917657007618837	-0.6690012501144195	1.319346289364062	-0.46496133330631434	-1.6477972429502252	-0.46829726141759026	-1.5642497958890451	-0.36343746415500866
YBR286W	YBR286W	1.0	1.2563060780352053	0.44388706804326816	-1.2301412540506123	-0.5021433617139648	0.14328559531928825	0.48798723658226323	-1.6985153523511802	-0.4892632480298315	-0.45785302638807573	0.3446031016868131	-1.2189796659218022	0.003672118108170626	-1.5499857762696476	1.7805673831934583	0.929447378283241	-0.09352547614000256	-0.43496459588466313	1.0450171585437018	1.1573133231498656	-0.13403792222092395	-0.44288187532213164	0.7196705631110756	-0.008398766218789901	-0.5019065240217724
YEL066W	YEL066W	1.0	1.2024285040286005	-0.015900087597460925	-1.8651409739247182	0.5604925566041556	-1.9248551712816684	1.1475119224237438	-0.33138878394422167	1.1468255118500572	0.3740250550130915	-0.31933479846209134	-0.080654214178768	0.11711773506059785	-2.1839759324205614	1.261306153302605	-1.4397943809621532	1.719516174607838	0.3454577201229277	0.6386746677238254	-0.5085224858894056	-1.848037732436329	1.1971636594827963	0.520817001316251	-1.4539652504986298	-1.321992830591542
YPL213W	YPL213W	1.0	0.06388611845582916	0.1975881449471461	-0.9465503592359525	-0.8894615006085093	1.8278261646494278	-0.2451377506399949	1.0990248987778914	0.6870809640701234	-0.43276708406499415	-0.06842612199999513	0.4358813685099567	-0.7993844293759635	0.10827043189332108	-0.8834752356559511	1.8489012831841432	0.026615120878291692	0.6403371109950468	-0.5408239891115648	0.9379665495807722	0.9189657784767782	0.9014705101448793	1.0914593842797564	0.012886941093730819	-0.3200440205212748
YCR087W	YCR087W	1.0	-1.0962038804288126	-0.14159369976236078	-0.3691829869171242	1.4211555357010035	1.2342317288244666	-0.19731825127108352	0.2859860970968072	1.1276286059088965	0.19633113488861942	1.3385108558392713	1.8396994675826075	-0.5226071352217093	0.557222641182509	1.635465718245097	-0.034132369923640556	0.3329433192830438	1.481618397776041	-1.945048808180695	-1.6275452154440184	-1.5032483932712357	-0.6676001822784	0.8440611957162399	0.03403203191898177	-0.33427651646298295
YDL136W	YDL136W	1.0	-0.08421401140824002	0.346497672607037	1.2242360012394304	-0.6691730865442874	-0.7846927995362963	0.42702411656996553	1.5535978542012634	0.3995200184150587	-0.3233274157324128	2.3203475198566825	2.4360798923317772	0.21417860809790473	-1.1699790921129603	0.23205399717069766	-0.39714770941681804	1.1719658868510694	-1.8910578704447496	-0.25376430673701955	-0.23918638741331585	-0.22441551826596892	1.9311649494361314	-1.8032139147566504	-1.3788902621368193	0.6578725204942831
YML074C	YML074C	1.0	-1.5290715717644499	-0.13675573425496998	-1.339701003453453	-2.1263117544746843	0.7115249797026183	0.434355133398524	-0.05149391169140067	-1.0860120762149	-0.2950852723737292	0.8516063139478018	0.3019686461338323	-0.4488294859914621	0.02672828858509831	-0.6796064951292514	1.3051655704371719	-0.21429978386704085	1.5842256102538432	0.4511968904540398	-0.9594507037938363	0.0012681403109299962	-0.4744639746716196	0.9109831320651086	1.4404932784669493	-0.47278911327606904
YHR112C	YHR112C	1.0	1.026824708165218	0.35065617754113937	2.238076359777107	-1.8178547011398933	0.748161528193903	-0.9989834675191271	-0.39191601255703984	0.6813977466867311	0.3463067143287718	-0.4601082019386134	-0.4449693976927271	1.7265364504510066	0.6520370183788216	0.36445362837162215	-1.0642553978522904	-0.7915832230271268	0.010838265440742009	-0.007648106690056697	-0.25699503104008325	-1.9761412973201742	-0.5376866478790332	2.1912784312628864	-0.5580144880658399	0.672331277717966
YJL031C	YJL031C	1.0	-0.9545260661135377	0.661913967669163	0.52433178769432	0.4195214839622366	0.3091938521579233	-0.7711203379476148	-0.5644415890891685	-0.7081944768098377	-0.8480758218862897	0.09469542008954239	-0.8770690232003009	0.8903459764995845	0.1578886949265616	1.9444609962428416	0.8173827120223877	0.24380194548402492	0.22010413101664794	0.1896077331420157	-0.7664129727327327	-0.41123748742540756	0.43950264017191704	-0.04457524222864701	0.4563061010426758	-0.3900520086592113
YLR357W	YLR357W	1.0	1.391479968769084	0.3922004380321154	0.3445594128022303	-0.25828824806003137	0.10759482023505598	0.28183776697819746	-1.0383541918036858	0.7648906185837726	-0.5327332591333135	1.8993982414432384	0.6321346673560192	-1.5691374879709363	-1.005317044862593	0.59937015565061	1.2859769728801167	0.664151593267198	0.10362462598913802	-1.5515141393419174	-1.269051973391885	0.774810493796437	0.4356540751603279	0.7781457570465551	-0.5015011297442086	-0.8789810854531027
YNL195C	YNL195C	1.0	1.0413515824243884	0.29732110680510604	0.2175871972500862	1.9583992651442517	0.15573078234466628	-0.7488242889852823	-1.0033605336005718	1.3619544411246964	1.222145597458845	0.8471125956683886	-0.16967746347700122	0.8876867351767441	0.4236729728834944	0.8869693907816166	-0.5104679224895161	1.3388728594431452	-1.0606964621259911	-0.3020887939610664	-0.9110814958251483	0.009492099591683333	1.7630194049812788	-1.2289382847335821	0.3220121324759105	-1.253618884454587
YDR522C	YDR522C	1.0	-0.6655923514976136	0.9447742988563387	0.5910838083226044	1.518307821471773	1.8598927573149089	0.542455725910597	0.2780986303588959	-0.2830175615214011	1.088997897590481	-0.48958278516145376	-0.501695872601262	0.2264429088500792	-0.547042871829102	-0.1758736680203892	-0.7883549486134805	-0.5561003255825927	0.9519423960699844	1.2563494791276184	1.1675618127749423	-0.17682351268498228	-1.2372561766851262	-0.46223789999487863	-0.5919776264488258	0.024932746306847022
YKL010C	YKL010C	1.0	0.014673094489267033	-0.4043962736006036	1.496969737200221	0.8628728090802261	-1.0140398294017978	-1.7403459641586922	-0.01908300510588288	-0.228200979804468	-0.3447870271142209	0.2388595064269806	0.3386122335382904	-0.4921678756815288	-1.0614335058126427	-0.6015009318935765	-1.4565649283854254	0.28466510200937184	2.258147191034621	-1.201879792702786	-1.8313740250129087	0.3613796153613392	1.0144679123235942	0.31219569336642905	0.8630070806600701	-0.6312051876725671
YPR153W	YPR153W	1.0	1.0014119187382187	-1.2722790260628076	1.2710071862171857	1.720428108168989	-0.22557049576307495	-0.24803807923911225	0.6441742745751728	-0.5886489425234969	-0.1791316378071178	-0.4776534309459576	-0.660990071405895	0.7488823337074716	-1.4223032147449166	-0.46047163411455544	0.2491366026526725	1.6734881683257887	1.0062501643160995	0.4341652483086762	0.3649242107669368	-1.5163034974513998	-0.17231056193124053	1.1876001643776708	-0.47508139278419276	0.9875987433384528
YGL179C	YGL179C	1.0	-0.8302819290074666	0.42188332010691065	0.060783010517715244	1.184933448412242	0.768835936189025	-0.62926638902526	0.9740026308396084	-1.2231325526741867	1.1265337336773322	0.541983385160388	-0.50810855280114	0.034335814433386735	0.631994133751688	-0.727415890788734	0.8584719805504308	0.8398073997841592	-0.29808413528241223	0.34813515561583736	-0.5657226436511723	0.3320459383789712	-0.7392521460933104	1.3618662134337405	-1.2236906334893298	-1.5233615644012
YGR293C	YGR293C	1.0	0.785178131610085	0.7504887036210965	0.4357385900701951	1.1676994300301757	-0.04494725783193335	1.4310001942162032	-0.08629900246469993	-2.07003227576837	-0.7688948431386352	1.3657915559840916	1.4212665257461898	-0.1490863990083295	-1.2481654946023437	-0.2707557874152332	-0.0942870997777333	0.42833449477008295	-0.701182771265462	0.12638313901967357	0.1280458161115909	0.6993822688495662	-0.2011276941451632	-0.7885653429960694	0.5676567668293675	1.1624210092643568
YER152C	YER152C	1.0	-0.3973781366442773	0.5502849448392971	-0.7262626045205608	-1.0170831247902785	-0.03037340670537555	-2.6010864571386145	-0.2369884333138474	-2.6500548206135264	1.3703961717907223	-1.2091063253756873	-1.7098284479845183	-0.6682376368499184	-0.5726285357786886	0.9206722936658767	-0.38597326722496844	-0.27216402494553255	-1.4022063534372549	0.5623325213676177	-0.7383323568496722	2.7164501640404453	-1.3644938272308118	1.1782574267836081	0.4899600174266037	-0.2834875377118889
YDL123W	YDL123W	1.0	1.1592754463582555	0.8719177385238296	1.0137839137084568	0.7950244897297747	0.93986437340002	0.4400755348341446	1.014951553721456	-1.8736076123436112	0.689316784240603	0.5350749953207489	-0.22543954074717387	0.0661859115327064	-0.0410300525783775	1.0857725519555324	-1.6072747491512345	-0.49345662227760145	-0.5254761779216369	0.3560478790923389	-0.2559951869892154	0.370508804978615	-1.4800992339353287	0.6123090683002644	-0.28287416490296624	-1.0457086416626802
YGR086C	YGR086C	1.0	-0.15766591978506259	2.346655511486249	0.21797481705945163	-0.17986344572536	1.0031683948027914	2.0088262146445226	-0.60390974006892	-0.3354125046358387	0.336375528532782	-0.6787190462184636	1.0388424957992206	-0.9317340964099382	-1.2895048876142774	-0.01423473353644667	0.7714896289516173	-1.18499801207423	-0.7474844954577327	-0.794852714119989	-0.22623141211624198	-0.18754850497016423	-1.8317498170983544	-0.8781461608222613	-0.4383957723783597	-0.4429463018528508
YOL123W	YOL123W	1.0	1.6842553283718487	0.3585861993560979	-0.17350276226236436	1.9697342075268527	1.853269598558286	0.7957320677829529	0.6942171171721833	-0.4948482303213036	0.6618316966463658	-0.9104340935078391	-0.5494679907015413	0.5047938546374628	-0.14623757028935466	-0.7195850098825822	-1.75136861297193	0.5578727320631822	-0.8253433352691589	-0.5157245797727161	-0.41840090686669096	-0.022666782240161765	-0.34035870155746223	0.7357062424107003	-1.5703419157275966	0.6411767012949123
YML017W	YML017W	1.0	-0.9441766728458724	0.036272939775656994	-0.9928384351735476	-1.1193870315256498	-0.10782948042618594	1.0388164061623293	1.6191117391318142	-2.7020001744405966	0.5068815990606295	0.1404094857919505	-0.8818797508019958	1.1298322708801172	1.6610363181398542	-0.09049449464566296	0.5729851029011377	-0.20594838961690595	-1.695125059027849	-3.007525337244934	0.3242178028122094	0.2739574706126221	0.9294040851957691	-0.5991210741461371	-0.7321122467618366	-0.5107806926663476
YLR068W	YLR068W	1.0	0.7605517523035414	-1.0391558172485227	-0.30897757904354667	0.6640112676198464	-0.9543492326415935	-0.45166382539470895	0.16331116829915027	2.112786053680305	0.0674982803440025	0.23047470643004644	0.41854896207847264	1.0392867899495677	1.3964960551387566	1.0104145469737535	0.7395929383002906	-1.208412316933815	-2.4026455361259234	-1.4538569143775677	-0.887942525615549	0.3511430338637919	-0.12815610815373665	-0.03891449783974385	0.700185057958734	-0.7183880353437209
YML112W	YML112W	1.0	-0.6448568419322827	-0.2521514002728805	0.46451619034098895	0.9213332786189934	-0.1701200880693029	1.3677418784870814	-0.23927155935012065	0.4658789979935421	-0.963616716575249	0.021011492739708724	-0.8527539241809595	2.204241469014313	0.6415790493806383	-0.4655064510993347	1.3921931525600606	0.08081022470111433	1.2017429721337138	-1.0948334473586512	-1.4427347098782972	-1.3386198172168575	0.2923835288133016	-1.4011613366299298	1.9210047493869535	0.474821900831943
YER055C	YER055C	1.0	-0.28566650352307055	-0.4392092924866303	0.46480720404277603	0.11182574660219376	-0.07952509042550397	0.12291676680883855	-1.7126974382592741	0.28148222762716285	0.7269606769103002	-0.13690750903185953	-0.43266946315695776	-1.8054080154232632	0.6811244853150006	-0.6876563075513749	0.24971338859494938	-0.8166637642276361	-1.0241052079700057	1.3806685140445842	0.25262429047673346	0.9598713178500378	-0.41924538675660566	1.0801013647098952	0.2304429165151035	-0.8788519092041687
YHR113W	YHR113W	1.0	0.2468326543734908	-1.1069827172127773	2.289383551425188	-0.9434370073391016	-0.4747642712412517	1.5052397936525446	0.8653211414836891	-0.07130845357844512	0.9110001677585711	-0.9408389383024424	-0.9557517096632087	-1.498088188837283	-0.27614526825314284	0.8617790929292405	-0.6049535922152763	-1.0724797098252281	-0.7059630309940006	1.9019539594480561	0.24043908228629493	0.3007951370273336	0.10769894326378313	0.1422978024180819	1.0105207506390863	-1.2515124931682027
YMR030W	YMR030W	1.0	2.1192310565625854	-0.02572242985060527	-1.4115161075993377	1.3904089955953973	0.19611045535712682	-0.35718520924914116	0.8061901267324677	-0.9467757988762999	-0.020197467792537598	0.08361867096431191	-0.4369344886584052	-1.4184323616338392	1.926089109364864	0.17241261616044185	-0.1115580198395943	1.3360461929703762	1.1438423553005566	-0.9970771770786819	1.5271225207032724	2.6480505611624836	-0.8478970184860343	2.294112790103347	0.8472103923377442	-0.17871312404553835
YLR204W	YLR204W	1.0	-0.23075924576287812	-0.3878536331596139	-0.7316194075026227	-0.7229000662502113	-1.570776335768932	0.4582288254733498	0.3167643777598164	0.9052878671208692	1.3609085278715864	-1.0975402846452853	-0.16129478637106584	0.06010840201841507	1.0773032599449048	1.0248211678464598	-0.34323040789508646	0.013601167971514507	-0.1997182246986296	-0.6962248342980913	0.263423818413139	-0.2823715899738458	1.3912865630132714	-0.06778764837344572	-1.9546025381341057	-0.2626302979665901
YNL257C	YNL257C	1.0	-0.7477569927596572	0.49365055350952614	-0.33286946968525183	-0.698724911149128	-1.9877520302953828	1.5773661126282703	0.6996485007192802	1.5665110349585345	-0.7240434798146246	0.7359725671623569	0.7944996963029086	-0.40862303304771624	0.8659712245898051	0.42171316267516523	-0.5337292466345732	1.4904420277671053	-1.1251364829941475	0.47182486194882683	0.0722753757444869	1.8932004650665968	1.1878115371816997	1.21406149027598	-0.3718464801892375	-0.3872558438231849
YMR093W	YMR093W	1.0	-0.04926139586105268	0.44057236474297246	-0.3529978211392623	0.1917501715169869	0.16884256949274565	-0.6668628702434106	-0.5691289830156517	-0.48812667869394316	-0.3074416446844615	3.0725653250177167	0.3031527220302848	1.0032562120774782	-1.0117487870115056	0.24476431227336376	0.8849551556510525	0.13925780088927361	1.9943119994870178	1.5818521274842905	-1.120769160262973	-0.425150545066522	0.21866666529436238	0.7093535002532406	0.3995368941895417	0.6094787861663901
YGL199C	YGL199C	1.0	2.1583100840018425	1.2169638834590415	0.2033153515314063	-0.9379364058502279	-1.9229722656872277	-1.2076313712716793	1.4805601200394347	0.13914110320121548	-0.1779124851341661	2.355108281072535	1.1503265887234928	1.2921423122971645	-0.78518335532154	-1.0139803769629054	1.4828748697661258	2.085536425016868	1.7878126681453534	-0.11196986978863983	-0.7944290906900462	-2.4881349055607327	-1.3616178000080696	1.9380923627714624	1.036581692289051	-0.4719090331806843
YDL006W	YDL006W	1.0	0.6827334154868341	1.5076947037030977	1.4002273004661645	0.04851024286625427	1.3433967107471736	-0.06279368127702195	0.968870665922438	0.3196439097255017	0.3857219280565736	-0.7423388819109054	0.2018304338219014	-0.44950735716221296	-0.2791515021786409	0.5195795688524772	-0.5127826056916018	0.987927919115654	0.6886275104961613	-0.36641580417604264	-0.8902181071335467	0.430292219215793	-0.6717974219120577	-0.284232084475917	-0.2965867453463002	-0.5978188186826798
YML061C	YML061C	1.0	-0.5110416214413287	1.4499455673468347	-0.06707777001065357	0.20469544316240207	0.059718089377949035	2.047003733460743	1.3911357249138907	2.494373388040071	-0.7174663278201534	-0.5949560678419936	-0.2424628045962765	0.3279406224046313	-0.8559853842808736	0.5766130000848717	0.8071067209429656	-0.31274930279871344	0.21334230252412562	2.9258416830302214	-1.2633651255589424	0.3980129975286689	1.8025076293602804	0.7811056564994499	0.3692319070338859	-1.0440994832916597
YDR150W	YDR150W	1.0	1.803409815555746	-0.01741152764298254	1.3376615188428511	0.012602156988806346	0.006140625854846593	0.8874168526159356	1.658213235394099	1.8856954661168484	1.538461597216358	1.7499882306463914	0.1767530177455846	1.2700431477744782	0.2620351228749232	0.9439717783701651	2.635976241973031	-1.3715721128565015	2.518894282059665	0.29605924131337813	1.5450058651519463	1.9916637043709007	0.7386994840610978	2.647957594648884	-1.249241602301384	0.4282034086198709
YLL013C	YLL013C	1.0	-0.8432225535993703	1.7642509005094422	0.7349665969591171	0.4517663445697006	-0.4348078080356476	0.4104565588025459	0.062162452000851465	0.8687880139786279	-0.18996770479730712	0.9386281481397342	0.8726905843712487	0.4680871247702318	0.6580901744608814	0.046652126438167685	-0.3931223732315509	-0.32894348803161017	0.5185088042312644	-0.3705172921317527	0.3696481999234205	0.7222822239244946	0.23750980789394072	1.3966467135870708	1.4693502213470662	2.4411037886197073
YHR120W	YHR120W	1.0	0.7887757371155802	1.0413378709878542	0.24413324157576527	0.28724955662035473	0.02124037614447699	-0.49972125328311384	2.356909138562809	0.9988361200778828	-0.49980907107214684	1.2156354345191303	1.3742340430294138	0.8780988109321245	-0.5894261086523711	0.10404244570734805	0.3322987847991029	2.189982549048558	0.05928564838249384	2.335747195062169	0.35896145411697533	-1.0799513945715444	-0.3603552033686646	2.4315925411388637	-0.9426460502094363	0.10691688982268044
YGR101W	YGR101W	1.0	1.7788883751499482	-1.8070670621369245	1.195440773508908	0.09881622368503873	0.20025966151724595	0.7539436071715668	0.2980770949778183	0.3012301036033461	1.6982769690382897	-0.5502892149868852	1.0834676736925495	-0.9013233167075507	0.2860891982643189	1.019568685966699	0.6086535470793357	-1.06420961109637	0.23446747194781836	0.5488506471426008	0.18712889998187654	0.06910331240397977	1.1727488040361895	-0.38718084398967406	0.24925427059765393	2.142090788805564
YML104C	YML104C	1.0	0.07241833890344751	0.5647556444549084	-0.41334882152175706	0.6655810190754543	1.2512435686861243	0.9301580655796204	0.9579605468277539	-1.0036477027946702	-0.5511523199807069	-0.5535820543720127	3.2776970090533064	0.8287458157377783	1.7723146011404425	-1.2504522564508072	3.965125597578875	0.6372258274130704	-0.5648462563130527	0.6205694049693944	-0.011582542129166595	0.700254188991849	-0.02689070230161189	1.71883915237579	1.445730043180851	-0.3646311984639768
YJL063C	YJL063C	1.0	2.20373347927492	-0.004974879153883893	0.7122107811584227	0.9379669637924595	0.6437291142843733	1.6868205454939726	2.040012720282763	-0.7768221619083637	1.1915322691093726	2.3001085424337644	1.0329366420364712	-0.5073035890169146	1.1135693850116943	0.5624742451633064	0.17433551426602384	2.0891018486411945	1.413371713657162	-0.999462427369171	-0.6158315665871075	0.48490695083327673	1.1362869128727726	-0.5216400231585334	0.497723287102484	-0.1715264969482781
YIL065C	YIL065C	1.0	0.5578691371934761	-0.8434397174146904	0.4639379758823762	0.3489765142676414	0.30227699115369644	-0.008146199402833398	1.0367283257194853	0.6055599172518956	-1.2786962809647924	0.18710445551796556	1.9602774891731036	0.6341379829175343	0.5666442550045349	0.7739467019081699	0.05997427117544013	1.7583599901636215	0.3107276950969593	1.304290635876273	-0.0701410995684641	2.3198002171098153	0.07955724497211564	-2.1459724659236836	-0.3007335722079378	-0.9694575829249064
YPL098C	YPL098C	1.0	1.0472113912183283	0.9709895159495385	0.008006048343024985	-1.43298669333249	-0.20540134367910573	0.766379763297003	0.39698841518007255	0.36322107496188794	1.7942619653810665	-0.6622753493426214	-1.465552278503578	-0.5296378191741533	0.332291216277892	0.48522921642271394	0.7563324693037182	-0.5526324716255342	2.7387895534201756	0.04796457242354579	0.5405853159685748	0.8285628685473877	-0.5627186243921931	0.8923460488193615	0.12237078808293717	-0.7103850583977303
