YORF	NAME	GWEIGHT	Primig00_SK1a alpha t 0	Primig00_SK1a alpha 1h	Primig00_SK1a alpha 2h	Primig00_SK1a alpha 3h	Primig00_SK1a alpha 4h	Primig00_SK1a alpha 6h	Primig00_SK1a alpha 8h	Primig00_SK1a alpha 10h	Primig00_SK1alpha alpha t 0	Primig00_SK1alpha alpha 2h	Primig00_SK1alpha alpha 4h	Primig00_SK1alpha alpha 6h	Primig00_SK1alpha alpha 8h	Primig00_W303a alpha t 0	Primig00_W303a alpha 2h	Primig00_W303a alpha 4h	Primig00_W303a alpha 6h	Primig00_W303a alpha 8h	Primig00_W303a alpha 10h	Primig00_W303a alpha 12h	Primig00_W303a a t 0	Primig00_W303a a 2h	Primig00_W303a a 4h	Primig00_ 6h
EWEIGHT			-1.3941241639093944	0.2875072538526738	-0.18930751437065788	-1.650949085571335	2.505184052698206	0.721374564966259	-1.2997104810605669	-2.576021364502498	-0.42869871814456256	2.352376203285018	0.5152060928306084	-0.479422401062366	-0.1430816447717902	1.5831191118357333	-0.2546327587437961	0.9102700664686134	-0.9942050265775084	0.2779352788597314	-0.6731665872314043	0.7808011616240453	2.1369045222313305	-1.5166318845094766	-1.5780039211327392	-0.3601294505940189
YDL025C	YDL025C	1.0	1.5572818866963847	-0.5321567457716342	1.6137635724406014	2.102856691649561	0.9528329914323644	-0.35458343160584027	-0.5922763184645581	-0.27804359126446104	0.3055414589553393	-2.3121391669088807	0.6738090979561777	-1.7301193186682762	-0.08979116914982235	-0.6002510952079902	-0.47843685819351767	0.9193473559468881	-0.1869752640030006	0.4088912704392424	0.6969349717002205	-0.723754601134885	-0.7780260432033764	-0.5317795380466298	-1.2326487167560691	0.5061998908560817
YPR128C	YPR128C	1.0	-0.09880387634614685	-0.6529809205480921	-2.1010252699237406	0.484655900093725	-0.880368124645074	-0.3120921762062741	-0.1984680189074512	-0.10022466471118034	-0.5367737484565519	-0.5734719015472831	-0.30075201220696185	-1.3824513303280375	0.1615354238241247	-1.6535799180576882	0.22472880968350992	0.7047109299469434	-0.02218345652657562	0.770210409935369	-0.08333975231963128	-2.1749719332303212	0.5386547992726177	0.9156809326126404	-1.3097762851813992	-0.9059008113290241
YKL032C	YKL032C	1.0	-1.1467345538585254	0.7401180515172927	-0.8012255387959064	0.8960488434935638	-0.06566261516166637	-0.5817249781242834	-0.7329745037855452	0.565314676325803	0.38289268010942673	-0.14997229552032856	0.18803169845418988	1.1858759817914868	1.0625716913883083	-1.5854253060601755	0.13035948678035258	0.9177577887468329	1.315703365276479	1.0163630669556167	-0.0602687053463404	1.8159808385329683	-0.43817763330745096	0.861856919806602	-1.03231077201721	-1.099592469617142
YNL325C	YNL325C	1.0	1.1162495628247842	0.0985793290699035	-1.0085142872757453	-0.9561500701465167	1.282253620058175	0.2937293263301324	1.0877475479878447	0.9830709005201306	1.7656849859872403	-0.017226545980752624	-2.029562567408058	0.9452097933798526	0.9634098384543156	0.9133953163238573	-2.043426417566971	-0.23464135924617077	-0.07098126145644086	1.2696696198899307	-1.7191652167231977	-0.13647246670752078	-2.428330518240284	-1.3260445768473073	1.282471552399314	0.23845020319685553
YJR150C	YJR150C	1.0	0.9542126575147907	-0.9527137373788448	1.7372321568124878	-0.6958342692161663	-1.0300631818603112	0.12283424233997402	0.15689300840937148	0.5897259025458453	0.9403055204912665	-0.5973741884689624	0.8912565472954721	2.0922098095396073	0.498729723463346	-0.1682881872625077	0.6273087950590954	2.110276384858383	-1.0904509412160759	-1.0287977895209057	0.5346427186827556	1.2889837572439762	0.6991186267402463	0.8150752103369768	-0.9197342816164851	-0.14530753343961694
YPL201C	YPL201C	1.0	-1.0110507246555838	-0.09607977570436771	-0.9606210987525785	-0.9560559676130443	-0.2612774098775316	0.9364566873381938	0.9037678707256588	-1.6537453087706053	-1.298197933394187	0.12623909681980264	-0.27978184628304853	1.6562871422772414	-0.43886113096297547	-0.6385213703029321	-0.9635938342577791	0.4089352345265739	-0.8948411136529024	-0.4150611032416094	1.162858014340472	-0.019105891525590522	-1.6692305878803844	0.12903391979904963	2.1141097259362516	1.1312373029263245
YPR097W	YPR097W	1.0	-0.2432424631684173	0.5980224866096123	0.09453519628056602	-1.5736448454059637	-0.7545032380964263	1.85568852455552	1.2155997775008518	-0.66065239251808	0.13392004318485923	-0.6501137015526193	0.8945426882836691	-0.05240552366766803	0.05236160001616802	-1.382966504804815	-0.829460076056924	0.5623888475910939	-1.1227575675004857	-1.400628824268261	0.9795395454473392	-0.6563023785430374	0.7908354877738135	-1.2204038187158777	1.0209733206345026	-1.7378253176619463
YER048C	YER048C	1.0	1.5055502702622234	-0.7887629623698953	-0.20923602833929308	-1.211380689416616	-0.6286451142136529	-0.6844489659717699	-0.694615025336624	0.14164073780066408	-1.6816324528979256	-0.6785016359262954	0.06489233247707672	-1.0152793149447223	0.7126007646452446	0.35704843913635237	-1.4559570193093336	0.2870163199114327	-0.8650928735802427	0.34643107927372874	1.2852966294568637	0.45124307530542357	0.6028381588023449	0.17350834803764464	-0.16691680910808832	0.5482367159203737
YIL114C	YIL114C	1.0	1.2572081802293054	-0.22975056908944805	0.6570874672483611	0.46176088262142284	-1.0268195602377548	-1.9549801593000333	2.2529266408102715	-0.5403191971458591	0.2958981444781945	-1.5874350371412307	-1.7375199680720839	2.1839077246201484	-0.32444658537886045	-0.8074654401360477	-0.05961026056169468	0.887634568844992	0.01468032034436799	-0.4275755321453851	-1.4042006808634737	-0.3995606274566677	-0.8591070384276105	-0.6778976364380825	-1.0590077218914493	-1.7391890493264612
YBL018C	YBL018C	1.0	-1.2372885144668713	-0.21462089982598032	-0.4526232038427214	2.174974556775913	-0.044954561111258	-2.2884456451138044	0.35808350392363003	-0.09269067603298133	-1.2644282139371708	2.2862987784450617	-0.06616165778073714	0.19037698830113337	-0.707252853983929	0.8013492239119294	-1.533522091187278	-1.861406641040649	-0.08346458035417889	-0.1885091027362091	-0.4403399216192581	-0.3892443497723908	-0.8471900780176207	-0.27673909676996383	1.3109087191760713	-0.30404225570570653
YNL098C	YNL098C	1.0	-0.9589978885459771	-0.31241256747385304	-0.0028602330306642236	1.8294448701103023	1.2314219766463756	-0.542821151645848	0.37474515950159243	-0.4905278153227955	0.9870526924248344	0.9038611565420612	1.1454876149725752	0.8330965786447653	-1.0194384414200792	0.45950255316409055	0.07584414806144774	-0.46344300002829386	0.41142881746954746	-0.15463181288596198	-0.7199406955759523	-1.5837088068693503	-0.7740307926944581	0.7663120077132728	2.0033813729576733	-0.4719988339721315
YBR234C	YBR234C	1.0	0.9029833748126705	2.3095364406351013	-0.2315253865123475	-0.09156139474173347	-1.7841369976361632	-0.8985256169933986	-1.11025562765258	1.761742386648523	-0.0029820222997302692	2.9820534297892487	-0.9121499697105073	1.0124062328264187	0.9184813089816848	-0.8339533479580834	1.0225737944635656	-0.5846332665845126	-1.0141916827204436	1.1026752527533985	-0.9125704382015432	1.053805724715324	0.21474577298562803	0.2553348350136004	1.3259536129084197	0.39424602144507354
YJL166W	YJL166W	1.0	-0.1935567666059299	0.8322563925445697	0.39843102076851417	0.9736735445675754	-0.7899908995780633	0.7281779855040328	1.2199137482634295	-1.2072355035672298	1.0276896827748025	1.0778504792924546	-1.4414314088387221	0.7819894688318294	-0.8317008450363136	0.712909406146264	-0.2329782647566759	-0.3876462748646721	0.3740295795804097	-0.8785291249733578	1.0796391560567318	1.3202960173582365	3.000102299045551	2.0654257247646144	-0.6506858683493341	1.0042381010867243
YDR006C	YDR006C	1.0	1.2868279573781352	-1.3782329024390165	0.6854779268429204	-0.18908879134808892	-0.21461290558420992	1.215298851187619	1.2222216355855273	-0.7812380655160862	-1.7890491984310155	-0.33722912607971545	-1.072448335604273	1.2692712390561631	0.7400971766070477	-0.4966275745313602	-1.2918024989438313	1.6475488418569788	-0.525389935817046	-0.8077999109775612	2.1102010529819806	0.3749414758725567	0.8609635153788022	0.3451469810735021	1.0564195817474207	2.095307135161212
YCR014C	YCR014C	1.0	-0.8528931446440614	-0.5727840563627997	-1.0882083817331698	-1.0132780483235058	1.746161347101398	0.682597511517365	0.1976889349892932	-0.624271056665407	1.024645000980723	-1.5746526563415957	-0.1163301552102906	0.7202613728339786	-0.6199627643631564	-0.06019617006963138	-0.6226456934837818	-0.3251524239881907	0.0265714390550053	-0.2918658685230678	0.01668359287383264	0.7038885144005051	-0.5095376963545519	0.2692838167284311	-1.8021935855664113	0.30671804664884544
YOR291W	YOR291W	1.0	-2.125606818729049	-0.013144511657544771	0.8531809647481858	-0.08648529592255655	0.10720704207705856	-0.8605402467747079	1.2455608199715407	0.5276128030961363	-0.6155850672561941	-1.2296368227220928	1.1345299324928626	0.15213823174856003	-2.0787942830578254	0.46499392486718444	-1.5489999381436654	0.6582339192409973	0.5718718429168799	1.3028439104495693	0.3734282129677237	-1.2123111584894277	1.0911311589607817	0.4304482803629541	1.4085683288198694	-0.6134627851859469
YNL252C	YNL252C	1.0	0.3829398273719941	-0.6245790700143536	0.4963902116428832	1.4884054462723568	-1.0741874323599616	-0.5571886030070279	-0.11059259512749729	0.2794494909610963	-1.607765030264968	0.7128085827237183	0.8759246114810952	0.7063995311803064	-0.017031078175065276	0.09094262536431512	-1.1123555849561797	-0.4165442848057132	-0.10693597528865714	1.1828200160340512	-0.9009117725922792	0.8120857884907101	-1.4304051899110082	-0.7384212905364559	-1.178322523867817	-0.3228576629625753
YGL215W	YGL215W	1.0	-0.591436645087735	1.1069814015363566	-0.33919990309755466	0.08548533278515051	-1.4293361211599223	-1.3486981246052014	2.1055940362908085	1.543692396599852	-1.8858528510472434	0.3818530461262781	0.059979888394749506	-1.9492545889711206	-1.671401475796714	0.1767423777874375	-1.0187447635927445	-0.03562516462699931	0.24452997562027132	-1.3264130529348122	0.08171397405052055	-1.5114367101993367	0.25078678412443917	1.118836444893652	-0.08654675054983704	-0.8755309371765239
YER185W	YER185W	1.0	0.25149083066347083	1.3926523896004075	0.5708595599307644	0.4119873685032573	0.14696423224937857	-1.3392604195982192	1.025039484075434	-1.0869824969833193	0.44070974682036007	0.4539415756304968	-0.7805901234027479	2.1563034137677533	1.8893056203242506	-1.7710463260656426	0.23036705566752835	-1.6186466540217128	0.3533920685388402	1.0846219925477474	1.0353497082982215	-0.5358084544598621	-1.0745507692664578	1.7846470979176035	-0.0736889005944109	-0.034989550594292165
YDL209C	YDL209C	1.0	-0.6351911902359529	-0.1221853764209829	-1.217280377552629	-0.9916872332194225	-0.322381089347702	0.12242470749931857	0.9384844666151905	0.02435142793026732	-0.1569217354819279	0.4148350241616584	2.0776656779912805	2.5563680528692108	0.7021164884692764	-1.1270264969685362	0.33013662281778916	1.5643031688558704	-0.5536734175086815	0.7445687655168268	-0.8083051325869829	-0.7884259329187838	0.7963595235116115	-0.8020205302625548	-1.1599088882294661	-0.48311449945432045
YBR113W	YBR113W	1.0	0.6793055339467131	1.0472826468123493	2.5686057861676783	1.0275586296494494	0.3349717139344892	0.7169785644891538	0.17037182128892037	1.624667233008128	-0.9541946038641086	-0.3609273628402079	1.8757362529698431	1.1971436676331624	-0.909888094492008	0.04756099749504072	0.14912599213931207	-1.0296848112466068	-1.5126516002504407	1.0323305936260818	-0.21030945231547152	-0.012249840959115696	1.2061599042970785	0.6440907786048219	-1.2361092426167133	0.8721703825737988
YGL052W	YGL052W	1.0	0.48500515576412	-0.24055443922302772	0.07820947336209295	-0.2956276672565594	0.5974897502495742	-0.6012989628834047	0.41394301331292843	-0.02632098203927911	-0.4247108081104875	0.25793276471548504	0.8037734203131014	-1.0467552674558274	-0.3859433602781776	-0.5757735754338326	-0.7933800817303054	0.43688876444255687	0.12538169162955096	1.2478057893760286	-1.0889648118933797	-0.1898890020693956	0.0931499036819635	-0.25609072151730494	1.47116383603498	0.21141896211068195
YMR027W	YMR027W	1.0	0.0830246350494804	-0.14617904999006068	0.1385903584715635	-0.25177634981176966	1.2484520308079363	0.5758019350008434	0.035885321361387265	-0.5639936877796817	-0.3587743528570086	0.9568791786120767	-1.8179015694670895	1.1244386563793842	0.14926591019655738	0.7157419986267076	0.21528953650844537	0.48709886789939466	-0.26200799467857133	0.6495325344171526	0.5011034887746673	-0.17643595999266004	-0.7432966362152691	-1.3969833364082644	0.19025887577116585	2.1238796255279295
YDR398W	YDR398W	1.0	-1.733048321998339	-0.058030088903513154	0.6583703822634084	1.0185017101954974	-0.7675943117160492	1.1333734031818796	-1.3929175597570311	-0.4045585945150038	-1.238268375477233	1.0015917462649049	-1.7733569264668476	0.17505788274730305	-1.4709048371565938	0.8973334548767841	0.22757921177801638	0.35359103591169316	1.201751520922205	-1.1205976659969727	-1.0270180878263837	-0.05171255392413522	0.2855382416200266	-1.4172534350416603	-0.30592099260972744	-0.010626065124327498
YLR105C	YLR105C	1.0	0.22184018422292787	1.2268130079477588	0.12433765179762636	-0.5009542549431145	-1.918522933789509	1.2479846814839086	-0.009929674884407947	1.1733653382489455	-1.1259406310532896	-0.1926174605011417	-1.1499955455770239	-0.11392262074728633	0.05432754407946318	-0.6807133421512483	0.04892499164179857	0.1552837415622575	1.6644309142368892	0.16805655678628773	0.18359047979606977	0.20099699679359045	-0.41525382613604217	-0.9627059142130021	0.4637315503371968	-0.05974556087299784
YJL210W	YJL210W	1.0	-0.4891310689077364	-0.4190551679565363	0.13117797747669785	-0.8475237211775072	0.5105244065669002	-0.759362047916377	1.2452179943381136	1.6029173288466902	-0.05043756405031288	0.5618542178893644	-1.815574152329732	-0.6743695092469373	1.3624221959743177	-0.9277656038468409	0.2376071704695851	-1.3506545654421631	0.09109393957580109	-1.1845029114656977	0.3194049205338376	-2.424679975359036	-2.1262705668999913	-1.1654610598322062	0.8635533354705741	-1.8149842116559338
YBR111C	YBR111C	1.0	-1.928043232510183	-0.5072552847871209	0.38155773202965493	-0.5871837061192412	1.1845627353813686	1.0192682929036034	1.0549859184850643	0.4970610303121175	-0.6036298457286423	-0.4039630262258427	-0.10787342638441899	0.14249729460983276	0.6744014760385716	-0.36477264274126037	-1.2147344622573064	-1.180858642528849	0.27015226821649013	0.0853881816242214	0.8389372087422704	-0.014098572699515153	1.1925668725185257	-0.6210336638136578	0.5002142254081535	-0.03398666829471346
YDR243C	YDR243C	1.0	0.7105588352070752	-1.0176016496024678	-0.18241512988105324	0.6190231008055417	0.7728385750076309	-1.535341057521963	0.6010036956246568	1.0722045170001564	-0.8620847182029499	1.0319488716766938	1.754358833271729	0.34008842503342157	-0.4743731485792215	1.0424048183910812	-2.0201937907436163	-0.12756203834170854	0.9349260098498671	-0.7373044833003795	0.5185790198559077	-0.765141606010172	-0.4612809144547059	1.8308270742303796	-0.9339073299245585	-2.374903430969336
YMR046C	YMR046C	1.0	-0.8433850174198992	-0.27083590832650006	-1.390693373905045	1.3234345806154644	0.5678795757194385	1.7869237143533596	-1.4277158362138338	-0.6219663305142988	0.06369467103455077	-0.37736232844935097	0.28054473945308595	-1.0652428950795594	1.2255253747186274	-0.3860906018545145	0.9366885722793334	-0.45195901611607814	-1.256731045235374	0.0716608267644722	-0.9246196305323456	-0.442948558078627	1.0249777472662218	0.8755538349852607	0.592337528495793	0.17333599036427588
YDR356W	YDR356W	1.0	0.6102903880747161	0.0759876297702615	-0.48888490773255344	0.9776827929036	0.9158050220012974	1.4142470000440883	1.7919592949171015	0.14271787368319597	1.3807911867756049	2.298582651810833	-2.3481663833276083	0.5854548121609034	-0.9867278110705024	0.2236563229752601	-0.6112780074145469	0.30548581421772986	1.670895902073799	-1.9327252230168845	-1.443399855093953	0.5083233944400004	0.010633467149384337	-0.2724755459947647	-0.7801635353049924	-0.9185902812410047
YML103C	YML103C	1.0	-0.5733918848220081	0.8506202487126963	0.43691561134902074	-0.27918861008007173	0.08369180011525532	0.5834755988529181	-0.6546466083640584	0.3589243500050902	-1.0713031857542663	0.7355384290076505	-1.6437170117285715	-1.9671204428187856	-1.8619255504052483	1.9191219247686246	-0.5516037702039019	-1.1052691347491141	0.5741517642182603	0.09913492195424976	0.7593481508684876	-1.3986963377865336	-0.5721127958904613	1.0354310987498283	-0.5495005547577887	0.19749714184999098
YKL128C	YKL128C	1.0	0.37649203381980784	-0.41906974559832144	1.4583250352984385	0.23883571571870352	-0.406254762639531	0.8081092616301248	-0.3793422763829679	0.6087331252253938	-0.6530578895080421	0.30273600788153876	-0.8319201736025564	-1.1416256122788162	-1.020183702737284	0.5661934361812392	-0.11256139674770402	-1.1300890206441818	1.9435492654613786	1.945443804140948	0.987373810339253	2.0188067890569066	-0.8153644125924564	-0.09706750539079187	1.3476513773626775	0.4123340420996267
YJR030C	YJR030C	1.0	-1.6417742949268328	0.04202924398293187	0.10721676942997785	-0.9911590820504905	-0.8635485619994165	1.2231734627717685	0.2965886402124655	0.3449878742500877	-1.2624037821427214	1.4158208278489364	0.8224722182934936	0.6172733689932426	1.0297618651036058	0.502453489290349	-0.6512742276617279	-0.25873031006599284	-2.152565667294197	1.6007942924237941	1.1921219065875985	-0.4396129404166757	-0.41453480893616695	-0.9129398418196862	-1.6105643590827727	0.13143338168233867
YJL200C	YJL200C	1.0	-0.34989183189578477	-1.5814340725612803	0.06523808232749888	-0.5951432381709016	1.274364032242387	0.5267643964927897	0.9950321192118993	0.7523219054085939	-0.24977433068941196	-1.0714792061652803	0.7126332514830331	0.5394253615482117	-0.6632674109694381	0.3470880155807519	-1.972454186640394	-0.026236699537343405	1.11607590969265	-1.0921462504617203	-0.629622139174355	1.551335455068071	0.9512411535059797	-1.554560199812329	0.34410730868201583	0.5298527776590394
YCL031C	YCL031C	1.0	-0.44110172610981996	-0.7958588386234607	-0.2894081037216742	0.19690295969067917	-0.4111094128687457	-1.1565699714871889	0.8887623741902534	1.6400041961955178	0.2704575918775603	0.35159543851994435	-0.46660061744308434	-0.7915608719929874	1.5372038666781094	-2.774844542752211	-0.32193190495707436	-0.5865451524890429	0.011315140052868676	-0.4694024981483851	0.9788858318863631	0.9596107308758116	1.148023090799362	0.4784187591795585	0.22937712109780845	1.4548275479388324
YLR159W	YLR159W	1.0	0.40915665626882275	-0.47452663375027265	0.4069876064199738	-1.20891409751878	0.9328206044926907	1.2384564124409358	-0.5208587410258183	0.9919591960499828	1.3458742184175019	0.5375947154170142	0.534268856474938	0.5606810159273053	-0.3176083905107727	1.5215262254168989	-0.26375617964925735	-2.7408916507716254	-0.8158707872085081	0.07817488134619463	-0.11201334181813828	0.7205905677717279	0.0553038650625126	0.5682017523638039	-0.5381838566147961	-1.829841560233187
YFL066C	YFL066C	1.0	0.6752275880812272	0.050532650417182495	-1.2717487222880095	1.4172897549351988	-0.5496637084780718	-1.359253022415522	0.7507681870148709	-1.2049751973664362	-0.6152083532817716	-1.205795318605815	-0.8447686967263387	1.135784702716702	0.7876803014411475	0.9976022181951452	-0.9076393376577209	0.34763542081669097	0.3826016337152914	-0.4301923968284352	-0.5061979498011602	-0.7888107885966992	-0.6490919250067038	-0.4564636826735355	-1.79447637843045	0.4282653668989667
YBR023C	YBR023C	1.0	1.1368596681513305	-0.11866358950793293	0.2106752160707322	-0.2789347240225042	0.3652012108573238	-1.2499668765502898	-1.157135834643266	-0.02684656573627246	0.7324232508122777	0.3108869081192276	0.34017628024283464	-1.512688705012517	-1.321318482290958	-0.8239281893403777	2.570243154100751	-1.50592882988939	0.3275674943820309	0.0203945438280269	0.29779017253015855	1.118098366342516	-0.38715837068605385	0.48325626587475795	0.6502112310209704	-0.0383451939373283
YGL011C	YGL011C	1.0	0.36903090349444406	1.5188522854340751	-1.325419691641049	0.4565143743087565	0.8879166637366673	-0.8290747763267252	-0.42595271096785164	-0.35544133091721003	0.6889878414814344	1.9141514764192549	1.1992055748516512	0.45221324808799557	-0.2189831313688135	0.7310652372707246	-0.9556942569546959	-0.5867902287962452	-0.1226381866819925	-0.5293853121048812	0.022635944891601322	-1.0721229650322244	-0.6811429556393188	-0.7392176788512439	-0.7897117783172961	1.2109872454827075
YNL327W	YNL327W	1.0	0.12385429300528418	0.7782977149170032	0.5738117418687838	-1.0118751708037519	-0.09675729714843312	-0.364591383773793	0.8139087257440173	-1.2599146930588059	-2.363359759650648	0.7462975186812253	-0.6053439200079528	-1.423821104697188	-1.9736985949717338	0.27087908097987823	-1.5830166634780318	0.5334874038996208	0.8090375301118452	1.7693104531486747	-0.16821414628606102	0.5802968083753737	0.0783192657005934	1.2270241015859207	0.12481169589246416	-2.6452018985332937
YKR021W	YKR021W	1.0	-0.10519107451640841	-2.249136847796658	1.5277515315382912	1.6210264960347522	0.24524577798657682	-0.6115272602545051	1.7605047764437467	0.1199024752924102	1.1042817567457113	0.3044544381502152	-1.7712024895046148	0.4597195922077138	-0.19409524185191487	0.3128766868930317	-1.901581067717709	0.3873205331904263	0.6383784807102271	-1.0167538915800682	-0.425930834465839	0.7894914264823237	-0.8177176800216734	-0.47741918646085807	-1.6411173965237704	-1.059762222121417
YLR003C	YLR003C	1.0	0.23725369390865614	-0.4975038472972031	-0.24340125475133348	-0.35503554503915896	0.47982743661312294	1.2228732226211738	-0.1518854491957858	1.2540856081194298	-1.7245159796899838	-0.562763574489197	0.3624749857422984	-1.6236775268363026	-0.21528533072449701	-0.7239601979294268	0.5342648301196542	2.2929952352049665	0.25582001889920175	-1.0132202748856856	-1.3818663827950093	-0.17487956065056215	0.5002014733550442	1.3536713876618693	-1.4327766141700655	-0.47039315101379425
YEL049W	YEL049W	1.0	-1.4392429195952385	0.7572328571588595	1.231841640187534	-0.8133764467245812	-0.387791466369652	-0.13089627575411272	0.2806347448118471	-0.42488462442360825	0.5257324240382415	1.702372679297032	-0.6077136751201268	-0.473138447695089	0.40258211177572856	0.20231444584368746	-0.018441475010524466	0.31411432221305974	-1.5670426467582792	0.4172706339982158	-0.9376679220046261	0.9788808252957125	-1.8756155143285855	-0.7849670482335661	-0.8330077627683417	0.6875545678833118
YGR235C	YGR235C	1.0	-0.9562203292776489	1.4168594097060678	-0.23206854805112132	-0.26943308984810693	-0.34140065998433533	-0.17481239989386332	-0.7102276171394286	-1.3313246511463452	-1.1814074641582697	-0.875522417305296	-0.1809722571500796	1.8613204428178323	-1.9839964236198149	0.674534006870848	1.0235793169666128	0.11291660826052086	0.43248761823090587	-0.5613479868557057	-0.13864524131079956	0.33171269542891796	0.3109034771783807	0.7703709863873283	-1.3775263989031294	0.8347400604583944
YMR221C	YMR221C	1.0	1.0532993506370287	-0.05588999278063955	0.5491634685483031	-0.30062919652274794	1.7665442182059286	1.5897704217384674	0.8412540354279591	-1.447643661590229	-0.754140636627343	1.5138027363603916	-0.36071857498703985	0.723362129915831	0.5069219818173618	-1.477178963926186	-1.4324983747842701	-1.0906603229010974	0.747160238623722	0.24378518538801058	0.4115352910765515	-0.07245067503855078	-1.027120539654388	0.42958147547634157	1.4531606715557135	0.297603389515356
YER101C	YER101C	1.0	0.36628390468445043	-0.4893847843479214	-0.9168120798784154	0.6752609200123303	0.15088342855671924	0.4716933222934056	-0.1183877901694791	0.4585699981061255	0.6660560021245169	-0.6945379293553494	0.9708702809600154	0.8216259937877163	0.46161541317406235	0.8347049753262447	-0.30871740454470553	-0.24290127696935346	-0.48019567884186337	0.8173483724250925	0.4384953139786	-0.6370471223127593	0.9833558467936487	-0.6428189244479235	1.486740430710563	-0.5089698777667584
YCL017C	YCL017C	1.0	0.25837752581945395	0.10858472769673544	-1.4747818462581943	0.6420667402916629	0.04081497574360863	0.825249621303511	0.5754201893281732	0.19470321868507542	-1.0873235234074607	0.6272311820599045	-0.6150015729116906	0.9157241501044253	0.19895640917178914	0.4699293882629941	-1.0204678579876216	0.14651537711057566	1.2714649723088964	-0.8960166470116949	0.9600374611887987	0.0390417982354386	-0.7254456007856759	-1.3171068066219047	0.2717180293283954	-0.12815244233615733
YGL017W	YGL017W	1.0	0.09117204692156332	1.2043557080977796	1.0753660007304444	-1.0593371908173275	0.13510953059743155	3.032745758241635	-0.9560987429198256	-1.1136535680779425	0.20569773098345243	1.1777235974252	-1.0236664519165932	-0.7045643716866196	0.3640359667044567	0.005474870101044976	-1.2730688388408171	-0.42044057189751033	1.3106854366610785	-0.518271365061131	1.1753119744440519	0.3671667839153434	-1.330764593171123	0.3892764383075392	-1.0478487310879305	-0.24878743025978697
YIL037C	YIL037C	1.0	-0.03883365674494005	1.08634615890936	0.2280830378716494	0.13675342965163895	-0.21644976001663935	-0.6690788556165214	-0.528282461173273	-0.945048443227247	0.06572359556954599	-1.8075147382649295	-0.3937901746784999	-0.4584398549641372	0.2622252125204581	-2.1804786603306803	0.9725539754002427	0.48172880629864817	-0.5071591825673648	1.1698823281677049	-1.5376901634657951	0.6158971734710547	-0.030360961968681925	-1.4501178414777858	-2.1464777317859336	0.16898028899380693
YMR134W	YMR134W	1.0	-1.4573848034569734	0.7037354977635657	1.5601142782737885	-0.5943498322657648	2.230499596961264	-0.18134061371115534	1.1189555325936378	0.6987404677929877	-0.015293725219933052	0.15463006666290696	-1.3693129951866316	0.7317812690273955	1.2700984867743168	-1.4170487261506286	0.3075694004945789	1.7346554942832981	-0.19057488582859444	0.7214364840734446	1.122490311134963	0.8904054305980755	-0.8697581594563086	-0.002060809402376018	-0.006629288113710163	0.9127216782182729
YDR177W	YDR177W	1.0	0.7009077408922865	-0.037844821552281624	-0.35811538069743654	-0.5564439056738583	-0.4737195153338434	1.6351022053425173	-0.2558572948599307	1.4028597310844921	-2.849199983493941	-0.8816732737544347	-0.3908737992690832	-0.9498465173684361	-2.064498120206837	0.579880571630329	1.0628622957092666	1.14815324827309	1.1567499239544874	1.174299305250281	-0.754555501210486	-0.39425866456455105	0.7008651782741597	0.7531218973922501	0.8752217046054017	1.1781758875534032
YER168C	YER168C	1.0	-2.004691594531988	0.2306254403507151	-2.0373387745883873	0.13536225857774184	0.12129214520901946	0.026940544366570174	-0.3620904517847212	2.523591228664339	-0.3983178466705705	-0.025728528410441934	-1.3228734389574999	0.38988824303932423	0.06233444251527202	0.11904542452013638	0.8660250810127474	-1.891028427481465	-1.4339623200770857	-1.2871979301034957	0.39395509727731054	0.9537318151924595	0.06356386842110148	-0.5779774535817775	0.745439483928276	-0.6702933225846143
YPR051W	YPR051W	1.0	-1.2535825797050322	-0.715486504932677	1.036643319857195	0.3651493290858815	-0.26544053918255195	0.00402824702739824	0.7362825276718896	1.9510959980102032	-0.4247104856282627	-1.3130644473604465	0.05932229626401896	0.2811150300468423	0.39248133524115925	0.5469169077875651	0.6284070553856189	1.799553533588229	-0.2936782760851947	-1.2873746935172334	-1.028955411931118	0.15633602915127578	0.3427970637541037	0.24877176722432545	-1.7189502177041835	0.8919951469219515
YLR220W	YLR220W	1.0	0.32868638967684827	-0.38624719765331317	-0.752561329583426	0.6042892902802336	-0.37582661545086904	-1.029394264874341	-0.05336982684929437	-0.9387864303988203	0.4470111674870524	-1.062086628330148	1.300513326700401	0.15606876631606337	1.8318523930181176	0.13429819232745882	0.09397354790593322	-0.02763248379040956	0.12742690346604768	-0.1398354959714157	-0.7239959677966804	-1.0942928825483822	-0.9778519319903071	1.6305507483526698	0.3653924323262694	-0.10661722468357325
YDR516C	YDR516C	1.0	0.18296533620552607	0.10192662513156638	-1.0467984924996412	0.271523933492899	-0.17596256786034256	0.11236699291073736	-0.1538349568105205	-1.1505139291506883	-1.061600389535902	-1.3332229990749458	-0.4079299932328488	-0.5372982901492724	0.36415130438393206	-0.5334603076110485	0.13536471834922714	-0.8767080963251999	-0.5041438138702772	0.8562392134199058	-0.5042938676178008	0.8196134496095364	2.1330852913497953	-0.025359528332610983	-0.4283404490042038	0.44420142585666217
YPR010C	YPR010C	1.0	0.5780259931551935	-0.5865890608035377	1.199361152277081	1.5289393340185775	0.49947597450022996	-0.8425922203149917	-1.3366592915913806	-0.9810669532867444	0.11369600537640473	-0.26110174195950486	-0.6616727036405979	-0.21999924489375355	0.214304405222633	1.0652504219890033	0.26399031021114316	0.4374597338466705	0.7043774343228308	0.406029048040694	1.360258800575362	1.125540375115883	1.3041494357136285	-1.3335881835411285	-1.4307132789364516	-0.49080208227851513
YPR171W	YPR171W	1.0	1.1761323327418907	1.217458271271364	-0.7758048681768976	1.2597554670228375	0.2869879486698585	-1.7656490566201846	-0.8565122833612128	1.3984345147922441	1.598809770165953	-0.6455903958181025	-0.7259694681098108	0.9607941353926064	-0.9939002557478243	-2.0987835778116137	0.11727516650321174	-0.4479769494357969	-0.6433035703756584	1.363226483214467	-0.5299995804451073	-0.783507577775773	-1.1929724444634713	1.3184402761706497	0.4241802497292628	1.304897842399514
YOR150W	YOR150W	1.0	0.5583752082315839	-0.057781351766366056	0.6817573985839892	0.8739086050699072	-1.1377808970423642	1.0614092866867786	0.241364377319936	-0.2103402159427665	0.5866209516065553	0.7670363682869998	-0.5797063912416387	-1.1498436383356918	0.38909505625578994	-0.7856386343780153	-0.8835557849998228	0.6760152731780423	0.17411705896365487	-0.014877440596718942	-0.6682792663865785	-0.1092768888383398	-0.3226425912898614	-0.8804143948687229	-0.3298279199072016	-0.9423372020818003
YJL143W	YJL143W	1.0	0.20726960317496504	-1.2349326067999777	-1.3170996988681782	0.07850206100347963	-0.6103179612852229	-0.1768902211262778	0.3958679505066245	1.502840467325543	0.5555915032417295	0.03769316060666143	0.6673943451703568	-0.754315586391806	0.7715389535674687	-0.9251857995474166	-0.7313014800907298	0.23528401318731454	-0.051973711028382136	-0.7352186663722134	-0.11388213389486945	0.32966808757821847	-1.227273432927881	0.4415923230375819	1.6336080530775894	-0.07377317312416756
YBR164C	YBR164C	1.0	0.5199997712846739	-0.4315217402129391	0.7903091195758696	-0.3641306599170811	-0.42810086839737715	-0.3050766025232071	0.5201056527179158	0.26532058461259733	0.5770325252157021	-0.47949182981994587	0.8213184460276383	0.4647880124260355	-1.673528372207408	-1.0150802378125992	-1.267621143164658	1.692413347054129	1.7338959009248702	0.7069687649113781	-0.6791123281498598	0.05465551533883692	-0.8495688263709011	0.23379572190418973	-1.096931625550173	-1.1210627460126545
YBR286W	YBR286W	1.0	-0.5690446607382035	-1.074546573044202	0.5390751024593271	-0.4035967282048958	-1.8177771964271	0.4984115711712789	-0.809217236680152	-0.40972196675410616	0.5017647788865401	-2.232882115789405	-0.8385469936349105	-1.4693734088451997	-0.8057486291925404	2.0008123318172055	-1.1274863855492685	0.8440555484059772	-0.1945747698766239	-0.5221074012466319	0.24890672415977086	0.6442985358342102	0.013625206678544133	1.3120133423496945	-0.7215931673181148	-0.10453867138638656
YEL066W	YEL066W	1.0	-1.6331648951796653	-0.6490620993773492	0.5011590225263237	-0.7331786347225088	0.8475962842393603	0.7643884929718725	-2.106889369474052	0.9912321804558878	0.6817257774908985	-1.9743658225266199	0.6976070231176611	-0.37250406829131427	0.5155197461233917	1.8613082271696575	1.050021868333535	-1.561295387355352	-0.0909015705703266	1.8041680127307986	-2.184372913255273	0.5715155052723829	0.8723249203903025	0.17670418111282232	1.2508190285555933	-1.6910121607762878
YPL213W	YPL213W	1.0	1.3565125816589447	-0.4842319664251702	2.773278693802749	0.5254739590289998	-0.0028478773109254633	-0.002126754408691442	-1.3362748474206274	-0.09979386582155174	-1.1349112941779034	0.7222483201107196	-0.743459954335077	-0.7729561930330648	-0.5986705926192459	0.07359185380141176	-1.3427980524909955	-0.2423754793372885	-1.0158812725347832	1.3172365969486162	0.34035801487953987	0.697244632914239	0.4990263575096761	0.8598054836910436	-0.25435092115472246	0.7423323859926014
YCR087W	YCR087W	1.0	1.735865095704658	-0.09808782524429314	-0.7628923772300198	-0.2897120430809413	-0.9385248159070964	-0.19781939995673511	-0.054975215972300664	-0.09961306180663654	0.2633994413436075	0.1641519603464604	-0.2291755426316131	0.0006908818610387706	0.5196234996604615	-0.24776977872064992	1.6519946673112973	-0.27836737066852907	-0.4537480731400098	0.6041920602968335	1.6546023152703742	-0.08602232195986749	0.29946731697264334	0.9712281035330687	-0.31758942203991963	-0.960467351561168
YDL136W	YDL136W	1.0	0.5189887121396497	-0.2298085166828199	1.275401559900949	0.49697499861590844	-1.3033360392872253	-0.021109061316929745	0.8434179517292537	-0.018647162128341287	1.8555122193653433	-0.5087157824024915	1.7903736394192027	1.2409065944413822	-0.31196332600537807	-0.3525329428289278	0.8267399090786267	-0.303982133583973	-0.8794288660581295	0.7203364942885532	1.2405491143810368	-1.2599680007307497	-0.5427301621279884	-0.01729630674789518	-0.8675450425966125	-1.205313408749889
YML074C	YML074C	1.0	0.021564244950496213	0.30413098352857254	-1.0540603948244456	-1.1043596033227545	0.6276377596434162	0.20545123193312279	-0.8468522341313781	-0.3798514596466072	1.4320545041009207	0.726606949130441	-0.47932629860815157	2.4824345621506754	-1.1280412793374233	-0.2316766713206534	0.5520823262780011	-1.7536627747824385	0.6602257749076192	3.2250075615361298	-1.8936033087530022	-0.24928953782446694	-0.7253094913038267	-1.2148676238285387	0.18976865487368402	-1.219336590735514
YHR112C	YHR112C	1.0	0.29239114735570043	0.5790933122836914	-0.15487699416109832	-0.08577424387577273	-1.5722198669632006	0.06793646562642647	0.30415631458096615	-0.9692438594609458	0.9772007382494213	0.30451009622609604	-2.2658388037361132	-0.7381999258381039	0.5774172283048198	0.3019525988013615	2.6220444457781436	1.4204384347490897	2.4788382858706703	-1.53612554521539	-0.30849617027473253	-1.6021836687683233	1.795832472190605	-0.2376652487799254	1.1043442804732735	1.0079136220630176
YJL031C	YJL031C	1.0	-0.23134897895835185	0.6320097572716472	-0.11012482582190897	-0.28743072811659354	-0.30349336297299845	2.0975861412346704	-1.2756421784252032	0.7976864548758921	-0.994480312002012	0.2613405981107349	0.2738135970590326	0.47234160457940455	1.7859632967583239	-0.04294985374985357	2.1352522425324167	0.42353607283916944	-0.134188031632279	0.09669577975508592	2.887917867840283	0.14716087180435994	-0.6024129203020129	0.31317693369023736	0.9792957157718515	0.38761383184756537
YLR357W	YLR357W	1.0	-0.9139709786270904	-2.3274635206038825	-0.8410219289184937	0.7141371153108681	1.1261354476785441	-0.10869288437737579	-0.22676820057353267	-0.22093313524670266	0.7810236887585787	-0.8437932327392156	0.5035771808306644	-1.9323730293096901	1.4283733566917567	0.3459776478209946	-0.3947597001781597	0.8654537287322106	0.5079463024309234	2.915875264176674	0.1755619582641143	0.5191228061816247	-2.1642152434277597	-1.27499700703641	-0.9862761387484281	1.199791405024627
YNL195C	YNL195C	1.0	-0.21206723619422072	-0.6275487282190472	1.7633962794148443	-0.7571812537683383	0.58579934091572	-0.8391174862252031	-0.6459450518875753	0.017230839283919507	-0.12324367293872449	-0.1502160352038514	0.7708401524168484	-0.871899541574782	-0.4829514308317929	0.1691109798279079	1.0802412884715764	0.447083159320867	1.3100904817077266	1.1195587931335664	-0.3924414860172977	0.30375421281124904	-0.20937723364193245	0.43968698248359817	-1.0680427027137096	-0.28958056343615113
YDR522C	YDR522C	1.0	-0.6848092860403662	2.0410256066713934	-0.7062093452207507	-0.6568379469302633	0.34620985218752326	0.5497267702032334	0.2773482584006599	-1.0466078360275517	1.077364298833706	-0.6913146485391932	0.4226655918758904	0.5584609511164588	1.5081801915051851	0.44301027921982433	1.2242828727659925	-0.5482126222663551	-0.769251232089146	0.25136216194727024	0.7766554043512643	-0.5043597406461983	-0.6581135374961689	-0.7430346766439484	-0.7876363374057707	0.2314978046505452
YKL010C	YKL010C	1.0	0.6088118353472907	-0.2820116972695161	1.620213569096816	1.3558060965026852	1.4538734587363709	1.0305962435339584	-0.47137303937411773	1.9892440598619419	0.19027822597355423	-0.12123061112510658	-0.9124432961111958	-0.07428134559249691	-0.44066923149790294	-0.6557456535555296	-2.0569727310059713	1.906527666603257	0.5793508277616379	0.5221936462485864	-0.2174639542003329	-0.9999655996295327	1.7375387828139	-2.414342611025411	-0.9551827306770934	-0.5513880775595222
YPR153W	YPR153W	1.0	0.732838941184209	-2.2808680283411533	-0.6998642893334727	0.010575640669864444	0.29523475419204454	-1.2446855085844073	1.100455036187818	0.19103594533210055	2.8782606793665035	1.0785527472915075	1.866650313265744	-0.1444483335208654	-0.4033225416723208	-0.11192295681200198	0.13124839503807173	-0.8091274387865924	-0.5584585241781127	0.3326020251732781	-0.05923516089061586	1.5071837980390348	-0.8695365983523051	-0.17291883740106018	-1.4502178671291612	-0.5208307766172188
YGL179C	YGL179C	1.0	-0.6694700956705638	-1.1645337170631505	-0.22891036535999595	-1.0232029280764776	-1.6923484113345357	-0.4298521864019089	0.964957001685839	1.4902071410762106	-1.9047037687651196	-0.24706990399076828	-0.3133157583113624	1.2523167168431417	0.09289635260877072	-0.2674441695614851	0.9590261128729178	-0.9153166223924847	1.8066396118132364	0.445215807867089	0.178033865473043	0.40379129651022744	0.6024914139502788	-0.6482135177371885	1.2901958230872606	-0.8484623072009875
YGR293C	YGR293C	1.0	1.0880423394019052	-0.7300490322016031	-0.9234238964585947	-0.5580076537358493	1.4698181296097512	-0.939876650811204	-1.2150035025233958	-0.5898149021011136	1.5774925010659064	-0.18161249206770524	0.5716659766841087	0.9231293436442464	0.6118473288530544	-1.59903736209539	1.5306382661987208	1.9395589046990551	0.032317374458711565	0.920789061765493	0.4391510181617483	-0.23768259108617648	-1.7544632233522583	-0.2553699882632219	-0.42385002569529395	1.132576518353523
YER152C	YER152C	1.0	-0.5399756118604728	0.44718658669445416	0.4708958423678438	0.5549962291086995	0.5919174150477157	0.3655674971261955	-0.025460822739515485	0.5394596953475352	1.3548160257113024	0.3057741947002816	-0.3447497392885161	2.179506831350772	-1.6693763590264428	-0.298893896354329	-0.41898448420985945	0.3506837139893675	0.04326877409583073	0.21865909674489778	-0.43395140832197526	0.41484742884549713	0.11798243996659155	-0.6164111495524526	-0.3160812740491574	0.5918254820822115
YDL123W	YDL123W	1.0	0.3667291993395929	-1.3812732872947986	-1.1886346331825597	-0.9423287032382502	1.0268512342263394	1.8211344522854411	-0.8825046593549053	0.34519909567300655	-0.16552991258673477	0.9466917503141591	-0.9522357296060253	0.4327452904241167	-0.3473347172461864	-0.26988291514845536	-0.8303759747620506	-0.786824195125104	-0.2971694551219788	-0.012602340345918402	-0.7599307184016112	0.10407263132478804	-1.0445366168638468	-0.216257062356258	-0.8352541472039926	0.3581196460243248
YGR086C	YGR086C	1.0	-0.6929196872663212	-0.4699223653876185	1.4022558774405303	0.7330799600450556	-0.20496260389733129	-0.572173215985173	3.3503027260704528	-2.1991323318246083	1.2018014141842863	0.4255695447420027	-0.8966937993689265	-0.3545890454571087	0.9260630745173868	-0.5646071189258574	-0.2607730211831019	0.18316403021157793	2.0816352592761422	-0.5375399711422758	0.7302776214339578	1.5855665915438915	-0.554001809069414	0.018629025929236962	-1.7177012603011783	-1.6633323887536327
YOL123W	YOL123W	1.0	1.762278915226864	-1.8051728984456779	0.7120643471397733	0.1551825608298577	0.3412075987294875	0.2391505115910848	-0.5549101609377395	-0.3223044463256439	0.09869001003945146	-1.1124865022068446	-1.3839668266235658	-0.7834265808807658	0.5623285290447698	0.5185169780182809	1.8955903883471412	0.9165656782864009	-0.11975426238158746	0.14167435035027037	-0.0741631384269343	1.3108595370353096	-1.4332962260929163	-1.1428327461164978	0.6782989232670711	0.6682408799260281
YML017W	YML017W	1.0	0.5588462584506082	-0.24211698555098016	0.35155449154585444	-0.3493237360101415	-0.14401649553481113	-1.6090347848692015	-0.0318356890247738	-1.0332758142454643	-2.4061748949764548	0.8494525386791479	-1.6599734222782234	-1.099310366127228	1.2717163181128117	-0.27187940964838214	1.1173362239386369	-0.7799694273256426	0.40248130997183457	0.061848521365728035	0.15521955332147888	0.692077472489646	0.49454932423894604	-0.41309335142177833	-0.4370575018476344	0.37645499767921803
YLR068W	YLR068W	1.0	0.5753810178782908	1.0835046743126289	0.35353832797672247	0.577800757021797	-0.8596013927165471	0.4764002647371562	0.27094232593763073	-0.8209352878569242	-1.040362434828179	0.07577856374913851	-1.1280163624092476	-0.7310547230328698	-1.4685599843155834	1.2660971727542873	1.3156705830775928	-0.5879540025129987	-2.252781996949445	0.2345032488195539	-1.0543041914315459	0.5245889931362363	0.902416611506964	0.29538564813584606	-0.4516082390102787	1.0323859742206327
YML112W	YML112W	1.0	-0.18134478277830157	0.017503182201135996	1.4079578419030938	-0.2571660774729105	-0.5110652479609096	0.4025738889022896	1.1959034491948557	1.1523257345836073	1.0541586672641792	-2.2593277726290912	1.5852496463996055	-0.6819811044371485	-0.13413536337444384	0.48030876184342836	-0.1010843774243592	1.5032171429552115	-1.5514144135800287	0.10068709829598511	0.4313256319515001	0.6515420487414243	0.7172067385039257	0.03147100622979774	-0.38797356818479933	-0.8995782995990934
YER055C	YER055C	1.0	0.40438620661169433	0.41663639671712266	0.652179205066067	2.4828522050624087	1.7002361750671395	2.078173422981235	-1.5035059189836046	0.5436650159383654	-1.3008151901751779	-0.1935414301611955	-1.1034850067485358	-0.8310131213518435	-0.17695806340968134	-1.5073974433986232	-0.7075699596476794	-0.6653811057309282	2.5171055452961646	1.483243620561966	-1.8934892430589363	2.240195020010116	0.9887543349737044	0.31800741678936906	1.4726895636426638	0.6012114849142363
YHR113W	YHR113W	1.0	-0.4143704569780366	-0.6018511937672253	-0.4445305592711614	-0.6680081395016568	0.01838997257608584	0.580280045560312	0.8259573447590567	0.07200650097939051	1.3313829971751476	-0.3878988978245422	-1.0621236638659133	-0.8582699087799331	-0.6096501679399715	1.467386425969643	0.43938174927824614	-0.08913495447664169	0.9967465401488117	0.2262425075307692	1.6759916910831376	0.5343938018063622	-1.2345093092205772	-0.6718481573060263	1.5138528858248852	-1.296173244399683
YMR030W	YMR030W	1.0	0.4468662242704164	0.5296669443688051	-0.13767321967082918	-1.112310985585129	1.0388489589530359	0.801056790172645	-0.47614674551089964	0.5057056507184885	1.110267035410608	-1.5016414117756283	-0.4443532997442227	-0.8853247704048487	-0.10284325720729873	-1.5447594495464483	0.7063626004168787	-1.2330438780926123	0.08389993424897395	-0.2491492071342964	0.28419579628563874	-1.4508965949843322	0.9916818387158755	0.3524135346787394	2.245149947079719	-0.11013770670716826
YLR204W	YLR204W	1.0	-0.11725785486455109	-0.048166212950430116	-0.1980455718616701	-1.620904348831603	0.7816613450412733	-0.21589619434426893	1.2744965335723797	-0.14766805626030705	-0.12271468455588719	-1.6722454588703912	-0.9462494240320244	2.0431022159290277	0.2740008143216243	2.238537006131692	-0.4155419800518984	-0.8923335108602467	2.861984892167915	-1.0698476307263234	-0.12746225727202787	1.8782394459212297	-1.160729916896574	-0.4028007377133027	-0.9986176293638871	-1.6169304021363196
YNL257C	YNL257C	1.0	0.05240377983654339	-1.3784472383637036	2.6282317986700083	0.7887528790043145	-0.25332476588070063	-1.113354868333924	0.01374994931530015	-0.6555116324630305	0.6971682138793829	-1.4985413563372205	-0.35937158733202795	2.9527657505555656	-1.4147906768933078	-0.28825978444227107	0.5806849157208038	1.8613855235233125	0.0017327529095157548	-0.762740603605922	-1.3918426846810321	-1.193328512593901	-0.5049419221617166	-0.07782954879063109	-0.028414888187331934	-1.1500592204209668
YMR093W	YMR093W	1.0	1.0432010950275956	-0.28818766878339463	-0.05219543872817694	1.0618673316811216	0.8093849511499419	0.746244449377386	-1.6799336541342664	-1.6313267346031632	1.0804787858905809	-1.5999692740598404	1.3718036766472972	-0.15647221255038854	-1.4755339966699865	1.3689465625395316	-1.9186996517599377	0.8359062890924143	-0.2903977348626981	-0.02800559145390769	0.3146697795891672	0.24755018206540874	-2.4737150903622545	0.10607543475618328	0.1723581003216197	-0.3457333126135068
YGL199C	YGL199C	1.0	1.2847456155592158	-0.3588585274968744	1.2477764110275058	-0.8261784175042293	0.7408945783260261	-0.42929202180175824	0.023013900353340114	-0.9649944455000049	-0.9697234977450385	0.23007229031747004	-1.2567709755592313	-0.6316863670098064	-0.6379683472957677	0.15649565989919734	-0.49743793323235785	0.7404352694518236	0.9367191192783229	-0.16390782543003107	-0.8922914867480345	0.3965861517333494	1.4049590529191576	0.7672712250528926	0.8570612309698865	-0.9287916386924541
YDL006W	YDL006W	1.0	-0.22981258256680898	-0.7820678236862706	0.8163558644751634	1.922623396336061	1.3396345885077408	-0.6488127854294916	1.5405097146369688	1.248906544664355	-2.1004892387914182	0.7420969952563367	1.5351193903587952	-0.11304133663763599	-0.38659721113500106	0.2292153098837877	-0.7567661394793899	1.9511059365274068	1.3327577011515106	0.35783488397548757	0.5295047928619955	0.3342615033193864	1.3970933234146052	2.5890848532095583	-1.0585770321930341	1.4114336666891834
YML061C	YML061C	1.0	0.9830451651508192	0.5578038754895238	-1.4715494597893606	-1.100741471331837	2.280654520269262	-0.010553471899688083	-2.041977031349248	0.37740932711784403	1.3980060471111893	2.3865209390457762	0.6790315897113467	1.4811817548457011	1.0953854677572643	1.4952252110130877	0.2908570565006342	0.11630057976367392	2.1605208653545174	-0.033412687469173086	-0.9072052183247243	1.646576698500759	-0.33728446697140596	0.2078835774057311	0.14497671904508241	1.5698765284707399
YDR150W	YDR150W	1.0	0.09195572718918965	1.3626796342819478	0.590362714221737	1.5498788768353084	0.25806269494629297	1.3206381027357226	0.8318632486186675	0.15939869588630318	1.9378026651256262	0.8952582100650346	0.7380601197492895	1.9226886862943027	2.0854660588609493	0.23525352333380184	-0.11856961816984607	2.4123170141412307	-0.45116552984243324	1.8497055958283326	-0.20449330032015062	1.4079742903612755	0.14592167912526555	0.28645581085699473	2.2098222238367065	0.6836166467138598
YLL013C	YLL013C	1.0	0.2831318988428108	0.21028261171021084	-1.8679492499152852	0.4671153504739127	0.49174854456592665	0.33684794190770095	-0.6155848178404735	0.629502441564969	1.3916784512133669	1.6965807079348254	0.6518289879388508	-0.5087493780324857	0.5995417094493511	1.9518880944088037	0.2678053958473	2.5288459220849355	-0.8318004491896074	1.5593584611083116	1.6927057169071975	-0.14730787417302876	0.7756071457587466	0.5689691813248292	-0.28272070349836925	0.9328983084336706
YHR120W	YHR120W	1.0	0.3357707915773882	0.7270079171384883	0.674326175847028	0.8507720058468311	-0.8551420375048542	0.8231276589390625	2.0987516466258618	0.5195524364013383	2.0722809092631524	0.9465096503222932	0.0953566703245487	-0.6578959902274699	-0.4419023087894532	1.7250672634237707	1.837975148890533	-0.7034408306658579	-0.26487993675907046	1.2632101362829562	-0.8317556627236005	0.32375566927392135	0.4287875857817044	0.5699947708175959	-0.7031994647763198	1.6103228262635796
YGR101W	YGR101W	1.0	1.1494749638141455	0.5148203054355474	-1.042261700312598	0.3582595606544223	0.6130096948402576	-0.6361842135290745	0.0535250261614863	0.7401960900488388	0.5037395829173998	0.7800521250998198	0.0425576227074686	2.100329254083757	0.14311027608778681	0.3031443544796113	0.5672621232345627	0.21881695311358684	0.531474266258898	-1.0182408939242131	-0.4260251641601582	-0.2890029873071503	1.642056303192994	0.43467676591342674	1.2048443384268126	0.11027985105845506
YML104C	YML104C	1.0	1.599644589604171	0.9253233455485361	0.43201783436363894	-0.49280062327959623	-1.6287768253229786	1.0303223494810385	0.425406574516381	-0.20494025966746304	0.4433854041265117	-0.25398555805988093	0.9477644224083163	-0.3906925105672107	-0.2877960007202964	1.3555055412782864	1.539117123184491	0.10287786877698907	1.2664566993795574	2.0275023738841647	-0.2550622916180512	1.0757545375561144	1.2429928987984973	0.7057006014825077	1.6858744844997526	0.7391036041730998
YJL063C	YJL063C	1.0	-1.199568425931714	0.9257748161022268	1.368717890589611	0.4141744835931521	0.157393420847168	1.4722472770799453	0.21733123843562968	-0.7735523126415083	-0.5455372331108808	-1.4153305792055553	-0.45772218858385366	0.40067545340861077	1.3940531009758184	1.2244708515628042	1.1295549150458133	2.8636164279037244	0.8261825353406507	0.7523759529102085	0.08167938029134175	-1.4555861882306222	0.5655667534055808	0.5202872555867615	0.051344037585206614	0.3807674364909547
YIL065C	YIL065C	1.0	0.6432434304086025	0.010343498815623464	0.6724523003163859	-0.21738354767719476	-0.16701584959053323	-0.5112148779044392	0.23641787658230928	0.5997725125461673	0.00369704407090804	0.9553498452816227	-0.7394796779158312	0.8632520184775835	1.2358115926795357	0.6049383345563664	0.8157163991092511	-0.941992502139454	0.3986901074313709	0.4097957804653261	0.3862521602409729	-0.5377752723464022	0.9615704698821602	1.2534155751288976	1.376532458269476	0.34794652116040437
YPL098C	YPL098C	1.0	-0.2656853735028563	1.7782472741967708	0.8584147269640713	1.7411776596584148	0.5044625300461643	-0.9211294488769317	1.3259645134180524	1.6987003813603505	0.13140546497720856	1.7160651446019333	1.344128744235426	1.496854205072904	0.18860720364366468	-0.25408845545354425	1.1130607029994115	-0.10942925216790916	-0.6204641409765443	2.6978509369329577	-1.5723784826440332	1.8674666036954128	1.2282724345199043	-0.646475730121544	1.818758079788941	0.9379913189377747
