Gene A,Gene B,Label,Score,Precision,Recall,False Positive Rate
YHR085W,YNL252C,0,-2.111926,0.0,0.0,9.999999747378752e-05
YDL153C,YBR215W,1,-2.1217437,0.5,0.0010000000474974513,9.999999747378752e-05
YKL160W,YDR303C,1,-2.1240282,0.6666666865348816,0.0020000000949949026,9.999999747378752e-05
YDR079C-A,YDR004W,0,-2.165565,0.5,0.0020000000949949026,0.00019999999494757503
YKL127W,YDR192C,0,-2.1802394,0.4000000059604645,0.0020000000949949026,0.0003000000142492354
YKL005C,YGR081C,0,-2.1843853,0.3333333432674408,0.0020000000949949026,0.00039999998989515007
YMR180C,YLR107W,0,-2.1848726,0.2857142984867096,0.0020000000949949026,0.0005000000237487257
YAL055W,YNL308C,0,-2.2028604,0.25,0.0020000000949949026,0.0006000000284984708
YDR079C-A,YDR515W,0,-2.2144547,0.2222222238779068,0.0020000000949949026,0.000699999975040555
YOL113W,YPR094W,0,-2.2202444,0.20000000298023224,0.0020000000949949026,0.0007999999797903001
YPL188W,YKL005C,0,-2.244556,0.1818181872367859,0.0020000000949949026,0.0008999999845400453
YHR085W,YKL145W,0,-2.272922,0.1666666716337204,0.0020000000949949026,0.0010000000474974513
YEL003W,YCR037C,0,-2.2746882,0.1538461595773697,0.0020000000949949026,0.0010999999940395355
YFL049W,YIL131C,1,-2.2800207,0.2142857164144516,0.003000000026077032,0.0010999999940395355
YDR439W,YDR121W,1,-2.2880468,0.2666666805744171,0.004000000189989805,0.0010999999940395355
YPL038W,YLR238W,0,-2.2940693,0.25,0.004000000189989805,0.0012000000569969416
YHR081W,YDR460W,0,-2.2965508,0.23529411852359772,0.004000000189989805,0.0013000000035390258
YDL133C-A,YGR013W,0,-2.302382,0.2222222238779068,0.004000000189989805,0.00139999995008111
YLR288C,YBR095C,1,-2.3121085,0.2631579041481018,0.004999999888241291,0.00139999995008111
YLL015W,YGL136C,0,-2.3131485,0.25,0.004999999888241291,0.001500000013038516
YNL262W,YDR439W,1,-2.3201475,0.2857142984867096,0.006000000052154064,0.001500000013038516
YDL153C,YOR304W,1,-2.321014,0.3181818127632141,0.007000000216066837,0.001500000013038516
YKL011C,YKL205W,0,-2.3222265,0.30434781312942505,0.007000000216066837,0.0015999999595806003
YHR169W,YMR207C,0,-2.32909,0.2916666567325592,0.007000000216066837,0.0017000000225380063
YBR274W,YOL144W,0,-2.3296428,0.2800000011920929,0.007000000216066837,0.0017999999690800905
YBR213W,YDL003W,0,-2.3296962,0.26923078298568726,0.007000000216066837,0.0019000000320374966
YKL160W,YDL153C,1,-2.3333435,0.29629629850387573,0.00800000037997961,0.0019000000320374966
YFL049W,YPR034W,1,-2.333397,0.3214285671710968,0.008999999612569809,0.0019000000320374966
YBR095C,YLR015W,1,-2.3381195,0.3448275923728943,0.009999999776482582,0.0019000000320374966
YGR255C,YER028C,0,-2.3382516,0.3333333432674408,0.009999999776482582,0.0020000000949949026
YPL248C,YEL030W,0,-2.34789,0.32258063554763794,0.009999999776482582,0.002099999925121665
YBR261C,YER190W,0,-2.349835,0.3125,0.009999999776482582,0.002199999988079071
YDL066W,YER052C,0,-2.3520837,0.3030303120613098,0.009999999776482582,0.002300000051036477
YER133W,YLR015W,1,-2.3576517,0.3235294222831726,0.010999999940395355,0.002300000051036477
YKR063C,YDR479C,0,-2.3590145,0.3142857253551483,0.010999999940395355,0.002400000113993883
YDR235W,YLR330W,0,-2.3632221,0.3055555522441864,0.010999999940395355,0.0024999999441206455
YML109W,YDR439W,1,-2.3693843,0.3243243098258972,0.012000000104308128,0.0024999999441206455
YKR063C,YPR082C,0,-2.3778734,0.31578946113586426,0.012000000104308128,0.0026000000070780516
YLR135W,YLR275W,0,-2.3832946,0.3076923191547394,0.012000000104308128,0.0027000000700354576
YGR271W,YHR077C,0,-2.3949356,0.30000001192092896,0.012000000104308128,0.00279999990016222
YDR312W,YCR081W,0,-2.395105,0.2926829159259796,0.012000000104308128,0.002899999963119626
YDL147W,YDR460W,0,-2.3998418,0.2857142984867096,0.012000000104308128,0.003000000026077032
YFR040W,YHR146W,0,-2.400147,0.27906978130340576,0.012000000104308128,0.003100000089034438
YDL153C,YOR038C,1,-2.4009871,0.2954545319080353,0.013000000268220901,0.003100000089034438
YLR418C,YOR123C,1,-2.4032435,0.31111112236976624,0.014000000432133675,0.003100000089034438
YML005W,YIL095W,0,-2.406067,0.30434781312942505,0.014000000432133675,0.0031999999191612005
YOR304W,YER030W,1,-2.408535,0.3191489279270172,0.014999999664723873,0.0031999999191612005
YEL036C,YML005W,0,-2.409965,0.3125,0.014999999664723873,0.0032999999821186066
YDL213C,YNL126W,0,-2.4104037,0.30612245202064514,0.014999999664723873,0.0034000000450760126
YGL094C,YER087C-B,0,-2.411222,0.30000001192092896,0.014999999664723873,0.0035000001080334187
YLR238W,YHR191C,0,-2.41365,0.29411765933036804,0.014999999664723873,0.003599999938160181
YJR042W,YPL069C,0,-2.4240537,0.2884615361690521,0.014999999664723873,0.003700000001117587
YKL006C-A,YNL126W,0,-2.427681,0.2830188572406769,0.014999999664723873,0.003800000064074993
YOR030W,YGL206C,0,-2.4295344,0.2777777910232544,0.014999999664723873,0.0038999998942017555
YIL132C,YKR001C,0,-2.4338436,0.27272728085517883,0.014999999664723873,0.004000000189989805
YOR304W,YER169W,1,-2.4352884,0.2857142984867096,0.01600000075995922,0.004000000189989805
YHR119W,YJL115W,1,-2.4356809,0.2982456088066101,0.017000000923871994,0.004000000189989805
YHR036W,YGL023C,0,-2.440847,0.2931034564971924,0.017000000923871994,0.004100000020116568
YML115C,YEL032W,0,-2.440971,0.2881355881690979,0.017000000923871994,0.00419999985024333
YBR017C,YLR166C,0,-2.443571,0.28333333134651184,0.017000000923871994,0.00430000014603138
YKL160W,YFL049W,1,-2.443874,0.2950819730758667,0.017999999225139618,0.00430000014603138
YIL132C,YOL007C,0,-2.4440198,0.29032257199287415,0.017999999225139618,0.004399999976158142
YPR060C,YPR055W,0,-2.4441395,0.2857142984867096,0.017999999225139618,0.0044999998062849045
YER030W,YDR439W,1,-2.4447894,0.296875,0.01899999938905239,0.0044999998062849045
YDR279W,YOR030W,0,-2.4499674,0.29230770468711853,0.01899999938905239,0.004600000102072954
YGR145W,YNL197C,0,-2.4555693,0.28787878155708313,0.01899999938905239,0.004699999932199717
YGL095C,YDR460W,0,-2.459342,0.28358209133148193,0.01899999938905239,0.004800000227987766
YMR168C,YER007C-A,0,-2.4646392,0.27941176295280457,0.01899999938905239,0.004900000058114529
YLR288C,YDR121W,1,-2.473024,0.28985506296157837,0.019999999552965164,0.004900000058114529
YHR169W,YPL269W,0,-2.476171,0.2857142984867096,0.019999999552965164,0.004999999888241291
YOR064C,YKR019C,1,-2.477892,0.2957746386528015,0.020999999716877937,0.004999999888241291
YER030W,YBR215W,1,-2.479476,0.3055555522441864,0.02199999988079071,0.004999999888241291
YGL206C,YGL249W,0,-2.4815931,0.30136987566947937,0.02199999988079071,0.005100000184029341
YNL038W,YJL035C,0,-2.4859552,0.29729729890823364,0.02199999988079071,0.005200000014156103
YHR119W,YBL006C,1,-2.487422,0.30666667222976685,0.023000000044703484,0.005200000014156103
YKR090W,YJL035C,0,-2.4883718,0.30263158679008484,0.023000000044703484,0.0052999998442828655
YLR449W,YER161C,1,-2.4893627,0.31168830394744873,0.024000000208616257,0.0052999998442828655
YNL271C,YLR107W,0,-2.4926987,0.3076923191547394,0.024000000208616257,0.005400000140070915
YJR042W,YML114C,0,-2.493291,0.3037974536418915,0.024000000208616257,0.005499999970197678
YDR227W,YML065W,1,-2.4965048,0.3125,0.02500000037252903,0.005499999970197678
YPR049C,YKR063C,0,-2.4968581,0.3086419701576233,0.02500000037252903,0.00559999980032444
YDR393W,YOR061W,0,-2.497521,0.3048780560493469,0.02500000037252903,0.00570000009611249
YMR127C,YER161C,1,-2.4995093,0.3132530152797699,0.026000000536441803,0.00570000009611249
YLR288C,YLR015W,1,-2.5003762,0.3214285671710968,0.027000000700354576,0.00570000009611249
YDR184C,YEL003W,0,-2.5011868,0.3176470696926117,0.027000000700354576,0.005799999926239252
YBL084C,YKR030W,0,-2.5032763,0.3139534890651703,0.027000000700354576,0.005900000222027302
YDL147W,YNL075W,0,-2.5045576,0.3103448152542114,0.027000000700354576,0.006000000052154064
YEL039C,YLR040C,0,-2.5058928,0.3068181872367859,0.027000000700354576,0.006099999882280827
YPR070W,YJR042W,0,-2.512136,0.30337077379226685,0.027000000700354576,0.006200000178068876
YJR112W,YLR035C,0,-2.5122757,0.30000001192092896,0.027000000700354576,0.006300000008195639
YKL006C-A,YHR060W,0,-2.5142255,0.2967033088207245,0.027000000700354576,0.006399999838322401
YER155C,YLR107W,0,-2.5150676,0.29347825050354004,0.027000000700354576,0.006500000134110451
YBL084C,YMR322C,0,-2.515068,0.29032257199287415,0.027000000700354576,0.006599999964237213
YDR469W,YLL002W,1,-2.5172086,0.2978723347187042,0.02800000086426735,0.006599999964237213
YDR325W,YJL035C,0,-2.5190244,0.2947368323802948,0.02800000086426735,0.0066999997943639755
YBR088C,YBL006C,1,-2.5278015,0.3020833432674408,0.028999999165534973,0.0066999997943639755
YJL065C,YIL131C,1,-2.5312552,0.30927833914756775,0.029999999329447746,0.0066999997943639755
YBR289W,YDR439W,1,-2.5329285,0.3163265287876129,0.03099999949336052,0.0066999997943639755
YFR004W,YDR179C,0,-2.5397935,0.31313130259513855,0.03099999949336052,0.006800000090152025
YML065W,YER161C,1,-2.5403805,0.3199999928474426,0.03200000151991844,0.006800000090152025
YBR015C,YMR073C,0,-2.5408878,0.31683167815208435,0.03200000151991844,0.006899999920278788
YGL232W,YBR002C,0,-2.541132,0.3137255012989044,0.03200000151991844,0.007000000216066837
YPL157W,YBR065C,0,-2.5414715,0.3106796145439148,0.03200000151991844,0.0071000000461936
YER030W,YDR303C,1,-2.541522,0.3173076808452606,0.032999999821186066,0.0071000000461936
YHR146W,YNL308C,0,-2.5421715,0.3142857253551483,0.032999999821186066,0.007199999876320362
YER157W,YLR107W,0,-2.5427794,0.3113207519054413,0.032999999821186066,0.007300000172108412
YAR014C,YDR013W,0,-2.5430522,0.30841121077537537,0.032999999821186066,0.007400000002235174
YOL034W,YMR145C,0,-2.546455,0.3055555522441864,0.032999999821186066,0.007499999832361937
YCR010C,YML037C,0,-2.5465827,0.302752286195755,0.032999999821186066,0.007600000128149986
YLR135W,YER167W,0,-2.5480704,0.30000001192092896,0.032999999821186066,0.007699999958276749
YFR040W,YLR427W,0,-2.5488796,0.29729729890823364,0.032999999821186066,0.007799999788403511
YDR227W,YBL006C,1,-2.5508156,0.3035714328289032,0.03400000184774399,0.007799999788403511
YMR047C,YGR166W,0,-2.5525503,0.3008849620819092,0.03400000184774399,0.007899999618530273
YDL087C,YOR147W,0,-2.5531173,0.2982456088066101,0.03400000184774399,0.00800000037997961
YJR042W,YMR036C,0,-2.5534406,0.2956521809101105,0.03400000184774399,0.008100000210106373
YMR021C,YEL016C,0,-2.5549884,0.2931034564971924,0.03400000184774399,0.008200000040233135
YMR304W,YER045C,0,-2.55695,0.2905983030796051,0.03400000184774399,0.008299999870359898
YKL001C,YGL129C,0,-2.5578003,0.2881355881690979,0.03400000184774399,0.00839999970048666
YDL133C-A,YNL258C,0,-2.5581522,0.2857142984867096,0.03400000184774399,0.008500000461935997
YER171W,YGR057C,0,-2.56077,0.28333333134651184,0.03400000184774399,0.00860000029206276
YGR122W,YHR060W,0,-2.5634007,0.28099173307418823,0.03400000184774399,0.008700000122189522
YKL096W-A,YKL190W,0,-2.5636501,0.2786885201931,0.03400000184774399,0.008799999952316284
YGR220C,YDL077C,0,-2.564097,0.27642276883125305,0.03400000184774399,0.008899999782443047
YNL290W,YMR207C,0,-2.5651336,0.27419355511665344,0.03400000184774399,0.008999999612569809
YGR072W,YGR271W,0,-2.5679898,0.2720000147819519,0.03400000184774399,0.009100000374019146
YPL242C,YIL016W,0,-2.5681295,0.2698412835597992,0.03400000184774399,0.009200000204145908
YDL077C,YJR052W,0,-2.5691133,0.26771652698516846,0.03400000184774399,0.00930000003427267
YBR213W,YNL039W,0,-2.5698895,0.265625,0.03400000184774399,0.009399999864399433
YAL041W,YKL154W,0,-2.5712924,0.26356589794158936,0.03400000184774399,0.009499999694526196
YDR121W,YPL001W,1,-2.5724602,0.26923078298568726,0.03500000014901161,0.009499999694526196
YKL089W,YOR298W,0,-2.5730453,0.2671755850315094,0.03500000014901161,0.009600000455975533
YDR279W,YHR146W,0,-2.574253,0.2651515007019043,0.03500000014901161,0.009700000286102295
YHR085W,YBR129C,0,-2.5767894,0.2631579041481018,0.03500000014901161,0.009800000116229057
YPR094W,YGL053W,0,-2.5768929,0.26119402050971985,0.03500000014901161,0.00989999994635582
YFL049W,YDR439W,1,-2.5783963,0.2666666805744171,0.035999998450279236,0.00989999994635582
YCR017C,YLR431C,0,-2.581048,0.2647058963775635,0.035999998450279236,0.009999999776482582
YBR055C,YML103C,0,-2.581112,0.262773722410202,0.035999998450279236,0.010099999606609344
YNL334C,YKL222C,0,-2.5829349,0.260869562625885,0.035999998450279236,0.010200000368058681
YCR026C,YGL092W,0,-2.5877547,0.2589927911758423,0.035999998450279236,0.010300000198185444
YNL223W,YGL144C,0,-2.5878587,0.2571428716182709,0.035999998450279236,0.010400000028312206
YGR179C,YKL027W,0,-2.5885224,0.25531914830207825,0.035999998450279236,0.010499999858438969
YPR070W,YDR496C,0,-2.5886917,0.2535211145877838,0.035999998450279236,0.010599999688565731
YDR235W,YIL149C,0,-2.5895329,0.251748263835907,0.035999998450279236,0.010700000450015068
YKL145W,YDR218C,0,-2.5906777,0.25,0.035999998450279236,0.01080000028014183
YHR036W,YMR207C,0,-2.5907435,0.24827586114406586,0.035999998450279236,0.010900000110268593
YOR315W,YKR063C,0,-2.591577,0.24657534062862396,0.035999998450279236,0.010999999940395355
YMR192W,YCR092C,0,-2.5917974,0.2448979616165161,0.035999998450279236,0.011099999770522118
YDR079C-A,YDR479C,0,-2.5925665,0.2432432472705841,0.035999998450279236,0.01119999960064888
YKL171W,YGR272C,0,-2.5932689,0.24161073565483093,0.035999998450279236,0.011300000362098217
YMR190C,YNL282W,0,-2.5942411,0.23999999463558197,0.035999998450279236,0.01140000019222498
YHR149C,YLR467W,0,-2.5949917,0.2384105920791626,0.035999998450279236,0.011500000022351742
YDL067C,YDR473C,0,-2.5953164,0.2368421107530594,0.035999998450279236,0.011599999852478504
YLR032W,YJL111W,0,-2.5962853,0.23529411852359772,0.035999998450279236,0.011699999682605267
YDL013W,YGL075C,0,-2.5975013,0.23376622796058655,0.035999998450279236,0.011800000444054604
YLR004C,YDR473C,0,-2.6008673,0.23225806653499603,0.035999998450279236,0.011900000274181366
YKR076W,YLR275W,0,-2.6029654,0.23076923191547394,0.035999998450279236,0.012000000104308128
YBR284W,YNL231C,0,-2.6037807,0.2292993664741516,0.035999998450279236,0.01209999993443489
YPL124W,YKR024C,0,-2.603929,0.2278480976819992,0.035999998450279236,0.012199999764561653
YGL013C,YGL010W,0,-2.6052604,0.22641509771347046,0.035999998450279236,0.012299999594688416
YML065W,YMR127C,1,-2.6059146,0.23125000298023224,0.03700000047683716,0.012299999594688416
YIL080W,YPL242C,0,-2.607839,0.22981366515159607,0.03700000047683716,0.012400000356137753
YDR026C,YKL214C,0,-2.6083865,0.22839505970478058,0.03700000047683716,0.012500000186264515
YDL116W,YGR106C,0,-2.6096373,0.2269938588142395,0.03700000047683716,0.012600000016391277
YFR040W,YBR022W,0,-2.6099916,0.22560974955558777,0.03700000047683716,0.01269999984651804
YKR101W,YOR064C,1,-2.6100965,0.23030303418636322,0.03799999877810478,0.01269999984651804
YMR233W,YDL122W,0,-2.6107464,0.22891566157341003,0.03799999877810478,0.012799999676644802
YLR105C,YBR182C,0,-2.6118731,0.227544903755188,0.03799999877810478,0.012900000438094139
YKL074C,YNL004W,0,-2.6125798,0.2261904776096344,0.03799999877810478,0.013000000268220901
YBR289W,YJL115W,1,-2.614303,0.23076923191547394,0.039000000804662704,0.013000000268220901
YHR077C,YEL016C,0,-2.616055,0.2294117659330368,0.039000000804662704,0.013100000098347664
YER030W,YDR121W,1,-2.617372,0.23391813039779663,0.03999999910593033,0.013100000098347664
YMR131C,YBR274W,0,-2.6192503,0.23255814611911774,0.03999999910593033,0.013199999928474426
YKL089W,YDR040C,0,-2.6193953,0.23121386766433716,0.03999999910593033,0.013299999758601189
YKL149C,YKL004W,0,-2.6204715,0.2298850566148758,0.03999999910593033,0.013399999588727951
YLR310C,YHR081W,0,-2.621255,0.22857142984867096,0.03999999910593033,0.013500000350177288
YER030W,YIL131C,1,-2.6212788,0.23295454680919647,0.04100000113248825,0.013500000350177288
YDL087C,YLR107W,0,-2.6221228,0.23163841664791107,0.04100000113248825,0.01360000018030405
YGR179C,YHL047C,0,-2.6221914,0.23033708333969116,0.04100000113248825,0.013700000010430813
YCL031C,YDR013W,0,-2.6224751,0.22905027866363525,0.04100000113248825,0.013799999840557575
YGR047C,YDR280W,0,-2.6228075,0.22777777910232544,0.04100000113248825,0.013899999670684338
YDL067C,YOL011W,0,-2.623795,0.22651933133602142,0.04100000113248825,0.014000000432133675
YPL038W,YHR191C,0,-2.6238809,0.2252747267484665,0.04100000113248825,0.014100000262260437
YJL115W,YPL001W,1,-2.624332,0.2295081913471222,0.041999999433755875,0.014100000262260437
YJR134C,YLR239C,0,-2.624856,0.22826087474822998,0.041999999433755875,0.0142000000923872
YJL219W,YER014C-A,0,-2.6274085,0.227027028799057,0.041999999433755875,0.014299999922513962
YGR252W,YJL065C,1,-2.6308208,0.23118279874324799,0.0430000014603138,0.014299999922513962
YHR119W,YIL131C,1,-2.6311564,0.23529411852359772,0.04399999976158142,0.014299999922513962
YDL116W,YIL085C,0,-2.6315408,0.23404255509376526,0.04399999976158142,0.014399999752640724
YDR227W,YDR310C,1,-2.6322207,0.2380952388048172,0.04500000178813934,0.014399999752640724
YGL241W,YGL019W,0,-2.6338234,0.2368421107530594,0.04500000178813934,0.014499999582767487
YPL157W,YPR082C,0,-2.6356688,0.23560209572315216,0.04500000178813934,0.014600000344216824
YIL082W-A,YCR097W,0,-2.636035,0.234375,0.04500000178813934,0.014700000174343586
YML065W,YFL013C,1,-2.636054,0.23834197223186493,0.04600000008940697,0.014700000174343586
YOR038C,YDR121W,1,-2.6366262,0.24226804077625275,0.04699999839067459,0.014700000174343586
YMR077C,YHR036W,0,-2.6371636,0.2410256415605545,0.04699999839067459,0.014800000004470348
YBR215W,YMR127C,1,-2.6374335,0.2448979616165161,0.04800000041723251,0.014800000004470348
YLR310C,YPL269W,0,-2.6399298,0.24365481734275818,0.04800000041723251,0.01489999983459711
YLR004C,YJL047C,0,-2.641582,0.24242424964904785,0.04800000041723251,0.014999999664723873
YLR182W,YDR279W,0,-2.6416082,0.24120603501796722,0.04800000041723251,0.01510000042617321
YDR346C,YNL272C,0,-2.6416454,0.23999999463558197,0.04800000041723251,0.015200000256299973
YBR213W,YHR079C-A,0,-2.6419325,0.23880596458911896,0.04800000041723251,0.015300000086426735
YBR289W,YOL017W,1,-2.6426826,0.24257425963878632,0.04899999871850014,0.015300000086426735
YNL246W,YOR123C,1,-2.642816,0.2463054209947586,0.05000000074505806,0.015300000086426735
YLR275W,YBR165W,0,-2.6443844,0.2450980395078659,0.05000000074505806,0.015399999916553497
YJR093C,YIL046W,0,-2.644835,0.24390244483947754,0.05000000074505806,0.01549999974668026
YFR004W,YER149C,0,-2.6449566,0.24271844327449799,0.05000000074505806,0.015599999576807022
YNL258C,YCR087C-A,0,-2.6460142,0.2415459007024765,0.05000000074505806,0.015699999406933784
YOR038C,YBL006C,1,-2.6466022,0.24519230425357819,0.050999999046325684,0.015699999406933784
YLL015W,YOR219C,0,-2.6473904,0.24401913583278656,0.050999999046325684,0.015799999237060547
YER030W,YLL002W,1,-2.648005,0.24761904776096344,0.052000001072883606,0.015799999237060547
YJL069C,YJL056C,0,-2.6482482,0.24644549190998077,0.052000001072883606,0.01590000092983246
YHR164C,YLR368W,0,-2.648522,0.24528302252292633,0.052000001072883606,0.01600000075995922
YDL153C,YKR019C,1,-2.6487622,0.2488262951374054,0.05299999937415123,0.01600000075995922
YNL271C,YER190W,0,-2.6488128,0.24766355752944946,0.05299999937415123,0.016100000590085983
YDR079C-A,YER014C-A,0,-2.6510305,0.24651162326335907,0.05299999937415123,0.016200000420212746
YPL038W,YHR146W,0,-2.6521292,0.24537037312984467,0.05299999937415123,0.016300000250339508
YDR017C,YKR063C,0,-2.6527658,0.24423962831497192,0.05299999937415123,0.01640000008046627
YGL010W,YJR001W,0,-2.6531458,0.2431192696094513,0.05299999937415123,0.016499999910593033
YDL153C,YNL262W,1,-2.6543117,0.24657534062862396,0.05400000140070915,0.016499999910593033
YOR026W,YOR257W,0,-2.654984,0.2454545497894287,0.05400000140070915,0.016599999740719795
YKL149C,YLR425W,0,-2.6558294,0.24434389173984528,0.05400000140070915,0.016699999570846558
YPL031C,YLR391W-A,0,-2.6560707,0.2432432472705841,0.05400000140070915,0.01679999940097332
YNL069C,YDL093W,0,-2.6582646,0.24215246737003326,0.05400000140070915,0.016899999231100082
YMR180C,YDR473C,0,-2.6585903,0.2410714328289032,0.05400000140070915,0.017000000923871994
YOL091W,YPL147W,0,-2.6589446,0.23999999463558197,0.05400000140070915,0.017100000753998756
YIL004C,YDL116W,0,-2.659223,0.23893804848194122,0.05400000140070915,0.01720000058412552
YOR044W,YKL001C,0,-2.659648,0.2378854602575302,0.05400000140070915,0.01730000041425228
YHL020C,YDR460W,0,-2.6619358,0.2368421107530594,0.05400000140070915,0.017400000244379044
YCR037C,YHR060W,0,-2.6628914,0.235807865858078,0.05400000140070915,0.017500000074505806
YCL045C,YOR076C,0,-2.6633196,0.2347826063632965,0.05400000140070915,0.01759999990463257
YPR134W,YOR221C,0,-2.6645155,0.23376622796058655,0.05400000140070915,0.01769999973475933
YHR164C,YOR358W,0,-2.6661901,0.23275862634181976,0.05400000140070915,0.017799999564886093
YKR083C,YIL063C,0,-2.6663933,0.23175965249538422,0.05400000140070915,0.017899999395012856
YNL078W,YDR040C,0,-2.667397,0.23076923191547394,0.05400000140070915,0.017999999225139618
YDL031W,YHR060W,0,-2.6678905,0.22978723049163818,0.05400000140070915,0.01810000091791153
YIR009W,YOR256C,0,-2.6683502,0.2288135588169098,0.05400000140070915,0.018200000748038292
YBL028C,YDR490C,0,-2.6698556,0.2278480976819992,0.05400000140070915,0.018300000578165054
YGL153W,YOR110W,0,-2.6706548,0.22689075767993927,0.05400000140070915,0.018400000408291817
YMR306W,YKR096W,0,-2.6729875,0.22594141960144043,0.05400000140070915,0.01850000023841858
YOL058W,YLR121C,0,-2.6734924,0.22499999403953552,0.05400000140070915,0.01860000006854534
YDL093W,YOL144W,0,-2.6741633,0.22406639158725739,0.05400000140070915,0.018699999898672104
YKR020W,YOR148C,0,-2.6744685,0.22314049303531647,0.05400000140070915,0.018799999728798866
YER086W,YBR213W,0,-2.6754475,0.2222222238779068,0.05400000140070915,0.01889999955892563
YBL018C,YPL125W,0,-2.6761913,0.22131147980690002,0.05400000140070915,0.01899999938905239
YEL032W,YER087C-B,0,-2.676384,0.22040815651416779,0.05400000140070915,0.019099999219179153
YNL261W,YNL262W,1,-2.6767635,0.22357723116874695,0.054999999701976776,0.019099999219179153
YML077W,YJR141W,0,-2.6772566,0.22267206013202667,0.054999999701976776,0.019200000911951065
YKL154W,YNL126W,0,-2.6782613,0.22177419066429138,0.054999999701976776,0.019300000742077827
YCR087C-A,YLR126C,0,-2.6787648,0.2208835333585739,0.054999999701976776,0.01940000057220459
YCR011C,YOL103W,0,-2.6792216,0.2199999988079071,0.054999999701976776,0.019500000402331352
YPL038W,YNL039W,0,-2.6794639,0.21912351250648499,0.054999999701976776,0.019600000232458115
YOR250C,YPL069C,0,-2.6795363,0.2182539701461792,0.054999999701976776,0.019700000062584877
YCR037C,YLR151C,0,-2.6796746,0.21739129722118378,0.054999999701976776,0.01979999989271164
YDL045W-A,YDR146C,0,-2.681357,0.21653543412685394,0.054999999701976776,0.019899999722838402
YDR346C,YEL016C,0,-2.6822772,0.21568627655506134,0.054999999701976776,0.019999999552965164
YKL154W,YLR275W,0,-2.6823611,0.21484375,0.054999999701976776,0.020099999383091927
YHR148W,YJL112W,0,-2.6829996,0.21400777995586395,0.054999999701976776,0.02019999921321869
YPL242C,YCR092C,0,-2.6832733,0.21317829191684723,0.054999999701976776,0.0203000009059906
YOR219C,YKL008C,0,-2.6833758,0.21235521137714386,0.054999999701976776,0.020400000736117363
YGL136C,YDR179C,0,-2.6846519,0.21153846383094788,0.054999999701976776,0.020500000566244125
YPR055W,YER118C,0,-2.6848717,0.2107279747724533,0.054999999701976776,0.020600000396370888
YKL127W,YGL238W,0,-2.685536,0.2099236696958542,0.054999999701976776,0.02070000022649765
YLL002W,YOR123C,1,-2.6859412,0.21292775869369507,0.0560000017285347,0.02070000022649765
YOR287C,YGR007W,0,-2.6880612,0.21212121844291687,0.0560000017285347,0.020800000056624413
YOR393W,YBR201W,0,-2.6885014,0.21132075786590576,0.0560000017285347,0.020899999886751175
YNL272C,YBR065C,0,-2.6893387,0.21052631735801697,0.0560000017285347,0.020999999716877937
YBR201W,YOR257W,0,-2.689609,0.20973782241344452,0.0560000017285347,0.0210999995470047
YKR096W,YJL047C,0,-2.6903143,0.20895522832870483,0.0560000017285347,0.021199999377131462
YKR020W,YDR141C,0,-2.6905656,0.20817844569683075,0.0560000017285347,0.021299999207258224
YOR256C,YGL067W,0,-2.6908011,0.2074074000120163,0.0560000017285347,0.021400000900030136
YDR346C,YEL018W,0,-2.6913128,0.2066420614719391,0.0560000017285347,0.0215000007301569
YPR111W,YLR239C,0,-2.692442,0.20588235557079315,0.0560000017285347,0.02160000056028366
YDL045W-A,YOL069W,0,-2.6932168,0.20512820780277252,0.0560000017285347,0.021700000390410423
YKR094C,YFL002W-A,0,-2.6933951,0.20437955856323242,0.0560000017285347,0.021800000220537186
YEL036C,YBL074C,0,-2.69656,0.20363636314868927,0.0560000017285347,0.021900000050663948
YGL013C,YOR319W,0,-2.696918,0.2028985470533371,0.0560000017285347,0.02199999988079071
YGL027C,YNL074C,0,-2.697445,0.20216606557369232,0.0560000017285347,0.022099999710917473
YJL021C,YPL265W,0,-2.6980095,0.20143884420394897,0.0560000017285347,0.022199999541044235
YOR038C,YJL065C,1,-2.6991477,0.20430107414722443,0.05700000002980232,0.022199999541044235
YMR145C,YER176W,0,-2.7002249,0.20357142388820648,0.05700000002980232,0.022299999371170998
YOL017W,YDL236W,1,-2.700274,0.20640569925308228,0.057999998331069946,0.022299999371170998
YLR079W,YNL231C,0,-2.7008123,0.20567375421524048,0.057999998331069946,0.02239999920129776
YPR134W,YGL203C,0,-2.7012978,0.20494699478149414,0.057999998331069946,0.02250000089406967
YOR298W,YIL096C,0,-2.701322,0.2042253464460373,0.057999998331069946,0.022600000724196434
YKL149C,YML093W,0,-2.7023087,0.20350876450538635,0.057999998331069946,0.022700000554323196
YDL216C,YER138C,0,-2.7026606,0.20279720425605774,0.057999998331069946,0.02280000038444996
YHR172W,YLL003W,0,-2.7030044,0.20209059119224548,0.057999998331069946,0.02290000021457672
YML129C,YPL089C,0,-2.7038288,0.2013888955116272,0.057999998331069946,0.023000000044703484
YPR094W,YBR176W,0,-2.7040057,0.2006920427083969,0.057999998331069946,0.023099999874830246
YMR047C,YKL070W,0,-2.7046218,0.20000000298023224,0.057999998331069946,0.02319999970495701
YOL011W,YOL045W,0,-2.7048106,0.1993127167224884,0.057999998331069946,0.02329999953508377
YLR373C,YML001W,0,-2.7050805,0.19863013923168182,0.057999998331069946,0.023399999365210533
YOR110W,YDL077C,0,-2.7051497,0.19795222580432892,0.057999998331069946,0.023499999195337296
YOR261C,YBR165W,0,-2.7054372,0.1972789168357849,0.057999998331069946,0.023600000888109207
YGL048C,YDR218C,0,-2.705616,0.19661016762256622,0.057999998331069946,0.02370000071823597
YKL145W,YOR110W,0,-2.7059278,0.19594594836235046,0.057999998331069946,0.023800000548362732
YLR418C,YDR469W,1,-2.7063875,0.1986531913280487,0.05900000035762787,0.023800000548362732
YBR201W,YPR104C,0,-2.7064319,0.19798657298088074,0.05900000035762787,0.023900000378489494
YER087C-A,YGR179C,0,-2.706829,0.19732441008090973,0.05900000035762787,0.024000000208616257
YJL146W,YOR338W,0,-2.7080426,0.1966666728258133,0.05900000035762787,0.02410000003874302
YGL095C,YDR421W,0,-2.708444,0.19601328670978546,0.05900000035762787,0.02419999986886978
YHR172W,YML113W,0,-2.7085867,0.19536423683166504,0.05900000035762787,0.024299999698996544
YMR168C,YDL213C,0,-2.7089677,0.19471947848796844,0.05900000035762787,0.024399999529123306
YLR193C,YHL027W,0,-2.7090797,0.1940789520740509,0.05900000035762787,0.02449999935925007
YOR038C,YFL013C,1,-2.7092175,0.19672131538391113,0.05999999865889549,0.02449999935925007
YPR145W,YER138C,0,-2.7112079,0.19607843458652496,0.05999999865889549,0.02459999918937683
YGR272C,YDL110C,0,-2.7112088,0.19543974101543427,0.05999999865889549,0.024700000882148743
YGR255C,YMR122W-A,0,-2.7113643,0.19480518996715546,0.05999999865889549,0.024800000712275505
YLR381W,YLR105C,0,-2.712378,0.19417475163936615,0.05999999865889549,0.024900000542402267
YLR226W,YIR009W,0,-2.713294,0.19354838132858276,0.05999999865889549,0.02500000037252903
YER169W,YBR215W,1,-2.7145948,0.19614148139953613,0.061000000685453415,0.02500000037252903
YGL212W,YGL131C,0,-2.7148209,0.1955128163099289,0.061000000685453415,0.025100000202655792
YJR134C,YDR496C,0,-2.7153568,0.194888174533844,0.061000000685453415,0.025200000032782555
YFL034C-B,YOL069W,0,-2.715581,0.19426751136779785,0.061000000685453415,0.025299999862909317
YBR143C,YGR179C,0,-2.715783,0.19365079700946808,0.061000000685453415,0.02539999969303608
YBR274W,YPL037C,0,-2.716663,0.1930379718542099,0.061000000685453415,0.025499999523162842
YML114C,YGR158C,0,-2.7168565,0.19242902100086212,0.061000000685453415,0.025599999353289604
YDL093W,YDR497C,0,-2.7171612,0.19182389974594116,0.061000000685453415,0.025699999183416367
YBR289W,YBR215W,1,-2.7171645,0.19435736536979675,0.06199999898672104,0.025699999183416367
YNL163C,YIL149C,0,-2.7172375,0.19374999403953552,0.06199999898672104,0.025800000876188278
YBR055C,YDR323C,0,-2.7173,0.19314642250537872,0.06199999898672104,0.02590000070631504
YDL013W,YDR141C,0,-2.7177372,0.19254659116268158,0.06199999898672104,0.026000000536441803
YEL003W,YLR191W,0,-2.7191935,0.1919504702091217,0.06199999898672104,0.026100000366568565
YKR007W,YIL046W,0,-2.719211,0.1913580298423767,0.06199999898672104,0.026200000196695328
YKL143W,YMR207C,0,-2.7205176,0.190769225358963,0.06199999898672104,0.02630000002682209
YPR070W,YBR166C,0,-2.720755,0.19018404185771942,0.06199999898672104,0.026399999856948853
YDR272W,YBR022W,0,-2.7207608,0.18960244953632355,0.06199999898672104,0.026499999687075615
YPR176C,YMR114C,0,-2.7214446,0.18902438879013062,0.06199999898672104,0.026599999517202377
YBR070C,YKR024C,0,-2.7214484,0.18844984471797943,0.06199999898672104,0.02669999934732914
YDR081C,YKL082C,0,-2.7218065,0.1878787875175476,0.06199999898672104,0.026799999177455902
YGL241W,YER118C,0,-2.7220583,0.18731117248535156,0.06199999898672104,0.026900000870227814
YDR412W,YIR008C,0,-2.722114,0.1867469847202301,0.06199999898672104,0.027000000700354576
YDR081C,YEL032W,0,-2.7223845,0.18618617951869965,0.06199999898672104,0.02710000053048134
YDL216C,YBL016W,0,-2.7227278,0.185628741979599,0.06199999898672104,0.0272000003606081
YER190W,YDR082W,0,-2.7232518,0.18507462739944458,0.06199999898672104,0.027300000190734863
YBL084C,YOR257W,0,-2.72337,0.184523805975914,0.06199999898672104,0.027400000020861626
YGR145W,YDR146C,0,-2.7242131,0.18397626280784607,0.06199999898672104,0.027499999850988388
YIL120W,YKR089C,0,-2.724393,0.1834319531917572,0.06199999898672104,0.02759999968111515
YNL271C,YCR087C-A,0,-2.7246857,0.1828908622264862,0.06199999898672104,0.027699999511241913
YIL082W-A,YBL058W,0,-2.7248702,0.1823529452085495,0.06199999898672104,0.027799999341368675
YPL097W,YOR285W,0,-2.725432,0.1818181872367859,0.06199999898672104,0.027899999171495438
YGR255C,YKL008C,0,-2.725472,0.1812865436077118,0.06199999898672104,0.02800000086426735
YPR200C,YJR141W,0,-2.7259192,0.1807580143213272,0.06199999898672104,0.02810000069439411
YJL146W,YPR104C,0,-2.7267137,0.18023255467414856,0.06199999898672104,0.028200000524520874
YLR079W,YLR126C,0,-2.7269883,0.17971014976501465,0.06199999898672104,0.028300000354647636
YNL078W,YNL197C,0,-2.7271872,0.1791907548904419,0.06199999898672104,0.0284000001847744
YCR087C-A,YDR522C,0,-2.7275848,0.1786743551492691,0.06199999898672104,0.02850000001490116
YNL197C,YHR191C,0,-2.728436,0.1781609207391739,0.06199999898672104,0.028599999845027924
YEL021W,YKL134C,0,-2.728736,0.17765043675899506,0.06199999898672104,0.028699999675154686
YDR469W,YOL090W,1,-2.7287827,0.18000000715255737,0.06300000101327896,0.028699999675154686
YDR179C,YNL329C,0,-2.7289562,0.1794871836900711,0.06300000101327896,0.02879999950528145
YDL039C,YLR039C,0,-2.7292995,0.17897726595401764,0.06300000101327896,0.02889999933540821
YPL106C,YJL053W,0,-2.730712,0.17847025394439697,0.06300000101327896,0.028999999165534973
YHR169W,YER129W,0,-2.730886,0.17796610295772552,0.06300000101327896,0.029100000858306885
YGL010W,YGR166W,0,-2.7312908,0.1774647831916809,0.06300000101327896,0.029200000688433647
YGR013W,YJL029C,0,-2.7326965,0.17696629464626312,0.06300000101327896,0.02930000051856041
YLR418C,YIL131C,1,-2.733685,0.17927171289920807,0.06400000303983688,0.02930000051856041
YKL001C,YLR103C,0,-2.7337956,0.17877094447612762,0.06400000303983688,0.029400000348687172
YGL038C,YOL052C,0,-2.7339249,0.17827297747135162,0.06400000303983688,0.029500000178813934
YKR067W,YJR137C,0,-2.7341323,0.17777778208255768,0.06400000303983688,0.029600000008940697
YGR013W,YHL031C,0,-2.734345,0.1772853136062622,0.06400000303983688,0.02969999983906746
YJR022W,YLR126C,0,-2.734962,0.1767955869436264,0.06400000303983688,0.02979999966919422
YFL011W-A,YOR084W,0,-2.735228,0.1763085424900055,0.06400000303983688,0.029899999499320984
YNL317W,YCR087C-A,0,-2.7353683,0.17582418024539948,0.06400000303983688,0.029999999329447746
YDR253C,YKL075C,0,-2.7373753,0.17534247040748596,0.06400000303983688,0.03009999915957451
YDR411C,YKL222C,0,-2.7381506,0.17486338317394257,0.06400000303983688,0.03020000085234642
YDR393W,YKR096W,0,-2.7386165,0.1743869185447693,0.06400000303983688,0.030300000682473183
YGL013C,YEL018W,0,-2.738665,0.17391304671764374,0.06400000303983688,0.030400000512599945
YDR227W,YNL261W,1,-2.738955,0.17615176737308502,0.06499999761581421,0.030400000512599945
YOR266W,YOL121C,0,-2.7393775,0.1756756752729416,0.06499999761581421,0.030500000342726707
YKL011C,YDR099W,0,-2.739709,0.1752021610736847,0.06499999761581421,0.03060000017285347
YJR092W,YLR457C,0,-2.7403698,0.17473118007183075,0.06499999761581421,0.030700000002980232
YOR304W,YIL131C,1,-2.7408872,0.17694370448589325,0.06599999964237213,0.030700000002980232
YIL017W,YJR137C,0,-2.7413497,0.1764705926179886,0.06599999964237213,0.030799999833106995
YCR038C,YBL016W,0,-2.7413645,0.17599999904632568,0.06599999964237213,0.030899999663233757
YEL036C,YJL111W,0,-2.7418122,0.17553190886974335,0.06599999964237213,0.03099999949336052
YJL047C,YDR522C,0,-2.7423158,0.17506630718708038,0.06599999964237213,0.031099999323487282
YKL001C,YKL116C,0,-2.7424693,0.1746031790971756,0.06599999964237213,0.031199999153614044
YGL142C,YOL007C,0,-2.7427182,0.1741424798965454,0.06599999964237213,0.031300000846385956
YFL018W-A,YNL163C,0,-2.7428522,0.17368420958518982,0.06599999964237213,0.03139999881386757
YGR121C,YDR218C,0,-2.7433658,0.17322835326194763,0.06599999964237213,0.03150000050663948
YNR059W,YDR056C,0,-2.7436051,0.17277486622333527,0.06599999964237213,0.031599998474121094
YOR285W,YNR058W,0,-2.7441626,0.17232376337051392,0.06599999964237213,0.031700000166893005
YJR042W,YCR026C,0,-2.7442856,0.171875,0.06599999964237213,0.03180000185966492
YMR233W,YER190W,0,-2.744728,0.17142857611179352,0.06599999964237213,0.03189999982714653
YGR252W,YDR121W,1,-2.7455359,0.17357513308525085,0.06700000166893005,0.03189999982714653
YMR050C,YER052C,0,-2.7460885,0.17312660813331604,0.06700000166893005,0.03200000151991844
YML074C,YML005W,0,-2.746931,0.17268040776252747,0.06700000166893005,0.032099999487400055
YLR228C,YJR141W,0,-2.747181,0.17223650217056274,0.06700000166893005,0.03220000118017197
YML109W,YMR127C,1,-2.7474656,0.17435897886753082,0.06800000369548798,0.03220000118017197
YPR034W,YOR064C,1,-2.747665,0.1764705926179886,0.0689999982714653,0.03220000118017197
YKL054C,YKR099C-A,0,-2.748516,0.17602041363716125,0.0689999982714653,0.03229999914765358
YDR081C,YHL035C,0,-2.748877,0.17557251453399658,0.0689999982714653,0.03240000084042549
YDR277C,YDR179C,0,-2.7490911,0.17512691020965576,0.0689999982714653,0.032499998807907104
YJR134C,YGL247W,0,-2.7492619,0.17468354105949402,0.0689999982714653,0.032600000500679016
YER045C,YKL158W,0,-2.749865,0.17424242198467255,0.0689999982714653,0.03269999846816063
YJL124C,YER157W,0,-2.7503576,0.17380352318286896,0.0689999982714653,0.03280000016093254
YER075C,YNL151C,0,-2.7506022,0.17336682975292206,0.0689999982714653,0.03290000185370445
YOL062C,YBR284W,0,-2.7508326,0.17293232679367065,0.0689999982714653,0.032999999821186066
YOR319W,YLR191W,0,-2.7518516,0.17249999940395355,0.0689999982714653,0.03310000151395798
YML065W,YPR034W,1,-2.7520576,0.17456358671188354,0.07000000029802322,0.03310000151395798
YJL140W,YDR512C,0,-2.7522774,0.17412935197353363,0.07000000029802322,0.03319999948143959
YIL046W,YKR087C,0,-2.752707,0.17369727790355682,0.07000000029802322,0.0333000011742115
YNL261W,YLR442C,1,-2.752736,0.17574258148670197,0.07100000232458115,0.0333000011742115
YDL087C,YPL188W,0,-2.7527823,0.17530864477157593,0.07100000232458115,0.033399999141693115
YGL170C,YKL006C-A,0,-2.7530603,0.1748768538236618,0.07100000232458115,0.03350000083446503
YGL158W,YOL052C-A,0,-2.7530894,0.1744471788406372,0.07100000232458115,0.03359999880194664
YDR325W,YOL069W,0,-2.7535148,0.17401960492134094,0.07100000232458115,0.03370000049471855
YJR048W,YNL115C,0,-2.7540412,0.173594132065773,0.07100000232458115,0.033799998462200165
YOL004W,YMR075W,1,-2.7545128,0.17560975253582,0.07199999690055847,0.033799998462200165
YNL059C,YIL131C,1,-2.75493,0.17761556804180145,0.0729999989271164,0.033799998462200165
YJR161C,YOR298W,0,-2.7549639,0.17718446254730225,0.0729999989271164,0.033900000154972076
YFL013C,YDR303C,1,-2.7550244,0.17917676270008087,0.07400000095367432,0.033900000154972076
YLR079W,YOR110W,0,-2.7554526,0.17874395847320557,0.07400000095367432,0.03400000184774399
YJL124C,YGL241W,0,-2.7559834,0.1783132553100586,0.07400000095367432,0.0340999998152256
YCR052W,YER161C,1,-2.7567086,0.18028846383094788,0.07500000298023224,0.0340999998152256
YDR227W,YHR119W,1,-2.7570143,0.18225419521331787,0.07599999755620956,0.0340999998152256
YDL067C,YDR460W,0,-2.7583332,0.1818181872367859,0.07599999755620956,0.03420000150799751
YDL216C,YNL267W,0,-2.7584548,0.18138425052165985,0.07599999755620956,0.034299999475479126
YKL063C,YGL100W,0,-2.7586045,0.18095238506793976,0.07599999755620956,0.03440000116825104
YKL001C,YIL067C,0,-2.7591758,0.18052256107330322,0.07599999755620956,0.03449999913573265
YDR306C,YDR325W,0,-2.7596216,0.18009479343891144,0.07599999755620956,0.03460000082850456
YGR072W,YIL075C,0,-2.7597113,0.17966903746128082,0.07599999755620956,0.034699998795986176
YLR398C,YDL087C,0,-2.7602482,0.17924527823925018,0.07599999755620956,0.03480000048875809
YGL241W,YIL149C,0,-2.7626767,0.1788235306739807,0.07599999755620956,0.0348999984562397
YDR450W,YMR153W,0,-2.7627864,0.17840375006198883,0.07599999755620956,0.03500000014901161
YPR190C,YLL067C,0,-2.763926,0.17798595130443573,0.07599999755620956,0.035100001841783524
YDL031W,YMR073C,0,-2.76435,0.17757008969783783,0.07599999755620956,0.03519999980926514
YER030W,YMR127C,1,-2.764442,0.1794871836900711,0.07699999958276749,0.03519999980926514
YLR398C,YOR338W,0,-2.7648826,0.17906977236270905,0.07699999958276749,0.03530000150203705
YBR015C,YDL066W,0,-2.7650008,0.17865429818630219,0.07699999958276749,0.03539999946951866
YBR274W,YDR500C,0,-2.7650723,0.17824074625968933,0.07699999958276749,0.03550000116229057
YDR310C,YIL131C,1,-2.7658215,0.18013857305049896,0.07800000160932541,0.03550000116229057
YDL020C,YGR072W,0,-2.7665687,0.17972350120544434,0.07800000160932541,0.035599999129772186
YPR104C,YNL213C,0,-2.7666783,0.17931035161018372,0.07800000160932541,0.0357000008225441
YLR103C,YGR166W,0,-2.7670379,0.17889907956123352,0.07800000160932541,0.03579999879002571
YPR096C,YHL016C,0,-2.7683253,0.17848969995975494,0.07800000160932541,0.03590000048279762
YPR096C,YJL190C,0,-2.7685323,0.1780821979045868,0.07800000160932541,0.035999998450279236
YHR085W,YHR079C-A,0,-2.7685804,0.17767654359340668,0.07800000160932541,0.03610000014305115
YER190W,YKL145W,0,-2.7686224,0.1772727221250534,0.07800000160932541,0.03620000183582306
YOR110W,YMR050C,0,-2.7688503,0.17687074840068817,0.07800000160932541,0.03629999980330467
YOR231W,YDR004W,0,-2.768888,0.1764705926179886,0.07800000160932541,0.036400001496076584
YHR085W,YCR092C,0,-2.7690878,0.17607223987579346,0.07800000160932541,0.0364999994635582
YOR064C,YNL088W,1,-2.7693248,0.1779279261827469,0.07900000363588333,0.0364999994635582
YFL002W-A,YJR025C,0,-2.77064,0.17752808332443237,0.07900000363588333,0.03660000115633011
YBR215W,YLR449W,1,-2.77098,0.17937219142913818,0.07999999821186066,0.03660000115633011
YML033W,YNR059W,0,-2.772768,0.17897091805934906,0.07999999821186066,0.03669999912381172
YBR166C,YDL213C,0,-2.7732496,0.1785714328289032,0.07999999821186066,0.03680000081658363
YLR107W,YIR009W,0,-2.7735753,0.1781737208366394,0.07999999821186066,0.03689999878406525
YDL020C,YDL216C,0,-2.773643,0.17777778208255768,0.07999999821186066,0.03700000047683716
YJL059W,YHR214C-C,0,-2.7737489,0.17738358676433563,0.07999999821186066,0.03709999844431877
YGR217W,YPL069C,0,-2.7737622,0.17699114978313446,0.07999999821186066,0.03720000013709068
YHL020C,YBR155W,0,-2.7738953,0.17660044133663177,0.07999999821186066,0.037300001829862595
YGL231C,YGL144C,0,-2.7741976,0.17621144652366638,0.07999999821186066,0.03739999979734421
YIL131C,YDR439W,1,-2.7742963,0.17802198231220245,0.08100000023841858,0.03739999979734421
YLR425W,YGL206C,0,-2.7743955,0.17763157188892365,0.08100000023841858,0.03750000149011612
YGL170C,YHL011C,0,-2.7745013,0.17724289000034332,0.08100000023841858,0.03759999945759773
YER155C,YKL171W,0,-2.774674,0.1768558919429779,0.08100000023841858,0.037700001150369644
YOR304C-A,YGR038W,0,-2.7747922,0.1764705926179886,0.08100000023841858,0.03779999911785126
YJL164C,YKL010C,0,-2.7750401,0.17608696222305298,0.08100000023841858,0.03790000081062317
YDR227W,YKR019C,1,-2.7754536,0.17787419259548187,0.0820000022649765,0.03790000081062317
YNL271C,YBR017C,0,-2.7757282,0.17748917639255524,0.0820000022649765,0.03799999877810478
YKL132C,YER190W,0,-2.775961,0.1771058291196823,0.0820000022649765,0.038100000470876694
YBR055C,YMR207C,0,-2.7791266,0.1767241358757019,0.0820000022649765,0.03819999843835831
YJR129C,YJL056C,0,-2.779201,0.17634408175945282,0.0820000022649765,0.03830000013113022
YNR038W,YGR179C,0,-2.7798772,0.17596566677093506,0.0820000022649765,0.03840000182390213
YOR319W,YBR165W,0,-2.7800632,0.17558886110782623,0.0820000022649765,0.03849999979138374
YBL088C,YEL003W,0,-2.780212,0.17521367967128754,0.0820000022649765,0.038600001484155655
YGL212W,YFR040W,0,-2.7805438,0.17484009265899658,0.0820000022649765,0.03869999945163727
YIL082W-A,YHR191C,0,-2.781416,0.17446808516979218,0.0820000022649765,0.03880000114440918
YOR030W,YGL100W,0,-2.7816067,0.17409765720367432,0.0820000022649765,0.03889999911189079
YKR101W,YNL088W,1,-2.7821736,0.17584745585918427,0.08299999684095383,0.03889999911189079
YDL133C-A,YJR033C,0,-2.782329,0.17547568678855896,0.08299999684095383,0.039000000804662704
YLR015W,YBR215W,1,-2.7825274,0.17721518874168396,0.08399999886751175,0.039000000804662704
YNL258C,YGR211W,0,-2.7830286,0.1768421083688736,0.08399999886751175,0.03909999877214432
YGR004W,YER087C-B,0,-2.7831578,0.1764705926179886,0.08399999886751175,0.03920000046491623
YMR013C,YEL016C,0,-2.7832928,0.17610062658786774,0.08399999886751175,0.03929999843239784
YKL145W,YLR144C,0,-2.7833095,0.17573221027851105,0.08399999886751175,0.039400000125169754
YLR226W,YER087C-B,0,-2.7834911,0.17536534368991852,0.08399999886751175,0.039500001817941666
YLR361C,YGL249W,0,-2.783537,0.17499999701976776,0.08399999886751175,0.03959999978542328
YHR036W,YCR093W,0,-2.7838216,0.17463617026805878,0.08399999886751175,0.03970000147819519
YFL011W-A,YDR515W,0,-2.784194,0.17427386343479156,0.08399999886751175,0.039799999445676804
YJR112W,YGL023C,0,-2.7842674,0.17391304671764374,0.08399999886751175,0.039900001138448715
YNL271C,YBR034C,0,-2.7846746,0.1735537201166153,0.08399999886751175,0.03999999910593033
YBL037W,YHL011C,0,-2.7848177,0.17319588363170624,0.08399999886751175,0.04010000079870224
YDR518W,YFL002W-B,0,-2.7848444,0.17283950746059418,0.08399999886751175,0.04019999876618385
YFL002W-A,YOL019W,0,-2.7849045,0.1724846065044403,0.08399999886751175,0.040300000458955765
YOL062C,YGL010W,0,-2.785132,0.17213115096092224,0.08399999886751175,0.04039999842643738
YOR243C,YBR213W,0,-2.7851534,0.17177914083003998,0.08399999886751175,0.04050000011920929
YJR093C,YIR009W,0,-2.7851548,0.17142857611179352,0.08399999886751175,0.0406000018119812
YOR056C,YNL213C,0,-2.7852516,0.17107942700386047,0.08399999886751175,0.040699999779462814
YDL077C,YOL103W,0,-2.7876658,0.17073170840740204,0.08399999886751175,0.040800001472234726
YFL002W-A,YEL009C,0,-2.7877216,0.17038539052009583,0.08399999886751175,0.04089999943971634
YAR010C,YNL146W,0,-2.7878041,0.17004048824310303,0.08399999886751175,0.04100000113248825
YDR490C,YNL329C,0,-2.7885113,0.16969697177410126,0.08399999886751175,0.041099999099969864
YBR034C,YKR099C-A,0,-2.7889218,0.16935484111309052,0.08399999886751175,0.041200000792741776
YJR029W,YAL055W,0,-2.7889957,0.1690140813589096,0.08399999886751175,0.04129999876022339
YMR168C,YHR077C,0,-2.789115,0.16867469251155853,0.08399999886751175,0.0414000004529953
YPR111W,YGL153W,0,-2.7892222,0.1683366745710373,0.08399999886751175,0.04149999842047691
YKL005C,YBR155W,0,-2.7894473,0.1679999977350235,0.08399999886751175,0.041600000113248825
YML103C,YKL149C,0,-2.7899737,0.16766467690467834,0.08399999886751175,0.04170000180602074
YHR077C,YER129W,0,-2.7901998,0.16733068227767944,0.08399999886751175,0.04179999977350235
YCR052W,YDR310C,1,-2.790226,0.16898608207702637,0.08500000089406967,0.04179999977350235
YBR060C,YMR127C,1,-2.7905512,0.170634925365448,0.0860000029206276,0.04179999977350235
YOR315W,YPR204W,0,-2.7908726,0.1702970266342163,0.0860000029206276,0.04190000146627426
YHR119W,YML109W,1,-2.7918582,0.1719367653131485,0.08699999749660492,0.04190000146627426
YGR109C,YGL231C,0,-2.7918634,0.17159762978553772,0.08699999749660492,0.041999999433755875
YMR077C,YHR066W,0,-2.7923236,0.1712598353624344,0.08699999749660492,0.042100001126527786
YGR072W,YKL059C,0,-2.7923446,0.1709233820438385,0.08699999749660492,0.0421999990940094
YPR049C,YBR004C,0,-2.7927551,0.17058824002742767,0.08699999749660492,0.04230000078678131
YDR082W,YGR286C,0,-2.7928815,0.1702544093132019,0.08699999749660492,0.042399998754262924
YBL006C,YGR252W,1,-2.7934213,0.171875,0.08799999952316284,0.042399998754262924
YFL018W-A,YDR377W,0,-2.794063,0.17153996229171753,0.08799999952316284,0.042500000447034836
YIL082W-A,YER190W,0,-2.794375,0.17120622098445892,0.08799999952316284,0.04259999841451645
YKL143W,YHL020C,0,-2.7946248,0.17087379097938538,0.08799999952316284,0.04270000010728836
YOR014W,YOR304C-A,0,-2.79468,0.1705426424741745,0.08799999952316284,0.04280000180006027
YFL002W-B,YHR066W,0,-2.7955317,0.1702127605676651,0.08799999952316284,0.042899999767541885
YLR275W,YBR065C,0,-2.7956944,0.16988417506217957,0.08799999952316284,0.0430000014603138
YHR053C,YGR272C,0,-2.7958493,0.16955684125423431,0.08799999952316284,0.04309999942779541
YJL112W,YEL016C,0,-2.7963715,0.16923077404499054,0.08799999952316284,0.04320000112056732
YOL017W,YPL001W,1,-2.7963767,0.17082533240318298,0.08900000154972076,0.04320000112056732
YEL026W,YEL043W,0,-2.7966785,0.1704980880022049,0.08900000154972076,0.043299999088048935
YHR214C-C,YOR285W,0,-2.796937,0.1701720803976059,0.08900000154972076,0.04340000078082085
YLR425W,YEL047C,0,-2.7978134,0.16984732449054718,0.08900000154972076,0.04349999874830246
YKL129C,YJR093C,0,-2.7981396,0.16952380537986755,0.08900000154972076,0.04360000044107437
YDR079C-A,YMR304W,0,-2.7985663,0.16920152306556702,0.08900000154972076,0.043699998408555984
YPR049C,YBL036C,0,-2.7987304,0.16888046264648438,0.08900000154972076,0.043800000101327896
YML004C,YKL222C,0,-2.7987776,0.16856060922145844,0.08900000154972076,0.04390000179409981
YLL032C,YGL238W,0,-2.7991958,0.1682419627904892,0.08900000154972076,0.04399999976158142
YHR036W,YMR165C,0,-2.7998695,0.16792452335357666,0.08900000154972076,0.04410000145435333
YBR055C,YJR042W,0,-2.7999125,0.16760829091072083,0.08900000154972076,0.044199999421834946
YEL039C,YKL077W,0,-2.8005853,0.1672932356595993,0.08900000154972076,0.04430000111460686
YLR126C,YAL055W,0,-2.8010669,0.1669793576002121,0.08900000154972076,0.04439999908208847
YPR096C,YPL048W,0,-2.80161,0.1666666716337204,0.08900000154972076,0.04450000077486038
YOR110W,YBL036C,0,-2.8019018,0.16635513305664062,0.08900000154972076,0.044599998742341995
YKL005C,YKL077W,0,-2.8019338,0.16604477167129517,0.08900000154972076,0.04470000043511391
YKL154W,YNL197C,0,-2.802074,0.16573557257652283,0.08900000154972076,0.04479999840259552
YPR070W,YEL016C,0,-2.8024602,0.16542750597000122,0.08900000154972076,0.04490000009536743
YMR277W,YGL067W,0,-2.8025765,0.16512058675289154,0.08900000154972076,0.04500000178813934
YML065W,YER133W,1,-2.8044305,0.1666666716337204,0.09000000357627869,0.04500000178813934
YMR303C,YFL018W-A,0,-2.804627,0.1663585901260376,0.09000000357627869,0.045099999755620956
YOL164W,YGR096W,0,-2.8050275,0.16605165600776672,0.09000000357627869,0.04520000144839287
YJR029W,YIL067C,0,-2.8055725,0.16574585437774658,0.09000000357627869,0.04529999941587448
YML074C,YGR038C-B,0,-2.8058758,0.16544117033481598,0.09000000357627869,0.04540000110864639
YDL213C,YMR223W,0,-2.8059216,0.1651376187801361,0.09000000357627869,0.045499999076128006
YML001W,YFL011W-A,0,-2.8061633,0.16483516991138458,0.09000000357627869,0.04560000076889992
YBR060C,YBL006C,1,-2.8069587,0.1663619726896286,0.09099999815225601,0.04560000076889992
YLR418C,YPR034W,1,-2.8069773,0.16788321733474731,0.09200000017881393,0.04560000076889992
YDR532C,YJR141W,0,-2.807178,0.16757741570472717,0.09200000017881393,0.04569999873638153
YDR497C,YOR305W,0,-2.807325,0.16727273166179657,0.09200000017881393,0.04580000042915344
YPR096C,YMR314W,0,-2.8079767,0.1669691503047943,0.09200000017881393,0.045899998396635056
YDL147W,YHR146W,0,-2.808083,0.1666666716337204,0.09200000017881393,0.04600000008940697
YLR022C,YPL125W,0,-2.809173,0.16636528074741364,0.09200000017881393,0.04610000178217888
YDL231C,YBL028C,0,-2.8091779,0.16606497764587402,0.09200000017881393,0.04619999974966049
YBR182C,YJL021C,0,-2.8092418,0.16576576232910156,0.09200000017881393,0.046300001442432404
YFR040W,YHR060W,0,-2.8095484,0.16546761989593506,0.09200000017881393,0.04639999940991402
YMR153W,YBR164C,0,-2.809824,0.1651705503463745,0.09200000017881393,0.04650000110268593
YML037C,YJL170C,0,-2.8101463,0.16487455368041992,0.09200000017881393,0.04659999907016754
YLR288C,YER169W,1,-2.8107657,0.1663685142993927,0.09300000220537186,0.04659999907016754
YDR026C,YIL097W,0,-2.8115406,0.16607142984867096,0.09300000220537186,0.04670000076293945
YER133W,YGL014W,1,-2.812354,0.16755792498588562,0.09399999678134918,0.04670000076293945
YLR022C,YJL035C,0,-2.8126254,0.16725978255271912,0.09399999678134918,0.046799998730421066
YNL290W,YMR153W,0,-2.8128843,0.16696269810199738,0.09399999678134918,0.04690000042319298
YOR250C,YIL095W,0,-2.8130188,0.1666666716337204,0.09399999678134918,0.04699999839067459
YPR094W,YMR322C,0,-2.8130803,0.166371688246727,0.09399999678134918,0.0471000000834465
YIL082W-A,YNL146W,0,-2.8133764,0.16607773303985596,0.09399999678134918,0.047200001776218414
YJR029W,YPR005C,0,-2.8134074,0.1657848358154297,0.09399999678134918,0.04729999974370003
YLR275W,YHR015W,0,-2.8135228,0.1654929518699646,0.09399999678134918,0.04740000143647194
YOR281C,YBR213W,0,-2.8135543,0.16520211100578308,0.09399999678134918,0.04749999940395355
YLR288C,YDR392W,1,-2.8138828,0.1666666716337204,0.0949999988079071,0.04749999940395355
YDR225W,YMR075W,1,-2.814033,0.16812609136104584,0.09600000083446503,0.04749999940395355
YIL168W,YGR096W,0,-2.8141136,0.1678321659564972,0.09600000083446503,0.047600001096725464
YBR166C,YNL126W,0,-2.814415,0.16753926873207092,0.09600000083446503,0.04769999906420708
YJL021C,YDR330W,0,-2.8145285,0.16724738478660583,0.09600000083446503,0.04780000075697899
YLR105C,YOR304C-A,0,-2.8146276,0.16695652902126312,0.09600000083446503,0.0478999987244606
YIL110W,YBR176W,0,-2.8148446,0.1666666716337204,0.09600000083446503,0.04800000041723251
YER038C,YJL047C,0,-2.815033,0.16637781262397766,0.09600000083446503,0.04809999838471413
YNL177C,YDR264C,0,-2.8150983,0.1660899668931961,0.09600000083446503,0.04820000007748604
YGL075C,YGL098W,0,-2.8152347,0.16580310463905334,0.09600000083446503,0.04830000177025795
YDR365W-A,YJR129C,0,-2.8156834,0.16551724076271057,0.09600000083446503,0.04839999973773956
YDR081C,YOR304C-A,0,-2.8162103,0.1652323603630066,0.09600000083446503,0.048500001430511475
YLR145W,YOR315W,0,-2.8163905,0.1649484485387802,0.09600000083446503,0.04859999939799309
YPL092W,YPR158W-A,0,-2.816527,0.16466552019119263,0.09600000083446503,0.048700001090765
YGR034W,YBR129C,0,-2.816578,0.16438356041908264,0.09600000083446503,0.04879999905824661
YDR227W,YOR038C,1,-2.8167844,0.16581197082996368,0.09700000286102295,0.04879999905824661
YKL160W,YOR304W,1,-2.8170485,0.16723549365997314,0.09799999743700027,0.04879999905824661
YER075C,YML093W,0,-2.8174043,0.16695059835910797,0.09799999743700027,0.048900000751018524
YFL002W-B,YBR189W,0,-2.8174868,0.1666666716337204,0.09799999743700027,0.04899999871850014
YIL082W-A,YCR010C,0,-2.817646,0.16638369858264923,0.09799999743700027,0.04910000041127205
YJL021C,YLR330W,0,-2.8178282,0.16610169410705566,0.09799999743700027,0.04919999837875366
YNL038W,YLR361C,0,-2.8184261,0.1658206433057785,0.09799999743700027,0.049300000071525574
YML077W,YIL017W,0,-2.8190722,0.16554054617881775,0.09799999743700027,0.049400001764297485
YLR061W,YFL002W-B,0,-2.8192625,0.1652613878250122,0.09799999743700027,0.0494999997317791
YLR004C,YLR040C,0,-2.8194509,0.16498316824436188,0.09799999743700027,0.04960000142455101
YER030W,YER161C,1,-2.8195648,0.16638655960559845,0.0989999994635582,0.04960000142455101
YLR050C,YIL067C,0,-2.8197255,0.1661073863506317,0.0989999994635582,0.04969999939203262
YJR134C,YDR515W,0,-2.8198042,0.1658291518688202,0.0989999994635582,0.049800001084804535
YNL069C,YFL002W-B,0,-2.8198733,0.16555184125900269,0.0989999994635582,0.04989999905228615
YPR204W,YBR034C,0,-2.8199883,0.1652754545211792,0.0989999994635582,0.05000000074505806
YLL002W,YDR439W,1,-2.8202953,0.1666666716337204,0.10000000149011612,0.05000000074505806
YBR182C,YKL075C,0,-2.8203921,0.1663893461227417,0.10000000149011612,0.05009999871253967
YBR055C,YHL027W,0,-2.8204432,0.1661129593849182,0.10000000149011612,0.050200000405311584
YDR312W,YJL035C,0,-2.8204932,0.16583748161792755,0.10000000149011612,0.0502999983727932
YCR018C,YKL222C,0,-2.8210607,0.16556291282176971,0.10000000149011612,0.05040000006556511
YFL011W-A,YDL247W,0,-2.8213983,0.1652892529964447,0.10000000149011612,0.05050000175833702
YFL002W-A,YOL031C,0,-2.8214078,0.16501650214195251,0.10000000149011612,0.050599999725818634
YNL192W,YDR005C,0,-2.8220043,0.16474464535713196,0.10000000149011612,0.050700001418590546
YAL010C,YLR425W,0,-2.8222299,0.16447368264198303,0.10000000149011612,0.05079999938607216
YCR011C,YBR041W,0,-2.8227477,0.16420361399650574,0.10000000149011612,0.05090000107884407
YDL147W,YGL249W,0,-2.8229833,0.16393442451953888,0.10000000149011612,0.050999999046325684
YKL062W,YPR158W-A,0,-2.8233132,0.16366611421108246,0.10000000149011612,0.051100000739097595
YBL037W,YDR473C,0,-2.8233733,0.16339869797229767,0.10000000149011612,0.05119999870657921
YHR076W,YOL034W,0,-2.8241167,0.16313213109970093,0.10000000149011612,0.05130000039935112
YDR239C,YPR200C,0,-2.8241587,0.16286644339561462,0.10000000149011612,0.05139999836683273
YDR079C-A,YOR044W,0,-2.8242846,0.16260161995887756,0.10000000149011612,0.051500000059604645
YIL017W,YDR486C,0,-2.8244262,0.16233766078948975,0.10000000149011612,0.051600001752376556
YLR418C,YDR392W,1,-2.8245525,0.1636953055858612,0.10100000351667404,0.051600001752376556
YOL103W-B,YMR307W,0,-2.8247561,0.16343042254447937,0.10100000351667404,0.05169999971985817
YFL002W-A,YOL121C,0,-2.8248062,0.16316640377044678,0.10100000351667404,0.05180000141263008
YOL103W-A,YDR479C,0,-2.8250337,0.16290321946144104,0.10100000351667404,0.051899999380111694
YER171W,YKL158W,0,-2.8252072,0.16264089941978455,0.10100000351667404,0.052000001072883606
YOR044W,YBR015C,0,-2.8254008,0.1623794138431549,0.10100000351667404,0.05209999904036522
YDR352W,YLR373C,0,-2.8254294,0.16211877763271332,0.10100000351667404,0.05220000073313713
YMR168C,YHR214C-C,0,-2.8258657,0.16185897588729858,0.10100000351667404,0.052299998700618744
YKR090W,YDL045W-A,0,-2.82619,0.1615999937057495,0.10100000351667404,0.052400000393390656
YGL053W,YKL077W,0,-2.8265328,0.1613418459892273,0.10100000351667404,0.05249999836087227
YKL082C,YDR194C,0,-2.8266273,0.16108453273773193,0.10100000351667404,0.05260000005364418
YLR288C,YBR060C,1,-2.826818,0.1624203771352768,0.10199999809265137,0.05260000005364418
YOL034W,YDR211W,0,-2.827424,0.1621621549129486,0.10199999809265137,0.05270000174641609
YKL154W,YER142C,0,-2.8274393,0.16190476715564728,0.10199999809265137,0.052799999713897705
YJR026W,YOR110W,0,-2.8276467,0.16164818406105042,0.10199999809265137,0.05290000140666962
YCR087C-A,YEL032W,0,-2.8277364,0.16139240562915802,0.10199999809265137,0.05299999937415123
YNL271C,YBR201W,0,-2.8277645,0.1611374467611313,0.10199999809265137,0.05310000106692314
YJR022W,YGR106C,0,-2.8277936,0.16088327765464783,0.10199999809265137,0.053199999034404755
YIL046W,YGR272C,0,-2.8284898,0.16062992811203003,0.10199999809265137,0.053300000727176666
YOR192C-A,YOR285W,0,-2.8285294,0.1603773534297943,0.10199999809265137,0.05339999869465828
YEL036C,YDL191W,0,-2.828978,0.16012558341026306,0.10199999809265137,0.05350000038743019
YFL018W-A,YLR086W,0,-2.8289957,0.15987460315227509,0.10199999809265137,0.053599998354911804
YDL116W,YFL002W-B,0,-2.8293614,0.15962441265583038,0.10199999809265137,0.053700000047683716
YML065W,YDR392W,1,-2.829506,0.16093750298023224,0.10300000011920929,0.053700000047683716
YOR287C,YNL329C,0,-2.8296494,0.1606864333152771,0.10300000011920929,0.05380000174045563
YLR410W-A,YPR016C,0,-2.8300276,0.16043613851070404,0.10300000011920929,0.05389999970793724
YDR079W,YGL144C,0,-2.8300872,0.16018661856651306,0.10300000011920929,0.05400000140070915
YGR267C,YJL021C,0,-2.830649,0.15993788838386536,0.10300000011920929,0.054099999368190765
YLR381W,YGL092W,0,-2.8308964,0.15968991816043854,0.10300000011920929,0.05420000106096268
YOR123C,YBR215W,1,-2.8310614,0.16099071502685547,0.10400000214576721,0.05420000106096268
YLR015W,YOR064C,1,-2.8312063,0.16228747367858887,0.10499999672174454,0.05420000106096268
YJR144W,YJR092W,0,-2.831233,0.16203702986240387,0.10499999672174454,0.05429999902844429
YIL120W,YLL067C,0,-2.8319693,0.16178736090660095,0.10499999672174454,0.0544000007212162
YDR034C-C,YKL180W,0,-2.832358,0.16153846681118011,0.10499999672174454,0.054499998688697815
YPL082C,YPR174C,0,-2.8324265,0.16129031777381897,0.10499999672174454,0.05460000038146973
YIL073C,YOL045W,0,-2.8325462,0.1610429435968399,0.10499999672174454,0.05469999834895134
YKL075C,YAL044C,0,-2.8328176,0.16079632937908173,0.10499999672174454,0.05480000004172325
YLR381W,YDR192C,0,-2.832827,0.16055046021938324,0.10499999672174454,0.05490000173449516
YML033W,YPR145W,0,-2.8328295,0.16030533611774445,0.10499999672174454,0.054999999701976776
YJL021C,YKL034W,0,-2.8329067,0.16006097197532654,0.10499999672174454,0.05510000139474869
YPR158W-A,YJL056C,0,-2.8331966,0.15981735289096832,0.10499999672174454,0.0551999993622303
YER169W,YDR121W,1,-2.83358,0.16109421849250793,0.10599999874830246,0.0551999993622303
YFL026W,YDR004W,0,-2.8336024,0.16084976494312286,0.10599999874830246,0.05530000105500221
YOR266W,YKL222C,0,-2.8336601,0.16060605645179749,0.10599999874830246,0.055399999022483826
YKL012W,YLR192C,0,-2.8337026,0.1603630930185318,0.10599999874830246,0.05550000071525574
YJR134C,YER142C,0,-2.8338156,0.16012084484100342,0.10599999874830246,0.05559999868273735
YPR096C,YHR193C,0,-2.833867,0.15987934172153473,0.10599999874830246,0.05570000037550926
YIL046W,YEL037C,0,-2.834042,0.15963855385780334,0.10599999874830246,0.055799998342990875
YDR079C-A,YOR285W,0,-2.834704,0.15939849615097046,0.10599999874830246,0.05590000003576279
YLR258W,YHR214C-C,0,-2.8347645,0.15915915369987488,0.10599999874830246,0.0560000017285347
YIL067C,YJR129C,0,-2.834825,0.1589205414056778,0.10599999874830246,0.05609999969601631
YBR019C,YNR032C-A,0,-2.8358445,0.15868262946605682,0.10599999874830246,0.05620000138878822
YBR287W,YOL121C,0,-2.8361745,0.15844544768333435,0.10599999874830246,0.056299999356269836
YMR153W,YKL075C,0,-2.836268,0.1582089513540268,0.10599999874830246,0.05640000104904175
YPR174C,YBR002C,0,-2.8365974,0.15797317028045654,0.10599999874830246,0.05649999901652336
YLR288C,YDR227W,1,-2.8368487,0.159226194024086,0.10700000077486038,0.05649999901652336
YDR392W,YMR075W,1,-2.8369498,0.1604754775762558,0.1080000028014183,0.05649999901652336
YHR142W,YGR096W,0,-2.8371696,0.1602373868227005,0.1080000028014183,0.05660000070929527
YLR275W,YGR004W,0,-2.8372126,0.1599999964237213,0.1080000028014183,0.056699998676776886
YCL012W,YMR168C,0,-2.8376174,0.15976330637931824,0.1080000028014183,0.0568000003695488
YDR184C,YBR284W,0,-2.837853,0.15952733159065247,0.1080000028014183,0.05689999833703041
YEL032W,YDR140W,0,-2.8380547,0.1592920422554016,0.1080000028014183,0.05700000002980232
YPR060C,YDR017C,0,-2.8386192,0.15905743837356567,0.1080000028014183,0.057100001722574234
YOR142W-B,YGR081C,0,-2.8391314,0.15882353484630585,0.1080000028014183,0.05719999969005585
YHR025W,YDR210C-D,0,-2.8394113,0.15859030187129974,0.1080000028014183,0.05730000138282776
YOR171C,YBL028C,0,-2.83951,0.15835776925086975,0.1080000028014183,0.05739999935030937
YCR008W,YJR120W,0,-2.8404427,0.15812592208385468,0.1080000028014183,0.057500001043081284
YLL032C,YDR146C,0,-2.8408437,0.15789473056793213,0.1080000028014183,0.0575999990105629
YDL067C,YOL103W-A,0,-2.8414268,0.1576642394065857,0.1080000028014183,0.05770000070333481
YKL174C,YNL272C,0,-2.841679,0.1574344038963318,0.1080000028014183,0.05779999867081642
YPR034W,YDR071C,1,-2.8422532,0.15866084396839142,0.10899999737739563,0.05779999867081642
YOL103W-A,YLR109W,0,-2.8432746,0.15843023359775543,0.10899999737739563,0.05790000036358833
YIL004C,YJR042W,0,-2.8433895,0.15820029377937317,0.10899999737739563,0.057999998331069946
YER074W-A,YKL010C,0,-2.8434029,0.15797100961208344,0.10899999737739563,0.05810000002384186
YBL076C,YER138C,0,-2.8434315,0.15774239599704742,0.10899999737739563,0.05820000171661377
YKR036C,YPL157W,0,-2.8439393,0.15751445293426514,0.10899999737739563,0.05829999968409538
YER009W,YPL269W,0,-2.8441372,0.15728715062141418,0.10899999737739563,0.058400001376867294
YGR047C,YDL077C,0,-2.8445086,0.15706051886081696,0.10899999737739563,0.05849999934434891
YDL111C,YNL126W,0,-2.8448768,0.15683452785015106,0.10899999737739563,0.05860000103712082
YLR192C,YOL103W-B,0,-2.8452344,0.1566091924905777,0.10899999737739563,0.05869999900460243
YGR038C-A,YMR250W,0,-2.84557,0.15638449788093567,0.10899999737739563,0.058800000697374344
YHR119W,YPR193C,1,-2.8460793,0.15759311616420746,0.10999999940395355,0.058800000697374344
YPL038W,YJR161C,0,-2.8465166,0.15736766159534454,0.10999999940395355,0.05889999866485596
YNR039C,YGL048C,0,-2.8465433,0.15714286267757416,0.10999999940395355,0.05900000035762787
YLR410W-A,YHR143W,0,-2.846858,0.1569186896085739,0.10999999940395355,0.05909999832510948
YBR156C,YNL267W,0,-2.8469162,0.156695157289505,0.10999999940395355,0.05920000001788139
YDR227W,YNL088W,1,-2.8470254,0.15789473056793213,0.11100000143051147,0.05920000001788139
YML023C,YHR077C,0,-2.8470984,0.15767045319080353,0.11100000143051147,0.059300001710653305
YLR103C,YDR515W,0,-2.8471785,0.15744680166244507,0.11100000143051147,0.05939999967813492
YOR243C,YKL089W,0,-2.8474622,0.15722379088401794,0.11100000143051147,0.05950000137090683
YGR038C-A,YDR272W,0,-2.847474,0.15700142085552216,0.11100000143051147,0.05959999933838844
YEL002C,YDR210C-D,0,-2.8476977,0.15677966177463531,0.11100000143051147,0.059700001031160355
YML103C,YBR162W-A,0,-2.8477974,0.15655852854251862,0.11100000143051147,0.05979999899864197
YDR418W,YOL019W,0,-2.8479156,0.15633802115917206,0.11100000143051147,0.05990000069141388
YBR212W,YLL003W,0,-2.8479776,0.15611813962459564,0.11100000143051147,0.05999999865889549
YDL031W,YOR266W,0,-2.8483796,0.15589886903762817,0.11100000143051147,0.060100000351667404
YOR304C-A,YOL052C-A,0,-2.8489237,0.15568022429943085,0.11100000143051147,0.06019999831914902
YFL011W-A,YPL026C,0,-2.8490767,0.15546219050884247,0.11100000143051147,0.06030000001192093
YGR188C,YDL077C,0,-2.8493576,0.15524475276470184,0.11100000143051147,0.06040000170469284
YLR410W-A,YPL160W,0,-2.8493776,0.15502792596817017,0.11100000143051147,0.060499999672174454
YLL015W,YGR220C,0,-2.8498473,0.15481171011924744,0.11100000143051147,0.060600001364946365
YML123C,YNL146W,0,-2.8500261,0.15459610521793365,0.11100000143051147,0.06069999933242798
YFL018W-A,YDL185W,0,-2.85005,0.15438108146190643,0.11100000143051147,0.06080000102519989
YGL010W,YMR153W,0,-2.8509893,0.15416666865348816,0.11100000143051147,0.0608999989926815
YML103C,YDR088C,0,-2.8511662,0.15395283699035645,0.11100000143051147,0.061000000685453415
YHR068W,YNL284C-B,0,-2.8513932,0.15373961627483368,0.11100000143051147,0.06109999865293503
YKR090W,YHR036W,0,-2.8515973,0.15352697670459747,0.11100000143051147,0.06120000034570694
YBR055C,YDL080C,0,-2.85174,0.15331491827964783,0.11100000143051147,0.06129999831318855
YFL011W-A,YDR264C,0,-2.8518558,0.15310344099998474,0.11100000143051147,0.061400000005960464
YKR090W,YJL029C,0,-2.8520389,0.1528925597667694,0.11100000143051147,0.061500001698732376
YJL094C,YLR144C,0,-2.8522768,0.15268225967884064,0.11100000143051147,0.06159999966621399
YGR179C,YKR099C-A,0,-2.8523412,0.15247252583503723,0.11100000143051147,0.0617000013589859
YIL017W,YHL004W,0,-2.8523512,0.15226337313652039,0.11100000143051147,0.061799999326467514
YML001W,YIR008C,0,-2.8538675,0.1520548015832901,0.11100000143051147,0.061900001019239426
YBR143C,YPL242C,0,-2.8539662,0.151846781373024,0.11100000143051147,0.06199999898672104
YCR008W,YOR305W,0,-2.8545876,0.15163934230804443,0.11100000143051147,0.06210000067949295
YDR487C,YOR142W-B,0,-2.8547525,0.15143246948719025,0.11100000143051147,0.062199998646974564
YDR472W,YDL216C,0,-2.8549352,0.15122616291046143,0.11100000143051147,0.062300000339746475
YFL002W-B,YJL179W,0,-2.8550324,0.15102040767669678,0.11100000143051147,0.06239999830722809
YOL030W,YCR087C-A,0,-2.855527,0.1508152186870575,0.11100000143051147,0.0625
YHR214C-C,YJR151C,0,-2.8555923,0.15061058104038239,0.11100000143051147,0.06260000169277191
YDR469W,YFL013C,1,-2.8557887,0.1517615169286728,0.1120000034570694,0.06260000169277191
YDL215C,YBL016W,0,-2.8561878,0.15155616402626038,0.1120000034570694,0.06270000338554382
YDR365W-A,YDR497C,0,-2.8562646,0.15135134756565094,0.1120000034570694,0.06279999762773514
YBL091C,YMR050C,0,-2.8570447,0.15114709734916687,0.1120000034570694,0.06289999932050705
YDR368W,YJL012C-A,0,-2.857195,0.15094339847564697,0.1120000034570694,0.06300000101327896
YOR084W,YHR015W,0,-2.8572268,0.15074023604393005,0.1120000034570694,0.06310000270605087
YKL017C,YJL008C,0,-2.85736,0.1505376398563385,0.1120000034570694,0.06319999694824219
YOL008W,YOL103W-A,0,-2.8576078,0.15033556520938873,0.1120000034570694,0.0632999986410141
YDR279W,YNL121C,0,-2.857729,0.15013404190540314,0.1120000034570694,0.06340000033378601
YFL002W-B,YHR193C,0,-2.8577762,0.1499330699443817,0.1120000034570694,0.06350000202655792
YBR034C,YMR192W,0,-2.8579378,0.14973261952400208,0.1120000034570694,0.06360000371932983
YAL020C,YOR142W-B,0,-2.8579998,0.14953270554542542,0.1120000034570694,0.06369999796152115
YNR038W,YLR410W-A,0,-2.8579998,0.14933332800865173,0.1120000034570694,0.06379999965429306
YJR093C,YLL003W,0,-2.858314,0.14913448691368103,0.1120000034570694,0.06390000134706497
YNR038W,YIL082W-A,0,-2.8587875,0.1489361673593521,0.1120000034570694,0.06400000303983688
YJL012C-A,YKL035W,0,-2.8587956,0.14873838424682617,0.1120000034570694,0.0640999972820282
YCL012W,YGR119C,0,-2.8588066,0.14854110777378082,0.1120000034570694,0.06419999897480011
YDR026C,YGR179C,0,-2.858913,0.14834436774253845,0.1120000034570694,0.06430000066757202
YAR009C,YPR005C,0,-2.8593903,0.14814814925193787,0.1120000034570694,0.06440000236034393
YPL060C-A,YCL019W,0,-2.8593998,0.14795243740081787,0.1120000034570694,0.06449999660253525
YDR245W,YFL002W-B,0,-2.8593998,0.14775726199150085,0.1120000034570694,0.06459999829530716
YDL031W,YBR065C,0,-2.8594542,0.14756257832050323,0.1120000034570694,0.06469999998807907
YHR068W,YLR410W-B,0,-2.8594556,0.1473684161901474,0.1120000034570694,0.06480000168085098
YPR104C,YJL179W,0,-2.8595228,0.14717477560043335,0.1120000034570694,0.0649000033736229
YPL106C,YDL066W,0,-2.8597016,0.1469816267490387,0.1120000034570694,0.06499999761581421
YOR256C,YJR052W,0,-2.8598475,0.14678898453712463,0.1120000034570694,0.06509999930858612
YPL124W,YJL021C,0,-2.8600345,0.14659686386585236,0.1120000034570694,0.06520000100135803
YDR017C,YCL031C,0,-2.8600788,0.14640523493289948,0.1120000034570694,0.06530000269412994
YEL043W,YLR192C,0,-2.8605037,0.146214097738266,0.1120000034570694,0.06539999693632126
YPR034W,YLL002W,1,-2.8605847,0.1473272442817688,0.11299999803304672,0.06539999693632126
YPR096C,YML005W,0,-2.8606114,0.1471354216337204,0.11299999803304672,0.06549999862909317
YDL013W,YPL249C,0,-2.8606892,0.1469440758228302,0.11299999803304672,0.06560000032186508
YIL017W,YJL035C,0,-2.860979,0.1467532515525818,0.11299999803304672,0.065700002014637
YMR153W,YPL242C,0,-2.8616667,0.14656290411949158,0.11299999803304672,0.0658000037074089
YJL021C,YLR086W,0,-2.8622274,0.14637306332588196,0.11299999803304672,0.06589999794960022
YPR078C,YPL069C,0,-2.86232,0.14618369936943054,0.11299999803304672,0.06599999964237213
YGR109C,YLR301W,0,-2.8624463,0.14599482715129852,0.11299999803304672,0.06610000133514404
YKR090W,YJR022W,0,-2.8624806,0.1458064466714859,0.11299999803304672,0.06620000302791595
YGL006W,YBR182C,0,-2.86263,0.14561855792999268,0.11299999803304672,0.06629999727010727
YFL018W-A,YPL092W,0,-2.8628335,0.14543114602565765,0.11299999803304672,0.06639999896287918
YNL317W,YKL145W,0,-2.862905,0.14524421095848083,0.11299999803304672,0.06650000065565109
YHR085W,YGR271W,0,-2.8629556,0.1450577676296234,0.11299999803304672,0.066600002348423
YBR271W,YDL101C,0,-2.8633714,0.1448718011379242,0.11299999803304672,0.06669999659061432
YGR267C,YHL020C,0,-2.8634682,0.14468629658222198,0.11299999803304672,0.06679999828338623
YMR040W,YDR056C,0,-2.8636293,0.14450128376483917,0.11299999803304672,0.06689999997615814
YDR497C,YJL056C,0,-2.864182,0.14431673288345337,0.11299999803304672,0.06700000166893005
YDR392W,YLR442C,1,-2.8649178,0.14540816843509674,0.11400000005960464,0.06700000166893005
YMR165C,YLR107W,0,-2.864945,0.14522293210029602,0.11400000005960464,0.06710000336170197
YNL290W,YDL230W,0,-2.8650346,0.1450381726026535,0.11400000005960464,0.06719999760389328
YML033W,YGL206C,0,-2.8651977,0.144853875041008,0.11400000005960464,0.06729999929666519
YHL027W,YHR214C-C,0,-2.8655028,0.1446700543165207,0.11400000005960464,0.0674000009894371
YLR410W-B,YGL127C,0,-2.8658948,0.1444866955280304,0.11400000005960464,0.06750000268220901
YFL002W-B,YMR307W,0,-2.8660626,0.1443037986755371,0.11400000005960464,0.06759999692440033
YKL087C,YDR210C-D,0,-2.866119,0.14412136375904083,0.11400000005960464,0.06769999861717224
YPR034W,YDR392W,1,-2.8661847,0.14520202577114105,0.11500000208616257,0.06769999861717224
YOR393W,YJL021C,0,-2.8664412,0.14501892030239105,0.11500000208616257,0.06780000030994415
YCL012W,YHR150W,0,-2.8667617,0.14483627676963806,0.11500000208616257,0.06790000200271606
YJL012C-A,YER118C,0,-2.8671923,0.14465409517288208,0.11500000208616257,0.06800000369548798
YGR267C,YGL144C,0,-2.8676238,0.14447236061096191,0.11500000208616257,0.06809999793767929
YOL082W,YKL158W,0,-2.867711,0.14429108798503876,0.11500000208616257,0.0681999996304512
YML065W,YLL002W,1,-2.867908,0.14536340534687042,0.11599999666213989,0.0681999996304512
YDL133C-A,YMR073C,0,-2.8679647,0.14518147706985474,0.11599999666213989,0.06830000132322311
YPR134W,YKL075C,0,-2.8682246,0.14499999582767487,0.11599999666213989,0.06840000301599503
YCL019W,YPL160W,0,-2.8683414,0.144818976521492,0.11599999666213989,0.06849999725818634
YOL008W,YMR153W,0,-2.868616,0.14463840425014496,0.11599999666213989,0.06859999895095825
YLR158C,YLR391W-A,0,-2.868906,0.14445827901363373,0.11599999666213989,0.06870000064373016
YLR007W,YPR158W-A,0,-2.8689742,0.1442786008119583,0.11599999666213989,0.06880000233650208
YOR028C,YKL086W,0,-2.8691273,0.1440993845462799,0.11599999666213989,0.06889999657869339
YPL202C,YKL059C,0,-2.8696647,0.14392060041427612,0.11599999666213989,0.0689999982714653
YDR253C,YLR427W,0,-2.8697238,0.14374224841594696,0.11599999666213989,0.06909999996423721
YPR111W,YCR092C,0,-2.869834,0.1435643583536148,0.11599999666213989,0.06920000165700912
YFL018W-A,YDL110C,0,-2.8699555,0.14338690042495728,0.11599999666213989,0.06930000334978104
YJL048C,YOR113W,0,-2.8703046,0.14320987462997437,0.11599999666213989,0.06939999759197235
YDR532C,YMR040W,0,-2.8703556,0.14303329586982727,0.11599999666213989,0.06949999928474426
YLR410W-B,YPL092W,0,-2.8706536,0.1428571492433548,0.11599999666213989,0.06960000097751617
YLR007W,YOL103W-A,0,-2.87071,0.14268141984939575,0.11599999666213989,0.06970000267028809
YBL074C,YJL111W,0,-2.8707585,0.14250613749027252,0.11599999666213989,0.0697999969124794
YFL018W-A,YHR079C-A,0,-2.87083,0.1423312872648239,0.11599999666213989,0.06989999860525131
YGL083W,YDR210W-A,0,-2.8708777,0.14215686917304993,0.11599999666213989,0.07000000029802322
YHR214C-C,YDR497C,0,-2.8710456,0.14198286831378937,0.11599999666213989,0.07010000199079514
YOR113W,YLR391W-A,0,-2.871357,0.14180928468704224,0.11599999666213989,0.07020000368356705
YFR040W,YLR035C,0,-2.871756,0.14163614809513092,0.11599999666213989,0.07029999792575836
YLR398C,YNR038W,0,-2.8717813,0.14146341383457184,0.11599999666213989,0.07039999961853027
YKL124W,YDR235W,0,-2.8718548,0.14129111170768738,0.11599999666213989,0.07050000131130219
YGL167C,YER118C,0,-2.8718739,0.14111922681331635,0.11599999666213989,0.0706000030040741
YOR142W-B,YLR457C,0,-2.8719416,0.14094775915145874,0.11599999666213989,0.07069999724626541
YLR288C,YBL006C,1,-2.8720503,0.1419902890920639,0.11699999868869781,0.07069999724626541
YCR018C,YBR004C,0,-2.8720946,0.14181818068027496,0.11699999868869781,0.07079999893903732
YPL060C-A,YDL222C,0,-2.8721657,0.14164648950099945,0.11699999868869781,0.07090000063180923
YJL219W,YLR105C,0,-2.8731837,0.14147521555423737,0.11699999868869781,0.07100000232458115
YHR085W,YDR210W-A,0,-2.8732295,0.14130434393882751,0.11699999868869781,0.07109999656677246
YDR071C,YMR127C,1,-2.8735242,0.14234016835689545,0.11800000071525574,0.07109999656677246
YPL060C-A,YMR286W,0,-2.8735652,0.14216867089271545,0.11800000071525574,0.07119999825954437
YMR304W,YCR092C,0,-2.8737297,0.1419975906610489,0.11800000071525574,0.07129999995231628
YOR338W,YEL018W,0,-2.8737335,0.14182692766189575,0.11800000071525574,0.0714000016450882
YPR096C,YGL147C,0,-2.8737383,0.14165666699409485,0.11800000071525574,0.07150000333786011
YNL284C-B,YBR155W,0,-2.873845,0.14148680865764618,0.11800000071525574,0.07159999758005142
YLR022C,YOL103W-B,0,-2.874237,0.14131736755371094,0.11800000071525574,0.07169999927282333
YDR365W-A,YDR017C,0,-2.874349,0.14114832878112793,0.11800000071525574,0.07180000096559525
YNL038W,YOR343W-A,0,-2.8744612,0.14097969233989716,0.11800000071525574,0.07190000265836716
YBL036C,YDR210W-A,0,-2.874629,0.14081145823001862,0.11800000071525574,0.07199999690055847
YBR012W-B,YOR125C,0,-2.874764,0.1406436264514923,0.11800000071525574,0.07209999859333038
YDL013W,YMR180C,0,-2.8754835,0.14047619700431824,0.11800000071525574,0.0722000002861023
YBR284W,YOR147W,0,-2.8757143,0.1403091549873352,0.11800000071525574,0.0723000019788742
YDR235W,YHR066W,0,-2.8758802,0.1401425153017044,0.11800000071525574,0.07240000367164612
YKL006C-A,YJL059W,0,-2.8761187,0.13997627794742584,0.11800000071525574,0.07249999791383743
YLR381W,YNL197C,0,-2.8761392,0.13981042802333832,0.11800000071525574,0.07259999960660934
YIL122W,YPR174C,0,-2.8761911,0.13964496552944183,0.11800000071525574,0.07270000129938126
YDR365W-A,YER028C,0,-2.8761969,0.13947990536689758,0.11800000071525574,0.07280000299215317
YDR210C-D,YBR002C,0,-2.8761969,0.13931523263454437,0.11800000071525574,0.07289999723434448
YNL004W,YOR338W,0,-2.8764753,0.1391509473323822,0.11800000071525574,0.0729999989271164
YHR214C-C,YPL006W,0,-2.8764768,0.13898704946041107,0.11800000071525574,0.0731000006198883
YLR410W-A,YCL039W,0,-2.8765607,0.1388235241174698,0.11800000071525574,0.07320000231266022
YBL091C,YGL075C,0,-2.8768854,0.13866040110588074,0.11800000071525574,0.07329999655485153
YBL006C,YMR075W,1,-2.8769069,0.13967135548591614,0.11900000274181366,0.07329999655485153
YPL236C,YDL185W,0,-2.8770218,0.13950762152671814,0.11900000274181366,0.07339999824762344
YBR271W,YOL091W,0,-2.8770704,0.13934426009655,0.11900000274181366,0.07349999994039536
YML109W,YDR121W,1,-2.8774471,0.14035087823867798,0.11999999731779099,0.07349999994039536
YPR176C,YIR009W,0,-2.8776689,0.14018692076206207,0.11999999731779099,0.07360000163316727
YLR342W,YLR361C,0,-2.8777027,0.140023335814476,0.11999999731779099,0.07370000332593918
YLR050C,YMR304W,0,-2.8777986,0.139860138297081,0.11999999731779099,0.0737999975681305
YHL016C,YCR092C,0,-2.8778863,0.13969732820987701,0.11999999731779099,0.0738999992609024
YGR145W,YOR150W,0,-2.8778992,0.13953489065170288,0.11999999731779099,0.07400000095367432
YHR214C-C,YBR287W,0,-2.8779912,0.1393728256225586,0.11999999731779099,0.07410000264644623
YKR090W,YOL076W,0,-2.8781266,0.13921113312244415,0.11999999731779099,0.07419999688863754
YGR122W,YNR032C-A,0,-2.8783083,0.13904982805252075,0.11999999731779099,0.07429999858140945
YDR079W,YHR101C,0,-2.878374,0.1388888955116272,0.11999999731779099,0.07440000027418137
YKR007W,YKL158W,0,-2.878821,0.1387283205986023,0.11999999731779099,0.07450000196695328
YDR392W,YOL090W,1,-2.8790765,0.13972286880016327,0.12099999934434891,0.07450000196695328
YMR077C,YKL134C,0,-2.8791203,0.1395617127418518,0.12099999934434891,0.07460000365972519
YOR192C-A,YPL097W,0,-2.8797417,0.139400914311409,0.12099999934434891,0.0746999979019165
YOR056C,YNL284C-B,0,-2.8798828,0.13924050331115723,0.12099999934434891,0.07479999959468842
YJL021C,YPL097W,0,-2.8799624,0.1390804648399353,0.12099999934434891,0.07490000128746033
YIL004C,YKL012W,0,-2.880381,0.13892078399658203,0.12099999934434891,0.07500000298023224
YLR004C,YBR045C,0,-2.880755,0.1387614607810974,0.12099999934434891,0.07509999722242355
YLR410W-B,YKL114C,0,-2.8810682,0.13860252499580383,0.12099999934434891,0.07519999891519547
YKL206C,YOR256C,0,-2.8814545,0.1384439319372177,0.12099999934434891,0.07530000060796738
YHR030C,YMR140W,0,-2.8816085,0.13828571140766144,0.12099999934434891,0.07540000230073929
YOR304W,YPR034W,1,-2.8816128,0.1392694115638733,0.12200000137090683,0.07540000230073929
YOR113W,YPL006W,0,-2.882091,0.13911060988903046,0.12200000137090683,0.0754999965429306
YDL087C,YIL095W,0,-2.88233,0.13895216584205627,0.12200000137090683,0.07559999823570251
YNL284C-B,YHR015W,0,-2.8824234,0.13879407942295074,0.12200000137090683,0.07569999992847443
YML065W,YBR060C,1,-2.8824573,0.13977272808551788,0.12300000339746475,0.07569999992847443
YIR009W,YDR013W,0,-2.8824606,0.139614075422287,0.12300000339746475,0.07580000162124634
YIL004C,YPR104C,0,-2.8825097,0.13945578038692474,0.12300000339746475,0.07590000331401825
YBR055C,YGR096W,0,-2.8825455,0.13929784297943115,0.12300000339746475,0.07599999755620956
YKL154W,YKL158W,0,-2.882574,0.1391402781009674,0.12300000339746475,0.07609999924898148
YOL103W-A,YDR088C,0,-2.882762,0.13898305594921112,0.12300000339746475,0.07620000094175339
YGR122W,YPR204W,0,-2.8828125,0.1388261914253235,0.12300000339746475,0.0763000026345253
YIL132C,YNL121C,0,-2.8830676,0.1386696696281433,0.12300000339746475,0.07639999687671661
YML109W,YBL006C,1,-2.8831239,0.13963964581489563,0.12399999797344208,0.07639999687671661
YPL006W,YOL045W,0,-2.8832808,0.1394825577735901,0.12399999797344208,0.07649999856948853
YGR034W,YCL019W,0,-2.883582,0.1393258422613144,0.12399999797344208,0.07660000026226044
YNL097C,YBR215W,1,-2.8836184,0.14029181003570557,0.125,0.07660000026226044
YKL075C,YCL027W,0,-2.883792,0.1401345282793045,0.125,0.07670000195503235
YNR060W,YGR287C,0,-2.883916,0.1399776041507721,0.125,0.07680000364780426
YMR156C,YJL012C-A,0,-2.8840103,0.13982102274894714,0.125,0.07689999788999557
YML109W,YER161C,1,-2.8840818,0.14078211784362793,0.12600000202655792,0.07689999788999557
YOR192C-A,YMR165C,0,-2.8842015,0.140625,0.12600000202655792,0.07699999958276749
YHL028W,YML018C,0,-2.884807,0.14046822488307953,0.12600000202655792,0.0771000012755394
YHR025W,YLR410W-B,0,-2.8860645,0.1403118073940277,0.12600000202655792,0.07720000296831131
YOR061W,YPR096C,0,-2.8861423,0.14015573263168335,0.12600000202655792,0.07729999721050262
YNL039W,YOR110W,0,-2.8862333,0.14000000059604645,0.12600000202655792,0.07739999890327454
YNL271C,YKR030W,0,-2.8862948,0.139844611287117,0.12600000202655792,0.07750000059604645
YGR038C-A,YCR038C,0,-2.8865724,0.1396895796060562,0.12600000202655792,0.07760000228881836
YCL045C,YPR200C,0,-2.8868542,0.13953489065170288,0.12600000202655792,0.07769999653100967
YKR090W,YGL010W,0,-2.886989,0.1393805295228958,0.12600000202655792,0.07779999822378159
YJR013W,YGL092W,0,-2.8870177,0.1392265260219574,0.12600000202655792,0.0778999999165535
YJR112W,YOR298W,0,-2.8879619,0.13907285034656525,0.12600000202655792,0.07800000160932541
YOR231W,YCL057W,0,-2.8880057,0.13891951739788055,0.12600000202655792,0.07810000330209732
YJL090C,YER149C,0,-2.88833,0.13876652717590332,0.12600000202655792,0.07819999754428864
YFL002W-B,YOR147W,0,-2.8891692,0.13861386477947235,0.12600000202655792,0.07829999923706055
YDL153C,YNL246W,1,-2.8891897,0.13956044614315033,0.12700000405311584,0.07829999923706055
YDR365W-A,YPL042C,0,-2.889367,0.13940724730491638,0.12700000405311584,0.07840000092983246
YDR496C,YGL019W,0,-2.889401,0.1392543911933899,0.12700000405311584,0.07850000262260437
YDR365W-A,YOL031C,0,-2.889452,0.13910186290740967,0.12700000405311584,0.07859999686479568
YMR217W,YDR488C,0,-2.8895125,0.1389496773481369,0.12700000405311584,0.0786999985575676
YDR121W,YOL090W,1,-2.8897047,0.13989071547985077,0.12800000607967377,0.0786999985575676
YHL028W,YOR084W,0,-2.8899455,0.13973799347877502,0.12800000607967377,0.07880000025033951
YCL012W,YOR219C,0,-2.8901567,0.13958559930324554,0.12800000607967377,0.07890000194311142
YDR393W,YJL112W,0,-2.890212,0.13943354785442352,0.12800000607967377,0.07900000363588333
YOL152W,YOL103W-B,0,-2.8906937,0.13928182423114777,0.12800000607967377,0.07909999787807465
YHR214C-C,YNL287W,0,-2.8914561,0.13913042843341827,0.12800000607967377,0.07919999957084656
YDR421W,YPR174C,0,-2.8915515,0.13897937536239624,0.12800000607967377,0.07930000126361847
YDR040C,YGR272C,0,-2.891883,0.13882863521575928,0.12800000607967377,0.07940000295639038
YDR439W,YER161C,1,-2.891983,0.13976164162158966,0.1289999932050705,0.07940000295639038
YOR192C-A,YAL055W,0,-2.8920207,0.1396103948354721,0.1289999932050705,0.0794999971985817
YOR380W,YLR238W,0,-2.8921037,0.13945946097373962,0.1289999932050705,0.07959999889135361
YNL069C,YLR410W-B,0,-2.8921332,0.1393088549375534,0.1289999932050705,0.07970000058412552
YJR029W,YLR307W,0,-2.892355,0.13915857672691345,0.1289999932050705,0.07980000227689743
YPL060C-A,YHR076W,0,-2.8925004,0.13900862634181976,0.1289999932050705,0.07989999651908875
YLR410W-B,YLR330W,0,-2.8926134,0.13885898888111115,0.1289999932050705,0.07999999821186066
YDR041W,YKL158W,0,-2.8927407,0.1387096792459488,0.1289999932050705,0.08009999990463257
YIL048W,YOR142W-B,0,-2.8927546,0.1385606825351715,0.1289999932050705,0.08020000159740448
YBR114W,YKR063C,0,-2.8928509,0.1384120136499405,0.1289999932050705,0.08030000329017639
YER167W,YLR040C,0,-2.89333,0.13826367259025574,0.1289999932050705,0.0803999975323677
YFL018W-A,YNR032C-A,0,-2.8934283,0.13811562955379486,0.1289999932050705,0.08049999922513962
YJR042W,YER087C-A,0,-2.8936157,0.13796791434288025,0.1289999932050705,0.08060000091791153
YLL067C,YIL096C,0,-2.8938026,0.1378205120563507,0.1289999932050705,0.08070000261068344
YPL060C-A,YBR156C,0,-2.893827,0.13767342269420624,0.1289999932050705,0.08079999685287476
YGR222W,YLR410W-B,0,-2.8938556,0.13752664625644684,0.1289999932050705,0.08089999854564667
YLR079W,YPL157W,0,-2.8941655,0.1373801976442337,0.1289999932050705,0.08100000023841858
YDR034C-D,YJR144W,0,-2.8942504,0.13723404705524445,0.1289999932050705,0.08110000193119049
YHR176W,YPR158W-A,0,-2.894279,0.13708820939064026,0.1289999932050705,0.0812000036239624
YBR274W,YJL094C,0,-2.8942943,0.13694266974925995,0.1289999932050705,0.08129999786615372
YER014C-A,YAL005C,0,-2.894339,0.1367974579334259,0.1289999932050705,0.08139999955892563
YNL284C-B,YGL238W,0,-2.8943634,0.13665254414081573,0.1289999932050705,0.08150000125169754
YOR393W,YPL060C-A,0,-2.894815,0.13650794327259064,0.1289999932050705,0.08160000294446945
YGL170C,YKL063C,0,-2.8949418,0.13636364042758942,0.1289999932050705,0.08169999718666077
YIL067C,YDR411C,0,-2.8949852,0.13621963560581207,0.1289999932050705,0.08179999887943268
YGR038C-A,YDR532C,0,-2.8950129,0.1360759437084198,0.1289999932050705,0.08190000057220459
YPL049C,YCL019W,0,-2.8950915,0.1359325647354126,0.1289999932050705,0.0820000022649765
YKL130C,YOL007C,0,-2.895288,0.13578946888446808,0.1289999932050705,0.08209999650716782
YLL038C,YIL017W,0,-2.8953347,0.13564668595790863,0.1289999932050705,0.08219999819993973
YOR123C,YEL056W,1,-2.89571,0.13655462861061096,0.12999999523162842,0.08219999819993973
YJL146W,YIL085C,0,-2.8957868,0.13641133904457092,0.12999999523162842,0.08229999989271164
YGL153W,YDR088C,0,-2.895938,0.13626834750175476,0.12999999523162842,0.08240000158548355
YGR087C,YDR210C-D,0,-2.8959723,0.13612565398216248,0.12999999523162842,0.08250000327825546
YKR083C,YPL121C,0,-2.8960695,0.13598325848579407,0.12999999523162842,0.08259999752044678
YLR155C,YKL158W,0,-2.8961396,0.13584117591381073,0.12999999523162842,0.08269999921321869
YLL032C,YMR173W,0,-2.8963575,0.13569937646389008,0.12999999523162842,0.0828000009059906
YBL074C,YLR121C,0,-2.8964539,0.1355578750371933,0.12999999523162842,0.08290000259876251
YKL145W,YGR166W,0,-2.8968067,0.1354166716337204,0.12999999523162842,0.08299999684095383
YPR070W,YML074C,0,-2.8968687,0.13527575135231018,0.12999999523162842,0.08309999853372574
YIL070C,YOR142W-B,0,-2.896904,0.13513512909412384,0.12999999523162842,0.08320000022649765
YOR343W-A,YLR457C,0,-2.8972144,0.13499480485916138,0.12999999523162842,0.08330000191926956
YNL038W,YLR226W,0,-2.8972821,0.1348547786474228,0.12999999523162842,0.08340000361204147
YLR182W,YBL076C,0,-2.8973083,0.1347150206565857,0.12999999523162842,0.08349999785423279
YJL124C,YMR190C,0,-2.897657,0.13457557559013367,0.12999999523162842,0.0835999995470047
YNL197C,YIL096C,0,-2.8977604,0.13443639874458313,0.12999999523162842,0.08370000123977661
YHR053C,YOL111C,0,-2.8977728,0.13429751992225647,0.12999999523162842,0.08380000293254852
YGL247W,YMR040W,0,-2.897985,0.1341589242219925,0.12999999523162842,0.08389999717473984
YNL256W,YKR099C-A,0,-2.8981256,0.1340206116437912,0.12999999523162842,0.08399999886751175
YGL084C,YGL153W,0,-2.8986297,0.13388259708881378,0.12999999523162842,0.08410000056028366
YBR215W,YJL176C,1,-2.8987465,0.13477365672588348,0.13099999725818634,0.08410000056028366
YDR323C,YGR004W,0,-2.8987885,0.13463515043258667,0.13099999725818634,0.08420000225305557
YDR227W,YGL014W,1,-2.8988075,0.13552361726760864,0.13199999928474426,0.08420000225305557
YOR142W-B,YCL039W,0,-2.8989363,0.13538461923599243,0.13199999928474426,0.08429999649524689
YOR084W,YLL067C,0,-2.899137,0.1352459043264389,0.13199999928474426,0.0843999981880188
YNL284C-B,YCL039W,0,-2.8993878,0.13510747253894806,0.13199999928474426,0.08449999988079071
YML115C,YJL112W,0,-2.899437,0.1349693238735199,0.13199999928474426,0.08460000157356262
YLR327C,YJR137C,0,-2.8995337,0.13483145833015442,0.13199999928474426,0.08470000326633453
YML115C,YBR164C,0,-2.8995862,0.13469387590885162,0.13199999928474426,0.08479999750852585
YPR204W,YER052C,0,-2.8997636,0.1345565766096115,0.13199999928474426,0.08489999920129776
YIL080W,YBR156C,0,-2.8999748,0.1344195455312729,0.13199999928474426,0.08500000089406967
YDR472W,YNL182C,0,-2.900076,0.13428281247615814,0.13199999928474426,0.08510000258684158
YDR439W,YPL001W,1,-2.900272,0.1351626068353653,0.13300000131130219,0.08510000258684158
YDR184C,YNL258C,0,-2.9004292,0.13502538204193115,0.13300000131130219,0.0851999968290329
YOR257W,YGL249W,0,-2.900505,0.1348884403705597,0.13300000131130219,0.08529999852180481
YDR522C,YAR010C,0,-2.9005294,0.13475176692008972,0.13300000131130219,0.08540000021457672
YGR072W,YOR142W-B,0,-2.90063,0.13461539149284363,0.13300000131130219,0.08550000190734863
YKL017C,YHR079C-A,0,-2.9008307,0.13447926938533783,0.13300000131130219,0.08560000360012054
YDR512C,YGL153W,0,-2.9008331,0.13434343039989471,0.13300000131130219,0.08569999784231186
YOR192C-A,YPL031C,0,-2.900856,0.13420787453651428,0.13300000131130219,0.08579999953508377
YER074W-A,YER087C-A,0,-2.9010038,0.13407258689403534,0.13300000131130219,0.08590000122785568
YDL031W,YAL055W,0,-2.9010458,0.13393756747245789,0.13300000131130219,0.0860000029206276
YCR038C,YLR427W,0,-2.901115,0.13380281627178192,0.13300000131130219,0.08609999716281891
YOR266W,YOR343W-A,0,-2.9013076,0.13366834819316864,0.13300000131130219,0.08619999885559082
YLL002W,YDR121W,1,-2.9013739,0.13453815877437592,0.1340000033378601,0.08619999885559082
YJR042W,YKR083C,0,-2.9014292,0.13440321385860443,0.1340000033378601,0.08630000054836273
YBR095C,YOL090W,1,-2.9014325,0.13527053594589233,0.13500000536441803,0.08630000054836273
YDR469W,YER133W,1,-2.9014611,0.13613612949848175,0.13600000739097595,0.08630000054836273
YGL010W,YIL148W,0,-2.9015403,0.13600000739097595,0.13600000739097595,0.08640000224113464
YPL033C,YOR192C-A,0,-2.9015899,0.13586413860321045,0.13600000739097595,0.08649999648332596
YKL005C,YOL103W-B,0,-2.9019003,0.13572853803634644,0.13600000739097595,0.08659999817609787
YKL084W,YKR083C,0,-2.9019513,0.1355932205915451,0.13600000739097595,0.08669999986886978
YAL010C,YDR377W,0,-2.9021754,0.13545817136764526,0.13600000739097595,0.0868000015616417
YBR060C,YBR215W,1,-2.9021845,0.1363184154033661,0.13699999451637268,0.0868000015616417
YNL121C,YDR210W-A,0,-2.9024086,0.13618290424346924,0.13699999451637268,0.0869000032544136
YDR079C-A,YOR148C,0,-2.9024282,0.13604766130447388,0.13699999451637268,0.08699999749660492
YER074W-A,YKR036C,0,-2.9024773,0.1359127014875412,0.13699999451637268,0.08709999918937683
YNL284C-B,YLL038C,0,-2.9025493,0.13577799499034882,0.13699999451637268,0.08720000088214874
YJR048W,YJL059W,0,-2.9026675,0.13564357161521912,0.13699999451637268,0.08730000257492065
YOR192C-A,YGR072W,0,-2.9029727,0.1355094015598297,0.13699999451637268,0.08739999681711197
YKL174C,YOR343W-A,0,-2.9031706,0.1353754997253418,0.13699999451637268,0.08749999850988388
YIL004C,YOR110W,0,-2.9032764,0.13524185121059418,0.13699999451637268,0.08760000020265579
YNL039W,YBR017C,0,-2.9035134,0.13510848581790924,0.13699999451637268,0.0877000018954277
YER190W,YIL149C,0,-2.9036813,0.1349753737449646,0.13699999451637268,0.08780000358819962
YDR210C-D,YGL008C,0,-2.903707,0.13484251499176025,0.13699999451637268,0.08789999783039093
YLR032W,YDL215C,0,-2.9040256,0.1347099244594574,0.13699999451637268,0.08799999952316284
YNL284C-B,YNR035C,0,-2.9040737,0.13457760214805603,0.13699999451637268,0.08810000121593475
YKL006C-A,YOL103W-A,0,-2.9041305,0.13444553315639496,0.13699999451637268,0.08820000290870667
YOL103W-B,YDR236C,0,-2.9041586,0.13431373238563538,0.13699999451637268,0.08829999715089798
YGL092W,YOR004W,0,-2.9045963,0.1341821700334549,0.13699999451637268,0.08839999884366989
YER072W,YPR174C,0,-2.9047847,0.1340508759021759,0.13699999451637268,0.0885000005364418
YKL010C,YDL024C,0,-2.9048638,0.1339198499917984,0.13699999451637268,0.08860000222921371
YLR410W-A,YBR017C,0,-2.9050193,0.1337890625,0.13699999451637268,0.08869999647140503
YNR058W,YLL003W,0,-2.9051065,0.1336585432291031,0.13699999451637268,0.08879999816417694
YIL082W-A,YDR496C,0,-2.9051838,0.13352826237678528,0.13699999451637268,0.08889999985694885
YDR081C,YKL197C,0,-2.905209,0.13339824974536896,0.13699999451637268,0.08900000154972076
YBR215W,YOL090W,1,-2.9052129,0.1342412382364273,0.1379999965429306,0.08900000154972076
YOR192C-A,YAL041W,0,-2.905429,0.13411079347133636,0.1379999965429306,0.08910000324249268
YNR032C-A,YLR166C,0,-2.9056149,0.13398058712482452,0.1379999965429306,0.08919999748468399
YML018C,YML001W,0,-2.9056416,0.13385063409805298,0.1379999965429306,0.0892999991774559
YNL131W,YGR272C,0,-2.9057631,0.13372093439102173,0.1379999965429306,0.08940000087022781
YLR040C,YNL329C,0,-2.905851,0.13359148800373077,0.1379999965429306,0.08950000256299973
YGR038C-B,YDR515W,0,-2.9060922,0.13346228003501892,0.1379999965429306,0.08959999680519104
YDR235W,YEL002C,0,-2.9061637,0.13333334028720856,0.1379999965429306,0.08969999849796295
YIL101C,YOR304C-A,0,-2.906186,0.1332046389579773,0.1379999965429306,0.08980000019073486
YBR114W,YPR158W-A,0,-2.9063463,0.13307617604732513,0.1379999965429306,0.08990000188350677
YPL273W,YML005W,0,-2.9065819,0.13294798135757446,0.1379999965429306,0.09000000357627869
YFL002W-B,YDL077C,0,-2.9066143,0.1328200250864029,0.1379999965429306,0.09009999781847
YBR095C,YML109W,1,-2.9066987,0.13365384936332703,0.13899999856948853,0.09009999781847
YMR077C,YGR078C,0,-2.906958,0.13352546095848083,0.13899999856948853,0.09019999951124191
YLR425W,YNR058W,0,-2.906958,0.13339731097221375,0.13899999856948853,0.09030000120401382
YDR034C-C,YNL278W,0,-2.907292,0.13326941430568695,0.13899999856948853,0.09040000289678574
YBL084C,YFL011W-A,0,-2.9074974,0.13314175605773926,0.13899999856948853,0.09049999713897705
YGR272C,YOL091W,0,-2.9076996,0.13301435112953186,0.13899999856948853,0.09059999883174896
YOR034C,YGL179C,0,-2.9077039,0.13288718461990356,0.13899999856948853,0.09070000052452087
YFL018W-A,YHR060W,0,-2.9077802,0.13276027143001556,0.13899999856948853,0.09080000221729279
YNR060W,YHL011C,0,-2.9079852,0.13263358175754547,0.13899999856948853,0.0908999964594841
YLR050C,YCR097W,0,-2.9080324,0.13250714540481567,0.13899999856948853,0.09099999815225601
YGL259W,YER044C,0,-2.9085727,0.13238094747066498,0.13899999856948853,0.09109999984502792
YML005W,YML067C,0,-2.9085865,0.13225498795509338,0.13899999856948853,0.09120000153779984
YKL089W,YAL044C,0,-2.9086003,0.13212928175926208,0.13899999856948853,0.09130000323057175
YFL002W-A,YGR119C,0,-2.9090657,0.1320037990808487,0.13899999856948853,0.09139999747276306
YLR410W-B,YDR178W,0,-2.9091406,0.1318785548210144,0.13899999856948853,0.09149999916553497
YOL103W-B,YKL032C,0,-2.9093099,0.13175354897975922,0.13899999856948853,0.09160000085830688
YDR206W,YOR304C-A,0,-2.9093423,0.13162878155708313,0.13899999856948853,0.0917000025510788
YNL262W,YDR392W,1,-2.9095225,0.13245032727718353,0.14000000059604645,0.0917000025510788
YDL087C,YPL082C,0,-2.909595,0.13232514262199402,0.14000000059604645,0.09179999679327011
YHR214C-C,YDL220C,0,-2.9097333,0.1322001814842224,0.14000000059604645,0.09189999848604202
YJL048C,YJL021C,0,-2.9101062,0.1320754736661911,0.14000000059604645,0.09200000017881393
YLR044C,YNL284C-B,0,-2.910143,0.1319509893655777,0.14000000059604645,0.09210000187158585
YDL067C,YOR142W-B,0,-2.9103546,0.1318267434835434,0.14000000059604645,0.09220000356435776
YDR121W,YDR303C,1,-2.9107041,0.132643461227417,0.14100000262260437,0.09220000356435776
YNL039W,YDR460W,0,-2.910923,0.13251879811286926,0.14100000262260437,0.09229999780654907
YNL137C,YIL085C,0,-2.9110007,0.13239437341690063,0.14100000262260437,0.09239999949932098
YOR092W,YDR210C-D,0,-2.9110036,0.13227017223834991,0.14100000262260437,0.0925000011920929
YLR410W-A,YLR301W,0,-2.9112763,0.1321462094783783,0.14100000262260437,0.09260000288486481
YDL201W,YGR217W,0,-2.9114265,0.13202247023582458,0.14100000262260437,0.09269999712705612
YBL041W,YDR140W,0,-2.9115925,0.13189896941184998,0.14100000262260437,0.09279999881982803
YLR418C,YBL006C,1,-2.911645,0.1327102780342102,0.1420000046491623,0.09279999881982803
YKL222C,YKR001C,0,-2.911674,0.13258637487888336,0.1420000046491623,0.09290000051259995
YDL204W,YOR338W,0,-2.9117084,0.13246268033981323,0.1420000046491623,0.09300000220537186
YKL011C,YPR082C,0,-2.9118757,0.1323392391204834,0.1420000046491623,0.09309999644756317
YKL005C,YLR228C,0,-2.911921,0.13221602141857147,0.1420000046491623,0.09319999814033508
YGR217W,YDR205W,0,-2.912477,0.13209302723407745,0.1420000046491623,0.093299999833107
YOR123C,YER161C,1,-2.9126883,0.13289962708950043,0.14300000667572021,0.093299999833107
YEL036C,YPR158W-A,0,-2.9129872,0.13277623057365417,0.14300000667572021,0.0934000015258789
YPR052C,YNL262W,1,-2.913145,0.13358069956302643,0.14399999380111694,0.0934000015258789
YJR074W,YDL066W,0,-2.913487,0.13345690071582794,0.14399999380111694,0.09350000321865082
YLR391W-A,YOR126C,0,-2.9136257,0.13333334028720856,0.14399999380111694,0.09359999746084213
YOR304C-A,YGR270W,0,-2.9136405,0.1332099884748459,0.14399999380111694,0.09369999915361404
YHR026W,YEL016C,0,-2.9137435,0.13308687508106232,0.14399999380111694,0.09380000084638596
YDR472W,YGL212W,0,-2.9138522,0.13296398520469666,0.14399999380111694,0.09390000253915787
YDR393W,YBR261C,0,-2.9139352,0.1328413337469101,0.14399999380111694,0.09399999678134918
YNL154C,YDL077C,0,-2.9140267,0.13271889090538025,0.14399999380111694,0.0940999984741211
YEL056W,YER161C,1,-2.914085,0.13351748883724213,0.14499999582767487,0.0940999984741211
YLR368W,YOL103W-A,0,-2.9141583,0.13339465856552124,0.14499999582767487,0.094200000166893
YGL131C,YDR140W,0,-2.9144216,0.13327205181121826,0.14499999582767487,0.09430000185966492
YDR188W,YDR330W,0,-2.9144416,0.13314968347549438,0.14499999582767487,0.09440000355243683
YDR515W,YML114C,0,-2.9144902,0.13302752375602722,0.14499999582767487,0.09449999779462814
YNL317W,YIL096C,0,-2.914537,0.13290558755397797,0.14499999582767487,0.09459999948740005
YDL031W,YKL158W,0,-2.9145446,0.1327838897705078,0.14499999582767487,0.09470000118017197
YLL015W,YPL147W,0,-2.9145517,0.13266240060329437,0.14499999582767487,0.09480000287294388
YCL012W,YBR017C,0,-2.9147062,0.13254113495349884,0.14499999582767487,0.09489999711513519
YOL031C,YER138C,0,-2.914754,0.13242009282112122,0.14499999582767487,0.0949999988079071
YOR061W,YKL134C,0,-2.9147677,0.1322992742061615,0.14499999582767487,0.09510000050067902
YFL049W,YOL090W,1,-2.9150085,0.13309024274349213,0.1459999978542328,0.09510000050067902
YML129C,YHR101C,0,-2.9150777,0.13296903669834137,0.1459999978542328,0.09520000219345093
YLL032C,YBR017C,0,-2.915226,0.13284803926944733,0.1459999978542328,0.09529999643564224
YAL005C,YDR192C,0,-2.915275,0.1327272653579712,0.1459999978542328,0.09539999812841415
YDR500C,YDR210W-A,0,-2.9154348,0.13260671496391296,0.1459999978542328,0.09549999982118607
YDR253C,YOR221C,0,-2.9156332,0.13248638808727264,0.1459999978542328,0.09560000151395798
YFR009W,YIL063C,0,-2.9156365,0.13236626982688904,0.1459999978542328,0.09570000320672989
YDR017C,YNL145W,0,-2.9159818,0.13224637508392334,0.1459999978542328,0.0957999974489212
YOL103W-B,YBR165W,0,-2.9160008,0.13212670385837555,0.1459999978542328,0.09589999914169312
YDR034C-C,YEL071W,0,-2.9162374,0.13200722634792328,0.1459999978542328,0.09600000083446503
YOR014W,YOR192C-A,0,-2.916369,0.1318879872560501,0.1459999978542328,0.09610000252723694
YMR036C,YPR158W-A,0,-2.916461,0.13176895678043365,0.1459999978542328,0.09619999676942825
YNL078W,YML093W,0,-2.9164767,0.1316501349210739,0.1459999978542328,0.09629999846220016
YGR194C,YOR142W-B,0,-2.9165797,0.13153153657913208,0.1459999978542328,0.09640000015497208
YPR052C,YLL002W,1,-2.9173036,0.13231323659420013,0.1469999998807907,0.09640000015497208
YPR060C,YBR017C,0,-2.9173756,0.13219425082206726,0.1469999998807907,0.09650000184774399
YNR054C,YLR410W-B,0,-2.9176455,0.1320754736661911,0.1469999998807907,0.0966000035405159
YER075C,YMR058W,0,-2.9177012,0.13195690512657166,0.1469999998807907,0.09669999778270721
YDR140W,YGR038C-B,0,-2.9180274,0.13183856010437012,0.1469999998807907,0.09679999947547913
YDR034C-C,YKL059C,0,-2.918106,0.1317204236984253,0.1469999998807907,0.09690000116825104
YOR250C,YKL063C,0,-2.9185014,0.13160251080989838,0.1469999998807907,0.09700000286102295
YOL103W-A,YBR070C,0,-2.9185405,0.13148479163646698,0.1469999998807907,0.09709999710321426
YPL060C-A,YLR303W,0,-2.918593,0.1313672959804535,0.1469999998807907,0.09719999879598618
YPL060C-A,YMR020W,0,-2.9188757,0.13124999403953552,0.1469999998807907,0.09730000048875809
YEL030W,YNL213C,0,-2.9189277,0.13113291561603546,0.1469999998807907,0.09740000218153
YLR092W,YMR190C,0,-2.9189997,0.13101604580879211,0.1469999998807907,0.09749999642372131
YBR271W,YIL075C,0,-2.9192495,0.1308993697166443,0.1469999998807907,0.09759999811649323
YLR410W-A,YBR271W,0,-2.9193692,0.13078291714191437,0.1469999998807907,0.09769999980926514
YBL003C,YMR075W,1,-2.9194055,0.13155555725097656,0.14800000190734863,0.09769999980926514
YDR109C,YOL109W,0,-2.9194717,0.1314387172460556,0.14800000190734863,0.09780000150203705
YPL060C-A,YNL163C,0,-2.9194746,0.13132210075855255,0.14800000190734863,0.09790000319480896
YOL113W,YBR213W,0,-2.9194918,0.13120567798614502,0.14800000190734863,0.09799999743700027
YOR064C,YMR127C,1,-2.9195113,0.1319752037525177,0.14900000393390656,0.09799999743700027
YCL012W,YER119C,0,-2.919568,0.13185840845108032,0.14900000393390656,0.09809999912977219
YGR038C-A,YJL128C,0,-2.9195733,0.13174182176589966,0.14900000393390656,0.0982000008225441
YDR358W,YBL084C,0,-2.9197216,0.1316254436969757,0.14900000393390656,0.09830000251531601
YPR016C,YOL152W,0,-2.919726,0.13150927424430847,0.14900000393390656,0.09839999675750732
YPL269W,YHR021C,0,-2.919766,0.13139329850673676,0.14900000393390656,0.09849999845027924
YER119C,YML037C,0,-2.919951,0.13127753138542175,0.14900000393390656,0.09860000014305115
YOR192C-A,YGL098W,0,-2.9202971,0.13116197288036346,0.14900000393390656,0.09870000183582306
YKR101W,YKR019C,1,-2.9203458,0.13192611932754517,0.15000000596046448,0.09870000183582306
YGR122W,YEL037C,0,-2.9204936,0.13181018829345703,0.15000000596046448,0.09880000352859497
YFL002W-B,YEL047C,0,-2.9206262,0.1316944658756256,0.15000000596046448,0.09889999777078629
YJR013W,YDR235W,0,-2.9207125,0.1315789520740509,0.15000000596046448,0.0989999994635582
YFR005C,YDR210W-A,0,-2.9207706,0.13146363198757172,0.15000000596046448,0.09910000115633011
YOR026W,YBR129C,0,-2.9209094,0.13134850561618805,0.15000000596046448,0.09920000284910202
YDR365W-A,YMR217W,0,-2.9209552,0.1312336027622223,0.15000000596046448,0.09929999709129333
YNL246W,YGR252W,1,-2.9210677,0.13199301064014435,0.1509999930858612,0.09929999709129333
YML109W,YKR019C,1,-2.9211445,0.13275109231472015,0.15199999511241913,0.09929999709129333
YLR145W,YLR144C,0,-2.921286,0.13263525068759918,0.15199999511241913,0.09939999878406525
YOL103W-A,YJL053W,0,-2.9214816,0.13251961767673492,0.15199999511241913,0.09950000047683716
YHR036W,YLR022C,0,-2.9219608,0.1324041783809662,0.15199999511241913,0.09960000216960907
YGL161C,YLR410W-B,0,-2.9221196,0.13228894770145416,0.15199999511241913,0.09969999641180038
YNL284C-B,YIL067C,0,-2.9223304,0.13217391073703766,0.15199999511241913,0.0997999981045723
YPL221W,YBR012W-B,0,-2.9224725,0.13205908238887787,0.15199999511241913,0.09989999979734421
YCR052W,YNL262W,1,-2.9225955,0.1328125,0.15299999713897705,0.09989999979734421
YML065W,YNL088W,1,-2.9230227,0.13356462121009827,0.15399999916553497,0.09989999979734421
YOL103W-B,YLR361C,0,-2.9231396,0.13344886898994446,0.15399999916553497,0.10000000149011612
YDR026C,YOR014W,0,-2.923274,0.13333334028720856,0.15399999916553497,0.10010000318288803
YJR120W,YDR449C,0,-2.9234629,0.13321799039840698,0.15399999916553497,0.10019999742507935
YGL136C,YOR221C,0,-2.923634,0.13310284912586212,0.15399999916553497,0.10029999911785126
YNL284C-B,YKL008C,0,-2.9237642,0.13298791646957397,0.15399999916553497,0.10040000081062317
YOR034C,YOL103W-A,0,-2.9241066,0.13287316262722015,0.15399999916553497,0.10050000250339508
YOR304C-A,YOR142W-B,0,-2.92412,0.13275861740112305,0.15399999916553497,0.1005999967455864
YNL317W,YPL174C,0,-2.9245124,0.13264426589012146,0.15399999916553497,0.1006999984383583
YGR038C-A,YML129C,0,-2.9248962,0.1325301229953766,0.15399999916553497,0.10080000013113022
YER176W,YDR515W,0,-2.9249163,0.13241615891456604,0.15399999916553497,0.10090000182390213
YDR034C-D,YMR223W,0,-2.9249883,0.1323024034500122,0.15399999916553497,0.10100000351667404
YPL242C,YKL222C,0,-2.9250364,0.1321888417005539,0.15399999916553497,0.10109999775886536
YOR187W,YPR158W-A,0,-2.9251661,0.1320754736661911,0.15399999916553497,0.10119999945163727
YIL077C,YGL075C,0,-2.9252357,0.13196229934692383,0.15399999916553497,0.10130000114440918
YLR092W,YER087C-A,0,-2.9253588,0.13184931874275208,0.15399999916553497,0.10140000283718109
YDL101C,YHR066W,0,-2.9254384,0.13173653185367584,0.15399999916553497,0.1014999970793724
YPL006W,YKL197C,0,-2.925448,0.13162393867969513,0.15399999916553497,0.10159999877214432
YKL171W,YPR204W,0,-2.9257221,0.13151152431964874,0.15399999916553497,0.10170000046491623
YPR034W,YBR060C,1,-2.9260116,0.1322525590658188,0.1550000011920929,0.10170000046491623
YDR210C-D,YBL058W,0,-2.9262285,0.13213981688022614,0.1550000011920929,0.10180000215768814
YDR392W,YOR064C,1,-2.926321,0.13287904858589172,0.15600000321865082,0.10180000215768814
YPL124W,YOL111C,0,-2.9264355,0.1327659636735916,0.15600000321865082,0.10189999639987946
YGL231C,YGR038W,0,-2.9266305,0.13265305757522583,0.15600000321865082,0.10199999809265137
YBR166C,YDR210W-A,0,-2.9266334,0.13254036009311676,0.15600000321865082,0.10209999978542328
YLL015W,YHR164C,0,-2.9268966,0.13242784142494202,0.15600000321865082,0.10220000147819519
YDR210C-D,YDL080C,0,-2.9271793,0.1323155164718628,0.15600000321865082,0.1023000031709671
YGR038C-A,YLR070C,0,-2.9272552,0.1322033852338791,0.15600000321865082,0.10239999741315842
YHR172W,YPL042C,0,-2.927309,0.1320914477109909,0.15600000321865082,0.10249999910593033
YLR105C,YKL011C,0,-2.927868,0.13197968900203705,0.15600000321865082,0.10260000079870224
YGL136C,YDL024C,0,-2.9278798,0.1318681389093399,0.15600000321865082,0.10270000249147415
YPL060C-A,YEL018W,0,-2.9278965,0.1317567527294159,0.15600000321865082,0.10279999673366547
YHL020C,YOL103W-B,0,-2.9279656,0.1316455751657486,0.15600000321865082,0.10289999842643738
YBL036C,YOR304C-A,0,-2.928143,0.13153457641601562,0.15600000321865082,0.10300000011920929
YKL160W,YML109W,1,-2.928145,0.13226622343063354,0.15700000524520874,0.10300000011920929
YDR365W-A,YBR155W,0,-2.928173,0.13215488195419312,0.15700000524520874,0.1031000018119812
YAL041W,YJL047C,0,-2.9283142,0.1320437341928482,0.15700000524520874,0.10320000350475311
YOR192C-A,YDR253C,0,-2.928525,0.13193278014659882,0.15700000524520874,0.10329999774694443
YGR122W,YGR158C,0,-2.9285588,0.13182200491428375,0.15700000524520874,0.10339999943971634
YFL002W-B,YGL247W,0,-2.92864,0.13171140849590302,0.15700000524520874,0.10350000113248825
YDR079C-A,YLR411W,0,-2.9287581,0.1316010057926178,0.15700000524520874,0.10360000282526016
YPL060C-A,YJL090C,0,-2.9287877,0.1314907819032669,0.15700000524520874,0.10369999706745148
YPL060C-A,YBR271W,0,-2.9289312,0.13138075172901154,0.15700000524520874,0.10379999876022339
YJR029W,YNR039C,0,-2.929257,0.1312709003686905,0.15700000524520874,0.1039000004529953
YER040W,YKR089C,0,-2.9292912,0.13116124272346497,0.15700000524520874,0.10400000214576721
YDR325W,YAL055W,0,-2.9293728,0.13105174899101257,0.15700000524520874,0.10409999638795853
YFR004W,YDR210W-A,0,-2.9294,0.1309424489736557,0.15700000524520874,0.10419999808073044
YAL020C,YIL077C,0,-2.9296007,0.13083332777023315,0.15700000524520874,0.10429999977350235
YLR410W-B,YNL282W,0,-2.9296813,0.13072440028190613,0.15700000524520874,0.10440000146627426
YDR365W-A,YBL092W,0,-2.9297833,0.13061563670635223,0.15700000524520874,0.10450000315904617
YLR007W,YGR072W,0,-2.9301524,0.13050706684589386,0.15700000524520874,0.10459999740123749
YCR026C,YBR015C,0,-2.9301963,0.1303986757993698,0.15700000524520874,0.1046999990940094
YLR310C,YOL121C,0,-2.9305148,0.1302904635667801,0.15700000524520874,0.10480000078678131
YDR210W-A,YGL167C,0,-2.93052,0.1301824152469635,0.15700000524520874,0.10490000247955322
YMR122W-A,YIL070C,0,-2.9305787,0.13007456064224243,0.15700000524520874,0.10499999672174454
YOL091W,YER044C,0,-2.9306402,0.1299668848514557,0.15700000524520874,0.10509999841451645
YDR365W-A,YNL213C,0,-2.9307604,0.12985938787460327,0.15700000524520874,0.10520000010728836
YLR027C,YOL103W-A,0,-2.930789,0.12975206971168518,0.15700000524520874,0.10530000180006027
YML103C,YNL213C,0,-2.931345,0.12964491546154022,0.15700000524520874,0.10540000349283218
YPR111W,YFL001W,0,-2.9313498,0.12953795492649078,0.15700000524520874,0.1054999977350235
YDR365W-A,YNL067W,0,-2.9313974,0.12943115830421448,0.15700000524520874,0.10559999942779541
YOR192C-A,YGR078C,0,-2.9315534,0.1293245404958725,0.15700000524520874,0.10570000112056732
YJR134C,YOR315W,0,-2.9316616,0.12921810150146484,0.15700000524520874,0.10580000281333923
YMR190C,YMR192W,0,-2.9317002,0.12911184132099152,0.15700000524520874,0.10589999705553055
YOL103W-A,YER052C,0,-2.9317632,0.12900574505329132,0.15700000524520874,0.10599999874830246
YOL103W-B,YLL031C,0,-2.9318972,0.12889984250068665,0.15700000524520874,0.10610000044107437
YHR214C-C,YBR065C,0,-2.9319162,0.1287940889596939,0.15700000524520874,0.10620000213384628
YEL032W,YDR210W-A,0,-2.9319758,0.1286885291337967,0.15700000524520874,0.1062999963760376
YNL284C-A,YML120C,0,-2.9319758,0.1285831332206726,0.15700000524520874,0.10639999806880951
YKL127W,YHL009W-A,0,-2.9319758,0.12847790122032166,0.15700000524520874,0.10649999976158142
YFL002W-B,YHL009W-A,0,-2.9319758,0.12837284803390503,0.15700000524520874,0.10660000145435333
YKL089W,YNL284C-A,0,-2.9319758,0.12826797366142273,0.15700000524520874,0.10670000314712524
YKL070W,YKR099C-A,0,-2.9319758,0.12816326320171356,0.15700000524520874,0.10679999738931656
YFL011W-A,YLR455W,0,-2.9319758,0.12805873155593872,0.15700000524520874,0.10689999908208847
YKR096W,YHL009W-A,0,-2.9319758,0.127954363822937,0.15700000524520874,0.10700000077486038
YDR109C,YHL009W-A,0,-2.9319758,0.12785016000270844,0.15700000524520874,0.1071000024676323
YJL021C,YBR284W,0,-2.9319758,0.12774613499641418,0.15700000524520874,0.10719999670982361
YPR096C,YPR158W-A,0,-2.9319758,0.12764227390289307,0.15700000524520874,0.10729999840259552
YNL284C-A,YOR257W,0,-2.9319758,0.12753859162330627,0.15700000524520874,0.10740000009536743
YJL021C,YOL103W-B,0,-2.9319758,0.12743505835533142,0.15700000524520874,0.10750000178813934
YML033W,YDR056C,0,-2.9319758,0.1273317039012909,0.15700000524520874,0.10760000348091125
YER074W-A,YIL096C,0,-2.9319758,0.1272285282611847,0.15700000524520874,0.10769999772310257
YJR025C,YHL009W-A,0,-2.9319758,0.12712550163269043,0.15700000524520874,0.10779999941587448
YPL060C-A,YLR391W-A,0,-2.9319758,0.1270226538181305,0.15700000524520874,0.10790000110864639
YIL080W,YJL012C-A,0,-2.9319758,0.1269199699163437,0.15700000524520874,0.1080000028014183
YJL021C,YDR210W-A,0,-2.9319758,0.12681744992733002,0.15700000524520874,0.10809999704360962
YFL002W-B,YGL249W,0,-2.9319758,0.12671509385108948,0.15700000524520874,0.10819999873638153
YLL032C,YHL009W-A,0,-2.9319758,0.12661290168762207,0.15700000524520874,0.10830000042915344
YNL284C-A,YKL158W,0,-2.9319758,0.1265108734369278,0.15700000524520874,0.10840000212192535
YJL170C,YHL009W-A,0,-2.9319758,0.12640902400016785,0.15700000524520874,0.10849999636411667
YBR156C,YHL009W-A,0,-2.9319758,0.12630732357501984,0.15700000524520874,0.10859999805688858
YER119C,YNL284C-A,0,-2.9319758,0.12620578706264496,0.15700000524520874,0.10869999974966049
YCL012W,YAR010C,0,-2.9319758,0.1261044144630432,0.15700000524520874,0.1088000014424324
YPR174C,YLR391W-A,0,-2.9319758,0.1260032057762146,0.15700000524520874,0.10890000313520432
YBL016W,YHL009W-A,0,-2.9319758,0.12590216100215912,0.15700000524520874,0.10899999737739563
YNL284C-A,YGR096W,0,-2.9319758,0.12580128014087677,0.15700000524520874,0.10909999907016754
YFL011W-A,YIL096C,0,-2.9319758,0.12570056319236755,0.15700000524520874,0.10920000076293945
YNL074C,YHL009W-A,0,-2.9319758,0.12559999525547028,0.15700000524520874,0.10930000245571136
YDR210W-A,YKR099C-A,0,-2.9319758,0.12549960613250732,0.15700000524520874,0.10939999669790268
YHR081W,YHL009W-A,0,-2.9319758,0.1253993660211563,0.15700000524520874,0.10949999839067459
YNL271C,YHL009W-A,0,-2.9319758,0.12529927492141724,0.15700000524520874,0.1096000000834465
YHR172W,YDR365W-A,0,-2.9319758,0.1251993626356125,0.15700000524520874,0.10970000177621841
YNL284C-A,YGR272C,0,-2.9319758,0.12509959936141968,0.15700000524520874,0.10980000346899033
YDL133C-A,YHL009W-A,0,-2.9319758,0.125,0.15700000524520874,0.10989999771118164
YGR272C,YIL067C,0,-2.9319758,0.12490055710077286,0.15700000524520874,0.10999999940395355
YNL284C-A,YGL127C,0,-2.9319758,0.12480127066373825,0.15700000524520874,0.11010000109672546
YMR168C,YHL009W-A,0,-2.9319758,0.12470214813947678,0.15700000524520874,0.11020000278949738
YKL070W,YLR391W-A,0,-2.9319758,0.12460317462682724,0.15700000524520874,0.11029999703168869
YGL006W,YOL103W-B,0,-2.9319758,0.12450436502695084,0.15700000524520874,0.1103999987244606
YBL072C,YHL009W-A,0,-2.9319758,0.12440570443868637,0.15700000524520874,0.11050000041723251
YNL284C-A,YNL256W,0,-2.9319758,0.12430720776319504,0.15700000524520874,0.11060000211000443
YPR078C,YHL009W-A,0,-2.9319758,0.12420886009931564,0.15700000524520874,0.11069999635219574
YMR140W,YHL009W-A,0,-2.9319758,0.12411066889762878,0.15700000524520874,0.11079999804496765
YKR076W,YNL284C-A,0,-2.9319758,0.12401264160871506,0.15700000524520874,0.11089999973773956
YFL018W-A,YLR455W,0,-2.9319758,0.12391475588083267,0.15700000524520874,0.11100000143051147
YBL018C,YHL009W-A,0,-2.9319758,0.12381703406572342,0.15700000524520874,0.11110000312328339
YNL284C-A,YGL179C,0,-2.9319758,0.1237194612622261,0.15700000524520874,0.1111999973654747
YLR044C,YHL009W-A,0,-2.9319758,0.12362204492092133,0.15700000524520874,0.11129999905824661
YPR200C,YHL009W-A,0,-2.9319758,0.12352478504180908,0.15700000524520874,0.11140000075101852
YNL284C-A,YOR147W,0,-2.9319758,0.12342767417430878,0.15700000524520874,0.11150000244379044
YGL010W,YKL158W,0,-2.9319758,0.12333071231842041,0.15700000524520874,0.11159999668598175
YNL192W,YNL284C-A,0,-2.9319758,0.12323390692472458,0.15700000524520874,0.11169999837875366
YHR076W,YNL284C-A,0,-2.9319758,0.12313725799322128,0.15700000524520874,0.11180000007152557
YHL009W-A,YPL048W,0,-2.9319758,0.12304075062274933,0.15700000524520874,0.11190000176429749
YJR022W,YHL009W-A,0,-2.9319758,0.12294439971446991,0.15700000524520874,0.1120000034570694
YGR272C,YLR040C,0,-2.9319758,0.12284819781780243,0.15700000524520874,0.11209999769926071
YNL284C-B,YDR218C,0,-2.9319758,0.12275215238332748,0.15700000524520874,0.11219999939203262
YER074W-A,YLL067C,0,-2.9319758,0.12265624850988388,0.15700000524520874,0.11230000108480453
YEL036C,YHL009W-A,0,-2.9319758,0.12256050109863281,0.15700000524520874,0.11240000277757645
YNL284C-A,YJR042W,0,-2.9319758,0.12246489524841309,0.15700000524520874,0.11249999701976776
YNL284C-A,YGL161C,0,-2.9319758,0.1223694458603859,0.15700000524520874,0.11259999871253967
YGR072W,YHL009W-A,0,-2.9319758,0.12227414548397064,0.15700000524520874,0.11270000040531158
YDR034C-D,YFL018W-A,0,-2.9319758,0.12217898666858673,0.15700000524520874,0.1128000020980835
YDR034C-C,YKL158W,0,-2.9319758,0.12208398431539536,0.15700000524520874,0.11289999634027481
YDR079C-A,YLR126C,0,-2.9319758,0.12198912352323532,0.15700000524520874,0.11299999803304672
YDR034C-C,YLR013W,0,-2.9319758,0.12189441174268723,0.15700000524520874,0.11309999972581863
YPL060C-A,YHL009W-A,0,-2.9319758,0.12179984152317047,0.15700000524520874,0.11320000141859055
YLR410W-A,YDR205W,0,-2.932127,0.12170542776584625,0.15700000524520874,0.11330000311136246
YLR074C,YPL125W,0,-2.9321342,0.12161115556955338,0.15700000524520874,0.11339999735355377
YGR038C-A,YLR132C,0,-2.932373,0.12151702493429184,0.15700000524520874,0.11349999904632568
YFL002W-A,YJL196C,0,-2.932373,0.12142305076122284,0.15700000524520874,0.1136000007390976
YKL160W,YKR101W,1,-2.9323902,0.12210200726985931,0.15800000727176666,0.1136000007390976
YDR365W-A,YOR305W,0,-2.93254,0.12200772017240524,0.15800000727176666,0.1137000024318695
YDR239C,YMR145C,0,-2.9328117,0.12191358208656311,0.15800000727176666,0.11379999667406082
YBR012W-B,YOL143C,0,-2.9330273,0.12181958556175232,0.15800000727176666,0.11389999836683273
YDR034C-C,YMR145C,0,-2.9332523,0.12172573059797287,0.15800000727176666,0.11400000005960464
YMR190C,YOR076C,0,-2.9333363,0.12163202464580536,0.15800000727176666,0.11410000175237656
YDR488C,YOR304C-A,0,-2.9335108,0.12153846025466919,0.15800000727176666,0.11420000344514847
YDR040C,YOR343W-A,0,-2.9337163,0.12144504487514496,0.15800000727176666,0.11429999768733978
YHR150W,YDR253C,0,-2.9338045,0.12135176360607147,0.15800000727176666,0.1143999993801117
YPL069C,YKR001C,0,-2.933807,0.12125863134860992,0.15800000727176666,0.1145000010728836
YDR393W,YLR013W,0,-2.934063,0.12116564065217972,0.15800000727176666,0.11460000276565552
YPL092W,YDR210C-D,0,-2.9341388,0.12107279896736145,0.15800000727176666,0.11469999700784683
YDR034C-D,YNL231C,0,-2.9342575,0.12098009139299393,0.15800000727176666,0.11479999870061874
YBL088C,YKL005C,0,-2.9345446,0.12088752537965775,0.15800000727176666,0.11490000039339066
YKL081W,YDR522C,0,-2.9345732,0.1207951083779335,0.15800000727176666,0.11500000208616257
YDR472W,YHL035C,0,-2.9345784,0.12070282548666,0.15800000727176666,0.11509999632835388
YLR363C,YLR410W-A,0,-2.9346423,0.12061068415641785,0.15800000727176666,0.1151999980211258
YAL044C,YEL016C,0,-2.934894,0.12051868438720703,0.15800000727176666,0.1152999997138977
YGL231C,YPR104C,0,-2.934967,0.12042682617902756,0.15800000727176666,0.11540000140666962
YOR192C-A,YNL231C,0,-2.935017,0.12033510953187943,0.15800000727176666,0.11550000309944153
YLR410W-A,YOR091W,0,-2.9351158,0.12024353444576263,0.15800000727176666,0.11559999734163284
YOL011W,YDR421W,0,-2.935175,0.12015209347009659,0.15800000727176666,0.11569999903440475
YKL087C,YDR218C,0,-2.935266,0.12006078660488129,0.15800000727176666,0.11580000072717667
YGL153W,YIR009W,0,-2.9353266,0.11996962875127792,0.15800000727176666,0.11590000241994858
YGR038C-A,YNL192W,0,-2.9353614,0.1198786050081253,0.15800000727176666,0.11599999666213989
YBR213W,YDR210W-A,0,-2.935381,0.11978771537542343,0.15800000727176666,0.1160999983549118
YJL048C,YIL095W,0,-2.9356098,0.1196969673037529,0.15800000727176666,0.11620000004768372
YMR153W,YLR103C,0,-2.9357853,0.11960636079311371,0.15800000727176666,0.11630000174045563
YKL145W,YPR067W,0,-2.93583,0.11951588839292526,0.15800000727176666,0.11640000343322754
YHR067W,YOR092W,0,-2.9359713,0.11942555010318756,0.15800000727176666,0.11649999767541885
YDR040C,YDR210C-D,0,-2.9361343,0.1193353459239006,0.15800000727176666,0.11659999936819077
YKR083C,YBR017C,0,-2.9361367,0.11924528330564499,0.15800000727176666,0.11670000106096268
YOR231W,YLL032C,0,-2.9362025,0.11915535479784012,0.15800000727176666,0.11680000275373459
YGL241W,YBL018C,0,-2.9362674,0.11906556040048599,0.15800000727176666,0.1168999969959259
YPL049C,YIR009W,0,-2.9362783,0.11897590011358261,0.15800000727176666,0.11699999868869781
YKL017C,YNR032C-A,0,-2.9364414,0.11888638138771057,0.15800000727176666,0.11710000038146973
YLR097C,YKR089C,0,-2.9365678,0.11879698932170868,0.15800000727176666,0.11720000207424164
YOL148C,YNL186W,1,-2.937017,0.11945905536413193,0.1589999943971634,0.11720000207424164
YLR325C,YBR012W-B,0,-2.9372258,0.11936937272548676,0.1589999943971634,0.11729999631643295
YBR274W,YPL242C,0,-2.9373279,0.11927981674671173,0.1589999943971634,0.11739999800920486
YER074W-A,YGL092W,0,-2.9373922,0.11919040232896805,0.1589999943971634,0.11749999970197678
YDR365W-A,YLR097C,0,-2.9374533,0.11910112202167511,0.1589999943971634,0.11760000139474869
YKR090W,YJL056C,0,-2.9374566,0.11901197582483292,0.1589999943971634,0.1177000030875206
YDL185W,YDR210W-A,0,-2.9375224,0.11892296373844147,0.1589999943971634,0.11779999732971191
YGR144W,YPL092W,0,-2.9376297,0.11883407831192017,0.1589999943971634,0.11789999902248383
YHR076W,YBL084C,0,-2.9376464,0.1187453344464302,0.1589999943971634,0.11800000071525574
YIL080W,YER052C,0,-2.9376755,0.1186567172408104,0.1589999943971634,0.11810000240802765
YEL011W,YPL121C,0,-2.938219,0.11856823414564133,0.1589999943971634,0.11819999665021896
YDR365W-A,YDR178W,0,-2.9382563,0.11847987771034241,0.1589999943971634,0.11829999834299088
YDR310C,YOL090W,1,-2.9383178,0.1191362589597702,0.1599999964237213,0.11829999834299088
YDL236W,YNL262W,1,-2.9383326,0.1197916641831398,0.16099999845027924,0.11829999834299088
YDR179C,YBL079W,0,-2.9383698,0.11970259994268417,0.16099999845027924,0.11840000003576279
YKL017C,YGR038C-B,0,-2.9384303,0.11961366981267929,0.16099999845027924,0.1185000017285347
YLR226W,YLR310C,0,-2.9385052,0.11952487379312515,0.16099999845027924,0.11860000342130661
YMR232W,YLR410W-B,0,-2.9389172,0.11943620443344116,0.16099999845027924,0.11869999766349792
YKL082C,YLR452C,0,-2.9389362,0.11934766173362732,0.16099999845027924,0.11879999935626984
YJR127C,YGR038C-B,0,-2.9390554,0.11925926059484482,0.16099999845027924,0.11890000104904175
YJR134C,YOR148C,0,-2.9391599,0.11917098611593246,0.16099999845027924,0.11900000274181366
YNR038W,YMR172W,0,-2.9394584,0.11908283829689026,0.16099999845027924,0.11909999698400497
YER138C,YPL270W,0,-2.939498,0.1189948245882988,0.16099999845027924,0.11919999867677689
YJL021C,YOL076W,0,-2.9397273,0.11890694499015808,0.16099999845027924,0.1193000003695488
YHR142W,YJL056C,0,-2.940312,0.11881918460130692,0.16099999845027924,0.11940000206232071
YPR165W,YKL222C,0,-2.9403195,0.11873156577348709,0.16099999845027924,0.11949999630451202
YDR019C,YBR271W,0,-2.940421,0.11864406615495682,0.16099999845027924,0.11959999799728394
YLR004C,YHR150W,0,-2.9404345,0.11855670064687729,0.16099999845027924,0.11969999969005585
YBR095C,YKR019C,1,-2.940463,0.1192052960395813,0.16200000047683716,0.11969999969005585
YDL101C,YER029C,0,-2.9406633,0.11911764740943909,0.16200000047683716,0.11980000138282776
YIL016W,YPR082C,0,-2.9410667,0.11903012543916702,0.16200000047683716,0.11990000307559967
YLL032C,YGR144W,0,-2.9414296,0.1189427301287651,0.16200000047683716,0.11999999731779099
YLR373C,YNL092W,0,-2.9415298,0.11885546892881393,0.16200000047683716,0.1200999990105629
YPL026C,YLR391W-A,0,-2.9415517,0.11876832693815231,0.16200000047683716,0.12020000070333481
YLR045C,YDR206W,0,-2.9416304,0.11868131905794144,0.16200000047683716,0.12030000239610672
YER119C,YOR343W-A,0,-2.94199,0.11859443783760071,0.16200000047683716,0.12039999663829803
YNL126W,YKL008C,0,-2.942038,0.11850768327713013,0.16200000047683716,0.12049999833106995
YLR373C,YJL008C,0,-2.94208,0.1184210553765297,0.16200000047683716,0.12060000002384186
YGR166W,YKL114C,0,-2.942213,0.11833455413579941,0.16200000047683716,0.12070000171661377
YHR036W,YDR210W-A,0,-2.9424047,0.11824817210435867,0.16200000047683716,0.12080000340938568
YKL062W,YAL044C,0,-2.9425282,0.11816192418336868,0.16200000047683716,0.120899997651577
YGL170C,YLR145W,0,-2.9425507,0.11807580292224884,0.16200000047683716,0.12099999934434891
YOR061W,YDR460W,0,-2.942749,0.11798980087041855,0.16200000047683716,0.12110000103712082
YFL013C,YER169W,1,-2.942843,0.11863173544406891,0.16300000250339508,0.12110000103712082
YDR003W,YDR206W,0,-2.9429245,0.11854545772075653,0.16300000250339508,0.12120000272989273
YGL170C,YGL232W,0,-2.9429693,0.1184592992067337,0.16300000250339508,0.12129999697208405
YOL076W,YPR082C,0,-2.9433236,0.11837327480316162,0.16300000250339508,0.12139999866485596
YJR029W,YKL145W,0,-2.9435453,0.11828736960887909,0.16300000250339508,0.12150000035762787
YOR192C-A,YLR268W,0,-2.9435692,0.1182015985250473,0.16300000250339508,0.12160000205039978
YBR274W,YBL076C,0,-2.9436393,0.11811593919992447,0.16300000250339508,0.1216999962925911
YNL271C,YLR391W-A,0,-2.9439173,0.11803041398525238,0.16300000250339508,0.121799997985363
YIL017W,YKL087C,0,-2.9441605,0.11794500797986984,0.16300000250339508,0.12189999967813492
YKL005C,YCL039W,0,-2.9441633,0.11785972863435745,0.16300000250339508,0.12200000137090683
YFL049W,YBR289W,1,-2.9442463,0.11849711090326309,0.164000004529953,0.12200000137090683
YPR111W,YLR391W-A,0,-2.9442954,0.11841155588626862,0.164000004529953,0.12210000306367874
YJR022W,YLR039C,0,-2.944407,0.11832612007856369,0.164000004529953,0.12219999730587006
YJL080C,YOL004W,1,-2.944519,0.11896178871393204,0.16500000655651093,0.12219999730587006
YKL082C,YGR217W,0,-2.9446297,0.11887607723474503,0.16500000655651093,0.12229999899864197
YJL012C-A,YLR121C,0,-2.9446845,0.11879049986600876,0.16500000655651093,0.12240000069141388
YML047C,YIL017W,0,-2.9446921,0.11870503425598145,0.16500000655651093,0.12250000238418579
YOR091W,YGL131C,0,-2.9447346,0.11861969530582428,0.16500000655651093,0.1225999966263771
YLR107W,YER129W,0,-2.944909,0.11853448301553726,0.16500000655651093,0.12269999831914902
YGR122W,YEL018W,0,-2.945291,0.1184493899345398,0.16500000655651093,0.12280000001192093
YER030W,YMR075W,1,-2.945437,0.1190817803144455,0.16599999368190765,0.12280000001192093
YGL095C,YNR032C-A,0,-2.9457588,0.11899641901254654,0.16599999368190765,0.12290000170469284
YBR289W,YDR121W,1,-2.9458637,0.11962750554084778,0.16699999570846558,0.12290000170469284
YKR036C,YIL149C,0,-2.946094,0.11954187601804733,0.16699999570846558,0.12300000339746475
YER169W,YLR442C,1,-2.9466214,0.1201716735959053,0.1679999977350235,0.12300000339746475
YDR210C-D,YML023C,0,-2.9466224,0.12008577585220337,0.1679999977350235,0.12309999763965607
YDR235W,YAR010C,0,-2.9466462,0.11999999731779099,0.1679999977350235,0.12319999933242798
YOR192C-A,YNL284C-B,0,-2.9467669,0.11991434544324875,0.1679999977350235,0.12330000102519989
YLR126C,YPR158W-A,0,-2.9469376,0.11982881277799606,0.1679999977350235,0.1234000027179718
YOL103W-A,YGL206C,0,-2.9470825,0.11974340677261353,0.1679999977350235,0.12349999696016312
YCR038C,YOR147W,0,-2.9471807,0.11965811997652054,0.1679999977350235,0.12359999865293503
YER157W,YFL001W,0,-2.947307,0.1195729523897171,0.1679999977350235,0.12370000034570694
YNR039C,YKL145W,0,-2.9474788,0.11948791146278381,0.1679999977350235,0.12380000203847885
YCL012W,YNL317W,0,-2.9480696,0.11940298229455948,0.1679999977350235,0.12389999628067017
YDR306C,YGL008C,0,-2.9482327,0.11931817978620529,0.1679999977350235,0.12399999797344208
YDR026C,YML001W,0,-2.9484076,0.11923349648714066,0.1679999977350235,0.12409999966621399
YLR410W-A,YDL039C,0,-2.948451,0.11914893984794617,0.1679999977350235,0.1242000013589859
YCL045C,YCL057W,0,-2.948453,0.11906449496746063,0.1679999977350235,0.12430000305175781
YDR365W-A,YPR067W,0,-2.948596,0.11898016929626465,0.1679999977350235,0.12439999729394913
YDR140W,YIL149C,0,-2.9487324,0.11889596283435822,0.1679999977350235,0.12449999898672104
YML113W,YMR114C,0,-2.9488573,0.11881188303232193,0.1679999977350235,0.12460000067949295
YKL201C,YOR343W-A,0,-2.948872,0.1187279149889946,0.1679999977350235,0.12470000237226486
YLR145W,YDR330W,0,-2.948936,0.11864406615495682,0.1679999977350235,0.12479999661445618
YGL212W,YBL084C,0,-2.9491363,0.11856033653020859,0.1679999977350235,0.12489999830722809
YKL001C,YLR027C,0,-2.9492493,0.11847672611474991,0.1679999977350235,0.125
YBR274W,YIL133C,0,-2.9493423,0.11839323490858078,0.1679999977350235,0.1251000016927719
YCL016C,YML093W,0,-2.9494576,0.1183098554611206,0.1679999977350235,0.12520000338554382
YEL003W,YJL047C,0,-2.949584,0.11822660267353058,0.1679999977350235,0.12530000507831573
YGR038C-A,YJL112W,0,-2.949912,0.1181434616446495,0.1679999977350235,0.12540000677108765
YFL002W-A,YOR354C,0,-2.9501095,0.11806043237447739,0.1679999977350235,0.12549999356269836
YAR009C,YJR120W,0,-2.9504313,0.11797752976417542,0.1679999977350235,0.12559999525547028
YPR049C,YDL147W,0,-2.9506445,0.1178947389125824,0.1679999977350235,0.1256999969482422
YPL265W,YGR038C-B,0,-2.9507542,0.11781205981969833,0.1679999977350235,0.1257999986410141
YBR284W,YAR010C,0,-2.9507551,0.11772949993610382,0.1679999977350235,0.125900000333786
YKR007W,YFL001W,0,-2.9508314,0.11764705926179886,0.1679999977350235,0.12600000202655792
YNL075W,YDR194C,0,-2.9510894,0.11756473034620285,0.1679999977350235,0.12610000371932983
YDL153C,YIL084C,1,-2.951219,0.11818181723356247,0.16899999976158142,0.12610000371932983
YDL236W,YDR439W,1,-2.9512463,0.11879803985357285,0.17000000178813934,0.12610000371932983
YDR405W,YCR087C-A,0,-2.9513783,0.1187150850892067,0.17000000178813934,0.12620000541210175
YFL018W-A,YGL238W,0,-2.951622,0.1186322420835495,0.17000000178813934,0.12630000710487366
YKL089W,YLR410W-A,0,-2.9516358,0.11854951083660126,0.17000000178813934,0.12639999389648438
YLR182W,YCL019W,0,-2.9516482,0.11846689879894257,0.17000000178813934,0.1264999955892563
YFL018W-A,YCR081W,0,-2.9518619,0.11838439851999283,0.17000000178813934,0.1265999972820282
YJR141W,YGL129C,0,-2.951879,0.11830201745033264,0.17000000178813934,0.1266999989748001
YIL062C,YOR147W,0,-2.951929,0.11821974813938141,0.17000000178813934,0.12680000066757202
YLR288C,YER030W,1,-2.9519348,0.11883252114057541,0.17100000381469727,0.12680000066757202
YML033W,YMR004W,0,-2.9519477,0.11874999850988388,0.17100000381469727,0.12690000236034393
YDR034C-C,YER045C,0,-2.952333,0.1186675950884819,0.17100000381469727,0.12700000405311584
YFL018W-A,YPL147W,0,-2.9525833,0.11858529597520828,0.17100000381469727,0.12710000574588776
YCL012W,YLR447C,0,-2.9526858,0.11850311607122421,0.17100000381469727,0.12720000743865967
YBR002C,YER129W,0,-2.9527063,0.1184210553765297,0.17100000381469727,0.12729999423027039
YGR038C-A,YGR109C,0,-2.952899,0.11833909898996353,0.17100000381469727,0.1273999959230423
YGR047C,YLR103C,0,-2.9530382,0.11825726181268692,0.17100000381469727,0.1274999976158142
YNL290W,YLL067C,0,-2.9530687,0.11817553639411926,0.17100000381469727,0.12759999930858612
YGR038C-B,YPL053C,0,-2.9532804,0.11809392273426056,0.17100000381469727,0.12770000100135803
YOL004W,YDR121W,1,-2.9534187,0.11870255321264267,0.1720000058412552,0.12770000100135803
YDL039C,YKL075C,0,-2.953549,0.11862068623304367,0.1720000058412552,0.12780000269412994
YLR015W,YLR442C,1,-2.9536314,0.11922811716794968,0.17299999296665192,0.12780000269412994
YOR304W,YOL090W,1,-2.953742,0.11983471363782883,0.17399999499320984,0.12780000269412994
YDR109C,YBR070C,0,-2.953836,0.11975223571062088,0.17399999499320984,0.12790000438690186
YDR079C-A,YLR032W,0,-2.9539084,0.11966987699270248,0.17399999499320984,0.12800000607967377
YDL067C,YFL002W-A,0,-2.9539852,0.11958763003349304,0.17399999499320984,0.12809999287128448
YKR019C,YPR193C,1,-2.9541779,0.12019230425357819,0.17499999701976776,0.12809999287128448
YKR067W,YOL103W-A,0,-2.954649,0.12010981142520905,0.17499999701976776,0.1281999945640564
YOL103W-A,YBR129C,0,-2.9546623,0.12002743780612946,0.17499999701976776,0.1282999962568283
YAL020C,YDL024C,0,-2.954729,0.11994516849517822,0.17499999701976776,0.12839999794960022
YKR020W,YJR026W,0,-2.9548607,0.11986301094293594,0.17499999701976776,0.12849999964237213
YPL006W,YLR297W,0,-2.9549298,0.11978097259998322,0.17499999701976776,0.12860000133514404
YPL060C-A,YHR026W,0,-2.955215,0.11969904601573944,0.17499999701976776,0.12870000302791595
YGL094C,YOR171C,0,-2.955368,0.11961722373962402,0.17499999701976776,0.12880000472068787
YOR004W,YCL019W,0,-2.955542,0.11953552067279816,0.17499999701976776,0.12890000641345978
YML033W,YLR166C,0,-2.9555454,0.11945392191410065,0.17499999701976776,0.1289999932050705
YDL220C,YAR010C,0,-2.9555645,0.11937244236469269,0.17499999701976776,0.1290999948978424
YFR040W,YOL100W,0,-2.9555645,0.11929106712341309,0.17499999701976776,0.12919999659061432
YKL001C,YOL103W-B,0,-2.9557548,0.11920981109142303,0.17499999701976776,0.12929999828338623
YDR277C,YGR046W,0,-2.9558544,0.11912865936756134,0.17499999701976776,0.12939999997615814
YJL148W,YER075C,0,-2.9559941,0.1190476194024086,0.17499999701976776,0.12950000166893005
YJL146W,YEL003W,0,-2.9560008,0.11896669119596481,0.17499999701976776,0.12960000336170197
YHL004W,YGR038W,0,-2.9561343,0.11888586729764938,0.17499999701976776,0.12970000505447388
YKL132C,YOL103W-B,0,-2.9563599,0.1188051626086235,0.17499999701976776,0.1298000067472458
YOR305W,YPL026C,0,-2.9563742,0.11872456222772598,0.17499999701976776,0.1298999935388565
YER087C-A,YIL077C,0,-2.9563832,0.11864406615495682,0.17499999701976776,0.12999999523162842
YDR040C,YKL075C,0,-2.9564013,0.1185636892914772,0.17499999701976776,0.13009999692440033
YBR271W,YDR421W,0,-2.9565778,0.11848340928554535,0.17499999701976776,0.13019999861717224
YKL154W,YCR093W,0,-2.9566064,0.11840324848890305,0.17499999701976776,0.13030000030994415
YPL106C,YPL241C,0,-2.9569302,0.1183231920003891,0.17499999701976776,0.13040000200271606
YKL174C,YBL028C,0,-2.9570804,0.11824323982000351,0.17499999701976776,0.13050000369548798
YPL097W,YER138C,0,-2.9573312,0.11816339939832687,0.17499999701976776,0.1306000053882599
YBL088C,YPL179W,0,-2.9574442,0.11808367073535919,0.17499999701976776,0.1307000070810318
YER045C,YGR038C-B,0,-2.9575176,0.11800404638051987,0.17499999701976776,0.13079999387264252
YPR034W,YJL065C,1,-2.9575357,0.11859837919473648,0.17599999904632568,0.13079999387264252
YOR304C-A,YOR076C,0,-2.9575953,0.11851851642131805,0.17599999904632568,0.13089999556541443
YOL011W,YBR070C,0,-2.957757,0.11843876540660858,0.17599999904632568,0.13099999725818634
YLR107W,YOR317W,0,-2.9581766,0.11835911124944687,0.17599999904632568,0.13109999895095825
YML056C,YPR204W,0,-2.9584508,0.11827956885099411,0.17599999904632568,0.13120000064373016
YPL060C-A,YGL100W,0,-2.9584522,0.11820013076066971,0.17599999904632568,0.13130000233650208
YDL204W,YLR410W-B,0,-2.958518,0.11812080442905426,0.17599999904632568,0.131400004029274
YBR060C,YOR064C,1,-2.9585924,0.11871227622032166,0.1770000010728836,0.131400004029274
YFL002W-B,YER072W,0,-2.9585967,0.1186327114701271,0.1770000010728836,0.1315000057220459
YLL010C,YDR210W-A,0,-2.9586892,0.11855325102806091,0.1770000010728836,0.1316000074148178
YOR343W-A,YDR490C,0,-2.9588075,0.11847389489412308,0.1770000010728836,0.13169999420642853
YML033W,YGL153W,0,-2.958836,0.1183946505188942,0.1770000010728836,0.13179999589920044
YHR214C-C,YGR078C,0,-2.959189,0.11831551045179367,0.1770000010728836,0.13189999759197235
YHR179W,YMR052W,0,-2.959229,0.1182364746928215,0.1770000010728836,0.13199999928474426
YDR469W,YOL148C,1,-2.9594698,0.11882510036230087,0.17800000309944153,0.13199999928474426
YDL216C,YBR022W,0,-2.9595566,0.1187458336353302,0.17800000309944153,0.13210000097751617
YOL103W-B,YGL129C,0,-2.9595575,0.11866666376590729,0.17800000309944153,0.13220000267028809
YDR210W-A,YEL037C,0,-2.9597154,0.11858760565519333,0.17800000309944153,0.13230000436306
YNL284C-B,YDL110C,0,-2.9597678,0.11850865185260773,0.17800000309944153,0.1324000060558319
YLR391W-A,YML114C,0,-2.9598436,0.11842980980873108,0.17800000309944153,0.13249999284744263
YOR192C-A,YJR074W,0,-2.960031,0.11835106462240219,0.17800000309944153,0.13259999454021454
YLR410W-A,YLR032W,0,-2.9601364,0.11827242374420166,0.17800000309944153,0.13269999623298645
YFL034C-B,YIL149C,0,-2.9604874,0.11819389462471008,0.17800000309944153,0.13279999792575836
YHR030C,YOR343W-A,0,-2.960689,0.11811546236276627,0.17800000309944153,0.13289999961853027
YGL010W,YGL135W,0,-2.9608006,0.1180371344089508,0.17800000309944153,0.13300000131130219
YHL020C,YGL147C,0,-2.9613266,0.1179589107632637,0.17800000309944153,0.1331000030040741
YDR034C-C,YNR057C,0,-2.9616895,0.11788079142570496,0.17800000309944153,0.133200004696846
YDR034C-D,YKL026C,0,-2.9618735,0.11780277639627457,0.17800000309944153,0.13330000638961792
YGR217W,YEL037C,0,-2.9620643,0.11772486567497253,0.17800000309944153,0.13339999318122864
YGR004W,YEL037C,0,-2.9622087,0.11764705926179886,0.17800000309944153,0.13349999487400055
YLR074C,YPR082C,0,-2.9622116,0.11756934970617294,0.17800000309944153,0.13359999656677246
YHR164C,YJL186W,0,-2.9622798,0.11749175190925598,0.17800000309944153,0.13369999825954437
YDR365W-A,YJR001W,0,-2.9622946,0.11741425096988678,0.17800000309944153,0.13379999995231628
YBL075C,YDR210C-D,0,-2.9625316,0.11733684688806534,0.17800000309944153,0.1339000016450882
YIL004C,YKL116C,0,-2.9630475,0.11725955456495285,0.17800000309944153,0.1340000033378601
YFL001W,YKL174C,0,-2.963109,0.11718235909938812,0.17800000309944153,0.13410000503063202
YFR040W,YPL097W,0,-2.9633079,0.11710526049137115,0.17800000309944153,0.13420000672340393
YJR022W,YER149C,0,-2.9633393,0.11702827364206314,0.17800000309944153,0.13429999351501465
YKL132C,YJL056C,0,-2.9634156,0.11695137619972229,0.17800000309944153,0.13439999520778656
YDR279W,YML037C,0,-2.9634938,0.1168745905160904,0.17800000309944153,0.13449999690055847
YFL049W,YPR193C,1,-2.9636054,0.11745406687259674,0.17900000512599945,0.13449999690055847
YOR343W-A,YKR089C,0,-2.9636106,0.11737705022096634,0.17900000512599945,0.13459999859333038
YDR346C,YPR138C,0,-2.9638596,0.1173001304268837,0.17900000512599945,0.1347000002861023
YLR427W,YMR114C,0,-2.963912,0.11722331494092941,0.17900000512599945,0.1348000019788742
YNR039C,YOR343W-A,0,-2.9639525,0.11714659631252289,0.17900000512599945,0.13490000367164612
YDL076C,YDR439W,1,-2.964343,0.11772400140762329,0.18000000715255737,0.13490000367164612
YFL002W-A,YDR184C,0,-2.9649148,0.11764705926179886,0.18000000715255737,0.13500000536441803
YAR009C,YER038C,0,-2.9649372,0.11757021397352219,0.18000000715255737,0.13510000705718994
YBR166C,YKR063C,0,-2.964961,0.11749347299337387,0.18000000715255737,0.13519999384880066
YLR418C,YBR095C,1,-2.9649658,0.11806914210319519,0.1809999942779541,0.13519999384880066
YBL079W,YKL134C,0,-2.9652367,0.11799217760562897,0.1809999942779541,0.13529999554157257
YIL044C,YDR210W-A,0,-2.9652424,0.1179153099656105,0.1809999942779541,0.13539999723434448
YDL231C,YHR191C,0,-2.965541,0.1178385391831398,0.1809999942779541,0.1354999989271164
YNL062C,YHR146W,0,-2.9656448,0.11776187270879745,0.1809999942779541,0.1356000006198883
YDR041W,YKL008C,0,-2.9657154,0.11768530309200287,0.1809999942779541,0.13570000231266022
YKL008C,YLR107W,0,-2.965755,0.11760883778333664,0.1809999942779541,0.13580000400543213
YLR410W-A,YMR020W,0,-2.9658737,0.11753246933221817,0.1809999942779541,0.13590000569820404
YFR005C,YPR158W-A,0,-2.965979,0.11745619773864746,0.1809999942779541,0.13600000739097595
YKL017C,YHR077C,0,-2.9660583,0.11738002300262451,0.1809999942779541,0.13609999418258667
YDR034C-D,YNR039C,0,-2.9660845,0.11730395257472992,0.1809999942779541,0.13619999587535858
YMR021C,YER149C,0,-2.966164,0.11722797900438309,0.1809999942779541,0.1362999975681305
YOL034W,YLR342W,0,-2.9661674,0.11715210229158401,0.1809999942779541,0.1363999992609024
YJR047C,YHR079C-A,0,-2.9662223,0.1170763224363327,0.1809999942779541,0.13650000095367432
YNL192W,YMR232W,0,-2.9663062,0.11700064688920975,0.1809999942779541,0.13660000264644623
YOR192C-A,YBL072C,0,-2.9664001,0.11692506819963455,0.1809999942779541,0.13670000433921814
YOR120W,YOL103W-B,0,-2.966453,0.11684957891702652,0.1809999942779541,0.13680000603199005
YBL006C,YLR442C,1,-2.9665422,0.11741935461759567,0.18199999630451202,0.13680000603199005
YAL041W,YKL116C,0,-2.9668932,0.11734364926815033,0.18199999630451202,0.13689999282360077
YDR034C-D,YBR041W,0,-2.9671898,0.11726804077625275,0.18199999630451202,0.13699999451637268
YHR025W,YKL197C,0,-2.9672284,0.11719252914190292,0.18199999630451202,0.1370999962091446
YBR012W-B,YKL154W,0,-2.967629,0.11711711436510086,0.18199999630451202,0.1371999979019165
YKL171W,YMR318C,0,-2.967701,0.11704180389642715,0.18199999630451202,0.13729999959468842
YGR109C,YLR166C,0,-2.9677405,0.11696658283472061,0.18199999630451202,0.13740000128746033
YOL103W-B,YDR001C,0,-2.9679265,0.11689145863056183,0.18199999630451202,0.13750000298023224
YDR306C,YJR022W,0,-2.9679384,0.1168164312839508,0.18199999630451202,0.13760000467300415
YBR186W,YDR277C,0,-2.9679728,0.11674150079488754,0.18199999630451202,0.13770000636577606
YKR030W,YPL121C,0,-2.9684472,0.11666666716337204,0.18199999630451202,0.13779999315738678
YDR365W-A,YPL174C,0,-2.9685583,0.1165919303894043,0.18199999630451202,0.1378999948501587
YIL148W,YCR092C,0,-2.9685888,0.11651728302240372,0.18199999630451202,0.1379999965429306
YKL171W,YGL147C,0,-2.9688315,0.1164427399635315,0.18199999630451202,0.13809999823570251
YCR087C-A,YDR497C,0,-2.9693303,0.11636828631162643,0.18199999630451202,0.13819999992847443
YML077W,YIL067C,0,-2.969448,0.11629392951726913,0.18199999630451202,0.13830000162124634
YPL249C,YLR035C,0,-2.9697595,0.1162196695804596,0.18199999630451202,0.13840000331401825
YDR307W,YNR058W,0,-2.9699583,0.11614549905061722,0.18199999630451202,0.13850000500679016
YOL103W-A,YEL002C,0,-2.970111,0.1160714253783226,0.18199999630451202,0.13860000669956207
YOR192C-A,YGL067W,0,-2.9701376,0.11599744856357574,0.18199999630451202,0.1386999934911728
YGR034W,YCR087C-A,0,-2.9701653,0.11592356860637665,0.18199999630451202,0.1387999951839447
YLR226W,YGL092W,0,-2.9703598,0.11584977805614471,0.18199999630451202,0.1388999968767166
YLR288C,YMR075W,1,-2.9704304,0.1164122149348259,0.18299999833106995,0.1388999968767166
YGR076C,YLR132C,0,-2.9705024,0.11633820831775665,0.18299999833106995,0.13899999856948853
YGR222W,YDR330W,0,-2.9705887,0.11626429110765457,0.18299999833106995,0.13910000026226044
YFL018W-A,YKL132C,0,-2.9706807,0.11619047820568085,0.18299999833106995,0.13920000195503235
YDL133C-A,YDR512C,0,-2.9708195,0.11611675471067429,0.18299999833106995,0.13930000364780426
YGL153W,YNR039C,0,-2.9709182,0.11604312062263489,0.18299999833106995,0.13940000534057617
YHR132C,YKL114C,0,-2.9709268,0.11596958339214325,0.18299999833106995,0.13950000703334808
YIL080W,YLL062C,0,-2.9709997,0.11589613556861877,0.18299999833106995,0.1395999938249588
YER148W,YOL100W,0,-2.9711251,0.11582278460264206,0.18299999833106995,0.1396999955177307
YHR068W,YOL103W-A,0,-2.971611,0.11574952304363251,0.18299999833106995,0.13979999721050262
YJR013W,YPL179W,0,-2.9717126,0.11567635834217072,0.18299999833106995,0.13989999890327454
YDR003W,YGR270W,0,-2.9717994,0.11560328304767609,0.18299999833106995,0.14000000059604645
YGR038C-A,YGL075C,0,-2.9718742,0.11553030461072922,0.18299999833106995,0.14010000228881836
YBR274W,YGL097W,0,-2.971994,0.11545741558074951,0.18299999833106995,0.14020000398159027
YGL153W,YKR083C,0,-2.9721184,0.11538461595773697,0.18299999833106995,0.14030000567436218
YDR034C-C,YPL188W,0,-2.9721642,0.11531190574169159,0.18299999833106995,0.1404000073671341
YKL005C,YOL052C-A,0,-2.9722934,0.11523929238319397,0.18299999833106995,0.1404999941587448
YOR142W-B,YCL057W,0,-2.9724011,0.11516676843166351,0.18299999833106995,0.14059999585151672
YPL060C-A,YAL043C,0,-2.9724011,0.11509434133768082,0.18299999833106995,0.14069999754428864
YNL182C,YPR158W-A,0,-2.9725585,0.11502199620008469,0.18299999833106995,0.14079999923706055
YDR365W-A,YGR076C,0,-2.9726377,0.11494974792003632,0.18299999833106995,0.14090000092983246
YGL170C,YLR410W-A,0,-2.972743,0.11487758904695511,0.18299999833106995,0.14100000262260437
YDL087C,YER129W,0,-2.9728394,0.11480551958084106,0.18299999833106995,0.14110000431537628
YOR120W,YNL284C-B,0,-2.9729009,0.11473353952169418,0.18299999833106995,0.1412000060081482
YOR192C-A,YJR137C,0,-2.9731379,0.11466165632009506,0.18299999833106995,0.1412999927997589
YLL038C,YKL158W,0,-2.973299,0.11458985507488251,0.18299999833106995,0.14139999449253082
YHR164C,YJR022W,0,-2.9737,0.11451815068721771,0.18299999833106995,0.14149999618530273
YDR365W-A,YOL152W,0,-2.9744272,0.11444652825593948,0.18299999833106995,0.14159999787807465
YPL060C-A,YGL247W,0,-2.9744534,0.11437500268220901,0.18299999833106995,0.14169999957084656
YJL110C,YNL004W,0,-2.9746466,0.11430355906486511,0.18299999833106995,0.14180000126361847
YOR192C-A,YPL043W,0,-2.9746904,0.11423221230506897,0.18299999833106995,0.14190000295639038
YPL049C,YPR158W-A,0,-2.974743,0.1141609475016594,0.18299999833106995,0.1420000046491623
YER014C-A,YCL027W,0,-2.9748573,0.11408977210521698,0.18299999833106995,0.1421000063419342
YDR034C-C,YNL039W,0,-2.9749537,0.11401869356632233,0.18299999833106995,0.14219999313354492
YPL043W,YDR194C,0,-2.9750886,0.11394769698381424,0.18299999833106995,0.14229999482631683
YIL131C,YBR215W,1,-2.9751167,0.11449906975030899,0.18400000035762787,0.14229999482631683
YOR343W-A,YML114C,0,-2.975401,0.11442785710096359,0.18400000035762787,0.14239999651908875
YDR515W,YDR398W,0,-2.975802,0.11435674130916595,0.18400000035762787,0.14249999821186066
YBL018C,YKL114C,0,-2.9760175,0.11428571492433548,0.18400000035762787,0.14259999990463257
YDR239C,YLR022C,0,-2.976067,0.11421477049589157,0.18400000035762787,0.14270000159740448
YDL184C,YIL095W,0,-2.9761128,0.11414392292499542,0.18400000035762787,0.1428000032901764
YLR410W-A,YKL150W,0,-2.9761887,0.11407315731048584,0.18400000035762787,0.1429000049829483
YBR095C,YLR442C,1,-2.9764147,0.11462205648422241,0.1850000023841858,0.1429000049829483
YDR210C-D,YBR156C,0,-2.9765759,0.11455108225345612,0.1850000023841858,0.14300000667572021
YLR410W-A,YKL086W,0,-2.9766273,0.11448019742965698,0.1850000023841858,0.14309999346733093
YOR192C-A,YJR153W,0,-2.9766788,0.11440940201282501,0.1850000023841858,0.14319999516010284
YDR227W,YGR252W,1,-2.9767103,0.11495673656463623,0.1860000044107437,0.14319999516010284
YGL006W,YLR427W,0,-2.9768572,0.11488573253154755,0.1860000044107437,0.14329999685287476
YHR150W,YMR286W,0,-2.9769382,0.11481481790542603,0.1860000044107437,0.14339999854564667
YDL133C-A,YIL075C,0,-2.9769468,0.11474398523569107,0.1860000044107437,0.14350000023841858
YER074W-A,YHR066W,0,-2.9770122,0.11467324197292328,0.1860000044107437,0.1436000019311905
YCL045C,YJR137C,0,-2.9771543,0.11460258811712265,0.1860000044107437,0.1437000036239624
YGR271W,YDR210W-A,0,-2.977376,0.11453201621770859,0.1860000044107437,0.14380000531673431
YML018C,YJL112W,0,-2.9778333,0.11446154117584229,0.1860000044107437,0.14390000700950623
YDL181W,YKL034W,0,-2.9778447,0.11439114063978195,0.1860000044107437,0.14399999380111694
YLR410W-A,YCR092C,0,-2.977944,0.11432083696126938,0.1860000044107437,0.14409999549388885
YDL101C,YGR166W,0,-2.9779544,0.11425061523914337,0.1860000044107437,0.14419999718666077
YOR192C-A,YGR122W,0,-2.9779959,0.11418047547340393,0.1860000044107437,0.14429999887943268
YGR268C,YOR142W-B,0,-2.9780474,0.11411043256521225,0.1860000044107437,0.1444000005722046
YPR158W-A,YBR002C,0,-2.9786153,0.11404046416282654,0.1860000044107437,0.1445000022649765
YGR038C-A,YKL132C,0,-2.978744,0.11397058516740799,0.1860000044107437,0.1446000039577484
YML065W,YBL006C,1,-2.978774,0.11451316624879837,0.18700000643730164,0.1446000039577484
YLR288C,YHR119W,1,-2.978857,0.11505507677793503,0.18799999356269836,0.1446000039577484
YOR056C,YBR176W,0,-2.9788918,0.11498470604419708,0.18799999356269836,0.14470000565052032
YOL103W-B,YMR073C,0,-2.979157,0.1149144247174263,0.18799999356269836,0.14480000734329224
YGL010W,YDL247W,0,-2.9794908,0.11484422534704208,0.18799999356269836,0.14489999413490295
YMR168C,YNL284C-B,0,-2.9794927,0.11477411538362503,0.18799999356269836,0.14499999582767487
YHR119W,YER161C,1,-2.9795194,0.11531421542167664,0.1889999955892563,0.14499999582767487
YHR085W,YNR057C,0,-2.9795737,0.11524390429258347,0.1889999955892563,0.14509999752044678
YNR054C,YMR192W,0,-2.9796638,0.11517367511987686,0.1889999955892563,0.1451999992132187
YOL135C,YDR001C,0,-2.9796839,0.11510353535413742,0.1889999955892563,0.1453000009059906
YDR034C-D,YGR240C,0,-2.9796996,0.11503347754478455,0.1889999955892563,0.1454000025987625
YNL039W,YMR153W,0,-2.9798446,0.11496350169181824,0.1889999955892563,0.14550000429153442
YBR213W,YLR410W-B,0,-2.979854,0.11489361524581909,0.1889999955892563,0.14560000598430634
YHR060W,YKL134C,0,-2.980238,0.11482381820678711,0.1889999955892563,0.14569999277591705
YOR257W,YOR219C,0,-2.9803376,0.1147540956735611,0.1889999955892563,0.14579999446868896
YER155C,YNL267W,0,-2.980482,0.11468446254730225,0.1889999955892563,0.14589999616146088
YCL012W,YPR016C,0,-2.980936,0.11461491882801056,0.1889999955892563,0.1459999978542328
YKL178C,YDR034C-D,0,-2.9810934,0.11454545706510544,0.1889999955892563,0.1460999995470047
YER028C,YGR158C,0,-2.9812365,0.11447607725858688,0.1889999955892563,0.1462000012397766
YBL088C,YKL059C,0,-2.9813042,0.1144067794084549,0.1889999955892563,0.14630000293254852
YDR211W,YGL048C,0,-2.981319,0.11433757096529007,0.1889999955892563,0.14640000462532043
YGR119C,YPL125W,0,-2.981359,0.11426843702793121,0.1889999955892563,0.14650000631809235
YOR064C,YPR193C,1,-2.9813886,0.11480362713336945,0.1899999976158142,0.14650000631809235
YAR033W,YNL284C-B,0,-2.9815578,0.11473429948091507,0.1899999976158142,0.14659999310970306
YNR032C-A,YHR079C-A,0,-2.9815922,0.11466505378484726,0.1899999976158142,0.14669999480247498
YER074W-A,YLR135W,0,-2.981914,0.11459589749574661,0.1899999976158142,0.1467999964952469
YDR325W,YOR343W-A,0,-2.9821262,0.11452682316303253,0.1899999976158142,0.1468999981880188
YHR169W,YOR092W,0,-2.9822469,0.11445783078670502,0.1899999976158142,0.1469999998807907
YLR239C,YNR058W,0,-2.982307,0.11438892036676407,0.1899999976158142,0.14710000157356262
YML065W,YER030W,1,-2.982325,0.11492177844047546,0.19099999964237213,0.14710000157356262
YOR056C,YLR457C,0,-2.9823346,0.114852674305439,0.19099999964237213,0.14720000326633453
YDR040C,YKL197C,0,-2.9824986,0.11478365212678909,0.19099999964237213,0.14730000495910645
YDR192C,YPR158W-A,0,-2.9825907,0.11471471190452576,0.19099999964237213,0.14740000665187836
YKL077W,YDL110C,0,-2.982648,0.11464586108922958,0.19099999964237213,0.14749999344348907
YOR030W,YGR046W,0,-2.983027,0.11457708477973938,0.19099999964237213,0.147599995136261
YHR211W,YDL080C,0,-2.9832897,0.11450839042663574,0.19099999964237213,0.1476999968290329
YJL021C,YGL083W,0,-2.983523,0.11443978548049927,0.19099999964237213,0.1477999985218048
YGR038C-B,YML004C,0,-2.9835458,0.11437125504016876,0.19099999964237213,0.14790000021457672
YNL284C-B,YKL222C,0,-2.9835973,0.11430281400680542,0.19099999964237213,0.14800000190734863
YER142C,YIL073C,0,-2.983715,0.11423444747924805,0.19099999964237213,0.14810000360012054
YMR226C,YNL329C,0,-2.9843688,0.11416617035865784,0.19099999964237213,0.14820000529289246
YJL021C,YGL019W,0,-2.9845057,0.1140979677438736,0.19099999964237213,0.14830000698566437
YMR114C,YHR191C,0,-2.9845085,0.11402984708547592,0.19099999964237213,0.14839999377727509
YDR027C,YFL002W-B,0,-2.9846816,0.11396181583404541,0.19099999964237213,0.148499995470047
YFL011W-A,YDR486C,0,-2.9847631,0.11389385908842087,0.19099999964237213,0.1485999971628189
YJL021C,YGR081C,0,-2.9848332,0.11382598429918289,0.19099999964237213,0.14869999885559082
YLR350W,YIL095W,0,-2.9855547,0.11375819146633148,0.19099999964237213,0.14880000054836273
YPL198W,YBR129C,0,-2.9856496,0.11369047313928604,0.19099999964237213,0.14890000224113464
YIL082W-A,YDL093W,0,-2.985702,0.11362284421920776,0.19099999964237213,0.14900000393390656
YDR239C,YBL075C,0,-2.9859185,0.11355528980493546,0.19099999964237213,0.14910000562667847
YGR267C,YJR029W,0,-2.9862738,0.11348781734704971,0.19099999964237213,0.14920000731945038
YLR258W,YGR038C-B,0,-2.9863596,0.11342042684555054,0.19099999964237213,0.1492999941110611
YBR289W,YGR252W,1,-2.986445,0.1139465868473053,0.19200000166893005,0.1492999941110611
YDR034C-D,YJL053W,0,-2.986618,0.1138790026307106,0.19200000166893005,0.149399995803833
YBL084C,YKL077W,0,-2.9867105,0.11381150037050247,0.19200000166893005,0.14949999749660492
YMR043W,YLR297W,0,-2.9868627,0.11374407261610031,0.19200000166893005,0.14959999918937683
YBL079W,YDR205W,0,-2.9869504,0.11367673426866531,0.19200000166893005,0.14970000088214874
YKL214C,YDR473C,0,-2.9869685,0.11360947042703629,0.19200000166893005,0.14980000257492065
YLR398C,YIL082W-A,0,-2.9871602,0.11354228109121323,0.19200000166893005,0.14990000426769257
YNL004W,YDR398W,0,-2.9871721,0.11347517371177673,0.19200000166893005,0.15000000596046448
YOR125C,YIL063C,0,-2.9872003,0.1134081482887268,0.19200000166893005,0.1500999927520752
YLR047C,YBR176W,0,-2.9872384,0.11334120482206345,0.19200000166893005,0.1501999944448471
YGL120C,YIL017W,0,-2.987308,0.11327433586120605,0.19200000166893005,0.15029999613761902
YKR083C,YDR194C,0,-2.987318,0.11320754885673523,0.19200000166893005,0.15039999783039093
YDL184C,YKL222C,0,-2.9873238,0.11314083635807037,0.19200000166893005,0.15049999952316284
YOR348C,YLR193C,0,-2.9877834,0.11307420581579208,0.19200000166893005,0.15060000121593475
YGR260W,YMR165C,0,-2.987866,0.11300764977931976,0.19200000166893005,0.15070000290870667
YOR192C-A,YCL016C,0,-2.9880118,0.11294117569923401,0.19200000166893005,0.15080000460147858
YBR289W,YIL131C,1,-2.9881606,0.1134626716375351,0.19300000369548798,0.15080000460147858
YPL157W,YOL164W,0,-2.9883475,0.11339600384235382,0.19300000369548798,0.1509000062942505
YNL059C,YER169W,1,-2.9886937,0.11391662061214447,0.1940000057220459,0.1509000062942505
YGL232W,YER157W,0,-2.9887385,0.11384976655244827,0.1940000057220459,0.1509999930858612
YJR134C,YNL329C,0,-2.9888191,0.11378299444913864,0.1940000057220459,0.15109999477863312
YAL020C,YNL213C,0,-2.9888659,0.11371629685163498,0.1940000057220459,0.15119999647140503
YBL074C,YLR126C,0,-2.9890094,0.11364968121051788,0.1940000057220459,0.15129999816417694
YHR119W,YER030W,1,-2.9891925,0.11416862159967422,0.19499999284744263,0.15129999816417694
YFL011W-A,YLR301W,0,-2.989194,0.11410181224346161,0.19499999284744263,0.15139999985694885
YDL116W,YKL082C,0,-2.9892297,0.11403508484363556,0.19499999284744263,0.15150000154972076
YKL063C,YPL075W,0,-2.9893332,0.11396843940019608,0.19499999284744263,0.15160000324249268
YLR376C,YJR006W,0,-2.9893408,0.11390186846256256,0.19499999284744263,0.1517000049352646
YER040W,YDR272W,0,-2.9893975,0.11383537948131561,0.19499999284744263,0.1518000066280365
YER014C-A,YKL222C,0,-2.9894123,0.11376896500587463,0.19499999284744263,0.15189999341964722
YDR365W-A,YNL115C,0,-2.9897676,0.11370262503623962,0.19499999284744263,0.15199999511241913
YJL140W,YNL004W,0,-2.9897704,0.11363636702299118,0.19499999284744263,0.15209999680519104
YOR304W,YGL014W,1,-2.9899344,0.11415259540081024,0.19599999487400055,0.15209999680519104
YDR225W,YKR019C,1,-2.9901333,0.11466822028160095,0.19699999690055847,0.15209999680519104
YKL214C,YMR156C,0,-2.9902282,0.1146015152335167,0.19699999690055847,0.15219999849796295
YHL034C,YKR099C-A,0,-2.9903078,0.1145348846912384,0.19699999690055847,0.15230000019073486
YGL259W,YAL055W,0,-2.990415,0.11446832865476608,0.19699999690055847,0.15240000188350677
YPL106C,YDR515W,0,-2.9905596,0.11440186202526093,0.19699999690055847,0.1525000035762787
YDR472W,YDR079C-A,0,-2.9907403,0.11433546245098114,0.19699999690055847,0.1526000052690506
YLL015W,YLR032W,0,-2.990757,0.11426914483308792,0.19699999690055847,0.1527000069618225
YBR012W-B,YKL126W,0,-2.9911375,0.11420290172100067,0.19699999690055847,0.15279999375343323
YGR047C,YML103C,0,-2.991166,0.11413673311471939,0.19699999690055847,0.15289999544620514
YKR099C-A,YPL037C,0,-2.9916892,0.11407063901424408,0.19699999690055847,0.15299999713897705
YMR286W,YNL308C,0,-2.99195,0.11400462687015533,0.19699999690055847,0.15309999883174896
YLR226W,YKL158W,0,-2.9922023,0.11393868923187256,0.19699999690055847,0.15320000052452087
YLR035C,YER019C-A,0,-2.992238,0.11387283354997635,0.19699999690055847,0.15330000221729279
YAL022C,YOR319W,0,-2.9923477,0.11380704492330551,0.19699999690055847,0.1534000039100647
YLR431C,YER129W,0,-2.992405,0.11374133825302124,0.19699999690055847,0.1535000056028366
YLR410W-A,YDL247W,0,-2.9929166,0.11367570608854294,0.19699999690055847,0.15360000729560852
YGR119C,YGL129C,0,-2.99295,0.1136101484298706,0.19699999690055847,0.15369999408721924
YOR123C,YDR121W,1,-2.9935417,0.11412103474140167,0.1979999989271164,0.15369999408721924
YCL012W,YNL078W,0,-2.993626,0.11405529826879501,0.1979999989271164,0.15379999577999115
YMR208W,YOL103W-A,0,-2.9936395,0.11398963630199432,0.1979999989271164,0.15389999747276306
YFL001W,YNL004W,0,-2.9939008,0.1139240488409996,0.1979999989271164,0.15399999916553497
YKL082C,YMR052W,0,-2.9944773,0.11385853588581085,0.1979999989271164,0.15410000085830688
YNR032C-A,YPR082C,0,-2.9945421,0.11379310488700867,0.1979999989271164,0.1542000025510788
YFL013C,YLR015W,1,-2.9948072,0.1143021285533905,0.19900000095367432,0.1542000025510788
YJR013W,YJR153W,0,-2.9953861,0.1142365112900734,0.19900000095367432,0.1543000042438507
YBR114W,YER045C,0,-2.9955072,0.11417096853256226,0.19900000095367432,0.15440000593662262
YDR472W,YJL053W,0,-2.9955974,0.11410550773143768,0.19900000095367432,0.15449999272823334
YBR162W-A,YNL213C,0,-2.9956722,0.11404011398553848,0.19900000095367432,0.15459999442100525
YGL013C,YNL258C,0,-2.9958563,0.11397480219602585,0.19900000095367432,0.15469999611377716
YKL201C,YKL086W,0,-2.9959087,0.11390955746173859,0.19900000095367432,0.15479999780654907
YDR034C-D,YDL147W,0,-2.9962544,0.11384439468383789,0.19900000095367432,0.15489999949932098
YLR022C,YCR097W,0,-2.9964557,0.11377929896116257,0.19900000095367432,0.1550000011920929
YJL090C,YEL036C,0,-2.9965334,0.11371428519487381,0.19900000095367432,0.1551000028848648
YLR373C,YDR450W,0,-2.9965777,0.11364934593439102,0.19900000095367432,0.15520000457763672
YGL232W,YDR179C,0,-2.9966083,0.1135844737291336,0.19900000095367432,0.15530000627040863
YFL002W-A,YML018C,0,-2.9966373,0.11351968348026276,0.19900000095367432,0.15539999306201935
YDR034C-D,YDR513W,0,-2.9967809,0.11345496028661728,0.19900000095367432,0.15549999475479126
YBR274W,YCR092C,0,-2.9969673,0.11339031159877777,0.19900000095367432,0.15559999644756317
YKR096W,YNL329C,0,-2.997025,0.11332573741674423,0.19900000095367432,0.15569999814033508
YGL023C,YPR174C,0,-2.997047,0.11326123774051666,0.19900000095367432,0.155799999833107
YOR305W,YJL053W,0,-2.9971051,0.11319681257009506,0.19900000095367432,0.1559000015258789
YBR248C,YNR059W,0,-2.9972358,0.11313246190547943,0.19900000095367432,0.15600000321865082
YDL223C,YDL122W,0,-2.9972744,0.11306817829608917,0.19900000095367432,0.15610000491142273
YOR343W-A,YMR100W,0,-2.9973073,0.11300397664308548,0.19900000095367432,0.15620000660419464
YDR239C,YBR045C,0,-2.9973903,0.11293984204530716,0.19900000095367432,0.15629999339580536
YOR338W,YKR089C,0,-2.9979033,0.11287578195333481,0.19900000095367432,0.15639999508857727
YCR010C,YDR421W,0,-2.998289,0.11281178891658783,0.19900000095367432,0.15649999678134918
YBL099W,YER087C-A,0,-2.9983363,0.11274787783622742,0.19900000095367432,0.1565999984741211
YML033W,YHR148W,0,-2.9985876,0.11268403381109238,0.19900000095367432,0.156700000166893
YJL140W,YGL144C,0,-2.9987988,0.11262025684118271,0.19900000095367432,0.15680000185966492
YOL011W,YFL031W,0,-2.9989653,0.1125565618276596,0.19900000095367432,0.15690000355243683
YML033W,YGL212W,0,-2.9991298,0.11249293386936188,0.19900000095367432,0.15700000524520874
YJL128C,YBL036C,0,-2.9994311,0.11242938041687012,0.19900000095367432,0.15710000693798065
YMR156C,YBR162W-A,0,-2.999529,0.11236589401960373,0.19900000095367432,0.15719999372959137
YBL041W,YNL207W,0,-2.999813,0.11230248212814331,0.19900000095367432,0.15729999542236328
YPR204W,YOR087W,0,-3.000084,0.11223914474248886,0.19900000095367432,0.1573999971151352
YDL031W,YOR076C,0,-3.0005565,0.11217587441205978,0.19900000095367432,0.1574999988079071
YDR365W-A,YCL027W,0,-3.0007596,0.11211267858743668,0.19900000095367432,0.15760000050067902
YLR327C,YOR142W-B,0,-3.000877,0.11204954981803894,0.19900000095367432,0.15770000219345093
YER040W,YDR264C,0,-3.0009265,0.11198649555444717,0.19900000095367432,0.15780000388622284
YGR121C,YLR191W,0,-3.0010552,0.11192350834608078,0.19900000095367432,0.15790000557899475
YOR044W,YCL019W,0,-3.0010996,0.11186059564352036,0.19900000095367432,0.15800000727176666
YOL011W,YKL087C,0,-3.0012865,0.1117977499961853,0.19900000095367432,0.15809999406337738
YBL091C,YKL075C,0,-3.0013242,0.11173497885465622,0.19900000095367432,0.1581999957561493
YCL012W,YKL206C,0,-3.0013442,0.11167227476835251,0.19900000095367432,0.1582999974489212
YOL103W-A,YHR066W,0,-3.0013452,0.11160964518785477,0.19900000095367432,0.15839999914169312
YCR003W,YDL003W,0,-3.001586,0.1115470826625824,0.19900000095367432,0.15850000083446503
YGR194C,YKL158W,0,-3.0017934,0.111484594643116,0.19900000095367432,0.15860000252723694
YCR052W,YIL084C,1,-3.0019212,0.1119820848107338,0.20000000298023224,0.15860000252723694
YDL215C,YGR222W,0,-3.001936,0.11191941797733307,0.20000000298023224,0.15870000422000885
YBL074C,YPL053C,0,-3.0019531,0.11185682564973831,0.20000000298023224,0.15880000591278076
YDR081C,YOR171C,0,-3.0021167,0.11179430037736893,0.20000000298023224,0.15889999270439148
YHL027W,YKR089C,0,-3.0025554,0.11173184216022491,0.20000000298023224,0.1589999943971634
YNL263C,YPR158W-A,0,-3.0026321,0.11166945844888687,0.20000000298023224,0.1590999960899353
YDR532C,YEL039C,0,-3.002697,0.1116071417927742,0.20000000298023224,0.15919999778270721
YCL012W,YMR250W,0,-3.0028706,0.1115448996424675,0.20000000298023224,0.15929999947547913
YGR272C,YOL103W,0,-3.0029678,0.11148271709680557,0.20000000298023224,0.15940000116825104
YKR007W,YAR010C,0,-3.0038753,0.11142061650753021,0.20000000298023224,0.15950000286102295
YBR213W,YER138C,0,-3.0039506,0.11135857552289963,0.20000000298023224,0.15960000455379486
YKR083C,YKL134C,0,-3.0039725,0.11129660904407501,0.20000000298023224,0.15970000624656677
YJL124C,YDR088C,0,-3.0043054,0.11123470216989517,0.20000000298023224,0.1597999930381775
YPR070W,YER087C-B,0,-3.004376,0.1111728772521019,0.20000000298023224,0.1598999947309494
YDR210C-D,YDR146C,0,-3.004446,0.1111111119389534,0.20000000298023224,0.1599999964237213
YGL092W,YGR004W,0,-3.0045733,0.11104941368103027,0.20000000298023224,0.16009999811649323
YKL025C,YMR021C,0,-3.0045872,0.11098778992891312,0.20000000298023224,0.16019999980926514
YPR111W,YLR039C,0,-3.0046363,0.11092623323202133,0.20000000298023224,0.16030000150203705
YMR043W,YOR142W-B,0,-3.0049725,0.11086474359035492,0.20000000298023224,0.16040000319480896
YDR312W,YDL093W,0,-3.0053768,0.11080332100391388,0.20000000298023224,0.16050000488758087
YIL073C,YKL027W,0,-3.0056257,0.11074197292327881,0.20000000298023224,0.16060000658035278
YBL006C,YIL131C,1,-3.0057983,0.11123409122228622,0.20100000500679016,0.16060000658035278
YDL181W,YDR179C,0,-3.0066438,0.11117256432771683,0.20100000500679016,0.1606999933719635
YNL207W,YLR275W,0,-3.0068822,0.1111111119389534,0.20100000500679016,0.1607999950647354
YER028C,YNL284C-B,0,-3.00743,0.11104972660541534,0.20100000500679016,0.16089999675750732
YGL027C,YIL016W,0,-3.0075326,0.11098840087652206,0.20100000500679016,0.16099999845027924
YIL122W,YCR018C,0,-3.007534,0.11092714965343475,0.20100000500679016,0.16110000014305115
YHR146W,YIL038C,0,-3.0077853,0.11086596548557281,0.20100000500679016,0.16120000183582306
YJL048C,YOR305W,0,-3.007896,0.11080484837293625,0.20100000500679016,0.16130000352859497
YNL154C,YHR036W,0,-3.0081582,0.11074379831552505,0.20100000500679016,0.16140000522136688
YML033W,YDR027C,0,-3.0083408,0.11068282276391983,0.20100000500679016,0.1615000069141388
YER171W,YDR235W,0,-3.0083756,0.11062190681695938,0.20100000500679016,0.1615999937057495
YDR034C-C,YOL109W,0,-3.0087175,0.1105610579252243,0.20100000500679016,0.16169999539852142
YOR064C,YLR321C,1,-3.00874,0.11105002462863922,0.20200000703334808,0.16169999539852142
YAL055W,YKL158W,0,-3.0087876,0.11098901182413101,0.20200000703334808,0.16179999709129333
YPR034W,YML109W,1,-3.0089135,0.11147721111774445,0.2029999941587448,0.16179999709129333
YMR217W,YOL103W-A,0,-3.0090685,0.11141602694988251,0.2029999941587448,0.16189999878406525
YPL147W,YDR479C,0,-3.0094109,0.11135490983724594,0.2029999941587448,0.16200000047683716
YER087C-A,YJL021C,0,-3.0094795,0.11129385977983475,0.2029999941587448,0.16210000216960907
YDR393W,YJL148W,0,-3.0096354,0.11123287677764893,0.2029999941587448,0.16220000386238098
YER171W,YPL241C,0,-3.0096936,0.11117196083068848,0.2029999941587448,0.1623000055551529
YOL076W,YHR060W,0,-3.0097027,0.1111111119389534,0.2029999941587448,0.1624000072479248
YDR365W-A,YPL125W,0,-3.009829,0.1110503301024437,0.2029999941587448,0.16249999403953552
YOR257W,YOR142W-B,0,-3.0099463,0.11098961532115936,0.2029999941587448,0.16259999573230743
YPR070W,YNL272C,0,-3.010316,0.1109289601445198,0.2029999941587448,0.16269999742507935
YDR500C,YJR120W,0,-3.0104122,0.11086837947368622,0.2029999941587448,0.16279999911785126
YNL075W,YDR263C,0,-3.0110164,0.1108078584074974,0.2029999941587448,0.16290000081062317
YMR058W,YCR047C,0,-3.0110683,0.11074741184711456,0.2029999941587448,0.16300000250339508
YOR171C,YER118C,0,-3.011126,0.1106870248913765,0.2029999941587448,0.163100004196167
YMR052W,YMR114C,0,-3.0115805,0.1106267049908638,0.2029999941587448,0.1632000058889389
YOL103W-A,YJL035C,0,-3.0117016,0.11056645214557648,0.2029999941587448,0.16329999268054962
YJR134C,YOR256C,0,-3.0119524,0.11050625890493393,0.2029999941587448,0.16339999437332153
YBR271W,YMR043W,0,-3.0123844,0.11044614017009735,0.2029999941587448,0.16349999606609344
YFR004W,YGL249W,0,-3.0124722,0.11038608103990555,0.2029999941587448,0.16359999775886536
YGL006W,YER087C-A,0,-3.0125198,0.11032608896493912,0.2029999941587448,0.16369999945163727
YLR074C,YMR223W,0,-3.0128455,0.11026615649461746,0.2029999941587448,0.16380000114440918
YLR418C,YLL002W,1,-3.0128684,0.11074918508529663,0.20399999618530273,0.16380000114440918
YIR017C,YAR010C,0,-3.013217,0.11068909615278244,0.20399999618530273,0.1639000028371811
YDL067C,YDL116W,0,-3.0132585,0.11062906682491302,0.20399999618530273,0.164000004529953
YCL045C,YBR106W,0,-3.013701,0.11056910455226898,0.20399999618530273,0.16410000622272491
YER028C,YJR120W,0,-3.0137634,0.11050920933485031,0.20399999618530273,0.16419999301433563
YER075C,YKL205W,0,-3.014123,0.11044937372207642,0.20399999618530273,0.16429999470710754
YOR250C,YPL048W,0,-3.0141773,0.11038961261510849,0.20399999618530273,0.16439999639987946
YHL016C,YGL203C,0,-3.0141854,0.11032991111278534,0.20399999618530273,0.16449999809265137
YDL236W,YIL131C,1,-3.0142465,0.11081080883741379,0.20499999821186066,0.16449999809265137
YDR323C,YKR083C,0,-3.014309,0.1107509434223175,0.20499999821186066,0.16459999978542328
YFL011W-A,YGR038W,0,-3.0147057,0.1106911450624466,0.20499999821186066,0.1647000014781952
YMR140W,YOL069W,0,-3.0151353,0.11063140630722046,0.20499999821186066,0.1648000031709671
YGL038C,YHR214C-C,0,-3.0153294,0.1105717346072197,0.20499999821186066,0.164900004863739
YML069W,YDR121W,1,-3.0154543,0.11105120927095413,0.20600000023841858,0.164900004863739
YBR012W-B,YGR042W,0,-3.0160375,0.11099138110876083,0.20600000023841858,0.16500000655651093
YDR121W,YMR075W,1,-3.016096,0.11147011071443558,0.2070000022649765,0.16500000655651093
YCR018C,YPR190C,0,-3.0161176,0.11141011863946915,0.2070000022649765,0.16509999334812164
YLR032W,YBL079W,0,-3.0162315,0.11135018616914749,0.2070000022649765,0.16519999504089355
YLR107W,YOR343W-A,0,-3.0162654,0.11129032075405121,0.2070000022649765,0.16529999673366547
YIL073C,YJL096W,0,-3.0165496,0.1112305223941803,0.2070000022649765,0.16539999842643738
YAL010C,YDL045W-A,0,-3.0166297,0.11117078363895416,0.2070000022649765,0.1655000001192093
YLR418C,YLR015W,1,-3.0167427,0.11164788156747818,0.20800000429153442,0.1655000001192093
YPR034W,YDR224C,1,-3.017498,0.11212446540594101,0.20900000631809235,0.1655000001192093
YLR381W,YNL078W,0,-3.017901,0.11206434667110443,0.20900000631809235,0.1656000018119812
YLR418C,YNL246W,1,-3.0179582,0.11254019290208817,0.20999999344348907,0.1656000018119812
YBL041W,YOL144W,0,-3.0180912,0.11247991770505905,0.20999999344348907,0.1657000035047531
YDR184C,YDR186C,0,-3.0181136,0.11241970211267471,0.20999999344348907,0.16580000519752502
YDR239C,YIL067C,0,-3.0183868,0.11235955357551575,0.20999999344348907,0.16590000689029694
YOR038C,YBR095C,1,-3.018443,0.11283422261476517,0.210999995470047,0.16590000689029694
YKL027W,YKL134C,0,-3.0186558,0.11277391761541367,0.210999995470047,0.16599999368190765
YDL213C,YOR142W-B,0,-3.0186644,0.11271367222070694,0.210999995470047,0.16609999537467957
YPL157W,YLR455W,0,-3.0186691,0.11265349388122559,0.210999995470047,0.16619999706745148
YHR005C,YPL204W,0,-3.0187168,0.1125933825969696,0.210999995470047,0.1662999987602234
YMR208W,YLR391W-A,0,-3.0187473,0.1125333309173584,0.210999995470047,0.1664000004529953
YMR122W-A,YNL278W,0,-3.0187645,0.11247334629297256,0.210999995470047,0.1665000021457672
YOR061W,YLR132C,0,-3.0187693,0.1124134287238121,0.210999995470047,0.16660000383853912
YDL076C,YMR075W,1,-3.0189304,0.11288604885339737,0.21199999749660492,0.16660000383853912
YJR006W,YKR099C-A,0,-3.0189595,0.11282597482204437,0.21199999749660492,0.16670000553131104
YPR034W,YLR449W,1,-3.0190468,0.11329787224531174,0.21299999952316284,0.16670000553131104
YBL091C,YOR305W,0,-3.0191503,0.1132376417517662,0.21299999952316284,0.16680000722408295
YFL002W-B,YBR294W,0,-3.0192494,0.11317747086286545,0.21299999952316284,0.16689999401569366
YIL044C,YDL003W,0,-3.0193949,0.11311736702919006,0.21299999952316284,0.16699999570846558
YHR068W,YCR081W,0,-3.0196524,0.11305732280015945,0.21299999952316284,0.1670999974012375
YOR250C,YCR093W,0,-3.0196848,0.11299734562635422,0.21299999952316284,0.1671999990940094
YML037C,YDR082W,0,-3.0198193,0.11293743550777435,0.21299999952316284,0.1673000007867813
YER087C-A,YJR151C,0,-3.0203319,0.11287758499383926,0.21299999952316284,0.16740000247955322
YGL142C,YDR034C-C,0,-3.020537,0.11281779408454895,0.21299999952316284,0.16750000417232513
YCR087C-A,YLR238W,0,-3.0207791,0.11275807023048401,0.21299999952316284,0.16760000586509705
YDR109C,YGL249W,0,-3.0209084,0.11269841343164444,0.21299999952316284,0.16769999265670776
YKL214C,YNL334C,0,-3.0210514,0.11263881623744965,0.21299999952316284,0.16779999434947968
YDR041W,YDR179C,0,-3.0212288,0.11257927864789963,0.21299999952316284,0.1678999960422516
YLR105C,YMR190C,0,-3.0213065,0.11251980811357498,0.21299999952316284,0.1679999977350235
YIL017W,YHR143W,0,-3.0213451,0.11246040463447571,0.21299999952316284,0.1680999994277954
YHR214C-C,YPL090C,0,-3.0213556,0.11240105330944061,0.21299999952316284,0.16820000112056732
YPL033C,YNL077W,0,-3.0215,0.11234176903963089,0.21299999952316284,0.16830000281333923
YNL062C,YNL090W,0,-3.0219297,0.11228255182504654,0.21299999952316284,0.16840000450611115
YNL261W,YOL004W,1,-3.022018,0.11275026202201843,0.21400000154972076,0.16840000450611115
YDL184C,YLR226W,0,-3.0220284,0.11269088834524155,0.21400000154972076,0.16850000619888306
YBR201W,YDR460W,0,-3.022069,0.11263158172369003,0.21400000154972076,0.16859999299049377
YML018C,YOL103W-A,0,-3.0221167,0.1125723272562027,0.21400000154972076,0.16869999468326569
YLR410W-A,YKL127W,0,-3.0221748,0.11251314729452133,0.21400000154972076,0.1687999963760376
YMR101C,YLR410W-A,0,-3.0222921,0.11245401948690414,0.21400000154972076,0.1688999980688095
YIL080W,YOL031C,0,-3.0225625,0.11239495873451233,0.21400000154972076,0.16899999976158142
YCL045C,YNL252C,0,-3.022584,0.11233595758676529,0.21400000154972076,0.16910000145435333
YBL047C,YER138C,0,-3.022591,0.11227702349424362,0.21400000154972076,0.16920000314712524
YER014C-A,YLR268W,0,-3.0227242,0.11221814155578613,0.21400000154972076,0.16930000483989716
YDR421W,YJL112W,0,-3.0227318,0.11215932667255402,0.21400000154972076,0.16940000653266907
YOR287C,YKR030W,0,-3.022739,0.11210057884454727,0.21400000154972076,0.16949999332427979
YHL020C,YOL040C,0,-3.0227456,0.1120418831706047,0.21400000154972076,0.1695999950170517
YLR391W-A,YPL121C,0,-3.023065,0.11198325455188751,0.21400000154972076,0.1696999967098236
YBR176W,YPL082C,0,-3.0230784,0.1119246855378151,0.21400000154972076,0.16979999840259552
YDL101C,YER190W,0,-3.0232096,0.11186617612838745,0.21400000154972076,0.16990000009536743
YHR067W,YDR194C,0,-3.0232944,0.11180773377418518,0.21400000154972076,0.17000000178813934
YNL262W,YDR303C,1,-3.023499,0.11227153986692429,0.2150000035762787,0.17000000178813934
YIL067C,YIL135C,0,-3.0237837,0.11221294105052948,0.2150000035762787,0.17010000348091125
YIL082W-A,YIL096C,0,-3.0238156,0.11215440928936005,0.2150000035762787,0.17020000517368317
YPL106C,YHR077C,0,-3.023919,0.11209592968225479,0.2150000035762787,0.17030000686645508
YCR081W,YNL163C,0,-3.0239806,0.11203751713037491,0.2150000035762787,0.1703999936580658
YGR038C-A,YGR047C,0,-3.0243983,0.1119791641831398,0.2150000035762787,0.1704999953508377
YGL013C,YPL188W,0,-3.0244784,0.11192087084054947,0.2150000035762787,0.17059999704360962
YGL136C,YBR294W,0,-3.0245628,0.11186264455318451,0.2150000035762787,0.17069999873638153
YMR122W-A,YKL206C,0,-3.0247016,0.11180447041988373,0.2150000035762787,0.17080000042915344
YGR046W,YGL167C,0,-3.0248504,0.11174636334180832,0.2150000035762787,0.17090000212192535
YDR310C,YNL186W,1,-3.024972,0.112207792699337,0.2160000056028366,0.17090000212192535
YLR102C,YDL049C,0,-3.0250568,0.11214952915906906,0.2160000056028366,0.17100000381469727
YDR019C,YLR040C,0,-3.0251117,0.11209133267402649,0.2160000056028366,0.17110000550746918
YKL124W,YBL074C,0,-3.0251975,0.11203319579362869,0.2160000056028366,0.1712000072002411
YHL035C,YKL063C,0,-3.0253663,0.11197511851787567,0.2160000056028366,0.1712999939918518
YBL091C,YNL267W,0,-3.0253906,0.11191710084676743,0.2160000056028366,0.17139999568462372
YKL057C,YMR277W,0,-3.0254288,0.11185914278030396,0.2160000056028366,0.17149999737739563
YGL094C,YJL112W,0,-3.0254574,0.11180124431848526,0.2160000056028366,0.17159999907016754
YER142C,YOR260W,0,-3.0256104,0.11174340546131134,0.2160000056028366,0.17170000076293945
YJL176C,YLR449W,1,-3.0256648,0.11220268905162811,0.21699999272823334,0.17170000076293945
YGR119C,YLR391W-A,0,-3.0256944,0.11214470118284225,0.21699999272823334,0.17180000245571136
YLR376C,YLR361C,0,-3.0258665,0.11208678036928177,0.21699999272823334,0.17190000414848328
YJR026W,YDR272W,0,-3.0259352,0.11202891170978546,0.21699999272823334,0.1720000058412552
YGR078C,YDR013W,0,-3.0259447,0.11197110265493393,0.21699999272823334,0.1720999926328659
YBR055C,YGL094C,0,-3.0260224,0.11191336065530777,0.21699999272823334,0.17219999432563782
YOL100W,YNL213C,0,-3.0261703,0.11185567080974579,0.21699999272823334,0.17229999601840973
YPR145W,YJR026W,0,-3.026381,0.11179804056882858,0.21699999272823334,0.17239999771118164
YLR029C,YPR204W,0,-3.0265975,0.11174047738313675,0.21699999272823334,0.17249999940395355
YER142C,YDR205W,0,-3.0268173,0.1116829663515091,0.21699999272823334,0.17260000109672546
YIR008C,YGL100W,0,-3.027142,0.11162551492452621,0.21699999272823334,0.17270000278949738
YDR323C,YOR142W-B,0,-3.02781,0.11156812310218811,0.21699999272823334,0.1728000044822693
YLR411W,YDR186C,0,-3.0279393,0.11151079088449478,0.21699999272823334,0.1729000061750412
YIL080W,YDL013W,0,-3.0279574,0.11145351827144623,0.21699999272823334,0.17299999296665192
YNR054C,YGL019W,0,-3.0280795,0.11139630526304245,0.21699999272823334,0.17309999465942383
YDR033W,YLL038C,0,-3.028235,0.11133915185928345,0.21699999272823334,0.17319999635219574
YLL032C,YIL117C,0,-3.0287094,0.11128205060958862,0.21699999272823334,0.17329999804496765
YIL062C,YNL074C,0,-3.028779,0.11122501641511917,0.21699999272823334,0.17339999973773956
YIL046W,YGL167C,0,-3.0288534,0.1111680343747139,0.21699999272823334,0.17350000143051147
YHR149C,YLR410W-B,0,-3.0289826,0.1111111119389534,0.21699999272823334,0.1736000031232834
YOL004W,YOR123C,1,-3.0291166,0.11156602203845978,0.21799999475479126,0.1736000031232834
YLR381W,YLL031C,0,-3.0294628,0.11150895059108734,0.21799999475479126,0.1737000048160553
YNL121C,YPL241C,0,-3.029683,0.11145194619894028,0.21799999475479126,0.1738000065088272
YNL078W,YJL124C,0,-3.0298762,0.11139499396085739,0.21799999475479126,0.17389999330043793
YGR047C,YGL247W,0,-3.0299234,0.11133810132741928,0.21799999475479126,0.17399999499320984
YFL018W-A,YJR109C,0,-3.0301309,0.11128126829862595,0.21799999475479126,0.17409999668598175
YDR450W,YPR158W-A,0,-3.0302114,0.11122448742389679,0.21799999475479126,0.17419999837875366
YHR163W,YKR007W,0,-3.0305452,0.111167773604393,0.21799999475479126,0.17430000007152557
YIL080W,YNR054C,0,-3.0305958,0.1111111119389534,0.21799999475479126,0.17440000176429749
YDR316W,YNL284C-B,0,-3.0307693,0.11105450987815857,0.21799999475479126,0.1745000034570694
YLR135W,YBR155W,0,-3.0308514,0.11099795997142792,0.21799999475479126,0.1746000051498413
YOL007C,YML078W,0,-3.030891,0.11094147711992264,0.21799999475479126,0.17470000684261322
YGR047C,YPR055W,0,-3.031289,0.11088504642248154,0.21799999475479126,0.17479999363422394
YJR141W,YER044C,0,-3.0317955,0.11082867532968521,0.21799999475479126,0.17489999532699585
YGL136C,YDR486C,0,-3.032145,0.11077235639095306,0.21799999475479126,0.17499999701976776
YDL013W,YPR204W,0,-3.0322547,0.11071609705686569,0.21799999475479126,0.17509999871253967
YMR122W-A,YMR021C,0,-3.0322714,0.1106598973274231,0.21799999475479126,0.17520000040531158
YJR134C,YBR012W-B,0,-3.032516,0.11060375720262527,0.21799999475479126,0.1753000020980835
YBL036C,YIL038C,0,-3.03259,0.11054766923189163,0.21799999475479126,0.1754000037908554
YKL017C,YLR376C,0,-3.0326672,0.11049163341522217,0.21799999475479126,0.17550000548362732
YLR102C,YBL036C,0,-3.0326996,0.11043566465377808,0.21799999475479126,0.17560000717639923
YNL083W,YGL100W,0,-3.0327277,0.11037974804639816,0.21799999475479126,0.17569999396800995
YER030W,YOR064C,1,-3.0327635,0.11082995682954788,0.21899999678134918,0.17569999396800995
YDR179C,YBL028C,0,-3.0328655,0.11077389866113663,0.21899999678134918,0.17579999566078186
YOR171C,YOR319W,0,-3.0329242,0.11071790009737015,0.21899999678134918,0.17589999735355377
YLR363C,YDR346C,0,-3.0329595,0.11066195368766785,0.21899999678134918,0.17599999904632568
YKR096W,YER052C,0,-3.0334015,0.11060605943202972,0.21899999678134918,0.1761000007390976
YJL090C,YOR056C,0,-3.033729,0.11055022478103638,0.21899999678134918,0.1762000024318695
YJR048W,YOR266W,0,-3.0338197,0.1104944497346878,0.21899999678134918,0.17630000412464142
YER133W,YNL262W,1,-3.0338597,0.1109430119395256,0.2199999988079071,0.17630000412464142
YJL176C,YDR439W,1,-3.0339465,0.11139112710952759,0.22100000083446503,0.17630000412464142
YDR352W,YGL161C,0,-3.0341425,0.11133500933647156,0.22100000083446503,0.17640000581741333
YOL109W,YBR129C,0,-3.034225,0.1112789511680603,0.22100000083446503,0.17649999260902405
YLR092W,YER129W,0,-3.0342793,0.11122295260429382,0.22100000083446503,0.17659999430179596
YNR060W,YOR079C,0,-3.0343814,0.11116699874401093,0.22100000083446503,0.17669999599456787
YKL034W,YDR322C-A,0,-3.0348058,0.1111111119389534,0.22100000083446503,0.17679999768733978
YJR127C,YKL077W,0,-3.035077,0.11105527728796005,0.22100000083446503,0.1768999993801117
YLR275W,YBL036C,0,-3.0350776,0.11099949479103088,0.22100000083446503,0.1770000010728836
YBL006C,YLR449W,1,-3.0351496,0.11144578456878662,0.22200000286102295,0.1770000010728836
YKR090W,YLR121C,0,-3.0351515,0.11138986796140671,0.22200000286102295,0.17710000276565552
YLR381W,YER190W,0,-3.0352116,0.11133400350809097,0.22200000286102295,0.17720000445842743
YGL212W,YGR072W,0,-3.0353065,0.11127819865942001,0.22200000286102295,0.17730000615119934
YHR005C,YHR079C-A,0,-3.0353866,0.11122244596481323,0.22200000286102295,0.17739999294281006
YNL067W,YPR200C,0,-3.0356102,0.11116675287485123,0.22200000286102295,0.17749999463558197
YER190W,YJR141W,0,-3.0357804,0.1111111119389534,0.22200000286102295,0.17759999632835388
YJL078C,YNL039W,0,-3.0358186,0.11105553060770035,0.22200000286102295,0.1776999980211258
YKL214C,YLR238W,0,-3.0360084,0.11100000143051147,0.22200000286102295,0.1777999997138977
YOR044W,YDR088C,0,-3.0361032,0.11094452440738678,0.22200000286102295,0.17790000140666962
YGL010W,YDR421W,0,-3.0361972,0.11088911443948746,0.22200000286102295,0.17800000309944153
YDR472W,YJR134C,0,-3.0363135,0.11083374917507172,0.22200000286102295,0.17810000479221344
YBR095C,YLL002W,1,-3.036355,0.11127744615077972,0.22300000488758087,0.17810000479221344
YMR077C,YDR308C,0,-3.0363965,0.11122194677591324,0.22300000488758087,0.17820000648498535
YJR026W,YCL016C,0,-3.0365734,0.11116649955511093,0.22300000488758087,0.17829999327659607
YCR008W,YDR330W,0,-3.0366096,0.1111111119389534,0.22300000488758087,0.17839999496936798
YML077W,YLR342W,0,-3.0366802,0.11105577647686005,0.22300000488758087,0.1784999966621399
YKR030W,YOR087W,0,-3.0367165,0.11100050061941147,0.22300000488758087,0.1785999983549118
YHR132C,YJR129C,0,-3.0368257,0.11094527691602707,0.22300000488758087,0.17870000004768372
YIL017W,YDR377W,0,-3.0372777,0.11089010536670685,0.22300000488758087,0.17880000174045563
YCL027W,YMR114C,0,-3.037362,0.1108349934220314,0.22300000488758087,0.17890000343322754
YBL074C,YHR148W,0,-3.0373921,0.11077993363142014,0.22300000488758087,0.17900000512599945
YHR101C,YDR272W,0,-3.0376368,0.11072492599487305,0.22300000488758087,0.17910000681877136
YLR373C,YBL016W,0,-3.0376792,0.11066997796297073,0.22300000488758087,0.17919999361038208
YDR227W,YOR304W,1,-3.0380964,0.1111111119389534,0.2240000069141388,0.17919999361038208
YDR307W,YML077W,0,-3.038228,0.11105602234601974,0.2240000069141388,0.179299995303154
YGR034W,YNL146W,0,-3.0390573,0.11100099235773087,0.2240000069141388,0.1793999969959259
YDR352W,YOL103W,0,-3.0396814,0.11094601452350616,0.2240000069141388,0.17949999868869781
YML065W,YOL090W,1,-3.0397105,0.11138613522052765,0.22499999403953552,0.17949999868869781
YOL027C,YJR026W,0,-3.0397344,0.1113310232758522,0.22499999403953552,0.17960000038146973
YLR307W,YJL021C,0,-3.039802,0.11127596348524094,0.22499999403953552,0.17970000207424164
YCL045C,YGL097W,0,-3.0400596,0.11122095584869385,0.22499999403953552,0.17980000376701355
YPR060C,YCR093W,0,-3.040172,0.11116600781679153,0.22499999403953552,0.17990000545978546
YIL082W-A,YER062C,0,-3.0402584,0.1111111119389534,0.22499999403953552,0.18000000715255737
YIL077C,YFR044C,0,-3.0402899,0.11105626821517944,0.22499999403953552,0.1800999939441681
YML103C,YKL004W,0,-3.0403633,0.11100147664546967,0.22499999403953552,0.18019999563694
YCL045C,YNL146W,0,-3.0405903,0.11094674468040466,0.22499999403953552,0.18029999732971191
YLL015W,YDR210W-A,0,-3.0406013,0.11089206486940384,0.22499999403953552,0.18039999902248383
YKL011C,YGR287C,0,-3.0406022,0.1108374372124672,0.22499999403953552,0.18050000071525574
YHR119W,YER133W,1,-3.0407114,0.11127523332834244,0.22599999606609344,0.18050000071525574
YLR363C,YCR018C,0,-3.0410495,0.11122047156095505,0.22599999606609344,0.18060000240802765
YMR168C,YOR287C,0,-3.041113,0.11116576194763184,0.22599999606609344,0.18070000410079956
YDR253C,YBR164C,0,-3.041689,0.1111111119389534,0.22599999606609344,0.18080000579357147
YJR129C,YLL067C,0,-3.0417619,0.11105651408433914,0.22599999606609344,0.1808999925851822
YML033W,YOR266W,0,-3.0417638,0.11100196093320847,0.22599999606609344,0.1809999942779541
YCL012W,YOR061W,0,-3.041772,0.11094747483730316,0.22599999606609344,0.181099995970726
YKL213C,YNL267W,0,-3.042004,0.11089303344488144,0.22599999606609344,0.18119999766349792
YML074C,YML114C,0,-3.0420575,0.1108386442065239,0.22599999606609344,0.18129999935626984
YKL075C,YOR317W,0,-3.042098,0.11078431457281113,0.22599999606609344,0.18140000104904175
YGR145W,YDR210C-D,0,-3.0421114,0.11073003709316254,0.22599999606609344,0.18150000274181366
YLR191W,YDR013W,0,-3.0421247,0.11067580431699753,0.22599999606609344,0.18160000443458557
YJL047C,YGL247W,0,-3.0423598,0.1106216311454773,0.22599999606609344,0.18170000612735748
YBL075C,YPL248C,0,-3.042395,0.11056751757860184,0.22599999606609344,0.1817999929189682
YHR005C,YBR271W,0,-3.0426111,0.11051344871520996,0.22599999606609344,0.1818999946117401
YGL010W,YDL122W,0,-3.0426865,0.11045943200588226,0.22599999606609344,0.18199999630451202
YOR064C,YDR439W,1,-3.042975,0.11089399456977844,0.22699999809265137,0.18199999630451202
YHR163W,YDR263C,0,-3.0430627,0.11083984375,0.22699999809265137,0.18209999799728394
YFR004W,YDL216C,0,-3.0435548,0.11078575253486633,0.22699999809265137,0.18219999969005585
YGL157W,YLR086W,0,-3.0435925,0.11073170602321625,0.22699999809265137,0.18230000138282776
YDR121W,YMR127C,1,-3.0438986,0.11116528511047363,0.2280000001192093,0.18230000138282776
YKR090W,YGL027C,0,-3.04395,0.1111111119389534,0.2280000001192093,0.18240000307559967
YOL034W,YER022W,0,-3.0441575,0.11105699092149734,0.2280000001192093,0.18250000476837158
YPL236C,YLR102C,0,-3.0445232,0.11100292205810547,0.2280000001192093,0.1826000064611435
YPL270W,YEL018W,0,-3.0445428,0.11094890534877777,0.2280000001192093,0.1826999932527542
YGL232W,YKL116C,0,-3.0445857,0.11089494079351425,0.2280000001192093,0.18279999494552612
YDR141C,YDL128W,0,-3.0446205,0.11084102839231491,0.2280000001192093,0.18289999663829803
YKR063C,YBR002C,0,-3.0446615,0.11078717559576035,0.2280000001192093,0.18299999833106995
YBL076C,YOL019W,0,-3.0447783,0.11073336750268936,0.2280000001192093,0.18310000002384186
YBL018C,YLR275W,0,-3.0448775,0.11067961156368256,0.2280000001192093,0.18320000171661377
YEL009C,YDR186C,0,-3.0449653,0.11062590777873993,0.2280000001192093,0.18330000340938568
YGL120C,YDL080C,0,-3.0450292,0.11057226359844208,0.2280000001192093,0.1834000051021576
YHR067W,YDR479C,0,-3.0451012,0.11051866412162781,0.2280000001192093,0.1835000067949295
YKR101W,YHR119W,1,-3.0451317,0.11094961315393448,0.2290000021457672,0.1835000067949295
YPR104C,YOL121C,0,-3.045185,0.11089588701725006,0.2290000021457672,0.18359999358654022
YLR079W,YDR449C,0,-3.0454454,0.11084220558404922,0.2290000021457672,0.18369999527931213
YIL132C,YOL076W,0,-3.0456405,0.11078858375549316,0.2290000021457672,0.18379999697208405
YHR214C-C,YOR206W,0,-3.0457363,0.11073500663042068,0.2290000021457672,0.18389999866485596
YBL006C,YNL088W,1,-3.0462265,0.11116481572389603,0.23000000417232513,0.18389999866485596
YKR096W,YLL031C,0,-3.0462594,0.1111111119389534,0.23000000417232513,0.18400000035762787
YOR113W,YLL062C,0,-3.046503,0.11105746030807495,0.23000000417232513,0.18410000205039978
YDR227W,YMR022W,1,-3.046739,0.11148648709058762,0.23100000619888306,0.18410000205039978
YDR310C,YBR215W,1,-3.0467615,0.11191509664058685,0.23199999332427979,0.18410000205039978
YOL148C,YER030W,1,-3.046773,0.11234329640865326,0.2329999953508377,0.18410000205039978
YML109W,YDR392W,1,-3.0468154,0.11277108639478683,0.23399999737739563,0.18410000205039978
YEL003W,YGR096W,0,-3.0468407,0.11271676421165466,0.23399999737739563,0.1842000037431717
YER074W-A,YMR058W,0,-3.0469408,0.11266249418258667,0.23399999737739563,0.1843000054359436
YCR038C,YLR035C,0,-3.0470881,0.11260827630758286,0.23399999737739563,0.18440000712871552
YDL153C,YDR310C,1,-3.0473123,0.11303511261940002,0.23499999940395355,0.18440000712871552
YDR079W,YER138C,0,-3.0473747,0.11298076808452606,0.23499999940395355,0.18449999392032623
YLL055W,YNR032C-A,0,-3.0475526,0.11292647570371628,0.23499999940395355,0.18459999561309814
YLR418C,YJL127C,1,-3.0476546,0.11335254460573196,0.23600000143051147,0.18459999561309814
YOR257W,YBR294W,0,-3.047678,0.11329812556505203,0.23600000143051147,0.18469999730587006
YDR421W,YBR212W,0,-3.0478363,0.11324375867843628,0.23600000143051147,0.18479999899864197
YJL219W,YCR087C-A,0,-3.0479283,0.1131894513964653,0.23600000143051147,0.18490000069141388
YBL037W,YKL114C,0,-3.0479507,0.1131351888179779,0.23600000143051147,0.1850000023841858
YLR310C,YKL132C,0,-3.0483108,0.11308097839355469,0.23600000143051147,0.1851000040769577
YGR272C,YLR103C,0,-3.0483475,0.11302682012319565,0.23600000143051147,0.18520000576972961
YBR015C,YDR235W,0,-3.048851,0.11297271400690079,0.23600000143051147,0.18529999256134033
YHL011C,YER040W,0,-3.0489006,0.1129186600446701,0.23600000143051147,0.18539999425411224
YDR253C,YGL075C,0,-3.0489306,0.1128646582365036,0.23600000143051147,0.18549999594688416
YBL074C,YMR073C,0,-3.0492845,0.11281070858240128,0.23600000143051147,0.18559999763965607
YBR012W-B,YPL037C,0,-3.049667,0.11275681108236313,0.23600000143051147,0.18569999933242798
YJR013W,YPR190C,0,-3.0496979,0.11270295828580856,0.23600000143051147,0.1858000010251999
YLR418C,YPL001W,1,-3.0499926,0.1131264939904213,0.2370000034570694,0.1858000010251999
YGL094C,YNL231C,0,-3.050014,0.11307252198457718,0.2370000034570694,0.1859000027179718
YJR109C,YMR050C,0,-3.0500827,0.11301859468221664,0.2370000034570694,0.1860000044107437
YBL091C,YLR132C,0,-3.0500975,0.11296472698450089,0.2370000034570694,0.18610000610351562
YBR088C,YLR442C,1,-3.0501485,0.1133873239159584,0.23800000548362732,0.18610000610351562
YBL084C,YML078W,0,-3.0505466,0.1133333370089531,0.23800000548362732,0.18619999289512634
YDR239C,YOL111C,0,-3.0505857,0.11327938735485077,0.23800000548362732,0.18629999458789825
YAR010C,YDL110C,0,-3.0506968,0.11322549730539322,0.23800000548362732,0.18639999628067017
YER176W,YDR412W,0,-3.0509372,0.11317165940999985,0.23800000548362732,0.18649999797344208
YIL101C,YOR221C,0,-3.051278,0.11311787366867065,0.23800000548362732,0.186599999666214
YER171W,YJL021C,0,-3.051342,0.11306413263082504,0.23800000548362732,0.1867000013589859
YML115C,YGR038C-B,0,-3.051415,0.11301044374704361,0.23800000548362732,0.1868000030517578
YHR150W,YJR026W,0,-3.05156,0.11295680701732635,0.23800000548362732,0.18690000474452972
YMR165C,YCR087C-A,0,-3.051733,0.11290322244167328,0.23800000548362732,0.18700000643730164
YHR169W,YER155C,0,-3.0518317,0.11284969002008438,0.23800000548362732,0.18709999322891235
YPR096C,YAR010C,0,-3.051878,0.11279620975255966,0.23800000548362732,0.18719999492168427
YFL049W,YDR310C,1,-3.0518928,0.11321648210287094,0.23899999260902405,0.18719999492168427
YJL094C,YPR174C,0,-3.05196,0.11316287517547607,0.23899999260902405,0.18729999661445618
YDL184C,YLR103C,0,-3.0521054,0.11310932040214539,0.23899999260902405,0.1873999983072281
YNL262W,YER161C,1,-3.0521493,0.11352885514497757,0.23999999463558197,0.1873999983072281
YBL018C,YPR120C,0,-3.052225,0.11347517371177673,0.23999999463558197,0.1875
YJR049C,YCL027W,0,-3.0522346,0.11342155188322067,0.23999999463558197,0.1876000016927719
YER148W,YPR204W,0,-3.0522747,0.1133679747581482,0.23999999463558197,0.18770000338554382
YIL046W,YLR310C,0,-3.0526996,0.11331444978713989,0.23999999463558197,0.18780000507831573
YOR038C,YDR439W,1,-3.052791,0.11373288929462433,0.2409999966621399,0.18780000507831573
YIL085C,YNL115C,0,-3.0528975,0.11367924511432648,0.2409999966621399,0.18790000677108765
YKL142W,YBR012W-B,0,-3.0531144,0.11362564563751221,0.2409999966621399,0.18799999356269836
YGR122W,YPR005C,0,-3.0534878,0.11357209831476212,0.2409999966621399,0.18809999525547028
YLL002W,YOR064C,1,-3.0534964,0.11398963630199432,0.24199999868869781,0.18809999525547028
YIL046W,YMR153W,0,-3.053647,0.11393596976995468,0.24199999868869781,0.1881999969482422
YNR032C-A,YDR005C,0,-3.0536685,0.11388235539197922,0.24199999868869781,0.1882999986410141
YNL246W,YDR303C,1,-3.0537386,0.11429915577173233,0.24300000071525574,0.1882999986410141
YPR055W,YGL075C,0,-3.0537548,0.11424541473388672,0.24300000071525574,0.188400000333786
YGL231C,YKL011C,0,-3.05378,0.11419172585010529,0.24300000071525574,0.18850000202655792
YCL016C,YML067C,0,-3.0540242,0.11413809657096863,0.24300000071525574,0.18860000371932983
YAR009C,YHL031C,0,-3.0541143,0.11408450454473495,0.24300000071525574,0.18870000541210175
YBR274W,YLR144C,0,-3.0542083,0.11403097212314606,0.24300000071525574,0.18880000710487366
YGR145W,YGR038C-B,0,-3.0546079,0.11397748440504074,0.24300000071525574,0.18889999389648438
YDR056C,YDL003W,0,-3.0546165,0.1139240488409996,0.24300000071525574,0.1889999955892563
YER014C-A,YNL231C,0,-3.0546937,0.11387066543102264,0.24300000071525574,0.1890999972820282
YPR078C,YJR006W,0,-3.0547376,0.11381732672452927,0.24300000071525574,0.1891999989748001
YDR026C,YML077W,0,-3.0547624,0.11376404762268066,0.24300000071525574,0.18930000066757202
YOR026W,YBR164C,0,-3.0548124,0.11371081322431564,0.24300000071525574,0.18940000236034393
YKL178C,YBL036C,0,-3.0550046,0.1136576235294342,0.24300000071525574,0.18950000405311584
YGR252W,YDR392W,1,-3.055179,0.11407199501991272,0.24400000274181366,0.18950000405311584
YFL034C-B,YIR009W,0,-3.0553284,0.11401869356632233,0.24400000274181366,0.18960000574588776
YJR134C,YER014C-A,0,-3.0555835,0.11396543681621552,0.24400000274181366,0.18970000743865967
YOR171C,YJR026W,0,-3.055595,0.11391223222017288,0.24400000274181366,0.18979999423027039
YGL094C,YKR001C,0,-3.055997,0.11385907977819443,0.24400000274181366,0.1898999959230423
YOR231W,YNL284C-B,0,-3.0561085,0.11380597203969955,0.24400000274181366,0.1899999976158142
YPR034W,YML069W,1,-3.056129,0.11421911418437958,0.24500000476837158,0.1899999976158142
YGL092W,YPL243W,0,-3.0561385,0.11416588723659515,0.24500000476837158,0.19009999930858612
YDR352W,YGR145W,0,-3.0561485,0.11411271244287491,0.24500000476837158,0.19020000100135803
YNR032C-A,YGL167C,0,-3.0564795,0.11405958980321884,0.24500000476837158,0.19030000269412994
YBR182C,YNL329C,0,-3.0567565,0.11400651186704636,0.24500000476837158,0.19040000438690186
YML001W,YDL077C,0,-3.0567741,0.11395348608493805,0.24500000476837158,0.19050000607967377
YNL246W,YMR127C,1,-3.0569391,0.11436541378498077,0.2460000067949295,0.19050000607967377
YER148W,YKL063C,0,-3.057355,0.11431226879358292,0.2460000067949295,0.19059999287128448
YER133W,YIL131C,1,-3.0574656,0.11472364515066147,0.24699999392032623,0.19059999287128448
YPR134W,YER129W,0,-3.0577288,0.11467038094997406,0.24699999392032623,0.1906999945640564
YAL010C,YKL063C,0,-3.0577483,0.11461716890335083,0.24699999392032623,0.1907999962568283
YOL004W,YOR038C,1,-3.0578833,0.11502783000469208,0.24799999594688416,0.1907999962568283
YLR442C,YDR303C,1,-3.057962,0.11543811112642288,0.24899999797344208,0.1907999962568283
YCR097W,YGL019W,0,-3.0582814,0.11538461595773697,0.24899999797344208,0.19089999794960022
YLR226W,YKL132C,0,-3.0583425,0.11533117294311523,0.24899999797344208,0.19099999964237213
YMR077C,YMR322C,0,-3.0585976,0.11527777463197708,0.24899999797344208,0.19110000133514404
YPL241C,YDL122W,0,-3.0590725,0.1152244359254837,0.24899999797344208,0.19120000302791595
YOL034W,YIL046W,0,-3.0593343,0.11517113447189331,0.24899999797344208,0.19130000472068787
YDL067C,YKL174C,0,-3.0594559,0.11511789262294769,0.24899999797344208,0.19140000641345978
YFL001W,YIL122W,0,-3.0595198,0.11506469547748566,0.24899999797344208,0.1914999932050705
YIL085C,YHL047C,0,-3.0596375,0.1150115504860878,0.24899999797344208,0.1915999948978424
YAL022C,YDR192C,0,-3.0597305,0.11495845019817352,0.24899999797344208,0.19169999659061432
YDL039C,YJR092W,0,-3.0598726,0.11490540206432343,0.24899999797344208,0.19179999828338623
YGL135W,YCR092C,0,-3.0600095,0.11485239863395691,0.24899999797344208,0.19189999997615814
YBR186W,YEL002C,0,-3.0601997,0.11479944735765457,0.24899999797344208,0.19200000166893005
YDR206W,YKL086W,0,-3.0602741,0.11474654078483582,0.24899999797344208,0.19210000336170197
YKL017C,YHR164C,0,-3.0604725,0.11469368636608124,0.24899999797344208,0.19220000505447388
YDR280W,YBR041W,0,-3.0607033,0.11464088410139084,0.24899999797344208,0.1923000067472458
YKL126W,YKL171W,0,-3.0608058,0.11458812654018402,0.24899999797344208,0.1923999935388565
YKL124W,YML047C,0,-3.0608344,0.11453542113304138,0.24899999797344208,0.19249999523162842
YDR026C,YMR223W,0,-3.0609822,0.11448276042938232,0.24899999797344208,0.19259999692440033
YGL232W,YGL098W,0,-3.0611053,0.11443014442920685,0.24899999797344208,0.19269999861717224
YOR147W,YNL252C,0,-3.0613375,0.11437758058309555,0.24899999797344208,0.19280000030994415
YKL063C,YML126C,0,-3.0617957,0.11432506889104843,0.24899999797344208,0.19290000200271606
YCR097W,YPR165W,0,-3.0619383,0.1142726019024849,0.24899999797344208,0.19300000369548798
YPL157W,YMR153W,0,-3.061985,0.11422018706798553,0.24899999797344208,0.1931000053882599
YCR097W,YOL076W,0,-3.062067,0.11416780948638916,0.24899999797344208,0.1932000070810318
YJL059W,YOR298W,0,-3.0621767,0.11411549150943756,0.24899999797344208,0.19329999387264252
YBR095C,YER030W,1,-3.0626574,0.11452130228281021,0.25,0.19329999387264252
YKL089W,YLR045C,0,-3.0629778,0.11446886509656906,0.25,0.19339999556541443
YPL204W,YLR427W,0,-3.0633664,0.11441647261381149,0.25,0.19349999725818634
YMR072W,YKL027W,0,-3.0634017,0.1143641322851181,0.25,0.19359999895095825
YML005W,YMR210W,0,-3.063466,0.11431184411048889,0.25,0.19370000064373016
YJL140W,YHR077C,0,-3.063499,0.11425960063934326,0.25,0.19380000233650208
YBR088C,YML065W,1,-3.063508,0.114664226770401,0.25099998712539673,0.19380000233650208
YNL192W,YFL018W-A,0,-3.0637612,0.11461187154054642,0.25099998712539673,0.193900004029274
YDR469W,YML065W,1,-3.0638695,0.11501597613096237,0.25200000405311584,0.193900004029274
YDR079W,YLR431C,0,-3.0642562,0.11496350169181824,0.25200000405311584,0.1940000057220459
YNL039W,YHR101C,0,-3.0644202,0.11491107940673828,0.25200000405311584,0.1941000074148178
YHL027W,YOL100W,0,-3.0645638,0.1148587092757225,0.25200000405311584,0.19419999420642853
YNL163C,YPL042C,0,-3.0645723,0.11480637639760971,0.25200000405311584,0.19429999589920044
YHR010W,YGL092W,0,-3.0650392,0.1147540956735611,0.25200000405311584,0.19439999759197235
YIL082W-A,YHR066W,0,-3.0651464,0.11470186710357666,0.25200000405311584,0.19449999928474426
YOR014W,YDR210C-D,0,-3.0652366,0.1146496832370758,0.25200000405311584,0.19460000097751617
YDL031W,YDR206W,0,-3.0656123,0.11459754407405853,0.25200000405311584,0.19470000267028809
YGL131C,YKL010C,0,-3.0657015,0.11454545706510544,0.25200000405311584,0.19480000436306
YDL087C,YHR053C,0,-3.0657563,0.11449341475963593,0.25200000405311584,0.1949000060558319
YGL135W,YLR191W,0,-3.0657983,0.11444141715765,0.25200000405311584,0.19499999284744263
YOR079C,YGR287C,0,-3.0658846,0.11438947170972824,0.25200000405311584,0.19509999454021454
YMR088C,YIL017W,0,-3.0660186,0.11433757096529007,0.25200000405311584,0.19519999623298645
YOR038C,YNL088W,1,-3.066146,0.11473923176527023,0.2529999911785126,0.19519999623298645
YDL153C,YCR052W,1,-3.066255,0.11514052748680115,0.2540000081062317,0.19519999623298645
YGL068W,YER171W,0,-3.066393,0.11508835852146149,0.2540000081062317,0.19529999792575836
YAR009C,YBR002C,0,-3.066455,0.11503623425960541,0.2540000081062317,0.19539999961853027
YHR036W,YBL016W,0,-3.066495,0.11498415470123291,0.2540000081062317,0.19550000131130219
YKL084W,YOL164W,0,-3.0665436,0.11493212729692459,0.2540000081062317,0.1956000030040741
YNL004W,YDR099W,0,-3.0665717,0.11488014459609985,0.2540000081062317,0.195700004696846
YOR038C,YMR022W,1,-3.0665908,0.11528029292821884,0.2549999952316284,0.195700004696846
YMR230W,YPL259C,0,-3.0667849,0.11522819846868515,0.2549999952316284,0.19580000638961792
YGL010W,YLR342W,0,-3.0667958,0.11517614871263504,0.2549999952316284,0.19589999318122864
YDR140W,YOL115W,0,-3.0668278,0.11512415111064911,0.2549999952316284,0.19599999487400055
YDR410C,YKR024C,0,-3.0671506,0.11507220566272736,0.2549999952316284,0.19609999656677246
YOR393W,YJL110C,0,-3.0673904,0.11502029746770859,0.2549999952316284,0.19619999825954437
YJL021C,YMR140W,0,-3.0679245,0.114968441426754,0.2549999952316284,0.19629999995231628
YDL039C,YPL241C,0,-3.067937,0.11491663008928299,0.2549999952316284,0.1964000016450882
YIL080W,YER119C,0,-3.068398,0.11486486345529556,0.2549999952316284,0.1965000033378601
YGL136C,YGL127C,0,-3.0685596,0.11481314897537231,0.2549999952316284,0.19660000503063202
YBR015C,YDR146C,0,-3.068646,0.11476147919893265,0.2549999952316284,0.19670000672340393
YBR274W,YGL048C,0,-3.069139,0.11470985412597656,0.2549999952316284,0.19679999351501465
YGR193C,YML077W,0,-3.0693183,0.11465827375650406,0.2549999952316284,0.19689999520778656
YJR144W,YFL011W-A,0,-3.0693712,0.11460673809051514,0.2549999952316284,0.19699999690055847
YPL249C,YBL037W,0,-3.069374,0.1145552545785904,0.2549999952316284,0.19709999859333038
YNL278W,YNL213C,0,-3.0693965,0.11450381577014923,0.2549999952316284,0.1972000002861023
YGL259W,YPL204W,0,-3.069467,0.11445242166519165,0.2549999952316284,0.1973000019788742
YIL097W,YDR056C,0,-3.0696325,0.11440107971429825,0.2549999952316284,0.19740000367164612
YPR052C,YMR075W,1,-3.0696607,0.11479820311069489,0.25600001215934753,0.19740000367164612
YJL048C,YGR057C,0,-3.069735,0.11474674940109253,0.25600001215934753,0.19750000536441803
YBR070C,YDR088C,0,-3.0699897,0.11469534039497375,0.25600001215934753,0.19760000705718994
YOR038C,YER030W,1,-3.0700936,0.11509180814027786,0.25699999928474426,0.19760000705718994
YML115C,YBR155W,0,-3.070207,0.11504028737545013,0.25699999928474426,0.19769999384880066
YKL160W,YNL088W,1,-3.0702243,0.11543624103069305,0.257999986410141,0.19769999384880066
YIL135C,YKR099C-A,0,-3.0702882,0.11538461595773697,0.257999986410141,0.19779999554157257
YOL113W,YGR179C,0,-3.0705771,0.11533303558826447,0.257999986410141,0.19789999723434448
YNR054C,YBR164C,0,-3.070641,0.11528149992227554,0.257999986410141,0.1979999989271164
YCR098C,YDR186C,0,-3.070694,0.1152300164103508,0.257999986410141,0.1981000006198883
YDR239C,YGR072W,0,-3.0706959,0.11517857015132904,0.257999986410141,0.19820000231266022
YDR004W,YDL077C,0,-3.070898,0.11512717604637146,0.257999986410141,0.19830000400543213
YFL011W-A,YLR405W,0,-3.0709424,0.11507582664489746,0.257999986410141,0.19840000569820404
YLR455W,YDR384C,0,-3.0711207,0.11502452194690704,0.257999986410141,0.19850000739097595
YKL089W,YBL028C,0,-3.0712695,0.11497326195240021,0.257999986410141,0.19859999418258667
YEL032W,YOR030W,0,-3.071391,0.11492204666137695,0.257999986410141,0.19869999587535858
YKR030W,YMR114C,0,-3.0715218,0.11487088352441788,0.257999986410141,0.1987999975681305
YNL081C,YGR272C,0,-3.0716906,0.11481975764036179,0.257999986410141,0.1988999992609024
YJR004C,YHR067W,0,-3.0717626,0.11476868391036987,0.257999986410141,0.19900000095367432
YKL059C,YIL120W,0,-3.0719242,0.11471765488386154,0.257999986410141,0.19910000264644623
YOR338W,YIL142W,0,-3.071982,0.1146666631102562,0.257999986410141,0.19920000433921814
YBL037W,YGL100W,0,-3.072082,0.11461572349071503,0.257999986410141,0.19930000603199005
YNL131W,YOR287C,0,-3.0722399,0.11456482857465744,0.257999986410141,0.19939999282360077
YLR086W,YDR456W,0,-3.072247,0.11451397836208344,0.257999986410141,0.19949999451637268
YDL049C,YNL213C,0,-3.0724306,0.11446317285299301,0.257999986410141,0.1995999962091446
YHL035C,YNL213C,0,-3.0724697,0.11441241949796677,0.257999986410141,0.1996999979019165
YLR363C,YKL017C,0,-3.0725899,0.1143617033958435,0.257999986410141,0.19979999959468842
YNL038W,YDL122W,0,-3.0728073,0.11431103199720383,0.257999986410141,0.19990000128746033
YER014W,YFL018W-A,0,-3.0729017,0.11426040530204773,0.257999986410141,0.20000000298023224
YKL126W,YNL077W,0,-3.0731106,0.11420983076095581,0.257999986410141,0.20010000467300415
YKR083C,YER019C-A,0,-3.0733285,0.11415929347276688,0.257999986410141,0.20020000636577606
YGR119C,YJL096W,0,-3.0733848,0.11410880088806152,0.257999986410141,0.20029999315738678
YOL113W,YBL084C,0,-3.0734668,0.11405835300683975,0.257999986410141,0.2003999948501587
YPR200C,YPL243W,0,-3.073512,0.11400795727968216,0.257999986410141,0.2004999965429306
YGL120C,YML005W,0,-3.073535,0.11395759880542755,0.257999986410141,0.20059999823570251
YML037C,YOR125C,0,-3.073615,0.11390728503465652,0.257999986410141,0.20069999992847443
YCR026C,YOL007C,0,-3.0736904,0.11385701596736908,0.257999986410141,0.20080000162124634
YIL109C,YDL066W,0,-3.0737572,0.11380679160356522,0.257999986410141,0.20090000331401825
YPR034W,YDR303C,1,-3.0738173,0.11419752985239029,0.2590000033378601,0.20090000331401825
YDL067C,YLR004C,0,-3.0739985,0.11414720118045807,0.2590000033378601,0.20100000500679016
YBR121C,YOL103W,0,-3.0740714,0.11409691721200943,0.2590000033378601,0.20110000669956207
YIL080W,YNL182C,0,-3.0745268,0.11404667794704437,0.2590000033378601,0.2011999934911728
YEL021W,YDR263C,0,-3.0746055,0.1139964759349823,0.2590000033378601,0.2012999951839447
YGL142C,YBR176W,0,-3.0748892,0.1139463260769844,0.2590000033378601,0.2013999968767166
YMR122W-A,YDL080C,0,-3.0753436,0.11389622092247009,0.2590000033378601,0.20149999856948853
YKR083C,YNR054C,0,-3.0754223,0.11384615302085876,0.2590000033378601,0.20160000026226044
YKL011C,YDR449C,0,-3.075758,0.11379613727331161,0.2590000033378601,0.20170000195503235
YPR094W,YOL143C,0,-3.0759897,0.11374615877866745,0.2590000033378601,0.20180000364780426
YAL020C,YDR003W,0,-3.0759978,0.11369622498750687,0.2590000033378601,0.20190000534057617
YER142C,YNL090W,0,-3.076075,0.11364633589982986,0.2590000033378601,0.20200000703334808
YLR373C,YGL153W,0,-3.0763102,0.11359649151563644,0.2590000033378601,0.2020999938249588
YGR087C,YMR036C,0,-3.0764832,0.1135466918349266,0.2590000033378601,0.2021999955177307
YHR172W,YDR041W,0,-3.0764885,0.11349692940711975,0.2590000033378601,0.20229999721050262
YOL148C,YOL017W,1,-3.0766244,0.11388523876667023,0.25999999046325684,0.20229999721050262
YOL017W,YDR224C,1,-3.0766373,0.11427320539951324,0.26100000739097595,0.20229999721050262
YPL204W,YLR391W-A,0,-3.0767899,0.11422319710254669,0.26100000739097595,0.20239999890327454
YER157W,YOL005C,0,-3.0768461,0.11417322605848312,0.26100000739097595,0.20250000059604645
YKL130C,YKR099C-A,0,-3.0769472,0.11412330716848373,0.26100000739097595,0.20260000228881836
YLR226W,YLR467W,0,-3.076952,0.11407342553138733,0.26100000739097595,0.20270000398159027
YER176W,YDR410C,0,-3.0770535,0.1140235885977745,0.26100000739097595,0.20280000567436218
YGR122W,YFL014W,0,-3.0771375,0.11397379636764526,0.26100000739097595,0.2029000073671341
YKL174C,YIL168W,0,-3.0772414,0.1139240488409996,0.26100000739097595,0.2029999941587448
YKL084W,YMR036C,0,-3.0773463,0.11387434601783752,0.26100000739097595,0.20309999585151672
YBR015C,YKL011C,0,-3.0778198,0.11382468044757843,0.26100000739097595,0.20319999754428864
YDL217C,YIL109C,0,-3.0779543,0.11377506703138351,0.26100000739097595,0.20329999923706055
YDR325W,YPL204W,0,-3.07829,0.11372549086809158,0.26100000739097595,0.20340000092983246
YOR287C,YLR166C,0,-3.0783734,0.11367595940828323,0.26100000739097595,0.20350000262260437
YCR003W,YER171W,0,-3.0790143,0.11362647265195847,0.26100000739097595,0.20360000431537628
YMR286W,YOR144C,0,-3.0790238,0.11357702314853668,0.26100000739097595,0.2037000060081482
YMR156C,YIL063C,0,-3.0793858,0.11352761834859848,0.26100000739097595,0.2037999927997589
YMR127C,YNL088W,1,-3.0794768,0.11391304433345795,0.2619999945163727,0.2037999927997589
YER073W,YLR467W,0,-3.0796623,0.11386353522539139,0.2619999945163727,0.20389999449253082
YHR053C,YLR297W,0,-3.0798073,0.11381407827138901,0.2619999945163727,0.20399999618530273
YJR026W,YDR486C,0,-3.0798106,0.11376465111970901,0.2619999945163727,0.20409999787807465
YJL069C,YKL032C,0,-3.0798159,0.1137152761220932,0.2619999945163727,0.20419999957084656
YDR239C,YPL242C,0,-3.0798368,0.11366594582796097,0.2619999945163727,0.20430000126361847
YBL006C,YLR015W,1,-3.0798783,0.11405030637979507,0.2630000114440918,0.20430000126361847
YOL148C,YLR015W,1,-3.0799613,0.11443433165550232,0.2639999985694885,0.20430000126361847
YOR187W,YLR361C,0,-3.080173,0.11438474804162979,0.2639999985694885,0.20440000295639038
YKL171W,YMR223W,0,-3.0801992,0.11433520913124084,0.2639999985694885,0.2045000046491623
YLR182W,YBR055C,0,-3.0802526,0.11428571492433548,0.2639999985694885,0.2046000063419342
YJR120W,YJL035C,0,-3.0805554,0.1142362579703331,0.2639999985694885,0.20469999313354492
YKL154W,YNR039C,0,-3.080636,0.1141868531703949,0.2639999985694885,0.20479999482631683
YPR176C,YDR272W,0,-3.0807676,0.11413748562335968,0.2639999985694885,0.20489999651908875
YKL116C,YOR030W,0,-3.0810513,0.11408815532922745,0.2639999985694885,0.20499999821186066
YKL089W,YNL238W,0,-3.08112,0.1140388771891594,0.2639999985694885,0.20509999990463257
YML018C,YLR457C,0,-3.0812287,0.11398963630199432,0.2639999985694885,0.20520000159740448
YDR079C-A,YDR346C,0,-3.0813417,0.11394044011831284,0.2639999985694885,0.2053000032901764
YLR007W,YNL077W,0,-3.0815692,0.11389128863811493,0.2639999985694885,0.2054000049829483
YPR052C,YIL131C,1,-3.0817685,0.11427339166402817,0.26499998569488525,0.2054000049829483
YDR026C,YLR431C,0,-3.081769,0.1142241358757019,0.26499998569488525,0.20550000667572021
YJL186W,YNL213C,0,-3.081809,0.11417492479085922,0.26499998569488525,0.20559999346733093
YLL032C,YLR405W,0,-3.0820227,0.11412575095891953,0.26499998569488525,0.20569999516010284
YBR166C,YJR141W,0,-3.0821419,0.11407662183046341,0.26499998569488525,0.20579999685287476
YDR109C,YHR053C,0,-3.0832448,0.11402753740549088,0.26499998569488525,0.20589999854564667
YER176W,YMR277W,0,-3.0832486,0.11397849768400192,0.26499998569488525,0.20600000023841858
YBR055C,YNL197C,0,-3.0835776,0.11392949521541595,0.26499998569488525,0.2061000019311905
YML103C,YBR129C,0,-3.08393,0.11388052999973297,0.26499998569488525,0.2062000036239624
YCR026C,YBL047C,0,-3.084073,0.11383161693811417,0.26499998569488525,0.20630000531673431
YJR004C,YCR087C-A,0,-3.0841098,0.11378274112939835,0.26499998569488525,0.20640000700950623
YMR261C,YJR052W,0,-3.0842266,0.11373390257358551,0.26499998569488525,0.20649999380111694
YPR082C,YMR114C,0,-3.0843887,0.11368511617183685,0.26499998569488525,0.20659999549388885
YER087C-A,YIL125W,0,-3.0850372,0.11363636702299118,0.26499998569488525,0.20669999718666077
YLL015W,YLR145W,0,-3.085424,0.11358765512704849,0.26499998569488525,0.20679999887943268
YER014C-A,YDR473C,0,-3.0854254,0.11353898793458939,0.26499998569488525,0.2069000005722046
YPL269W,YBR065C,0,-3.0856624,0.11349036544561386,0.26499998569488525,0.2070000022649765
YDR472W,YGL053W,0,-3.0862246,0.11344178020954132,0.26499998569488525,0.2071000039577484
YGL231C,YKL213C,0,-3.0866046,0.11339323967695236,0.26499998569488525,0.20720000565052032
YBR055C,YPL065W,0,-3.0866184,0.11334473639726639,0.26499998569488525,0.20730000734329224
YER155C,YKL011C,0,-3.0869117,0.113296277821064,0.26499998569488525,0.20739999413490295
YPL001W,YOL090W,1,-3.0870852,0.11367521435022354,0.26600000262260437,0.20739999413490295
YDR206W,YJL053W,0,-3.08748,0.11362665891647339,0.26600000262260437,0.20749999582767487
YIL080W,YPL038W,0,-3.0875883,0.11357814073562622,0.26600000262260437,0.20759999752044678
YOL030W,YKL027W,0,-3.087669,0.11352965980768204,0.26600000262260437,0.2076999992132187
YOL004W,YJL115W,1,-3.0877051,0.11390785127878189,0.2669999897480011,0.2076999992132187
YJR151C,YOR285W,0,-3.0878487,0.11385927349328995,0.2669999897480011,0.2078000009059906
YIL004C,YPL065W,0,-3.0881667,0.11381074041128159,0.2669999897480011,0.2079000025987625
YIL080W,YOR128C,0,-3.088284,0.1137622520327568,0.2669999897480011,0.20800000429153442
YHR005C,YDR421W,0,-3.088397,0.11371380090713501,0.2669999897480011,0.20810000598430634
YMR306W,YKL011C,0,-3.0885391,0.1136653870344162,0.2669999897480011,0.20819999277591705
YDR469W,YBL006C,1,-3.0885863,0.11404255032539368,0.2680000066757202,0.20819999277591705
YJL008C,YKL070W,0,-3.0887122,0.1139940470457077,0.2680000066757202,0.20829999446868896
YCR097W,YGR222W,0,-3.0889068,0.11394558101892471,0.2680000066757202,0.20839999616146088
YBR271W,YPL037C,0,-3.0892248,0.11389715224504471,0.2680000066757202,0.2084999978542328
YNL097C,YLR015W,1,-3.089364,0.11427357792854309,0.26899999380111694,0.2084999978542328
YOL148C,YLL002W,1,-3.089428,0.1146496832370758,0.27000001072883606,0.2084999978542328
YDR500C,YBR284W,0,-3.0895038,0.1146010160446167,0.27000001072883606,0.2085999995470047
YNL246W,YJL065C,1,-3.089571,0.114976666867733,0.2709999978542328,0.2085999995470047
YPR096C,YGR081C,0,-3.0898628,0.11492790281772614,0.2709999978542328,0.2087000012397766
YDR412W,YJL035C,0,-3.089944,0.11487918347120285,0.2709999978542328,0.20880000293254852
YDR405W,YPR104C,0,-3.0901484,0.11483050882816315,0.2709999978542328,0.20890000462532043
YPL204W,YGR287C,0,-3.0902176,0.11478187143802643,0.2709999978542328,0.20900000631809235
YJR029W,YOL164W,0,-3.0904937,0.11473327875137329,0.2709999978542328,0.20909999310970306
YDL136W,YIL119C,0,-3.0906234,0.11468472331762314,0.2709999978542328,0.20919999480247498
YJL094C,YDR194C,0,-3.090631,0.11463621258735657,0.2709999978542328,0.2092999964952469
YER074W-A,YCR010C,0,-3.0909743,0.11458773910999298,0.2709999978542328,0.2093999981880188
YLL032C,YOR317W,0,-3.0909824,0.11453931033611298,0.2709999978542328,0.2094999998807907
YGL231C,YER089C,0,-3.0910716,0.11449091881513596,0.2709999978542328,0.20960000157356262
YKR019C,YLR442C,1,-3.0913115,0.11486486345529556,0.2720000147819519,0.20960000157356262
YHR085W,YGL142C,0,-3.0915284,0.11481637507677078,0.2720000147819519,0.20970000326633453
YKR101W,YDL076C,1,-3.0915303,0.11518987268209457,0.27300000190734863,0.20970000326633453
YOR250C,YOL111C,0,-3.0915432,0.11514128744602203,0.27300000190734863,0.20980000495910645
YLR105C,YLR457C,0,-3.0915785,0.11509274691343307,0.27300000190734863,0.20990000665187836
YER142C,YCR093W,0,-3.0918846,0.1150442510843277,0.27300000190734863,0.20999999344348907
YEL011W,YMR210W,0,-3.0918932,0.11499578505754471,0.27300000190734863,0.210099995136261
YJL128C,YNL213C,0,-3.092032,0.1149473711848259,0.27300000190734863,0.2101999968290329
YJL123C,YKL114C,0,-3.0920424,0.11489898711442947,0.27300000190734863,0.2102999985218048
YNR060W,YER118C,0,-3.0920825,0.11485065519809723,0.27300000190734863,0.21040000021457672
YKR020W,YDL039C,0,-3.092186,0.11480235308408737,0.27300000190734863,0.21050000190734863
YKL089W,YNL070W,0,-3.0923314,0.1147540956735611,0.27300000190734863,0.21060000360012054
YML023C,YPL053C,0,-3.0924077,0.1147058829665184,0.27300000190734863,0.21070000529289246
YNL271C,YHR101C,0,-3.0924144,0.11465770751237869,0.27300000190734863,0.21080000698566437
YCL045C,YLR109W,0,-3.0924468,0.11460956931114197,0.27300000190734863,0.21089999377727509
YDR472W,YCL019W,0,-3.0925426,0.11456147581338882,0.27300000190734863,0.210999995470047
YNL262W,YER169W,1,-3.0926652,0.11493288725614548,0.27399998903274536,0.210999995470047
YGR085C,YPL259C,0,-3.093132,0.11488469690084457,0.27399998903274536,0.2110999971628189
YGL241W,YNR058W,0,-3.0931902,0.11483654379844666,0.27399998903274536,0.21119999885559082
YNL290W,YGL125W,0,-3.0935378,0.11478843539953232,0.27399998903274536,0.21130000054836273
YCR003W,YMR114C,0,-3.093751,0.11474037170410156,0.27399998903274536,0.21140000224113464
YOL011W,YJR120W,0,-3.0938725,0.1146923378109932,0.27399998903274536,0.21150000393390656
YAL020C,YLR297W,0,-3.0940175,0.11464434862136841,0.27399998903274536,0.21160000562667847
YCR052W,YBR215W,1,-3.094347,0.11501463502645493,0.2750000059604645,0.21160000562667847
YJR026W,YKL206C,0,-3.0944657,0.11496655642986298,0.2750000059604645,0.21170000731945038
YDR310C,YPR034W,1,-3.094522,0.11533639580011368,0.2759999930858612,0.21170000731945038
YLL002W,YNL088W,1,-3.094993,0.1157059296965599,0.2770000100135803,0.21170000731945038
YGR119C,YJR129C,0,-3.095367,0.11565762013196945,0.2770000100135803,0.2117999941110611
YOR243C,YCL045C,0,-3.095448,0.11560934782028198,0.2770000100135803,0.211899995803833
YFL002W-A,YHR211W,0,-3.0955582,0.1155611202120781,0.2770000100135803,0.21199999749660492
YMR122W-A,YOL100W,0,-3.0957136,0.11551292985677719,0.2770000100135803,0.21209999918937683
YER014W,YJR158W,0,-3.095817,0.11546477675437927,0.2770000100135803,0.21220000088214874
YKL089W,YJL078C,0,-3.09588,0.11541666835546494,0.2770000100135803,0.21230000257492065
YDL111C,YIL038C,0,-3.095951,0.11536859720945358,0.2770000100135803,0.21240000426769257
YJR042W,YER176W,0,-3.0961833,0.11532056331634521,0.2770000100135803,0.21250000596046448
YHR172W,YNR054C,0,-3.096243,0.11527257412672043,0.2770000100135803,0.2125999927520752
YGR260W,YCR047C,0,-3.096271,0.11522462218999863,0.2770000100135803,0.2126999944448471
YCR003W,YKL005C,0,-3.0963407,0.1151767149567604,0.2770000100135803,0.21279999613761902
YNL262W,YLR449W,1,-3.0963964,0.11554447561502457,0.27799999713897705,0.21279999613761902
YER022W,YNL070W,0,-3.0965896,0.11549647152423859,0.27799999713897705,0.21289999783039093
YLL032C,YHR008C,0,-3.0967174,0.11544850468635559,0.27799999713897705,0.21299999952316284
YBL091C,YBR041W,0,-3.0968585,0.11540058255195618,0.27799999713897705,0.21310000121593475
YOR304C-A,YHL004W,0,-3.0969162,0.11535269767045975,0.27799999713897705,0.21320000290870667
YCR092C,YKL004W,0,-3.0969372,0.1153048500418663,0.27799999713897705,0.21330000460147858
YOL111C,YKL222C,0,-3.0970674,0.11525704711675644,0.27799999713897705,0.2134000062942505
YPR104C,YDL100C,0,-3.0970964,0.11520928144454956,0.27799999713897705,0.2134999930858612
YCL027W,YCL019W,0,-3.0972533,0.11516156047582626,0.27799999713897705,0.21359999477863312
YER072W,YNL197C,0,-3.0977545,0.11511386930942535,0.27799999713897705,0.21369999647140503
YDR279W,YER129W,0,-3.0978308,0.11506622284650803,0.27799999713897705,0.21379999816417694
YJL078C,YMR073C,0,-3.0980954,0.11501862108707428,0.27799999713897705,0.21389999985694885
YJR026W,YLR132C,0,-3.0982528,0.11497104912996292,0.27799999713897705,0.21400000154972076
YER176W,YDR188W,0,-3.098269,0.11492352187633514,0.27799999713897705,0.21410000324249268
YOL091W,YJL170C,0,-3.0982904,0.11487603187561035,0.27799999713897705,0.2142000049352646
YDL101C,YLR391W-A,0,-3.0985308,0.11482858657836914,0.27799999713897705,0.2143000066280365
YPL221W,YML033W,0,-3.098629,0.11478117108345032,0.27799999713897705,0.21439999341964722
YAL022C,YAR014C,0,-3.0987263,0.11473380029201508,0.27799999713897705,0.21449999511241913
YDL078C,YNL092W,0,-3.0989323,0.11468646675348282,0.27799999713897705,0.21459999680519104
YBL088C,YBR034C,0,-3.0991178,0.11463917791843414,0.27799999713897705,0.21469999849796295
YDL198C,YER089C,0,-3.0995593,0.11459191888570786,0.27799999713897705,0.21480000019073486
YPL202C,YFR040W,0,-3.0996056,0.11454470455646515,0.27799999713897705,0.21490000188350677
YJR120W,YGR261C,0,-3.0997062,0.11449752748012543,0.27799999713897705,0.2150000035762787
YNL083W,YBR012W-B,0,-3.0997763,0.11445038765668869,0.27799999713897705,0.2151000052690506
YDL236W,YJL176C,1,-3.0998216,0.11481481790542603,0.27900001406669617,0.2151000052690506
YBR114W,YLR391W-A,0,-3.0998983,0.11476758867502213,0.27900001406669617,0.2152000069618225
YBR060C,YML069W,1,-3.100009,0.11513157933950424,0.2800000011920929,0.2152000069618225
YDR310C,YOR038C,1,-3.100237,0.11549527198076248,0.2809999883174896,0.2152000069618225
YML056C,YER029C,0,-3.100367,0.11544781923294067,0.2809999883174896,0.21529999375343323
YER014C-A,YKR089C,0,-3.100709,0.11540041118860245,0.2809999883174896,0.21539999544620514
YOL017W,YJL127C,1,-3.1007733,0.11576354503631592,0.28200000524520874,0.21539999544620514
YDR056C,YJL053W,0,-3.1008239,0.11571604758501053,0.28200000524520874,0.21549999713897705
YLR015W,YOL090W,1,-3.1010118,0.11607875674962997,0.28299999237060547,0.21549999713897705
YCL045C,YKL132C,0,-3.1010852,0.11603116244077682,0.28299999237060547,0.21559999883174896
YPL204W,YLR228C,0,-3.101162,0.11598360538482666,0.28299999237060547,0.21570000052452087
YJR134C,YGL167C,0,-3.1014128,0.11593609303236008,0.28299999237060547,0.21580000221729279
YBR106W,YLR381W,0,-3.1016455,0.11588861793279648,0.28299999237060547,0.2159000039100647
YBR088C,YOR304W,1,-3.1018052,0.11625051498413086,0.2840000092983246,0.2159000039100647
YBL036C,YDR186C,0,-3.1018276,0.1162029430270195,0.2840000092983246,0.2160000056028366
YKR083C,YMR050C,0,-3.1022382,0.11615541577339172,0.2840000092983246,0.21610000729560852
YGL212W,YBR166C,0,-3.1027684,0.11610793322324753,0.2840000092983246,0.21619999408721924
YJR049C,YJR092W,0,-3.1029768,0.11606048047542572,0.2840000092983246,0.21629999577999115
YER176W,YDR384C,0,-3.1031938,0.1160130724310875,0.2840000092983246,0.21639999747276306
YGR174C,YPR055W,0,-3.1038995,0.11596570163965225,0.2840000092983246,0.21649999916553497
YML018C,YKL005C,0,-3.1041527,0.11591836810112,0.2840000092983246,0.21660000085830688
YLR324W,YOR257W,0,-3.104187,0.11587107181549072,0.2840000092983246,0.2167000025510788
YDR245W,YGR047C,0,-3.1042137,0.11582382023334503,0.2840000092983246,0.2168000042438507
YDR227W,YCR052W,1,-3.1042328,0.11618426442146301,0.2849999964237213,0.2168000042438507
YMR122W-A,YOR380W,0,-3.1043444,0.11613691598176956,0.2849999964237213,0.21690000593662262
YGR144W,YDL024C,0,-3.1045027,0.11608961224555969,0.2849999964237213,0.21699999272823334
YGL094C,YER028C,0,-3.1046004,0.11604234576225281,0.2849999964237213,0.21709999442100525
YMR122W-A,YER007C-A,0,-3.1046448,0.11599511653184891,0.2849999964237213,0.21719999611377716
YBL084C,YGL092W,0,-3.1050224,0.11594792455434799,0.2849999964237213,0.21729999780654907
YGR109C,YNL271C,0,-3.1050491,0.11590076982975006,0.2849999964237213,0.21739999949932098
YKL057C,YKL075C,0,-3.1053967,0.11585365980863571,0.2849999964237213,0.2175000011920929
YGR222W,YJR052W,0,-3.1054225,0.11580657958984375,0.2849999964237213,0.2176000028848648
YCR026C,YMR145C,0,-3.1055913,0.11575954407453537,0.2849999964237213,0.21770000457763672
YCR026C,YIL073C,0,-3.1058064,0.11571254581212997,0.2849999964237213,0.21780000627040863
YDR239C,YJL069C,0,-3.1060505,0.11566558480262756,0.2849999964237213,0.21789999306201935
YMR277W,YAR014C,0,-3.106114,0.11561866104602814,0.2849999964237213,0.21799999475479126
YBL041W,YER148W,0,-3.1065674,0.1155717745423317,0.2849999964237213,0.21809999644756317
YPL188W,YJR026W,0,-3.1072292,0.11552493274211884,0.2849999964237213,0.21819999814033508
YDR500C,YMR190C,0,-3.1072931,0.11547812074422836,0.2849999964237213,0.218299999833107
YHR146W,YKL201C,0,-3.1074166,0.11543134599924088,0.2849999964237213,0.2184000015258789
YNL207W,YNL271C,0,-3.107462,0.11538461595773697,0.2849999964237213,0.21850000321865082
YDR109C,YDR486C,0,-3.1079202,0.11533792316913605,0.2849999964237213,0.21860000491142273
YDR081C,YLR368W,0,-3.108077,0.11529126018285751,0.2849999964237213,0.21870000660419464
YPL038W,YIR009W,0,-3.1086378,0.11524464190006256,0.2849999964237213,0.21879999339580536
YKL001C,YPL270W,0,-3.108725,0.1151980608701706,0.2849999964237213,0.21889999508857727
YNL177C,YER149C,0,-3.1089673,0.11515151709318161,0.2849999964237213,0.21899999678134918
YML123C,YLR361C,0,-3.109096,0.11510501056909561,0.2849999964237213,0.2190999984741211
YBR106W,YGR004W,0,-3.1091785,0.1150585412979126,0.2849999964237213,0.219200000166893
YOL148C,YLR321C,1,-3.1093054,0.11541565507650375,0.28600001335144043,0.219200000166893
YDR469W,YER030W,1,-3.1094065,0.11577248573303223,0.28700000047683716,0.219200000166893
YOR143C,YPR082C,0,-3.109561,0.1157258078455925,0.28700000047683716,0.21930000185966492
YOR079C,YGL092W,0,-3.1095853,0.11567915976047516,0.28700000047683716,0.21940000355243683
YMR165C,YJL111W,0,-3.1096177,0.1156325563788414,0.28700000047683716,0.21950000524520874
YMR156C,YPL002C,0,-3.1096654,0.11558598279953003,0.28700000047683716,0.21960000693798065
YJR022W,YDR141C,0,-3.1097298,0.11553945392370224,0.28700000047683716,0.21969999372959137
YJR158W,YOL127W,0,-3.109789,0.11549295485019684,0.28700000047683716,0.21979999542236328
YDR472W,YMR114C,0,-3.1099977,0.11544650048017502,0.28700000047683716,0.2198999971151352
YEL009C,YMR232W,0,-3.110012,0.11540008336305618,0.28700000047683716,0.2199999988079071
YDR040C,YCR087C-A,0,-3.110035,0.11535369604825974,0.28700000047683716,0.22010000050067902
YDR079C-A,YOR380W,0,-3.1101289,0.11530735343694687,0.28700000047683716,0.22020000219345093
YLR029C,YDR186C,0,-3.1103954,0.11526104062795639,0.28700000047683716,0.22030000388622284
YFL049W,YML109W,1,-3.1106172,0.11561621725559235,0.2879999876022339,0.22030000388622284
YPR104C,YOR219C,0,-3.1106186,0.1155698224902153,0.2879999876022339,0.22040000557899475
YDL116W,YHR193C,0,-3.1110425,0.11552346497774124,0.2879999876022339,0.22050000727176666
YHL035C,YPL204W,0,-3.1111293,0.11547714471817017,0.2879999876022339,0.22059999406337738
YOR056C,YPL174C,0,-3.1112094,0.11543086171150208,0.2879999876022339,0.2206999957561493
YDR004W,YGL161C,0,-3.11126,0.11538461595773697,0.2879999876022339,0.2207999974489212
YDR277C,YCR092C,0,-3.111423,0.11533840745687485,0.2879999876022339,0.22089999914169312
YKL075C,YGL004C,0,-3.111507,0.11529223620891571,0.2879999876022339,0.22100000083446503
YGR042W,YPL259C,0,-3.1116319,0.11524609476327896,0.2879999876022339,0.22110000252723694
YMR226C,YKR024C,0,-3.1117024,0.1151999980211258,0.2879999876022339,0.22120000422000885
YER167W,YBR165W,0,-3.11193,0.11515393853187561,0.2879999876022339,0.22130000591278076
YKL214C,YDR099W,0,-3.1119618,0.11510791629552841,0.2879999876022339,0.22139999270439148
YGL013C,YNL094W,0,-3.1121368,0.1150619238615036,0.2879999876022339,0.2214999943971634
YNL131W,YDL093W,0,-3.1121955,0.11501597613096237,0.2879999876022339,0.2215999960899353
YLR105C,YDR532C,0,-3.112278,0.11497005820274353,0.2879999876022339,0.22169999778270721
YNL154C,YDL031W,0,-3.1124506,0.11492418497800827,0.2879999876022339,0.22179999947547913
YFL002W-A,YDL013W,0,-3.1124873,0.1148783415555954,0.2879999876022339,0.22190000116825104
YGL068W,YER138C,0,-3.1125169,0.11483253538608551,0.2879999876022339,0.22200000286102295
YFL002W-A,YBL047C,0,-3.1126037,0.11478676646947861,0.2879999876022339,0.22210000455379486
YJL065C,YGL014W,1,-3.1127148,0.115139439702034,0.289000004529953,0.22210000455379486
YKR096W,YKL010C,0,-3.112733,0.11509358882904053,0.289000004529953,0.22220000624656677
YML033W,YHR076W,0,-3.1127791,0.11504776775836945,0.289000004529953,0.2222999930381775
YNR057C,YGR081C,0,-3.112852,0.11500199139118195,0.289000004529953,0.2223999947309494
YOL058W,YGR122W,0,-3.1128573,0.11495624482631683,0.289000004529953,0.2224999964237213
YOR091W,YIR009W,0,-3.1129303,0.1149105355143547,0.289000004529953,0.22259999811649323
YKR067W,YER040W,0,-3.113154,0.11486486345529556,0.289000004529953,0.22269999980926514
YMR101C,YIL017W,0,-3.1134105,0.1148192286491394,0.289000004529953,0.22280000150203705
YCR026C,YJR048W,0,-3.1135473,0.11477363109588623,0.289000004529953,0.22290000319480896
YBR186W,YOL121C,0,-3.113606,0.11472806334495544,0.289000004529953,0.22300000488758087
YDR017C,YLL038C,0,-3.1137571,0.11468254029750824,0.289000004529953,0.22310000658035278
YLR363C,YJR134C,0,-3.113809,0.11463704705238342,0.289000004529953,0.2231999933719635
YDR472W,YOL062C,0,-3.113984,0.11459159106016159,0.289000004529953,0.2232999950647354
YBR274W,YML056C,0,-3.113998,0.11454617232084274,0.289000004529953,0.22339999675750732
YBR274W,YNR032C-A,0,-3.114263,0.11450079083442688,0.289000004529953,0.22349999845027924
YDR227W,YER030W,1,-3.1143618,0.11485148221254349,0.28999999165534973,0.22349999845027924
YKL070W,YMR207C,0,-3.1144886,0.11480601876974106,0.28999999165534973,0.22360000014305115
YDL020C,YOR250C,0,-3.114606,0.11476058512926102,0.28999999165534973,0.22370000183582306
YBR248C,YLR457C,0,-3.1149163,0.11471518874168396,0.28999999165534973,0.22380000352859497
YER014W,YOR305W,0,-3.115107,0.11466982960700989,0.28999999165534973,0.22390000522136688
YLR193C,YPL147W,0,-3.1152363,0.1146245077252388,0.28999999165534973,0.2240000069141388
YMR101C,YHR101C,0,-3.1160707,0.1145792156457901,0.28999999165534973,0.2240999937057495
YNL003C,YGL027C,0,-3.1161861,0.11453396826982498,0.28999999165534973,0.22419999539852142
YKL191W,YPR094W,0,-3.116273,0.11448875069618225,0.28999999165534973,0.22429999709129333
YJR025C,YPR200C,0,-3.1162982,0.1144435703754425,0.28999999165534973,0.22439999878406525
YDL153C,YOL017W,1,-3.1163898,0.11479289829730988,0.29100000858306885,0.22439999878406525
YDL213C,YJL112W,0,-3.1165662,0.11474763602018356,0.29100000858306885,0.22450000047683716
YBR114W,YLR144C,0,-3.1166053,0.11470240354537964,0.29100000858306885,0.22460000216960907
YPL274W,YKR099C-A,0,-3.11664,0.1146572083234787,0.29100000858306885,0.22470000386238098
YPL188W,YEL016C,0,-3.1171446,0.11461205035448074,0.29100000858306885,0.2248000055551529
YLR418C,YBR289W,1,-3.1175518,0.11496063321828842,0.2919999957084656,0.2248000055551529
YGL037C,YKR019C,1,-3.1178484,0.11530893296003342,0.2930000126361847,0.2248000055551529
YKR076W,YOL100W,0,-3.1179566,0.11526357382535934,0.2930000126361847,0.2249000072479248
YIL084C,YGL014W,1,-3.1182108,0.1156114861369133,0.2939999997615814,0.2249000072479248
YEL032W,YGL129C,0,-3.1182823,0.11556603759527206,0.2939999997615814,0.22499999403953552
YCR003W,YKL017C,0,-3.118311,0.11552062630653381,0.2939999997615814,0.22509999573230743
YMR052W,YHR148W,0,-3.1184707,0.11547525227069855,0.2939999997615814,0.22519999742507935
YLR342W,YGL249W,0,-3.1186376,0.11542991548776627,0.2939999997615814,0.22529999911785126
YJL012C-A,YDR088C,0,-3.1187463,0.11538461595773697,0.2939999997615814,0.22540000081062317
YOL058W,YML120C,0,-3.1188402,0.11533934623003006,0.2939999997615814,0.22550000250339508
YIL082W-A,YPL065W,0,-3.1189637,0.11529412120580673,0.2939999997615814,0.225600004196167
YLR047C,YER040W,0,-3.1190615,0.1152489185333252,0.2939999997615814,0.2257000058889389
YOL017W,YIL131C,1,-3.1191354,0.11559560894966125,0.29499998688697815,0.2257000058889389
YBL088C,YPL221W,0,-3.1191459,0.11555033177137375,0.29499998688697815,0.22579999268054962
YBR271W,YOL103W,0,-3.1193104,0.11550509184598923,0.29499998688697815,0.22589999437332153
YDR306C,YKL008C,0,-3.1193962,0.1154598817229271,0.29499998688697815,0.22599999606609344
YDR392W,YER161C,1,-3.1199098,0.11580594629049301,0.29600000381469727,0.22599999606609344
YML086C,YIR008C,0,-3.1199117,0.11576065421104431,0.29600000381469727,0.22609999775886536
YKL160W,YLR321C,1,-3.119988,0.11610633134841919,0.296999990940094,0.22609999775886536
YDR140W,YKL027W,0,-3.1200805,0.11606096476316452,0.296999990940094,0.22619999945163727
YKL129C,YKL201C,0,-3.1202817,0.11601562798023224,0.296999990940094,0.22630000114440918
YDL236W,YGR252W,1,-3.120284,0.11636079847812653,0.2980000078678131,0.22630000114440918
YPL033C,YHL035C,0,-3.1203485,0.11631537973880768,0.2980000078678131,0.2264000028371811
YJL090C,YJL096W,0,-3.1203747,0.11626999825239182,0.2980000078678131,0.226500004529953
YNL290W,YGL127C,0,-3.120398,0.11622464656829834,0.2980000078678131,0.22660000622272491
YGR109C,YKL005C,0,-3.1204257,0.11617933958768845,0.2980000078678131,0.22669999301433563
YDL153C,YPR034W,1,-3.1205115,0.11652377247810364,0.29899999499320984,0.22669999301433563
YPR204W,YDL217C,0,-3.120669,0.11647837609052658,0.29899999499320984,0.22679999470710754
YLL038C,YJL111W,0,-3.1207204,0.1164330244064331,0.29899999499320984,0.22689999639987946
YOR348C,YDR323C,0,-3.1207414,0.11638770252466202,0.29899999499320984,0.22699999809265137
YPR190C,YGR287C,0,-3.1210966,0.11634241044521332,0.29899999499320984,0.22709999978542328
YJL124C,YLR238W,0,-3.1212792,0.1162971630692482,0.29899999499320984,0.2272000014781952
YMR156C,YPR082C,0,-3.1214452,0.11625194549560547,0.29899999499320984,0.2273000031709671
YDR421W,YJR033C,0,-3.1214638,0.11620676517486572,0.29899999499320984,0.227400004863739
YKL057C,YEL003W,0,-3.1215281,0.11616161465644836,0.29899999499320984,0.22750000655651093
YDR411C,YGL206C,0,-3.121715,0.11611650139093399,0.29899999499320984,0.22759999334812164
YKR007W,YLR126C,0,-3.1217823,0.1160714253783226,0.29899999499320984,0.22769999504089355
YOR257W,YER007C-A,0,-3.1217847,0.1160263866186142,0.29899999499320984,0.22779999673366547
YGR211W,YDR522C,0,-3.1218681,0.11598137766122818,0.29899999499320984,0.22789999842643738
YDL153C,YJL176C,1,-3.1219049,0.11632415652275085,0.30000001192092896,0.22789999842643738
YNL059C,YBR289W,1,-3.1219263,0.11666666716337204,0.3009999990463257,0.22789999842643738
YHR169W,YKL134C,0,-3.1219344,0.1166214644908905,0.3009999990463257,0.2280000001192093
YPL124W,YNL207W,0,-3.1222034,0.11657629907131195,0.3009999990463257,0.2281000018119812
YKL063C,YJL179W,0,-3.1222649,0.11653116345405579,0.3009999990463257,0.2282000035047531
YKL001C,YFR040W,0,-3.1224046,0.1164860650897026,0.3009999990463257,0.22830000519752502
YPL157W,YKL114C,0,-3.1226716,0.11644100397825241,0.3009999990463257,0.22840000689029694
YGL092W,YEL016C,0,-3.12317,0.1163959801197052,0.3009999990463257,0.22849999368190765
YER124C,YDR001C,0,-3.123187,0.11635098606348038,0.3009999990463257,0.22859999537467957
YMR058W,YER138C,0,-3.1233478,0.11630602926015854,0.3009999990463257,0.22869999706745148
YHR081W,YLR188W,0,-3.123457,0.11626110225915909,0.3009999990463257,0.2287999987602234
YLR388W,YML023C,0,-3.1235747,0.11621621251106262,0.3009999990463257,0.2289000004529953
YHR179W,YCR092C,0,-3.1236858,0.11617136001586914,0.3009999990463257,0.2290000021457672
YDR352W,YDL087C,0,-3.1238236,0.11612654477357864,0.3009999990463257,0.22910000383853912
YFR004W,YML103C,0,-3.123845,0.11608175933361053,0.3009999990463257,0.22920000553131104
YOR110W,YLR391W-A,0,-3.1238704,0.11603701114654541,0.3009999990463257,0.22930000722408295
YMR145C,YLR427W,0,-3.1240396,0.11599229276180267,0.3009999990463257,0.22939999401569366
YOR305W,YGL047W,0,-3.124175,0.11594761162996292,0.3009999990463257,0.22949999570846558
YNL261W,YML065W,1,-3.1242552,0.11628802120685577,0.3019999861717224,0.22949999570846558
YKL075C,YDR264C,0,-3.1242843,0.11624326556921005,0.3019999861717224,0.2295999974012375
YKR020W,YJL090C,0,-3.1243353,0.11619853973388672,0.3019999861717224,0.2296999990940094
YPL106C,YIL077C,0,-3.124415,0.11615384370088577,0.3019999861717224,0.2298000007867813
YCR038C,YPL125W,0,-3.1244698,0.11610919237136841,0.3019999861717224,0.22990000247955322
YKR101W,YGR252W,1,-3.1244764,0.11644888669252396,0.30300000309944153,0.22990000247955322
YGR145W,YKR099C-A,0,-3.124495,0.11640414595603943,0.30300000309944153,0.23000000417232513
YJR004C,YJR141W,0,-3.1245475,0.11635944992303848,0.30300000309944153,0.23010000586509705
YNR060W,YDR346C,0,-3.1246543,0.11631477624177933,0.30300000309944153,0.23019999265670776
YOR026W,YER014C-A,0,-3.1247983,0.11627014726400375,0.30300000309944153,0.23029999434947968
YDR003W,YER040W,0,-3.1248784,0.11622554808855057,0.30300000309944153,0.2303999960422516
YJL124C,YLR007W,0,-3.1256561,0.11618097871541977,0.30300000309944153,0.2304999977350235
YKR096W,YLR447C,0,-3.1260347,0.11613645404577255,0.30300000309944153,0.2305999994277954
YGR217W,YEL042W,0,-3.1262698,0.11609195172786713,0.30300000309944153,0.23070000112056732
YDR109C,YKR007W,0,-3.1265473,0.11604749411344528,0.30300000309944153,0.23080000281333923
YGR193C,YOR298W,0,-3.1267285,0.11600306630134583,0.30300000309944153,0.23090000450611115
YIL044C,YPR190C,0,-3.1272635,0.11595866829156876,0.30300000309944153,0.23100000619888306
YOR281C,YPL053C,0,-3.127398,0.11591430753469467,0.30300000309944153,0.23109999299049377
YBL006C,YNL097C,1,-3.1275315,0.11625239253044128,0.30399999022483826,0.23109999299049377
YGR252W,YER161C,1,-3.1276054,0.116590216755867,0.3050000071525574,0.23109999299049377
YIL017W,YIL085C,0,-3.1279306,0.1165456622838974,0.3050000071525574,0.23119999468326569
YMR168C,YLR361C,0,-3.1284575,0.11650114506483078,0.3050000071525574,0.2312999963760376
YDR303C,YER161C,1,-3.1286278,0.1168384850025177,0.3059999942779541,0.2312999963760376
YLR381W,YGL100W,0,-3.1286578,0.11679389327764511,0.3059999942779541,0.2313999980688095
YNR032C-A,YPR078C,0,-3.1287065,0.11674933135509491,0.3059999942779541,0.23149999976158142
YDR352W,YLR039C,0,-3.1287613,0.11670480668544769,0.3059999942779541,0.23160000145435333
YFL031W,YOR319W,0,-3.128889,0.11666031181812286,0.3059999942779541,0.23170000314712524
YGR072W,YPL037C,0,-3.1289344,0.11661585420370102,0.3059999942779541,0.23180000483989716
YKL142W,YDR109C,0,-3.1290584,0.11657142639160156,0.3059999942779541,0.23190000653266907
YLL015W,YNR032C-A,0,-3.1291971,0.11652703583240509,0.3059999942779541,0.23199999332427979
YDR323C,YMR286W,0,-3.1294117,0.1164826825261116,0.3059999942779541,0.2320999950170517
YNL038W,YGR078C,0,-3.129476,0.1164383590221405,0.3059999942779541,0.2321999967098236
YBR155W,YKL070W,0,-3.129962,0.11639406532049179,0.3059999942779541,0.23229999840259552
YDR358W,YDR486C,0,-3.130064,0.11634980887174606,0.3059999942779541,0.23240000009536743
YLR381W,YDR449C,0,-3.1300793,0.11630558967590332,0.3059999942779541,0.23250000178813934
YJL115W,YLR442C,1,-3.130165,0.1166413351893425,0.3070000112056732,0.23250000178813934
YDL153C,YBR060C,1,-3.130577,0.11697683483362198,0.30799999833106995,0.23250000178813934
YIL080W,YDR398W,0,-3.13059,0.11693242192268372,0.30799999833106995,0.23260000348091125
YBL091C,YML023C,0,-3.1306677,0.11688804626464844,0.30799999833106995,0.23270000517368317
YGR072W,YGL127C,0,-3.131073,0.11684370040893555,0.30799999833106995,0.23280000686645508
YGL157W,YGL259W,0,-3.131113,0.11679939180612564,0.30799999833106995,0.2328999936580658
YCR098C,YDR410C,0,-3.131208,0.11675512045621872,0.30799999833106995,0.2329999953508377
YOR304W,YJL115W,1,-3.1312642,0.11708980798721313,0.3089999854564667,0.2329999953508377
YLR418C,YLR288C,1,-3.1313357,0.11742424219846725,0.3100000023841858,0.2329999953508377
YOL113W,YBR284W,0,-3.1313481,0.11737977713346481,0.3100000023841858,0.23309999704360962
YOR026W,YKL062W,0,-3.131353,0.11733534932136536,0.3100000023841858,0.23319999873638153
YGR034W,YKL116C,0,-3.1313596,0.11729095876216888,0.3100000023841858,0.23330000042915344
YPR190C,YBR002C,0,-3.1315527,0.1172465980052948,0.3100000023841858,0.23340000212192535
YBR012W-B,YBL074C,0,-3.131577,0.1172022670507431,0.3100000023841858,0.23350000381469727
YKL116C,YJL069C,0,-3.1316056,0.11715797334909439,0.3100000023841858,0.23360000550746918
YLR079W,YOR061W,0,-3.131781,0.11711371690034866,0.3100000023841858,0.2337000072002411
YAL022C,YGR096W,0,-3.1319895,0.11706948280334473,0.3100000023841858,0.2337999939918518
YJR026W,YLL003W,0,-3.13201,0.11702529340982437,0.3100000023841858,0.23389999568462372
YHR036W,YGR004W,0,-3.1321926,0.1169811338186264,0.3100000023841858,0.23399999737739563
YML074C,YGR287C,0,-3.1322312,0.11693700402975082,0.3100000023841858,0.23409999907016754
YKL017C,YGL232W,0,-3.1322494,0.11689291149377823,0.3100000023841858,0.23420000076293945
YKL149C,YDR322C-A,0,-3.1323352,0.11684884876012802,0.3100000023841858,0.23430000245571136
YOR061W,YLR455W,0,-3.1327686,0.1168048232793808,0.3100000023841858,0.23440000414848328
YML033W,YCL027W,0,-3.1328678,0.11676082760095596,0.3100000023841858,0.2345000058412552
YFR004W,YJR141W,0,-3.1331692,0.11671686917543411,0.3100000023841858,0.2345999926328659
YHR021C,YOR285W,0,-3.133243,0.11667294055223465,0.3100000023841858,0.23469999432563782
YLR079W,YBL036C,0,-3.1332517,0.11662904173135757,0.3100000023841858,0.23479999601840973
YDL230W,YLL010C,0,-3.1334267,0.11658518016338348,0.3100000023841858,0.23489999771118164
YJR134C,YBR004C,0,-3.1335387,0.11654135584831238,0.3100000023841858,0.23499999940395355
YAL010C,YKL011C,0,-3.1337032,0.11649755388498306,0.3100000023841858,0.23510000109672546
YLR398C,YPL204W,0,-3.1337414,0.11645379662513733,0.3100000023841858,0.23520000278949738
YOR148C,YOR142W-B,0,-3.1341152,0.11641006171703339,0.3100000023841858,0.2353000044822693
YOR076C,YNL145W,0,-3.1341424,0.11636636406183243,0.3100000023841858,0.2354000061750412
YDL093W,YJR129C,0,-3.13417,0.11632270365953445,0.3100000023841858,0.23549999296665192
YKL011C,YLR126C,0,-3.134171,0.11627907305955887,0.3100000023841858,0.23559999465942383
YNR060W,YMR114C,0,-3.134214,0.11623547226190567,0.3100000023841858,0.23569999635219574
YKL143W,YJR141W,0,-3.1342983,0.11619190126657486,0.3100000023841858,0.23579999804496765
YHR060W,YNL092W,0,-3.1346116,0.11614836752414703,0.3100000023841858,0.23589999973773956
YBL028C,YGR166W,0,-3.134729,0.11610487103462219,0.3100000023841858,0.23600000143051147
YGL092W,YNL146W,0,-3.1347413,0.11606139689683914,0.3100000023841858,0.2361000031232834
YGR119C,YGL047W,0,-3.1349902,0.11601796746253967,0.3100000023841858,0.2362000048160553
YCR087C-A,YBR162W-A,0,-3.135137,0.115974560379982,0.3100000023841858,0.2363000065088272
YGR122W,YDL039C,0,-3.135179,0.1159311905503273,0.3100000023841858,0.23639999330043793
YCL045C,YLR086W,0,-3.135213,0.115887850522995,0.3100000023841858,0.23649999499320984
YDR392W,YPR193C,1,-3.135284,0.11621823906898499,0.3109999895095825,0.23649999499320984
YDR439W,YLR449W,1,-3.1352854,0.11654837429523468,0.31200000643730164,0.23649999499320984
YDR227W,YEL056W,1,-3.1353617,0.11687826365232468,0.31299999356269836,0.23649999499320984
YOR061W,YOR298W,0,-3.1354198,0.11683464050292969,0.31299999356269836,0.23659999668598175
YMR168C,YNL146W,0,-3.1358314,0.11679104715585709,0.31299999356269836,0.23669999837875366
YLR418C,YNL097C,1,-3.136753,0.11712047457695007,0.3140000104904175,0.23669999837875366
YAL022C,YDR141C,0,-3.1368117,0.1170768067240715,0.3140000104904175,0.23680000007152557
YFL049W,YKR101W,1,-3.136888,0.11740589141845703,0.3149999976158142,0.23680000007152557
YER133W,YEL056W,1,-3.1370287,0.11773472279310226,0.3160000145435333,0.23680000007152557
YIL122W,YLR126C,0,-3.1370878,0.11769087612628937,0.3160000145435333,0.23690000176429749
YPL274W,YBR212W,0,-3.137516,0.11764705926179886,0.3160000145435333,0.2370000034570694
YCR081W,YOL011W,0,-3.1375346,0.11760327219963074,0.3160000145435333,0.2371000051498413
YKL089W,YLR268W,0,-3.1376977,0.1175595223903656,0.3160000145435333,0.23720000684261322
YPR096C,YKL150W,0,-3.1376996,0.11751580238342285,0.3160000145435333,0.23729999363422394
YPL273W,YLL032C,0,-3.1383352,0.11747211962938309,0.3160000145435333,0.23739999532699585
YCR093W,YOR260W,0,-3.138577,0.11742846667766571,0.3160000145435333,0.23749999701976776
YKL005C,YLR191W,0,-3.1386938,0.11738484352827072,0.3160000145435333,0.23759999871253967
YDL204W,YOR305W,0,-3.1388068,0.11734125763177872,0.3160000145435333,0.23770000040531158
YOR014W,YFR009W,0,-3.139378,0.1172977015376091,0.3160000145435333,0.2378000020980835
YGL167C,YNL282W,0,-3.1397305,0.11725417524576187,0.3160000145435333,0.2379000037908554
YLR007W,YBR186W,0,-3.139812,0.11721068620681763,0.3160000145435333,0.23800000548362732
YOL017W,YNL246W,1,-3.139813,0.11753800511360168,0.31700000166893005,0.23800000548362732
YER029C,YEL042W,0,-3.1399035,0.11749444156885147,0.31700000166893005,0.23810000717639923
YML005W,YDR218C,0,-3.140029,0.11745090782642365,0.31700000166893005,0.23819999396800995
YIL046W,YPR096C,0,-3.1403074,0.1174074038863182,0.31700000166893005,0.23829999566078186
YDR512C,YGL083W,0,-3.1405077,0.11736393719911575,0.31700000166893005,0.23839999735355377
YPR060C,YDR192C,0,-3.1411781,0.11732050031423569,0.31700000166893005,0.23849999904632568
YER014C-A,YLR107W,0,-3.141467,0.1172771006822586,0.31700000166893005,0.2386000007390976
YER028C,YEL016C,0,-3.141467,0.11723373085260391,0.31700000166893005,0.2387000024318695
YNL070W,YOR030W,0,-3.1416473,0.1171903908252716,0.31700000166893005,0.23880000412464142
YOR304W,YNL186W,1,-3.1419148,0.11751662939786911,0.3179999887943268,0.23880000412464142
YER171W,YKL149C,0,-3.141934,0.11747321486473083,0.3179999887943268,0.23890000581741333
YLR381W,YOR143C,0,-3.1421428,0.11742983758449554,0.3179999887943268,0.23899999260902405
YBR012W-B,YKL174C,0,-3.1425066,0.11738649010658264,0.3179999887943268,0.23909999430179596
YCR092C,YDR188W,0,-3.1426167,0.11734317243099213,0.3179999887943268,0.23919999599456787
YDR227W,YDR071C,1,-3.1429315,0.1176687553524971,0.3190000057220459,0.23919999599456787
YDR239C,YIL004C,0,-3.1431074,0.11762537062168121,0.3190000057220459,0.23929999768733978
YML103C,YNL134C,0,-3.143169,0.11758201569318771,0.3190000057220459,0.2393999993801117
YMR036C,YNL075W,0,-3.1431794,0.1175386905670166,0.3190000057220459,0.2395000010728836
YDR325W,YPL269W,0,-3.1432095,0.11749539524316788,0.3190000057220459,0.23960000276565552
YDR245W,YGR038W,0,-3.1432447,0.11745213717222214,0.3190000057220459,0.23970000445842743
YLR288C,YKR101W,1,-3.1435204,0.11777696013450623,0.3199999928474426,0.23970000445842743
YNL290W,YGR222W,0,-3.1441245,0.11773362755775452,0.3199999928474426,0.23980000615119934
YGL161C,YCL019W,0,-3.1441617,0.1176903247833252,0.3199999928474426,0.23989999294281006
YOR064C,YPL001W,1,-3.1443658,0.11801470816135406,0.32100000977516174,0.23989999294281006
YGL013C,YLR455W,0,-3.1445093,0.11797133088111877,0.32100000977516174,0.23999999463558197
YDR469W,YGR252W,1,-3.1447225,0.11829537153244019,0.32199999690055847,0.23999999463558197
YPR111W,YKR036C,0,-3.1448388,0.11825192719697952,0.32199999690055847,0.24009999632835388
YFR004W,YNL213C,0,-3.1450057,0.11820852011442184,0.32199999690055847,0.2401999980211258
YOR038C,YDR071C,1,-3.1451569,0.11853211373090744,0.3230000138282776,0.2401999980211258
YNR039C,YDR001C,0,-3.145256,0.1184886246919632,0.3230000138282776,0.2402999997138977
YHR079C-A,YMR114C,0,-3.1453977,0.11844518035650253,0.3230000138282776,0.24040000140666962
YNL301C,YMR210W,0,-3.145402,0.11840175837278366,0.3230000138282776,0.24050000309944153
YDR026C,YIL067C,0,-3.1455393,0.11835837364196777,0.3230000138282776,0.24060000479221344
YJL148W,YPL269W,0,-3.1458654,0.11831501871347427,0.3230000138282776,0.24070000648498535
YOR231W,YMR036C,0,-3.1458702,0.11827169358730316,0.3230000138282776,0.24079999327659607
YMR286W,YJR141W,0,-3.1459365,0.11822840571403503,0.3230000138282776,0.24089999496936798
YMR122W-A,YLR226W,0,-3.145997,0.1181851476430893,0.3230000138282776,0.2409999966621399
YNR045W,YOR143C,0,-3.1460395,0.11814191937446594,0.3230000138282776,0.2410999983549118
YEL003W,YGR004W,0,-3.1462326,0.11809872090816498,0.3230000138282776,0.24120000004768372
YDL217C,YGR042W,0,-3.1464515,0.1180555522441864,0.3230000138282776,0.24130000174045563
YJR001W,YCR026C,0,-3.1466455,0.11801242083311081,0.3230000138282776,0.24140000343322754
YPR204W,YAR010C,0,-3.146721,0.1179693192243576,0.3230000138282776,0.24150000512599945
YGR109C,YDR211W,0,-3.1469398,0.11792624741792679,0.3230000138282776,0.24160000681877136
YMR088C,YPL125W,0,-3.147325,0.11788321286439896,0.3230000138282776,0.24169999361038208
YIL131C,YDR392W,1,-3.1473684,0.11820503324270248,0.3240000009536743,0.24169999361038208
YJL176C,YDR303C,1,-3.1475863,0.11852662265300751,0.32499998807907104,0.24169999361038208
YLR226W,YDR412W,0,-3.147613,0.11848340928554535,0.32499998807907104,0.241799995303154
YJR120W,YNL094W,0,-3.14774,0.11844023317098618,0.32499998807907104,0.2418999969959259
YGL068W,YIL063C,0,-3.1484385,0.11839708685874939,0.32499998807907104,0.24199999868869781
YNL062C,YAR010C,0,-3.1487355,0.11835397034883499,0.32499998807907104,0.24210000038146973
YKL026C,YAR010C,0,-3.1488872,0.11831088364124298,0.32499998807907104,0.24220000207424164
YKL206C,YDR056C,0,-3.1489382,0.11826783418655396,0.32499998807907104,0.24230000376701355
YPL174C,YCL016C,0,-3.14914,0.11822480708360672,0.32499998807907104,0.24240000545978546
YIL067C,YIL155C,0,-3.1491609,0.11818181723356247,0.32499998807907104,0.24250000715255737
YGL241W,YER149C,0,-3.1491866,0.1181388571858406,0.32499998807907104,0.2425999939441681
YLR135W,YIL004C,0,-3.1493754,0.11809592694044113,0.32499998807907104,0.24269999563694
YLR126C,YCR047C,0,-3.1494994,0.11805303394794464,0.32499998807907104,0.24279999732971191
YDR398W,YNL146W,0,-3.1496606,0.11801016330718994,0.32499998807907104,0.24289999902248383
YJL094C,YDR027C,0,-3.1497264,0.11796732991933823,0.32499998807907104,0.24300000071525574
YLL032C,YER190W,0,-3.1501698,0.1179245263338089,0.32499998807907104,0.24310000240802765
YJR129C,YPL265W,0,-3.150188,0.11788175255060196,0.32499998807907104,0.24320000410079956
YGR034W,YOR305W,0,-3.1505532,0.117839016020298,0.32499998807907104,0.24330000579357147
YHL016C,YML005W,0,-3.1506658,0.11779630184173584,0.32499998807907104,0.2433999925851822
YML018C,YNL267W,0,-3.150693,0.11775362491607666,0.32499998807907104,0.2434999942779541
YAL022C,YHR164C,0,-3.1507988,0.11771097779273987,0.32499998807907104,0.243599995970726
YHR077C,YGR158C,0,-3.1509266,0.11766835302114487,0.32499998807907104,0.24369999766349792
YOR091W,YCR093W,0,-3.1513329,0.11762576550245285,0.32499998807907104,0.24379999935626984
YDR109C,YGR119C,0,-3.15195,0.11758321523666382,0.32499998807907104,0.24390000104904175
YHR148W,YOR076C,0,-3.1519914,0.11754068732261658,0.32499998807907104,0.24400000274181366
YDR500C,YCR037C,0,-3.1524262,0.11749818921089172,0.32499998807907104,0.24410000443458557
YDL217C,YKL005C,0,-3.1525111,0.11745572835206985,0.32499998807907104,0.24420000612735748
YJR120W,YDR398W,0,-3.1527066,0.11741329729557037,0.32499998807907104,0.2442999929189682
YER014C-A,YGR046W,0,-3.1528888,0.11737088859081268,0.32499998807907104,0.2443999946117401
YPR145W,YKL174C,0,-3.152915,0.11732851713895798,0.32499998807907104,0.24449999630451202
YLR275W,YGL129C,0,-3.1531749,0.11728617548942566,0.32499998807907104,0.24459999799728394
YLR405W,YER040W,0,-3.1532187,0.11724386364221573,0.32499998807907104,0.24469999969005585
YHR085W,YIL082W-A,0,-3.1533818,0.11720158904790878,0.32499998807907104,0.24480000138282776
YGR271W,YOR266W,0,-3.1535974,0.11715933680534363,0.32499998807907104,0.24490000307559967
YER171W,YJL069C,0,-3.1538086,0.11711711436510086,0.32499998807907104,0.24500000476837158
YBR274W,YBR129C,0,-3.1538806,0.11707492917776108,0.32499998807907104,0.2451000064611435
YOR056C,YER014C-A,0,-3.1540365,0.11703276634216309,0.32499998807907104,0.2451999932527542
YIL110W,YNL197C,0,-3.1540828,0.11699064075946808,0.32499998807907104,0.24529999494552612
YEL026W,YCR092C,0,-3.1543813,0.11694854497909546,0.32499998807907104,0.24539999663829803
YML047C,YCR097W,0,-3.1546373,0.11690647155046463,0.32499998807907104,0.24549999833106995
YJL090C,YMR277W,0,-3.1546807,0.11686443537473679,0.32499998807907104,0.24560000002384186
YML005W,YCL027W,0,-3.1546946,0.11682242900133133,0.32499998807907104,0.24570000171661377
YER169W,YMR127C,1,-3.1548238,0.1171397790312767,0.32600000500679016,0.24570000171661377
YGL153W,YML037C,0,-3.1550264,0.11709769815206528,0.32600000500679016,0.24580000340938568
YPR111W,YHR211W,0,-3.1550736,0.11705565452575684,0.32600000500679016,0.2459000051021576
YOL127W,YER087C-B,0,-3.1552005,0.11701364070177078,0.32600000500679016,0.2460000067949295
YPR070W,YOL069W,0,-3.1552343,0.11697165668010712,0.32600000500679016,0.24609999358654022
YMR072W,YKR096W,0,-3.1554933,0.11692969501018524,0.32600000500679016,0.24619999527931213
YJR151C,YEL047C,0,-3.1555471,0.11688777059316635,0.32600000500679016,0.24629999697208405
YLR226W,YML067C,0,-3.1556315,0.11684587597846985,0.32600000500679016,0.24639999866485596
YDR239C,YMR180C,0,-3.1557088,0.11680401116609573,0.32600000500679016,0.24650000035762787
YNL261W,YBR215W,1,-3.1558094,0.11712034046649933,0.3269999921321869,0.24650000035762787
YOL027C,YDR450W,0,-3.1558547,0.11707840859889984,0.3269999921321869,0.24660000205039978
YJL148W,YFR040W,0,-3.1560087,0.11703650653362274,0.3269999921321869,0.2467000037431717
YDL020C,YOR357C,0,-3.1561885,0.11699463427066803,0.3269999921321869,0.2468000054359436
YFL049W,YOL004W,1,-3.1564202,0.11731044203042984,0.328000009059906,0.2468000054359436
YNL258C,YKL174C,0,-3.1565108,0.11726850271224976,0.328000009059906,0.24690000712871552
YDL078C,YOR380W,0,-3.1567926,0.11722659319639206,0.328000009059906,0.24699999392032623
YNR059W,YGL129C,0,-3.1568327,0.11718470603227615,0.328000009059906,0.24709999561309814
YPL038W,YGL067W,0,-3.1569567,0.11714285612106323,0.328000009059906,0.24719999730587006
YBR274W,YGL100W,0,-3.157041,0.1171010360121727,0.328000009059906,0.24729999899864197
YLL032C,YCL027W,0,-3.1570745,0.11705924570560455,0.328000009059906,0.24740000069141388
YNL258C,YPL082C,0,-3.1573262,0.1170174777507782,0.328000009059906,0.2475000023841858
YIL110W,YIL095W,0,-3.1573367,0.11697574704885483,0.328000009059906,0.2476000040769577
YGR145W,YLR330W,0,-3.157642,0.11693404614925385,0.328000009059906,0.24770000576972961
YIL168W,YLR040C,0,-3.1577115,0.11689237505197525,0.328000009059906,0.24779999256134033
YBR182C,YNR032C-A,0,-3.157992,0.11685073375701904,0.328000009059906,0.24789999425411224
YNR060W,YMR307W,0,-3.1579995,0.11680911481380463,0.328000009059906,0.24799999594688416
YKL134C,YDR377W,0,-3.1580596,0.1167675331234932,0.328000009059906,0.24809999763965607
YGL147C,YDL220C,0,-3.1581993,0.11672598123550415,0.328000009059906,0.24819999933242798
YJL176C,YMR075W,1,-3.1583152,0.11704020202159882,0.32899999618530273,0.24819999933242798
YMR195W,YKL084W,0,-3.1584682,0.1169985756278038,0.32899999618530273,0.2483000010251999
YNR060W,YHR169W,0,-3.1584716,0.11695698648691177,0.32899999618530273,0.2484000027179718
YNL083W,YMR058W,0,-3.158506,0.11691541969776154,0.32899999618530273,0.2485000044107437
YBL037W,YIL168W,0,-3.1591816,0.11687389016151428,0.32899999618530273,0.24860000610351562
YKL084W,YGR179C,0,-3.159237,0.11683238297700882,0.32899999618530273,0.24869999289512634
YDR227W,YBR215W,1,-3.1592517,0.11714590340852737,0.33000001311302185,0.24869999289512634
YLR467W,YDL220C,0,-3.159296,0.11710432916879654,0.33000001311302185,0.24879999458789825
YER176W,YGL023C,0,-3.1595182,0.11706278473138809,0.33000001311302185,0.24889999628067017
YIL044C,YKL206C,0,-3.1595235,0.11702127754688263,0.33000001311302185,0.24899999797344208
YMR101C,YKR020W,0,-3.1595478,0.11697979271411896,0.33000001311302185,0.249099999666214
YLR050C,YJL056C,0,-3.1597505,0.11693834513425827,0.33000001311302185,0.2492000013589859
YAL043C,YOL008W,0,-3.1597767,0.11689691990613937,0.33000001311302185,0.2493000030517578
YKL096W-A,YLR425W,0,-3.160028,0.11685552448034286,0.33000001311302185,0.24940000474452972
YJL090C,YAL023C,0,-3.1600804,0.11681415885686874,0.33000001311302185,0.24950000643730164
YGL231C,YJL190C,0,-3.1600924,0.11677282303571701,0.33000001311302185,0.24959999322891235
YLR239C,YKL190W,0,-3.1603389,0.11673151701688766,0.33000001311302185,0.24969999492168427
YGL010W,YER089C,0,-3.1604667,0.1166902408003807,0.33000001311302185,0.24979999661445618
YDL153C,YBR289W,1,-3.1604738,0.117002472281456,0.3310000002384186,0.24979999661445618
YKL024C,YDR141C,0,-3.1607919,0.11696112900972366,0.3310000002384186,0.2498999983072281
YLR418C,YNL088W,1,-3.1612434,0.11727304756641388,0.3319999873638153,0.2498999983072281
YLR027C,YDL220C,0,-3.1613321,0.11723163723945618,0.3319999873638153,0.25
YJR129C,YFL014W,0,-3.1613336,0.11719025671482086,0.3319999873638153,0.2500999867916107
YKR063C,YOR305W,0,-3.1614914,0.11714890599250793,0.3319999873638153,0.2502000033855438
YBL028C,YOR355W,0,-3.1615996,0.1171075850725174,0.3319999873638153,0.25029999017715454
YMR122W-A,YKR030W,0,-3.161882,0.11706629395484924,0.3319999873638153,0.25040000677108765
YOR122C,YOR287C,0,-3.1621394,0.11702502518892288,0.3319999873638153,0.25049999356269836
YPR016C,YBL037W,0,-3.1625018,0.1169837936758995,0.3319999873638153,0.25060001015663147
YDL122W,YOR144C,0,-3.162829,0.11694258451461792,0.3319999873638153,0.2506999969482422
YEL032W,YER019C-A,0,-3.1628442,0.11690140515565872,0.3319999873638153,0.2508000135421753
YPR049C,YEL018W,0,-3.1630478,0.11686026304960251,0.3319999873638153,0.250900000333786
YJL148W,YLR135W,0,-3.1631546,0.11681914329528809,0.3319999873638153,0.25099998712539673
YIL168W,YKL027W,0,-3.1631951,0.11677805334329605,0.3319999873638153,0.25110000371932983
YMR226C,YPL202C,0,-3.1638236,0.1167369931936264,0.3319999873638153,0.25119999051094055
YDR017C,YDR264C,0,-3.163825,0.11669595539569855,0.3319999873638153,0.25130000710487366
YNR054C,YJL056C,0,-3.1639667,0.11665495485067368,0.3319999873638153,0.2513999938964844
YOL113W,YGL247W,0,-3.1641898,0.1166139766573906,0.3319999873638153,0.2515000104904175
YER040W,YOR260W,0,-3.1642165,0.1165730357170105,0.3319999873638153,0.2515999972820282
YMR172W,YMR100W,0,-3.164538,0.11653211712837219,0.3319999873638153,0.2517000138759613
YNR059W,YER019C-A,0,-3.1645384,0.11649122834205627,0.3319999873638153,0.251800000667572
YGL241W,YOR076C,0,-3.164803,0.11645036935806274,0.3319999873638153,0.25189998745918274
YKR083C,YOR126C,0,-3.1648521,0.1164095401763916,0.3319999873638153,0.25200000405311584
YKL214C,YLR132C,0,-3.1651158,0.11636873334646225,0.3319999873638153,0.25209999084472656
YDL101C,YBR065C,0,-3.1651645,0.11632796376943588,0.3319999873638153,0.25220000743865967
YIL082W-A,YKL082C,0,-3.165306,0.1162872165441513,0.3319999873638153,0.2522999942302704
YKL174C,YNL256W,0,-3.1653128,0.11624649912118912,0.3319999873638153,0.2524000108242035
YDL184C,YER167W,0,-3.16544,0.11620581150054932,0.3319999873638153,0.2524999976158142
YKL077W,YER118C,0,-3.1659179,0.1161651536822319,0.3319999873638153,0.2526000142097473
YNL163C,YDR146C,0,-3.1662102,0.11612451821565628,0.3319999873638153,0.25270000100135803
YDR263C,YML067C,0,-3.166295,0.11608391255140305,0.3319999873638153,0.25279998779296875
YDR141C,YOL122C,0,-3.166419,0.1160433441400528,0.3319999873638153,0.25290000438690186
YGR255C,YNL070W,0,-3.1670017,0.11600279808044434,0.3319999873638153,0.2529999911785126
YML018C,YOR092W,0,-3.1670227,0.11596227437257767,0.3319999873638153,0.2531000077724457
YGL095C,YCL016C,0,-3.1670752,0.11592178791761398,0.3319999873638153,0.2531999945640564
YDR184C,YGR270W,0,-3.167111,0.11588132381439209,0.3319999873638153,0.2533000111579895
YOL007C,YJL056C,0,-3.1674285,0.11584088951349258,0.3319999873638153,0.2533999979496002
YOL004W,YDR392W,1,-3.167492,0.11614928394556046,0.3330000042915344,0.2533999979496002
YHR132C,YIL077C,0,-3.1676898,0.11610879004001617,0.3330000042915344,0.2535000145435333
YBR176W,YGL206C,0,-3.1676931,0.11606831848621368,0.3330000042915344,0.25360000133514404
YDR026C,YOR358W,0,-3.1678705,0.11602787673473358,0.3330000042915344,0.25369998812675476
YKR087C,YBR070C,0,-3.1679034,0.11598745733499527,0.3330000042915344,0.25380000472068787
YOL052C,YMR050C,0,-3.1681342,0.11594707518815994,0.3330000042915344,0.2538999915122986
YBR213W,YJR045C,0,-3.1681361,0.1159067153930664,0.3330000042915344,0.2540000081062317
YLR182W,YKR096W,0,-3.1684809,0.11586638540029526,0.3330000042915344,0.2540999948978424
YOL017W,YNL088W,1,-3.1684923,0.11617391556501389,0.33399999141693115,0.2540999948978424
YOR287C,YPL075W,0,-3.1685228,0.11613351851701736,0.33399999141693115,0.2542000114917755
YKL082C,YML067C,0,-3.1685662,0.11609315127134323,0.33399999141693115,0.25429999828338623
YER133W,YLR449W,1,-3.1686473,0.11640027910470963,0.33500000834465027,0.25429999828338623
YLR398C,YKR094C,0,-3.168879,0.11635984480381012,0.33500000834465027,0.25440001487731934
YIL082W-A,YDR141C,0,-3.168974,0.1163194477558136,0.33500000834465027,0.25450000166893005
YNL317W,YEL016C,0,-3.1690755,0.11627907305955887,0.33500000834465027,0.25459998846054077
YLL002W,YGL014W,1,-3.1690931,0.11658570170402527,0.335999995470047,0.25459998846054077
YOL109W,YBR070C,0,-3.169138,0.11654526740312576,0.335999995470047,0.2547000050544739
YOR044W,YPL049C,0,-3.1692977,0.11650485545396805,0.335999995470047,0.2547999918460846
YEL021W,YMR052W,0,-3.169714,0.11646447330713272,0.335999995470047,0.2549000084400177
YDR206W,YJL029C,0,-3.1698809,0.11642411351203918,0.335999995470047,0.2549999952316284
YIR017C,YOL008W,0,-3.170138,0.11638379096984863,0.335999995470047,0.2551000118255615
YBL037W,YGL249W,0,-3.1702805,0.11634349077939987,0.335999995470047,0.25519999861717224
YNL317W,YDL049C,0,-3.1705894,0.1163032203912735,0.335999995470047,0.25529998540878296
YDL076C,YLR015W,1,-3.170669,0.11660899966955185,0.3370000123977661,0.25529998540878296
YJL140W,YNR038W,0,-3.1706853,0.1165686622262001,0.3370000123977661,0.25540000200271606
YLR368W,YKR007W,0,-3.1710072,0.11652835458517075,0.3370000123977661,0.2554999887943268
YBR070C,YNL094W,0,-3.1710591,0.11648807674646378,0.3370000123977661,0.2556000053882599
YOR056C,YDR522C,0,-3.1711373,0.1164478212594986,0.3370000123977661,0.2556999921798706
YLL032C,YLR411W,0,-3.1712542,0.1164076030254364,0.3370000123977661,0.2558000087738037
YKR101W,YDR303C,1,-3.1713672,0.11671270430088043,0.33799999952316284,0.2558000087738037
YDL184C,YER171W,0,-3.1715088,0.11667241901159286,0.33799999952316284,0.25589999556541443
YJR093C,YMR314W,0,-3.1715364,0.11663216352462769,0.33799999952316284,0.25600001215934753
YGL157W,YIR009W,0,-3.171619,0.1165919303894043,0.33799999952316284,0.25609999895095825
YGR220C,YFL011W-A,0,-3.1716838,0.1165517270565033,0.33799999952316284,0.25619998574256897
YER019C-A,YPL269W,0,-3.1717691,0.11651154607534409,0.33799999952316284,0.2563000023365021
YDR079C-A,YOR092W,0,-3.1719694,0.11647140234708786,0.33799999952316284,0.2563999891281128
YDR358W,YMR232W,0,-3.1721964,0.11643128097057343,0.33799999952316284,0.2565000057220459
YHR172W,YER155C,0,-3.1725273,0.11639118194580078,0.33799999952316284,0.2565999925136566
YEL021W,YIL038C,0,-3.1725335,0.11635112017393112,0.33799999952316284,0.2567000091075897
YJR144W,YDR141C,0,-3.1725483,0.11631108075380325,0.33799999952316284,0.25679999589920044
YIL070C,YER138C,0,-3.1726437,0.11627107113599777,0.33799999952316284,0.25690001249313354
YHR066W,YIL149C,0,-3.172738,0.11623108386993408,0.33799999952316284,0.25699999928474426
YLR398C,YML114C,0,-3.172883,0.11619113385677338,0.33799999952316284,0.257099986076355
YKR101W,YBR060C,1,-3.1728835,0.11649484187364578,0.33899998664855957,0.257099986076355
YDR263C,YJR092W,0,-3.1731958,0.1164548248052597,0.33899998664855957,0.2572000026702881
YMR302C,YDL247W,0,-3.1732264,0.11641483753919601,0.33899998664855957,0.2572999894618988
YOL058W,YDR323C,0,-3.173627,0.11637487262487411,0.33899998664855957,0.2574000060558319
YOL165C,YIL155C,0,-3.1737447,0.1163349375128746,0.33899998664855957,0.2574999928474426
YNL059C,YER133W,1,-3.1739082,0.11663807928562164,0.3400000035762787,0.2574999928474426
YGR038C-B,YAR010C,0,-3.1739082,0.11659807711839676,0.3400000035762787,0.25760000944137573
YGL013C,YDL045W-A,0,-3.1739373,0.11655810475349426,0.3400000035762787,0.25769999623298645
YHR211W,YLL003W,0,-3.174038,0.11651816219091415,0.3400000035762787,0.25780001282691956
YBL088C,YDL003W,0,-3.1742291,0.11647824943065643,0.3400000035762787,0.2578999996185303
YML037C,YMR172W,0,-3.1742325,0.1164383590221405,0.3400000035762787,0.257999986410141
YBL076C,YML078W,0,-3.1742964,0.11639849096536636,0.3400000035762787,0.2581000030040741
YLR144C,YOR317W,0,-3.174468,0.11635866016149521,0.3400000035762787,0.2581999897956848
YNL070W,YLR297W,0,-3.1745286,0.11631885170936584,0.3400000035762787,0.2583000063896179
YGL203C,YPL259C,0,-3.1748137,0.11627907305955887,0.3400000035762787,0.25839999318122864
YPL033C,YHR179W,0,-3.1748204,0.11623931676149368,0.3400000035762787,0.25850000977516174
YGL083W,YBL058W,0,-3.17483,0.11619959026575089,0.3400000035762787,0.25859999656677246
YJR120W,YGR270W,0,-3.1749263,0.11615989357233047,0.3400000035762787,0.25870001316070557
YNL137C,YDL191W,0,-3.1749997,0.11612021923065186,0.3400000035762787,0.2587999999523163
YLR074C,YGR272C,0,-3.1750212,0.11608057469129562,0.3400000035762787,0.258899986743927
YDR079C-A,YLR239C,0,-3.1750536,0.11604095250368118,0.3400000035762787,0.2590000033378601
YGL157W,YBL047C,0,-3.1753383,0.11600136756896973,0.3400000035762787,0.2590999901294708
YBR156C,YPL053C,0,-3.1753654,0.11596179753541946,0.3400000035762787,0.25920000672340393
YIL168W,YER072W,0,-3.175466,0.11592226475477219,0.3400000035762787,0.25929999351501465
YLR145W,YOR250C,0,-3.175487,0.1158827543258667,0.3400000035762787,0.25940001010894775
YEL026W,YIR008C,0,-3.1755624,0.1158432736992836,0.3400000035762787,0.25949999690055847
YDR184C,YIL067C,0,-3.1755857,0.11580381542444229,0.3400000035762787,0.2596000134944916
YNL263C,YEL016C,0,-3.175747,0.11576438695192337,0.3400000035762787,0.2597000002861023
YEL021W,YPL241C,0,-3.1759453,0.11572498083114624,0.3400000035762787,0.259799987077713
YAR033W,YMR173W,0,-3.1759748,0.1156856045126915,0.3400000035762787,0.2599000036716461
YNL273W,YML115C,0,-3.1761727,0.11564625799655914,0.3400000035762787,0.25999999046325684
YHR036W,YCR097W,0,-3.1762075,0.11560693383216858,0.3400000035762787,0.26010000705718994
YOR171C,YPL082C,0,-3.176323,0.1155676394701004,0.3400000035762787,0.26019999384880066
YGL023C,YJL112W,0,-3.176354,0.11552837491035461,0.3400000035762787,0.26030001044273376
YER190W,YOR317W,0,-3.1763973,0.11548913270235062,0.3400000035762787,0.2603999972343445
YNL081C,YKL134C,0,-3.1766129,0.11544991284608841,0.3400000035762787,0.2605000138282776
YJR026W,YPL269W,0,-3.1766353,0.11541072279214859,0.3400000035762787,0.2606000006198883
YKR090W,YPL241C,0,-3.1766496,0.11537156254053116,0.3400000035762787,0.260699987411499
YPR070W,YAL055W,0,-3.1767173,0.11533243209123611,0.3400000035762787,0.26080000400543213
YIL080W,YIL096C,0,-3.1774144,0.11529331654310226,0.3400000035762787,0.26089999079704285
YJL094C,YLR040C,0,-3.177621,0.1152542382478714,0.3400000035762787,0.26100000739097595
YDL185W,YOR380W,0,-3.1776905,0.11521518230438232,0.3400000035762787,0.26109999418258667
YNR038W,YOR261C,0,-3.177814,0.11517614871263504,0.3400000035762787,0.2612000107765198
YNL081C,YDR099W,0,-3.1781464,0.11513715237379074,0.3400000035762787,0.2612999975681305
YCR052W,YIL131C,1,-3.1781502,0.11543669551610947,0.3409999907016754,0.2612999975681305
YIL084C,YDR392W,1,-3.1783361,0.11573603749275208,0.34200000762939453,0.2612999975681305
YLR040C,YHR193C,0,-3.1783695,0.11569688469171524,0.34200000762939453,0.2614000141620636
YGR268C,YKL075C,0,-3.1786785,0.1156577616930008,0.34200000762939453,0.2615000009536743
YHR079C-A,YDL080C,0,-3.1788278,0.11561866104602814,0.34200000762939453,0.26159998774528503
YNL213C,YNL094W,0,-3.178876,0.11557959020137787,0.34200000762939453,0.26170000433921814
YML065W,YJL115W,1,-3.1789193,0.1158783808350563,0.34299999475479126,0.26170000433921814
YNL182C,YER019C-A,0,-3.1789613,0.11583924293518066,0.34299999475479126,0.26179999113082886
YJL090C,YLR074C,0,-3.1790047,0.11580013483762741,0.34299999475479126,0.26190000772476196
YGL053W,YOL109W,0,-3.1790767,0.11576105654239655,0.34299999475479126,0.2619999945163727
YPL236C,YJR144W,0,-3.1790938,0.11572200059890747,0.34299999475479126,0.2621000111103058
YLR288C,YPR034W,1,-3.1791081,0.11602023243904114,0.3440000116825104,0.2621000111103058
YPL221W,YOL034W,0,-3.1791954,0.11598111689090729,0.3440000116825104,0.2621999979019165
YAL022C,YKL070W,0,-3.1793284,0.11594203114509583,0.3440000116825104,0.2623000144958496
YBR095C,YMR075W,1,-3.1794486,0.11623989045619965,0.3449999988079071,0.2623000144958496
YIL067C,YKL197C,0,-3.179595,0.11620073765516281,0.3449999988079071,0.2624000012874603
YEL009C,YER014C-A,0,-3.1797976,0.11616161465644836,0.3449999988079071,0.26249998807907104
YGR217W,YOL007C,0,-3.1798549,0.11612251400947571,0.3449999988079071,0.26260000467300415
YPR055W,YLR427W,0,-3.1798577,0.11608344316482544,0.3449999988079071,0.26269999146461487
YGL212W,YKL063C,0,-3.1798701,0.11604440212249756,0.3449999988079071,0.262800008058548
YIL084C,YBL006C,1,-3.179988,0.11634162813425064,0.34599998593330383,0.262800008058548
YBR156C,YBL079W,0,-3.1802077,0.11630252003669739,0.34599998593330383,0.2628999948501587
YDR306C,YER087C-A,0,-3.1803164,0.11626344174146652,0.34599998593330383,0.2630000114440918
YJR006W,YJR141W,0,-3.180326,0.11622438579797745,0.34599998593330383,0.2630999982357025
YMR168C,YCL016C,0,-3.1806226,0.11618535965681076,0.34599998593330383,0.2632000148296356
YDR306C,YGR057C,0,-3.1806607,0.11614635586738586,0.34599998593330383,0.26330000162124634
YNR038W,YCL027W,0,-3.1807013,0.11610738188028336,0.34599998593330383,0.26339998841285706
YNL078W,YGR220C,0,-3.1811123,0.11606843024492264,0.34599998593330383,0.26350000500679016
YDR227W,YGL066W,1,-3.181314,0.11636485904455185,0.34700000286102295,0.26350000500679016
YBR106W,YKL063C,0,-3.181365,0.11632584780454636,0.34700000286102295,0.2635999917984009
YJL183W,YCR081W,0,-3.1814165,0.11628686636686325,0.34700000286102295,0.263700008392334
YEL056W,YDR392W,1,-3.181572,0.11658291518688202,0.3479999899864197,0.263700008392334
YIL085C,YMR100W,0,-3.181611,0.11654387414455414,0.3479999899864197,0.2637999951839447
YJL140W,YDL111C,0,-3.1817431,0.11650485545396805,0.3479999899864197,0.2639000117778778
YCL030C,YCR081W,0,-3.1819315,0.11646586656570435,0.3479999899864197,0.2639999985694885
YML077W,YDR101C,0,-3.1821504,0.11642690002918243,0.3479999899864197,0.26409998536109924
YCR003W,YBR143C,0,-3.182208,0.11638796329498291,0.3479999899864197,0.26420000195503235
YAL010C,YPL092W,0,-3.182335,0.11634904891252518,0.3479999899864197,0.26429998874664307
YMR022W,YMR127C,1,-3.1823363,0.11664438247680664,0.3490000069141388,0.26429998874664307
YCR087C-A,YDL213C,0,-3.1824765,0.11660541594028473,0.3490000069141388,0.26440000534057617
YBL028C,YIL135C,0,-3.182786,0.11656646430492401,0.3490000069141388,0.2644999921321869
YPL043W,YBR176W,0,-3.182867,0.11652754247188568,0.3490000069141388,0.26460000872612
YLR079W,YGR145W,0,-3.1829324,0.11648865044116974,0.3490000069141388,0.2646999955177307
YHL035C,YDR280W,0,-3.183114,0.11644978076219559,0.3490000069141388,0.2648000121116638
YHL035C,YNL163C,0,-3.1831841,0.11641094088554382,0.3490000069141388,0.26489999890327454
YFR015C,YOL031C,0,-3.1831918,0.11637212336063385,0.3490000069141388,0.26499998569488525
YBR176W,YLL067C,0,-3.1833277,0.11633333563804626,0.3490000069141388,0.26510000228881836
YIL017W,YER118C,0,-3.1834283,0.11629457026720047,0.3490000069141388,0.2651999890804291
YPL242C,YBR121C,0,-3.183456,0.11625582724809647,0.3490000069141388,0.2653000056743622
YDL101C,YPR078C,0,-3.1836162,0.11621711403131485,0.3490000069141388,0.2653999924659729
YLR182W,YMR210W,0,-3.1836472,0.11617843061685562,0.3490000069141388,0.265500009059906
YDR488C,YDL220C,0,-3.1837516,0.11613976955413818,0.3490000069141388,0.2655999958515167
YFR009W,YJL021C,0,-3.183795,0.11610113084316254,0.3490000069141388,0.26570001244544983
YOR150W,YOL019W,0,-3.1840787,0.11606252193450928,0.3490000069141388,0.26579999923706055
YOR261C,YLR361C,0,-3.1843424,0.11602393537759781,0.3490000069141388,0.26589998602867126
YLR121C,YLR361C,0,-3.1844373,0.11598537862300873,0.3490000069141388,0.26600000262260437
YLR132C,YOR128C,0,-3.1844974,0.11594684422016144,0.3490000069141388,0.2660999894142151
YDR245W,YPR082C,0,-3.184558,0.11590833961963654,0.3490000069141388,0.2662000060081482
YGR119C,YCL057W,0,-3.1852293,0.11586985737085342,0.3490000069141388,0.2662999927997589
YEL021W,YHL020C,0,-3.185556,0.1158313974738121,0.3490000069141388,0.266400009393692
YDR004W,YBR019C,0,-3.1856322,0.11579296737909317,0.3490000069141388,0.26649999618530273
YAL010C,YDR218C,0,-3.185821,0.11575455963611603,0.3490000069141388,0.26660001277923584
YML123C,YCR010C,0,-3.1860561,0.11571618169546127,0.3490000069141388,0.26669999957084656
YBL037W,YJL179W,0,-3.1861157,0.11567782610654831,0.3490000069141388,0.2667999863624573
YLR050C,YDL039C,0,-3.1861663,0.11563949286937714,0.3490000069141388,0.2669000029563904
YLR239C,YEL030W,0,-3.1861691,0.11560118943452835,0.3490000069141388,0.2669999897480011
YGL023C,YDR013W,0,-3.186185,0.11556291580200195,0.3490000069141388,0.2671000063419342
YOL004W,YML069W,1,-3.1867418,0.11585567891597748,0.3499999940395355,0.2671000063419342
YNL207W,YPL188W,0,-3.187521,0.11581733822822571,0.3499999940395355,0.2671999931335449
YAL055W,YDL220C,0,-3.1876826,0.11577902734279633,0.3499999940395355,0.267300009727478
YIL067C,YIL095W,0,-3.187726,0.11574073880910873,0.3499999940395355,0.26739999651908875
YDL013W,YPR082C,0,-3.1877632,0.11570248007774353,0.3499999940395355,0.26750001311302185
YER074W-A,YER075C,0,-3.1878033,0.11566424369812012,0.3499999940395355,0.26759999990463257
YPL269W,YOL019W,0,-3.187986,0.1156260296702385,0.3499999940395355,0.2676999866962433
YNL278W,YOR125C,0,-3.1880465,0.11558784544467926,0.3499999940395355,0.2678000032901764
YGL023C,YER138C,0,-3.1882515,0.11554968357086182,0.3499999940395355,0.2678999900817871
YHR172W,YBR201W,0,-3.1885252,0.11551155149936676,0.3499999940395355,0.2680000066757202
YNL115C,YLR155C,0,-3.188695,0.1154734417796135,0.3499999940395355,0.26809999346733093
YNL067W,YLR297W,0,-3.1887999,0.11543535441160202,0.3499999940395355,0.26820001006126404
YDL222C,YOL122C,0,-3.1888752,0.11539729684591293,0.3499999940395355,0.26829999685287476
YLR027C,YJR129C,0,-3.189005,0.11535926163196564,0.3499999940395355,0.26840001344680786
YCR087C-A,YDL185W,0,-3.1890197,0.11532124876976013,0.3499999940395355,0.2685000002384186
YHR211W,YER087C-B,0,-3.189705,0.11528326570987701,0.3499999940395355,0.2685999870300293
YFL013C,YNL186W,1,-3.189896,0.11557458341121674,0.35100001096725464,0.2685999870300293
YIL132C,YIL044C,0,-3.190022,0.11553654074668884,0.35100001096725464,0.2687000036239624
YPL236C,YHR149C,0,-3.190032,0.11549852043390274,0.35100001096725464,0.2687999904155731
YNL121C,YOR250C,0,-3.1904526,0.11546052992343903,0.35100001096725464,0.2689000070095062
YNL334C,YDR140W,0,-3.1904755,0.1154225617647171,0.35100001096725464,0.26899999380111694
YGL010W,YJR033C,0,-3.1904979,0.11538461595773697,0.35100001096725464,0.26910001039505005
YKL191W,YDL045W-A,0,-3.1905217,0.11534669995307922,0.35100001096725464,0.26919999718666077
YNL121C,YIL044C,0,-3.1905503,0.11530880630016327,0.35100001096725464,0.26930001378059387
YGR122W,YCR093W,0,-3.1905866,0.1152709349989891,0.35100001096725464,0.2694000005722046
YLR373C,YGR038W,0,-3.1907291,0.11523309350013733,0.35100001096725464,0.2694999873638153
YNL262W,YIL131C,1,-3.1909065,0.11552346497774124,0.35199999809265137,0.2694999873638153
YMR226C,YOR034C,0,-3.191084,0.11548556387424469,0.35199999809265137,0.2696000039577484
YML018C,YBR162W-A,0,-3.1911483,0.11544768512248993,0.35199999809265137,0.26969999074935913
YMR056C,YOR126C,0,-3.1914291,0.11540983617305756,0.35199999809265137,0.26980000734329224
YJL059W,YNL267W,0,-3.191626,0.11537200957536697,0.35199999809265137,0.26989999413490295
YJR013W,YDR178W,0,-3.1916313,0.11533420532941818,0.35199999809265137,0.27000001072883606
YOR030W,YLR192C,0,-3.1916447,0.11529643088579178,0.35199999809265137,0.2700999975204468
YOL030W,YGL259W,0,-3.191895,0.11525867879390717,0.35199999809265137,0.2702000141143799
YLR310C,YML093W,0,-3.1919022,0.11522094905376434,0.35199999809265137,0.2703000009059906
YDR184C,YJL094C,0,-3.1919847,0.11518324911594391,0.35199999809265137,0.2703999876976013
YOR348C,YPL202C,0,-3.192018,0.11514556407928467,0.35199999809265137,0.2705000042915344
YIL082W-A,YOR285W,0,-3.192275,0.11510791629552841,0.35199999809265137,0.27059999108314514
YLR022C,YNL146W,0,-3.1925216,0.11507028341293335,0.35199999809265137,0.27070000767707825
YGR042W,YIL049W,0,-3.1926508,0.11503268033266068,0.35199999809265137,0.27079999446868896
YAR033W,YOR287C,0,-3.192779,0.11499509960412979,0.35199999809265137,0.27090001106262207
YIL067C,YKR089C,0,-3.193006,0.1149575412273407,0.35199999809265137,0.2709999978542328
YKL025C,YHR077C,0,-3.1930513,0.11492001265287399,0.35199999809265137,0.2711000144481659
YHR119W,YKR019C,1,-3.1932511,0.11520887911319733,0.3529999852180481,0.2711000144481659
YDR079W,YDR421W,0,-3.1933055,0.11517129093408585,0.3529999852180481,0.2712000012397766
YNR038W,YLR455W,0,-3.193338,0.11513372510671616,0.3529999852180481,0.27129998803138733
YKL213C,YJR129C,0,-3.1933403,0.11509618163108826,0.3529999852180481,0.27140000462532043
YFL018W-A,YKL054C,0,-3.1940422,0.11505866795778275,0.3529999852180481,0.27149999141693115
YBL041W,YBR271W,0,-3.194202,0.11502117663621902,0.3529999852180481,0.27160000801086426
YNL246W,YDL076C,1,-3.1943703,0.1153094470500946,0.3540000021457672,0.27160000801086426
YDR307W,YPL002C,0,-3.1944995,0.11527189612388611,0.3540000021457672,0.271699994802475
YMR302C,YIL095W,0,-3.1945243,0.115234375,0.3540000021457672,0.2718000113964081
YKL171W,YBR004C,0,-3.1945457,0.11519687622785568,0.3540000021457672,0.2718999981880188
YKL124W,YOL062C,0,-3.194666,0.11515939980745316,0.3540000021457672,0.2720000147819519
YFL049W,YDL076C,1,-3.1947994,0.11544715613126755,0.35499998927116394,0.2720000147819519
YGL131C,YKL077W,0,-3.19521,0.11540962010622025,0.35499998927116394,0.2721000015735626
YHL015W,YGL129C,0,-3.1953583,0.11537211388349533,0.35499998927116394,0.27219998836517334
YDR224C,YOL090W,1,-3.1957178,0.11565952003002167,0.35600000619888306,0.27219998836517334
YPR165W,YLR301W,0,-3.1958747,0.11562195420265198,0.35600000619888306,0.27230000495910645
YKL126W,YLR126C,0,-3.196025,0.11558441817760468,0.35600000619888306,0.27239999175071716
YKL126W,YNL272C,0,-3.196189,0.11554689705371857,0.35600000619888306,0.27250000834465027
YJR120W,YHR015W,0,-3.1962924,0.11550941318273544,0.35600000619888306,0.272599995136261
YCR081W,YIL044C,0,-3.196404,0.11547194421291351,0.35600000619888306,0.2727000117301941
YNR060W,YNL312W,0,-3.1968613,0.11543449759483337,0.35600000619888306,0.2727999985218048
YOL109W,YDR522C,0,-3.1969166,0.11539708077907562,0.35600000619888306,0.2728999853134155
YJL090C,YHL016C,0,-3.1970062,0.11535968631505966,0.35600000619888306,0.27300000190734863
YLR363C,YPR060C,0,-3.1972213,0.11532232165336609,0.35600000619888306,0.27309998869895935
YDR330W,YIL149C,0,-3.1974812,0.11528497189283371,0.35600000619888306,0.27320000529289246
YGR271W,YML093W,0,-3.1976418,0.11524765193462372,0.35600000619888306,0.2732999920845032
YPL006W,YEL071W,0,-3.1976585,0.11521035432815552,0.35600000619888306,0.2734000086784363
YDR279W,YOL121C,0,-3.197762,0.1151730865240097,0.35600000619888306,0.273499995470047
YOR266W,YDL080C,0,-3.197856,0.11513583362102509,0.35600000619888306,0.2736000120639801
YNL317W,YLR193C,0,-3.1979508,0.11509861052036285,0.35600000619888306,0.2736999988555908
YDR346C,YER087C-A,0,-3.1982818,0.11506140977144241,0.35600000619888306,0.27379998564720154
YBL075C,YJR161C,0,-3.1984468,0.11502423137426376,0.35600000619888306,0.27390000224113464
YDR497C,YKR099C-A,0,-3.1985931,0.1149870827794075,0.35600000619888306,0.27399998903274536
YML115C,YBR041W,0,-3.1986032,0.11494994908571243,0.35600000619888306,0.27410000562667847
YNL192W,YGL129C,0,-3.198701,0.11491284519433975,0.35600000619888306,0.2741999924182892
YIL044C,YDR384C,0,-3.1990619,0.11487576365470886,0.35600000619888306,0.2743000090122223
YOR261C,YAR010C,0,-3.1990876,0.11483871191740036,0.35600000619888306,0.274399995803833
YDL116W,YKL027W,0,-3.1992583,0.11480167508125305,0.35600000619888306,0.2745000123977661
YKL158W,YDR449C,0,-3.199308,0.11476466804742813,0.35600000619888306,0.27459999918937683
YBR060C,YNL088W,1,-3.1993604,0.11504995077848434,0.3569999933242798,0.27459999918937683
YKL084W,YEL003W,0,-3.1994843,0.11501288414001465,0.3569999933242798,0.27469998598098755
YKL191W,YIL038C,0,-3.1994872,0.11497584730386734,0.3569999933242798,0.27480000257492065
YDR352W,YJL078C,0,-3.1995435,0.11493882536888123,0.3569999933242798,0.27489998936653137
YBR284W,YOR257W,0,-3.1995687,0.1149018332362175,0.3569999933242798,0.2750000059604645
YLR373C,YOR219C,0,-3.199667,0.11486486345529556,0.3569999933242798,0.2750999927520752
YDR522C,YMR210W,0,-3.199736,0.11482791602611542,0.3569999933242798,0.2752000093460083
YJR120W,YJR033C,0,-3.199943,0.11479099839925766,0.3569999933242798,0.275299996137619
YDR109C,YDR005C,0,-3.200014,0.1147540956735611,0.3569999933242798,0.2754000127315521
YIL073C,YJL029C,0,-3.2003021,0.11471722275018692,0.3569999933242798,0.27549999952316284
YEL030W,YPL053C,0,-3.2007556,0.11468037217855453,0.3569999933242798,0.27559998631477356
YKL082C,YKL011C,0,-3.2008038,0.11464354395866394,0.3569999933242798,0.27570000290870667
YDL087C,YIL109C,0,-3.2009,0.11460673809051514,0.3569999933242798,0.2757999897003174
YCR026C,YOR110W,0,-3.2010398,0.11456996202468872,0.3569999933242798,0.2759000062942505
YLR004C,YAL020C,0,-3.2011132,0.1145332083106041,0.3569999933242798,0.2759999930858612
YJR022W,YGR188C,0,-3.2011232,0.11449646949768066,0.3569999933242798,0.2761000096797943
YPR111W,YBR248C,0,-3.20119,0.11445976048707962,0.3569999933242798,0.27619999647140503
YPR134W,YDL087C,0,-3.2011967,0.11442307382822037,0.3569999933242798,0.27630001306533813
YDR488C,YHR077C,0,-3.2012281,0.1143864169716835,0.3569999933242798,0.27639999985694885
YLR297W,YOL045W,0,-3.201336,0.11434977501630783,0.3569999933242798,0.27649998664855957
YNL092W,YOR144C,0,-3.2013617,0.11431316286325455,0.3569999933242798,0.2766000032424927
YBR095C,YJL065C,1,-3.2013779,0.11459667235612869,0.3580000102519989,0.2766000032424927
YFR015C,YER062C,0,-3.2014313,0.11456000059843063,0.3580000102519989,0.2766999900341034
YPR190C,YGR096W,0,-3.2014956,0.11452335119247437,0.3580000102519989,0.2768000066280365
YDR316W,YOR110W,0,-3.201501,0.11448673158884048,0.3580000102519989,0.2768999934196472
YOL062C,YOR143C,0,-3.2016473,0.1144501268863678,0.3580000102519989,0.2770000100135803
YHR036W,YIL168W,0,-3.2017083,0.1144135519862175,0.3580000102519989,0.27709999680519104
YBR289W,YNL088W,1,-3.2017245,0.11469648778438568,0.35899999737739563,0.27709999680519104
YNL173C,YHR101C,0,-3.2017279,0.1146598532795906,0.35899999737739563,0.27720001339912415
YFL013C,YBR215W,1,-3.2018437,0.1149425283074379,0.36000001430511475,0.27720001339912415
YGL142C,YJL111W,0,-3.2019114,0.11490584164857864,0.36000001430511475,0.27730000019073486
YJR112W,YNL004W,0,-3.2020025,0.11486917734146118,0.36000001430511475,0.2773999869823456
YIL148W,YLL038C,0,-3.2020369,0.11483253538608551,0.36000001430511475,0.2775000035762787
YOR305W,YOR357C,0,-3.2020478,0.11479591578245163,0.36000001430511475,0.2775999903678894
YML103C,YOL109W,0,-3.2022982,0.11475932598114014,0.36000001430511475,0.2777000069618225
YIL017W,YPR190C,0,-3.202464,0.11472275108098984,0.36000001430511475,0.2777999937534332
YCR093W,YDR460W,0,-3.2025294,0.11468620598316193,0.36000001430511475,0.27790001034736633
YEL043W,YOR355W,0,-3.2025728,0.1146496832370758,0.36000001430511475,0.27799999713897705
YBR261C,YCL019W,0,-3.2028441,0.11461318284273148,0.36000001430511475,0.27810001373291016
YKL026C,YMR180C,0,-3.2029023,0.11457670480012894,0.36000001430511475,0.2782000005245209
YOR187W,YKL027W,0,-3.2029243,0.11454024910926819,0.36000001430511475,0.2782999873161316
YNL263C,YLR455W,0,-3.202982,0.11450381577014923,0.36000001430511475,0.2784000039100647
YJR093C,YPL174C,0,-3.2030153,0.11446741223335266,0.36000001430511475,0.2784999907016754
YPL249C,YOR084W,0,-3.2032242,0.11443102359771729,0.36000001430511475,0.2786000072956085
YDR109C,YCL016C,0,-3.203578,0.1143946647644043,0.36000001430511475,0.27869999408721924
YOL027C,YOL069W,0,-3.2036042,0.1143583208322525,0.36000001430511475,0.27880001068115234
YHL011C,YBR176W,0,-3.2037764,0.1143220067024231,0.36000001430511475,0.27889999747276306
YDR307W,YNL329C,0,-3.2038503,0.11428571492433548,0.36000001430511475,0.27900001406669617
YJR026W,YPL037C,0,-3.2038593,0.11424944549798965,0.36000001430511475,0.2791000008583069
YMR072W,YNL126W,0,-3.2039042,0.11421319842338562,0.36000001430511475,0.2791999876499176
YJL094C,YOL100W,0,-3.2041378,0.11417697370052338,0.36000001430511475,0.2793000042438507
YKL205W,YKL222C,0,-3.2041607,0.11414077132940292,0.36000001430511475,0.2793999910354614
YML069W,YDR439W,1,-3.2041678,0.1144215539097786,0.3610000014305115,0.2793999910354614
YHL016C,YNL282W,0,-3.204276,0.11438529938459396,0.3610000014305115,0.27950000762939453
YIL080W,YMR072W,0,-3.2043858,0.11434906721115112,0.3610000014305115,0.27959999442100525
YML077W,YCL057W,0,-3.204389,0.11431285738945007,0.3610000014305115,0.27970001101493835
YOL008W,YDR411C,0,-3.2044315,0.11427666991949081,0.3610000014305115,0.2797999978065491
YHR169W,YAL041W,0,-3.2044363,0.11424050480127335,0.3610000014305115,0.2799000144004822
YMR314W,YOR319W,0,-3.2048182,0.11420436203479767,0.3610000014305115,0.2800000011920929
YNR032C-A,YPR200C,0,-3.2049851,0.11416824907064438,0.3610000014305115,0.2800999879837036
YMR101C,YOR304C-A,0,-3.205533,0.11413215100765228,0.3610000014305115,0.2802000045776367
YGL241W,YCL027W,0,-3.2055373,0.11409608274698257,0.3610000014305115,0.28029999136924744
YLR455W,YHR143W,0,-3.2055917,0.11406002938747406,0.3610000014305115,0.28040000796318054
YBR186W,YDR146C,0,-3.205608,0.11402400583028793,0.3610000014305115,0.28049999475479126
YHR060W,YCL027W,0,-3.2057686,0.1139880046248436,0.3610000014305115,0.28060001134872437
YFL002W-A,YHR085W,0,-3.205814,0.11395201832056046,0.3610000014305115,0.2806999981403351
YPR104C,YIL070C,0,-3.205832,0.1139160618185997,0.3610000014305115,0.2808000147342682
YGL013C,YLR145W,0,-3.2058325,0.11388012766838074,0.3610000014305115,0.2809000015258789
YDL013W,YGL010W,0,-3.2059994,0.11384421586990356,0.3610000014305115,0.2809999883174896
YOR281C,YKL127W,0,-3.2060704,0.11380832642316818,0.3610000014305115,0.28110000491142273
YMR226C,YLR238W,0,-3.2061524,0.113772451877594,0.3610000014305115,0.28119999170303345
YJR029W,YHR039C-A,0,-3.2063842,0.1137366071343422,0.3610000014305115,0.28130000829696655
YDR515W,YGL048C,0,-3.2064624,0.11370078474283218,0.3610000014305115,0.28139999508857727
YJL047C,YDL216C,0,-3.2065368,0.11366498470306396,0.3610000014305115,0.2815000116825104
YOL109W,YCR008W,0,-3.2067204,0.11362920701503754,0.3610000014305115,0.2815999984741211
YAR007C,YIL135C,0,-3.206726,0.1135934516787529,0.3610000014305115,0.2816999852657318
YDL101C,YLR330W,0,-3.2067938,0.11355772614479065,0.3610000014305115,0.2818000018596649
YER074W-A,YHR193C,0,-3.2068849,0.1135220155119896,0.3610000014305115,0.28189998865127563
YCR017C,YER075C,0,-3.2069836,0.11348632723093033,0.3610000014305115,0.28200000524520874
YDL093W,YOL045W,0,-3.2073417,0.11345066130161285,0.3610000014305115,0.28209999203681946
YGL179C,YJR092W,0,-3.2074819,0.11341501772403717,0.3610000014305115,0.28220000863075256
YHR053C,YLR126C,0,-3.2075787,0.11337939649820328,0.3610000014305115,0.2822999954223633
YJR112W,YLL062C,0,-3.2077484,0.11334379762411118,0.3610000014305115,0.2824000120162964
YOR281C,YLR297W,0,-3.2077875,0.11330822110176086,0.3610000014305115,0.2824999988079071
YNL267W,YDR479C,0,-3.2080345,0.11327266693115234,0.3610000014305115,0.2825999855995178
YDR109C,YBR162W-A,0,-3.208125,0.11323714256286621,0.3610000014305115,0.2827000021934509
YOL034W,YER072W,0,-3.2085104,0.11320163309574127,0.3610000014305115,0.28279998898506165
YGL131C,YHR191C,0,-3.208632,0.11316614598035812,0.3610000014305115,0.28290000557899475
YOR026W,YER074W-A,0,-3.208776,0.11313068121671677,0.3610000014305115,0.28299999237060547
YGR194C,YKR096W,0,-3.2088432,0.1130952388048172,0.3610000014305115,0.2831000089645386
YMR168C,YAR010C,0,-3.209313,0.11305981874465942,0.3610000014305115,0.2831999957561493
YHR030C,YMR232W,0,-3.2093387,0.11302442103624344,0.3610000014305115,0.2833000123500824
YHL035C,YBR201W,0,-3.2093945,0.11298904567956924,0.3610000014305115,0.2833999991416931
YPR134W,YER157W,0,-3.2097292,0.11295369267463684,0.3610000014305115,0.28349998593330383
YEL002C,YPL121C,0,-3.2097664,0.11291836202144623,0.3610000014305115,0.28360000252723694
YGL142C,YOR110W,0,-3.2099872,0.1128830537199974,0.3610000014305115,0.28369998931884766
YCR037C,YOR126C,0,-3.210074,0.11284776777029037,0.3610000014305115,0.28380000591278076
YGL098W,YIL096C,0,-3.210105,0.11281249672174454,0.3610000014305115,0.2838999927043915
YDR472W,YLR109W,0,-3.2101092,0.11277725547552109,0.3610000014305115,0.2840000092983246
YHR067W,YKL114C,0,-3.2102013,0.11274203658103943,0.3610000014305115,0.2840999960899353
YDR346C,YKR099C-A,0,-3.2103553,0.11270684003829956,0.3610000014305115,0.2842000126838684
YER030W,YGR252W,1,-3.2105742,0.11298377066850662,0.3619999885559082,0.2842000126838684
YGR034W,YNL271C,0,-3.210587,0.11294851452112198,0.3619999885559082,0.2842999994754791
YLR004C,YGR220C,0,-3.210868,0.11291328817605972,0.3619999885559082,0.28439998626708984
YPR049C,YAR010C,0,-3.2110686,0.11287807673215866,0.3619999885559082,0.28450000286102295
YJR134C,YHR101C,0,-3.2111058,0.11284289509057999,0.3619999885559082,0.28459998965263367
YJR134C,YDR192C,0,-3.211174,0.1128077283501625,0.3619999885559082,0.2847000062465668
YGL066W,YKR019C,1,-3.2111921,0.11308411508798599,0.3630000054836273,0.2847000062465668
YOL052C,YLR166C,0,-3.211196,0.11304889619350433,0.3630000054836273,0.2847999930381775
YLR368W,YHR150W,0,-3.211276,0.11301369965076447,0.3630000054836273,0.2849000096321106
YNL290W,YPL124W,0,-3.2114153,0.11297852545976639,0.3630000054836273,0.2849999964237213
YJR044C,YMR210W,0,-3.2115812,0.1129433736205101,0.3630000054836273,0.2851000130176544
YEL043W,YDR192C,0,-3.2117434,0.1129082441329956,0.3630000054836273,0.28519999980926514
YLR363C,YNL131W,0,-3.2118611,0.1128731369972229,0.3630000054836273,0.28529998660087585
YGL231C,YNL092W,0,-3.2124348,0.11283804476261139,0.3630000054836273,0.28540000319480896
YPL269W,YOR221C,0,-3.2124639,0.11280298233032227,0.3630000054836273,0.2854999899864197
YDR323C,YGR046W,0,-3.212716,0.11276794224977493,0.3630000054836273,0.2856000065803528
YBR164C,YOR260W,0,-3.2131047,0.1127329170703888,0.3630000054836273,0.2856999933719635
YLR303W,YIL101C,0,-3.2134118,0.11269792169332504,0.3630000054836273,0.2858000099658966
YPR165W,YOR305W,0,-3.2136025,0.11266294121742249,0.3630000054836273,0.2858999967575073
YFL011W-A,YOR354C,0,-3.2136626,0.11262798309326172,0.3630000054836273,0.28600001335144043
YKL160W,YFL013C,1,-3.2137966,0.11290322244167328,0.36399999260902405,0.28600001335144043
YLR381W,YMR286W,0,-3.2139845,0.11286821961402893,0.36399999260902405,0.28610000014305115
YDR325W,YKL145W,0,-3.2140737,0.11283323168754578,0.36399999260902405,0.28619998693466187
YPL241C,YJL112W,0,-3.214445,0.11279826611280441,0.36399999260902405,0.28630000352859497
YCL019W,YHL047C,0,-3.2146149,0.11276332288980484,0.36399999260902405,0.2863999903202057
YOR380W,YLR109W,0,-3.2147455,0.11272840201854706,0.36399999260902405,0.2865000069141388
YKR036C,YDR341C,0,-3.2147818,0.11269349604845047,0.36399999260902405,0.2865999937057495
YNL038W,YPL204W,0,-3.2149506,0.11265861988067627,0.36399999260902405,0.2867000102996826
YMR306W,YEL003W,0,-3.215015,0.11262376606464386,0.36399999260902405,0.28679999709129333
YOR030W,YPL075W,0,-3.2151027,0.11258892714977264,0.36399999260902405,0.28690001368522644
YKL074C,YJR006W,0,-3.2151046,0.11255411058664322,0.36399999260902405,0.28700000047683716
YMR088C,YPL242C,0,-3.2151537,0.11251931637525558,0.36399999260902405,0.2870999872684479
YOR304W,YBR095C,1,-3.2151618,0.11279357224702835,0.36500000953674316,0.2870999872684479
YGR220C,YMR223W,0,-3.215176,0.11275872588157654,0.36500000953674316,0.287200003862381
YFR005C,YIL142W,0,-3.2152433,0.11272390186786652,0.36500000953674316,0.2872999906539917
YER087C-A,YNL163C,0,-3.215335,0.11268910020589828,0.36500000953674316,0.2874000072479248
YER022W,YHL016C,0,-3.2155209,0.11265432089567184,0.36500000953674316,0.2874999940395355
YHR066W,YNL090W,0,-3.2155623,0.1126195639371872,0.36500000953674316,0.28760001063346863
YJR129C,YOR125C,0,-3.2157354,0.11258482187986374,0.36500000953674316,0.28769999742507935
YNL258C,YDR479C,0,-3.2157364,0.11255010962486267,0.36500000953674316,0.28780001401901245
YDR411C,YEL030W,0,-3.215808,0.1125154122710228,0.36500000953674316,0.28790000081062317
YJL110C,YHR039C-A,0,-3.2161274,0.11248073726892471,0.36500000953674316,0.2879999876022339
YIL017W,YDR490C,0,-3.2162004,0.11244608461856842,0.36500000953674316,0.288100004196167
YPR138C,YGL129C,0,-3.216343,0.11241145431995392,0.36500000953674316,0.2881999909877777
YOR014W,YNL282W,0,-3.216351,0.11237684637308121,0.36500000953674316,0.2883000075817108
YDR532C,YHR079C-A,0,-3.2165165,0.11234226077795029,0.36500000953674316,0.28839999437332153
YGL231C,YJR158W,0,-3.2165256,0.11230769008398056,0.36500000953674316,0.28850001096725464
YIR008C,YPR120C,0,-3.2165275,0.11227314919233322,0.36500000953674316,0.28859999775886536
YOR038C,YOL090W,1,-3.2167788,0.11254612356424332,0.3659999966621399,0.28859999775886536
YKR096W,YNL134C,0,-3.2169466,0.1125115305185318,0.3659999966621399,0.28870001435279846
YPL124W,YIL016W,0,-3.2170105,0.11247695237398148,0.3659999966621399,0.2888000011444092
YBL088C,YOR126C,0,-3.2170234,0.11244239658117294,0.3659999966621399,0.2888999879360199
YBL003C,YDR303C,1,-3.2173567,0.1127149909734726,0.367000013589859,0.2888999879360199
YFL002W-A,YGL249W,0,-3.2174687,0.11268038302659988,0.367000013589859,0.289000004529953
YJL176C,YLR321C,1,-3.217566,0.11295273154973984,0.36800000071525574,0.289000004529953
YGL136C,YDR253C,0,-3.2176323,0.11291807144880295,0.36800000071525574,0.2890999913215637
YNL154C,YLR275W,0,-3.2176757,0.11288343369960785,0.36800000071525574,0.2892000079154968
YGR038W,YIL133C,0,-3.2176847,0.11284881830215454,0.36800000071525574,0.28929999470710754
YEL011W,YDR218C,0,-3.2176857,0.11281422525644302,0.36800000071525574,0.28940001130104065
YDL031W,YMR004W,0,-3.2179685,0.1127796471118927,0.36800000071525574,0.28949999809265137
YDR352W,YLL062C,0,-3.2180057,0.11274509876966476,0.36800000071525574,0.2896000146865845
YLL032C,YNL252C,0,-3.2180185,0.11271056532859802,0.36800000071525574,0.2897000014781952
YHR179W,YDL066W,0,-3.2180247,0.11267605423927307,0.36800000071525574,0.2897999882698059
YGR121C,YGL092W,0,-3.218267,0.11264156550168991,0.36800000071525574,0.289900004863739
YBR065C,YKL070W,0,-3.2182822,0.11260709911584854,0.36800000071525574,0.28999999165534973
YNL177C,YER190W,0,-3.218401,0.11257265508174896,0.36800000071525574,0.29010000824928284
YKL171W,YKL086W,0,-3.2185507,0.11253822594881058,0.36800000071525574,0.29019999504089355
YLR288C,YDR303C,1,-3.2187152,0.11280953884124756,0.36899998784065247,0.29019999504089355
YLR288C,YLR321C,1,-3.2187405,0.11308068782091141,0.3700000047683716,0.29019999504089355
YBR022W,YGL129C,0,-3.2190433,0.11304613202810287,0.3700000047683716,0.29030001163482666
YDR186C,YPL243W,0,-3.2194152,0.11301160603761673,0.3700000047683716,0.2903999984264374
YHR076W,YML078W,0,-3.2195702,0.11297710239887238,0.3700000047683716,0.2904999852180481
YLR381W,YPL274W,0,-3.2196884,0.11294261366128922,0.3700000047683716,0.2906000018119812
YKL129C,YLR301W,0,-3.2199454,0.11290814727544785,0.3700000047683716,0.2906999886035919
YDR472W,YNL177C,0,-3.2200155,0.11287370324134827,0.3700000047683716,0.290800005197525
YNR060W,YPL265W,0,-3.2200532,0.11283928155899048,0.3700000047683716,0.29089999198913574
YNL070W,YIL109C,0,-3.2202206,0.11280487477779388,0.3700000047683716,0.29100000858306885
YEL037C,YML023C,0,-3.220273,0.11277049779891968,0.3700000047683716,0.29109999537467957
YPL204W,YDR192C,0,-3.2203164,0.11273613572120667,0.3700000047683716,0.29120001196861267
YPL236C,YJL148W,0,-3.2204823,0.11270179599523544,0.3700000047683716,0.2912999987602234
YNL246W,YNL088W,1,-3.2207394,0.11297198385000229,0.3709999918937683,0.2912999987602234
YLR288C,YNL097C,1,-3.2208357,0.113242007791996,0.3720000088214874,0.2912999987602234
YCL045C,YBR176W,0,-3.2213712,0.11320754885673523,0.3720000088214874,0.2913999855518341
YPR165W,YGL249W,0,-3.2215033,0.11317310482263565,0.3720000088214874,0.2915000021457672
YHR067W,YDR186C,0,-3.2216368,0.11313868314027786,0.3720000088214874,0.29159998893737793
YDR279W,YDL093W,0,-3.221746,0.11310428380966187,0.3720000088214874,0.29170000553131104
YHR163W,YOR305W,0,-3.22196,0.11306990683078766,0.3720000088214874,0.29179999232292175
YKL214C,YGR057C,0,-3.2219806,0.11303555220365524,0.3720000088214874,0.29190000891685486
YDR211W,YML023C,0,-3.222126,0.11300121247768402,0.3720000088214874,0.2919999957084656
YOL113W,YMR168C,0,-3.222179,0.11296690255403519,0.3720000088214874,0.2921000123023987
YBR176W,YLR297W,0,-3.2225027,0.11293260753154755,0.3720000088214874,0.2921999990940094
YHR172W,YHR143W,0,-3.2226257,0.1128983274102211,0.3720000088214874,0.2922999858856201
YIL132C,YLR268W,0,-3.2226348,0.11286407709121704,0.3720000088214874,0.2924000024795532
YJR022W,YOR304C-A,0,-3.2230453,0.11282984167337418,0.3720000088214874,0.29249998927116394
YKL062W,YNR057C,0,-3.2233825,0.1127956360578537,0.3720000088214874,0.29260000586509705
YGR204W,YPR204W,0,-3.2234578,0.11276144534349442,0.3720000088214874,0.29269999265670776
YGR085C,YGL100W,0,-3.2237206,0.11272726953029633,0.3720000088214874,0.29280000925064087
YLR027C,YKL075C,0,-3.2237363,0.11269312351942062,0.3720000088214874,0.2928999960422516
YOL091W,YNL197C,0,-3.22405,0.11265899240970612,0.3720000088214874,0.2930000126361847
YNL238W,YDR013W,0,-3.22408,0.1126248836517334,0.3720000088214874,0.2930999994277954
YLL031C,YOL121C,0,-3.2243752,0.11259079724550247,0.3720000088214874,0.29319998621940613
YGR122W,YKR067W,0,-3.2244864,0.11255673319101334,0.3720000088214874,0.29330000281333923
YPL065W,YGL206C,0,-3.224513,0.1125226840376854,0.3720000088214874,0.29339998960494995
YNR045W,YDR322C-A,0,-3.2245312,0.11248865723609924,0.3720000088214874,0.29350000619888306
YML123C,YCR008W,0,-3.2248373,0.11245465278625488,0.3720000088214874,0.2935999929904938
YCR093W,YEL042W,0,-3.2248425,0.11242067068815231,0.3720000088214874,0.2937000095844269
YGR261C,YJR092W,0,-3.2251744,0.11238670349121094,0.3720000088214874,0.2937999963760376
YOL008W,YNL197C,0,-3.2253585,0.11235276609659195,0.3720000088214874,0.2939000129699707
YGR193C,YPL259C,0,-3.2254233,0.11231884360313416,0.3720000088214874,0.2939999997615814
YGR087C,YGL098W,0,-3.2254639,0.11228493601083755,0.3720000088214874,0.29409998655319214
YBL084C,YPR078C,0,-3.2255735,0.11225105822086334,0.3720000088214874,0.29420000314712524
YGL084C,YJR141W,0,-3.2255812,0.11221719533205032,0.3720000088214874,0.29429998993873596
YMR190C,YKR099C-A,0,-3.2259865,0.1121833547949791,0.3720000088214874,0.29440000653266907
YBR042C,YDR192C,0,-3.2260442,0.11214952915906906,0.3720000088214874,0.2944999933242798
YPR067W,YEL071W,0,-3.2261167,0.11211573332548141,0.3720000088214874,0.2946000099182129
YOL164W,YBR065C,0,-3.22617,0.11208195239305496,0.3720000088214874,0.2946999967098236
YBL075C,YDR005C,0,-3.2262807,0.1120481938123703,0.3720000088214874,0.2948000133037567
YDR418W,YHR076W,0,-3.2262974,0.11201445013284683,0.3720000088214874,0.29490000009536743
YOL058W,YOL030W,0,-3.226327,0.11198073625564575,0.3720000088214874,0.29499998688697815
YNL126W,YOR338W,0,-3.2263327,0.11194703727960587,0.3720000088214874,0.29510000348091125
YLR363C,YGL092W,0,-3.2264209,0.11191336065530777,0.3720000088214874,0.295199990272522
YLR431C,YJR033C,0,-3.2265024,0.11187969893217087,0.3720000088214874,0.2953000068664551
YBL088C,YKL191W,0,-3.2265162,0.11184605956077576,0.3720000088214874,0.2953999936580658
YDR040C,YMR153W,0,-3.2265863,0.11181244254112244,0.3720000088214874,0.2955000102519989
YDR312W,YOL109W,0,-3.226644,0.11177884787321091,0.3720000088214874,0.2955999970436096
YBR019C,YMR172W,0,-3.226727,0.11174526810646057,0.3720000088214874,0.2957000136375427
YLR373C,YER118C,0,-3.2267613,0.11171171069145203,0.3720000088214874,0.29580000042915344
YFR009W,YDR473C,0,-3.226767,0.11167817562818527,0.3720000088214874,0.29589998722076416
YCR017C,YGL259W,0,-3.2267747,0.11164465546607971,0.3720000088214874,0.29600000381469727
YKL178C,YPL179W,0,-3.2268772,0.11161115765571594,0.3720000088214874,0.296099990606308
YHL034C,YDR079C-A,0,-3.227024,0.11157768219709396,0.3720000088214874,0.2962000072002411
YKL143W,YNR039C,0,-3.2270703,0.11154422909021378,0.3720000088214874,0.2962999939918518
YMR168C,YOR266W,0,-3.2270756,0.11151079088449478,0.3720000088214874,0.2964000105857849
YHR005C,YDR486C,0,-3.22751,0.11147737503051758,0.3720000088214874,0.29649999737739563
YOR113W,YER157W,0,-3.227601,0.11144398152828217,0.3720000088214874,0.29660001397132874
YHR132C,YIL046W,0,-3.2276077,0.11141060292720795,0.3720000088214874,0.29670000076293945
YJL069C,YGL100W,0,-3.2277474,0.11137724667787552,0.3720000088214874,0.29679998755455017
YKL012W,YBR284W,0,-3.227991,0.11134390532970428,0.3720000088214874,0.2969000041484833
YPL157W,YNL134C,0,-3.228035,0.11131059378385544,0.3720000088214874,0.296999990940094
YBR114W,YOL008W,0,-3.2281594,0.11127729713916779,0.3720000088214874,0.2971000075340271
YCR087C-A,YGR174C,0,-3.228197,0.11124402284622192,0.3720000088214874,0.2971999943256378
YIL084C,YER169W,1,-3.2282062,0.11150971800088882,0.37299999594688416,0.2971999943256378
YNL039W,YLL003W,0,-3.228218,0.11147639155387878,0.37299999594688416,0.2973000109195709
YML047C,YBL047C,0,-3.2283573,0.11144308000802994,0.37299999594688416,0.29739999771118164
YAL005C,YLR455W,0,-3.2288857,0.11140979826450348,0.37299999594688416,0.29750001430511475
YKR020W,YKL190W,0,-3.2289305,0.11137653142213821,0.37299999594688416,0.29760000109672546
YBR289W,YNL262W,1,-3.2289648,0.1116417944431305,0.37400001287460327,0.29760000109672546
YLR288C,YOR064C,1,-3.2295027,0.11190689355134964,0.375,0.29760000109672546
YLR007W,YDL101C,0,-3.2296395,0.11187350749969482,0.375,0.2976999878883362
YMR226C,YBR248C,0,-3.2298436,0.1118401437997818,0.375,0.2978000044822693
YDR519W,YJR092W,0,-3.2299428,0.11180679500102997,0.375,0.29789999127388
YNR057C,YLR310C,0,-3.230194,0.11177347600460052,0.375,0.2980000078678131
YBR095C,YJL115W,1,-3.230246,0.11203814297914505,0.37599998712539673,0.2980000078678131
YJL059W,YKL063C,0,-3.2303014,0.11200476437807083,0.37599998712539673,0.29809999465942383
YDR352W,YLR105C,0,-3.2304454,0.1119714081287384,0.37599998712539673,0.29820001125335693
YER030W,YPR193C,1,-3.2306595,0.11223578453063965,0.37700000405311584,0.29820001125335693
YGR072W,YML077W,0,-3.2306743,0.11220238357782364,0.37700000405311584,0.29829999804496765
YJL128C,YML113W,0,-3.2308717,0.11216899752616882,0.37700000405311584,0.29840001463890076
YDR004W,YJR153W,0,-3.2308865,0.1121356338262558,0.37700000405311584,0.2985000014305115
YHL015W,YLR086W,0,-3.231255,0.11210229247808456,0.37700000405311584,0.2985999882221222
YHL011C,YPR138C,0,-3.231306,0.11206896603107452,0.37700000405311584,0.2987000048160553
YCR097W,YKL149C,0,-3.2313108,0.11203566193580627,0.37700000405311584,0.298799991607666
YLR398C,YLR457C,0,-3.2314844,0.11200238019227982,0.37700000405311584,0.2989000082015991
YLR103C,YGL249W,0,-3.2314978,0.11196911334991455,0.37700000405311584,0.29899999499320984
YDR479C,YDR377W,0,-3.2315326,0.11193586885929108,0.37700000405311584,0.29910001158714294
YER038C,YDL078C,0,-3.2316728,0.1119026392698288,0.37700000405311584,0.29919999837875366
YDR239C,YFR044C,0,-3.2317238,0.1118694394826889,0.37700000405311584,0.2992999851703644
YIL148W,YPL092W,0,-3.2317805,0.11183624714612961,0.37700000405311584,0.2994000017642975
YDR522C,YNL151C,0,-3.2320304,0.1118030846118927,0.37700000405311584,0.2994999885559082
YJR120W,YDR322C-A,0,-3.2320452,0.11176993697881699,0.37700000405311584,0.2996000051498413
YIL155C,YJR120W,0,-3.2321663,0.11173681169748306,0.37700000405311584,0.299699991941452
YMR223W,YGR078C,0,-3.232192,0.11170370131731033,0.37700000405311584,0.29980000853538513
YBR248C,YFR044C,0,-3.2322788,0.1116706132888794,0.37700000405311584,0.29989999532699585
YAR009C,YBR156C,0,-3.2325916,0.11163754761219025,0.37700000405311584,0.30000001192092896
YLR363C,YDR140W,0,-3.2327113,0.11160449683666229,0.37700000405311584,0.3000999987125397
YCR037C,YNR054C,0,-3.2327805,0.11157146841287613,0.37700000405311584,0.3001999855041504
YJL110C,YBL084C,0,-3.2330537,0.11153846234083176,0.37700000405311584,0.3003000020980835
YLR398C,YDL231C,0,-3.2333403,0.11150547116994858,0.37700000405311584,0.3003999888896942
YJR022W,YEL002C,0,-3.2333937,0.11147250235080719,0.37700000405311584,0.3005000054836273
YNL271C,YOL007C,0,-3.2333994,0.111439548432827,0.37700000405311584,0.30059999227523804
YDR519W,YOL164W,0,-3.233502,0.11140661686658859,0.37700000405311584,0.30070000886917114
YDR392W,YLR449W,1,-3.2336893,0.1116691306233406,0.3779999911785126,0.30070000886917114
YFL049W,YBL006C,1,-3.23387,0.11193148046731949,0.3790000081062317,0.30070000886917114
YCR097W,YBR129C,0,-3.2339368,0.11189843714237213,0.3790000081062317,0.30079999566078186
YDR079W,YDL077C,0,-3.2340183,0.11186540871858597,0.3790000081062317,0.30090001225471497
YBL037W,YBR070C,0,-3.2340431,0.1118324026465416,0.3790000081062317,0.3009999990463257
YMR088C,YIL119C,0,-3.2341657,0.11179941147565842,0.3790000081062317,0.3010999858379364
YMR322C,YFL014W,0,-3.2342372,0.11176644265651703,0.3790000081062317,0.3012000024318695
YPR094W,YPL204W,0,-3.2346559,0.11173348873853683,0.3790000081062317,0.3012999892234802
YIL004C,YNL163C,0,-3.2349524,0.11170055717229843,0.3790000081062317,0.30140000581741333
YGL053W,YMR100W,0,-3.2350159,0.11166764795780182,0.3790000081062317,0.30149999260902405
YAL022C,YJL053W,0,-3.235197,0.1116347536444664,0.3790000081062317,0.30160000920295715
YNR038W,YIL109C,0,-3.2353725,0.11160188168287277,0.3790000081062317,0.30169999599456787
YBL006C,YLR321C,1,-3.2353773,0.11186341196298599,0.3799999952316284,0.30169999599456787
YLL055W,YHR077C,0,-3.2355485,0.11183048784732819,0.3799999952316284,0.301800012588501
YMR100W,YAR010C,0,-3.2355552,0.11179758608341217,0.3799999952316284,0.3018999993801117
YPL273W,YDR263C,0,-3.235611,0.11176470667123795,0.3799999952316284,0.3019999861717224
YJL115W,YDR303C,1,-3.236003,0.11202587187290192,0.38100001215934753,0.3019999861717224
YOR231W,YCL027W,0,-3.2360206,0.11199294775724411,0.38100001215934753,0.3021000027656555
YOR261C,YGL067W,0,-3.2361574,0.1119600385427475,0.38100001215934753,0.30219998955726624
YHR101C,YKL063C,0,-3.2362037,0.11192714422941208,0.38100001215934753,0.30230000615119934
YFR009W,YOR338W,0,-3.236443,0.11189427226781845,0.38100001215934753,0.30239999294281006
YMR015C,YKL124W,0,-3.2368035,0.11186142265796661,0.38100001215934753,0.30250000953674316
YLR035C,YMR047C,0,-3.2368422,0.11182858794927597,0.38100001215934753,0.3025999963283539
YDL049C,YGR085C,0,-3.2369666,0.11179577559232712,0.38100001215934753,0.302700012922287
YLL032C,YGL067W,0,-3.237153,0.11176297813653946,0.38100001215934753,0.3027999997138977
YOR061W,YGR272C,0,-3.2373576,0.11173020303249359,0.38100001215934753,0.3028999865055084
YPL236C,YMR013C,0,-3.2374601,0.11169745028018951,0.38100001215934753,0.30300000309944153
YNL134C,YGL097W,0,-3.2377777,0.11166471242904663,0.38100001215934753,0.30309998989105225
YOR028C,YBL075C,0,-3.237791,0.11163199692964554,0.38100001215934753,0.30320000648498535
YGR194C,YJR022W,0,-3.2379823,0.11159929633140564,0.38100001215934753,0.30329999327659607
YDR263C,YMR210W,0,-3.237999,0.11156661808490753,0.38100001215934753,0.3034000098705292
YPR134W,YAR010C,0,-3.2380915,0.11153395473957062,0.38100001215934753,0.3034999966621399
YFR015C,YNL334C,0,-3.2383084,0.1115013137459755,0.38100001215934753,0.303600013256073
YCL045C,YDL122W,0,-3.2383356,0.11146869510412216,0.38100001215934753,0.3037000000476837
YER176W,YBR294W,0,-3.2383413,0.11143609136343002,0.38100001215934753,0.30379998683929443
YOR123C,YGR252W,1,-3.2383647,0.11169590801000595,0.38199999928474426,0.30379998683929443
YMR036C,YGR287C,0,-3.2384357,0.11166325956583023,0.38199999928474426,0.30390000343322754
YOR358W,YNR058W,0,-3.2384882,0.1116306260228157,0.38199999928474426,0.30399999022483826
YDR188W,YLR132C,0,-3.2386055,0.11159801483154297,0.38199999928474426,0.30410000681877136
YNL154C,YMR131C,0,-3.2387447,0.11156541854143143,0.38199999928474426,0.3041999936103821
YNL262W,YLR321C,1,-3.2390976,0.11182481795549393,0.382999986410141,0.3041999936103821
YIL085C,YMR047C,0,-3.2391639,0.1117921769618988,0.382999986410141,0.3043000102043152
YML113W,YKL134C,0,-3.2392864,0.11175955832004547,0.382999986410141,0.3043999969959259
YAR007C,YBR042C,0,-3.2394166,0.11172695457935333,0.382999986410141,0.304500013589859
YPL002C,YKR087C,0,-3.2394729,0.11169437319040298,0.382999986410141,0.3046000003814697
YAR007C,YDR449C,0,-3.2396097,0.11166180670261383,0.382999986410141,0.30469998717308044
YLL055W,YGL167C,0,-3.2397718,0.11162926256656647,0.382999986410141,0.30480000376701355
YDL198C,YNL223W,0,-3.2402267,0.1115967333316803,0.382999986410141,0.30489999055862427
YLR310C,YKL011C,0,-3.2402835,0.11156422644853592,0.382999986410141,0.3050000071525574
YKL057C,YDL031W,0,-3.240672,0.11153174191713333,0.382999986410141,0.3050999939441681
YDR488C,YPL048W,0,-3.2409277,0.11149927228689194,0.382999986410141,0.3052000105381012
YLR467W,YHR191C,0,-3.2410526,0.11146682500839233,0.382999986410141,0.3052999973297119
YNL273W,YJR026W,0,-3.2411275,0.11143439263105392,0.382999986410141,0.305400013923645
YOR120W,YLL010C,0,-3.2411437,0.11140197515487671,0.382999986410141,0.30550000071525574
YOR287C,YNR057C,0,-3.241242,0.11136958748102188,0.382999986410141,0.30559998750686646
YBL092W,YLR086W,0,-3.241282,0.11133720725774765,0.382999986410141,0.30570000410079956
YOR148C,YHR211W,0,-3.241446,0.1113048568367958,0.382999986410141,0.3057999908924103
YDL133C-A,YJL035C,0,-3.241835,0.11127251386642456,0.382999986410141,0.3059000074863434
YDL039C,YJR141W,0,-3.241919,0.1112402006983757,0.382999986410141,0.3059999942779541
YAL043C,YCR093W,0,-3.2419238,0.11120789498090744,0.382999986410141,0.3061000108718872
YLL002W,YLR442C,1,-3.2419443,0.11146589368581772,0.3840000033378601,0.3061000108718872
YNL262W,YGL014W,1,-3.2421565,0.11172373592853546,0.38499999046325684,0.3061000108718872
YLL002W,YIL131C,1,-3.2424645,0.11198143661022186,0.38600000739097595,0.3061000108718872
YOL004W,YER169W,1,-3.2429194,0.11223898082971573,0.3869999945163727,0.3061000108718872
YHR119W,YBL003C,1,-3.2430058,0.11249637603759766,0.3880000114440918,0.3061000108718872
YOR305W,YOL019W,0,-3.243053,0.11246376484632492,0.3880000114440918,0.3061999976634979
YJR013W,YDL215C,0,-3.2430735,0.11243117600679398,0.3880000114440918,0.30630001425743103
YKR090W,YKL054C,0,-3.2434373,0.11239860951900482,0.3880000114440918,0.30640000104904175
YMR168C,YBR156C,0,-3.243485,0.11236605793237686,0.3880000114440918,0.30649998784065247
YLR288C,YOL004W,1,-3.243607,0.11262304335832596,0.3889999985694885,0.30649998784065247
YBR114W,YEL011W,0,-3.24361,0.11259044706821442,0.3889999985694885,0.30660000443458557
YKR036C,YGR072W,0,-3.243647,0.11255787312984467,0.3889999985694885,0.3066999912261963
YLR226W,YKL027W,0,-3.2437449,0.11252531409263611,0.3889999985694885,0.3068000078201294
YCR037C,YOR030W,0,-3.2440515,0.11249276995658875,0.3889999985694885,0.3068999946117401
YMR153W,YGL247W,0,-3.2440977,0.11246024817228317,0.3889999985694885,0.3070000112056732
YMR131C,YJR042W,0,-3.2441087,0.11242774873971939,0.3889999985694885,0.30709999799728394
YGL170C,YLR192C,0,-3.244248,0.1123952642083168,0.3889999985694885,0.30720001459121704
YDR239C,YBR129C,0,-3.2443705,0.11236279457807541,0.3889999985694885,0.30730000138282776
YJR029W,YBR042C,0,-3.2444072,0.1123303472995758,0.3889999985694885,0.3073999881744385
YPL202C,YMR040W,0,-3.2445092,0.112297922372818,0.3889999985694885,0.3075000047683716
YMR250W,YGR122W,0,-3.244823,0.11226551234722137,0.3889999985694885,0.3075999915599823
YLR192C,YPL042C,0,-3.2448378,0.11223312467336655,0.3889999985694885,0.3077000081539154
YAL023C,YNL004W,0,-3.244978,0.11220075190067291,0.3889999985694885,0.3077999949455261
YJR029W,YGL083W,0,-3.24508,0.11216839402914047,0.3889999985694885,0.30790001153945923
YDL236W,YPR034W,1,-3.2454114,0.1124243289232254,0.38999998569488525,0.30790001153945923
YMR140W,YER052C,0,-3.2454934,0.11239193379878998,0.38999998569488525,0.30799999833106995
YBR060C,YMR075W,1,-3.2455835,0.1126476526260376,0.39100000262260437,0.30799999833106995
YPL006W,YCL039W,0,-3.2456264,0.112615205347538,0.39100000262260437,0.30809998512268066
YGR042W,YOR354C,0,-3.24573,0.11258278042078018,0.39100000262260437,0.30820000171661377
YHL016C,YLR425W,0,-3.24584,0.11255037784576416,0.39100000262260437,0.3082999885082245
YKL074C,YOR004W,0,-3.2462726,0.11251798272132874,0.39100000262260437,0.3084000051021576
YDR280W,YMR114C,0,-3.2465086,0.1124856173992157,0.39100000262260437,0.3084999918937683
YJR029W,YKL034W,0,-3.2467418,0.11245326697826385,0.39100000262260437,0.3086000084877014
YHR132C,YGL075C,0,-3.2470717,0.1124209314584732,0.39100000262260437,0.30869999527931213
YOL113W,YIL082W-A,0,-3.2472968,0.11238861829042435,0.39100000262260437,0.30880001187324524
YER171W,YKL206C,0,-3.2474232,0.11235632002353668,0.39100000262260437,0.30889999866485596
YDR310C,YDL236W,1,-3.247436,0.1126113161444664,0.3919999897480011,0.30889999866485596
YKL149C,YGL135W,0,-3.2475219,0.11257898062467575,0.3919999897480011,0.3089999854564667
YKL089W,YDR013W,0,-3.247715,0.1125466525554657,0.3919999897480011,0.3091000020503998
YIL077C,YNL090W,0,-3.247768,0.11251435428857803,0.3919999897480011,0.3091999888420105
YOL004W,YER161C,1,-3.2477942,0.11276900768280029,0.3930000066757202,0.3091999888420105
YBR055C,YGL241W,0,-3.2478824,0.11273665726184845,0.3930000066757202,0.3093000054359436
YOR377W,YKL222C,0,-3.247889,0.1127043291926384,0.3930000066757202,0.3093999922275543
YFR009W,YCR038C,0,-3.2479362,0.11267201602458954,0.3930000066757202,0.3095000088214874
YDR239C,YGR211W,0,-3.248167,0.11263972520828247,0.3930000066757202,0.30959999561309814
YHR101C,YNL163C,0,-3.2482529,0.1126074492931366,0.3930000066757202,0.30970001220703125
YMR013C,YFR040W,0,-3.2482781,0.11257519572973251,0.3930000066757202,0.30979999899864197
YMR208W,YLR126C,0,-3.248426,0.11254295706748962,0.3930000066757202,0.3098999857902527
YLR327C,YER167W,0,-3.2484546,0.11251073330640793,0.3930000066757202,0.3100000023841858
YJR026W,YFL031W,0,-3.248743,0.11247853189706802,0.3930000066757202,0.3100999891757965
YBR166C,YBR213W,0,-3.2487984,0.11244635283946991,0.3930000066757202,0.3102000057697296
YGL247W,YDR473C,0,-3.2488923,0.11241418868303299,0.3930000066757202,0.31029999256134033
YGR047C,YPR005C,0,-3.2489538,0.11238203942775726,0.3930000066757202,0.31040000915527344
YKL178C,YMR232W,0,-3.2491145,0.11234991252422333,0.3930000066757202,0.31049999594688416
YDR071C,YDR303C,1,-3.2491465,0.11260359734296799,0.39399999380111694,0.31049999594688416
YLR455W,YGL048C,0,-3.24921,0.11257142573595047,0.39399999380111694,0.31060001254081726
YHR025W,YKL063C,0,-3.249508,0.11253927648067474,0.39399999380111694,0.310699999332428
YHR060W,YER149C,0,-3.2496104,0.11250714212656021,0.39399999380111694,0.3107999861240387
YFL034C-B,YLR307W,0,-3.2498527,0.11247502267360687,0.39399999380111694,0.3109000027179718
YOL135C,YBL028C,0,-3.2499738,0.11244292557239532,0.39399999380111694,0.3109999895095825
YDR239C,YDR218C,0,-3.2502074,0.11241084337234497,0.39399999380111694,0.3111000061035156
YBR213W,YJL186W,0,-3.2502227,0.11237877607345581,0.39399999380111694,0.31119999289512634
YBL099W,YBR294W,0,-3.250712,0.11234673857688904,0.39399999380111694,0.31130000948905945
YGL131C,YEL016C,0,-3.25107,0.11231470853090286,0.39399999380111694,0.31139999628067017
YPL202C,YLR191W,0,-3.2511668,0.11228270083665848,0.39399999380111694,0.31150001287460327
YPL259C,YDR496C,0,-3.251236,0.11225071549415588,0.39399999380111694,0.311599999666214
YDL153C,YJL065C,1,-3.2514596,0.11250355839729309,0.39500001072883606,0.311599999666214
YGL212W,YOL109W,0,-3.2515469,0.11247152835130692,0.39500001072883606,0.3116999864578247
YAR009C,YBR294W,0,-3.251698,0.11243951320648193,0.39500001072883606,0.3118000030517578
YAR009C,YPL026C,0,-3.2517242,0.11240751296281815,0.39500001072883606,0.31189998984336853
YGL170C,YPR082C,0,-3.2517886,0.11237553507089615,0.39500001072883606,0.31200000643730164
YDR235W,YIL094C,0,-3.2518501,0.11234357208013535,0.39500001072883606,0.31209999322891235
YLR405W,YLR228C,0,-3.2523766,0.11231163144111633,0.39500001072883606,0.31220000982284546
YLR097C,YOR147W,0,-3.2525415,0.11227970570325851,0.39500001072883606,0.3122999966144562
YDL136W,YGR261C,0,-3.2525449,0.11224779486656189,0.39500001072883606,0.3124000132083893
YHR132C,YOL030W,0,-3.2525787,0.11221590638160706,0.39500001072883606,0.3125
YEL032W,YJL111W,0,-3.252914,0.11218404024839401,0.39500001072883606,0.3125999867916107
YPR165W,YOR304C-A,0,-3.25308,0.11215218901634216,0.39500001072883606,0.3127000033855438
YHL027W,YER157W,0,-3.2532668,0.11212035268545151,0.39500001072883606,0.31279999017715454
YNL182C,YER087C-B,0,-3.2533598,0.11208853870630264,0.39500001072883606,0.31290000677108765
YLR405W,YIL085C,0,-3.2533875,0.11205673962831497,0.39500001072883606,0.31299999356269836
YIL082W-A,YIL109C,0,-3.2541847,0.1120249554514885,0.39500001072883606,0.31310001015663147
YKL034W,YKL008C,0,-3.2541928,0.11199319362640381,0.39500001072883606,0.3131999969482422
YDR513W,YLR457C,0,-3.2543998,0.11196145415306091,0.39500001072883606,0.3133000135421753
YKL084W,YDL185W,0,-3.2544656,0.11192972213029861,0.39500001072883606,0.313400000333786
YKL160W,YLL002W,1,-3.2546291,0.11218130588531494,0.3959999978542328,0.313400000333786
YGR145W,YJR026W,0,-3.2548084,0.11214952915906906,0.3959999978542328,0.31349998712539673
YLR297W,YLL031C,0,-3.2549071,0.11211778223514557,0.3959999978542328,0.31360000371932983
YPR204W,YML067C,0,-3.2551584,0.11208604276180267,0.3959999978542328,0.31369999051094055
YEL042W,YPL042C,0,-3.255652,0.11205433309078217,0.3959999978542328,0.31380000710487366
YBR004C,YPL147W,0,-3.2557597,0.11202263087034225,0.3959999978542328,0.3138999938964844
YPL097W,YMR052W,0,-3.2558465,0.11199095100164413,0.3959999978542328,0.3140000104904175
YDR245W,YLR363C,0,-3.2558913,0.11195928603410721,0.3959999978542328,0.3140999972820282
YJL110C,YNR054C,0,-3.2560792,0.11192764341831207,0.3959999978542328,0.3142000138759613
YGL083W,YOL069W,0,-3.2562704,0.11189601570367813,0.3959999978542328,0.314300000667572
YNL154C,YJR112W,0,-3.2562718,0.11186441034078598,0.3959999978542328,0.31439998745918274
YBR017C,YMR050C,0,-3.256291,0.11183281242847443,0.3959999978542328,0.31450000405311584
YOR305W,YLR086W,0,-3.2576861,0.11180124431848526,0.3959999978542328,0.31459999084472656
YER148W,YJL029C,0,-3.2577353,0.11176968365907669,0.3959999978542328,0.31470000743865967
YHR169W,YML037C,0,-3.2577925,0.11173814535140991,0.3959999978542328,0.3147999942302704
YFL049W,YER161C,1,-3.2582269,0.11198871582746506,0.3970000147819519,0.3147999942302704
YMR168C,YOR087W,0,-3.2583709,0.1119571328163147,0.3970000147819519,0.3149000108242035
YKR090W,YJR158W,0,-3.2586222,0.11192557215690613,0.3970000147819519,0.3149999976158142
YNR047W,YDR532C,0,-3.2588592,0.11189402639865875,0.3970000147819519,0.3151000142097473
YLR368W,YPL259C,0,-3.2593207,0.11186249554157257,0.3970000147819519,0.31520000100135803
YHR085W,YNR032C-A,0,-3.2593932,0.11183098703622818,0.3970000147819519,0.31529998779296875
YNL287W,YER138C,0,-3.259439,0.11179949343204498,0.3970000147819519,0.31540000438690186
YDR418W,YIL073C,0,-3.2596884,0.11176801472902298,0.3970000147819519,0.3154999911785126
YHR008C,YMR210W,0,-3.259717,0.11173655837774277,0.3970000147819519,0.3156000077724457
YOR219C,YER118C,0,-3.2597184,0.11170512437820435,0.3970000147819519,0.3156999945640564
YGR240C,YIR009W,0,-3.2599092,0.11167369782924652,0.3970000147819519,0.3158000111579895
YIL073C,YPL147W,0,-3.259924,0.11164229363203049,0.3970000147819519,0.3158999979496002
YDL216C,YOL100W,0,-3.2599773,0.11161091178655624,0.3970000147819519,0.3160000145435333
YOL030W,YGR271W,0,-3.2600408,0.1115795373916626,0.3970000147819519,0.31610000133514404
YDR392W,YPL001W,1,-3.2600865,0.11182916909456253,0.39800000190734863,0.31610000133514404
YBR042C,YHR149C,0,-3.2601867,0.1117977499961853,0.39800000190734863,0.31619998812675476
YPR082C,YDR479C,0,-3.2604046,0.11176636070013046,0.39800000190734863,0.31630000472068787
YEL056W,YDR439W,1,-3.2604752,0.1120157241821289,0.39899998903274536,0.31630000472068787
YKR020W,YLR032W,0,-3.260479,0.11198428273200989,0.39899998903274536,0.3163999915122986
YOL004W,YLR321C,1,-3.2607832,0.11223344504833221,0.4000000059604645,0.3163999915122986
YPR070W,YPL121C,0,-3.2609386,0.11220196634531021,0.4000000059604645,0.3165000081062317
YER138C,YOR317W,0,-3.26097,0.1121705025434494,0.4000000059604645,0.3165999948978424
YKR076W,YBR019C,0,-3.261176,0.11213905364274979,0.4000000059604645,0.3167000114917755
YLR070C,YDR179C,0,-3.261322,0.11210761964321136,0.4000000059604645,0.31679999828338623
YDR239C,YOR377W,0,-3.2614708,0.11207621544599533,0.4000000059604645,0.31690001487731934
YGL153W,YMR210W,0,-3.26157,0.1120448186993599,0.4000000059604645,0.31700000166893005
YNL290W,YIL085C,0,-3.2617521,0.11201344430446625,0.4000000059604645,0.31709998846054077
YPL125W,YNL036W,0,-3.2617674,0.1119820848107338,0.4000000059604645,0.3172000050544739
YDL078C,YER138C,0,-3.261777,0.11195074021816254,0.4000000059604645,0.3172999918460846
YDR439W,YDR303C,1,-3.2618055,0.11219921708106995,0.4009999930858612,0.3172999918460846
YBR106W,YOL103W,0,-3.261848,0.1121678352355957,0.4009999930858612,0.3174000084400177
YER142C,YDL039C,0,-3.262023,0.11213646829128265,0.4009999930858612,0.3174999952316284
YGR270W,YGR038W,0,-3.2620783,0.1121051162481308,0.4009999930858612,0.3176000118255615
YOR026W,YGL095C,0,-3.2620907,0.11207378655672073,0.4009999930858612,0.31769999861717224
YAR009C,YOR206W,0,-3.2625518,0.11204247176647186,0.4009999930858612,0.31779998540878296
YPL248C,YOL069W,0,-3.2625542,0.11201117187738419,0.4009999930858612,0.31790000200271606
YDR310C,YJL127C,1,-3.2626982,0.112259142100811,0.4020000100135803,0.31790000200271606
YPL236C,YML115C,0,-3.262855,0.11222780495882034,0.4020000100135803,0.3179999887943268
YBR114W,YKL062W,0,-3.2629423,0.11219648271799088,0.4020000100135803,0.3181000053882599
YPR078C,YML126C,0,-3.262958,0.1121651753783226,0.4020000100135803,0.3181999921798706
YMR021C,YHR148W,0,-3.2630873,0.11213389039039612,0.4020000100135803,0.3183000087738037
YOR110W,YNL151C,0,-3.2631197,0.11210262030363083,0.4020000100135803,0.31839999556541443
YDR079C-A,YPR082C,0,-3.2631674,0.11207136511802673,0.4020000100135803,0.31850001215934753
YBL028C,YIR008C,0,-3.263348,0.11204013228416443,0.4020000100135803,0.31859999895095825
YHR053C,YLR301W,0,-3.2633882,0.11200891435146332,0.4020000100135803,0.31869998574256897
YDR421W,YFR044C,0,-3.263702,0.111977718770504,0.4020000100135803,0.3188000023365021
YER075C,YDL093W,0,-3.2639098,0.11194653064012527,0.4020000100135803,0.3188999891281128
YER138C,YGL249W,0,-3.263926,0.11191536486148834,0.4020000100135803,0.3190000057220459
YPR096C,YKL087C,0,-3.2642956,0.1118842214345932,0.4020000100135803,0.3190999925136566
YLR004C,YKL130C,0,-3.2646804,0.11185308545827866,0.4020000100135803,0.3192000091075897
YCR038C,YOL121C,0,-3.2647624,0.1118219718337059,0.4020000100135803,0.31929999589920044
YOR038C,YML069W,1,-3.2649903,0.11206896603107452,0.40299999713897705,0.31929999589920044
YOL008W,YOR144C,0,-3.2650423,0.11203780770301819,0.40299999713897705,0.31940001249313354
YJR109C,YMR232W,0,-3.2650595,0.11200667172670364,0.40299999713897705,0.31949999928474426
YDR519W,YPR078C,0,-3.2650766,0.11197555065155029,0.40299999713897705,0.319599986076355
YNL334C,YMR207C,0,-3.2651172,0.11194444447755814,0.40299999713897705,0.3197000026702881
YBR284W,YKL051W,0,-3.2651734,0.11191336065530777,0.40299999713897705,0.3197999894618988
YNL078W,YLR310C,0,-3.2652054,0.111882284283638,0.40299999713897705,0.3199000060558319
YGR034W,YKL005C,0,-3.2652273,0.11185123771429062,0.40299999713897705,0.3199999928474426
YJR048W,YCR092C,0,-3.2655492,0.11182019859552383,0.40299999713897705,0.32010000944137573
YIL084C,YJL065C,1,-3.2656813,0.11206657439470291,0.40400001406669617,0.32010000944137573
YHR036W,YOL152W,0,-3.265864,0.11203549802303314,0.40400001406669617,0.32019999623298645
YKL120W,YPL242C,0,-3.265934,0.11200443655252457,0.40400001406669617,0.32030001282691956
YER086W,YDR488C,0,-3.265935,0.11197338998317719,0.40400001406669617,0.3203999996185303
YPR016C,YLR188W,0,-3.2660418,0.1119423657655716,0.40400001406669617,0.320499986410141
YGL161C,YOL045W,0,-3.2661214,0.1119113564491272,0.40400001406669617,0.3206000030040741
YBR289W,YOR064C,1,-3.266211,0.11215730011463165,0.4050000011920929,0.3206000030040741
YNL334C,YNL038W,0,-3.2662807,0.11212624609470367,0.4050000011920929,0.3206999897956848
YJL029C,YDR473C,0,-3.2662988,0.11209521442651749,0.4050000011920929,0.3208000063896179
YLR182W,YCR038C,0,-3.2663202,0.11206419765949249,0.4050000011920929,0.32089999318122864
YNR039C,YPR055W,0,-3.266364,0.11203319579362869,0.4050000011920929,0.32100000977516174
YMR122W-A,YOR144C,0,-3.2663708,0.11200220882892609,0.4050000011920929,0.32109999656677246
YDL093W,YKL180W,0,-3.2664595,0.11197124421596527,0.4050000011920929,0.32120001316070557
YHL027W,YBR065C,0,-3.2665148,0.11194030195474625,0.4050000011920929,0.3212999999523163
YBR060C,YBL003C,1,-3.266539,0.11218568682670593,0.4059999883174896,0.3212999999523163
YOR243C,YNL004W,0,-3.266561,0.11215469241142273,0.4059999883174896,0.321399986743927
YGL094C,YGL203C,0,-3.2666764,0.11212372034788132,0.4059999883174896,0.3215000033378601
YOR110W,YNL134C,0,-3.2666955,0.1120927631855011,0.4059999883174896,0.3215999901294708
YOR079C,YCL008C,0,-3.2670612,0.11206182837486267,0.4059999883174896,0.32170000672340393
YGL170C,YDR479C,0,-3.2670984,0.11203090846538544,0.4059999883174896,0.32179999351501465
YNL258C,YDR421W,0,-3.267231,0.1120000034570694,0.4059999883174896,0.32190001010894775
YMR226C,YOL115W,0,-3.2673616,0.11196911334991455,0.4059999883174896,0.32199999690055847
YNL262W,YLR442C,1,-3.267374,0.11221395432949066,0.40700000524520874,0.32199999690055847
YLR258W,YGR240C,0,-3.2674484,0.11218301951885223,0.40700000524520874,0.3221000134944916
YLR327C,YLR035C,0,-3.2675424,0.1121521070599556,0.40700000524520874,0.3222000002861023
YDR239C,YKL197C,0,-3.2677956,0.11212120950222015,0.40700000524520874,0.322299987077713
YDL230W,YIL095W,0,-3.2679458,0.1120903342962265,0.40700000524520874,0.3224000036716461
YDR227W,YOL090W,1,-3.2679873,0.11233480274677277,0.40799999237060547,0.3224000036716461
YDL076C,YMR127C,1,-3.2681952,0.11257913708686829,0.4090000092983246,0.3224000036716461
YDR239C,YLR027C,0,-3.2682505,0.11254815757274628,0.4090000092983246,0.32249999046325684
YCR092C,YJR074W,0,-3.2683258,0.11251719295978546,0.4090000092983246,0.32260000705718994
YGR121C,YDR239C,0,-3.2684374,0.11248625069856644,0.4090000092983246,0.32269999384880066
YJR093C,YDR146C,0,-3.2684536,0.1124553233385086,0.4090000092983246,0.32280001044273376
YCR026C,YCL019W,0,-3.268701,0.11242441087961197,0.4090000092983246,0.3228999972343445
YAR009C,YOR084W,0,-3.268918,0.11239351332187653,0.4090000092983246,0.3230000138282776
YIL110W,YMR050C,0,-3.2690964,0.11236263811588287,0.4090000092983246,0.3231000006198883
YDR310C,YLR321C,1,-3.2691255,0.11260642856359482,0.4099999964237213,0.3231000006198883
YDR497C,YJR141W,0,-3.269165,0.11257550865411758,0.4099999964237213,0.323199987411499
YOR358W,YPL269W,0,-3.2692037,0.11254460364580154,0.4099999964237213,0.32330000400543213
YBR156C,YJL056C,0,-3.2697797,0.1125137209892273,0.4099999964237213,0.32339999079704285
YGL084C,YJR129C,0,-3.2698236,0.11248285323381424,0.4099999964237213,0.32350000739097595
YMR261C,YEL043W,0,-3.2699842,0.11245200037956238,0.4099999964237213,0.32359999418258667
YGL013C,YGL259W,0,-3.2700243,0.11242116987705231,0.4099999964237213,0.3237000107765198
YGR122W,YDR206W,0,-3.270259,0.11239035427570343,0.4099999964237213,0.3237999975681305
YLL038C,YBL058W,0,-3.2702646,0.11235955357551575,0.4099999964237213,0.3239000141620636
YDL184C,YBR284W,0,-3.270275,0.11232876777648926,0.4099999964237213,0.3240000009536743
YIL088C,YLR455W,0,-3.270328,0.11229799687862396,0.4099999964237213,0.32409998774528503
YOL164W,YDR005C,0,-3.2703748,0.11226724833250046,0.4099999964237213,0.32420000433921814
YOR091W,YJR093C,0,-3.2705212,0.11223651468753815,0.4099999964237213,0.32429999113082886
YPL236C,YGL135W,0,-3.2705903,0.11220580339431763,0.4099999964237213,0.32440000772476196
YAR007C,YMR114C,0,-3.2707005,0.1121750995516777,0.4099999964237213,0.3244999945163727
YNL258C,YHR101C,0,-3.2707677,0.11214441806077957,0.4099999964237213,0.3246000111103058
YOR171C,YDR532C,0,-3.2710094,0.11211375147104263,0.4099999964237213,0.3246999979019165
YKL011C,YLR467W,0,-3.27109,0.11208310723304749,0.4099999964237213,0.3248000144958496
YML069W,YLL002W,1,-3.271513,0.1123257726430893,0.41100001335144043,0.3248000144958496
YHR150W,YBL028C,0,-3.2716308,0.11229508370161057,0.41100001335144043,0.3249000012874603
YGR252W,YNL097C,1,-3.2716317,0.11253755539655685,0.41200000047683716,0.3249000012874603
YCR037C,YPR200C,0,-3.2717543,0.11250682920217514,0.41200000047683716,0.32499998807907104
YBL076C,YKL206C,0,-3.271945,0.11247611045837402,0.41200000047683716,0.32510000467300415
YKL213C,YNL004W,0,-3.2721076,0.1124454140663147,0.41200000047683716,0.32519999146461487
YCL008C,YMR314W,0,-3.2721877,0.11241473257541656,0.41200000047683716,0.325300008058548
YKR101W,YDL236W,1,-3.272276,0.1126568466424942,0.4129999876022339,0.325300008058548
YPL265W,YPL075W,0,-3.2722878,0.11262612789869308,0.4129999876022339,0.3253999948501587
YML109W,YOR123C,1,-3.2723422,0.1128680482506752,0.414000004529953,0.3253999948501587
YKL084W,YER167W,0,-3.2725186,0.1128372848033905,0.414000004529953,0.3255000114440918
YLR226W,YJR120W,0,-3.2725677,0.112806536257267,0.414000004529953,0.3255999982357025
YLR126C,YJL112W,0,-3.2725701,0.11277581006288528,0.414000004529953,0.3257000148296356
YLR425W,YKL134C,0,-3.2726045,0.11274509876966476,0.414000004529953,0.32580000162124634
YKL034W,YDL077C,0,-3.272694,0.11271440237760544,0.414000004529953,0.32589998841285706
YLR086W,YDR101C,0,-3.2727208,0.1126837208867073,0.414000004529953,0.32600000500679016
YKL130C,YBL058W,0,-3.2729735,0.11265306174755096,0.414000004529953,0.3260999917984009
YNL192W,YDR352W,0,-3.273201,0.11262241750955582,0.414000004529953,0.326200008392334
YNL273W,YOL019W,0,-3.273271,0.11259178817272186,0.414000004529953,0.3262999951839447
YLL055W,YPR174C,0,-3.2733564,0.1125611737370491,0.414000004529953,0.3264000117778778
YDR079W,YGL098W,0,-3.273539,0.11253058165311813,0.414000004529953,0.3264999985694885
YNR038W,YGL010W,0,-3.2736387,0.11249999701976776,0.414000004529953,0.32659998536109924
YGL203C,YGL127C,0,-3.2742472,0.11246943473815918,0.414000004529953,0.32670000195503235
YLR004C,YNL009W,0,-3.2742486,0.11243889480829239,0.414000004529953,0.32679998874664307
YDR109C,YNL329C,0,-3.2742958,0.1124083623290062,0.414000004529953,0.32690000534057617
YMR226C,YKR007W,0,-3.274468,0.11237785220146179,0.414000004529953,0.3269999921321869
YIL084C,YJL176C,1,-3.2744951,0.11261872202157974,0.41499999165534973,0.3269999921321869
YML037C,YLL062C,0,-3.2745085,0.11258817464113235,0.41499999165534973,0.32710000872612
YJR161C,YEL047C,0,-3.2746863,0.11255763471126556,0.41499999165534973,0.3271999955177307
YIL004C,YGL004C,0,-3.2747517,0.11252711713314056,0.41499999165534973,0.3273000121116638
YDR322C-A,YML067C,0,-3.2747698,0.11249661445617676,0.41499999165534973,0.32739999890327454
YIL084C,YPL001W,1,-3.2749324,0.11273712664842606,0.41600000858306885,0.32739999890327454
YDR306C,YPL049C,0,-3.2752476,0.11270658671855927,0.41600000858306885,0.32749998569488525
YMR195W,YMR052W,0,-3.2752843,0.11267605423927307,0.41600000858306885,0.32760000228881836
YDR488C,YER019C-A,0,-3.2753434,0.11264554411172867,0.41600000858306885,0.3276999890804291
YDR323C,YPL265W,0,-3.275374,0.11261504888534546,0.41600000858306885,0.3278000056743622
YNL192W,YLL032C,0,-3.275467,0.11258457601070404,0.41600000858306885,0.3278999924659729
YLL067C,YDL024C,0,-3.2759233,0.11255411058664322,0.41600000858306885,0.328000009059906
YLR361C,YJL053W,0,-3.2759404,0.11252366751432419,0.41600000858306885,0.3280999958515167
YNR038W,YGR166W,0,-3.276143,0.11249323934316635,0.41600000858306885,0.32820001244544983
YPL249C,YNR058W,0,-3.2763119,0.11246282607316971,0.41600000858306885,0.32829999923706055
YHR074W,YMR114C,0,-3.2764177,0.11243243515491486,0.41600000858306885,0.32839998602867126
YNL334C,YOR120W,0,-3.2764592,0.1124020516872406,0.41600000858306885,0.32850000262260437
YIL131C,YMR127C,1,-3.2766638,0.1126418188214302,0.4169999957084656,0.32850000262260437
YGL153W,YKL116C,0,-3.2771463,0.11261139810085297,0.4169999957084656,0.3285999894142151
YEL003W,YAR010C,0,-3.277182,0.11258099228143692,0.4169999957084656,0.3287000060081482
YDR418W,YIL067C,0,-3.2773962,0.11255060881376266,0.4169999957084656,0.3287999927997589
YGR034W,YDL013W,0,-3.277412,0.1125202402472496,0.4169999957084656,0.328900009393692
YDR393W,YCR008W,0,-3.27744,0.11248988658189774,0.4169999957084656,0.32899999618530273
YOR014W,YLR035C,0,-3.2775831,0.11245954781770706,0.4169999957084656,0.32910001277923584
YIL044C,YOL121C,0,-3.2776418,0.11242922395467758,0.4169999957084656,0.32919999957084656
YPR034W,YNL097C,1,-3.277658,0.1126684620976448,0.4180000126361847,0.32919999957084656
YJR022W,YIL096C,0,-3.277698,0.11263810098171234,0.4180000126361847,0.3292999863624573
YPL202C,YGL249W,0,-3.2777748,0.11260776221752167,0.4180000126361847,0.3294000029563904
YBR088C,YLL002W,1,-3.2779393,0.1128467544913292,0.4189999997615814,0.3294000029563904
YOL100W,YOR126C,0,-3.2783036,0.11281637102365494,0.4189999997615814,0.3294999897480011
YLR398C,YDL039C,0,-3.278356,0.11278600245714188,0.4189999997615814,0.3296000063419342
YCR017C,YER028C,0,-3.2784057,0.11275564879179001,0.4189999997615814,0.3296999931335449
YLL055W,YLR035C,0,-3.2784328,0.11272531747817993,0.4189999997615814,0.329800009727478
YAR009C,YDR141C,0,-3.2789507,0.11269499361515045,0.4189999997615814,0.32989999651908875
YLR268W,YGL144C,0,-3.2790537,0.11266469210386276,0.4189999997615814,0.33000001311302185
YER028C,YIL075C,0,-3.279141,0.11263440549373627,0.4189999997615814,0.33009999990463257
YAL022C,YBL076C,0,-3.2792,0.11260414123535156,0.4189999997615814,0.3301999866962433
YPR067W,YOR298W,0,-3.2793732,0.11257388442754745,0.4189999997615814,0.3303000032901764
YEL032W,YHR191C,0,-3.2796292,0.11254364997148514,0.4189999997615814,0.3303999900817871
YPL053C,YLR144C,0,-3.2797103,0.11251342296600342,0.4189999997615814,0.3305000066757202
YLL032C,YGR222W,0,-3.2797537,0.11248321831226349,0.4189999997615814,0.33059999346733093
YGL157W,YEL011W,0,-3.2798448,0.11245303601026535,0.4189999997615814,0.33070001006126404
YKL205W,YER087C-B,0,-3.2802687,0.11242286115884781,0.4189999997615814,0.33079999685287476
YBR015C,YBL036C,0,-3.2804012,0.11239270120859146,0.4189999997615814,0.33090001344680786
YPR096C,YPL097W,0,-3.2804627,0.1123625636100769,0.4189999997615814,0.3310000002384186
YIR009W,YDR194C,0,-3.280562,0.11233244091272354,0.4189999997615814,0.3310999870300293
YKL063C,YGL129C,0,-3.280725,0.11230233311653137,0.4189999997615814,0.3312000036239624
YPR134W,YHR067W,0,-3.2807817,0.1122722402215004,0.4189999997615814,0.3312999904155731
YBR289W,YHR119W,1,-3.281128,0.11251004785299301,0.41999998688697815,0.3312999904155731
YKL120W,YDL087C,0,-3.2811475,0.11247991770505905,0.41999998688697815,0.3314000070095062
YIL044C,YOR076C,0,-3.281299,0.11244980245828629,0.41999998688697815,0.33149999380111694
YPR070W,YDR264C,0,-3.2814522,0.11241970211267471,0.41999998688697815,0.33160001039505005
YDR235W,YPL031C,0,-3.2815442,0.11238961666822433,0.41999998688697815,0.33169999718666077
YAL023C,YHL015W,0,-3.2816687,0.11235955357551575,0.41999998688697815,0.33180001378059387
YBR012W-B,YJL094C,0,-3.2817745,0.11232949793338776,0.41999998688697815,0.3319000005722046
YBL037W,YMR172W,0,-3.2818327,0.11229946464300156,0.41999998688697815,0.3319999873638153
YJL127C,YGR252W,1,-3.2819238,0.11253675818443298,0.42100000381469727,0.3319999873638153
YDL217C,YDR460W,0,-3.2819667,0.1125066801905632,0.42100000381469727,0.3321000039577484
YMR114C,YDL003W,0,-3.2821712,0.11247662454843521,0.42100000381469727,0.33219999074935913
YMR261C,YAL010C,0,-3.2822652,0.11244658380746841,0.42100000381469727,0.33230000734329224
YBR186W,YGR270W,0,-3.2825193,0.11241655796766281,0.42100000381469727,0.33239999413490295
YDL147W,YER149C,0,-3.2825723,0.1123865470290184,0.42100000381469727,0.33250001072883606
YHR036W,YPR174C,0,-3.2825813,0.11235655099153519,0.42100000381469727,0.3325999975204468
YOL034W,YJL123C,0,-3.2826877,0.11232657730579376,0.42100000381469727,0.3327000141143799
YOL027C,YDR056C,0,-3.282992,0.11229661107063293,0.42100000381469727,0.3328000009059906
YJL012C-A,YHL015W,0,-3.2832685,0.1122666671872139,0.42100000381469727,0.3328999876976013
YOL076W,YGR188C,0,-3.283557,0.11223673820495605,0.42100000381469727,0.3330000042915344
YDR519W,YGR166W,0,-3.283671,0.1122068241238594,0.42100000381469727,0.33309999108314514
YDR512C,YCL057W,0,-3.283708,0.11217692494392395,0.42100000381469727,0.33320000767707825
YHR101C,YLR132C,0,-3.2837315,0.11214704066514969,0.42100000381469727,0.33329999446868896
YGL068W,YJR141W,0,-3.2838469,0.11211717873811722,0.42100000381469727,0.33340001106262207
YDR307W,YAR007C,0,-3.2838664,0.11208732426166534,0.42100000381469727,0.3334999978542328
YJL127C,YER169W,1,-3.283938,0.11232366412878036,0.421999990940094,0.3334999978542328
YPR034W,YDL076C,1,-3.2840629,0.11255986988544464,0.4230000078678131,0.3334999978542328
YCR087C-A,YNL134C,0,-3.2842593,0.1125299260020256,0.4230000078678131,0.3336000144481659
YGL100W,YDR194C,0,-3.284307,0.11249999701976776,0.4230000078678131,0.3337000012397766
YML109W,YDR303C,1,-3.2844505,0.11273597180843353,0.42399999499320984,0.3337000012397766
YDL122W,YOL052C-A,0,-3.2844548,0.1127060055732727,0.42399999499320984,0.33379998803138733
YIL017W,YLR268W,0,-3.2844844,0.11267605423927307,0.42399999499320984,0.33390000462532043
YBR143C,YNL252C,0,-3.2847276,0.11264611780643463,0.42399999499320984,0.33399999141693115
YHR179W,YCL016C,0,-3.2847924,0.11261620372533798,0.42399999499320984,0.33410000801086426
YLR061W,YLR455W,0,-3.2848296,0.11258629709482193,0.42399999499320984,0.334199994802475
YHR076W,YMR073C,0,-3.285057,0.11255641281604767,0.42399999499320984,0.3343000113964081
YGR144W,YKR024C,0,-3.2851667,0.112526535987854,0.42399999499320984,0.3343999981880188
YLR226W,YPL160W,0,-3.2851996,0.11249668151140213,0.42399999499320984,0.3345000147819519
YLR050C,YHR076W,0,-3.285246,0.11246684193611145,0.42399999499320984,0.3346000015735626
YKL017C,YJR109C,0,-3.2852578,0.11243701726198196,0.42399999499320984,0.33469998836517334
YKL027W,YOL122C,0,-3.285481,0.11240720748901367,0.42399999499320984,0.33480000495910645
YNL238W,YLL003W,0,-3.2855458,0.11237742006778717,0.42399999499320984,0.33489999175071716
YKL116C,YDR532C,0,-3.2858496,0.11234764009714127,0.42399999499320984,0.33500000834465027
YPL241C,YIL063C,0,-3.2858877,0.11231788247823715,0.42399999499320984,0.335099995136261
YIL155C,YDR473C,0,-3.2859883,0.11228813230991364,0.42399999499320984,0.3352000117301941
YDR512C,YLR301W,0,-3.2861276,0.11225840449333191,0.42399999499320984,0.3352999985218048
YDR306C,YLR079W,0,-3.2861395,0.11222869157791138,0.42399999499320984,0.3353999853134155
YPL106C,YGR158C,0,-3.2863588,0.11219899356365204,0.42399999499320984,0.33550000190734863
YHR076W,YBR182C,0,-3.2863908,0.1121693104505539,0.42399999499320984,0.33559998869895935
YGR260W,YNL238W,0,-3.286707,0.11213964223861694,0.42399999499320984,0.33570000529289246
YBR019C,YAL005C,0,-3.2868385,0.11210999637842178,0.42399999499320984,0.3357999920845032
YOR281C,YDL101C,0,-3.2870078,0.11208035796880722,0.42399999499320984,0.3359000086784363
YNL088W,YDR303C,1,-3.2872033,0.11231501400470734,0.42500001192092896,0.3359000086784363
YLR105C,YJL035C,0,-3.2872143,0.11228533834218979,0.42500001192092896,0.335999995470047
YIL067C,YML078W,0,-3.287366,0.11225567758083344,0.42500001192092896,0.3361000120639801
YJR144W,YBL074C,0,-3.2874465,0.11222603917121887,0.42500001192092896,0.3361999988555908
YKR019C,YDR303C,1,-3.2876277,0.11246040463447571,0.4259999990463257,0.3361999988555908
YKL126W,YPR094W,0,-3.2880116,0.11243072152137756,0.4259999990463257,0.33629998564720154
YBR035C,YMR114C,0,-3.288062,0.11240105330944061,0.4259999990463257,0.33640000224113464
YDL236W,YBR215W,1,-3.2880778,0.11263518780469894,0.4269999861717224,0.33640000224113464
YGL038C,YLR425W,0,-3.288134,0.11260548233985901,0.4269999861717224,0.33649998903274536
YKR020W,YLR330W,0,-3.2881494,0.11257579922676086,0.4269999861717224,0.33660000562667847
YGR042W,YER149C,0,-3.2882614,0.11254612356424332,0.4269999861717224,0.3366999924182892
YOR171C,YNR039C,0,-3.2882729,0.11251647025346756,0.4269999861717224,0.3368000090122223
YDR469W,YNL262W,1,-3.2883496,0.11275026202201843,0.42800000309944153,0.3368000090122223
YOL064C,YLR086W,0,-3.2884083,0.11272057145833969,0.42800000309944153,0.336899995803833
YML065W,YIL131C,1,-3.2884264,0.11295418441295624,0.42899999022483826,0.336899995803833
YAL041W,YGR145W,0,-3.2886295,0.11292445659637451,0.42899999022483826,0.3370000123977661
YNL083W,YNL092W,0,-3.2886987,0.11289473623037338,0.42899999022483826,0.33709999918937683
YDR017C,YLR411W,0,-3.2889824,0.11286503821611404,0.42899999022483826,0.33719998598098755
YGR220C,YLR457C,0,-3.2890663,0.1128353476524353,0.42899999022483826,0.33730000257492065
YLR015W,YMR127C,1,-3.289163,0.11306863278150558,0.4300000071525574,0.33730000257492065
YKR024C,YGL144C,0,-3.2892919,0.11303890496492386,0.4300000071525574,0.33739998936653137
YGR222W,YNL282W,0,-3.2894473,0.11300919950008392,0.4300000071525574,0.3375000059604645
YER014W,YER142C,0,-3.289989,0.11297950893640518,0.4300000071525574,0.3375999927520752
YKL012W,YNL092W,0,-3.2900825,0.11294982582330704,0.4300000071525574,0.3377000093460083
YGR122W,YDR411C,0,-3.2901373,0.11292016506195068,0.4300000071525574,0.337799996137619
YHL035C,YOR125C,0,-3.290173,0.11289051920175552,0.4300000071525574,0.3379000127315521
YLR074C,YML126C,0,-3.2901788,0.11286089569330215,0.4300000071525574,0.33799999952316284
YER138C,YBL079W,0,-3.2902002,0.11283127963542938,0.4300000071525574,0.33809998631477356
YOR261C,YHL016C,0,-3.2902489,0.1128016784787178,0.4300000071525574,0.33820000290870667
YBR114W,YKR090W,0,-3.290567,0.11277209222316742,0.4300000071525574,0.3382999897003174
YER161C,YOL090W,1,-3.2906184,0.11300472170114517,0.4309999942779541,0.3382999897003174
YBR271W,YGR211W,0,-3.2908306,0.1129750981926918,0.4309999942779541,0.3384000062942505
YJL008C,YML093W,0,-3.2908597,0.11294548958539963,0.4309999942779541,0.3384999930858612
YCL045C,YOR084W,0,-3.2910023,0.11291590332984924,0.4309999942779541,0.3386000096797943
YPL241C,YLR109W,0,-3.291244,0.11288632452487946,0.4309999942779541,0.33869999647140503
YDR026C,YOR357C,0,-3.291709,0.11285676807165146,0.4309999942779541,0.33880001306533813
YLR039C,YDR272W,0,-3.2917237,0.11282722651958466,0.4309999942779541,0.33889999985694885
YER074W-A,YHR068W,0,-3.2918959,0.11279769986867905,0.4309999942779541,0.33899998664855957
YLR455W,YER149C,0,-3.2919807,0.11276818066835403,0.4309999942779541,0.3391000032424927
YGL170C,YFR025C,0,-3.2920203,0.11273868381977081,0.4309999942779541,0.3391999900341034
YOR038C,YDR392W,1,-3.2921615,0.11297070980072021,0.4320000112056732,0.3391999900341034
YML047C,YKL011C,0,-3.2923512,0.11294117569923401,0.4320000112056732,0.3393000066280365
YGR222W,YMR232W,0,-3.292385,0.112911656498909,0.4320000112056732,0.3393999934196472
YOR079C,YER131W,0,-3.2926493,0.11288215219974518,0.4320000112056732,0.3395000100135803
YDR472W,YAL055W,0,-3.2927608,0.11285266280174255,0.4320000112056732,0.33959999680519104
YOR243C,YLR427W,0,-3.2930508,0.11282318830490112,0.4320000112056732,0.33970001339912415
YNL083W,YGL232W,0,-3.293088,0.11279373615980148,0.4320000112056732,0.33980000019073486
YMR223W,YGR004W,0,-3.29314,0.11276429146528244,0.4320000112056732,0.3398999869823456
YOR028C,YJL047C,0,-3.2931576,0.11273486167192459,0.4320000112056732,0.3400000035762787
YML005W,YGL097W,0,-3.2931623,0.11270545423030853,0.4320000112056732,0.3400999903678894
YOR171C,YPR190C,0,-3.2932053,0.11267605423927307,0.4320000112056732,0.3402000069618225
YNL038W,YML037C,0,-3.29326,0.1126466765999794,0.4320000112056732,0.3402999937534332
YNL182C,YLL067C,0,-3.293365,0.11261730641126633,0.4320000112056732,0.34040001034736633
YDR141C,YNL115C,0,-3.2934608,0.11258795857429504,0.4320000112056732,0.34049999713897705
YER176W,YKL059C,0,-3.2935066,0.11255862563848495,0.4320000112056732,0.34060001373291016
YOR148C,YCL019W,0,-3.2935505,0.11252930760383606,0.4320000112056732,0.3407000005245209
YJL124C,YGL247W,0,-3.293652,0.11249999701976776,0.4320000112056732,0.3407999873161316
YBL072C,YLR045C,0,-3.293807,0.11247070878744125,0.4320000112056732,0.3409000039100647
YDR518W,YPL075W,0,-3.2938643,0.11244143545627594,0.4320000112056732,0.3409999907016754
YOR250C,YDR001C,0,-3.293909,0.11241217702627182,0.4320000112056732,0.3411000072956085
YKR101W,YOR038C,1,-3.2939563,0.11264307796955109,0.43299999833106995,0.3411000072956085
YFR009W,YLR275W,0,-3.2940512,0.11261378228664398,0.43299999833106995,0.34119999408721924
YLR297W,YOR128C,0,-3.2941551,0.11258450150489807,0.43299999833106995,0.34130001068115234
YGR119C,YNL282W,0,-3.2946343,0.11255523562431335,0.43299999833106995,0.34139999747276306
YPR052C,YPL001W,1,-3.294816,0.11278586089611053,0.4339999854564667,0.34139999747276306
YOR202W,YJL029C,0,-3.294816,0.11275655776262283,0.4339999854564667,0.34150001406669617
YCR008W,YBR022W,0,-3.2948651,0.11272726953029633,0.4339999854564667,0.3416000008583069
YJL090C,YKL134C,0,-3.2949653,0.11269800364971161,0.4339999854564667,0.3416999876499176
YCR003W,YBR213W,0,-3.2950425,0.11266874521970749,0.4339999854564667,0.3418000042438507
YJR127C,YMR114C,0,-3.2951875,0.11263950169086456,0.4339999854564667,0.3418999910354614
YJR022W,YDR522C,0,-3.2952275,0.11261027306318283,0.4339999854564667,0.34200000762939453
YNL317W,YER149C,0,-3.2952538,0.11258106678724289,0.4339999854564667,0.34209999442100525
YMR131C,YLR126C,0,-3.2954822,0.11255186796188354,0.4339999854564667,0.34220001101493835
YNR054C,YKL063C,0,-3.2955709,0.1125226840376854,0.4339999854564667,0.3422999978065491
YGR286C,YLR301W,0,-3.2957306,0.11249352246522903,0.4339999854564667,0.3424000144004822
YLR102C,YJR137C,0,-3.2958198,0.11246436834335327,0.4339999854564667,0.3425000011920929
YNL261W,YHR119W,1,-3.2959394,0.11269430071115494,0.4350000023841858,0.3425000011920929
YDR140W,YCL027W,0,-3.2959414,0.11266510933637619,0.4350000023841858,0.3425999879837036
YKL160W,YDL076C,1,-3.2962608,0.11289487034082413,0.4359999895095825,0.3425999879837036
YIL084C,YBR060C,1,-3.2963629,0.11312451213598251,0.43700000643730164,0.3425999879837036
YGL241W,YKL206C,0,-3.2966046,0.1130952388048172,0.43700000643730164,0.3427000045776367
YHR076W,YKL145W,0,-3.296606,0.11306598037481308,0.43700000643730164,0.34279999136924744
YGR119C,YOR125C,0,-3.296855,0.11303672939538956,0.43700000643730164,0.34290000796318054
YLR027C,YLL032C,0,-3.2970462,0.11300750076770782,0.43700000643730164,0.34299999475479126
YKL084W,YGL131C,0,-3.297059,0.11297828704118729,0.43700000643730164,0.34310001134872437
YKL077W,YER129W,0,-3.2972193,0.11294908076524734,0.43700000643730164,0.3431999981403351
YLR452C,YOR298W,0,-3.2974138,0.1129198968410492,0.43700000643730164,0.3433000147342682
YGR038W,YOR150W,0,-3.2974286,0.11289072781801224,0.43700000643730164,0.3434000015258789
YCR087C-A,YJR109C,0,-3.2975945,0.11286157369613647,0.43700000643730164,0.3434999883174896
YOL008W,YMR052W,0,-3.297645,0.11283242702484131,0.43700000643730164,0.34360000491142273
YDR224C,YMR127C,1,-3.297801,0.11306143552064896,0.43799999356269836,0.34360000491142273
YER142C,YEL032W,0,-3.2980337,0.1130322590470314,0.43799999356269836,0.34369999170303345
YGL014W,YBL003C,1,-3.2983222,0.11326109617948532,0.4390000104904175,0.34369999170303345
YLL015W,YNR047W,0,-3.2985263,0.11323188245296478,0.4390000104904175,0.34380000829696655
YML047C,YLR013W,0,-3.298658,0.11320268362760544,0.4390000104904175,0.34389999508857727
YPL202C,YIL088C,0,-3.298777,0.11317349970340729,0.4390000104904175,0.3440000116825104
YKL035W,YAR010C,0,-3.2988124,0.11314433068037033,0.4390000104904175,0.3440999984741211
YBR055C,YLR297W,0,-3.2988772,0.11311517655849457,0.4390000104904175,0.3441999852657318
YJR042W,YOL027C,0,-3.2990708,0.11308603733778,0.4390000104904175,0.3443000018596649
YPL124W,YLR191W,0,-3.2991352,0.11305691301822662,0.4390000104904175,0.34439998865127563
YFL013C,YLL002W,1,-3.2992778,0.11328527331352234,0.4399999976158142,0.34439998865127563
YKL171W,YER075C,0,-3.2996511,0.11325611174106598,0.4399999976158142,0.34450000524520874
YKL017C,YNL145W,0,-3.2997155,0.11322696506977081,0.4399999976158142,0.34459999203681946
YGR122W,YLR432W,0,-3.299779,0.11319784075021744,0.4399999976158142,0.34470000863075256
YHR146W,YGR287C,0,-3.299828,0.11316872388124466,0.4399999976158142,0.3447999954223633
YER149C,YBR129C,0,-3.29992,0.11313962191343307,0.4399999976158142,0.3449000120162964
YNL271C,YKL054C,0,-3.3001566,0.11311054229736328,0.4399999976158142,0.3449999988079071
YGR121C,YER138C,0,-3.30023,0.11308147013187408,0.4399999976158142,0.3450999855995178
YLR145W,YNL213C,0,-3.3002515,0.11305241286754608,0.4399999976158142,0.3452000021934509
YJL110C,YIL168W,0,-3.300264,0.11302337795495987,0.4399999976158142,0.34529998898506165
YKL075C,YPL160W,0,-3.3003502,0.11299435049295425,0.4399999976158142,0.34540000557899475
YDL087C,YDR040C,0,-3.3004327,0.11296533793210983,0.4399999976158142,0.34549999237060547
YKR030W,YLR086W,0,-3.3016143,0.1129363477230072,0.4399999976158142,0.3456000089645386
YEL003W,YBR129C,0,-3.3016257,0.11290736496448517,0.4399999976158142,0.3456999957561493
YDR026C,YKL089W,0,-3.3016586,0.11287839710712433,0.4399999976158142,0.3458000123500824
YLR226W,YBR017C,0,-3.3019457,0.11284945160150528,0.4399999976158142,0.3458999991416931
YOR285W,YBR022W,0,-3.302259,0.11282051354646683,0.4399999976158142,0.34599998593330383
YMR230W,YPR165W,0,-3.3023186,0.11279159039258957,0.4399999976158142,0.34610000252723694
YHR076W,YPR204W,0,-3.3025293,0.1127626821398735,0.4399999976158142,0.34619998931884766
YAR009C,YBL079W,0,-3.3028083,0.11273379623889923,0.4399999976158142,0.34630000591278076
YPL188W,YPL121C,0,-3.3029594,0.11270491778850555,0.4399999976158142,0.3463999927043915
YOL165C,YLR040C,0,-3.3033934,0.11267605423927307,0.4399999976158142,0.3465000092983246
YAL043C,YDR280W,0,-3.303453,0.11264721304178238,0.4399999976158142,0.3465999960899353
YDL133C-A,YGL075C,0,-3.303516,0.11261837929487228,0.4399999976158142,0.3467000126838684
YOR287C,YOL011W,0,-3.3035312,0.11258956044912338,0.4399999976158142,0.3467999994754791
YKL178C,YIL073C,0,-3.303668,0.11256075650453568,0.4399999976158142,0.34689998626708984
YNL070W,YKL134C,0,-3.3037949,0.11253196746110916,0.4399999976158142,0.34700000286102295
YHR150W,YOR147W,0,-3.303841,0.11250319331884384,0.4399999976158142,0.34709998965263367
YKL070W,YOR256C,0,-3.3040352,0.11247443407773972,0.4399999976158142,0.3472000062465668
YDR497C,YMR050C,0,-3.3043675,0.11244569718837738,0.4399999976158142,0.3472999930381775
YER142C,YNL272C,0,-3.3043828,0.11241696774959564,0.4399999976158142,0.3474000096321106
YAR033W,YNL067W,0,-3.3043885,0.1123882532119751,0.4399999976158142,0.3474999964237213
YLR022C,YNL213C,0,-3.304659,0.11235955357551575,0.4399999976158142,0.3476000130176544
YDR325W,YML001W,0,-3.3047695,0.11233086884021759,0.4399999976158142,0.34769999980926514
YOR202W,YDL077C,0,-3.30479,0.11230219155550003,0.4399999976158142,0.34779998660087585
YIL034C,YPR174C,0,-3.3048482,0.11227353662252426,0.4399999976158142,0.34790000319480896
YLR398C,YKR087C,0,-3.3050642,0.11224489659070969,0.4399999976158142,0.3479999899864197
YBR261C,YNL271C,0,-3.3051076,0.1122162714600563,0.4399999976158142,0.3481000065803528
YDR469W,YDR224C,1,-3.3054237,0.11244263499975204,0.4410000145435333,0.3481000065803528
YOL008W,YJR137C,0,-3.3055267,0.11241397261619568,0.4410000145435333,0.3481999933719635
YAR009C,YGR076C,0,-3.3056479,0.11238531768321991,0.4410000145435333,0.3483000099658966
YJL146W,YMR077C,0,-3.305767,0.11235668510198593,0.4410000145435333,0.3483999967575073
YNL207W,YER087C-B,0,-3.305798,0.11232806742191315,0.4410000145435333,0.34850001335144043
YLR029C,YIL038C,0,-3.3060598,0.11229946464300156,0.4410000145435333,0.34860000014305115
YJR048W,YOL008W,0,-3.3061237,0.11227087676525116,0.4410000145435333,0.34869998693466187
YNL083W,YML018C,0,-3.30616,0.11224230378866196,0.4410000145435333,0.34880000352859497
YOL148C,YOR038C,1,-3.3063107,0.1124681904911995,0.44200000166893005,0.34880000352859497
YJL065C,YLR321C,1,-3.3063412,0.11269397288560867,0.4429999887943268,0.34880000352859497
YDR109C,YEL026W,0,-3.306377,0.11266531050205231,0.4429999887943268,0.3488999903202057
YJL127C,YMR022W,1,-3.306755,0.11289092153310776,0.4440000057220459,0.3488999903202057
YOR028C,YKR030W,0,-3.306872,0.112862229347229,0.4440000057220459,0.3490000069141388
YNL334C,YDL201W,0,-3.3073802,0.11283354461193085,0.4440000057220459,0.3490999937057495
YLR182W,YBR274W,0,-3.3073874,0.11280487477779388,0.4440000057220459,0.3492000102996826
YIL168W,YEL018W,0,-3.3074074,0.11277622729539871,0.4440000057220459,0.34929999709129333
YLR368W,YJL029C,0,-3.3076444,0.11274758726358414,0.4440000057220459,0.34940001368522644
YKL011C,YGR038W,0,-3.3079386,0.11271896213293076,0.4440000057220459,0.34950000047683716
YLR145W,YKL132C,0,-3.307973,0.11269035190343857,0.4440000057220459,0.3495999872684479
YJL140W,YLR368W,0,-3.3081193,0.11266176402568817,0.4440000057220459,0.349700003862381
YKL032C,YJL056C,0,-3.308127,0.11263318359851837,0.4440000057220459,0.3497999906539917
YDR109C,YDR099W,0,-3.3083534,0.11260461807250977,0.4440000057220459,0.3499000072479248
YGR217W,YMR140W,0,-3.3083634,0.11257606744766235,0.4440000057220459,0.3499999940395355
YHR068W,YNL213C,0,-3.3083744,0.11254753172397614,0.4440000057220459,0.35010001063346863
YML069W,YJL115W,1,-3.3083801,0.11277242749929428,0.4449999928474426,0.35010001063346863
YEL037C,YJL170C,0,-3.3086324,0.11274385452270508,0.4449999928474426,0.35019999742507935
YIL048W,YNL116W,0,-3.3087382,0.11271529644727707,0.4449999928474426,0.35030001401901245
YGL170C,YDR449C,0,-3.3088284,0.11268675327301025,0.4449999928474426,0.35040000081062317
YLR103C,YNL090W,0,-3.3088517,0.11265822499990463,0.4449999928474426,0.3504999876022339
YNR060W,YOR250C,0,-3.309105,0.1126297116279602,0.4449999928474426,0.350600004196167
YLR022C,YEL032W,0,-3.309177,0.11260121315717697,0.4449999928474426,0.3506999909877777
YDL231C,YOR113W,0,-3.3092403,0.11257272958755493,0.4449999928474426,0.3508000075817108
YNL261W,YMR075W,1,-3.3094244,0.11279717087745667,0.44600000977516174,0.3508000075817108
YLL067C,YIL149C,0,-3.3096933,0.11276865005493164,0.44600000977516174,0.35089999437332153
YNL273W,YOR305W,0,-3.309709,0.11274014413356781,0.44600000977516174,0.35100001096725464
YBR265W,YGL238W,0,-3.3097382,0.11271165311336517,0.44600000977516174,0.35109999775886536
YLR145W,YCR011C,0,-3.309812,0.11268317699432373,0.44600000977516174,0.35120001435279846
YPL033C,YEL011W,0,-3.3102708,0.11265470832586288,0.44600000977516174,0.3513000011444092
YGR076C,YJL082W,0,-3.3102937,0.11262626200914383,0.44600000977516174,0.3513999879360199
YLR079W,YHL016C,0,-3.310391,0.11259783059358597,0.44600000977516174,0.351500004529953
YMR261C,YNL126W,0,-3.3104463,0.1125694066286087,0.44600000977516174,0.3515999913215637
YHR074W,YDR513W,0,-3.3105578,0.11254100501537323,0.44600000977516174,0.3517000079154968
YFR015C,YBR022W,0,-3.310975,0.11251261085271835,0.44600000977516174,0.35179999470710754
YOR030W,YHL047C,0,-3.3109913,0.11248423904180527,0.44600000977516174,0.35190001130104065
YDR227W,YLR015W,1,-3.3111129,0.11270801723003387,0.44699999690055847,0.35190001130104065
YLL032C,YHR026W,0,-3.311121,0.1126796081662178,0.44699999690055847,0.35199999809265137
YPR070W,YBL091C,0,-3.3113484,0.11265120655298233,0.44699999690055847,0.3521000146865845
YDL067C,YDR264C,0,-3.3114471,0.11262282729148865,0.44699999690055847,0.3522000014781952
YNL177C,YNL271C,0,-3.3115468,0.11259445548057556,0.44699999690055847,0.3522999882698059
YNR038W,YKL084W,0,-3.3116841,0.11256610602140427,0.44699999690055847,0.352400004863739
YJL094C,YOL091W,0,-3.3117619,0.11253776401281357,0.44699999690055847,0.35249999165534973
YNL083W,YOR148C,0,-3.3117933,0.11250943690538406,0.44699999690055847,0.35260000824928284
YFR040W,YOL122C,0,-3.3118286,0.11248112469911575,0.44699999690055847,0.35269999504089355
YBL079W,YGR078C,0,-3.312615,0.11245282739400864,0.44699999690055847,0.35280001163482666
YJL110C,YLR455W,0,-3.3127007,0.11242454499006271,0.44699999690055847,0.3528999984264374
YGL027C,YGL206C,0,-3.3128152,0.11239627748727798,0.44699999690055847,0.3529999852180481
YMR304W,YKL063C,0,-3.312831,0.11236802488565445,0.44699999690055847,0.3531000018119812
YBR095C,YLR449W,1,-3.3128881,0.11259110271930695,0.4480000138282776,0.3531000018119812
YKL070W,YDR194C,0,-3.3128953,0.11256281286478043,0.4480000138282776,0.3531999886035919
YBR189W,YLR330W,0,-3.3129349,0.1125345379114151,0.4480000138282776,0.353300005197525
YPR070W,YKL190W,0,-3.312951,0.11250627785921097,0.4480000138282776,0.35339999198913574
YDR518W,YPL090C,0,-3.3131328,0.11247803270816803,0.4480000138282776,0.35350000858306885
YLR126C,YBR002C,0,-3.3133216,0.11244980245828629,0.4480000138282776,0.35359999537467957
YBR271W,YAL055W,0,-3.3135338,0.11242157965898514,0.4480000138282776,0.35370001196861267
YBR201W,YMR173W,0,-3.313796,0.11239337921142578,0.4480000138282776,0.3537999987602234
YMR052W,YIL097W,0,-3.3139658,0.11236518621444702,0.4480000138282776,0.3538999855518341
YKL010C,YLR238W,0,-3.314025,0.11233700811862946,0.4480000138282776,0.3540000021457672
YMR043W,YGR145W,0,-3.314137,0.11230885237455368,0.4480000138282776,0.35409998893737793
YLR079W,YLR457C,0,-3.3141541,0.1122807040810585,0.4480000138282776,0.35420000553131104
YBR213W,YBR042C,0,-3.314211,0.11225257068872452,0.4480000138282776,0.35429999232292175
YLL032C,YGL053W,0,-3.3143358,0.11222445219755173,0.4480000138282776,0.35440000891685486
YLR045C,YJR006W,0,-3.3145323,0.11219634115695953,0.4480000138282776,0.3544999957084656
YPR049C,YMR021C,0,-3.3147845,0.11216825246810913,0.4480000138282776,0.3546000123023987
YNL081C,YPR005C,0,-3.315055,0.11214017868041992,0.4480000138282776,0.3546999990940094
YNL334C,YHR021C,0,-3.315219,0.11211211234331131,0.4480000138282776,0.3547999858856201
YKL024C,YGR260W,0,-3.315308,0.11208406090736389,0.4480000138282776,0.3549000024795532
YOL064C,YOL121C,0,-3.3154173,0.11205602437257767,0.4480000138282776,0.35499998927116394
YMR232W,YLR132C,0,-3.3154845,0.11202801018953323,0.4480000138282776,0.35510000586509705
YER155C,YPR096C,0,-3.3157482,0.1120000034570694,0.4480000138282776,0.35519999265670776
YDR512C,YIL016W,0,-3.3159528,0.11197200417518616,0.4480000138282776,0.35530000925064087
YMR072W,YNL134C,0,-3.316216,0.11194402724504471,0.4480000138282776,0.3553999960422516
YNR039C,YNL094W,0,-3.3162923,0.11191606521606445,0.4480000138282776,0.3555000126361847
YLR074C,YLR040C,0,-3.3164644,0.1118881106376648,0.4480000138282776,0.3555999994277954
YFL031W,YKL086W,0,-3.3165445,0.11186017841100693,0.4480000138282776,0.35569998621940613
YNL070W,YDR186C,0,-3.3165588,0.11183225363492966,0.4480000138282776,0.35580000281333923
YDL087C,YER157W,0,-3.3167868,0.11180434376001358,0.4480000138282776,0.35589998960494995
YIL084C,YLR015W,1,-3.3169017,0.11202594637870789,0.4490000009536743,0.35589998960494995
YIL084C,YDR439W,1,-3.3169117,0.11224744468927383,0.44999998807907104,0.35589998960494995
YPL006W,YLR427W,0,-3.3169203,0.11221945285797119,0.44999998807907104,0.35600000619888306
YKL074C,YGL092W,0,-3.3169427,0.11219147592782974,0.44999998807907104,0.3560999929904938
YNL062C,YIL073C,0,-3.3169427,0.11216350644826889,0.44999998807907104,0.3562000095844269
YBR048W,YGR217W,0,-3.316968,0.11213555932044983,0.44999998807907104,0.3562999963760376
YKR020W,YJR033C,0,-3.3171253,0.11210761964321136,0.44999998807907104,0.3564000129699707
YDL142C,YIL095W,0,-3.3171883,0.11207970231771469,0.44999998807907104,0.3564999997615814
YGL013C,YMR040W,0,-3.3172297,0.11205179244279861,0.44999998807907104,0.35659998655319214
YJR158W,YKL222C,0,-3.3172603,0.11202389746904373,0.44999998807907104,0.35670000314712524
YJL183W,YEL037C,0,-3.3174562,0.11199601739645004,0.44999998807907104,0.35679998993873596
YKL217W,YPL202C,0,-3.317721,0.11196815222501755,0.44999998807907104,0.35690000653266907
YCR010C,YOL143C,0,-3.317727,0.11194030195474625,0.44999998807907104,0.3569999933242798
YOR304W,YHR119W,1,-3.317802,0.11216115206480026,0.45100000500679016,0.3569999933242798
YLL002W,YDR303C,1,-3.3178616,0.11238189786672592,0.4519999921321869,0.3569999933242798
YDL142C,YMR180C,0,-3.318029,0.11235396564006805,0.4519999921321869,0.3571000099182129
YLR381W,YDL217C,0,-3.3180494,0.11232604086399078,0.4519999921321869,0.3571999967098236
YDR109C,YNL069C,0,-3.3180537,0.1122981384396553,0.4519999921321869,0.3573000133037567
YGR072W,YLR297W,0,-3.3181667,0.11227024346590042,0.4519999921321869,0.35740000009536743
YOR113W,YBR015C,0,-3.3182044,0.11224236339330673,0.4519999921321869,0.35749998688697815
YLR032W,YIL017W,0,-3.3182578,0.11221449822187424,0.4519999921321869,0.35760000348091125
YCR047C,YOR355W,0,-3.3183746,0.11218664795160294,0.4519999921321869,0.357699990272522
YGR007W,YJR120W,0,-3.3187013,0.11215881258249283,0.4519999921321869,0.3578000068664551
YLL015W,YOL082W,0,-3.318736,0.11213098466396332,0.4519999921321869,0.3578999936580658
YNR047W,YGL048C,0,-3.3189993,0.112103171646595,0.4519999921321869,0.3580000102519989
YOR079C,YNL163C,0,-3.319055,0.11207538098096848,0.4519999921321869,0.3580999970436096
YMR168C,YJR026W,0,-3.3192053,0.11204759776592255,0.4519999921321869,0.3582000136375427
YML074C,YDL080C,0,-3.3192549,0.11201982945203781,0.4519999921321869,0.35830000042915344
YER133W,YGL066W,1,-3.3195243,0.11223984509706497,0.453000009059906,0.35830000042915344
YDR227W,YJL127C,1,-3.3195305,0.11245974898338318,0.45399999618530273,0.35830000042915344
YPL026C,YAR010C,0,-3.319816,0.11243189871311188,0.45399999618530273,0.35839998722076416
YBR155W,YNL009W,0,-3.3199177,0.11240406334400177,0.45399999618530273,0.35850000381469727
YEL021W,YKL116C,0,-3.3200326,0.11237623542547226,0.45399999618530273,0.358599990606308
YLR324W,YJR052W,0,-3.3202887,0.11234842985868454,0.45399999618530273,0.3587000072002411
YNL131W,YEL003W,0,-3.320345,0.11232063174247742,0.45399999618530273,0.3587999939918518
YDR141C,YLR132C,0,-3.3204398,0.11229284852743149,0.45399999618530273,0.3589000105857849
YCL039W,YJL056C,0,-3.3206496,0.11226508766412735,0.45399999618530273,0.35899999737739563
YFL049W,YPR052C,1,-3.320714,0.11248455196619034,0.45500001311302185,0.35899999737739563
YOL017W,YMR075W,1,-3.320815,0.11270390450954437,0.4560000002384186,0.35899999737739563
YMR306W,YCR011C,0,-3.3208184,0.11267605423927307,0.4560000002384186,0.35910001397132874
YDR405W,YIL096C,0,-3.3214173,0.11264821887016296,0.4560000002384186,0.35920000076293945
YCR017C,YDL031W,0,-3.3215027,0.11262039840221405,0.4560000002384186,0.35929998755455017
YER167W,YJL069C,0,-3.3215923,0.11259259283542633,0.4560000002384186,0.3594000041484833
YCR010C,YLR467W,0,-3.321838,0.1125648021697998,0.4560000002384186,0.359499990940094
YJR004C,YNL267W,0,-3.321917,0.11253701895475388,0.4560000002384186,0.3596000075340271
YKR094C,YJR022W,0,-3.3220978,0.11250925064086914,0.4560000002384186,0.3596999943256378
YBR248C,YIR009W,0,-3.3222136,0.1124814972281456,0.4560000002384186,0.3598000109195709
YOL004W,YGR252W,1,-3.3222299,0.11270037293434143,0.4569999873638153,0.3598000109195709
YLR297W,YGL238W,0,-3.322454,0.1126725822687149,0.4569999873638153,0.35989999771118164
YIL094C,YJR153W,0,-3.3226295,0.11264481395483017,0.4569999873638153,0.36000001430511475
YDL067C,YOR250C,0,-3.3226385,0.11261705309152603,0.4569999873638153,0.36010000109672546
YMR217W,YKL134C,0,-3.322732,0.11258930712938309,0.4569999873638153,0.3601999878883362
YJL078C,YDR405W,0,-3.3228335,0.11256157606840134,0.4569999873638153,0.3603000044822693
YDL116W,YDL093W,0,-3.3228927,0.11253385990858078,0.4569999873638153,0.36039999127388
YLR388W,YLR109W,0,-3.3229237,0.11250615119934082,0.4569999873638153,0.3605000078678131
YKL174C,YGR261C,0,-3.322928,0.11247846484184265,0.4569999873638153,0.36059999465942383
YDR027C,YDR518W,0,-3.3229914,0.11245078593492508,0.4569999873638153,0.36070001125335693
YOL017W,YOL004W,1,-3.322997,0.11266912519931793,0.4580000042915344,0.36070001125335693
YBR284W,YDR460W,0,-3.32308,0.11264141649007797,0.4580000042915344,0.36079999804496765
YKL004W,YAR014C,0,-3.3232021,0.1126137226819992,0.4580000042915344,0.36090001463890076
YIL016W,YPL121C,0,-3.323258,0.11258603632450104,0.4580000042915344,0.3610000014305115
YOL127W,YJR074W,0,-3.3233204,0.11255836486816406,0.4580000042915344,0.3610999882221222
YDL013W,YDL039C,0,-3.3233848,0.11253071576356888,0.4580000042915344,0.3612000048160553
YKL206C,YOR335C,0,-3.3234959,0.11250307410955429,0.4580000042915344,0.361299991607666
YPL097W,YCL031C,0,-3.3235445,0.1124754399061203,0.4580000042915344,0.3614000082015991
YOL030W,YNR058W,0,-3.3235693,0.1124478280544281,0.4580000042915344,0.36149999499320984
YPL043W,YLR301W,0,-3.3239226,0.1124202236533165,0.4580000042915344,0.36160001158714294
YOR079C,YOR338W,0,-3.3241806,0.11239264160394669,0.4580000042915344,0.36169999837875366
YOL113W,YOL052C,0,-3.324234,0.11236506700515747,0.4580000042915344,0.3617999851703644
YIL077C,YOR219C,0,-3.324348,0.11233749985694885,0.4580000042915344,0.3619000017642975
YOR026W,YDL147W,0,-3.3245335,0.11230995506048203,0.4580000042915344,0.3619999885559082
YHL034C,YFR015C,0,-3.3247957,0.11228242516517639,0.4580000042915344,0.3621000051498413
YJL134W,YJL186W,0,-3.324851,0.11225490272045135,0.4580000042915344,0.362199991941452
YGR268C,YLR275W,0,-3.3251834,0.11222739517688751,0.4580000042915344,0.36230000853538513
YPR111W,YOR357C,0,-3.3252664,0.11219990253448486,0.4580000042915344,0.36239999532699585
YNL188W,YLR228C,0,-3.325365,0.11217242479324341,0.4580000042915344,0.36250001192092896
YJR125C,YJR074W,0,-3.3254232,0.11214495450258255,0.4580000042915344,0.3625999987125397
YKL001C,YNL213C,0,-3.3254447,0.11211750656366348,0.4580000042915344,0.3626999855041504
YER014W,YLR132C,0,-3.3256679,0.11209006607532501,0.4580000042915344,0.3628000020980835
YOL017W,YER133W,1,-3.3258266,0.11230731755495071,0.45899999141693115,0.3628000020980835
YKR019C,YNL088W,1,-3.325879,0.11252446472644806,0.46000000834465027,0.3628000020980835
YER030W,YMR022W,1,-3.3259196,0.11274150013923645,0.460999995470047,0.3628000020980835
YMR127C,YBL003C,1,-3.3259282,0.11295843869447708,0.4620000123977661,0.3628000020980835
YLR193C,YKL077W,0,-3.3264637,0.11293082684278488,0.4620000123977661,0.3628999888896942
YNL207W,YDL101C,0,-3.326552,0.11290322244167328,0.4620000123977661,0.3630000054836273
YFL026W,YER044C,0,-3.3266954,0.11287564039230347,0.4620000123977661,0.36309999227523804
YER074W-A,YLR144C,0,-3.3267508,0.11284807324409485,0.4620000123977661,0.36320000886917114
YGR286C,YIL038C,0,-3.3267584,0.11282051354646683,0.4620000123977661,0.36329999566078186
YAL022C,YPL033C,0,-3.3267674,0.11279296875,0.4620000123977661,0.36340001225471497
YIR017C,YMR058W,0,-3.3268085,0.11276543885469437,0.4620000123977661,0.3634999990463257
YDL093W,YGR042W,0,-3.3268948,0.11273792386054993,0.4620000123977661,0.3635999858379364
YNL334C,YLR307W,0,-3.3274226,0.11271041631698608,0.4620000123977661,0.3637000024318695
YJR001W,YOR319W,0,-3.3276877,0.11268292367458344,0.4620000123977661,0.3637999892234802
YNR047W,YBR149W,0,-3.327724,0.11265545338392258,0.4620000123977661,0.36390000581741333
YML069W,YBL006C,1,-3.3277664,0.11287177354097366,0.46299999952316284,0.36390000581741333
YBR166C,YKL011C,0,-3.327859,0.11284425854682922,0.46299999952316284,0.36399999260902405
YBR165W,YDR236C,0,-3.3278732,0.11281676590442657,0.46299999952316284,0.36410000920295715
YNL290W,YDR088C,0,-3.3282385,0.11278928071260452,0.46299999952316284,0.36419999599456787
YOR038C,YER133W,1,-3.3282595,0.11300535500049591,0.46399998664855957,0.36419999599456787
YOL034W,YEL037C,0,-3.32837,0.11297784000635147,0.46399998664855957,0.364300012588501
YJR022W,YCR011C,0,-3.3283887,0.11295033991336823,0.46399998664855957,0.3643999993801117
YGL247W,YKL205W,0,-3.3286538,0.11292285472154617,0.46399998664855957,0.3644999861717224
YBL088C,YDL231C,0,-3.3286705,0.11289537698030472,0.46399998664855957,0.3646000027656555
YBR017C,YPR082C,0,-3.3287487,0.11286791414022446,0.46399998664855957,0.36469998955726624
YLR238W,YIR009W,0,-3.328751,0.11284046620130539,0.46399998664855957,0.36480000615119934
YOR257W,YJR120W,0,-3.328795,0.11281303316354752,0.46399998664855957,0.36489999294281006
YIL122W,YOL011W,0,-3.3294764,0.11278560757637024,0.46399998664855957,0.36500000953674316
YPL221W,YJR026W,0,-3.329607,0.11275820434093475,0.46399998664855957,0.3650999963283539
YIL049W,YFR044C,0,-3.32979,0.11273080855607986,0.46399998664855957,0.365200012922287
YCR081W,YDL185W,0,-3.3298116,0.11270342767238617,0.46399998664855957,0.3652999997138977
YML115C,YGR085C,0,-3.3300047,0.11267605423927307,0.46399998664855957,0.3653999865055084
YGL212W,YOR377W,0,-3.3300757,0.11264870315790176,0.46399998664855957,0.36550000309944153
YJR022W,YMR021C,0,-3.3302212,0.11262135952711105,0.46399998664855957,0.36559998989105225
YDR279W,YDR205W,0,-3.3303633,0.11259403079748154,0.46399998664855957,0.36570000648498535
YJL219W,YJR006W,0,-3.3306642,0.11256671696901321,0.46399998664855957,0.36579999327659607
YGL142C,YPR138C,0,-3.330956,0.11253941059112549,0.46399998664855957,0.3659000098705292
YGL094C,YOR304C-A,0,-3.3310804,0.11251212656497955,0.46399998664855957,0.3659999966621399
YGL120C,YMR073C,0,-3.3310928,0.11248484998941422,0.46399998664855957,0.366100013256073
YCR037C,YNR032W,0,-3.3311024,0.11245758831501007,0.46399998664855957,0.3662000000476837
YOR219C,YCL039W,0,-3.3311434,0.11243033409118652,0.46399998664855957,0.36629998683929443
YKL116C,YGR081C,0,-3.3313274,0.11240310221910477,0.46399998664855957,0.36640000343322754
YLR307W,YGL097W,0,-3.3313413,0.11237587779760361,0.46399998664855957,0.36649999022483826
YML103C,YER087C-A,0,-3.3313847,0.11234866827726364,0.46399998664855957,0.36660000681877136
YLR411W,YPL089C,0,-3.33142,0.11232147365808487,0.46399998664855957,0.3666999936103821
YBR271W,YHR101C,0,-3.3315215,0.1122942864894867,0.46399998664855957,0.3668000102043152
YOL091W,YJR033C,0,-3.331668,0.11226712167263031,0.46399998664855957,0.3668999969959259
YKL075C,YGR096W,0,-3.331778,0.11223996430635452,0.46399998664855957,0.367000013589859
YJR048W,YKL062W,0,-3.3317823,0.11221281439065933,0.46399998664855957,0.3671000003814697
YOR202W,YMR052W,0,-3.3318844,0.11218568682670593,0.46399998664855957,0.36719998717308044
YGL232W,YGR286C,0,-3.3318992,0.11215856671333313,0.46399998664855957,0.36730000376701355
YGL142C,YDR497C,0,-3.332274,0.11213146150112152,0.46399998664855957,0.36739999055862427
YNL177C,YDL122W,0,-3.332666,0.1121043711900711,0.46399998664855957,0.3675000071525574
YKL149C,YBR070C,0,-3.3329906,0.11207729578018188,0.46399998664855957,0.3675999939441681
YDR109C,YKL180W,0,-3.3332725,0.11205022782087326,0.46399998664855957,0.3677000105381012
YJL110C,YPL042C,0,-3.333273,0.11202317476272583,0.46399998664855957,0.3677999973297119
YJL090C,YIL168W,0,-3.3333564,0.1119961366057396,0.46399998664855957,0.367900013923645
YJR013W,YML113W,0,-3.3334146,0.11196911334991455,0.46399998664855957,0.36800000071525574
YKL089W,YBR201W,0,-3.333839,0.1119420975446701,0.46399998664855957,0.36809998750686646
YCL045C,YEL043W,0,-3.3338423,0.11191509664058685,0.46399998664855957,0.36820000410079956
YMR226C,YER022W,0,-3.3340244,0.1118881106376648,0.46399998664855957,0.3682999908924103
YNL038W,YGL100W,0,-3.3340344,0.11186113953590393,0.46399998664855957,0.3684000074863434
YOR243C,YJL112W,0,-3.3340364,0.11183417588472366,0.46399998664855957,0.3684999942779541
YLR418C,YOR038C,1,-3.334084,0.1120481938123703,0.4650000035762787,0.3684999942779541
YDL110C,YMR210W,0,-3.3342118,0.11202120035886765,0.4650000035762787,0.3686000108718872
YHL035C,YGL125W,0,-3.3343625,0.11199422180652618,0.4650000035762787,0.3686999976634979
YLR092W,YKR083C,0,-3.3345757,0.11196725070476532,0.4650000035762787,0.36880001425743103
YER157W,YIL097W,0,-3.3347588,0.11194030195474625,0.4650000035762787,0.36890000104904175
YDL247W,YGL249W,0,-3.3348217,0.11191336065530777,0.4650000035762787,0.36899998784065247
YPL204W,YHL031C,0,-3.3349037,0.11188642680644989,0.4650000035762787,0.36910000443458557
YMR286W,YER087C-B,0,-3.3350825,0.1118595153093338,0.4650000035762787,0.3691999912261963
YHR025W,YCR081W,0,-3.3354,0.11183261126279831,0.4650000035762787,0.3693000078201294
YER155C,YML067C,0,-3.335648,0.11180572211742401,0.4650000035762787,0.3693999946117401
YJR042W,YGL247W,0,-3.3360224,0.11177884787321091,0.4650000035762787,0.3695000112056732
YNL083W,YDR056C,0,-3.3360634,0.1117519810795784,0.4650000035762787,0.36959999799728394
YGR255C,YAL010C,0,-3.3362427,0.11172512918710709,0.4650000035762787,0.36970001459121704
YFL034C-B,YDR418W,0,-3.336763,0.11169829219579697,0.4650000035762787,0.36980000138282776
YPL038W,YOL011W,0,-3.3368282,0.11167147010564804,0.4650000035762787,0.3698999881744385
YDR040C,YFL014W,0,-3.3368955,0.11164465546607971,0.4650000035762787,0.3700000047683716
YPL236C,YKL070W,0,-3.3370204,0.11161785572767258,0.4650000035762787,0.3700999915599823
YCR098C,YGR144W,0,-3.337307,0.11159107089042664,0.4650000035762787,0.3702000081539154
YDL217C,YJL056C,0,-3.3373451,0.11156430095434189,0.4650000035762787,0.3702999949455261
YHR076W,YIR009W,0,-3.3374119,0.11153753846883774,0.4650000035762787,0.37040001153945923
YER022W,YMR021C,0,-3.3374662,0.11151079088449478,0.4650000035762787,0.37049999833106995
YDR486C,YPL243W,0,-3.3375459,0.11148405820131302,0.4650000035762787,0.37059998512268066
YNL246W,YDR392W,1,-3.3375535,0.11169702559709549,0.4659999907016754,0.37059998512268066
YLR105C,YHR211W,0,-3.3375602,0.11167026311159134,0.4659999907016754,0.37070000171661377
YJL059W,YNR035C,0,-3.3376074,0.11164350807666779,0.4659999907016754,0.3707999885082245
YGL241W,YLR310C,0,-3.337738,0.11161676794290543,0.4659999907016754,0.3709000051021576
YLR079W,YNL145W,0,-3.3378386,0.11159003525972366,0.4659999907016754,0.3709999918937683
YLR418C,YOL004W,1,-3.3380256,0.11180272698402405,0.46700000762939453,0.3709999918937683
YLR238W,YGL098W,0,-3.3380299,0.1117759719491005,0.46700000762939453,0.3711000084877014
YBR186W,YNR054C,0,-3.338067,0.11174922436475754,0.46700000762939453,0.37119999527931213
YOR250C,YMR140W,0,-3.3382378,0.11172249168157578,0.46700000762939453,0.37130001187324524
YNL137C,YNL004W,0,-3.3382492,0.11169576644897461,0.46700000762939453,0.37139999866485596
YHR036W,YLR425W,0,-3.338296,0.11166905611753464,0.46700000762939453,0.3714999854564667
YJL124C,YMR004W,0,-3.3383112,0.11164236068725586,0.46700000762939453,0.3716000020503998
YLR105C,YBL037W,0,-3.3385816,0.11161568015813828,0.46700000762939453,0.3716999888420105
YIL004C,YMR286W,0,-3.338861,0.11158900707960129,0.46700000762939453,0.3718000054359436
YGR260W,YCR008W,0,-3.3388877,0.1115623489022255,0.46700000762939453,0.3718999922275543
YMR101C,YGL084C,0,-3.3389602,0.1115357056260109,0.46700000762939453,0.3720000088214874
YOL148C,YBR095C,1,-3.3390326,0.1117478534579277,0.46799999475479126,0.3720000088214874
YGL027C,YGR287C,0,-3.3392549,0.11172117292881012,0.46799999475479126,0.37209999561309814
YHR163W,YDR308C,0,-3.3393083,0.11169450730085373,0.46799999475479126,0.37220001220703125
YMR250W,YOL122C,0,-3.3398929,0.11166785657405853,0.46799999475479126,0.37229999899864197
YJL127C,YOR123C,1,-3.3401022,0.11187977343797684,0.4690000116825104,0.37229999899864197
YJR144W,YGR042W,0,-3.3401446,0.11185308545827866,0.4690000116825104,0.3723999857902527
YGL136C,YBR042C,0,-3.3404384,0.11182641983032227,0.4690000116825104,0.3725000023841858
YIL080W,YFR015C,0,-3.3405008,0.11179976165294647,0.4690000116825104,0.3725999891757965
YMR021C,YDR341C,0,-3.3407726,0.11177311837673187,0.4690000116825104,0.3727000057697296
YGL259W,YKL011C,0,-3.3408437,0.11174648255109787,0.4690000116825104,0.37279999256134033
YCL008C,YBR186W,0,-3.3408556,0.11171986907720566,0.4690000116825104,0.37290000915527344
YEL039C,YDR005C,0,-3.3411026,0.11169326305389404,0.4690000116825104,0.37299999594688416
YMR168C,YKL010C,0,-3.341189,0.11166666448116302,0.4690000116825104,0.37310001254081726
YGR087C,YDL222C,0,-3.3413281,0.1116400882601738,0.4690000116825104,0.373199999332428
YGL019W,YPL121C,0,-3.3414102,0.11161351948976517,0.4690000116825104,0.3732999861240387
YGR047C,YOL034W,0,-3.3414478,0.11158695816993713,0.4690000116825104,0.3734000027179718
YLR381W,YBR287W,0,-3.3417416,0.11156041920185089,0.4690000116825104,0.3734999895095825
YDL213C,YDL049C,0,-3.3417559,0.11153388768434525,0.4690000116825104,0.3736000061035156
YDR236C,YHR077C,0,-3.3418722,0.1115073710680008,0.4690000116825104,0.37369999289512634
YIL034C,YBL084C,0,-3.342133,0.11148086190223694,0.4690000116825104,0.37380000948905945
YNL097C,YER161C,1,-3.3421926,0.11169201880693436,0.4699999988079071,0.37380000948905945
YOR358W,YPR078C,0,-3.3422956,0.11166547983884811,0.4699999988079071,0.37389999628067017
YMR314W,YDR236C,0,-3.342311,0.11163895577192307,0.4699999988079071,0.37400001287460327
YGL247W,YGL127C,0,-3.3423533,0.11161244660615921,0.4699999988079071,0.374099999666214
YBR213W,YMR311C,0,-3.3424287,0.11158594489097595,0.4699999988079071,0.3741999864578247
YCR038C,YGL098W,0,-3.3427048,0.11155945807695389,0.4699999988079071,0.3743000030517578
YHR169W,YJR029W,0,-3.3427806,0.11153298616409302,0.4699999988079071,0.37439998984336853
YLR097C,YJL056C,0,-3.3428535,0.11150652170181274,0.4699999988079071,0.37450000643730164
YEL021W,YJL186W,0,-3.3431897,0.11148007959127426,0.4699999988079071,0.37459999322891235
YDR469W,YBR060C,1,-3.3432283,0.11169077455997467,0.47099998593330383,0.37459999322891235
YBL091C,YDR497C,0,-3.343371,0.1116642951965332,0.47099998593330383,0.37470000982284546
YOL017W,YDR303C,1,-3.34345,0.11187484860420227,0.47200000286102295,0.37470000982284546
YML074C,YLR239C,0,-3.3434744,0.11184833943843842,0.47200000286102295,0.3747999966144562
YNL083W,YKL206C,0,-3.3435059,0.11182184517383575,0.47200000286102295,0.3749000132083893
YOR120W,YJL059W,0,-3.3436055,0.11179535835981369,0.47200000286102295,0.375
YCR093W,YHR066W,0,-3.3439236,0.11176888644695282,0.47200000286102295,0.3750999867916107
YJL124C,YHL047C,0,-3.3440967,0.11174242198467255,0.47200000286102295,0.3752000033855438
YMR145C,YOL144W,0,-3.3441353,0.11171597987413406,0.47200000286102295,0.37529999017715454
YLR310C,YDL031W,0,-3.3442235,0.11168953776359558,0.47200000286102295,0.37540000677108765
YDR079W,YBL075C,0,-3.3446507,0.11166311800479889,0.47200000286102295,0.37549999356269836
YDL128W,YDR377W,0,-3.344778,0.1116367056965828,0.47200000286102295,0.37560001015663147
YCL045C,YER089C,0,-3.3447952,0.1116103082895279,0.47200000286102295,0.3756999969482422
YPL006W,YOL100W,0,-3.3448257,0.11158392578363419,0.47200000286102295,0.3758000135421753
YKL174C,YOR285W,0,-3.3449612,0.11155755072832108,0.47200000286102295,0.375900000333786
YMR165C,YKL027W,0,-3.3450089,0.11153119057416916,0.47200000286102295,0.37599998712539673
YJR022W,YKL032C,0,-3.345017,0.11150484532117844,0.47200000286102295,0.37610000371932983
YJL124C,YLR103C,0,-3.3451195,0.11147850751876831,0.47200000286102295,0.37619999051094055
YGL047W,YHR077C,0,-3.345139,0.11145218461751938,0.47200000286102295,0.37630000710487366
YOL058W,YHL016C,0,-3.345141,0.11142587661743164,0.47200000286102295,0.3763999938964844
YLL032C,YDR088C,0,-3.3452349,0.1113995760679245,0.47200000286102295,0.3765000104904175
YJR127C,YJL112W,0,-3.3453999,0.11137329041957855,0.47200000286102295,0.3765999972820282
YJL219W,YIL034C,0,-3.3455715,0.1113470122218132,0.47200000286102295,0.3767000138759613
YIL084C,YBR095C,1,-3.3456917,0.11155660450458527,0.4729999899864197,0.3767000138759613
YER074W-A,YOR125C,0,-3.3457284,0.11153029650449753,0.4729999899864197,0.376800000667572
YLR050C,YOL034W,0,-3.3457913,0.11150401085615158,0.4729999899864197,0.37689998745918274
YDR352W,YJR045C,0,-3.3458648,0.11147772520780563,0.4729999899864197,0.37700000405311584
YCR097W,YHR193C,0,-3.3459067,0.11145146191120148,0.4729999899864197,0.37709999084472656
YKL160W,YER169W,1,-3.3460865,0.11166077852249146,0.4740000069141388,0.37709999084472656
YBR274W,YOL011W,0,-3.3461308,0.11163447797298431,0.4740000069141388,0.37720000743865967
YER022W,YLR155C,0,-3.3465781,0.11160819232463837,0.4740000069141388,0.3772999942302704
YNL115C,YMR210W,0,-3.3466387,0.11158192157745361,0.4740000069141388,0.3774000108242035
YNL258C,YDR456W,0,-3.3466454,0.11155565828084946,0.4740000069141388,0.3774999976158142
YOR380W,YDR056C,0,-3.346727,0.1115294098854065,0.4740000069141388,0.3776000142097473
YAR033W,YPL090C,0,-3.3467412,0.11150317639112473,0.4740000069141388,0.37770000100135803
YOR202W,YGL153W,0,-3.3468137,0.11147695034742355,0.4740000069141388,0.37779998779296875
YDR488C,YMR232W,0,-3.346819,0.11145073920488358,0.4740000069141388,0.37790000438690186
YIL063C,YPL121C,0,-3.3468719,0.11142454296350479,0.4740000069141388,0.3779999911785126
YHR067W,YLR039C,0,-3.3469276,0.1113983541727066,0.4740000069141388,0.3781000077724457
YOR304W,YBR289W,1,-3.3469796,0.1116071417927742,0.4749999940395355,0.3781000077724457
YIL004C,YDL093W,0,-3.3474054,0.11158092319965363,0.4749999940395355,0.3781999945640564
YGL094C,YKL077W,0,-3.3474145,0.11155471950769424,0.4749999940395355,0.3783000111579895
YGR267C,YGR007W,0,-3.347496,0.11152853071689606,0.4749999940395355,0.3783999979496002
YML018C,YLR373C,0,-3.347591,0.11150234937667847,0.4749999940395355,0.3785000145435333
YPL243W,YOR256C,0,-3.3476677,0.11147618293762207,0.4749999940395355,0.37860000133514404
YNL059C,YLR015W,1,-3.3479128,0.1116846576333046,0.47600001096725464,0.37860000133514404
YER142C,YIL088C,0,-3.3479238,0.11165845394134521,0.47600001096725464,0.37869998812675476
YMR114C,YOR355W,0,-3.3479419,0.11163227260112762,0.47600001096725464,0.37880000472068787
YIL088C,YPL092W,0,-3.3481574,0.11160609871149063,0.47600001096725464,0.3788999915122986
YJL140W,YCR081W,0,-3.3481717,0.11157993227243423,0.47600001096725464,0.3790000081062317
YNL097C,YDR121W,1,-3.3483462,0.11178813874721527,0.47699999809265137,0.3790000081062317
YLR418C,YHR119W,1,-3.348403,0.11199624836444855,0.4779999852180481,0.3790000081062317
YLR381W,YDR358W,0,-3.3484044,0.11197001487016678,0.4779999852180481,0.3790999948978424
YOR122C,YLR361C,0,-3.3484135,0.1119437962770462,0.4779999852180481,0.3792000114917755
YCR018C,YNL092W,0,-3.3486419,0.11191758513450623,0.4779999852180481,0.37929999828338623
YML077W,YLR032W,0,-3.3486738,0.11189138889312744,0.4779999852180481,0.37940001487731934
YCL027W,YOL115W,0,-3.3487096,0.11186520010232925,0.4779999852180481,0.37950000166893005
YOR143C,YER149C,0,-3.3490262,0.11183902621269226,0.4779999852180481,0.37959998846054077
YKL059C,YNL094W,0,-3.349069,0.11181286722421646,0.4779999852180481,0.3797000050544739
YHR079C-A,YOR260W,0,-3.3491335,0.11178671568632126,0.4779999852180481,0.3797999918460846
YDL116W,YGR240C,0,-3.3491669,0.11176057904958725,0.4779999852180481,0.3799000084400177
YJL048C,YNL081C,0,-3.3492556,0.11173445731401443,0.4779999852180481,0.3799999952316284
YJR144W,YGL083W,0,-3.34936,0.11170834302902222,0.4779999852180481,0.3801000118255615
YBR034C,YOR266W,0,-3.3493948,0.11168224364519119,0.4779999852180481,0.38019999861717224
YHR036W,YJL179W,0,-3.349515,0.11165615171194077,0.4779999852180481,0.38029998540878296
YBR248C,YPR078C,0,-3.349516,0.11163008213043213,0.4779999852180481,0.38040000200271606
YKL127W,YER129W,0,-3.349718,0.11160401254892349,0.4779999852180481,0.3804999887943268
YNL009W,YJL170C,0,-3.3498144,0.11157796531915665,0.4779999852180481,0.3806000053882599
YHR163W,YNL312W,0,-3.350338,0.1115519255399704,0.4779999852180481,0.3806999921798706
YLR050C,YBR015C,0,-3.350853,0.11152590066194534,0.4779999852180481,0.3808000087738037
YER030W,YOL090W,1,-3.3508587,0.11173314601182938,0.4790000021457672,0.3808000087738037
YOR028C,YDR500C,0,-3.3508964,0.11170709133148193,0.4790000021457672,0.38089999556541443
YLL003W,YLR109W,0,-3.350956,0.11168104410171509,0.4790000021457672,0.38100001215934753
YDR306C,YMR058W,0,-3.351334,0.11165501177310944,0.4790000021457672,0.38109999895095825
YLR050C,YIL109C,0,-3.351365,0.11162899434566498,0.4790000021457672,0.38119998574256897
YCR087C-A,YIL077C,0,-3.351407,0.11160298436880112,0.4790000021457672,0.3813000023365021
YOL004W,YGL014W,1,-3.3514657,0.11180992424488068,0.47999998927116394,0.3813000023365021
YDR071C,YOL090W,1,-3.3515472,0.11201676726341248,0.48100000619888306,0.3813000023365021
YGR145W,YIL109C,0,-3.351583,0.11199069023132324,0.48100000619888306,0.3813999891281128
YPL202C,YGR007W,0,-3.3516917,0.1119646206498146,0.48100000619888306,0.3815000057220459
YNL070W,YER044C,0,-3.3517346,0.11193855851888657,0.48100000619888306,0.3815999925136566
YOR287C,YJR047C,0,-3.3517647,0.11191251873970032,0.48100000619888306,0.3817000091075897
YNL083W,YDR205W,0,-3.3518214,0.11188648641109467,0.48100000619888306,0.38179999589920044
YJL219W,YLR145W,0,-3.351903,0.11186046153306961,0.48100000619888306,0.38190001249313354
YMR015C,YDL003W,0,-3.3522868,0.11183445900678635,0.48100000619888306,0.38199999928474426
YNL192W,YOR266W,0,-3.3522978,0.11180846393108368,0.48100000619888306,0.382099986076355
YDL198C,YLR310C,0,-3.3524675,0.11178247630596161,0.48100000619888306,0.3822000026702881
YGL068W,YGR270W,0,-3.3526564,0.11175650358200073,0.48100000619888306,0.3822999894618988
YOL111C,YOL045W,0,-3.352683,0.11173054575920105,0.48100000619888306,0.3824000060558319
YDR109C,YKL145W,0,-3.352797,0.11170459538698196,0.48100000619888306,0.3824999928474426
YLL055W,YKL008C,0,-3.352981,0.11167865991592407,0.48100000619888306,0.38260000944137573
YBR129C,YGL238W,0,-3.353333,0.11165273934602737,0.48100000619888306,0.38269999623298645
YJR042W,YBR186W,0,-3.3536215,0.11162682622671127,0.48100000619888306,0.38280001282691956
YOL034W,YGR085C,0,-3.3536625,0.11160092800855637,0.48100000619888306,0.3828999996185303
YLL038C,YHL031C,0,-3.3536835,0.11157503724098206,0.48100000619888306,0.382999986410141
YOR319W,YJL196C,0,-3.3537722,0.11154916882514954,0.48100000619888306,0.3831000030040741
YJR044C,YLR455W,0,-3.3539925,0.11152330040931702,0.48100000619888306,0.3831999897956848
YER171W,YJL110C,0,-3.3540459,0.11149744689464569,0.48100000619888306,0.3833000063896179
YMR021C,YNL134C,0,-3.3541908,0.11147160828113556,0.48100000619888306,0.38339999318122864
YNL078W,YJR001W,0,-3.3541932,0.11144578456878662,0.48100000619888306,0.38350000977516174
YER133W,YPL001W,1,-3.3542547,0.11165160685777664,0.4819999933242798,0.38350000977516174
YPL174C,YKL008C,0,-3.354384,0.11162575334310532,0.4819999933242798,0.38359999656677246
YER142C,YLR268W,0,-3.3544288,0.11159990727901459,0.4819999933242798,0.38370001316070557
YFL022C,YOR030W,0,-3.354433,0.11157407611608505,0.4819999933242798,0.3837999999523163
YHR067W,YDR001C,0,-3.3547425,0.11154825240373611,0.4819999933242798,0.383899986743927
YHR025W,YDR179C,0,-3.3548498,0.11152244359254837,0.4819999933242798,0.3840000033378601
YNL246W,YNL262W,1,-3.3550577,0.11172796785831451,0.4830000102519989,0.3840000033378601
YMR050C,YDL080C,0,-3.3551188,0.11170212924480438,0.4830000102519989,0.3840999901294708
YMR303C,YLR405W,0,-3.3551955,0.11167629808187485,0.4830000102519989,0.38420000672340393
YPL049C,YDR410C,0,-3.3552585,0.1116504818201065,0.4830000102519989,0.38429999351501465
YIL017W,YBR212W,0,-3.3553352,0.11162468045949936,0.4830000102519989,0.38440001010894775
YBR149W,YLR013W,0,-3.3554568,0.1115988940000534,0.4830000102519989,0.38449999690055847
YPR104C,YIL075C,0,-3.3554754,0.11157311499118805,0.4830000102519989,0.3846000134944916
YIL049W,YLL031C,0,-3.355517,0.11154734343290329,0.4830000102519989,0.3847000002861023
YER148W,YER014C-A,0,-3.355752,0.11152158677577972,0.4830000102519989,0.384799987077713
YPL236C,YDL142C,0,-3.355914,0.11149584501981735,0.4830000102519989,0.3849000036716461
YGL006W,YEL043W,0,-3.3561673,0.11147011071443558,0.4830000102519989,0.38499999046325684
YGL157W,YDR421W,0,-3.3563728,0.111444391310215,0.4830000102519989,0.38510000705718994
YFR005C,YJL134W,0,-3.356392,0.11141868680715561,0.4830000102519989,0.38519999384880066
YJL078C,YJR120W,0,-3.3564024,0.11139298975467682,0.4830000102519989,0.38530001044273376
YML077W,YKL149C,0,-3.3564324,0.11136730760335922,0.4830000102519989,0.3853999972343445
YIL082W-A,YDR003W,0,-3.3565183,0.11134163290262222,0.4830000102519989,0.3855000138282776
YDL013W,YDL066W,0,-3.3566241,0.11131597310304642,0.4830000102519989,0.3856000006198883
YLR398C,YGL170C,0,-3.3567219,0.11129032075405121,0.4830000102519989,0.385699987411499
YOR358W,YMR172W,0,-3.3567362,0.1112646833062172,0.4830000102519989,0.38580000400543213
YJR048W,YGL125W,0,-3.3568301,0.11123906075954437,0.4830000102519989,0.38589999079704285
YOR148C,YLR107W,0,-3.3570428,0.11121344566345215,0.4830000102519989,0.38600000739097595
YLR050C,YGL144C,0,-3.357263,0.11118784546852112,0.4830000102519989,0.38609999418258667
YNL097C,YGL014W,1,-3.3572712,0.11139240860939026,0.48399999737739563,0.38609999418258667
YKL143W,YOL019W,0,-3.3573098,0.11136677116155624,0.48399999737739563,0.3862000107765198
YML018C,YOR250C,0,-3.3575416,0.11134115606546402,0.48399999737739563,0.3862999975681305
YOR187W,YPL092W,0,-3.3577747,0.11131554841995239,0.48399999737739563,0.3864000141620636
YOL008W,YNL126W,0,-3.3578506,0.11128994822502136,0.48399999737739563,0.3865000009536743
YMR131C,YLR086W,0,-3.3581004,0.11126437038183212,0.48399999737739563,0.38659998774528503
YLR070C,YLR144C,0,-3.3581147,0.11123879253864288,0.48399999737739563,0.38670000433921814
YNL177C,YGR072W,0,-3.3583245,0.11121323704719543,0.48399999737739563,0.38679999113082886
YKL116C,YOR257W,0,-3.3583841,0.11118768900632858,0.48399999737739563,0.38690000772476196
YPR052C,YLR442C,1,-3.358593,0.1113918200135231,0.48500001430511475,0.38690000772476196
YIL119C,YFL031W,0,-3.3586726,0.11136624217033386,0.48500001430511475,0.3869999945163727
YNR038W,YML067C,0,-3.358901,0.11134067922830582,0.48500001430511475,0.3871000111103058
YDR239C,YKR024C,0,-3.358922,0.11131512373685837,0.48500001430511475,0.3871999979019165
YBL088C,YJL186W,0,-3.359136,0.11128958314657211,0.48500001430511475,0.3873000144958496
YCR052W,YLL002W,1,-3.3596401,0.11149346083402634,0.4860000014305115,0.3873000144958496
YPR055W,YNL092W,0,-3.3596435,0.1114678904414177,0.4860000014305115,0.3874000012874603
YFR005C,YIL094C,0,-3.3598704,0.11144232749938965,0.4860000014305115,0.38749998807907104
YEL036C,YLR013W,0,-3.3599281,0.1114167794585228,0.4860000014305115,0.38760000467300415
YLR325C,YBR186W,0,-3.3601499,0.11139124631881714,0.4860000014305115,0.38769999146461487
YHR148W,YBR002C,0,-3.3602862,0.11136572062969208,0.4860000014305115,0.387800008058548
YDR405W,YPR174C,0,-3.3603473,0.11134020984172821,0.4860000014305115,0.3878999948501587
YER073W,YIL073C,0,-3.3603578,0.11131470650434494,0.4860000014305115,0.3880000114440918
YHR211W,YDR316W,0,-3.3603587,0.11128921806812286,0.4860000014305115,0.3880999982357025
YER038C,YKL174C,0,-3.360394,0.11126373708248138,0.4860000014305115,0.3882000148296356
YGR144W,YJR052W,0,-3.3606,0.1112382709980011,0.4860000014305115,0.38830000162124634
YOR285W,YEL037C,0,-3.3606067,0.11121281236410141,0.4860000014305115,0.38839998841285706
YDR245W,YBR284W,0,-3.360734,0.11118736863136292,0.4860000014305115,0.38850000500679016
YLR368W,YGR072W,0,-3.3608875,0.11116193979978561,0.4860000014305115,0.3885999917984009
YOR354C,YLR166C,0,-3.3610358,0.11113651841878891,0.4860000014305115,0.388700008392334
YDL247W,YGL048C,0,-3.3610477,0.1111111119389534,0.4860000014305115,0.3887999951839447
YKL127W,YKL010C,0,-3.3610578,0.11108571290969849,0.4860000014305115,0.3889000117778778
YNL188W,YKL205W,0,-3.3611012,0.11106032878160477,0.4860000014305115,0.3889999985694885
YJL008C,YJL069C,0,-3.3611383,0.11103495210409164,0.4860000014305115,0.38909998536109924
YGR188C,YLR191W,0,-3.361187,0.11100959032773972,0.4860000014305115,0.38920000195503235
YOL109W,YGL206C,0,-3.3612857,0.11098424345254898,0.4860000014305115,0.38929998874664307
YOL148C,YPR193C,1,-3.361393,0.11118721216917038,0.4869999885559082,0.38929998874664307
YBL028C,YNL094W,0,-3.361617,0.11116183549165726,0.4869999885559082,0.38940000534057617
YJR044C,YJL047C,0,-3.3616781,0.11113646626472473,0.4869999885559082,0.3894999921321869
YMR208W,YLL067C,0,-3.361858,0.1111111119389534,0.4869999885559082,0.38960000872612
YBR012W-B,YOL008W,0,-3.3618627,0.11108576506376266,0.4869999885559082,0.3896999955177307
YPL188W,YOR287C,0,-3.362064,0.11106043308973312,0.4869999885559082,0.3898000121116638
YCR098C,YOR256C,0,-3.3620753,0.11103510856628418,0.4869999885559082,0.38989999890327454
YBR201W,YJR129C,0,-3.3620954,0.11100979894399643,0.4869999885559082,0.38999998569488525
YLR288C,YOL090W,1,-3.3621812,0.11121239513158798,0.4880000054836273,0.38999998569488525
YBR055C,YBL075C,0,-3.3622136,0.11118705570697784,0.4880000054836273,0.39010000228881836
YKL171W,YIL149C,0,-3.3623438,0.1111617311835289,0.4880000054836273,0.3901999890804291
YER087C-A,YGR057C,0,-3.3623853,0.11113641411066055,0.4880000054836273,0.3903000056743622
YLR398C,YBR042C,0,-3.3624125,0.1111111119389534,0.4880000054836273,0.3903999924659729
YOL008W,YER138C,0,-3.3624334,0.11108581721782684,0.4880000054836273,0.390500009059906
YMR072W,YOR285W,0,-3.3625798,0.11106053739786148,0.4880000054836273,0.3905999958515167
YDR178W,YJR153W,0,-3.3629427,0.11103526502847672,0.4880000054836273,0.39070001244544983
YKR019C,YLR449W,1,-3.3630924,0.11123748868703842,0.48899999260902405,0.39070001244544983
YER087C-A,YBR002C,0,-3.3632555,0.11121218651533127,0.48899999260902405,0.39079999923706055
YGR179C,YMR073C,0,-3.363265,0.1111869066953659,0.48899999260902405,0.39089998602867126
YAR033W,YHR053C,0,-3.363308,0.11116162687540054,0.48899999260902405,0.39100000262260437
YKL001C,YML023C,0,-3.3634377,0.11113636195659637,0.48899999260902405,0.3910999894142151
YCL030C,YOR380W,0,-3.3636298,0.1111111119389534,0.48899999260902405,0.3912000060081482
YDR280W,YDR205W,0,-3.3636637,0.11108586937189102,0.48899999260902405,0.3912999927997589
YJR048W,YIL049W,0,-3.3637118,0.11106064170598984,0.48899999260902405,0.391400009393692
YLR418C,YDR121W,1,-3.3638458,0.1112624853849411,0.49000000953674316,0.391400009393692
YPL090C,YJR074W,0,-3.3639407,0.11123722791671753,0.49000000953674316,0.39149999618530273
YGR109C,YCR011C,0,-3.3639655,0.11121198534965515,0.49000000953674316,0.39160001277923584
YGL066W,YGL014W,1,-3.3639774,0.11141365766525269,0.4909999966621399,0.39160001277923584
YNL092W,YDR479C,0,-3.3640304,0.11138838529586792,0.4909999966621399,0.39169999957084656
YNL192W,YKL205W,0,-3.364111,0.11136312037706375,0.4909999966621399,0.3917999863624573
YBL041W,YER009W,0,-3.3641624,0.11133787035942078,0.4909999966621399,0.3919000029563904
YHR149C,YJL112W,0,-3.3641982,0.1113126277923584,0.4909999966621399,0.3919999897480011
YPR165W,YMR040W,0,-3.3642125,0.11128740012645721,0.4909999966621399,0.3921000063419342
YOL111C,YER129W,0,-3.364295,0.11126217991113663,0.4909999966621399,0.3921999931335449
YKR094C,YLR182W,0,-3.3643637,0.11123697459697723,0.4909999966621399,0.392300009727478
YAL010C,YOR076C,0,-3.3644032,0.11121177673339844,0.4909999966621399,0.39239999651908875
YIL122W,YLL003W,0,-3.3644147,0.11118659377098083,0.4909999966621399,0.39250001311302185
YNR045W,YML078W,0,-3.3644547,0.11116141825914383,0.4909999966621399,0.39259999990463257
YLR035C,YOR128C,0,-3.3645453,0.11113625764846802,0.4909999966621399,0.3926999866962433
YKL145W,YPL006W,0,-3.364667,0.1111111119389534,0.4909999966621399,0.3928000032901764
YAL022C,YBR017C,0,-3.364719,0.11108597368001938,0.4909999966621399,0.3928999900817871
YFR009W,YEL032W,0,-3.3647275,0.11106084287166595,0.4909999966621399,0.3930000066757202
YAL041W,YLR447C,0,-3.3648329,0.11103572696447372,0.4909999966621399,0.39309999346733093
YOR044W,YBR019C,0,-3.365037,0.11101062595844269,0.4909999966621399,0.39320001006126404
YKL124W,YBR022W,0,-3.3652372,0.11098553240299225,0.4909999966621399,0.39329999685287476
YMR195W,YGL179C,0,-3.3652973,0.110960453748703,0.4909999966621399,0.39340001344680786
YIL080W,YLR151C,0,-3.3653412,0.11093538254499435,0.4909999966621399,0.3935000002384186
YNL192W,YDR279W,0,-3.365344,0.1109103262424469,0.4909999966621399,0.3935999870300293
YNL163C,YJR153W,0,-3.365488,0.11088527739048004,0.4909999966621399,0.3937000036239624
YDR088C,YGL019W,0,-3.3658142,0.11086023598909378,0.4909999966621399,0.3937999904155731
YOL011W,YNL134C,0,-3.3659797,0.11083521693944931,0.4909999966621399,0.3939000070095062
YHR025W,YDL230W,0,-3.3660336,0.11081019788980484,0.4909999966621399,0.39399999380111694
YHL034C,YHR172W,0,-3.366188,0.11078520119190216,0.4909999966621399,0.39410001039505005
YGL170C,YDR280W,0,-3.3662295,0.11076020449399948,0.4909999966621399,0.39419999718666077
YCR087C-A,YHR015W,0,-3.3663945,0.11073523014783859,0.4909999966621399,0.39430001378059387
YDL087C,YDR088C,0,-3.3664823,0.1107102558016777,0.4909999966621399,0.3944000005722046
YMR131C,YDR306C,0,-3.3666768,0.1106853038072586,0.4909999966621399,0.3944999873638153
YNL059C,YLL002W,1,-3.366705,0.11088573187589645,0.492000013589859,0.3944999873638153
YMR306W,YPR067W,0,-3.3667736,0.11086075007915497,0.492000013589859,0.3946000039577484
YER155C,YPL038W,0,-3.36688,0.11083577573299408,0.492000013589859,0.39469999074935913
YLR258W,YPR174C,0,-3.3676643,0.11081080883741379,0.492000013589859,0.39480000734329224
YLR004C,YPR049C,0,-3.3678021,0.11078585684299469,0.492000013589859,0.39489999413490295
YKR076W,YLR455W,0,-3.3678393,0.11076091974973679,0.492000013589859,0.39500001072883606
YJL090C,YJL190C,0,-3.368132,0.11073599010705948,0.492000013589859,0.3950999975204468
YLR007W,YGR004W,0,-3.3683233,0.11071106791496277,0.492000013589859,0.3952000141143799
YJL029C,YOL019W,0,-3.368444,0.11068616062402725,0.492000013589859,0.3953000009059906
YNL273W,YHR146W,0,-3.368534,0.11066126823425293,0.492000013589859,0.3953999876976013
YNL213C,YKL070W,0,-3.368578,0.1106363832950592,0.492000013589859,0.3955000042915344
YKL143W,YGR042W,0,-3.36876,0.11061151325702667,0.492000013589859,0.39559999108314514
YKL084W,YIL122W,0,-3.3689175,0.11058665066957474,0.492000013589859,0.39570000767707825
YGL231C,YJL123C,0,-3.3691034,0.1105617955327034,0.492000013589859,0.39579999446868896
YBR186W,YLR425W,0,-3.3692894,0.11053695529699326,0.492000013589859,0.39590001106262207
YLR321C,YBL003C,1,-3.369296,0.11073675006628036,0.49300000071525574,0.39590001106262207
YLR307W,YHR101C,0,-3.369423,0.11071188002824783,0.49300000071525574,0.3959999978542328
YML065W,YPR052C,1,-3.3694482,0.1109115406870842,0.49399998784065247,0.3959999978542328
YBR162W-A,YCL027W,0,-3.369533,0.11088664084672928,0.49399998784065247,0.3961000144481659
YFL049W,YLR449W,1,-3.3695512,0.1110861748456955,0.4950000047683716,0.3961000144481659
YPL097W,YOL052C-A,0,-3.3695626,0.11106125265359879,0.4950000047683716,0.3962000012397766
YER009W,YER073W,0,-3.3698144,0.11103633791208267,0.4950000047683716,0.39629998803138733
YER019C-A,YOL115W,0,-3.3698225,0.11101143807172775,0.4950000047683716,0.39640000462532043
YKL197C,YLR132C,0,-3.3699446,0.11098654568195343,0.4950000047683716,0.39649999141693115
YMR101C,YJL035C,0,-3.3707657,0.1109616681933403,0.4950000047683716,0.39660000801086426
YGL006W,YOL091W,0,-3.3707767,0.11093679815530777,0.4950000047683716,0.396699994802475
YGL094C,YJR052W,0,-3.3707795,0.11091194301843643,0.4950000047683716,0.3968000113964081
YDL039C,YDL080C,0,-3.370864,0.11088709533214569,0.4950000047683716,0.3968999981880188
YNL213C,YGL127C,0,-3.3708968,0.11086226254701614,0.4950000047683716,0.3970000147819519
YBR012W-B,YBR041W,0,-3.370923,0.1108374372124672,0.4950000047683716,0.3971000015735626
YFR009W,YPL065W,0,-3.3710175,0.11081262677907944,0.4950000047683716,0.39719998836517334
YLR288C,YEL056W,1,-3.3713322,0.11101163923740387,0.4959999918937683,0.39719998836517334
YGL158W,YER007C-A,0,-3.3714094,0.11098679900169373,0.4959999918937683,0.39730000495910645
YKL132C,YGL158W,0,-3.3715096,0.11096196621656418,0.4959999918937683,0.39739999175071716
YNL092W,YOR126C,0,-3.3717327,0.11093714833259583,0.4959999918937683,0.39750000834465027
YJR127C,YNL334C,0,-3.3717327,0.11091234534978867,0.4959999918937683,0.397599995136261
YDL213C,YEL002C,0,-3.3719263,0.1108875498175621,0.4959999918937683,0.3977000117301941
YDL236W,YFL013C,1,-3.3719668,0.11108627915382385,0.4970000088214874,0.3977000117301941
YOL027C,YJR141W,0,-3.372023,0.1110614538192749,0.4970000088214874,0.3977999985218048
YNL334C,YKL010C,0,-3.3720512,0.11103664338588715,0.4970000088214874,0.3978999853134155
YER074W-A,YNL062C,0,-3.3722095,0.11101184040307999,0.4970000088214874,0.39800000190734863
YPR111W,YDR277C,0,-3.3722372,0.11098704487085342,0.4970000088214874,0.39809998869895935
YGL075C,YIL120W,0,-3.3722615,0.11096227169036865,0.4970000088214874,0.39820000529289246
YGR121C,YAL055W,0,-3.3722663,0.11093749850988388,0.4970000088214874,0.3982999920845032
YPL204W,YDR263C,0,-3.3722882,0.1109127402305603,0.4970000088214874,0.3984000086784363
YER014W,YOR317W,0,-3.3726125,0.11088799685239792,0.4970000088214874,0.398499995470047
YER074W-A,YGL129C,0,-3.3726163,0.11086326092481613,0.4970000088214874,0.3986000120639801
YKL124W,YHL035C,0,-3.3729224,0.11083853989839554,0.4970000088214874,0.3986999988555908
YOL076W,YCR098C,0,-3.3730278,0.11081382632255554,0.4970000088214874,0.39879998564720154
YPL236C,YLR103C,0,-3.373312,0.11078912019729614,0.4970000088214874,0.39890000224113464
YHR067W,YHR021C,0,-3.3740168,0.11076442897319794,0.4970000088214874,0.39899998903274536
YGR287C,YHR191C,0,-3.3740945,0.11073975265026093,0.4970000088214874,0.39910000562667847
YDR316W,YBL058W,0,-3.3741512,0.11071508377790451,0.4970000088214874,0.3991999924182892
YJL134W,YDL136W,0,-3.374187,0.11069042235612869,0.4970000088214874,0.3993000090122223
YAL022C,YOR358W,0,-3.3746262,0.11066577583551407,0.4970000088214874,0.399399995803833
YDL136W,YDR140W,0,-3.3746467,0.11064113676548004,0.4970000088214874,0.3995000123977661
YIL117C,YOL045W,0,-3.374722,0.11061651259660721,0.4970000088214874,0.39959999918937683
YOR266W,YHL015W,0,-3.3748689,0.11059190332889557,0.4970000088214874,0.39969998598098755
YPL006W,YPL053C,0,-3.3749046,0.11056729406118393,0.4970000088214874,0.39980000257492065
YPR111W,YNL197C,0,-3.3750143,0.11054270714521408,0.4970000088214874,0.39989998936653137
YMR168C,YHL004W,0,-3.375082,0.11051812022924423,0.4970000088214874,0.4000000059604645
YPL242C,YGR057C,0,-3.3751383,0.11049355566501617,0.4970000088214874,0.4000999927520752
YDR307W,YAL044C,0,-3.3753562,0.11046899110078812,0.4970000088214874,0.4002000093460083
YLR239C,YGL127C,0,-3.375399,0.11044444143772125,0.4970000088214874,0.400299996137619
YGR271W,YDR421W,0,-3.3755465,0.11041990667581558,0.4970000088214874,0.4004000127315521
YGR268C,YFL034C-B,0,-3.3758078,0.11039537936449051,0.4970000088214874,0.40049999952316284
YPL174C,YDR101C,0,-3.3759155,0.11037086695432663,0.4970000088214874,0.40059998631477356
YOR319W,YNL009W,0,-3.3759236,0.11034636199474335,0.4970000088214874,0.40070000290870667
YAR009C,YFL001W,0,-3.3759246,0.11032186448574066,0.4970000088214874,0.4007999897003174
YOR338W,YOR084W,0,-3.3759284,0.11029738187789917,0.4970000088214874,0.4009000062942505
YNR054C,YKL190W,0,-3.3759394,0.11027290672063828,0.4970000088214874,0.4009999930858612
YJL090C,YDL184C,0,-3.3759913,0.11024844646453857,0.4970000088214874,0.4011000096797943
YBL091C,YIL133C,0,-3.3760257,0.11022399365901947,0.4970000088214874,0.40119999647140503
YOL017W,YLR449W,1,-3.3760977,0.11042128503322601,0.49799999594688416,0.40119999647140503
YPR034W,YKR019C,1,-3.376162,0.1106184870004654,0.49900001287460327,0.40119999647140503
YBR045C,YHR150W,0,-3.3764281,0.11059397459030151,0.49900001287460327,0.40130001306533813
YHR085W,YFL011W-A,0,-3.3765745,0.11056946963071823,0.49900001287460327,0.40139999985694885
YDR001C,YDR236C,0,-3.376645,0.11054497212171555,0.49900001287460327,0.40149998664855957
YLR455W,YGL144C,0,-3.3769474,0.11052048951387405,0.49900001287460327,0.4016000032424927
YNL115C,YOL005C,0,-3.3773189,0.11049601435661316,0.49900001287460327,0.4016999900341034
YOR281C,YKL087C,0,-3.3774447,0.11047155410051346,0.49900001287460327,0.4018000066280365
YDR239C,YHR039C-A,0,-3.3775306,0.11044710129499435,0.49900001287460327,0.4018999934196472
YMR073C,YKL205W,0,-3.3777514,0.11042266339063644,0.49900001287460327,0.4020000100135803
YKL057C,YPL037C,0,-3.37782,0.11039823293685913,0.49900001287460327,0.40209999680519104
YPR111W,YPL202C,0,-3.3781815,0.11037380993366241,0.49900001287460327,0.40220001339912415
YEL043W,YGR261C,0,-3.3783345,0.11034940183162689,0.49900001287460327,0.40230000019073486
YGR087C,YNL282W,0,-3.3784027,0.11032500863075256,0.49900001287460327,0.4023999869823456
YJR112W,YIL070C,0,-3.3784614,0.11030061542987823,0.49900001287460327,0.4025000035762787
YGR042W,YOL005C,0,-3.3784962,0.1102762445807457,0.49900001287460327,0.4025999903678894
YOR038C,YJL176C,1,-3.3787303,0.11047282069921494,0.5,0.4025999903678894
YPR165W,YOL045W,0,-3.378788,0.11044842004776001,0.5,0.4027000069618225
YNL078W,YPL188W,0,-3.378934,0.11042402684688568,0.5,0.4027999937534332
YDL013W,YBR182C,0,-3.379013,0.11039964854717255,0.5,0.40290001034736633
YAL022C,YLR074C,0,-3.379056,0.11037527769804001,0.5,0.40299999713897705
YPL006W,YMR173W,0,-3.3794107,0.11035091429948807,0.5,0.40310001373291016
YER028C,YBR176W,0,-3.379551,0.11032656580209732,0.5,0.4032000005245209
YKL171W,YNR057C,0,-3.3798752,0.11030222475528717,0.5,0.4032999873161316
YMR036C,YDL080C,0,-3.3802943,0.11027789860963821,0.5,0.4034000039100647
YDR352W,YGL068W,0,-3.3804026,0.11025357991456985,0.5,0.4034999907016754
YGR260W,YER089C,0,-3.3805933,0.11022927612066269,0.5,0.4036000072956085
YIL125W,YNL213C,0,-3.3808837,0.11020497977733612,0.5,0.40369999408721924
YBR129C,YIL063C,0,-3.3809028,0.11018069833517075,0.5,0.40380001068115234
YKL180W,YOR126C,0,-3.380951,0.11015642434358597,0.5,0.40389999747276306
YNL131W,YFL022C,0,-3.3811417,0.11013215780258179,0.5,0.40400001406669617
YPL236C,YPL198W,0,-3.3812737,0.1101079061627388,0.5,0.4041000008583069
YKL001C,YPL202C,0,-3.3814893,0.11008366197347641,0.5,0.4041999876499176
YCR026C,YKL143W,0,-3.3815098,0.11005943268537521,0.5,0.4043000042438507
YPR070W,YOR304C-A,0,-3.3816476,0.11003521084785461,0.5,0.4043999910354614
YPR082C,YHR015W,0,-3.3817482,0.11001100391149521,0.5,0.40450000762939453
YKL178C,YHL028W,0,-3.381774,0.1099868044257164,0.5,0.40459999442100525
YPL033C,YJR093C,0,-3.3822317,0.10996261239051819,0.5,0.40470001101493835
YCR010C,YMR172W,0,-3.3823996,0.10993843525648117,0.5,0.4047999978065491
YBR095C,YNL186W,1,-3.3829417,0.11013409495353699,0.5009999871253967,0.4047999978065491
YNL173C,YPL006W,0,-3.3830223,0.11010988801717758,0.5009999871253967,0.4049000144004822
YMR131C,YLR105C,0,-3.3830824,0.11008569598197937,0.5009999871253967,0.4050000011920929
YGL142C,YMR040W,0,-3.3830843,0.11006151139736176,0.5009999871253967,0.4050999879837036
YKL213C,YJR074W,0,-3.3830914,0.11003734171390533,0.5009999871253967,0.4052000045776367
YNL273W,YBL058W,0,-3.3831906,0.11001317203044891,0.5009999871253967,0.40529999136924744
YLR032W,YOR357C,0,-3.3833437,0.10998902469873428,0.5009999871253967,0.40540000796318054
YDR358W,YDR040C,0,-3.3836064,0.10996488481760025,0.5009999871253967,0.40549999475479126
YPR176C,YNL282W,0,-3.383749,0.10994075238704681,0.5009999871253967,0.40560001134872437
YNL083W,YMR311C,0,-3.3839078,0.10991662740707397,0.5009999871253967,0.4056999981403351
YMR190C,YGR287C,0,-3.383932,0.10989251732826233,0.5009999871253967,0.4058000147342682
YGR076C,YKL206C,0,-3.3841658,0.10986842215061188,0.5009999871253967,0.4059000015258789
YDR393W,YPL069C,0,-3.384272,0.10984433442354202,0.5009999871253967,0.4059999883174896
YER133W,YER030W,1,-3.384335,0.11003945767879486,0.5019999742507935,0.4059999883174896
YOR348C,YOL030W,0,-3.3843503,0.11001534014940262,0.5019999742507935,0.40610000491142273
YKL214C,YLR070C,0,-3.3844218,0.10999123752117157,0.5019999742507935,0.40619999170303345
YGL084C,YGR119C,0,-3.384438,0.10996714234352112,0.5019999742507935,0.40630000829696655
YKL084W,YCL039W,0,-3.3845453,0.10994305461645126,0.5019999742507935,0.40639999508857727
YGR252W,YBR215W,1,-3.384654,0.1101379469037056,0.503000020980835,0.40639999508857727
YIL048W,YDL217C,0,-3.3847532,0.11011383682489395,0.503000020980835,0.4065000116825104
YJR137C,YJR033C,0,-3.3848014,0.1100897341966629,0.503000020980835,0.4065999984741211
YJR029W,YMR073C,0,-3.3848023,0.11006564646959305,0.503000020980835,0.4066999852657318
YIR017C,YLR297W,0,-3.3849082,0.11004156619310379,0.503000020980835,0.4068000018596649
YOL148C,YOR123C,1,-3.38491,0.11023622006177902,0.5040000081062317,0.4068000018596649
YGR087C,YCL008C,0,-3.385035,0.11021211743354797,0.5040000081062317,0.40689998865127563
YHR053C,YIL095W,0,-3.3850608,0.11018802225589752,0.5040000081062317,0.40700000524520874
YOL148C,YKR019C,1,-3.38512,0.11038251221179962,0.5049999952316284,0.40700000524520874
YLR074C,YCR097W,0,-3.3851686,0.11035839468240738,0.5049999952316284,0.40709999203681946
YPR111W,YGL131C,0,-3.3851714,0.11033427715301514,0.5049999952316284,0.40720000863075256
YGL084C,YDR141C,0,-3.3853002,0.11031018197536469,0.5049999952316284,0.4072999954223633
YHR169W,YGR007W,0,-3.3854456,0.11028608679771423,0.5049999952316284,0.4074000120162964
YOR393W,YGR087C,0,-3.3856363,0.11026200652122498,0.5049999952316284,0.4074999988079071
YDR004W,YDL247W,0,-3.3857303,0.11023794114589691,0.5049999952316284,0.4075999855995178
YJL179W,YKL222C,0,-3.385818,0.11021388322114944,0.5049999952316284,0.4077000021934509
YKL024C,YGR217W,0,-3.3858213,0.11018983274698257,0.5049999952316284,0.40779998898506165
YKR036C,YDR218C,0,-3.3859153,0.1101657971739769,0.5049999952316284,0.40790000557899475
YLL032C,YPL002C,0,-3.3865108,0.11014176905155182,0.5049999952316284,0.40799999237060547
YBR048W,YDR186C,0,-3.3865323,0.11011774837970734,0.5049999952316284,0.4081000089645386
YML018C,YJL179W,0,-3.3865862,0.11009374260902405,0.5049999952316284,0.4081999957561493
YKL142W,YCR097W,0,-3.386612,0.11006974428892136,0.5049999952316284,0.4083000123500824
YBR088C,YCR052W,1,-3.3867993,0.11026367545127869,0.5059999823570251,0.4083000123500824
YGL170C,YIL049W,0,-3.3868961,0.1102396547794342,0.5059999823570251,0.4083999991416931
YML018C,YDL215C,0,-3.3869705,0.11021564155817032,0.5059999823570251,0.40849998593330383
YER019C-A,YLR297W,0,-3.3870173,0.11019163578748703,0.5059999823570251,0.40860000252723694
YMR013C,YPL242C,0,-3.3870296,0.11016764491796494,0.5059999823570251,0.40869998931884766
YAL010C,YDR486C,0,-3.3870797,0.11014366894960403,0.5059999823570251,0.40880000591278076
YAL020C,YCR036W,0,-3.387392,0.11011969298124313,0.5059999823570251,0.4088999927043915
YGR042W,YOL121C,0,-3.387411,0.11009573191404343,0.5059999823570251,0.4090000092983246
YPL221W,YIL095W,0,-3.387423,0.11007178574800491,0.5059999823570251,0.4090999960899353
YMR101C,YLR105C,0,-3.387442,0.110047847032547,0.5059999823570251,0.4092000126838684
YNL137C,YER190W,0,-3.387784,0.11002391576766968,0.5059999823570251,0.4092999994754791
YFR025C,YEL047C,0,-3.387847,0.10999999940395355,0.5059999823570251,0.40939998626708984
YBR215W,YNL186W,1,-3.3881044,0.11019343882799149,0.5070000290870667,0.40939998626708984
YGL006W,YCR087C-A,0,-3.388348,0.11016949266195297,0.5070000290870667,0.40950000286102295
YNR032C-A,YOR357C,0,-3.3883514,0.11014555394649506,0.5070000290870667,0.40959998965263367
YNL308C,YIL149C,0,-3.3883638,0.11012163013219833,0.5070000290870667,0.4097000062465668
YNL287W,YJR120W,0,-3.3885498,0.1100977212190628,0.5070000290870667,0.4097999930381775
YJL111W,YDR146C,0,-3.3886375,0.11007381975650787,0.5070000290870667,0.4099000096321106
YMR131C,YMR286W,0,-3.3887138,0.11004992574453354,0.5070000290870667,0.4099999964237213
YER030W,YNL088W,1,-3.3887153,0.1102430522441864,0.5080000162124634,0.4099999964237213
YBR164C,YHR015W,0,-3.3889823,0.11021913588047028,0.5080000162124634,0.4101000130176544
YML001W,YGR222W,0,-3.3890252,0.11019522696733475,0.5080000162124634,0.41019999980926514
YAL022C,YMR056C,0,-3.3890443,0.11017133295536041,0.5080000162124634,0.41029998660087585
YDR081C,YLR350W,0,-3.3890457,0.11014743894338608,0.5080000162124634,0.41040000319480896
YBR095C,YER161C,1,-3.3890724,0.11034034192562103,0.5090000033378601,0.41040000319480896
YDR263C,YDL122W,0,-3.389163,0.11031642556190491,0.5090000033378601,0.4104999899864197
YNL262W,YGR252W,1,-3.389348,0.11050920933485031,0.5099999904632568,0.4104999899864197
YOR243C,YKL006C-A,0,-3.389574,0.1104852706193924,0.5099999904632568,0.4106000065803528
YLR145W,YER129W,0,-3.3899517,0.11046133935451508,0.5099999904632568,0.4106999933719635
YGR042W,YDR479C,0,-3.3900447,0.11043741554021835,0.5099999904632568,0.4108000099658966
YLR022C,YGL203C,0,-3.390277,0.11041350662708282,0.5099999904632568,0.4108999967575073
YGL027C,YML113W,0,-3.390335,0.11038961261510849,0.5099999904632568,0.41100001335144043
YDR239C,YCR098C,0,-3.3904185,0.11036571860313416,0.5099999904632568,0.41110000014305115
YER019C-A,YIL044C,0,-3.3905916,0.11034184694290161,0.5099999904632568,0.41119998693466187
YOR243C,YKL145W,0,-3.3907285,0.11031797528266907,0.5099999904632568,0.41130000352859497
YLR327C,YPR055W,0,-3.3908892,0.11029411852359772,0.5099999904632568,0.4113999903202057
YHR163W,YKL059C,0,-3.3909135,0.11027026921510696,0.5099999904632568,0.4115000069141388
YMR307W,YKL077W,0,-3.3909273,0.1102464348077774,0.5099999904632568,0.4115999937057495
YMR168C,YGL167C,0,-3.3910894,0.11022260785102844,0.5099999904632568,0.4117000102996826
YPL198W,YER052C,0,-3.3912272,0.11019878834486008,0.5099999904632568,0.41179999709129333
YNR060W,YHL035C,0,-3.3915195,0.1101749837398529,0.5099999904632568,0.41190001368522644
YLL055W,YLR427W,0,-3.3915548,0.11015118658542633,0.5099999904632568,0.41200000047683716
YOL045W,YEL016C,0,-3.3918276,0.11012740433216095,0.5099999904632568,0.4120999872684479
YDR141C,YJL096W,0,-3.3918638,0.11010362952947617,0.5099999904632568,0.412200003862381
YOL111C,YPL121C,0,-3.3919978,0.11007986217737198,0.5099999904632568,0.4122999906539917
YOR079C,YPR082C,0,-3.3920975,0.11005610972642899,0.5099999904632568,0.4124000072479248
YKR090W,YNL094W,0,-3.3921485,0.11003236472606659,0.5099999904632568,0.4124999940395355
YFR025C,YOR257W,0,-3.392374,0.11000862717628479,0.5099999904632568,0.41260001063346863
YHR074W,YPL075W,0,-3.3925529,0.10998490452766418,0.5099999904632568,0.41269999742507935
YDL236W,YJL127C,1,-3.3929205,0.11017680168151855,0.5109999775886536,0.41269999742507935
YNL070W,YKL011C,0,-3.3931918,0.11015304923057556,0.5109999775886536,0.41280001401901245
YER142C,YIL096C,0,-3.3933048,0.11012931168079376,0.5109999775886536,0.41290000081062317
YCL045C,YBL036C,0,-3.393351,0.11010558158159256,0.5109999775886536,0.4129999876022339
YGL006W,YMR047C,0,-3.3934255,0.11008185893297195,0.5109999775886536,0.413100004196167
YJL128C,YDR486C,0,-3.393445,0.11005815118551254,0.5109999775886536,0.4131999909877777
YDR412W,YGR007W,0,-3.393529,0.11003445088863373,0.5109999775886536,0.4133000075817108
YNL069C,YKL027W,0,-3.3936005,0.11001076549291611,0.5109999775886536,0.41339999437332153
YAR010C,YHR191C,0,-3.3937545,0.10998708754777908,0.5109999775886536,0.41350001096725464
YNL078W,YMR072W,0,-3.393824,0.10996341705322266,0.5109999775886536,0.41359999775886536
YPR094W,YOR034C,0,-3.3939667,0.10993976145982742,0.5109999775886536,0.41370001435279846
YBR060C,YPL001W,1,-3.3940258,0.11013121157884598,0.5120000243186951,0.41370001435279846
YKL126W,YHR077C,0,-3.394207,0.11010752618312836,0.5120000243186951,0.4138000011444092
YDR253C,YOL052C-A,0,-3.3945727,0.11008385568857193,0.5120000243186951,0.4138999879360199
YAL041W,YPR096C,0,-3.3949618,0.1100601926445961,0.5120000243186951,0.414000004529953
YFL022C,YLR155C,0,-3.3949904,0.11003653705120087,0.5120000243186951,0.4140999913215637
YML069W,YKR019C,1,-3.395021,0.11022776365280151,0.5130000114440918,0.4140999913215637
YNL151C,YGL098W,0,-3.3951406,0.11020407825708389,0.5130000114440918,0.4142000079154968
YNL188W,YGL161C,0,-3.3951883,0.11018041521310806,0.5130000114440918,0.41429999470710754
YOR038C,YNL262W,1,-3.3953047,0.11037148535251617,0.5139999985694885,0.41429999470710754
YFR015C,YMR021C,0,-3.3954196,0.11034778505563736,0.5139999985694885,0.41440001130104065
YDR026C,YBL016W,0,-3.3957243,0.11032410711050034,0.5139999985694885,0.41449999809265137
YBR162W-A,YDL247W,0,-3.3957858,0.11030042916536331,0.5139999985694885,0.4146000146865845
YFR005C,YKL201C,0,-3.3959103,0.11027676612138748,0.5139999985694885,0.4147000014781952
YML115C,YGR166W,0,-3.396256,0.11025311052799225,0.5139999985694885,0.4147999882698059
YGL170C,YIL117C,0,-3.396389,0.11022946238517761,0.5139999985694885,0.414900004863739
YNL090W,YOR150W,0,-3.3965077,0.11020582914352417,0.5139999985694885,0.41499999165534973
YJR134C,YDL247W,0,-3.396531,0.11018221080303192,0.5139999985694885,0.41510000824928284
YGR109C,YBR155W,0,-3.396628,0.11015859246253967,0.5139999985694885,0.41519999504089355
YDR184C,YNL334C,0,-3.396718,0.11013498902320862,0.5139999985694885,0.41530001163482666
YER157W,YGR042W,0,-3.3967528,0.11011139303445816,0.5139999985694885,0.4153999984264374
YIL049W,YBL079W,0,-3.3970952,0.1100878119468689,0.5139999985694885,0.4154999852180481
YEL039C,YOR357C,0,-3.3971877,0.11006423830986023,0.5139999985694885,0.4156000018119812
YER062C,YGL075C,0,-3.3973498,0.11004067957401276,0.5139999985694885,0.4156999886035919
YJL048C,YER157W,0,-3.3974042,0.11001712083816528,0.5139999985694885,0.415800005197525
YKL008C,YJL112W,0,-3.3975286,0.109993577003479,0.5139999985694885,0.41589999198913574
YLR268W,YIL096C,0,-3.3975353,0.10997004806995392,0.5139999985694885,0.41600000858306885
YDR239C,YLL032C,0,-3.397635,0.10994652658700943,0.5139999985694885,0.41609999537467957
YLR288C,YDL076C,1,-3.3978343,0.11013686656951904,0.5149999856948853,0.41609999537467957
YIR008C,YGR057C,0,-3.397956,0.11011332273483276,0.5149999856948853,0.41620001196861267
YPR111W,YGR188C,0,-3.398024,0.11008977890014648,0.5149999856948853,0.4162999987602234
YKL120W,YBR129C,0,-3.3980465,0.1100662499666214,0.5149999856948853,0.4163999855518341
YAL010C,YKL051W,0,-3.3980975,0.11004273593425751,0.5149999856948853,0.4165000021457672
YJR151C,YOR305W,0,-3.3983655,0.11001922935247421,0.5149999856948853,0.41659998893737793
YHR005C,YEL009C,0,-3.3984613,0.10999573022127151,0.5149999856948853,0.41670000553131104
YGR096W,YJL056C,0,-3.3984776,0.10997223854064941,0.5149999856948853,0.41679999232292175
YLR103C,YEL042W,0,-3.3985004,0.10994876176118851,0.5149999856948853,0.41690000891685486
YKL096W-A,YDL185W,0,-3.3986135,0.1099252924323082,0.5149999856948853,0.4169999957084656
YJL080C,YDR227W,1,-3.3986454,0.11011523753404617,0.515999972820282,0.4169999957084656
YGL014W,YNL088W,1,-3.3986702,0.11030510067939758,0.5170000195503235,0.4169999957084656
YLR126C,YCR098C,0,-3.3986726,0.1102815717458725,0.5170000195503235,0.4171000123023987
YPL124W,YJR033C,0,-3.3989463,0.11025805026292801,0.5170000195503235,0.4171999990940094
YLR188W,YCL016C,0,-3.3992682,0.11023454368114471,0.5170000195503235,0.4172999858856201
YBR055C,YNL009W,0,-3.3993392,0.11021104454994202,0.5170000195503235,0.4174000024795532
YEL039C,YGL129C,0,-3.399828,0.11018755286931992,0.5170000195503235,0.41749998927116394
YFL034C-B,YDR146C,0,-3.399983,0.11016407608985901,0.5170000195503235,0.41760000586509705
YJR109C,YPL031C,0,-3.4001822,0.1101406067609787,0.5170000195503235,0.41769999265670776
YHR077C,YJR153W,0,-3.4003096,0.11011714488267899,0.5170000195503235,0.41780000925064087
YNL246W,YLR442C,1,-3.400312,0.11030664294958115,0.5180000066757202,0.41780000925064087
YDR239C,YKL077W,0,-3.4004164,0.11028315871953964,0.5180000066757202,0.4178999960422516
YER169W,YLR015W,1,-3.400567,0.11047254502773285,0.5189999938011169,0.4178999960422516
YHR005C,YGL004C,0,-3.4006934,0.11044903099536896,0.5189999938011169,0.4180000126361847
YLR007W,YMR210W,0,-3.4007173,0.11042553186416626,0.5189999938011169,0.4180999994277954
YGL094C,YMR052W,0,-3.4009352,0.11040204018354416,0.5189999938011169,0.41819998621940613
YHL028W,YAL005C,0,-3.401187,0.11037856340408325,0.5189999938011169,0.41830000281333923
YAL010C,YGR158C,0,-3.4013062,0.11035509407520294,0.5189999938011169,0.41839998960494995
YLR135W,YMR168C,0,-3.401308,0.11033163219690323,0.5189999938011169,0.41850000619888306
YOR250C,YKL145W,0,-3.4013767,0.11030818521976471,0.5189999938011169,0.4185999929904938
YOR038C,YKR019C,1,-3.401647,0.11049723625183105,0.5199999809265137,0.4185999929904938
YHL027W,YKL074C,0,-3.4018173,0.11047375947237015,0.5199999809265137,0.4187000095844269
YJR125C,YLR013W,0,-3.4019227,0.11045029759407043,0.5199999809265137,0.4187999963760376
YGL142C,YDR280W,0,-3.401929,0.11042684316635132,0.5199999809265137,0.4189000129699707
YCR087C-A,YBR048W,0,-3.4019928,0.1104033961892128,0.5199999809265137,0.4189999997615814
YGL006W,YKL012W,0,-3.4022274,0.11037996411323547,0.5199999809265137,0.41909998655319214
YML069W,YDL076C,1,-3.4022841,0.11056876182556152,0.5210000276565552,0.41909998655319214
YER149C,YOR357C,0,-3.4023027,0.11054529994726181,0.5210000276565552,0.41920000314712524
YOL148C,YDR303C,1,-3.4025402,0.1107339859008789,0.5220000147819519,0.41920000314712524
YKR096W,YGL097W,0,-3.402615,0.1107105016708374,0.5220000147819519,0.41929998993873596
YOL062C,YNL282W,0,-3.402616,0.1106870248913765,0.5220000147819519,0.41940000653266907
YLR324W,YML129C,0,-3.4026852,0.11066355556249619,0.5220000147819519,0.4194999933242798
YCL057W,YJR052W,0,-3.4027305,0.11064010113477707,0.5220000147819519,0.4196000099182129
YPR094W,YIL062C,0,-3.4027658,0.11061665415763855,0.5220000147819519,0.4196999967098236
YJL094C,YJR129C,0,-3.4027996,0.11059322208166122,0.5220000147819519,0.4198000133037567
YFL001W,YBR294W,0,-3.4028015,0.1105697974562645,0.5220000147819519,0.41990000009536743
YHR066W,YAL055W,0,-3.4028459,0.11054638028144836,0.5220000147819519,0.41999998688697815
YGR034W,YGL206C,0,-3.4030433,0.11052297055721283,0.5220000147819519,0.42010000348091125
YHL035C,YMR322C,0,-3.4030476,0.11049957573413849,0.5220000147819519,0.420199990272522
YJL069C,YGL127C,0,-3.4030948,0.11047618836164474,0.5220000147819519,0.4203000068664551
YIL110W,YNL137C,0,-3.4033713,0.1104528158903122,0.5220000147819519,0.4203999936580658
YMR307W,YDL066W,0,-3.4034805,0.11042945086956024,0.5220000147819519,0.4205000102519989
YJL140W,YOR260W,0,-3.4035025,0.11040609329938889,0.5220000147819519,0.4205999970436096
YDR079W,YDR460W,0,-3.4035273,0.11038274317979813,0.5220000147819519,0.4207000136375427
YOR354C,YGR046W,0,-3.4035711,0.11035940796136856,0.5220000147819519,0.42080000042915344
YNL059C,YNL088W,1,-3.4039426,0.11054745316505432,0.5230000019073486,0.42080000042915344
YIL080W,YPR005C,0,-3.4040513,0.11052408814430237,0.5230000019073486,0.42089998722076416
YCR052W,YOR038C,1,-3.4041214,0.11071202158927917,0.5239999890327454,0.42089998722076416
YNR038W,YML114C,0,-3.4041862,0.11068863421678543,0.5239999890327454,0.42100000381469727
YHL047C,YJL056C,0,-3.4045587,0.11066526174545288,0.5239999890327454,0.421099990606308
YJR151C,YMR021C,0,-3.404696,0.11064188927412033,0.5239999890327454,0.4212000072002411
YMR122W-A,YER040W,0,-3.4047909,0.11061853170394897,0.5239999890327454,0.4212999939918518
YBR182C,YAR007C,0,-3.4051833,0.11059518903493881,0.5239999890327454,0.4214000105857849
YIL077C,YDR473C,0,-3.4052343,0.11057185381650925,0.5239999890327454,0.42149999737739563
YDR469W,YKR101W,1,-3.4055285,0.11075949668884277,0.5249999761581421,0.42149999737739563
YBR095C,YML069W,1,-3.4057393,0.11094705760478973,0.5260000228881836,0.42149999737739563
YML018C,YKL129C,0,-3.405757,0.1109236627817154,0.5260000228881836,0.42160001397132874
YLR226W,YIL142W,0,-3.4057775,0.11090027540922165,0.5260000228881836,0.42170000076293945
YBR289W,YJL127C,1,-3.405799,0.11108768731355667,0.5270000100135803,0.42170000076293945
YKL057C,YNL188W,0,-3.4058065,0.11106427758932114,0.5270000100135803,0.42179998755455017
YBR088C,YLR321C,1,-3.4058642,0.1112515777349472,0.527999997138977,0.42179998755455017
YPR078C,YOL103W,0,-3.4060192,0.11122814565896988,0.527999997138977,0.4219000041484833
YPL202C,YDL220C,0,-3.406176,0.11120472103357315,0.527999997138977,0.421999990940094
YKL214C,YGR166W,0,-3.406177,0.11118130385875702,0.527999997138977,0.4221000075340271
YDL128W,YHR191C,0,-3.4066577,0.11115789413452148,0.527999997138977,0.4221999943256378
YOR285W,YMR232W,0,-3.4067383,0.11113449931144714,0.527999997138977,0.4223000109195709
YGR087C,YBL036C,0,-3.40702,0.1111111119389534,0.527999997138977,0.42239999771118164
YKL120W,YHL020C,0,-3.4070215,0.11108773201704025,0.527999997138977,0.42250001430511475
YLL015W,YLR103C,0,-3.407168,0.1110643669962883,0.527999997138977,0.42260000109672546
YLR307W,YER019C-A,0,-3.4073362,0.11104100942611694,0.527999997138977,0.4226999878883362
YLR449W,YMR127C,1,-3.407362,0.11122792214155197,0.5289999842643738,0.4226999878883362
YGL006W,YBR022W,0,-3.407494,0.11120454221963882,0.5289999842643738,0.4228000044822693
YOR133W,YGR204W,0,-3.4075203,0.11118116974830627,0.5289999842643738,0.42289999127388
YNL317W,YER155C,0,-3.4077063,0.11115780472755432,0.5289999842643738,0.4230000078678131
YAR009C,YDR245W,0,-3.4080791,0.11113445460796356,0.5289999842643738,0.42309999465942383
YDR472W,YBL016W,0,-3.4081087,0.1111111119389534,0.5289999842643738,0.42320001125335693
YLR032W,YKL032C,0,-3.4081802,0.11108777672052383,0.5289999842643738,0.42329999804496765
YGL232W,YHR079C-A,0,-3.4083495,0.11106445640325546,0.5289999842643738,0.42340001463890076
YML123C,YMR052W,0,-3.4083705,0.11104114353656769,0.5289999842643738,0.4235000014305115
YAL022C,YOR287C,0,-3.408463,0.11101783812046051,0.5289999842643738,0.4235999882221222
YPR094W,YLR039C,0,-3.4085631,0.11099454760551453,0.5289999842643738,0.4237000048160553
YOL152W,YIL063C,0,-3.408649,0.11097125709056854,0.5289999842643738,0.423799991607666
YKR036C,YER009W,0,-3.4090953,0.11094798892736435,0.5289999842643738,0.4239000082015991
YGL231C,YJR120W,0,-3.4092126,0.11092472076416016,0.5289999842643738,0.42399999499320984
YER028C,YOL045W,0,-3.4092774,0.11090146750211716,0.5289999842643738,0.42410001158714294
YPL249C,YGL023C,0,-3.4093685,0.11087822169065475,0.5289999842643738,0.42419999837875366
YCR087C-A,YBR189W,0,-3.4094186,0.11085499078035355,0.5289999842643738,0.4242999851703644
YHR163W,YDR141C,0,-3.4094195,0.11083175987005234,0.5289999842643738,0.4244000017642975
YKR101W,YGL066W,1,-3.4095964,0.11101801693439484,0.5299999713897705,0.4244000017642975
YMR077C,YIR008C,0,-3.4096336,0.11099476367235184,0.5299999713897705,0.4244999885559082
YLR004C,YDR272W,0,-3.4097633,0.11097152531147003,0.5299999713897705,0.4246000051498413
YNL329C,YLR109W,0,-3.40978,0.11094829440116882,0.5299999713897705,0.424699991941452
YJL112W,YGL167C,0,-3.4098454,0.11092507094144821,0.5299999713897705,0.42480000853538513
YNL273W,YMR210W,0,-3.4098907,0.1109018623828888,0.5299999713897705,0.42489999532699585
YMR261C,YHL004W,0,-3.41003,0.11087866127490997,0.5299999713897705,0.42500001192092896
YFL049W,YNL261W,1,-3.4100866,0.11106462776660919,0.531000018119812,0.42500001192092896
YER029C,YBR156C,0,-3.410242,0.11104140430688858,0.531000018119812,0.4250999987125397
YER149C,YGR158C,0,-3.410347,0.11101818829774857,0.531000018119812,0.4251999855041504
YDR081C,YDL101C,0,-3.4103556,0.11099497973918915,0.531000018119812,0.4253000020980835
YGL212W,YIL117C,0,-3.4103904,0.11097178608179092,0.531000018119812,0.4253999888896942
YGL232W,YLR297W,0,-3.4106007,0.1109485998749733,0.531000018119812,0.4255000054836273
YJR004C,YER028C,0,-3.4107275,0.11092542111873627,0.531000018119812,0.42559999227523804
YPR204W,YML129C,0,-3.4107995,0.11090225726366043,0.531000018119812,0.42570000886917114
YNL131W,YBL036C,0,-3.4108734,0.11087910085916519,0.531000018119812,0.42579999566078186
YJL080C,YDR310C,1,-3.4108925,0.11106471717357635,0.5320000052452087,0.42579999566078186
YNL062C,YHR211W,0,-3.4112382,0.11104153841733932,0.5320000052452087,0.42590001225471497
YJR033C,YDR056C,0,-3.4112473,0.11101836711168289,0.5320000052452087,0.4259999990463257
YOL164W,YMR210W,0,-3.4118242,0.11099520325660706,0.5320000052452087,0.4260999858379364
YOL113W,YPR200C,0,-3.4119406,0.11097204685211182,0.5320000052452087,0.4262000024318695
YKL143W,YMR232W,0,-3.411983,0.11094890534877777,0.5320000052452087,0.4262999892234802
YOR079C,YJL110C,0,-3.4120994,0.11092577129602432,0.5320000052452087,0.42640000581741333
YLR432W,YDL080C,0,-3.4122877,0.11090264469385147,0.5320000052452087,0.42649999260902405
YGL066W,YOR123C,1,-3.4124665,0.11108795553445816,0.5329999923706055,0.42649999260902405
YOR221C,YPL069C,0,-3.4128394,0.11106480658054352,0.5329999923706055,0.42660000920295715
YGR042W,YDR330W,0,-3.412869,0.11104166507720947,0.5329999923706055,0.42669999599456787
YCR097W,YCR018C,0,-3.4128947,0.11101853847503662,0.5329999923706055,0.426800012588501
YKR036C,YCR011C,0,-3.4129143,0.11099541932344437,0.5329999923706055,0.4268999993801117
YPR104C,YPL198W,0,-3.413107,0.11097230762243271,0.5329999923706055,0.4269999861717224
YBR166C,YER118C,0,-3.413237,0.11094921082258224,0.5329999923706055,0.4271000027656555
YLR288C,YOL017W,1,-3.413249,0.11113423854112625,0.5339999794960022,0.4271000027656555
YBR088C,YKR101W,1,-3.4133506,0.11131918430328369,0.5350000262260437,0.4271000027656555
YCR052W,YLR442C,1,-3.4136415,0.11150405555963516,0.5360000133514404,0.4271000027656555
YGL142C,YIL016W,0,-3.4136891,0.11148086190223694,0.5360000133514404,0.42719998955726624
YOL148C,YFL013C,1,-3.413814,0.11166562885046005,0.5370000004768372,0.42719998955726624
YGR034W,YOL011W,0,-3.4138727,0.11164241284132004,0.5370000004768372,0.42730000615119934
YOR125C,YDR178W,0,-3.4138784,0.11161920428276062,0.5370000004768372,0.42739999294281006
YDL217C,YOR219C,0,-3.4142413,0.1115960106253624,0.5370000004768372,0.42750000953674316
YMR036C,YMR140W,0,-3.4142847,0.11157282441854477,0.5370000004768372,0.4275999963283539
YHR164C,YJR129C,0,-3.4143033,0.11154964566230774,0.5370000004768372,0.427700012922287
YOR044W,YNL317W,0,-3.414319,0.1115264818072319,0.5370000004768372,0.4277999997138977
YMR052W,YDR412W,0,-3.4144087,0.11150332540273666,0.5370000004768372,0.4278999865055084
YBR294W,YML114C,0,-3.4144645,0.11148017644882202,0.5370000004768372,0.42800000309944153
YDR140W,YHR043C,0,-3.4144764,0.11145703494548798,0.5370000004768372,0.42809998989105225
YML109W,YJL115W,1,-3.4145298,0.11164142191410065,0.5379999876022339,0.42809998989105225
YIL034C,YGL125W,0,-3.4145784,0.11161825805902481,0.5379999876022339,0.42820000648498535
YIL084C,YOL004W,1,-3.4146504,0.11180253326892853,0.5389999747276306,0.42820000648498535
YLR418C,YDR303C,1,-3.4147162,0.11198672652244568,0.5400000214576721,0.42820000648498535
YLR047C,YGL125W,0,-3.4149356,0.11196351051330566,0.5400000214576721,0.42829999327659607
YPR078C,YGL249W,0,-3.4150043,0.11194030195474625,0.5400000214576721,0.4284000098705292
YIL132C,YIL149C,0,-3.415317,0.11191710084676743,0.5400000214576721,0.4284999966621399
YJR044C,YLR086W,0,-3.415319,0.1118939071893692,0.5400000214576721,0.428600013256073
YCL027W,YBR287W,0,-3.4155421,0.11187072843313217,0.5400000214576721,0.4287000000476837
YDR211W,YGR188C,0,-3.4157004,0.11184755712747574,0.5400000214576721,0.42879998683929443
YKR036C,YGR038W,0,-3.4157395,0.1118243932723999,0.5400000214576721,0.42890000343322754
YOR148C,YAR014C,0,-3.4159675,0.11180124431848526,0.5400000214576721,0.42899999022483826
YLR258W,YBL036C,0,-3.416278,0.11177810281515121,0.5400000214576721,0.42910000681877136
YPL124W,YOR087W,0,-3.4163613,0.11175496876239777,0.5400000214576721,0.4291999936103821
YBR155W,YKL077W,0,-3.4163928,0.11173184216022491,0.5400000214576721,0.4293000102043152
YDR026C,YJR025C,0,-3.4166956,0.11170873045921326,0.5400000214576721,0.4293999969959259
YBL041W,YJR127C,0,-3.4167218,0.1116856262087822,0.5400000214576721,0.429500013589859
YPR034W,YJL115W,1,-3.4169602,0.11186931282281876,0.5410000085830688,0.429500013589859
YLR303W,YLL031C,0,-3.4170628,0.1118461862206459,0.5410000085830688,0.4296000003814697
YJR036C,YNL258C,0,-3.4170814,0.11182306706905365,0.5410000085830688,0.42969998717308044
YOR348C,YPL236C,0,-3.4172611,0.11179995536804199,0.5410000085830688,0.42980000376701355
YBL006C,YNL186W,1,-3.417457,0.11198347061872482,0.5419999957084656,0.42980000376701355
YFR009W,YMR165C,0,-3.4180832,0.11196033656597137,0.5419999957084656,0.42989999055862427
YDR079C-A,YLR061W,0,-3.4184923,0.11193721741437912,0.5419999957084656,0.4300000071525574
YJL183W,YGL129C,0,-3.4184937,0.11191410571336746,0.5419999957084656,0.4300999939441681
YOR393W,YGR179C,0,-3.4185386,0.1118910014629364,0.5419999957084656,0.4302000105381012
YFR015C,YGL131C,0,-3.4187198,0.11186790466308594,0.5419999957084656,0.4302999973297119
YER124C,YNL329C,0,-3.4187865,0.11184482276439667,0.5419999957084656,0.430400013923645
YER155C,YOL091W,0,-3.41888,0.111821748316288,0.5419999957084656,0.43050000071525574
YDR227W,YKR101W,1,-3.4192605,0.11200495064258575,0.5429999828338623,0.43050000071525574
YLR158C,YNL329C,0,-3.4192967,0.11198185384273529,0.5429999828338623,0.43059998750686646
YDR512C,YDR479C,0,-3.4194713,0.11195876449346542,0.5429999828338623,0.43070000410079956
YKL126W,YDR522C,0,-3.419536,0.11193568259477615,0.5429999828338623,0.4307999908924103
YJR144W,YMR277W,0,-3.4196215,0.11191261559724808,0.5429999828338623,0.4309000074863434
YPL038W,YNL213C,0,-3.4197645,0.1118895560503006,0.5429999828338623,0.4309999942779541
YFL013C,YLR442C,1,-3.419784,0.11207251995801926,0.5440000295639038,0.4309999942779541
YGR268C,YHR077C,0,-3.4200459,0.11204943060874939,0.5440000295639038,0.4311000108718872
YFL034C-B,YMR165C,0,-3.4206867,0.11202635616064072,0.5440000295639038,0.4311999976634979
YOL034W,YGL129C,0,-3.4207082,0.11200329661369324,0.5440000295639038,0.43130001425743103
YOR061W,YCL008C,0,-3.420731,0.11198023706674576,0.5440000295639038,0.43140000104904175
YGL004C,YKL134C,0,-3.4208026,0.11195719242095947,0.5440000295639038,0.43149998784065247
YLR288C,YNL246W,1,-3.4208565,0.11213991791009903,0.5450000166893005,0.43149998784065247
YJL008C,YKL143W,0,-3.4208903,0.11211685091257095,0.5450000166893005,0.43160000443458557
YDR352W,YMR223W,0,-3.4209056,0.11209379136562347,0.5450000166893005,0.4316999912261963
YOL165C,YBL074C,0,-3.4210372,0.11207073926925659,0.5450000166893005,0.4318000078201294
YNL097C,YLR321C,1,-3.4210896,0.11225328594446182,0.5460000038146973,0.4318000078201294
YKR101W,YGL037C,1,-3.421246,0.11243576556444168,0.546999990940094,0.4318000078201294
YPL097W,YGR004W,0,-3.4213285,0.11241266131401062,0.546999990940094,0.4318999946117401
YMR153W,YGR158C,0,-3.4213548,0.11238956451416016,0.546999990940094,0.4320000112056732
YKL027W,YEL037C,0,-3.4213572,0.11236647516489029,0.546999990940094,0.43209999799728394
YJL080C,YHR119W,1,-3.4214816,0.11254877597093582,0.5479999780654907,0.43209999799728394
YOR348C,YGR287C,0,-3.4217267,0.11252566426992416,0.5479999780654907,0.43220001459121704
YHR026W,YIL120W,0,-3.4218597,0.1125025674700737,0.5479999780654907,0.43230000138282776
YNL261W,YDL076C,1,-3.421917,0.11268472671508789,0.5490000247955322,0.43230000138282776
YDR310C,YER169W,1,-3.4219737,0.11286681890487671,0.550000011920929,0.43230000138282776
YBR215W,YLR321C,1,-3.4221177,0.11304882913827896,0.5509999990463257,0.43230000138282776
YGL241W,YMR020W,0,-3.4221358,0.11302564293146133,0.5509999990463257,0.4323999881744385
YBR248C,YHR060W,0,-3.4222164,0.1130024641752243,0.5509999990463257,0.4325000047683716
YDR310C,YJL176C,1,-3.4224343,0.11318433284759521,0.5519999861717224,0.4325000047683716
YJR026W,YPL092W,0,-3.4224448,0.1131611317396164,0.5519999861717224,0.4325999915599823
YBR143C,YCR087C-A,0,-3.422451,0.11313793808221817,0.5519999861717224,0.4327000081539154
YDR450W,YNL272C,0,-3.4225082,0.11311475187540054,0.5519999861717224,0.4327999949455261
YHR036W,YLR166C,0,-3.422626,0.11309158056974411,0.5519999861717224,0.43290001153945923
YBR012W-B,YLR047C,0,-3.422773,0.11306841671466827,0.5519999861717224,0.43299999833106995
YER176W,YBL016W,0,-3.422871,0.11304526031017303,0.5519999861717224,0.43309998512268066
YGL131C,YML113W,0,-3.4233012,0.11302211135625839,0.5519999861717224,0.43320000171661377
YBR265W,YIL085C,0,-3.4238691,0.11299897730350494,0.5519999861717224,0.4332999885082245
YJR004C,YML077W,0,-3.4238796,0.11297585070133209,0.5519999861717224,0.4334000051021576
YOR026W,YMR020W,0,-3.4241776,0.11295273154973984,0.5519999861717224,0.4334999918937683
YKR020W,YKL197C,0,-3.424418,0.11292961984872818,0.5519999861717224,0.4336000084877014
YKR083C,YPR145W,0,-3.424706,0.11290652304887772,0.5519999861717224,0.43369999527931213
YJR158W,YNL009W,0,-3.4247112,0.11288343369960785,0.5519999861717224,0.43380001187324524
YJL094C,YBL079W,0,-3.4247699,0.11286035925149918,0.5519999861717224,0.43389999866485596
YLR321C,YPL001W,1,-3.42486,0.1130416989326477,0.5529999732971191,0.43389999866485596
YKL201C,YPL125W,0,-3.4249358,0.11301859468221664,0.5529999732971191,0.4339999854564667
YMR101C,YOR150W,0,-3.424955,0.11299550533294678,0.5529999732971191,0.4341000020503998
YHR150W,YPL042C,0,-3.4249926,0.11297242343425751,0.5529999732971191,0.4341999888420105
YJL059W,YKR030W,0,-3.4252095,0.11294934898614883,0.5529999732971191,0.4343000054359436
YOL031C,YNL134C,0,-3.425344,0.11292628198862076,0.5529999732971191,0.4343999922275543
YOL034W,YKL051W,0,-3.425551,0.11290322244167328,0.5529999732971191,0.4345000088214874
YML115C,YPR190C,0,-3.4255543,0.112880177795887,0.5529999732971191,0.43459999561309814
YOL165C,YOR125C,0,-3.4258418,0.1128571406006813,0.5529999732971191,0.43470001220703125
YOR026W,YMR153W,0,-3.425912,0.11283411830663681,0.5529999732971191,0.43479999899864197
YDL039C,YBR189W,0,-3.426147,0.11281109601259232,0.5529999732971191,0.4348999857902527
YCR098C,YOR128C,0,-3.4261646,0.11278808861970901,0.5529999732971191,0.4350000023841858
YMR040W,YJL056C,0,-3.4264946,0.11276508867740631,0.5529999732971191,0.4350999891757965
YER028C,YBL028C,0,-3.4265103,0.1127420961856842,0.5529999732971191,0.4352000057697296
YER155C,YGR013W,0,-3.4265294,0.11271911859512329,0.5529999732971191,0.43529999256134033
YGR268C,YFL031W,0,-3.4266906,0.11269614845514297,0.5529999732971191,0.43540000915527344
YJL110C,YLR361C,0,-3.4270492,0.11267318576574326,0.5529999732971191,0.43549999594688416
YKR083C,YMR314W,0,-3.427216,0.11265023797750473,0.5529999732971191,0.43560001254081726
YER124C,YGL167C,0,-3.4272604,0.1126272901892662,0.5529999732971191,0.435699999332428
YOR287C,YHR026W,0,-3.4272923,0.11260435730218887,0.5529999732971191,0.4357999861240387
YOL152W,YML120C,0,-3.427308,0.11258143186569214,0.5529999732971191,0.4359000027179718
YBR162W-A,YGR222W,0,-3.4273534,0.1125585213303566,0.5529999732971191,0.4359999895095825
YLR455W,YKL059C,0,-3.427442,0.11253561079502106,0.5529999732971191,0.4361000061035156
YDR227W,YML069W,1,-3.4278173,0.1127161756157875,0.5540000200271606,0.4361000061035156
YNL115C,YIL142W,0,-3.428031,0.11269325017929077,0.5540000200271606,0.43619999289512634
YGL120C,YKL130C,0,-3.4280806,0.11267032474279404,0.5540000200271606,0.43630000948905945
YKL096W-A,YHR164C,0,-3.4281325,0.1126474142074585,0.5540000200271606,0.43639999628067017
YDR306C,YPR104C,0,-3.4284458,0.11262451857328415,0.5540000200271606,0.43650001287460327
YKL174C,YGL249W,0,-3.4286127,0.1126016229391098,0.5540000200271606,0.436599999666214
YJL219W,YJL082W,0,-3.428615,0.11257874220609665,0.5540000200271606,0.4366999864578247
YMR168C,YLR452C,0,-3.428689,0.11255586892366409,0.5540000200271606,0.4368000030517578
YNL004W,YEL002C,0,-3.4287672,0.11253301054239273,0.5540000200271606,0.43689998984336853
YOR393W,YLR425W,0,-3.4288592,0.11251015216112137,0.5540000200271606,0.43700000643730164
YNL192W,YML114C,0,-3.429069,0.1124873086810112,0.5540000200271606,0.43709999322891235
YPL249C,YOL008W,0,-3.4290972,0.11246447265148163,0.5540000200271606,0.43720000982284546
YKL130C,YOR128C,0,-3.4291234,0.11244165152311325,0.5540000200271606,0.4372999966144562
YHR043C,YLR447C,0,-3.4293008,0.11241883039474487,0.5540000200271606,0.4374000132083893
YOL148C,YER169W,1,-3.4293804,0.11259890347719193,0.5550000071525574,0.4374000132083893
YMR013C,YCL027W,0,-3.429391,0.11257606744766235,0.5550000071525574,0.4375
YPL202C,YKL205W,0,-3.4295797,0.11255323141813278,0.5550000071525574,0.4375999867916107
YOR079C,YML077W,0,-3.4295926,0.1125304102897644,0.5550000071525574,0.4377000033855438
YER124C,YDL128W,0,-3.4296055,0.11250760406255722,0.5550000071525574,0.43779999017715454
YHR067W,YJL179W,0,-3.4300284,0.11248479783535004,0.5550000071525574,0.43790000677108765
YPR067W,YDR194C,0,-3.4302459,0.11246200650930405,0.5550000071525574,0.43799999356269836
YHR068W,YMR207C,0,-3.430347,0.11243922263383865,0.5550000071525574,0.43810001015663147
YKL130C,YER149C,0,-3.4304843,0.11241644620895386,0.5550000071525574,0.4381999969482422
YJL078C,YNR035C,0,-3.430944,0.11239368468523026,0.5550000071525574,0.4383000135421753
YKL027W,YHR081W,0,-3.4310112,0.11237092316150665,0.5550000071525574,0.438400000333786
YER124C,YKR087C,0,-3.4311118,0.11234817653894424,0.5550000071525574,0.43849998712539673
YJR029W,YIL148W,0,-3.431151,0.11232543736696243,0.5550000071525574,0.43860000371932983
YLR405W,YDR088C,0,-3.431212,0.11230271309614182,0.5550000071525574,0.43869999051094055
YLR288C,YIL084C,1,-3.4314108,0.11248230189085007,0.5559999942779541,0.43869999051094055
YBR045C,YGL004C,0,-3.4315186,0.11245954781770706,0.5559999942779541,0.43880000710487366
YGR240C,YBR065C,0,-3.4315352,0.11243680119514465,0.5559999942779541,0.4388999938964844
YLL010C,YNR047W,0,-3.4315925,0.11241406947374344,0.5559999942779541,0.4390000104904175
YPR176C,YPL188W,0,-3.4316087,0.11239134520292282,0.5559999942779541,0.4390999972820282
YPR049C,YLR092W,0,-3.4316711,0.1123686358332634,0.5559999942779541,0.4392000138759613
YGR038W,YIL075C,0,-3.4316716,0.11234592646360397,0.5559999942779541,0.439300000667572
YOR026W,YOL152W,0,-3.4316998,0.11232323199510574,0.5559999942779541,0.43939998745918274
YDL198C,YDR235W,0,-3.4317284,0.11230054497718811,0.5559999942779541,0.43950000405311584
YEL056W,YGL014W,1,-3.4319272,0.1124798059463501,0.5569999814033508,0.43950000405311584
YER190W,YBL047C,0,-3.4319859,0.11245709657669067,0.5569999814033508,0.43959999084472656
YOR113W,YGL161C,0,-3.4322119,0.11243439465761185,0.5569999814033508,0.43970000743865967
YJR004C,YGL019W,0,-3.432283,0.11241170763969421,0.5569999814033508,0.4397999942302704
YER087C-A,YLR275W,0,-3.4323506,0.11238902062177658,0.5569999814033508,0.4399000108242035
YKL126W,YBR017C,0,-3.432465,0.11236634850502014,0.5569999814033508,0.4399999976158142
YDL020C,YLR107W,0,-3.432579,0.1123436838388443,0.5569999814033508,0.4401000142097473
YLR039C,YDL031W,0,-3.4326715,0.11232103407382965,0.5569999814033508,0.44020000100135803
YIL046W,YMR100W,0,-3.4327068,0.112298384308815,0.5569999814033508,0.44029998779296875
YDR224C,YLL002W,1,-3.4327402,0.11247732490301132,0.5580000281333923,0.44029998779296875
YPR138C,YOR143C,0,-3.4327683,0.11245465278625488,0.5580000281333923,0.44040000438690186
YKL178C,YER190W,0,-3.4329066,0.11243199557065964,0.5580000281333923,0.4404999911785126
YKL174C,YHR039C-A,0,-3.4329143,0.11240934580564499,0.5580000281333923,0.4406000077724457
YJL090C,YOR034C,0,-3.4330134,0.11238670349121094,0.5580000281333923,0.4406999945640564
YBR162W-A,YGL048C,0,-3.433052,0.11236407607793808,0.5580000281333923,0.4408000111579895
YOL034W,YOR298W,0,-3.4331088,0.11234145611524582,0.5580000281333923,0.4408999979496002
YBR045C,YNR039C,0,-3.4332266,0.11231884360313416,0.5580000281333923,0.4410000145435333
YLR327C,YIL063C,0,-3.4333315,0.11229623854160309,0.5580000281333923,0.44110000133514404
YDR368W,YGL206C,0,-3.4334445,0.11227364093065262,0.5580000281333923,0.44119998812675476
YCR017C,YPL097W,0,-3.433692,0.11225105822086334,0.5580000281333923,0.44130000472068787
YNL177C,YML001W,0,-3.4336958,0.11222848296165466,0.5580000281333923,0.4413999915122986
YAL022C,YMR190C,0,-3.43372,0.11220591515302658,0.5580000281333923,0.4415000081062317
YNL182C,YMR286W,0,-3.4338317,0.1121833547949791,0.5580000281333923,0.4415999948978424
YGL004C,YLR330W,0,-3.4339266,0.11216080188751221,0.5580000281333923,0.4417000114917755
YKR020W,YNL272C,0,-3.433951,0.11213826388120651,0.5580000281333923,0.44179999828338623
YCR097W,YGR119C,0,-3.4340158,0.11211573332548141,0.5580000281333923,0.44190001487731934
YOR133W,YJR158W,0,-3.4342952,0.11209321022033691,0.5580000281333923,0.44200000166893005
YJL059W,YDR411C,0,-3.4344697,0.11207069456577301,0.5580000281333923,0.44209998846054077
YBL099W,YMR052W,0,-3.4345489,0.1120481938123703,0.5580000281333923,0.4422000050544739
YLR455W,YPL179W,0,-3.4347706,0.11202570050954819,0.5580000281333923,0.4422999918460846
YMR022W,YMR075W,1,-3.4349108,0.1122039332985878,0.5590000152587891,0.4422999918460846
YDR486C,YMR040W,0,-3.4349174,0.1121814176440239,0.5590000152587891,0.4424000084400177
YGL142C,YIL067C,0,-3.4350185,0.11215890944004059,0.5590000152587891,0.4424999952316284
YOR087W,YOL103W,0,-3.4352317,0.11213640868663788,0.5590000152587891,0.4426000118255615
YOL064C,YHR077C,0,-3.435297,0.11211391538381577,0.5590000152587891,0.44269999861717224
YNL262W,YKR019C,1,-3.4354072,0.11229196190834045,0.5600000023841858,0.44269999861717224
YBL091C,YNL278W,0,-3.4355125,0.11226944625377655,0.5600000023841858,0.44279998540878296
YBR166C,YBR284W,0,-3.4355707,0.11224694550037384,0.5600000023841858,0.44290000200271606
YGR252W,YOR064C,1,-3.4357314,0.11242485046386719,0.5609999895095825,0.44290000200271606
YDR307W,YDR456W,0,-3.4358306,0.11240232735872269,0.5609999895095825,0.4429999887943268
YOR338W,YER131W,0,-3.435955,0.11237980425357819,0.5609999895095825,0.4431000053882599
YER014C-A,YKL087C,0,-3.43606,0.11235730350017548,0.5609999895095825,0.4431999921798706
YBL041W,YPL006W,0,-3.4360828,0.11233480274677277,0.5609999895095825,0.4433000087738037
YER190W,YJR109C,0,-3.436108,0.11231230944395065,0.5609999895095825,0.44339999556541443
YMR314W,YDL111C,0,-3.4361806,0.11228983104228973,0.5609999895095825,0.44350001215934753
YKL057C,YDR515W,0,-3.4362764,0.11226736009120941,0.5609999895095825,0.44359999895095825
YGL092W,YAR014C,0,-3.4362993,0.11224489659070969,0.5609999895095825,0.44369998574256897
YNL177C,YGR013W,0,-3.43636,0.11222244799137115,0.5609999895095825,0.4438000023365021
YCL027W,YNL094W,0,-3.4364557,0.11219999939203262,0.5609999895095825,0.4438999891281128
YPL033C,YLR145W,0,-3.4366632,0.11217756569385529,0.5609999895095825,0.4440000057220459
YGR145W,YDR005C,0,-3.4369192,0.11215513944625854,0.5609999895095825,0.4440999925136566
YJR026W,YNL094W,0,-3.4373407,0.1121327206492424,0.5609999895095825,0.4442000091075897
YHR074W,YIR009W,0,-3.4376411,0.11211030930280685,0.5609999895095825,0.44429999589920044
YBR143C,YGR007W,0,-3.4376602,0.1120879128575325,0.5609999895095825,0.44440001249313354
YKL174C,YNL151C,0,-3.4376736,0.11206552386283875,0.5609999895095825,0.44449999928474426
YGR261C,YDR186C,0,-3.4378147,0.11204314231872559,0.5609999895095825,0.444599986076355
YGR076C,YDL217C,0,-3.4381242,0.11202076822519302,0.5609999895095825,0.4447000026702881
YCR081W,YKR067W,0,-3.4382539,0.11199840158224106,0.5609999895095825,0.4447999894618988
YOL008W,YMR311C,0,-3.4382596,0.11197604984045029,0.5609999895095825,0.4449000060558319
YPL121C,YLR457C,0,-3.4386792,0.11195370554924011,0.5609999895095825,0.4449999928474426
YKR020W,YOR231W,0,-3.4387817,0.11193136125802994,0.5609999895095825,0.44510000944137573
YJL094C,YGL167C,0,-3.4388394,0.11190903931856155,0.5609999895095825,0.44519999623298645
YDR325W,YIL077C,0,-3.4390154,0.11188671737909317,0.5609999895095825,0.44530001282691956
YBR176W,YPL069C,0,-3.4390264,0.11186441034078598,0.5609999895095825,0.4453999996185303
YGL023C,YDR515W,0,-3.4391112,0.11184210330247879,0.5609999895095825,0.445499986410141
YGR194C,YDR393W,0,-3.4392333,0.1118198111653328,0.5609999895095825,0.4456000030040741
YNR039C,YHR149C,0,-3.439248,0.1117975264787674,0.5609999895095825,0.4456999897956848
YKR083C,YMR180C,0,-3.4393125,0.11177525669336319,0.5609999895095825,0.4458000063896179
YMR145C,YML023C,0,-3.4393516,0.11175298690795898,0.5609999895095825,0.44589999318122864
YGL006W,YLR381W,0,-3.4394312,0.11173073202371597,0.5609999895095825,0.44600000977516174
YBL018C,YGL047W,0,-3.439632,0.11170848459005356,0.5609999895095825,0.44609999656677246
YLR388W,YGR004W,0,-3.4396477,0.11168624460697174,0.5609999895095825,0.44620001316070557
YGL170C,YKL129C,0,-3.439683,0.11166401207447052,0.5609999895095825,0.4462999999523163
YIL046W,YML120C,0,-3.4398904,0.1116417944431305,0.5609999895095825,0.446399986743927
YOL100W,YJR033C,0,-3.440125,0.11161957681179047,0.5609999895095825,0.4465000033378601
YNL059C,YIL084C,1,-3.4402509,0.1117962971329689,0.5619999766349792,0.4465000033378601
YMR192W,YLR457C,0,-3.4403572,0.11177406460046768,0.5619999766349792,0.4465999901294708
YNL154C,YEL036C,0,-3.4406962,0.11175183951854706,0.5619999766349792,0.44670000672340393
YOL062C,YCL031C,0,-3.4411116,0.11172962188720703,0.5619999766349792,0.44679999351501465
YPL038W,YJL123C,0,-3.4411268,0.1117074117064476,0.5619999766349792,0.44690001010894775
YPR055W,YBR035C,0,-3.4414911,0.11168521642684937,0.5619999766349792,0.44699999690055847
YBR182C,YNL038W,0,-3.4416099,0.11166302114725113,0.5619999766349792,0.4471000134944916
YJL112W,YNL116W,0,-3.441616,0.11164084076881409,0.5619999766349792,0.4472000002861023
YGL232W,YDR194C,0,-3.4416265,0.11161866784095764,0.5619999766349792,0.447299987077713
YGR109C,YHL011C,0,-3.4416442,0.1115965023636818,0.5619999766349792,0.4474000036716461
YNL078W,YNL069C,0,-3.4417596,0.11157435178756714,0.5619999766349792,0.44749999046325684
YHR172W,YNL334C,0,-3.4418015,0.11155220121145248,0.5619999766349792,0.44760000705718994
YBR034C,YPL243W,0,-3.4418044,0.11153006553649902,0.5619999766349792,0.44769999384880066
YJL127C,YMR075W,1,-3.4418235,0.11170634627342224,0.5630000233650208,0.44769999384880066
YIL077C,YGR057C,0,-3.4419236,0.11168418824672699,0.5630000233650208,0.44780001044273376
YPL221W,YGL158W,0,-3.4419765,0.11166203767061234,0.5630000233650208,0.4478999972343445
YER014C-A,YPL241C,0,-3.4421897,0.11163989454507828,0.5630000233650208,0.4480000138282776
YOL040C,YBR065C,0,-3.4426422,0.11161776632070541,0.5630000233650208,0.4481000006198883
YPL274W,YPR138C,0,-3.4426575,0.11159563809633255,0.5630000233650208,0.448199987411499
YGR179C,YML067C,0,-3.4427128,0.11157352477312088,0.5630000233650208,0.44830000400543213
YCR097W,YGL100W,0,-3.4429736,0.11155141890048981,0.5630000233650208,0.44839999079704285
YGR252W,YLR015W,1,-3.4432454,0.11172741651535034,0.5640000104904175,0.44839999079704285
YLR327C,YKL145W,0,-3.4432888,0.11170528829097748,0.5640000104904175,0.44850000739097595
YDR239C,YDL078C,0,-3.4433508,0.11168316751718521,0.5640000104904175,0.44859999418258667
YIL073C,YIL094C,0,-3.4434338,0.11166105419397354,0.5640000104904175,0.4487000107765198
YDR192C,YOR380W,0,-3.44376,0.11163895577192307,0.5640000104904175,0.4487999975681305
YGL170C,YKL114C,0,-3.4437613,0.11161686480045319,0.5640000104904175,0.4489000141620636
YKL214C,YOL031C,0,-3.4438195,0.1115947738289833,0.5640000104904175,0.4490000009536743
YPL038W,YDR277C,0,-3.443859,0.11157269775867462,0.5640000104904175,0.44909998774528503
YAR009C,YCR008W,0,-3.4441695,0.11155063658952713,0.5640000104904175,0.44920000433921814
YNR054C,YKR001C,0,-3.4443173,0.11152857542037964,0.5640000104904175,0.44929999113082886
YOL135C,YBL074C,0,-3.4443636,0.11150652170181274,0.5640000104904175,0.44940000772476196
YBR048W,YPL270W,0,-3.4444952,0.11148448288440704,0.5640000104904175,0.4494999945163727
YPR096C,YMR165C,0,-3.4445372,0.11146245151758194,0.5640000104904175,0.4496000111103058
YJR109C,YGL206C,0,-3.4447145,0.11144042760133743,0.5640000104904175,0.4496999979019165
YDL230W,YGR057C,0,-3.4449825,0.11141841113567352,0.5640000104904175,0.4498000144958496
YDL231C,YKR030W,0,-3.445036,0.11139640212059021,0.5640000104904175,0.4499000012874603
YLR418C,YDL236W,1,-3.4454236,0.11157187819480896,0.5649999976158142,0.4499000012874603
YDR263C,YCL027W,0,-3.4455295,0.11154985427856445,0.5649999976158142,0.44999998807907104
YBL079W,YML126C,0,-3.445538,0.11152783036231995,0.5649999976158142,0.45010000467300415
YEL032W,YIL142W,0,-3.445673,0.11150582134723663,0.5649999976158142,0.45019999146461487
YPR134W,YCR093W,0,-3.4457493,0.11148381978273392,0.5649999976158142,0.450300008058548
YDL093W,YGR270W,0,-3.445881,0.1114618256688118,0.5649999976158142,0.4503999948501587
YER142C,YPL097W,0,-3.445931,0.11143983900547028,0.5649999976158142,0.4505000114440918
YMR250W,YPR096C,0,-3.4459424,0.11141786724328995,0.5649999976158142,0.4505999982357025
YLR432W,YGL129C,0,-3.4462337,0.11139589548110962,0.5649999976158142,0.4507000148296356
YOR034C,YBR042C,0,-3.4462714,0.11137393862009048,0.5649999976158142,0.45080000162124634
YDL136W,YGL083W,0,-3.4463296,0.11135198920965195,0.5649999976158142,0.45089998841285706
YCR017C,YBR165W,0,-3.446332,0.111330047249794,0.5649999976158142,0.45100000500679016
YER073W,YJL186W,0,-3.4464383,0.11130812019109726,0.5649999976158142,0.4510999917984009
YKL114C,YKL086W,0,-3.4464722,0.11128619313240051,0.5649999976158142,0.451200008392334
YKL084W,YKL126W,0,-3.4466624,0.11126428097486496,0.5649999976158142,0.4512999951839447
YFL026W,YGL158W,0,-3.446765,0.1112423688173294,0.5649999976158142,0.4514000117778778
YBL076C,YBR035C,0,-3.4467869,0.11122047156095505,0.5649999976158142,0.4514999985694885
YNL059C,YCR052W,1,-3.4469466,0.11139539629220963,0.5659999847412109,0.4514999985694885
YHR081W,YGL158W,0,-3.4469857,0.11137347668409348,0.5659999847412109,0.45159998536109924
YGR267C,YBR121C,0,-3.4470563,0.11135156452655792,0.5659999847412109,0.45170000195503235
YOL017W,YER161C,1,-3.447072,0.11152635514736176,0.5669999718666077,0.45170000195503235
YOR281C,YOR171C,0,-3.4471035,0.11150442808866501,0.5669999718666077,0.45179998874664307
YBR186W,YMR223W,0,-3.4471297,0.11148250102996826,0.5669999718666077,0.45190000534057617
YBR042C,YER040W,0,-3.4473376,0.11146058887243271,0.5669999718666077,0.4519999921321869
YDR469W,YOL017W,1,-3.4474401,0.111635223031044,0.5680000185966492,0.4519999921321869
YGL038C,YFR005C,0,-3.4474907,0.11161328107118607,0.5680000185966492,0.45210000872612
YLR070C,YKL059C,0,-3.4478402,0.11159135401248932,0.5680000185966492,0.4521999955177307
YPL006W,YJL053W,0,-3.448007,0.11156943440437317,0.5680000185966492,0.4523000121116638
YML086C,YGL170C,0,-3.448132,0.11154752224683762,0.5680000185966492,0.45239999890327454
YJR144W,YLR086W,0,-3.4482708,0.11152562499046326,0.5680000185966492,0.45249998569488525
YJR044C,YDR456W,0,-3.44839,0.1115037277340889,0.5680000185966492,0.45260000228881836
YBR274W,YAR007C,0,-3.4485164,0.11148184537887573,0.5680000185966492,0.4526999890804291
YDL076C,YJL176C,1,-3.4488301,0.11165620386600494,0.5690000057220459,0.4526999890804291
YKL217W,YDL216C,0,-3.4488883,0.11163429170846939,0.5690000057220459,0.4528000056743622
YER075C,YLR297W,0,-3.4491186,0.11161239445209503,0.5690000057220459,0.4528999924659729
YHR068W,YDL039C,0,-3.4491763,0.11159050464630127,0.5690000057220459,0.453000009059906
YLR363C,YDR188W,0,-3.4493299,0.1115686297416687,0.5690000057220459,0.4530999958515167
YIL110W,YOR256C,0,-3.4493694,0.11154675483703613,0.5690000057220459,0.45320001244544983
YJL127C,YLL002W,1,-3.4493847,0.11172089725732803,0.5699999928474426,0.45320001244544983
YOL004W,YMR022W,1,-3.449401,0.11189496517181396,0.5709999799728394,0.45320001244544983
YLR350W,YJR093C,0,-3.4494772,0.11187303811311722,0.5709999799728394,0.45329999923706055
YLR074C,YGL125W,0,-3.4498372,0.11185112595558167,0.5709999799728394,0.45339998602867126
YJR134C,YOR171C,0,-3.4499507,0.11182922124862671,0.5709999799728394,0.45350000262260437
YLR004C,YMR232W,0,-3.4502974,0.11180732399225235,0.5709999799728394,0.4535999894142151
YOR393W,YOR354C,0,-3.4503036,0.11178543418645859,0.5709999799728394,0.4537000060081482
YBR017C,YGL158W,0,-3.4503493,0.11176355183124542,0.5709999799728394,0.4537999927997589
YGR013W,YML078W,0,-3.4505935,0.11174168437719345,0.5709999799728394,0.453900009393692
YBR095C,YFL013C,1,-3.4506416,0.1119154766201973,0.5720000267028809,0.453900009393692
YLR145W,YDR003W,0,-3.4506674,0.11189358681440353,0.5720000267028809,0.45399999618530273
YGL092W,YLR086W,0,-3.4509368,0.11187169700860977,0.5720000267028809,0.45410001277923584
YGL158W,YMR056C,0,-3.4512773,0.1118498221039772,0.5720000267028809,0.45419999957084656
YKL142W,YPL089C,0,-3.4513597,0.11182795464992523,0.5720000267028809,0.4542999863624573
YPR111W,YJL123C,0,-3.4514937,0.11180610209703445,0.5720000267028809,0.4544000029563904
YHL035C,YKL008C,0,-3.4516168,0.11178424954414368,0.5720000267028809,0.4544999897480011
YJR112W,YBR155W,0,-3.4518428,0.1117624044418335,0.5720000267028809,0.4546000063419342
YAL022C,YMR226C,0,-3.4518642,0.11174057424068451,0.5720000267028809,0.4546999931335449
YJL078C,YML004C,0,-3.4519134,0.11171875149011612,0.5720000267028809,0.454800009727478
YFL034C-B,YNL092W,0,-3.4519405,0.11169693619012833,0.5720000267028809,0.45489999651908875
YGL153W,YGR085C,0,-3.4520817,0.11167512834072113,0.5720000267028809,0.45500001311302185
YNL290W,YFL034C-B,0,-3.4526434,0.11165332794189453,0.5720000267028809,0.45509999990463257
YER074W-A,YKL054C,0,-3.452671,0.11163153499364853,0.5720000267028809,0.4551999866962433
YGR109C,YML115C,0,-3.4527383,0.11160975694656372,0.5720000267028809,0.4553000032901764
YGR271W,YJR153W,0,-3.452972,0.11158798635005951,0.5720000267028809,0.4553999900817871
YKL129C,YLR427W,0,-3.453022,0.1115662157535553,0.5720000267028809,0.4555000066757202
YDR307W,YOL152W,0,-3.453268,0.11154446005821228,0.5720000267028809,0.45559999346733093
YML056C,YLR132C,0,-3.4533234,0.11152271181344986,0.5720000267028809,0.45570001006126404
YOR061W,YML113W,0,-3.4536228,0.11150097101926804,0.5720000267028809,0.45579999685287476
YNL261W,YJL176C,1,-3.45363,0.11167413741350174,0.5730000138282776,0.45579999685287476
YPL273W,YBR164C,0,-3.453699,0.11165237426757812,0.5730000138282776,0.45590001344680786
YLL062C,YOL069W,0,-3.4537215,0.1116306260228157,0.5730000138282776,0.4560000002384186
YGR034W,YLR381W,0,-3.4538474,0.11160888522863388,0.5730000138282776,0.4560999870300293
YPL042C,YLR361C,0,-3.45428,0.11158714443445206,0.5730000138282776,0.4562000036239624
YDL230W,YGL067W,0,-3.4544568,0.11156541854143143,0.5730000138282776,0.4562999904155731
YHR169W,YKL054C,0,-3.4548283,0.1115437000989914,0.5730000138282776,0.4564000070095062
YEL009C,YCR097W,0,-3.4549952,0.11152199655771255,0.5730000138282776,0.45649999380111694
YGR193C,YKL134C,0,-3.454998,0.11150029301643372,0.5730000138282776,0.45660001039505005
YDL215C,YIL119C,0,-3.4551482,0.11147859692573547,0.5730000138282776,0.45669999718666077
YBR162W-A,YNL036W,0,-3.4553409,0.11145691573619843,0.5730000138282776,0.45680001378059387
YEL021W,YHR076W,0,-3.45535,0.11143524199724197,0.5730000138282776,0.4569000005722046
YLR047C,YJR112W,0,-3.4556031,0.11141356825828552,0.5730000138282776,0.4569999873638153
YCR081W,YBR294W,0,-3.4556236,0.11139190942049026,0.5730000138282776,0.4571000039577484
YOR125C,YIL120W,0,-3.4557676,0.1113702654838562,0.5730000138282776,0.45719999074935913
YML077W,YDR141C,0,-3.4558167,0.11134862154722214,0.5730000138282776,0.45730000734329224
YJR049C,YMR088C,0,-3.4558625,0.11132698506116867,0.5730000138282776,0.45739999413490295
YPL273W,YDR013W,0,-3.4558864,0.1113053634762764,0.5730000138282776,0.45750001072883606
YDL067C,YNL308C,0,-3.455895,0.11128374189138412,0.5730000138282776,0.4575999975204468
YPL179W,YER044C,0,-3.4559946,0.11126213520765305,0.5730000138282776,0.4577000141143799
YOR380W,YGR038W,0,-3.45608,0.11124053597450256,0.5730000138282776,0.4578000009059906
YCL045C,YOR122C,0,-3.4562068,0.11121894419193268,0.5730000138282776,0.4578999876976013
YDL217C,YLR045C,0,-3.4562483,0.11119735985994339,0.5730000138282776,0.4580000042915344
YCL045C,YKR030W,0,-3.4562855,0.1111757829785347,0.5730000138282776,0.45809999108314514
YHR164C,YIL097W,0,-3.456308,0.1111542209982872,0.5730000138282776,0.45820000767707825
YLL031C,YGR057C,0,-3.456489,0.1111326590180397,0.5730000138282776,0.45829999446868896
YAL041W,YGL120C,0,-3.456544,0.1111111119389534,0.5730000138282776,0.45840001106262207
YBR065C,YML114C,0,-3.4566035,0.11108957231044769,0.5730000138282776,0.4584999978542328
YLR158C,YBR212W,0,-3.4567719,0.11106804013252258,0.5730000138282776,0.4586000144481659
YOR092W,YMR050C,0,-3.4569707,0.11104650795459747,0.5730000138282776,0.4587000012397766
YJR144W,YCR037C,0,-3.457314,0.11102499812841415,0.5730000138282776,0.45879998803138733
YKR096W,YDR146C,0,-3.4573593,0.11100348830223083,0.5730000138282776,0.45890000462532043
YNR038W,YDR041W,0,-3.4577065,0.11098198592662811,0.5730000138282776,0.45899999141693115
YKR007W,YKL004W,0,-3.4577537,0.11096049845218658,0.5730000138282776,0.45910000801086426
YGL038C,YLR238W,0,-3.4577951,0.11093901097774506,0.5730000138282776,0.459199994802475
YGL135W,YNL272C,0,-3.4579072,0.11091753840446472,0.5730000138282776,0.4593000113964081
YOR125C,YHL047C,0,-3.4580984,0.11089607328176498,0.5730000138282776,0.4593999981880188
YDR079W,YJR033C,0,-3.458211,0.11087461560964584,0.5730000138282776,0.4595000147819519
YDR239C,YKL025C,0,-3.4583068,0.1108531653881073,0.5730000138282776,0.4596000015735626
YML086C,YIR017C,0,-3.4583917,0.11083172261714935,0.5730000138282776,0.45969998836517334
YMR131C,YER019C-A,0,-3.4584498,0.110810287296772,0.5730000138282776,0.45980000495910645
YJL148W,YKL201C,0,-3.4588675,0.11078885942697525,0.5730000138282776,0.45989999175071716
YCR026C,YBL018C,0,-3.4589453,0.11076744645833969,0.5730000138282776,0.46000000834465027
YOL135C,YBL036C,0,-3.4589753,0.11074604094028473,0.5730000138282776,0.460099995136261
YGL231C,YGL179C,0,-3.4589868,0.11072463542222977,0.5730000138282776,0.4602000117301941
YDR500C,YIL077C,0,-3.459032,0.110703244805336,0.5730000138282776,0.4602999985218048
YDR245W,YER007C-A,0,-3.4590836,0.11068186163902283,0.5730000138282776,0.4603999853134155
YER133W,YDR121W,1,-3.4590893,0.11085361242294312,0.5740000009536743,0.4603999853134155
YIL168W,YHR149C,0,-3.4592004,0.11083220690488815,0.5740000009536743,0.46050000190734863
YCR017C,YJL090C,0,-3.4593039,0.11081080883741379,0.5740000009536743,0.46059998869895935
YOR123C,YLR449W,1,-3.4596062,0.11098243296146393,0.574999988079071,0.46059998869895935
YBL091C,YDR411C,0,-3.4596295,0.11096101999282837,0.574999988079071,0.46070000529289246
YNL209W,YKR063C,0,-3.4597964,0.11093960702419281,0.574999988079071,0.4607999920845032
YIL122W,YGR038W,0,-3.4600468,0.11091820895671844,0.574999988079071,0.4609000086784363
YPR190C,YDR486C,0,-3.4601297,0.11089681833982468,0.574999988079071,0.460999995470047
YLR427W,YOR084W,0,-3.4602275,0.1108754351735115,0.574999988079071,0.4611000120639801
YDR280W,YPL243W,0,-3.4602504,0.11085405945777893,0.574999988079071,0.4611999988555908
YEL056W,YKR019C,1,-3.4606624,0.11102544516324997,0.5759999752044678,0.4611999988555908
YCR052W,YPR034W,1,-3.460679,0.11119676381349564,0.5770000219345093,0.4611999988555908
YFL034C-B,YDR101C,0,-3.4608946,0.11117533594369888,0.5770000219345093,0.46129998564720154
YDL122W,YMR232W,0,-3.4611635,0.11115392297506332,0.5770000219345093,0.46140000224113464
YOR091W,YFR040W,0,-3.4614172,0.11113251000642776,0.5770000219345093,0.46149998903274536
YOL164W,YFR025C,0,-3.4622965,0.1111111119389534,0.5770000219345093,0.46160000562667847
YPL236C,YBL076C,0,-3.4627614,0.11108972132205963,0.5770000219345093,0.4616999924182892
YGR034W,YMR208W,0,-3.4628687,0.11106833815574646,0.5770000219345093,0.4618000090122223
YHR030C,YKL077W,0,-3.4628892,0.11104696244001389,0.5770000219345093,0.461899995803833
YLR373C,YHL020C,0,-3.4630394,0.11102559417486191,0.5770000219345093,0.4620000123977661
YKL132C,YGL249W,0,-3.463109,0.11100423336029053,0.5770000219345093,0.46209999918937683
YOL113W,YBR182C,0,-3.4631162,0.11098287999629974,0.5770000219345093,0.46219998598098755
YPR016C,YDR307W,0,-3.4632516,0.11096154153347015,0.5770000219345093,0.46230000257492065
YCL045C,YOR125C,0,-3.4633288,0.11094020307064056,0.5770000219345093,0.46239998936653137
YER190W,YJL186W,0,-3.4635258,0.11091887950897217,0.5770000219345093,0.4625000059604645
YBR019C,YDR141C,0,-3.4635348,0.11089755594730377,0.5770000219345093,0.4625999927520752
YER167W,YEL016C,0,-3.4635468,0.11087624728679657,0.5770000219345093,0.4627000093460083
YER045C,YGL098W,0,-3.4635854,0.11085494607686996,0.5770000219345093,0.462799996137619
YHL011C,YIL149C,0,-3.463632,0.11083365231752396,0.5770000219345093,0.4629000127315521
YJR042W,YBR176W,0,-3.463862,0.11081236600875854,0.5770000219345093,0.46299999952316284
YIL046W,YOL135C,0,-3.4638662,0.11079108715057373,0.5770000219345093,0.46309998631477356
YJL047C,YOR354C,0,-3.4638915,0.11076982319355011,0.5770000219345093,0.46320000290870667
YNL137C,YER118C,0,-3.463974,0.11074855923652649,0.5770000219345093,0.4632999897003174
YCR087C-A,YJL082W,0,-3.464065,0.11072731018066406,0.5770000219345093,0.4634000062942505
YER133W,YDR071C,1,-3.4641514,0.11089792847633362,0.578000009059906,0.4634000062942505
YLR381W,YJR109C,0,-3.46416,0.1108766570687294,0.578000009059906,0.4634999930858612
YOL027C,YPL049C,0,-3.464281,0.11085538566112518,0.578000009059906,0.4636000096797943
YPL269W,YJR120W,0,-3.464345,0.11083412915468216,0.578000009059906,0.46369999647140503
YKR067W,YLR032W,0,-3.464497,0.11081288009881973,0.578000009059906,0.46380001306533813
YPL188W,YMR210W,0,-3.4645495,0.1107916459441185,0.578000009059906,0.46389999985694885
YOR120W,YKL190W,0,-3.4645853,0.11077041178941727,0.578000009059906,0.46399998664855957
YLL015W,YBL074C,0,-3.464901,0.11074918508529663,0.578000009059906,0.4641000032424927
YGR047C,YNL278W,0,-3.4649076,0.11072796583175659,0.578000009059906,0.4641999900341034
YNR054C,YHR149C,0,-3.464992,0.11070676147937775,0.578000009059906,0.4643000066280365
YNR032W,YPL006W,0,-3.4652367,0.1106855645775795,0.578000009059906,0.4643999934196472
YNL083W,YJL053W,0,-3.465282,0.11066436767578125,0.578000009059906,0.4645000100135803
YGL014W,YMR075W,1,-3.4652958,0.11083460599184036,0.5789999961853027,0.4645000100135803
YOL164W,YDR518W,0,-3.4653711,0.11081339418888092,0.5789999961853027,0.46459999680519104
YGL153W,YOR304C-A,0,-3.4656897,0.11079218983650208,0.5789999961853027,0.46470001339912415
YKR007W,YLR132C,0,-3.466054,0.11077100038528442,0.5789999961853027,0.46480000019073486
YDL247W,YDR005C,0,-3.466313,0.11074981093406677,0.5789999961853027,0.4648999869823456
YIL049W,YGL238W,0,-3.4663801,0.11072862893342972,0.5789999961853027,0.4650000035762787
YJL110C,YGL023C,0,-3.4665813,0.11070745438337326,0.5789999961853027,0.4650999903678894
YOR315W,YLR467W,0,-3.4668403,0.110686294734478,0.5789999961853027,0.4652000069618225
YNL246W,YEL056W,1,-3.4669962,0.11085627228021622,0.5799999833106995,0.4652000069618225
YLR226W,YNL092W,0,-3.4675698,0.11083508282899857,0.5799999833106995,0.4652999937534332
YJL134W,YMR230W,0,-3.4677362,0.11081390827894211,0.5799999833106995,0.46540001034736633
YBR271W,YML067C,0,-3.4678254,0.11079274117946625,0.5799999833106995,0.46549999713897705
YNR047W,YPL242C,0,-3.4678717,0.11077158153057098,0.5799999833106995,0.46560001373291016
YBR182C,YOR266W,0,-3.468217,0.11075042933225632,0.5799999833106995,0.4657000005245209
YBL076C,YBL037W,0,-3.4682174,0.11072928458452225,0.5799999833106995,0.4657999873161316
YMR022W,YBR215W,1,-3.4682617,0.11089902371168137,0.5809999704360962,0.4657999873161316
YBR265W,YNL145W,0,-3.4684496,0.1108778640627861,0.5809999704360962,0.4659000039100647
YGL231C,YER019C-A,0,-3.4685936,0.11085670441389084,0.5809999704360962,0.4659999907016754
YBR121C,YKR087C,0,-3.4687166,0.11083555966615677,0.5809999704360962,0.4661000072956085
YFL034C-B,YLR361C,0,-3.4688716,0.1108144223690033,0.5809999704360962,0.46619999408721924
YIL084C,YJL127C,1,-3.4688973,0.11098398268222809,0.5820000171661377,0.46619999408721924
YGR004W,YNL231C,0,-3.469019,0.11096282303333282,0.5820000171661377,0.46630001068115234
YOL152W,YJR025C,0,-3.4690437,0.11094167083501816,0.5820000171661377,0.46639999747276306
YDR225W,YLR015W,1,-3.4692144,0.1111111119389534,0.5830000042915344,0.46639999747276306
YMR043W,YML113W,0,-3.4692593,0.11108993738889694,0.5830000042915344,0.46650001406669617
YKL127W,YJR153W,0,-3.469449,0.11106877774000168,0.5830000042915344,0.4666000008583069
YNL271C,YOR250C,0,-3.4695926,0.11104761809110641,0.5830000042915344,0.4666999876499176
YOR181W,YDR264C,0,-3.4698014,0.11102647334337234,0.5830000042915344,0.4668000042438507
YDR307W,YIL075C,0,-3.4698153,0.11100532859563828,0.5830000042915344,0.4668999910354614
YKL127W,YGL144C,0,-3.470027,0.1109841987490654,0.5830000042915344,0.46700000762939453
YJR144W,YGR287C,0,-3.4700556,0.11096307635307312,0.5830000042915344,0.46709999442100525
YER142C,YIL101C,0,-3.470068,0.11094196140766144,0.5830000042915344,0.46720001101493835
YJL128C,YNL131W,0,-3.4701953,0.11092085391283035,0.5830000042915344,0.4672999978065491
YJR109C,YDL128W,0,-3.4705305,0.11089975386857986,0.5830000042915344,0.4674000144004822
YKL001C,YNR035C,0,-3.4706254,0.11087866127490997,0.5830000042915344,0.4675000011920929
YCR052W,YMR127C,1,-3.4708047,0.11104772984981537,0.5839999914169312,0.4675000011920929
YJL059W,YJR006W,0,-3.470961,0.11102661490440369,0.5839999914169312,0.4675999879837036
YER014W,YHR060W,0,-3.4711165,0.1110055148601532,0.5839999914169312,0.4677000045776367
YER019C-A,YPL248C,0,-3.4712605,0.11098441481590271,0.5839999914169312,0.46779999136924744
YNL273W,YOL135C,0,-3.4714155,0.11096332967281342,0.5839999914169312,0.46790000796318054
YIL004C,YJR158W,0,-3.4715304,0.11094225198030472,0.5839999914169312,0.46799999475479126
YGL027C,YGR271W,0,-3.4717593,0.11092117428779602,0.5839999914169312,0.46810001134872437
YGR267C,YJR112W,0,-3.4717665,0.11090011149644852,0.5839999914169312,0.4681999981403351
YGL212W,YIL077C,0,-3.471806,0.11087905615568161,0.5839999914169312,0.4683000147342682
YIL094C,YNL009W,0,-3.4719114,0.1108580082654953,0.5839999914169312,0.4684000015258789
YGL120C,YNL145W,0,-3.4719768,0.11083696782588959,0.5839999914169312,0.4684999883174896
YPR070W,YJR153W,0,-3.4720383,0.11081594228744507,0.5839999914169312,0.46860000491142273
YDL153C,YML069W,1,-3.4720826,0.11098463088274002,0.5849999785423279,0.46860000491142273
YAL043C,YNL077W,0,-3.472331,0.11096358299255371,0.5849999785423279,0.46869999170303345
YLR449W,YOL090W,1,-3.4726806,0.1111321821808815,0.5860000252723694,0.46869999170303345
YKL178C,YPL037C,0,-3.4730601,0.1111111119389534,0.5860000252723694,0.46880000829696655
YBR274W,YDR188W,0,-3.473146,0.1110900491476059,0.5860000252723694,0.46889999508857727
YER149C,YER007C-A,0,-3.4734516,0.11106899380683899,0.5860000252723694,0.4690000116825104
YJL127C,YNL262W,1,-3.4739323,0.11123744398355484,0.5870000123977661,0.4690000116825104
YGR047C,YNL197C,0,-3.474423,0.11121636629104614,0.5870000123977661,0.4690999984741211
YNL263C,YIL168W,0,-3.474432,0.11119530349969864,0.5870000123977661,0.4691999852657318
YOR304W,YJL176C,1,-3.474568,0.11136363446712494,0.5879999995231628,0.4691999852657318
YNL246W,YBL006C,1,-3.4745998,0.11153190582990646,0.5889999866485596,0.4691999852657318
YOL030W,YNL115C,0,-3.4748445,0.11151079088449478,0.5889999866485596,0.4693000018596649
YDR071C,YLR321C,1,-3.474906,0.11167897284030914,0.5899999737739563,0.4693000018596649
YKL149C,YNL115C,0,-3.4750118,0.11165783554315567,0.5899999737739563,0.46939998865127563
YER190W,YIL125W,0,-3.4750738,0.1116367056965828,0.5899999737739563,0.46950000524520874
YMR036C,YNR058W,0,-3.4752932,0.11161559075117111,0.5899999737739563,0.46959999203681946
YAL010C,YKL082C,0,-3.475871,0.11159447580575943,0.5899999737739563,0.46970000863075256
YFR040W,YIL135C,0,-3.4761257,0.11157337576150894,0.5899999737739563,0.4697999954223633
YCR052W,YOL017W,1,-3.4761772,0.11174134910106659,0.5910000205039978,0.4697999954223633
YGR179C,YBL047C,0,-3.4765034,0.11172022670507431,0.5910000205039978,0.4699000120162964
YDL013W,YPL174C,0,-3.476523,0.11169911175966263,0.5910000205039978,0.4699999988079071
YKL084W,YGR144W,0,-3.4765396,0.11167800426483154,0.5910000205039978,0.4700999855995178
YEL056W,YOL090W,1,-3.4765487,0.11184583604335785,0.5920000076293945,0.4700999855995178
YDL067C,YMR073C,0,-3.476563,0.11182470619678497,0.5920000076293945,0.4702000021934509
YGR204W,YDR239C,0,-3.476674,0.11180359125137329,0.5920000076293945,0.47029998898506165
YCR003W,YCL031C,0,-3.47677,0.11178247630596161,0.5920000076293945,0.47040000557899475
YBL041W,YHR085W,0,-3.4767938,0.11176137626171112,0.5920000076293945,0.47049999237060547
YMR208W,YDR099W,0,-3.4771237,0.11174027621746063,0.5920000076293945,0.4706000089645386
YLR040C,YHL047C,0,-3.4774542,0.11171919107437134,0.5920000076293945,0.4706999957561493
YLR015W,YDR071C,1,-3.4774938,0.11188679188489914,0.5929999947547913,0.4706999957561493
YBL006C,YPR193C,1,-3.4775362,0.11205433309078217,0.593999981880188,0.4706999957561493
YMR165C,YLR447C,0,-3.477538,0.11203319579362869,0.593999981880188,0.4708000123500824
YIL062C,YLR045C,0,-3.4775658,0.11201206594705582,0.593999981880188,0.4708999991416931
YGL231C,YCL027W,0,-3.4775786,0.11199095100164413,0.593999981880188,0.47099998593330383
YNR032C-A,YIL119C,0,-3.4778872,0.11196983605623245,0.593999981880188,0.47110000252723694
YFL049W,YML069W,1,-3.4778976,0.11213720589876175,0.5950000286102295,0.47110000252723694
YHR169W,YOR354C,0,-3.477912,0.11211607605218887,0.5950000286102295,0.47119998931884766
YDL116W,YBR294W,0,-3.4779992,0.1120949536561966,0.5950000286102295,0.47130000591278076
YLL032C,YAR033W,0,-3.478002,0.11207383871078491,0.5950000286102295,0.4713999927043915
YOL034W,YOL103W,0,-3.478251,0.11205273121595383,0.5950000286102295,0.4715000092983246
YBL006C,YGL014W,1,-3.4782758,0.1122199222445488,0.5960000157356262,0.4715000092983246
YJR013W,YML103C,0,-3.4784431,0.11219879239797592,0.5960000157356262,0.4715999960899353
YER087C-B,YOL121C,0,-3.4787536,0.11217767745256424,0.5960000157356262,0.4717000126838684
YDL217C,YOR319W,0,-3.4790072,0.11215656995773315,0.5960000157356262,0.4717999994754791
YDL230W,YNL263C,0,-3.4791389,0.11213546246290207,0.5960000157356262,0.47189998626708984
YOL004W,YNL246W,1,-3.479342,0.11230248212814331,0.597000002861023,0.47189998626708984
YFL001W,YBR176W,0,-3.4795675,0.11228135973215103,0.597000002861023,0.47200000286102295
YEL003W,YER045C,0,-3.479651,0.11226024478673935,0.597000002861023,0.47209998965263367
YDR253C,YDL024C,0,-3.4796896,0.11223914474248886,0.597000002861023,0.4722000062465668
YER155C,YDL247W,0,-3.4800067,0.11221804469823837,0.597000002861023,0.4722999930381775
YMR168C,YOL008W,0,-3.4800334,0.11219695210456848,0.597000002861023,0.4724000096321106
YIL073C,YNL267W,0,-3.480215,0.11217587441205978,0.597000002861023,0.4724999964237213
YKR007W,YOL052C,0,-3.480266,0.11215479671955109,0.597000002861023,0.4726000130176544
YBL084C,YDL185W,0,-3.4803739,0.11213373392820358,0.597000002861023,0.47269999980926514
YHL011C,YNL287W,0,-3.4804149,0.11211267858743668,0.597000002861023,0.47279998660087585
YEL039C,YLR455W,0,-3.4804578,0.11209162324666977,0.597000002861023,0.47290000319480896
YPR176C,YMR322C,0,-3.4804769,0.11207058280706406,0.597000002861023,0.4729999899864197
YDR472W,YDL110C,0,-3.4805098,0.11204954981803894,0.597000002861023,0.4731000065803528
YGR271W,YJL069C,0,-3.480929,0.11202852427959442,0.597000002861023,0.4731999933719635
YIL048W,YER087C-A,0,-3.48111,0.1120075061917305,0.597000002861023,0.4733000099658966
YKL008C,YBR294W,0,-3.4813156,0.11198649555444717,0.597000002861023,0.4733999967575073
YOL017W,YOR038C,1,-3.4813924,0.11215303838253021,0.5979999899864197,0.4733999967575073
YDR412W,YBR002C,0,-3.48144,0.1121320053935051,0.5979999899864197,0.47350001335144043
YNL261W,YOR038C,1,-3.4815164,0.11229846626520157,0.5989999771118164,0.47350001335144043
YBR271W,YEL030W,0,-3.4818726,0.11227741092443466,0.5989999771118164,0.47360000014305115
YNL097C,YJL115W,1,-3.4818878,0.11244377493858337,0.6000000238418579,0.47360000014305115
YKL012W,YGR287C,0,-3.481896,0.11242271214723587,0.6000000238418579,0.47369998693466187
YBR149W,YER040W,0,-3.4818997,0.11240164935588837,0.6000000238418579,0.47380000352859497
YLR258W,YDR033W,0,-3.481906,0.11238059401512146,0.6000000238418579,0.4738999903202057
YLR029C,YLL031C,0,-3.481914,0.11235955357551575,0.6000000238418579,0.4740000069141388
YLR307W,YOR126C,0,-3.482255,0.11233851313591003,0.6000000238418579,0.4740999937057495
YPL106C,YGR004W,0,-3.4822593,0.11231748759746552,0.6000000238418579,0.4742000102996826
YDR412W,YGR106C,0,-3.4823642,0.112296462059021,0.6000000238418579,0.47429999709129333
YPL274W,YDL247W,0,-3.482441,0.11227545142173767,0.6000000238418579,0.47440001368522644
YNL273W,YMR192W,0,-3.4824924,0.11225444078445435,0.6000000238418579,0.47450000047683716
YGL098W,YER118C,0,-3.4825516,0.11223344504833221,0.6000000238418579,0.4745999872684479
YOR038C,YNL186W,1,-3.4826765,0.11239947378635406,0.6010000109672546,0.4745999872684479
YIL051C,YOL076W,0,-3.482739,0.11237845569849014,0.6010000109672546,0.474700003862381
YOL062C,YMR210W,0,-3.4827957,0.11235745251178741,0.6010000109672546,0.4747999906539917
YPL273W,YMR073C,0,-3.4830928,0.11233644932508469,0.6010000109672546,0.4749000072479248
YKL026C,YOR030W,0,-3.4835467,0.11231545358896255,0.6010000109672546,0.4749999940395355
YHR164C,YLL062C,0,-3.4836202,0.11229447275400162,0.6010000109672546,0.47510001063346863
YMR052W,YIL085C,0,-3.48392,0.11227349191904068,0.6010000109672546,0.47519999742507935
YJR026W,YPL174C,0,-3.4839888,0.11225251853466034,0.6010000109672546,0.47530001401901245
YPL006W,YDR082W,0,-3.4841151,0.11223156005144119,0.6010000109672546,0.47540000081062317
YOR305W,YKL008C,0,-3.484229,0.11221060156822205,0.6010000109672546,0.4754999876022339
YBR045C,YDR005C,0,-3.4844108,0.11218965798616409,0.6010000109672546,0.475600004196167
YHR077C,YNL116W,0,-3.4846067,0.11216872185468674,0.6010000109672546,0.4756999909877777
YGR271W,YBL016W,0,-3.4847202,0.11214778572320938,0.6010000109672546,0.4758000075817108
YPL248C,YNL213C,0,-3.484743,0.11212686449289322,0.6010000109672546,0.47589999437332153
YDL236W,YDR392W,1,-3.484748,0.11229248344898224,0.6019999980926514,0.47589999437332153
YNL177C,YIR009W,0,-3.484943,0.11227153986692429,0.6019999980926514,0.47600001096725464
YNL067W,YNL090W,0,-3.4850945,0.11225060373544693,0.6019999980926514,0.47609999775886536
YDR040C,YPL049C,0,-3.4852285,0.11222968250513077,0.6019999980926514,0.47620001435279846
YCR097W,YPL053C,0,-3.4853864,0.1122087612748146,0.6019999980926514,0.4763000011444092
YOL052C,YOR257W,0,-3.485495,0.11218784749507904,0.6019999980926514,0.4763999879360199
YML120C,YNL329C,0,-3.4855156,0.11216694861650467,0.6019999980926514,0.476500004529953
YLR145W,YDR099W,0,-3.4855423,0.1121460497379303,0.6019999980926514,0.4765999913215637
YJR001W,YGL203C,0,-3.4857879,0.11212516576051712,0.6019999980926514,0.4767000079154968
YGL231C,YIL094C,0,-3.4858985,0.11210428178310394,0.6019999980926514,0.47679999470710754
YPL147W,YOL127W,0,-3.4861698,0.11208341270685196,0.6019999980926514,0.47690001130104065
YOL122C,YMR322C,0,-3.4863276,0.11206254363059998,0.6019999980926514,0.47699999809265137
YER038C,YOL143C,0,-3.4863324,0.11204168945550919,0.6019999980926514,0.4771000146865845
YNR060W,YGR004W,0,-3.4864244,0.11202084273099899,0.6019999980926514,0.4772000014781952
YML123C,YDR490C,0,-3.486483,0.1120000034570694,0.6019999980926514,0.4772999882698059
YNL062C,YDR192C,0,-3.4865513,0.1119791641831398,0.6019999980926514,0.477400004863739
YLR268W,YML126C,0,-3.4867425,0.1119583398103714,0.6019999980926514,0.47749999165534973
YDR277C,YLR411W,0,-3.4867716,0.1119375228881836,0.6019999980926514,0.47760000824928284
YKL214C,YML115C,0,-3.486905,0.11191671341657639,0.6019999980926514,0.47769999504089355
YPL236C,YIL094C,0,-3.4870653,0.11189591139554977,0.6019999980926514,0.47780001163482666
YMR304W,YNL197C,0,-3.4872856,0.11187511682510376,0.6019999980926514,0.4778999984264374
YPL033C,YLR455W,0,-3.4872866,0.11185432970523834,0.6019999980926514,0.4779999852180481
YPL038W,YKL143W,0,-3.4873304,0.11183355003595352,0.6019999980926514,0.4781000018119812
YEL018W,YAR010C,0,-3.4875731,0.1118127778172493,0.6019999980926514,0.4781999886035919
YPL174C,YJR153W,0,-3.487575,0.11179201304912567,0.6019999980926514,0.478300005197525
YHR076W,YML120C,0,-3.4876904,0.11177125573158264,0.6019999980926514,0.47839999198913574
YBR041W,YBR002C,0,-3.4877696,0.1117505133152008,0.6019999980926514,0.47850000858306885
YNR054C,YLR132C,0,-3.4877858,0.11172977089881897,0.6019999980926514,0.47859999537467957
YLL031C,YPL075W,0,-3.4880629,0.11170903593301773,0.6019999980926514,0.47870001196861267
YGR255C,YMR156C,0,-3.4882975,0.11168830841779709,0.6019999980926514,0.4787999987602234
YNL039W,YCR037C,0,-3.4882984,0.11166759580373764,0.6019999980926514,0.4788999855518341
YPL204W,YNL197C,0,-3.4883418,0.11164688318967819,0.6019999980926514,0.4790000021457672
YHR053C,YKL201C,0,-3.4883986,0.11162618547677994,0.6019999980926514,0.47909998893737793
YER038C,YDL181W,0,-3.4888577,0.11160548776388168,0.6019999980926514,0.47920000553131104
YKL063C,YOR357C,0,-3.4891353,0.11158479750156403,0.6019999980926514,0.47929999232292175
YOR319W,YCR047C,0,-3.4892044,0.11156412214040756,0.6019999980926514,0.47940000891685486
YOR319W,YOR266W,0,-3.4892297,0.1115434467792511,0.6019999980926514,0.4794999957084656
YJL059W,YGR081C,0,-3.489419,0.11152278631925583,0.6019999980926514,0.4796000123023987
YLR102C,YIL067C,0,-3.4894342,0.11150213330984116,0.6019999980926514,0.4796999990940094
YGR106C,YPR200C,0,-3.4895573,0.11148148030042648,0.6019999980926514,0.4797999858856201
YJL065C,YOR064C,1,-3.4896345,0.11164598912000656,0.6029999852180481,0.4797999858856201
YLR268W,YLR457C,0,-3.48974,0.1116253212094307,0.6029999852180481,0.4799000024795532
YKL017C,YCR010C,0,-3.489924,0.11160466074943542,0.6029999852180481,0.47999998927116394
YKL197C,YHR039C-A,0,-3.490099,0.11158401519060135,0.6029999852180481,0.48010000586509705
YDL045W-A,YGL129C,0,-3.490178,0.11156336963176727,0.6029999852180481,0.48019999265670776
YJR029W,YBR048W,0,-3.4902763,0.1115427315235138,0.6029999852180481,0.48030000925064087
YBL036C,YHR143W,0,-3.4904394,0.11152210086584091,0.6029999852180481,0.4803999960422516
YKR007W,YHR211W,0,-3.4904408,0.11150147765874863,0.6029999852180481,0.4805000126361847
YMR131C,YGR013W,0,-3.490522,0.11148086190223694,0.6029999852180481,0.4805999994277954
YPR016C,YOR171C,0,-3.490571,0.11146026104688644,0.6029999852180481,0.48069998621940613
YGL013C,YNL282W,0,-3.4905853,0.11143966019153595,0.6029999852180481,0.48080000281333923
YOL109W,YIL085C,0,-3.4907207,0.11141906678676605,0.6029999852180481,0.48089998960494995
YBL037W,YGL206C,0,-3.4908361,0.11139848828315735,0.6029999852180481,0.48100000619888306
YPL089C,YLR228C,0,-3.491105,0.11137790977954865,0.6029999852180481,0.4810999929904938
YLL002W,YJL176C,1,-3.4911356,0.11154201626777649,0.6039999723434448,0.4810999929904938
YNL207W,YKL180W,0,-3.4912148,0.111521415412426,0.6039999723434448,0.4812000095844269
YAL008W,YPL082C,0,-3.4912176,0.1115008294582367,0.6039999723434448,0.4812999963760376
YMR306W,YGL004C,0,-3.4912438,0.11148025095462799,0.6039999723434448,0.4814000129699707
YER086W,YJR022W,0,-3.491528,0.11145967990159988,0.6039999723434448,0.4814999997615814
YGR145W,YMR050C,0,-3.4916806,0.11143911629915237,0.6039999723434448,0.48159998655319214
YLR061W,YLR166C,0,-3.4916892,0.11141856014728546,0.6039999723434448,0.48170000314712524
YPL248C,YDL122W,0,-3.4919891,0.11139801144599915,0.6039999723434448,0.48179998993873596
YML115C,YOL127W,0,-3.492054,0.11137746274471283,0.6039999723434448,0.48190000653266907
YJL082W,YDR411C,0,-3.4922628,0.11135692894458771,0.6039999723434448,0.4819999933242798
YLR182W,YBR212W,0,-3.4923239,0.11133640259504318,0.6039999723434448,0.4821000099182129
YBR176W,YCL031C,0,-3.4923344,0.11131588369607925,0.6039999723434448,0.4821999967098236
YOL004W,YOL090W,1,-3.49235,0.11147964000701904,0.6050000190734863,0.4821999967098236
YNR045W,YLR097C,0,-3.4926405,0.11145909875631332,0.6050000190734863,0.4823000133037567
YDL128W,YLR132C,0,-3.4926715,0.1114385724067688,0.6050000190734863,0.48240000009536743
YMR232W,YNL116W,0,-3.4926767,0.11141804605722427,0.6050000190734863,0.48249998688697815
YLR226W,YER129W,0,-3.4928613,0.11139753460884094,0.6050000190734863,0.48260000348091125
YNL177C,YKL213C,0,-3.4929008,0.11137702316045761,0.6050000190734863,0.482699990272522
YDL101C,YHL047C,0,-3.4933553,0.11135652661323547,0.6050000190734863,0.4828000068664551
YDR079W,YOL122C,0,-3.4935765,0.11133603006601334,0.6050000190734863,0.4828999936580658
YHL031C,YLR301W,0,-3.493753,0.11131554841995239,0.6050000190734863,0.4830000102519989
YBR261C,YNL282W,0,-3.4938836,0.11129506677389145,0.6050000190734863,0.4830999970436096
YDR227W,YNL246W,1,-3.4940882,0.11145852506160736,0.6060000061988831,0.4830999970436096
YBR155W,YLR427W,0,-3.4943275,0.11143802851438522,0.6060000061988831,0.4832000136375427
YGL153W,YOL007C,0,-3.4944205,0.11141753941774368,0.6060000061988831,0.48330000042915344
YNL059C,YKR019C,1,-3.4944315,0.11158088594675064,0.6069999933242798,0.48330000042915344
YDL198C,YGL075C,0,-3.4946284,0.11156037449836731,0.6069999933242798,0.48339998722076416
YMR318C,YBR156C,0,-3.494718,0.11153987795114517,0.6069999933242798,0.48350000381469727
YKR101W,YNL246W,1,-3.4948225,0.11170310527086258,0.6079999804496765,0.48350000381469727
YLL032C,YDL217C,0,-3.49509,0.11168258637189865,0.6079999804496765,0.483599990606308
YIL084C,YNL186W,1,-3.4951906,0.11184573173522949,0.609000027179718,0.483599990606308
YOL100W,YJL096W,0,-3.4952435,0.11182519048452377,0.609000027179718,0.4837000072002411
YML001W,YJR125C,0,-3.4952836,0.11180466413497925,0.609000027179718,0.4837999939918518
YOL113W,YER119C,0,-3.4954767,0.11178413778543472,0.609000027179718,0.4839000105857849
YKR087C,YPL042C,0,-3.4955554,0.11176362633705139,0.609000027179718,0.48399999737739563
YBR189W,YOR125C,0,-3.4956455,0.11174312233924866,0.609000027179718,0.48410001397132874
YJR144W,YHR067W,0,-3.4957619,0.11172261834144592,0.609000027179718,0.48420000076293945
YFL026W,YOR257W,0,-3.4957666,0.11170212924480438,0.609000027179718,0.48429998755455017
YHR142W,YOL007C,0,-3.4959888,0.11168164014816284,0.609000027179718,0.4844000041484833
YLR103C,YLR297W,0,-3.496026,0.1116611659526825,0.609000027179718,0.484499990940094
YPR134W,YNL271C,0,-3.4960723,0.11164069920778275,0.609000027179718,0.4846000075340271
YNL334C,YMR165C,0,-3.4962578,0.111620232462883,0.609000027179718,0.4846999943256378
YPL089C,YKL051W,0,-3.496379,0.11159978061914444,0.609000027179718,0.4848000109195709
YDL066W,YNL267W,0,-3.4964824,0.11157933622598648,0.609000027179718,0.48489999771118164
YDL230W,YHR074W,0,-3.4965,0.11155889183282852,0.609000027179718,0.48500001430511475
YGL153W,YDR033W,0,-3.4965105,0.11153846234083176,0.609000027179718,0.48510000109672546
YFL049W,YDR225W,1,-3.496542,0.11170115321874619,0.6100000143051147,0.48510000109672546
YDL111C,YPR082C,0,-3.496562,0.11168070137500763,0.6100000143051147,0.4851999878883362
YLR079W,YHL011C,0,-3.496632,0.11166025698184967,0.6100000143051147,0.4853000044822693
YGL147C,YLR121C,0,-3.4966593,0.1116398274898529,0.6100000143051147,0.48539999127388
YHL035C,YER167W,0,-3.4968257,0.11161939799785614,0.6100000143051147,0.4855000078678131
YDR245W,YGL095C,0,-3.4969049,0.11159897595643997,0.6100000143051147,0.48559999465942383
YPR145W,YDL066W,0,-3.496935,0.1115785613656044,0.6100000143051147,0.48570001125335693
YLR431C,YGL144C,0,-3.497075,0.11155815422534943,0.6100000143051147,0.48579999804496765
YPR078C,YLR121C,0,-3.4971166,0.11153776198625565,0.6100000143051147,0.48590001463890076
YLL002W,YDL076C,1,-3.4972663,0.11170018464326859,0.6110000014305115,0.48590001463890076
YGL231C,YGL067W,0,-3.4974551,0.11167976260185242,0.6110000014305115,0.4860000014305115
YDL236W,YML069W,1,-3.497548,0.11184210330247879,0.6119999885559082,0.4860000014305115
YER030W,YDR071C,1,-3.4975777,0.11200438439846039,0.6129999756813049,0.4860000014305115
YBR143C,YHR036W,0,-3.497643,0.11198392510414124,0.6129999756813049,0.4860999882221222
YKL025C,YDR497C,0,-3.4976587,0.11196347326040268,0.6129999756813049,0.4862000048160553
YGL161C,YHR077C,0,-3.4976869,0.11194302141666412,0.6129999756813049,0.486299991607666
YPR176C,YIL038C,0,-3.4977398,0.11192258447408676,0.6129999756813049,0.4864000082015991
YJL059W,YGR188C,0,-3.497871,0.11190215498209,0.6129999756813049,0.48649999499320984
YCR098C,YOR144C,0,-3.49817,0.11188173294067383,0.6129999756813049,0.48660001158714294
YFR015C,YKL054C,0,-3.4981837,0.11186131089925766,0.6129999756813049,0.48669999837875366
YBL037W,YDL045W-A,0,-3.4982677,0.11184090375900269,0.6129999756813049,0.4867999851703644
YCR047C,YOL019W,0,-3.498407,0.11182050406932831,0.6129999756813049,0.4869000017642975
YKL154W,YGR013W,0,-3.4984593,0.11180011183023453,0.6129999756813049,0.4869999885559082
YDR310C,YEL056W,1,-3.4985976,0.11196207255125046,0.6140000224113464,0.4869999885559082
YNL121C,YIL067C,0,-3.498766,0.11194165796041489,0.6140000224113464,0.4871000051498413
YDR346C,YOR266W,0,-3.4990072,0.11192125082015991,0.6140000224113464,0.487199991941452
YJR013W,YNR058W,0,-3.4992757,0.11190085858106613,0.6140000224113464,0.48730000853538513
YCR098C,YPL270W,0,-3.499394,0.11188046634197235,0.6140000224113464,0.48739999532699585
YLR381W,YGR270W,0,-3.4994626,0.11186008155345917,0.6140000224113464,0.48750001192092896
YBR164C,YCR008W,0,-3.4995046,0.11183971166610718,0.6140000224113464,0.4875999987125397
YER009W,YOR338W,0,-3.4996653,0.11181934177875519,0.6140000224113464,0.4876999855041504
YDR109C,YBR121C,0,-3.499669,0.1117989793419838,0.6140000224113464,0.4878000020980835
YPR034W,YBL003C,1,-3.4997177,0.11196067929267883,0.6150000095367432,0.4878000020980835
YNL097C,YMR075W,1,-3.4998531,0.1121223121881485,0.6159999966621399,0.4878000020980835
YAL023C,YJL183W,0,-3.5000105,0.11210191249847412,0.6159999966621399,0.4878999888896942
YMR226C,YIL142W,0,-3.5000143,0.11208151280879974,0.6159999966621399,0.4880000054836273
YNL131W,YNL282W,0,-3.5001097,0.11206112056970596,0.6159999966621399,0.48809999227523804
YNL137C,YMR145C,0,-3.500142,0.11204074323177338,0.6159999966621399,0.48820000886917114
YJL090C,YBR294W,0,-3.5002465,0.11202036589384079,0.6159999966621399,0.48829999566078186
YCR018C,YIL077C,0,-3.5002499,0.1120000034570694,0.6159999966621399,0.48840001225471497
YOL076W,YLR192C,0,-3.5003881,0.111979641020298,0.6159999966621399,0.4884999990463257
YLR325C,YOL135C,0,-3.5005255,0.11195928603410721,0.6159999966621399,0.4885999858379364
YLR303W,YMR056C,0,-3.500658,0.1119389459490776,0.6159999966621399,0.4887000024318695
YOR358W,YLR126C,0,-3.5008826,0.111918605864048,0.6159999966621399,0.4887999892234802
YBR088C,YLR015W,1,-3.500886,0.1120799258351326,0.6169999837875366,0.4887999892234802
YDR450W,YOR076C,0,-3.501172,0.1120595708489418,0.6169999837875366,0.48890000581741333
YDL142C,YPR174C,0,-3.501608,0.1120392233133316,0.6169999837875366,0.48899999260902405
YPL242C,YDR456W,0,-3.501896,0.112018883228302,0.6169999837875366,0.48910000920295715
YCR081W,YMR056C,0,-3.5022101,0.111998550593853,0.6169999837875366,0.48919999599456787
YCR052W,YBR060C,1,-3.5024433,0.11215970665216446,0.6179999709129333,0.48919999599456787
YOR133W,YOR231W,0,-3.502583,0.11213935911655426,0.6179999709129333,0.489300012588501
YLR398C,YFR009W,0,-3.5029502,0.11211901158094406,0.6179999709129333,0.4893999993801117
YBL075C,YNL163C,0,-3.503169,0.11209867894649506,0.6179999709129333,0.4894999861717224
YDL213C,YOL115W,0,-3.5036135,0.11207834631204605,0.6179999709129333,0.4896000027656555
YLR327C,YDR179C,0,-3.503632,0.11205802112817764,0.6179999709129333,0.48969998955726624
YFR025C,YGL098W,0,-3.5037112,0.11203771084547043,0.6179999709129333,0.48980000615119934
YDR225W,YOL017W,1,-3.50384,0.11219865828752518,0.6190000176429749,0.48980000615119934
YKL089W,YLR447C,0,-3.503851,0.11217832565307617,0.6190000176429749,0.48989999294281006
YBL074C,YNL009W,0,-3.5039382,0.11215800046920776,0.6190000176429749,0.49000000953674316
YKL126W,YLR092W,0,-3.503965,0.11213768273591995,0.6190000176429749,0.4900999963283539
YAR007C,YDL003W,0,-3.5040612,0.11211737245321274,0.6190000176429749,0.490200012922287
YNL059C,YMR022W,1,-3.5041165,0.11227816343307495,0.6200000047683716,0.490200012922287
YBR149W,YDR082W,0,-3.504136,0.11225783079862595,0.6200000047683716,0.4902999997138977
YBL036C,YJL096W,0,-3.5042214,0.11223750561475754,0.6200000047683716,0.4903999865055084
YNL262W,YJL115W,1,-3.5044293,0.1123981922864914,0.6209999918937683,0.4903999865055084
YBR271W,YDR330W,0,-3.5044913,0.11237785220146179,0.6209999918937683,0.49050000309944153
YLR079W,YDL003W,0,-3.5045004,0.11235751956701279,0.6209999918937683,0.49059998989105225
YOR026W,YLR144C,0,-3.504583,0.11233719438314438,0.6209999918937683,0.49070000648498535
YDL116W,YKL011C,0,-3.5046191,0.11231687664985657,0.6209999918937683,0.49079999327659607
YHR143W,YPR174C,0,-3.5046678,0.11229656636714935,0.6209999918937683,0.4909000098705292
YDR245W,YGL212W,0,-3.5047493,0.11227626353502274,0.6209999918937683,0.4909999966621399
YGR220C,YBR015C,0,-3.5049334,0.11225596815347672,0.6209999918937683,0.491100013256073
YGR252W,YOL090W,1,-3.504959,0.11241640895605087,0.621999979019165,0.491100013256073
YNL059C,YDL076C,1,-3.5050235,0.11257679760456085,0.6230000257492065,0.491100013256073
YBR213W,YGL247W,0,-3.5050864,0.11255645751953125,0.6230000257492065,0.4912000000476837
YMR226C,YGR166W,0,-3.5051417,0.11253612488508224,0.6230000257492065,0.49129998683929443
YDL185W,YPL031C,0,-3.5051908,0.11251579970121384,0.6230000257492065,0.49140000343322754
YAR009C,YDL049C,0,-3.5052428,0.11249548941850662,0.6230000257492065,0.49149999022483826
YGL004C,YDR211W,0,-3.5052996,0.11247517913579941,0.6230000257492065,0.49160000681877136
YMR013C,YDR280W,0,-3.505444,0.11245487630367279,0.6230000257492065,0.4916999936103821
YJR144W,YKL025C,0,-3.5058064,0.11243458092212677,0.6230000257492065,0.4918000102043152
YMR050C,YML067C,0,-3.5058675,0.11241429299116135,0.6230000257492065,0.4918999969959259
YOR354C,YCL057W,0,-3.5058808,0.11239401251077652,0.6230000257492065,0.492000013589859
YOR358W,YCR018C,0,-3.50599,0.11237373948097229,0.6230000257492065,0.4921000003814697
YOR221C,YOR380W,0,-3.5061007,0.11235347390174866,0.6230000257492065,0.49219998717308044
YPL265W,YKR087C,0,-3.506466,0.11233321577310562,0.6230000257492065,0.49230000376701355
YLR092W,YJR052W,0,-3.5065145,0.11231296509504318,0.6230000257492065,0.49239999055862427
YFL049W,YKR019C,1,-3.506701,0.11247296631336212,0.6240000128746033,0.49239999055862427
YDR003W,YMR040W,0,-3.5067525,0.11245269328355789,0.6240000128746033,0.4925000071525574
YOR120W,YHR067W,0,-3.5068884,0.11243243515491486,0.6240000128746033,0.4925999939441681
YOR038C,YOR123C,1,-3.5068927,0.11259232461452484,0.625,0.4925999939441681
YJL078C,YGR286C,0,-3.5070076,0.11257204413414001,0.625,0.4927000105381012
YNL334C,YLL031C,0,-3.5073686,0.11255177110433578,0.625,0.4927999973297119
YBL047C,YNL213C,0,-3.5076318,0.11253150552511215,0.625,0.492900013923645
YHR067W,YNL036W,0,-3.5077472,0.11251125484704971,0.625,0.49300000071525574
YLR303W,YKL012W,0,-3.507773,0.11249100416898727,0.625,0.49309998750686646
YML129C,YMR021C,0,-3.507794,0.11247076094150543,0.625,0.49320000410079956
YOL148C,YML065W,1,-3.5079384,0.1126304417848587,0.6259999871253967,0.49320000410079956
YKL124W,YBR186W,0,-3.508019,0.11261018365621567,0.6259999871253967,0.4932999908924103
YOL164W,YOL005C,0,-3.5081286,0.11258992552757263,0.6259999871253967,0.4934000074863434
YGL161C,YDR410C,0,-3.5084715,0.11256968230009079,0.6259999871253967,0.4934999942779541
YPL241C,YJR045C,0,-3.508741,0.11254943907260895,0.6259999871253967,0.4936000108718872
YCL031C,YOR144C,0,-3.5088968,0.1125292107462883,0.6259999871253967,0.4936999976634979
YBR019C,YNL258C,0,-3.5091429,0.11250898987054825,0.6259999871253967,0.49380001425743103
YIL125W,YOL121C,0,-3.5091538,0.1124887689948082,0.6259999871253967,0.49390000104904175
YGL094C,YMR233W,0,-3.5091991,0.11246855556964874,0.6259999871253967,0.49399998784065247
YLR097C,YPL053C,0,-3.5092468,0.11244835704565048,0.6259999871253967,0.49410000443458557
YGL142C,YDR236C,0,-3.5092754,0.11242815852165222,0.6259999871253967,0.4941999912261963
YGR286C,YLR427W,0,-3.5092897,0.11240797489881516,0.6259999871253967,0.4943000078201294
YHR030C,YOR319W,0,-3.5094528,0.11238779127597809,0.6259999871253967,0.4943999946117401
YBR034C,YPL204W,0,-3.5094948,0.11236761510372162,0.6259999871253967,0.4945000112056732
YJL134W,YER029C,0,-3.5098805,0.11234745383262634,0.6259999871253967,0.49459999799728394
YNL038W,YDL100C,0,-3.5099483,0.11232729256153107,0.6259999871253967,0.49470001459121704
YMR052W,YDL049C,0,-3.5100594,0.11230713874101639,0.6259999871253967,0.49480000138282776
YLR363C,YOL144W,0,-3.510353,0.1122869923710823,0.6259999871253967,0.4948999881744385
YHR148W,YOL091W,0,-3.5105042,0.11226686090230942,0.6259999871253967,0.4950000047683716
YDR310C,YLL002W,1,-3.5105653,0.1124260351061821,0.6269999742507935,0.4950000047683716
YER176W,YKL201C,0,-3.5105953,0.11240588128566742,0.6269999742507935,0.4950999915599823
YMR052W,YIR008C,0,-3.5106988,0.11238573491573334,0.6269999742507935,0.4952000081539154
YER133W,YDR224C,1,-3.5108213,0.11254480481147766,0.628000020980835,0.4952000081539154
YGL027C,YOR125C,0,-3.5109992,0.11252463608980179,0.628000020980835,0.4952999949455261
YER169W,YOL090W,1,-3.5112123,0.11268362402915955,0.6290000081062317,0.4952999949455261
YKL142W,YKL051W,0,-3.5113316,0.11266344040632248,0.6290000081062317,0.49540001153945923
YDL184C,YCL057W,0,-3.5113468,0.11264326423406601,0.6290000081062317,0.49549999833106995
YJR127C,YDL045W-A,0,-3.5114045,0.11262309551239014,0.6290000081062317,0.49559998512268066
YPL097W,YER129W,0,-3.5115118,0.11260293424129486,0.6290000081062317,0.49570000171661377
YOR202W,YCL008C,0,-3.5118184,0.11258278042078018,0.6290000081062317,0.4957999885082245
YGL231C,YNR054C,0,-3.511869,0.1125626340508461,0.6290000081062317,0.4959000051021576
YBL084C,YDR398W,0,-3.51225,0.11254249513149261,0.6290000081062317,0.4959999918937683
YPL059W,YBL074C,0,-3.5123167,0.11252236366271973,0.6290000081062317,0.4961000084877014
YJR036C,YJR001W,0,-3.5126343,0.11250223219394684,0.6290000081062317,0.49619999527931213
YOL111C,YPR120C,0,-3.5129094,0.11248211562633514,0.6290000081062317,0.49630001187324524
YLR004C,YML047C,0,-3.5133176,0.11246200650930405,0.6290000081062317,0.49639999866485596
YBL088C,YEL037C,0,-3.5136309,0.11244190484285355,0.6290000081062317,0.4964999854564667
YDL067C,YLR097C,0,-3.5136418,0.11242180317640305,0.6290000081062317,0.4966000020503998
YGR179C,YDR272W,0,-3.5145879,0.11240171641111374,0.6290000081062317,0.4966999888420105
YIL063C,YPL037C,0,-3.5147114,0.11238162964582443,0.6290000081062317,0.4968000054359436
YJL128C,YDR325W,0,-3.5147572,0.11236155778169632,0.6290000081062317,0.4968999922275543
YLR105C,YPL242C,0,-3.514999,0.1123414859175682,0.6290000081062317,0.4970000088214874
YDL217C,YPR104C,0,-3.5151963,0.11232142895460129,0.6290000081062317,0.49709999561309814
YOR377W,YDR236C,0,-3.5152469,0.11230137199163437,0.6290000081062317,0.49720001220703125
YBR041W,YGL098W,0,-3.5154915,0.11228132992982864,0.6290000081062317,0.49729999899864197
YOR030W,YEL037C,0,-3.5160284,0.11226128786802292,0.6290000081062317,0.4973999857902527
YGR194C,YLR032W,0,-3.5160751,0.11224125325679779,0.6290000081062317,0.4975000023841858
YIL084C,YLR442C,1,-3.5161552,0.1123996451497078,0.6299999952316284,0.4975000023841858
YOL062C,YNL182C,0,-3.5161886,0.11237959563732147,0.6299999952316284,0.4975999891757965
YGR270W,YEL030W,0,-3.5162382,0.11235955357551575,0.6299999952316284,0.4977000057697296
YDR109C,YDR205W,0,-3.516243,0.11233951151371002,0.6299999952316284,0.49779999256134033
YBR164C,YBR121C,0,-3.5165858,0.11231948435306549,0.6299999952316284,0.49790000915527344
YOR034C,YLR310C,0,-3.5166168,0.11229946464300156,0.6299999952316284,0.49799999594688416
YGL157W,YCL016C,0,-3.5169306,0.11227945238351822,0.6299999952316284,0.49810001254081726
YPL026C,YMR210W,0,-3.5170164,0.11225944757461548,0.6299999952316284,0.498199999332428
YBR015C,YNL074C,0,-3.5171895,0.11223944276571274,0.6299999952316284,0.4982999861240387
YNL238W,YNL271C,0,-3.517311,0.11221945285797119,0.6299999952316284,0.4984000027179718
YOR087W,YNL009W,0,-3.517417,0.11219946295022964,0.6299999952316284,0.4984999895095825
YDL045W-A,YPL002C,0,-3.5174232,0.11217948794364929,0.6299999952316284,0.4986000061035156
YDR512C,YLR155C,0,-3.5174985,0.11215951293706894,0.6299999952316284,0.49869999289512634
YDR323C,YOL005C,0,-3.5175567,0.11213955283164978,0.6299999952316284,0.49880000948905945
YGL247W,YDR449C,0,-3.5175877,0.11211959272623062,0.6299999952316284,0.49889999628067017
YMR180C,YGL098W,0,-3.517673,0.11209964752197266,0.6299999952316284,0.49900001287460327
YKL129C,YEL011W,0,-3.5177283,0.11207970231771469,0.6299999952316284,0.499099999666214
YDR079C-A,YLR144C,0,-3.518128,0.11205976456403732,0.6299999952316284,0.4991999864578247
YNL207W,YGL048C,0,-3.5182705,0.11203983426094055,0.6299999952316284,0.4993000030517578
YDR141C,YGL135W,0,-3.5183868,0.11201991140842438,0.6299999952316284,0.49939998984336853
YGL023C,YDR490C,0,-3.5183997,0.1120000034570694,0.6299999952316284,0.49950000643730164
YKL062W,YML037C,0,-3.5186238,0.11198009550571442,0.6299999952316284,0.49959999322891235
YKR087C,YML113W,0,-3.518653,0.11196019500494003,0.6299999952316284,0.49970000982284546
YKL150W,YKL206C,0,-3.5189562,0.11194030195474625,0.6299999952316284,0.4997999966144562
YIL080W,YNL197C,0,-3.5191631,0.11192040890455246,0.6299999952316284,0.4999000132083893
YOR202W,YAR014C,0,-3.5191774,0.11190053075551987,0.6299999952316284,0.5
YJR025C,YDR192C,0,-3.5196567,0.11188066005706787,0.6299999952316284,0.5001000165939331
YNL067W,YLR376C,0,-3.5197506,0.11186079680919647,0.6299999952316284,0.5001999735832214
YLR303W,YDR218C,0,-3.5197992,0.11184094101190567,0.6299999952316284,0.5002999901771545
YHR036W,YGR106C,0,-3.5199232,0.11182108521461487,0.6299999952316284,0.5004000067710876
YOR187W,YPR190C,0,-3.5200062,0.11180124431848526,0.6299999952316284,0.5005000233650208
YAL043C,YIL044C,0,-3.5205903,0.11178140342235565,0.6299999952316284,0.5005999803543091
YLR307W,YKL206C,0,-3.5206027,0.11176157742738724,0.6299999952316284,0.5006999969482422
YDR001C,YHR039C-A,0,-3.520689,0.11174175143241882,0.6299999952316284,0.5008000135421753
YDL133C-A,YKL054C,0,-3.5208592,0.111721932888031,0.6299999952316284,0.5008999705314636
YDR081C,YOR250C,0,-3.520946,0.11170212924480438,0.6299999952316284,0.5009999871253967
YGL212W,YNL092W,0,-3.5210567,0.11168232560157776,0.6299999952316284,0.5011000037193298
YLR373C,YPL065W,0,-3.5211844,0.11166252940893173,0.6299999952316284,0.5012000203132629
YER133W,YML069W,1,-3.5212045,0.11181995272636414,0.6309999823570251,0.5012000203132629
YIL094C,YPR138C,0,-3.5212436,0.11180014163255692,0.6309999823570251,0.5012999773025513
YGR193C,YJR151C,0,-3.5213585,0.11178033798933029,0.6309999823570251,0.5013999938964844
YDR206W,YPL002C,0,-3.5214124,0.11176054179668427,0.6309999823570251,0.5015000104904175
YPL065W,YEL002C,0,-3.5214396,0.11174074560403824,0.6309999823570251,0.5016000270843506
YDR310C,YER030W,1,-3.5215158,0.1118980199098587,0.6320000290870667,0.5016000270843506
YGR007W,YDR001C,0,-3.521634,0.11187820881605148,0.6320000290870667,0.5016999840736389
YKR094C,YJL056C,0,-3.5217004,0.11185840517282486,0.6320000290870667,0.501800000667572
YJL127C,YFL013C,1,-3.521708,0.11201557517051697,0.6330000162124634,0.501800000667572
YNL177C,YPL249C,0,-3.5218306,0.11199575662612915,0.6330000162124634,0.5019000172615051
YCL016C,YJR141W,0,-3.521964,0.11197594553232193,0.6330000162124634,0.5019999742507935
YGL014W,YJL176C,1,-3.5219817,0.11213300377130508,0.6340000033378601,0.5019999742507935
YGR087C,YOL005C,0,-3.522046,0.11211317777633667,0.6340000033378601,0.5020999908447266
YBR035C,YDR479C,0,-3.5220795,0.11209335178136826,0.6340000033378601,0.5022000074386597
YFR005C,YDR490C,0,-3.52208,0.11207354068756104,0.6340000033378601,0.5023000240325928
YIL062C,YPR174C,0,-3.5224695,0.11205372959375381,0.6340000033378601,0.5023999810218811
YNL137C,YGL100W,0,-3.522812,0.11203392595052719,0.6340000033378601,0.5024999976158142
YDR325W,YPL121C,0,-3.5228162,0.11201413720846176,0.6340000033378601,0.5026000142097473
YCR017C,YMR304W,0,-3.5228772,0.11199434846639633,0.6340000033378601,0.5026999711990356
YBR106W,YLR310C,0,-3.5229673,0.1119745671749115,0.6340000033378601,0.5027999877929688
YPL273W,YKL174C,0,-3.5231042,0.11195479333400726,0.6340000033378601,0.5029000043869019
YDR358W,YER045C,0,-3.5235472,0.11193502694368362,0.6340000033378601,0.503000020980835
YCR017C,YPL160W,0,-3.523838,0.11191526800394058,0.6340000033378601,0.5030999779701233
YJR013W,YKL054C,0,-3.5239553,0.11189551651477814,0.6340000033378601,0.5031999945640564
YGL170C,YNR032C-A,0,-3.524332,0.11187577247619629,0.6340000033378601,0.5033000111579895
YFR009W,YOR305W,0,-3.5243711,0.11185603588819504,0.6340000033378601,0.5034000277519226
YDR277C,YOR335C,0,-3.5244122,0.11183629930019379,0.6340000033378601,0.5034999847412109
YLR239C,YOL005C,0,-3.5247688,0.11181657761335373,0.6340000033378601,0.503600001335144
YDL076C,YER161C,1,-3.524908,0.11197319626808167,0.6349999904632568,0.503600001335144
YCR026C,YKL197C,0,-3.5249343,0.11195345222949982,0.6349999904632568,0.5037000179290771
YPR034W,YLR015W,1,-3.524979,0.11210999637842178,0.6359999775886536,0.5037000179290771
YKL149C,YBR284W,0,-3.525045,0.11209023743867874,0.6359999775886536,0.5037999749183655
YOL017W,YLR015W,1,-3.5251565,0.11224669963121414,0.6370000243186951,0.5037999749183655
YMR020W,YOR355W,0,-3.5252604,0.11222691833972931,0.6370000243186951,0.5038999915122986
YOL111C,YJR129C,0,-3.525372,0.11220715194940567,0.6370000243186951,0.5040000081062317
YKL201C,YHR074W,0,-3.5256824,0.11218739300966263,0.6370000243186951,0.5041000247001648
YLR381W,YCR097W,0,-3.5257363,0.11216763406991959,0.6370000243186951,0.5041999816894531
YNL317W,YGL100W,0,-3.5260415,0.11214789003133774,0.6370000243186951,0.5042999982833862
YDL116W,YOR266W,0,-3.5260563,0.11212814599275589,0.6370000243186951,0.5044000148773193
YNL121C,YJR006W,0,-3.5261278,0.11210840940475464,0.6370000243186951,0.5044999718666077
YKR019C,YBL003C,1,-3.5264487,0.11226464807987213,0.6380000114440918,0.5044999718666077
YPL241C,YLR103C,0,-3.526546,0.11224489659070969,0.6380000114440918,0.5045999884605408
YPR111W,YAL044C,0,-3.526585,0.11222515255212784,0.6380000114440918,0.5047000050544739
YNL173C,YLL032C,0,-3.526619,0.11220541596412659,0.6380000114440918,0.504800021648407
YKL124W,YPL179W,0,-3.526761,0.11218568682670593,0.6380000114440918,0.5048999786376953
YMR208W,YHR015W,0,-3.526896,0.11216596513986588,0.6380000114440918,0.5049999952316284
YLR135W,YKL074C,0,-3.527574,0.11214624345302582,0.6380000114440918,0.5051000118255615
YPL097W,YJR025C,0,-3.5277734,0.11212653666734695,0.6380000114440918,0.5052000284194946
YOL148C,YGL066W,1,-3.527789,0.11228255182504654,0.6389999985694885,0.5052000284194946
YFR005C,YNL163C,0,-3.5278292,0.11226282268762589,0.6389999985694885,0.505299985408783
YPR165W,YDR088C,0,-3.527845,0.11224310845136642,0.6389999985694885,0.5054000020027161
YGR267C,YDL147W,0,-3.5279207,0.11222339421510696,0.6389999985694885,0.5055000185966492
YKR007W,YGR144W,0,-3.5281172,0.1122036874294281,0.6389999985694885,0.5055999755859375
YEL021W,YGL238W,0,-3.5282364,0.11218398809432983,0.6389999985694885,0.5056999921798706
YDR184C,YDR211W,0,-3.5283475,0.11216429620981216,0.6389999985694885,0.5058000087738037
YKL126W,YER019C-A,0,-3.5283718,0.11214461177587509,0.6389999985694885,0.5059000253677368
YOR348C,YER138C,0,-3.528542,0.11212493479251862,0.6389999985694885,0.5059999823570251
YJR044C,YPL082C,0,-3.5287304,0.11210526525974274,0.6389999985694885,0.5060999989509583
YMR015C,YNL334C,0,-3.5289092,0.11208559572696686,0.6389999985694885,0.5062000155448914
YGL098W,YKR001C,0,-3.5289435,0.11206594109535217,0.6389999985694885,0.5062999725341797
YEL021W,YBR019C,0,-3.529111,0.11204629391431808,0.6389999985694885,0.5063999891281128
YDR488C,YOR335C,0,-3.529141,0.112026646733284,0.6389999985694885,0.5065000057220459
YKL096W-A,YDL217C,0,-3.529173,0.1120070144534111,0.6389999985694885,0.506600022315979
YOL143C,YDR005C,0,-3.5295444,0.11198738217353821,0.6389999985694885,0.5066999793052673
YNL137C,YPL026C,0,-3.5295854,0.11196775734424591,0.6389999985694885,0.5067999958992004
YML109W,YLR442C,1,-3.5296388,0.11212333291769028,0.6399999856948853,0.5067999958992004
YGR188C,YPL121C,0,-3.5297766,0.11210369318723679,0.6399999856948853,0.5069000124931335
YLL038C,YNL146W,0,-3.529903,0.11208406090736389,0.6399999856948853,0.5070000290870667
YBR274W,YEL030W,0,-3.5299292,0.1120644360780716,0.6399999856948853,0.507099986076355
YGL100W,YDR341C,0,-3.529961,0.1120448186993599,0.6399999856948853,0.5072000026702881
YDR310C,YNL088W,1,-3.5300574,0.11220024526119232,0.640999972820282,0.5072000026702881
YLR418C,YML109W,1,-3.530334,0.11235561966896057,0.6420000195503235,0.5072000026702881
YIL044C,YGR270W,0,-3.5303893,0.11233595758676529,0.6420000195503235,0.5073000192642212
YLR431C,YNL036W,0,-3.5305743,0.1123163029551506,0.6420000195503235,0.5073999762535095
YCR003W,YDR512C,0,-3.5306425,0.11229665577411652,0.6420000195503235,0.5074999928474426
YNR059W,YMR043W,0,-3.5306907,0.11227702349424362,0.6420000195503235,0.5076000094413757
YFL034C-B,YML115C,0,-3.5308275,0.11225739121437073,0.6420000195503235,0.5077000260353088
YAR009C,YBR129C,0,-3.5313272,0.11223775893449783,0.6420000195503235,0.5077999830245972
YDR081C,YPL147W,0,-3.5315871,0.11221814155578613,0.6420000195503235,0.5078999996185303
YNL317W,YLR239C,0,-3.5316267,0.11219853162765503,0.6420000195503235,0.5080000162124634
YLL032C,YJR125C,0,-3.5316825,0.11217892915010452,0.6420000195503235,0.5080999732017517
YPR034W,YPR193C,1,-3.5319457,0.11233403533697128,0.6430000066757202,0.5080999732017517
YDR323C,YJL196C,0,-3.5319662,0.11231441050767899,0.6430000066757202,0.5081999897956848
YLR015W,YNL088W,1,-3.5320125,0.11246943473815918,0.6439999938011169,0.5081999897956848
YER073W,YOR092W,0,-3.5322762,0.11244980245828629,0.6439999938011169,0.5083000063896179
YGR260W,YAR033W,0,-3.532421,0.11243017017841339,0.6439999938011169,0.508400022983551
YDR279W,YOL127W,0,-3.532518,0.1124105453491211,0.6439999938011169,0.5084999799728394
YLR310C,YDR330W,0,-3.5328588,0.1123909279704094,0.6439999938011169,0.5085999965667725
YLR411W,YNL188W,0,-3.5328956,0.11237131059169769,0.6439999938011169,0.5087000131607056
YDR405W,YOL052C-A,0,-3.5331364,0.11235170811414719,0.6439999938011169,0.5088000297546387
YMR195W,YDL215C,0,-3.5333033,0.11233211308717728,0.6439999938011169,0.508899986743927
YIL004C,YER044C,0,-3.5333557,0.11231252551078796,0.6439999938011169,0.5090000033378601
YKL089W,YNL177C,0,-3.5334134,0.11229293793439865,0.6439999938011169,0.5091000199317932
YLR092W,YHR149C,0,-3.5335164,0.11227335780858994,0.6439999938011169,0.5091999769210815
YAL041W,YGR038W,0,-3.5336385,0.11225379258394241,0.6439999938011169,0.5092999935150146
YIL062C,YPL075W,0,-3.5337372,0.11223422735929489,0.6439999938011169,0.5094000101089478
YKL217W,YGL158W,0,-3.533876,0.11221466958522797,0.6439999938011169,0.5095000267028809
YMR217W,YMR223W,0,-3.534175,0.11219511926174164,0.6439999938011169,0.5095999836921692
YLR258W,YLR121C,0,-3.5343347,0.11217557638883591,0.6439999938011169,0.5097000002861023
YIL148W,YGL067W,0,-3.534339,0.11215604096651077,0.6439999938011169,0.5098000168800354
YGR174C,YPR174C,0,-3.5344534,0.11213651299476624,0.6439999938011169,0.5098999738693237
YIL088C,YPR082C,0,-3.5344677,0.1121169924736023,0.6439999938011169,0.5099999904632568
YDR225W,YHR119W,1,-3.534728,0.11227153986692429,0.6449999809265137,0.5099999904632568
YGL157W,YNR059W,0,-3.53478,0.11225200444459915,0.6449999809265137,0.5101000070571899
YDL013W,YOR202W,0,-3.534977,0.11223246902227402,0.6449999809265137,0.510200023651123
YDL093W,YKL114C,0,-3.5351458,0.11221294105052948,0.6449999809265137,0.5102999806404114
YCR081W,YGR211W,0,-3.5356126,0.11219342797994614,0.6449999809265137,0.5103999972343445
YOR250C,YNL126W,0,-3.5357175,0.11217391490936279,0.6449999809265137,0.5105000138282776
YMR180C,YGR270W,0,-3.535913,0.11215440928936005,0.6449999809265137,0.5105999708175659
YHL034C,YDL080C,0,-3.5360546,0.1121349111199379,0.6449999809265137,0.510699987411499
YBL084C,YMR307W,0,-3.536241,0.11211542040109634,0.6449999809265137,0.5108000040054321
YBL072C,YBL047C,0,-3.5367436,0.11209592968225479,0.6449999809265137,0.5109000205993652
YJL094C,YLR155C,0,-3.536778,0.11207645386457443,0.6449999809265137,0.5109999775886536
YGR072W,YJL196C,0,-3.5369735,0.11205698549747467,0.6449999809265137,0.5110999941825867
YGR252W,YDR303C,1,-3.5371046,0.11221121996641159,0.6460000276565552,0.5110999941825867
YKL143W,YBL074C,0,-3.5373735,0.11219173669815063,0.6460000276565552,0.5112000107765198
YFR004W,YNL329C,0,-3.5374746,0.11217225342988968,0.6460000276565552,0.5113000273704529
YHL034C,YFL031W,0,-3.5375252,0.11215277761220932,0.6460000276565552,0.5113999843597412
YKL174C,YHR060W,0,-3.5377498,0.11213330924510956,0.6460000276565552,0.5115000009536743
YMR314W,YDR532C,0,-3.53786,0.1121138483285904,0.6460000276565552,0.5116000175476074
YBR182C,YMR036C,0,-3.5381322,0.11209439486265182,0.6460000276565552,0.5116999745368958
YAL023C,YKR083C,0,-3.5381455,0.11207494884729385,0.6460000276565552,0.5117999911308289
YNL077W,YDL039C,0,-3.5384183,0.11205551028251648,0.6460000276565552,0.511900007724762
YOR044W,YOR144C,0,-3.538422,0.1120360717177391,0.6460000276565552,0.5120000243186951
YGL153W,YBR287W,0,-3.5385337,0.11201664805412292,0.6460000276565552,0.5120999813079834
YBR166C,YNR047W,0,-3.5387568,0.11199722439050674,0.6460000276565552,0.5121999979019165
YKL127W,YHL031C,0,-3.5389147,0.11197781562805176,0.6460000276565552,0.5123000144958496
YMR013C,YNL003C,0,-3.538937,0.11195840686559677,0.6460000276565552,0.5123999714851379
YJR093C,YLR013W,0,-3.5389557,0.11193900555372238,0.6460000276565552,0.512499988079071
YDR368W,YIL077C,0,-3.5390816,0.11191961169242859,0.6460000276565552,0.5126000046730042
YGL232W,YER062C,0,-3.5392323,0.1119002252817154,0.6460000276565552,0.5127000212669373
YCR026C,YPL092W,0,-3.5394545,0.1118808463215828,0.6460000276565552,0.5127999782562256
YKL124W,YKL027W,0,-3.5395136,0.11186147481203079,0.6460000276565552,0.5128999948501587
YNR045W,YJL134W,0,-3.5397234,0.11184210330247879,0.6460000276565552,0.5130000114440918
YDL039C,YBR165W,0,-3.5397415,0.11182274669408798,0.6460000276565552,0.5131000280380249
YBR045C,YDR236C,0,-3.5400524,0.11180339008569717,0.6460000276565552,0.5131999850273132
YGL094C,YDR410C,0,-3.5401726,0.11178404837846756,0.6460000276565552,0.5133000016212463
YHR067W,YML023C,0,-3.5403953,0.11176470667123795,0.6460000276565552,0.5134000182151794
YCR003W,YIL049W,0,-3.5404363,0.11174537241458893,0.6460000276565552,0.5134999752044678
YBR162W-A,YER044C,0,-3.540473,0.11172604560852051,0.6460000276565552,0.5135999917984009
YOL148C,YNL246W,1,-3.5405574,0.11187964677810669,0.6470000147819519,0.5135999917984009
YGL006W,YGR096W,0,-3.5405574,0.11186030507087708,0.6470000147819519,0.513700008392334
YJR048W,YIL085C,0,-3.5406437,0.11184097081422806,0.6470000147819519,0.5138000249862671
YGL023C,YMR073C,0,-3.540779,0.11182163655757904,0.6470000147819519,0.5138999819755554
YDR519W,YDR236C,0,-3.5411043,0.11180231720209122,0.6470000147819519,0.5139999985694885
YGL038C,YER074W-A,0,-3.5413299,0.1117829978466034,0.6470000147819519,0.5141000151634216
YPL236C,YOR122C,0,-3.5416212,0.11176369339227676,0.6470000147819519,0.51419997215271
YGL092W,YPL147W,0,-3.5422735,0.11174438893795013,0.6470000147819519,0.5142999887466431
YFL001W,YKR030W,0,-3.5423522,0.1117250919342041,0.6470000147819519,0.5144000053405762
YDR225W,YJL176C,1,-3.5424047,0.11187845468521118,0.6480000019073486,0.5144000053405762
YJR029W,YIL110W,0,-3.5426483,0.11185914278030396,0.6480000019073486,0.5145000219345093
YOR243C,YDR306C,0,-3.5427423,0.11183983087539673,0.6480000019073486,0.5145999789237976
YBL091C,YLR457C,0,-3.5429206,0.1118205338716507,0.6480000019073486,0.5146999955177307
YLR145W,YBR015C,0,-3.5432043,0.11180124431848526,0.6480000019073486,0.5148000121116638
YIL168W,YPL269W,0,-3.543213,0.11178195476531982,0.6480000019073486,0.5149000287055969
YOR319W,YJR137C,0,-3.5435104,0.11176268011331558,0.6480000019073486,0.5149999856948853
YHL027W,YJL047C,0,-3.5438771,0.11174340546131134,0.6480000019073486,0.5151000022888184
YAL044C,YGL098W,0,-3.5441227,0.1117241382598877,0.6480000019073486,0.5152000188827515
YOR110W,YEL042W,0,-3.5442266,0.11170487850904465,0.6480000019073486,0.5152999758720398
YOR243C,YKL032C,0,-3.5443969,0.1116856262087822,0.6480000019073486,0.5153999924659729
YGL153W,YJR158W,0,-3.544467,0.11166638135910034,0.6480000019073486,0.515500009059906
YDL220C,YMR073C,0,-3.544499,0.11164713650941849,0.6480000019073486,0.5156000256538391
YBL088C,YKL114C,0,-3.544517,0.11162790656089783,0.6480000019073486,0.5156999826431274
YGL232W,YDR368W,0,-3.544845,0.11160868406295776,0.6480000019073486,0.5157999992370605
YOR243C,YKR020W,0,-3.5448918,0.1115894615650177,0.6480000019073486,0.5159000158309937
YPR016C,YPL121C,0,-3.5451064,0.11157024651765823,0.6480000019073486,0.515999972820282
YPL270W,YDR272W,0,-3.5451112,0.11155103892087936,0.6480000019073486,0.5160999894142151
YLR228C,YIL120W,0,-3.5452838,0.11153183877468109,0.6480000019073486,0.5162000060081482
YLR431C,YNL094W,0,-3.5452986,0.11151264607906342,0.6480000019073486,0.5163000226020813
YDR393W,YAR033W,0,-3.545352,0.11149346083402634,0.6480000019073486,0.5163999795913696
YLR288C,YBL003C,1,-3.545405,0.11164630949497223,0.6489999890327454,0.5163999795913696
YKL054C,YGR188C,0,-3.5454278,0.11162710934877396,0.6489999890327454,0.5164999961853027
YIL046W,YBR201W,0,-3.5455046,0.11160790920257568,0.6489999890327454,0.5166000127792358
YDR001C,YNL116W,0,-3.545576,0.1115887239575386,0.6489999890327454,0.516700029373169
YGL203C,YCR008W,0,-3.545823,0.11156953871250153,0.6489999890327454,0.5167999863624573
YML001W,YKL008C,0,-3.5458722,0.11155036091804504,0.6489999890327454,0.5169000029563904
YLR022C,YGL179C,0,-3.5460677,0.11153119057416916,0.6489999890327454,0.5170000195503235
YCL019W,YDL110C,0,-3.5461173,0.11151202768087387,0.6489999890327454,0.5170999765396118
YKL075C,YHR043C,0,-3.5462046,0.11149287223815918,0.6489999890327454,0.5171999931335449
YJR029W,YJR153W,0,-3.5465183,0.11147371679544449,0.6489999890327454,0.517300009727478
YOL109W,YNL252C,0,-3.5465217,0.11145457625389099,0.6489999890327454,0.5174000263214111
YER167W,YLR405W,0,-3.5465493,0.11143544316291809,0.6489999890327454,0.5174999833106995
YOR113W,YNL074C,0,-3.5465593,0.11141631007194519,0.6489999890327454,0.5175999999046326
YNL038W,YMR040W,0,-3.546729,0.11139718443155289,0.6489999890327454,0.5177000164985657
YDR225W,YDR303C,1,-3.5468183,0.11154968291521072,0.6499999761581421,0.5177000164985657
YBR248C,YEL018W,0,-3.5469384,0.11153054237365723,0.6499999761581421,0.517799973487854
YNL121C,YBR284W,0,-3.5469508,0.11151140928268433,0.6499999761581421,0.5178999900817871
YLR004C,YOR125C,0,-3.5470238,0.11149228364229202,0.6499999761581421,0.5180000066757202
YIL073C,YKL082C,0,-3.547359,0.11147315800189972,0.6499999761581421,0.5181000232696533
YFR015C,YKL190W,0,-3.5473695,0.11145404726266861,0.6499999761581421,0.5181999802589417
YNR047W,YJL029C,0,-3.5474467,0.1114349365234375,0.6499999761581421,0.5182999968528748
YIL034C,YGR240C,0,-3.547461,0.11141584068536758,0.6499999761581421,0.5184000134468079
YBR274W,YDR322C-A,0,-3.5475097,0.11139674484729767,0.6499999761581421,0.5184999704360962
YGL120C,YOR377W,0,-3.5475154,0.11137765645980835,0.6499999761581421,0.5185999870300293
YJR047C,YGL206C,0,-3.5476656,0.11135857552289963,0.6499999761581421,0.5187000036239624
YOR393W,YDR236C,0,-3.54778,0.1113395020365715,0.6499999761581421,0.5188000202178955
YOR044W,YPL174C,0,-3.5479374,0.11132042855024338,0.6499999761581421,0.5188999772071838
YBR165W,YER118C,0,-3.5479522,0.11130136996507645,0.6499999761581421,0.5189999938011169
YKL150W,YOL069W,0,-3.5479913,0.11128231137990952,0.6499999761581421,0.51910001039505
YML004C,YDL080C,0,-3.5479927,0.11126326769590378,0.6499999761581421,0.5192000269889832
YLR258W,YHR079C-A,0,-3.5480332,0.11124422401189804,0.6499999761581421,0.5192999839782715
YGR287C,YLR151C,0,-3.5482717,0.1112251877784729,0.6499999761581421,0.5194000005722046
YNL070W,YKL077W,0,-3.5483217,0.11120615899562836,0.6499999761581421,0.5195000171661377
YKL034W,YGL247W,0,-3.548708,0.11118713766336441,0.6499999761581421,0.519599974155426
YML037C,YLR228C,0,-3.5487099,0.11116812378168106,0.6499999761581421,0.5196999907493591
YEL030W,YAL044C,0,-3.5487523,0.11114910989999771,0.6499999761581421,0.5198000073432922
YNL075W,YMR223W,0,-3.5488248,0.11113011091947556,0.6499999761581421,0.5199000239372253
YFL031W,YBR035C,0,-3.549087,0.1111111119389534,0.6499999761581421,0.5199999809265137
YLR411W,YOR285W,0,-3.549128,0.11109212040901184,0.6499999761581421,0.5200999975204468
YOL109W,YER087C-B,0,-3.5491753,0.11107313632965088,0.6499999761581421,0.5202000141143799
YFL031W,YPL026C,0,-3.5491824,0.11105415970087051,0.6499999761581421,0.5202999711036682
YDR205W,YIL149C,0,-3.5492206,0.11103519052267075,0.6499999761581421,0.5203999876976013
YBR034C,YIL016W,0,-3.5494127,0.11101622879505157,0.6499999761581421,0.5205000042915344
YOL004W,YMR127C,1,-3.5494833,0.1111680343747139,0.6510000228881836,0.5205000042915344
YNL287W,YOR125C,0,-3.549533,0.11114905029535294,0.6510000228881836,0.5206000208854675
YNL069C,YDR141C,0,-3.5497751,0.11113008111715317,0.6510000228881836,0.5206999778747559
YOR206W,YGR166W,0,-3.549944,0.1111111119389534,0.6510000228881836,0.520799994468689
YOR079C,YKL114C,0,-3.5501628,0.11109215021133423,0.6510000228881836,0.5209000110626221
YDL093W,YLR226W,0,-3.5507007,0.11107319593429565,0.6510000228881836,0.5210000276565552
YLR027C,YHR079C-A,0,-3.5507188,0.11105424910783768,0.6510000228881836,0.5210999846458435
YPL042C,YKL206C,0,-3.5507445,0.1110353097319603,0.6510000228881836,0.5212000012397766
YJL078C,YLR411W,0,-3.5511045,0.11101637035608292,0.6510000228881836,0.5213000178337097
YHR026W,YER072W,0,-3.5511384,0.11099744588136673,0.6510000228881836,0.521399974822998
YBR019C,YAL055W,0,-3.5512838,0.11097852140665054,0.6510000228881836,0.5214999914169312
YOL058W,YPL065W,0,-3.5514202,0.11095960438251495,0.6510000228881836,0.5216000080108643
YPL090C,YER118C,0,-3.551529,0.11094069480895996,0.6510000228881836,0.5217000246047974
YLR268W,YLR109W,0,-3.5517783,0.11092179268598557,0.6510000228881836,0.5217999815940857
YLR092W,YDR486C,0,-3.5518484,0.11090289801359177,0.6510000228881836,0.5218999981880188
YGL092W,YPL259C,0,-3.551952,0.11088400334119797,0.6510000228881836,0.5220000147819519
YJL008C,YBL036C,0,-3.5519705,0.11086512356996536,0.6510000228881836,0.5220999717712402
YGR220C,YDR473C,0,-3.5522013,0.11084624379873276,0.6510000228881836,0.5221999883651733
YBR294W,YKR001C,0,-3.5522752,0.11082737147808075,0.6510000228881836,0.5223000049591064
YKL171W,YIL142W,0,-3.5525174,0.11080851405858994,0.6510000228881836,0.5224000215530396
YNL192W,YJR112W,0,-3.552578,0.11078964918851852,0.6510000228881836,0.5224999785423279
YLR381W,YOR076C,0,-3.552765,0.1107707992196083,0.6510000228881836,0.522599995136261
YLR097C,YJL047C,0,-3.5530496,0.11075195670127869,0.6510000228881836,0.5227000117301941
YFR015C,YOR147W,0,-3.5530663,0.11073311418294907,0.6510000228881836,0.5228000283241272
YDR017C,YPL026C,0,-3.5530686,0.11071428656578064,0.6510000228881836,0.5228999853134155
YDR109C,YGL127C,0,-3.5532904,0.11069545894861221,0.6510000228881836,0.5230000019073486
YLR350W,YGL142C,0,-3.5533142,0.11067663878202438,0.6510000228881836,0.5231000185012817
YNL067W,YLR191W,0,-3.5534554,0.11065782606601715,0.6510000228881836,0.5231999754905701
YBL028C,YPL270W,0,-3.5534968,0.11063902080059052,0.6510000228881836,0.5232999920845032
YPL059W,YJR006W,0,-3.5535293,0.11062022298574448,0.6510000228881836,0.5234000086784363
YKR036C,YML078W,0,-3.5535717,0.11060142517089844,0.6510000228881836,0.5235000252723694
YGR211W,YLR427W,0,-3.5536966,0.11058264225721359,0.6510000228881836,0.5235999822616577
YHR169W,YJR144W,0,-3.5538197,0.11056385934352875,0.6510000228881836,0.5236999988555908
YML069W,YER030W,1,-3.553832,0.11071489006280899,0.6520000100135803,0.5236999988555908
YPL069C,YCL019W,0,-3.5546045,0.11069609224796295,0.6520000100135803,0.5238000154495239
YNL334C,YML001W,0,-3.5548644,0.11067730188369751,0.6520000100135803,0.5238999724388123
YLR373C,YPL026C,0,-3.5549002,0.11065851897001266,0.6520000100135803,0.5239999890327454
YAL022C,YJL179W,0,-3.5550313,0.11063974350690842,0.6520000100135803,0.5241000056266785
YDR079W,YHL028W,0,-3.555037,0.11062096804380417,0.6520000100135803,0.5242000222206116
YFL049W,YER169W,1,-3.5550551,0.11077184230089188,0.652999997138977,0.5242000222206116
YBL084C,YJL082W,0,-3.5554175,0.11075305193662643,0.652999997138977,0.5242999792098999
YKL191W,YER073W,0,-3.555533,0.11073426902294159,0.652999997138977,0.524399995803833
YDL116W,YNL115C,0,-3.555728,0.11071549355983734,0.652999997138977,0.5245000123977661
YMR156C,YBR155W,0,-3.5558667,0.11069672554731369,0.652999997138977,0.5246000289916992
YIL110W,YER044C,0,-3.5559044,0.11067796498537064,0.652999997138977,0.5246999859809875
YHR043C,YCR092C,0,-3.5559483,0.11065921187400818,0.652999997138977,0.5248000025749207
YOR079C,YER149C,0,-3.5562983,0.11064045876264572,0.652999997138977,0.5249000191688538
YAL010C,YDR033W,0,-3.5565362,0.11062172055244446,0.652999997138977,0.5249999761581421
YDL067C,YDR005C,0,-3.5572371,0.1106029823422432,0.652999997138977,0.5250999927520752
YJR112W,YOL011W,0,-3.5573678,0.11058425158262253,0.652999997138977,0.5252000093460083
YKR101W,YJL115W,1,-3.557489,0.11073484271764755,0.6539999842643738,0.5252000093460083
YDR004W,YEL039C,0,-3.557766,0.11071609705686569,0.6539999842643738,0.5253000259399414
YML077W,YER045C,0,-3.557777,0.11069735884666443,0.6539999842643738,0.5253999829292297
YJR125C,YDL220C,0,-3.557856,0.11067862808704376,0.6539999842643738,0.5254999995231628
YJL183W,YGL131C,0,-3.5581083,0.1106598973274231,0.6539999842643738,0.525600016117096
YOL034W,YIL070C,0,-3.5581808,0.11064117401838303,0.6539999842643738,0.5256999731063843
YPL274W,YDR330W,0,-3.558343,0.11062246561050415,0.6539999842643738,0.5257999897003174
YHR179W,YMR232W,0,-3.5585265,0.11060375720262527,0.6539999842643738,0.5259000062942505
YOL062C,YLR192C,0,-3.5586038,0.1105850487947464,0.6539999842643738,0.5260000228881836
YBR182C,YPR176C,0,-3.5586076,0.11056635528802872,0.6539999842643738,0.5260999798774719
YBR166C,YLR376C,0,-3.559039,0.11054766923189163,0.6539999842643738,0.526199996471405
YPL089C,YGL161C,0,-3.5592556,0.11052898317575455,0.6539999842643738,0.5263000130653381
YMR101C,YNR059W,0,-3.5595946,0.11051030457019806,0.6539999842643738,0.5264000296592712
YMR302C,YGL098W,0,-3.5597477,0.11049163341522217,0.6539999842643738,0.5264999866485596
YNR060W,YGL098W,0,-3.5601397,0.11047296971082687,0.6539999842643738,0.5266000032424927
YIL085C,YLR342W,0,-3.560616,0.11045431345701218,0.6539999842643738,0.5267000198364258
YOR026W,YJL196C,0,-3.5606532,0.11043566465377808,0.6539999842643738,0.5267999768257141
YJR047C,YIR009W,0,-3.5607305,0.11041701585054398,0.6539999842643738,0.5268999934196472
YDL231C,YGL238W,0,-3.5608544,0.11039838194847107,0.6539999842643738,0.5270000100135803
YIL142W,YER131W,0,-3.5608792,0.11037974804639816,0.6539999842643738,0.5271000266075134
YPR111W,YML004C,0,-3.5609689,0.11036112159490585,0.6539999842643738,0.5271999835968018
YLR363C,YBR186W,0,-3.5612497,0.11034250259399414,0.6539999842643738,0.5273000001907349
YNL197C,YNL329C,0,-3.5612674,0.11032388359308243,0.6539999842643738,0.527400016784668
YBL028C,YDR264C,0,-3.5614328,0.11030527949333191,0.6539999842643738,0.5274999737739563
YLR431C,YLR405W,0,-3.561503,0.11028667539358139,0.6539999842643738,0.5275999903678894
YGL142C,YJL196C,0,-3.5618205,0.11026808619499207,0.6539999842643738,0.5277000069618225
YPR067W,YDR411C,0,-3.5619254,0.11024949699640274,0.6539999842643738,0.5278000235557556
YJL080C,YDR224C,1,-3.5621123,0.11039946228265762,0.6549999713897705,0.5278000235557556
YLR039C,YDR211W,0,-3.5621157,0.1103808581829071,0.6549999713897705,0.527899980545044
YBR070C,YGL238W,0,-3.5621471,0.11036225408315659,0.6549999713897705,0.527999997138977
YPR120C,YNL151C,0,-3.5621815,0.11034366488456726,0.6549999713897705,0.5281000137329102
YMR192W,YIL077C,0,-3.5625706,0.11032508313655853,0.6549999713897705,0.5281999707221985
YOL030W,YKR001C,0,-3.5626478,0.1103065013885498,0.6549999713897705,0.5282999873161316
YHL011C,YNL090W,0,-3.5629,0.11028792709112167,0.6549999713897705,0.5284000039100647
YGR222W,YBR022W,0,-3.5629835,0.11026936024427414,0.6549999713897705,0.5285000205039978
YLR449W,YDR303C,1,-3.5629845,0.1104191243648529,0.656000018119812,0.5285000205039978
YIL132C,YDR532C,0,-3.5632968,0.11040053516626358,0.656000018119812,0.5285999774932861
YMR168C,YKL051W,0,-3.5633268,0.11038196086883545,0.656000018119812,0.5286999940872192
YCR026C,YOR143C,0,-3.5635715,0.11036339402198792,0.656000018119812,0.5288000106811523
YJL146W,YGR013W,0,-3.563599,0.11034482717514038,0.656000018119812,0.5289000272750854
YMR047C,YKL190W,0,-3.5636163,0.11032626777887344,0.656000018119812,0.5289999842643738
YHR036W,YER087C-B,0,-3.5637536,0.1103077158331871,0.656000018119812,0.5291000008583069
YER086W,YLL032C,0,-3.563797,0.11028917133808136,0.656000018119812,0.52920001745224
YNL154C,YDR253C,0,-3.5638661,0.11027063429355621,0.656000018119812,0.5292999744415283
YNL209W,YNL287W,0,-3.5639944,0.11025209724903107,0.656000018119812,0.5293999910354614
YOR281C,YKL178C,0,-3.564268,0.11023357510566711,0.656000018119812,0.5295000076293945
YGL247W,YJR153W,0,-3.5643668,0.11021505296230316,0.656000018119812,0.5296000242233276
YML001W,YDR013W,0,-3.5646038,0.1101965382695198,0.656000018119812,0.529699981212616
YBL092W,YML113W,0,-3.5646129,0.11017803102731705,0.656000018119812,0.5297999978065491
YDL087C,YGR042W,0,-3.5646415,0.11015953123569489,0.656000018119812,0.5299000144004822
YKL087C,YDL247W,0,-3.5646954,0.11014103144407272,0.656000018119812,0.5299999713897705
YNL075W,YIL016W,0,-3.5647306,0.11012254655361176,0.656000018119812,0.5300999879837036
YNL070W,YGL161C,0,-3.5649414,0.11010406166315079,0.656000018119812,0.5302000045776367
YHR036W,YDL078C,0,-3.565061,0.11008558422327042,0.656000018119812,0.5303000211715698
YBR248C,YIL075C,0,-3.5650835,0.11006711423397064,0.656000018119812,0.5303999781608582
YBR060C,YJL176C,1,-3.5653973,0.1102164089679718,0.6570000052452087,0.5303999781608582
YGR087C,YCR098C,0,-3.565464,0.11019791662693024,0.6570000052452087,0.5304999947547913
YPR111W,YPL274W,0,-3.5655293,0.11017943918704987,0.6570000052452087,0.5306000113487244
YIL084C,YML069W,1,-3.5658956,0.11032863706350327,0.6579999923706055,0.5306000113487244
YJL080C,YDR303C,1,-3.5667014,0.11047779023647308,0.6589999794960022,0.5306000113487244
YMR013C,YPL026C,0,-3.5668926,0.11045926809310913,0.6589999794960022,0.5307000279426575
YNL207W,YPL259C,0,-3.5669255,0.11044076085090637,0.6589999794960022,0.5307999849319458
YNL207W,YGL179C,0,-3.5669513,0.11042225360870361,0.6589999794960022,0.5309000015258789
YDR027C,YMR286W,0,-3.567021,0.11040375381708145,0.6589999794960022,0.531000018119812
YOL148C,YBR289W,1,-3.5670319,0.11055276542901993,0.6600000262260437,0.531000018119812
YHL015W,YDR236C,0,-3.5671563,0.11053425073623657,0.6600000262260437,0.5310999751091003
YBR055C,YBL047C,0,-3.5673475,0.11051574349403381,0.6600000262260437,0.5311999917030334
YNL271C,YKL197C,0,-3.5678897,0.11049723625183105,0.6600000262260437,0.5313000082969666
YNL173C,YOL135C,0,-3.5679197,0.11047874391078949,0.6600000262260437,0.5314000248908997
YKL074C,YGL179C,0,-3.5680513,0.11046025156974792,0.6600000262260437,0.531499981880188
YFR025C,YKL005C,0,-3.5684953,0.11044176667928696,0.6600000262260437,0.5315999984741211
YMR217W,YOR128C,0,-3.568531,0.11042328923940659,0.6600000262260437,0.5317000150680542
YER155C,YBL037W,0,-3.5685353,0.11040481925010681,0.6600000262260437,0.5317999720573425
YKR101W,YER030W,1,-3.5689044,0.11055360734462738,0.6610000133514404,0.5317999720573425
YGR204W,YOL040C,0,-3.5689573,0.11053511500358582,0.6610000133514404,0.5318999886512756
YNL256W,YNL272C,0,-3.569048,0.11051663756370544,0.6610000133514404,0.5320000052452087
YAL022C,YOR266W,0,-3.5690603,0.11049816012382507,0.6610000133514404,0.5321000218391418
YBR166C,YDL039C,0,-3.5691319,0.1104796901345253,0.6610000133514404,0.5321999788284302
YOR079C,YHL004W,0,-3.569456,0.11046122759580612,0.6610000133514404,0.5322999954223633
YGR220C,YOR128C,0,-3.5694804,0.11044277250766754,0.6610000133514404,0.5324000120162964
YOL100W,YLR086W,0,-3.569552,0.11042432487010956,0.6610000133514404,0.5325000286102295
YOR044W,YMR156C,0,-3.569673,0.11040587723255157,0.6610000133514404,0.5325999855995178
YLR368W,YDR532C,0,-3.5699034,0.11038744449615479,0.6610000133514404,0.5327000021934509
YGR193C,YLR158C,0,-3.5701256,0.110369011759758,0.6610000133514404,0.532800018787384
YKL178C,YPL090C,0,-3.5702882,0.1103505864739418,0.6610000133514404,0.5328999757766724
YMR165C,YGR261C,0,-3.5704708,0.11033216863870621,0.6610000133514404,0.5329999923706055
YLR431C,YML115C,0,-3.570572,0.11031375080347061,0.6610000133514404,0.5331000089645386
YKL006C-A,YOL122C,0,-3.5706282,0.11029534786939621,0.6610000133514404,0.5332000255584717
YOR123C,YMR022W,1,-3.5706863,0.11044377833604813,0.6620000004768372,0.5332000255584717
YPL221W,YOR113W,0,-3.5707035,0.11042535305023193,0.6620000004768372,0.53329998254776
YPR055W,YMR322C,0,-3.570827,0.11040693521499634,0.6620000004768372,0.5333999991416931
YLL010C,YOL005C,0,-3.5711603,0.11038852483034134,0.6620000004768372,0.5335000157356262
YLR405W,YER072W,0,-3.5712333,0.11037012189626694,0.6620000004768372,0.5335999727249146
YHR005C,YNL256W,0,-3.5713763,0.11035172641277313,0.6620000004768372,0.5336999893188477
YLR388W,YLR427W,0,-3.5714488,0.11033333092927933,0.6620000004768372,0.5338000059127808
YEL002C,YLR297W,0,-3.5715032,0.11031495034694672,0.6620000004768372,0.5339000225067139
YLR022C,YGL144C,0,-3.5717683,0.1102965697646141,0.6620000004768372,0.5339999794960022
YOR120W,YBR017C,0,-3.5719018,0.11027819663286209,0.6620000004768372,0.5340999960899353
YDR368W,YML037C,0,-3.571908,0.11025982350111008,0.6620000004768372,0.5342000126838684
YOR061W,YPL065W,0,-3.571928,0.11024146527051926,0.6620000004768372,0.5343000292778015
YIL122W,YNL094W,0,-3.5720205,0.11022310703992844,0.6620000004768372,0.5343999862670898
YOL005C,YLR109W,0,-3.5720272,0.11020476371049881,0.6620000004768372,0.534500002861023
YER073W,YHR193C,0,-3.5722752,0.11018642038106918,0.6620000004768372,0.534600019454956
YML065W,YDR071C,1,-3.572328,0.11033450067043304,0.6629999876022339,0.534600019454956
YCL030C,YNR032C-A,0,-3.572338,0.11031614243984222,0.6629999876022339,0.5346999764442444
YBR274W,YER009W,0,-3.5724,0.1102977842092514,0.6629999876022339,0.5347999930381775
YDL013W,YOR061W,0,-3.5726604,0.11027944087982178,0.6629999876022339,0.5349000096321106
YKL084W,YJR042W,0,-3.5726619,0.11026109755039215,0.6629999876022339,0.5350000262260437
YJL080C,YMR022W,1,-3.5726643,0.11040904372930527,0.6639999747276306,0.5350000262260437
YOL076W,YKR063C,0,-3.5730138,0.11039069294929504,0.6639999747276306,0.535099983215332
YNL077W,YJL008C,0,-3.5731335,0.11037234216928482,0.6639999747276306,0.5351999998092651
YKR090W,YOL111C,0,-3.5732317,0.1103539988398552,0.6639999747276306,0.5353000164031982
YDR277C,YBR129C,0,-3.5735016,0.11033566296100616,0.6639999747276306,0.5353999733924866
YMR226C,YFR044C,0,-3.5735435,0.11031732708215714,0.6639999747276306,0.5354999899864197
YOL027C,YMR318C,0,-3.573823,0.1102990061044693,0.6639999747276306,0.5356000065803528
YJL090C,YLR155C,0,-3.5739055,0.11028068512678146,0.6639999747276306,0.5357000231742859
YNL238W,YBR070C,0,-3.5740561,0.11026237159967422,0.6639999747276306,0.5357999801635742
YGR076C,YLR192C,0,-3.5740852,0.11024406552314758,0.6639999747276306,0.5358999967575073
YLR050C,YGR158C,0,-3.5741343,0.11022576689720154,0.6639999747276306,0.5360000133514404
YBR019C,YLR411W,0,-3.574161,0.1102074682712555,0.6639999747276306,0.5360999703407288
YKL160W,YDR310C,1,-3.5743585,0.11035513132810593,0.6650000214576721,0.5360999703407288
YLR126C,YAR010C,0,-3.574522,0.11033681780099869,0.6650000214576721,0.5361999869346619
YGL066W,YDR439W,1,-3.5748148,0.11048440635204315,0.6660000085830688,0.5361999869346619
YNL059C,YNL097C,1,-3.5748172,0.11063194274902344,0.6669999957084656,0.5361999869346619
YML018C,YPL106C,0,-3.5750332,0.11061359941959381,0.6669999957084656,0.536300003528595
YKL116C,YPL204W,0,-3.5752769,0.11059525609016418,0.6669999957084656,0.5364000201225281
YJR004C,YDR027C,0,-3.5754862,0.11057692021131516,0.6669999957084656,0.5364999771118164
YIL049W,YLR188W,0,-3.5756016,0.11055859178304672,0.6669999957084656,0.5365999937057495
YKL084W,YDR308C,0,-3.5756578,0.11054027080535889,0.6669999957084656,0.5367000102996826
YNL081C,YOR128C,0,-3.5759006,0.11052195727825165,0.6669999957084656,0.5368000268936157
YNL154C,YIL109C,0,-3.5760722,0.11050364375114441,0.6669999957084656,0.536899983882904
YGL142C,YPR165W,0,-3.5762777,0.11048533767461777,0.6669999957084656,0.5370000004768372
YKL005C,YMR173W,0,-3.5764241,0.11046703904867172,0.6669999957084656,0.5371000170707703
YNL115C,YIL120W,0,-3.57647,0.11044874787330627,0.6669999957084656,0.5371999740600586
YMR223W,YLR191W,0,-3.5765877,0.11043046414852142,0.6669999957084656,0.5372999906539917
YIL004C,YNL116W,0,-3.57662,0.11041218042373657,0.6669999957084656,0.5374000072479248
YCR036W,YGL206C,0,-3.5769892,0.11039391160011292,0.6669999957084656,0.5375000238418579
YGR087C,YIL122W,0,-3.5771503,0.11037564277648926,0.6669999957084656,0.5375999808311462
YAL022C,YBL072C,0,-3.5777836,0.1103573814034462,0.6669999957084656,0.5376999974250793
YOR377W,YLR228C,0,-3.5779982,0.11033912003040314,0.6669999957084656,0.5378000140190125
YMR192W,YHR149C,0,-3.5781674,0.11032087355852127,0.6669999957084656,0.5378999710083008
YGL068W,YML067C,0,-3.5781827,0.1103026270866394,0.6669999957084656,0.5379999876022339
YJR036C,YDR308C,0,-3.578339,0.11028438806533813,0.6669999957084656,0.538100004196167
YJL056C,YGL249W,0,-3.5783439,0.11026615649461746,0.6669999957084656,0.5382000207901001
YLL032C,YOL152W,0,-3.5786257,0.11024793237447739,0.6669999957084656,0.5382999777793884
YNR045W,YJR120W,0,-3.5786347,0.11022971570491791,0.6669999957084656,0.5383999943733215
YLR097C,YMR223W,0,-3.579029,0.11021149903535843,0.6669999957084656,0.5385000109672546
YML086C,YNL074C,0,-3.5793028,0.11019328981637955,0.6669999957084656,0.5386000275611877
YPL179W,YDR449C,0,-3.579342,0.11017508804798126,0.6669999957084656,0.5386999845504761
YMR208W,YER157W,0,-3.5795045,0.11015689373016357,0.6669999957084656,0.5388000011444092
YLR092W,YKL054C,0,-3.5795193,0.11013870686292648,0.6669999957084656,0.5389000177383423
YMR318C,YHR191C,0,-3.5795193,0.11012051999568939,0.6669999957084656,0.5389999747276306
YHR150W,YOR206W,0,-3.579679,0.1101023405790329,0.6669999957084656,0.5390999913215637
YKL017C,YER157W,0,-3.57975,0.110084168612957,0.6669999957084656,0.5392000079154968
YOL011W,YGR261C,0,-3.5798764,0.1100660040974617,0.6669999957084656,0.5393000245094299
YLR074C,YNL134C,0,-3.5800552,0.110047847032547,0.6669999957084656,0.5393999814987183
YBR271W,YML129C,0,-3.5804195,0.1100296899676323,0.6669999957084656,0.5394999980926514
YJL080C,YPR052C,1,-3.5807152,0.11017648130655289,0.6679999828338623,0.5394999980926514
YFL022C,YOR250C,0,-3.5808697,0.11015830934047699,0.6679999828338623,0.5396000146865845
YOR171C,YKL171W,0,-3.5809317,0.11014014482498169,0.6679999828338623,0.5396999716758728
YLR145W,YEL047C,0,-3.5809355,0.11012198776006699,0.6679999828338623,0.5397999882698059
YIL110W,YMR058W,0,-3.58113,0.11010383814573288,0.6679999828338623,0.539900004863739
YJL008C,YMR314W,0,-3.5813556,0.11008569598197937,0.6679999828338623,0.5400000214576721
YEL039C,YDL220C,0,-3.581386,0.11006755381822586,0.6679999828338623,0.5400999784469604
YCL008C,YKL154W,0,-3.5813913,0.11004942655563354,0.6679999828338623,0.5401999950408936
YLR301W,YML126C,0,-3.5815768,0.11003129929304123,0.6679999828338623,0.5403000116348267
YLL003W,YOR256C,0,-3.5815845,0.11001317203044891,0.6679999828338623,0.5404000282287598
YGR268C,YKR090W,0,-3.5815911,0.10999505966901779,0.6679999828338623,0.5404999852180481
YIL080W,YNL069C,0,-3.5816164,0.10997694730758667,0.6679999828338623,0.5406000018119812
YPL174C,YMR173W,0,-3.581623,0.10995884984731674,0.6679999828338623,0.5407000184059143
YKL025C,YLR144C,0,-3.5816293,0.10994075238704681,0.6679999828338623,0.5407999753952026
YIL046W,YDL078C,0,-3.5819726,0.10992266237735748,0.6679999828338623,0.5408999919891357
YDR323C,YJR125C,0,-3.5820737,0.10990457236766815,0.6679999828338623,0.5410000085830688
YPR070W,YDL184C,0,-3.582098,0.10988649725914001,0.6679999828338623,0.541100025177002
YOL113W,YLR102C,0,-3.582199,0.10986842215061188,0.6679999828338623,0.5411999821662903
YOR171C,YDR398W,0,-3.5823565,0.10985035449266434,0.6679999828338623,0.5412999987602234
YER167W,YBR156C,0,-3.582498,0.1098322942852974,0.6679999828338623,0.5414000153541565
YBL003C,YNL088W,1,-3.5825486,0.10997863113880157,0.6690000295639038,0.5414000153541565
YNL075W,YJL112W,0,-3.5828605,0.10996054857969284,0.6690000295639038,0.5414999723434448
YHR101C,YPL049C,0,-3.5832496,0.1099424809217453,0.6690000295639038,0.5415999889373779
YGR271W,YMR322C,0,-3.5833526,0.10992441326379776,0.6690000295639038,0.541700005531311
YDL093W,YPL106C,0,-3.5836368,0.10990636050701141,0.6690000295639038,0.5418000221252441
YMR131C,YIL017W,0,-3.583786,0.10988830775022507,0.6690000295639038,0.5418999791145325
YCR008W,YOL040C,0,-3.5839062,0.10987025499343872,0.6690000295639038,0.5419999957084656
YBR019C,YBR189W,0,-3.5839067,0.10985221713781357,0.6690000295639038,0.5421000123023987
YML065W,YJL127C,1,-3.584146,0.10999836027622223,0.6700000166893005,0.5421000123023987
YNL126W,YGR046W,0,-3.5842447,0.10998030006885529,0.6700000166893005,0.5422000288963318
YPR094W,YLR307W,0,-3.5843759,0.10996225476264954,0.6700000166893005,0.5422999858856201
YGR211W,YOL069W,0,-3.5843983,0.10994420945644379,0.6700000166893005,0.5424000024795532
YDR500C,YPL243W,0,-3.5844417,0.10992617160081863,0.6700000166893005,0.5425000190734863
YBR289W,YDL076C,1,-3.5846252,0.11007218062877655,0.6710000038146973,0.5425000190734863
YOR004W,YGL019W,0,-3.5850167,0.1100541278719902,0.6710000038146973,0.5425999760627747
YFL034C-B,YLL038C,0,-3.5851002,0.11003607511520386,0.6710000038146973,0.5426999926567078
YNL078W,YGR038W,0,-3.585112,0.1100180372595787,0.6710000038146973,0.5428000092506409
YJR049C,YPL106C,0,-3.5853271,0.10999999940395355,0.6710000038146973,0.542900025844574
YGL006W,YOR084W,0,-3.5853271,0.109981968998909,0.6710000038146973,0.5429999828338623
YMR314W,YIL135C,0,-3.5853677,0.10996394604444504,0.6710000038146973,0.5430999994277954
YNL163C,YOR266W,0,-3.5854945,0.10994593054056168,0.6710000038146973,0.5432000160217285
YHR025W,YKL214C,0,-3.5856657,0.10992791503667831,0.6710000038146973,0.5432999730110168
YBR022W,YPL075W,0,-3.585744,0.10990990698337555,0.6710000038146973,0.54339998960495
YLR398C,YKR007W,0,-3.5857878,0.10989190638065338,0.6710000038146973,0.5435000061988831
YPL038W,YOL040C,0,-3.585843,0.10987391322851181,0.6710000038146973,0.5436000227928162
YGL131C,YDL077C,0,-3.5858793,0.10985592752695084,0.6710000038146973,0.5436999797821045
YDR225W,YBR289W,1,-3.5860271,0.11000163853168488,0.671999990940094,0.5436999797821045
YOR148C,YKL087C,0,-3.586071,0.10998363047838211,0.671999990940094,0.5437999963760376
YHR169W,YGR087C,0,-3.586141,0.10996563732624054,0.671999990940094,0.5439000129699707
YBR070C,YJR052W,0,-3.586288,0.10994764417409897,0.671999990940094,0.5440000295639038
YGL094C,YLR342W,0,-3.5863566,0.109929658472538,0.671999990940094,0.5440999865531921
YBR088C,YOR064C,1,-3.5864034,0.11007523536682129,0.6729999780654907,0.5440999865531921
YLR368W,YJR092W,0,-3.586454,0.11005723476409912,0.6729999780654907,0.5442000031471252
YBR274W,YCR097W,0,-3.5865855,0.11003924161195755,0.6729999780654907,0.5443000197410583
YDL013W,YGL135W,0,-3.5867195,0.11002125591039658,0.6729999780654907,0.5443999767303467
YFL034C-B,YLL031C,0,-3.5868258,0.1100032702088356,0.6729999780654907,0.5444999933242798
YOR133W,YER072W,0,-3.586873,0.10998529195785522,0.6729999780654907,0.5446000099182129
YGR194C,YCR098C,0,-3.5869117,0.10996732115745544,0.6729999780654907,0.544700026512146
YJL094C,YKL127W,0,-3.5869117,0.10994935780763626,0.6729999780654907,0.5447999835014343
YKL160W,YMR022W,1,-3.586999,0.11009474098682404,0.6740000247955322,0.5447999835014343
YHL027W,YOL121C,0,-3.5870147,0.11007676273584366,0.6740000247955322,0.5449000000953674
YNL262W,YDR071C,1,-3.5875697,0.11022207885980606,0.675000011920929,0.5449000000953674
YBL047C,YBR022W,0,-3.5876222,0.11020407825708389,0.675000011920929,0.5450000166893005
YGR255C,YGL008C,0,-3.5876584,0.11018609255552292,0.675000011920929,0.5450999736785889
YBR121C,YGL067W,0,-3.5881524,0.11016810685396194,0.675000011920929,0.545199990272522
YDR405W,YLR086W,0,-3.5882788,0.11015012860298157,0.675000011920929,0.5453000068664551
YOR219C,YLL031C,0,-3.5883179,0.11013215780258179,0.675000011920929,0.5454000234603882
YDR439W,YJL115W,1,-3.5883741,0.11027732491493225,0.6759999990463257,0.5454000234603882
YER176W,YLR268W,0,-3.5883837,0.11025933921337128,0.6759999990463257,0.5454999804496765
YOR133W,YOL069W,0,-3.5884428,0.1102413535118103,0.6759999990463257,0.5455999970436096
YKL011C,YMR047C,0,-3.5887733,0.11022338271141052,0.6759999990463257,0.5457000136375427
YPL038W,YIL049W,0,-3.5888467,0.11020541191101074,0.6759999990463257,0.545799970626831
YHR150W,YLR155C,0,-3.5888824,0.11018744856119156,0.6759999990463257,0.5458999872207642
YMR021C,YBR156C,0,-3.589003,0.11016949266195297,0.6759999990463257,0.5460000038146973
YJL134W,YOR030W,0,-3.589089,0.11015153676271439,0.6759999990463257,0.5461000204086304
YCR003W,YGL097W,0,-3.589466,0.110133595764637,0.6759999990463257,0.5461999773979187
YOL076W,YLR158C,0,-3.5896354,0.1101156547665596,0.6759999990463257,0.5462999939918518
YDL184C,YOR061W,0,-3.5897331,0.1100977212190628,0.6759999990463257,0.5464000105857849
YNL067W,YJL035C,0,-3.5897903,0.1100797951221466,0.6759999990463257,0.546500027179718
YNL115C,YGL238W,0,-3.5901418,0.11006186902523041,0.6759999990463257,0.5465999841690063
YNL231C,YDR322C-A,0,-3.5901937,0.1100439503788948,0.6759999990463257,0.5467000007629395
YGL131C,YNL160W,0,-3.5902548,0.1100260391831398,0.6759999990463257,0.5468000173568726
YGL153W,YCL057W,0,-3.5902896,0.1100081354379654,0.6759999990463257,0.5468999743461609
YPR138C,YNL282W,0,-3.5903258,0.10999023914337158,0.6759999990463257,0.546999990940094
YML123C,YLR158C,0,-3.5904403,0.10997234284877777,0.6759999990463257,0.5471000075340271
YBR284W,YKL197C,0,-3.5905318,0.10995445400476456,0.6759999990463257,0.5472000241279602
YBR143C,YPL065W,0,-3.5909157,0.10993657261133194,0.6759999990463257,0.5472999811172485
YDR179C,YIL142W,0,-3.5909157,0.10991869866847992,0.6759999990463257,0.5473999977111816
YLR431C,YGR042W,0,-3.5910025,0.1099008321762085,0.6759999990463257,0.5475000143051147
YNL094W,YNL231C,0,-3.5910292,0.10988296568393707,0.6759999990463257,0.5475999712944031
YER014W,YBR162W-A,0,-3.591055,0.10986510664224625,0.6759999990463257,0.5476999878883362
YFL013C,YPR193C,1,-3.5911398,0.11000975221395493,0.6769999861717224,0.5476999878883362
YDL045W-A,YPL037C,0,-3.5913224,0.1099918782711029,0.6769999861717224,0.5478000044822693
YMR303C,YJL096W,0,-3.5914927,0.10997401177883148,0.6769999861717224,0.5479000210762024
YLR070C,YFR025C,0,-3.591529,0.10995614528656006,0.6769999861717224,0.5479999780654907
YNL004W,YIL119C,0,-3.5916138,0.10993829369544983,0.6769999861717224,0.5480999946594238
YOR266W,YPR005C,0,-3.591817,0.1099204421043396,0.6769999861717224,0.5482000112533569
YBR017C,YLR126C,0,-3.5918384,0.10990259796380997,0.6769999861717224,0.54830002784729
YPL106C,YKL150W,0,-3.5923104,0.10988476127386093,0.6769999861717224,0.5483999848365784
YDL230W,YPL242C,0,-3.5923762,0.1098669245839119,0.6769999861717224,0.5485000014305115
YAL043C,YIL094C,0,-3.5925965,0.10984910279512405,0.6769999861717224,0.5486000180244446
YKL145W,YAR014C,0,-3.59268,0.10983128100633621,0.6769999861717224,0.5486999750137329
YPR070W,YLR035C,0,-3.592709,0.10981346666812897,0.6769999861717224,0.548799991607666
YJL146W,YLR405W,0,-3.592876,0.10979565232992172,0.6769999861717224,0.5489000082015991
YHR005C,YCL008C,0,-3.5930328,0.10977785289287567,0.6769999861717224,0.5490000247955322
YER142C,YDR421W,0,-3.5931592,0.10976005345582962,0.6769999861717224,0.5490999817848206
YAL008W,YKR089C,0,-3.5932736,0.10974226146936417,0.6769999861717224,0.5491999983787537
YGL212W,YOL019W,0,-3.593655,0.10972447693347931,0.6769999861717224,0.5493000149726868
YOL004W,YLR442C,1,-3.5937457,0.10986874252557755,0.6779999732971191,0.5493000149726868
YDL217C,YKR063C,0,-3.5938988,0.1098509430885315,0.6779999732971191,0.5493999719619751
YHR169W,YHL016C,0,-3.5939465,0.10983314365148544,0.6779999732971191,0.5494999885559082
YDR027C,YHR193C,0,-3.5941992,0.10981535166501999,0.6779999732971191,0.5496000051498413
YLR418C,YMR022W,1,-3.594243,0.10995951294898987,0.6790000200271606,0.5496000051498413
YBR271W,YCL016C,0,-3.594266,0.10994171351194382,0.6790000200271606,0.5497000217437744
YMR145C,YBL028C,0,-3.594326,0.10992391407489777,0.6790000200271606,0.5497999787330627
YGR106C,YGL098W,0,-3.5947146,0.10990612208843231,0.6790000200271606,0.5498999953269958
YMR165C,YNL134C,0,-3.594789,0.10988833010196686,0.6790000200271606,0.550000011920929
YBR271W,YLR310C,0,-3.5948782,0.1098705530166626,0.6790000200271606,0.5501000285148621
YGR087C,YNL160W,0,-3.5949106,0.10985277593135834,0.6790000200271606,0.5501999855041504
YCR026C,YIL101C,0,-3.5952215,0.10983500629663467,0.6790000200271606,0.5503000020980835
YEL032W,YOR076C,0,-3.5952735,0.10981724411249161,0.6790000200271606,0.5504000186920166
YOL004W,YLL002W,1,-3.595292,0.10996118932962418,0.6800000071525574,0.5504000186920166
YGR271W,YJL029C,0,-3.5953774,0.10994341224431992,0.6800000071525574,0.5504999756813049
YNL209W,YDL087C,0,-3.5953846,0.10992563515901566,0.6800000071525574,0.550599992275238
YKL087C,YJL053W,0,-3.5956345,0.10990787297487259,0.6800000071525574,0.5507000088691711
YHL028W,YDR140W,0,-3.595635,0.10989011079072952,0.6800000071525574,0.5508000254631042
YLR301W,YML078W,0,-3.595642,0.10987235605716705,0.6800000071525574,0.5508999824523926
YLR405W,YMR056C,0,-3.5957909,0.10985460132360458,0.6800000071525574,0.5509999990463257
YER045C,YIL120W,0,-3.5960493,0.10983686149120331,0.6800000071525574,0.5511000156402588
YMR217W,YCR026C,0,-3.596416,0.10981912165880203,0.6800000071525574,0.5511999726295471
YMR314W,YDL191W,0,-3.5966258,0.10980138927698135,0.6800000071525574,0.5512999892234802
YDL067C,YJL035C,0,-3.5966377,0.10978366434574127,0.6800000071525574,0.5514000058174133
YMR232W,YKL114C,0,-3.5968323,0.10976593941450119,0.6800000071525574,0.5515000224113464
YNL246W,YML109W,1,-3.5971017,0.10990961641073227,0.6809999942779541,0.5515000224113464
YKR007W,YDL217C,0,-3.5971332,0.10989188402891159,0.6809999942779541,0.5515999794006348
YPR145W,YNL092W,0,-3.5972395,0.10987415164709091,0.6809999942779541,0.5516999959945679
YJR022W,YLR086W,0,-3.5972738,0.10985642671585083,0.6809999942779541,0.551800012588501
YOR148C,YDR513W,0,-3.5974588,0.10983870923519135,0.6809999942779541,0.5519000291824341
YKL025C,YDL039C,0,-3.5976095,0.10982099920511246,0.6809999942779541,0.5519999861717224
YAL023C,YJL112W,0,-3.597793,0.10980328917503357,0.6809999942779541,0.5521000027656555
YAL008W,YGL167C,0,-3.597825,0.10978558659553528,0.6809999942779541,0.5522000193595886
YKR101W,YEL056W,1,-3.597906,0.10992907732725143,0.6819999814033508,0.5522000193595886
YDR121W,YLR321C,1,-3.5980349,0.11007252335548401,0.6830000281333923,0.5522000193595886
YOR261C,YGR287C,0,-3.598063,0.11005478352308273,0.6830000281333923,0.552299976348877
YPL236C,YJR153W,0,-3.5981336,0.11003705859184265,0.6830000281333923,0.5523999929428101
YML077W,YPL082C,0,-3.5981622,0.11001932621002197,0.6830000281333923,0.5525000095367432
YHR169W,YGL179C,0,-3.5985527,0.11000160872936249,0.6830000281333923,0.5526000261306763
YDL116W,YHR026W,0,-3.5987105,0.1099838986992836,0.6830000281333923,0.5526999831199646
YOR304W,YDL236W,1,-3.5988522,0.11012719571590424,0.6840000152587891,0.5526999831199646
YML086C,YJR074W,0,-3.59894,0.11010946333408356,0.6840000152587891,0.5527999997138977
YLR047C,YLR275W,0,-3.5990806,0.11009174585342407,0.6840000152587891,0.5529000163078308
YOR091W,YNR039C,0,-3.599104,0.11007402837276459,0.6840000152587891,0.5529999732971191
YFL049W,YIL084C,1,-3.5991864,0.11021721363067627,0.6850000023841858,0.5529999732971191
YNL074C,YBR022W,0,-3.5995817,0.11019948869943619,0.6850000023841858,0.5530999898910522
YPR049C,YBL079W,0,-3.5996728,0.11018175631761551,0.6850000023841858,0.5532000064849854
YBL075C,YOR250C,0,-3.5998693,0.11016403883695602,0.6850000023841858,0.5533000230789185
YNL115C,YER118C,0,-3.6004567,0.11014632880687714,0.6850000023841858,0.5533999800682068
YOR285W,YPL075W,0,-3.6006708,0.11012861877679825,0.6850000023841858,0.5534999966621399
YFR004W,YLR079W,0,-3.6011295,0.11011091619729996,0.6850000023841858,0.553600013256073
YDR519W,YPL259C,0,-3.6013002,0.11009322106838226,0.6850000023841858,0.5536999702453613
YBR060C,YPR052C,1,-3.6013112,0.11023622006177902,0.6859999895095825,0.5536999702453613
YGR268C,YPL198W,0,-3.601318,0.11021851003170013,0.6859999895095825,0.5537999868392944
YOR133W,YJR134C,0,-3.6015038,0.11020080000162125,0.6859999895095825,0.5539000034332275
YMR226C,YBR189W,0,-3.6016016,0.11018310487270355,0.6859999895095825,0.5540000200271606
YER167W,YDR522C,0,-3.601655,0.11016540974378586,0.6859999895095825,0.554099977016449
YMR223W,YFR044C,0,-3.601696,0.11014772206544876,0.6859999895095825,0.5541999936103821
YPR094W,YGL247W,0,-3.6017642,0.11013003438711166,0.6859999895095825,0.5543000102043152
YGR255C,YNR059W,0,-3.6017652,0.11011236160993576,0.6859999895095825,0.5544000267982483
YGL212W,YHR149C,0,-3.6019225,0.11009468883275986,0.6859999895095825,0.5544999837875366
YDL013W,YHR060W,0,-3.6019754,0.11007702350616455,0.6859999895095825,0.5546000003814697
YMR190C,YIR008C,0,-3.6020546,0.11005935817956924,0.6859999895095825,0.5547000169754028
YBL028C,YGL047W,0,-3.6020942,0.11004170775413513,0.6859999895095825,0.5547999739646912
YKL074C,YOL040C,0,-3.6023526,0.11002405732870102,0.6859999895095825,0.5548999905586243
YDL039C,YLR151C,0,-3.6025863,0.1100064143538475,0.6859999895095825,0.5550000071525574
YLR373C,YOR315W,0,-3.602745,0.10998877882957458,0.6859999895095825,0.5551000237464905
YGL125W,YIL044C,0,-3.6027646,0.10997114330530167,0.6859999895095825,0.5551999807357788
YDR004W,YGR261C,0,-3.6028686,0.10995351523160934,0.6859999895095825,0.5552999973297119
YDR488C,YKL005C,0,-3.602943,0.10993589460849762,0.6859999895095825,0.555400013923645
YJR042W,YJL047C,0,-3.6031394,0.10991828143596649,0.6859999895095825,0.5554999709129333
YCR052W,YDR303C,1,-3.603166,0.11006087809801102,0.6869999766349792,0.5554999709129333
YLR268W,YMR311C,0,-3.6031861,0.1100432500243187,0.6869999766349792,0.5555999875068665
YBR055C,YOR317W,0,-3.6035395,0.11002562195062637,0.6869999766349792,0.5557000041007996
YDR519W,YKL134C,0,-3.6035647,0.11000800877809525,0.6869999766349792,0.5558000206947327
YKL081W,YGR267C,0,-3.6035743,0.10999039560556412,0.6869999766349792,0.555899977684021
YJL183W,YGR267C,0,-3.6036272,0.10997278988361359,0.6869999766349792,0.5559999942779541
YNR038W,YKR094C,0,-3.6038451,0.10995518416166306,0.6869999766349792,0.5561000108718872
YGR109C,YLR145W,0,-3.6038632,0.10993759334087372,0.6869999766349792,0.5562000274658203
YLR449W,YMR075W,1,-3.604167,0.11007999628782272,0.6880000233650208,0.5562000274658203
YHR176W,YDR263C,0,-3.604432,0.11006239056587219,0.6880000233650208,0.5562999844551086
YER148W,YDR140W,0,-3.604456,0.11004478484392166,0.6880000233650208,0.5564000010490417
YHR150W,YLR013W,0,-3.6044922,0.11002718657255173,0.6880000233650208,0.5565000176429749
YLR275W,YDR013W,0,-3.604525,0.11000959575176239,0.6880000233650208,0.5565999746322632
YBR248C,YDR099W,0,-3.604784,0.10999200493097305,0.6880000233650208,0.5566999912261963
YOR056C,YMR145C,0,-3.604817,0.10997442156076431,0.6880000233650208,0.5568000078201294
YER157W,YIL120W,0,-3.6049924,0.10995684564113617,0.6880000233650208,0.5569000244140625
YPR190C,YLR330W,0,-3.605061,0.10993927717208862,0.6880000233650208,0.5569999814033508
YOR014W,YOR219C,0,-3.605236,0.10992171615362167,0.6880000233650208,0.5570999979972839
YMR015C,YHR148W,0,-3.6054835,0.10990415513515472,0.6880000233650208,0.557200014591217
YHR143W,YDR082W,0,-3.605534,0.10988660156726837,0.6880000233650208,0.5572999715805054
YGR076C,YOR126C,0,-3.6063142,0.10986904799938202,0.6880000233650208,0.5573999881744385
YOR044W,YEL047C,0,-3.6064053,0.10985150933265686,0.6880000233650208,0.5575000047683716
YGR004W,YHR015W,0,-3.6065645,0.1098339706659317,0.6880000233650208,0.5576000213623047
YDR027C,YCL039W,0,-3.606617,0.10981643944978714,0.6880000233650208,0.557699978351593
YNL197C,YOR125C,0,-3.6066465,0.10979891568422318,0.6880000233650208,0.5577999949455261
YMR217W,YOR298W,0,-3.6070766,0.10978139191865921,0.6880000233650208,0.5579000115394592
YIL088C,YPL198W,0,-3.6070766,0.10976388305425644,0.6880000233650208,0.5580000281333923
YOR348C,YML103C,0,-3.6072583,0.10974637418985367,0.6880000233650208,0.5580999851226807
YGL131C,YBR155W,0,-3.6075969,0.1097288653254509,0.6880000233650208,0.5582000017166138
YLR238W,YNL282W,0,-3.6079683,0.10971137136220932,0.6880000233650208,0.5583000183105469
YGL006W,YJL096W,0,-3.6079745,0.10969387739896774,0.6880000233650208,0.5583999752998352
YIL088C,YDR236C,0,-3.6079836,0.10967639088630676,0.6880000233650208,0.5584999918937683
YML047C,YPR104C,0,-3.607985,0.10965891182422638,0.6880000233650208,0.5586000084877014
YLR109W,YKR089C,0,-3.6080275,0.109641432762146,0.6880000233650208,0.5587000250816345
YNL078W,YJR006W,0,-3.6081772,0.10962396115064621,0.6880000233650208,0.5587999820709229
YGR255C,YGR260W,0,-3.6082635,0.10960649698972702,0.6880000233650208,0.558899998664856
YGR252W,YNL186W,1,-3.608696,0.10974832624197006,0.6890000104904175,0.558899998664856
YMR233W,YLR228C,0,-3.6088376,0.10973084717988968,0.6890000104904175,0.5590000152587891
YPL124W,YGL125W,0,-3.60886,0.10971337556838989,0.6890000104904175,0.5590999722480774
YGL136C,YLR447C,0,-3.6089072,0.1096959114074707,0.6890000104904175,0.5591999888420105
YMR277W,YIL096C,0,-3.6089106,0.10967844724655151,0.6890000104904175,0.5593000054359436
YMR145C,YGR076C,0,-3.6090417,0.10966099053621292,0.6890000104904175,0.5594000220298767
YFR025C,YLR361C,0,-3.609344,0.10964354127645493,0.6890000104904175,0.559499979019165
YGL125W,YKL190W,0,-3.6095738,0.10962609201669693,0.6890000104904175,0.5595999956130981
YPL265W,YNL197C,0,-3.6097846,0.10960865765810013,0.6890000104904175,0.5597000122070312
YIL110W,YDR486C,0,-3.6100378,0.10959122329950333,0.6890000104904175,0.5598000288009644
YDR253C,YHR067W,0,-3.610115,0.10957378894090652,0.6890000104904175,0.5598999857902527
YDR225W,YJL127C,1,-3.610135,0.10971537977457047,0.6899999976158142,0.5598999857902527
YCR026C,YJR026W,0,-3.6103177,0.10969793051481247,0.6899999976158142,0.5600000023841858
YDR224C,YIL131C,1,-3.6103487,0.10983945429325104,0.6909999847412109,0.5600000023841858
YDL045W-A,YOR087W,0,-3.610467,0.10982199758291245,0.6909999847412109,0.5601000189781189
YDR469W,YBR095C,1,-3.6105256,0.10996345430612564,0.6919999718666077,0.5601000189781189
YBR019C,YOR076C,0,-3.610928,0.10994598269462585,0.6919999718666077,0.5601999759674072
YDR312W,YLL038C,0,-3.6111612,0.10992851108312607,0.6919999718666077,0.5602999925613403
YHR163W,YIL142W,0,-3.6112142,0.10991105437278748,0.6919999718666077,0.5604000091552734
YMR075W,YNL186W,1,-3.6112633,0.11005240678787231,0.6930000185966492,0.5604000091552734
YNL207W,YJL110C,0,-3.6113677,0.11003493517637253,0.6930000185966492,0.5605000257492065
YDL066W,YMR114C,0,-3.6114001,0.11001746356487274,0.6930000185966492,0.5605999827384949
YEL037C,YPL048W,0,-3.611462,0.10999999940395355,0.6930000185966492,0.560699999332428
YHR010W,YER052C,0,-3.611516,0.10998254269361496,0.6930000185966492,0.5608000159263611
YER087C-B,YDR479C,0,-3.6116152,0.10996509343385696,0.6930000185966492,0.5608999729156494
YOL135C,YIL038C,0,-3.6119113,0.10994764417409897,0.6930000185966492,0.5609999895095825
YAR033W,YPL188W,0,-3.6120124,0.10993020236492157,0.6930000185966492,0.5611000061035156
YIL004C,YPL202C,0,-3.61209,0.10991276800632477,0.6930000185966492,0.5612000226974487
YJL176C,YNL186W,1,-3.6123576,0.11005391925573349,0.6940000057220459,0.5612000226974487
YHR076W,YIL122W,0,-3.612414,0.1100364699959755,0.6940000057220459,0.5612999796867371
YDL236W,YOR064C,1,-3.612492,0.11017755419015884,0.6949999928474426,0.5612999796867371
YLR182W,YGR240C,0,-3.6126218,0.11016009002923965,0.6949999928474426,0.5613999962806702
YGL047W,YOR147W,0,-3.6127129,0.11014263331890106,0.6949999928474426,0.5615000128746033
YER038C,YNL131W,0,-3.6128635,0.11012517660856247,0.6949999928474426,0.5616000294685364
YDR277C,YDR460W,0,-3.6128874,0.11010773479938507,0.6949999928474426,0.5616999864578247
YNL186W,YOL090W,1,-3.612906,0.11024869233369827,0.6959999799728394,0.5616999864578247
YKL197C,YNL282W,0,-3.613072,0.11023123562335968,0.6959999799728394,0.5618000030517578
YMR013C,YLR126C,0,-3.6130767,0.11021377891302109,0.6959999799728394,0.5619000196456909
YKL217W,YBL016W,0,-3.613112,0.11019632965326309,0.6959999799728394,0.5619999766349792
YIL062C,YGL098W,0,-3.6134353,0.1101788803935051,0.6959999799728394,0.5620999932289124
YLR015W,YGL014W,1,-3.613503,0.11031971871852875,0.6970000267028809,0.5620999932289124
YOL004W,YDR439W,1,-3.6135082,0.11046051234006882,0.6980000138282776,0.5620999932289124
YCR018C,YML114C,0,-3.6135278,0.11044304072856903,0.6980000138282776,0.5622000098228455
YOR171C,YMR100W,0,-3.6135817,0.11042556911706924,0.6980000138282776,0.5623000264167786
YLR126C,YOR317W,0,-3.6135974,0.11040809750556946,0.6980000138282776,0.5623999834060669
YGR267C,YPL243W,0,-3.6136909,0.11039064079523087,0.6980000138282776,0.5625
YNL197C,YER052C,0,-3.6138167,0.11037318408489227,0.6980000138282776,0.5626000165939331
YGL157W,YMR303C,0,-3.6139412,0.11035573482513428,0.6980000138282776,0.5626999735832214
YMR314W,YIL120W,0,-3.613966,0.11033828556537628,0.6980000138282776,0.5627999901771545
YJR112W,YFL031W,0,-3.6140056,0.11032084375619888,0.6980000138282776,0.5629000067710876
YAL020C,YLL031C,0,-3.6140866,0.11030341684818268,0.6980000138282776,0.5630000233650208
YDR325W,YPL249C,0,-3.6141157,0.11028598248958588,0.6980000138282776,0.5630999803543091
YOR014W,YJL078C,0,-3.6143885,0.11026856303215027,0.6980000138282776,0.5631999969482422
YHR119W,YOR038C,1,-3.6144128,0.11040909588336945,0.6990000009536743,0.5631999969482422
YFR040W,YPL090C,0,-3.6144333,0.11039166152477264,0.6990000009536743,0.5633000135421753
YHR179W,YOL103W,0,-3.614562,0.11037422716617584,0.6990000009536743,0.5633999705314636
YIL070C,YLR228C,0,-3.6148033,0.11035680770874023,0.6990000009536743,0.5634999871253967
YOR250C,YDR456W,0,-3.6149154,0.11033938080072403,0.6990000009536743,0.5636000037193298
YBR265W,YGL027C,0,-3.6149359,0.11032196879386902,0.6990000009536743,0.5637000203132629
YML004C,YHR191C,0,-3.6152616,0.1103045642375946,0.6990000009536743,0.5637999773025513
YPL006W,YPL147W,0,-3.6152616,0.11028715968132019,0.6990000009536743,0.5638999938964844
YPL221W,YHR026W,0,-3.6156611,0.11026975512504578,0.6990000009536743,0.5640000104904175
YOR084W,YOR298W,0,-3.6159873,0.11025236546993256,0.6990000009536743,0.5641000270843506
YAR033W,YEL043W,0,-3.61615,0.11023497581481934,0.6990000009536743,0.5641999840736389
YIL046W,YLL055W,0,-3.6161976,0.11021759361028671,0.6990000009536743,0.564300000667572
YMR040W,YOR256C,0,-3.616704,0.11020021885633469,0.6990000009536743,0.5644000172615051
YOR123C,YNL088W,1,-3.6168003,0.11034047603607178,0.699999988079071,0.5644000172615051
YOR076C,YDR513W,0,-3.6169243,0.11032308638095856,0.699999988079071,0.5644999742507935
YML069W,YDR071C,1,-3.61701,0.11046328395605087,0.7009999752044678,0.5644999742507935
YGL157W,YKL114C,0,-3.6170216,0.11044587939977646,0.7009999752044678,0.5645999908447266
YER014W,YHR036W,0,-3.6172452,0.11042848229408264,0.7009999752044678,0.5647000074386597
YLR061W,YER040W,0,-3.6174126,0.11041108518838882,0.7009999752044678,0.5648000240325928
YIL110W,YBR156C,0,-3.6175733,0.1103937029838562,0.7009999752044678,0.5648999810218811
YOL076W,YDR398W,0,-3.6176867,0.11037632077932358,0.7009999752044678,0.5649999976158142
YHR030C,YDL080C,0,-3.6178346,0.11035893857479095,0.7009999752044678,0.5651000142097473
YKL051W,YJR141W,0,-3.6178832,0.11034157127141953,0.7009999752044678,0.5651999711990356
YJR093C,YCR011C,0,-3.6179047,0.1103242039680481,0.7009999752044678,0.5652999877929688
YHR005C,YNL312W,0,-3.6183562,0.11030684411525726,0.7009999752044678,0.5654000043869019
YKL126W,YJL170C,0,-3.6183586,0.11028949171304703,0.7009999752044678,0.565500020980835
YBR284W,YMR302C,0,-3.61837,0.11027213931083679,0.7009999752044678,0.5655999779701233
YDR421W,YNL272C,0,-3.618505,0.11025479435920715,0.7009999752044678,0.5656999945640564
YDR004W,YNL231C,0,-3.6191006,0.11023745685815811,0.7009999752044678,0.5658000111579895
YOR304W,YJL127C,1,-3.6193075,0.11037735641002655,0.7020000219345093,0.5658000111579895
YDR179C,YPL259C,0,-3.6195912,0.11036000400781631,0.7020000219345093,0.5659000277519226
YPR134W,YIL038C,0,-3.6196136,0.11034265905618668,0.7020000219345093,0.5659999847412109
YCR037C,YPL179W,0,-3.6197667,0.11032532155513763,0.7020000219345093,0.566100001335144
YGL094C,YGL158W,0,-3.6197677,0.11030798405408859,0.7020000219345093,0.5662000179290771
YJR127C,YJL094C,0,-3.6199493,0.11029065400362015,0.7020000219345093,0.5662999749183655
YIL048W,YLR022C,0,-3.6200395,0.1102733239531517,0.7020000219345093,0.5663999915122986
YHR085W,YMR192W,0,-3.620378,0.11025600880384445,0.7020000219345093,0.5665000081062317
YDL230W,YHR077C,0,-3.6205854,0.1102386936545372,0.7020000219345093,0.5666000247001648
YML001W,YHR026W,0,-3.620875,0.11022138595581055,0.7020000219345093,0.5666999816894531
YBR186W,YLR151C,0,-3.6210093,0.11020407825708389,0.7020000219345093,0.5667999982833862
YKL062W,YGR287C,0,-3.6210117,0.11018678545951843,0.7020000219345093,0.5669000148773193
YPL059W,YPR174C,0,-3.621118,0.11016949266195297,0.7020000219345093,0.5669999718666077
YPL106C,YIL016W,0,-3.6212301,0.11015220731496811,0.7020000219345093,0.5670999884605408
YKL145W,YNL145W,0,-3.6212692,0.11013492196798325,0.7020000219345093,0.5672000050544739
YHR026W,YKR089C,0,-3.621531,0.11011764407157898,0.7020000219345093,0.567300021648407
YJR013W,YHL004W,0,-3.6215954,0.11010037362575531,0.7020000219345093,0.5673999786376953
YJR049C,YOL165C,0,-3.6216407,0.11008311063051224,0.7020000219345093,0.5674999952316284
YAL023C,YMR021C,0,-3.6218076,0.11006585508584976,0.7020000219345093,0.5676000118255615
YFL013C,YJL176C,1,-3.621817,0.11020535975694656,0.703000009059906,0.5676000118255615
YKL070W,YDR384C,0,-3.6218553,0.1101880893111229,0.703000009059906,0.5677000284194946
YJL164C,YHL027W,0,-3.6218886,0.11017081886529922,0.703000009059906,0.567799985408783
YGR255C,YGR119C,0,-3.6220574,0.11015355587005615,0.703000009059906,0.5679000020027161
YNL116W,YEL011W,0,-3.622126,0.11013630032539368,0.703000009059906,0.5680000185966492
YLR288C,YNL186W,1,-3.6221495,0.11027568578720093,0.7039999961853027,0.5680000185966492
YLL055W,YGR240C,0,-3.6223125,0.11025841534137726,0.7039999961853027,0.5680999755859375
YOL152W,YGR076C,0,-3.6226048,0.11024115234613419,0.7039999961853027,0.5681999921798706
YJR158W,YIL149C,0,-3.6226144,0.11022388935089111,0.7039999961853027,0.5683000087738037
YER089C,YDR206W,0,-3.6226807,0.11020663380622864,0.7039999961853027,0.5684000253677368
YJL065C,YMR075W,1,-3.6228404,0.11034590750932693,0.7049999833106995,0.5684000253677368
YKL160W,YMR075W,1,-3.6229615,0.11048513650894165,0.7059999704360962,0.5684000253677368
YNL173C,YCR093W,0,-3.623149,0.11046784371137619,0.7059999704360962,0.5684999823570251
YJL219W,YLR268W,0,-3.6234164,0.11045056581497192,0.7059999704360962,0.5685999989509583
YBR143C,YDR384C,0,-3.6236367,0.11043328791856766,0.7059999704360962,0.5687000155448914
YKL171W,YGR007W,0,-3.6236658,0.11041601747274399,0.7059999704360962,0.5687999725341797
YLR070C,YGR004W,0,-3.6237268,0.11039874702692032,0.7059999704360962,0.5688999891281128
YIL117C,YJL053W,0,-3.6238136,0.11038149148225784,0.7059999704360962,0.5690000057220459
YOR038C,YBL003C,1,-3.6238956,0.11052055656909943,0.7070000171661377,0.5690000057220459
YDR081C,YGR220C,0,-3.6241317,0.11050327867269516,0.7070000171661377,0.569100022315979
YNL154C,YOR358W,0,-3.62425,0.11048601567745209,0.7070000171661377,0.5691999793052673
YKL143W,YPL121C,0,-3.6244926,0.11046875268220901,0.7070000171661377,0.5692999958992004
YER119C,YPL097W,0,-3.624494,0.11045148968696594,0.7070000171661377,0.5694000124931335
YGL092W,YDL185W,0,-3.6247568,0.11043424159288406,0.7070000171661377,0.5695000290870667
YLR047C,YDR341C,0,-3.6250186,0.11041699349880219,0.7070000171661377,0.569599986076355
YJL048C,YOR250C,0,-3.6251106,0.1103997528553009,0.7070000171661377,0.5697000026702881
YHL020C,YDL080C,0,-3.6251173,0.11038251221179962,0.7070000171661377,0.5698000192642212
YPL124W,YCR047C,0,-3.625123,0.11036527901887894,0.7070000171661377,0.5698999762535095
YDL142C,YIR009W,0,-3.6252127,0.11034805327653885,0.7070000171661377,0.5699999928474426
YJL134W,YKL150W,0,-3.6253314,0.11033083498477936,0.7070000171661377,0.5701000094413757
YEL056W,YIL131C,1,-3.6254082,0.11046965420246124,0.7080000042915344,0.5701000094413757
YDL230W,YGL068W,0,-3.6255913,0.11045242100954056,0.7080000042915344,0.5702000260353088
YHR179W,YLR307W,0,-3.6257272,0.11043518781661987,0.7080000042915344,0.5702999830245972
YNL290W,YAL020C,0,-3.6258798,0.11041796952486038,0.7080000042915344,0.5703999996185303
YGR211W,YOR260W,0,-3.6260886,0.11040075123310089,0.7080000042915344,0.5705000162124634
YCR010C,YNL287W,0,-3.6262956,0.1103835329413414,0.7080000042915344,0.5705999732017517
YCR017C,YGL238W,0,-3.626597,0.1103663295507431,0.7080000042915344,0.5706999897956848
YLR032W,YHR143W,0,-3.6266332,0.1103491261601448,0.7080000042915344,0.5708000063896179
YMR195W,YLR039C,0,-3.626863,0.1103319302201271,0.7080000042915344,0.570900022983551
YJL164C,YDR456W,0,-3.626924,0.11031474173069,0.7080000042915344,0.5709999799728394
YJR045C,YIL149C,0,-3.6274948,0.1102975532412529,0.7080000042915344,0.5710999965667725
YMR223W,YNL223W,0,-3.6275158,0.11028037220239639,0.7080000042915344,0.5712000131607056
YOR261C,YHL020C,0,-3.6276007,0.11026319861412048,0.7080000042915344,0.5713000297546387
YHR008C,YDR179C,0,-3.6276255,0.11024603247642517,0.7080000042915344,0.571399986743927
YPL221W,YHR043C,0,-3.6277099,0.11022886633872986,0.7080000042915344,0.5715000033378601
YNL039W,YJR074W,0,-3.627717,0.11021170765161514,0.7080000042915344,0.5716000199317932
YNL263C,YBR287W,0,-3.6277852,0.11019454896450043,0.7080000042915344,0.5716999769210815
YOR348C,YHR179W,0,-3.6278524,0.1101774051785469,0.7080000042915344,0.5717999935150146
YDR263C,YHL031C,0,-3.6279974,0.11016026139259338,0.7080000042915344,0.5719000101089478
YMR217W,YML078W,0,-3.6283693,0.11014312505722046,0.7080000042915344,0.5720000267028809
YGR220C,YNR047W,0,-3.6286182,0.11012598872184753,0.7080000042915344,0.5720999836921692
YMR013C,YCR098C,0,-3.6287332,0.1101088672876358,0.7080000042915344,0.5722000002861023
YER040W,YHL047C,0,-3.6288133,0.11009174585342407,0.7080000042915344,0.5723000168800354
YEL036C,YCR011C,0,-3.629003,0.11007462441921234,0.7080000042915344,0.5723999738693237
YDL031W,YFR044C,0,-3.6293,0.1100575178861618,0.7080000042915344,0.5724999904632568
YDR245W,YDL003W,0,-3.6293063,0.11004041135311127,0.7080000042915344,0.5726000070571899
YLR145W,YPR145W,0,-3.6294408,0.11002331227064133,0.7080000042915344,0.572700023651123
YLR418C,YDR071C,1,-3.6295242,0.11016158759593964,0.7089999914169312,0.572700023651123
YPL248C,YKL190W,0,-3.6295362,0.1101444736123085,0.7089999914169312,0.5727999806404114
YDR099W,YCR018C,0,-3.6296544,0.11012736707925797,0.7089999914169312,0.5728999972343445
YAL020C,YMR318C,0,-3.6297436,0.11011026799678802,0.7089999914169312,0.5730000138282776
YIL122W,YBR155W,0,-3.6298857,0.11009316891431808,0.7089999914169312,0.5730999708175659
YGR042W,YLR427W,0,-3.6299458,0.11007607728242874,0.7089999914169312,0.573199987411499
YBL072C,YML001W,0,-3.6300354,0.1100589856505394,0.7089999914169312,0.5733000040054321
YNL077W,YLR457C,0,-3.6300502,0.11004190891981125,0.7089999914169312,0.5734000205993652
YLR288C,YLR449W,1,-3.6305127,0.11018001288175583,0.7099999785423279,0.5734000205993652
YMR145C,YGL161C,0,-3.6306257,0.11016291379928589,0.7099999785423279,0.5734999775886536
YAR007C,YLR405W,0,-3.6307964,0.11014582961797714,0.7099999785423279,0.5735999941825867
YIL077C,YOL100W,0,-3.630849,0.1101287454366684,0.7099999785423279,0.5737000107765198
YML069W,YER161C,1,-3.630856,0.11026675254106522,0.7110000252723694,0.5737000107765198
YEL030W,YCL039W,0,-3.6309915,0.11024965345859528,0.7110000252723694,0.5738000273704529
YML069W,YDR303C,1,-3.6312327,0.11038759350776672,0.7120000123977661,0.5738000273704529
YDL003W,YML093W,0,-3.6314812,0.11037048697471619,0.7120000123977661,0.5738999843597412
YNR060W,YLL010C,0,-3.6315064,0.11035338044166565,0.7120000123977661,0.5740000009536743
YLR288C,YCR052W,1,-3.6315546,0.11049124598503113,0.7129999995231628,0.5740000009536743
YDR515W,YDL066W,0,-3.6316004,0.1104741245508194,0.7129999995231628,0.5741000175476074
YBR106W,YBL091C,0,-3.6316695,0.11045701056718826,0.7129999995231628,0.5741999745368958
YEL018W,YMR307W,0,-3.631857,0.11043990403413773,0.7129999995231628,0.5742999911308289
YOL058W,YPL204W,0,-3.6320024,0.11042279750108719,0.7129999995231628,0.574400007724762
YGL170C,YNL301C,0,-3.6320214,0.11040569841861725,0.7129999995231628,0.5745000243186951
YLR310C,YMR173W,0,-3.632217,0.1103886067867279,0.7129999995231628,0.5745999813079834
YDL031W,YGR188C,0,-3.632597,0.11037151515483856,0.7129999995231628,0.5746999979019165
YKL051W,YGL019W,0,-3.6326032,0.11035443097352982,0.7129999995231628,0.5748000144958496
YML069W,YGR252W,1,-3.6328797,0.11049211025238037,0.7139999866485596,0.5748000144958496
YOR110W,YBR121C,0,-3.6330795,0.11047501116991043,0.7139999866485596,0.5748999714851379
YCR038C,YKR024C,0,-3.633185,0.11045791953802109,0.7139999866485596,0.574999988079071
YOR380W,YDL066W,0,-3.63349,0.11044083535671234,0.7139999866485596,0.5751000046730042
YBR149W,YLR342W,0,-3.6335287,0.11042375862598419,0.7139999866485596,0.5752000212669373
YGL013C,YCR047C,0,-3.6338844,0.11040668189525604,0.7139999866485596,0.5752999782562256
YNL238W,YGR085C,0,-3.634561,0.11038961261510849,0.7139999866485596,0.5753999948501587
YJL219W,YGL153W,0,-3.6346288,0.11037254333496094,0.7139999866485596,0.5755000114440918
YBR213W,YAL044C,0,-3.6347723,0.11035548895597458,0.7139999866485596,0.5756000280380249
YJL047C,YNL188W,0,-3.6348362,0.11033843457698822,0.7139999866485596,0.5756999850273132
YIL094C,YJL029C,0,-3.6348386,0.11032138764858246,0.7139999866485596,0.5758000016212463
YOR358W,YPL082C,0,-3.6349525,0.1103043407201767,0.7139999866485596,0.5759000182151794
YLL032C,YKL051W,0,-3.6349688,0.11028730124235153,0.7139999866485596,0.5759999752044678
YJL128C,YMR314W,0,-3.635086,0.11027026921510696,0.7139999866485596,0.5760999917984009
YER074W-A,YOR079C,0,-3.6352983,0.110253244638443,0.7139999866485596,0.576200008392334
YNR060W,YGR260W,0,-3.6360693,0.11023622006177902,0.7139999866485596,0.5763000249862671
YOR026W,YDR205W,0,-3.6363654,0.11021920293569565,0.7139999866485596,0.5763999819755554
YPR052C,YGR252W,1,-3.6363788,0.11035653948783875,0.7149999737739563,0.5763999819755554
YGR222W,YDL128W,0,-3.6364236,0.11033950746059418,0.7149999737739563,0.5764999985694885
YGR087C,YCR092C,0,-3.6364527,0.1103224828839302,0.7149999737739563,0.5766000151634216
YLR381W,YBR286W,0,-3.6365962,0.11030545830726624,0.7149999737739563,0.57669997215271
YEL039C,YOR125C,0,-3.6366615,0.11028844863176346,0.7149999737739563,0.5767999887466431
YDR358W,YDR088C,0,-3.6366649,0.11027143895626068,0.7149999737739563,0.5769000053405762
YBR201W,YDR515W,0,-3.6369405,0.1102544367313385,0.7149999737739563,0.5770000219345093
YDR079W,YPL089C,0,-3.6369486,0.11023743450641632,0.7149999737739563,0.5770999789237976
YGL142C,YJR006W,0,-3.6369596,0.11022043973207474,0.7149999737739563,0.5771999955177307
YBL099W,YBL018C,0,-3.6370263,0.11020345240831375,0.7149999737739563,0.5773000121116638
YPL236C,YGR260W,0,-3.6370811,0.11018647253513336,0.7149999737739563,0.5774000287055969
YJR036C,YKL011C,0,-3.6371698,0.11016949266195297,0.7149999737739563,0.5774999856948853
YMR190C,YMR180C,0,-3.6373272,0.11015252023935318,0.7149999737739563,0.5776000022888184
YDR225W,YML065W,1,-3.637498,0.11028958857059479,0.7160000205039978,0.5776000022888184
YML056C,YGL167C,0,-3.6375318,0.1102726012468338,0.7160000205039978,0.5777000188827515
YEL021W,YMR314W,0,-3.637659,0.11025562137365341,0.7160000205039978,0.5777999758720398
YPL031C,YLR151C,0,-3.6378703,0.11023864150047302,0.7160000205039978,0.5778999924659729
YJL059W,YOL076W,0,-3.6382556,0.11022167652845383,0.7160000205039978,0.578000009059906
YNL262W,YOL090W,1,-3.638401,0.11035862565040588,0.7170000076293945,0.578000009059906
YLR039C,YGL008C,0,-3.6384692,0.1103416457772255,0.7170000076293945,0.5781000256538391
YJL134W,YHR191C,0,-3.6388645,0.1103246659040451,0.7170000076293945,0.5781999826431274
YER074W-A,YLR102C,0,-3.6388736,0.11030769348144531,0.7170000076293945,0.5782999992370605
YNL074C,YDL247W,0,-3.6389408,0.11029072105884552,0.7170000076293945,0.5784000158309937
YDR519W,YLR268W,0,-3.6390324,0.11027376353740692,0.7170000076293945,0.578499972820282
YOR257W,YML078W,0,-3.6391811,0.11025680601596832,0.7170000076293945,0.5785999894142151
YDL181W,YDR500C,0,-3.6393814,0.11023985594511032,0.7170000076293945,0.5787000060081482
YDR325W,YGL008C,0,-3.639443,0.11022290587425232,0.7170000076293945,0.5788000226020813
YPL157W,YNL036W,0,-3.6394768,0.11020596325397491,0.7170000076293945,0.5788999795913696
YKL027W,YJR052W,0,-3.640009,0.1101890280842781,0.7170000076293945,0.5789999961853027
YGL038C,YHR150W,0,-3.64013,0.1101720929145813,0.7170000076293945,0.5791000127792358
YDR411C,YNL116W,0,-3.6401954,0.11015517264604568,0.7170000076293945,0.579200029373169
YBR274W,YGL259W,0,-3.6405182,0.11013825237751007,0.7170000076293945,0.5792999863624573
YOL040C,YIR008C,0,-3.6406126,0.11012133210897446,0.7170000076293945,0.5794000029563904
YOR087W,YNL278W,0,-3.6406703,0.11010441929101944,0.7170000076293945,0.5795000195503235
YDR393W,YKL197C,0,-3.640718,0.11008751392364502,0.7170000076293945,0.5795999765396118
YBR035C,YKR089C,0,-3.6407552,0.1100706160068512,0.7170000076293945,0.5796999931335449
YDR245W,YPL059W,0,-3.6409945,0.11005372554063797,0.7170000076293945,0.579800009727478
YBR189W,YGL075C,0,-3.6412148,0.11003683507442474,0.7170000076293945,0.5799000263214111
YJR109C,YCL016C,0,-3.641276,0.11001994460821152,0.7170000076293945,0.5799999833106995
YNL273W,YJL112W,0,-3.6416006,0.11000306904315948,0.7170000076293945,0.5800999999046326
YMR208W,YPL198W,0,-3.6417503,0.10998619347810745,0.7170000076293945,0.5802000164985657
YEL043W,YDL128W,0,-3.6419315,0.10996932536363602,0.7170000076293945,0.580299973487854
YBR274W,YCR038C,0,-3.641943,0.10995246469974518,0.7170000076293945,0.5803999900817871
YHR030C,YDR179C,0,-3.6423965,0.10993560403585434,0.7170000076293945,0.5805000066757202
YFL001W,YLR121C,0,-3.642407,0.1099187508225441,0.7170000076293945,0.5806000232696533
YHR053C,YHR079C-A,0,-3.6425166,0.10990189760923386,0.7170000076293945,0.5806999802589417
YOR030W,YKL059C,0,-3.6425204,0.10988505929708481,0.7170000076293945,0.5807999968528748
YPL270W,YDR486C,0,-3.6426682,0.10986822098493576,0.7170000076293945,0.5809000134468079
YIL119C,YDR473C,0,-3.6431036,0.10985139012336731,0.7170000076293945,0.5809999704360962
YDR224C,YER030W,1,-3.6433678,0.10998774319887161,0.7179999947547913,0.5809999704360962
YOR148C,YPL198W,0,-3.6436262,0.10997089743614197,0.7179999947547913,0.5810999870300293
YER167W,YGL206C,0,-3.6437922,0.10995405912399292,0.7179999947547913,0.5812000036239624
YLR182W,YIL120W,0,-3.643959,0.10993722081184387,0.7179999947547913,0.5813000202178955
YGR121C,YGL095C,0,-3.6439924,0.10992038995027542,0.7179999947547913,0.5813999772071838
YNL177C,YBR212W,0,-3.6442227,0.10990356653928757,0.7179999947547913,0.5814999938011169
YMR020W,YER019C-A,0,-3.6442666,0.10988674312829971,0.7179999947547913,0.58160001039505
YBR088C,YDR303C,1,-3.6443906,0.11002295464277267,0.718999981880188,0.58160001039505
YGL170C,YDL024C,0,-3.644536,0.11000611633062363,0.718999981880188,0.5817000269889832
YJR158W,YDR099W,0,-3.644755,0.10998929291963577,0.718999981880188,0.5817999839782715
YOL148C,YPR052C,1,-3.6451926,0.11012542247772217,0.7200000286102295,0.5817999839782715
YGL092W,YPL049C,0,-3.6454973,0.11010857671499252,0.7200000286102295,0.5819000005722046
YFR005C,YCR036W,0,-3.6455064,0.11009174585342407,0.7200000286102295,0.5820000171661377
YCR026C,YIL120W,0,-3.6455607,0.11007491499185562,0.7200000286102295,0.582099974155426
YOL109W,YNL090W,0,-3.6456041,0.11005808413028717,0.7200000286102295,0.5821999907493591
YLR070C,YHR211W,0,-3.64579,0.11004126816987991,0.7200000286102295,0.5823000073432922
YPL241C,YKL059C,0,-3.6457968,0.11002445220947266,0.7200000286102295,0.5824000239372253
YLR097C,YER062C,0,-3.6458178,0.1100076362490654,0.7200000286102295,0.5824999809265137
YEL021W,YPL033C,0,-3.6458616,0.10999083518981934,0.7200000286102295,0.5825999975204468
YOL004W,YER030W,1,-3.6459908,0.11012677848339081,0.7210000157356262,0.5825999975204468
YLR193C,YGL142C,0,-3.6461682,0.11010995507240295,0.7210000157356262,0.5827000141143799
YER022W,YNL009W,0,-3.6461926,0.1100931465625763,0.7210000157356262,0.5827999711036682
YBR166C,YHR074W,0,-3.6462765,0.11007633805274963,0.7210000157356262,0.5828999876976013
YGL023C,YMR172W,0,-3.646347,0.11005952954292297,0.7210000157356262,0.5830000042915344
YMR073C,YOL052C-A,0,-3.6465554,0.11004273593425751,0.7210000157356262,0.5831000208854675
YER142C,YDR263C,0,-3.646576,0.11002594232559204,0.7210000157356262,0.5831999778747559
YFR004W,YDL024C,0,-3.646626,0.11000915616750717,0.7210000157356262,0.583299994468689
YMR314W,YDR421W,0,-3.646665,0.1099923700094223,0.7210000157356262,0.5834000110626221
YPR060C,YIL062C,0,-3.6466937,0.10997559130191803,0.7210000157356262,0.5835000276565552
YMR230W,YMR223W,0,-3.6468725,0.10995882004499435,0.7210000157356262,0.5835999846458435
YKL008C,YIL149C,0,-3.646914,0.10994205623865128,0.7210000157356262,0.5837000012397766
YER157W,YOL144W,0,-3.64712,0.1099252924323082,0.7210000157356262,0.5838000178337097
YOL122C,YLR457C,0,-3.6473613,0.10990853607654572,0.7210000157356262,0.583899974822998
YMR195W,YDR272W,0,-3.647377,0.10989178717136383,0.7210000157356262,0.5839999914169312
YPL106C,YBR035C,0,-3.6475987,0.10987503826618195,0.7210000157356262,0.5841000080108643
YJL164C,YNL116W,0,-3.6479359,0.10985829681158066,0.7210000157356262,0.5842000246047974
YPR176C,YJR125C,0,-3.6480803,0.10984156280755997,0.7210000157356262,0.5842999815940857
YLR004C,YNL223W,0,-3.648262,0.10982482880353928,0.7210000157356262,0.5843999981880188
YKR094C,YBR284W,0,-3.6482906,0.10980810225009918,0.7210000157356262,0.5845000147819519
YJR161C,YHR191C,0,-3.64844,0.10979138314723969,0.7210000157356262,0.5845999717712402
YIL067C,YMR302C,0,-3.6485968,0.10977466404438019,0.7210000157356262,0.5846999883651733
YDR323C,YDR456W,0,-3.6488957,0.10975795239210129,0.7210000157356262,0.5848000049591064
YPR078C,YMR322C,0,-3.6489196,0.10974124819040298,0.7210000157356262,0.5849000215530396
YMR226C,YGL179C,0,-3.6489997,0.10972454398870468,0.7210000157356262,0.5849999785423279
YER045C,YBR022W,0,-3.649016,0.10970785468816757,0.7210000157356262,0.585099995136261
YOL062C,YBR129C,0,-3.6491456,0.10969115793704987,0.7210000157356262,0.5852000117301941
YDL185W,YOL045W,0,-3.649149,0.10967447608709335,0.7210000157356262,0.5853000283241272
YAL043C,YJR074W,0,-3.6492553,0.10965779423713684,0.7210000157356262,0.5853999853134155
YKL160W,YNL261W,1,-3.649619,0.10979318618774414,0.722000002861023,0.5853999853134155
YDR225W,YLL002W,1,-3.6498828,0.10992854088544846,0.7229999899864197,0.5853999853134155
YOR038C,YML109W,1,-3.6500673,0.11006385087966919,0.7239999771118164,0.5853999853134155
YML086C,YEL003W,0,-3.6501632,0.1100471168756485,0.7239999771118164,0.5855000019073486
YDL181W,YDL003W,0,-3.650185,0.110030397772789,0.7239999771118164,0.5856000185012817
YMR232W,YER087C-B,0,-3.65027,0.1100136786699295,0.7239999771118164,0.5856999754905701
YFL022C,YNL312W,0,-3.650485,0.10999695956707001,0.7239999771118164,0.5857999920845032
YJL008C,YGL083W,0,-3.6505609,0.1099802553653717,0.7239999771118164,0.5859000086784363
YOR393W,YGL179C,0,-3.6505804,0.1099635511636734,0.7239999771118164,0.5860000252723694
YBR045C,YJL179W,0,-3.65063,0.1099468469619751,0.7239999771118164,0.5860999822616577
YIL062C,YPR200C,0,-3.6506567,0.10993015766143799,0.7239999771118164,0.5861999988555908
YML069W,YPR052C,1,-3.6506586,0.1100652813911438,0.7250000238418579,0.5861999988555908
YAL020C,YEL039C,0,-3.6509538,0.1100485697388649,0.7250000238418579,0.5863000154495239
YNR060W,YOL111C,0,-3.6510544,0.11003187298774719,0.7250000238418579,0.5863999724388123
YMR303C,YOR056C,0,-3.6511784,0.11001517623662949,0.7250000238418579,0.5864999890327454
YCR008W,YBL058W,0,-3.6514726,0.10999847948551178,0.7250000238418579,0.5866000056266785
YNL238W,YHR010W,0,-3.6515522,0.10998179763555527,0.7250000238418579,0.5867000222206116
YOR187W,YLR027C,0,-3.6516337,0.10996511578559875,0.7250000238418579,0.5867999792098999
YJR112W,YDR272W,0,-3.651887,0.10994844138622284,0.7250000238418579,0.586899995803833
YIL063C,YLR457C,0,-3.6519337,0.10993176698684692,0.7250000238418579,0.5870000123977661
YLR079W,YDR099W,0,-3.6520448,0.1099151000380516,0.7250000238418579,0.5871000289916992
YDR224C,YFL013C,1,-3.6520858,0.1100500226020813,0.7260000109672546,0.5871000289916992
YOL027C,YIL049W,0,-3.6525598,0.11003334075212479,0.7260000109672546,0.5871999859809875
YJL078C,YGR217W,0,-3.653338,0.11001666635274887,0.7260000109672546,0.5873000025749207
YLR044C,YNR039C,0,-3.6535177,0.10999999940395355,0.7260000109672546,0.5874000191688538
YDR188W,YDR398W,0,-3.6536593,0.10998333245515823,0.7260000109672546,0.5874999761581421
YBR045C,YIL085C,0,-3.653758,0.10996668040752411,0.7260000109672546,0.5875999927520752
YPR104C,YPL026C,0,-3.6538181,0.10995002090930939,0.7260000109672546,0.5877000093460083
YJL080C,YNL246W,1,-3.6538544,0.11008479446172714,0.7269999980926514,0.5877000093460083
YJL094C,YGL067W,0,-3.6539392,0.11006812751293182,0.7269999980926514,0.5878000259399414
YMR223W,YML005W,0,-3.6548052,0.1100514680147171,0.7269999980926514,0.5878999829292297
YAL041W,YOR171C,0,-3.6549444,0.11003480851650238,0.7269999980926514,0.5879999995231628
YDR519W,YBR176W,0,-3.6557255,0.11001815646886826,0.7269999980926514,0.588100016117096
YDR206W,YOR092W,0,-3.655828,0.11000151187181473,0.7269999980926514,0.5881999731063843
YGL203C,YDR211W,0,-3.6561794,0.1099848747253418,0.7269999980926514,0.5882999897003174
YLR373C,YER176W,0,-3.6562161,0.10996823757886887,0.7269999980926514,0.5884000062942505
YBR143C,YPL106C,0,-3.6562386,0.10995160043239594,0.7269999980926514,0.5885000228881836
YBR114W,YJL069C,0,-3.6562638,0.1099349781870842,0.7269999980926514,0.5885999798774719
YKL074C,YDR486C,0,-3.6563678,0.10991835594177246,0.7269999980926514,0.588699996471405
YGR194C,YKL074C,0,-3.6564908,0.10990174114704132,0.7269999980926514,0.5888000130653381
YOR219C,YGL075C,0,-3.6565933,0.10988512635231018,0.7269999980926514,0.5889000296592712
YHR074W,YDR056C,0,-3.6566405,0.10986851900815964,0.7269999980926514,0.5889999866485596
YML120C,YDR513W,0,-3.656889,0.10985191911458969,0.7269999980926514,0.5891000032424927
YKR036C,YLR092W,0,-3.6572747,0.10983531922101974,0.7269999980926514,0.5892000198364258
YOL034W,YKL171W,0,-3.6573267,0.10981873422861099,0.7269999980926514,0.5892999768257141
YML120C,YBL028C,0,-3.6574044,0.10980214178562164,0.7269999980926514,0.5893999934196472
YHR179W,YAL008W,0,-3.6574674,0.10978556424379349,0.7269999980926514,0.5895000100135803
YDL185W,YER087C-B,0,-3.6577435,0.10976898670196533,0.7269999980926514,0.5896000266075134
YNR060W,YKL180W,0,-3.6577754,0.10975241661071777,0.7269999980926514,0.5896999835968018
YJR093C,YBR248C,0,-3.6578293,0.10973584651947021,0.7269999980926514,0.5898000001907349
YDL087C,YMR072W,0,-3.6579752,0.10971929132938385,0.7269999980926514,0.589900016784668
YNL271C,YKL201C,0,-3.6580572,0.10970272868871689,0.7269999980926514,0.5899999737739563
YGL006W,YOR122C,0,-3.6582026,0.10968618094921112,0.7269999980926514,0.5900999903678894
YNL209W,YKL134C,0,-3.6582294,0.10966963320970535,0.7269999980926514,0.5902000069618225
YOL127W,YJL056C,0,-3.65875,0.10965309292078018,0.7269999980926514,0.5903000235557556
YDR146C,YER052C,0,-3.6587605,0.10963655263185501,0.7269999980926514,0.590399980545044
YKL191W,YDL078C,0,-3.6588173,0.10962002724409103,0.7269999980926514,0.590499997138977
YNR059W,YIL149C,0,-3.658908,0.10960349440574646,0.7269999980926514,0.5906000137329102
YDR323C,YJR048W,0,-3.6589432,0.10958697646856308,0.7269999980926514,0.5906999707221985
YCR017C,YFR025C,0,-3.6591606,0.1095704585313797,0.7269999980926514,0.5907999873161316
YKL017C,YBR212W,0,-3.659192,0.10955394804477692,0.7269999980926514,0.5909000039100647
YNL188W,YER007C-A,0,-3.6592946,0.10953744500875473,0.7269999980926514,0.5910000205039978
YOR281C,YHL016C,0,-3.659461,0.10952094197273254,0.7269999980926514,0.5910999774932861
YCR010C,YLR109W,0,-3.6595054,0.10950444638729095,0.7269999980926514,0.5911999940872192
YNL192W,YJR047C,0,-3.659525,0.10948795080184937,0.7269999980926514,0.5913000106811523
YHL034C,YEL071W,0,-3.6596065,0.10947146266698837,0.7269999980926514,0.5914000272750854
YKL084W,YKR030W,0,-3.659852,0.10945498198270798,0.7269999980926514,0.5914999842643738
YER045C,YOR221C,0,-3.6598725,0.10943850874900818,0.7269999980926514,0.5916000008583069
YOR304W,YNL261W,1,-3.6600308,0.10957254469394684,0.7279999852180481,0.5916000008583069
YJR112W,YLL010C,0,-3.6602721,0.10955605655908585,0.7279999852180481,0.59170001745224
YNL197C,YDL247W,0,-3.6603446,0.10953957587480545,0.7279999852180481,0.5917999744415283
YMR303C,YLL003W,0,-3.6604571,0.10952309519052505,0.7279999852180481,0.5918999910354614
YBR248C,YIL044C,0,-3.661018,0.10950662195682526,0.7279999852180481,0.5920000076293945
YMR226C,YNL134C,0,-3.6611695,0.10949014872312546,0.7279999852180481,0.5921000242233276
YML069W,YEL056W,1,-3.661261,0.10962405800819397,0.7289999723434448,0.5921000242233276
YNL137C,YBR182C,0,-3.6612992,0.10960757732391357,0.7289999723434448,0.592199981212616
YOL017W,YGL037C,1,-3.6613646,0.10974143445491791,0.7300000190734863,0.592199981212616
YMR015C,YBR164C,0,-3.6614509,0.10972493886947632,0.7300000190734863,0.5922999978065491
YPR060C,YDR490C,0,-3.661471,0.10970844328403473,0.7300000190734863,0.5924000144004822
YLR044C,YKL086W,0,-3.6617613,0.10969196259975433,0.7300000190734863,0.5924999713897705
YJL048C,YNL267W,0,-3.6618633,0.10967548191547394,0.7300000190734863,0.5925999879837036
YGL212W,YGL053W,0,-3.661892,0.10965900868177414,0.7300000190734863,0.5927000045776367
YER133W,YJL176C,1,-3.6619554,0.10979273170232773,0.7310000061988831,0.5927000045776367
YOL004W,YER133W,1,-3.662055,0.10992641746997833,0.7319999933242798,0.5927000045776367
YDR519W,YLR144C,0,-3.6622167,0.10990990698337555,0.7319999933242798,0.5928000211715698
YBR004C,YBR070C,0,-3.6623626,0.10989341139793396,0.7319999933242798,0.5928999781608582
YOR044W,YLR086W,0,-3.6624236,0.10987691581249237,0.7319999933242798,0.5929999947547913
YGL231C,YDR141C,0,-3.662547,0.10986042022705078,0.7319999933242798,0.5931000113487244
YMR043W,YNL160W,0,-3.6625571,0.10984393954277039,0.7319999933242798,0.5932000279426575
YHR005C,YJR153W,0,-3.6627388,0.10982745885848999,0.7319999933242798,0.5932999849319458
YCR052W,YDR071C,1,-3.6627645,0.10996099561452866,0.7329999804496765,0.5932999849319458
YJL094C,YMR114C,0,-3.662909,0.10994450002908707,0.7329999804496765,0.5934000015258789
YHL020C,YMR318C,0,-3.663303,0.10992801189422607,0.7329999804496765,0.593500018119812
YKL001C,YGR217W,0,-3.663332,0.10991153120994568,0.7329999804496765,0.5935999751091003
YCR087C-A,YNL067W,0,-3.6635323,0.10989505052566528,0.7329999804496765,0.5936999917030334
YIL148W,YOR219C,0,-3.663734,0.10987857729196548,0.7329999804496765,0.5938000082969666
YKL154W,YNR032W,0,-3.6641002,0.10986211150884628,0.7329999804496765,0.5939000248908997
YBL037W,YBL016W,0,-3.6641984,0.10984564572572708,0.7329999804496765,0.593999981880188
YGL231C,YMR208W,0,-3.6642518,0.10982918739318848,0.7329999804496765,0.5940999984741211
YOR038C,YLL002W,1,-3.664454,0.10996254533529282,0.734000027179718,0.5940999984741211
YDR027C,YNR047W,0,-3.6646338,0.10994607210159302,0.734000027179718,0.5942000150680542
YHR142W,YIR008C,0,-3.6646662,0.10992960631847382,0.734000027179718,0.5942999720573425
YBR019C,YPL089C,0,-3.6647863,0.10991314798593521,0.734000027179718,0.5943999886512756
YGR271W,YMR318C,0,-3.664854,0.1098966896533966,0.734000027179718,0.5945000052452087
YFR040W,YEL043W,0,-3.6650238,0.1098802387714386,0.734000027179718,0.5946000218391418
YOL004W,YJL065C,1,-3.6651435,0.11001347005367279,0.7350000143051147,0.5946000218391418
YJL134W,YHR021C,0,-3.6652207,0.10999700427055359,0.7350000143051147,0.5946999788284302
YNL261W,YER133W,1,-3.6652856,0.1101301833987236,0.7360000014305115,0.5946999788284302
YLR432W,YDL077C,0,-3.6654353,0.1101137027144432,0.7360000014305115,0.5947999954223633
YIL168W,YGL097W,0,-3.6656022,0.11009722948074341,0.7360000014305115,0.5949000120162964
YOL034W,YKL034W,0,-3.665618,0.1100807636976242,0.7360000014305115,0.5950000286102295
YDR224C,YBR215W,1,-3.6656218,0.11021384596824646,0.7369999885559082,0.5950000286102295
YML001W,YDR099W,0,-3.665761,0.11019736528396606,0.7369999885559082,0.5950999855995178
YPL065W,YDR186C,0,-3.6658893,0.11018089205026627,0.7369999885559082,0.5952000021934509
YDL031W,YMR180C,0,-3.6661382,0.11016442626714706,0.7369999885559082,0.595300018787384
YER124C,YDR033W,0,-3.6663494,0.11014796048402786,0.7369999885559082,0.5953999757766724
YKL214C,YLR330W,0,-3.6663895,0.11013150215148926,0.7369999885559082,0.5954999923706055
YKL096W-A,YHR176W,0,-3.6664748,0.11011504381895065,0.7369999885559082,0.5956000089645386
YJR004C,YDL213C,0,-3.6665778,0.11009859293699265,0.7369999885559082,0.5957000255584717
YJR013W,YGL231C,0,-3.666583,0.11008214950561523,0.7369999885559082,0.59579998254776
YMR233W,YOL045W,0,-3.6666374,0.11006571352481842,0.7369999885559082,0.5958999991416931
YBR019C,YMR165C,0,-3.6668758,0.1100492775440216,0.7369999885559082,0.5960000157356262
YKL174C,YGR270W,0,-3.6675854,0.11003284901380539,0.7369999885559082,0.5960999727249146
YNR058W,YGL048C,0,-3.6676388,0.11001642048358917,0.7369999885559082,0.5961999893188477
YDR224C,YMR022W,1,-3.6676507,0.11014925688505173,0.7379999756813049,0.5961999893188477
YOL008W,YBL028C,0,-3.6681194,0.11013281345367432,0.7379999756813049,0.5963000059127808
YLR447C,YER007C-A,0,-3.6683135,0.1101163849234581,0.7379999756813049,0.5964000225067139
YER087C-A,YJL082W,0,-3.668715,0.11009995639324188,0.7379999756813049,0.5964999794960022
YIL046W,YJR092W,0,-3.6688886,0.11008353531360626,0.7379999756813049,0.5965999960899353
YJR093C,YDL039C,0,-3.6689267,0.11006711423397064,0.7379999756813049,0.5967000126838684
YMR145C,YLR452C,0,-3.6690812,0.11005070060491562,0.7379999756813049,0.5968000292778015
YOL165C,YOL164W,0,-3.6693125,0.11003429442644119,0.7379999756813049,0.5968999862670898
YKL006C-A,YNL329C,0,-3.669386,0.11001788824796677,0.7379999756813049,0.597000002861023
YOR087W,YNL312W,0,-3.6694274,0.11000148952007294,0.7379999756813049,0.597100019454956
YJL196C,YBR065C,0,-3.6694322,0.1099850982427597,0.7379999756813049,0.5971999764442444
YPR055W,YDR456W,0,-3.6695008,0.10996870696544647,0.7379999756813049,0.5972999930381775
YHL027W,YER167W,0,-3.6698275,0.10995232313871384,0.7379999756813049,0.5974000096321106
YOR079C,YOL027C,0,-3.6698337,0.1099359467625618,0.7379999756813049,0.5975000262260437
YDR279W,YOR110W,0,-3.6699033,0.10991957038640976,0.7379999756813049,0.597599983215332
YHR010W,YDL039C,0,-3.670216,0.10990320146083832,0.7379999756813049,0.5976999998092651
YOR056C,YMR072W,0,-3.6703057,0.10988683998584747,0.7379999756813049,0.5978000164031982
YHR119W,YNL186W,1,-3.6703105,0.11001935601234436,0.7390000224113464,0.5978000164031982
YJL179W,YBR156C,0,-3.6703625,0.11000297963619232,0.7390000224113464,0.5978999733924866
YJL128C,YBL076C,0,-3.6704707,0.10998660326004028,0.7390000224113464,0.5979999899864197
YKL096W-A,YLR268W,0,-3.6706095,0.10997024178504944,0.7390000224113464,0.5981000065803528
YER155C,YBR189W,0,-3.6709137,0.109953872859478,0.7390000224113464,0.5982000231742859
YFR009W,YHR060W,0,-3.6709385,0.10993751883506775,0.7390000224113464,0.5982999801635742
YDR079W,YDR056C,0,-3.670949,0.1099211648106575,0.7390000224113464,0.5983999967575073
YOL030W,YLR040C,0,-3.6709948,0.10990481823682785,0.7390000224113464,0.5985000133514404
YNL059C,YDR303C,1,-3.6712089,0.1100371778011322,0.7400000095367432,0.5985000133514404
YGR034W,YML067C,0,-3.6713696,0.11002081632614136,0.7400000095367432,0.5985999703407288
YOR061W,YLR007W,0,-3.67138,0.11000446230173111,0.7400000095367432,0.5986999869346619
YML056C,YER155C,0,-3.6714406,0.10998810827732086,0.7400000095367432,0.598800003528595
YMR140W,YML113W,0,-3.6715794,0.10997176170349121,0.7400000095367432,0.5989000201225281
YGR076C,YHR143W,0,-3.6717048,0.10995542258024216,0.7400000095367432,0.5989999771118164
YER155C,YDL128W,0,-3.6718316,0.1099390909075737,0.7400000095367432,0.5990999937057495
YKR094C,YGL092W,0,-3.671937,0.10992275923490524,0.7400000095367432,0.5992000102996826
YLR388W,YDR218C,0,-3.6719923,0.10990642756223679,0.7400000095367432,0.5993000268936157
YBR248C,YMR311C,0,-3.6720319,0.10989011079072952,0.7400000095367432,0.599399983882904
YLR039C,YPL097W,0,-3.6720934,0.10987379401922226,0.7400000095367432,0.5995000004768372
YMR208W,YPL125W,0,-3.6721473,0.1098574846982956,0.7400000095367432,0.5996000170707703
YDR411C,YKL134C,0,-3.6721644,0.10984117537736893,0.7400000095367432,0.5996999740600586
YNL036W,YKL114C,0,-3.6721673,0.10982487350702286,0.7400000095367432,0.5997999906539917
YKL145W,YDL049C,0,-3.6723375,0.10980857908725739,0.7400000095367432,0.5999000072479248
YGR193C,YOL011W,0,-3.672392,0.10979228466749191,0.7400000095367432,0.6000000238418579
YKR020W,YHL011C,0,-3.6724844,0.10977599769830704,0.7400000095367432,0.6000999808311462
YGL203C,YDL100C,0,-3.6726708,0.10975971817970276,0.7400000095367432,0.6001999974250793
YLR427W,YML113W,0,-3.6728063,0.10974343866109848,0.7400000095367432,0.6003000140190125
YGL170C,YNL151C,0,-3.6728196,0.1097271665930748,0.7400000095367432,0.6003999710083008
YLR368W,YLR166C,0,-3.6729774,0.10971089452505112,0.7400000095367432,0.6004999876022339
YOR219C,YBR065C,0,-3.6730752,0.10969463735818863,0.7400000095367432,0.600600004196167
YBL041W,YCR093W,0,-3.673099,0.10967837274074554,0.7400000095367432,0.6007000207901001
YDL116W,YLR342W,0,-3.6735392,0.10966212302446365,0.7400000095367432,0.6007999777793884
YMR156C,YBR265W,0,-3.6736274,0.10964587330818176,0.7400000095367432,0.6008999943733215
YGL232W,YIR017C,0,-3.6737294,0.10962963104248047,0.7400000095367432,0.6010000109672546
YER124C,YNL145W,0,-3.6739688,0.10961338877677917,0.7400000095367432,0.6011000275611877
YLR047C,YKL134C,0,-3.6740012,0.10959715396165848,0.7400000095367432,0.6011999845504761
YDR469W,YPR193C,1,-3.6740956,0.10972900688648224,0.7409999966621399,0.6011999845504761
YNL177C,YKL145W,0,-3.6741905,0.10971276462078094,0.7409999966621399,0.6013000011444092
YJR161C,YPL269W,0,-3.6745248,0.10969652235507965,0.7409999966621399,0.6014000177383423
YOR348C,YBL058W,0,-3.674654,0.10968028753995895,0.7409999966621399,0.6014999747276306
YMR190C,YGR106C,0,-3.674683,0.10966405272483826,0.7409999966621399,0.6015999913215637
YOL148C,YLR449W,1,-3.6747837,0.10979579389095306,0.7419999837875366,0.6015999913215637
YCR018C,YER040W,0,-3.6748385,0.10977955162525177,0.7419999837875366,0.6017000079154968
YOL113W,YMR073C,0,-3.675232,0.10976331681013107,0.7419999837875366,0.6018000245094299
YDR206W,YIL044C,0,-3.6754503,0.10974708199501038,0.7419999837875366,0.6018999814987183
YBR055C,YGL053W,0,-3.6755466,0.10973084717988968,0.7419999837875366,0.6019999980926514
YGR268C,YBR166C,0,-3.6762156,0.10971462726593018,0.7419999837875366,0.6021000146865845
YAR033W,YLR431C,0,-3.6765103,0.10969839990139008,0.7419999837875366,0.6021999716758728
YDL111C,YKL077W,0,-3.6765757,0.10968218743801117,0.7419999837875366,0.6022999882698059
YER124C,YKL035W,0,-3.6771803,0.10966597497463226,0.7419999837875366,0.602400004863739
YDR079W,YBL079W,0,-3.6772199,0.10964976996183395,0.7419999837875366,0.6025000214576721
YPL092W,YDR056C,0,-3.677279,0.10963357239961624,0.7419999837875366,0.6025999784469604
YJR004C,YDR488C,0,-3.6773133,0.10961737483739853,0.7419999837875366,0.6026999950408936
YBR166C,YLR158C,0,-3.6774278,0.10960118472576141,0.7419999837875366,0.6028000116348267
YIR008C,YLR107W,0,-3.677474,0.1095849946141243,0.7419999837875366,0.6029000282287598
YJL124C,YGR004W,0,-3.6776705,0.10956881195306778,0.7419999837875366,0.6029999852180481
YER062C,YMR088C,0,-3.678114,0.10955263674259186,0.7419999837875366,0.6031000018119812
YPR070W,YPR049C,0,-3.6783075,0.10953646153211594,0.7419999837875366,0.6032000184059143
YNL075W,YLR425W,0,-3.67836,0.10952029377222061,0.7419999837875366,0.6032999753952026
YKL011C,YNL160W,0,-3.678372,0.10950413346290588,0.7419999837875366,0.6033999919891357
YJL080C,YDR071C,1,-3.6784768,0.10963553190231323,0.7429999709129333,0.6033999919891357
YDL087C,YBR034C,0,-3.6785688,0.10961935669183731,0.7429999709129333,0.6035000085830688
YBL072C,YNL039W,0,-3.678804,0.10960318893194199,0.7429999709129333,0.603600025177002
YAL023C,YOR147W,0,-3.679071,0.10958702117204666,0.7429999709129333,0.6036999821662903
YIL062C,YML115C,0,-3.679079,0.10957086086273193,0.7429999709129333,0.6037999987602234
YDL111C,YPL002C,0,-3.6791468,0.1095547005534172,0.7429999709129333,0.6039000153541565
YLR105C,YGL231C,0,-3.679263,0.10953855514526367,0.7429999709129333,0.6039999723434448
YJR144W,YGR286C,0,-3.6794734,0.10952240228652954,0.7429999709129333,0.6040999889373779
YPL157W,YMR140W,0,-3.6794758,0.1095062643289566,0.7429999709129333,0.604200005531311
YNL059C,YML069W,1,-3.6795506,0.10963749140501022,0.7440000176429749,0.604200005531311
YER167W,YOR004W,0,-3.680049,0.10962133854627609,0.7440000176429749,0.6043000221252441
YNR038W,YJL110C,0,-3.680344,0.10960518568754196,0.7440000176429749,0.6043999791145325
YNL059C,YOR123C,1,-3.6804614,0.10973633825778961,0.7450000047683716,0.6043999791145325
YBR284W,YDR001C,0,-3.6805544,0.10972017794847488,0.7450000047683716,0.6044999957084656
YKL174C,YDR384C,0,-3.6809874,0.10970401763916016,0.7450000047683716,0.6046000123023987
YML077W,YNL282W,0,-3.6810045,0.10968786478042603,0.7450000047683716,0.6047000288963318
YJR144W,YPL147W,0,-3.6815243,0.10967171937227249,0.7450000047683716,0.6047999858856201
YMR145C,YNL074C,0,-3.6816669,0.10965558141469955,0.7450000047683716,0.6049000024795532
YBL018C,YGR076C,0,-3.6817274,0.10963944345712662,0.7450000047683716,0.6050000190734863
YDL087C,YDR263C,0,-3.682074,0.10962330549955368,0.7450000047683716,0.6050999760627747
YER052C,YJL056C,0,-3.6820889,0.10960718244314194,0.7450000047683716,0.6051999926567078
YCL031C,YCR011C,0,-3.682386,0.1095910593867302,0.7450000047683716,0.6053000092506409
YMR307W,YIL063C,0,-3.6824656,0.10957493633031845,0.7450000047683716,0.605400025844574
YJR127C,YCL016C,0,-3.6824694,0.1095588207244873,0.7450000047683716,0.6054999828338623
YKL201C,YPL198W,0,-3.682919,0.10954271256923676,0.7450000047683716,0.6055999994277954
YKL160W,YOL017W,1,-3.6829228,0.1096736267209053,0.7459999918937683,0.6055999994277954
YOR133W,YNL115C,0,-3.683495,0.10965750366449356,0.7459999918937683,0.6057000160217285
YPL049C,YBR070C,0,-3.6836123,0.10964138805866241,0.7459999918937683,0.6057999730110168
YKL089W,YOL064C,0,-3.6837564,0.10962527245283127,0.7459999918937683,0.60589998960495
YOR181W,YNL074C,0,-3.683765,0.10960917174816132,0.7459999918937683,0.6060000061988831
YGR004W,YJR045C,0,-3.6838307,0.10959306359291077,0.7459999918937683,0.6061000227928162
YNL290W,YBR106W,0,-3.6841297,0.10957697033882141,0.7459999918937683,0.6061999797821045
YJL134W,YAL010C,0,-3.68428,0.10956087708473206,0.7459999918937683,0.6062999963760376
YOL165C,YGL241W,0,-3.684339,0.1095447838306427,0.7459999918937683,0.6064000129699707
YBL072C,YNR032C-A,0,-3.6843762,0.10952870547771454,0.7459999918937683,0.6065000295639038
YNL074C,YOL019W,0,-3.6844983,0.10951262712478638,0.7459999918937683,0.6065999865531921
YEL036C,YIL095W,0,-3.6848936,0.10949654877185822,0.7459999918937683,0.6067000031471252
YFR009W,YOR285W,0,-3.6850638,0.10948047786951065,0.7459999918937683,0.6068000197410583
YNL154C,YBL079W,0,-3.6851544,0.10946441441774368,0.7459999918937683,0.6068999767303467
YGR204W,YGL068W,0,-3.6851978,0.10944835841655731,0.7459999918937683,0.6069999933242798
YIL048W,YOR261C,0,-3.6856108,0.10943230241537094,0.7459999918937683,0.6071000099182129
YNR045W,YBR213W,0,-3.685689,0.10941625386476517,0.7459999918937683,0.607200026512146
YLR070C,YPR005C,0,-3.6857386,0.1094002053141594,0.7459999918937683,0.6072999835014343
YMR192W,YGL135W,0,-3.6859546,0.10938416421413422,0.7459999918937683,0.6074000000953674
YJL080C,YOL090W,1,-3.686088,0.1095147356390953,0.746999979019165,0.6074000000953674
YLR327C,YKR030W,0,-3.6864643,0.10949867963790894,0.746999979019165,0.6075000166893005
YKR063C,YOR355W,0,-3.686504,0.10948263108730316,0.746999979019165,0.6075999736785889
YDL181W,YKR067W,0,-3.6868377,0.10946658998727798,0.746999979019165,0.607699990272522
YKL178C,YOR056C,0,-3.6869364,0.10945054888725281,0.746999979019165,0.6078000068664551
YGR267C,YDR218C,0,-3.6872559,0.10943451523780823,0.746999979019165,0.6079000234603882
YPL221W,YGL067W,0,-3.6872911,0.10941848903894424,0.746999979019165,0.6079999804496765
YLR166C,YDR088C,0,-3.6873527,0.10940246284008026,0.746999979019165,0.6080999970436096
YOR133W,YKL197C,0,-3.6875257,0.10938643664121628,0.746999979019165,0.6082000136375427
YNL256W,YOL011W,0,-3.6875563,0.10937042534351349,0.746999979019165,0.608299970626831
YDL231C,YGL259W,0,-3.68787,0.1093544140458107,0.746999979019165,0.6083999872207642
YAL020C,YML004C,0,-3.6881094,0.10933841019868851,0.746999979019165,0.6085000038146973
YAR033W,YGR085C,0,-3.68857,0.10932240635156631,0.746999979019165,0.6086000204086304
YPR070W,YGL206C,0,-3.6887674,0.10930640995502472,0.746999979019165,0.6086999773979187
YGL238W,YDR479C,0,-3.689608,0.10929041355848312,0.746999979019165,0.6087999939918518
YDR405W,YGR145W,0,-3.6896758,0.10927443206310272,0.746999979019165,0.6089000105857849
YNL182C,YJL047C,0,-3.6897216,0.10925844311714172,0.746999979019165,0.609000027179718
YOL011W,YHR193C,0,-3.6898017,0.10924246907234192,0.746999979019165,0.6090999841690063
YMR195W,YGR144W,0,-3.6898532,0.10922649502754211,0.746999979019165,0.6092000007629395
YML074C,YDR280W,0,-3.6899753,0.1092105284333229,0.746999979019165,0.6093000173568726
YDL067C,YNL312W,0,-3.6899934,0.1091945618391037,0.746999979019165,0.6093999743461609
YFR004W,YJL047C,0,-3.6900291,0.10917860269546509,0.746999979019165,0.609499990940094
YOL027C,YNL312W,0,-3.6903253,0.10916265100240707,0.746999979019165,0.6096000075340271
YNL209W,YMR058W,0,-3.6905231,0.10914669930934906,0.746999979019165,0.6097000241279602
YFL013C,YDR439W,1,-3.6909213,0.10927684605121613,0.7480000257492065,0.6097000241279602
YOR380W,YPL069C,0,-3.6909404,0.10926087945699692,0.7480000257492065,0.6097999811172485
YKL008C,YML067C,0,-3.6910095,0.1092449277639389,0.7480000257492065,0.6098999977111816
YNL207W,YNL092W,0,-3.6910496,0.10922896862030029,0.7480000257492065,0.6100000143051147
YCR010C,YGL083W,0,-3.6910806,0.10921302437782288,0.7480000257492065,0.6100999712944031
YDL067C,YAL020C,0,-3.691217,0.10919708013534546,0.7480000257492065,0.6101999878883362
YLR303W,YBL018C,0,-3.6913314,0.10918114334344864,0.7480000257492065,0.6103000044822693
YDR500C,YOR305W,0,-3.6915212,0.10916520655155182,0.7480000257492065,0.6104000210762024
YCR017C,YLR239C,0,-3.6915674,0.1091492772102356,0.7480000257492065,0.6104999780654907
YLR050C,YPR016C,0,-3.6917596,0.10913335531949997,0.7480000257492065,0.6105999946594238
YDR352W,YBR286W,0,-3.6919322,0.10911743342876434,0.7480000257492065,0.6107000112533569
YGL095C,YML074C,0,-3.6919599,0.10910151898860931,0.7480000257492065,0.61080002784729
YOR028C,YGL097W,0,-3.6919947,0.10908560454845428,0.7480000257492065,0.6108999848365784
YGR193C,YKL120W,0,-3.692018,0.10906969755887985,0.7480000257492065,0.6110000014305115
YNL009W,YIL120W,0,-3.6921744,0.10905379801988602,0.7480000257492065,0.6111000180244446
YNL069C,YNL258C,0,-3.692264,0.10903789848089218,0.7480000257492065,0.6111999750137329
YFR053C,YDR218C,0,-3.6924524,0.10902200639247894,0.7480000257492065,0.611299991607666
YGL092W,YER040W,0,-3.6925116,0.1090061217546463,0.7480000257492065,0.6114000082015991
YJR044C,YMR223W,0,-3.6925817,0.10899023711681366,0.7480000257492065,0.6115000247955322
YPL090C,YGL206C,0,-3.6928697,0.10897435992956161,0.7480000257492065,0.6115999817848206
YGL147C,YKL134C,0,-3.692894,0.10895848274230957,0.7480000257492065,0.6116999983787537
YJL080C,YML069W,1,-3.692934,0.10908826440572739,0.7490000128746033,0.6116999983787537
YEL021W,YCR098C,0,-3.692957,0.10907237231731415,0.7490000128746033,0.6118000149726868
YBR055C,YLR192C,0,-3.6930118,0.1090564951300621,0.7490000128746033,0.6118999719619751
YGR072W,YCR098C,0,-3.6930842,0.10904061794281006,0.7490000128746033,0.6119999885559082
YDR253C,YKR030W,0,-3.6931214,0.10902474820613861,0.7490000128746033,0.6121000051498413
YGL006W,YKL001C,0,-3.6932259,0.10900887846946716,0.7490000128746033,0.6122000217437744
YKL129C,YGL203C,0,-3.6932545,0.10899301618337631,0.7490000128746033,0.6122999787330627
YNR060W,YJR144W,0,-3.6933112,0.10897715389728546,0.7490000128746033,0.6123999953269958
YJL127C,YPR052C,1,-3.6934443,0.10910677909851074,0.75,0.6123999953269958
YMR052W,YLR103C,0,-3.6936717,0.1090909093618393,0.75,0.612500011920929
YNL083W,YMR233W,0,-3.6938763,0.10907504707574844,0.75,0.6126000285148621
YPR052C,YJL065C,1,-3.6940951,0.10920459777116776,0.7509999871253967,0.6126000285148621
YMR180C,YNL223W,0,-3.694233,0.10918872058391571,0.7509999871253967,0.6126999855041504
YBL047C,YDL077C,0,-3.694271,0.10917284339666367,0.7509999871253967,0.6128000020980835
YNL083W,YNL062C,0,-3.6943502,0.10915697365999222,0.7509999871253967,0.6129000186920166
YDL198C,YJL186W,0,-3.6944208,0.10914111137390137,0.7509999871253967,0.6129999756813049
YHR066W,YNL116W,0,-3.6946168,0.10912525653839111,0.7509999871253967,0.613099992275238
YLR135W,YIL077C,0,-3.6947207,0.10910940170288086,0.7509999871253967,0.6132000088691711
YPL265W,YML004C,0,-3.695053,0.1090935468673706,0.7509999871253967,0.6133000254631042
YPL106C,YPL090C,0,-3.6954646,0.10907770693302155,0.7509999871253967,0.6133999824523926
YML077W,YLR035C,0,-3.6955853,0.10906186699867249,0.7509999871253967,0.6134999990463257
YKR101W,YGL014W,1,-3.6958113,0.10919123142957687,0.7519999742507935,0.6134999990463257
YGR034W,YDL231C,0,-3.695973,0.10917537659406662,0.7519999742507935,0.6136000156402588
YDR488C,YPL037C,0,-3.6960192,0.10915952920913696,0.7519999742507935,0.6136999726295471
YBR289W,YKR019C,1,-3.6961865,0.10928882658481598,0.753000020980835,0.6136999726295471
YPL038W,YOR305W,0,-3.6967983,0.10927296429872513,0.753000020980835,0.6137999892234802
YNL078W,YER009W,0,-3.6968284,0.10925710946321487,0.753000020980835,0.6139000058174133
YPL031C,YDL247W,0,-3.6972923,0.10924126207828522,0.753000020980835,0.6140000224113464
YPR070W,YPL092W,0,-3.6973681,0.10922541469335556,0.753000020980835,0.6140999794006348
YDL013W,YGL008C,0,-3.6975265,0.1092095747590065,0.753000020980835,0.6141999959945679
YPL043W,YDR322C-A,0,-3.6975765,0.10919373482465744,0.753000020980835,0.614300012588501
YDL020C,YIL049W,0,-3.6981502,0.10917790234088898,0.753000020980835,0.6144000291824341
YKL217W,YFL001W,0,-3.6982422,0.10916207730770111,0.753000020980835,0.6144999861717224
YER030W,YDL076C,1,-3.6984606,0.1092912033200264,0.7540000081062317,0.6144999861717224
YNL154C,YHR026W,0,-3.6986952,0.10927536338567734,0.7540000081062317,0.6146000027656555
YML115C,YMR140W,0,-3.6987152,0.10925953090190887,0.7540000081062317,0.6147000193595886
YHR164C,YOR143C,0,-3.6987314,0.10924369841814041,0.7540000081062317,0.614799976348877
YDR225W,YML109W,1,-3.6989026,0.10937273502349854,0.7549999952316284,0.614799976348877
YJR093C,YBR022W,0,-3.6992574,0.10935689508914948,0.7549999952316284,0.6148999929428101
YJR049C,YIL096C,0,-3.6993175,0.10934105515480042,0.7549999952316284,0.6150000095367432
YDR071C,YDR121W,1,-3.6995072,0.10947002470493317,0.7559999823570251,0.6150000095367432
YJR144W,YOL091W,0,-3.6996121,0.10945417732000351,0.7559999823570251,0.6151000261306763
YMR277W,YLR427W,0,-3.699699,0.10943832993507385,0.7559999823570251,0.6151999831199646
YIL148W,YPL242C,0,-3.6998053,0.10942249000072479,0.7559999823570251,0.6152999997138977
YNL137C,YNL238W,0,-3.7000232,0.10940665751695633,0.7559999823570251,0.6154000163078308
YDR279W,YML074C,0,-3.7001514,0.10939082503318787,0.7559999823570251,0.6154999732971191
YKL145W,YLL031C,0,-3.70019,0.109375,0.7559999823570251,0.6155999898910522
YMR302C,YIL135C,0,-3.7002006,0.10935917496681213,0.7559999823570251,0.6157000064849854
YLR070C,YJR042W,0,-3.7005086,0.10934336483478546,0.7559999823570251,0.6158000230789185
YLR032W,YNL074C,0,-3.7006488,0.10932754725217819,0.7559999823570251,0.6158999800682068
YGR220C,YMR047C,0,-3.7006674,0.10931174457073212,0.7559999823570251,0.6159999966621399
YER157W,YMR088C,0,-3.7009473,0.10929593443870544,0.7559999823570251,0.616100013256073
YGR034W,YOR348C,0,-3.7011442,0.10928013920783997,0.7559999823570251,0.6161999702453613
YKL006C-A,YGR057C,0,-3.7012658,0.10926434397697449,0.7559999823570251,0.6162999868392944
YLR097C,YOR319W,0,-3.701357,0.1092485561966896,0.7559999823570251,0.6164000034332275
YIL088C,YDR218C,0,-3.7014375,0.10923276841640472,0.7559999823570251,0.6165000200271606
YBR261C,YGR261C,0,-3.7014804,0.10921698808670044,0.7559999823570251,0.616599977016449
YHR132C,YGR240C,0,-3.701692,0.10920121520757675,0.7559999823570251,0.6166999936103821
YLR363C,YJL112W,0,-3.701706,0.10918544232845306,0.7559999823570251,0.6168000102043152
YIL095W,YCR098C,0,-3.7018685,0.10916967689990997,0.7559999823570251,0.6169000267982483
YLR047C,YNL145W,0,-3.7019577,0.10915391147136688,0.7559999823570251,0.6169999837875366
YHR101C,YMR277W,0,-3.7019653,0.10913815349340439,0.7559999823570251,0.6171000003814697
YPR165W,YOL122C,0,-3.7021747,0.10912240296602249,0.7559999823570251,0.6172000169754028
YER075C,YMR233W,0,-3.70226,0.1091066524386406,0.7559999823570251,0.6172999739646912
YGL100W,YOR206W,0,-3.7023072,0.1090909093618393,0.7559999823570251,0.6173999905586243
YJR049C,YPL082C,0,-3.7025008,0.109075166285038,0.7559999823570251,0.6175000071525574
YOR261C,YJL170C,0,-3.702518,0.10905943810939789,0.7559999823570251,0.6176000237464905
YBR165W,YOR004W,0,-3.70266,0.10904370248317719,0.7559999823570251,0.6176999807357788
YKL084W,YLR105C,0,-3.7029834,0.10902798175811768,0.7559999823570251,0.6177999973297119
YGL095C,YIL062C,0,-3.702991,0.10901225358247757,0.7559999823570251,0.617900013923645
YBR271W,YIL070C,0,-3.7030907,0.10899654030799866,0.7559999823570251,0.6179999709129333
YGL203C,YGL129C,0,-3.7031198,0.10898082703351974,0.7559999823570251,0.6180999875068665
YGR106C,YPL042C,0,-3.7031755,0.10896512120962143,0.7559999823570251,0.6182000041007996
YDR003W,YBR165W,0,-3.7034655,0.10894941538572311,0.7559999823570251,0.6183000206947327
YOL007C,YOR144C,0,-3.703855,0.1089337170124054,0.7559999823570251,0.618399977684021
YHR026W,YDL080C,0,-3.703896,0.10891802608966827,0.7559999823570251,0.6184999942779541
YGR220C,YDL111C,0,-3.7039833,0.10890233516693115,0.7559999823570251,0.6186000108718872
YAL023C,YJL179W,0,-3.7040167,0.10888665169477463,0.7559999823570251,0.6187000274658203
YDL213C,YGR038W,0,-3.70402,0.1088709682226181,0.7559999823570251,0.6187999844551086
YNL083W,YJL183W,0,-3.7040505,0.10885529220104218,0.7559999823570251,0.6189000010490417
YCL008C,YNR057C,0,-3.7040849,0.10883962363004684,0.7559999823570251,0.6190000176429749
YBR201W,YBR165W,0,-3.7041793,0.10882395505905151,0.7559999823570251,0.6190999746322632
YLR398C,YBR176W,0,-3.704196,0.10880828648805618,0.7559999823570251,0.6191999912261963
YOL058W,YGR271W,0,-3.7042217,0.10879263281822205,0.7559999823570251,0.6193000078201294
YGR119C,YDR280W,0,-3.704461,0.10877697914838791,0.7559999823570251,0.6194000244140625
YJL219W,YNL081C,0,-3.7044673,0.10876133292913437,0.7559999823570251,0.6194999814033508
YHL020C,YOL135C,0,-3.704495,0.10874568670988083,0.7559999823570251,0.6195999979972839
YJL134W,YPL002C,0,-3.704557,0.10873004794120789,0.7559999823570251,0.619700014591217
YOL143C,YIL142W,0,-3.7046313,0.10871440917253494,0.7559999823570251,0.6197999715805054
YJL127C,YKR019C,1,-3.704938,0.10884255915880203,0.7570000290870667,0.6197999715805054
YOR122C,YML018C,0,-3.7049942,0.10882691293954849,0.7570000290870667,0.6198999881744385
YLL010C,YNR057C,0,-3.7051578,0.10881126672029495,0.7570000290870667,0.6200000047683716
YDL078C,YKL051W,0,-3.7052984,0.10879562795162201,0.7570000290870667,0.6201000213623047
YLL015W,YDR449C,0,-3.7053013,0.10877999663352966,0.7570000290870667,0.620199978351593
YER142C,YLL010C,0,-3.705676,0.10876436531543732,0.7570000290870667,0.6202999949455261
YOL040C,YOR305W,0,-3.7057471,0.10874874144792557,0.7570000290870667,0.6204000115394592
YFR025C,YNR039C,0,-3.705751,0.10873312503099442,0.7570000290870667,0.6205000281333923
YER124C,YHL047C,0,-3.7059946,0.10871750861406326,0.7570000290870667,0.6205999851226807
YOR231W,YDR253C,0,-3.7063031,0.10870189219713211,0.7570000290870667,0.6207000017166138
YPR052C,YDR121W,1,-3.706355,0.10882986336946487,0.7580000162124634,0.6207000017166138
YNR032W,YKR024C,0,-3.7065825,0.10881423950195312,0.7580000162124634,0.6208000183105469
YAL043C,YER009W,0,-3.706623,0.10879862308502197,0.7580000162124634,0.6208999752998352
YDR519W,YOL052C,0,-3.7067719,0.10878300666809082,0.7580000162124634,0.6209999918937683
YML047C,YML023C,0,-3.7067952,0.10876739770174026,0.7580000162124634,0.6211000084877014
YHR025W,YJR158W,0,-3.7067976,0.1087517961859703,0.7580000162124634,0.6212000250816345
YFL014W,YJR052W,0,-3.7068186,0.10873619467020035,0.7580000162124634,0.6212999820709229
YML047C,YGL125W,0,-3.7070665,0.10872059315443039,0.7580000162124634,0.621399998664856
YJR158W,YIL133C,0,-3.7071295,0.10870500653982162,0.7580000162124634,0.6215000152587891
YML065W,YNL246W,1,-3.7072163,0.10883280634880066,0.7590000033378601,0.6215000152587891
YOR079C,YMR052W,0,-3.707429,0.1088172048330307,0.7590000033378601,0.6215999722480774
YNL083W,YMR250W,0,-3.7076998,0.10880160331726074,0.7590000033378601,0.6216999888420105
YDL087C,YPR005C,0,-3.7077346,0.10878600925207138,0.7590000033378601,0.6218000054359436
YDR384C,YJR153W,0,-3.7079573,0.10877042263746262,0.7590000033378601,0.6219000220298767
YDR519W,YEL037C,0,-3.7080274,0.10875483602285385,0.7590000033378601,0.621999979019165
YKL171W,YER045C,0,-3.708146,0.10873925685882568,0.7590000033378601,0.6220999956130981
YGL131C,YGR096W,0,-3.7081919,0.10872367769479752,0.7590000033378601,0.6222000122070312
YLR027C,YKL011C,0,-3.7084613,0.10870810598134995,0.7590000033378601,0.6223000288009644
YDL031W,YPL147W,0,-3.7085624,0.10869254171848297,0.7590000033378601,0.6223999857902527
YIL084C,YMR075W,1,-3.708828,0.10882016271352768,0.7599999904632568,0.6223999857902527
YML120C,YPL198W,0,-3.708921,0.10880458354949951,0.7599999904632568,0.6225000023841858
YNL077W,YMR140W,0,-3.7090526,0.10878900438547134,0.7599999904632568,0.6226000189781189
YOL115W,YML067C,0,-3.7090878,0.10877343267202377,0.7599999904632568,0.6226999759674072
YIL070C,YLR301W,0,-3.7091055,0.1087578684091568,0.7599999904632568,0.6227999925613403
YBR186W,YIL155C,0,-3.709156,0.10874231159687042,0.7599999904632568,0.6229000091552734
YGL170C,YIL119C,0,-3.7092404,0.10872675478458405,0.7599999904632568,0.6230000257492065
YBR088C,YER169W,1,-3.7092857,0.10885424166917801,0.7609999775886536,0.6230000257492065
YKL154W,YGR261C,0,-3.7093453,0.10883866995573044,0.7609999775886536,0.6230999827384949
YOR304W,YDR071C,1,-3.7099037,0.10896611213684082,0.7620000243186951,0.6230999827384949
YGR267C,YOR171C,0,-3.7099118,0.10895052552223206,0.7620000243186951,0.623199999332428
YGL037C,YDR071C,1,-3.710247,0.10907791554927826,0.7630000114440918,0.623199999332428
YJR044C,YPL174C,0,-3.7102585,0.1090623214840889,0.7630000114440918,0.6233000159263611
YBL075C,YDR236C,0,-3.7103076,0.10904673486948013,0.7630000114440918,0.6233999729156494
YKL160W,YDR071C,1,-3.7104821,0.10917405039072037,0.7639999985694885,0.6233999729156494
YDR140W,YHR060W,0,-3.7105637,0.10915844887495041,0.7639999985694885,0.6234999895095825
YLR193C,YER124C,0,-3.7106671,0.10914285480976105,0.7639999985694885,0.6236000061035156
YLR258W,YKL086W,0,-3.7107782,0.10912726819515228,0.7639999985694885,0.6237000226974487
YLR004C,YPR200C,0,-3.711011,0.10911168158054352,0.7639999985694885,0.6237999796867371
YPL097W,YOR354C,0,-3.71145,0.10909610241651535,0.7639999985694885,0.6238999962806702
YMR047C,YBR286W,0,-3.711609,0.10908052325248718,0.7639999985694885,0.6240000128746033
YJL164C,YGL158W,0,-3.7121,0.10906495153903961,0.7639999985694885,0.6241000294685364
YKL214C,YER155C,0,-3.7121387,0.10904938727617264,0.7639999985694885,0.6241999864578247
YLR007W,YPL075W,0,-3.7125168,0.10903382301330566,0.7639999985694885,0.6243000030517578
YKR020W,YBR143C,0,-3.712709,0.10901826620101929,0.7639999985694885,0.6244000196456909
YAL043C,YJL190C,0,-3.7128882,0.10900270938873291,0.7639999985694885,0.6244999766349792
YBL037W,YPL059W,0,-3.7130404,0.10898716002702713,0.7639999985694885,0.6245999932289124
YOR348C,YLR310C,0,-3.713325,0.10897161811590195,0.7639999985694885,0.6247000098228455
YIL016W,YDL128W,0,-3.7134447,0.10895607620477676,0.7639999985694885,0.6248000264167786
YNL287W,YPL053C,0,-3.713842,0.10894054174423218,0.7639999985694885,0.6248999834060669
YKL124W,YGL023C,0,-3.7139645,0.10892500728368759,0.7639999985694885,0.625
YDL198C,YLR027C,0,-3.7146034,0.1089094802737236,0.7639999985694885,0.6251000165939331
YDR179C,YHL015W,0,-3.7146602,0.10889395326375961,0.7639999985694885,0.6251999735832214
YFL013C,YGL014W,1,-3.714736,0.10902094841003418,0.7649999856948853,0.6251999735832214
YEL021W,YOL165C,0,-3.714841,0.1090054139494896,0.7649999856948853,0.6252999901771545
YLR363C,YOR030W,0,-3.7148418,0.1089898869395256,0.7649999856948853,0.6254000067710876
YNL173C,YPL069C,0,-3.7150044,0.10897435992956161,0.7649999856948853,0.6255000233650208
YDR186C,YPL037C,0,-3.7150126,0.10895884037017822,0.7649999856948853,0.6255999803543091
YER028C,YDR040C,0,-3.7153902,0.10894332081079483,0.7649999856948853,0.6256999969482422
YIL125W,YEL030W,0,-3.7154303,0.10892780870199203,0.7649999856948853,0.6258000135421753
YKL201C,YCR098C,0,-3.7155957,0.10891230404376984,0.7649999856948853,0.6258999705314636
YDR184C,YJR074W,0,-3.7156606,0.10889679938554764,0.7649999856948853,0.6259999871253967
YBR274W,YLR027C,0,-3.71567,0.10888129472732544,0.7649999856948853,0.6261000037193298
YGL131C,YBR286W,0,-3.7157197,0.10886580497026443,0.7649999856948853,0.6262000203132629
YEL021W,YBR129C,0,-3.715794,0.10885031521320343,0.7649999856948853,0.6262999773025513
YML056C,YGR179C,0,-3.715826,0.10883482545614243,0.7649999856948853,0.6263999938964844
YLR226W,YDR384C,0,-3.7159472,0.10881934314966202,0.7649999856948853,0.6265000104904175
YBL006C,YGL066W,1,-3.7159681,0.10894609242677689,0.765999972820282,0.6265000104904175
YEL002C,YDL122W,0,-3.7160826,0.10893060266971588,0.765999972820282,0.6266000270843506
YLR166C,YLR452C,0,-3.7162142,0.10891511291265488,0.765999972820282,0.6266999840736389
YJL069C,YER052C,0,-3.7162476,0.10889963060617447,0.765999972820282,0.626800000667572
YDL045W-A,YMR318C,0,-3.7162948,0.10888414829969406,0.765999972820282,0.6269000172615051
YKL126W,YMR223W,0,-3.71632,0.10886867344379425,0.765999972820282,0.6269999742507935
YKL006C-A,YMR020W,0,-3.7164245,0.10885320603847504,0.765999972820282,0.6270999908447266
YNL115C,YOL143C,0,-3.7164316,0.10883773863315582,0.765999972820282,0.6272000074386597
YNL070W,YEL037C,0,-3.7166262,0.1088222786784172,0.765999972820282,0.6273000240325928
YNR045W,YNR032C-A,0,-3.7166681,0.10880681872367859,0.765999972820282,0.6273999810218811
YKR019C,YMR075W,1,-3.7167158,0.10893338918685913,0.7670000195503235,0.6273999810218811
YDR003W,YJR109C,0,-3.716745,0.10891792178153992,0.7670000195503235,0.6274999976158142
YGL066W,YJL065C,1,-3.7170587,0.10904444009065628,0.7680000066757202,0.6274999976158142
YDR081C,YHL011C,0,-3.7173738,0.10902895778417587,0.7680000066757202,0.6276000142097473
YKR101W,YBR215W,1,-3.71739,0.10915543138980865,0.7689999938011169,0.6276000142097473
YBR088C,YER161C,1,-3.71774,0.10928186029195786,0.7699999809265137,0.6276000142097473
YMR165C,YKL132C,0,-3.7177634,0.10926635563373566,0.7699999809265137,0.6276999711990356
YHL020C,YNL070W,0,-3.7179732,0.10925085097551346,0.7699999809265137,0.6277999877929688
YPL221W,YIL097W,0,-3.7180738,0.10923535376787186,0.7699999809265137,0.6279000043869019
YOL165C,YJR112W,0,-3.7181945,0.10921985656023026,0.7699999809265137,0.628000020980835
YDL078C,YIL016W,0,-3.718429,0.10920436680316925,0.7699999809265137,0.6280999779701233
YAL023C,YOR305W,0,-3.7184324,0.10918888449668884,0.7699999809265137,0.6281999945640564
YKL178C,YMR168C,0,-3.718471,0.10917340219020844,0.7699999809265137,0.6283000111579895
YLR268W,YDL128W,0,-3.718503,0.10915792733430862,0.7699999809265137,0.6284000277519226
YDL049C,YDR192C,0,-3.7185526,0.10914245247840881,0.7699999809265137,0.6284999847412109
YFL001W,YDR330W,0,-3.7186055,0.1091269850730896,0.7699999809265137,0.628600001335144
YDL236W,YMR127C,1,-3.718608,0.10925322026014328,0.7710000276565552,0.628600001335144
YGR121C,YJL134W,0,-3.718946,0.10923774540424347,0.7710000276565552,0.6287000179290771
YML047C,YPR145W,0,-3.7190723,0.10922227054834366,0.7710000276565552,0.6287999749183655
YOR287C,YKR067W,0,-3.71909,0.10920679569244385,0.7710000276565552,0.6288999915122986
YLR192C,YDR449C,0,-3.7191534,0.10919133573770523,0.7710000276565552,0.6290000081062317
YDR279W,YMR040W,0,-3.7191606,0.10917586833238602,0.7710000276565552,0.6291000247001648
YPR052C,YMR127C,1,-3.7192883,0.10930199921131134,0.7720000147819519,0.6291000247001648
YCR003W,YNR035C,0,-3.7193499,0.10928652435541153,0.7720000147819519,0.6291999816894531
YML113W,YKR001C,0,-3.7194605,0.10927105695009232,0.7720000147819519,0.6292999982833862
YGR193C,YOL109W,0,-3.7194695,0.1092555895447731,0.7720000147819519,0.6294000148773193
YER149C,YJR153W,0,-3.719489,0.10924012959003448,0.7720000147819519,0.6294999718666077
YBR261C,YOL121C,0,-3.7195177,0.10922467708587646,0.7720000147819519,0.6295999884605408
YNL075W,YPL069C,0,-3.719562,0.10920922458171844,0.7720000147819519,0.6297000050544739
YNL078W,YCL057W,0,-3.719573,0.10919377952814102,0.7720000147819519,0.629800021648407
YOR087W,YJL111W,0,-3.7198653,0.1091783344745636,0.7720000147819519,0.6298999786376953
YFL049W,YNL186W,1,-3.7198777,0.10930430144071579,0.7730000019073486,0.6298999786376953
YJL124C,YKL201C,0,-3.719977,0.10928884148597717,0.7730000019073486,0.6299999952316284
YLR061W,YMR047C,0,-3.7201,0.10927339643239975,0.7730000019073486,0.6301000118255615
YOR014W,YCR038C,0,-3.7201395,0.10925795137882233,0.7730000019073486,0.6302000284194946
YJR161C,YGR286C,0,-3.720233,0.1092425063252449,0.7730000019073486,0.630299985408783
YKL217W,YIL096C,0,-3.720429,0.10922707617282867,0.7730000019073486,0.6304000020027161
YAL022C,YOR243C,0,-3.7207942,0.10921163856983185,0.7730000019073486,0.6305000185966492
YBL099W,YPL059W,0,-3.721129,0.10919621586799622,0.7730000019073486,0.6305999755859375
YLR327C,YHR043C,0,-3.7213879,0.10918079316616058,0.7730000019073486,0.6306999921798706
YJR161C,YNL036W,0,-3.7214684,0.10916537046432495,0.7730000019073486,0.6308000087738037
YBR189W,YLR238W,0,-3.721754,0.10914995521306992,0.7730000019073486,0.6309000253677368
YOR171C,YGL167C,0,-3.721961,0.10913454741239548,0.7730000019073486,0.6309999823570251
YMR088C,YER118C,0,-3.7221317,0.10911913961172104,0.7730000019073486,0.6310999989509583
YBR149W,YOL031C,0,-3.722147,0.1091037392616272,0.7730000019073486,0.6312000155448914
YJR127C,YKL171W,0,-3.722333,0.10908834636211395,0.7730000019073486,0.6312999725341797
YGR204W,YDL230W,0,-3.722763,0.10907295346260071,0.7730000019073486,0.6313999891281128
YNL263C,YLL038C,0,-3.7228847,0.10905756056308746,0.7730000019073486,0.6315000057220459
YHR211W,YDR101C,0,-3.7229114,0.10904217511415482,0.7730000019073486,0.631600022315979
YJL127C,YJL065C,1,-3.723052,0.10916784405708313,0.7739999890327454,0.631600022315979
YKL191W,YIL077C,0,-3.7230644,0.10915244370698929,0.7739999890327454,0.6316999793052673
YLR061W,YIL077C,0,-3.7230759,0.10913705825805664,0.7739999890327454,0.6317999958992004
YKL214C,YJL183W,0,-3.7230825,0.10912167280912399,0.7739999890327454,0.6319000124931335
YJL078C,YBR041W,0,-3.7234297,0.10910628736019135,0.7739999890327454,0.6320000290870667
YJR049C,YIL122W,0,-3.7235165,0.1090909093618393,0.7739999890327454,0.632099986076355
YGR013W,YJL196C,0,-3.7236834,0.10907553881406784,0.7739999890327454,0.6322000026702881
YKL178C,YFR040W,0,-3.7238703,0.10906016826629639,0.7739999890327454,0.6323000192642212
YNL209W,YIL044C,0,-3.7238965,0.10904479771852493,0.7739999890327454,0.6323999762535095
YNR057C,YML126C,0,-3.7240205,0.10902944207191467,0.7739999890327454,0.6324999928474426
YML123C,YER131W,0,-3.7240767,0.10901408642530441,0.7739999890327454,0.6326000094413757
YKL024C,YBR121C,0,-3.7242222,0.10899873077869415,0.7739999890327454,0.6327000260353088
YBR048W,YDL185W,0,-3.7242498,0.10898338258266449,0.7739999890327454,0.6327999830245972
YNL163C,YBR165W,0,-3.724269,0.10896804183721542,0.7739999890327454,0.6328999996185303
YKL096W-A,YCR036W,0,-3.7243662,0.10895270109176636,0.7739999890327454,0.6330000162124634
YLL015W,YML023C,0,-3.7244349,0.10893736779689789,0.7739999890327454,0.6330999732017517
YBL074C,YDR082W,0,-3.7245345,0.10892203450202942,0.7739999890327454,0.6331999897956848
YER148W,YBR155W,0,-3.7247152,0.10890670865774155,0.7739999890327454,0.6333000063896179
YOR122C,YGR271W,0,-3.7247982,0.10889139026403427,0.7739999890327454,0.633400022983551
YNL271C,YAL005C,0,-3.7248163,0.108876071870327,0.7739999890327454,0.6334999799728394
YKL074C,YIL077C,0,-3.7249336,0.10886076092720032,0.7739999890327454,0.6335999965667725
YGR194C,YOL027C,0,-3.7252665,0.10884544998407364,0.7739999890327454,0.6337000131607056
YLR092W,YDR263C,0,-3.725307,0.10883014649152756,0.7739999890327454,0.6338000297546387
YOR061W,YHL016C,0,-3.7253575,0.10881484299898148,0.7739999890327454,0.633899986743927
YGL013C,YPL274W,0,-3.725368,0.10879954695701599,0.7739999890327454,0.6340000033378601
YJL190C,YKL032C,0,-3.7256732,0.1087842583656311,0.7739999890327454,0.6341000199317932
YJR158W,YBR155W,0,-3.7257333,0.10876896977424622,0.7739999890327454,0.6341999769210815
YFR015C,YGL142C,0,-3.7258668,0.10875368863344193,0.7739999890327454,0.6342999935150146
YOR079C,YKL205W,0,-3.726008,0.10873840749263763,0.7739999890327454,0.6344000101089478
YDR004W,YKL129C,0,-3.7260132,0.10872313380241394,0.7739999890327454,0.6345000267028809
YBR289W,YNL186W,1,-3.7260413,0.10884831100702286,0.7749999761581421,0.6345000267028809
YDR109C,YMR050C,0,-3.7261877,0.10883302986621857,0.7749999761581421,0.6345999836921692
YGR194C,YMR040W,0,-3.7262397,0.10881774872541428,0.7749999761581421,0.6347000002861023
YOR122C,YDL204W,0,-3.726337,0.10880246758460999,0.7749999761581421,0.6348000168800354
YFL022C,YIL148W,0,-3.7265496,0.10878720134496689,0.7749999761581421,0.6348999738693237
YNL126W,YPL006W,0,-3.7267213,0.1087719276547432,0.7749999761581421,0.6349999904632568
YPR060C,YKL032C,0,-3.726777,0.1087566688656807,0.7749999761581421,0.6351000070571899
YMR208W,YML115C,0,-3.7270498,0.1087414026260376,0.7749999761581421,0.635200023651123
YER169W,YNL186W,1,-3.7270722,0.10886644572019577,0.7760000228881836,0.635200023651123
YPL259C,YDR205W,0,-3.727128,0.10885117202997208,0.7760000228881836,0.6352999806404114
YNL271C,YHR074W,0,-3.727181,0.10883590579032898,0.7760000228881836,0.6353999972343445
YGR042W,YDR487C,0,-3.7272897,0.10882063955068588,0.7760000228881836,0.6355000138282776
YCR097W,YCL057W,0,-3.727458,0.10880538076162338,0.7760000228881836,0.6355999708175659
YOL113W,YDR487C,0,-3.7277102,0.10879012942314148,0.7760000228881836,0.635699987411499
YDL153C,YNL261W,1,-3.7277312,0.1089150533080101,0.7770000100135803,0.635699987411499
YGR121C,YDR515W,0,-3.7278132,0.108899787068367,0.7770000100135803,0.6358000040054321
YNL238W,YLR121C,0,-3.7278895,0.1088845282793045,0.7770000100135803,0.6359000205993652
YNR047W,YPL082C,0,-3.7280402,0.108869269490242,0.7770000100135803,0.6359999775886536
YLR452C,YJL096W,0,-3.7283425,0.1088540181517601,0.7770000100135803,0.6360999941825867
YMR192W,YOL121C,0,-3.7284937,0.1088387742638588,0.7770000100135803,0.6362000107765198
YBR019C,YIL110W,0,-3.728517,0.10882353037595749,0.7770000100135803,0.6363000273704529
YHR148W,YIL038C,0,-3.728745,0.10880828648805618,0.7770000100135803,0.6363999843597412
YOR144C,YGR081C,0,-3.7287793,0.10879305750131607,0.7770000100135803,0.6365000009536743
YPL174C,YGL097W,0,-3.7289333,0.10877782106399536,0.7770000100135803,0.6366000175476074
YKL160W,YJL115W,1,-3.7291837,0.10890257358551025,0.777999997138977,0.6366000175476074
YBR176W,YBL016W,0,-3.7291932,0.10888733714818954,0.777999997138977,0.6366999745368958
YHR132C,YNL334C,0,-3.7292376,0.10887209326028824,0.777999997138977,0.6367999911308289
YLR411W,YEL071W,0,-3.729331,0.10885686427354813,0.777999997138977,0.636900007724762
YCL030C,YFL022C,0,-3.7295299,0.10884163528680801,0.777999997138977,0.6370000243186951
YDR033W,YLR452C,0,-3.7298846,0.1088264063000679,0.777999997138977,0.6370999813079834
YOR315W,YEL037C,0,-3.7305274,0.10881119221448898,0.777999997138977,0.6371999979019165
YER148W,YOL019W,0,-3.730534,0.10879597067832947,0.777999997138977,0.6373000144958496
YGL232W,YKL025C,0,-3.730537,0.10878076404333115,0.777999997138977,0.6373999714851379
YGR255C,YNR057C,0,-3.7305927,0.10876554995775223,0.777999997138977,0.637499988079071
YGR047C,YKL082C,0,-3.7308354,0.1087503507733345,0.777999997138977,0.6376000046730042
YDL222C,YOR076C,0,-3.7308831,0.10873515158891678,0.777999997138977,0.6377000212669373
YMR165C,YPR067W,0,-3.731072,0.10871995240449905,0.777999997138977,0.6377999782562256
YBR286W,YIR009W,0,-3.7311473,0.10870476812124252,0.777999997138977,0.6378999948501587
YDR225W,YLR321C,1,-3.7311664,0.10882928222417831,0.7789999842643738,0.6378999948501587
YNL163C,YKL008C,0,-3.7312675,0.10881408303976059,0.7789999842643738,0.6380000114440918
YKL008C,YHR077C,0,-3.731533,0.10879888385534286,0.7789999842643738,0.6381000280380249
YHR008C,YOR147W,0,-3.731628,0.10878369212150574,0.7789999842643738,0.6381999850273132
YDR411C,YGL067W,0,-3.731721,0.10876850038766861,0.7789999842643738,0.6383000016212463
YNL207W,YOR377W,0,-3.7318945,0.10875331610441208,0.7789999842643738,0.6384000182151794
YGR034W,YJR001W,0,-3.7322407,0.10873813182115555,0.7789999842643738,0.6384999752044678
YIL109C,YGL167C,0,-3.732288,0.10872296243906021,0.7789999842643738,0.6385999917984009
YJR134C,YLR047C,0,-3.732871,0.10870778560638428,0.7789999842643738,0.638700008392334
YNL173C,YJR044C,0,-3.7329297,0.10869261622428894,0.7789999842643738,0.6388000249862671
YKL024C,YCR092C,0,-3.7330232,0.1086774542927742,0.7789999842643738,0.6388999819755554
YHR211W,YPL243W,0,-3.733335,0.10866229236125946,0.7789999842643738,0.6389999985694885
YOL004W,YBR095C,1,-3.7338405,0.10878661274909973,0.7799999713897705,0.6389999985694885
YMR172W,YNL094W,0,-3.7340078,0.1087714433670044,0.7799999713897705,0.6391000151634216
YDR188W,YGL167C,0,-3.734696,0.10875627398490906,0.7799999713897705,0.63919997215271
YBL041W,YCR038C,0,-3.734829,0.10874111205339432,0.7799999713897705,0.6392999887466431
YKL089W,YLR144C,0,-3.734923,0.10872595757246017,0.7799999713897705,0.6394000053405762
YNL173C,YGL135W,0,-3.7352724,0.10871080309152603,0.7799999713897705,0.6395000219345093
YOL109W,YKL008C,0,-3.7353587,0.10869564861059189,0.7799999713897705,0.6395999789237976
YJL219W,YMR277W,0,-3.7355375,0.10868050903081894,0.7799999713897705,0.6396999955177307
YHR068W,YKL025C,0,-3.7356772,0.10866536945104599,0.7799999713897705,0.6398000121116638
YDR393W,YOL005C,0,-3.7356782,0.10865022987127304,0.7799999713897705,0.6399000287055969
YPL248C,YPR190C,0,-3.735992,0.10863509774208069,0.7799999713897705,0.6399999856948853
YNL131W,YDR056C,0,-3.7362833,0.10861997306346893,0.7799999713897705,0.6401000022888184
YOR281C,YHR176W,0,-3.7362866,0.10860484838485718,0.7799999713897705,0.6402000188827515
YOR133W,YPR070W,0,-3.7364202,0.10858972370624542,0.7799999713897705,0.6402999758720398
YHR068W,YJL094C,0,-3.7364717,0.10857461392879486,0.7799999713897705,0.6403999924659729
YDR146C,YEL047C,0,-3.73672,0.1085594967007637,0.7799999713897705,0.640500009059906
YOR243C,YOL052C,0,-3.7368531,0.10854439437389374,0.7799999713897705,0.6406000256538391
YKL178C,YLR086W,0,-3.737196,0.10852929204702377,0.7799999713897705,0.6406999826431274
YHR132C,YNL272C,0,-3.7372208,0.10851418972015381,0.7799999713897705,0.6407999992370605
YDR188W,YGR081C,0,-3.7372513,0.10849909484386444,0.7799999713897705,0.6409000158309937
YKR036C,YOL143C,0,-3.7373176,0.10848400741815567,0.7799999713897705,0.640999972820282
YOR079C,YMR088C,0,-3.7374558,0.1084689199924469,0.7799999713897705,0.6410999894142151
YGL232W,YDR236C,0,-3.7374878,0.10845384001731873,0.7799999713897705,0.6412000060081482
YPR193C,YNL186W,1,-3.737801,0.10857778042554855,0.781000018119812,0.6412000060081482
YIR009W,YDR322C-A,0,-3.7378545,0.10856269299983978,0.781000018119812,0.6413000226020813
YJR109C,YMR173W,0,-3.738006,0.10854760557413101,0.781000018119812,0.6413999795913696
YDR079W,YDL136W,0,-3.738194,0.10853251814842224,0.781000018119812,0.6414999961853027
YDR322C-A,YGR158C,0,-3.7383704,0.10851743817329407,0.781000018119812,0.6416000127792358
YKL034W,YFL031W,0,-3.7384267,0.1085023581981659,0.781000018119812,0.641700029373169
YHR176W,YJR045C,0,-3.738841,0.10848729312419891,0.781000018119812,0.6417999863624573
YGL247W,YDL191W,0,-3.7389293,0.10847222059965134,0.781000018119812,0.6419000029563904
YOR076C,YOR256C,0,-3.7390084,0.10845715552568436,0.781000018119812,0.6420000195503235
YPL243W,YGL127C,0,-3.739327,0.10844209790229797,0.781000018119812,0.6420999765396118
YLR193C,YCR036W,0,-3.739359,0.10842704772949219,0.781000018119812,0.6421999931335449
YDR519W,YLR301W,0,-3.7394981,0.1084119901061058,0.781000018119812,0.642300009727478
YBR070C,YNL223W,0,-3.7397037,0.10839694738388062,0.781000018119812,0.6424000263214111
YBR182C,YAL044C,0,-3.7398138,0.10838190466165543,0.781000018119812,0.6424999833106995
YBL091C,YNL069C,0,-3.7398262,0.10836686193943024,0.781000018119812,0.6425999999046326
YBR289W,YDR224C,1,-3.739831,0.10849056392908096,0.7820000052452087,0.6425999999046326
YNL192W,YDR512C,0,-3.7401385,0.10847551375627518,0.7820000052452087,0.6427000164985657
YLR350W,YPR176C,0,-3.7403412,0.10846047103404999,0.7820000052452087,0.642799973487854
YNL062C,YOR260W,0,-3.7406735,0.1084454283118248,0.7820000052452087,0.6428999900817871
YOR393W,YDR027C,0,-3.740726,0.1084303930401802,0.7820000052452087,0.6430000066757202
YHR060W,YGR286C,0,-3.740848,0.10841535776853561,0.7820000052452087,0.6431000232696533
YIL051C,YER052C,0,-3.740972,0.10840032994747162,0.7820000052452087,0.6431999802589417
YBR060C,YOL090W,1,-3.7410073,0.1085239052772522,0.7829999923706055,0.6431999802589417
YJR093C,YDR263C,0,-3.7411375,0.1085088700056076,0.7829999923706055,0.6432999968528748
YOL164W,YER044C,0,-3.7411404,0.10849383473396301,0.7829999923706055,0.6434000134468079
YHR021C,YBR294W,0,-3.741177,0.10847879946231842,0.7829999923706055,0.6434999704360962
YGR013W,YPL241C,0,-3.7412992,0.10846377909183502,0.7829999923706055,0.6435999870300293
YML103C,YMR058W,0,-3.7416859,0.10844875127077103,0.7829999923706055,0.6437000036239624
YJL047C,YOR087W,0,-3.7417202,0.10843373835086823,0.7829999923706055,0.6438000202178955
YOR304W,YMR075W,1,-3.7418332,0.10855718702077866,0.7839999794960022,0.6438000202178955
YFR004W,YJL069C,0,-3.742179,0.10854215919971466,0.7839999794960022,0.6438999772071838
YER148W,YIL038C,0,-3.7422009,0.10852713137865067,0.7839999794960022,0.6439999938011169
YDL093W,YER045C,0,-3.742293,0.10851211100816727,0.7839999794960022,0.64410001039505
YGL013C,YBR045C,0,-3.742404,0.10849709063768387,0.7839999794960022,0.6442000269889832
YJL047C,YOL135C,0,-3.7425013,0.10848207771778107,0.7839999794960022,0.6442999839782715
YFR044C,YOR256C,0,-3.7425275,0.10846707224845886,0.7839999794960022,0.6444000005722046
YPR120C,YGR046W,0,-3.74256,0.10845206677913666,0.7839999794960022,0.6445000171661377
YBR287W,YNL094W,0,-3.743092,0.10843706876039505,0.7839999794960022,0.644599974155426
YHR066W,YGL167C,0,-3.7435794,0.10842207074165344,0.7839999794960022,0.6446999907493591
YLR050C,YDR003W,0,-3.7436633,0.10840708017349243,0.7839999794960022,0.6448000073432922
YKL089W,YIL119C,0,-3.7436738,0.10839208960533142,0.7839999794960022,0.6449000239372253
YBR165W,YDR377W,0,-3.7437038,0.10837710648775101,0.7839999794960022,0.6449999809265137
YPR165W,YNL278W,0,-3.7437282,0.10836213082075119,0.7839999794960022,0.6450999975204468
YDL247W,YJR153W,0,-3.7438707,0.10834715515375137,0.7839999794960022,0.6452000141143799
YOR061W,YHR015W,0,-3.7439137,0.10833217948675156,0.7839999794960022,0.6452999711036682
YMR015C,YOL005C,0,-3.7439322,0.10831721127033234,0.7839999794960022,0.6453999876976013
YKR076W,YLR004C,0,-3.744319,0.10830225050449371,0.7839999794960022,0.6455000042915344
YDL230W,YPL249C,0,-3.744607,0.10828728973865509,0.7839999794960022,0.6456000208854675
YJR134C,YOR125C,0,-3.7448359,0.10827233642339706,0.7839999794960022,0.6456999778747559
YHR025W,YKL145W,0,-3.745099,0.10825739055871964,0.7839999794960022,0.645799994468689
YJR013W,YIL062C,0,-3.745162,0.1082424446940422,0.7839999794960022,0.6459000110626221
YIL119C,YGL144C,0,-3.7451787,0.10822749882936478,0.7839999794960022,0.6460000276565552
YLL055W,YNL134C,0,-3.745244,0.10821256041526794,0.7839999794960022,0.6460999846458435
YJL047C,YMR043W,0,-3.7456555,0.10819762945175171,0.7839999794960022,0.6462000012397766
YML120C,YKL086W,0,-3.7458572,0.10818269848823547,0.7839999794960022,0.6463000178337097
YJL124C,YBR176W,0,-3.7459583,0.10816776752471924,0.7839999794960022,0.646399974822998
YKL074C,YDR188W,0,-3.7465315,0.1081528514623642,0.7839999794960022,0.6464999914169312
YBL041W,YOR219C,0,-3.7466865,0.10813792794942856,0.7839999794960022,0.6466000080108643
YHR179W,YMR100W,0,-3.7466965,0.10812301933765411,0.7839999794960022,0.6467000246047974
YBR271W,YMR223W,0,-3.7468338,0.10810811072587967,0.7839999794960022,0.6467999815940857
YNL192W,YMR230W,0,-3.746914,0.10809320211410522,0.7839999794960022,0.6468999981880188
YOL030W,YOR377W,0,-3.7470894,0.10807830095291138,0.7839999794960022,0.6470000147819519
YMR145C,YDR490C,0,-3.7473927,0.10806340724229813,0.7839999794960022,0.6470999717712402
YAL055W,YOR260W,0,-3.7476554,0.10804851353168488,0.7839999794960022,0.6471999883651733
YBR166C,YIL122W,0,-3.7477603,0.10803361982107162,0.7839999794960022,0.6473000049591064
YLL015W,YPL174C,0,-3.7482266,0.10801874101161957,0.7839999794960022,0.6474000215530396
YFL013C,YMR127C,1,-3.748437,0.10814161598682404,0.7850000262260437,0.6474000215530396
YNL173C,YHL035C,0,-3.7485967,0.10812672227621078,0.7850000262260437,0.6474999785423279
YPR138C,YBR156C,0,-3.7487187,0.10811182856559753,0.7850000262260437,0.647599995136261
YKL096W-A,YPL242C,0,-3.748756,0.10809694230556488,0.7850000262260437,0.6477000117301941
YBR289W,YNL246W,1,-3.748848,0.10821974277496338,0.7860000133514404,0.6477000117301941
YPR052C,YLR015W,1,-3.7489324,0.10834251344203949,0.7870000004768372,0.6477000117301941
YDL198C,YKL190W,0,-3.7489328,0.10832759737968445,0.7870000004768372,0.6478000283241272
YMR304W,YBL047C,0,-3.7489347,0.10831268876791,0.7870000004768372,0.6478999853134155
YAR033W,YIL038C,0,-3.7491264,0.10829778760671616,0.7870000004768372,0.6480000019073486
YGR034W,YML114C,0,-3.74929,0.10828288644552231,0.7870000004768372,0.6481000185012817
YDL217C,YCL016C,0,-3.7494907,0.10826798528432846,0.7870000004768372,0.6481999754905701
YJL080C,YLR442C,1,-3.7495027,0.10839064419269562,0.7879999876022339,0.6481999754905701
YGR267C,YAL041W,0,-3.749528,0.10837573558092117,0.7879999876022339,0.6482999920845032
YGL084C,YER052C,0,-3.749825,0.10836083441972733,0.7879999876022339,0.6484000086784363
YER086W,YKR083C,0,-3.7498388,0.10834594070911407,0.7879999876022339,0.6485000252723694
YIL046W,YBL074C,0,-3.7501788,0.10833103954792023,0.7879999876022339,0.6485999822616577
YBR121C,YBL028C,0,-3.7503166,0.10831615328788757,0.7879999876022339,0.6486999988555908
YBL091C,YGL158W,0,-3.750677,0.10830126702785492,0.7879999876022339,0.6488000154495239
YPR104C,YDR487C,0,-3.7507052,0.10828638076782227,0.7879999876022339,0.6488999724388123
YGL014W,YDR303C,1,-3.7508197,0.10840890556573868,0.7889999747276306,0.6488999724388123
YOR358W,YML114C,0,-3.7508888,0.10839401185512543,0.7889999747276306,0.6489999890327454
YJR112W,YER052C,0,-3.7510624,0.10837911814451218,0.7889999747276306,0.6491000056266785
YEL002C,YNL312W,0,-3.7513366,0.10836423933506012,0.7889999747276306,0.6492000222206116
YER133W,YBR095C,1,-3.7520552,0.10848668217658997,0.7900000214576721,0.6492000222206116
YER073W,YDL077C,0,-3.7521663,0.10847178101539612,0.7900000214576721,0.6492999792098999
YLR418C,YDR310C,1,-3.7521815,0.10859417915344238,0.7910000085830688,0.6492999792098999
YER155C,YDL100C,0,-3.7521906,0.10857927054166794,0.7910000085830688,0.649399995803833
YIL070C,YJR074W,0,-3.7522645,0.10856436938047409,0.7910000085830688,0.6495000123977661
YDR239C,YOR143C,0,-3.7525654,0.10854946821928024,0.7910000085830688,0.6496000289916992
YCR008W,YHL031C,0,-3.7526684,0.10853457450866699,0.7910000085830688,0.6496999859809875
YOR026W,YOR219C,0,-3.7526917,0.10851968824863434,0.7910000085830688,0.6498000025749207
YBR182C,YEL042W,0,-3.7527375,0.10850480198860168,0.7910000085830688,0.6499000191688538
YDR312W,YOL052C,0,-3.7527866,0.10848991572856903,0.7910000085830688,0.6499999761581421
YKL129C,YHR015W,0,-3.7530599,0.10847504436969757,0.7910000085830688,0.6500999927520752
YKL126W,YGL167C,0,-3.753358,0.10846016556024551,0.7910000085830688,0.6502000093460083
YOR079C,YER118C,0,-3.7535472,0.10844529420137405,0.7910000085830688,0.6503000259399414
YOR243C,YKL134C,0,-3.753646,0.10843043029308319,0.7910000085830688,0.6503999829292297
YGR007W,YOL091W,0,-3.753747,0.10841557383537292,0.7910000085830688,0.6504999995231628
YJL127C,YOR064C,1,-3.7538643,0.10853775590658188,0.7919999957084656,0.6504999995231628
YGL203C,YKL201C,0,-3.7544107,0.10852288454771042,0.7919999957084656,0.650600016117096
YGR038W,YLR457C,0,-3.7544155,0.10850801318883896,0.7919999957084656,0.6506999731063843
YKL180W,YIL142W,0,-3.7544942,0.1084931492805481,0.7919999957084656,0.6507999897003174
YKL129C,YDR322C-A,0,-3.7548103,0.10847829282283783,0.7919999957084656,0.6509000062942505
YHR119W,YGL066W,1,-3.754815,0.10860038548707962,0.7929999828338623,0.6509000062942505
YJL140W,YML078W,0,-3.7548547,0.10858551412820816,0.7929999828338623,0.6510000228881836
YDL101C,YOL040C,0,-3.7548594,0.1085706427693367,0.7929999828338623,0.6510999798774719
YLR376C,YIL097W,0,-3.754921,0.10855578631162643,0.7929999828338623,0.651199996471405
YPR111W,YNR058W,0,-3.7552533,0.10854092240333557,0.7929999828338623,0.6513000130653381
YGL048C,YBL058W,0,-3.7553196,0.1085260733962059,0.7929999828338623,0.6514000296592712
YKL026C,YNL036W,0,-3.7554255,0.10851121693849564,0.7929999828338623,0.6514999866485596
YNR057C,YMR100W,0,-3.7556071,0.10849637538194656,0.7929999828338623,0.6516000032424927
YDL215C,YNL094W,0,-3.7562695,0.10848153382539749,0.7929999828338623,0.6517000198364258
YOL034W,YER044C,0,-3.7564244,0.10846669226884842,0.7929999828338623,0.6517999768257141
YGR267C,YKL087C,0,-3.7564616,0.10845185816287994,0.7929999828338623,0.6518999934196472
YDR310C,YPR193C,1,-3.7567916,0.10857377201318741,0.7940000295639038,0.6518999934196472
YCR052W,YDL236W,1,-3.7568083,0.10869564861059189,0.7950000166893005,0.6518999934196472
YLR015W,YMR022W,1,-3.7568674,0.10881749540567398,0.7960000038146973,0.6518999934196472
YLR363C,YGR106C,0,-3.7570143,0.10880262404680252,0.7960000038146973,0.6520000100135803
YKL008C,YIL097W,0,-3.7572212,0.10878775268793106,0.7960000038146973,0.6521000266075134
YER133W,YPR052C,1,-3.7574644,0.10890953987836838,0.796999990940094,0.6521000266075134
YLR047C,YOR171C,0,-3.7576385,0.10889466106891632,0.796999990940094,0.6521999835968018
YNL083W,YNL081C,0,-3.7576475,0.10887978225946426,0.796999990940094,0.6523000001907349
YHR060W,YCR036W,0,-3.7577891,0.1088649109005928,0.796999990940094,0.652400016784668
YAL020C,YOR061W,0,-3.7578607,0.10885003954172134,0.796999990940094,0.6524999737739563
YLR275W,YPL031C,0,-3.7578645,0.10883517563343048,0.796999990940094,0.6525999903678894
YJL124C,YGR072W,0,-3.7581863,0.10882031917572021,0.796999990940094,0.6527000069618225
YNL317W,YDR341C,0,-3.7582054,0.10880546271800995,0.796999990940094,0.6528000235557556
YLR103C,YPL026C,0,-3.7588172,0.10879060626029968,0.796999990940094,0.652899980545044
YDR472W,YPL006W,0,-3.7589626,0.10877575725317001,0.796999990940094,0.652999997138977
YNL207W,YNL134C,0,-3.7589817,0.10876091569662094,0.796999990940094,0.6531000137329102
YBR213W,YPL248C,0,-3.7593699,0.10874607414007187,0.796999990940094,0.6531999707221985
YMR217W,YGR119C,0,-3.7594342,0.1087312400341034,0.796999990940094,0.6532999873161316
YKL197C,YDR178W,0,-3.759513,0.10871641337871552,0.796999990940094,0.6534000039100647
YLR121C,YDL077C,0,-3.759542,0.10870157927274704,0.796999990940094,0.6535000205039978
YNL272C,YGR286C,0,-3.7595859,0.10868676006793976,0.796999990940094,0.6535999774932861
YLR192C,YDR486C,0,-3.7597647,0.10867194086313248,0.796999990940094,0.6536999940872192
YMR101C,YBR189W,0,-3.7597804,0.1086571216583252,0.796999990940094,0.6538000106811523
YDR316W,YIL101C,0,-3.759828,0.10864230990409851,0.796999990940094,0.6539000272750854
YJR044C,YPL065W,0,-3.7599716,0.10862750560045242,0.796999990940094,0.6539999842643738
YLR376C,YNR058W,0,-3.7599998,0.10861270129680634,0.796999990940094,0.6541000008583069
YDL153C,YPR052C,1,-3.7601767,0.10873416066169739,0.7979999780654907,0.6541000008583069
YML129C,YJR033C,0,-3.7603607,0.1087193489074707,0.7979999780654907,0.65420001745224
YGL232W,YHR026W,0,-3.7604308,0.10870453715324402,0.7979999780654907,0.6542999744415283
YER167W,YOR355W,0,-3.7606,0.10868973284959793,0.7979999780654907,0.6543999910354614
YBR019C,YGL249W,0,-3.7606826,0.10867492854595184,0.7979999780654907,0.6545000076293945
YMR250W,YDR486C,0,-3.7609057,0.10866013169288635,0.7979999780654907,0.6546000242233276
YCR010C,YMR173W,0,-3.7616467,0.10864533483982086,0.7979999780654907,0.654699981212616
YDL230W,YDR325W,0,-3.761876,0.10863054543733597,0.7979999780654907,0.6547999978065491
YLR044C,YOR358W,0,-3.76198,0.10861576348543167,0.7979999780654907,0.6549000144004822
YPL124W,YNL137C,0,-3.762175,0.10860098153352737,0.7979999780654907,0.6549999713897705
YJL146W,YLR431C,0,-3.7621846,0.10858619958162308,0.7979999780654907,0.6550999879837036
YPL202C,YGR158C,0,-3.7623067,0.10857142508029938,0.7979999780654907,0.6552000045776367
YDR412W,YOL091W,0,-3.7624106,0.10855665802955627,0.7979999780654907,0.6553000211715698
YDR239C,YGR057C,0,-3.762711,0.10854189097881317,0.7979999780654907,0.6553999781608582
YPR049C,YHR021C,0,-3.7627873,0.10852713137865067,0.7979999780654907,0.6554999947547913
YDL078C,YNL223W,0,-3.7629323,0.10851237177848816,0.7979999780654907,0.6556000113487244
YLR288C,YKR019C,1,-3.7631226,0.10863358527421951,0.7990000247955322,0.6556000113487244
YDR272W,YML078W,0,-3.763218,0.10861881822347641,0.7990000247955322,0.6557000279426575
YDR488C,YLR191W,0,-3.7632213,0.1086040511727333,0.7990000247955322,0.6557999849319458
YJR125C,YKL114C,0,-3.7634358,0.1085892915725708,0.7990000247955322,0.6559000015258789
YBL041W,YNL077W,0,-3.7638903,0.1085745319724083,0.7990000247955322,0.656000018119812
YJL148W,YNL263C,0,-3.7644649,0.10855977982282639,0.7990000247955322,0.6560999751091003
YGL038C,YPL026C,0,-3.7644777,0.10854503512382507,0.7990000247955322,0.6561999917030334
YMR303C,YBR155W,0,-3.7647176,0.10853029042482376,0.7990000247955322,0.6563000082969666
YOR231W,YDL049C,0,-3.7648897,0.10851555317640305,0.7990000247955322,0.6564000248908997
YER176W,YMR192W,0,-3.7649226,0.10850081592798233,0.7990000247955322,0.656499981880188
YJR013W,YGL129C,0,-3.7649245,0.10848608613014221,0.7990000247955322,0.6565999984741211
YGR119C,YDR341C,0,-3.765368,0.1084713563323021,0.7990000247955322,0.6567000150680542
YOR221C,YBR002C,0,-3.7657223,0.10845663398504257,0.7990000247955322,0.6567999720573425
YGL158W,YGL008C,0,-3.7657413,0.10844191163778305,0.7990000247955322,0.6568999886512756
YNL081C,YDR411C,0,-3.7663178,0.10842719674110413,0.7990000247955322,0.6570000052452087
YDL230W,YGL142C,0,-3.766355,0.1084124818444252,0.7990000247955322,0.6571000218391418
YNL271C,YLR013W,0,-3.7665486,0.10839777439832687,0.7990000247955322,0.6571999788284302
YBR088C,YBR095C,1,-3.766695,0.10851871967315674,0.800000011920929,0.6571999788284302
YJL080C,YDL076C,1,-3.7668896,0.10863962769508362,0.8009999990463257,0.6571999788284302
YML123C,YMR314W,0,-3.7670984,0.1086248978972435,0.8009999990463257,0.6572999954223633
YNL263C,YGL203C,0,-3.7672925,0.10861016809940338,0.8009999990463257,0.6574000120162964
YLR307W,YGL131C,0,-3.7673073,0.10859544575214386,0.8009999990463257,0.6575000286102295
YPR165W,YLR361C,0,-3.7674193,0.10858072340488434,0.8009999990463257,0.6575999855995178
YMR015C,YGL094C,0,-3.7674398,0.10856600850820541,0.8009999990463257,0.6577000021934509
YKL001C,YPL043W,0,-3.7676225,0.10855129361152649,0.8009999990463257,0.657800018787384
YKL178C,YLL010C,0,-3.7678852,0.10853658616542816,0.8009999990463257,0.6578999757766724
YDR469W,YIL084C,1,-3.7680392,0.1086573600769043,0.8019999861717224,0.6578999757766724
YGR252W,YMR022W,1,-3.7684827,0.10877811163663864,0.8029999732971191,0.6578999757766724
YAL008W,YGR042W,0,-3.7687254,0.10876337438821793,0.8029999732971191,0.6579999923706055
YKL026C,YMR040W,0,-3.7691717,0.10874864459037781,0.8029999732971191,0.6581000089645386
YBL099W,YDL217C,0,-3.7692404,0.10873392224311829,0.8029999732971191,0.6582000255584717
YNL271C,YDR033W,0,-3.7695022,0.10871919989585876,0.8029999732971191,0.65829998254776
YLR258W,YNR032C-A,0,-3.7695422,0.10870447754859924,0.8029999732971191,0.6583999991416931
YKL034W,YOR125C,0,-3.7696614,0.10868977010250092,0.8029999732971191,0.6585000157356262
YDL184C,YPR005C,0,-3.7698193,0.10867505520582199,0.8029999732971191,0.6585999727249146
YAR033W,YCR093W,0,-3.7698722,0.10866035521030426,0.8029999732971191,0.6586999893188477
YCR017C,YKL082C,0,-3.7701936,0.10864564776420593,0.8029999732971191,0.6588000059127808
YNL081C,YLR342W,0,-3.7703333,0.1086309552192688,0.8029999732971191,0.6589000225067139
YCR038C,YIL168W,0,-3.7704992,0.10861625522375107,0.8029999732971191,0.6589999794960022
YML069W,YMR022W,1,-3.7704997,0.10873681306838989,0.8040000200271606,0.6589999794960022
YGR057C,YKL086W,0,-3.7709064,0.10872211307287216,0.8040000200271606,0.6590999960899353
YMR217W,YGL249W,0,-3.7709322,0.10870741307735443,0.8040000200271606,0.6592000126838684
YGR047C,YNL075W,0,-3.7713594,0.1086927130818367,0.8040000200271606,0.6593000292778015
YPR060C,YGR270W,0,-3.771381,0.10867802053689957,0.8040000200271606,0.6593999862670898
YNL038W,YER167W,0,-3.7714639,0.10866333544254303,0.8040000200271606,0.659500002861023
YOR092W,YDR490C,0,-3.7716494,0.10864865034818649,0.8040000200271606,0.659600019454956
YFR015C,YNR057C,0,-3.771665,0.10863396525382996,0.8040000200271606,0.6596999764442444
YNR035C,YPL037C,0,-3.7718782,0.10861929506063461,0.8040000200271606,0.6597999930381775
YIL016W,YOR256C,0,-3.7723475,0.10860461741685867,0.8040000200271606,0.6599000096321106
YKL130C,YOR358W,0,-3.7724714,0.10858995467424393,0.8040000200271606,0.6600000262260437
YNL258C,YOR357C,0,-3.772791,0.10857528448104858,0.8040000200271606,0.660099983215332
YAL022C,YPL065W,0,-3.7730236,0.10856062918901443,0.8040000200271606,0.6601999998092651
YNL238W,YBR265W,0,-3.7732239,0.10854596644639969,0.8040000200271606,0.6603000164031982
YGR255C,YJL082W,0,-3.7736049,0.10853131860494614,0.8040000200271606,0.6603999733924866
YDR497C,YPL242C,0,-3.773779,0.10851667076349258,0.8040000200271606,0.6604999899864197
YGL014W,YOR064C,1,-3.7739959,0.10863697528839111,0.8050000071525574,0.6604999899864197
YHR081W,YOL127W,0,-3.7740946,0.10862231999635696,0.8050000071525574,0.6606000065803528
YBR129C,YDL077C,0,-3.7741566,0.10860766470432281,0.8050000071525574,0.6607000231742859
YHR132C,YJR004C,0,-3.7741737,0.10859300941228867,0.8050000071525574,0.6607999801635742
YKL142W,YCR008W,0,-3.774239,0.10857836157083511,0.8050000071525574,0.6608999967575073
YER089C,YLR166C,0,-3.7742438,0.10856372117996216,0.8050000071525574,0.6610000133514404
YDL217C,YPL121C,0,-3.7742672,0.1085490807890892,0.8050000071525574,0.6610999703407288
YEL003W,YKL051W,0,-3.7742877,0.10853444784879684,0.8050000071525574,0.6611999869346619
YHR010W,YNL115C,0,-3.774634,0.10851981490850449,0.8050000071525574,0.661300003528595
YDL039C,YBL092W,0,-3.774757,0.10850518941879272,0.8050000071525574,0.6614000201225281
YKR083C,YGR106C,0,-3.774857,0.10849056392908096,0.8050000071525574,0.6614999771118164
YNR057C,YPL048W,0,-3.7748785,0.1084759458899498,0.8050000071525574,0.6615999937057495
YGR260W,YPL121C,0,-3.7749481,0.10846132785081863,0.8050000071525574,0.6617000102996826
YLR191W,YOR317W,0,-3.7750902,0.10844671726226807,0.8050000071525574,0.6618000268936157
YCR026C,YBR004C,0,-3.7751112,0.1084321141242981,0.8050000071525574,0.661899983882904
YDR071C,YPR193C,1,-3.7751641,0.10855218768119812,0.8059999942779541,0.661899983882904
YBR294W,YAR014C,0,-3.7752638,0.10853756964206696,0.8059999942779541,0.6620000004768372
YJL090C,YER073W,0,-3.7757998,0.10852295905351639,0.8059999942779541,0.6621000170707703
YKL180W,YPR082C,0,-3.7759147,0.10850834846496582,0.8059999942779541,0.6621999740600586
YER119C,YFR025C,0,-3.7760897,0.10849373787641525,0.8059999942779541,0.6622999906539917
YBR095C,YGL066W,1,-3.7761827,0.10861372947692871,0.8069999814033508,0.6622999906539917
YLR193C,YDR280W,0,-3.7762709,0.10859911143779755,0.8069999814033508,0.6624000072479248
YJL146W,YGR081C,0,-3.7763019,0.10858450084924698,0.8069999814033508,0.6625000238418579
YGL023C,YMR311C,0,-3.7763324,0.10856989026069641,0.8069999814033508,0.6625999808311462
YDL198C,YIL120W,0,-3.7767615,0.10855528712272644,0.8069999814033508,0.6626999974250793
YLL015W,YOR335C,0,-3.77707,0.10854068398475647,0.8069999814033508,0.6628000140190125
YJL110C,YKL114C,0,-3.7773814,0.1085260882973671,0.8069999814033508,0.6628999710083008
YOL143C,YDL220C,0,-3.7775798,0.10851150006055832,0.8069999814033508,0.6629999876022339
YGR034W,YLR109W,0,-3.77809,0.10849690437316895,0.8069999814033508,0.663100004196167
YLR047C,YBR070C,0,-3.77814,0.10848232358694077,0.8069999814033508,0.6632000207901001
YBR022W,YDL128W,0,-3.7781491,0.10846774280071259,0.8069999814033508,0.6632999777793884
YMR286W,YNR035C,0,-3.7781801,0.1084531620144844,0.8069999814033508,0.6633999943733215
YGR220C,YDL215C,0,-3.7784443,0.10843858867883682,0.8069999814033508,0.6635000109672546
YHR150W,YBL075C,0,-3.7786179,0.10842402279376984,0.8069999814033508,0.6636000275611877
YOL034W,YBR265W,0,-3.7786622,0.10840945690870285,0.8069999814033508,0.6636999845504761
YKL024C,YDR140W,0,-3.7787218,0.10839489847421646,0.8069999814033508,0.6638000011444092
YGR087C,YKL082C,0,-3.7788944,0.10838034003973007,0.8069999814033508,0.6639000177383423
YDL236W,YPL001W,1,-3.7789054,0.10850006341934204,0.8080000281333923,0.6639000177383423
YDR253C,YBR002C,0,-3.7789302,0.10848549753427505,0.8080000281333923,0.6639999747276306
YNL261W,YIL131C,1,-3.778974,0.10860518366098404,0.8090000152587891,0.6639999747276306
YOL082W,YNL090W,0,-3.7789907,0.10859060287475586,0.8090000152587891,0.6640999913215637
YNL261W,YJL065C,1,-3.7793775,0.10871023684740067,0.8100000023841858,0.6640999913215637
YHL031C,YPL069C,0,-3.7794423,0.10869564861059189,0.8100000023841858,0.6642000079154968
YDR325W,YGL125W,0,-3.7795196,0.10868106782436371,0.8100000023841858,0.6643000245094299
YPL259C,YDR192C,0,-3.7796001,0.10866648703813553,0.8100000023841858,0.6643999814987183
YBR055C,YDR384C,0,-3.779707,0.10865191370248795,0.8100000023841858,0.6644999980926514
YOL135C,YBR287W,0,-3.779769,0.10863734036684036,0.8100000023841858,0.6646000146865845
YIL155C,YNL094W,0,-3.77981,0.10862276703119278,0.8100000023841858,0.6646999716758728
YGL013C,YDR316W,0,-3.7798414,0.10860820859670639,0.8100000023841858,0.6647999882698059
YMR020W,YPL248C,0,-3.7800498,0.1085936427116394,0.8100000023841858,0.664900004863739
YGR211W,YOL143C,0,-3.7801433,0.10857909172773361,0.8100000023841858,0.6650000214576721
YLR193C,YBR287W,0,-3.7802615,0.10856453329324722,0.8100000023841858,0.6650999784469604
YGL231C,YNL312W,0,-3.7804966,0.10854998975992203,0.8100000023841858,0.6651999950408936
YGL066W,YLR442C,1,-3.780589,0.10866943746805191,0.8109999895095825,0.6651999950408936
YNL062C,YMR210W,0,-3.7806091,0.10865487903356552,0.8109999895095825,0.6653000116348267
YKR083C,YNR035C,0,-3.780612,0.10864032059907913,0.8109999895095825,0.6654000282287598
YNR060W,YKL124W,0,-3.7806945,0.10862576961517334,0.8109999895095825,0.6654999852180481
YOR125C,YIL075C,0,-3.7810788,0.10861122608184814,0.8109999895095825,0.6656000018119812
YBR019C,YDR518W,0,-3.7813063,0.10859668254852295,0.8109999895095825,0.6657000184059143
YDR081C,YOR150W,0,-3.7819624,0.10858213901519775,0.8109999895095825,0.6657999753952026
YJL059W,YDR449C,0,-3.782054,0.10856760293245316,0.8109999895095825,0.6658999919891357
YBR065C,YGL008C,0,-3.7824273,0.10855307430028915,0.8109999895095825,0.6660000085830688
YDL013W,YPR145W,0,-3.7826862,0.10853854566812515,0.8109999895095825,0.666100025177002
YJL219W,YFR044C,0,-3.7827325,0.10852401703596115,0.8109999895095825,0.6661999821662903
YHL016C,YFR025C,0,-3.7827744,0.10850950330495834,0.8109999895095825,0.6662999987602234
YMR195W,YLL010C,0,-3.7828488,0.10849498212337494,0.8109999895095825,0.6664000153541565
YMR311C,YIL075C,0,-3.7829432,0.10848046839237213,0.8109999895095825,0.6664999723434448
YFL031W,YDL247W,0,-3.783091,0.10846596211194992,0.8109999895095825,0.6665999889373779
YNL097C,YPL001W,1,-3.7833452,0.1085851863026619,0.8119999766349792,0.6665999889373779
YIL122W,YGL008C,0,-3.783382,0.10857066512107849,0.8119999766349792,0.666700005531311
YOR355W,YHR191C,0,-3.7834883,0.10855615139007568,0.8119999766349792,0.6668000221252441
YKL034W,YOR110W,0,-3.7836547,0.10854163765907288,0.8119999766349792,0.6668999791145325
YDR519W,YKL143W,0,-3.7836962,0.10852713137865067,0.8119999766349792,0.6669999957084656
YPR094W,YJR137C,0,-3.783698,0.10851262509822845,0.8119999766349792,0.6671000123023987
YOR171C,YEL036C,0,-3.7837334,0.10849812626838684,0.8119999766349792,0.6672000288963318
YKL084W,YLR144C,0,-3.7839103,0.10848363488912582,0.8119999766349792,0.6672999858856201
YNL070W,YDR140W,0,-3.7841034,0.10846914350986481,0.8119999766349792,0.6674000024795532
YMR226C,YJL035C,0,-3.7841516,0.10845465213060379,0.8119999766349792,0.6675000190734863
YDR272W,YGL238W,0,-3.7842393,0.10844016820192337,0.8119999766349792,0.6675999760627747
YJL080C,YDR469W,1,-3.7843294,0.10855922102928162,0.8130000233650208,0.6675999760627747
YOL064C,YNL151C,0,-3.7843528,0.1085447296500206,0.8130000233650208,0.6676999926567078
YDR279W,YJR109C,0,-3.784523,0.10853023827075958,0.8130000233650208,0.6678000092506409
YER028C,YDR192C,0,-3.7845297,0.10851574689149857,0.8130000233650208,0.667900025844574
YGL125W,YMR180C,0,-3.7849145,0.10850127041339874,0.8130000233650208,0.6679999828338623
YHR030C,YFR004W,0,-3.7849321,0.10848678648471832,0.8130000233650208,0.6680999994277954
YFL049W,YJL127C,1,-3.7850933,0.10860573500394821,0.8140000104904175,0.6680999994277954
YDR245W,YJL148W,0,-3.7857962,0.10859125107526779,0.8140000104904175,0.6682000160217285
YBL037W,YNL003C,0,-3.7858334,0.10857676714658737,0.8140000104904175,0.6682999730110168
YPL097W,YBL092W,0,-3.7860918,0.10856228321790695,0.8140000104904175,0.66839998960495
YDR272W,YKL205W,0,-3.7866135,0.10854780673980713,0.8140000104904175,0.6685000061988831
YPR145W,YEL042W,0,-3.7867637,0.1085333302617073,0.8140000104904175,0.6686000227928162
YMR022W,YJL176C,1,-3.7870717,0.10865218192338943,0.8149999976158142,0.6686000227928162
YBR248C,YNL038W,0,-3.7871995,0.10863769799470901,0.8149999976158142,0.6686999797821045
YPL124W,YBL075C,0,-3.7872252,0.1086232140660286,0.8149999976158142,0.6687999963760376
YJR013W,YHR026W,0,-3.787271,0.10860874503850937,0.8149999976158142,0.6689000129699707
YER149C,YDL024C,0,-3.7875671,0.10859426856040955,0.8149999976158142,0.6690000295639038
YCL008C,YLR102C,0,-3.7876277,0.10857979953289032,0.8149999976158142,0.6690999865531921
YGR260W,YKL008C,0,-3.787672,0.10856533795595169,0.8149999976158142,0.6692000031471252
YGL038C,YNL272C,0,-3.7878957,0.10855087637901306,0.8149999976158142,0.6693000197410583
YJR001W,YMR043W,0,-3.7879882,0.10853642225265503,0.8149999976158142,0.6693999767303467
YNL131W,YDR488C,0,-3.788104,0.108521968126297,0.8149999976158142,0.6694999933242798
YKL217W,YJR092W,0,-3.7886643,0.10850752145051956,0.8149999976158142,0.6696000099182129
YJR026W,YLR158C,0,-3.7887459,0.10849307477474213,0.8149999976158142,0.669700026512146
YKL074C,YNL287W,0,-3.7888947,0.10847863554954529,0.8149999976158142,0.6697999835014343
YLR182W,YDL215C,0,-3.7889342,0.10846420377492905,0.8149999976158142,0.6699000000953674
YOR281C,YJL170C,0,-3.7890372,0.10844976454973221,0.8149999976158142,0.6700000166893005
YBL091C,YGR270W,0,-3.7891073,0.10843534022569656,0.8149999976158142,0.6700999736785889
YDR316W,YKL180W,0,-3.7891655,0.10842091590166092,0.8149999976158142,0.670199990272522
YNL097C,YNL088W,1,-3.7893739,0.10853950679302216,0.8159999847412109,0.670199990272522
YDL231C,YIL119C,0,-3.789681,0.10852506756782532,0.8159999847412109,0.6703000068664551
YGL120C,YER044C,0,-3.7897248,0.10851063579320908,0.8159999847412109,0.6704000234603882
YOR393W,YPR104C,0,-3.7898173,0.10849621146917343,0.8159999847412109,0.6704999804496765
YJL179W,YMR322C,0,-3.789822,0.10848178714513779,0.8159999847412109,0.6705999970436096
YKL174C,YKL206C,0,-3.7898617,0.10846737027168274,0.8159999847412109,0.6707000136375427
YBR265W,YOL144W,0,-3.79002,0.10845295339822769,0.8159999847412109,0.670799970626831
YGR255C,YIL077C,0,-3.7900214,0.10843853652477264,0.8159999847412109,0.6708999872207642
YHR053C,YCR038C,0,-3.7902937,0.1084241271018982,0.8159999847412109,0.6710000038146973
YDR405W,YNL238W,0,-3.7904963,0.10840972512960434,0.8159999847412109,0.6711000204086304
YGL013C,YGL203C,0,-3.7904978,0.10839532315731049,0.8159999847412109,0.6711999773979187
YBL075C,YPL002C,0,-3.790722,0.10838092863559723,0.8159999847412109,0.6712999939918518
YLR192C,YNL092W,0,-3.7908149,0.10836653411388397,0.8159999847412109,0.6714000105857849
YLR325C,YML067C,0,-3.7910905,0.10835214704275131,0.8159999847412109,0.671500027179718
YJL065C,YER169W,1,-3.7912488,0.10847052931785583,0.8169999718666077,0.671500027179718
YGR109C,YLR047C,0,-3.791294,0.10845612734556198,0.8169999718666077,0.6715999841690063
YDR140W,YOR092W,0,-3.7914815,0.10844173282384872,0.8169999718666077,0.6717000007629395
YMR304W,YGL167C,0,-3.791482,0.10842733830213547,0.8169999718666077,0.6718000173568726
YJL186W,YGL097W,0,-3.7917566,0.10841295123100281,0.8169999718666077,0.6718999743461609
YMR013C,YKL132C,0,-3.7918825,0.10839856415987015,0.8169999718666077,0.671999990940094
YER148W,YGR145W,0,-3.7922907,0.10838418453931808,0.8169999718666077,0.6721000075340271
YJL080C,YJL065C,1,-3.792355,0.10850245505571365,0.8180000185966492,0.6721000075340271
YDR253C,YEL032W,0,-3.7924461,0.1084880605340004,0.8180000185966492,0.6722000241279602
YMR180C,YDR411C,0,-3.7927814,0.10847368091344833,0.8180000185966492,0.6722999811172485
YNL188W,YNL312W,0,-3.7929182,0.10845929384231567,0.8180000185966492,0.6723999977111816
YGL158W,YPL075W,0,-3.79292,0.10844491422176361,0.8180000185966492,0.6725000143051147
YML069W,YFL013C,1,-3.7930374,0.10856309533119202,0.8190000057220459,0.6725000143051147
YIL148W,YML113W,0,-3.7930493,0.10854870826005936,0.8190000057220459,0.6725999712944031
YIL148W,YPL075W,0,-3.7932053,0.1085343211889267,0.8190000057220459,0.6726999878883362
YMR217W,YGR240C,0,-3.793415,0.10851994156837463,0.8190000057220459,0.6728000044822693
YDL101C,YDL222C,0,-3.7935038,0.10850556194782257,0.8190000057220459,0.6729000210762024
YKR030W,YEL011W,0,-3.7936516,0.1084911897778511,0.8190000057220459,0.6729999780654907
YKR030W,YLR121C,0,-3.7938719,0.10847681760787964,0.8190000057220459,0.6730999946594238
YDL122W,YER118C,0,-3.793902,0.10846245288848877,0.8190000057220459,0.6732000112533569
YJL148W,YGL027C,0,-3.7940216,0.1084480956196785,0.8190000057220459,0.67330002784729
YPL042C,YNR058W,0,-3.7940302,0.10843373835086823,0.8190000057220459,0.6733999848365784
YER072W,YIR009W,0,-3.794117,0.10841938108205795,0.8190000057220459,0.6735000014305115
YHR169W,YJL170C,0,-3.794251,0.10840503126382828,0.8190000057220459,0.6736000180244446
YKR094C,YKL217W,0,-3.7944927,0.1083906814455986,0.8190000057220459,0.6736999750137329
YOL019W,YOR260W,0,-3.7946877,0.10837633907794952,0.8190000057220459,0.673799991607666
YDL236W,YOR123C,1,-3.7948356,0.10849431157112122,0.8199999928474426,0.673799991607666
YML056C,YMR153W,0,-3.7948384,0.10847995430231094,0.8199999928474426,0.6739000082015991
YMR015C,YIL094C,0,-3.795251,0.10846561193466187,0.8199999928474426,0.6740000247955322
YJR042W,YPL037C,0,-3.7953815,0.10845126211643219,0.8199999928474426,0.6740999817848206
YOL040C,YLR301W,0,-3.7955656,0.10843691974878311,0.8199999928474426,0.6741999983787537
YLR132C,YKR089C,0,-3.7958422,0.10842258483171463,0.8199999928474426,0.6743000149726868
YKL054C,YDR236C,0,-3.7959995,0.10840824991464615,0.8199999928474426,0.6743999719619751
YOL064C,YKL134C,0,-3.7961426,0.10839392244815826,0.8199999928474426,0.6744999885559082
YLR307W,YCR047C,0,-3.796341,0.10837959498167038,0.8199999928474426,0.6746000051498413
YKL178C,YDR263C,0,-3.7963905,0.1083652675151825,0.8199999928474426,0.6747000217437744
YCR026C,YMR307W,0,-3.7964306,0.1083509549498558,0.8199999928474426,0.6747999787330627
YBR143C,YOR034C,0,-3.7965913,0.10833663493394852,0.8199999928474426,0.6748999953269958
YFL034C-B,YDL185W,0,-3.796764,0.10832232236862183,0.8199999928474426,0.675000011920929
YOR281C,YHR043C,0,-3.7971954,0.10830801725387573,0.8199999928474426,0.6751000285148621
YDL223C,YMR043W,0,-3.7973042,0.10829371213912964,0.8199999928474426,0.6751999855041504
YDR099W,YPR120C,0,-3.7976031,0.10827941447496414,0.8199999928474426,0.6753000020980835
YOR120W,YDR013W,0,-3.7976818,0.10826511681079865,0.8199999928474426,0.6754000186920166
YMR058W,YDL080C,0,-3.798101,0.10825082659721375,0.8199999928474426,0.6754999756813049
YHR053C,YBR164C,0,-3.7981253,0.10823653638362885,0.8199999928474426,0.675599992275238
YDR079W,YDL128W,0,-3.798143,0.10822225362062454,0.8199999928474426,0.6757000088691711
YOR044W,YPL274W,0,-3.7983422,0.10820797085762024,0.8199999928474426,0.6758000254631042
YLR044C,YPL157W,0,-3.7985353,0.10819369554519653,0.8199999928474426,0.6758999824523926
YBR017C,YDR322C-A,0,-3.7985692,0.10817942023277283,0.8199999928474426,0.6759999990463257
YHR005C,YOR261C,0,-3.7986813,0.10816515237092972,0.8199999928474426,0.6761000156402588
YOR034C,YJL053W,0,-3.798685,0.10815088450908661,0.8199999928474426,0.6761999726295471
YNL134C,YFR053C,0,-3.7990403,0.1081366240978241,0.8199999928474426,0.6762999892234802
YOR243C,YOR034C,0,-3.7990403,0.10812236368656158,0.8199999928474426,0.6764000058174133
YMR165C,YOR219C,0,-3.7990608,0.10810811072587967,0.8199999928474426,0.6765000224113464
YKL054C,YDR188W,0,-3.799139,0.10809385776519775,0.8199999928474426,0.6765999794006348
YBR265W,YNR039C,0,-3.7991996,0.10807961225509644,0.8199999928474426,0.6766999959945679
YLR004C,YDR358W,0,-3.7994351,0.10806536674499512,0.8199999928474426,0.676800012588501
YER022W,YHR176W,0,-3.7994552,0.1080511286854744,0.8199999928474426,0.6769000291824341
YNR039C,YDL142C,0,-3.799749,0.10803689062595367,0.8199999928474426,0.6769999861717224
YKL034W,YGL098W,0,-3.7999182,0.10802266001701355,0.8199999928474426,0.6771000027656555
YPL031C,YER007C-A,0,-3.8000717,0.10800842940807343,0.8199999928474426,0.6772000193595886
YKL026C,YDR450W,0,-3.8001533,0.1079942062497139,0.8199999928474426,0.677299976348877
YOR358W,YDR178W,0,-3.800171,0.10797998309135437,0.8199999928474426,0.6773999929428101
YOR133W,YNL137C,0,-3.800229,0.10796576738357544,0.8199999928474426,0.6775000095367432
YKR036C,YNL116W,0,-3.800528,0.10795155167579651,0.8199999928474426,0.6776000261306763
YDR099W,YIL063C,0,-3.8009577,0.10793734341859818,0.8199999928474426,0.6776999831199646
YEL002C,YJR033C,0,-3.8010807,0.10792313516139984,0.8199999928474426,0.6777999997138977
YGR211W,YKL134C,0,-3.8011122,0.1079089343547821,0.8199999928474426,0.6779000163078308
YLR226W,YPL270W,0,-3.801218,0.10789473354816437,0.8199999928474426,0.6779999732971191
YDR099W,YNL009W,0,-3.801279,0.10788054019212723,0.8199999928474426,0.6780999898910522
YOL030W,YPL265W,0,-3.8012805,0.10786635428667068,0.8199999928474426,0.6782000064849854
YDR460W,YBR035C,0,-3.8015661,0.10785216093063354,0.8199999928474426,0.6783000230789185
YHR060W,YOR357C,0,-3.801968,0.1078379824757576,0.8199999928474426,0.6783999800682068
YML109W,YDL076C,1,-3.8022504,0.10795529186725616,0.8209999799728394,0.6783999800682068
YPR111W,YDR146C,0,-3.8028002,0.10794109851121902,0.8209999799728394,0.6784999966621399
YDL181W,YGL004C,0,-3.8034601,0.10792691260576248,0.8209999799728394,0.678600013256073
YLR388W,YJR153W,0,-3.8035474,0.10791272670030594,0.8209999799728394,0.6786999702453613
YCR081W,YDR384C,0,-3.8037477,0.1078985407948494,0.8209999799728394,0.6787999868392944
YJR013W,YDR411C,0,-3.8039021,0.10788436233997345,0.8209999799728394,0.6789000034332275
YMR015C,YMR303C,0,-3.8040104,0.1078701913356781,0.8209999799728394,0.6790000200271606
YJL196C,YOL082W,0,-3.8041868,0.10785602033138275,0.8209999799728394,0.679099977016449
YNR038W,YOL127W,0,-3.8046117,0.1078418493270874,0.8209999799728394,0.6791999936103821
YOR030W,YGR085C,0,-3.804841,0.10782768577337265,0.8209999799728394,0.6793000102043152
YFR004W,YLR121C,0,-3.8059125,0.1078135222196579,0.8209999799728394,0.6794000267982483
YJR134C,YDL220C,0,-3.8064218,0.10779936611652374,0.8209999799728394,0.6794999837875366
YGR217W,YLR158C,0,-3.8067226,0.10778521746397018,0.8209999799728394,0.6796000003814697
YJL148W,YNR039C,0,-3.8068385,0.10777106881141663,0.8209999799728394,0.6797000169754028
YHR026W,YMR058W,0,-3.8069782,0.10775692015886307,0.8209999799728394,0.6797999739646912
YGL231C,YDL039C,0,-3.806991,0.1077427789568901,0.8209999799728394,0.6798999905586243
YKR067W,YNL272C,0,-3.8071508,0.10772864520549774,0.8209999799728394,0.6800000071525574
YDR003W,YGL158W,0,-3.8071885,0.10771451145410538,0.8209999799728394,0.6801000237464905
YKL178C,YJL047C,0,-3.8072019,0.10770037770271301,0.8209999799728394,0.6801999807357788
YMR226C,YGL231C,0,-3.807354,0.10768625140190125,0.8209999799728394,0.6802999973297119
YGL157W,YPL002C,0,-3.8073802,0.10767213255167007,0.8209999799728394,0.680400013923645
YML123C,YJL146W,0,-3.8076982,0.1076580137014389,0.8209999799728394,0.6804999709129333
YLR061W,YDR146C,0,-3.8078957,0.10764389485120773,0.8209999799728394,0.6805999875068665
YLR132C,YGR081C,0,-3.8079176,0.10762978345155716,0.8209999799728394,0.6807000041007996
YJL124C,YHR081W,0,-3.808095,0.10761567950248718,0.8209999799728394,0.6808000206947327
YNL070W,YHR143W,0,-3.808302,0.1076015755534172,0.8209999799728394,0.680899977684021
YMR302C,YOL019W,0,-3.808566,0.10758747160434723,0.8209999799728394,0.6809999942779541
YMR077C,YNL115C,0,-3.808598,0.10757337510585785,0.8209999799728394,0.6811000108718872
YGL037C,YBR215W,1,-3.8091445,0.10769028961658478,0.8220000267028809,0.6811000108718872
YLR079W,YKL205W,0,-3.8092108,0.1076761856675148,0.8220000267028809,0.6812000274658203
YBL018C,YKR089C,0,-3.8092813,0.10766208171844482,0.8220000267028809,0.6812999844551086
YKR020W,YKL004W,0,-3.8093958,0.10764798521995544,0.8220000267028809,0.6814000010490417
YNL039W,YOR084W,0,-3.8095212,0.10763388872146606,0.8220000267028809,0.6815000176429749
YAL020C,YMR013C,0,-3.8097296,0.10761979222297668,0.8220000267028809,0.6815999746322632
YHR142W,YKR001C,0,-3.809875,0.1076057106256485,0.8220000267028809,0.6816999912261963
YHR060W,YDR496C,0,-3.810021,0.10759162157773972,0.8220000267028809,0.6818000078201294
YIL051C,YGR158C,0,-3.810309,0.10757753998041153,0.8220000267028809,0.6819000244140625
YBR248C,YIL062C,0,-3.810471,0.10756346583366394,0.8220000267028809,0.6819999814033508
YKL081W,YGL094C,0,-3.8107138,0.10754939168691635,0.8220000267028809,0.6820999979972839
YAR033W,YGR046W,0,-3.8112483,0.10753532499074936,0.8220000267028809,0.682200014591217
YHL028W,YNL287W,0,-3.8116212,0.10752125829458237,0.8220000267028809,0.6822999715805054
YPR070W,YDL020C,0,-3.8117762,0.10750719159841537,0.8220000267028809,0.6823999881744385
YCR018C,YOL143C,0,-3.81186,0.10749313235282898,0.8220000267028809,0.6825000047683716
YNL131W,YGL097W,0,-3.811863,0.10747908055782318,0.8220000267028809,0.6826000213623047
YPR145W,YOL122C,0,-3.8118906,0.10746502876281738,0.8220000267028809,0.682699978351593
YLR431C,YDR421W,0,-3.8120084,0.10745097696781158,0.8220000267028809,0.6827999949455261
YKL024C,YKL001C,0,-3.812118,0.10743693262338638,0.8220000267028809,0.6829000115394592
YDR310C,YMR075W,1,-3.812634,0.10755357891321182,0.8230000138282776,0.6829000115394592
YJR141W,YKR089C,0,-3.8128514,0.10753952711820602,0.8230000138282776,0.6830000281333923
YDL067C,YBR143C,0,-3.8129058,0.10752547532320023,0.8230000138282776,0.6830999851226807
YDR192C,YKL087C,0,-3.8131108,0.10751143097877502,0.8230000138282776,0.6832000017166138
YER155C,YLR151C,0,-3.8133287,0.10749738663434982,0.8230000138282776,0.6833000183105469
YMR165C,YOR355W,0,-3.8133626,0.10748334974050522,0.8230000138282776,0.6833999752998352
YLR044C,YKR087C,0,-3.8133836,0.10746931284666061,0.8230000138282776,0.6834999918937683
YOL052C,YOL052C-A,0,-3.813438,0.1074552834033966,0.8230000138282776,0.6836000084877014
YKL124W,YBL079W,0,-3.8135672,0.1074412539601326,0.8230000138282776,0.6837000250816345
YLR452C,YJL190C,0,-3.813788,0.10742723196744919,0.8230000138282776,0.6837999820709229
YLR388W,YLR144C,0,-3.8140707,0.10741320997476578,0.8230000138282776,0.683899998664856
YER167W,YJR047C,0,-3.8143725,0.10739918798208237,0.8230000138282776,0.6840000152587891
YPL249C,YHR176W,0,-3.814412,0.10738518089056015,0.8230000138282776,0.6840999722480774
YBL099W,YJL053W,0,-3.81459,0.10737116634845734,0.8230000138282776,0.6841999888420105
YGR119C,YLR411W,0,-3.8145962,0.10735715925693512,0.8230000138282776,0.6843000054359436
YER074W-A,YOR317W,0,-3.8146005,0.1073431596159935,0.8230000138282776,0.6844000220298767
YDL066W,YJR052W,0,-3.814795,0.10732915997505188,0.8230000138282776,0.684499979019165
YJL008C,YGR271W,0,-3.8154416,0.10731516778469086,0.8230000138282776,0.6845999956130981
YGR271W,YJR025C,0,-3.8156056,0.10730117559432983,0.8230000138282776,0.6847000122070312
YGL157W,YDR412W,0,-3.8157892,0.10728718340396881,0.8230000138282776,0.6848000288009644
YDR450W,YEL011W,0,-3.816012,0.10727319866418839,0.8230000138282776,0.6848999857902527
YBL079W,YGL067W,0,-3.81603,0.10725922137498856,0.8230000138282776,0.6850000023841858
YBR045C,YHR101C,0,-3.8162966,0.10724524408578873,0.8230000138282776,0.6851000189781189
YEL042W,YDR449C,0,-3.8164291,0.1072312667965889,0.8230000138282776,0.6851999759674072
YCR026C,YHR081W,0,-3.8164654,0.10721729695796967,0.8230000138282776,0.6852999925613403
YMR314W,YHR021C,0,-3.8164892,0.10720333456993103,0.8230000138282776,0.6854000091552734
YOL027C,YLR192C,0,-3.8166199,0.1071893721818924,0.8230000138282776,0.6855000257492065
YMR013C,YNL151C,0,-3.8167138,0.10717540979385376,0.8230000138282776,0.6855999827384949
YLR004C,YJL056C,0,-3.8167415,0.10716145485639572,0.8230000138282776,0.685699999332428
YHR060W,YIL070C,0,-3.8168716,0.10714750736951828,0.8230000138282776,0.6858000159263611
YLR045C,YOL103W,0,-3.8170543,0.10713355988264084,0.8230000138282776,0.6858999729156494
YER190W,YMR173W,0,-3.8171458,0.1071196123957634,0.8230000138282776,0.6859999895095825
YML047C,YGR085C,0,-3.8172855,0.10710567235946655,0.8230000138282776,0.6861000061035156
YDL136W,YPR165W,0,-3.8174863,0.1070917397737503,0.8230000138282776,0.6862000226974487
YHR036W,YGL135W,0,-3.8174868,0.10707780718803406,0.8230000138282776,0.6862999796867371
YIL034C,YPR176C,0,-3.8177247,0.10706387460231781,0.8230000138282776,0.6863999962806702
YJR125C,YDR497C,0,-3.8182669,0.10704994946718216,0.8230000138282776,0.6865000128746033
YHL034C,YPL147W,0,-3.8182921,0.10703602433204651,0.8230000138282776,0.6866000294685364
YPL065W,YOL135C,0,-3.8183231,0.10702210664749146,0.8230000138282776,0.6866999864578247
YPL106C,YGR085C,0,-3.8186297,0.1070081889629364,0.8230000138282776,0.6868000030517578
YEL036C,YJR047C,0,-3.818666,0.10699427872896194,0.8230000138282776,0.6869000196456909
YJL082W,YMR004W,0,-3.8196592,0.10698036849498749,0.8230000138282776,0.6869999766349792
YBR166C,YDL066W,0,-3.8197374,0.10696646571159363,0.8230000138282776,0.6870999932289124
YHL011C,YMR043W,0,-3.819923,0.10695256292819977,0.8230000138282776,0.6872000098228455
YMR077C,YBR182C,0,-3.8199434,0.1069386675953865,0.8230000138282776,0.6873000264167786
YBR162W-A,YDL128W,0,-3.8200192,0.10692477226257324,0.8230000138282776,0.6873999834060669
YGR271W,YKL059C,0,-3.8201323,0.10691088438034058,0.8230000138282776,0.6875
YKL116C,YDL142C,0,-3.8202848,0.10689699649810791,0.8230000138282776,0.6876000165939331
YDR141C,YKL051W,0,-3.8202987,0.10688311606645584,0.8230000138282776,0.6876999735832214
YDL185W,YEL047C,0,-3.8203182,0.10686923563480377,0.8230000138282776,0.6877999901771545
YKL001C,YBL075C,0,-3.8205223,0.1068553626537323,0.8230000138282776,0.6879000067710876
YJL190C,YMR277W,0,-3.8206048,0.10684148967266083,0.8230000138282776,0.6880000233650208
YHR053C,YDL039C,0,-3.820723,0.10682762414216995,0.8230000138282776,0.6880999803543091
YLR303W,YIL168W,0,-3.8207636,0.10681375861167908,0.8230000138282776,0.6881999969482422
YNL038W,YOR355W,0,-3.820912,0.1067998930811882,0.8230000138282776,0.6883000135421753
YDR206W,YLR109W,0,-3.8210921,0.10678603500127792,0.8230000138282776,0.6883999705314636
YGL212W,YER019C-A,0,-3.821639,0.10677218437194824,0.8230000138282776,0.6884999871253967
YDR410C,YDR341C,0,-3.8219028,0.10675833374261856,0.8230000138282776,0.6886000037193298
YOL091W,YDL003W,0,-3.8220367,0.10674449056386948,0.8230000138282776,0.6887000203132629
YBR149W,YGL098W,0,-3.8220549,0.10673064738512039,0.8230000138282776,0.6887999773025513
YNR039C,YGR096W,0,-3.8224087,0.10671680420637131,0.8230000138282776,0.6888999938964844
YKL129C,YCL008C,0,-3.8225594,0.10670296847820282,0.8230000138282776,0.6890000104904175
YKL051W,YLR109W,0,-3.8226027,0.10668914020061493,0.8230000138282776,0.6891000270843506
YOR120W,YKR001C,0,-3.822846,0.10667530447244644,0.8230000138282776,0.6891999840736389
YER029C,YLR191W,0,-3.8233213,0.10666148364543915,0.8230000138282776,0.689300000667572
YDR239C,YDR532C,0,-3.8243895,0.10664766281843185,0.8230000138282776,0.6894000172615051
YGR286C,YOR076C,0,-3.8248353,0.10663384199142456,0.8230000138282776,0.6894999742507935
YJL008C,YDR450W,0,-3.8249073,0.10662002861499786,0.8230000138282776,0.6895999908447266
YBL006C,YDL076C,1,-3.825132,0.10673575103282928,0.8240000009536743,0.6895999908447266
YCR037C,YOL052C,0,-3.8254924,0.10672193020582199,0.8240000009536743,0.6897000074386597
YBR114W,YJR004C,0,-3.8257236,0.1067081093788147,0.8240000009536743,0.6898000240325928
YDR306C,YML129C,0,-3.8259745,0.1066942885518074,0.8240000009536743,0.6898999810218811
YKL191W,YEL047C,0,-3.826302,0.1066804751753807,0.8240000009536743,0.6899999976158142
YGR085C,YGR166W,0,-3.8263736,0.1066666692495346,0.8240000009536743,0.6901000142097473
YDR316W,YER040W,0,-3.8265867,0.10665286332368851,0.8240000009536743,0.6901999711990356
YKL171W,YPL269W,0,-3.8266535,0.10663905739784241,0.8240000009536743,0.6902999877929688
YLL002W,YLR321C,1,-3.826684,0.10675466060638428,0.824999988079071,0.6902999877929688
YLR405W,YPL241C,0,-3.8267465,0.10674084722995758,0.824999988079071,0.6904000043869019
YNL078W,YDR411C,0,-3.8270416,0.10672703385353088,0.824999988079071,0.690500020980835
YEL021W,YGR286C,0,-3.8271666,0.10671323537826538,0.824999988079071,0.6905999779701233
YPL043W,YGR013W,0,-3.827602,0.10669942945241928,0.824999988079071,0.6906999945640564
YGL259W,YDR487C,0,-3.8276243,0.10668563097715378,0.824999988079071,0.6908000111579895
YPR190C,YGL206C,0,-3.8278236,0.10667183995246887,0.824999988079071,0.6909000277519226
YLR027C,YDR486C,0,-3.828102,0.10665804892778397,0.824999988079071,0.6909999847412109
YJL047C,YLR109W,0,-3.8282356,0.10664425790309906,0.824999988079071,0.691100001335144
YIL168W,YPL042C,0,-3.8283205,0.10663047432899475,0.824999988079071,0.6912000179290771
YCR003W,YOR034C,0,-3.8290005,0.10661669820547104,0.824999988079071,0.6912999749183655
YKR101W,YPR193C,1,-3.8290963,0.10673213750123978,0.8259999752044678,0.6912999749183655
YCR008W,YIR008C,0,-3.8291893,0.10671834647655487,0.8259999752044678,0.6913999915122986
YLR467W,YOR150W,0,-3.8292298,0.10670456290245056,0.8259999752044678,0.6915000081062317
YGL212W,YNR032W,0,-3.8293853,0.10669077932834625,0.8259999752044678,0.6916000247001648
YIL034C,YML001W,0,-3.8293953,0.10667699575424194,0.8259999752044678,0.6916999816894531
YJL127C,YGL014W,1,-3.8295326,0.10679235309362411,0.8270000219345093,0.6916999816894531
YNL262W,YDL076C,1,-3.829536,0.1069076806306839,0.828000009059906,0.6916999816894531
YOR221C,YPL265W,0,-3.8297615,0.1068938821554184,0.828000009059906,0.6917999982833862
YLR307W,YGR013W,0,-3.8299184,0.1068800836801529,0.828000009059906,0.6919000148773193
YNL238W,YGR158C,0,-3.830059,0.10686628520488739,0.828000009059906,0.6919999718666077
YFR025C,YNL116W,0,-3.8307295,0.10685249418020248,0.828000009059906,0.6920999884605408
YOL058W,YBR165W,0,-3.830731,0.10683871060609818,0.828000009059906,0.6922000050544739
YJR112W,YMR322C,0,-3.8307686,0.10682492703199387,0.828000009059906,0.692300021648407
YDR079W,YML114C,0,-3.8313084,0.10681114345788956,0.828000009059906,0.6923999786376953
YPR049C,YGR096W,0,-3.8315797,0.10679736733436584,0.828000009059906,0.6924999952316284
YMR217W,YBR265W,0,-3.8316488,0.10678359866142273,0.828000009059906,0.6926000118255615
YDR225W,YGL014W,1,-3.8317327,0.10689877718687057,0.8289999961853027,0.6926000118255615
YFL034C-B,YDR512C,0,-3.8317857,0.10688499361276627,0.8289999961853027,0.6927000284194946
YKL025C,YPL069C,0,-3.8319898,0.10687121003866196,0.8289999961853027,0.692799985408783
YJR134C,YIL046W,0,-3.8319936,0.10685743391513824,0.8289999961853027,0.6929000020027161
YAL022C,YMR043W,0,-3.8320217,0.10684366524219513,0.8289999961853027,0.6930000185966492
YHR066W,YHR015W,0,-3.8321328,0.10682989656925201,0.8289999961853027,0.6930999755859375
YPR060C,YPR165W,0,-3.8325968,0.1068161353468895,0.8289999961853027,0.6931999921798706
YGR076C,YOL045W,0,-3.8326297,0.10680237412452698,0.8289999961853027,0.6933000087738037
YJR074W,YIL135C,0,-3.8326893,0.10678861290216446,0.8289999961853027,0.6934000253677368
YMR058W,YGR166W,0,-3.8327322,0.10677485913038254,0.8289999961853027,0.6934999823570251
YER014W,YIR009W,0,-3.8330178,0.10676110535860062,0.8289999961853027,0.6935999989509583
YLR192C,YKL201C,0,-3.8333454,0.10674735903739929,0.8289999961853027,0.6937000155448914
YIL049W,YGL179C,0,-3.8339047,0.10673362016677856,0.8289999961853027,0.6937999725341797
YLR105C,YMR230W,0,-3.834198,0.10671987384557724,0.8289999961853027,0.6938999891281128
YJR025C,YMR322C,0,-3.8343272,0.10670614242553711,0.8289999961853027,0.6940000057220459
YJL090C,YOR358W,0,-3.834817,0.10669240355491638,0.8289999961853027,0.694100022315979
YOL165C,YPR060C,0,-3.8349853,0.10667867958545685,0.8289999961853027,0.6941999793052673
YKL059C,YIL097W,0,-3.835485,0.10666494816541672,0.8289999961853027,0.6942999958992004
YPL265W,YCR036W,0,-3.835639,0.10665123164653778,0.8289999961853027,0.6944000124931335
YHR053C,YML114C,0,-3.8356652,0.10663750767707825,0.8289999961853027,0.6945000290870667
YOR044W,YLR092W,0,-3.8360114,0.10662379115819931,0.8289999961853027,0.694599986076355
YLR388W,YPL124W,0,-3.8360367,0.10661008208990097,0.8289999961853027,0.6947000026702881
YDR040C,YHL015W,0,-3.836296,0.10659637302160263,0.8289999961853027,0.6948000192642212
YML001W,YBR121C,0,-3.8366666,0.10658267140388489,0.8289999961853027,0.6948999762535095
YOR044W,YHR191C,0,-3.8366795,0.10656896978616714,0.8289999961853027,0.6949999928474426
YMR168C,YHL016C,0,-3.8366885,0.1065552681684494,0.8289999961853027,0.6951000094413757
YMR156C,YDR497C,0,-3.8369398,0.10654157400131226,0.8289999961853027,0.6952000260353088
YBR182C,YLR045C,0,-3.8371615,0.1065278872847557,0.8289999961853027,0.6952999830245972
YLR405W,YLR103C,0,-3.8371763,0.10651420056819916,0.8289999961853027,0.6953999996185303
YKL082C,YOR285W,0,-3.8374243,0.10650051385164261,0.8289999961853027,0.6955000162124634
YJL123C,YER131W,0,-3.8374443,0.10648683458566666,0.8289999961853027,0.6955999732017517
YNL271C,YPL092W,0,-3.837494,0.1064731553196907,0.8289999961853027,0.6956999897956848
YDL198C,YDR179C,0,-3.8375144,0.10645948350429535,0.8289999961853027,0.6958000063896179
YNL154C,YLL010C,0,-3.8378353,0.1064458116889,0.8289999961853027,0.695900022983551
YHR146W,YDR384C,0,-3.8379064,0.10643214732408524,0.8289999961853027,0.6959999799728394
YPL157W,YHR143W,0,-3.8381295,0.10641848295927048,0.8289999961853027,0.6960999965667725
YBR095C,YER169W,1,-3.838316,0.10653317719697952,0.8299999833106995,0.6960999965667725
YOL030W,YAR014C,0,-3.8384638,0.10651950538158417,0.8299999833106995,0.6962000131607056
YLL015W,YER007C-A,0,-3.8387003,0.10650584101676941,0.8299999833106995,0.6963000297546387
YIL067C,YDR178W,0,-3.8388638,0.10649217665195465,0.8299999833106995,0.696399986743927
YPR067W,YEL011W,0,-3.8388877,0.10647851228713989,0.8299999833106995,0.6965000033378601
YLR079W,YDL147W,0,-3.839095,0.10646485537290573,0.8299999833106995,0.6966000199317932
YDR140W,YLR447C,0,-3.8392568,0.10645119845867157,0.8299999833106995,0.6966999769210815
YML123C,YGL083W,0,-3.8392935,0.106437548995018,0.8299999833106995,0.6967999935150146
YPL097W,YJR047C,0,-3.8393264,0.10642389953136444,0.8299999833106995,0.6969000101089478
YHR030C,YDL039C,0,-3.8393946,0.10641025751829147,0.8299999833106995,0.6970000267028809
YOR122C,YJR026W,0,-3.8395877,0.1063966155052185,0.8299999833106995,0.6970999836921692
YNR038W,YKL010C,0,-3.8396735,0.10638298094272614,0.8299999833106995,0.6972000002861023
YLR050C,YBL036C,0,-3.8396802,0.10636934638023376,0.8299999833106995,0.6973000168800354
YOR087W,YIL097W,0,-3.839683,0.1063557118177414,0.8299999833106995,0.6973999738693237
YDR497C,YNL151C,0,-3.839684,0.10634208470582962,0.8299999833106995,0.6974999904632568
YOR261C,YNL282W,0,-3.8397279,0.10632846504449844,0.8299999833106995,0.6976000070571899
YAR007C,YDL080C,0,-3.8397822,0.10631484538316727,0.8299999833106995,0.697700023651123
YBR213W,YOL127W,0,-3.8398647,0.10630123317241669,0.8299999833106995,0.6977999806404114
YJR045C,YML023C,0,-3.839992,0.10628761351108551,0.8299999833106995,0.6978999972343445
YBL076C,YIL044C,0,-3.8401327,0.10627400875091553,0.8299999833106995,0.6980000138282776
YDR033W,YLR144C,0,-3.8401632,0.10626040399074554,0.8299999833106995,0.6980999708175659
YCR098C,YNL267W,0,-3.8403616,0.10624679923057556,0.8299999833106995,0.698199987411499
YPL038W,YMR056C,0,-3.8403778,0.10623320192098618,0.8299999833106995,0.6983000040054321
YMR145C,YDL039C,0,-3.8404465,0.10621960461139679,0.8299999833106995,0.6984000205993652
YHR026W,YLR457C,0,-3.8404536,0.106206014752388,0.8299999833106995,0.6984999775886536
YOR231W,YGL047W,0,-3.8405023,0.10619242489337921,0.8299999833106995,0.6985999941825867
YIL084C,YDL076C,1,-3.8405108,0.1063067689538002,0.8309999704360962,0.6985999941825867
YAR009C,YHR074W,0,-3.841065,0.10629317164421082,0.8309999704360962,0.6987000107765198
YFR004W,YEL039C,0,-3.8411207,0.10627957433462143,0.8309999704360962,0.6988000273704529
YMR304W,YDR513W,0,-3.8413763,0.10626598447561264,0.8309999704360962,0.6988999843597412
YOR038C,YNL097C,1,-3.841402,0.10638026148080826,0.8320000171661377,0.6988999843597412
YOR377W,YOR110W,0,-3.8417497,0.10636665672063828,0.8320000171661377,0.6990000009536743
YIL094C,YBL028C,0,-3.841858,0.10635305941104889,0.8320000171661377,0.6991000175476074
YLR325C,YNL070W,0,-3.841989,0.1063394695520401,0.8320000171661377,0.6991999745368958
YDL136W,YJL059W,0,-3.8420067,0.10632587969303131,0.8320000171661377,0.6992999911308289
YLR029C,YMR172W,0,-3.8423858,0.10631228983402252,0.8320000171661377,0.699400007724762
YML120C,YHL015W,0,-3.8423963,0.10629870742559433,0.8320000171661377,0.6995000243186951
YFR025C,YPL048W,0,-3.8424263,0.10628513246774673,0.8320000171661377,0.6995999813079834
YHR066W,YJL186W,0,-3.842523,0.10627155750989914,0.8320000171661377,0.6996999979019165
YOL017W,YJL065C,1,-3.8431587,0.10638569295406342,0.8330000042915344,0.6996999979019165
YCL030C,YKL149C,0,-3.8431692,0.10637211054563522,0.8330000042915344,0.6998000144958496
YOR202W,YDL080C,0,-3.8432927,0.10635852813720703,0.8330000042915344,0.6998999714851379
YDR421W,YGR081C,0,-3.8433337,0.10634495317935944,0.8330000042915344,0.699999988079071
YOR079C,YDR490C,0,-3.8433495,0.10633137822151184,0.8330000042915344,0.7001000046730042
YKL034W,YIL135C,0,-3.8435907,0.10631780326366425,0.8330000042915344,0.7002000212669373
YNL207W,YIL044C,0,-3.8439841,0.10630423575639725,0.8330000042915344,0.7002999782562256
YIL062C,YOL144W,0,-3.84406,0.10629067569971085,0.8330000042915344,0.7003999948501587
YDL133C-A,YOR056C,0,-3.8442025,0.10627710819244385,0.8330000042915344,0.7005000114440918
YKL025C,YLR228C,0,-3.8446178,0.10626355558633804,0.8330000042915344,0.7006000280380249
YMR013C,YOR219C,0,-3.844696,0.10625000298023224,0.8330000042915344,0.7006999850273132
YDR490C,YML126C,0,-3.8448658,0.10623645037412643,0.8330000042915344,0.7008000016212463
YDR280W,YOL045W,0,-3.8449326,0.10622290521860123,0.8330000042915344,0.7009000182151794
YJR013W,YGL068W,0,-3.8449621,0.10620936006307602,0.8330000042915344,0.7009999752044678
YOR304W,YIL084C,1,-3.8450193,0.10632330179214478,0.8339999914169312,0.7009999752044678
YGL157W,YIL142W,0,-3.8457065,0.10630974918603897,0.8339999914169312,0.7010999917984009
YDR019C,YJL110C,0,-3.8458676,0.10629620403051376,0.8339999914169312,0.701200008392334
YPR070W,YBL072C,0,-3.8459868,0.10628265887498856,0.8339999914169312,0.7013000249862671
YLR325C,YCL016C,0,-3.8460407,0.10626911371946335,0.8339999914169312,0.7013999819755554
YHR119W,YDL076C,1,-3.8460445,0.10638298094272614,0.8349999785423279,0.7013999819755554
YLR350W,YNL039W,0,-3.8462667,0.10636942833662033,0.8349999785423279,0.7014999985694885
YKR094C,YOR250C,0,-3.8464112,0.10635587573051453,0.8349999785423279,0.7016000151634216
YHR010W,YCR018C,0,-3.8466969,0.10634233057498932,0.8349999785423279,0.70169997215271
YDL020C,YGR271W,0,-3.8468132,0.10632879287004471,0.8349999785423279,0.7017999887466431
YKL201C,YBR149W,0,-3.8468204,0.1063152551651001,0.8349999785423279,0.7019000053405762
YKR067W,YOR147W,0,-3.847371,0.10630171746015549,0.8349999785423279,0.7020000219345093
YFR025C,YBR041W,0,-3.8476772,0.10628818720579147,0.8349999785423279,0.7020999789237976
YNL263C,YMR318C,0,-3.8477426,0.10627465695142746,0.8349999785423279,0.7021999955177307
YOL135C,YPL037C,0,-3.8479366,0.10626113414764404,0.8349999785423279,0.7023000121116638
YJR127C,YKL143W,0,-3.8479514,0.10624761134386063,0.8349999785423279,0.7024000287055969
YHR067W,YEL011W,0,-3.8480062,0.1062340959906578,0.8349999785423279,0.7024999856948853
YLR135W,YPL092W,0,-3.8480754,0.10622058063745499,0.8349999785423279,0.7026000022888184
YJL170C,YML114C,0,-3.8483138,0.10620707273483276,0.8349999785423279,0.7027000188827515
YKL017C,YPL092W,0,-3.848332,0.10619356483221054,0.8349999785423279,0.7027999758720398
YOR087W,YLL003W,0,-3.8483667,0.10618006438016891,0.8349999785423279,0.7028999924659729
YKL120W,YEL002C,0,-3.848526,0.10616656392812729,0.8349999785423279,0.703000009059906
YMR165C,YNL092W,0,-3.8487978,0.10615306347608566,0.8349999785423279,0.7031000256538391
YFR009W,YLR368W,0,-3.8494115,0.10613957047462463,0.8349999785423279,0.7031999826431274
YJR112W,YDR141C,0,-3.8495202,0.1061260774731636,0.8349999785423279,0.7032999992370605
YJR033C,YLR086W,0,-3.849524,0.10611259192228317,0.8349999785423279,0.7034000158309937
YNL003C,YDR497C,0,-3.849554,0.10609911382198334,0.8349999785423279,0.703499972820282
YJL029C,YCL039W,0,-3.849577,0.1060856282711029,0.8349999785423279,0.7035999894142151
YMR318C,YDR192C,0,-3.8495803,0.10607215762138367,0.8349999785423279,0.7037000060081482
YOR377W,YLR447C,0,-3.8496351,0.10605867952108383,0.8349999785423279,0.7038000226020813
YOL030W,YHR066W,0,-3.8497434,0.1060452088713646,0.8349999785423279,0.7038999795913696
YCL030C,YLR467W,0,-3.849904,0.10603174567222595,0.8349999785423279,0.7039999961853027
YER086W,YPL053C,0,-3.8499126,0.10601828247308731,0.8349999785423279,0.7041000127792358
YDR040C,YKL205W,0,-3.8502464,0.10600482672452927,0.8349999785423279,0.704200029373169
YIL097W,YIL120W,0,-3.8502603,0.10599137097597122,0.8349999785423279,0.7042999863624573
YOR113W,YIL135C,0,-3.850367,0.10597791522741318,0.8349999785423279,0.7044000029563904
YPL031C,YNL231C,0,-3.8503957,0.10596446692943573,0.8349999785423279,0.7045000195503235
YPL006W,YMR207C,0,-3.8504314,0.10595101863145828,0.8349999785423279,0.7045999765396118
YMR230W,YOL135C,0,-3.8505464,0.10593757778406143,0.8349999785423279,0.7046999931335449
YJL134W,YPR145W,0,-3.850552,0.10592413693666458,0.8349999785423279,0.704800009727478
YBR166C,YJR052W,0,-3.8506231,0.10591070353984833,0.8349999785423279,0.7049000263214111
YOR231W,YGR240C,0,-3.8507032,0.10589727014303207,0.8349999785423279,0.7049999833106995
YBL072C,YLL010C,0,-3.851036,0.10588384419679642,0.8349999785423279,0.7050999999046326
YER019C-A,YML004C,0,-3.8513975,0.10587041825056076,0.8349999785423279,0.7052000164985657
YHR060W,YLR447C,0,-3.8518853,0.1058569997549057,0.8349999785423279,0.705299973487854
YJL128C,YNL308C,0,-3.8519,0.10584358125925064,0.8349999785423279,0.7053999900817871
YJR048W,YPL106C,0,-3.8525658,0.10583016276359558,0.8349999785423279,0.7055000066757202
YDR456W,YMR207C,0,-3.852707,0.10581675171852112,0.8349999785423279,0.7056000232696533
YGL027C,YDR082W,0,-3.8527226,0.10580334812402725,0.8349999785423279,0.7056999802589417
YOR243C,YGL023C,0,-3.8530645,0.10578993707895279,0.8349999785423279,0.7057999968528748
YKL077W,YPL037C,0,-3.8532343,0.10577654093503952,0.8349999785423279,0.7059000134468079
YEL036C,YHR060W,0,-3.8532534,0.10576314479112625,0.8349999785423279,0.7059999704360962
YER022W,YMR043W,0,-3.8535156,0.10574974864721298,0.8349999785423279,0.7060999870300293
YGL167C,YIL133C,0,-3.8537745,0.10573635250329971,0.8349999785423279,0.7062000036239624
YMR131C,YGL232W,0,-3.8539243,0.10572297126054764,0.8349999785423279,0.7063000202178955
YGR255C,YBL058W,0,-3.854025,0.10570958256721497,0.8349999785423279,0.7063999772071838
YOR014W,YCR098C,0,-3.8540692,0.10569620132446289,0.8349999785423279,0.7064999938011169
YCR036W,YDL024C,0,-3.8541365,0.10568282753229141,0.8349999785423279,0.70660001039505
YNL059C,YDR225W,1,-3.8542047,0.10579600185155869,0.8360000252723694,0.70660001039505
YGL120C,YPL202C,0,-3.8543968,0.10578261315822601,0.8360000252723694,0.7067000269889832
YHL028W,YGL027C,0,-3.854486,0.10576923191547394,0.8360000252723694,0.7067999839782715
YGL161C,YOL115W,0,-3.8549495,0.10575585067272186,0.8360000252723694,0.7069000005722046
YNL059C,YFL013C,1,-3.854958,0.10586895793676376,0.8370000123977661,0.7069000005722046
YGL006W,YLR166C,0,-3.8550782,0.10585556924343109,0.8370000123977661,0.7070000171661377
YHR132C,YKR030W,0,-3.8552423,0.10584218800067902,0.8370000123977661,0.707099974155426
YOR030W,YEL016C,0,-3.8553,0.10582879930734634,0.8370000123977661,0.7071999907493591
YNL238W,YLR342W,0,-3.8559308,0.10581542551517487,0.8370000123977661,0.7073000073432922
YJR127C,YNL192W,0,-3.856062,0.10580204427242279,0.8370000123977661,0.7074000239372253
YER030W,YNL186W,1,-3.8560805,0.10591506212949753,0.8379999995231628,0.7074000239372253
YPL065W,YML004C,0,-3.8565001,0.10590168088674545,0.8379999995231628,0.7074999809265137
YPR060C,YGR072W,0,-3.8566666,0.10588829964399338,0.8379999995231628,0.7075999975204468
YJL146W,YNL116W,0,-3.85667,0.1058749184012413,0.8379999995231628,0.7077000141143799
YCL031C,YGL127C,0,-3.856791,0.10586154460906982,0.8379999995231628,0.7077999711036682
YHL035C,YNL252C,0,-3.857267,0.10584817826747894,0.8379999995231628,0.7078999876976013
YMR145C,YOR377W,0,-3.8574023,0.10583480447530746,0.8379999995231628,0.7080000042915344
YDR245W,YDR377W,0,-3.8579607,0.10582144558429718,0.8379999995231628,0.7081000208854675
YGL147C,YMR073C,0,-3.8580675,0.1058080792427063,0.8379999995231628,0.7081999778747559
YGL135W,YER118C,0,-3.8581018,0.10579472035169601,0.8379999995231628,0.708299994468689
YBR182C,YBR156C,0,-3.8587985,0.10578136891126633,0.8379999995231628,0.7084000110626221
YOR122C,YPL002C,0,-3.8588176,0.10576801747083664,0.8379999995231628,0.7085000276565552
YOR122C,YOR266W,0,-3.8591633,0.10575466603040695,0.8379999995231628,0.7085999846458435
YKL005C,YPL048W,0,-3.85948,0.10574132204055786,0.8379999995231628,0.7087000012397766
YOL052C,YNL090W,0,-3.8595052,0.10572798550128937,0.8379999995231628,0.7088000178337097
YNL173C,YHR148W,0,-3.8595095,0.10571464896202087,0.8379999995231628,0.708899974822998
YHL015W,YOR355W,0,-3.8597026,0.10570131242275238,0.8379999995231628,0.7089999914169312
YAL022C,YLR029C,0,-3.8600183,0.10568798333406448,0.8379999995231628,0.7091000080108643
YGR046W,YER007C-A,0,-3.8600407,0.10567465424537659,0.8379999995231628,0.7092000246047974
YNL137C,YGL019W,0,-3.8602614,0.10566133260726929,0.8379999995231628,0.7092999815940857
YOL164W,YLR411W,0,-3.8604293,0.10564801096916199,0.8379999995231628,0.7093999981880188
YGL038C,YOR317W,0,-3.8604422,0.10563468933105469,0.8379999995231628,0.7095000147819519
YJL094C,YGR211W,0,-3.861105,0.10562137514352798,0.8379999995231628,0.7095999717712402
YJL029C,YPL048W,0,-3.8611512,0.10560806840658188,0.8379999995231628,0.7096999883651733
YER028C,YIL046W,0,-3.8613038,0.10559476166963577,0.8379999995231628,0.7098000049591064
YOR026W,YGR270W,0,-3.8614025,0.10558145493268967,0.8379999995231628,0.7099000215530396
YHL034C,YMR190C,0,-3.8616567,0.10556815564632416,0.8379999995231628,0.7099999785423279
YLR039C,YPL092W,0,-3.8618283,0.10555485635995865,0.8379999995231628,0.710099995136261
YPR070W,YHL016C,0,-3.8618407,0.10554156452417374,0.8379999995231628,0.7102000117301941
YDR017C,YEL037C,0,-3.8620267,0.10552827268838882,0.8379999995231628,0.7103000283241272
YMR077C,YNL074C,0,-3.8620338,0.10551498085260391,0.8379999995231628,0.7103999853134155
YDR522C,YMR140W,0,-3.8622708,0.1055016964673996,0.8379999995231628,0.7105000019073486
YOR187W,YKL086W,0,-3.8623352,0.10548841953277588,0.8379999995231628,0.7106000185012817
YHR030C,YOL027C,0,-3.8624563,0.10547514259815216,0.8379999995231628,0.7106999754905701
YDR225W,YMR127C,1,-3.8625598,0.10558771342039108,0.8389999866485596,0.7106999754905701
YNL334C,YKL154W,0,-3.8629746,0.10557442903518677,0.8389999866485596,0.7107999920845032
YLL010C,YDL217C,0,-3.863296,0.10556114464998245,0.8389999866485596,0.7109000086784363
YKL124W,YAR033W,0,-3.8635392,0.10554786771535873,0.8389999866485596,0.7110000252723694
YOR266W,YMR322C,0,-3.8635564,0.10553459078073502,0.8389999866485596,0.7110999822616577
YLR398C,YDR322C-A,0,-3.8636026,0.1055213212966919,0.8389999866485596,0.7111999988555908
YBL084C,YNL252C,0,-3.8640575,0.10550805181264877,0.8389999866485596,0.7113000154495239
YDL215C,YPL174C,0,-3.8642612,0.10549478232860565,0.8389999866485596,0.7113999724388123
YCR026C,YGL098W,0,-3.8643389,0.10548152029514313,0.8389999866485596,0.7114999890327454
YDR418W,YDL181W,0,-3.8650112,0.1054682582616806,0.8389999866485596,0.7116000056266785
YHR026W,YKL051W,0,-3.8650584,0.10545500367879868,0.8389999866485596,0.7117000222206116
YOL034W,YHR053C,0,-3.8651934,0.10544174909591675,0.8389999866485596,0.7117999792098999
YDL213C,YBR189W,0,-3.8652062,0.10542850196361542,0.8389999866485596,0.711899995803833
YOR348C,YKL132C,0,-3.8652797,0.10541525483131409,0.8389999866485596,0.7120000123977661
YAL008W,YIL094C,0,-3.8653598,0.10540200769901276,0.8389999866485596,0.7121000289916992
YMR058W,YGL167C,0,-3.8654246,0.10538876801729202,0.8389999866485596,0.7121999859809875
YJL164C,YGR038W,0,-3.8654375,0.10537553578615189,0.8389999866485596,0.7123000025749207
YOL030W,YBR070C,0,-3.8660197,0.10536230355501175,0.8389999866485596,0.7124000191688538
YBR289W,YDR303C,1,-3.8661036,0.10547463595867157,0.8399999737739563,0.7124000191688538
YJL090C,YIL101C,0,-3.8662367,0.10546139627695084,0.8399999737739563,0.7124999761581421
YGL232W,YPL059W,0,-3.866691,0.1054481565952301,0.8399999737739563,0.7125999927520752
YER028C,YLR109W,0,-3.8669286,0.10543491691350937,0.8399999737739563,0.7127000093460083
YNL074C,YOL052C-A,0,-3.866972,0.10542168468236923,0.8399999737739563,0.7128000259399414
YGR106C,YCL016C,0,-3.8673625,0.10540845990180969,0.8399999737739563,0.7128999829292297
YER133W,YBR215W,1,-3.8673816,0.10552070289850235,0.8410000205039978,0.7128999829292297
YMR072W,YGL125W,0,-3.8675056,0.10550746321678162,0.8410000205039978,0.7129999995231628
YNL273W,YPL092W,0,-3.8676167,0.10549423098564148,0.8410000205039978,0.713100016117096
YAL020C,YBR162W-A,0,-3.8676977,0.10548099875450134,0.8410000205039978,0.7131999731063843
YKL026C,YLR455W,0,-3.8681407,0.1054677739739418,0.8410000205039978,0.7132999897003174
YJR125C,YOL121C,0,-3.8681846,0.10545454174280167,0.8410000205039978,0.7134000062942505
YOL111C,YDR194C,0,-3.8682656,0.10544132441282272,0.8410000205039978,0.7135000228881836
YBL018C,YGL053W,0,-3.8684673,0.10542810708284378,0.8410000205039978,0.7135999798774719
YBR114W,YPL125W,0,-3.8689165,0.10541488975286484,0.8410000205039978,0.713699996471405
YKL132C,YOR092W,0,-3.869011,0.10540167987346649,0.8410000205039978,0.7138000130653381
YFL022C,YCR038C,0,-3.869307,0.10538846999406815,0.8410000205039978,0.7139000296592712
YER087C-A,YPL241C,0,-3.8694649,0.1053752675652504,0.8410000205039978,0.7139999866485596
YOL027C,YDL122W,0,-3.8696413,0.10536206513643265,0.8410000205039978,0.7141000032424927
YJL029C,YER044C,0,-3.8699899,0.1053488627076149,0.8410000205039978,0.7142000198364258
YPL038W,YLR022C,0,-3.8701448,0.10533566772937775,0.8410000205039978,0.7142999768257141
YBR165W,YFL014W,0,-3.8704119,0.10532248020172119,0.8410000205039978,0.7143999934196472
YOR044W,YOR355W,0,-3.8712664,0.10530929267406464,0.8410000205039978,0.7145000100135803
YKL178C,YJL069C,0,-3.8715076,0.10529610514640808,0.8410000205039978,0.7146000266075134
YIL148W,YPR120C,0,-3.8715343,0.10528292506933212,0.8410000205039978,0.7146999835968018
YLR027C,YLR228C,0,-3.871759,0.10526974499225616,0.8410000205039978,0.7148000001907349
YML123C,YDL215C,0,-3.8719754,0.1052565723657608,0.8410000205039978,0.714900016784668
YLR376C,YPL248C,0,-3.8719764,0.10524339973926544,0.8410000205039978,0.7149999737739563
YPL198W,YPL069C,0,-3.8720646,0.10523022711277008,0.8410000205039978,0.7150999903678894
YDR472W,YCR018C,0,-3.8721495,0.10521706193685532,0.8410000205039978,0.7152000069618225
YOR030W,YNL036W,0,-3.8724604,0.10520390421152115,0.8410000205039978,0.7153000235557556
YPR111W,YMR230W,0,-3.872499,0.10519074648618698,0.8410000205039978,0.715399980545044
YDR033W,YDL078C,0,-3.8729534,0.10517758876085281,0.8410000205039978,0.715499997138977
YGR106C,YER149C,0,-3.8732972,0.10516443848609924,0.8410000205039978,0.7156000137329102
YAR009C,YBR019C,0,-3.8734422,0.10515128821134567,0.8410000205039978,0.7156999707221985
YPR134W,YGR260W,0,-3.873845,0.1051381453871727,0.8410000205039978,0.7157999873161316
YMR304W,YNL145W,0,-3.873921,0.10512500256299973,0.8410000205039978,0.7159000039100647
YGL004C,YCR036W,0,-3.8739228,0.10511185973882675,0.8410000205039978,0.7160000205039978
YBR149W,YIR008C,0,-3.874167,0.10509872436523438,0.8410000205039978,0.7160999774932861
YJL094C,YER062C,0,-3.8746657,0.1050855964422226,0.8410000205039978,0.7161999940872192
YER040W,YOR147W,0,-3.874907,0.10507246106863022,0.8410000205039978,0.7163000106811523
YDR393W,YCR037C,0,-3.8750806,0.10505934059619904,0.8410000205039978,0.7164000272750854
YAL023C,YLR307W,0,-3.8752685,0.10504621267318726,0.8410000205039978,0.7164999842643738
YPR055W,YNL197C,0,-3.8752913,0.10503309965133667,0.8410000205039978,0.7166000008583069
YDL031W,YER089C,0,-3.8753757,0.10501997917890549,0.8410000205039978,0.71670001745224
YMR302C,YIR009W,0,-3.8760476,0.1050068661570549,0.8410000205039978,0.7167999744415283
YLR303W,YHR008C,0,-3.876521,0.10499376058578491,0.8410000205039978,0.7168999910354614
YMR261C,YOL164W,0,-3.8766656,0.10498065501451492,0.8410000205039978,0.7170000076293945
YBR060C,YLR449W,1,-3.8767786,0.1050923615694046,0.8420000076293945,0.7170000076293945
YDR405W,YEL039C,0,-3.8768296,0.10507924854755402,0.8420000076293945,0.7171000242233276
YGL006W,YOR187W,0,-3.8768473,0.10506613552570343,0.8420000076293945,0.717199981212616
YOL091W,YKR024C,0,-3.877091,0.10505302250385284,0.8420000076293945,0.7172999978065491
YPL174C,YEL042W,0,-3.8775816,0.10503991693258286,0.8420000076293945,0.7174000144004822
YBR176W,YDL185W,0,-3.8776183,0.10502681881189346,0.8420000076293945,0.7174999713897705
YKL025C,YOR128C,0,-3.8776293,0.10501372069120407,0.8420000076293945,0.7175999879837036
YPL274W,YHR008C,0,-3.877717,0.10500062257051468,0.8420000076293945,0.7177000045776367
YNL137C,YOL121C,0,-3.8777475,0.10498753190040588,0.8420000076293945,0.7178000211715698
YBL074C,YEL047C,0,-3.877759,0.10497444123029709,0.8420000076293945,0.7178999781608582
YGR260W,YIL088C,0,-3.8778825,0.10496135801076889,0.8420000076293945,0.7179999947547913
YBL028C,YHL015W,0,-3.8779645,0.10494827479124069,0.8420000076293945,0.7181000113487244
YMR314W,YML005W,0,-3.8780532,0.1049351915717125,0.8420000076293945,0.7182000279426575
YGR106C,YDR486C,0,-3.8780823,0.10492211580276489,0.8420000076293945,0.7182999849319458
YNL081C,YLR307W,0,-3.878356,0.10490904748439789,0.8420000076293945,0.7184000015258789
YNL131W,YIL044C,0,-3.8783574,0.10489597916603088,0.8420000076293945,0.718500018119812
YNL192W,YDL247W,0,-3.8783774,0.10488291084766388,0.8420000076293945,0.7185999751091003
YMR015C,YOL052C,0,-3.8784056,0.10486984997987747,0.8420000076293945,0.7186999917030334
YLR070C,YPL048W,0,-3.8784633,0.10485678911209106,0.8420000076293945,0.7188000082969666
YDL013W,YOR206W,0,-3.8785257,0.10484372824430466,0.8420000076293945,0.7189000248908997
YNL287W,YIL095W,0,-3.8790126,0.10483067482709885,0.8420000076293945,0.718999981880188
YMR156C,YPL204W,0,-3.8792086,0.10481762886047363,0.8420000076293945,0.7190999984741211
YDR099W,YPL026C,0,-3.8792372,0.10480458289384842,0.8420000076293945,0.7192000150680542
YBR261C,YOR257W,0,-3.8792706,0.1047915369272232,0.8420000076293945,0.7192999720573425
YIL088C,YPL265W,0,-3.8793273,0.10477849841117859,0.8420000076293945,0.7193999886512756
YGL037C,YPR193C,1,-3.8795033,0.1048898845911026,0.8429999947547913,0.7193999886512756
YBR045C,YER072W,0,-3.879541,0.10487683862447739,0.8429999947547913,0.7195000052452087
YMR013C,YEL071W,0,-3.8795962,0.10486379265785217,0.8429999947547913,0.7196000218391418
YHR030C,YLR342W,0,-3.8797555,0.10485074669122696,0.8429999947547913,0.7196999788284302
YGR007W,YNL134C,0,-3.8805242,0.10483770817518234,0.8429999947547913,0.7197999954223633
YDR519W,YPL174C,0,-3.881113,0.10482466965913773,0.8429999947547913,0.7199000120162964
YBL075C,YLR310C,0,-3.8812032,0.1048116385936737,0.8429999947547913,0.7200000286102295
YNR047W,YDR513W,0,-3.8812218,0.10479860752820969,0.8429999947547913,0.7200999855995178
YNL334C,YOR377W,0,-3.8812647,0.10478558391332626,0.8429999947547913,0.7202000021934509
YOR348C,YNL137C,0,-3.881464,0.10477256029844284,0.8429999947547913,0.720300018787384
YLR405W,YNL231C,0,-3.8814998,0.10475953668355942,0.8429999947547913,0.7203999757766724
YOR187W,YIL122W,0,-3.8816361,0.10474652051925659,0.8429999947547913,0.7204999923706055
YNL207W,YNL067W,0,-3.881824,0.10473350435495377,0.8429999947547913,0.7206000089645386
YIL051C,YGR087C,0,-3.8819027,0.10472049564123154,0.8429999947547913,0.7207000255584717
YLR376C,YJL053W,0,-3.881926,0.10470748692750931,0.8429999947547913,0.72079998254776
YGL023C,YOR260W,0,-3.882133,0.10469448566436768,0.8429999947547913,0.7208999991416931
YGR261C,YDR272W,0,-3.88241,0.10468148440122604,0.8429999947547913,0.7210000157356262
YKL010C,YGR096W,0,-3.8827987,0.10466849058866501,0.8429999947547913,0.7210999727249146
YGR267C,YKL004W,0,-3.88306,0.10465549677610397,0.8429999947547913,0.7211999893188477
YHR132C,YOR076C,0,-3.8831162,0.10464250296354294,0.8429999947547913,0.7213000059127808
YDR206W,YER044C,0,-3.8831768,0.1046295166015625,0.8429999947547913,0.7214000225067139
YGL157W,YOL031C,0,-3.8834815,0.10461653023958206,0.8429999947547913,0.7214999794960022
YPL248C,YNR032W,0,-3.8835926,0.10460355132818222,0.8429999947547913,0.7215999960899353
YMR303C,YHR176W,0,-3.8836365,0.10459057241678238,0.8429999947547913,0.7217000126838684
YHR179W,YDR192C,0,-3.8837142,0.10457759350538254,0.8429999947547913,0.7218000292778015
YDR082W,YLR342W,0,-3.8838344,0.1045646220445633,0.8429999947547913,0.7218999862670898
YDR306C,YDR358W,0,-3.8840032,0.10455165803432465,0.8429999947547913,0.722000002861023
YOL062C,YDL215C,0,-3.884377,0.104538694024086,0.8429999947547913,0.722100019454956
YFL022C,YIL062C,0,-3.8846946,0.10452573001384735,0.8429999947547913,0.7221999764442444
YDL147W,YPL031C,0,-3.8846946,0.1045127660036087,0.8429999947547913,0.7222999930381775
YGL013C,YMR223W,0,-3.8847084,0.10449981689453125,0.8429999947547913,0.7224000096321106
YGL037C,YOL090W,1,-3.884776,0.10461080819368362,0.843999981880188,0.7224000096321106
YKL024C,YOR357C,0,-3.8849897,0.10459784418344498,0.843999981880188,0.7225000262260437
YLR070C,YML023C,0,-3.8852396,0.10458488017320633,0.843999981880188,0.722599983215332
YDR277C,YHL004W,0,-3.8852491,0.10457192361354828,0.843999981880188,0.7226999998092651
YPL157W,YJR033C,0,-3.8852677,0.10455896705389023,0.843999981880188,0.7228000164031982
YBL072C,YNL145W,0,-3.8858685,0.10454601794481277,0.843999981880188,0.7228999733924866
YPL269W,YNR032W,0,-3.8859935,0.10453306883573532,0.843999981880188,0.7229999899864197
YJL080C,YBL003C,1,-3.8862371,0.10464396327733994,0.8450000286102295,0.7229999899864197
YGR034W,YFL001W,0,-3.8865647,0.10463100671768188,0.8450000286102295,0.7231000065803528
YDL087C,YAR014C,0,-3.8866634,0.10461805015802383,0.8450000286102295,0.7232000231742859
YLR070C,YBR162W-A,0,-3.8866959,0.10460510104894638,0.8450000286102295,0.7232999801635742
YLR074C,YKL154W,0,-3.8869333,0.10459215193986893,0.8450000286102295,0.7233999967575073
YDR225W,YOR038C,1,-3.8870463,0.10470297187566757,0.8460000157356262,0.7233999967575073
YDR004W,YLR192C,0,-3.8872838,0.10469001531600952,0.8460000157356262,0.7235000133514404
YDR184C,YGL027C,0,-3.887372,0.10467705875635147,0.8460000157356262,0.7235999703407288
YDR325W,YGR087C,0,-3.887401,0.10466410964727402,0.8460000157356262,0.7236999869346619
YGL120C,YMR100W,0,-3.887805,0.10465116053819656,0.8460000157356262,0.723800003528595
YJR042W,YPR067W,0,-3.8878675,0.10463821887969971,0.8460000157356262,0.7239000201225281
YBR019C,YGR007W,0,-3.8879104,0.10462527722120285,0.8460000157356262,0.7239999771118164
YOR377W,YMR004W,0,-3.8884292,0.10461234301328659,0.8460000157356262,0.7240999937057495
YOR122C,YPR016C,0,-3.8885674,0.10459940880537033,0.8460000157356262,0.7242000102996826
YIL070C,YDL247W,0,-3.8885722,0.10458647459745407,0.8460000157356262,0.7243000268936157
YDR518W,YGL127C,0,-3.8888216,0.10457354784011841,0.8460000157356262,0.724399983882904
YDR412W,YJL111W,0,-3.8889923,0.10456062108278275,0.8460000157356262,0.7245000004768372
YJR161C,YOR084W,0,-3.8890915,0.10454770177602768,0.8460000157356262,0.7246000170707703
YOR257W,YGR286C,0,-3.8892531,0.10453478246927261,0.8460000157356262,0.7246999740600586
YOL091W,YIL142W,0,-3.8892694,0.10452187061309814,0.8460000157356262,0.7247999906539917
YNL081C,YFR044C,0,-3.889649,0.10450895875692368,0.8460000157356262,0.7249000072479248
YDR224C,YJL176C,1,-3.8897429,0.10461956262588501,0.847000002861023,0.7249000072479248
YML047C,YLR032W,0,-3.8898578,0.10460664331912994,0.847000002861023,0.7250000238418579
YML123C,YOL127W,0,-3.8899307,0.10459372401237488,0.847000002861023,0.7250999808311462
YGR260W,YMR047C,0,-3.890329,0.10458081215620041,0.847000002861023,0.7251999974250793
YKL217W,YER040W,0,-3.89048,0.10456790030002594,0.847000002861023,0.7253000140190125
YDR346C,YLR447C,0,-3.890552,0.10455499589443207,0.847000002861023,0.7253999710083008
YML123C,YBR287W,0,-3.8908067,0.1045420914888382,0.847000002861023,0.7254999876022339
YOR393W,YLR381W,0,-3.8912482,0.10452918708324432,0.847000002861023,0.725600004196167
YGL232W,YPR165W,0,-3.8916163,0.10451629012823105,0.847000002861023,0.7257000207901001
YLR425W,YER044C,0,-3.8921075,0.10450339317321777,0.847000002861023,0.7257999777793884
YPL274W,YHR081W,0,-3.8924685,0.1044905036687851,0.847000002861023,0.7258999943733215
YOR147W,YIL135C,0,-3.8925433,0.10447761416435242,0.847000002861023,0.7260000109672546
YDL231C,YOR061W,0,-3.8925886,0.10446472465991974,0.847000002861023,0.7261000275611877
YNR032W,YIL142W,0,-3.8927298,0.10445184260606766,0.847000002861023,0.7261999845504761
YGL068W,YEL047C,0,-3.8931012,0.10443896055221558,0.847000002861023,0.7263000011444092
YLR324W,YGR287C,0,-3.893207,0.10442608594894409,0.847000002861023,0.7264000177383423
YDR005C,YGL097W,0,-3.8934846,0.10441321134567261,0.847000002861023,0.7264999747276306
YDR496C,YIL038C,0,-3.8937144,0.10440034419298172,0.847000002861023,0.7265999913215637
YGL066W,YER161C,1,-3.893877,0.10451072454452515,0.8479999899864197,0.7265999913215637
YDL147W,YDR277C,0,-3.8939452,0.10449784249067307,0.8479999899864197,0.7267000079154968
YGL157W,YOR317W,0,-3.8939686,0.10448496788740158,0.8479999899864197,0.7268000245094299
YNL081C,YHR053C,0,-3.8943992,0.1044720932841301,0.8479999899864197,0.7268999814987183
YNL121C,YOR128C,0,-3.8948488,0.10445922613143921,0.8479999899864197,0.7269999980926514
YDR272W,YGR038W,0,-3.8950791,0.10444635897874832,0.8479999899864197,0.7271000146865845
YNL062C,YDR218C,0,-3.8951187,0.10443349927663803,0.8479999899864197,0.7271999716758728
YJR048W,YJL112W,0,-3.8952017,0.10442063957452774,0.8479999899864197,0.7272999882698059
YLR097C,YOL005C,0,-3.895238,0.10440777987241745,0.8479999899864197,0.727400004863739
YOL052C,YDR341C,0,-3.8958416,0.10439492762088776,0.8479999899864197,0.7275000214576721
YBR088C,YGR252W,1,-3.8959045,0.10450516641139984,0.8489999771118164,0.7275000214576721
YIL048W,YJL048C,0,-3.8960419,0.10449230670928955,0.8489999771118164,0.7275999784469604
YEL056W,YJL115W,1,-3.8965106,0.10460250824689865,0.8500000238418579,0.7275999784469604
YNR032C-A,YBR189W,0,-3.8966227,0.10458964109420776,0.8500000238418579,0.7276999950408936
YGR047C,YGL068W,0,-3.8967848,0.10457677394151688,0.8500000238418579,0.7278000116348267
YOR091W,YNL092W,0,-3.896863,0.10456390678882599,0.8500000238418579,0.7279000282287598
YMR101C,YLL038C,0,-3.8969364,0.1045510470867157,0.8500000238418579,0.7279999852180481
YDR469W,YDR071C,1,-3.8970113,0.10466117411851883,0.8510000109672546,0.7279999852180481
YDR418W,YNL121C,0,-3.8971767,0.10464829951524734,0.8510000109672546,0.7281000018119812
YBL075C,YDR211W,0,-3.8972673,0.10463543236255646,0.8510000109672546,0.7282000184059143
YJR151C,YOL122C,0,-3.8973203,0.10462257266044617,0.8510000109672546,0.7282999753952026
YGR271W,YOL007C,0,-3.89741,0.10460971295833588,0.8510000109672546,0.7283999919891357
YPL033C,YDR456W,0,-3.8974333,0.10459685325622559,0.8510000109672546,0.7285000085830688
YDR325W,YJL048C,0,-3.897677,0.10458400100469589,0.8510000109672546,0.728600025177002
YDR041W,YER009W,0,-3.89786,0.1045711487531662,0.8510000109672546,0.7286999821662903
YOR257W,YDR188W,0,-3.8978767,0.1045582965016365,0.8510000109672546,0.7287999987602234
YMR058W,YJR006W,0,-3.8981767,0.10454545170068741,0.8510000109672546,0.7289000153541565
YBL041W,YGL135W,0,-3.8983312,0.10453261435031891,0.8510000109672546,0.7289999723434448
YOR219C,YIL097W,0,-3.8983607,0.10451977699995041,0.8510000109672546,0.7290999889373779
YOR091W,YOR354C,0,-3.8983865,0.10450693964958191,0.8510000109672546,0.729200005531311
YLL055W,YER019C-A,0,-3.8985023,0.104494109749794,0.8510000109672546,0.7293000221252441
YPR016C,YGL158W,0,-3.8985763,0.1044812798500061,0.8510000109672546,0.7293999791145325
YOR243C,YNL238W,0,-3.8986697,0.1044684499502182,0.8510000109672546,0.7294999957084656
YJL140W,YLR145W,0,-3.898951,0.1044556275010109,0.8510000109672546,0.7296000123023987
YJR036C,YHR176W,0,-3.8991227,0.10444280505180359,0.8510000109672546,0.7297000288963318
YNL192W,YGR158C,0,-3.8991241,0.10442999005317688,0.8510000109672546,0.7297999858856201
YBR189W,YHL031C,0,-3.8992548,0.10441717505455017,0.8510000109672546,0.7299000024795532
YJL128C,YOL062C,0,-3.8993764,0.10440436750650406,0.8510000109672546,0.7300000190734863
YNL003C,YDL247W,0,-3.899634,0.10439155995845795,0.8510000109672546,0.7300999760627747
YNL154C,YDR384C,0,-3.8997989,0.10437875986099243,0.8510000109672546,0.7301999926567078
YDR418W,YGL212W,0,-3.9001865,0.10436595231294632,0.8510000109672546,0.7303000092506409
YKR087C,YKL206C,0,-3.9006276,0.1043531596660614,0.8510000109672546,0.730400025844574
YDL201W,YGL047W,0,-3.9007983,0.10434035956859589,0.8510000109672546,0.7304999828338623
YGR194C,YNL038W,0,-3.900879,0.10432757437229156,0.8510000109672546,0.7305999994277954
YHL031C,YOR128C,0,-3.9009724,0.10431478172540665,0.8510000109672546,0.7307000160217285
YML077W,YPL006W,0,-3.901023,0.10430199652910233,0.8510000109672546,0.7307999730110168
YMR145C,YDR178W,0,-3.9011445,0.1042892187833786,0.8510000109672546,0.73089998960495
YIL135C,YOR260W,0,-3.9012222,0.10427643358707428,0.8510000109672546,0.7310000061988831
YHR146W,YOL103W,0,-3.9012432,0.10426366329193115,0.8510000109672546,0.7311000227928162
YDL093W,YDR421W,0,-3.9013157,0.10425088554620743,0.8510000109672546,0.7311999797821045
YGL125W,YJR137C,0,-3.901425,0.1042381152510643,0.8510000109672546,0.7312999963760376
YAR033W,YDR398W,0,-3.9015093,0.10422535240650177,0.8510000109672546,0.7314000129699707
YLR431C,YNL308C,0,-3.9015746,0.10421258956193924,0.8510000109672546,0.7315000295639038
YGL232W,YDR518W,0,-3.9016938,0.10419982671737671,0.8510000109672546,0.7315999865531921
YKL126W,YCL039W,0,-3.901723,0.10418707132339478,0.8510000109672546,0.7317000031471252
YNL131W,YKL197C,0,-3.902021,0.10417431592941284,0.8510000109672546,0.7318000197410583
YNL154C,YER019C-A,0,-3.9023876,0.1041615679860115,0.8510000109672546,0.7318999767303467
YMR145C,YJR161C,0,-3.9025426,0.10414882004261017,0.8510000109672546,0.7319999933242798
YPL221W,YGL075C,0,-3.9026437,0.10413607209920883,0.8510000109672546,0.7321000099182129
YLR288C,YPR052C,1,-3.9029098,0.10424568504095078,0.8519999980926514,0.7321000099182129
YDL222C,YDR099W,0,-3.903027,0.10423293709754944,0.8519999980926514,0.732200026512146
YOR079C,YDR410C,0,-3.9037414,0.1042201817035675,0.8519999980926514,0.7322999835014343
YJL140W,YJL148W,0,-3.9038758,0.10420743376016617,0.8519999980926514,0.7324000000953674
YKR067W,YJR033C,0,-3.9040198,0.10419469326734543,0.8519999980926514,0.7325000166893005
YFL026W,YPR067W,0,-3.9040704,0.10418195277452469,0.8519999980926514,0.7325999736785889
YIR017C,YHL031C,0,-3.904416,0.10416921228170395,0.8519999980926514,0.732699990272522
YLR350W,YER176W,0,-3.9048328,0.1041564792394638,0.8519999980926514,0.7328000068664551
YKL206C,YOR128C,0,-3.9048648,0.10414374619722366,0.8519999980926514,0.7329000234603882
YHR211W,YER019C-A,0,-3.9048982,0.10413102060556412,0.8519999980926514,0.7329999804496765
YBR106W,YLR027C,0,-3.9050064,0.10411829501390457,0.8519999980926514,0.7330999970436096
YJL196C,YLR457C,0,-3.9050417,0.10410556942224503,0.8519999980926514,0.7332000136375427
YDL049C,YDR236C,0,-3.9052105,0.10409285128116608,0.8519999980926514,0.733299970626831
YJR001W,YPL059W,0,-3.905355,0.10408013314008713,0.8519999980926514,0.7333999872207642
YLR182W,YFR044C,0,-3.9057016,0.10406742244958878,0.8519999980926514,0.7335000038146973
YKL081W,YBR055C,0,-3.905734,0.10405471175909042,0.8519999980926514,0.7336000204086304
YNL238W,YLR039C,0,-3.9057536,0.10404200851917267,0.8519999980926514,0.7336999773979187
YNL131W,YNL317W,0,-3.9058456,0.10402930527925491,0.8519999980926514,0.7337999939918518
YIL125W,YGL019W,0,-3.9059381,0.10401660203933716,0.8519999980926514,0.7339000105857849
YGL092W,YGL047W,0,-3.90687,0.10400390625,0.8519999980926514,0.734000027179718
YMR230W,YBR287W,0,-3.9069123,0.10399121046066284,0.8519999980926514,0.7340999841690063
YHR053C,YMR021C,0,-3.9069266,0.10397852212190628,0.8519999980926514,0.7342000007629395
YHL016C,YLR239C,0,-3.9075408,0.10396583378314972,0.8519999980926514,0.7343000173568726
YLR307W,YDL024C,0,-3.9078193,0.10395314544439316,0.8519999980926514,0.7343999743461609
YOL011W,YHL004W,0,-3.907992,0.1039404645562172,0.8519999980926514,0.734499990940094
YKL057C,YBR017C,0,-3.9081426,0.10392778366804123,0.8519999980926514,0.7346000075340271
YOR034C,YIL149C,0,-3.9082136,0.10391511023044586,0.8519999980926514,0.7347000241279602
YDR141C,YGL125W,0,-3.908225,0.1039024367928505,0.8519999980926514,0.7347999811172485
YOR004W,YDR490C,0,-3.9085383,0.10388977080583572,0.8519999980926514,0.7348999977111816
YLR411W,YER007C-A,0,-3.908554,0.10387710481882095,0.8519999980926514,0.7350000143051147
YKL054C,YEL071W,0,-3.9086032,0.10386443883180618,0.8519999980926514,0.7350999712944031
YNL192W,YPL006W,0,-3.908751,0.10385178029537201,0.8519999980926514,0.7351999878883362
YJL140W,YML001W,0,-3.9087968,0.10383912175893784,0.8519999980926514,0.7353000044822693
YHR008C,YMR318C,0,-3.9088964,0.10382647067308426,0.8519999980926514,0.7354000210762024
YNL078W,YLR070C,0,-3.9091806,0.10381381958723068,0.8519999980926514,0.7354999780654907
YJL047C,YPR120C,0,-3.909223,0.1038011685013771,0.8519999980926514,0.7355999946594238
YBR019C,YOL103W,0,-3.9093804,0.10378852486610413,0.8519999980926514,0.7357000112533569
YOL005C,YNL090W,0,-3.909398,0.10377588123083115,0.8519999980926514,0.73580002784729
YKL213C,YOL091W,0,-3.9096837,0.10376324504613876,0.8519999980926514,0.7358999848365784
YKL201C,YPL179W,0,-3.909783,0.10375060886144638,0.8519999980926514,0.7360000014305115
YPR052C,YNL088W,1,-3.9108095,0.10385973751544952,0.8529999852180481,0.7360000014305115
YNL334C,YOL011W,0,-3.9112248,0.10384709388017654,0.8529999852180481,0.7361000180244446
YNL177C,YJL059W,0,-3.9112997,0.10383445024490356,0.8529999852180481,0.7361999750137329
YOR056C,YDR218C,0,-3.9113307,0.10382181406021118,0.8529999852180481,0.736299991607666
YOR231W,YER019C-A,0,-3.9117308,0.1038091778755188,0.8529999852180481,0.7364000082015991
YPL248C,YML113W,0,-3.912003,0.10379654169082642,0.8529999852180481,0.7365000247955322
YGL068W,YER176W,0,-3.9120688,0.10378391295671463,0.8529999852180481,0.7365999817848206
YOR034C,YDL185W,0,-3.9122157,0.10377129167318344,0.8529999852180481,0.7366999983787537
YML074C,YOR317W,0,-3.9123893,0.10375867038965225,0.8529999852180481,0.7368000149726868
YBR060C,YGL014W,1,-3.9124823,0.10386767238378525,0.8539999723434448,0.7368000149726868
YCR003W,YKL126W,0,-3.9125776,0.10385504364967346,0.8539999723434448,0.7368999719619751
YJL078C,YJR093C,0,-3.9131126,0.10384241491556168,0.8539999723434448,0.7369999885559082
YKL126W,YHR067W,0,-3.9132037,0.10382978618144989,0.8539999723434448,0.7371000051498413
YCR037C,YGR222W,0,-3.9132686,0.1038171648979187,0.8539999723434448,0.7372000217437744
YPL274W,YMR047C,0,-3.9134607,0.10380454361438751,0.8539999723434448,0.7372999787330627
YLR004C,YHR146W,0,-3.9136033,0.10379192978143692,0.8539999723434448,0.7373999953269958
YML065W,YJL176C,1,-3.9136643,0.10390083491802216,0.8550000190734863,0.7373999953269958
YDR512C,YGR078C,0,-3.913776,0.10388821363449097,0.8550000190734863,0.737500011920929
YER119C,YOR261C,0,-3.9139624,0.10387559235095978,0.8550000190734863,0.7376000285148621
YHR043C,YBL028C,0,-3.914309,0.10386297106742859,0.8550000190734863,0.7376999855041504
YNL177C,YMR020W,0,-3.9145713,0.103850357234478,0.8550000190734863,0.7378000020980835
YKL191W,YNL282W,0,-3.91501,0.1038377434015274,0.8550000190734863,0.7379000186920166
YDR488C,YOL103W,0,-3.9153543,0.10382513701915741,0.8550000190734863,0.7379999756813049
YKL057C,YLR307W,0,-3.9156756,0.10381253063678741,0.8550000190734863,0.738099992275238
YER028C,YDR460W,0,-3.9157476,0.10379992425441742,0.8550000190734863,0.7382000088691711
YOL027C,YOR298W,0,-3.9157495,0.10378732532262802,0.8550000190734863,0.7383000254631042
YMR318C,YMR004W,0,-3.9159303,0.10377472639083862,0.8550000190734863,0.7383999824523926
YLR074C,YNL077W,0,-3.9159603,0.10376213490962982,0.8550000190734863,0.7384999990463257
YMR223W,YNL116W,0,-3.9161057,0.10374954342842102,0.8550000190734863,0.7386000156402588
YLR151C,YNL312W,0,-3.916418,0.10373695939779282,0.8550000190734863,0.7386999726295471
YLR070C,YER118C,0,-3.9168615,0.10372437536716461,0.8550000190734863,0.7387999892234802
YDR109C,YLR303W,0,-3.917039,0.10371179133653641,0.8550000190734863,0.7389000058174133
YEL036C,YDR005C,0,-3.917222,0.1036992147564888,0.8550000190734863,0.7390000224113464
YMR073C,YNL145W,0,-3.9175143,0.10368663817644119,0.8550000190734863,0.7390999794006348
YEL009C,YNL282W,0,-3.917623,0.10367406159639359,0.8550000190734863,0.7391999959945679
YDL204W,YKL087C,0,-3.9181466,0.10366149246692657,0.8550000190734863,0.739300012588501
YMR217W,YOR260W,0,-3.9182549,0.10364893078804016,0.8550000190734863,0.7394000291824341
YHR150W,YFR025C,0,-3.9185324,0.10363636165857315,0.8550000190734863,0.7394999861717224
YKL180W,YBL079W,0,-3.9185958,0.10362379997968674,0.8550000190734863,0.7396000027656555
YMR013C,YIL122W,0,-3.9187374,0.10361124575138092,0.8550000190734863,0.7397000193595886
YML018C,YBR189W,0,-3.9188576,0.1035986915230751,0.8550000190734863,0.739799976348877
YGR255C,YPL026C,0,-3.9190922,0.10358613729476929,0.8550000190734863,0.7398999929428101
YBR106W,YGL129C,0,-3.9192128,0.10357359051704407,0.8550000190734863,0.7400000095367432
YNL137C,YDR456W,0,-3.9195695,0.10356104373931885,0.8550000190734863,0.7401000261306763
YKL142W,YHR005C,0,-3.9196758,0.10354850441217422,0.8550000190734863,0.7401999831199646
YHR036W,YDR178W,0,-3.919693,0.1035359650850296,0.8550000190734863,0.7402999997138977
YOR243C,YPL221W,0,-3.9199681,0.10352342575788498,0.8550000190734863,0.7404000163078308
YGL167C,YDR218C,0,-3.9200244,0.10351089388132095,0.8550000190734863,0.7404999732971191
YNL126W,YOL011W,0,-3.9203162,0.10349836945533752,0.8550000190734863,0.7405999898910522
YGL006W,YIL048W,0,-3.9204922,0.1034858375787735,0.8550000190734863,0.7407000064849854
YDR101C,YHR015W,0,-3.9205317,0.10347331315279007,0.8550000190734863,0.7408000230789185
YDR272W,YOR126C,0,-3.9210715,0.10346079617738724,0.8550000190734863,0.7408999800682068
YOR202W,YGR211W,0,-3.9214253,0.1034482792019844,0.8550000190734863,0.7409999966621399
YBL076C,YLR105C,0,-3.9214501,0.10343576222658157,0.8550000190734863,0.741100013256073
YLR325C,YLR342W,0,-3.921607,0.10342325270175934,0.8550000190734863,0.7411999702453613
YNL290W,YKL059C,0,-3.9216108,0.1034107431769371,0.8550000190734863,0.7412999868392944
YPR145W,YER176W,0,-3.921781,0.10339823365211487,0.8550000190734863,0.7414000034332275
YGL092W,YBL016W,0,-3.9218287,0.10338573157787323,0.8550000190734863,0.7415000200271606
YER086W,YIL077C,0,-3.9218845,0.10337322950363159,0.8550000190734863,0.741599977016449
YER148W,YPL002C,0,-3.9220414,0.10336073487997055,0.8550000190734863,0.7416999936103821
YJR004C,YDL087C,0,-3.9222026,0.10334824025630951,0.8550000190734863,0.7418000102043152
YLR166C,YEL030W,0,-3.9225736,0.10333575308322906,0.8550000190734863,0.7419000267982483
YIL149C,YPL037C,0,-3.922624,0.10332326591014862,0.8550000190734863,0.7419999837875366
YNR038W,YBR189W,0,-3.9228706,0.10331077873706818,0.8550000190734863,0.7421000003814697
YKL129C,YJR092W,0,-3.9228811,0.10329829901456833,0.8550000190734863,0.7422000169754028
YGR240C,YBR035C,0,-3.9229817,0.10328581929206848,0.8550000190734863,0.7422999739646912
YIL044C,YBR035C,0,-3.9230742,0.10327333956956863,0.8550000190734863,0.7423999905586243
YGL125W,YCL016C,0,-3.923139,0.10326086729764938,0.8550000190734863,0.7425000071525574
YER086W,YOL058W,0,-3.923449,0.10324840247631073,0.8550000190734863,0.7426000237464905
YDR405W,YBL084C,0,-3.9235659,0.10323593020439148,0.8550000190734863,0.7426999807357788
YKL024C,YKL074C,0,-3.9240384,0.10322347283363342,0.8550000190734863,0.7427999973297119
YDR071C,YNL186W,1,-3.924253,0.10333172231912613,0.8560000061988831,0.7427999973297119
YBR248C,YHL047C,0,-3.9244118,0.10331925004720688,0.8560000061988831,0.742900013923645
YGL023C,YER149C,0,-3.9245415,0.10330678522586823,0.8560000061988831,0.7429999709129333
YKL126W,YOR298W,0,-3.9248114,0.10329431295394897,0.8560000061988831,0.7430999875068665
YLR047C,YPL089C,0,-3.9251766,0.10328185558319092,0.8560000061988831,0.7432000041007996
YJL080C,YIL084C,1,-3.925558,0.10339003801345825,0.8569999933242798,0.7432000041007996
YGR013W,YPL048W,0,-3.9257326,0.103377565741539,0.8569999933242798,0.7433000206947327
YPL221W,YOR335C,0,-3.9257479,0.10336509346961975,0.8569999933242798,0.743399977684021
YDR487C,YDR188W,0,-3.9260125,0.1033526286482811,0.8569999933242798,0.7434999942779541
YFR025C,YKR030W,0,-3.9261136,0.10334016382694244,0.8569999933242798,0.7436000108718872
YDR224C,YDR439W,1,-3.9261136,0.1034482792019844,0.8579999804496765,0.7436000108718872
YOR030W,YJR025C,0,-3.9261231,0.10343580693006516,0.8579999804496765,0.7437000274658203
YLR226W,YCL039W,0,-3.9262447,0.1034233346581459,0.8579999804496765,0.7437999844551086
YMR208W,YOR084W,0,-3.92625,0.10341086983680725,0.8579999804496765,0.7439000010490417
YDR316W,YDR146C,0,-3.926361,0.1033984124660492,0.8579999804496765,0.7440000176429749
YGL095C,YDL093W,0,-3.9264646,0.10338594764471054,0.8579999804496765,0.7440999746322632
YER073W,YOR087W,0,-3.9264932,0.10337349027395248,0.8579999804496765,0.7441999912261963
YJL148W,YOR125C,0,-3.9267678,0.10336104035377502,0.8579999804496765,0.7443000078201294
YOR187W,YBR155W,0,-3.927774,0.10334859043359756,0.8579999804496765,0.7444000244140625
YAR007C,YJL111W,0,-3.9280357,0.1033361405134201,0.8579999804496765,0.7444999814033508
YNL154C,YBR114W,0,-3.9281049,0.10332369804382324,0.8579999804496765,0.7445999979972839
YBL018C,YHR066W,0,-3.9281874,0.10331125557422638,0.8579999804496765,0.744700014591217
YKL154W,YER118C,0,-3.928194,0.10329882055521011,0.8579999804496765,0.7447999715805054
YCL030C,YDR041W,0,-3.928359,0.10328638553619385,0.8579999804496765,0.7448999881744385
YKL213C,YKL132C,0,-3.9283853,0.10327395051717758,0.8579999804496765,0.7450000047683716
YER073W,YKL077W,0,-3.9285202,0.10326152294874191,0.8579999804496765,0.7451000213623047
YLR079W,YIL101C,0,-3.9288125,0.10324909538030624,0.8579999804496765,0.745199978351593
YPL274W,YJL069C,0,-3.9288282,0.10323667526245117,0.8579999804496765,0.7452999949455261
YER086W,YER052C,0,-3.9289074,0.1032242551445961,0.8579999804496765,0.7454000115394592
YML056C,YBL028C,0,-3.9289637,0.10321183502674103,0.8579999804496765,0.7455000281333923
YML086C,YDR377W,0,-3.929027,0.10319942235946655,0.8579999804496765,0.7455999851226807
YOR087W,YMR140W,0,-3.92904,0.10318700969219208,0.8579999804496765,0.7457000017166138
YBL075C,YGR166W,0,-3.9291782,0.1031746044754982,0.8579999804496765,0.7458000183105469
YCL031C,YLR447C,0,-3.9297476,0.10316219925880432,0.8579999804496765,0.7458999752998352
YJL080C,YMR127C,1,-3.929936,0.1032700166106224,0.859000027179718,0.7458999752998352
YHR043C,YBL047C,0,-3.929943,0.10325760394334793,0.859000027179718,0.7459999918937683
YJR001W,YDL066W,0,-3.929975,0.10324519127607346,0.859000027179718,0.7461000084877014
YFR004W,YOL005C,0,-3.9301848,0.10323278605937958,0.859000027179718,0.7462000250816345
YLR325C,YJL196C,0,-3.930317,0.1032203808426857,0.859000027179718,0.7462999820709229
YFR004W,YLR239C,0,-3.930923,0.10320797562599182,0.859000027179718,0.746399998664856
YMR077C,YKL120W,0,-3.9309793,0.10319557785987854,0.859000027179718,0.7465000152587891
YDR323C,YLL038C,0,-3.9311438,0.10318318009376526,0.859000027179718,0.7465999722480774
YNL009W,YAR014C,0,-3.9312844,0.10317078977823257,0.859000027179718,0.7466999888420105
YOR064C,YBL003C,1,-3.9314375,0.1032784953713417,0.8600000143051147,0.7466999888420105
YIL084C,YNL088W,1,-3.931868,0.10338616371154785,0.8610000014305115,0.7466999888420105
YNR047W,YGR158C,0,-3.9318938,0.10337375104427338,0.8610000014305115,0.7468000054359436
YHR143W,YPL270W,0,-3.9320292,0.1033613458275795,0.8610000014305115,0.7469000220298767
YDR421W,YOL144W,0,-3.9321275,0.10334894061088562,0.8610000014305115,0.746999979019165
YOR028C,YNL273W,0,-3.9322305,0.10333653539419174,0.8610000014305115,0.7470999956130981
YNL083W,YGR085C,0,-3.9322467,0.10332413017749786,0.8610000014305115,0.7472000122070312
YGL247W,YPL075W,0,-3.9322915,0.10331173241138458,0.8610000014305115,0.7473000288009644
YPL031C,YGR287C,0,-3.9323177,0.1032993420958519,0.8610000014305115,0.7473999857902527
YCR003W,YKL213C,0,-3.9324808,0.10328695178031921,0.8610000014305115,0.7475000023841858
YKR007W,YPR165W,0,-3.9325018,0.10327456146478653,0.8610000014305115,0.7476000189781189
YNL067W,YNL092W,0,-3.9328094,0.10326217114925385,0.8610000014305115,0.7476999759674072
YNL173C,YBR070C,0,-3.932837,0.10324978828430176,0.8610000014305115,0.7477999925613403
YJR144W,YGR106C,0,-3.9329662,0.10323741286993027,0.8610000014305115,0.7479000091552734
YLR044C,YML004C,0,-3.933208,0.10322503000497818,0.8610000014305115,0.7480000257492065
YML047C,YKL206C,0,-3.9337602,0.10321266204118729,0.8610000014305115,0.7480999827384949
YNL258C,YMR208W,0,-3.9342327,0.1032002866268158,0.8610000014305115,0.748199999332428
YIL004C,YER131W,0,-3.935028,0.1031879186630249,0.8610000014305115,0.7483000159263611
YOL148C,YJL127C,1,-3.9351807,0.10329538583755493,0.8619999885559082,0.7483000159263611
YLR007W,YPL270W,0,-3.935361,0.10328301042318344,0.8619999885559082,0.7483999729156494
YDR405W,YML077W,0,-3.9360209,0.10327063500881195,0.8619999885559082,0.7484999895095825
YMR088C,YPL037C,0,-3.9362726,0.10325826704502106,0.8619999885559082,0.7486000061035156
YOR122C,YHL027W,0,-3.9364452,0.10324589908123016,0.8619999885559082,0.7487000226974487
YFL034C-B,YJR047C,0,-3.9366755,0.10323353111743927,0.8619999885559082,0.7487999796867371
YML113W,YPL121C,0,-3.9367986,0.10322117060422897,0.8619999885559082,0.7488999962806702
YMR261C,YJR151C,0,-3.9368544,0.10320881009101868,0.8619999885559082,0.7490000128746033
YNL334C,YDL078C,0,-3.9370074,0.10319645702838898,0.8619999885559082,0.7491000294685364
YLR381W,YLR188W,0,-3.9372306,0.10318410396575928,0.8619999885559082,0.7491999864578247
YBR088C,YDL076C,1,-3.9372373,0.10329144448041916,0.8629999756813049,0.7491999864578247
YNL081C,YGL147C,0,-3.9373932,0.10327908396720886,0.8629999756813049,0.7493000030517578
YKL180W,YLR155C,0,-3.9375954,0.10326672345399857,0.8629999756813049,0.7494000196456909
YHL028W,YGL147C,0,-3.937613,0.10325437039136887,0.8629999756813049,0.7494999766349792
YGL013C,YBR156C,0,-3.9377584,0.10324201732873917,0.8629999756813049,0.7495999932289124
YER045C,YPR067W,0,-3.9380279,0.10322966426610947,0.8629999756813049,0.7497000098228455
YCL008C,YBR121C,0,-3.9381542,0.10321731865406036,0.8629999756813049,0.7498000264167786
YBR213W,YHL015W,0,-3.938157,0.10320497304201126,0.8629999756813049,0.7498999834060669
YKL132C,YHR043C,0,-3.93817,0.10319263488054276,0.8629999756813049,0.75
YAL020C,YDR017C,0,-3.9384441,0.10318029671907425,0.8629999756813049,0.7501000165939331
YNL062C,YPR176C,0,-3.9385753,0.10316795855760574,0.8629999756813049,0.7501999735832214
YGR194C,YER038C,0,-3.9392772,0.10315562784671783,0.8629999756813049,0.7502999901771545
YJL110C,YBL058W,0,-3.9394236,0.10314330458641052,0.8629999756813049,0.7504000067710876
YIR017C,YGL075C,0,-3.9395113,0.10313097387552261,0.8629999756813049,0.7505000233650208
YBR088C,YLR449W,1,-3.9395595,0.10323814302682877,0.8640000224113464,0.7505000233650208
YFR009W,YDR206W,0,-3.9398932,0.10322580486536026,0.8640000224113464,0.7505999803543091
YKR094C,YML067C,0,-3.940011,0.10321347415447235,0.8640000224113464,0.7506999969482422
YOR091W,YGR007W,0,-3.9400902,0.10320114344358444,0.8640000224113464,0.7508000135421753
YEL003W,YNL116W,0,-3.940176,0.10318882018327713,0.8640000224113464,0.7508999705314636
YPL248C,YDR235W,0,-3.940277,0.10317649692296982,0.8640000224113464,0.7509999871253967
YIL034C,YER007C-A,0,-3.9404688,0.1031641811132431,0.8640000224113464,0.7511000037193298
YOL164W,YPL031C,0,-3.9406538,0.10315186530351639,0.8640000224113464,0.7512000203132629
YJR127C,YHR169W,0,-3.940875,0.10313954949378967,0.8640000224113464,0.7512999773025513
YGR034W,YOR221C,0,-3.940987,0.10312724113464355,0.8640000224113464,0.7513999938964844
YBR048W,YNL145W,0,-3.9410534,0.10311493277549744,0.8640000224113464,0.7515000104904175
YNL334C,YDR512C,0,-3.941248,0.10310262441635132,0.8640000224113464,0.7516000270843506
YOR004W,YGL048C,0,-3.941317,0.1030903235077858,0.8640000224113464,0.7516999840736389
YOR377W,YIR008C,0,-3.9413958,0.10307802259922028,0.8640000224113464,0.751800000667572
YNL078W,YER062C,0,-3.9417434,0.10306572914123535,0.8640000224113464,0.7519000172615051
YFR009W,YNL094W,0,-3.9418707,0.10305343568325043,0.8640000224113464,0.7519999742507935
YOL004W,YGL066W,1,-3.9421186,0.10316040366888046,0.8650000095367432,0.7519999742507935
YNR057C,YGR174C,0,-3.9424243,0.10314810276031494,0.8650000095367432,0.7520999908447266
YLR388W,YML086C,0,-3.9429002,0.10313580185174942,0.8650000095367432,0.7522000074386597
YNR047W,YGR287C,0,-3.942922,0.1031235083937645,0.8650000095367432,0.7523000240325928
YDL067C,YJL110C,0,-3.9429593,0.10311121493577957,0.8650000095367432,0.7523999810218811
YGR106C,YIR009W,0,-3.9432397,0.10309892892837524,0.8650000095367432,0.7524999976158142
YLR350W,YGL053W,0,-3.9432821,0.10308664292097092,0.8650000095367432,0.7526000142097473
YFL022C,YML126C,0,-3.9433022,0.10307435691356659,0.8650000095367432,0.7526999711990356
YMR180C,YBL047C,0,-3.9436364,0.10306207835674286,0.8650000095367432,0.7527999877929688
YPL043W,YOL007C,0,-3.943665,0.10304979979991913,0.8650000095367432,0.7529000043869019
YJL183W,YOR355W,0,-3.9436712,0.1030375212430954,0.8650000095367432,0.753000020980835
YGL068W,YMR020W,0,-3.9438095,0.10302525013685226,0.8650000095367432,0.7530999779701233
YLR044C,YKL134C,0,-3.9441514,0.10301297903060913,0.8650000095367432,0.7531999945640564
YHR025W,YGR038W,0,-3.9443202,0.1030007153749466,0.8650000095367432,0.7533000111579895
YKL130C,YCL008C,0,-3.9445653,0.10298845171928406,0.8650000095367432,0.7534000277519226
YDR033W,YLR310C,0,-3.9447165,0.10297618806362152,0.8650000095367432,0.7534999847412109
YDL067C,YFR044C,0,-3.9450169,0.10296393185853958,0.8650000095367432,0.753600001335144
YCL016C,YGR144W,0,-3.9450593,0.10295167565345764,0.8650000095367432,0.7537000179290771
YMR058W,YBR004C,0,-3.9453335,0.1029394268989563,0.8650000095367432,0.7537999749183655
YLR044C,YDR004W,0,-3.9454026,0.10292717814445496,0.8650000095367432,0.7538999915122986
YCR003W,YOR380W,0,-3.9456878,0.10291492938995361,0.8650000095367432,0.7540000081062317
YMR140W,YLR151C,0,-3.9457045,0.10290268808603287,0.8650000095367432,0.7541000247001648
YLR398C,YOR034C,0,-3.946175,0.10289044678211212,0.8650000095367432,0.7541999816894531
YNL088W,YNL186W,1,-3.946858,0.10299714654684067,0.8659999966621399,0.7541999816894531
YMR036C,YBR048W,0,-3.9468813,0.10298489779233932,0.8659999966621399,0.7542999982833862
YLR105C,YGL047W,0,-3.947523,0.10297264903783798,0.8659999966621399,0.7544000148773193
YBR019C,YKL130C,0,-3.94776,0.10296040773391724,0.8659999966621399,0.7544999718666077
YMR072W,YOL135C,0,-3.9478598,0.10294816642999649,0.8659999966621399,0.7545999884605408
YIL070C,YLR166C,0,-3.947928,0.10293593257665634,0.8659999966621399,0.7547000050544739
YGR222W,YJR074W,0,-3.9480023,0.10292369872331619,0.8659999966621399,0.754800021648407
YOL052C,YIL016W,0,-3.9481888,0.10291146486997604,0.8659999966621399,0.7548999786376953
YNL059C,YHR119W,1,-3.9482756,0.10301806032657623,0.8669999837875366,0.7548999786376953
YKR020W,YIL148W,0,-3.9483109,0.10300581902265549,0.8669999837875366,0.7549999952316284
YGL157W,YOR285W,0,-3.9483438,0.10299358516931534,0.8669999837875366,0.7551000118255615
YNL081C,YKL082C,0,-3.9485707,0.10298135131597519,0.8669999837875366,0.7552000284194946
YGL038C,YGR047C,0,-3.9486375,0.10296911746263504,0.8669999837875366,0.755299985408783
YDR368W,YML067C,0,-3.9488926,0.10295689105987549,0.8669999837875366,0.7554000020027161
YOR281C,YIL117C,0,-3.9489121,0.10294467210769653,0.8669999837875366,0.7555000185966492
YKL017C,YKL150W,0,-3.9489446,0.10293244570493698,0.8669999837875366,0.7555999755859375
YCR017C,YHR085W,0,-3.9491506,0.10292022675275803,0.8669999837875366,0.7556999921798706
YDR405W,YNL312W,0,-3.949431,0.10290801525115967,0.8669999837875366,0.7558000087738037
YER038C,YEL047C,0,-3.9497757,0.10289579629898071,0.8669999837875366,0.7559000253677368
YDL142C,YOR319W,0,-3.9504805,0.10288358479738235,0.8669999837875366,0.7559999823570251
YOR348C,YNL267W,0,-3.9504976,0.1028713807463646,0.8669999837875366,0.7560999989509583
YDR253C,YDR412W,0,-3.9506836,0.10285917669534683,0.8669999837875366,0.7562000155448914
YPR111W,YNL238W,0,-3.9507527,0.10284697264432907,0.8669999837875366,0.7562999725341797
YER009W,YLR268W,0,-3.950933,0.1028347760438919,0.8669999837875366,0.7563999891281128
YHR076W,YDR178W,0,-3.9512706,0.10282257944345474,0.8669999837875366,0.7565000057220459
YMR261C,YHR150W,0,-3.951334,0.10281039029359818,0.8669999837875366,0.756600022315979
YKR019C,YOL090W,1,-3.9513464,0.10291676223278046,0.8679999709129333,0.756600022315979
YPL204W,YGR007W,0,-3.951499,0.10290456563234329,0.8679999709129333,0.7566999793052673
YOL113W,YLR103C,0,-3.9517708,0.10289236903190613,0.8679999709129333,0.7567999958992004
YGL084C,YAL044C,0,-3.9518394,0.10288017243146896,0.8679999709129333,0.7569000124931335
YJL094C,YIL149C,0,-3.9519224,0.1028679758310318,0.8679999709129333,0.7570000290870667
YML005W,YNL134C,0,-3.9519682,0.10285578668117523,0.8679999709129333,0.757099986076355
YNR058W,YKR024C,0,-3.9520884,0.10284360498189926,0.8679999709129333,0.7572000026702881
YGL095C,YGL131C,0,-3.9521956,0.1028314158320427,0.8679999709129333,0.7573000192642212
YGR252W,YJL115W,1,-3.952239,0.10293769091367722,0.8690000176429749,0.7573000192642212
YFR005C,YML004C,0,-3.9525561,0.10292550176382065,0.8690000176429749,0.7573999762535095
YMR022W,YDR071C,1,-3.952633,0.10303173959255219,0.8700000047683716,0.7573999762535095
YNL069C,YML120C,0,-3.9527636,0.10301953554153442,0.8700000047683716,0.7574999928474426
YBR149W,YNL252C,0,-3.9529233,0.10300733894109726,0.8700000047683716,0.7576000094413757
YGL212W,YIL148W,0,-3.9529667,0.10299514979124069,0.8700000047683716,0.7577000260353088
YKL129C,YKL134C,0,-3.953104,0.10298295319080353,0.8700000047683716,0.7577999830245972
YNR045W,YDL142C,0,-3.9533377,0.10297076404094696,0.8700000047683716,0.7578999996185303
YKL180W,YHR077C,0,-3.953486,0.10295858234167099,0.8700000047683716,0.7580000162124634
YKL130C,YGL097W,0,-3.9537764,0.10294639319181442,0.8700000047683716,0.7580999732017517
YBL006C,YDR071C,1,-3.9539948,0.1030525341629982,0.8709999918937683,0.7580999732017517
YHR146W,YBR294W,0,-3.9540348,0.10304033756256104,0.8709999918937683,0.7581999897956848
YLL010C,YGR145W,0,-3.9544473,0.10302815586328506,0.8709999918937683,0.7583000063896179
YGL170C,YJR047C,0,-3.9552808,0.1030159667134285,0.8709999918937683,0.758400022983551
YDL013W,YGL120C,0,-3.9554262,0.10300378501415253,0.8709999918937683,0.7584999799728394
YKR076W,YGL129C,0,-3.9554944,0.10299160331487656,0.8709999918937683,0.7585999965667725
YML103C,YEL042W,0,-3.9555101,0.10297942906618118,0.8709999918937683,0.7587000131607056
YNR038W,YOR355W,0,-3.9558005,0.10296725481748581,0.8709999918937683,0.7588000297546387
YDR279W,YLR121C,0,-3.9559555,0.10295508056879044,0.8709999918937683,0.758899986743927
YOL109W,YBR041W,0,-3.9563537,0.10294291377067566,0.8709999918937683,0.7590000033378601
YER028C,YKL034W,0,-3.9563923,0.10293074697256088,0.8709999918937683,0.7591000199317932
YPL106C,YEL011W,0,-3.9567719,0.1029185876250267,0.8709999918937683,0.7591999769210815
YDL230W,YLR427W,0,-3.9572773,0.10290642827749252,0.8709999918937683,0.7592999935150146
YBL003C,YER161C,1,-3.9573512,0.10301240533590317,0.871999979019165,0.7592999935150146
YLR070C,YBL028C,0,-3.9575176,0.10300023853778839,0.871999979019165,0.7594000101089478
YPL157W,YKL062W,0,-3.957582,0.10298807173967361,0.871999979019165,0.7595000267028809
YHL028W,YMR165C,0,-3.957632,0.10297591239213943,0.871999979019165,0.7595999836921692
YKL132C,YGL161C,0,-3.9576488,0.10296375304460526,0.871999979019165,0.7597000002861023
YBR155W,YIL142W,0,-3.9582052,0.10295159369707108,0.871999979019165,0.7598000168800354
YMR303C,YDR277C,0,-3.9583373,0.10293944180011749,0.871999979019165,0.7598999738693237
YJL219W,YDR279W,0,-3.9585829,0.10292728990316391,0.871999979019165,0.7599999904632568
YBR289W,YBL003C,1,-3.9588237,0.1030331626534462,0.8730000257492065,0.7599999904632568
YML086C,YJR004C,0,-3.95886,0.10302100330591202,0.8730000257492065,0.7601000070571899
YDR277C,YKL213C,0,-3.9589548,0.10300885140895844,0.8730000257492065,0.760200023651123
YJL035C,YDR322C-A,0,-3.9590015,0.10299669951200485,0.8730000257492065,0.7602999806404114
YOR281C,YOL082W,0,-3.959135,0.10298454761505127,0.8730000257492065,0.7603999972343445
YGL157W,YPL221W,0,-3.9595933,0.10297239571809769,0.8730000257492065,0.7605000138282776
YOL058W,YAL044C,0,-3.9599533,0.1029602512717247,0.8730000257492065,0.7605999708175659
YLR007W,YJR047C,0,-3.960188,0.10294811427593231,0.8730000257492065,0.760699987411499
YOR261C,YOL143C,0,-3.9602757,0.10293597728013992,0.8730000257492065,0.7608000040054321
YMR233W,YJR161C,0,-3.960679,0.10292384028434753,0.8730000257492065,0.7609000205993652
YBL072C,YOR219C,0,-3.9607005,0.10291170328855515,0.8730000257492065,0.7609999775886536
YLR050C,YOR091W,0,-3.9608488,0.10289957374334335,0.8730000257492065,0.7610999941825867
YGL006W,YLR070C,0,-3.9611588,0.10288745164871216,0.8730000257492065,0.7612000107765198
YBL036C,YNL308C,0,-3.9613347,0.10287532210350037,0.8730000257492065,0.7613000273704529
YNL062C,YHR026W,0,-3.9614348,0.10286320000886917,0.8730000257492065,0.7613999843597412
YNL261W,YOR064C,1,-3.9616117,0.10296889394521713,0.8740000128746033,0.7613999843597412
YLR381W,YJR036C,0,-3.9619207,0.10295676440000534,0.8740000128746033,0.7615000009536743
YBR055C,YMR303C,0,-3.9622164,0.10294464230537415,0.8740000128746033,0.7616000175476074
YCR026C,YLR029C,0,-3.9624124,0.10293252021074295,0.8740000128746033,0.7616999745368958
YGL125W,YHR148W,0,-3.9624386,0.10292039811611176,0.8740000128746033,0.7617999911308289
YGL157W,YLR061W,0,-3.9625626,0.10290827602148056,0.8740000128746033,0.761900007724762
YMR168C,YLR330W,0,-3.9630165,0.10289616137742996,0.8740000128746033,0.7620000243186951
YJL065C,YNL186W,1,-3.9630322,0.10300176590681076,0.875,0.7620000243186951
YLR145W,YDL217C,0,-3.9631128,0.10298964381217957,0.875,0.7620999813079834
YDR497C,YCL027W,0,-3.9631243,0.10297752171754837,0.875,0.7621999979019165
YBL084C,YOR380W,0,-3.963346,0.10296540707349777,0.875,0.7623000144958496
YNR047W,YHR146W,0,-3.9635777,0.10295328497886658,0.875,0.7623999714851379
YKL082C,YOR355W,0,-3.963859,0.10294117778539658,0.875,0.762499988079071
YGL147C,YKL035W,0,-3.9639401,0.10292907059192657,0.875,0.7626000046730042
YPL198W,YGR078C,0,-3.9639802,0.10291696339845657,0.875,0.7627000212669373
YOL165C,YNL278W,0,-3.9646153,0.10290485620498657,0.875,0.7627999782562256
YNL287W,YGL179C,0,-3.9646487,0.10289275646209717,0.875,0.7628999948501587
YLR238W,YLL067C,0,-3.964841,0.10288065671920776,0.875,0.7630000114440918
YIL101C,YBR294W,0,-3.9648604,0.10286856442689896,0.875,0.7631000280380249
YCR010C,YDR412W,0,-3.9649558,0.10285647213459015,0.875,0.7631999850273132
YAL020C,YDR184C,0,-3.965023,0.10284437984228134,0.875,0.7633000016212463
YPR134W,YKL150W,0,-3.9650383,0.10283229500055313,0.875,0.7634000182151794
YLL031C,YNL223W,0,-3.96529,0.10282021015882492,0.875,0.7634999752044678
YGL066W,YLL002W,1,-3.9653006,0.1029256284236908,0.8759999871253967,0.7634999752044678
YLR324W,YMR223W,0,-3.9655986,0.10291353613138199,0.8759999871253967,0.7635999917984009
YFR004W,YLL031C,0,-3.9660487,0.10290144383907318,0.8759999871253967,0.763700008392334
YIL062C,YPL270W,0,-3.9661613,0.10288935899734497,0.8759999871253967,0.7638000249862671
YGL037C,YPR034W,1,-3.9662457,0.10299471765756607,0.8769999742507935,0.7638000249862671
YML069W,YNL097C,1,-3.9662557,0.10310004651546478,0.878000020980835,0.7638000249862671
YJR093C,YKR067W,0,-3.966413,0.10308793932199478,0.878000020980835,0.7638999819755554
YGR240C,YPL274W,0,-3.9664273,0.10307583957910538,0.878000020980835,0.7639999985694885
YLR350W,YHR142W,0,-3.9669418,0.10306373983621597,0.878000020980835,0.7641000151634216
YEL009C,YJR025C,0,-3.9675393,0.10305164009332657,0.878000020980835,0.76419997215271
YBL018C,YHR176W,0,-3.9681683,0.10303954780101776,0.878000020980835,0.7642999887466431
YER014W,YKL034W,0,-3.9682503,0.10302745550870895,0.878000020980835,0.7644000053405762
YJR127C,YOR354C,0,-3.968524,0.10301537066698074,0.878000020980835,0.7645000219345093
YIL062C,YJL053W,0,-3.9691901,0.10300328582525253,0.878000020980835,0.7645999789237976
YGR121C,YER029C,0,-3.9692698,0.10299120098352432,0.878000020980835,0.7646999955177307
YMR077C,YOR092W,0,-3.969401,0.10297912359237671,0.878000020980835,0.7648000121116638
YBR261C,YIL110W,0,-3.9694076,0.1029670462012291,0.878000020980835,0.7649000287055969
YOR044W,YKL051W,0,-3.969428,0.10295496881008148,0.878000020980835,0.7649999856948853
YER072W,YHR081W,0,-3.9694538,0.10294289886951447,0.878000020980835,0.7651000022888184
YDL213C,YLR151C,0,-3.9695663,0.10293082892894745,0.878000020980835,0.7652000188827515
YPR145W,YPL174C,0,-3.969849,0.10291876643896103,0.878000020980835,0.7652999758720398
YDL049C,YOR221C,0,-3.969985,0.10290670394897461,0.878000020980835,0.7653999924659729
YDL217C,YNL116W,0,-3.9701514,0.10289464145898819,0.878000020980835,0.765500009059906
YMR286W,YGL067W,0,-3.9702864,0.10288258641958237,0.878000020980835,0.7656000256538391
YCL027W,YOL122C,0,-3.9703155,0.10287053138017654,0.878000020980835,0.7656999826431274
YMR077C,YNL009W,0,-3.9704213,0.10285848379135132,0.878000020980835,0.7657999992370605
YDR253C,YER052C,0,-3.9704642,0.10284643620252609,0.878000020980835,0.7659000158309937
YJL219W,YPR067W,0,-3.9705114,0.10283438861370087,0.878000020980835,0.765999972820282
YJL146W,YFL034C-B,0,-3.9707122,0.10282234102487564,0.878000020980835,0.7660999894142151
YDR146C,YOR355W,0,-3.970798,0.10281030088663101,0.878000020980835,0.7662000060081482
YCR017C,YDR188W,0,-3.9709811,0.10279826819896698,0.878000020980835,0.7663000226020813
YOR181W,YFR044C,0,-3.9712262,0.10278623551130295,0.878000020980835,0.7663999795913696
YOL164W,YDR456W,0,-3.971468,0.10277420282363892,0.878000020980835,0.7664999961853027
YKL024C,YER087C-A,0,-3.9714766,0.10276217013597488,0.878000020980835,0.7666000127792358
YIL034C,YDR056C,0,-3.9716368,0.10275014489889145,0.878000020980835,0.766700029373169
YIL048W,YDR460W,0,-3.9721274,0.10273811966180801,0.878000020980835,0.7667999863624573
YIL051C,YOR260W,0,-3.9721565,0.10272610187530518,0.878000020980835,0.7669000029563904
YJL148W,YNR032W,0,-3.9723244,0.10271408408880234,0.878000020980835,0.7670000195503235
YPR052C,YEL056W,1,-3.9724069,0.1028190404176712,0.8790000081062317,0.7670000195503235
YJR025C,YDR280W,0,-3.9726539,0.10280701518058777,0.8790000081062317,0.7670999765396118
YDL020C,YMR047C,0,-3.9729023,0.10279499739408493,0.8790000081062317,0.7671999931335449
YGR121C,YAR014C,0,-3.9730134,0.1027829721570015,0.8790000081062317,0.767300009727478
YBR265W,YIL148W,0,-3.9735808,0.10277095437049866,0.8790000081062317,0.7674000263214111
YKR019C,YLR321C,1,-3.9735875,0.10287585109472275,0.8799999952316284,0.7674000263214111
YBR088C,YDR225W,1,-3.9736533,0.10298071056604385,0.8809999823570251,0.7674000263214111
YCR097W,YER045C,0,-3.9737291,0.10296867787837982,0.8809999823570251,0.7674999833106995
YPL026C,YLR151C,0,-3.97443,0.10295664519071579,0.8809999823570251,0.7675999999046326
YDR041W,YDL147W,0,-3.9744334,0.10294461250305176,0.8809999823570251,0.7677000164985657
YPR060C,YDR280W,0,-3.9744601,0.10293258726596832,0.8809999823570251,0.767799973487854
YLR044C,YCR093W,0,-3.9744987,0.10292056202888489,0.8809999823570251,0.7678999900817871
YMR195W,YPL157W,0,-3.974698,0.10290853679180145,0.8809999823570251,0.7680000066757202
YIL062C,YGR211W,0,-3.9747539,0.10289651900529861,0.8809999823570251,0.7681000232696533
YHL015W,YDL077C,0,-3.9747844,0.10288450121879578,0.8809999823570251,0.7681999802589417
YKL034W,YKL004W,0,-3.975381,0.10287249088287354,0.8809999823570251,0.7682999968528748
YIL148W,YER129W,0,-3.9754362,0.1028604805469513,0.8809999823570251,0.7684000134468079
YGR144W,YBR129C,0,-3.9755902,0.10284847021102905,0.8809999823570251,0.7684999704360962
YDR469W,YGL066W,1,-3.9761486,0.10295319557189941,0.8820000290870667,0.7684999704360962
YHR030C,YHR211W,0,-3.9762058,0.10294117778539658,0.8820000290870667,0.7685999870300293
YMR043W,YPL090C,0,-3.9762297,0.10292915999889374,0.8820000290870667,0.7687000036239624
YLR044C,YPL188W,0,-3.976397,0.1029171496629715,0.8820000290870667,0.7688000202178955
YLL062C,YLR301W,0,-3.9765015,0.10290514677762985,0.8820000290870667,0.7688999772071838
YOR079C,YDL101C,0,-3.9767113,0.10289314389228821,0.8820000290870667,0.7689999938011169
YER171W,YPL198W,0,-3.9772034,0.10288114100694656,0.8820000290870667,0.76910001039505
YMR013C,YJR006W,0,-3.9773517,0.10286913812160492,0.8820000290870667,0.7692000269889832
YOR061W,YBR041W,0,-3.9774876,0.10285714268684387,0.8820000290870667,0.7692999839782715
YIL117C,YIR009W,0,-3.9777384,0.10284514725208282,0.8820000290870667,0.7694000005722046
YKR007W,YKL074C,0,-3.978788,0.10283315926790237,0.8820000290870667,0.7695000171661377
YDR184C,YGL161C,0,-3.9791656,0.10282117128372192,0.8820000290870667,0.769599974155426
YNR059W,YPR138C,0,-3.9796562,0.10280918329954147,0.8820000290870667,0.7696999907493591
YML123C,YKL180W,0,-3.9800172,0.10279720276594162,0.8820000290870667,0.7698000073432922
YHR043C,YNL252C,0,-3.9800987,0.10278522223234177,0.8820000290870667,0.7699000239372253
YER171W,YBL047C,0,-3.9804258,0.10277324914932251,0.8820000290870667,0.7699999809265137
YEL036C,YHR191C,0,-3.9806957,0.10276126861572266,0.8820000290870667,0.7700999975204468
YLR350W,YOL100W,0,-3.9807858,0.102749302983284,0.8820000290870667,0.7702000141143799
YIL085C,YOR084W,0,-3.981151,0.10273732990026474,0.8820000290870667,0.7702999711036682
YKR101W,YMR022W,1,-3.9811692,0.10284183919429779,0.8830000162124634,0.7702999711036682
YER014W,YGL008C,0,-3.9815555,0.10282985866069794,0.8830000162124634,0.7703999876976013
YLR268W,YEL047C,0,-3.9815636,0.10281788557767868,0.8830000162124634,0.7705000042915344
YPL089C,YOL144W,0,-3.9816346,0.10280591249465942,0.8830000162124634,0.7706000208854675
YIR017C,YIL149C,0,-3.981831,0.10279394686222076,0.8830000162124634,0.7706999778747559
YJL190C,YML067C,0,-3.9818707,0.1027819812297821,0.8830000162124634,0.770799994468689
YOR123C,YBL003C,1,-3.9823866,0.10288640856742859,0.8840000033378601,0.770799994468689
YFL034C-B,YOL082W,0,-3.9824195,0.10287443548440933,0.8840000033378601,0.7709000110626221
YDL204W,YOL164W,0,-3.9824872,0.10286246240139008,0.8840000033378601,0.7710000276565552
YDR519W,YHR169W,0,-3.9825706,0.10285049676895142,0.8840000033378601,0.7710999846458435
YHR066W,YEL047C,0,-3.9827209,0.10283853113651276,0.8840000033378601,0.7712000012397766
YHR163W,YIL125W,0,-3.9830523,0.1028265655040741,0.8840000033378601,0.7713000178337097
YDR358W,YBL016W,0,-3.9836822,0.10281460732221603,0.8840000033378601,0.771399974822998
YJR022W,YMR180C,0,-3.9840178,0.10280264914035797,0.8840000033378601,0.7714999914169312
YLR303W,YGR220C,0,-3.9841118,0.1027906984090805,0.8840000033378601,0.7716000080108643
YIL131C,YLR449W,1,-3.98413,0.10289501398801804,0.8849999904632568,0.7716000080108643
YOR028C,YER052C,0,-3.98417,0.10288304835557938,0.8849999904632568,0.7717000246047974
YNL062C,YPL265W,0,-3.9843721,0.10287109017372131,0.8849999904632568,0.7717999815940857
YBR019C,YLR427W,0,-3.984592,0.10285913199186325,0.8849999904632568,0.7718999981880188
YHR060W,YDR341C,0,-3.984692,0.10284718126058578,0.8849999904632568,0.7720000147819519
YDL067C,YAL041W,0,-3.984972,0.10283523052930832,0.8849999904632568,0.7720999717712402
YMR195W,YKR030W,0,-3.9856129,0.10282327979803085,0.8849999904632568,0.7721999883651733
YMR100W,YDR456W,0,-3.9858785,0.10281133651733398,0.8849999904632568,0.7723000049591064
YPR070W,YOR221C,0,-3.9859405,0.10279939323663712,0.8849999904632568,0.7724000215530396
YBL018C,YNL301C,0,-3.9866233,0.10278745740652084,0.8849999904632568,0.7724999785423279
YDL184C,YEL018W,0,-3.9866533,0.10277552157640457,0.8849999904632568,0.772599995136261
YCR017C,YDL223C,0,-3.9869843,0.1027635857462883,0.8849999904632568,0.7727000117301941
YKL001C,YDL247W,0,-3.9872828,0.10275165736675262,0.8849999904632568,0.7728000283241272
YOR219C,YGR286C,0,-3.9873328,0.10273972898721695,0.8849999904632568,0.7728999853134155
YKL201C,YLR103C,0,-3.9873786,0.10272780060768127,0.8849999904632568,0.7730000019073486
YDR325W,YLL062C,0,-3.9873796,0.1027158796787262,0.8849999904632568,0.7731000185012817
YOR181W,YER087C-B,0,-3.9874706,0.10270395874977112,0.8849999904632568,0.7731999754905701
YOL052C-A,YDR013W,0,-3.9876251,0.10269203782081604,0.8849999904632568,0.7732999920845032
YML074C,YDR487C,0,-3.9876437,0.10268012434244156,0.8849999904632568,0.7734000086784363
YPR016C,YNL282W,0,-3.987782,0.10266821086406708,0.8849999904632568,0.7735000252723694
YGL075C,YML126C,0,-3.9881263,0.1026563048362732,0.8849999904632568,0.7735999822616577
YDR277C,YDR341C,0,-3.9881558,0.10264439880847931,0.8849999904632568,0.7736999988555908
YGL157W,YKL024C,0,-3.9884143,0.10263249278068542,0.8849999904632568,0.7738000154495239
YMR077C,YMR318C,0,-3.9885216,0.10262059420347214,0.8849999904632568,0.7738999724388123
YDL128W,YML114C,0,-3.9885287,0.10260869562625885,0.8849999904632568,0.7739999890327454
YML103C,YPR067W,0,-3.988616,0.10259679704904556,0.8849999904632568,0.7741000056266785
YJL128C,YPL270W,0,-3.9888816,0.10258490592241287,0.8849999904632568,0.7742000222206116
YPL221W,YLR303W,0,-3.9889693,0.10257301479578018,0.8849999904632568,0.7742999792098999
YGL013C,YPL042C,0,-3.98914,0.10256113111972809,0.8849999904632568,0.774399995803833
YNL039W,YJL170C,0,-3.9892988,0.102549247443676,0.8849999904632568,0.7745000123977661
YFR044C,YKL004W,0,-3.9893403,0.1025373637676239,0.8849999904632568,0.7746000289916992
YDL236W,YML109W,1,-3.9894876,0.10264133661985397,0.8859999775886536,0.7746000289916992
YDL231C,YLL031C,0,-3.9895768,0.10262944549322128,0.8859999775886536,0.7746999859809875
YIL051C,YNL131W,0,-3.9897265,0.10261756181716919,0.8859999775886536,0.7748000025749207
YLR074C,YNL081C,0,-3.9904332,0.1026056781411171,0.8859999775886536,0.7749000191688538
YBR166C,YMR173W,0,-3.9906998,0.102593794465065,0.8859999775886536,0.7749999761581421
YOR026W,YNL062C,0,-3.990996,0.1025819182395935,0.8859999775886536,0.7750999927520752
YDR497C,YGL247W,0,-3.9913244,0.10257004201412201,0.8859999775886536,0.7752000093460083
YPR165W,YDL128W,0,-3.991633,0.10255816578865051,0.8859999775886536,0.7753000259399414
YPL274W,YER072W,0,-3.9916825,0.10254629701375961,0.8859999775886536,0.7753999829292297
YDL078C,YNL267W,0,-3.9918585,0.10253442823886871,0.8859999775886536,0.7754999995231628
YDL111C,YMR180C,0,-3.9922462,0.10252256691455841,0.8859999775886536,0.775600016117096
YNR060W,YDR490C,0,-3.9922752,0.10251070559024811,0.8859999775886536,0.7756999731063843
YLR239C,YDL220C,0,-3.9923291,0.1024988442659378,0.8859999775886536,0.7757999897003174
YDR041W,YBR015C,0,-3.9925256,0.1024869903922081,0.8859999775886536,0.7759000062942505
YGR204W,YJR047C,0,-3.9927382,0.1024751365184784,0.8859999775886536,0.7760000228881836
YML086C,YGR004W,0,-3.9928813,0.10246328264474869,0.8859999775886536,0.7760999798774719
YML018C,YML078W,0,-3.9930873,0.10245143622159958,0.8859999775886536,0.776199996471405
YIL048W,YKL149C,0,-3.9931898,0.10243958979845047,0.8859999775886536,0.7763000130653381
YJL196C,YMR311C,0,-3.9938498,0.10242774337530136,0.8859999775886536,0.7764000296592712
YIL048W,YCL031C,0,-3.994194,0.10241590440273285,0.8859999775886536,0.7764999866485596
YOR171C,YKL026C,0,-3.9942732,0.10240406543016434,0.8859999775886536,0.7766000032424927
YNL177C,YDL215C,0,-3.9945388,0.10239223390817642,0.8859999775886536,0.7767000198364258
YDR316W,YNL197C,0,-3.9945397,0.10238040238618851,0.8859999775886536,0.7767999768257141
YGL037C,YDR392W,1,-3.9950004,0.10248411446809769,0.8870000243186951,0.7767999768257141
YGR260W,YDL185W,0,-3.9951248,0.10247227549552917,0.8870000243186951,0.7768999934196472
YDR003W,YIL077C,0,-3.9951458,0.10246043652296066,0.8870000243186951,0.7770000100135803
YBR088C,YDR071C,1,-3.9959044,0.10256410390138626,0.8880000114440918,0.7770000100135803
YPR052C,YLR449W,1,-3.996441,0.10266774147748947,0.8889999985694885,0.7770000100135803
YOR079C,YPL048W,0,-3.996891,0.10265588760375977,0.8889999985694885,0.7771000266075134
YGR034W,YDR513W,0,-3.9969606,0.10264403373003006,0.8889999985694885,0.7771999835968018
YJL069C,YOR256C,0,-3.9975052,0.10263218730688095,0.8889999985694885,0.7773000001907349
YDR280W,YPL092W,0,-3.9975142,0.10262034088373184,0.8889999985694885,0.777400016784668
YOL111C,YBR041W,0,-3.9976268,0.10260849446058273,0.8889999985694885,0.7774999737739563
YKL149C,YNL256W,0,-3.9976463,0.10259665548801422,0.8889999985694885,0.7775999903678894
YJL128C,YNL287W,0,-3.9980516,0.10258481651544571,0.8889999985694885,0.7777000069618225
YJL080C,YGL014W,1,-3.9983048,0.10268835723400116,0.8899999856948853,0.7777000069618225
YGL038C,YOR144C,0,-3.9983325,0.10267651081085205,0.8899999856948853,0.7778000235557556
YLL002W,YNL186W,1,-3.998971,0.10278002172708511,0.890999972820282,0.7778000235557556
YMR208W,YPL031C,0,-3.9990406,0.10276816785335541,0.890999972820282,0.777899980545044
YNL207W,YMR307W,0,-3.9993029,0.1027563139796257,0.890999972820282,0.777999997138977
YLR432W,YDR322C-A,0,-3.9993052,0.10274446755647659,0.890999972820282,0.7781000137329102
YHR172W,YKL087C,0,-3.9994488,0.10273262113332748,0.890999972820282,0.7781999707221985
YGR222W,YDR341C,0,-3.9995914,0.10272077471017838,0.890999972820282,0.7782999873161316
YDL230W,YOL127W,0,-3.9995956,0.10270893573760986,0.890999972820282,0.7784000039100647
YGL023C,YDR377W,0,-3.9997005,0.10269709676504135,0.890999972820282,0.7785000205039978
YMR021C,YMR173W,0,-3.9998894,0.10268525779247284,0.890999972820282,0.7785999774932861
YGL212W,YMR302C,0,-4.000064,0.10267342627048492,0.890999972820282,0.7786999940872192
YNL287W,YGL125W,0,-4.0000668,0.10266159474849701,0.890999972820282,0.7788000106811523
YOR061W,YPL048W,0,-4.0001802,0.10264977067708969,0.890999972820282,0.7789000272750854
YJR049C,YFR044C,0,-4.000211,0.10263794660568237,0.890999972820282,0.7789999842643738
YJR151C,YAR014C,0,-4.000492,0.10262612253427505,0.890999972820282,0.7791000008583069
YGR174C,YDR490C,0,-4.000638,0.10261430591344833,0.890999972820282,0.77920001745224
YLR388W,YAL010C,0,-4.0009704,0.10260248929262161,0.890999972820282,0.7792999744415283
YHR026W,YIL075C,0,-4.001073,0.10259067267179489,0.890999972820282,0.7793999910354614
YMR015C,YGL008C,0,-4.001129,0.10257886350154877,0.890999972820282,0.7795000076293945
YMR022W,YDR439W,1,-4.0015893,0.10268216580152512,0.8920000195503235,0.7795000076293945
YDR497C,YER029C,0,-4.0016637,0.1026703491806984,0.8920000195503235,0.7796000242233276
YJL146W,YAL044C,0,-4.0020366,0.10265853255987167,0.8920000195503235,0.779699981212616
YKL217W,YJR042W,0,-4.00254,0.10264672338962555,0.8920000195503235,0.7797999978065491
YKL201C,YDR410C,0,-4.002548,0.10263490676879883,0.8920000195503235,0.7799000144004822
YNR038W,YNL115C,0,-4.002744,0.1026231050491333,0.8920000195503235,0.7799999713897705
YER087C-A,YNL070W,0,-4.0030117,0.10261129587888718,0.8920000195503235,0.7800999879837036
YKL026C,YOL121C,0,-4.0032434,0.10259949415922165,0.8920000195503235,0.7802000045776367
YBR015C,YJR047C,0,-4.0033035,0.10258769243955612,0.8920000195503235,0.7803000211715698
YPL221W,YBR015C,0,-4.003375,0.10257589817047119,0.8920000195503235,0.7803999781608582
YBR129C,YOR125C,0,-4.003785,0.10256410390138626,0.8920000195503235,0.7804999947547913
YLR405W,YLL062C,0,-4.003937,0.10255230963230133,0.8920000195503235,0.7806000113487244
YHR179W,YDR205W,0,-4.0040817,0.102540522813797,0.8920000195503235,0.7807000279426575
YMR233W,YML129C,0,-4.004328,0.10252873599529266,0.8920000195503235,0.7807999849319458
YGL053W,YMR192W,0,-4.0045238,0.10251694917678833,0.8920000195503235,0.7809000015258789
YBL076C,YGR038W,0,-4.004569,0.1025051698088646,0.8920000195503235,0.781000018119812
YPL065W,YAR007C,0,-4.004975,0.10249339044094086,0.8920000195503235,0.7810999751091003
YJR044C,YIL142W,0,-4.00498,0.10248161852359772,0.8920000195503235,0.7811999917030334
YIL125W,YPL259C,0,-4.00507,0.10246984660625458,0.8920000195503235,0.7813000082969666
YLR070C,YPL125W,0,-4.0054245,0.10245807468891144,0.8920000195503235,0.7814000248908997
YJL048C,YIL155C,0,-4.0056076,0.1024463102221489,0.8920000195503235,0.781499981880188
YGL232W,YHR053C,0,-4.005677,0.10243454575538635,0.8920000195503235,0.7815999984741211
YHR193C,YPL160W,0,-4.0061603,0.10242278128862381,0.8920000195503235,0.7817000150680542
YJL183W,YNL081C,0,-4.006206,0.10241102427244186,0.8920000195503235,0.7817999720573425
YMR303C,YML074C,0,-4.007015,0.10239926725625992,0.8920000195503235,0.7818999886512756
YOR092W,YDR479C,0,-4.00733,0.10238751024007797,0.8920000195503235,0.7820000052452087
YJR044C,YDL220C,0,-4.007863,0.10237576067447662,0.8920000195503235,0.7821000218391418
YKR020W,YAL005C,0,-4.007887,0.10236401110887527,0.8920000195503235,0.7821999788284302
YIL117C,YJR033C,0,-4.0078907,0.10235226899385452,0.8920000195503235,0.7822999954223633
YBR088C,YMR022W,1,-4.007962,0.1024552583694458,0.8930000066757202,0.7822999954223633
YPL097W,YGL008C,0,-4.008001,0.10244350135326385,0.8930000066757202,0.7824000120162964
YNL273W,YKL206C,0,-4.0080647,0.1024317517876625,0.8930000066757202,0.7825000286102295
YLR105C,YGL127C,0,-4.008172,0.10242000222206116,0.8930000066757202,0.7825999855995178
YJL069C,YDR218C,0,-4.0084805,0.1024082601070404,0.8930000066757202,0.7827000021934509
YLR303W,YPL059W,0,-4.0086045,0.10239651054143906,0.8930000066757202,0.782800018787384
YKL096W-A,YPL259C,0,-4.008633,0.1023847758769989,0.8930000066757202,0.7828999757766724
YML123C,YJL035C,0,-4.008848,0.10237303376197815,0.8930000066757202,0.7829999923706055
YJL080C,YPL001W,1,-4.0090075,0.10247592628002167,0.8939999938011169,0.7829999923706055
YAR033W,YNL329C,0,-4.009333,0.10246418416500092,0.8939999938011169,0.7831000089645386
YPL124W,YJL053W,0,-4.009648,0.10245244204998016,0.8939999938011169,0.7832000255584717
YDL142C,YDR236C,0,-4.0100675,0.10244069993495941,0.8939999938011169,0.78329998254776
YBR265W,YJL029C,0,-4.0101795,0.10242896527051926,0.8939999938011169,0.7833999991416931
YMR250W,YPR176C,0,-4.0107684,0.1024172306060791,0.8939999938011169,0.7835000157356262
YBL072C,YMR036C,0,-4.01083,0.10240549594163895,0.8939999938011169,0.7835999727249146
YMR303C,YHR193C,0,-4.010931,0.10239376872777939,0.8939999938011169,0.7836999893188477
YJR048W,YLR107W,0,-4.0109825,0.10238204151391983,0.8939999938011169,0.7838000059127808
YPR060C,YBR265W,0,-4.0112934,0.10237032175064087,0.8939999938011169,0.7839000225067139
YGL232W,YDL142C,0,-4.0115104,0.10235860198736191,0.8939999938011169,0.7839999794960022
YPL097W,YKL035W,0,-4.011666,0.10234688222408295,0.8939999938011169,0.7840999960899353
YPR016C,YPL059W,0,-4.0120683,0.10233516246080399,0.8939999938011169,0.7842000126838684
YJL146W,YJL110C,0,-4.012074,0.10232345014810562,0.8939999938011169,0.7843000292778015
YNR032W,YGR057C,0,-4.0123463,0.10231174528598785,0.8939999938011169,0.7843999862670898
YBR166C,YDL049C,0,-4.0129724,0.10230003297328949,0.8939999938011169,0.784500002861023
YLR388W,YDR205W,0,-4.0131874,0.10228832811117172,0.8939999938011169,0.784600019454956
YNL163C,YAL044C,0,-4.013256,0.10227663069963455,0.8939999938011169,0.7846999764442444
YBL072C,YPL241C,0,-4.013389,0.10226492583751678,0.8939999938011169,0.7847999930381775
YJL111W,YBR155W,0,-4.0135727,0.10225322842597961,0.8939999938011169,0.7849000096321106
YDR019C,YDR140W,0,-4.013701,0.10224153846502304,0.8939999938011169,0.7850000262260437
YNR032W,YBR041W,0,-4.0137672,0.10222984850406647,0.8939999938011169,0.785099983215332
YMR077C,YGL097W,0,-4.0137777,0.1022181585431099,0.8939999938011169,0.7851999998092651
YDL223C,YLR228C,0,-4.013983,0.10220646858215332,0.8939999938011169,0.7853000164031982
YGL157W,YLR432W,0,-4.0140834,0.10219478607177734,0.8939999938011169,0.7853999733924866
YKR036C,YLR109W,0,-4.0141478,0.10218310356140137,0.8939999938011169,0.7854999899864197
YOR319W,YNR058W,0,-4.014489,0.10217142850160599,0.8939999938011169,0.7856000065803528
YKR076W,YLR228C,0,-4.01464,0.10215975344181061,0.8939999938011169,0.7857000231742859
YGR211W,YDR496C,0,-4.0148816,0.10214807838201523,0.8939999938011169,0.7857999801635742
YHR163W,YKL008C,0,-4.0153556,0.10213641077280045,0.8939999938011169,0.7858999967575073
YMR101C,YJL134W,0,-4.0153866,0.10212474316358566,0.8939999938011169,0.7860000133514404
YHR005C,YBR176W,0,-4.0155454,0.10211307555437088,0.8939999938011169,0.7860999703407288
YJL170C,YJL053W,0,-4.0159974,0.1021014153957367,0.8939999938011169,0.7861999869346619
YNL074C,YBL016W,0,-4.0162954,0.10208975523710251,0.8939999938011169,0.786300003528595
YMR314W,YML129C,0,-4.0172405,0.10207810252904892,0.8939999938011169,0.7864000201225281
YDR310C,YDR121W,1,-4.017323,0.102180615067482,0.8949999809265137,0.7864000201225281
YPL241C,YOR084W,0,-4.0175033,0.10216894745826721,0.8949999809265137,0.7864999771118164
YDR279W,YIL096C,0,-4.0177164,0.10215728729963303,0.8949999809265137,0.7865999937057495
YKL034W,YFR044C,0,-4.018938,0.10214562714099884,0.8949999809265137,0.7867000102996826
YOL017W,YNL186W,1,-4.0190296,0.10224808752536774,0.8960000276565552,0.7867000102996826
YOR028C,YBR002C,0,-4.0190473,0.10223641991615295,0.8960000276565552,0.7868000268936157
YDR253C,YLR144C,0,-4.019345,0.10222475975751877,0.8960000276565552,0.786899983882904
YLR327C,YJR047C,0,-4.0194798,0.10221309959888458,0.8960000276565552,0.7870000004768372
YDR519W,YHR053C,0,-4.019646,0.1022014394402504,0.8960000276565552,0.7871000170707703
YCR017C,YGL142C,0,-4.019721,0.10218977928161621,0.8960000276565552,0.7871999740600586
YER086W,YNL121C,0,-4.02009,0.10217812657356262,0.8960000276565552,0.7872999906539917
YDR192C,YOR357C,0,-4.020431,0.10216647386550903,0.8960000276565552,0.7874000072479248
YHR043C,YNL094W,0,-4.02055,0.10215482860803604,0.8960000276565552,0.7875000238418579
YDL181W,YAR007C,0,-4.0205936,0.10214318335056305,0.8960000276565552,0.7875999808311462
YOR079C,YEL036C,0,-4.020629,0.10213153809309006,0.8960000276565552,0.7876999974250793
YDL020C,YIL044C,0,-4.020637,0.10211990028619766,0.8960000276565552,0.7878000140190125
YGL157W,YDR188W,0,-4.021048,0.10210826247930527,0.8960000276565552,0.7878999710083008
YMR286W,YNL116W,0,-4.0210824,0.10209662467241287,0.8960000276565552,0.7879999876022339
YER167W,YJL111W,0,-4.021241,0.10208499431610107,0.8960000276565552,0.788100004196167
YKL087C,YGR081C,0,-4.021441,0.10207336395978928,0.8960000276565552,0.7882000207901001
YOL008W,YDR456W,0,-4.021723,0.10206174105405807,0.8960000276565552,0.7882999777793884
YBR289W,YER133W,1,-4.0225563,0.10216400772333145,0.8970000147819519,0.7882999777793884
YOR250C,YGL125W,0,-4.022703,0.10215237736701965,0.8970000147819519,0.7883999943733215
YKL005C,YDR178W,0,-4.0228853,0.10214073956012726,0.8970000147819519,0.7885000109672546
YJL196C,YGL161C,0,-4.023205,0.10212911665439606,0.8970000147819519,0.7886000275611877
YOR187W,YJL048C,0,-4.0232444,0.10211748629808426,0.8970000147819519,0.7886999845504761
YNL036W,YDR330W,0,-4.023332,0.10210586339235306,0.8970000147819519,0.7888000011444092
YIL084C,YIL131C,1,-4.0234313,0.10220805555582047,0.8980000019073486,0.7888000011444092
YOR319W,YGR286C,0,-4.0236373,0.10219642519950867,0.8980000019073486,0.7889000177383423
YDR225W,YDR392W,1,-4.023768,0.10229858756065369,0.8989999890327454,0.7889000177383423
YPL031C,YGR038W,0,-4.0238094,0.10228694975376129,0.8989999890327454,0.7889999747276306
YKL116C,YNR032W,0,-4.0238895,0.1022753119468689,0.8989999890327454,0.7890999913215637
YGR268C,YPL069C,0,-4.024261,0.1022636815905571,0.8989999890327454,0.7892000079154968
YLR004C,YIL038C,0,-4.024414,0.1022520437836647,0.8989999890327454,0.7893000245094299
YOR187W,YDR341C,0,-4.0246167,0.1022404208779335,0.8989999890327454,0.7893999814987183
YHR010W,YDR188W,0,-4.0247955,0.1022287905216217,0.8989999890327454,0.7894999980926514
YLR155C,YOR128C,0,-4.0249195,0.1022171676158905,0.8989999890327454,0.7896000146865845
YFL013C,YJL065C,1,-4.0257535,0.10231923311948776,0.8999999761581421,0.7896000146865845
YIL067C,YOL143C,0,-4.0267,0.10230760276317596,0.8999999761581421,0.7896999716758728
YCR093W,YLR330W,0,-4.0272255,0.10229597985744476,0.8999999761581421,0.7897999882698059
YAR033W,YGL249W,0,-4.027668,0.10228434950113297,0.8999999761581421,0.789900004863739
YDL093W,YIL075C,0,-4.027814,0.10227272659540176,0.8999999761581421,0.7900000214576721
YPL249C,YDR218C,0,-4.0278196,0.10226110368967056,0.8999999761581421,0.7900999784469604
YHR081W,YCR098C,0,-4.028318,0.10224948823451996,0.8999999761581421,0.7901999950408936
YMR015C,YAL055W,0,-4.0284033,0.10223787277936935,0.8999999761581421,0.7903000116348267
YDR450W,YML126C,0,-4.0289326,0.10222625732421875,0.8999999761581421,0.7904000282287598
YNR045W,YER045C,0,-4.02896,0.10221464931964874,0.8999999761581421,0.7904999852180481
YMR156C,YBR149W,0,-4.028997,0.10220304131507874,0.8999999761581421,0.7906000018119812
YGL013C,YIL117C,0,-4.0290165,0.10219144076108932,0.8999999761581421,0.7907000184059143
YJR137C,YJL186W,0,-4.0292206,0.10217984020709991,0.8999999761581421,0.7907999753952026
YNL083W,YPL089C,0,-4.0294538,0.1021682396531105,0.8999999761581421,0.7908999919891357
YOR133W,YPL174C,0,-4.0295177,0.1021566390991211,0.8999999761581421,0.7910000085830688
YCL057W,YDR490C,0,-4.029682,0.10214504599571228,0.8999999761581421,0.791100025177002
YPL065W,YPR055W,0,-4.0298734,0.10213345289230347,0.8999999761581421,0.7911999821662903
YNL074C,YPL179W,0,-4.030093,0.10212186723947525,0.8999999761581421,0.7912999987602234
YGR119C,YLR109W,0,-4.0306444,0.10211028158664703,0.8999999761581421,0.7914000153541565
YDL231C,YGR106C,0,-4.03114,0.10209869593381882,0.8999999761581421,0.7914999723434448
YEL002C,YGL167C,0,-4.0312395,0.1020871177315712,0.8999999761581421,0.7915999889373779
YML065W,YLR442C,1,-4.0314307,0.10218895226716995,0.9010000228881836,0.7915999889373779
YHL034C,YDR211W,0,-4.031653,0.10217736661434174,0.9010000228881836,0.791700005531311
YOR348C,YNL003C,0,-4.031752,0.10216578096151352,0.9010000228881836,0.7918000221252441
YDR346C,YNR047W,0,-4.0319066,0.1021541953086853,0.9010000228881836,0.7918999791145325
YNL078W,YKL180W,0,-4.031925,0.10214261710643768,0.9010000228881836,0.7919999957084656
YKL205W,YCR047C,0,-4.0319867,0.10213103890419006,0.9010000228881836,0.7921000123023987
YER148W,YDR192C,0,-4.032035,0.10211946070194244,0.9010000228881836,0.7922000288963318
YML115C,YNL116W,0,-4.0320663,0.10210788995027542,0.9010000228881836,0.7922999858856201
YHR132C,YKL086W,0,-4.032327,0.1020963191986084,0.9010000228881836,0.7924000024795532
YHR053C,YGR145W,0,-4.0323973,0.10208474844694138,0.9010000228881836,0.7925000190734863
YEL009C,YDR099W,0,-4.033175,0.10207318514585495,0.9010000228881836,0.7925999760627747
YKL129C,YBR213W,0,-4.0333843,0.10206162184476852,0.9010000228881836,0.7926999926567078
YLR007W,YER124C,0,-4.0333934,0.1020500659942627,0.9010000228881836,0.7928000092506409
YPL265W,YFR044C,0,-4.033554,0.10203850269317627,0.9010000228881836,0.792900025844574
YKL059C,YJR074W,0,-4.033623,0.10202694684267044,0.9010000228881836,0.7929999828338623
YOL152W,YIL135C,0,-4.0339956,0.10201539844274521,0.9010000228881836,0.7930999994277954
YAL022C,YHR081W,0,-4.034213,0.10200385004281998,0.9010000228881836,0.7932000160217285
YDR497C,YCL057W,0,-4.0345817,0.10199230164289474,0.9010000228881836,0.7932999730110168
YBL076C,YLR079W,0,-4.034837,0.10198076069355011,0.9010000228881836,0.79339998960495
YNL261W,YML109W,1,-4.0348415,0.10208238661289215,0.9020000100135803,0.79339998960495
YJR109C,YDR082W,0,-4.035328,0.10207083821296692,0.9020000100135803,0.7935000061988831
YML123C,YMR173W,0,-4.035388,0.10205928981304169,0.9020000100135803,0.7936000227928162
YDR280W,YPL160W,0,-4.0354495,0.10204774141311646,0.9020000100135803,0.7936999797821045
YKL130C,YDR033W,0,-4.03583,0.10203620046377182,0.9020000100135803,0.7937999963760376
YFL001W,YOR004W,0,-4.0362167,0.10202465951442719,0.9020000100135803,0.7939000129699707
YDL116W,YJL096W,0,-4.0363717,0.10201311856508255,0.9020000100135803,0.7940000295639038
YPR145W,YGL075C,0,-4.0369368,0.10200158506631851,0.9020000100135803,0.7940999865531921
YPL059W,YLR029C,0,-4.0371733,0.10199005156755447,0.9020000100135803,0.7942000031471252
YIL122W,YDL066W,0,-4.037547,0.10197851806879044,0.9020000100135803,0.7943000197410583
YCL030C,YDL133C-A,0,-4.037547,0.101966992020607,0.9020000100135803,0.7943999767303467
YDR041W,YAR014C,0,-4.037589,0.10195546597242355,0.9020000100135803,0.7944999933242798
YJL128C,YJR161C,0,-4.0376234,0.10194393992424011,0.9020000100135803,0.7946000099182129
YLR327C,YKL174C,0,-4.03772,0.10193242132663727,0.9020000100135803,0.794700026512146
YEL002C,YBR070C,0,-4.037721,0.10192090272903442,0.9020000100135803,0.7947999835014343
YNL151C,YJR052W,0,-4.0378823,0.10190939158201218,0.9020000100135803,0.7949000000953674
YOL040C,YOR260W,0,-4.0381203,0.10189787298440933,0.9020000100135803,0.7950000166893005
YBR261C,YMR232W,0,-4.0385356,0.10188636928796768,0.9020000100135803,0.7950999736785889
YML074C,YAL055W,0,-4.038701,0.10187485814094543,0.9020000100135803,0.795199990272522
YGL259W,YOR319W,0,-4.0388894,0.10186335444450378,0.9020000100135803,0.7953000068664551
YFL031W,YJR092W,0,-4.0390205,0.10185185074806213,0.9020000100135803,0.7954000234603882
YLR303W,YOR358W,0,-4.039715,0.10184035450220108,0.9020000100135803,0.7954999804496765
YJR112W,YGR081C,0,-4.0398803,0.10182885825634003,0.9020000100135803,0.7955999970436096
YPR134W,YLL055W,0,-4.04013,0.10181736201047897,0.9020000100135803,0.7957000136375427
YMR015C,YDR005C,0,-4.0403614,0.10180586576461792,0.9020000100135803,0.795799970626831
YOR377W,YDL077C,0,-4.040441,0.10179437696933746,0.9020000100135803,0.7958999872207642
YGL170C,YHR143W,0,-4.0409026,0.1017828956246376,0.9020000100135803,0.7960000038146973
YHR053C,YJR045C,0,-4.041165,0.10177140682935715,0.9020000100135803,0.7961000204086304
YJR047C,YCR047C,0,-4.041215,0.10175992548465729,0.9020000100135803,0.7961999773979187
YIL125W,YJL035C,0,-4.0416055,0.10174845159053802,0.9020000100135803,0.7962999939918518
YPL089C,YLR121C,0,-4.041676,0.10173697024583817,0.9020000100135803,0.7964000105857849
YBR143C,YNL074C,0,-4.0417385,0.1017254963517189,0.9020000100135803,0.796500027179718
YJL078C,YOL027C,0,-4.041882,0.10171402990818024,0.9020000100135803,0.7965999841690063
YGR174C,YOR181W,0,-4.041966,0.10170255601406097,0.9020000100135803,0.7967000007629395
YLL055W,YOR260W,0,-4.042147,0.1016910970211029,0.9020000100135803,0.7968000173568726
YKL010C,YDR496C,0,-4.042169,0.10167963057756424,0.9020000100135803,0.7968999743461609
YNL131W,YAR007C,0,-4.0421896,0.10166817158460617,0.9020000100135803,0.796999990940094
YNL067W,YCR011C,0,-4.0424414,0.1016567125916481,0.9020000100135803,0.7971000075340271
YDR003W,YJL179W,0,-4.0424757,0.10164525359869003,0.9020000100135803,0.7972000241279602
YBR287W,YML113W,0,-4.042612,0.10163380205631256,0.9020000100135803,0.7972999811172485
YJL111W,YNL329C,0,-4.0427017,0.10162235051393509,0.9020000100135803,0.7973999977111816
YMR261C,YLR307W,0,-4.0427427,0.10161090642213821,0.9020000100135803,0.7975000143051147
YNR035C,YNL151C,0,-4.0434675,0.10159946233034134,0.9020000100135803,0.7975999712944031
YKL024C,YDL213C,0,-4.0436206,0.10158801823854446,0.9020000100135803,0.7976999878883362
YOL064C,YCR010C,0,-4.043996,0.10157657414674759,0.9020000100135803,0.7978000044822693
YIL101C,YDR017C,0,-4.044039,0.10156513750553131,0.9020000100135803,0.7979000210762024
YDR019C,YDR316W,0,-4.0441623,0.10155370086431503,0.9020000100135803,0.7979999780654907
YOL064C,YPR176C,0,-4.044786,0.10154227167367935,0.9020000100135803,0.7980999946594238
YIL088C,YJL190C,0,-4.044937,0.10153084248304367,0.9020000100135803,0.7982000112533569
YKL124W,YML004C,0,-4.044965,0.10151941329240799,0.9020000100135803,0.79830002784729
YNL238W,YLR158C,0,-4.045014,0.1015079915523529,0.9020000100135803,0.7983999848365784
YDR384C,YNL329C,0,-4.045091,0.10149656981229782,0.9020000100135803,0.7985000014305115
YLR061W,YLL010C,0,-4.045195,0.10148514807224274,0.9020000100135803,0.7986000180244446
YDR460W,YOL040C,0,-4.0452213,0.10147373378276825,0.9020000100135803,0.7986999750137329
YOR133W,YOL135C,0,-4.0454783,0.10146231949329376,0.9020000100135803,0.798799991607666
YOR122C,YLR027C,0,-4.0456543,0.10145090520381927,0.9020000100135803,0.7989000082015991
YOR250C,YPL243W,0,-4.0458293,0.10143949836492538,0.9020000100135803,0.7990000247955322
YHR172W,YJL190C,0,-4.0460787,0.1014280915260315,0.9020000100135803,0.7990999817848206
YNR045W,YPR138C,0,-4.0461097,0.1014166846871376,0.9020000100135803,0.7991999983787537
YKR083C,YEL047C,0,-4.0464067,0.10140528529882431,0.9020000100135803,0.7993000149726868
YGR085C,YBR041W,0,-4.0465956,0.10139388591051102,0.9020000100135803,0.7993999719619751
YDR079W,YIL117C,0,-4.046629,0.10138248652219772,0.9020000100135803,0.7994999885559082
YMR303C,YKL114C,0,-4.0468225,0.10137109458446503,0.9020000100135803,0.7996000051498413
YGR204W,YBL018C,0,-4.0469384,0.10135970264673233,0.9020000100135803,0.7997000217437744
YMR311C,YDR088C,0,-4.047143,0.10134831815958023,0.9020000100135803,0.7997999787330627
YPL082C,YOR206W,0,-4.047274,0.10133692622184753,0.9020000100135803,0.7998999953269958
YKL034W,YHL047C,0,-4.0474386,0.10132554173469543,0.9020000100135803,0.800000011920929
YGR013W,YBR189W,0,-4.047627,0.10131416469812393,0.9020000100135803,0.8001000285148621
YDR224C,YNL088W,1,-4.047909,0.10141509771347046,0.902999997138977,0.8001000285148621
YML115C,YDR218C,0,-4.0479383,0.10140370577573776,0.902999997138977,0.8001999855041504
YBR166C,YKL034W,0,-4.047939,0.10139232128858566,0.902999997138977,0.8003000020980835
YOL062C,YML078W,0,-4.048162,0.10138093680143356,0.902999997138977,0.8004000186920166
YJL146W,YDL080C,0,-4.048584,0.10136955231428146,0.902999997138977,0.8004999756813049
YAL005C,YOL144W,0,-4.0486407,0.10135817527770996,0.902999997138977,0.800599992275238
YFR009W,YAL044C,0,-4.048754,0.10134679824113846,0.902999997138977,0.8007000088691711
YNL301C,YLR103C,0,-4.0488176,0.10133542865514755,0.902999997138977,0.8008000254631042
YJL128C,YJL146W,0,-4.048913,0.10132405906915665,0.902999997138977,0.8008999824523926
YDR405W,YHL020C,0,-4.048956,0.10131268948316574,0.902999997138977,0.8009999990463257
YDR405W,YJL123C,0,-4.0489893,0.10130132734775543,0.902999997138977,0.8011000156402588
YKL084W,YMR318C,0,-4.0491366,0.10128995776176453,0.902999997138977,0.8011999726295471
YLR398C,YNR058W,0,-4.0491576,0.10127860307693481,0.902999997138977,0.8012999892234802
YBR121C,YBR035C,0,-4.049246,0.1012672409415245,0.902999997138977,0.8014000058174133
YOR257W,YMR173W,0,-4.049296,0.1012558862566948,0.902999997138977,0.8015000224113464
YDR310C,YDR071C,1,-4.049297,0.10135665535926819,0.9039999842643738,0.8015000224113464
YCR097W,YIL135C,0,-4.04968,0.10134529322385788,0.9039999842643738,0.8015999794006348
YHR163W,YER157W,0,-4.0503244,0.10133393108844757,0.9039999842643738,0.8016999959945679
YDR277C,YDR449C,0,-4.0504093,0.10132257640361786,0.9039999842643738,0.801800012588501
YOR076C,YAL044C,0,-4.050412,0.10131122171878815,0.9039999842643738,0.8019000291824341
YOR044W,YDL087C,0,-4.0505476,0.10129986703395844,0.9039999842643738,0.8019999861717224
YDR099W,YOR084W,0,-4.0505624,0.10128851234912872,0.9039999842643738,0.8021000027656555
YGL095C,YNL278W,0,-4.050661,0.10127716511487961,0.9039999842643738,0.8022000193595886
YDR519W,YPL038W,0,-4.050673,0.10126582533121109,0.9039999842643738,0.802299976348877
YMR172W,YNL160W,0,-4.050777,0.10125447809696198,0.9039999842643738,0.8023999929428101
YHR132C,YLR097C,0,-4.050987,0.10124313831329346,0.9039999842643738,0.8025000095367432
YOR354C,YBL092W,0,-4.0511513,0.10123180598020554,0.9039999842643738,0.8026000261306763
YLR442C,YNL186W,1,-4.0514293,0.10133244097232819,0.9049999713897705,0.8026000261306763
YNL182C,YMR192W,0,-4.0514584,0.10132109373807907,0.9049999713897705,0.8026999831199646
YPR193C,YOL090W,1,-4.0516396,0.10142169147729874,0.906000018119812,0.8026999831199646
YOR202W,YER149C,0,-4.051794,0.10141034424304962,0.906000018119812,0.8027999997138977
YJL124C,YBR287W,0,-4.051938,0.10139898955821991,0.906000018119812,0.8029000163078308
YNR038W,YKR089C,0,-4.0522237,0.1013876423239708,0.906000018119812,0.8029999732971191
YOL165C,YER176W,0,-4.0526633,0.10137630254030228,0.906000018119812,0.8030999898910522
YOR120W,YKL174C,0,-4.0527854,0.10136495530605316,0.906000018119812,0.8032000064849854
YBR271W,YDL222C,0,-4.05285,0.10135361552238464,0.906000018119812,0.8033000230789185
YGR087C,YNL151C,0,-4.0531983,0.10134228318929672,0.906000018119812,0.8033999800682068
YER007C-A,YNL009W,0,-4.053396,0.1013309508562088,0.906000018119812,0.8034999966621399
YLR342W,YDR001C,0,-4.0535636,0.10131961852312088,0.906000018119812,0.803600013256073
YOR087W,YMR192W,0,-4.054319,0.10130828619003296,0.906000018119812,0.8036999702453613
YKL129C,YML077W,0,-4.054366,0.10129696130752563,0.906000018119812,0.8037999868392944
YMR304W,YMR047C,0,-4.054597,0.10128563642501831,0.906000018119812,0.8039000034332275
YOR014W,YDR211W,0,-4.0548472,0.10127431154251099,0.906000018119812,0.8040000200271606
YGR034W,YEL042W,0,-4.0549293,0.10126299411058426,0.906000018119812,0.804099977016449
YDR019C,YIL016W,0,-4.0554194,0.10125167667865753,0.906000018119812,0.8041999936103821
YLR007W,YIL125W,0,-4.0554295,0.1012403592467308,0.906000018119812,0.8043000102043152
YLR447C,YIL016W,0,-4.0554614,0.10122904926538467,0.906000018119812,0.8044000267982483
YGL120C,YBL036C,0,-4.0556593,0.10121773928403854,0.906000018119812,0.8044999837875366
YGR042W,YFL014W,0,-4.055931,0.10120643675327301,0.906000018119812,0.8046000003814697
YNL273W,YMR230W,0,-4.0566506,0.10119512677192688,0.906000018119812,0.8047000169754028
YBL041W,YCL057W,0,-4.0568914,0.10118383169174194,0.906000018119812,0.8047999739646912
YDL136W,YJL096W,0,-4.0569687,0.10117252916097641,0.906000018119812,0.8048999905586243
YDL031W,YJR045C,0,-4.05708,0.10116123408079147,0.906000018119812,0.8050000071525574
YNL075W,YBR035C,0,-4.0571127,0.10114993900060654,0.906000018119812,0.8051000237464905
YJR049C,YER142C,0,-4.0574975,0.1011386439204216,0.906000018119812,0.8051999807357788
YMR015C,YGL179C,0,-4.057618,0.10112735629081726,0.906000018119812,0.8052999973297119
YDR488C,YDR001C,0,-4.058493,0.10111606866121292,0.906000018119812,0.805400013923645
YBR121C,YOL115W,0,-4.0587606,0.10110478848218918,0.906000018119812,0.8054999709129333
YPL097W,YMR318C,0,-4.0588884,0.10109350830316544,0.906000018119812,0.8055999875068665
YPL221W,YLR166C,0,-4.058913,0.1010822281241417,0.906000018119812,0.8057000041007996
YHR149C,YKL086W,0,-4.0591455,0.10107094794511795,0.906000018119812,0.8058000206947327
YIL034C,YKL051W,0,-4.059154,0.1010596752166748,0.906000018119812,0.805899977684021
YHR005C,YJL190C,0,-4.0603642,0.10104840248823166,0.906000018119812,0.8059999942779541
YMR015C,YDR496C,0,-4.0604606,0.10103713721036911,0.906000018119812,0.8061000108718872
YJL065C,YPR193C,1,-4.0605044,0.10113737732172012,0.9070000052452087,0.8061000108718872
YHR211W,YML115C,0,-4.060656,0.10112610459327698,0.9070000052452087,0.8062000274658203
YER087C-A,YPL037C,0,-4.0606885,0.10111482441425323,0.9070000052452087,0.8062999844551086
YAR007C,YPL125W,0,-4.0608044,0.10110355913639069,0.9070000052452087,0.8064000010490417
YER086W,YPR055W,0,-4.060811,0.10109228640794754,0.9070000052452087,0.8065000176429749
YGR222W,YBR212W,0,-4.061214,0.10108102113008499,0.9070000052452087,0.8065999746322632
YDL087C,YPL002C,0,-4.0612726,0.10106975585222244,0.9070000052452087,0.8066999912261963
YLR086W,YDL077C,0,-4.0615716,0.10105849802494049,0.9070000052452087,0.8068000078201294
YMR195W,YML129C,0,-4.0617485,0.10104724019765854,0.9070000052452087,0.8069000244140625
YNL131W,YLR447C,0,-4.061777,0.10103598237037659,0.9070000052452087,0.8069999814033508
YER124C,YML113W,0,-4.0618796,0.10102472454309464,0.9070000052452087,0.8070999979972839
YLR398C,YCL008C,0,-4.062577,0.10101347416639328,0.9070000052452087,0.807200014591217
YAR007C,YNL009W,0,-4.062852,0.10100222378969193,0.9070000052452087,0.8072999715805054
YIL088C,YNL094W,0,-4.062954,0.10099098086357117,0.9070000052452087,0.8073999881744385
YNL154C,YML120C,0,-4.0629926,0.10097973793745041,0.9070000052452087,0.8075000047683716
YCR003W,YHR132C,0,-4.0632024,0.10096849501132965,0.9070000052452087,0.8076000213623047
YLR258W,YJR158W,0,-4.063439,0.10095725953578949,0.9070000052452087,0.807699978351593
YPR138C,YDR178W,0,-4.063921,0.10094602406024933,0.9070000052452087,0.8077999949455261
YJL124C,YLR324W,0,-4.064016,0.10093478858470917,0.9070000052452087,0.8079000115394592
YBR143C,YOR219C,0,-4.0640497,0.100923553109169,0.9070000052452087,0.8080000281333923
YPL043W,YNR058W,0,-4.0640526,0.10091232508420944,0.9070000052452087,0.8080999851226807
YPL269W,YPR200C,0,-4.064428,0.10090110450983047,0.9070000052452087,0.8082000017166138
YGR255C,YIL097W,0,-4.0646515,0.10088987648487091,0.9070000052452087,0.8083000183105469
YJR001W,YHR211W,0,-4.064924,0.10087865591049194,0.9070000052452087,0.8083999752998352
YPL221W,YLR132C,0,-4.0650725,0.10086743533611298,0.9070000052452087,0.8084999918937683
YLR381W,YLR070C,0,-4.065082,0.1008562222123146,0.9070000052452087,0.8086000084877014
YOR243C,YLR361C,0,-4.065102,0.10084500908851624,0.9070000052452087,0.8087000250816345
YBR182C,YBR121C,0,-4.065496,0.10083379596471786,0.9070000052452087,0.8087999820709229
YOR133W,YOR315W,0,-4.0655146,0.10082259029150009,0.9070000052452087,0.808899998664856
YJL128C,YPL042C,0,-4.0656223,0.10081138461828232,0.9070000052452087,0.8090000152587891
YHR146W,YDR456W,0,-4.0657277,0.10080017894506454,0.9070000052452087,0.8090999722480774
YNR045W,YBR017C,0,-4.065798,0.10078897327184677,0.9070000052452087,0.8091999888420105
YNL036W,YLR228C,0,-4.06613,0.1007777750492096,0.9070000052452087,0.8093000054359436
YNL137C,YJR045C,0,-4.0661454,0.10076658427715302,0.9070000052452087,0.8094000220298767
YJL148W,YBR261C,0,-4.0664344,0.10075538605451584,0.9070000052452087,0.809499979019165
YOR091W,YER118C,0,-4.0664673,0.10074419528245926,0.9070000052452087,0.8095999956130981
YLL010C,YBR155W,0,-4.067157,0.10073300451040268,0.9070000052452087,0.8097000122070312
YJR001W,YDR101C,0,-4.067505,0.1007218211889267,0.9070000052452087,0.8098000288009644
YPL221W,YHR015W,0,-4.0675836,0.10071063786745071,0.9070000052452087,0.8098999857902527
YFL022C,YDL247W,0,-4.068091,0.10069945454597473,0.9070000052452087,0.8100000023841858
YHR169W,YJL179W,0,-4.068351,0.10068827867507935,0.9070000052452087,0.8101000189781189
YGL010W,YLR070C,0,-4.0685267,0.10067710280418396,0.9070000052452087,0.8101999759674072
YHR132C,YNL081C,0,-4.068568,0.10066592693328857,0.9070000052452087,0.8102999925613403
YKR063C,YGL147C,0,-4.0691686,0.10065475851297379,0.9070000052452087,0.8104000091552734
YDR418W,YGR013W,0,-4.0691705,0.1006435826420784,0.9070000052452087,0.8105000257492065
YHR030C,YOL034W,0,-4.0693874,0.10063242167234421,0.9070000052452087,0.8105999827384949
YCR038C,YML067C,0,-4.069619,0.10062125325202942,0.9070000052452087,0.810699999332428
YJR033C,YJR074W,0,-4.0697975,0.10061009228229523,0.9070000052452087,0.8108000159263611
YDR316W,YEL032W,0,-4.0697994,0.10059893876314163,0.9070000052452087,0.8108999729156494
YJR125C,YOR221C,0,-4.0698915,0.10058777779340744,0.9070000052452087,0.8109999895095825
YHR150W,YPL026C,0,-4.069929,0.10057662427425385,0.9070000052452087,0.8111000061035156
YJR004C,YMR208W,0,-4.069992,0.10056547075510025,0.9070000052452087,0.8112000226974487
YDR253C,YBL047C,0,-4.0701413,0.10055432468652725,0.9070000052452087,0.8112999796867371
YPL248C,YLR109W,0,-4.0705414,0.10054317861795425,0.9070000052452087,0.8113999962806702
YHR025W,YHR036W,0,-4.0706234,0.10053203254938126,0.9070000052452087,0.8115000128746033
YGL014W,YDR392W,1,-4.071079,0.1006317213177681,0.9079999923706055,0.8115000128746033
YMR013C,YNL039W,0,-4.071615,0.1006205677986145,0.9079999923706055,0.8116000294685364
YGL038C,YKL149C,0,-4.07178,0.1006094217300415,0.9079999923706055,0.8116999864578247
YMR277W,YDR479C,0,-4.07188,0.10059826821088791,0.9079999923706055,0.8118000030517578
YOR125C,YDL128W,0,-4.0720963,0.10058712959289551,0.9079999923706055,0.8119000196456909
YOR056C,YOL031C,0,-4.0722647,0.10057598352432251,0.9079999923706055,0.8119999766349792
YLR097C,YBR286W,0,-4.072266,0.10056484490633011,0.9079999923706055,0.8120999932289124
YOR219C,YPL037C,0,-4.072632,0.10055370628833771,0.9079999923706055,0.8122000098228455
YKL180W,YDR088C,0,-4.0732856,0.1005425751209259,0.9079999923706055,0.8123000264167786
YDL031W,YCL031C,0,-4.073362,0.1005314439535141,0.9079999923706055,0.8123999834060669
YDR368W,YMR058W,0,-4.073426,0.1005203127861023,0.9079999923706055,0.8125
YKL154W,YDL078C,0,-4.073438,0.10050918906927109,0.9079999923706055,0.8126000165939331
YDR479C,YOR260W,0,-4.0736423,0.10049806535243988,0.9079999923706055,0.8126999735832214
YHR211W,YML114C,0,-4.0736732,0.10048694163560867,0.9079999923706055,0.8127999901771545
YGL170C,YOR317W,0,-4.0737877,0.10047581791877747,0.9079999923706055,0.8129000067710876
YDL223C,YDL204W,0,-4.07379,0.10046470165252686,0.9079999923706055,0.8130000233650208
YML005W,YGL004C,0,-4.0738373,0.10045359283685684,0.9079999923706055,0.8130999803543091
YER148W,YJL134W,0,-4.074117,0.10044247657060623,0.9079999923706055,0.8131999969482422
YKR076W,YGR007W,0,-4.074694,0.10043136775493622,0.9079999923706055,0.8133000135421753
YKL191W,YJR125C,0,-4.075487,0.1004202589392662,0.9079999923706055,0.8133999705314636
YLR325C,YPL075W,0,-4.075662,0.10040915757417679,0.9079999923706055,0.8134999871253967
YNL256W,YPL097W,0,-4.075829,0.10039805620908737,0.9079999923706055,0.8136000037193298
YJR109C,YPL042C,0,-4.0758486,0.10038695484399796,0.9079999923706055,0.8137000203132629
YOR219C,YHR074W,0,-4.075968,0.10037585347890854,0.9079999923706055,0.8137999773025513
YCR017C,YNL223W,0,-4.0762095,0.10036475956439972,0.9079999923706055,0.8138999938964844
YPL031C,YIL142W,0,-4.076275,0.1003536656498909,0.9079999923706055,0.8140000104904175
YKL132C,YBR149W,0,-4.0771775,0.10034257918596268,0.9079999923706055,0.8141000270843506
YCR010C,YDR188W,0,-4.0772753,0.10033149272203445,0.9079999923706055,0.8141999840736389
YBR182C,YEL037C,0,-4.0776353,0.10032040625810623,0.9079999923706055,0.814300000667572
YPR165W,YIL016W,0,-4.077723,0.1003093272447586,0.9079999923706055,0.8144000172615051
YAL023C,YJR045C,0,-4.07824,0.10029824078083038,0.9079999923706055,0.8144999742507935
YMR217W,YDR412W,0,-4.0782785,0.10028716921806335,0.9079999923706055,0.8145999908447266
YHR036W,YIL097W,0,-4.07833,0.10027609020471573,0.9079999923706055,0.8147000074386597
YBL041W,YBR042C,0,-4.078596,0.1002650186419487,0.9079999923706055,0.8148000240325928
YMR180C,YNL267W,0,-4.078794,0.10025394707918167,0.9079999923706055,0.8148999810218811
YCR017C,YNL081C,0,-4.079018,0.10024287551641464,0.9079999923706055,0.8149999976158142
YLR188W,YIL142W,0,-4.079199,0.10023181140422821,0.9079999923706055,0.8151000142097473
YGR222W,YBR121C,0,-4.079456,0.10022074729204178,0.9079999923706055,0.8151999711990356
YJR161C,YLR188W,0,-4.0797453,0.10020969063043594,0.9079999923706055,0.8152999877929688
YKL214C,YOR202W,0,-4.0798616,0.10019863396883011,0.9079999923706055,0.8154000043869019
YPL037C,YDR013W,0,-4.0808287,0.10018757730722427,0.9079999923706055,0.815500020980835
YML077W,YOL127W,0,-4.081143,0.10017652064561844,0.9079999923706055,0.8155999779701233
YMR302C,YAL044C,0,-4.0812573,0.1001654714345932,0.9079999923706055,0.8156999945640564
YJL146W,YIL135C,0,-4.0815687,0.10015442222356796,0.9079999923706055,0.8158000111579895
YLR029C,YGL203C,0,-4.081569,0.10014338046312332,0.9079999923706055,0.8159000277519226
YDR421W,YML067C,0,-4.081856,0.10013233125209808,0.9079999923706055,0.8159999847412109
YCR036W,YLR330W,0,-4.0818863,0.10012128949165344,0.9079999923706055,0.816100001335144
YOL165C,YPL082C,0,-4.081903,0.1001102551817894,0.9079999923706055,0.8162000179290771
YFR044C,YDR398W,0,-4.082794,0.10009922087192535,0.9079999923706055,0.8162999749183655
YGL004C,YLL038C,0,-4.082914,0.10008818656206131,0.9079999923706055,0.8163999915122986
YJL110C,YOL052C,0,-4.0829616,0.10007715225219727,0.9079999923706055,0.8165000081062317
YBR182C,YLR092W,0,-4.0831394,0.10006612539291382,0.9079999923706055,0.8166000247001648
YNL004W,YPL089C,0,-4.0834036,0.10005509853363037,0.9079999923706055,0.8166999816894531
YOR079C,YJR047C,0,-4.083466,0.10004407167434692,0.9079999923706055,0.8167999982833862
YLR432W,YJL123C,0,-4.083537,0.10003305226564407,0.9079999923706055,0.8169000148773193
YDR519W,YMR165C,0,-4.0837092,0.10002203285694122,0.9079999923706055,0.8169999718666077
YKL062W,YBR162W-A,0,-4.0837226,0.10001101344823837,0.9079999923706055,0.8170999884605408
YLR432W,YOL011W,0,-4.0837727,0.10000000149011612,0.9079999923706055,0.8172000050544739
YIL088C,YJR045C,0,-4.0837884,0.09998898953199387,0.9079999923706055,0.817300021648407
YDR001C,YOR128C,0,-4.083908,0.09997797757387161,0.9079999923706055,0.8173999786376953
YPL059W,YHR066W,0,-4.0843296,0.09996697306632996,0.9079999923706055,0.8174999952316284
YGR220C,YBR212W,0,-4.084535,0.0999559685587883,0.9079999923706055,0.8176000118255615
YDL013W,YNL070W,0,-4.084699,0.09994496405124664,0.9079999923706055,0.8177000284194946
YKL025C,YMR088C,0,-4.084717,0.09993396699428558,0.9079999923706055,0.817799985408783
YER073W,YPL002C,0,-4.084768,0.09992296993732452,0.9079999923706055,0.8179000020027161
YOL040C,YPL147W,0,-4.0847907,0.09991197288036346,0.9079999923706055,0.8180000185966492
YOR028C,YOR206W,0,-4.0849156,0.0999009758234024,0.9079999923706055,0.8180999755859375
YOL058W,YGL053W,0,-4.0849333,0.09988998621702194,0.9079999923706055,0.8181999921798706
YGR222W,YOL143C,0,-4.0851183,0.09987900406122208,0.9079999923706055,0.8183000087738037
YDL247W,YDR384C,0,-4.085364,0.09986801445484161,0.9079999923706055,0.8184000253677368
YLR158C,YML126C,0,-4.0854225,0.09985703229904175,0.9079999923706055,0.8184999823570251
YOR181W,YJR074W,0,-4.085474,0.09984605014324188,0.9079999923706055,0.8185999989509583
YFR053C,YGR096W,0,-4.0855393,0.09983507543802261,0.9079999923706055,0.8187000155448914
YMR303C,YML023C,0,-4.085598,0.09982410073280334,0.9079999923706055,0.8187999725341797
YNR032W,YLR467W,0,-4.0857825,0.09981312602758408,0.9079999923706055,0.8188999891281128
YDR312W,YBR034C,0,-4.086156,0.09980215132236481,0.9079999923706055,0.8190000057220459
YKL132C,YIL120W,0,-4.0863853,0.09979118406772614,0.9079999923706055,0.819100022315979
YKL217W,YLR158C,0,-4.0865407,0.09978021681308746,0.9079999923706055,0.8191999793052673
YDR211W,YKL205W,0,-4.0867796,0.09976925700902939,0.9079999923706055,0.8192999958992004
YLR105C,YMR311C,0,-4.087052,0.09975829720497131,0.9079999923706055,0.8194000124931335
YKL024C,YJR141W,0,-4.0871,0.09974733740091324,0.9079999923706055,0.8195000290870667
YOR125C,YML126C,0,-4.087321,0.09973637759685516,0.9079999923706055,0.819599986076355
YNL154C,YOR260W,0,-4.0877857,0.09972542524337769,0.9079999923706055,0.8197000026702881
YER157W,YOR250C,0,-4.0883894,0.09971447288990021,0.9079999923706055,0.8198000192642212
YLR039C,YPL049C,0,-4.088994,0.09970352798700333,0.9079999923706055,0.8198999762535095
YMR036C,YDR377W,0,-4.0890594,0.09969257563352585,0.9079999923706055,0.8199999928474426
YDR469W,YNL186W,1,-4.089743,0.09979141503572464,0.9089999794960022,0.8199999928474426
YLR070C,YCL057W,0,-4.0897913,0.09978046268224716,0.9089999794960022,0.8201000094413757
YOR133W,YKL114C,0,-4.0900354,0.09976951032876968,0.9089999794960022,0.8202000260353088
YLR032W,YKL087C,0,-4.090313,0.0997585579752922,0.9089999794960022,0.8202999830245972
YMR230W,YDR205W,0,-4.0905547,0.09974761307239532,0.9089999794960022,0.8203999996185303
YMR058W,YMR307W,0,-4.091108,0.09973666816949844,0.9089999794960022,0.8205000162124634
YEL030W,YBR129C,0,-4.0917954,0.09972572326660156,0.9089999794960022,0.8205999732017517
YPR145W,YOL008W,0,-4.09206,0.09971478581428528,0.9089999794960022,0.8206999897956848
YPR145W,YGL053W,0,-4.0920715,0.099703848361969,0.9089999794960022,0.8208000063896179
YJL094C,YMR145C,0,-4.092507,0.0996929183602333,0.9089999794960022,0.820900022983551
YBR017C,YPL026C,0,-4.093277,0.09968198090791702,0.9089999794960022,0.8209999799728394
YNL003C,YJL110C,0,-4.093557,0.09967105090618134,0.9089999794960022,0.8210999965667725
YHR149C,YAL055W,0,-4.0938,0.09966012835502625,0.9089999794960022,0.8212000131607056
YBR088C,YIL131C,1,-4.093985,0.0997588261961937,0.9100000262260437,0.8212000131607056
YGL038C,YLR079W,0,-4.0940733,0.09974788874387741,0.9100000262260437,0.8213000297546387
YGL027C,YOR257W,0,-4.0943584,0.09973695874214172,0.9100000262260437,0.821399986743927
YDR519W,YHR191C,0,-4.0946813,0.09972602874040604,0.9100000262260437,0.8215000033378601
YNL036W,YPL026C,0,-4.095368,0.09971509873867035,0.9100000262260437,0.8216000199317932
YGL100W,YBR294W,0,-4.095416,0.09970417618751526,0.9100000262260437,0.8216999769210815
YBR143C,YHL031C,0,-4.095763,0.09969325363636017,0.9100000262260437,0.8217999935150146
YAL022C,YOR110W,0,-4.096642,0.09968233108520508,0.9100000262260437,0.8219000101089478
YBR088C,YNL186W,1,-4.0966725,0.09978093951940536,0.9110000133514404,0.8219000101089478
YLR121C,YMR040W,0,-4.096848,0.09977001696825027,0.9110000133514404,0.8220000267028809
YGL068W,YHL020C,0,-4.0968843,0.09975908696651459,0.9110000133514404,0.8220999836921692
YKL171W,YNL009W,0,-4.0971174,0.0997481644153595,0.9110000133514404,0.8222000002861023
YLR327C,YMR145C,0,-4.0971727,0.0997372418642044,0.9110000133514404,0.8223000168800354
YLR376C,YIL070C,0,-4.0972495,0.09972632676362991,0.9110000133514404,0.8223999738693237
YHL028W,YGR085C,0,-4.0973105,0.09971541166305542,0.9110000133514404,0.8224999904632568
YMR232W,YLR086W,0,-4.0979753,0.09970449656248093,0.9110000133514404,0.8226000070571899
YEL071W,YBR294W,0,-4.098043,0.09969358891248703,0.9110000133514404,0.822700023651123
YJL078C,YGL203C,0,-4.098169,0.09968268126249313,0.9110000133514404,0.8227999806404114
YNL287W,YNL329C,0,-4.098187,0.09967177361249924,0.9110000133514404,0.8228999972343445
YIL119C,YMR180C,0,-4.0982037,0.09966086596250534,0.9110000133514404,0.8230000138282776
YOR120W,YBR041W,0,-4.0985303,0.09964996576309204,0.9110000133514404,0.8230999708175659
YJR125C,YKL059C,0,-4.098691,0.09963906556367874,0.9110000133514404,0.823199987411499
YLR182W,YDR384C,0,-4.098868,0.09962817281484604,0.9110000133514404,0.8233000040054321
YIL110W,YLR027C,0,-4.0988927,0.09961728006601334,0.9110000133514404,0.8234000205993652
YDR421W,YML113W,0,-4.0993457,0.09960638731718063,0.9110000133514404,0.8234999775886536
YNL273W,YJR047C,0,-4.0993514,0.09959549456834793,0.9110000133514404,0.8235999941825867
YLL038C,YGR046W,0,-4.099358,0.09958460927009583,0.9110000133514404,0.8237000107765198
YGR255C,YPL082C,0,-4.0993724,0.09957372397184372,0.9110000133514404,0.8238000273704529
YMR286W,YLL062C,0,-4.0993786,0.09956283867359161,0.9110000133514404,0.8238999843597412
YLL015W,YPL198W,0,-4.0998015,0.0995519608259201,0.9110000133514404,0.8240000009536743
YIL168W,YMR322C,0,-4.0998764,0.0995410829782486,0.9110000133514404,0.8241000175476074
YBL047C,YNL009W,0,-4.100143,0.09953020513057709,0.9110000133514404,0.8241999745368958
YAL005C,YML005W,0,-4.1005383,0.09951933473348618,0.9110000133514404,0.8242999911308289
YER119C,YPR067W,0,-4.100737,0.09950846433639526,0.9110000133514404,0.824400007724762
YNR032C-A,YEL011W,0,-4.1008844,0.09949759393930435,0.9110000133514404,0.8245000243186951
YJR001W,YDR308C,0,-4.1014233,0.09948673099279404,0.9110000133514404,0.8245999813079834
YDR496C,YJR052W,0,-4.101647,0.09947586804628372,0.9110000133514404,0.8246999979019165
YFL034C-B,YJR044C,0,-4.102029,0.09946500509977341,0.9110000133514404,0.8248000144958496
YNL177C,YER119C,0,-4.1023507,0.09945414960384369,0.9110000133514404,0.8248999714851379
YGL004C,YPL048W,0,-4.1025105,0.09944329410791397,0.9110000133514404,0.824999988079071
YGL203C,YDR178W,0,-4.103692,0.09943243861198425,0.9110000133514404,0.8251000046730042
YNL209W,YCR008W,0,-4.1037693,0.09942158311605453,0.9110000133514404,0.8252000212669373
YOL008W,YKL054C,0,-4.1038084,0.09941073507070541,0.9110000133514404,0.8252999782562256
YKL160W,YBL003C,1,-4.103993,0.09950900077819824,0.9120000004768372,0.8252999782562256
YJR109C,YML113W,0,-4.104057,0.09949814528226852,0.9120000004768372,0.8253999948501587
YOR061W,YLL062C,0,-4.1043243,0.0994872897863388,0.9120000004768372,0.8255000114440918
YNL272C,YKL035W,0,-4.1046844,0.09947644174098969,0.9120000004768372,0.8256000280380249
YOR079C,YDR358W,0,-4.1049266,0.09946559369564056,0.9120000004768372,0.8256999850273132
YER075C,YDR330W,0,-4.1049604,0.09945474565029144,0.9120000004768372,0.8258000016212463
YOR206W,YJL123C,0,-4.1050525,0.09944389760494232,0.9120000004768372,0.8259000182151794
YBL018C,YOR087W,0,-4.1053977,0.0994330570101738,0.9120000004768372,0.8259999752044678
YHL028W,YIL075C,0,-4.105435,0.09942221641540527,0.9120000004768372,0.8260999917984009
YFR009W,YOR087W,0,-4.105483,0.09941138327121735,0.9120000004768372,0.826200008392334
YOR061W,YLR307W,0,-4.105487,0.09940054267644882,0.9120000004768372,0.8263000249862671
YNL069C,YOR084W,0,-4.105511,0.0993897095322609,0.9120000004768372,0.8263999819755554
YMR250W,YDR479C,0,-4.105517,0.09937888383865356,0.9120000004768372,0.8264999985694885
YPL273W,YCR011C,0,-4.106157,0.09936805069446564,0.9120000004768372,0.8266000151634216
YDL039C,YIL135C,0,-4.1063404,0.0993572250008583,0.9120000004768372,0.82669997215271
YLR388W,YNR032W,0,-4.1063733,0.09934640675783157,0.9120000004768372,0.8267999887466431
YNL261W,YGL037C,1,-4.106404,0.09944450855255127,0.9129999876022339,0.8267999887466431
YJL164C,YNL272C,0,-4.107047,0.09943367540836334,0.9129999876022339,0.8269000053405762
YPL124W,YMR173W,0,-4.107294,0.09942284971475601,0.9129999876022339,0.8270000219345093
YKR090W,YPL026C,0,-4.1073365,0.09941202402114868,0.9129999876022339,0.8270999789237976
YHR066W,YPL147W,0,-4.1074195,0.09940119832754135,0.9129999876022339,0.8271999955177307
YNL137C,YOR125C,0,-4.1082916,0.09939038008451462,0.9129999876022339,0.8273000121116638
YKL062W,YDL024C,0,-4.108487,0.09937955439090729,0.9129999876022339,0.8274000287055969
YKL142W,YBR166C,0,-4.108609,0.09936874359846115,0.9129999876022339,0.8274999856948853
YLR029C,YIL062C,0,-4.108628,0.09935792535543442,0.9129999876022339,0.8276000022888184
YJL047C,YKR001C,0,-4.108735,0.09934711456298828,0.9129999876022339,0.8277000188827515
YGL157W,YPL065W,0,-4.108781,0.09933630377054214,0.9129999876022339,0.8277999758720398
YER014W,YPL049C,0,-4.108843,0.0993255004286766,0.9129999876022339,0.8278999924659729
YLR449W,YLR321C,1,-4.10892,0.09942347556352615,0.9139999747276306,0.8278999924659729
YDR306C,YNL209W,0,-4.1091423,0.09941265732049942,0.9139999747276306,0.828000009059906
YLR107W,YPL075W,0,-4.1091843,0.09940184652805328,0.9139999747276306,0.8281000256538391
YAL020C,YLR158C,0,-4.1092577,0.09939104318618774,0.9139999747276306,0.8281999826431274
YGR034W,YNL004W,0,-4.109378,0.09938023239374161,0.9139999747276306,0.8282999992370605
YMR314W,YKL149C,0,-4.1095715,0.09936942905187607,0.9139999747276306,0.8284000158309937
YIL034C,YGL053W,0,-4.109894,0.09935862571001053,0.9139999747276306,0.828499972820282
YER124C,YNL121C,0,-4.110221,0.09934782236814499,0.9139999747276306,0.8285999894142151
YKL120W,YJL008C,0,-4.1105957,0.09933702647686005,0.9139999747276306,0.8287000060081482
YIL034C,YGR106C,0,-4.1107025,0.0993262305855751,0.9139999747276306,0.8288000226020813
YKR067W,YDR263C,0,-4.110871,0.09931544214487076,0.9139999747276306,0.8288999795913696
YKL191W,YNR032W,0,-4.1109395,0.09930465370416641,0.9139999747276306,0.8289999961853027
YBR048W,YNL308C,0,-4.11126,0.09929386526346207,0.9139999747276306,0.8291000127792358
YOR143C,YIL120W,0,-4.111869,0.09928307682275772,0.9139999747276306,0.829200029373169
YCR052W,YPL001W,1,-4.111963,0.09938090294599533,0.9150000214576721,0.829200029373169
YOL152W,YGR179C,0,-4.1119976,0.09937011450529099,0.9150000214576721,0.8292999863624573
YOR202W,YCL031C,0,-4.1120887,0.09935932606458664,0.9150000214576721,0.8294000029563904
YBL088C,YDR418W,0,-4.1125193,0.0993485376238823,0.9150000214576721,0.8295000195503235
YMR020W,YJL196C,0,-4.112772,0.09933774918317795,0.9150000214576721,0.8295999765396118
YDR322C-A,YIL149C,0,-4.113038,0.0993269681930542,0.9150000214576721,0.8296999931335449
YER155C,YGL100W,0,-4.113085,0.09931618720293045,0.9150000214576721,0.829800009727478
YMR101C,YMR277W,0,-4.113588,0.0993054062128067,0.9150000214576721,0.8299000263214111
YOR044W,YOL109W,0,-4.114067,0.09929462522268295,0.9150000214576721,0.8299999833106995
YFR025C,YMR190C,0,-4.1140733,0.0992838516831398,0.9150000214576721,0.8300999999046326
YOR250C,YGL179C,0,-4.114325,0.09927308559417725,0.9150000214576721,0.8302000164985657
YHL035C,YGL161C,0,-4.1144233,0.0992623120546341,0.9150000214576721,0.830299973487854
YBL099W,YLR427W,0,-4.1145244,0.09925154596567154,0.9150000214576721,0.8303999900817871
YNL317W,YJL196C,0,-4.115094,0.09924077987670898,0.9150000214576721,0.8305000066757202
YDR225W,YNL261W,1,-4.115273,0.09933846443891525,0.9160000085830688,0.8305000066757202
YFL034C-B,YOL135C,0,-4.115383,0.0993276983499527,0.9160000085830688,0.8306000232696533
YBR201W,YEL037C,0,-4.1154394,0.09931692481040955,0.9160000085830688,0.8306999802589417
YOL030W,YJR161C,0,-4.1154976,0.09930615872144699,0.9160000085830688,0.8307999968528748
YOR357C,YDR178W,0,-4.1155944,0.09929539263248444,0.9160000085830688,0.8309000134468079
YHR026W,YPL198W,0,-4.115791,0.09928463399410248,0.9160000085830688,0.8309999704360962
YER009W,YPL274W,0,-4.116375,0.09927386790513992,0.9160000085830688,0.8310999870300293
YGL231C,YOL008W,0,-4.1166115,0.09926310926675797,0.9160000085830688,0.8312000036239624
YLR039C,YJL190C,0,-4.116644,0.0992523580789566,0.9160000085830688,0.8313000202178955
YJL094C,YDL181W,0,-4.1167107,0.09924160689115524,0.9160000085830688,0.8313999772071838
YOL064C,YPL188W,0,-4.1172385,0.09923085570335388,0.9160000085830688,0.8314999938011169
YGR204W,YOR126C,0,-4.1173687,0.09922010451555252,0.9160000085830688,0.83160001039505
YGR109C,YPL002C,0,-4.1175933,0.09920936077833176,0.9160000085830688,0.8317000269889832
YLR327C,YDL142C,0,-4.1178145,0.09919861704111099,0.9160000085830688,0.8317999839782715
YEL056W,YDL076C,1,-4.11789,0.09929615259170532,0.9169999957084656,0.8317999839782715
YOR187W,YAL055W,0,-4.118082,0.09928540140390396,0.9169999957084656,0.8319000005722046
YHR169W,YFL001W,0,-4.118378,0.0992746576666832,0.9169999957084656,0.8320000171661377
YLL062C,YDL080C,0,-4.1187463,0.09926390647888184,0.9169999957084656,0.832099974155426
YOR125C,YFR053C,0,-4.1187725,0.09925316274166107,0.9169999957084656,0.8321999907493591
YFR015C,YDR194C,0,-4.119183,0.0992424264550209,0.9169999957084656,0.8323000073432922
YNL069C,YML067C,0,-4.119914,0.09923168271780014,0.9169999957084656,0.8324000239372253
YBR182C,YMR043W,0,-4.1201763,0.09922094643115997,0.9169999957084656,0.8324999809265137
YKL081W,YFR025C,0,-4.1202407,0.0992102101445198,0.9169999957084656,0.8325999975204468
YDR225W,YMR022W,1,-4.120468,0.09930765628814697,0.9179999828338623,0.8325999975204468
YBR143C,YJL078C,0,-4.120493,0.0992969200015068,0.9179999828338623,0.8327000141143799
YLR027C,YML001W,0,-4.1213217,0.09928617626428604,0.9179999828338623,0.8327999711036682
YFR015C,YPL082C,0,-4.121507,0.09927543997764587,0.9179999828338623,0.8328999876976013
YDR312W,YNR045W,0,-4.122251,0.0992647036910057,0.9179999828338623,0.8330000042915344
YMR156C,YDR479C,0,-4.122294,0.09925397485494614,0.9179999828338623,0.8331000208854675
YOL058W,YLR447C,0,-4.122423,0.09924324601888657,0.9179999828338623,0.8331999778747559
YFL022C,YMR004W,0,-4.1227736,0.099232517182827,0.9179999828338623,0.833299994468689
YNL182C,YFL001W,0,-4.1228485,0.09922178834676743,0.9179999828338623,0.8334000110626221
YLR258W,YAL008W,0,-4.1228724,0.09921106696128845,0.9179999828338623,0.8335000276565552
YCL008C,YDR532C,0,-4.12292,0.09920034557580948,0.9179999828338623,0.8335999846458435
YJR004C,YLR092W,0,-4.1232677,0.0991896241903305,0.9179999828338623,0.8337000012397766
YJR093C,YLR092W,0,-4.1234665,0.09917891025543213,0.9179999828338623,0.8338000178337097
YGR271W,YNL036W,0,-4.1238437,0.09916819632053375,0.9179999828338623,0.833899974822998
YFL031W,YJL096W,0,-4.124155,0.09915748238563538,0.9179999828338623,0.8339999914169312
YEL021W,YIL097W,0,-4.1241746,0.0991467759013176,0.9179999828338623,0.8341000080108643
YDR225W,YOL090W,1,-4.1242414,0.09924405813217163,0.9190000295639038,0.8341000080108643
YDL216C,YPL037C,0,-4.1243715,0.09923334419727325,0.9190000295639038,0.8342000246047974
YBL076C,YOR298W,0,-4.1244693,0.09922263026237488,0.9190000295639038,0.8342999815940857
YFR009W,YOR358W,0,-4.124513,0.0992119163274765,0.9190000295639038,0.8343999981880188
YBR055C,YOL040C,0,-4.124981,0.09920120984315872,0.9190000295639038,0.8345000147819519
YNL290W,YNL308C,0,-4.125179,0.09919050335884094,0.9190000295639038,0.8345999717712402
YDL142C,YLR342W,0,-4.1251917,0.09917979687452316,0.9190000295639038,0.8346999883651733
YMR230W,YFR044C,0,-4.125374,0.09916909784078598,0.9190000295639038,0.8348000049591064
YJR044C,YMR173W,0,-4.1257167,0.0991583913564682,0.9190000295639038,0.8349000215530396
YDR099W,YGL100W,0,-4.126051,0.09914769977331161,0.9190000295639038,0.8349999785423279
YBL091C,YBL072C,0,-4.1263413,0.09913700073957443,0.9190000295639038,0.835099995136261
YER028C,YPL075W,0,-4.126679,0.09912630915641785,0.9190000295639038,0.8352000117301941
YDL142C,YOR354C,0,-4.126755,0.09911561757326126,0.9190000295639038,0.8353000283241272
YNR045W,YJR001W,0,-4.126947,0.09910492599010468,0.9190000295639038,0.8353999853134155
YDR500C,YGR119C,0,-4.127452,0.09909424185752869,0.9190000295639038,0.8355000019073486
YOL004W,YDR224C,1,-4.127689,0.09919137507677078,0.9200000166893005,0.8355000019073486
YGL127C,YMR322C,0,-4.1278596,0.0991806834936142,0.9200000166893005,0.8356000185012817
YGR109C,YOR250C,0,-4.1279063,0.09916999191045761,0.9200000166893005,0.8356999754905701
YBR034C,YDR280W,0,-4.127961,0.09915930032730103,0.9200000166893005,0.8357999920845032
YLR350W,YFL001W,0,-4.128153,0.09914861619472504,0.9200000166893005,0.8359000086784363
YDR488C,YMR004W,0,-4.1283474,0.09913793206214905,0.9200000166893005,0.8360000252723694
YDR224C,YGL066W,1,-4.128444,0.09923499822616577,0.9210000038146973,0.8360000252723694
YLL062C,YPR190C,0,-4.1285334,0.09922430664300919,0.9210000038146973,0.8360999822616577
YFR044C,YIL142W,0,-4.1289506,0.0992136150598526,0.9210000038146973,0.8361999988555908
YPR016C,YHR021C,0,-4.12913,0.09920293092727661,0.9210000038146973,0.8363000154495239
YJL128C,YKL201C,0,-4.1291704,0.09919224679470062,0.9210000038146973,0.8363999724388123
YNL192W,YOL040C,0,-4.129286,0.09918156266212463,0.9210000038146973,0.8364999890327454
YPR060C,YJR158W,0,-4.129519,0.09917088598012924,0.9210000038146973,0.8366000056266785
YOR221C,YPL179W,0,-4.1300187,0.09916020929813385,0.9210000038146973,0.8367000222206116
YGR179C,YDR411C,0,-4.1300273,0.09914953261613846,0.9210000038146973,0.8367999792098999
YMR303C,YDR460W,0,-4.1301026,0.09913885593414307,0.9210000038146973,0.836899995803833
YOR133W,YDL067C,0,-4.1309547,0.09912818670272827,0.9210000038146973,0.8370000123977661
YBR106W,YPL147W,0,-4.13105,0.09911751747131348,0.9210000038146973,0.8371000289916992
YBL092W,YOR357C,0,-4.131051,0.09910685569047928,0.9210000038146973,0.8371999859809875
YKL143W,YBR035C,0,-4.1316795,0.09909619390964508,0.9210000038146973,0.8373000025749207
YNL131W,YOR219C,0,-4.1318536,0.09908553212881088,0.9210000038146973,0.8374000191688538
YMR232W,YKR089C,0,-4.1318803,0.09907487034797668,0.9210000038146973,0.8374999761581421
YJL080C,YLR015W,1,-4.1319575,0.09917177259922028,0.921999990940094,0.8374999761581421
YER148W,YLR007W,0,-4.13256,0.09916111081838608,0.921999990940094,0.8375999927520752
YPR016C,YGR085C,0,-4.1331773,0.09915044903755188,0.921999990940094,0.8377000093460083
YGR268C,YBR004C,0,-4.133957,0.09913978725671768,0.921999990940094,0.8378000259399414
YMR250W,YJR022W,0,-4.134212,0.09912912547588348,0.921999990940094,0.8378999829292297
YJR112W,YMR302C,0,-4.1343656,0.09911847114562988,0.921999990940094,0.8379999995231628
YGR193C,YKL026C,0,-4.134389,0.09910781681537628,0.921999990940094,0.838100016117096
YBR088C,YJL080C,1,-4.13452,0.0992046445608139,0.9229999780654907,0.838100016117096
YOR285W,YBR287W,0,-4.134826,0.0991939827799797,0.9229999780654907,0.8381999731063843
YDR500C,YIL117C,0,-4.1349063,0.09918332099914551,0.9229999780654907,0.8382999897003174
YLR363C,YGL135W,0,-4.1349163,0.0991726666688919,0.9229999780654907,0.8384000062942505
YLL015W,YIL142W,0,-4.135107,0.0991620123386383,0.9229999780654907,0.8385000228881836
YJR052W,YGR158C,0,-4.1352453,0.0991513580083847,0.9229999780654907,0.8385999798774719
YJL069C,YIL085C,0,-4.1354074,0.0991407111287117,0.9229999780654907,0.838699996471405
YLR342W,YDR194C,0,-4.135534,0.0991300642490387,0.9229999780654907,0.8388000130653381
YLR325C,YMR286W,0,-4.1360493,0.09911941736936569,0.9229999780654907,0.8389000296592712
YJL134W,YKL206C,0,-4.136085,0.09910877048969269,0.9229999780654907,0.8389999866485596
YGR260W,YOL127W,0,-4.136155,0.09909813106060028,0.9229999780654907,0.8391000032424927
YMR013C,YJR125C,0,-4.1361785,0.09908749163150787,0.9229999780654907,0.8392000198364258
YMR140W,YGL158W,0,-4.1361856,0.09907685965299606,0.9229999780654907,0.8392999768257141
YML115C,YDR421W,0,-4.1363273,0.09906622022390366,0.9229999780654907,0.8393999934196472
YGR217W,YJL196C,0,-4.136712,0.09905558824539185,0.9229999780654907,0.8395000100135803
YHR068W,YOL127W,0,-4.136942,0.09904496371746063,0.9229999780654907,0.8396000266075134
YML065W,YLR449W,1,-4.137344,0.09914162755012512,0.9240000247955322,0.8396000266075134
YNL223W,YML114C,0,-4.1373644,0.09913099557161331,0.9240000247955322,0.8396999835968018
YLL038C,YOR319W,0,-4.1373944,0.0991203635931015,0.9240000247955322,0.8398000001907349
YDL122W,YLR155C,0,-4.1376276,0.09910973161458969,0.9240000247955322,0.839900016784668
YML120C,YGR261C,0,-4.137792,0.09909909963607788,0.9240000247955322,0.8399999737739563
YBR060C,YLR321C,1,-4.1377983,0.09919571131467819,0.925000011920929,0.8399999737739563
YGR268C,YKL084W,0,-4.137834,0.09918507188558578,0.925000011920929,0.8400999903678894
YKL129C,YOL019W,0,-4.138467,0.09917443990707397,0.925000011920929,0.8402000069618225
YNL097C,YOL090W,1,-4.1389976,0.0992710143327713,0.9259999990463257,0.8402000069618225
YOR133W,YNL258C,0,-4.140307,0.0992603674530983,0.9259999990463257,0.8403000235557556
YNL261W,YCR052W,1,-4.1413755,0.09935691207647324,0.9269999861717224,0.8403000235557556
YCL030C,YNL308C,0,-4.141487,0.09934626519680023,0.9269999861717224,0.840399980545044
YHR169W,YLR193C,0,-4.141746,0.09933561831712723,0.9269999861717224,0.840499997138977
YGL004C,YNL151C,0,-4.141824,0.09932497888803482,0.9269999861717224,0.8406000137329102
YGR255C,YDR450W,0,-4.1423864,0.09931433200836182,0.9269999861717224,0.8406999707221985
YOL052C,YER044C,0,-4.142653,0.09930369257926941,0.9269999861717224,0.8407999873161316
YOL064C,YIL088C,0,-4.1426797,0.0992930606007576,0.9269999861717224,0.8409000039100647
YLR307W,YMR047C,0,-4.143113,0.09928242117166519,0.9269999861717224,0.8410000205039978
YDR418W,YER176W,0,-4.1434994,0.09927178919315338,0.9269999861717224,0.8410999774932861
YLL062C,YOL143C,0,-4.144077,0.09926116466522217,0.9269999861717224,0.8411999940872192
YEL042W,YKL206C,0,-4.1441374,0.09925053268671036,0.9269999861717224,0.8413000106811523
YDR405W,YPL048W,0,-4.1442175,0.09923990815877914,0.9269999861717224,0.8414000272750854
YKL024C,YGR144W,0,-4.1448336,0.09922928363084793,0.9269999861717224,0.8414999842643738
YBR022W,YGL008C,0,-4.1450696,0.09921866655349731,0.9269999861717224,0.8416000008583069
YHL028W,YGL136C,0,-4.145134,0.0992080494761467,0.9269999861717224,0.84170001745224
YDR500C,YPL188W,0,-4.145272,0.09919743239879608,0.9269999861717224,0.8417999744415283
YMR261C,YNL282W,0,-4.1465435,0.09918681532144547,0.9269999861717224,0.8418999910354614
YOR133W,YLR027C,0,-4.146604,0.09917620569467545,0.9269999861717224,0.8420000076293945
YER009W,YBL047C,0,-4.146982,0.09916559606790543,0.9269999861717224,0.8421000242233276
YGL014W,YMR022W,1,-4.147482,0.09926195442676544,0.9279999732971191,0.8421000242233276
YAL005C,YGR013W,0,-4.147723,0.09925133734941483,0.9279999732971191,0.842199981212616
YML123C,YDR316W,0,-4.1480107,0.09924072027206421,0.9279999732971191,0.8422999978065491
YDR264C,YDR178W,0,-4.148206,0.09923011064529419,0.9279999732971191,0.8424000144004822
YDR041W,YGR220C,0,-4.1483097,0.09921950101852417,0.9279999732971191,0.8424999713897705
YPR060C,YEL071W,0,-4.148421,0.09920889139175415,0.9279999732971191,0.8425999879837036
YBR143C,YJL008C,0,-4.1485085,0.09919828921556473,0.9279999732971191,0.8427000045776367
YHR085W,YLR047C,0,-4.1486926,0.0991876870393753,0.9279999732971191,0.8428000211715698
YBR189W,YDL247W,0,-4.148721,0.09917708486318588,0.9279999732971191,0.8428999781608582
YKL084W,YHR021C,0,-4.149352,0.09916649013757706,0.9279999732971191,0.8429999947547913
YER009W,YOL008W,0,-4.149373,0.09915589541196823,0.9279999732971191,0.8431000113487244
YJR004C,YMR153W,0,-4.149505,0.0991453006863594,0.9279999732971191,0.8432000279426575
YBR189W,YLL003W,0,-4.1495967,0.09913470596075058,0.9279999732971191,0.8432999849319458
YMR304W,YKL082C,0,-4.1496253,0.09912411868572235,0.9279999732971191,0.8434000015258789
YHR172W,YNL317W,0,-4.150231,0.09911353141069412,0.9279999732971191,0.843500018119812
YML129C,YPL090C,0,-4.151201,0.0991029441356659,0.9279999732971191,0.8435999751091003
YOR026W,YEL009C,0,-4.1512103,0.09909236431121826,0.9279999732971191,0.8436999917030334
YOR281C,YER007C-A,0,-4.1512513,0.09908178448677063,0.9279999732971191,0.8438000082969666
YEL047C,YFL014W,0,-4.1514072,0.099071204662323,0.9279999732971191,0.8439000248908997
YLR145W,YDR341C,0,-4.1518393,0.09906063228845596,0.9279999732971191,0.843999981880188
YGL179C,YOL019W,0,-4.15216,0.09905005991458893,0.9279999732971191,0.8440999984741211
YNL154C,YJR074W,0,-4.152383,0.0990394875407219,0.9279999732971191,0.8442000150680542
YDR225W,YDR071C,1,-4.152433,0.0991356298327446,0.9290000200271606,0.8442000150680542
YMR230W,YJL029C,0,-4.152515,0.09912505000829697,0.9290000200271606,0.8442999720573425
YER155C,YIL044C,0,-4.1528325,0.09911447763442993,0.9290000200271606,0.8443999886512756
YDL230W,YFL001W,0,-4.1529846,0.0991039052605629,0.9290000200271606,0.8445000052452087
YCL039W,YKL086W,0,-4.153021,0.09909333288669586,0.9290000200271606,0.8446000218391418
YNR060W,YNL036W,0,-4.15305,0.09908276796340942,0.9290000200271606,0.8446999788284302
YDR079W,YKL004W,0,-4.153074,0.09907219558954239,0.9290000200271606,0.8447999954223633
YKL026C,YOL027C,0,-4.1531076,0.09906163066625595,0.9290000200271606,0.8449000120162964
YNR059W,YLR022C,0,-4.1531296,0.09905107319355011,0.9290000200271606,0.8450000286102295
YJL127C,YNL186W,1,-4.1531324,0.09914711862802505,0.9300000071525574,0.8450000286102295
YBR035C,YNL145W,0,-4.153573,0.09913655370473862,0.9300000071525574,0.8450999855995178
YKL126W,YOR250C,0,-4.153771,0.09912598878145218,0.9300000071525574,0.8452000021934509
YGL038C,YMR013C,0,-4.1539063,0.09911542385816574,0.9300000071525574,0.845300018787384
YPR134W,YGL048C,0,-4.154055,0.0991048589348793,0.9300000071525574,0.8453999757766724
YFR015C,YGL144C,0,-4.1540933,0.09909430146217346,0.9300000071525574,0.8454999923706055
YNL238W,YDR456W,0,-4.1543417,0.09908374398946762,0.9300000071525574,0.8456000089645386
YCL057W,YDR194C,0,-4.1551266,0.09907318651676178,0.9300000071525574,0.8457000255584717
YKL032C,YDL003W,0,-4.1552615,0.09906263649463654,0.9300000071525574,0.84579998254776
YAL023C,YER029C,0,-4.155632,0.0990520790219307,0.9300000071525574,0.8458999991416931
YAL044C,YGL019W,0,-4.155678,0.09904153645038605,0.9300000071525574,0.8460000157356262
YML078W,YDR056C,0,-4.1562395,0.0990309864282608,0.9300000071525574,0.8460999727249146
YER167W,YER089C,0,-4.1572456,0.09902044385671616,0.9300000071525574,0.8461999893188477
YOR231W,YJR048W,0,-4.1573687,0.09900990128517151,0.9300000071525574,0.8463000059127808
YIL110W,YHR211W,0,-4.1576123,0.09899935871362686,0.9300000071525574,0.8464000225067139
YDR263C,YGL249W,0,-4.1583004,0.09898882359266281,0.9300000071525574,0.8464999794960022
YHR085W,YGL247W,0,-4.158349,0.09897828847169876,0.9300000071525574,0.8465999960899353
YDR099W,YDR479C,0,-4.1593885,0.09896775335073471,0.9300000071525574,0.8467000126838684
YDR405W,YDL116W,0,-4.159615,0.09895722568035126,0.9300000071525574,0.8468000292778015
YOR281C,YIL120W,0,-4.159892,0.0989466980099678,0.9300000071525574,0.8468999862670898
YLR325C,YPL179W,0,-4.159894,0.09893617033958435,0.9300000071525574,0.847000002861023
YJL047C,YPL069C,0,-4.160025,0.0989256426692009,0.9300000071525574,0.847100019454956
YDR099W,YEL002C,0,-4.1601954,0.09891512244939804,0.9300000071525574,0.8471999764442444
YBL092W,YDL100C,0,-4.1602306,0.09890460222959518,0.9300000071525574,0.8472999930381775
YIL101C,YGL167C,0,-4.160441,0.09889408946037292,0.9300000071525574,0.8474000096321106
YGR144W,YDR101C,0,-4.160568,0.09888356924057007,0.9300000071525574,0.8475000262260437
YJL124C,YML001W,0,-4.1605844,0.09887305647134781,0.9300000071525574,0.847599983215332
YDR019C,YPL198W,0,-4.1615496,0.09886255115270615,0.9300000071525574,0.8476999998092651
YHR010W,YDR206W,0,-4.161593,0.09885203838348389,0.9300000071525574,0.8478000164031982
YDR497C,YAL055W,0,-4.161942,0.09884153306484222,0.9300000071525574,0.8478999733924866
YGR260W,YIL070C,0,-4.1621118,0.09883102774620056,0.9300000071525574,0.8479999899864197
YOL165C,YKR083C,0,-4.1621695,0.0988205298781395,0.9300000071525574,0.8481000065803528
YGR260W,YBR002C,0,-4.1628394,0.09881003201007843,0.9300000071525574,0.8482000231742859
YOL113W,YGL238W,0,-4.163288,0.09879953414201736,0.9300000071525574,0.8482999801635742
YOR133W,YEL003W,0,-4.1633883,0.0987890362739563,0.9300000071525574,0.8483999967575073
YBL072C,YOL091W,0,-4.16341,0.09877854585647583,0.9300000071525574,0.8485000133514404
YGL179C,YOR380W,0,-4.163503,0.09876805543899536,0.9300000071525574,0.8485999703407288
YER014W,YOR147W,0,-4.163994,0.09875756502151489,0.9300000071525574,0.8486999869346619
YNL273W,YNL036W,0,-4.164217,0.09874708205461502,0.9300000071525574,0.848800003528595
YNL083W,YGR144W,0,-4.1645756,0.09873659908771515,0.9300000071525574,0.8489000201225281
YAL008W,YJL179W,0,-4.164966,0.09872611612081528,0.9300000071525574,0.8489999771118164
YLR447C,YML078W,0,-4.166086,0.0987156331539154,0.9300000071525574,0.8490999937057495
YDR450W,YDR218C,0,-4.166378,0.09870515763759613,0.9300000071525574,0.8492000102996826
YGL004C,YOL122C,0,-4.1666064,0.09869468212127686,0.9300000071525574,0.8493000268936157
YMR250W,YLR303W,0,-4.16683,0.09868421405553818,0.9300000071525574,0.849399983882904
YGL092W,YKL051W,0,-4.166932,0.0986737385392189,0.9300000071525574,0.8495000004768372
YOL076W,YIL120W,0,-4.1671925,0.09866327047348022,0.9300000071525574,0.8496000170707703
YJL111W,YJL053W,0,-4.167682,0.09865280240774155,0.9300000071525574,0.8496999740600586
YOL005C,YOL127W,0,-4.1678896,0.09864234179258347,0.9300000071525574,0.8497999906539917
YHR068W,YCL031C,0,-4.1682544,0.09863188117742538,0.9300000071525574,0.8499000072479248
YDL067C,YIL148W,0,-4.1683106,0.0986214205622673,0.9300000071525574,0.8500000238418579
YHR163W,YEL047C,0,-4.1684566,0.09861096739768982,0.9300000071525574,0.8500999808311462
YJL164C,YIL004C,0,-4.169013,0.09860050678253174,0.9300000071525574,0.8501999974250793
YDR019C,YCL016C,0,-4.169096,0.09859005361795425,0.9300000071525574,0.8503000140190125
YER045C,YKL114C,0,-4.1691413,0.09857960790395737,0.9300000071525574,0.8503999710083008
YBR041W,YOR380W,0,-4.1692533,0.09856915473937988,0.9300000071525574,0.8504999876022339
YER028C,YPL090C,0,-4.1697536,0.098558709025383,0.9300000071525574,0.850600004196167
YBL099W,YNL188W,0,-4.169797,0.0985482707619667,0.9300000071525574,0.8507000207901001
YJL170C,YGL127C,0,-4.1701875,0.09853782504796982,0.9300000071525574,0.8507999777793884
YOR393W,YMR250W,0,-4.1707544,0.09852738678455353,0.9300000071525574,0.8508999943733215
YLR121C,YKL008C,0,-4.17116,0.09851694852113724,0.9300000071525574,0.8510000109672546
YJL124C,YBR149W,0,-4.1715207,0.09850651770830154,0.9300000071525574,0.8511000275611877
YPL273W,YOL135C,0,-4.1717033,0.09849607944488525,0.9300000071525574,0.8511999845504761
YOR122C,YKR030W,0,-4.1718326,0.09848564863204956,0.9300000071525574,0.8513000011444092
YPR165W,YNL312W,0,-4.1721787,0.09847522526979446,0.9300000071525574,0.8514000177383423
YGR194C,YLR132C,0,-4.17242,0.09846479445695877,0.9300000071525574,0.8514999747276306
YCR017C,YJL111W,0,-4.1729198,0.09845437109470367,0.9300000071525574,0.8515999913215637
YHR172W,YJR036C,0,-4.1729503,0.09844394773244858,0.9300000071525574,0.8517000079154968
YJL219W,YHR010W,0,-4.1734977,0.09843353182077408,0.9300000071525574,0.8518000245094299
YGR255C,YOL040C,0,-4.1738205,0.09842311590909958,0.9300000071525574,0.8518999814987183
YBL091C,YPL089C,0,-4.1738677,0.09841269999742508,0.9300000071525574,0.8519999980926514
YGR261C,YDR188W,0,-4.173991,0.09840228408575058,0.9300000071525574,0.8521000146865845
YPL221W,YOL019W,0,-4.173991,0.09839187562465668,0.9300000071525574,0.8521999716758728
YDL020C,YPR190C,0,-4.1742344,0.09838146716356277,0.9300000071525574,0.8522999882698059
YDL198C,YEL003W,0,-4.1743298,0.09837105870246887,0.9300000071525574,0.852400004863739
YMR195W,YDL080C,0,-4.1746273,0.09836065769195557,0.9300000071525574,0.8525000214576721
YNR054C,YFL031W,0,-4.174727,0.09835025668144226,0.9300000071525574,0.8525999784469604
YGR144W,YOR150W,0,-4.175249,0.09833985567092896,0.9300000071525574,0.8526999950408936
YKL026C,YOR087W,0,-4.175482,0.09832945466041565,0.9300000071525574,0.8528000116348267
YJL080C,YNL097C,1,-4.1755185,0.09842477738857269,0.9309999942779541,0.8528000116348267
YKL012W,YIL148W,0,-4.1756163,0.09841437637805939,0.9309999942779541,0.8529000282287598
YNL059C,YOR304W,1,-4.1756806,0.09850966930389404,0.9319999814033508,0.8529000282287598
YOL064C,YJR036C,0,-4.1761894,0.09849926084280014,0.9319999814033508,0.8529999852180481
YOR285W,YCR036W,0,-4.1766086,0.09848885238170624,0.9319999814033508,0.8531000018119812
YMR217W,YNL137C,0,-4.1766486,0.09847844392061234,0.9319999814033508,0.8532000184059143
YJL048C,YOL064C,0,-4.176658,0.09846804291009903,0.9319999814033508,0.8532999753952026
YJL094C,YLR022C,0,-4.1768346,0.09845763444900513,0.9319999814033508,0.8533999919891357
YGR174C,YHL031C,0,-4.1770773,0.09844724088907242,0.9319999814033508,0.8535000085830688
YPL049C,YJL123C,0,-4.177653,0.09843683987855911,0.9319999814033508,0.853600025177002
YHL035C,YJL196C,0,-4.17773,0.0984264463186264,0.9319999814033508,0.8536999821662903
YGR109C,YOR257W,0,-4.177763,0.0984160527586937,0.9319999814033508,0.8537999987602234
YOR120W,YKL032C,0,-4.178059,0.09840565919876099,0.9319999814033508,0.8539000153541565
YML077W,YBR162W-A,0,-4.1784925,0.09839527308940887,0.9319999814033508,0.8539999723434448
YHR043C,YDL110C,0,-4.1785746,0.09838488698005676,0.9319999814033508,0.8540999889373779
YLR321C,YNL186W,1,-4.1787057,0.09848005324602127,0.9330000281333923,0.8540999889373779
YHR149C,YDR218C,0,-4.178893,0.09846965968608856,0.9330000281333923,0.854200005531311
YLR303W,YCR093W,0,-4.179214,0.09845926612615585,0.9330000281333923,0.8543000221252441
YOL005C,YJR033C,0,-4.179479,0.09844887256622314,0.9330000281333923,0.8543999791145325
YFL001W,YGR106C,0,-4.1797504,0.09843848645687103,0.9330000281333923,0.8544999957084656
YEL026W,YPL270W,0,-4.179791,0.09842810779809952,0.9330000281333923,0.8546000123023987
YIL051C,YDR088C,0,-4.179995,0.0984177216887474,0.9330000281333923,0.8547000288963318
YKL124W,YOR028C,0,-4.1802025,0.09840734302997589,0.9330000281333923,0.8547999858856201
YDL116W,YBL016W,0,-4.1802516,0.09839696437120438,0.9330000281333923,0.8549000024795532
YBR265W,YAL005C,0,-4.180529,0.09838658571243286,0.9330000281333923,0.8550000190734863
YMR286W,YGR166W,0,-4.18086,0.09837621450424194,0.9330000281333923,0.8550999760627747
YDL101C,YBR294W,0,-4.1808715,0.09836584329605103,0.9330000281333923,0.8551999926567078
YHR068W,YDR141C,0,-4.1813383,0.09835547208786011,0.9330000281333923,0.8553000092506409
YER119C,YOR030W,0,-4.181816,0.09834510087966919,0.9330000281333923,0.855400025844574
YDR418W,YKL035W,0,-4.1819563,0.09833473712205887,0.9330000281333923,0.8554999828338623
YHR026W,YLR158C,0,-4.182052,0.09832437336444855,0.9330000281333923,0.8555999994277954
YJL219W,YJL111W,0,-4.1823153,0.09831401705741882,0.9330000281333923,0.8557000160217285
YDL136W,YJR109C,0,-4.1823974,0.0983036532998085,0.9330000281333923,0.8557999730110168
YOR377W,YIL044C,0,-4.182744,0.09829329699277878,0.9330000281333923,0.85589998960495
YOL103W,YKL086W,0,-4.18277,0.09828294813632965,0.9330000281333923,0.8560000061988831
YOL064C,YDL100C,0,-4.182898,0.09827259182929993,0.9330000281333923,0.8561000227928162
YDL181W,YKL116C,0,-4.1829147,0.0982622429728508,0.9330000281333923,0.8561999797821045
YOR304W,YGL037C,1,-4.1830378,0.0983572006225586,0.9340000152587891,0.8561999797821045
YIL097W,YER087C-B,0,-4.183042,0.09834684431552887,0.9340000152587891,0.8562999963760376
YDR368W,YGR007W,0,-4.183602,0.09833649545907974,0.9340000152587891,0.8564000129699707
YLR324W,YCR036W,0,-4.1836944,0.09832613915205002,0.9340000152587891,0.8565000295639038
YGR240C,YOR266W,0,-4.1845446,0.09831579029560089,0.9340000152587891,0.8565999865531921
YBR143C,YML129C,0,-4.1845484,0.09830544143915176,0.9340000152587891,0.8567000031471252
YOR087W,YBR149W,0,-4.1847982,0.09829509258270264,0.9340000152587891,0.8568000197410583
YMR304W,YHR148W,0,-4.184896,0.0982847511768341,0.9340000152587891,0.8568999767303467
YJL186W,YNL231C,0,-4.184955,0.09827440977096558,0.9340000152587891,0.8569999933242798
YNL067W,YPL048W,0,-4.185117,0.09826406836509705,0.9340000152587891,0.8571000099182129
YAL005C,YOL121C,0,-4.185245,0.09825373440980911,0.9340000152587891,0.857200026512146
YNR060W,YAL044C,0,-4.1852636,0.09824340045452118,0.9340000152587891,0.8572999835014343
YOR133W,YFL001W,0,-4.18547,0.09823306649923325,0.9340000152587891,0.8574000000953674
YMR306W,YDR188W,0,-4.1855564,0.09822273999452591,0.9340000152587891,0.8575000166893005
YJR047C,YBR164C,0,-4.186106,0.09821240603923798,0.9340000152587891,0.8575999736785889
YOL164W,YKR067W,0,-4.1861234,0.09820207953453064,0.9340000152587891,0.857699990272522
YLR327C,YIL070C,0,-4.1862135,0.0981917604804039,0.9340000152587891,0.8578000068664551
YMR043W,YAL044C,0,-4.1867642,0.09818143397569656,0.9340000152587891,0.8579000234603882
YNL334C,YLR158C,0,-4.1871986,0.09817111492156982,0.9340000152587891,0.8579999804496765
YEL009C,YDR017C,0,-4.1877594,0.09816079586744308,0.9340000152587891,0.8580999970436096
YPL241C,YDR082W,0,-4.187897,0.09815048426389694,0.9340000152587891,0.8582000136375427
YHR025W,YAL005C,0,-4.1880145,0.0981401726603508,0.9340000152587891,0.858299970626831
YGR260W,YEL003W,0,-4.188095,0.09812986105680466,0.9340000152587891,0.8583999872207642
YHL035C,YPL106C,0,-4.1885667,0.09811954945325851,0.9340000152587891,0.8585000038146973
YOL135C,YOR087W,0,-4.1887994,0.09810924530029297,0.9340000152587891,0.8586000204086304
YMR145C,YGL203C,0,-4.188849,0.09809894114732742,0.9340000152587891,0.8586999773979187
YKR007W,YMR223W,0,-4.1895585,0.09808863699436188,0.9340000152587891,0.8587999939918518
YDL181W,YPL026C,0,-4.1900268,0.09807834029197693,0.9340000152587891,0.8589000105857849
YMR302C,YPL049C,0,-4.1901975,0.09806803613901138,0.9340000152587891,0.859000027179718
YHR030C,YKL004W,0,-4.19072,0.09805773943662643,0.9340000152587891,0.8590999841690063
YJL196C,YDR410C,0,-4.1912255,0.09804745018482208,0.9340000152587891,0.8592000007629395
YOR026W,YJR047C,0,-4.191365,0.09803716093301773,0.9340000152587891,0.8593000173568726
YDL216C,YDL222C,0,-4.191367,0.09802687168121338,0.9340000152587891,0.8593999743461609
YIL125W,YJL179W,0,-4.1917825,0.09801658242940903,0.9340000152587891,0.859499990940094
YHR043C,YMR047C,0,-4.191938,0.09800629317760468,0.9340000152587891,0.8596000075340271
YOR143C,YMR307W,0,-4.1919875,0.09799601137638092,0.9340000152587891,0.8597000241279602
YAL020C,YNL301C,0,-4.1920123,0.09798572957515717,0.9340000152587891,0.8597999811172485
YBR114W,YDR236C,0,-4.192014,0.09797545522451401,0.9340000152587891,0.8598999977111816
YGR121C,YLR061W,0,-4.192118,0.09796518087387085,0.9340000152587891,0.8600000143051147
YPL198W,YJL096W,0,-4.192651,0.09795490652322769,0.9340000152587891,0.8600999712944031
YLR070C,YMR261C,0,-4.192815,0.09794463217258453,0.9340000152587891,0.8601999878883362
YDR346C,YKL054C,0,-4.192882,0.09793435782194138,0.9340000152587891,0.8603000044822693
YKL217W,YHL047C,0,-4.1931953,0.09792409092187881,0.9340000152587891,0.8604000210762024
YBR274W,YJR093C,0,-4.1933436,0.09791382402181625,0.9340000152587891,0.8604999780654907
YBR248C,YPL037C,0,-4.193668,0.09790356457233429,0.9340000152587891,0.8605999946594238
YLR105C,YBR035C,0,-4.1937494,0.09789330512285233,0.9340000152587891,0.8607000112533569
YNL062C,YBL076C,0,-4.1942544,0.09788304567337036,0.9340000152587891,0.86080002784729
YKL024C,YOL144W,0,-4.194456,0.0978727862238884,0.9340000152587891,0.8608999848365784
YNL137C,YBR287W,0,-4.194546,0.09786253422498703,0.9340000152587891,0.8610000014305115
YHR119W,YDR071C,1,-4.1946883,0.09795704483985901,0.9350000023841858,0.8610000014305115
YNR047W,YKL035W,0,-4.1947045,0.09794678539037704,0.9350000023841858,0.8611000180244446
YKL001C,YAL005C,0,-4.1947865,0.09793652594089508,0.9350000023841858,0.8611999750137329
YHL028W,YBR048W,0,-4.1948028,0.09792626649141312,0.9350000023841858,0.861299991607666
YGL037C,YJL065C,1,-4.195099,0.09802073240280151,0.9359999895095825,0.861299991607666
YOR120W,YML078W,0,-4.195273,0.09801047295331955,0.9359999895095825,0.8614000082015991
YCL008C,YMR190C,0,-4.195734,0.09800020605325699,0.9359999895095825,0.8615000247955322
YOL076W,YPL089C,0,-4.1958175,0.09798994660377502,0.9359999895095825,0.8615999817848206
YDL223C,YMR047C,0,-4.1967874,0.09797969460487366,0.9359999895095825,0.8616999983787537
YDR418W,YLR239C,0,-4.1968575,0.0979694351553917,0.9359999895095825,0.8618000149726868
YBR055C,YGR240C,0,-4.196895,0.09795918315649033,0.9359999895095825,0.8618999719619751
YLR325C,YMR145C,0,-4.197149,0.09794893115758896,0.9359999895095825,0.8619999885559082
YGR034W,YIR017C,0,-4.197269,0.09793868660926819,0.9359999895095825,0.8621000051498413
YLR007W,YBL047C,0,-4.1972713,0.09792843461036682,0.9359999895095825,0.8622000217437744
YEL021W,YPL273W,0,-4.1980534,0.09791819006204605,0.9359999895095825,0.8622999787330627
YKL120W,YOR357C,0,-4.19825,0.09790795296430588,0.9359999895095825,0.8623999953269958
YJL080C,YMR075W,1,-4.1982865,0.09800229966640472,0.9369999766349792,0.8623999953269958
YGR286C,YDL128W,0,-4.198313,0.09799205511808395,0.9369999766349792,0.862500011920929
YHL035C,YIL062C,0,-4.1983447,0.09798180311918259,0.9369999766349792,0.8626000285148621
YLR327C,YMR114C,0,-4.1985574,0.09797155857086182,0.9369999766349792,0.8626999855041504
YPL049C,YDR001C,0,-4.2003236,0.09796131402254105,0.9369999766349792,0.8628000020980835
YGL013C,YER052C,0,-4.2004375,0.09795107692480087,0.9369999766349792,0.8629000186920166
YKL124W,YDR450W,0,-4.2005286,0.0979408398270607,0.9369999766349792,0.8629999756813049
YHR146W,YGL179C,0,-4.20071,0.09793060272932053,0.9369999766349792,0.863099992275238
YPL273W,YGR240C,0,-4.2009254,0.09792036563158035,0.9369999766349792,0.8632000088691711
YLR092W,YKR030W,0,-4.20097,0.09791013598442078,0.9369999766349792,0.8633000254631042
YHR068W,YHL016C,0,-4.2009716,0.0978999063372612,0.9369999766349792,0.8633999824523926
YDR405W,YDR410C,0,-4.201764,0.09788967669010162,0.9369999766349792,0.8634999990463257
YPL202C,YER029C,0,-4.201781,0.09787945449352264,0.9369999766349792,0.8636000156402588
YCR026C,YNL301C,0,-4.2018514,0.09786923229694366,0.9369999766349792,0.8636999726295471
YPL248C,YDR330W,0,-4.202257,0.09785901010036469,0.9369999766349792,0.8637999892234802
YER148W,YDL078C,0,-4.202476,0.0978487879037857,0.9369999766349792,0.8639000058174133
YDR081C,YPL090C,0,-4.2027307,0.09783857315778732,0.9369999766349792,0.8640000224113464
YBR213W,YOR128C,0,-4.203159,0.09782835841178894,0.9369999766349792,0.8640999794006348
YHL027W,YGR081C,0,-4.203483,0.09781814366579056,0.9369999766349792,0.8641999959945679
YNL081C,YFR025C,0,-4.2035565,0.09780793637037277,0.9369999766349792,0.864300012588501
YOR348C,YOR061W,0,-4.2043777,0.09779772162437439,0.9369999766349792,0.8644000291824341
YMR168C,YOL111C,0,-4.204445,0.0977875217795372,0.9369999766349792,0.8644999861717224
YDL231C,YAR014C,0,-4.204592,0.09777731448411942,0.9369999766349792,0.8646000027656555
YFR015C,YDR004W,0,-4.204985,0.09776711463928223,0.9369999766349792,0.8647000193595886
YBR189W,YDL128W,0,-4.204991,0.09775691479444504,0.9369999766349792,0.864799976348877
YPL198W,YEL042W,0,-4.2052283,0.09774671494960785,0.9369999766349792,0.8648999929428101
YLR325C,YDR263C,0,-4.205857,0.09773651510477066,0.9369999766349792,0.8650000095367432
YMR311C,YDR194C,0,-4.205976,0.09772632271051407,0.9369999766349792,0.8651000261306763
YCL030C,YDR013W,0,-4.20625,0.09771613031625748,0.9369999766349792,0.8651999831199646
YGL241W,YKL035W,0,-4.206265,0.09770594537258148,0.9369999766349792,0.8652999997138977
YDL153C,YGL014W,1,-4.2063603,0.09780002385377884,0.9380000233650208,0.8652999997138977
YAL022C,YIR008C,0,-4.2063894,0.09778982400894165,0.9380000233650208,0.8654000163078308
YDR519W,YJL008C,0,-4.2071595,0.09777963161468506,0.9380000233650208,0.8654999732971191
YKL126W,YIL075C,0,-4.2072625,0.09776943922042847,0.9380000233650208,0.8655999898910522
YLR418C,YNL186W,1,-4.2073,0.09786347299814224,0.9390000104904175,0.8655999898910522
YDR316W,YMR230W,0,-4.2075615,0.09785327315330505,0.9390000104904175,0.8657000064849854
YHR030C,YJR013W,0,-4.207584,0.09784307330846786,0.9390000104904175,0.8658000230789185
YPR016C,YDR272W,0,-4.208288,0.09783288091421127,0.9390000104904175,0.8658999800682068
YNL334C,YPL059W,0,-4.20846,0.09782268851995468,0.9390000104904175,0.8659999966621399
YOL165C,YBR121C,0,-4.208569,0.09781250357627869,0.9390000104904175,0.866100013256073
YNL004W,YPL274W,0,-4.2091203,0.0978023111820221,0.9390000104904175,0.8661999702453613
YFR004W,YDL100C,0,-4.2098823,0.0977921262383461,0.9390000104904175,0.8662999868392944
YOR133W,YGR081C,0,-4.210361,0.0977819412946701,0.9390000104904175,0.8664000034332275
YBL041W,YOR348C,0,-4.2105355,0.09777176380157471,0.9390000104904175,0.8665000200271606
YIL084C,YOR064C,1,-4.2112637,0.09786569327116013,0.9399999976158142,0.8665000200271606
YDR308C,YOL019W,0,-4.212729,0.09785550832748413,0.9399999976158142,0.866599977016449
YDL087C,YPL179W,0,-4.21291,0.09784532338380814,0.9399999976158142,0.8666999936103821
YIL004C,YDR003W,0,-4.213467,0.09783513844013214,0.9399999976158142,0.8668000102043152
YML123C,YHR015W,0,-4.2135506,0.09782495349645615,0.9399999976158142,0.8669000267982483
YMR058W,YBR212W,0,-4.2151656,0.09781477600336075,0.9399999976158142,0.8669999837875366
YOR120W,YBR156C,0,-4.2152734,0.09780459851026535,0.9399999976158142,0.8671000003814697
YKL051W,YBL079W,0,-4.215575,0.09779442101716995,0.9399999976158142,0.8672000169754028
YMR233W,YDR522C,0,-4.2158647,0.09778425097465515,0.9399999976158142,0.8672999739646912
YJL128C,YGR106C,0,-4.2161365,0.09777408093214035,0.9399999976158142,0.8673999905586243
YDR486C,YMR173W,0,-4.2163043,0.09776391088962555,0.9399999976158142,0.8675000071525574
YJL035C,YDR456W,0,-4.216499,0.09775374084711075,0.9399999976158142,0.8676000237464905
YPR145W,YEL030W,0,-4.216516,0.09774357825517654,0.9399999976158142,0.8676999807357788
YIL084C,YPR052C,1,-4.2167277,0.09783738851547241,0.9409999847412109,0.8676999807357788
YGR267C,YDR490C,0,-4.21689,0.09782721847295761,0.9409999847412109,0.8677999973297119
YDL181W,YKL062W,0,-4.218053,0.09781704843044281,0.9409999847412109,0.867900013923645
YGR267C,YIL133C,0,-4.2181745,0.09780687838792801,0.9409999847412109,0.8679999709129333
YLL010C,YPR104C,0,-4.2184405,0.0977967157959938,0.9409999847412109,0.8680999875068665
YKR076W,YGR166W,0,-4.2187295,0.0977865532040596,0.9409999847412109,0.8682000041007996
YLL062C,YHR148W,0,-4.2189183,0.0977763906121254,0.9409999847412109,0.8683000206947327
YMR022W,YLR449W,1,-4.2195497,0.0978701263666153,0.9419999718666077,0.8683000206947327
YER133W,YER169W,1,-4.2198296,0.097963847219944,0.9430000185966492,0.8683000206947327
YJR151C,YJL056C,0,-4.220078,0.0979536697268486,0.9430000185966492,0.868399977684021
YJR029W,YMR050C,0,-4.2205586,0.0979434996843338,0.9430000185966492,0.8684999942779541
YDR184C,YOL008W,0,-4.2206626,0.097933329641819,0.9430000185966492,0.8686000108718872
YOL100W,YOR335C,0,-4.2209315,0.0979231595993042,0.9430000185966492,0.8687000274658203
YJR137C,YKR024C,0,-4.221387,0.0979129895567894,0.9430000185966492,0.8687999844551086
YMR232W,YOR335C,0,-4.2214775,0.0979028269648552,0.9430000185966492,0.8689000010490417
YDR513W,YOR256C,0,-4.221542,0.0978926569223404,0.9430000185966492,0.8690000176429749
YCR036W,YGR081C,0,-4.22197,0.09788250178098679,0.9430000185966492,0.8690999746322632
YPL274W,YNL145W,0,-4.2223687,0.09787233918905258,0.9430000185966492,0.8691999912261963
YKL217W,YMR100W,0,-4.2224164,0.09786218404769897,0.9430000185966492,0.8693000078201294
YDR393W,YDL204W,0,-4.222508,0.09785202890634537,0.9430000185966492,0.8694000244140625
YER169W,YJL115W,1,-4.222692,0.09794563055038452,0.9440000057220459,0.8694000244140625
YER169W,YDR071C,1,-4.222721,0.09803921729326248,0.9449999928474426,0.8694000244140625
YHR026W,YBL092W,0,-4.222866,0.09802904725074768,0.9449999928474426,0.8694999814033508
YAL041W,YCR098C,0,-4.2236495,0.09801887720823288,0.9449999928474426,0.8695999979972839
YGR004W,YJL053W,0,-4.223918,0.09800871461629868,0.9449999928474426,0.869700014591217
YMR100W,YOR335C,0,-4.22475,0.09799854457378387,0.9449999928474426,0.8697999715805054
YBR213W,YDL110C,0,-4.2248063,0.09798838943243027,0.9449999928474426,0.8698999881744385
YOR144C,YJL053W,0,-4.2250338,0.09797822684049606,0.9449999928474426,0.8700000047683716
YDL213C,YOL040C,0,-4.225098,0.09796807169914246,0.9449999928474426,0.8701000213623047
YBR286W,YDL024C,0,-4.2255826,0.09795791655778885,0.9449999928474426,0.870199978351593
YJL069C,YPL002C,0,-4.225729,0.09794776141643524,0.9449999928474426,0.8702999949455261
YGL135W,YBR155W,0,-4.225945,0.09793761372566223,0.9449999928474426,0.8704000115394592
YKR094C,YPR049C,0,-4.226418,0.09792745858430862,0.9449999928474426,0.8705000281333923
YKL126W,YBR166C,0,-4.226854,0.09791731089353561,0.9449999928474426,0.8705999851226807
YNL192W,YNR032W,0,-4.227043,0.0979071706533432,0.9449999928474426,0.8707000017166138
YNL062C,YDR099W,0,-4.227189,0.09789703041315079,0.9449999928474426,0.8708000183105469
YJR158W,YDR411C,0,-4.2271943,0.09788688272237778,0.9449999928474426,0.8708999752998352
YBL076C,YHR169W,0,-4.227404,0.09787674993276596,0.9449999928474426,0.8709999918937683
YBL072C,YOR143C,0,-4.227487,0.09786660969257355,0.9449999928474426,0.8711000084877014
YMR303C,YHR101C,0,-4.228476,0.09785647690296173,0.9449999928474426,0.8712000250816345
YPR016C,YLL055W,0,-4.229039,0.09784634411334991,0.9449999928474426,0.8712999820709229
YHR179W,YMR286W,0,-4.2293715,0.0978362113237381,0.9449999928474426,0.871399998664856
YDR469W,YDR225W,1,-4.22944,0.09792960435152054,0.9459999799728394,0.871399998664856
YBL091C,YKL035W,0,-4.2302475,0.09791947156190872,0.9459999799728394,0.8715000152587891
YJR049C,YGL142C,0,-4.230498,0.0979093387722969,0.9459999799728394,0.8715999722480774
YOR044W,YGR261C,0,-4.230737,0.09789920598268509,0.9459999799728394,0.8716999888420105
YER142C,YDL110C,0,-4.230875,0.09788907319307327,0.9459999799728394,0.8718000054359436
YBR088C,YPR193C,1,-4.230954,0.09798241406679153,0.9470000267028809,0.8718000054359436
YKL096W-A,YLR103C,0,-4.2312064,0.09797227382659912,0.9470000267028809,0.8719000220298767
YNR038W,YPL249C,0,-4.2313304,0.0979621410369873,0.9470000267028809,0.871999979019165
YMR195W,YHR036W,0,-4.2317796,0.09795200824737549,0.9470000267028809,0.8720999956130981
YJL140W,YGR260W,0,-4.2322116,0.09794187545776367,0.9470000267028809,0.8722000122070312
YEL021W,YMR302C,0,-4.232611,0.09793175011873245,0.9470000267028809,0.8723000288009644
YJR047C,YLR238W,0,-4.232639,0.09792162477970123,0.9470000267028809,0.8723999857902527
YKL127W,YGL068W,0,-4.2335424,0.09791149944067001,0.9470000267028809,0.8725000023841858
YJL094C,YMR056C,0,-4.234339,0.0979013741016388,0.9470000267028809,0.8726000189781189
YDR019C,YKR007W,0,-4.234909,0.09789125621318817,0.9470000267028809,0.8726999759674072
YAL020C,YDR522C,0,-4.2356124,0.09788113832473755,0.9470000267028809,0.8727999925613403
YIL051C,YDR486C,0,-4.236155,0.09787102043628693,0.9470000267028809,0.8729000091552734
YIL062C,YGL047W,0,-4.236917,0.0978609099984169,0.9470000267028809,0.8730000257492065
YGR255C,YLR105C,0,-4.2375245,0.09785079210996628,0.9470000267028809,0.8730999827384949
YGR240C,YGL097W,0,-4.237888,0.09784068912267685,0.9470000267028809,0.873199999332428
YHL004W,YOR076C,0,-4.238189,0.09783057868480682,0.9470000267028809,0.8733000159263611
YNL246W,YER169W,1,-4.23819,0.09792377054691315,0.9480000138282776,0.8733000159263611
YGL038C,YJL008C,0,-4.239143,0.09791365265846252,0.9480000138282776,0.8733999729156494
YPL221W,YNL121C,0,-4.239228,0.0979035422205925,0.9480000138282776,0.8734999895095825
YHR074W,YPL037C,0,-4.239885,0.09789343178272247,0.9480000138282776,0.8736000061035156
YBL075C,YAR014C,0,-4.24063,0.09788332134485245,0.9480000138282776,0.8737000226974487
YOR281C,YPL270W,0,-4.241588,0.09787321835756302,0.9480000138282776,0.8737999796867371
YER045C,YOR150W,0,-4.241702,0.09786311537027359,0.9480000138282776,0.8738999962806702
YML086C,YBR015C,0,-4.241878,0.09785301238298416,0.9480000138282776,0.8740000128746033
YKR020W,YML078W,0,-4.2425,0.09784291684627533,0.9480000138282776,0.8741000294685364
YGR255C,YEL042W,0,-4.242594,0.0978328138589859,0.9480000138282776,0.8741999864578247
YPL092W,YGL019W,0,-4.242906,0.09782272577285767,0.9480000138282776,0.8743000030517578
YLR381W,YFL014W,0,-4.2440524,0.09781263023614883,0.9480000138282776,0.8744000196456909
YDR121W,YNL186W,1,-4.244095,0.0979057028889656,0.9490000009536743,0.8744000196456909
YKL082C,YLR447C,0,-4.244211,0.09789560735225677,0.9490000009536743,0.8744999766349792
YGR240C,YDR341C,0,-4.2443357,0.09788550436496735,0.9490000009536743,0.8745999932289124
YJL115W,YNL186W,1,-4.244434,0.09797854721546173,0.949999988079071,0.8745999932289124
YDL236W,YPR193C,1,-4.244493,0.09807156771421432,0.9509999752044678,0.8745999932289124
YCL030C,YMR047C,0,-4.2448206,0.0980614572763443,0.9509999752044678,0.8747000098228455
YNR060W,YOR030W,0,-4.244928,0.09805134683847427,0.9509999752044678,0.8748000264167786
YLL055W,YKL205W,0,-4.245059,0.09804123640060425,0.9509999752044678,0.8748999834060669
YNL308C,YDR341C,0,-4.245664,0.09803113341331482,0.9509999752044678,0.875
YBR034C,YDR421W,0,-4.2457423,0.0980210229754448,0.9509999752044678,0.8751000165939331
YOR281C,YBR212W,0,-4.246534,0.09801092743873596,0.9509999752044678,0.8751999735832214
YIL155C,YGL047W,0,-4.247447,0.09800082445144653,0.9509999752044678,0.8752999901771545
YOL064C,YEL042W,0,-4.2475314,0.0979907289147377,0.9509999752044678,0.8754000067710876
YEL009C,YGL203C,0,-4.2478366,0.09798063337802887,0.9509999752044678,0.8755000233650208
YBR182C,YDR497C,0,-4.2480125,0.09797053784132004,0.9509999752044678,0.8755999803543091
YLL062C,YOL121C,0,-4.2485743,0.0979604423046112,0.9509999752044678,0.8756999969482422
YML120C,YML078W,0,-4.248916,0.09795035421848297,0.9509999752044678,0.8758000135421753
YDL185W,YDR486C,0,-4.249253,0.09794026613235474,0.9509999752044678,0.8758999705314636
YJL124C,YJR045C,0,-4.2495193,0.0979301854968071,0.9509999752044678,0.8759999871253967
YER086W,YNL151C,0,-4.249959,0.09792009741067886,0.9509999752044678,0.8761000037193298
YOL040C,YKL059C,0,-4.2499657,0.09791001677513123,0.9509999752044678,0.8762000203132629
YKL062W,YKL059C,0,-4.250219,0.09789993613958359,0.9509999752044678,0.8762999773025513
YBL072C,YMR302C,0,-4.2503414,0.09788986295461655,0.9509999752044678,0.8763999938964844
YFL026W,YIL088C,0,-4.250742,0.09787978231906891,0.9509999752044678,0.8765000104904175
YCL030C,YNL256W,0,-4.251675,0.09786971658468246,0.9509999752044678,0.8766000270843506
YFL022C,YNL308C,0,-4.251984,0.09785964339971542,0.9509999752044678,0.8766999840736389
YDL222C,YER040W,0,-4.252042,0.09784957021474838,0.9509999752044678,0.876800000667572
YGR194C,YER075C,0,-4.252109,0.09783950448036194,0.9509999752044678,0.8769000172615051
YOR091W,YLR158C,0,-4.252237,0.0978294387459755,0.9509999752044678,0.8769999742507935
YOR125C,YOR004W,0,-4.2523007,0.09781938046216965,0.9509999752044678,0.8770999908447266
YNL173C,YGR217W,0,-4.252743,0.0978093147277832,0.9509999752044678,0.8772000074386597
YMR223W,YOR355W,0,-4.2530684,0.09779925644397736,0.9509999752044678,0.8773000240325928
YEL032W,YOR128C,0,-4.2533383,0.0977892056107521,0.9509999752044678,0.8773999810218811
YDR496C,YPL037C,0,-4.2534657,0.09777914732694626,0.9509999752044678,0.8774999976158142
YGL136C,YDR412W,0,-4.253514,0.09776909649372101,0.9509999752044678,0.8776000142097473
YMR145C,YNL090W,0,-4.2535987,0.09775904566049576,0.9509999752044678,0.8776999711990356
YKL132C,YOR150W,0,-4.2536664,0.09774899482727051,0.9509999752044678,0.8777999877929688
YJR004C,YJL134W,0,-4.253701,0.09773895144462585,0.9509999752044678,0.8779000043869019
YDL230W,YOR056C,0,-4.2537417,0.0977289080619812,0.9509999752044678,0.878000020980835
YJR036C,YML067C,0,-4.2545915,0.09771886467933655,0.9509999752044678,0.8780999779701233
YGL068W,YER129W,0,-4.254948,0.09770882874727249,0.9509999752044678,0.8781999945640564
YGL084C,YPL274W,0,-4.2551017,0.09769878536462784,0.9509999752044678,0.8783000111579895
YKL130C,YMR020W,0,-4.255708,0.09768874943256378,0.9509999752044678,0.8784000277519226
YJR048W,YGL097W,0,-4.256026,0.09767872095108032,0.9509999752044678,0.8784999847412109
YJL179W,YOL082W,0,-4.2561655,0.09766868501901627,0.9509999752044678,0.878600001335144
YJL080C,YOR064C,1,-4.2563777,0.09776134788990021,0.9520000219345093,0.878600001335144
YOR034C,YMR307W,0,-4.25649,0.09775131195783615,0.9520000219345093,0.8787000179290771
YOR281C,YHL015W,0,-4.256758,0.0977412760257721,0.9520000219345093,0.8787999749183655
YDL122W,YDR384C,0,-4.256932,0.09773124009370804,0.9520000219345093,0.8788999915122986
YPR165W,YJL111W,0,-4.2573166,0.09772120416164398,0.9520000219345093,0.8790000081062317
YGR260W,YPL273W,0,-4.2573843,0.09771117568016052,0.9520000219345093,0.8791000247001648
YOL122C,YOR298W,0,-4.2578335,0.09770114719867706,0.9520000219345093,0.8791999816894531
YLR324W,YDL031W,0,-4.2582836,0.0976911261677742,0.9520000219345093,0.8792999982833862
YLR327C,YGL238W,0,-4.2583375,0.09768109768629074,0.9520000219345093,0.8794000148773193
YBR149W,YIL044C,0,-4.259391,0.09767107665538788,0.9520000219345093,0.8794999718666077
YCR047C,YDR178W,0,-4.259448,0.09766105562448502,0.9520000219345093,0.8795999884605408
YKR067W,YGL019W,0,-4.2597117,0.09765104204416275,0.9520000219345093,0.8797000050544739
YNL067W,YBR035C,0,-4.2598133,0.09764102846384048,0.9520000219345093,0.879800021648407
YHR176W,YDR450W,0,-4.259889,0.09763101488351822,0.9520000219345093,0.8798999786376953
YDL078C,YDR398W,0,-4.2600055,0.09762100130319595,0.9520000219345093,0.8799999952316284
YGL232W,YDL024C,0,-4.260528,0.09761099517345428,0.9520000219345093,0.8801000118255615
YBR004C,YBR212W,0,-4.2607427,0.09760098159313202,0.9520000219345093,0.8802000284194946
YKL180W,YPL179W,0,-4.2615266,0.09759097546339035,0.9520000219345093,0.880299985408783
YBL088C,YOL127W,0,-4.2620416,0.09758097678422928,0.9520000219345093,0.8804000020027161
YIL132C,YHR015W,0,-4.2621365,0.0975709781050682,0.9520000219345093,0.8805000185966492
YMR040W,YOL019W,0,-4.263083,0.09756097197532654,0.9520000219345093,0.8805999755859375
YBL076C,YGR106C,0,-4.263223,0.09755098074674606,0.9520000219345093,0.8806999921798706
YJL080C,YDR225W,1,-4.2633533,0.09764344245195389,0.953000009059906,0.8806999921798706
YMR040W,YEL011W,0,-4.2634606,0.09763343632221222,0.953000009059906,0.8808000087738037
YCL031C,YJR025C,0,-4.2636757,0.09762343764305115,0.953000009059906,0.8809000253677368
YOR348C,YGL092W,0,-4.2641287,0.09761343896389008,0.953000009059906,0.8809999823570251
YKL026C,YDR206W,0,-4.2642484,0.097603440284729,0.953000009059906,0.8810999989509583
YOL062C,YMR100W,0,-4.264613,0.09759344905614853,0.953000009059906,0.8812000155448914
YJL146W,YGL004C,0,-4.26509,0.09758345037698746,0.953000009059906,0.8812999725341797
YLR191W,YIL097W,0,-4.2652335,0.09757345914840698,0.953000009059906,0.8813999891281128
YIL034C,YLR307W,0,-4.26551,0.0975634753704071,0.953000009059906,0.8815000057220459
YDL003W,YJL053W,0,-4.2656264,0.09755348414182663,0.953000009059906,0.881600022315979
YOR348C,YHR148W,0,-4.2662144,0.09754350036382675,0.953000009059906,0.8816999793052673
YBR271W,YKL035W,0,-4.2667675,0.09753351658582687,0.953000009059906,0.8817999958992004
YNL062C,YDR449C,0,-4.266782,0.09752354025840759,0.953000009059906,0.8819000124931335
YDR346C,YGL097W,0,-4.267259,0.09751355648040771,0.953000009059906,0.8820000290870667
YOR377W,YIL133C,0,-4.267387,0.09750358015298843,0.953000009059906,0.882099986076355
YIL034C,YDR218C,0,-4.269016,0.09749360382556915,0.953000009059906,0.8822000026702881
YNR059W,YIL155C,0,-4.26951,0.09748363494873047,0.953000009059906,0.8823000192642212
YOR231W,YOR257W,0,-4.269591,0.09747366607189178,0.953000009059906,0.8823999762535095
YJR134C,YIL122W,0,-4.269629,0.0974636971950531,0.953000009059906,0.8824999928474426
YKL087C,YGL019W,0,-4.269716,0.09745372831821442,0.953000009059906,0.8826000094413757
YDR316W,YOR298W,0,-4.2697825,0.09744375944137573,0.953000009059906,0.8827000260353088
YJL080C,YBR060C,1,-4.270308,0.09753604233264923,0.9539999961853027,0.8827000260353088
YKR036C,YKL008C,0,-4.270554,0.09752606600522995,0.9539999961853027,0.8827999830245972
YKL129C,YKL012W,0,-4.2710643,0.09751609712839127,0.9539999961853027,0.8828999996185303
YBL088C,YAL023C,0,-4.271281,0.09750613570213318,0.9539999961853027,0.8830000162124634
YDL213C,YML113W,0,-4.271602,0.0974961668252945,0.9539999961853027,0.8830999732017517
YJL134W,YMR072W,0,-4.2716656,0.09748620539903641,0.9539999961853027,0.8831999897956848
YJL078C,YGR158C,0,-4.271669,0.09747624397277832,0.9539999961853027,0.8833000063896179
YLR007W,YEL011W,0,-4.2720256,0.09746628254652023,0.9539999961853027,0.883400022983551
YAL043C,YBL075C,0,-4.2721567,0.09745632857084274,0.9539999961853027,0.8834999799728394
YGL038C,YML126C,0,-4.272841,0.09744637459516525,0.9539999961853027,0.8835999965667725
YOR056C,YER142C,0,-4.2729096,0.09743642061948776,0.9539999961853027,0.8837000131607056
YGR194C,YNL126W,0,-4.273086,0.09742647409439087,0.9539999961853027,0.8838000297546387
YKL145W,YER072W,0,-4.273137,0.09741652011871338,0.9539999961853027,0.883899986743927
YDR312W,YKL154W,0,-4.273656,0.09740657359361649,0.9539999961853027,0.8840000033378601
YOR061W,YNL036W,0,-4.2743397,0.09739663451910019,0.9539999961853027,0.8841000199317932
YKL120W,YGL135W,0,-4.274496,0.0973866879940033,0.9539999961853027,0.8841999769210815
YJR158W,YJR047C,0,-4.274756,0.097376748919487,0.9539999961853027,0.8842999935150146
YKL082C,YNL094W,0,-4.2750926,0.0973668098449707,0.9539999961853027,0.8844000101089478
YOR377W,YMR307W,0,-4.275631,0.0973568707704544,0.9539999961853027,0.8845000267028809
YOR120W,YER040W,0,-4.275859,0.09734693914651871,0.9539999961853027,0.8845999836921692
YLR061W,YOL011W,0,-4.2758603,0.09733700752258301,0.9539999961853027,0.8847000002861023
YKL174C,YJR158W,0,-4.2760215,0.09732707589864731,0.9539999961853027,0.8848000168800354
YBL091C,YJL196C,0,-4.2767158,0.09731714427471161,0.9539999961853027,0.8848999738693237
YDR041W,YLR324W,0,-4.2770724,0.0973072201013565,0.9539999961853027,0.8849999904632568
YKL024C,YLR432W,0,-4.277205,0.0972972959280014,0.9539999961853027,0.8851000070571899
YNL069C,YCR037C,0,-4.277478,0.0972873717546463,0.9539999961853027,0.885200023651123
YOR315W,YEL030W,0,-4.2774816,0.0972774550318718,0.9539999961853027,0.8852999806404114
YNL263C,YGL100W,0,-4.2776127,0.09726753830909729,0.9539999961853027,0.8853999972343445
YFR009W,YER167W,0,-4.278458,0.09725762158632278,0.9539999961853027,0.8855000138282776
YBL099W,YGL004C,0,-4.2787013,0.09724770486354828,0.9539999961853027,0.8855999708175659
YDR079W,YGL068W,0,-4.2790093,0.09723779559135437,0.9539999961853027,0.885699987411499
YDR421W,YKL054C,0,-4.2792306,0.09722788631916046,0.9539999961853027,0.8858000040054321
YKL062W,YDR497C,0,-4.2807074,0.09721797704696655,0.9539999961853027,0.8859000205993652
YBL099W,YIL088C,0,-4.2812033,0.09720806777477264,0.9539999961853027,0.8859999775886536
YNR032W,YDR178W,0,-4.281496,0.09719816595315933,0.9539999961853027,0.8860999941825867
YKL081W,YDL031W,0,-4.2818856,0.09718826413154602,0.9539999961853027,0.8862000107765198
YBR015C,YPL031C,0,-4.2824903,0.09717836230993271,0.9539999961853027,0.8863000273704529
YKL017C,YJR047C,0,-4.282575,0.0971684679389,0.9539999961853027,0.8863999843597412
YMR307W,YDL110C,0,-4.2827463,0.09715857356786728,0.9539999961853027,0.8865000009536743
YLR007W,YPL160W,0,-4.282845,0.09714867919683456,0.9539999961853027,0.8866000175476074
YDL142C,YNR032W,0,-4.2829146,0.09713878482580185,0.9539999961853027,0.8866999745368958
YMR286W,YDR341C,0,-4.282936,0.09712889790534973,0.9539999961853027,0.8867999911308289
YOR250C,YIL133C,0,-4.2831182,0.09711900353431702,0.9539999961853027,0.886900007724762
YPL248C,YDR410C,0,-4.284127,0.0971091240644455,0.9539999961853027,0.8870000243186951
YBR012W-B,YAR010C,0,-4.284206,0.09709923714399338,0.9539999961853027,0.8870999813079834
YLL062C,YBR149W,0,-4.284456,0.09708935767412186,0.9539999961853027,0.8871999979019165
YNL131W,YHL004W,0,-4.2847433,0.09707947820425034,0.9539999961853027,0.8873000144958496
YJL124C,YFR025C,0,-4.2856617,0.09706959873437881,0.9539999961853027,0.8873999714851379
YGL161C,YOR206W,0,-4.2859106,0.0970597192645073,0.9539999961853027,0.887499988079071
YPL059W,YER019C-A,0,-4.2863107,0.09704984724521637,0.9539999961853027,0.8876000046730042
YLR350W,YJL096W,0,-4.2863946,0.09703997522592545,0.9539999961853027,0.8877000212669373
YBR114W,YPL274W,0,-4.2872963,0.09703010320663452,0.9539999961853027,0.8877999782562256
YBR261C,YER062C,0,-4.28736,0.0970202386379242,0.9539999961853027,0.8878999948501587
YDL198C,YNR032W,0,-4.2877717,0.09701037406921387,0.9539999961853027,0.8880000114440918
YJR047C,YPR190C,0,-4.2878623,0.09700050950050354,0.9539999961853027,0.8881000280380249
YJL080C,YML109W,1,-4.2886243,0.09709231555461884,0.9549999833106995,0.8881000280380249
YGL094C,YNL069C,0,-4.2899156,0.09708244353532791,0.9549999833106995,0.8881999850273132
YMR217W,YOL122C,0,-4.289968,0.09707257896661758,0.9549999833106995,0.8883000016212463
YNL182C,YLL062C,0,-4.290788,0.09706270694732666,0.9549999833106995,0.8884000182151794
YOL058W,YDR384C,0,-4.2911096,0.09705284237861633,0.9549999833106995,0.8884999752044678
YKL034W,YMR058W,0,-4.2912345,0.0970429852604866,0.9549999833106995,0.8885999917984009
YGR119C,YIL097W,0,-4.291349,0.09703312069177628,0.9549999833106995,0.888700008392334
YNL238W,YBL075C,0,-4.291488,0.09702326357364655,0.9549999833106995,0.8888000249862671
YLL015W,YBR261C,0,-4.293121,0.09701340645551682,0.9549999833106995,0.8888999819755554
YGL157W,YML120C,0,-4.293125,0.09700355678796768,0.9549999833106995,0.8889999985694885
YOR187W,YIL044C,0,-4.2941413,0.09699369966983795,0.9549999833106995,0.8891000151634216
YKL120W,YIL016W,0,-4.294231,0.09698385000228882,0.9549999833106995,0.88919997215271
YOR206W,YKR089C,0,-4.294921,0.09697400778532028,0.9549999833106995,0.8892999887466431
YGL037C,YEL056W,1,-4.2953463,0.09706569463014603,0.9559999704360962,0.8892999887466431
YMR013C,YPL198W,0,-4.295712,0.0970558375120163,0.9559999704360962,0.8894000053405762
YER029C,YEL011W,0,-4.2957473,0.09704598784446716,0.9559999704360962,0.8895000219345093
YHR172W,YDL110C,0,-4.295982,0.09703613817691803,0.9559999704360962,0.8895999789237976
YLR258W,YPL031C,0,-4.296146,0.0970262885093689,0.9559999704360962,0.8896999955177307
YHR021C,YLR151C,0,-4.2966056,0.09701643884181976,0.9559999704360962,0.8898000121116638
YBR088C,YER030W,1,-4.2969356,0.09710806608200073,0.9570000171661377,0.8898000121116638
YLR350W,YHR010W,0,-4.2976823,0.0970982164144516,0.9570000171661377,0.8899000287055969
YAL041W,YOR358W,0,-4.2979083,0.09708836674690247,0.9570000171661377,0.8899999856948853
YGR085C,YKL008C,0,-4.298456,0.09707851707935333,0.9570000171661377,0.8901000022888184
YIL101C,YBR129C,0,-4.2985535,0.0970686674118042,0.9570000171661377,0.8902000188827515
YFL022C,YDR272W,0,-4.298827,0.09705882519483566,0.9570000171661377,0.8902999758720398
YPR052C,YPR193C,1,-4.298865,0.09715039283037186,0.9580000042915344,0.8902999758720398
YER009W,YBR070C,0,-4.2993503,0.09714054316282272,0.9580000042915344,0.8903999924659729
YDL185W,YIL125W,0,-4.3002453,0.09713069349527359,0.9580000042915344,0.890500009059906
YBL091C,YNL137C,0,-4.3008227,0.09712084382772446,0.9580000042915344,0.8906000256538391
YOR243C,YBR265W,0,-4.3009524,0.09711100161075592,0.9580000042915344,0.8906999826431274
YKL034W,YDR188W,0,-4.302098,0.09710115194320679,0.9580000042915344,0.8907999992370605
YDR358W,YDR330W,0,-4.3023825,0.09709131717681885,0.9580000042915344,0.8909000158309937
YPL106C,YKL082C,0,-4.3026795,0.09708147495985031,0.9580000042915344,0.890999972820282
YJL094C,YIL155C,0,-4.303014,0.09707164019346237,0.9580000042915344,0.8910999894142151
YNL273W,YDR411C,0,-4.303228,0.09706180542707443,0.9580000042915344,0.8912000060081482
YOL135C,YNL301C,0,-4.303907,0.09705197066068649,0.9580000042915344,0.8913000226020813
YLR135W,YFR044C,0,-4.305663,0.09704213589429855,0.9580000042915344,0.8913999795913696
YBL075C,YGR240C,0,-4.3058696,0.09703230857849121,0.9580000042915344,0.8914999961853027
YOR231W,YDR263C,0,-4.305993,0.09702248126268387,0.9580000042915344,0.8916000127792358
YER119C,YMR047C,0,-4.30616,0.09701266139745712,0.9580000042915344,0.891700029373169
YBR035C,YDR513W,0,-4.308497,0.09700283408164978,0.9580000042915344,0.8917999863624573
YIL062C,YNL301C,0,-4.3086734,0.09699301421642303,0.9580000042915344,0.8919000029563904
YLR258W,YIL085C,0,-4.308829,0.09698319435119629,0.9580000042915344,0.8920000195503235
YDR224C,YGR252W,1,-4.3096747,0.09707460552453995,0.9589999914169312,0.8920000195503235
YOL011W,YIL070C,0,-4.309919,0.0970647782087326,0.9589999914169312,0.8920999765396118
YLR363C,YJL096W,0,-4.310159,0.09705495089292526,0.9589999914169312,0.8921999931335449
YML109W,YOL090W,1,-4.3102403,0.09714632481336594,0.9599999785423279,0.8921999931335449
YMR073C,YLR109W,0,-4.3102903,0.0971364974975586,0.9599999785423279,0.892300009727478
YNR035C,YCR047C,0,-4.310325,0.09712667018175125,0.9599999785423279,0.8924000263214111
YPR070W,YJR045C,0,-4.310528,0.09711684286594391,0.9599999785423279,0.8924999833106995
YGR087C,YNL177C,0,-4.3112936,0.09710702300071716,0.9599999785423279,0.8925999999046326
YLR061W,YOR148C,0,-4.311679,0.09709719568490982,0.9599999785423279,0.8927000164985657
YBL041W,YER038C,0,-4.31172,0.09708737581968307,0.9599999785423279,0.892799973487854
YIL117C,YPL274W,0,-4.311831,0.09707756340503693,0.9599999785423279,0.8928999900817871
YGR255C,YJL053W,0,-4.3118844,0.09706774353981018,0.9599999785423279,0.8930000066757202
YLR015W,YDR121W,1,-4.312081,0.09715903550386429,0.9610000252723694,0.8930000066757202
YOL165C,YHR008C,0,-4.3126273,0.09714920818805695,0.9610000252723694,0.8931000232696533
YOL076W,YEL047C,0,-4.312753,0.0971393883228302,0.9610000252723694,0.8931999802589417
YGL013C,YBL092W,0,-4.3130765,0.09712957590818405,0.9610000252723694,0.8932999968528748
YLR398C,YLL015W,0,-4.313661,0.0971197560429573,0.9610000252723694,0.8934000134468079
YFR015C,YEL030W,0,-4.3149304,0.09710994362831116,0.9610000252723694,0.8934999704360962
YGL120C,YPL147W,0,-4.314972,0.09710013121366501,0.9610000252723694,0.8935999870300293
YML005W,YCL057W,0,-4.315474,0.09709031879901886,0.9610000252723694,0.8937000036239624
YPR016C,YCR011C,0,-4.3159432,0.09708051383495331,0.9610000252723694,0.8938000202178955
YER148W,YDR500C,0,-4.3161154,0.09707070887088776,0.9610000252723694,0.8938999772071838
YDL236W,YLR015W,1,-4.3167567,0.0971619039773941,0.9620000123977661,0.8938999772071838
YHL027W,YLR109W,0,-4.316977,0.09715209156274796,0.9620000123977661,0.8939999938011169
YNL209W,YKL197C,0,-4.317106,0.0971422791481018,0.9620000123977661,0.89410001039505
YIL004C,YLL062C,0,-4.3178964,0.09713247418403625,0.9620000123977661,0.8942000269889832
YOL030W,YGR211W,0,-4.3180842,0.0971226617693901,0.9620000123977661,0.8942999839782715
YLR388W,YDR368W,0,-4.318292,0.09711286425590515,0.9620000123977661,0.8944000005722046
YNL209W,YGR106C,0,-4.318924,0.0971030592918396,0.9620000123977661,0.8945000171661377
YPL243W,YKL086W,0,-4.3190417,0.09709325432777405,0.9620000123977661,0.894599974155426
YGL158W,YBR286W,0,-4.3191624,0.09708345681428909,0.9620000123977661,0.8946999907493591
YGR121C,YHL035C,0,-4.31927,0.09707365930080414,0.9620000123977661,0.8948000073432922
YOR110W,YER052C,0,-4.319657,0.09706386923789978,0.9620000123977661,0.8949000239372253
YGR194C,YOR143C,0,-4.3203564,0.09705407917499542,0.9620000123977661,0.8949999809265137
YLR275W,YEL071W,0,-4.320958,0.09704428166151047,0.9620000123977661,0.8950999975204468
YIL070C,YJL035C,0,-4.321293,0.0970344990491867,0.9620000123977661,0.8952000141143799
YLR074C,YKL206C,0,-4.322062,0.09702470898628235,0.9620000123977661,0.8952999711036682
YNL154C,YDL222C,0,-4.3221936,0.09701492637395859,0.9620000123977661,0.8953999876976013
YJL096W,YGL098W,0,-4.322448,0.09700514376163483,0.9620000123977661,0.8955000042915344
YGR268C,YAR033W,0,-4.3242707,0.09699536114931107,0.9620000123977661,0.8956000208854675
YCR093W,YIL070C,0,-4.324514,0.0969855859875679,0.9620000123977661,0.8956999778747559
YJR044C,YBR015C,0,-4.324561,0.09697580337524414,0.9620000123977661,0.895799994468689
YKL126W,YJL186W,0,-4.3246007,0.09696602821350098,0.9620000123977661,0.8959000110626221
YDR184C,YPL270W,0,-4.3248305,0.09695626050233841,0.9620000123977661,0.8960000276565552
YHR025W,YDR512C,0,-4.3248916,0.09694648534059525,0.9620000123977661,0.8960999846458435
YBR106W,YNL308C,0,-4.3252063,0.09693671762943268,0.9620000123977661,0.8962000012397766
YIL088C,YDR188W,0,-4.325415,0.09692694991827011,0.9620000123977661,0.8963000178337097
YIL034C,YIL094C,0,-4.3255005,0.09691718965768814,0.9620000123977661,0.896399974822998
YPR145W,YOR335C,0,-4.3261666,0.09690742194652557,0.9620000123977661,0.8964999914169312
YNL075W,YKL087C,0,-4.3264117,0.0968976616859436,0.9620000123977661,0.8966000080108643
YDR330W,YDL191W,0,-4.326608,0.09688790142536163,0.9620000123977661,0.8967000246047974
YFR015C,YLR135W,0,-4.326743,0.09687814861536026,0.9620000123977661,0.8967999815940857
YNL151C,YML067C,0,-4.327788,0.09686838835477829,0.9620000123977661,0.8968999981880188
YKL213C,YKL086W,0,-4.3286242,0.09685863554477692,0.9620000123977661,0.8970000147819519
YOR133W,YLR226W,0,-4.330151,0.09684889018535614,0.9620000123977661,0.8970999717712402
YJL140W,YPL090C,0,-4.3307633,0.09683913737535477,0.9620000123977661,0.8971999883651733
YOL127W,YLR144C,0,-4.3310614,0.09682939201593399,0.9620000123977661,0.8973000049591064
YAL023C,YJR158W,0,-4.331319,0.09681964665651321,0.9620000123977661,0.8974000215530396
YJL080C,YIL131C,1,-4.33185,0.09691053628921509,0.9629999995231628,0.8974000215530396
YNL301C,YDR487C,0,-4.3319507,0.09690078347921371,0.9629999995231628,0.8974999785423279
YOR221C,YML126C,0,-4.3329253,0.09689103811979294,0.9629999995231628,0.897599995136261
YIR017C,YGL135W,0,-4.33321,0.09688128530979156,0.9629999995231628,0.8977000117301941
YDL076C,YNL097C,1,-4.3333535,0.09697213768959045,0.9639999866485596,0.8977000117301941
YOL064C,YGL008C,0,-4.333489,0.09696238487958908,0.9639999866485596,0.8978000283241272
YJL164C,YKL124W,0,-4.3341227,0.09695263206958771,0.9639999866485596,0.8978999853134155
YGR204W,YPL065W,0,-4.3348155,0.09694287925958633,0.9639999866485596,0.8980000019073486
YJL183W,YGR193C,0,-4.3350253,0.09693313390016556,0.9639999866485596,0.8981000185012817
YOR056C,YBR155W,0,-4.3353524,0.09692338854074478,0.9639999866485596,0.8981999754905701
YGL084C,YDL201W,0,-4.3358703,0.096913643181324,0.9639999866485596,0.8982999920845032
YBR017C,YDL185W,0,-4.3359222,0.09690389782190323,0.9639999866485596,0.8984000086784363
YER148W,YLR102C,0,-4.336248,0.09689415991306305,0.9639999866485596,0.8985000252723694
YMR156C,YJR045C,0,-4.3363743,0.09688442200422287,0.9639999866485596,0.8985999822616577
YPL243W,YNL231C,0,-4.3369765,0.09687468409538269,0.9639999866485596,0.8986999988555908
YJL219W,YDR188W,0,-4.3377953,0.09686495363712311,0.9639999866485596,0.8988000154495239
YMR261C,YBL075C,0,-4.337917,0.09685522317886353,0.9639999866485596,0.8988999724388123
YDL215C,YJL056C,0,-4.338121,0.09684549272060394,0.9639999866485596,0.8989999890327454
YLR022C,YIL148W,0,-4.3387227,0.09683576226234436,0.9639999866485596,0.8991000056266785
YDR099W,YKL059C,0,-4.3390145,0.09682603180408478,0.9639999866485596,0.8992000222206116
YNL067W,YBR155W,0,-4.339409,0.09681630879640579,0.9639999866485596,0.8992999792098999
YKL154W,YBR035C,0,-4.339479,0.0968065857887268,0.9639999866485596,0.899399995803833
YNR032W,YMR073C,0,-4.339887,0.09679687023162842,0.9639999866485596,0.8995000123977661
YIL084C,YNL097C,1,-4.3402796,0.09688755124807358,0.9649999737739563,0.8995000123977661
YER062C,YNL038W,0,-4.340364,0.096877820789814,0.9649999737739563,0.8996000289916992
YDL049C,YGL161C,0,-4.3407474,0.09686809778213501,0.9649999737739563,0.8996999859809875
YJL078C,YPL059W,0,-4.3409834,0.09685837477445602,0.9649999737739563,0.8998000025749207
YDR225W,YGL066W,1,-4.341386,0.0969490185379982,0.9660000205039978,0.8998000025749207
YIL062C,YLR411W,0,-4.342465,0.09693928807973862,0.9660000205039978,0.8999000191688538
YML120C,YNL009W,0,-4.342871,0.09692955762147903,0.9660000205039978,0.8999999761581421
YER124C,YIL049W,0,-4.343572,0.09691983461380005,0.9660000205039978,0.9000999927520752
YGR204W,YKL057C,0,-4.343829,0.09691011160612106,0.9660000205039978,0.9002000093460083
YHR043C,YKL035W,0,-4.343922,0.09690038859844208,0.9660000205039978,0.9003000259399414
YEL021W,YNL067W,0,-4.3439775,0.09689067304134369,0.9660000205039978,0.9003999829292297
YGR220C,YDR316W,0,-4.344269,0.0968809574842453,0.9660000205039978,0.9004999995231628
YLR044C,YHR068W,0,-4.3443246,0.09687124192714691,0.9660000205039978,0.900600016117096
YML077W,YPL037C,0,-4.3450522,0.09686152637004852,0.9660000205039978,0.9006999731063843
YHR025W,YMR013C,0,-4.345939,0.09685181826353073,0.9660000205039978,0.9007999897003174
YGL038C,YPL048W,0,-4.3460064,0.09684210270643234,0.9660000205039978,0.9009000062942505
YPR070W,YNR047W,0,-4.3462486,0.09683239459991455,0.9660000205039978,0.9010000228881836
YAL023C,YDL247W,0,-4.3463287,0.09682269394397736,0.9660000205039978,0.9010999798774719
YJL047C,YLL038C,0,-4.346377,0.09681298583745956,0.9660000205039978,0.901199996471405
YJL128C,YDR518W,0,-4.3469343,0.09680328518152237,0.9660000205039978,0.9013000130653381
YOL027C,YGL158W,0,-4.34719,0.09679358452558517,0.9660000205039978,0.9014000296592712
YPR060C,YLR102C,0,-4.3473344,0.09678389132022858,0.9660000205039978,0.9014999866485596
YBR048W,YDL077C,0,-4.347883,0.09677419066429138,0.9660000205039978,0.9016000032424927
YBL099W,YBR045C,0,-4.3481717,0.09676449745893478,0.9660000205039978,0.9017000198364258
YHL034C,YJL110C,0,-4.3481817,0.09675480425357819,0.9660000205039978,0.9017999768257141
YER009W,YDR033W,0,-4.3488183,0.09674511849880219,0.9660000205039978,0.9018999934196472
YFR004W,YKL081W,0,-4.3490357,0.09673543274402618,0.9660000205039978,0.9020000100135803
YHR150W,YBR042C,0,-4.3492227,0.09672574698925018,0.9660000205039978,0.9021000266075134
YLR044C,YDL184C,0,-4.3497634,0.09671606123447418,0.9660000205039978,0.9021999835968018
YOR354C,YPL048W,0,-4.3498807,0.09670637547969818,0.9660000205039978,0.9023000001907349
YMR180C,YDL220C,0,-4.351184,0.09669669717550278,0.9660000205039978,0.902400016784668
YNL009W,YOR335C,0,-4.351379,0.09668701887130737,0.9660000205039978,0.9024999737739563
YNL290W,YEL011W,0,-4.3517632,0.09667734056711197,0.9660000205039978,0.9025999903678894
YOL064C,YNL209W,0,-4.351849,0.09666766971349716,0.9660000205039978,0.9027000069618225
YPL002C,YEL042W,0,-4.3520637,0.09665799140930176,0.9660000205039978,0.9028000235557556
YJR151C,YGR261C,0,-4.352958,0.09664832055568695,0.9660000205039978,0.902899980545044
YJL094C,YOL082W,0,-4.353128,0.09663865715265274,0.9660000205039978,0.902999997138977
YKL180W,YGL048C,0,-4.3532662,0.09662898629903793,0.9660000205039978,0.9031000137329102
YJL196C,YER052C,0,-4.3533387,0.09661932289600372,0.9660000205039978,0.9031999707221985
YFR015C,YIL049W,0,-4.3536453,0.09660965949296951,0.9660000205039978,0.9032999873161316
YFL026W,YML114C,0,-4.3536906,0.0966000035405159,0.9660000205039978,0.9034000039100647
YER009W,YPR145W,0,-4.3546395,0.09659034013748169,0.9660000205039978,0.9035000205039978
YIL094C,YBR287W,0,-4.3550515,0.09658068418502808,0.9660000205039978,0.9035999774932861
YGL037C,YML109W,1,-4.3555884,0.09667100012302399,0.9670000076293945,0.9035999774932861
YAL008W,YHL031C,0,-4.3559403,0.09666133671998978,0.9670000076293945,0.9036999940872192
YDL078C,YOR317W,0,-4.3562884,0.09665167331695557,0.9670000076293945,0.9038000106811523
YCL031C,YOR181W,0,-4.356631,0.09664201736450195,0.9670000076293945,0.9039000272750854
YDR500C,YGL004C,0,-4.3566613,0.09663235396146774,0.9670000076293945,0.9039999842643738
YDR280W,YLR158C,0,-4.3573165,0.09662270545959473,0.9670000076293945,0.9041000008583069
YAL041W,YJR047C,0,-4.357545,0.09661304950714111,0.9670000076293945,0.90420001745224
YPR016C,YMR140W,0,-4.358067,0.0966033935546875,0.9670000076293945,0.9042999744415283
YKL149C,YML004C,0,-4.359284,0.09659374505281448,0.9670000076293945,0.9043999910354614
YOL027C,YKL150W,0,-4.3594346,0.09658409655094147,0.9670000076293945,0.9045000076293945
YBR055C,YGR085C,0,-4.3600297,0.09657445549964905,0.9670000076293945,0.9046000242233276
YCR018C,YER029C,0,-4.3628225,0.09656480699777603,0.9670000076293945,0.904699981212616
YIL044C,YLR342W,0,-4.362827,0.09655516594648361,0.9670000076293945,0.9047999978065491
YPL124W,YMR250W,0,-4.363499,0.09654552489519119,0.9670000076293945,0.9049000144004822
YFR009W,YDR346C,0,-4.363629,0.09653589129447937,0.9670000076293945,0.9049999713897705
YGL038C,YGR188C,0,-4.3639746,0.09652625024318695,0.9670000076293945,0.9050999879837036
YKR076W,YIL049W,0,-4.364129,0.09651661664247513,0.9670000076293945,0.9052000045776367
YML129C,YER072W,0,-4.364303,0.0965069830417633,0.9670000076293945,0.9053000211715698
YJR047C,YGR261C,0,-4.3643484,0.09649735689163208,0.9670000076293945,0.9053999781608582
YER045C,YBR041W,0,-4.365446,0.09648772329092026,0.9670000076293945,0.9054999947547913
YBR035C,YPL092W,0,-4.365625,0.09647809714078903,0.9670000076293945,0.9056000113487244
YGR255C,YIL034C,0,-4.366113,0.0964684784412384,0.9670000076293945,0.9057000279426575
YDL181W,YDL031W,0,-4.3666005,0.09645885229110718,0.9670000076293945,0.9057999849319458
YLR432W,YBR165W,0,-4.366654,0.09644923359155655,0.9670000076293945,0.9059000015258789
YNL081C,YIL117C,0,-4.3674603,0.09643961489200592,0.9670000076293945,0.906000018119812
YMR195W,YOR319W,0,-4.367509,0.09642999619245529,0.9670000076293945,0.9060999751091003
YNR038W,YMR020W,0,-4.3683543,0.09642037749290466,0.9670000076293945,0.9061999917030334
YKL160W,YPR052C,1,-4.3686795,0.09651046991348267,0.9679999947547913,0.9061999917030334
YJR144W,YCR011C,0,-4.369138,0.09650084376335144,0.9679999947547913,0.9063000082969666
YPR082C,YEL011W,0,-4.369148,0.09649122506380081,0.9679999947547913,0.9064000248908997
YLR105C,YML120C,0,-4.3701334,0.09648161381483078,0.9679999947547913,0.906499981880188
YAL020C,YDR027C,0,-4.3704076,0.09647199511528015,0.9679999947547913,0.9065999984741211
YGR087C,YOR315W,0,-4.3705335,0.09646238386631012,0.9679999947547913,0.9067000150680542
YJR047C,YMR100W,0,-4.370583,0.09645277261734009,0.9679999947547913,0.9067999720573425
YKL054C,YGR081C,0,-4.37063,0.09644316136837006,0.9679999947547913,0.9068999886512756
YJL080C,YFL013C,1,-4.3710027,0.09653317183256149,0.968999981880188,0.9068999886512756
YOR148C,YIL135C,0,-4.371492,0.09652356058359146,0.968999981880188,0.9070000052452087
YBR182C,YJR047C,0,-4.3716826,0.09651394188404083,0.968999981880188,0.9071000218391418
YGR255C,YGL238W,0,-4.372197,0.0965043306350708,0.968999981880188,0.9071999788284302
YDL031W,YEL042W,0,-4.3723373,0.09649471938610077,0.968999981880188,0.9072999954223633
YKR067W,YFR025C,0,-4.3727612,0.09648511558771133,0.968999981880188,0.9074000120162964
YBR048W,YAL055W,0,-4.37328,0.0964755043387413,0.968999981880188,0.9075000286102295
YOR287C,YDL111C,0,-4.3742595,0.09646590054035187,0.968999981880188,0.9075999855995178
YDL230W,YBR182C,0,-4.3742733,0.09645630419254303,0.968999981880188,0.9077000021934509
YDL223C,YPL059W,0,-4.3748937,0.0964467003941536,0.968999981880188,0.907800018787384
YOR079C,YBL047C,0,-4.375294,0.09643710404634476,0.968999981880188,0.9078999757766724
YHR053C,YDL185W,0,-4.37538,0.09642750769853592,0.968999981880188,0.9079999923706055
YEL036C,YKL051W,0,-4.377391,0.09641791135072708,0.968999981880188,0.9081000089645386
YHL020C,YLR239C,0,-4.37882,0.09640831500291824,0.968999981880188,0.9082000255584717
YJR125C,YPL042C,0,-4.379324,0.09639872610569,0.968999981880188,0.90829998254776
YER022W,YOR377W,0,-4.379452,0.09638913720846176,0.968999981880188,0.9083999991416931
YHR066W,YER118C,0,-4.379808,0.09637954831123352,0.968999981880188,0.9085000157356262
YEL042W,YIL135C,0,-4.380283,0.09636996686458588,0.968999981880188,0.9085999727249146
YGL037C,YDR224C,1,-4.380548,0.09645982831716537,0.9700000286102295,0.9085999727249146
YER072W,YMR180C,0,-4.3806715,0.09645023196935654,0.9700000286102295,0.9086999893188477
YML056C,YLR144C,0,-4.38069,0.0964406430721283,0.9700000286102295,0.9088000059127808
YLR044C,YJL053W,0,-4.380976,0.09643105417490005,0.9700000286102295,0.9089000225067139
YBL099W,YHR053C,0,-4.3813157,0.09642147272825241,0.9700000286102295,0.9089999794960022
YDR225W,YOL004W,1,-4.3830028,0.09651128202676773,0.9710000157356262,0.9089999794960022
YDR280W,YHL015W,0,-4.383207,0.09650169312953949,0.9710000157356262,0.9090999960899353
YDR312W,YLR342W,0,-4.3832498,0.09649209678173065,0.9710000157356262,0.9092000126838684
YGL083W,YPL075W,0,-4.3836064,0.09648251533508301,0.9710000157356262,0.9093000292778015
YCL030C,YOR298W,0,-4.3837404,0.09647292643785477,0.9710000157356262,0.9093999862670898
YNL177C,YCR018C,0,-4.383881,0.09646334499120712,0.9710000157356262,0.909500002861023
YLR070C,YNL287W,0,-4.3839107,0.09645375609397888,0.9710000157356262,0.909600019454956
YFR025C,YBL016W,0,-4.3845153,0.09644418209791183,0.9710000157356262,0.9096999764442444
YPL188W,YPL274W,0,-4.384687,0.09643460065126419,0.9710000157356262,0.9097999930381775
YEL039C,YMR100W,0,-4.3849382,0.09642502665519714,0.9710000157356262,0.9099000096321106
YDL230W,YIL117C,0,-4.385193,0.0964154526591301,0.9710000157356262,0.9100000262260437
YIL048W,YPL106C,0,-4.385281,0.09640587866306305,0.9710000157356262,0.910099983215332
YLR105C,YDR411C,0,-4.3855247,0.096396304666996,0.9710000157356262,0.9101999998092651
YBR106W,YOR335C,0,-4.386461,0.09638673812150955,0.9710000157356262,0.9103000164031982
YLR303W,YBR017C,0,-4.3864923,0.0963771715760231,0.9710000157356262,0.9103999733924866
YDL217C,YHR039C-A,0,-4.386531,0.09636760503053665,0.9710000157356262,0.9104999899864197
YEL003W,YOL052C,0,-4.3867717,0.0963580459356308,0.9710000157356262,0.9106000065803528
YOR181W,YFR053C,0,-4.3868227,0.09634847939014435,0.9710000157356262,0.9107000231742859
YJL048C,YMR088C,0,-4.387562,0.0963389202952385,0.9710000157356262,0.9107999801635742
YLR398C,YOR219C,0,-4.388103,0.09632936865091324,0.9710000157356262,0.9108999967575073
YLR258W,YNL115C,0,-4.3883605,0.09631980955600739,0.9710000157356262,0.9110000133514404
YDR398W,YIL133C,0,-4.389121,0.09631025791168213,0.9710000157356262,0.9110999703407288
YKL154W,YLL062C,0,-4.3895955,0.09630070626735687,0.9710000157356262,0.9111999869346619
YEL026W,YKL051W,0,-4.389917,0.09629115462303162,0.9710000157356262,0.911300003528595
YGR204W,YPL259C,0,-4.390258,0.09628160297870636,0.9710000157356262,0.9114000201225281
YKL025C,YHR015W,0,-4.3903494,0.0962720587849617,0.9710000157356262,0.9114999771118164
YHR053C,YHL020C,0,-4.39042,0.09626251459121704,0.9710000157356262,0.9115999937057495
YER062C,YNL231C,0,-4.3918557,0.09625297039747238,0.9710000157356262,0.9117000102996826
YHL015W,YDR272W,0,-4.3920064,0.09624343365430832,0.9710000157356262,0.9118000268936157
YIL088C,YLR238W,0,-4.3920474,0.09623389691114426,0.9710000157356262,0.911899983882904
YLR193C,YGR240C,0,-4.3921194,0.0962243601679802,0.9710000157356262,0.9120000004768372
YKL214C,YMR195W,0,-4.392407,0.09621482342481613,0.9710000157356262,0.9121000170707703
YNL188W,YMR322C,0,-4.3925166,0.09620529413223267,0.9710000157356262,0.9121999740600586
YPR052C,YMR022W,1,-4.394722,0.0962948277592659,0.972000002861023,0.9121999740600586
YGL037C,YER030W,1,-4.3947554,0.09638434648513794,0.9729999899864197,0.9121999740600586
YDR497C,YDL215C,0,-4.395145,0.09637480229139328,0.9729999899864197,0.9122999906539917
YGL179C,YMR056C,0,-4.3958435,0.09636525809764862,0.9729999899864197,0.9124000072479248
YDL201W,YOL052C,0,-4.396503,0.09635571390390396,0.9729999899864197,0.9125000238418579
YAL041W,YEL011W,0,-4.396974,0.0963461697101593,0.9729999899864197,0.9125999808311462
YNL074C,YKL008C,0,-4.397422,0.09633663296699524,0.9729999899864197,0.9126999974250793
YML129C,YOR354C,0,-4.3986745,0.09632709622383118,0.9729999899864197,0.9128000140190125
YEL047C,YER129W,0,-4.398931,0.09631755948066711,0.9729999899864197,0.9128999710083008
YBL041W,YKL213C,0,-4.399422,0.09630803018808365,0.9729999899864197,0.9129999876022339
YBR265W,YHL016C,0,-4.399503,0.09629849344491959,0.9729999899864197,0.913100004196167
YOR028C,YDR330W,0,-4.400555,0.09628896415233612,0.9729999899864197,0.9132000207901001
YMR217W,YOL121C,0,-4.4008074,0.09627943485975266,0.9729999899864197,0.9132999777793884
YPL092W,YEL037C,0,-4.401135,0.09626991301774979,0.9729999899864197,0.9133999943733215
YPR016C,YGL004C,0,-4.402016,0.09626039117574692,0.9729999899864197,0.9135000109672546
YHR030C,YOR355W,0,-4.402249,0.09625086188316345,0.9729999899864197,0.9136000275611877
YMR304W,YBR189W,0,-4.4025073,0.09624134749174118,0.9729999899864197,0.9136999845504761
YNL074C,YOR260W,0,-4.402537,0.09623182564973831,0.9729999899864197,0.9138000011444092
YLR092W,YLR022C,0,-4.403604,0.09622231125831604,0.9729999899864197,0.9139000177383423
YLR376C,YDL049C,0,-4.404233,0.09621279686689377,0.9729999899864197,0.9139999747276306
YMR250W,YNR032C-A,0,-4.4048223,0.0962032824754715,0.9729999899864197,0.9140999913215637
YLL038C,YPL031C,0,-4.405297,0.09619376808404922,0.9729999899864197,0.9142000079154968
YOR122C,YJL008C,0,-4.4065385,0.09618426114320755,0.9729999899864197,0.9143000245094299
YKR094C,YCR038C,0,-4.4065886,0.09617475420236588,0.9729999899864197,0.9143999814987183
YBR045C,YLR432W,0,-4.40793,0.0961652472615242,0.9729999899864197,0.9144999980926514
YPL038W,YCR026C,0,-4.4085813,0.09615574777126312,0.9729999899864197,0.9146000146865845
YGR106C,YNL312W,0,-4.4086776,0.09614624828100204,0.9729999899864197,0.9146999716758728
YBR143C,YOL127W,0,-4.409786,0.09613674879074097,0.9729999899864197,0.9147999882698059
YJR125C,YOL040C,0,-4.4098535,0.09612724930047989,0.9729999899864197,0.914900004863739
YDL236W,YMR022W,1,-4.4104705,0.09621653705835342,0.9739999771118164,0.914900004863739
YOR133W,YCL039W,0,-4.41052,0.09620703011751175,0.9739999771118164,0.9150000214576721
YGR255C,YDL136W,0,-4.4107156,0.09619753062725067,0.9739999771118164,0.9150999784469604
YGR121C,YLR029C,0,-4.41094,0.0961880311369896,0.9739999771118164,0.9151999950408936
YHR169W,YHR008C,0,-4.41099,0.09617853164672852,0.9739999771118164,0.9153000116348267
YHR008C,YPL270W,0,-4.411315,0.09616903960704803,0.9739999771118164,0.9154000282287598
YIL155C,YPL069C,0,-4.4130316,0.09615954011678696,0.9739999771118164,0.9154999852180481
YER038C,YJL082W,0,-4.413281,0.09615004807710648,0.9739999771118164,0.9156000018119812
YEL003W,YDL215C,0,-4.413317,0.096140556037426,0.9739999771118164,0.9157000184059143
YNL131W,YPL059W,0,-4.413348,0.09613107144832611,0.9739999771118164,0.9157999753952026
YMR056C,YLR330W,0,-4.4142647,0.09612157940864563,0.9739999771118164,0.9158999919891357
YKR083C,YPL198W,0,-4.414475,0.09611209481954575,0.9739999771118164,0.9160000085830688
YOR123C,YNL186W,1,-4.414576,0.09620128571987152,0.9750000238418579,0.9160000085830688
YBR265W,YGL259W,0,-4.4145865,0.09619179368019104,0.9750000238418579,0.916100025177002
YGL068W,YKL074C,0,-4.414934,0.09618230164051056,0.9750000238418579,0.9161999821662903
YBR164C,YJL096W,0,-4.4150105,0.09617281705141068,0.9750000238418579,0.9162999987602234
YHR193C,YJL170C,0,-4.4151316,0.09616333246231079,0.9750000238418579,0.9164000153541565
YPL031C,YPL042C,0,-4.4151735,0.09615384787321091,0.9750000238418579,0.9164999723434448
YOR393W,YDR456W,0,-4.4170346,0.09614436328411102,0.9750000238418579,0.9165999889373779
YNL036W,YGR078C,0,-4.417542,0.09613488614559174,0.9750000238418579,0.916700005531311
YGL232W,YLR121C,0,-4.4180746,0.09612540900707245,0.9750000238418579,0.9168000221252441
YLR102C,YML074C,0,-4.418176,0.09611593186855316,0.9750000238418579,0.9168999791145325
YFR009W,YDR377W,0,-4.419943,0.09610645473003387,0.9750000238418579,0.9169999957084656
YCR003W,YAL008W,0,-4.420477,0.09609698504209518,0.9750000238418579,0.9171000123023987
YGR240C,YOL109W,0,-4.420589,0.0960875153541565,0.9750000238418579,0.9172000288963318
YPR145W,YAL055W,0,-4.421457,0.0960780456662178,0.9750000238418579,0.9172999858856201
YAL055W,YDR513W,0,-4.4214587,0.09606857597827911,0.9750000238418579,0.9174000024795532
YGR034W,YKL145W,0,-4.421474,0.09605911374092102,0.9750000238418579,0.9175000190734863
YHR085W,YIL117C,0,-4.4215946,0.09604965150356293,0.9750000238418579,0.9175999760627747
YOL005C,YNL116W,0,-4.42238,0.09604018926620483,0.9750000238418579,0.9176999926567078
YFL034C-B,YDL128W,0,-4.4228005,0.09603072702884674,0.9750000238418579,0.9178000092506409
YKL074C,YLL062C,0,-4.422891,0.09602127224206924,0.9750000238418579,0.917900025844574
YOR061W,YDL222C,0,-4.4229274,0.09601181745529175,0.9750000238418579,0.9179999828338623
YDL020C,YOR206W,0,-4.42299,0.09600236266851425,0.9750000238418579,0.9180999994277954
YOR243C,YOR181W,0,-4.42333,0.09599290788173676,0.9750000238418579,0.9182000160217285
YKL180W,YOL052C,0,-4.4247103,0.09598346054553986,0.9750000238418579,0.9182999730110168
YNL069C,YDL201W,0,-4.4249954,0.09597401320934296,0.9750000238418579,0.91839998960495
YDR019C,YJL124C,0,-4.4251285,0.09596456587314606,0.9750000238418579,0.9185000061988831
YMR013C,YLR192C,0,-4.4259114,0.09595512598752975,0.9750000238418579,0.9186000227928162
YDR277C,YHR193C,0,-4.426088,0.09594567865133286,0.9750000238418579,0.9186999797821045
YKL081W,YMR058W,0,-4.4266253,0.09593623876571655,0.9750000238418579,0.9187999963760376
YOR120W,YNL038W,0,-4.426626,0.09592679888010025,0.9750000238418579,0.9189000129699707
YKL082C,YJL179W,0,-4.4266686,0.09591736644506454,0.9750000238418579,0.9190000295639038
YDL031W,YGR085C,0,-4.4269934,0.09590792655944824,0.9750000238418579,0.9190999865531921
YNL256W,YPR067W,0,-4.427835,0.09589849412441254,0.9750000238418579,0.9192000031471252
YCL057W,YDL128W,0,-4.427854,0.09588906168937683,0.9750000238418579,0.9193000197410583
YOR120W,YML001W,0,-4.4280095,0.09587963670492172,0.9750000238418579,0.9193999767303467
YLR258W,YKL012W,0,-4.4285,0.09587020426988602,0.9750000238418579,0.9194999933242798
YIL101C,YFR044C,0,-4.4285855,0.09586077928543091,0.9750000238418579,0.9196000099182129
YOR171C,YEL071W,0,-4.428836,0.0958513543009758,0.9750000238418579,0.919700026512146
YOR202W,YJL111W,0,-4.431039,0.09584193676710129,0.9750000238418579,0.9197999835014343
YNL131W,YPL026C,0,-4.431615,0.09583251178264618,0.9750000238418579,0.9199000000953674
YHR148W,YBR286W,0,-4.4318995,0.09582309424877167,0.9750000238418579,0.9200000166893005
YDR518W,YMR043W,0,-4.4325337,0.09581367671489716,0.9750000238418579,0.9200999736785889
YBL047C,YIL016W,0,-4.4325805,0.09580426663160324,0.9750000238418579,0.920199990272522
YOR113W,YMR047C,0,-4.432704,0.09579484909772873,0.9750000238418579,0.9203000068664551
YMR180C,YOL121C,0,-4.4333005,0.09578543901443481,0.9750000238418579,0.9204000234603882
YDR418W,YOL031C,0,-4.433584,0.0957760289311409,0.9750000238418579,0.9204999804496765
YGR204W,YMR040W,0,-4.4338117,0.09576662629842758,0.9750000238418579,0.9205999970436096
YOR261C,YOR181W,0,-4.4341354,0.09575721621513367,0.9750000238418579,0.9207000136375427
YPL241C,YBL016W,0,-4.434275,0.09574781358242035,0.9750000238418579,0.920799970626831
YKL025C,YBR286W,0,-4.4349008,0.09573841094970703,0.9750000238418579,0.9208999872207642
YOR187W,YJL186W,0,-4.435324,0.09572901576757431,0.9750000238418579,0.9210000038146973
YEL071W,YIL149C,0,-4.4359536,0.09571961313486099,0.9750000238418579,0.9211000204086304
YKR076W,YML115C,0,-4.4366937,0.09571021795272827,0.9750000238418579,0.9211999773979187
YHR030C,YPR016C,0,-4.4368715,0.09570082277059555,0.9750000238418579,0.9212999939918518
YDR512C,YKL201C,0,-4.437198,0.09569143503904343,0.9750000238418579,0.9214000105857849
YHL028W,YLR432W,0,-4.4375396,0.0956820398569107,0.9750000238418579,0.921500027179718
YNL039W,YOL152W,0,-4.437712,0.09567265212535858,0.9750000238418579,0.9215999841690063
YIL034C,YBR019C,0,-4.438459,0.09566326439380646,0.9750000238418579,0.9217000007629395
YAL005C,YKL213C,0,-4.4385066,0.09565387666225433,0.9750000238418579,0.9218000173568726
YBR114W,YIL142W,0,-4.438592,0.0956444963812828,0.9750000238418579,0.9218999743461609
YIL088C,YDR178W,0,-4.4392056,0.09563511610031128,0.9750000238418579,0.921999990940094
YIL051C,YBR035C,0,-4.4447474,0.09562573581933975,0.9750000238418579,0.9221000075340271
YMR250W,YDL093W,0,-4.446042,0.09561635553836823,0.9750000238418579,0.9222000241279602
YDR513W,YPL048W,0,-4.446425,0.0956069827079773,0.9750000238418579,0.9222999811172485
YNL059C,YGL037C,1,-4.4469185,0.09569565951824188,0.9760000109672546,0.9222999811172485
YKL124W,YGR240C,0,-4.4475026,0.09568627178668976,0.9760000109672546,0.9223999977111816
YOR034C,YHR021C,0,-4.448663,0.09567689150571823,0.9760000109672546,0.9225000143051147
YJR001W,YMR230W,0,-4.4494524,0.0956675186753273,0.9760000109672546,0.9225999712944031
YNL151C,YLR155C,0,-4.449699,0.09565813839435577,0.9760000109672546,0.9226999878883362
YEL042W,YJL111W,0,-4.4498878,0.09564876556396484,0.9760000109672546,0.9228000044822693
YLR327C,YKR090W,0,-4.44997,0.09563939273357391,0.9760000109672546,0.9229000210762024
YGR194C,YGR193C,0,-4.4499907,0.09563001990318298,0.9760000109672546,0.9229999780654907
YKL082C,YBR035C,0,-4.450194,0.09562065452337265,0.9760000109672546,0.9230999946594238
YDL223C,YOR358W,0,-4.450335,0.09561128169298172,0.9760000109672546,0.9232000112533569
YLR303W,YLR192C,0,-4.4506307,0.09560191631317139,0.9760000109672546,0.92330002784729
YBL084C,YJL190C,0,-4.450716,0.09559255838394165,0.9760000109672546,0.9233999848365784
YIL142W,YBR286W,0,-4.451159,0.09558319300413132,0.9760000109672546,0.9235000014305115
YIL051C,YGR046W,0,-4.4512115,0.09557383507490158,0.9760000109672546,0.9236000180244446
YOL027C,YKL051W,0,-4.4516587,0.09556447714567184,0.9760000109672546,0.9236999750137329
YEL021W,YJL128C,0,-4.4532924,0.09555511921644211,0.9760000109672546,0.923799991607666
YGL120C,YML067C,0,-4.4536843,0.09554576873779297,0.9760000109672546,0.9239000082015991
YJL186W,YBR070C,0,-4.453701,0.09553641080856323,0.9760000109672546,0.9240000247955322
YCL030C,YJR144W,0,-4.4537187,0.09552706032991409,0.9760000109672546,0.9240999817848206
YDR512C,YBR048W,0,-4.454038,0.09551771730184555,0.9760000109672546,0.9241999983787537
YOR260W,YDR218C,0,-4.45411,0.09550836682319641,0.9760000109672546,0.9243000149726868
YOR120W,YIL149C,0,-4.4543853,0.09549902379512787,0.9760000109672546,0.9243999719619751
YAR007C,YPL248C,0,-4.454424,0.09548968076705933,0.9760000109672546,0.9244999885559082
YDL230W,YIL088C,0,-4.4549117,0.09548033773899078,0.9760000109672546,0.9246000051498413
YGR087C,YER073W,0,-4.4554276,0.09547099471092224,0.9760000109672546,0.9247000217437744
YER086W,YJR161C,0,-4.455754,0.0954616591334343,0.9760000109672546,0.9247999787330627
YPR060C,YGR158C,0,-4.456489,0.09545232355594635,0.9760000109672546,0.9248999953269958
YNL009W,YMR307W,0,-4.4571085,0.0954429879784584,0.9760000109672546,0.925000011920929
YHL011C,YER062C,0,-4.457186,0.09543365240097046,0.9760000109672546,0.9251000285148621
YNL069C,YCR098C,0,-4.4576297,0.09542432427406311,0.9760000109672546,0.9251999855041504
YOR150W,YKL086W,0,-4.45805,0.09541499614715576,0.9760000109672546,0.9253000020980835
YDL223C,YHL020C,0,-4.458158,0.09540566802024841,0.9760000109672546,0.9254000186920166
YJR125C,YGR038W,0,-4.458203,0.09539634734392166,0.9760000109672546,0.9254999756813049
YOR354C,YJL190C,0,-4.458234,0.09538701921701431,0.9760000109672546,0.925599992275238
YDR358W,YOR354C,0,-4.45978,0.09537769854068756,0.9760000109672546,0.9257000088691711
YMR250W,YFR040W,0,-4.45989,0.09536837786436081,0.9760000109672546,0.9258000254631042
YIL046W,YER009W,0,-4.459984,0.09535906463861465,0.9760000109672546,0.9258999824523926
YOR133W,YOL109W,0,-4.4602036,0.0953497439622879,0.9760000109672546,0.9259999990463257
YLR388W,YKL084W,0,-4.460315,0.09534043073654175,0.9760000109672546,0.9261000156402588
YLR303W,YJR047C,0,-4.4617867,0.0953311175107956,0.9760000109672546,0.9261999726295471
YFR015C,YHR074W,0,-4.461807,0.09532181173563004,0.9760000109672546,0.9262999892234802
YDR003W,YGR188C,0,-4.4621377,0.09531249850988388,0.9760000109672546,0.9264000058174133
YMR303C,YJL008C,0,-4.4627085,0.09530319273471832,0.9760000109672546,0.9265000224113464
YJR004C,YDR460W,0,-4.463451,0.09529388695955276,0.9760000109672546,0.9265999794006348
YJR049C,YIL133C,0,-4.464446,0.09528458118438721,0.9760000109672546,0.9266999959945679
YDR405W,YDR497C,0,-4.464989,0.09527528285980225,0.9760000109672546,0.926800012588501
YJL146W,YLR103C,0,-4.465405,0.09526598453521729,0.9760000109672546,0.9269000291824341
YHL028W,YLR039C,0,-4.4660296,0.09525668621063232,0.9760000109672546,0.9269999861717224
YIR017C,YNL197C,0,-4.4660525,0.09524738788604736,0.9760000109672546,0.9271000027656555
YLR373C,YDR178W,0,-4.466851,0.095238097012043,0.9760000109672546,0.9272000193595886
YIL016W,YDR456W,0,-4.466861,0.09522880613803864,0.9760000109672546,0.927299976348877
YMR217W,YKL086W,0,-4.4688835,0.09521951526403427,0.9760000109672546,0.9273999929428101
YLL055W,YDR500C,0,-4.4697614,0.09521022439002991,0.9760000109672546,0.9275000095367432
YKL057C,YHR053C,0,-4.469829,0.09520093351602554,0.9760000109672546,0.9276000261306763
YER072W,YOR221C,0,-4.470259,0.09519165009260178,0.9760000109672546,0.9276999831199646
YNL278W,YDL024C,0,-4.470917,0.09518236666917801,0.9760000109672546,0.9277999997138977
YGL084C,YOR092W,0,-4.470927,0.09517308324575424,0.9760000109672546,0.9279000163078308
YML056C,YOR056C,0,-4.471312,0.09516380727291107,0.9760000109672546,0.9279999732971191
YKL160W,YDR225W,1,-4.4715877,0.09525202214717865,0.9769999980926514,0.9279999732971191
YMR261C,YJR045C,0,-4.4728637,0.09524273872375488,0.9769999980926514,0.9280999898910522
YLR007W,YER062C,0,-4.4730015,0.09523345530033112,0.9769999980926514,0.9282000064849854
YJR144W,YDL142C,0,-4.473394,0.09522417187690735,0.9769999980926514,0.9283000230789185
YBL076C,YKL087C,0,-4.4741154,0.09521488845348358,0.9769999980926514,0.9283999800682068
YGL158W,YML078W,0,-4.474174,0.09520561248064041,0.9769999980926514,0.9284999966621399
YKL054C,YKL205W,0,-4.4752607,0.09519633650779724,0.9769999980926514,0.928600013256073
YBL041W,YAR007C,0,-4.47614,0.09518706053495407,0.9769999980926514,0.9286999702453613
YBR166C,YJR074W,0,-4.4762053,0.0951777920126915,0.9769999980926514,0.9287999868392944
YEL009C,YPL049C,0,-4.476211,0.09516851603984833,0.9769999980926514,0.9289000034332275
YJL124C,YJR125C,0,-4.476217,0.09515924751758575,0.9769999980926514,0.9290000200271606
YBR048W,YCL027W,0,-4.477285,0.09514997899532318,0.9769999980926514,0.929099977016449
YBR248C,YDL191W,0,-4.477656,0.0951407179236412,0.9769999980926514,0.9291999936103821
YDR358W,YDR194C,0,-4.4780707,0.09513144940137863,0.9769999980926514,0.9293000102043152
YCR003W,YCL039W,0,-4.4783106,0.09512218832969666,0.9769999980926514,0.9294000267982483
YGL037C,YJL176C,1,-4.4784565,0.09521028399467468,0.9779999852180481,0.9294000267982483
YER045C,YOR092W,0,-4.4794955,0.09520101547241211,0.9779999852180481,0.9294999837875366
YMR047C,YDL247W,0,-4.480164,0.09519174695014954,0.9779999852180481,0.9296000003814697
YLR182W,YLR324W,0,-4.481061,0.09518247842788696,0.9779999852180481,0.9297000169754028
YER086W,YMR004W,0,-4.481319,0.09517321735620499,0.9779999852180481,0.9297999739646912
YKR083C,YGL135W,0,-4.481739,0.09516395628452301,0.9779999852180481,0.9298999905586243
YGR034W,YDR412W,0,-4.4834933,0.09515470266342163,0.9779999852180481,0.9300000071525574
YNL209W,YCR026C,0,-4.4838214,0.09514544159173965,0.9779999852180481,0.9301000237464905
YFL014W,YOR260W,0,-4.4838266,0.09513618797063828,0.9779999852180481,0.9301999807357788
YER176W,YIL070C,0,-4.484345,0.0951269343495369,0.9779999852180481,0.9302999973297119
YJR044C,YNL256W,0,-4.484839,0.09511768072843552,0.9779999852180481,0.930400013923645
YDL181W,YIL168W,0,-4.48502,0.09510843455791473,0.9779999852180481,0.9304999709129333
YMR286W,YER044C,0,-4.485187,0.09509918093681335,0.9779999852180481,0.9305999875068665
YDR512C,YEL071W,0,-4.4852653,0.09508993476629257,0.9779999852180481,0.9307000041007996
YDR280W,YDR456W,0,-4.4859147,0.09508068859577179,0.9779999852180481,0.9308000206947327
YGL006W,YML093W,0,-4.486006,0.0950714498758316,0.9779999852180481,0.930899977684021
YGR268C,YGR046W,0,-4.4860435,0.09506221115589142,0.9779999852180481,0.9309999942779541
YML120C,YGR081C,0,-4.4866495,0.09505297243595123,0.9779999852180481,0.9311000108718872
YDR500C,YOL111C,0,-4.4881034,0.09504373371601105,0.9779999852180481,0.9312000274658203
YOR056C,YJR047C,0,-4.4884787,0.09503449499607086,0.9779999852180481,0.9312999844551086
YER086W,YKL180W,0,-4.488997,0.09502526372671127,0.9779999852180481,0.9314000010490417
YPL059W,YMR088C,0,-4.493401,0.09501603245735168,0.9779999852180481,0.9315000176429749
YOR004W,YMR307W,0,-4.4935136,0.0950068011879921,0.9779999852180481,0.9315999746322632
YLR027C,YDL100C,0,-4.4944415,0.09499756991863251,0.9779999852180481,0.9316999912261963
YDR487C,YLR109W,0,-4.4947386,0.09498834609985352,0.9779999852180481,0.9318000078201294
YNL173C,YER131W,0,-4.4947824,0.09497912228107452,0.9779999852180481,0.9319000244140625
YPL089C,YPL069C,0,-4.495403,0.09496989846229553,0.9779999852180481,0.9319999814033508
YKR076W,YHR132C,0,-4.4958262,0.09496067464351654,0.9779999852180481,0.9320999979972839
YLR029C,YMR302C,0,-4.496178,0.09495145827531815,0.9779999852180481,0.932200014591217
YGR109C,YOL082W,0,-4.496427,0.09494224190711975,0.9779999852180481,0.9322999715805054
YMR013C,YIL044C,0,-4.496879,0.09493302553892136,0.9779999852180481,0.9323999881744385
YLR363C,YDR479C,0,-4.4968877,0.09492380917072296,0.9779999852180481,0.9325000047683716
YNL074C,YIL135C,0,-4.4969673,0.09491459280252457,0.9779999852180481,0.9326000213623047
YKL087C,YPL160W,0,-4.4978843,0.09490538388490677,0.9779999852180481,0.932699978351593
YDL142C,YJL096W,0,-4.4982667,0.09489617496728897,0.9779999852180481,0.9327999949455261
YJR047C,YNL223W,0,-4.49878,0.09488697350025177,0.9779999852180481,0.9329000115394592
YDR368W,YDR418W,0,-4.499186,0.09487776458263397,0.9779999852180481,0.9330000281333923
YML086C,YMR088C,0,-4.4994483,0.09486856311559677,0.9779999852180481,0.9330999851226807
YHR176W,YGR286C,0,-4.501509,0.09485936164855957,0.9779999852180481,0.9332000017166138
YGR087C,YJL111W,0,-4.501762,0.09485016018152237,0.9779999852180481,0.9333000183105469
YLR074C,YHR010W,0,-4.502334,0.09484095871448517,0.9779999852180481,0.9333999752998352
YPR134W,YBR048W,0,-4.503259,0.09483176469802856,0.9779999852180481,0.9334999918937683
YMR230W,YNL074C,0,-4.50472,0.09482257068157196,0.9779999852180481,0.9336000084877014
YJR047C,YKL004W,0,-4.505256,0.09481337666511536,0.9779999852180481,0.9337000250816345
YJL186W,YER044C,0,-4.5053267,0.09480419009923935,0.9779999852180481,0.9337999820709229
YOR281C,YKL051W,0,-4.5057225,0.09479499608278275,0.9779999852180481,0.933899998664856
YBR121C,YNL092W,0,-4.505753,0.09478580951690674,0.9779999852180481,0.9340000152587891
YGR260W,YEL018W,0,-4.506898,0.09477662295103073,0.9779999852180481,0.9340999722480774
YJL080C,YGL066W,1,-4.5071306,0.09486433863639832,0.9789999723434448,0.9340999722480774
YNL188W,YOL122C,0,-4.5076976,0.09485515207052231,0.9789999723434448,0.9341999888420105
YMR303C,YNR035C,0,-4.5081773,0.0948459580540657,0.9789999723434448,0.9343000054359436
YMR077C,YNL067W,0,-4.510287,0.0948367714881897,0.9789999723434448,0.9344000220298767
YDR033W,YOL091W,0,-4.510445,0.09482758492231369,0.9789999723434448,0.934499979019165
YDR532C,YOL103W,0,-4.5126395,0.09481839835643768,0.9789999723434448,0.9345999956130981
YGL066W,YNL097C,1,-4.5128055,0.09490606188774109,0.9800000190734863,0.9345999956130981
YMR311C,YER118C,0,-4.512858,0.09489687532186508,0.9800000190734863,0.9347000122070312
YBR114W,YOR122C,0,-4.513011,0.09488768130540848,0.9800000190734863,0.9348000288009644
YOL109W,YGL167C,0,-4.5132146,0.09487849473953247,0.9800000190734863,0.9348999857902527
YGL170C,YJL082W,0,-4.513575,0.09486931562423706,0.9800000190734863,0.9350000023841858
YKL081W,YML093W,0,-4.5136523,0.09486012905836105,0.9800000190734863,0.9351000189781189
YIL117C,YPL042C,0,-4.5138483,0.09485094994306564,0.9800000190734863,0.9351999759674072
YNL209W,YDR341C,0,-4.5138974,0.09484177082777023,0.9800000190734863,0.9352999925613403
YLR070C,YNL256W,0,-4.5145106,0.09483259171247482,0.9800000190734863,0.9354000091552734
YJL096W,YOL121C,0,-4.515058,0.09482341259717941,0.9800000190734863,0.9355000257492065
YOR143C,YOL121C,0,-4.5156436,0.0948142409324646,0.9800000190734863,0.9355999827384949
YLR388W,YGL136C,0,-4.515989,0.09480506926774979,0.9800000190734863,0.935699999332428
YKL082C,YJL069C,0,-4.516105,0.09479589760303497,0.9800000190734863,0.9358000159263611
YBL088C,YBL099W,0,-4.5164533,0.09478673338890076,0.9800000190734863,0.9358999729156494
YHL020C,YJL053W,0,-4.516711,0.09477756172418594,0.9800000190734863,0.9359999895095825
YOR056C,YNL074C,0,-4.5170493,0.09476839751005173,0.9800000190734863,0.9361000061035156
YIL034C,YHR015W,0,-4.5171027,0.09475923329591751,0.9800000190734863,0.9362000226974487
YML123C,YDL142C,0,-4.517306,0.0947500690817833,0.9800000190734863,0.9362999796867371
YGR204W,YMR043W,0,-4.51773,0.09474091231822968,0.9800000190734863,0.9363999962806702
YOR171C,YFL031W,0,-4.517831,0.09473175555467606,0.9800000190734863,0.9365000128746033
YJL186W,YNL160W,0,-4.519291,0.09472259879112244,0.9800000190734863,0.9366000294685364
YNL256W,YPL243W,0,-4.5204883,0.09471344202756882,0.9800000190734863,0.9366999864578247
YPL249C,YFL022C,0,-4.525999,0.0947042927145958,0.9800000190734863,0.9368000030517578
YDR019C,YKL081W,0,-4.5263686,0.09469513595104218,0.9800000190734863,0.9369000196456909
YER014W,YDR377W,0,-4.528298,0.09468598663806915,0.9800000190734863,0.9369999766349792
YLR027C,YHR043C,0,-4.5284057,0.09467684477567673,0.9800000190734863,0.9370999932289124
YER073W,YGL053W,0,-4.528745,0.0946676954627037,0.9800000190734863,0.9372000098228455
YLR327C,YDL231C,0,-4.532037,0.09465855360031128,0.9800000190734863,0.9373000264167786
YCL030C,YHL035C,0,-4.532131,0.09464941173791885,0.9800000190734863,0.9373999834060669
YAL043C,YHR176W,0,-4.5323625,0.09464026987552643,0.9800000190734863,0.9375
YHL028W,YOR079C,0,-4.5329795,0.094631128013134,0.9800000190734863,0.9376000165939331
YKL025C,YBR048W,0,-4.5334506,0.09462199360132217,0.9800000190734863,0.9376999735832214
YDR245W,YOR377W,0,-4.53367,0.09461285918951035,0.9800000190734863,0.9377999901771545
YKL081W,YJR004C,0,-4.5339932,0.09460372477769852,0.9800000190734863,0.9379000067710876
YGR267C,YJR033C,0,-4.53476,0.09459459781646729,0.9800000190734863,0.9380000233650208
YLR070C,YCR011C,0,-4.534928,0.09458546340465546,0.9800000190734863,0.9380999803543091
YMR195W,YBL076C,0,-4.535186,0.09457633644342422,0.9800000190734863,0.9381999969482422
YHR053C,YJR006W,0,-4.5354843,0.094567209482193,0.9800000190734863,0.9383000135421753
YOL064C,YPL265W,0,-4.535581,0.09455808252096176,0.9800000190734863,0.9383999705314636
YHL020C,YPL092W,0,-4.5355983,0.09454896301031113,0.9800000190734863,0.9384999871253967
YLR047C,YER176W,0,-4.53601,0.09453984349966049,0.9800000190734863,0.9386000037193298
YKL150W,YOR150W,0,-4.5360684,0.09453072398900986,0.9800000190734863,0.9387000203132629
YNL334C,YMR088C,0,-4.536079,0.09452160447835922,0.9800000190734863,0.9387999773025513
YBR143C,YPR145W,0,-4.5373044,0.09451249241828918,0.9800000190734863,0.9388999938964844
YNL077W,YDR500C,0,-4.538207,0.09450337290763855,0.9800000190734863,0.9390000104904175
YMR043W,YML078W,0,-4.539349,0.09449426084756851,0.9800000190734863,0.9391000270843506
YBR166C,YKR067W,0,-4.5403624,0.09448514878749847,0.9800000190734863,0.9391999840736389
YHR005C,YBL016W,0,-4.540381,0.09447604417800903,0.9800000190734863,0.939300000667572
YDL213C,YNL075W,0,-4.540391,0.09446693956851959,0.9800000190734863,0.9394000172615051
YKL180W,YNL151C,0,-4.540444,0.09445783495903015,0.9800000190734863,0.9394999742507935
YMR020W,YDR211W,0,-4.541036,0.09444873034954071,0.9800000190734863,0.9395999908447266
YDL184C,YPL089C,0,-4.541558,0.09443962574005127,0.9800000190734863,0.9397000074386597
YLR258W,YPR138C,0,-4.5416036,0.09443052858114243,0.9800000190734863,0.9398000240325928
YGR106C,YOR084W,0,-4.5420394,0.09442143142223358,0.9800000190734863,0.9398999810218811
YBR070C,YPL037C,0,-4.5430274,0.09441233426332474,0.9800000190734863,0.9399999976158142
YER124C,YKL054C,0,-4.543316,0.0944032371044159,0.9800000190734863,0.9401000142097473
YHR143W,YDR456W,0,-4.543363,0.09439414739608765,0.9800000190734863,0.9401999711990356
YDL147W,YJR047C,0,-4.543367,0.0943850502371788,0.9800000190734863,0.9402999877929688
YBR149W,YLR103C,0,-4.5434766,0.09437596052885056,0.9800000190734863,0.9404000043869019
YLR303W,YGL027C,0,-4.544352,0.0943668782711029,0.9800000190734863,0.940500020980835
YPR016C,YGR145W,0,-4.544601,0.09435778856277466,0.9800000190734863,0.9405999779701233
YER142C,YLR405W,0,-4.5447745,0.09434870630502701,0.9800000190734863,0.9406999945640564
YKL120W,YOR355W,0,-4.5454555,0.09433962404727936,0.9800000190734863,0.9408000111579895
YER045C,YPL090C,0,-4.5456657,0.09433054178953171,0.9800000190734863,0.9409000277519226
YLR044C,YGR271W,0,-4.547657,0.09432145953178406,0.9800000190734863,0.9409999847412109
YKL180W,YLR432W,0,-4.549612,0.094312384724617,0.9800000190734863,0.941100001335144
YIL070C,YMR004W,0,-4.551085,0.09430330991744995,0.9800000190734863,0.9412000179290771
YNL182C,YBR189W,0,-4.5513225,0.0942942351102829,0.9800000190734863,0.9412999749183655
YNL177C,YFR009W,0,-4.5521235,0.09428516775369644,0.9800000190734863,0.9413999915122986
YKL142W,YLR268W,0,-4.552193,0.09427609294652939,0.9800000190734863,0.9415000081062317
YBR019C,YPL042C,0,-4.5536785,0.09426702558994293,0.9800000190734863,0.9416000247001648
YML086C,YDR099W,0,-4.553711,0.09425795823335648,0.9800000190734863,0.9416999816894531
YAL005C,YGL023C,0,-4.5540485,0.09424889087677002,0.9800000190734863,0.9417999982833862
YDR500C,YGL125W,0,-4.554212,0.09423983097076416,0.9800000190734863,0.9419000148773193
YNL062C,YMR020W,0,-4.5548644,0.0942307710647583,0.9800000190734863,0.9419999718666077
YGR268C,YNL036W,0,-4.5566754,0.09422171115875244,0.9800000190734863,0.9420999884605408
YGR174C,YLR109W,0,-4.557418,0.09421265125274658,0.9800000190734863,0.9422000050544739
YLL015W,YLL038C,0,-4.557553,0.09420359879732132,0.9800000190734863,0.942300021648407
YHR053C,YML113W,0,-4.5576863,0.09419453889131546,0.9800000190734863,0.9423999786376953
YLR327C,YPL049C,0,-4.558089,0.0941854864358902,0.9800000190734863,0.9424999952316284
YDR368W,YHR043C,0,-4.5587096,0.09417643398046494,0.9800000190734863,0.9426000118255615
YIL034C,YML004C,0,-4.5588393,0.09416738897562027,0.9800000190734863,0.9427000284194946
YDR418W,YNL038W,0,-4.5600286,0.09415833652019501,0.9800000190734863,0.942799985408783
YOR133W,YIL155C,0,-4.5605145,0.09414929151535034,0.9800000190734863,0.9429000020027161
YDL181W,YPL106C,0,-4.561287,0.09414024651050568,0.9800000190734863,0.9430000185966492
YML123C,YDR341C,0,-4.5619125,0.09413120895624161,0.9800000190734863,0.9430999755859375
YLR325C,YIL070C,0,-4.562242,0.09412216395139694,0.9800000190734863,0.9431999921798706
YKL034W,YOL115W,0,-4.5625443,0.09411312639713287,0.9800000190734863,0.9433000087738037
YDR224C,YER169W,1,-4.5629334,0.09420011192560196,0.9810000061988831,0.9433000087738037
YBR287W,YOR355W,0,-4.5630164,0.0941910669207573,0.9810000061988831,0.9434000253677368
YBR287W,YOL144W,0,-4.563419,0.09418202936649323,0.9810000061988831,0.9434999823570251
YER072W,YPL248C,0,-4.566105,0.09417298436164856,0.9810000061988831,0.9435999989509583
YIL048W,YNL207W,0,-4.568463,0.09416394680738449,0.9810000061988831,0.9437000155448914
YER022W,YDR411C,0,-4.5695863,0.09415490925312042,0.9810000061988831,0.9437999725341797
YHR015W,YOR317W,0,-4.572943,0.09414587169885635,0.9810000061988831,0.9438999891281128
YGL053W,YBL058W,0,-4.573837,0.09413684159517288,0.9810000061988831,0.9440000057220459
YBL075C,YBR294W,0,-4.574411,0.09412780404090881,0.9810000061988831,0.944100022315979
YJL078C,YKR030W,0,-4.574492,0.09411877393722534,0.9810000061988831,0.9441999793052673
YOL165C,YDL191W,0,-4.5748653,0.09410974383354187,0.9810000061988831,0.9442999958992004
YKL142W,YLR103C,0,-4.5750976,0.094100721180439,0.9810000061988831,0.9444000124931335
YER062C,YNL308C,0,-4.5755744,0.09409169107675552,0.9810000061988831,0.9445000290870667
YLR074C,YIL101C,0,-4.576422,0.09408266842365265,0.9810000061988831,0.944599986076355
YER044C,YML126C,0,-4.576422,0.09407364577054977,0.9810000061988831,0.9447000026702881
YML115C,YNL145W,0,-4.5765495,0.0940646305680275,0.9810000061988831,0.9448000192642212
YFR005C,YEL039C,0,-4.578283,0.09405560791492462,0.9810000061988831,0.9448999762535095
YOR122C,YPL243W,0,-4.579155,0.09404659271240234,0.9810000061988831,0.9449999928474426
YGR204W,YGL098W,0,-4.579474,0.09403757750988007,0.9810000061988831,0.9451000094413757
YER014W,YJL090C,0,-4.57955,0.09402856230735779,0.9810000061988831,0.9452000260353088
YEL026W,YJR161C,0,-4.580233,0.09401955455541611,0.9810000061988831,0.9452999830245972
YOR348C,YML067C,0,-4.5822883,0.09401053935289383,0.9810000061988831,0.9453999996185303
YBL072C,YDR101C,0,-4.58236,0.09400153160095215,0.9810000061988831,0.9455000162124634
YNL209W,YIL070C,0,-4.5825505,0.09399252384901047,0.9810000061988831,0.9455999732017517
YOR285W,YOR335C,0,-4.5834594,0.09398352354764938,0.9810000061988831,0.9456999897956848
YMR302C,YPL198W,0,-4.584019,0.0939745157957077,0.9810000061988831,0.9458000063896179
YER119C,YBR166C,0,-4.5864615,0.09396551549434662,0.9810000061988831,0.945900022983551
YDR027C,YBR015C,0,-4.586645,0.09395651519298553,0.9810000061988831,0.9459999799728394
YLR258W,YLR452C,0,-4.58713,0.09394752234220505,0.9810000061988831,0.9460999965667725
YLR327C,YER044C,0,-4.588289,0.09393852204084396,0.9810000061988831,0.9462000131607056
YBL099W,YBR042C,0,-4.58905,0.09392952919006348,0.9810000061988831,0.9463000297546387
YGL125W,YMR047C,0,-4.5901947,0.09392053633928299,0.9810000061988831,0.946399986743927
YNL317W,YER044C,0,-4.591744,0.0939115434885025,0.9810000061988831,0.9465000033378601
YER022W,YKL197C,0,-4.59211,0.09390255808830261,0.9810000061988831,0.9466000199317932
YDR500C,YDR178W,0,-4.5933185,0.09389356523752213,0.9810000061988831,0.9466999769210815
YLR325C,YAL008W,0,-4.594684,0.09388457983732224,0.9810000061988831,0.9467999935150146
YHR026W,YGL004C,0,-4.595621,0.09387559443712234,0.9810000061988831,0.9469000101089478
YNL038W,YHL031C,0,-4.596112,0.09386661648750305,0.9810000061988831,0.9470000267028809
YLR193C,YDR341C,0,-4.5981455,0.09385763853788376,0.9810000061988831,0.9470999836921692
YKL024C,YDL215C,0,-4.5993395,0.09384865313768387,0.9810000061988831,0.9472000002861023
YML086C,YMR100W,0,-4.5996466,0.09383967518806458,0.9810000061988831,0.9473000168800354
YLR388W,YOR250C,0,-4.59981,0.09383070468902588,0.9810000061988831,0.9473999738693237
YIL142W,YGL144C,0,-4.5998836,0.09382172673940659,0.9810000061988831,0.9474999904632568
YJL078C,YNL090W,0,-4.6003366,0.09381275624036789,0.9810000061988831,0.9476000070571899
YDR418W,YDR405W,0,-4.601303,0.0938037857413292,0.9810000061988831,0.947700023651123
YDR211W,YKR089C,0,-4.603146,0.0937948152422905,0.9810000061988831,0.9477999806404114
YKL150W,YGL048C,0,-4.6041503,0.0937858521938324,0.9810000061988831,0.9478999972343445
YLR350W,YKL035W,0,-4.605083,0.0937768891453743,0.9810000061988831,0.9480000138282776
YLR074C,YEL003W,0,-4.6062326,0.0937679186463356,0.9810000061988831,0.9480999708175659
YKL217W,YPL037C,0,-4.606795,0.0937589630484581,0.9810000061988831,0.948199987411499
YOR377W,YJR153W,0,-4.6074033,0.09375,0.9810000061988831,0.9483000040054321
YNL273W,YMR318C,0,-4.607608,0.0937410444021225,0.9810000061988831,0.9484000205993652
YER148W,YKL026C,0,-4.6081395,0.0937320813536644,0.9810000061988831,0.9484999775886536
YJL069C,YCR047C,0,-4.6088476,0.09372313320636749,0.9810000061988831,0.9485999941825867
YBR265W,YDL128W,0,-4.611701,0.09371417760848999,0.9810000061988831,0.9487000107765198
YJL094C,YBR287W,0,-4.612001,0.09370522201061249,0.9810000061988831,0.9488000273704529
YNL062C,YOR287C,0,-4.61247,0.09369627386331558,0.9810000061988831,0.9488999843597412
YLR376C,YDR178W,0,-4.612522,0.09368732571601868,0.9810000061988831,0.9490000009536743
YNR038W,YMR307W,0,-4.6126246,0.09367837756872177,0.9810000061988831,0.9491000175476074
YLR405W,YEL042W,0,-4.613522,0.09366943687200546,0.9810000061988831,0.9491999745368958
YOR133W,YOL052C-A,0,-4.6138277,0.09366049617528915,0.9810000061988831,0.9492999911308289
YCR017C,YNL173C,0,-4.6139913,0.09365154802799225,0.9810000061988831,0.949400007724762
YNL163C,YDR178W,0,-4.61424,0.09364261478185654,0.9810000061988831,0.9495000243186951
YOL111C,YBR162W-A,0,-4.6148934,0.09363367408514023,0.9810000061988831,0.9495999813079834
YDR033W,YPL090C,0,-4.615875,0.09362474083900452,0.9810000061988831,0.9496999979019165
YMR303C,YPL089C,0,-4.6159225,0.09361580014228821,0.9810000061988831,0.9498000144958496
YLR268W,YEL071W,0,-4.61708,0.0936068668961525,0.9810000061988831,0.9498999714851379
YGL084C,YDL191W,0,-4.617104,0.09359794110059738,0.9810000061988831,0.949999988079071
YPL204W,YEL042W,0,-4.617169,0.09358900785446167,0.9810000061988831,0.9501000046730042
YLR047C,YDL201W,0,-4.617348,0.09358008205890656,0.9810000061988831,0.9502000212669373
YHR053C,YPL026C,0,-4.6175427,0.09357115626335144,0.9810000061988831,0.9502999782562256
YHR025W,YKL034W,0,-4.6176434,0.09356223046779633,0.9810000061988831,0.9503999948501587
YIL051C,YDR280W,0,-4.618073,0.09355331212282181,0.9810000061988831,0.9505000114440918
YKL034W,YOR260W,0,-4.618181,0.0935443863272667,0.9810000061988831,0.9506000280380249
YGL094C,YBR017C,0,-4.6183033,0.09353546798229218,0.9810000061988831,0.9506999850273132
YLR109W,YER052C,0,-4.6193366,0.09352654963731766,0.9810000061988831,0.9508000016212463
YLR324W,YMR088C,0,-4.620397,0.09351763874292374,0.9810000061988831,0.9509000182151794
YMR250W,YGL023C,0,-4.624451,0.09350872039794922,0.9810000061988831,0.9509999752044678
YNR035C,YDR178W,0,-4.6248183,0.0934998095035553,0.9810000061988831,0.9510999917984009
YIL034C,YPR005C,0,-4.62518,0.09349089860916138,0.9810000061988831,0.951200008392334
YHR025W,YGL098W,0,-4.6256785,0.09348198771476746,0.9810000061988831,0.9513000249862671
YNL121C,YBR149W,0,-4.6258607,0.09347308427095413,0.9810000061988831,0.9513999819755554
YIL051C,YJR052W,0,-4.6258636,0.09346417337656021,0.9810000061988831,0.9514999985694885
YIL142W,YDR218C,0,-4.626654,0.09345526993274689,0.9810000061988831,0.9516000151634216
YGR085C,YKL051W,0,-4.628052,0.09344637393951416,0.9810000061988831,0.95169997215271
YOR187W,YBL092W,0,-4.628231,0.09343747049570084,0.9810000061988831,0.9517999887466431
YHL011C,YML004C,0,-4.6288137,0.09342857450246811,0.9810000061988831,0.9519000053405762
YLR303W,YDR449C,0,-4.633537,0.09341967105865479,0.9810000061988831,0.9520000219345093
YCR098C,YHR193C,0,-4.6350408,0.09341078251600266,0.9810000061988831,0.9520999789237976
YBR114W,YBR048W,0,-4.636245,0.09340188652276993,0.9810000061988831,0.9521999955177307
YPL248C,YIL142W,0,-4.637858,0.0933929905295372,0.9810000061988831,0.9523000121116638
YEL003W,YBR048W,0,-4.638635,0.09338410198688507,0.9810000061988831,0.9524000287055969
YEL039C,YML023C,0,-4.6398993,0.09337521344423294,0.9810000061988831,0.9524999856948853
YHR085W,YOL052C-A,0,-4.6403966,0.09336632490158081,0.9810000061988831,0.9526000022888184
YJL164C,YBR042C,0,-4.6406965,0.09335744380950928,0.9810000061988831,0.9527000188827515
YOR221C,YOR260W,0,-4.64166,0.09334855526685715,0.9810000061988831,0.9527999758720398
YOR120W,YNL287W,0,-4.642449,0.09333967417478561,0.9810000061988831,0.9528999924659729
YML123C,YNL252C,0,-4.642523,0.09333079308271408,0.9810000061988831,0.953000009059906
YNL062C,YGL120C,0,-4.64315,0.09332191944122314,0.9810000061988831,0.9531000256538391
YLR432W,YNL308C,0,-4.643504,0.09331303834915161,0.9810000061988831,0.9531999826431274
YER086W,YML004C,0,-4.6444564,0.09330416470766068,0.9810000061988831,0.9532999992370605
YHR132C,YKL026C,0,-4.645,0.09329529106616974,0.9810000061988831,0.9534000158309937
YKL062W,YPL048W,0,-4.6453934,0.0932864174246788,0.9810000061988831,0.953499972820282
YAL023C,YNR045W,0,-4.6496387,0.09327755123376846,0.9810000061988831,0.9535999894142151
YDR003W,YGL097W,0,-4.650019,0.09326868504285812,0.9810000061988831,0.9537000060081482
YIL155C,YDR410C,0,-4.6502147,0.09325981885194778,0.9810000061988831,0.9538000226020813
YHL011C,YJR033C,0,-4.6520133,0.09325095266103745,0.9810000061988831,0.9538999795913696
YOL062C,YOR128C,0,-4.6551766,0.0932420864701271,0.9810000061988831,0.9539999961853027
YOR087W,YAL044C,0,-4.656094,0.09323322772979736,0.9810000061988831,0.9541000127792358
YNL173C,YEL011W,0,-4.6569147,0.09322436898946762,0.9810000061988831,0.954200029373169
YAL023C,YMR056C,0,-4.657235,0.09321551024913788,0.9810000061988831,0.9542999863624573
YBL018C,YDR500C,0,-4.658154,0.09320665150880814,0.9810000061988831,0.9544000029563904
YMR043W,YBR212W,0,-4.6590395,0.0931977927684784,0.9810000061988831,0.9545000195503235
YLR388W,YAL008W,0,-4.659921,0.09318894147872925,0.9810000061988831,0.9545999765396118
YMR261C,YMR072W,0,-4.6610775,0.0931800901889801,0.9810000061988831,0.9546999931335449
YPR060C,YHR148W,0,-4.662729,0.09317123889923096,0.9810000061988831,0.954800009727478
YMR192W,YKR001C,0,-4.663845,0.09316239506006241,0.9810000061988831,0.9549000263214111
YJR036C,YOL143C,0,-4.6650906,0.09315354377031326,0.9810000061988831,0.9549999833106995
YKL142W,YKL057C,0,-4.6655593,0.09314469993114471,0.9810000061988831,0.9550999999046326
YKR076W,YOL007C,0,-4.665626,0.09313585609197617,0.9810000061988831,0.9552000164985657
YER086W,YLR447C,0,-4.666323,0.09312701970338821,0.9810000061988831,0.955299973487854
YAL023C,YCL039W,0,-4.6674376,0.09311817586421967,0.9810000061988831,0.9553999900817871
YBL041W,YKL026C,0,-4.667702,0.09310933947563171,0.9810000061988831,0.9555000066757202
YOR187W,YOR317W,0,-4.668118,0.09310050308704376,0.9810000061988831,0.9556000232696533
YLR325C,YBL099W,0,-4.670918,0.09309166669845581,0.9810000061988831,0.9556999802589417
YLR258W,YBR164C,0,-4.6723228,0.09308283776044846,0.9810000061988831,0.9557999968528748
YHR066W,YBR189W,0,-4.6730638,0.0930740013718605,0.9810000061988831,0.9559000134468079
YBL072C,YOR120W,0,-4.6733236,0.09306517243385315,0.9810000061988831,0.9559999704360962
YFL031W,YKL205W,0,-4.6742606,0.0930563434958458,0.9810000061988831,0.9560999870300293
YGL053W,YNL308C,0,-4.676083,0.09304752200841904,0.9810000061988831,0.9562000036239624
YMR131C,YDL185W,0,-4.676703,0.09303869307041168,0.9810000061988831,0.9563000202178955
YPL241C,YLR425W,0,-4.6768236,0.09302987158298492,0.9810000061988831,0.9563999772071838
YPL147W,YNL090W,0,-4.6783156,0.09302105009555817,0.9810000061988831,0.9564999938011169
YDR225W,YLR449W,1,-4.6790376,0.09310704469680786,0.9819999933242798,0.9564999938011169
YIL101C,YDR194C,0,-4.6797976,0.0930982157588005,0.9819999933242798,0.95660001039505
YJL048C,YKL126W,0,-4.681584,0.09308939427137375,0.9819999933242798,0.9567000269889832
YOR044W,YNL231C,0,-4.683924,0.0930805653333664,0.9819999933242798,0.9567999839782715
YPL059W,YEL026W,0,-4.6842465,0.09307174384593964,0.9819999933242798,0.9569000005722046
YBL075C,YDR450W,0,-4.6846337,0.09306292980909348,0.9819999933242798,0.9570000171661377
YLR303W,YGL008C,0,-4.684672,0.09305410832166672,0.9819999933242798,0.957099974155426
YIL125W,YPR200C,0,-4.685115,0.09304529428482056,0.9819999933242798,0.9571999907493591
YNL036W,YJL111W,0,-4.6851244,0.0930364727973938,0.9819999933242798,0.9573000073432922
YMR088C,YIL044C,0,-4.6875577,0.09302765876054764,0.9819999933242798,0.9574000239372253
YBL076C,YKL034W,0,-4.687837,0.09301885217428207,0.9819999933242798,0.9574999809265137
YDL223C,YJR025C,0,-4.6879926,0.09301003813743591,0.9819999933242798,0.9575999975204468
YPL033C,YBR041W,0,-4.6892767,0.09300123155117035,0.9819999933242798,0.9577000141143799
YOR120W,YMR173W,0,-4.6913085,0.09299242496490479,0.9819999933242798,0.9577999711036682
YLR449W,YBL003C,1,-4.6928463,0.09307830780744553,0.9829999804496765,0.9577999711036682
YKR020W,YMR230W,0,-4.6932516,0.09306949377059937,0.9829999804496765,0.9578999876976013
YLL055W,YDR384C,0,-4.694237,0.0930606871843338,0.9829999804496765,0.9580000042915344
YGR260W,YDL111C,0,-4.6949363,0.09305187314748764,0.9829999804496765,0.9581000208854675
YBL076C,YJR048W,0,-4.6955223,0.09304306656122208,0.9829999804496765,0.9581999778747559
YGL004C,YJR092W,0,-4.696028,0.09303425997495651,0.9829999804496765,0.958299994468689
YJL053W,YPL160W,0,-4.696158,0.09302545338869095,0.9829999804496765,0.9584000110626221
YNL182C,YDR005C,0,-4.6965017,0.09301665425300598,0.9829999804496765,0.9585000276565552
YKL213C,YML113W,0,-4.696793,0.09300785511732101,0.9829999804496765,0.9585999846458435
YKL145W,YNL301C,0,-4.69701,0.09299905598163605,0.9829999804496765,0.9587000012397766
YPL082C,YJR025C,0,-4.697696,0.09299025684595108,0.9829999804496765,0.9588000178337097
YKL180W,YBL016W,0,-4.698636,0.09298145771026611,0.9829999804496765,0.958899974822998
YNL173C,YCR011C,0,-4.6986547,0.09297266602516174,0.9829999804496765,0.9589999914169312
YIL109C,YIL097W,0,-4.6997914,0.09296387434005737,0.9829999804496765,0.9591000080108643
YDL204W,YIL049W,0,-4.6998596,0.092955082654953,0.9829999804496765,0.9592000246047974
YCR038C,YJR047C,0,-4.7018056,0.09294629096984863,0.9829999804496765,0.9592999815940857
YML004C,YJL035C,0,-4.7027025,0.09293750673532486,0.9829999804496765,0.9593999981880188
YMR195W,YNL177C,0,-4.7029376,0.09292872250080109,0.9829999804496765,0.9595000147819519
YAL008W,YML126C,0,-4.703448,0.09291993826627731,0.9829999804496765,0.9595999717712402
YNL256W,YIL070C,0,-4.703648,0.09291115403175354,0.9829999804496765,0.9596999883651733
YCL030C,YMR058W,0,-4.705362,0.09290236979722977,0.9829999804496765,0.9598000049591064
YKL129C,YIR008C,0,-4.7069635,0.09289359301328659,0.9829999804496765,0.9599000215530396
YJR144W,YFL014W,0,-4.708978,0.09288481622934341,0.9829999804496765,0.9599999785423279
YIL155C,YBR286W,0,-4.709271,0.09287603944540024,0.9829999804496765,0.960099995136261
YNL137C,YBL075C,0,-4.709273,0.09286726266145706,0.9829999804496765,0.9602000117301941
YGL037C,YLR321C,1,-4.7097573,0.09295295923948288,0.984000027179718,0.9602000117301941
YNL062C,YLR350W,0,-4.7099586,0.0929441750049591,0.984000027179718,0.9603000283241272
YIL016W,YDL185W,0,-4.710604,0.09293539822101593,0.984000027179718,0.9603999853134155
YCR026C,YIL117C,0,-4.7120347,0.09292662143707275,0.984000027179718,0.9605000019073486
YHR193C,YJL029C,0,-4.7121778,0.09291784465312958,0.984000027179718,0.9606000185012817
YHL028W,YBR274W,0,-4.7123218,0.092909075319767,0.984000027179718,0.9606999754905701
YDR099W,YGL048C,0,-4.7131863,0.09290029853582382,0.984000027179718,0.9607999920845032
YKL120W,YOL122C,0,-4.7157006,0.09289152920246124,0.984000027179718,0.9609000086784363
YDR225W,YER169W,1,-4.716424,0.09297715872526169,0.9850000143051147,0.9609000086784363
YML123C,YDL100C,0,-4.7164354,0.09296838194131851,0.9850000143051147,0.9610000252723694
YDR412W,YOL121C,0,-4.7171564,0.09295960515737534,0.9850000143051147,0.9610999822616577
YML113W,YMR173W,0,-4.717832,0.09295083582401276,0.9850000143051147,0.9611999988555908
YKL074C,YDR099W,0,-4.7178783,0.09294206649065018,0.9850000143051147,0.9613000154495239
YDR312W,YBR155W,0,-4.71897,0.0929332971572876,0.9850000143051147,0.9613999724388123
YLR022C,YHR176W,0,-4.72006,0.09292452782392502,0.9850000143051147,0.9614999890327454
YKL024C,YMR173W,0,-4.7207036,0.09291576594114304,0.9850000143051147,0.9616000056266785
YOR091W,YDL215C,0,-4.720733,0.09290699660778046,0.9850000143051147,0.9617000222206116
YKR094C,YML093W,0,-4.7216735,0.09289823472499847,0.9850000143051147,0.9617999792098999
YMR195W,YPL037C,0,-4.721765,0.09288947284221649,0.9850000143051147,0.961899995803833
YIR017C,YBR165W,0,-4.7229447,0.0928807184100151,0.9850000143051147,0.9620000123977661
YLR044C,YKL059C,0,-4.7230563,0.09287195652723312,0.9850000143051147,0.9621000289916992
YER014W,YPR138C,0,-4.7235656,0.09286320209503174,0.9850000143051147,0.9621999859809875
YNL258C,YLR432W,0,-4.724336,0.09285444766283035,0.9850000143051147,0.9623000025749207
YPR052C,YNL097C,1,-4.7271132,0.09293995797634125,0.9860000014305115,0.9623000025749207
YDR019C,YLL038C,0,-4.727527,0.09293119609355927,0.9860000014305115,0.9624000191688538
YOR348C,YML077W,0,-4.7306247,0.09292244166135788,0.9860000014305115,0.9624999761581421
YGR204W,YJL047C,0,-4.731975,0.0929136797785759,0.9860000014305115,0.9625999927520752
YIL142W,YOR317W,0,-4.7323914,0.09290492534637451,0.9860000014305115,0.9627000093460083
YMR217W,YOR317W,0,-4.7339706,0.09289617836475372,0.9860000014305115,0.9628000259399414
YGL095C,YOL019W,0,-4.7365184,0.09288742393255234,0.9860000014305115,0.9628999829292297
YPL265W,YHR193C,0,-4.737478,0.09287867695093155,0.9860000014305115,0.9629999995231628
YPL243W,YBL016W,0,-4.737505,0.09286992251873016,0.9860000014305115,0.963100016117096
YFR004W,YNL069C,0,-4.7376356,0.09286117553710938,0.9860000014305115,0.9631999731063843
YML067C,YGL097W,0,-4.7377605,0.09285243600606918,0.9860000014305115,0.9632999897003174
YOR056C,YKL062W,0,-4.7395287,0.0928436890244484,0.9860000014305115,0.9634000062942505
YPL059W,YNL151C,0,-4.742161,0.0928349494934082,0.9860000014305115,0.9635000228881836
YDR027C,YDL220C,0,-4.7433696,0.09282620996236801,0.9860000014305115,0.9635999798774719
YKL150W,YIL149C,0,-4.743932,0.09281747043132782,0.9860000014305115,0.963699996471405
YKR076W,YOR260W,0,-4.745125,0.09280873835086823,0.9860000014305115,0.9638000130653381
YGL037C,YLR015W,1,-4.7454762,0.09289411455392838,0.9869999885559082,0.9638000130653381
YLR432W,YPL089C,0,-4.7461925,0.09288537502288818,0.9869999885559082,0.9639000296592712
YDR079W,YFL022C,0,-4.7470303,0.09287663549184799,0.9869999885559082,0.9639999866485596
YJL078C,YJL190C,0,-4.747869,0.0928678959608078,0.9869999885559082,0.9641000032424927
YLR388W,YGL004C,0,-4.749275,0.09285915642976761,0.9869999885559082,0.9642000198364258
YDL111C,YMR173W,0,-4.749623,0.09285042434930801,0.9869999885559082,0.9642999768257141
YJL164C,YCL031C,0,-4.7524447,0.09284169226884842,0.9869999885559082,0.9643999934196472
YML086C,YHR043C,0,-4.7532973,0.09283296018838882,0.9869999885559082,0.9645000100135803
YDR519W,YDR411C,0,-4.7535434,0.09282422810792923,0.9869999885559082,0.9646000266075134
YLR342W,YBR212W,0,-4.7545433,0.09281549602746964,0.9869999885559082,0.9646999835968018
YAL043C,YKL026C,0,-4.757913,0.09280677139759064,0.9869999885559082,0.9648000001907349
YKL024C,YFL001W,0,-4.7636566,0.09279804676771164,0.9869999885559082,0.964900016784668
YGL095C,YEL042W,0,-4.7646747,0.09278932213783264,0.9869999885559082,0.9649999737739563
YNL209W,YMR311C,0,-4.764808,0.09278059750795364,0.9869999885559082,0.9650999903678894
YLR324W,YDR194C,0,-4.7649245,0.09277188032865524,0.9869999885559082,0.9652000069618225
YOR243C,YJR151C,0,-4.7668853,0.09276315569877625,0.9869999885559082,0.9653000235557556
YHR085W,YOR181W,0,-4.7676587,0.09275443851947784,0.9869999885559082,0.965399980545044
YDR497C,YFL014W,0,-4.7720075,0.09274572134017944,0.9869999885559082,0.965499997138977
YPL090C,YKL086W,0,-4.77436,0.09273701161146164,0.9869999885559082,0.9656000137329102
YJL183W,YBR149W,0,-4.7749076,0.09272829443216324,0.9869999885559082,0.9656999707221985
YIL062C,YKL004W,0,-4.7758985,0.09271958470344543,0.9869999885559082,0.9657999873161316
YMR131C,YKL001C,0,-4.7793226,0.09271087497472763,0.9869999885559082,0.9659000039100647
YDR500C,YDL222C,0,-4.7800283,0.09270217269659042,0.9869999885559082,0.9660000205039978
YLR097C,YDR496C,0,-4.780194,0.09269346296787262,0.9869999885559082,0.9660999774932861
YOR091W,YCL057W,0,-4.784357,0.09268476068973541,0.9869999885559082,0.9661999940872192
YJL148W,YHR179W,0,-4.78445,0.0926760584115982,0.9869999885559082,0.9663000106811523
YPL198W,YGL161C,0,-4.7862267,0.092667356133461,0.9869999885559082,0.9664000272750854
YMR230W,YCR011C,0,-4.7891626,0.09265865385532379,0.9869999885559082,0.9664999842643738
YDR101C,YOR335C,0,-4.7894473,0.09264995902776718,0.9869999885559082,0.9666000008583069
YHR025W,YJR036C,0,-4.790636,0.09264126420021057,0.9869999885559082,0.96670001745224
YMR140W,YDR272W,0,-4.791201,0.09263256937265396,0.9869999885559082,0.9667999744415283
YKR090W,YOR120W,0,-4.7913766,0.09262387454509735,0.9869999885559082,0.9668999910354614
YBR114W,YJR045C,0,-4.7935534,0.09261517971754074,0.9869999885559082,0.9670000076293945
YBL075C,YLR432W,0,-4.7937326,0.09260649234056473,0.9869999885559082,0.9671000242233276
YGR047C,YFL014W,0,-4.793904,0.09259780496358871,0.9869999885559082,0.967199981212616
YOR377W,YPL037C,0,-4.796023,0.0925891175866127,0.9869999885559082,0.9672999978065491
YNL074C,YDL191W,0,-4.7968984,0.09258043020963669,0.9869999885559082,0.9674000144004822
YMR043W,YHR043C,0,-4.797319,0.09257175028324127,0.9869999885559082,0.9674999713897705
YJL183W,YMR311C,0,-4.798206,0.09256307035684586,0.9869999885559082,0.9675999879837036
YOR202W,YOL005C,0,-4.799886,0.09255439043045044,0.9869999885559082,0.9677000045776367
YGL125W,YOL143C,0,-4.800465,0.09254571050405502,0.9869999885559082,0.9678000211715698
YJL164C,YOL040C,0,-4.805409,0.0925370305776596,0.9869999885559082,0.9678999781608582
YLR258W,YKL180W,0,-4.805718,0.09252835810184479,0.9869999885559082,0.9679999947547913
YBL076C,YLR102C,0,-4.805776,0.09251968562602997,0.9869999885559082,0.9681000113487244
YMR131C,YDR513W,0,-4.8074403,0.09251101315021515,0.9869999885559082,0.9682000279426575
YJL124C,YMR261C,0,-4.808023,0.09250234067440033,0.9869999885559082,0.9682999849319458
YDL020C,YGR085C,0,-4.80974,0.09249367564916611,0.9869999885559082,0.9684000015258789
YHR068W,YKL051W,0,-4.812193,0.09248501062393188,0.9869999885559082,0.968500018119812
YKL062W,YLR192C,0,-4.8144565,0.09247634559869766,0.9869999885559082,0.9685999751091003
YJL148W,YKR024C,0,-4.816119,0.09246768057346344,0.9869999885559082,0.9686999917030334
YKL026C,YGL023C,0,-4.817001,0.09245901554822922,0.9869999885559082,0.9688000082969666
YJR151C,YDL100C,0,-4.817863,0.09245035797357559,0.9869999885559082,0.9689000248908997
YDL204W,YDR518W,0,-4.819794,0.09244170039892197,0.9869999885559082,0.968999981880188
YJL164C,YDR178W,0,-4.8201284,0.09243304282426834,0.9869999885559082,0.9690999984741211
YBR106W,YOR120W,0,-4.820145,0.09242438524961472,0.9869999885559082,0.9692000150680542
YPR016C,YNL074C,0,-4.821155,0.09241572767496109,0.9869999885559082,0.9692999720573425
YLR074C,YDR412W,0,-4.822746,0.09240707755088806,0.9869999885559082,0.9693999886512756
YLR432W,YNR058W,0,-4.8241076,0.09239842742681503,0.9869999885559082,0.9695000052452087
YDR411C,YDR101C,0,-4.824436,0.092389777302742,0.9869999885559082,0.9696000218391418
YPR060C,YDR513W,0,-4.825167,0.09238112717866898,0.9869999885559082,0.9696999788284302
YNL009W,YDL024C,0,-4.826479,0.09237248450517654,0.9869999885559082,0.9697999954223633
YOR377W,YIL070C,0,-4.8305655,0.09236384183168411,0.9869999885559082,0.9699000120162964
YGR268C,YEL032W,0,-4.830726,0.09235519915819168,0.9869999885559082,0.9700000286102295
YML086C,YDL215C,0,-4.8313713,0.09234655648469925,0.9869999885559082,0.9700999855995178
YIL051C,YPL243W,0,-4.8317313,0.09233791381120682,0.9869999885559082,0.9702000021934509
YGR255C,YIL110W,0,-4.8350716,0.09232927858829498,0.9869999885559082,0.970300018787384
YPR190C,YDR449C,0,-4.835141,0.09232064336538315,0.9869999885559082,0.9703999757766724
YML086C,YGL161C,0,-4.83525,0.09231200814247131,0.9869999885559082,0.9704999923706055
YEL039C,YPL037C,0,-4.835838,0.09230337291955948,0.9869999885559082,0.9706000089645386
YDL078C,YIL109C,0,-4.8360567,0.09229474514722824,0.9869999885559082,0.9707000255584717
YGR109C,YMR322C,0,-4.8367662,0.092286117374897,0.9869999885559082,0.97079998254776
YDR245W,YML123C,0,-4.8375945,0.09227748960256577,0.9869999885559082,0.9708999991416931
YGR193C,YKL150W,0,-4.838157,0.09226886183023453,0.9869999885559082,0.9710000157356262
YDR001C,YOR355W,0,-4.8393326,0.09226023405790329,0.9869999885559082,0.9710999727249146
YFR004W,YOR355W,0,-4.8450894,0.09225161373615265,0.9869999885559082,0.9711999893188477
YER009W,YBR048W,0,-4.845679,0.09224299341440201,0.9869999885559082,0.9713000059127808
YIL034C,YOR298W,0,-4.848471,0.09223437309265137,0.9869999885559082,0.9714000225067139
YIL051C,YBR045C,0,-4.8507023,0.09222575277090073,0.9869999885559082,0.9714999794960022
YOR231W,YOL109W,0,-4.8512244,0.09221713244915009,0.9869999885559082,0.9715999960899353
YBR034C,YHR148W,0,-4.851455,0.09220851957798004,0.9869999885559082,0.9717000126838684
YGR106C,YDR410C,0,-4.85169,0.09219990670681,0.9869999885559082,0.9718000292778015
YPL273W,YIL097W,0,-4.8537593,0.09219129383563995,0.9869999885559082,0.9718999862670898
YGL037C,YMR022W,1,-4.8544436,0.09227608144283295,0.9879999756813049,0.9718999862670898
YGR085C,YEL011W,0,-4.854669,0.0922674611210823,0.9879999756813049,0.972000002861023
YOL127W,YGL097W,0,-4.8553543,0.09225884824991226,0.9879999756813049,0.972100019454956
YDL230W,YIL101C,0,-4.856645,0.09225023537874222,0.9879999756813049,0.9721999764442444
YGL147C,YMR140W,0,-4.8569026,0.09224162250757217,0.9879999756813049,0.9722999930381775
YBR155W,YOR004W,0,-4.8606367,0.09223300963640213,0.9879999756813049,0.9724000096321106
YKL178C,YMR302C,0,-4.86133,0.09222439676523209,0.9879999756813049,0.9725000262260437
YGL084C,YPL089C,0,-4.8638053,0.09221579134464264,0.9879999756813049,0.972599983215332
YJL124C,YOL111C,0,-4.8674364,0.09220718592405319,0.9879999756813049,0.9726999998092651
YLR074C,YPL106C,0,-4.868176,0.09219858050346375,0.9879999756813049,0.9728000164031982
YHL020C,YJL170C,0,-4.8685145,0.0921899750828743,0.9879999756813049,0.9728999733924866
YNL069C,YNL231C,0,-4.8691545,0.09218137711286545,0.9879999756813049,0.9729999899864197
YIL038C,YAL044C,0,-4.8701644,0.0921727791428566,0.9879999756813049,0.9731000065803528
YFR004W,YBR286W,0,-4.871079,0.09216418117284775,0.9879999756813049,0.9732000231742859
YPL026C,YGR096W,0,-4.8747263,0.0921555832028389,0.9879999756813049,0.9732999801635742
YMR223W,YER044C,0,-4.8754034,0.09214698523283005,0.9879999756813049,0.9733999967575073
YJR127C,YBR166C,0,-4.8756533,0.0921383947134018,0.9879999756813049,0.9735000133514404
YML123C,YKL087C,0,-4.8815813,0.09212980419397354,0.9879999756813049,0.9735999703407288
YCL030C,YHR085W,0,-4.8821197,0.09212121367454529,0.9879999756813049,0.9736999869346619
YBL091C,YJR161C,0,-4.8855968,0.09211262315511703,0.9879999756813049,0.973800003528595
YLR405W,YMR307W,0,-4.886127,0.09210404008626938,0.9879999756813049,0.9739000201225281
YBR106W,YOR206W,0,-4.8895345,0.09209544956684113,0.9879999756813049,0.9739999771118164
YMR304W,YGR085C,0,-4.8907046,0.09208686649799347,0.9879999756813049,0.9740999937057495
YKR094C,YKL142W,0,-4.894567,0.09207828342914581,0.9879999756813049,0.9742000102996826
YMR303C,YBR166C,0,-4.8999844,0.09206970781087875,0.9879999756813049,0.9743000268936157
YLR342W,YOR260W,0,-4.901365,0.0920611247420311,0.9879999756813049,0.974399983882904
YMR020W,YKL032C,0,-4.901841,0.09205254912376404,0.9879999756813049,0.9745000004768372
YLR188W,YKL150W,0,-4.9024425,0.09204397350549698,0.9879999756813049,0.9746000170707703
YJL148W,YKL082C,0,-4.904364,0.09203539788722992,0.9879999756813049,0.9746999740600586
YGR085C,YEL042W,0,-4.904401,0.09202682226896286,0.9879999756813049,0.9747999906539917
YMR250W,YGR038W,0,-4.906017,0.0920182541012764,0.9879999756813049,0.9749000072479248
YOL111C,YPL198W,0,-4.9076734,0.09200968593358994,0.9879999756813049,0.9750000238418579
YOL121C,YPL037C,0,-4.9089,0.09200111776590347,0.9879999756813049,0.9750999808311462
YNL160W,YER007C-A,0,-4.909035,0.09199254959821701,0.9879999756813049,0.9751999974250793
YML123C,YIL142W,0,-4.9117303,0.09198398888111115,0.9879999756813049,0.9753000140190125
YDL201W,YGL097W,0,-4.9119673,0.09197542071342468,0.9879999756813049,0.9753999710083008
YFL026W,YPR138C,0,-4.912006,0.09196685999631882,0.9879999756813049,0.9754999876022339
YMR217W,YHL011C,0,-4.912275,0.09195829927921295,0.9879999756813049,0.975600004196167
YNR047W,YHR066W,0,-4.9126825,0.09194974601268768,0.9879999756813049,0.9757000207901001
YLR029C,YBL047C,0,-4.915573,0.09194118529558182,0.9879999756813049,0.9757999777793884
YHR043C,YOR206W,0,-4.9162188,0.09193263202905655,0.9879999756813049,0.9758999943733215
YKL129C,YMR058W,0,-4.9229493,0.09192407876253128,0.9879999756813049,0.9760000109672546
YPL249C,YDL191W,0,-4.924453,0.09191552549600601,0.9879999756813049,0.9761000275611877
YJR161C,YLR109W,0,-4.924483,0.09190697968006134,0.9879999756813049,0.9761999845504761
YDR041W,YEL011W,0,-4.9250727,0.09189842641353607,0.9879999756813049,0.9763000011444092
YOR281C,YLR342W,0,-4.9267564,0.0918898805975914,0.9879999756813049,0.9764000177383423
YGL037C,YNL097C,1,-4.9292655,0.09197433292865753,0.9890000224113464,0.9764000177383423
YIL101C,YIL038C,0,-4.92951,0.09196577966213226,0.9890000224113464,0.9764999747276306
YJR127C,YLL062C,0,-4.9329658,0.091957226395607,0.9890000224113464,0.9765999913215637
YJR151C,YOR260W,0,-4.933329,0.09194868057966232,0.9890000224113464,0.9767000079154968
YEL026W,YLL055W,0,-4.9345713,0.09194013476371765,0.9890000224113464,0.9768000245094299
YLR029C,YNL036W,0,-4.9372716,0.09193158894777298,0.9890000224113464,0.9768999814987183
YJL183W,YOL082W,0,-4.9373784,0.09192304313182831,0.9890000224113464,0.9769999980926514
YBR121C,YOR206W,0,-4.942725,0.09191449731588364,0.9890000224113464,0.9771000146865845
YJR048W,YLR192C,0,-4.9446845,0.09190595895051956,0.9890000224113464,0.9771999716758728
YDL067C,YJR048W,0,-4.9456553,0.09189741313457489,0.9890000224113464,0.9772999882698059
YHL031C,YER044C,0,-4.948771,0.09188888221979141,0.9890000224113464,0.977400004863739
YFL022C,YGL259W,0,-4.9499803,0.09188034385442734,0.9890000224113464,0.9775000214576721
YLR258W,YNL131W,0,-4.9533763,0.09187180548906326,0.9890000224113464,0.9775999784469604
YOR004W,YNL308C,0,-4.953614,0.09186327457427979,0.9890000224113464,0.9776999950408936
YPL006W,YDR449C,0,-4.953753,0.09185474365949631,0.9890000224113464,0.9778000116348267
YNL121C,YIL155C,0,-4.9595666,0.09184621274471283,0.9890000224113464,0.9779000282287598
YOR281C,YBL072C,0,-4.9638305,0.09183768182992935,0.9890000224113464,0.9779999852180481
YPL160W,YOR335C,0,-4.9641976,0.09182915836572647,0.9890000224113464,0.9781000018119812
YPR060C,YLR432W,0,-4.9643903,0.091820627450943,0.9890000224113464,0.9782000184059143
YML004C,YER044C,0,-4.966067,0.09181210398674011,0.9890000224113464,0.9782999753952026
YDL142C,YOR335C,0,-4.967051,0.09180358052253723,0.9890000224113464,0.9783999919891357
YHR025W,YDR418W,0,-4.9695425,0.09179506450891495,0.9890000224113464,0.9785000085830688
YBR121C,YDR341C,0,-4.9714627,0.09178654104471207,0.9890000224113464,0.978600025177002
YDL153C,YNL186W,1,-4.9740605,0.09187082201242447,0.9900000095367432,0.978600025177002
YDR418W,YNL094W,0,-4.9752526,0.09186229854822159,0.9900000095367432,0.9786999821662903
YNL067W,YER045C,0,-4.9762864,0.09185377508401871,0.9900000095367432,0.9787999987602234
YOL058W,YDR449C,0,-4.9778285,0.09184525161981583,0.9900000095367432,0.9789000153541565
YLR097C,YLR029C,0,-4.978578,0.09183673560619354,0.9900000095367432,0.9789999723434448
YDL039C,YDR236C,0,-4.9793205,0.09182821959257126,0.9900000095367432,0.9790999889373779
YJR048W,YER009W,0,-4.980393,0.09181969612836838,0.9900000095367432,0.979200005531311
YNR054C,YKL213C,0,-4.981103,0.09181118756532669,0.9900000095367432,0.9793000221252441
YER176W,YFR053C,0,-4.981711,0.0918026715517044,0.9900000095367432,0.9793999791145325
YBL072C,YOL045W,0,-4.9857183,0.09179415553808212,0.9900000095367432,0.9794999957084656
YNR054C,YBL028C,0,-4.9869704,0.09178564697504044,0.9900000095367432,0.9796000123023987
YIL034C,YML093W,0,-4.9871974,0.09177713841199875,0.9900000095367432,0.9797000288963318
YLR324W,YPL241C,0,-4.987386,0.09176862984895706,0.9900000095367432,0.9797999858856201
YJL047C,YNL067W,0,-4.990169,0.09176012873649597,0.9900000095367432,0.9799000024795532
YHR010W,YJR033C,0,-4.99097,0.09175162017345428,0.9900000095367432,0.9800000190734863
YNR038W,YIL125W,0,-4.991605,0.0917431190609932,0.9900000095367432,0.9800999760627747
YMR250W,YHR026W,0,-4.993467,0.0917346179485321,0.9900000095367432,0.9801999926567078
YGL037C,YER133W,1,-4.9939227,0.09181877225637436,0.9909999966621399,0.9801999926567078
YFR015C,YHR149C,0,-4.9945455,0.09181026369333267,0.9909999966621399,0.9803000092506409
YOR122C,YDR487C,0,-4.995726,0.09180176258087158,0.9909999966621399,0.980400025844574
YFR004W,YDL222C,0,-4.9973707,0.0917932540178299,0.9909999966621399,0.9804999828338623
YIL097W,YOL019W,0,-5.0006337,0.0917847529053688,0.9909999966621399,0.9805999994277954
YDR001C,YOL121C,0,-5.001357,0.09177625179290771,0.9909999966621399,0.9807000160217285
YDL049C,YPR138C,0,-5.002126,0.09176775813102722,0.9909999966621399,0.9807999730110168
YGL037C,YIL131C,1,-5.0132623,0.0918518528342247,0.9919999837875366,0.9807999730110168
YLR027C,YAL008W,0,-5.01687,0.09184334427118301,0.9919999837875366,0.98089998960495
YLR303W,YHR142W,0,-5.0211897,0.09183484315872192,0.9919999837875366,0.9810000061988831
YBR114W,YDL191W,0,-5.0232234,0.09182634204626083,0.9919999837875366,0.9811000227928162
YER119C,YDL031W,0,-5.0258536,0.09181784838438034,0.9919999837875366,0.9811999797821045
YOR348C,YKL057C,0,-5.026559,0.09180934727191925,0.9919999837875366,0.9812999963760376
YIL051C,YLR102C,0,-5.0284696,0.09180085361003876,0.9919999837875366,0.9814000129699707
YHR008C,YDR101C,0,-5.036143,0.09179235994815826,0.9919999837875366,0.9815000295639038
YHR026W,YLR447C,0,-5.0365386,0.09178386628627777,0.9919999837875366,0.9815999865531921
YDL031W,YDR412W,0,-5.041303,0.09177537262439728,0.9919999837875366,0.9817000031471252
YGR211W,YKL150W,0,-5.0417705,0.09176687896251678,0.9919999837875366,0.9818000197410583
YMR131C,YIL110W,0,-5.047996,0.09175839275121689,0.9919999837875366,0.9818999767303467
YLR432W,YDR479C,0,-5.055157,0.09174990653991699,0.9919999837875366,0.9819999933242798
YDL204W,YPL198W,0,-5.0601172,0.0917414203286171,0.9919999837875366,0.9821000099182129
YHR026W,YIL097W,0,-5.0612745,0.0917329415678978,0.9919999837875366,0.982200026512146
YHR030C,YBR189W,0,-5.062577,0.0917244553565979,0.9919999837875366,0.9822999835014343
YIL034C,YDR384C,0,-5.0643277,0.0917159765958786,0.9919999837875366,0.9824000000953674
YIL135C,YDR178W,0,-5.0661864,0.0917074978351593,0.9919999837875366,0.9825000166893005
YKL062W,YDR398W,0,-5.0674195,0.09169901907444,0.9919999837875366,0.9825999736785889
YER014W,YOR206W,0,-5.068132,0.0916905477643013,0.9919999837875366,0.982699990272522
YDR358W,YPL037C,0,-5.06823,0.091682069003582,0.9919999837875366,0.9828000068664551
YKL142W,YDR497C,0,-5.0688524,0.0916735976934433,0.9919999837875366,0.9829000234603882
YLL015W,YGR078C,0,-5.069201,0.0916651263833046,0.9919999837875366,0.9829999804496765
YDR316W,YCR018C,0,-5.0717216,0.0916566550731659,0.9919999837875366,0.9830999970436096
YLR327C,YEL032W,0,-5.073219,0.09164819121360779,0.9919999837875366,0.9832000136375427
YBR201W,YDR449C,0,-5.075525,0.09163971990346909,0.9919999837875366,0.983299970626831
YLR303W,YNL067W,0,-5.0759683,0.09163125604391098,0.9919999837875366,0.9833999872207642
YDR346C,YMR020W,0,-5.0760527,0.09162279218435287,0.9919999837875366,0.9835000038146973
YKR076W,YDL031W,0,-5.0783243,0.09161433577537537,0.9919999837875366,0.9836000204086304
YOR243C,YNL173C,0,-5.0794005,0.09160587191581726,0.9919999837875366,0.9836999773979187
YDL147W,YER044C,0,-5.081943,0.09159741550683975,0.9919999837875366,0.9837999939918518
YJL082W,YGL238W,0,-5.081959,0.09158895909786224,0.9919999837875366,0.9839000105857849
YGR194C,YLR022C,0,-5.082232,0.09158050268888474,0.9919999837875366,0.984000027179718
YJL183W,YEL011W,0,-5.082791,0.09157204627990723,0.9919999837875366,0.9840999841690063
YLR324W,YBR189W,0,-5.0848584,0.09156359732151031,0.9919999837875366,0.9842000007629395
YGR255C,YDL201W,0,-5.085007,0.0915551483631134,0.9919999837875366,0.9843000173568726
YIL110W,YKL062W,0,-5.0857177,0.09154669940471649,0.9919999837875366,0.9843999743461609
YGR204W,YDR017C,0,-5.086718,0.09153825044631958,0.9919999837875366,0.984499990940094
YLR074C,YHR068W,0,-5.0882754,0.09152980148792267,0.9919999837875366,0.9846000075340271
YLR258W,YNR057C,0,-5.095096,0.09152135998010635,0.9919999837875366,0.9847000241279602
YFR009W,YDR178W,0,-5.095598,0.09151291847229004,0.9919999837875366,0.9847999811172485
YOL082W,YIL133C,0,-5.098451,0.09150447696447372,0.9919999837875366,0.9848999977111816
YHR066W,YJL053W,0,-5.101766,0.09149603545665741,0.9919999837875366,0.9850000143051147
YHR068W,YHR148W,0,-5.10332,0.0914875939488411,0.9919999837875366,0.9850999712944031
YKL034W,YGR081C,0,-5.106688,0.09147915989160538,0.9919999837875366,0.9851999878883362
YJL080C,YGL037C,1,-5.106919,0.09156293421983719,0.9929999709129333,0.9851999878883362
YHL016C,YNL067W,0,-5.1084356,0.09155449271202087,0.9929999709129333,0.9853000044822693
YLR061W,YDL201W,0,-5.1091247,0.09154605120420456,0.9929999709129333,0.9854000210762024
YDL204W,YHR008C,0,-5.112923,0.09153760969638824,0.9929999709129333,0.9854999780654907
YKL142W,YPL273W,0,-5.114269,0.09152917563915253,0.9929999709129333,0.9855999946594238
YDR412W,YDL024C,0,-5.114784,0.09152073413133621,0.9929999709129333,0.9857000112533569
YBR143C,YDR418W,0,-5.1233788,0.0915123000741005,0.9929999709129333,0.98580002784729
YPL106C,YGL008C,0,-5.1245003,0.09150387346744537,0.9929999709129333,0.9858999848365784
YGL037C,YNL186W,1,-5.125362,0.09158758074045181,0.9940000176429749,0.9858999848365784
YDL201W,YNR054C,0,-5.1289105,0.0915791392326355,0.9940000176429749,0.9860000014305115
YMR261C,YDR211W,0,-5.1290126,0.09157070517539978,0.9940000176429749,0.9861000180244446
YFL014W,YDR449C,0,-5.1307654,0.09156227111816406,0.9940000176429749,0.9861999750137329
YBR143C,YBL075C,0,-5.1315904,0.09155383706092834,0.9940000176429749,0.986299991607666
YDR330W,YER131W,0,-5.1456285,0.09154540300369263,0.9940000176429749,0.9864000082015991
YKL035W,YGR081C,0,-5.1471376,0.0915369763970375,0.9940000176429749,0.9865000247955322
YBL076C,YER124C,0,-5.14914,0.09152854233980179,0.9940000176429749,0.9865999817848206
YEL032W,YOL082W,0,-5.1493573,0.09152011573314667,0.9940000176429749,0.9866999983787537
YDL153C,YLR449W,1,-5.150245,0.09160375595092773,0.9950000047683716,0.9866999983787537
YJR161C,YDR188W,0,-5.1518955,0.09159532189369202,0.9950000047683716,0.9868000149726868
YMR217W,YBR149W,0,-5.1566243,0.0915868952870369,0.9950000047683716,0.9868999719619751
YGL037C,YBL003C,1,-5.159132,0.09167049825191498,0.9959999918937683,0.9868999719619751
YNL036W,YPL037C,0,-5.161126,0.09166206419467926,0.9959999918937683,0.9869999885559082
YLR258W,YDL039C,0,-5.1657977,0.09165363013744354,0.9959999918937683,0.9871000051498413
YLR193C,YNL121C,0,-5.1663384,0.09164519608020782,0.9959999918937683,0.9872000217437744
YOL091W,YPL160W,0,-5.172421,0.0916367620229721,0.9959999918937683,0.9872999787330627
YGL037C,YNL262W,1,-5.1733956,0.0917203277349472,0.996999979019165,0.9872999787330627
YGL135W,YIL094C,0,-5.185069,0.09171189367771149,0.996999979019165,0.9873999953269958
YJL124C,YOL052C-A,0,-5.1873107,0.09170345962047577,0.996999979019165,0.987500011920929
YJR127C,YOR087W,0,-5.189221,0.09169502556324005,0.996999979019165,0.9876000285148621
YHR066W,YOR317W,0,-5.1903634,0.09168659150600433,0.996999979019165,0.9876999855041504
YLR363C,YDR178W,0,-5.192015,0.09167815744876862,0.996999979019165,0.9878000020980835
YKL142W,YNL301C,0,-5.202595,0.0916697308421135,0.996999979019165,0.9879000186920166
YKL124W,YML093W,0,-5.2153754,0.09166130423545837,0.996999979019165,0.9879999756813049
YJL080C,YPR193C,1,-5.2214665,0.0917448028922081,0.9980000257492065,0.9879999756813049
YHL011C,YPL043W,0,-5.226314,0.09173637628555298,0.9980000257492065,0.988099992275238
YPR016C,YDL215C,0,-5.231134,0.09172794222831726,0.9980000257492065,0.9882000088691711
YKL142W,YIL088C,0,-5.232613,0.09171950817108154,0.9980000257492065,0.9883000254631042
YNL301C,YPL002C,0,-5.2345757,0.09171108156442642,0.9980000257492065,0.9883999824523926
YAL023C,YDL110C,0,-5.2399926,0.0917026549577713,0.9980000257492065,0.9884999990463257
YDR003W,YGR085C,0,-5.2431016,0.09169422835111618,0.9980000257492065,0.9886000156402588
YLR044C,YJR006W,0,-5.243315,0.09168580919504166,0.9980000257492065,0.9886999726295471
YPR145W,YOL052C-A,0,-5.249266,0.09167738258838654,0.9980000257492065,0.9887999892234802
YHR193C,YFL014W,0,-5.2513537,0.09166896343231201,0.9980000257492065,0.9889000058174133
YNL069C,YCL039W,0,-5.2537193,0.09166054427623749,0.9980000257492065,0.9890000224113464
YMR230W,YPL198W,0,-5.2558084,0.09165212512016296,0.9980000257492065,0.9890999794006348
YDR272W,YDR384C,0,-5.2566037,0.09164371341466904,0.9980000257492065,0.9891999959945679
YJL164C,YNL308C,0,-5.267591,0.09163529425859451,0.9980000257492065,0.989300012588501
YDL201W,YML093W,0,-5.2680597,0.09162688255310059,0.9980000257492065,0.9894000291824341
YPR070W,YFR053C,0,-5.2746825,0.09161847084760666,0.9980000257492065,0.9894999861717224
YMR131C,YJL082W,0,-5.2774005,0.09161005914211273,0.9980000257492065,0.9896000027656555
YLR327C,YIL133C,0,-5.279796,0.0916016548871994,0.9980000257492065,0.9897000193595886
YAL023C,YIL101C,0,-5.280876,0.09159324318170547,0.9980000257492065,0.989799976348877
YML004C,YDR101C,0,-5.281082,0.09158483892679214,0.9980000257492065,0.9898999929428101
YJL124C,YER009W,0,-5.281503,0.09157643467187881,0.9980000257492065,0.9900000095367432
YLR258W,YML120C,0,-5.2828517,0.09156803041696548,0.9980000257492065,0.9901000261306763
YER169W,YBL003C,1,-5.282906,0.09165137261152267,0.9990000128746033,0.9901000261306763
YJL148W,YKL129C,0,-5.284061,0.09164296835660934,0.9990000128746033,0.9901999831199646
YDL213C,YPL006W,0,-5.2905736,0.09163456410169601,0.9990000128746033,0.9902999997138977
YLL055W,YER131W,0,-5.2912965,0.09162615984678268,0.9990000128746033,0.9904000163078308
YNR038W,YMR173W,0,-5.2935834,0.09161775559186935,0.9990000128746033,0.9904999732971191
YIL110W,YGL053W,0,-5.293777,0.09160935133695602,0.9990000128746033,0.9905999898910522
YGR109C,YKL142W,0,-5.29563,0.09160095453262329,0.9990000128746033,0.9907000064849854
YDL142C,YDR101C,0,-5.297575,0.09159255772829056,0.9990000128746033,0.9908000230789185
YDL204W,YEL071W,0,-5.299941,0.09158416092395782,0.9990000128746033,0.9908999800682068
YBR048W,YDR421W,0,-5.3037667,0.09157576411962509,0.9990000128746033,0.9909999966621399
YOR091W,YIL110W,0,-5.3056455,0.09156736731529236,0.9990000128746033,0.991100013256073
YLR022C,YKL150W,0,-5.3071218,0.09155897796154022,0.9990000128746033,0.9911999702453613
YKR076W,YDR412W,0,-5.307447,0.09155058860778809,0.9990000128746033,0.9912999868392944
YMR261C,YDR101C,0,-5.308687,0.09154219925403595,0.9990000128746033,0.9914000034332275
YKL081W,YHL015W,0,-5.3157687,0.09153380990028381,0.9990000128746033,0.9915000200271606
YKR094C,YEL026W,0,-5.317611,0.09152542054653168,0.9990000128746033,0.991599977016449
YJL048C,YBR149W,0,-5.326564,0.09151703864336014,0.9990000128746033,0.9916999936103821
YKL026C,YDR341C,0,-5.329247,0.0915086567401886,0.9990000128746033,0.9918000102043152
YOR243C,YNL301C,0,-5.3308578,0.09150027483701706,0.9990000128746033,0.9919000267982483
YMR250W,YJL008C,0,-5.3374133,0.09149189293384552,0.9990000128746033,0.9919999837875366
YGL006W,YOR004W,0,-5.3409085,0.09148351848125458,0.9990000128746033,0.9921000003814697
YHR169W,YOL052C-A,0,-5.348905,0.09147513657808304,0.9990000128746033,0.9922000169754028
YHR169W,YOR004W,0,-5.350663,0.0914667621254921,0.9990000128746033,0.9922999739646912
YDL222C,YDR496C,0,-5.351911,0.09145838767290115,0.9990000128746033,0.9923999905586243
YCL030C,YBR070C,0,-5.3585825,0.09145002067089081,0.9990000128746033,0.9925000071525574
YJL140W,YIL088C,0,-5.372419,0.09144164621829987,0.9990000128746033,0.9926000237464905
YEL026W,YER142C,0,-5.3731422,0.09143327921628952,0.9990000128746033,0.9926999807357788
YOR120W,YHR008C,0,-5.374392,0.09142491221427917,0.9990000128746033,0.9927999973297119
YHR008C,YPL243W,0,-5.3829308,0.09141654521226883,0.9990000128746033,0.992900013923645
YER044C,YBL058W,0,-5.3863664,0.09140817821025848,0.9990000128746033,0.9929999709129333
YOR056C,YFL014W,0,-5.3987365,0.09139981865882874,0.9990000128746033,0.9930999875068665
YJL190C,YML004C,0,-5.402188,0.09139145910739899,0.9990000128746033,0.9932000041007996
YJL148W,YOR120W,0,-5.418198,0.09138309210538864,0.9990000128746033,0.9933000206947327
YIL125W,YDR178W,0,-5.427279,0.09137474000453949,0.9990000128746033,0.993399977684021
YOR091W,YDR101C,0,-5.4344463,0.09136638045310974,0.9990000128746033,0.9934999942779541
YJL082W,YNL308C,0,-5.468934,0.09135802835226059,0.9990000128746033,0.9936000108718872
YKR067W,YBR034C,0,-5.4698105,0.09134966880083084,0.9990000128746033,0.9937000274658203
YEL026W,YOR206W,0,-5.4841466,0.09134131669998169,0.9990000128746033,0.9937999844551086
YOR091W,YJR125C,0,-5.4985085,0.09133296459913254,0.9990000128746033,0.9939000010490417
YJR036C,YBR034C,0,-5.5009103,0.09132461994886398,0.9990000128746033,0.9940000176429749
YHR010W,YOL052C-A,0,-5.502808,0.09131626784801483,0.9990000128746033,0.9940999746322632
YIL101C,YPL241C,0,-5.5045266,0.09130792319774628,0.9990000128746033,0.9941999912261963
YPL273W,YNL160W,0,-5.506785,0.09129957854747772,0.9990000128746033,0.9943000078201294
YGL053W,YOR004W,0,-5.5082064,0.09129123389720917,0.9990000128746033,0.9944000244140625
YBR155W,YCL039W,0,-5.5154386,0.09128289669752121,0.9990000128746033,0.9944999814033508
YKL034W,YDR101C,0,-5.5243993,0.09127455204725266,0.9990000128746033,0.9945999979972839
YJL183W,YOL052C-A,0,-5.532283,0.0912662148475647,0.9990000128746033,0.994700014591217
YCR047C,YMR173W,0,-5.535312,0.09125787764787674,0.9990000128746033,0.9947999715805054
YBR189W,YNL231C,0,-5.5475016,0.09124954044818878,0.9990000128746033,0.9948999881744385
YIL101C,YJL111W,0,-5.5514283,0.09124121069908142,0.9990000128746033,0.9950000047683716
YNL209W,YJL053W,0,-5.5712185,0.09123287349939346,0.9990000128746033,0.9951000213623047
YKR076W,YLR029C,0,-5.5788317,0.0912245437502861,0.9990000128746033,0.995199978351593
YMR261C,YNL207W,0,-5.589662,0.09121621400117874,0.9990000128746033,0.9952999949455261
YHR066W,YNL308C,0,-5.591191,0.09120789170265198,0.9990000128746033,0.9954000115394592
YJL164C,YEL011W,0,-5.5975266,0.09119956195354462,0.9990000128746033,0.9955000281333923
YDR412W,YIL097W,0,-5.5994954,0.09119123965501785,0.9990000128746033,0.9955999851226807
YJL164C,YDR280W,0,-5.6056523,0.09118290990591049,0.9990000128746033,0.9957000017166138
YDR017C,YHR008C,0,-5.6110935,0.09117459505796432,0.9990000128746033,0.9958000183105469
YNL069C,YNL209W,0,-5.6118608,0.09116627275943756,0.9990000128746033,0.9958999752998352
YJR127C,YHR021C,0,-5.628911,0.0911579504609108,0.9990000128746033,0.9959999918937683
YDR330W,YOR004W,0,-5.632754,0.09114963561296463,0.9990000128746033,0.9961000084877014
YJL111W,YOL052C-A,0,-5.633139,0.09114132076501846,0.9990000128746033,0.9962000250816345
YKL081W,YIL133C,0,-5.6616893,0.0911330059170723,0.9990000128746033,0.9962999820709229
YKL150W,YDR398W,0,-5.6692142,0.09112469106912613,0.9990000128746033,0.996399998664856
YNL075W,YGR145W,0,-5.6770134,0.09111638367176056,0.9990000128746033,0.9965000152587891
YLR074C,YKR067W,0,-5.710855,0.09110806882381439,0.9990000128746033,0.9965999722480774
YDR003W,YJL190C,0,-5.784145,0.09109976142644882,0.9990000128746033,0.9966999888420105
YDL136W,YLR029C,0,-5.796041,0.09109145402908325,0.9990000128746033,0.9968000054359436
YPR190C,YOL082W,0,-5.79981,0.09108315408229828,0.9990000128746033,0.9969000220298767
YPR190C,YKL035W,0,-5.805286,0.09107484668493271,0.9990000128746033,0.996999979019165
YKL142W,YBR121C,0,-5.817491,0.09106654673814774,0.9990000128746033,0.9970999956130981
YKR067W,YNR054C,0,-5.8202386,0.09105824679136276,0.9990000128746033,0.9972000122070312
YKR076W,YKL082C,0,-5.8384247,0.09104994684457779,0.9990000128746033,0.9973000288009644
YMR250W,YKL154W,0,-5.860459,0.09104164689779282,0.9990000128746033,0.9973999857902527
YKL026C,YDR449C,0,-5.877917,0.09103335440158844,0.9990000128746033,0.9975000023841858
YDL204W,YIL133C,0,-5.912959,0.09102505445480347,0.9990000128746033,0.9976000189781189
YMR230W,YER131W,0,-5.932807,0.09101676195859909,0.9990000128746033,0.9976999759674072
YLR327C,YGR158C,0,-5.9739833,0.09100846946239471,0.9990000128746033,0.9977999925613403
YOR287C,YNL308C,0,-6.021026,0.09100018441677094,0.9990000128746033,0.9979000091552734
YDL201W,YDR001C,0,-6.0283556,0.09099189192056656,0.9990000128746033,0.9980000257492065
YJL183W,YDR001C,0,-6.0330606,0.09098360687494278,0.9990000128746033,0.9980999827384949
YNL067W,YPL090C,0,-6.056336,0.090975321829319,0.9990000128746033,0.998199999332428
YDR500C,YBR189W,0,-6.0628724,0.09096703678369522,0.9990000128746033,0.9983000159263611
YHR066W,YDR496C,0,-6.1280103,0.09095875173807144,0.9990000128746033,0.9983999729156494
YDR412W,YKL035W,0,-6.158179,0.09095047414302826,0.9990000128746033,0.9984999895095825
YMR250W,YFL022C,0,-6.1935496,0.09094219654798508,0.9990000128746033,0.9986000061035156
YKR076W,YGL097W,0,-6.2342296,0.0909339189529419,0.9990000128746033,0.9987000226974487
YLR327C,YDR101C,0,-6.2360888,0.09092564135789871,0.9990000128746033,0.9987999796867371
YEL039C,YDR101C,0,-6.2395306,0.09091736376285553,0.9990000128746033,0.9988999962806702
YDL153C,YGL037C,1,-6.2468877,0.09100008755922318,1.0,0.9988999962806702
YDR449C,YML093W,0,-6.2686825,0.09099180996417999,1.0,0.9990000128746033
YBR048W,YNL301C,0,-6.2794967,0.09098353236913681,1.0,0.9991000294685364
YLR258W,YKL143W,0,-6.3398395,0.09097525477409363,1.0,0.9991999864578247
YKR094C,YGL135W,0,-6.3791623,0.09096697717905045,1.0,0.9993000030517578
YBL072C,YGL147C,0,-6.3893228,0.09095870703458786,1.0,0.9994000196456909
YOR243C,YLR258W,0,-6.3961387,0.09095042943954468,1.0,0.9994999766349792
YEL026W,YDR001C,0,-6.532517,0.09094215929508209,1.0,0.9995999932289124
YMR250W,YOR004W,0,-6.543685,0.0909338891506195,1.0,0.9997000098228455
YDR312W,YMR250W,0,-6.72523,0.09092562645673752,1.0,0.9998000264167786
YJL164C,YOR091W,0,-6.8933606,0.09091735631227493,1.0,0.9998999834060669
YLR258W,YNL182C,0,-6.9317966,0.09090909361839294,1.0,1.0
