Gene A,Gene B,Label,Score,Precision,Recall,False Positive Rate
YKL203C,YDL019C,1,21.555147,1.0,0.000994035741314292,0.0
YAL053W,YER164W,0,10.079926,0.5,0.000994035741314292,0.00010006003867601976
YLR337C,YPR165W,1,9.875565,0.6666666865348816,0.001988071482628584,0.00010006003867601976
YOR008C,YEL027W,1,9.749119,0.75,0.0029821074567735195,0.00010006003867601976
YNL297C,YPR165W,1,9.354034,0.800000011920929,0.003976142965257168,0.00010006003867601976
YNL207W,YOR356W,0,9.307833,0.6666666865348816,0.003976142965257168,0.00020012007735203952
YBL047C,YBR059C,1,9.274832,0.7142857313156128,0.004970178939402103,0.00020012007735203952
YGL181W,YKL126W,1,9.21206,0.75,0.005964214913547039,0.00020012007735203952
YDR388W,YDR059C,1,9.032702,0.7777777910232544,0.006958250422030687,0.00020012007735203952
YKL203C,YNL243W,1,8.927185,0.800000011920929,0.007952285930514336,0.00020012007735203952
YKR090W,YPL154C,0,8.325954,0.7272727489471436,0.007952285930514336,0.00030018010875210166
YGL181W,YGR198W,1,8.318316,0.75,0.008946321904659271,0.00030018010875210166
YER114C,YNR001C,0,8.317303,0.692307710647583,0.008946321904659271,0.00040024015470407903
YGR167W,YEL027W,1,8.257719,0.7142857313156128,0.009940357878804207,0.00040024015470407903
YAL053W,YGR062C,0,8.220252,0.6666666865348816,0.009940357878804207,0.0005003002006560564
YPL032C,YOR329C,1,8.192063,0.6875,0.010934393852949142,0.0005003002006560564
YOR008C,YPR165W,1,8.052906,0.7058823704719543,0.011928429827094078,0.0005003002006560564
YGL181W,YGR086C,1,8.041305,0.7222222089767456,0.012922464869916439,0.0005003002006560564
YPR171W,YHR001W,1,8.026854,0.7368420958518982,0.013916500844061375,0.0005003002006560564
YDL192W,YGR262C,0,7.987628,0.699999988079071,0.013916500844061375,0.0006003602175042033
YNL297C,YEL027W,1,7.8827057,0.7142857313156128,0.01491053681820631,0.0006003602175042033
YHR114W,YDR490C,1,7.845278,0.7272727489471436,0.01590457186102867,0.0006003602175042033
YAL053W,YPL103C,0,7.7771635,0.695652186870575,0.01590457186102867,0.0007004202343523502
YNL020C,YOR089C,1,7.716805,0.7083333134651184,0.016898607835173607,0.0007004202343523502
YAL053W,YDR288W,0,7.706386,0.6800000071525574,0.016898607835173607,0.0008004803094081581
YIL034C,YPR102C,0,7.70367,0.6538461446762085,0.016898607835173607,0.000900540326256305
YGR167W,YDR059C,1,7.699178,0.6666666865348816,0.017892643809318542,0.000900540326256305
YLR206W,YLR056W,1,7.6958942,0.6785714030265808,0.018886679783463478,0.000900540326256305
YGL181W,YNL032W,1,7.6733837,0.6896551847457886,0.019880715757608414,0.000900540326256305
YAL053W,YOR270C,0,7.652028,0.6666666865348816,0.019880715757608414,0.0010006004013121128
YPL004C,YNR075W,1,7.6347694,0.6774193644523621,0.02087475173175335,0.0010006004013121128
YER114C,YPR028W,0,7.523568,0.65625,0.02087475173175335,0.0011006604181602597
YDR060W,YBR214W,0,7.4907274,0.6363636255264282,0.02087475173175335,0.0012007204350084066
YNL020C,YJR125C,1,7.432517,0.6470588445663452,0.021868787705898285,0.0012007204350084066
YDL161W,YNL032W,1,7.3895617,0.6571428775787354,0.02286282368004322,0.0012007204350084066
YKR003W,YGL181W,1,7.3696356,0.6666666865348816,0.023856859654188156,0.0012007204350084066
YPR171W,YGL181W,1,7.3692856,0.6756756901741028,0.024850893765687943,0.0012007204350084066
YDR388W,YPL160W,0,7.3476853,0.6578947305679321,0.024850893765687943,0.0013007804518565536
YGL181W,YJR125C,1,7.324897,0.6666666865348816,0.025844929739832878,0.0013007804518565536
YLR337C,YHR001W,1,7.260213,0.675000011920929,0.026838965713977814,0.0013007804518565536
YDL161W,YDR059C,1,7.2115064,0.6829268336296082,0.02783300168812275,0.0013007804518565536
YGR241C,YEL027W,1,7.16255,0.6904761791229248,0.028827037662267685,0.0013007804518565536
YGR241C,YER020W,0,7.146982,0.6744186282157898,0.028827037662267685,0.0014008404687047005
YJL204C,YBR214W,1,7.1292944,0.6818181872367859,0.02982107363641262,0.0014008404687047005
YDR264C,YPR165W,1,7.1046743,0.6888889074325562,0.030815109610557556,0.0014008404687047005
YNL020C,YHR016C,1,7.086231,0.695652186870575,0.03180914372205734,0.0014008404687047005
YGR241C,YPR165W,1,7.0777817,0.7021276354789734,0.03280318155884743,0.0014008404687047005
YGR241C,YHR001W,1,7.0175924,0.7083333134651184,0.033797215670347214,0.0014008404687047005
YBL007C,YKL129C,1,6.9984303,0.7142857313156128,0.0347912535071373,0.0014008404687047005
YBR012W-A,YDR096W,0,6.9748254,0.699999988079071,0.0347912535071373,0.0015009004855528474
YBL007C,YGL181W,1,6.962475,0.7058823704719543,0.035785287618637085,0.0015009004855528474
YHR161C,YDR060W,0,6.958271,0.692307710647583,0.035785287618637085,0.0016009606188163161
YDL161W,YCL034W,1,6.9560227,0.698113203048706,0.03677932545542717,0.0016009606188163161
YDL019C,YAR042W,1,6.9479427,0.7037037014961243,0.037773359566926956,0.0016009606188163161
YHR161C,YGL003C,0,6.9390025,0.6909090876579285,0.037773359566926956,0.001701020635664463
YPR171W,YPL004C,1,6.9270144,0.6964285969734192,0.03876739740371704,0.001701020635664463
YNL020C,YFL039C,1,6.9058166,0.7017543911933899,0.03976143151521683,0.001701020635664463
YPR171W,YOR329C,1,6.8911858,0.7068965435028076,0.040755465626716614,0.001701020635664463
YIL095W,YPR165W,1,6.871045,0.7118644118309021,0.0417495034635067,0.001701020635664463
YKL126W,YBR214W,1,6.8381433,0.7166666388511658,0.042743537575006485,0.001701020635664463
YGR241C,YCL034W,1,6.809201,0.7213114500045776,0.04373757541179657,0.001701020635664463
YGR241C,YGL181W,1,6.8059583,0.725806474685669,0.044731609523296356,0.001701020635664463
YBL007C,YPL004C,1,6.7877846,0.7301587462425232,0.04572564736008644,0.001701020635664463
YNL020C,YEL027W,1,6.7862234,0.734375,0.04671968147158623,0.001701020635664463
YBR059C,YNL243W,1,6.7640305,0.7384615540504456,0.04771371930837631,0.001701020635664463
YBL007C,YEL027W,1,6.7495966,0.7424242496490479,0.0487077534198761,0.001701020635664463
YLR337C,YPL145C,1,6.726777,0.746268630027771,0.049701787531375885,0.001701020635664463
YAL053W,YDR166C,0,6.6404595,0.7352941036224365,0.049701787531375885,0.00180108065251261
YNL084C,YDR490C,1,6.618675,0.739130437374115,0.05069582536816597,0.00180108065251261
YDL161W,YDR264C,1,6.612838,0.7428571581840515,0.051689859479665756,0.00180108065251261
YDL019C,YGR086C,1,6.579933,0.7464788556098938,0.05268389731645584,0.00180108065251261
YDR129C,YNL032W,1,6.577536,0.75,0.05367793142795563,0.00180108065251261
YPR171W,YGR086C,1,6.5731335,0.7534246444702148,0.05467196926474571,0.00180108065251261
YAL053W,YBL082C,0,6.5361185,0.7432432174682617,0.05467196926474571,0.0019011406693607569
YBL007C,YHR114W,1,6.5209217,0.746666669845581,0.0556660033762455,0.0019011406693607569
YBR109C,YDR490C,1,6.5208287,0.75,0.056660041213035583,0.0019011406693607569
YFL047W,YPR178W,0,6.4764194,0.7402597665786743,0.056660041213035583,0.0020012008026242256
YBL047C,YBL101C,1,6.452521,0.7435897588729858,0.05765407532453537,0.0020012008026242256
YOR008C,YGR086C,1,6.4472275,0.746835470199585,0.058648113161325455,0.0020012008026242256
YIL095W,YER166W,1,6.444268,0.75,0.05964214727282524,0.0020012008026242256
YDL161W,YNL243W,1,6.416292,0.7530864477157593,0.06063618138432503,0.0020012008026242256
YNL084C,YJR125C,1,6.4029417,0.7560975551605225,0.06163021922111511,0.0020012008026242256
YPR171W,YKR003W,1,6.38188,0.759036123752594,0.0626242533326149,0.0020012008026242256
YDL161W,YPR165W,1,6.3811197,0.761904776096344,0.06361828744411469,0.0020012008026242256
YMR109W,YAL030W,1,6.3797636,0.7647058963775635,0.06461232900619507,0.0020012008026242256
YDR388W,YJR125C,1,6.357441,0.7674418687820435,0.06560636311769485,0.0020012008026242256
YAL026C,YOR329C,1,6.3106956,0.7701149582862854,0.06660039722919464,0.0020012008026242256
YBR109C,YOR109W,1,6.3082056,0.7727272510528564,0.06759443134069443,0.0020012008026242256
YAL053W,YPL194W,0,6.307933,0.7640449404716492,0.06759443134069443,0.0021012607030570507
YBL101C,YBR059C,1,6.2968273,0.7666666507720947,0.06858847290277481,0.0021012607030570507
YPR171W,YML001W,1,6.2832985,0.7692307829856873,0.0695825070142746,0.0021012607030570507
YDL192W,YMR256C,0,6.2715054,0.760869562625885,0.0695825070142746,0.0022013208363205194
YCL034W,YNR075W,1,6.2573214,0.7634408473968506,0.07057654112577438,0.0022013208363205194
YBL101C,YDR129C,1,6.229371,0.7659574747085571,0.07157057523727417,0.0022013208363205194
YDR169C,YGL157W,0,6.2248244,0.75789475440979,0.07157057523727417,0.0023013807367533445
YNL297C,YML001W,1,6.2105675,0.7604166865348816,0.07256460934877396,0.0023013807367533445
YBL007C,YIL048W,1,6.201626,0.7628865838050842,0.07355865091085434,0.0023013807367533445
YHR161C,YKL126W,1,6.187518,0.7653061151504517,0.07455268502235413,0.0023013807367533445
YCR009C,YNL093W,1,6.18617,0.7676767706871033,0.07554671913385391,0.0023013807367533445
YGR167W,YAL026C,1,6.1835165,0.7699999809265137,0.0765407532453537,0.0023013807367533445
YGR241C,YDR490C,1,6.1682463,0.7722772359848022,0.07753479480743408,0.0023013807367533445
YBR109C,YBR059C,1,6.1666985,0.7745097875595093,0.07852882891893387,0.0023013807367533445
YGR198W,YEL027W,1,6.165016,0.7766990065574646,0.07952286303043365,0.0023013807367533445
YHR161C,YJR125C,1,6.16354,0.7788461446762085,0.08051689714193344,0.0023013807367533445
YOR008C,YDR264C,1,6.151766,0.7809523940086365,0.08151093125343323,0.0023013807367533445
YOR008C,YPL004C,1,6.1487374,0.7830188870429993,0.08250497281551361,0.0023013807367533445
YBL047C,YMR109W,1,6.1484776,0.7850467562675476,0.0834990069270134,0.0023013807367533445
YGR241C,YGL206C,1,6.141972,0.7870370149612427,0.08449304103851318,0.0023013807367533445
YAL053W,YJL148W,0,6.141086,0.7798165082931519,0.08449304103851318,0.0024014408700168133
YBL007C,YKR003W,1,6.1176033,0.7818182110786438,0.08548707515001297,0.0024014408700168133
YML052W,YPR171W,1,6.11598,0.7837837934494019,0.08648111671209335,0.0024014408700168133
YDL161W,YPL145C,1,6.1140656,0.7857142686843872,0.08747515082359314,0.0024014408700168133
YAR010C,YBR241C,0,6.102955,0.778761088848114,0.08747515082359314,0.002501501003280282
YOR008C,YHR114W,1,6.102642,0.780701756477356,0.08846918493509293,0.002501501003280282
YIL034C,YBR048W,0,6.0688314,0.7739130258560181,0.08846918493509293,0.002601560903713107
YPR171W,YNL093W,1,6.05672,0.7758620977401733,0.08946321904659271,0.002601560903713107
YBR059C,YLR056W,1,6.0297637,0.7777777910232544,0.0904572531580925,0.002601560903713107
YBL007C,YML001W,1,6.0294743,0.7796609997749329,0.09145129472017288,0.002601560903713107
YER114C,YHR044C,0,6.025918,0.7731092572212219,0.09145129472017288,0.002701621036976576
YBR109C,YNL154C,1,6.0257893,0.7749999761581421,0.09244532883167267,0.002701621036976576
YNR035C,YKL129C,1,6.0257835,0.7768595218658447,0.09343936294317245,0.002701621036976576
YER087C-A,YDR054C,0,6.010245,0.7704917788505554,0.09343936294317245,0.002801680937409401
YDL161W,YOR329C,1,5.995587,0.772357702255249,0.09443339705467224,0.002801680937409401
YDR388W,YPL032C,1,5.9816575,0.774193525314331,0.09542743861675262,0.002801680937409401
YOR008C,YCL034W,1,5.970943,0.7760000228881836,0.09642147272825241,0.002801680937409401
YJR125C,YPL032C,1,5.9556904,0.7777777910232544,0.0974155068397522,0.002801680937409401
YDR388W,YLR056W,1,5.9530697,0.7795275449752808,0.09840954095125198,0.002801680937409401
YDL137W,YAL058W,0,5.920842,0.7734375,0.09840954095125198,0.0029017410706728697
YHR114W,YKR014C,1,5.913515,0.7751938104629517,0.09940357506275177,0.0029017410706728697
YDR129C,YAL026C,1,5.889229,0.7769230604171753,0.10039761662483215,0.0029017410706728697
YMR188C,YJR029W,0,5.874028,0.7709923386573792,0.10039761662483215,0.0030018009711056948
YDR358W,YGR241C,0,5.846895,0.7651515007019043,0.10039761662483215,0.0031018611043691635
YKL129C,YML001W,1,5.84408,0.7669172883033752,0.10139165073633194,0.0031018611043691635
YHR161C,YIL124W,0,5.835473,0.7611940503120422,0.10139165073633194,0.0032019212376326323
YJL158C,YDR288W,0,5.831965,0.7555555701255798,0.10139165073633194,0.0033019811380654573
YGR241C,YKL126W,1,5.8267717,0.7573529481887817,0.10238568484783173,0.0033019811380654573
YGR241C,YKR014C,1,5.8074884,0.7591241002082825,0.10337971895933151,0.0033019811380654573
YNL297C,YKL129C,1,5.806183,0.760869562625885,0.1043737605214119,0.0033019811380654573
YDR388W,YDR177W,1,5.8000746,0.7625899314880371,0.10536779463291168,0.0033019811380654573
YBL007C,YPL032C,1,5.7889347,0.7642857432365417,0.10636182874441147,0.0033019811380654573
YDL161W,YAR042W,1,5.778384,0.7659574747085571,0.10735586285591125,0.0033019811380654573
YGR241C,YFR008W,0,5.7755823,0.7605633735656738,0.10735586285591125,0.003402041271328926
YBR241C,YLR441C,0,5.7720156,0.7552447319030762,0.10735586285591125,0.003502101171761751
YKL126W,YPR165W,1,5.7668085,0.7569444179534912,0.10834989696741104,0.003502101171761751
YOR109W,YOR329C,1,5.7630825,0.7586206793785095,0.10934393852949142,0.003502101171761751
YFR015C,YKR058W,0,5.744466,0.7534246444702148,0.10934393852949142,0.00360216130502522
YDR129C,YNL093W,1,5.742352,0.7551020383834839,0.11033797264099121,0.00360216130502522
YDR388W,YPL206C,0,5.731103,0.75,0.11033797264099121,0.0037022214382886887
YLR206W,YHR001W,1,5.7259665,0.7516778707504272,0.111332006752491,0.0037022214382886887
YAL026C,YKL129C,1,5.7259026,0.753333330154419,0.11232604086399078,0.0037022214382886887
YDL192W,YBR185C,0,5.713253,0.748344361782074,0.11232604086399078,0.0038022813387215137
YPL004C,YBL101C,1,5.704744,0.75,0.11332008242607117,0.0038022813387215137
YLR337C,YNL227C,1,5.701885,0.7516340017318726,0.11431411653757095,0.0038022813387215137
YBR109C,YML001W,1,5.687894,0.7532467246055603,0.11530815064907074,0.0038022813387215137
YLR371W,YBR059C,1,5.685297,0.7548387050628662,0.11630218476057053,0.0038022813387215137
YNL020C,YDR129C,1,5.6827316,0.7564102411270142,0.11729622632265091,0.0038022813387215137
YGR086C,YBR214W,1,5.678931,0.7579618096351624,0.1182902604341507,0.0038022813387215137
YHR114W,YOR329C,1,5.657459,0.7594936490058899,0.11928429454565048,0.0038022813387215137
YDL161W,YLR056W,1,5.645908,0.7610062956809998,0.12027832865715027,0.0038022813387215137
YDL192W,YFR015C,0,5.6156816,0.7562500238418579,0.12027832865715027,0.0039023414719849825
YDL019C,YBR059C,1,5.611786,0.7577639818191528,0.12127236276865005,0.0039023414719849825
YMR109W,YBR214W,1,5.6109467,0.7592592835426331,0.12226640433073044,0.0039023414719849825
YGR167W,YIL048W,1,5.6106453,0.7607361674308777,0.12326043844223022,0.0039023414719849825
YHR161C,YGL185C,0,5.59531,0.7560975551605225,0.12326043844223022,0.004002401605248451
YPR171W,YER166W,1,5.5851603,0.7575757503509521,0.12425447255373001,0.004002401605248451
YGR241C,YOR270C,0,5.583664,0.7530120611190796,0.12425447255373001,0.004102461505681276
YHR114W,YEL027W,1,5.575715,0.7544910311698914,0.1252485066652298,0.004102461505681276
YPL004C,YDR129C,1,5.57419,0.7559523582458496,0.12624254822731018,0.004102461505681276
YDL161W,YBR109C,1,5.5671744,0.7573964595794678,0.12723657488822937,0.004102461505681276
YKL140W,YHR161C,0,5.5170197,0.7529411911964417,0.12723657488822937,0.004202521406114101
YOR089C,YBL007C,1,5.510761,0.7543859481811523,0.12823061645030975,0.004202521406114101
YDL137W,YGL128C,0,5.485744,0.75,0.12823061645030975,0.004302581772208214
YGR241C,YBR283C,0,5.460147,0.7456647157669067,0.12823061645030975,0.004402641672641039
YJR029W,YOR290C,0,5.455686,0.7413793206214905,0.12823061645030975,0.004502701573073864
YNL297C,YKR014C,1,5.4462934,0.7428571581840515,0.12922465801239014,0.004502701573073864
YDL019C,YGL181W,1,5.4342213,0.7443181872367859,0.13021868467330933,0.004502701573073864
YBL047C,YGR167W,1,5.4189034,0.7457627058029175,0.1312127262353897,0.004502701573073864
YKR003W,YML001W,1,5.4166355,0.7471910119056702,0.1322067528963089,0.004502701573073864
YOR008C,YBR214W,1,5.392844,0.748603343963623,0.13320079445838928,0.004502701573073864
YDR129C,YIL041W,1,5.379136,0.75,0.13419483602046967,0.004502701573073864
YBR059C,YEL027W,1,5.377973,0.7513812184333801,0.13518886268138885,0.004502701573073864
YNL020C,YML052W,1,5.376259,0.7527472376823425,0.13618290424346924,0.004502701573073864
YPR171W,YBR214W,1,5.372487,0.7540983557701111,0.13717694580554962,0.004502701573073864
YLR206W,YBR059C,1,5.3685665,0.7554348111152649,0.1381709724664688,0.004502701573073864
YBL007C,YLR337C,1,5.367406,0.7567567825317383,0.1391650140285492,0.004502701573073864
YBL007C,YNR075W,1,5.366993,0.7580645084381104,0.14015904068946838,0.004502701573073864
YOR008C,YOR329C,1,5.3663683,0.759358286857605,0.14115308225154877,0.004502701573073864
YGL181W,YNL243W,1,5.3505497,0.7606382966041565,0.14214712381362915,0.004502701573073864
YDR129C,YGR198W,1,5.3248568,0.761904776096344,0.14314115047454834,0.004502701573073864
YPL032C,YLR337C,1,5.323451,0.7631579041481018,0.14413519203662872,0.004502701573073864
YGR241C,YFL039C,1,5.3108892,0.764397919178009,0.1451292186975479,0.004502701573073864
YPL032C,YKR014C,1,5.3027496,0.765625,0.1461232602596283,0.004502701573073864
YBL007C,YGL206C,1,5.294675,0.7668393850326538,0.14711730182170868,0.004502701573073864
YLR337C,YLR342W,1,5.2926445,0.7680412530899048,0.14811132848262787,0.004502701573073864
YLR206W,YDR264C,1,5.2889442,0.7692307829856873,0.14910537004470825,0.004502701573073864
YHR161C,YNL093W,1,5.2845507,0.7704081535339355,0.15009939670562744,0.004502701573073864
YDL161W,YHR073W,1,5.2803698,0.7715736031532288,0.15109343826770782,0.004502701573073864
YNL154C,YPR165W,1,5.2682896,0.7727272510528564,0.1520874798297882,0.004502701573073864
YDR264C,YKR014C,1,5.26116,0.7738693356513977,0.1530815064907074,0.004502701573073864
YBL007C,YLR206W,1,5.243414,0.7749999761581421,0.15407554805278778,0.004502701573073864
YNL084C,YLR342W,1,5.237322,0.7761194109916687,0.15506958961486816,0.004502701573073864
YHR161C,YNL112W,0,5.2353325,0.7722772359848022,0.15506958961486816,0.004602761473506689
YBL047C,YHR135C,1,5.234515,0.7733989953994751,0.15606361627578735,0.004602761473506689
YLR206W,YKR003W,1,5.215622,0.7745097875595093,0.15705765783786774,0.004602761473506689
YOR008C,YKR003W,1,5.2126565,0.7756097316741943,0.15805168449878693,0.004602761473506689
YNL084C,YDL019C,1,5.202052,0.7766990065574646,0.1590457260608673,0.004602761473506689
YOR008C,YNR075W,1,5.198781,0.7777777910232544,0.1600397676229477,0.004602761473506689
YOR109W,YER166W,1,5.1978765,0.7788461446762085,0.16103379428386688,0.004602761473506689
YGR086C,YGR198W,1,5.196308,0.779904305934906,0.16202783584594727,0.004602761473506689
YHR161C,YKL059C,0,5.1842594,0.776190459728241,0.16202783584594727,0.0047028218396008015
YAL053W,YKL181W,0,5.1690173,0.7725118398666382,0.16202783584594727,0.0048028817400336266
YDR388W,YOL077C,0,5.167334,0.7688679099082947,0.16202783584594727,0.004902941640466452
YGR198W,YHR001W,1,5.165145,0.7699530720710754,0.16302186250686646,0.004902941640466452
YHR161C,YNR075W,1,5.149519,0.7710280418395996,0.16401590406894684,0.004902941640466452
YNL297C,YNR075W,1,5.1434927,0.7720929980278015,0.16500994563102722,0.004902941640466452
YLR371W,YFL039C,1,5.1389027,0.7731481194496155,0.1660039722919464,0.004902941640466452
YNR035C,YGR198W,1,5.1383433,0.774193525314331,0.1669980138540268,0.004902941640466452
YML085C,YLR109W,0,5.1107635,0.7706422209739685,0.1669980138540268,0.005003002006560564
YPR171W,YLR337C,1,5.1085567,0.7716894745826721,0.16799204051494598,0.005003002006560564
YDL161W,YNL297C,1,5.107794,0.7727272510528564,0.16898608207702637,0.005003002006560564
YOR109W,YDR129C,1,5.1053,0.773755669593811,0.16998012363910675,0.005003002006560564
YCR009C,YCR004C,0,5.089916,0.7702702879905701,0.16998012363910675,0.005103061906993389
YNL084C,YHR114W,1,5.0854526,0.7713004350662231,0.17097415030002594,0.005103061906993389
YBL047C,YNL032W,1,5.0847254,0.7723214030265808,0.17196819186210632,0.005103061906993389
YPL032C,YNL093W,1,5.0797353,0.7733333110809326,0.1729622334241867,0.005103061906993389
YHL019C,YDR313C,0,5.0789213,0.769911527633667,0.1729622334241867,0.005203121807426214
YPL032C,YLR056W,1,5.0760837,0.7709251046180725,0.1739562600851059,0.005203121807426214
YBL007C,YHR073W,1,5.060681,0.7719298005104065,0.17495030164718628,0.005203121807426214
YIL095W,YGL181W,1,5.059457,0.7729257345199585,0.17594432830810547,0.005203121807426214
YBL007C,YNL093W,1,5.058998,0.7739130258560181,0.17693836987018585,0.005203121807426214
YHR161C,YDR093W,1,5.058049,0.7748917937278748,0.17793241143226624,0.005203121807426214
YKR003W,YDR129C,1,5.0577602,0.7758620977401733,0.17892643809318542,0.005203121807426214
YGR086C,YAL026C,1,5.0440063,0.7768240571022034,0.1799204796552658,0.005203121807426214
YBL007C,YPR171W,1,5.0272098,0.7777777910232544,0.180914506316185,0.005203121807426214
YNL084C,YPL032C,1,5.0269704,0.778723418712616,0.18190854787826538,0.005203121807426214
YDL161W,YGR167W,1,5.015851,0.7796609997749329,0.18290258944034576,0.005203121807426214
YBR092C,YPR108W,0,5.0139256,0.7763713002204895,0.18290258944034576,0.005303181707859039
YDR251W,YMR311C,0,4.999502,0.7731092572212219,0.18290258944034576,0.005403242073953152
YCR009C,YNR075W,1,4.995943,0.7740585803985596,0.18389661610126495,0.005403242073953152
YMR109W,YML009C,0,4.9895067,0.7708333134651184,0.18389661610126495,0.005503301974385977
YOR181W,YIL048W,1,4.9891872,0.771784245967865,0.18489065766334534,0.005503301974385977
YDL137W,YML015C,0,4.9853783,0.7685950398445129,0.18489065766334534,0.005603361874818802
YGL181W,YIL048W,1,4.981038,0.7695473432540894,0.18588469922542572,0.005603361874818802
YKL126W,YNL093W,1,4.97873,0.7704917788505554,0.1868787258863449,0.005603361874818802
YMR045C,YML087C,0,4.975033,0.7673469185829163,0.1868787258863449,0.005703422240912914
YHR161C,YML001W,1,4.963267,0.7682926654815674,0.1878727674484253,0.005703422240912914
YCL034W,YKL126W,1,4.962935,0.7692307829856873,0.18886679410934448,0.005703422240912914
YOR181W,YOR116C,0,4.95691,0.7661290168762207,0.18886679410934448,0.005803482141345739
YAR042W,YOR329C,1,4.9383307,0.7670682668685913,0.18986083567142487,0.005803482141345739
YPL032C,YEL027W,1,4.91823,0.7680000066757202,0.19085487723350525,0.005803482141345739
YPR171W,YLR056W,1,4.9080715,0.7689242959022522,0.19184890389442444,0.005803482141345739
YDR479C,YAL044C,0,4.9030004,0.7658730149269104,0.19184890389442444,0.0059035420417785645
YDR388W,YHR073W,1,4.902772,0.7667984366416931,0.19284294545650482,0.0059035420417785645
YLR370C,YOR217W,0,4.9006453,0.7637795209884644,0.19284294545650482,0.0060036019422113895
YBR214W,YKL129C,1,4.8778863,0.7647058963775635,0.193836972117424,0.0060036019422113895
YEL064C,YBR012W-A,0,4.866395,0.76171875,0.193836972117424,0.006103662308305502
YHR161C,YLR176C,0,4.865275,0.7587548494338989,0.193836972117424,0.006203722208738327
YIL034C,YKL183W,0,4.8629847,0.7558139562606812,0.193836972117424,0.006303782109171152
YNR035C,YKL126W,1,4.8502083,0.7567567825317383,0.1948310136795044,0.006303782109171152
YMR163C,YOR332W,0,4.8463287,0.7538461685180664,0.1948310136795044,0.0064038424752652645
YIL111W,YAR010C,0,4.8457355,0.7509578466415405,0.1948310136795044,0.00650390237569809
YIR006C,YGL059W,0,4.836953,0.7480915784835815,0.1948310136795044,0.006603962276130915
YIR002C,YAR010C,0,4.824478,0.7452471256256104,0.1948310136795044,0.006704022642225027
YHR161C,YNL297C,1,4.817761,0.7462121248245239,0.19582505524158478,0.006704022642225027
YKL126W,YPL145C,1,4.8167763,0.7471697926521301,0.19681908190250397,0.006704022642225027
YOR008C,YPL032C,1,4.811738,0.7481203079223633,0.19781312346458435,0.006704022642225027
YHR016C,YJR125C,1,4.8114033,0.7490636706352234,0.19880715012550354,0.006704022642225027
YGR076C,YBR012W-B,0,4.8047657,0.746268630027771,0.19880715012550354,0.006804082542657852
YCR009C,YFR008W,0,4.8040247,0.74349445104599,0.19880715012550354,0.006904142443090677
YCR009C,YOR329C,1,4.7992992,0.7444444298744202,0.19980119168758392,0.006904142443090677
YOR181W,YBR059C,1,4.7984567,0.7453874349594116,0.2007952332496643,0.006904142443090677
YLR206W,YHR135C,1,4.7816744,0.7463235259056091,0.2017892599105835,0.006904142443090677
YIL095W,YBR109C,1,4.7781553,0.7472527623176575,0.20278330147266388,0.006904142443090677
YDR270W,YCL050C,0,4.776298,0.7445255517959595,0.20278330147266388,0.007004202343523502
YOR008C,YCR009C,1,4.770912,0.7454545497894287,0.20377734303474426,0.007004202343523502
YDR388W,YCR053W,1,4.767646,0.7463768124580383,0.20477136969566345,0.007004202343523502
YPL032C,YPR165W,1,4.7451963,0.7472923994064331,0.20576541125774384,0.007004202343523502
YDL161W,YNR075W,1,4.7403746,0.7482014298439026,0.20675943791866302,0.007004202343523502
YCR009C,YKL135C,0,4.7370586,0.7455196976661682,0.20675943791866302,0.007104262709617615
YLR370C,YMR071C,0,4.72941,0.7428571581840515,0.20675943791866302,0.00720432261005044
YDR059C,YNR035C,1,4.7285643,0.7437722682952881,0.2077534794807434,0.00720432261005044
YBL017C,YBR207W,0,4.723734,0.741134762763977,0.2077534794807434,0.007304382510483265
YDR479C,YGR223C,0,4.7167435,0.7385159134864807,0.2077534794807434,0.007404442876577377
YFL047W,YOR092W,0,4.7026033,0.73591548204422,0.2077534794807434,0.007504502777010202
YOR008C,YDR388W,1,4.7017484,0.7368420958518982,0.2087475210428238,0.007504502777010202
YIL095W,YDR129C,1,4.6996117,0.7377622127532959,0.20974154770374298,0.007504502777010202
YOR109W,YEL027W,1,4.6934643,0.7386759519577026,0.21073558926582336,0.007504502777010202
YNR035C,YIL041W,1,4.6909347,0.7395833134651184,0.21172961592674255,0.007504502777010202
YGR167W,YDR388W,1,4.6908555,0.7404844164848328,0.21272365748882294,0.007504502777010202
YNR035C,YAL030W,1,4.682764,0.7413793206214905,0.21371769905090332,0.007504502777010202
YHR161C,YPL032C,1,4.68065,0.7422680258750916,0.2147117257118225,0.007504502777010202
YDL146W,YEL002C,0,4.6743956,0.7397260069847107,0.2147117257118225,0.0076045626774430275
YIL048W,YHR135C,1,4.671386,0.7406143546104431,0.2157057672739029,0.0076045626774430275
YDL161W,YFL039C,1,4.668394,0.7414966225624084,0.21669979393482208,0.0076045626774430275
YIR006C,YHR001W,1,4.668053,0.7423728704452515,0.21769383549690247,0.0076045626774430275
YBR059C,YKL129C,1,4.667577,0.7432432174682617,0.21868787705898285,0.0076045626774430275
YEL016C,YDR342C,0,4.667495,0.7407407164573669,0.21868787705898285,0.007704622577875853
YCR009C,YDR264C,1,4.6413765,0.7416107654571533,0.21968190371990204,0.007704622577875853
YDR032C,YPR073C,0,4.6370792,0.739130437374115,0.21968190371990204,0.007804682943969965
YDL146W,YPR054W,0,4.6096087,0.7366666793823242,0.21968190371990204,0.00790474284440279
YMR297W,YDR478W,0,4.6084332,0.7342192530632019,0.21968190371990204,0.008004803210496902
YGR241C,YJL190C,0,4.6079645,0.7317880988121033,0.21968190371990204,0.00810486264526844
YLR371W,YHR001W,1,4.5998898,0.7326732873916626,0.22067594528198242,0.00810486264526844
YKL126W,YDR490C,1,4.598932,0.7335526347160339,0.2216699868440628,0.00810486264526844
YER133W,YDL144C,0,4.5925436,0.7311475276947021,0.2216699868440628,0.008204923011362553
YIL095W,YPL145C,1,4.5898647,0.7320261597633362,0.222664013504982,0.008204923011362553
YGR167W,YBR059C,1,4.5895634,0.732899010181427,0.22365805506706238,0.008204923011362553
YBR048W,YBR035C,0,4.58056,0.7305194735527039,0.22365805506706238,0.008304983377456665
YOR143C,YIL111W,0,4.5800505,0.7281553149223328,0.22365805506706238,0.008405042812228203
YCR009C,YLR106C,0,4.578699,0.725806474685669,0.22365805506706238,0.008505103178322315
YLR371W,YHR135C,1,4.5768414,0.7266880869865417,0.22465208172798157,0.008505103178322315
YHR161C,YLR342W,1,4.5754585,0.7275640964508057,0.22564612329006195,0.008505103178322315
YPL004C,YNL227C,1,4.56842,0.7284345030784607,0.22664016485214233,0.008505103178322315
YGR167W,YBR214W,1,4.5623207,0.7292993664741516,0.22763419151306152,0.008505103178322315
YDR358W,YBL069W,0,4.5595555,0.7269841432571411,0.22763419151306152,0.008605163544416428
YLR337C,YDR093W,1,4.5573893,0.7278481125831604,0.2286282330751419,0.008605163544416428
YPL004C,YNL032W,1,4.539852,0.7287065982818604,0.2296222597360611,0.008605163544416428
YNL020C,YDL161W,1,4.5338182,0.7295597195625305,0.23061630129814148,0.008605163544416428
YMR109W,YIR006C,1,4.5333853,0.7304075360298157,0.23161034286022186,0.008605163544416428
YDR129C,YER166W,1,4.5310793,0.731249988079071,0.23260436952114105,0.008605163544416428
YBR109C,YGR086C,1,4.5212607,0.732087254524231,0.23359841108322144,0.008605163544416428
YGR241C,YML001W,1,4.519827,0.7329192757606506,0.23459245264530182,0.008605163544416428
YJR094W-A,YJR029W,0,4.51494,0.7306501269340515,0.23459245264530182,0.008705222979187965
YPL154C,YPR032W,0,4.5146422,0.7283950448036194,0.23459245264530182,0.008805283345282078
YPR098C,YGL157W,0,4.513278,0.7261538505554199,0.23459245264530182,0.008905342780053616
YHR161C,YGR062C,0,4.512368,0.7239263653755188,0.23459245264530182,0.009005403146147728
YGR088W,YBL069W,0,4.510169,0.7217125296592712,0.23459245264530182,0.00910546351224184
YER087C-A,YDL127W,0,4.5071483,0.7195122241973877,0.23459245264530182,0.009205522947013378
YDL192W,YDL130W-A,0,4.5040026,0.7173252105712891,0.23459245264530182,0.00930558331310749
YFL047W,YJR065C,0,4.50354,0.7151514887809753,0.23459245264530182,0.009405643679201603
YDR358W,YPL258C,0,4.5033426,0.712990939617157,0.23459245264530182,0.00950570311397314
YPR171W,YKR014C,1,4.5010066,0.7138554453849792,0.235586479306221,0.00950570311397314
YGR241C,YDR129C,1,4.4989862,0.7147147059440613,0.2365805208683014,0.00950570311397314
YDR069C,YKR014C,1,4.4981914,0.7155688405036926,0.23757454752922058,0.00950570311397314
YCR009C,YNL032W,1,4.496071,0.7164179086685181,0.23856858909130096,0.00950570311397314
YBR109C,YML052W,1,4.4941754,0.7172619104385376,0.23956263065338135,0.00950570311397314
YFR015C,YLR356W,0,4.4916058,0.715133547782898,0.23956263065338135,0.009605763480067253
YHR016C,YHR161C,1,4.485692,0.715976357460022,0.24055665731430054,0.009605763480067253
YJR065C,YDR003W,0,4.483367,0.7138643264770508,0.24055665731430054,0.009705823846161366
YPL004C,YML001W,1,4.4787483,0.7147058844566345,0.24155069887638092,0.009705823846161366
YDR388W,YMR012W,0,4.476596,0.7126099467277527,0.24155069887638092,0.009805883280932903
YDR388W,YDR069C,1,4.4733415,0.7134503126144409,0.2425447255373001,0.009805883280932903
YPL032C,YNL243W,1,4.4665194,0.7142857313156128,0.2435387670993805,0.009805883280932903
YNL020C,YOR329C,1,4.4662437,0.7151162624359131,0.24453280866146088,0.009805883280932903
YBR109C,YDR093W,1,4.4544353,0.7159420251846313,0.24552683532238007,0.009805883280932903
YGR026W,YOL065C,0,4.4517827,0.7138728499412537,0.24552683532238007,0.009905943647027016
YNL084C,YOR329C,1,4.451282,0.7146974205970764,0.24652087688446045,0.009905943647027016
YAL053W,YOR044W,0,4.4512024,0.7126436829566956,0.24652087688446045,0.010006004013121128
YLR371W,YNR075W,1,4.451089,0.7134670615196228,0.24751490354537964,0.010006004013121128
YJR029W,YOR242C,0,4.4476,0.7114285826683044,0.24751490354537964,0.010106063447892666
YKR003W,YBL101C,1,4.439126,0.7122507095336914,0.24850894510746002,0.010106063447892666
YIL095W,YDR093W,1,4.4194136,0.7130681872367859,0.2495029866695404,0.010106063447892666
YGR198W,YGL206C,1,4.418434,0.7138810157775879,0.2504970133304596,0.010106063447892666
YDR129C,YIR006C,1,4.417298,0.7146892547607422,0.2514910399913788,0.010106063447892666
YIL034C,YPL019C,0,4.406287,0.7126760482788086,0.2514910399913788,0.010206123813986778
YBR059C,YNR075W,1,4.400465,0.7134831547737122,0.25248509645462036,0.010206123813986778
YKL034W,YDR251W,0,4.399686,0.7114846110343933,0.25248509645462036,0.010306183248758316
YPL195W,YBL022C,0,4.3913383,0.7094972133636475,0.25248509645462036,0.010406243614852428
YBL101C,YLR342W,1,4.389064,0.7103064060211182,0.25347912311553955,0.010406243614852428
YGL095C,YPL092W,0,4.3791137,0.7083333134651184,0.25347912311553955,0.01050630398094654
YMR109W,YBL101C,1,4.369905,0.7091412544250488,0.25447314977645874,0.01050630398094654
YKL129C,YEL027W,1,4.3674936,0.7099447250366211,0.2554672062397003,0.01050630398094654
YGR241C,YDR177W,1,4.3636727,0.71074378490448,0.2564612329006195,0.01050630398094654
YJR110W,YGL161C,0,4.360841,0.708791196346283,0.2564612329006195,0.010606363415718079
YER114C,YPR178W,0,4.3569593,0.7068493366241455,0.2564612329006195,0.010706423781812191
YDR388W,YLR342W,1,4.3553343,0.7076502442359924,0.2574552595615387,0.010706423781812191
YGL137W,YGR262C,0,4.352804,0.7057220935821533,0.2574552595615387,0.010806484147906303
YKR003W,YOR329C,1,4.3403177,0.70652174949646,0.2584493160247803,0.010806484147906303
YOR109W,YIL048W,1,4.340047,0.707317054271698,0.25944334268569946,0.010806484147906303
YGR241C,YGL031C,0,4.3389974,0.7054054141044617,0.25944334268569946,0.010906543582677841
YOR181W,YKR003W,1,4.3367567,0.7061994671821594,0.26043736934661865,0.010906543582677841
YCR009C,YBR059C,1,4.335969,0.7069892287254333,0.26143142580986023,0.010906543582677841
YCR009C,YAR042W,1,4.3349314,0.707774817943573,0.2624254524707794,0.010906543582677841
YML054C,YMR045C,0,4.3341475,0.7058823704719543,0.2624254524707794,0.011006603948771954
YDR358W,YLR120C,0,4.3332205,0.7039999961853027,0.2624254524707794,0.011106664314866066
YCR009C,YKL129C,1,4.32301,0.7047872543334961,0.2634194791316986,0.011106664314866066
YGR086C,YPL145C,1,4.3228292,0.7055702805519104,0.2644135057926178,0.011106664314866066
YDL099W,YGL084C,0,4.3217325,0.7037037014961243,0.2644135057926178,0.011206723749637604
YHR161C,YKL129C,1,4.3185086,0.7044854760169983,0.2654075622558594,0.011206723749637604
YGR086C,YIL048W,1,4.3127556,0.7052631378173828,0.26640158891677856,0.011206723749637604
YDR264C,YNR075W,1,4.3082232,0.7060367465019226,0.26739561557769775,0.011206723749637604
YDL137W,YDL067C,0,4.301625,0.7041884660720825,0.26739561557769775,0.011306784115731716
YNL020C,YCR009C,1,4.2956724,0.704960823059082,0.26838967204093933,0.011306784115731716
YDR388W,YJR033C,0,4.2955084,0.703125,0.26838967204093933,0.011406844481825829
YML040W,YDR330W,0,4.287582,0.701298713684082,0.26838967204093933,0.011506903916597366
YMR139W,YDL075W,0,4.286279,0.6994818449020386,0.26838967204093933,0.011606964282691479
YFR015C,YDL108W,0,4.2852325,0.6976743936538696,0.26838967204093933,0.011707024648785591
YAL026C,YGL206C,1,4.276743,0.6984536051750183,0.2693836987018585,0.011707024648785591
YNR035C,YCR053W,1,4.273268,0.6992287635803223,0.2703777253627777,0.011707024648785591
YBR109C,YBL007C,1,4.271443,0.699999988079071,0.2713717818260193,0.011707024648785591
YDR388W,YLR221C,0,4.2658777,0.6982097029685974,0.2713717818260193,0.011807084083557129
YJR125C,YPL145C,1,4.2624726,0.6989796161651611,0.2723658084869385,0.011807084083557129
YGL181W,YIL041W,1,4.262343,0.6997455358505249,0.27335983514785767,0.011807084083557129
YHR016C,YKL126W,1,4.2593994,0.700507640838623,0.27435389161109924,0.011807084083557129
YHR116W,YAR010C,0,4.2581162,0.6987341642379761,0.27435389161109924,0.011907144449651241
YCL034W,YPR165W,1,4.252507,0.6994949579238892,0.27534791827201843,0.011907144449651241
YBL007C,YDR264C,1,4.248102,0.7002518773078918,0.2763419449329376,0.011907144449651241
YLR371W,YAR042W,1,4.2467756,0.7010050415992737,0.2773359715938568,0.011907144449651241
YPR166C,YOR270C,0,4.2443867,0.6992481350898743,0.2773359715938568,0.012007203884422779
YNL020C,YNL093W,1,4.2340193,0.699999988079071,0.2783300280570984,0.012007203884422779
YIL095W,YNL084C,1,4.2314663,0.7007481455802917,0.2793240547180176,0.012007203884422779
YNL243W,YAL026C,1,4.2272344,0.7014925479888916,0.28031808137893677,0.012007203884422779
YBL047C,YGR198W,1,4.2260456,0.7022332549095154,0.28131213784217834,0.012007203884422779
YDR388W,YNR045W,0,4.2225513,0.7004950642585754,0.28131213784217834,0.012107264250516891
YFL047W,YPL060W,0,4.217,0.6987654566764832,0.28131213784217834,0.012207324616611004
YDL019C,YOR329C,1,4.208,0.6995074152946472,0.28230616450309753,0.012207324616611004
YDR166C,YLR010C,0,4.204709,0.6977887153625488,0.28230616450309753,0.012307384051382542
YOR181W,YDL130W,0,4.199959,0.6960784196853638,0.28230616450309753,0.012407444417476654
YNR061C,YOL064C,0,4.1955605,0.694376528263092,0.28230616450309753,0.012507504783570766
YJR125C,YAR042W,1,4.191237,0.6951219439506531,0.2833001911640167,0.012507504783570766
YOR109W,YKL126W,1,4.1849174,0.6958637237548828,0.2842942476272583,0.012507504783570766
YIL095W,YIR006C,1,4.182889,0.696601927280426,0.2852882742881775,0.012507504783570766
YMR139W,YEL054C,0,4.180968,0.694915235042572,0.2852882742881775,0.012607564218342304
YCR009C,YGR295C,0,4.172094,0.6932367086410522,0.2852882742881775,0.012707624584436417
YKR003W,YPL004C,1,4.166941,0.6939759254455566,0.2862823009490967,0.012707624584436417
YGL191W,YPL160W,0,4.164997,0.692307710647583,0.2862823009490967,0.012807684950530529
YLR371W,YNL084C,1,4.1607714,0.6930455565452576,0.28727632761001587,0.012807684950530529
YJL164C,YPR178W,0,4.160701,0.6913875341415405,0.28727632761001587,0.012907744385302067
YKR090W,YDR069C,0,4.1532316,0.6897374987602234,0.28727632761001587,0.01300780475139618
YNL129W,YDR487C,0,4.153174,0.688095211982727,0.28727632761001587,0.013107865117490292
YBR286W,YKL143W,0,4.1521854,0.6864607930183411,0.28727632761001587,0.01320792455226183
YOR127W,YMR311C,0,4.1451535,0.6848341226577759,0.28727632761001587,0.013307984918355942
YGL206C,YEL027W,1,4.1435204,0.6855791807174683,0.28827038407325745,0.013307984918355942
YOR096W,YHR101C,0,4.137016,0.6839622855186462,0.28827038407325745,0.013408045284450054
YCR009C,YCR053W,1,4.1357994,0.6847058534622192,0.28926441073417664,0.013408045284450054
YCR009C,YBR198C,0,4.128455,0.6830986142158508,0.28926441073417664,0.013508104719221592
YDR264C,YKL129C,1,4.118149,0.6838407516479492,0.2902584373950958,0.013508104719221592
YDR270W,YJL102W,0,4.114776,0.6822429895401001,0.2902584373950958,0.013608165085315704
YBL047C,YGR241C,1,4.1140404,0.6829836964607239,0.2912524938583374,0.013608165085315704
YER161C,YAR010C,0,4.111853,0.6813953518867493,0.2912524938583374,0.013708224520087242
YPL195W,YBR273C,0,4.1089106,0.6798143982887268,0.2912524938583374,0.013808284886181355
YBL017C,YML012W,0,4.1068435,0.6782407164573669,0.2912524938583374,0.013908345252275467
YHR114W,YPL145C,1,4.101939,0.6789838075637817,0.2922465205192566,0.013908345252275467
YLR414C,YPL028W,0,4.0994964,0.6774193644523621,0.2922465205192566,0.014008404687047005
YML052W,YNL084C,1,4.08921,0.6781609058380127,0.2932405471801758,0.014008404687047005
YLL050C,YPR081C,0,4.080469,0.6766055226325989,0.2932405471801758,0.014108465053141117
YHR161C,YMR165C,0,4.0804605,0.6750572323799133,0.2932405471801758,0.01420852541923523
YOR109W,YIR006C,1,4.0752697,0.6757990717887878,0.29423460364341736,0.01420852541923523
YPL004C,YBR214W,1,4.0737777,0.6765375733375549,0.29522863030433655,0.01420852541923523
YGR167W,YIR006C,1,4.069141,0.6772727370262146,0.29622265696525574,0.01420852541923523
YIL048W,YIR006C,1,4.068321,0.6780045628547668,0.2972167134284973,0.01420852541923523
YFL047W,YDR347W,0,4.0627136,0.6764705777168274,0.2972167134284973,0.014308584854006767
YDR479C,YLR327C,0,4.0591764,0.6749435663223267,0.2972167134284973,0.01440864522010088
YMR071C,YKL024C,0,4.056644,0.6734234094619751,0.2972167134284973,0.014508705586194992
YOR181W,YNL084C,1,4.055708,0.6741573214530945,0.2982107400894165,0.014508705586194992
YOR288C,YPR005C,0,4.0534706,0.6726457476615906,0.2982107400894165,0.01460876502096653
YOR181W,YPR192W,0,4.0533013,0.6711409687995911,0.2982107400894165,0.014708825387060642
YCR094W,YDR093W,1,4.0485024,0.671875,0.2992047667503357,0.014708825387060642
YPL220W,YMR152W,0,4.043399,0.6703786253929138,0.2992047667503357,0.014808885753154755
YDR388W,YOR070C,0,4.0368934,0.6688888669013977,0.2992047667503357,0.014908945187926292
YBL007C,YDR093W,1,4.0323935,0.669623076915741,0.3001987934112549,0.014908945187926292
YBL007C,YNL227C,1,4.0299506,0.6703540086746216,0.30119284987449646,0.014908945187926292
YNL020C,YNL297C,1,4.0218973,0.6710816621780396,0.30218687653541565,0.014908945187926292
YLR337C,YAL030W,1,4.0208445,0.6718061566352844,0.30318090319633484,0.014908945187926292
YKR003W,YKL129C,1,4.016041,0.6725274920463562,0.3041749596595764,0.014908945187926292
YML052W,YGR198W,1,4.014369,0.6732456088066101,0.3051689863204956,0.014908945187926292
YDR069C,YJR125C,1,4.0133085,0.6739606261253357,0.3061630129814148,0.014908945187926292
YNL084C,YAR042W,1,4.0101013,0.6746724843978882,0.30715706944465637,0.014908945187926292
YOR181W,YLR342W,1,3.9958851,0.6753812432289124,0.30815109610557556,0.014908945187926292
YOR181W,YAR042W,1,3.9956985,0.676086962223053,0.30914512276649475,0.014908945187926292
YIL034C,YMR221C,0,3.9942858,0.6746203899383545,0.30914512276649475,0.015009005554020405
YBL047C,YAL026C,1,3.987218,0.6753246784210205,0.31013917922973633,0.015009005554020405
YOR373W,YJR029W,0,3.9836278,0.6738660931587219,0.31013917922973633,0.015109064988791943
YNL020C,YBR109C,1,3.9818516,0.6745689511299133,0.3111332058906555,0.015109064988791943
YDR056C,YNL091W,0,3.9817152,0.6731182932853699,0.3111332058906555,0.015209125354886055
YMR004W,YDR380W,0,3.9795394,0.6716738343238831,0.3111332058906555,0.015309185720980167
YPL004C,YJR125C,1,3.9760385,0.6723768711090088,0.3121272325515747,0.015309185720980167
YBL047C,YPL145C,1,3.9713209,0.6730769276618958,0.3131212592124939,0.015309185720980167
YBR109C,YIL048W,1,3.9704864,0.673774003982544,0.3141153156757355,0.015309185720980167
YGR241C,YAL044C,0,3.9690564,0.672340452671051,0.3141153156757355,0.015409245155751705
YCR009C,YDL019C,1,3.96762,0.6730360984802246,0.31510934233665466,0.015409245155751705
YLR370C,YGR154C,0,3.9672132,0.6716101765632629,0.31510934233665466,0.015509305521845818
YGL191W,YOR070C,0,3.9661636,0.6701902747154236,0.31510934233665466,0.01560936588793993
YGR241C,YDR400W,0,3.9644172,0.6687763929367065,0.31510934233665466,0.015709426254034042
YBL047C,YIL048W,1,3.9567964,0.6694737076759338,0.31610336899757385,0.015709426254034042
YDR479C,YPL206C,0,3.9557765,0.668067216873169,0.31610336899757385,0.01580948568880558
YBL101C,YBR214W,1,3.9538178,0.6687631011009216,0.31709742546081543,0.01580948568880558
YJR125C,YNR075W,1,3.9515193,0.6694560647010803,0.3180914521217346,0.01580948568880558
YBL101C,YNL093W,1,3.9509325,0.6701461672782898,0.3190854787826538,0.01580948568880558
YBR109C,YNL243W,1,3.9507647,0.6708333492279053,0.3200795352458954,0.01580948568880558
YCR009C,YCR047C,0,3.938948,0.6694386601448059,0.3200795352458954,0.015909545123577118
YGR086C,YML001W,1,3.9380698,0.6701244711875916,0.3210735619068146,0.015909545123577118
YJL204C,YCL034W,1,3.9366374,0.6708074808120728,0.32206758856773376,0.015909545123577118
YML040W,YJR121W,0,3.9328713,0.6694214940071106,0.32206758856773376,0.016009606420993805
YGR167W,YHR114W,1,3.932675,0.6701030731201172,0.32306164503097534,0.016009606420993805
YDR248C,YKL140W,0,3.930929,0.6687242984771729,0.32306164503097534,0.016109665855765343
YOR109W,YHR114W,1,3.9300814,0.6694045066833496,0.32405567169189453,0.016109665855765343
YDL138W,YER044C,0,3.9265156,0.6680327653884888,0.32405567169189453,0.01620972529053688
YHL019C,YKR058W,0,3.925394,0.6666666865348816,0.32405567169189453,0.016309786587953568
YOR327C,YLR342W,1,3.921845,0.6673469543457031,0.3250496983528137,0.016309786587953568
YPL206C,YPL220W,0,3.9189742,0.6659877896308899,0.3250496983528137,0.016409846022725105
YER114C,YAR018C,0,3.9176908,0.6646341681480408,0.3250496983528137,0.016509905457496643
YML052W,YML001W,1,3.9124494,0.6653143763542175,0.3260437250137329,0.016509905457496643
YLR371W,YLR056W,1,3.9113953,0.6659919023513794,0.3270377814769745,0.016509905457496643
YHR016C,YBL101C,1,3.9082007,0.6666666865348816,0.3280318081378937,0.016509905457496643
YGR086C,YNL032W,1,3.9081435,0.6673387289047241,0.32902583479881287,0.016509905457496643
YBL101C,YHR114W,1,3.905769,0.668008029460907,0.33001989126205444,0.016509905457496643
YHR016C,YNL032W,1,3.9043608,0.6686747074127197,0.33101391792297363,0.016509905457496643
YGR241C,YNR075W,1,3.8964572,0.6693387031555176,0.3320079445838928,0.016509905457496643
YAR010C,YNR047W,0,3.8940864,0.6679999828338623,0.3320079445838928,0.01660996675491333
YNL084C,YER166W,1,3.8917155,0.6686626672744751,0.3330020010471344,0.01660996675491333
YOR008C,YCR053W,1,3.887786,0.6693227291107178,0.3339960277080536,0.01660996675491333
YMR297W,YLR238W,0,3.8825872,0.6679920554161072,0.3339960277080536,0.016710026189684868
YHR116W,YNL136W,0,3.8814588,0.6666666865348816,0.3339960277080536,0.016810085624456406
YGR167W,YPR171W,1,3.8784213,0.6673267483711243,0.3349900543689728,0.016810085624456406
YNL032W,YAL030W,1,3.8780684,0.6679841876029968,0.33598408102989197,0.016810085624456406
YHR016C,YDL161W,1,3.8694522,0.668639063835144,0.33697813749313354,0.016810085624456406
YPR165W,YKR014C,1,3.8688755,0.6692913174629211,0.33797216415405273,0.016810085624456406
YOR181W,YOL157C,0,3.8645868,0.667976438999176,0.33797216415405273,0.016910146921873093
YBR059C,YER166W,1,3.860416,0.6686274409294128,0.3389661908149719,0.016910146921873093
YLR337C,YNL297C,1,3.849456,0.6692759394645691,0.3399602472782135,0.016910146921873093
YEL013W,YKL024C,0,3.847438,0.66796875,0.3399602472782135,0.01701020635664463
YJR058C,YJL101C,0,3.845813,0.6666666865348816,0.3399602472782135,0.017110265791416168
YHR135C,YML001W,1,3.8390348,0.6673151850700378,0.3409542739391327,0.017110265791416168
YGR241C,YDR093W,1,3.8295832,0.6679611802101135,0.3419483006000519,0.017110265791416168
YCR009C,YOL127W,0,3.8283768,0.6666666865348816,0.3419483006000519,0.017210327088832855
YHL019C,YOR069W,0,3.8172486,0.6653771996498108,0.3419483006000519,0.017310386523604393
YER125W,YGL181W,1,3.8128808,0.6660231947898865,0.34294235706329346,0.017310386523604393
YHR073W,YPL004C,1,3.811788,0.6666666865348816,0.34393638372421265,0.017310386523604393
YNL020C,YAR042W,1,3.8105903,0.6673076748847961,0.34493041038513184,0.017310386523604393
YPR171W,YIR006C,1,3.8104417,0.6679462790489197,0.3459244668483734,0.017310386523604393
YBL101C,YDR490C,1,3.8090544,0.6685823798179626,0.3469184935092926,0.017310386523604393
YBL047C,YGR086C,1,3.8074713,0.6692160367965698,0.3479125201702118,0.017310386523604393
YBR036C,YOR374W,0,3.803617,0.6679389476776123,0.3479125201702118,0.01741044595837593
YDL204W,YMR128W,0,3.8019073,0.6666666865348816,0.3479125201702118,0.01751050539314747
YIL095W,YOR043W,1,3.7952886,0.6673004031181335,0.348906546831131,0.01751050539314747
YMR056C,YER044C,0,3.793137,0.6660341620445251,0.348906546831131,0.017610566690564156
YHL019C,YPR108W,0,3.7848253,0.6647727489471436,0.348906546831131,0.017710626125335693
YBR286W,YPL074W,0,3.7790625,0.6635160446166992,0.348906546831131,0.01781068556010723
YMR109W,YIL048W,1,3.777337,0.6641509532928467,0.34990060329437256,0.01781068556010723
YPL214C,YER112W,0,3.7763066,0.6629002094268799,0.34990060329437256,0.017910746857523918
YKL100C,YBL039C,0,3.7735875,0.6616541147232056,0.34990060329437256,0.018010806292295456
YIL095W,YGR241C,1,3.7699513,0.6622889041900635,0.35089462995529175,0.018010806292295456
YJR125C,YAL030W,1,3.7680867,0.6629213690757751,0.35188865661621094,0.018010806292295456
YHR161C,YER007W,0,3.7533345,0.6616822481155396,0.35188865661621094,0.018110865727066994
YDL137W,YHR184W,0,3.7519813,0.6604477763175964,0.35188865661621094,0.01821092702448368
YCR009C,YJL048C,0,3.751301,0.659217894077301,0.35188865661621094,0.01831098645925522
YOR369C,YDR487C,0,3.7393825,0.6579925417900085,0.35188865661621094,0.018411045894026756
YLR237W,YDR342C,0,3.738391,0.6567717790603638,0.35188865661621094,0.018511107191443443
YNL206C,YOR347C,0,3.735121,0.6555555462837219,0.35188865661621094,0.01861116662621498
YER114C,YDR130C,0,3.732384,0.6543437838554382,0.35188865661621094,0.01871122606098652
YJR066W,YOR116C,0,3.7322354,0.6531365513801575,0.35188865661621094,0.018811287358403206
YOR109W,YDR069C,1,3.7286396,0.6537753343582153,0.3528827130794525,0.018811287358403206
YDR388W,YHL004W,0,3.724698,0.6525735259056091,0.3528827130794525,0.018911346793174744
YFR015C,YJL065C,0,3.7237377,0.6513761281967163,0.3528827130794525,0.01901140622794628
YMR139W,YER020W,0,3.7198138,0.6501831412315369,0.3528827130794525,0.01911146752536297
YDL099W,YAL012W,0,3.7168255,0.648994505405426,0.3528827130794525,0.019211526960134506
YGR241C,YOR034C,1,3.7125154,0.6496350169181824,0.3538767397403717,0.019211526960134506
YML085C,YOL064C,0,3.711825,0.6484517455101013,0.3538767397403717,0.019311586394906044
YOR356W,YHR172W,0,3.7100792,0.6472727060317993,0.3538767397403717,0.01941164769232273
YBR109C,YIL041W,1,3.7092552,0.647912859916687,0.3548707664012909,0.01941164769232273
YBR214W,YOR346W,0,3.7079718,0.64673912525177,0.3548707664012909,0.01951170712709427
YOR181W,YCL027W,0,3.7066164,0.6455696225166321,0.3548707664012909,0.019611766561865807
YOR237W,YNR035C,1,3.694178,0.6462093591690063,0.35586482286453247,0.019611766561865807
YPL017C,YAL044C,0,3.6932125,0.6450450420379639,0.35586482286453247,0.019711827859282494
YOR089C,YBR109C,1,3.691791,0.6456834673881531,0.35685884952545166,0.019711827859282494
YHR161C,YOR329C,1,3.6846905,0.646319568157196,0.35785287618637085,0.019711827859282494
YDR456W,YHR013C,0,3.6845403,0.6451612710952759,0.35785287618637085,0.01981188729405403
YPL195W,YJL080C,0,3.6841123,0.64400714635849,0.35785287618637085,0.01991194672882557
YHR114W,YLR342W,1,3.6798663,0.6446428298950195,0.3588469326496124,0.01991194672882557
YER114C,YMR071C,0,3.678225,0.6434937715530396,0.3588469326496124,0.020012008026242256
YPR171W,YIL048W,1,3.6753104,0.6441280841827393,0.3598409593105316,0.020012008026242256
YLR371W,YKL126W,1,3.6727839,0.6447601914405823,0.3608349859714508,0.020012008026242256
YGR198W,YLR056W,1,3.6724558,0.6453900933265686,0.36182901263237,0.020012008026242256
YFR015C,YHR099W,0,3.672316,0.6442477703094482,0.36182901263237,0.020112067461013794
YNR043W,YDR380W,0,3.670476,0.6431095600128174,0.36182901263237,0.02021212689578533
YBR109C,YDR264C,1,3.6675863,0.6437389850616455,0.3628230690956116,0.02021212689578533
YGR223C,YGR241C,0,3.6609077,0.6426056623458862,0.3628230690956116,0.02031218819320202
YBL101C,YNR035C,1,3.6600256,0.6432337164878845,0.36381709575653076,0.02031218819320202
YBR109C,YJL204C,1,3.6599917,0.6438596248626709,0.36481112241744995,0.02031218819320202
YDR388W,YOR269W,0,3.658392,0.6427320241928101,0.36481112241744995,0.020412247627973557
YPL177C,YAR010C,0,3.656766,0.6416084170341492,0.36481112241744995,0.020512307062745094
YBR286W,YML088W,0,3.6512594,0.6404886841773987,0.36481112241744995,0.020612366497516632
YKL129C,YGL206C,1,3.6495097,0.6411150097846985,0.36580517888069153,0.020612366497516632
YER087C-A,YGL227W,0,3.6446428,0.6399999856948853,0.36580517888069153,0.02071242779493332
YDL019C,YFL039C,1,3.6435127,0.640625,0.3667992055416107,0.02071242779493332
YLR371W,YER125W,1,3.6426365,0.6412478089332581,0.3677932322025299,0.02071242779493332
YAR042W,YFL039C,1,3.6259606,0.641868531703949,0.3687872886657715,0.02071242779493332
YMR163C,YKL164C,0,3.6221683,0.6407599449157715,0.3687872886657715,0.020812487229704857
YNL227C,YPR165W,1,3.6162922,0.6413792967796326,0.3697813153266907,0.020812487229704857
YPL206C,YDL080C,0,3.615399,0.6402753591537476,0.3697813153266907,0.020912546664476395
YBL047C,YDR093W,1,3.6148953,0.6408934593200684,0.37077534198760986,0.020912546664476395
YOR327C,YOR329C,1,3.6139245,0.6415094137191772,0.37176939845085144,0.020912546664476395
YPR171W,YDR093W,1,3.6124535,0.642123281955719,0.37276342511177063,0.020912546664476395
YMR109W,YHR114W,1,3.6109362,0.6427350640296936,0.3737574517726898,0.020912546664476395
YER125W,YAR042W,1,3.609401,0.6433447003364563,0.374751478433609,0.020912546664476395
YBR286W,YCR004C,0,3.6083465,0.6422487497329712,0.374751478433609,0.02101260796189308
YOR181W,YKL126W,1,3.6073422,0.6428571343421936,0.3757455348968506,0.02101260796189308
YLR371W,YDL019C,1,3.6038628,0.6434634923934937,0.3767395615577698,0.02101260796189308
YDR479C,YGR002C,0,3.6025233,0.6423729062080383,0.3767395615577698,0.02111266739666462
YPR171W,YNL227C,1,3.600679,0.6429780125617981,0.37773358821868896,0.02111266739666462
YLR371W,YGR198W,1,3.5982194,0.6435810923576355,0.37872764468193054,0.02111266739666462
YDR388W,YDR529C,0,3.585081,0.6424958109855652,0.37872764468193054,0.021212726831436157
YLR337C,YDR264C,1,3.5838656,0.6430976390838623,0.37972167134284973,0.021212726831436157
YHR025W,YLR048W,0,3.582159,0.6420168280601501,0.37972167134284973,0.021312788128852844
YDR388W,YLR126C,0,3.5816784,0.6409395933151245,0.37972167134284973,0.021412847563624382
YIL074C,YOR270C,0,3.5798402,0.6398659944534302,0.37972167134284973,0.02151290699839592
YPL195W,YLR448W,0,3.5790038,0.6387959718704224,0.37972167134284973,0.021612968295812607
YOR089C,YHR114W,1,3.57156,0.639398992061615,0.3807156980037689,0.021612968295812607
YLR370C,YMR314W,0,3.5714417,0.6383333206176758,0.3807156980037689,0.021713027730584145
YDR011W,YER131W,0,3.569299,0.6372712254524231,0.3807156980037689,0.021813087165355682
YDR038C,YPR166C,0,3.5658927,0.6362126469612122,0.3807156980037689,0.02191314846277237
YPR132W,YDR265W,0,3.56482,0.6351575255393982,0.3807156980037689,0.022013207897543907
YDR388W,YOR043W,1,3.5644484,0.6357616186141968,0.3817097544670105,0.022013207897543907
YML012W,YER161C,0,3.559554,0.6347107291221619,0.3817097544670105,0.022113267332315445
YGR088W,YEL017C-A,0,3.5550368,0.6336633563041687,0.3817097544670105,0.022213328629732132
YBR109C,YPL004C,1,3.5507169,0.6342669129371643,0.3827037811279297,0.022213328629732132
YOR109W,YNL093W,1,3.550679,0.6348684430122375,0.3836978077888489,0.022213328629732132
YJR029W,YDL146W,0,3.5488403,0.633825957775116,0.3836978077888489,0.02231338806450367
YGR167W,YCL034W,1,3.5463629,0.6344262361526489,0.38469183444976807,0.02231338806450367
YCR094W,YDR490C,1,3.546153,0.6350245475769043,0.38568589091300964,0.02231338806450367
YDR495C,YJR033C,0,3.541817,0.6339869499206543,0.38568589091300964,0.022413447499275208
YOR089C,YDR059C,1,3.5371466,0.6345840096473694,0.38667991757392883,0.022413447499275208
YPR171W,YAR042W,1,3.528037,0.6351791620254517,0.387673944234848,0.022413447499275208
YFL047W,YLR176C,0,3.5230846,0.6341463327407837,0.387673944234848,0.022513508796691895
YOR347C,YIL138C,0,3.5210266,0.6331169009208679,0.387673944234848,0.022613568231463432
YAL030W,YDR490C,1,3.5195346,0.6337115168571472,0.3886680006980896,0.022613568231463432
YOR109W,YBR059C,1,3.5189385,0.6343042254447937,0.3896620273590088,0.022613568231463432
YBL101C,YNL297C,1,3.5126762,0.6348949670791626,0.390656054019928,0.022613568231463432
YLR370C,YLR212C,0,3.511907,0.6338709592819214,0.390656054019928,0.02271362766623497
YMR109W,YKL126W,1,3.504943,0.6344605684280396,0.39165011048316956,0.02271362766623497
YPR156C,YDR342C,0,3.5012014,0.6334404945373535,0.39165011048316956,0.022813688963651657
YOR109W,YNL297C,1,3.4990547,0.6340289115905762,0.39264413714408875,0.022813688963651657
YHR016C,YNL297C,1,3.498669,0.6346153616905212,0.39363816380500793,0.022813688963651657
YDL161W,YMR109W,1,3.4966233,0.635200023651123,0.3946322202682495,0.022813688963651657
YPL004C,YDR069C,1,3.4908714,0.6357827186584473,0.3956262469291687,0.022813688963651657
YLR304C,YLR100W,0,3.4897633,0.6347687244415283,0.3956262469291687,0.022913748398423195
YCR009C,YDR129C,1,3.489256,0.6353503465652466,0.3966202735900879,0.022913748398423195
YNL291C,YOR374W,0,3.4848325,0.634340226650238,0.3966202735900879,0.023013807833194733
YDR129C,YLR337C,1,3.481078,0.6349206566810608,0.3976143002510071,0.023013807833194733
YBL101C,YOR329C,1,3.476231,0.6354991793632507,0.39860835671424866,0.023013807833194733
YNL159C,YPL085W,0,3.4712076,0.6344936490058899,0.39860835671424866,0.02311386913061142
YER044C,YNL289W,0,3.4647765,0.6334913372993469,0.39860835671424866,0.023213928565382957
YLR304C,YBL069W,0,3.4642663,0.6324921250343323,0.39860835671424866,0.023313988000154495
YNL166C,YNL268W,0,3.4633753,0.6314960718154907,0.39860835671424866,0.023414049297571182
YFL047W,YHR021C,0,3.4564996,0.6305031180381775,0.39860835671424866,0.02351410873234272
YOR109W,YIL041W,1,3.4527187,0.6310831904411316,0.39960238337516785,0.02351410873234272
YMR051C,YER007W,0,3.4454641,0.630094051361084,0.39960238337516785,0.023614168167114258
YJR059W,YER106W,0,3.4400985,0.6291079521179199,0.39960238337516785,0.023714229464530945
YGR088W,YOR374W,0,3.4385762,0.628125011920929,0.39960238337516785,0.023814288899302483
YDR032C,YDR483W,0,3.4381075,0.6271451115608215,0.39960238337516785,0.02391434833407402
YPL269W,YJL052W,0,3.4358647,0.6261682510375977,0.39960238337516785,0.024014407768845558
YOR034C,YNL084C,1,3.4332423,0.6267496347427368,0.40059641003608704,0.024014407768845558
YER087C-A,YNL162W,0,3.432519,0.6257764101028442,0.40059641003608704,0.024114469066262245
YNL166C,YDR003W,0,3.4301484,0.6248062252998352,0.40059641003608704,0.024214528501033783
YKR090W,YMR043W,0,3.4290195,0.6238390207290649,0.40059641003608704,0.02431458793580532
YGL106W,YNL115C,0,3.4281397,0.6228747963905334,0.40059641003608704,0.024414649233222008
YKR003W,YDR490C,1,3.4233983,0.6234567761421204,0.4015904664993286,0.024414649233222008
YMR109W,YCR009C,1,3.4182925,0.624036967754364,0.4025844931602478,0.024414649233222008
YCR009C,YOL002C,0,3.416945,0.6230769157409668,0.4025844931602478,0.024514708667993546
YJR058C,YMR045C,0,3.4119287,0.6221198439598083,0.4025844931602478,0.024614768102765083
YCR009C,YIL048W,1,3.4114227,0.6226993799209595,0.403578519821167,0.024614768102765083
YBL017C,YNL012W,0,3.4109192,0.621745765209198,0.403578519821167,0.02471482940018177
YKR094C,YGL229C,0,3.4087298,0.6207951307296753,0.403578519821167,0.024814888834953308
YDR093W,YNL244C,0,3.3999474,0.6198473572731018,0.403578519821167,0.024914948269724846
YJL204C,YGL181W,1,3.3995273,0.6204268336296082,0.40457257628440857,0.024914948269724846
YDR388W,YNL227C,1,3.394968,0.621004581451416,0.40556660294532776,0.024914948269724846
YHL019C,YDR297W,0,3.3920946,0.6200608015060425,0.40556660294532776,0.025015009567141533
YGR008C,YNL091W,0,3.3912063,0.6191198825836182,0.40556660294532776,0.02511506900191307
YML052W,YDR129C,1,3.3891165,0.6196969747543335,0.40656062960624695,0.02511506900191307
YGR241C,YHR073W,1,3.387847,0.6202723383903503,0.4075546860694885,0.02511506900191307
YNL166C,YOL120C,0,3.3869438,0.6193353533744812,0.4075546860694885,0.02521512843668461
YKR094C,YPL031C,0,3.3863034,0.6184012293815613,0.4075546860694885,0.025315189734101295
YNL243W,YBR214W,1,3.3851814,0.6189758777618408,0.4085487127304077,0.025315189734101295
YMR109W,YDL008W,0,3.384403,0.6180450916290283,0.4085487127304077,0.025415249168872833
YLR371W,YKR058W,0,3.380478,0.6171171069145203,0.4085487127304077,0.02551530860364437
YHR161C,YAL026C,1,3.3705633,0.617691159248352,0.4095427393913269,0.02551530860364437
YMR297W,YCR037C,0,3.3692107,0.6167664527893066,0.4095427393913269,0.025615369901061058
YGR008C,YJL156C,0,3.3680348,0.6158445477485657,0.4095427393913269,0.025715429335832596
YHR073W,YLR206W,1,3.3679538,0.6164178848266602,0.4105367660522461,0.025715429335832596
YJL148W,YOR374W,0,3.3655417,0.6154992580413818,0.4105367660522461,0.025815488770604134
YER114C,YPL111W,0,3.3638139,0.6145833134651184,0.4105367660522461,0.02591555006802082
YLR286C,YOR080W,0,3.3628192,0.6136701107025146,0.4105367660522461,0.02601560950279236
YOR181W,YCR053W,1,3.3594797,0.6142433285713196,0.41153082251548767,0.02601560950279236
YLR206W,YER166W,1,3.3587613,0.614814817905426,0.41252484917640686,0.02601560950279236
YDL192W,YGR006W,0,3.3511674,0.6139053106307983,0.41252484917640686,0.026115668937563896
YLR427W,YDR529C,0,3.3479571,0.6129985451698303,0.41252484917640686,0.026215730234980583
YDL099W,YHR064C,0,3.342697,0.6120944023132324,0.41252484917640686,0.02631578966975212
YOL031C,YBR024W,0,3.341854,0.6111929416656494,0.41252484917640686,0.02641584910452366
YML012W,YEL015W,0,3.339426,0.6102941036224365,0.41252484917640686,0.026515910401940346
YOR181W,YNL135C,0,3.3348446,0.6093979477882385,0.41252484917640686,0.026615969836711884
YDR012W,YMR139W,0,3.3345504,0.6085044145584106,0.41252484917640686,0.02671602927148342
YER147C,YMR051C,0,3.332604,0.6076134443283081,0.41252484917640686,0.02681609056890011
YMR100W,YGL253W,0,3.3289404,0.6067251563072205,0.41252484917640686,0.026916150003671646
YKR090W,YMR017W,0,3.3278131,0.6058394312858582,0.41252484917640686,0.027016209438443184
YLR098C,YBR012W-A,0,3.3219862,0.6049562692642212,0.41252484917640686,0.02711626887321472
YKR014C,YER020W,0,3.318595,0.6040756702423096,0.41252484917640686,0.02721633017063141
YLR371W,YPL032C,1,3.3110766,0.604651153087616,0.41351887583732605,0.02721633017063141
YIL095W,YLR371W,1,3.3068643,0.6052249670028687,0.4145129323005676,0.02721633017063141
YLR109W,YAR007C,0,3.3059926,0.604347825050354,0.4145129323005676,0.027316389605402946
YEL054C,YGL227W,0,3.3029747,0.6034732460975647,0.4145129323005676,0.027416449040174484
YJR058C,YPL154C,0,3.2986286,0.602601170539856,0.4145129323005676,0.02751651033759117
YDL019C,YDR228C,0,3.291458,0.6017315983772278,0.4145129323005676,0.02761656977236271
YKL135C,YPL090C,0,3.2906272,0.6008645296096802,0.4145129323005676,0.027716629207134247
YOR237W,YPL004C,1,3.2859993,0.6014388203620911,0.4155069589614868,0.027716629207134247
YDR046C,YMR256C,0,3.2817426,0.6005747318267822,0.4155069589614868,0.027816690504550934
YDR270W,YEL013W,0,3.2811682,0.5997130274772644,0.4155069589614868,0.02791674993932247
YOR257W,YBR166C,0,3.2796392,0.5988538861274719,0.4155069589614868,0.02801680937409401
YPR005C,YML091C,0,3.2788472,0.5979971289634705,0.4155069589614868,0.028116870671510696
YMR080C,YDL146W,0,3.2765586,0.5971428751945496,0.4155069589614868,0.028216930106282234
YIL041W,YPR165W,1,3.2753675,0.5977175235748291,0.416500985622406,0.028216930106282234
YIL048W,YDR264C,1,3.2649875,0.5982906222343445,0.4174950420856476,0.028216930106282234
YHR171W,YLR176C,0,3.2632601,0.5974395275115967,0.4174950420856476,0.028316989541053772
YPL220W,YOR131C,0,3.2613978,0.5965909361839294,0.4174950420856476,0.02841705083847046
YNL084C,YCR053W,1,3.260603,0.5971631407737732,0.4184890687465668,0.02841705083847046
YLR206W,YKL129C,1,3.2536407,0.597733736038208,0.41948309540748596,0.02841705083847046
YNL154C,YAL030W,1,3.2392874,0.5983026623725891,0.42047715187072754,0.02841705083847046
YPR049C,YDR342C,0,3.2360668,0.5974576473236084,0.42047715187072754,0.028517110273241997
YDL130W,YML042W,0,3.2282534,0.5966149568557739,0.42047715187072754,0.028617169708013535
YPL091W,YDR012W,0,3.22591,0.5957746505737305,0.42047715187072754,0.02871723100543022
YDR358W,YDL067C,0,3.2254472,0.594936728477478,0.42047715187072754,0.02881729044020176
YPL051W,YNR016C,0,3.2232127,0.5941011309623718,0.42047715187072754,0.028917349874973297
YML085C,YGR154C,0,3.2172637,0.5932678580284119,0.42047715187072754,0.029017411172389984
YBL007C,YCR094W,1,3.216332,0.593837559223175,0.42147117853164673,0.029017411172389984
YMR109W,YPL145C,1,3.2130504,0.5944055914878845,0.4224652051925659,0.029017411172389984
YBR048W,YMR022W,0,3.2104719,0.5935754179954529,0.4224652051925659,0.029117470607161522
YHR001W,YDR264C,1,3.2080088,0.5941422581672668,0.4234592318534851,0.029117470607161522
YER125W,YJR125C,1,3.20723,0.5947075486183167,0.4244532883167267,0.029117470607161522
YLR238W,YER044C,0,3.2053077,0.5938804149627686,0.4244532883167267,0.02921753004193306
YJR125C,YNL093W,1,3.2048354,0.5944444537162781,0.4254473149776459,0.02921753004193306
YKR090W,YJR094W-A,0,3.2034588,0.5936199426651001,0.4254473149776459,0.029317591339349747
YDL195W,YNL115C,0,3.1943548,0.5927977561950684,0.4254473149776459,0.029417650774121284
YPR171W,YOR322C,1,3.1902857,0.5933610200881958,0.42644134163856506,0.029417650774121284
YOR124C,YOL018C,0,3.1838248,0.5925414562225342,0.42644134163856506,0.029517710208892822
YHR021C,YLR396C,0,3.1764379,0.591724157333374,0.42644134163856506,0.02961777150630951
YPL154C,YGR014W,0,3.1670303,0.5909090638160706,0.42644134163856506,0.029717830941081047
YOR288C,YFL037W,0,3.163651,0.5900962948799133,0.42644134163856506,0.029817890375852585
YGR086C,YPL154C,0,3.1568322,0.5892857313156128,0.42644134163856506,0.029917951673269272
YJL165C,YJR066W,0,3.1535702,0.588477373123169,0.42644134163856506,0.03001801110804081
YJR076C,YPL028W,0,3.1480434,0.5876712203025818,0.42644134163856506,0.030118070542812347
YNL020C,YLR342W,1,3.1425478,0.5882353186607361,0.42743539810180664,0.030118070542812347
YIL095W,YGL206C,1,3.1399202,0.5887978076934814,0.42842942476272583,0.030118070542812347
YGR167W,YOR109W,1,3.1386173,0.5893588066101074,0.429423451423645,0.030118070542812347
YCR009C,YMR256C,0,3.1372566,0.5885558724403381,0.429423451423645,0.030218129977583885
YNL243W,YFL039C,1,3.1358237,0.5891156196594238,0.4304175078868866,0.030218129977583885
YOR089C,YGL181W,1,3.1348596,0.5896739363670349,0.4314115345478058,0.030218129977583885
YFL029C,YBR289W,0,3.1339705,0.5888738036155701,0.4314115345478058,0.030318191275000572
YLR286C,YPR073C,0,3.1326795,0.5880758762359619,0.4314115345478058,0.03041825070977211
YPR184W,YBR012W-B,0,3.1307793,0.5872800946235657,0.4314115345478058,0.030518310144543648
YIL160C,YBR012W-B,0,3.121819,0.5864864587783813,0.4314115345478058,0.030618371441960335
YDR270W,YOR228C,0,3.1194742,0.5856950283050537,0.4314115345478058,0.030718430876731873
YOR036W,YDL095W,0,3.1188943,0.5849056839942932,0.4314115345478058,0.03081849031150341
YDR388W,YBR097W,0,3.118544,0.5841184258460999,0.4314115345478058,0.030918551608920097
YDR379W,YDR510W,0,3.1167815,0.5833333134651184,0.4314115345478058,0.031018611043691635
YGL223C,YIL160C,0,3.1134758,0.5825503468513489,0.4314115345478058,0.031118670478463173
YNR050C,YGL040C,0,3.1098657,0.5817694664001465,0.4314115345478058,0.03121873177587986
YML129C,YKR014C,0,3.107449,0.5809906125068665,0.4314115345478058,0.0313187912106514
YBL017C,YOR080W,0,3.1072717,0.5802139043807983,0.4314115345478058,0.031418852508068085
YGR086C,YOR327C,1,3.1021824,0.5807743668556213,0.432405561208725,0.031418852508068085
YHL019C,YGL040C,0,3.102007,0.5799999833106995,0.432405561208725,0.03151891008019447
YIL048W,YGL206C,1,3.0966706,0.580559253692627,0.43339958786964417,0.03151891008019447
YDR022C,YPL226W,0,3.095127,0.5797872543334961,0.43339958786964417,0.03161897137761116
YOR034C,YNL093W,1,3.092359,0.5803452730178833,0.43439364433288574,0.03161897137761116
YER120W,YLL001W,0,3.0916314,0.5795755982398987,0.43439364433288574,0.03171903267502785
YOR181W,YHR001W,1,3.0890698,0.5801324248313904,0.43538767099380493,0.03171903267502785
YDL019C,YDR093W,1,3.08865,0.5806878209114075,0.4363816976547241,0.03171903267502785
YJL204C,YDR069C,1,3.0876772,0.5812417268753052,0.4373757541179657,0.03171903267502785
YBL017C,YKL024C,0,3.0849898,0.5804749131202698,0.4373757541179657,0.031819090247154236
YOR167C,YGL128C,0,3.08238,0.5797101259231567,0.4373757541179657,0.03191915154457092
YGR026W,YPR081C,0,3.074953,0.5789473652839661,0.4373757541179657,0.03201921284198761
YIL051C,YOL019W,0,3.074234,0.578186571598053,0.4373757541179657,0.032119270414114
YPR171W,YJL204C,1,3.073141,0.5787401795387268,0.4383697807788849,0.032119270414114
YMR109W,YGR241C,1,3.0721476,0.5792922377586365,0.4393638074398041,0.032119270414114
YGL181W,YOR327C,1,3.071631,0.5798429250717163,0.44035786390304565,0.032119270414114
YGL137W,YDR529C,0,3.071504,0.5790849924087524,0.44035786390304565,0.032219331711530685
YML052W,YLR342W,1,3.0684314,0.5796344876289368,0.44135189056396484,0.032219331711530685
YDR011W,YNL096C,0,3.062626,0.5788787603378296,0.44135189056396484,0.03231939300894737
YOR181W,YHR114W,1,3.0586157,0.5794270634651184,0.44234591722488403,0.03231939300894737
YDR490C,YLR342W,1,3.054657,0.5799739956855774,0.4433399736881256,0.03231939300894737
YJL158C,YPR122W,0,3.0545816,0.5792207717895508,0.4433399736881256,0.03241945058107376
YDL137W,YOL140W,0,3.0497615,0.5784695148468018,0.4433399736881256,0.03251951187849045
YCR004C,YMR311C,0,3.0493221,0.5777202248573303,0.4433399736881256,0.032619573175907135
YJR059W,YOR070C,0,3.0490322,0.5769728422164917,0.4433399736881256,0.032719630748033524
YGL253W,YGL251C,0,3.0469427,0.5762273669242859,0.4433399736881256,0.03281969204545021
YOR124C,YGL249W,0,3.0455775,0.5754838585853577,0.4433399736881256,0.0329197533428669
YMR298W,YLR079W,0,3.0439584,0.5747422575950623,0.4433399736881256,0.033019810914993286
YOR257W,YPR178W,0,3.0427537,0.5740025639533997,0.4433399736881256,0.03311987221240997
YCR009C,YLR266C,0,3.0414798,0.5732647776603699,0.4433399736881256,0.03321993350982666
YDR495C,YKL164C,0,3.04035,0.5725288987159729,0.4433399736881256,0.03331999108195305
YLR286C,YKR009C,0,3.0401075,0.571794867515564,0.4433399736881256,0.033420052379369736
YHR161C,YDR264C,1,3.0325634,0.5723431706428528,0.4443340003490448,0.033420052379369736
YJL048C,YDR169C,0,3.0305872,0.571611225605011,0.4443340003490448,0.03352011367678642
YGL181W,YOR322C,1,3.0293722,0.5721583366394043,0.445328027009964,0.03352011367678642
YLR237W,YNL135C,0,3.0273917,0.5714285969734192,0.445328027009964,0.03362017124891281
YLR206W,YNL243W,1,3.018573,0.571974515914917,0.4463220536708832,0.03362017124891281
YNR035C,YDR129C,1,3.018424,0.572519063949585,0.44731611013412476,0.03362017124891281
YDR050C,YLR265C,0,3.018113,0.5717915892601013,0.44731611013412476,0.0337202325463295
YDR012W,YLR304C,0,3.017286,0.5710659623146057,0.44731611013412476,0.033820293843746185
YML070W,YGL040C,0,3.0154796,0.5703421831130981,0.44731611013412476,0.033920351415872574
YPL206C,YPL194W,0,3.012104,0.5696202516555786,0.44731611013412476,0.03402041271328926
YGR086C,YCL050C,0,3.0108454,0.5689001083374023,0.44731611013412476,0.03412047401070595
YDR379W,YER061C,0,3.0102835,0.5681818127632141,0.44731611013412476,0.034220531582832336
YDL137W,YBL060W,0,3.0098088,0.5674653053283691,0.44731611013412476,0.03432059288024902
YOR181W,YJL204C,1,3.007926,0.5680100917816162,0.44831013679504395,0.03432059288024902
YOR369C,YDL180W,0,3.0007186,0.5672956109046936,0.44831013679504395,0.03442065417766571
YDR270W,YOL018C,0,2.9974716,0.5665829181671143,0.44831013679504395,0.0345207117497921
YER125W,YBR059C,1,2.9928308,0.5671267509460449,0.44930416345596313,0.0345207117497921
YNR016C,YHR044C,0,2.9909678,0.5664160251617432,0.44930416345596313,0.034620773047208786
YOR237W,YHR016C,1,2.989893,0.5669587254524231,0.4502982199192047,0.034620773047208786
YER114C,YOL156W,0,2.9897094,0.5662500262260437,0.4502982199192047,0.03472083434462547
YGR223C,YDR116C,0,2.9776645,0.5655430555343628,0.4502982199192047,0.03482089191675186
YCR009C,YJR033C,0,2.977284,0.5648379325866699,0.4502982199192047,0.03492095321416855
YIL034C,YMR314W,0,2.9769566,0.5641344785690308,0.4502982199192047,0.03502101078629494
YIR006C,YEL027W,1,2.9763296,0.5646766424179077,0.4512922465801239,0.03502101078629494
YPL004C,YCR053W,1,2.97539,0.5652173757553101,0.4522862732410431,0.03502101078629494
YER131W,YBL037W,0,2.9721062,0.5645161271095276,0.4522862732410431,0.035121072083711624
YFR008W,YJL062W,0,2.971161,0.5638166069984436,0.4522862732410431,0.03522113338112831
YJR125C,YOR327C,1,2.9661896,0.5643564462661743,0.45328032970428467,0.03522113338112831
YPL032C,YNR075W,1,2.9653976,0.5648949146270752,0.45427435636520386,0.03522113338112831
YNL243W,YOR329C,1,2.962669,0.565432071685791,0.45526838302612305,0.03522113338112831
YOR043W,YOR327C,1,2.960463,0.5659679174423218,0.4562624394893646,0.03522113338112831
YMR142C,YGL229C,0,2.9600484,0.5652709603309631,0.4562624394893646,0.0353211909532547
YOR089C,YCL034W,1,2.9598842,0.5658056735992432,0.4572564661502838,0.0353211909532547
YDR032C,YDR044W,0,2.9572856,0.5651105642318726,0.4572564661502838,0.03542125225067139
YHR016C,YOR109W,1,2.9553638,0.5656441450119019,0.458250492811203,0.03542125225067139
YBL101C,YDR069C,1,2.9553494,0.5661764740943909,0.4592445194721222,0.03542125225067139
YMR080C,YLR147C,0,2.954855,0.5654834508895874,0.4592445194721222,0.035521313548088074
YIR006C,YFL044C,0,2.9519205,0.5647921562194824,0.4592445194721222,0.03562137112021446
YPL145C,YOR329C,1,2.951826,0.5653235912322998,0.46023857593536377,0.03562137112021446
YGR159C,YOR347C,0,2.9431424,0.5646341443061829,0.46023857593536377,0.03572143241763115
YML077W,YOR120W,0,2.9429421,0.5639464259147644,0.46023857593536377,0.035821493715047836
YOR182C,YDR486C,0,2.938671,0.5632603168487549,0.46023857593536377,0.035921551287174225
YOR347C,YHR010W,0,2.9382477,0.5625759363174438,0.46023857593536377,0.03602161258459091
YBL017C,YER007W,0,2.9381382,0.5618932247161865,0.46023857593536377,0.0361216738820076
YDR503C,YKL056C,0,2.9366324,0.5612121224403381,0.46023857593536377,0.03622173145413399
YEL015W,YJL062W,0,2.9362507,0.5605326890945435,0.46023857593536377,0.036321792751550674
YFL036W,YHR017W,0,2.9347458,0.5598549246788025,0.46023857593536377,0.03642185404896736
YPL220W,YIL124W,0,2.9339356,0.5591787695884705,0.46023857593536377,0.03652191162109375
YPR184W,YGR135W,0,2.9321175,0.5585042238235474,0.46023857593536377,0.03662197291851044
YLR396C,YGL157W,0,2.9307022,0.557831346988678,0.46023857593536377,0.036722034215927124
YJR125C,YOR329C,1,2.9294157,0.5583634376525879,0.46123260259628296,0.036722034215927124
YOL064C,YOR092W,0,2.9122245,0.557692289352417,0.46123260259628296,0.03682209178805351
YNL077W,YKR050W,0,2.9117951,0.5570228099822998,0.46123260259628296,0.0369221530854702
YDL099W,YKL212W,0,2.9101303,0.5563549399375916,0.46123260259628296,0.03702221438288689
YDR387C,YEL061C,0,2.909897,0.5556886196136475,0.46123260259628296,0.037122271955013275
YPL032C,YIR006C,1,2.9028492,0.5562201142311096,0.46222662925720215,0.037122271955013275
YDR388W,YER166W,1,2.902813,0.5567502975463867,0.4632206857204437,0.037122271955013275
YHR073W,YHR001W,1,2.8993351,0.5572792291641235,0.4642147123813629,0.037122271955013275
YDL019C,YLR056W,1,2.8988378,0.5578069090843201,0.4652087390422821,0.037122271955013275
YJL048C,YKL212W,0,2.8974233,0.5571428537368774,0.4652087390422821,0.03722233325242996
YER125W,YPL004C,1,2.8968453,0.557669460773468,0.4662027955055237,0.03722233325242996
YDR479C,YJL065C,0,2.8934157,0.5570071339607239,0.4662027955055237,0.03732239454984665
YPR041W,YPL149W,0,2.8907332,0.5563463568687439,0.4662027955055237,0.03742245212197304
YDL137W,YER099C,0,2.8907068,0.5556871891021729,0.4662027955055237,0.037522513419389725
YDL180W,YLR176C,0,2.8887687,0.555029571056366,0.4662027955055237,0.03762257471680641
YMR297W,YJL158C,0,2.8886046,0.5543735027313232,0.4662027955055237,0.0377226322889328
YMR298W,YJR029W,0,2.885627,0.5537189841270447,0.4662027955055237,0.03782269358634949
YKL126W,YCR053W,1,2.8851066,0.5542452931404114,0.46719682216644287,0.03782269358634949
YDR251W,YBL020W,0,2.884917,0.5535924434661865,0.46719682216644287,0.037922754883766174
YIL138C,YGL084C,0,2.874049,0.5529412031173706,0.46719682216644287,0.03802281245589256
YDL019C,YNL207W,0,2.8709488,0.5522913932800293,0.46719682216644287,0.03812287375330925
YHL008C,YDR529C,0,2.8703341,0.5516431927680969,0.46719682216644287,0.03822293505072594
YHL019C,YNL306W,0,2.8695822,0.5509964823722839,0.46719682216644287,0.038322992622852325
YDR358W,YDR288W,0,2.8695302,0.5503512620925903,0.46719682216644287,0.03842305392026901
YML052W,YPL032C,1,2.8676286,0.5508772134780884,0.46819084882736206,0.03842305392026901
YPL101W,YDR032C,0,2.8663101,0.5502336621284485,0.46819084882736206,0.0385231152176857
YOR181W,YOR046C,0,2.8608947,0.549591600894928,0.46819084882736206,0.03862317278981209
YOR181W,YLR056W,1,2.8602028,0.5501165390014648,0.46918490529060364,0.03862317278981209
YPR171W,YAL026C,1,2.8586001,0.5506402850151062,0.4701789319515228,0.03862317278981209
YOL117W,YCL050C,0,2.8574867,0.550000011920929,0.4701789319515228,0.038723234087228775
YFR015C,YMR184W,0,2.8568132,0.5493612289428711,0.4701789319515228,0.03882329538464546
YBR286W,YDR265W,0,2.8567321,0.5487238764762878,0.4701789319515228,0.03892335295677185
YHL008C,YLR403W,0,2.8543472,0.5480880737304688,0.4701789319515228,0.03902341425418854
YMR247C,YKR058W,0,2.8513527,0.5474537014961243,0.4701789319515228,0.039123475551605225
YEL015W,YAL008W,0,2.8507636,0.5468208193778992,0.4701789319515228,0.03922353312373161
YOR181W,YER166W,1,2.850134,0.5473440885543823,0.471172958612442,0.03922353312373161
YAL030W,YLR342W,1,2.8478394,0.5478662252426147,0.4721669852733612,0.03922353312373161
YMR109W,YNL093W,1,2.8468032,0.5483871102333069,0.4731610417366028,0.03922353312373161
YDL137W,YOL003C,0,2.8449905,0.547756016254425,0.4731610417366028,0.0393235944211483
YOR181W,YGL181W,1,2.8425727,0.548275887966156,0.474155068397522,0.0393235944211483
YDR251W,YPL085W,0,2.8423176,0.5476464033126831,0.474155068397522,0.03942365571856499
YMR139W,YFL037W,0,2.8419538,0.5470183491706848,0.474155068397522,0.039523713290691376
YML052W,YHR161C,1,2.8417168,0.5475372076034546,0.47514909505844116,0.039523713290691376
YOR181W,YMR071C,0,2.8415482,0.5469107627868652,0.47514909505844116,0.03962377458810806
YMR139W,YDL180W,0,2.833489,0.5462856888771057,0.47514909505844116,0.03972383588552475
YGL206C,YOL064C,0,2.8300645,0.5456621050834656,0.47514909505844116,0.03982389345765114
YOR109W,YDR264C,1,2.8298666,0.5461801886558533,0.47614315152168274,0.03982389345765114
YEL017C-A,YJR065C,0,2.8286521,0.5455580949783325,0.47614315152168274,0.039923954755067825
YFR015C,YJR075W,0,2.827123,0.5449374318122864,0.47614315152168274,0.04002401605248451
YHR136C,YDL112W,0,2.8260732,0.5443181991577148,0.47614315152168274,0.0401240736246109
YLR206W,YIR006C,1,2.825852,0.5448353886604309,0.47713717818260193,0.0401240736246109
YDR033W,YOL133W,0,2.825796,0.5442177057266235,0.47713717818260193,0.04022413492202759
YPL159C,YER044C,0,2.8248885,0.5436013340950012,0.47713717818260193,0.040324196219444275
YLR448W,YGR194C,0,2.8195925,0.5429864525794983,0.47713717818260193,0.04042425379157066
YCR094W,YOR043W,1,2.8167782,0.5435028076171875,0.4781312048435211,0.04042425379157066
YOR327C,YPR165W,1,2.8126364,0.544018030166626,0.4791252613067627,0.04042425379157066
YBR109C,YGR167W,1,2.8120599,0.5445321202278137,0.4801192879676819,0.04042425379157066
YPR171W,YPL032C,1,2.8098826,0.545045018196106,0.4811133146286011,0.04042425379157066
YJL204C,YKR014C,1,2.8026476,0.5455567836761475,0.48210734128952026,0.04042425379157066
YNL154C,YKL126W,1,2.7992115,0.5460674166679382,0.48310139775276184,0.04042425379157066
YOR109W,YFL039C,1,2.7990046,0.5465768575668335,0.48409542441368103,0.04042425379157066
YCR009C,YKL198C,0,2.7974105,0.5459641218185425,0.48409542441368103,0.04052431508898735
YHR028C,YCR004C,0,2.7966542,0.5453527569770813,0.48409542441368103,0.04062437638640404
YMR109W,YGR086C,1,2.795529,0.5458613038063049,0.4850894510746002,0.04062437638640404
YBR036C,YGL185C,0,2.7910323,0.5452513694763184,0.4850894510746002,0.040724433958530426
YMR109W,YPR171W,1,2.7907112,0.5457589030265808,0.4860835075378418,0.040724433958530426
YOR089C,YBL101C,1,2.7904935,0.5462653040885925,0.487077534198761,0.040724433958530426
YBL047C,YPR171W,1,2.7896657,0.5467705726623535,0.4880715608596802,0.040724433958530426
YDR022C,YLR099C,0,2.7892234,0.5461624264717102,0.4880715608596802,0.04082449525594711
YKL135C,YAL034W-A,0,2.7891147,0.5455555319786072,0.4880715608596802,0.0409245565533638
YMR109W,YHR135C,1,2.7875469,0.5460599064826965,0.48906561732292175,0.0409245565533638
YKL140W,YGR234W,0,2.787467,0.5454545617103577,0.48906561732292175,0.04102461412549019
YLR371W,YPR171W,1,2.7852368,0.5459579229354858,0.49005964398384094,0.04102461412549019
YFL029C,YOR151C,0,2.783495,0.5453540086746216,0.49005964398384094,0.041124675422906876
YIL124W,YMR165C,0,2.7819633,0.5447514057159424,0.49005964398384094,0.041224732995033264
YNL325C,YAL062W,0,2.781024,0.5441501140594482,0.49005964398384094,0.04132479429244995
YMR037C,YFR007W,0,2.7806296,0.5435501933097839,0.49005964398384094,0.04142485558986664
YDR046C,YLR192C,0,2.780171,0.5429515242576599,0.49005964398384094,0.04152491316199303
YGR154C,YAL003W,0,2.7799897,0.5423542261123657,0.49005964398384094,0.041624974459409714
YML052W,YPL145C,1,2.7795045,0.5428571701049805,0.49105367064476013,0.041624974459409714
YGL039W,YLR246W,0,2.7794983,0.5422612428665161,0.49105367064476013,0.0417250357568264
YLR342W,YER166W,1,2.7770035,0.5427631735801697,0.4920477271080017,0.0417250357568264
YOR124C,YGR086C,0,2.770319,0.5421686768531799,0.4920477271080017,0.04182509332895279
YPR032W,YOL109W,0,2.7702188,0.5415754914283752,0.4920477271080017,0.041925154626369476
YDR313C,YDR483W,0,2.7669754,0.5409836173057556,0.4920477271080017,0.04202521592378616
YCR009C,YDR031W,0,2.7635875,0.5403929948806763,0.4920477271080017,0.04212527349591255
YIL095W,YJL204C,1,2.7569828,0.5408942103385925,0.4930417537689209,0.04212527349591255
YOR181W,YLL038C,1,2.7553835,0.5413943529129028,0.4940357804298401,0.04212527349591255
YBL047C,YLL038C,1,2.7547793,0.5418933629989624,0.4950298070907593,0.04212527349591255
YML104C,YLR120C,0,2.7529454,0.541304349899292,0.4950298070907593,0.04222533479332924
YHL019C,YOL103W,0,2.7492867,0.5407165884971619,0.4950298070907593,0.042325396090745926
YLR371W,YIL048W,1,2.746802,0.5412147641181946,0.49602386355400085,0.042325396090745926
YLR371W,YJL204C,1,2.7465365,0.5417118072509766,0.49701789021492004,0.042325396090745926
YIL145C,YIL039W,0,2.746369,0.5411255359649658,0.49701789021492004,0.042425453662872314
YDR059C,YKR003W,1,2.74579,0.5416216254234314,0.49801191687583923,0.042425453662872314
YIL041W,YLR342W,1,2.745627,0.542116641998291,0.4990059733390808,0.042425453662872314
YJR098C,YLR176C,0,2.7441275,0.5415318012237549,0.4990059733390808,0.042525514960289
YDR059C,YEL027W,1,2.744081,0.5420258641242981,0.5,0.042525514960289
YDL137W,YDR299W,0,2.743236,0.5414423942565918,0.5,0.04262557625770569
YOR181W,YDL109C,0,2.7431962,0.5408602356910706,0.5,0.04272563382983208
YOR181W,YNL227C,1,2.7405796,0.5413534045219421,0.5009940266609192,0.04272563382983208
YOR167C,YOR221C,0,2.7402558,0.540772557258606,0.5009940266609192,0.042825695127248764
YBL022C,YMR311C,0,2.7394145,0.5401929020881653,0.5009940266609192,0.04292575642466545
YOR066W,YPR028W,0,2.7388968,0.5396145582199097,0.5009940266609192,0.04302581399679184
YLR370C,YOR151C,0,2.736884,0.5390374064445496,0.5009940266609192,0.04312587529420853
YJR121W,YBR012W-A,0,2.7368171,0.5384615659713745,0.5009940266609192,0.043225936591625214
YHR161C,YER184C,0,2.7307901,0.5378868579864502,0.5009940266609192,0.0433259941637516
YOR034C,YDR059C,1,2.7292223,0.5383795499801636,0.5019880533218384,0.0433259941637516
YGL161C,YHR171W,0,2.7262044,0.5378061532974243,0.5019880533218384,0.04342605546116829
YNL301C,YJL102W,0,2.7259133,0.5372340679168701,0.5019880533218384,0.043526116758584976
YDL229W,YLL050C,0,2.723092,0.5366631150245667,0.5019880533218384,0.043626174330711365
YMR235C,YBR082C,0,2.7225368,0.5360934138298035,0.5019880533218384,0.04372623562812805
YPL095C,YOR270C,0,2.7175598,0.5355249047279358,0.5019880533218384,0.04382629692554474
YDR388W,YBR289W,0,2.7175312,0.5349576473236084,0.5019880533218384,0.04392635449767113
YGL137W,YCR075C,0,2.7158303,0.5343915224075317,0.5019880533218384,0.044026415795087814
YJR001W,YFR007W,0,2.7147293,0.5338266491889954,0.5019880533218384,0.0441264770925045
YDR238C,YCR037C,0,2.713571,0.5332629084587097,0.5019880533218384,0.04422653466463089
YCR094W,YDL019C,1,2.7118382,0.5337553024291992,0.5029820799827576,0.04422653466463089
YER114C,YBR040W,0,2.7111833,0.5331928133964539,0.5029820799827576,0.04432659596204758
YGL120C,YER070W,0,2.7104115,0.5326315760612488,0.5029820799827576,0.044426657259464264
YHR143W,YDR139C,0,2.70856,0.5320715308189392,0.5029820799827576,0.04452671483159065
YHR013C,YMR152W,0,2.707761,0.5315126180648804,0.5029820799827576,0.04462677612900734
YFL047W,YML104C,0,2.7063794,0.530954897403717,0.5029820799827576,0.044726837426424026
YJL165C,YDR533C,0,2.7049174,0.5303983092308044,0.5029820799827576,0.044826894998550415
YGR191W,YER089C,0,2.7048502,0.5298429131507874,0.5029820799827576,0.0449269562959671
YLR371W,YER166W,1,2.7009792,0.5303347110748291,0.5039761662483215,0.0449269562959671
YLR040C,YAL044C,0,2.7005634,0.5297805666923523,0.5039761662483215,0.04502701759338379
YNL084C,YGL206C,1,2.6987705,0.5302714109420776,0.5049701929092407,0.04502701759338379
YHR101C,YDR456W,0,2.6986575,0.5297184586524963,0.5049701929092407,0.04512707516551018
YPL154C,YPR081C,0,2.6941023,0.5291666388511658,0.5049701929092407,0.045227136462926865
YGR086C,YKL164C,0,2.6929622,0.5286160111427307,0.5049701929092407,0.04532719776034355
YFL002W-A,YAL043C,0,2.6921422,0.5280665159225464,0.5049701929092407,0.04542725533246994
YKL140W,YLR450W,0,2.688817,0.5275181531906128,0.5049701929092407,0.04552731662988663
YDR481C,YNL096C,0,2.6874628,0.5269709825515747,0.5049701929092407,0.045627377927303314
YGR241C,YMR023C,0,2.6874366,0.5264248847961426,0.5049701929092407,0.0457274354994297
YOR181W,YJR143C,0,2.68611,0.5258799195289612,0.5049701929092407,0.04582749679684639
YOR089C,YNR035C,1,2.6859756,0.5263702273368835,0.5059642195701599,0.04582749679684639
YPL206C,YOR067C,0,2.685817,0.5258264541625977,0.5059642195701599,0.04592755809426308
YHL047C,YNR001C,0,2.6820955,0.5252838134765625,0.5059642195701599,0.046027615666389465
YGL003C,YPR021C,0,2.678661,0.5247422456741333,0.5059642195701599,0.04612767696380615
YMR051C,YNL091W,0,2.6780658,0.5242018699645996,0.5059642195701599,0.04622773826122284
YJR001W,YDR047W,0,2.6780543,0.5236625671386719,0.5059642195701599,0.04632779583334923
YLR206W,YGL206C,1,2.6762297,0.5241521000862122,0.5069582462310791,0.04632779583334923
YNL020C,YGR198W,1,2.6710076,0.524640679359436,0.5079522728919983,0.04632779583334923
YLR238W,YDR456W,0,2.670687,0.5241025686264038,0.5079522728919983,0.046427857130765915
YML012W,YPR081C,0,2.6697788,0.5235655903816223,0.5079522728919983,0.0465279184281826
YPR063C,YPL172C,0,2.6680715,0.5230296850204468,0.5079522728919983,0.04662797600030899
YDL130W,YEL065W,0,2.6668916,0.522494912147522,0.5079522728919983,0.04672803729772568
YOR034C,YBR059C,1,2.6666844,0.522982656955719,0.5089462995529175,0.04672803729772568
YDR495C,YGL009C,0,2.666407,0.5224489569664001,0.5089462995529175,0.046828098595142365
YIR036C,YOR080W,0,2.6663451,0.521916389465332,0.5089462995529175,0.04692815616726875
YJR125C,YIR006C,1,2.6655064,0.5224032402038574,0.5099403858184814,0.04692815616726875
YGR026W,YPR184W,0,2.664248,0.52187180519104,0.5099403858184814,0.04702821746468544
YDL085W,YLR048W,0,2.6626353,0.5213414430618286,0.5099403858184814,0.04712827876210213
YGL173C,YDR003W,0,2.6596885,0.5208121538162231,0.5099403858184814,0.047228336334228516
YDR069C,YDR264C,1,2.6528711,0.5212981700897217,0.5109344124794006,0.047228336334228516
YIR006C,YML070W,0,2.6513145,0.5207700133323669,0.5109344124794006,0.0473283976316452
YBR264C,YBR048W,0,2.648758,0.5202429294586182,0.5109344124794006,0.04742845892906189
YGR241C,YOR181W,1,2.6475558,0.5207279920578003,0.5119284391403198,0.04742845892906189
YPL206C,YPL159C,0,2.6464467,0.5202020406723022,0.5119284391403198,0.04752851650118828
YNL084C,YDL231C,1,2.646086,0.520686149597168,0.512922465801239,0.04752851650118828
YJR125C,YBR059C,1,2.6458538,0.5211693644523621,0.5139164924621582,0.04752851650118828
YOR181W,YLR371W,1,2.6445103,0.521651566028595,0.5149105191230774,0.04752851650118828
YBL047C,YCR009C,1,2.6405907,0.5221328139305115,0.5159045457839966,0.04752851650118828
YPR132W,YDR115W,0,2.6391854,0.5216080546379089,0.5159045457839966,0.047628577798604965
YJR094W-A,YMR152W,0,2.6391845,0.5210843086242676,0.5159045457839966,0.047728635370731354
YDR490C,YML001W,1,2.6389494,0.5215647220611572,0.5168986320495605,0.047728635370731354
YLR370C,YIL026C,0,2.6340432,0.5210421085357666,0.5168986320495605,0.04782869666814804
YDL065C,YAL003W,0,2.6338325,0.5205205082893372,0.5168986320495605,0.04792875796556473
YKL140W,YLR109W,0,2.632872,0.5199999809265137,0.5168986320495605,0.048028815537691116
YJL101C,YDR320C,0,2.6321535,0.5194805264472961,0.5168986320495605,0.0481288768351078
YDR486C,YOR270C,0,2.6311836,0.5189620852470398,0.5168986320495605,0.04822893813252449
YDR283C,YJL158C,0,2.630828,0.5184446573257446,0.5168986320495605,0.04832899570465088
YCL034W,YNL032W,1,2.6300492,0.5189242959022522,0.5178926587104797,0.04832899570465088
YDR270W,YOR270C,0,2.6291523,0.518407940864563,0.5178926587104797,0.048429057002067566
YML037C,YDR400W,0,2.6290774,0.5178926587104797,0.5178926587104797,0.04852911829948425
YPR165W,YDR093W,1,2.6287556,0.5183714032173157,0.5188866853713989,0.04852911829948425
YJR058C,YOR374W,0,2.6273308,0.5178571343421936,0.5188866853713989,0.04862917587161064
YFL036W,YCR081W,0,2.627264,0.5173438787460327,0.5188866853713989,0.04872923716902733
YHL044W,YER020W,0,2.6225777,0.5168316960334778,0.5188866853713989,0.048829298466444016
YKL203C,YHR001W,1,2.622565,0.5173096060752869,0.5198807120323181,0.048829298466444016
YJR009C,YLR086W,0,2.620803,0.5167984366416931,0.5198807120323181,0.048929356038570404
YGL106W,YOR374W,0,2.6204636,0.5162882804870605,0.5198807120323181,0.04902941733598709
YDR012W,YJL073W,0,2.619676,0.5157790780067444,0.5198807120323181,0.04912947863340378
YGL213C,YFR006W,0,2.61847,0.5152709484100342,0.5198807120323181,0.04922953620553017
YNL154C,YNL297C,1,2.618033,0.5157480239868164,0.5208747386932373,0.04922953620553017
YEL021W,YDR077W,0,2.6148875,0.5152409076690674,0.5208747386932373,0.049329597502946854
YOL064C,YJL190C,0,2.6147766,0.5147347450256348,0.5208747386932373,0.04942965880036354
YGL173C,YLR246W,0,2.6145387,0.5142296552658081,0.5208747386932373,0.04952971637248993
YOR181W,YNR011C,0,2.614129,0.5137255191802979,0.5208747386932373,0.049629777669906616
YBR041W,YLR048W,0,2.6104846,0.513222336769104,0.5208747386932373,0.0497298389673233
YNR035C,YIR006C,1,2.6102622,0.5136986374855042,0.5218687653541565,0.0497298389673233
YDL019C,YOL002C,0,2.6060991,0.5131964683532715,0.5218687653541565,0.04982989653944969
YIR036C,YBR207W,0,2.6050758,0.5126953125,0.5218687653541565,0.04992995783686638
YGR008C,YEL061C,0,2.6044993,0.5121951103210449,0.5218687653541565,0.050030019134283066
YMR235C,YOR069W,0,2.6042314,0.511695921421051,0.5218687653541565,0.050130076706409454
YDR270W,YBR289W,0,2.60205,0.5111976861953735,0.5218687653541565,0.05023013800382614
YKL100C,YBR082C,0,2.5993896,0.5107004046440125,0.5218687653541565,0.05033019930124283
YGR241C,YKR037C,0,2.5991123,0.5102040767669678,0.5218687653541565,0.05043025687336922
YBL101C,YCL034W,1,2.5990486,0.5106796026229858,0.5228628516197205,0.05043025687336922
YLR147C,YDR003W,0,2.5989058,0.5101842880249023,0.5228628516197205,0.050530318170785904
YNR070W,YCL057C-A,0,2.5973613,0.5096899271011353,0.5228628516197205,0.05063037946820259
YIR006C,YER166W,1,2.5945666,0.5101645588874817,0.5238568782806396,0.05063037946820259
YKL028W,YCL057C-A,0,2.5919142,0.509671151638031,0.5238568782806396,0.05073043704032898
YFL036W,YDR103W,0,2.5895991,0.5091787576675415,0.5238568782806396,0.050830498337745667
YGL223C,YOR257W,0,2.5893636,0.5086872577667236,0.5238568782806396,0.050930559635162354
YER180C,YOR386W,0,2.587985,0.5081967115402222,0.5238568782806396,0.05103061720728874
YML052W,YOR043W,1,2.587367,0.5086705088615417,0.5248509049415588,0.05103061720728874
YGL137W,YBR283C,0,2.586989,0.5081809163093567,0.5248509049415588,0.05113067850470543
YDR347W,YOL064C,0,2.5863795,0.5076923370361328,0.5248509049415588,0.051230739802122116
YJR104C,YGL084C,0,2.5859866,0.5072045922279358,0.5248509049415588,0.051330797374248505
YNL020C,YDR264C,1,2.585781,0.5076775550842285,0.525844931602478,0.051330797374248505
YDR050C,YHR017W,0,2.5805626,0.5071908235549927,0.525844931602478,0.05143085867166519
YER036C,YGR101W,0,2.5800405,0.5067049860954285,0.525844931602478,0.05153091996908188
YGR167W,YLR342W,1,2.5783901,0.5071770548820496,0.5268389582633972,0.05153091996908188
YKL203C,YHR016C,1,2.5754445,0.5076481699943542,0.5278329849243164,0.05153091996908188
YBR207W,YNL084C,1,2.571996,0.5081184506416321,0.5288270115852356,0.05153091996908188
YBL078C,YDL138W,0,2.5691047,0.5076335668563843,0.5288270115852356,0.05163097754120827
YFR008W,YPR108W,0,2.5690231,0.5071496367454529,0.5288270115852356,0.051731038838624954
YIR037W,YIR015W,0,2.5687203,0.5066666603088379,0.5288270115852356,0.05183110013604164
YKL195W,YOR221C,0,2.5681844,0.5061845779418945,0.5288270115852356,0.05193115770816803
YDR387C,YOR217W,0,2.5654554,0.5057034492492676,0.5288270115852356,0.05203121900558472
YIL160C,YGR116W,0,2.562972,0.5052231550216675,0.5288270115852356,0.052131280303001404
YBL030C,YFR008W,0,2.5620804,0.5047438144683838,0.5288270115852356,0.05223133787512779
YDR055W,YDL112W,0,2.5605192,0.5042654275894165,0.5288270115852356,0.05233139917254448
YNL159C,YLR371W,0,2.558392,0.5037878751754761,0.5288270115852356,0.052431460469961166
YPR166C,YFL039C,0,2.5576043,0.503311276435852,0.5288270115852356,0.052531518042087555
YDR264C,YER166W,1,2.5574899,0.503780722618103,0.5298210978507996,0.052531518042087555
YOR089C,YKR003W,1,2.552879,0.5042492747306824,0.5308151245117188,0.052531518042087555
YNL301C,YPL154C,0,2.550283,0.50377357006073,0.5308151245117188,0.05263157933950424
YOL139C,YMR026C,0,2.5502038,0.5032987594604492,0.5308151245117188,0.05273164063692093
YKL126W,YNL243W,1,2.549992,0.5037664771080017,0.5318091511726379,0.05273164063692093
YOL139C,YNL310C,0,2.5480652,0.5032925605773926,0.5318091511726379,0.05283169820904732
YOR348C,YDR158W,0,2.5470748,0.5028195381164551,0.5318091511726379,0.052931759506464005
YCR094W,YNL093W,1,2.5454981,0.5032863616943359,0.5328031778335571,0.052931759506464005
YOR089C,YNL084C,1,2.544118,0.5037523508071899,0.5337972044944763,0.052931759506464005
YMR100W,YDR510W,0,2.5416038,0.5032802224159241,0.5337972044944763,0.05303182080388069
YKL100C,YBR058C,0,2.5415854,0.5028089880943298,0.5337972044944763,0.05313187837600708
YKR090W,YHR017W,0,2.5391698,0.5023386478424072,0.5337972044944763,0.05323193967342377
YML054C,YDR012W,0,2.5386834,0.5018691420555115,0.5337972044944763,0.053332000970840454
YIL041W,YDR093W,1,2.5382462,0.5023342967033386,0.5347912311553955,0.053332000970840454
YOR265W,YML091C,0,2.5365093,0.5018656849861145,0.5347912311553955,0.05343205854296684
YOR181W,YLR337C,1,2.5364547,0.50232994556427,0.5357853174209595,0.05343205854296684
YJR001W,YGL251C,0,2.5356605,0.5018621683120728,0.5357853174209595,0.05353211984038353
YDR456W,YNL098C,0,2.535069,0.5013953447341919,0.5357853174209595,0.05363218113780022
YPR165W,YGL206C,1,2.5347586,0.5018587112426758,0.5367793440818787,0.05363218113780022
YLR154C,YJL158C,0,2.5346065,0.5013927817344666,0.5367793440818787,0.053732238709926605
YOL133W,YGL040C,0,2.5334406,0.5009276270866394,0.5367793440818787,0.05383230000734329
YPL160W,YNL115C,0,2.532762,0.5004633665084839,0.5367793440818787,0.05393235757946968
YGL173C,YDR074W,0,2.5305114,0.5,0.5367793440818787,0.05403241887688637
YCR094W,YGL059W,0,2.5266209,0.49953746795654297,0.5367793440818787,0.054132480174303055
YDR086C,YGL157W,0,2.5262113,0.4990758001804352,0.5367793440818787,0.05423253774642944
YER125W,YNR035C,1,2.5257971,0.4995383322238922,0.5377733707427979,0.05423253774642944
YHR136C,YAL062W,0,2.5248318,0.4990774989128113,0.5377733707427979,0.05433259904384613
YKL126W,YGR198W,1,2.5244577,0.49953916668891907,0.538767397403717,0.05433259904384613
YOR181W,YDR069C,1,2.5225773,0.5,0.5397614240646362,0.05433259904384613
YJR104C,YOR116C,0,2.520803,0.4995400309562683,0.5397614240646362,0.05443266034126282
YER087C-A,YLR045C,0,2.5197392,0.4990808963775635,0.5397614240646362,0.054532717913389206
YER140W,YIL111W,0,2.518633,0.4986225962638855,0.5397614240646362,0.05463277921080589
YER027C,YOR131C,0,2.5178459,0.4981651306152344,0.5397614240646362,0.05473284050822258
YGR029W,YLR176C,0,2.5175657,0.4977085292339325,0.5397614240646362,0.05483289808034897
YMR221C,YDR251W,0,2.513763,0.4972527325153351,0.5397614240646362,0.054932959377765656
YLR371W,YJL221C,0,2.5120132,0.4967978000640869,0.5397614240646362,0.05503302067518234
YJL019W,YFL041W,0,2.5113878,0.4963437020778656,0.5397614240646362,0.05513307824730873
YHR016C,YOR034C,1,2.5105288,0.4968036413192749,0.5407554507255554,0.05513307824730873
YAL020C,YML104C,0,2.5085485,0.49635037779808044,0.5407554507255554,0.05523313954472542
YHR186C,YLR327C,0,2.5077271,0.49589788913726807,0.5407554507255554,0.055333200842142105
YCR009C,YIR006C,1,2.5057673,0.4963570237159729,0.5417494773864746,0.055333200842142105
YMR109W,YOR109W,1,2.5054026,0.4968152940273285,0.5427435636520386,0.055333200842142105
YGL173C,YER173W,0,2.5001612,0.49636363983154297,0.5427435636520386,0.055433258414268494
YAR042W,YBR059C,1,2.4969482,0.4968210756778717,0.5437375903129578,0.055433258414268494
YJR013W,YDR486C,0,2.4966235,0.49637022614479065,0.5437375903129578,0.05553331971168518
YNL039W,YDR158W,0,2.495596,0.49592021107673645,0.5437375903129578,0.05563338100910187
YOR109W,YGL206C,1,2.4943075,0.49637681245803833,0.544731616973877,0.05563338100910187
YKL100C,YFL029C,0,2.4895945,0.4959276020526886,0.544731616973877,0.055733438581228256
YOR181W,YOL005C,0,2.4889867,0.49547919631004333,0.544731616973877,0.05583349987864494
YDR388W,YJR059W,0,2.487898,0.4950316250324249,0.544731616973877,0.05593356117606163
YER087C-A,YOR308C,0,2.4861681,0.4945848286151886,0.544731616973877,0.05603361874818802
YDL195W,YKL164C,0,2.4854531,0.4941388666629791,0.544731616973877,0.056133680045604706
YJL204C,YOR327C,1,2.4835904,0.49459460377693176,0.5457256436347961,0.056133680045604706
YMR139W,YIR023W,0,2.4831595,0.49414941668510437,0.5457256436347961,0.05623374134302139
YNL325C,YOR221C,0,2.4817715,0.49370503425598145,0.5457256436347961,0.05633379891514778
YPR166C,YCR053W,0,2.481569,0.493261456489563,0.5457256436347961,0.05643386021256447
YDL210W,YFL002W-A,0,2.4798756,0.492818683385849,0.5457256436347961,0.056533921509981155
YBR035C,YDL065C,0,2.473537,0.4923766851425171,0.5457256436347961,0.056633979082107544
YNR070W,YLR120C,0,2.4734764,0.49193549156188965,0.5457256436347961,0.05673404037952423
YDR358W,YNL015W,0,2.4723096,0.4914950728416443,0.5457256436347961,0.05683410167694092
YNL086W,YJL052W,0,2.4708838,0.4910554587841034,0.5457256436347961,0.056934159249067307
YBR035C,YOR217W,0,2.4702895,0.4906166195869446,0.5457256436347961,0.057034220546483994
YGR086C,YIR006C,1,2.4701107,0.4910714328289032,0.5467196702957153,0.057034220546483994
YBL101C,YOR327C,1,2.4692495,0.49152541160583496,0.5477136969566345,0.057034220546483994
YLR214W,YOR347C,0,2.4686499,0.4910873472690582,0.5477136969566345,0.05713428184390068
YDL190C,YIL101C,0,2.464489,0.4906500577926636,0.5477136969566345,0.05723433941602707
YAR010C,YNR040W,0,2.4641047,0.4902135133743286,0.5477136969566345,0.057334400713443756
YDR093W,YLR342W,1,2.463337,0.4906666576862335,0.5487077832221985,0.057334400713443756
YGL168W,YMR165C,0,2.4626608,0.490230917930603,0.5487077832221985,0.05743446201086044
YOR182C,YMR311C,0,2.4621835,0.4897959232330322,0.5487077832221985,0.05753451958298683
YDL146W,YLL022C,0,2.458127,0.4893617033958435,0.5487077832221985,0.05763458088040352
YGR029W,YIR006C,0,2.4567413,0.48892825841903687,0.5487077832221985,0.057734642177820206
YDL019C,YAL025C,0,2.456136,0.4884955883026123,0.5487077832221985,0.057834699749946594
YPL144W,YGL157W,0,2.4554834,0.48806366324424744,0.5487077832221985,0.05793476104736328
YNL020C,YIL041W,1,2.4553168,0.4885159134864807,0.5497018098831177,0.05793476104736328
YDL019C,YNL297C,1,2.45497,0.48896732926368713,0.5506958365440369,0.05793476104736328
YCR004C,YPR070W,0,2.4521484,0.48853614926338196,0.5506958365440369,0.05803482234477997
YDR379W,YOL005C,0,2.450483,0.4881057143211365,0.5506958365440369,0.05813487991690636
YER114C,YOR044W,0,2.4458728,0.48767605423927307,0.5506958365440369,0.058234941214323044
YML116W,YDR251W,0,2.4457715,0.48724713921546936,0.5506958365440369,0.05833500251173973
YHR023W,YLR099C,0,2.4435472,0.48681896924972534,0.5506958365440369,0.05843506008386612
YNL032W,YDR490C,1,2.4434354,0.4872695207595825,0.551689863204956,0.05843506008386612
YML052W,YNR035C,1,2.4431074,0.4877192974090576,0.5526838898658752,0.05843506008386612
YIR006C,YMR152W,0,2.4415188,0.4872918426990509,0.5526838898658752,0.058535121381282806
YKL218C,YHR171W,0,2.4392502,0.48686516284942627,0.5526838898658752,0.05863518267869949
YKR090W,YMR122W-A,0,2.4374719,0.48643919825553894,0.5526838898658752,0.05873524025082588
YKL140W,YKL042W,0,2.4368982,0.4860139787197113,0.5526838898658752,0.05883530154824257
YKR090W,YFR037C,0,2.4365463,0.48558953404426575,0.5526838898658752,0.058935362845659256
YPR156C,YHR181W,0,2.4336822,0.4851658046245575,0.5526838898658752,0.059035420417785645
YFL004W,YLR207W,0,2.4290392,0.48474282026290894,0.5526838898658752,0.05913548171520233
YHL040C,YHR052W,0,2.4289982,0.4843205511569977,0.5526838898658752,0.05923554301261902
YOR347C,YKL212W,0,2.427288,0.4838990569114685,0.5526838898658752,0.05933560058474541
YEL013W,YOR120W,0,2.4266505,0.48347824811935425,0.5526838898658752,0.059435661882162094
YDR495C,YBL074C,0,2.4235582,0.48305821418762207,0.5526838898658752,0.05953572317957878
YER025W,YPL091W,0,2.4192584,0.4826388955116272,0.5526838898658752,0.05963578075170517
YML040W,YNR022C,0,2.4184585,0.48222029209136963,0.5526838898658752,0.05973584204912186
YDL007W,YOR347C,0,2.417392,0.48180243372917175,0.5526838898658752,0.059835903346538544
YBR286W,YLR396C,0,2.4147658,0.4813852906227112,0.5526838898658752,0.05993596091866493
YKL034W,YBR166C,0,2.4137862,0.4809688627719879,0.5526838898658752,0.06003602221608162
YML052W,YDL231C,1,2.413428,0.4814174473285675,0.5536779165267944,0.06003602221608162
YNR008W,YDR533C,0,2.4124029,0.48100173473358154,0.5536779165267944,0.06013607978820801
YOR181W,YBL022C,0,2.4104466,0.4805867075920105,0.5536779165267944,0.060236141085624695
YAR015W,YDR031W,0,2.4101982,0.48017242550849915,0.5536779165267944,0.06033620238304138
YLR170C,YPR021C,0,2.408596,0.4797588288784027,0.5536779165267944,0.06043625995516777
YGL003C,YHR011W,0,2.4084985,0.4793459475040436,0.5536779165267944,0.06053632125258446
YJL204C,YGR086C,1,2.4059296,0.47979363799095154,0.5546719431877136,0.06053632125258446
YDL204W,YIR006C,0,2.3996634,0.4793814420700073,0.5546719431877136,0.060636382550001144
YLR396C,YLL001W,0,2.3988547,0.4789699614048004,0.5546719431877136,0.06073644012212753
YCR037C,YCL057C-A,0,2.3987434,0.4785591661930084,0.5546719431877136,0.06083650141954422
YKL126W,YDR093W,1,2.3953366,0.47900599241256714,0.5556660294532776,0.06083650141954422
YBL047C,YCR094W,1,2.3938665,0.4794520437717438,0.5566600561141968,0.06083650141954422
YLR096W,YJR155W,0,2.3932474,0.4790419042110443,0.5566600561141968,0.06093656271696091
YCL034W,YDR264C,1,2.3922958,0.47948718070983887,0.557654082775116,0.06093656271696091
YIL095W,YCR094W,1,2.389767,0.47993168234825134,0.5586481094360352,0.06093656271696091
YER120W,YGR279C,0,2.3836904,0.4795221984386444,0.5586481094360352,0.061036620289087296
YCR053W,YER166W,1,2.3836474,0.4799658954143524,0.5596421360969543,0.061036620289087296
YBL064C,YGR241C,0,2.3823602,0.479557067155838,0.5596421360969543,0.06113668158650398
YNL159C,YPR081C,0,2.38223,0.4791489243507385,0.5596421360969543,0.06123674288392067
YGR241C,YEL050C,0,2.3819256,0.47874149680137634,0.5596421360969543,0.06133680045604706
YGL223C,YCR098C,0,2.3816051,0.4783347547054291,0.5596421360969543,0.061436861753463745
YFL036W,YJL019W,0,2.3809857,0.47792869806289673,0.5596421360969543,0.06153692305088043
YHR013C,YDR115W,0,2.379599,0.4775233268737793,0.5596421360969543,0.06163698062300682
YJR104C,YIL138C,0,2.379095,0.4771186411380768,0.5596421360969543,0.06173704192042351
YMR303C,YNL115C,0,2.3785295,0.4767146408557892,0.5596421360969543,0.061837103217840195
YDR425W,YDR224C,0,2.3783379,0.4763113260269165,0.5596421360969543,0.06193716078996658
YER087C-A,YML048W,0,2.3725548,0.47590869665145874,0.5596421360969543,0.06203722208738327
YDL229W,YBL064C,0,2.3708453,0.4755067527294159,0.5596421360969543,0.06213728338479996
YPR132W,YHL032C,0,2.3682244,0.47510549426078796,0.5596421360969543,0.062237340956926346
YKL126W,YLR342W,1,2.3669004,0.47554805874824524,0.5606361627578735,0.062237340956926346
YDR238C,YDR224C,0,2.366831,0.47514742612838745,0.5606361627578735,0.06233740225434303
YHR001W,YPL145C,1,2.3656986,0.47558921575546265,0.5616301894187927,0.06233740225434303
YHR136C,YHR070W,0,2.3646393,0.4751892387866974,0.5616301894187927,0.06243746355175972
YHL044W,YIL051C,0,2.3641982,0.47478991746902466,0.5616301894187927,0.06253752112388611
YDR418W,YER070W,0,2.3640585,0.47439128160476685,0.5616301894187927,0.0626375824213028
YER125W,YAL030W,1,2.3631167,0.4748322069644928,0.5626242756843567,0.0626375824213028
YML048W,YMR071C,0,2.359716,0.4744341969490051,0.5626242756843567,0.06273764371871948
YHR073W,YAL026C,1,2.358975,0.4748743772506714,0.5636183023452759,0.06273764371871948
YJL048C,YDR238C,0,2.358072,0.47447699308395386,0.5636183023452759,0.06283770501613617
YFL036W,YGL249W,0,2.3561697,0.47408026456832886,0.5636183023452759,0.06293776631355286
YPR156C,YJL164C,0,2.347464,0.4736842215061188,0.5636183023452759,0.06303782016038895
YBR092C,YLR172C,0,2.3442016,0.47328880429267883,0.5636183023452759,0.06313788145780563
YOR167C,YGL227W,0,2.3398585,0.4728940725326538,0.5636183023452759,0.06323794275522232
YMR163C,YOL056W,0,2.3394823,0.4724999964237213,0.5636183023452759,0.06333800405263901
YMR142C,YLR246W,0,2.3368177,0.47210657596588135,0.5636183023452759,0.0634380653500557
YDL019C,YLR099C,0,2.336402,0.4717138111591339,0.5636183023452759,0.06353811919689178
YFR003C,YLR403W,0,2.336213,0.471321702003479,0.5636183023452759,0.06363818049430847
YMR051C,YOR346W,0,2.3315043,0.47093021869659424,0.5636183023452759,0.06373824179172516
YDR265W,YDL075W,0,2.3295488,0.4705394208431244,0.5636183023452759,0.06383830308914185
YBL039C,YPR081C,0,2.3284063,0.4701492488384247,0.5636183023452759,0.06393836438655853
YDL019C,YER106W,0,2.3270326,0.4697597324848175,0.5636183023452759,0.06403842568397522
YHL044W,YDR096W,0,2.3256466,0.46937087178230286,0.5636183023452759,0.06413847953081131
YHR135C,YPR165W,1,2.3253047,0.46980977058410645,0.5646123290061951,0.06413847953081131
YPR005C,YPR019W,0,2.3247309,0.46942147612571716,0.5646123290061951,0.064238540828228
YHR001W,YPR165W,1,2.3240714,0.46985962986946106,0.5656063556671143,0.064238540828228
YDR495C,YBR035C,0,2.3233855,0.4694719612598419,0.5656063556671143,0.06433860212564468
YOR278W,YGR009C,0,2.3232918,0.4690849184989929,0.5656063556671143,0.06443866342306137
YOR181W,YDR093W,1,2.3227525,0.46952223777770996,0.5666003823280334,0.06443866342306137
YLR192C,YPR047W,0,2.321993,0.4691357910633087,0.5666003823280334,0.06453872472047806
YOL092W,YGR279C,0,2.3218486,0.46875,0.5666003823280334,0.06463878601789474
YDL130W,YJR126C,0,2.3213537,0.4683648347854614,0.5666003823280334,0.06473883986473083
YLR048W,YNL217W,0,2.3207433,0.467980295419693,0.5666003823280334,0.06483890116214752
YPL157W,YOR347C,0,2.3202214,0.4675963819026947,0.5666003823280334,0.06493896245956421
YNL212W,YDR055W,0,2.3196688,0.46721312403678894,0.5666003823280334,0.0650390237569809
YDR074W,YJR025C,0,2.318428,0.46683046221733093,0.5666003823280334,0.06513908505439758
YDR425W,YLR441C,0,2.318158,0.46644845604896545,0.5666003823280334,0.06523914635181427
YPL214C,YCR092C,0,2.3178995,0.46606704592704773,0.5666003823280334,0.06533920019865036
YKL135C,YOR131C,0,2.31667,0.46568626165390015,0.5666003823280334,0.06543926149606705
YDR074W,YMR026C,0,2.3160954,0.4653061330318451,0.5666003823280334,0.06553932279348373
YJL204C,YNL243W,1,2.315568,0.4657422602176666,0.5675944089889526,0.06553932279348373
YFL036W,YJL073W,0,2.3132029,0.46536266803741455,0.5675944089889526,0.06563938409090042
YKL135C,YGL168W,0,2.3125153,0.4649837017059326,0.5675944089889526,0.06573944538831711
YDR270W,YMR086W,0,2.3124323,0.4646053612232208,0.5675944089889526,0.0658395066857338
YOL031C,YER131W,0,2.3111353,0.4642276465892792,0.5675944089889526,0.06593956053256989
YNL227C,YFL039C,1,2.3109484,0.4646628797054291,0.5685884952545166,0.06593956053256989
YNL093W,YPL145C,1,2.308745,0.4650973975658417,0.5695825219154358,0.06593956053256989
YPR165W,YLR056W,1,2.3082256,0.46553122997283936,0.570576548576355,0.06593956053256989
YHR016C,YOR329C,1,2.3072295,0.46596434712409973,0.5715705752372742,0.06593956053256989
YLR396C,YDR358W,0,2.305615,0.4655870497226715,0.5715705752372742,0.06603962182998657
YFL004W,YFL039C,0,2.3054333,0.46521034836769104,0.5715705752372742,0.06613968312740326
YGR009C,YGR279C,0,2.3041015,0.4648342728614807,0.5715705752372742,0.06623974442481995
YOR155C,YNL129W,0,2.303815,0.46445879340171814,0.5715705752372742,0.06633980572223663
YOL019W,YOR270C,0,2.3032322,0.4640839397907257,0.5715705752372742,0.06643986701965332
YJR065C,YDL099W,0,2.3014538,0.46370968222618103,0.5715705752372742,0.06653992086648941
YJL158C,YCR075C,0,2.3013177,0.4633360207080841,0.5715705752372742,0.0666399821639061
YDL137W,YLR438C-A,0,2.2997727,0.46296295523643494,0.5715705752372742,0.06674004346132278
YPR166C,YML077W,0,2.2990143,0.4625905156135559,0.5715705752372742,0.06684010475873947
YPL206C,YIL039W,0,2.2989483,0.46221864223480225,0.5715705752372742,0.06694016605615616
YOR034C,YKR014C,1,2.2977517,0.4626505970954895,0.5725646018981934,0.06694016605615616
YIR006C,YFL041W,0,2.2965593,0.4622792899608612,0.5725646018981934,0.06704022735357285
YCR094W,YAL030W,1,2.2948885,0.46271049976348877,0.5735586285591125,0.06704022735357285
YNL020C,YDL231C,1,2.2939146,0.4631410241127014,0.5745526552200317,0.06704022735357285
YFL044C,YDR093W,0,2.2929852,0.4627702236175537,0.5745526552200317,0.06714028120040894
YGL161C,YGL084C,0,2.2915506,0.46239998936653137,0.5745526552200317,0.06724034249782562
YAL023C,YGR014W,0,2.2912273,0.4620303809642792,0.5745526552200317,0.06734040379524231
YBL103C,YJL052W,0,2.2908576,0.46166133880615234,0.5745526552200317,0.067440465092659
YJR015W,YDR387C,0,2.2900813,0.46129289269447327,0.5745526552200317,0.06754052639007568
YGR234W,YOR386W,0,2.289722,0.46092504262924194,0.5745526552200317,0.06764058768749237
YPL195W,YDR313C,0,2.2894988,0.460557758808136,0.5745526552200317,0.06774064153432846
YOR089C,YOR109W,1,2.2886417,0.46098726987838745,0.5755467414855957,0.06774064153432846
YER083C,YJR065C,0,2.2868423,0.4606205224990845,0.5755467414855957,0.06784070283174515
YHR135C,YDR093W,1,2.2861996,0.46104928851127625,0.5765407681465149,0.06784070283174515
YJR065C,YPL269W,0,2.284993,0.46068307757377625,0.5765407681465149,0.06794076412916183
YOR278W,YCL027W,0,2.2842672,0.460317462682724,0.5765407681465149,0.06804082542657852
YNL154C,YGR086C,1,2.2833292,0.4607454538345337,0.5775347948074341,0.06804082542657852
YHR073W,YBR059C,1,2.2795954,0.4611727297306061,0.5785288214683533,0.06804082542657852
YML040W,YLR356W,0,2.27949,0.46080759167671204,0.5785288214683533,0.06814088672399521
YDL085W,YPL160W,0,2.2751276,0.46044304966926575,0.5785288214683533,0.0682409480214119
YFR015C,YJR160C,0,2.2750115,0.46007904410362244,0.5785288214683533,0.06834100186824799
YOR174W,YDR117C,0,2.2743635,0.4597156345844269,0.5785288214683533,0.06844106316566467
YGR124W,YEL050C,0,2.2738514,0.4593527913093567,0.5785288214683533,0.06854112446308136
YPL195W,YBL074C,0,2.273571,0.45899054408073425,0.5785288214683533,0.06864118576049805
YER027C,YDL180W,0,2.2718291,0.4586288332939148,0.5785288214683533,0.06874124705791473
YKR090W,YPR070W,0,2.2714505,0.4582677185535431,0.5785288214683533,0.06884130835533142
YOR089C,YDR129C,1,2.2698796,0.4586939513683319,0.5795228481292725,0.06884130835533142
YDL019C,YGR234W,0,2.2675726,0.4583333432674408,0.5795228481292725,0.06894136220216751
YPR184W,YNL289W,0,2.2672324,0.45797330141067505,0.5795228481292725,0.0690414234995842
YIL041W,YNL297C,1,2.2659883,0.4583987295627594,0.5805168747901917,0.0690414234995842
YGL161C,YJL221C,0,2.2646954,0.45803922414779663,0.5805168747901917,0.06914148479700089
YDR018C,YLR048W,0,2.2634776,0.45768025517463684,0.5805168747901917,0.06924154609441757
YGL173C,YOR348C,0,2.2632108,0.4573218524456024,0.5805168747901917,0.06934160739183426
YDR248C,YJL048C,0,2.2629106,0.45696401596069336,0.5805168747901917,0.06944166868925095
YHR001W,YEL027W,1,2.2628036,0.45738857984542847,0.5815109610557556,0.06944166868925095
YGL136C,YGR279C,0,2.2625172,0.45703125,0.5815109610557556,0.06954172253608704
YDR046C,YHR181W,0,2.2610435,0.4566744863986969,0.5815109610557556,0.06964178383350372
YML116W,YMR163C,0,2.2566354,0.4563182592391968,0.5815109610557556,0.06974184513092041
YOR034C,YHR135C,1,2.2543087,0.4567420184612274,0.5825049877166748,0.06974184513092041
YDR056C,YBR024W,0,2.2472398,0.4563862979412079,0.5825049877166748,0.0698419064283371
YKL212W,YPL186C,0,2.246778,0.45603111386299133,0.5825049877166748,0.06994196772575378
YGR029W,YGL084C,0,2.2463117,0.45567652583122253,0.5825049877166748,0.07004202157258987
YDR059C,YOR043W,1,2.2461758,0.4560994505882263,0.583499014377594,0.07004202157258987
YNL301C,YOR036W,0,2.245096,0.4557453393936157,0.583499014377594,0.07014208287000656
YDL019C,YDL146W,0,2.2447538,0.4553917646408081,0.583499014377594,0.07024214416742325
YOR237W,YOR109W,1,2.2441633,0.4558139443397522,0.5844930410385132,0.07024214416742325
YBL047C,YGL206C,1,2.2438571,0.45623546838760376,0.5854870676994324,0.07024214416742325
YGL206C,YMR184W,0,2.2438412,0.45588234066963196,0.5854870676994324,0.07034220546483994
YER099C,YDR265W,0,2.2434585,0.4555297791957855,0.5854870676994324,0.07044226676225662
YGL178W,YNL091W,0,2.24117,0.45517775416374207,0.5854870676994324,0.07054232805967331
YML052W,YLR206W,1,2.239409,0.4555984437465668,0.5864810943603516,0.07054232805967331
YER125W,YHR135C,1,2.2387,0.45601850748062134,0.5874751210212708,0.07054232805967331
YER113C,YHL016C,0,2.2374046,0.4556669294834137,0.5874751210212708,0.0706423819065094
YER096W,YOL109W,0,2.2370203,0.45531585812568665,0.5874751210212708,0.07074244320392609
YGL191W,YER147C,0,2.23698,0.45496535301208496,0.5874751210212708,0.07084250450134277
YML070W,YPR054W,0,2.2358139,0.45461538434028625,0.5874751210212708,0.07094256579875946
YBR036C,YBL021C,0,2.230596,0.4542659521102905,0.5874751210212708,0.07104262709617615
YDR248C,YPR081C,0,2.2292783,0.4539170563220978,0.5874751210212708,0.07114268839359283
YIR036C,YJL041W,0,2.2291348,0.453568696975708,0.5874751210212708,0.07124274224042892
YNL077W,YJL190C,0,2.228766,0.45322084426879883,0.5874751210212708,0.07134280353784561
YPR049C,YPL153C,0,2.2263355,0.452873557806015,0.5874751210212708,0.0714428648352623
YML052W,YIL041W,1,2.2241244,0.45329248905181885,0.5884692072868347,0.0714428648352623
YMR109W,YOR034C,1,2.2231474,0.45371079444885254,0.5894632339477539,0.0714428648352623
YDR069C,YPR165W,1,2.223132,0.4541284441947937,0.5904572606086731,0.0714428648352623
YER044C,YPL153C,0,2.222454,0.45378151535987854,0.5904572606086731,0.07154292613267899
YOL031C,YOR155C,0,2.2222269,0.45343512296676636,0.5904572606086731,0.07164298743009567
YJR125C,YHR135C,1,2.2221816,0.4538520276546478,0.5914512872695923,0.07164298743009567
YAL030W,YNL243W,1,2.2217376,0.45426830649375916,0.5924453139305115,0.07164298743009567
YDR046C,YDR448W,0,2.2208014,0.453922301530838,0.5924453139305115,0.07174304872751236
YER087C-A,YPL154C,0,2.2201977,0.45357686281204224,0.5924453139305115,0.07184310257434845
YOR063W,YIL111W,0,2.2185807,0.45323193073272705,0.5924453139305115,0.07194316387176514
YPL143W,YJL062W,0,2.2170048,0.45288753509521484,0.5924453139305115,0.07204322516918182
YER131W,YKL179C,0,2.2164905,0.4525436460971832,0.5924453139305115,0.07214328646659851
YDR388W,YLR206W,1,2.216063,0.4529590308666229,0.5934393405914307,0.07214328646659851
YHR092C,YJL170C,0,2.2152452,0.4526156187057495,0.5934393405914307,0.0722433477640152
YMR298W,YCL047C,0,2.2137656,0.4522727131843567,0.5934393405914307,0.07234340906143188
YML129C,YLR356W,0,2.2135034,0.45193034410476685,0.5934393405914307,0.07244346290826797
YGR086C,YKL129C,1,2.2106657,0.4523449242115021,0.5944334268569946,0.07244346290826797
YDR038C,YDR486C,0,2.209912,0.45200303196907043,0.5944334268569946,0.07254352420568466
YCR096C,YCR053W,0,2.2086616,0.451661616563797,0.5944334268569946,0.07264358550310135
YCR053W,YML001W,1,2.2084177,0.4520754814147949,0.5954274535179138,0.07264358550310135
YDL051W,YDR380W,0,2.2008286,0.4517345428466797,0.5954274535179138,0.07274364680051804
YDR341C,YDR418W,0,2.20081,0.45139411091804504,0.5954274535179138,0.07284370809793472
YNL291C,YDR270W,0,2.2000923,0.4510542154312134,0.5954274535179138,0.07294376939535141
YJL044C,YMR152W,0,2.2000575,0.4507148265838623,0.5954274535179138,0.0730438232421875
YBR240C,YGR234W,0,2.198603,0.4503759443759918,0.5954274535179138,0.07314388453960419
YDR503C,YHR171W,0,2.1968122,0.45003756880760193,0.5954274535179138,0.07324394583702087
YLR371W,YDR510W,0,2.1966076,0.4496996998786926,0.5954274535179138,0.07334400713443756
YGL253W,YKR009C,0,2.196436,0.4493623375892639,0.5954274535179138,0.07344406843185425
YDR495C,YOR332W,0,2.1961703,0.4490254819393158,0.5954274535179138,0.07354412972927094
YOR067C,YOR322C,0,2.1949587,0.44868913292884827,0.5954274535179138,0.07364418357610703
YHR101C,YDR055W,0,2.1943688,0.44835329055786133,0.5954274535179138,0.07374424487352371
YJR001W,YAL003W,0,2.1912844,0.448017954826355,0.5954274535179138,0.0738443061709404
YDR418W,YIL124W,0,2.1901996,0.44768309593200684,0.5954274535179138,0.07394436746835709
YMR221C,YGR037C,0,2.187585,0.44734877347946167,0.5954274535179138,0.07404442876577377
YOL065C,YNR001C,0,2.1870193,0.4470149278640747,0.5954274535179138,0.07414449006319046
YOL117W,YDL180W,0,2.186279,0.44668158888816833,0.5954274535179138,0.07424454391002655
YDR238C,YHR070W,0,2.1852894,0.44634872674942017,0.5954274535179138,0.07434460520744324
YPL220W,YBR009C,0,2.1842203,0.4460163712501526,0.5954274535179138,0.07444466650485992
YJL044C,YMR303C,0,2.181313,0.4456845223903656,0.5954274535179138,0.07454472780227661
YMR022W,YDR003W,0,2.1807868,0.4453531503677368,0.5954274535179138,0.0746447890996933
YCR028C,YLR342W,1,2.180099,0.4457652270793915,0.596421480178833,0.0746447890996933
YBR035C,YDR103W,0,2.178283,0.4454343020915985,0.596421480178833,0.07474485039710999
YLL038C,YPL004C,1,2.1771839,0.44584569334983826,0.5974155068397522,0.07474485039710999
YPL271W,YMR045C,0,2.1771834,0.4455151855945587,0.5974155068397522,0.07484490424394608
YMR086W,YDR228C,0,2.1764047,0.44518518447875977,0.5974155068397522,0.07494496554136276
YJR015W,YFR006W,0,2.1755977,0.444855660200119,0.5974155068397522,0.07504502683877945
YMR184W,YJL133W,0,2.1743808,0.4445266127586365,0.5974155068397522,0.07514508813619614
YNL020C,YDR177W,1,2.1731935,0.44493716955184937,0.5984095335006714,0.07514508813619614
YBR175W,YOR369C,0,2.1727364,0.44460856914520264,0.5984095335006714,0.07524514943361282
YGL161C,YLR371W,0,2.1726856,0.4442804455757141,0.5984095335006714,0.07534521073102951
YPL206C,YJR097W,0,2.172537,0.4439527988433838,0.5984095335006714,0.0754452645778656
YOR167C,YGL136C,0,2.171801,0.44362565875053406,0.5984095335006714,0.07554532587528229
YHL040C,YOL031C,0,2.170738,0.44329896569252014,0.5984095335006714,0.07564538717269897
YOR167C,YMR223W,0,2.1671295,0.4429727792739868,0.5984095335006714,0.07574544847011566
YFL047W,YHR101C,0,2.1669598,0.4426470696926117,0.5984095335006714,0.07584550976753235
YFR008W,YGR194C,0,2.1664128,0.4423218369483948,0.5984095335006714,0.07594557106494904
YKL089W,YJR158W,0,2.1654763,0.44199705123901367,0.5984095335006714,0.07604562491178513
YNL039W,YBR214W,0,2.165284,0.44167277216911316,0.5984095335006714,0.07614568620920181
YMR298W,YGR241C,0,2.1644769,0.44134896993637085,0.5984095335006714,0.0762457475066185
YEL017C-A,YIL136W,0,2.163375,0.44102564454078674,0.5984095335006714,0.07634580880403519
YGL135W,YNL129W,0,2.1628318,0.44070279598236084,0.5984095335006714,0.07644587010145187
YKL135C,YDR368W,0,2.1623733,0.44038039445877075,0.5984095335006714,0.07654592394828796
YPR054W,YOR092W,0,2.1622677,0.44005846977233887,0.5984095335006714,0.07664598524570465
YJL041W,YHR147C,0,2.1614544,0.4397370219230652,0.5984095335006714,0.07674604654312134
YOR155C,YDR012W,0,2.1608615,0.4394160509109497,0.5984095335006714,0.07684610784053802
YNR075W,YGL206C,1,2.1598105,0.4398249387741089,0.5994035601615906,0.07684610784053802
YLR097C,YNL098C,0,2.1589465,0.43950438499450684,0.5994035601615906,0.07694616913795471
YDR532C,YFL039C,0,2.1584537,0.4391842782497406,0.5994035601615906,0.0770462304353714
YJL106W,YNR001C,0,2.158431,0.4388646185398102,0.5994035601615906,0.07714628428220749
YOR124C,YNL061W,0,2.1575184,0.43854546546936035,0.5994035601615906,0.07724634557962418
YPL090C,YAL008W,0,2.1541057,0.43822672963142395,0.5994035601615906,0.07734640687704086
YCL034W,YBR059C,1,2.1501658,0.4386347234249115,0.6003975868225098,0.07734640687704086
YDR270W,YER007W,0,2.1498077,0.4383164048194885,0.6003975868225098,0.07744646817445755
YNL129W,YGR191W,0,2.1473513,0.43799856305122375,0.6003975868225098,0.07754652947187424
YDR264C,YOR322C,1,2.1467435,0.4384058117866516,0.6013916730880737,0.07754652947187424
YNL154C,YKL129C,1,2.1441574,0.4388124644756317,0.6023856997489929,0.07754652947187424
YLR238W,YOL139C,0,2.143608,0.4384949207305908,0.6023856997489929,0.07764659076929092
YDL229W,YOR221C,0,2.1426144,0.4381778836250305,0.6023856997489929,0.07774664461612701
YBR036C,YER133W,0,2.1400435,0.43786126375198364,0.6023856997489929,0.0778467059135437
YOR237W,YHR114W,1,2.139772,0.43826714158058167,0.6033797264099121,0.0778467059135437
YKL140W,YER061C,0,2.1376636,0.4379509389400482,0.6033797264099121,0.07794676721096039
YGL137W,YKR009C,0,2.1375291,0.4376351833343506,0.6033797264099121,0.07804682850837708
YAL021C,YMR303C,0,2.1367602,0.43731987476348877,0.6033797264099121,0.07814688980579376
YDR033W,YIL026C,0,2.135604,0.43700504302978516,0.6033797264099121,0.07824695110321045
YOR322C,YJL121C,0,2.135027,0.43669065833091736,0.6033797264099121,0.07834700495004654
YJR104C,YDR320C,0,2.133509,0.4363767206668854,0.6033797264099121,0.07844706624746323
YHR016C,YNL093W,1,2.133022,0.4367816150188446,0.6043737530708313,0.07844706624746323
YDR358W,YDR478W,0,2.1302722,0.43646806478500366,0.6043737530708313,0.07854712754487991
YOR155C,YJL044C,0,2.1295948,0.43615496158599854,0.6043737530708313,0.0786471888422966
YML104C,YER044C,0,2.129456,0.4358423054218292,0.6043737530708313,0.07874725013971329
YCL027W,YFL039C,0,2.1276224,0.4355300962924957,0.6043737530708313,0.07884731143712997
YMR071C,YOR270C,0,2.1265116,0.43521833419799805,0.6043737530708313,0.07894736528396606
YAL026C,YNR075W,1,2.125072,0.43562230467796326,0.6053677797317505,0.07894736528396606
YDR059C,YDL019C,1,2.1236594,0.4360257387161255,0.6063618063926697,0.07894736528396606
YDR248C,YDR047W,0,2.123026,0.4357142746448517,0.6063618063926697,0.07904742658138275
YJR076C,YIL126W,0,2.121397,0.4354032874107361,0.6063618063926697,0.07914748787879944
YGL229C,YBR245C,0,2.1207085,0.4350927174091339,0.6063618063926697,0.07924754917621613
YDR012W,YDL067C,0,2.1192837,0.43478259444236755,0.6063618063926697,0.07934761047363281
YDL204W,YOR046C,0,2.1184723,0.4344729483127594,0.6063618063926697,0.0794476717710495
YPL214C,YDR003W,0,2.1182196,0.4341636896133423,0.6063618063926697,0.07954772561788559
YOR034C,YDR069C,1,2.1176004,0.4345661401748657,0.6073558926582336,0.07954772561788559
YBR205W,YLL001W,0,2.1174102,0.43425729870796204,0.6073558926582336,0.07964778691530228
YGR086C,YML037C,0,2.1173558,0.4339488744735718,0.6073558926582336,0.07974784821271896
YDR086C,YKL195W,0,2.1155808,0.43364086747169495,0.6073558926582336,0.07984790951013565
YLR356W,YHR064C,0,2.115021,0.4333333373069763,0.6073558926582336,0.07994797080755234
YHR017W,YDR330W,0,2.113883,0.4330262243747711,0.6073558926582336,0.08004803210496902
YDL204W,YDR523C,0,2.113375,0.43271955847740173,0.6073558926582336,0.08014808595180511
YOL065C,YJL052W,0,2.1125705,0.4324133098125458,0.6073558926582336,0.0802481472492218
YER125W,YLR337C,1,2.112185,0.43281471729278564,0.6083499193191528,0.0802481472492218
YDL185W,YFL039C,0,2.1120007,0.43250882625579834,0.6083499193191528,0.08034820854663849
YHR021C,YGL155W,0,2.1113658,0.43220338225364685,0.6083499193191528,0.08044826984405518
YCR075C,YFL037W,0,2.1111808,0.4318983852863312,0.6083499193191528,0.08054833114147186
YJL143W,YNL129W,0,2.1111612,0.43159380555152893,0.6083499193191528,0.08064839243888855
YPR049C,YHR086W,0,2.1109471,0.4312896430492401,0.6083499193191528,0.08074844628572464
YMR289W,YDL180W,0,2.1096604,0.4309859275817871,0.6083499193191528,0.08084850758314133
YFL047W,YDR362C,0,2.1074913,0.43068262934684753,0.6083499193191528,0.08094856888055801
YML116W,YHR116W,0,2.1073291,0.4303797483444214,0.6083499193191528,0.0810486301779747
YDR329C,YMR022W,0,2.1071284,0.43007731437683105,0.6083499193191528,0.08114869147539139
YJR058C,YBL055C,0,2.1064804,0.42977526783943176,0.6083499193191528,0.08124875277280807
YBL017C,YLR172C,0,2.1060383,0.4294736981391907,0.6083499193191528,0.08134880661964417
YML015C,YJR029W,0,2.105317,0.4291725158691406,0.6083499193191528,0.08144886791706085
YNL046W,YDL190C,0,2.1036584,0.428871750831604,0.6083499193191528,0.08154892921447754
YDL130W,YMR026C,0,2.103036,0.4285714328289032,0.6083499193191528,0.08164899051189423
YER025W,YLR154C,0,2.1030195,0.4282715320587158,0.6083499193191528,0.08174905180931091
YLR371W,YDR228C,0,2.1026752,0.4279720187187195,0.6083499193191528,0.0818491131067276
YDR074W,YNL039W,0,2.102243,0.42767295241355896,0.6083499193191528,0.08194916695356369
YDR270W,YLR010C,0,2.10168,0.42737430334091187,0.6083499193191528,0.08204922825098038
YOR120W,YGL039W,0,2.10079,0.4270760715007782,0.6083499193191528,0.08214928954839706
YML048W,YLR120C,0,2.1004648,0.42677825689315796,0.6083499193191528,0.08224935084581375
YPL051W,YDL180W,0,2.0958216,0.42648082971572876,0.6083499193191528,0.08234941214323044
YNL012W,YER012W,0,2.091546,0.4261838495731354,0.6083499193191528,0.08244946599006653
YJR075W,YBR297W,0,2.0867107,0.42588725686073303,0.6083499193191528,0.08254952728748322
YMR080C,YMR043W,0,2.085965,0.4255911111831665,0.6083499193191528,0.0826495885848999
YPL214C,YOL157C,0,2.0854478,0.425295352935791,0.6083499193191528,0.08274964988231659
YER027C,YEL013W,0,2.0851488,0.42500001192092896,0.6083499193191528,0.08284971117973328
YPL206C,YDL144C,0,2.0840747,0.42470505833625793,0.6083499193191528,0.08294977247714996
YBL017C,YDL085W,0,2.0832984,0.42441055178642273,0.6083499193191528,0.08304982632398605
YBR159W,YNL091W,0,2.083209,0.42411643266677856,0.6083499193191528,0.08314988762140274
YDR418W,YMR026C,0,2.0827708,0.42382270097732544,0.6083499193191528,0.08324994891881943
YCR009C,YDR531W,0,2.082306,0.42352941632270813,0.6083499193191528,0.08335001021623611
YOR237W,YCL034W,1,2.0792065,0.42392808198928833,0.609343945980072,0.08335001021623611
YKL126W,YNL297C,1,2.0775313,0.42432618141174316,0.6103379726409912,0.08335001021623611
YDR177W,YPL004C,1,2.0775042,0.424723744392395,0.6113319993019104,0.08335001021623611
YGR088W,YAL053W,0,2.0763662,0.42443063855171204,0.6113319993019104,0.0834500715136528
YGR241C,YGR061C,0,2.0746453,0.4241379201412201,0.6113319993019104,0.08355013281106949
YML052W,YDL019C,1,2.074342,0.42453479766845703,0.6123260259628296,0.08355013281106949
YMR109W,YOR043W,1,2.0728393,0.424931138753891,0.6133200526237488,0.08355013281106949
YKR014C,YNR075W,1,2.0721822,0.4253269135951996,0.6143141388893127,0.08355013281106949
YOR237W,YGR167W,1,2.072119,0.4257221519947052,0.6153081655502319,0.08355013281106949
YNL166C,YMR285C,0,2.070411,0.4254295527935028,0.6153081655502319,0.08365018665790558
YNL093W,YDR264C,1,2.0684738,0.4258241653442383,0.6163021922111511,0.08365018665790558
YOR181W,YOR329C,1,2.0681422,0.42621827125549316,0.6172962188720703,0.08365018665790558
YBR012W-A,YIR006C,0,2.0679731,0.42592594027519226,0.6172962188720703,0.08375024795532227
YDR074W,YGL185C,0,2.0672264,0.4256339967250824,0.6172962188720703,0.08385030925273895
YJL204C,YPR165W,1,2.066381,0.4260273873806,0.6182902455329895,0.08385030925273895
YDR342C,YOR044W,0,2.0627108,0.42573580145835876,0.6182902455329895,0.08395037055015564
YGL206C,YMR139W,0,2.061304,0.4254446029663086,0.6182902455329895,0.08405043184757233
YHR073W,YJR125C,1,2.0606322,0.42583730816841125,0.6192842721939087,0.08405043184757233
YIR037W,YLR467W,0,2.0598807,0.42554643750190735,0.6192842721939087,0.08415049314498901
YOR066W,YPL111W,0,2.0576482,0.42525598406791687,0.6192842721939087,0.0842505469918251
YHR016C,YDR069C,1,2.0562296,0.425648033618927,0.6202783584594727,0.0842505469918251
YPR028W,YCL061C,0,2.055721,0.4253578782081604,0.6202783584594727,0.08435060828924179
YBR286W,YLR201C,0,2.0548942,0.42506811022758484,0.6202783584594727,0.08445066958665848
YGL135W,YLR370C,0,2.054626,0.4247787594795227,0.6202783584594727,0.08455073088407516
YDL180W,YMR311C,0,2.0544357,0.4244897961616516,0.6202783584594727,0.08465079218149185
YDR479C,YDR326C,0,2.0500126,0.42420122027397156,0.6202783584594727,0.08475085347890854
YJR025C,YEL002C,0,2.0497756,0.42391303181648254,0.6202783584594727,0.08485090732574463
YOL133W,YER020W,0,2.049745,0.42362526059150696,0.6202783584594727,0.08495096862316132
YOR155C,YCR096C,0,2.0472927,0.4233378469944,0.6202783584594727,0.085051029920578
YAL030W,YML001W,1,2.046192,0.4237288236618042,0.6212723851203918,0.085051029920578
YIL048W,YPL145C,1,2.0460768,0.424119234085083,0.622266411781311,0.085051029920578
YML052W,YDR093W,1,2.045893,0.4245091378688812,0.6232604384422302,0.085051029920578
YOR089C,YOR327C,1,2.0454488,0.42489850521087646,0.6242544651031494,0.085051029920578
YHR021C,YER091C,0,2.0452409,0.4246112108230591,0.6242544651031494,0.08515109121799469
YBR036C,YLL001W,0,2.0448306,0.4243243336677551,0.6242544651031494,0.08525115251541138
YLR450W,YNL012W,0,2.0428567,0.4240378141403198,0.6242544651031494,0.08535121381282806
YER125W,YDR129C,1,2.0420358,0.42442643642425537,0.6252484917640686,0.08535121381282806
YGL173C,YPL028W,0,2.0416396,0.42414024472236633,0.6252484917640686,0.08545126765966415
YPR166C,YDR054C,0,2.0382898,0.42385444045066833,0.6252484917640686,0.08555132895708084
YBR109C,YNL227C,1,2.0357802,0.42424243688583374,0.6262425184249878,0.08555132895708084
YKR037C,YDR055W,0,2.0350118,0.4239569306373596,0.6262425184249878,0.08565139025449753
YPR102C,YOR221C,0,2.0344114,0.42367181181907654,0.6262425184249878,0.08575145155191422
YCL034W,YIL048W,1,2.0344052,0.4240591526031494,0.6272366046905518,0.08575145155191422
YGL021W,YFL039C,0,2.0341215,0.4237743318080902,0.6272366046905518,0.0858515128493309
YKR058W,YDR054C,0,2.0337286,0.42348992824554443,0.6272366046905518,0.08595157414674759
YOL127W,YDL067C,0,2.0330408,0.4232059121131897,0.6272366046905518,0.08605162799358368
YJL204C,YIL048W,1,2.032159,0.4235925078392029,0.628230631351471,0.08605162799358368
YER114C,YKL154W,0,2.0289783,0.42330875992774963,0.628230631351471,0.08615168929100037
YDR388W,YOR181W,1,2.0279677,0.42369478940963745,0.6292246580123901,0.08615168929100037
YDR490C,YOR327C,1,2.0276227,0.4240802824497223,0.6302186846733093,0.08615168929100037
YCR094W,YLR342W,1,2.0268466,0.42446523904800415,0.6312127113342285,0.08615168929100037
YBL017C,YIL160C,0,2.02612,0.4241816997528076,0.6312127113342285,0.08625175058841705
YLR414C,YNL149C,0,2.0255651,0.42389851808547974,0.6312127113342285,0.08635181188583374
YPL032C,YHR135C,1,2.0252166,0.42428284883499146,0.6322067379951477,0.08635181188583374
YKL100C,YOR174W,0,2.0235643,0.42399999499320984,0.6322067379951477,0.08645187318325043
YDR056C,YOR233W,0,2.0233731,0.42371752858161926,0.6322067379951477,0.08655193448066711
YCR028C,YEL027W,1,2.021942,0.42410120368003845,0.6332008242607117,0.08655193448066711
YDR456W,YJL102W,0,2.021883,0.42381903529167175,0.6332008242607117,0.0866519883275032
YDR270W,YJL109C,0,2.021527,0.4235372245311737,0.6332008242607117,0.08675204962491989
YPL148C,YNL046W,0,2.020279,0.4232558012008667,0.6332008242607117,0.08685211092233658
YJL062W,YJL189W,0,2.020222,0.42297476530075073,0.6332008242607117,0.08695217221975327
YML037C,YLR139C,0,2.0193048,0.4226940870285034,0.6332008242607117,0.08705223351716995
YDR388W,YDL060W,0,2.019136,0.42241379618644714,0.6332008242607117,0.08715229481458664
YDL019C,YER166W,1,2.018164,0.4227965474128723,0.6341948509216309,0.08715229481458664
YJR059W,YLR120C,0,2.0168247,0.4225165545940399,0.6341948509216309,0.08725234866142273
YBR036C,YIL093C,0,2.0166333,0.42223691940307617,0.6341948509216309,0.08735240995883942
YDR022C,YNR043W,0,2.015566,0.42195767164230347,0.6341948509216309,0.0874524712562561
YNL293W,YDR456W,0,2.0119853,0.4216787815093994,0.6341948509216309,0.08755253255367279
YDR524C,YFL044C,0,2.011692,0.4214002788066864,0.6341948509216309,0.08765259385108948
YDR436W,YHR010W,0,2.0105686,0.42112210392951965,0.6341948509216309,0.08775265514850616
YNR011C,YDL146W,0,2.0100276,0.42084431648254395,0.6341948509216309,0.08785270899534225
YNL162W,YNR001C,0,2.0092986,0.4205669164657593,0.6341948509216309,0.08795277029275894
YDR134C,YGL157W,0,2.0092893,0.4202898442745209,0.6341948509216309,0.08805283159017563
YML012W,YOR233W,0,2.009106,0.4200131595134735,0.6341948509216309,0.08815289288759232
YKL100C,YMR098C,0,2.0089712,0.4197368323802948,0.6341948509216309,0.088252954185009
YPL206C,YMR086W,0,2.0031114,0.41946089267730713,0.6341948509216309,0.08835301548242569
YDR012W,YIL145C,0,2.0019002,0.4191852807998657,0.6341948509216309,0.08845306932926178
YFL036W,YOR269W,0,2.0017838,0.41891005635261536,0.6341948509216309,0.08855313062667847
YDL195W,YBR185C,0,2.0013819,0.41863515973091125,0.6341948509216309,0.08865319192409515
YMR307W,YBL010C,0,1.9984847,0.4183606505393982,0.6341948509216309,0.08875325322151184
YGL253W,YLR265C,0,1.9983792,0.4180864989757538,0.6341948509216309,0.08885331451892853
YPL214C,YGL106W,0,1.9980431,0.417812705039978,0.6341948509216309,0.08895336836576462
YBR024W,YMR314W,0,1.9967775,0.4175392687320709,0.6341948509216309,0.0890534296631813
YNL191W,YML048W,0,1.995396,0.41726619005203247,0.6341948509216309,0.08915349096059799
YAL010C,YCL057C-A,0,1.995253,0.41699346899986267,0.6341948509216309,0.08925355225801468
YPR081C,YDR252W,0,1.9920204,0.4167211055755615,0.6341948509216309,0.08935361355543137
YNL046W,YOR096W,0,1.9918231,0.41644909977912903,0.6341948509216309,0.08945367485284805
YDR481C,YHR070W,0,1.9883091,0.4161774218082428,0.6341948509216309,0.08955372869968414
YBR036C,YKL195W,0,1.9878023,0.4159061312675476,0.6341948509216309,0.08965378999710083
YIL095W,YHR073W,1,1.9875308,0.4162866473197937,0.63518887758255,0.08965378999710083
YMR235C,YNL217W,0,1.9858232,0.416015625,0.63518887758255,0.08975385129451752
YDL033C,YDR077W,0,1.9855146,0.41574496030807495,0.63518887758255,0.0898539125919342
YML104C,YGR189C,0,1.9844923,0.41547465324401855,0.63518887758255,0.08995397388935089
YOR167C,YAL021C,0,1.98393,0.4152046740055084,0.63518887758255,0.09005403518676758
YAL023C,YKR058W,0,1.9823347,0.41493505239486694,0.63518887758255,0.09015408903360367
YER125W,YNL243W,1,1.9810493,0.4153147339820862,0.6361829042434692,0.09015408903360367
YER027C,YOR356W,0,1.9778879,0.4150454103946686,0.6361829042434692,0.09025415033102036
YPL090C,YBR012W-B,0,1.9777699,0.41477641463279724,0.6361829042434692,0.09035421162843704
YJR015W,YPR108W,0,1.9773513,0.41450777649879456,0.6361829042434692,0.09045427292585373
YNL331C,YGL251C,0,1.9746063,0.4142394959926605,0.6361829042434692,0.09055433422327042
YDR270W,YDR322W,0,1.9740758,0.41397154331207275,0.6361829042434692,0.0906543955206871
YMR080C,YGR135W,0,1.9726939,0.41370394825935364,0.6361829042434692,0.0907544493675232
YOR036W,YGR106C,0,1.9721422,0.4134366810321808,0.6361829042434692,0.09085451066493988
YLR276C,YOR306C,0,1.9721102,0.413169801235199,0.6361829042434692,0.09095457196235657
YLR147C,YHR010W,0,1.9677808,0.41290321946144104,0.6361829042434692,0.09105463325977325
YLL038C,YDL019C,1,1.9655638,0.41328176856040955,0.6371769309043884,0.09105463325977325
YER070W,YKL021C,0,1.964826,0.4130154550075531,0.6371769309043884,0.09115469455718994
YGL213C,YBL030C,0,1.959047,0.4127495288848877,0.6371769309043884,0.09125475585460663
YDR022C,YCR028C,0,1.9578512,0.41248390078544617,0.6371769309043884,0.09135480970144272
YOL100W,YDR342C,0,1.955863,0.4122186601161957,0.6371769309043884,0.0914548709988594
YNL046W,YDR032C,0,1.9557207,0.41195371747016907,0.6371769309043884,0.09155493229627609
YFR008W,YOR120W,0,1.9555175,0.4116891324520111,0.6371769309043884,0.09165499359369278
YNL280C,YJR145C,0,1.9554164,0.4114249050617218,0.6371769309043884,0.09175505489110947
YOR181W,YMR150C,0,1.9540322,0.41116100549697876,0.6371769309043884,0.09185511618852615
YHR215W,YLL011W,0,1.9538691,0.410897433757782,0.6371769309043884,0.09195517003536224
YMR152W,YLR079W,0,1.953434,0.41063421964645386,0.6371769309043884,0.09205523133277893
YDR074W,YJL109C,0,1.9532592,0.410371333360672,0.6371769309043884,0.09215529263019562
YML125C,YDR380W,0,1.9519813,0.4101087749004364,0.6371769309043884,0.0922553539276123
YCR094W,YCR053W,1,1.948192,0.4104859232902527,0.6381709575653076,0.0922553539276123
YPR122W,YKL056C,0,1.9481735,0.4102236330509186,0.6381709575653076,0.09235541522502899
YKL004W,YDL144C,0,1.9471202,0.4099617004394531,0.6381709575653076,0.09245547652244568
YML012W,YFL037W,0,1.946852,0.40970006585121155,0.6381709575653076,0.09255553036928177
YHR161C,YLR337C,1,1.9448321,0.4100765287876129,0.6391649842262268,0.09255553036928177
YPL106C,YMR051C,0,1.9439464,0.4098151624202728,0.6391649842262268,0.09265559166669846
YDR347W,YOL031C,0,1.9434805,0.4095541536808014,0.6391649842262268,0.09275565296411514
YGL161C,YJR060W,0,1.9432675,0.40929344296455383,0.6391649842262268,0.09285571426153183
YPL174C,YMR303C,0,1.9431221,0.4090330898761749,0.6391649842262268,0.09295577555894852
YDR056C,YJL062W,0,1.941968,0.4087730348110199,0.6391649842262268,0.0930558368563652
YDR166C,YGR014W,0,1.9397682,0.4085133373737335,0.6391649842262268,0.0931558907032013
YNL001W,YCR054C,0,1.9396907,0.4082539677619934,0.6391649842262268,0.09325595200061798
YIL145C,YNL248C,0,1.9390941,0.40799492597579956,0.6391649842262268,0.09335601329803467
YHR016C,YCR009C,1,1.937871,0.40837031602859497,0.6401590704917908,0.09335601329803467
YNR061C,YPL214C,0,1.933178,0.4081115424633026,0.6401590704917908,0.09345607459545135
YJL204C,YKL126W,1,1.9328067,0.40848639607429504,0.64115309715271,0.09345607459545135
YGR198W,YOR322C,1,1.9310677,0.4088607728481293,0.6421471238136292,0.09345607459545135
YBR207W,YPL004C,1,1.92905,0.4092346727848053,0.6431411504745483,0.09345607459545135
YBL030C,YMR289W,0,1.9264715,0.4089759886264801,0.6431411504745483,0.09355613589286804
YIL138C,YOR120W,0,1.9259658,0.40871763229370117,0.6431411504745483,0.09365619719028473
YOR237W,YKR003W,1,1.9257182,0.40909090638160706,0.6441351771354675,0.09365619719028473
YGR088W,YOR217W,0,1.9257164,0.4088328182697296,0.6441351771354675,0.09375625103712082
YDR342C,YIL126W,0,1.9236873,0.40857502818107605,0.6441351771354675,0.0938563123345375
YPR049C,YLR109W,0,1.9233798,0.40831756591796875,0.6441351771354675,0.0939563736319542
YNL325C,YER012W,0,1.9200709,0.4080604612827301,0.6441351771354675,0.09405643492937088
YIR002C,YNL135C,0,1.9200535,0.40780365467071533,0.6441351771354675,0.09415649622678757
YIR037W,YOL149W,0,1.9161555,0.4075471758842468,0.6441351771354675,0.09425655752420425
YGR008C,YJL102W,0,1.9159387,0.4072910249233246,0.6441351771354675,0.09435661137104034
YOR181W,YLR276C,0,1.9153621,0.4070351719856262,0.6441351771354675,0.09445667266845703
YLR343W,YCL057C-A,0,1.9145442,0.4067796468734741,0.6441351771354675,0.09455673396587372
YDR093W,YOR044W,0,1.9123732,0.4065244793891907,0.6441351771354675,0.0946567952632904
YHR016C,YCR094W,1,1.9106534,0.40689656138420105,0.6451292037963867,0.0946567952632904
YHR116W,YPR070W,0,1.9091294,0.4066416025161743,0.6451292037963867,0.09475685656070709
YHR016C,YFL039C,1,1.9084957,0.4070131480693817,0.6461232900619507,0.09475685656070709
YOR089C,YGR198W,1,1.9079942,0.4073842167854309,0.6471173167228699,0.09475685656070709
YOR124C,YPR042C,0,1.9072676,0.4071294665336609,0.6471173167228699,0.09485691785812378
YJR155W,YNL244C,0,1.9062091,0.40687501430511475,0.6471173167228699,0.09495697170495987
YIL138C,YLR207W,0,1.9055486,0.4066208600997925,0.6471173167228699,0.09505703300237656
YOR043W,YOR242C,0,1.9011563,0.4063670337200165,0.6471173167228699,0.09515709429979324
YIL041W,YHR135C,1,1.9010508,0.406737357378006,0.6481113433837891,0.09515709429979324
YHL032C,YML091C,0,1.900348,0.40648379921913147,0.6481113433837891,0.09525715559720993
YOL064C,YOR369C,0,1.899313,0.40623053908348083,0.6481113433837891,0.09535721689462662
YML052W,YDR264C,1,1.898848,0.4066002368927002,0.6491053700447083,0.09535721689462662
YHR116W,YIR037W,0,1.8958142,0.40634724497795105,0.6491053700447083,0.09545727074146271
YOR066W,YDR380W,0,1.894787,0.4060945212841034,0.6491053700447083,0.0955573320388794
YLR371W,YLR403W,0,1.8926377,0.405842125415802,0.6491053700447083,0.09565739333629608
YCL047C,YBR012W-B,0,1.8921871,0.4055900573730469,0.6491053700447083,0.09575745463371277
YJR155W,YER112W,0,1.8917433,0.4053382873535156,0.6491053700447083,0.09585751593112946
YJR126C,YNL268W,0,1.891542,0.40508684515953064,0.6491053700447083,0.09595757722854614
YGR223C,YGL106W,0,1.8909364,0.40483570098876953,0.6491053700447083,0.09605763107538223
YBL017C,YOL149W,0,1.8905895,0.4045848846435547,0.6491053700447083,0.09615769237279892
YBR286W,YPR096C,0,1.8882447,0.4043343663215637,0.6491053700447083,0.0962577536702156
YDR056C,YPR054W,0,1.8878886,0.40408414602279663,0.6491053700447083,0.0963578149676323
YPL048W,YMR311C,0,1.8855851,0.4038342535495758,0.6491053700447083,0.09645787626504898
YPR166C,YDR055W,0,1.8852298,0.40358465909957886,0.6491053700447083,0.09655793756246567
YMR080C,YER086W,0,1.8849063,0.4033353924751282,0.6491053700447083,0.09665799140930176
YDR056C,YOR043W,0,1.8838897,0.40308642387390137,0.6491053700447083,0.09675805270671844
YEL064C,YNR050C,0,1.8838346,0.40283775329589844,0.6491053700447083,0.09685811400413513
YPL177C,YOR076C,0,1.8833025,0.4025894105434418,0.6491053700447083,0.09695817530155182
YEL054C,YOR221C,0,1.8828018,0.4023413360118866,0.6491053700447083,0.0970582365989685
YJR009C,YPL258C,0,1.8822057,0.4020935893058777,0.6491053700447083,0.09715829789638519
YHR073W,YNL154C,1,1.8804967,0.40246152877807617,0.6500993967056274,0.09715829789638519
YBR207W,YDL161W,1,1.8801504,0.40282902121543884,0.6510934233665466,0.09715829789638519
YIL027C,YML091C,0,1.8795795,0.40258142352104187,0.6510934233665466,0.09725835174322128
YER036C,YPR019W,0,1.8794427,0.40233415365219116,0.6510934233665466,0.09735841304063797
YIR036C,YML048W,0,1.8782251,0.40208718180656433,0.6510934233665466,0.09745847433805466
YPL195W,YOR092W,0,1.8771105,0.401840478181839,0.6510934233665466,0.09755853563547134
YIR014W,YDL007W,0,1.876653,0.4015941023826599,0.6510934233665466,0.09765859693288803
YBR097W,YAL035W,0,1.8765715,0.4013480246067047,0.6510934233665466,0.09775865823030472
YCR096C,YGR086C,0,1.876446,0.4011022746562958,0.6510934233665466,0.09785871207714081
YDR481C,YOL092W,0,1.8745639,0.40085679292678833,0.6510934233665466,0.0979587733745575
YBR283C,YDR158W,0,1.8742998,0.40061160922050476,0.6510934233665466,0.09805883467197418
YLR371W,YCR009C,1,1.8740866,0.4009779989719391,0.6520874500274658,0.09805883467197418
YKR090W,YKR062W,0,1.8738345,0.4007330536842346,0.6520874500274658,0.09815889596939087
YKL004W,YOR131C,0,1.8737041,0.40048840641975403,0.6520874500274658,0.09825895726680756
YDL127W,YJL062W,0,1.8733102,0.4002440571784973,0.6520874500274658,0.09835901856422424
YNL280C,YOR322C,0,1.8731073,0.4000000059604645,0.6520874500274658,0.09845907241106033
YOR257W,YIL111W,0,1.8730986,0.3997562527656555,0.6520874500274658,0.09855913370847702
YDR341C,YGL229C,0,1.8722837,0.39951279759407043,0.6520874500274658,0.09865919500589371
YEL059C-A,YAL003W,0,1.8717487,0.39926964044570923,0.6520874500274658,0.0987592563033104
YDL019C,YDR523C,0,1.8701804,0.3990267515182495,0.6520874500274658,0.09885931760072708
YDR247W,YLL035W,0,1.8695959,0.39878419041633606,0.6520874500274658,0.09895937889814377
YER036C,YJL153C,0,1.8692784,0.3985419273376465,0.6520874500274658,0.09905943274497986
YGL206C,YCR054C,0,1.8686075,0.3982999324798584,0.6520874500274658,0.09915949404239655
YHR140W,YML070W,0,1.8679688,0.3980582654476166,0.6520874500274658,0.09925955533981323
YER113C,YCL057C-A,0,1.8678646,0.39781686663627625,0.6520874500274658,0.09935961663722992
YLR371W,YBR283C,0,1.8663645,0.3975757658481598,0.6520874500274658,0.0994596779346466
YFL047W,YNL227C,0,1.86602,0.3973349630832672,0.6520874500274658,0.0995597392320633
YHR013C,YPR019W,0,1.8644773,0.3970944285392761,0.6520874500274658,0.09965979307889938
YBR214W,YEL027W,1,1.8639882,0.3974591791629791,0.6530815362930298,0.09965979307889938
YDR297W,YOR244W,0,1.8637033,0.39721885323524475,0.6530815362930298,0.09975985437631607
YMR139W,YLR099C,0,1.8588756,0.39697885513305664,0.6530815362930298,0.09985991567373276
YFL036W,YIL112W,0,1.8587639,0.39673912525177,0.6530815362930298,0.09995997697114944
YIR014W,YDR342C,0,1.8551607,0.3964996933937073,0.6530815362930298,0.10006003826856613
YOR257W,YDR071C,0,1.8546036,0.3962605595588684,0.6530815362930298,0.10016009956598282
YLR120C,YNL151C,0,1.8539803,0.39602169394493103,0.6530815362930298,0.10026015341281891
YPL091W,YDL007W,0,1.8523369,0.39578312635421753,0.6530815362930298,0.1003602147102356
YER020W,YDR054C,0,1.8496276,0.3955448567867279,0.6530815362930298,0.10046027600765228
YHL047C,YJL101C,0,1.8494735,0.39530685544013977,0.6530815362930298,0.10056033730506897
YDR011W,YJL148W,0,1.8488832,0.3950691521167755,0.6530815362930298,0.10066039860248566
YGL229C,YIL160C,0,1.8487407,0.39483171701431274,0.6530815362930298,0.10076045989990234
YGL135W,YDR103W,0,1.8484433,0.39459457993507385,0.6530815362930298,0.10086051374673843
YDR177W,YKR014C,1,1.8480321,0.3949579894542694,0.654075562953949,0.10086051374673843
YBR241C,YPL204W,0,1.8469181,0.39472106099128723,0.654075562953949,0.10096057504415512
YJR110W,YKL059C,0,1.8459306,0.39448440074920654,0.654075562953949,0.10106063634157181
YBR012W-A,YDR387C,0,1.8457043,0.39424803853034973,0.654075562953949,0.1011606976389885
YIL041W,YKL129C,1,1.8438175,0.39461079239845276,0.6550695896148682,0.1011606976389885
YNL101W,YNR007C,0,1.8433676,0.39437463879585266,0.6550695896148682,0.10126075893640518
YAR042W,YPL145C,1,1.843287,0.3947368562221527,0.6560636162757874,0.10126075893640518
YJL170C,YDR252W,0,1.843272,0.3945009112358093,0.6560636162757874,0.10136081278324127
YDL099W,YER173W,0,1.8418088,0.39426523447036743,0.6560636162757874,0.10146087408065796
YJR075W,YAL008W,0,1.8413327,0.3940298557281494,0.6560636162757874,0.10156093537807465
YGL223C,YER140W,0,1.8412969,0.3937947452068329,0.6560636162757874,0.10166099667549133
YDR011W,YDL192W,0,1.8396297,0.39355993270874023,0.6560636162757874,0.10176105797290802
YKL059C,YOL072W,0,1.8395936,0.3933253884315491,0.6560636162757874,0.10186111927032471
YGL206C,YDR046C,0,1.8376765,0.3930911123752594,0.6560636162757874,0.1019611731171608
YKR003W,YGL206C,1,1.8372853,0.39345237612724304,0.6570576429367065,0.1019611731171608
YGR029W,YOR373W,0,1.8363743,0.3932183086872101,0.6570576429367065,0.10206123441457748
YER025W,YDR251W,0,1.836259,0.392984539270401,0.6570576429367065,0.10216129571199417
YDR342C,YGR076C,0,1.8355843,0.3927510380744934,0.6570576429367065,0.10226135700941086
YOR043W,YML001W,1,1.8339112,0.3931116461753845,0.6580516695976257,0.10226135700941086
YER087C-A,YCL055W,0,1.8313044,0.39287832379341125,0.6580516695976257,0.10236141830682755
YNL162W,YDR334W,0,1.8309019,0.39264532923698425,0.6580516695976257,0.10246147960424423
YJL143W,YAL021C,0,1.8302381,0.39241257309913635,0.6580516695976257,0.10256153345108032
YIR006C,YOL080C,0,1.8268261,0.39218008518218994,0.6580516695976257,0.10266159474849701
YIR036C,YEL058W,0,1.8267756,0.3919478952884674,0.6580516695976257,0.1027616560459137
YDR236C,YLR448W,0,1.8248739,0.39171597361564636,0.6580516695976257,0.10286171734333038
YDR379W,YGR234W,0,1.8239434,0.3914843201637268,0.6580516695976257,0.10296177864074707
YPL149W,YPR016C,0,1.8231666,0.39125296473503113,0.6580516695976257,0.10306183993816376
YBR207W,YJL204C,1,1.8220699,0.39161252975463867,0.6590456962585449,0.10306183993816376
YHR076W,YMR037C,0,1.8217449,0.3913813531398773,0.6590456962585449,0.10316189378499985
YNL032W,YKL129C,1,1.8204976,0.3917404115200043,0.6600397825241089,0.10316189378499985
YNL162W,YNR040W,0,1.8200524,0.39150944352149963,0.6600397825241089,0.10326195508241653
YCR094W,YBR059C,1,1.8191752,0.391867995262146,0.6610338091850281,0.10326195508241653
YOR089C,YHR073W,1,1.8173596,0.3922261595726013,0.6620278358459473,0.10326195508241653
YDR536W,YGR162W,0,1.8166518,0.39199528098106384,0.6620278358459473,0.10336201637983322
YDR033W,YER007W,0,1.8155508,0.39176470041275024,0.6620278358459473,0.10346207767724991
YDR379W,YDR298C,0,1.8148594,0.39153438806533813,0.6620278358459473,0.1035621389746666
YHR101C,YDR115W,0,1.8130898,0.3913043439388275,0.6620278358459473,0.10366220027208328
YJL052W,YPL204W,0,1.812634,0.3910745680332184,0.6620278358459473,0.10376225411891937
YDL137W,YMR217W,0,1.8121135,0.39084506034851074,0.6620278358459473,0.10386231541633606
YOL138C,YPR132W,0,1.8106624,0.3906158208847046,0.6620278358459473,0.10396237671375275
YIR037W,YDR402C,0,1.8099594,0.3903868794441223,0.6620278358459473,0.10406243801116943
YHL008C,YBR198C,0,1.8098454,0.39015817642211914,0.6620278358459473,0.10416249930858612
YKR059W,YDR252W,0,1.8081264,0.38992974162101746,0.6620278358459473,0.10426256060600281
YPL206C,YMR282C,0,1.8080833,0.38970157504081726,0.6620278358459473,0.1043626144528389
YDL085W,YBR048W,0,1.8071718,0.38947367668151855,0.6620278358459473,0.10446267575025558
YJR045C,YJL148W,0,1.8066779,0.38924604654312134,0.6620278358459473,0.10456273704767227
YGR279C,YPL092W,0,1.8063436,0.3890186846256256,0.6620278358459473,0.10466279834508896
YNL046W,YOR061W,0,1.8023427,0.38879159092903137,0.6620278358459473,0.10476285964250565
YKR003W,YFL039C,1,1.8021412,0.38914820551872253,0.6630218625068665,0.10476285964250565
YIR014W,YHR086W,0,1.8011608,0.3889212906360626,0.6630218625068665,0.10486292093992233
YCR096C,YKR050W,0,1.7995769,0.3886946439743042,0.6630218625068665,0.10496297478675842
YGL251C,YDR032C,0,1.7978857,0.38846826553344727,0.6630218625068665,0.10506303608417511
YBR286W,YDL180W,0,1.7974007,0.3882421553134918,0.6630218625068665,0.1051630973815918
YBR012W-A,YCR098C,0,1.7958817,0.3880162835121155,0.6630218625068665,0.10526315867900848
YDL129W,YMR045C,0,1.7957163,0.387790709733963,0.6630218625068665,0.10536321997642517
YEL015W,YLR265C,0,1.7949554,0.38756537437438965,0.6630218625068665,0.10546328127384186
YDR074W,YNR020C,0,1.7940197,0.3873403072357178,0.6630218625068665,0.10556333512067795
YGR086C,YER044C,0,1.7934265,0.3871155083179474,0.6630218625068665,0.10566339641809464
YIR037W,YCL027W,0,1.7917854,0.3868909478187561,0.6630218625068665,0.10576345771551132
YMR297W,YKR062W,0,1.7917196,0.3866666555404663,0.6630218625068665,0.10586351901292801
YGR223C,YIR017C,0,1.7909994,0.386442631483078,0.6630218625068665,0.1059635803103447
YBL017C,YKR059W,0,1.7906547,0.3862188756465912,0.6630218625068665,0.10606364160776138
YMR235C,YLR099C,0,1.7896587,0.38599535822868347,0.6630218625068665,0.10616369545459747
YER027C,YGL095C,0,1.7893173,0.38577210903167725,0.6630218625068665,0.10626375675201416
YKL135C,YGL009C,0,1.7892151,0.3855491280555725,0.6630218625068665,0.10636381804943085
YDR018C,YER110C,0,1.7885149,0.38532641530036926,0.6630218625068665,0.10646387934684753
YJL204C,YCR009C,1,1.7875229,0.38568130135536194,0.6640158891677856,0.10646387934684753
YNL032W,YGR198W,1,1.7861257,0.3860357701778412,0.6650099158287048,0.10646387934684753
YJR145C,YLR396C,0,1.7852222,0.3858131468296051,0.6650099158287048,0.10656394064426422
YDR046C,YGL009C,0,1.784709,0.3855907917022705,0.6650099158287048,0.10666400194168091
YMR163C,YDR362C,0,1.7839227,0.385368674993515,0.6650099158287048,0.106764055788517
YKR058W,YMR152W,0,1.7838621,0.3851467967033386,0.6650099158287048,0.10686411708593369
YDR238C,YLR427W,0,1.7838322,0.3849251866340637,0.6650099158287048,0.10696417838335037
YDR380W,YNR041C,0,1.7830018,0.3847038447856903,0.6650099158287048,0.10706423968076706
YML052W,YNL154C,1,1.7829447,0.3850574791431427,0.6660040020942688,0.10706423968076706
YKR090W,YHR181W,0,1.7823734,0.3848362863063812,0.6660040020942688,0.10716430097818375
YDR329C,YGR135W,0,1.7813923,0.38461539149284363,0.6660040020942688,0.10726436227560043
YIL034C,YAL008W,0,1.7813509,0.38439473509788513,0.6660040020942688,0.10736441612243652
YDR117C,YLR176C,0,1.779904,0.38417431712150574,0.6660040020942688,0.10746447741985321
YCR094W,YNR035C,1,1.7792584,0.38452720642089844,0.666998028755188,0.10746447741985321
YIL027C,YNL292W,0,1.7791581,0.38430699706077576,0.666998028755188,0.1075645387172699
YDR507C,YMR012W,0,1.7773411,0.3840869963169098,0.666998028755188,0.10766460001468658
YDR032C,YDR115W,0,1.7770491,0.3838672637939453,0.666998028755188,0.10776466131210327
YDR456W,YDL008W,0,1.7768409,0.3836477994918823,0.666998028755188,0.10786471515893936
YKL181W,YNR007C,0,1.7764373,0.38342857360839844,0.666998028755188,0.10796477645635605
YDL204W,YNL325C,0,1.7755964,0.38320958614349365,0.666998028755188,0.10806483775377274
YNL159C,YGR026W,0,1.7747326,0.38299086689949036,0.666998028755188,0.10816489905118942
YHR215W,YIL026C,0,1.7746406,0.38277238607406616,0.666998028755188,0.10826496034860611
YJR013W,YHR013C,0,1.7742747,0.38255417346954346,0.666998028755188,0.1083650216460228
YLR170C,YHR101C,0,1.7741245,0.38233616948127747,0.666998028755188,0.10846507549285889
YIR006C,YML037C,0,1.7737072,0.38211846351623535,0.666998028755188,0.10856513679027557
YHR092C,YPR098C,0,1.7730136,0.38190096616744995,0.666998028755188,0.10866519808769226
YNL084C,YHR135C,1,1.7725732,0.38225257396698,0.6679920554161072,0.10866519808769226
YDR238C,YNR011C,0,1.7707037,0.3820352554321289,0.6679920554161072,0.10876525938510895
YOL105C,YOL019W,0,1.7706434,0.38181817531585693,0.6679920554161072,0.10886532068252563
YDR529C,YOR221C,0,1.7700735,0.38160136342048645,0.6679920554161072,0.10896538197994232
YHR025W,YNL325C,0,1.769105,0.38138478994369507,0.6679920554161072,0.10906543582677841
YCR028C,YDR490C,1,1.7682264,0.3817356824874878,0.6689860820770264,0.10906543582677841
YJL157C,YBR012W-A,0,1.7668418,0.38151928782463074,0.6689860820770264,0.1091654971241951
YMR080C,YML015C,0,1.7638055,0.3813031017780304,0.6689860820770264,0.10926555842161179
YDR531W,YOR347C,0,1.762296,0.38108721375465393,0.6689860820770264,0.10936561971902847
YGR009C,YPR108W,0,1.7617228,0.3808715343475342,0.6689860820770264,0.10946568101644516
YLL050C,YLR100W,0,1.7613313,0.3806561231613159,0.6689860820770264,0.10956574231386185
YPL231W,YGL227W,0,1.760155,0.38044092059135437,0.6689860820770264,0.10966579616069794
YBL017C,YKL179C,0,1.7599924,0.3802259862422943,0.6689860820770264,0.10976585745811462
YBR097W,YCR053W,0,1.7595584,0.38001129031181335,0.6689860820770264,0.10986591875553131
YFR003C,YIL101C,0,1.7594934,0.3797968327999115,0.6689860820770264,0.109965980052948
YER082C,YNL149C,0,1.755677,0.37958261370658875,0.6689860820770264,0.11006604135036469
YNL093W,YLR056W,1,1.7528664,0.37993234395980835,0.6699801087379456,0.11006604135036469
YCR028C,YKL129C,1,1.7492781,0.3802816867828369,0.6709741353988647,0.11006604135036469
YDR511W,YMR022W,0,1.7491946,0.3800675570964813,0.6709741353988647,0.11016610264778137
YEL038W,YGR101W,0,1.7488818,0.3798536956310272,0.6709741353988647,0.11026615649461746
YNL046W,YER007W,0,1.7477267,0.37964004278182983,0.6709741353988647,0.11036621779203415
YMR080C,YPR132W,0,1.7467225,0.37942665815353394,0.6709741353988647,0.11046627908945084
YOL120C,YMR023C,0,1.7460005,0.37921348214149475,0.6709741353988647,0.11056634038686752
YPL206C,YEL058W,0,1.7457359,0.37900057435035706,0.6709741353988647,0.11066640168428421
YJR145C,YEL016C,0,1.7452229,0.3787878751754761,0.6709741353988647,0.1107664629817009
YBR175W,YMR311C,0,1.7438853,0.3785754442214966,0.6709741353988647,0.11086651682853699
YDR238C,YJL073W,0,1.7434751,0.3783632218837738,0.6709741353988647,0.11096657812595367
YKR003W,YNL243W,1,1.7429402,0.3787114918231964,0.6719681620597839,0.11096657812595367
YPR132W,YPL269W,0,1.7427392,0.37849944829940796,0.6719681620597839,0.11106663942337036
YMR198W,YOR092W,0,1.7423961,0.3782876431941986,0.6719681620597839,0.11116670072078705
YJL158C,YDR252W,0,1.7407403,0.37807607650756836,0.6719681620597839,0.11126676201820374
YPL004C,YIR006C,1,1.7371076,0.37842369079589844,0.6729622483253479,0.11126676201820374
YHL019C,YOR332W,0,1.7368016,0.3782123029232025,0.6729622483253479,0.11136682331562042
YER044C,YDR393W,0,1.7362382,0.3780011236667633,0.6729622483253479,0.11146687716245651
YDL095W,YNL289W,0,1.7361445,0.3777901828289032,0.6729622483253479,0.1115669384598732
YPL206C,YOR244W,0,1.7350606,0.3775794804096222,0.6729622483253479,0.11166699975728989
YDL108W,YDR077W,0,1.7350057,0.3773690164089203,0.6729622483253479,0.11176706105470657
YJR076C,YML087C,0,1.7347074,0.3771587610244751,0.6729622483253479,0.11186712235212326
YDR481C,YJL008C,0,1.7337043,0.3769487738609314,0.6729622483253479,0.11196718364953995
YLR364W,YGL168W,0,1.7326407,0.3767389953136444,0.6729622483253479,0.11206723749637604
YGL206C,YDR065W,0,1.7324735,0.3765294849872589,0.6729622483253479,0.11216729879379272
YOR167C,YBL061C,0,1.7317095,0.3763201832771301,0.6729622483253479,0.11226736009120941
YLR286C,YPL202C,0,1.7316566,0.37611111998558044,0.6729622483253479,0.1123674213886261
YKL156W,YOR386W,0,1.7299249,0.3759022653102875,0.6729622483253479,0.11246748268604279
YOR182C,YGL141W,0,1.7273506,0.375693678855896,0.6729622483253479,0.11256754398345947
YHR136C,YAL012W,0,1.7257159,0.37548530101776123,0.6729622483253479,0.11266759783029556
YHR073W,YOR109W,1,1.7256519,0.3758314847946167,0.6739562749862671,0.11266759783029556
YDR033W,YKL011C,0,1.7244648,0.37562325596809387,0.6739562749862671,0.11276765912771225
YJR065C,YJL136C,0,1.7211406,0.37541529536247253,0.6739562749862671,0.11286772042512894
YGR088W,YGR135W,0,1.7187307,0.3752075135707855,0.6739562749862671,0.11296778172254562
YKL179C,YGR037C,0,1.717655,0.375,0.6739562749862671,0.11306784301996231
YLR356W,YBR214W,0,1.7164391,0.3747926950454712,0.6739562749862671,0.113167904317379
YJL204C,YHR161C,1,1.7161498,0.37513813376426697,0.6749503016471863,0.113167904317379
YDR342C,YNR007C,0,1.7155824,0.3749309778213501,0.6749503016471863,0.11326795816421509
YDR003W,YNL325C,0,1.7150037,0.37472406029701233,0.6749503016471863,0.11336801946163177
YDR239C,YMR045C,0,1.7148824,0.37451738119125366,0.6749503016471863,0.11346808075904846
YBL057C,YER020W,0,1.7128285,0.3743109107017517,0.6749503016471863,0.11356814205646515
YKL100C,YGR101W,0,1.712394,0.37410467863082886,0.6749503016471863,0.11366820335388184
YGR026W,YPL226W,0,1.7105353,0.3738986849784851,0.6749503016471863,0.11376826465129852
YBR092C,YPL038W,0,1.7102807,0.37369289994239807,0.6749503016471863,0.11386831849813461
YKR014C,YIR036C,0,1.7096395,0.37348735332489014,0.6749503016471863,0.1139683797955513
YFL029C,YLR100W,0,1.7085481,0.3732820153236389,0.6749503016471863,0.11406844109296799
YML124C,YLR304C,0,1.7080023,0.3730769157409668,0.6749503016471863,0.11416850239038467
YGL223C,YMR071C,0,1.7074049,0.3728720545768738,0.6749503016471863,0.11426856368780136
YKL126W,YAL026C,1,1.704499,0.3732162415981293,0.6759443283081055,0.11426856368780136
YPL143W,YDR003W,0,1.7041252,0.3730115294456482,0.6759443283081055,0.11436861753463745
YNL291C,YDR320C,0,1.7029302,0.37280702590942383,0.6759443283081055,0.11446867883205414
YNL218W,YMR051C,0,1.7011464,0.3726027309894562,0.6759443283081055,0.11456874012947083
YOR332W,YDR130C,0,1.7010915,0.3723986744880676,0.6759443283081055,0.11466880142688751
YNL091W,YNL310C,0,1.7007314,0.3721948564052582,0.6759443283081055,0.1147688627243042
YDL130W,YNL325C,0,1.7006891,0.37199124693870544,0.6759443283081055,0.11486892402172089
YMR235C,YHR044C,0,1.7001345,0.3717878758907318,0.6759443283081055,0.11496897786855698
YML037C,YNL248C,0,1.699879,0.3715847134590149,0.6759443283081055,0.11506903916597366
YDR503C,YLR304C,0,1.699731,0.3713817596435547,0.6759443283081055,0.11516910046339035
YBR033W,YOR174W,0,1.6994566,0.3711790442466736,0.6759443283081055,0.11526916176080704
YGL173C,YJR104C,0,1.6984307,0.3709765374660492,0.6759443283081055,0.11536922305822372
YOR008C,YMR109W,1,1.6945956,0.3713195323944092,0.6769383549690247,0.11536922305822372
YOR076C,YOR242C,0,1.6935935,0.37111717462539673,0.6769383549690247,0.11546928435564041
YLR414C,YOL092W,0,1.691875,0.370915025472641,0.6769383549690247,0.1155693382024765
YIR036C,YDR088C,0,1.691718,0.37071311473846436,0.6769383549690247,0.11566939949989319
YJL204C,YGR198W,1,1.6912912,0.3710554838180542,0.6779323816299438,0.11566939949989319
YPL144W,YNL244C,0,1.6908789,0.3708537220954895,0.6779323816299438,0.11576946079730988
YMR298W,YLR430W,0,1.6900973,0.3706521689891815,0.6779323816299438,0.11586952209472656
YER125W,YNR075W,1,1.6891603,0.37099403142929077,0.6789264678955078,0.11586952209472656
YKL183W,YLR304C,0,1.6890106,0.3707926273345947,0.6789264678955078,0.11596958339214325
YDR177W,YML001W,1,1.6889589,0.3711340129375458,0.679920494556427,0.11596958339214325
YJL048C,YNL136W,0,1.6888099,0.37093275785446167,0.679920494556427,0.11606964468955994
YOL018C,YKL195W,0,1.6866922,0.3707317113876343,0.679920494556427,0.11616969853639603
YMR017W,YNR047W,0,1.6864774,0.3705308735370636,0.679920494556427,0.11626975983381271
YDR093W,YGR123C,0,1.6859667,0.370330274105072,0.679920494556427,0.1163698211312294
YPR028W,YOR242C,0,1.6855031,0.37012988328933716,0.679920494556427,0.11646988242864609
YOR109W,YPL032C,1,1.6847548,0.3704705238342285,0.6809145212173462,0.11646988242864609
YKL034W,YER020W,0,1.6838431,0.3702702820301056,0.6809145212173462,0.11656994372606277
YEL054C,YKL179C,0,1.6833212,0.370070219039917,0.6809145212173462,0.11667000502347946
YLR371W,YNL032W,1,1.6830503,0.37041035294532776,0.6819085478782654,0.11667000502347946
YBL017C,YOR039W,0,1.6819081,0.3702104687690735,0.6819085478782654,0.11677005887031555
YIL172C,YKL140W,0,1.6818554,0.3700107932090759,0.6819085478782654,0.11687012016773224
YOR237W,YOR008C,1,1.6783154,0.3703503906726837,0.6829025745391846,0.11687012016773224
YGL136C,YBR214W,0,1.6781335,0.3701508641242981,0.6829025745391846,0.11697018146514893
YPL051W,YDR529C,0,1.6771269,0.3699515461921692,0.6829025745391846,0.11707024276256561
YOR124C,YER110C,0,1.6768341,0.3697524070739746,0.6829025745391846,0.1171703040599823
YPR192W,YDR252W,0,1.6765919,0.3695535361766815,0.6829025745391846,0.11727036535739899
YBR092C,YMR287C,0,1.6763452,0.36935484409332275,0.6829025745391846,0.11737041920423508
YDL006W,YDR047W,0,1.6751335,0.3691563606262207,0.6829025745391846,0.11747048050165176
YDL204W,YML104C,0,1.6738975,0.36895811557769775,0.6829025745391846,0.11757054179906845
YIL034C,YJL062W,0,1.6732999,0.3687600791454315,0.6829025745391846,0.11767060309648514
YHR016C,YPR171W,1,1.6720638,0.3690987229347229,0.6838966012001038,0.11767060309648514
YJL170C,YBR299W,0,1.6717167,0.3689008057117462,0.6838966012001038,0.11777066439390182
YOL105C,YOL152W,0,1.6713208,0.36870309710502625,0.6838966012001038,0.11787072569131851
YPR036W,YDR247W,0,1.6711961,0.3685056269168854,0.6838966012001038,0.1179707795381546
YIR006C,YOR322C,1,1.6711161,0.368843674659729,0.684890627861023,0.1179707795381546
YJR104C,YBR286W,0,1.6700616,0.3686463236808777,0.684890627861023,0.11807084083557129
YDR315C,YPL085W,0,1.6699617,0.36844921112060547,0.684890627861023,0.11817090213298798
YOR036W,YPL031C,0,1.6697127,0.3682522773742676,0.684890627861023,0.11827096343040466
YEL016C,YDR487C,0,1.6696868,0.3680555522441864,0.684890627861023,0.11837102472782135
YER007W,YLR327C,0,1.6676812,0.36785903573036194,0.684890627861023,0.11847108602523804
YBR205W,YDR093W,0,1.6655096,0.3676627576351166,0.684890627861023,0.11857113987207413
YJR094W-A,YFR006W,0,1.6654154,0.36746665835380554,0.684890627861023,0.11867120116949081
YDL138W,YDR298C,0,1.6642535,0.3672707974910736,0.684890627861023,0.1187712624669075
YLR056W,YLR342W,1,1.6639526,0.36760789155960083,0.6858847141265869,0.1187712624669075
YBR286W,YPL177C,0,1.6609625,0.36741214990615845,0.6858847141265869,0.11887132376432419
YLL038C,YBR214W,1,1.659459,0.36774879693984985,0.6868787407875061,0.11887132376432419
YFL047W,YMR306W,0,1.6593482,0.3675532042980194,0.6868787407875061,0.11897138506174088
YOR373W,YCL057C-A,0,1.6585828,0.3673577904701233,0.6868787407875061,0.11907144635915756
YEL065W,YIL112W,0,1.6579511,0.3671625852584839,0.6868787407875061,0.11917150020599365
YNR011C,YMR051C,0,1.6574476,0.3669676184654236,0.6868787407875061,0.11927156150341034
YIL004C,YJL065C,0,1.657001,0.3667728304862976,0.6868787407875061,0.11937162280082703
YLR371W,YDL095W,0,1.655415,0.36657825112342834,0.6868787407875061,0.11947168409824371
YBR207W,YHR001W,1,1.6548011,0.3669140934944153,0.6878727674484253,0.11947168409824371
YJR075W,YOR369C,0,1.6537462,0.36671966314315796,0.6878727674484253,0.1195717453956604
YOL005C,YER045C,0,1.6529198,0.36652541160583496,0.6878727674484253,0.11967180669307709
YLR212C,YGR106C,0,1.6519797,0.36633139848709106,0.6878727674484253,0.11977186053991318
YDR117C,YPL214C,0,1.6516962,0.3661375641822815,0.6878727674484253,0.11987192183732986
YIR006C,YDR490C,1,1.6511581,0.3664727509021759,0.6888667941093445,0.11987192183732986
YOL031C,YCR094W,0,1.6500993,0.36627906560897827,0.6888667941093445,0.11997198313474655
YBL075C,YLR450W,0,1.6485616,0.36608558893203735,0.6888667941093445,0.12007204443216324
YKR014C,YPR054W,0,1.6478508,0.36589229106903076,0.6888667941093445,0.12017210572957993
YNL049C,YDR116C,0,1.6478102,0.3656992018222809,0.6888667941093445,0.12027215957641602
YER095W,YIL138C,0,1.6471858,0.3655063211917877,0.6888667941093445,0.1203722208738327
YPL106C,YBR176W,0,1.6471217,0.36531364917755127,0.6888667941093445,0.12047228217124939
YNL086W,YGL135W,0,1.6458063,0.36512118577957153,0.6888667941093445,0.12057234346866608
YJR145C,YNR001C,0,1.6455088,0.3649289011955261,0.6888667941093445,0.12067240476608276
YGL137W,YJL153C,0,1.6450627,0.3647368550300598,0.6888667941093445,0.12077246606349945
YKR048C,YPR122W,0,1.6444552,0.36454498767852783,0.6888667941093445,0.12087251991033554
YDR013W,YEL017C-A,0,1.6439505,0.3643532991409302,0.6888667941093445,0.12097258120775223
YGL229C,YAR018C,0,1.6438286,0.3641618490219116,0.6888667941093445,0.12107264250516891
YKL135C,YDR096W,0,1.6436347,0.3639705777168274,0.6888667941093445,0.1211727038025856
YGR009C,YIL051C,0,1.6434455,0.3637795150279999,0.6888667941093445,0.12127276510000229
YPL144W,YGR218W,0,1.641742,0.3635886609554291,0.6888667941093445,0.12137282639741898
YJL062W,YPL092W,0,1.6412029,0.363398015499115,0.6888667941093445,0.12147288024425507
YBR240C,YGL222C,0,1.6406789,0.36320754885673523,0.6888667941093445,0.12157294154167175
YBL064C,YDR047W,0,1.640233,0.3630172908306122,0.6888667941093445,0.12167300283908844
YHR025W,YDR177W,0,1.6385281,0.36282721161842346,0.6888667941093445,0.12177306413650513
YIL004C,YDR536W,0,1.6374166,0.36263737082481384,0.6888667941093445,0.12187312543392181
YNL128W,YER091C,0,1.6357353,0.36244770884513855,0.6888667941093445,0.1219731867313385
YER125W,YNL154C,1,1.6356537,0.36278095841407776,0.6898608207702637,0.1219731867313385
YOR327C,YER166W,1,1.6354566,0.3631139099597931,0.6908548474311829,0.1219731867313385
YNL154C,YAR042W,1,1.635293,0.3634464740753174,0.6918489336967468,0.1219731867313385
YDR238C,YGR054W,0,1.6347753,0.3632567822933197,0.6918489336967468,0.12207324057817459
YCR094W,YIL041W,1,1.6331141,0.36358892917633057,0.692842960357666,0.12207324057817459
YHR092C,YNL206C,0,1.6329787,0.3633993864059448,0.692842960357666,0.12217330187559128
YPR063C,YGR218W,0,1.632941,0.363209992647171,0.692842960357666,0.12227336317300797
YHL008C,YLR356W,0,1.6328613,0.3630208373069763,0.692842960357666,0.12237342447042465
YNL091W,YNL012W,0,1.6319218,0.36283186078071594,0.692842960357666,0.12247348576784134
YBR286W,YBR041W,0,1.6307847,0.3626430928707123,0.692842960357666,0.12257354706525803
YLR364W,YMR127C,0,1.6307838,0.36245450377464294,0.692842960357666,0.12267360091209412
YLR212C,YOR306C,0,1.6301048,0.3622661232948303,0.692842960357666,0.1227736622095108
YBL069W,YER020W,0,1.6298234,0.362077921628952,0.692842960357666,0.12287372350692749
YOR322C,YCL066W,0,1.6289728,0.36188992857933044,0.692842960357666,0.12297378480434418
YJL165C,YOL117W,0,1.6265764,0.3617021143436432,0.692842960357666,0.12307384610176086
YGL173C,YKL173W,0,1.6256353,0.36151450872421265,0.692842960357666,0.12317390739917755
YGR191W,YOL109W,0,1.6253,0.3613271117210388,0.692842960357666,0.12327396124601364
YPL226W,YHR136C,0,1.6251179,0.3611398935317993,0.692842960357666,0.12337402254343033
YER133W,YOL133W,0,1.6250579,0.36095288395881653,0.692842960357666,0.12347408384084702
YGR086C,YKL108W,0,1.6247838,0.36076605319976807,0.692842960357666,0.1235741451382637
YLR188W,YOL147C,0,1.6245241,0.36057940125465393,0.692842960357666,0.12367420643568039
YNL158W,YPR184W,0,1.623167,0.3603929579257965,0.692842960357666,0.12377426773309708
YJR015W,YDR503C,0,1.6229589,0.3602067232131958,0.692842960357666,0.12387432157993317
YHR044C,YOR246C,0,1.6222873,0.3600206673145294,0.692842960357666,0.12397438287734985
YIL124W,YER164W,0,1.621578,0.35983479022979736,0.692842960357666,0.12407444417476654
YML037C,YDL180W,0,1.6205635,0.359649121761322,0.692842960357666,0.12417450547218323
YOR167C,YHR116W,0,1.619194,0.359463632106781,0.692842960357666,0.12427456676959991
YNL291C,YPL092W,0,1.6188471,0.3592783510684967,0.692842960357666,0.1243746280670166
YLR419W,YNR001C,0,1.6186922,0.35909324884414673,0.692842960357666,0.12447468191385269
YOR389W,YDR166C,0,1.6185478,0.35890835523605347,0.692842960357666,0.12457474321126938
YMR142C,YDR418W,0,1.617455,0.35872361063957214,0.692842960357666,0.12467480450868607
YJL204C,YNL297C,1,1.6169672,0.35905349254608154,0.6938369870185852,0.12467480450868607
YNR043W,YPR178W,0,1.6153889,0.35886889696121216,0.6938369870185852,0.12477486580610275
YEL013W,YFL002W-A,0,1.6139201,0.3586844801902771,0.6938369870185852,0.12487492710351944
YPL148C,YPL154C,0,1.6131755,0.35850024223327637,0.6938369870185852,0.12497498840093613
YER061C,YGR076C,0,1.612086,0.35831621289253235,0.6938369870185852,0.12507504224777222
YNL293W,YOL123W,0,1.611718,0.35813236236572266,0.6938369870185852,0.1251751035451889
YBR207W,YGR167W,1,1.6116878,0.35846152901649475,0.6948310136795044,0.1251751035451889
YHR215W,YBR231C,0,1.6116364,0.3582777976989746,0.6948310136795044,0.1252751648426056
YHL044W,YNL158W,0,1.6103134,0.3580942749977112,0.6948310136795044,0.12537522614002228
YHR135C,YNL297C,1,1.6100886,0.3584229350090027,0.6958250403404236,0.12537522614002228
YBR286W,YDL030W,0,1.6081936,0.3582395017147064,0.6958250403404236,0.12547528743743896
YJR098C,YML070W,0,1.6059561,0.35805627703666687,0.6958250403404236,0.12557534873485565
YML054C,YMR184W,0,1.6052918,0.35787320137023926,0.6958250403404236,0.12567541003227234
YGL222C,YDR483W,0,1.6044383,0.35769033432006836,0.6958250403404236,0.12577547132968903
YIL027C,YGR001C,0,1.6037517,0.3575076460838318,0.6958250403404236,0.1258755326271057
YLR100W,YOR270C,0,1.6022353,0.35732516646385193,0.6958250403404236,0.1259755790233612
YDL229W,YMR043W,0,1.6016359,0.3571428656578064,0.6958250403404236,0.1260756403207779
YPL148C,YGR162W,0,1.6013954,0.3569607436656952,0.6958250403404236,0.12617570161819458
YIR036C,YJL164C,0,1.60137,0.3567788004875183,0.6958250403404236,0.12627576291561127
YOR089C,YNL154C,1,1.6008747,0.357106477022171,0.6968190670013428,0.12627576291561127
YOR201C,YNR016C,0,1.6007166,0.3569246530532837,0.6968190670013428,0.12637582421302795
YDR320C,YAL025C,0,1.6006784,0.3567430078983307,0.6968190670013428,0.12647588551044464
YJL165C,YDR495C,0,1.6006029,0.356561541557312,0.6968190670013428,0.12657594680786133
YKR014C,YBR214W,1,1.6003261,0.35688865184783936,0.697813093662262,0.12657594680786133
YDR486C,YDL008W,0,1.5999652,0.35670730471611023,0.697813093662262,0.12667600810527802
YDR033W,YBR207W,0,1.5984956,0.3565261662006378,0.697813093662262,0.1267760694026947
YJL164C,YIL155C,0,1.5967288,0.35634517669677734,0.697813093662262,0.1268761307001114
YDR481C,YLR147C,0,1.5965273,0.3561643958091736,0.697813093662262,0.12697619199752808
YMR098C,YDL130W,0,1.5939718,0.35598376393318176,0.697813093662262,0.12707623839378357
YLL050C,YOR374W,0,1.5932066,0.35580334067344666,0.697813093662262,0.12717629969120026
YCL059C,YGR008C,0,1.5928354,0.3556230962276459,0.697813093662262,0.12727636098861694
YPR005C,YDR224C,0,1.5925522,0.3554430305957794,0.697813093662262,0.12737642228603363
YIL051C,YPR122W,0,1.5923253,0.3552631437778473,0.697813093662262,0.12747648358345032
YDR368W,YBR241C,0,1.5911833,0.3550834655761719,0.697813093662262,0.127576544880867
YJR013W,YDR418W,0,1.5910177,0.3549039363861084,0.697813093662262,0.1276766061782837
YPL220W,YLR433C,0,1.5904057,0.35472461581230164,0.697813093662262,0.12777666747570038
YJL156C,YDR402C,0,1.5889547,0.3545454442501068,0.697813093662262,0.12787672877311707
YAL021C,YLR172C,0,1.5884072,0.3543664813041687,0.697813093662262,0.12797679007053375
YOR369C,YGR156W,0,1.5873163,0.3541876971721649,0.697813093662262,0.12807685136795044
YOR043W,YNL093W,1,1.5871642,0.35451337695121765,0.6988071799278259,0.12807685136795044
YIL034C,YMR150C,0,1.5861356,0.35433468222618103,0.6988071799278259,0.12817691266536713
YHR046C,YNL292W,0,1.5830836,0.35415616631507874,0.6988071799278259,0.12827695906162262
YER056C-A,YDR177W,0,1.5822592,0.35397785902023315,0.6988071799278259,0.1283770203590393
YAR042W,YKL129C,1,1.581491,0.3543029725551605,0.6998012065887451,0.1283770203590393
YDR074W,YHR089C,0,1.58074,0.3541247546672821,0.6998012065887451,0.128477081656456
YJR139C,YPR019W,0,1.580048,0.353946715593338,0.6998012065887451,0.12857714295387268
YDR238C,YJL090C,0,1.579715,0.35376885533332825,0.6998012065887451,0.12867720425128937
YMR100W,YOL064C,0,1.578437,0.3535911738872528,0.6998012065887451,0.12877726554870605
YKL203C,YKR014C,1,1.5782411,0.35391566157341003,0.7007952332496643,0.12877726554870605
YGL223C,YPR019W,0,1.5780711,0.35373806953430176,0.7007952332496643,0.12887732684612274
YPL051W,YLR467W,0,1.5770484,0.3535606861114502,0.7007952332496643,0.12897738814353943
YHR116W,YKL056C,0,1.5754602,0.35338345170021057,0.7007952332496643,0.12907744944095612
YHL047C,YMR256C,0,1.5745587,0.35320642590522766,0.7007952332496643,0.1291775107383728
YEL013W,YJL048C,0,1.573778,0.3530295491218567,0.7007952332496643,0.1292775720357895
YMR235C,YDL185W,0,1.5732546,0.35285285115242004,0.7007952332496643,0.12937763333320618
YDR425W,YPL160W,0,1.5730659,0.3526763319969177,0.7007952332496643,0.12947767972946167
YHL024W,YGR061C,0,1.5729523,0.35249999165534973,0.7007952332496643,0.12957774102687836
YML012W,YNL098C,0,1.5726955,0.35232383012771606,0.7007952332496643,0.12967780232429504
YBL030C,YJL052W,0,1.5724474,0.3521478474140167,0.7007952332496643,0.12977786362171173
YAL021C,YPR021C,0,1.5714104,0.3519720435142517,0.7007952332496643,0.12987792491912842
YOL031C,YER173W,0,1.5703049,0.351796418428421,0.7007952332496643,0.1299779862165451
YDR456W,YLR109W,0,1.5695475,0.35162094235420227,0.7007952332496643,0.1300780475139618
YNL206C,YIL051C,0,1.5685651,0.35144567489624023,0.7007952332496643,0.13017810881137848
YDR520C,YDR055W,0,1.5682831,0.35127055644989014,0.7007952332496643,0.13027817010879517
YLR097C,YLR121C,0,1.5673885,0.35109561681747437,0.7007952332496643,0.13037823140621185
YDR495C,YML088W,0,1.5627239,0.3509208559989929,0.7007952332496643,0.13047829270362854
YOL067C,YGR026W,0,1.5615387,0.3507462739944458,0.7007952332496643,0.13057835400104523
YHR016C,YLR337C,1,1.5610118,0.3510691225528717,0.7017892599105835,0.13057835400104523
YDR531W,YDR139C,0,1.560967,0.35089462995529175,0.7017892599105835,0.13067840039730072
YJL025W,YIL124W,0,1.5606558,0.3507203161716461,0.7017892599105835,0.1307784616947174
YER131W,YOL123W,0,1.5603502,0.3505461812019348,0.7017892599105835,0.1308785229921341
YIR002C,YOL002C,0,1.5598499,0.35037219524383545,0.7017892599105835,0.13097858428955078
YLR364W,YNR061C,0,1.5596678,0.3501984179019928,0.7017892599105835,0.13107864558696747
YDL195W,YDL115C,0,1.5583544,0.3500247895717621,0.7017892599105835,0.13117870688438416
YJL106W,YBL037W,0,1.5579588,0.3498513400554657,0.7017892599105835,0.13127876818180084
YKR038C,YDL146W,0,1.557166,0.34967806935310364,0.7017892599105835,0.13137882947921753
YHL032C,YPR019W,0,1.5562193,0.3495049476623535,0.7017892599105835,0.13147889077663422
YER068W,YJL106W,0,1.5553794,0.3493320047855377,0.7017892599105835,0.1315789520740509
YFL036W,YDR139C,0,1.5549225,0.34915924072265625,0.7017892599105835,0.1316790133714676
YER068W,YIL051C,0,1.5541482,0.3489866554737091,0.7017892599105835,0.13177907466888428
YER133W,YNL189W,0,1.5541451,0.3488142192363739,0.7017892599105835,0.13187912106513977
YIR014W,YDR388W,0,1.5534387,0.348641961812973,0.7017892599105835,0.13197918236255646
YPL148C,YAL062W,0,1.5531738,0.34846988320350647,0.7017892599105835,0.13207924365997314
YMR281W,YPL103C,0,1.5519207,0.34829798340797424,0.7017892599105835,0.13217930495738983
YBL103C,YKR059W,0,1.5518117,0.34812623262405396,0.7017892599105835,0.13227936625480652
YGL223C,YER131W,0,1.551431,0.347954660654068,0.7017892599105835,0.1323794275522232
YBR058C,YOR386W,0,1.5493395,0.34778323769569397,0.7017892599105835,0.1324794888496399
YHR025W,YLR139C,0,1.5492165,0.34761202335357666,0.7017892599105835,0.13257955014705658
YOL018C,YER111C,0,1.5491893,0.3474409580230713,0.7017892599105835,0.13267961144447327
YHR092C,YDR236C,0,1.5490413,0.34727004170417786,0.7017892599105835,0.13277967274188995
YER174C,YML063W,0,1.5484443,0.34709930419921875,0.7017892599105835,0.13287973403930664
YJL129C,YGL253W,0,1.5481038,0.34692874550819397,0.7017892599105835,0.13297978043556213
YEL038W,YJR059W,0,1.5480715,0.34675833582878113,0.7017892599105835,0.13307984173297882
YPL106C,YDL112W,0,1.5480319,0.3465881049633026,0.7017892599105835,0.1331799030303955
YNL154C,YDR264C,1,1.5477465,0.3469087481498718,0.7027832865715027,0.1331799030303955
YMR184W,YCL050C,0,1.5460603,0.3467386066913605,0.7027832865715027,0.1332799643278122
YBR205W,YPL048W,0,1.5435073,0.34656861424446106,0.7027832865715027,0.13338002562522888
YJR126C,YBR185C,0,1.5423927,0.34639883041381836,0.7027832865715027,0.13348008692264557
YGL136C,YDR483W,0,1.5405518,0.3462291955947876,0.7027832865715027,0.13358014822006226
YDR036C,YDR261W-B,0,1.5396936,0.3460597097873688,0.7027832865715027,0.13368020951747894
YDL085W,YIL078W,0,1.5389915,0.3458904027938843,0.7027832865715027,0.13378027081489563
YOL152W,YGR234W,0,1.5381289,0.3457212746143341,0.7027832865715027,0.13388033211231232
YIL004C,YPL026C,0,1.5360364,0.3455522954463959,0.7027832865715027,0.133980393409729
YIL095W,YLL038C,1,1.5355804,0.34587201476097107,0.7037773132324219,0.133980393409729
YKL100C,YDL138W,0,1.5354222,0.345703125,0.7037773132324219,0.1340804547071457
YER070W,YBR035C,0,1.5349824,0.34553441405296326,0.7037773132324219,0.13418050110340118
YML052W,YOR181W,1,1.5340083,0.34585365653038025,0.7047713994979858,0.13418050110340118
YOR167C,YOR179C,0,1.5337179,0.34568503499031067,0.7047713994979858,0.13428056240081787
YOR124C,YBR176W,0,1.533094,0.345516562461853,0.7047713994979858,0.13438062369823456
YJL073W,YGL031C,0,1.5328691,0.3453482687473297,0.7047713994979858,0.13448068499565125
YCR081W,YDR003W,0,1.5322907,0.34518012404441833,0.7047713994979858,0.13458074629306793
YOR043W,YER012W,0,1.5321646,0.3450121581554413,0.7047713994979858,0.13468080759048462
YJL048C,YJL108C,0,1.5313177,0.34484437108039856,0.7047713994979858,0.1347808688879013
YNL280C,YGL147C,0,1.529925,0.3446767032146454,0.7047713994979858,0.134880930185318
YNL301C,YJR045C,0,1.5292022,0.3445092439651489,0.7047713994979858,0.13498099148273468
YGR088W,YDR533C,0,1.527993,0.344341903924942,0.7047713994979858,0.13508105278015137
YOR043W,YOR329C,1,1.527571,0.3446601927280426,0.705765426158905,0.13508105278015137
YOR043W,YCR053W,1,1.5272992,0.3449781537055969,0.7067594528198242,0.13508105278015137
YKL100C,YOL120C,0,1.5266845,0.3448108732700348,0.7067594528198242,0.13518111407756805
YHL040C,YJL189W,0,1.5266429,0.3446437120437622,0.7067594528198242,0.13528117537498474
YBL030C,YDR117C,0,1.5265133,0.34447672963142395,0.7067594528198242,0.13538122177124023
YLR414C,YJL090C,0,1.5253541,0.34430992603302,0.7067594528198242,0.13548128306865692
YDL019C,YNL213C,0,1.5250144,0.344143271446228,0.7067594528198242,0.1355813443660736
YLR427W,YNL091W,0,1.5240612,0.343976765871048,0.7067594528198242,0.1356814056634903
YGL147C,YPR036W,0,1.5235739,0.34381043910980225,0.7067594528198242,0.13578146696090698
YOR069W,YAL008W,0,1.5226812,0.34364426136016846,0.7067594528198242,0.13588152825832367
YMR045C,YER020W,0,1.5210909,0.343478262424469,0.7067594528198242,0.13598158955574036
YPL195W,YPL177C,0,1.5202508,0.34331241250038147,0.7067594528198242,0.13608165085315704
YJL198W,YOR182C,0,1.5197039,0.3431467115879059,0.7067594528198242,0.13618171215057373
YDL101C,YGL095C,0,1.5193999,0.3429811894893646,0.7067594528198242,0.13628177344799042
YML040W,YHR023W,0,1.5190908,0.3428158164024353,0.7067594528198242,0.1363818347454071
YJL097W,YIR015W,0,1.5183852,0.3426505923271179,0.7067594528198242,0.1364818960428238
YGL161C,YER045C,0,1.5174698,0.34248554706573486,0.7067594528198242,0.13658194243907928
YDL190C,YIL171W,0,1.5166622,0.34232065081596375,0.7067594528198242,0.13668200373649597
YDR297W,YBR012W-B,0,1.515837,0.34215593338012695,0.7067594528198242,0.13678206503391266
YPL195W,YKR038C,0,1.5152489,0.3419913351535797,0.7067594528198242,0.13688212633132935
YBR286W,YFL002W-A,0,1.5139548,0.3418269157409668,0.7067594528198242,0.13698218762874603
YNR016C,YIL009C-A,0,1.5134109,0.3416626751422882,0.7067594528198242,0.13708224892616272
YPR178W,YKR097W,0,1.5126486,0.34149855375289917,0.7067594528198242,0.1371823102235794
YLR433C,YER020W,0,1.5113142,0.34133461117744446,0.7067594528198242,0.1372823715209961
YML005W,YBR198C,0,1.5112976,0.3411708176136017,0.7067594528198242,0.13738243281841278
YOR224C,YDR387C,0,1.5072325,0.34100720286369324,0.7067594528198242,0.13748249411582947
YAL023C,YIL125W,0,1.5066465,0.34084370732307434,0.7067594528198242,0.13758255541324615
YPL226W,YEL050C,0,1.5065048,0.34068039059638977,0.7067594528198242,0.13768261671066284
YPR098C,YNL158W,0,1.5063591,0.3405172526836395,0.7067594528198242,0.13778266310691833
YOL120C,YOR306C,0,1.5061,0.34035423398017883,0.7067594528198242,0.13788272440433502
YER083C,YHR161C,0,1.5047044,0.34019139409065247,0.7067594528198242,0.1379827857017517
YER068W,YPL103C,0,1.5026248,0.34002870321273804,0.7067594528198242,0.1380828469991684
YOR257W,YHR147C,0,1.5015144,0.33986616134643555,0.7067594528198242,0.13818290829658508
YPL106C,YDR447C,0,1.5012228,0.339703768491745,0.7067594528198242,0.13828296959400177
YCR077C,YLR246W,0,1.5006671,0.33954155445098877,0.7067594528198242,0.13838303089141846
YDR033W,YDR166C,0,1.5002251,0.3393794894218445,0.7067594528198242,0.13848309218883514
YER087C-A,YHR116W,0,1.4998529,0.33921754360198975,0.7067594528198242,0.13858315348625183
YDR011W,YDR032C,0,1.4993367,0.3390558063983917,0.7067594528198242,0.13868321478366852
YNL166C,YJR068W,0,1.4988866,0.33889418840408325,0.7067594528198242,0.1387832760810852
YCR028C,YJR125C,1,1.4960371,0.3392091393470764,0.7077534794807434,0.1387832760810852
YDL080C,YBR185C,0,1.4955677,0.3390476107597351,0.7077534794807434,0.1388833373785019
YOR151C,YDR486C,0,1.495091,0.33888623118400574,0.7077534794807434,0.13898338377475739
YDL019C,YOR080W,0,1.4950813,0.3387250304222107,0.7077534794807434,0.13908344507217407
YOR096W,YCL055W,0,1.4950253,0.3385639488697052,0.7077534794807434,0.13918350636959076
YDR055W,YKL164C,0,1.4936442,0.33840304613113403,0.7077534794807434,0.13928356766700745
YDL019C,YLR212C,0,1.4917381,0.3382422924041748,0.7077534794807434,0.13938362896442413
YOL139C,YLR246W,0,1.4916804,0.3380816578865051,0.7077534794807434,0.13948369026184082
YKL034W,YDR534C,0,1.4914126,0.3379212021827698,0.7077534794807434,0.1395837515592575
YNL020C,YBR207W,1,1.4912896,0.3382352888584137,0.7087475061416626,0.1395837515592575
YDR022C,YKR062W,0,1.4909419,0.3380749225616455,0.7087475061416626,0.1396838128566742
YGL141W,YGL059W,0,1.4867108,0.33791470527648926,0.7087475061416626,0.13978387415409088
YKL179C,YOR369C,0,1.486628,0.33775460720062256,0.7087475061416626,0.13988393545150757
YDL231C,YIL070C,0,1.4859303,0.3375946879386902,0.7087475061416626,0.13998399674892426
YOR288C,YBR267W,0,1.483805,0.33743491768836975,0.7087475061416626,0.14008404314517975
YPL090C,YHL036W,0,1.4837456,0.33727529644966125,0.7087475061416626,0.14018410444259644
YHR215W,YDR101C,0,1.4826796,0.3371158540248871,0.7087475061416626,0.14028416574001312
YDR012W,YBL030C,0,1.4801481,0.33695653080940247,0.7087475061416626,0.1403842270374298
YBL030C,YFR015C,0,1.479743,0.3367973566055298,0.7087475061416626,0.1404842883348465
YGR295C,YHR099W,0,1.4796144,0.33663833141326904,0.7087475061416626,0.14058434963226318
YGL173C,YNL077W,0,1.4776819,0.3364794850349426,0.7087475061416626,0.14068441092967987
YOR384W,YHR116W,0,1.475842,0.33632075786590576,0.7087475061416626,0.14078447222709656
YDR011W,YKL212W,0,1.4747474,0.33616217970848083,0.7087475061416626,0.14088453352451324
YGR088W,YLR286C,0,1.4731705,0.33600378036499023,0.7087475061416626,0.14098459482192993
YGR029W,YMR080C,0,1.4731562,0.3358455002307892,0.7087475061416626,0.14108465611934662
YJR033C,YBL020W,0,1.4720232,0.3356873691082001,0.7087475061416626,0.1411847174167633
YMR128W,YJL106W,0,1.472002,0.3355294167995453,0.7087475061416626,0.1412847638130188
YJR065C,YNL289W,0,1.4719532,0.33537158370018005,0.7087475061416626,0.14138482511043549
YGL035C,YIL113W,0,1.4719453,0.33521392941474915,0.7087475061416626,0.14148488640785217
YBR286W,YBL074C,0,1.4700307,0.3350563943386078,0.7087475061416626,0.14158494770526886
YDL007W,YPR192W,0,1.4694803,0.33489900827407837,0.7087475061416626,0.14168500900268555
YER070W,YHR010W,0,1.4686072,0.3347417712211609,0.7087475061416626,0.14178507030010223
YPR049C,YBR273C,0,1.4671364,0.33458471298217773,0.7087475061416626,0.14188513159751892
YDL190C,YMR303C,0,1.46487,0.33442777395248413,0.7087475061416626,0.1419851928949356
YLL050C,YPR021C,0,1.4639728,0.33427098393440247,0.7087475061416626,0.1420852541923523
YDL210W,YGR009C,0,1.4632833,0.33411434292793274,0.7087475061416626,0.14218531548976898
YDR481C,YPL085W,0,1.4631321,0.33395785093307495,0.7087475061416626,0.14228537678718567
YIL109C,YOR228C,0,1.4623818,0.3338015079498291,0.7087475061416626,0.14238543808460236
YMR235C,YPL271W,0,1.4615622,0.3336452841758728,0.7087475061416626,0.14248548448085785
YIL051C,YML077W,0,1.4587784,0.33348923921585083,0.7087475061416626,0.14258554577827454
YNR043W,YPL149W,0,1.4587393,0.3333333432674408,0.7087475061416626,0.14268560707569122
YIL026C,YER053C,0,1.4584407,0.3331775665283203,0.7087475061416626,0.1427856683731079
YER083C,YAL021C,0,1.45736,0.33302193880081177,0.7087475061416626,0.1428857296705246
YOR384W,YBL055C,0,1.457262,0.33286648988723755,0.7087475061416626,0.14298579096794128
YMR281W,YNR070W,0,1.4565243,0.3327111601829529,0.7087475061416626,0.14308585226535797
YMR080C,YLR414C,0,1.4554838,0.33255597949028015,0.7087475061416626,0.14318591356277466
YBR166C,YKR050W,0,1.4552404,0.332400918006897,0.7087475061416626,0.14328597486019135
YJL046W,YDR483W,0,1.4528229,0.3322460353374481,0.7087475061416626,0.14338603615760803
YMR109W,YPL159C,0,1.4518232,0.3320913016796112,0.7087475061416626,0.14348609745502472
YPL103C,YHL004W,0,1.4513009,0.33193668723106384,0.7087475061416626,0.1435861587524414
YCR092C,YLR120C,0,1.4512099,0.3317822217941284,0.7087475061416626,0.1436862051486969
YHR089C,YIL111W,0,1.4508828,0.33162790536880493,0.7087475061416626,0.1437862664461136
YMR100W,YJR016C,0,1.4505943,0.3314737379550934,0.7087475061416626,0.14388632774353027
YEL059C-A,YLR045C,0,1.4499686,0.3313196897506714,0.7087475061416626,0.14398638904094696
YER083C,YFL029C,0,1.4494921,0.3311658203601837,0.7087475061416626,0.14408645033836365
YNR016C,YML048W,0,1.4486631,0.3310120701789856,0.7087475061416626,0.14418651163578033
YGR088W,YFL036W,0,1.4480627,0.3308584690093994,0.7087475061416626,0.14428657293319702
YBL064C,YJR060W,0,1.4475396,0.33070501685142517,0.7087475061416626,0.1443866342306137
YBR058C,YKL179C,0,1.4475031,0.3305516839027405,0.7087475061416626,0.1444866955280304
YPL019C,YGR001C,0,1.4464972,0.3303985297679901,0.7087475061416626,0.14458675682544708
YBR241C,YDL184C,0,1.4464053,0.3302454948425293,0.7087475061416626,0.14468681812286377
YKL179C,YKR058W,0,1.44577,0.33009257912635803,0.7087475061416626,0.14478687942028046
YMR298W,YER068W,0,1.4457479,0.3299398422241211,0.7087475061416626,0.14488692581653595
YJR139C,YEL065W,0,1.4449975,0.3297872245311737,0.7087475061416626,0.14498698711395264
YJR015W,YGR234W,0,1.4439347,0.32963475584983826,0.7087475061416626,0.14508704841136932
YHR073W,YOR329C,1,1.4435036,0.32994455099105835,0.7097415328025818,0.14508704841136932
YOL127W,YER091C,0,1.4432282,0.3297921419143677,0.7097415328025818,0.145187109708786
YOR322C,YAL026C,1,1.4428488,0.3301015794277191,0.710735559463501,0.145187109708786
YDL067C,YKL164C,0,1.4421376,0.3299492299556732,0.710735559463501,0.1452871710062027
YMR287C,YPL095C,0,1.4409645,0.32979705929756165,0.710735559463501,0.14538723230361938
YMR026C,YKL024C,0,1.4408729,0.3296450078487396,0.710735559463501,0.14548729360103607
YDR486C,YLR079W,0,1.4397941,0.32949307560920715,0.710735559463501,0.14558735489845276
YER087C-A,YPR184W,0,1.4386495,0.329341322183609,0.710735559463501,0.14568741619586945
YDL180W,YOL056W,0,1.4383926,0.3291896879673004,0.710735559463501,0.14578747749328613
YLR238W,YHR215W,0,1.4375398,0.32903820276260376,0.710735559463501,0.14588753879070282
YOR155C,YDL082W,0,1.4360964,0.32888683676719666,0.710735559463501,0.1459875851869583
YNL046W,YLR078C,0,1.435976,0.3287356197834015,0.710735559463501,0.146087646484375
YPL031C,YGR279C,0,1.4358404,0.32858455181121826,0.710735559463501,0.1461877077817917
YMR198W,YMR037C,0,1.4354091,0.328433632850647,0.710735559463501,0.14628776907920837
YDL085W,YDL192W,0,1.4348222,0.32828283309936523,0.710735559463501,0.14638783037662506
YFR003C,YDR529C,0,1.4346356,0.32813218235969543,0.710735559463501,0.14648789167404175
YIL027C,YBL021C,0,1.4344143,0.3279816508293152,0.710735559463501,0.14658795297145844
YOR075W,YBR122C,0,1.4343557,0.3278312683105469,0.710735559463501,0.14668801426887512
YNL330C,YFL029C,0,1.4340771,0.3276810348033905,0.710735559463501,0.1467880755662918
YOR326W,YBR012W-B,0,1.4331131,0.3275309205055237,0.710735559463501,0.1468881368637085
YHR116W,YDR118W,0,1.4319305,0.3273809552192688,0.710735559463501,0.14698819816112518
YLR373C,YDR358W,0,1.4312994,0.32723110914230347,0.710735559463501,0.14708825945854187
YIR006C,YKR014C,1,1.4312346,0.3275388777256012,0.7117296457290649,0.14708825945854187
YOR043W,YHR135C,1,1.4297124,0.32784637808799744,0.7127236723899841,0.14708825945854187
YBL060W,YNR047W,0,1.4277682,0.3276965320110321,0.7127236723899841,0.14718830585479736
YNL098C,YOR070C,0,1.4265484,0.3275468349456787,0.7127236723899841,0.14728836715221405
YDR481C,YML009C,0,1.4259913,0.32739725708961487,0.7127236723899841,0.14738842844963074
YDR253C,YOR127W,0,1.4251021,0.32724782824516296,0.7127236723899841,0.14748848974704742
YEL065W,YPL214C,0,1.4249434,0.327098548412323,0.7127236723899841,0.1475885510444641
YKL203C,YDR264C,1,1.423807,0.3274053931236267,0.7137176990509033,0.1475885510444641
YLR343W,YGR135W,0,1.422342,0.32725614309310913,0.7137176990509033,0.1476886123418808
YJL157C,YPR021C,0,1.4218408,0.3271070718765259,0.7137176990509033,0.14778867363929749
YBR289W,YDR054C,0,1.421458,0.3269581198692322,0.7137176990509033,0.14788873493671417
YOR155C,YDR120C,0,1.4214098,0.326809287071228,0.7137176990509033,0.14798879623413086
YFR003C,YGR200C,0,1.4205587,0.3266606032848358,0.7137176990509033,0.14808885753154755
YCR039C,YJL101C,0,1.4198545,0.32651203870773315,0.7137176990509033,0.14818891882896423
YGL178W,YHR181W,0,1.4161807,0.32636362314224243,0.7137176990509033,0.14828898012638092
YDR379W,YJR076C,0,1.41588,0.32621535658836365,0.7137176990509033,0.1483890265226364
YNL166C,YPR070W,0,1.4152334,0.3260672092437744,0.7137176990509033,0.1484890878200531
YBR041W,YKL179C,0,1.4149634,0.3259192109107971,0.7137176990509033,0.1485891491174698
YBR022W,YGR054W,0,1.4141865,0.3257713317871094,0.7137176990509033,0.14868921041488647
YER044C,YHL016C,0,1.4136066,0.3256235718727112,0.7137176990509033,0.14878927171230316
YHR025W,YER173W,0,1.4127492,0.3254759609699249,0.7137176990509033,0.14888933300971985
YDL127W,YNR040W,0,1.4125286,0.3253284990787506,0.7137176990509033,0.14898939430713654
YIL171W,YDR387C,0,1.4123666,0.32518115639686584,0.7137176990509033,0.14908945560455322
YOR237W,YBR059C,1,1.410996,0.3254866600036621,0.7147117257118225,0.14908945560455322
YPL101W,YLL022C,0,1.4105812,0.3253393769264221,0.7147117257118225,0.1491895169019699
YDR074W,YPL089C,0,1.4100759,0.3251922130584717,0.7147117257118225,0.1492895781993866
YBR264C,YLR356W,0,1.4100072,0.3250451982021332,0.7147117257118225,0.14938963949680328
YOL005C,YOL117W,0,1.407763,0.3248983323574066,0.7147117257118225,0.14948970079421997
YLR238W,YDL146W,0,1.4040258,0.3247515857219696,0.7147117257118225,0.14958974719047546
YPL174C,YOR290C,0,1.4036906,0.32460495829582214,0.7147117257118225,0.14968980848789215
YGL253W,YLR109W,0,1.4034708,0.3244584798812866,0.7147117257118225,0.14978986978530884
YDR069C,YHR001W,1,1.402756,0.3247631788253784,0.7157057523727417,0.14978986978530884
YLL038C,YDR264C,1,1.4023123,0.3250676393508911,0.7166997790336609,0.14978986978530884
YML037C,YCR037C,0,1.4019433,0.3249211311340332,0.7166997790336609,0.14988993108272552
YOR327C,YAL026C,1,1.4015148,0.32522523403167725,0.7176938652992249,0.14988993108272552
YOR167C,YBR123C,0,1.4011471,0.3250787854194641,0.7176938652992249,0.1499899923801422
YOR182C,YEL016C,0,1.4005144,0.3249324858188629,0.7176938652992249,0.1500900536775589
YOR151C,YDR251W,0,1.4005075,0.32478633522987366,0.7176938652992249,0.15019011497497559
YPR048W,YDL185W,0,1.3996323,0.32464027404785156,0.7176938652992249,0.15029017627239227
YPL269W,YAL003W,0,1.3973749,0.3244943916797638,0.7176938652992249,0.15039023756980896
YHR067W,YKL056C,0,1.3964729,0.3243485987186432,0.7176938652992249,0.15049029886722565
YOR034C,YER166W,1,1.3953043,0.3246519863605499,0.718687891960144,0.15049029886722565
YOL031C,YOR270C,0,1.394763,0.3245062828063965,0.718687891960144,0.15059036016464233
YMR298W,YHR046C,0,1.3946525,0.3243606984615326,0.718687891960144,0.15069042146205902
YBL047C,YOR322C,1,1.3945228,0.3246636688709259,0.7196819186210632,0.15069042146205902
YNR040W,YGL155W,0,1.3939304,0.3245181441307068,0.7196819186210632,0.15079046785831451
YOL105C,YOR046C,0,1.3928127,0.3243727684020996,0.7196819186210632,0.1508905291557312
YHR086W,YCL027W,0,1.3922961,0.3242274820804596,0.7196819186210632,0.1509905904531479
YMR298W,YBL055C,0,1.3921949,0.3240823745727539,0.7196819186210632,0.15109065175056458
YPL090C,YPR168W,0,1.3907082,0.3239373564720154,0.7196819186210632,0.15119071304798126
YOL019W,YBR185C,0,1.3906691,0.3237924873828888,0.7196819186210632,0.15129077434539795
YGL223C,YNL001W,0,1.3903968,0.32364773750305176,0.7196819186210632,0.15139083564281464
YMR071C,YPR032W,0,1.389778,0.32350313663482666,0.7196819186210632,0.15149089694023132
YBL017C,YJL062W,0,1.3895906,0.3233586549758911,0.7196819186210632,0.151590958237648
YKL109W,YDR093W,0,1.388884,0.3232142925262451,0.7196819186210632,0.1516910195350647
YGL003C,YJL164C,0,1.3886011,0.32307004928588867,0.7196819186210632,0.15179108083248138
YER087C-A,YKL017C,0,1.3883034,0.32292595505714417,0.7196819186210632,0.15189114212989807
YNL154C,YPL032C,1,1.3882841,0.32322782278060913,0.7206759452819824,0.15189114212989807
YJR145C,YCL055W,0,1.3873477,0.3230837881565094,0.7206759452819824,0.15199118852615356
YHL019C,YJL189W,0,1.386478,0.3229398727416992,0.7206759452819824,0.15209124982357025
YPL074W,YOL120C,0,1.3856999,0.3227960765361786,0.7206759452819824,0.15219131112098694
YPR171W,YDL231C,1,1.3855562,0.32309746742248535,0.7216699719429016,0.15219131112098694
YIL109C,YOR155C,0,1.3855257,0.3229537308216095,0.7216699719429016,0.15229137241840363
YDL007W,YPR070W,0,1.3844774,0.3228101432323456,0.7216699719429016,0.1523914337158203
YKR003W,YPL032C,1,1.3843274,0.3231111168861389,0.7226639986038208,0.1523914337158203
YOR369C,YOR337W,0,1.3842003,0.3229675590991974,0.7226639986038208,0.152491495013237
YKL089W,YDL033C,0,1.3812153,0.3228241503238678,0.7226639986038208,0.1525915563106537
YJR065C,YBL069W,0,1.3812151,0.32268086075782776,0.7226639986038208,0.15269161760807037
YER036C,YGR189C,0,1.3798909,0.32253772020339966,0.7226639986038208,0.15279167890548706
YBR036C,YLR439W,0,1.3792776,0.3223946690559387,0.7226639986038208,0.15289174020290375
YER091C,YBL021C,0,1.3783982,0.3222517669200897,0.7226639986038208,0.15299180150032043
YNL242W,YML124C,0,1.3781855,0.3221089839935303,0.7226639986038208,0.15309184789657593
YBR097W,YPR036W,0,1.3781002,0.32196635007858276,0.7226639986038208,0.15319190919399261
YDR242W,YPR122W,0,1.377772,0.3218238055706024,0.7226639986038208,0.1532919704914093
YDR059C,YNL093W,1,1.3775443,0.3221238851547241,0.72365802526474,0.1532919704914093
YDR503C,YPR168W,0,1.37626,0.32198143005371094,0.72365802526474,0.153392031788826
YNR008W,YDR096W,0,1.3759204,0.3218390941619873,0.72365802526474,0.15349209308624268
YOR237W,YCR009C,1,1.3757384,0.3221387565135956,0.724652111530304,0.15349209308624268
YER120W,YER113C,0,1.3755096,0.3219964802265167,0.724652111530304,0.15359215438365936
YDR503C,YCL057C-A,0,1.375469,0.32185429334640503,0.724652111530304,0.15369221568107605
YMR163C,YKR050W,0,1.3751771,0.3217122554779053,0.724652111530304,0.15379227697849274
YHL008C,YPL231W,0,1.3743594,0.32157036662101746,0.724652111530304,0.15389233827590942
YDR490C,YAL026C,1,1.3742368,0.32186949253082275,0.7256461381912231,0.15389233827590942
YDR033W,YJL108C,0,1.3737528,0.3217276334762573,0.7256461381912231,0.1539923995733261
YMR298W,YDR088C,0,1.3737085,0.32158589363098145,0.7256461381912231,0.1540924608707428
YDR503C,YDR071C,0,1.3732371,0.3214443027973175,0.7256461381912231,0.15419252216815948
YJR121W,YMR211W,0,1.3721797,0.3213028311729431,0.7256461381912231,0.15429256856441498
YDR503C,YPR081C,0,1.3721119,0.3211614489555359,0.7256461381912231,0.15439262986183167
YLR170C,YNL015W,0,1.3719206,0.3210202157497406,0.7256461381912231,0.15449269115924835
YML054C,YHL036W,0,1.3708408,0.32087913155555725,0.7256461381912231,0.15459275245666504
YGL136C,YNL162W,0,1.3706795,0.32073813676834106,0.7256461381912231,0.15469281375408173
YBL030C,YDR318W,0,1.3705177,0.3205972909927368,0.7256461381912231,0.1547928750514984
YBL106C,YNL054W-B,0,1.3699499,0.32045653462409973,0.7256461381912231,0.1548929363489151
YMR080C,YDR362C,0,1.3684624,0.3203159272670746,0.7256461381912231,0.1549929976463318
YDR055W,YOR306C,0,1.3677545,0.320175439119339,0.7256461381912231,0.15509305894374847
YOL100W,YOL018C,0,1.3676956,0.32003507018089294,0.7256461381912231,0.15519312024116516
YPL174C,YOL002C,0,1.3666301,0.31989482045173645,0.7256461381912231,0.15529318153858185
YDL229W,YDR358W,0,1.3664391,0.3197547197341919,0.7256461381912231,0.15539324283599854
YJR110W,YER161C,0,1.3661269,0.3196147084236145,0.7256461381912231,0.15549328923225403
YIR014W,YER068W,0,1.3657471,0.31947484612464905,0.7256461381912231,0.15559335052967072
YOR175C,YJL170C,0,1.3649025,0.31933507323265076,0.7256461381912231,0.1556934118270874
YNR027W,YKL195W,0,1.3646805,0.3191954493522644,0.7256461381912231,0.1557934731245041
YOR278W,YKL056C,0,1.3646005,0.3190559446811676,0.7256461381912231,0.15589353442192078
YDR387C,YBR035C,0,1.3635179,0.31891655921936035,0.7256461381912231,0.15599359571933746
YPL177C,YKR105C,0,1.3634784,0.31877729296684265,0.7256461381912231,0.15609365701675415
YNL280C,YNL213C,0,1.362386,0.3186381459236145,0.7256461381912231,0.15619371831417084
YNR061C,YNL206C,0,1.3617574,0.3184991180896759,0.7256461381912231,0.15629377961158752
YDL141W,YMR045C,0,1.361516,0.31836023926734924,0.7256461381912231,0.1563938409090042
YJL044C,YJL102W,0,1.3605213,0.31822144985198975,0.7256461381912231,0.1564939022064209
YJL080C,YMR165C,0,1.3588159,0.3180827796459198,0.7256461381912231,0.15659396350383759
YNL212W,YDR044W,0,1.3578932,0.3179442584514618,0.7256461381912231,0.15669400990009308
YOR034C,YHR001W,1,1.3566184,0.3182411789894104,0.7266401648521423,0.15669400990009308
YOR036W,YNR040W,0,1.3560425,0.3181026875972748,0.7266401648521423,0.15679407119750977
YPL106C,YHL019C,0,1.3558112,0.3179643452167511,0.7266401648521423,0.15689413249492645
YDL065C,YDR031W,0,1.3556265,0.3178260922431946,0.7266401648521423,0.15699419379234314
YDR313C,YDL082W,0,1.3547281,0.3176879584789276,0.7266401648521423,0.15709425508975983
YFR003C,YNR011C,0,1.3541358,0.3175499439239502,0.7266401648521423,0.1571943163871765
YLR207W,YOL149W,0,1.3526797,0.3174120783805847,0.7266401648521423,0.1572943776845932
YJL204C,YER166W,1,1.3526176,0.3177083432674408,0.7276341915130615,0.1572943776845932
YEL017C-A,YLR032W,0,1.3523142,0.3175705075263977,0.7276341915130615,0.1573944389820099
YHL032C,YDR507C,0,1.3520514,0.31743279099464417,0.7276341915130615,0.15749450027942657
YAR015W,YOR389W,0,1.3510518,0.3172951936721802,0.7276341915130615,0.15759456157684326
YJR145C,YGL206C,0,1.3506975,0.31715771555900574,0.7276341915130615,0.15769462287425995
YDR038C,YDL130W,0,1.3467326,0.31702035665512085,0.7276341915130615,0.15779468417167664
YKR059W,YDR032C,0,1.3455639,0.3168831169605255,0.7276341915130615,0.15789473056793213
YNR016C,YDR342C,0,1.3450661,0.3167459964752197,0.7276341915130615,0.15799479186534882
YMR281W,YNL301C,0,1.344912,0.3166089951992035,0.7276341915130615,0.1580948531627655
YCR077C,YGR086C,0,1.3443522,0.3164721131324768,0.7276341915130615,0.1581949144601822
YIR014W,YNL101W,0,1.3443406,0.3163353502750397,0.7276341915130615,0.15829497575759888
YPR178W,YPR031W,0,1.3441385,0.3161987066268921,0.7276341915130615,0.15839503705501556
YNL213C,YNL268W,0,1.3434229,0.31606218218803406,0.7276341915130615,0.15849509835243225
YJL164C,YDR120C,0,1.3433881,0.3159257769584656,0.7276341915130615,0.15859515964984894
YDL007W,YPL103C,0,1.3426566,0.31578946113586426,0.7276341915130615,0.15869522094726562
YEL038W,YKL164C,0,1.3405719,0.3156532943248749,0.7276341915130615,0.1587952822446823
YPL269W,YGL090W,0,1.339006,0.31551724672317505,0.7276341915130615,0.158895343542099
YDR013W,YJL136C,0,1.3381553,0.3153812885284424,0.7276341915130615,0.1589953899383545
YDL006W,YKL034W,0,1.3380222,0.31524547934532166,0.7276341915130615,0.15909545123577118
YOR175C,YNR041C,0,1.3375475,0.3151097595691681,0.7276341915130615,0.15919551253318787
YPL059W,YOR070C,0,1.3372161,0.31497418880462646,0.7276341915130615,0.15929557383060455
YKL140W,YLR306W,0,1.337014,0.314838707447052,0.7276341915130615,0.15939563512802124
YMR198W,YNL115C,0,1.3362277,0.3147033452987671,0.7276341915130615,0.15949569642543793
YPL195W,YGR156W,0,1.3358674,0.31456810235977173,0.7276341915130615,0.15959575772285461
YPR063C,YGL106W,0,1.3330408,0.3144329786300659,0.7276341915130615,0.1596958190202713
YLR109W,YDL109C,0,1.3321381,0.31429797410964966,0.7276341915130615,0.159795880317688
YOL007C,YGL031C,0,1.3316522,0.31416308879852295,0.7276341915130615,0.15989594161510468
YDR270W,YLR343W,0,1.3315403,0.3140283226966858,0.7276341915130615,0.15999600291252136
YBR264C,YPL195W,0,1.3298739,0.3138936460018158,0.7276341915130615,0.16009606420993805
YER125W,YIR006C,1,1.3294456,0.3141877353191376,0.7286282181739807,0.16009606420993805
YML037C,YDR393W,0,1.3291712,0.31405311822891235,0.7286282181739807,0.16019611060619354
YLR045C,YDR393W,0,1.3290023,0.3139186203479767,0.7286282181739807,0.16029617190361023
YDR177W,YAL030W,1,1.3284674,0.3142123222351074,0.7296222448348999,0.16029617190361023
YBR036C,YBR297W,0,1.3277389,0.31407788395881653,0.7296222448348999,0.16039623320102692
YHR116W,YGR156W,0,1.3267475,0.3139435350894928,0.7296222448348999,0.1604962944984436
YDL144C,YPL154C,0,1.3266085,0.3138093054294586,0.7296222448348999,0.1605963557958603
YDL033C,YML070W,0,1.3262291,0.3136752247810364,0.7296222448348999,0.16069641709327698
YOR181W,YHL032C,0,1.3260256,0.3135412335395813,0.7296222448348999,0.16079647839069366
YHR073W,YAR042W,1,1.3250374,0.3138343393802643,0.7306163311004639,0.16079647839069366
YIR006C,YJL025W,0,1.3249456,0.3137003779411316,0.7306163311004639,0.16089653968811035
YCR094W,YGL206C,1,1.3246384,0.3139931857585907,0.7316103577613831,0.16089653968811035
YGL191W,YPR031W,0,1.3244188,0.3138592839241028,0.7316103577613831,0.16099660098552704
YLR170C,YLR074C,0,1.3239616,0.3137255012989044,0.7316103577613831,0.16109666228294373
YLR343W,YOL064C,0,1.3239541,0.3135918080806732,0.7316103577613831,0.1611967235803604
YGR026W,YLR467W,0,1.3232983,0.31345826387405396,0.7316103577613831,0.1612967848777771
YMR312W,YMR071C,0,1.3232064,0.31332480907440186,0.7316103577613831,0.1613968312740326
YMR281W,YLR079W,0,1.322351,0.3131915032863617,0.7316103577613831,0.16149689257144928
YJR134C,YBR035C,0,1.3221543,0.3130582869052887,0.7316103577613831,0.16159695386886597
YEL013W,YHR089C,0,1.3215835,0.31292515993118286,0.7316103577613831,0.16169701516628265
YKR059W,YNL129W,0,1.3212667,0.31279218196868896,0.7316103577613831,0.16179707646369934
YOR326W,YBL090W,0,1.3195801,0.31265929341316223,0.7316103577613831,0.16189713776111603
YMR204C,YPL204W,0,1.3189343,0.31252655386924744,0.7316103577613831,0.16199719905853271
YBR286W,YNR027W,0,1.3181307,0.3123938739299774,0.7316103577613831,0.1620972603559494
YDL115C,YDR251W,0,1.3169632,0.31226134300231934,0.7316103577613831,0.1621973216533661
YGL213C,YCR098C,0,1.3159189,0.3121289312839508,0.7316103577613831,0.16229738295078278
YLR147C,YER020W,0,1.3158622,0.31199660897254944,0.7316103577613831,0.16239744424819946
YLR414C,YJL041W,0,1.3157113,0.3118644058704376,0.7316103577613831,0.16249750554561615
YIL004C,YBL106C,0,1.313318,0.31173232197761536,0.7316103577613831,0.16259755194187164
YPL059W,YDR288W,0,1.3118956,0.31160032749176025,0.7316103577613831,0.16269761323928833
YBR286W,YML037C,0,1.3115233,0.3114684820175171,0.7316103577613831,0.16279767453670502
YBR291C,YJR029W,0,1.3107994,0.3113367259502411,0.7316103577613831,0.1628977358341217
YML116W,YIL155C,0,1.3101119,0.31120505928993225,0.7316103577613831,0.1629977971315384
YBR166C,YKL212W,0,1.3079464,0.31107354164123535,0.7316103577613831,0.16309785842895508
YBR267W,YJL073W,0,1.3048592,0.3109421133995056,0.7316103577613831,0.16319791972637177
YPL281C,YER126C,0,1.3032694,0.31081080436706543,0.7316103577613831,0.16329798102378845
YPL226W,YKL109W,0,1.3019438,0.3106796145439148,0.7316103577613831,0.16339804232120514
YDR510W,YMR022W,0,1.3014219,0.3105485141277313,0.7316103577613831,0.16349810361862183
YLR396C,YMR071C,0,1.3013825,0.3104175329208374,0.7316103577613831,0.1635981649160385
YDR069C,YLR342W,1,1.3010037,0.31070825457572937,0.7326043844223022,0.1635981649160385
YDR236C,YGR076C,0,1.3005893,0.3105773329734802,0.7326043844223022,0.1636982262134552
YDR126W,YOL100W,0,1.3000116,0.31044650077819824,0.7326043844223022,0.1637982726097107
YML070W,YBR164C,0,1.2993988,0.3103157877922058,0.7326043844223022,0.16389833390712738
YJL164C,YKL024C,0,1.2991222,0.31018519401550293,0.7326043844223022,0.16399839520454407
YML048W,YBR231C,0,1.297758,0.3100546896457672,0.7326043844223022,0.16409845650196075
YKL179C,YGR001C,0,1.2977375,0.30992430448532104,0.7326043844223022,0.16419851779937744
YDR503C,YKL109W,0,1.2967619,0.30979403853416443,0.7326043844223022,0.16429857909679413
YKL100C,YER140W,0,1.2963967,0.309663861989975,0.7326043844223022,0.16439864039421082
YDR495C,YBR012W-A,0,1.295991,0.3095338046550751,0.7326043844223022,0.1644987016916275
YJL164C,YLR176C,0,1.295799,0.3094038665294647,0.7326043844223022,0.1645987629890442
YDR074W,YMR257C,0,1.2954066,0.30927401781082153,0.7326043844223022,0.16469882428646088
YBR036C,YMR247C,0,1.2938845,0.3091442883014679,0.7326043844223022,0.16479888558387756
YLR396C,YGL137W,0,1.292695,0.3090146780014038,0.7326043844223022,0.16489893198013306
YPR041W,YGL227W,0,1.292553,0.3088851571083069,0.7326043844223022,0.16499899327754974
YDR466W,YNL039W,0,1.29248,0.3087557554244995,0.7326043844223022,0.16509905457496643
YML037C,YDR166C,0,1.2912047,0.3086264729499817,0.7326043844223022,0.16519911587238312
YDR297W,YKL042W,0,1.2911874,0.30849727988243103,0.7326043844223022,0.1652991771697998
YDR481C,YGR191W,0,1.2911718,0.3083682060241699,0.7326043844223022,0.1653992384672165
YPR192W,YDR014W,0,1.2911516,0.308239221572876,0.7326043844223022,0.16549929976463318
YMR235C,YOR120W,0,1.2911193,0.3081103563308716,0.7326043844223022,0.16559936106204987
YJR158W,YDL130W,0,1.2904636,0.30798161029815674,0.7326043844223022,0.16569942235946655
YKL126W,YDL231C,1,1.2894198,0.308270663022995,0.7335984110832214,0.16569942235946655
YDR358W,YAL008W,0,1.2892711,0.3081419765949249,0.7335984110832214,0.16579948365688324
YOR288C,YBR164C,0,1.2886915,0.30801334977149963,0.7335984110832214,0.16589954495429993
YDL099W,YGR123C,0,1.2886119,0.3078848421573639,0.7335984110832214,0.1659996062517166
YML054C,YIL093C,0,1.2882361,0.3077564537525177,0.7335984110832214,0.1660996526479721
YAR018C,YPL202C,0,1.287677,0.30762818455696106,0.7335984110832214,0.1661997139453888
YDR033W,YGL213C,0,1.2866132,0.3075000047683716,0.7335984110832214,0.16629977524280548
YOR167C,YDR128W,0,1.2861842,0.30737191438674927,0.7335984110832214,0.16639983654022217
YHR021C,YCR094W,0,1.2859263,0.3072439730167389,0.7335984110832214,0.16649989783763885
YPR122W,YER106W,0,1.2857131,0.3071160912513733,0.7335984110832214,0.16659995913505554
YDR495C,YDR116C,0,1.2849684,0.30698835849761963,0.7335984110832214,0.16670002043247223
YGR088W,YER180C,0,1.2846613,0.30686071515083313,0.7335984110832214,0.16680008172988892
YMR080C,YKL017C,0,1.2846035,0.3067331612110138,0.7335984110832214,0.1669001430273056
YJR110W,YGL157W,0,1.2844796,0.306605726480484,0.7335984110832214,0.1670002043247223
YLR370C,YPL028W,0,1.2836573,0.3064784109592438,0.7335984110832214,0.16710026562213898
YNR016C,YKL108W,0,1.2825643,0.3063511848449707,0.7335984110832214,0.16720032691955566
YCR053W,YOR327C,1,1.2821516,0.30663901567459106,0.7345924377441406,0.16720032691955566
YPR005C,YFL044C,0,1.281909,0.3065118193626404,0.7345924377441406,0.16730037331581116
YOL152W,YEL065W,0,1.2809616,0.30638474225997925,0.7345924377441406,0.16740043461322784
YJR009C,YML060W,0,1.2809325,0.30625778436660767,0.7345924377441406,0.16750049591064453
YAR010C,YDL112W,0,1.2802421,0.30613091588020325,0.7345924377441406,0.16760055720806122
YKL156W,YPL095C,0,1.2795285,0.306004136800766,0.7345924377441406,0.1677006185054779
YOR063W,YOR369C,0,1.2786857,0.3058774769306183,0.7345924377441406,0.1678006798028946
YDR013W,YLR221C,0,1.2784529,0.30575093626976013,0.7345924377441406,0.16790074110031128
YJR143C,YJL101C,0,1.2775162,0.30562448501586914,0.7345924377441406,0.16800080239772797
YKR061W,YOL123W,0,1.2773793,0.3054981529712677,0.7345924377441406,0.16810086369514465
YGL135W,YDR134C,0,1.2772021,0.3053719103336334,0.7345924377441406,0.16820092499256134
YNR070W,YOR391C,0,1.2755699,0.3052457571029663,0.7345924377441406,0.16830098628997803
YML116W,YNL136W,0,1.2754233,0.30511972308158875,0.7345924377441406,0.16840104758739471
YOR322C,YOR329C,1,1.2748564,0.30540651082992554,0.7355864644050598,0.16840104758739471
YDR466W,YLR441C,0,1.2747691,0.30528053641319275,0.7355864644050598,0.1685010939836502
YBR050C,YER020W,0,1.2742647,0.3051546514034271,0.7355864644050598,0.1686011552810669
YMR051C,YAL044C,0,1.2742455,0.30502885580062866,0.7355864644050598,0.16870121657848358
YDR056C,YHR181W,0,1.2733645,0.30490317940711975,0.7355864644050598,0.16880127787590027
YNL301C,YOL002C,0,1.2731633,0.304777592420578,0.7355864644050598,0.16890133917331696
YLR370C,YDL143W,0,1.272167,0.3046521246433258,0.7355864644050598,0.16900140047073364
YCR028C,YDR093W,1,1.2715235,0.30493825674057007,0.736580491065979,0.16900140047073364
YDR532C,YLR109W,0,1.2713484,0.30481284856796265,0.736580491065979,0.16910146176815033
YBR286W,YDR044W,0,1.2711012,0.3046875,0.736580491065979,0.16920152306556702
YGL147C,YFR007W,0,1.2709802,0.3045622706413269,0.736580491065979,0.1693015843629837
YGR191W,YLR207W,0,1.2689525,0.30443713068962097,0.736580491065979,0.1694016456604004
YDR358W,YKL198C,0,1.267905,0.3043121099472046,0.736580491065979,0.16950170695781708
YNL128W,YJL065C,0,1.2659543,0.30418717861175537,0.736580491065979,0.16960176825523376
YJL106W,YDR486C,0,1.2659221,0.3040623664855957,0.736580491065979,0.16970181465148926
YKR058W,YGL141W,0,1.2656226,0.3039376437664032,0.736580491065979,0.16980187594890594
YJR025C,YDR228C,0,1.2644897,0.30381304025650024,0.736580491065979,0.16990193724632263
YER095W,YML088W,0,1.2630945,0.30368852615356445,0.736580491065979,0.17000199854373932
YDL043C,YJR016C,0,1.2622236,0.3035641014575958,0.736580491065979,0.170102059841156
YGL009C,YNL191W,0,1.2619724,0.30343979597091675,0.736580491065979,0.1702021211385727
YIL041W,YNL243W,1,1.2609682,0.30372491478919983,0.737574577331543,0.1702021211385727
YML052W,YER125W,1,1.2598634,0.3040098249912262,0.7385686039924622,0.1702021211385727
YGL137W,YPL038W,0,1.2591934,0.30388548970222473,0.7385686039924622,0.17030218243598938
YNL086W,YDR387C,0,1.2590768,0.30376124382019043,0.7385686039924622,0.17040224373340607
YLR414C,YGL059W,0,1.2580488,0.3036371171474457,0.7385686039924622,0.17050230503082275
YMR306W,YLR186W,0,1.2575613,0.3035130798816681,0.7385686039924622,0.17060236632823944
YNL049C,YGR076C,0,1.2562141,0.30338913202285767,0.7385686039924622,0.17070242762565613
YMR297W,YDR400W,0,1.2558243,0.3032653033733368,0.7385686039924622,0.17080248892307281
YLR008C,YJR155W,0,1.2557967,0.3031415641307831,0.7385686039924622,0.1709025353193283
YNL210W,YOL002C,0,1.2533339,0.3030179440975189,0.7385686039924622,0.171002596616745
YGL021W,YGR124W,0,1.2533321,0.3028944134712219,0.7385686039924622,0.17110265791416168
YGL251C,YDR103W,0,1.2531321,0.3027709722518921,0.7385686039924622,0.17120271921157837
YJL073W,YMR311C,0,1.2530385,0.3026476502418518,0.7385686039924622,0.17130278050899506
YHR101C,YHR181W,0,1.2527066,0.3025244176387787,0.7385686039924622,0.17140284180641174
YJL157C,YNR061C,0,1.2506962,0.3024013042449951,0.7385686039924622,0.17150290310382843
YLL001W,YKR104W,0,1.2496102,0.3022782802581787,0.7385686039924622,0.17160296440124512
YLL038C,YNL098C,0,1.2494751,0.30215534567832947,0.7385686039924622,0.1717030256986618
YOL003C,YBL022C,0,1.2494669,0.3020325303077698,0.7385686039924622,0.1718030869960785
YLR126C,YCR053W,0,1.2485464,0.30190980434417725,0.7385686039924622,0.17190314829349518
YBL101C,YCR053W,1,1.2477944,0.3021933436393738,0.7395626306533813,0.17190314829349518
YPL144W,YJR075W,0,1.2475196,0.30207064747810364,0.7395626306533813,0.17200319468975067
YLR396C,YMR017W,0,1.2475088,0.30194804072380066,0.7395626306533813,0.17210325598716736
YLR099C,YAL003W,0,1.2464027,0.30182555317878723,0.7395626306533813,0.17220331728458405
YDR248C,YLR396C,0,1.244453,0.30170315504074097,0.7395626306533813,0.17230337858200073
YER095W,YOR143C,0,1.2442358,0.30158087611198425,0.7395626306533813,0.17240343987941742
YDR071C,YMR311C,0,1.2439041,0.3014586567878723,0.7395626306533813,0.1725035011768341
YOR389W,YPL059W,0,1.2438917,0.3013365864753723,0.7395626306533813,0.1726035624742508
YDR533C,YJL008C,0,1.242923,0.3012145757675171,0.7395626306533813,0.17270362377166748
YBR012W-A,YDR228C,0,1.2425982,0.3010926842689514,0.7395626306533813,0.17280368506908417
YOR131C,YDR368W,0,1.2424247,0.3009708821773529,0.7395626306533813,0.17290374636650085
YDL129W,YLR237W,0,1.2415681,0.30084916949272156,0.7395626306533813,0.17300380766391754
YLR459W,YDL110C,0,1.240736,0.30072757601737976,0.7395626306533813,0.17310386896133423
YGL137W,YNL101W,0,1.239482,0.3006060719490051,0.7395626306533813,0.17320391535758972
YDR495C,YDR096W,0,1.239383,0.30048465728759766,0.7395626306533813,0.1733039766550064
YHR215W,YPL159C,0,1.2384876,0.30036333203315735,0.7395626306533813,0.1734040379524231
YDL019C,YNR022C,0,1.2380029,0.3002421259880066,0.7395626306533813,0.17350409924983978
YDL085W,YIL111W,0,1.2373145,0.300121009349823,0.7395626306533813,0.17360416054725647
YER061C,YOL147C,0,1.2369123,0.30000001192092896,0.7395626306533813,0.17370422184467316
YER091C,YHR129C,0,1.2362561,0.2998790740966797,0.7395626306533813,0.17380428314208984
YMR312W,YPR021C,0,1.2357577,0.29975825548171997,0.7395626306533813,0.17390434443950653
YJR066W,YAR019C,0,1.2347717,0.2996375262737274,0.7395626306533813,0.17400440573692322
YGL173C,YKR030W,0,1.2338716,0.2995169162750244,0.7395626306533813,0.1741044670343399
YGR086C,YDR032C,0,1.2335751,0.2993963658809662,0.7395626306533813,0.1742045283317566
YBL078C,YBR251W,0,1.2334609,0.2992759346961975,0.7395626306533813,0.17430458962917328
YOR063W,YML063W,0,1.2326555,0.2991556227207184,0.7395626306533813,0.17440463602542877
YPL174C,YJL062W,0,1.2322011,0.29903537034988403,0.7395626306533813,0.17450469732284546
YJR135C,YNR001C,0,1.231199,0.29891523718833923,0.7395626306533813,0.17460475862026215
YFR006W,YCL027W,0,1.2307863,0.2987951934337616,0.7395626306533813,0.17470481991767883
YML012W,YIR036C,0,1.229946,0.2986752390861511,0.7395626306533813,0.17480488121509552
YFL047W,YKL154W,0,1.229281,0.2985553741455078,0.7395626306533813,0.1749049425125122
YPR063C,YIL074C,0,1.2277181,0.29843562841415405,0.7395626306533813,0.1750050038099289
YNL086W,YDR456W,0,1.227392,0.29831597208976746,0.7395626306533813,0.17510506510734558
YDR069C,YER166W,1,1.2269045,0.29859718680381775,0.7405566573143005,0.17510506510734558
YGL206C,YBL055C,0,1.2258103,0.29847756028175354,0.7405566573143005,0.17520512640476227
YKR003W,YCR053W,1,1.2257326,0.29875850677490234,0.7415506839752197,0.17520512640476227
YHR135C,YKL129C,1,1.225312,0.29903924465179443,0.7425447106361389,0.17520512640476227
YML027W,YDR487C,0,1.2251965,0.29891955852508545,0.7425447106361389,0.17530518770217896
YBR166C,YHR117W,0,1.2249653,0.298799991607666,0.7425447106361389,0.17540524899959564
YML005W,YOR217W,0,1.2239941,0.29868051409721375,0.7425447106361389,0.17550531029701233
YMR163C,YLR158C,0,1.2239565,0.298561155796051,0.7425447106361389,0.17560535669326782
YDR341C,YOL123W,0,1.2226956,0.2984418570995331,0.7425447106361389,0.1757054179906845
YMR098C,YJL108C,0,1.2213303,0.2983226776123047,0.7425447106361389,0.1758054792881012
YMR303C,YLR403W,0,1.2212045,0.29820358753204346,0.7425447106361389,0.17590554058551788
YML085C,YLL001W,0,1.2211051,0.2980845868587494,0.7425447106361389,0.17600560188293457
YLR086W,YGL253W,0,1.2201767,0.2979657053947449,0.7425447106361389,0.17610566318035126
YCR028C,YER125W,1,1.2199675,0.2982456088066101,0.7435387969017029,0.17610566318035126
YNL086W,YNR045W,0,1.2187331,0.298126757144928,0.7435387969017029,0.17620572447776794
YOR034C,YKL129C,1,1.2185876,0.29840636253356934,0.7445328235626221,0.17620572447776794
YKL100C,YDR116C,0,1.2182126,0.2982875406742096,0.7445328235626221,0.17630578577518463
YER044C,YOL140W,0,1.2178807,0.29816877841949463,0.7445328235626221,0.17640584707260132
YOR096W,YJL170C,0,1.2162222,0.2980501353740692,0.7445328235626221,0.176505908370018
YJR009C,YLR439W,0,1.2156863,0.29793158173561096,0.7445328235626221,0.1766059696674347
YJR013W,YDL195W,0,1.2151896,0.2978131175041199,0.7445328235626221,0.17670603096485138
YIR006C,YPL145C,1,1.2151719,0.29809221625328064,0.7455268502235413,0.17670603096485138
YPL022W,YDR387C,0,1.2136793,0.29797378182411194,0.7455268502235413,0.17680607736110687
YGR159C,YDL180W,0,1.2134669,0.2978554368019104,0.7455268502235413,0.17690613865852356
YML012W,YDR322W,0,1.2134054,0.2977372109889984,0.7455268502235413,0.17700619995594025
YBR082C,YDR520C,0,1.2125448,0.2976190447807312,0.7455268502235413,0.17710626125335693
YBR024W,YER164W,0,1.2120184,0.29750099778175354,0.7455268502235413,0.17720632255077362
YDR425W,YPR192W,0,1.2117739,0.29738304018974304,0.7455268502235413,0.1773063838481903
YMR100W,YDL095W,0,1.210624,0.2972651720046997,0.7455268502235413,0.177406445145607
YML104C,YOR174W,0,1.208272,0.29714739322662354,0.7455268502235413,0.17750650644302368
YMR139W,YDL200C,0,1.207833,0.2970297038555145,0.7455268502235413,0.17760656774044037
YHR092C,YPR186C,0,1.2077863,0.2969121038913727,0.7455268502235413,0.17770662903785706
YJL165C,YDR315C,0,1.207737,0.2967946231365204,0.7455268502235413,0.17780669033527374
YOR124C,YIL101C,0,1.2076728,0.29667720198631287,0.7455268502235413,0.17790673673152924
YBL075C,YBR166C,0,1.207664,0.2965599000453949,0.7455268502235413,0.17800679802894592
YBL075C,YDR495C,0,1.2071924,0.2964426875114441,0.7455268502235413,0.1781068593263626
YDR018C,YLR172C,0,1.2066355,0.29632556438446045,0.7455268502235413,0.1782069206237793
YOR322C,YKR014C,1,1.2062536,0.2966034710407257,0.7465208768844604,0.1782069206237793
YHL019C,YLR381W,0,1.2054359,0.29648637771606445,0.7465208768844604,0.17830698192119598
YML052W,YMR109W,1,1.2046864,0.2967640161514282,0.7475149035453796,0.17830698192119598
YLL001W,YBR122C,0,1.204083,0.29664695262908936,0.7475149035453796,0.17840704321861267
YKL034W,YOL056W,0,1.2036349,0.29652997851371765,0.7475149035453796,0.17850710451602936
YER088C,YNR070W,0,1.2027223,0.2964130938053131,0.7475149035453796,0.17860716581344604
YGL206C,YBR040W,0,1.2024946,0.29629629850387573,0.7475149035453796,0.17870722711086273
YJR013W,YOR174W,0,1.2023691,0.2961795926094055,0.7475149035453796,0.17880728840827942
YKR094C,YGL178W,0,1.2021539,0.29606300592422485,0.7475149035453796,0.1789073497056961
YMR281W,YJR155W,0,1.201321,0.29594647884368896,0.7475149035453796,0.1790074110031128
YER161C,YMR311C,0,1.2008955,0.29583004117012024,0.7475149035453796,0.1791074573993683
YML037C,YIL126W,0,1.2004185,0.29571372270584106,0.7475149035453796,0.17920751869678497
YER068W,YKL024C,0,1.2003481,0.29559749364852905,0.7475149035453796,0.17930757999420166
YNL049C,YGL141W,0,1.2001822,0.2954813241958618,0.7475149035453796,0.17940764129161835
YBR299W,YHR011W,0,1.199136,0.29536527395248413,0.7475149035453796,0.17950770258903503
YPR049C,YNL096C,0,1.1988583,0.2952493131160736,0.7475149035453796,0.17960776388645172
YER020W,YNL135C,0,1.1975052,0.29513344168663025,0.7475149035453796,0.1797078251838684
YDR341C,YDR520C,0,1.1973022,0.29501765966415405,0.7475149035453796,0.1798078864812851
YDR466W,YER133W,0,1.1966754,0.294901967048645,0.7475149035453796,0.17990794777870178
YGR006W,YNL012W,0,1.1941148,0.29478636384010315,0.7475149035453796,0.18000800907611847
YJL102W,YMR165C,0,1.1939315,0.29467085003852844,0.7475149035453796,0.18010807037353516
YJR025C,YPR036W,0,1.1929898,0.2945554256439209,0.7475149035453796,0.18020813167095184
YOL031C,YHL036W,0,1.1923544,0.2944400906562805,0.7475149035453796,0.18030817806720734
YNL322C,YPL258C,0,1.1920052,0.2943248450756073,0.7475149035453796,0.18040823936462402
YJL046W,YDR103W,0,1.1919285,0.29420968890190125,0.7475149035453796,0.1805083006620407
YHR153C,YOR337W,0,1.1916404,0.29409465193748474,0.7475149035453796,0.1806083619594574
YDR523C,YPR184W,0,1.1913745,0.293979674577713,0.7475149035453796,0.18070842325687408
YDL115C,YNL244C,0,1.1912227,0.29386478662490845,0.7475149035453796,0.18080848455429077
YKL100C,YDR236C,0,1.1902033,0.29374998807907104,0.7475149035453796,0.18090854585170746
YMR314W,YJR076C,0,1.1898276,0.2936353087425232,0.7475149035453796,0.18100860714912415
YJL165C,YJR098C,0,1.1889105,0.2935206890106201,0.7475149035453796,0.18110866844654083
YDR299W,YPR028W,0,1.1885365,0.2934061586856842,0.7475149035453796,0.18120872974395752
YDR358W,YDR363W-A,0,1.1873019,0.29329171776771545,0.7475149035453796,0.1813087910413742
YNL166C,YDR224C,0,1.187276,0.29317739605903625,0.7475149035453796,0.1814088523387909
YJR033C,YLL022C,0,1.1859611,0.29306313395500183,0.7475149035453796,0.1815088987350464
YOR008C,YDL231C,1,1.1857576,0.2933385372161865,0.7485089302062988,0.1815088987350464
YDR197W,YJL190C,0,1.185686,0.2932243049144745,0.7485089302062988,0.18160896003246307
YMR139W,YGR014W,0,1.1853619,0.2931101620197296,0.7485089302062988,0.18170902132987976
YER056C-A,YEL021W,0,1.1853346,0.2929961085319519,0.7485089302062988,0.18180908262729645
YGL039W,YNL091W,0,1.1852767,0.29288214445114136,0.7485089302062988,0.18190914392471313
YOR288C,YFL029C,0,1.185187,0.292768269777298,0.7485089302062988,0.18200920522212982
YHL040C,YDR115W,0,1.184984,0.29265448451042175,0.7485089302062988,0.1821092665195465
YPL186C,YMR311C,0,1.1831796,0.2925407886505127,0.7485089302062988,0.1822093278169632
YDR347W,YML063W,0,1.1827004,0.2924271821975708,0.7485089302062988,0.18230938911437988
YML052W,YDR177W,1,1.1824281,0.2927018702030182,0.749502956867218,0.18230938911437988
YKL100C,YPL154C,0,1.1819966,0.2925882935523987,0.749502956867218,0.18240945041179657
YLR098C,YOR332W,0,1.1819081,0.29247477650642395,0.749502956867218,0.18250951170921326
YDR342C,YMR292W,0,1.1817166,0.29236137866973877,0.749502956867218,0.18260957300662994
YDL195W,YGR002C,0,1.1814315,0.29224807024002075,0.749502956867218,0.18270961940288544
YKR038C,YNL007C,0,1.1805817,0.2921348214149475,0.749502956867218,0.18280968070030212
YPR098C,YOR092W,0,1.1804962,0.2920216917991638,0.749502956867218,0.1829097419977188
YDR265W,YGR191W,0,1.1800399,0.2919086217880249,0.749502956867218,0.1830098032951355
YIL109C,YDR018C,0,1.1796827,0.29179567098617554,0.749502956867218,0.18310986459255219
YML052W,YPL004C,1,1.179153,0.2920696437358856,0.750497043132782,0.18310986459255219
YHR067W,YDL007W,0,1.1788826,0.29195669293403625,0.750497043132782,0.18320992588996887
YJR104C,YOR308C,0,1.1788757,0.29184383153915405,0.750497043132782,0.18330998718738556
YFR008W,YDR313C,0,1.1780092,0.291731059551239,0.750497043132782,0.18341004848480225
YNR020C,YJL158C,0,1.1774275,0.29161837697029114,0.750497043132782,0.18351010978221893
YOR237W,YJL204C,1,1.1773511,0.2918919026851654,0.7514910697937012,0.18351010978221893
YGR009C,YDL190C,0,1.1762804,0.2917792499065399,0.7514910697937012,0.18361017107963562
YOR356W,YOR217W,0,1.1751305,0.2916666567325592,0.7514910697937012,0.1837102323770523
YGL253W,YIL026C,0,1.1734707,0.29155418276786804,0.7514910697937012,0.1838102787733078
YER044C,YLR357W,0,1.1729299,0.29144179821014404,0.7514910697937012,0.1839103400707245
YPR186C,YFR006W,0,1.1719378,0.2913294732570648,0.7514910697937012,0.18401040136814117
YLR147C,YBL074C,0,1.1710888,0.29121726751327515,0.7514910697937012,0.18411046266555786
YER027C,YDR120C,0,1.1704881,0.29110512137413025,0.7514910697937012,0.18421052396297455
YMR088C,YNL339C,0,1.1702933,0.2909930646419525,0.7514910697937012,0.18431058526039124
YLR342W,YEL027W,1,1.1686808,0.2912658751010895,0.7524850964546204,0.18431058526039124
YGR058W,YDR158W,0,1.1682293,0.29115384817123413,0.7524850964546204,0.18441064655780792
YNL330C,YOR061W,0,1.1663382,0.29104191064834595,0.7524850964546204,0.1845107078552246
YGR006W,YBR012W-B,0,1.1662619,0.2909300625324249,0.7524850964546204,0.1846107691526413
YJR145C,YGR062C,0,1.1659802,0.2908182740211487,0.7524850964546204,0.18471083045005798
YFL004W,YEL013W,0,1.1658723,0.290706604719162,0.7524850964546204,0.18481089174747467
YOR347C,YOR043W,0,1.1650739,0.29059499502182007,0.7524850964546204,0.18491095304489136
YHR025W,YPR186C,0,1.1646883,0.2904835045337677,0.7524850964546204,0.18501099944114685
YDR529C,YIR023W,0,1.1645277,0.2903720736503601,0.7524850964546204,0.18511106073856354
YDL144C,YCL050C,0,1.1641585,0.2902607321739197,0.7524850964546204,0.18521112203598022
YPR168W,YOL140W,0,1.1629772,0.2901494801044464,0.7524850964546204,0.1853111833333969
YMR297W,YNL128W,0,1.1625166,0.2900383174419403,0.7524850964546204,0.1854112446308136
YPL174C,YGR071C,0,1.1622126,0.28992724418640137,0.7524850964546204,0.18551130592823029
YER099C,YOL100W,0,1.1621948,0.2898162305355072,0.7524850964546204,0.18561136722564697
YNL149C,YOL149W,0,1.16196,0.2897053062915802,0.7524850964546204,0.18571142852306366
YGL161C,YEL017C-A,0,1.1617956,0.28959450125694275,0.7524850964546204,0.18581148982048035
YLR337W,YAL030W,1,1.1615188,0.2898661494255066,0.7534791231155396,0.18581148982048035
YGL173C,YOR150W,0,1.161016,0.28975534439086914,0.7534791231155396,0.18591155111789703
YCR094W,YLR337C,1,1.1608105,0.2900267541408539,0.7544731497764587,0.18591155111789703
YDL130W,YER044C,0,1.1598041,0.2899159789085388,0.7544731497764587,0.18601161241531372
YHR021C,YBR205W,0,1.1595244,0.28980526328086853,0.7544731497764587,0.1861116737127304
YAL021C,YLR100W,0,1.1594913,0.2896946668624878,0.7544731497764587,0.1862117201089859
YJL170C,YNR011C,0,1.1594818,0.28958413004875183,0.7544731497764587,0.1863117814064026
YHR215W,YER111C,0,1.1591244,0.28947368264198303,0.7544731497764587,0.18641184270381927
YKL109W,YPL111W,0,1.1590705,0.2893633246421814,0.7544731497764587,0.18651190400123596
YDR329C,YER164W,0,1.1586965,0.2892530560493469,0.7544731497764587,0.18661196529865265
YJL129C,YGR037C,0,1.1585929,0.2891428470611572,0.7544731497764587,0.18671202659606934
YBR041W,YOR224C,0,1.1584575,0.2890327572822571,0.7544731497764587,0.18681208789348602
YBL078C,YFL002W-A,0,1.157694,0.2889227271080017,0.7544731497764587,0.1869121491909027
YHR073W,YNL032W,1,1.1569816,0.2891933023929596,0.7554671764373779,0.1869121491909027
YHL008C,YGL168W,0,1.1565399,0.2890833020210266,0.7554671764373779,0.1870122104883194
YDL161W,YAR044W,1,1.1563209,0.289353609085083,0.7564612030982971,0.1870122104883194
YPR028W,YBL021C,0,1.1560518,0.2892436385154724,0.7564612030982971,0.18711227178573608
YNL308C,YDR055W,0,1.1555648,0.2891337275505066,0.7564612030982971,0.18721233308315277
YPL157W,YPR036W,0,1.1554916,0.2890239357948303,0.7564612030982971,0.18731239438056946
YHR172W,YLR327C,0,1.1541735,0.28891420364379883,0.7564612030982971,0.18741244077682495
YDR022C,YMR023C,0,1.1534992,0.2888045608997345,0.7564612030982971,0.18751250207424164
YPL226W,YLR265C,0,1.153362,0.28869497776031494,0.7564612030982971,0.18761256337165833
YNR061C,YMR224C,0,1.1528431,0.28858551383018494,0.7564612030982971,0.187712624669075
YER096W,YGR106C,0,1.1521797,0.2884761095046997,0.7564612030982971,0.1878126859664917
YDR022C,YIR015W,0,1.1520234,0.28836679458618164,0.7564612030982971,0.1879127472639084
YBR024W,YFL041W,0,1.1519018,0.28825756907463074,0.7564612030982971,0.18801280856132507
YBL075C,YGL157W,0,1.1517613,0.288148432970047,0.7564612030982971,0.18811286985874176
YOR034C,YHR114W,1,1.1515877,0.28841787576675415,0.7574552893638611,0.18811286985874176
YBL064C,YCL047C,0,1.1503766,0.2883087396621704,0.7574552893638611,0.18821293115615845
YPR049C,YNL162W,0,1.1503656,0.28819969296455383,0.7574552893638611,0.18831299245357513
YMR298W,YJL044C,0,1.1496627,0.2880907356739044,0.7574552893638611,0.18841305375099182
YJL143W,YLR176C,0,1.149528,0.28798186779022217,0.7574552893638611,0.1885131150484085
YLR237W,YOR014W,0,1.1493845,0.2878730595111847,0.7574552893638611,0.188613161444664
YAL020C,YDR326C,0,1.1492202,0.2877643406391144,0.7574552893638611,0.1887132227420807
YJL052W,YDR130C,0,1.1491823,0.28765571117401123,0.7574552893638611,0.18881328403949738
YHL009W-B,YOR369C,0,1.1489604,0.28754717111587524,0.7574552893638611,0.18891334533691406
YPL019C,YHR023W,0,1.1467841,0.28743869066238403,0.7574552893638611,0.18901340663433075
YNR020C,YNL289W,0,1.1467838,0.2873303294181824,0.7574552893638611,0.18911346793174744
YDR069C,YAL026C,1,1.145819,0.28759893774986267,0.7584493160247803,0.18911346793174744
YBL010C,YNL115C,0,1.1449364,0.287490576505661,0.7584493160247803,0.18921352922916412
YJL170C,YGR241C,0,1.1448675,0.2873823046684265,0.7584493160247803,0.1893135905265808
YNL212W,YOR131C,0,1.1448402,0.2872740924358368,0.7584493160247803,0.1894136518239975
YBL030C,YDR103W,0,1.1436641,0.28716596961021423,0.7584493160247803,0.18951371312141418
YJL219W,YGR063C,0,1.1430254,0.28705793619155884,0.7584493160247803,0.18961377441883087
YJR145C,YNL268W,0,1.142928,0.2869499921798706,0.7584493160247803,0.18971383571624756
YBL017C,YKR048C,0,1.1422653,0.28684210777282715,0.7584493160247803,0.18981388211250305
YER131W,YOR076C,0,1.1403835,0.28673431277275085,0.7584493160247803,0.18991394340991974
YGR135W,YER012W,0,1.1399149,0.2866266071796417,0.7584493160247803,0.19001400470733643
YDL229W,YCR037C,0,1.1398928,0.28651896119117737,0.7584493160247803,0.1901140660047531
YLR418C,YIL112W,0,1.13952,0.2864114046096802,0.7584493160247803,0.1902141273021698
YML042W,YNL151C,0,1.138336,0.28630393743515015,0.7584493160247803,0.1903141885995865
YDR536W,YCL047C,0,1.1381867,0.2861965596675873,0.7584493160247803,0.19041424989700317
YPL177C,YLL050C,0,1.1377163,0.2860892415046692,0.7584493160247803,0.19051431119441986
YDR074W,YDR130C,0,1.1376575,0.28598201274871826,0.7584493160247803,0.19061437249183655
YPL194W,YBR012W-B,0,1.1362501,0.2858748733997345,0.7584493160247803,0.19071443378925323
YDR242W,YNL325C,0,1.1344182,0.2857677936553955,0.7584493160247803,0.19081449508666992
YGL040C,YNL244C,0,1.1342736,0.2856608033180237,0.7584493160247803,0.19091454148292542
YHL019C,YDR376W,0,1.1339173,0.285553902387619,0.7584493160247803,0.1910146027803421
YBR214W,YGL206C,1,1.1336129,0.28582116961479187,0.7594433426856995,0.1910146027803421
YKR003W,YDR264C,1,1.1334481,0.2860882580280304,0.7604373693466187,0.1910146027803421
YNL001W,YGR200C,0,1.1322123,0.28598129749298096,0.7604373693466187,0.1911146640777588
YKR090W,YDR170W-A,0,1.1318786,0.2858744263648987,0.7604373693466187,0.19121472537517548
YDR329C,YML042W,0,1.1318606,0.28576764464378357,0.7604373693466187,0.19131478667259216
YNR043W,YPR036W,0,1.1314756,0.2856609523296356,0.7604373693466187,0.19141484797000885
YML129C,YBR166C,0,1.1303343,0.28555431962013245,0.7604373693466187,0.19151490926742554
YGR234W,YFR007W,0,1.1301886,0.28544774651527405,0.7604373693466187,0.19161497056484222
YLR100W,YOR043W,0,1.1297159,0.2853412926197052,0.7604373693466187,0.1917150318622589
YKL089W,YBR058C,0,1.129277,0.28523489832878113,0.7604373693466187,0.1918150931596756
YIR036C,YHR023W,0,1.1288103,0.2851285934448242,0.7604373693466187,0.19191515445709229
YKL089W,YKR104W,0,1.128792,0.2850223481655121,0.7604373693466187,0.19201521575450897
YNL162W,YLR038C,0,1.1287525,0.2849161922931671,0.7604373693466187,0.19211526215076447
YFL044C,YER089C,0,1.1282115,0.2848101258277893,0.7604373693466187,0.19221532344818115
YPL028W,YLR357W,0,1.1276469,0.2847041189670563,0.7604373693466187,0.19231538474559784
YLR038C,YMR012W,0,1.1273267,0.2845982015132904,0.7604373693466187,0.19241544604301453
YJR139C,YHR036W,0,1.1267262,0.2844923734664917,0.7604373693466187,0.1925155073404312
YNR061C,YDR297W,0,1.1263111,0.28438660502433777,0.7604373693466187,0.1926155686378479
YHR073W,YLR371W,1,1.1257472,0.2846525311470032,0.7614313960075378,0.1926155686378479
YJR058C,YPR184W,0,1.12499,0.28454679250717163,0.7614313960075378,0.1927156299352646
YDL019C,YOR043W,1,1.1248674,0.28481248021125793,0.762425422668457,0.1927156299352646
YER083C,YJL129C,0,1.1247431,0.2847067415714264,0.762425422668457,0.19281569123268127
YFR006W,YER089C,0,1.1243445,0.2846011221408844,0.762425422668457,0.19291575253009796
YOR131C,YCR094W,0,1.1239396,0.2844955623149872,0.762425422668457,0.19301581382751465
YLR371W,YNL101W,0,1.123091,0.28439006209373474,0.762425422668457,0.19311587512493134
YDR424C,YOL007C,0,1.1217697,0.28428465127944946,0.762425422668457,0.19321593642234802
YDR466W,YFL002W-A,0,1.1217691,0.28417932987213135,0.762425422668457,0.19331598281860352
YPL144W,YGL147C,0,1.1216934,0.284074068069458,0.762425422668457,0.1934160441160202
YKL156W,YNL158W,0,1.1216321,0.28396889567375183,0.762425422668457,0.1935161054134369
YPR156C,YGL249W,0,1.121455,0.2838638126850128,0.762425422668457,0.19361616671085358
YDR059C,YNL243W,1,1.1213255,0.28412875533103943,0.763419508934021,0.19361616671085358
YPR108W,YPR042C,0,1.1212919,0.2840236723423004,0.763419508934021,0.19371622800827026
YKL203C,YGR086C,1,1.1212626,0.28428834676742554,0.7644135355949402,0.19371622800827026
YPR156C,YMR208W,0,1.1210811,0.2841832935810089,0.7644135355949402,0.19381628930568695
YGR088W,YDR032C,0,1.1208076,0.28407832980155945,0.7644135355949402,0.19391635060310364
YNL188W,YDR069C,0,1.1207483,0.28397342562675476,0.7644135355949402,0.19401641190052032
YHR206W,YER111C,0,1.1203089,0.28386858105659485,0.7644135355949402,0.194116473197937
YDR011W,YLR109W,0,1.1198533,0.2837638258934021,0.7644135355949402,0.1942165344953537
YLL038C,YER125W,1,1.1192601,0.284028023481369,0.7654075622558594,0.1942165344953537
YIL027C,YNL268W,0,1.118319,0.28392329812049866,0.7654075622558594,0.19431659579277039
YNL166C,YDR507C,0,1.1174331,0.28381866216659546,0.7654075622558594,0.19441665709018707
YHR143W,YGL178W,0,1.1170105,0.28371408581733704,0.7654075622558594,0.19451670348644257
YGR026W,YBL093C,0,1.1160659,0.2836095690727234,0.7654075622558594,0.19461676478385925
YOR063W,YNL185C,0,1.1158831,0.2835051417350769,0.7654075622558594,0.19471682608127594
YLR446W,YLR048W,0,1.1158503,0.2834008038043976,0.7654075622558594,0.19481688737869263
YEL059C-A,YGL157W,0,1.1144478,0.2832965552806854,0.7654075622558594,0.19491694867610931
YPR156C,YNL135C,0,1.1134906,0.28319233655929565,0.7654075622558594,0.195017009973526
YOL031C,YAR007C,0,1.1124926,0.28308823704719543,0.7654075622558594,0.1951170712709427
YNL046W,YCR094W,0,1.1118094,0.28298419713974,0.7654075622558594,0.19521713256835938
YMR080C,YOL105C,0,1.1097951,0.2828802466392517,0.7654075622558594,0.19531719386577606
YDR425W,YDR107C,0,1.1093011,0.2827763557434082,0.7654075622558594,0.19541725516319275
YNL086W,YDR393W,0,1.1092672,0.28267255425453186,0.7654075622558594,0.19551731646060944
YJR098C,YLR356W,0,1.1086618,0.2825688123703003,0.7654075622558594,0.19561737775802612
YDL195W,YDR231C,0,1.1076099,0.2824651598930359,0.7654075622558594,0.19571742415428162
YGL185C,YKR105C,0,1.1075573,0.28236156702041626,0.7654075622558594,0.1958174854516983
YML054C,YGR116W,0,1.1064007,0.2822580635547638,0.7654075622558594,0.195917546749115
YJR013W,YDR393W,0,1.1062993,0.2821546494960785,0.7654075622558594,0.19601760804653168
YER095W,YML095C,0,1.1052338,0.28205129504203796,0.7654075622558594,0.19611766934394836
YPL106C,YDL164C,0,1.1043944,0.2819480001926422,0.7654075622558594,0.19621773064136505
YLR459W,YMR314W,0,1.1038547,0.2818447947502136,0.7654075622558594,0.19631779193878174
YKL203C,YNL297C,1,1.1036806,0.28210756182670593,0.7664015889167786,0.19631779193878174
YNR070W,YNL306W,0,1.1033428,0.28200438618659973,0.7664015889167786,0.19641785323619843
YDL051W,YJR143C,0,1.102768,0.2819012701511383,0.7664015889167786,0.1965179145336151
YOR034C,YGL206C,1,1.1023366,0.28216373920440674,0.7673956155776978,0.1965179145336151
YDR238C,YMR163C,0,1.1018819,0.2820606529712677,0.7673956155776978,0.1966179758310318
YCR077C,YLR147C,0,1.1008829,0.28195762634277344,0.7673956155776978,0.1967180371284485
YJL221C,YCR053W,0,1.1006061,0.28185468912124634,0.7673956155776978,0.19681808352470398
YLR238W,YJL136C,0,1.1003492,0.281751811504364,0.7673956155776978,0.19691814482212067
YHR135C,YGL206C,1,1.0993426,0.282013863325119,0.7683896422386169,0.19691814482212067
YNL162W,YFR008W,0,1.0991958,0.2819110155105591,0.7683896422386169,0.19701820611953735
YKL010C,YLR430W,0,1.0979156,0.2818082273006439,0.7683896422386169,0.19711826741695404
YOR036W,YGR006W,0,1.0967366,0.2817055284976959,0.7683896422386169,0.19721832871437073
YLR126C,YDR115W,0,1.0962155,0.2816029191017151,0.7683896422386169,0.19731839001178741
YDR139C,YJR058C,0,1.0959097,0.28150036931037903,0.7683896422386169,0.1974184513092041
YDR018C,YEL017C-A,0,1.095794,0.28139787912368774,0.7683896422386169,0.1975185126066208
YGL191W,YDR236C,0,1.0957276,0.2812954783439636,0.7683896422386169,0.19761857390403748
YLR212C,YLR237W,0,1.0956583,0.28119316697120667,0.7683896422386169,0.19771863520145416
YER068W,YDR456W,0,1.0951072,0.2810909152030945,0.7683896422386169,0.19781869649887085
YJR013W,YBR035C,0,1.0941137,0.2809887230396271,0.7683896422386169,0.19791875779628754
YER083C,YLR134W,0,1.0930879,0.28088662028312683,0.7683896422386169,0.19801880419254303
YOR386W,YJL190C,0,1.092525,0.28078460693359375,0.7683896422386169,0.19811886548995972
YMR298W,YKL218C,0,1.0914676,0.28068265318870544,0.7683896422386169,0.1982189267873764
YDR126W,YGR075C,0,1.090427,0.2805807590484619,0.7683896422386169,0.1983189880847931
YDL143W,YCR053W,0,1.090251,0.28047895431518555,0.7683896422386169,0.19841904938220978
YNL207W,YMR045C,0,1.0896738,0.28037720918655396,0.7683896422386169,0.19851911067962646
YJR045C,YBL055C,0,1.0894985,0.2802755534648895,0.7683896422386169,0.19861917197704315
YKL109W,YLR032W,0,1.0884051,0.28017398715019226,0.7683896422386169,0.19871923327445984
YOL127W,YGR194C,0,1.088383,0.2800724506378174,0.7683896422386169,0.19881929457187653
YLL050C,YPL068C,0,1.0882761,0.27997103333473206,0.7683896422386169,0.1989193558692932
YNL101W,YNL135C,0,1.0878054,0.2798696458339691,0.7683896422386169,0.1990194171667099
YKL004W,YJL062W,0,1.0876157,0.2797683775424957,0.7683896422386169,0.1991194784641266
YHL009W-B,YOR211C,0,1.0875553,0.2796671390533447,0.7683896422386169,0.19921952486038208
YDR436W,YLR430W,0,1.0873389,0.2795659899711609,0.7683896422386169,0.19931958615779877
YGL251C,YKL028W,0,1.0870402,0.2794649302959442,0.7683896422386169,0.19941964745521545
YBR092C,YGR075C,0,1.0862161,0.2793639302253723,0.7683896422386169,0.19951970875263214
YPL195W,YLR318W,0,1.0859352,0.2792630195617676,0.7683896422386169,0.19961977005004883
YDL229W,YHR023W,0,1.0858893,0.27916213870048523,0.7683896422386169,0.19971983134746552
YBL037W,YMR071C,0,1.0851399,0.27906137704849243,0.7683896422386169,0.1998198926448822
YNR045W,YDR330W,0,1.0850999,0.2789606750011444,0.7683896422386169,0.1999199539422989
YLL062C,YGL009C,0,1.0846368,0.27886003255844116,0.7683896422386169,0.20002001523971558
YHR016C,YPL032C,1,1.0841291,0.2791200876235962,0.7693836688995361,0.20002001523971558
YML094W,YKL140W,0,1.0834618,0.27901947498321533,0.7693836688995361,0.20012007653713226
YPL074W,YOR070C,0,1.0832438,0.27891892194747925,0.7693836688995361,0.20022013783454895
YIL078W,YGR075C,0,1.0827427,0.2788184583187103,0.7693836688995361,0.20032019913196564
YHR016C,YLR206W,1,1.0820153,0.2790781557559967,0.7703777551651001,0.20032019913196564
YLR237W,YJL102W,0,1.0817953,0.2789776921272278,0.7703777551651001,0.20042024552822113
YBL060W,YEL058W,0,1.0816972,0.27887728810310364,0.7703777551651001,0.20052030682563782
YHR160C,YCR075C,0,1.0815264,0.27877697348594666,0.7703777551651001,0.2006203681230545
YNL154C,YLR056W,1,1.0814109,0.2790363132953644,0.7713717818260193,0.2006203681230545
YIL125W,YEL021W,0,1.0809505,0.2789360284805298,0.7713717818260193,0.2007204294204712
YMR139W,YDL205C,0,1.0807407,0.27883580327033997,0.7713717818260193,0.20082049071788788
YJL052W,YFL044C,0,1.0800073,0.2787356376647949,0.7713717818260193,0.20092055201530457
YEL064C,YBR082C,0,1.0796099,0.27863556146621704,0.7713717818260193,0.20102061331272125
YDR329C,YPL026C,0,1.0786335,0.27853554487228394,0.7713717818260193,0.20112067461013794
YLR147C,YBR166C,0,1.0786064,0.2784355878829956,0.7713717818260193,0.20122073590755463
YCR040W,YNR047W,0,1.0783148,0.27833572030067444,0.7713717818260193,0.2013207972049713
YAL020C,YDR380W,0,1.0781779,0.27823591232299805,0.7713717818260193,0.201420858502388
YNL217W,YMR208W,0,1.0781552,0.2781361937522888,0.7713717818260193,0.2015209197998047
YKR003W,YLR337C,1,1.0775149,0.2783948481082916,0.7723658084869385,0.2015209197998047
YIL051C,YDL065C,0,1.0773063,0.2782951295375824,0.7723658084869385,0.20162096619606018
YHR143W,YML063W,0,1.077282,0.27819550037384033,0.7723658084869385,0.20172102749347687
YHL019C,YHR023W,0,1.0767922,0.27809593081474304,0.7723658084869385,0.20182108879089355
YDR239C,YDR116C,0,1.0757148,0.2779964208602905,0.7723658084869385,0.20192115008831024
YDR059C,YIL041W,1,1.0752556,0.2782546579837799,0.7733598351478577,0.20192115008831024
YNR008W,YKL195W,0,1.0747695,0.2781551778316498,0.7733598351478577,0.20202121138572693
YHR160C,YJL156C,0,1.0742733,0.27805575728416443,0.7733598351478577,0.20212127268314362
YNL280C,YDR334W,0,1.0733864,0.27795642614364624,0.7733598351478577,0.2022213339805603
YDL130W,YGL106W,0,1.0725315,0.2778571546077728,0.7733598351478577,0.202321395277977
YMR165C,YPR032W,0,1.0721637,0.2777579426765442,0.7733598351478577,0.20242145657539368
YJR110W,YPL123C,0,1.0696051,0.2776588201522827,0.7733598351478577,0.20252151787281036
YER036C,YDL101C,0,1.0692152,0.277559757232666,0.7733598351478577,0.20262157917022705
YJL153C,YCL047C,0,1.069153,0.2774607837200165,0.7733598351478577,0.20272162556648254
YOR182C,YGL059W,0,1.0687456,0.27736184000968933,0.7733598351478577,0.20282168686389923
YJR010C-A,YNR020C,0,1.0669612,0.27726301550865173,0.7733598351478577,0.20292174816131592
YLR419W,YIL124W,0,1.0667478,0.2771642208099365,0.7733598351478577,0.2030218094587326
YNL293W,YMR264W,0,1.0646758,0.2770655155181885,0.7733598351478577,0.2031218707561493
YFL002W-A,YDR044W,0,1.0641494,0.2769668996334076,0.7733598351478577,0.20322193205356598
YNL159C,YBL090W,0,1.0636744,0.2768683135509491,0.7733598351478577,0.20332199335098267
YJR145C,YJL041W,0,1.0633116,0.27676984667778015,0.7733598351478577,0.20342205464839935
YJR013W,YBR297W,0,1.0629102,0.2766714096069336,0.7733598351478577,0.20352211594581604
YER070W,YDR054C,0,1.0620003,0.2765730619430542,0.7733598351478577,0.20362217724323273
YOR322C,YKR097W,0,1.0618231,0.2764747738838196,0.7733598351478577,0.20372223854064941
YBR286W,YNL159C,0,1.061707,0.27637654542922974,0.7733598351478577,0.2038222998380661
YMR006C,YDL180W,0,1.0616678,0.27627840638160706,0.7733598351478577,0.2039223462343216
YKL089W,YBR105C,0,1.0616164,0.27618032693862915,0.7733598351478577,0.20402240753173828
YDR481C,YER120W,0,1.061542,0.2760823369026184,0.7733598351478577,0.20412246882915497
YHR076W,YHR064C,0,1.0607921,0.27598440647125244,0.7733598351478577,0.20422253012657166
YDR481C,YDR128W,0,1.0595806,0.27588653564453125,0.7733598351478577,0.20432259142398834
YHR172W,YGR189C,0,1.0595412,0.27578872442245483,0.7733598351478577,0.20442265272140503
YLR427W,YPL111W,0,1.0590478,0.2756910026073456,0.7733598351478577,0.20452271401882172
YGL253W,YLR139C,0,1.0586362,0.2755933403968811,0.7733598351478577,0.2046227753162384
YLL038C,YGR198W,1,1.0570878,0.275849848985672,0.7743538618087769,0.2046227753162384
YDL195W,YPL157W,0,1.0568237,0.2757522165775299,0.7743538618087769,0.2047228366136551
YDR018C,YNL325C,0,1.0563327,0.2756546437740326,0.7743538618087769,0.20482289791107178
YLL001W,YDR130C,0,1.0558456,0.27555713057518005,0.7743538618087769,0.20492295920848846
YDR341C,YLR418C,0,1.0554562,0.2754596769809723,0.7743538618087769,0.20502302050590515
YEL065W,YIL090W,0,1.0552024,0.2753623127937317,0.7743538618087769,0.20512306690216064
YJR075W,YFL039C,0,1.0541632,0.27526500821113586,0.7743538618087769,0.20522312819957733
YNR020C,YGL123W,0,1.0537527,0.2751677930355072,0.7743538618087769,0.20532318949699402
YDR003W,YOR211C,0,1.0535218,0.2750706076622009,0.7743538618087769,0.2054232507944107
YDL210W,YDR115W,0,1.0531074,0.2749735116958618,0.7743538618087769,0.2055233120918274
YDR487C,YCR094W,0,1.0514438,0.27487650513648987,0.7743538618087769,0.20562337338924408
YDR013W,YJL108C,0,1.0512267,0.2747795283794403,0.7743538618087769,0.20572343468666077
YMR281W,YBL037W,0,1.0510068,0.2746826410293579,0.7743538618087769,0.20582349598407745
YDL210W,YOR044W,0,1.050867,0.2745858430862427,0.7743538618087769,0.20592355728149414
YDR242W,YER051W,0,1.050701,0.27448907494544983,0.7743538618087769,0.20602361857891083
YGL206C,YPR108W,0,1.0505633,0.27439239621162415,0.7743538618087769,0.20612367987632751
YJR097W,YLR385C,0,1.0502492,0.27429577708244324,0.7743538618087769,0.2062237411737442
YER140W,YHR140W,0,1.0501537,0.2741992175579071,0.7743538618087769,0.2063237875699997
YBR231C,YDR393W,0,1.0494698,0.27410274744033813,0.7743538618087769,0.20642384886741638
YOR124C,YMR150C,0,1.049401,0.27400633692741394,0.7743538618087769,0.20652391016483307
YLR419W,YML091C,0,1.0462605,0.2739099860191345,0.7743538618087769,0.20662397146224976
YGR162W,YDR390C,0,1.0439357,0.2738136947154999,0.7743538618087769,0.20672403275966644
YDL033C,YMR056C,0,1.043776,0.2737174928188324,0.7743538618087769,0.20682409405708313
YJR013W,YJL153C,0,1.0436834,0.2736213505268097,0.7743538618087769,0.20692415535449982
YDR368W,YOR014W,0,1.0436407,0.27352526783943176,0.7743538618087769,0.2070242166519165
YDR032C,YBR009C,0,1.0434881,0.273429274559021,0.7743538618087769,0.2071242779493332
YDR368W,YPR016C,0,1.0416121,0.273333340883255,0.7743538618087769,0.20722433924674988
YDR529C,YOR131C,0,1.0413585,0.2732374668121338,0.7743538618087769,0.20732440054416656
YKR061W,YPL111W,0,1.0405191,0.27314165234565735,0.7743538618087769,0.20742446184158325
YMR036C,YHR181W,0,1.0394127,0.27304592728614807,0.7743538618087769,0.20752450823783875
YDR117C,YPR032W,0,1.0386455,0.2729502320289612,0.7743538618087769,0.20762456953525543
YNL331C,YGR037C,0,1.0382555,0.27285462617874146,0.7743538618087769,0.20772463083267212
YLL038C,YCR009C,1,1.0372906,0.2731092572212219,0.775347888469696,0.20772463083267212
YBR058C,YHR140W,0,1.0372843,0.2730136513710022,0.775347888469696,0.2078246921300888
YML037C,YPR073C,0,1.0365058,0.27291813492774963,0.775347888469696,0.2079247534275055
YNR011C,YDR069C,0,1.0354375,0.27282267808914185,0.775347888469696,0.20802481472492218
YHR021C,YDR130C,0,1.0341876,0.27272728085517883,0.775347888469696,0.20812487602233887
YEL013W,YDL065C,0,1.0341339,0.2726319432258606,0.775347888469696,0.20822493731975555
YPR036W,YIL124W,0,1.0340266,0.2725366950035095,0.775347888469696,0.20832499861717224
YLR396C,YPR168W,0,1.0337366,0.2724415063858032,0.775347888469696,0.20842505991458893
YNL128W,YGR071C,0,1.0335325,0.2723463773727417,0.775347888469696,0.20852512121200562
YNR050C,YGL178W,0,1.0334104,0.27225130796432495,0.775347888469696,0.2086251825094223
YKL135C,YHR064C,0,1.0319266,0.27215632796287537,0.775347888469696,0.2087252289056778
YLR096W,YCR039C,0,1.0317796,0.27206137776374817,0.775347888469696,0.20882529020309448
YLR008C,YOL092W,0,1.0317467,0.27196651697158813,0.775347888469696,0.20892535150051117
YER070W,YML037C,0,1.0316024,0.27187174558639526,0.775347888469696,0.20902541279792786
YCR053W,YAR042W,1,1.0315685,0.2721254229545593,0.77634197473526,0.20902541279792786
YBR207W,YGL206C,1,1.03127,0.27237895131111145,0.7773360013961792,0.20902541279792786
YGL223C,YMR016C,0,1.0309074,0.2722841203212738,0.7773360013961792,0.20912547409534454
YNL293W,YBR237W,0,1.029469,0.27218934893608093,0.7773360013961792,0.20922553539276123
YGR104C,YOR288C,0,1.028155,0.27209463715553284,0.7773360013961792,0.20932559669017792
YBL054W,YJR065C,0,1.0278993,0.2720000147819519,0.7773360013961792,0.2094256579875946
YNL330C,YJL165C,0,1.0253706,0.27190542221069336,0.7773360013961792,0.2095257192850113
YPL051W,YDR334W,0,1.0251396,0.271810919046402,0.7773360013961792,0.20962578058242798
YDR283C,YJL164C,0,1.0242214,0.27171647548675537,0.7773360013961792,0.20972584187984467
YHL008C,YAL003W,0,1.0229826,0.27162209153175354,0.7773360013961792,0.20982588827610016
YGL021W,YOR221C,0,1.0222617,0.2715277671813965,0.7773360013961792,0.20992594957351685
YMR163C,YGL141W,0,1.0213215,0.2714335322380066,0.7773360013961792,0.21002601087093353
YJL165C,YLR433C,0,1.0211878,0.2713393568992615,0.7773360013961792,0.21012607216835022
YDR117C,YLR079W,0,1.0208563,0.27124524116516113,0.7773360013961792,0.2102261334657669
YKL004W,YJR013W,0,1.0207835,0.27115118503570557,0.7773360013961792,0.2103261947631836
YCR004C,YNL012W,0,1.0205904,0.2710571885108948,0.7773360013961792,0.21042625606060028
YCR020C,YBR198C,0,1.0198222,0.27096328139305115,0.7773360013961792,0.21052631735801697
YML104C,YNL244C,0,1.0189061,0.2708694040775299,0.7773360013961792,0.21062637865543365
YJL106W,YGL185C,0,1.0179034,0.27077561616897583,0.7773360013961792,0.21072643995285034
YKL056C,YGR189C,0,1.017895,0.27068188786506653,0.7773360013961792,0.21082650125026703
YMR086W,YER161C,0,1.0176451,0.2705882489681244,0.7773360013961792,0.21092656254768372
YMR316W,YDR358W,0,1.0175862,0.27049463987350464,0.7773360013961792,0.2110266089439392
YLR364W,YDL112W,0,1.0167572,0.27040112018585205,0.7773360013961792,0.2111266702413559
YEL021W,YDL184C,0,1.0153251,0.27030763030052185,0.7773360013961792,0.21122673153877258
YAL003W,YOR221C,0,1.0147905,0.2702142298221588,0.7773360013961792,0.21132679283618927
YPR063C,YOR116C,0,1.0141779,0.27012088894844055,0.7773360013961792,0.21142685413360596
YDR481C,YOR288C,0,1.0140684,0.27002763748168945,0.7773360013961792,0.21152691543102264
YDR074W,YDR013W,0,1.0133818,0.26993441581726074,0.7773360013961792,0.21162697672843933
YDR228C,YPR108W,0,1.0132401,0.2698412835597992,0.7773360013961792,0.21172703802585602
YMR139W,YGL084C,0,1.0129937,0.26974818110466003,0.7773360013961792,0.2118270993232727
YDL120W,YHR044C,0,1.0128286,0.26965516805648804,0.7773360013961792,0.2119271606206894
YGR009C,YLR147C,0,1.0127015,0.2695622146129608,0.7773360013961792,0.21202722191810608
YBR264C,YMR100W,0,1.0123453,0.26946932077407837,0.7773360013961792,0.21212728321552277
YKR094C,YOL071W,0,1.0121868,0.2693765163421631,0.7773360013961792,0.21222732961177826
YNR008W,YOL152W,0,1.0118959,0.2692837417125702,0.7773360013961792,0.21232739090919495
YCR028C,YDL161W,1,1.011874,0.26953527331352234,0.7783300280570984,0.21232739090919495
YOL031C,YPL091W,0,1.0116241,0.26944252848625183,0.7783300280570984,0.21242745220661163
YPR036W,YGL185C,0,1.0092566,0.2693498432636261,0.7783300280570984,0.21252751350402832
YDR342C,YPR042C,0,1.0088861,0.26925721764564514,0.7783300280570984,0.212627574801445
YIR014W,YGR218W,0,1.0087544,0.26916465163230896,0.7783300280570984,0.2127276360988617
YDR219C,YBR214W,0,1.0085465,0.26907217502593994,0.7783300280570984,0.21282769739627838
YJR009C,YBR185C,0,1.0082991,0.2689797282218933,0.7783300280570984,0.21292775869369507
YNL129W,YNL244C,0,1.0080866,0.26888737082481384,0.7783300280570984,0.21302781999111176
YDR536W,YMR289W,0,1.0079776,0.26879504323005676,0.7783300280570984,0.21312788128852844
YNL217W,YDR421W,0,1.0072398,0.26870280504226685,0.7783300280570984,0.21322794258594513
YNL322C,YHR011W,0,1.0068177,0.2686106264591217,0.7783300280570984,0.21332800388336182
YDR038C,YNL289W,0,1.0067631,0.26851850748062134,0.7783300280570984,0.2134280502796173
YNL046W,YPL101W,0,1.0057766,0.26842647790908813,0.7783300280570984,0.213528111577034
YMR016C,YDR479C,0,1.0046566,0.2683344781398773,0.7783300280570984,0.21362817287445068
YFL036W,YER174C,0,1.0037125,0.2682425379753113,0.7783300280570984,0.21372823417186737
YOR265W,YAL003W,0,1.0034907,0.2681506872177124,0.7783300280570984,0.21382829546928406
YDR501W,YIL112W,0,1.0017656,0.2680588960647583,0.7783300280570984,0.21392835676670074
YJL090C,YML009C,0,1.0017382,0.2679671347141266,0.7783300280570984,0.21402841806411743
YEL065W,YPR019W,0,1.0016719,0.26787546277046204,0.7783300280570984,0.21412847936153412
YOR089C,YPR171W,1,1.0005792,0.26812586188316345,0.7793240547180176,0.21412847936153412
YHR153C,YJR065C,0,1.0002321,0.2680341899394989,0.7793240547180176,0.2142285406589508
YDL190C,YPR178W,0,0.9996646,0.2679425776004791,0.7793240547180176,0.2143286019563675
YDR177W,YHR001W,1,0.9995922,0.26819267868995667,0.7803180813789368,0.2143286019563675
YKL011C,YPR132W,0,0.9994935,0.2681010961532593,0.7803180813789368,0.21442866325378418
YDL007W,YCL057C-A,0,0.99940085,0.26800957322120667,0.7803180813789368,0.21452872455120087
YKR037C,YMR037C,0,0.99855745,0.26791808009147644,0.7803180813789368,0.21462877094745636
YFL039C,YJR068W,0,0.9979072,0.2678266763687134,0.7803180813789368,0.21472883224487305
YNL331C,YDR093W,0,0.99732494,0.2677353322505951,0.7803180813789368,0.21482889354228973
YPR049C,YPL051W,0,0.997221,0.2676440477371216,0.7803180813789368,0.21492895483970642
YPR028W,YGR116W,0,0.9965951,0.26755282282829285,0.7803180813789368,0.2150290161371231
YBL075C,YER147C,0,0.9963541,0.2674616575241089,0.7803180813789368,0.2151290774345398
YCR094W,YPR019W,0,0.99553204,0.2673705816268921,0.7803180813789368,0.21522913873195648
YFR005C,YDL144C,0,0.9954736,0.2672795355319977,0.7803180813789368,0.21532920002937317
YPR028W,YDR342C,0,0.995381,0.26718854904174805,0.7803180813789368,0.21542926132678986
YDR046C,YDR197W,0,0.99456203,0.2670976519584656,0.7803180813789368,0.21552932262420654
YMR130W,YER053C,0,0.9911765,0.2670068144798279,0.7803180813789368,0.21562938392162323
YGR008C,YCR053W,0,0.99085385,0.2669160068035126,0.7803180813789368,0.21572943031787872
YNL242W,YDR055W,0,0.99008375,0.26682528853416443,0.7803180813789368,0.2158294916152954
YML005W,YCL050C,0,0.99004984,0.26673462986946106,0.7803180813789368,0.2159295529127121
YHR140W,YAL044C,0,0.9896896,0.26664403080940247,0.7803180813789368,0.21602961421012878
YLR276C,YHR136C,0,0.9881688,0.26655349135398865,0.7803180813789368,0.21612967550754547
YDR224C,YEL058W,0,0.9881419,0.2664630115032196,0.7803180813789368,0.21622973680496216
YMR198W,YJR126C,0,0.9874607,0.26637259125709534,0.7803180813789368,0.21632979810237885
YER120W,YOL002C,0,0.98726845,0.26628223061561584,0.7803180813789368,0.21642985939979553
YIR017C,YOR092W,0,0.9858658,0.26619192957878113,0.7803180813789368,0.21652992069721222
YOR192C-A,YHR023W,0,0.9855088,0.2661016881465912,0.7803180813789368,0.2166299819946289
YMR221C,YGL039W,0,0.98530614,0.2660115361213684,0.7803180813789368,0.2167300432920456
YOR381W,YMR256C,0,0.9851932,0.265921413898468,0.7803180813789368,0.21683010458946228
YGR009C,YDL200C,0,0.9834162,0.2658313512802124,0.7803180813789368,0.21693015098571777
YNR020C,YAL008W,0,0.98337424,0.26574137806892395,0.7803180813789368,0.21703021228313446
YER159C-A,YKL156W,0,0.98277587,0.2656514346599579,0.7803180813789368,0.21713027358055115
YMR139W,YDL060W,0,0.9823628,0.265561580657959,0.7803180813789368,0.21723033487796783
YER099C,YOR150W,0,0.9806522,0.26547175645828247,0.7803180813789368,0.21733039617538452
YKR058W,YDR239C,0,0.9806238,0.2653820216655731,0.7803180813789368,0.2174304574728012
YLR448W,YOR070C,0,0.98011243,0.26529231667518616,0.7803180813789368,0.2175305187702179
YML027W,YOL002C,0,0.97995716,0.26520270109176636,0.7803180813789368,0.21763058006763458
YDR313C,YLR010C,0,0.9796361,0.26511314511299133,0.7803180813789368,0.21773064136505127
YOR089C,YPL032C,1,0.9784407,0.2653612494468689,0.781312108039856,0.21773064136505127
YIR014W,YER020W,0,0.9781815,0.26527169346809387,0.781312108039856,0.21783070266246796
YJL125C,YLR120C,0,0.9779191,0.2651821970939636,0.781312108039856,0.21793076395988464
YDR033W,YER173W,0,0.97746843,0.26509276032447815,0.781312108039856,0.21803082525730133
YCR098C,YLL050C,0,0.9769879,0.26500338315963745,0.781312108039856,0.21813087165355682
YHR143W,YER027C,0,0.9769496,0.26491406559944153,0.781312108039856,0.2182309329509735
YER099C,YDR283C,0,0.97643405,0.2648248076438904,0.781312108039856,0.2183309942483902
YLL038C,YFL039C,1,0.97613746,0.26507240533828735,0.7823061347007751,0.2183309942483902
YNR061C,YDR318W,0,0.97565186,0.2649831771850586,0.7823061347007751,0.21843105554580688
YEL016C,YGL040C,0,0.97407216,0.2648939788341522,0.7823061347007751,0.21853111684322357
YDR126W,YLR099C,0,0.97367513,0.2648048400878906,0.7823061347007751,0.21863117814064026
YDR236C,YER161C,0,0.973385,0.2647157609462738,0.7823061347007751,0.21873123943805695
YDR387C,YHL004W,0,0.9731172,0.26462677121162415,0.7823061347007751,0.21883130073547363
YEL059C-A,YPL174C,0,0.9726699,0.2645378112792969,0.7823061347007751,0.21893136203289032
YHL044W,YML077W,0,0.9725399,0.2644489109516144,0.7823061347007751,0.219031423330307
YGR234W,YOR127W,0,0.9724365,0.26436010003089905,0.7823061347007751,0.2191314846277237
YPR028W,YMR292W,0,0.9719931,0.2642713189125061,0.7823061347007751,0.21923154592514038
YBR207W,YER125W,1,0.9717001,0.26451829075813293,0.7833002209663391,0.21923154592514038
YDR315C,YPL258C,0,0.97160167,0.2644295394420624,0.7833002209663391,0.21933159232139587
YJL165C,YHR186C,0,0.9714469,0.2643408179283142,0.7833002209663391,0.21943165361881256
YHR215W,YKL179C,0,0.97102827,0.2642521858215332,0.7833002209663391,0.21953171491622925
YHR160C,YHR140W,0,0.97040606,0.2641635835170746,0.7833002209663391,0.21963177621364594
YDL069C,YDR074W,0,0.97022426,0.26407507061958313,0.7833002209663391,0.21973183751106262
YDL190C,YMR188C,0,0.9699559,0.26398658752441406,0.7833002209663391,0.2198318988084793
YOL003C,YGL106W,0,0.96994686,0.26389819383621216,0.7833002209663391,0.219931960105896
YDR440W,YDR034C-C,0,0.96954906,0.26380982995033264,0.7833002209663391,0.22003202140331268
YNL227C,YER166W,1,0.96927977,0.2640562355518341,0.7842942476272583,0.22003202140331268
YGR008C,YDL144C,0,0.96783113,0.2639678716659546,0.7842942476272583,0.22013208270072937
YLR343W,YDL115C,0,0.9676734,0.26387959718704224,0.7842942476272583,0.22023214399814606
YBL078C,YDR510W,0,0.9675454,0.26379138231277466,0.7842942476272583,0.22033220529556274
YNL210W,YER070W,0,0.9656295,0.26370319724082947,0.7842942476272583,0.22043226659297943
YIR014W,YIL084C,0,0.9652476,0.26361510157585144,0.7842942476272583,0.22053231298923492
YOR306C,YGR135W,0,0.9651389,0.2635270655155182,0.7842942476272583,0.2206323742866516
YDR210W-B,YOL109W,0,0.9648715,0.2634390592575073,0.7842942476272583,0.2207324355840683
YBL060W,YIR009W,0,0.9639554,0.2633511424064636,0.7842942476272583,0.22083249688148499
YJL221C,YOL007C,0,0.96335614,0.2632632553577423,0.7842942476272583,0.22093255817890167
YOR278W,YOR067C,0,0.96293384,0.26317545771598816,0.7842942476272583,0.22103261947631836
YFR006W,YOR242C,0,0.9617232,0.2630876898765564,0.7842942476272583,0.22113268077373505
YFL004W,YOR315W,0,0.9603387,0.2630000114440918,0.7842942476272583,0.22123274207115173
YDR536W,YKL017C,0,0.96029246,0.2629123628139496,0.7842942476272583,0.22133280336856842
YHR025W,YBR058C,0,0.95950073,0.26282477378845215,0.7842942476272583,0.2214328646659851
YBL101C,YNL227C,1,0.9574728,0.2630702555179596,0.7852882742881775,0.2214328646659851
YPR041W,YGR156W,0,0.95684576,0.26298269629478455,0.7852882742881775,0.2215329259634018
YNL331C,YBR291C,0,0.95673585,0.2628951668739319,0.7852882742881775,0.2216329723596573
YKR048C,YOL056W,0,0.9549603,0.2628077268600464,0.7852882742881775,0.22173303365707397
YGL089C,YNL015W,0,0.95492315,0.2627203166484833,0.7852882742881775,0.22183309495449066
YMR036C,YBR012W-A,0,0.95473075,0.26263296604156494,0.7852882742881775,0.22193315625190735
YNL322C,YNL077W,0,0.954598,0.26254570484161377,0.7852882742881775,0.22203321754932404
YER126C,YHR181W,0,0.95360696,0.262458473443985,0.7852882742881775,0.22213327884674072
YCL050C,YDR483W,0,0.9534763,0.262371301651001,0.7852882742881775,0.2222333401441574
YOL139C,YER030W,0,0.9533032,0.26228418946266174,0.7852882742881775,0.2223334014415741
YGR167W,YNL227C,1,0.9530474,0.26252904534339905,0.7862823009490967,0.2223334014415741
YPL106C,YPR168W,0,0.9530153,0.2624419331550598,0.7862823009490967,0.22243346273899078
YGL213C,YJL121C,0,0.9526913,0.26235488057136536,0.7862823009490967,0.22253352403640747
YKR058W,YOL007C,0,0.95259756,0.26226791739463806,0.7862823009490967,0.22263358533382416
YOR391C,YPL155C,0,0.95231426,0.26218098402023315,0.7862823009490967,0.22273364663124084
YJR126C,YKL116C,0,0.9517703,0.262094110250473,0.7862823009490967,0.22283369302749634
YKL034W,YER164W,0,0.9517318,0.26200729608535767,0.7862823009490967,0.22293375432491302
YMR088C,YER153C,0,0.95078623,0.2619205415248871,0.7862823009490967,0.2230338156223297
YBL106C,YGR292W,0,0.95000434,0.2618338167667389,0.7862823009490967,0.2231338769197464
YOR288C,YOL077C,0,0.94921124,0.26174718141555786,0.7862823009490967,0.22323393821716309
YJR094W-A,YDR313C,0,0.9490098,0.2616606056690216,0.7862823009490967,0.22333399951457977
YJR094W-A,YJR135C,0,0.94879603,0.26157405972480774,0.7862823009490967,0.22343406081199646
YLR446W,YKL195W,0,0.9473238,0.26148760318756104,0.7862823009490967,0.22353412210941315
YLL022C,YCL057C-A,0,0.94565415,0.2614011764526367,0.7862823009490967,0.22363418340682983
YDR341C,YNL293W,0,0.94555736,0.26131483912467957,0.7862823009490967,0.22373424470424652
YLR056W,YPL145C,1,0.94522595,0.26155877113342285,0.7872763276100159,0.22373424470424652
YOL133W,YGR086C,0,0.9445263,0.2614724338054657,0.7872763276100159,0.2238343060016632
YER133W,YOR244W,0,0.94442666,0.26138612627983093,0.7872763276100159,0.2239343672990799
YPR184W,YER051W,0,0.9443696,0.26129990816116333,0.7872763276100159,0.2240344136953354
YML060W,YOL140W,0,0.94411397,0.2612137198448181,0.7872763276100159,0.22413447499275208
YOR288C,YHR186C,0,0.943416,0.2611275911331177,0.7872763276100159,0.22423453629016876
YNR016C,YCR053W,0,0.9431925,0.261041522026062,0.7872763276100159,0.22433459758758545
YNL146W,YPR108W,0,0.9423283,0.2609555125236511,0.7872763276100159,0.22443465888500214
YDR447C,YOL007C,0,0.94220126,0.260869562625885,0.7872763276100159,0.22453472018241882
YDL200C,YNL015W,0,0.9419832,0.26078367233276367,0.7872763276100159,0.2246347814798355
YJR155W,YGR062C,0,0.9419648,0.2606978416442871,0.7872763276100159,0.2247348427772522
YBL030C,YMR314W,0,0.94120157,0.26061204075813293,0.7872763276100159,0.22483490407466888
YPL172C,YBR012W-B,0,0.9410933,0.2605263292789459,0.7872763276100159,0.22493496537208557
YPR063C,YOL100W,0,0.9404765,0.2604406476020813,0.7872763276100159,0.22503502666950226
YJL219W,YDR358W,0,0.94029474,0.26035502552986145,0.7872763276100159,0.22513508796691895
YKL089W,YDR283C,0,0.9400702,0.2602694630622864,0.7872763276100159,0.22523513436317444
YHL008C,YPL090C,0,0.93996835,0.2601839601993561,0.7872763276100159,0.22533519566059113
YGR198W,YPL032C,1,0.93926996,0.26042693853378296,0.7882703542709351,0.22533519566059113
YNL093W,YAL026C,1,0.93881524,0.2606697380542755,0.789264440536499,0.22533519566059113
YGR106C,YDR069C,0,0.93840677,0.26058417558670044,0.789264440536499,0.2254352569580078
YKL203C,YDR093W,1,0.9383899,0.2608267664909363,0.7902584671974182,0.2254352569580078
YGR234W,YGR194C,0,0.93838,0.2607412338256836,0.7902584671974182,0.2255353182554245
YOR089C,YER125W,1,0.93746924,0.2609836161136627,0.7912524938583374,0.2255353182554245
YLL050C,YCR010C,0,0.9373356,0.26089805364608765,0.7912524938583374,0.2256353795528412
YOL125W,YKL158W,0,0.93728757,0.26081258058547974,0.7912524938583374,0.22573544085025787
YDR481C,YNR007C,0,0.9372828,0.2607271671295166,0.7912524938583374,0.22583550214767456
YOL138C,YPL144W,0,0.93687963,0.26064178347587585,0.7912524938583374,0.22593556344509125
YMR289W,YFR015C,0,0.93639857,0.2605564594268799,0.7912524938583374,0.22603562474250793
YDL200C,YJL108C,0,0.936304,0.2604711949825287,0.7912524938583374,0.22613568603992462
YKL100C,YDR252W,0,0.9358407,0.26038599014282227,0.7912524938583374,0.2262357473373413
YBL101C,YOR043W,1,0.9356974,0.2606278657913208,0.7922465205192566,0.2262357473373413
YOL100W,YDR380W,0,0.9355856,0.2605426609516144,0.7922465205192566,0.226335808634758
YHL008C,YER120W,0,0.935421,0.26045751571655273,0.7922465205192566,0.2264358550310135
YLL050C,YDR326C,0,0.9348087,0.26037243008613586,0.7922465205192566,0.22653591632843018
YLR170C,YGL249W,0,0.93407905,0.26028740406036377,0.7922465205192566,0.22663597762584686
YGL223C,YER174C,0,0.93391526,0.26020240783691406,0.7922465205192566,0.22673603892326355
YJR121W,YDR387C,0,0.9334209,0.2601175010204315,0.7922465205192566,0.22683610022068024
YPR042C,YNR047W,0,0.9325671,0.26003262400627136,0.7922465205192566,0.22693616151809692
YJR094W-A,YJL080C,0,0.93249977,0.259947806596756,0.7922465205192566,0.2270362228155136
YHR147C,YML037C,0,0.9317235,0.2598630487918854,0.7922465205192566,0.2271362841129303
YER184C,YDR483W,0,0.93130016,0.25977835059165955,0.7922465205192566,0.22723634541034698
YOR036W,YIL101C,0,0.9295568,0.2596937119960785,0.7922465205192566,0.22733640670776367
YDR177W,YBR059C,1,0.9294014,0.25993484258651733,0.7932405471801758,0.22733640670776367
YMR139W,YLR433C,0,0.9292612,0.2598502039909363,0.7932405471801758,0.22743646800518036
YGR088W,YJL156C,0,0.9289116,0.259765625,0.7932405471801758,0.22753652930259705
YPL174C,YCR094W,0,0.92854965,0.2596811056137085,0.7932405471801758,0.22763657569885254
YMR233W,YER044C,0,0.9281528,0.2595966160297394,0.7932405471801758,0.22773663699626923
YBR058C,YDR247W,0,0.9281007,0.25951218605041504,0.7932405471801758,0.2278366982936859
YOR069W,YGR184C,0,0.927681,0.2594278156757355,0.7932405471801758,0.2279367595911026
YPL074W,YDR054C,0,0.9266028,0.2593435049057007,0.7932405471801758,0.2280368208885193
YOR257W,YKL034W,0,0.92572665,0.25925925374031067,0.7932405471801758,0.22813688218593597
YER091C,YHR017W,0,0.9256371,0.25917506217956543,0.7932405471801758,0.22823694348335266
YOL100W,YCL066W,0,0.9254207,0.2590909004211426,0.7932405471801758,0.22833700478076935
YOR043W,YML081C-A,0,0.9252033,0.2590068280696869,0.7932405471801758,0.22843706607818604
YMR100W,YOR374W,0,0.9249357,0.2589227855205536,0.7932405471801758,0.22853712737560272
YOR047C,YDR486C,0,0.9240192,0.25883880257606506,0.7932405471801758,0.2286371886730194
YIR014W,YJL221C,0,0.9239761,0.2587548494338989,0.7932405471801758,0.2287372350692749
YFR006W,YDR088C,0,0.92381954,0.25867098569869995,0.7932405471801758,0.2288372963666916
YCR028C,YCL034W,1,0.92373276,0.25891122221946716,0.794234573841095,0.2288372963666916
YKR058W,YPL202C,0,0.92353415,0.2588273286819458,0.794234573841095,0.22893735766410828
YMR142C,YPR028W,0,0.92325747,0.2587435245513916,0.794234573841095,0.22903741896152496
YOR124C,YHR025W,0,0.92127764,0.2586597502231598,0.794234573841095,0.22913748025894165
YDR466W,YJL019W,0,0.92124677,0.25857606530189514,0.794234573841095,0.22923754155635834
YOR347C,YHR184W,0,0.92106324,0.2584924101829529,0.794234573841095,0.22933760285377502
YHR147C,YPL028W,0,0.92070794,0.258408784866333,0.794234573841095,0.2294376641511917
YKL140W,YDR487C,0,0.9205251,0.2583252489566803,0.794234573841095,0.2295377254486084
YGR035C,YKR059W,0,0.9203827,0.25824177265167236,0.794234573841095,0.22963778674602509
YIL027C,YHR186C,0,0.9193706,0.2581583261489868,0.794234573841095,0.22973784804344177
YMR303C,YHR099W,0,0.9193196,0.25807493925094604,0.794234573841095,0.22983790934085846
YPR168W,YBR299W,0,0.9191692,0.25799161195755005,0.794234573841095,0.22993795573711395
YER180C,YMR311C,0,0.91869044,0.25790831446647644,0.794234573841095,0.23003801703453064
YDL130W,YBR251W,0,0.9183578,0.25782510638237,0.794234573841095,0.23013807833194733
YDR056C,YDR523C,0,0.9183541,0.25774192810058594,0.794234573841095,0.230238139629364
YMR298W,YNL213C,0,0.9182054,0.25765880942344666,0.794234573841095,0.2303382009267807
YMR290C,YOR322C,0,0.9181238,0.25757575035095215,0.794234573841095,0.2304382622241974
YMR004W,YML115C,0,0.91734326,0.2574927508831024,0.794234573841095,0.23053832352161407
YAL034W-A,YOR270C,0,0.9165532,0.2574097812175751,0.794234573841095,0.23063838481903076
YNR020C,YDL184C,0,0.9158443,0.2573269009590149,0.794234573841095,0.23073844611644745
YDR242W,YGR184C,0,0.91560006,0.2572440505027771,0.794234573841095,0.23083850741386414
YMR298W,YDR503C,0,0.91533756,0.2571612596511841,0.794234573841095,0.23093856871128082
YLR427W,YGR076C,0,0.915024,0.25707849860191345,0.794234573841095,0.2310386300086975
YKR061W,YPR186C,0,0.9148637,0.25699582695961,0.794234573841095,0.231138676404953
YER027C,YPR019W,0,0.91463214,0.2569131851196289,0.794234573841095,0.2312387377023697
YOR182C,YMR127C,0,0.9143137,0.2568306028842926,0.794234573841095,0.23133879899978638
YNL207W,YHR147C,0,0.9142439,0.2567480802536011,0.794234573841095,0.23143886029720306
YPL019C,YAL013W,0,0.91418755,0.25666558742523193,0.794234573841095,0.23153892159461975
YPR108W,YIL112W,0,0.9139498,0.25658318400382996,0.794234573841095,0.23163898289203644
YBR092C,YLR448W,0,0.9137152,0.25650081038475037,0.794234573841095,0.23173904418945312
YIL074C,YLR238W,0,0.91298497,0.25641849637031555,0.794234573841095,0.2318391054868698
YKL135C,YDR421W,0,0.9125102,0.2563362121582031,0.794234573841095,0.2319391667842865
YBR024W,YGR071C,0,0.91241926,0.25625401735305786,0.794234573841095,0.23203922808170319
YOL133W,YHR147C,0,0.91188467,0.256171852350235,0.794234573841095,0.23213928937911987
YBR033W,YEL061C,0,0.91188157,0.2560897469520569,0.794234573841095,0.23223935067653656
YMR297W,YNL007C,0,0.91143405,0.25600770115852356,0.794234573841095,0.23233939707279205
YML063W,YCL057C-A,0,0.9105113,0.2559256851673126,0.794234573841095,0.23243945837020874
YDL190C,YML070W,0,0.91042507,0.25584372878074646,0.794234573841095,0.23253951966762543
YOR155C,YBL020W,0,0.9100653,0.2557618319988251,0.794234573841095,0.23263958096504211
YNL166C,YKR037C,0,0.90971226,0.25567999482154846,0.794234573841095,0.2327396422624588
YDR388W,YNR022C,0,0.9093869,0.2555982172489166,0.794234573841095,0.2328397035598755
YJL204C,YNL154C,1,0.9083774,0.25583627820014954,0.7952286005020142,0.2328397035598755
YPL106C,YPR031W,0,0.90819955,0.2557544708251953,0.7952286005020142,0.23293976485729218
YHR135C,YNR075W,1,0.9079585,0.2559923231601715,0.7962226867675781,0.23293976485729218
YOR037W,YLR403W,0,0.9074104,0.2559105455875397,0.7962226867675781,0.23303982615470886
YJR139C,YBL061C,0,0.9072418,0.2558287978172302,0.7962226867675781,0.23313988745212555
YNL301C,YML087C,0,0.9069326,0.25574713945388794,0.7962226867675781,0.23323994874954224
YLR147C,YOL120C,0,0.90686125,0.25566551089286804,0.7962226867675781,0.23334001004695892
YNL291C,YER113C,0,0.9058275,0.25558391213417053,0.7962226867675781,0.2334400713443756
YBR058C,YGL222C,0,0.90517277,0.2555024027824402,0.7962226867675781,0.2335401177406311
YJR076C,YOL149W,0,0.90514547,0.2554209232330322,0.7962226867675781,0.2336401790380478
YOR167C,YJR045C,0,0.9045946,0.25533950328826904,0.7962226867675781,0.23374024033546448
YNR050C,YNL091W,0,0.90341747,0.25525811314582825,0.7962226867675781,0.23384030163288116
YMR188C,YLR120C,0,0.9033179,0.2551768124103546,0.7962226867675781,0.23394036293029785
YHR143W,YER025W,0,0.90288204,0.25509554147720337,0.7962226867675781,0.23404042422771454
YOR182C,YBL010C,0,0.90230536,0.2550143301486969,0.7962226867675781,0.23414048552513123
YDR393W,YFR007W,0,0.90181535,0.2549331784248352,0.7962226867675781,0.2342405468225479
YBR176W,YDR077W,0,0.9017589,0.2548520565032959,0.7962226867675781,0.2343406081199646
YOL105C,YDR118W,0,0.90105486,0.25477099418640137,0.7962226867675781,0.2344406694173813
YKR094C,YNL306W,0,0.90098697,0.2546899914741516,0.7962226867675781,0.23454073071479797
YGR167W,YOR043W,1,0.9007939,0.2549268901348114,0.7972167134284973,0.23454073071479797
YML052W,YER166W,1,0.9001193,0.25516363978385925,0.7982107400894165,0.23454073071479797
YCL063W,YML037C,0,0.8997761,0.2550825774669647,0.7982107400894165,0.23464077711105347
YDR315C,YOR120W,0,0.89965653,0.25500157475471497,0.7982107400894165,0.23474083840847015
YOR181W,YLR035C-A,0,0.89948785,0.25492063164711,0.7982107400894165,0.23484089970588684
YGL253W,YGR158C,0,0.8989693,0.2548397481441498,0.7982107400894165,0.23494096100330353
YNL049C,YHL044W,0,0.8983297,0.25475889444351196,0.7982107400894165,0.23504102230072021
YOL127W,YOL018C,0,0.89711106,0.25467807054519653,0.7982107400894165,0.2351410835981369
YDR387C,YOR120W,0,0.8961626,0.25459733605384827,0.7982107400894165,0.2352411448955536
YDR447C,YLR186W,0,0.89605606,0.2545166313648224,0.7982107400894165,0.23534120619297028
YJL143W,YDR134C,0,0.89599806,0.2544359862804413,0.7982107400894165,0.23544126749038696
YBR286W,YLR008C,0,0.8957335,0.25435540080070496,0.7982107400894165,0.23554132878780365
YIL125W,YJL062W,0,0.8947147,0.254274845123291,0.7982107400894165,0.23564139008522034
YPL144W,YOR201C,0,0.8943323,0.25419437885284424,0.7982107400894165,0.23574145138263702
YOL065C,YPL160W,0,0.8939429,0.25411391258239746,0.7982107400894165,0.23584149777889252
YER125W,YLR206W,1,0.8936363,0.25434988737106323,0.7992047667503357,0.23584149777889252
YLR040C,YDL200C,0,0.89318395,0.25426945090293884,0.7992047667503357,0.2359415590763092
YLR238W,YGR191W,0,0.8928993,0.25418907403945923,0.7992047667503357,0.2360416203737259
YER126C,YBL074C,0,0.8923639,0.254108726978302,0.7992047667503357,0.23614168167114258
YML037C,YPR041W,0,0.89233696,0.25402843952178955,0.7992047667503357,0.23624174296855927
YAR042W,YGL206C,1,0.89205503,0.25426405668258667,0.8001987934112549,0.23624174296855927
YDR261W-B,YBL069W,0,0.8915799,0.2541837692260742,0.8001987934112549,0.23634180426597595
YNL158W,YNL188W,0,0.89142877,0.25410354137420654,0.8001987934112549,0.23644186556339264
YFR003C,YOL019W,0,0.8913653,0.25402334332466125,0.8001987934112549,0.23654192686080933
YNL242W,YDR224C,0,0.89135003,0.25394320487976074,0.8001987934112549,0.236641988158226
YDR038C,YGR220C,0,0.8909178,0.253863126039505,0.8001987934112549,0.2367420494556427
YDR456W,YPL092W,0,0.89087105,0.25378310680389404,0.8001987934112549,0.2368421107530594
YCL059C,YJR045C,0,0.8900613,0.25370311737060547,0.8001987934112549,0.23694217205047607
YJR001W,YPL103C,0,0.8886435,0.25362318754196167,0.8001987934112549,0.23704221844673157
YLR038C,YIL084C,0,0.88863516,0.25354331731796265,0.8001987934112549,0.23714227974414825
YNR020C,YFR006W,0,0.8877473,0.253463476896286,0.8001987934112549,0.23724234104156494
YML012W,YOR221C,0,0.8874805,0.25338369607925415,0.8001987934112549,0.23734240233898163
YBL075C,YPL095C,0,0.88691705,0.25330397486686707,0.8001987934112549,0.23744246363639832
YAL021C,YHL004W,0,0.88653904,0.25322428345680237,0.8001987934112549,0.237542524933815
YFL044C,YBL055C,0,0.88631284,0.25314465165138245,0.8001987934112549,0.2376425862312317
YOR257W,YIR002C,0,0.8863076,0.2530650794506073,0.8001987934112549,0.23774264752864838
YDR379W,YML077W,0,0.88621783,0.25298553705215454,0.8001987934112549,0.23784270882606506
YOR034C,YDR490C,1,0.88583225,0.25322023034095764,0.8011928200721741,0.23784270882606506
YOR389W,YGR006W,0,0.8846873,0.25314071774482727,0.8011928200721741,0.23794277012348175
YDR134C,YDR320C,0,0.88371146,0.2530612349510193,0.8011928200721741,0.23804283142089844
YOR332W,YNL012W,0,0.8836525,0.2529817819595337,0.8011928200721741,0.23814289271831512
YLR364W,YJL106W,0,0.8830122,0.25290241837501526,0.8011928200721741,0.23824293911457062
YGL135W,YJL044C,0,0.88295805,0.2528230845928192,0.8011928200721741,0.2383430004119873
YGL119W,YPR028W,0,0.88293993,0.25274381041526794,0.8011928200721741,0.238443061709404
YMR247C,YOR131C,0,0.88266814,0.25266456604003906,0.8011928200721741,0.23854312300682068
YOR089C,YLR206W,1,0.8826658,0.25289878249168396,0.802186906337738,0.23854312300682068
YOR063W,YGL040C,0,0.88248026,0.2528195381164551,0.802186906337738,0.23864318430423737
YPL121C,YDR116C,0,0.88158226,0.25274038314819336,0.802186906337738,0.23874324560165405
YNL129W,YOL109W,0,0.8814916,0.25266122817993164,0.802186906337738,0.23884330689907074
YGL206C,YBL082C,0,0.88125813,0.2525821626186371,0.802186906337738,0.23894336819648743
YHR092C,YLR304C,0,0.8811784,0.2525031268596649,0.802186906337738,0.2390434294939041
YFR041C,YDR224C,0,0.88067335,0.2524241507053375,0.802186906337738,0.2391434907913208
YDR242W,YOR332W,0,0.8800484,0.2523452043533325,0.802186906337738,0.2392435520887375
YLR096W,YOL157C,0,0.879218,0.2522663474082947,0.802186906337738,0.23934361338615417
YNL293W,YOR182C,0,0.8791913,0.25218749046325684,0.802186906337738,0.23944365978240967
YNL046W,YCR037C,0,0.8790528,0.25210872292518616,0.802186906337738,0.23954372107982635
YGL003C,YOR290C,0,0.8785591,0.25202998518943787,0.802186906337738,0.23964378237724304
YDR117C,YNL091W,0,0.87854266,0.25195130705833435,0.802186906337738,0.23974384367465973
YJL041W,YPL258C,0,0.8779181,0.2518726587295532,0.802186906337738,0.23984390497207642
YML034W,YOL030W,0,0.87612677,0.25179407000541687,0.802186906337738,0.2399439662694931
YNR027W,YBR214W,0,0.8761265,0.2517155408859253,0.802186906337738,0.2400440275669098
YHR161C,YLR056W,1,0.8756409,0.25194886326789856,0.8031809329986572,0.2400440275669098
YDR248C,YDR283C,0,0.87552094,0.251870334148407,0.8031809329986572,0.24014408886432648
YJR145C,YLR176C,0,0.8742773,0.2517918348312378,0.8031809329986572,0.24024415016174316
YOR182C,YEL058W,0,0.87383753,0.2517133951187134,0.8031809329986572,0.24034421145915985
YOR265W,YHL004W,0,0.872577,0.25163501501083374,0.8031809329986572,0.24044427275657654
YEL059C-A,YKL059C,0,0.8724961,0.2515566647052765,0.8031809329986572,0.24054431915283203
YLR008C,YMR282C,0,0.8709291,0.251478374004364,0.8031809329986572,0.24064438045024872
YIL074C,YNL207W,0,0.8701614,0.2514001131057739,0.8031809329986572,0.2407444417476654
YDR046C,YML087C,0,0.8699945,0.251321941614151,0.8031809329986572,0.2408445030450821
YIL078W,YDR298C,0,0.8694175,0.2512437701225281,0.8031809329986572,0.24094456434249878
YPR137C-B,YMR247C,0,0.868961,0.2511656880378723,0.8031809329986572,0.24104462563991547
YLR364W,YPL089C,0,0.8688645,0.25108763575553894,0.8031809329986572,0.24114468693733215
YJL165C,YOR057W,0,0.8688514,0.25100964307785034,0.8031809329986572,0.24124474823474884
YGR026W,YKL173W,0,0.86855257,0.25093168020248413,0.8031809329986572,0.24134480953216553
YNL210W,YOR043W,0,0.8680922,0.2508537769317627,0.8031809329986572,0.24144487082958221
YPR192W,YHL036W,0,0.8673048,0.25077590346336365,0.8031809329986572,0.2415449321269989
YLR450W,YAL008W,0,0.8672079,0.25069811940193176,0.8031809329986572,0.2416449934244156
YGL135W,YDR376W,0,0.86606663,0.2506203353404999,0.8031809329986572,0.24174503982067108
YER159C-A,YPR081C,0,0.86593103,0.25054264068603516,0.8031809329986572,0.24184510111808777
YJR098C,YER045C,0,0.8654759,0.2504649758338928,0.8031809329986572,0.24194516241550446
YLR078C,YGL084C,0,0.8648826,0.25038737058639526,0.8031809329986572,0.24204522371292114
YKL034W,YJL062W,0,0.8646928,0.2503097951412201,0.8031809329986572,0.24214528501033783
YGL137W,YNR043W,0,0.8645082,0.2502322793006897,0.8031809329986572,0.24224534630775452
YMR080C,YGL222C,0,0.86412627,0.2501547932624817,0.8031809329986572,0.2423454076051712
YHL008C,YEL015W,0,0.86343074,0.25007736682891846,0.8031809329986572,0.2424454689025879
YDR134C,YPL090C,0,0.8629954,0.25,0.8031809329986572,0.24254553020000458
YER083C,YNR020C,0,0.86288106,0.24992267787456512,0.8031809329986572,0.24264559149742126
YJR001W,YIR023W,0,0.8614552,0.24984538555145264,0.8031809329986572,0.24274565279483795
YBR012W-A,YPL101W,0,0.8612881,0.24976816773414612,0.8031809329986572,0.24284571409225464
YOR217W,YGR014W,0,0.86097634,0.249690979719162,0.8031809329986572,0.24294576048851013
YJL052W,YJL109C,0,0.86065406,0.24961383640766144,0.8031809329986572,0.24304582178592682
YHR181W,YBL010C,0,0.8604999,0.24953675270080566,0.8031809329986572,0.2431458830833435
YDR341C,YMR264W,0,0.8602412,0.24945971369743347,0.8031809329986572,0.2432459443807602
YBR240C,YPL155C,0,0.859902,0.24938271939754486,0.8031809329986572,0.24334600567817688
YHR021C,YER068W,0,0.859242,0.24930576980113983,0.8031809329986572,0.24344606697559357
YOL064C,YBL023C,0,0.8591026,0.24922886490821838,0.8031809329986572,0.24354612827301025
YJL129C,YIL101C,0,0.8588351,0.2491520196199417,0.8031809329986572,0.24364618957042694
YML129C,YGL059W,0,0.85806155,0.24907521903514862,0.8031809329986572,0.24374625086784363
YFL002W-A,YML085C,0,0.8572768,0.2489984631538391,0.8031809329986572,0.24384631216526031
YOL100W,YGR234W,0,0.85723096,0.24892175197601318,0.8031809329986572,0.243946373462677
YNL162W,YLR207W,0,0.8566967,0.24884508550167084,0.8031809329986572,0.2440464347600937
YPL031C,YLR100W,0,0.8566595,0.24876847863197327,0.8031809329986572,0.24414648115634918
YLR099C,YKR030W,0,0.8566438,0.24869190156459808,0.8031809329986572,0.24424654245376587
YDR495C,YGR063C,0,0.85596776,0.24861538410186768,0.8031809329986572,0.24434660375118256
YKR059W,YDR318W,0,0.8557681,0.24853891134262085,0.8031809329986572,0.24444666504859924
YPR036W,YMR312W,0,0.8555609,0.2484624832868576,0.8031809329986572,0.24454672634601593
YGR076C,YCR075C,0,0.8551792,0.24838609993457794,0.8031809329986572,0.24464678764343262
YPL220W,YGR071C,0,0.85508245,0.24830977618694305,0.8031809329986572,0.2447468489408493
YDR126W,YBR055C,0,0.85464746,0.24823348224163055,0.8031809329986572,0.244846910238266
YIL109C,YBR024W,0,0.8543988,0.24815724790096283,0.8031809329986572,0.24494697153568268
YBR022W,YKL140W,0,0.8532592,0.2480810582637787,0.8031809329986572,0.24504703283309937
YER091C,YER110C,0,0.85304904,0.24800491333007812,0.8031809329986572,0.24514709413051605
YKL178C,YLR287C-A,0,0.85298926,0.24792881309986115,0.8031809329986572,0.24524715542793274
YDR033W,YER056C-A,0,0.8514323,0.24785275757312775,0.8031809329986572,0.24534720182418823
YBR286W,YPL048W,0,0.8513358,0.24777676165103912,0.8031809329986572,0.24544726312160492
YPR036W,YDR380W,0,0.85106766,0.2477007955312729,0.8031809329986572,0.2455473244190216
YGL227W,YPR073C,0,0.84991986,0.24762488901615143,0.8031809329986572,0.2456473857164383
YDR283C,YDR436W,0,0.84897196,0.24754901230335236,0.8031809329986572,0.24574744701385498
YDL127W,YBR009C,0,0.84877443,0.24747319519519806,0.8031809329986572,0.24584750831127167
YMR043W,YDR055W,0,0.8478421,0.24739742279052734,0.8031809329986572,0.24594756960868835
YOR167C,YOR308C,0,0.84782004,0.2473216950893402,0.8031809329986572,0.24604763090610504
YBL101C,YOR322C,1,0.8469868,0.2475520223379135,0.8041749596595764,0.24604763090610504
YCL063W,YPR108W,0,0.8469244,0.24747629463672638,0.8041749596595764,0.24614769220352173
YPL032C,YAR044W,1,0.8454586,0.24770642817020416,0.8051689863204956,0.24614769220352173
YAL013W,YPR102C,0,0.8452805,0.24763070046901703,0.8051689863204956,0.24624775350093842
YNL032W,YLR342W,1,0.8452695,0.2478606402873993,0.8061630129814148,0.24624775350093842
YDL144C,YDL184C,0,0.8434974,0.24778491258621216,0.8061630129814148,0.2463478147983551
YJL046W,YKL179C,0,0.8434119,0.2477092295885086,0.8061630129814148,0.2464478760957718
YPL159C,YOL157C,0,0.8432665,0.24763359129428864,0.8061630129814148,0.24654792249202728
YLR459W,YOL072W,0,0.843105,0.24755799770355225,0.8061630129814148,0.24664798378944397
YGR159C,YOR155C,0,0.842654,0.24748244881629944,0.8061630129814148,0.24674804508686066
YDR059C,YLR206W,1,0.8423089,0.24771201610565186,0.807157039642334,0.24674804508686066
YGL136C,YNL115C,0,0.8422109,0.24763646721839905,0.807157039642334,0.24684810638427734
YHL047C,YDR421W,0,0.8419888,0.24756097793579102,0.807157039642334,0.24694816768169403
YMR109W,YGR272C,0,0.84131455,0.24748551845550537,0.807157039642334,0.24704822897911072
YMR247C,YHR101C,0,0.8411008,0.2474101185798645,0.807157039642334,0.2471482902765274
YNL032W,YOR322C,1,0.840217,0.24763935804367065,0.8081510663032532,0.2471482902765274
YGL251C,YFL044C,0,0.8401172,0.2475639432668686,0.8081510663032532,0.2472483515739441
YIL109C,YCL047C,0,0.83974725,0.2474885880947113,0.8081510663032532,0.24734841287136078
YCL063W,YOR182C,0,0.8396722,0.2474132627248764,0.8081510663032532,0.24744847416877747
YNL039W,YJL108C,0,0.83964276,0.24733799695968628,0.8081510663032532,0.24754853546619415
YLL062C,YPR036W,0,0.8383082,0.24726277589797974,0.8081510663032532,0.24764858186244965
YDR523C,YCL066W,0,0.83824146,0.24718759953975677,0.8081510663032532,0.24774864315986633
YDR466W,YEL061C,0,0.838073,0.2471124678850174,0.8081510663032532,0.24784870445728302
YER113C,YBR231C,0,0.8374836,0.2470373809337616,0.8081510663032532,0.2479487657546997
YJR015W,YOR246C,0,0.8370482,0.24696233868598938,0.8081510663032532,0.2480488270521164
YLR459W,YNL012W,0,0.83700943,0.24688734114170074,0.8081510663032532,0.24814888834953308
YER068W,YOL157C,0,0.83661157,0.2468123883008957,0.8081510663032532,0.24824894964694977
YNL112W,YDR003W,0,0.8350422,0.24673748016357422,0.8081510663032532,0.24834901094436646
YPR049C,YBR241C,0,0.834942,0.24666261672973633,0.8081510663032532,0.24844907224178314
YLR396C,YNL322C,0,0.8349116,0.2465878129005432,0.8081510663032532,0.24854913353919983
YER044C,YGR279C,0,0.8344796,0.24651303887367249,0.8081510663032532,0.24864919483661652
YGR295C,YIL136W,0,0.83415174,0.24643830955028534,0.8081510663032532,0.2487492561340332
YDR056C,YLR201C,0,0.8341218,0.24636363983154297,0.8081510663032532,0.2488493025302887
YGL253W,YHR167W,0,0.8340033,0.24628899991512299,0.8081510663032532,0.24894936382770538
YDR387C,YOR337W,0,0.83382297,0.24621441960334778,0.8081510663032532,0.24904942512512207
YER133W,YHR136C,0,0.8335893,0.24613986909389496,0.8081510663032532,0.24914948642253876
YEL013W,YMR282C,0,0.8325883,0.24606537818908691,0.8081510663032532,0.24924954771995544
YFL004W,YGR184C,0,0.8323819,0.24599091708660126,0.8081510663032532,0.24934960901737213
YMR184W,YKL024C,0,0.83227134,0.24591651558876038,0.8081510663032532,0.24944967031478882
YIL078W,YNR040W,0,0.8322075,0.24584215879440308,0.8081510663032532,0.2495497316122055
YLR459W,YDR071C,0,0.83218545,0.24576783180236816,0.8081510663032532,0.2496497929096222
YML018C,YIL150C,0,0.83132493,0.24569356441497803,0.8081510663032532,0.24974985420703888
YPL106C,YPR032W,0,0.8307548,0.24561934173107147,0.8081510663032532,0.24984991550445557
YHR116W,YLR433C,0,0.8307066,0.2455451488494873,0.8081510663032532,0.24994997680187225
YDR529C,YGR124W,0,0.82993734,0.2454710155725479,0.8081510663032532,0.25005003809928894
YAL013W,YDR210W-B,0,0.8295175,0.2453969269990921,0.8081510663032532,0.25015008449554443
YNL119W,YOL147C,0,0.82854426,0.24532286822795868,0.8081510663032532,0.2502501606941223
YOR192C-B,YJL048C,0,0.82838607,0.24524886906147003,0.8081510663032532,0.2503502070903778
YBR041W,YDR003W,0,0.828361,0.24517491459846497,0.8081510663032532,0.2504502832889557
YNL210W,YPL194W,0,0.8281274,0.2451009899377823,0.8081510663032532,0.2505503296852112
YGR124W,YGR234W,0,0.82705843,0.24502712488174438,0.8081510663032532,0.2506503760814667
YLR371W,YLR337C,1,0.82685405,0.24525459110736847,0.8091451525688171,0.2506503760814667
YHR076W,YER053C,0,0.8267311,0.24518072605133057,0.8091451525688171,0.25075045228004456
YER120W,YDR071C,0,0.82545495,0.24510689079761505,0.8091451525688171,0.25085049867630005
YJR160C,YIL160C,0,0.82421243,0.2450331151485443,0.8091451525688171,0.25095057487487793
YNL129W,YBL101W-A,0,0.8237395,0.24495936930179596,0.8091451525688171,0.2510506212711334
YOR174W,YPL160W,0,0.82335925,0.24488568305969238,0.8091451525688171,0.2511506974697113
YPL090C,YKR048C,0,0.8226819,0.2448120266199112,0.8091451525688171,0.2512507438659668
YJR094W-A,YGL039W,0,0.82141167,0.24473842978477478,0.8091451525688171,0.2513508200645447
YKR090W,YML043C,0,0.81986797,0.24466486275196075,0.8091451525688171,0.25145086646080017
YDR069C,YIL041W,1,0.8187411,0.24489182233810425,0.8101391792297363,0.25145086646080017
YML077W,YGR295C,0,0.81836677,0.24481827020645142,0.8101391792297363,0.25155094265937805
YOR036W,YER112W,0,0.8180642,0.24474474787712097,0.8101391792297363,0.25165098905563354
YGL136C,YLR097C,0,0.8179153,0.2446712702512741,0.8101391792297363,0.2517510652542114
YHR076W,YPL220W,0,0.81755847,0.24459783732891083,0.8101391792297363,0.2518511116504669
YDR050C,YDR478W,0,0.8170999,0.24452444911003113,0.8101391792297363,0.2519511580467224
YGL178W,YJR060W,0,0.8170199,0.244451105594635,0.8101391792297363,0.2520512342453003
YML070W,YOR269W,0,0.816956,0.24437780678272247,0.8101391792297363,0.2521512806415558
YOL100W,YPL257W-A,0,0.8163402,0.24430455267429352,0.8101391792297363,0.25225135684013367
YNL154C,YAL026C,1,0.8161231,0.24453102052211761,0.8111332058906555,0.25225135684013367
YKL100C,YKL173W,0,0.81557864,0.24445776641368866,0.8111332058906555,0.25235140323638916
YGR223C,YHR011W,0,0.8153973,0.2443845421075821,0.8111332058906555,0.25245147943496704
YAR019C,YJL156C,0,0.8150219,0.2443113774061203,0.8111332058906555,0.25255152583122253
YER096W,YMR165C,0,0.8147681,0.2442382574081421,0.8111332058906555,0.2526516020298004
YBR122C,YBR231C,0,0.81407166,0.24416516721248627,0.8111332058906555,0.2527516484260559
YHR160C,YOR217W,0,0.8135888,0.24409213662147522,0.8111332058906555,0.2528517246246338
YPR102C,YOR217W,0,0.813488,0.24401913583278656,0.8111332058906555,0.2529517710208893
YER068W,YNL119W,0,0.8132869,0.24394619464874268,0.8111332058906555,0.2530518174171448
YMR056C,YOR211C,0,0.81280863,0.24387328326702118,0.8111332058906555,0.25315189361572266
YOR076C,YIL026C,0,0.81266266,0.24380041658878326,0.8111332058906555,0.25325194001197815
YGL213C,YIR006C,0,0.8125417,0.24372759461402893,0.8111332058906555,0.25335201621055603
YGL229C,YDR120C,0,0.81244344,0.24365481734275818,0.8111332058906555,0.2534520626068115
YER095W,YMR100W,0,0.8119093,0.243582084774971,0.8111332058906555,0.2535521388053894
YMR314W,YLR441C,0,0.8110375,0.24350939691066742,0.8111332058906555,0.2536521852016449
YIR002C,YIL051C,0,0.8106462,0.2434367537498474,0.8111332058906555,0.2537522614002228
YOL030W,YER044C,0,0.8100382,0.243364155292511,0.8111332058906555,0.25385230779647827
YDR177W,YGR198W,1,0.80976105,0.24358974397182465,0.8121272325515747,0.25385230779647827
YGL227W,YCL047C,0,0.80969656,0.24351714551448822,0.8121272325515747,0.25395238399505615
YBL075C,YER106W,0,0.80795664,0.24344457685947418,0.8121272325515747,0.25405243039131165
YNL039W,YPL214C,0,0.8077756,0.24337205290794373,0.8121272325515747,0.25415247678756714
YER133W,YMR150C,0,0.8075595,0.24329958856105804,0.8121272325515747,0.254252552986145
YKL100C,YOR369C,0,0.8073953,0.24322715401649475,0.8121272325515747,0.2543525993824005
YDR056C,YLR097C,0,0.80723566,0.24315476417541504,0.8121272325515747,0.2544526755809784
YLR204W,YPR156C,0,0.80711734,0.2430824190378189,0.8121272325515747,0.2545527219772339
YNR001C,YGR014W,0,0.8061945,0.24301011860370636,0.8121272325515747,0.25465279817581177
YLR381W,YPR021C,0,0.8055316,0.2429378479719162,0.8121272325515747,0.25475284457206726
YMR004W,YCR010C,0,0.8055015,0.2428656369447708,0.8121272325515747,0.25485292077064514
YHR143W,YER110C,0,0.80456793,0.24279345571994781,0.8121272325515747,0.25495296716690063
YBR205W,YDR128W,0,0.80425847,0.2427213340997696,0.8121272325515747,0.2550530433654785
YHR117W,YPL026C,0,0.8042151,0.24264924228191376,0.8121272325515747,0.255153089761734
YHL008C,YOL007C,0,0.8035275,0.2425771951675415,0.8121272325515747,0.2552531659603119
YDR379W,YMR071C,0,0.80315685,0.24250519275665283,0.8121272325515747,0.2553532123565674
YJL090C,YBR166C,0,0.802503,0.24243323504924774,0.8121272325515747,0.2554532587528229
YHL047C,YGR200C,0,0.80242956,0.24236132204532623,0.8121272325515747,0.25555333495140076
YNL046W,YMR023C,0,0.8023986,0.2422894388437271,0.8121272325515747,0.25565338134765625
YGL128C,YHR181W,0,0.8018495,0.24221761524677277,0.8121272325515747,0.25575345754623413
YGL021W,YBR289W,0,0.80169964,0.2421458214521408,0.8121272325515747,0.2558535039424896
YIL074C,YMR004W,0,0.80158204,0.24207407236099243,0.8121272325515747,0.2559535801410675
YOR175C,YJR134C,0,0.8014239,0.24200236797332764,0.8121272325515747,0.256053626537323
YDR248C,YER007W,0,0.80130005,0.24193070828914642,0.8121272325515747,0.2561537027359009
YML116W,YGL090W,0,0.80127686,0.2418590933084488,0.8121272325515747,0.25625374913215637
YPL226W,YML048W,0,0.8004255,0.24178750813007355,0.8121272325515747,0.25635382533073425
YJR013W,YCL066W,0,0.79923594,0.24171598255634308,0.8121272325515747,0.25645387172698975
YOR315W,YDR197W,0,0.7978387,0.241644486784935,0.8121272325515747,0.25655391812324524
YOL127W,YMR150C,0,0.7977753,0.2415730357170105,0.8121272325515747,0.2566539943218231
YIL093C,YBR035C,0,0.79766726,0.24150162935256958,0.8121272325515747,0.2567540407180786
YPL106C,YBL055C,0,0.7968506,0.24143025279045105,0.8121272325515747,0.2568541169166565
YCR077C,YDR116C,0,0.7964645,0.2413589358329773,0.8121272325515747,0.256954163312912
YER095W,YMR201C,0,0.79639584,0.24128764867782593,0.8121272325515747,0.25705423951148987
YJR009C,YLR172C,0,0.79581064,0.24121642112731934,0.8121272325515747,0.25715428590774536
YCR094W,YJL204C,1,0.7955292,0.24144037067890167,0.8131212592124939,0.25715428590774536
YOR348C,YDR086C,0,0.79529136,0.2413691282272339,0.8131212592124939,0.25725436210632324
YMR316W,YBR024W,0,0.7950294,0.24129793047904968,0.8131212592124939,0.25735440850257874
YJR066W,YMR070W,0,0.7944818,0.24122677743434906,0.8131212592124939,0.2574544847011566
YEL064C,YHR064C,0,0.79420507,0.24115565419197083,0.8131212592124939,0.2575545310974121
YOR034C,YML001W,1,0.7933929,0.24137930572032928,0.8141152858734131,0.2575545310974121
YPR137C-B,YOR211C,0,0.7931701,0.24130819737911224,0.8141152858734131,0.25765460729599
YDL210W,YKR048C,0,0.79263836,0.2412371188402176,0.8141152858734131,0.2577546536922455
YCR077C,YER113C,0,0.7925321,0.24116608500480652,0.8141152858734131,0.257854700088501
YLR109W,YBR040W,0,0.7909449,0.24109508097171783,0.8141152858734131,0.25795477628707886
YCR081W,YCL047C,0,0.79059637,0.24102413654327393,0.8141152858734131,0.25805482268333435
YER036C,YJR033C,0,0.7904285,0.2409532219171524,0.8141152858734131,0.25815489888191223
YKL100C,YCR039C,0,0.79025334,0.24088235199451447,0.8141152858734131,0.2582549452781677
YML052W,YDR069C,1,0.7886653,0.2411055564880371,0.815109372138977,0.2582549452781677
YDR341C,YOL065C,0,0.78800166,0.24103468656539917,0.815109372138977,0.2583550214767456
YDR440W,YDL204W,0,0.7878062,0.2409638613462448,0.815109372138977,0.2584550678730011
YEL054C,YNL136W,0,0.78697056,0.24089306592941284,0.815109372138977,0.258555144071579
YMR086W,YCR047C,0,0.78686637,0.24082231521606445,0.815109372138977,0.2586551904678345
YLL050C,YHR099W,0,0.7860837,0.24075160920619965,0.815109372138977,0.25875526666641235
YPL231W,YGR194C,0,0.7859551,0.24068094789981842,0.815109372138977,0.25885531306266785
YEL065W,YGR188C,0,0.7852658,0.24061033129692078,0.815109372138977,0.25895535945892334
YDR448W,YNR040W,0,0.78522944,0.24053974449634552,0.815109372138977,0.2590554356575012
YMR080C,YOR343W-A,0,0.7852237,0.24046920239925385,0.815109372138977,0.2591554820537567
YLR147C,YLR100W,0,0.78511375,0.24039870500564575,0.815109372138977,0.2592555582523346
YOL105C,YIR015W,0,0.7848214,0.24032825231552124,0.815109372138977,0.2593556046485901
YJL219W,YPL154C,0,0.78450954,0.2402578443288803,0.815109372138977,0.25945568084716797
YML125C,YCL050C,0,0.7842042,0.24018746614456177,0.815109372138977,0.25955572724342346
YLL013C,YHL009W-B,0,0.78415334,0.2401171326637268,0.815109372138977,0.25965580344200134
YJL073W,YOR306C,0,0.7818861,0.24004684388637543,0.815109372138977,0.25975584983825684
YNL049C,YOL019W,0,0.77941906,0.23997658491134644,0.815109372138977,0.2598559260368347
YLR096W,YMR302C,0,0.7787555,0.23990637063980103,0.815109372138977,0.2599559724330902
YOR076C,YDR088C,0,0.77863497,0.2398362159729004,0.815109372138977,0.2600560188293457
YFL002W-A,YMR086W,0,0.7784977,0.23976607620716095,0.815109372138977,0.2601560950279236
YBL039C,YPL028W,0,0.7784619,0.23969599604606628,0.815109372138977,0.2602561414241791
YPR132W,YPL204W,0,0.7774964,0.239625945687294,0.815109372138977,0.26035621762275696
YLR287C-A,YLR356W,0,0.77736944,0.2395559400320053,0.815109372138977,0.26045626401901245
YNL280C,YDR322W,0,0.77687484,0.2394859790802002,0.815109372138977,0.26055634021759033
YMR298W,YPL060W,0,0.7768631,0.23941606283187866,0.815109372138977,0.2606563866138458
YPL028W,YNL325C,0,0.7766379,0.23934617638587952,0.815109372138977,0.2607564628124237
YNL185C,YLR403W,0,0.7764647,0.23927633464336395,0.815109372138977,0.2608565092086792
YLR098C,YDL019C,0,0.7757705,0.23920653760433197,0.815109372138977,0.2609565854072571
YIR002C,YDR322W,0,0.77574,0.23913677036762238,0.815109372138977,0.2610566318035126
YBR033W,YER126C,0,0.7756954,0.23906706273555756,0.815109372138977,0.26115670800209045
YBL010C,YNL289W,0,0.7754288,0.23899737000465393,0.815109372138977,0.26125675439834595
YPL157W,YNL135C,0,0.77531534,0.23892773687839508,0.815109372138977,0.26135680079460144
YOR131C,YHL016C,0,0.7749784,0.2388581484556198,0.815109372138977,0.2614568769931793
YOR224C,YOL007C,0,0.77429557,0.23878858983516693,0.815109372138977,0.2615569233894348
YJL153C,YOL117W,0,0.7734247,0.23871906101703644,0.815109372138977,0.2616569995880127
YNL146W,YDR342C,0,0.7734137,0.23864959180355072,0.815109372138977,0.2617570459842682
YER131W,YKR009C,0,0.77310777,0.2385801523923874,0.815109372138977,0.26185712218284607
YBR214W,YER166W,1,0.77292764,0.23880162835121155,0.8161033987998962,0.26185712218284607
YJL157C,YKL109W,0,0.77207947,0.23873218894004822,0.8161033987998962,0.26195716857910156
YMR247C,YOR014W,0,0.7719338,0.23866279423236847,0.8161033987998962,0.26205724477767944
YIL101C,YKL034W,0,0.77132136,0.2385934293270111,0.8161033987998962,0.26215729117393494
YBR296C,YDL007W,0,0.7708389,0.23852410912513733,0.8161033987998962,0.2622573673725128
YNL001W,YLL009C,0,0.77014977,0.23845483362674713,0.8161033987998962,0.2623574137687683
YDL069C,YBL030C,0,0.77012974,0.23838560283184052,0.8161033987998962,0.2624574601650238
YNR027W,YCR075C,0,0.7696968,0.2383164018392563,0.8161033987998962,0.2625575363636017
YMR302C,YPL160W,0,0.76849955,0.23824724555015564,0.8161033987998962,0.2626575827598572
YOL031C,YIL160C,0,0.7678505,0.23817811906337738,0.8161033987998962,0.26275765895843506
YLR287C-A,YHR086W,0,0.7648323,0.2381090521812439,0.8161033987998962,0.26285770535469055
YGL191W,YMR071C,0,0.7641797,0.2380400151014328,0.8161033987998962,0.26295778155326843
YPL148C,YOR092W,0,0.76386744,0.2379710078239441,0.8161033987998962,0.2630578279495239
YMR289W,YGR154C,0,0.7638445,0.23790206015110016,0.8161033987998962,0.2631579041481018
YBR207W,YNL243W,1,0.76375484,0.238122820854187,0.8170974254608154,0.2631579041481018
YPL144W,YPR032W,0,0.7636694,0.23805387318134308,0.8170974254608154,0.2632579505443573
YGR008C,YHR017W,0,0.7633046,0.23798494040966034,0.8170974254608154,0.2633580267429352
YBR123C,YDR298C,0,0.7619736,0.23791606724262238,0.8170974254608154,0.2634580731391907
YHR021C,YPL214C,0,0.76147246,0.2378472238779068,0.8170974254608154,0.26355814933776855
YNL012W,YGR014W,0,0.7614584,0.2377784252166748,0.8170974254608154,0.26365819573402405
YLR078C,YGL031C,0,0.76135206,0.2377096563577652,0.8170974254608154,0.26375824213027954
YLR286C,YOR346W,0,0.76097834,0.23764093220233917,0.8170974254608154,0.2638583183288574
YER029C,YBR012W-A,0,0.7604282,0.23757225275039673,0.8170974254608154,0.2639583647251129
YJR110W,YGR075C,0,0.7598105,0.23750361800193787,0.8170974254608154,0.2640584409236908
YBR291C,YPR047W,0,0.7592412,0.2374350130558014,0.8170974254608154,0.2641584873199463
YOL100W,YNL289W,0,0.75872505,0.2373664379119873,0.8170974254608154,0.26425856351852417
YDR134C,YDL184C,0,0.7583209,0.237297922372818,0.8170974254608154,0.26435860991477966
YBR207W,YNR035C,1,0.75663126,0.2375180423259735,0.8180914521217346,0.26435860991477966
YOR063W,YIL051C,0,0.7562941,0.237449511885643,0.8180914521217346,0.26445868611335754
YER086W,YDL180W,0,0.7547751,0.23738102614879608,0.8180914521217346,0.26455873250961304
YDR177W,YBR241C,0,0.75415903,0.23731257021427155,0.8180914521217346,0.2646588087081909
YGR104C,YFL002W-A,0,0.7533139,0.2372441589832306,0.8180914521217346,0.2647588551044464
YIL172C,YNL128W,0,0.7525531,0.23717579245567322,0.8180914521217346,0.2648589015007019
YKL179C,YHL032C,0,0.75252306,0.23710745573043823,0.8180914521217346,0.2649589776992798
YNR008W,YJL062W,0,0.7517997,0.23703916370868683,0.8180914521217346,0.2650590240955353
YJL041W,YML070W,0,0.75161105,0.236970916390419,0.8180914521217346,0.26515910029411316
YOR182C,YHL036W,0,0.75147545,0.23690269887447357,0.8180914521217346,0.26525914669036865
YIR015W,YGR218W,0,0.7501606,0.23683452606201172,0.8180914521217346,0.26535922288894653
YER068W,YPL174C,0,0.75007737,0.23676639795303345,0.8180914521217346,0.265459269285202
YJL019W,YMR086W,0,0.74879766,0.23669829964637756,0.8180914521217346,0.2655593454837799
YER051W,YDL180W,0,0.7482121,0.23663024604320526,0.8180914521217346,0.2656593918800354
YLR364W,YPL220W,0,0.74798846,0.23656223714351654,0.8180914521217346,0.2657594680786133
YNL077W,YPL028W,0,0.7478149,0.2364942580461502,0.8180914521217346,0.2658595144748688
YMR080C,YDR228C,0,0.7478105,0.23642630875110626,0.8180914521217346,0.26595956087112427
YML116W,YHR023W,0,0.74767256,0.2363584190607071,0.8180914521217346,0.26605963706970215
YJL165C,YFR006W,0,0.74700916,0.2362905591726303,0.8180914521217346,0.26615968346595764
YNL039W,YOR389W,0,0.74617064,0.23622272908687592,0.8180914521217346,0.2662597596645355
YHR027C,YGL084C,0,0.74604285,0.2361549437046051,0.8180914521217346,0.266359806060791
YOL031C,YIR002C,0,0.7458848,0.23608720302581787,0.8180914521217346,0.2664598822593689
YLR237W,YGR001C,0,0.7452493,0.23601950705051422,0.8180914521217346,0.2665599286556244
YDR013W,YGR295C,0,0.74506015,0.23595184087753296,0.8180914521217346,0.26666000485420227
YML129C,YIL126W,0,0.74486613,0.23588420450687408,0.8180914521217346,0.26676005125045776
YHR140W,YGR014W,0,0.7447467,0.2358166128396988,0.8180914521217346,0.26686012744903564
YCR020C,YOL031C,0,0.7445371,0.23574906587600708,0.8180914521217346,0.26696017384529114
YDL109C,YDR313C,0,0.74442136,0.23568156361579895,0.8180914521217346,0.267060250043869
YOL003C,YML074C,0,0.7435999,0.2356140911579132,0.8180914521217346,0.2671602964401245
YBR159W,YHL004W,0,0.74324274,0.23554664850234985,0.8180914521217346,0.26726034283638
YJR033C,YNL096C,0,0.7428081,0.23547925055027008,0.8180914521217346,0.2673604190349579
YMR004W,YLR430W,0,0.74217343,0.2354118973016739,0.8180914521217346,0.2674604654312134
YDR424C,YMR233W,0,0.741132,0.23534457385540009,0.8180914521217346,0.26756054162979126
YLR448W,YER091C,0,0.7411226,0.23527729511260986,0.8180914521217346,0.26766058802604675
YJL044C,YPR019W,0,0.7408627,0.23521006107330322,0.8180914521217346,0.26776066422462463
YEL064C,YPR047W,0,0.7401748,0.23514285683631897,0.8180914521217346,0.2678607106208801
YGL009C,YNR041C,0,0.7400478,0.2350756973028183,0.8180914521217346,0.267960786819458
YGR029W,YHR017W,0,0.7379563,0.23500856757164001,0.8180914521217346,0.2680608332157135
YML027W,YNL308C,0,0.7379436,0.2349414825439453,0.8180914521217346,0.2681609094142914
YGL128C,YDR495C,0,0.7378799,0.234874427318573,0.8180914521217346,0.2682609558105469
YPR036W,YOR369C,0,0.737478,0.23480741679668427,0.8180914521217346,0.26836100220680237
YHR028C,YER068W,0,0.73728085,0.2347404509782791,0.8180914521217346,0.26846107840538025
YER070W,YBR040W,0,0.7369689,0.23467351496219635,0.8180914521217346,0.26856112480163574
YDR060W,YNL115C,0,0.7361058,0.23460660874843597,0.8180914521217346,0.2686612010002136
YOR384W,YNL244C,0,0.7354888,0.23453976213932037,0.8180914521217346,0.2687612473964691
YOR175C,YCR077C,0,0.73541224,0.23447293043136597,0.8180914521217346,0.268861323595047
YEL013W,YIL115C,0,0.73523146,0.23440615832805634,0.8180914521217346,0.2689613699913025
YLR158C,YGR037C,0,0.73479956,0.2343394011259079,0.8180914521217346,0.26906144618988037
YLR097C,YHR181W,0,0.73477674,0.23427270352840424,0.8180914521217346,0.26916149258613586
YNL210W,YNR043W,0,0.73444366,0.23420603573322296,0.8180914521217346,0.26926156878471375
YER091C,YJR045C,0,0.73437107,0.23413939774036407,0.8180914521217346,0.26936161518096924
YDR096W,YOR326W,0,0.7337176,0.23407280445098877,0.8180914521217346,0.2694616913795471
YDR490C,YER166W,1,0.7334004,0.23429058492183685,0.8190854787826538,0.2694616913795471
YDR481C,YOR014W,0,0.73313147,0.23422399163246155,0.8190854787826538,0.2695617377758026
YJR076C,YPR016C,0,0.73261976,0.23415742814540863,0.8190854787826538,0.2696617841720581
YFR006W,YHR036W,0,0.73251605,0.2340909093618393,0.8190854787826538,0.269761860370636
YEL013W,YIR023W,0,0.7316576,0.23402442038059235,0.8190854787826538,0.2698619067668915
YOR381W,YHR172W,0,0.7315201,0.23395797610282898,0.8190854787826538,0.26996198296546936
YHR076W,YER061C,0,0.7314158,0.2338915765285492,0.8190854787826538,0.27006202936172485
YBR050C,YMR201C,0,0.7313783,0.2338251918554306,0.8190854787826538,0.27016210556030273
YOR384W,YJL073W,0,0.7311262,0.2337588667869568,0.8190854787826538,0.2702621519565582
YDR086C,YDR158W,0,0.7303214,0.23369257152080536,0.8190854787826538,0.2703622281551361
YOL100W,YKL212W,0,0.72993815,0.23362630605697632,0.8190854787826538,0.2704622745513916
YDL007W,YPL281C,0,0.72933185,0.23356008529663086,0.8190854787826538,0.2705623507499695
YBL075C,YLR099C,0,0.72922647,0.23349390923976898,0.8190854787826538,0.270662397146225
YBR035C,YOR322C,0,0.7290141,0.2334277629852295,0.8190854787826538,0.27076244354248047
YER030W,YJL121C,0,0.7287901,0.2333616465330124,0.8190854787826538,0.27086251974105835
YJL101C,YJL109C,0,0.7286042,0.23329558968544006,0.8190854787826538,0.27096256613731384
YLR396C,YLR097C,0,0.72824126,0.23322954773902893,0.8190854787826538,0.2710626423358917
YOL105C,YJR025C,0,0.72798,0.23316355049610138,0.8190854787826538,0.2711626887321472
YOR036W,YML115C,0,0.72614455,0.2330975979566574,0.8190854787826538,0.2712627649307251
YAL041W,YKR050W,0,0.725548,0.23303167521953583,0.8190854787826538,0.2713628113269806
YNL185C,YDR320C,0,0.72536945,0.23296579718589783,0.8190854787826538,0.27146288752555847
YNR050C,YDR418W,0,0.7247203,0.23289994895458221,0.8190854787826538,0.27156293392181396
YHR147C,YNL248C,0,0.72446054,0.232834130525589,0.8190854787826538,0.27166301012039185
YMR088C,YNL015W,0,0.7239951,0.23276835680007935,0.8190854787826538,0.27176305651664734
YJR139C,YLR381W,0,0.7234584,0.23270262777805328,0.8190854787826538,0.2718631327152252
YMR139W,YLR343W,0,0.7233494,0.2326369285583496,0.8190854787826538,0.2719631791114807
YLL050C,YHR136C,0,0.7230079,0.23257127404212952,0.8190854787826538,0.2720632255077362
YDL129W,YKR061W,0,0.72244567,0.2325056493282318,0.8190854787826538,0.2721633017063141
YPR005C,YIL138C,0,0.7215488,0.2324400544166565,0.8190854787826538,0.2722633481025696
YDR069C,YOR346W,0,0.72112846,0.23237450420856476,0.8190854787826538,0.27236342430114746
YJR033C,YBL023C,0,0.72058845,0.2323089987039566,0.8190854787826538,0.27246347069740295
YFL004W,YBL057C,0,0.72058237,0.23224352300167084,0.8190854787826538,0.27256354689598083
YDR013W,YOR221C,0,0.7204882,0.23217807710170746,0.8190854787826538,0.27266359329223633
YDR288W,YGR075C,0,0.7190685,0.23211267590522766,0.8190854787826538,0.2727636694908142
YGR154C,YEL002C,0,0.7189666,0.23204730451107025,0.8190854787826538,0.2728637158870697
YKR061W,YKR038C,0,0.7184066,0.23198197782039642,0.8190854787826538,0.2729637920856476
YOR270C,YDL112W,0,0.7180165,0.23191669583320618,0.8190854787826538,0.2730638384819031
YDR247W,YDR507C,0,0.7156886,0.23185142874717712,0.8190854787826538,0.27316388487815857
YBL030C,YLR158C,0,0.7151787,0.23178622126579285,0.8190854787826538,0.27326396107673645
YFR041C,YMR037C,0,0.71471727,0.23172102868556976,0.8190854787826538,0.27336400747299194
YBR159W,YOR069W,0,0.71441734,0.23165589570999146,0.8190854787826538,0.2734640836715698
YLR097C,YDR402C,0,0.71352035,0.23159077763557434,0.8190854787826538,0.2735641300678253
YMR142C,YIR006C,0,0.7130512,0.2315257042646408,0.8190854787826538,0.2736642062664032
YDR424C,YNL098C,0,0.71286607,0.23146067559719086,0.8190854787826538,0.2737642526626587
YNL291C,YNR041C,0,0.7125934,0.2313956767320633,0.8190854787826538,0.2738643288612366
YKL088W,YBL060W,0,0.7122996,0.23133070766925812,0.8190854787826538,0.27396437525749207
YDL060W,YJL073W,0,0.71127605,0.23126578330993652,0.8190854787826538,0.27406445145606995
YDR329C,YBR082C,0,0.7107818,0.2312009036540985,0.8190854787826538,0.27416449785232544
YML042W,YPL257W-A,0,0.7087374,0.2311360388994217,0.8190854787826538,0.27426454424858093
YBR207W,YBR059C,1,0.7081961,0.23135165870189667,0.820079505443573,0.27426454424858093
YOL003C,YOL005C,0,0.7073439,0.23128679394721985,0.820079505443573,0.2743646204471588
YLR096W,YMR017W,0,0.7069439,0.2312219738960266,0.820079505443573,0.2744646668434143
YIL109C,YDR231C,0,0.7068047,0.23115718364715576,0.820079505443573,0.2745647430419922
YMR211W,YLR048W,0,0.7063627,0.2310924381017685,0.820079505443573,0.2746647894382477
YNL086W,YOR322C,0,0.70634794,0.2310277223587036,0.820079505443573,0.27476486563682556
YBL060W,YDR077W,0,0.70546675,0.23096305131912231,0.820079505443573,0.27486491203308105
YGR274C,YDL110C,0,0.7049477,0.2308984100818634,0.820079505443573,0.27496498823165894
YMR022W,YDR421W,0,0.7049134,0.23083379864692688,0.820079505443573,0.27506503462791443
YLR419W,YIL051C,0,0.70473176,0.23076923191547394,0.820079505443573,0.2751651108264923
YHR076W,YAR019C,0,0.7047144,0.23070469498634338,0.820079505443573,0.2752651572227478
YKL203C,YNR035C,1,0.7044854,0.2309197634458542,0.8210735321044922,0.2752651572227478
YDR060W,YGR262C,0,0.70297813,0.23085522651672363,0.8210735321044922,0.2753652334213257
YMR282C,YDL180W,0,0.70212007,0.23079071938991547,0.8210735321044922,0.2754652798175812
YHR215W,YER126C,0,0.69998884,0.23072625696659088,0.8210735321044922,0.27556532621383667
YMR306W,YOR244W,0,0.6994722,0.23066182434558868,0.8210735321044922,0.27566540241241455
YDR224C,YPR073C,0,0.6988597,0.23059743642807007,0.8210735321044922,0.27576544880867004
YMR130W,YBR035C,0,0.6987742,0.23053307831287384,0.8210735321044922,0.2758655250072479
YDR253C,YMR045C,0,0.698582,0.23046875,0.8210735321044922,0.2759655714035034
YDR520C,YDR115W,0,0.6985276,0.23040446639060974,0.8210735321044922,0.2760656476020813
YLR396C,YDR265W,0,0.69841087,0.23034021258354187,0.8210735321044922,0.2761656939983368
YPR184W,YOR242C,0,0.69758964,0.23027600347995758,0.8210735321044922,0.2762657701969147
YMR152W,YDR031W,0,0.6975427,0.23021182417869568,0.8210735321044922,0.27636581659317017
YGL090W,YJL052W,0,0.69703543,0.23014767467975616,0.8210735321044922,0.27646589279174805
YJL158C,YLR158C,0,0.69698596,0.23008356988430023,0.8210735321044922,0.27656593918800354
YJR025C,YHR010W,0,0.69643337,0.2300194948911667,0.8210735321044922,0.27666598558425903
YEL038W,YBR022W,0,0.6963067,0.22995544970035553,0.8210735321044922,0.2767660617828369
YGR223C,YOL139C,0,0.69628954,0.22989144921302795,0.8210735321044922,0.2768661081790924
YPL157W,YLR276C,0,0.6947239,0.22982749342918396,0.8210735321044922,0.2769661843776703
YMR198W,YPL085W,0,0.6939076,0.22976356744766235,0.8210735321044922,0.2770662307739258
YPL174C,YIL113W,0,0.69308335,0.22969967126846313,0.8210735321044922,0.27716630697250366
YNR070W,YOR386W,0,0.69250333,0.2296358048915863,0.8210735321044922,0.27726635336875916
YGR006W,YIR009W,0,0.69196445,0.22957198321819305,0.8210735321044922,0.27736642956733704
YOR175C,YLR127C,0,0.69096017,0.2295081913471222,0.8210735321044922,0.27746647596359253
YJR033C,YHR086W,0,0.6909018,0.2294444441795349,0.8210735321044922,0.2775665521621704
YNL330C,YPL177C,0,0.6907079,0.22938072681427002,0.8210735321044922,0.2776665985584259
YDL069C,YNL310C,0,0.6903887,0.22931703925132751,0.8210735321044922,0.2777666747570038
YGR026W,YJL148W,0,0.68999493,0.2292533963918686,0.8210735321044922,0.2778667211532593
YPL019C,YNL310C,0,0.68999124,0.22918978333473206,0.8210735321044922,0.27796676754951477
YDR056C,YOL120C,0,0.6894121,0.2291262149810791,0.8210735321044922,0.27806684374809265
YPR047W,YIL124W,0,0.6892632,0.22906267642974854,0.8210735321044922,0.27816689014434814
YGR263C,YOL157C,0,0.6889565,0.22899916768074036,0.8210735321044922,0.278266966342926
YER051W,YLR186W,0,0.688889,0.22893570363521576,0.8210735321044922,0.2783670127391815
YMR289W,YJR001W,0,0.68847215,0.22887226939201355,0.8210735321044922,0.2784670889377594
YDR253C,YDR116C,0,0.68791896,0.22880886495113373,0.8210735321044922,0.2785671353340149
YOR167C,YDR031W,0,0.68771076,0.2287455052137375,0.8210735321044922,0.2786672115325928
YHL044W,YOR066W,0,0.6873355,0.22868217527866364,0.8210735321044922,0.27876725792884827
YIL051C,YPR168W,0,0.6871314,0.22861887514591217,0.8210735321044922,0.27886733412742615
YAL034W-A,YMR023C,0,0.6861792,0.2285556197166443,0.8210735321044922,0.27896738052368164
YDR248C,YCL057C-A,0,0.6858448,0.2284923940896988,0.8210735321044922,0.27906742691993713
YER120W,YJL189W,0,0.6858041,0.22842919826507568,0.8210735321044922,0.279167503118515
YDR236C,YDL184C,0,0.6856246,0.22836604714393616,0.8210735321044922,0.2792675495147705
YPR192W,YER184C,0,0.68520606,0.22830292582511902,0.8210735321044922,0.2793676257133484
YJR010C-A,YDR368W,0,0.68497527,0.22823984920978546,0.8210735321044922,0.2794676721096039
YDR126W,YOR127W,0,0.68462974,0.2281768023967743,0.8210735321044922,0.27956774830818176
YIR014W,YLR008C,0,0.68454313,0.2281137853860855,0.8210735321044922,0.27966779470443726
YER088C,YOR221C,0,0.68414545,0.22805079817771912,0.8210735321044922,0.27976787090301514
YAL021C,YDR501W,0,0.6834909,0.2279878556728363,0.8210735321044922,0.27986791729927063
YBL106C,YIL072W,0,0.6834774,0.22792494297027588,0.8210735321044922,0.2799679934978485
YBR267W,YPL101W,0,0.6822307,0.22786207497119904,0.8210735321044922,0.280068039894104
YIR006C,YLR430W,0,0.6815349,0.2277992218732834,0.8210735321044922,0.2801680862903595
YKL156W,YPL111W,0,0.68135947,0.2277364283800125,0.8210735321044922,0.2802681624889374
YMR139W,YDR511W,0,0.681259,0.22767364978790283,0.8210735321044922,0.28036820888519287
YDR022C,YKL017C,0,0.6811878,0.22761091589927673,0.8210735321044922,0.28046828508377075
YJL046W,YGR241C,0,0.68093103,0.22754821181297302,0.8210735321044922,0.28056833148002625
YIL074C,YFL037W,0,0.68044406,0.2274855375289917,0.8210735321044922,0.2806684076786041
YLR134W,YBR035C,0,0.68023866,0.22742290794849396,0.8210735321044922,0.2807684540748596
YGL147C,YDR069C,0,0.67984337,0.2273603081703186,0.8210735321044922,0.2808685302734375
YJL219W,YPR041W,0,0.6797193,0.22729773819446564,0.8210735321044922,0.280968576669693
YNR050C,YPL155C,0,0.67846155,0.22723521292209625,0.8210735321044922,0.2810686528682709
YGR101W,YNL129W,0,0.67811435,0.22717271745204926,0.8210735321044922,0.28116869926452637
YPR063C,YGL137W,0,0.6769161,0.22711025178432465,0.8210735321044922,0.28126877546310425
YOL105C,YCR096C,0,0.67655015,0.22704783082008362,0.8210735321044922,0.28136882185935974
YNL049C,YGR135W,0,0.6762646,0.22698543965816498,0.8210735321044922,0.28146886825561523
YDL127W,YNL119W,0,0.6761009,0.22692307829856873,0.8210735321044922,0.2815689444541931
YJR139C,YDR228C,0,0.6755086,0.22686074674129486,0.8210735321044922,0.2816689908504486
YIL078W,YJL062W,0,0.67528164,0.22679845988750458,0.8210735321044922,0.2817690670490265
YBR022W,YJL158C,0,0.67496026,0.22673620283603668,0.8210735321044922,0.281869113445282
YHR160C,YPR032W,0,0.67386544,0.22667399048805237,0.8210735321044922,0.28196918964385986
YHR073W,YNR075W,1,0.6738646,0.22688613831996918,0.8220676183700562,0.28196918964385986
YJR015W,YNL185C,0,0.67373586,0.22682391107082367,0.8220676183700562,0.28206923604011536
YLR396C,YDL082W,0,0.67361724,0.22676172852516174,0.8220676183700562,0.28216931223869324
YPR102C,YMR208W,0,0.67359865,0.226699560880661,0.8220676183700562,0.28226935863494873
YLR008C,YJR135C,0,0.6734487,0.22663743793964386,0.8220676183700562,0.2823694348335266
YLL038C,YHR114W,1,0.6730152,0.22684931755065918,0.8230616450309753,0.2823694348335266
YDR418W,YDR534C,0,0.67257863,0.22678717970848083,0.8230616450309753,0.2824694812297821
YDL129W,YNL227C,0,0.67202234,0.22672508656978607,0.8230616450309753,0.2825695276260376
YPR063C,YPR132W,0,0.6719096,0.2266630232334137,0.8230616450309753,0.2826696038246155
YOL105C,YLR265C,0,0.67119926,0.2266009896993637,0.8230616450309753,0.28276965022087097
YOR369C,YDR103W,0,0.67096317,0.2265389859676361,0.8230616450309753,0.28286972641944885
YPR028W,YDR376W,0,0.67081565,0.2264770269393921,0.8230616450309753,0.28296977281570435
YLR370C,YAR018C,0,0.6703794,0.22641509771347046,0.8230616450309753,0.2830698490142822
YGL205W,YOR092W,0,0.67000264,0.22635319828987122,0.8230616450309753,0.2831698954105377
YNL001W,YCL055W,0,0.66994774,0.22629134356975555,0.8230616450309753,0.2832699716091156
YGL021W,YDR393W,0,0.66976184,0.2262295037508011,0.8230616450309753,0.2833700180053711
YPL022W,YGR189C,0,0.66932666,0.2261677086353302,0.8230616450309753,0.283470094203949
YOR237W,YDR264C,1,0.6691419,0.22637902200222015,0.8240556716918945,0.283470094203949
YAR042W,YNL297C,1,0.6687238,0.22659023106098175,0.8250496983528137,0.283470094203949
YHL044W,YOR151C,0,0.668675,0.22652839124202728,0.8250496983528137,0.28357014060020447
YDR326C,YCL050C,0,0.6681154,0.2264665812253952,0.8250496983528137,0.28367021679878235
YJR110W,YDR056C,0,0.6680817,0.2264048010110855,0.8250496983528137,0.28377026319503784
YNL244C,YOR217W,0,0.66793835,0.2263430655002594,0.8250496983528137,0.28387030959129333
YPR156C,YGL040C,0,0.6677648,0.22628134489059448,0.8250496983528137,0.2839703857898712
YCR053W,YJL101C,0,0.6676214,0.22621968388557434,0.8250496983528137,0.2840704321861267
YHR116W,YGL222C,0,0.6673579,0.2261580377817154,0.8250496983528137,0.2841705083847046
YBL075C,YIL074C,0,0.66730154,0.22609643638134003,0.8250496983528137,0.2842705547809601
YOR369C,YBL037W,0,0.6663593,0.22603486478328705,0.8250496983528137,0.28437063097953796
YDL137W,YMR051C,0,0.666067,0.22597332298755646,0.8250496983528137,0.28447067737579346
YJL019W,YCR040W,0,0.6660632,0.22591181099414825,0.8250496983528137,0.28457075357437134
YPL051W,YNL146W,0,0.6656069,0.22585034370422363,0.8250496983528137,0.28467079997062683
YDR532C,YER095W,0,0.66550046,0.2257889062166214,0.8250496983528137,0.2847708761692047
YDR424C,YIL136W,0,0.6653894,0.22572749853134155,0.8250496983528137,0.2848709225654602
YGL161C,YDR134C,0,0.6646025,0.2256661206483841,0.8250496983528137,0.2849709689617157
YHR172W,YDR096W,0,0.66372573,0.22560478746891022,0.8250496983528137,0.2850710451602936
YMR006C,YDR479C,0,0.66298234,0.22554348409175873,0.8250496983528137,0.2851710915565491
YJL044C,YOR044W,0,0.66279507,0.22548221051692963,0.8250496983528137,0.28527116775512695
YOR306C,YOR246C,0,0.66273737,0.2254209667444229,0.8250496983528137,0.28537121415138245
YGL173C,YMR306W,0,0.6612598,0.22535976767539978,0.8250496983528137,0.2854712903499603
YPR192W,YBL022C,0,0.6606363,0.22529858350753784,0.8250496983528137,0.2855713367462158
YBR058C,YPL017C,0,0.6605698,0.22523744404315948,0.8250496983528137,0.2856714129447937
YBL030C,YAL025C,0,0.6603387,0.2251763492822647,0.8250496983528137,0.2857714593410492
YER027C,YML005W,0,0.66006166,0.22511526942253113,0.8250496983528137,0.2858715355396271
YOR063W,YDR169C,0,0.65955627,0.22505423426628113,0.8250496983528137,0.28597158193588257
YDL019C,YFR006W,0,0.65938497,0.22499322891235352,0.8250496983528137,0.28607162833213806
YOR066W,YDR047W,0,0.6589627,0.2249322533607483,0.8250496983528137,0.28617170453071594
YDL080C,YGR006W,0,0.6586622,0.22487130761146545,0.8250496983528137,0.28627175092697144
YGR054W,YNL189W,0,0.6585556,0.2248104065656662,0.8250496983528137,0.2863718271255493
YOR288C,YPR098C,0,0.65824616,0.22474952042102814,0.8250496983528137,0.2864718735218048
YER083C,YLR237W,0,0.6571623,0.22468867897987366,0.8250496983528137,0.2865719497203827
YJL046W,YFR015C,0,0.6556163,0.22462788224220276,0.8250496983528137,0.2866719961166382
YOR036W,YHR129C,0,0.65547866,0.22456710040569305,0.8250496983528137,0.28677207231521606
YNL154C,YFL039C,1,0.65503097,0.22477684915065765,0.8260437250137329,0.28677207231521606
YHR135C,YER166W,1,0.65491724,0.2249864786863327,0.8270377516746521,0.28677207231521606
YCR028C,YIL041W,1,0.65485585,0.2251960039138794,0.8280318379402161,0.28677207231521606
YBR097W,YJR065C,0,0.65417147,0.22513513267040253,0.8280318379402161,0.28687211871147156
YLR098C,YGL206C,0,0.65409684,0.22507430613040924,0.8280318379402161,0.28697219491004944
YJL158C,YBL082C,0,0.6540282,0.22501350939273834,0.8280318379402161,0.28707224130630493
YOL103W,YNL217W,0,0.6538171,0.22495274245738983,0.8280318379402161,0.2871723175048828
YEL050C,YOR246C,0,0.6537324,0.2248920053243637,0.8280318379402161,0.2872723639011383
YJR001W,YPR081C,0,0.6534477,0.22483131289482117,0.8280318379402161,0.2873724102973938
YJL219W,YER184C,0,0.6525182,0.22477063536643982,0.8280318379402161,0.2874724864959717
YDL231C,YBL022C,0,0.65241885,0.22471000254154205,0.8280318379402161,0.2875725328922272
YHR101C,YBR198C,0,0.65221286,0.22464939951896667,0.8280318379402161,0.28767260909080505
YER025W,YER120W,0,0.65213245,0.22458884119987488,0.8280318379402161,0.28777265548706055
YJR139C,YNL325C,0,0.6520693,0.22452829778194427,0.8280318379402161,0.2878727316856384
YOR089C,YIL048W,1,0.6517712,0.2247372716665268,0.8290258646011353,0.2878727316856384
YNL154C,YEL027W,1,0.6516683,0.22494612634181976,0.8300198912620544,0.2878727316856384
YDL185W,YML063W,0,0.65111905,0.22488553822040558,0.8300198912620544,0.2879727780818939
YPL017C,YLL050C,0,0.6510865,0.22482497990131378,0.8300198912620544,0.2880728542804718
YHR092C,YDR031W,0,0.65092707,0.22476446628570557,0.8300198912620544,0.2881729006767273
YIR037W,YHR011W,0,0.6508546,0.22470398247241974,0.8300198912620544,0.2882729768753052
YDR177W,YMR109W,1,0.6505967,0.22491256892681122,0.8310139179229736,0.2882729768753052
YGR184C,YPL123C,0,0.6499313,0.2248520702123642,0.8310139179229736,0.28837302327156067
YDR531W,YNL331C,0,0.64989066,0.22479161620140076,0.8310139179229736,0.28847306966781616
YDR299W,YNL191W,0,0.64932966,0.2247311770915985,0.8310139179229736,0.28857314586639404
YPR108W,YDL065C,0,0.64919466,0.22467078268527985,0.8310139179229736,0.28867319226264954
YPL154C,YDR166C,0,0.649053,0.22461041808128357,0.8310139179229736,0.2887732684612274
YPR073C,YNL289W,0,0.64894605,0.22455009818077087,0.8310139179229736,0.2888733148574829
YBL088C,YDL146W,0,0.6488775,0.22448979318141937,0.8310139179229736,0.2889733910560608
YJL136C,YPL038W,0,0.6488058,0.22442953288555145,0.8310139179229736,0.2890734374523163
YDL127W,YKL181W,0,0.6486672,0.22436930239200592,0.8310139179229736,0.28917351365089417
YPR166C,YOR066W,0,0.6485926,0.22430910170078278,0.8310139179229736,0.28927356004714966
YBR012W-A,YDR013W,0,0.6485127,0.22424893081188202,0.8310139179229736,0.28937363624572754
YGL021W,YJR126C,0,0.64808017,0.22418878972530365,0.8310139179229736,0.28947368264198303
YIL172C,YOL156W,0,0.6468791,0.22412869334220886,0.8310139179229736,0.2895737588405609
YBR240C,YCL069W,0,0.6465936,0.22406861186027527,0.8310139179229736,0.2896738052368164
YBR050C,YKR037C,0,0.6465313,0.22400857508182526,0.8310139179229736,0.2897738516330719
YNL210W,YLR188W,0,0.64613134,0.22394856810569763,0.8310139179229736,0.2898739278316498
YOR155C,YGL168W,0,0.6460035,0.2238885909318924,0.8310139179229736,0.2899739742279053
YNR040W,YHR186C,0,0.64584756,0.22382864356040955,0.8310139179229736,0.29007405042648315
YBR214W,YER089C,0,0.64572406,0.22376874089241028,0.8310139179229736,0.29017409682273865
YER159C-A,YOR246C,0,0.6455688,0.2237088531255722,0.8310139179229736,0.29027417302131653
YJL052W,YIL155C,0,0.6455409,0.2236490100622177,0.8310139179229736,0.290374219417572
YIR014W,YAR018C,0,0.6451687,0.2235891968011856,0.8310139179229736,0.2904742956161499
YDR134C,YDR055W,0,0.6450963,0.2235294133424759,0.8310139179229736,0.2905743420124054
YNR027W,YLR074C,0,0.64502203,0.22346965968608856,0.8310139179229736,0.2906744182109833
YOR151C,YER030W,0,0.64449286,0.22340993583202362,0.8310139179229736,0.29077446460723877
YDR170W-A,YPR098C,0,0.64433813,0.22335025668144226,0.8310139179229736,0.29087451100349426
YIR014W,YMR316W,0,0.6436939,0.2232905924320221,0.8310139179229736,0.29097458720207214
YPL090C,YBL074C,0,0.64348555,0.2232309728860855,0.8310139179229736,0.29107463359832764
YOR076C,YBL021C,0,0.6433792,0.2231713831424713,0.8310139179229736,0.2911747097969055
YDR038C,YLR433C,0,0.64326495,0.2231118232011795,0.8310139179229736,0.291274756193161
YEL038W,YOL117W,0,0.6431565,0.22305229306221008,0.8310139179229736,0.2913748323917389
YLR414C,YJR135W-A,0,0.6422202,0.22299279272556305,0.8310139179229736,0.2914748787879944
YMR171C,YMR281W,0,0.6419572,0.2229333370923996,0.8310139179229736,0.29157495498657227
YDL120W,YDR158W,0,0.6410856,0.22287389636039734,0.8310139179229736,0.29167500138282776
YHR116W,YDL130W,0,0.6409723,0.22281450033187866,0.8310139179229736,0.29177507758140564
YLR237W,YLR357W,0,0.6405976,0.22275513410568237,0.8310139179229736,0.29187512397766113
YOL156W,YJR033C,0,0.64032716,0.22269579768180847,0.8310139179229736,0.2919751703739166
YGL173C,YBR264C,0,0.6402072,0.22263649106025696,0.8310139179229736,0.2920752465724945
YDL114W,YNR047W,0,0.639902,0.22257721424102783,0.8310139179229736,0.29217529296875
YPL195W,YPR186C,0,0.6394676,0.2225179672241211,0.8310139179229736,0.2922753691673279
YNL049C,YJR094W-A,0,0.63823164,0.22245875000953674,0.8310139179229736,0.2923754155635834
YDR022C,YOR269W,0,0.6365818,0.22239957749843597,0.8310139179229736,0.29247549176216125
YDR326C,YOL109W,0,0.6362381,0.2223404198884964,0.8310139179229736,0.29257553815841675
YBR240C,YMR036C,0,0.6357294,0.2222813069820404,0.8310139179229736,0.29267561435699463
YMR287C,YPL159C,0,0.6353004,0.2222222238779068,0.8310139179229736,0.2927756607532501
YDR503C,YDL008W,0,0.6352146,0.22216317057609558,0.8310139179229736,0.292875736951828
YOL064C,YER053C,0,0.6351704,0.22210414707660675,0.8310139179229736,0.2929757833480835
YNL039W,YER106W,0,0.63466334,0.2220451533794403,0.8310139179229736,0.2930758595466614
YDL138W,YOL103W,0,0.634035,0.22198618948459625,0.8310139179229736,0.29317590594291687
YGR029W,YLR430W,0,0.63362074,0.22192727029323578,0.8310139179229736,0.29327595233917236
YCR009C,YOR396W,0,0.63329476,0.2218683660030365,0.8310139179229736,0.29337602853775024
YCR009C,YAR044W,1,0.63329476,0.22207482159137726,0.8320079445838928,0.29337602853775024
YER025W,YDR003W,0,0.6320876,0.22201591730117798,0.8320079445838928,0.29347607493400574
YOL031C,YLR446W,0,0.6314323,0.2219570428133011,0.8320079445838928,0.2935761511325836
YGL249W,YAL034W-A,0,0.62955993,0.22189819812774658,0.8320079445838928,0.2936761975288391
YDL110C,YBR241C,0,0.62949854,0.22183938324451447,0.8320079445838928,0.293776273727417
YJR010C-A,YNL115C,0,0.62949693,0.22178059816360474,0.8320079445838928,0.2938763201236725
YLR371W,YEL058W,0,0.62839854,0.2217218577861786,0.8320079445838928,0.29397639632225037
YJL170C,YDR297W,0,0.6283235,0.22166313230991364,0.8320079445838928,0.29407644271850586
YNR027W,YNL189W,0,0.6281289,0.22160445153713226,0.8320079445838928,0.29417651891708374
YLR206W,YAR044W,1,0.62801194,0.2218104749917984,0.833001971244812,0.29417651891708374
YGL181W,YAR044W,1,0.6278857,0.22201640903949738,0.8339959979057312,0.29417651891708374
YBR207W,YAR042W,1,0.62787306,0.2222222238779068,0.8349900841712952,0.29417651891708374
YFL047W,YLL035W,0,0.6276181,0.22216345369815826,0.8349900841712952,0.29427656531333923
YDL143W,YDL180W,0,0.6258291,0.22210471332073212,0.8349900841712952,0.2943766117095947
YGR223C,YPL031C,0,0.62573487,0.22204598784446716,0.8349900841712952,0.2944766879081726
YER091C,YGR279C,0,0.6252794,0.22198732197284698,0.8349900841712952,0.2945767343044281
YNL001W,YNL128W,0,0.62460494,0.221928671002388,0.8349900841712952,0.294676810503006
YOR124C,YDR014W,0,0.62442255,0.2218700498342514,0.8349900841712952,0.2947768568992615
YBR030W,YER020W,0,0.6241954,0.2218114584684372,0.8349900841712952,0.29487693309783936
YHR135C,YNL093W,1,0.6223111,0.22201690077781677,0.8359841108322144,0.29487693309783936
YKL011C,YGR061C,0,0.6222461,0.22195829451084137,0.8359841108322144,0.29497697949409485
YDR387C,YER126C,0,0.62178934,0.22189973294734955,0.8359841108322144,0.29507705569267273
YOL067C,YNL015W,0,0.62167984,0.22184120118618011,0.8359841108322144,0.2951771020889282
YDR139C,YOL123W,0,0.62139213,0.22178269922733307,0.8359841108322144,0.2952771782875061
YLR304C,YOL077C,0,0.6212302,0.2217242270708084,0.8359841108322144,0.2953772246837616
YHR023W,YCR053W,0,0.620803,0.22166578471660614,0.8359841108322144,0.2954773008823395
YPR028W,YDR447C,0,0.6205055,0.22160737216472626,0.8359841108322144,0.29557734727859497
YLR109W,YDR478W,0,0.6202495,0.22154900431632996,0.8359841108322144,0.29567739367485046
YER159C-A,YNR022C,0,0.61924577,0.22149065136909485,0.8359841108322144,0.29577746987342834
YNL159C,YCL075W,0,0.6191728,0.22143232822418213,0.8359841108322144,0.29587751626968384
YPL226W,YPR047W,0,0.6178762,0.221374049782753,0.8359841108322144,0.2959775924682617
YOR384W,YCR037C,0,0.6161023,0.22131578624248505,0.8359841108322144,0.2960776388645172
YHL044W,YDR379W,0,0.61575246,0.22125756740570068,0.8359841108322144,0.2961777150630951
YDL067C,YER044C,0,0.6147111,0.22119936347007751,0.8359841108322144,0.2962777614593506
YOR155C,YMR312W,0,0.614356,0.22114120423793793,0.8359841108322144,0.29637783765792847
YBR273C,YPL149W,0,0.6142255,0.22108307480812073,0.8359841108322144,0.29647788405418396
YPL269W,YBR040W,0,0.6136563,0.22102496027946472,0.8359841108322144,0.29657796025276184
YGR241C,YAR044W,1,0.61346114,0.2212296426296234,0.8369781374931335,0.29657796025276184
YHR001W,YOR327C,1,0.6124364,0.22143420577049255,0.8379721641540527,0.29657796025276184
YPR005C,YLR014C,0,0.6118291,0.22137604653835297,0.8379721641540527,0.29667800664901733
YNR070W,YNL054W-B,0,0.611799,0.22131793200969696,0.8379721641540527,0.2967780530452728
YHR181W,YOL125W,0,0.6108339,0.22125984728336334,0.8379721641540527,0.2968781292438507
YJR075W,YDR086C,0,0.6103165,0.22120177745819092,0.8379721641540527,0.2969781756401062
YPR156C,YDR298C,0,0.60983527,0.22114375233650208,0.8379721641540527,0.2970782518386841
YCL027W,YGR006W,0,0.609751,0.22108575701713562,0.8379721641540527,0.2971782982349396
YJL219W,YGR223C,0,0.6096139,0.22102779150009155,0.8379721641540527,0.29727837443351746
YLR337W,YPL032C,1,0.60945463,0.22123198211193085,0.8389661908149719,0.29727837443351746
YBL088C,YMR152W,0,0.60922694,0.22117400169372559,0.8389661908149719,0.29737842082977295
YOR288C,YGL137W,0,0.6090049,0.2211160659790039,0.8389661908149719,0.29747849702835083
YER044C,YCL066W,0,0.60871047,0.22105814516544342,0.8389661908149719,0.2975785434246063
YLR214W,YNL289W,0,0.6086383,0.22100026905536652,0.8389661908149719,0.2976786196231842
YKL173W,YOR356W,0,0.6083305,0.2209424078464508,0.8389661908149719,0.2977786660194397
YDR447C,YOL123W,0,0.60774493,0.22088459134101868,0.8389661908149719,0.2978787124156952
YGR263C,YFL044C,0,0.60743016,0.22082678973674774,0.8389661908149719,0.29797878861427307
YDR022C,YNL119W,0,0.60725904,0.2207690328359604,0.8389661908149719,0.29807883501052856
YJL106W,YDR130C,0,0.60692775,0.22071129083633423,0.8389661908149719,0.29817891120910645
YOR047C,YEL013W,0,0.6062685,0.22065359354019165,0.8389661908149719,0.29827895760536194
YIL109C,YEL054C,0,0.6062621,0.22059592604637146,0.8389661908149719,0.2983790338039398
YER173W,YLR121C,0,0.6059103,0.22053827345371246,0.8389661908149719,0.2984790802001953
YOL100W,YKL024C,0,0.6055934,0.22048066556453705,0.8389661908149719,0.2985791563987732
YLR008C,YGL227W,0,0.60472316,0.22042308747768402,0.8389661908149719,0.2986792027950287
YDL138W,YMR204C,0,0.6043128,0.22036553919315338,0.8389661908149719,0.29877927899360657
YER159C-A,YOR242C,0,0.6039088,0.22030802071094513,0.8389661908149719,0.29887932538986206
YER070W,YEL059C-A,0,0.6033002,0.22025051712989807,0.8389661908149719,0.29897940158843994
YKL135C,YAL012W,0,0.60278356,0.2201930582523346,0.8389661908149719,0.29907944798469543
YMR051C,YMR037C,0,0.6023804,0.2201356291770935,0.8389661908149719,0.2991794943809509
YOR237W,YKR014C,1,0.6023724,0.22033898532390594,0.8399602174758911,0.2991794943809509
YOL003C,YLR048W,0,0.60083693,0.22028154134750366,0.8399602174758911,0.2992795705795288
YOR265W,YCR077C,0,0.6000997,0.22022412717342377,0.8399602174758911,0.2993796169757843
YOR265W,YML037C,0,0.59993666,0.22016675770282745,0.8399602174758911,0.2994796931743622
YNL339C,YHR099W,0,0.59970057,0.22010940313339233,0.8399602174758911,0.2995797395706177
YLR035C-A,YGL147C,0,0.59959656,0.2200520783662796,0.8399602174758911,0.29967981576919556
YDL143W,YDR326C,0,0.5994907,0.21999479830265045,0.8399602174758911,0.29977986216545105
YER027C,YEL058W,0,0.5994028,0.2199375331401825,0.8399602174758911,0.29987993836402893
YBR237W,YBR205W,0,0.5989324,0.21988029778003693,0.8399602174758911,0.2999799847602844
YAR019C,YHR089C,0,0.59772146,0.21982310712337494,0.8399602174758911,0.3000800609588623
YDR242W,YBR035C,0,0.59660065,0.21976593136787415,0.8399602174758911,0.3001801073551178
YPL090C,YHR013C,0,0.59626096,0.21970878541469574,0.8399602174758911,0.3002801537513733
YOR076C,YPL111W,0,0.5961932,0.21965166926383972,0.8399602174758911,0.30038022994995117
YIL124W,YOL109W,0,0.59597576,0.21959459781646729,0.8399602174758911,0.30048027634620667
YOR242C,YJR045C,0,0.5957829,0.21953754127025604,0.8399602174758911,0.30058035254478455
YBR012W-A,YOR076C,0,0.5957699,0.2194805145263672,0.8399602174758911,0.30068039894104004
YML042W,YJL108C,0,0.5947086,0.21942353248596191,0.8399602174758911,0.3007804751396179
YHR028C,YDR315C,0,0.5944802,0.21936656534671783,0.8399602174758911,0.3008805215358734
YGR159C,YER082C,0,0.5944512,0.21930962800979614,0.8399602174758911,0.3009805977344513
YHR092C,YMR201C,0,0.5934459,0.21925272047519684,0.8399602174758911,0.3010806441307068
YML070W,YMR224C,0,0.5932907,0.21919584274291992,0.8399602174758911,0.30118072032928467
YPR036W,YNL191W,0,0.5924647,0.2191390097141266,0.8399602174758911,0.30128076672554016
YMR257C,YGL251C,0,0.5917914,0.21908219158649445,0.8399602174758911,0.30138084292411804
YKL011C,YGL084C,0,0.5917868,0.2190254032611847,0.8399602174758911,0.30148088932037354
YNL086W,YOL117W,0,0.591627,0.21896864473819733,0.8399602174758911,0.30158093571662903
YOL117W,YNL213C,0,0.5911565,0.21891191601753235,0.8399602174758911,0.3016810119152069
YER147C,YGL227W,0,0.5908503,0.21885521709918976,0.8399602174758911,0.3017810583114624
YDR532C,YDL130W,0,0.59073836,0.21879854798316956,0.8399602174758911,0.3018811345100403
YHR114W,YAR044W,1,0.59030277,0.21900077164173126,0.8409543037414551,0.3018811345100403
YHR101C,YOR332W,0,0.5901331,0.21894410252571106,0.8409543037414551,0.3019811809062958
YPL051W,YPL177C,0,0.58960736,0.21888744831085205,0.8409543037414551,0.30208125710487366
YDR487C,YJL109C,0,0.5894182,0.21883083879947662,0.8409543037414551,0.30218130350112915
YHR147C,YEL002C,0,0.5893134,0.2187742441892624,0.8409543037414551,0.30228137969970703
YDL229W,YDR166C,0,0.58911353,0.21871767938137054,0.8409543037414551,0.3023814260959625
YPR063C,YMR071C,0,0.5888568,0.21866115927696228,0.8409543037414551,0.3024815022945404
YDR236C,YIL078W,0,0.5887605,0.2186046540737152,0.8409543037414551,0.3025815486907959
YBL075C,YKL021C,0,0.58858556,0.21854817867279053,0.8409543037414551,0.3026815950870514
YDR316W-A,YNR050C,0,0.58846843,0.21849173307418823,0.8409543037414551,0.3027816712856293
YLR008C,YDL141W,0,0.5882338,0.21843531727790833,0.8409543037414551,0.30288171768188477
YGR295C,YKL158W,0,0.5872363,0.2183789312839508,0.8409543037414551,0.30298179388046265
YJL033W,YEL013W,0,0.58673084,0.21832257509231567,0.8409543037414551,0.30308184027671814
YOR192C-B,YLR099C,0,0.58644366,0.21826624870300293,0.8409543037414551,0.303181916475296
YOR092W,YNL115C,0,0.58454335,0.21820995211601257,0.8409543037414551,0.3032819628715515
YGR263C,YPR081C,0,0.5841374,0.2181536853313446,0.8409543037414551,0.3033820390701294
YLR283W,YOL156W,0,0.58400774,0.21809744834899902,0.8409543037414551,0.3034820854663849
YML005W,YER045C,0,0.584,0.21804124116897583,0.8409543037414551,0.30358216166496277
YLR147C,YLR381W,0,0.5839169,0.21798504889011383,0.8409543037414551,0.30368220806121826
YPL206C,YJL153C,0,0.5839101,0.2179289013147354,0.8409543037414551,0.30378228425979614
YDL120W,YNL158W,0,0.5835972,0.21787278354167938,0.8409543037414551,0.30388233065605164
YOR047C,YGR026W,0,0.58288217,0.21781668066978455,0.8409543037414551,0.30398237705230713
YDL144C,YMR224C,0,0.5823339,0.2177606225013733,0.8409543037414551,0.304082453250885
YHR105W,YEL058W,0,0.58216834,0.21770457923412323,0.8409543037414551,0.3041824996471405
YLR172C,YGL155W,0,0.58201283,0.21764856576919556,0.8409543037414551,0.3042825758457184
YDR253C,YCL057C-A,0,0.5810629,0.21759259700775146,0.8409543037414551,0.3043826222419739
YHL040C,YER180C,0,0.5808389,0.21753664314746857,0.8409543037414551,0.30448269844055176
YIL070C,YDR503C,0,0.5803028,0.21748071908950806,0.8409543037414551,0.30458274483680725
YFR005C,YER020W,0,0.57980794,0.21742482483386993,0.8409543037414551,0.30468282103538513
YLR237W,YKL164C,0,0.5797487,0.2173689603805542,0.8409543037414551,0.3047828674316406
YDR329C,YDR071C,0,0.57965386,0.21731312572956085,0.8409543037414551,0.3048829436302185
YOR347C,YMR221C,0,0.5790472,0.2172573208808899,0.8409543037414551,0.304982990026474
YBR213W,YJL189W,0,0.57732904,0.21720154583454132,0.8409543037414551,0.3050830364227295
YFR008W,YBR297W,0,0.5764362,0.21714578568935394,0.8409543037414551,0.3051831126213074
YKL011C,YDR342C,0,0.5763408,0.21709007024765015,0.8409543037414551,0.30528315901756287
YNL154C,YIL048W,1,0.5760071,0.21729092299938202,0.8419483304023743,0.30528315901756287
YPL074W,YBL090W,0,0.5757711,0.21723519265651703,0.8419483304023743,0.30538323521614075
YLR283W,YHL008C,0,0.57549137,0.21717949211597443,0.8419483304023743,0.30548328161239624
YLR396C,YEL061C,0,0.57476896,0.2171238213777542,0.8419483304023743,0.3055833578109741
YMR298W,YBR156C,0,0.57459176,0.2170681655406952,0.8419483304023743,0.3056834042072296
YJL198W,YLR214W,0,0.5745164,0.21701255440711975,0.8419483304023743,0.3057834804058075
YJL106W,YKL181W,0,0.5729308,0.2169569730758667,0.8419483304023743,0.305883526802063
YIL026C,YDR044W,0,0.57280993,0.21690140664577484,0.8419483304023743,0.30598360300064087
YGL147C,YMR312W,0,0.57273686,0.21684588491916656,0.8419483304023743,0.30608364939689636
YEL013W,YDR356W,0,0.5724518,0.21679037809371948,0.8419483304023743,0.30618369579315186
YNR020C,YMR302C,0,0.57216835,0.2167349010705948,0.8419483304023743,0.30628377199172974
YOR089C,YOR034C,1,0.5713306,0.21693527698516846,0.8429423570632935,0.30628377199172974
YLR459W,YGR188C,0,0.5712053,0.21687979996204376,0.8429423570632935,0.30638381838798523
YNL242W,YER173W,0,0.5710154,0.21682433784008026,0.8429423570632935,0.3064838945865631
YBR296C,YGL031C,0,0.5708137,0.21676892042160034,0.8429423570632935,0.3065839409828186
YPL172C,YNL310C,0,0.57070655,0.21671351790428162,0.8429423570632935,0.3066840171813965
YIL074C,YPR032W,0,0.5706394,0.21665814518928528,0.8429423570632935,0.306784063577652
YDR121W,YML063W,0,0.56963855,0.21660280227661133,0.8429423570632935,0.30688413977622986
YOL018C,YPR019W,0,0.56953686,0.21654750406742096,0.8429423570632935,0.30698418617248535
YLR337W,YNL227C,1,0.5688834,0.21674750745296478,0.8439363837242126,0.30698418617248535
YDR379W,YGR191W,0,0.56836975,0.21669219434261322,0.8439363837242126,0.30708426237106323
YBL075C,YDR534C,0,0.5679317,0.21663689613342285,0.8439363837242126,0.3071843087673187
YER061C,YDR118W,0,0.56753004,0.21658162772655487,0.8439363837242126,0.3072843849658966
YPL177C,YLR381W,0,0.567004,0.21652638912200928,0.8439363837242126,0.3073844313621521
YNR070W,YHR167W,0,0.566426,0.21647119522094727,0.8439363837242126,0.3074844777584076
YDR356W,YKL164C,0,0.5652263,0.21641600131988525,0.8439363837242126,0.3075845539569855
YKL143W,YLR099C,0,0.5649591,0.21636085212230682,0.8439363837242126,0.30768460035324097
YGL021W,YJL065C,0,0.5645718,0.21630573272705078,0.8439363837242126,0.30778467655181885
YIR014W,YOR057W,0,0.5643803,0.21625064313411713,0.8439363837242126,0.30788472294807434
YLR448W,YAL058W,0,0.5641211,0.21619556844234467,0.8439363837242126,0.3079847991466522
YGR262C,YGL040C,0,0.5638722,0.2161405235528946,0.8439363837242126,0.3080848455429077
YBL030C,YMR109W,0,0.5634479,0.2160855233669281,0.8439363837242126,0.3081849217414856
YML012W,YER012W,0,0.56300807,0.2160305380821228,0.8439363837242126,0.3082849681377411
YGR263C,YGL222C,0,0.5624814,0.2159755825996399,0.8439363837242126,0.30838504433631897
YIL171W,YNL012W,0,0.5620272,0.21592065691947937,0.8439363837242126,0.30848509073257446
YJL044C,YBR175W,0,0.5618106,0.21586574614048004,0.8439363837242126,0.30858513712882996
YIR006C,YBR058C-A,0,0.560294,0.2158108800649643,0.8439363837242126,0.30868521332740784
YDL210W,YPR054W,0,0.55995876,0.21575602889060974,0.8439363837242126,0.30878525972366333
YHR021C,YDR326C,0,0.55972564,0.21570122241973877,0.8439363837242126,0.3088853359222412
YDL136W,YBR160W,0,0.55953395,0.215646430850029,0.8439363837242126,0.3089853823184967
YDR503C,YDL065C,0,0.55888534,0.2155916690826416,0.8439363837242126,0.3090854585170746
YHL044W,YJR135C,0,0.55838287,0.2155369371175766,0.8439363837242126,0.3091855049133301
YGL039W,YLR186W,0,0.5579143,0.21548223495483398,0.8439363837242126,0.30928558111190796
YMR043W,YMR247C,0,0.55776876,0.21542756259441376,0.8439363837242126,0.30938562750816345
YJR066W,YKL034W,0,0.55700815,0.21537290513515472,0.8439363837242126,0.30948570370674133
YPR063C,YJL109C,0,0.5569551,0.21531829237937927,0.8439363837242126,0.3095857501029968
YDR326C,YER184C,0,0.55654514,0.21526369452476501,0.8439363837242126,0.3096858263015747
YIL150C,YCR098C,0,0.55647534,0.21520912647247314,0.8439363837242126,0.3097858726978302
YOL105C,YGR106C,0,0.5563538,0.21515458822250366,0.8439363837242126,0.3098859190940857
YDR242W,YJL108C,0,0.5562474,0.21510007977485657,0.8439363837242126,0.3099859952926636
YOL003C,YLR414C,0,0.5556331,0.21504558622837067,0.8439363837242126,0.31008604168891907
YOR343W-A,YNR047W,0,0.5555136,0.21499113738536835,0.8439363837242126,0.31018611788749695
YMR282C,YDL095W,0,0.5554545,0.21493670344352722,0.8439363837242126,0.31028616428375244
YGL168W,YBR283C,0,0.5550522,0.21488231420516968,0.8439363837242126,0.3103862404823303
YOL003C,YHL032C,0,0.5549514,0.21482793986797333,0.8439363837242126,0.3104862868785858
YMR281W,YGL031C,0,0.55489874,0.21477359533309937,0.8439363837242126,0.3105863630771637
YBL075C,YLR127C,0,0.55485165,0.2147192656993866,0.8439363837242126,0.3106864094734192
YDR456W,YEL058W,0,0.5544901,0.2146649807691574,0.8439363837242126,0.31078648567199707
YIL109C,YMR257C,0,0.55227005,0.21461071074008942,0.8439363837242126,0.31088653206825256
YOL123W,YNR041C,0,0.55225503,0.214556485414505,0.8439363837242126,0.31098657846450806
YNL291C,YJL048C,0,0.5518652,0.2145022749900818,0.8439363837242126,0.31108665466308594
YPL148C,YER027C,0,0.55109006,0.21444809436798096,0.8439363837242126,0.31118670105934143
YAR019C,YDR031W,0,0.5506556,0.21439394354820251,0.8439363837242126,0.3112867772579193
YPR028W,YLR120C,0,0.5503032,0.21433980762958527,0.8439363837242126,0.3113868236541748
YIL041W,YOR329C,1,0.54970753,0.214538112282753,0.8449304103851318,0.3113868236541748
YPR054W,YML087C,0,0.54922915,0.21448397636413574,0.8449304103851318,0.3114868998527527
YGL168W,YDR421W,0,0.5492215,0.21442987024784088,0.8449304103851318,0.3115869462490082
YPL143W,YBL021C,0,0.54902273,0.2143757939338684,0.8449304103851318,0.31168702244758606
YOR228C,YHR181W,0,0.54889166,0.21432173252105713,0.8449304103851318,0.31178706884384155
YCL063W,YDR224C,0,0.54888654,0.21426771581172943,0.8449304103851318,0.31188714504241943
YDL129W,YPR102C,0,0.5486757,0.21421371400356293,0.8449304103851318,0.3119871914386749
YHR016C,YLL038C,1,0.5479312,0.2144116908311844,0.845924437046051,0.3119871914386749
YDR524C,YER007W,0,0.5474432,0.21435768902301788,0.845924437046051,0.3120872378349304
YGL119W,YBR214W,0,0.5461058,0.21430370211601257,0.845924437046051,0.3121873140335083
YPL059W,YJR155W,0,0.54605675,0.21424974501132965,0.845924437046051,0.3122873604297638
YDR536W,YDL006W,0,0.54450196,0.21419581770896912,0.845924437046051,0.3123874366283417
YMR302C,YJR089W,0,0.54433143,0.21414192020893097,0.845924437046051,0.31248748302459717
YDR380W,YER164W,0,0.54415554,0.2140880525112152,0.845924437046051,0.31258755922317505
YDR219C,YGR101W,0,0.5439832,0.21403419971466064,0.845924437046051,0.31268760561943054
YML129C,YOR322C,0,0.543509,0.21398039162158966,0.845924437046051,0.3127876818180084
YML116W,YER147C,0,0.5432866,0.21392659842967987,0.845924437046051,0.3128877282142639
YIR014W,YGL229C,0,0.54274786,0.21387283504009247,0.845924437046051,0.3129878044128418
YMR224C,YDR047W,0,0.5426984,0.21381910145282745,0.845924437046051,0.3130878508090973
YBL103C,YHR207C,0,0.54263455,0.21376538276672363,0.845924437046051,0.31318792700767517
YNL166C,YHR129C,0,0.5422144,0.2137117087841034,0.845924437046051,0.31328797340393066
YIL074C,YDR503C,0,0.5417467,0.21365804970264435,0.845924437046051,0.31338801980018616
YDL007W,YHR099W,0,0.5406797,0.2136044204235077,0.845924437046051,0.31348809599876404
YNR040W,YLR246W,0,0.5401254,0.21355082094669342,0.845924437046051,0.31358814239501953
YML034W,YOR347C,0,0.5401022,0.21349723637104034,0.845924437046051,0.3136882185935974
YMR026C,YDR483W,0,0.5399885,0.21344369649887085,0.845924437046051,0.3137882649898529
YLR433C,YPR031W,0,0.53922427,0.21339017152786255,0.845924437046051,0.3138883411884308
YLR396C,YDL138W,0,0.5381439,0.21333667635917664,0.845924437046051,0.3139883875846863
YBR176W,YGR008C,0,0.53807753,0.2132832109928131,0.845924437046051,0.31408846378326416
YOR381W,YBL022C,0,0.5380476,0.21322976052761078,0.845924437046051,0.31418851017951965
YLR098C,YGR234W,0,0.5380032,0.21317635476589203,0.845924437046051,0.31428858637809753
YMR235C,YBR297W,0,0.53697616,0.21312296390533447,0.845924437046051,0.314388632774353
YMR184W,YMR152W,0,0.5363856,0.2130696028470993,0.845924437046051,0.3144886791706085
YBL039C,YNL128W,0,0.5358851,0.21301627159118652,0.845924437046051,0.3145887553691864
YBR264C,YIL093C,0,0.535516,0.21296297013759613,0.845924437046051,0.3146888017654419
YHR016C,YOR043W,1,0.5352605,0.21315987408161163,0.8469184637069702,0.3146888017654419
YOL123W,YOR374W,0,0.53460747,0.21310655772686005,0.8469184637069702,0.3147888779640198
YGL119W,YGR062C,0,0.534464,0.21305325627326965,0.8469184637069702,0.31488892436027527
YML042W,YPR042C,0,0.53442127,0.21299999952316284,0.8469184637069702,0.31498900055885315
YHR076W,YEL016C,0,0.53249985,0.21294675767421722,0.8469184637069702,0.31508904695510864
YFL029C,YML060W,0,0.53219175,0.2128935605287552,0.8469184637069702,0.3151891231536865
YML104C,YGL090W,0,0.53203505,0.21284036338329315,0.8469184637069702,0.315289169549942
YNR043W,YOR386W,0,0.53155106,0.2127872109413147,0.8469184637069702,0.3153892457485199
YGL123W,YML088W,0,0.5311868,0.21273408830165863,0.8469184637069702,0.3154892921447754
YOL127W,YDR044W,0,0.531074,0.21268098056316376,0.8469184637069702,0.31558936834335327
YDL144C,YJR068W,0,0.5301626,0.21262790262699127,0.8469184637069702,0.31568941473960876
YMR080C,YFL037W,0,0.5299102,0.21257485449314117,0.8469184637069702,0.31578946113586426
YDR177W,YIL041W,1,0.5298133,0.21277126669883728,0.8479125499725342,0.31578946113586426
YMR264W,YOR181W,0,0.52949834,0.212718203663826,0.8479125499725342,0.31588953733444214
YNL046W,YGR014W,0,0.5294466,0.21266517043113708,0.8479125499725342,0.31598958373069763
YHR028C,YIL009C-A,0,0.52918375,0.21261216700077057,0.8479125499725342,0.3160896599292755
YPR184W,YLR438C-A,0,0.5286521,0.21255917847156525,0.8479125499725342,0.316189706325531
YOL065C,YPL186C,0,0.52854425,0.2125062346458435,0.8479125499725342,0.3162897825241089
YOR257W,YCL075W,0,0.5281643,0.21245330572128296,0.8479125499725342,0.3163898289203644
YLR048W,YOR346W,0,0.5274998,0.2124003916978836,0.8479125499725342,0.31648990511894226
YMR130W,YNL128W,0,0.5273505,0.21234752237796783,0.8479125499725342,0.31658995151519775
YNL049C,YNR022C,0,0.5266941,0.21229466795921326,0.8479125499725342,0.31669002771377563
YAR018C,YCR054C,0,0.5265317,0.21224185824394226,0.8479125499725342,0.31679007411003113
YGL136C,YER180C,0,0.5258982,0.21218904852867126,0.8479125499725342,0.3168901205062866
YOR386W,YNL012W,0,0.52585894,0.21213628351688385,0.8479125499725342,0.3169901967048645
YBR048W,YOR233W,0,0.5257575,0.21208353340625763,0.8479125499725342,0.31709024310112
YMR088C,YHR010W,0,0.5256376,0.212030827999115,0.8479125499725342,0.3171903192996979
YJL165C,YCR039C,0,0.5250877,0.21197813749313354,0.8479125499725342,0.31729036569595337
YBR159W,YPR047W,0,0.525018,0.2119254618883133,0.8479125499725342,0.31739044189453125
YLR172C,YHR140W,0,0.52469885,0.21187283098697662,0.8479125499725342,0.31749048829078674
YMR289W,YDR393W,0,0.5246907,0.21182021498680115,0.8479125499725342,0.3175905644893646
YCL069W,YOR369C,0,0.5246711,0.21176762878894806,0.8479125499725342,0.3176906108856201
YDL085W,YPL038W,0,0.52418506,0.21171507239341736,0.8479125499725342,0.317790687084198
YJR155W,YPR042C,0,0.5241164,0.21166253089904785,0.8479125499725342,0.3178907334804535
YMR314W,YDR318W,0,0.5238843,0.21161001920700073,0.8479125499725342,0.317990779876709
YOR201C,YDR071C,0,0.5238472,0.211557537317276,0.8479125499725342,0.31809085607528687
YML012W,YOL002C,0,0.5236713,0.21150508522987366,0.8479125499725342,0.31819090247154236
YLR446W,YLR430W,0,0.5228599,0.2114526480436325,0.8479125499725342,0.31829097867012024
YDR481C,YHR186C,0,0.52255905,0.21140024065971375,0.8479125499725342,0.31839102506637573
YDR170W-A,YGR262C,0,0.5225012,0.21134786307811737,0.8479125499725342,0.3184911012649536
YLR396C,YCR004C,0,0.52200234,0.21129551529884338,0.8479125499725342,0.3185911476612091
YBR087W,YDR236C,0,0.51981926,0.2112431824207306,0.8479125499725342,0.318691223859787
YOL030W,YHR207C,0,0.5195744,0.21119089424610138,0.8479125499725342,0.3187912702560425
YBR048W,YMR223W,0,0.5193392,0.21113862097263336,0.8479125499725342,0.31889134645462036
YCR096C,YGR295C,0,0.51906675,0.21108636260032654,0.8479125499725342,0.31899139285087585
YIL027C,YPR186C,0,0.5188679,0.2110341489315033,0.8479125499725342,0.31909146904945374
YGL173C,YDR134C,0,0.518581,0.21098195016384125,0.8479125499725342,0.31919151544570923
YDR056C,YMR127C,0,0.5182731,0.2109297662973404,0.8479125499725342,0.3192915618419647
YDR533C,YDR014W,0,0.5182549,0.21087762713432312,0.8479125499725342,0.3193916380405426
YOR076C,YMR023C,0,0.518136,0.21082550287246704,0.8479125499725342,0.3194916844367981
YDR322W,YDL082W,0,0.51807487,0.21077340841293335,0.8479125499725342,0.319591760635376
YHR172W,YHR044C,0,0.51780117,0.21072134375572205,0.8479125499725342,0.31969180703163147
YIR014W,YNL146W,0,0.51766527,0.21066929399967194,0.8479125499725342,0.31979188323020935
YDR424C,YGR135W,0,0.5174566,0.2106172889471054,0.8479125499725342,0.31989192962646484
YDR248C,YEL016C,0,0.51729155,0.21056529879570007,0.8479125499725342,0.3199920058250427
YLR188W,YDR320C,0,0.5168191,0.21051332354545593,0.8479125499725342,0.3200920522212982
YFR006W,YOL125W,0,0.51678115,0.21046139299869537,0.8479125499725342,0.3201921284198761
YPR156C,YAL020C,0,0.51624864,0.210409477353096,0.8479125499725342,0.3202921748161316
YLR238W,YOR150W,0,0.51546186,0.21035757660865784,0.8479125499725342,0.3203922212123871
YEL016C,YPL092W,0,0.5153308,0.21030572056770325,0.8479125499725342,0.32049229741096497
YDR379W,YDL143W,0,0.51529336,0.21025387942790985,0.8479125499725342,0.32059234380722046
YNL049C,YMR221C,0,0.5151479,0.21020206809043884,0.8479125499725342,0.32069242000579834
YDL195W,YDL185W,0,0.5146856,0.21015028655529022,0.8479125499725342,0.32079246640205383
YOR322C,YJR059W,0,0.5146058,0.2100985199213028,0.8479125499725342,0.3208925426006317
YJL158C,YJL101C,0,0.51452065,0.21004678308963776,0.8479125499725342,0.3209925889968872
YOR348C,YDR448W,0,0.51448834,0.2099950760602951,0.8479125499725342,0.3210926651954651
YER027C,YDR313C,0,0.5139569,0.20994339883327484,0.8479125499725342,0.3211927115917206
YHR089C,YKL198C,0,0.51375246,0.20989173650741577,0.8479125499725342,0.32129278779029846
YOR381W,YBR214W,0,0.51364005,0.2098401039838791,0.8479125499725342,0.32139283418655396
YDR224C,YJR001W,0,0.51291394,0.2097884863615036,0.8479125499725342,0.32149291038513184
YKL056C,YPR032W,0,0.51260245,0.2097369134426117,0.8479125499725342,0.32159295678138733
YHR171W,YDL095W,0,0.51231706,0.20968535542488098,0.8479125499725342,0.3216930031776428
YER140W,YGR184C,0,0.5115687,0.20963381230831146,0.8479125499725342,0.3217930793762207
YNL293W,YHR153C,0,0.511089,0.20958231389522552,0.8479125499725342,0.3218931257724762
YCL055W,YGL090W,0,0.5110116,0.20953083038330078,0.8479125499725342,0.3219932019710541
YHL040C,YNL115C,0,0.51084495,0.20947937667369843,0.8479125499725342,0.32209324836730957
YKL056C,YOL140W,0,0.5104544,0.20942793786525726,0.8479125499725342,0.32219332456588745
YLR170C,YHL004W,0,0.5092485,0.2093765288591385,0.8479125499725342,0.32229337096214294
YBL037W,YEL002C,0,0.50838643,0.2093251496553421,0.8479125499725342,0.3223934471607208
YLR283W,YPR005C,0,0.50760007,0.2092738002538681,0.8479125499725342,0.3224934935569763
YCR039C,YKR030W,0,0.5075278,0.2092224657535553,0.8479125499725342,0.3225935697555542
YKL059C,YDR158W,0,0.50743574,0.20917116105556488,0.8479125499725342,0.3226936161518097
YGR292W,YAL034W-A,0,0.5069597,0.20911988615989685,0.8479125499725342,0.3227936625480652
YBR036C,YJL221C,0,0.5065129,0.20906862616539001,0.8479125499725342,0.32289373874664307
YBL088C,YOR131C,0,0.50644314,0.20901739597320557,0.8479125499725342,0.32299378514289856
YMR070W,YDR379W,0,0.5057165,0.2089661955833435,0.8479125499725342,0.32309386134147644
YLR078C,YJR126C,0,0.5048983,0.20891501009464264,0.8479125499725342,0.32319390773773193
YJR013W,YGR009C,0,0.5046673,0.20886385440826416,0.8479125499725342,0.3232939839363098
YPR158C-D,YLR286C,0,0.50425416,0.20881272852420807,0.8479125499725342,0.3233940303325653
YGL168W,YDR247W,0,0.50259745,0.20876163244247437,0.8479125499725342,0.3234941065311432
YNL136W,YNR045W,0,0.5019748,0.20871055126190186,0.8479125499725342,0.3235941529273987
YDR326C,YGL123W,0,0.5016799,0.20865948498249054,0.8479125499725342,0.32369422912597656
YOR242C,YMR071C,0,0.5016372,0.2086084634065628,0.8479125499725342,0.32379427552223206
YER140W,YKR030W,0,0.5014602,0.20855745673179626,0.8479125499725342,0.32389432191848755
YNL084C,YNL227C,1,0.5013962,0.208750918507576,0.8489065766334534,0.32389432191848755
YDL231C,YDR093W,1,0.50134224,0.20894427597522736,0.8499006032943726,0.32389432191848755
YHR089C,YIR002C,0,0.50081396,0.20889323949813843,0.8499006032943726,0.32399439811706543
YGL249W,YHL032C,0,0.50063795,0.2088422030210495,0.8499006032943726,0.3240944445133209
YDR341C,YMR150C,0,0.50053424,0.20879121124744415,0.8499006032943726,0.3241945207118988
YOR182C,YDR261W-B,0,0.5002324,0.208740234375,0.8499006032943726,0.3242945671081543
YHR013C,YEL058W,0,0.50016296,0.20868928730487823,0.8499006032943726,0.3243946433067322
YOR047C,YNL210W,0,0.49976236,0.20863835513591766,0.8499006032943726,0.32449468970298767
YCR077C,YML048W,0,0.49969018,0.20858746767044067,0.8499006032943726,0.32459476590156555
YKL212W,YDR400W,0,0.49841636,0.20853658020496368,0.8499006032943726,0.32469481229782104
YPL258C,YGR234W,0,0.49813437,0.20848573744297028,0.8499006032943726,0.3247948884963989
YJL019W,YLL011W,0,0.4972958,0.20843490958213806,0.8499006032943726,0.3248949348926544
YLL050C,YPL103C,0,0.49556106,0.20838411152362823,0.8499006032943726,0.3249950110912323
YNL049C,YBL057C,0,0.495163,0.2083333283662796,0.8499006032943726,0.3250950574874878
YKL004W,YFL036W,0,0.4951266,0.20828257501125336,0.8499006032943726,0.3251951038837433
YBR041W,YBR105C,0,0.49494556,0.2082318514585495,0.8499006032943726,0.32529518008232117
YPL085W,YLR441C,0,0.4948082,0.20818115770816803,0.8499006032943726,0.32539522647857666
YBR264C,YPR186C,0,0.49456662,0.20813047885894775,0.8499006032943726,0.32549530267715454
YJR001W,YIL090W,0,0.494443,0.20807982981204987,0.8499006032943726,0.32559534907341003
YOR224C,YPL214C,0,0.49428475,0.20802919566631317,0.8499006032943726,0.3256954252719879
YMR086W,YMR017W,0,0.49416137,0.20797859132289886,0.8499006032943726,0.3257954716682434
YFR032C-A,YPL172C,0,0.4937624,0.20792801678180695,0.8499006032943726,0.3258955478668213
YEL064C,YJL044C,0,0.4934356,0.20787745714187622,0.8499006032943726,0.3259955942630768
YJR009C,YHL040C,0,0.49267256,0.20782692730426788,0.8499006032943726,0.32609567046165466
YOR047C,YPL204W,0,0.4918913,0.20777642726898193,0.8499006032943726,0.32619571685791016
YIL074C,YMR071C,0,0.49113244,0.20772594213485718,0.8499006032943726,0.32629576325416565
YMR264W,YPR081C,0,0.4910304,0.2076754868030548,0.8499006032943726,0.32639583945274353
YML048W,YAL003W,0,0.49088255,0.20762506127357483,0.8499006032943726,0.326495885848999
YDR341C,YLR079W,0,0.49082303,0.20757465064525604,0.8499006032943726,0.3265959620475769
YCR081W,YMR012W,0,0.48982656,0.20752426981925964,0.8499006032943726,0.3266960084438324
YOR348C,YLR078C,0,0.4895792,0.20747391879558563,0.8499006032943726,0.3267960846424103
YLR204W,YGL059W,0,0.488887,0.20742358267307281,0.8499006032943726,0.32689613103866577
YHR021C,YGL157W,0,0.4882118,0.20737327635288239,0.8499006032943726,0.32699620723724365
YDL006W,YDL146W,0,0.487974,0.20732298493385315,0.8499006032943726,0.32709625363349915
YLR204W,YGR194C,0,0.4877736,0.2072727233171463,0.8499006032943726,0.327196329832077
YLR214W,YML063W,0,0.48754108,0.20722249150276184,0.8499006032943726,0.3272963762283325
YER159C-A,YGL009C,0,0.48736975,0.20717227458953857,0.8499006032943726,0.3273964524269104
YGR263C,YER030W,0,0.48624098,0.2071220874786377,0.8499006032943726,0.3274964988231659
YDR236C,YKL181W,0,0.48553038,0.2070719301700592,0.8499006032943726,0.3275965452194214
YBR159W,YPR102C,0,0.4846454,0.2070217877626419,0.8499006032943726,0.32769662141799927
YDR270W,YDL043C,0,0.48421672,0.206971675157547,0.8499006032943726,0.32779666781425476
YCR039C,YML070W,0,0.48374093,0.20692159235477448,0.8499006032943726,0.32789674401283264
YPR158C-D,YPL155C,0,0.48372704,0.20687152445316315,0.8499006032943726,0.32799679040908813
YDL143W,YDR224C,0,0.48348525,0.2068214863538742,0.8499006032943726,0.328096866607666
YJR066W,YJR010C-A,0,0.48268872,0.20677146315574646,0.8499006032943726,0.3281969130039215
YHR023W,YCR037C,0,0.48223212,0.2067214697599411,0.8499006032943726,0.3282969892024994
YDL138W,YOL149W,0,0.48206627,0.20667150616645813,0.8499006032943726,0.3283970355987549
YDL109C,YMR204C,0,0.48195493,0.20662155747413635,0.8499006032943726,0.32849711179733276
YPR041W,YDR077W,0,0.48188177,0.20657163858413696,0.8499006032943726,0.32859715819358826
YDR532C,YDR523C,0,0.48152867,0.20652173459529877,0.8499006032943726,0.32869720458984375
YMR088C,YLR414C,0,0.48126093,0.20647186040878296,0.8499006032943726,0.32879728078842163
YLR109W,YJR135C,0,0.48060876,0.20642201602458954,0.8499006032943726,0.3288973271846771
YAR019C,YPL103C,0,0.4804082,0.2063722014427185,0.8499006032943726,0.328997403383255
YHL009W-B,YNL268W,0,0.47945493,0.20632238686084747,0.8499006032943726,0.3290974497795105
YKL156W,YPR166C,0,0.47917452,0.20627261698246002,0.8499006032943726,0.3291975259780884
YNL049C,YIL078W,0,0.47704297,0.20622286200523376,0.8499006032943726,0.32929757237434387
YNL242W,YNL098C,0,0.47617555,0.2061731368303299,0.8499006032943726,0.32939764857292175
YDR347W,YDR056C,0,0.4761286,0.20612342655658722,0.8499006032943726,0.32949769496917725
YOR288C,YIL126W,0,0.47610396,0.20607374608516693,0.8499006032943726,0.3295977711677551
YDR418W,YHR070W,0,0.47557497,0.20602409541606903,0.8499006032943726,0.3296978175640106
YGR159C,YNL268W,0,0.47487196,0.20597445964813232,0.8499006032943726,0.3297978639602661
YHR143W,YBR245C,0,0.47333327,0.205924853682518,0.8499006032943726,0.329897940158844
YNL154C,YHR114W,1,0.47125614,0.20611606538295746,0.8508946299552917,0.329897940158844
YJR121W,YLR078C,0,0.47119325,0.20606644451618195,0.8508946299552917,0.3299979865550995
YNL049C,YOR369C,0,0.47036654,0.20601685345172882,0.8508946299552917,0.33009806275367737
YDR046C,YJL019W,0,0.4698255,0.2059672772884369,0.8508946299552917,0.33019810914993286
YDR532C,YGR106C,0,0.4697399,0.20591773092746735,0.8508946299552917,0.33029818534851074
YJL072C,YGL206C,0,0.46861827,0.205868199467659,0.8508946299552917,0.33039823174476624
YPR158C-D,YDR298C,0,0.468514,0.20581871271133423,0.8508946299552917,0.3304983079433441
YIL026C,YEL002C,0,0.46838373,0.20576922595500946,0.8508946299552917,0.3305983543395996
YEL058W,YNL135C,0,0.46691597,0.20571978390216827,0.8508946299552917,0.3306984305381775
YIL004C,YLR139C,0,0.46687382,0.20567035675048828,0.8508946299552917,0.330798476934433
YDR069C,YOR327C,1,0.46683297,0.2058611512184143,0.8518886566162109,0.330798476934433
YDL127W,YPR178W,0,0.46673313,0.20581172406673431,0.8518886566162109,0.33089855313301086
YDR219C,YGR184C,0,0.46593815,0.20576231181621552,0.8518886566162109,0.33099859952926636
YDL060W,YIL160C,0,0.46591222,0.2057129144668579,0.8518886566162109,0.33109864592552185
YDR069C,YDR177W,1,0.46579382,0.2059035301208496,0.8528826832771301,0.33109864592552185
YBR033W,YHR184W,0,0.46547103,0.205854132771492,0.8528826832771301,0.33119872212409973
YLR109W,YGR218W,0,0.46527207,0.2058047503232956,0.8528826832771301,0.3312987685203552
YER030W,YMR311C,0,0.46510112,0.20575539767742157,0.8528826832771301,0.3313988447189331
YGL249W,YFR006W,0,0.46498272,0.20570605993270874,0.8528826832771301,0.3314988911151886
YGL210W,YAL008W,0,0.46469554,0.2056567519903183,0.8528826832771301,0.3315989673137665
YDR388W,YBL082C,0,0.46462536,0.20560747385025024,0.8528826832771301,0.331699013710022
YLR120C,YHR070W,0,0.46435815,0.20555821061134338,0.8528826832771301,0.33179908990859985
YDL144C,YPL085W,0,0.46415365,0.2055089771747589,0.8528826832771301,0.33189913630485535
YLL062C,YNR045W,0,0.46410897,0.20545977354049683,0.8528826832771301,0.3319992125034332
YHR092C,YNL098C,0,0.46379316,0.20541058480739594,0.8528826832771301,0.3320992588996887
YML070W,YNL191W,0,0.46377254,0.20536141097545624,0.8528826832771301,0.3321993052959442
YML070W,YBL020W,0,0.46342546,0.20531228184700012,0.8528826832771301,0.3322993814945221
YOR151C,YKR097W,0,0.4632715,0.205263152718544,0.8528826832771301,0.3323994278907776
YHR207C,YML115C,0,0.462449,0.20521406829357147,0.8528826832771301,0.33249950408935547
YGL178W,YOR369C,0,0.4618824,0.20516499876976013,0.8528826832771301,0.33259955048561096
YJL143W,YDR318W,0,0.46176344,0.20511594414710999,0.8528826832771301,0.33269962668418884
YMR188C,YOR070C,0,0.46099854,0.20506691932678223,0.8528826832771301,0.33279967308044434
YDR481C,YGR088W,0,0.4604679,0.20501792430877686,0.8528826832771301,0.3328997492790222
YOR175C,YLR176C,0,0.45948,0.20496894419193268,0.8528826832771301,0.3329997956752777
YJL033W,YKL100C,0,0.45925894,0.2049199938774109,0.8528826832771301,0.3330998718738556
YFR008W,YBL061C,0,0.45891637,0.2048710584640503,0.8528826832771301,0.3331999182701111
YNL046W,YCR039C,0,0.45773625,0.20482215285301208,0.8528826832771301,0.33329999446868896
YPL033C,YNL135C,0,0.45711792,0.20477327704429626,0.8528826832771301,0.33340004086494446
YNL146W,YIL160C,0,0.45685238,0.20472441613674164,0.8528826832771301,0.33350008726119995
YDR069C,YOR244W,0,0.45673084,0.2046755701303482,0.8528826832771301,0.33360016345977783
YHR021C,YDR421W,0,0.45609245,0.20462675392627716,0.8528826832771301,0.3337002098560333
YMR290C,YNL158W,0,0.45588002,0.2045779675245285,0.8528826832771301,0.3338002860546112
YLR035C-A,YDR447C,0,0.455489,0.20452919602394104,0.8528826832771301,0.3339003324508667
YCL069W,YIL125W,0,0.45535612,0.20448045432567596,0.8528826832771301,0.3340004086494446
YLR214W,YDL101C,0,0.45485127,0.20443174242973328,0.8528826832771301,0.3341004550457001
YLR212C,YDR342C,0,0.45425862,0.20438304543495178,0.8528826832771301,0.33420053124427795
YDR523C,YLR337W,0,0.4540908,0.20433436334133148,0.8528826832771301,0.33430057764053345
YPR184W,YLR139C,0,0.45377204,0.20428571105003357,0.8528826832771301,0.33440065383911133
YPL226W,YFR005C,0,0.45315707,0.20423708856105804,0.8528826832771301,0.3345007002353668
YNR001C,YIR015W,0,0.45311427,0.2041884809732437,0.8528826832771301,0.3346007466316223
YML091C,YDR032C,0,0.45219934,0.20413990318775177,0.8528826832771301,0.3347008228302002
YEL013W,YGR262C,0,0.45206368,0.20409134030342102,0.8528826832771301,0.3348008692264557
YNR008W,YBL037W,0,0.45174652,0.20404280722141266,0.8528826832771301,0.33490094542503357
YMR166C,YPL206C,0,0.45120826,0.2039942890405655,0.8528826832771301,0.33500099182128906
YMR316W,YPL186C,0,0.45114988,0.2039458006620407,0.8528826832771301,0.33510106801986694
YHR171W,YNL015W,0,0.45100343,0.20389734208583832,0.8528826832771301,0.33520111441612244
YFL004W,YDL138W,0,0.450965,0.20384889841079712,0.8528826832771301,0.3353011906147003
YOR315W,YJR016C,0,0.45095354,0.20380046963691711,0.8528826832771301,0.3354012370109558
YHR021C,YGR156W,0,0.45074356,0.2037520706653595,0.8528826832771301,0.3355013132095337
YPR021C,YNL151C,0,0.44983688,0.20370370149612427,0.8528826832771301,0.3356013596057892
YDR481C,YPR118W,0,0.4497708,0.20365534722805023,0.8528826832771301,0.3357014060020447
YDL033C,YHR140W,0,0.44967377,0.20360702276229858,0.8528826832771301,0.33580148220062256
YBR159W,YNL339C,0,0.44921994,0.20355871319770813,0.8528826832771301,0.33590152859687805
YPL106C,YML113W,0,0.44892383,0.20351043343544006,0.8528826832771301,0.33600160479545593
YHL009W-B,YDL082W,0,0.44783026,0.20346218347549438,0.8528826832771301,0.3361016511917114
YDL127W,YGR063C,0,0.4478253,0.2034139335155487,0.8528826832771301,0.3362017273902893
YDR315C,YPR073C,0,0.44776225,0.2033657282590866,0.8528826832771301,0.3363017737865448
YLR459W,YOR116C,0,0.4469707,0.2033175379037857,0.8528826832771301,0.3364018499851227
YOR224C,YLR381W,0,0.44672853,0.203269362449646,0.8528826832771301,0.3365018963813782
YDR228C,YPL220W,0,0.44668096,0.20322121679782867,0.8528826832771301,0.33660197257995605
YGL147C,YNR043W,0,0.44613445,0.20317310094833374,0.8528826832771301,0.33670201897621155
YOL157C,YLR467W,0,0.44567204,0.203125,0.8528826832771301,0.33680209517478943
YGR104C,YLR266C,0,0.4452261,0.20307692885398865,0.8528826832771301,0.3369021415710449
YDR532C,YIL160C,0,0.44474712,0.2030288726091385,0.8528826832771301,0.3370021879673004
YCL069W,YGL253W,0,0.44430923,0.20298083126544952,0.8528826832771301,0.3371022641658783
YHR171W,YDR077W,0,0.4435179,0.20293283462524414,0.8528826832771301,0.3372023105621338
YIR002C,YNL096C,0,0.4429413,0.20288483798503876,0.8528826832771301,0.33730238676071167
YHR076W,YJL108C,0,0.44291377,0.20283688604831696,0.8528826832771301,0.33740243315696716
YJL125C,YDR034C-C,0,0.44287747,0.20278893411159515,0.8528826832771301,0.33750250935554504
YHL040C,YKL173W,0,0.442855,0.20274102687835693,0.8528826832771301,0.33760255575180054
YPR049C,YJL102W,0,0.44087982,0.2026931196451187,0.8528826832771301,0.3377026319503784
YDL069C,YDL110C,0,0.44045514,0.20264525711536407,0.8528826832771301,0.3378026783466339
YGL021W,YDR118W,0,0.44020793,0.20259740948677063,0.8528826832771301,0.3379027545452118
YGL253W,YER153C,0,0.44020563,0.20254957675933838,0.8528826832771301,0.3380028009414673
YBR001C,YGL232W,0,0.43919072,0.20250177383422852,0.8528826832771301,0.3381028473377228
YKR094C,YPR184W,0,0.438766,0.20245398581027985,0.8528826832771301,0.33820292353630066
YBR040W,YKL028W,0,0.4382384,0.20240622758865356,0.8528826832771301,0.33830296993255615
YER056C-A,YOR306C,0,0.43805444,0.20235848426818848,0.8528826832771301,0.33840304613113403
YDL195W,YDR065W,0,0.43801698,0.20231077075004578,0.8528826832771301,0.3385030925273895
YHR215W,YKR105C,0,0.43697214,0.20226308703422546,0.8528826832771301,0.3386031687259674
YBL088C,YLR121C,0,0.4368275,0.20221541821956635,0.8528826832771301,0.3387032151222229
YNL311C,YFL037W,0,0.43668303,0.20216776430606842,0.8528826832771301,0.3388032913208008
YCR039C,YDR047W,0,0.43645483,0.20212014019489288,0.8528826832771301,0.3389033377170563
YJL072C,YBR159W,0,0.4364059,0.20207254588603973,0.8528826832771301,0.33900341391563416
YLR414C,YJL008C,0,0.4346576,0.20202495157718658,0.8528826832771301,0.33910346031188965
YLR015W,YLR172C,0,0.43425763,0.20197740197181702,0.8528826832771301,0.33920353651046753
YPL106C,YPL204W,0,0.43420005,0.20192986726760864,0.8528826832771301,0.339303582906723
YBL075C,YLR015W,0,0.43419272,0.20188234746456146,0.8528826832771301,0.3394036293029785
YCR075C,YJL189W,0,0.43414256,0.20183485746383667,0.8528826832771301,0.3395037055015564
YGL168W,YMR303C,0,0.43380046,0.20178739726543427,0.8528826832771301,0.3396037518978119
YDR532C,YDR093W,0,0.43318003,0.20173995196819305,0.8528826832771301,0.33970382809638977
YLL001W,YPL038W,0,0.43212724,0.20169252157211304,0.8528826832771301,0.33980387449264526
YML012W,YDR032C,0,0.431779,0.2016451209783554,0.8528826832771301,0.33990395069122314
YKL034W,YGR189C,0,0.43136516,0.20159775018692017,0.8528826832771301,0.34000399708747864
YLR318W,YNL189W,0,0.43134072,0.20155039429664612,0.8528826832771301,0.3401040732860565
YNL227C,YHR052W,0,0.43121266,0.20150305330753326,0.8528826832771301,0.340204119682312
YML129C,YLR201C,0,0.43081665,0.2014557421207428,0.8528826832771301,0.3403041958808899
YKR014C,YML001W,1,0.43057266,0.2016431987285614,0.8538767099380493,0.3403041958808899
YPR184W,YDR130C,0,0.43036735,0.20159587264060974,0.8538767099380493,0.3404042422771454
YLR371W,YDL185W,0,0.4298132,0.20154856145381927,0.8538767099380493,0.3405042886734009
YFL036W,YBL101W-A,0,0.42923567,0.2015012949705124,0.8538767099380493,0.34060436487197876
YKL158W,YNL189W,0,0.42839646,0.2014540284872055,0.8538767099380493,0.34070441126823425
YGL106W,YOL019W,0,0.42744398,0.2014068067073822,0.8538767099380493,0.34080448746681213
YLL013C,YDR044W,0,0.4274326,0.2013595849275589,0.8538767099380493,0.3409045338630676
YNL162W,YDR031W,0,0.42741442,0.20131239295005798,0.8538767099380493,0.3410046100616455
YER068W,YNL210W,0,0.4273575,0.20126523077487946,0.8538767099380493,0.341104656457901
YDR253C,YLR337W,0,0.42673427,0.20121808350086212,0.8538767099380493,0.3412047326564789
YMR130W,YMR188C,0,0.4262958,0.20117096602916718,0.8538767099380493,0.3413047790527344
YDR170W-A,YBL088C,0,0.42615634,0.20112386345863342,0.8538767099380493,0.34140485525131226
YDR387C,YLR433C,0,0.4251338,0.20107677578926086,0.8538767099380493,0.34150490164756775
YBR041W,YDR487C,0,0.42371935,0.2010297179222107,0.8538767099380493,0.34160497784614563
YLR371W,YNL227C,1,0.42340332,0.2012166529893875,0.8548707962036133,0.34160497784614563
YHR021C,YOR217W,0,0.4231934,0.20116959512233734,0.8548707962036133,0.3417050242424011
YOR391C,YJL080C,0,0.42275026,0.20112253725528717,0.8548707962036133,0.3418050706386566
YKL156W,YDR390C,0,0.4223379,0.20107552409172058,0.8548707962036133,0.3419051468372345
YGL135W,YCR092C,0,0.42171875,0.201028510928154,0.8548707962036133,0.34200519323349
YMR285C,YJL189W,0,0.42141342,0.20098154246807098,0.8548707962036133,0.34210526943206787
YGL232W,YGR223C,0,0.4209463,0.20093457400798798,0.8548707962036133,0.34220531582832336
YIL051C,YOR070C,0,0.42076913,0.20088765025138855,0.8548707962036133,0.34230539202690125
YMR208W,YOL002C,0,0.42068118,0.20084072649478912,0.8548707962036133,0.34240543842315674
YEL054C,YOL123W,0,0.41981426,0.20079383254051208,0.8548707962036133,0.3425055146217346
YOR381W,YDR069C,0,0.41859668,0.20074696838855743,0.8548707962036133,0.3426055610179901
YIL172C,YBR245C,0,0.41847154,0.20070011913776398,0.8548707962036133,0.342705637216568
YAL044C,YDR034C-C,0,0.41844666,0.2006532847881317,0.8548707962036133,0.3428056836128235
YLR343W,YMR128W,0,0.41599214,0.20060648024082184,0.8548707962036133,0.342905730009079
YLR126C,YBL037W,0,0.41528898,0.20055970549583435,0.8548707962036133,0.34300580620765686
YOL157C,YDR483W,0,0.41512886,0.20051294565200806,0.8548707962036133,0.34310585260391235
YGR263C,YIR037W,0,0.41490668,0.20046620070934296,0.8548707962036133,0.34320592880249023
YDL130W,YGL040C,0,0.41467926,0.20041948556900024,0.8548707962036133,0.3433059751987457
YPR021C,YPR042C,0,0.41386148,0.20037278532981873,0.8548707962036133,0.3434060513973236
YAL020C,YPL059W,0,0.41353598,0.2003261148929596,0.8548707962036133,0.3435060977935791
YOR278W,YIR009W,0,0.41332006,0.20027945935726166,0.8548707962036133,0.343606173992157
YDR507C,YOL140W,0,0.41303393,0.2002328336238861,0.8548707962036133,0.3437062203884125
YAL021C,YCR037C,0,0.41254786,0.20018622279167175,0.8548707962036133,0.34380629658699036
YLR304C,YOR326W,0,0.41237003,0.2001396268606186,0.8548707962036133,0.34390634298324585
YMR004W,YBR012W-B,0,0.41233557,0.20009306073188782,0.8548707962036133,0.34400638937950134
YBL101W-A,YLR246W,0,0.41101092,0.20004652440547943,0.8548707962036133,0.3441064655780792
YLL062C,YIL136W,0,0.41098595,0.20000000298023224,0.8548707962036133,0.3442065119743347
YOR155C,YDR088C,0,0.41018784,0.19995349645614624,0.8548707962036133,0.3443065881729126
YHR143W,YML077W,0,0.41008312,0.19990701973438263,0.8548707962036133,0.3444066345691681
YDL075W,YLL050C,0,0.40986094,0.1998605579137802,0.8548707962036133,0.34450671076774597
YKL100C,YGR116W,0,0.4096369,0.19981412589550018,0.8548707962036133,0.34460675716400146
YJR094W-A,YGL205W,0,0.40941465,0.19976770877838135,0.8548707962036133,0.34470683336257935
YKL203C,YFL039C,1,0.4090472,0.19995355606079102,0.8558648228645325,0.34470683336257935
YIL027C,YCR077C,0,0.40795973,0.199907124042511,0.8558648228645325,0.34480687975883484
YDR511W,YKR048C,0,0.40745288,0.19986072182655334,0.8558648228645325,0.3449069559574127
YHL008C,YNL015W,0,0.40721864,0.1998143494129181,0.8558648228645325,0.3450070023536682
YDL080C,YKL028W,0,0.40708494,0.19976797699928284,0.8558648228645325,0.3451070785522461
YLR035C-A,YML074C,0,0.40564382,0.19972164928913116,0.8558648228645325,0.3452071249485016
YKR037C,YOL117W,0,0.40524364,0.1996753215789795,0.8558648228645325,0.3453071713447571
YDR011W,YMR086W,0,0.40523392,0.1996290236711502,0.8558648228645325,0.34540724754333496
YDR047W,YLR246W,0,0.4051764,0.1995827555656433,0.8558648228645325,0.34550729393959045
YIR014W,YLR286C,0,0.40492383,0.1995365023612976,0.8558648228645325,0.34560737013816833
YKR105C,YKR030W,0,0.40454113,0.1994902640581131,0.8558648228645325,0.34570741653442383
YFL029C,YNL248C,0,0.4044632,0.19944405555725098,0.8558648228645325,0.3458074927330017
YPL143W,YLR246W,0,0.40425143,0.19939786195755005,0.8558648228645325,0.3459075391292572
YOR384W,YER106W,0,0.40418884,0.1993516981601715,0.8558648228645325,0.3460076153278351
YDR316W-A,YHR136C,0,0.40382686,0.19930554926395416,0.8558648228645325,0.3461076617240906
YJR098C,YDL184C,0,0.40363353,0.1992594301700592,0.8558648228645325,0.34620773792266846
YOL018C,YGL039W,0,0.40351743,0.19921332597732544,0.8558648228645325,0.34630778431892395
YOR386W,YNL325C,0,0.4034561,0.19916725158691406,0.8558648228645325,0.34640783071517944
YJR013W,YNL096C,0,0.40297294,0.19912117719650269,0.8558648228645325,0.3465079069137573
YBR036C,YJR098C,0,0.40281862,0.1990751475095749,0.8558648228645325,0.3466079533100128
YER007W,YIR009W,0,0.40243262,0.1990291327238083,0.8558648228645325,0.3467080295085907
YEL038W,YER089C,0,0.40204316,0.19898313283920288,0.8558648228645325,0.3468080759048462
YDR334W,YHR044C,0,0.40160704,0.19893714785575867,0.8558648228645325,0.3469081521034241
YNR061C,YER061C,0,0.40059367,0.19889119267463684,0.8558648228645325,0.34700819849967957
YMR056C,YIL051C,0,0.39966926,0.1988452672958374,0.8558648228645325,0.34710827469825745
YDR533C,YNL244C,0,0.39943445,0.19879935681819916,0.8558648228645325,0.34720832109451294
YFR003C,YER131W,0,0.39924547,0.1987534612417221,0.8558648228645325,0.3473083972930908
YNL311C,YJL019W,0,0.3990359,0.19870759546756744,0.8558648228645325,0.3474084436893463
YGR104C,YOR174W,0,0.39891168,0.19866174459457397,0.8558648228645325,0.3475085198879242
YJL219W,YGL227W,0,0.39843726,0.1986159235239029,0.8558648228645325,0.3476085662841797
YCL063W,YJL190C,0,0.39798623,0.198570117354393,0.8558648228645325,0.3477086126804352
YCL047C,YJR089W,0,0.39769623,0.1985243260860443,0.8558648228645325,0.34780868887901306
YOR061W,YPL092W,0,0.3974566,0.198478564620018,0.8558648228645325,0.34790873527526855
YHL036W,YLR430W,0,0.39674723,0.1984328180551529,0.8558648228645325,0.34800881147384644
YDL143W,YLR430W,0,0.3967162,0.19838710129261017,0.8558648228645325,0.34810885787010193
YJL170C,YPR192W,0,0.3963833,0.19834139943122864,0.8558648228645325,0.3482089340686798
YGR009C,YBR166C,0,0.39596784,0.1982957124710083,0.8558648228645325,0.3483089804649353
YIL027C,YJL008C,0,0.39532673,0.19825005531311035,0.8558648228645325,0.3484090566635132
YOR096W,YKR062W,0,0.39530742,0.1982044130563736,0.8558648228645325,0.3485091030597687
YML091C,YDR486C,0,0.39500213,0.19815880060195923,0.8558648228645325,0.34860917925834656
YHR147C,YDR003W,0,0.39488155,0.19811320304870605,0.8558648228645325,0.34870922565460205
YIL027C,YLR100W,0,0.39375645,0.19806763529777527,0.8558648228645325,0.34880927205085754
YDR510W,YJR045C,0,0.39363456,0.19802208244800568,0.8558648228645325,0.3489093482494354
YDR038C,YGL084C,0,0.39357272,0.19797654449939728,0.8558648228645325,0.3490093946456909
YER061C,YOR150W,0,0.39341027,0.19793103635311127,0.8558648228645325,0.3491094708442688
YDR326C,YCR010C,0,0.3933437,0.19788554310798645,0.8558648228645325,0.3492095172405243
YIL172C,YIL160C,0,0.39247447,0.19784007966518402,0.8558648228645325,0.3493095934391022
YIR017C,YCR040W,0,0.39182016,0.19779463112354279,0.8558648228645325,0.34940963983535767
YBR286W,YPL160W,0,0.39122522,0.19774919748306274,0.8558648228645325,0.34950971603393555
YOR278W,YDL127W,0,0.39050183,0.1977037936449051,0.8558648228645325,0.34960976243019104
YDL007W,YMR188C,0,0.39013818,0.19765840470790863,0.8558648228645325,0.3497098386287689
YDL108W,YDL095W,0,0.38989562,0.19761303067207336,0.8558648228645325,0.3498098850250244
YHR136C,YDR252W,0,0.38933137,0.19756768643856049,0.8558648228645325,0.3499099314212799
YDR060W,YFR006W,0,0.3889567,0.19752237200737,0.8558648228645325,0.3500100076198578
YDR103W,YKL056C,0,0.38805735,0.1974770575761795,0.8558648228645325,0.3501100540161133
YLR079W,YOR014W,0,0.3877105,0.1974317878484726,0.8558648228645325,0.35021013021469116
YLR238W,YHR181W,0,0.38745296,0.19738651812076569,0.8558648228645325,0.35031017661094666
YDR239C,YJR126C,0,0.3873415,0.19734127819538116,0.8558648228645325,0.35041025280952454
YJR110W,YDL120W,0,0.38689053,0.19729605317115784,0.8558648228645325,0.35051029920578003
YBL093C,YOR347C,0,0.38677946,0.1972508579492569,0.8558648228645325,0.3506103754043579
YBR240C,YML074C,0,0.38658464,0.19720567762851715,0.8558648228645325,0.3507104218006134
YDR299W,YGL211W,0,0.38652164,0.1971605271100998,0.8558648228645325,0.3508104979991913
YDR297W,YLR010C,0,0.38576275,0.19711539149284363,0.8558648228645325,0.3509105443954468
YNL112W,YLR237W,0,0.38487872,0.19707027077674866,0.8558648228645325,0.35101062059402466
YOL138C,YBR050C,0,0.38457972,0.19702516496181488,0.8558648228645325,0.35111066699028015
YLR371W,YJL121C,0,0.3843699,0.1969800889492035,0.8558648228645325,0.35121071338653564
YGL147C,YDR443C,0,0.38431555,0.1969350427389145,0.8558648228645325,0.3513107895851135
YML094W,YBL106C,0,0.38430506,0.19689001142978668,0.8558648228645325,0.351410835981369
YGR292W,YDL108W,0,0.3840618,0.19684499502182007,0.8558648228645325,0.3515109121799469
YCL063W,YNL096C,0,0.3835712,0.19679999351501465,0.8558648228645325,0.3516109585762024
YDR478W,YMR184W,0,0.3826287,0.19675502181053162,0.8558648228645325,0.3517110347747803
YJL165C,YJL170C,0,0.38176513,0.19671007990837097,0.8558648228645325,0.35181108117103577
YBL101W-A,YER164W,0,0.38110125,0.19666513800621033,0.8558648228645325,0.35191115736961365
YDR536W,YPR158C-D,0,0.380871,0.19662022590637207,0.8558648228645325,0.35201120376586914
YPL095C,YMR204C,0,0.3805967,0.1965753436088562,0.8558648228645325,0.352111279964447
YHR160C,YDR116C,0,0.3804124,0.19653047621250153,0.8558648228645325,0.3522113263607025
YGR274C,YFL044C,0,0.3802281,0.19648562371730804,0.8558648228645325,0.352311372756958
YJL157C,YMR314W,0,0.3792311,0.19644080102443695,0.8558648228645325,0.3524114489555359
YBR240C,YLR304C,0,0.37914568,0.19639597833156586,0.8558648228645325,0.3525114953517914
YDR038C,YEL065W,0,0.37913942,0.19635120034217834,0.8558648228645325,0.35261157155036926
YIL027C,YBR033W,0,0.37902236,0.19630642235279083,0.8558648228645325,0.35271161794662476
YLR035C-A,YDR507C,0,0.37856883,0.1962616890668869,0.8558648228645325,0.35281169414520264
YNL210W,YER120W,0,0.37843487,0.19621695578098297,0.8558648228645325,0.35291174054145813
YER053C,YKL017C,0,0.37838027,0.19617225229740143,0.8558648228645325,0.353011816740036
YER120W,YNL191W,0,0.37823808,0.19612756371498108,0.8558648228645325,0.3531118631362915
YCR020C,YLR172C,0,0.37738463,0.19608289003372192,0.8558648228645325,0.3532119393348694
YOR047C,YIL027C,0,0.37732953,0.19603824615478516,0.8558648228645325,0.3533119857311249
YJR013W,YGR124W,0,0.37719643,0.19599363207817078,0.8558648228645325,0.35341206192970276
YNL162W,YOL077C,0,0.3771811,0.1959490180015564,0.8558648228645325,0.35351210832595825
YOR182C,YJL221C,0,0.37683338,0.1959044337272644,0.8558648228645325,0.35361215472221375
YDL006W,YML087C,0,0.3767299,0.1958598792552948,0.8558648228645325,0.3537122309207916
YER099C,YBR166C,0,0.37623444,0.1958153247833252,0.8558648228645325,0.3538122773170471
YJR155W,YBL023C,0,0.37529913,0.19577080011367798,0.8558648228645325,0.353912353515625
YDR424C,YBR164C,0,0.37482715,0.19572630524635315,0.8558648228645325,0.3540123999118805
YDR316W-A,YOL056W,0,0.37479526,0.19568182528018951,0.8558648228645325,0.3541124761104584
YDR387C,YNL151C,0,0.37442628,0.19563736021518707,0.8558648228645325,0.35421252250671387
YOL064C,YML037C,0,0.37390584,0.19559291005134583,0.8558648228645325,0.35431259870529175
YOR211C,YNL135C,0,0.37335268,0.19554848968982697,0.8558648228645325,0.35441264510154724
YOR089C,YMR109W,1,0.37333155,0.19573114812374115,0.8568588495254517,0.35441264510154724
YBR048W,YGR106C,0,0.37287933,0.1956867128610611,0.8568588495254517,0.3545127213001251
YMR287C,YOR374W,0,0.37271217,0.19564230740070343,0.8568588495254517,0.3546127676963806
YKL179C,YER111C,0,0.37262774,0.19559791684150696,0.8568588495254517,0.3547128140926361
YAL023C,YLR385C,0,0.37232742,0.19555354118347168,0.8568588495254517,0.354812890291214
YDR326C,YEL058W,0,0.37166294,0.1955091804265976,0.8568588495254517,0.3549129366874695
YDR425W,YDR510W,0,0.3714962,0.1954648494720459,0.8568588495254517,0.35501301288604736
YDR376W,YHR181W,0,0.37139487,0.1954205334186554,0.8568588495254517,0.35511305928230286
YDR033W,YNR070W,0,0.37125015,0.19537624716758728,0.8568588495254517,0.35521313548088074
YNL213C,YOR233W,0,0.37091425,0.19533197581768036,0.8568588495254517,0.35531318187713623
YDL210W,YDL137W,0,0.37077934,0.19528771936893463,0.8568588495254517,0.3554132580757141
YGR223C,YDR523C,0,0.37048912,0.1952434927225113,0.8568588495254517,0.3555133044719696
YNR070W,YNL012W,0,0.3704262,0.19519928097724915,0.8568588495254517,0.3556133806705475
YNL330C,YJR013W,0,0.37023607,0.1951550841331482,0.8568588495254517,0.355713427066803
YML094W,YNL158W,0,0.37000704,0.19511091709136963,0.8568588495254517,0.35581347346305847
YMR211W,YLR154C,0,0.36811164,0.19506675004959106,0.8568588495254517,0.35591354966163635
YPR137C-B,YMR165C,0,0.3680566,0.19502262771129608,0.8568588495254517,0.35601359605789185
YER095W,YHL019C,0,0.36735523,0.1949785053730011,0.8568588495254517,0.3561136722564697
YGL009C,YGR116W,0,0.36690265,0.1949344128370285,0.8568588495254517,0.3562137186527252
YJL204C,YHR114W,1,0.36659414,0.19511643052101135,0.8578528761863708,0.3562137186527252
YJL073W,YBL022C,0,0.3662491,0.19507233798503876,0.8578528761863708,0.3563137948513031
YER095W,YDR060W,0,0.36570144,0.19502824544906616,0.8578528761863708,0.3564138412475586
YDL115C,YGR135W,0,0.3649208,0.19498418271541595,0.8578528761863708,0.3565139174461365
YJL065C,YHL016C,0,0.36483854,0.19494013488292694,0.8578528761863708,0.35661396384239197
YAL020C,YNL289W,0,0.36470824,0.19489611685276031,0.8578528761863708,0.35671404004096985
YKR048C,YLR433C,0,0.36400253,0.19485211372375488,0.8578528761863708,0.35681408643722534
YHR161C,YCR053W,1,0.3634599,0.19503386318683624,0.85884690284729,0.35681408643722534
YHR172W,YFL037W,0,0.36342484,0.19498984515666962,0.85884690284729,0.3569141626358032
YPL177C,YAL008W,0,0.36258402,0.19494584202766418,0.85884690284729,0.3570142090320587
YML034W,YML088W,0,0.36244753,0.19490186870098114,0.85884690284729,0.3571142554283142
YNL146W,YLR467W,0,0.3623059,0.1948579102754593,0.85884690284729,0.3572143316268921
YIR006C,YCL066W,0,0.36134738,0.19481398165225983,0.85884690284729,0.3573143780231476
YCR020C,YDR117C,0,0.36100963,0.19477006793022156,0.85884690284729,0.35741445422172546
YPL095C,YDR362C,0,0.36079127,0.19472616910934448,0.85884690284729,0.35751450061798096
YNR061C,YBR035C,0,0.36075178,0.1946822851896286,0.85884690284729,0.35761457681655884
YMR150C,YML063W,0,0.3605966,0.1946384310722351,0.85884690284729,0.35771462321281433
YHR143W,YKL154W,0,0.3605635,0.1945945918560028,0.85884690284729,0.3578146994113922
YDR315C,YBR159W,0,0.3596218,0.1945507824420929,0.85884690284729,0.3579147458076477
YJR155W,YER106W,0,0.35960054,0.19450697302818298,0.85884690284729,0.3580148220062256
YDL195W,YER091C,0,0.3592654,0.19446319341659546,0.85884690284729,0.3581148684024811
YDR253C,YNL112W,0,0.35923418,0.19441944360733032,0.85884690284729,0.3582149147987366
YGL128C,YNL115C,0,0.3589188,0.19437570869922638,0.85884690284729,0.35831499099731445
YKL203C,YNL032W,1,0.3569328,0.19455690681934357,0.8598409295082092,0.35831499099731445
YNL001W,YHR036W,0,0.3557722,0.19451315701007843,0.8598409295082092,0.35841503739356995
YLR364W,YBL021C,0,0.35464728,0.1944694221019745,0.8598409295082092,0.3585151135921478
YDR481C,YML005W,0,0.3543521,0.19442571699619293,0.8598409295082092,0.3586151599884033
YKL004W,YDL185W,0,0.353571,0.19438202679157257,0.8598409295082092,0.3587152361869812
YEL015W,YDL115C,0,0.353204,0.1943383514881134,0.8598409295082092,0.3588152825832367
YMR088C,YDR139C,0,0.35245046,0.19429470598697662,0.8598409295082092,0.3589153587818146
YDR046C,YOL140W,0,0.35240555,0.19425106048583984,0.8598409295082092,0.35901540517807007
YBR041W,YBL106C,0,0.35231736,0.19420745968818665,0.8598409295082092,0.35911548137664795
YPR168W,YDR326C,0,0.3522435,0.19416385889053345,0.8598409295082092,0.35921552777290344
YDR436W,YOR217W,0,0.35213822,0.19412028789520264,0.8598409295082092,0.3593156039714813
YER036C,YIL126W,0,0.35163787,0.19407673180103302,0.8598409295082092,0.3594156503677368
YDR400W,YPR032W,0,0.3513145,0.1940332055091858,0.8598409295082092,0.3595156967639923
YJL052W,YML009C,0,0.3512178,0.19398967921733856,0.8598409295082092,0.3596157729625702
YNL289W,YOR217W,0,0.35106018,0.19394618272781372,0.8598409295082092,0.3597158193588257
YOR192C-B,YDL200C,0,0.3507166,0.19390271604061127,0.8598409295082092,0.35981589555740356
YJL097W,YOL002C,0,0.35008547,0.1938592493534088,0.8598409295082092,0.35991594195365906
YDR524C,YCR054C,0,0.34970817,0.19381581246852875,0.8598409295082092,0.36001601815223694
YPR137C-B,YBR264C,0,0.3496568,0.19377240538597107,0.8598409295082092,0.36011606454849243
YBL103C,YCL047C,0,0.34940994,0.1937289983034134,0.8598409295082092,0.3602161407470703
YJL129C,YBR105C,0,0.34932125,0.1936856210231781,0.8598409295082092,0.3603161871433258
YDR059C,YLR337W,1,0.34919727,0.19386613368988037,0.8608350157737732,0.3603161871433258
YML077W,YPL026C,0,0.34819937,0.1938227415084839,0.8608350157737732,0.3604162633419037
YDR139C,YMR163C,0,0.34773168,0.1937793642282486,0.8608350157737732,0.3605163097381592
YDL127W,YEL002C,0,0.3476272,0.1937360167503357,0.8608350157737732,0.3606163561344147
YIL112W,YLR014C,0,0.347104,0.19369268417358398,0.8608350157737732,0.36071643233299255
YOR127W,YHR010W,0,0.34689596,0.19364936649799347,0.8608350157737732,0.36081647872924805
YNR043W,YEL061C,0,0.3457893,0.19360607862472534,0.8608350157737732,0.3609165549278259
YGL205W,YLR427W,0,0.34569412,0.1935628056526184,0.8608350157737732,0.3610166013240814
YLR459W,YLR158C,0,0.34538394,0.19351954758167267,0.8608350157737732,0.3611166775226593
YIL172C,YDL115C,0,0.34519225,0.19347631931304932,0.8608350157737732,0.3612167239189148
YKL158W,YOR374W,0,0.34340814,0.19343310594558716,0.8608350157737732,0.3613168001174927
YDL007W,YDR128W,0,0.34329283,0.1933899074792862,0.8608350157737732,0.36141684651374817
YIL004C,YML060W,0,0.3430727,0.19334672391414642,0.8608350157737732,0.36151692271232605
YNR027W,YJR139C,0,0.34289488,0.19330357015132904,0.8608350157737732,0.36161696910858154
YDR177W,YNL093W,1,0.3427369,0.19348359107971191,0.8618290424346924,0.36161696910858154
YDR038C,YOR039W,0,0.3422827,0.19344042241573334,0.8618290424346924,0.36171701550483704
YMR037C,YER106W,0,0.34207684,0.19339728355407715,0.8618290424346924,0.3618170917034149
YDR495C,YNL244C,0,0.34196797,0.19335414469242096,0.8618290424346924,0.3619171380996704
YDL229W,YHR052W,0,0.34183222,0.19331103563308716,0.8618290424346924,0.3620172142982483
YPL051W,YGL059W,0,0.34049368,0.19326794147491455,0.8618290424346924,0.3621172606945038
YGR029W,YDR117C,0,0.3403506,0.19322487711906433,0.8618290424346924,0.36221733689308167
YOR182C,YDL030W,0,0.34010512,0.1931818127632141,0.8618290424346924,0.36231738328933716
YJL219W,YLR396C,0,0.3398779,0.19313877820968628,0.8618290424346924,0.36241745948791504
YAL044C,YDR380W,0,0.33983704,0.19309577345848083,0.8618290424346924,0.36251750588417053
YBR041W,YMR017W,0,0.3389825,0.1930527687072754,0.8618290424346924,0.3626175820827484
YKR061W,YER164W,0,0.3384061,0.19300979375839233,0.8618290424346924,0.3627176284790039
YFL029C,YOL018C,0,0.33810878,0.19296683371067047,0.8618290424346924,0.3628177046775818
YPR166C,YPR028W,0,0.3380478,0.192923903465271,0.8618290424346924,0.3629177510738373
YBR267W,YLR337W,0,0.33786845,0.19288097321987152,0.8618290424346924,0.3630177974700928
YCR028C,YMR109W,1,0.33766013,0.193060502409935,0.8628230690956116,0.3630177974700928
YOR116C,YLL050C,0,0.3375787,0.19301757216453552,0.8628230690956116,0.36311787366867065
YCR094W,YNR075W,1,0.3373522,0.19319698214530945,0.8638170957565308,0.36311787366867065
YDR329C,YJL056C,0,0.33703777,0.19315403699874878,0.8638170957565308,0.36321792006492615
YDR046C,YDR065W,0,0.33673322,0.1931111067533493,0.8638170957565308,0.36331799626350403
YNR011C,YDR031W,0,0.33642352,0.19306820631027222,0.8638170957565308,0.3634180426597595
YJL108C,YDR251W,0,0.33625063,0.19302532076835632,0.8638170957565308,0.3635181188583374
YNR011C,YIL136W,0,0.3356794,0.19298245012760162,0.8638170957565308,0.3636181652545929
YNR043W,YBL020W,0,0.33550262,0.1929396092891693,0.8638170957565308,0.3637182414531708
YAR019C,YML060W,0,0.33476666,0.1928967833518982,0.8638170957565308,0.36381828784942627
YPL177C,YLR172C,0,0.3345577,0.19285397231578827,0.8638170957565308,0.36391836404800415
YBL021C,YCL066W,0,0.3344642,0.19281117618083954,0.8638170957565308,0.36401841044425964
YDR334W,YBR122C,0,0.33372426,0.1927684098482132,0.8638170957565308,0.36411845684051514
YOR237W,YLR337W,1,0.33366933,0.19294743239879608,0.86481112241745,0.36411845684051514
YML015C,YGR189C,0,0.33278936,0.19290465116500854,0.86481112241745,0.364218533039093
YDR425W,YPL038W,0,0.3325525,0.1928618997335434,0.86481112241745,0.3643185794353485
YIL111W,YDR003W,0,0.33191562,0.19281914830207825,0.86481112241745,0.3644186556339264
YBR033W,YDR443C,0,0.33141264,0.19277642667293549,0.86481112241745,0.3645187020301819
YPR049C,YLR381W,0,0.33110595,0.19273371994495392,0.86481112241745,0.36461877822875977
YPR168W,YOR326W,0,0.33090168,0.19269102811813354,0.86481112241745,0.36471882462501526
YBR175W,YFR006W,0,0.33086744,0.19264836609363556,0.86481112241745,0.36481890082359314
YJL136C,YNL054W-B,0,0.3302356,0.19260571897029877,0.86481112241745,0.36491894721984863
YLR035C-A,YNR016C,0,0.33001038,0.19256308674812317,0.86481112241745,0.3650190234184265
YPR132W,YGL251C,0,0.32857436,0.19252046942710876,0.86481112241745,0.365119069814682
YOL100W,YLR097C,0,0.32842556,0.19247788190841675,0.86481112241745,0.3652191460132599
YLR371W,YER180C,0,0.32828167,0.19243530929088593,0.86481112241745,0.3653191924095154
YPL017C,YNL015W,0,0.32800883,0.1923927515745163,0.86481112241745,0.3654192388057709
YOR076C,YMR150C,0,0.32799366,0.19235020875930786,0.86481112241745,0.36551931500434875
YGL106W,YER045C,0,0.3278415,0.19230769574642181,0.86481112241745,0.36561936140060425
YLR147C,YNL244C,0,0.3278092,0.19226519763469696,0.86481112241745,0.36571943759918213
YML125C,YOR306C,0,0.32769483,0.1922227144241333,0.86481112241745,0.3658194839954376
YBL103C,YEL021W,0,0.326957,0.19218024611473083,0.86481112241745,0.3659195601940155
YOR237W,YDR069C,1,0.32691544,0.19235865771770477,0.8658051490783691,0.3659195601940155
YDR487C,YPL048W,0,0.32632792,0.1923161894083023,0.8658051490783691,0.366019606590271
YML087C,YPL153C,0,0.32622588,0.19227373600006104,0.8658051490783691,0.3661196827888489
YNL049C,YDL130W,0,0.32547486,0.19223129749298096,0.8658051490783691,0.36621972918510437
YLR212C,YGL031C,0,0.32522294,0.19218887388706207,0.8658051490783691,0.36631980538368225
YPR070W,YEL002C,0,0.32480246,0.19214648008346558,0.8658051490783691,0.36641985177993774
YFL029C,YDR420W,0,0.3245716,0.19210410118103027,0.8658051490783691,0.36651989817619324
YBL069W,YPL123C,0,0.32446316,0.19206173717975616,0.8658051490783691,0.3666199743747711
YLR396C,YCL075W,0,0.32376042,0.19201940298080444,0.8658051490783691,0.3667200207710266
YOL100W,YLL050C,0,0.32372183,0.19197708368301392,0.8658051490783691,0.3668200969696045
YPR178W,YPL101W,0,0.32336658,0.19193477928638458,0.8658051490783691,0.36692014336586
YBR273C,YGR191W,0,0.3227473,0.19189248979091644,0.8658051490783691,0.36702021956443787
YGR274C,YJL164C,0,0.3225453,0.1918502151966095,0.8658051490783691,0.36712026596069336
YHR067W,YMR314W,0,0.3225181,0.19180797040462494,0.8658051490783691,0.36722034215927124
YJR059W,YOR080W,0,0.32243603,0.19176574051380157,0.8658051490783691,0.36732038855552673
YIL072W,YLR237W,0,0.3223342,0.1917235255241394,0.8658051490783691,0.3674204647541046
YJR160C,YGR191W,0,0.32232434,0.19168134033679962,0.8658051490783691,0.3675205111503601
YLR204W,YPL089C,0,0.32211804,0.19163917005062103,0.8658051490783691,0.3676205575466156
YKR030W,YDR031W,0,0.32166782,0.19159701466560364,0.8658051490783691,0.3677206337451935
YPL091W,YPL103C,0,0.3214873,0.19155487418174744,0.8658051490783691,0.367820680141449
YJR013W,YJR135C,0,0.32061478,0.19151274859905243,0.8658051490783691,0.36792075634002686
YNL280C,YDR298C,0,0.3204027,0.1914706528186798,0.8658051490783691,0.36802080273628235
YGL185C,YDL144C,0,0.32037812,0.19142857193946838,0.8658051490783691,0.36812087893486023
YDR103W,YGL059W,0,0.32032108,0.19138650596141815,0.8658051490783691,0.3682209253311157
YNL162W,YNL096C,0,0.32027578,0.1913444697856903,0.8658051490783691,0.3683210015296936
YER140W,YIL113W,0,0.3200579,0.19130243360996246,0.8658051490783691,0.3684210479259491
YER086W,YNL098C,0,0.31985137,0.191260427236557,0.8658051490783691,0.368521124124527
YCR094W,YNL227C,1,0.31981677,0.1914379745721817,0.8667991757392883,0.368521124124527
YOR124C,YOL117W,0,0.31965667,0.19139596819877625,0.8667991757392883,0.36862117052078247
YDR456W,YBL057C,0,0.31963465,0.1913539618253708,0.8667991757392883,0.36872124671936035
YOR192C-B,YDR363W-A,0,0.31945097,0.19131198525428772,0.8667991757392883,0.36882129311561584
YDR315C,YDL185W,0,0.31871712,0.19127000868320465,0.8667991757392883,0.36892133951187134
YLL022C,YML063W,0,0.3183881,0.19122807681560516,0.8667991757392883,0.3690214157104492
YJR155W,YHR099W,0,0.31799215,0.19118614494800568,0.8667991757392883,0.3691214621067047
YJL080C,YER051W,0,0.3169643,0.19114422798156738,0.8667991757392883,0.3692215383052826
YOR151C,YDR224C,0,0.3167768,0.19110234081745148,0.8667991757392883,0.3693215847015381
YOR063W,YBL022C,0,0.3161906,0.19106046855449677,0.8667991757392883,0.36942166090011597
YDL006W,YDR297W,0,0.3161725,0.19101862609386444,0.8667991757392883,0.36952170729637146
YGL157W,YOL109W,0,0.31600088,0.19097678363323212,0.8667991757392883,0.36962178349494934
YIR014W,YDL184C,0,0.31585667,0.19093497097492218,0.8667991757392883,0.36972182989120483
YPL101W,YDL146W,0,0.31583232,0.19089317321777344,0.8667991757392883,0.3698219060897827
YJL019W,YMR217W,0,0.31491452,0.1908513903617859,0.8667991757392883,0.3699219524860382
YER070W,YDR510W,0,0.31456044,0.19080962240695953,0.8667991757392883,0.3700219988822937
YNL049C,YDL130W-A,0,0.3140177,0.19076788425445557,0.8667991757392883,0.3701220750808716
YER095W,YHR010W,0,0.31392598,0.1907261610031128,0.8667991757392883,0.3702221214771271
YER159C-A,YMR045C,0,0.31361878,0.1906844526529312,0.8667991757392883,0.37032219767570496
YDR248C,YLR098C,0,0.31317973,0.19064275920391083,0.8667991757392883,0.37042224407196045
YCR028C,YKR003W,1,0.31313753,0.1908196657896042,0.8677932620048523,0.37042224407196045
YDL231C,YEL027W,1,0.31281033,0.19099649786949158,0.8687872886657715,0.37042224407196045
YML085C,YCR098C,0,0.31269285,0.1909547746181488,0.8687872886657715,0.37052232027053833
YPL160W,YBL090W,0,0.3122631,0.19091306626796722,0.8687872886657715,0.3706223666667938
YGL191W,YDR447C,0,0.31151804,0.19087137281894684,0.8687872886657715,0.3707224428653717
YGL161C,YDR071C,0,0.31151757,0.19082969427108765,0.8687872886657715,0.3708224892616272
YHL040C,YFL041W,0,0.31128627,0.19078803062438965,0.8687872886657715,0.3709225654602051
YPR158C-D,YPR184W,0,0.31040993,0.19074639678001404,0.8687872886657715,0.37102261185646057
YDR036C,YMR314W,0,0.31031352,0.19070477783679962,0.8687872886657715,0.37112268805503845
YER027C,YKR105C,0,0.31022134,0.1906631737947464,0.8687872886657715,0.37122273445129395
YBL106C,YDR329C,0,0.31021512,0.19062159955501556,0.8687872886657715,0.37132278084754944
YLR134W,YOR192C-A,0,0.3101106,0.19058002531528473,0.8687872886657715,0.3714228570461273
YMR256C,YGL251C,0,0.30996585,0.19053848087787628,0.8687872886657715,0.3715229034423828
YNL322C,YOL030W,0,0.30988175,0.19049695134162903,0.8687872886657715,0.3716229796409607
YDL007W,YHR044C,0,0.30935553,0.19045543670654297,0.8687872886657715,0.3717230260372162
YNR011C,YDR261W-B,0,0.3089876,0.1904139369726181,0.8687872886657715,0.37182310223579407
YLR172C,YDR443C,0,0.30742562,0.19037246704101562,0.8687872886657715,0.37192314863204956
YKL088W,YER056C-A,0,0.30677825,0.19033101201057434,0.8687872886657715,0.37202322483062744
YNL292W,YFR005C,0,0.30659008,0.19028957188129425,0.8687872886657715,0.37212327122688293
YCL075W,YEL002C,0,0.30594411,0.19024814665317535,0.8687872886657715,0.3722233474254608
YNL242W,YOR244W,0,0.30593055,0.19020675122737885,0.8687872886657715,0.3723233938217163
YNL306W,YCR037C,0,0.30544782,0.19016535580158234,0.8687872886657715,0.3724234402179718
YBL039C,YPL123C,0,0.3051597,0.19012399017810822,0.8687872886657715,0.3725235164165497
YCR096C,YDR486C,0,0.30493736,0.1900826394557953,0.8687872886657715,0.3726235628128052
YHR031C,YPL059W,0,0.30418602,0.19004131853580475,0.8687872886657715,0.37272363901138306
YGR104C,YKR105C,0,0.3037599,0.1899999976158142,0.8687872886657715,0.37282368540763855
YMR264W,YDR524C,0,0.30314893,0.18995870649814606,0.8687872886657715,0.37292376160621643
YMR071C,YPL026C,0,0.30269927,0.1899174302816391,0.8687872886657715,0.3730238080024719
YGL135W,YDL137W,0,0.3024267,0.18987616896629333,0.8687872886657715,0.3731238842010498
YJL019W,YDR297W,0,0.30236983,0.18983492255210876,0.8687872886657715,0.3732239305973053
YAR015W,YGL253W,0,0.30236822,0.18979370594024658,0.8687872886657715,0.3733240067958832
YJL164C,YPL085W,0,0.30212495,0.1897524893283844,0.8687872886657715,0.37342405319213867
YAR042W,YLR056W,1,0.30208772,0.18992836773395538,0.8697813153266907,0.37342405319213867
YFL004W,YKL158W,0,0.30192208,0.1898871511220932,0.8697813153266907,0.37352409958839417
YLR035C-A,YOR039W,0,0.30142242,0.1898459494113922,0.8697813153266907,0.37362417578697205
YMR142C,YDR003W,0,0.301175,0.1898047775030136,0.8697813153266907,0.37372422218322754
YCR039C,YGR295C,0,0.30102053,0.189763605594635,0.8697813153266907,0.3738242983818054
YBR041W,YDR210W-B,0,0.30098927,0.1897224634885788,0.8697813153266907,0.3739243447780609
YEL058W,YGL123W,0,0.30093142,0.18968133628368378,0.8697813153266907,0.3740244209766388
YFL002W-A,YMR306W,0,0.30067995,0.18964022397994995,0.8697813153266907,0.3741244673728943
YOR150W,YDR169C,0,0.30042896,0.18959912657737732,0.8697813153266907,0.37422454357147217
YMR201C,YBL090W,0,0.30042493,0.18955805897712708,0.8697813153266907,0.37432458996772766
YLR158C,YIL124W,0,0.2995546,0.18951700627803802,0.8697813153266907,0.37442466616630554
YDR117C,YGL031C,0,0.29938853,0.18947596848011017,0.8697813153266907,0.37452471256256104
YBR159W,YPL019C,0,0.29930764,0.1894349455833435,0.8697813153266907,0.3746247887611389
YMR247C,YHR011W,0,0.29926485,0.18939393758773804,0.8697813153266907,0.3747248351573944
YJL080C,YDR047W,0,0.29862735,0.18935295939445496,0.8697813153266907,0.3748248815536499
YPL226W,YBR289W,0,0.29854912,0.18931198120117188,0.8697813153266907,0.3749249577522278
YAL041W,YBR009C,0,0.29761654,0.18927103281021118,0.8697813153266907,0.3750250041484833
YHL044W,YKL158W,0,0.29751143,0.18923009932041168,0.8697813153266907,0.37512508034706116
YDR253C,YOL072W,0,0.29714873,0.18918919563293457,0.8697813153266907,0.37522512674331665
YDL069C,YBR214W,0,0.29622626,0.18914829194545746,0.8697813153266907,0.37532520294189453
YDL006W,YPL095C,0,0.29599723,0.18910741806030273,0.8697813153266907,0.37542524933815
YGR009C,YHR129C,0,0.29583764,0.189066544175148,0.8697813153266907,0.3755253255367279
YHR101C,YDL130W,0,0.29580986,0.18902570009231567,0.8697813153266907,0.3756253719329834
YIL078W,YLL001W,0,0.2955734,0.18898488581180573,0.8697813153266907,0.3757254481315613
YKL089W,YDR103W,0,0.29509926,0.18894407153129578,0.8697813153266907,0.3758254945278168
YGL089C,YLR266C,0,0.29489523,0.18890328705310822,0.8697813153266907,0.37592554092407227
YBL022C,YOR127W,0,0.29401076,0.18886250257492065,0.8697813153266907,0.37602561712265015
YPL231W,YER044C,0,0.29371017,0.18882174789905548,0.8697813153266907,0.37612566351890564
YKL088W,YCL050C,0,0.29292023,0.1887810081243515,0.8697813153266907,0.3762257397174835
YHR073W,YDR069C,1,0.29287195,0.18895599246025085,0.8707753419876099,0.3762257397174835
YGR234W,YDR044W,0,0.29213595,0.18891525268554688,0.8707753419876099,0.376325786113739
YMR316W,YKR062W,0,0.2915224,0.1888745129108429,0.8707753419876099,0.3764258623123169
YPL121C,YGR279C,0,0.29122564,0.1888338029384613,0.8707753419876099,0.3765259087085724
YGL223C,YDR065W,0,0.29036388,0.1887931078672409,0.8707753419876099,0.37662598490715027
YHR028C,YAR007C,0,0.2894829,0.1887524276971817,0.8707753419876099,0.37672603130340576
YDL130W,YLR172C,0,0.28907573,0.1887117624282837,0.8707753419876099,0.37682610750198364
YFR006W,YDR486C,0,0.28890246,0.18867111206054688,0.8707753419876099,0.37692615389823914
YOR192C-A,YNL128W,0,0.28870264,0.18863049149513245,0.8707753419876099,0.377026230096817
YPL101W,YNL135C,0,0.28831303,0.1885898858308792,0.8707753419876099,0.3771262764930725
YDR242W,YLR419W,0,0.2874654,0.18854929506778717,0.8707753419876099,0.377226322889328
YPL144W,YBL030C,0,0.28722674,0.18850871920585632,0.8707753419876099,0.3773263990879059
YDR231C,YDR047W,0,0.2865413,0.18846815824508667,0.8707753419876099,0.3774264454841614
YDL075W,YBR166C,0,0.28626835,0.1884276121854782,0.8707753419876099,0.37752652168273926
YNL292W,YJR025C,0,0.28577822,0.18838709592819214,0.8707753419876099,0.37762656807899475
YOR034C,YLR342W,1,0.28534716,0.1885616034269333,0.871769368648529,0.37762656807899475
YEL065W,YPL123C,0,0.28486347,0.18852107226848602,0.871769368648529,0.37772664427757263
YKL156W,YNL322C,0,0.28416142,0.18848055601119995,0.871769368648529,0.3778266906738281
YKR014C,YEL058W,0,0.28414288,0.18844005465507507,0.871769368648529,0.377926766872406
YJR110W,YMR037C,0,0.28398725,0.1883995682001114,0.871769368648529,0.3780268132686615
YDR425W,YPR073C,0,0.28392658,0.1883591115474701,0.871769368648529,0.3781268894672394
YGL021W,YDR387C,0,0.2837742,0.1883186548948288,0.871769368648529,0.3782269358634949
YBR296C,YLR186W,0,0.28362644,0.1882782280445099,0.871769368648529,0.37832698225975037
YDR279W,YNR022C,0,0.28359208,0.18823781609535217,0.871769368648529,0.37842705845832825
YDR018C,YBL020W,0,0.28308535,0.18819741904735565,0.871769368648529,0.37852710485458374
YER088C,YPL017C,0,0.2828968,0.18815705180168152,0.871769368648529,0.3786271810531616
YOR290C,YPL220W,0,0.2826715,0.18811668455600739,0.871769368648529,0.3787272274494171
YER111C,YIL136W,0,0.28222838,0.18807634711265564,0.871769368648529,0.378827303647995
YMR247C,YFL002W-A,0,0.28204545,0.1880360245704651,0.871769368648529,0.3789273500442505
YDL231C,YML085C,0,0.28163937,0.18799571692943573,0.871769368648529,0.37902742624282837
YFR032C-A,YDR032C,0,0.2808626,0.18795542418956757,0.871769368648529,0.37912747263908386
YIL125W,YKR105C,0,0.27991036,0.1879151463508606,0.871769368648529,0.37922754883766174
YDR501W,YNL054W-B,0,0.27986333,0.187874898314476,0.871769368648529,0.37932759523391724
YKL156W,YER020W,0,0.2790709,0.18783465027809143,0.871769368648529,0.3794276714324951
YNL227C,YDR166C,0,0.27890962,0.18779443204402924,0.871769368648529,0.3795277178287506
YML060W,YLR121C,0,0.2784102,0.18775422871112823,0.871769368648529,0.3796277642250061
YOR269W,YDL130W-A,0,0.27817306,0.18771404027938843,0.871769368648529,0.379727840423584
YDR456W,YDR228C,0,0.2781675,0.18767386674880981,0.871769368648529,0.3798278868198395
YJR060W,YFR006W,0,0.27788895,0.1876337230205536,0.871769368648529,0.37992796301841736
YOR036W,YPL111W,0,0.27746525,0.18759357929229736,0.871769368648529,0.38002800941467285
YHR027C,YNL310C,0,0.27746448,0.18755346536636353,0.871769368648529,0.38012808561325073
YDR425W,YDL129W,0,0.27741882,0.18751336634159088,0.871769368648529,0.3802281320095062
YAR019C,YJR143C,0,0.27681965,0.18747328221797943,0.871769368648529,0.3803282082080841
YDL229W,YER095W,0,0.27616304,0.18743321299552917,0.871769368648529,0.3804282546043396
YML048W,YNR007C,0,0.27605322,0.1873931586742401,0.871769368648529,0.3805283308029175
YJL158C,YLR014C,0,0.2759496,0.18735313415527344,0.871769368648529,0.380628377199173
YCR077C,YML063W,0,0.27522135,0.18731310963630676,0.871769368648529,0.38072842359542847
YLL038C,YOR329C,1,0.27497745,0.1874866485595703,0.8727633953094482,0.38072842359542847
YOL139C,YGR200C,0,0.27488104,0.18744662404060364,0.8727633953094482,0.38082849979400635
YPR137C-B,YJR155W,0,0.27446204,0.18740661442279816,0.8727633953094482,0.38092854619026184
YER120W,YJL101C,0,0.27429843,0.18736661970615387,0.8727633953094482,0.3810286223888397
YBR213W,YBR030W,0,0.27400857,0.18732665479183197,0.8727633953094482,0.3811286687850952
YGR088W,YOL105C,0,0.27380693,0.18728668987751007,0.8727633953094482,0.3812287449836731
YCR053W,YDR490C,1,0.27369308,0.1874600201845169,0.8737574815750122,0.3812287449836731
YOR391C,YOR067C,0,0.27326375,0.1874200403690338,0.8737574815750122,0.3813287913799286
YDR261W-B,YAL012W,0,0.2727339,0.1873800903558731,0.8737574815750122,0.38142886757850647
YFR032C-A,YCR004C,0,0.2723114,0.1873401552438736,0.8737574815750122,0.38152891397476196
YGR101W,YOR092W,0,0.2719042,0.18730023503303528,0.8737574815750122,0.38162899017333984
YBR123C,YOR326W,0,0.2715119,0.18726032972335815,0.8737574815750122,0.38172903656959534
YBR240C,YJL157C,0,0.27108595,0.18722045421600342,0.8737574815750122,0.38182908296585083
YML018C,YBL022C,0,0.27069843,0.18718057870864868,0.8737574815750122,0.3819291591644287
YLR266C,YBL090W,0,0.2703483,0.18714073300361633,0.8737574815750122,0.3820292055606842
YDR242W,YPR070W,0,0.26999646,0.18710088729858398,0.8737574815750122,0.3821292817592621
YDR341C,YDR013W,0,0.26987076,0.18706107139587402,0.8737574815750122,0.3822293281555176
YOR175C,YKL173W,0,0.26967296,0.18702127039432526,0.8737574815750122,0.38232940435409546
YGL191W,YPR047W,0,0.26910573,0.18698149919509888,0.8737574815750122,0.38242945075035095
YDR253C,YMR043W,0,0.2689348,0.1869417279958725,0.8737574815750122,0.38252952694892883
YDL114W,YKL017C,0,0.2689079,0.1869019716978073,0.8737574815750122,0.3826295733451843
YDR170W-A,YMR022W,0,0.26865688,0.18686224520206451,0.8737574815750122,0.3827296495437622
YOL065C,YLR286C,0,0.26814598,0.1868225336074829,0.8737574815750122,0.3828296959400177
YNL322C,YOL007C,0,0.26803532,0.1867828369140625,0.8737574815750122,0.3829297721385956
YOL003C,YCR039C,0,0.26748627,0.18674315512180328,0.8737574815750122,0.3830298185348511
YOR356W,YBR273C,0,0.26740554,0.18670348823070526,0.8737574815750122,0.38312986493110657
YCL027W,YLR357W,0,0.26667908,0.18666383624076843,0.8737574815750122,0.38322994112968445
YJR013W,YOL071W,0,0.26598436,0.1866241991519928,0.8737574815750122,0.38332998752593994
YNL162W,YLR356W,0,0.26513103,0.18658459186553955,0.8737574815750122,0.3834300637245178
YJR145C,YNL325C,0,0.2647311,0.1865449845790863,0.8737574815750122,0.3835301101207733
YBR160W,YJR076C,0,0.26273733,0.18650540709495544,0.8737574815750122,0.3836301863193512
YDL067C,YDR288W,0,0.2626745,0.18646584451198578,0.8737574815750122,0.3837302327156067
YKL218C,YMR289W,0,0.26250923,0.1864262968301773,0.8737574815750122,0.38383030891418457
YHL024W,YIL090W,0,0.26187986,0.18638676404953003,0.8737574815750122,0.38393035531044006
YDR046C,YLR120C,0,0.26184845,0.18634726107120514,0.8737574815750122,0.38403043150901794
YCL055W,YIR002C,0,0.26180235,0.18630775809288025,0.8737574815750122,0.38413047790527344
YML106W,YDL190C,0,0.26173848,0.18626827001571655,0.8737574815750122,0.38423052430152893
YMR100W,YOR036W,0,0.26139417,0.18622881174087524,0.8737574815750122,0.3843306005001068
YDR503C,YKL183W,0,0.26127735,0.18618936836719513,0.8737574815750122,0.3844306468963623
YPR081C,YGR014W,0,0.26084003,0.1861499398946762,0.8737574815750122,0.3845307230949402
YDR038C,YKL042W,0,0.26025683,0.18611052632331848,0.8737574815750122,0.3846307694911957
YBL057C,YJL121C,0,0.26024616,0.18607112765312195,0.8737574815750122,0.38473084568977356
YHR147C,YCR092C,0,0.26009008,0.1860317438840866,0.8737574815750122,0.38483089208602905
YDL115C,YGL157W,0,0.25983644,0.18599238991737366,0.8737574815750122,0.38493096828460693
YLR096W,YCR075C,0,0.2593823,0.1859530359506607,0.8737574815750122,0.3850310146808624
YJL052W,YOL019W,0,0.25933385,0.18591371178627014,0.8737574815750122,0.3851310908794403
YER133W,YGR027W-B,0,0.25926286,0.18587438762187958,0.8737574815750122,0.3852311372756958
YHR186C,YBL090W,0,0.25869393,0.1858350932598114,0.8737574815750122,0.3853312134742737
YLR266C,YGR106C,0,0.25712895,0.18579581379890442,0.8737574815750122,0.3854312598705292
YGR162W,YPR054W,0,0.2570688,0.18575654923915863,0.8737574815750122,0.38553130626678467
YEL038W,YNL135C,0,0.25683424,0.18571729958057404,0.8737574815750122,0.38563138246536255
YBR267W,YNL151C,0,0.256661,0.18567807972431183,0.8737574815750122,0.38573142886161804
YNL291C,YBL017C,0,0.25647634,0.18563885986804962,0.8737574815750122,0.3858315050601959
YOR124C,YDR288W,0,0.25596255,0.1855996549129486,0.8737574815750122,0.3859315514564514
YIL115C,YMR204C,0,0.25592512,0.18556047976016998,0.8737574815750122,0.3860316276550293
YOR175C,YJR015W,0,0.2553035,0.18552131950855255,0.8737574815750122,0.3861316740512848
YOL156W,YBR122C,0,0.25507513,0.1854821741580963,0.8737574815750122,0.38623175024986267
YCR039C,YDL180W,0,0.25400198,0.18544304370880127,0.8737574815750122,0.38633179664611816
YKL218C,YOR066W,0,0.2535267,0.18540392816066742,0.8737574815750122,0.38643187284469604
YPL148C,YHR023W,0,0.25288135,0.18536482751369476,0.8737574815750122,0.38653191924095154
YNL154C,YDR093W,1,0.2525397,0.18553657829761505,0.8747515082359314,0.38653191924095154
YLR427W,YKL143W,0,0.25206774,0.1854974776506424,0.8747515082359314,0.38663196563720703
YOR278W,YDR012W,0,0.25121236,0.18545837700366974,0.8747515082359314,0.3867320418357849
YOR269W,YIL136W,0,0.25082615,0.18541930615901947,0.8747515082359314,0.3868320882320404
YPL154C,YPL092W,0,0.25041515,0.1853802353143692,0.8747515082359314,0.3869321644306183
YDL006W,YDR298C,0,0.25032917,0.18534119427204132,0.8747515082359314,0.3870322108268738
YDR356W,YNL115C,0,0.24987629,0.18530216813087463,0.8747515082359314,0.38713228702545166
YJL072C,YJL062W,0,0.24966279,0.18526315689086914,0.8747515082359314,0.38723233342170715
YDL033C,YHR160C,0,0.24957311,0.18522416055202484,0.8747515082359314,0.38733240962028503
YKR014C,YFL039C,1,0.24899767,0.18539562821388245,0.8757455348968506,0.38733240962028503
YCR037C,YPR081C,0,0.24875277,0.18535661697387695,0.8757455348968506,0.3874324560165405
YKL088W,YGL123W,0,0.24845523,0.18531762063503265,0.8757455348968506,0.3875325322151184
YOR034C,YAR042W,1,0.24826577,0.18548895418643951,0.8767395615577698,0.3875325322151184
YHL008C,YGL251C,0,0.2475596,0.18544995784759521,0.8767395615577698,0.3876325786113739
YNL054W-B,YDR447C,0,0.2475383,0.1854109764099121,0.8767395615577698,0.3877326250076294
YGR292W,YGL229C,0,0.24690709,0.1853720098733902,0.8767395615577698,0.3878327012062073
YCR072C,YDR036C,0,0.24686167,0.18533305823802948,0.8767395615577698,0.38793274760246277
YER087C-A,YLR010C,0,0.24685958,0.18529412150382996,0.8767395615577698,0.38803282380104065
YBR176W,YGL229C,0,0.24618003,0.18525519967079163,0.8767395615577698,0.38813287019729614
YER056C-A,YMR311C,0,0.24532935,0.1852162927389145,0.8767395615577698,0.388232946395874
YNL331C,YDR055W,0,0.24522169,0.18517741560935974,0.8767395615577698,0.3883329927921295
YIL150C,YER096W,0,0.24516717,0.185138538479805,0.8767395615577698,0.3884330689907074
YPR156C,YNL268W,0,0.24490832,0.18509969115257263,0.8767395615577698,0.3885331153869629
YML104C,YPR016C,0,0.24481314,0.18506084382534027,0.8767395615577698,0.38863319158554077
YDL101C,YNR050C,0,0.24432282,0.1850220263004303,0.8767395615577698,0.38873323798179626
YNL206C,YDR231C,0,0.24417755,0.18498322367668152,0.8767395615577698,0.38883331418037415
YNL049C,YBR205W,0,0.2436986,0.18494443595409393,0.8767395615577698,0.38893336057662964
YNL322C,YKL183W,0,0.24321169,0.18490566313266754,0.8767395615577698,0.38903340697288513
YDR466W,YGL040C,0,0.24251631,0.18486690521240234,0.8767395615577698,0.389133483171463
YHR039C-B,YFR006W,0,0.2425105,0.18482816219329834,0.8767395615577698,0.3892335295677185
YBR087W,YDR334W,0,0.24213481,0.18478943407535553,0.8767395615577698,0.3893336057662964
YOR037W,YOL103W,0,0.2407981,0.1847507357597351,0.8767395615577698,0.3894336521625519
YMR224C,YJR045C,0,0.23960514,0.18471203744411469,0.8767395615577698,0.38953372836112976
YNL291C,YOR246C,0,0.23917007,0.18467336893081665,0.8767395615577698,0.38963377475738525
YOL064C,YBR207W,0,0.23892072,0.1846347153186798,0.8767395615577698,0.38973385095596313
YLL013C,YDR487C,0,0.23884347,0.18459606170654297,0.8767395615577698,0.38983389735221863
YDL210W,YDR533C,0,0.23877488,0.18455743789672852,0.8767395615577698,0.3899339735507965
YDR038C,YOR306C,0,0.23767723,0.18451882898807526,0.8767395615577698,0.390034019947052
YOL105C,YKL109W,0,0.23709324,0.1844802349805832,0.8767395615577698,0.3901340663433075
YLR337W,YAR042W,1,0.23704445,0.18465077877044678,0.877733588218689,0.3901340663433075
YJL044C,YGR123C,0,0.23666543,0.18461216986179352,0.877733588218689,0.3902341425418854
YJL143W,YPL220W,0,0.23646289,0.18457357585430145,0.877733588218689,0.39033418893814087
YLR396C,YDR166C,0,0.23596668,0.18453501164913177,0.877733588218689,0.39043426513671875
YFL004W,YDL146W,0,0.2356549,0.1844964474439621,0.877733588218689,0.39053431153297424
YMR264W,YBR164C,0,0.23556775,0.1844579130411148,0.877733588218689,0.3906343877315521
YDR236C,YGL090W,0,0.23526384,0.18441937863826752,0.877733588218689,0.3907344341278076
YMR298W,YOL002C,0,0.23440221,0.18438087403774261,0.877733588218689,0.3908345103263855
YLR035C-A,YMR152W,0,0.23432504,0.1843423843383789,0.877733588218689,0.390934556722641
YCL069W,YGR279C,0,0.23398086,0.1843039095401764,0.877733588218689,0.39103463292121887
YOL103W,YKL056C,0,0.23354901,0.18426544964313507,0.877733588218689,0.39113467931747437
YDR071C,YDL008W,0,0.23331715,0.18422700464725494,0.877733588218689,0.39123475551605225
YHL044W,YMR201C,0,0.23331553,0.184188574552536,0.877733588218689,0.39133480191230774
YJL157C,YGR154C,0,0.2319597,0.18415015935897827,0.877733588218689,0.39143484830856323
YJR110W,YEL017C-A,0,0.23148009,0.18411175906658173,0.877733588218689,0.3915349245071411
YKL178C,YIL072W,0,0.23143607,0.18407337367534637,0.877733588218689,0.3916349709033966
YBL061C,YBL082C,0,0.23096384,0.1840350180864334,0.877733588218689,0.3917350471019745
YPL148C,YBR273C,0,0.23069736,0.18399666249752045,0.877733588218689,0.39183509349823
YOR373W,YNL096C,0,0.23061779,0.18395833671092987,0.877733588218689,0.39193516969680786
YGR026W,YDL085W,0,0.23046607,0.1839200109243393,0.877733588218689,0.39203521609306335
YFR032C-A,YJL046W,0,0.22999096,0.1838817149400711,0.877733588218689,0.39213529229164124
YOR347C,YBR251W,0,0.22937381,0.1838434338569641,0.877733588218689,0.39223533868789673
YJL198W,YCL069W,0,0.22936094,0.1838051676750183,0.877733588218689,0.3923354148864746
YOR182C,YIL009C-A,0,0.22933991,0.1837669163942337,0.877733588218689,0.3924354612827301
YDR224C,YHR184W,0,0.2291924,0.1837286651134491,0.877733588218689,0.3925355076789856
YLR459W,YCR054C,0,0.22893682,0.18369045853614807,0.877733588218689,0.3926355838775635
YDR248C,YAL012W,0,0.22869901,0.18365225195884705,0.877733588218689,0.39273563027381897
YLL038C,YBL101C,1,0.2282927,0.18382200598716736,0.8787276148796082,0.39273563027381897
YLR035C-A,YGR188C,0,0.22747044,0.18378378450870514,0.8787276148796082,0.39283570647239685
YNL210W,YFL036W,0,0.22688857,0.1837455779314041,0.8787276148796082,0.39293575286865234
YGL147C,YOR039W,0,0.22649567,0.18370740115642548,0.8787276148796082,0.3930358290672302
YMR235C,YDR486C,0,0.22584899,0.18366922438144684,0.8787276148796082,0.3931358754634857
YPL017C,YEL016C,0,0.22480464,0.1836310774087906,0.8787276148796082,0.3932359516620636
YMR127C,YOL117W,0,0.22430108,0.18359294533729553,0.8787276148796082,0.3933359980583191
YJL143W,YPL195W,0,0.22337389,0.18355481326580048,0.8787276148796082,0.393436074256897
YPR156C,YDR247W,0,0.2228787,0.1835167109966278,0.8787276148796082,0.39353612065315247
YDR533C,YIL078W,0,0.22279279,0.18347862362861633,0.8787276148796082,0.39363616704940796
YLR040C,YLR430W,0,0.22275692,0.18344055116176605,0.8787276148796082,0.39373624324798584
YDL108W,YNL310C,0,0.22267485,0.18340249359607697,0.8787276148796082,0.39383628964424133
YIL112W,YAL062W,0,0.22231969,0.18336445093154907,0.8787276148796082,0.3939363658428192
YER036C,YGR184C,0,0.2219431,0.18332642316818237,0.8787276148796082,0.3940364122390747
YLR364W,YOR322C,0,0.2218199,0.18328841030597687,0.8787276148796082,0.3941364884376526
YJL165C,YMR016C,0,0.22171992,0.18325041234493256,0.8787276148796082,0.3942365348339081
YLR427W,YDL146W,0,0.22158988,0.18321242928504944,0.8787276148796082,0.39433661103248596
YDR022C,YPL060W,0,0.22138521,0.1831744760274887,0.8787276148796082,0.39443665742874146
YBR159W,YGL168W,0,0.22061564,0.18313652276992798,0.8787276148796082,0.39453673362731934
YDR466W,YJR059W,0,0.22056577,0.18309858441352844,0.8787276148796082,0.39463678002357483
YMR264W,YMR004W,0,0.21985498,0.1830606758594513,0.8787276148796082,0.3947368562221527
YDL114W,YOR269W,0,0.21964796,0.18302276730537415,0.8787276148796082,0.3948369026184082
YJR158W,YJR134C,0,0.21939926,0.18298488855361938,0.8787276148796082,0.3949369490146637
YER120W,YEL058W,0,0.21915431,0.18294702470302582,0.8787276148796082,0.3950370252132416
YOR124C,YOL156W,0,0.21765205,0.18290916085243225,0.8787276148796082,0.39513707160949707
YER087C-A,YMR122W-A,0,0.21730202,0.18287132680416107,0.8787276148796082,0.39523714780807495
YBR033W,YER140W,0,0.21677552,0.1828335076570511,0.8787276148796082,0.39533719420433044
YHR147C,YER044C,0,0.21629784,0.1827957034111023,0.8787276148796082,0.3954372704029083
YHR089C,YJR094W-A,0,0.2160099,0.1827579140663147,0.8787276148796082,0.3955373167991638
YPL177C,YPL038W,0,0.21599929,0.1827201396226883,0.8787276148796082,0.3956373929977417
YDR466W,YJL073W,0,0.21522442,0.1826823651790619,0.8787276148796082,0.3957374393939972
YPL059W,YOR386W,0,0.21403359,0.18264463543891907,0.8787276148796082,0.3958375155925751
YNL146W,YOR069W,0,0.21364816,0.18260690569877625,0.8787276148796082,0.39593756198883057
YMR290C,YDR134C,0,0.21286756,0.18256919085979462,0.8787276148796082,0.39603760838508606
YEL054C,YDL195W,0,0.21285516,0.18253149092197418,0.8787276148796082,0.39613768458366394
YDR368W,YHR186C,0,0.21281907,0.18249380588531494,0.8787276148796082,0.39623773097991943
YBR205W,YDL080C,0,0.21275976,0.1824561357498169,0.8787276148796082,0.3963378071784973
YJR015W,YFR041C,0,0.21214056,0.18241849541664124,0.8787276148796082,0.3964378535747528
YHR167W,YPR021C,0,0.21181935,0.18238085508346558,0.8787276148796082,0.3965379297733307
YEL059C-A,YPL202C,0,0.21145682,0.1823432296514511,0.8787276148796082,0.3966379761695862
YLR448W,YIL136W,0,0.21084273,0.18230563402175903,0.8787276148796082,0.39673805236816406
YLR186W,YLR010C,0,0.21051589,0.18226803839206696,0.8787276148796082,0.39683809876441956
YGR101W,YGL106W,0,0.21035957,0.18223047256469727,0.8787276148796082,0.39693817496299744
YBR055C,YHL016C,0,0.21009916,0.18219290673732758,0.8787276148796082,0.39703822135925293
YDR481C,YBR273C,0,0.20919937,0.18215537071228027,0.8787276148796082,0.3971382975578308
YNL185C,YIL136W,0,0.2089541,0.18211783468723297,0.8787276148796082,0.3972383439540863
YGR101W,YHR011W,0,0.20877743,0.18208032846450806,0.8787276148796082,0.3973383903503418
YMR235C,YJL041W,0,0.20868143,0.18204283714294434,0.8787276148796082,0.3974384665489197
YER056C-A,YGL039W,0,0.20867002,0.18200534582138062,0.8787276148796082,0.39753851294517517
YDL143W,YKL158W,0,0.20777403,0.18196788430213928,0.8787276148796082,0.39763858914375305
YDL129W,YER148W,0,0.20776656,0.18193043768405914,0.8787276148796082,0.39773863554000854
YML113W,YLL035W,0,0.20753935,0.1818930059671402,0.8787276148796082,0.3978387117385864
YOR192C-B,YOL109W,0,0.20691341,0.18185558915138245,0.8787276148796082,0.3979387581348419
YPL194W,YGR279C,0,0.20684364,0.1818181872367859,0.8787276148796082,0.3980388343334198
YNL291C,YBR050C,0,0.20675948,0.18178080022335052,0.8787276148796082,0.3981388807296753
YLR266C,YJL080C,0,0.2066586,0.18174342811107635,0.8787276148796082,0.3982389569282532
YMR022W,YPL202C,0,0.2061563,0.18170607089996338,0.8787276148796082,0.39833900332450867
YNL330C,YDR487C,0,0.20598727,0.1816687285900116,0.8787276148796082,0.39843904972076416
YMR198W,YGR234W,0,0.2054487,0.181631401181221,0.8787276148796082,0.39853912591934204
YCL075W,YDL180W,0,0.20536092,0.1815940886735916,0.8787276148796082,0.39863917231559753
YDR170W-A,YOR070C,0,0.20516947,0.1815567910671234,0.8787276148796082,0.3987392485141754
YMR152W,YDR507C,0,0.20465913,0.1815195083618164,0.8787276148796082,0.3988392949104309
YHR116W,YOL007C,0,0.20438321,0.1814822405576706,0.8787276148796082,0.3989393711090088
YNL046W,YJL008C,0,0.20420021,0.18144498765468597,0.8787276148796082,0.3990394175052643
YGL089C,YIL138C,0,0.20398973,0.18140774965286255,0.8787276148796082,0.39913949370384216
YLR121C,YCR054C,0,0.20363614,0.1813705414533615,0.8787276148796082,0.39923954010009766
YIL172C,YEL054C,0,0.20335093,0.18133333325386047,0.8787276148796082,0.39933961629867554
YGR162W,YOR337W,0,0.20277765,0.18129613995552063,0.8787276148796082,0.39943966269493103
YJL165C,YMR247C,0,0.20253892,0.18125897645950317,0.8787276148796082,0.3995397090911865
YDR177W,YNL243W,1,0.20226179,0.18142680823802948,0.8797216415405273,0.3995397090911865
YGL128C,YPL048W,0,0.20222607,0.18138962984085083,0.8797216415405273,0.3996397852897644
YKL010C,YIL126W,0,0.20142575,0.18135246634483337,0.8797216415405273,0.3997398316860199
YOL067C,YOR131C,0,0.20016895,0.18131530284881592,0.8797216415405273,0.3998399078845978
YHL044W,YML094W,0,0.20007946,0.18127816915512085,0.8797216415405273,0.39993995428085327
YEL021W,YPL159C,0,0.19999847,0.18124103546142578,0.8797216415405273,0.40004003047943115
YML054C,YAL058W,0,0.19982919,0.1812039315700531,0.8797216415405273,0.40014007687568665
YDR248C,YDL006W,0,0.19884753,0.1811668425798416,0.8797216415405273,0.4002401530742645
YBR207W,YMR150C,0,0.1987841,0.18112975358963013,0.8797216415405273,0.40034019947052
YNL280C,YNR070W,0,0.19803432,0.18109269440174103,0.8797216415405273,0.4004402756690979
YPR156C,YOR389W,0,0.1975128,0.18105565011501312,0.8797216415405273,0.4005403220653534
YLL013C,YBR033W,0,0.19747576,0.18101860582828522,0.8797216415405273,0.4006403982639313
YNL039W,YHL036W,0,0.1973916,0.1809815913438797,0.8797216415405273,0.40074044466018677
YJR110W,YBL061C,0,0.19720973,0.18094459176063538,0.8797216415405273,0.40084049105644226
YOR348C,YMR217W,0,0.19695273,0.18090760707855225,0.8797216415405273,0.40094056725502014
YDL200C,YMR204C,0,0.19693622,0.1808706372976303,0.8797216415405273,0.40104061365127563
YDR059C,YDL231C,1,0.19690691,0.1810380071401596,0.8807157278060913,0.40104061365127563
YNL054W-B,YER173W,0,0.19647068,0.18100102245807648,0.8807157278060913,0.4011406898498535
YBR166C,YBR185C,0,0.19636707,0.18096405267715454,0.8807157278060913,0.401240736246109
YDL138W,YOR061W,0,0.19626758,0.1809270977973938,0.8807157278060913,0.4013408124446869
YDR456W,YIL113W,0,0.19602671,0.18089015781879425,0.8807157278060913,0.4014408588409424
YCL027W,YIL112W,0,0.19538052,0.1808532327413559,0.8807157278060913,0.40154093503952026
YML037C,YJR135W-A,0,0.19512448,0.18081632256507874,0.8807157278060913,0.40164098143577576
YBR041W,YLR038C,0,0.19498757,0.18077942728996277,0.8807157278060913,0.40174105763435364
YPL074W,YOL157C,0,0.19471721,0.180742546916008,0.8807157278060913,0.40184110403060913
YDR046C,YGR154C,0,0.19456765,0.1807056963443756,0.8807157278060913,0.4019411504268646
YJL046W,YEL061C,0,0.19392365,0.18066884577274323,0.8807157278060913,0.4020412266254425
YDL231C,YER061C,0,0.1938568,0.18063201010227203,0.8807157278060913,0.402141273021698
YER159C-A,YDR086C,0,0.19362879,0.18059518933296204,0.8807157278060913,0.4022413492202759
YBR240C,YLR015W,0,0.19358435,0.18055838346481323,0.8807157278060913,0.40234139561653137
YNL227C,YLR403W,0,0.19335572,0.18052159249782562,0.8807157278060913,0.40244147181510925
YNR061C,YGR135W,0,0.19289418,0.1804848164319992,0.8807157278060913,0.40254151821136475
YAL020C,YER174C,0,0.19280973,0.18044807016849518,0.8807157278060913,0.4026415944099426
YKR058W,YJL097W,0,0.19230005,0.18041132390499115,0.8807157278060913,0.4027416408061981
YJL046W,YLR126C,0,0.19220917,0.18037459254264832,0.8807157278060913,0.402841717004776
YBL020W,YOR346W,0,0.19210505,0.18033787608146667,0.8807157278060913,0.4029417634010315
YFR032C-A,YHR044C,0,0.19135344,0.18030117452144623,0.8807157278060913,0.4030418395996094
YNL291C,YGL089C,0,0.19062775,0.18026450276374817,0.8807157278060913,0.40314188599586487
YLR035C-A,YMR217W,0,0.19061013,0.1802278310060501,0.8807157278060913,0.40324193239212036
YHR153C,YOL157C,0,0.19042471,0.18019117414951324,0.8807157278060913,0.40334200859069824
YDR402C,YDR044W,0,0.19022268,0.18015453219413757,0.8807157278060913,0.40344205498695374
YIL074C,YPR178W,0,0.19018348,0.1801179051399231,0.8807157278060913,0.4035421311855316
YNR043W,YPL068C,0,0.18997312,0.180081307888031,0.8807157278060913,0.4036421775817871
YGR009C,YMR201C,0,0.18993679,0.18004471063613892,0.8807157278060913,0.403742253780365
YOR046C,YLR403W,0,0.1893282,0.18000812828540802,0.8807157278060913,0.4038423001766205
YEL064C,YPR186C,0,0.18916714,0.17997156083583832,0.8807157278060913,0.40394237637519836
YJR098C,YCR039C,0,0.18895489,0.1799350082874298,0.8807157278060913,0.40404242277145386
YHR086W,YDL146W,0,0.18875055,0.1798984706401825,0.8807157278060913,0.40414249897003174
YMR139W,YJR010C-A,0,0.18826479,0.17986196279525757,0.8807157278060913,0.40424254536628723
YLR126C,YOL120C,0,0.18806718,0.17982545495033264,0.8807157278060913,0.4043425917625427
YOR288C,YBL055C,0,0.18761107,0.1797889620065689,0.8807157278060913,0.4044426679611206
YIL145C,YPL111W,0,0.1875709,0.17975248396396637,0.8807157278060913,0.4045427143573761
YMR094W,YCR094W,0,0.186283,0.17971602082252502,0.8807157278060913,0.404642790555954
YJR110W,YOL003C,0,0.18535376,0.17967957258224487,0.8807157278060913,0.4047428369522095
YOR384W,YNL207W,0,0.18483615,0.1796431541442871,0.8807157278060913,0.40484291315078735
YDR297W,YBL069W,0,0.18441269,0.17960673570632935,0.8807157278060913,0.40494295954704285
YDR247W,YJL056C,0,0.18439156,0.17957033216953278,0.8807157278060913,0.4050430357456207
YGL206C,YCR010C,0,0.18375418,0.1795339435338974,0.8807157278060913,0.4051430821418762
YLL062C,YPL220W,0,0.18374282,0.17949756979942322,0.8807157278060913,0.4052431583404541
YML034W,YMR188C,0,0.18349278,0.17946121096611023,0.8807157278060913,0.4053432047367096
YOR131C,YJR059W,0,0.18312532,0.17942486703395844,0.8807157278060913,0.4054432511329651
YPL281C,YFL044C,0,0.18309343,0.17938853800296783,0.8807157278060913,0.40554332733154297
YDR158W,YGR162W,0,0.1828926,0.17935222387313843,0.8807157278060913,0.40564337372779846
YDR059C,YPL004C,1,0.18274073,0.17951831221580505,0.8817097544670105,0.40564337372779846
YFL029C,YGR063C,0,0.18258458,0.17948199808597565,0.8817097544670105,0.40574344992637634
YML074C,YLL050C,0,0.18186195,0.17944568395614624,0.8817097544670105,0.40584349632263184
YDR134C,YNR020C,0,0.18166555,0.17940938472747803,0.8817097544670105,0.4059435725212097
YLR286C,YOR092W,0,0.1807821,0.179373100399971,0.8817097544670105,0.4060436189174652
YOR174W,YPL085W,0,0.18028899,0.17933683097362518,0.8817097544670105,0.4061436951160431
YLR356W,YMR017W,0,0.17926857,0.17930059134960175,0.8817097544670105,0.4062437415122986
YBR286W,YGL147C,0,0.17924535,0.1792643517255783,0.8817097544670105,0.40634381771087646
YDR065W,YKL109W,0,0.17914705,0.17922812700271606,0.8817097544670105,0.40644386410713196
YDR511W,YGR086C,0,0.17853105,0.17919191718101501,0.8817097544670105,0.40654394030570984
YHR207C,YNR045W,0,0.17851803,0.17915572226047516,0.8817097544670105,0.40664398670196533
YMR264W,YDR402C,0,0.1780049,0.1791195422410965,0.8817097544670105,0.4067440330982208
YAR019C,YIL026C,0,0.17771882,0.17908337712287903,0.8817097544670105,0.4068441092967987
YOL157C,YOL123W,0,0.17761996,0.17904724180698395,0.8817097544670105,0.4069441556930542
YDR126W,YPL017C,0,0.17732269,0.17901110649108887,0.8817097544670105,0.4070442318916321
YJR094W-A,YAL013W,0,0.17665754,0.17897498607635498,0.8817097544670105,0.4071442782878876
YNL330C,YIL101C,0,0.17652626,0.1789388805627823,0.8817097544670105,0.40724435448646545
YIR014W,YLR441C,0,0.17636502,0.1789027899503708,0.8817097544670105,0.40734440088272095
YHL019C,YER048W-A,0,0.1763157,0.17886671423912048,0.8817097544670105,0.40744447708129883
YLR100W,YLR441C,0,0.17618647,0.17883063852787018,0.8817097544670105,0.4075445234775543
YEL054C,YJR098C,0,0.17605779,0.17879459261894226,0.8817097544670105,0.4076445996761322
YBR267W,YGR054W,0,0.1758692,0.17875856161117554,0.8817097544670105,0.4077446460723877
YDL080C,YBR297W,0,0.17579238,0.17872254550457,0.8817097544670105,0.4078446924686432
YKR050W,YAL062W,0,0.17576136,0.17868654429912567,0.8817097544670105,0.40794476866722107
YDL080C,YDL180W,0,0.17552671,0.17865055799484253,0.8817097544670105,0.40804481506347656
YLR373C,YJR076C,0,0.17546046,0.1786145716905594,0.8817097544670105,0.40814489126205444
YDR315C,YNL162W,0,0.1754519,0.17857861518859863,0.8817097544670105,0.40824493765830994
YJL219W,YML012W,0,0.17544135,0.17854267358779907,0.8817097544670105,0.4083450138568878
YIL072W,YPR016C,0,0.17521445,0.1785067468881607,0.8817097544670105,0.4084450602531433
YGR263C,YML087C,0,0.17483306,0.17847082018852234,0.8817097544670105,0.4085451364517212
YJL019W,YKR030W,0,0.17475283,0.17843492329120636,0.8817097544670105,0.4086451828479767
YJL041W,YGL141W,0,0.17463315,0.17839904129505157,0.8817097544670105,0.40874525904655457
YIL078W,YER051W,0,0.17454801,0.1783631592988968,0.8817097544670105,0.40884530544281006
YHR021C,YER099C,0,0.17440644,0.1783273071050644,0.8817097544670105,0.40894538164138794
YAL013W,YMR223W,0,0.17376857,0.178291454911232,0.8817097544670105,0.40904542803764343
YLR192C,YDL185W,0,0.1737599,0.17825563251972198,0.8817097544670105,0.4091454744338989
YJR158W,YIR009W,0,0.17371896,0.17821981012821198,0.8817097544670105,0.4092455506324768
YIL172C,YJR155W,0,0.17360237,0.17818400263786316,0.8817097544670105,0.4093455970287323
YBR092C,YGL106W,0,0.17332937,0.17814822494983673,0.8817097544670105,0.4094456732273102
YGL128C,YDR536W,0,0.1727076,0.1781124472618103,0.8817097544670105,0.4095457196235657
YPL148C,YNL096C,0,0.17264399,0.17807668447494507,0.8817097544670105,0.40964579582214355
YMR051C,YAR044W,0,0.17233539,0.17804095149040222,0.8817097544670105,0.40974584221839905
YBL024W,YOL065C,0,0.17229751,0.17800521850585938,0.8817097544670105,0.40984591841697693
YDR219C,YIL113W,0,0.17165796,0.17796950042247772,0.8817097544670105,0.4099459648132324
YNL191W,YDR362C,0,0.17157143,0.17793379724025726,0.8817097544670105,0.4100460410118103
YPL177C,YHL032C,0,0.17147559,0.177898108959198,0.8817097544670105,0.4101460874080658
YNL129W,YDL008W,0,0.17135036,0.17786243557929993,0.8817097544670105,0.4102461338043213
YLR439W,YJL190C,0,0.1701056,0.17782677710056305,0.8817097544670105,0.41034621000289917
YDR056C,YAL062W,0,0.16981308,0.17779113352298737,0.8817097544670105,0.41044625639915466
YDL205C,YNL012W,0,0.16961725,0.17775550484657288,0.8817097544670105,0.41054633259773254
YOR237W,YHR161C,1,0.1688642,0.17792025208473206,0.8827037811279297,0.41054633259773254
YAL020C,YGR054W,0,0.16856438,0.17788460850715637,0.8827037811279297,0.41064637899398804
YOL127W,YPL220W,0,0.16813873,0.17784899473190308,0.8827037811279297,0.4107464551925659
YKL135C,YFR005C,0,0.16775727,0.17781338095664978,0.8827037811279297,0.4108465015888214
YAL023C,YOR211C,0,0.1674818,0.17777778208255768,0.8827037811279297,0.4109465777873993
YML037C,YDR169C,0,0.16743068,0.17774219810962677,0.8827037811279297,0.4110466241836548
YMR088C,YGR054W,0,0.16740873,0.17770662903785706,0.8827037811279297,0.41114670038223267
YML054C,YDR261W-B,0,0.16699597,0.17767107486724854,0.8827037811279297,0.41124674677848816
YDR356W,YBR009C,0,0.1669124,0.17763552069664001,0.8827037811279297,0.41134682297706604
YLR283W,YLR099C,0,0.16641036,0.17759999632835388,0.8827037811279297,0.41144686937332153
YCR077C,YPR070W,0,0.1661922,0.17756448686122894,0.8827037811279297,0.411546915769577
YDL190C,YDR261W-B,0,0.16582012,0.1775289922952652,0.8827037811279297,0.4116469919681549
YLL038C,YER184C,0,0.16573203,0.17749349772930145,0.8827037811279297,0.4117470383644104
YPL019C,YGR220C,0,0.16570768,0.1774580329656601,0.8827037811279297,0.4118471145629883
YFR041C,YJL170C,0,0.16560203,0.17742258310317993,0.8827037811279297,0.4119471609592438
YJL048C,YGL253W,0,0.16459516,0.17738713324069977,0.8827037811279297,0.41204723715782166
YDR283C,YJL056C,0,0.1638948,0.177351713180542,0.8827037811279297,0.41214728355407715
YGL173C,YGR124W,0,0.16389382,0.17731629312038422,0.8827037811279297,0.41224735975265503
YDL200C,YIL171W,0,0.16360745,0.17728088796138763,0.8827037811279297,0.4123474061489105
YOL018C,YML009C,0,0.16293007,0.17724551260471344,0.8827037811279297,0.4124474823474884
YJR045C,YDR166C,0,0.16287321,0.17721013724803925,0.8827037811279297,0.4125475287437439
YOR155C,YOR381W,0,0.16214354,0.17717477679252625,0.8827037811279297,0.4126475751399994
YBR022W,YJL121C,0,0.16173123,0.17713943123817444,0.8827037811279297,0.41274765133857727
YML104C,YNR041C,0,0.16172346,0.17710411548614502,0.8827037811279297,0.41284769773483276
YNL001W,YBL055C,0,0.16170622,0.1770687997341156,0.8827037811279297,0.41294777393341064
YKL198C,YDL184C,0,0.16068202,0.17703349888324738,0.8827037811279297,0.41304782032966614
YOR269W,YOL007C,0,0.16010648,0.17699821293354034,0.8827037811279297,0.413147896528244
YAR018C,YDR069C,0,0.15981865,0.1769629269838333,0.8827037811279297,0.4132479429244995
YIL111W,YGL123W,0,0.1596555,0.17692767083644867,0.8827037811279297,0.4133480191230774
YDR177W,YNL149C,0,0.15958315,0.17689242959022522,0.8827037811279297,0.4134480655193329
YJL080C,YCL066W,0,0.15932864,0.17685720324516296,0.8827037811279297,0.41354814171791077
YJR016C,YGR220C,0,0.15872404,0.1768219769001007,0.8827037811279297,0.41364818811416626
YNL077W,YPL111W,0,0.15840814,0.17678678035736084,0.8827037811279297,0.41374823451042175
YIR002C,YBR273C,0,0.15819225,0.17675159871578217,0.8827037811279297,0.41384831070899963
YEL065W,YDR313C,0,0.15799093,0.1767164170742035,0.8827037811279297,0.4139483571052551
YDR261W-B,YGR014W,0,0.15776643,0.176681250333786,0.8827037811279297,0.414048433303833
YDR356W,YKL017C,0,0.15762869,0.17664611339569092,0.8827037811279297,0.4141484797000885
YKL173W,YBR289W,0,0.15759337,0.17661097645759583,0.8827037811279297,0.4142485558986664
YCR039C,YOR386W,0,0.15700482,0.17657585442066193,0.8827037811279297,0.4143486022949219
YJR155W,YKL042W,0,0.15614465,0.17654076218605042,0.8827037811279297,0.41444867849349976
YIL109C,YLR176C,0,0.15605925,0.1765056699514389,0.8827037811279297,0.41454872488975525
YHR207C,YLR045C,0,0.15581314,0.1764705926179886,0.8827037811279297,0.41464880108833313
YIL171W,YPL028W,0,0.15566838,0.17643553018569946,0.8827037811279297,0.4147488474845886
YGL021W,YHR028C,0,0.1552788,0.17640048265457153,0.8827037811279297,0.4148489236831665
YHR171W,YKL181W,0,0.15503186,0.1763654351234436,0.8827037811279297,0.414948970079422
YLL038C,YHR161C,1,0.15488897,0.17652899026870728,0.8836978077888489,0.414948970079422
YER088C,YOR343W-A,0,0.15458253,0.17649394273757935,0.8836978077888489,0.4150490164756775
YER068W,YHR086W,0,0.15403919,0.1764589101076126,0.8836978077888489,0.41514909267425537
YMR217W,YDR261W-B,0,0.1535371,0.17642389237880707,0.8836978077888489,0.41524913907051086
YIR017C,YDR298C,0,0.15352622,0.17638888955116272,0.8836978077888489,0.41534921526908875
YPL022W,YDR069C,0,0.15307727,0.17635390162467957,0.8836978077888489,0.41544926166534424
YHL040C,YPL157W,0,0.15260017,0.1763189136981964,0.8836978077888489,0.4155493378639221
YJL108C,YER184C,0,0.15238258,0.17628395557403564,0.8836978077888489,0.4156493842601776
YDL130W,YOL019W,0,0.15207358,0.17624901235103607,0.8836978077888489,0.4157494604587555
YLR337W,YAL026C,1,0.15189958,0.17641228437423706,0.8846918344497681,0.4157494604587555
YIL039W,YCR040W,0,0.15111375,0.1763773262500763,0.8846918344497681,0.415849506855011
YGL249W,YLR147C,0,0.15091957,0.17634238302707672,0.8846918344497681,0.41594958305358887
YKL089W,YKR059W,0,0.15006766,0.17630745470523834,0.8846918344497681,0.41604962944984436
YDR533C,YLR010C,0,0.14984742,0.17627252638339996,0.8846918344497681,0.41614967584609985
YPL281C,YER110C,0,0.14976355,0.17623762786388397,0.8846918344497681,0.41624975204467773
YIL172C,YMR012W,0,0.14939407,0.17620272934436798,0.8846918344497681,0.4163497984409332
YJR009C,YBR251W,0,0.14876874,0.17616786062717438,0.8846918344497681,0.4164498746395111
YGR263C,YLR100W,0,0.14874934,0.17613299190998077,0.8846918344497681,0.4165499210357666
YBR048W,YCR037C,0,0.1482844,0.17609813809394836,0.8846918344497681,0.4166499972343445
YER095W,YJL129C,0,0.14793555,0.17606329917907715,0.8846918344497681,0.4167500436306
YFL002W-A,YBR198C,0,0.1475402,0.17602847516536713,0.8846918344497681,0.41685011982917786
YLR304C,YKR050W,0,0.14730716,0.1759936660528183,0.8846918344497681,0.41695016622543335
YFL029C,YDL138W,0,0.14642781,0.17595887184143066,0.8846918344497681,0.41705024242401123
YHR140W,YJL121C,0,0.1451371,0.17592409253120422,0.8846918344497681,0.4171502888202667
YPR036W,YMR150C,0,0.14419183,0.17588932812213898,0.8846918344497681,0.4172503650188446
YPR137C-B,YOL117W,0,0.14383903,0.17585457861423492,0.8846918344497681,0.4173504114151001
YNL091W,YDR400W,0,0.14381285,0.17581982910633087,0.8846918344497681,0.4174504578113556
YIL027C,YML070W,0,0.14369594,0.1757851094007492,0.8846918344497681,0.41755053400993347
YEL013W,YLR109W,0,0.1429914,0.17575038969516754,0.8846918344497681,0.41765058040618896
YGL009C,YNL115C,0,0.14235839,0.17571569979190826,0.8846918344497681,0.41775065660476685
YOR384W,YKL179C,0,0.14210464,0.175681009888649,0.8846918344497681,0.41785070300102234
YER070W,YDL095W,0,0.14083351,0.1756463348865509,0.8846918344497681,0.4179507791996002
YFL041W,YGL251C,0,0.14040807,0.175611674785614,0.8846918344497681,0.4180508255958557
YDR533C,YOR240W,0,0.13957988,0.17557702958583832,0.8846918344497681,0.4181509017944336
YLR204W,YCR077C,0,0.1385563,0.17554239928722382,0.8846918344497681,0.4182509481906891
YDL108W,YMR184W,0,0.13817427,0.1755077838897705,0.8846918344497681,0.41835102438926697
YLR450W,YOR343W-A,0,0.13676839,0.1754731833934784,0.8846918344497681,0.41845107078552246
YGL249W,YER180C,0,0.13650319,0.17543859779834747,0.8846918344497681,0.41855111718177795
YDR253C,YDL080C,0,0.13603716,0.17540402710437775,0.8846918344497681,0.41865119338035583
YPL106C,YOR346W,0,0.13594618,0.17536945641040802,0.8846918344497681,0.41875123977661133
YPL091W,YNL213C,0,0.1346879,0.17533491551876068,0.8846918344497681,0.4188513159751892
YPR192W,YIR015W,0,0.13454396,0.17530037462711334,0.8846918344497681,0.4189513623714447
YCR077C,YOR217W,0,0.13426706,0.1752658486366272,0.8846918344497681,0.4190514385700226
YDL114W,YDR003W,0,0.13404247,0.17523133754730225,0.8846918344497681,0.4191514849662781
YBR041W,YOR174W,0,0.134009,0.17519685626029968,0.8846918344497681,0.41925156116485596
YDR228C,YDR169C,0,0.13385513,0.17516237497329712,0.8846918344497681,0.41935160756111145
YLR154C,YER184C,0,0.13378367,0.17512790858745575,0.8846918344497681,0.41945168375968933
YER120W,YGR008C,0,0.13377011,0.17509344220161438,0.8846918344497681,0.4195517301559448
YHR027C,YKL135C,0,0.13332316,0.1750590056180954,0.8846918344497681,0.4196517765522003
YJL052W,YKR104W,0,0.13307643,0.1750245839357376,0.8846918344497681,0.4197518527507782
YBR022W,YLL062C,0,0.13293001,0.17499016225337982,0.8846918344497681,0.4198518991470337
YNL242W,YOR036W,0,0.13217965,0.17495577037334442,0.8846918344497681,0.4199519753456116
YNR020C,YCL066W,0,0.13130197,0.17492137849330902,0.8846918344497681,0.42005202174186707
YPL060W,YGR156W,0,0.13061422,0.174887016415596,0.8846918344497681,0.42015209794044495
YML106W,YJL025W,0,0.13023399,0.174852654337883,0.8846918344497681,0.42025214433670044
YLR008C,YOR076C,0,0.12987559,0.17481830716133118,0.8846918344497681,0.4203522205352783
YNR001C,YDR402C,0,0.12987262,0.17478397488594055,0.8846918344497681,0.4204522669315338
YFL044C,YDR055W,0,0.12971196,0.17474965751171112,0.8846918344497681,0.4205523431301117
YJL019W,YGR037C,0,0.12900662,0.17471535503864288,0.8846918344497681,0.4206523895263672
YBR289W,YPL258C,0,0.12837541,0.17468105256557465,0.8846918344497681,0.42075246572494507
YOR369C,YCL057C-A,0,0.12817612,0.1746467798948288,0.8846918344497681,0.42085251212120056
YJL158C,YLR139C,0,0.127904,0.17461252212524414,0.8846918344497681,0.42095255851745605
YIL160C,YIL113W,0,0.12765062,0.17457826435565948,0.8846918344497681,0.42105263471603394
YDL108W,YNL115C,0,0.1276381,0.17454402148723602,0.8846918344497681,0.42115268111228943
YDR316W-A,YKR097W,0,0.12730128,0.17450980842113495,0.8846918344497681,0.4212527573108673
YNL291C,YHL008C,0,0.12710248,0.17447559535503387,0.8846918344497681,0.4213528037071228
YOR124C,YLR356W,0,0.12704103,0.174441397190094,0.8846918344497681,0.4214528799057007
YKL218C,YDR128W,0,0.12692933,0.1744072139263153,0.8846918344497681,0.4215529263019562
YPL060W,YPR096C,0,0.12683561,0.17437304556369781,0.8846918344497681,0.42165300250053406
YBR001C,YIL138C,0,0.12640609,0.17433887720108032,0.8846918344497681,0.42175304889678955
YOR037W,YER087C-A,0,0.12538499,0.17430473864078522,0.8846918344497681,0.42185312509536743
YHR039C-B,YJL156C,0,0.12511082,0.1742706149816513,0.8846918344497681,0.4219531714916229
YNR011C,YHR039C-B,0,0.1251029,0.1742364913225174,0.8846918344497681,0.4220532178878784
YML054C,YDR440W,0,0.1246124,0.17420238256454468,0.8846918344497681,0.4221532940864563
YPL019C,YDR334W,0,0.12429282,0.17416830360889435,0.8846918344497681,0.4222533404827118
YBR050C,YFR007W,0,0.123907566,0.17413422465324402,0.8846918344497681,0.4223534166812897
YOL157C,YPL202C,0,0.12372877,0.17410016059875488,0.8846918344497681,0.42245346307754517
YCL034W,YDR093W,1,0.12312716,0.1742616891860962,0.8856858611106873,0.42245346307754517
YML015C,YDR298C,0,0.12307508,0.17422761023044586,0.8856858611106873,0.42255353927612305
YLR214W,YCL066W,0,0.12297161,0.17419354617595673,0.8856858611106873,0.42265358567237854
YDR210W-B,YKL056C,0,0.122580916,0.17415949702262878,0.8856858611106873,0.4227536618709564
YOR257W,YOR242C,0,0.12203733,0.17412546277046204,0.8856858611106873,0.4228537082672119
YJR104C,YBR289W,0,0.12181452,0.17409144341945648,0.8856858611106873,0.4229537844657898
YOR278W,YNR011C,0,0.12136374,0.17405743896961212,0.8856858611106873,0.4230538308620453
YCL059C,YBR231C,0,0.12124549,0.17402343451976776,0.8856858611106873,0.42315390706062317
YKL198C,YCL066W,0,0.121022664,0.1739894598722458,0.8856858611106873,0.42325395345687866
YLR127C,YPL186C,0,0.12084911,0.17395548522472382,0.8856858611106873,0.42335399985313416
YNL291C,YIL150C,0,0.120722234,0.17392152547836304,0.8856858611106873,0.42345407605171204
YGL178W,YLR100W,0,0.120160714,0.17388758063316345,0.8856858611106873,0.42355412244796753
YOR070C,YLL035W,0,0.11977811,0.17385366559028625,0.8856858611106873,0.4236541986465454
YLL062C,YEL064C,0,0.11952999,0.17381973564624786,0.8856858611106873,0.4237542450428009
YBL057C,YNL135C,0,0.118865184,0.17378583550453186,0.8856858611106873,0.4238543212413788
YMR282C,YPR081C,0,0.11811338,0.17375195026397705,0.8856858611106873,0.4239543676376343
YPR041W,YPR122W,0,0.11773086,0.17371807992458344,0.8856858611106873,0.42405444383621216
YPL111W,YML115C,0,0.117656216,0.17368420958518982,0.8856858611106873,0.42415449023246765
YDR520C,YOR221C,0,0.11751968,0.1736503541469574,0.8856858611106873,0.42425456643104553
YHR016C,YDR093W,1,0.11712012,0.17381137609481812,0.8866799473762512,0.42425456643104553
YCL047C,YCR037C,0,0.11636675,0.1737775206565857,0.8866799473762512,0.424354612827301
YDR242W,YOR384W,0,0.116054565,0.17374366521835327,0.8866799473762512,0.4244546592235565
YBR041W,YNR061C,0,0.11596301,0.17370983958244324,0.8866799473762512,0.4245547354221344
YLR385C,YLR337W,0,0.11580281,0.1736760139465332,0.8866799473762512,0.4246547818183899
YPR063C,YNR070W,0,0.115612246,0.17364220321178436,0.8866799473762512,0.4247548580169678
YCR072C,YDL060W,0,0.115440816,0.17360840737819672,0.8866799473762512,0.42485490441322327
YOR182C,YKL017C,0,0.11512098,0.17357462644577026,0.8866799473762512,0.42495498061180115
YLR266C,YHR010W,0,0.114871845,0.173540860414505,0.8866799473762512,0.42505502700805664
YBL010C,YER030W,0,0.11438556,0.17350709438323975,0.8866799473762512,0.4251551032066345
YKL089W,YDR261W-B,0,0.114357725,0.17347335815429688,0.8866799473762512,0.42525514960289
YLR090W,YPR158C-D,0,0.11322674,0.173439621925354,0.8866799473762512,0.4253552258014679
YOL127W,YBR122C,0,0.11305446,0.17340591549873352,0.8866799473762512,0.4254552721977234
YNL248C,YDR054C,0,0.112664625,0.17337220907211304,0.8866799473762512,0.4255553185939789
YMR307W,YGR027W-B,0,0.112594604,0.17333851754665375,0.8866799473762512,0.42565539479255676
YDL007W,YBR084W,0,0.11215781,0.17330484092235565,0.8866799473762512,0.42575544118881226
YDR046C,YIL145C,0,0.111628644,0.17327117919921875,0.8866799473762512,0.42585551738739014
YDR356W,YLR038C,0,0.1114282,0.17323751747608185,0.8866799473762512,0.42595556378364563
YOR373W,YNL301C,0,0.11141746,0.17320388555526733,0.8866799473762512,0.4260556399822235
YHR067W,YML009C,0,0.111038096,0.17317025363445282,0.8866799473762512,0.426155686378479
YHL036W,YJL101C,0,0.110925406,0.1731366515159607,0.8866799473762512,0.4262557625770569
YCR010C,YMR204C,0,0.11080527,0.17310304939746857,0.8866799473762512,0.4263558089733124
YHR143W,YDR368W,0,0.1107212,0.17306946218013763,0.8866799473762512,0.42645588517189026
YLL050C,YDR507C,0,0.110237844,0.1730358898639679,0.8866799473762512,0.42655593156814575
YNL301C,YGR191W,0,0.10971256,0.17300233244895935,0.8866799473762512,0.42665600776672363
YOL018C,YLR079W,0,0.10954856,0.1729687750339508,0.8866799473762512,0.4267560541629791
YHR116W,YBR207W,0,0.1091139,0.17293524742126465,0.8866799473762512,0.4268561005592346
YBR022W,YDR126W,0,0.10816613,0.1729017198085785,0.8866799473762512,0.4269561767578125
YPL111W,YKL021C,0,0.10807343,0.17286822199821472,0.8866799473762512,0.427056223154068
YKR105C,YDR330W,0,0.10778217,0.17283472418785095,0.8866799473762512,0.4271562993526459
YER044C,YAL062W,0,0.107653305,0.17280124127864838,0.8866799473762512,0.42725634574890137
YMR122W-A,YCR094W,0,0.107441716,0.172767773270607,0.8866799473762512,0.42735642194747925
YHL024W,YMR289W,0,0.10738192,0.1727343201637268,0.8866799473762512,0.42745646834373474
YOR043W,YGL206C,1,0.10694259,0.17289447784423828,0.8876739740371704,0.42745646834373474
YMR247C,YOR240W,0,0.10519241,0.1728610098361969,0.8876739740371704,0.4275565445423126
YAL020C,YOR326W,0,0.10505393,0.1728275567293167,0.8876739740371704,0.4276565909385681
YNL330C,YNL293W,0,0.10477796,0.17279411852359772,0.8876739740371704,0.427756667137146
YJL219W,YIL112W,0,0.10391596,0.17276069521903992,0.8876739740371704,0.4278567135334015
YML077W,YGL185C,0,0.103853256,0.17272727191448212,0.8876739740371704,0.427956759929657
YKL218C,YOR290C,0,0.10348079,0.1726938635110855,0.8876739740371704,0.42805683612823486
YOR175C,YLR212C,0,0.102476805,0.1726604849100113,0.8876739740371704,0.42815688252449036
YOR356W,YMR204C,0,0.10240327,0.17262710630893707,0.8876739740371704,0.42825695872306824
YDR134C,YGR071C,0,0.10235082,0.17259374260902405,0.8876739740371704,0.42835700511932373
YDL110C,YDR380W,0,0.10180423,0.17256039381027222,0.8876739740371704,0.4284570813179016
YBR264C,YKL154W,0,0.10034008,0.17252704501152039,0.8876739740371704,0.4285571277141571
YNR011C,YBR058C,0,0.10032457,0.17249372601509094,0.8876739740371704,0.428657203912735
YDR520C,YPL031C,0,0.10031763,0.1724604070186615,0.8876739740371704,0.4287572503089905
YCL027W,YKR105C,0,0.10013918,0.17242710292339325,0.8876739740371704,0.42885732650756836
YKL218C,YMR223W,0,0.099998206,0.1723938286304474,0.8876739740371704,0.42895737290382385
YPR158C-D,YER096W,0,0.0998118,0.17236055433750153,0.8876739740371704,0.42905744910240173
YHL024W,YNL188W,0,0.098861426,0.17232728004455566,0.8876739740371704,0.4291574954986572
YER070W,YER184C,0,0.09800413,0.1722940355539322,0.8876739740371704,0.4292575418949127
YLL013C,YDR524C,0,0.097691104,0.1722608059644699,0.8876739740371704,0.4293576180934906
YBR297W,YHR136C,0,0.097452566,0.17222757637500763,0.8876739740371704,0.4294576644897461
YHR172W,YDR523C,0,0.09725139,0.17219437658786774,0.8876739740371704,0.429557740688324
YGR002C,YPL155C,0,0.09703031,0.17216117680072784,0.8876739740371704,0.42965778708457947
YOR066W,YGR116W,0,0.09701347,0.17212799191474915,0.8876739740371704,0.42975786328315735
YLR045C,YPL095C,0,0.09633392,0.17209482192993164,0.8876739740371704,0.42985790967941284
YLR035C-A,YLL050C,0,0.09548356,0.17206165194511414,0.8876739740371704,0.4299579858779907
YMR289W,YBR291C,0,0.09531012,0.17202851176261902,0.8876739740371704,0.4300580322742462
YLR364W,YHR161C,0,0.09506434,0.1719953715801239,0.8876739740371704,0.4301581084728241
YOL018C,YDR128W,0,0.0950374,0.17196226119995117,0.8876739740371704,0.4302581548690796
YCR098C,YHL004W,0,0.09413676,0.17192915081977844,0.8876739740371704,0.4303582012653351
YOL003C,YNR043W,0,0.0938191,0.1718960553407669,0.8876739740371704,0.43045827746391296
YNR027W,YJR045C,0,0.093785346,0.17186297476291656,0.8876739740371704,0.43055832386016846
YLR035C-A,YMR256C,0,0.09320933,0.17182990908622742,0.8876739740371704,0.43065840005874634
YGR292W,YNL268W,0,0.09250055,0.17179684340953827,0.8876739740371704,0.43075844645500183
YNL136W,YER164W,0,0.09169209,0.1717638075351715,0.8876739740371704,0.4308585226535797
YLR385C,YKL143W,0,0.091437705,0.17173077166080475,0.8876739740371704,0.4309585690498352
YBR036C,YJR076C,0,0.090920135,0.17169775068759918,0.8876739740371704,0.4310586452484131
YOR096W,YLR126C,0,0.09067744,0.1716647446155548,0.8876739740371704,0.4311586916446686
YDR115W,YNL189W,0,0.09042854,0.17163175344467163,0.8876739740371704,0.43125876784324646
YCR028C,YDR486C,0,0.09037646,0.17159877717494965,0.8876739740371704,0.43135881423950195
YLR327C,YMR150C,0,0.09029168,0.17156580090522766,0.8876739740371704,0.43145886063575745
YIL125W,YOR240W,0,0.09009777,0.17153283953666687,0.8876739740371704,0.4315589368343353
YJR125C,YDL231C,1,0.08980435,0.17169195413589478,0.8886680006980896,0.4315589368343353
YDL144C,YLR433C,0,0.08977483,0.17165899276733398,0.8886680006980896,0.4316589832305908
YOR237W,YOR089C,1,0.089187376,0.17181800305843353,0.8896620273590088,0.4316589832305908
YFL029C,YDL056W,0,0.089160316,0.17178502678871155,0.8896620273590088,0.4317590594291687
YAR015W,YDR038C,0,0.08881052,0.17175206542015076,0.8896620273590088,0.4318591058254242
YLR170C,YLR192C,0,0.08804239,0.17171910405158997,0.8896620273590088,0.4319591820240021
YEL038W,YGL155W,0,0.08779402,0.17168617248535156,0.8896620273590088,0.43205922842025757
YMR314W,YOR290C,0,0.08708331,0.17165324091911316,0.8896620273590088,0.43215930461883545
YMR256C,YDR088C,0,0.08691308,0.17162032425403595,0.8896620273590088,0.43225935101509094
YHR092C,YJL019W,0,0.086839154,0.17158742249011993,0.8896620273590088,0.4323594272136688
YLR427W,YFR008W,0,0.086649746,0.1715545356273651,0.8896620273590088,0.4324594736099243
YOL152W,YOL064C,0,0.086648,0.1715216487646103,0.8896620273590088,0.4325595498085022
YMR166C,YER161C,0,0.086490944,0.17148879170417786,0.8896620273590088,0.4326595962047577
YKL212W,YDL065C,0,0.086150266,0.17145593464374542,0.8896620273590088,0.4327596426010132
YIR036C,YDR362C,0,0.08601238,0.17142309248447418,0.8896620273590088,0.43285971879959106
YLR396C,YOL109W,0,0.08600119,0.17139026522636414,0.8896620273590088,0.43295976519584656
YBL106C,YGR116W,0,0.08574867,0.17135745286941528,0.8896620273590088,0.43305984139442444
YER068W,YMR127C,0,0.085576,0.17132465541362762,0.8896620273590088,0.43315988779067993
YMR290C,YDR252W,0,0.0854572,0.17129187285900116,0.8896620273590088,0.4332599639892578
YBR001C,YLL038C,0,0.0850943,0.1712590903043747,0.8896620273590088,0.4333600103855133
YDR479C,YOR240W,0,0.084824,0.17122632265090942,0.8896620273590088,0.4334600865840912
YPL091W,YOR221C,0,0.08472298,0.17119356989860535,0.8896620273590088,0.4335601329803467
YER148W,YPR028W,0,0.08429098,0.17116083204746246,0.8896620273590088,0.43366020917892456
YHR172W,YDR524C,0,0.0842593,0.17112810909748077,0.8896620273590088,0.43376025557518005
YNL207W,YDR402C,0,0.08380155,0.17109538614749908,0.8896620273590088,0.43386030197143555
YDL101C,YBR040W,0,0.083699696,0.17106269299983978,0.8896620273590088,0.4339603781700134
YJL157C,YBL101W-A,0,0.08320373,0.17102999985218048,0.8896620273590088,0.4340604245662689
YPR049C,YOL125W,0,0.08313966,0.17099732160568237,0.8896620273590088,0.4341605007648468
YGL035C,YEL059C-A,0,0.08308278,0.17096465826034546,0.8896620273590088,0.4342605471611023
YDR443C,YER112W,0,0.08247092,0.17093200981616974,0.8896620273590088,0.4343606233596802
YMR056C,YNL054W-B,0,0.08228625,0.1708993762731552,0.8896620273590088,0.43446066975593567
YEL017C-A,YER147C,0,0.08155216,0.17086674273014069,0.8896620273590088,0.43456074595451355
YHL009W-B,YIL136W,0,0.081302956,0.17083412408828735,0.8896620273590088,0.43466079235076904
YFR006W,YDR252W,0,0.08124222,0.17080152034759521,0.8896620273590088,0.4347608685493469
YIR036C,YDR231C,0,0.08120165,0.17076893150806427,0.8896620273590088,0.4348609149456024
YJL143W,YBL074C,0,0.080866426,0.17073635756969452,0.8896620273590088,0.4349609911441803
YDR334W,YJR045C,0,0.0801394,0.17070379853248596,0.8896620273590088,0.4350610375404358
YDR536W,YGL040C,0,0.07976736,0.1706712394952774,0.8896620273590088,0.4351610839366913
YMR306W,YPL204W,0,0.07941313,0.17063871026039124,0.8896620273590088,0.43526116013526917
YLR109W,YDR390C,0,0.078813314,0.17060618102550507,0.8896620273590088,0.43536120653152466
YMR100W,YKR050W,0,0.07868287,0.1705736666917801,0.8896620273590088,0.43546128273010254
YLL001W,YBR030W,0,0.0785846,0.17054115235805511,0.8896620273590088,0.43556132912635803
YGL137W,YAR044W,0,0.078490905,0.17050866782665253,0.8896620273590088,0.4356614053249359
YOR096W,YDR088C,0,0.07809353,0.17047618329524994,0.8896620273590088,0.4357614517211914
YFL029C,YGL251C,0,0.0779334,0.17044372856616974,0.8896620273590088,0.4358615279197693
YBR036C,YGR026W,0,0.07783707,0.17041127383708954,0.8896620273590088,0.4359615743160248
YER082C,YER112W,0,0.07705183,0.17037883400917053,0.8896620273590088,0.43606165051460266
YMR303C,YLR186W,0,0.07699083,0.17034640908241272,0.8896620273590088,0.43616169691085815
YAR042W,YPL032C,1,0.0764974,0.17050428688526154,0.890656054019928,0.43616169691085815
YCL055W,YOR217W,0,0.07627486,0.17047184705734253,0.890656054019928,0.43626174330711365
YLR090W,YNL054W-B,0,0.075458415,0.17043940722942352,0.890656054019928,0.43636181950569153
YGR295C,YDL184C,0,0.075093225,0.1704069972038269,0.890656054019928,0.436461865901947
YCR098C,YBL020W,0,0.0747772,0.17037460207939148,0.890656054019928,0.4365619421005249
YMR188C,YGR027W-B,0,0.07435941,0.17034220695495605,0.890656054019928,0.4366619884967804
YIR014W,YBR213W,0,0.07421832,0.17030982673168182,0.890656054019928,0.4367620646953583
YHL019C,YHR044C,0,0.074148774,0.1702774614095688,0.890656054019928,0.43686211109161377
YJL044C,YIL138C,0,0.07396653,0.17024511098861694,0.890656054019928,0.43696218729019165
YDR316W-A,YDR050C,0,0.07295592,0.1702127605676651,0.890656054019928,0.43706223368644714
YPL220W,YNR047W,0,0.072913736,0.17018043994903564,0.890656054019928,0.437162309885025
YOL072W,YKL164C,0,0.07265952,0.1701481193304062,0.890656054019928,0.4372623562812805
YMR130W,YGL031C,0,0.072617404,0.17011581361293793,0.890656054019928,0.437362402677536
YMR224C,YFL037W,0,0.07220526,0.17008352279663086,0.890656054019928,0.4374624788761139
YAL034W-A,YPL111W,0,0.071901165,0.17005124688148499,0.890656054019928,0.4375625252723694
YKR058W,YGR037C,0,0.071858644,0.1700189709663391,0.890656054019928,0.43766260147094727
YNL306W,YOR369C,0,0.0715937,0.16998672485351562,0.890656054019928,0.43776264786720276
YPR168W,YOR075W,0,0.070987344,0.16995447874069214,0.890656054019928,0.43786272406578064
YGL106W,YKR009C,0,0.07055284,0.16992224752902985,0.890656054019928,0.43796277046203613
YNL330C,YOR067C,0,0.07047963,0.16989003121852875,0.890656054019928,0.438062846660614
YLR098C,YPL195W,0,0.07042515,0.16985781490802765,0.890656054019928,0.4381628930568695
YOR240W,YER106W,0,0.06993431,0.16982562839984894,0.890656054019928,0.4382629692554474
YIL160C,YMR071C,0,0.06969796,0.16979344189167023,0.890656054019928,0.4383630156517029
YLR035C-A,YDR060W,0,0.06909411,0.1697612702846527,0.890656054019928,0.43846309185028076
YDL085W,YIL084C,0,0.068669364,0.1697291135787964,0.890656054019928,0.43856313824653625
YKL056C,YMR017W,0,0.06806579,0.16969697177410126,0.890656054019928,0.43866318464279175
YNL308C,YCL055W,0,0.067931786,0.16966482996940613,0.890656054019928,0.43876326084136963
YGL168W,YOL056W,0,0.06701992,0.1696327179670334,0.890656054019928,0.4388633072376251
YOL064C,YNL096C,0,0.066870734,0.16960060596466064,0.890656054019928,0.438963383436203
YIL074C,YIL115C,0,0.06616862,0.1695685088634491,0.890656054019928,0.4390634298324585
YBR092C,YDR376W,0,0.065999016,0.16953642666339874,0.890656054019928,0.4391635060310364
YOR389W,YML115C,0,0.06593609,0.1695043444633484,0.890656054019928,0.43926355242729187
YDR379W,YHR105W,0,0.06555874,0.16947229206562042,0.890656054019928,0.43936362862586975
YJL143W,YKL135C,0,0.06555396,0.16944023966789246,0.890656054019928,0.43946367502212524
YHL047C,YKL010C,0,0.0651671,0.16940820217132568,0.890656054019928,0.4395637512207031
YPR192W,YDR116C,0,0.06497111,0.1693761795759201,0.890656054019928,0.4396637976169586
YIR002C,YJR033C,0,0.06480813,0.16934417188167572,0.890656054019928,0.4397638440132141
YDR012W,YDL030W,0,0.06469414,0.16931216418743134,0.890656054019928,0.439863920211792
YGL253W,YBR297W,0,0.06353271,0.16928018629550934,0.890656054019928,0.4399639666080475
YDR334W,YML063W,0,0.063278966,0.16924820840358734,0.890656054019928,0.44006404280662537
YDR096W,YLR286C,0,0.06308718,0.16921624541282654,0.890656054019928,0.44016408920288086
YDL195W,YER153C,0,0.06289895,0.16918429732322693,0.890656054019928,0.44026416540145874
YLR172C,YDR298C,0,0.06163034,0.16915234923362732,0.890656054019928,0.44036421179771423
YPR156C,YHR039C-B,0,0.060432665,0.1691204160451889,0.890656054019928,0.4404642879962921
YCL059C,YOL125W,0,0.060259596,0.16908851265907288,0.890656054019928,0.4405643343925476
YJR015W,YNL242W,0,0.060190856,0.16905660927295685,0.890656054019928,0.4406644105911255
YLL009C,YCL055W,0,0.060124837,0.16902470588684082,0.890656054019928,0.440764456987381
YLR419W,YIL101C,0,0.05977325,0.16899283230304718,0.890656054019928,0.44086453318595886
YKR061W,YBL064C,0,0.059664965,0.16896095871925354,0.890656054019928,0.44096457958221436
YOR315W,YCL061C,0,0.058986306,0.1689291149377823,0.890656054019928,0.44106462597846985
YMR264W,YPL186C,0,0.057848617,0.16889727115631104,0.890656054019928,0.44116470217704773
YEL058W,YNL325C,0,0.05725479,0.16886544227600098,0.890656054019928,0.4412647485733032
YPR186C,YKL158W,0,0.056671903,0.16883361339569092,0.890656054019928,0.4413648247718811
YDR379W,YAL034W-A,0,0.055958927,0.16880181431770325,0.890656054019928,0.4414648711681366
YDL204W,YER053C,0,0.05593449,0.16877001523971558,0.890656054019928,0.4415649473667145
YJL165C,YML085C,0,0.055899374,0.1687382310628891,0.890656054019928,0.44166499376296997
YGR029W,YJL008C,0,0.05564016,0.16870646178722382,0.890656054019928,0.44176506996154785
YDR177W,YGL181W,1,0.055199303,0.1688629537820816,0.8916500806808472,0.44176506996154785
YLR266C,YKL140W,0,0.05514781,0.16883116960525513,0.8916500806808472,0.44186511635780334
YJR139C,YJR134C,0,0.05475407,0.16879940032958984,0.8916500806808472,0.4419651925563812
YML054C,YBL064C,0,0.05464953,0.16876764595508575,0.8916500806808472,0.4420652389526367
YBR166C,YKR104W,0,0.054631278,0.16873589158058167,0.8916500806808472,0.4421652853488922
YMR264W,YNR040W,0,0.05459609,0.16870415210723877,0.8916500806808472,0.4422653615474701
YGL089C,YGR188C,0,0.054572225,0.16867242753505707,0.8916500806808472,0.4423654079437256
YNL311C,YHR052W,0,0.053942144,0.16864071786403656,0.8916500806808472,0.44246548414230347
YDR532C,YDR116C,0,0.053160906,0.16860902309417725,0.8916500806808472,0.44256553053855896
YPL051W,YGL222C,0,0.053008504,0.16857732832431793,0.8916500806808472,0.44266560673713684
YER087C-A,YMR292W,0,0.052913874,0.168545663356781,0.8916500806808472,0.44276565313339233
YPL269W,YOR131C,0,0.052826762,0.16851399838924408,0.8916500806808472,0.4428657293319702
YML116W,YGR162W,0,0.051952988,0.16848234832286835,0.8916500806808472,0.4429657757282257
YMR198W,YCR054C,0,0.051934034,0.16845069825649261,0.8916500806808472,0.4430658519268036
YKR061W,YIL072W,0,0.05169765,0.16841907799243927,0.8916500806808472,0.4431658983230591
YHL009W-B,YGR037C,0,0.051236562,0.16838745772838593,0.8916500806808472,0.4432659447193146
YML005W,YOR343W-A,0,0.05086399,0.16835585236549377,0.8916500806808472,0.44336602091789246
YBR158W,YIL090W,0,0.050828822,0.16832426190376282,0.8916500806808472,0.44346606731414795
YHR143W,YJL136C,0,0.050599862,0.16829268634319305,0.8916500806808472,0.44356614351272583
YDR347W,YGR088W,0,0.050479434,0.1682611107826233,0.8916500806808472,0.4436661899089813
YFL002W-A,YOR063W,0,0.0501066,0.16822955012321472,0.8916500806808472,0.4437662661075592
YOR192C-A,YBL060W,0,0.04995558,0.16819801926612854,0.8916500806808472,0.4438663125038147
YIL090W,YIL084C,0,0.049898162,0.16816647350788116,0.8916500806808472,0.4439663887023926
YGR200C,YDR103W,0,0.049517304,0.16813495755195618,0.8916500806808472,0.44406643509864807
YAR018C,YLR221C,0,0.04947631,0.1681034415960312,0.8916500806808472,0.44416651129722595
YPR036W,YEL021W,0,0.04820943,0.1680719554424286,0.8916500806808472,0.44426655769348145
YNL306W,YER089C,0,0.04797165,0.168040469288826,0.8916500806808472,0.4443666338920593
YML094W,YGR184C,0,0.047737718,0.1680089831352234,0.8916500806808472,0.4444666802883148
YDL231C,YKL011C,0,0.047680527,0.16797752678394318,0.8916500806808472,0.4445667266845703
YDR038C,YCR092C,0,0.04755432,0.16794607043266296,0.8916500806808472,0.4446668028831482
YJL080C,YBR251W,0,0.047443368,0.16791464388370514,0.8916500806808472,0.4447668492794037
YOR043W,YMR026C,0,0.04707922,0.16788321733474731,0.8916500806808472,0.44486692547798157
YER029C,YLR186W,0,0.04649672,0.1678517907857895,0.8916500806808472,0.44496697187423706
YLR364W,YMR094W,0,0.046431378,0.16782039403915405,0.8916500806808472,0.44506704807281494
YHR076W,YDR044W,0,0.04564649,0.16778899729251862,0.8916500806808472,0.44516709446907043
YDL033C,YPR073C,0,0.04551357,0.16775761544704437,0.8916500806808472,0.4452671706676483
YLR459W,YPL281C,0,0.045487,0.16772624850273132,0.8916500806808472,0.4453672170639038
YLR364W,YNL242W,0,0.04527065,0.16769489645957947,0.8916500806808472,0.4454672932624817
YPL160W,YDR044W,0,0.04524689,0.1676635444164276,0.8916500806808472,0.4455673396587372
YDR134C,YDR251W,0,0.0448273,0.16763222217559814,0.8916500806808472,0.4456673860549927
YJL044C,YLR438C-A,0,0.044396974,0.16760089993476868,0.8916500806808472,0.44576746225357056
YHL032C,YEL002C,0,0.044325545,0.1675695925951004,0.8916500806808472,0.44586750864982605
YER096W,YJR045C,0,0.04415745,0.16753828525543213,0.8916500806808472,0.44596758484840393
YEL038W,YLR266C,0,0.04389751,0.16750700771808624,0.8916500806808472,0.4460676312446594
YJR097W,YOL002C,0,0.043722346,0.16747573018074036,0.8916500806808472,0.4461677074432373
YIL009C-A,YDR368W,0,0.043170616,0.16744446754455566,0.8916500806808472,0.4462677538394928
YGL089C,YJL073W,0,0.041786533,0.16741321980953217,0.8916500806808472,0.4463678300380707
YOR061W,YLR356W,0,0.041739434,0.16738197207450867,0.8916500806808472,0.44646787643432617
YDR520C,YBR299W,0,0.041696243,0.16735073924064636,0.8916500806808472,0.44656795263290405
YBR033W,YDL008W,0,0.041470185,0.16731953620910645,0.8916500806808472,0.44666799902915955
YLR035C-A,YMR004W,0,0.041387938,0.16728831827640533,0.8916500806808472,0.4467680752277374
YAR015W,YOR192C-B,0,0.04106591,0.1672571301460266,0.8916500806808472,0.4468681216239929
YER111C,YDR128W,0,0.040548936,0.16722595691680908,0.8916500806808472,0.4469681680202484
YDL109C,YKL198C,0,0.040325165,0.16719478368759155,0.8916500806808472,0.4470682442188263
YNL001W,YIL145C,0,0.039866365,0.16716362535953522,0.8916500806808472,0.4471682906150818
YHL024W,YNL244C,0,0.039374907,0.16713248193264008,0.8916500806808472,0.44726836681365967
YLR446W,YHR140W,0,0.038553953,0.16710133850574493,0.8916500806808472,0.44736841320991516
YOR384W,YOR278W,0,0.03771104,0.16707022488117218,0.8916500806808472,0.44746848940849304
YBR213W,YJR045C,0,0.037494123,0.16703911125659943,0.8916500806808472,0.44756853580474854
YNL001W,YML116W,0,0.037361726,0.16700801253318787,0.8916500806808472,0.4476686120033264
YDR341C,YDR236C,0,0.03734581,0.1669769138097763,0.8916500806808472,0.4477686583995819
YPL106C,YDR534C,0,0.03732355,0.16694584488868713,0.8916500806808472,0.4478687345981598
YOL007C,YDR014W,0,0.03706114,0.16691477596759796,0.8916500806808472,0.4479687809944153
YLR266C,YPL143W,0,0.036717758,0.16688372194766998,0.8916500806808472,0.4480688273906708
YJL019W,YLR212C,0,0.0359492,0.1668526828289032,0.8916500806808472,0.44816890358924866
YKL154W,YML060W,0,0.03561488,0.1668216437101364,0.8916500806808472,0.44826894998550415
YDR443C,YGL095C,0,0.03540489,0.16679063439369202,0.8916500806808472,0.44836902618408203
YPL091W,YIL026C,0,0.035257086,0.16675962507724762,0.8916500806808472,0.4484690725803375
YPR042C,YCL047C,0,0.035208166,0.16672863066196442,0.8916500806808472,0.4485691487789154
YNL151C,YNR041C,0,0.03483939,0.1666976362466812,0.8916500806808472,0.4486691951751709
YCL069W,YHR010W,0,0.034645647,0.1666666716337204,0.8916500806808472,0.4487692713737488
YOR384W,YDR487C,0,0.034406107,0.16663570702075958,0.8916500806808472,0.4488693177700043
YNL154C,YGL206C,1,0.034374494,0.16679048538208008,0.8926441073417664,0.4488693177700043
YOL138C,YCL057C-A,0,0.03409672,0.16675952076911926,0.8926441073417664,0.44896939396858215
YHR101C,YOR306C,0,0.033857323,0.16672855615615845,0.8926441073417664,0.44906944036483765
YDL130W,YBR164C,0,0.033292547,0.16669760644435883,0.8926441073417664,0.4491695165634155
YKL179C,YLR147C,0,0.032800972,0.1666666716337204,0.8926441073417664,0.449269562959671
YHR206W,YML042W,0,0.032160282,0.16663573682308197,0.8926441073417664,0.4493696093559265
YPR019W,YPL026C,0,0.032121927,0.16660481691360474,0.8926441073417664,0.4494696855545044
YHL008C,YCL066W,0,0.031885743,0.1665739268064499,0.8926441073417664,0.4495697319507599
YDL006W,YDR118W,0,0.031817034,0.16654302179813385,0.8926441073417664,0.44966980814933777
YNL293W,YLR127C,0,0.03143243,0.1665121465921402,0.8926441073417664,0.44976985454559326
YPL177C,YPR005C,0,0.030524738,0.16648127138614655,0.8926441073417664,0.44986993074417114
YKL059C,YGR062C,0,0.029954001,0.1664504110813141,0.8926441073417664,0.44996997714042664
YOR391C,YER012W,0,0.029822547,0.16641956567764282,0.8926441073417664,0.4500700533390045
YKR059W,YIL009C-A,0,0.029795125,0.16638873517513275,0.8926441073417664,0.45017009973526
YAL023C,YMR208W,0,0.02935408,0.16635790467262268,0.8926441073417664,0.4502701759338379
YBL103C,YKR030W,0,0.029329002,0.166327103972435,0.8926441073417664,0.4503702223300934
YBL075C,YOR150W,0,0.029305048,0.16629630327224731,0.8926441073417664,0.4504702687263489
YGR076C,YJL062W,0,0.028613072,0.16626550257205963,0.8926441073417664,0.45057034492492676
YFR041C,YBR297W,0,0.028337963,0.16623473167419434,0.8926441073417664,0.45067039132118225
YKR014C,YMR282C,0,0.028219163,0.16620396077632904,0.8926441073417664,0.45077046751976013
YDR358W,YIL072W,0,0.027319867,0.16617320477962494,0.8926441073417664,0.4508705139160156
YBR237W,YKL195W,0,0.027218997,0.16614246368408203,0.8926441073417664,0.4509705901145935
YLR098C,YDR402C,0,0.026704282,0.16611172258853912,0.8926441073417664,0.451070636510849
YLR170C,YOL127W,0,0.026358157,0.1660810112953186,0.8926441073417664,0.4511707127094269
YNL077W,YER070W,0,0.026058517,0.16605030000209808,0.8926441073417664,0.4512707591056824
YGL136C,YHR086W,0,0.025461026,0.16601960361003876,0.8926441073417664,0.45137083530426025
YDR387C,YGR037C,0,0.024979815,0.16598890721797943,0.8926441073417664,0.45147088170051575
YFL047W,YDR465C,0,0.024915412,0.1659582406282425,0.8926441073417664,0.45157092809677124
YPR102C,YLR127C,0,0.024642378,0.16592757403850555,0.8926441073417664,0.4516710042953491
YKL195W,YGR014W,0,0.024411634,0.16589690744876862,0.8926441073417664,0.4517710506916046
YDL109C,YKL143W,0,0.023959763,0.16586627066135406,0.8926441073417664,0.4518711268901825
YNR061C,YDR077W,0,0.023747891,0.1658356487751007,0.8926441073417664,0.451971173286438
YBR105C,YIL136W,0,0.023744911,0.16580502688884735,0.8926441073417664,0.45207124948501587
YJL044C,YHR186C,0,0.023706421,0.1657744199037552,0.8926441073417664,0.45217129588127136
YOR386W,YML087C,0,0.023235917,0.16574381291866302,0.8926441073417664,0.45227137207984924
YNL046W,YIR002C,0,0.022772193,0.16571323573589325,0.8926441073417664,0.45237141847610474
YJL019W,YLR237W,0,0.022706054,0.16568265855312347,0.8926441073417664,0.4524714946746826
YOR175C,YLR286C,0,0.020730168,0.1656520962715149,0.8926441073417664,0.4525715410709381
YDL195W,YGL178W,0,0.020190164,0.1656215488910675,0.8926441073417664,0.452671617269516
YJR121W,YJR058C,0,0.020105708,0.16559100151062012,0.8926441073417664,0.4527716636657715
YPL106C,YMR201C,0,0.020088851,0.16556046903133392,0.8926441073417664,0.452871710062027
YDR533C,YPR005C,0,0.020061307,0.16552995145320892,0.8926441073417664,0.45297178626060486
YDR342C,YCR040W,0,0.020033866,0.16549944877624512,0.8926441073417664,0.45307183265686035
YBL088C,YGR189C,0,0.019935124,0.1654689460992813,0.8926441073417664,0.45317190885543823
YDR134C,YOL077C,0,0.01961729,0.1654384732246399,0.8926441073417664,0.4532719552516937
YIL109C,YJR121W,0,0.018480241,0.16540800034999847,0.8926441073417664,0.4533720314502716
YBR267W,YBL010C,0,0.018390909,0.16537752747535706,0.8926441073417664,0.4534720778465271
YIL109C,YOR326W,0,0.018233038,0.16534708440303802,0.8926441073417664,0.453572154045105
YFR032C-A,YOR066W,0,0.018116437,0.165316641330719,0.8926441073417664,0.4536722004413605
YHR017W,YMR071C,0,0.017170388,0.16528621315956116,0.8926441073417664,0.45377227663993835
YOR034C,YAL026C,1,0.01710876,0.16543982923030853,0.8936381936073303,0.45377227663993835
YMR188C,YNL077W,0,0.01686123,0.1654093861579895,0.8936381936073303,0.45387232303619385
YDR418W,YPL033C,0,0.016544431,0.16537895798683167,0.8936381936073303,0.45397236943244934
YGR027W-B,YMR312W,0,0.016287118,0.16534854471683502,0.8936381936073303,0.4540724456310272
YDR013W,YOR075W,0,0.016083747,0.16531813144683838,0.8936381936073303,0.4541724920272827
YLR337W,YNL032W,1,0.015467793,0.16547159850597382,0.8946322202682495,0.4541724920272827
YKL089W,YHR027C,0,0.015150733,0.16544117033481598,0.8946322202682495,0.4542725682258606
YEL061C,YNL310C,0,0.015075058,0.16541077196598053,0.8946322202682495,0.4543726146221161
YAL034W-A,YLR176C,0,0.014781103,0.16538037359714508,0.8946322202682495,0.45447269082069397
YBL106C,YMR281W,0,0.014670033,0.16534999012947083,0.8946322202682495,0.45457273721694946
YIL112W,YOR246C,0,0.014434099,0.16531962156295776,0.8946322202682495,0.45467281341552734
YPR063C,YDL006W,0,0.014194503,0.1652892529964447,0.8946322202682495,0.45477285981178284
YMR006C,YLR015W,0,0.013495192,0.16525889933109283,0.8946322202682495,0.4548729360103607
YOR037W,YPR032W,0,0.013077602,0.16522856056690216,0.8946322202682495,0.4549729824066162
YOL157C,YGR001C,0,0.012468621,0.16519823670387268,0.8946322202682495,0.4550730586051941
YNL086W,YLR433C,0,0.012154236,0.1651679277420044,0.8946322202682495,0.4551731050014496
YLR192C,YJL056C,0,0.012102008,0.1651376187801361,0.8946322202682495,0.4552731513977051
YAL012W,YJL121C,0,0.012032047,0.16510732471942902,0.8946322202682495,0.45537322759628296
YDL210W,YKR104W,0,0.011455566,0.16507703065872192,0.8946322202682495,0.45547327399253845
YNR045W,YOL056W,0,0.011253774,0.16504676640033722,0.8946322202682495,0.45557335019111633
YHR076W,YKL042W,0,0.011051089,0.16501650214195251,0.8946322202682495,0.4556733965873718
YLL038C,YBL101W-A,0,0.010997133,0.164986252784729,0.8946322202682495,0.4557734727859497
YDR012W,YDL060W,0,0.010932986,0.1649560183286667,0.8946322202682495,0.4558735191822052
YMR306W,YBL060W,0,0.010738291,0.16492578387260437,0.8946322202682495,0.4559735953807831
YJL143W,YBR160W,0,0.010671765,0.16489556431770325,0.8946322202682495,0.4560736417770386
YER025W,YGL210W,0,0.010663658,0.16486535966396332,0.8946322202682495,0.45617371797561646
YDR046C,YKR059W,0,0.010385826,0.16483516991138458,0.8946322202682495,0.45627376437187195
YJL041W,YDR322W,0,0.010077618,0.16480498015880585,0.8946322202682495,0.45637381076812744
YCR047C,YKL195W,0,0.010073304,0.1647748053073883,0.8946322202682495,0.4564738869667053
YKL034W,YBL037W,0,0.008731991,0.16474464535713196,0.8946322202682495,0.4565739333629608
YIL109C,YKL179C,0,0.008527845,0.1647145003080368,0.8946322202682495,0.4566740095615387
YDR536W,YDR322W,0,0.008315992,0.16468435525894165,0.8946322202682495,0.4567740559577942
YBR123C,YDR313C,0,0.008252993,0.1646542251110077,0.8946322202682495,0.45687413215637207
YNL039W,YNL054W-B,0,0.008175287,0.16462410986423492,0.8946322202682495,0.45697417855262756
YLR396C,YNL306W,0,0.008077815,0.16459399461746216,0.8946322202682495,0.45707425475120544
YDR170W-A,YOL103W,0,0.008024499,0.16456390917301178,0.8946322202682495,0.45717430114746094
YDR400W,YPR073C,0,0.007960461,0.1645338237285614,0.8946322202682495,0.4572743773460388
YIL101C,YJL062W,0,0.007662952,0.16450375318527222,0.8946322202682495,0.4573744237422943
YML012W,YDL080C,0,0.007658541,0.16447368264198303,0.8946322202682495,0.4574744701385498
YOR348C,YAL008W,0,0.007447988,0.16444362699985504,0.8946322202682495,0.4575745463371277
YMR314W,YOL002C,0,0.0073750317,0.16441358625888824,0.8946322202682495,0.4576745927333832
YOR288C,YHL008C,0,0.0072799176,0.16438356041908264,0.8946322202682495,0.45777466893196106
YCR040W,YDR421W,0,0.0063398033,0.16435354948043823,0.8946322202682495,0.45787471532821655
YLR170C,YNL046W,0,0.006001182,0.16432353854179382,0.8946322202682495,0.45797479152679443
YGL213C,YMR223W,0,0.005895436,0.1642935425043106,0.8946322202682495,0.4580748379230499
YKR037C,YKL164C,0,0.0055327863,0.1642635464668274,0.8946322202682495,0.4581749141216278
YBR296C,YDL065C,0,0.0048621297,0.16423358023166656,0.8946322202682495,0.4582749605178833
YER099C,YML043C,0,0.0048208684,0.16420361399650574,0.8946322202682495,0.4583750367164612
YNL001W,YDR210W-B,0,0.0042534713,0.1641736626625061,0.8946322202682495,0.4584750831127167
YMR128W,YKL108W,0,0.0028186142,0.16414371132850647,0.8946322202682495,0.45857515931129456
YNR008W,YPL257W-A,0,0.0028007105,0.16411378979682922,0.8946322202682495,0.45867520570755005
YMR100W,YKR009C,0,0.0027824193,0.16408386826515198,0.8946322202682495,0.45877525210380554
YNL154C,YIR006C,1,0.0026759282,0.16423623263835907,0.8956262469291687,0.45877525210380554
YLL038C,YOR246C,0,0.0025649816,0.16420631110668182,0.8956262469291687,0.4588753283023834
YJL048C,YER173W,0,0.0025049224,0.16417638957500458,0.8956262469291687,0.4589753746986389
YPL028W,YCR092C,0,0.002458807,0.16414646804332733,0.8956262469291687,0.4590754508972168
YGR058W,YMR130W,0,0.001268072,0.16411657631397247,0.8956262469291687,0.4591754972934723
YMR287C,YJR065C,0,0.0011339486,0.16408668458461761,0.8956262469291687,0.45927557349205017
YDL210W,YCR039C,0,0.0011201426,0.16405680775642395,0.8956262469291687,0.45937561988830566
YLR373C,YDR013W,0,0.00082944334,0.16402694582939148,0.8956262469291687,0.45947569608688354
YHR023W,YDR443C,0,0.0008164346,0.163997083902359,0.8956262469291687,0.45957574248313904
YHR023W,YKR105C,0,0.0007744022,0.16396723687648773,0.8956262469291687,0.4596758186817169
YCR094W,YMR017W,0,0.00060460716,0.16393740475177765,0.8956262469291687,0.4597758650779724
YDR501W,YLR172C,0,0.00021345913,0.16390758752822876,0.8956262469291687,0.4598759114742279
YJR001W,YJR033C,0,-0.00038415194,0.16387777030467987,0.8956262469291687,0.4599759876728058
YPR132W,YDR299W,0,-0.0004594326,0.16384796798229218,0.8956262469291687,0.4600760340690613
YLR038C,YNR022C,0,-0.00051642954,0.16381818056106567,0.8956262469291687,0.46017611026763916
YLR337W,YLR342W,1,-0.00052009523,0.1639701873064041,0.8966202735900879,0.46017611026763916
YPR137C-B,YGL251C,0,-0.0005551949,0.16394038498401642,0.8966202735900879,0.46027615666389465
YJR025C,YDL095W,0,-0.00082808733,0.16391059756278992,0.8966202735900879,0.46037623286247253
YDL136W,YDR288W,0,-0.00085164607,0.16388081014156342,0.8966202735900879,0.460476279258728
YMR100W,YMR071C,0,-0.0010350794,0.1638510376214981,0.8966202735900879,0.4605763554573059
YAR044W,YOR329C,1,-0.0010736473,0.1640029102563858,0.8976143002510071,0.4605763554573059
YLL009C,YER027C,0,-0.0012186579,0.1639731228351593,0.8976143002510071,0.4606764018535614
YLR214W,YCR040W,0,-0.002181612,0.163943350315094,0.8976143002510071,0.4607764780521393
YDL195W,YJL065C,0,-0.002213411,0.16391359269618988,0.8976143002510071,0.4608765244483948
YJR001W,YJR076C,0,-0.003177017,0.16388384997844696,0.8976143002510071,0.46097660064697266
YFR005C,YNL061W,0,-0.0033029467,0.16385410726070404,0.8976143002510071,0.46107664704322815
YDR170W-A,YDR299W,0,-0.0033950107,0.16382437944412231,0.8976143002510071,0.46117669343948364
YBL064C,YER180C,0,-0.004161462,0.16379466652870178,0.8976143002510071,0.4612767696380615
YDR139C,YOL149W,0,-0.0042728335,0.16376496851444244,0.8976143002510071,0.461376816034317
YDR270W,YHL009W-B,0,-0.004753463,0.1637352705001831,0.8976143002510071,0.4614768922328949
YNL159C,YMR198W,0,-0.0049134046,0.16370558738708496,0.8976143002510071,0.4615769386291504
YPR098C,YDR261W-B,0,-0.005074665,0.16367590427398682,0.8976143002510071,0.46167701482772827
YIL009C-A,YKR104W,0,-0.0052141547,0.16364625096321106,0.8976143002510071,0.46177706122398376
YGR029W,YLL011W,0,-0.005968362,0.1636165976524353,0.8976143002510071,0.46187713742256165
YHR215W,YOR067C,0,-0.0062312484,0.16358695924282074,0.8976143002510071,0.46197718381881714
YBR082C,YKR048C,0,-0.007878542,0.16355732083320618,0.8976143002510071,0.462077260017395
YJL153C,YNR040W,0,-0.008021887,0.163527712225914,0.8976143002510071,0.4621773064136505
YDR038C,YHR036W,0,-0.008384049,0.16349810361862183,0.8976143002510071,0.462277352809906
YDR128W,YOL157C,0,-0.008488998,0.16346849501132965,0.8976143002510071,0.4623774290084839
YDR177W,YER112W,0,-0.0085089505,0.16343891620635986,0.8976143002510071,0.4624774754047394
YCR028C,YML052W,1,-0.008920446,0.16359029710292816,0.8986083269119263,0.4624774754047394
YLR342W,YOR329C,1,-0.0101017095,0.16374163329601288,0.8996024131774902,0.4624774754047394
YIL009C-A,YMR165C,0,-0.0103236735,0.1637120097875595,0.8996024131774902,0.46257755160331726
YBL054W,YLR237W,0,-0.010884613,0.16368240118026733,0.8996024131774902,0.46267759799957275
YIL004C,YJL044C,0,-0.010913245,0.16365280747413635,0.8996024131774902,0.46277767419815063
YML015C,YGR124W,0,-0.010928635,0.16362321376800537,0.8996024131774902,0.46287772059440613
YKR058W,YMR221C,0,-0.010934338,0.16359363496303558,0.8996024131774902,0.462977796792984
YBR273C,YKR097W,0,-0.011150636,0.163564071059227,0.8996024131774902,0.4630778431892395
YPL031C,YDR376W,0,-0.011308953,0.1635345071554184,0.8996024131774902,0.4631779193878174
YDR052C,YDL195W,0,-0.012317739,0.1635049730539322,0.8996024131774902,0.4632779657840729
YLR450W,YCR075C,0,-0.012468368,0.16347543895244598,0.8996024131774902,0.46337801218032837
YJR025C,YBR251W,0,-0.012611326,0.16344590485095978,0.8996024131774902,0.46347808837890625
YDR466W,YLR327C,0,-0.013021888,0.16341640055179596,0.8996024131774902,0.46357813477516174
YNR027W,YDL204W,0,-0.01305731,0.16338689625263214,0.8996024131774902,0.4636782109737396
YNR008W,YLR266C,0,-0.013510965,0.16335740685462952,0.8996024131774902,0.4637782573699951
YBL101W-A,YJL008C,0,-0.013515579,0.1633279174566269,0.8996024131774902,0.463878333568573
YDR279W,YGR076C,0,-0.013666902,0.16329844295978546,0.8996024131774902,0.4639783799648285
YHR116W,YCL059C,0,-0.013709962,0.16326898336410522,0.8996024131774902,0.46407845616340637
YBL103C,YKR048C,0,-0.013715021,0.16323953866958618,0.8996024131774902,0.46417850255966187
YPL257W-A,YBL023C,0,-0.014593698,0.16321009397506714,0.8996024131774902,0.46427857875823975
YBL030C,YDR529C,0,-0.014594249,0.1631806641817093,0.8996024131774902,0.46437862515449524
YHR073W,YOR327C,1,-0.015258834,0.1633315235376358,0.9005964398384094,0.46437862515449524
YGR002C,YLR337W,0,-0.015799807,0.16330209374427795,0.9005964398384094,0.4644787013530731
YER111C,YDR330W,0,-0.01606214,0.1632726639509201,0.9005964398384094,0.4645787477493286
YPR137C-B,YJR139C,0,-0.016199395,0.16324324905872345,0.9005964398384094,0.4646787941455841
YCR053W,YNR007C,0,-0.016260393,0.1632138341665268,0.9005964398384094,0.464778870344162
YKL203C,YCL034W,1,-0.016462825,0.16336455941200256,0.9015904664993286,0.464778870344162
YGL021W,YOR070C,0,-0.016842544,0.16333512961864471,0.9015904664993286,0.4648789167404175
YBR156C,YML060W,0,-0.017230809,0.16330572962760925,0.9015904664993286,0.46497899293899536
YDL085W,YER089C,0,-0.017449662,0.1632763296365738,0.9015904664993286,0.46507903933525085
YLL062C,YDR046C,0,-0.017530367,0.16324694454669952,0.9015904664993286,0.46517911553382874
YDR536W,YGL206C,0,-0.017697379,0.16321755945682526,0.9015904664993286,0.46527916193008423
YJR145C,YLR438C-A,0,-0.018365353,0.16318820416927338,0.9015904664993286,0.4653792381286621
YDR326C,YJL133W,0,-0.019080967,0.1631588488817215,0.9015904664993286,0.4654792845249176
YMR235C,YDL051W,0,-0.01961103,0.16312949359416962,0.9015904664993286,0.4655793607234955
YBL039C,YLR014C,0,-0.019729331,0.16310016810894012,0.9015904664993286,0.465679407119751
YNL166C,YHR184W,0,-0.019733496,0.16307084262371063,0.9015904664993286,0.46577945351600647
YDR531W,YGL229C,0,-0.01988424,0.16304151713848114,0.9015904664993286,0.46587952971458435
YOL152W,YPR005C,0,-0.02015052,0.16301222145557404,0.9015904664993286,0.46597957611083984
YGL227W,YKL017C,0,-0.020783126,0.16298292577266693,0.9015904664993286,0.4660796523094177
YIL004C,YHL009W-B,0,-0.021419257,0.16295364499092102,0.9015904664993286,0.4661796987056732
YPL106C,YBR289W,0,-0.02182271,0.1629243791103363,0.9015904664993286,0.4662797749042511
YCR039C,YJL121C,0,-0.022244379,0.1628951132297516,0.9015904664993286,0.4663798213005066
YMR042W,YIL160C,0,-0.022626393,0.16286586225032806,0.9015904664993286,0.4664798974990845
YEL064C,YHL008C,0,-0.023713924,0.16283662617206573,0.9015904664993286,0.46657994389533997
YMR235C,YJL108C,0,-0.024003796,0.1628073900938034,0.9015904664993286,0.46668002009391785
YOR343W-A,YBR084W,0,-0.024264164,0.16277818381786346,0.9015904664993286,0.46678006649017334
YDR523C,YNL101W,0,-0.02448517,0.16274896264076233,0.9015904664993286,0.4668801426887512
YJL090C,YDR318W,0,-0.024592116,0.16271977126598358,0.9015904664993286,0.4669801890850067
YDR379W,YGL205W,0,-0.02462256,0.16269057989120483,0.9015904664993286,0.4670802354812622
YMR043W,YDR177W,0,-0.024752036,0.16266140341758728,0.9015904664993286,0.4671803116798401
YOL117W,YMR026C,0,-0.02479288,0.16263224184513092,0.9015904664993286,0.4672803580760956
YMR303C,YMR204C,0,-0.025185749,0.16260308027267456,0.9015904664993286,0.46738043427467346
YCR094W,YLR337W,1,-0.02533131,0.1627531796693802,0.9025844931602478,0.46738043427467346
YDR107C,YJL121C,0,-0.025719747,0.16272401809692383,0.9025844931602478,0.46748048067092896
YHR117W,YNL244C,0,-0.025892839,0.16269485652446747,0.9025844931602478,0.46758055686950684
YNL015W,YDR166C,0,-0.026288003,0.1626657098531723,0.9025844931602478,0.46768060326576233
YOR014W,YPL202C,0,-0.026885152,0.16263657808303833,0.9025844931602478,0.4677806794643402
YLR418C,YGR101W,0,-0.026899576,0.16260744631290436,0.9025844931602478,0.4678807258605957
YOR182C,YHR184W,0,-0.027802221,0.16257832944393158,0.9025844931602478,0.4679808020591736
YDR126W,YDL146W,0,-0.028413922,0.16254922747612,0.9025844931602478,0.4680808484554291
YBL024W,YBR092C,0,-0.02859652,0.1625201404094696,0.9025844931602478,0.46818089485168457
YPL194W,YDR088C,0,-0.028703928,0.1624910533428192,0.9025844931602478,0.46828097105026245
YOR179C,YPR070W,0,-0.029131219,0.16246198117733002,0.9025844931602478,0.46838101744651794
YBR082C,YDL185W,0,-0.029134706,0.16243290901184082,0.9025844931602478,0.4684810936450958
YGL089C,YGR062C,0,-0.029536635,0.162403866648674,0.9025844931602478,0.4685811400413513
YNL301C,YGR123C,0,-0.029811174,0.1623748242855072,0.9025844931602478,0.4686812162399292
YDR425W,YBR022W,0,-0.030288663,0.1623457968235016,0.9025844931602478,0.4687812626361847
YBR001C,YMR224C,0,-0.030486524,0.16231676936149597,0.9025844931602478,0.4688813388347626
YPL059W,YGR106C,0,-0.031021662,0.16228775680065155,0.9025844931602478,0.46898138523101807
YFL029C,YHR011W,0,-0.03107746,0.16225875914096832,0.9025844931602478,0.46908146142959595
YNL061W,YOL002C,0,-0.03148096,0.1622297614812851,0.9025844931602478,0.46918150782585144
YJR104C,YKR009C,0,-0.0316763,0.16220077872276306,0.9025844931602478,0.46928155422210693
YPR158C-D,YDL065C,0,-0.031884056,0.16217181086540222,0.9025844931602478,0.4693816304206848
YFR032C-A,YOL133W,0,-0.032133073,0.16214285790920258,0.9025844931602478,0.4694816768169403
YDR529C,YIL138C,0,-0.032350212,0.16211390495300293,0.9025844931602478,0.4695817530155182
YDR387C,YAL058W,0,-0.03235446,0.16208496689796448,0.9025844931602478,0.4696817994117737
YBL075C,YDR046C,0,-0.032727882,0.16205604374408722,0.9025844931602478,0.46978187561035156
YGL173C,YPR054W,0,-0.033160426,0.16202712059020996,0.9025844931602478,0.46988192200660706
YMR201C,YDL146W,0,-0.033289857,0.1619982123374939,0.9025844931602478,0.46998199820518494
YPL143W,YDR228C,0,-0.033400595,0.16196931898593903,0.9025844931602478,0.47008204460144043
YDR242W,YIL027C,0,-0.033928804,0.16194042563438416,0.9025844931602478,0.4701821208000183
YKL218C,YOR391C,0,-0.03410413,0.16191156208515167,0.9025844931602478,0.4702821671962738
YCR020C,YLR246W,0,-0.03463298,0.161882683634758,0.9025844931602478,0.4703822433948517
YBR160W,YDR322W,0,-0.03619146,0.1618538349866867,0.9025844931602478,0.4704822897911072
YDL231C,YDL185W,0,-0.03645058,0.16182498633861542,0.9025844931602478,0.47058233618736267
YPR158C-D,YKL179C,0,-0.036929198,0.16179615259170532,0.9025844931602478,0.47068241238594055
YGL210W,YDL033C,0,-0.037015676,0.16176731884479523,0.9025844931602478,0.47078245878219604
YDL017W,YJR089W,0,-0.03822702,0.16173851490020752,0.9025844931602478,0.4708825349807739
YHR167W,YHR181W,0,-0.038351297,0.1617097109556198,0.9025844931602478,0.4709825813770294
YLR035C-A,YOR326W,0,-0.038514506,0.1616809070110321,0.9025844931602478,0.4710826575756073
YMR223W,YLR337W,0,-0.03904845,0.16165213286876678,0.9025844931602478,0.4711827039718628
YBR084W,YOR080W,0,-0.03917877,0.16162335872650146,0.9025844931602478,0.4712827801704407
YGL089C,YGL128C,0,-0.039264217,0.16159458458423615,0.9025844931602478,0.47138282656669617
YEL038W,YOL123W,0,-0.03931299,0.1615658402442932,0.9025844931602478,0.47148290276527405
YDR495C,YBL082C,0,-0.039552197,0.16153709590435028,0.9025844931602478,0.47158294916152954
YDL129W,YBR214W,0,-0.040276118,0.16150836646556854,0.9025844931602478,0.47168299555778503
YHR101C,YPL258C,0,-0.041569345,0.1614796370267868,0.9025844931602478,0.4717830717563629
YKL156W,YNL325C,0,-0.041666806,0.16145092248916626,0.9025844931602478,0.4718831181526184
YBR175W,YDR251W,0,-0.042138264,0.1614222228527069,0.9025844931602478,0.4719831943511963
YGR054W,YHR010W,0,-0.042170584,0.16139352321624756,0.9025844931602478,0.4720832407474518
YNR043W,YBL010C,0,-0.042195216,0.1613648533821106,0.9025844931602478,0.47218331694602966
YDR071C,YHR064C,0,-0.042448737,0.16133618354797363,0.9025844931602478,0.47228336334228516
YOL031C,YLR221C,0,-0.042597726,0.16130751371383667,0.9025844931602478,0.47238343954086304
YBR299W,YER053C,0,-0.04278542,0.1612788587808609,0.9025844931602478,0.47248348593711853
YML005W,YPR192W,0,-0.042836998,0.16125021874904633,0.9025844931602478,0.4725835621356964
YEL013W,YKR058W,0,-0.043187067,0.16122159361839294,0.9025844931602478,0.4726836085319519
YDL144C,YLR045C,0,-0.0436317,0.16119296848773956,0.9025844931602478,0.4727836847305298
YGR029W,YPL060W,0,-0.04376379,0.16116435825824738,0.9025844931602478,0.4728837311267853
YOR381W,YNL115C,0,-0.04380533,0.16113576292991638,0.9025844931602478,0.47298377752304077
YMR287C,YJL221C,0,-0.04414863,0.1611071676015854,0.9025844931602478,0.47308385372161865
YNL032W,YAL026C,1,-0.04470972,0.16125598549842834,0.903578519821167,0.47308385372161865
YBL069W,YGR027W-B,0,-0.044937905,0.16122739017009735,0.903578519821167,0.47318390011787415
YER025W,YPL019C,0,-0.045408376,0.16119879484176636,0.903578519821167,0.473283976316452
YER159C-A,YDL067C,0,-0.045459278,0.16117021441459656,0.903578519821167,0.4733840227127075
YJL198W,YLL022C,0,-0.04552637,0.16114164888858795,0.903578519821167,0.4734840989112854
YBR001C,YJL080C,0,-0.04581062,0.16111308336257935,0.903578519821167,0.4735841453075409
YPL257W-A,YDR044W,0,-0.045825705,0.16108453273773193,0.903578519821167,0.4736842215061188
YML015C,YBL061C,0,-0.04590662,0.16105598211288452,0.903578519821167,0.47378426790237427
YMR306W,YPL186C,0,-0.046263635,0.1610274612903595,0.903578519821167,0.47388434410095215
YIR017C,YIL112W,0,-0.046323046,0.16099894046783447,0.903578519821167,0.47398439049720764
YJL129C,YLL001W,0,-0.04678186,0.16097041964530945,0.903578519821167,0.47408443689346313
YGR263C,YIL074C,0,-0.046797276,0.1609419286251068,0.903578519821167,0.474184513092041
YMR188C,YKL017C,0,-0.04730206,0.16091343760490417,0.903578519821167,0.4742845594882965
YOR182C,YJR155W,0,-0.047534525,0.16088496148586273,0.903578519821167,0.4743846356868744
YDR510W,YBR009C,0,-0.047552675,0.1608564853668213,0.903578519821167,0.4744846820831299
YLR364W,YIL126W,0,-0.04805301,0.16082802414894104,0.903578519821167,0.47458475828170776
YDR279W,YGR027W-B,0,-0.048109792,0.16079957783222198,0.903578519821167,0.47468480467796326
YBR251W,YDR390C,0,-0.048335314,0.16077113151550293,0.903578519821167,0.47478488087654114
YDR329C,YHR099W,0,-0.048556395,0.16074270009994507,0.903578519821167,0.47488492727279663
YNR011C,YGR076C,0,-0.048578188,0.1607142835855484,0.903578519821167,0.4749850034713745
YHR073W,YDL231C,1,-0.048850045,0.16086265444755554,0.9045725464820862,0.4749850034713745
YML034W,YKR104W,0,-0.048875317,0.16083422303199768,0.9045725464820862,0.47508504986763
YLR433C,YDR507C,0,-0.05010806,0.16080579161643982,0.9045725464820862,0.4751850962638855
YMR306W,YPL159C,0,-0.05036218,0.16077739000320435,0.9045725464820862,0.4752851724624634
YGL191W,YBL060W,0,-0.050929878,0.16074898838996887,0.9045725464820862,0.47538521885871887
YHR171W,YML009C,0,-0.05093806,0.1607205867767334,0.9045725464820862,0.47548529505729675
YDR326C,YJL148W,0,-0.05105747,0.1606922149658203,0.9045725464820862,0.47558534145355225
YIR036C,YJR058C,0,-0.051061794,0.16066384315490723,0.9045725464820862,0.4756854176521301
YKL154W,YML048W,0,-0.05122205,0.16063548624515533,0.9045725464820862,0.4757854640483856
YJL129C,YDL143W,0,-0.052059263,0.16060712933540344,0.9045725464820862,0.4758855402469635
YPR137C-B,YAL003W,0,-0.052775502,0.16057878732681274,0.9045725464820862,0.475985586643219
YER099C,YER140W,0,-0.053002026,0.16055046021938324,0.9045725464820862,0.4760856628417969
YNL001W,YMR287C,0,-0.053304814,0.16052213311195374,0.9045725464820862,0.47618570923805237
YLR078C,YNL289W,0,-0.05342941,0.16049382090568542,0.9045725464820862,0.47628578543663025
YDR056C,YLR172C,0,-0.053451642,0.1604655236005783,0.9045725464820862,0.47638583183288574
YMR316W,YNL162W,0,-0.053491175,0.16043724119663239,0.9045725464820862,0.47648587822914124
YJR022W,YPL214C,0,-0.05401746,0.16040895879268646,0.9045725464820862,0.4765859544277191
YDR050C,YDR121W,0,-0.054935053,0.16038067638874054,0.9045725464820862,0.4766860008239746
YOR343W-A,YDR116C,0,-0.055050947,0.160352423787117,0.9045725464820862,0.4767860770225525
YFR032C-A,YHR147C,0,-0.055427447,0.16032417118549347,0.9045725464820862,0.476886123418808
YHL040C,YDR034C-C,0,-0.055484008,0.16029593348503113,0.9045725464820862,0.47698619961738586
YIL172C,YNR061C,0,-0.055839345,0.1602676957845688,0.9045725464820862,0.47708624601364136
YOL138C,YPR036W,0,-0.056168184,0.16023947298526764,0.9045725464820862,0.47718632221221924
YPL172C,YPL028W,0,-0.056173727,0.16021126508712769,0.9045725464820862,0.47728636860847473
YDR261W-B,YKR104W,0,-0.057219904,0.16018307209014893,0.9045725464820862,0.4773864448070526
YBL030C,YMR152W,0,-0.05757065,0.16015487909317017,0.9045725464820862,0.4774864912033081
YDL108W,YPL220W,0,-0.057983577,0.1601267009973526,0.9045725464820862,0.4775865375995636
YIL172C,YDR047W,0,-0.05817531,0.16009852290153503,0.9045725464820862,0.4776866137981415
YOR080W,YNL339C,0,-0.058241725,0.16007035970687866,0.9045725464820862,0.477786660194397
YDL136W,YJL164C,0,-0.058834717,0.16004221141338348,0.9045725464820862,0.47788673639297485
YGL210W,YDR283C,0,-0.059024155,0.1600140631198883,0.9045725464820862,0.47798678278923035
YMR043W,YDR356W,0,-0.059126094,0.15998592972755432,0.9045725464820862,0.4780868589878082
YER007W,YLR099C,0,-0.059395306,0.15995781123638153,0.9045725464820862,0.4781869053840637
YDR170W-A,YML043C,0,-0.05983841,0.15992970764636993,0.9045725464820862,0.4782869815826416
YLR439W,YER161C,0,-0.060062066,0.15990160405635834,0.9045725464820862,0.4783870279788971
YDR536W,YAL020C,0,-0.060538538,0.15987350046634674,0.9045725464820862,0.478487104177475
YHL009W-B,YDR093W,0,-0.060557336,0.15984542667865753,0.9045725464820862,0.47858715057373047
YMR312W,YGL084C,0,-0.060728103,0.15981735289096832,0.9045725464820862,0.47868722677230835
YBR286W,YJR135W-A,0,-0.060797505,0.1597892940044403,0.9045725464820862,0.47878727316856384
YIL084C,YER020W,0,-0.061241925,0.1597612351179123,0.9045725464820862,0.47888731956481934
YPL028W,YAL025C,0,-0.06125544,0.15973319113254547,0.9045725464820862,0.4789873957633972
YMR043W,YML124C,0,-0.061371386,0.15970516204833984,0.9045725464820862,0.4790874421596527
YKR090W,YLL035W,0,-0.061546717,0.15967713296413422,0.9045725464820862,0.4791875183582306
YNL293W,YJL044C,0,-0.06247595,0.15964911878108978,0.9045725464820862,0.4792875647544861
YPL257W-A,YDR447C,0,-0.063001096,0.15962111949920654,0.9045725464820862,0.47938764095306396
YBR041W,YPR186C,0,-0.063156754,0.1595931202173233,0.9045725464820862,0.47948768734931946
YBL075C,YCL055W,0,-0.06347719,0.15956513583660126,0.9045725464820862,0.47958776354789734
YAR019C,YML091C,0,-0.06350742,0.1595371663570404,0.9045725464820862,0.47968780994415283
YCR053W,YBR059C,1,-0.06413391,0.15968449413776398,0.9055665731430054,0.47968780994415283
YBR159W,YNL188W,0,-0.06431197,0.15965649485588074,0.9055665731430054,0.4797878861427307
YDR228C,YOR014W,0,-0.06432843,0.15962852537631989,0.9055665731430054,0.4798879325389862
YNL213C,YLR120C,0,-0.06468117,0.15960055589675903,0.9055665731430054,0.4799879789352417
YLR419W,YOR240W,0,-0.06496154,0.15957260131835938,0.9055665731430054,0.4800880551338196
YMR142C,YDL017W,0,-0.06549844,0.1595446616411209,0.9055665731430054,0.4801881015300751
YPL214C,YGR272C,0,-0.0655314,0.15951672196388245,0.9055665731430054,0.48028817772865295
YHR089C,YNL128W,0,-0.065613665,0.15948879718780518,0.9055665731430054,0.48038822412490845
YDR511W,YDR436W,0,-0.06563483,0.1594608724117279,0.9055665731430054,0.48048830032348633
YMR043W,YJR045C,0,-0.06579156,0.15943297743797302,0.9055665731430054,0.4805883467197418
YDL017W,YER106W,0,-0.066002615,0.15940506756305695,0.9055665731430054,0.4806884229183197
YNL128W,YER113C,0,-0.066231996,0.15937718749046326,0.9055665731430054,0.4807884693145752
YGL021W,YNL244C,0,-0.06648116,0.15934930741786957,0.9055665731430054,0.4808885455131531
YBR001C,YOR151C,0,-0.06729084,0.15932144224643707,0.9055665731430054,0.48098859190940857
YJL219W,YLR100W,0,-0.06729643,0.15929357707500458,0.9055665731430054,0.48108863830566406
YBR122C,YGR194C,0,-0.06743473,0.15926574170589447,0.9055665731430054,0.48118871450424194
YNL054W-B,YDR421W,0,-0.06752693,0.15923789143562317,0.9055665731430054,0.48128876090049744
YDL085W,YDL017W,0,-0.067714326,0.15921007096767426,0.9055665731430054,0.4813888370990753
YIL009C-A,YBR283C,0,-0.06802583,0.15918225049972534,0.9055665731430054,0.4814888834953308
YIL051C,YDL200C,0,-0.06804708,0.15915443003177643,0.9055665731430054,0.4815889596939087
YJR025C,YGL253W,0,-0.068259634,0.1591266393661499,0.9055665731430054,0.4816890060901642
YJL157C,YML087C,0,-0.06852466,0.15909884870052338,0.9055665731430054,0.48178908228874207
YCR053W,YOR329C,1,-0.06890157,0.15924568474292755,0.9065606594085693,0.48178908228874207
YOR047C,YHL016C,0,-0.06891167,0.15921787917613983,0.9065606594085693,0.48188912868499756
YMR302C,YNR040W,0,-0.069957085,0.1591900885105133,0.9065606594085693,0.48198920488357544
YKR037C,YDR362C,0,-0.07268053,0.15916229784488678,0.9065606594085693,0.48208925127983093
YOR037W,YIR037W,0,-0.072979,0.15913453698158264,0.9065606594085693,0.4821893274784088
YNR008W,YBL106C,0,-0.073010795,0.1591067761182785,0.9065606594085693,0.4822893738746643
YKL089W,YOL152W,0,-0.07407233,0.15907901525497437,0.9065606594085693,0.4823894202709198
YOR192C-B,YLR201C,0,-0.07408647,0.15905126929283142,0.9065606594085693,0.4824894964694977
YFL041W,YJL025W,0,-0.07531172,0.15902353823184967,0.9065606594085693,0.4825895428657532
YKL218C,YPL038W,0,-0.07567033,0.1589958220720291,0.9065606594085693,0.48268961906433105
YHR101C,YJL121C,0,-0.07592152,0.15896810591220856,0.9065606594085693,0.48278966546058655
YDR270W,YDL030W,0,-0.075947925,0.1589404046535492,0.9065606594085693,0.48288974165916443
YER036C,YOL005C,0,-0.07640834,0.15891270339488983,0.9065606594085693,0.4829897880554199
YGR156W,YMR152W,0,-0.0764654,0.15888501703739166,0.9065606594085693,0.4830898642539978
YBR036C,YGL178W,0,-0.07740101,0.1588573455810547,0.9065606594085693,0.4831899106502533
YGL161C,YER096W,0,-0.077662915,0.1588296741247177,0.9065606594085693,0.4832899868488312
YIR006C,YAR044W,1,-0.07794539,0.15897613763809204,0.9075546860694885,0.4832899868488312
YPL206C,YOR396W,0,-0.07794539,0.15894846618175507,0.9075546860694885,0.48339003324508667
YBL047C,YAR044W,1,-0.07794539,0.15909487009048462,0.9085487127304077,0.48339003324508667
YLR035C-A,YMR122W-A,0,-0.07794539,0.15906718373298645,0.9085487127304077,0.48349007964134216
YGR086C,YGL258W-A,0,-0.07794539,0.15903949737548828,0.9085487127304077,0.48359015583992004
YJR001W,YMR023C,0,-0.07850137,0.1590118259191513,0.9085487127304077,0.48369020223617554
YNL128W,YER106W,0,-0.0787954,0.15898416936397552,0.9085487127304077,0.4837902784347534
YHL024W,YLR127C,0,-0.07892439,0.15895652770996094,0.9085487127304077,0.4838903248310089
YMR130W,YKL198C,0,-0.07898699,0.15892888605594635,0.9085487127304077,0.4839904010295868
YIL113W,YLR337W,0,-0.07918228,0.15890124440193176,0.9085487127304077,0.4840904474258423
YGL136C,YDR034C-C,0,-0.079248175,0.15887363255023956,0.9085487127304077,0.48419052362442017
YKR038C,YLR448W,0,-0.07951988,0.15884602069854736,0.9085487127304077,0.48429057002067566
YGR061C,YGR116W,0,-0.07993138,0.15881842374801636,0.9085487127304077,0.48439064621925354
YAR044W,YLR246W,0,-0.08000532,0.15879082679748535,0.9085487127304077,0.48449069261550903
YDL019C,YLR337W,1,-0.08063772,0.15893694758415222,0.9095427393913269,0.48449069261550903
YGL021W,YER110C,0,-0.08064069,0.15890935063362122,0.9095427393913269,0.4845907688140869
YNL077W,YER020W,0,-0.08067159,0.1588817536830902,0.9095427393913269,0.4846908152103424
YER099C,YHR027C,0,-0.08074793,0.1588541716337204,0.9095427393913269,0.4847908616065979
YNL227C,YGL206C,1,-0.0813497,0.15900017321109772,0.9105367660522461,0.4847908616065979
YPR137C-B,YML116W,0,-0.08178897,0.1589725762605667,0.9105367660522461,0.4848909378051758
YHL008C,YOR343W-A,0,-0.08197377,0.1589449942111969,0.9105367660522461,0.4849909842014313
YKR014C,YER131W,0,-0.08261752,0.1589174121618271,0.9105367660522461,0.48509106040000916
YLR126C,YMR163C,0,-0.08268549,0.15888985991477966,0.9105367660522461,0.48519110679626465
YJL148W,YBL082C,0,-0.0826973,0.15886229276657104,0.9105367660522461,0.48529118299484253
YDR236C,YMR086W,0,-0.08278704,0.15883475542068481,0.9105367660522461,0.485391229391098
YCR053W,YPL145C,1,-0.08280516,0.1589805781841278,0.9115307927131653,0.485391229391098
YML012W,YCL057C-A,0,-0.08290295,0.15895302593708038,0.9115307927131653,0.4854913055896759
YLR364W,YJR045C,0,-0.08331919,0.15892547369003296,0.9115307927131653,0.4855913519859314
YPL106C,YEL054C,0,-0.084041625,0.15889793634414673,0.9115307927131653,0.4856914281845093
YDL069C,YML088W,0,-0.084070124,0.1588704138994217,0.9115307927131653,0.48579147458076477
YNL077W,YBR251W,0,-0.08413951,0.15884289145469666,0.9115307927131653,0.48589152097702026
YJL044C,YDR363W-A,0,-0.08438498,0.1588153839111328,0.9115307927131653,0.48599159717559814
YPR158C-D,YLR176C,0,-0.084698394,0.15878787636756897,0.9115307927131653,0.48609164357185364
YNL185C,YBR035C,0,-0.085148126,0.15876038372516632,0.9115307927131653,0.4861917197704315
YPL103C,YMR150C,0,-0.08531771,0.15873290598392487,0.9115307927131653,0.486291766166687
YOR237W,YDR059C,1,-0.08559579,0.15887850522994995,0.9125248789787292,0.486291766166687
YDR022C,YOL065C,0,-0.086056665,0.1588510125875473,0.9125248789787292,0.4863918423652649
YGR292W,YDR448W,0,-0.08633723,0.15882353484630585,0.9125248789787292,0.4864918887615204
YDR440W,YDR210W-B,0,-0.08642107,0.1587960571050644,0.9125248789787292,0.48659196496009827
YPL059W,YFL037W,0,-0.08652474,0.15876859426498413,0.9125248789787292,0.48669201135635376
YKL089W,YKL140W,0,-0.08678297,0.15874113142490387,0.9125248789787292,0.48679208755493164
YHR025W,YGR006W,0,-0.08680035,0.158713698387146,0.9125248789787292,0.48689213395118713
YFR005C,YOL120C,0,-0.086854324,0.15868625044822693,0.9125248789787292,0.486992210149765
YJR075W,YBR030W,0,-0.08771442,0.15865883231163025,0.9125248789787292,0.4870922565460205
YDL229W,YKL154W,0,-0.0882847,0.15863141417503357,0.9125248789787292,0.487192302942276
YHL019C,YGR075C,0,-0.088408515,0.15860401093959808,0.9125248789787292,0.4872923791408539
YAL043C,YPL038W,0,-0.08996643,0.1585766077041626,0.9125248789787292,0.4873924255371094
YJR075W,YML009C,0,-0.08998557,0.1585492193698883,0.9125248789787292,0.48749250173568726
YER083C,YOL031C,0,-0.090136856,0.1585218459367752,0.9125248789787292,0.48759254813194275
YOR381W,YLR078C,0,-0.09128819,0.1584944725036621,0.9125248789787292,0.48769262433052063
YJR110W,YOR326W,0,-0.09256743,0.1584671139717102,0.9125248789787292,0.4877926707267761
YHR028C,YGR014W,0,-0.09300521,0.1584397703409195,0.9125248789787292,0.487892746925354
YMR098C,YGR062C,0,-0.093018636,0.15841242671012878,0.9125248789787292,0.4879927933216095
YER110C,YPR042C,0,-0.09304251,0.15838509798049927,0.9125248789787292,0.4880928695201874
YOR242C,YCR054C,0,-0.093412526,0.15835776925086975,0.9125248789787292,0.48819291591644287
YOR278W,YPL091W,0,-0.09430063,0.15833045542240143,0.9125248789787292,0.48829296231269836
YDR424C,YBL093C,0,-0.094425336,0.1583031564950943,0.9125248789787292,0.48839303851127625
YJR145C,YOL077C,0,-0.09471144,0.15827585756778717,0.9125248789787292,0.48849308490753174
YIR037W,YBL057C,0,-0.09481755,0.15824857354164124,0.9125248789787292,0.4885931611061096
YIL160C,YHR181W,0,-0.09597547,0.1582213044166565,0.9125248789787292,0.4886932075023651
YGR088W,YGR156W,0,-0.096357316,0.15819403529167175,0.9125248789787292,0.488793283700943
YNL311C,YHL047C,0,-0.09663099,0.1581667810678482,0.9125248789787292,0.4888933300971985
YGR009C,YNL054W-B,0,-0.096655026,0.15813954174518585,0.9125248789787292,0.48899340629577637
YBR166C,YDL112W,0,-0.09704974,0.1581123024225235,0.9125248789787292,0.48909345269203186
YLL038C,YNL093W,1,-0.09713459,0.15825727581977844,0.9135189056396484,0.48909345269203186
YIR023W,YGR218W,0,-0.097369745,0.1582300215959549,0.9135189056396484,0.48919352889060974
YDL067C,YGR063C,0,-0.09756827,0.15820278227329254,0.9135189056396484,0.48929357528686523
YNR040W,YCR053W,0,-0.09819616,0.15817555785179138,0.9135189056396484,0.4893936216831207
YPL159C,YBL037W,0,-0.09829895,0.15814833343029022,0.9135189056396484,0.4894936978816986
YER148W,YDR197W,0,-0.09907893,0.15812112390995026,0.9135189056396484,0.4895937442779541
YNL129W,YBL074C,0,-0.099487185,0.15809392929077148,0.9135189056396484,0.489693820476532
YDR253C,YML088W,0,-0.10025522,0.1580667346715927,0.9135189056396484,0.4897938668727875
YHR167W,YGL031C,0,-0.10027805,0.15803955495357513,0.9135189056396484,0.48989394307136536
YKR061W,YLR204W,0,-0.10160335,0.15801237523555756,0.9135189056396484,0.48999398946762085
YML129C,YNL136W,0,-0.10205847,0.15798521041870117,0.9135189056396484,0.49009406566619873
YNL046W,YKL198C,0,-0.102170065,0.15795806050300598,0.9135189056396484,0.4901941120624542
YMR316W,YPL157W,0,-0.10232477,0.1579309105873108,0.9135189056396484,0.4902941882610321
YGL210W,YJR094W-A,0,-0.102544785,0.1579037755727768,0.9135189056396484,0.4903942346572876
YNR050C,YCR098C,0,-0.10277582,0.157876655459404,0.9135189056396484,0.4904943108558655
YBL106C,YLR126C,0,-0.10283138,0.1578495353460312,0.9135189056396484,0.49059435725212097
YCR039C,YLR097C,0,-0.10319865,0.15782243013381958,0.9135189056396484,0.49069440364837646
YDR466W,YHR136C,0,-0.10335219,0.15779532492160797,0.9135189056396484,0.49079447984695435
YDR126W,YKL017C,0,-0.10352574,0.15776823461055756,0.9135189056396484,0.49089452624320984
YKR094C,YOL125W,0,-0.103533216,0.15774115920066833,0.9135189056396484,0.4909946024417877
YBR207W,YOR008C,1,-0.103706375,0.15788570046424866,0.9145129323005676,0.4909946024417877
YLR109W,YDR387C,0,-0.10371353,0.15785861015319824,0.9145129323005676,0.4910946488380432
YER029C,YOR270C,0,-0.10385408,0.15783153474330902,0.9145129323005676,0.4911947250366211
YHR143W,YDR210W-B,0,-0.103864774,0.1578044593334198,0.9145129323005676,0.4912947714328766
YOR155C,YBR251W,0,-0.10389823,0.15777739882469177,0.9145129323005676,0.49139484763145447
YDR465C,YDR077W,0,-0.1040221,0.15775033831596375,0.9145129323005676,0.49149489402770996
YDR447C,YDR055W,0,-0.10415803,0.1577232927083969,0.9145129323005676,0.49159497022628784
YHR089C,YBL055C,0,-0.10454403,0.15769626200199127,0.9145129323005676,0.49169501662254333
YPL019C,YDR363W-A,0,-0.10456219,0.15766923129558563,0.9145129323005676,0.49179506301879883
YGR124W,YDR447C,0,-0.106231555,0.1576422154903412,0.9145129323005676,0.4918951392173767
YDR264C,YAR044W,1,-0.10636761,0.1577865332365036,0.9155069589614868,0.4918951392173767
YKL004W,YKL154W,0,-0.10639014,0.15775950253009796,0.9155069589614868,0.4919951856136322
YGL021W,YDR534C,0,-0.106482565,0.15773248672485352,0.9155069589614868,0.4920952618122101
YGL178W,YBL069W,0,-0.10661647,0.15770548582077026,0.9155069589614868,0.4921953082084656
YGR058W,YEL002C,0,-0.106624395,0.157678484916687,0.9155069589614868,0.49229538440704346
YDR312W,YJR045C,0,-0.10677168,0.15765148401260376,0.9155069589614868,0.49239543080329895
YDR536W,YDR495C,0,-0.10687731,0.1576245129108429,0.9155069589614868,0.49249550700187683
YDL229W,YOL138C,0,-0.10702811,0.15759754180908203,0.9155069589614868,0.4925955533981323
YBL024W,YOR201C,0,-0.1073085,0.15757057070732117,0.9155069589614868,0.4926956295967102
YER027C,YOR192C-A,0,-0.10777118,0.1575436145067215,0.9155069589614868,0.4927956759929657
YFL004W,YKR094C,0,-0.10898566,0.15751667320728302,0.9155069589614868,0.4928957521915436
YOR381W,YDL138W,0,-0.1093061,0.15748974680900574,0.9155069589614868,0.4929957985877991
YCL055W,YDR529C,0,-0.10982576,0.15746282041072845,0.9155069589614868,0.49309584498405457
YNR040W,YHR036W,0,-0.11018729,0.15743589401245117,0.9155069589614868,0.49319592118263245
YPR049C,YMR098C,0,-0.11061083,0.15740898251533508,0.9155069589614868,0.49329596757888794
YML094W,YGR295C,0,-0.11102649,0.1573820859193802,0.9155069589614868,0.4933960437774658
YPL149W,YOR221C,0,-0.11104889,0.1573552042245865,0.9155069589614868,0.4934960901737213
YIL027C,YHL019C,0,-0.11127925,0.15732832252979279,0.9155069589614868,0.4935961663722992
YPL231W,YGR061C,0,-0.111591905,0.15730145573616028,0.9155069589614868,0.4936962127685547
YDL138W,YPL231W,0,-0.11170046,0.15727458894252777,0.9155069589614868,0.49379628896713257
YBR198C,YLR306W,0,-0.11215513,0.15724773705005646,0.9155069589614868,0.49389633536338806
YPR063C,YMR247C,0,-0.112978905,0.15722090005874634,0.9155069589614868,0.49399641156196594
YER087C-A,YLR176C,0,-0.11378628,0.15719406306743622,0.9155069589614868,0.49409645795822144
YDR261W-B,YLR158C,0,-0.11385596,0.1571672409772873,0.9155069589614868,0.49419650435447693
YFL041W,YCL057C-A,0,-0.11413461,0.15714041888713837,0.9155069589614868,0.4942965805530548
YHL009W-B,YLR100W,0,-0.1144986,0.15711361169815063,0.9155069589614868,0.4943966269493103
YER036C,YNL185C,0,-0.11482207,0.1570868194103241,0.9155069589614868,0.4944967031478882
YDR050C,YMR312W,0,-0.11497618,0.15706002712249756,0.9155069589614868,0.4945967495441437
YCR098C,YBR040W,0,-0.11525552,0.15703324973583221,0.9155069589614868,0.49469682574272156
YLR450W,YML087C,0,-0.11542966,0.15700647234916687,0.9155069589614868,0.49479687213897705
YLR304C,YML048W,0,-0.115565374,0.15697970986366272,0.9155069589614868,0.49489694833755493
YER184C,YER112W,0,-0.11588678,0.15695296227931976,0.9155069589614868,0.4949969947338104
YPR137C-B,YBR033W,0,-0.116169445,0.156926229596138,0.9155069589614868,0.4950970709323883
YDL185W,YAL035W,0,-0.11661973,0.15689948201179504,0.9155069589614868,0.4951971173286438
YNL210W,YDR011W,0,-0.116637215,0.15687276422977448,0.9155069589614868,0.4952971637248993
YHR116W,YEL061C,0,-0.11674115,0.1568460464477539,0.9155069589614868,0.4953972399234772
YLR433C,YGR071C,0,-0.11690587,0.15681934356689453,0.9155069589614868,0.49549728631973267
YER091C,YBR207W,0,-0.11702019,0.15679264068603516,0.9155069589614868,0.49559736251831055
YGR292W,YPR031W,0,-0.11716694,0.15676595270633698,0.9155069589614868,0.49569740891456604
YBR207W,YGR198W,1,-0.11740309,0.15690946578979492,0.916500985622406,0.49569740891456604
YPL101W,YJR068W,0,-0.11749247,0.15688276290893555,0.916500985622406,0.4957974851131439
YKL183W,YDR443C,0,-0.11754898,0.15685607492923737,0.916500985622406,0.4958975315093994
YIL072W,YGR054W,0,-0.118729845,0.15682938694953918,0.916500985622406,0.4959976077079773
YKL100C,YJL170C,0,-0.11876128,0.1568027138710022,0.916500985622406,0.4960976541042328
YBL061C,YML009C,0,-0.119700894,0.1567760556936264,0.916500985622406,0.49619773030281067
YEL059C-A,YLL050C,0,-0.11985053,0.1567493975162506,0.916500985622406,0.49629777669906616
YNR050C,YEL016C,0,-0.11996138,0.156722754240036,0.916500985622406,0.49639785289764404
YJL072C,YGL222C,0,-0.12013644,0.1566961258649826,0.916500985622406,0.49649789929389954
YHR067W,YOR069W,0,-0.12016287,0.1566694974899292,0.916500985622406,0.49659794569015503
YNL046W,YDR315C,0,-0.12078276,0.156642884016037,0.916500985622406,0.4966980218887329
YOR192C-B,YAR018C,0,-0.1208006,0.15661627054214478,0.916500985622406,0.4967980682849884
YDR261W-B,YPR021C,0,-0.12106894,0.15658967196941376,0.916500985622406,0.4968981444835663
YOR348C,YJL019W,0,-0.12138407,0.15656308829784393,0.916500985622406,0.4969981908798218
YFR032C-A,YBR050C,0,-0.12155374,0.1565365046262741,0.916500985622406,0.49709826707839966
YLR356W,YBR273C,0,-0.12171227,0.15650993585586548,0.916500985622406,0.49719831347465515
YLR035C-A,YDR034C-C,0,-0.12203848,0.15648336708545685,0.916500985622406,0.49729838967323303
YDR424C,YPL090C,0,-0.12211087,0.1564568132162094,0.916500985622406,0.4973984360694885
YGR101W,YIL112W,0,-0.12236601,0.15643027424812317,0.916500985622406,0.4974985122680664
YPR137C-B,YJL025W,0,-0.12257072,0.15640373528003693,0.916500985622406,0.4975985586643219
YKL089W,YGL089C,0,-0.1226651,0.15637721121311188,0.916500985622406,0.4976986050605774
YML012W,YOL007C,0,-0.12291079,0.15635068714618683,0.916500985622406,0.4977986812591553
YJL143W,YKR094C,0,-0.12351456,0.15632417798042297,0.916500985622406,0.49789872765541077
YMR166C,YDR315C,0,-0.124026835,0.1562976837158203,0.916500985622406,0.49799880385398865
YHR021C,YDR456W,0,-0.12413085,0.15627118945121765,0.916500985622406,0.49809885025024414
YBR283C,YOR221C,0,-0.12428189,0.15624471008777618,0.916500985622406,0.498198926448822
YDR219C,YKR104W,0,-0.12471008,0.15621823072433472,0.916500985622406,0.4982989728450775
YAL020C,YBR251W,0,-0.12494503,0.15619176626205444,0.916500985622406,0.4983990490436554
YIL109C,YLR414C,0,-0.124988586,0.15616531670093536,0.916500985622406,0.4984990954399109
YBR159W,YOR174W,0,-0.12527394,0.15613886713981628,0.916500985622406,0.49859917163848877
YCR077C,YKL116C,0,-0.1256414,0.1561124324798584,0.916500985622406,0.49869921803474426
YBL030C,YPL281C,0,-0.12612948,0.1560859978199005,0.916500985622406,0.49879929423332214
YKL010C,YER164W,0,-0.12680598,0.15605957806110382,0.916500985622406,0.49889934062957764
YDL101C,YMR292W,0,-0.1269484,0.15603317320346832,0.916500985622406,0.49899938702583313
YBR240C,YFR007W,0,-0.12736729,0.15600676834583282,0.916500985622406,0.499099463224411
YDL056W,YMR037C,0,-0.12781698,0.15598037838935852,0.916500985622406,0.4991995096206665
YPL121C,YCR075C,0,-0.12789038,0.15595398843288422,0.916500985622406,0.4992995858192444
YGL161C,YDR421W,0,-0.12937942,0.1559276133775711,0.916500985622406,0.4993996322154999
YDR170W-A,YBR084W,0,-0.1296872,0.1559012532234192,0.916500985622406,0.49949970841407776
YOL139C,YER173W,0,-0.12971112,0.15587489306926727,0.916500985622406,0.49959975481033325
YLR337W,YHR114W,1,-0.12980124,0.15601758658885956,0.9174950122833252,0.49959975481033325
YOL056W,YJL189W,0,-0.13010839,0.15599121153354645,0.9174950122833252,0.49969983100891113
YER070W,YNL128W,0,-0.130941,0.15596485137939453,0.9174950122833252,0.4997998774051666
YGR029W,YER161C,0,-0.13120201,0.1559385061264038,0.9174950122833252,0.4998999536037445
YOR224C,YGL059W,0,-0.13149112,0.15591216087341309,0.9174950122833252,0.5
YOR039W,YNL149C,0,-0.13200359,0.15588583052158356,0.9174950122833252,0.5001000761985779
YOR233W,YGL155W,0,-0.13248356,0.15585950016975403,0.9174950122833252,0.500200092792511
YLR096W,YGL147C,0,-0.13299978,0.1558331996202469,0.9174950122833252,0.5003001689910889
YOR265W,YDR034C-C,0,-0.133292,0.15580688416957855,0.9174950122833252,0.5004002451896667
YEL064C,YFR006W,0,-0.13351437,0.1557805836200714,0.9174950122833252,0.5005003213882446
YNL291C,YDR487C,0,-0.1336161,0.15575429797172546,0.9174950122833252,0.5006003379821777
YOR356W,YDR096W,0,-0.13381712,0.1557280272245407,0.9174950122833252,0.5007004141807556
YEL021W,YGL157W,0,-0.13382892,0.15570175647735596,0.9174950122833252,0.5008004903793335
YJL156C,YFL037W,0,-0.13407704,0.1556755006313324,0.9174950122833252,0.5009005665779114
YOR066W,YLR438C-A,0,-0.13418186,0.15564924478530884,0.9174950122833252,0.5010005831718445
YJR025C,YEL016C,0,-0.1342814,0.15562300384044647,0.9174950122833252,0.5011006593704224
YLL013C,YIL039W,0,-0.13448125,0.1555967628955841,0.9174950122833252,0.5012007355690002
YPL048W,YAL062W,0,-0.1345002,0.15557053685188293,0.9174950122833252,0.5013007521629333
YBL101W-A,YPR021C,0,-0.13471779,0.15554432570934296,0.9174950122833252,0.5014008283615112
YOR175C,YLR045C,0,-0.13525113,0.15551811456680298,0.9174950122833252,0.5015009045600891
YIL150C,YKL028W,0,-0.1361343,0.1554919183254242,0.9174950122833252,0.501600980758667
YJR158W,YGL084C,0,-0.13622305,0.1554657220840454,0.9174950122833252,0.5017009973526001
YDR424C,YJL046W,0,-0.13675542,0.15543954074382782,0.9174950122833252,0.501801073551178
YOL125W,YDL130W-A,0,-0.13748394,0.15541337430477142,0.9174950122833252,0.5019011497497559
YDR424C,YDL146W,0,-0.13753279,0.15538720786571503,0.9174950122833252,0.5020012259483337
YML015C,YDR054C,0,-0.13769051,0.15536105632781982,0.9174950122833252,0.5021012425422668
YOR057W,YOR240W,0,-0.13798398,0.15533490478992462,0.9174950122833252,0.5022013187408447
YCL075W,YJL056C,0,-0.13828935,0.1553087681531906,0.9174950122833252,0.5023013949394226
YMR023C,YER053C,0,-0.13844797,0.1552826315164566,0.9174950122833252,0.5024014115333557
YER099C,YDR248C,0,-0.13848726,0.15525652468204498,0.9174950122833252,0.5025014877319336
YPR041W,YKR009C,0,-0.13945177,0.15523040294647217,0.9174950122833252,0.5026015639305115
YOR348C,YDL143W,0,-0.13950233,0.15520431101322174,0.9174950122833252,0.5027016401290894
YBR012W-A,YMR211W,0,-0.13957757,0.15517820417881012,0.9174950122833252,0.5028016567230225
YNL185C,YER161C,0,-0.14010647,0.1551521271467209,0.9174950122833252,0.5029017329216003
YOL031C,YDL195W,0,-0.14033738,0.15512605011463165,0.9174950122833252,0.5030018091201782
YDL204W,YGR154C,0,-0.14053354,0.1550999879837036,0.9174950122833252,0.5031018853187561
YNR001C,YOR343W-A,0,-0.14055097,0.15507392585277557,0.9174950122833252,0.5032019019126892
YMR042W,YGR123C,0,-0.14071263,0.15504787862300873,0.9174950122833252,0.5033019781112671
YDL231C,YHL047C,0,-0.14126387,0.15502183139324188,0.9174950122833252,0.503402054309845
YDR239C,YOL123W,0,-0.14144138,0.15499579906463623,0.9174950122833252,0.5035021305084229
YNL242W,YLR188W,0,-0.14167413,0.15496978163719177,0.9174950122833252,0.503602147102356
YLR364W,YMR004W,0,-0.1417869,0.15494376420974731,0.9174950122833252,0.5037022233009338
YBR159W,YGR218W,0,-0.14185295,0.15491776168346405,0.9174950122833252,0.5038022994995117
YML009C,YDR116C,0,-0.14231151,0.1548917591571808,0.9174950122833252,0.5039023160934448
YDL006W,YCL066W,0,-0.14236227,0.15486577153205872,0.9174950122833252,0.5040023922920227
YDR313C,YJR135W-A,0,-0.14243072,0.15483979880809784,0.9174950122833252,0.5041024684906006
YLR396C,YLR357W,0,-0.14251634,0.15481382608413696,0.9174950122833252,0.5042025446891785
YBL074C,YKL021C,0,-0.14304277,0.1547878533601761,0.9174950122833252,0.5043025612831116
YFR008W,YCR010C,0,-0.14337274,0.1547619104385376,0.9174950122833252,0.5044026374816895
YDR034C-C,YDR298C,0,-0.14363289,0.15473595261573792,0.9174950122833252,0.5045027136802673
YNL308C,YOR080W,0,-0.14369212,0.15471002459526062,0.9174950122833252,0.5046027898788452
YDR447C,YFR007W,0,-0.14468744,0.15468409657478333,0.9174950122833252,0.5047028064727783
YPR168W,YNL119W,0,-0.14473183,0.15465818345546722,0.9174950122833252,0.5048028826713562
YMR198W,YLR419W,0,-0.14524257,0.15463227033615112,0.9174950122833252,0.5049029588699341
YPL281C,YGR014W,0,-0.14580247,0.15460637211799622,0.9174950122833252,0.5050029754638672
YNL054W-B,YPR081C,0,-0.14598455,0.1545804738998413,0.9174950122833252,0.5051030516624451
YKR037C,YKL158W,0,-0.14621012,0.1545545905828476,0.9174950122833252,0.505203127861023
YOR237W,YLR371W,1,-0.14646661,0.15469613671302795,0.9184890389442444,0.505203127861023
YLR099C,YLR438C-A,0,-0.14665672,0.15467023849487305,0.9184890389442444,0.5053032040596008
YOR278W,YGR026W,0,-0.14704895,0.15464435517787933,0.9184890389442444,0.5054032206535339
YEL038W,YOR356W,0,-0.14787254,0.15461847186088562,0.9184890389442444,0.5055032968521118
YPR070W,YDR402C,0,-0.14813945,0.1545926034450531,0.9184890389442444,0.5056033730506897
YCL031C,YPL103C,0,-0.14825225,0.15456674993038177,0.9184890389442444,0.5057034492492676
YMR235C,YJL221C,0,-0.14828342,0.15454089641571045,0.9184890389442444,0.5058034658432007
YER030W,YKL056C,0,-0.1483187,0.15451504290103912,0.9184890389442444,0.5059035420417786
YBR198C,YML037C,0,-0.148624,0.15448921918869019,0.9184890389442444,0.5060036182403564
YCR039C,YGR220C,0,-0.14877525,0.15446339547634125,0.9184890389442444,0.5061036348342896
YPR054W,YHR011W,0,-0.14912522,0.1544375717639923,0.9184890389442444,0.5062037110328674
YHR184W,YNL015W,0,-0.14915313,0.15441176295280457,0.9184890389442444,0.5063037872314453
YDR261W-B,YDR044W,0,-0.14919111,0.15438596904277802,0.9184890389442444,0.5064038634300232
YOR179C,YNR001C,0,-0.14919585,0.15436017513275146,0.9184890389442444,0.5065038800239563
YHR207C,YGR194C,0,-0.14955555,0.1543343961238861,0.9184890389442444,0.5066039562225342
YNL311C,YBR058C,0,-0.14970316,0.15430861711502075,0.9184890389442444,0.5067040324211121
YER159C-A,YDR483W,0,-0.14981031,0.1542828530073166,0.9184890389442444,0.5068041086196899
YNL210W,YGL210W,0,-0.15040016,0.15425708889961243,0.9184890389442444,0.506904125213623
YGR104C,YIR002C,0,-0.1513749,0.15423133969306946,0.9184890389442444,0.5070042014122009
YFR003C,YMR098C,0,-0.15146938,0.15420560538768768,0.9184890389442444,0.5071042776107788
YEL002C,YNL101W,0,-0.15288812,0.1541798710823059,0.9184890389442444,0.5072042942047119
YHL008C,YJR058C,0,-0.153379,0.15415415167808533,0.9184890389442444,0.5073043704032898
YMR221C,YGR162W,0,-0.15372553,0.15412844717502594,0.9184890389442444,0.5074044466018677
YDL190C,YAL043C,0,-0.15451796,0.15410272777080536,0.9184890389442444,0.5075045228004456
YOR047C,YDR368W,0,-0.15488382,0.15407703816890717,0.9184890389442444,0.5076045393943787
YGL213C,YBR009C,0,-0.15516427,0.15405134856700897,0.9184890389442444,0.5077046155929565
YBR082C,YNL015W,0,-0.1551671,0.15402567386627197,0.9184890389442444,0.5078046917915344
YDL229W,YFL004W,0,-0.15524709,0.15399999916553497,0.9184890389442444,0.5079047679901123
YOL100W,YBL069W,0,-0.1555047,0.15397433936595917,0.9184890389442444,0.5080047845840454
YBR237W,YDL056W,0,-0.15550828,0.15394867956638336,0.9184890389442444,0.5081048607826233
YMR306W,YDR523C,0,-0.15557861,0.15392303466796875,0.9184890389442444,0.5082049369812012
YLL038C,YAL026C,1,-0.15600027,0.15406395494937897,0.9194831252098083,0.5082049369812012
YHR025W,YKL017C,0,-0.15618326,0.15403829514980316,0.9194831252098083,0.5083049535751343
YPL258C,YNL244C,0,-0.1562066,0.15401265025138855,0.9194831252098083,0.5084050297737122
YBR022W,YJR033C,0,-0.15622535,0.15398702025413513,0.9194831252098083,0.50850510597229
YBR050C,YLL035W,0,-0.15633176,0.1539613902568817,0.9194831252098083,0.5086051821708679
YLR142W,YHR116W,0,-0.15656468,0.1539357602596283,0.9194831252098083,0.508705198764801
YGR189C,YDR483W,0,-0.15853316,0.15391014516353607,0.9194831252098083,0.5088052749633789
YDR139C,YKL028W,0,-0.15913415,0.15388454496860504,0.9194831252098083,0.5089053511619568
YIR017C,YMR163C,0,-0.15926898,0.153858944773674,0.9194831252098083,0.5090054273605347
YIL051C,YDR400W,0,-0.15932664,0.15383335947990417,0.9194831252098083,0.5091054439544678
YNL054W-B,YPR016C,0,-0.15966834,0.15380778908729553,0.9194831252098083,0.5092055201530457
YKR050W,YKL024C,0,-0.16058466,0.1537822037935257,0.9194831252098083,0.5093055963516235
YHR186C,YBR185C,0,-0.1611608,0.15375664830207825,0.9194831252098083,0.5094056725502014
YLR008C,YPR158C-D,0,-0.16147871,0.1537310928106308,0.9194831252098083,0.5095056891441345
YOL092W,YGR286C,0,-0.16207305,0.15370555222034454,0.9194831252098083,0.5096057653427124
YMR224C,YOR217W,0,-0.16247383,0.1536800116300583,0.9194831252098083,0.5097058415412903
YGR104C,YPR166C,0,-0.16314021,0.15365448594093323,0.9194831252098083,0.5098058581352234
YER148W,YBR012W-B,0,-0.16320333,0.15362896025180817,0.9194831252098083,0.5099059343338013
YMR235C,YNL311C,0,-0.16386548,0.1536034494638443,0.9194831252098083,0.5100060105323792
YPL101W,YML063W,0,-0.16473946,0.15357795357704163,0.9194831252098083,0.510106086730957
YOR192C-A,YLR385C,0,-0.16509469,0.15355245769023895,0.9194831252098083,0.5102061033248901
YIL078W,YLR403W,0,-0.16521238,0.15352697670459747,0.9194831252098083,0.510306179523468
YOR348C,YPL143W,0,-0.16527732,0.153501495718956,0.9194831252098083,0.5104062557220459
YLR098C,YOR369C,0,-0.16531587,0.1534760296344757,0.9194831252098083,0.5105063319206238
YLL062C,YGR071C,0,-0.16598298,0.15345056354999542,0.9194831252098083,0.5106063485145569
YBL093C,YJL164C,0,-0.1663734,0.15342511236667633,0.9194831252098083,0.5107064247131348
YMR235C,YDL130W,0,-0.16710155,0.15339966118335724,0.9194831252098083,0.5108065009117126
YPL051W,YPL022W,0,-0.167442,0.15337423980236053,0.9194831252098083,0.5109065175056458
YLR221C,YOR242C,0,-0.16853198,0.15334880352020264,0.9194831252098083,0.5110065937042236
YBL088C,YDR456W,0,-0.16872358,0.15332338213920593,0.9194831252098083,0.5111066699028015
YCR010C,YAL003W,0,-0.16883036,0.15329797565937042,0.9194831252098083,0.5112067461013794
YDR265W,YPR042C,0,-0.16884789,0.1532725840806961,0.9194831252098083,0.5113067626953125
YLR008C,YBR024W,0,-0.16954957,0.1532471776008606,0.9194831252098083,0.5114068388938904
YLL001W,YLR381W,0,-0.16990292,0.15322180092334747,0.9194831252098083,0.5115069150924683
YNL301C,YKL028W,0,-0.17050663,0.15319642424583435,0.9194831252098083,0.5116069912910461
YIL160C,YHR052W,0,-0.17081839,0.15317104756832123,0.9194831252098083,0.5117070078849792
YGR292W,YHR099W,0,-0.17083639,0.1531457006931305,0.9194831252098083,0.5118070840835571
YPL194W,YGR035C,0,-0.1709578,0.15312033891677856,0.9194831252098083,0.511907160282135
YMR314W,YPL174C,0,-0.17119512,0.15309500694274902,0.9194831252098083,0.5120071768760681
YNL086W,YER087C-A,0,-0.17147252,0.1530696600675583,0.9194831252098083,0.512107253074646
YGL106W,YLR079W,0,-0.17189327,0.15304434299468994,0.9194831252098083,0.5122073292732239
YPR036W,YML009C,0,-0.17195112,0.1530190259218216,0.9194831252098083,0.5123074054718018
YJR110W,YBL093C,0,-0.17203416,0.15299370884895325,0.9194831252098083,0.5124074220657349
YOR120W,YDR288W,0,-0.1722329,0.1529684066772461,0.9194831252098083,0.5125074982643127
YDL231C,YKL042W,0,-0.17276786,0.15294311940670013,0.9194831252098083,0.5126075744628906
YOR066W,YDR483W,0,-0.1728239,0.15291783213615417,0.9194831252098083,0.5127076506614685
YOR089C,YLL038C,1,-0.17290364,0.15305785834789276,0.9204771518707275,0.5127076506614685
YJL198W,YDR038C,0,-0.17319432,0.1530325561761856,0.9204771518707275,0.5128076672554016
YKL156W,YMR150C,0,-0.17447704,0.15300726890563965,0.9204771518707275,0.5129077434539795
YOR315W,YEL016C,0,-0.1745435,0.15298199653625488,0.9204771518707275,0.5130078196525574
YJL129C,YOR014W,0,-0.17507423,0.15295672416687012,0.9204771518707275,0.5131078362464905
YPR063C,YOR075W,0,-0.17510857,0.15293146669864655,0.9204771518707275,0.5132079124450684
YNL129W,YLR403W,0,-0.17642151,0.15290620923042297,0.9204771518707275,0.5133079886436462
YER120W,YLR438C-A,0,-0.17648911,0.1528809666633606,0.9204771518707275,0.5134080648422241
YMR094W,YIL090W,0,-0.17681661,0.15285572409629822,0.9204771518707275,0.5135080814361572
YPR137C-B,YDR031W,0,-0.17697611,0.15283049643039703,0.9204771518707275,0.5136081576347351
YML129C,YHR101C,0,-0.17721453,0.15280528366565704,0.9204771518707275,0.513708233833313
YOL127W,YDR402C,0,-0.17754279,0.15278007090091705,0.9204771518707275,0.5138083100318909
YEL013W,YHR044C,0,-0.1787397,0.15275487303733826,0.9204771518707275,0.513908326625824
YDR283C,YML074C,0,-0.17906597,0.15272967517375946,0.9204771518707275,0.5140084028244019
YBL106C,YGL035C,0,-0.17936175,0.15270449221134186,0.9204771518707275,0.5141084790229797
YDR440W,YDR046C,0,-0.18119897,0.15267930924892426,0.9204771518707275,0.5142084956169128
YKL178C,YCR081W,0,-0.18160638,0.15265414118766785,0.9204771518707275,0.5143085718154907
YBL064C,YHR140W,0,-0.18211496,0.15262897312641144,0.9204771518707275,0.5144086480140686
YLR139C,YGR188C,0,-0.18224883,0.15260381996631622,0.9204771518707275,0.5145087242126465
YPR063C,YIL155C,0,-0.1825608,0.1525786817073822,0.9204771518707275,0.5146087408065796
YPL121C,YDR038C,0,-0.18256104,0.15255354344844818,0.9204771518707275,0.5147088170051575
YBR035C,YNL012W,0,-0.18323025,0.15252842009067535,0.9204771518707275,0.5148088932037354
YEL065W,YJR045C,0,-0.1837754,0.15250329673290253,0.9204771518707275,0.5149089694023132
YKL088W,YMR282C,0,-0.18461898,0.1524781882762909,0.9204771518707275,0.5150089859962463
YOR150W,YML115C,0,-0.18479009,0.15245307981967926,0.9204771518707275,0.5151090621948242
YER096W,YDR297W,0,-0.18542886,0.15242798626422882,0.9204771518707275,0.5152091383934021
YLR035C-A,YPL202C,0,-0.18546134,0.15240289270877838,0.9204771518707275,0.51530921459198
YNL128W,YPL186C,0,-0.1868724,0.15237781405448914,0.9204771518707275,0.5154092311859131
YOL138C,YHR028C,0,-0.18755402,0.15235275030136108,0.9204771518707275,0.515509307384491
YKL218C,YGR218W,0,-0.18806396,0.15232768654823303,0.9204771518707275,0.5156093835830688
YDR322W,YLL001W,0,-0.18903999,0.15230263769626617,0.9204771518707275,0.515709400177002
YCR081W,YJR134C,0,-0.18951124,0.15227758884429932,0.9204771518707275,0.5158094763755798
YBR240C,YIL090W,0,-0.18951127,0.15225255489349365,0.9204771518707275,0.5159095525741577
YML005W,YER164W,0,-0.18953279,0.152227520942688,0.9204771518707275,0.5160096287727356
YMR127C,YIL115C,0,-0.18971528,0.15220250189304352,0.9204771518707275,0.5161096453666687
YLL038C,YCR094W,1,-0.18972108,0.152341827750206,0.9214711785316467,0.5161096453666687
YDR018C,YDL067C,0,-0.1901613,0.15231679379940033,0.9214711785316467,0.5162097215652466
YCR096C,YDR326C,0,-0.19022833,0.15229177474975586,0.9214711785316467,0.5163097977638245
YEL038W,YNL039W,0,-0.1903718,0.1522667557001114,0.9214711785316467,0.5164098739624023
YFR006W,YBR185C,0,-0.19087142,0.1522417515516281,0.9214711785316467,0.5165098905563354
YOR240W,YOL125W,0,-0.19125596,0.15221674740314484,0.9214711785316467,0.5166099667549133
YMR043W,YLR439W,0,-0.19142038,0.15219175815582275,0.9214711785316467,0.5167100429534912
YBR033W,YBL021C,0,-0.19170131,0.15216676890850067,0.9214711785316467,0.5168100595474243
YER095W,YDR065W,0,-0.1922588,0.15214180946350098,0.9214711785316467,0.5169101357460022
YGL136C,YCR098C,0,-0.19239654,0.1521168351173401,0.9214711785316467,0.5170102119445801
YDL075W,YML087C,0,-0.19307485,0.1520918756723404,0.9214711785316467,0.517110288143158
YML034W,YJR059W,0,-0.19326648,0.1520669311285019,0.9214711785316467,0.5172103047370911
YMR247C,YLR450W,0,-0.19351372,0.1520419865846634,0.9214711785316467,0.517310380935669
YDR315C,YJL019W,0,-0.19358611,0.15201705694198608,0.9214711785316467,0.5174104571342468
YOR179C,YPL177C,0,-0.19362369,0.15199212729930878,0.9214711785316467,0.5175105333328247
YMR088C,YLR212C,0,-0.19402301,0.15196721255779266,0.9214711785316467,0.5176105499267578
YJR094W-A,YPL033C,0,-0.19478133,0.15194229781627655,0.9214711785316467,0.5177106261253357
YGL039W,YCL066W,0,-0.1959166,0.15191739797592163,0.9214711785316467,0.5178107023239136
YDR316W-A,YAL003W,0,-0.19622561,0.1518925130367279,0.9214711785316467,0.5179107189178467
YDR248C,YML095C,0,-0.1969571,0.15186762809753418,0.9214711785316467,0.5180107951164246
YMR023C,YLR079W,0,-0.19739074,0.15184275805950165,0.9214711785316467,0.5181108713150024
YBR033W,YOR288C,0,-0.19754077,0.15181788802146912,0.9214711785316467,0.5182109475135803
YBL103C,YOL120C,0,-0.19763845,0.15179301798343658,0.9214711785316467,0.5183109641075134
YMR094W,YKL108W,0,-0.19846219,0.15176817774772644,0.9214711785316467,0.5184110403060913
YOL133W,YDR034C-C,0,-0.19864361,0.1517433226108551,0.9214711785316467,0.5185111165046692
YOR369C,YOR067C,0,-0.19885638,0.15171849727630615,0.9214711785316467,0.5186111927032471
YDL229W,YNL242W,0,-0.19925714,0.1516936719417572,0.9214711785316467,0.5187112092971802
YGR220C,YHR010W,0,-0.19968751,0.15166884660720825,0.9214711785316467,0.5188112854957581
YDL138W,YKL028W,0,-0.1997084,0.1516440361738205,0.9214711785316467,0.5189113616943359
YNL210W,YBR050C,0,-0.20063639,0.15161924064159393,0.9214711785316467,0.519011378288269
YHR076W,YLR154C,0,-0.20094815,0.15159444510936737,0.9214711785316467,0.5191114544868469
YOR347C,YDR443C,0,-0.20110428,0.1515696495771408,0.9214711785316467,0.5192115306854248
YLR048W,YBR297W,0,-0.20154884,0.15154486894607544,0.9214711785316467,0.5193116068840027
YPR158C-D,YER007W,0,-0.20161697,0.15152010321617126,0.9214711785316467,0.5194116234779358
YGL210W,YER056C-A,0,-0.20180276,0.1514953374862671,0.9214711785316467,0.5195116996765137
YML054C,YOR384W,0,-0.20187303,0.1514705866575241,0.9214711785316467,0.5196117758750916
YOR066W,YDL030W,0,-0.20209381,0.15144583582878113,0.9214711785316467,0.5197118520736694
YJL108C,YHL004W,0,-0.20214196,0.15142109990119934,0.9214711785316467,0.5198118686676025
YPL051W,YNL077W,0,-0.20260574,0.15139637887477875,0.9214711785316467,0.5199119448661804
YBL101W-A,YDR116C,0,-0.20290422,0.15137165784835815,0.9214711785316467,0.5200120210647583
YJL156C,YJL008C,0,-0.20361984,0.15134693682193756,0.9214711785316467,0.5201120376586914
YLR096W,YGR054W,0,-0.20364583,0.15132223069667816,0.9214711785316467,0.5202121138572693
YNL098C,YGR076C,0,-0.20373784,0.15129753947257996,0.9214711785316467,0.5203121900558472
YDR424C,YLL038C,0,-0.20381081,0.15127284824848175,0.9214711785316467,0.520412266254425
YDR424C,YDR093W,0,-0.20419785,0.15124815702438354,0.9214711785316467,0.5205122828483582
YDR170W-A,YLR086W,0,-0.20442854,0.15122349560260773,0.9214711785316467,0.520612359046936
YER068W,YEL061C,0,-0.20457304,0.15119881927967072,0.9214711785316467,0.5207124352455139
YBR123C,YHR023W,0,-0.20504048,0.1511741727590561,0.9214711785316467,0.5208125114440918
YPR036W,YLR099C,0,-0.20517166,0.15114952623844147,0.9214711785316467,0.5209125280380249
YOL138C,YJR025C,0,-0.20613971,0.15112487971782684,0.9214711785316467,0.5210126042366028
YPL085W,YKL212W,0,-0.20626235,0.1511002480983734,0.9214711785316467,0.5211126804351807
YJR001W,YBR084W,0,-0.20733833,0.15107561647891998,0.9214711785316467,0.5212127566337585
YLR364W,YEL002C,0,-0.20736933,0.15105099976062775,0.9214711785316467,0.5213127732276917
YGR104C,YPR108W,0,-0.2074591,0.1510263979434967,0.9214711785316467,0.5214128494262695
YLR337W,YOR327C,1,-0.20799667,0.1511646807193756,0.9224652051925659,0.5214128494262695
YAR015W,YKR048C,0,-0.20853218,0.15114006400108337,0.9224652051925659,0.5215129256248474
YMR290C,YMR211W,0,-0.20870818,0.15111544728279114,0.9224652051925659,0.5216129422187805
YOR257W,YOR224C,0,-0.20908356,0.1510908454656601,0.9224652051925659,0.5217130184173584
YKR105C,YDR116C,0,-0.20919752,0.15106625854969025,0.9224652051925659,0.5218130946159363
YGR123C,YLR014C,0,-0.20953092,0.1510416716337204,0.9224652051925659,0.5219131708145142
YBR048W,YAL013W,0,-0.20966461,0.15101708471775055,0.9224652051925659,0.5220131874084473
YPL121C,YGL251C,0,-0.20989718,0.1509925127029419,0.9224652051925659,0.5221132636070251
YEL065W,YKL024C,0,-0.21014337,0.15096795558929443,0.9224652051925659,0.522213339805603
YPL226W,YIL126W,0,-0.21061406,0.15094339847564697,0.9224652051925659,0.5223134160041809
YHR021C,YDR044W,0,-0.21122147,0.1509188413619995,0.9224652051925659,0.522413432598114
YML106W,YJR098C,0,-0.2114819,0.15089431405067444,0.9224652051925659,0.5225135087966919
YKL140W,YDR210W-B,0,-0.21185765,0.15086977183818817,0.9224652051925659,0.5226135849952698
YOR167C,YJL129C,0,-0.21265168,0.1508452594280243,0.9224652051925659,0.5227136015892029
YKR061W,YNR043W,0,-0.21286708,0.15082073211669922,0.9224652051925659,0.5228136777877808
YML015C,YDL192W,0,-0.21322569,0.15079623460769653,0.9224652051925659,0.5229137539863586
YDR501W,YGR188C,0,-0.21425782,0.15077173709869385,0.9224652051925659,0.5230138301849365
YIL026C,YGL084C,0,-0.21478605,0.15074723958969116,0.9224652051925659,0.5231138467788696
YNL213C,YJR126C,0,-0.21545918,0.15072275698184967,0.9224652051925659,0.5232139229774475
YOL007C,YGL157W,0,-0.21568298,0.15069827437400818,0.9224652051925659,0.5233139991760254
YKL140W,YOL019W,0,-0.21591361,0.15067380666732788,0.9224652051925659,0.5234140753746033
YPL226W,YBR273C,0,-0.21607362,0.15064935386180878,0.9224652051925659,0.5235140919685364
YDR197W,YDR032C,0,-0.21640962,0.15062490105628967,0.9224652051925659,0.5236141681671143
YDL143W,YGR234W,0,-0.21704806,0.15060044825077057,0.9224652051925659,0.5237142443656921
YMR122W-A,YDR362C,0,-0.21740144,0.15057602524757385,0.9224652051925659,0.5238142609596252
YKL178C,YBR142W,0,-0.21829331,0.15055158734321594,0.9224652051925659,0.5239143371582031
YKR062W,YOR288C,0,-0.21853243,0.15052716434001923,0.9224652051925659,0.524014413356781
YIL111W,YGR075C,0,-0.21870662,0.1505027562379837,0.9224652051925659,0.5241144895553589
YBR036C,YDL085W,0,-0.2188582,0.15047834813594818,0.9224652051925659,0.524214506149292
YOR192C-B,YOR092W,0,-0.21888521,0.15045395493507385,0.9224652051925659,0.5243145823478699
YOR337W,YMR012W,0,-0.21890405,0.15042956173419952,0.9224652051925659,0.5244146585464478
YPR137C-B,YOR037W,0,-0.21893194,0.1504051834344864,0.9224652051925659,0.5245147347450256
YDR380W,YHR011W,0,-0.2192375,0.15038082003593445,0.9224652051925659,0.5246147513389587
YPR158C-D,YER164W,0,-0.21926746,0.1503564417362213,0.9224652051925659,0.5247148275375366
YJL133W,YPL186C,0,-0.21934393,0.15033209323883057,0.9224652051925659,0.5248149037361145
YOR192C-B,YOL117W,0,-0.21960834,0.15030774474143982,0.9224652051925659,0.5249149203300476
YLR450W,YIL009C-A,0,-0.21987967,0.15028339624404907,0.9224652051925659,0.5250149965286255
YMR287C,YDL067C,0,-0.22047311,0.15025906264781952,0.9224652051925659,0.5251150727272034
YNL039W,YNL012W,0,-0.22079706,0.15023474395275116,0.9224652051925659,0.5252151489257812
YGL232W,YHR116W,0,-0.22091533,0.1502104252576828,0.9224652051925659,0.5253151655197144
YNL093W,YER166W,1,-0.22101778,0.15034794807434082,0.9234592318534851,0.5253151655197144
YHR089C,YBR082C,0,-0.2212103,0.15032362937927246,0.9234592318534851,0.5254152417182922
YKL178C,YNR020C,0,-0.22121942,0.1502993106842041,0.9234592318534851,0.5255153179168701
YDR283C,YJR045C,0,-0.22139144,0.15027499198913574,0.9234592318534851,0.525615394115448
YAL023C,YNL162W,0,-0.22155857,0.15025068819522858,0.9234592318534851,0.5257154107093811
YFR003C,YHR023W,0,-0.22159451,0.1502263844013214,0.9234592318534851,0.525815486907959
YOL003C,YOR240W,0,-0.22222982,0.15020209550857544,0.9234592318534851,0.5259155631065369
YBR160W,YBR185C,0,-0.22237821,0.15017782151699066,0.9234592318534851,0.52601557970047
YBL064C,YLR337W,0,-0.22244212,0.15015354752540588,0.9234592318534851,0.5261156558990479
YDR036C,YJL121C,0,-0.2226011,0.1501292884349823,0.9234592318534851,0.5262157320976257
YJL046W,YNL012W,0,-0.22260208,0.15010502934455872,0.9234592318534851,0.5263158082962036
YBR160W,YKL059C,0,-0.22271776,0.15008077025413513,0.9234592318534851,0.5264158248901367
YMR247C,YJR015W,0,-0.2228331,0.15005654096603394,0.9234592318534851,0.5265159010887146
YDR316W-A,YOR348C,0,-0.22352102,0.15003229677677155,0.9234592318534851,0.5266159772872925
YER083C,YIL113W,0,-0.22377788,0.15000806748867035,0.9234592318534851,0.5267160534858704
YKL135C,YFL002W-A,0,-0.22385888,0.14998385310173035,0.9234592318534851,0.5268160700798035
YOR043W,YKL158W,0,-0.22405085,0.14995963871479034,0.9234592318534851,0.5269161462783813
YJL041W,YCR004C,0,-0.2241434,0.14993543922901154,0.9234592318534851,0.5270162224769592
YFL004W,YCR081W,0,-0.22443187,0.14991125464439392,0.9234592318534851,0.5271162986755371
YDR297W,YNL129W,0,-0.22465414,0.1498870551586151,0.9234592318534851,0.5272163152694702
YGL039W,YER110C,0,-0.22465752,0.1498628854751587,0.9234592318534851,0.5273163914680481
YLR097C,YOR069W,0,-0.22484578,0.14983871579170227,0.9234592318534851,0.527416467666626
YGR156W,YPL095C,0,-0.22522838,0.14981454610824585,0.9234592318534851,0.5275164842605591
YMR316W,YGR026W,0,-0.22536686,0.14979039132595062,0.9234592318534851,0.527616560459137
YFL041W,YML042W,0,-0.22539645,0.1497662365436554,0.9234592318534851,0.5277166366577148
YBL101W-A,YDR101C,0,-0.22548798,0.14974209666252136,0.9234592318534851,0.5278167128562927
YJL204C,YOR322C,1,-0.22685933,0.14987912774085999,0.9244532585144043,0.5278167128562927
YDL231C,YEL054C,0,-0.22728844,0.14985497295856476,0.9244532585144043,0.5279167294502258
YGL249W,YEL021W,0,-0.22832468,0.14983083307743073,0.9244532585144043,0.5280168056488037
YGR223C,YDL067C,0,-0.22855166,0.14980670809745789,0.9244532585144043,0.5281168818473816
YGR292W,YMR290C,0,-0.22905917,0.14978256821632385,0.9244532585144043,0.5282169580459595
YPL121C,YNL206C,0,-0.22951224,0.1497584581375122,0.9244532585144043,0.5283169746398926
YDL114W,YOL007C,0,-0.2305778,0.14973434805870056,0.9244532585144043,0.5284170508384705
YDR443C,YAR007C,0,-0.23118891,0.14971023797988892,0.9244532585144043,0.5285171270370483
YLR266C,YOR343W-A,0,-0.2313395,0.14968614280223846,0.9244532585144043,0.5286171436309814
YGL119W,YJL062W,0,-0.23159243,0.149662047624588,0.9244532585144043,0.5287172198295593
YDL065C,YGR001C,0,-0.23165101,0.14963796734809875,0.9244532585144043,0.5288172960281372
YMR303C,YDR534C,0,-0.23174912,0.1496139019727707,0.9244532585144043,0.5289173722267151
YMR264W,YJR158W,0,-0.23226386,0.14958983659744263,0.9244532585144043,0.5290173888206482
YOL031C,YJR160C,0,-0.23231639,0.14956577122211456,0.9244532585144043,0.5291174650192261
YJL143W,YJR121W,0,-0.23280255,0.1495417207479477,0.9244532585144043,0.529217541217804
YMR211W,YKL198C,0,-0.23296407,0.14951768517494202,0.9244532585144043,0.5293176174163818
YDR120C,YHR070W,0,-0.23303096,0.14949364960193634,0.9244532585144043,0.5294176340103149
YLR142W,YBL022C,0,-0.23317443,0.14946962893009186,0.9244532585144043,0.5295177102088928
YJL219W,YEL002C,0,-0.23347814,0.14944560825824738,0.9244532585144043,0.5296177864074707
YBR082C,YMR017W,0,-0.23408836,0.1494215875864029,0.9244532585144043,0.5297178030014038
YHR092C,YDR420W,0,-0.23419693,0.1493975967168808,0.9244532585144043,0.5298178791999817
YDR239C,YDR326C,0,-0.23422047,0.1493735909461975,0.9244532585144043,0.5299179553985596
YMR122W-A,YKL042W,0,-0.23443651,0.14934960007667542,0.9244532585144043,0.5300180315971375
YGR058W,YDR368W,0,-0.23457167,0.14932562410831451,0.9244532585144043,0.5301180481910706
YBL024W,YNR061C,0,-0.23540711,0.1493016481399536,0.9244532585144043,0.5302181243896484
YFR041C,YHR129C,0,-0.2358146,0.1492776870727539,0.9244532585144043,0.5303182005882263
YLR158C,YGR162W,0,-0.23643346,0.1492537260055542,0.9244532585144043,0.5304182767868042
YBR033W,YNL158W,0,-0.2366846,0.14922977983951569,0.9244532585144043,0.5305182933807373
YGL229C,YOR347C,0,-0.23677096,0.14920583367347717,0.9244532585144043,0.5306183695793152
YJL143W,YOR374W,0,-0.23693243,0.14918190240859985,0.9244532585144043,0.5307184457778931
YOR288C,YNL166C,0,-0.2370001,0.14915798604488373,0.9244532585144043,0.5308184623718262
YJL080C,YDR032C,0,-0.23702082,0.1491340547800064,0.9244532585144043,0.530918538570404
YGL021W,YFL029C,0,-0.23715438,0.14911015331745148,0.9244532585144043,0.5310186147689819
YIL039W,YMR037C,0,-0.23724286,0.14908625185489655,0.9244532585144043,0.5311186909675598
YLR188W,YOL123W,0,-0.23799726,0.1490623503923416,0.9244532585144043,0.5312187075614929
YIL150C,YCR004C,0,-0.23800528,0.14903846383094788,0.9244532585144043,0.5313187837600708
YKR014C,YGR189C,0,-0.23805004,0.14901457726955414,0.9244532585144043,0.5314188599586487
YLR427W,YLR287C-A,0,-0.23824,0.1489907056093216,0.9244532585144043,0.5315189361572266
YJR001W,YDL144C,0,-0.23840198,0.14896684885025024,0.9244532585144043,0.5316189527511597
YKL042W,YDR534C,0,-0.2388728,0.1489429920911789,0.9244532585144043,0.5317190289497375
YER161C,YBL074C,0,-0.23891744,0.14891913533210754,0.9244532585144043,0.5318191051483154
YML005W,YOR240W,0,-0.23995233,0.1488952934741974,0.9244532585144043,0.5319191217422485
YGL205W,YPL160W,0,-0.2401438,0.14887145161628723,0.9244532585144043,0.5320191979408264
YKL004W,YGR295C,0,-0.24093403,0.14884762465953827,0.9244532585144043,0.5321192741394043
YMR247C,YAL012W,0,-0.24108781,0.1488238126039505,0.9244532585144043,0.5322193503379822
YPL017C,YGL141W,0,-0.24113965,0.14880000054836273,0.9244532585144043,0.5323193669319153
YLR035C-A,YER112W,0,-0.24149853,0.14877618849277496,0.9244532585144043,0.5324194431304932
YDR402C,YER089C,0,-0.24177863,0.14875240623950958,0.9244532585144043,0.532519519329071
YOL156W,YPR021C,0,-0.2418661,0.148728609085083,0.9244532585144043,0.5326195955276489
YBR198C,YPR192W,0,-0.2424055,0.14870482683181763,0.9244532585144043,0.532719612121582
YEL065W,YNR043W,0,-0.2425893,0.14868105947971344,0.9244532585144043,0.5328196883201599
YOL100W,YOR337W,0,-0.24296765,0.14865729212760925,0.9244532585144043,0.5329197645187378
YOR308C,YLR109W,0,-0.24314846,0.14863352477550507,0.9244532585144043,0.5330198407173157
YLR008C,YLL001W,0,-0.24367395,0.14860977232456207,0.9244532585144043,0.5331198573112488
YDL190C,YBR058C,0,-0.244167,0.14858603477478027,0.9244532585144043,0.5332199335098267
YER036C,YOR315W,0,-0.24421981,0.14856229722499847,0.9244532585144043,0.5333200097084045
YJR016C,YGR086C,0,-0.24463311,0.14853857457637787,0.9244532585144043,0.5334200263023376
YKR037C,YOR150W,0,-0.24512286,0.14851485192775726,0.9244532585144043,0.5335201025009155
YPL172C,YPL214C,0,-0.2453478,0.14849114418029785,0.9244532585144043,0.5336201786994934
YJR075W,YER161C,0,-0.24546297,0.14846743643283844,0.9244532585144043,0.5337202548980713
YOL031C,YNL207W,0,-0.24619776,0.14844372868537903,0.9244532585144043,0.5338202714920044
YLR100W,YIL113W,0,-0.24622533,0.148420050740242,0.9244532585144043,0.5339203476905823
YPL269W,YDR069C,0,-0.2463698,0.1483963578939438,0.9244532585144043,0.5340204238891602
YBL024W,YPL174C,0,-0.24644104,0.14837267994880676,0.9244532585144043,0.534120500087738
YMR290C,YDR121W,0,-0.24665028,0.14834901690483093,0.9244532585144043,0.5342205166816711
YIL093C,YDL200C,0,-0.24675727,0.1483253538608551,0.9244532585144043,0.534320592880249
YKL089W,YPL174C,0,-0.24730775,0.14830170571804047,0.9244532585144043,0.5344206690788269
YBR024W,YJR160C,0,-0.24792272,0.14827805757522583,0.9244532585144043,0.53452068567276
YIL004C,YDR511W,0,-0.24848698,0.1482544243335724,0.9244532585144043,0.5346207618713379
YGL223C,YOR240W,0,-0.24865791,0.14823079109191895,0.9244532585144043,0.5347208380699158
YNL162W,YER051W,0,-0.24883538,0.1482071727514267,0.9244532585144043,0.5348209142684937
YDL136W,YHR036W,0,-0.24892057,0.14818355441093445,0.9244532585144043,0.5349209308624268
YEL064C,YGL084C,0,-0.24919662,0.1481599509716034,0.9244532585144043,0.5350210070610046
YOR037W,YDR418W,0,-0.24923292,0.14813634753227234,0.9244532585144043,0.5351210832595825
YER061C,YER044C,0,-0.24959213,0.14811275899410248,0.9244532585144043,0.5352211594581604
YER120W,YPL160W,0,-0.2496701,0.14808917045593262,0.9244532585144043,0.5353211760520935
YPR168W,YAL008W,0,-0.24972817,0.14806559681892395,0.9244532585144043,0.5354212522506714
YLR266C,YDR046C,0,-0.24976948,0.14804202318191528,0.9244532585144043,0.5355213284492493
YDL127W,YNL012W,0,-0.25035775,0.1480184644460678,0.9244532585144043,0.5356213450431824
YDR012W,YOR265W,0,-0.2504159,0.14799490571022034,0.9244532585144043,0.5357214212417603
YKR038C,YGL168W,0,-0.25069758,0.14797136187553406,0.9244532585144043,0.5358214974403381
YBL103C,YOR061W,0,-0.25111026,0.14794781804084778,0.9244532585144043,0.535921573638916
YLR419W,YDR524C,0,-0.25180396,0.1479242891073227,0.9244532585144043,0.5360215902328491
YDR177W,YDR069C,1,-0.2518294,0.14805980026721954,0.9254473447799683,0.5360215902328491
YJL072C,YPL258C,0,-0.2518854,0.14803625643253326,0.9254473447799683,0.536121666431427
YHL040C,YLR098C,0,-0.25202122,0.14801271259784698,0.9254473447799683,0.5362217426300049
YJL072C,YOR244W,0,-0.25227478,0.1479891836643219,0.9254473447799683,0.5363218188285828
YBR166C,YKL198C,0,-0.253138,0.147965669631958,0.9254473447799683,0.5364218354225159
YOR192C-A,YJR126C,0,-0.2532163,0.14794215559959412,0.9254473447799683,0.5365219116210938
YBR122C,YOL149W,0,-0.25395188,0.14791865646839142,0.9254473447799683,0.5366219878196716
YNL210W,YGR154C,0,-0.25408766,0.14789515733718872,0.9254473447799683,0.5367220044136047
YLR283W,YCR092C,0,-0.25420496,0.14787165820598602,0.9254473447799683,0.5368220806121826
YBL039C,YDR128W,0,-0.2548153,0.1478481888771057,0.9254473447799683,0.5369221568107605
YOL067C,YCL047C,0,-0.25481665,0.1478247046470642,0.9254473447799683,0.5370222330093384
YDR239C,YBL020W,0,-0.25500152,0.1478012353181839,0.9254473447799683,0.5371222496032715
YJL143W,YFR007W,0,-0.25559008,0.14777778089046478,0.9254473447799683,0.5372223258018494
YMR166C,YBL069W,0,-0.25575182,0.14775432646274567,0.9254473447799683,0.5373224020004272
YER174C,YNR043W,0,-0.25590616,0.14773087203502655,0.9254473447799683,0.5374224781990051
YDL144C,YGR135W,0,-0.25607708,0.14770744740962982,0.9254473447799683,0.5375224947929382
YNL330C,YDR012W,0,-0.25853375,0.1476840078830719,0.9254473447799683,0.5376225709915161
YBR082C,YNR022C,0,-0.2585905,0.14766058325767517,0.9254473447799683,0.537722647190094
YGL213C,YDR107C,0,-0.25930107,0.14763717353343964,0.9254473447799683,0.5378227233886719
YNR027W,YGR274C,0,-0.25931823,0.1476137638092041,0.9254473447799683,0.537922739982605
YKR048C,YLR441C,0,-0.25953582,0.14759035408496857,0.9254473447799683,0.5380228161811829
YDR088C,YOR217W,0,-0.261137,0.14756697416305542,0.9254473447799683,0.5381228923797607
YDL143W,YCR092C,0,-0.26149702,0.14754357933998108,0.9254473447799683,0.5382229089736938
YML104C,YOR346W,0,-0.2615337,0.14752019941806793,0.9254473447799683,0.5383229851722717
YDR242W,YGR191W,0,-0.26176104,0.14749683439731598,0.9254473447799683,0.5384230613708496
YIL109C,YFR032C-A,0,-0.26179877,0.14747346937656403,0.9254473447799683,0.5385231375694275
YIR002C,YIL078W,0,-0.2620501,0.14745010435581207,0.9254473447799683,0.5386231541633606
YLR396C,YIL138C,0,-0.26240632,0.1474267542362213,0.9254473447799683,0.5387232303619385
YDL101C,YML074C,0,-0.2632386,0.14740341901779175,0.9254473447799683,0.5388233065605164
YNL191W,YCR094W,0,-0.2634429,0.14738008379936218,0.9254473447799683,0.5389233827590942
YDR341C,YAL023C,0,-0.26380265,0.1473567634820938,0.9254473447799683,0.5390233993530273
YNL128W,YPL074W,0,-0.26422828,0.14733344316482544,0.9254473447799683,0.5391234755516052
YLR086W,YOR348C,0,-0.26446342,0.14731012284755707,0.9254473447799683,0.5392235517501831
YOR174W,YCR077C,0,-0.26481885,0.1472868174314499,0.9254473447799683,0.5393235683441162
YNL330C,YDR117C,0,-0.26611796,0.1472635269165039,0.9254473447799683,0.5394236445426941
YHR086W,YPL160W,0,-0.26627034,0.14724023640155792,0.9254473447799683,0.539523720741272
YML015C,YNL096C,0,-0.26658514,0.14721694588661194,0.9254473447799683,0.5396237969398499
YCR040W,YPL111W,0,-0.26687118,0.14719367027282715,0.9254473447799683,0.539723813533783
YKL198C,YLR207W,0,-0.26741073,0.14717040956020355,0.9254473447799683,0.5398238897323608
YKR038C,YOL064C,0,-0.2675479,0.14714714884757996,0.9254473447799683,0.5399239659309387
YKR061W,YFL002W-A,0,-0.26781234,0.14712388813495636,0.9254473447799683,0.5400240421295166
YOR143C,YEL017C-A,0,-0.26785415,0.14710064232349396,0.9254473447799683,0.5401240587234497
YGR162W,YLR337W,0,-0.26802713,0.14707741141319275,0.9254473447799683,0.5402241349220276
YDL114W,YHR064C,0,-0.26812354,0.14705418050289154,0.9254473447799683,0.5403242111206055
YLL009C,YLR100W,0,-0.2685262,0.14703094959259033,0.9254473447799683,0.5404242277145386
YOR348C,YJL065C,0,-0.27007863,0.14700773358345032,0.9254473447799683,0.5405243039131165
YGL035C,YER113C,0,-0.27015752,0.1469845324754715,0.9254473447799683,0.5406243801116943
YLL013C,YDL127W,0,-0.27062038,0.14696133136749268,0.9254473447799683,0.5407244563102722
YKL218C,YKL183W,0,-0.27085453,0.14693813025951385,0.9254473447799683,0.5408244729042053
YNL191W,YDR368W,0,-0.27088234,0.14691494405269623,0.9254473447799683,0.5409245491027832
YNL213C,YHR181W,0,-0.27107322,0.1468917578458786,0.9254473447799683,0.5410246253013611
YBR033W,YPR186C,0,-0.2711857,0.14686858654022217,0.9254473447799683,0.541124701499939
YGR154C,YER173W,0,-0.27188915,0.14684543013572693,0.9254473447799683,0.5412247180938721
YHL024W,YGR037C,0,-0.27207413,0.1468222737312317,0.9254473447799683,0.54132479429245
YIR002C,YIL090W,0,-0.2721507,0.14679911732673645,0.9254473447799683,0.5414248704910278
YGL210W,YJL189W,0,-0.27330762,0.1467759758234024,0.9254473447799683,0.5415248870849609
YJL198W,YMR122W-A,0,-0.27332503,0.14675283432006836,0.9254473447799683,0.5416249632835388
YPL022W,YPL017C,0,-0.27360412,0.1467297077178955,0.9254473447799683,0.5417250394821167
YBR092C,YKR105C,0,-0.27369666,0.14670658111572266,0.9254473447799683,0.5418251156806946
YML060W,YOR374W,0,-0.27416256,0.146683469414711,0.9254473447799683,0.5419251322746277
YKL203C,YPL032C,1,-0.27426666,0.1468178927898407,0.9264413714408875,0.5419251322746277
YKL059C,YNL007C,0,-0.27476746,0.14679476618766785,0.9264413714408875,0.5420252084732056
YEL016C,YOL019W,0,-0.2753054,0.1467716544866562,0.9264413714408875,0.5421252846717834
YDL210W,YDR210W-B,0,-0.27532226,0.14674854278564453,0.9264413714408875,0.5422253608703613
YPL121C,YDR096W,0,-0.27543488,0.14672544598579407,0.9264413714408875,0.5423253774642944
YOL005C,YOL007C,0,-0.27548862,0.1467023491859436,0.9264413714408875,0.5424254536628723
YBR286W,YCR053W,0,-0.27560768,0.14667925238609314,0.9264413714408875,0.5425255298614502
YJR013W,YOL123W,0,-0.27589887,0.14665617048740387,0.9264413714408875,0.5426255464553833
YDR368W,YKR050W,0,-0.27680904,0.1466331034898758,0.9264413714408875,0.5427256226539612
YBR158W,YJR022W,0,-0.27707413,0.14661003649234772,0.9264413714408875,0.5428256988525391
YLR010C,YDR483W,0,-0.27716845,0.14658698439598083,0.9264413714408875,0.5429257750511169
YLR459W,YDR139C,0,-0.2774289,0.14656393229961395,0.9264413714408875,0.54302579164505
YLR048W,YPL155C,0,-0.27761728,0.14654088020324707,0.9264413714408875,0.5431258678436279
YOL152W,YLR100W,0,-0.2776575,0.14651784300804138,0.9264413714408875,0.5432259440422058
YNL136W,YDR326C,0,-0.27768904,0.1464948058128357,0.9264413714408875,0.5433260202407837
YER159C-A,YML104C,0,-0.27792555,0.1464717835187912,0.9264413714408875,0.5434260368347168
YJR010C-A,YGR194C,0,-0.27803946,0.1464487761259079,0.9264413714408875,0.5435261130332947
YLR158C,YER020W,0,-0.27816135,0.1464257687330246,0.9264413714408875,0.5436261892318726
YMR290C,YGR037C,0,-0.27867153,0.1464027613401413,0.9264413714408875,0.5437262654304504
YML104C,YNR011C,0,-0.2795172,0.1463797688484192,0.9264413714408875,0.5438262820243835
YMR264W,YCR040W,0,-0.279713,0.14635679125785828,0.9264413714408875,0.5439263582229614
YPR048W,YDR034C-C,0,-0.27988726,0.14633379876613617,0.9264413714408875,0.5440264344215393
YBR240C,YNL331C,0,-0.27998352,0.14631083607673645,0.9264413714408875,0.5441264510154724
YER140W,YMR150C,0,-0.28014082,0.14628787338733673,0.9264413714408875,0.5442265272140503
YOR269W,YCR054C,0,-0.28056034,0.146264910697937,0.9264413714408875,0.5443266034126282
YMR316W,YAL021C,0,-0.2808628,0.1462419629096985,0.9264413714408875,0.544426679611206
YOR046C,YNL339C,0,-0.28193069,0.14621901512145996,0.9264413714408875,0.5445266962051392
YKR059W,YLL038C,0,-0.28212324,0.14619608223438263,0.9264413714408875,0.544626772403717
YLR418C,YDR003W,0,-0.2821235,0.1461731493473053,0.9264413714408875,0.5447268486022949
YMR289W,YKR059W,0,-0.2823811,0.14615023136138916,0.9264413714408875,0.5448269248008728
YNL227C,YNL112W,0,-0.28238654,0.14612731337547302,0.9264413714408875,0.5449269413948059
YMR257C,YJL121C,0,-0.28278485,0.14610441029071808,0.9264413714408875,0.5450270175933838
YNL128W,YGR194C,0,-0.28303522,0.14608150720596313,0.9264413714408875,0.5451270937919617
YKR050W,YGR279C,0,-0.2833291,0.1460586041212082,0.9264413714408875,0.5452271103858948
YML116W,YKL135C,0,-0.283535,0.14603573083877563,0.9264413714408875,0.5453271865844727
YML106W,YGL185C,0,-0.28386837,0.14601284265518188,0.9264413714408875,0.5454272627830505
YLR364W,YBR231C,0,-0.2840908,0.14598996937274933,0.9264413714408875,0.5455273389816284
YDR341C,YNL012W,0,-0.28412095,0.14596711099147797,0.9264413714408875,0.5456273555755615
YJR015W,YBR092C,0,-0.2843239,0.1459442526102066,0.9264413714408875,0.5457274317741394
YKL088W,YLR172C,0,-0.28533292,0.14592140913009644,0.9264413714408875,0.5458275079727173
YMR080C,YPL159C,0,-0.2866774,0.14589856564998627,0.9264413714408875,0.5459275841712952
YHR092C,YHR064C,0,-0.2870717,0.1458757221698761,0.9264413714408875,0.5460276007652283
YLR045C,YDR507C,0,-0.28708124,0.14585289359092712,0.9264413714408875,0.5461276769638062
YDR322W,YDR115W,0,-0.28752017,0.14583007991313934,0.9264413714408875,0.546227753162384
YBR296C,YBL054W,0,-0.2877058,0.14580726623535156,0.9264413714408875,0.5463277697563171
YML124C,YHR017W,0,-0.28782415,0.14578445255756378,0.9264413714408875,0.546427845954895
YJR160C,YLR287C-A,0,-0.287902,0.1457616537809372,0.9264413714408875,0.5465279221534729
YHL040C,YKR090W,0,-0.28804767,0.1457388550043106,0.9264413714408875,0.5466279983520508
YLR433C,YOL056W,0,-0.28847718,0.14571607112884521,0.9264413714408875,0.5467280149459839
YDL180W,YNL149C,0,-0.28958324,0.14569328725337982,0.9264413714408875,0.5468280911445618
YBL030C,YJL008C,0,-0.29036626,0.14567051827907562,0.9264413714408875,0.5469281673431396
YPR048W,YPR021C,0,-0.29052833,0.14564776420593262,0.9264413714408875,0.5470282435417175
YMR211W,YGR200C,0,-0.29093295,0.14562499523162842,0.9264413714408875,0.5471282601356506
YLR126C,YOR182C,0,-0.2911386,0.1456022560596466,0.9264413714408875,0.5472283363342285
YBR001C,YPL202C,0,-0.29119664,0.1455795019865036,0.9264413714408875,0.5473284125328064
YBR082C,YBL090W,0,-0.29130813,0.1455567628145218,0.9264413714408875,0.5474284291267395
YOR096W,YDR056C,0,-0.29191136,0.14553403854370117,0.9264413714408875,0.5475285053253174
YDR279W,YOR120W,0,-0.2922173,0.14551131427288055,0.9264413714408875,0.5476285815238953
YBR267W,YPR019W,0,-0.29227483,0.14548860490322113,0.9264413714408875,0.5477286577224731
YDL085W,YJR160C,0,-0.29312065,0.1454658955335617,0.9264413714408875,0.5478286743164062
YDL101C,YIL039W,0,-0.2932159,0.14544320106506348,0.9264413714408875,0.5479287505149841
YHL040C,YDL136W,0,-0.29356945,0.14542050659656525,0.9264413714408875,0.548028826713562
YNL146W,YAL008W,0,-0.2937725,0.14539781212806702,0.9264413714408875,0.5481289029121399
YGL035C,YML063W,0,-0.2937865,0.14537513256072998,0.9264413714408875,0.548228919506073
YNL093W,YNL227C,1,-0.29418275,0.14550842344760895,0.9274353981018066,0.548228919506073
YDR326C,YLR433C,0,-0.2942523,0.14548572897911072,0.9274353981018066,0.5483289957046509
YPL090C,YER112W,0,-0.29486954,0.14546304941177368,0.9274353981018066,0.5484290719032288
YDR065W,YJR059W,0,-0.29541993,0.14544036984443665,0.9274353981018066,0.5485290884971619
YOR242C,YOR233W,0,-0.29554415,0.1454177051782608,0.9274353981018066,0.5486291646957397
YPL177C,YJR160C,0,-0.29570597,0.14539504051208496,0.9274353981018066,0.5487292408943176
YPR102C,YHR129C,0,-0.2960887,0.1453723907470703,0.9274353981018066,0.5488293170928955
YBR240C,YHL040C,0,-0.29619622,0.14534974098205566,0.9274353981018066,0.5489293336868286
YNR027W,YBL010C,0,-0.29652384,0.1453271061182022,0.9274353981018066,0.5490294098854065
YIL093C,YDR283C,0,-0.29692307,0.14530447125434875,0.9274353981018066,0.5491294860839844
YMR307W,YBR041W,0,-0.29743618,0.1452818363904953,0.9274353981018066,0.5492295622825623
YML012W,YPL092W,0,-0.29755893,0.14525923132896423,0.9274353981018066,0.5493295788764954
YNR070W,YGR035C,0,-0.29758757,0.14523661136627197,0.9274353981018066,0.5494296550750732
YML104C,YDL109C,0,-0.2978155,0.1452140063047409,0.9274353981018066,0.5495297312736511
YIL090W,YBR040W,0,-0.29824376,0.14519141614437103,0.9274353981018066,0.549629807472229
YBL103C,YOR131C,0,-0.2984266,0.14516882598400116,0.9274353981018066,0.5497298240661621
YPR158C-D,YJR029W,0,-0.29860434,0.1451462358236313,0.9274353981018066,0.54982990026474
YNL207W,YER184C,0,-0.30008167,0.1451236605644226,0.9274353981018066,0.5499299764633179
YPL121C,YMR022W,0,-0.30025586,0.14510108530521393,0.9274353981018066,0.550029993057251
YDL129W,YLR098C,0,-0.30087212,0.14507852494716644,0.9274353981018066,0.5501300692558289
YKR062W,YOL002C,0,-0.3018624,0.14505596458911896,0.9274353981018066,0.5502301454544067
YNL280C,YDR313C,0,-0.30221158,0.14503341913223267,0.9274353981018066,0.5503302216529846
YNL185C,YLR100W,0,-0.30228522,0.14501087367534637,0.9274353981018066,0.5504302382469177
YHR031C,YER051W,0,-0.3024152,0.14498834311962128,0.9274353981018066,0.5505303144454956
YBR033W,YIL090W,0,-0.3028354,0.14496581256389618,0.9274353981018066,0.5506303906440735
YBR123C,YHL009W-B,0,-0.30297416,0.14494329690933228,0.9274353981018066,0.5507304668426514
YJL133W,YML115C,0,-0.30359167,0.14492078125476837,0.9274353981018066,0.5508304834365845
YNL227C,YOR322C,1,-0.30379188,0.14505358040332794,0.9284294247627258,0.5508304834365845
YOR391C,YMR223W,0,-0.30386454,0.14503104984760284,0.9284294247627258,0.5509305596351624
YBR205W,YBR142W,0,-0.30396926,0.14500853419303894,0.9284294247627258,0.5510306358337402
YHR092C,YNL308C,0,-0.30421475,0.14498603343963623,0.9284294247627258,0.5511306524276733
YOR343W-A,YGR076C,0,-0.30493432,0.14496353268623352,0.9284294247627258,0.5512307286262512
YDR347W,YLR090W,0,-0.30503297,0.1449410319328308,0.9284294247627258,0.5513308048248291
YKL088W,YPR054W,0,-0.30536318,0.1449185460805893,0.9284294247627258,0.551430881023407
YOR179C,YOR386W,0,-0.30614674,0.14489606022834778,0.9284294247627258,0.5515308976173401
YLR106C,YOR306C,0,-0.30685356,0.14487358927726746,0.9284294247627258,0.551630973815918
YHR039C-B,YGL155W,0,-0.30726624,0.14485111832618713,0.9284294247627258,0.5517310500144958
YKR061W,YMR201C,0,-0.30734873,0.144828662276268,0.9284294247627258,0.5518311262130737
YCR047C,YLR186W,0,-0.3073508,0.14480620622634888,0.9284294247627258,0.5519311428070068
YDL101C,YOL133W,0,-0.3081694,0.14478375017642975,0.9284294247627258,0.5520312190055847
YML027W,YOR080W,0,-0.30872962,0.14476130902767181,0.9284294247627258,0.5521312952041626
YBR123C,YPL092W,0,-0.30905804,0.14473888278007507,0.9284294247627258,0.5522313117980957
YPL194W,YER120W,0,-0.30963677,0.14471645653247833,0.9284294247627258,0.5523313879966736
YGL227W,YLR357W,0,-0.30975783,0.1446940302848816,0.9284294247627258,0.5524314641952515
YBL106C,YBR087W,0,-0.31135687,0.14467161893844604,0.9284294247627258,0.5525315403938293
YAL023C,YNL119W,0,-0.3118172,0.1446492224931717,0.9284294247627258,0.5526315569877625
YLR214W,YHR101C,0,-0.31201604,0.14462682604789734,0.9284294247627258,0.5527316331863403
YDR334W,YNL135C,0,-0.31229055,0.14460442960262299,0.9284294247627258,0.5528317093849182
YML012W,YAL044C,0,-0.31264997,0.14458204805850983,0.9284294247627258,0.5529317855834961
YPR137C-B,YLR212C,0,-0.31287336,0.14455966651439667,0.9284294247627258,0.5530318021774292
YIL109C,YJR010C-A,0,-0.31310755,0.1445372998714447,0.9284294247627258,0.5531318783760071
YKL088W,YML063W,0,-0.3131643,0.14451493322849274,0.9284294247627258,0.553231954574585
YPL031C,YNL227C,0,-0.31327105,0.14449258148670197,0.9284294247627258,0.5533319711685181
YMR201C,YDR393W,0,-0.31337464,0.1444702297449112,0.9284294247627258,0.553432047367096
YOR175C,YKR037C,0,-0.31393456,0.14444787800312042,0.9284294247627258,0.5535321235656738
YOR066W,YOR043W,0,-0.31421873,0.14442554116249084,0.9284294247627258,0.5536321997642517
YDL164C,YKL181W,0,-0.31470862,0.14440321922302246,0.9284294247627258,0.5537322163581848
YOR315W,YPL177C,0,-0.31478673,0.14438089728355408,0.9284294247627258,0.5538322925567627
YLR312C-B,YPL160W,0,-0.31545973,0.1443585753440857,0.9284294247627258,0.5539323687553406
YER095W,YCL048W-A,0,-0.31545973,0.1443362683057785,0.9284294247627258,0.5540324449539185
YOR240W,YMR122W-A,0,-0.31545973,0.1443139612674713,0.9284294247627258,0.5541324615478516
YCR029C-A,YLR439W,0,-0.31545973,0.14429166913032532,0.9284294247627258,0.5542325377464294
YCR029C-A,YGR086C,0,-0.31545973,0.14426939189434052,0.9284294247627258,0.5543326139450073
YLR337W,YGL206C,1,-0.31545973,0.14440155029296875,0.929423451423645,0.5543326139450073
YPL096C-A,YLR099C,0,-0.31545973,0.14437924325466156,0.929423451423645,0.5544326305389404
YHR214W-G,YPR070W,0,-0.31545973,0.14435695111751556,0.929423451423645,0.5545327067375183
YGL035C,YCL048W-A,0,-0.31545973,0.14433467388153076,0.929423451423645,0.5546327829360962
YIL074C,YHR214W-G,0,-0.31545973,0.14431239664554596,0.929423451423645,0.5547328591346741
YCR029C-A,YJR060W,0,-0.31545973,0.14429011940956116,0.929423451423645,0.5548328757286072
YDL038C,YBR012W-B,0,-0.31545973,0.14426785707473755,0.929423451423645,0.5549329519271851
YLR312C-B,YLR446W,0,-0.31545973,0.14424560964107513,0.929423451423645,0.5550330281257629
YIL095W,YLR337W,1,-0.31545973,0.14437760412693024,0.9304174780845642,0.5550330281257629
YBR237W,YPL096C-A,0,-0.31545973,0.14435534179210663,0.9304174780845642,0.5551331043243408
YLR206W,YLR337W,1,-0.31545973,0.14448727667331696,0.9314115047454834,0.5551331043243408
YAR070W-A,YPR016C,0,-0.31545973,0.14446499943733215,0.9314115047454834,0.5552331209182739
YHR214W-G,YEL021W,0,-0.31545973,0.14444273710250854,0.9314115047454834,0.5553331971168518
YAR070W-A,YHR129C,0,-0.31545973,0.14442047476768494,0.9314115047454834,0.5554332733154297
YHR214W-G,YOR244W,0,-0.31545973,0.14439821243286133,0.9314115047454834,0.5555333495140076
YHR214W-G,YGR218W,0,-0.31545973,0.1443759649991989,0.9314115047454834,0.5556333661079407
YCL048W-A,YGL039W,0,-0.31545973,0.1443537175655365,0.9314115047454834,0.5557334423065186
YDR315C,YCR029C-A,0,-0.31545973,0.14433148503303528,0.9314115047454834,0.5558335185050964
YDL099W,YHR214W-G,0,-0.31545973,0.14430925250053406,0.9314115047454834,0.5559335350990295
YDR134C,YPL096C-A,0,-0.31545973,0.14428703486919403,0.9314115047454834,0.5560336112976074
YHR214W-G,YER106W,0,-0.31545973,0.144264817237854,0.9314115047454834,0.5561336874961853
YCR029C-A,YOR306C,0,-0.31545973,0.14424261450767517,0.9314115047454834,0.5562337636947632
YPL022W,YAR070W-A,0,-0.31545973,0.14422041177749634,0.9314115047454834,0.5563337802886963
YNL054W-B,YCL057C-A,0,-0.31545973,0.1441982090473175,0.9314115047454834,0.5564338564872742
YCL048W-A,YKL034W,0,-0.31545973,0.14417602121829987,0.9314115047454834,0.556533932685852
YPL189C-A,YOL056W,0,-0.31545973,0.14415384829044342,0.9314115047454834,0.5566340088844299
YML015C,YHR214W-G,0,-0.31545973,0.14413167536258698,0.9314115047454834,0.556734025478363
YMR086W,YHR214W-G,0,-0.31545973,0.14410950243473053,0.9314115047454834,0.5568341016769409
YLR312C-B,YKL164C,0,-0.31545973,0.14408734440803528,0.9314115047454834,0.5569341778755188
YPL096C-A,YBL010C,0,-0.31545973,0.14406518638134003,0.9314115047454834,0.5570341944694519
YPL074W,YLR337W,0,-0.31545973,0.14404304325580597,0.9314115047454834,0.5571342706680298
YHR214W-G,YMR311C,0,-0.31545973,0.1440209001302719,0.9314115047454834,0.5572343468666077
YGL210W,YCL048W-A,0,-0.31545973,0.14399877190589905,0.9314115047454834,0.5573344230651855
YGL141W,YLR337W,0,-0.31545973,0.14397664368152618,0.9314115047454834,0.5574344396591187
YLR337W,YDL231C,1,-0.31545973,0.14410816133022308,0.9324055910110474,0.5574344396591187
YHR172W,YPL189C-A,0,-0.31545973,0.14408601820468903,0.9324055910110474,0.5575345158576965
YCR029C-A,YOR228C,0,-0.31545973,0.14406388998031616,0.9324055910110474,0.5576345920562744
YML052W,YLR337W,1,-0.31545973,0.1441953331232071,0.9333996176719666,0.5576345920562744
YGR184C,YAR070W-A,0,-0.31545973,0.14417318999767303,0.9333996176719666,0.5577346682548523
YDL019C,YCL048W-A,0,-0.31545973,0.14415106177330017,0.9333996176719666,0.5578346848487854
YPR049C,YKL158W,0,-0.31545973,0.1441289335489273,0.9333996176719666,0.5579347610473633
YLR035C-A,YAR070W-A,0,-0.31545973,0.14410682022571564,0.9333996176719666,0.5580348372459412
YAR070W-A,YGR272C,0,-0.31545973,0.14408470690250397,0.9333996176719666,0.5581348538398743
YDL231C,YCR029C-A,0,-0.31545973,0.1440625935792923,0.9333996176719666,0.5582349300384521
YPL106C,YPL096C-A,0,-0.31545973,0.14404049515724182,0.9333996176719666,0.55833500623703
YLR448W,YPL189C-A,0,-0.31545973,0.14401841163635254,0.9333996176719666,0.5584350824356079
YHL040C,YLR337W,0,-0.31545973,0.14399631321430206,0.9333996176719666,0.558535099029541
YPL189C-A,YFL044C,0,-0.31545973,0.14397424459457397,0.9333996176719666,0.5586351752281189
YLR312C-B,YJL065C,0,-0.31545973,0.1439521759748459,0.9333996176719666,0.5587352514266968
YPL189C-A,YBR084W,0,-0.31545973,0.1439301073551178,0.9333996176719666,0.5588353276252747
YAL023C,YPL189C-A,0,-0.31545973,0.1439080387353897,0.9333996176719666,0.5589353442192078
YCR029C-A,YPR073C,0,-0.31545973,0.143885999917984,0.9333996176719666,0.5590354204177856
YLR312C-B,YPL144W,0,-0.31545973,0.14386394619941711,0.9333996176719666,0.5591354966163635
YCR029C-A,YNL301C,0,-0.31545973,0.1438419073820114,0.9333996176719666,0.5592355132102966
YPL189C-A,YLR265C,0,-0.31545973,0.1438198834657669,0.9333996176719666,0.5593355894088745
YLR170C,YPL096C-A,0,-0.31545973,0.1437978595495224,0.9333996176719666,0.5594356656074524
YHL009W-B,YAR044W,0,-0.31545973,0.1437758356332779,0.9333996176719666,0.5595357418060303
YLR312C-B,YJR143C,0,-0.31545973,0.14375382661819458,0.9333996176719666,0.5596357583999634
YHR214W-G,YML070W,0,-0.31545973,0.14373181760311127,0.9333996176719666,0.5597358345985413
YPL177C,YHR214W-G,0,-0.31545973,0.14370982348918915,0.9333996176719666,0.5598359107971191
YPL096C-A,YGR188C,0,-0.31545973,0.14368782937526703,0.9333996176719666,0.559935986995697
YCR029C-A,YNL217W,0,-0.31545973,0.1436658501625061,0.9333996176719666,0.5600360035896301
YPL189C-A,YCL061C,0,-0.31545973,0.14364387094974518,0.9333996176719666,0.560136079788208
YPL096C-A,YGR061C,0,-0.31545973,0.14362190663814545,0.9333996176719666,0.5602361559867859
YCR029C-A,YCL055W,0,-0.31545973,0.14359994232654572,0.9333996176719666,0.560336172580719
YCR029C-A,YDR018C,0,-0.31545973,0.14357797801494598,0.9333996176719666,0.5604362487792969
YCR029C-A,YGR014W,0,-0.31545973,0.14355602860450745,0.9333996176719666,0.5605363249778748
YCL048W-A,YOR150W,0,-0.31545973,0.1435340940952301,0.9333996176719666,0.5606364011764526
YLR459W,YCR029C-A,0,-0.31545973,0.14351214468479156,0.9333996176719666,0.5607364177703857
YER140W,YCL048W-A,0,-0.31545973,0.14349022507667542,0.9333996176719666,0.5608364939689636
YLR312C-B,YHR076W,0,-0.31545973,0.14346829056739807,0.9333996176719666,0.5609365701675415
YDR236C,YBL101W-A,0,-0.31545973,0.14344638586044312,0.9333996176719666,0.5610366463661194
YOR240W,YOR343W-A,0,-0.31545973,0.14342446625232697,0.9333996176719666,0.5611366629600525
YDL192W,YPL096C-A,0,-0.31545973,0.143402561545372,0.9333996176719666,0.5612367391586304
YHR206W,YCL048W-A,0,-0.31545973,0.14338067173957825,0.9333996176719666,0.5613368153572083
YHR214W-G,YJR126C,0,-0.31545973,0.14335878193378448,0.9333996176719666,0.5614368915557861
YJL073W,YHR039C-B,0,-0.31545973,0.14333689212799072,0.9333996176719666,0.5615369081497192
YCR029C-A,YHR092C,0,-0.31545973,0.14331501722335815,0.9333996176719666,0.5616369843482971
YNR008W,YPL189C-A,0,-0.31545973,0.14329314231872559,0.9333996176719666,0.561737060546875
YPL096C-A,YDR507C,0,-0.31545973,0.1432712823152542,0.9333996176719666,0.5618370771408081
YPL096C-A,YJR143C,0,-0.31545973,0.14324942231178284,0.9333996176719666,0.561937153339386
YHL009W-B,YLR337W,0,-0.31545973,0.14322757720947266,0.9333996176719666,0.5620372295379639
YCR029C-A,YHR011W,0,-0.31545973,0.14320573210716248,0.9333996176719666,0.5621373057365417
YPL096C-A,YBL055C,0,-0.31545973,0.1431839019060135,0.9333996176719666,0.5622373223304749
YDR356W,YKL158W,0,-0.31545973,0.1431620717048645,0.9333996176719666,0.5623373985290527
YHR214W-G,YLR048W,0,-0.31545973,0.14314024150371552,0.9333996176719666,0.5624374747276306
YDR126W,YHR214W-G,0,-0.31545973,0.14311842620372772,0.9333996176719666,0.5625375509262085
YPL091W,YCR029C-A,0,-0.31545973,0.14309661090373993,0.9333996176719666,0.5626375675201416
YMR128W,YCL048W-A,0,-0.31545973,0.14307481050491333,0.9333996176719666,0.5627376437187195
YPL189C-A,YCR053W,0,-0.31545973,0.14305301010608673,0.9333996176719666,0.5628377199172974
YPL189C-A,YPL068C,0,-0.31545973,0.14303122460842133,0.9333996176719666,0.5629377365112305
YDR018C,YAR070W-A,0,-0.31545973,0.14300943911075592,0.9333996176719666,0.5630378127098083
YIL113W,YAR070W-A,0,-0.31545973,0.1429876685142517,0.9333996176719666,0.5631378889083862
YLR419W,YHR214W-G,0,-0.31545973,0.1429658979177475,0.9333996176719666,0.5632379651069641
YER161C,YHR214W-G,0,-0.31545973,0.1429441273212433,0.9333996176719666,0.5633379817008972
YPR042C,YLR337W,0,-0.31545973,0.14292237162590027,0.9333996176719666,0.5634380578994751
YCL048W-A,YPR054W,0,-0.31545973,0.14290063083171844,0.9333996176719666,0.563538134098053
YPL096C-A,YGR086C,0,-0.31545973,0.14287887513637543,0.9333996176719666,0.5636382102966309
YLR188W,YHR214W-G,0,-0.31545973,0.1428571492433548,0.9333996176719666,0.563738226890564
YLR312C-B,YML106W,0,-0.31545973,0.14283540844917297,0.9333996176719666,0.5638383030891418
YCL048W-A,YDR096W,0,-0.31545973,0.14281368255615234,0.9333996176719666,0.5639383792877197
YHR214W-G,YIR009W,0,-0.31545973,0.1427919715642929,0.9333996176719666,0.5640383958816528
YKL135C,YPL189C-A,0,-0.31545973,0.14277026057243347,0.9333996176719666,0.5641384720802307
YHR105W,YAR070W-A,0,-0.31545973,0.14274854958057404,0.9333996176719666,0.5642385482788086
YLR109W,YPL189C-A,0,-0.31545973,0.1427268534898758,0.9333996176719666,0.5643386244773865
YLR312C-B,YAL062W,0,-0.31545973,0.14270517230033875,0.9333996176719666,0.5644386410713196
YPL189C-A,YLR079W,0,-0.31545973,0.1426834762096405,0.9333996176719666,0.5645387172698975
YOR192C-B,YCL057C-A,0,-0.31545973,0.14266180992126465,0.9333996176719666,0.5646387934684753
YDR077W,YAR070W-A,0,-0.31545973,0.1426401287317276,0.9333996176719666,0.5647388696670532
YOR057W,YAR070W-A,0,-0.31545973,0.14261846244335175,0.9333996176719666,0.5648388862609863
YCL048W-A,YBR105C,0,-0.31545973,0.14259681105613708,0.9333996176719666,0.5649389624595642
YJL153C,YAR070W-A,0,-0.31545973,0.14257515966892242,0.9333996176719666,0.5650390386581421
YPL189C-A,YER173W,0,-0.31545973,0.14255350828170776,0.9333996176719666,0.5651390552520752
YLR312C-B,YER045C,0,-0.31545973,0.1425318717956543,0.9333996176719666,0.5652391314506531
YDR238C,YOR240W,0,-0.31545973,0.14251025021076202,0.9333996176719666,0.565339207649231
YHR076W,YHR214W-G,0,-0.31545973,0.14248861372470856,0.9333996176719666,0.5654392838478088
YHR214W-G,YHL004W,0,-0.31545973,0.14246700704097748,0.9333996176719666,0.5655393004417419
YPL189C-A,YGL141W,0,-0.31545973,0.1424453854560852,0.9333996176719666,0.5656393766403198
YLR312C-B,YJR121W,0,-0.31545973,0.14242377877235413,0.9333996176719666,0.5657394528388977
YCL048W-A,YDL067C,0,-0.31545973,0.14240218698978424,0.9333996176719666,0.5658395290374756
YMR208W,YAR070W-A,0,-0.31545973,0.14238059520721436,0.9333996176719666,0.5659395456314087
YMR298W,YPL189C-A,0,-0.31545973,0.14235900342464447,0.9333996176719666,0.5660396218299866
YML124C,YHR214W-G,0,-0.31545973,0.14233742654323578,0.9333996176719666,0.5661396980285645
YPL096C-A,YPR122W,0,-0.31545973,0.1423158496618271,0.9333996176719666,0.5662397146224976
YPL031C,YPL189C-A,0,-0.31545973,0.1422942876815796,0.9333996176719666,0.5663397908210754
YCR029C-A,YPL051W,0,-0.31545973,0.1422727257013321,0.9333996176719666,0.5664398670196533
YHR031C,YAR070W-A,0,-0.31545973,0.1422511786222458,0.9333996176719666,0.5665399432182312
YMR122W-A,YAR070W-A,0,-0.31545973,0.14222963154315948,0.9333996176719666,0.5666399598121643
YLR450W,YBL101W-A,0,-0.31545973,0.14220808446407318,0.9333996176719666,0.5667400360107422
YHR214W-G,YAR010C,0,-0.31545973,0.14218655228614807,0.9333996176719666,0.5668401122093201
YLR312C-B,YER051W,0,-0.31545973,0.14216502010822296,0.9333996176719666,0.566940188407898
YCL048W-A,YHR184W,0,-0.31545973,0.14214350283145905,0.9333996176719666,0.567040205001831
YJR065C,YAR070W-A,0,-0.31545973,0.14212198555469513,0.9333996176719666,0.5671402812004089
YBR041W,YHR214W-G,0,-0.31545973,0.1421004831790924,0.9333996176719666,0.5672403573989868
YFL029C,YAR070W-A,0,-0.31545973,0.14207898080348969,0.9333996176719666,0.5673404335975647
YLR214W,YPL189C-A,0,-0.31545973,0.14205749332904816,0.9333996176719666,0.5674404501914978
YHR214W-G,YKL024C,0,-0.31545973,0.14203600585460663,0.9333996176719666,0.5675405263900757
YPL177C,YHL047C,0,-0.31577897,0.1420145183801651,0.9333996176719666,0.5676406025886536
YIL070C,YNL242W,0,-0.31651375,0.14199304580688477,0.9333996176719666,0.5677406191825867
YKL004W,YBL021C,0,-0.3168138,0.14197157323360443,0.9333996176719666,0.5678406953811646
YGL173C,YML094W,0,-0.31703746,0.1419501155614853,0.9333996176719666,0.5679407715797424
YKL089W,YOR192C-A,0,-0.31705213,0.14192865788936615,0.9333996176719666,0.5680408477783203
YML054C,YGR188C,0,-0.31757998,0.1419072151184082,0.9333996176719666,0.5681408643722534
YOR167C,YGR123C,0,-0.31863162,0.14188577234745026,0.9333996176719666,0.5682409405708313
YJR015W,YCR094W,0,-0.31938964,0.1418643295764923,0.9333996176719666,0.5683410167694092
YJL090C,YPL186C,0,-0.32015195,0.14184290170669556,0.9333996176719666,0.5684410929679871
YDR524C,YLR078C,0,-0.32067764,0.1418214738368988,0.9333996176719666,0.5685411095619202
YHR039C-B,YAL025C,0,-0.32071686,0.14180006086826324,0.9333996176719666,0.568641185760498
YBR240C,YDL060W,0,-0.32072616,0.14177864789962769,0.9333996176719666,0.5687412619590759
YDR210W-B,YML074C,0,-0.32093155,0.14175724983215332,0.9333996176719666,0.568841278553009
YGL089C,YDR011W,0,-0.3210622,0.14173585176467896,0.9333996176719666,0.5689413547515869
YPL177C,YLR100W,0,-0.32106537,0.1417144536972046,0.9333996176719666,0.5690414309501648
YIL112W,YCL050C,0,-0.3211393,0.14169307053089142,0.9333996176719666,0.5691415071487427
YIR037W,YHR039C-B,0,-0.32127774,0.14167170226573944,0.9333996176719666,0.5692415237426758
YER131W,YNL289W,0,-0.321416,0.14165031909942627,0.9333996176719666,0.5693415999412537
YKL089W,YDL019C,0,-0.3217966,0.14162896573543549,0.9333996176719666,0.5694416761398315
YCL075W,YDR402C,0,-0.32205123,0.1416075974702835,0.9333996176719666,0.5695417523384094
YJR145C,YMR016C,0,-0.32230076,0.14158624410629272,0.9333996176719666,0.5696417689323425
YOR265W,YDR210W-B,0,-0.322954,0.14156490564346313,0.9333996176719666,0.5697418451309204
YNL331C,YOR192C-A,0,-0.32322896,0.14154356718063354,0.9333996176719666,0.5698419213294983
YBR176W,YOR228C,0,-0.32407779,0.14152222871780396,0.9333996176719666,0.5699419379234314
YBR296C,YDL130W,0,-0.32445267,0.14150090515613556,0.9333996176719666,0.5700420141220093
YML005W,YDL205C,0,-0.32477432,0.14147958159446716,0.9333996176719666,0.5701420903205872
YCR020C,YMR306W,0,-0.3248107,0.14145827293395996,0.9333996176719666,0.570242166519165
YGL232W,YJR033C,0,-0.3253982,0.14143696427345276,0.9333996176719666,0.5703421831130981
YAL010C,YOL092W,0,-0.3258051,0.14141565561294556,0.9333996176719666,0.570442259311676
YMR223W,YHL004W,0,-0.32590896,0.14139436185359955,0.9333996176719666,0.5705423355102539
YPL060W,YOR067C,0,-0.32601708,0.14137308299541473,0.9333996176719666,0.5706424117088318
YHL024W,YLL038C,0,-0.32624957,0.14135180413722992,0.9333996176719666,0.5707424283027649
YOR175C,YLR014C,0,-0.32663304,0.1413305252790451,0.9333996176719666,0.5708425045013428
YBR299W,YLR438C-A,0,-0.32731992,0.14130926132202148,0.9333996176719666,0.5709425806999207
YER091C,YER153C,0,-0.32758188,0.14128799736499786,0.9333996176719666,0.5710425972938538
YBL093C,YML009C,0,-0.3275994,0.14126673340797424,0.9333996176719666,0.5711426734924316
YKR061W,YOR192C-A,0,-0.3280326,0.14124548435211182,0.9333996176719666,0.5712427496910095
YOR192C-A,YCL047C,0,-0.32812905,0.14122425019741058,0.9333996176719666,0.5713428258895874
YNL084C,YLR337W,1,-0.32833183,0.14135338366031647,0.9343936443328857,0.5713428258895874
YPL226W,YDR402C,0,-0.328756,0.14133213460445404,0.9343936443328857,0.5714428424835205
YNL291C,YGL135W,0,-0.32904017,0.1413108855485916,0.9343936443328857,0.5715429186820984
YKL059C,YHR167W,0,-0.32906866,0.1412896364927292,0.9343936443328857,0.5716429948806763
YNL242W,YJR135W-A,0,-0.32981852,0.14126841723918915,0.9343936443328857,0.5717430710792542
YOL064C,YBR012W-B,0,-0.3298703,0.14124718308448792,0.9343936443328857,0.5718430876731873
YHL036W,YIL026C,0,-0.33024055,0.14122596383094788,0.9343936443328857,0.5719431638717651
YGR159C,YOR221C,0,-0.33027792,0.14120474457740784,0.9343936443328857,0.572043240070343
YDR177W,YHR064C,0,-0.33028838,0.141183540225029,0.9343936443328857,0.5721432566642761
YOR151C,YPL017C,0,-0.33074784,0.14116233587265015,0.9343936443328857,0.572243332862854
YKR061W,YBL090W,0,-0.33111072,0.1411411464214325,0.9343936443328857,0.5723434090614319
YOL064C,YGR286C,0,-0.33116537,0.14111995697021484,0.9343936443328857,0.5724434852600098
YNL054W-B,YMR152W,0,-0.33172926,0.1410987675189972,0.9343936443328857,0.5725435018539429
YDL007W,YPR031W,0,-0.3317948,0.14107759296894073,0.9343936443328857,0.5726435780525208
YIL172C,YML009C,0,-0.33242944,0.14105641841888428,0.9343936443328857,0.5727436542510986
YDL082W,YLR337W,0,-0.33247113,0.141035258769989,0.9343936443328857,0.5728437304496765
YPL101W,YOR369C,0,-0.33250156,0.14101409912109375,0.9343936443328857,0.5729437470436096
YDR170W-A,YDR236C,0,-0.33302814,0.14099295437335968,0.9343936443328857,0.5730438232421875
YJL143W,YLR010C,0,-0.3331108,0.1409718096256256,0.9343936443328857,0.5731438994407654
YMR188C,YML091C,0,-0.33339894,0.14095066487789154,0.9343936443328857,0.5732439756393433
YHL009W-B,YJL101C,0,-0.33428025,0.14092953503131866,0.9343936443328857,0.5733439922332764
YCR053W,YHR135C,1,-0.33432746,0.1410583108663559,0.9353876709938049,0.5733439922332764
YDR503C,YLR186W,0,-0.33451378,0.14103716611862183,0.9353876709938049,0.5734440684318542
YDR447C,YJR059W,0,-0.33478555,0.14101603627204895,0.9353876709938049,0.5735441446304321
YML027W,YHR039C-B,0,-0.33490062,0.14099490642547607,0.9353876709938049,0.5736441612243652
YDR036C,YJR060W,0,-0.33507168,0.1409737765789032,0.9353876709938049,0.5737442374229431
YPR192W,YHR167W,0,-0.3350823,0.14095266163349152,0.9353876709938049,0.573844313621521
YDR443C,YLR327C,0,-0.3353894,0.14093156158924103,0.9353876709938049,0.5739443898200989
YHR013C,YMR224C,0,-0.3354339,0.14091044664382935,0.9353876709938049,0.574044406414032
YOL064C,YMR224C,0,-0.3355079,0.14088936150074005,0.9353876709938049,0.5741444826126099
YOL005C,YOL149W,0,-0.33560595,0.14086826145648956,0.9353876709938049,0.5742445588111877
YDR253C,YHL044W,0,-0.33568817,0.14084717631340027,0.9353876709938049,0.5743446350097656
YNL306W,YKL158W,0,-0.33572322,0.14082610607147217,0.9353876709938049,0.5744446516036987
YJR089W,YER106W,0,-0.33604908,0.14080502092838287,0.9353876709938049,0.5745447278022766
YPL051W,YCL031C,0,-0.33624867,0.14078396558761597,0.9353876709938049,0.5746448040008545
YLR396C,YOR192C-B,0,-0.33641228,0.14076289534568787,0.9353876709938049,0.5747448205947876
YOR046C,YDL130W-A,0,-0.33748344,0.14074185490608215,0.9353876709938049,0.5748448967933655
YOR131C,YOR211C,0,-0.33797878,0.14072079956531525,0.9353876709938049,0.5749449729919434
YPL068C,YNR007C,0,-0.33807427,0.14069975912570953,0.9353876709938049,0.5750450491905212
YML106W,YPR098C,0,-0.33822316,0.14067873358726501,0.9353876709938049,0.5751450657844543
YJL219W,YER091C,0,-0.33897898,0.1406576931476593,0.9353876709938049,0.5752451419830322
YNL020C,YLR337W,1,-0.33947518,0.14078612625598907,0.9363816976547241,0.5752451419830322
YMR094W,YOR240W,0,-0.33970225,0.14076508581638336,0.9363816976547241,0.5753452181816101
YHR076W,YBR009C,0,-0.3398962,0.14074406027793884,0.9363816976547241,0.575445294380188
YER029C,YNR008W,0,-0.33991218,0.14072303473949432,0.9363816976547241,0.5755453109741211
YOR347C,YGR194C,0,-0.3399782,0.1407020092010498,0.9363816976547241,0.575645387172699
YMR247C,YGR106C,0,-0.34023345,0.14068099856376648,0.9363816976547241,0.5757454633712769
YOL127W,YPR158C-D,0,-0.34023783,0.14066000282764435,0.9363816976547241,0.57584547996521
YOR057W,YGR086C,0,-0.34056765,0.14063899219036102,0.9363816976547241,0.5759455561637878
YHR021C,YGR063C,0,-0.34058225,0.1406179964542389,0.9363816976547241,0.5760456323623657
YDR036C,YGL157W,0,-0.34106547,0.14059701561927795,0.9363816976547241,0.5761457085609436
YLR385C,YJR076C,0,-0.34108648,0.14057603478431702,0.9363816976547241,0.5762457251548767
YEL013W,YOR343W-A,0,-0.34108824,0.14055505394935608,0.9363816976547241,0.5763458013534546
YPR137C-B,YOR217W,0,-0.3415988,0.14053408801555634,0.9363816976547241,0.5764458775520325
YIL171W,YDR093W,0,-0.34249786,0.1405131220817566,0.9363816976547241,0.5765459537506104
YKL059C,YDR128W,0,-0.34253654,0.14049217104911804,0.9363816976547241,0.5766459703445435
YNL128W,YNR022C,0,-0.34257466,0.1404712200164795,0.9363816976547241,0.5767460465431213
YIL078W,YNR045W,0,-0.34286824,0.14045026898384094,0.9363816976547241,0.5768461227416992
YLR439W,YMR026C,0,-0.342935,0.1404293328523636,0.9363816976547241,0.5769461393356323
YLR446W,YOR080W,0,-0.34305477,0.14040841162204742,0.9363816976547241,0.5770462155342102
YLR147C,YNL248C,0,-0.34372562,0.14038747549057007,0.9363816976547241,0.5771462917327881
YHL009W-B,YDR379W,0,-0.34399942,0.1403665691614151,0.9363816976547241,0.577246367931366
YLR201C,YPL090C,0,-0.34429038,0.14034564793109894,0.9363816976547241,0.5773463845252991
YLR086W,YPL258C,0,-0.34458566,0.14032474160194397,0.9363816976547241,0.577446460723877
YDR341C,YKL004W,0,-0.34466535,0.140303835272789,0.9363816976547241,0.5775465369224548
YDR465C,YGR035C,0,-0.3447808,0.14028294384479523,0.9363816976547241,0.5776466131210327
YER027C,YOR192C-B,0,-0.3448292,0.14026206731796265,0.9363816976547241,0.5777466297149658
YOR192C-B,YDR118W,0,-0.34524566,0.14024117588996887,0.9363816976547241,0.5778467059135437
YDL051W,YER082C,0,-0.34525248,0.1402202993631363,0.9363816976547241,0.5779467821121216
YBR022W,YBL101W-A,0,-0.34531808,0.1401994377374649,0.9363816976547241,0.5780467987060547
YDR071C,YPR096C,0,-0.34615862,0.14017857611179352,0.9363816976547241,0.5781468749046326
YOR240W,YPR096C,0,-0.34679902,0.14015771448612213,0.9363816976547241,0.5782469511032104
YDL095W,YPL092W,0,-0.346858,0.14013686776161194,0.9363816976547241,0.5783470273017883
YBR058C-A,YHR011W,0,-0.34687775,0.14011602103710175,0.9363816976547241,0.5784470438957214
YKR061W,YDL065C,0,-0.34695348,0.14009517431259155,0.9363816976547241,0.5785471200942993
YBR159W,YPL257W-A,0,-0.34707704,0.14007434248924255,0.9363816976547241,0.5786471962928772
YKL135C,YHR070W,0,-0.34720325,0.14005352556705475,0.9363816976547241,0.5787472724914551
YJL048C,YDL008W,0,-0.34744936,0.14003270864486694,0.9363816976547241,0.5788472890853882
YAL013W,YKL195W,0,-0.347629,0.14001189172267914,0.9363816976547241,0.5789473652839661
YLR207W,YNL325C,0,-0.34788525,0.13999108970165253,0.9363816976547241,0.579047441482544
YOL003C,YDR031W,0,-0.3485974,0.13997028768062592,0.9363816976547241,0.5791475176811218
YDR060W,YBL020W,0,-0.348914,0.1399494856595993,0.9363816976547241,0.5792475342750549
YDR107C,YFR005C,0,-0.34956098,0.1399286985397339,0.9363816976547241,0.5793476104736328
YMR130W,YDR236C,0,-0.34966642,0.13990791141986847,0.9363816976547241,0.5794476866722107
YGL155W,YKL158W,0,-0.3499273,0.13988713920116425,0.9363816976547241,0.5795477032661438
YDR013W,YNL158W,0,-0.3501501,0.13986636698246002,0.9363816976547241,0.5796477794647217
YDL043C,YJL008C,0,-0.35038143,0.139845609664917,0.9363816976547241,0.5797478556632996
YAL021C,YNL151C,0,-0.35066277,0.13982485234737396,0.9363816976547241,0.5798479318618774
YKL004W,YGL258W-A,0,-0.3506899,0.13980409502983093,0.9363816976547241,0.5799479484558105
YOL065C,YPR041W,0,-0.35071337,0.1397833526134491,0.9363816976547241,0.5800480246543884
YNL119W,YCR054C,0,-0.3510822,0.13976261019706726,0.9363816976547241,0.5801481008529663
YHR044C,YBR241C,0,-0.3510837,0.13974188268184662,0.9363816976547241,0.5802481770515442
YDR279W,YDR034C-C,0,-0.35127434,0.13972115516662598,0.9363816976547241,0.5803481936454773
YMR043W,YKL195W,0,-0.3520412,0.13970042765140533,0.9363816976547241,0.5804482698440552
YJR139C,YNL112W,0,-0.35206264,0.1396797150373459,0.9363816976547241,0.5805483460426331
YGR104C,YJR094W-A,0,-0.35207915,0.13965900242328644,0.9363816976547241,0.5806483626365662
YMR171C,YEL059C-A,0,-0.35210022,0.13963830471038818,0.9363816976547241,0.580748438835144
YOL092W,YHR086W,0,-0.3521899,0.13961760699748993,0.9363816976547241,0.5808485150337219
YIL093C,YGR001C,0,-0.35238832,0.13959692418575287,0.9363816976547241,0.5809485912322998
YIL084C,YLR467W,0,-0.35249826,0.13957622647285461,0.9363816976547241,0.5810486078262329
YBR160W,YJR089W,0,-0.35255265,0.13955555856227875,0.9363816976547241,0.5811486840248108
YCR077C,YOL056W,0,-0.3526805,0.13953489065170288,0.9363816976547241,0.5812487602233887
YNR011C,YLR172C,0,-0.35288775,0.13951422274112701,0.9363816976547241,0.5813488364219666
YBR237W,YER061C,0,-0.3532654,0.13949355483055115,0.9363816976547241,0.5814488530158997
YHR160C,YLR048W,0,-0.35327303,0.13947290182113647,0.9363816976547241,0.5815489292144775
YMR316W,YJL143W,0,-0.35390675,0.139452263712883,0.9363816976547241,0.5816490054130554
YDL120W,YOR201C,0,-0.35408258,0.13943161070346832,0.9363816976547241,0.5817490220069885
YOR233W,YLR010C,0,-0.3541065,0.13941098749637604,0.9363816976547241,0.5818490982055664
YDR121W,YDR177W,0,-0.35446215,0.13939034938812256,0.9363816976547241,0.5819491744041443
YGL136C,YBL020W,0,-0.3545645,0.13936972618103027,0.9363816976547241,0.5820492506027222
YNR022C,YPL202C,0,-0.35464686,0.13934911787509918,0.9363816976547241,0.5821492671966553
YGL210W,YBR048W,0,-0.35515082,0.1393284946680069,0.9363816976547241,0.5822493433952332
YDR126W,YER089C,0,-0.35553753,0.139307901263237,0.9363816976547241,0.582349419593811
YOR167C,YOR063W,0,-0.35581562,0.1392872929573059,0.9363816976547241,0.5824494957923889
YER099C,YJL048C,0,-0.35616693,0.139266699552536,0.9363816976547241,0.582549512386322
YGL173C,YER148W,0,-0.3570373,0.1392461210489273,0.9363816976547241,0.5826495885848999
YBL106C,YDL065C,0,-0.35707566,0.1392255425453186,0.9363816976547241,0.5827496647834778
YJL170C,YBR245C,0,-0.3571695,0.1392049640417099,0.9363816976547241,0.5828496813774109
YPR005C,YJL025W,0,-0.35740435,0.1391844004392624,0.9363816976547241,0.5829497575759888
YML113W,YHR010W,0,-0.35746676,0.13916383683681488,0.9363816976547241,0.5830498337745667
YBR159W,YDR210W-B,0,-0.35767865,0.13914327323436737,0.9363816976547241,0.5831499099731445
YER140W,YHR099W,0,-0.35790437,0.13912272453308105,0.9363816976547241,0.5832499265670776
YGL185C,YHR036W,0,-0.35865194,0.13910219073295593,0.9363816976547241,0.5833500027656555
YER036C,YMR224C,0,-0.359328,0.13908164203166962,0.9363816976547241,0.5834500789642334
YHR086W,YMR224C,0,-0.35950032,0.1390611231327057,0.9363816976547241,0.5835501551628113
YDR239C,YGL123W,0,-0.35983804,0.13904058933258057,0.9363816976547241,0.5836501717567444
YDL164C,YER091C,0,-0.35984582,0.13902007043361664,0.9363816976547241,0.5837502479553223
YDL231C,YGL206C,1,-0.3608584,0.13914711773395538,0.9373757243156433,0.5837502479553223
YDR283C,YCL059C,0,-0.36132175,0.13912658393383026,0.9373757243156433,0.5838503241539001
YIL084C,YHR017W,0,-0.36169317,0.13910606503486633,0.9373757243156433,0.5839503407478333
YGL119W,YDL190C,0,-0.3618254,0.1390855461359024,0.9373757243156433,0.5840504169464111
YJL129C,YMR306W,0,-0.3618503,0.13906502723693848,0.9373757243156433,0.584150493144989
YJL046W,YLR176C,0,-0.36206096,0.13904452323913574,0.9373757243156433,0.5842505693435669
YHR046C,YPR016C,0,-0.36224347,0.1390240341424942,0.9373757243156433,0.5843505859375
YNL159C,YKL183W,0,-0.36302707,0.13900354504585266,0.9373757243156433,0.5844506621360779
YOR192C-B,YNL166C,0,-0.36325872,0.13898305594921112,0.9373757243156433,0.5845507383346558
YBR207W,YLR337C,1,-0.36328644,0.13910993933677673,0.9383698105812073,0.5845507383346558
YJL046W,YDR126W,0,-0.36366713,0.139089435338974,0.9383698105812073,0.5846508145332336
YGR263C,YNR070W,0,-0.36367363,0.13906894624233246,0.9383698105812073,0.5847508311271667
YBR176W,YJR089W,0,-0.3638149,0.13904845714569092,0.9383698105812073,0.5848509073257446
YMR056C,YPR019W,0,-0.36386833,0.13902798295021057,0.9383698105812073,0.5849509835243225
YOR047C,YHR025W,0,-0.363964,0.13900750875473022,0.9383698105812073,0.5850510597229004
YMR166C,YPR036W,0,-0.36444628,0.13898704946041107,0.9383698105812073,0.5851510763168335
YFR041C,YGL157W,0,-0.3645669,0.13896659016609192,0.9383698105812073,0.5852511525154114
YMR128W,YHL047C,0,-0.3646689,0.13894613087177277,0.9383698105812073,0.5853512287139893
YJL048C,YDR487C,0,-0.3648214,0.1389256864786148,0.9383698105812073,0.5854512453079224
YLR127C,YOR290C,0,-0.36511198,0.13890524208545685,0.9383698105812073,0.5855513215065002
YDR128W,YBR241C,0,-0.36524564,0.1388847976922989,0.9383698105812073,0.5856513977050781
YML005W,YPL123C,0,-0.36543325,0.13886436820030212,0.9383698105812073,0.585751473903656
YEL064C,YBR040W,0,-0.36545694,0.13884395360946655,0.9383698105812073,0.5858514904975891
YPL121C,YHR184W,0,-0.36546716,0.1388235241174698,0.9383698105812073,0.585951566696167
YDR347W,YDL112W,0,-0.3655824,0.1388031244277954,0.9383698105812073,0.5860516428947449
YOR175C,YDL007W,0,-0.36623496,0.13878270983695984,0.9383698105812073,0.5861517190933228
YPR168W,YHR099W,0,-0.366308,0.13876231014728546,0.9383698105812073,0.5862517356872559
YDL120W,YEL050C,0,-0.36678693,0.13874191045761108,0.9383698105812073,0.5863518118858337
YDR055W,YJR135W-A,0,-0.36685732,0.1387215256690979,0.9383698105812073,0.5864518880844116
YPR137C-B,YOL065C,0,-0.36705536,0.13870114088058472,0.9383698105812073,0.5865519046783447
YLR459W,YHR052W,0,-0.36708304,0.13868077099323273,0.9383698105812073,0.5866519808769226
YBR297W,YMR017W,0,-0.36709076,0.13866040110588074,0.9383698105812073,0.5867520570755005
YJR015W,YDR507C,0,-0.3676799,0.13864003121852875,0.9383698105812073,0.5868521332740784
YLR373C,YOR167C,0,-0.367911,0.13861967623233795,0.9383698105812073,0.5869521498680115
YPL157W,YOR182C,0,-0.36825252,0.13859932124614716,0.9383698105812073,0.5870522260665894
YHL036W,YLR207W,0,-0.36828202,0.13857898116111755,0.9383698105812073,0.5871523022651672
YIR017C,YCL057C-A,0,-0.36857432,0.13855864107608795,0.9383698105812073,0.5872523784637451
YDR236C,YER106W,0,-0.36876598,0.13853830099105835,0.9383698105812073,0.5873523950576782
YJL080C,YLR139C,0,-0.36908066,0.13851797580718994,0.9383698105812073,0.5874524712562561
YGL135W,YDR448W,0,-0.36920238,0.13849765062332153,0.9383698105812073,0.587552547454834
YDR107C,YNL096C,0,-0.3693677,0.13847734034061432,0.9383698105812073,0.5876525640487671
YER111C,YHR186C,0,-0.36955005,0.1384570300579071,0.9383698105812073,0.587752640247345
YCR020C,YGR295C,0,-0.36966836,0.1384367197751999,0.9383698105812073,0.5878527164459229
YJR060W,YPR108W,0,-0.37011003,0.13841642439365387,0.9383698105812073,0.5879527926445007
YMR037C,YCR075C,0,-0.37033686,0.13839612901210785,0.9383698105812073,0.5880528092384338
YNL158W,YCR075C,0,-0.3706485,0.13837584853172302,0.9383698105812073,0.5881528854370117
YNL046W,YDR390C,0,-0.3711101,0.1383555680513382,0.9383698105812073,0.5882529616355896
YBL021C,YAL044C,0,-0.37143105,0.13833528757095337,0.9383698105812073,0.5883530378341675
YOR240W,YNL325C,0,-0.3722285,0.13831502199172974,0.9383698105812073,0.5884530544281006
YER099C,YOR075W,0,-0.37223387,0.1382947564125061,0.9383698105812073,0.5885531306266785
YDL180W,YPL202C,0,-0.37245342,0.13827450573444366,0.9383698105812073,0.5886532068252563
YBL093C,YDL033C,0,-0.37281692,0.13825424015522003,0.9383698105812073,0.5887532234191895
YBR022W,YLR459W,0,-0.37287474,0.1382340043783188,0.9383698105812073,0.5888532996177673
YHR076W,YJR058C,0,-0.3730469,0.13821376860141754,0.9383698105812073,0.5889533758163452
YER159C-A,YER113C,0,-0.3732686,0.1381935328245163,0.9383698105812073,0.5890534520149231
YJL125C,YER126C,0,-0.3732985,0.13817329704761505,0.9383698105812073,0.5891534686088562
YDR376W,YBR231C,0,-0.37360078,0.138153076171875,0.9383698105812073,0.5892535448074341
YMR298W,YFR032C-A,0,-0.3744946,0.13813287019729614,0.9383698105812073,0.589353621006012
YMR026C,YMR204C,0,-0.37467134,0.1381126493215561,0.9383698105812073,0.5894536972045898
YHR073W,YCR094W,1,-0.37478226,0.13823874294757843,0.9393638372421265,0.5894536972045898
YFR032C-A,YPR178W,0,-0.37556994,0.13821852207183838,0.9393638372421265,0.589553713798523
YDL231C,YGR014W,0,-0.3756619,0.13819830119609833,0.9393638372421265,0.5896537899971008
YJL204C,YLR337W,1,-0.375703,0.1383243203163147,0.9403578639030457,0.5896537899971008
YNL149C,YNR047W,0,-0.37586316,0.13830409944057465,0.9403578639030457,0.5897538661956787
YIL004C,YOR201C,0,-0.37605172,0.1382838785648346,0.9403578639030457,0.5898538827896118
YER083C,YDL130W-A,0,-0.37616095,0.13826367259025574,0.9403578639030457,0.5899539589881897
YPL194W,YAL034W-A,0,-0.37631148,0.13824346661567688,0.9403578639030457,0.5900540351867676
YLR373C,YOR290C,0,-0.37671363,0.13822326064109802,0.9403578639030457,0.5901541113853455
YNL322C,YBL020W,0,-0.3768947,0.13820306956768036,0.9403578639030457,0.5902541279792786
YCL063W,YPR098C,0,-0.3774026,0.1381828784942627,0.9403578639030457,0.5903542041778564
YDR503C,YKR009C,0,-0.37773675,0.13816270232200623,0.9403578639030457,0.5904542803764343
YDL075W,YPL257W-A,0,-0.37783256,0.13814252614974976,0.9403578639030457,0.5905543565750122
YPR108W,YCL066W,0,-0.37794507,0.1381223499774933,0.9403578639030457,0.5906543731689453
YHR147C,YLR246W,0,-0.3780073,0.138102188706398,0.9403578639030457,0.5907544493675232
YDR478W,YGL084C,0,-0.3786654,0.13808202743530273,0.9403578639030457,0.5908545255661011
YKR059W,YBR283C,0,-0.38039586,0.13806188106536865,0.9403578639030457,0.590954601764679
YLR098C,YGL157W,0,-0.38043052,0.13804173469543457,0.9403578639030457,0.5910546183586121
YLR086W,YDR116C,0,-0.38104367,0.1380215883255005,0.9403578639030457,0.5911546945571899
YHR105W,YDR169C,0,-0.3812284,0.1380014568567276,0.9403578639030457,0.5912547707557678
YDR253C,YLR356W,0,-0.38164794,0.1379813253879547,0.9403578639030457,0.5913547873497009
YPL059W,YEL021W,0,-0.38193408,0.13796120882034302,0.9403578639030457,0.5914548635482788
YOL064C,YML087C,0,-0.3821834,0.13794109225273132,0.9403578639030457,0.5915549397468567
YCL055W,YPL269W,0,-0.38313887,0.13792097568511963,0.9403578639030457,0.5916550159454346
YMR292W,YBL055C,0,-0.38327396,0.13790087401866913,0.9403578639030457,0.5917550325393677
YJL165C,YCR054C,0,-0.38329673,0.13788077235221863,0.9403578639030457,0.5918551087379456
YDR013W,YCL069W,0,-0.38357273,0.13786068558692932,0.9403578639030457,0.5919551849365234
YGL222C,YDR400W,0,-0.38365123,0.13784059882164001,0.9403578639030457,0.5920552611351013
YJL062W,YMR150C,0,-0.38373202,0.1378205120563507,0.9403578639030457,0.5921552777290344
YPL177C,YPL074W,0,-0.3837666,0.1378004401922226,0.9403578639030457,0.5922553539276123
YNL330C,YLR448W,0,-0.3842246,0.13778036832809448,0.9403578639030457,0.5923554301261902
YNL308C,YMR303C,0,-0.3845908,0.13776029646396637,0.9403578639030457,0.5924554467201233
YOR240W,YBR122C,0,-0.38490695,0.13774023950099945,0.9403578639030457,0.5925555229187012
YBL039C,YMR302C,0,-0.38497093,0.13772019743919373,0.9403578639030457,0.592655599117279
YML040W,YBR158W,0,-0.3852349,0.1377001404762268,0.9403578639030457,0.5927556753158569
YGR220C,YER053C,0,-0.38582557,0.13768009841442108,0.9403578639030457,0.59285569190979
YPL085W,YDR034C-C,0,-0.3862831,0.13766007125377655,0.9403578639030457,0.5929557681083679
YPL174C,YOL123W,0,-0.38654816,0.13764004409313202,0.9403578639030457,0.5930558443069458
YFR032C-A,YMR314W,0,-0.38701737,0.1376200169324875,0.9403578639030457,0.5931559205055237
YGL222C,YDR402C,0,-0.38706845,0.13760000467300415,0.9403578639030457,0.5932559370994568
YER133W,YNL166C,0,-0.3872679,0.1375799924135208,0.9403578639030457,0.5933560132980347
YNL129W,YBR084W,0,-0.38881278,0.13755998015403748,0.9403578639030457,0.5934560894966125
YHL024W,YML113W,0,-0.38892707,0.13753998279571533,0.9403578639030457,0.5935561060905457
YMR142C,YPR098C,0,-0.38946438,0.1375199854373932,0.9403578639030457,0.5936561822891235
YLR086W,YHR147C,0,-0.3895774,0.13750000298023224,0.9403578639030457,0.5937562584877014
YLR201C,YBL074C,0,-0.38960403,0.1374800205230713,0.9403578639030457,0.5938563346862793
YER061C,YNL136W,0,-0.38974163,0.13746003806591034,0.9403578639030457,0.5939563512802124
YER091C,YDL109C,0,-0.3899114,0.13744007050991058,0.9403578639030457,0.5940564274787903
YER095W,YBL074C,0,-0.38998997,0.13742010295391083,0.9403578639030457,0.5941565036773682
YDL101C,YGR106C,0,-0.39027232,0.13740015029907227,0.9403578639030457,0.594256579875946
YBR033W,YHR172W,0,-0.39064467,0.1373801976442337,0.9403578639030457,0.5943565964698792
YLR010C,YML088W,0,-0.39097422,0.13736024498939514,0.9403578639030457,0.594456672668457
YOR346W,YLR337W,0,-0.39153713,0.13734030723571777,0.9403578639030457,0.5945567488670349
YPL269W,YBR251W,0,-0.39157367,0.1373203694820404,0.9403578639030457,0.594656765460968
YPL143W,YKL109W,0,-0.39227688,0.13730043172836304,0.9403578639030457,0.5947568416595459
YMR127C,YBL074C,0,-0.39231777,0.13728050887584686,0.9403578639030457,0.5948569178581238
YBR237W,YDL141W,0,-0.39238125,0.1372605860233307,0.9403578639030457,0.5949569940567017
YIL109C,YGR279C,0,-0.39267406,0.1372406780719757,0.9403578639030457,0.5950570106506348
YPL031C,YNL054W-B,0,-0.3926822,0.13722077012062073,0.9403578639030457,0.5951570868492126
YLL009C,YDR134C,0,-0.39288336,0.13720087707042694,0.9403578639030457,0.5952571630477905
YEL061C,YDR320C,0,-0.393123,0.13718096911907196,0.9403578639030457,0.5953572392463684
YER083C,YOL092W,0,-0.39400885,0.13716109097003937,0.9403578639030457,0.5954572558403015
YKL178C,YOL071W,0,-0.39463082,0.13714119791984558,0.9403578639030457,0.5955573320388794
YNL339C,YLL022C,0,-0.39507097,0.137121319770813,0.9403578639030457,0.5956574082374573
YLR109W,YLR448W,0,-0.39523512,0.1371014565229416,0.9403578639030457,0.5957574248313904
YDL108W,YKL164C,0,-0.39536563,0.137081578373909,0.9403578639030457,0.5958575010299683
YJR139C,YEL059C-A,0,-0.39537102,0.1370617151260376,0.9403578639030457,0.5959575772285461
YOR179C,YOR348C,0,-0.39584288,0.1370418667793274,0.9403578639030457,0.596057653427124
YMR128W,YDR166C,0,-0.3961079,0.1370220184326172,0.9403578639030457,0.5961576700210571
YGL089C,YKR048C,0,-0.3970481,0.13700217008590698,0.9403578639030457,0.596257746219635
YLL038C,YER166W,1,-0.3972783,0.1371271312236786,0.9413518905639648,0.596257746219635
YIL009C-A,YDR228C,0,-0.39734584,0.13710728287696838,0.9413518905639648,0.5963578224182129
YPR118W,YPL089C,0,-0.3976217,0.13708743453025818,0.9413518905639648,0.5964578986167908
YMR201C,YAL062W,0,-0.3978918,0.13706758618354797,0.9413518905639648,0.5965579152107239
YML018C,YDR265W,0,-0.39834994,0.13704775273799896,0.9413518905639648,0.5966579914093018
YDL085W,YHR023W,0,-0.39886153,0.13702791929244995,0.9413518905639648,0.5967580676078796
YOR175C,YOL149W,0,-0.39900964,0.13700810074806213,0.9413518905639648,0.5968581438064575
YNR001C,YBR040W,0,-0.3991082,0.13698828220367432,0.9413518905639648,0.5969581604003906
YFR037C,YNL244C,0,-0.3992308,0.1369684636592865,0.9413518905639648,0.5970582365989685
YJL046W,YCL031C,0,-0.40019253,0.13694866001605988,0.9413518905639648,0.5971583127975464
YOR242C,YCL031C,0,-0.40020984,0.13692885637283325,0.9413518905639648,0.5972583293914795
YJL044C,YHR039C-B,0,-0.40026748,0.13690906763076782,0.9413518905639648,0.5973584055900574
YHR067W,YHR161C,0,-0.4009709,0.1368892788887024,0.9413518905639648,0.5974584817886353
YHR031C,YDR169C,0,-0.40125996,0.13686949014663696,0.9413518905639648,0.5975585579872131
YNR020C,YLR287C-A,0,-0.4014759,0.13684971630573273,0.9413518905639648,0.5976585745811462
YOL105C,YNR061C,0,-0.40180486,0.1368299424648285,0.9413518905639648,0.5977586507797241
YLR337W,YHR135C,1,-0.40201497,0.1369546353816986,0.942345917224884,0.5977586507797241
YLR439W,YML125C,0,-0.402226,0.13693486154079437,0.942345917224884,0.597858726978302
YJL198W,YDL060W,0,-0.40241367,0.13691507279872894,0.942345917224884,0.5979588031768799
YDL141W,YBR198C,0,-0.40261585,0.1368953138589859,0.942345917224884,0.598058819770813
YBR175W,YCR053W,0,-0.40266895,0.13687554001808167,0.942345917224884,0.5981588959693909
YGL173C,YDL166C,0,-0.40277687,0.13685578107833862,0.942345917224884,0.5982589721679688
YCR053W,YLR056W,1,-0.4028623,0.13698036968708038,0.9433399438858032,0.5982589721679688
YBL088C,YOR211C,0,-0.40294147,0.13696059584617615,0.9433399438858032,0.5983589887619019
YER061C,YPL177C,0,-0.4038368,0.1369408369064331,0.9433399438858032,0.5984590649604797
YPL017C,YLR337W,0,-0.40422595,0.13692107796669006,0.9433399438858032,0.5985591411590576
YOR192C-B,YER070W,0,-0.4046513,0.13690133392810822,0.9433399438858032,0.5986592173576355
YNL280C,YGL168W,0,-0.40497914,0.13688157498836517,0.9433399438858032,0.5987592339515686
YPL101W,YKL021C,0,-0.40543166,0.13686184585094452,0.9433399438858032,0.5988593101501465
YBR123C,YMR045C,0,-0.4056749,0.13684210181236267,0.9433399438858032,0.5989593863487244
YNR040W,YNL310C,0,-0.40590274,0.13682237267494202,0.9433399438858032,0.5990594625473022
YDL085W,YDR529C,0,-0.40613973,0.13680265843868256,0.9433399438858032,0.5991594791412354
YDR118W,YMR109W,0,-0.40676934,0.1367829293012619,0.9433399438858032,0.5992595553398132
YHR207C,YLR099C,0,-0.40710425,0.13676321506500244,0.9433399438858032,0.5993596315383911
YBR082C,YMR109W,0,-0.40739697,0.13674351572990417,0.9433399438858032,0.5994596481323242
YGR274C,YKL198C,0,-0.4075025,0.1367238163948059,0.9433399438858032,0.5995597243309021
YKL116C,YML081C-A,0,-0.408308,0.13670411705970764,0.9433399438858032,0.59965980052948
YNR027W,YKL010C,0,-0.40854815,0.13668443262577057,0.9433399438858032,0.5997598767280579
YML005W,YDR034C-C,0,-0.40864682,0.1366647481918335,0.9433399438858032,0.599859893321991
YOR131C,YDL146W,0,-0.40868995,0.13664506375789642,0.9433399438858032,0.5999599695205688
YLL062C,YPL085W,0,-0.4091044,0.13662539422512054,0.9433399438858032,0.6000600457191467
YLL013C,YMR306W,0,-0.40987512,0.13660572469234467,0.9433399438858032,0.6001601219177246
YOR076C,YGR037C,0,-0.41086796,0.13658607006072998,0.9433399438858032,0.6002601385116577
YBL021C,YJR058C,0,-0.41088155,0.1365664154291153,0.9433399438858032,0.6003602147102356
YOR192C-A,YBR035C,0,-0.4109617,0.1365467607975006,0.9433399438858032,0.6004602909088135
YMR016C,YBL101W-A,0,-0.4112712,0.13652712106704712,0.9433399438858032,0.6005603075027466
YJL073W,YJL080C,0,-0.41142476,0.13650748133659363,0.9433399438858032,0.6006603837013245
YPR102C,YIL126W,0,-0.41199383,0.13648784160614014,0.9433399438858032,0.6007604598999023
YMR070W,YDR047W,0,-0.4126217,0.13646821677684784,0.9433399438858032,0.6008605360984802
YDR443C,YML115C,0,-0.41325882,0.13644859194755554,0.9433399438858032,0.6009605526924133
YBR185C,YDR031W,0,-0.41401678,0.13642898201942444,0.9433399438858032,0.6010606288909912
YIL111W,YHR129C,0,-0.41405147,0.13640937209129333,0.9433399438858032,0.6011607050895691
YEL038W,YIL171W,0,-0.4148354,0.13638976216316223,0.9433399438858032,0.601260781288147
YLR126C,YLR010C,0,-0.41508782,0.13637016713619232,0.9433399438858032,0.6013607978820801
YGR071C,YGR218W,0,-0.41529217,0.1363505721092224,0.9433399438858032,0.601460874080658
YLR446W,YJL156C,0,-0.4159722,0.1363309919834137,0.9433399438858032,0.6015609502792358
YNL119W,YMR152W,0,-0.4160767,0.13631141185760498,0.9433399438858032,0.601660966873169
YNL293W,YJL041W,0,-0.41619378,0.13629183173179626,0.9433399438858032,0.6017610430717468
YMR122W-A,YML115C,0,-0.41633704,0.13627225160598755,0.9433399438858032,0.6018611192703247
YIL070C,YOR124C,0,-0.4163476,0.13625268638134003,0.9433399438858032,0.6019611954689026
YHL009W-B,YOR315W,0,-0.41713792,0.1362331360578537,0.9433399438858032,0.6020612120628357
YLR439W,YLL050C,0,-0.4173481,0.13621358573436737,0.9433399438858032,0.6021612882614136
YPR049C,YPL048W,0,-0.4177407,0.13619403541088104,0.9433399438858032,0.6022613644599915
YPR048W,YPL172C,0,-0.41799763,0.13617448508739471,0.9433399438858032,0.6023614406585693
YOR348C,YJL109C,0,-0.41802445,0.13615494966506958,0.9433399438858032,0.6024614572525024
YPL060W,YJL102W,0,-0.4183681,0.13613541424274445,0.9433399438858032,0.6025615334510803
YBR109C,YLR337W,1,-0.41840813,0.1362593173980713,0.9443339705467224,0.6025615334510803
YML077W,YKL028W,0,-0.41907325,0.13623978197574615,0.9443339705467224,0.6026616096496582
YOL117W,YBL074C,0,-0.4192468,0.13622024655342102,0.9443339705467224,0.6027616858482361
YDR479C,YLR385C,0,-0.41942364,0.1362007111310959,0.9443339705467224,0.6028617024421692
YDR134C,YLR265C,0,-0.41971737,0.13618119060993195,0.9443339705467224,0.6029617786407471
YPL157W,YMR022W,0,-0.41978315,0.136161670088768,0.9443339705467224,0.603061854839325
YJR135C,YDR529C,0,-0.4199633,0.13614216446876526,0.9443339705467224,0.6031618714332581
YOR175C,YOR075W,0,-0.4204655,0.1361226588487625,0.9443339705467224,0.6032619476318359
YJL048C,YPL101W,0,-0.42053297,0.13610315322875977,0.9443339705467224,0.6033620238304138
YGR101W,YLR337W,0,-0.4205895,0.1360836625099182,0.9443339705467224,0.6034621000289917
YHR101C,YPL033C,0,-0.421496,0.13606417179107666,0.9443339705467224,0.6035621166229248
YNL086W,YOR039W,0,-0.4221661,0.1360446810722351,0.9443339705467224,0.6036621928215027
YBR022W,YGR062C,0,-0.42225072,0.13602520525455475,0.9443339705467224,0.6037622690200806
YMR287C,YGR062C,0,-0.42251867,0.1360057294368744,0.9443339705467224,0.6038623452186584
YCR096C,YKL158W,0,-0.42259544,0.13598625361919403,0.9443339705467224,0.6039623618125916
YDR060W,YGL178W,0,-0.4228182,0.13596679270267487,0.9443339705467224,0.6040624380111694
YDR242W,YPL258C,0,-0.42369744,0.1359473317861557,0.9443339705467224,0.6041625142097473
YHR036W,YDL112W,0,-0.42373437,0.13592788577079773,0.9443339705467224,0.6042625308036804
YBR240C,YOR308C,0,-0.42392033,0.13590843975543976,0.9443339705467224,0.6043626070022583
YJR066W,YDR501W,0,-0.42426646,0.1358889937400818,0.9443339705467224,0.6044626832008362
YER068W,YAL013W,0,-0.42526776,0.135869562625885,0.9443339705467224,0.6045627593994141
YGL173C,YJR143C,0,-0.4252969,0.13585013151168823,0.9443339705467224,0.6046627759933472
YBR040W,YMR312W,0,-0.42529976,0.13583071529865265,0.9443339705467224,0.604762852191925
YER120W,YOL123W,0,-0.425388,0.13581129908561707,0.9443339705467224,0.6048629283905029
YDL085W,YGR241C,0,-0.4254867,0.13579188287258148,0.9443339705467224,0.6049630045890808
YHR076W,YGR101W,0,-0.42557955,0.1357724666595459,0.9443339705467224,0.6050630211830139
YMR130W,YLR238W,0,-0.42578077,0.1357530653476715,0.9443339705467224,0.6051630973815918
YGL089C,YBR205W,0,-0.4257947,0.1357336789369583,0.9443339705467224,0.6052631735801697
YOR192C-B,YER133W,0,-0.42595503,0.13571429252624512,0.9443339705467224,0.6053631901741028
YER088C,YGR154C,0,-0.4260898,0.13569490611553192,0.9443339705467224,0.6054632663726807
YDR011W,YDR313C,0,-0.42613822,0.13567551970481873,0.9443339705467224,0.6055633425712585
YHL040C,YMR043W,0,-0.42631486,0.13565614819526672,0.9443339705467224,0.6056634187698364
YJR015W,YOR039W,0,-0.42641106,0.13563677668571472,0.9443339705467224,0.6057634353637695
YNR061C,YLR318W,0,-0.42642793,0.1356174200773239,0.9443339705467224,0.6058635115623474
YML060W,YFL039C,0,-0.4265498,0.1355980634689331,0.9443339705467224,0.6059635877609253
YNL322C,YBL061C,0,-0.4274221,0.1355787068605423,0.9443339705467224,0.6060636639595032
YGR006W,YDR486C,0,-0.42749435,0.13555936515331268,0.9443339705467224,0.6061636805534363
YPL091W,YDL130W,0,-0.42868057,0.13554002344608307,0.9443339705467224,0.6062637567520142
YDL101C,YDR261W-B,0,-0.42897183,0.13552068173885345,0.9443339705467224,0.606363832950592
YOR381W,YKR009C,0,-0.42925072,0.13550135493278503,0.9443339705467224,0.6064638495445251
YBR012W-A,YJR135C,0,-0.42956635,0.1354820281267166,0.9443339705467224,0.606563925743103
YER161C,YPL048W,0,-0.4298352,0.1354627162218094,0.9443339705467224,0.6066640019416809
YOR373W,YDR128W,0,-0.43068367,0.13544340431690216,0.9443339705467224,0.6067640781402588
YBL101W-A,YLR306W,0,-0.4312117,0.13542409241199493,0.9443339705467224,0.6068640947341919
YDR177W,YOR221C,0,-0.43169814,0.1354047954082489,0.9443339705467224,0.6069641709327698
YDL127W,YPR122W,0,-0.43169987,0.13538549840450287,0.9443339705467224,0.6070642471313477
YGR035C,YNL129W,0,-0.43269813,0.13536620140075684,0.9443339705467224,0.6071643233299255
YJR015W,YOL133W,0,-0.4331894,0.135346919298172,0.9443339705467224,0.6072643399238586
YGL039W,YAL003W,0,-0.43401545,0.13532763719558716,0.9443339705467224,0.6073644161224365
YOL064C,YDR436W,0,-0.43411672,0.13530835509300232,0.9443339705467224,0.6074644923210144
YOR089C,YFL039C,1,-0.43412274,0.13543149828910828,0.9453280568122864,0.6074644923210144
YGR104C,YDR071C,0,-0.43442926,0.13541221618652344,0.9453280568122864,0.6075645685195923
YDL033C,YKL158W,0,-0.43496612,0.1353929340839386,0.9453280568122864,0.6076645851135254
YNL054W-B,YMR071C,0,-0.43520975,0.13537366688251495,0.9453280568122864,0.6077646613121033
YNL086W,YGR188C,0,-0.4354783,0.1353543996810913,0.9453280568122864,0.6078647375106812
YNL136W,YGR062C,0,-0.43586725,0.13533513247966766,0.9453280568122864,0.6079647541046143
YIL027C,YLR201C,0,-0.4363258,0.1353158801794052,0.9453280568122864,0.6080648303031921
YDR077W,YML009C,0,-0.43635744,0.13529662787914276,0.9453280568122864,0.60816490650177
YCR098C,YDR421W,0,-0.43686107,0.1352773755788803,0.9453280568122864,0.6082649827003479
YPL148C,YPL257W-A,0,-0.4369291,0.13525813817977905,0.9453280568122864,0.608364999294281
YOR384W,YJR075W,0,-0.43732888,0.1352389007806778,0.9453280568122864,0.6084650754928589
YIL112W,YLL022C,0,-0.4374578,0.13521967828273773,0.9453280568122864,0.6085651516914368
YDR219C,YDR501W,0,-0.43751836,0.13520045578479767,0.9453280568122864,0.6086652278900146
YPL172C,YGR191W,0,-0.43796813,0.1351812332868576,0.9453280568122864,0.6087652444839478
YML018C,YLR038C,0,-0.4380324,0.13516202569007874,0.9453280568122864,0.6088653206825256
YHR039C-B,YJR089W,0,-0.43804553,0.13514281809329987,0.9453280568122864,0.6089653968811035
YNL331C,YLR433C,0,-0.43836832,0.135123610496521,0.9453280568122864,0.6090654134750366
YOR242C,YLL035W,0,-0.43853778,0.13510441780090332,0.9453280568122864,0.6091654896736145
YGL161C,YDR261W-B,0,-0.43887752,0.13508522510528564,0.9453280568122864,0.6092655658721924
YGL222C,YDR507C,0,-0.43938047,0.13506604731082916,0.9453280568122864,0.6093656420707703
YNL098C,YNL012W,0,-0.43963987,0.1350468546152115,0.9453280568122864,0.6094656586647034
YBL101W-A,YER045C,0,-0.43992496,0.1350276917219162,0.9453280568122864,0.6095657348632812
YPL157W,YOR240W,0,-0.4399655,0.13500851392745972,0.9453280568122864,0.6096658110618591
YDR059C,YIR006C,1,-0.44002464,0.13513129949569702,0.9463220834732056,0.6096658110618591
YOL065C,YCR054C,0,-0.44019055,0.13511212170124054,0.9463220834732056,0.609765887260437
YNL206C,YHR161C,0,-0.44033226,0.13509294390678406,0.9463220834732056,0.6098659038543701
YCR028C,YLR056W,1,-0.44069603,0.1352156698703766,0.9473161101341248,0.6098659038543701
YOL003C,YAR019C,0,-0.44102237,0.1351964771747589,0.9473161101341248,0.609965980052948
YJR001W,YER053C,0,-0.44106552,0.13517729938030243,0.9473161101341248,0.6100660562515259
YMR316W,YKL059C,0,-0.44173497,0.13515813648700714,0.9473161101341248,0.610166072845459
YER068W,YOL149W,0,-0.4417475,0.13513897359371185,0.9473161101341248,0.6102661490440369
YER088C,YKR030W,0,-0.44237578,0.13511981070041656,0.9473161101341248,0.6103662252426147
YLR373C,YNL280C,0,-0.44282183,0.13510064780712128,0.9473161101341248,0.6104663014411926
YDR510W,YGR158C,0,-0.44317842,0.13508149981498718,0.9473161101341248,0.6105663180351257
YMR130W,YOR192C-A,0,-0.44323,0.1350623518228531,0.9473161101341248,0.6106663942337036
YER159C-A,YBR035C,0,-0.4433849,0.1350432187318802,0.9473161101341248,0.6107664704322815
YAR019C,YNL308C,0,-0.44341105,0.1350240856409073,0.9473161101341248,0.6108665466308594
YHR092C,YJR016C,0,-0.44384325,0.1350049525499344,0.9473161101341248,0.6109665632247925
YMR233W,YGR014W,0,-0.44405133,0.13498583436012268,0.9473161101341248,0.6110666394233704
YDR436W,YLR337W,0,-0.4447554,0.13496671617031097,0.9473161101341248,0.6111667156219482
YGR189C,YGR014W,0,-0.44484422,0.13494761288166046,0.9473161101341248,0.6112667322158813
YMR122W-A,YOL080C,0,-0.44603977,0.13492849469184875,0.9473161101341248,0.6113668084144592
YDR013W,YJR045C,0,-0.44606334,0.13490940630435944,0.9473161101341248,0.6114668846130371
YIL039W,YLR099C,0,-0.44608188,0.13489030301570892,0.9473161101341248,0.611566960811615
YOL156W,YHR010W,0,-0.4460987,0.1348712146282196,0.9473161101341248,0.6116669774055481
YPR005C,YDL030W,0,-0.44619134,0.13485212624073029,0.9473161101341248,0.611767053604126
YGL120C,YML113W,0,-0.4463286,0.13483305275440216,0.9473161101341248,0.6118671298027039
YMR281W,YAL035W,0,-0.4468671,0.13481397926807404,0.9473161101341248,0.6119672060012817
YIL004C,YJL108C,0,-0.44717628,0.1347949057817459,0.9473161101341248,0.6120672225952148
YGR002C,YCL027W,0,-0.44763035,0.13477584719657898,0.9473161101341248,0.6121672987937927
YER174C,YDR400W,0,-0.44775963,0.13475678861141205,0.9473161101341248,0.6122673749923706
YDL136W,YMR016C,0,-0.4477927,0.13473773002624512,0.9473161101341248,0.6123673915863037
YMR086W,YCR075C,0,-0.44891602,0.13471868634223938,0.9473161101341248,0.6124674677848816
YLR276C,YBL055C,0,-0.44934058,0.13469964265823364,0.9473161101341248,0.6125675439834595
YJR139C,YCR028C,0,-0.44952363,0.1346806138753891,0.9473161101341248,0.6126676201820374
YPL106C,YJL221C,0,-0.45118305,0.13466158509254456,0.9473161101341248,0.6127676367759705
YHR039C-B,YDR158W,0,-0.45122588,0.1346425563097,0.9473161101341248,0.6128677129745483
YJR009C,YLR337W,0,-0.45131445,0.13462352752685547,0.9473161101341248,0.6129677891731262
YDR523C,YOR244W,0,-0.45139372,0.13460451364517212,0.9473161101341248,0.6130678653717041
YKL017C,YKL024C,0,-0.45160025,0.13458551466464996,0.9473161101341248,0.6131678819656372
YML005W,YBR185C,0,-0.45192295,0.1345665007829666,0.9473161101341248,0.6132679581642151
YOR069W,YDR228C,0,-0.4529865,0.13454750180244446,0.9473161101341248,0.613368034362793
YOR120W,YOR080W,0,-0.4531152,0.1345285177230835,0.9473161101341248,0.6134681105613708
YER133W,YMR312W,0,-0.45312393,0.13450953364372253,0.9473161101341248,0.613568127155304
YGL009C,YEL002C,0,-0.45324323,0.13449054956436157,0.9473161101341248,0.6136682033538818
YOR174W,YPR192W,0,-0.45353532,0.1344715654850006,0.9473161101341248,0.6137682795524597
YOL030W,YFL037W,0,-0.4535688,0.13445259630680084,0.9473161101341248,0.6138682961463928
YLL011W,YPL257W-A,0,-0.45362747,0.13443362712860107,0.9473161101341248,0.6139683723449707
YGR029W,YDR330W,0,-0.4536919,0.1344146728515625,0.9473161101341248,0.6140684485435486
YJR025C,YGR062C,0,-0.45410097,0.13439571857452393,0.9473161101341248,0.6141685247421265
YER086W,YDL127W,0,-0.45444494,0.13437676429748535,0.9473161101341248,0.6142685413360596
YMR128W,YIR006C,0,-0.45456725,0.13435782492160797,0.9473161101341248,0.6143686175346375
YDR501W,YDR368W,0,-0.45460853,0.1343388706445694,0.9473161101341248,0.6144686937332153
YML054C,YOR037W,0,-0.45498204,0.1343199461698532,0.9473161101341248,0.6145687699317932
YHL036W,YOR131C,0,-0.45551133,0.13430102169513702,0.9473161101341248,0.6146687865257263
YNL227C,YKL158W,0,-0.4558701,0.13428209722042084,0.9473161101341248,0.6147688627243042
YNL054W-B,YER045C,0,-0.45597622,0.13426317274570465,0.9473161101341248,0.6148689389228821
YKL034W,YBR058C-A,0,-0.45677617,0.13424426317214966,0.9473161101341248,0.6149689555168152
YDL099W,YOR240W,0,-0.45732,0.13422535359859467,0.9473161101341248,0.6150690317153931
YDR034C-C,YIR009W,0,-0.457609,0.13420644402503967,0.9473161101341248,0.615169107913971
YGR263C,YPL048W,0,-0.4580618,0.13418754935264587,0.9473161101341248,0.6152691841125488
YOR192C-B,YEL058W,0,-0.45813525,0.13416865468025208,0.9473161101341248,0.6153692007064819
YLR008C,YBL061C,0,-0.45844388,0.13414977490901947,0.9473161101341248,0.6154692769050598
YHR073W,YOR043W,1,-0.45883715,0.13427163660526276,0.948310136795044,0.6154692769050598
YGL003C,YBR251W,0,-0.4600911,0.13425274193286896,0.948310136795044,0.6155693531036377
YDR069C,YLR337W,1,-0.4601311,0.13437455892562866,0.9493041634559631,0.6155693531036377
YLR373C,YBR297W,0,-0.46062788,0.13435564935207367,0.9493041634559631,0.6156694293022156
YNL242W,YKL042W,0,-0.46140817,0.13433675467967987,0.9493041634559631,0.6157694458961487
YJL025W,YKL164C,0,-0.46167624,0.13431786000728607,0.9493041634559631,0.6158695220947266
YMR127C,YBL061C,0,-0.46234939,0.13429898023605347,0.9493041634559631,0.6159695982933044
YHR028C,YPR049C,0,-0.46245587,0.13428008556365967,0.9493041634559631,0.6160696148872375
YER131W,YJL221C,0,-0.46299,0.13426120579242706,0.9493041634559631,0.6161696910858154
YGL210W,YOR080W,0,-0.46346205,0.13424234092235565,0.9493041634559631,0.6162697672843933
YOR192C-A,YGR106C,0,-0.4635818,0.13422347605228424,0.9493041634559631,0.6163698434829712
YLR212C,YDR507C,0,-0.46382302,0.13420461118221283,0.9493041634559631,0.6164698600769043
YMR023C,YJR126C,0,-0.464227,0.13418574631214142,0.9493041634559631,0.6165699362754822
YNL311C,YHR039C-B,0,-0.46424448,0.1341668963432312,0.9493041634559631,0.6166700124740601
YEL013W,YCL047C,0,-0.464347,0.13414806127548218,0.9493041634559631,0.6167700886726379
YDR532C,YGR274C,0,-0.46521574,0.13412921130657196,0.9493041634559631,0.616870105266571
YBR296C,YLR396C,0,-0.46639165,0.13411037623882294,0.9493041634559631,0.6169701814651489
YER082C,YBL055C,0,-0.46652982,0.1340915411710739,0.9493041634559631,0.6170702576637268
YGR035C,YDR103W,0,-0.46739954,0.13407272100448608,0.9493041634559631,0.6171702742576599
YLR010C,YPL153C,0,-0.46841857,0.13405390083789825,0.9493041634559631,0.6172703504562378
YNL311C,YER082C,0,-0.46876824,0.13403508067131042,0.9493041634559631,0.6173704266548157
YDR466W,YDR387C,0,-0.46899626,0.1340162754058838,0.9493041634559631,0.6174705028533936
YOR373W,YER048W-A,0,-0.4698585,0.13399747014045715,0.9493041634559631,0.6175705194473267
YOL117W,YGR272C,0,-0.46986264,0.1339786797761917,0.9493041634559631,0.6176705956459045
YPR132W,YAR018C,0,-0.47006595,0.13395988941192627,0.9493041634559631,0.6177706718444824
YHR073W,YLR337W,1,-0.47013265,0.13408134877681732,0.9502981901168823,0.6177706718444824
YMR098C,YMR071C,0,-0.47026107,0.13406254351139069,0.9502981901168823,0.6178707480430603
YJL019W,YLR337W,0,-0.47075495,0.13404375314712524,0.9502981901168823,0.6179707646369934
YBR267W,YDR014W,0,-0.47081515,0.1340249478816986,0.9502981901168823,0.6180708408355713
YCR096C,YNL339C,0,-0.4712321,0.13400617241859436,0.9502981901168823,0.6181709170341492
YCR020C,YER045C,0,-0.471512,0.13398738205432892,0.9502981901168823,0.6182709336280823
YJR066W,YKL011C,0,-0.4720748,0.13396860659122467,0.9502981901168823,0.6183710098266602
YPL019C,YDL108W,0,-0.472413,0.13394984602928162,0.9502981901168823,0.618471086025238
YOR348C,YDL141W,0,-0.472541,0.13393107056617737,0.9502981901168823,0.6185711622238159
YDR012W,YBL101W-A,0,-0.4728136,0.13391231000423431,0.9502981901168823,0.618671178817749
YBR123C,YDR038C,0,-0.47294223,0.13389356434345245,0.9502981901168823,0.6187712550163269
YMR026C,YNR041C,0,-0.47317994,0.1338748037815094,0.9502981901168823,0.6188713312149048
YFR037C,YNL054W-B,0,-0.47453326,0.13385605812072754,0.9502981901168823,0.6189714074134827
YLL009C,YBR048W,0,-0.47524413,0.13383732736110687,0.9502981901168823,0.6190714240074158
YHL047C,YOR240W,0,-0.47550085,0.133818581700325,0.9502981901168823,0.6191715002059937
YAL021C,YOL072W,0,-0.47562116,0.13379986584186554,0.9502981901168823,0.6192715764045715
YGR159C,YEL064C,0,-0.4759617,0.13378113508224487,0.9502981901168823,0.6193716526031494
YBL064C,YKL198C,0,-0.47662017,0.1337624192237854,0.9502981901168823,0.6194716691970825
YGL009C,YML081C-A,0,-0.4768508,0.13374370336532593,0.9502981901168823,0.6195717453956604
YDR520C,YOR391C,0,-0.47705558,0.13372500240802765,0.9502981901168823,0.6196718215942383
YGL040C,YDR120C,0,-0.4772973,0.13370628654956818,0.9502981901168823,0.6197718381881714
YBR035C,YLR265C,0,-0.4776299,0.1336876004934311,0.9502981901168823,0.6198719143867493
YKL088W,YGR191W,0,-0.47791877,0.1336688995361328,0.9502981901168823,0.6199719905853271
YMR023C,YMR017W,0,-0.47811538,0.13365021347999573,0.9502981901168823,0.620072066783905
YLR357W,YDR166C,0,-0.47836047,0.13363152742385864,0.9502981901168823,0.6201720833778381
YNL039W,YDR529C,0,-0.47871163,0.13361285626888275,0.9502981901168823,0.620272159576416
YDL075W,YGR234W,0,-0.47892123,0.13359418511390686,0.9502981901168823,0.6203722357749939
YDL200C,YGL251C,0,-0.47945702,0.13357551395893097,0.9502981901168823,0.6204723119735718
YNL012W,YPL153C,0,-0.4798143,0.13355685770511627,0.9502981901168823,0.6205723285675049
YPR186C,YNL054W-B,0,-0.48034257,0.13353820145130157,0.9502981901168823,0.6206724047660828
YDR128W,YOR120W,0,-0.48042402,0.13351956009864807,0.9502981901168823,0.6207724809646606
YDR120C,YNL151C,0,-0.4807282,0.13350090384483337,0.9502981901168823,0.6208724975585938
YLR337W,YKL126W,1,-0.4813041,0.13362188637256622,0.9512922167778015,0.6208724975585938
YCR072C,YNL227C,0,-0.48170382,0.13360324501991272,0.9512922167778015,0.6209725737571716
YHR039C-B,YAL062W,0,-0.4819144,0.13358458876609802,0.9512922167778015,0.6210726499557495
YDR315C,YEL013W,0,-0.48201776,0.13356594741344452,0.9512922167778015,0.6211727261543274
YGL232W,YPL017C,0,-0.48207766,0.13354730606079102,0.9512922167778015,0.6212727427482605
YAL041W,YNR011C,0,-0.48300466,0.1335286796092987,0.9512922167778015,0.6213728189468384
YOR278W,YKR059W,0,-0.4830312,0.1335100382566452,0.9512922167778015,0.6214728951454163
YPL123C,YLR265C,0,-0.48321924,0.1334914267063141,0.9512922167778015,0.6215729713439941
YDL075W,YCR053W,0,-0.48323804,0.13347280025482178,0.9512922167778015,0.6216729879379272
YNL119W,YGR218W,0,-0.48390976,0.13345418870449066,0.9512922167778015,0.6217730641365051
YLR192C,YOR246C,0,-0.48437747,0.13343557715415955,0.9512922167778015,0.621873140335083
YNL280C,YOR211C,0,-0.4845643,0.13341698050498962,0.9512922167778015,0.6219731569290161
YKL100C,YDR170W-A,0,-0.48555785,0.1333983838558197,0.9512922167778015,0.622073233127594
YDR329C,YPL269W,0,-0.48576435,0.13337978720664978,0.9512922167778015,0.6221733093261719
YMR130W,YNL242W,0,-0.48658,0.13336120545864105,0.9512922167778015,0.6222733855247498
YMR070W,YPR054W,0,-0.48704332,0.13334262371063232,0.9512922167778015,0.6223734021186829
YMR211W,YJL133W,0,-0.48726678,0.1333240419626236,0.9512922167778015,0.6224734783172607
YHR089C,YDR036C,0,-0.487422,0.13330547511577606,0.9512922167778015,0.6225735545158386
YPL258C,YLR337W,0,-0.48815662,0.13328690826892853,0.9512922167778015,0.6226736307144165
YOR192C-B,YBL057C,0,-0.48851296,0.133268341422081,0.9512922167778015,0.6227736473083496
YNR016C,YER126C,0,-0.48868072,0.13324978947639465,0.9512922167778015,0.6228737235069275
YAL020C,YOR211C,0,-0.48891348,0.1332312375307083,0.9512922167778015,0.6229737997055054
YGR218W,YNL289W,0,-0.48980832,0.13321270048618317,0.9512922167778015,0.6230738162994385
YLR337W,YOR043W,1,-0.48984173,0.13333334028720856,0.9522863030433655,0.6230738162994385
YHR167W,YNR007C,0,-0.4898928,0.13331477344036102,0.9522863030433655,0.6231738924980164
YLL038C,YCR047C,0,-0.49094152,0.13329623639583588,0.9522863030433655,0.6232739686965942
YOL065C,YNL242W,0,-0.4916099,0.13327768445014954,0.9522863030433655,0.6233740448951721
YMR142C,YER131W,0,-0.49213123,0.1332591474056244,0.9522863030433655,0.6234740614891052
YNL248C,YNR041C,0,-0.49216792,0.13324061036109924,0.9522863030433655,0.6235741376876831
YOR315W,YGR014W,0,-0.4933992,0.1332220882177353,0.9522863030433655,0.623674213886261
YBR033W,YOL092W,0,-0.49367064,0.13320356607437134,0.9522863030433655,0.6237742900848389
YMR223W,YDR003W,0,-0.49460298,0.13318504393100739,0.9522863030433655,0.623874306678772
YFL039C,YLR337W,1,-0.49478316,0.13330553472042084,0.9532803297042847,0.623874306678772
YEL059C-A,YJL080C,0,-0.4950594,0.1332869976758957,0.9532803297042847,0.6239743828773499
YKL158W,YDR101C,0,-0.49511808,0.13326847553253174,0.9532803297042847,0.6240744590759277
YJR098C,YDR363W-A,0,-0.49516854,0.13324996829032898,0.9532803297042847,0.6241744756698608
YMR217W,YLR139C,0,-0.49554253,0.13323144614696503,0.9532803297042847,0.6242745518684387
YOR167C,YLR048W,0,-0.49582493,0.13321293890476227,0.9532803297042847,0.6243746280670166
YHR046C,YMR201C,0,-0.4959736,0.1331944465637207,0.9532803297042847,0.6244747042655945
YDL130W-A,YGL031C,0,-0.49604386,0.13317595422267914,0.9532803297042847,0.6245747208595276
YNR050C,YCL069W,0,-0.4961406,0.13315746188163757,0.9532803297042847,0.6246747970581055
YGL222C,YOR240W,0,-0.49632698,0.133138969540596,0.9532803297042847,0.6247748732566833
YBR237W,YMR023C,0,-0.49700865,0.13312049210071564,0.9532803297042847,0.6248749494552612
YPL022W,YDR158W,0,-0.49736184,0.13310201466083527,0.9532803297042847,0.6249749660491943
YML081C-A,YPL092W,0,-0.49766743,0.1330835372209549,0.9532803297042847,0.6250750422477722
YMR051C,YBL101W-A,0,-0.49768454,0.13306507468223572,0.9532803297042847,0.6251751184463501
YLR448W,YHR023W,0,-0.49769017,0.13304661214351654,0.9532803297042847,0.625275194644928
YGL136C,YKR059W,0,-0.49773577,0.13302816450595856,0.9532803297042847,0.6253752112388611
YGR154C,YDR510W,0,-0.49774617,0.13300970196723938,0.9532803297042847,0.625475287437439
YCR020C,YER110C,0,-0.4981623,0.1329912692308426,0.9532803297042847,0.6255753636360168
YJL219W,YGL249W,0,-0.49825278,0.1329728215932846,0.9532803297042847,0.62567538022995
YGL205W,YGR062C,0,-0.49849856,0.13295438885688782,0.9532803297042847,0.6257754564285278
YIL171W,YLR467W,0,-0.4985762,0.13293595612049103,0.9532803297042847,0.6258755326271057
YDR447C,YHR129C,0,-0.4988839,0.13291753828525543,0.9532803297042847,0.6259756088256836
YOR192C-B,YDL144C,0,-0.4993227,0.13289912045001984,0.9532803297042847,0.6260756254196167
YPL174C,YCR028C,0,-0.49939585,0.13288070261478424,0.9532803297042847,0.6261757016181946
YER126C,YDR088C,0,-0.49953985,0.13286228477954865,0.9532803297042847,0.6262757778167725
YOR066W,YJR135W-A,0,-0.4995414,0.13284388184547424,0.9532803297042847,0.6263758540153503
YGR292W,YGR014W,0,-0.49968553,0.13282547891139984,0.9532803297042847,0.6264758706092834
YMR233W,YBL055C,0,-0.50018007,0.13280709087848663,0.9532803297042847,0.6265759468078613
YNL291C,YDL130W,0,-0.50055206,0.13278870284557343,0.9532803297042847,0.6266760230064392
YER083C,YAL023C,0,-0.50071925,0.13277031481266022,0.9532803297042847,0.6267760396003723
YOL138C,YNL185C,0,-0.50072336,0.1327519416809082,0.9532803297042847,0.6268761157989502
YLR337W,YNL243W,1,-0.50092804,0.13287197053432465,0.9542743563652039,0.6268761157989502
YFL004W,YMR290C,0,-0.50102854,0.13285358250141144,0.9542743563652039,0.6269761919975281
YBL090W,YDR034C-C,0,-0.50112593,0.13283519446849823,0.9542743563652039,0.627076268196106
YCR020C,YOR037W,0,-0.50124276,0.13281682133674622,0.9542743563652039,0.6271762847900391
YLR170C,YBL020W,0,-0.50128955,0.1327984482049942,0.9542743563652039,0.6272763609886169
YDL069C,YPR158C-D,0,-0.50173056,0.13278008997440338,0.9542743563652039,0.6273764371871948
YHR039C-B,YHR117W,0,-0.50199765,0.13276171684265137,0.9542743563652039,0.6274765133857727
YNL322C,YKL158W,0,-0.5021908,0.13274335861206055,0.9542743563652039,0.6275765299797058
YGR241C,YLR337W,1,-0.5037936,0.13286326825618744,0.955268383026123,0.6275765299797058
YCL063W,YGR002C,0,-0.5044377,0.13284489512443542,0.955268383026123,0.6276766061782837
YLR246W,YPL092W,0,-0.50530666,0.1328265368938446,0.955268383026123,0.6277766823768616
YDR424C,YJL170C,0,-0.5058077,0.13280817866325378,0.955268383026123,0.6278766989707947
YDR121W,YLR100W,0,-0.5058213,0.13278983533382416,0.955268383026123,0.6279767751693726
YOR201C,YGL227W,0,-0.50657177,0.13277147710323334,0.955268383026123,0.6280768513679504
YHL009W-B,YPR070W,0,-0.5067713,0.1327531486749649,0.955268383026123,0.6281769275665283
YER099C,YMR285C,0,-0.50717264,0.13273480534553528,0.955268383026123,0.6282769441604614
YMR171C,YMR224C,0,-0.50726926,0.13271647691726685,0.955268383026123,0.6283770203590393
YKL011C,YDR251W,0,-0.50803524,0.1326981484889984,0.955268383026123,0.6284770965576172
YNL191W,YMR208W,0,-0.50831497,0.13267983496189117,0.955268383026123,0.6285771727561951
YBL054W,YCL061C,0,-0.5084923,0.13266150653362274,0.955268383026123,0.6286771893501282
YHR076W,YDR531W,0,-0.50889885,0.1326432079076767,0.955268383026123,0.628777265548706
YHL024W,YHR129C,0,-0.5091262,0.13262489438056946,0.955268383026123,0.6288773417472839
YMR287C,YLL022C,0,-0.50915295,0.1326065957546234,0.955268383026123,0.628977358341217
YHR089C,YDR086C,0,-0.5095481,0.13258829712867737,0.955268383026123,0.6290774345397949
YJL158C,YML037C,0,-0.51060706,0.13257001340389252,0.955268383026123,0.6291775107383728
YDL069C,YAL020C,0,-0.5106457,0.13255172967910767,0.955268383026123,0.6292775869369507
YDL231C,YOR329C,1,-0.5118086,0.13267135620117188,0.9562624096870422,0.6292775869369507
YPL091W,YNR043W,0,-0.51216626,0.13265305757522583,0.9562624096870422,0.6293776035308838
YNL188W,YER113C,0,-0.51233864,0.13263477385044098,0.9562624096870422,0.6294776797294617
YOR391C,YBR122C,0,-0.5123431,0.13261649012565613,0.9562624096870422,0.6295777559280396
YOR337W,YLR176C,0,-0.512565,0.13259820640087128,0.9562624096870422,0.6296778321266174
YJL046W,YGR001C,0,-0.51343894,0.13257993757724762,0.9562624096870422,0.6297778487205505
YOR080W,YLR337W,0,-0.51383686,0.13256166875362396,0.9562624096870422,0.6298779249191284
YMR006C,YDL060W,0,-0.51386213,0.1325433999300003,0.9562624096870422,0.6299780011177063
YPR048W,YLR172C,0,-0.5139584,0.13252514600753784,0.9562624096870422,0.6300780177116394
YOR384W,YML081C-A,0,-0.514068,0.13250689208507538,0.9562624096870422,0.6301780939102173
YDR316W-A,YGL161C,0,-0.51410633,0.13248863816261292,0.9562624096870422,0.6302781701087952
YMR094W,YNL135C,0,-0.5142287,0.13247039914131165,0.9562624096870422,0.630378246307373
YLR096W,YLR188W,0,-0.51430595,0.13245216012001038,0.9562624096870422,0.6304782629013062
YDR447C,YPR031W,0,-0.5145124,0.1324339210987091,0.9562624096870422,0.630578339099884
YOR381W,YDL108W,0,-0.51490486,0.13241569697856903,0.9562624096870422,0.6306784152984619
YLR337W,YNL297C,1,-0.51500535,0.13253509998321533,0.9572564363479614,0.6306784152984619
YBL021C,YCR075C,0,-0.5150596,0.13251686096191406,0.9572564363479614,0.6307784914970398
YGR274C,YFR005C,0,-0.5151258,0.1324986219406128,0.9572564363479614,0.6308785080909729
YNL293W,YBR041W,0,-0.5161966,0.13248039782047272,0.9572564363479614,0.6309785842895508
YLR214W,YOR306C,0,-0.5164996,0.13246217370033264,0.9572564363479614,0.6310786604881287
YJL165C,YBL101W-A,0,-0.5166601,0.13244394958019257,0.9572564363479614,0.6311787366867065
YLR337W,YNR041C,0,-0.5168668,0.13242574036121368,0.9572564363479614,0.6312787532806396
YKL218C,YOR192C-A,0,-0.51732343,0.1324075311422348,0.9572564363479614,0.6313788294792175
YAL013W,YDR330W,0,-0.5177802,0.13238933682441711,0.9572564363479614,0.6314789056777954
YDR242W,YLR318W,0,-0.5184173,0.13237112760543823,0.9572564363479614,0.6315789222717285
YGL232W,YPR184W,0,-0.5188341,0.13235294818878174,0.9572564363479614,0.6316789984703064
YDR315C,YAL013W,0,-0.5189356,0.13233475387096405,0.9572564363479614,0.6317790746688843
YLR134W,YOR061W,0,-0.51915604,0.13231657445430756,0.9572564363479614,0.6318791508674622
YOR332W,YBR009C,0,-0.5191634,0.13229839503765106,0.9572564363479614,0.6319791674613953
YNR011C,YOL072W,0,-0.5192107,0.13228021562099457,0.9572564363479614,0.6320792436599731
YKL198C,YML087C,0,-0.5192124,0.13226205110549927,0.9572564363479614,0.632179319858551
YOR061W,YPR054W,0,-0.51948047,0.13224388659000397,0.9572564363479614,0.6322793960571289
YOR151C,YKL158W,0,-0.51965296,0.13222573697566986,0.9572564363479614,0.632379412651062
YMR122W-A,YBR164C,0,-0.519778,0.13220757246017456,0.9572564363479614,0.6324794888496399
YOR240W,YOR043W,0,-0.51985866,0.13218943774700165,0.9572564363479614,0.6325795650482178
YML054C,YLR337W,0,-0.51989794,0.13217128813266754,0.9572564363479614,0.6326795816421509
YJL106W,YPL257W-A,0,-0.5204774,0.13215315341949463,0.9572564363479614,0.6327796578407288
YML091C,YHR099W,0,-0.52137107,0.13213501870632172,0.9572564363479614,0.6328797340393066
YKR003W,YAR044W,1,-0.5220893,0.13225407898426056,0.9582505226135254,0.6328797340393066
YDL095W,YLR010C,0,-0.52223885,0.13223594427108765,0.9582505226135254,0.6329798102378845
YBL101W-A,YGR279C,0,-0.52282006,0.13221780955791473,0.9582505226135254,0.6330798268318176
YCL075W,YNL325C,0,-0.52295136,0.13219967484474182,0.9582505226135254,0.6331799030303955
YMR314W,YDL109C,0,-0.5239625,0.1321815401315689,0.9582505226135254,0.6332799792289734
YFR015C,YLR337W,0,-0.5242793,0.1321634203195572,0.9582505226135254,0.6333800554275513
YOR181W,YLR337W,1,-0.52444327,0.13228239119052887,0.9592445492744446,0.6333800554275513
YDR060W,YFR008W,0,-0.5247135,0.13226425647735596,0.9592445492744446,0.6334800720214844
YCL034W,YLR337W,1,-0.52474463,0.13238316774368286,0.9602385759353638,0.6334800720214844
YPR118W,YOL140W,0,-0.5249261,0.13236503303050995,0.9602385759353638,0.6335801482200623
YMR247C,YJL090C,0,-0.52553594,0.13234689831733704,0.9602385759353638,0.6336802244186401
YDL033C,YCR075C,0,-0.5260115,0.13232876360416412,0.9602385759353638,0.6337802410125732
YMR006C,YGL035C,0,-0.52652144,0.1323106437921524,0.9602385759353638,0.6338803172111511
YJL219W,YLR306W,0,-0.52668506,0.13229252398014069,0.9602385759353638,0.633980393409729
YKL154W,YHR070W,0,-0.5268589,0.13227440416812897,0.9602385759353638,0.6340804696083069
YDR013W,YBR251W,0,-0.5270412,0.13225629925727844,0.9602385759353638,0.63418048620224
YDR038C,YNL244C,0,-0.5272423,0.13223819434642792,0.9602385759353638,0.6342805624008179
YER180C,YOR044W,0,-0.5273619,0.1322200894355774,0.9602385759353638,0.6343806385993958
YNL049C,YDR524C,0,-0.52753115,0.13220199942588806,0.9602385759353638,0.6344807147979736
YDL114W,YDR117C,0,-0.5275421,0.13218390941619873,0.9602385759353638,0.6345807313919067
YPR158C-D,YIR012W,0,-0.5286745,0.1321658194065094,0.9602385759353638,0.6346808075904846
YMR171C,YOR242C,0,-0.5290603,0.13214774429798126,0.9602385759353638,0.6347808837890625
YOL127W,YBR176W,0,-0.53046465,0.13212966918945312,0.9602385759353638,0.6348809003829956
YIL138C,YMR285C,0,-0.5307236,0.132111594080925,0.9602385759353638,0.6349809765815735
YLR385C,YGR123C,0,-0.5309726,0.13209353387355804,0.9602385759353638,0.6350810527801514
YDL136W,YDR130C,0,-0.5313852,0.1320754736661911,0.9602385759353638,0.6351811289787292
YNL061W,YOR014W,0,-0.5328202,0.13205741345882416,0.9602385759353638,0.6352811455726624
YER111C,YCR054C,0,-0.5331819,0.1320393681526184,0.9602385759353638,0.6353812217712402
YMR166C,YIR036C,0,-0.53357255,0.13202132284641266,0.9602385759353638,0.6354812979698181
YPR063C,YER096W,0,-0.53416735,0.1320032775402069,0.9602385759353638,0.635581374168396
YDL190C,YKR038C,0,-0.53421605,0.13198524713516235,0.9602385759353638,0.6356813907623291
YEL015W,YJR068W,0,-0.53428453,0.1319672167301178,0.9602385759353638,0.635781466960907
YNL293W,YBR092C,0,-0.5346432,0.13194918632507324,0.9602385759353638,0.6358815431594849
YKL203C,YOR322C,1,-0.5347328,0.1320677399635315,0.961232602596283,0.6358815431594849
YMR247C,YBR159W,0,-0.5350802,0.13204970955848694,0.961232602596283,0.635981559753418
YPR158C-D,YML063W,0,-0.53524375,0.13203167915344238,0.961232602596283,0.6360816359519958
YKL178C,YJR135W-A,0,-0.53529096,0.13201364874839783,0.961232602596283,0.6361817121505737
YOR244W,YDR298C,0,-0.53560257,0.13199563324451447,0.961232602596283,0.6362817883491516
YOL005C,YFR007W,0,-0.5356567,0.1319776177406311,0.961232602596283,0.6363818049430847
YHR010W,YOR244W,0,-0.5360136,0.13195960223674774,0.961232602596283,0.6364818811416626
YHR171W,YDR507C,0,-0.536296,0.13194160163402557,0.961232602596283,0.6365819573402405
YER086W,YNL162W,0,-0.5365176,0.1319236010313034,0.961232602596283,0.6366820335388184
YPL051W,YNL151C,0,-0.53679585,0.13190560042858124,0.961232602596283,0.6367820501327515
YJR098C,YDL006W,0,-0.53807724,0.13188761472702026,0.961232602596283,0.6368821263313293
YOR179C,YHR172W,0,-0.53823906,0.1318696290254593,0.961232602596283,0.6369822025299072
YOR043W,YDR534C,0,-0.5386586,0.13185164332389832,0.961232602596283,0.6370822787284851
YBR296C,YBL023C,0,-0.53915596,0.13183367252349854,0.961232602596283,0.6371822953224182
YDL109C,YBR213W,0,-0.53940356,0.13181570172309875,0.961232602596283,0.6372823715209961
YJL048C,YKL156W,0,-0.54110265,0.13179773092269897,0.961232602596283,0.637382447719574
YBR050C,YMR311C,0,-0.5411234,0.1317797750234604,0.961232602596283,0.6374824643135071
YIR002C,YHR017W,0,-0.5413227,0.1317618191242218,0.961232602596283,0.637582540512085
YDR524C,YDL017W,0,-0.54164344,0.13174386322498322,0.961232602596283,0.6376826167106628
YML077W,YPR168W,0,-0.54175156,0.13172592222690582,0.961232602596283,0.6377826929092407
YAR015W,YBR231C,0,-0.5418614,0.13170798122882843,0.961232602596283,0.6378827095031738
YMR043W,YDL080C,0,-0.5420134,0.13169004023075104,0.961232602596283,0.6379827857017517
YGR223C,YFL041W,0,-0.5420599,0.13167211413383484,0.961232602596283,0.6380828619003296
YPL269W,YJR058C,0,-0.54228455,0.13165418803691864,0.961232602596283,0.6381829380989075
YBR001C,YBR207W,0,-0.54244006,0.13163626194000244,0.961232602596283,0.6382829546928406
YOR047C,YFR041C,0,-0.5430322,0.13161835074424744,0.961232602596283,0.6383830308914185
YPR158C-D,YBR283C,0,-0.54321575,0.13160043954849243,0.961232602596283,0.6384831070899963
YJR160C,YCR028C,0,-0.54331285,0.13158252835273743,0.961232602596283,0.6385831236839294
YDR329C,YDR052C,0,-0.5437444,0.13156463205814362,0.961232602596283,0.6386831998825073
YPL091W,YBL090W,0,-0.5438224,0.1315467357635498,0.961232602596283,0.6387832760810852
YEL013W,YLL035W,0,-0.5438666,0.131528839468956,0.961232602596283,0.6388833522796631
YNL086W,YHL009W-B,0,-0.544217,0.13151094317436218,0.961232602596283,0.6389833688735962
YDL231C,YDR060W,0,-0.5443731,0.13149306178092957,0.961232602596283,0.6390834450721741
YOR315W,YHR052W,0,-0.5445741,0.13147518038749695,0.961232602596283,0.639183521270752
YGL205W,YOR326W,0,-0.5464175,0.13145731389522552,0.961232602596283,0.6392835974693298
YFR032C-A,YLR343W,0,-0.54719317,0.1314394474029541,0.961232602596283,0.6393836140632629
YMR282C,YJL170C,0,-0.548088,0.13142158091068268,0.961232602596283,0.6394836902618408
YLR364W,YJR121W,0,-0.5481923,0.13140372931957245,0.961232602596283,0.6395837664604187
YER125W,YCR053W,1,-0.5485487,0.13152174651622772,0.9622266292572021,0.6395837664604187
YOR228C,YBL090W,0,-0.54885936,0.1315038651227951,0.9622266292572021,0.6396837830543518
YGR159C,YDR465C,0,-0.54889876,0.13148601353168488,0.9622266292572021,0.6397838592529297
YDR197W,YJR089W,0,-0.54904383,0.13146814703941345,0.9622266292572021,0.6398839354515076
YLR283W,YBR022W,0,-0.5492573,0.13145029544830322,0.9622266292572021,0.6399840116500854
YNR043W,YOL080C,0,-0.5498688,0.131432443857193,0.9622266292572021,0.6400840282440186
YCL061C,YCL050C,0,-0.54990304,0.13141460716724396,0.9622266292572021,0.6401841044425964
YJR158W,YLR127C,0,-0.55031383,0.13139677047729492,0.9622266292572021,0.6402841806411743
YNL159C,YER095W,0,-0.55136466,0.1313789337873459,0.9622266292572021,0.6403842568397522
YLR419W,YDL184C,0,-0.5514292,0.13136111199855804,0.9622266292572021,0.6404842734336853
YER099C,YDR170W-A,0,-0.5515733,0.1313432902097702,0.9622266292572021,0.6405843496322632
YNL054W-B,YCR028C,0,-0.5518099,0.13132546842098236,0.9622266292572021,0.6406844258308411
YAL008W,YOR246C,0,-0.5521766,0.13130764663219452,0.9622266292572021,0.6407844424247742
YER161C,YHR013C,0,-0.55262846,0.13128983974456787,0.9622266292572021,0.640884518623352
YHR046C,YJL189W,0,-0.5537064,0.13127203285694122,0.9622266292572021,0.6409845948219299
YOL031C,YKR062W,0,-0.5541849,0.13125424087047577,0.9622266292572021,0.6410846710205078
YDL231C,YGR194C,0,-0.5547759,0.13123644888401031,0.9622266292572021,0.6411846876144409
YNR011C,YJL062W,0,-0.5547799,0.13121865689754486,0.9622266292572021,0.6412847638130188
YCR020C,YDL166C,0,-0.5558414,0.1312008649110794,0.9622266292572021,0.6413848400115967
YJL148W,YPR021C,0,-0.555886,0.13118308782577515,0.9622266292572021,0.6414849162101746
YHR160C,YNL268W,0,-0.55602366,0.1311653107404709,0.9622266292572021,0.6415849328041077
YLR448W,YPL123C,0,-0.55604196,0.13114753365516663,0.9622266292572021,0.6416850090026855
YGR008C,YLL022C,0,-0.55653614,0.13112977147102356,0.9622266292572021,0.6417850852012634
YLR188W,YOR076C,0,-0.55673766,0.1311120092868805,0.9622266292572021,0.6418851017951965
YHL047C,YPR019W,0,-0.5567663,0.13109426200389862,0.9622266292572021,0.6419851779937744
YNL001W,YIL172C,0,-0.5569234,0.13107649981975555,0.9622266292572021,0.6420852541923523
YHL047C,YPL048W,0,-0.5570314,0.13105875253677368,0.9622266292572021,0.6421853303909302
YGR220C,YKL195W,0,-0.55744004,0.131041020154953,0.9622266292572021,0.6422853469848633
YCL031C,YLR441C,0,-0.5575557,0.13102328777313232,0.9622266292572021,0.6423854231834412
YDL007W,YER070W,0,-0.5580784,0.13100555539131165,0.9622266292572021,0.642485499382019
YLR439W,YPL174C,0,-0.55814254,0.13098782300949097,0.9622266292572021,0.6425855755805969
YMR037C,YNR047W,0,-0.55924,0.13097010552883148,0.9622266292572021,0.64268559217453
YEL013W,YJL073W,0,-0.56084853,0.130952388048172,0.9622266292572021,0.6427856683731079
YBR214W,YAR044W,1,-0.5615147,0.13106992840766907,0.9632206559181213,0.6427856683731079
YBR055C,YJL153C,0,-0.56226766,0.13105221092700958,0.9632206559181213,0.6428857445716858
YOL030W,YJL108C,0,-0.562747,0.1310344785451889,0.9632206559181213,0.6429858207702637
YJL072C,YBR283C,0,-0.5636682,0.13101676106452942,0.9632206559181213,0.6430858373641968
YLR097C,YJL025W,0,-0.5637715,0.13099905848503113,0.9632206559181213,0.6431859135627747
YJL019W,YOR014W,0,-0.56378937,0.13098134100437164,0.9632206559181213,0.6432859897613525
YGR286C,YCL047C,0,-0.56479466,0.13096363842487335,0.9632206559181213,0.6433860063552856
YPL068C,YDR166C,0,-0.5650802,0.13094595074653625,0.9632206559181213,0.6434860825538635
YNL015W,YBR231C,0,-0.56513894,0.13092824816703796,0.9632206559181213,0.6435861587524414
YCR092C,YOR242C,0,-0.56528676,0.13091056048870087,0.9632206559181213,0.6436862349510193
YOR347C,YLR318W,0,-0.5655762,0.13089288771152496,0.9632206559181213,0.6437862515449524
YGL089C,YER140W,0,-0.5665195,0.13087520003318787,0.9632206559181213,0.6438863277435303
YML018C,YFR007W,0,-0.56671005,0.13085752725601196,0.9632206559181213,0.6439864039421082
YFR041C,YLR403W,0,-0.56683016,0.13083985447883606,0.9632206559181213,0.644086480140686
YKL100C,YBL057C,0,-0.566849,0.13082219660282135,0.9632206559181213,0.6441864967346191
YNL280C,YOR143C,0,-0.5674751,0.13080453872680664,0.9632206559181213,0.644286572933197
YMR056C,YDR322W,0,-0.5677339,0.13078688085079193,0.9632206559181213,0.6443866491317749
YDR436W,YDR534C,0,-0.568129,0.13076923787593842,0.9632206559181213,0.644486665725708
YLR201C,YBR241C,0,-0.56935894,0.1307515799999237,0.9632206559181213,0.6445867419242859
YFL029C,YEL059C-A,0,-0.5696789,0.13073395192623138,0.9632206559181213,0.6446868181228638
YER029C,YER030W,0,-0.56981647,0.13071630895137787,0.9632206559181213,0.6447868943214417
YJR009C,YDR313C,0,-0.5699183,0.13069868087768555,0.9632206559181213,0.6448869109153748
YJR135C,YBR273C,0,-0.5699894,0.13068105280399323,0.9632206559181213,0.6449869871139526
YJR025C,YDR014W,0,-0.57005155,0.1306634247303009,0.9632206559181213,0.6450870633125305
YJL158C,YGR234W,0,-0.5700531,0.13064581155776978,0.9632206559181213,0.6451871395111084
YDR534C,YML081C-A,0,-0.57036287,0.13062819838523865,0.9632206559181213,0.6452871561050415
YCR098C,YDR400W,0,-0.570457,0.1306106001138687,0.9632206559181213,0.6453872323036194
YDR531W,YNL189W,0,-0.57091403,0.13059298694133759,0.9632206559181213,0.6454873085021973
YGL191W,YDR077W,0,-0.57145387,0.13057538866996765,0.9632206559181213,0.6455873250961304
YDR014W,YOR150W,0,-0.57168126,0.1305578052997589,0.9632206559181213,0.6456874012947083
YDR228C,YMR285C,0,-0.57204676,0.13054020702838898,0.9632206559181213,0.6457874774932861
YKR014C,YGR200C,0,-0.57229894,0.13052262365818024,0.9632206559181213,0.645887553691864
YHR044C,YNL115C,0,-0.57270586,0.1305050551891327,0.9632206559181213,0.6459875702857971
YOR066W,YBL074C,0,-0.57295513,0.13048747181892395,0.9632206559181213,0.646087646484375
YJL143W,YBR033W,0,-0.5732471,0.1304699033498764,0.9632206559181213,0.6461877226829529
YPL091W,YCL027W,0,-0.5737747,0.13045234978199005,0.9632206559181213,0.6462877988815308
YHR181W,YDR390C,0,-0.57445174,0.1304347813129425,0.9632206559181213,0.6463878154754639
YJL219W,YBR299W,0,-0.57464606,0.13041722774505615,0.9632206559181213,0.6464878916740417
YDL108W,YOR075W,0,-0.5749955,0.1303996741771698,0.9632206559181213,0.6465879678726196
YGR035C,YOL071W,0,-0.5750804,0.13038213551044464,0.9632206559181213,0.6466879844665527
YDR242W,YGR001C,0,-0.5754628,0.13036459684371948,0.9632206559181213,0.6467880606651306
YPL068C,YOL019W,0,-0.57563496,0.13034705817699432,0.9632206559181213,0.6468881368637085
YNL119W,YDR330W,0,-0.57590437,0.13032951951026917,0.9632206559181213,0.6469882130622864
YER051W,YPL149W,0,-0.5761827,0.1303119957447052,0.9632206559181213,0.6470882296562195
YDR487C,YHL016C,0,-0.57627684,0.13029447197914124,0.9632206559181213,0.6471883058547974
YMR036C,YML116W,0,-0.5767621,0.13027696311473846,0.9632206559181213,0.6472883820533752
YPL089C,YLL050C,0,-0.57677937,0.1302594393491745,0.9632206559181213,0.6473884582519531
YFL004W,YOR066W,0,-0.57706547,0.13024193048477173,0.9632206559181213,0.6474884748458862
YOR043W,YCR037C,0,-0.5775458,0.13022443652153015,0.9632206559181213,0.6475885510444641
YMR166C,YML037C,0,-0.57778454,0.13020692765712738,0.9632206559181213,0.647688627243042
YGR184C,YKL042W,0,-0.57792246,0.1301894336938858,0.9632206559181213,0.6477886438369751
YIR012W,YDR511W,0,-0.57864475,0.13017195463180542,0.9632206559181213,0.647888720035553
YPL121C,YPL174C,0,-0.57868075,0.13015446066856384,0.9632206559181213,0.6479887962341309
YPR005C,YDL184C,0,-0.5789057,0.13013698160648346,0.9632206559181213,0.6480888724327087
YDR363W-A,YCR081W,0,-0.58124316,0.13011951744556427,0.9632206559181213,0.6481888890266418
YJR139C,YLR074C,0,-0.5812533,0.1301020383834839,0.9632206559181213,0.6482889652252197
YBL064C,YBL060W,0,-0.5826839,0.1300845742225647,0.9632206559181213,0.6483890414237976
YBL030C,YJL080C,0,-0.58282757,0.1300671100616455,0.9632206559181213,0.6484891176223755
YPR184W,YGR272C,0,-0.5829809,0.1300496608018875,0.9632206559181213,0.6485891342163086
YML077W,YOR043W,0,-0.5833709,0.13003221154212952,0.9632206559181213,0.6486892104148865
YNR016C,YDR034C-C,0,-0.5839207,0.13001476228237152,0.9632206559181213,0.6487892866134644
YGR106C,YGR191W,0,-0.5839705,0.12999731302261353,0.9632206559181213,0.6488893628120422
YDR265W,YBL060W,0,-0.58400196,0.12997987866401672,0.9632206559181213,0.6489893794059753
YOL117W,YNL054W-B,0,-0.5842494,0.12996244430541992,0.9632206559181213,0.6490894556045532
YBL103C,YMR122W-A,0,-0.5846877,0.12994502484798431,0.9632206559181213,0.6491895318031311
YCR072C,YNL112W,0,-0.584741,0.1299275904893875,0.9632206559181213,0.6492895483970642
YNL213C,YIL136W,0,-0.585331,0.1299101710319519,0.9632206559181213,0.6493896245956421
YJL073W,YNR041C,0,-0.58603144,0.1298927664756775,0.9632206559181213,0.64948970079422
YHL009W-B,YMR152W,0,-0.5864607,0.12987534701824188,0.9632206559181213,0.6495897769927979
YJL072C,YDL051W,0,-0.58758426,0.12985794246196747,0.9632206559181213,0.649689793586731
YML129C,YPR156C,0,-0.5879254,0.12984055280685425,0.9632206559181213,0.6497898697853088
YPL031C,YLR467W,0,-0.58836293,0.12982314825057983,0.9632206559181213,0.6498899459838867
YOR384W,YMR165C,0,-0.5886087,0.1298057585954666,0.9632206559181213,0.6499900221824646
YJL121C,YDR298C,0,-0.5888278,0.1297883689403534,0.9632206559181213,0.6500900387763977
YHL040C,YJR058C,0,-0.5892804,0.12977099418640137,0.9632206559181213,0.6501901149749756
YMR306W,YGL227W,0,-0.5896528,0.12975361943244934,0.9632206559181213,0.6502901911735535
YDR210W-B,YNL061W,0,-0.58986175,0.12973624467849731,0.9632206559181213,0.6503902077674866
YDR288W,YDR047W,0,-0.5899251,0.1297188699245453,0.9632206559181213,0.6504902839660645
YPR096C,YNL096C,0,-0.58998764,0.12970151007175446,0.9632206559181213,0.6505903601646423
YOR116C,YDR322W,0,-0.59018326,0.12968415021896362,0.9632206559181213,0.6506904363632202
YGL090W,YDR483W,0,-0.59164083,0.12966680526733398,0.9632206559181213,0.6507904529571533
YJR022W,YOR242C,0,-0.59247345,0.12964944541454315,0.9632206559181213,0.6508905291557312
YDR356W,YER120W,0,-0.59273344,0.1296321004629135,0.9632206559181213,0.6509906053543091
YJL090C,YGR154C,0,-0.5930598,0.12961477041244507,0.9632206559181213,0.651090681552887
YOR347C,YDR034C-C,0,-0.593602,0.12959742546081543,0.9632206559181213,0.6511906981468201
YGL089C,YNR016C,0,-0.5937162,0.12958009541034698,0.9632206559181213,0.651290774345398
YML077W,YDR210W-B,0,-0.593748,0.12956278026103973,0.9632206559181213,0.6513908505439758
YPR166C,YER113C,0,-0.5939162,0.1295454502105713,0.9632206559181213,0.6514908671379089
YJL048C,YNL146W,0,-0.5940635,0.12952813506126404,0.9632206559181213,0.6515909433364868
YMR201C,YKR105C,0,-0.59435743,0.1295108199119568,0.9632206559181213,0.6516910195350647
YOR265W,YGR262C,0,-0.59441227,0.12949351966381073,0.9632206559181213,0.6517910957336426
YCR096C,YBR231C,0,-0.59450793,0.12947621941566467,0.9632206559181213,0.6518911123275757
YCL061C,YIL136W,0,-0.59507096,0.12945891916751862,0.9632206559181213,0.6519911885261536
YGL089C,YPL269W,0,-0.59536123,0.12944161891937256,0.9632206559181213,0.6520912647247314
YDR036C,YPR102C,0,-0.5964099,0.1294243335723877,0.9632206559181213,0.6521913409233093
YJR121W,YOR182C,0,-0.59668535,0.12940704822540283,0.9632206559181213,0.6522913575172424
YJR121W,YPR028W,0,-0.5969335,0.12938977777957916,0.9632206559181213,0.6523914337158203
YBR058C,YNL162W,0,-0.59722257,0.1293724924325943,0.9632206559181213,0.6524915099143982
YDR376W,YOR322C,0,-0.59753865,0.12935522198677063,0.9632206559181213,0.6525915265083313
YFR041C,YLR010C,0,-0.5975849,0.12933796644210815,0.9632206559181213,0.6526916027069092
YPL157W,YOR057W,0,-0.59795064,0.12932069599628448,0.9632206559181213,0.6527916789054871
YNL039W,YLR306W,0,-0.5984191,0.129303440451622,0.9632206559181213,0.6528917551040649
YDL051W,YPR098C,0,-0.59854436,0.12928618490695953,0.9632206559181213,0.652991771697998
YDR052C,YNL101W,0,-0.59926033,0.12926894426345825,0.9632206559181213,0.6530918478965759
YLR127C,YER053C,0,-0.5994315,0.12925170361995697,0.9632206559181213,0.6531919240951538
YDR531W,YPR158C-D,0,-0.59965515,0.1292344629764557,0.9632206559181213,0.6532920002937317
YLR287C-A,YMR285C,0,-0.5996554,0.1292172223329544,0.9632206559181213,0.6533920168876648
YPL143W,YBL069W,0,-0.60017955,0.12919999659061432,0.9632206559181213,0.6534920930862427
YJR022W,YGL095C,0,-0.6010446,0.12918277084827423,0.9632206559181213,0.6535921692848206
YBR240C,YHR023W,0,-0.60129327,0.12916556000709534,0.9632206559181213,0.6536921858787537
YNR008W,YER045C,0,-0.6018623,0.12914833426475525,0.9632206559181213,0.6537922620773315
YDL190C,YMR224C,0,-0.6029576,0.12913112342357635,0.9632206559181213,0.6538923382759094
YNL166C,YER180C,0,-0.6032562,0.12911392748355865,0.9632206559181213,0.6539924144744873
YOR192C-B,YIL090W,0,-0.60327625,0.12909671664237976,0.9632206559181213,0.6540924310684204
YLR276C,YOR242C,0,-0.60328084,0.12907952070236206,0.9632206559181213,0.6541925072669983
YLR459W,YCR077C,0,-0.60351706,0.12906233966350555,0.9632206559181213,0.6542925834655762
YOR116C,YFR006W,0,-0.6035472,0.12904514372348785,0.9632206559181213,0.654392659664154
YLR459W,YAL008W,0,-0.6038233,0.12902796268463135,0.9632206559181213,0.6544926762580872
YDR390C,YPL038W,0,-0.6039095,0.12901078164577484,0.9632206559181213,0.654592752456665
YML015C,YMR312W,0,-0.6041651,0.12899361550807953,0.9632206559181213,0.6546928286552429
YMR100W,YLR096W,0,-0.6044946,0.12897643446922302,0.9632206559181213,0.6547929048538208
YER051W,YPL153C,0,-0.60454017,0.1289592832326889,0.9632206559181213,0.6548929214477539
YER070W,YGR156W,0,-0.60456055,0.1289421170949936,0.9632206559181213,0.6549929976463318
YLR032W,YJR143C,0,-0.6046827,0.12892496585845947,0.9632206559181213,0.6550930738449097
YHR025W,YER088C,0,-0.6049496,0.12890781462192535,0.9632206559181213,0.6551930904388428
YML104C,YNL213C,0,-0.60521126,0.12889066338539124,0.9632206559181213,0.6552931666374207
YMR311C,YAL058W,0,-0.6059166,0.1288735270500183,0.9632206559181213,0.6553932428359985
YBR213W,YOL080C,0,-0.60631514,0.1288563758134842,0.9632206559181213,0.6554933190345764
YIL004C,YGR158C,0,-0.60641414,0.12883925437927246,0.9632206559181213,0.6555933356285095
YMR297W,YFR006W,0,-0.6068745,0.12882211804389954,0.9632206559181213,0.6556934118270874
YDL166C,YOR233W,0,-0.6068823,0.1288049966096878,0.9632206559181213,0.6557934880256653
YDR283C,YDR320C-A,0,-0.60704654,0.12878787517547607,0.9632206559181213,0.6558935642242432
YGR027W-B,YKL195W,0,-0.6071581,0.12877076864242554,0.9632206559181213,0.6559935808181763
YNR008W,YOL138C,0,-0.60719204,0.1287536472082138,0.9632206559181213,0.6560936570167542
YDL043C,YOL120C,0,-0.6087338,0.12873655557632446,0.9632206559181213,0.656193733215332
YPL220W,YOR326W,0,-0.6087909,0.12871944904327393,0.9632206559181213,0.6562937498092651
YJL164C,YPL174C,0,-0.60879624,0.12870235741138458,0.9632206559181213,0.656393826007843
YHR031C,YDR520C,0,-0.6089338,0.12868526577949524,0.9632206559181213,0.6564939022064209
YKL154W,YNL189W,0,-0.61054313,0.1286681741476059,0.9632206559181213,0.6565939784049988
YMR307W,YML077W,0,-0.61074424,0.12865108251571655,0.9632206559181213,0.6566939949989319
YDR425W,YML070W,0,-0.6109891,0.1286340057849884,0.9632206559181213,0.6567940711975098
YJR010C-A,YER131W,0,-0.61224055,0.12861694395542145,0.9632206559181213,0.6568941473960876
YAL043C,YDR060W,0,-0.6129394,0.1285998672246933,0.9632206559181213,0.6569942235946655
YJL170C,YDR483W,0,-0.6130113,0.12858280539512634,0.9632206559181213,0.6570942401885986
YDL080C,YDR115W,0,-0.6130243,0.1285657435655594,0.9632206559181213,0.6571943163871765
YFL041W,YOR242C,0,-0.6131446,0.12854868173599243,0.9632206559181213,0.6572943925857544
YDR341C,YNR043W,0,-0.613467,0.12853163480758667,0.9632206559181213,0.6573944091796875
YLL011W,YLL038C,0,-0.61358345,0.1285145878791809,0.9632206559181213,0.6574944853782654
YDL143W,YJL041W,0,-0.6141285,0.12849754095077515,0.9632206559181213,0.6575945615768433
YGR156W,YNL135C,0,-0.61433035,0.12848050892353058,0.9632206559181213,0.6576946377754211
YFL036W,YBR084W,0,-0.6153654,0.128463476896286,0.9632206559181213,0.6577946543693542
YDR265W,YEL002C,0,-0.6154052,0.12844644486904144,0.9632206559181213,0.6578947305679321
YDR299W,YLR430W,0,-0.61596686,0.12842942774295807,0.9632206559181213,0.65799480676651
YDR376W,YGR189C,0,-0.6161964,0.1284124106168747,0.9632206559181213,0.6580948829650879
YDR177W,YOR327C,1,-0.6163077,0.12852789461612701,0.9642146825790405,0.6580948829650879
YBL103C,YIL126W,0,-0.6165737,0.12851086258888245,0.9642146825790405,0.658194899559021
YHR207C,YKR059W,0,-0.61670256,0.12849384546279907,0.9642146825790405,0.6582949757575989
YGL119W,YMR100W,0,-0.6173384,0.1284768283367157,0.9642146825790405,0.6583950519561768
YHL040C,YNL331C,0,-0.6174426,0.12845981121063232,0.9642146825790405,0.6584950685501099
YFL002W-A,YHR011W,0,-0.6175078,0.12844279408454895,0.9642146825790405,0.6585951447486877
YDL200C,YOR067C,0,-0.6178721,0.12842579185962677,0.9642146825790405,0.6586952209472656
YBR050C,YOR389W,0,-0.6179634,0.1284087896347046,0.9642146825790405,0.6587952971458435
YNL311C,YOR391C,0,-0.6188799,0.1283917874097824,0.9642146825790405,0.6588953137397766
YML034W,YER044C,0,-0.6198108,0.12837480008602142,0.9642146825790405,0.6589953899383545
YIR017C,YML081C-A,0,-0.6199657,0.12835781276226044,0.9642146825790405,0.6590954661369324
YIL126W,YPL103C,0,-0.6211912,0.12834082543849945,0.9642146825790405,0.6591955423355103
YJL219W,YER083C,0,-0.621243,0.12832385301589966,0.9642146825790405,0.6592955589294434
YNL159C,YDR126W,0,-0.6218574,0.12830688059329987,0.9642146825790405,0.6593956351280212
YER036C,YOL030W,0,-0.62185824,0.12828990817070007,0.9642146825790405,0.6594957113265991
YML094W,YML095C,0,-0.6220132,0.12827295064926147,0.9642146825790405,0.6595957279205322
YHL040C,YLR035C-A,0,-0.6227567,0.12825597822666168,0.9642146825790405,0.6596958041191101
YER082C,YGR001C,0,-0.6245165,0.12823902070522308,0.9642146825790405,0.659795880317688
YIL074C,YBR291C,0,-0.62486005,0.12822207808494568,0.9642146825790405,0.6598959565162659
YOR192C-B,YOR174W,0,-0.62547964,0.12820513546466827,0.9642146825790405,0.659995973110199
YBL057C,YBR185C,0,-0.6259918,0.12818819284439087,0.9642146825790405,0.6600960493087769
YDL210W,YBR251W,0,-0.62650126,0.12817125022411346,0.9642146825790405,0.6601961255073547
YDR158W,YML087C,0,-0.6268965,0.12815430760383606,0.9642146825790405,0.6602962017059326
YDR443C,YBL037W,0,-0.62717,0.12813737988471985,0.9642146825790405,0.6603962182998657
YGR047C,YOR270C,0,-0.6274842,0.12812046706676483,0.9642146825790405,0.6604962944984436
YKR094C,YGR279C,0,-0.6274903,0.12810353934764862,0.9642146825790405,0.6605963706970215
YNL311C,YOR396W,0,-0.6282327,0.1280866265296936,0.9642146825790405,0.6606964468955994
YML094W,YGL258W-A,0,-0.6282327,0.1280697137117386,0.9642146825790405,0.6607964634895325
YGL222C,YGL258W-A,0,-0.6282327,0.12805280089378357,0.9642146825790405,0.6608965396881104
YER099C,YOR396W,0,-0.6282327,0.12803590297698975,0.9642146825790405,0.6609966158866882
YJL102W,YOR246C,0,-0.62865096,0.12801900506019592,0.9642146825790405,0.6610966324806213
YOR201C,YDR228C,0,-0.6287355,0.1280021071434021,0.9642146825790405,0.6611967086791992
YBR207W,YLR371W,1,-0.62924975,0.1281171590089798,0.9652087688446045,0.6611967086791992
YMR171C,YDL192W,0,-0.63011044,0.12810026109218597,0.9652087688446045,0.6612967848777771
YHR206W,YAL035W,0,-0.63018477,0.12808336317539215,0.9652087688446045,0.661396861076355
YOR174W,YOL140W,0,-0.63023293,0.12806648015975952,0.9652087688446045,0.6614968776702881
YHL024W,YLR097C,0,-0.6315713,0.1280495822429657,0.9652087688446045,0.661596953868866
YPR098C,YML060W,0,-0.63164806,0.12803269922733307,0.9652087688446045,0.6616970300674438
YDL141W,YOR066W,0,-0.63172984,0.12801581621170044,0.9652087688446045,0.6617971062660217
YDR529C,YLL022C,0,-0.6318513,0.127998948097229,0.9652087688446045,0.6618971228599548
YBL069W,YLR433C,0,-0.6325799,0.12798207998275757,0.9652087688446045,0.6619971990585327
YGL119W,YPR081C,0,-0.6328699,0.12796521186828613,0.9652087688446045,0.6620972752571106
YAR019C,YNL217W,0,-0.63294953,0.1279483437538147,0.9652087688446045,0.6621972918510437
YLR381W,YAL058W,0,-0.6330737,0.12793149054050446,0.9652087688446045,0.6622973680496216
YBR205W,YBR297W,0,-0.6331718,0.1279146373271942,0.9652087688446045,0.6623974442481995
YJR016C,YGL253W,0,-0.6341343,0.12789778411388397,0.9652087688446045,0.6624975204467773
YJR013W,YJR098C,0,-0.634468,0.12788094580173492,0.9652087688446045,0.6625975370407104
YHR117W,YOR092W,0,-0.6344886,0.12786410748958588,0.9652087688446045,0.6626976132392883
YGL136C,YER045C,0,-0.6346635,0.12784726917743683,0.9652087688446045,0.6627976894378662
YPL060W,YDR400W,0,-0.6346996,0.12783043086528778,0.9652087688446045,0.6628977656364441
YLR096W,YGL059W,0,-0.6349133,0.12781360745429993,0.9652087688446045,0.6629977822303772
YPL121C,YPL160W,0,-0.6351413,0.12779678404331207,0.9652087688446045,0.6630978584289551
YHR184W,YHR186C,0,-0.6353556,0.1277799755334854,0.9652087688446045,0.663197934627533
YCL059C,YDL184C,0,-0.6359524,0.12776315212249756,0.9652087688446045,0.6632979512214661
YDR059C,YOR329C,1,-0.63661414,0.12787790596485138,0.9662027955055237,0.6632979512214661
YIL150C,YMR184W,0,-0.6368384,0.12786108255386353,0.9662027955055237,0.663398027420044
YGL003C,YNL188W,0,-0.63698924,0.12784427404403687,0.9662027955055237,0.6634981036186218
YHR160C,YEL002C,0,-0.63824046,0.1278274655342102,0.9662027955055237,0.6635981798171997
YFR041C,YDR524C,0,-0.6384021,0.12781065702438354,0.9662027955055237,0.6636981964111328
YOR116C,YDL190C,0,-0.63864684,0.12779384851455688,0.9662027955055237,0.6637982726097107
YKL011C,YDR315C,0,-0.6388129,0.12777705490589142,0.9662027955055237,0.6638983488082886
YGL021W,YDR318W,0,-0.6393099,0.12776024639606476,0.9662027955055237,0.6639984250068665
YGR223C,YHL036W,0,-0.63941455,0.12774346768856049,0.9662027955055237,0.6640984416007996
YGL232W,YGR292W,0,-0.63964367,0.12772667407989502,0.9662027955055237,0.6641985177993774
YCL075W,YLR014C,0,-0.63975143,0.12770989537239075,0.9662027955055237,0.6642985939979553
YBR176W,YGL185C,0,-0.64000094,0.12769311666488647,0.9662027955055237,0.6643986105918884
YEL054C,YPL090C,0,-0.6415689,0.1276763379573822,0.9662027955055237,0.6644986867904663
YPL257W-A,YDR116C,0,-0.64185333,0.12765957415103912,0.9662027955055237,0.6645987629890442
YER095W,YOL117W,0,-0.642815,0.12764281034469604,0.9662027955055237,0.6646988391876221
YKL178C,YPR081C,0,-0.6428584,0.12762604653835297,0.9662027955055237,0.6647988557815552
YOR192C-B,YDR088C,0,-0.64286196,0.12760929763317108,0.9662027955055237,0.6648989319801331
YMR233W,YPL111W,0,-0.64294875,0.1275925487279892,0.9662027955055237,0.6649990081787109
YJL065C,YPL202C,0,-0.6437235,0.1275757998228073,0.9662027955055237,0.6650990843772888
YCR020C,YMR264W,0,-0.6438359,0.12755905091762543,0.9662027955055237,0.6651991009712219
YLR439W,YNR041C,0,-0.64405113,0.12754231691360474,0.9662027955055237,0.6652991771697998
YDR363W-A,YOR014W,0,-0.64493585,0.12752558290958405,0.9662027955055237,0.6653992533683777
YDR440W,YNL322C,0,-0.6454262,0.12750884890556335,0.9662027955055237,0.6654992699623108
YPL091W,YKR048C,0,-0.64588094,0.12749212980270386,0.9662027955055237,0.6655993461608887
YDR329C,YDL082W,0,-0.6459459,0.12747541069984436,0.9662027955055237,0.6656994223594666
YKL183W,YEL016C,0,-0.64632285,0.12745869159698486,0.9662027955055237,0.6657994985580444
YJR060W,YEL021W,0,-0.6463391,0.12744198739528656,0.9662027955055237,0.6658995151519775
YLR086W,YOL117W,0,-0.6464673,0.12742526829242706,0.9662027955055237,0.6659995913505554
YLR343W,YDL195W,0,-0.64649135,0.12740857899188995,0.9662027955055237,0.6660996675491333
YGL213C,YMR311C,0,-0.64666444,0.12739187479019165,0.9662027955055237,0.6661997437477112
YDR283C,YER030W,0,-0.64754444,0.12737518548965454,0.9662027955055237,0.6662997603416443
YPR048W,YLR238W,0,-0.64796054,0.12735849618911743,0.9662027955055237,0.6663998365402222
YDL136W,YJR075W,0,-0.64800704,0.12734180688858032,0.9662027955055237,0.6664999127388
YLR221C,YKR105C,0,-0.64833736,0.1273251175880432,0.9662027955055237,0.6665999889373779
YOL071W,YCR040W,0,-0.64844024,0.1273084431886673,0.9662027955055237,0.666700005531311
YDR315C,YCL055W,0,-0.64908016,0.12729176878929138,0.9662027955055237,0.6668000817298889
YDL138W,YJL056C,0,-0.64924085,0.12727510929107666,0.9662027955055237,0.6669001579284668
YLR419W,YAR044W,0,-0.6492549,0.12725844979286194,0.9662027955055237,0.6670001745223999
YBL101C,YAR044W,1,-0.64943385,0.12737269699573517,0.9671968221664429,0.6670001745223999
YNL227C,YBR251W,0,-0.6494384,0.12735602259635925,0.9671968221664429,0.6671002507209778
YDR197W,YKL195W,0,-0.6495246,0.12733934819698334,0.9671968221664429,0.6672003269195557
YMR006C,YKR090W,0,-0.6511104,0.12732268869876862,0.9671968221664429,0.6673004031181335
YNL310C,YCR054C,0,-0.65144104,0.1273060292005539,0.9671968221664429,0.6674004197120667
YMR306W,YHR013C,0,-0.65147907,0.12728938460350037,0.9671968221664429,0.6675004959106445
YNR008W,YLR035C-A,0,-0.6522062,0.12727272510528564,0.9671968221664429,0.6676005721092224
YBR048W,YPL281C,0,-0.65243614,0.12725608050823212,0.9671968221664429,0.6677006483078003
YER099C,YAR044W,0,-0.6526369,0.1272394359111786,0.9671968221664429,0.6678006649017334
YDR022C,YMR006C,0,-0.6526998,0.12722280621528625,0.9671968221664429,0.6679007411003113
YCL063W,YHR013C,0,-0.65298533,0.12720617651939392,0.9671968221664429,0.6680008172988892
YCR081W,YDL082W,0,-0.6538007,0.1271895468235016,0.9671968221664429,0.6681008338928223
YPL271W,YIL126W,0,-0.6547809,0.12717291712760925,0.9671968221664429,0.6682009100914001
YPL026C,YAR044W,0,-0.65519404,0.1271563023328781,0.9671968221664429,0.668300986289978
YDR242W,YKL183W,0,-0.6558135,0.12713968753814697,0.9671968221664429,0.6684010624885559
YCR039C,YNL166C,0,-0.6558275,0.12712307274341583,0.9671968221664429,0.668501079082489
YLR419W,YNL012W,0,-0.65594625,0.1271064728498459,0.9671968221664429,0.6686011552810669
YBR264C,YNL061W,0,-0.65619516,0.12708985805511475,0.9671968221664429,0.6687012314796448
YMR130W,YGR274C,0,-0.6564464,0.127073273062706,0.9671968221664429,0.6688013076782227
YHR099W,YGL084C,0,-0.6565013,0.12705667316913605,0.9671968221664429,0.6689013242721558
YJL136C,YGR286C,0,-0.65658987,0.1270400881767273,0.9671968221664429,0.6690014004707336
YDL204W,YML081C-A,0,-0.65713596,0.12702350318431854,0.9671968221664429,0.6691014766693115
YHL008C,YNL218W,0,-0.657402,0.1270069181919098,0.9671968221664429,0.6692014932632446
YMR247C,YOR306C,0,-0.6574954,0.12699034810066223,0.9671968221664429,0.6693015694618225
YER113C,YLR467W,0,-0.65786326,0.12697376310825348,0.9671968221664429,0.6694016456604004
YJR145C,YPR042C,0,-0.6581539,0.12695720791816711,0.9671968221664429,0.6695017218589783
YHR116W,YJL109C,0,-0.65839326,0.12694063782691956,0.9671968221664429,0.6696017384529114
YER087C-A,YDR299W,0,-0.65932786,0.1269240826368332,0.9671968221664429,0.6697018146514893
YDR400W,YGR116W,0,-0.659532,0.12690752744674683,0.9671968221664429,0.6698018908500671
YDR456W,YNL054W-B,0,-0.65974784,0.12689097225666046,0.9671968221664429,0.669901967048645
YKL199C,YKL059C,0,-0.6603028,0.1268744319677353,0.9671968221664429,0.6700019836425781
YAL023C,YLR015W,0,-0.6605074,0.12685789167881012,0.9671968221664429,0.670102059841156
YDL205C,YAL003W,0,-0.66052145,0.12684135138988495,0.9671968221664429,0.6702021360397339
YBR198C,YGL106W,0,-0.66060936,0.12682481110095978,0.9671968221664429,0.670302152633667
YER099C,YDL164C,0,-0.66109693,0.1268082857131958,0.9671968221664429,0.6704022288322449
YIL051C,YDL082W,0,-0.66117376,0.12679176032543182,0.9671968221664429,0.6705023050308228
YEL021W,YOL077C,0,-0.6619667,0.12677524983882904,0.9671968221664429,0.6706023812294006
YCR098C,YIL078W,0,-0.66219044,0.12675872445106506,0.9671968221664429,0.6707023978233337
YPR005C,YGR035C,0,-0.6625041,0.12674221396446228,0.9671968221664429,0.6708024740219116
YGR054W,YNL151C,0,-0.66257405,0.1267257034778595,0.9671968221664429,0.6709025502204895
YLR214W,YDR052C,0,-0.6628586,0.1267092078924179,0.9671968221664429,0.6710026264190674
YLR078C,YBL090W,0,-0.6630387,0.12669271230697632,0.9671968221664429,0.6711026430130005
YPL257W-A,YBR207W,0,-0.6634709,0.12667621672153473,0.9671968221664429,0.6712027192115784
YER133W,YAR044W,0,-0.66482365,0.12665972113609314,0.9671968221664429,0.6713027954101562
YIL090W,YLR100W,0,-0.6649144,0.12664324045181274,0.9671968221664429,0.6714028120040894
YBR289W,YPL101W,0,-0.66499203,0.12662675976753235,0.9671968221664429,0.6715028882026672
YER029C,YLL013C,0,-0.6654923,0.12661027908325195,0.9671968221664429,0.6716029644012451
YMR023C,YGR188C,0,-0.6654992,0.12659381330013275,0.9671968221664429,0.671703040599823
YJR104C,YPL092W,0,-0.6657407,0.12657733261585236,0.9671968221664429,0.6718030571937561
YKL154W,YHR081W,0,-0.6659942,0.12656086683273315,0.9671968221664429,0.671903133392334
YHR067W,YMR045C,0,-0.66604745,0.12654441595077515,0.9671968221664429,0.6720032095909119
YBR296C,YLR032W,0,-0.666263,0.12652796506881714,0.9671968221664429,0.6721032857894897
YLR381W,YDR034C-C,0,-0.6666489,0.12651151418685913,0.9671968221664429,0.6722033023834229
YJL125C,YBL074C,0,-0.666795,0.12649506330490112,0.9671968221664429,0.6723033785820007
YGR263C,YPR042C,0,-0.667055,0.12647861242294312,0.9671968221664429,0.6724034547805786
YIL138C,YOL077C,0,-0.6674321,0.1264621764421463,0.9671968221664429,0.6725035309791565
YCR028C,YAL025C,0,-0.66778433,0.1264457404613495,0.9671968221664429,0.6726035475730896
YJR010C-A,YGL155W,0,-0.6690826,0.12642931938171387,0.9671968221664429,0.6727036237716675
YBL088C,YDL143W,0,-0.6695108,0.12641288340091705,0.9671968221664429,0.6728036999702454
YNL310C,YDR101C,0,-0.6697635,0.12639646232128143,0.9671968221664429,0.6729037165641785
YMR184W,YGR272C,0,-0.6703697,0.126380056142807,0.9671968221664429,0.6730037927627563
YNL046W,YAR044W,0,-0.67039394,0.1263636350631714,0.9671968221664429,0.6731038689613342
YNR011C,YJL090C,0,-0.6706028,0.12634722888469696,0.9671968221664429,0.6732039451599121
YML115C,YGR272C,0,-0.67062306,0.12633082270622253,0.9671968221664429,0.6733039617538452
YDR279W,YER082C,0,-0.6713306,0.1263144165277481,0.9671968221664429,0.6734040379524231
YJR001W,YMR086W,0,-0.6722043,0.12629802525043488,0.9671968221664429,0.673504114151001
YFL002W-A,YGR035C,0,-0.6724794,0.12628163397312164,0.9671968221664429,0.6736041903495789
YJL198W,YOR396W,0,-0.67251277,0.1262652426958084,0.9671968221664429,0.673704206943512
YAL023C,YOR396W,0,-0.67251277,0.12624886631965637,0.9671968221664429,0.6738042831420898
YBR058C-A,YAR044W,0,-0.67251277,0.12623248994350433,0.9671968221664429,0.6739043593406677
YML125C,YOR396W,0,-0.67251277,0.1262161135673523,0.9671968221664429,0.6740043759346008
YPL194W,YOL002C,0,-0.67268527,0.12619973719120026,0.9671968221664429,0.6741044521331787
YMR290C,YCR037C,0,-0.6731634,0.1261833757162094,0.9671968221664429,0.6742045283317566
YOL127W,YLR045C,0,-0.6733576,0.12616701424121857,0.9671968221664429,0.6743046045303345
YGL136C,YLR276C,0,-0.67339396,0.12615065276622772,0.9671968221664429,0.6744046211242676
YIL004C,YLR100W,0,-0.6742086,0.12613430619239807,0.9671968221664429,0.6745046973228455
YDL164C,YML063W,0,-0.67462075,0.12611794471740723,0.9671968221664429,0.6746047735214233
YOR116C,YJL136C,0,-0.67472696,0.12610161304473877,0.9671968221664429,0.6747048497200012
YIL171W,YDR421W,0,-0.6748581,0.12608526647090912,0.9671968221664429,0.6748048663139343
YGR223C,YGR272C,0,-0.67496127,0.12606893479824066,0.9671968221664429,0.6749049425125122
YJL019W,YBR048W,0,-0.6762347,0.1260526031255722,0.9671968221664429,0.6750050187110901
YMR017W,YLR246W,0,-0.67623985,0.12603627145290375,0.9671968221664429,0.6751050353050232
YDR236C,YKL212W,0,-0.6763214,0.1260199397802353,0.9671968221664429,0.6752051115036011
YOR278W,YNL146W,0,-0.676348,0.12600362300872803,0.9671968221664429,0.675305187702179
YGR047C,YDL127W,0,-0.6764804,0.12598730623722076,0.9671968221664429,0.6754052639007568
YJL158C,YOR343W-A,0,-0.6766497,0.1259710043668747,0.9671968221664429,0.6755052804946899
YOR290C,YPL085W,0,-0.677174,0.12595468759536743,0.9671968221664429,0.6756053566932678
YOR192C-B,YGR001C,0,-0.6773196,0.12593838572502136,0.9671968221664429,0.6757054328918457
YIL101C,YBL010C,0,-0.6773604,0.1259220987558365,0.9671968221664429,0.6758055090904236
YDR088C,YDL082W,0,-0.67805207,0.12590579688549042,0.9671968221664429,0.6759055256843567
YDR400W,YML081C-A,0,-0.67807657,0.12588950991630554,0.9671968221664429,0.6760056018829346
YAL010C,YDL143W,0,-0.6780901,0.12587322294712067,0.9671968221664429,0.6761056780815125
YFL002W-A,YLR147C,0,-0.6781064,0.1258569359779358,0.9671968221664429,0.6762056946754456
YMR285C,YML081C-A,0,-0.6782667,0.1258406639099121,0.9671968221664429,0.6763057708740234
YMR289W,YDL112W,0,-0.6793225,0.12582439184188843,0.9671968221664429,0.6764058470726013
YDR481C,YDL006W,0,-0.67981124,0.12580811977386475,0.9671968221664429,0.6765059232711792
YLR459W,YMR122W-A,0,-0.6798198,0.12579186260700226,0.9671968221664429,0.6766059398651123
YMR290C,YDR393W,0,-0.6801621,0.12577559053897858,0.9671968221664429,0.6767060160636902
YNL217W,YJR135W-A,0,-0.6801851,0.1257593333721161,0.9671968221664429,0.6768060922622681
YPL068C,YDR486C,0,-0.6808907,0.1257430911064148,0.9671968221664429,0.676906168460846
YBL106C,YNL149C,0,-0.681609,0.1257268339395523,0.9671968221664429,0.677006185054779
YLR439W,YPL281C,0,-0.68186426,0.125710591673851,0.9671968221664429,0.6771062612533569
YDR501W,YAL025C,0,-0.6825866,0.12569434940814972,0.9671968221664429,0.6772063374519348
YIL109C,YLR265C,0,-0.6826153,0.12567812204360962,0.9671968221664429,0.6773063540458679
YER027C,YOR061W,0,-0.68276566,0.12566189467906952,0.9671968221664429,0.6774064302444458
YJL072C,YEL015W,0,-0.68316096,0.12564566731452942,0.9671968221664429,0.6775065064430237
YDL069C,YOR179C,0,-0.68324876,0.12562943994998932,0.9671968221664429,0.6776065826416016
YKL199C,YGL168W,0,-0.6833354,0.12561321258544922,0.9671968221664429,0.6777065992355347
YNL210W,YAL053W,0,-0.68404,0.1255970001220703,0.9671968221664429,0.6778066754341125
YHR160C,YKL108W,0,-0.6840767,0.1255807876586914,0.9671968221664429,0.6779067516326904
YHR206W,YLR381W,0,-0.68421495,0.1255645900964737,0.9671968221664429,0.6780068278312683
YPR021C,YCR054C,0,-0.68456334,0.12554839253425598,0.9671968221664429,0.6781068444252014
YPR048W,YPL149W,0,-0.6845993,0.12553219497203827,0.9671968221664429,0.6782069206237793
YGL229C,YBR105C,0,-0.68481076,0.12551599740982056,0.9671968221664429,0.6783069968223572
YIL070C,YOL125W,0,-0.6852057,0.12549979984760284,0.9671968221664429,0.6784070730209351
YKL195W,YOL123W,0,-0.6856906,0.12548361718654633,0.9671968221664429,0.6785070896148682
YMR098C,YDL085W,0,-0.68698084,0.1254674345254898,0.9671968221664429,0.678607165813446
YDR096W,YCR053W,0,-0.68712395,0.12545126676559448,0.9671968221664429,0.6787072420120239
YDL195W,YOR242C,0,-0.6873949,0.12543508410453796,0.9671968221664429,0.678807258605957
YMR142C,YDL204W,0,-0.6878513,0.12541891634464264,0.9671968221664429,0.6789073348045349
YLR448W,YNL188W,0,-0.6880094,0.1254027634859085,0.9671968221664429,0.6790074110031128
YDR018C,YIL125W,0,-0.68831325,0.12538659572601318,0.9671968221664429,0.6791074872016907
YGR104C,YAL021C,0,-0.68851906,0.12537044286727905,0.9671968221664429,0.6792075037956238
YAL043C,YOR347C,0,-0.6887853,0.12535429000854492,0.9671968221664429,0.6793075799942017
YPR048W,YIL070C,0,-0.68921316,0.1253381371498108,0.9671968221664429,0.6794076561927795
YDR341C,YIL171W,0,-0.6894317,0.12532199919223785,0.9671968221664429,0.6795077323913574
YDR440W,YIL112W,0,-0.6898353,0.12530586123466492,0.9671968221664429,0.6796077489852905
YDR347W,YOL157C,0,-0.69029856,0.12528972327709198,0.9671968221664429,0.6797078251838684
YJL198W,YOR116C,0,-0.69068897,0.12527360022068024,0.9671968221664429,0.6798079013824463
YNL330C,YLL009C,0,-0.69072425,0.1252574622631073,0.9671968221664429,0.6799079179763794
YOL092W,YMR184W,0,-0.6908473,0.12524133920669556,0.9671968221664429,0.6800079941749573
YCR047C,YPL186C,0,-0.69095755,0.125225231051445,0.9671968221664429,0.6801080703735352
YPL194W,YGL059W,0,-0.6911925,0.12520910799503326,0.9671968221664429,0.680208146572113
YBL078C,YMR122W-A,0,-0.6914711,0.12519299983978271,0.9671968221664429,0.6803081631660461
YDL141W,YPL022W,0,-0.69172466,0.12517689168453217,0.9671968221664429,0.680408239364624
YOR373W,YKL173W,0,-0.69219106,0.1251607984304428,0.9671968221664429,0.6805083155632019
YDL101C,YGR075C,0,-0.6922674,0.12514469027519226,0.9671968221664429,0.6806083917617798
YIL101C,YNL129W,0,-0.6922815,0.1251285970211029,0.9671968221664429,0.6807084083557129
YDL166C,YBL055C,0,-0.6923929,0.12511251866817474,0.9671968221664429,0.6808084845542908
YBR001C,YAL013W,0,-0.6924089,0.1250964254140854,0.9671968221664429,0.6809085607528687
YEL016C,YCR037C,0,-0.6927754,0.12508034706115723,0.9671968221664429,0.6810085773468018
YPL106C,YOR120W,0,-0.69349396,0.12506426870822906,0.9671968221664429,0.6811086535453796
YER120W,YGR272C,0,-0.6935004,0.1250481903553009,0.9671968221664429,0.6812087297439575
YAL041W,YNL268W,0,-0.69368804,0.12503212690353394,0.9671968221664429,0.6813088059425354
YLR276C,YJL109C,0,-0.6938927,0.12501606345176697,0.9671968221664429,0.6814088225364685
YJR135C,YGR234W,0,-0.6943423,0.125,0.9671968221664429,0.6815088987350464
YKL199C,YER086W,0,-0.6945574,0.12498394399881363,0.9671968221664429,0.6816089749336243
YGR292W,YDR320C-A,0,-0.6949246,0.12496788799762726,0.9671968221664429,0.6817090511322021
YFR005C,YKL059C,0,-0.6952656,0.12495183944702148,0.9671968221664429,0.6818090677261353
YLR096W,YMR023C,0,-0.6952856,0.12493579834699631,0.9671968221664429,0.6819091439247131
YGR158C,YER020W,0,-0.6954088,0.12491975724697113,0.9671968221664429,0.682009220123291
YDL185W,YER082C,0,-0.6955414,0.12490372359752655,0.9671968221664429,0.6821092367172241
YEL016C,YIL113W,0,-0.69568694,0.12488768994808197,0.9671968221664429,0.682209312915802
YKL199C,YDR368W,0,-0.6957408,0.12487166374921799,0.9671968221664429,0.6823093891143799
YDR224C,YJL062W,0,-0.6957701,0.124855637550354,0.9671968221664429,0.6824094653129578
YLR212C,YNL339C,0,-0.6957939,0.12483961880207062,0.9671968221664429,0.6825094819068909
YGR135W,YLR010C,0,-0.6959903,0.12482360750436783,0.9671968221664429,0.6826095581054688
YOL003C,YDR507C,0,-0.6964462,0.12480759620666504,0.9671968221664429,0.6827096343040466
YBL057C,YMR184W,0,-0.69669807,0.12479158490896225,0.9671968221664429,0.6828097105026245
YEL059C-A,YLR079W,0,-0.6970376,0.12477558106184006,0.9671968221664429,0.6829097270965576
YLR192C,YKL181W,0,-0.69704074,0.12475958466529846,0.9671968221664429,0.6830098032951355
YGR058W,YDR533C,0,-0.6972757,0.12474358826875687,0.9671968221664429,0.6831098794937134
YHR027C,YHR092C,0,-0.6986358,0.12472759932279587,0.9671968221664429,0.6832099556922913
YOR391C,YBR185C,0,-0.6987249,0.12471161037683487,0.9671968221664429,0.6833099722862244
YLL011W,YLR074C,0,-0.6991707,0.12469562888145447,0.9671968221664429,0.6834100484848022
YGR135W,YLR176C,0,-0.6991875,0.12467965483665466,0.9671968221664429,0.6835101246833801
YER070W,YDR520C,0,-0.69959474,0.12466368079185486,0.9671968221664429,0.6836101412773132
YGL021W,YLR238W,0,-0.6998869,0.12464770674705505,0.9671968221664429,0.6837102174758911
YJR010C-A,YJL080C,0,-0.70046675,0.12463174015283585,0.9671968221664429,0.683810293674469
YER110C,YBR297W,0,-0.70057356,0.12461578100919724,0.9671968221664429,0.6839103698730469
YLR109W,YCR081W,0,-0.700961,0.12459982186555862,0.9671968221664429,0.68401038646698
YOR066W,YNL146W,0,-0.70177025,0.12458387017250061,0.9671968221664429,0.6841104626655579
YDL136W,YJL041W,0,-0.70186514,0.1245679184794426,0.9671968221664429,0.6842105388641357
YNL301C,YER007W,0,-0.7021159,0.12455197423696518,0.9671968221664429,0.6843106150627136
YMR042W,YDR003W,0,-0.7024616,0.12453602999448776,0.9671968221664429,0.6844106316566467
YBL093C,YGR200C,0,-0.7027248,0.12452009320259094,0.9671968221664429,0.6845107078552246
YBR022W,YMR224C,0,-0.70303816,0.12450415641069412,0.9671968221664429,0.6846107840538025
YMR171C,YLR201C,0,-0.7030935,0.1244882270693779,0.9671968221664429,0.6847108006477356
YNL330C,YKL116C,0,-0.7032486,0.12447230517864227,0.9671968221664429,0.6848108768463135
YBL075C,YPR102C,0,-0.7032606,0.12445638328790665,0.9671968221664429,0.6849109530448914
YDL138W,YML104C,0,-0.70338464,0.12444046884775162,0.9671968221664429,0.6850110292434692
YPR108W,YDR088C,0,-0.70408785,0.12442455440759659,0.9671968221664429,0.6851110458374023
YOL133W,YLR438C-A,0,-0.7041113,0.12440863996744156,0.9671968221664429,0.6852111220359802
YNR061C,YDR320C-A,0,-0.70418984,0.12439274042844772,0.9671968221664429,0.6853111982345581
YJR001W,YLR176C,0,-0.70484805,0.12437684088945389,0.9671968221664429,0.685411274433136
YDL130W,YOR244W,0,-0.7057123,0.12436094135046005,0.9671968221664429,0.6855112910270691
YGL141W,YBR231C,0,-0.7066008,0.12434504926204681,0.9671968221664429,0.685611367225647
YHL008C,YDR501W,0,-0.70709634,0.12432915717363358,0.9671968221664429,0.6857114434242249
YKL199C,YJR015W,0,-0.7072423,0.12431327253580093,0.9671968221664429,0.685811460018158
YHL040C,YDR011W,0,-0.7087436,0.12429739534854889,0.9671968221664429,0.6859115362167358
YKR014C,YEL064C,0,-0.7092736,0.12428151816129684,0.9671968221664429,0.6860116124153137
YOL133W,YPL048W,0,-0.70949674,0.1242656484246254,0.9671968221664429,0.6861116886138916
YJR022W,YPL202C,0,-0.7108103,0.12424977868795395,0.9671968221664429,0.6862117052078247
YIR014W,YOL067C,0,-0.71144813,0.1242339089512825,0.9671968221664429,0.6863117814064026
YHR117W,YDR088C,0,-0.71157837,0.12421805411577225,0.9671968221664429,0.6864118576049805
YPL157W,YNR016C,0,-0.7120732,0.124202199280262,0.9671968221664429,0.6865119338035583
YJL125C,YLR441C,0,-0.7122071,0.12418634444475174,0.9671968221664429,0.6866119503974915
YJL072C,YPR081C,0,-0.7124219,0.12417049705982208,0.9671968221664429,0.6867120265960693
YDL130W-A,YNL189W,0,-0.71245307,0.12415464967489243,0.9671968221664429,0.6868121027946472
YLR364W,YBR158W,0,-0.7126434,0.12413880974054337,0.9671968221664429,0.6869121193885803
YMR006C,YKR062W,0,-0.712891,0.1241229772567749,0.9671968221664429,0.6870121955871582
YCR039C,YPL068C,0,-0.7131934,0.12410714477300644,0.9671968221664429,0.6871122717857361
YGL205W,YMR224C,0,-0.7132814,0.12409131228923798,0.9671968221664429,0.687212347984314
YLR266C,YDL130W-A,0,-0.7133559,0.12407548725605011,0.9671968221664429,0.6873123645782471
YDL231C,YBL021C,0,-0.71340394,0.12405966967344284,0.9671968221664429,0.687412440776825
YKR104W,YAL062W,0,-0.71356136,0.12404385209083557,0.9671968221664429,0.6875125169754028
YHR153C,YDL017W,0,-0.71368754,0.1240280419588089,0.9671968221664429,0.6876125931739807
YCR053W,YOR306C,0,-0.7140146,0.12401223182678223,0.9671968221664429,0.6877126097679138
YJL170C,YOR343W-A,0,-0.71427697,0.12399642914533615,0.9671968221664429,0.6878126859664917
YLR446W,YHR013C,0,-0.71458703,0.12398063391447067,0.9671968221664429,0.6879127621650696
YBL021C,YKR030W,0,-0.7148591,0.1239648386836052,0.9671968221664429,0.6880127787590027
YBR084W,YPL220W,0,-0.7157035,0.12394904345273972,0.9671968221664429,0.6881128549575806
YDR056C,YHR064C,0,-0.7159028,0.12393325567245483,0.9671968221664429,0.6882129311561584
YBR176W,YOR265W,0,-0.7162174,0.12391747534275055,0.9671968221664429,0.6883130073547363
YML125C,YMR122W-A,0,-0.717485,0.12390169501304626,0.9671968221664429,0.6884130239486694
YJR110W,YEL065W,0,-0.7180205,0.12388591468334198,0.9671968221664429,0.6885131001472473
YGL232W,YDR380W,0,-0.71936464,0.12387014925479889,0.9671968221664429,0.6886131763458252
YOL067C,YCR020C,0,-0.72010696,0.1238543763756752,0.9671968221664429,0.6887132525444031
YDR520C,YOR092W,0,-0.72026885,0.12383861839771271,0.9671968221664429,0.6888132691383362
YMR004W,YBL023C,0,-0.72037935,0.12382285296916962,0.9671968221664429,0.6889133453369141
YGR058W,YDR440W,0,-0.72102,0.12380710244178772,0.9671968221664429,0.6890134215354919
YIL084C,YNL098C,0,-0.7210884,0.12379135191440582,0.9671968221664429,0.6891134977340698
YNL291C,YLR371W,0,-0.72131586,0.12377560138702393,0.9671968221664429,0.6892135143280029
YGL135W,YKL164C,0,-0.7217906,0.12375985831022263,0.9671968221664429,0.6893135905265808
YEL059C-A,YHR160C,0,-0.7225646,0.12374411523342133,0.9671968221664429,0.6894136667251587
YHL044W,YGR272C,0,-0.7230069,0.12372837960720062,0.9671968221664429,0.6895136833190918
YMR208W,YKL116C,0,-0.7234549,0.12371265143156052,0.9671968221664429,0.6896137595176697
YIL093C,YIR037W,0,-0.72361803,0.12369692325592041,0.9671968221664429,0.6897138357162476
YNL012W,YLR438C-A,0,-0.7240277,0.1236812025308609,0.9671968221664429,0.6898139119148254
YGL210W,YLR246W,0,-0.72467005,0.12366548180580139,0.9671968221664429,0.6899139285087585
YDR347W,YOR036W,0,-0.72486544,0.12364976853132248,0.9671968221664429,0.6900140047073364
YDR387C,YGR272C,0,-0.72522366,0.12363405525684357,0.9671968221664429,0.6901140809059143
YKL199C,YDR503C,0,-0.7254054,0.12361834943294525,0.9671968221664429,0.6902141571044922
YOR047C,YDL038C,0,-0.7257637,0.12360264360904694,0.9671968221664429,0.6903141736984253
YOR396W,YBR058C-A,0,-0.7257637,0.12358694523572922,0.9671968221664429,0.6904142498970032
YDL038C,YHR160C,0,-0.7257637,0.1235712468624115,0.9671968221664429,0.690514326095581
YDL038C,YEL050C,0,-0.7257637,0.12355555593967438,0.9671968221664429,0.6906143426895142
YDL038C,YLR419W,0,-0.7257637,0.12353986501693726,0.9671968221664429,0.690714418888092
YDL038C,YMR023C,0,-0.7257637,0.12352418154478073,0.9671968221664429,0.6908144950866699
YGL258W-A,YKL116C,0,-0.7257637,0.1235085055232048,0.9671968221664429,0.6909145712852478
YGL258W-A,YDR177W,0,-0.7257637,0.12349282950162888,0.9671968221664429,0.6910145878791809
YGL258W-A,YPL154C,0,-0.7257637,0.12347716093063354,0.9671968221664429,0.6911146640777588
YDL038C,YNR011C,0,-0.7257637,0.12346149235963821,0.9671968221664429,0.6912147402763367
YOR396W,YBL082C,0,-0.7257637,0.12344582378864288,0.9671968221664429,0.6913148164749146
YGL258W-A,YOL109W,0,-0.7257637,0.12343016266822815,0.9671968221664429,0.6914148330688477
YOR391C,YGL258W-A,0,-0.7257637,0.12341450899839401,0.9671968221664429,0.6915149092674255
YGL258W-A,YJL190C,0,-0.7257637,0.12339885532855988,0.9671968221664429,0.6916149854660034
YDL038C,YCR040W,0,-0.7257637,0.12338320910930634,0.9671968221664429,0.6917150020599365
YDL038C,YDR318W,0,-0.7257637,0.12336757034063339,0.9671968221664429,0.6918150782585144
YDL038C,YBR245C,0,-0.7257637,0.12335192412137985,0.9671968221664429,0.6919151544570923
YDL038C,YJL136C,0,-0.7257637,0.1233362928032875,0.9671968221664429,0.6920152306556702
YLR276C,YOR396W,0,-0.7257637,0.12332066148519516,0.9671968221664429,0.6921152472496033
YGL258W-A,YPR042C,0,-0.7257637,0.12330503016710281,0.9671968221664429,0.6922153234481812
YOL127W,YDL038C,0,-0.7257637,0.12328940629959106,0.9671968221664429,0.692315399646759
YKL199C,YDL130W-A,0,-0.7257637,0.12327378988265991,0.9671968221664429,0.6924154758453369
YMR006C,YGR272C,0,-0.7257637,0.12325817346572876,0.9671968221664429,0.69251549243927
YGL258W-A,YIL160C,0,-0.7257637,0.12324255704879761,0.9671968221664429,0.6926155686378479
YBR058C-A,YCL066W,0,-0.7259548,0.12322694808244705,0.9671968221664429,0.6927156448364258
YMR316W,YOL157C,0,-0.7263426,0.1232113465666771,0.9671968221664429,0.6928156614303589
YNL330C,YMR006C,0,-0.7264137,0.12319574505090714,0.9671968221664429,0.6929157376289368
YIL155C,YJR155W,0,-0.7266737,0.12318015098571777,0.9671968221664429,0.6930158138275146
YDL120W,YGL227W,0,-0.7270223,0.12316455692052841,0.9671968221664429,0.6931158900260925
YHR105W,YCL055W,0,-0.72722757,0.12314897030591965,0.9671968221664429,0.6932159066200256
YBL024W,YNL091W,0,-0.72729874,0.12313338369131088,0.9671968221664429,0.6933159828186035
YCL069W,YGR272C,0,-0.7273513,0.12311780452728271,0.9671968221664429,0.6934160590171814
YJL065C,YPR122W,0,-0.727563,0.12310222536325455,0.9671968221664429,0.6935161352157593
YGL089C,YLR008C,0,-0.72760713,0.12308665364980698,0.9671968221664429,0.6936161518096924
YKL108W,YCR075C,0,-0.7278863,0.1230710819363594,0.9671968221664429,0.6937162280082703
YJR134C,YPL101W,0,-0.72794914,0.12305551767349243,0.9671968221664429,0.6938163042068481
YMR217W,YOR080W,0,-0.7280937,0.12303996086120605,0.9671968221664429,0.6939163208007812
YDR299W,YOL140W,0,-0.72864866,0.12302440404891968,0.9671968221664429,0.6940163969993591
YCR028C,YKL021C,0,-0.72918946,0.1230088472366333,0.9671968221664429,0.694116473197937
YBL022C,YCR054C,0,-0.72919965,0.12299329787492752,0.9671968221664429,0.6942165493965149
YKL199C,YNL210W,0,-0.7292763,0.12297775596380234,0.9671968221664429,0.694316565990448
YKL199C,YLR403W,0,-0.7293653,0.12296221405267715,0.9671968221664429,0.6944166421890259
YOR348C,YNL218W,0,-0.72936875,0.12294667959213257,0.9671968221664429,0.6945167183876038
YBR156C,YBL039C,0,-0.7294165,0.12293114513158798,0.9671968221664429,0.6946167945861816
YOR116C,YML081C-A,0,-0.7294283,0.1229156106710434,0.9671968221664429,0.6947168111801147
YGL141W,YJR135W-A,0,-0.7294379,0.12290009111166,0.9671968221664429,0.6948168873786926
YLR126C,YMR017W,0,-0.73004377,0.12288456410169601,0.9671968221664429,0.6949169635772705
YBL106C,YJL148W,0,-0.7301045,0.12286905199289322,0.9671968221664429,0.6950170397758484
YMR235C,YEL061C,0,-0.73033315,0.12285353243350983,0.9671968221664429,0.6951170563697815
YJL129C,YPL157W,0,-0.73063374,0.12283802777528763,0.9671968221664429,0.6952171325683594
YER153C,YKR104W,0,-0.73071074,0.12282252311706543,0.9671968221664429,0.6953172087669373
YLR266C,YEL059C-A,0,-0.73107815,0.12280701845884323,0.9671968221664429,0.6954172253608704
YOR061W,YOR063W,0,-0.73118806,0.12279152125120163,0.9671968221664429,0.6955173015594482
YDR219C,YDL204W,0,-0.73198533,0.12277602404356003,0.9671968221664429,0.6956173777580261
YOR356W,YPR042C,0,-0.73234195,0.12276053428649902,0.9671968221664429,0.695717453956604
YBL039C,YER184C,0,-0.7324432,0.12274505198001862,0.9671968221664429,0.6958174705505371
YLR201C,YCL047C,0,-0.7326988,0.12272956967353821,0.9671968221664429,0.695917546749115
YOL133W,YGR272C,0,-0.7336198,0.1227140873670578,0.9671968221664429,0.6960176229476929
YPR070W,YDL065C,0,-0.73375386,0.12269861251115799,0.9671968221664429,0.6961176991462708
YDR387C,YBR040W,0,-0.73560655,0.12268314510583878,0.9671968221664429,0.6962177157402039
YOR224C,YPR184W,0,-0.7364159,0.12266767770051956,0.9671968221664429,0.6963177919387817
YJL125C,YLR172C,0,-0.73771983,0.12265221029520035,0.9671968221664429,0.6964178681373596
YNL218W,YDR077W,0,-0.73780775,0.12263675034046173,0.9671968221664429,0.6965178847312927
YDR501W,YOR233W,0,-0.7381269,0.12262129783630371,0.9671968221664429,0.6966179609298706
YER087C-A,YDL141W,0,-0.73816764,0.12260584533214569,0.9671968221664429,0.6967180371284485
YDL007W,YHR023W,0,-0.73835325,0.12259040027856827,0.9671968221664429,0.6968181133270264
YML042W,YHR086W,0,-0.7398435,0.12257495522499084,0.9671968221664429,0.6969181299209595
YKL199C,YOL077C,0,-0.74099976,0.12255951762199402,0.9671968221664429,0.6970182061195374
YJR135C,YLL022C,0,-0.74100983,0.12254408001899719,0.9671968221664429,0.6971182823181152
YER082C,YCR040W,0,-0.7410787,0.12252864986658096,0.9671968221664429,0.6972183585166931
YLR212C,YLR158C,0,-0.74212337,0.12251321971416473,0.9671968221664429,0.6973183751106262
YDL129W,YOR063W,0,-0.7429233,0.1224977970123291,0.9671968221664429,0.6974184513092041
YOL138C,YDR036C,0,-0.74319446,0.12248237431049347,0.9671968221664429,0.697518527507782
YER125W,YAR044W,1,-0.7437185,0.12259282916784286,0.9681908488273621,0.697518527507782
YDL033C,YOR228C,0,-0.7446435,0.12257739901542664,0.9681908488273621,0.6976185441017151
YKL199C,YDL017W,0,-0.7447276,0.122561976313591,0.9681908488273621,0.697718620300293
YBR267W,YAL062W,0,-0.745355,0.12254655361175537,0.9681908488273621,0.6978186964988708
YLR098C,YDL017W,0,-0.7457112,0.12253113836050034,0.9681908488273621,0.6979187726974487
YER088C,YJR075W,0,-0.7470134,0.1225157231092453,0.9681908488273621,0.6980187892913818
YMR316W,YGR286C,0,-0.74708474,0.12250031530857086,0.9681908488273621,0.6981188654899597
YLR283W,YOR127W,0,-0.7471532,0.12248490750789642,0.9681908488273621,0.6982189416885376
YHR031C,YDR003W,0,-0.7473928,0.12246950715780258,0.9681908488273621,0.6983190178871155
YAL041W,YJR016C,0,-0.74762774,0.12245411425828934,0.9681908488273621,0.6984190344810486
YEL054C,YPR070W,0,-0.7478562,0.12243872135877609,0.9681908488273621,0.6985191106796265
YGR035C,YAR044W,0,-0.7479044,0.12242332845926285,0.9681908488273621,0.6986191868782043
YDL136W,YCR039C,0,-0.7486481,0.1224079430103302,0.9681908488273621,0.6987192034721375
YDR425W,YGL211W,0,-0.74882805,0.12239255756139755,0.9681908488273621,0.6988192796707153
YER120W,YDL017W,0,-0.749683,0.1223771795630455,0.9681908488273621,0.6989193558692932
YPR165W,YAR044W,1,-0.7498534,0.12248744070529938,0.9691848754882812,0.6989193558692932
YLL038C,YAR044W,1,-0.7500837,0.12259766459465027,0.9701789021492004,0.6989193558692932
YGR223C,YNL213C,0,-0.75069803,0.12258226424455643,0.9701789021492004,0.6990194320678711
YKL199C,YOR257W,0,-0.75099075,0.12256687134504318,0.9701789021492004,0.6991194486618042
YLR238W,YIL090W,0,-0.75112486,0.12255147844552994,0.9701789021492004,0.6992195248603821
YKL199C,YLR343W,0,-0.7512442,0.12253609299659729,0.9701789021492004,0.69931960105896
YBL054W,YAL062W,0,-0.75178266,0.12252071499824524,0.9701789021492004,0.6994196772575378
YAL043C,YOR069W,0,-0.7518035,0.12250533699989319,0.9701789021492004,0.699519693851471
YER056C-A,YLR121C,0,-0.752046,0.12248995900154114,0.9701789021492004,0.6996197700500488
YLR099C,YAR044W,0,-0.75272465,0.12247458845376968,0.9701789021492004,0.6997198462486267
YLR364W,YNL098C,0,-0.752757,0.12245922535657883,0.9701789021492004,0.6998198628425598
YDR465C,YDR134C,0,-0.7530815,0.12244386225938797,0.9701789021492004,0.6999199390411377
YGL205W,YOL072W,0,-0.75378585,0.12242849916219711,0.9701789021492004,0.7000200152397156
YOR224C,YPL220W,0,-0.7543024,0.12241314351558685,0.9701789021492004,0.7001200914382935
YOR337W,YPL026C,0,-0.7544651,0.12239779531955719,0.9701789021492004,0.7002201080322266
YER184C,YJR135W-A,0,-0.7545921,0.12238244712352753,0.9701789021492004,0.7003201842308044
YNR045W,YGL039W,0,-0.7546292,0.12236709892749786,0.9701789021492004,0.7004202604293823
YOL103W,YGL258W-A,0,-0.7546812,0.1223517581820488,0.9701789021492004,0.7005203366279602
YML095C,YOL109W,0,-0.755012,0.12233642488718033,0.9701789021492004,0.7006203532218933
YOR237W,YAR044W,1,-0.75562006,0.12244642525911331,0.9711729884147644,0.7006203532218933
YJL219W,YOR014W,0,-0.7558167,0.12243107706308365,0.9711729884147644,0.7007204294204712
YOR265W,YOR211C,0,-0.7567523,0.12241573631763458,0.9711729884147644,0.7008205056190491
YDR107C,YJL221C,0,-0.75702,0.12240040302276611,0.9711729884147644,0.700920581817627
YHR025W,YKR048C,0,-0.7574378,0.12238506972789764,0.9711729884147644,0.7010205984115601
YGL222C,YBR160W,0,-0.75817,0.12236973643302917,0.9711729884147644,0.7011206746101379
YBL082C,YKL116C,0,-0.75873715,0.1223544180393219,0.9711729884147644,0.7012207508087158
YGL089C,YMR247C,0,-0.75893915,0.12233909219503403,0.9711729884147644,0.7013207674026489
YNR027W,YHR167W,0,-0.7590668,0.12232377380132675,0.9711729884147644,0.7014208436012268
YPL068C,YCL047C,0,-0.7597834,0.12230846285820007,0.9711729884147644,0.7015209197998047
YNL217W,YGR272C,0,-0.76031315,0.1222931519150734,0.9711729884147644,0.7016209959983826
YGR104C,YDL120W,0,-0.7603489,0.12227784842252731,0.9711729884147644,0.7017210125923157
YKL011C,YPL257W-A,0,-0.76069295,0.12226254492998123,0.9711729884147644,0.7018210887908936
YDR065W,YNL189W,0,-0.7612632,0.12224724888801575,0.9711729884147644,0.7019211649894714
YDR440W,YBR176W,0,-0.7619246,0.12223195284605026,0.9711729884147644,0.7020212411880493
YJR068W,YPR054W,0,-0.7628067,0.12221666425466537,0.9711729884147644,0.7021212577819824
YJL136C,YJR059W,0,-0.7629463,0.12220137566328049,0.9711729884147644,0.7022213339805603
YOR063W,YDL184C,0,-0.7630106,0.1221860945224762,0.9711729884147644,0.7023214101791382
YGL210W,YOL109W,0,-0.7636844,0.1221708133816719,0.9711729884147644,0.7024214267730713
YHR116W,YAL012W,0,-0.76370895,0.12215553969144821,0.9711729884147644,0.7025215029716492
YLR134W,YPL159C,0,-0.76376295,0.12214026600122452,0.9711729884147644,0.702621579170227
YBR058C-A,YDR116C,0,-0.7640707,0.12212499976158142,0.9711729884147644,0.7027216553688049
YOR384W,YIL145C,0,-0.7641085,0.12210973352193832,0.9711729884147644,0.702821671962738
YJL157C,YBR164C,0,-0.76436377,0.12209447473287582,0.9711729884147644,0.7029217481613159
YBR123C,YPL174C,0,-0.76486254,0.12207922339439392,0.9711729884147644,0.7030218243598938
YEL038W,YJL033W,0,-0.76516914,0.12206396460533142,0.9711729884147644,0.7031219005584717
YPR048W,YJR022W,0,-0.765906,0.12204872071743011,0.9711729884147644,0.7032219171524048
YCL055W,YOR391C,0,-0.7661404,0.12203347682952881,0.9711729884147644,0.7033219933509827
YJL157C,YOL133W,0,-0.7666162,0.1220182329416275,0.9711729884147644,0.7034220695495605
YMR094W,YPR070W,0,-0.7666619,0.1220029965043068,0.9711729884147644,0.7035220861434937
YPR158C-D,YFR041C,0,-0.7666762,0.12198776006698608,0.9711729884147644,0.7036221623420715
YDR126W,YEL050C,0,-0.7670615,0.12197253108024597,0.9711729884147644,0.7037222385406494
YBL078C,YBR092C,0,-0.76741135,0.12195730954408646,0.9711729884147644,0.7038223147392273
YER174C,YGR162W,0,-0.7680831,0.12194208800792694,0.9711729884147644,0.7039223313331604
YHR153C,YNL301C,0,-0.76816237,0.12192686647176743,0.9711729884147644,0.7040224075317383
YKL178C,YDR362C,0,-0.7684902,0.12191165238618851,0.9711729884147644,0.7041224837303162
YNL330C,YOL030W,0,-0.76849544,0.12189644575119019,0.9711729884147644,0.704222559928894
YDR044W,YLR014C,0,-0.7688023,0.12188123911619186,0.9711729884147644,0.7043225765228271
YPL159C,YNL096C,0,-0.7688575,0.12186603248119354,0.9711729884147644,0.704422652721405
YMR247C,YNL112W,0,-0.7698305,0.12185083329677582,0.9711729884147644,0.7045227289199829
YJL190C,YJR068W,0,-0.77011997,0.12183564156293869,0.9711729884147644,0.704622745513916
YBR237W,YDL185W,0,-0.77030075,0.12182044982910156,0.9711729884147644,0.7047228217124939
YDR347W,YMR086W,0,-0.77118003,0.12180525809526443,0.9711729884147644,0.7048228979110718
YOR182C,YPR192W,0,-0.771853,0.1217900738120079,0.9711729884147644,0.7049229741096497
YGL089C,YPL085W,0,-0.7719991,0.12177489697933197,0.9711729884147644,0.7050229907035828
YBR092C,YBR040W,0,-0.7722699,0.12175972014665604,0.9711729884147644,0.7051230669021606
YLR212C,YML095C,0,-0.77278054,0.1217445507645607,0.9711729884147644,0.7052231431007385
YNL242W,YPR098C,0,-0.7728391,0.12172938138246536,0.9711729884147644,0.7053232192993164
YBR267W,YER133W,0,-0.77284133,0.12171421200037003,0.9711729884147644,0.7054232358932495
YNL306W,YEL058W,0,-0.77309084,0.12169905006885529,0.9711729884147644,0.7055233120918274
YKR105C,YOL080C,0,-0.7735151,0.12168389558792114,0.9711729884147644,0.7056233882904053
YOR124C,YEL021W,0,-0.77401614,0.121668741106987,0.9711729884147644,0.7057234048843384
YLR287C-A,YGR061C,0,-0.7751816,0.12165359407663345,0.9711729884147644,0.7058234810829163
YBL020W,YDR400W,0,-0.775568,0.12163844704627991,0.9711729884147644,0.7059235572814941
YMR211W,YPR178W,0,-0.7762295,0.12162330746650696,0.9711729884147644,0.706023633480072
YHR076W,YGL185C,0,-0.7773022,0.12160816788673401,0.9711729884147644,0.7061236500740051
YMR142C,YIL078W,0,-0.7782934,0.12159302830696106,0.9711729884147644,0.706223726272583
YML048W,YDR507C,0,-0.7783332,0.12157789617776871,0.9711729884147644,0.7063238024711609
YBR035C,YPL202C,0,-0.7785051,0.12156277149915695,0.9711729884147644,0.7064238786697388
YPR073C,YGR014W,0,-0.7786697,0.1215476468205452,0.9711729884147644,0.7065238952636719
YLR221C,YFR006W,0,-0.77897084,0.12153252959251404,0.9711729884147644,0.7066239714622498
YLR266C,YHR099W,0,-0.7791549,0.12151741236448288,0.9711729884147644,0.7067240476608276
YKL056C,YHR099W,0,-0.7796452,0.12150230258703232,0.9711729884147644,0.7068241238594055
YKL212W,YLR079W,0,-0.77981484,0.12148719280958176,0.9711729884147644,0.7069241404533386
YJL125C,YLR121C,0,-0.77996695,0.12147209048271179,0.9711729884147644,0.7070242166519165
YPL160W,YOR221C,0,-0.7799981,0.12145698815584183,0.9711729884147644,0.7071242928504944
YPL231W,YJR160C,0,-0.7800696,0.12144188582897186,0.9711729884147644,0.7072243094444275
YLR134W,YNL115C,0,-0.7805741,0.12142679840326309,0.9711729884147644,0.7073243856430054
YMR264W,YER051W,0,-0.7808322,0.12141170352697372,0.9711729884147644,0.7074244618415833
YBL039C,YNL188W,0,-0.7814919,0.12139662355184555,0.9711729884147644,0.7075245380401611
YDL101C,YLR100W,0,-0.7815153,0.12138153612613678,0.9711729884147644,0.7076245546340942
YOR242C,YDR044W,0,-0.7818047,0.1213664561510086,0.9711729884147644,0.7077246308326721
YDL231C,YDR490C,1,-0.7820604,0.12147559225559235,0.9721670150756836,0.7077246308326721
YDR487C,YHL004W,0,-0.78249276,0.12146050482988358,0.9721670150756836,0.70782470703125
YCR028C,YHR073W,1,-0.7836499,0.12156960368156433,0.9731610417366028,0.70782470703125
YMR316W,YJL080C,0,-0.7836696,0.12155450880527496,0.9731610417366028,0.7079247832298279
YOR348C,YML087C,0,-0.7837658,0.1215394139289856,0.9731610417366028,0.708024799823761
YNL311C,YDR169C,0,-0.7844775,0.12152432650327682,0.9731610417366028,0.7081248760223389
YMR314W,YLR038C,0,-0.7848733,0.12150924652814865,0.9731610417366028,0.7082249522209167
YGR009C,YER110C,0,-0.7850363,0.12149416655302048,0.9731610417366028,0.7083249688148499
YAL010C,YPL022W,0,-0.7871176,0.1214790940284729,0.9731610417366028,0.7084250450134277
YLR090W,YML104C,0,-0.78719354,0.12146402150392532,0.9731610417366028,0.7085251212120056
YDL129W,YML088W,0,-0.787261,0.12144894897937775,0.9731610417366028,0.7086251974105835
YJR104C,YIL051C,0,-0.78760695,0.12143388390541077,0.9731610417366028,0.7087252140045166
YLR074C,YGR200C,0,-0.78763384,0.12141882628202438,0.9731610417366028,0.7088252902030945
YDR379W,YER048W-A,0,-0.787662,0.121403768658638,0.9731610417366028,0.7089253664016724
YPR192W,YJL025W,0,-0.78775597,0.12138871848583221,0.9731610417366028,0.7090254426002502
YDL051W,YCR077C,0,-0.7883275,0.12137366831302643,0.9731610417366028,0.7091254591941833
YML085C,YMR302C,0,-0.78848255,0.12135861814022064,0.9731610417366028,0.7092255353927612
YDR376W,YER113C,0,-0.7885487,0.12134358286857605,0.9731610417366028,0.7093256115913391
YHR207C,YNL129W,0,-0.7886859,0.12132854014635086,0.9731610417366028,0.7094256281852722
YKR105C,YDR101C,0,-0.78916967,0.12131350487470627,0.9731610417366028,0.7095257043838501
YJL219W,YPR032W,0,-0.78939366,0.12129847705364227,0.9731610417366028,0.709625780582428
YDR320C-A,YLR074C,0,-0.7894459,0.12128344923257828,0.9731610417366028,0.7097258567810059
YNL280C,YOR257W,0,-0.78971636,0.12126842886209488,0.9731610417366028,0.709825873374939
YNL280C,YGL119W,0,-0.79011905,0.12125340849161148,0.9731610417366028,0.7099259495735168
YJR145C,YJR060W,0,-0.79035836,0.12123838812112808,0.9731610417366028,0.7100260257720947
YKL108W,YHL016C,0,-0.7906319,0.12122337520122528,0.9731610417366028,0.7101261019706726
YDL210W,YPL258C,0,-0.79074407,0.12120836973190308,0.9731610417366028,0.7102261185646057
YJR060W,YNL061W,0,-0.79109234,0.12119336426258087,0.9731610417366028,0.7103261947631836
YOL031C,YAL021C,0,-0.7912333,0.12117836624383926,0.9731610417366028,0.7104262709617615
YOR037W,YNL206C,0,-0.7918519,0.12116336822509766,0.9731610417366028,0.7105262875556946
YIL093C,YCR037C,0,-0.79219115,0.12114837020635605,0.9731610417366028,0.7106263637542725
YGL123W,YGR116W,0,-0.7925533,0.12113337963819504,0.9731610417366028,0.7107264399528503
YDR524C,YDR103W,0,-0.79272765,0.12111839652061462,0.9731610417366028,0.7108265161514282
YNL322C,YLR448W,0,-0.7928267,0.12110341340303421,0.9731610417366028,0.7109265327453613
YLR172C,YOL149W,0,-0.7931378,0.1210884377360344,0.9731610417366028,0.7110266089439392
YMR221C,YOL072W,0,-0.7935109,0.12107346206903458,0.9731610417366028,0.7111266851425171
YKL042W,YPR019W,0,-0.79390657,0.12105848640203476,0.9731610417366028,0.711226761341095
YJL106W,YNL054W-B,0,-0.79452443,0.12104351818561554,0.9731610417366028,0.7113267779350281
YNL128W,YDR501W,0,-0.79453003,0.12102855741977692,0.9731610417366028,0.711426854133606
YOL005C,YPL174C,0,-0.7946906,0.1210135966539383,0.9731610417366028,0.7115269303321838
YGL205W,YPL026C,0,-0.7950188,0.12099864333868027,0.9731610417366028,0.7116269469261169
YEL002C,YLR467W,0,-0.79506534,0.12098369002342224,0.9731610417366028,0.7117270231246948
YNL330C,YER180C,0,-0.79560995,0.12096873670816422,0.9731610417366028,0.7118270993232727
YOL152W,YKL183W,0,-0.79581755,0.12095379084348679,0.9731610417366028,0.7119271755218506
YDR052C,YGR194C,0,-0.79647607,0.12093885242938995,0.9731610417366028,0.7120271921157837
YLR154C,YDR128W,0,-0.79687095,0.12092391401529312,0.9731610417366028,0.7121272683143616
YNL039W,YPR041W,0,-0.7972063,0.12090897560119629,0.9731610417366028,0.7122273445129395
YNR050C,YDL060W,0,-0.7972151,0.12089404463768005,0.9731610417366028,0.7123274207115173
YFL044C,YIL115C,0,-0.79725397,0.12087912112474442,0.9731610417366028,0.7124274373054504
YDR501W,YIL009C-A,0,-0.7975453,0.12086419761180878,0.9731610417366028,0.7125275135040283
YGR188C,YOL147C,0,-0.7986184,0.12084928154945374,0.9731610417366028,0.7126275897026062
YOR046C,YJR143C,0,-0.79950553,0.1208343654870987,0.9731610417366028,0.7127276659011841
YCL069W,YGR075C,0,-0.79957837,0.12081944942474365,0.9731610417366028,0.7128276824951172
YJR098C,YDR038C,0,-0.7997894,0.12080454081296921,0.9731610417366028,0.7129277586936951
YFR032C-A,YJR135C,0,-0.7998883,0.12078963965177536,0.9731610417366028,0.713027834892273
YBR156C,YGR184C,0,-0.79995763,0.12077473104000092,0.9731610417366028,0.713127851486206
YOR096W,YER113C,0,-0.8007932,0.12075983732938766,0.9731610417366028,0.7132279276847839
YPL226W,YPL159C,0,-0.8008317,0.12074494361877441,0.9731610417366028,0.7133280038833618
YER131W,YDL184C,0,-0.8009782,0.12073004990816116,0.9731610417366028,0.7134280800819397
YDR014W,YDR421W,0,-0.80188215,0.12071516364812851,0.9731610417366028,0.7135280966758728
YGL090W,YKL108W,0,-0.8020537,0.12070028483867645,0.9731610417366028,0.7136281728744507
YDR531W,YML005W,0,-0.8029185,0.1206854060292244,0.9731610417366028,0.7137282490730286
YGL035C,YDL195W,0,-0.8031853,0.12067052721977234,0.9731610417366028,0.7138283252716064
YJL198W,YDR298C,0,-0.8035432,0.12065565586090088,0.9731610417366028,0.7139283418655396
YAL023C,YFL039C,0,-0.8040619,0.12064079195261002,0.9731610417366028,0.7140284180641174
YLR419W,YOR242C,0,-0.8043757,0.12062592059373856,0.9731610417366028,0.7141284942626953
YOR096W,YJL090C,0,-0.8045446,0.12061106413602829,0.9731610417366028,0.7142285108566284
YIL093C,YDL051W,0,-0.80479515,0.12059620767831802,0.9731610417366028,0.7143285870552063
YKL178C,YDR228C,0,-0.8053068,0.12058135122060776,0.9731610417366028,0.7144286632537842
YJL097W,YOR269W,0,-0.80537975,0.12056650221347809,0.9731610417366028,0.7145287394523621
YMR128W,YLL011W,0,-0.8055037,0.12055165320634842,0.9731610417366028,0.7146287560462952
YPR036W,YHL016C,0,-0.8060967,0.12053681164979935,0.9731610417366028,0.714728832244873
YLR446W,YOL019W,0,-0.8065883,0.12052197754383087,0.9731610417366028,0.7148289084434509
YDL200C,YHR099W,0,-0.80683655,0.1205071359872818,0.9731610417366028,0.7149289846420288
YPR048W,YOR269W,0,-0.80705786,0.12049230933189392,0.9731610417366028,0.7150290012359619
YIR002C,YER088C,0,-0.8072111,0.12047748267650604,0.9731610417366028,0.7151290774345398
YKR090W,YGR286C,0,-0.80745316,0.12046265602111816,0.9731610417366028,0.7152291536331177
YHR167W,YOR043W,0,-0.80833125,0.12044783681631088,0.9731610417366028,0.7153291702270508
YLR419W,YAL012W,0,-0.80871415,0.1204330176115036,0.9731610417366028,0.7154292464256287
YDL138W,YPL202C,0,-0.8091573,0.12041820585727692,0.9731610417366028,0.7155293226242065
YNL242W,YDR288W,0,-0.8092956,0.12040339410305023,0.9731610417366028,0.7156293988227844
YHL040C,YDR320C-A,0,-0.8096523,0.12038858979940414,0.9731610417366028,0.7157294154167175
YDR115W,YOR044W,0,-0.8105771,0.12037378549575806,0.9731610417366028,0.7158294916152954
YAL041W,YNL162W,0,-0.8107438,0.12035898864269257,0.9731610417366028,0.7159295678138733
YER148W,YDR077W,0,-0.8117895,0.12034419178962708,0.9731610417366028,0.7160296440124512
YEL050C,YNL012W,0,-0.8119072,0.12032940238714218,0.9731610417366028,0.7161296606063843
YNL112W,YPR070W,0,-0.8126821,0.12031461298465729,0.9731610417366028,0.7162297368049622
YML054C,YBR289W,0,-0.81345356,0.12029983103275299,0.9731610417366028,0.71632981300354
YNL280C,YDR170W-A,0,-0.8137349,0.1202850490808487,0.9731610417366028,0.7164298295974731
YJL157C,YDL130W-A,0,-0.81420887,0.1202702671289444,0.9731610417366028,0.716529905796051
YLL013C,YKL011C,0,-0.8142464,0.1202555000782013,0.9731610417366028,0.7166299819946289
YGL128C,YIL126W,0,-0.81459564,0.1202407255768776,0.9731610417366028,0.7167300581932068
YDR228C,YBR105C,0,-0.8148097,0.12022595852613449,0.9731610417366028,0.7168300747871399
YMR188C,YIR023W,0,-0.8151878,0.12021119892597198,0.9731610417366028,0.7169301509857178
YNL077W,YDL112W,0,-0.8160527,0.12019643932580948,0.9731610417366028,0.7170302271842957
YJR104C,YHR089C,0,-0.81606644,0.12018168717622757,0.9731610417366028,0.7171303033828735
YIL172C,YOL077C,0,-0.81619847,0.12016693502664566,0.9731610417366028,0.7172303199768066
YDR219C,YKL042W,0,-0.8182766,0.12015218287706375,0.9731610417366028,0.7173303961753845
YOL139C,YCL075W,0,-0.8186842,0.12013743817806244,0.9731610417366028,0.7174304723739624
YCL055W,YOR343W-A,0,-0.81936336,0.12012270092964172,0.9731610417366028,0.7175304889678955
YIL150C,YHR167W,0,-0.8197852,0.12010796368122101,0.9731610417366028,0.7176305651664734
YMR056C,YGR154C,0,-0.8205849,0.12009322643280029,0.9731610417366028,0.7177306413650513
YJL097W,YOL123W,0,-0.82083744,0.12007849663496017,0.9731610417366028,0.7178307175636292
YDL114W,YNR043W,0,-0.8213854,0.12006377428770065,0.9731610417366028,0.7179307341575623
YLR373C,YKL010C,0,-0.822883,0.12004905194044113,0.9731610417366028,0.7180308103561401
YLR214W,YPR156C,0,-0.823334,0.12003432959318161,0.9731610417366028,0.718130886554718
YEL059C-A,YMR163C,0,-0.8235496,0.12001961469650269,0.9731610417366028,0.7182309627532959
YDR177W,YDR093W,1,-0.8237412,0.12012748420238495,0.974155068397522,0.7182309627532959
YOR150W,YLR014C,0,-0.82452714,0.12011276185512543,0.974155068397522,0.718330979347229
YHR031C,YLR139C,0,-0.82485086,0.1200980395078659,0.974155068397522,0.7184310555458069
YCR081W,YMR285C,0,-0.8262438,0.12008332461118698,0.974155068397522,0.7185311317443848
YJL129C,YBR175W,0,-0.82651687,0.12006860971450806,0.974155068397522,0.7186312079429626
YCL055W,YML081C-A,0,-0.82653385,0.12005390226840973,0.974155068397522,0.7187312245368958
YOR179C,YLR109W,0,-0.8267318,0.1200391948223114,0.974155068397522,0.7188313007354736
YFR037C,YGR014W,0,-0.8267987,0.12002449482679367,0.974155068397522,0.7189313769340515
YJR155W,YOR306C,0,-0.826948,0.12000979483127594,0.974155068397522,0.7190313935279846
YCL063W,YKR009C,0,-0.8275888,0.1199951022863388,0.974155068397522,0.7191314697265625
YNL330C,YGL090W,0,-0.8280196,0.11998040974140167,0.974155068397522,0.7192315459251404
YML129C,YNL046W,0,-0.8284038,0.11996572464704514,0.974155068397522,0.7193316221237183
YBR213W,YKL212W,0,-0.8285321,0.1199510395526886,0.974155068397522,0.7194316387176514
YDL030W,YIL136W,0,-0.8287515,0.11993636190891266,0.974155068397522,0.7195317149162292
YPR005C,YNL244C,0,-0.82907593,0.11992168426513672,0.974155068397522,0.7196317911148071
YIL109C,YKL024C,0,-0.8292009,0.11990701407194138,0.974155068397522,0.719731867313385
YNL301C,YBR105C,0,-0.82972,0.11989234387874603,0.974155068397522,0.7198318839073181
YDL120W,YDL051W,0,-0.8311132,0.11987767368555069,0.974155068397522,0.719931960105896
YDR376W,YER147C,0,-0.8313134,0.11986301094293594,0.974155068397522,0.7200320363044739
YJR097W,YNL310C,0,-0.83135146,0.1198483556509018,0.974155068397522,0.720132052898407
YBR097W,YDR101C,0,-0.8316631,0.11983370035886765,0.974155068397522,0.7202321290969849
YMR070W,YGR274C,0,-0.8316846,0.1198190450668335,0.974155068397522,0.7203322052955627
YMR094W,YOL123W,0,-0.83172387,0.11980440467596054,0.974155068397522,0.7204322814941406
YJL198W,YIL115C,0,-0.8330444,0.11978975683450699,0.974155068397522,0.7205322980880737
YBR231C,YIR023W,0,-0.8330612,0.11977511644363403,0.974155068397522,0.7206323742866516
YIR023W,YFR007W,0,-0.8331437,0.11976047605276108,0.974155068397522,0.7207324504852295
YPR048W,YML095C,0,-0.83361495,0.11974584311246872,0.974155068397522,0.7208325266838074
YHR116W,YMR122W-A,0,-0.8337589,0.11973121762275696,0.974155068397522,0.7209325432777405
YBL021C,YDL065C,0,-0.8339336,0.1197165921330452,0.974155068397522,0.7210326194763184
YHL024W,YMR221C,0,-0.83428365,0.11970196664333344,0.974155068397522,0.7211326956748962
YDR036C,YNL119W,0,-0.8343587,0.11968734860420227,0.974155068397522,0.7212327122688293
YNL210W,YDR247W,0,-0.8345796,0.1196727305650711,0.974155068397522,0.7213327884674072
YMR043W,YER112W,0,-0.83510983,0.11965811997652054,0.974155068397522,0.7214328646659851
YBR012W-B,YOR044W,0,-0.8358412,0.11964350938796997,0.974155068397522,0.721532940864563
YDR139C,YGR071C,0,-0.8360424,0.11962890625,0.974155068397522,0.7216329574584961
YKR061W,YMR312W,0,-0.8361047,0.11961430311203003,0.974155068397522,0.721733033657074
YDR224C,YCR004C,0,-0.83634484,0.11959970742464066,0.974155068397522,0.7218331098556519
YLR459W,YJR068W,0,-0.8365265,0.11958511173725128,0.974155068397522,0.7219331860542297
YJL052W,YLR467W,0,-0.83671546,0.1195705235004425,0.974155068397522,0.7220332026481628
YPR137C-B,YJL148W,0,-0.83703005,0.11955593526363373,0.974155068397522,0.7221332788467407
YOR381W,YHR013C,0,-0.83734167,0.11954135447740555,0.974155068397522,0.7222333550453186
YJL019W,YJL090C,0,-0.83867025,0.11952677369117737,0.974155068397522,0.7223333716392517
YGR063C,YMR071C,0,-0.8387581,0.11951219290494919,0.974155068397522,0.7224334478378296
YOL140W,YOL149W,0,-0.8388468,0.1194976195693016,0.974155068397522,0.7225335240364075
YJL219W,YGR014W,0,-0.8389251,0.11948305368423462,0.974155068397522,0.7226336002349854
YEL059C-A,YLL038C,0,-0.83934677,0.11946848779916763,0.974155068397522,0.7227336168289185
YLR214W,YGL035C,0,-0.83985114,0.11945392191410065,0.974155068397522,0.7228336930274963
YDR253C,YHR160C,0,-0.8401843,0.11943936347961426,0.974155068397522,0.7229337692260742
YML015C,YGL227W,0,-0.8406341,0.11942481249570847,0.974155068397522,0.7230338454246521
YOR063W,YDL017W,0,-0.8411354,0.11941026151180267,0.974155068397522,0.7231338620185852
YDR315C,YEL061C,0,-0.8413914,0.11939571052789688,0.974155068397522,0.7232339382171631
YLR126C,YDR177W,0,-0.8414329,0.11938116699457169,0.974155068397522,0.723334014415741
YML015C,YML113W,0,-0.84150726,0.11936662346124649,0.974155068397522,0.7234340310096741
YOL157C,YKL056C,0,-0.84320426,0.11935208737850189,0.974155068397522,0.723534107208252
YPL060W,YGL222C,0,-0.8441541,0.1193375512957573,0.974155068397522,0.7236341834068298
YMR070W,YBR159W,0,-0.8451302,0.11932302266359329,0.974155068397522,0.7237342596054077
YOL067C,YDR425W,0,-0.84527767,0.11930849403142929,0.974155068397522,0.7238342761993408
YHL047C,YPL085W,0,-0.8457785,0.11929397284984589,0.974155068397522,0.7239343523979187
YHR207C,YDR086C,0,-0.84610695,0.11927945166826248,0.974155068397522,0.7240344285964966
YJL046W,YPR070W,0,-0.8471798,0.11926493793725967,0.974155068397522,0.7241345047950745
YDR239C,YGR116W,0,-0.8472693,0.11925042420625687,0.974155068397522,0.7242345213890076
YLR448W,YKL212W,0,-0.84761786,0.11923591792583466,0.974155068397522,0.7243345975875854
YER095W,YGL251C,0,-0.8494863,0.11922141164541245,0.974155068397522,0.7244346737861633
YML043C,YOR221C,0,-0.8495842,0.11920691281557083,0.974155068397522,0.7245347499847412
YOL156W,YPL028W,0,-0.8497807,0.11919241398572922,0.974155068397522,0.7246347665786743
YNR027W,YDR298C,0,-0.84993255,0.1191779151558876,0.974155068397522,0.7247348427772522
YPL019C,YCR037C,0,-0.8501754,0.11916342377662659,0.974155068397522,0.7248349189758301
YIL111W,YPL160W,0,-0.8505944,0.11914893984794617,0.974155068397522,0.7249349355697632
YOL152W,YCL075W,0,-0.85072255,0.11913444846868515,0.974155068397522,0.7250350117683411
YOR384W,YKR038C,0,-0.8514099,0.11911997199058533,0.974155068397522,0.725135087966919
YDL120W,YPL194W,0,-0.8523397,0.1191054955124855,0.974155068397522,0.7252351641654968
YOL133W,YBR213W,0,-0.85246825,0.11909101903438568,0.974155068397522,0.7253351807594299
YKL183W,YIL112W,0,-0.852542,0.11907655000686646,0.974155068397522,0.7254352569580078
YLR098C,YIL078W,0,-0.853592,0.11906208097934723,0.974155068397522,0.7255353331565857
YLR266C,YGR223C,0,-0.85381615,0.1190476194024086,0.974155068397522,0.7256354093551636
YOR037W,YLR448W,0,-0.8542442,0.11903315782546997,0.974155068397522,0.7257354259490967
YBR160W,YPL123C,0,-0.8543306,0.11901870369911194,0.974155068397522,0.7258355021476746
YLR418C,YMR023C,0,-0.85452044,0.1190042495727539,0.974155068397522,0.7259355783462524
YGR104C,YNL128W,0,-0.8550226,0.11898980289697647,0.974155068397522,0.7260355949401855
YGL227W,YBR040W,0,-0.85527986,0.11897535622119904,0.974155068397522,0.7261356711387634
YPL269W,YIL160C,0,-0.8553134,0.1189609095454216,0.974155068397522,0.7262357473373413
YLR086W,YGL031C,0,-0.85610044,0.11894647777080536,0.974155068397522,0.7263358235359192
YDR320C-A,YER161C,0,-0.8561502,0.11893203854560852,0.974155068397522,0.7264358401298523
YER083C,YLR139C,0,-0.8565433,0.11891760677099228,0.974155068397522,0.7265359163284302
YDR320C-A,YFL039C,0,-0.8568847,0.11890318244695663,0.974155068397522,0.7266359925270081
YER045C,YAL025C,0,-0.8574134,0.1188887506723404,0.974155068397522,0.7267360687255859
YDR253C,YER070W,0,-0.85766894,0.11887433379888535,0.974155068397522,0.726836085319519
YBR084W,YDR487C,0,-0.8582474,0.1188599169254303,0.974155068397522,0.7269361615180969
YDR320C-A,YDR380W,0,-0.85834265,0.11884550005197525,0.974155068397522,0.7270362377166748
YNL012W,YER030W,0,-0.86008763,0.1188310906291008,0.974155068397522,0.7271362543106079
YER087C-A,YDR420W,0,-0.8601207,0.11881668120622635,0.974155068397522,0.7272363305091858
YJL153C,YER044C,0,-0.86020076,0.1188022792339325,0.974155068397522,0.7273364067077637
YCL075W,YPL048W,0,-0.8607924,0.11878787726163864,0.974155068397522,0.7274364829063416
YHR028C,YKR037C,0,-0.86094356,0.11877348273992538,0.974155068397522,0.7275364995002747
YDR283C,YDR118W,0,-0.86157155,0.11875908821821213,0.974155068397522,0.7276365756988525
YFR005C,YLL001W,0,-0.86226666,0.11874470114707947,0.974155068397522,0.7277366518974304
YDR320C-A,YJR076C,0,-0.86374176,0.11873031407594681,0.974155068397522,0.7278367280960083
YML125C,YMR127C,0,-0.86402303,0.11871592700481415,0.974155068397522,0.7279367446899414
YGR191W,YBR164C,0,-0.86429626,0.11870154738426208,0.974155068397522,0.7280368208885193
YOR242C,YHR011W,0,-0.8658267,0.11868717521429062,0.974155068397522,0.7281368970870972
YNL112W,YLR032W,0,-0.8659048,0.11867280304431915,0.974155068397522,0.7282369136810303
YGL213C,YAR007C,0,-0.86593294,0.11865843087434769,0.974155068397522,0.7283369898796082
YMR211W,YDR120C,0,-0.866022,0.11864406615495682,0.974155068397522,0.728437066078186
YER096W,YDR047W,0,-0.86625934,0.11862970888614655,0.974155068397522,0.7285371422767639
YMR166C,YPL144W,0,-0.8665458,0.11861534416675568,0.974155068397522,0.728637158870697
YCL055W,YGR241C,0,-0.86658794,0.118600994348526,0.974155068397522,0.7287372350692749
YDR320C-A,YIR015W,0,-0.8668201,0.11858664453029633,0.974155068397522,0.7288373112678528
YBR166C,YAL025C,0,-0.86889356,0.11857229471206665,0.974155068397522,0.7289373874664307
YER120W,YPR070W,0,-0.86919564,0.11855794489383698,0.974155068397522,0.7290374040603638
YPL051W,YHR207C,0,-0.869835,0.1185436099767685,0.974155068397522,0.7291374802589417
YDR107C,YGR154C,0,-0.87016475,0.11852926760911942,0.974155068397522,0.7292375564575195
YER029C,YGR135W,0,-0.8708365,0.11851493269205093,0.974155068397522,0.7293375730514526
YBR264C,YGR071C,0,-0.8709896,0.11850060522556305,0.974155068397522,0.7294376492500305
YER180C,YGR200C,0,-0.8717016,0.11848627775907516,0.974155068397522,0.7295377254486084
YML104C,YLR032W,0,-0.87187225,0.11847195029258728,0.974155068397522,0.7296378016471863
YDR320C-A,YGR154C,0,-0.8729358,0.11845763027667999,0.974155068397522,0.7297378182411194
YLR385C,YGL123W,0,-0.87325025,0.1184433177113533,0.974155068397522,0.7298378944396973
YDR177W,YGL227W,0,-0.8732763,0.11842900514602661,0.974155068397522,0.7299379706382751
YDL127W,YMR152W,0,-0.87415946,0.11841469258069992,0.974155068397522,0.730038046836853
YLR192C,YAL020C,0,-0.874396,0.11840038746595383,0.974155068397522,0.7301380634307861
YJR009C,YMR012W,0,-0.87446773,0.11838608235120773,0.974155068397522,0.730238139629364
YOR391C,YIL160C,0,-0.8751562,0.11837178468704224,0.974155068397522,0.7303382158279419
YML027W,YIL172C,0,-0.8759689,0.11835748702287674,0.974155068397522,0.7304382920265198
YCL055W,YBR297W,0,-0.8773067,0.11834319680929184,0.974155068397522,0.7305383086204529
YIL051C,YLL001W,0,-0.8779667,0.11832890659570694,0.974155068397522,0.7306383848190308
YEL059C-A,YHR167W,0,-0.879217,0.11831462383270264,0.974155068397522,0.7307384610176086
YLR192C,YNL301C,0,-0.8797879,0.11830034106969833,0.974155068397522,0.7308384776115417
YMR171C,YBR055C,0,-0.8799012,0.11828605830669403,0.974155068397522,0.7309385538101196
YCR092C,YOR044W,0,-0.8804127,0.11827178299427032,0.974155068397522,0.7310386300086975
YLR204W,YJR045C,0,-0.8805735,0.11825751513242722,0.974155068397522,0.7311387062072754
YDL115C,YBL090W,0,-0.8811636,0.11824323982000351,0.974155068397522,0.7312387228012085
YKL059C,YIR015W,0,-0.8812739,0.118228979408741,0.974155068397522,0.7313387989997864
YOR034C,YDL231C,1,-0.88148344,0.11833534389734268,0.9751490950584412,0.7313387989997864
YHR105W,YPL226W,0,-0.8818967,0.11832106858491898,0.9751490950584412,0.7314388751983643
YBR207W,YLL038C,1,-0.88215995,0.11842740327119827,0.9761431217193604,0.7314388751983643
YGL213C,YER112W,0,-0.88236934,0.11841312050819397,0.9761431217193604,0.7315389513969421
YOR373W,YGR286C,0,-0.88291997,0.11839884519577026,0.9761431217193604,0.7316389679908752
YOL157C,YGR200C,0,-0.88365126,0.11838456988334656,0.9761431217193604,0.7317390441894531
YOR290C,YER126C,0,-0.88425934,0.11837030202150345,0.9761431217193604,0.731839120388031
YOR151C,YLL038C,0,-0.88439846,0.11835603415966034,0.9761431217193604,0.7319391369819641
YBL021C,YGR262C,0,-0.88459206,0.11834176629781723,0.9761431217193604,0.732039213180542
YMR257C,YLR127C,0,-0.8846638,0.11832750588655472,0.9761431217193604,0.7321392893791199
YDR421W,YDR313C,0,-0.8846669,0.1183132529258728,0.9761431217193604,0.7322393655776978
YPL068C,YPR047W,0,-0.88499725,0.11829899996519089,0.9761431217193604,0.7323393821716309
YJL164C,YGR061C,0,-0.88554823,0.11828474700450897,0.9761431217193604,0.7324394583702087
YJL065C,YLR276C,0,-0.8858454,0.11827050149440765,0.9761431217193604,0.7325395345687866
YJL080C,YPL085W,0,-0.8861762,0.11825626343488693,0.9761431217193604,0.7326396107673645
YOR308C,YPR031W,0,-0.88681823,0.11824202537536621,0.9761431217193604,0.7327396273612976
YOL065C,YML005W,0,-0.88825595,0.11822778731584549,0.9761431217193604,0.7328397035598755
YGR159C,YNR020C,0,-0.8890374,0.11821355670690536,0.9761431217193604,0.7329397797584534
YDL067C,YDR420W,0,-0.88964283,0.11819932609796524,0.9761431217193604,0.7330397963523865
YBL074C,YLR306W,0,-0.8896556,0.11818510293960571,0.9761431217193604,0.7331398725509644
YMR166C,YBL037W,0,-0.88985586,0.11817087978124619,0.9761431217193604,0.7332399487495422
YBR058C,YCL031C,0,-0.8905561,0.11815665662288666,0.9761431217193604,0.7333400249481201
YGR263C,YBR084W,0,-0.8909772,0.11814244836568832,0.9761431217193604,0.7334400415420532
YCL066W,YML088W,0,-0.8911347,0.1181282326579094,0.9761431217193604,0.7335401177406311
YGL089C,YJR143C,0,-0.8913843,0.11811402440071106,0.9761431217193604,0.733640193939209
YGL222C,YDR093W,0,-0.8914979,0.11809981614351273,0.9761431217193604,0.7337402701377869
YDR320C-A,YNL166C,0,-0.8922163,0.11808561533689499,0.9761431217193604,0.73384028673172
YER174C,YER053C,0,-0.8927249,0.11807142198085785,0.9761431217193604,0.7339403629302979
YJR025C,YNL128W,0,-0.89325345,0.11805722862482071,0.9761431217193604,0.7340404391288757
YOR047C,YKL010C,0,-0.8936262,0.11804303526878357,0.9761431217193604,0.7341404557228088
YNL310C,YAL044C,0,-0.8936416,0.11802884936332703,0.9761431217193604,0.7342405319213867
YBR267W,YML088W,0,-0.89386344,0.11801466345787048,0.9761431217193604,0.7343406081199646
YLR188W,YDR318W,0,-0.8938781,0.11800047755241394,0.9761431217193604,0.7344406843185425
YNL242W,YCR098C,0,-0.8947867,0.11798630654811859,0.9761431217193604,0.7345407009124756
YPL060W,YJL008C,0,-0.89490545,0.11797212809324265,0.9761431217193604,0.7346407771110535
YJR015W,YHR070W,0,-0.89495623,0.1179579570889473,0.9761431217193604,0.7347408533096313
YNL077W,YPL174C,0,-0.8952026,0.11794379353523254,0.9761431217193604,0.7348409295082092
YMR264W,YLR357W,0,-0.89532304,0.11792962998151779,0.9761431217193604,0.7349409461021423
YML124C,YPL269W,0,-0.8954594,0.11791546642780304,0.9761431217193604,0.7350410223007202
YLR381W,YLR438C-A,0,-0.8955707,0.11790131032466888,0.9761431217193604,0.7351410984992981
YGL003C,YPL090C,0,-0.8956547,0.11788715422153473,0.9761431217193604,0.7352411150932312
YBL103C,YGR191W,0,-0.89629704,0.11787300556898117,0.9761431217193604,0.7353411912918091
YDL080C,YLR154C,0,-0.89642394,0.11785885691642761,0.9761431217193604,0.735441267490387
YJR135C,YDR447C,0,-0.89644045,0.11784471571445465,0.9761431217193604,0.7355413436889648
YMR224C,YDR313C,0,-0.8966398,0.11783057451248169,0.9761431217193604,0.735641360282898
YBR237W,YPR049C,0,-0.89721406,0.11781643331050873,0.9761431217193604,0.7357414364814758
YDR363W-A,YML060W,0,-0.8976511,0.11780229955911636,0.9761431217193604,0.7358415126800537
YBL022C,YOR244W,0,-0.89796233,0.1177881732583046,0.9761431217193604,0.7359415888786316
YBR058C-A,YLR014C,0,-0.89839804,0.11777404695749283,0.9761431217193604,0.7360416054725647
YDR510W,YDR101C,0,-0.8986894,0.11775992065668106,0.9761431217193604,0.7361416816711426
YDR177W,YLR056W,1,-0.8989839,0.11786570399999619,0.9771371483802795,0.7361416816711426
YBR205W,YFL037W,0,-0.89909655,0.11785157769918442,0.9771371483802795,0.7362417578697205
YJL056C,YEL050C,0,-0.8992249,0.11783745139837265,0.9771371483802795,0.7363418340682983
YDR320C-A,YKL183W,0,-0.89971983,0.11782332509756088,0.9771371483802795,0.7364418506622314
YLR283W,YIL039W,0,-0.89983046,0.11780920624732971,0.9771371483802795,0.7365419268608093
YJR001W,YER082C,0,-0.90005183,0.11779508739709854,0.9771371483802795,0.7366420030593872
YIL111W,YGL031C,0,-0.90005827,0.11778097599744797,0.9771371483802795,0.7367420196533203
YHR027C,YBR264C,0,-0.900103,0.1177668645977974,0.9771371483802795,0.7368420958518982
YPR184W,YCL057C-A,0,-0.9001091,0.11775275319814682,0.9771371483802795,0.7369421720504761
YPL059W,YDR101C,0,-0.9009664,0.11773864924907684,0.9771371483802795,0.737042248249054
YLR127C,YDL067C,0,-0.9013127,0.11772455275058746,0.9771371483802795,0.7371422648429871
YBR041W,YLR212C,0,-0.9017808,0.11771045625209808,0.9771371483802795,0.7372423410415649
YAR015W,YHR023W,0,-0.901784,0.1176963597536087,0.9771371483802795,0.7373424172401428
YKL088W,YBL069W,0,-0.9024153,0.11768227070569992,0.9771371483802795,0.7374424934387207
YPL271W,YJL190C,0,-0.90295506,0.11766818165779114,0.9771371483802795,0.7375425100326538
YGR124W,YDR443C,0,-0.9030797,0.11765410006046295,0.9771371483802795,0.7376425862312317
YJR135W-A,YNL244C,0,-0.9031577,0.11764001846313477,0.9771371483802795,0.7377426624298096
YOR039W,YDR400W,0,-0.9032688,0.11762594431638718,0.9771371483802795,0.7378426790237427
YJR160C,YNL149C,0,-0.90361154,0.11761187016963959,0.9771371483802795,0.7379427552223206
YLR142W,YPL060W,0,-0.9041079,0.117597796022892,0.9771371483802795,0.7380428314208984
YKL135C,YOL140W,0,-0.9042083,0.117583729326725,0.9771371483802795,0.7381429076194763
YJR066W,YDR315C,0,-0.90483487,0.11756967008113861,0.9771371483802795,0.7382429242134094
YMR051C,YGR075C,0,-0.9058029,0.11755561083555222,0.9771371483802795,0.7383430004119873
YGL035C,YCR054C,0,-0.9058141,0.11754155158996582,0.9771371483802795,0.7384430766105652
YHL024W,YLR212C,0,-0.9061711,0.11752749979496002,0.9771371483802795,0.7385431528091431
YLR287C-A,YOL002C,0,-0.90658206,0.11751344799995422,0.9771371483802795,0.7386431694030762
YGL210W,YPL194W,0,-0.90717983,0.11749940365552902,0.9771371483802795,0.738743245601654
YAR015W,YCL075W,0,-0.9073128,0.11748535931110382,0.9771371483802795,0.7388433218002319
YOL005C,YGR006W,0,-0.9084656,0.11747132241725922,0.9771371483802795,0.738943338394165
YBR055C,YMR037C,0,-0.90850294,0.11745728552341461,0.9771371483802795,0.7390434145927429
YPR048W,YPR122W,0,-0.908575,0.11744324862957001,0.9771371483802795,0.7391434907913208
YER036C,YNL207W,0,-0.90889657,0.117429219186306,0.9771371483802795,0.7392435669898987
YHR086W,YNL189W,0,-0.9089165,0.11741519719362259,0.9771371483802795,0.7393435835838318
YBR105C,YCR037C,0,-0.90894425,0.11740116775035858,0.9771371483802795,0.7394436597824097
YHR153C,YBL069W,0,-0.9093392,0.11738715320825577,0.9771371483802795,0.7395437359809875
YKL143W,YLR276C,0,-0.90961504,0.11737313121557236,0.9771371483802795,0.7396438121795654
YAL020C,YML085C,0,-0.91010535,0.11735912412405014,0.9771371483802795,0.7397438287734985
YDR334W,YHR086W,0,-0.9102407,0.11734510958194733,0.9771371483802795,0.7398439049720764
YJL157C,YOL080C,0,-0.9103199,0.11733110249042511,0.9771371483802795,0.7399439811706543
YLR283W,YER120W,0,-0.9103525,0.11731710284948349,0.9771371483802795,0.7400439977645874
YDR065W,YML063W,0,-0.91144955,0.11730310320854187,0.9771371483802795,0.7401440739631653
YNR043W,YDR228C,0,-0.9125582,0.11728910356760025,0.9771371483802795,0.7402441501617432
YNL129W,YKL021C,0,-0.9127966,0.11727511137723923,0.9771371483802795,0.740344226360321
YIL111W,YLR438C-A,0,-0.9129493,0.1172611266374588,0.9771371483802795,0.7404442429542542
YCR053W,YDL231C,1,-0.9130358,0.11736641079187393,0.9781312346458435,0.7404442429542542
YAL023C,YOR063W,0,-0.9139292,0.11735241860151291,0.9781312346458435,0.740544319152832
YDR424C,YOR356W,0,-0.9144113,0.11733841896057129,0.9781312346458435,0.7406443953514099
YIL111W,YCR040W,0,-0.9154179,0.11732443422079086,0.9781312346458435,0.7407444715499878
YOL156W,YNL119W,0,-0.9154602,0.11731044203042984,0.9781312346458435,0.7408444881439209
YOL157C,YDL017W,0,-0.91595626,0.11729645729064941,0.9781312346458435,0.7409445643424988
YLR142W,YGR062C,0,-0.91596925,0.11728248000144958,0.9781312346458435,0.7410446405410767
YLR214W,YLR097C,0,-0.91705465,0.11726850271224976,0.9781312346458435,0.7411446571350098
YML129C,YMR257C,0,-0.91730756,0.11725452542304993,0.9781312346458435,0.7412447333335876
YGL128C,YMR022W,0,-0.91935265,0.1172405555844307,0.9781312346458435,0.7413448095321655
YBR159W,YGL222C,0,-0.91986203,0.11722659319639206,0.9781312346458435,0.7414448857307434
YOR143C,YPL033C,0,-0.9199064,0.11721262335777283,0.9781312346458435,0.7415449023246765
YJR025C,YER106W,0,-0.91995764,0.11719866842031479,0.9781312346458435,0.7416449785232544
YGL120C,YBR123C,0,-0.92087823,0.11718470603227615,0.9781312346458435,0.7417450547218323
YDR487C,YPL155C,0,-0.92303747,0.11717075854539871,0.9781312346458435,0.7418451309204102
YGL210W,YDR003W,0,-0.9235184,0.11715680360794067,0.9781312346458435,0.7419451475143433
YOL139C,YLR158C,0,-0.92381334,0.11714285612106323,0.9781312346458435,0.7420452237129211
YDR077W,YOR221C,0,-0.92388725,0.11712891608476639,0.9781312346458435,0.742145299911499
YGL119W,YLR078C,0,-0.92423165,0.11711497604846954,0.9781312346458435,0.7422453761100769
YOR175C,YDR440W,0,-0.9250712,0.1171010360121727,0.9781312346458435,0.74234539270401
YGR263C,YAL023C,0,-0.9259429,0.11708710342645645,0.9781312346458435,0.7424454689025879
YAL010C,YGR263C,0,-0.92664003,0.1170731708407402,0.9781312346458435,0.7425455451011658
YJL048C,YOL139C,0,-0.92717737,0.11705924570560455,0.9781312346458435,0.7426455616950989
YDR356W,YBR084W,0,-0.92758644,0.1170453205704689,0.9781312346458435,0.7427456378936768
YDR347W,YBL103C,0,-0.92769873,0.11703139543533325,0.9781312346458435,0.7428457140922546
YHR028C,YMR094W,0,-0.92777944,0.1170174777507782,0.9781312346458435,0.7429457902908325
YFR032C-A,YGR156W,0,-0.9280993,0.11700356751680374,0.9781312346458435,0.7430458068847656
YGL090W,YDR298C,0,-0.9290985,0.11698965728282928,0.9781312346458435,0.7431458830833435
YDL051W,YNL185C,0,-0.92919993,0.11697574704885483,0.9781312346458435,0.7432459592819214
YDR523C,YBL021C,0,-0.9293316,0.11696184426546097,0.9781312346458435,0.7433460354804993
YIR002C,YOR269W,0,-0.9293504,0.11694794148206711,0.9781312346458435,0.7434460520744324
YDR347W,YJL108C,0,-0.92986995,0.11693404614925385,0.9781312346458435,0.7435461282730103
YLR048W,YOL080C,0,-0.930218,0.11692015081644058,0.9781312346458435,0.7436462044715881
YDR299W,YPR096C,0,-0.9305901,0.11690626293420792,0.9781312346458435,0.7437462210655212
YBR245C,YHR010W,0,-0.9310116,0.11689237505197525,0.9781312346458435,0.7438462972640991
YGR292W,YNL248C,0,-0.93133813,0.11687848716974258,0.9781312346458435,0.743946373462677
YMR223W,YCL066W,0,-0.9314295,0.11686460673809052,0.9781312346458435,0.7440464496612549
YGR058W,YGL136C,0,-0.93195903,0.11685073375701904,0.9781312346458435,0.744146466255188
YDR279W,YOR326W,0,-0.9331569,0.11683685332536697,0.9781312346458435,0.7442465424537659
YML015C,YHR184W,0,-0.9336733,0.1168229877948761,0.9781312346458435,0.7443466186523438
YAL008W,YGL059W,0,-0.93425536,0.11680911481380463,0.9781312346458435,0.7444466948509216
YIL070C,YML060W,0,-0.93449056,0.11679524928331375,0.9781312346458435,0.7445467114448547
YKL089W,YER126C,0,-0.936128,0.11678139120340347,0.9781312346458435,0.7446467876434326
YGR188C,YNR047W,0,-0.936131,0.1167675331234932,0.9781312346458435,0.7447468638420105
YDL190C,YNR016C,0,-0.936265,0.11675367504358292,0.9781312346458435,0.7448468804359436
YDL108W,YPL186C,0,-0.9363353,0.11673982441425323,0.9781312346458435,0.7449469566345215
YLR086W,YJL164C,0,-0.93634593,0.11672598123550415,0.9781312346458435,0.7450470328330994
YER173W,YML088W,0,-0.93681324,0.11671213060617447,0.9781312346458435,0.7451471090316772
YOL003C,YNL206C,0,-0.93720895,0.11669829487800598,0.9781312346458435,0.7452471256256104
YNL049C,YKL154W,0,-0.9376714,0.1166844516992569,0.9781312346458435,0.7453472018241882
YFR005C,YDL017W,0,-0.937884,0.11667061597108841,0.9781312346458435,0.7454472780227661
YPL177C,YDL075W,0,-0.93803257,0.11665678769350052,0.9781312346458435,0.745547354221344
YDR060W,YER180C,0,-0.9383967,0.11664295941591263,0.9781312346458435,0.7456473708152771
YNL112W,YJL062W,0,-0.9385244,0.11662913113832474,0.9781312346458435,0.745747447013855
YER174C,YJL102W,0,-0.9393167,0.11661531031131744,0.9781312346458435,0.7458475232124329
YHR206W,YNL166C,0,-0.9394821,0.11660148948431015,0.9781312346458435,0.745947539806366
YPL090C,YHL004W,0,-0.93983877,0.11658767610788345,0.9781312346458435,0.7460476160049438
YDR501W,YBR283C,0,-0.9408432,0.11657386273145676,0.9781312346458435,0.7461476922035217
YDR270W,YBR084W,0,-0.9409842,0.11656005680561066,0.9781312346458435,0.7462477684020996
YDR253C,YJR135W-A,0,-0.9418438,0.11654625087976456,0.9781312346458435,0.7463477849960327
YKR038C,YLR147C,0,-0.94220257,0.11653245240449905,0.9781312346458435,0.7464478611946106
YGR088W,YDL043C,0,-0.94233084,0.11651864647865295,0.9781312346458435,0.7465479373931885
YBR176W,YLL001W,0,-0.9423559,0.11650485545396805,0.9781312346458435,0.7466480135917664
YNL280C,YBR237W,0,-0.9423814,0.11649106442928314,0.9781312346458435,0.7467480301856995
YMR292W,YLR207W,0,-0.9429348,0.11647727340459824,0.9781312346458435,0.7468481063842773
YDR440W,YJL097W,0,-0.94295716,0.11646348983049393,0.9781312346458435,0.7469481825828552
YER140W,YKL143W,0,-0.94333285,0.11644970625638962,0.9781312346458435,0.7470481991767883
YNR070W,YLL038C,0,-0.9437038,0.11643592268228531,0.9781312346458435,0.7471482753753662
YER148W,YJL073W,0,-0.9447026,0.1164221465587616,0.9781312346458435,0.7472483515739441
YMR223W,YML063W,0,-0.9453763,0.11640837788581848,0.9781312346458435,0.747348427772522
YMR264W,YBR267W,0,-0.94600755,0.11639460921287537,0.9781312346458435,0.7474484443664551
YMR088C,YER161C,0,-0.9461442,0.11638084053993225,0.9781312346458435,0.747548520565033
YOR373W,YNL098C,0,-0.9461497,0.11636707931756973,0.9781312346458435,0.7476485967636108
YJR025C,YAR018C,0,-0.94619524,0.11635331809520721,0.9781312346458435,0.7477486729621887
YBR289W,YDR288W,0,-0.9462116,0.1163395568728447,0.9781312346458435,0.7478486895561218
YDR320C-A,YBL020W,0,-0.94651484,0.11632581055164337,0.9781312346458435,0.7479487657546997
YLR343W,YKL116C,0,-0.9472307,0.11631205677986145,0.9781312346458435,0.7480488419532776
YAL041W,YPL095C,0,-0.94805986,0.11629831045866013,0.9781312346458435,0.7481489181518555
YIL125W,YMR086W,0,-0.9484182,0.1162845641374588,0.9781312346458435,0.7482489347457886
YIL039W,YER106W,0,-0.94848746,0.11627082526683807,0.9781312346458435,0.7483490109443665
YLR448W,YOR269W,0,-0.9510624,0.11625708639621735,0.9781312346458435,0.7484490871429443
YBR207W,YIR023W,0,-0.95134217,0.11624335497617722,0.9781312346458435,0.7485491037368774
YGL035C,YNL268W,0,-0.9516277,0.11622962355613708,0.9781312346458435,0.7486491799354553
YJR145C,YER126C,0,-0.9516351,0.11621589958667755,0.9781312346458435,0.7487492561340332
YBR283C,YML063W,0,-0.9517689,0.11620217561721802,0.9781312346458435,0.7488493323326111
YJL102W,YDL180W,0,-0.95236146,0.11618845164775848,0.9781312346458435,0.7489493489265442
YML005W,YAL058W,0,-0.952798,0.11617473512887955,0.9781312346458435,0.7490494251251221
YNL207W,YNL206C,0,-0.9530061,0.11616101861000061,0.9781312346458435,0.7491495013237
YDR466W,YLL022C,0,-0.9531248,0.11614730954170227,0.9781312346458435,0.7492495775222778
YPR158C-D,YHR044C,0,-0.95358855,0.11613360047340393,0.9781312346458435,0.7493495941162109
YLR074C,YER053C,0,-0.95401984,0.11611989885568619,0.9781312346458435,0.7494496703147888
YLR439W,YFR041C,0,-0.95408726,0.11610619723796844,0.9781312346458435,0.7495497465133667
YDR088C,YKR097W,0,-0.95432234,0.1160924956202507,0.9781312346458435,0.7496497631072998
YDR347W,YCL047C,0,-0.9556367,0.11607880145311356,0.9781312346458435,0.7497498393058777
YCL059C,YAR044W,0,-0.95641845,0.11606510728597641,0.9781312346458435,0.7498499155044556
YDR038C,YJL097W,0,-0.9564441,0.11605142056941986,0.9781312346458435,0.7499499917030334
YLR192C,YMR042W,0,-0.9564713,0.11603773385286331,0.9781312346458435,0.7500500082969666
YBR176W,YDR376W,0,-0.95652175,0.11602405458688736,0.9781312346458435,0.7501500844955444
YDR018C,YNL306W,0,-0.9574623,0.11601037532091141,0.9781312346458435,0.7502501606941223
YDR363W-A,YGL003C,0,-0.9575198,0.11599669605493546,0.9781312346458435,0.7503502368927002
YJL198W,YLR286C,0,-0.9579873,0.1159830242395401,0.9781312346458435,0.7504502534866333
YDL051W,YOR057W,0,-0.95856154,0.11596935987472534,0.9781312346458435,0.7505503296852112
YFR032C-A,YDR363W-A,0,-0.9587588,0.11595568805932999,0.9781312346458435,0.7506504058837891
YLR438C-A,YDR330W,0,-0.95963347,0.11594203114509583,0.9781312346458435,0.7507504224777222
YDL210W,YFL041W,0,-0.9598792,0.11592836678028107,0.9781312346458435,0.7508504986763
YMR036C,YGL168W,0,-0.95999706,0.1159147098660469,0.9781312346458435,0.7509505748748779
YIL072W,YBR213W,0,-0.96010464,0.11590106040239334,0.9781312346458435,0.7510506510734558
YLR446W,YMR184W,0,-0.9605085,0.11588741093873978,0.9781312346458435,0.7511506676673889
YMR004W,YMR026C,0,-0.96126795,0.11587376147508621,0.9781312346458435,0.7512507438659668
YLR015W,YDL185W,0,-0.962031,0.11586011946201324,0.9781312346458435,0.7513508200645447
YNL210W,YBL088C,0,-0.96241486,0.11584647744894028,0.9781312346458435,0.7514508962631226
YHR153C,YOR233W,0,-0.9626169,0.1158328428864479,0.9781312346458435,0.7515509128570557
YDR320C-A,YGR189C,0,-0.9626336,0.11581920832395554,0.9781312346458435,0.7516509890556335
YER111C,YKR097W,0,-0.9628461,0.11580558121204376,0.9781312346458435,0.7517510652542114
YCL059C,YOR076C,0,-0.9628681,0.11579195410013199,0.9781312346458435,0.7518510818481445
YDR347W,YDL129W,0,-0.9637681,0.11577832698822021,0.9781312346458435,0.7519511580467224
YJR009C,YLR427W,0,-0.9638078,0.11576470732688904,0.9781312346458435,0.7520512342453003
YDR297W,YBR040W,0,-0.9639379,0.11575108766555786,0.9781312346458435,0.7521513104438782
YOL127W,YOR326W,0,-0.9642394,0.11573747545480728,0.9781312346458435,0.7522513270378113
YHL008C,YDR166C,0,-0.964878,0.1157238632440567,0.9781312346458435,0.7523514032363892
YML113W,YOR080W,0,-0.9653379,0.11571025103330612,0.9781312346458435,0.752451479434967
YCR092C,YPR016C,0,-0.965399,0.11569664627313614,0.9781312346458435,0.7525515556335449
YJR013W,YBR123C,0,-0.96583605,0.11568304896354675,0.9781312346458435,0.752651572227478
YBR267W,YDL195W,0,-0.9663447,0.11566945165395737,0.9781312346458435,0.7527516484260559
YGL089C,YAL035W,0,-0.9673362,0.11565585434436798,0.9781312346458435,0.7528517246246338
YGR076C,YLL035W,0,-0.96833074,0.11564226448535919,0.9781312346458435,0.7529518008232117
YFL004W,YLL062C,0,-0.96877337,0.1156286746263504,0.9781312346458435,0.7530518174171448
YCL027W,YKR050W,0,-0.96898997,0.11561508476734161,0.9781312346458435,0.7531518936157227
YDL136W,YKL059C,0,-0.969182,0.11560150235891342,0.9781312346458435,0.7532519698143005
YAL023C,YHR099W,0,-0.9694633,0.11558792740106583,0.9781312346458435,0.7533519864082336
YIL051C,YOR182C,0,-0.9697068,0.11557434499263763,0.9781312346458435,0.7534520626068115
YKL203C,YNL227C,1,-0.96974754,0.11567821353673935,0.9791252613067627,0.7534520626068115
YFR032C-A,YDR071C,0,-0.97001565,0.11566463112831116,0.9791252613067627,0.7535521388053894
YMR042W,YNL158W,0,-0.97023606,0.11565104871988297,0.9791252613067627,0.7536522150039673
YER111C,YLR237W,0,-0.9712323,0.11563747376203537,0.9791252613067627,0.7537522315979004
YBL093C,YMR122W-A,0,-0.97129977,0.11562389880418777,0.9791252613067627,0.7538523077964783
YPL194W,YGR061C,0,-0.971436,0.11561033129692078,0.9791252613067627,0.7539523839950562
YLR357W,YDR330W,0,-0.9716188,0.11559676378965378,0.9791252613067627,0.754052460193634
YML081C-A,YFR007W,0,-0.9717692,0.11558319628238678,0.9791252613067627,0.7541524767875671
YCL061C,YDR483W,0,-0.972433,0.11556963622570038,0.9791252613067627,0.754252552986145
YLR045C,YDR088C,0,-0.97250444,0.11555607616901398,0.9791252613067627,0.7543526291847229
YHL040C,YOR181W,0,-0.9729591,0.11554252356290817,0.9791252613067627,0.754452645778656
YBL093C,YDR239C,0,-0.97332096,0.11552897095680237,0.9791252613067627,0.7545527219772339
YDR069C,YAR044W,1,-0.9739474,0.11563269793987274,0.9801192879676819,0.7545527219772339
YOR381W,YER110C,0,-0.9744715,0.11561913788318634,0.9801192879676819,0.7546527981758118
YAL043C,YPR096C,0,-0.97486037,0.11560557782649994,0.9801192879676819,0.7547528743743896
YER111C,YOR391C,0,-0.97518617,0.11559202522039413,0.9801192879676819,0.7548528909683228
YDL195W,YGR272C,0,-0.9780513,0.11557848006486893,0.9801192879676819,0.7549529671669006
YJR060W,YMR109W,0,-0.9780794,0.11556493490934372,0.9801192879676819,0.7550530433654785
YDL129W,YDR362C,0,-0.97883236,0.11555138975381851,0.9801192879676819,0.7551531195640564
YKL173W,YDR297W,0,-0.9791696,0.1155378520488739,0.9801192879676819,0.7552531361579895
YDR425W,YLR237W,0,-0.97940755,0.11552431434392929,0.9801192879676819,0.7553532123565674
YIL145C,YOL056W,0,-0.9800757,0.11551077663898468,0.9801192879676819,0.7554532885551453
YNL292W,YGR188C,0,-0.98065674,0.11549724638462067,0.9801192879676819,0.7555533051490784
YDR253C,YLR097C,0,-0.98066026,0.11548371613025665,0.9801192879676819,0.7556533813476562
YDR320C-A,YER164W,0,-0.98137295,0.11547019332647324,0.9801192879676819,0.7557534575462341
YIL112W,YMR012W,0,-0.9820935,0.11545667797327042,0.9801192879676819,0.755853533744812
YIL070C,YDR288W,0,-0.9825803,0.115443155169487,0.9801192879676819,0.7559535503387451
YDL190C,YCL059C,0,-0.98265874,0.11542963981628418,0.9801192879676819,0.756053626537323
YNL146W,YIR037W,0,-0.98403233,0.11541613191366196,0.9801192879676819,0.7561537027359009
YMR100W,YGR035C,0,-0.9843955,0.11540262401103973,0.9801192879676819,0.7562537789344788
YBR012W-A,YOL149W,0,-0.98524034,0.11538911610841751,0.9801192879676819,0.7563537955284119
YPR048W,YMR026C,0,-0.9856299,0.11537561565637589,0.9801192879676819,0.7564538717269897
YML094W,YDR448W,0,-0.9859891,0.11536211520433426,0.9801192879676819,0.7565539479255676
YDR126W,YLR446W,0,-0.98665357,0.11534862220287323,0.9801192879676819,0.7566539645195007
YGR054W,YGR200C,0,-0.9871625,0.1153351292014122,0.9801192879676819,0.7567540407180786
YDR069C,YGL258W-A,0,-0.98733723,0.11532163619995117,0.9801192879676819,0.7568541169166565
YNL206C,YDR326C,0,-0.9880157,0.11530815064907074,0.9801192879676819,0.7569541931152344
YFR005C,YJL025W,0,-0.9881668,0.11529466509819031,0.9801192879676819,0.7570542097091675
YFR037C,YOL109W,0,-0.9887095,0.11528118699789047,0.9801192879676819,0.7571542859077454
YOR224C,YCL057C-A,0,-0.9889642,0.11526770889759064,0.9801192879676819,0.7572543621063232
YPL068C,YOR242C,0,-0.98896444,0.1152542382478714,0.9801192879676819,0.7573544383049011
YDL127W,YGR156W,0,-0.9901142,0.11524076759815216,0.9801192879676819,0.7574544548988342
YJR060W,YMR023C,0,-0.9901942,0.11522729694843292,0.9801192879676819,0.7575545310974121
YML094W,YHR186C,0,-0.99024117,0.11521383374929428,0.9801192879676819,0.75765460729599
YOL156W,YJL136C,0,-0.9913371,0.11520037055015564,0.9801192879676819,0.7577546238899231
YOL100W,YGR035C,0,-0.9921799,0.1151869148015976,0.9801192879676819,0.757854700088501
YIL112W,YLR139C,0,-0.9924584,0.11517345905303955,0.9801192879676819,0.7579547762870789
YGL232W,YNL015W,0,-0.9926958,0.1151600107550621,0.9801192879676819,0.7580548524856567
YBR097W,YBL021C,0,-0.9930787,0.11514656245708466,0.9801192879676819,0.7581548690795898
YOR067C,YMR012W,0,-0.99326086,0.11513311415910721,0.9801192879676819,0.7582549452781677
YER029C,YGR014W,0,-0.9933045,0.11511967331171036,0.9801192879676819,0.7583550214767456
YPR070W,YMR303C,0,-0.99365497,0.11510623246431351,0.9801192879676819,0.7584550976753235
YHR101C,YJR058C,0,-0.99385184,0.11509279906749725,0.9801192879676819,0.7585551142692566
YMR094W,YDR421W,0,-0.99393165,0.115079365670681,0.9801192879676819,0.7586551904678345
YBR251W,YLR430W,0,-0.9941747,0.11506593227386475,0.9801192879676819,0.7587552666664124
YGL090W,YDR288W,0,-0.9954331,0.11505250632762909,0.9801192879676819,0.7588553428649902
YER148W,YMR042W,0,-0.9955307,0.11503908783197403,0.9801192879676819,0.7589553594589233
YKL198C,YOR306C,0,-0.9955753,0.11502566188573837,0.9801192879676819,0.7590554356575012
YDR052C,YBL090W,0,-0.99586093,0.11501225084066391,0.9801192879676819,0.7591555118560791
YOR346W,YER053C,0,-0.9967777,0.11499883234500885,0.9801192879676819,0.7592555284500122
YPL091W,YER082C,0,-0.9973362,0.11498542129993439,0.9801192879676819,0.7593556046485901
YDR465C,YFR008W,0,-0.99798864,0.11497201770544052,0.9801192879676819,0.759455680847168
YLR098C,YLR079W,0,-0.99827945,0.11495860666036606,0.9801192879676819,0.7595557570457458
YKL108W,YGR286C,0,-0.9986962,0.11494521051645279,0.9801192879676819,0.759655773639679
YCR020C,YLR035C-A,0,-0.9990661,0.11493180692195892,0.9801192879676819,0.7597558498382568
YMR302C,YDR288W,0,-0.9998513,0.11491841822862625,0.9801192879676819,0.7598559260368347
YER161C,YCL050C,0,-1.000276,0.11490502208471298,0.9801192879676819,0.7599560022354126
YOR037W,YLR439W,0,-1.0014998,0.11489163339138031,0.9801192879676819,0.7600560188293457
YGL021W,YML018C,0,-1.0016513,0.11487824469804764,0.9801192879676819,0.7601560950279236
YHL008C,YPL089C,0,-1.0018265,0.11486486345529556,0.9801192879676819,0.7602561712265015
YOR046C,YER070W,0,-1.0018803,0.11485148221254349,0.9801192879676819,0.7603561878204346
YOL127W,YMR208W,0,-1.0021193,0.11483810842037201,0.9801192879676819,0.7604562640190125
YJR098C,YGR200C,0,-1.0021503,0.11482473462820053,0.9801192879676819,0.7605563402175903
YNL146W,YHL004W,0,-1.0023035,0.11481136828660965,0.9801192879676819,0.7606564164161682
YMR100W,YDL060W,0,-1.0025561,0.11479799449443817,0.9801192879676819,0.7607564330101013
YGR075C,YOL109W,0,-1.0030463,0.11478463560342789,0.9801192879676819,0.7608565092086792
YPL258C,YHR184W,0,-1.0030477,0.114771269261837,0.9801192879676819,0.7609565854072571
YCR028C,YOR127W,0,-1.0039175,0.11475791782140732,0.9801192879676819,0.761056661605835
YNL012W,YLR014C,0,-1.0040404,0.11474455893039703,0.9801192879676819,0.7611566781997681
YLR106C,YDR065W,0,-1.0044676,0.11473120748996735,0.9801192879676819,0.761256754398346
YOR069W,YDR014W,0,-1.0045481,0.11471785604953766,0.9801192879676819,0.7613568305969238
YPR102C,YAL044C,0,-1.0061251,0.11470451205968857,0.9801192879676819,0.7614568471908569
YML034W,YBR160W,0,-1.0061736,0.11469116806983948,0.9801192879676819,0.7615569233894348
YJL157C,YDL136W,0,-1.0063429,0.11467783153057098,0.9801192879676819,0.7616569995880127
YLR427W,YHR052W,0,-1.0065348,0.11466449499130249,0.9801192879676819,0.7617570757865906
YPR041W,YBR058C-A,0,-1.0065606,0.1146511659026146,0.9801192879676819,0.7618570923805237
YNL206C,YMR127C,0,-1.0069737,0.1146378293633461,0.9801192879676819,0.7619571685791016
YBL061C,YPL204W,0,-1.0073051,0.1146245077252388,0.9801192879676819,0.7620572447776794
YPR186C,YOR242C,0,-1.0077529,0.1146111786365509,0.9801192879676819,0.7621573209762573
YLR446W,YDR501W,0,-1.0085454,0.1145978644490242,0.9801192879676819,0.7622573375701904
YCR053W,YLR342W,1,-1.0085847,0.11470075696706772,0.9811133146286011,0.7622573375701904
YER120W,YOR391C,0,-1.0086622,0.11468742787837982,0.9811133146286011,0.7623574137687683
YOR143C,YKR009C,0,-1.0087347,0.11467409878969193,0.9811133146286011,0.7624574899673462
YDR425W,YBL060W,0,-1.0090036,0.11466077715158463,0.9811133146286011,0.7625575065612793
YPL172C,YMR071C,0,-1.0100392,0.11464746296405792,0.9811133146286011,0.7626575827598572
YBR156C,YER007W,0,-1.0103698,0.11463414877653122,0.9811133146286011,0.7627576589584351
YDR478W,YMR004W,0,-1.0105538,0.11462083458900452,0.9811133146286011,0.7628577351570129
YOR131C,YKR097W,0,-1.0107524,0.11460752785205841,0.9811133146286011,0.762957751750946
YLR427W,YBR030W,0,-1.010926,0.1145942211151123,0.9811133146286011,0.7630578279495239
YBR050C,YPL074W,0,-1.0111043,0.1145809143781662,0.9811133146286011,0.7631579041481018
YML115C,YDL082W,0,-1.0113592,0.11456761509180069,0.9811133146286011,0.7632579803466797
YML005W,YPR041W,0,-1.0114819,0.11455431580543518,0.9811133146286011,0.7633579969406128
YAL043C,YKR030W,0,-1.0115708,0.11454102396965027,0.9811133146286011,0.7634580731391907
YMR223W,YPR031W,0,-1.01163,0.11452773213386536,0.9811133146286011,0.7635581493377686
YPL269W,YOR396W,0,-1.0119715,0.11451444774866104,0.9811133146286011,0.7636581659317017
YGR071C,YJL101C,0,-1.0120919,0.11450116336345673,0.9811133146286011,0.7637582421302795
YOR143C,YDR088C,0,-1.0129483,0.11448787897825241,0.9811133146286011,0.7638583183288574
YIR012W,YGL031C,0,-1.0135044,0.11447460204362869,0.9811133146286011,0.7639583945274353
YLR212C,YLL001W,0,-1.0135372,0.11446132510900497,0.9811133146286011,0.7640584111213684
YOL067C,YDR481C,0,-1.0136338,0.11444805562496185,0.9811133146286011,0.7641584873199463
YGR162W,YIR023W,0,-1.0137655,0.11443478614091873,0.9811133146286011,0.7642585635185242
YOL103W,YBL069W,0,-1.0139959,0.11442151665687561,0.9811133146286011,0.764358639717102
YER140W,YLR381W,0,-1.0142696,0.11440825462341309,0.9811133146286011,0.7644586563110352
YPL101W,YOR127W,0,-1.0143137,0.11439499258995056,0.9811133146286011,0.764558732509613
YBL064C,YIL101C,0,-1.0144362,0.11438173800706863,0.9811133146286011,0.7646588087081909
YGR075C,YGL155W,0,-1.0149732,0.1143684834241867,0.9811133146286011,0.7647588849067688
YMR282C,YJR143C,0,-1.0150263,0.11435522884130478,0.9811133146286011,0.7648589015007019
YGR154C,YOR070C,0,-1.0156151,0.11434198170900345,0.9811133146286011,0.7649589776992798
YDR341C,YPL033C,0,-1.0158498,0.11432874202728271,0.9811133146286011,0.7650590538978577
YDR103W,YKL116C,0,-1.0160083,0.11431549489498138,0.9811133146286011,0.7651590704917908
YGR292W,YIL125W,0,-1.0161386,0.11430225521326065,0.9811133146286011,0.7652591466903687
YHR101C,YIL039W,0,-1.0162345,0.11428902298212051,0.9811133146286011,0.7653592228889465
YJR058C,YDR120C,0,-1.0166115,0.11427579075098038,0.9811133146286011,0.7654592990875244
YPL148C,YJR098C,0,-1.0174073,0.11426255851984024,0.9811133146286011,0.7655593156814575
YLR008C,YOR063W,0,-1.0180168,0.1142493337392807,0.9811133146286011,0.7656593918800354
YGL210W,YGL185C,0,-1.0181875,0.11423610895872116,0.9811133146286011,0.7657594680786133
YJR066W,YLR381W,0,-1.0200096,0.11422289162874222,0.9811133146286011,0.7658595442771912
YNL207W,YMR282C,0,-1.0202459,0.11420967429876328,0.9811133146286011,0.7659595608711243
YOR179C,YBR245C,0,-1.0209873,0.11419645696878433,0.9811133146286011,0.7660596370697021
YDL231C,YDL108W,0,-1.0215565,0.11418324708938599,0.9811133146286011,0.76615971326828
YJL153C,YDR003W,0,-1.0218636,0.11417003720998764,0.9811133146286011,0.7662597298622131
YFR037C,YDR334W,0,-1.0218729,0.11415683478116989,0.9811133146286011,0.766359806060791
YNL330C,YOL156W,0,-1.0229642,0.11414363235235214,0.9811133146286011,0.7664598822593689
YFL002W-A,YML043C,0,-1.023422,0.11413043737411499,0.9811133146286011,0.7665599584579468
YER111C,YEL061C,0,-1.0235963,0.11411724239587784,0.9811133146286011,0.7666599750518799
YHR153C,YJR076C,0,-1.0238266,0.11410404741764069,0.9811133146286011,0.7667600512504578
YJR097W,YML125C,0,-1.024554,0.11409085988998413,0.9811133146286011,0.7668601274490356
YCR039C,YJL109C,0,-1.0245694,0.11407767236232758,0.9811133146286011,0.7669602036476135
YLL009C,YML106W,0,-1.0247707,0.11406448483467102,0.9811133146286011,0.7670602202415466
YPL148C,YGL211W,0,-1.024876,0.11405130475759506,0.9811133146286011,0.7671602964401245
YNL185C,YDR166C,0,-1.0251069,0.1140381246805191,0.9811133146286011,0.7672603726387024
YDR288W,YJR089W,0,-1.026519,0.11402495205402374,0.9811133146286011,0.7673603892326355
YOL005C,YHR136C,0,-1.0266477,0.11401177942752838,0.9811133146286011,0.7674604654312134
YDL120W,YDR177W,0,-1.0267639,0.11399861425161362,0.9811133146286011,0.7675605416297913
YBR158W,YBR012W-A,0,-1.0268922,0.11398544907569885,0.9811133146286011,0.7676606178283691
YHR172W,YEL059C-A,0,-1.0269607,0.11397228389978409,0.9811133146286011,0.7677606344223022
YDR088C,YGL031C,0,-1.0272179,0.11395912617444992,0.9811133146286011,0.7678607106208801
YHR046C,YAL020C,0,-1.0275877,0.11394596844911575,0.9811133146286011,0.767960786819458
YGR062C,YPL048W,0,-1.0283421,0.11393281817436218,0.9811133146286011,0.7680608630180359
YBR158W,YKL198C,0,-1.0287424,0.11391966789960861,0.9811133146286011,0.768160879611969
YMR128W,YOL133W,0,-1.0290328,0.11390651762485504,0.9811133146286011,0.7682609558105469
YGL084C,YDR031W,0,-1.0306194,0.11389337480068207,0.9811133146286011,0.7683610320091248
YDR060W,YHR064C,0,-1.0306458,0.1138802319765091,0.9811133146286011,0.7684610486030579
YBR012W-A,YFL037W,0,-1.0315509,0.11386709660291672,0.9811133146286011,0.7685611248016357
YPL271W,YKL198C,0,-1.0321901,0.11385396122932434,0.9811133146286011,0.7686612010002136
YGR159C,YKR059W,0,-1.0328586,0.11384083330631256,0.9811133146286011,0.7687612771987915
YDL136W,YJL025W,0,-1.0329754,0.11382769793272018,0.9811133146286011,0.7688612937927246
YKL004W,YJL090C,0,-1.03327,0.113814577460289,0.9811133146286011,0.7689613699913025
YPR108W,YOL157C,0,-1.0341798,0.11380144953727722,0.9811133146286011,0.7690614461898804
YDL190C,YOL007C,0,-1.0348539,0.11378833651542664,0.9811133146286011,0.7691615223884583
YLR381W,YDR443C,0,-1.0350257,0.11377521604299545,0.9811133146286011,0.7692615389823914
YGL205W,YLR212C,0,-1.0353798,0.11376210302114487,0.9811133146286011,0.7693616151809692
YKL010C,YLR306W,0,-1.0356293,0.11374898999929428,0.9811133146286011,0.7694616913795471
YIL150C,YER112W,0,-1.0360931,0.11373588442802429,0.9811133146286011,0.7695617079734802
YOR037W,YER045C,0,-1.0361674,0.1137227788567543,0.9811133146286011,0.7696617841720581
YDR420W,YHL004W,0,-1.0365212,0.11370968073606491,0.9811133146286011,0.769761860370636
YDL229W,YJR075W,0,-1.0369191,0.11369657516479492,0.9811133146286011,0.7698619365692139
YIL150C,YOR043W,0,-1.036989,0.11368348449468613,0.9811133146286011,0.769961953163147
YGR184C,YLR438C-A,0,-1.0371273,0.11367039382457733,0.9811133146286011,0.7700620293617249
YDR425W,YDR334W,0,-1.0374749,0.11365730315446854,0.9811133146286011,0.7701621055603027
YDR363W-A,YBR105C,0,-1.0383325,0.11364421248435974,0.9811133146286011,0.7702621817588806
YOL105C,YJR143C,0,-1.0392406,0.11363112926483154,0.9811133146286011,0.7703621983528137
YML113W,YHR070W,0,-1.0393461,0.11361805349588394,0.9811133146286011,0.7704622745513916
YLR238W,YLR385C,0,-1.0393754,0.11360497027635574,0.9811133146286011,0.7705623507499695
YDR036C,YMR223W,0,-1.0394323,0.11359189450740814,0.9811133146286011,0.7706624269485474
YIL039W,YPR096C,0,-1.0395656,0.11357882618904114,0.9811133146286011,0.7707624435424805
YDR347W,YPL269W,0,-1.0413902,0.11356575787067413,0.9811133146286011,0.7708625197410583
YLL009C,YJL062W-A,0,-1.0416028,0.11355268955230713,0.9811133146286011,0.7709625959396362
YLR015W,YER020W,0,-1.0428712,0.11353962868452072,0.9811133146286011,0.7710626125335693
YLR446W,YJR068W,0,-1.0429411,0.11352656781673431,0.9811133146286011,0.7711626887321472
YLR186W,YMR165C,0,-1.0432839,0.1135135143995285,0.9811133146286011,0.7712627649307251
YOR201C,YJL170C,0,-1.043406,0.11350046098232269,0.9811133146286011,0.771362841129303
YJL143W,YBR185C,0,-1.0436782,0.11348740756511688,0.9811133146286011,0.7714628577232361
YJL164C,YDR166C,0,-1.0437407,0.11347436159849167,0.9811133146286011,0.771562933921814
YFR041C,YDL130W-A,0,-1.0438833,0.11346131563186646,0.9811133146286011,0.7716630101203918
YBR160W,YLR032W,0,-1.0442607,0.11344827711582184,0.9811133146286011,0.7717630863189697
YNL210W,YER106W,0,-1.0450826,0.11343523859977722,0.9811133146286011,0.7718631029129028
YOR155C,YDR014W,0,-1.0453317,0.1134222000837326,0.9811133146286011,0.7719631791114807
YPR070W,YDR103W,0,-1.045465,0.11340916901826859,0.9811133146286011,0.7720632553100586
YJL033W,YNL015W,0,-1.0461411,0.11339613795280457,0.9811133146286011,0.7721632719039917
YGL089C,YKL195W,0,-1.0463344,0.11338311433792114,0.9811133146286011,0.7722633481025696
YDL231C,YFR005C,0,-1.0463712,0.11337009072303772,0.9811133146286011,0.7723634243011475
YOR089C,YML052W,1,-1.0465684,0.11347191780805588,0.9821073412895203,0.7723634243011475
YOL005C,YLR265C,0,-1.0466775,0.11345888674259186,0.9821073412895203,0.7724635004997253
YDR511W,YER082C,0,-1.0467176,0.11344586312770844,0.9821073412895203,0.7725635170936584
YDR231C,YJR155W,0,-1.046851,0.11343283951282501,0.9821073412895203,0.7726635932922363
YDR253C,YHR117W,0,-1.0470023,0.11341981589794159,0.9821073412895203,0.7727636694908142
YJL198W,YLR370C,0,-1.04749,0.11340679228305817,0.9821073412895203,0.7728637456893921
YLR343W,YGR218W,0,-1.0475295,0.11339377611875534,0.9821073412895203,0.7729637622833252
YGL227W,YLR010C,0,-1.0477661,0.11338076740503311,0.9821073412895203,0.7730638384819031
YHL004W,YGR014W,0,-1.047859,0.11336775869131088,0.9821073412895203,0.773163914680481
YAL043C,YPR070W,0,-1.0488081,0.11335474997758865,0.9821073412895203,0.7732639312744141
YIL070C,YJR065C,0,-1.0492479,0.11334174871444702,0.9821073412895203,0.7733640074729919
YNL098C,YAL058W,0,-1.0496116,0.11332874745130539,0.9821073412895203,0.7734640836715698
YGR292W,YML015C,0,-1.0501316,0.11331574618816376,0.9821073412895203,0.7735641598701477
YOR257W,YKR097W,0,-1.0508115,0.11330275237560272,0.9821073412895203,0.7736641764640808
YDL080C,YGR220C,0,-1.0508614,0.11328975856304169,0.9821073412895203,0.7737642526626587
YER161C,YDL017W,0,-1.0512007,0.11327677220106125,0.9821073412895203,0.7738643288612366
YCL034W,YIL041W,1,-1.0512384,0.11337842792272568,0.9831013679504395,0.7738643288612366
YPL231W,YDR447C,0,-1.051847,0.11336542665958405,0.9831013679504395,0.7739644050598145
YOR066W,YDR014W,0,-1.0519933,0.11335243284702301,0.9831013679504395,0.7740644216537476
YHR116W,YDR121W,0,-1.0533292,0.11333944648504257,0.9831013679504395,0.7741644978523254
YJL073W,YGR014W,0,-1.0540242,0.11332646012306213,0.9831013679504395,0.7742645740509033
YDL129W,YJL062W-A,0,-1.0549536,0.1133134737610817,0.9831013679504395,0.7743645906448364
YKL183W,YER044C,0,-1.0557075,0.11330049484968185,0.9831013679504395,0.7744646668434143
YKL183W,YDR166C,0,-1.0564566,0.11328751593828201,0.9831013679504395,0.7745647430419922
YMR233W,YCL069W,0,-1.0567604,0.11327453702688217,0.9831013679504395,0.7746648192405701
YBR289W,YLR032W,0,-1.0568032,0.11326156556606293,0.9831013679504395,0.7747648358345032
YOL005C,YGL251C,0,-1.0568929,0.11324859410524368,0.9831013679504395,0.774864912033081
YAR007C,YNR007C,0,-1.0571771,0.11323563009500504,0.9831013679504395,0.7749649882316589
YKL173W,YHL016C,0,-1.0572567,0.11322266608476639,0.9831013679504395,0.7750650644302368
YOL127W,YNL135C,0,-1.0586184,0.11320970952510834,0.9831013679504395,0.7751650810241699
YDR228C,YCR047C,0,-1.0587808,0.11319675296545029,0.9831013679504395,0.7752651572227478
YHR116W,YPL019C,0,-1.0591786,0.11318379640579224,0.9831013679504395,0.7753652334213257
YHR031C,YDR320C-A,0,-1.059501,0.11317083984613419,0.9831013679504395,0.7754652500152588
YPL231W,YOL157C,0,-1.0602114,0.11315789818763733,0.9831013679504395,0.7755653262138367
YKL183W,YMR004W,0,-1.060252,0.11314494907855988,0.9831013679504395,0.7756654024124146
YAL013W,YPR070W,0,-1.0605227,0.11313200742006302,0.9831013679504395,0.7757654786109924
YDR121W,YOL072W,0,-1.0606239,0.11311906576156616,0.9831013679504395,0.7758654952049255
YJL097W,YDR326C,0,-1.0611024,0.1131061315536499,0.9831013679504395,0.7759655714035034
YJR025C,YJR098C,0,-1.0613511,0.11309319734573364,0.9831013679504395,0.7760656476020813
YLR343W,YJL025W,0,-1.061468,0.11308026313781738,0.9831013679504395,0.7761657238006592
YJL198W,YLR106C,0,-1.0615766,0.11306733638048172,0.9831013679504395,0.7762657403945923
YGL147C,YAL035W,0,-1.0636144,0.11305440962314606,0.9831013679504395,0.7763658165931702
YFR003C,YDR334W,0,-1.0645835,0.11304149031639099,0.9831013679504395,0.776465892791748
YJR158W,YPR021C,0,-1.0646191,0.11302857100963593,0.9831013679504395,0.7765659689903259
YJL033W,YNL268W,0,-1.0646585,0.11301565170288086,0.9831013679504395,0.776665985584259
YHR143W,YMR122W-A,0,-1.0653512,0.11300273984670639,0.9831013679504395,0.7767660617828369
YDL143W,YLR154C,0,-1.0665746,0.11298983544111252,0.9831013679504395,0.7768661379814148
YLR045C,YBR058C-A,0,-1.0668108,0.11297692358493805,0.9831013679504395,0.7769661545753479
YDR279W,YLR147C,0,-1.067385,0.11296401917934418,0.9831013679504395,0.7770662307739258
YNR011C,YBL020W,0,-1.0674881,0.1129511222243309,0.9831013679504395,0.7771663069725037
YDR036C,YKR105C,0,-1.0675935,0.11293821781873703,0.9831013679504395,0.7772663831710815
YAL043C,YAL062W,0,-1.0685151,0.11292532831430435,0.9831013679504395,0.7773663997650146
YJR160C,YBL023C,0,-1.0685586,0.11291243135929108,0.9831013679504395,0.7774664759635925
YPL194W,YDR086C,0,-1.0690172,0.1128995418548584,0.9831013679504395,0.7775665521621704
YHR167W,YJL073W,0,-1.0692642,0.11288665980100632,0.9831013679504395,0.7776666283607483
YER148W,YJL189W,0,-1.0715736,0.11287377029657364,0.9831013679504395,0.7777666449546814
YMR070W,YEL021W,0,-1.0716243,0.11286089569330215,0.9831013679504395,0.7778667211532593
YKR037C,YDR529C,0,-1.0717866,0.11284801363945007,0.9831013679504395,0.7779667973518372
YMR281W,YLR306W,0,-1.0727553,0.11283513903617859,0.9831013679504395,0.7780668139457703
YLR266C,YNL136W,0,-1.073158,0.1128222644329071,0.9831013679504395,0.7781668901443481
YBR207W,YAR044W,1,-1.0731943,0.11292346566915512,0.9840954542160034,0.7781668901443481
YCL055W,YDR402C,0,-1.0733387,0.11291058361530304,0.9840954542160034,0.778266966342926
YIR002C,YGR037C,0,-1.0738835,0.11289770901203156,0.9840954542160034,0.7783670425415039
YGR274C,YJR075W,0,-1.073911,0.11288483440876007,0.9840954542160034,0.778467059135437
YMR017W,YNL151C,0,-1.0749357,0.11287196725606918,0.9840954542160034,0.7785671353340149
YGL035C,YDR134C,0,-1.0751089,0.1128591001033783,0.9840954542160034,0.7786672115325928
YOR143C,YJL025W,0,-1.075478,0.11284623295068741,0.9840954542160034,0.7787672877311707
YNL311C,YNL146W,0,-1.0775697,0.11283337324857712,0.9840954542160034,0.7788673043251038
YDR486C,YAR044W,0,-1.0777085,0.11282051354646683,0.9840954542160034,0.7789673805236816
YJL046W,YPL174C,0,-1.078357,0.11280765384435654,0.9840954542160034,0.7790674567222595
YOR047C,YOR069W,0,-1.0785612,0.11279480159282684,0.9840954542160034,0.7791674733161926
YOL152W,YDL130W-A,0,-1.0788548,0.11278195679187775,0.9840954542160034,0.7792675495147705
YAL010C,YDR219C,0,-1.0788811,0.11276910454034805,0.9840954542160034,0.7793676257133484
YGL205W,YGR101W,0,-1.079013,0.11275626718997955,0.9840954542160034,0.7794677019119263
YNL292W,YJL136C,0,-1.0795456,0.11274342238903046,0.9840954542160034,0.7795677185058594
YGR106C,YIL072W,0,-1.0800531,0.11273058503866196,0.9840954542160034,0.7796677947044373
YBL022C,YML095C,0,-1.0808094,0.11271774768829346,0.9840954542160034,0.7797678709030151
YFR037C,YMR017W,0,-1.080986,0.11270491778850555,0.9840954542160034,0.779867947101593
YOL065C,YMR150C,0,-1.0813615,0.11269208788871765,0.9840954542160034,0.7799679636955261
YDR060W,YOR242C,0,-1.0820832,0.11267926543951035,0.9840954542160034,0.780068039894104
YGL089C,YBR231C,0,-1.0831252,0.11266643553972244,0.9840954542160034,0.7801681160926819
YOR089C,YGL206C,1,-1.0836668,0.11276741325855255,0.9850894808769226,0.7801681160926819
YCL027W,YDR166C,0,-1.0838456,0.11275457590818405,0.9850894808769226,0.780268132686615
YDR126W,YBR207W,0,-1.0840605,0.11274175345897675,0.9850894808769226,0.7803682088851929
YMR306W,YDR447C,0,-1.0843443,0.11272893100976944,0.9850894808769226,0.7804682850837708
YOR373W,YPR032W,0,-1.0849643,0.11271610856056213,0.9850894808769226,0.7805683612823486
YJR060W,YJL156C,0,-1.0854044,0.11270328611135483,0.9850894808769226,0.7806683778762817
YHR089C,YCL075W,0,-1.0855019,0.11269047111272812,0.9850894808769226,0.7807684540748596
YMR235C,YCL075W,0,-1.0860171,0.11267765611410141,0.9850894808769226,0.7808685302734375
YMR211W,YNL268W,0,-1.086324,0.1126648485660553,0.9850894808769226,0.7809686064720154
YBL075C,YOL105C,0,-1.0864868,0.11265204101800919,0.9850894808769226,0.7810686230659485
YMR094W,YHR186C,0,-1.0867445,0.11263923346996307,0.9850894808769226,0.7811686992645264
YOL067C,YBR058C-A,0,-1.086785,0.11262643337249756,0.9850894808769226,0.7812687754631042
YNL218W,YDR283C,0,-1.0871912,0.11261363327503204,0.9850894808769226,0.7813687920570374
YJL019W,YEL016C,0,-1.0875475,0.11260084062814713,0.9850894808769226,0.7814688682556152
YHR027C,YDR320C-A,0,-1.0876005,0.11258804798126221,0.9850894808769226,0.7815689444541931
YHL047C,YER161C,0,-1.0876431,0.11257525533437729,0.9850894808769226,0.781669020652771
YMR171C,YOL019W,0,-1.0887698,0.11256247013807297,0.9850894808769226,0.7817690372467041
YJL129C,YML095C,0,-1.0895863,0.11254968494176865,0.9850894808769226,0.781869113445282
YKL218C,YOR127W,0,-1.0899129,0.11253690719604492,0.9850894808769226,0.7819691896438599
YNL149C,YAL062W,0,-1.089987,0.1125241294503212,0.9850894808769226,0.7820692658424377
YLR032W,YGR075C,0,-1.0903246,0.11251135170459747,0.9850894808769226,0.7821692824363708
YER174C,YBR058C-A,0,-1.0906185,0.11249858140945435,0.9850894808769226,0.7822693586349487
YEL061C,YDR014W,0,-1.0909519,0.11248581111431122,0.9850894808769226,0.7823694348335266
YPL258C,YOL056W,0,-1.0914037,0.11247304826974869,0.9850894808769226,0.7824695110321045
YJR104C,YPR102C,0,-1.0916367,0.11246027797460556,0.9850894808769226,0.7825695276260376
YHR081W,YHR129C,0,-1.0917757,0.11244752258062363,0.9850894808769226,0.7826696038246155
YDL080C,YFR007W,0,-1.0928717,0.1124347597360611,0.9850894808769226,0.7827696800231934
YGR054W,YGR006W,0,-1.093062,0.11242200434207916,0.9850894808769226,0.7828696966171265
YMR307W,YJR098C,0,-1.0934995,0.11240925639867783,0.9850894808769226,0.7829697728157043
YPL090C,YLR430W,0,-1.0936891,0.11239650845527649,0.9850894808769226,0.7830698490142822
YEL054C,YPR192W,0,-1.0942351,0.11238376051187515,0.9850894808769226,0.7831699252128601
YER161C,YOR246C,0,-1.0946827,0.11237102001905441,0.9850894808769226,0.7832699418067932
YCR028C,YBR207W,1,-1.0965414,0.11247165501117706,0.9860835075378418,0.7832699418067932
YLL009C,YGR035C,0,-1.0967915,0.11245890706777573,0.9860835075378418,0.7833700180053711
YMR128W,YPL111W,0,-1.0980971,0.11244615912437439,0.9860835075378418,0.783470094203949
YCL069W,YDR322W,0,-1.0982195,0.11243341118097305,0.9860835075378418,0.7835701704025269
YKL042W,YMR285C,0,-1.098449,0.11242067068815231,0.9860835075378418,0.78367018699646
YNR045W,YAL062W,0,-1.0993918,0.11240793019533157,0.9860835075378418,0.7837702631950378
YHR153C,YBL060W,0,-1.100949,0.11239519715309143,0.9860835075378418,0.7838703393936157
YJL219W,YLR287C-A,0,-1.1009861,0.11238246411085129,0.9860835075378418,0.7839703559875488
YER027C,YBR087W,0,-1.101515,0.11236973106861115,0.9860835075378418,0.7840704321861267
YOR047C,YML129C,0,-1.1015159,0.1123570054769516,0.9860835075378418,0.7841705083847046
YJL062W-A,YBR030W,0,-1.1015979,0.11234427988529205,0.9860835075378418,0.7842705845832825
YOR228C,YBL020W,0,-1.1020881,0.1123315617442131,0.9860835075378418,0.7843706011772156
YBR158W,YDR320C-A,0,-1.1034095,0.11231884360313416,0.9860835075378418,0.7844706773757935
YGR062C,YDR483W,0,-1.10363,0.1123061254620552,0.9860835075378418,0.7845707535743713
YJL165C,YBL024W,0,-1.1050878,0.11229341477155685,0.9860835075378418,0.7846708297729492
YBL093C,YOL005C,0,-1.1051913,0.1122807040810585,0.9860835075378418,0.7847708463668823
YGR058W,YNR070W,0,-1.105252,0.11226799339056015,0.9860835075378418,0.7848709225654602
YAR015W,YLR121C,0,-1.1056378,0.1122552901506424,0.9860835075378418,0.7849709987640381
YDL069C,YLR097C,0,-1.1062747,0.11224258691072464,0.9860835075378418,0.7850710153579712
YHR025W,YLR287C-A,0,-1.1066192,0.11222989112138748,0.9860835075378418,0.7851710915565491
YIL150C,YNL322C,0,-1.1069372,0.11221719533205032,0.9860835075378418,0.785271167755127
YOR224C,YFR015C,0,-1.1074771,0.11220449954271317,0.9860835075378418,0.7853712439537048
YDR318W,YOR269W,0,-1.1091044,0.1121918112039566,0.9860835075378418,0.7854712605476379
YER180C,YDR421W,0,-1.1092026,0.11217912286520004,0.9860835075378418,0.7855713367462158
YJL062W-A,YNL129W,0,-1.1092055,0.11216644197702408,0.9860835075378418,0.7856714129447937
YDR334W,YNL061W,0,-1.1094637,0.11215376108884811,0.9860835075378418,0.7857714891433716
YJL033W,YNL308C,0,-1.1107837,0.11214108020067215,0.9860835075378418,0.7858715057373047
YJR066W,YHR186C,0,-1.1112744,0.11212840676307678,0.9860835075378418,0.7859715819358826
YJL062W-A,YJR068W,0,-1.1124196,0.11211573332548141,0.9860835075378418,0.7860716581344604
YER174C,YGR062C,0,-1.1129947,0.11210305988788605,0.9860835075378418,0.7861716747283936
YDR177W,YJL204C,1,-1.1130013,0.11220338940620422,0.987077534198761,0.7861716747283936
YDR322W,YLR430W,0,-1.1135489,0.11219071596860886,0.987077534198761,0.7862717509269714
YDR501W,YNR045W,0,-1.1143587,0.11217804253101349,0.987077534198761,0.7863718271255493
YMR016C,YJR158W,0,-1.1149546,0.11216536909341812,0.987077534198761,0.7864719033241272
YJL108C,YGR162W,0,-1.1151141,0.11215269565582275,0.987077534198761,0.7865719199180603
YLR120C,YDL095W,0,-1.1165477,0.11214003711938858,0.987077534198761,0.7866719961166382
YLR134W,YML091C,0,-1.1169353,0.11212737113237381,0.987077534198761,0.7867720723152161
YMR022W,YGR188C,0,-1.1173608,0.11211471259593964,0.987077534198761,0.786872148513794
YIL090W,YBR084W,0,-1.1174524,0.11210205405950546,0.987077534198761,0.786972165107727
YER029C,YOR315W,0,-1.1178167,0.11208940297365189,0.987077534198761,0.7870722413063049
YOL065C,YHR023W,0,-1.1178606,0.11207675188779831,0.987077534198761,0.7871723175048828
YBR273C,YPR041W,0,-1.1178901,0.11206410080194473,0.987077534198761,0.7872723340988159
YOL005C,YGR124W,0,-1.1185386,0.11205145716667175,0.987077534198761,0.7873724102973938
YBR176W,YOR014W,0,-1.1187505,0.11203881353139877,0.987077534198761,0.7874724864959717
YCR047C,YFL044C,0,-1.1188079,0.1120261698961258,0.987077534198761,0.7875725626945496
YLR048W,YPL033C,0,-1.1200167,0.11201353371143341,0.987077534198761,0.7876725792884827
YOR089C,YDL231C,1,-1.1201441,0.11211369186639786,0.9880715608596802,0.7876725792884827
YDR107C,YAR018C,0,-1.1209792,0.11210104823112488,0.9880715608596802,0.7877726554870605
YLR418C,YDR065W,0,-1.1211298,0.1120884045958519,0.9880715608596802,0.7878727316856384
YMR036C,YMR098C,0,-1.1211376,0.11207576841115952,0.9880715608596802,0.7879728078842163
YDR242W,YEL021W,0,-1.1212335,0.11206313222646713,0.9880715608596802,0.7880728244781494
YLR283W,YNL012W,0,-1.1219827,0.11205050349235535,0.9880715608596802,0.7881729006767273
YLR188W,YOL071W,0,-1.1225122,0.11203787475824356,0.9880715608596802,0.7882729768753052
YOR290C,YGR123C,0,-1.1229771,0.11202524602413177,0.9880715608596802,0.7883730530738831
YDR158W,YGR272C,0,-1.1232388,0.11201262474060059,0.9880715608596802,0.7884730696678162
YGR272C,YMR303C,0,-1.1232463,0.1120000034570694,0.9880715608596802,0.788573145866394
YLR142W,YLR438C-A,0,-1.1237469,0.11198738217353821,0.9880715608596802,0.7886732220649719
YDR121W,YLR212C,0,-1.1242048,0.11197476834058762,0.9880715608596802,0.788773238658905
YMR036C,YPR005C,0,-1.1244584,0.11196215450763702,0.9880715608596802,0.7888733148574829
YGL003C,YOL123W,0,-1.1247143,0.11194954067468643,0.9880715608596802,0.7889733910560608
YKR094C,YHR129C,0,-1.124736,0.11193693429231644,0.9880715608596802,0.7890734672546387
YJL219W,YDL043C,0,-1.1250241,0.11192433536052704,0.9880715608596802,0.7891734838485718
YGR047C,YGR061C,0,-1.1252648,0.11191172897815704,0.9880715608596802,0.7892735600471497
YOL092W,YPL017C,0,-1.1255201,0.11189913004636765,0.9880715608596802,0.7893736362457275
YOL125W,YBR058C-A,0,-1.1258943,0.11188653856515884,0.9880715608596802,0.7894737124443054
YBR240C,YMR289W,0,-1.1267174,0.11187394708395004,0.9880715608596802,0.7895737290382385
YJR016C,YNR040W,0,-1.1273373,0.11186135560274124,0.9880715608596802,0.7896738052368164
YOR356W,YER056C-A,0,-1.1284187,0.11184877157211304,0.9880715608596802,0.7897738814353943
YGR272C,YHR064C,0,-1.1285977,0.11183618009090424,0.9880715608596802,0.7898738980293274
YOR290C,YGL155W,0,-1.1290792,0.11182360351085663,0.9880715608596802,0.7899739742279053
YGR272C,YKL017C,0,-1.1293442,0.11181102693080902,0.9880715608596802,0.7900740504264832
YNL112W,YJL052W,0,-1.1293758,0.11179845035076141,0.9880715608596802,0.790174126625061
YNL039W,YOR069W,0,-1.1315311,0.1117858737707138,0.9880715608596802,0.7902741432189941
YER082C,YER110C,0,-1.1318197,0.1117733046412468,0.9880715608596802,0.790374219417572
YKR059W,YPL123C,0,-1.1320584,0.11176073551177979,0.9880715608596802,0.7904742956161499
YOR384W,YDL130W,0,-1.1322199,0.11174817383289337,0.9880715608596802,0.7905743718147278
YFR032C-A,YML018C,0,-1.1325226,0.11173561215400696,0.9880715608596802,0.7906743884086609
YJL062W-A,YKL181W,0,-1.1328354,0.11172305047512054,0.9880715608596802,0.7907744646072388
YBL020W,YDR003W,0,-1.1335942,0.11171049624681473,0.9880715608596802,0.7908745408058167
YDL007W,YDR478W,0,-1.1336038,0.11169794201850891,0.9880715608596802,0.7909745573997498
YPL074W,YOL080C,0,-1.1336465,0.11168539524078369,0.9880715608596802,0.7910746335983276
YBR097W,YDR096W,0,-1.1338027,0.11167284846305847,0.9880715608596802,0.7911747097969055
YAL041W,YLR357W,0,-1.1338851,0.11166030168533325,0.9880715608596802,0.7912747859954834
YMR070W,YDL080C,0,-1.1348925,0.11164776235818863,0.9880715608596802,0.7913748025894165
YIL150C,YBR142W,0,-1.1366389,0.111635223031044,0.9880715608596802,0.7914748787879944
YDL231C,YKL088W,0,-1.1374457,0.11162268370389938,0.9880715608596802,0.7915749549865723
YKR037C,YPL038W,0,-1.1375825,0.11161015182733536,0.9880715608596802,0.7916750311851501
YDR265W,YAL025C,0,-1.1376076,0.11159761995077133,0.9880715608596802,0.7917750477790833
YDR036C,YCL057C-A,0,-1.1383486,0.1115850955247879,0.9880715608596802,0.7918751239776611
YOR120W,YOR396W,0,-1.1392288,0.11157256364822388,0.9880715608596802,0.791975200176239
YBR055C,YGL258W-A,0,-1.1392288,0.11156004667282104,0.9880715608596802,0.7920752167701721
YML027W,YGL258W-A,0,-1.1392288,0.11154752224683762,0.9880715608596802,0.79217529296875
YJR097W,YDL038C,0,-1.1392288,0.11153500527143478,0.9880715608596802,0.7922753691673279
YLL013C,YDR447C,0,-1.1397128,0.11152249574661255,0.9880715608596802,0.7923754453659058
YJL165C,YDR507C,0,-1.1400969,0.11150998622179031,0.9880715608596802,0.7924754619598389
YJR016C,YAL043C,0,-1.1410573,0.11149747669696808,0.9880715608596802,0.7925755381584167
YOR201C,YPL154C,0,-1.1413804,0.11148496717214584,0.9880715608596802,0.7926756143569946
YDR533C,YCL069W,0,-1.1415166,0.1114724650979042,0.9880715608596802,0.7927756905555725
YDL108W,YLR403W,0,-1.1417601,0.11145997047424316,0.9880715608596802,0.7928757071495056
YLR418C,YOR224C,0,-1.1427002,0.11144746840000153,0.9880715608596802,0.7929757833480835
YDL141W,YDL051W,0,-1.1429243,0.11143498122692108,0.9880715608596802,0.7930758595466614
YBR198C,YBR030W,0,-1.1436079,0.11142248660326004,0.9880715608596802,0.7931758761405945
YBL054W,YLR035C-A,0,-1.1450127,0.1114099994301796,0.9880715608596802,0.7932759523391724
YHR147C,YCR047C,0,-1.1450877,0.11139751225709915,0.9880715608596802,0.7933760285377502
YCR053W,YMR312W,0,-1.1456301,0.1113850325345993,0.9880715608596802,0.7934761047363281
YDL101C,YLR127C,0,-1.1469855,0.11137254536151886,0.9880715608596802,0.7935761213302612
YMR281W,YNL166C,0,-1.1474614,0.11136007308959961,0.9880715608596802,0.7936761975288391
YBR245C,YER012W,0,-1.1476614,0.11134760081768036,0.9880715608596802,0.793776273727417
YGL210W,YBR058C-A,0,-1.1478369,0.11133512854576111,0.9880715608596802,0.7938763499259949
YLR204W,YGL090W,0,-1.1478906,0.11132265627384186,0.9880715608596802,0.793976366519928
YOR174W,YOR391C,0,-1.1485193,0.1113101914525032,0.9880715608596802,0.7940764427185059
YEL038W,YNL158W,0,-1.148708,0.11129772663116455,0.9880715608596802,0.7941765189170837
YFL004W,YPL177C,0,-1.1490096,0.1112852692604065,0.9880715608596802,0.7942765951156616
YPL194W,YLR212C,0,-1.1497734,0.11127281188964844,0.9880715608596802,0.7943766117095947
YLR170C,YOR244W,0,-1.1503541,0.11126035451889038,0.9880715608596802,0.7944766879081726
YNL136W,YLR306W,0,-1.1509235,0.11124790459871292,0.9880715608596802,0.7945767641067505
YLR106C,YJL153C,0,-1.1509537,0.11123545467853546,0.9880715608596802,0.7946767807006836
YHR101C,YOR346W,0,-1.1510735,0.111223004758358,0.9880715608596802,0.7947768568992615
YJL198W,YDL056W,0,-1.1521139,0.11121056228876114,0.9880715608596802,0.7948769330978394
YER086W,YDR368W,0,-1.152322,0.11119811981916428,0.9880715608596802,0.7949770092964172
YDR239C,YAL035W,0,-1.1532373,0.11118568480014801,0.9880715608596802,0.7950770258903503
YDR096W,YMR256C,0,-1.1534126,0.11117324978113174,0.9880715608596802,0.7951771020889282
YGL089C,YLR188W,0,-1.1536717,0.11116081476211548,0.9880715608596802,0.7952771782875061
YLR439W,YOR066W,0,-1.1541177,0.11114838719367981,0.9880715608596802,0.795377254486084
YBR158W,YGR002C,0,-1.1542954,0.11113595962524414,0.9880715608596802,0.7954772710800171
YGR101W,YPL111W,0,-1.1544596,0.11112353205680847,0.9880715608596802,0.795577347278595
YJL198W,YHR167W,0,-1.1545073,0.1111111119389534,0.9880715608596802,0.7956774234771729
YNL308C,YNL213C,0,-1.1548641,0.11109869182109833,0.9880715608596802,0.795777440071106
YAR019C,YJL056C,0,-1.154908,0.11108627915382385,0.9880715608596802,0.7958775162696838
YKR038C,YIR015W,0,-1.1553916,0.11107386648654938,0.9880715608596802,0.7959775924682617
YIL150C,YLR357W,0,-1.155979,0.1110614538192749,0.9880715608596802,0.7960776686668396
YBR264C,YIR012W,0,-1.1561567,0.11104904115200043,0.9880715608596802,0.7961776852607727
YDR121W,YJR155W,0,-1.1562552,0.11103664338588715,0.9880715608596802,0.7962777614593506
YIL051C,YLR172C,0,-1.1578573,0.11102423816919327,0.9880715608596802,0.7963778376579285
YNR061C,YBR214W,0,-1.1580995,0.11101184040307999,0.9880715608596802,0.7964779138565063
YER126C,YOR326W,0,-1.1583915,0.1109994426369667,0.9880715608596802,0.7965779304504395
YBR033W,YFL041W,0,-1.1584527,0.11098704487085342,0.9880715608596802,0.7966780066490173
YNR040W,YLR357W,0,-1.1588748,0.11097465455532074,0.9880715608596802,0.7967780828475952
YLR098C,YGR272C,0,-1.1595722,0.11096227169036865,0.9880715608596802,0.7968780994415283
YPR156C,YIL145C,0,-1.160879,0.11094988137483597,0.9880715608596802,0.7969781756401062
YLL013C,YNL206C,0,-1.1616951,0.11093749850988388,0.9880715608596802,0.7970782518386841
YLR438C-A,YKR097W,0,-1.1648662,0.11092512309551239,0.9880715608596802,0.797178328037262
YHR089C,YIL101C,0,-1.1649382,0.1109127402305603,0.9880715608596802,0.7972783446311951
YGR234W,YML081C-A,0,-1.1650473,0.11090036481618881,0.9880715608596802,0.797378420829773
YJL065C,YDR197W,0,-1.1652541,0.11088799685239792,0.9880715608596802,0.7974784970283508
YGR075C,YGR001C,0,-1.1660095,0.11087562888860703,0.9880715608596802,0.7975785732269287
YLL062C,YJR060W,0,-1.1676185,0.11086326092481613,0.9880715608596802,0.7976785898208618
YBL082C,YDR054C,0,-1.1680257,0.11085090041160583,0.9880715608596802,0.7977786660194397
YGL120C,YKR014C,0,-1.1680609,0.11083853989839554,0.9880715608596802,0.7978787422180176
YCR047C,YDR390C,0,-1.1689944,0.11082617938518524,0.9880715608596802,0.7979787588119507
YJL156C,YNL248C,0,-1.1693206,0.11081382632255554,0.9880715608596802,0.7980788350105286
YLR139C,YLR186W,0,-1.1694201,0.11080147325992584,0.9880715608596802,0.7981789112091064
YMR171C,YJL190C,0,-1.1697471,0.11078912019729614,0.9880715608596802,0.7982789874076843
YOR089C,YAR044W,1,-1.1704146,0.11088822036981583,0.9890655875205994,0.7982789874076843
YGR054W,YGL141W,0,-1.1704869,0.11087586730718613,0.9890655875205994,0.7983790040016174
YDR036C,YJR075W,0,-1.1708829,0.11086350679397583,0.9890655875205994,0.7984790802001953
YOL123W,YAL058W,0,-1.1710255,0.11085116118192673,0.9890655875205994,0.7985791563987732
YGR272C,YHR129C,0,-1.1712077,0.11083880811929703,0.9890655875205994,0.7986792325973511
YKR050W,YPR031W,0,-1.1718433,0.11082646250724792,0.9890655875205994,0.7987792491912842
YJR104C,YPL090C,0,-1.1719818,0.11081412434577942,0.9890655875205994,0.7988793253898621
YDL129W,YNL188W,0,-1.174136,0.11080177873373032,0.9890655875205994,0.7989794015884399
YLR142W,YGR047C,0,-1.1744897,0.11078944802284241,0.9890655875205994,0.799079418182373
YGL191W,YOR228C,0,-1.1753559,0.1107771098613739,0.9890655875205994,0.7991794943809509
YHR021C,YNR001C,0,-1.1754016,0.11076477915048599,0.9890655875205994,0.7992795705795288
YFL036W,YDL130W-A,0,-1.1754875,0.11075244843959808,0.9890655875205994,0.7993796467781067
YML027W,YER161C,0,-1.1762859,0.11074012517929077,0.9890655875205994,0.7994796633720398
YDR322W,YAR007C,0,-1.1763184,0.11072780191898346,0.9890655875205994,0.7995797395706177
YFR006W,YLR010C,0,-1.1766343,0.11071547865867615,0.9890655875205994,0.7996798157691956
YOL152W,YGR001C,0,-1.1768558,0.11070316284894943,0.9890655875205994,0.7997798919677734
YDL060W,YGR002C,0,-1.17804,0.11069084703922272,0.9890655875205994,0.7998799085617065
YIL111W,YDR402C,0,-1.1782191,0.110678531229496,0.9890655875205994,0.7999799847602844
YMR022W,YDL017W,0,-1.1800086,0.11066622287034988,0.9890655875205994,0.8000800609588623
YJR025C,YPL089C,0,-1.1807826,0.11065391451120377,0.9890655875205994,0.8001801371574402
YER025W,YOR257W,0,-1.1810467,0.11064161360263824,0.9890655875205994,0.8002801537513733
YJL062W-A,YPR005C,0,-1.1815869,0.11062930524349213,0.9890655875205994,0.8003802299499512
YEL021W,YDL017W,0,-1.1818682,0.1106170117855072,0.9890655875205994,0.800480306148529
YDR279W,YOL092W,0,-1.1825031,0.11060471087694168,0.9890655875205994,0.8005803227424622
YGL141W,YBR185C,0,-1.1830449,0.11059241741895676,0.9890655875205994,0.80068039894104
YJL062W-A,YBL022C,0,-1.1841551,0.11058013141155243,0.9890655875205994,0.8007804751396179
YOR057W,YGR194C,0,-1.1855516,0.1105678379535675,0.9890655875205994,0.8008805513381958
YIL145C,YGR220C,0,-1.1860952,0.11055555194616318,0.9890655875205994,0.8009805679321289
YNL185C,YBL010C,0,-1.1863773,0.11054327338933945,0.9890655875205994,0.8010806441307068
YJR135C,YPR047W,0,-1.1898632,0.11053099483251572,0.9890655875205994,0.8011807203292847
YFR003C,YAR007C,0,-1.1924698,0.11051871627569199,0.9890655875205994,0.8012807965278625
YCR047C,YGR272C,0,-1.1925057,0.11050644516944885,0.9890655875205994,0.8013808131217957
YIL145C,YAR018C,0,-1.1926751,0.11049416661262512,0.9890655875205994,0.8014808893203735
YDR363W-A,YLR441C,0,-1.1932439,0.11048190295696259,0.9890655875205994,0.8015809655189514
YER029C,YKL154W,0,-1.193568,0.11046963185071945,0.9890655875205994,0.8016809821128845
YDR219C,YLR430W,0,-1.1938727,0.11045736819505692,0.9890655875205994,0.8017810583114624
YFR037C,YDL143W,0,-1.1942267,0.11044511198997498,0.9890655875205994,0.8018811345100403
YPL194W,YDR368W,0,-1.1942544,0.11043285578489304,0.9890655875205994,0.8019812107086182
YOR373W,YLR430W,0,-1.1956706,0.1104205995798111,0.9890655875205994,0.8020812273025513
YNL077W,YLR327C,0,-1.1967369,0.11040834337472916,0.9890655875205994,0.8021813035011292
YOR116C,YPL195W,0,-1.1971688,0.11039609462022781,0.9890655875205994,0.802281379699707
YIL160C,YOR374W,0,-1.1974392,0.11038384586572647,0.9890655875205994,0.8023814558982849
YNL112W,YAL058W,0,-1.1985933,0.11037160456180573,0.9890655875205994,0.802481472492218
YDL101C,YOL156W,0,-1.1989224,0.11035936325788498,0.9890655875205994,0.8025815486907959
YDR118W,YGR272C,0,-1.1991098,0.11034712195396423,0.9890655875205994,0.8026816248893738
YDL051W,YCR047C,0,-1.2002504,0.11033488810062408,0.9890655875205994,0.8027816414833069
YMR290C,YDL192W,0,-1.2004843,0.11032265424728394,0.9890655875205994,0.8028817176818848
YLR096W,YNL248C,0,-1.200968,0.11031042039394379,0.9890655875205994,0.8029817938804626
YHR140W,YOR332W,0,-1.2012893,0.11029819399118423,0.9890655875205994,0.8030818700790405
YBR198C,YBR164C,0,-1.2016279,0.11028596758842468,0.9890655875205994,0.8031818866729736
YGR263C,YCR037C,0,-1.20175,0.11027374118566513,0.9890655875205994,0.8032819628715515
YJL041W,YJL189W,0,-1.2018048,0.11026152223348618,0.9890655875205994,0.8033820390701294
YBR158W,YDR402C,0,-1.2027541,0.11024931073188782,0.9890655875205994,0.8034821152687073
YNR061C,YMR302C,0,-1.2046788,0.11023709177970886,0.9890655875205994,0.8035821318626404
YPL089C,YJL080C,0,-1.2047021,0.1102248802781105,0.9890655875205994,0.8036822080612183
YHR067W,YGR194C,0,-1.2047932,0.11021266877651215,0.9890655875205994,0.8037822842597961
YOR063W,YLL011W,0,-1.2049661,0.11020046472549438,0.9890655875205994,0.8038823008537292
YCR010C,YOR246C,0,-1.2058212,0.11018826067447662,0.9890655875205994,0.8039823770523071
YJL048C,YOR396W,0,-1.2061663,0.11017605662345886,0.9890655875205994,0.804082453250885
YPL111W,YLR014C,0,-1.2074051,0.1101638600230217,0.9890655875205994,0.8041825294494629
YGL035C,YPL157W,0,-1.2075669,0.11015166342258453,0.9890655875205994,0.804282546043396
YOR057W,YKL179C,0,-1.2079604,0.11013947427272797,0.9890655875205994,0.8043826222419739
YBR050C,YKL042W,0,-1.2079966,0.1101272851228714,0.9890655875205994,0.8044826984405518
YHL044W,YBL061C,0,-1.2087479,0.11011509597301483,0.9890655875205994,0.8045827746391296
YKL089W,YJL056C,0,-1.2091724,0.11010290682315826,0.9890655875205994,0.8046827912330627
YBR237W,YNL217W,0,-1.2092032,0.1100907251238823,0.9890655875205994,0.8047828674316406
YPL194W,YJR033C,0,-1.2100604,0.11007855087518692,0.9890655875205994,0.8048829436302185
YDR279W,YHR140W,0,-1.2101209,0.11006636917591095,0.9890655875205994,0.8049829602241516
YKR058W,YDR487C,0,-1.2102196,0.11005419492721558,0.9890655875205994,0.8050830364227295
YIL090W,YCR094W,0,-1.2102416,0.1100420281291008,0.9890655875205994,0.8051831126213074
YJL048C,YOL157C,0,-1.2114323,0.11002985388040543,0.9890655875205994,0.8052831888198853
YDR368W,YJR135W-A,0,-1.2114973,0.11001769453287125,0.9890655875205994,0.8053832054138184
YJR016C,YHR207C,0,-1.2125832,0.11000552773475647,0.9890655875205994,0.8054832816123962
YPL106C,YGL035C,0,-1.2126883,0.10999336838722229,0.9890655875205994,0.8055833578109741
YKL173W,YFL037W,0,-1.2130125,0.10998120903968811,0.9890655875205994,0.805683434009552
YOR384W,YKR048C,0,-1.2137928,0.10996905714273453,0.9890655875205994,0.8057834506034851
YMR307W,YPR021C,0,-1.2143126,0.10995689779520035,0.9890655875205994,0.805883526802063
YER029C,YOL077C,0,-1.2148271,0.10994475334882736,0.9890655875205994,0.8059836030006409
YMR312W,YCL066W,0,-1.2174612,0.10993260145187378,0.9890655875205994,0.8060836791992188
YBR237W,YCR028C,0,-1.217511,0.1099204570055008,0.9890655875205994,0.8061836957931519
YER089C,YAL062W,0,-1.2180836,0.1099083200097084,0.9890655875205994,0.8062837719917297
YNL206C,YGR006W,0,-1.2181996,0.10989617556333542,0.9890655875205994,0.8063838481903076
YDR059C,YAR044W,1,-1.2184525,0.10999447852373123,0.9900596141815186,0.8063838481903076
YDL006W,YER112W,0,-1.2192912,0.10998233407735825,0.9900596141815186,0.8064838647842407
YBR024W,YOL149W,0,-1.2207158,0.10997018963098526,0.9900596141815186,0.8065839409828186
YOR356W,YGR158C,0,-1.221385,0.10995804518461227,0.9900596141815186,0.8066840171813965
YDR487C,YLR158C,0,-1.2215562,0.10994590818881989,0.9900596141815186,0.8067840933799744
YIL093C,YOR315W,0,-1.2217143,0.1099337711930275,0.9900596141815186,0.8068841099739075
YGL120C,YER048W-A,0,-1.2218354,0.1099216416478157,0.9900596141815186,0.8069841861724854
YBL024W,YPR019W,0,-1.2221043,0.10990951210260391,0.9900596141815186,0.8070842623710632
YMR257C,YKR104W,0,-1.2225528,0.10989738255739212,0.9900596141815186,0.8071843385696411
YNR011C,YOR233W,0,-1.2225624,0.10988526046276093,0.9900596141815186,0.8072843551635742
YPL271W,YKL034W,0,-1.2229528,0.10987313836812973,0.9900596141815186,0.8073844313621521
YHR105W,YHR044C,0,-1.2231371,0.10986101627349854,0.9900596141815186,0.80748450756073
YER056C-A,YPR102C,0,-1.2235693,0.10984890162944794,0.9900596141815186,0.8075845241546631
YMR094W,YNR070W,0,-1.2238508,0.10983678698539734,0.9900596141815186,0.807684600353241
YHR206W,YDR330W,0,-1.2238972,0.10982467979192734,0.9900596141815186,0.8077846765518188
YJL148W,YCL050C,0,-1.2240438,0.10981257259845734,0.9900596141815186,0.8078847527503967
YGR263C,YLR086W,0,-1.2243305,0.10980046540498734,0.9900596141815186,0.8079847693443298
YDR299W,YJL153C,0,-1.2250843,0.10978835821151733,0.9900596141815186,0.8080848455429077
YDL114W,YDL200C,0,-1.2251267,0.10977625846862793,0.9900596141815186,0.8081849217414856
YBR205W,YMR281W,0,-1.2251396,0.10976415872573853,0.9900596141815186,0.8082849979400635
YDR418W,YLR276C,0,-1.2251761,0.10975206643342972,0.9900596141815186,0.8083850145339966
YDL229W,YHR010W,0,-1.2258775,0.10973997414112091,0.9900596141815186,0.8084850907325745
YER086W,YOL147C,0,-1.2260599,0.1097278818488121,0.9900596141815186,0.8085851669311523
YKL156W,YGR006W,0,-1.2266128,0.10971579700708389,0.9900596141815186,0.8086851835250854
YDR013W,YGL249W,0,-1.2276776,0.10970371216535568,0.9900596141815186,0.8087852597236633
YAL035W,YIL126W,0,-1.2280958,0.10969162732362747,0.9900596141815186,0.8088853359222412
YDR096W,YMR023C,0,-1.2284992,0.10967954993247986,0.9900596141815186,0.8089854121208191
YDL082W,YLL035W,0,-1.230009,0.10966747254133224,0.9900596141815186,0.8090854287147522
YDR322W,YHR013C,0,-1.2302259,0.10965540260076523,0.9900596141815186,0.8091855049133301
YJR060W,YKL164C,0,-1.2302532,0.10964332520961761,0.9900596141815186,0.809285581111908
YBL088C,YNL301C,0,-1.2305744,0.1096312627196312,0.9900596141815186,0.8093856573104858
YKL034W,YDL130W-A,0,-1.2305802,0.10961919277906418,0.9900596141815186,0.809485673904419
YBL054W,YKL154W,0,-1.2310534,0.10960713028907776,0.9900596141815186,0.8095857501029968
YBR123C,YML088W,0,-1.2322476,0.10959506779909134,0.9900596141815186,0.8096858263015747
YHR206W,YKL164C,0,-1.2322929,0.10958301275968552,0.9900596141815186,0.8097858428955078
YOR224C,YPL155C,0,-1.2323163,0.1095709577202797,0.9900596141815186,0.8098859190940857
YDR065W,YJR058C,0,-1.2323954,0.10955890268087387,0.9900596141815186,0.8099859952926636
YMR098C,YJL062W-A,0,-1.2328141,0.10954685509204865,0.9900596141815186,0.8100860714912415
YAL010C,YDR060W,0,-1.2332163,0.10953480750322342,0.9900596141815186,0.8101860880851746
YBL103C,YKL199C,0,-1.2336783,0.1095227599143982,0.9900596141815186,0.8102861642837524
YOL156W,YBR040W,0,-1.2339509,0.10951071977615356,0.9900596141815186,0.8103862404823303
YDR315C,YLR381W,0,-1.2340833,0.10949867963790894,0.9900596141815186,0.8104863166809082
YKL178C,YIR012W,0,-1.2354591,0.1094866469502449,0.9900596141815186,0.8105863332748413
YLR142W,YDR121W,0,-1.2360924,0.10947460681200027,0.9900596141815186,0.8106864094734192
YGL232W,YER147C,0,-1.2388002,0.10946258157491684,0.9900596141815186,0.8107864856719971
YNL227C,YDR490C,1,-1.2409189,0.10956043750047684,0.9910537004470825,0.8107864856719971
YOR063W,YGR200C,0,-1.2414016,0.1095484048128128,0.9910537004470825,0.8108865022659302
YDR228C,YKL116C,0,-1.2419357,0.10953636467456818,0.9910537004470825,0.8109865784645081
YKL028W,YMR204C,0,-1.242288,0.10952433198690414,0.9910537004470825,0.8110866546630859
YMR043W,YMR211W,0,-1.2423462,0.10951229929924011,0.9910537004470825,0.8111867308616638
YOR356W,YPR118W,0,-1.242376,0.10950027406215668,0.9910537004470825,0.8112867474555969
YDR121W,YGR075C,0,-1.2429237,0.10948824882507324,0.9910537004470825,0.8113868236541748
YMR094W,YOL005C,0,-1.2439989,0.10947622358798981,0.9910537004470825,0.8114868998527527
YHR105W,YDL143W,0,-1.2447238,0.10946420580148697,0.9910537004470825,0.8115869760513306
YBR205W,YCR098C,0,-1.2452699,0.10945218801498413,0.9910537004470825,0.8116869926452637
YHR215W,YGL141W,0,-1.2455195,0.10944017767906189,0.9910537004470825,0.8117870688438416
YOR257W,YIL113W,0,-1.2464385,0.10942816734313965,0.9910537004470825,0.8118871450424194
YIL111W,YLR433C,0,-1.2468472,0.10941615700721741,0.9910537004470825,0.8119872212409973
YJR121W,YBR009C,0,-1.246932,0.10940414667129517,0.9910537004470825,0.8120872378349304
YDL164C,YIL112W,0,-1.2474583,0.10939214378595352,0.9910537004470825,0.8121873140335083
YOR046C,YGR272C,0,-1.2482878,0.10938014090061188,0.9910537004470825,0.8122873902320862
YGL040C,YKR105C,0,-1.2491975,0.10936814546585083,0.9910537004470825,0.8123874068260193
YNL206C,YDR044W,0,-1.2501186,0.10935615003108978,0.9910537004470825,0.8124874830245972
YBR176W,YJL121C,0,-1.2504532,0.10934415459632874,0.9910537004470825,0.812587559223175
YBL093C,YEL021W,0,-1.2508602,0.10933216661214828,0.9910537004470825,0.8126876354217529
YDR177W,YML087C,0,-1.2514671,0.10932017862796783,0.9910537004470825,0.812787652015686
YJL062W-A,YDR503C,0,-1.2529631,0.10930819064378738,0.9910537004470825,0.8128877282142639
YNL248C,YOL019W,0,-1.2530679,0.10929621011018753,0.9910537004470825,0.8129878044128418
YDR520C,YLR121C,0,-1.2544942,0.10928422957658768,0.9910537004470825,0.8130878806114197
YGR223C,YCL059C,0,-1.2554584,0.10927224904298782,0.9910537004470825,0.8131878972053528
YBL103C,YDL112W,0,-1.2560577,0.10926027595996857,0.9910537004470825,0.8132879734039307
YER148W,YCR075C,0,-1.2563105,0.10924830287694931,0.9910537004470825,0.8133880496025085
YCL031C,YNL189W,0,-1.2564468,0.10923632979393005,0.9910537004470825,0.8134880661964417
YEL002C,YLL035W,0,-1.2567792,0.1092243641614914,0.9910537004470825,0.8135881423950195
YOR076C,YDL060W,0,-1.2570086,0.10921239852905273,0.9910537004470825,0.8136882185935974
YBL093C,YHR044C,0,-1.2572069,0.10920044034719467,0.9910537004470825,0.8137882947921753
YOR061W,YHR140W,0,-1.2583926,0.10918848216533661,0.9910537004470825,0.8138883113861084
YIL145C,YOR092W,0,-1.2589151,0.10917652398347855,0.9910537004470825,0.8139883875846863
YLR283W,YPR122W,0,-1.2590066,0.10916456580162048,0.9910537004470825,0.8140884637832642
YGR063C,YGL084C,0,-1.2591245,0.10915261507034302,0.9910537004470825,0.814188539981842
YDR532C,YNL227C,0,-1.2594419,0.10914066433906555,0.9910537004470825,0.8142885565757751
YCR096C,YBL010C,0,-1.2597257,0.10912872105836868,0.9910537004470825,0.814388632774353
YJL041W,YGR158C,0,-1.2605577,0.10911677777767181,0.9910537004470825,0.8144887089729309
YDL067C,YPR168W,0,-1.2609181,0.10910483449697495,0.9910537004470825,0.814588725566864
YER025W,YJL136C,0,-1.2615187,0.10909289866685867,0.9910537004470825,0.8146888017654419
YDL143W,YER048W-A,0,-1.2616425,0.1090809628367424,0.9910537004470825,0.8147888779640198
YML129C,YDR418W,0,-1.2623129,0.10906902700662613,0.9910537004470825,0.8148889541625977
YBR033W,YDR479C,0,-1.2626367,0.10905709862709045,0.9910537004470825,0.8149889707565308
YOL030W,YLR139C,0,-1.2628322,0.10904517024755478,0.9910537004470825,0.8150890469551086
YDR036C,YBR055C,0,-1.2630992,0.1090332493185997,0.9910537004470825,0.8151891231536865
YDR315C,YNL227C,0,-1.2631305,0.10902132093906403,0.9910537004470825,0.8152891993522644
YDR012W,YBR050C,0,-1.2632546,0.10900940001010895,0.9910537004470825,0.8153892159461975
YML104C,YJR143C,0,-1.2634954,0.10899748653173447,0.9910537004470825,0.8154892921447754
YKL089W,YBL054W,0,-1.2636507,0.10898557305335999,0.9910537004470825,0.8155893683433533
YNL306W,YDR239C,0,-1.2637061,0.1089736595749855,0.9910537004470825,0.8156893849372864
YJR139C,YNL218W,0,-1.2642657,0.10896174609661102,0.9910537004470825,0.8157894611358643
YBR082C,YJL125C,0,-1.2645034,0.10894984006881714,0.9910537004470825,0.8158895373344421
YHR101C,YNL206C,0,-1.2647061,0.10893793404102325,0.9910537004470825,0.81598961353302
YDL210W,YJL044C,0,-1.2647941,0.10892603546380997,0.9910537004470825,0.8160896301269531
YPL089C,YGR062C,0,-1.2649889,0.10891413688659668,0.9910537004470825,0.816189706325531
YKL179C,YMR223W,0,-1.2649977,0.10890223830938339,0.9910537004470825,0.8162897825241089
YDR531W,YJR010C-A,0,-1.2650731,0.1088903471827507,0.9910537004470825,0.8163898587226868
YBR030W,YGR135W,0,-1.2651501,0.10887845605611801,0.9910537004470825,0.8164898753166199
YER110C,YMR150C,0,-1.2655506,0.10886656492948532,0.9910537004470825,0.8165899515151978
YER153C,YGL039W,0,-1.2666953,0.10885468125343323,0.9910537004470825,0.8166900277137756
YIL027C,YOL109W,0,-1.2667184,0.10884279757738113,0.9910537004470825,0.8167900443077087
YIL126W,YKR030W,0,-1.2670097,0.10883091390132904,0.9910537004470825,0.8168901205062866
YDL051W,YGR286C,0,-1.2671049,0.10881903767585754,0.9910537004470825,0.8169901967048645
YJL204C,YOR043W,1,-1.2689333,0.10891629010438919,0.9920477271080017,0.8169901967048645
YER180C,YBR164C,0,-1.2690737,0.1089044064283371,0.9920477271080017,0.8170902729034424
YLR204W,YDL030W,0,-1.2695398,0.108892522752285,0.9920477271080017,0.8171902894973755
YIL126W,YGR006W,0,-1.269758,0.10888064652681351,0.9920477271080017,0.8172903656959534
YGL210W,YOR039W,0,-1.2701571,0.10886877030134201,0.9920477271080017,0.8173904418945312
YLR106C,YPL174C,0,-1.2715174,0.10885689407587051,0.9920477271080017,0.8174905180931091
YGL120C,YDR014W,0,-1.2729018,0.10884501785039902,0.9920477271080017,0.8175905346870422
YHR147C,YBR185C,0,-1.2729583,0.10883314907550812,0.9920477271080017,0.8176906108856201
YDR511W,YML074C,0,-1.2734269,0.10882128775119781,0.9920477271080017,0.817790687084198
YNL101W,YBL023C,0,-1.2738923,0.10880941897630692,0.9920477271080017,0.8178907632827759
YPL068C,YOR150W,0,-1.2740022,0.10879755765199661,0.9920477271080017,0.817990779876709
YDR239C,YAL012W,0,-1.274478,0.10878569632768631,0.9920477271080017,0.8180908560752869
YDR520C,YNL146W,0,-1.2745552,0.1087738424539566,0.9920477271080017,0.8181909322738647
YBR176W,YLR127C,0,-1.2745562,0.1087619885802269,0.9920477271080017,0.8182909488677979
YPL074W,YLR403W,0,-1.2748959,0.10875013470649719,0.9920477271080017,0.8183910250663757
YLR418C,YBR297W,0,-1.2749203,0.10873828828334808,0.9920477271080017,0.8184911012649536
YLL038C,YKR050W,0,-1.275737,0.10872644186019897,0.9920477271080017,0.8185911774635315
YLL009C,YMR221C,0,-1.2757523,0.10871459543704987,0.9920477271080017,0.8186911940574646
YER095W,YJL062W,0,-1.2759004,0.10870275646448135,0.9920477271080017,0.8187912702560425
YOR047C,YPL160W,0,-1.2759615,0.10869091749191284,0.9920477271080017,0.8188913464546204
YDL127W,YDL082W,0,-1.2763604,0.10867907851934433,0.9920477271080017,0.8189914226531982
YDR197W,YGR218W,0,-1.2773445,0.10866724699735641,0.9920477271080017,0.8190914392471313
YDR448W,YBR105C,0,-1.2788172,0.1086554154753685,0.9920477271080017,0.8191915154457092
YDR101C,YER030W,0,-1.2793258,0.10864359140396118,0.9920477271080017,0.8192915916442871
YDL205C,YLR074C,0,-1.2796627,0.10863175988197327,0.9920477271080017,0.8193916082382202
YIL051C,YHR184W,0,-1.2800967,0.10861993581056595,0.9920477271080017,0.8194916844367981
YDR253C,YDL067C,0,-1.2803926,0.10860811918973923,0.9920477271080017,0.819591760635376
YAL041W,YKL059C,0,-1.2818367,0.1085963025689125,0.9920477271080017,0.8196918368339539
YLR154C,YLR446W,0,-1.2828745,0.10858448594808578,0.9920477271080017,0.819791853427887
YNL158W,YLL011W,0,-1.2829362,0.10857266932725906,0.9920477271080017,0.8198919296264648
YDR532C,YML012W,0,-1.2830498,0.10856086015701294,0.9920477271080017,0.8199920058250427
YJL033W,YLL009C,0,-1.284724,0.10854905098676682,0.9920477271080017,0.8200920820236206
YMR290C,YER106W,0,-1.2848313,0.10853724926710129,0.9920477271080017,0.8201920986175537
YGR062C,YKL198C,0,-1.2849591,0.10852544754743576,0.9920477271080017,0.8202921748161316
YDR347W,YMR023C,0,-1.2850599,0.10851364582777023,0.9920477271080017,0.8203922510147095
YHR207C,YDR362C,0,-1.285241,0.1085018515586853,0.9920477271080017,0.8204922676086426
YLR204W,YNL206C,0,-1.2862881,0.10849004983901978,0.9920477271080017,0.8205923438072205
YIL072W,YOR069W,0,-1.2867663,0.10847826302051544,0.9920477271080017,0.8206924200057983
YJL198W,YMR198W,0,-1.2867794,0.10846646875143051,0.9920477271080017,0.8207924962043762
YBL075C,YGL123W,0,-1.2868211,0.10845468193292618,0.9920477271080017,0.8208925127983093
YER180C,YGR061C,0,-1.2868891,0.10844290256500244,0.9920477271080017,0.8209925889968872
YIL126W,YDR402C,0,-1.2869722,0.10843111574649811,0.9920477271080017,0.8210926651954651
YML018C,YKL059C,0,-1.2872671,0.10841933637857437,0.9920477271080017,0.821192741394043
YLR439W,YLR430W,0,-1.2881134,0.10840755701065063,0.9920477271080017,0.8212927579879761
YHR046C,YGR154C,0,-1.2886531,0.1083957850933075,0.9920477271080017,0.821392834186554
YNL001W,YLR106C,0,-1.2887,0.10838401317596436,0.9920477271080017,0.8214929103851318
YOR381W,YLR032W,0,-1.2888546,0.10837224125862122,0.9920477271080017,0.8215929269790649
YML034W,YLR371W,0,-1.2891768,0.10836047679185867,0.9920477271080017,0.8216930031776428
YIR012W,YKL164C,0,-1.2896211,0.10834871232509613,0.9920477271080017,0.8217930793762207
YGL119W,YAR044W,0,-1.2902634,0.10833695530891418,0.9920477271080017,0.8218931555747986
YER095W,YJR010C-A,0,-1.2903337,0.10832519084215164,0.9920477271080017,0.8219931721687317
YDL030W,YMR208W,0,-1.2907692,0.1083134338259697,0.9920477271080017,0.8220932483673096
YNR027W,YGR062C,0,-1.2907699,0.10830168426036835,0.9920477271080017,0.8221933245658875
YOL071W,YAR044W,0,-1.2910879,0.1082899272441864,0.9920477271080017,0.8222934007644653
YNL154C,YLR342W,1,-1.2913907,0.10838668048381805,0.9930417537689209,0.8222934007644653
YOR179C,YHL024W,0,-1.2915022,0.10837491601705551,0.9930417537689209,0.8223934173583984
YDR088C,YLR438C-A,0,-1.2921741,0.10836316645145416,0.9930417537689209,0.8224934935569763
YDR362C,YDR483W,0,-1.2922308,0.10835140943527222,0.9930417537689209,0.8225935697555542
YBL057C,YML070W,0,-1.2923667,0.10833965986967087,0.9930417537689209,0.8226936459541321
YML005W,YIL115C,0,-1.2931211,0.10832791030406952,0.9930417537689209,0.8227936625480652
YOL030W,YER089C,0,-1.2931827,0.10831616818904877,0.9930417537689209,0.8228937387466431
YBR156C,YER020W,0,-1.2935655,0.10830442607402802,0.9930417537689209,0.822993814945221
YGR104C,YER110C,0,-1.2939415,0.10829268395900726,0.9930417537689209,0.823093831539154
YPR048W,YBR185C,0,-1.2947578,0.10828094184398651,0.9930417537689209,0.8231939077377319
YDR022C,YOL125W,0,-1.2948813,0.10826920717954636,0.9930417537689209,0.8232939839363098
YLR142W,YJL062W,0,-1.2956455,0.1082574799656868,0.9930417537689209,0.8233940601348877
YBL082C,YDR483W,0,-1.2958295,0.10824574530124664,0.9930417537689209,0.8234940767288208
YDL141W,YCL027W,0,-1.2964525,0.10823401808738708,0.9930417537689209,0.8235941529273987
YER111C,YNL339C,0,-1.2977846,0.10822229087352753,0.9930417537689209,0.8236942291259766
YAL013W,YCL027W,0,-1.29781,0.10821057111024857,0.9930417537689209,0.8237943053245544
YPL159C,YLR276C,0,-1.2979738,0.1081988513469696,0.9930417537689209,0.8238943219184875
YLR154C,YDR055W,0,-1.2992864,0.10818713158369064,0.9930417537689209,0.8239943981170654
YDR219C,YNR011C,0,-1.299839,0.10817541927099228,0.9930417537689209,0.8240944743156433
YDR448W,YDL184C,0,-1.2998605,0.10816370695829391,0.9930417537689209,0.8241944909095764
YER048W-A,YAL021C,0,-1.3000436,0.10815199464559555,0.9930417537689209,0.8242945671081543
YAL043C,YLR074C,0,-1.3000925,0.10814028978347778,0.9930417537689209,0.8243946433067322
YMR088C,YDR239C,0,-1.3013743,0.10812858492136002,0.9930417537689209,0.8244947195053101
YNL185C,YGL258W-A,0,-1.301795,0.10811688005924225,0.9930417537689209,0.8245947360992432
YDL120W,YOR396W,0,-1.301795,0.10810518264770508,0.9930417537689209,0.824694812297821
YMR256C,YGL258W-A,0,-1.301795,0.10809348523616791,0.9930417537689209,0.8247948884963989
YOR308C,YFL029C,0,-1.3021533,0.10808179527521133,0.9930417537689209,0.8248949646949768
YDR511W,YAR044W,0,-1.3023627,0.10807009786367416,0.9930417537689209,0.8249949812889099
YOL067C,YPR118W,0,-1.3033416,0.10805840790271759,0.9930417537689209,0.8250950574874878
YNL119W,YLR186W,0,-1.3034883,0.10804672539234161,0.9930417537689209,0.8251951336860657
YIL101C,YGR272C,0,-1.3036046,0.10803503543138504,0.9930417537689209,0.8252951502799988
YDR341C,YGL089C,0,-1.3041139,0.10802335292100906,0.9930417537689209,0.8253952264785767
YBR289W,YMR037C,0,-1.3043926,0.10801167786121368,0.9930417537689209,0.8254953026771545
YER048W-A,YHR129C,0,-1.3044543,0.1080000028014183,0.9930417537689209,0.8255953788757324
YDR347W,YHR140W,0,-1.3045626,0.10798832774162292,0.9930417537689209,0.8256953954696655
YLL011W,YLR287C-A,0,-1.3048276,0.10797665268182755,0.9930417537689209,0.8257954716682434
YBR251W,YAR044W,0,-1.3049066,0.10796498507261276,0.9930417537689209,0.8258955478668213
YDR107C,YKR037C,0,-1.305037,0.10795331746339798,0.9930417537689209,0.8259956240653992
YFR037C,YJL121C,0,-1.3050401,0.1079416498541832,0.9930417537689209,0.8260956406593323
YKR038C,YLR371W,0,-1.3056128,0.10792998969554901,0.9930417537689209,0.8261957168579102
YMR316W,YOL105C,0,-1.3057752,0.10791832953691483,0.9930417537689209,0.826295793056488
YDL114W,YML087C,0,-1.3070889,0.10790667682886124,0.9930417537689209,0.8263958096504211
YGL120C,YGL106W,0,-1.3071193,0.10789502412080765,0.9930417537689209,0.826495885848999
YJR010C-A,YBL023C,0,-1.3089747,0.10788337141275406,0.9930417537689209,0.8265959620475769
YDR219C,YMR184W,0,-1.311918,0.10787171870470047,0.9930417537689209,0.8266960382461548
YPR049C,YJL156C,0,-1.3120484,0.10786007344722748,0.9930417537689209,0.8267960548400879
YPL091W,YMR043W,0,-1.3120792,0.10784842818975449,0.9930417537689209,0.8268961310386658
YJR013W,YML060W,0,-1.3136348,0.10783679038286209,0.9930417537689209,0.8269962072372437
YER161C,YOL077C,0,-1.3145096,0.1078251451253891,0.9930417537689209,0.8270962834358215
YHR031C,YLR038C,0,-1.3159527,0.1078135147690773,0.9930417537689209,0.8271963000297546
YLR126C,YLR221C,0,-1.3159679,0.1078018769621849,0.9930417537689209,0.8272963762283325
YML113W,YCL047C,0,-1.3167228,0.10779024660587311,0.9930417537689209,0.8273964524269104
YPR108W,YBR009C,0,-1.3169713,0.10777861624956131,0.9930417537689209,0.8274964690208435
YOR061W,YGL090W,0,-1.3174849,0.10776699334383011,0.9930417537689209,0.8275965452194214
YER030W,YLL022C,0,-1.3186586,0.10775536298751831,0.9930417537689209,0.8276966214179993
YLR142W,YGR071C,0,-1.3190601,0.1077437475323677,0.9930417537689209,0.8277966976165771
YDR228C,YAL008W,0,-1.3209617,0.1077321246266365,0.9930417537689209,0.8278967142105103
YMR198W,YCL059C,0,-1.3209829,0.1077205091714859,0.9930417537689209,0.8279967904090881
YHR052W,YDR101C,0,-1.3227043,0.1077088937163353,0.9930417537689209,0.828096866607666
YGR116W,YML088W,0,-1.3228676,0.10769728571176529,0.9930417537689209,0.8281969428062439
YAR015W,YNL301C,0,-1.3238801,0.10768567770719528,0.9930417537689209,0.828296959400177
YJL190C,YFR007W,0,-1.3241842,0.10767406970262527,0.9930417537689209,0.8283970355987549
YHR153C,YBR122C,0,-1.3247843,0.10766246169805527,0.9930417537689209,0.8284971117973328
YCR040W,YOR306C,0,-1.3252784,0.10765086114406586,0.9930417537689209,0.8285971879959106
YIR012W,YPR032W,0,-1.3252821,0.10763926059007645,0.9930417537689209,0.8286972045898438
YMR022W,YKR097W,0,-1.3256499,0.10762766748666763,0.9930417537689209,0.8287972807884216
YOR224C,YJL041W,0,-1.3264093,0.10761607438325882,0.9930417537689209,0.8288973569869995
YBR237W,YOR396W,0,-1.3272363,0.10760448127985,0.9930417537689209,0.8289973735809326
YNL039W,YOR396W,0,-1.3272363,0.10759288817644119,0.9930417537689209,0.8290974497795105
YFR037C,YOR396W,0,-1.3272363,0.10758130252361298,0.9930417537689209,0.8291975259780884
YGL106W,YJL109C,0,-1.3286155,0.10756972432136536,0.9930417537689209,0.8292976021766663
YCR072C,YLR106C,0,-1.3288996,0.10755813866853714,0.9930417537689209,0.8293976187705994
YBR041W,YEL058W,0,-1.330278,0.10754656046628952,0.9930417537689209,0.8294976949691772
YDL143W,YIR015W,0,-1.3303001,0.1075349822640419,0.9930417537689209,0.8295977711677551
YJR158W,YNL227C,0,-1.330974,0.10752341151237488,0.9930417537689209,0.829697847366333
YOR057W,YBR035C,0,-1.3310497,0.10751184076070786,0.9930417537689209,0.8297978639602661
YMR043W,YAL021C,0,-1.3318319,0.10750027000904083,0.9930417537689209,0.829897940158844
YDR511W,YPR186C,0,-1.332484,0.10748869925737381,0.9930417537689209,0.8299980163574219
YPL091W,YML115C,0,-1.3330299,0.10747713595628738,0.9930417537689209,0.830098032951355
YDL114W,YIL155C,0,-1.3332384,0.10746558010578156,0.9930417537689209,0.8301981091499329
YGL009C,YDR158W,0,-1.333389,0.10745401680469513,0.9930417537689209,0.8302981853485107
YHR028C,YHR160C,0,-1.3334627,0.1074424609541893,0.9930417537689209,0.8303982615470886
YJR089W,YPL204W,0,-1.3337331,0.10743090510368347,0.9930417537689209,0.8304982781410217
YKL183W,YKL179C,0,-1.3341107,0.10741935670375824,0.9930417537689209,0.8305983543395996
YLL038C,YOR337W,0,-1.334459,0.10740780830383301,0.9930417537689209,0.8306984305381775
YJL033W,YBR283C,0,-1.3346097,0.10739625990390778,0.9930417537689209,0.8307985067367554
YAR019C,YIL113W,0,-1.3347118,0.10738471150398254,0.9930417537689209,0.8308985233306885
YMR257C,YNL061W,0,-1.3351977,0.10737317055463791,0.9930417537689209,0.8309985995292664
YML060W,YPR019W,0,-1.335312,0.10736163705587387,0.9930417537689209,0.8310986757278442
YDR400W,YLR246W,0,-1.3355547,0.10735009610652924,0.9930417537689209,0.8311986923217773
YOL127W,YER147C,0,-1.3357013,0.1073385626077652,0.9930417537689209,0.8312987685203552
YOR228C,YHR064C,0,-1.3376901,0.10732702910900116,0.9930417537689209,0.8313988447189331
YNL330C,YML104C,0,-1.3380225,0.10731550306081772,0.9930417537689209,0.831498920917511
YMR188C,YDR420W,0,-1.338506,0.10730397701263428,0.9930417537689209,0.8315989375114441
YNR001C,YDR077W,0,-1.3410861,0.10729245096445084,0.9930417537689209,0.831699013710022
YBR055C,YER161C,0,-1.3416781,0.1072809249162674,0.9930417537689209,0.8317990899085999
YPR098C,YHR171W,0,-1.341718,0.10726940631866455,0.9930417537689209,0.8318991661071777
YMR094W,YLR448W,0,-1.3420923,0.1072578877210617,0.9930417537689209,0.8319991827011108
YCR077C,YKL021C,0,-1.3434776,0.10724637657403946,0.9930417537689209,0.8320992588996887
YMR016C,YLR134W,0,-1.343596,0.10723486542701721,0.9930417537689209,0.8321993350982666
YIL072W,YBL057C,0,-1.3435981,0.10722335427999496,0.9930417537689209,0.8322993516921997
YGR158C,YLL035W,0,-1.3438551,0.10721185058355331,0.9930417537689209,0.8323994278907776
YGR286C,YMR071C,0,-1.344189,0.10720034688711166,0.9930417537689209,0.8324995040893555
YJR135C,YDR501W,0,-1.3448129,0.10718884319067001,0.9930417537689209,0.8325995802879333
YGR047C,YBR291C,0,-1.3448135,0.10717733949422836,0.9930417537689209,0.8326995968818665
YBR156C,YER091C,0,-1.3452852,0.10716584324836731,0.9930417537689209,0.8327996730804443
YOR179C,YNL039W,0,-1.3460522,0.10715434700250626,0.9930417537689209,0.8328997492790222
YMR128W,YBR231C,0,-1.3462999,0.1071428582072258,0.9930417537689209,0.8329998254776001
YMR004W,YER113C,0,-1.3468664,0.10713136941194534,0.9930417537689209,0.8330998420715332
YJR110W,YER086W,0,-1.3470664,0.10711988061666489,0.9930417537689209,0.8331999182701111
YKL154W,YPL194W,0,-1.3476233,0.10710839182138443,0.9930417537689209,0.833299994468689
YML043C,YHR025W,0,-1.3481008,0.10709691047668457,0.9930417537689209,0.8334000110626221
YOR047C,YER027C,0,-1.348753,0.10708542913198471,0.9930417537689209,0.8335000872612
YMR306W,YBR142W,0,-1.3489537,0.10707395523786545,0.9930417537689209,0.8336001634597778
YDR322W,YCR075C,0,-1.3492348,0.10706248134374619,0.9930417537689209,0.8337002396583557
YMR070W,YML063W,0,-1.3495233,0.10705100744962692,0.9930417537689209,0.8338002562522888
YGL232W,YOR315W,0,-1.3495785,0.10703953355550766,0.9930417537689209,0.8339003324508667
YOR179C,YER053C,0,-1.3497908,0.107028067111969,0.9930417537689209,0.8340004086494446
YPL194W,YHR017W,0,-1.3503438,0.10701660066843033,0.9930417537689209,0.8341004848480225
YGR058W,YGR062C,0,-1.3508388,0.10700514167547226,0.9930417537689209,0.8342005014419556
YPR098C,YDL060W,0,-1.3519301,0.10699368268251419,0.9930417537689209,0.8343005776405334
YDR440W,YKL042W,0,-1.3523283,0.10698222368955612,0.9930417537689209,0.8344006538391113
YOL067C,YOL152W,0,-1.3529685,0.10697076469659805,0.9930417537689209,0.8345007300376892
YMR036C,YKL108W,0,-1.3530722,0.10695931315422058,0.9930417537689209,0.8346007466316223
YER140W,YDL075W,0,-1.3530838,0.10694786161184311,0.9930417537689209,0.8347008228302002
YNL218W,YBR084W,0,-1.3533106,0.10693641752004623,0.9930417537689209,0.8348008990287781
YLR154C,YOR069W,0,-1.3536993,0.10692497342824936,0.9930417537689209,0.8349009156227112
YDR312W,YKR058W,0,-1.3538544,0.10691352933645248,0.9930417537689209,0.8350009918212891
YDR219C,YLR343W,0,-1.3548648,0.10690208524465561,0.9930417537689209,0.8351010680198669
YLR086W,YDL067C,0,-1.3549726,0.10689064860343933,0.9930417537689209,0.8352011442184448
YDR044W,YAL025C,0,-1.3556601,0.10687921196222305,0.9930417537689209,0.8353011608123779
YLR385C,YER012W,0,-1.357717,0.10686778277158737,0.9930417537689209,0.8354012370109558
YEL064C,YDL051W,0,-1.357875,0.1068563461303711,0.9930417537689209,0.8355013132095337
YBR231C,YAL062W,0,-1.3583443,0.10684491693973541,0.9930417537689209,0.8356013894081116
YBR237W,YIL113W,0,-1.3591676,0.10683349519968033,0.9930417537689209,0.8357014060020447
YAL010C,YKL021C,0,-1.3592538,0.10682207345962524,0.9930417537689209,0.8358014822006226
YPL226W,YOR244W,0,-1.3598056,0.10681065171957016,0.9930417537689209,0.8359015583992004
YBR058C-A,YJL062W,0,-1.3601758,0.10679922997951508,0.9930417537689209,0.8360015749931335
YLR086W,YNL212W,0,-1.3602046,0.10678781569004059,0.9930417537689209,0.8361016511917114
YLL038C,YPL032C,1,-1.3610504,0.10688327997922897,0.9940357804298401,0.8361016511917114
YNL077W,YJL221C,0,-1.3623598,0.10687185823917389,0.9940357804298401,0.8362017273902893
YPL028W,YPR047W,0,-1.3635353,0.1068604439496994,0.9940357804298401,0.8363018035888672
YHR076W,YBR084W,0,-1.3638628,0.10684902220964432,0.9940357804298401,0.8364018201828003
YDL085W,YGL059W,0,-1.3641169,0.10683760792016983,0.9940357804298401,0.8365018963813782
YNL330C,YDR107C,0,-1.3647634,0.10682619363069534,0.9940357804298401,0.836601972579956
YLR201C,YIR002C,0,-1.365329,0.10681478679180145,0.9940357804298401,0.8367020487785339
YJR121W,YOR057W,0,-1.3661542,0.10680337250232697,0.9940357804298401,0.836802065372467
YPL226W,YOR067C,0,-1.3663927,0.10679196566343307,0.9940357804298401,0.8369021415710449
YPL143W,YAL035W,0,-1.3668451,0.10678056627511978,0.9940357804298401,0.8370022177696228
YKL059C,YJR155W,0,-1.3669293,0.10676916688680649,0.9940357804298401,0.8371022343635559
YMR166C,YFL029C,0,-1.3670025,0.1067577674984932,0.9940357804298401,0.8372023105621338
YGL090W,YPR041W,0,-1.3676721,0.1067463681101799,0.9940357804298401,0.8373023867607117
YBR036C,YCR054C,0,-1.3684554,0.1067349761724472,0.9940357804298401,0.8374024629592896
YGL147C,YPR192W,0,-1.3684677,0.10672358423471451,0.9940357804298401,0.8375024795532227
YOR167C,YCR047C,0,-1.3693739,0.10671219974756241,0.9940357804298401,0.8376025557518005
YLR283W,YHR136C,0,-1.3698173,0.10670080780982971,0.9940357804298401,0.8377026319503784
YEL059C-A,YBL010C,0,-1.3705325,0.10668943077325821,0.9940357804298401,0.8378027081489563
YPL281C,YGR124W,0,-1.3720138,0.10667804628610611,0.9940357804298401,0.8379027247428894
YER086W,YNL039W,0,-1.3723197,0.1066666692495346,0.9940357804298401,0.8380028009414673
YKL011C,YOL019W,0,-1.373559,0.1066552922129631,0.9940357804298401,0.8381028771400452
YMR223W,YDL017W,0,-1.3739071,0.1066439151763916,0.9940357804298401,0.8382028937339783
YMR006C,YPL149W,0,-1.3766418,0.1066325455904007,0.9940357804298401,0.8383029699325562
YLR204W,YIL155C,0,-1.3768862,0.10662117600440979,0.9940357804298401,0.838403046131134
YDR096W,YJR135W-A,0,-1.3772442,0.10660980641841888,0.9940357804298401,0.8385031223297119
YGR071C,YGR272C,0,-1.3778682,0.10659844428300858,0.9940357804298401,0.838603138923645
YAL010C,YER133W,0,-1.3790095,0.10658708214759827,0.9940357804298401,0.8387032151222229
YMR171C,YIL150C,0,-1.3790743,0.10657572001218796,0.9940357804298401,0.8388032913208008
YJL048C,YPL220W,0,-1.3793906,0.10656436532735825,0.9940357804298401,0.8389033675193787
YMR282C,YDR103W,0,-1.3796797,0.10655301064252853,0.9940357804298401,0.8390033841133118
YDL056W,YLR010C,0,-1.3821951,0.10654165595769882,0.9940357804298401,0.8391034603118896
YER029C,YOR174W,0,-1.3824104,0.10653030872344971,0.9940357804298401,0.8392035365104675
YPL271W,YLR127C,0,-1.3825128,0.10651896148920059,0.9940357804298401,0.8393035531044006
YLR086W,YLR126C,0,-1.3842263,0.10650761425495148,0.9940357804298401,0.8394036293029785
YOR269W,YPL048W,0,-1.3843968,0.10649627447128296,0.9940357804298401,0.8395037055015564
YPR005C,YBR035C,0,-1.3846807,0.10648493468761444,0.9940357804298401,0.8396037817001343
YBR055C,YER030W,0,-1.3857474,0.10647359490394592,0.9940357804298401,0.8397037982940674
YBR041W,YMR012W,0,-1.3858976,0.106462262570858,0.9940357804298401,0.8398038744926453
YDR036C,YEL050C,0,-1.3859534,0.10645092278718948,0.9940357804298401,0.8399039506912231
YLR170C,YBL057C,0,-1.3859893,0.10643959790468216,0.9940357804298401,0.840004026889801
YBR156C,YLR221C,0,-1.3868597,0.10642826557159424,0.9940357804298401,0.8401040434837341
YOR039W,YNL101W,0,-1.3875831,0.10641694068908691,0.9940357804298401,0.840204119682312
YDR363W-A,YNL248C,0,-1.3882816,0.10640561580657959,0.9940357804298401,0.8403041958808899
YNL001W,YOR369C,0,-1.3884966,0.10639429837465286,0.9940357804298401,0.8404042720794678
YMR036C,YJL056C,0,-1.3896091,0.10638298094272614,0.9940357804298401,0.8405042886734009
YOL065C,YHR105W,0,-1.3899591,0.10637166351079941,0.9940357804298401,0.8406043648719788
YOR037W,YPL091W,0,-1.3899754,0.10636034607887268,0.9940357804298401,0.8407044410705566
YDL080C,YPL085W,0,-1.390831,0.10634903609752655,0.9940357804298401,0.8408044576644897
YHL024W,YNL061W,0,-1.390935,0.10633772611618042,0.9940357804298401,0.8409045338630676
YLR373C,YKL183W,0,-1.392021,0.10632642358541489,0.9940357804298401,0.8410046100616455
YMR224C,YHR064C,0,-1.3932018,0.10631512105464935,0.9940357804298401,0.8411046862602234
YAL010C,YIL078W,0,-1.3943111,0.10630381852388382,0.9940357804298401,0.8412047028541565
YNL086W,YJR060W,0,-1.3943622,0.10629251599311829,0.9940357804298401,0.8413047790527344
YFL041W,YOR080W,0,-1.3944602,0.10628122091293335,0.9940357804298401,0.8414048552513123
YOR257W,YIL115C,0,-1.3954637,0.10626992583274841,0.9940357804298401,0.8415049314498901
YLL009C,YBR040W,0,-1.3962026,0.10625863075256348,0.9940357804298401,0.8416049480438232
YJL157C,YDR170W-A,0,-1.3972497,0.10624734312295914,0.9940357804298401,0.8417050242424011
YOL030W,YHL047C,0,-1.397718,0.1062360554933548,0.9940357804298401,0.841805100440979
YMR070W,YBR092C,0,-1.39902,0.10622477531433105,0.9940357804298401,0.8419051170349121
YJR158W,YGR062C,0,-1.3997066,0.10621348768472672,0.9940357804298401,0.84200519323349
YGR062C,YKL024C,0,-1.4002088,0.10620220750570297,0.9940357804298401,0.8421052694320679
YOR037W,YJL065C,0,-1.4002446,0.10619093477725983,0.9940357804298401,0.8422053456306458
YJR097W,YLR381W,0,-1.4003553,0.10617965459823608,0.9940357804298401,0.8423053622245789
YER029C,YPL157W,0,-1.4008011,0.10616838186979294,0.9940357804298401,0.8424054384231567
YML091C,YDL082W,0,-1.4017988,0.10615710914134979,0.9940357804298401,0.8425055146217346
YLR356W,YDR239C,0,-1.4025161,0.10614584386348724,0.9940357804298401,0.8426055908203125
YBR087W,YNL189W,0,-1.4025283,0.1061345785856247,0.9940357804298401,0.8427056074142456
YGR263C,YML125C,0,-1.4038587,0.10612331330776215,0.9940357804298401,0.8428056836128235
YOR116C,YOR063W,0,-1.4039621,0.1061120554804802,0.9940357804298401,0.8429057598114014
YGR263C,YNL061W,0,-1.4041044,0.10610079765319824,0.9940357804298401,0.8430057764053345
YHR089C,YJR075W,0,-1.4048693,0.10608953982591629,0.9940357804298401,0.8431058526039124
YGR286C,YMR012W,0,-1.4051552,0.10607828944921494,0.9940357804298401,0.8432059288024902
YMR016C,YPL022W,0,-1.4055202,0.10606703162193298,0.9940357804298401,0.8433060050010681
YIL155C,YOR244W,0,-1.4062557,0.10605578869581223,0.9940357804298401,0.8434060215950012
YHR206W,YIL112W,0,-1.4065902,0.10604453831911087,0.9940357804298401,0.8435060977935791
YKL042W,YGR014W,0,-1.4068232,0.10603329539299011,0.9940357804298401,0.843606173992157
YMR022W,YJL148W,0,-1.4074914,0.10602205246686935,0.9940357804298401,0.8437062501907349
YGL135W,YHR089C,0,-1.4074985,0.1060108095407486,0.9940357804298401,0.843806266784668
YDR532C,YPR081C,0,-1.4079783,0.10599957406520844,0.9940357804298401,0.8439063429832458
YGL089C,YLR419W,0,-1.4082725,0.10598833858966827,0.9940357804298401,0.8440064191818237
YLR364W,YOR386W,0,-1.4084237,0.10597711056470871,0.9940357804298401,0.8441064357757568
YIL093C,YDL127W,0,-1.4086678,0.10596588253974915,0.9940357804298401,0.8442065119743347
YDR121W,YJL025W,0,-1.4088035,0.10595465451478958,0.9940357804298401,0.8443065881729126
YML018C,YCL075W,0,-1.4088066,0.10594342648983002,0.9940357804298401,0.8444066643714905
YMR188C,YBR040W,0,-1.4089465,0.10593220591545105,0.9940357804298401,0.8445066809654236
YGL120C,YJL106W,0,-1.4103051,0.10592098534107208,0.9940357804298401,0.8446067571640015
YBR022W,YGR292W,0,-1.4103544,0.10590976476669312,0.9940357804298401,0.8447068333625793
YMR307W,YLR207W,0,-1.410943,0.10589855164289474,0.9940357804298401,0.8448069095611572
YPL059W,YDR362C,0,-1.4109509,0.10588733851909637,0.9940357804298401,0.8449069261550903
YDL200C,YGR154C,0,-1.4112091,0.105876125395298,0.9940357804298401,0.8450070023536682
YOR224C,YBL057C,0,-1.4114205,0.10586491972208023,0.9940357804298401,0.8451070785522461
YLR090W,YDR320C,0,-1.4130707,0.10585370659828186,0.9940357804298401,0.8452070951461792
YDR036C,YBR213W,0,-1.413173,0.10584250837564468,0.9940357804298401,0.8453071713447571
YNL227C,YAL026C,1,-1.4142015,0.10593713819980621,0.9950298070907593,0.8453071713447571
YAR015W,YDR420W,0,-1.4142183,0.10592592507600784,0.9950298070907593,0.845407247543335
YJL072C,YNL119W,0,-1.4143763,0.10591471940279007,0.9950298070907593,0.8455073237419128
YMR188C,YNR022C,0,-1.4147866,0.1059035137295723,0.9950298070907593,0.845607340335846
YPR186C,YNR047W,0,-1.4151621,0.10589230805635452,0.9950298070907593,0.8457074165344238
YBL088C,YER147C,0,-1.4151771,0.10588110983371735,0.9950298070907593,0.8458074927330017
YBR207W,YDL231C,1,-1.4153197,0.1059756726026535,0.9960238337516785,0.8458074927330017
YBL057C,YBR084W,0,-1.4159039,0.10596446692943573,0.9960238337516785,0.8459075689315796
YMR208W,YLR438C-A,0,-1.4163265,0.10595326125621796,0.9960238337516785,0.8460075855255127
YIL109C,YLR074C,0,-1.4169991,0.10594206303358078,0.9960238337516785,0.8461076617240906
YER061C,YHR184W,0,-1.4177444,0.105930857360363,0.9960238337516785,0.8462077379226685
YGL222C,YOR069W,0,-1.4185768,0.10591965913772583,0.9960238337516785,0.8463078141212463
YFR037C,YPL220W,0,-1.419045,0.10590846836566925,0.9960238337516785,0.8464078307151794
YDR465C,YNR061C,0,-1.4221683,0.10589727014303207,0.9960238337516785,0.8465079069137573
YHR067W,YML125C,0,-1.4226186,0.1058860793709755,0.9960238337516785,0.8466079831123352
YDR390C,YIL124W,0,-1.4230773,0.10587489604949951,0.9960238337516785,0.8467079997062683
YHR031C,YMR221C,0,-1.4239371,0.10586370527744293,0.9960238337516785,0.8468080759048462
YBR142W,YCR075C,0,-1.4249258,0.10585252195596695,0.9960238337516785,0.8469081521034241
YCR077C,YOR044W,0,-1.4252653,0.10584134608507156,0.9960238337516785,0.847008228302002
YGR262C,YMR165C,0,-1.4254955,0.10583016276359558,0.9960238337516785,0.8471082448959351
YGR286C,YCL027W,0,-1.4260126,0.1058189868927002,0.9960238337516785,0.8472083210945129
YGR076C,YLR246W,0,-1.4266106,0.10580781102180481,0.9960238337516785,0.8473083972930908
YLR381W,YNL213C,0,-1.4266595,0.10579664260149002,0.9960238337516785,0.8474084734916687
YJR155W,YML088W,0,-1.4267051,0.10578547418117523,0.9960238337516785,0.8475084900856018
YGR295C,YOL149W,0,-1.4267426,0.10577430576086044,0.9960238337516785,0.8476085662841797
YMR036C,YDR239C,0,-1.4289236,0.10576314479112625,0.9960238337516785,0.8477086424827576
YPL186C,YHR010W,0,-1.4290761,0.10575197637081146,0.9960238337516785,0.8478086590766907
YLR158C,YLR079W,0,-1.4301128,0.10574081540107727,0.9960238337516785,0.8479087352752686
YKR061W,YER147C,0,-1.4307811,0.10572966188192368,0.9960238337516785,0.8480088114738464
YJR145C,YPR031W,0,-1.4308968,0.10571850836277008,0.9960238337516785,0.8481088876724243
YER029C,YBL055C,0,-1.4317937,0.10570735484361649,0.9960238337516785,0.8482089042663574
YGL021W,YCL031C,0,-1.4318008,0.10569620132446289,0.9960238337516785,0.8483089804649353
YOR057W,YKL017C,0,-1.4318776,0.10568505525588989,0.9960238337516785,0.8484090566635132
YIL039W,YBR105C,0,-1.43205,0.1056739091873169,0.9960238337516785,0.8485091328620911
YMR128W,YPL143W,0,-1.4326844,0.1056627631187439,0.9960238337516785,0.8486091494560242
YGR035C,YKR009C,0,-1.4330995,0.1056516245007515,0.9960238337516785,0.848709225654602
YJL143W,YJL056C,0,-1.433348,0.1056404858827591,0.9960238337516785,0.8488093018531799
YHR013C,YIR023W,0,-1.4341052,0.1056293472647667,0.9960238337516785,0.848909318447113
YOL156W,YLL022C,0,-1.434416,0.10561821609735489,0.9960238337516785,0.8490093946456909
YDR279W,YOR265W,0,-1.4350883,0.10560708492994308,0.9960238337516785,0.8491094708442688
YBR123C,YFL029C,0,-1.4356577,0.10559595376253128,0.9960238337516785,0.8492095470428467
YBL069W,YDR298C,0,-1.4382992,0.10558482259511948,0.9960238337516785,0.8493095636367798
YOR175C,YMR201C,0,-1.439153,0.10557369887828827,0.9960238337516785,0.8494096398353577
YEL038W,YBR264C,0,-1.4402703,0.10556258261203766,0.9960238337516785,0.8495097160339355
YIL150C,YJR134C,0,-1.4405458,0.10555145889520645,0.9960238337516785,0.8496097922325134
YLR045C,YOL056W,0,-1.4406182,0.10554034262895584,0.9960238337516785,0.8497098088264465
YBR022W,YNL206C,0,-1.440923,0.10552922636270523,0.9960238337516785,0.8498098850250244
YOR179C,YBR040W,0,-1.4433553,0.10551811009645462,0.9960238337516785,0.8499099612236023
YIR002C,YPR186C,0,-1.443569,0.1055070012807846,0.9960238337516785,0.8500099778175354
YHR086W,YBL061C,0,-1.4442682,0.1054958924651146,0.9960238337516785,0.8501100540161133
YMR307W,YKR038C,0,-1.4444687,0.10548479110002518,0.9960238337516785,0.8502101302146912
YHR046C,YJL046W,0,-1.4448272,0.10547368228435516,0.9960238337516785,0.850310206413269
YGR286C,YJR058C,0,-1.4463276,0.10546258091926575,0.9960238337516785,0.8504102230072021
YDR115W,YER030W,0,-1.446965,0.10545148700475693,0.9960238337516785,0.85051029920578
YGR058W,YER174C,0,-1.4485736,0.10544038563966751,0.9960238337516785,0.8506103754043579
YJR104C,YHR147C,0,-1.4488251,0.10542929172515869,0.9960238337516785,0.8507104516029358
YOR047C,YAL020C,0,-1.4497845,0.10541819781064987,0.9960238337516785,0.8508104681968689
YLR090W,YFL037W,0,-1.4505892,0.10540711134672165,0.9960238337516785,0.8509105443954468
YPL060W,YMR023C,0,-1.4507978,0.10539602488279343,0.9960238337516785,0.8510106205940247
YDR117C,YLR276C,0,-1.4510937,0.1053849384188652,0.9960238337516785,0.8511106371879578
YER070W,YHR099W,0,-1.451813,0.10537385940551758,0.9960238337516785,0.8512107133865356
YML034W,YDR031W,0,-1.4526012,0.10536277294158936,0.9960238337516785,0.8513107895851135
YNR027W,YHR207C,0,-1.453522,0.10535170137882233,0.9960238337516785,0.8514108657836914
YDR065W,YIL090W,0,-1.4546481,0.1053406223654747,0.9960238337516785,0.8515108823776245
YML027W,YKL178C,0,-1.4547287,0.10532955080270767,0.9960238337516785,0.8516109585762024
YOR346W,YBR122C,0,-1.4552596,0.10531847923994064,0.9960238337516785,0.8517110347747803
YDR447C,YNL325C,0,-1.4560229,0.10530740767717361,0.9960238337516785,0.8518111109733582
YFL044C,YAL058W,0,-1.4560394,0.10529634356498718,0.9960238337516785,0.8519111275672913
YDR279W,YEL016C,0,-1.4564484,0.10528527945280075,0.9960238337516785,0.8520112037658691
YOR332W,YMR122W-A,0,-1.4571774,0.10527421534061432,0.9960238337516785,0.852111279964447
YOR265W,YHR052W,0,-1.4572172,0.10526315867900848,0.9960238337516785,0.8522113561630249
YNL166C,YGR286C,0,-1.4584035,0.10525210201740265,0.9960238337516785,0.852311372756958
YNL159C,YDR503C,0,-1.4587,0.10524104535579681,0.9960238337516785,0.8524114489555359
YDR478W,YOR069W,0,-1.4590814,0.10522999614477158,0.9960238337516785,0.8525115251541138
YDR341C,YOR211C,0,-1.4593474,0.10521894693374634,0.9960238337516785,0.8526115417480469
YMR307W,YMR311C,0,-1.459455,0.1052078977227211,0.9960238337516785,0.8527116179466248
YGR071C,YMR017W,0,-1.4598527,0.10519684851169586,0.9960238337516785,0.8528116941452026
YDL164C,YGR200C,0,-1.4612187,0.10518580675125122,0.9960238337516785,0.8529117703437805
YDR219C,YOR096W,0,-1.4615724,0.10517476499080658,0.9960238337516785,0.8530117869377136
YGL251C,YOR337W,0,-1.4616289,0.10516373068094254,0.9960238337516785,0.8531118631362915
YBR033W,YPR005C,0,-1.4633088,0.1051526889204979,0.9960238337516785,0.8532119393348694
YHR031C,YGL106W,0,-1.4637401,0.10514165461063385,0.9960238337516785,0.8533120155334473
YMR201C,YPL038W,0,-1.4643909,0.1051306277513504,0.9960238337516785,0.8534120321273804
YDL060W,YER051W,0,-1.4645333,0.10511959344148636,0.9960238337516785,0.8535121083259583
YLR086W,YDL115C,0,-1.4649472,0.10510856658220291,0.9960238337516785,0.8536121845245361
YLR438C-A,YMR311C,0,-1.4654686,0.10509754717350006,0.9960238337516785,0.8537122011184692
YMR307W,YBR156C,0,-1.4658835,0.10508652031421661,0.9960238337516785,0.8538122773170471
YMR264W,YER089C,0,-1.4661539,0.10507550090551376,0.9960238337516785,0.853912353515625
YFR032C-A,YBR030W,0,-1.4671142,0.10506448894739151,0.9960238337516785,0.8540124297142029
YGL210W,YNL128W,0,-1.4672291,0.10505346953868866,0.9960238337516785,0.854112446308136
YBR055C,YDR088C,0,-1.4674351,0.1050424575805664,0.9960238337516785,0.8542125225067139
YDL120W,YFR007W,0,-1.4690914,0.10503144562244415,0.9960238337516785,0.8543125987052917
YDR065W,YNL248C,0,-1.4692061,0.1050204411149025,0.9960238337516785,0.8544126749038696
YHR027C,YOL019W,0,-1.4702444,0.10500942915678024,0.9960238337516785,0.8545126914978027
YER110C,YNL189W,0,-1.4710326,0.10499842464923859,0.9960238337516785,0.8546127676963806
YNL185C,YNL112W,0,-1.4710823,0.10498742759227753,0.9960238337516785,0.8547128438949585
YBL106C,YNR011C,0,-1.4712052,0.10497643053531647,0.9960238337516785,0.8548128604888916
YPL226W,YGR124W,0,-1.4724777,0.10496543347835541,0.9960238337516785,0.8549129366874695
YER164W,YKL024C,0,-1.4735507,0.10495443642139435,0.9960238337516785,0.8550130128860474
YLR074C,YPL123C,0,-1.4736257,0.10494344681501389,0.9960238337516785,0.8551130890846252
YDR425W,YBL055C,0,-1.4736724,0.10493245720863342,0.9960238337516785,0.8552131056785583
YBR158W,YHR081W,0,-1.4755279,0.10492146760225296,0.9960238337516785,0.8553131818771362
YMR247C,YDR297W,0,-1.4767458,0.1049104779958725,0.9960238337516785,0.8554132580757141
YBR123C,YJL073W,0,-1.4773299,0.10489949584007263,0.9960238337516785,0.855513334274292
YGL173C,YHR081W,0,-1.4774268,0.10488851368427277,0.9960238337516785,0.8556133508682251
YPL281C,YBL061C,0,-1.4790468,0.1048775389790535,0.9960238337516785,0.855713427066803
YJL165C,YNL166C,0,-1.4792666,0.10486656427383423,0.9960238337516785,0.8558135032653809
YDR425W,YML094W,0,-1.4807055,0.10485558956861496,0.9960238337516785,0.855913519859314
YKL011C,YBL021C,0,-1.4819316,0.10484461486339569,0.9960238337516785,0.8560135960578918
YML106W,YPR049C,0,-1.4827411,0.10483364760875702,0.9960238337516785,0.8561136722564697
YMR056C,YBL055C,0,-1.4859399,0.10482268035411835,0.9960238337516785,0.8562137484550476
YLL011W,YGR200C,0,-1.4871583,0.10481171309947968,0.9960238337516785,0.8563137650489807
YDL129W,YMR098C,0,-1.4872009,0.1048007532954216,0.9960238337516785,0.8564138412475586
YDL030W,YOR039W,0,-1.4873517,0.10478979349136353,0.9960238337516785,0.8565139174461365
YHR067W,YNL146W,0,-1.4879421,0.10477883368730545,0.9960238337516785,0.8566139936447144
YOL064C,YDR402C,0,-1.4881272,0.10476788133382797,0.9960238337516785,0.8567140102386475
YNL128W,YJL025W,0,-1.4882696,0.1047569289803505,0.9960238337516785,0.8568140864372253
YPL172C,YER180C,0,-1.4889524,0.10474597662687302,0.9960238337516785,0.8569141626358032
YDL127W,YNL128W,0,-1.4891024,0.10473502427339554,0.9960238337516785,0.8570141792297363
YLR090W,YLR459W,0,-1.4891167,0.10472407937049866,0.9960238337516785,0.8571142554283142
YOR228C,YDR420W,0,-1.4891624,0.10471313446760178,0.9960238337516785,0.8572143316268921
YML027W,YBL023C,0,-1.4898272,0.10470219701528549,0.9960238337516785,0.85731440782547
YBL103C,YLR035C-A,0,-1.4906011,0.10469125211238861,0.9960238337516785,0.8574144244194031
YDL033C,YOL019W,0,-1.4907367,0.10468031466007233,0.9960238337516785,0.857514500617981
YDR424C,YCL059C,0,-1.4911213,0.10466938465833664,0.9960238337516785,0.8576145768165588
YMR264W,YNL151C,0,-1.4915106,0.10465844720602036,0.9960238337516785,0.8577146530151367
YHR073W,YCR053W,1,-1.4915794,0.10475195944309235,0.9970179200172424,0.8577146530151367
YMR086W,YNR041C,0,-1.4916478,0.10474102199077606,0.9970179200172424,0.8578146696090698
YEL064C,YPR041W,0,-1.4917462,0.10473008453845978,0.9970179200172424,0.8579147458076477
YBR175W,YLR371W,0,-1.4932199,0.1047191470861435,0.9970179200172424,0.8580148220062256
YMR100W,YDR013W,0,-1.4933425,0.1047082170844078,0.9970179200172424,0.8581148982048035
YJR016C,YMR204C,0,-1.4937968,0.10469728708267212,0.9970179200172424,0.8582149147987366
YJR098C,YLR154C,0,-1.4945625,0.10468635708093643,0.9970179200172424,0.8583149909973145
YBR176W,YDR071C,0,-1.4955183,0.10467543452978134,0.9970179200172424,0.8584150671958923
YER029C,YDR117C,0,-1.4956622,0.10466451197862625,0.9970179200172424,0.8585150837898254
YOL072W,YBL010C,0,-1.4958004,0.10465358942747116,0.9970179200172424,0.8586151599884033
YLR015W,YNL289W,0,-1.4959397,0.10464267432689667,0.9970179200172424,0.8587152361869812
YGL035C,YNL310C,0,-1.4963533,0.10463175177574158,0.9970179200172424,0.8588153123855591
YNL330C,YPL271W,0,-1.4971858,0.10462084412574768,0.9970179200172424,0.8589153289794922
YKL212W,YLR306W,0,-1.4973452,0.10460992902517319,0.9970179200172424,0.8590154051780701
YKR038C,YLR450W,0,-1.4977596,0.10459902137517929,0.9970179200172424,0.859115481376648
YDR465C,YAL012W,0,-1.4982845,0.1045881137251854,0.9970179200172424,0.8592155575752258
YLR098C,YCR010C,0,-1.4996917,0.1045772060751915,0.9970179200172424,0.8593155741691589
YIL070C,YDR387C,0,-1.4999502,0.1045663058757782,0.9970179200172424,0.8594156503677368
YML106W,YIL155C,0,-1.5009944,0.1045554056763649,0.9970179200172424,0.8595157265663147
YIR017C,YMR312W,0,-1.5013766,0.1045445054769516,0.9970179200172424,0.8596157431602478
YFR005C,YHR023W,0,-1.5014818,0.1045336127281189,0.9970179200172424,0.8597158193588257
YKL198C,YDR421W,0,-1.5023109,0.1045227199792862,0.9970179200172424,0.8598158955574036
YNL086W,YDR283C,0,-1.5032396,0.10451182723045349,0.9970179200172424,0.8599159717559814
YGL211W,YDR322W,0,-1.5032525,0.10450093448162079,0.9970179200172424,0.8600159883499146
YDR279W,YNR043W,0,-1.5042689,0.10449004918336868,0.9970179200172424,0.8601160645484924
YHR067W,YKL010C,0,-1.5056164,0.10447916388511658,0.9970179200172424,0.8602161407470703
YDR424C,YJR160C,0,-1.5058429,0.10446828603744507,0.9970179200172424,0.8603162169456482
YOR201C,YJL019W,0,-1.5060098,0.10445740818977356,0.9970179200172424,0.8604162335395813
YPL148C,YGR123C,0,-1.5072324,0.10444653034210205,0.9970179200172424,0.8605163097381592
YDL060W,YHR140W,0,-1.5072367,0.10443565249443054,0.9970179200172424,0.8606163859367371
YPL177C,YDR511W,0,-1.5076718,0.10442478209733963,0.9970179200172424,0.8607164025306702
YDR368W,YAL012W,0,-1.507815,0.10441390424966812,0.9970179200172424,0.860816478729248
YMR016C,YDR036C,0,-1.5093703,0.1044030413031578,0.9970179200172424,0.8609165549278259
YNL007C,YCR040W,0,-1.5094392,0.1043921709060669,0.9970179200172424,0.8610166311264038
YAL044C,YML063W,0,-1.5096142,0.10438130795955658,0.9970179200172424,0.8611166477203369
YDR158W,YBR297W,0,-1.5099393,0.10437044501304626,0.9970179200172424,0.8612167239189148
YML074C,YOL071W,0,-1.5100486,0.10435958951711655,0.9970179200172424,0.8613168001174927
YKL088W,YML015C,0,-1.5109105,0.10434873402118683,0.9970179200172424,0.8614168763160706
YDR330W,YCR054C,0,-1.5127633,0.10433787852525711,0.9970179200172424,0.8615168929100037
YLR385C,YBR245C,0,-1.5140245,0.10432702302932739,0.9970179200172424,0.8616169691085815
YBR160W,YMR224C,0,-1.514522,0.10431617498397827,0.9970179200172424,0.8617170453071594
YDL043C,YNR016C,0,-1.5147767,0.10430532693862915,0.9970179200172424,0.8618170619010925
YOL031C,YJL133W,0,-1.5151677,0.10429447889328003,0.9970179200172424,0.8619171380996704
YPL123C,YOL080C,0,-1.5152144,0.1042836382985115,0.9970179200172424,0.8620172142982483
YGR220C,YLR186W,0,-1.5169188,0.10427279025316238,0.9970179200172424,0.8621172904968262
YGL210W,YLR014C,0,-1.5181754,0.10426195710897446,0.9970179200172424,0.8622173070907593
YFL004W,YNR043W,0,-1.5182614,0.10425111651420593,0.9970179200172424,0.8623173832893372
YLR086W,YOL156W,0,-1.5184413,0.104240283370018,0.9970179200172424,0.862417459487915
YDL067C,YDR298C,0,-1.5189604,0.10422945022583008,0.9970179200172424,0.8625175356864929
YGL035C,YDR447C,0,-1.5191511,0.10421861708164215,0.9970179200172424,0.862617552280426
YDL115C,YDR380W,0,-1.5194801,0.10420779138803482,0.9970179200172424,0.8627176284790039
YDR052C,YNR022C,0,-1.5197148,0.10419696569442749,0.9970179200172424,0.8628177046775818
YJR097W,YNL151C,0,-1.5198276,0.10418614000082016,0.9970179200172424,0.8629177212715149
YNL162W,YAR010C,0,-1.521054,0.10417532175779343,0.9970179200172424,0.8630177974700928
YAL034W-A,YDR447C,0,-1.5230371,0.1041645035147667,0.9970179200172424,0.8631178736686707
YDL033C,YCR037C,0,-1.5238087,0.10415368527173996,0.9970179200172424,0.8632179498672485
YGL141W,YKR009C,0,-1.5245037,0.10414287447929382,0.9970179200172424,0.8633179664611816
YML129C,YLL013C,0,-1.5247087,0.10413205623626709,0.9970179200172424,0.8634180426597595
YMR314W,YGL090W,0,-1.5258986,0.10412125289440155,0.9970179200172424,0.8635181188583374
YOL030W,YKL164C,0,-1.5268328,0.10411044210195541,0.9970179200172424,0.8636181950569153
YJL221C,YNL339C,0,-1.5269005,0.10409963876008987,0.9970179200172424,0.8637182116508484
YML060W,YPL085W,0,-1.5272347,0.10408883541822433,0.9970179200172424,0.8638182878494263
YGL141W,YML088W,0,-1.5292094,0.1040780320763588,0.9970179200172424,0.8639183640480042
YDL114W,YLR121C,0,-1.5296264,0.10406723618507385,0.9970179200172424,0.864018440246582
YDR425W,YLR106C,0,-1.5297117,0.10405644029378891,0.9970179200172424,0.8641184568405151
YCR028C,YDL180W,0,-1.5303688,0.10404564440250397,0.9970179200172424,0.864218533039093
YLR439W,YDR115W,0,-1.5303794,0.10403484851121902,0.9970179200172424,0.8643186092376709
YLL009C,YGR184C,0,-1.5305045,0.10402406007051468,0.9970179200172424,0.864418625831604
YHR167W,YMR022W,0,-1.5306454,0.10401327162981033,0.9970179200172424,0.8645187020301819
YMR287C,YLR097C,0,-1.5307055,0.10400249063968658,0.9970179200172424,0.8646187782287598
YMR188C,YJR134C,0,-1.5332325,0.10399170219898224,0.9970179200172424,0.8647188544273376
YER025W,YOL123W,0,-1.5347784,0.10398092120885849,0.9970179200172424,0.8648188710212708
YDL060W,YOR014W,0,-1.5350449,0.10397014766931534,0.9970179200172424,0.8649189472198486
YDR376W,YOR269W,0,-1.5354056,0.10395936667919159,0.9970179200172424,0.8650190234184265
YAR019C,YIL145C,0,-1.5362643,0.10394859313964844,0.9970179200172424,0.8651190996170044
YBR058C,YOR233W,0,-1.5380046,0.10393782705068588,0.9970179200172424,0.8652191162109375
YHR116W,YLR186W,0,-1.53906,0.10392705351114273,0.9970179200172424,0.8653191924095154
YNL306W,YPL068C,0,-1.5390756,0.10391628742218018,0.9970179200172424,0.8654192686080933
YOR046C,YCL050C,0,-1.5391706,0.10390552133321762,0.9970179200172424,0.8655192852020264
YGR058W,YDR288W,0,-1.5400057,0.10389475524425507,0.9970179200172424,0.8656193614006042
YML095C,YBL023C,0,-1.5401807,0.10388399660587311,0.9970179200172424,0.8657194375991821
YIL004C,YML113W,0,-1.540241,0.10387323796749115,0.9970179200172424,0.86581951379776
YML074C,YKL195W,0,-1.5408187,0.10386248677968979,0.9970179200172424,0.8659195303916931
YMR042W,YPR108W,0,-1.5410349,0.10385172814130783,0.9970179200172424,0.866019606590271
YJL097W,YML081C-A,0,-1.5419676,0.10384097695350647,0.9970179200172424,0.8661196827888489
YAL035W,YLR120C,0,-1.5420268,0.10383022576570511,0.9970179200172424,0.8662197589874268
YMR036C,YGL222C,0,-1.5434697,0.10381948202848434,0.9970179200172424,0.8663197755813599
YBR050C,YKL181W,0,-1.5435107,0.10380873829126358,0.9970179200172424,0.8664198517799377
YDR520C,YOR244W,0,-1.5438179,0.10379799455404282,0.9970179200172424,0.8665199279785156
YOL018C,YER113C,0,-1.5445778,0.10378725081682205,0.9970179200172424,0.8666199445724487
YOR151C,YDR418W,0,-1.5452439,0.10377651453018188,0.9970179200172424,0.8667200207710266
YHR046C,YPR192W,0,-1.5457482,0.10376577824354172,0.9970179200172424,0.8668200969696045
YKL116C,YOR211C,0,-1.5459983,0.10375504195690155,0.9970179200172424,0.8669201731681824
YEL058W,YER113C,0,-1.5460864,0.10374431312084198,0.9970179200172424,0.8670201897621155
YLL009C,YHR153C,0,-1.5473454,0.10373358428478241,0.9970179200172424,0.8671202659606934
YER048W-A,YNL325C,0,-1.5475014,0.10372285544872284,0.9970179200172424,0.8672203421592712
YKR030W,YMR285C,0,-1.5479228,0.10371212661266327,0.9970179200172424,0.8673204183578491
YNL007C,YLR438C-A,0,-1.5488784,0.1037014052271843,0.9970179200172424,0.8674204349517822
YER095W,YDR011W,0,-1.5494924,0.10369068384170532,0.9970179200172424,0.8675205111503601
YPL059W,YCR075C,0,-1.5500312,0.10367996990680695,0.9970179200172424,0.867620587348938
YMR130W,YDL144C,0,-1.5506275,0.10366924852132797,0.9970179200172424,0.8677206039428711
YBR296C,YBL021C,0,-1.5506762,0.1036585345864296,0.9970179200172424,0.867820680141449
YDR299W,YDL200C,0,-1.551301,0.10364782810211182,0.9970179200172424,0.8679207563400269
YFR037C,YPL226W,0,-1.5514491,0.10363711416721344,0.9970179200172424,0.8680208325386047
YLR201C,YPR168W,0,-1.551507,0.10362640768289566,0.9970179200172424,0.8681208491325378
YOL138C,YAL020C,0,-1.5515571,0.10361570119857788,0.9970179200172424,0.8682209253311157
YLR008C,YOR096W,0,-1.5535443,0.1036050021648407,0.9970179200172424,0.8683210015296936
YGL205W,YHR167W,0,-1.5541562,0.10359429568052292,0.9970179200172424,0.8684210777282715
YDL043C,YBR009C,0,-1.5554999,0.10358359664678574,0.9970179200172424,0.8685210943222046
YER153C,YOL123W,0,-1.5574144,0.10357290506362915,0.9970179200172424,0.8686211705207825
YGL003C,YBR009C,0,-1.5575867,0.10356220602989197,0.9970179200172424,0.8687212467193604
YNL146W,YBR164C,0,-1.557829,0.10355151444673538,0.9970179200172424,0.8688212633132935
YOL030W,YNR040W,0,-1.5587349,0.1035408303141594,0.9970179200172424,0.8689213395118713
YDR465C,YML009C,0,-1.5588119,0.10353013873100281,0.9970179200172424,0.8690214157104492
YPL194W,YOR075W,0,-1.5596027,0.10351945459842682,0.9970179200172424,0.8691214919090271
YDL080C,YOR322C,0,-1.5599372,0.10350877046585083,0.9970179200172424,0.8692215085029602
YDR121W,YMR022W,0,-1.5605592,0.10349809378385544,0.9970179200172424,0.8693215847015381
YMR127C,YMR165C,0,-1.5609419,0.10348740965127945,0.9970179200172424,0.869421660900116
YMR166C,YAL023C,0,-1.5611999,0.10347673296928406,0.9970179200172424,0.8695217370986938
YML018C,YGL213C,0,-1.5619799,0.10346606373786926,0.9970179200172424,0.869621753692627
YBR175W,YIL026C,0,-1.5620117,0.10345538705587387,0.9970179200172424,0.8697218298912048
YDR511W,YPL074W,0,-1.5623294,0.10344471782445908,0.9970179200172424,0.8698219060897827
YFL044C,YOR044W,0,-1.5626092,0.10343404859304428,0.9970179200172424,0.8699219822883606
YGL021W,YOL140W,0,-1.564824,0.10342338681221008,0.9970179200172424,0.8700219988822937
YDL060W,YAL044C,0,-1.5650728,0.10341272503137589,0.9970179200172424,0.8701220750808716
YHR027C,YDR060W,0,-1.5660648,0.10340206325054169,0.9970179200172424,0.8702221512794495
YDR224C,YBL082C,0,-1.5663329,0.10339140146970749,0.9970179200172424,0.8703221678733826
YML113W,YCL066W,0,-1.5665231,0.10338074713945389,0.9970179200172424,0.8704222440719604
YDL043C,YER045C,0,-1.5694159,0.10337009280920029,0.9970179200172424,0.8705223202705383
YJL080C,YLR246W,0,-1.5694184,0.10335943847894669,0.9970179200172424,0.8706223964691162
YBR022W,YDR088C,0,-1.569566,0.10334879159927368,0.9970179200172424,0.8707224130630493
YPL068C,YGR075C,0,-1.5702153,0.10333814471960068,0.9970179200172424,0.8708224892616272
YDR060W,YOR080W,0,-1.5711024,0.10332749783992767,0.9970179200172424,0.8709225654602051
YOL067C,YCR077C,0,-1.5714704,0.10331685096025467,0.9970179200172424,0.871022641658783
YDR197W,YKL021C,0,-1.573233,0.10330621153116226,0.9970179200172424,0.8711226582527161
YJR158W,YDR086C,0,-1.5741441,0.10329557210206985,0.9970179200172424,0.871222734451294
YAL041W,YLR381W,0,-1.5744545,0.10328493267297745,0.9970179200172424,0.8713228106498718
YBR175W,YLR287C-A,0,-1.5747588,0.10327430069446564,0.9970179200172424,0.8714228272438049
YBL093C,YMR098C,0,-1.5750225,0.10326366871595383,0.9970179200172424,0.8715229034423828
YAR018C,YGR075C,0,-1.5761607,0.10325303673744202,0.9970179200172424,0.8716229796409607
YBL103C,YAL043C,0,-1.5764704,0.1032424122095108,0.9970179200172424,0.8717230558395386
YLR385C,YNL325C,0,-1.5772077,0.10323178023099899,0.9970179200172424,0.8718230724334717
YNL039W,YAL034W-A,0,-1.5776129,0.10322115570306778,0.9970179200172424,0.8719231486320496
YFR005C,YGL039W,0,-1.5792639,0.10321053862571716,0.9970179200172424,0.8720232248306274
YKL011C,YER106W,0,-1.5796864,0.10319991409778595,0.9970179200172424,0.8721233010292053
YOR076C,YLR385C,0,-1.5804845,0.10318929702043533,0.9970179200172424,0.8722233176231384
YGR058W,YCR039C,0,-1.5806935,0.10317868739366531,0.9970179200172424,0.8723233938217163
YDL130W-A,YDR483W,0,-1.5812285,0.1031680703163147,0.9970179200172424,0.8724234700202942
YDR501W,YGR076C,0,-1.5818727,0.10315746068954468,0.9970179200172424,0.8725234866142273
YPL017C,YOL125W,0,-1.583888,0.10314685106277466,0.9970179200172424,0.8726235628128052
YLL011W,YOR039W,0,-1.5848558,0.10313624888658524,0.9970179200172424,0.8727236390113831
YFR041C,YDR363W-A,0,-1.5853765,0.10312563925981522,0.9970179200172424,0.8728237152099609
YLR048W,YBR142W,0,-1.585388,0.1031150370836258,0.9970179200172424,0.872923731803894
YNL185C,YHR081W,0,-1.5861762,0.10310444235801697,0.9970179200172424,0.8730238080024719
YNL185C,YFR008W,0,-1.5862305,0.10309384018182755,0.9970179200172424,0.8731238842010498
YMR290C,YBR164C,0,-1.5864627,0.10308324545621872,0.9970179200172424,0.8732239603996277
YPL091W,YJL133W,0,-1.5866215,0.1030726507306099,0.9970179200172424,0.8733239769935608
YBR105C,YER173W,0,-1.5866778,0.10306206345558167,0.9970179200172424,0.8734240531921387
YDL143W,YNL119W,0,-1.5868402,0.10305147618055344,0.9970179200172424,0.8735241293907166
YNL306W,YLR237W,0,-1.5881116,0.10304088890552521,0.9970179200172424,0.8736241459846497
YNR043W,YKR050W,0,-1.5887586,0.10303030163049698,0.9970179200172424,0.8737242221832275
YLR154C,YOL117W,0,-1.589381,0.10301972180604935,0.9970179200172424,0.8738242983818054
YER086W,YNL289W,0,-1.589603,0.10300914198160172,0.9970179200172424,0.8739243745803833
YLR283W,YDR363W-A,0,-1.5900407,0.10299856215715408,0.9970179200172424,0.8740243911743164
YDR052C,YEL059C-A,0,-1.5910177,0.10298798978328705,0.9970179200172424,0.8741244673728943
YFR008W,YJL148W,0,-1.591802,0.10297740995883942,0.9970179200172424,0.8742245435714722
YER029C,YJR076C,0,-1.5923004,0.10296683758497238,0.9970179200172424,0.87432461977005
YPL028W,YOR374W,0,-1.5928099,0.10295627266168594,0.9970179200172424,0.8744246363639832
YDR478W,YMR026C,0,-1.59305,0.1029457077383995,0.9970179200172424,0.874524712562561
YNL306W,YAL062W,0,-1.5931733,0.10293514281511307,0.9970179200172424,0.8746247887611389
YPR098C,YJL121C,0,-1.5934653,0.10292457789182663,0.9970179200172424,0.874724805355072
YBR237W,YDR402C,0,-1.5946276,0.10291401296854019,0.9970179200172424,0.8748248815536499
YDR536W,YPL017C,0,-1.5958335,0.10290345549583435,0.9970179200172424,0.8749249577522278
YMR171C,YMR314W,0,-1.5964103,0.10289289802312851,0.9970179200172424,0.8750250339508057
YOL152W,YOL147C,0,-1.5965705,0.10288234800100327,0.9970179200172424,0.8751250505447388
YJL136C,YOR092W,0,-1.5971856,0.10287179797887802,0.9970179200172424,0.8752251267433167
YMR302C,YIL113W,0,-1.597486,0.10286124795675278,0.9970179200172424,0.8753252029418945
YGL211W,YGR274C,0,-1.597503,0.10285069793462753,0.9970179200172424,0.8754252791404724
YGL213C,YNL308C,0,-1.5978718,0.10284015536308289,0.9970179200172424,0.8755252957344055
YOR179C,YCR092C,0,-1.5984995,0.10282960534095764,0.9970179200172424,0.8756253719329834
YLR214W,YDL115C,0,-1.6008681,0.10281907021999359,0.9970179200172424,0.8757254481315613
YOL156W,YAL013W,0,-1.601217,0.10280852764844894,0.9970179200172424,0.8758255243301392
YMR282C,YNL136W,0,-1.6012292,0.1027979925274849,0.9970179200172424,0.8759255409240723
YAL010C,YFR008W,0,-1.6013054,0.10278745740652084,0.9970179200172424,0.8760256171226501
YGL213C,YER126C,0,-1.6017237,0.1027769222855568,0.9970179200172424,0.876125693321228
YMR287C,YPL226W,0,-1.6022179,0.10276639461517334,0.9970179200172424,0.8762257099151611
YOR228C,YGR156W,0,-1.6029243,0.10275586694478989,0.9970179200172424,0.876325786113739
YJL090C,YDR534C,0,-1.6032264,0.10274533927440643,0.9970179200172424,0.8764258623123169
YGL021W,YMR223W,0,-1.6039472,0.10273481160402298,0.9970179200172424,0.8765259385108948
YPL085W,YKL116C,0,-1.6039894,0.10272429138422012,0.9970179200172424,0.8766259551048279
YHR116W,YHR023W,0,-1.6040587,0.10271377116441727,0.9970179200172424,0.8767260313034058
YHR010W,YAL025C,0,-1.6045246,0.10270325839519501,0.9970179200172424,0.8768261075019836
YAL043C,YBR105C,0,-1.6052758,0.10269273817539215,0.9970179200172424,0.8769261837005615
YPL091W,YOL007C,0,-1.6059157,0.10268222540616989,0.9970179200172424,0.8770262002944946
YGL035C,YIR006C,0,-1.6064546,0.10267172008752823,0.9970179200172424,0.8771262764930725
YOL125W,YCL031C,0,-1.6078372,0.10266120731830597,0.9970179200172424,0.8772263526916504
YIL150C,YBR264C,0,-1.6086477,0.1026507019996643,0.9970179200172424,0.8773263692855835
YML106W,YER088C,0,-1.6097693,0.10264019668102264,0.9970179200172424,0.8774264454841614
YDR126W,YGR101W,0,-1.6106571,0.10262969136238098,0.9970179200172424,0.8775265216827393
YOR179C,YBL023C,0,-1.6119562,0.10261919349431992,0.9970179200172424,0.8776265978813171
YOL064C,YPR122W,0,-1.6138837,0.10260869562625885,0.9970179200172424,0.8777266144752502
YGR029W,YLR008C,0,-1.6153647,0.10259819775819778,0.9970179200172424,0.8778266906738281
YGR071C,YOR244W,0,-1.6155629,0.10258770734071732,0.9970179200172424,0.877926766872406
YMR287C,YDR288W,0,-1.6164067,0.10257721692323685,0.9970179200172424,0.8780268430709839
YIL072W,YER113C,0,-1.6175908,0.10256672650575638,0.9970179200172424,0.878126859664917
YDR532C,YGL211W,0,-1.6188707,0.10255623608827591,0.9970179200172424,0.8782269358634949
YNL206C,YNL339C,0,-1.6196424,0.10254575312137604,0.9970179200172424,0.8783270120620728
YLR139C,YPL026C,0,-1.619977,0.10253527015447617,0.9970179200172424,0.8784270286560059
YIR015W,YKL212W,0,-1.6204803,0.1025247871875763,0.9970179200172424,0.8785271048545837
YOR315W,YBR297W,0,-1.6206707,0.10251431167125702,0.9970179200172424,0.8786271810531616
YNL039W,YJR135C,0,-1.6211755,0.10250382870435715,0.9970179200172424,0.8787272572517395
YHR207C,YAL025C,0,-1.6216128,0.10249336063861847,0.9970179200172424,0.8788272738456726
YBR035C,YOR044W,0,-1.6217256,0.1024828851222992,0.9970179200172424,0.8789273500442505
YBR082C,YDL017W,0,-1.6221771,0.10247241705656052,0.9970179200172424,0.8790274262428284
YFR041C,YIL112W,0,-1.62283,0.10246194899082184,0.9970179200172424,0.8791275024414062
YKR094C,YPL060W,0,-1.6228633,0.10245148092508316,0.9970179200172424,0.8792275190353394
YOR039W,YKL116C,0,-1.6234257,0.10244102030992508,0.9970179200172424,0.8793275952339172
YDR448W,YLR121C,0,-1.6241436,0.1024305522441864,0.9970179200172424,0.8794276714324951
YDR088C,YDL130W-A,0,-1.6246576,0.10242009907960892,0.9970179200172424,0.8795276880264282
YNL149C,YKL028W,0,-1.6246909,0.10240963846445084,0.9970179200172424,0.8796277642250061
YHR031C,YJL156C,0,-1.6247702,0.10239918529987335,0.9970179200172424,0.879727840423584
YKR037C,YPL101W,0,-1.6254034,0.10238873213529587,0.9970179200172424,0.8798279166221619
YOR373W,YHR207C,0,-1.6258001,0.10237827897071838,0.9970179200172424,0.879927933216095
YHR172W,YGL090W,0,-1.6258183,0.1023678332567215,0.9970179200172424,0.8800280094146729
YER148W,YNL162W,0,-1.6265317,0.10235738009214401,0.9970179200172424,0.8801280856132507
YOR337W,YHR186C,0,-1.6270024,0.10234694182872772,0.9970179200172424,0.8802281618118286
YEL016C,YAL058W,0,-1.6270082,0.10233649611473083,0.9970179200172424,0.8803281784057617
YJL090C,YML095C,0,-1.6272392,0.10232605785131454,0.9970179200172424,0.8804282546043396
YDL067C,YPR096C,0,-1.6299176,0.10231561958789825,0.9970179200172424,0.8805283308029175
YAL010C,YLR438C-A,0,-1.6313868,0.10230518132448196,0.9970179200172424,0.8806283473968506
YJL072C,YMR224C,0,-1.6322141,0.10229475051164627,0.9970179200172424,0.8807284235954285
YLR266C,YER148W,0,-1.6323359,0.10228431224822998,0.9970179200172424,0.8808284997940063
YDR279W,YMR289W,0,-1.6325791,0.10227388888597488,0.9970179200172424,0.8809285759925842
YLR134W,YCL069W,0,-1.6326184,0.10226345807313919,0.9970179200172424,0.8810285925865173
YBR198C,YGR279C,0,-1.6341975,0.1022530347108841,0.9970179200172424,0.8811286687850952
YMR223W,YER164W,0,-1.6346993,0.102242611348629,0.9970179200172424,0.8812287449836731
YMR188C,YGR200C,0,-1.6352193,0.1022321879863739,0.9970179200172424,0.881328821182251
YML043C,YLR139C,0,-1.6353105,0.1022217720746994,0.9970179200172424,0.8814288377761841
YMR036C,YML005W,0,-1.6356361,0.1022113487124443,0.9970179200172424,0.881528913974762
YOR116C,YLR287C-A,0,-1.6358738,0.1022009402513504,0.9970179200172424,0.8816289901733398
YLR385C,YER112W,0,-1.6365907,0.1021905243396759,0.9970179200172424,0.8817290663719177
YHR031C,YMR204C,0,-1.6371155,0.102180115878582,0.9970179200172424,0.8818290829658508
YDR279W,YDR130C,0,-1.6371692,0.1021697074174881,0.9970179200172424,0.8819291591644287
YDR121W,YBR040W,0,-1.6371915,0.1021592989563942,0.9970179200172424,0.8820292353630066
YDR299W,YJL102W,0,-1.6372464,0.10214889794588089,0.9970179200172424,0.8821292519569397
YIL070C,YMR204C,0,-1.6379948,0.10213848948478699,0.9970179200172424,0.8822293281555176
YNL185C,YIL160C,0,-1.6383681,0.10212809592485428,0.9970179200172424,0.8823294043540955
YIL039W,YLR078C,0,-1.6387386,0.10211769491434097,0.9970179200172424,0.8824294805526733
YMR287C,YBR030W,0,-1.6409073,0.10210730135440826,0.9970179200172424,0.8825294971466064
YDR533C,YER048W-A,0,-1.640981,0.10209690779447556,0.9970179200172424,0.8826295733451843
YGR058W,YMR303C,0,-1.6410983,0.10208651423454285,0.9970179200172424,0.8827296495437622
YOR179C,YGR156W,0,-1.6432507,0.10207612812519073,0.9970179200172424,0.8828297257423401
YMR016C,YEL002C,0,-1.6438475,0.10206573456525803,0.9970179200172424,0.8829297423362732
YLR188W,YDR520C,0,-1.6439452,0.10205534845590591,0.9970179200172424,0.8830298185348511
YER048W-A,YDR483W,0,-1.6453621,0.1020449697971344,0.9970179200172424,0.883129894733429
YHR117W,YER180C,0,-1.6456904,0.10203459113836288,0.9970179200172424,0.8832299113273621
YBR176W,YMR037C,0,-1.6470855,0.10202421247959137,0.9970179200172424,0.8833299875259399
YML091C,YAL062W,0,-1.6471379,0.10201383382081985,0.9970179200172424,0.8834300637245178
YDR425W,YHR023W,0,-1.6481955,0.10200345516204834,0.9970179200172424,0.8835301399230957
YKL059C,YKR050W,0,-1.6487417,0.10199308395385742,0.9970179200172424,0.8836301565170288
YBL024W,YGR054W,0,-1.6511325,0.1019827127456665,0.9970179200172424,0.8837302327156067
YJR001W,YDR088C,0,-1.652586,0.10197234898805618,0.9970179200172424,0.8838303089141846
YDR356W,YNL191W,0,-1.6529303,0.10196197777986526,0.9970179200172424,0.8839303851127625
YGL135W,YDR247W,0,-1.6535774,0.10195161402225494,0.9970179200172424,0.8840304017066956
YOR384W,YBR092C,0,-1.6538216,0.10194125771522522,0.9970179200172424,0.8841304779052734
YKR062W,YHR181W,0,-1.6539028,0.1019308939576149,0.9970179200172424,0.8842305541038513
YER095W,YMR098C,0,-1.6541011,0.10192053765058517,0.9970179200172424,0.8843305706977844
YLR015W,YDR038C,0,-1.654418,0.10191018134355545,0.9970179200172424,0.8844306468963623
YMR211W,YGR123C,0,-1.6545947,0.10189982503652573,0.9970179200172424,0.8845307230949402
YHL036W,YNL189W,0,-1.6553085,0.1018894761800766,0.9970179200172424,0.8846307992935181
YFL039C,YJL190C,0,-1.6564244,0.10187912732362747,0.9970179200172424,0.8847308158874512
YLR142W,YIL026C,0,-1.656781,0.10186877846717834,0.9970179200172424,0.884830892086029
YLR418C,YMR292W,0,-1.6571448,0.10185843706130981,0.9970179200172424,0.8849309682846069
YDR096W,YBR273C,0,-1.6574577,0.10184808820486069,0.9970179200172424,0.8850310444831848
YMR316W,YER174C,0,-1.6592892,0.10183774679899216,0.9970179200172424,0.8851310610771179
YJL041W,YER173W,0,-1.6595185,0.10182741284370422,0.9970179200172424,0.8852311372756958
YOR143C,YIL126W,0,-1.6595337,0.1018170714378357,0.9970179200172424,0.8853312134742737
YAL043C,YNL096C,0,-1.6605979,0.10180673748254776,0.9970179200172424,0.8854312300682068
YCL061C,YGR014W,0,-1.6609457,0.10179640352725983,0.9970179200172424,0.8855313062667847
YLR201C,YFL044C,0,-1.6626903,0.10178607702255249,0.9970179200172424,0.8856313824653625
YLR188W,YML125C,0,-1.6633217,0.10177575051784515,0.9970179200172424,0.8857314586639404
YNL166C,YAL025C,0,-1.6640153,0.10176542401313782,0.9970179200172424,0.8858314752578735
YNL206C,YOR075W,0,-1.6642292,0.10175509750843048,0.9970179200172424,0.8859315514564514
YPL017C,YMR152W,0,-1.6646931,0.10174477845430374,0.9970179200172424,0.8860316276550293
YDL205C,YBL090W,0,-1.6648209,0.101734459400177,0.9970179200172424,0.8861317038536072
YMR217W,YNL146W,0,-1.6649964,0.10172414034605026,0.9970179200172424,0.8862317204475403
YLL035W,YNL115C,0,-1.6656601,0.10171382129192352,0.9970179200172424,0.8863317966461182
YOR179C,YNL061W,0,-1.6658365,0.10170350968837738,0.9970179200172424,0.886431872844696
YHR089C,YJR089W,0,-1.666925,0.10169319808483124,0.9970179200172424,0.8865318894386292
YER061C,YML077W,0,-1.667006,0.1016828864812851,0.9970179200172424,0.886631965637207
YCL063W,YGL185C,0,-1.6674137,0.10167258232831955,0.9970179200172424,0.8867320418357849
YDR283C,YJR089W,0,-1.6680043,0.101662278175354,0.9970179200172424,0.8868321180343628
YMR042W,YKL024C,0,-1.6690233,0.10165197402238846,0.9970179200172424,0.8869321346282959
YGL123W,YER106W,0,-1.6697438,0.10164166986942291,0.9970179200172424,0.8870322108268738
YGR047C,YJL102W,0,-1.6711992,0.10163137316703796,0.9970179200172424,0.8871322870254517
YGR220C,YJR045C,0,-1.6724037,0.10162107646465302,0.9970179200172424,0.8872323632240295
YML125C,YOR067C,0,-1.673502,0.10161077976226807,0.9970179200172424,0.8873323798179626
YDL060W,YBR251W,0,-1.6739523,0.10160048305988312,0.9970179200172424,0.8874324560165405
YLR126C,YCR039C,0,-1.6740023,0.10159019380807877,0.9970179200172424,0.8875325322151184
YGL168W,YJL109C,0,-1.6744916,0.10157990455627441,0.9970179200172424,0.8876326084136963
YOR061W,YEL015W,0,-1.6751406,0.10156962275505066,0.9970179200172424,0.8877326250076294
YML015C,YGR035C,0,-1.6759455,0.10155933350324631,0.9970179200172424,0.8878327012062073
YDR014W,YDR044W,0,-1.6765835,0.10154905170202255,0.9970179200172424,0.8879327774047852
YPR048W,YNR070W,0,-1.6779025,0.1015387699007988,0.9970179200172424,0.8880327939987183
YNL306W,YLR448W,0,-1.6787987,0.10152849555015564,0.9970179200172424,0.8881328701972961
YBR251W,YPL033C,0,-1.6790383,0.10151822119951248,0.9970179200172424,0.888232946395874
YLR086W,YER153C,0,-1.6792291,0.10150794684886932,0.9970179200172424,0.8883330225944519
YOR151C,YLR371W,0,-1.6794556,0.10149767249822617,0.9970179200172424,0.888433039188385
YDL051W,YHR140W,0,-1.6810546,0.1014874055981636,0.9970179200172424,0.8885331153869629
YMR307W,YBR159W,0,-1.6823863,0.10147713124752045,0.9970179200172424,0.8886331915855408
YGR274C,YDR139C,0,-1.6829803,0.10146687179803848,0.9970179200172424,0.8887332677841187
YER153C,YPR032W,0,-1.683073,0.10145660489797592,0.9970179200172424,0.8888332843780518
YLR287C-A,YLR172C,0,-1.6841054,0.10144634544849396,0.9970179200172424,0.8889333605766296
YOR037W,YDL008W,0,-1.6847048,0.101436085999012,0.9970179200172424,0.8890334367752075
YNL311C,YDL141W,0,-1.6854949,0.10142582654953003,0.9970179200172424,0.8891334533691406
YMR128W,YOR076C,0,-1.6879113,0.10141557455062866,0.9970179200172424,0.8892335295677185
YNL077W,YLR265C,0,-1.6880205,0.1014053151011467,0.9970179200172424,0.8893336057662964
YER086W,YGR274C,0,-1.6884757,0.10139506310224533,0.9970179200172424,0.8894336819648743
YBL054W,YGR223C,0,-1.6900127,0.10138481855392456,0.9970179200172424,0.8895336985588074
YLR154C,YOR127W,0,-1.6903619,0.10137457400560379,0.9970179200172424,0.8896337747573853
YDR334W,YDR436W,0,-1.6915922,0.10136432200670242,0.9970179200172424,0.8897338509559631
YDL231C,YGL210W,0,-1.6916273,0.10135408490896225,0.9970179200172424,0.889833927154541
YOL018C,YER051W,0,-1.6917168,0.10134384036064148,0.9970179200172424,0.8899339437484741
YNL206C,YMR094W,0,-1.6918441,0.1013336032629013,0.9970179200172424,0.890034019947052
YOR369C,YNL096C,0,-1.6919053,0.10132336616516113,0.9970179200172424,0.8901340961456299
YMR004W,YOL077C,0,-1.6930096,0.10131312906742096,0.9970179200172424,0.890234112739563
YPR186C,YPR042C,0,-1.6938323,0.10130289942026138,0.9970179200172424,0.8903341889381409
YJL157C,YGR123C,0,-1.6940137,0.1012926697731018,0.9970179200172424,0.8904342651367188
YAR019C,YPL085W,0,-1.694067,0.10128244012594223,0.9970179200172424,0.8905343413352966
YER120W,YER106W,0,-1.6950346,0.10127221047878265,0.9970179200172424,0.8906343579292297
YKR061W,YOL018C,0,-1.6950448,0.10126198828220367,0.9970179200172424,0.8907344341278076
YDR440W,YOL105C,0,-1.6961865,0.1012517660856247,0.9970179200172424,0.8908345103263855
YNL306W,YMR150C,0,-1.6967182,0.10124154388904572,0.9970179200172424,0.8909345865249634
YLR106C,YML095C,0,-1.696956,0.10123132914304733,0.9970179200172424,0.8910346031188965
YDL129W,YPR073C,0,-1.6982083,0.10122111439704895,0.9970179200172424,0.8911346793174744
YGL035C,YBR092C,0,-1.6984982,0.10121089965105057,0.9970179200172424,0.8912347555160522
YMR070W,YCL063W,0,-1.6985362,0.10120068490505219,0.9970179200172424,0.8913347721099854
YOR143C,YCL075W,0,-1.6988206,0.1011904776096344,0.9970179200172424,0.8914348483085632
YKL017C,YNR041C,0,-1.6997546,0.10118027031421661,0.9970179200172424,0.8915349245071411
YMR264W,YMR094W,0,-1.7008617,0.10117006301879883,0.9970179200172424,0.891635000705719
YLL009C,YEL013W,0,-1.7019608,0.10115985572338104,0.9970179200172424,0.8917350172996521
YOL030W,YJL148W,0,-1.7025895,0.10114965587854385,0.9970179200172424,0.89183509349823
YMR201C,YML087C,0,-1.7031194,0.10113945603370667,0.9970179200172424,0.8919351696968079
YJR104C,YBR213W,0,-1.7031814,0.10112926363945007,0.9970179200172424,0.8920352458953857
YBL054W,YPL085W,0,-1.7045472,0.10111906379461288,0.9970179200172424,0.8921352624893188
YJL143W,YKR059W,0,-1.7053468,0.10110887140035629,0.9970179200172424,0.8922353386878967
YDL141W,YKR050W,0,-1.7054329,0.1010986790060997,0.9970179200172424,0.8923354148864746
YER140W,YCL063W,0,-1.7056198,0.10108848661184311,0.9970179200172424,0.8924354314804077
YKR094C,YBR164C,0,-1.7065526,0.10107830166816711,0.9970179200172424,0.8925355076789856
YLR201C,YOR131C,0,-1.7069982,0.10106811672449112,0.9970179200172424,0.8926355838775635
YPL031C,YBL010C,0,-1.7079762,0.10105793178081512,0.9970179200172424,0.8927356600761414
YHR206W,YBL057C,0,-1.7080009,0.10104775428771973,0.9970179200172424,0.8928356766700745
YLR096W,YDR448W,0,-1.7085485,0.10103757679462433,0.9970179200172424,0.8929357528686523
YMR198W,YDL060W,0,-1.7086122,0.10102739930152893,0.9970179200172424,0.8930358290672302
YOR224C,YPR070W,0,-1.7092689,0.10101722180843353,0.9970179200172424,0.8931359052658081
YDR478W,YOR217W,0,-1.7099369,0.10100705176591873,0.9970179200172424,0.8932359218597412
YHR046C,YGR009C,0,-1.7100813,0.10099688172340393,0.9970179200172424,0.8933359980583191
YEL054C,YLR127C,0,-1.7115726,0.10098671168088913,0.9970179200172424,0.893436074256897
YLR090W,YBL024W,0,-1.712529,0.10097654163837433,0.9970179200172424,0.8935361504554749
YJR060W,YLR032W,0,-1.7129211,0.10096637904644012,0.9970179200172424,0.893636167049408
YKL089W,YLR438C-A,0,-1.714606,0.10095621645450592,0.9970179200172424,0.8937362432479858
YNL331C,YMR211W,0,-1.7150211,0.10094605386257172,0.9970179200172424,0.8938363194465637
YJL133W,YGL031C,0,-1.7151744,0.10093589872121811,0.9970179200172424,0.8939363360404968
YAL043C,YNL158W,0,-1.7151849,0.1009257361292839,0.9970179200172424,0.8940364122390747
YBL024W,YMR071C,0,-1.715329,0.1009155884385109,0.9970179200172424,0.8941364884376526
YDR279W,YPL068C,0,-1.7155392,0.10090543329715729,0.9970179200172424,0.8942365646362305
YML040W,YGL035C,0,-1.7185946,0.10089528560638428,0.9970179200172424,0.8943365812301636
YMR043W,YDR118W,0,-1.7189071,0.10088513046503067,0.9970179200172424,0.8944366574287415
YER126C,YDR420W,0,-1.7194122,0.10087499022483826,0.9970179200172424,0.8945367336273193
YFR037C,YBR142W,0,-1.719846,0.10086484253406525,0.9970179200172424,0.8946368098258972
YDR126W,YDR120C,0,-1.7203233,0.10085470229387283,0.9970179200172424,0.8947368264198303
YDR440W,YMR127C,0,-1.7207546,0.10084456205368042,0.9970179200172424,0.8948369026184082
YGR104C,YCR020C,0,-1.721401,0.100834421813488,0.9970179200172424,0.8949369788169861
YLR142W,YMR264W,0,-1.7222567,0.10082428902387619,0.9970179200172424,0.8950369954109192
YMR036C,YPR041W,0,-1.7227752,0.10081414878368378,0.9970179200172424,0.8951370716094971
YAL035W,YOR075W,0,-1.7231307,0.10080402344465256,0.9970179200172424,0.895237147808075
YHR031C,YDL231C,0,-1.7263932,0.10079389065504074,0.9970179200172424,0.8953372240066528
YHR046C,YOR201C,0,-1.7267163,0.10078376531600952,0.9970179200172424,0.8954372406005859
YKL010C,YNL189W,0,-1.7269704,0.1007736325263977,0.9970179200172424,0.8955373167991638
YBR033W,YLR201C,0,-1.727212,0.10076351463794708,0.9970179200172424,0.8956373929977417
YML074C,YML009C,0,-1.7273244,0.10075338929891586,0.9970179200172424,0.8957374691963196
YAL035W,YJL109C,0,-1.7300055,0.10074327141046524,0.9970179200172424,0.8958374857902527
YHR153C,YOL072W,0,-1.730782,0.10073315352201462,0.9970179200172424,0.8959375619888306
YIL112W,YJL190C,0,-1.7315229,0.100723035633564,0.9970179200172424,0.8960376381874084
YDR252W,YPL153C,0,-1.7318434,0.10071292519569397,0.9970179200172424,0.8961376547813416
YNL330C,YML018C,0,-1.735337,0.10070281475782394,0.9970179200172424,0.8962377309799194
YOR201C,YJR059W,0,-1.7358377,0.10069270431995392,0.9970179200172424,0.8963378071784973
YMR314W,YPL281C,0,-1.7365615,0.10068259388208389,0.9970179200172424,0.8964378833770752
YEL013W,YLR371W,0,-1.737524,0.10067249089479446,0.9970179200172424,0.8965378999710083
YBL078C,YIR012W,0,-1.737682,0.10066238790750504,0.9970179200172424,0.8966379761695862
YDR363W-A,YIL126W,0,-1.7386857,0.1006522849202156,0.9970179200172424,0.8967380523681641
YOL152W,YIL145C,0,-1.7387235,0.10064218193292618,0.9970179200172424,0.8968381285667419
YJL219W,YBL010C,0,-1.7388924,0.10063208639621735,0.9970179200172424,0.896938145160675
YKR062W,YKL028W,0,-1.7398947,0.10062199085950851,0.9970179200172424,0.8970382213592529
YOR039W,YHR011W,0,-1.7415156,0.10061189532279968,0.9970179200172424,0.8971382975578308
YLR134W,YBR156C,0,-1.7422333,0.10060180723667145,0.9970179200172424,0.8972383141517639
YOR167C,YMR006C,0,-1.7425842,0.10059171915054321,0.9970179200172424,0.8973383903503418
YML124C,YPL204W,0,-1.7436981,0.10058163106441498,0.9970179200172424,0.8974384665489197
YBR166C,YJL156C,0,-1.7456431,0.10057154297828674,0.9970179200172424,0.8975385427474976
YLR086W,YIL155C,0,-1.74592,0.1005614623427391,0.9970179200172424,0.8976385593414307
YBR084W,YJL121C,0,-1.7469466,0.10055138170719147,0.9970179200172424,0.8977386355400085
YIR017C,YPL220W,0,-1.7469518,0.10054130107164383,0.9970179200172424,0.8978387117385864
YDR400W,YLR467W,0,-1.7470858,0.10053122043609619,0.9970179200172424,0.8979387879371643
YNL061W,YDR077W,0,-1.7472228,0.10052114725112915,0.9970179200172424,0.8980388045310974
YJL157C,YDL065C,0,-1.7472706,0.10051107406616211,0.9970179200172424,0.8981388807296753
YGL035C,YLR154C,0,-1.7484009,0.10050100088119507,0.9970179200172424,0.8982389569282532
YMR171C,YLR010C,0,-1.7494481,0.10049093514680862,0.9970179200172424,0.898339033126831
YAL012W,YMR285C,0,-1.749558,0.10048086196184158,0.9970179200172424,0.8984390497207642
YKL181W,YNL119W,0,-1.7511768,0.10047080367803574,0.9970179200172424,0.898539125919342
YOR167C,YHR089C,0,-1.752741,0.10046073794364929,0.9970179200172424,0.8986392021179199
YPR048W,YER140W,0,-1.7529789,0.10045067965984344,0.9970179200172424,0.898739218711853
YGR263C,YDR297W,0,-1.7543354,0.100440613925457,0.9970179200172424,0.8988392949104309
YKR094C,YDR523C,0,-1.7544616,0.10043056309223175,0.9970179200172424,0.8989393711090088
YKR037C,YOL103W,0,-1.7549149,0.1004205048084259,0.9970179200172424,0.8990394473075867
YKL154W,YOR120W,0,-1.7552676,0.10041045397520065,0.9970179200172424,0.8991394639015198
YGL232W,YPL174C,0,-1.7552953,0.1004004031419754,0.9970179200172424,0.8992395401000977
YDL030W,YJL125C,0,-1.7557276,0.10039035230875015,0.9970179200172424,0.8993396162986755
YDR018C,YLR097C,0,-1.7561784,0.1003803014755249,0.9970179200172424,0.8994396924972534
YIL009C-A,YDR128W,0,-1.7563136,0.10037025809288025,0.9970179200172424,0.8995397090911865
YOR174W,YMR037C,0,-1.7580192,0.1003602147102356,0.9970179200172424,0.8996397852897644
YHR101C,YJL148W,0,-1.7581639,0.10035017877817154,0.9970179200172424,0.8997398614883423
YMR287C,YNL206C,0,-1.758403,0.10034013539552689,0.9970179200172424,0.8998398780822754
YLR439W,YER112W,0,-1.7587394,0.10033009946346283,0.9970179200172424,0.8999399542808533
YAL043C,YGL222C,0,-1.7592702,0.10032006353139877,0.9970179200172424,0.9000400304794312
YLR396C,YOL125W,0,-1.7594788,0.10031002759933472,0.9970179200172424,0.900140106678009
YBR207W,YBL074C,0,-1.7598265,0.10029999911785126,0.9970179200172424,0.9002401232719421
YOL138C,YJR097W,0,-1.7602777,0.1002899706363678,0.9970179200172424,0.90034019947052
YMR198W,YBL082C,0,-1.7618761,0.10027994215488434,0.9970179200172424,0.9004402756690979
YJL133W,YCR010C,0,-1.763036,0.10026992112398148,0.9970179200172424,0.9005403518676758
YHR206W,YKL156W,0,-1.7631011,0.10025989264249802,0.9970179200172424,0.9006403684616089
YLR074C,YOR092W,0,-1.7635595,0.10024987161159515,0.9970179200172424,0.9007404446601868
YDR318W,YGR071C,0,-1.7649482,0.10023985803127289,0.9970179200172424,0.9008405208587646
YLL062C,YOR348C,0,-1.7664508,0.10022983700037003,0.9970179200172424,0.9009405374526978
YER112W,YDR330W,0,-1.7670517,0.10021982342004776,0.9970179200172424,0.9010406136512756
YJR025C,YPL281C,0,-1.7671008,0.1002098098397255,0.9970179200172424,0.9011406898498535
YGL232W,YLL038C,0,-1.7673948,0.10019980370998383,0.9970179200172424,0.9012407660484314
YJR121W,YNL015W,0,-1.7681985,0.10018979012966156,0.9970179200172424,0.9013407826423645
YBR291C,YLR048W,0,-1.7685255,0.10017978399991989,0.9970179200172424,0.9014408588409424
YHR031C,YGL084C,0,-1.7689219,0.10016977787017822,0.9970179200172424,0.9015409350395203
YLR467W,YOL149W,0,-1.7704356,0.10015977919101715,0.9970179200172424,0.9016410112380981
YOL092W,YER007W,0,-1.7708535,0.10014977306127548,0.9970179200172424,0.9017410278320312
YLR106C,YPR122W,0,-1.7712101,0.10013977438211441,0.9970179200172424,0.9018411040306091
YDL120W,YGL095C,0,-1.7727809,0.10012977570295334,0.9970179200172424,0.901941180229187
YKL028W,YDL008W,0,-1.7731268,0.10011978447437286,0.9970179200172424,0.9020411968231201
YLR201C,YHR215W,0,-1.7739496,0.10010979324579239,0.9970179200172424,0.902141273021698
YOR346W,YJR089W,0,-1.7740881,0.10009980201721191,0.9970179200172424,0.9022413492202759
YJR135C,YMR302C,0,-1.7755508,0.10008981078863144,0.9970179200172424,0.9023414254188538
YER029C,YDR520C,0,-1.7757441,0.10007982701063156,0.9970179200172424,0.9024414420127869
YAL041W,YIL150C,0,-1.776396,0.10006983578205109,0.9970179200172424,0.9025415182113647
YGR123C,YBR207W,0,-1.7765533,0.1000598594546318,0.9970179200172424,0.9026415944099426
YHR186C,YDL112W,0,-1.7771871,0.10004987567663193,0.9970179200172424,0.9027416706085205
YGR295C,YGR286C,0,-1.7780006,0.10003989934921265,0.9970179200172424,0.9028416872024536
YPL231W,YGL123W,0,-1.7782516,0.10002991557121277,0.9970179200172424,0.9029417634010315
YLR147C,YDR523C,0,-1.7795717,0.10001994669437408,0.9970179200172424,0.9030418395996094
YGL210W,YCR077C,0,-1.7812617,0.1000099703669548,0.9970179200172424,0.9031418561935425
YBR087W,YPL226W,0,-1.781519,0.10000000149011612,0.9970179200172424,0.9032419323921204
YDR520C,YIL039W,0,-1.7819105,0.09999003261327744,0.9970179200172424,0.9033420085906982
YAL010C,YPL153C,0,-1.7848428,0.09998006373643875,0.9970179200172424,0.9034420847892761
YML116W,YPR118W,0,-1.7852107,0.09997010231018066,0.9970179200172424,0.9035421013832092
YPR047W,YGR014W,0,-1.786901,0.09996013343334198,0.9970179200172424,0.9036421775817871
YOR151C,YHL036W,0,-1.7878404,0.09995017200708389,0.9970179200172424,0.903742253780365
YGL205W,YPR192W,0,-1.7880074,0.0999402180314064,0.9970179200172424,0.9038423299789429
YML027W,YDR219C,0,-1.7884029,0.09993025660514832,0.9970179200172424,0.903942346572876
YKL154W,YKR030W,0,-1.7892288,0.09992030262947083,0.9970179200172424,0.9040424227714539
YDR334W,YGR156W,0,-1.7893608,0.09991034865379333,0.9970179200172424,0.9041424989700317
YKL088W,YJL109C,0,-1.7894052,0.09990040212869644,0.9970179200172424,0.9042425751686096
YBL021C,YNL101W,0,-1.7896621,0.09989044815301895,0.9970179200172424,0.9043425917625427
YOR167C,YER126C,0,-1.7910616,0.09988050162792206,0.9970179200172424,0.9044426679611206
YOL156W,YAL035W,0,-1.7915277,0.09987055510282516,0.9970179200172424,0.9045427441596985
YIR002C,YIL072W,0,-1.7920407,0.09986061602830887,0.9970179200172424,0.9046427607536316
YJL157C,YDR531W,0,-1.7932596,0.09985066950321198,0.9970179200172424,0.9047428369522095
YMR201C,YLL035W,0,-1.7933232,0.09984073042869568,0.9970179200172424,0.9048429131507874
YKL181W,YJL189W,0,-1.793325,0.09983079880475998,0.9970179200172424,0.9049429893493652
YLR439W,YAL043C,0,-1.7941977,0.09982085973024368,0.9970179200172424,0.9050430059432983
YJL033W,YLR032W,0,-1.7958634,0.09981092810630798,0.9970179200172424,0.9051430821418762
YOR046C,YJL102W,0,-1.7958783,0.09980099648237228,0.9970179200172424,0.9052431583404541
YOR046C,YGL031C,0,-1.796731,0.09979106485843658,0.9970179200172424,0.905343234539032
YER025W,YNL244C,0,-1.7971818,0.09978114068508148,0.9970179200172424,0.9054432511329651
YNL308C,YKL183W,0,-1.7977316,0.09977120906114578,0.9970179200172424,0.905543327331543
YJL125C,YLL035W,0,-1.7979352,0.09976129233837128,0.9970179200172424,0.9056434035301208
YPR186C,YBR030W,0,-1.798712,0.09975136816501617,0.9970179200172424,0.905743420124054
YGL210W,YGL211W,0,-1.8006233,0.09974145144224167,0.9970179200172424,0.9058434963226318
YOL005C,YPR031W,0,-1.8017923,0.09973152726888657,0.9970179200172424,0.9059435725212097
YMR289W,YLR276C,0,-1.8025377,0.09972161799669266,0.9970179200172424,0.9060436487197876
YJL125C,YLR306W,0,-1.8035859,0.09971170127391815,0.9970179200172424,0.9061436653137207
YBR142W,YAR044W,0,-1.8042011,0.09970179200172424,0.9970179200172424,0.9062437415122986
YBR245C,YMR204C,0,-1.8048332,0.09969188272953033,0.9970179200172424,0.9063438177108765
YPR005C,YOR337W,0,-1.8051503,0.09968197345733643,0.9970179200172424,0.9064438939094543
YKR037C,YLR265C,0,-1.8062701,0.09967206418514252,0.9970179200172424,0.9065439105033875
YBR291C,YPL031C,0,-1.8071309,0.0996621623635292,0.9970179200172424,0.9066439867019653
YDR118W,YBL010C,0,-1.8074445,0.0996522605419159,0.9970179200172424,0.9067440629005432
YDR511W,YML037C,0,-1.8084474,0.09964235872030258,0.9970179200172424,0.9068440794944763
YKR048C,YJL148W,0,-1.8087804,0.09963246434926987,0.9970179200172424,0.9069441556930542
YML074C,YNL129W,0,-1.8100245,0.09962256997823715,0.9970179200172424,0.9070442318916321
YPL271W,YBR297W,0,-1.8113647,0.09961267560720444,0.9970179200172424,0.90714430809021
YCL059C,YJL109C,0,-1.8120837,0.09960278123617172,0.9970179200172424,0.9072443246841431
YML034W,YER070W,0,-1.8120866,0.09959288686513901,0.9970179200172424,0.907344400882721
YDL164C,YLL001W,0,-1.8147798,0.09958299994468689,0.9970179200172424,0.9074444770812988
YGL210W,YBR159W,0,-1.815182,0.09957311302423477,0.9970179200172424,0.9075445532798767
YDR329C,YER082C,0,-1.8153633,0.09956323355436325,0.9970179200172424,0.9076445698738098
YGL059W,YPL092W,0,-1.816505,0.09955334663391113,0.9970179200172424,0.9077446460723877
YHR031C,YBL039C,0,-1.8186843,0.09954346716403961,0.9970179200172424,0.9078447222709656
YLR283W,YNR061C,0,-1.8187497,0.09953358769416809,0.9970179200172424,0.9079447388648987
YBR198C,YDL130W,0,-1.8192203,0.09952371567487717,0.9970179200172424,0.9080448150634766
YDL051W,YER161C,0,-1.8197858,0.09951384365558624,0.9970179200172424,0.9081448912620544
YLR015W,YDR479C,0,-1.8198569,0.09950397163629532,0.9970179200172424,0.9082449674606323
YJR010C-A,YGR274C,0,-1.8205073,0.0994940996170044,0.9970179200172424,0.9083449840545654
YDL051W,YNL112W,0,-1.8206389,0.09948422759771347,0.9970179200172424,0.9084450602531433
YGL232W,YLR032W,0,-1.8217394,0.09947436302900314,0.9970179200172424,0.9085451364517212
YNL001W,YPR118W,0,-1.8219831,0.09946449846029282,0.9970179200172424,0.9086452126502991
YAL021C,YLR318W,0,-1.8232092,0.09945463389158249,0.9970179200172424,0.9087452292442322
YDL129W,YLR079W,0,-1.823421,0.09944477677345276,0.9970179200172424,0.9088453054428101
YPL144W,YJL090C,0,-1.8278601,0.09943491965532303,0.9970179200172424,0.9089453816413879
YCR096C,YGR075C,0,-1.8285048,0.0994250625371933,0.9970179200172424,0.909045398235321
YGR101W,YBR030W,0,-1.8305055,0.09941520541906357,0.9970179200172424,0.9091454744338989
YJR009C,YIR015W,0,-1.8314996,0.09940534830093384,0.9970179200172424,0.9092455506324768
YBR041W,YJL148W,0,-1.8316615,0.0993954986333847,0.9970179200172424,0.9093456268310547
YBL057C,YOR326W,0,-1.8341081,0.09938564896583557,0.9970179200172424,0.9094456434249878
YMR016C,YGR189C,0,-1.839582,0.09937580674886703,0.9970179200172424,0.9095457196235657
YML043C,YJL041W,0,-1.8403845,0.0993659570813179,0.9970179200172424,0.9096457958221436
YNL213C,YGL141W,0,-1.8406405,0.09935611486434937,0.9970179200172424,0.9097458720207214
YMR094W,YEL058W,0,-1.8408923,0.09934627264738083,0.9970179200172424,0.9098458886146545
YGR262C,YPR032W,0,-1.8416214,0.09933643788099289,0.9970179200172424,0.9099459648132324
YGR047C,YPL157W,0,-1.8424067,0.09932659566402435,0.9970179200172424,0.9100460410118103
YML106W,YJL156C,0,-1.8443019,0.09931676089763641,0.9970179200172424,0.9101461172103882
YAL043C,YOL149W,0,-1.8458841,0.09930693358182907,0.9970179200172424,0.9102461338043213
YHR046C,YGL141W,0,-1.8472922,0.09929709881544113,0.9970179200172424,0.9103462100028992
YFR005C,YEL021W,0,-1.8474455,0.09928727149963379,0.9970179200172424,0.910446286201477
YDR219C,YDR139C,0,-1.8488076,0.09927744418382645,0.9970179200172424,0.9105463027954102
YBR055C,YGR156W,0,-1.8490672,0.0992676168680191,0.9970179200172424,0.910646378993988
YDR334W,YLR357W,0,-1.849828,0.09925778955221176,0.9970179200172424,0.9107464551925659
YDR065W,YIL072W,0,-1.8498411,0.09924796968698502,0.9970179200172424,0.9108465313911438
YER161C,YER089C,0,-1.8503962,0.09923814982175827,0.9970179200172424,0.9109465479850769
YIL090W,YMR292W,0,-1.8508747,0.09922833740711212,0.9970179200172424,0.9110466241836548
YDR288W,YBR030W,0,-1.852213,0.09921851754188538,0.9970179200172424,0.9111467003822327
YAR007C,YOR217W,0,-1.8526433,0.09920870512723923,0.9970179200172424,0.9112467765808105
YPL060W,YBL039C,0,-1.8526855,0.09919889271259308,0.9970179200172424,0.9113467931747437
YDR115W,YDR534C,0,-1.8528728,0.09918908029794693,0.9970179200172424,0.9114468693733215
YIL084C,YGR116W,0,-1.8529191,0.09917927533388138,0.9970179200172424,0.9115469455718994
YDR312W,YLR427W,0,-1.8534203,0.09916947036981583,0.9970179200172424,0.9116469621658325
YOR066W,YOL007C,0,-1.8546126,0.09915966540575027,0.9970179200172424,0.9117470383644104
YNL292W,YJR059W,0,-1.8551667,0.09914986044168472,0.9970179200172424,0.9118471145629883
YHR025W,YDR239C,0,-1.85588,0.09914006292819977,0.9970179200172424,0.9119471907615662
YBR176W,YLR446W,0,-1.85657,0.09913026541471481,0.9970179200172424,0.9120472073554993
YGL229C,YOL125W,0,-1.8570849,0.09912046790122986,0.9970179200172424,0.9121472835540771
YLR015W,YDL195W,0,-1.857166,0.0991106703877449,0.9970179200172424,0.912247359752655
YDR060W,YGL039W,0,-1.8582311,0.09910088032484055,0.9970179200172424,0.9123474359512329
YBR156C,YDL180W,0,-1.8588543,0.09909109026193619,0.9970179200172424,0.912447452545166
YPL153C,YCR054C,0,-1.8617225,0.09908130019903183,0.9970179200172424,0.9125475287437439
YMR045C,YBL055C,0,-1.862767,0.09907151013612747,0.9970179200172424,0.9126476049423218
YDL060W,YLR048W,0,-1.8630066,0.09906172752380371,0.9970179200172424,0.9127476215362549
YBR176W,YKL028W,0,-1.8644128,0.09905194491147995,0.9970179200172424,0.9128476977348328
YML106W,YKL164C,0,-1.865703,0.09904216229915619,0.9970179200172424,0.9129477739334106
YMR235C,YGL128C,0,-1.867255,0.09903238713741302,0.9970179200172424,0.9130478501319885
YLL009C,YDR074W,0,-1.8678689,0.09902261197566986,0.9970179200172424,0.9131478667259216
YGR071C,YPR073C,0,-1.8687851,0.0990128368139267,0.9970179200172424,0.9132479429244995
YPL085W,YLR186W,0,-1.8688068,0.09900306165218353,0.9970179200172424,0.9133480191230774
YNL077W,YNL129W,0,-1.8693836,0.09899328649044037,0.9970179200172424,0.9134480953216553
YBR055C,YGL040C,0,-1.8694422,0.0989835187792778,0.9970179200172424,0.9135481119155884
YDR531W,YBL024W,0,-1.8698136,0.09897375106811523,0.9970179200172424,0.9136481881141663
YLR188W,YLR357W,0,-1.8713826,0.09896398335695267,0.9970179200172424,0.9137482643127441
YJL129C,YLR418C,0,-1.8714386,0.0989542230963707,0.9970179200172424,0.9138482809066772
YBL093C,YOR391C,0,-1.8714716,0.09894446283578873,0.9970179200172424,0.9139483571052551
YPL157W,YAR018C,0,-1.8719006,0.09893470257520676,0.9970179200172424,0.914048433303833
YIL150C,YDL017W,0,-1.8736055,0.09892494231462479,0.9970179200172424,0.9141485095024109
YNL311C,YEL016C,0,-1.8737977,0.09891518950462341,0.9970179200172424,0.914248526096344
YJR022W,YAR018C,0,-1.8740094,0.09890543669462204,0.9970179200172424,0.9143486022949219
YLR439W,YOR244W,0,-1.8746243,0.09889568388462067,0.9970179200172424,0.9144486784934998
YGR274C,YJL108C,0,-1.8759351,0.0988859310746193,0.9970179200172424,0.9145487546920776
YJL056C,YAL003W,0,-1.8760368,0.09887618571519852,0.9970179200172424,0.9146487712860107
YHR027C,YDR507C,0,-1.8764102,0.09886644035577774,0.9970179200172424,0.9147488474845886
YBR296C,YDR448W,0,-1.8768424,0.09885669499635696,0.9970179200172424,0.9148489236831665
YDL164C,YJR015W,0,-1.8770621,0.09884694963693619,0.9970179200172424,0.9149489402770996
YAL013W,YML113W,0,-1.8771423,0.09883721172809601,0.9970179200172424,0.9150490164756775
YMR128W,YPL269W,0,-1.8778539,0.09882747381925583,0.9970179200172424,0.9151490926742554
YHR046C,YKL135C,0,-1.878442,0.09881773591041565,0.9970179200172424,0.9152491688728333
YDR334W,YJL025W,0,-1.8804145,0.09880799800157547,0.9970179200172424,0.9153491854667664
YAL041W,YMR233W,0,-1.8825985,0.09879826754331589,0.9970179200172424,0.9154492616653442
YER061C,YML037C,0,-1.882829,0.0987885370850563,0.9970179200172424,0.9155493378639221
YBR123C,YDR400W,0,-1.8847556,0.09877880662679672,0.9970179200172424,0.9156494140625
YIL084C,YNL149C,0,-1.885654,0.09876907616853714,0.9970179200172424,0.9157494306564331
YGL168W,YER147C,0,-1.8862414,0.09875935316085815,0.9970179200172424,0.915849506855011
YOR346W,YIL115C,0,-1.8885051,0.09874963015317917,0.9970179200172424,0.9159495830535889
YDR448W,YKL179C,0,-1.889333,0.09873990714550018,0.9970179200172424,0.9160496592521667
YAR018C,YKL042W,0,-1.890168,0.0987301915884018,0.9970179200172424,0.9161496758460999
YGL123W,YOR211C,0,-1.8917451,0.0987204760313034,0.9970179200172424,0.9162497520446777
YMR171C,YDR115W,0,-1.8923919,0.09871076047420502,0.9970179200172424,0.9163498282432556
YLR439W,YMR290C,0,-1.8928199,0.09870104491710663,0.9970179200172424,0.9164498448371887
YMR100W,YMR221C,0,-1.8934036,0.09869132936000824,0.9970179200172424,0.9165499210357666
YIL109C,YNL166C,0,-1.8959984,0.09868162125349045,0.9970179200172424,0.9166499972343445
YHR172W,YMR302C,0,-1.8962629,0.09867191314697266,0.9970179200172424,0.9167500734329224
YDL043C,YJR060W,0,-1.8980157,0.09866220504045486,0.9970179200172424,0.9168500900268555
YBR022W,YIR012W,0,-1.8982348,0.09865250438451767,0.9970179200172424,0.9169501662254333
YLR098C,YJR143C,0,-1.8991363,0.09864280372858047,0.9970179200172424,0.9170502424240112
YKL011C,YML113W,0,-1.9012058,0.09863310307264328,0.9970179200172424,0.9171503186225891
YGR218W,YDR483W,0,-1.9012209,0.09862340241670609,0.9970179200172424,0.9172503352165222
YHR046C,YNL311C,0,-1.9056861,0.09861370921134949,0.9970179200172424,0.9173504114151001
YBR251W,YKR105C,0,-1.9067701,0.09860400855541229,0.9970179200172424,0.917450487613678
YLR418C,YDR236C,0,-1.9091015,0.0985943153500557,0.9970179200172424,0.9175505042076111
YNL218W,YKL034W,0,-1.9091017,0.0985846295952797,0.9970179200172424,0.917650580406189
YKL011C,YPL026C,0,-1.9100913,0.0985749363899231,0.9970179200172424,0.9177506566047668
YKL154W,YER106W,0,-1.9117454,0.0985652506351471,0.9970179200172424,0.9178507328033447
YGL003C,YJR068W,0,-1.9147029,0.0985555648803711,0.9970179200172424,0.9179507493972778
YNL311C,YCR037C,0,-1.9159441,0.09854588657617569,0.9970179200172424,0.9180508255958557
YOR116C,YMR289W,0,-1.9178529,0.09853620082139969,0.9970179200172424,0.9181509017944336
YKL011C,YOR046C,0,-1.9180782,0.09852652251720428,0.9970179200172424,0.9182509779930115
YDL164C,YDR011W,0,-1.918281,0.09851684421300888,0.9970179200172424,0.9183509945869446
YPL090C,YJL109C,0,-1.9183624,0.09850716590881348,0.9970179200172424,0.9184510707855225
YHR129C,YML087C,0,-1.9198596,0.09849749505519867,0.9970179200172424,0.9185511469841003
YLR318W,YER045C,0,-1.9207588,0.09848782420158386,0.9970179200172424,0.9186511635780334
YOR224C,YBL082C,0,-1.9210154,0.09847815334796906,0.9970179200172424,0.9187512397766113
YDR177W,YER173W,0,-1.9210796,0.09846848249435425,0.9970179200172424,0.9188513159751892
YCR072C,YNR011C,0,-1.9215477,0.09845881909132004,0.9970179200172424,0.9189513921737671
YHR052W,YJL190C,0,-1.9222527,0.09844915568828583,0.9970179200172424,0.9190514087677002
YLR098C,YAL021C,0,-1.9232309,0.09843949228525162,0.9970179200172424,0.9191514849662781
YDR312W,YPL121C,0,-1.9232405,0.098429836332798,0.9970179200172424,0.919251561164856
YBR030W,YLR441C,0,-1.9255073,0.0984201729297638,0.9970179200172424,0.9193516373634338
YDR312W,YER053C,0,-1.9265456,0.09841051697731018,0.9970179200172424,0.9194516539573669
YER095W,YJR045C,0,-1.9275565,0.09840086102485657,0.9970179200172424,0.9195517301559448
YNL039W,YPL172C,0,-1.9276516,0.09839121252298355,0.9970179200172424,0.9196518063545227
YNL146W,YAR018C,0,-1.9277906,0.09838155657052994,0.9970179200172424,0.9197518229484558
YLR418C,YOL123W,0,-1.9282697,0.09837190806865692,0.9970179200172424,0.9198518991470337
YOR151C,YGL222C,0,-1.9284177,0.0983622670173645,0.9970179200172424,0.9199519753456116
YML034W,YOR306C,0,-1.9297332,0.09835261851549149,0.9970179200172424,0.9200520515441895
YLR015W,YPR186C,0,-1.9311795,0.09834297746419907,0.9970179200172424,0.9201520681381226
YIR002C,YNR050C,0,-1.931279,0.09833333641290665,0.9970179200172424,0.9202521443367004
YDR448W,YML104C,0,-1.9327857,0.09832369536161423,0.9970179200172424,0.9203522205352783
YMR188C,YCR075C,0,-1.9329185,0.09831405431032181,0.9970179200172424,0.9204522967338562
YHR215W,YPR042C,0,-1.9341642,0.09830442070960999,0.9970179200172424,0.9205523133277893
YNL206C,YHR017W,0,-1.9350286,0.09829478710889816,0.9970179200172424,0.9206523895263672
YLR238W,YNL206C,0,-1.9355111,0.09828515350818634,0.9970179200172424,0.9207524657249451
YIL026C,YER045C,0,-1.9402184,0.09827552735805511,0.9970179200172424,0.9208524823188782
YKR050W,YPL092W,0,-1.9405645,0.09826589375734329,0.9970179200172424,0.920952558517456
YPL022W,YLR172C,0,-1.9421694,0.09825626760721207,0.9970179200172424,0.9210526347160339
YDL205C,YLL022C,0,-1.943044,0.09824664145708084,0.9970179200172424,0.9211527109146118
YKR038C,YFR008W,0,-1.943551,0.09823702275753021,0.9970179200172424,0.9212527275085449
YIL115C,YAL058W,0,-1.9448105,0.09822740405797958,0.9970179200172424,0.9213528037071228
YOL007C,YCR037C,0,-1.9453437,0.09821778535842896,0.9970179200172424,0.9214528799057007
YBR001C,YER120W,0,-1.94638,0.09820816665887833,0.9970179200172424,0.9215529561042786
YLR106C,YHL047C,0,-1.9469852,0.0981985479593277,0.9970179200172424,0.9216529726982117
YCR010C,YDR313C,0,-1.9474711,0.09818893671035767,0.9970179200172424,0.9217530488967896
YLR188W,YGR295C,0,-1.9479243,0.09817932546138763,0.9970179200172424,0.9218531250953674
YJL129C,YDR088C,0,-1.9481475,0.0981697142124176,0.9970179200172424,0.9219532012939453
YLR385C,YJL106W,0,-1.9482713,0.09816011041402817,0.9970179200172424,0.9220532178878784
YMR307W,YMR100W,0,-1.9484713,0.09815050661563873,0.9970179200172424,0.9221532940864563
YDL080C,YDL143W,0,-1.9518027,0.0981409028172493,0.9970179200172424,0.9222533702850342
YOR373W,YDR420W,0,-1.9548872,0.09813129901885986,0.9970179200172424,0.9223533868789673
YOR150W,YHR099W,0,-1.9553235,0.09812169522047043,0.9970179200172424,0.9224534630775452
YOR356W,YDR088C,0,-1.9559543,0.09811209887266159,0.9970179200172424,0.922553539276123
YIL093C,YDR121W,0,-1.9562691,0.09810250252485275,0.9970179200172424,0.9226536154747009
YNL086W,YJL198W,0,-1.9564719,0.09809290617704391,0.9970179200172424,0.922753632068634
YGL009C,YKL143W,0,-1.9571676,0.09808331727981567,0.9970179200172424,0.9228537082672119
YIL150C,YNR050C,0,-1.9572881,0.09807372838258743,0.9970179200172424,0.9229537844657898
YOL092W,YGL155W,0,-1.9583588,0.09806413948535919,0.9970179200172424,0.9230538606643677
YML043C,YGL090W,0,-1.9584277,0.09805455058813095,0.9970179200172424,0.9231538772583008
YDL060W,YER153C,0,-1.959362,0.0980449691414833,0.9970179200172424,0.9232539534568787
YPR041W,YCL066W,0,-1.9595543,0.09803538024425507,0.9970179200172424,0.9233540296554565
YLL009C,YLR246W,0,-1.9614768,0.09802579879760742,0.9970179200172424,0.9234540462493896
YMR023C,YPR031W,0,-1.9620676,0.09801622480154037,0.9970179200172424,0.9235541224479675
YKL108W,YBR207W,0,-1.9624104,0.09800664335489273,0.9970179200172424,0.9236541986465454
YBR176W,YML060W,0,-1.9629245,0.09799706935882568,0.9970179200172424,0.9237542748451233
YDL007W,YDR121W,0,-1.9636781,0.09798749536275864,0.9970179200172424,0.9238542914390564
YOL071W,YOR346W,0,-1.9639325,0.09797792136669159,0.9970179200172424,0.9239543676376343
YDR036C,YHL008C,0,-1.9650819,0.09796835482120514,0.9970179200172424,0.9240544438362122
YJL072C,YOR211C,0,-1.9657075,0.09795878827571869,0.9970179200172424,0.92415452003479
YLR385C,YLR121C,0,-1.9657656,0.09794922173023224,0.9970179200172424,0.9242545366287231
YLL009C,YDR363W-A,0,-1.9663231,0.09793965518474579,0.9970179200172424,0.924354612827301
YMR287C,YKL021C,0,-1.9679955,0.09793008863925934,0.9970179200172424,0.9244546890258789
YOR201C,YLR086W,0,-1.9692185,0.09792052954435349,0.9970179200172424,0.924554705619812
YNL227C,YLR158C,0,-1.9692942,0.09791097044944763,0.9970179200172424,0.9246547818183899
YGR071C,YOR043W,0,-1.9706774,0.09790141880512238,0.9970179200172424,0.9247548580169678
YDR376W,YJR058C,0,-1.971276,0.09789185971021652,0.9970179200172424,0.9248549342155457
YCL059C,YPL159C,0,-1.9715654,0.09788230806589127,0.9970179200172424,0.9249549508094788
YDR299W,YMR217W,0,-1.9722948,0.09787275642156601,0.9970179200172424,0.9250550270080566
YOR037W,YDR279W,0,-1.9745111,0.09786320477724075,0.9970179200172424,0.9251551032066345
YDR334W,YER173W,0,-1.9760715,0.0978536605834961,0.9970179200172424,0.9252551794052124
YMR016C,YAL013W,0,-1.9764699,0.09784411638975143,0.9970179200172424,0.9253551959991455
YNL308C,YBR058C,0,-1.9770815,0.09783457219600677,0.9970179200172424,0.9254552721977234
YDR248C,YNL308C,0,-1.9791002,0.09782502800226212,0.9970179200172424,0.9255553483963013
YPL194W,YBL022C,0,-1.980062,0.09781548380851746,0.9970179200172424,0.9256553649902344
YDR088C,YLR176C,0,-1.9802734,0.0978059470653534,0.9970179200172424,0.9257554411888123
YML043C,YPL017C,0,-1.9808013,0.09779641032218933,0.9970179200172424,0.9258555173873901
YLR201C,YPL068C,0,-1.9809694,0.09778687357902527,0.9970179200172424,0.925955593585968
YJL125C,YBR231C,0,-1.9845393,0.0977773442864418,0.9970179200172424,0.9260556101799011
YFR037C,YOR346W,0,-1.9847324,0.09776781499385834,0.9970179200172424,0.926155686378479
YMR042W,YOR246C,0,-1.9851909,0.09775828570127487,0.9970179200172424,0.9262557625770569
YER133W,YJL148W,0,-1.9853624,0.0977487564086914,0.9970179200172424,0.9263558387756348
YDR117C,YJL148W,0,-1.9854829,0.09773923456668854,0.9970179200172424,0.9264558553695679
YLL011W,YML095C,0,-1.9861453,0.09772970527410507,0.9970179200172424,0.9265559315681458
YDR425W,YER096W,0,-1.9865458,0.0977201834321022,0.9970179200172424,0.9266560077667236
YDR071C,YAL012W,0,-1.9871385,0.09771066904067993,0.9970179200172424,0.9267560243606567
YCR053W,YPR184W,0,-1.9877675,0.09770114719867706,0.9970179200172424,0.9268561005592346
YNL293W,YKL021C,0,-1.9883921,0.09769163280725479,0.9970179200172424,0.9269561767578125
YDL030W,YKR030W,0,-1.9890373,0.09768211841583252,0.9970179200172424,0.9270562529563904
YLR221C,YBL055C,0,-1.9903396,0.09767260402441025,0.9970179200172424,0.9271562695503235
YGR158C,YOL056W,0,-1.9918151,0.09766309708356857,0.9970179200172424,0.9272563457489014
YBR087W,YGL168W,0,-1.9925413,0.0976535901427269,0.9970179200172424,0.9273564219474792
YER173W,YLR403W,0,-1.9926474,0.09764408320188522,0.9970179200172424,0.9274564981460571
YMR166C,YLL009C,0,-1.9934642,0.09763457626104355,0.9970179200172424,0.9275565147399902
YGR159C,YLL035W,0,-1.9964813,0.09762506932020187,0.9970179200172424,0.9276565909385681
YPR048W,YML087C,0,-1.9970812,0.0976155698299408,0.9970179200172424,0.927756667137146
YKL183W,YIL113W,0,-1.997214,0.09760607033967972,0.9970179200172424,0.9278567433357239
YHL047C,YAL025C,0,-1.9979426,0.09759657829999924,0.9970179200172424,0.927956759929657
YIR002C,YBR084W,0,-1.9983038,0.09758707880973816,0.9970179200172424,0.9280568361282349
YNR043W,YKL059C,0,-1.9986994,0.09757758677005768,0.9970179200172424,0.9281569123268127
YMR208W,YKR105C,0,-1.9992778,0.0975680947303772,0.9970179200172424,0.9282569289207458
YGL119W,YFR041C,0,-2.0018826,0.09755860269069672,0.9970179200172424,0.9283570051193237
YKL011C,YOR061W,0,-2.0021482,0.09754911810159683,0.9970179200172424,0.9284570813179016
YDR279W,YJL221C,0,-2.0029774,0.09753962606191635,0.9970179200172424,0.9285571575164795
YIL093C,YBR297W,0,-2.0038662,0.09753014147281647,0.9970179200172424,0.9286571741104126
YDR465C,YLR127C,0,-2.0039992,0.09752066433429718,0.9970179200172424,0.9287572503089905
YBL021C,YPL085W,0,-2.006206,0.0975111797451973,0.9970179200172424,0.9288573265075684
YLL022C,YPL204W,0,-2.0064387,0.09750170260667801,0.9970179200172424,0.9289574027061462
YOR175C,YLR015W,0,-2.0074105,0.09749222546815872,0.9970179200172424,0.9290574193000793
YNR022C,YDL110C,0,-2.0074315,0.09748274832963943,0.9970179200172424,0.9291574954986572
YJL072C,YMR285C,0,-2.0081897,0.09747327864170074,0.9970179200172424,0.9292575716972351
YDR531W,YPR019W,0,-2.008506,0.09746380150318146,0.9970179200172424,0.9293575882911682
YOR278W,YIR012W,0,-2.0093112,0.09745433181524277,0.9970179200172424,0.9294576644897461
YIL070C,YKL021C,0,-2.0107615,0.09744486212730408,0.9970179200172424,0.929557740688324
YJL056C,YKL024C,0,-2.011793,0.09743539988994598,0.9970179200172424,0.9296578168869019
YDL129W,YKR048C,0,-2.0123034,0.09742593765258789,0.9970179200172424,0.929757833480835
YDR299W,YGR274C,0,-2.0135307,0.0974164754152298,0.9970179200172424,0.9298579096794128
YJR097W,YOL005C,0,-2.0137396,0.0974070131778717,0.9970179200172424,0.9299579858779907
YDL051W,YPR054W,0,-2.0146074,0.09739755094051361,0.9970179200172424,0.9300580620765686
YBR158W,YJR134C,0,-2.0153263,0.09738809615373611,0.9970179200172424,0.9301580786705017
YMR287C,YPL085W,0,-2.0156443,0.09737864136695862,0.9970179200172424,0.9302581548690796
YEL065W,YOR070C,0,-2.0183787,0.09736918658018112,0.9970179200172424,0.9303582310676575
YML018C,YGL155W,0,-2.0206203,0.09735973924398422,0.9970179200172424,0.9304582476615906
YKL042W,YML009C,0,-2.0207796,0.09735028445720673,0.9970179200172424,0.9305583238601685
YOL067C,YML113W,0,-2.0208774,0.09734083712100983,0.9970179200172424,0.9306584000587463
YPL074W,YMR026C,0,-2.0226784,0.09733138978481293,0.9970179200172424,0.9307584762573242
YDR329C,YLR306W,0,-2.023769,0.09732194989919662,0.9970179200172424,0.9308584928512573
YER095W,YKR059W,0,-2.024364,0.09731250256299973,0.9970179200172424,0.9309585690498352
YKL011C,YER180C,0,-2.025803,0.09730306267738342,0.9970179200172424,0.9310586452484131
YMR257C,YBL023C,0,-2.0269094,0.09729363024234772,0.9970179200172424,0.931158721446991
YPL258C,YML060W,0,-2.0288563,0.09728419035673141,0.9970179200172424,0.9312587380409241
YBR036C,YLR357W,0,-2.0290854,0.09727475792169571,0.9970179200172424,0.931358814239502
YIL093C,YOL080C,0,-2.0306184,0.09726532548666,0.9970179200172424,0.9314588904380798
YPL258C,YNL129W,0,-2.0311935,0.0972558930516243,0.9970179200172424,0.9315589070320129
YGR047C,YLR086W,0,-2.031649,0.09724646061658859,0.9970179200172424,0.9316589832305908
YMR233W,YDR283C,0,-2.0342457,0.09723703563213348,0.9970179200172424,0.9317590594291687
YDR520C,YOL064C,0,-2.034679,0.09722761064767838,0.9970179200172424,0.9318591356277466
YLR126C,YNR050C,0,-2.0361931,0.09721818566322327,0.9970179200172424,0.9319591522216797
YOR346W,YKR030W,0,-2.0365314,0.09720876067876816,0.9970179200172424,0.9320592284202576
YIL109C,YCL059C,0,-2.0367107,0.09719934314489365,0.9970179200172424,0.9321593046188354
YJL056C,YOR211C,0,-2.038174,0.09718992561101913,0.9970179200172424,0.9322593808174133
YLR090W,YHL036W,0,-2.0393171,0.09718050807714462,0.9970179200172424,0.9323593974113464
YDR228C,YMR184W,0,-2.039662,0.09717109054327011,0.9970179200172424,0.9324594736099243
YMR127C,YJL102W,0,-2.040356,0.0971616804599762,0.9970179200172424,0.9325595498085022
YMR264W,YMR306W,0,-2.0405502,0.09715226292610168,0.9970179200172424,0.9326595664024353
YBL090W,YOL149W,0,-2.0407567,0.09714286029338837,0.9970179200172424,0.9327596426010132
YDL136W,YJL133W,0,-2.041595,0.09713345021009445,0.9970179200172424,0.9328597187995911
YMR233W,YKR097W,0,-2.0430393,0.09712404012680054,0.9970179200172424,0.932959794998169
YHR207C,YLL035W,0,-2.0446534,0.09711463749408722,0.9970179200172424,0.933059811592102
YJL157C,YDL082W,0,-2.044943,0.0971052348613739,0.9970179200172424,0.9331598877906799
YNL146W,YJL189W,0,-2.04565,0.09709583967924118,0.9970179200172424,0.9332599639892578
YGR047C,YNR022C,0,-2.0473976,0.09708643704652786,0.9970179200172424,0.9333600401878357
YGR088W,YDL130W-A,0,-2.0481992,0.09707704186439514,0.9970179200172424,0.9334600567817688
YBL054W,YBR009C,0,-2.0483763,0.09706764668226242,0.9970179200172424,0.9335601329803467
YER086W,YLR147C,0,-2.0486715,0.0970582515001297,0.9970179200172424,0.9336602091789246
YDR115W,YKL042W,0,-2.0488749,0.09704886376857758,0.9970179200172424,0.9337602853775024
YDR465C,YNL306W,0,-2.049178,0.09703947603702545,0.9970179200172424,0.9338603019714355
YJR121W,YDR065W,0,-2.0492678,0.09703008830547333,0.9970179200172424,0.9339603781700134
YNR022C,YBR251W,0,-2.0495298,0.0970207005739212,0.9970179200172424,0.9340604543685913
YJR097W,YMR312W,0,-2.0498626,0.09701131284236908,0.9970179200172424,0.9341604709625244
YDR253C,YLR327C,0,-2.050338,0.09700193256139755,0.9970179200172424,0.9342605471611023
YAL023C,YGL161C,0,-2.0521603,0.09699255228042603,0.9970179200172424,0.9343606233596802
YGR047C,YGL205W,0,-2.054243,0.0969831719994545,0.9970179200172424,0.9344606995582581
YNR022C,YER051W,0,-2.055371,0.09697379916906357,0.9970179200172424,0.9345607161521912
YGR263C,YBL020W,0,-2.0599372,0.09696442633867264,0.9970179200172424,0.934660792350769
YAL010C,YMR109W,0,-2.0616152,0.09695505350828171,0.9970179200172424,0.9347608685493469
YNR022C,YMR292W,0,-2.0628972,0.09694568067789078,0.9970179200172424,0.9348609447479248
YMR257C,YLR201C,0,-2.0630689,0.09693630784749985,0.9970179200172424,0.9349609613418579
YDR219C,YER140W,0,-2.0633526,0.09692694246768951,0.9970179200172424,0.9350610375404358
YFR037C,YHL016C,0,-2.0656533,0.09691757708787918,0.9970179200172424,0.9351611137390137
YML043C,YLR154C,0,-2.0660598,0.09690821170806885,0.9970179200172424,0.9352611303329468
YML043C,YPL103C,0,-2.067131,0.09689885377883911,0.9970179200172424,0.9353612065315247
YGL009C,YJL008C,0,-2.0687366,0.09688948839902878,0.9970179200172424,0.9354612827301025
YJL190C,YEL058W,0,-2.0711553,0.09688013046979904,0.9970179200172424,0.9355613589286804
YOR155C,YDL130W-A,0,-2.0727675,0.0968707725405693,0.9970179200172424,0.9356613755226135
YLR172C,YPL155C,0,-2.0736728,0.09686142206192017,0.9970179200172424,0.9357614517211914
YML077W,YOL140W,0,-2.0746198,0.09685206413269043,0.9970179200172424,0.9358615279197693
YCL034W,YNL227C,1,-2.0751824,0.09693926572799683,0.9980119466781616,0.9358615279197693
YMR257C,YBR289W,0,-2.0753365,0.09692990779876709,0.9980119466781616,0.9359616041183472
YLR439W,YBR289W,0,-2.0756564,0.09692054986953735,0.9980119466781616,0.9360616207122803
YNL292W,YER106W,0,-2.0764854,0.09691119939088821,0.9980119466781616,0.9361616969108582
YNL206C,YML115C,0,-2.0769517,0.09690184146165848,0.9980119466781616,0.936261773109436
YGL128C,YNL046W,0,-2.077695,0.09689249098300934,0.9980119466781616,0.9363617897033691
YGR286C,YKL017C,0,-2.0777717,0.0968831405043602,0.9980119466781616,0.936461865901947
YBR175W,YJL109C,0,-2.077936,0.09687379747629166,0.9980119466781616,0.9365619421005249
YML129C,YJR015W,0,-2.0780897,0.09686444699764252,0.9980119466781616,0.9366620182991028
YHR117W,YBR030W,0,-2.0802147,0.09685510396957397,0.9980119466781616,0.9367620348930359
YKL183W,YMR223W,0,-2.0816705,0.09684576094150543,0.9980119466781616,0.9368621110916138
YKL042W,YGR075C,0,-2.0843854,0.09683641791343689,0.9980119466781616,0.9369621872901917
YMR098C,YKL109W,0,-2.0849247,0.09682708233594894,0.9980119466781616,0.9370622634887695
YLR221C,YOR244W,0,-2.085157,0.096817746758461,0.9980119466781616,0.9371622800827026
YBR160W,YHR070W,0,-2.0882306,0.09680841118097305,0.9980119466781616,0.9372623562812805
YER110C,YGR162W,0,-2.0906959,0.09679907560348511,0.9980119466781616,0.9373624324798584
YDL060W,YPL123C,0,-2.0940685,0.09678974002599716,0.9980119466781616,0.9374624490737915
YOR037W,YJR121W,0,-2.0955863,0.09678041189908981,0.9980119466781616,0.9375625252723694
YJR068W,YDL180W,0,-2.0977292,0.09677108377218246,0.9980119466781616,0.9376626014709473
YPL148C,YLL011W,0,-2.1012955,0.09676175564527512,0.9980119466781616,0.9377626776695251
YBR231C,YGR116W,0,-2.1031823,0.09675243496894836,0.9980119466781616,0.9378626942634583
YLR106C,YLR403W,0,-2.1033554,0.09674310684204102,0.9980119466781616,0.9379627704620361
YML043C,YJL109C,0,-2.1057932,0.09673378616571426,0.9980119466781616,0.938062846660614
YJR098C,YPL226W,0,-2.106081,0.09672447293996811,0.9980119466781616,0.9381629228591919
YDR465C,YOL152W,0,-2.1066313,0.09671515226364136,0.9980119466781616,0.938262939453125
YGR104C,YGR006W,0,-2.1070056,0.0967058390378952,0.9980119466781616,0.9383630156517029
YBR156C,YPR031W,0,-2.1081529,0.09669652581214905,0.9980119466781616,0.9384630918502808
YKL021C,YBL055C,0,-2.1084666,0.0966872125864029,0.9980119466781616,0.9385631084442139
YKL011C,YPL101W,0,-2.1122115,0.09667789936065674,0.9980119466781616,0.9386631846427917
YPL091W,YER091C,0,-2.115444,0.09666859358549118,0.9980119466781616,0.9387632608413696
YHR160C,YER110C,0,-2.115561,0.09665928781032562,0.9980119466781616,0.9388633370399475
YFR037C,YHL024W,0,-2.115877,0.09664998203516006,0.9980119466781616,0.9389633536338806
YDR421W,YPL033C,0,-2.118191,0.0966406762599945,0.9980119466781616,0.9390634298324585
YAL044C,YCR010C,0,-2.1182098,0.09663137793540955,0.9980119466781616,0.9391635060310364
YMR307W,YLR357W,0,-2.1193328,0.09662207961082458,0.9980119466781616,0.9392635822296143
YDL166C,YHR207C,0,-2.1204317,0.09661278128623962,0.9980119466781616,0.9393635988235474
YDR060W,YDL200C,0,-2.122778,0.09660348296165466,0.9980119466781616,0.9394636750221252
YBR058C,YJL041W,0,-2.1228452,0.0965941920876503,0.9980119466781616,0.9395637512207031
YJL190C,YJL008C,0,-2.1234062,0.09658489376306534,0.9980119466781616,0.939663827419281
YDR531W,YBR012W-A,0,-2.125136,0.09657560288906097,0.9980119466781616,0.9397638440132141
YDR440W,YCR037C,0,-2.1255734,0.09656631946563721,0.9980119466781616,0.939863920211792
YPR016C,YJR089W,0,-2.127431,0.09655702859163284,0.9980119466781616,0.9399639964103699
YPL157W,YDL075W,0,-2.1281338,0.09654774516820908,0.9980119466781616,0.940064013004303
YDR279W,YOR242C,0,-2.1306217,0.09653846174478531,0.9980119466781616,0.9401640892028809
YGL141W,YLL035W,0,-2.1313496,0.09652917832136154,0.9980119466781616,0.9402641654014587
YML074C,YNR022C,0,-2.1336005,0.09651990234851837,0.9980119466781616,0.9403642416000366
YKR014C,YGR292W,0,-2.134509,0.0965106189250946,0.9980119466781616,0.9404642581939697
YCR072C,YMR306W,0,-2.135021,0.09650134295225143,0.9980119466781616,0.9405643343925476
YDL164C,YER048W-A,0,-2.1355176,0.09649207442998886,0.9980119466781616,0.9406644105911255
YIL072W,YJL101C,0,-2.135881,0.09648279845714569,0.9980119466781616,0.9407644867897034
YJL125C,YKR030W,0,-2.1396642,0.09647352993488312,0.9980119466781616,0.9408645033836365
YLR139C,YDR077W,0,-2.1402147,0.09646426141262054,0.9980119466781616,0.9409645795822144
YFR032C-A,YHR021C,0,-2.1441464,0.09645499289035797,0.9980119466781616,0.9410646557807922
YOR039W,YMR204C,0,-2.148007,0.0964457243680954,0.9980119466781616,0.9411646723747253
YNL218W,YLR371W,0,-2.1482882,0.09643646329641342,0.9980119466781616,0.9412647485733032
YIL111W,YDR326C,0,-2.1489701,0.09642720222473145,0.9980119466781616,0.9413648247718811
YGR071C,YAL012W,0,-2.1491864,0.09641794115304947,0.9980119466781616,0.941464900970459
YBR001C,YJL065C,0,-2.1498785,0.09640868008136749,0.9980119466781616,0.9415649175643921
YGR262C,YOL080C,0,-2.1509314,0.09639942646026611,0.9980119466781616,0.94166499376297
YDR224C,YBR231C,0,-2.1523952,0.09639016538858414,0.9980119466781616,0.9417650699615479
YGL222C,YOR233W,0,-2.1551676,0.09638091921806335,0.9980119466781616,0.9418651461601257
YIL004C,YDR069C,0,-2.1555827,0.09637166559696198,0.9980119466781616,0.9419651627540588
YBR030W,YIL113W,0,-2.1562395,0.0963624119758606,0.9980119466781616,0.9420652389526367
YKL156W,YAR010C,0,-2.156991,0.09635316580533981,0.9980119466781616,0.9421653151512146
YER148W,YLR246W,0,-2.16152,0.09634391963481903,0.9980119466781616,0.9422653317451477
YGL039W,YAL025C,0,-2.1616788,0.09633467346429825,0.9980119466781616,0.9423654079437256
YNL001W,YCL059C,0,-2.163814,0.09632543474435806,0.9980119466781616,0.9424654841423035
YOR308C,YDR329C,0,-2.1644316,0.09631619602441788,0.9980119466781616,0.9425655603408813
YKL183W,YOR391C,0,-2.1650186,0.09630695730447769,0.9980119466781616,0.9426655769348145
YML113W,YEL061C,0,-2.1655073,0.0962977185845375,0.9980119466781616,0.9427656531333923
YGL119W,YLR079W,0,-2.1671257,0.09628847986459732,0.9980119466781616,0.9428657293319702
YIR015W,YGR075C,0,-2.167754,0.09627924859523773,0.9980119466781616,0.9429658055305481
YJR135C,YKR059W,0,-2.1714237,0.09627001732587814,0.9980119466781616,0.9430658221244812
YIL145C,YMR201C,0,-2.1752684,0.09626078605651855,0.9980119466781616,0.9431658983230591
YMR257C,YKL195W,0,-2.1772058,0.09625155478715897,0.9980119466781616,0.943265974521637
YLR373C,YOL109W,0,-2.1777,0.09624233096837997,0.9980119466781616,0.9433659911155701
YKR062W,YDL008W,0,-2.1789646,0.09623310714960098,0.9980119466781616,0.943466067314148
YIL150C,YDR054C,0,-2.1814914,0.09622388333082199,0.9980119466781616,0.9435661435127258
YKL100C,YNL242W,0,-2.18255,0.096214659512043,0.9980119466781616,0.9436662197113037
YDR511W,YNL310C,0,-2.1829433,0.0962054431438446,0.9980119466781616,0.9437662363052368
YGR123C,YOR067C,0,-2.1829906,0.09619622677564621,0.9980119466781616,0.9438663125038147
YPR070W,YJL025W,0,-2.1859374,0.09618701040744781,0.9980119466781616,0.9439663887023926
YDL205C,YMR285C,0,-2.1865096,0.09617779403924942,0.9980119466781616,0.9440664649009705
YLR343W,YML005W,0,-2.1891384,0.09616858512163162,0.9980119466781616,0.9441664814949036
YPR118W,YER110C,0,-2.1893141,0.09615936875343323,0.9980119466781616,0.9442665576934814
YKR014C,YOR080W,0,-2.1903415,0.09615015983581543,0.9980119466781616,0.9443666338920593
YLR134W,YNL339C,0,-2.1917627,0.09614095836877823,0.9980119466781616,0.9444666504859924
YBR176W,YER114C,0,-2.1926332,0.09613174945116043,0.9980119466781616,0.9445667266845703
YER029C,YDL082W,0,-2.1944716,0.09612254798412323,0.9980119466781616,0.9446668028831482
YBR156C,YIR002C,0,-2.19489,0.09611334651708603,0.9980119466781616,0.9447668790817261
YPL258C,YNL149C,0,-2.1962385,0.09610414505004883,0.9980119466781616,0.9448668956756592
YMR042W,YJL065C,0,-2.1970706,0.09609494358301163,0.9980119466781616,0.9449669718742371
YLR204W,YLR276C,0,-2.197672,0.09608574956655502,0.9980119466781616,0.9450670480728149
YML043C,YDR238C,0,-2.1980588,0.09607655555009842,0.9980119466781616,0.9451671242713928
YER044C,YDL130W-A,0,-2.1985564,0.09606736153364182,0.9980119466781616,0.9452671408653259
YGL211W,YMR017W,0,-2.1994758,0.09605816751718521,0.9980119466781616,0.9453672170639038
YKL181W,YMR045C,0,-2.2013464,0.0960489809513092,0.9980119466781616,0.9454672932624817
YDR052C,YHR036W,0,-2.2036963,0.0960397943854332,0.9980119466781616,0.9455673694610596
YGR047C,YBR267W,0,-2.2070203,0.09603060781955719,0.9980119466781616,0.9456673860549927
YDR312W,YCL059C,0,-2.2083433,0.09602142125368118,0.9980119466781616,0.9457674622535706
YOR308C,YLR097C,0,-2.2084963,0.09601224213838577,0.9980119466781616,0.9458675384521484
YIR002C,YOL140W,0,-2.2107143,0.09600306302309036,0.9980119466781616,0.9459675550460815
YJL148W,YJL025W,0,-2.2137618,0.09599388390779495,0.9980119466781616,0.9460676312446594
YMR188C,YLR246W,0,-2.2139344,0.09598470479249954,0.9980119466781616,0.9461677074432373
YGR058W,YPR016C,0,-2.2162335,0.09597552567720413,0.9980119466781616,0.9462677836418152
YAL008W,YNL101W,0,-2.2186813,0.09596635401248932,0.9980119466781616,0.9463678002357483
YBL093C,YLR427W,0,-2.2188416,0.0959571823477745,0.9980119466781616,0.9464678764343262
YHL024W,YLR186W,0,-2.2192311,0.09594801068305969,0.9980119466781616,0.946567952632904
YIL026C,YLR176C,0,-2.220941,0.09593884646892548,0.9980119466781616,0.9466680288314819
YML074C,YNL101W,0,-2.2223632,0.09592967480421066,0.9980119466781616,0.946768045425415
YGL035C,YLR139C,0,-2.2249072,0.09592051059007645,0.9980119466781616,0.9468681216239929
YDR121W,YMR223W,0,-2.2250545,0.09591134637594223,0.9980119466781616,0.9469681978225708
YPR118W,YIL072W,0,-2.2268667,0.09590218961238861,0.9980119466781616,0.9470682144165039
YGR286C,YGR061C,0,-2.2276185,0.0958930253982544,0.9980119466781616,0.9471682906150818
YPR073C,YJL109C,0,-2.228968,0.09588386863470078,0.9980119466781616,0.9472683668136597
YMR233W,YHL047C,0,-2.2291598,0.09587471187114716,0.9980119466781616,0.9473684430122375
YCR072C,YMR198W,0,-2.2296722,0.09586556255817413,0.9980119466781616,0.9474684596061707
YNL322C,YDL030W,0,-2.2302794,0.09585640579462051,0.9980119466781616,0.9475685358047485
YDR448W,YGR158C,0,-2.231349,0.09584725648164749,0.9980119466781616,0.9476686120033264
YBL103C,YDR478W,0,-2.2351904,0.09583810716867447,0.9980119466781616,0.9477686882019043
YOR290C,YJL121C,0,-2.2353277,0.09582895785570145,0.9980119466781616,0.9478687047958374
YBR291C,YGR006W,0,-2.2379122,0.09581981599330902,0.9980119466781616,0.9479687809944153
YOR047C,YBR164C,0,-2.238354,0.095810666680336,0.9980119466781616,0.9480688571929932
YBR022W,YNL151C,0,-2.240614,0.09580152481794357,0.9980119466781616,0.9481688737869263
YBR291C,YER147C,0,-2.241716,0.09579238295555115,0.9980119466781616,0.9482689499855042
YDL129W,YOR244W,0,-2.2423637,0.09578324854373932,0.9980119466781616,0.948369026184082
YLR201C,YNL146W,0,-2.2432926,0.09577411413192749,0.9980119466781616,0.9484691023826599
YDR107C,YLR014C,0,-2.243475,0.09576497226953506,0.9980119466781616,0.948569118976593
YER029C,YLR134W,0,-2.2447114,0.09575584530830383,0.9980119466781616,0.9486691951751709
YMR188C,YBR297W,0,-2.2470307,0.095746710896492,0.9980119466781616,0.9487692713737488
YIR012W,YLR357W,0,-2.2490163,0.09573757648468018,0.9980119466781616,0.9488693475723267
YDR334W,YMR221C,0,-2.2508113,0.09572844952344894,0.9980119466781616,0.9489693641662598
YER096W,YPL111W,0,-2.2528572,0.09571932256221771,0.9980119466781616,0.9490694403648376
YCL061C,YLR079W,0,-2.2556353,0.09571020305156708,0.9980119466781616,0.9491695165634155
YHR076W,YIL090W,0,-2.256126,0.09570107609033585,0.9980119466781616,0.9492695331573486
YHR031C,YGR295C,0,-2.2577243,0.09569195657968521,0.9980119466781616,0.9493696093559265
YLR357W,YKL021C,0,-2.260506,0.09568283706903458,0.9980119466781616,0.9494696855545044
YDL051W,YML115C,0,-2.264919,0.09567371755838394,0.9980119466781616,0.9495697617530823
YJL090C,YDR139C,0,-2.266239,0.0956646054983139,0.9980119466781616,0.9496697783470154
YBR084W,YFR007W,0,-2.2677143,0.09565548598766327,0.9980119466781616,0.9497698545455933
YDR318W,YDR313C,0,-2.2678282,0.09564637392759323,0.9980119466781616,0.9498699307441711
YGL128C,YGR286C,0,-2.2679958,0.0956372618675232,0.9980119466781616,0.949970006942749
YBL024W,YDR247W,0,-2.2700455,0.09562815725803375,0.9980119466781616,0.9500700235366821
YAL010C,YNL098C,0,-2.2712758,0.09561904519796371,0.9980119466781616,0.95017009973526
YDL144C,YML081C-A,0,-2.2734044,0.09560994058847427,0.9980119466781616,0.9502701759338379
YML125C,YDR420W,0,-2.2789829,0.09560083597898483,0.9980119466781616,0.950370192527771
YBR296C,YBL069W,0,-2.281638,0.09559173882007599,0.9980119466781616,0.9504702687263489
YER095W,YJL109C,0,-2.2870884,0.09558263421058655,0.9980119466781616,0.9505703449249268
YDR253C,YPR049C,0,-2.288128,0.0955735370516777,0.9980119466781616,0.9506704211235046
YNL330C,YGR063C,0,-2.2881281,0.09556443989276886,0.9980119466781616,0.9507704377174377
YHR206W,YHR036W,0,-2.290534,0.09555534273386002,0.9980119466781616,0.9508705139160156
YGL090W,YJL136C,0,-2.2929277,0.09554625302553177,0.9980119466781616,0.9509705901145935
YBR176W,YOR389W,0,-2.2939012,0.09553715586662292,0.9980119466781616,0.9510706663131714
YEL061C,YGL106W,0,-2.2941828,0.09552806615829468,0.9980119466781616,0.9511706829071045
YPL085W,YPL033C,0,-2.2970257,0.09551897644996643,0.9980119466781616,0.9512707591056824
YMR247C,YJR068W,0,-2.2974586,0.09550989419221878,0.9980119466781616,0.9513708353042603
YLR090W,YHR215W,0,-2.2994125,0.09550081193447113,0.9980119466781616,0.9514709115028381
YAL010C,YJL019W,0,-2.3000069,0.09549172222614288,0.9980119466781616,0.9515709280967712
YAL041W,YDR465C,0,-2.3006673,0.09548264741897583,0.9980119466781616,0.9516710042953491
YBL057C,YCL027W,0,-2.300781,0.09547356516122818,0.9980119466781616,0.951771080493927
YML027W,YPL214C,0,-2.302734,0.09546448290348053,0.9980119466781616,0.9518710970878601
YOR116C,YNR020C,0,-2.3034384,0.09545540809631348,0.9980119466781616,0.951971173286438
YLR086W,YMR026C,0,-2.305078,0.09544633328914642,0.9980119466781616,0.9520712494850159
YML043C,YNR007C,0,-2.3059425,0.09543726593255997,0.9980119466781616,0.9521713256835938
YDL164C,YLR276C,0,-2.3092198,0.09542819112539291,0.9980119466781616,0.9522713422775269
YMR016C,YNL268W,0,-2.3096771,0.09541912376880646,0.9980119466781616,0.9523714184761047
YMR281W,YDR447C,0,-2.3101566,0.09541005641222,0.9980119466781616,0.9524714946746826
YPR186C,YBR251W,0,-2.310582,0.09540098905563354,0.9980119466781616,0.9525715708732605
YLR090W,YGR241C,0,-2.3150449,0.09539192169904709,0.9980119466781616,0.9526715874671936
YBL093C,YIL138C,0,-2.3155742,0.09538286179304123,0.9980119466781616,0.9527716636657715
YNL206C,YBR030W,0,-2.3159413,0.09537380188703537,0.9980119466781616,0.9528717398643494
YAR015W,YOL077C,0,-2.3168228,0.09536474198102951,0.9980119466781616,0.9529717564582825
YLR304C,YPR192W,0,-2.3168554,0.09535568207502365,0.9980119466781616,0.9530718326568604
YKR062W,YER096W,0,-2.3203516,0.09534662961959839,0.9980119466781616,0.9531719088554382
YEL021W,YLR139C,0,-2.3208294,0.09533757716417313,0.9980119466781616,0.9532719850540161
YML040W,YOR063W,0,-2.3212023,0.09532852470874786,0.9980119466781616,0.9533720016479492
YMR281W,YJR097W,0,-2.3213189,0.0953194722533226,0.9980119466781616,0.9534720778465271
YLR188W,YPL214C,0,-2.3228695,0.09531041979789734,0.9980119466781616,0.953572154045105
YOR080W,YMR071C,0,-2.325673,0.09530137479305267,0.9980119466781616,0.9536722302436829
YKL011C,YNL210W,0,-2.3286371,0.09529232978820801,0.9980119466781616,0.953772246837616
YLR385C,YKL010C,0,-2.3287475,0.09528328478336334,0.9980119466781616,0.9538723230361938
YGL089C,YJL198W,0,-2.3322697,0.09527424722909927,0.9980119466781616,0.9539723992347717
YDR077W,YDL095W,0,-2.333486,0.09526520222425461,0.9980119466781616,0.9540724158287048
YBL103C,YJL133W,0,-2.3343377,0.09525616466999054,0.9980119466781616,0.9541724920272827
YPL031C,YKL021C,0,-2.3345714,0.09524712711572647,0.9980119466781616,0.9542725682258606
YIR012W,YLR343W,0,-2.3361769,0.095238097012043,0.9980119466781616,0.9543726444244385
YBL054W,YDR368W,0,-2.3368464,0.09522905945777893,0.9980119466781616,0.9544726610183716
YJR139C,YHR081W,0,-2.3375576,0.09522002935409546,0.9980119466781616,0.9545727372169495
YGL009C,YDL075W,0,-2.338592,0.09521099925041199,0.9980119466781616,0.9546728134155273
YLR015W,YBL090W,0,-2.3410916,0.09520196914672852,0.9980119466781616,0.9547728896141052
YIL126W,YNL149C,0,-2.342237,0.09519294649362564,0.9980119466781616,0.9548729062080383
YCL059C,YMR208W,0,-2.3423412,0.09518392384052277,0.9980119466781616,0.9549729824066162
YOL067C,YER164W,0,-2.3433723,0.09517490118741989,0.9980119466781616,0.9550730586051941
YGR159C,YJL109C,0,-2.3434625,0.09516587853431702,0.9980119466781616,0.9551730751991272
YDR440W,YPL159C,0,-2.3447309,0.09515685588121414,0.9980119466781616,0.9552731513977051
YBR022W,YBR267W,0,-2.349857,0.09514784067869186,0.9980119466781616,0.955373227596283
YBR251W,YMR303C,0,-2.3505578,0.09513882547616959,0.9980119466781616,0.9554733037948608
YLR441C,YHR129C,0,-2.351049,0.09512981027364731,0.9980119466781616,0.955573320388794
YPL172C,YDR120C,0,-2.3511639,0.09512079507112503,0.9980119466781616,0.9556733965873718
YBL064C,YCL057C-A,0,-2.3529344,0.09511178731918335,0.9980119466781616,0.9557734727859497
YHR092C,YAR018C,0,-2.3558438,0.09510277211666107,0.9980119466781616,0.9558735489845276
YMR171C,YPL226W,0,-2.3579845,0.09509376436471939,0.9980119466781616,0.9559735655784607
YGR104C,YER133W,0,-2.3589501,0.0950847640633583,0.9980119466781616,0.9560736417770386
YER095W,YJL125C,0,-2.3613014,0.09507575631141663,0.9980119466781616,0.9561737179756165
YFL041W,YPL155C,0,-2.3614278,0.09506675601005554,0.9980119466781616,0.9562737345695496
YDL141W,YOR069W,0,-2.3615038,0.09505775570869446,0.9980119466781616,0.9563738107681274
YER086W,YJL048C,0,-2.3643603,0.09504875540733337,0.9980119466781616,0.9564738869667053
YBR084W,YOR322C,0,-2.364662,0.09503975510597229,0.9980119466781616,0.9565739631652832
YMR166C,YNL207W,0,-2.3652134,0.0950307622551918,0.9980119466781616,0.9566739797592163
YOR046C,YOR369C,0,-2.3653688,0.09502176940441132,0.9980119466781616,0.9567740559577942
YER070W,YDR421W,0,-2.3653712,0.09501277655363083,0.9980119466781616,0.9568741321563721
YOL123W,YGR218W,0,-2.3688793,0.09500378370285034,0.9980119466781616,0.95697420835495
YLR201C,YJL148W,0,-2.3705783,0.09499479830265045,0.9980119466781616,0.9570742249488831
YDL030W,YPL074W,0,-2.3708982,0.09498580545186996,0.9980119466781616,0.9571743011474609
YMR036C,YHR089C,0,-2.3732347,0.09497682005167007,0.9980119466781616,0.9572743773460388
YLR418C,YIL090W,0,-2.3735888,0.09496784210205078,0.9980119466781616,0.9573744535446167
YLR134W,YPL048W,0,-2.3757596,0.09495885670185089,0.9980119466781616,0.9574744701385498
YBR237W,YPL085W,0,-2.3767061,0.0949498787522316,0.9980119466781616,0.9575745463371277
YCL059C,YEL015W,0,-2.3769464,0.0949409008026123,0.9980119466781616,0.9576746225357056
YOR257W,YOL080C,0,-2.3775704,0.09493192285299301,0.9980119466781616,0.9577746391296387
YPL022W,YLR385C,0,-2.3798175,0.09492294490337372,0.9980119466781616,0.9578747153282166
YGR035C,YIL113W,0,-2.3810818,0.09491397440433502,0.9980119466781616,0.9579747915267944
YGL249W,YIL145C,0,-2.3812346,0.09490500390529633,0.9980119466781616,0.9580748677253723
YLR045C,YOL140W,0,-2.382296,0.09489603340625763,0.9980119466781616,0.9581748843193054
YBR156C,YDR077W,0,-2.383556,0.09488706290721893,0.9980119466781616,0.9582749605178833
YGR058W,YLR418C,0,-2.38769,0.09487809240818024,0.9980119466781616,0.9583750367164612
YJL165C,YPR102C,0,-2.3889687,0.09486912935972214,0.9980119466781616,0.9584751129150391
YER029C,YLR419W,0,-2.3926144,0.09486016631126404,0.9980119466781616,0.9585751295089722
YNL185C,YHR136C,0,-2.39438,0.09485120326280594,0.9980119466781616,0.95867520570755
YFR041C,YBL061C,0,-2.396785,0.09484224766492844,0.9980119466781616,0.9587752819061279
YNR027W,YPR049C,0,-2.4003143,0.09483328461647034,0.9980119466781616,0.958875298500061
YPR070W,YGR262C,0,-2.4018583,0.09482432901859283,0.9980119466781616,0.9589753746986389
YDR448W,YAL058W,0,-2.4039798,0.09481537342071533,0.9980119466781616,0.9590754508972168
YDL007W,YDR120C,0,-2.4042244,0.09480641782283783,0.9980119466781616,0.9591755270957947
YOL067C,YJR097W,0,-2.40487,0.09479746967554092,0.9980119466781616,0.9592755436897278
YER147C,YDR166C,0,-2.405909,0.09478852152824402,0.9980119466781616,0.9593756198883057
YGL211W,YLR192C,0,-2.409381,0.09477957338094711,0.9980119466781616,0.9594756960868835
YDR448W,YNL158W,0,-2.410359,0.09477062523365021,0.9980119466781616,0.9595757722854614
YIL093C,YOL149W,0,-2.4105332,0.0947616770863533,0.9980119466781616,0.9596757888793945
YGL211W,YAL034W-A,0,-2.4107485,0.094752736389637,0.9980119466781616,0.9597758650779724
YER083C,YLR086W,0,-2.41203,0.09474379569292068,0.9980119466781616,0.9598759412765503
YDL043C,YNL331C,0,-2.4127038,0.09473485499620438,0.9980119466781616,0.9599759578704834
YAR015W,YKL181W,0,-2.4152527,0.09472591429948807,0.9980119466781616,0.9600760340690613
YBR012W-A,YLR212C,0,-2.4164214,0.09471698105335236,0.9980119466781616,0.9601761102676392
YGR029W,YOR389W,0,-2.4174352,0.09470804780721664,0.9980119466781616,0.960276186466217
YDL144C,YER082C,0,-2.4226773,0.09469911456108093,0.9980119466781616,0.9603762030601501
YNL136W,YNL149C,0,-2.425648,0.09469018131494522,0.9980119466781616,0.960476279258728
YMR016C,YLR418C,0,-2.425703,0.0946812555193901,0.9980119466781616,0.9605763554573059
YHR089C,YHR011W,0,-2.429094,0.0946723222732544,0.9980119466781616,0.9606764316558838
YGR047C,YDL030W,0,-2.4314208,0.09466339647769928,0.9980119466781616,0.9607764482498169
YHR089C,YBR207W,0,-2.4349558,0.09465447068214417,0.9980119466781616,0.9608765244483948
YDL108W,YIL145C,0,-2.4369333,0.09464555233716965,0.9980119466781616,0.9609766006469727
YDR436W,YBR142W,0,-2.4462054,0.09463662654161453,0.9980119466781616,0.9610766172409058
YDL120W,YHR136C,0,-2.4475622,0.09462770819664001,0.9980119466781616,0.9611766934394836
YGR106C,YJL056C,0,-2.4495947,0.0946187898516655,0.9980119466781616,0.9612767696380615
YMR221C,YKL021C,0,-2.454297,0.09460987895727158,0.9980119466781616,0.9613768458366394
YJL156C,YDR120C,0,-2.4545474,0.09460096061229706,0.9980119466781616,0.9614768624305725
YBR198C,YJL148W,0,-2.4586596,0.09459204971790314,0.9980119466781616,0.9615769386291504
YBR092C,YPR005C,0,-2.4592,0.09458313882350922,0.9980119466781616,0.9616770148277283
YOR116C,YEL015W,0,-2.4600701,0.0945742279291153,0.9980119466781616,0.9617770910263062
YMR166C,YDL075W,0,-2.4649024,0.09456531703472137,0.9980119466781616,0.9618771076202393
YML125C,YOL149W,0,-2.4657164,0.09455641359090805,0.9980119466781616,0.9619771838188171
YGL128C,YJR075W,0,-2.467637,0.09454751014709473,0.9980119466781616,0.962077260017395
YJR121W,YBR267W,0,-2.469368,0.0945386067032814,0.9980119466781616,0.9621772766113281
YJR015W,YJR097W,0,-2.4708033,0.09452970325946808,0.9980119466781616,0.962277352809906
YDL166C,YCR037C,0,-2.473305,0.09452080726623535,0.9980119466781616,0.9623774290084839
YMR257C,YCR092C,0,-2.4746692,0.09451191127300262,0.9980119466781616,0.9624775052070618
YDR318W,YDR014W,0,-2.475203,0.0945030152797699,0.9980119466781616,0.9625775218009949
YER133W,YLR306W,0,-2.4765422,0.09449411928653717,0.9980119466781616,0.9626775979995728
YBL090W,YLR265C,0,-2.478384,0.09448522329330444,0.9980119466781616,0.9627776741981506
YEL061C,YJR058C,0,-2.4797292,0.09447633475065231,0.9980119466781616,0.9628777503967285
YDL141W,YNL227C,0,-2.4800653,0.09446744620800018,0.9980119466781616,0.9629777669906616
YDR440W,YDR120C,0,-2.483891,0.09445855766534805,0.9980119466781616,0.9630778431892395
YHR027C,YNL162W,0,-2.484033,0.09444966912269592,0.9980119466781616,0.9631779193878174
YOR143C,YDL017W,0,-2.488727,0.09444078803062439,0.9980119466781616,0.9632779955863953
YPL157W,YER106W,0,-2.5017915,0.09443190693855286,0.9980119466781616,0.9633780121803284
YBL064C,YNL310C,0,-2.5027866,0.09442302584648132,0.9980119466781616,0.9634780883789062
YOR308C,YKL181W,0,-2.507835,0.09441414475440979,0.9980119466781616,0.9635781645774841
YOR201C,YHR017W,0,-2.5135272,0.09440526366233826,0.9980119466781616,0.9636781811714172
YNL292W,YNL325C,0,-2.5169988,0.09439639002084732,0.9980119466781616,0.9637782573699951
YGL119W,YML043C,0,-2.5182571,0.09438751637935638,0.9980119466781616,0.963878333568573
YIR017C,YOL080C,0,-2.5193257,0.09437864273786545,0.9980119466781616,0.9639784097671509
YPL059W,YEL002C,0,-2.5195022,0.09436976909637451,0.9980119466781616,0.964078426361084
YGR076C,YLR438C-A,0,-2.5211945,0.09436090290546417,0.9980119466781616,0.9641785025596619
YJR016C,YHR140W,0,-2.5219698,0.09435203671455383,0.9980119466781616,0.9642785787582397
YDR219C,YGL136C,0,-2.5222507,0.0943431705236435,0.9980119466781616,0.9643786549568176
YLR439W,YGL249W,0,-2.5232873,0.09433430433273315,0.9980119466781616,0.9644786715507507
YDL136W,YER126C,0,-2.5247445,0.09432543814182281,0.9980119466781616,0.9645787477493286
YML043C,YDL008W,0,-2.529708,0.09431657940149307,0.9980119466781616,0.9646788239479065
YNL207W,YLR276C,0,-2.531068,0.09430772066116333,0.9980119466781616,0.9647788405418396
YJL056C,YLR014C,0,-2.5314653,0.09429886192083359,0.9980119466781616,0.9648789167404175
YKR038C,YJR134C,0,-2.5367565,0.09429001063108444,0.9980119466781616,0.9649789929389954
YDR101C,YDR534C,0,-2.5380278,0.0942811518907547,0.9980119466781616,0.9650790691375732
YDL067C,YBR231C,0,-2.539401,0.09427230060100555,0.9980119466781616,0.9651790857315063
YDL108W,YCR037C,0,-2.5401084,0.09426344931125641,0.9980119466781616,0.9652791619300842
YLL011W,YNL213C,0,-2.5404897,0.09425459802150726,0.9980119466781616,0.9653792381286621
YLR385C,YGL039W,0,-2.5405874,0.09424575418233871,0.9980119466781616,0.96547931432724
YDL205C,YKR030W,0,-2.5413284,0.09423690289258957,0.9980119466781616,0.9655793309211731
YDR465C,YGL009C,0,-2.5417242,0.09422805905342102,0.9980119466781616,0.965679407119751
YKR094C,YDL143W,0,-2.5418723,0.09421922266483307,0.9980119466781616,0.9657794833183289
YOR224C,YEL050C,0,-2.5422227,0.09421037882566452,0.9980119466781616,0.965879499912262
YDL129W,YDR288W,0,-2.5467036,0.09420154243707657,0.9980119466781616,0.9659795761108398
YJR097W,YHL016C,0,-2.5503004,0.09419269859790802,0.9980119466781616,0.9660796523094177
YMR098C,YOL123W,0,-2.5518138,0.09418386220932007,0.9980119466781616,0.9661797285079956
YBL024W,YGL157W,0,-2.5543673,0.09417503327131271,0.9980119466781616,0.9662797451019287
YFR037C,YML077W,0,-2.554846,0.09416619688272476,0.9980119466781616,0.9663798213005066
YCR072C,YMR289W,0,-2.5568385,0.09415736794471741,0.9980119466781616,0.9664798974990845
YDL051W,YLR097C,0,-2.5569773,0.09414853900671005,0.9980119466781616,0.9665799736976624
YOL067C,YDL136W,0,-2.5577734,0.0941397100687027,0.9980119466781616,0.9666799902915955
YBR198C,YPL090C,0,-2.5618172,0.09413088113069534,0.9980119466781616,0.9667800664901733
YKL154W,YNR047W,0,-2.5640652,0.09412205964326859,0.9980119466781616,0.9668801426887512
YPL271W,YBR087W,0,-2.571535,0.09411323815584183,0.9980119466781616,0.9669801592826843
YER086W,YDR231C,0,-2.5738316,0.09410441666841507,0.9980119466781616,0.9670802354812622
YJR022W,YPR192W,0,-2.5775414,0.09409559518098831,0.9980119466781616,0.9671803116798401
YCR072C,YDR420W,0,-2.5789318,0.09408677369356155,0.9980119466781616,0.967280387878418
YMR070W,YBL054W,0,-2.5790963,0.0940779596567154,0.9980119466781616,0.9673804044723511
YER029C,YNR041C,0,-2.5815344,0.09406914561986923,0.9980119466781616,0.967480480670929
YOR175C,YPL153C,0,-2.5837772,0.09406033158302307,0.9980119466781616,0.9675805568695068
YIL138C,YGR123C,0,-2.5839634,0.09405152499675751,0.9980119466781616,0.9676806330680847
YBR036C,YJL109C,0,-2.5850947,0.09404271095991135,0.9980119466781616,0.9677806496620178
YBR058C,YOR043W,0,-2.5854836,0.09403390437364578,0.9980119466781616,0.9678807258605957
YMR016C,YNL188W,0,-2.585718,0.09402509778738022,0.9980119466781616,0.9679808020591736
YEL061C,YDR177W,0,-2.5857487,0.09401629120111465,0.9980119466781616,0.9680808782577515
YGR071C,YMR285C,0,-2.586373,0.09400749206542969,0.9980119466781616,0.9681808948516846
YJR097W,YBR030W,0,-2.5888264,0.09399869292974472,0.9980119466781616,0.9682809710502625
YOR182C,YGL222C,0,-2.5895357,0.09398988634347916,0.9980119466781616,0.9683810472488403
YBR175W,YER184C,0,-2.5918572,0.09398109465837479,0.9980119466781616,0.9684810638427734
YDL141W,YER126C,0,-2.5960517,0.09397229552268982,0.9980119466781616,0.9685811400413513
YDL115C,YJR068W,0,-2.5989637,0.09396350383758545,0.9980119466781616,0.9686812162399292
YBR084W,YLR265C,0,-2.6002648,0.09395470470190048,0.9980119466781616,0.9687812924385071
YHR021C,YPL220W,0,-2.600822,0.09394591301679611,0.9980119466781616,0.9688813090324402
YDL051W,YNL039W,0,-2.6068187,0.09393712878227234,0.9980119466781616,0.9689813852310181
YNL185C,YJL158C,0,-2.608717,0.09392833709716797,0.9980119466781616,0.969081461429596
YNL292W,YJR160C,0,-2.6098711,0.0939195528626442,0.9980119466781616,0.9691815376281738
YER029C,YAL035W,0,-2.610915,0.09391076862812042,0.9980119466781616,0.9692815542221069
YER147C,YMR285C,0,-2.613358,0.09390198439359665,0.9980119466781616,0.9693816304206848
YLR204W,YKL021C,0,-2.6158588,0.09389320015907288,0.9980119466781616,0.9694817066192627
YAL008W,YOR346W,0,-2.616781,0.0938844233751297,0.9980119466781616,0.9695817232131958
YBR207W,YOR043W,1,-2.6180906,0.09396914392709732,0.9990059733390808,0.9695817232131958
YKL011C,YNR022C,0,-2.6194754,0.09396035969257355,0.9990059733390808,0.9696817994117737
YPL143W,YBR164C,0,-2.6220443,0.09395157545804977,0.9990059733390808,0.9697818756103516
YKL212W,YOR211C,0,-2.628808,0.093942791223526,0.9990059733390808,0.9698819518089294
YGR156W,YPL204W,0,-2.6292505,0.09393401443958282,0.9990059733390808,0.9699819684028625
YGR116W,YLL035W,0,-2.6296656,0.09392523020505905,0.9990059733390808,0.9700820446014404
YLR074C,YGL251C,0,-2.6311083,0.09391645342111588,0.9990059733390808,0.9701821208000183
YKL011C,YDR524C,0,-2.634004,0.0939076840877533,0.9990059733390808,0.9702821969985962
YDR065W,YHR052W,0,-2.6343708,0.09389890730381012,0.9990059733390808,0.9703822135925293
YDR486C,YBR142W,0,-2.6356874,0.09389013797044754,0.9990059733390808,0.9704822897911072
YDL166C,YNL077W,0,-2.6414719,0.09388136118650436,0.9990059733390808,0.9705823659896851
YOR201C,YNL242W,0,-2.64176,0.09387259185314178,0.9990059733390808,0.9706823825836182
YFR005C,YNR047W,0,-2.6422307,0.0938638299703598,0.9990059733390808,0.970782458782196
YDR121W,YHL004W,0,-2.6422868,0.09385506063699722,0.9990059733390808,0.9708825349807739
YKL011C,YOR116C,0,-2.6461701,0.09384629875421524,0.9990059733390808,0.9709826111793518
YLL011W,YJR068W,0,-2.6475751,0.09383753687143326,0.9990059733390808,0.9710826277732849
YAR015W,YKL143W,0,-2.6486726,0.09382877498865128,0.9990059733390808,0.9711827039718628
YBR207W,YOR181W,1,-2.6501598,0.09391336888074875,1.0,0.9711827039718628
YJL033W,YMR247C,0,-2.6557827,0.09390459954738617,1.0,0.9712827801704407
YER029C,YDR501W,0,-2.6563158,0.09389583766460419,1.0,0.9713828563690186
YBR030W,YGL059W,0,-2.6564076,0.0938870757818222,1.0,0.9714828729629517
YDR312W,YOR233W,0,-2.65913,0.09387831389904022,1.0,0.9715829491615295
YBR158W,YBR291C,0,-2.659855,0.09386955201625824,1.0,0.9716830253601074
YER095W,YPR028W,0,-2.666623,0.09386079758405685,1.0,0.9717830419540405
YOR061W,YML115C,0,-2.666688,0.09385203570127487,1.0,0.9718831181526184
YBR022W,YDL166C,0,-2.66789,0.09384328126907349,1.0,0.9719831943511963
YLR142W,YJL153C,0,-2.6721303,0.0938345268368721,1.0,0.9720832705497742
YDR052C,YOL123W,0,-2.6731858,0.09382577985525131,1.0,0.9721832871437073
YIL093C,YDR101C,0,-2.6755152,0.09381702542304993,1.0,0.9722833633422852
YDL164C,YHR171W,0,-2.6815684,0.09380827844142914,1.0,0.972383439540863
YHR089C,YML012W,0,-2.682074,0.09379953145980835,1.0,0.9724835157394409
YDR425W,YLR074C,0,-2.6840632,0.09379079192876816,1.0,0.972583532333374
YML043C,YER012W,0,-2.6859212,0.09378204494714737,1.0,0.9726836085319519
YNL185C,YAL025C,0,-2.686091,0.09377330541610718,1.0,0.9727836847305298
YDR050C,YMR128W,0,-2.6871681,0.09376456588506699,1.0,0.9728837013244629
YOL123W,YPR016C,0,-2.6893997,0.0937558263540268,1.0,0.9729837775230408
YJL198W,YOR391C,0,-2.6915536,0.0937470868229866,1.0,0.9730838537216187
YIL112W,YOL077C,0,-2.6953726,0.09373835474252701,1.0,0.9731839299201965
YBL054W,YMR022W,0,-2.6978345,0.09372961521148682,1.0,0.9732839465141296
YGL191W,YPL154C,0,-2.7034774,0.09372089058160782,1.0,0.9733840227127075
YDR312W,YPR032W,0,-2.7070293,0.09371215850114822,1.0,0.9734840989112854
YLR086W,YER045C,0,-2.7074447,0.09370342642068863,1.0,0.9735841751098633
YLR106C,YIL039W,0,-2.7131212,0.09369470179080963,1.0,0.9736841917037964
YML043C,YEL021W,0,-2.7156622,0.09368597716093063,1.0,0.9737842679023743
YNL206C,YNL151C,0,-2.7202322,0.09367725253105164,1.0,0.9738843441009521
YER086W,YLR419W,0,-2.7243552,0.09366852790117264,1.0,0.97398442029953
YKR062W,YDL108W,0,-2.7259674,0.09365981072187424,1.0,0.9740844368934631
YDL166C,YML074C,0,-2.7272625,0.09365108609199524,1.0,0.974184513092041
YPL091W,YER126C,0,-2.7289572,0.09364236891269684,1.0,0.9742845892906189
YGR071C,YJL133W,0,-2.7337046,0.09363365918397903,1.0,0.974384605884552
YHR206W,YKL218C,0,-2.7387376,0.09362494200468063,1.0,0.9744846820831299
YMR070W,YKL021C,0,-2.7393389,0.09361623227596283,1.0,0.9745847582817078
YOR179C,YDL006W,0,-2.7425177,0.09360751509666443,1.0,0.9746848344802856
YER088C,YKL021C,0,-2.7446969,0.09359880536794662,1.0,0.9747848510742188
YBL093C,YLR040C,0,-2.7480383,0.09359010308980942,1.0,0.9748849272727966
YOR116C,YBR185C,0,-2.7492964,0.09358139336109161,1.0,0.9749850034713745
YBR264C,YFR037C,0,-2.7545052,0.0935726910829544,1.0,0.9750850796699524
YDL166C,YMR224C,0,-2.7557535,0.0935639888048172,1.0,0.9751850962638855
YMR006C,YER044C,0,-2.7575724,0.09355528652667999,1.0,0.9752851724624634
YLR015W,YBL055C,0,-2.757832,0.09354658424854279,1.0,0.9753852486610413
YJL102W,YLR276C,0,-2.759768,0.09353788942098618,1.0,0.9754852652549744
YLR142W,YJR158W,0,-2.760183,0.09352919459342957,1.0,0.9755853414535522
YHR171W,YJL148W,0,-2.7607107,0.09352049976587296,1.0,0.9756854176521301
YBL024W,YGL123W,0,-2.7612076,0.09351180493831635,1.0,0.975785493850708
YOR061W,YBR245C,0,-2.7613635,0.09350311011075974,1.0,0.9758855104446411
YDR299W,YOR075W,0,-2.7705908,0.09349442273378372,1.0,0.975985586643219
YMR257C,YLR079W,0,-2.7712827,0.09348573535680771,1.0,0.9760856628417969
YHR160C,YBR009C,0,-2.775132,0.0934770479798317,1.0,0.9761857390403748
YML015C,YDL006W,0,-2.7824154,0.09346836060285568,1.0,0.9762857556343079
YDL164C,YKL183W,0,-2.783308,0.09345968067646027,1.0,0.9763858318328857
YGR071C,YIL115C,0,-2.784676,0.09345100075006485,1.0,0.9764859080314636
YML043C,YOR269W,0,-2.7938867,0.09344232082366943,1.0,0.9765859246253967
YDL080C,YBR166C,0,-2.7945585,0.09343364089727402,1.0,0.9766860008239746
YDR279W,YBL037W,0,-2.7967408,0.0934249609708786,1.0,0.9767860770225525
YOR063W,YJL052W,0,-2.796886,0.09341628849506378,1.0,0.9768861532211304
YNL119W,YHR186C,0,-2.7987099,0.09340761601924896,1.0,0.9769861698150635
YAL010C,YJL108C,0,-2.8078868,0.09339894354343414,1.0,0.9770862460136414
YER086W,YLL001W,0,-2.8104548,0.09339027106761932,1.0,0.9771863222122192
YER148W,YPL174C,0,-2.811883,0.0933815985918045,1.0,0.9772863984107971
YGR188C,YIL124W,0,-2.813089,0.09337293356657028,1.0,0.9773864150047302
YPL091W,YDL130W-A,0,-2.8188684,0.09336426854133606,1.0,0.9774864912033081
YDL164C,YDL043C,0,-2.8216543,0.09335560351610184,1.0,0.977586567401886
YNL061W,YOL157C,0,-2.822639,0.09334694594144821,1.0,0.9776865839958191
YKL011C,YNL129W,0,-2.823066,0.09333828091621399,1.0,0.977786660194397
YDL043C,YNL039W,0,-2.8335967,0.09332962334156036,1.0,0.9778867363929749
YJL198W,YHL016C,0,-2.8376906,0.09332096576690674,1.0,0.9779868125915527
YDL030W,YKL042W,0,-2.8387933,0.09331230819225311,1.0,0.9780868291854858
YDL067C,YKL042W,0,-2.8407083,0.09330365061759949,1.0,0.9781869053840637
YDR520C,YGR054W,0,-2.841999,0.09329500049352646,1.0,0.9782869815826416
YDR465C,YLR356W,0,-2.844396,0.09328635036945343,1.0,0.9783870577812195
YER086W,YDL080C,0,-2.847777,0.0932777002453804,1.0,0.9784870743751526
YER126C,YOR127W,0,-2.8483033,0.09326905012130737,1.0,0.9785871505737305
YCR072C,YOR244W,0,-2.8513913,0.09326040744781494,1.0,0.9786872267723083
YLR074C,YGL185C,0,-2.8545604,0.09325176477432251,1.0,0.9787872433662415
YMR056C,YNL227C,0,-2.855242,0.09324311465024948,1.0,0.9788873195648193
YML043C,YHL016C,0,-2.8606188,0.09323447942733765,1.0,0.9789873957633972
YGL210W,YLL038C,0,-2.8612077,0.09322583675384521,1.0,0.9790874719619751
YCL031C,YOR246C,0,-2.861723,0.09321720153093338,1.0,0.9791874885559082
YLR090W,YLL011W,0,-2.8733497,0.09320855885744095,1.0,0.9792875647544861
YGR062C,YPL033C,0,-2.884155,0.09319992363452911,1.0,0.979387640953064
YOR224C,YLR327C,0,-2.886009,0.09319129586219788,1.0,0.9794877171516418
YOR201C,YER045C,0,-2.8863664,0.09318266063928604,1.0,0.979587733745575
YER027C,YMR045C,0,-2.8866563,0.0931740328669548,1.0,0.9796878099441528
YJL198W,YMR016C,0,-2.891735,0.09316539764404297,1.0,0.9797878861427307
YMR316W,YCR047C,0,-2.8929691,0.09315677732229233,1.0,0.9798879623413086
YER148W,YBR245C,0,-2.8946483,0.09314814954996109,1.0,0.9799879789352417
YDL043C,YNL188W,0,-2.8954582,0.09313952177762985,1.0,0.9800880551338196
YDL056W,YKL021C,0,-2.8966866,0.09313090145587921,1.0,0.9801881313323975
YBL024W,YPL074W,0,-2.897841,0.09312228113412857,1.0,0.9802881479263306
YKL011C,YCR072C,0,-2.9000473,0.09311366081237793,1.0,0.9803882241249084
YDR440W,YER053C,0,-2.9008703,0.09310504049062729,1.0,0.9804883003234863
YMR070W,YJL109C,0,-2.9019723,0.09309642761945724,1.0,0.9805883765220642
YNL061W,YDR393W,0,-2.908372,0.0930878147482872,1.0,0.9806883931159973
YDL115C,YLR221C,0,-2.9158082,0.09307920187711716,1.0,0.9807884693145752
YDL051W,YDR318W,0,-2.925015,0.09307058900594711,1.0,0.9808885455131531
YDL060W,YBR035C,0,-2.9260936,0.09306197613477707,1.0,0.980988621711731
YDR121W,YOL064C,0,-2.9322288,0.09305337071418762,1.0,0.9810886383056641
YGL211W,YOR014W,0,-2.9374352,0.09304476529359818,1.0,0.9811887145042419
YBR198C,YOR306C,0,-2.9381232,0.09303615987300873,1.0,0.9812887907028198
YLR204W,YOL139C,0,-2.9436555,0.09302755445241928,1.0,0.9813888072967529
YLR204W,YHR023W,0,-2.9453497,0.09301895648241043,1.0,0.9814888834953308
YKL108W,YDR436W,0,-2.9470916,0.09301035851240158,1.0,0.9815889596939087
YDL144C,YKL143W,0,-2.962749,0.09300175309181213,1.0,0.9816890358924866
YCL059C,YPL022W,0,-2.9630756,0.09299316257238388,1.0,0.9817890524864197
YGR262C,YCR010C,0,-2.9632642,0.09298456460237503,1.0,0.9818891286849976
YDR531W,YGR009C,0,-2.965351,0.09297597408294678,1.0,0.9819892048835754
YER061C,YOR326W,0,-2.96885,0.09296737611293793,1.0,0.9820892810821533
YIL155C,YDR447C,0,-2.9701462,0.09295878559350967,1.0,0.9821892976760864
YKL154W,YDR096W,0,-2.9717917,0.09295019507408142,1.0,0.9822893738746643
YLR441C,YPL153C,0,-2.9809706,0.09294161200523376,1.0,0.9823894500732422
YGR188C,YDL008W,0,-2.9822774,0.09293302893638611,1.0,0.9824894666671753
YOR257W,YJL109C,0,-2.9860592,0.09292443841695786,1.0,0.9825895428657532
YBL057C,YPL153C,0,-2.9920177,0.0929158553481102,1.0,0.982689619064331
YJR097W,YKR104W,0,-2.9924035,0.09290727972984314,1.0,0.9827896952629089
YER110C,YJL008C,0,-2.99699,0.09289869666099548,1.0,0.982889711856842
YLR106C,YOR075W,0,-2.9987257,0.09289012104272842,1.0,0.9829897880554199
YIR012W,YDR486C,0,-2.9990878,0.09288154542446136,1.0,0.9830898642539978
YLR266C,YHR052W,0,-3.0010295,0.0928729698061943,1.0,0.9831899404525757
YDR329C,YAL025C,0,-3.0021868,0.09286439418792725,1.0,0.9832899570465088
YNR027W,YDR420W,0,-3.0022128,0.09285582602024078,1.0,0.9833900332450867
YBR092C,YBR050C,0,-3.0025952,0.09284725785255432,1.0,0.9834901094436646
YCR072C,YPL258C,0,-3.0053148,0.09283868223428726,1.0,0.9835901260375977
YLR142W,YOR384W,0,-3.0096903,0.0928301215171814,1.0,0.9836902022361755
YMR188C,YDR224C,0,-3.0135086,0.09282155334949493,1.0,0.9837902784347534
YMR098C,YCL031C,0,-3.0141058,0.09281299263238907,1.0,0.9838903546333313
YJR097W,YML115C,0,-3.0160546,0.0928044244647026,1.0,0.9839903712272644
YJL033W,YHL019C,0,-3.0195599,0.09279587119817734,1.0,0.9840904474258423
YJL125C,YDR420W,0,-3.0198905,0.09278731048107147,1.0,0.9841905236244202
YDR120C,YNL101W,0,-3.0282936,0.0927787497639656,1.0,0.984290599822998
YBR084W,YKR050W,0,-3.0306644,0.09277019649744034,1.0,0.9843906164169312
YBL057C,YJL062W,0,-3.0322318,0.09276164323091507,1.0,0.984490692615509
YLR106C,YOR039W,0,-3.0324945,0.0927530899643898,1.0,0.9845907688140869
YAL041W,YMR127C,0,-3.033279,0.09274453669786453,1.0,0.98469078540802
YER048W-A,YDL008W,0,-3.03688,0.09273599088191986,1.0,0.9847908616065979
YGR006W,YAL025C,0,-3.0381546,0.09272743761539459,1.0,0.9848909378051758
YDL056W,YDL112W,0,-3.0396848,0.09271889179944992,1.0,0.9849910140037537
YMR128W,YDL205C,0,-3.044826,0.09271034598350525,1.0,0.9850910305976868
YHR031C,YOR061W,0,-3.05589,0.09270180761814117,1.0,0.9851911067962646
YBL057C,YNR007C,0,-3.0583463,0.0926932618021965,1.0,0.9852911829948425
YMR088C,YJL108C,0,-3.0608912,0.09268472343683243,1.0,0.9853912591934204
YMR316W,YGR162W,0,-3.064023,0.09267618507146835,1.0,0.9854912757873535
YPL060W,YLR318W,0,-3.0650816,0.09266764670610428,1.0,0.9855913519859314
YPR070W,YDR120C,0,-3.0678835,0.0926591157913208,1.0,0.9856914281845093
YKL183W,YOR044W,0,-3.068684,0.09265057742595673,1.0,0.9857915043830872
YBR175W,YJL025W,0,-3.0689447,0.09264204651117325,1.0,0.9858915209770203
YJL033W,YGL136C,0,-3.069067,0.09263351559638977,1.0,0.9859915971755981
YBL054W,YLR158C,0,-3.0769086,0.09262499213218689,1.0,0.986091673374176
YDL033C,YJL136C,0,-3.0771337,0.09261646121740341,1.0,0.9861916899681091
YKL173W,YLR418C,0,-3.0798495,0.09260793775320053,1.0,0.986291766166687
YBR245C,YDR436W,0,-3.0859914,0.09259941428899765,1.0,0.9863918423652649
YMR307W,YDL130W-A,0,-3.0889447,0.09259089082479477,1.0,0.9864919185638428
YBR245C,YLR221C,0,-3.0895262,0.09258236736059189,1.0,0.9865919351577759
YIL171W,YJL136C,0,-3.0922813,0.09257384389638901,1.0,0.9866920113563538
YGL021W,YGR263C,0,-3.10364,0.09256532788276672,1.0,0.9867920875549316
YLR266C,YGR123C,0,-3.1106696,0.09255681186914444,1.0,0.9868921637535095
YER053C,YDL082W,0,-3.1273856,0.09254829585552216,1.0,0.9869921803474426
YDR520C,YER113C,0,-3.127472,0.09253978729248047,1.0,0.9870922565460205
YDR478W,YBR142W,0,-3.1294937,0.09253127127885818,1.0,0.9871923327445984
YPL172C,YHR081W,0,-3.130784,0.0925227627158165,1.0,0.9872923493385315
YMR171C,YDR299W,0,-3.148794,0.09251425415277481,1.0,0.9873924255371094
YER111C,YGR123C,0,-3.1542666,0.09250574558973312,1.0,0.9874925017356873
YDL164C,YJL156C,0,-3.1584365,0.09249724447727203,1.0,0.9875925779342651
YHR052W,YAL012W,0,-3.1633008,0.09248873591423035,1.0,0.9876925945281982
YNL039W,YDR120C,0,-3.1647756,0.09248023480176926,1.0,0.9877926707267761
YLR357W,YDR534C,0,-3.1648073,0.09247173368930817,1.0,0.987892746925354
YOR257W,YBR084W,0,-3.1686387,0.09246323257684708,1.0,0.9879928231239319
YBR207W,YOL080C,0,-3.1713681,0.09245473891496658,1.0,0.988092839717865
YOR151C,YGR158C,0,-3.1745372,0.0924462378025055,1.0,0.9881929159164429
YBR084W,YHR117W,0,-3.174799,0.092437744140625,1.0,0.9882929921150208
YMR307W,YBR058C-A,0,-3.1801076,0.0924292504787445,1.0,0.9883930087089539
YJL125C,YMR150C,0,-3.1803594,0.09242076426744461,1.0,0.9884930849075317
YMR016C,YNL061W,0,-3.2077727,0.09241227060556412,1.0,0.9885931611061096
YER148W,YHR101C,0,-3.214009,0.09240378439426422,1.0,0.9886932373046875
YPR016C,YCL066W,0,-3.2157388,0.09239529818296432,1.0,0.9887932538986206
YGR071C,YJL109C,0,-3.217784,0.09238681197166443,1.0,0.9888933300971985
YER061C,YDR418W,0,-3.2202234,0.09237832576036453,1.0,0.9889934062957764
YNL306W,YIL113W,0,-3.2248483,0.09236984699964523,1.0,0.9890934824943542
YMR043W,YNL248C,0,-3.2265165,0.09236136823892593,1.0,0.9891934990882874
YDL166C,YBL088C,0,-3.2314658,0.09235288947820663,1.0,0.9892935752868652
YLR201C,YPR016C,0,-3.2433867,0.09234441071748734,1.0,0.9893936514854431
YDR121W,YHL016C,0,-3.2442746,0.09233593195676804,1.0,0.9894936680793762
YML129C,YJL148W,0,-3.250515,0.09232746064662933,1.0,0.9895937442779541
YIR012W,YIR037W,0,-3.2507825,0.09231898933649063,1.0,0.989693820476532
YBL024W,YDL200C,0,-3.2553306,0.09231051802635193,1.0,0.9897938966751099
YAR015W,YML043C,0,-3.2601414,0.09230204671621323,1.0,0.989893913269043
YDR421W,YLR306W,0,-3.2744975,0.09229357540607452,1.0,0.9899939894676208
YDR101C,YOR044W,0,-3.2901032,0.09228511154651642,1.0,0.9900940656661987
YER148W,YPL194W,0,-3.291554,0.09227664768695831,1.0,0.9901941418647766
YBL064C,YPL220W,0,-3.2925496,0.09226818382740021,1.0,0.9902941584587097
YGR101W,YOR057W,0,-3.2990246,0.0922597199678421,1.0,0.9903942346572876
YFR005C,YOL103W,0,-3.300005,0.0922512635588646,1.0,0.9904943108558655
YBR267W,YML091C,0,-3.3013284,0.09224279969930649,1.0,0.9905943274497986
YOR116C,YJR022W,0,-3.3042407,0.09223434329032898,1.0,0.9906944036483765
YJL033W,YGL251C,0,-3.3104224,0.09222588688135147,1.0,0.9907944798469543
YDL164C,YOR080W,0,-3.3129067,0.09221743792295456,1.0,0.9908945560455322
YGL128C,YLR126C,0,-3.314993,0.09220898151397705,1.0,0.9909945726394653
YDR376W,YOL149W,0,-3.3217201,0.09220053255558014,1.0,0.9910946488380432
YLR201C,YGR123C,0,-3.3254595,0.09219208359718323,1.0,0.9911947250366211
YBR087W,YDR421W,0,-3.3333583,0.09218363463878632,1.0,0.991294801235199
YMR036C,YLR126C,0,-3.341915,0.0921751856803894,1.0,0.9913948178291321
YDR465C,YBL069W,0,-3.351563,0.09216674417257309,1.0,0.99149489402771
YMR316W,YAL035W,0,-3.3554258,0.09215830266475677,1.0,0.9915949702262878
YPR118W,YCR028C,0,-3.3589628,0.09214986115694046,1.0,0.9916950464248657
YHR067W,YOL125W,0,-3.3700361,0.09214141964912415,1.0,0.9917950630187988
YBR142W,YOR337W,0,-3.3748832,0.09213297814130783,1.0,0.9918951392173767
YHR052W,YMR071C,0,-3.3756227,0.09212454408407211,1.0,0.9919952154159546
YIL112W,YDR447C,0,-3.3778744,0.0921161100268364,1.0,0.9920952320098877
YDL136W,YGL222C,0,-3.382461,0.09210767596960068,1.0,0.9921953082084656
YDR121W,YOR337W,0,-3.3867764,0.09209924191236496,1.0,0.9922953844070435
YML060W,YML087C,0,-3.3919225,0.09209080785512924,1.0,0.9923954606056213
YOR037W,YMR150C,0,-3.392066,0.09208238124847412,1.0,0.9924954771995544
YLR448W,YOR369C,0,-3.3952289,0.092073954641819,1.0,0.9925955533981323
YOR151C,YLL035W,0,-3.4037504,0.09206552803516388,1.0,0.9926956295967102
YLR385C,YKL017C,0,-3.4155862,0.09205710142850876,1.0,0.9927957057952881
YBR084W,YMR285C,0,-3.4190207,0.09204867482185364,1.0,0.9928957223892212
YDR318W,YAL025C,0,-3.4273677,0.09204025566577911,1.0,0.9929957985877991
YHR052W,YHR129C,0,-3.4402366,0.09203183650970459,1.0,0.993095874786377
YDR448W,YPL089C,0,-3.4406095,0.09202341735363007,1.0,0.9931958913803101
YOR116C,YHR023W,0,-3.447112,0.09201499819755554,1.0,0.9932959675788879
YMR188C,YCR098C,0,-3.4621239,0.09200658649206161,1.0,0.9933960437774658
YIR012W,YKL143W,0,-3.4797773,0.09199816733598709,1.0,0.9934961199760437
YDR121W,YAR018C,0,-3.4850636,0.09198975563049316,1.0,0.9935961365699768
YLL009C,YHR147C,0,-3.487662,0.09198135137557983,1.0,0.9936962127685547
YDL205C,YHR167W,0,-3.5014,0.09197293967008591,1.0,0.9937962889671326
YHR052W,YOL072W,0,-3.5066714,0.09196452796459198,1.0,0.9938963651657104
YBR055C,YCL059C,0,-3.5207586,0.09195612370967865,1.0,0.9939963817596436
YKL154W,YJL056C,0,-3.5213132,0.09194771945476532,1.0,0.9940964579582214
YDR312W,YHL047C,0,-3.5217853,0.09193931519985199,1.0,0.9941965341567993
YKL010C,YNL119W,0,-3.542231,0.09193091839551926,1.0,0.9942965507507324
YDR096W,YOL071W,0,-3.5484262,0.09192251414060593,1.0,0.9943966269493103
YDL164C,YGL141W,0,-3.5568624,0.0919141173362732,1.0,0.9944967031478882
YIL125W,YMR217W,0,-3.5779428,0.09190572053194046,1.0,0.9945967793464661
YLL011W,YGL185C,0,-3.5808263,0.09189732372760773,1.0,0.9946967959403992
YMR307W,YIL171W,0,-3.6169724,0.091888926923275,1.0,0.994796872138977
YDL164C,YER113C,0,-3.6300097,0.09188053756952286,1.0,0.9948969483375549
YKL011C,YLR221C,0,-3.657012,0.09187214821577072,1.0,0.9949970245361328
YIL070C,YBR084W,0,-3.66262,0.09186375886201859,1.0,0.9950970411300659
YLR266C,YNL308C,0,-3.6629257,0.09185536950826645,1.0,0.9951971173286438
YER088C,YJL136C,0,-3.6732404,0.09184698015451431,1.0,0.9952971935272217
YIR012W,YGL095C,0,-3.6781428,0.09183859825134277,1.0,0.9953972101211548
YDL164C,YBR105C,0,-3.6818137,0.09183021634817123,1.0,0.9954972863197327
YDR120C,YER164W,0,-3.7154284,0.0918218344449997,1.0,0.9955973625183105
YDR478W,YIL126W,0,-3.7426558,0.09181345254182816,1.0,0.9956974387168884
YPR118W,YLR176C,0,-3.8226767,0.09180507063865662,1.0,0.9957974553108215
YAR007C,YJL148W,0,-3.835018,0.09179669618606567,1.0,0.9958975315093994
YAL043C,YDL030W,0,-3.848722,0.09178832173347473,1.0,0.9959976077079773
YBR084W,YOR092W,0,-3.8496103,0.09177994728088379,1.0,0.9960976839065552
YAL010C,YGL185C,0,-3.8580418,0.09177157282829285,1.0,0.9961977005004883
YER061C,YDL095W,0,-3.8644185,0.0917632058262825,1.0,0.9962977766990662
YBR087W,YPL258C,0,-3.8849988,0.09175483137369156,1.0,0.996397852897644
YBR055C,YIR012W,0,-3.9249425,0.09174646437168121,1.0,0.9964978694915771
YAL010C,YPL051W,0,-3.9329236,0.09173809736967087,1.0,0.996597945690155
YMR036C,YPR118W,0,-3.9354167,0.09172973781824112,1.0,0.9966980218887329
YER086W,YJL102W,0,-3.9768596,0.09172137081623077,1.0,0.9967980980873108
YDR312W,YAL034W-A,0,-3.9781466,0.09171301126480103,1.0,0.9968981146812439
YPL068C,YML091C,0,-4.058167,0.09170465171337128,1.0,0.9969981908798218
YIL101C,YDL060W,0,-4.0901456,0.09169629216194153,1.0,0.9970982670783997
YMR036C,YDL082W,0,-4.121991,0.09168793261051178,1.0,0.9971983432769775
YJL048C,YLR287C-A,0,-4.135126,0.09167958050966263,1.0,0.9972983598709106
YBR142W,YLL035W,0,-4.149075,0.09167122095823288,1.0,0.9973984360694885
YDL166C,YPL022W,0,-4.1556273,0.09166286885738373,1.0,0.9974985122680664
YLR266C,YOL149W,0,-4.1911216,0.09165451675653458,1.0,0.9975985884666443
YDR312W,YKR050W,0,-4.2681875,0.09164617210626602,1.0,0.9976986050605774
YKR062W,YNL061W,0,-4.317548,0.09163782000541687,1.0,0.9977986812591553
YLR186W,YDR031W,0,-4.3178544,0.09162947535514832,1.0,0.9978987574577332
YJL164C,YDL130W-A,0,-4.360638,0.09162113070487976,1.0,0.9979987740516663
YLL009C,YBL039C,0,-4.3623943,0.0916127860546112,1.0,0.9980988502502441
YJR097W,YKL179C,0,-4.3803525,0.09160444140434265,1.0,0.998198926448822
YJL190C,YCR010C,0,-4.4491315,0.0915961042046547,1.0,0.9982990026473999
YDR121W,YJL102W,0,-4.4607186,0.09158776700496674,1.0,0.998399019241333
YMR307W,YIL101C,0,-4.537037,0.09157942980527878,1.0,0.9984990954399109
YJR121W,YDL130W-A,0,-4.550783,0.09157109260559082,1.0,0.9985991716384888
YBR142W,YPL153C,0,-4.5720596,0.09156275540590286,1.0,0.9986992478370667
YER086W,YJR155W,0,-4.591893,0.0915544256567955,1.0,0.9987992644309998
YIL101C,YGR123C,0,-4.639286,0.09154608845710754,1.0,0.9988993406295776
YLR142W,YNL292W,0,-4.7185345,0.09153775870800018,1.0,0.9989994168281555
YML043C,YDR118W,0,-4.8105383,0.09152943640947342,1.0,0.9990994334220886
YDR465C,YGL185C,0,-4.850171,0.09152110666036606,1.0,0.9991995096206665
YJL125C,YML087C,0,-4.854144,0.0915127843618393,1.0,0.9992995858192444
YJR097W,YGL185C,0,-4.8544564,0.09150445461273193,1.0,0.9993996620178223
YER086W,YPR049C,0,-4.9013147,0.09149613231420517,1.0,0.9994996786117554
YJL125C,YKR009C,0,-5.0909224,0.091487817466259,1.0,0.9995997548103333
YJL157C,YOR061W,0,-5.236043,0.09147949516773224,1.0,0.9996998310089111
YER148W,YPR049C,0,-5.2955675,0.09147117286920547,1.0,0.999799907207489
YER086W,YDR330W,0,-5.3675504,0.09146285802125931,1.0,0.9998999238014221
YML074C,YPL258C,0,-5.463455,0.09145454317331314,1.0,1.0
