Gene,Label,Annos,Score,Background Score,Num pos pairs,Precision,Recall,False Positive Rate
YHR096C,-1,-/-,-245.41300185024738,-16808.841117102653,87,0.0,0.0,0.0002067397146991937
YFL014W,-1,-/-,-260.91643434762955,-16480.99143435806,87,0.0,0.0,0.0004134794293983874
YJR155W,0,-/0,-274.6150115057826,-18846.93631312251,87,0.0,0.0,0.0004134794293983874
YMR250W,-1,-/-,-278.52102440595627,-17770.23052021116,87,0.0,0.0,0.0006202191440975812
YGR043C,-1,0/-,-279.2421245612204,-29855.802554721013,348,0.0,0.0,0.0008269588587967748
YBR072W,-1,-/-,-281.64072129130363,-16394.095850378275,87,0.0,0.0,0.0010336985734959686
YOR120W,-1,-/-,-281.79293566942215,-18193.575328685343,87,0.0,0.0,0.0012404382881951624
YLR142W,0,0/0,-283.20683765783906,-29286.288611341268,348,0.0,0.0,0.0012404382881951624
YBR183W,-1,-/-,-283.30853021144867,-17340.02797409147,87,0.0,0.0,0.001447178002894356
YAL054C,-1,-/-,-290.17783039808273,-17543.641693599522,87,0.0,0.0,0.0016539177175935497
YER024W,-1,+/-,-290.8736380338669,-18974.89352528751,86,0.0,0.0,0.0018606574322927434
YIL164C,0,0/0,-293.9908293085173,-28767.394307242706,348,0.0,0.0,0.0018606574322927434
YPR002W,-1,-/-,-296.21413592249155,-19284.86472804472,87,0.0,0.0,0.002067397146991937
YLR178C,-1,0/-,-296.4605124499649,-31053.35421546735,348,0.0,0.0,0.0022741368616911307
YPR001W,-1,-/-,-296.6930954158306,-19407.786442913115,87,0.0,0.0,0.0024808765763903247
YJL089W,-1,-/-,-298.51830393075943,-18432.326347321272,87,0.0,0.0,0.0026876162910895183
YBR230C,-1,0/-,-299.8433620277792,-30859.10171207413,348,0.0,0.0,0.002894356005788712
YMR056C,-1,-/-,-300.5665834620595,-19910.246334515512,87,0.0,0.0,0.0031010957204879058
YBL075C,-1,-/-,-300.9530676603317,-16718.56208589673,87,0.0,0.0,0.0033078354351870993
YMR107W,0,0/0,-301.89299080055207,-30762.899987381883,348,0.0,0.0,0.0033078354351870993
YPL092W,-1,-/-,-303.9924074858427,-17928.683398097754,87,0.0,0.0,0.0035145751498862933
YIL136W,0,0/0,-304.3854075744748,-32032.117968786508,348,0.0,0.0,0.0035145751498862933
YGL121C,-1,0/-,-304.57320821098983,-31975.835008705966,348,0.0,0.0,0.003721314864585487
YMR104C,-1,-/-,-309.0269898176193,-19118.906957805157,87,0.0,0.0,0.00392805457928468
YLR327C,0,0/0,-309.43260615319014,-31190.7575641796,348,0.0,0.0,0.00392805457928468
YBR147W,-1,0/-,-309.80206804629415,-31719.06712906249,348,0.0,0.0,0.004134794293983874
YKR097W,0,-/0,-309.8409089744091,-17724.513550162315,87,0.0,0.0,0.004134794293983874
YML042W,-1,+/-,-310.2129912376404,-18151.825017098337,86,0.0,0.0,0.004341534008683068
YML054C,-1,0/-,-311.65680519491434,-28500.063013964333,348,0.0,0.0,0.0045482737233822615
YNL117W,-1,-/-,-311.6672460138798,-19240.081300973892,87,0.0,0.0,0.0047550134380814554
YOR100C,-1,-/-,-311.78590297698975,-19179.270523518324,87,0.0,0.0,0.004961753152780649
YBR047W,0,0/0,-312.6049527609721,-31487.54790413566,348,0.0,0.0,0.004961753152780649
YDL181W,0,-/0,-313.47929871082306,-17883.953554555774,87,0.0,0.0,0.004961753152780649
YLR174W,-1,0/-,-313.9761626496911,-31450.384347911924,348,0.0,0.0,0.0051684928674798425
YNR002C,-1,-/-,-314.9758650958538,-18887.65599128604,87,0.0,0.0,0.0053752325821790365
YGR256W,-1,+/-,-315.0160011649132,-18010.431093871593,86,0.0,0.0,0.0055819722968782305
YDR178W,-1,-/-,-315.5075078755617,-19418.44939942658,87,0.0,0.0,0.005788712011577424
YOL084W,-1,0/-,-317.5520213060081,-31173.701129270718,348,0.0,0.0,0.005995451726276618
YPL054W,-1,0/-,-317.606285918504,-32292.133072254248,348,0.0,0.0,0.0062021914409758115
YIR017C,-1,-/-,-318.15819478034973,-18448.044909462333,87,0.0,0.0,0.0064089311556750055
YFL030W,0,0/0,-318.3902634680271,-31007.01680250466,348,0.0,0.0,0.0064089311556750055
YIR039C,-1,0/-,-318.4364758618176,-31360.193516347557,348,0.0,0.0,0.006615670870374199
YHR139C,-1,-/-,-319.08842319250107,-19547.210814647377,87,0.0,0.0,0.006822410585073393
YMR136W,-1,-/-,-319.57713186740875,-18157.230146676302,87,0.0,0.0,0.007029150299772587
YGR204W,-1,-/-,-319.78501307964325,-20384.765605598688,87,0.0,0.0,0.00723589001447178
YHL024W,-1,-/-,-320.12517833709717,-19006.844959288836,87,0.0,0.0,0.007442629729170974
YCL040W,-1,-/-,-320.43151834607124,-19457.487404942513,87,0.0,0.0,0.007649369443870168
YOL064C,-1,-/-,-322.5022039413452,-19618.492758080363,87,0.0,0.0,0.00785610915856936
YKL217W,-1,0/-,-322.5537165571004,-31793.831436056644,348,0.0,0.0,0.008062848873268556
YJL221C,-1,0/-,-324.133432675153,-30796.138053748757,348,0.0,0.0,0.008269588587967749
YPL222W,0,0/0,-324.48790019750595,-30967.951366893947,348,0.0,0.0,0.008269588587967749
YKL218C,-1,0/-,-324.5742757059634,-32239.605339318514,348,0.0,0.0,0.008476328302666942
YHR008C,-1,-/-,-324.6717380210757,-21007.73600845784,87,0.0,0.0,0.008683068017366137
YHL021C,-1,0/-,-326.249839425087,-31874.336029920727,348,0.0,0.0,0.00888980773206533
YDL222C,-1,0/-,-327.0727292886004,-30571.329445018433,348,0.0,0.0,0.009096547446764523
YNL036W,-1,-/-,-328.6155176907778,-20581.512063667178,87,0.0,0.0,0.009303287161463718
YNR001C,-1,-/-,-328.8343949317932,-20084.34394595027,87,0.0,0.0,0.009510026876162911
YFR053C,-1,-/-,-328.94519674777985,-18303.62775295973,87,0.0,0.0,0.009716766590862104
YBL043W,-1,0/-,-329.02048478648067,-31641.677196807228,348,0.0,0.0,0.009923506305561299
YDL085W,0,+/0,-329.31633853167295,-19825.0611852929,86,0.0,0.0,0.009923506305561299
YGR289C,-1,-/-,-329.57570856809616,-18217.21164163947,87,0.0,0.0,0.010130246020260492
YHR087W,-1,0/-,-329.6941404789686,-31768.669604972005,348,0.0,0.0,0.010336985734959685
YPL123C,-1,-/-,-330.18247532844543,-19520.868475466967,87,0.0,0.0,0.01054372544965888
YPR151C,0,0/0,-330.63358299434185,-33140.06352601852,348,0.0,0.0,0.01054372544965888
YDR070C,0,0/0,-330.6357551049441,-33077.375278962776,348,0.0,0.0,0.01054372544965888
YMR081C,-1,-/-,-330.75313329696655,-20257.541268348694,87,0.0,0.0,0.010750465164358073
YHR029C,-1,0/-,-332.10722491517663,-30687.67185716331,348,0.0,0.0,0.010957204879057266
YJR073C,-1,-/-,-332.42812180519104,-18152.123415231705,87,0.0,0.0,0.011163944593756461
YPR160W,0,0/0,-332.54940167069435,-31200.690007537603,348,0.0,0.0,0.011163944593756461
YGR254W,-1,-/-,-332.78959968686104,-18566.599747050554,87,0.0,0.0,0.011370684308455654
YGR088W,-1,-/-,-332.837517991662,-19257.41015492007,87,0.0,0.0,0.011577424023154847
YAL061W,0,0/0,-332.84513519890606,-32007.676185265183,348,0.0,0.0,0.011577424023154847
YER015W,-1,-/-,-333.399735301733,-19239.421038240194,87,0.0,0.0,0.011784163737854042
YGR243W,-1,0/-,-333.71656914800406,-32379.945654368028,348,0.0,0.0,0.011990903452553235
YMR175W,-1,-/-,-334.2220517396927,-17940.89275109023,87,0.0,0.0,0.01219764316725243
YFL058W,1,+/+,-335.28589925169945,-19903.76494357735,86,0.016666666666666666,0.017241379310344827,0.01219764316725243
YBR046C,-1,0/-,-336.56462044268847,-32655.152066006325,348,0.01639344262295082,0.017241379310344827,0.012404382881951623
YJL116C,-1,-/-,-337.0097244977951,-16946.394266575575,87,0.016129032258064516,0.017241379310344827,0.012611122596650816
YJR009C,-1,-/-,-339.6894151568413,-18148.958565551788,87,0.015873015873015872,0.017241379310344827,0.012817862311350011
YDL024C,-1,-/-,-340.5643355846405,-18508.31879478693,87,0.015625,0.017241379310344827,0.013024602026049204
YJL052W,-1,-/-,-341.5897880792618,-18253.80309690535,87,0.015384615384615385,0.017241379310344827,0.013231341740748397
YJR078W,-1,+/-,-341.80806946754456,-19502.202840108424,86,0.015151515151515152,0.017241379310344827,0.013438081455447592
YEL039C,-1,0/-,-342.42698338627815,-31989.023516630754,348,0.014925373134328358,0.017241379310344827,0.013644821170146785
YER091C,0,0/0,-342.69759826362133,-31425.531170472503,348,0.014925373134328358,0.017241379310344827,0.013644821170146785
YGL156W,-1,0/-,-343.0670792683959,-33173.644847293384,348,0.014705882352941176,0.017241379310344827,0.013851560884845978
YKL150W,-1,-/-,-343.3241547010839,-22003.861478265375,87,0.014492753623188406,0.017241379310344827,0.014058300599545173
YLR267W,0,0/0,-344.6749658882618,-32887.45670941286,348,0.014492753623188406,0.017241379310344827,0.014058300599545173
YGR161C,0,-/0,-344.7258301973343,-19407.5127055645,87,0.014492753623188406,0.017241379310344827,0.014058300599545173
YML128C,-1,-/-,-344.95248687267303,-19758.58936715126,87,0.014285714285714285,0.017241379310344827,0.014265040314244366
YBL049W,0,0/0,-345.15942166000605,-33541.990839511156,348,0.014285714285714285,0.017241379310344827,0.014265040314244366
YIL160C,-1,-/-,-345.2428835630417,-17975.414334081113,87,0.014084507042253521,0.017241379310344827,0.01447178002894356
YPR184W,0,0/0,-345.84237917512655,-32247.510561881587,348,0.014084507042253521,0.017241379310344827,0.01447178002894356
YMR120C,-1,0/-,-346.4924849048257,-32723.474368077703,348,0.013888888888888888,0.017241379310344827,0.014678519743642754
YDL204W,-1,0/-,-346.6411191560328,-33415.683189790696,348,0.0136986301369863,0.017241379310344827,0.014885259458341947
YKR049C,-1,0/-,-346.80262676998973,-33874.85102036223,348,0.013513513513513514,0.017241379310344827,0.01509199917304114
YOR065W,-1,0/-,-346.9476155117154,-30996.446055179462,348,0.013333333333333334,0.017241379310344827,0.015298738887740335
YKL026C,-1,-/-,-346.954523190856,-20645.393389508128,87,0.013157894736842105,0.017241379310344827,0.015505478602439528
YDL169C,0,0/0,-347.54404157958925,-33423.502641338855,348,0.013157894736842105,0.017241379310344827,0.015505478602439528
YER054C,0,-/0,-347.9917770624161,-18212.01282274723,87,0.013157894736842105,0.017241379310344827,0.015505478602439528
YGR244C,-1,-/-,-348.1798273026943,-20677.098689436913,87,0.012987012987012988,0.017241379310344827,0.01571221831713872
YER150W,-1,0/-,-349.02918054908514,-30898.98085612897,348,0.01282051282051282,0.017241379310344827,0.015918958031837915
YDL223C,-1,-/-,-349.2766323685646,-17914.976117908955,87,0.012658227848101266,0.017241379310344827,0.01612569774653711
YMR174C,0,0/0,-349.7017487809062,-33182.87417169474,348,0.012658227848101266,0.017241379310344827,0.01612569774653711
YAL067C,-1,0/-,-349.7425666898489,-31464.982252100483,348,0.0125,0.017241379310344827,0.016332437461236304
YAL060W,0,0/0,-349.95704187080264,-33585.55043887347,348,0.0125,0.017241379310344827,0.016332437461236304
YML116W,-1,-/-,-350.06211597658694,-18174.167004639283,87,0.012345679012345678,0.017241379310344827,0.016539177175935497
YKL148C,-1,-/-,-350.4524245671928,-20254.3921767883,87,0.012195121951219513,0.017241379310344827,0.01674591689063469
YDL021W,-1,0/-,-350.58549931645393,-32221.135855871253,348,0.012048192771084338,0.017241379310344827,0.016952656605333884
YCL030C,0,0/0,-350.70404856838286,-33278.886673658155,348,0.012048192771084338,0.017241379310344827,0.016952656605333884
YNL237W,0,0/0,-350.93669144436717,-32225.85279690195,348,0.012048192771084338,0.017241379310344827,0.016952656605333884
YGR236C,0,0/0,-351.00201377272606,-31512.136089039966,348,0.012048192771084338,0.017241379310344827,0.016952656605333884
YJR019C,-1,-/-,-351.3726195320487,-21032.598208211362,87,0.011904761904761904,0.017241379310344827,0.017159396320033077
YNL202W,-1,-/-,-351.9641103744507,-18551.560409605503,87,0.011764705882352941,0.017241379310344827,0.017366136034732273
YOR348C,-1,-/-,-352.47332867980003,-17690.83530625701,87,0.011627906976744186,0.017241379310344827,0.017572875749431466
YOL119C,-1,0/-,-352.6005498729646,-32994.4134859764,348,0.011494252873563218,0.017241379310344827,0.01777961546413066
YJL172W,-1,0/-,-352.6552514433861,-32663.987966440618,348,0.011363636363636364,0.017241379310344827,0.017986355178829853
YPL262W,-1,-/-,-353.1714445948601,-21643.666630655527,87,0.011235955056179775,0.017241379310344827,0.018193094893529046
YNL009W,-1,+/-,-353.610691010952,-20293.674461483955,86,0.011111111111111112,0.017241379310344827,0.01839983460822824
YMR110C,-1,0/-,-354.7333353459835,-34656.53392319754,348,0.01098901098901099,0.017241379310344827,0.018606574322927436
YHR018C,0,0/0,-356.2624244913459,-32080.69486944424,348,0.01098901098901099,0.017241379310344827,0.018606574322927436
YPR167C,0,-/0,-356.4364146590233,-19339.682646244764,87,0.01098901098901099,0.017241379310344827,0.018606574322927436
YLL041C,-1,-/-,-356.91774463653564,-20056.01791524887,87,0.010869565217391304,0.017241379310344827,0.01881331403762663
YPL265W,-1,-/-,-356.99964332580566,-18288.987999796867,87,0.010752688172043012,0.017241379310344827,0.019020053752325822
YEL012W,-1,-/-,-357.6791508793831,-20825.684387475252,87,0.010638297872340425,0.017241379310344827,0.019226793467025015
YIL155C,0,+/0,-357.8997285962105,-20146.222661793232,86,0.010638297872340425,0.017241379310344827,0.019226793467025015
YMR105C,-1,0/-,-357.9579909648746,-32909.22852743976,348,0.010526315789473684,0.017241379310344827,0.019433533181724208
YOR374W,-1,0/-,-358.07425503246486,-33796.09485683218,348,0.010416666666666666,0.017241379310344827,0.019640272896423405
YIL107C,0,0/0,-358.3522885888815,-34591.69059947878,348,0.010416666666666666,0.017241379310344827,0.019640272896423405
YNR058W,1,+/+,-358.62118405103683,-19312.845107913017,86,0.020618556701030927,0.034482758620689655,0.019640272896423405
YLR058C,1,0/+,-358.9829821102321,-32235.45761250332,348,0.030612244897959183,0.05172413793103448,0.019640272896423405
YEL011W,0,0/0,-359.1233774796128,-33591.6434733551,348,0.030612244897959183,0.05172413793103448,0.019640272896423405
YJR156C,1,+/+,-359.18587201833725,-19552.557592451572,86,0.04040404040404041,0.06896551724137931,0.019640272896423405
YBR117C,0,+/0,-359.40548717975616,-18867.062578856945,86,0.04040404040404041,0.06896551724137931,0.019640272896423405
YIR034C,0,0/0,-359.45863023400307,-33407.67455806583,348,0.04040404040404041,0.06896551724137931,0.019640272896423405
YKL093W,-1,-/-,-360.02500903606415,-20627.838651187718,87,0.04,0.06896551724137931,0.019847012611122598
YPL250C,-1,0/-,-360.1011398136616,-31655.075920784846,348,0.039603960396039604,0.06896551724137931,0.02005375232582179
YKR009C,-1,-/-,-360.18889757990837,-20817.39722532034,87,0.0392156862745098,0.06896551724137931,0.020260492040520984
YGR239C,-1,-/-,-360.5909320116043,-19853.364379182458,87,0.038834951456310676,0.06896551724137931,0.020467231755220177
YPL230W,-1,0/-,-360.924920886755,-33082.83913007751,348,0.038461538461538464,0.06896551724137931,0.02067397146991937
YER175C,-1,0/-,-360.9872701764107,-33470.359534977004,348,0.0380952380952381,0.06896551724137931,0.020880711184618567
YPL223C,0,0/0,-361.2142324205488,-32110.977676296607,348,0.0380952380952381,0.06896551724137931,0.020880711184618567
YPL026C,-1,-/-,-362.03040301799774,-18668.834719657898,87,0.03773584905660377,0.06896551724137931,0.02108745089931776
YOL052C-A,-1,0/-,-362.18613510392606,-34215.41444922425,348,0.037383177570093455,0.06896551724137931,0.021294190614016953
YIR038C,-1,0/-,-362.23475982248783,-33831.964382413775,348,0.037037037037037035,0.06896551724137931,0.021500930328716146
YLR304C,-1,-/-,-362.5590087175369,-21729.892249554396,87,0.03669724770642202,0.06896551724137931,0.02170767004341534
YGR052W,-1,0/-,-362.8859724588692,-33174.73023759946,348,0.03636363636363636,0.06896551724137931,0.021914409758114532
YCL033C,-1,-/-,-363.03246861696243,-21901.34856414795,87,0.036036036036036036,0.06896551724137931,0.02212114947281373
YGL059W,-1,0/-,-363.155843347311,-33295.00917621702,348,0.03571428571428571,0.06896551724137931,0.022327889187512922
YNL335W,-1,0/-,-363.57158491015434,-31852.629626125097,348,0.035398230088495575,0.06896551724137931,0.022534628902212115
YJR095W,-1,0/-,-363.93371157348156,-33214.25650868751,348,0.03508771929824561,0.06896551724137931,0.022741368616911308
YOR202W,0,0/0,-364.2307177130133,-32447.637674671598,348,0.03508771929824561,0.06896551724137931,0.022741368616911308
YMR271C,-1,0/-,-364.3408954665065,-33619.54048014805,348,0.034782608695652174,0.06896551724137931,0.0229481083316105
YLR284C,-1,-/-,-364.35671401023865,-19870.080746352673,87,0.034482758620689655,0.06896551724137931,0.023154848046309694
YGR174C,-1,0/-,-364.57864755392075,-33077.25548380241,348,0.03418803418803419,0.06896551724137931,0.02336158776100889
YMR169C,1,0/+,-364.64987763762474,-33405.32623937633,348,0.0423728813559322,0.08620689655172414,0.02336158776100889
YGR019W,-1,0/-,-364.6802060343325,-34502.20773312077,348,0.04201680672268908,0.08620689655172414,0.023568327475708084
YKR076W,-1,-/-,-364.6871865391731,-23156.206917375326,87,0.041666666666666664,0.08620689655172414,0.023775067190407277
YFR015C,0,0/0,-364.9705117046833,-32055.207091115415,348,0.041666666666666664,0.08620689655172414,0.023775067190407277
YGL184C,0,0/0,-365.03734412044287,-33018.937821783125,348,0.041666666666666664,0.08620689655172414,0.023775067190407277
YNL333W,1,+/+,-365.1142324656248,-20115.707522287965,86,0.049586776859504134,0.10344827586206896,0.023775067190407277
YHR137W,0,0/0,-365.18688533455133,-32282.529927661642,348,0.049586776859504134,0.10344827586206896,0.023775067190407277
YDR384C,-1,-/-,-365.52569365501404,-19150.83186596632,87,0.04918032786885246,0.10344827586206896,0.02398180690510647
YAL062W,0,0/0,-365.52740762382746,-35325.42459865846,348,0.04918032786885246,0.10344827586206896,0.02398180690510647
YGL125W,0,0/0,-365.9285668451339,-31795.727057319134,348,0.04918032786885246,0.10344827586206896,0.02398180690510647
YHR160C,-1,-/-,-365.98099225759506,-22100.45032864809,87,0.04878048780487805,0.10344827586206896,0.024188546619805663
YLR134W,-1,-/-,-366.0120519399643,-19063.295890808105,87,0.04838709677419355,0.10344827586206896,0.02439528633450486
YPL186C,-1,0/-,-366.0603754967451,-33430.13023370132,348,0.048,0.10344827586206896,0.024602026049204053
YER096W,-1,0/-,-366.2465322613716,-31587.800960559398,348,0.047619047619047616,0.10344827586206896,0.024808765763903246
YOR347C,-1,-/-,-366.39596152305603,-21633.647750087082,87,0.047244094488188976,0.10344827586206896,0.02501550547860244
YNR057C,1,+/+,-366.4762113392353,-20472.113015025854,86,0.0546875,0.1206896551724138,0.02501550547860244
YJL088W,0,0/0,-366.7466527055949,-30941.088510081172,348,0.0546875,0.1206896551724138,0.02501550547860244
YAR035W,-1,+/-,-367.0857857465744,-19983.093928307295,86,0.05426356589147287,0.1206896551724138,0.025222245193301632
YLR044C,-1,-/-,-367.24426694214344,-19801.617053821683,87,0.05384615384615385,0.1206896551724138,0.025428984908000826
YMR322C,-1,+/-,-367.6653403043747,-19622.542251944542,86,0.05343511450381679,0.1206896551724138,0.025635724622700022
YJL100W,-1,-/-,-367.80831626057625,-21668.281474500895,87,0.05303030303030303,0.1206896551724138,0.025842464337399215
YLR411W,-1,-/-,-367.91549253463745,-19819.280492424965,87,0.05263157894736842,0.1206896551724138,0.02604920405209841
YFL053W,-1,0/-,-368.03305727243423,-31878.991110626608,348,0.05223880597014925,0.1206896551724138,0.0262559437667976
YJL066C,0,0/0,-368.25211169198155,-34132.13640451059,348,0.05223880597014925,0.1206896551724138,0.0262559437667976
YHR106W,-1,-/-,-368.3681341409683,-21148.790890455246,87,0.05185185185185185,0.1206896551724138,0.026462683481496795
YMR195W,0,0/0,-369.04972866922617,-32734.255514025688,348,0.05185185185185185,0.1206896551724138,0.026462683481496795
YBR280C,-1,-/-,-369.9161085784435,-23797.311483055353,87,0.051470588235294115,0.1206896551724138,0.026669423196195988
YHR016C,-1,-/-,-369.9523482322693,-20942.72417873144,87,0.051094890510948905,0.1206896551724138,0.026876162910895184
YIR041W,-1,-/-,-370.2043573856354,-19729.967151403427,87,0.050724637681159424,0.1206896551724138,0.027082902625594377
YJL223C,-1,0/-,-370.26988285779953,-31782.104793730192,348,0.050359712230215826,0.1206896551724138,0.02728964234029357
YPR193C,-1,-/-,-370.38752594590187,-21883.92658379674,87,0.05,0.1206896551724138,0.027496382054992764
YDR317W,-1,-/-,-371.05231046676636,-19505.393521606922,87,0.04964539007092199,0.1206896551724138,0.027703121769691957
YGL205W,-1,-/-,-371.0552592277527,-19552.267744213343,87,0.04929577464788732,0.1206896551724138,0.027909861484391153
YKR046C,-1,-/-,-371.25136840343475,-20760.288013100624,87,0.04895104895104895,0.1206896551724138,0.028116601199090346
YHR174W,-1,-/-,-371.5539882481098,-19351.50079217553,87,0.04861111111111111,0.1206896551724138,0.02832334091378954
YJL102W,-1,-/-,-371.59112095832825,-19602.544926404953,87,0.04827586206896552,0.1206896551724138,0.028530080628488733
YBL015W,-1,-/-,-371.74543955922127,-20365.926391661167,87,0.04794520547945205,0.1206896551724138,0.028736820343187926
YGR008C,-1,-/-,-371.86207818984985,-21354.305839419365,87,0.047619047619047616,0.1206896551724138,0.02894356005788712
YFR030W,0,-/0,-371.9520282149315,-20768.940915830433,87,0.047619047619047616,0.1206896551724138,0.02894356005788712
YPL111W,0,0/0,-372.1747764237225,-32835.10035196692,348,0.047619047619047616,0.1206896551724138,0.02894356005788712
YPR026W,-1,0/-,-372.2300658673048,-34024.390331517905,348,0.0472972972972973,0.1206896551724138,0.029150299772586315
YDL110C,-1,0/-,-372.3597987899557,-34821.453882209025,348,0.04697986577181208,0.1206896551724138,0.02935703948728551
YLR251W,0,0/0,-372.4839350283146,-33773.44418641552,348,0.04697986577181208,0.1206896551724138,0.02935703948728551
YER053C,-1,-/-,-372.5777819156647,-20977.303902745247,87,0.04666666666666667,0.1206896551724138,0.0295637792019847
YOL126C,-1,-/-,-373.13523268699646,-20992.958400130272,87,0.046357615894039736,0.1206896551724138,0.029770518916683895
YIL111W,-1,0/-,-373.1411882042885,-30863.055210368708,348,0.046052631578947366,0.1206896551724138,0.029977258631383088
YCR083W,-1,-/-,-373.17069417238235,-21851.225064337254,87,0.0457516339869281,0.1206896551724138,0.03018399834608228
YHR048W,-1,-/-,-373.3017302751541,-18785.17963696271,87,0.045454545454545456,0.1206896551724138,0.030390738060781478
YCR005C,-1,-/-,-373.44085240364075,-21837.819017142057,87,0.04516129032258064,0.1206896551724138,0.03059747777548067
YMR053C,0,-/0,-373.7455481290817,-21849.117489218712,87,0.04516129032258064,0.1206896551724138,0.03059747777548067
YLR377C,-1,-/-,-373.9968502447009,-19666.99226411432,87,0.04487179487179487,0.1206896551724138,0.030804217490179864
YMR189W,0,0/0,-374.1648515034467,-30977.741801665165,348,0.04487179487179487,0.1206896551724138,0.030804217490179864
YIL099W,-1,0/-,-374.2593857049942,-33774.70915874187,348,0.044585987261146494,0.1206896551724138,0.031010957204879057
YBR269C,-1,0/-,-374.55660296976566,-34868.75186575204,348,0.04430379746835443,0.1206896551724138,0.03121769691957825
YPR192W,-1,0/-,-374.80803126096725,-32419.8111506626,348,0.0440251572327044,0.1206896551724138,0.03142443663427744
YOR382W,-1,0/-,-374.92889192700386,-31105.817433271557,348,0.04375,0.1206896551724138,0.031631176348976636
YCR010C,-1,-/-,-374.9353914260864,-20214.690156072378,87,0.043478260869565216,0.1206896551724138,0.03183791606367583
YPL134C,-1,0/-,-375.0467829089612,-32840.17569315806,348,0.043209876543209874,0.1206896551724138,0.03204465577837502
YEL060C,-1,-/-,-375.1327295899391,-22706.425410926342,87,0.04294478527607362,0.1206896551724138,0.03225139549307422
YBL030C,-1,-/-,-375.23324766755104,-21260.99727961421,87,0.042682926829268296,0.1206896551724138,0.032458135207773416
YGR032W,-1,0/-,-375.68908677250147,-33190.21564672887,348,0.04242424242424243,0.1206896551724138,0.03266487492247261
YBR299W,-1,0/-,-375.91315253823996,-32185.490056376904,348,0.04216867469879518,0.1206896551724138,0.0328716146371718
YHR001W-A,-1,-/-,-375.9194083213806,-19777.46152752638,87,0.041916167664670656,0.1206896551724138,0.033078354351870995
YER103W,-1,-/-,-375.9194598197937,-18167.509450912476,87,0.041666666666666664,0.1206896551724138,0.03328509406657019
YDR502C,0,0/0,-376.2853637561202,-32707.124941185117,348,0.041666666666666664,0.1206896551724138,0.03328509406657019
YOR084W,-1,-/-,-376.452942609787,-20244.97282716632,87,0.04142011834319527,0.1206896551724138,0.03349183378126938
YOR173W,-1,-/-,-376.94988142699003,-23222.78589808196,87,0.041176470588235294,0.1206896551724138,0.033698573495968574
YBR145W,0,+/0,-377.41404473781586,-20175.00358402729,86,0.041176470588235294,0.1206896551724138,0.033698573495968574
YDR030C,-1,-/-,-377.467848777771,-20052.455724835396,87,0.04093567251461988,0.1206896551724138,0.03390531321066777
YLR180W,-1,0/-,-377.98569540679455,-32586.30082555907,348,0.040697674418604654,0.1206896551724138,0.03411205292536696
YNL332W,1,+/+,-378.01838064193726,-20348.00154352188,86,0.046242774566473986,0.13793103448275862,0.03411205292536696
YJL045W,-1,-/-,-378.4365519285202,-19521.203384518623,87,0.04597701149425287,0.13793103448275862,0.034318792640066154
YER020W,-1,-/-,-378.4526598453522,-20709.254522144794,87,0.045714285714285714,0.13793103448275862,0.034525532354765354
YOR134W,-1,0/-,-378.6683419793844,-33395.016347557306,348,0.045454545454545456,0.13793103448275862,0.03473227206946455
YML078W,-1,-/-,-378.7820625305176,-22677.978484727442,87,0.04519774011299435,0.13793103448275862,0.03493901178416374
YGR044C,-1,-/-,-379.23982286453247,-20659.651551276445,87,0.0449438202247191,0.13793103448275862,0.03514575149886293
YCR021C,0,0/0,-379.26516848802567,-32294.57909066975,348,0.0449438202247191,0.13793103448275862,0.03514575149886293
YNL239W,-1,-/-,-379.3605018854141,-21505.433402061462,87,0.0446927374301676,0.13793103448275862,0.035352491213562126
YBR169C,-1,-/-,-379.4781906604767,-19503.34502351284,87,0.044444444444444446,0.13793103448275862,0.03555923092826132
YEL024W,-1,-/-,-380.06727668643,-20098.062186270952,87,0.04419889502762431,0.13793103448275862,0.03576597064296051
YJR109C,-1,0/-,-380.1909999586642,-32820.097899373155,348,0.04395604395604396,0.13793103448275862,0.035972710357659705
YDL022W,-1,+/-,-380.27368396520615,-20856.111098766327,86,0.04371584699453552,0.13793103448275862,0.0361794500723589
YLR359W,-1,0/-,-380.4730368256569,-33853.63852532208,348,0.043478260869565216,0.13793103448275862,0.03638618978705809
YJL217W,0,0/0,-380.64197543263435,-32853.91323031392,348,0.043478260869565216,0.13793103448275862,0.03638618978705809
YBR132C,-1,-/-,-380.73847115039825,-19671.149250984192,87,0.043243243243243246,0.13793103448275862,0.036592929501757285
YLR258W,0,0/0,-380.8152743410319,-33358.04931217246,348,0.043243243243243246,0.13793103448275862,0.036592929501757285
YOR031W,-1,-/-,-380.87682289630175,-22202.316298253834,87,0.043010752688172046,0.13793103448275862,0.03679966921645648
YML120C,-1,+/-,-381.23847749456763,-20713.574468310922,86,0.0427807486631016,0.13793103448275862,0.03700640893115568
YOL058W,0,0/0,-381.2535564638674,-32080.96895364113,348,0.0427807486631016,0.13793103448275862,0.03700640893115568
YLL055W,-1,0/-,-381.80310651659966,-32293.229942299426,348,0.0425531914893617,0.13793103448275862,0.03721314864585487
YLR438W,0,0/0,-381.9704079758376,-33781.36017685197,348,0.0425531914893617,0.13793103448275862,0.03721314864585487
YDR256C,-1,-/-,-382.0870096683502,-18484.09432516992,87,0.042328042328042326,0.13793103448275862,0.037419888360554064
YMR303C,0,+/0,-382.1667055487633,-19821.147283375263,86,0.042328042328042326,0.13793103448275862,0.037419888360554064
YDR074W,-1,0/-,-382.20974668860435,-34571.61245382577,348,0.042105263157894736,0.13793103448275862,0.03762662807525326
YER062C,-1,-/-,-382.2122834920883,-19155.241061151028,87,0.041884816753926704,0.13793103448275862,0.03783336778995245
YBL078C,-1,-/-,-382.21872103214264,-22285.95738506317,87,0.041666666666666664,0.13793103448275862,0.038040107504651643
YLR356W,-1,0/-,-382.37748385965824,-32816.80163154006,348,0.04145077720207254,0.13793103448275862,0.03824684721935084
YLR070C,0,0/0,-382.3981059938669,-32807.553520441055,348,0.04145077720207254,0.13793103448275862,0.03824684721935084
YDR019C,0,0/0,-383.02772643743083,-31465.480077573564,348,0.04145077720207254,0.13793103448275862,0.03824684721935084
YGR292W,-1,0/-,-383.02844470739365,-34091.00661762059,348,0.041237113402061855,0.13793103448275862,0.03845358693405003
YJL103C,-1,0/-,-383.03774808347225,-33525.425025224686,348,0.041025641025641026,0.13793103448275862,0.03866032664874922
YMR095C,1,+/+,-383.5323565006256,-20207.267757236958,86,0.04591836734693878,0.15517241379310345,0.03866032664874922
YDL215C,0,0/0,-383.61601136624813,-34253.32864356041,348,0.04591836734693878,0.15517241379310345,0.03866032664874922
YIR029W,-1,0/-,-383.85331666469574,-33235.308701232076,348,0.04568527918781726,0.15517241379310345,0.038867066363448416
YHL016C,-1,0/-,-383.95452220737934,-31743.068578489125,348,0.045454545454545456,0.15517241379310345,0.03907380607814761
YHR104W,-1,0/-,-383.95894667878747,-34551.47587303445,348,0.04522613065326633,0.15517241379310345,0.03928054579284681
YOR044W,0,0/0,-384.132471755147,-34969.92300747335,348,0.04522613065326633,0.15517241379310345,0.03928054579284681
YOR273C,-1,0/-,-384.35687401890755,-34163.71660915017,348,0.045,0.15517241379310345,0.039487285507546
YPR191W,-1,-/-,-384.40896958112717,-20177.280421197414,87,0.04477611940298507,0.15517241379310345,0.039694025222245195
YBL064C,-1,-/-,-384.5034617483616,-22805.127761751413,87,0.04455445544554455,0.15517241379310345,0.03990076493694439
YBR026C,-1,-/-,-385.13368433713913,-23344.03937649727,87,0.04433497536945813,0.15517241379310345,0.04010750465164358
YPL135W,-1,-/-,-385.2810288667679,-20942.59871506691,87,0.04411764705882353,0.15517241379310345,0.040314244366342775
YOR391C,-1,0/-,-385.29893440008163,-33792.757440045476,348,0.04390243902439024,0.15517241379310345,0.04052098408104197
YKL152C,-1,-/-,-385.7823688685894,-20519.516822725534,87,0.043689320388349516,0.15517241379310345,0.04072772379574116
YKL188C,-1,-/-,-385.80431604385376,-21510.766070365906,87,0.043478260869565216,0.15517241379310345,0.040934463510440354
YLL026W,-1,-/-,-385.906804561615,-21045.45421218872,87,0.04326923076923077,0.15517241379310345,0.04114120322513955
YKL086W,-1,-/-,-385.91387915611267,-18875.18195796013,87,0.0430622009569378,0.15517241379310345,0.04134794293983874
YKL161C,-1,0/-,-386.15536366030574,-34188.642091255635,348,0.04285714285714286,0.15517241379310345,0.04155468265453793
YOL147C,-1,-/-,-386.1793288588524,-21411.67709439993,87,0.04265402843601896,0.15517241379310345,0.04176142236923713
YAL008W,-1,0/-,-386.26264472305775,-32912.97061105445,348,0.04245283018867924,0.15517241379310345,0.041968162083936326
YIL053W,-1,-/-,-386.2668454647064,-21282.756769657135,87,0.04225352112676056,0.15517241379310345,0.04217490179863552
YBR222C,-1,0/-,-386.9837807863951,-34727.86954211444,348,0.04205607476635514,0.15517241379310345,0.04238164151333471
YHR075C,-1,-/-,-387.1857739686966,-19611.55117559433,87,0.04186046511627907,0.15517241379310345,0.042588381228033906
YJL082W,-1,0/-,-387.40650898218155,-33892.43116318993,348,0.041666666666666664,0.15517241379310345,0.0427951209427331
YOL151W,-1,-/-,-387.7340661883354,-21173.46069405973,87,0.041474654377880185,0.15517241379310345,0.04300186065743229
YAR015W,-1,-/-,-387.76981687545776,-21314.377492904663,87,0.04128440366972477,0.15517241379310345,0.043208600372131485
YJL037W,-1,0/-,-388.1186555624008,-31930.58118838072,348,0.0410958904109589,0.15517241379310345,0.04341534008683068
YMR191W,0,0/0,-388.66402008384466,-36016.38394396007,348,0.0410958904109589,0.15517241379310345,0.04341534008683068
YPL177C,-1,-/-,-388.72706830501556,-20731.35627758503,87,0.04090909090909091,0.15517241379310345,0.04362207980152987
YBL099W,-1,-/-,-388.74264496564865,-21500.988840579987,87,0.04072398190045249,0.15517241379310345,0.043828819516229064
YNL274C,-1,-/-,-388.75393491983414,-22683.61268168688,87,0.04054054054054054,0.15517241379310345,0.044035559230928265
YOL165C,0,-/0,-388.830589056015,-18719.291311860085,87,0.04054054054054054,0.15517241379310345,0.044035559230928265
YPR006C,-1,-/-,-388.9697675704956,-21266.5925219059,87,0.04035874439461883,0.15517241379310345,0.04424229894562746
YOR185C,-1,-/-,-389.1545942425728,-18736.655648052692,87,0.04017857142857143,0.15517241379310345,0.04444903866032665
YGL104C,-1,-/-,-389.5375590324402,-20844.87617468834,87,0.04,0.15517241379310345,0.044655778375025844
YDR242W,0,0/0,-390.293583676219,-34914.36229899898,348,0.04,0.15517241379310345,0.044655778375025844
YDR380W,0,0/0,-390.4205710142851,-32746.103516106494,348,0.04,0.15517241379310345,0.044655778375025844
YDL048C,-1,0/-,-390.7821788787842,-32889.82886774838,348,0.03982300884955752,0.15517241379310345,0.04486251808972504
YDR223W,-1,0/-,-391.06347247958183,-33978.711809434,348,0.039647577092511016,0.15517241379310345,0.04506925780442423
YMR241W,-1,-/-,-391.1683079004288,-21115.67111837864,87,0.039473684210526314,0.15517241379310345,0.04527599751912342
YNL279W,-1,-/-,-391.1787274479866,-19613.322819054127,87,0.039301310043668124,0.15517241379310345,0.045482737233822616
YIL116W,0,0/0,-391.18061367981136,-35671.47909796983,348,0.039301310043668124,0.15517241379310345,0.045482737233822616
YGR087C,0,0/0,-391.19219413399696,-33115.90293650236,348,0.039301310043668124,0.15517241379310345,0.045482737233822616
YDR001C,-1,0/-,-391.273931665346,-36210.34928793274,348,0.0391304347826087,0.15517241379310345,0.04568947694852181
YMR170C,1,0/+,-391.31505331397057,-34903.101700127125,348,0.04329004329004329,0.1724137931034483,0.04568947694852181
YLR080W,-1,-/-,-391.3509738445282,-20756.764818668365,87,0.04310344827586207,0.1724137931034483,0.045896216663221
YML100W,-1,0/-,-391.42036977410316,-34075.37327156216,348,0.04291845493562232,0.1724137931034483,0.046102956377920196
YNL015W,-1,-/-,-391.5440274141729,-21249.601497080177,87,0.042735042735042736,0.1724137931034483,0.04630969609261939
YOL083W,-1,0/-,-391.83001002669334,-32494.35773342848,348,0.0425531914893617,0.1724137931034483,0.04651643580731859
YGR154C,-1,0/-,-391.9974140524864,-36040.39783228934,348,0.0423728813559322,0.1724137931034483,0.04672317552201778
YDR533C,-1,0/-,-392.5681766793132,-35049.918469709344,348,0.04219409282700422,0.1724137931034483,0.046929915236716975
YLR092W,-1,-/-,-392.7267099618912,-19825.212633788586,87,0.04201680672268908,0.1724137931034483,0.04713665495141617
YJR077C,-1,-/-,-392.83512914180756,-21396.153645694256,87,0.04184100418410042,0.1724137931034483,0.04734339466611536
YGR183C,-1,-/-,-393.04993987083435,-21448.906585782766,87,0.041666666666666664,0.1724137931034483,0.047550134380814554
YIL162W,-1,0/-,-393.11101783812046,-33858.61271832697,348,0.04149377593360996,0.1724137931034483,0.04775687409551375
YJL026W,-1,-/-,-393.18029856681824,-20786.04692593217,87,0.04132231404958678,0.1724137931034483,0.04796361381021294
YCL025C,-1,-/-,-393.20619708299637,-20292.06331411004,87,0.0411522633744856,0.1724137931034483,0.048170353524912134
YDL200C,-1,-/-,-393.2102108001709,-20887.851930379868,87,0.040983606557377046,0.1724137931034483,0.04837709323961133
YLR303W,0,-/0,-393.2576289176941,-19518.334795475006,87,0.040983606557377046,0.1724137931034483,0.04837709323961133
YLL052C,-1,0/-,-393.80574560165405,-33233.97786125541,348,0.04081632653061224,0.1724137931034483,0.04858383295431052
YDR059C,-1,-/-,-393.8469094634056,-22130.436489105225,87,0.04065040650406504,0.1724137931034483,0.04879057266900972
YPL196W,-1,-/-,-394.32520949840546,-21557.734917789698,87,0.04048582995951417,0.1724137931034483,0.04899731238370891
YKL067W,-1,0/-,-394.55178467929363,-34688.91167877801,348,0.04032258064516129,0.1724137931034483,0.049204052098408106
YDR216W,-1,-/-,-394.8940691947937,-19871.79512923956,87,0.040160642570281124,0.1724137931034483,0.0494107918131073
YJL219W,-1,-/-,-395.01485991477966,-20304.074513614178,87,0.04,0.1724137931034483,0.04961753152780649
YGL208W,-1,-/-,-395.09049236774445,-22355.11711895466,87,0.0398406374501992,0.1724137931034483,0.049824271242505686
YOR040W,-1,-/-,-395.0935066342354,-23052.07596105337,87,0.03968253968253968,0.1724137931034483,0.05003101095720488
YJL048C,-1,-/-,-395.2063947916031,-20972.24448055029,87,0.039525691699604744,0.1724137931034483,0.05023775067190407
YBR035C,1,-/+,-395.3528730273247,-23002.303171813488,87,0.04330708661417323,0.1896551724137931,0.05023775067190407
YGL062W,-1,+/-,-395.4321512579918,-22557.20049035549,86,0.043137254901960784,0.1896551724137931,0.050444490386603265
YNL055C,-1,-/-,-395.46742057800293,-22379.166084051132,87,0.04296875,0.1896551724137931,0.05065123010130246
YOR363C,-1,-/-,-395.6668569147587,-22190.940239220858,87,0.042801556420233464,0.1896551724137931,0.05085796981600165
YOR184W,-1,0/-,-395.9768631272018,-35877.69075310882,348,0.04263565891472868,0.1896551724137931,0.051064709530700844
YOR003W,0,-/0,-396.07041722536087,-19404.041276693344,87,0.04263565891472868,0.1896551724137931,0.051064709530700844
YOR317W,-1,-/-,-396.0915929079056,-18637.26528120041,87,0.04247104247104247,0.1896551724137931,0.051271449245400044
YHR092C,-1,-/-,-396.1100400984287,-19739.076937571168,87,0.04230769230769231,0.1896551724137931,0.05147818896009924
YIL056W,-1,+/-,-396.1245806515217,-21646.552035182714,86,0.0421455938697318,0.1896551724137931,0.05168492867479843
YJR159W,0,0/0,-396.1897302865982,-33453.22430695593,348,0.0421455938697318,0.1896551724137931,0.05168492867479843
YBR006W,-1,-/-,-396.4393937587738,-20755.44144809246,87,0.04198473282442748,0.1896551724137931,0.051891668389497624
YKL163W,-1,0/-,-396.49500842392445,-34726.133480321616,348,0.04182509505703422,0.1896551724137931,0.05209840810419682
YER185W,-1,0/-,-396.53172555565834,-33537.65627009794,348,0.041666666666666664,0.1896551724137931,0.05230514781889601
YCR020C,1,+/+,-396.6676698848605,-22141.98344003409,86,0.045283018867924525,0.20689655172413793,0.05230514781889601
YBR298C,-1,-/-,-396.69713282585144,-21149.784100592136,87,0.045112781954887216,0.20689655172413793,0.0525118875335952
YJL106W,-1,-/-,-396.75861120224,-20344.51254916191,87,0.0449438202247191,0.20689655172413793,0.052718627248294396
YHR051W,-1,0/-,-396.7923273667693,-35081.11783171818,348,0.04477611940298507,0.20689655172413793,0.05292536696299359
YMR119W,-1,-/-,-396.9834020137787,-23659.165333747864,87,0.04460966542750929,0.20689655172413793,0.05313210667769278
YFL057C,0,-/0,-396.9861489534378,-21694.940833449364,87,0.04460966542750929,0.20689655172413793,0.05313210667769278
YJR010W,0,0/0,-397.097503811121,-33690.71316126734,348,0.04460966542750929,0.20689655172413793,0.05313210667769278
YIL011W,-1,0/-,-397.13905500248075,-32738.519737315364,348,0.044444444444444446,0.20689655172413793,0.053338846392391975
YJR036C,-1,0/-,-397.1963129043579,-33817.6919759959,348,0.04428044280442804,0.20689655172413793,0.053545586107091175
YJR094C,-1,-/-,-397.40335047245026,-20653.755695700645,87,0.04411764705882353,0.20689655172413793,0.05375232582179037
YER055C,0,0/0,-397.43984480947256,-34325.41710494459,348,0.04411764705882353,0.20689655172413793,0.05375232582179037
YGR225W,-1,-/-,-397.4402322769165,-19780.227379977703,87,0.04395604395604396,0.20689655172413793,0.05395906553648956
YHR209W,0,0/0,-397.5007505565882,-34824.52744036913,348,0.04395604395604396,0.20689655172413793,0.05395906553648956
YLR189C,-1,-/-,-397.53842067718506,-20923.154383659363,87,0.043795620437956206,0.20689655172413793,0.054165805251188755
YOR177C,-1,0/-,-397.57438050583005,-34545.046057183295,348,0.04363636363636364,0.20689655172413793,0.05437254496588795
YGR240C,-1,0/-,-397.84105767309666,-34028.22649824992,348,0.043478260869565216,0.20689655172413793,0.05457928468058714
YJR130C,0,0/0,-397.8997850418091,-37278.61513532046,348,0.043478260869565216,0.20689655172413793,0.05457928468058714
YKL091C,0,0/0,-397.9155884385109,-33993.7557545444,348,0.043478260869565216,0.20689655172413793,0.05457928468058714
YHR006W,-1,-/-,-397.935230076313,-22322.339537203312,87,0.04332129963898917,0.20689655172413793,0.054786024395286334
YHL035C,-1,0/-,-398.09748935699463,-33643.49570098519,348,0.04316546762589928,0.20689655172413793,0.05499276410998553
YBR029C,-1,-/-,-398.16221940517426,-20860.660623937845,87,0.043010752688172046,0.20689655172413793,0.05519950382468472
YFR049W,-1,0/-,-398.20344699919224,-35315.74937385321,348,0.04285714285714286,0.20689655172413793,0.05540624353938391
YER037W,-1,0/-,-398.3383954614401,-34097.20265651168,348,0.042704626334519574,0.20689655172413793,0.055612983254083106
YBR240C,1,+/+,-398.5655834674835,-21030.2501065135,86,0.04609929078014184,0.22413793103448276,0.055612983254083106
YER179W,-1,-/-,-398.6994296312332,-21042.03910791874,87,0.045936395759717315,0.22413793103448276,0.05581972296878231
YHL036W,-1,-/-,-398.7725064754486,-21053.169076681137,87,0.045774647887323945,0.22413793103448276,0.0560264626834815
YMR020W,1,0/+,-398.9108199477196,-35142.493401562795,348,0.04912280701754386,0.2413793103448276,0.0560264626834815
YNL130C,-1,-/-,-399.0774166584015,-18943.08460432291,87,0.04895104895104895,0.2413793103448276,0.05623320239818069
YGL248W,-1,0/-,-399.1373502314091,-36208.539551861584,348,0.04878048780487805,0.2413793103448276,0.056439942112879886
YNR076W,-1,0/-,-399.39714270830154,-33170.94389415812,348,0.04861111111111111,0.2413793103448276,0.05664668182757908
YNL277W,0,0/0,-399.49153515696526,-34093.16555483639,348,0.04861111111111111,0.2413793103448276,0.05664668182757908
YJR121W,-1,-/-,-399.62292861938477,-22537.984113574028,87,0.04844290657439446,0.2413793103448276,0.05685342154227827
YMR165C,-1,-/-,-399.64981293678284,-21031.122599840164,87,0.04827586206896552,0.2413793103448276,0.057060161256977465
YEL050C,-1,-/-,-399.7323431968689,-21563.878479242325,87,0.048109965635738834,0.2413793103448276,0.05726690097167666
YPR007C,-1,-/-,-399.7836835384369,-18563.397030115128,87,0.04794520547945205,0.2413793103448276,0.05747364068637585
YHR037W,0,0/0,-399.9123041331768,-34383.09986951947,348,0.04794520547945205,0.2413793103448276,0.05747364068637585
YHR071W,-1,0/-,-399.9295331649482,-35728.08309688419,348,0.04778156996587031,0.2413793103448276,0.057680380401075045
YOL082W,-1,-/-,-400.1555428504944,-22696.40077161789,87,0.047619047619047616,0.2413793103448276,0.05788712011577424
YPL075W,-1,-/-,-400.19507575035095,-20632.292730152607,87,0.04745762711864407,0.2413793103448276,0.05809385983047343
YKL109W,-1,0/-,-400.35130800306797,-33972.261367961764,348,0.0472972972972973,0.2413793103448276,0.05830059954517263
YOL164W,-1,-/-,-400.3830449581146,-19007.206154584885,87,0.04713804713804714,0.2413793103448276,0.058507339259871824
YOR178C,-1,-/-,-400.40968656539917,-22078.929076313972,87,0.04697986577181208,0.2413793103448276,0.05871407897457102
YPR030W,-1,-/-,-400.592232465744,-21140.61167860031,87,0.046822742474916385,0.2413793103448276,0.05892081868927021
YDR259C,-1,-/-,-400.71885681152344,-20990.61256414652,87,0.04666666666666667,0.2413793103448276,0.0591275584039694
YFL020C,-1,0/-,-400.97613774240017,-34967.42296868749,348,0.046511627906976744,0.2413793103448276,0.059334298118668596
YAL034C,-1,0/-,-401.1552103459835,-36702.8872153759,348,0.046357615894039736,0.2413793103448276,0.05954103783336779
YGL055W,-1,-/-,-401.21158623695374,-20218.455646455288,87,0.0462046204620462,0.2413793103448276,0.05974777754806698
YEL066W,-1,-/-,-401.26650953292847,-21645.100377541035,87,0.046052631578947366,0.2413793103448276,0.059954517262766176
YJR158W,-1,-/-,-401.37186324596405,-20321.637531638145,87,0.04590163934426229,0.2413793103448276,0.06016125697746537
YIL042C,-1,-/-,-401.4152818918228,-21560.04345023632,87,0.0457516339869281,0.2413793103448276,0.06036799669216456
YPL033C,-1,-/-,-401.76914954185486,-19759.210005879402,87,0.04560260586319218,0.2413793103448276,0.06057473640686376
YDL079C,-1,-/-,-402.14442908763885,-21081.97234568,87,0.045454545454545456,0.2413793103448276,0.060781476121562955
YBL045C,-1,-/-,-402.21124309301376,-21669.59098240733,87,0.045307443365695796,0.2413793103448276,0.06098821583626215
YGR112W,-1,-/-,-402.2391502857208,-21998.005928874016,87,0.04516129032258064,0.2413793103448276,0.06119495555096134
YJR008W,0,0/0,-402.2663579285145,-33491.650517851114,348,0.04516129032258064,0.2413793103448276,0.06119495555096134
YMR096W,1,+/+,-402.36282646656036,-20521.321841478348,86,0.04823151125401929,0.25862068965517243,0.06119495555096134
YLR354C,0,+/0,-402.5844359397888,-22760.351571559906,86,0.04823151125401929,0.25862068965517243,0.06119495555096134
YHR179W,0,0/0,-402.8805137351155,-33042.16827628575,348,0.04823151125401929,0.25862068965517243,0.06119495555096134
YLR270W,-1,-/-,-402.9053664803505,-24555.175058305264,87,0.04807692307692308,0.25862068965517243,0.061401695265660534
YMR256C,-1,0/-,-403.0381191074848,-33427.38915787265,348,0.04792332268370607,0.25862068965517243,0.06160843498035973
YPR005C,-1,-/-,-403.13568782806396,-20758.2134206295,87,0.04777070063694268,0.25862068965517243,0.06181517469505892
YDR508C,-1,-/-,-403.2074193954468,-20275.635929256678,87,0.047619047619047616,0.25862068965517243,0.062021914409758114
YBR294W,-1,-/-,-403.28482937812805,-20165.37936103344,87,0.04746835443037975,0.25862068965517243,0.06222865412445731
YLR216C,-1,-/-,-403.70989632606506,-19650.427411079407,87,0.0473186119873817,0.25862068965517243,0.0624353938391565
YMR297W,-1,0/-,-403.82583493739367,-36720.166061153635,348,0.04716981132075472,0.25862068965517243,0.0626421335538557
YKL221W,-1,0/-,-403.87575221061707,-33541.09679581225,348,0.047021943573667714,0.25862068965517243,0.06284887326855489
YJR070C,-1,-/-,-403.9150412082672,-21718.18609070778,87,0.046875,0.25862068965517243,0.06305561298325409
YOR161C,-1,0/-,-403.9179797023535,-33100.922588810325,348,0.04672897196261682,0.25862068965517243,0.06326235269795327
YCR088W,-1,-/-,-404.0066907405853,-21561.997876167297,87,0.046583850931677016,0.25862068965517243,0.06346909241265247
YJL161W,0,0/0,-404.0122019648552,-33866.52781625092,348,0.046583850931677016,0.25862068965517243,0.06346909241265247
YIL170W,-1,0/-,-404.05544102191925,-33120.63312023878,348,0.04643962848297214,0.25862068965517243,0.06367583212735166
YBR043C,-1,-/-,-404.0807936191559,-22979.637072235346,87,0.046296296296296294,0.25862068965517243,0.06388257184205086
YFR023W,0,0/0,-404.1076160669327,-33183.526515524834,348,0.046296296296296294,0.25862068965517243,0.06388257184205086
YJR151C,-1,0/-,-404.1519352775067,-34318.208249164745,348,0.046153846153846156,0.25862068965517243,0.06408931155675004
YER052C,0,-/0,-404.16208904981613,-20570.12794882059,87,0.046153846153846156,0.25862068965517243,0.06408931155675004
YLR461W,-1,0/-,-404.22848822176456,-34294.77783937566,348,0.046012269938650305,0.25862068965517243,0.06429605127144924
YKR091W,-1,0/-,-404.25920532643795,-33999.20038917661,348,0.045871559633027525,0.25862068965517243,0.06450279098614844
YOR285W,0,0/0,-404.2729610800743,-32712.461059777066,348,0.045871559633027525,0.25862068965517243,0.06450279098614844
YOR245C,-1,-/-,-404.30937218666077,-22380.453753471375,87,0.04573170731707317,0.25862068965517243,0.06470953070084763
YNR060W,-1,-/-,-404.32993064820766,-19947.834761083126,87,0.04559270516717325,0.25862068965517243,0.06491627041554683
YLR109W,-1,-/-,-404.38051092624664,-22550.024973988533,87,0.045454545454545456,0.25862068965517243,0.06512301013024602
YBR093C,-1,-/-,-404.4662983417511,-21333.94747632742,87,0.045317220543806644,0.25862068965517243,0.06532974984494522
YGL053W,0,-/0,-404.5100374221802,-20421.208419680595,87,0.045317220543806644,0.25862068965517243,0.06532974984494522
YLR348C,-1,0/-,-404.5772812962532,-33478.161401480436,348,0.045180722891566265,0.25862068965517243,0.0655364895596444
YMR083W,0,+/0,-404.5884962081909,-21727.105573654175,86,0.045180722891566265,0.25862068965517243,0.0655364895596444
YHR015W,0,-/0,-404.91648292541504,-20488.320172697306,87,0.045180722891566265,0.25862068965517243,0.0655364895596444
YOR303W,-1,0/-,-405.00759331882,-34313.145297169685,348,0.04504504504504504,0.25862068965517243,0.0657432292743436
YPL005W,-1,0/-,-405.0324164032936,-34363.62388908863,348,0.04491017964071856,0.25862068965517243,0.06594996898904279
YDR453C,-1,-/-,-405.0892685055733,-23240.095894277096,87,0.04477611940298507,0.25862068965517243,0.06615670870374199
YIL088C,-1,0/-,-405.09040863625705,-37320.36305782013,348,0.044642857142857144,0.25862068965517243,0.06636344841844118
YDR277C,-1,-/-,-405.1372492313385,-20773.4126816988,87,0.04451038575667656,0.25862068965517243,0.06657018813314038
YPL119C,-1,-/-,-405.4293509721756,-23517.608767330647,87,0.04437869822485207,0.25862068965517243,0.06677692784783958
YIL017C,-1,-/-,-405.56413555145264,-22173.93043512106,87,0.04424778761061947,0.25862068965517243,0.06698366756253876
YER045C,-1,-/-,-405.69261807203293,-21888.763740241528,87,0.04411764705882353,0.25862068965517243,0.06719040727723796
YDR516C,-1,-/-,-405.8988823890686,-20914.168259978294,87,0.04398826979472141,0.25862068965517243,0.06739714699193715
YDL049C,-1,0/-,-406.2612723708153,-32694.3565259818,348,0.043859649122807015,0.25862068965517243,0.06760388670663635
YJR016C,0,0/0,-406.3864364400506,-35755.370046393946,348,0.043859649122807015,0.25862068965517243,0.06760388670663635
YDL066W,-1,0/-,-406.40113077685237,-36087.50798723241,348,0.043731778425655975,0.25862068965517243,0.06781062642133553
YDL234C,-1,0/-,-406.4475183263421,-38300.408349785954,348,0.0436046511627907,0.25862068965517243,0.06801736613603473
YML091C,-1,-/-,-406.45607447624207,-19450.62387216091,87,0.043478260869565216,0.25862068965517243,0.06822410585073392
YAL012W,0,-/0,-406.4638674259186,-20781.451197445393,87,0.043478260869565216,0.25862068965517243,0.06822410585073392
YOL086C,0,+/0,-406.5058178305626,-21303.80545514822,86,0.043478260869565216,0.25862068965517243,0.06822410585073392
YJL166W,-1,-/-,-406.6108558177948,-22493.516717910767,87,0.04335260115606936,0.25862068965517243,0.06843084556543312
YOL059W,0,+/0,-406.75269627571106,-20289.452505111694,86,0.04335260115606936,0.25862068965517243,0.06843084556543312
YNL160W,-1,-/-,-406.75344252586365,-21844.57958292961,87,0.043227665706051875,0.25862068965517243,0.06863758528013231
YNR056C,1,+/+,-406.87552869319916,-21712.92234121263,86,0.04597701149425287,0.27586206896551724,0.06863758528013231
YGR248W,0,+/0,-406.9605942964554,-23625.27090460062,86,0.04597701149425287,0.27586206896551724,0.06863758528013231
YDL243C,0,-/0,-407.0847101211548,-21504.305857896805,87,0.04597701149425287,0.27586206896551724,0.06863758528013231
YHL032C,-1,0/-,-407.2815106511116,-35552.1175416708,348,0.045845272206303724,0.27586206896551724,0.06884432499483151
YLR155C,-1,-/-,-407.3380184173584,-19261.30318248272,87,0.045714285714285714,0.27586206896551724,0.06905106470953071
YJR127C,-1,-/-,-407.3834321498871,-20314.719901651144,87,0.045584045584045586,0.27586206896551724,0.0692578044242299
YIL014C-A,0,0/0,-407.43452537059784,-33811.40036047995,348,0.045584045584045586,0.27586206896551724,0.0692578044242299
YAL038W,-1,-/-,-407.5504107773304,-21426.360690444708,87,0.045454545454545456,0.27586206896551724,0.0694645441389291
YOL110W,-1,-/-,-407.606853723526,-20333.151732087135,87,0.0453257790368272,0.27586206896551724,0.06967128385362828
YLL028W,-1,0/-,-407.63488832116127,-32046.090948065743,348,0.04519774011299435,0.27586206896551724,0.06987802356832748
YGL253W,-1,-/-,-407.63639783859253,-21418.479711055756,87,0.04507042253521127,0.27586206896551724,0.07008476328302667
YBR039W,-1,-/-,-407.8490916490555,-23040.09904229641,87,0.0449438202247191,0.27586206896551724,0.07029150299772587
YAL063C,0,0/0,-408.0339821651578,-34121.48333302885,348,0.0449438202247191,0.27586206896551724,0.07029150299772587
YNL270C,-1,-/-,-408.0807490348816,-19547.0173882246,87,0.04481792717086835,0.27586206896551724,0.07049824271242505
YBR054W,0,0/0,-408.2403820864856,-33814.096333153546,348,0.04481792717086835,0.27586206896551724,0.07049824271242505
YDR525W-A,-1,0/-,-408.2588964626193,-36214.05285431817,348,0.0446927374301676,0.27586206896551724,0.07070498242712425
YMR323W,-1,0/-,-408.4152460992336,-33609.19648888521,348,0.04456824512534819,0.27586206896551724,0.07091172214182344
YGR049W,-1,0/-,-408.62857043743134,-32444.97742703557,348,0.044444444444444446,0.27586206896551724,0.07111846185652264
YDR487C,1,+/+,-408.6396391391754,-21245.933357030153,86,0.04709141274238227,0.29310344827586204,0.07111846185652264
YOR375C,0,0/0,-408.71428367495537,-35737.38827353716,348,0.04709141274238227,0.29310344827586204,0.07111846185652264
YER061C,-1,-/-,-408.79646849632263,-21712.8359452188,87,0.04696132596685083,0.29310344827586204,0.07132520157122184
YPR194C,-1,0/-,-408.99646222032607,-32978.52034522593,348,0.046831955922865015,0.29310344827586204,0.07153194128592102
YDL244W,1,+/+,-409.06539499759674,-23955.7950311061,86,0.04945054945054945,0.3103448275862069,0.07153194128592102
YLL060C,0,-/0,-409.2411959171295,-19807.63284754753,87,0.04945054945054945,0.3103448275862069,0.07153194128592102
YGL077C,-1,0/-,-409.27253755927086,-34266.21989855915,348,0.049315068493150684,0.3103448275862069,0.07173868100062022
YER035W,-1,-/-,-409.2756515741348,-22701.871629547328,87,0.04918032786885246,0.3103448275862069,0.07194542071531941
YMR251W,0,0/0,-409.2764926850796,-34323.58731853962,348,0.04918032786885246,0.3103448275862069,0.07194542071531941
YPL059W,-1,-/-,-409.2781629562378,-22008.284186691046,87,0.04904632152588556,0.3103448275862069,0.07215216043001861
YDL182W,-1,0/-,-409.5182363986969,-33930.308970831335,348,0.04891304347826087,0.3103448275862069,0.0723589001447178
YJR148W,0,0/0,-409.593745931983,-34901.31567747146,348,0.04891304347826087,0.3103448275862069,0.0723589001447178
YDR505C,0,0/0,-409.6249348074198,-36666.32333291322,348,0.04891304347826087,0.3103448275862069,0.0723589001447178
YHR039C,-1,-/-,-409.63137221336365,-21008.30518746376,87,0.04878048780487805,0.3103448275862069,0.072565639859417
YMR319C,-1,-/-,-409.81568217277527,-19745.676729917526,87,0.04864864864864865,0.3103448275862069,0.07277237957411618
YDR214W,-1,-/-,-410.24286437034607,-19728.265548944473,87,0.04851752021563342,0.3103448275862069,0.07297911928881538
YPR124W,-1,-/-,-410.4728021621704,-20439.918175578117,87,0.04838709677419355,0.3103448275862069,0.07318585900351457
YAL030W,-1,-/-,-410.61004114151,-21743.1871393919,87,0.04825737265415549,0.3103448275862069,0.07339259871821377
YOR193W,-1,-/-,-410.612871080637,-21949.71568223834,87,0.0481283422459893,0.3103448275862069,0.07359933843291296
YJL157C,-1,-/-,-410.7150580883026,-20217.153305768967,87,0.048,0.3103448275862069,0.07380607814761216
YNL331C,0,-/0,-410.8467012643814,-21906.95399028063,87,0.048,0.3103448275862069,0.07380607814761216
YDR536W,-1,0/-,-411.037097632885,-34300.808751001954,348,0.047872340425531915,0.3103448275862069,0.07401281786231136
YNL125C,-1,0/-,-411.0946242213249,-33879.270599387586,348,0.04774535809018567,0.3103448275862069,0.07421955757701054
YER119C,-1,-/-,-411.1248140335083,-22363.661559820175,87,0.047619047619047616,0.3103448275862069,0.07442629729170974
YKL062W,-1,-/-,-411.1259617805481,-20524.86553966999,87,0.047493403693931395,0.3103448275862069,0.07463303700640893
YLR121C,-1,0/-,-411.28457429260015,-33664.99271820113,348,0.04736842105263158,0.3103448275862069,0.07483977672110813
YDR298C,-1,-/-,-411.2866486310959,-21134.9362514019,87,0.047244094488188976,0.3103448275862069,0.07504651643580731
YJL214W,-1,-/-,-411.4057993888855,-19596.147702515125,87,0.04712041884816754,0.3103448275862069,0.07525325615050651
YFL055W,-1,-/-,-411.6100763082504,-22245.130371809006,87,0.04699738903394256,0.3103448275862069,0.0754599958652057
YGL202W,0,0/0,-411.6652804762125,-35548.29870426655,348,0.04699738903394256,0.3103448275862069,0.0754599958652057
YMR040W,-1,0/-,-411.72364361584187,-35426.43981739879,348,0.046875,0.3103448275862069,0.0756667355799049
YER067W,0,0/0,-412.129090026021,-32996.527753680944,348,0.046875,0.3103448275862069,0.0756667355799049
YLL061W,-1,-/-,-412.1467709541321,-20092.1336581707,87,0.046753246753246755,0.3103448275862069,0.07587347529460409
YIR031C,-1,0/-,-412.15712067484856,-33770.52793394774,348,0.046632124352331605,0.3103448275862069,0.07608021500930329
YNL008C,-1,-/-,-412.231164932251,-22871.424409091473,87,0.046511627906976744,0.3103448275862069,0.07628695472400249
YKR053C,-1,-/-,-412.42736053466797,-20728.254923164845,87,0.04639175257731959,0.3103448275862069,0.07649369443870167
YDR226W,-1,0/-,-412.52740221470594,-36309.41230664775,348,0.04627249357326478,0.3103448275862069,0.07670043415340087
YIL125W,-1,-/-,-412.637211561203,-21928.97521662712,87,0.046153846153846156,0.3103448275862069,0.07690717386810006
YDR353W,-1,-/-,-412.7009460926056,-20778.90991806984,87,0.04603580562659847,0.3103448275862069,0.07711391358279926
YLR037C,-1,0/-,-412.7378008067608,-34832.08966223523,348,0.04591836734693878,0.3103448275862069,0.07732065329749845
YDR038C,-1,-/-,-412.83911764621735,-20285.952982127666,87,0.04580152671755725,0.3103448275862069,0.07752739301219765
YKL103C,-1,0/-,-412.88761381804943,-36225.92652566731,348,0.04568527918781726,0.3103448275862069,0.07773413272689683
YPR183W,-1,-/-,-413.14950466156006,-21042.355672359467,87,0.04556962025316456,0.3103448275862069,0.07794087244159603
YBR196C,-1,+/-,-413.35369348526,-21457.153368890285,86,0.045454545454545456,0.3103448275862069,0.07814761215629522
YDL174C,-1,-/-,-413.6358325481415,-21412.252977371216,87,0.04534005037783375,0.3103448275862069,0.07835435187099442
YHR176W,-1,-/-,-413.7136892080307,-21933.960287094116,87,0.04522613065326633,0.3103448275862069,0.07856109158569362
YIR032C,-1,0/-,-413.7254878282547,-34015.17889010161,348,0.045112781954887216,0.3103448275862069,0.0787678313003928
YLR307W,-1,0/-,-413.7373841404915,-32680.111575439572,348,0.045,0.3103448275862069,0.078974571015092
YBR126C,-1,-/-,-413.9282957315445,-22439.017607927322,87,0.04488778054862843,0.3103448275862069,0.07918131072979119
YOL055C,1,+/+,-413.94710034132004,-23949.868824720383,86,0.0472636815920398,0.3275862068965517,0.07918131072979119
YCR091W,-1,-/-,-414.0721826553345,-20567.182985067368,87,0.04714640198511166,0.3275862068965517,0.07938805044449039
YGR177C,-1,-/-,-414.2633635997772,-19923.3289116621,87,0.04702970297029703,0.3275862068965517,0.07959479015918958
YOR092W,-1,0/-,-414.42504881322384,-34978.9095242396,348,0.04691358024691358,0.3275862068965517,0.07980152987388878
YLL019C,-1,-/-,-414.4914996623993,-23270.961023420095,87,0.046798029556650245,0.3275862068965517,0.08000826958858796
YGR138C,-1,0/-,-414.53565691411495,-33183.100692390464,348,0.04668304668304668,0.3275862068965517,0.08021500930328716
YKL096W,-1,0/-,-414.5853150635958,-32214.975159759633,348,0.04656862745098039,0.3275862068965517,0.08042174901798635
YPL220W,-1,0/-,-414.86144411563873,-34201.93944248557,348,0.04645476772616137,0.3275862068965517,0.08062848873268555
YBR296C,-1,-/-,-414.8651432991028,-20503.912930250168,87,0.046341463414634146,0.3275862068965517,0.08083522844738475
YBR182C,-1,-/-,-414.8838164806366,-20536.246777415276,87,0.046228710462287104,0.3275862068965517,0.08104196816208394
YDL238C,-1,0/-,-414.9843252003193,-34985.23002067208,348,0.04611650485436893,0.3275862068965517,0.08124870787678314
YGR180C,-1,-/-,-415.05901622772217,-20570.91239911318,87,0.04600484261501211,0.3275862068965517,0.08145544759148232
YEL059C-A,-1,0/-,-415.15212392807007,-35248.21548040211,348,0.04589371980676329,0.3275862068965517,0.08166218730618152
YLR043C,-1,-/-,-415.70611453056335,-22227.92252165079,87,0.04578313253012048,0.3275862068965517,0.08186892702088071
YPL280W,-1,0/-,-415.72048538923264,-35052.93094967306,348,0.04567307692307692,0.3275862068965517,0.08207566673557991
YOL154W,0,0/0,-415.92846500873566,-32166.93121445179,348,0.04567307692307692,0.3275862068965517,0.08207566673557991
YJL108C,-1,-/-,-415.9733679294586,-20417.98738706112,87,0.045563549160671464,0.3275862068965517,0.0822824064502791
YPR028W,-1,0/-,-416.0866094082594,-35044.346306957304,348,0.045454545454545456,0.3275862068965517,0.0824891461649783
YMR017W,-1,0/-,-416.1247010231018,-34498.05691695213,348,0.045346062052505964,0.3275862068965517,0.08269588587967748
YDR003W,0,0/0,-416.2012776583433,-36443.07916281372,348,0.045346062052505964,0.3275862068965517,0.08269588587967748
YJL213W,0,0/0,-416.2528558373451,-34772.028538003564,348,0.045346062052505964,0.3275862068965517,0.08269588587967748
YPL095C,-1,-/-,-416.4493227005005,-18591.56463956833,87,0.04523809523809524,0.3275862068965517,0.08290262559437668
YKL124W,-1,0/-,-416.6850805450231,-36180.155605571344,348,0.04513064133016627,0.3275862068965517,0.08310936530907587
YHL040C,-1,-/-,-416.78424394130707,-19785.502977073193,87,0.045023696682464455,0.3275862068965517,0.08331610502377507
YLL025W,-1,0/-,-416.98264442384243,-34638.640304547735,348,0.04491725768321513,0.3275862068965517,0.08352284473847427
YNR069C,-1,0/-,-417.001574203372,-33878.02422596514,348,0.04481132075471698,0.3275862068965517,0.08372958445317345
YER069W,0,0/0,-417.09472019970417,-35283.14331879094,348,0.04481132075471698,0.3275862068965517,0.08372958445317345
YFL021W,-1,-/-,-417.1100583076477,-22253.2309589386,87,0.04470588235294118,0.3275862068965517,0.08393632416787265
YKL051W,-1,-/-,-417.1496901512146,-21731.90229332447,87,0.04460093896713615,0.3275862068965517,0.08414306388257184
YOL053W,0,0/0,-417.1757238507271,-33046.69513630867,348,0.04460093896713615,0.3275862068965517,0.08414306388257184
YDR032C,0,0/0,-417.23648707568645,-36607.2928333804,348,0.04460093896713615,0.3275862068965517,0.08414306388257184
YGL209W,-1,-/-,-417.7422204017639,-19868.98270559311,87,0.04449648711943794,0.3275862068965517,0.08434980359727104
YOL129W,-1,-/-,-417.8480215072632,-22545.794967532158,87,0.04439252336448598,0.3275862068965517,0.08455654331197023
YPL078C,-1,-/-,-418.0020203590393,-22752.618296086788,87,0.04428904428904429,0.3275862068965517,0.08476328302666943
YJR048W,-1,0/-,-418.1746212244034,-33839.91628471017,348,0.044186046511627906,0.3275862068965517,0.08497002274136861
YDR534C,-1,0/-,-418.31736969947815,-33772.33989983797,348,0.04408352668213457,0.3275862068965517,0.08517676245606781
YMR173W,-1,-/-,-418.34761106967926,-21263.5208067894,87,0.04398148148148148,0.3275862068965517,0.085383502170767
YGR023W,-1,0/-,-418.4133081138134,-34806.41313979775,348,0.04387990762124711,0.3275862068965517,0.0855902418854662
YGL026C,0,0/0,-418.41376173496246,-35855.72979277745,348,0.04387990762124711,0.3275862068965517,0.0855902418854662
YML075C,-1,-/-,-418.68532514572144,-19631.034629702568,87,0.04377880184331797,0.3275862068965517,0.0857969816001654
YKL035W,-1,-/-,-418.81410175561905,-23986.633989572525,87,0.04367816091954023,0.3275862068965517,0.08600372131486458
YJL222W,-1,-/-,-418.8321022987366,-20950.91947579384,87,0.04357798165137615,0.3275862068965517,0.08621046102956378
YJL155C,0,0/0,-418.9096824526787,-37446.650969184935,348,0.04357798165137615,0.3275862068965517,0.08621046102956378
YOR388C,-1,+/-,-419.10945522785187,-22921.063848488033,86,0.043478260869565216,0.3275862068965517,0.08641720074426297
YHR112C,0,0/0,-419.12615245580673,-34530.407438755035,348,0.043478260869565216,0.3275862068965517,0.08641720074426297
YBR185C,-1,-/-,-419.1335713863373,-21810.554970383644,87,0.04337899543378995,0.3275862068965517,0.08662394045896217
YDL078C,-1,+/-,-419.17346799373627,-22970.081340909004,86,0.04328018223234624,0.3275862068965517,0.08683068017366136
YFR026C,-1,0/-,-419.2784125506878,-34685.015087515116,348,0.04318181818181818,0.3275862068965517,0.08703741988836056
YIL146C,-1,0/-,-419.3625507950783,-35901.673112392426,348,0.04308390022675737,0.3275862068965517,0.08724415960305974
YIL097W,-1,-/-,-419.3752737045288,-22111.70583462715,87,0.042986425339366516,0.3275862068965517,0.08745089931775894
YPL166W,-1,0/-,-419.390840023756,-35328.92168559134,348,0.04288939051918736,0.3275862068965517,0.08765763903245813
YDR270W,-1,-/-,-419.42788994312286,-20893.64112174511,87,0.04279279279279279,0.3275862068965517,0.08786437874715733
YGL196W,0,0/0,-419.5060406625271,-35561.365641742945,348,0.04279279279279279,0.3275862068965517,0.08786437874715733
YLR054C,-1,0/-,-419.56349590420723,-32207.439156593755,348,0.04269662921348315,0.3275862068965517,0.08807111846185653
YKL029C,-1,-/-,-419.6656005382538,-22208.2070017457,87,0.042600896860986545,0.3275862068965517,0.08827785817655572
YER182W,0,0/0,-419.76800587773323,-34040.76783161983,348,0.042600896860986545,0.3275862068965517,0.08827785817655572
YIL087C,0,0/0,-419.7824042439461,-33699.19452229142,348,0.042600896860986545,0.3275862068965517,0.08827785817655572
YPR065W,-1,-/-,-419.8086624145508,-21002.750782072544,87,0.042505592841163314,0.3275862068965517,0.08848459789125492
YKL193C,-1,-/-,-419.8828167915344,-21915.632290005684,87,0.04241071428571429,0.3275862068965517,0.0886913376059541
YMR006C,-1,-/-,-419.89885449409485,-20014.59834307432,87,0.042316258351893093,0.3275862068965517,0.0888980773206533
YNL168C,0,0/0,-420.0182704627514,-35814.023692950606,348,0.042316258351893093,0.3275862068965517,0.0888980773206533
YJL164C,-1,-/-,-420.1122856140137,-24626.55648767948,87,0.042222222222222223,0.3275862068965517,0.08910481703535249
YMR135C,-1,-/-,-420.1814807653427,-24034.768329024315,87,0.04212860310421286,0.3275862068965517,0.08931155675005169
YLR343W,-1,0/-,-420.29311396181583,-34639.229142189026,348,0.0420353982300885,0.3275862068965517,0.08951829646475087
YJR104C,-1,-/-,-420.31867122650146,-21426.196246623993,87,0.04194260485651214,0.3275862068965517,0.08972503617945007
YDR529C,-1,-/-,-420.3984807729721,-22573.12338244915,87,0.04185022026431718,0.3275862068965517,0.08993177589414926
YCR004C,0,0/0,-420.4398720264435,-36705.35639042407,348,0.04185022026431718,0.3275862068965517,0.08993177589414926
YDR403W,-1,0/-,-420.6923676729202,-36136.52502042055,348,0.041758241758241756,0.3275862068965517,0.09013851560884846
YOL152W,-1,0/-,-420.72971123456955,-34345.12659060955,348,0.041666666666666664,0.3275862068965517,0.09034525532354766
YIL070C,-1,-/-,-420.8530249595642,-22635.469372868538,87,0.04157549234135667,0.3275862068965517,0.09055199503824685
YGL219C,-1,-/-,-420.9730746746063,-23534.733740091324,87,0.04148471615720524,0.3275862068965517,0.09075873475294605
YBR148W,-1,0/-,-421.14629277586937,-35173.417478084564,348,0.04139433551198257,0.3275862068965517,0.09096547446764523
YNL220W,-1,-/-,-421.18600606918335,-21716.482656478882,87,0.041304347826086954,0.3275862068965517,0.09117221418234443
YJR074W,-1,-/-,-421.2811403274536,-21691.064866930246,87,0.04121475054229935,0.3275862068965517,0.09137895389704362
YER039C,-1,0/-,-421.29752038419247,-34572.52902531624,348,0.04112554112554113,0.3275862068965517,0.09158569361174282
YGR153W,0,0/0,-421.34554529190063,-35306.25115510076,348,0.04112554112554113,0.3275862068965517,0.09158569361174282
YDL194W,-1,-/-,-421.5689368247986,-21116.635043263435,87,0.04103671706263499,0.3275862068965517,0.091792433326442
YHR215W,0,0/0,-421.6831542253494,-36080.17215732485,348,0.04103671706263499,0.3275862068965517,0.091792433326442
YGL143C,-1,-/-,-421.69858407974243,-21533.983200822026,87,0.040948275862068964,0.3275862068965517,0.0919991730411412
YDR443C,-1,-/-,-421.71979546546936,-21379.798345804214,87,0.04086021505376344,0.3275862068965517,0.09220591275584039
YGR065C,-1,0/-,-421.8388337790966,-35539.10178651754,348,0.0407725321888412,0.3275862068965517,0.09241265247053959
YBR092C,1,+/+,-422.05092692375183,-22145.16317307949,86,0.042826552462526764,0.3448275862068966,0.09241265247053959
YGL236C,-1,-/-,-422.06311774253845,-21158.12901341915,87,0.042735042735042736,0.3448275862068966,0.09261939218523878
YCR076C,-1,0/-,-422.08807069063187,-33837.097889214754,348,0.042643923240938165,0.3448275862068966,0.09282613189993798
YBR214W,-1,-/-,-422.1226692199707,-25199.18431711197,87,0.0425531914893617,0.3448275862068966,0.09303287161463718
YNR045W,-1,0/-,-422.2095775604248,-36162.789428800344,348,0.04246284501061571,0.3448275862068966,0.09323961132933636
YOR394W,-1,0/-,-422.2183274924755,-33056.89256427903,348,0.0423728813559322,0.3448275862068966,0.09344635104403556
YPR138C,-1,-/-,-422.22713899612427,-21867.70918738842,87,0.042283298097251586,0.3448275862068966,0.09365309075873475
YEL034W,-1,-/-,-422.4131188392639,-22454.325053438544,87,0.04219409282700422,0.3448275862068966,0.09385983047343395
YBL066C,-1,0/-,-422.53878822922707,-35765.64833647758,348,0.042105263157894736,0.3448275862068966,0.09406657018813314
YMR205C,-1,0/-,-422.80444782972336,-35554.13034718856,348,0.04201680672268908,0.3448275862068966,0.09427330990283234
YPL028W,-1,-/-,-422.83512702584267,-25236.45082065463,87,0.041928721174004195,0.3448275862068966,0.09448004961753152
YGL234W,-1,0/-,-422.877239882946,-36018.33042548597,348,0.04184100418410042,0.3448275862068966,0.09468678933223072
YCR104W,-1,0/-,-423.06317991018295,-34866.518848739564,348,0.04175365344467641,0.3448275862068966,0.09489352904692991
YGL096W,-1,-/-,-423.0684747695923,-24247.14264819026,87,0.041666666666666664,0.3448275862068966,0.09510026876162911
YFL016C,-1,-/-,-423.0718765258789,-22178.89662003517,87,0.04158004158004158,0.3448275862068966,0.09530700847632831
YGL224C,-1,0/-,-423.1248073577881,-36048.18351266533,348,0.04149377593360996,0.3448275862068966,0.0955137481910275
YPR122W,-1,-/-,-423.14686393737793,-21900.845288276672,87,0.041407867494824016,0.3448275862068966,0.0957204879057267
YPL154C,-1,-/-,-423.332558631897,-23672.4361474514,87,0.04132231404958678,0.3448275862068966,0.09592722762042588
YCL026C-A,-1,-/-,-423.40200769901276,-19385.87292444706,87,0.041237113402061855,0.3448275862068966,0.09613396733512508
YMR068W,-1,-/-,-423.4575216770172,-23391.251262426376,87,0.0411522633744856,0.3448275862068966,0.09634070704982427
YAL044C,-1,-/-,-423.5896415710449,-22163.37144470215,87,0.04106776180698152,0.3448275862068966,0.09654744676452347
YOR010C,-1,0/-,-423.70028150081635,-32921.22935041785,348,0.040983606557377046,0.3448275862068966,0.09675418647922265
YCL018W,-1,0/-,-423.83771219849586,-34314.67145486176,348,0.0408997955010225,0.3448275862068966,0.09696092619392185
YML132W,-1,-/-,-423.849501311779,-22030.300658404827,87,0.04081632653061224,0.3448275862068966,0.09716766590862104
YNL052W,-1,0/-,-423.9662481844425,-36109.06004665792,348,0.04073319755600815,0.3448275862068966,0.09737440562332024
YPL282C,-1,0/-,-424.07157921791077,-34308.31926521752,348,0.04065040650406504,0.3448275862068966,0.09758114533801944
YGR288W,-1,-/-,-424.158812046051,-22842.751029491425,87,0.04056795131845842,0.3448275862068966,0.09778788505271863
YOR306C,-1,0/-,-424.25948636978865,-34777.35867107101,348,0.04048582995951417,0.3448275862068966,0.09799462476741783
YJR160C,-1,-/-,-424.267865896225,-21848.162063717842,87,0.04040404040404041,0.3448275862068966,0.09820136448211701
YER142C,-1,-/-,-424.32909655570984,-23210.920891284943,87,0.04032258064516129,0.3448275862068966,0.09840810419681621
YIR037W,-1,-/-,-424.38964462280273,-22597.446727752686,87,0.04024144869215292,0.3448275862068966,0.0986148439115154
YBR018C,0,0/0,-424.3938727378845,-33775.96157079935,348,0.04024144869215292,0.3448275862068966,0.0986148439115154
YJR103W,-1,-/-,-424.433233499527,-21468.622737169266,87,0.040160642570281124,0.3448275862068966,0.0988215836262146
YDR009W,-1,-/-,-424.47879433631897,-21688.111266374588,87,0.04008016032064128,0.3448275862068966,0.09902832334091378
YAL005C,-1,-/-,-424.482134103775,-21417.869080349803,87,0.04,0.3448275862068966,0.09923506305561298
YGL180W,-1,-/-,-424.5472341477871,-25159.485786646605,87,0.03992015968063872,0.3448275862068966,0.09944180277031217
YDR358W,-1,-/-,-424.5518196821213,-22662.547548413277,87,0.0398406374501992,0.3448275862068966,0.09964854248501137
YOR215C,0,0/0,-424.55988585948944,-33632.45583751798,348,0.0398406374501992,0.3448275862068966,0.09964854248501137
YPL019C,-1,-/-,-424.73848724365234,-21804.270720243454,87,0.039761431411530816,0.3448275862068966,0.09985528219971057
YNR043W,-1,-/-,-425.1691224575043,-22031.374109745026,87,0.03968253968253968,0.3448275862068966,0.10006202191440976
YBR004C,-1,-/-,-425.23140120506287,-22804.858463406563,87,0.039603960396039604,0.3448275862068966,0.10026876162910896
YEL049W,-1,0/-,-425.2752052247524,-35014.28122159839,348,0.039525691699604744,0.3448275862068966,0.10047550134380814
YOR113W,-1,-/-,-425.4047577381134,-21558.475873947144,87,0.03944773175542406,0.3448275862068966,0.10068224105850734
YDR436W,-1,-/-,-425.4067656993866,-25017.072906017303,87,0.03937007874015748,0.3448275862068966,0.10088898077320653
YGR192C,-1,-/-,-425.4862016439438,-21603.66804870218,87,0.03929273084479371,0.3448275862068966,0.10109572048790573
YJR035W,-1,-/-,-425.5439330339432,-23479.995314598083,87,0.0392156862745098,0.3448275862068966,0.10130246020260492
YFR033C,-1,-/-,-425.560307264328,-21955.06760287285,87,0.03913894324853229,0.3448275862068966,0.10150919991730412
YNL093W,-1,-/-,-425.62981247901917,-22934.42027437687,87,0.0390625,0.3448275862068966,0.1017159396320033
YKL016C,-1,-/-,-425.66377967596054,-23064.693536937237,87,0.03898635477582846,0.3448275862068966,0.1019226793467025
YPL201C,0,0/0,-425.6835270524025,-33355.04854632914,348,0.03898635477582846,0.3448275862068966,0.1019226793467025
YLR237W,-1,0/-,-426.2254079282284,-34967.33127365261,348,0.038910505836575876,0.3448275862068966,0.10212941906140169
YIL101C,-1,-/-,-426.260666847229,-22861.537261247635,87,0.038834951456310676,0.3448275862068966,0.10233615877610089
YDR050C,-1,0/-,-426.39278769493103,-35208.865619689226,348,0.03875968992248062,0.3448275862068966,0.10254289849080009
YFR017C,0,0/0,-426.4337977170944,-33582.559163212776,348,0.03875968992248062,0.3448275862068966,0.10254289849080009
YPR023C,-1,-/-,-426.47231525182724,-24829.290865063667,87,0.03868471953578337,0.3448275862068966,0.10274963820549927
YLR362W,-1,-/-,-426.5768619775772,-24387.223814368248,87,0.03861003861003861,0.3448275862068966,0.10295637792019847
YFL018C,-1,-/-,-426.6491587162018,-23852.092069268227,87,0.038535645472061654,0.3448275862068966,0.10316311763489766
YLR380W,-1,-/-,-426.6746255159378,-22277.451784670353,87,0.038461538461538464,0.3448275862068966,0.10336985734959686
YMR145C,0,+/0,-426.68558740615845,-21476.432365179062,86,0.038461538461538464,0.3448275862068966,0.10336985734959686
YMR009W,0,0/0,-426.7402622103691,-35553.250864341855,348,0.038461538461538464,0.3448275862068966,0.10336985734959686
YKL085W,-1,-/-,-426.75678038597107,-22694.427067935467,87,0.03838771593090211,0.3448275862068966,0.10357659706429605
YPL087W,-1,-/-,-426.7686723470688,-23637.316253066063,87,0.038314176245210725,0.3448275862068966,0.10378333677899525
YLL023C,-1,0/-,-426.8691374659538,-33809.38262012601,348,0.03824091778202677,0.3448275862068966,0.10399007649369443
YFL056C,0,-/0,-427.10257267951965,-21739.398217201233,87,0.03824091778202677,0.3448275862068966,0.10399007649369443
YKL211C,0,0/0,-427.1122877821326,-35866.669083192945,348,0.03824091778202677,0.3448275862068966,0.10399007649369443
YPR061C,0,0/0,-427.2997312247753,-36333.24279820919,348,0.03824091778202677,0.3448275862068966,0.10399007649369443
YMR011W,-1,-/-,-427.503981590271,-21896.911964535713,87,0.03816793893129771,0.3448275862068966,0.10419681620839363
YPR154W,-1,-/-,-427.582316160202,-21213.325991868973,87,0.0380952380952381,0.3448275862068966,0.10440355592309282
YLR256W,-1,-/-,-427.62638103961945,-21624.234370589256,87,0.03802281368821293,0.3448275862068966,0.10461029563779202
YGL126W,-1,-/-,-427.74843204021454,-21393.957173347473,87,0.03795066413662239,0.3448275862068966,0.10481703535249122
YJL137C,0,0/0,-427.8262372016907,-35083.10275343899,348,0.03795066413662239,0.3448275862068966,0.10481703535249122
YLR219W,-1,-/-,-427.97097036242485,-24157.167933017015,87,0.03787878787878788,0.3448275862068966,0.1050237750671904
YDL025C,-1,0/-,-428.0092576742172,-34739.59955564141,348,0.03780718336483932,0.3448275862068966,0.1052305147818896
YHR046C,-1,0/-,-428.06155866384506,-34696.77051717788,348,0.03773584905660377,0.3448275862068966,0.10543725449658879
YLR089C,0,0/0,-428.0634416602552,-35590.22205371782,348,0.03773584905660377,0.3448275862068966,0.10543725449658879
YNL294C,-1,-/-,-428.0693292617798,-22619.598988056183,87,0.03766478342749529,0.3448275862068966,0.10564399421128799
YOL032W,-1,0/-,-428.07445346936584,-34369.25059367344,348,0.03759398496240601,0.3448275862068966,0.10585073392598718
YLL062C,0,0/0,-428.0967936515808,-33834.08141832054,348,0.03759398496240601,0.3448275862068966,0.10585073392598718
YDR540C,-1,0/-,-428.1581179201603,-34800.236754357815,348,0.0375234521575985,0.3448275862068966,0.10605747364068638
YLR120C,-1,0/-,-428.33513962849975,-36076.480504546314,348,0.03745318352059925,0.3448275862068966,0.10626421335538556
YJL117W,-1,-/-,-428.5438665151596,-22788.66999745369,87,0.037383177570093455,0.3448275862068966,0.10647095307008476
YEL052W,-1,0/-,-428.5776084661484,-36539.65314492583,348,0.03731343283582089,0.3448275862068966,0.10667769278478395
YNR068C,-1,0/-,-428.65642976760864,-34762.65753796697,348,0.037243947858473,0.3448275862068966,0.10688443249948315
YHR011W,-1,-/-,-428.69127202033997,-20935.900171875954,87,0.03717472118959108,0.3448275862068966,0.10709117221418235
YER004W,0,0/0,-428.8111022748053,-36102.07554159686,348,0.03717472118959108,0.3448275862068966,0.10709117221418235
YDR513W,-1,-/-,-428.8493402004242,-23031.58949995041,87,0.03710575139146568,0.3448275862068966,0.10729791192888154
YJR113C,-1,0/-,-428.8770369589329,-36186.47173476592,348,0.037037037037037035,0.3448275862068966,0.10750465164358074
YOR071C,-1,0/-,-428.98567140102386,-34109.719373077154,348,0.036968576709796676,0.3448275862068966,0.10771139135827992
YGL056C,-1,0/-,-429.0121922492981,-35271.247762434185,348,0.03690036900369004,0.3448275862068966,0.10791813107297912
YGR213C,0,-/0,-429.12771570682526,-22686.84599508345,87,0.03690036900369004,0.3448275862068966,0.10791813107297912
YBR149W,0,0/0,-429.16693115979433,-38279.25851069391,348,0.03690036900369004,0.3448275862068966,0.10791813107297912
YPR145W,0,0/0,-429.22097530961037,-36009.22648143768,348,0.03690036900369004,0.3448275862068966,0.10791813107297912
YAL023C,-1,-/-,-429.4055249094963,-21764.425653874874,87,0.03683241252302026,0.3448275862068966,0.10812487078767831
YKR058W,0,0/0,-429.6358967423439,-36894.74014285207,348,0.03683241252302026,0.3448275862068966,0.10812487078767831
YIL046W,-1,-/-,-429.68838238716125,-23195.025993704796,87,0.03676470588235294,0.3448275862068966,0.10833161050237751
YLL009C,-1,-/-,-429.78445959091187,-22130.817017927766,87,0.03669724770642202,0.3448275862068966,0.1085383502170767
YDR031W,-1,0/-,-429.8003595173359,-35969.73886083439,348,0.03663003663003663,0.3448275862068966,0.1087450899317759
YIL123W,-1,-/-,-429.80670964717865,-21245.335645198822,87,0.03656307129798903,0.3448275862068966,0.10895182964647508
YGR189C,-1,0/-,-429.8489877283573,-34937.52984896302,348,0.0364963503649635,0.3448275862068966,0.10915856936117428
YPL170W,-1,-/-,-429.8742411136627,-19668.04193198681,87,0.03642987249544627,0.3448275862068966,0.10936530907587348
YER065C,-1,-/-,-430.0288792848587,-21351.3553506732,87,0.03636363636363636,0.3448275862068966,0.10957204879057267
YPL061W,-1,-/-,-430.0470914840698,-20893.500154972076,87,0.036297640653357534,0.3448275862068966,0.10977878850527187
YJR131W,-1,-/-,-430.12073159217834,-23151.747604608536,87,0.036231884057971016,0.3448275862068966,0.10998552821997105
YDR343C,-1,-/-,-430.153626203537,-22218.082688570023,87,0.03616636528028933,0.3448275862068966,0.11019226793467025
YLR299W,-1,0/-,-430.45140409469604,-36510.05553808808,348,0.036101083032490974,0.3448275862068966,0.11039900764936944
YLL057C,0,0/0,-430.56089103221893,-33620.54439172149,348,0.036101083032490974,0.3448275862068966,0.11039900764936944
YJL080C,-1,-/-,-430.6645677089691,-22386.459406256676,87,0.036036036036036036,0.3448275862068966,0.11060574736406864
YIL165C,-1,0/-,-430.6842958033085,-35151.46102112532,348,0.03597122302158273,0.3448275862068966,0.11081248707876783
YOR289W,0,0/0,-430.86420875787735,-33561.9442383945,348,0.03597122302158273,0.3448275862068966,0.11081248707876783
YOL033W,-1,-/-,-430.98708605766296,-22129.546978473663,87,0.03590664272890485,0.3448275862068966,0.11101922679346703
YDR345C,-1,-/-,-430.9978310018778,-23349.26856507361,87,0.035842293906810034,0.3448275862068966,0.11122596650816621
YPR149W,-1,0/-,-431.0299751460552,-36041.444505512714,348,0.03577817531305903,0.3448275862068966,0.11143270622286541
YBR295W,-1,-/-,-431.0912492275238,-22229.57280626893,87,0.03571428571428571,0.3448275862068966,0.11163944593756461
YER090W,0,0/0,-431.2799397110939,-37253.86039432883,348,0.03571428571428571,0.3448275862068966,0.11163944593756461
YKR080W,-1,0/-,-431.2910009920597,-36065.38350153901,348,0.035650623885918005,0.3448275862068966,0.1118461856522638
YDR077W,-1,-/-,-431.29298973083496,-22698.016208410263,87,0.03558718861209965,0.3448275862068966,0.112052925366963
YKL060C,-1,-/-,-431.34941589832306,-21939.46344923973,87,0.035523978685612786,0.3448275862068966,0.11225966508166219
YGR249W,-1,-/-,-431.42799854278564,-19931.215254306793,87,0.03546099290780142,0.3448275862068966,0.11246640479636139
YDR504C,0,0/0,-431.5182683765888,-36022.75417008996,348,0.03546099290780142,0.3448275862068966,0.11246640479636139
YDR293C,-1,-/-,-431.5373361110687,-21901.18050980568,87,0.035398230088495575,0.3448275862068966,0.11267314451106057
YDR518W,-1,-/-,-431.5578391253948,-22602.648904174566,87,0.0353356890459364,0.3448275862068966,0.11287988422575977
YGR234W,-1,0/-,-431.62326842546463,-34533.544155716896,348,0.03527336860670194,0.3448275862068966,0.11308662394045896
YNR065C,-1,0/-,-431.6956342458725,-35299.06291434914,348,0.035211267605633804,0.3448275862068966,0.11329336365515816
YBR256C,1,+/+,-431.7828325033188,-24533.770140886307,86,0.03690685413005272,0.3620689655172414,0.11329336365515816
YPR047W,-1,0/-,-431.79553647339344,-35232.213926285505,348,0.03684210526315789,0.3620689655172414,0.11350010336985734
YGR208W,0,0/0,-431.8004649281502,-36061.87324613333,348,0.03684210526315789,0.3620689655172414,0.11350010336985734
YNL305C,-1,0/-,-431.8248445689678,-33441.15725272894,348,0.03677758318739054,0.3620689655172414,0.11370684308455654
YMR280C,-1,-/-,-431.84978580474854,-21197.201095223427,87,0.03671328671328671,0.3620689655172414,0.11391358279925573
YLR295C,-1,-/-,-431.8707094192505,-21427.07666015625,87,0.03664921465968586,0.3620689655172414,0.11412032251395493
YKL201C,-1,-/-,-431.87402534484863,-19407.46072626114,87,0.036585365853658534,0.3620689655172414,0.11432706222865413
YDL149W,-1,-/-,-431.89178133010864,-23501.17570567131,87,0.036521739130434785,0.3620689655172414,0.11453380194335332
YHR082C,-1,-/-,-432.0210671424866,-21310.33482158184,87,0.036458333333333336,0.3620689655172414,0.11474054165805252
YGR121C,-1,-/-,-432.07966589927673,-22650.016958355904,87,0.036395147313691506,0.3620689655172414,0.1149472813727517
YKR102W,-1,0/-,-432.08910670876503,-36416.757128596306,348,0.03633217993079585,0.3620689655172414,0.1151540210874509
YOL158C,-1,-/-,-432.13696026802063,-21174.198778629303,87,0.03626943005181347,0.3620689655172414,0.11536076080215009
YJL079C,-1,0/-,-432.1747865974903,-34999.224230252206,348,0.03620689655172414,0.3620689655172414,0.11556750051684929
YPL057C,-1,-/-,-432.2331464290619,-22039.8083319664,87,0.03614457831325301,0.3620689655172414,0.11577424023154848
YBR177C,-1,-/-,-432.26327657699585,-21495.611177682877,87,0.03608247422680412,0.3620689655172414,0.11598097994624768
YBR301W,-1,0/-,-432.2944652438164,-34930.88415602408,348,0.036020583190394515,0.3620689655172414,0.11618771966094686
YHR175W,-1,-/-,-432.3029485940933,-22439.25727391243,87,0.03595890410958904,0.3620689655172414,0.11639445937564606
YNL042W,-1,-/-,-432.42388248443604,-23032.510537803173,87,0.035897435897435895,0.3620689655172414,0.11660119909034526
YAL068C,-1,-/-,-432.4797968864441,-20904.073230981827,87,0.03583617747440273,0.3620689655172414,0.11680793880504445
YDR171W,-1,-/-,-432.4998972415924,-20792.12892985344,87,0.03577512776831346,0.3620689655172414,0.11701467851974365
YHR171W,-1,-/-,-432.5435800552368,-20715.139724731445,87,0.03571428571428571,0.3620689655172414,0.11722141823444283
YDR479C,-1,-/-,-432.6515362262726,-22878.78873336315,87,0.035653650254668934,0.3620689655172414,0.11742815794914203
YGL191W,-1,-/-,-432.6845898628235,-22677.506338357925,87,0.03559322033898305,0.3620689655172414,0.11763489766384122
YMR094W,-1,0/-,-432.7057988271117,-35432.02126530558,348,0.03553299492385787,0.3620689655172414,0.11784163737854042
YNL200C,-1,0/-,-432.70702850818634,-33336.47264544666,348,0.03547297297297297,0.3620689655172414,0.1180483770932396
YDR033W,0,0/0,-432.7611322104931,-36070.60147732869,348,0.03547297297297297,0.3620689655172414,0.1180483770932396
YLR133W,-1,-/-,-432.77740955352783,-20360.595727801323,87,0.03541315345699832,0.3620689655172414,0.1182551168079388
YGR042W,-1,-/-,-432.8457179069519,-20710.7839012146,87,0.03535353535353535,0.3620689655172414,0.11846185652263799
YOL097C,-1,-/-,-432.8855439424515,-21881.208553195,87,0.03529411764705882,0.3620689655172414,0.11866859623733719
YOR383C,-1,0/-,-432.98314797878265,-35079.05037119798,348,0.03523489932885906,0.3620689655172414,0.11887533595203639
YJR096W,-1,0/-,-433.0353165268898,-33586.830535024405,348,0.035175879396984924,0.3620689655172414,0.11908207566673558
YJR025C,-1,+/-,-433.050176858902,-20934.17956662178,86,0.03511705685618729,0.3620689655172414,0.11928881538143478
YKL146W,-1,-/-,-433.0955913066864,-25750.975528478622,87,0.035058430717863104,0.3620689655172414,0.11949555509613397
YKL141W,-1,-/-,-433.1392196416855,-21993.169781684875,87,0.035,0.3620689655172414,0.11970229481083317
YOR208W,-1,-/-,-433.24233198165894,-22550.639075636864,87,0.03494176372712146,0.3620689655172414,0.11990903452553235
YBR249C,0,0/0,-433.2694123983383,-37069.24359660875,348,0.03494176372712146,0.3620689655172414,0.11990903452553235
YBR189W,-1,0/-,-433.36991982907057,-36390.54971592873,348,0.03488372093023256,0.3620689655172414,0.12011577424023155
YNL142W,-1,-/-,-433.3862190246582,-22000.492144823074,87,0.03482587064676617,0.3620689655172414,0.12032251395493074
YJL153C,-1,0/-,-433.44172540307045,-35480.09819459915,348,0.0347682119205298,0.3620689655172414,0.12052925366962994
YGR070W,-1,-/-,-433.6079611778259,-22044.152693748474,87,0.03471074380165289,0.3620689655172414,0.12073599338432912
YLR345W,-1,0/-,-433.7053997516632,-33005.412717714906,348,0.034653465346534656,0.3620689655172414,0.12094273309902832
YOR009W,-1,0/-,-433.7372515499592,-33303.99261973798,348,0.03459637561779242,0.3620689655172414,0.12114947281372752
YKL224C,-1,0/-,-433.7377392053604,-35562.40936237108,348,0.03453947368421053,0.3620689655172414,0.12135621252842671
YGL006W,-1,-/-,-433.88487005233765,-24249.88511478901,87,0.034482758620689655,0.3620689655172414,0.12156295224312591
YMR181C,0,0/0,-433.89588075876236,-34121.852654486895,348,0.034482758620689655,0.3620689655172414,0.12156295224312591
YHL027W,-1,-/-,-433.9083068370819,-24707.621074795723,87,0.03442622950819672,0.3620689655172414,0.1217696919578251
YPR155C,-1,-/-,-433.94147658348083,-22874.649301469326,87,0.03436988543371522,0.3620689655172414,0.1219764316725243
YGL179C,-1,0/-,-434.08564909454435,-35629.97575813439,348,0.03431372549019608,0.3620689655172414,0.12218317138722348
YKL056C,-1,-/-,-434.09704661369324,-22896.038986444473,87,0.03425774877650897,0.3620689655172414,0.12238991110192268
YLL058W,0,0/0,-434.172678232193,-34539.76236355305,348,0.03425774877650897,0.3620689655172414,0.12238991110192268
YIL121W,-1,-/-,-434.1874461174011,-20554.196647763252,87,0.03420195439739414,0.3620689655172414,0.12259665081662187
YDR158W,0,-/0,-434.2687683105469,-22649.220505714417,87,0.03420195439739414,0.3620689655172414,0.12259665081662187
YIR027C,-1,0/-,-434.3331809043884,-33506.514714196324,348,0.03414634146341464,0.3620689655172414,0.12280339053132107
YBR157C,0,0/0,-434.3828688263893,-34358.56130111031,348,0.03414634146341464,0.3620689655172414,0.12280339053132107
YOL091W,-1,-/-,-434.4100317955017,-21442.314074397087,87,0.03409090909090909,0.3620689655172414,0.12301013024602026
YLR164W,-1,0/-,-434.41158375144005,-34508.008038669825,348,0.03403565640194489,0.3620689655172414,0.12321686996071946
YNL049C,-1,-/-,-434.55712032318115,-21716.680505931377,87,0.03398058252427184,0.3620689655172414,0.12342360967541864
YDR342C,-1,-/-,-434.6575220823288,-23793.03923201561,87,0.033925686591276254,0.3620689655172414,0.12363034939011784
YEL005C,-1,0/-,-434.70355835556984,-37650.00437185168,348,0.03387096774193549,0.3620689655172414,0.12383708910481704
YNL321W,-1,0/-,-434.71194636821747,-36293.972229503095,348,0.033816425120772944,0.3620689655172414,0.12404382881951623
YMR140W,-1,-/-,-434.8659727573395,-23118.448055267334,87,0.03376205787781351,0.3620689655172414,0.12425056853421543
YPL156C,0,-/0,-435.12756305933,-20820.890599548817,87,0.03376205787781351,0.3620689655172414,0.12425056853421543
YCL009C,0,0/0,-435.1559369266033,-36361.1332202442,348,0.03376205787781351,0.3620689655172414,0.12425056853421543
YOR220W,0,0/0,-435.1712231859565,-37959.02812626213,348,0.03376205787781351,0.3620689655172414,0.12425056853421543
YJR147W,-1,-/-,-435.1839339733124,-20697.777547478676,87,0.033707865168539325,0.3620689655172414,0.12445730824891461
YDR255C,-1,-/-,-435.2367351055145,-22037.140763759613,87,0.03365384615384615,0.3620689655172414,0.12466404796361381
YGL158W,-1,-/-,-435.43460035324097,-20237.684126257896,87,0.0336,0.3620689655172414,0.124870787678313
YOL104C,-1,-/-,-435.5034234523773,-21472.13101565838,87,0.03354632587859425,0.3620689655172414,0.1250775273930122
YLR290C,0,0/0,-435.5195167660713,-33660.73932170868,348,0.03354632587859425,0.3620689655172414,0.1250775273930122
YIL171W,-1,0/-,-435.54368326067924,-33780.78527069092,348,0.03349282296650718,0.3620689655172414,0.1252842671077114
YFL031W,-1,-/-,-435.68630361557007,-21157.76160788536,87,0.03343949044585987,0.3620689655172414,0.12549100682241057
YIL013C,-1,-/-,-435.78489607572556,-21227.43078327179,87,0.033386327503974564,0.3620689655172414,0.12569774653710977
YER033C,-1,0/-,-435.89139196276665,-36572.64061875641,348,0.03333333333333333,0.3620689655172414,0.12590448625180897
YCR046C,-1,0/-,-435.89591005444527,-36103.553114145994,348,0.03328050713153724,0.3620689655172414,0.12611122596650817
YDL170W,-1,-/-,-435.9471061229706,-21363.195368528366,87,0.03322784810126582,0.3620689655172414,0.12631796568120737
YBR076W,-1,0/-,-435.9858722090721,-34070.944590732455,348,0.03317535545023697,0.3620689655172414,0.12652470539590654
YDR035W,0,0/0,-436.2908702045679,-36829.11094778124,348,0.03317535545023697,0.3620689655172414,0.12652470539590654
YNL094W,-1,-/-,-436.2930634021759,-24015.628764629364,87,0.033123028391167195,0.3620689655172414,0.12673144511060574
YER081W,0,0/0,-436.462746322155,-35454.44168728031,348,0.033123028391167195,0.3620689655172414,0.12673144511060574
YBR033W,-1,0/-,-436.66943231225014,-34746.40043832362,348,0.03307086614173228,0.3620689655172414,0.12693818482530494
YGL037C,-1,+/-,-436.72535514831543,-22913.944173932076,86,0.0330188679245283,0.3620689655172414,0.12714492454000415
YNR016C,-1,-/-,-436.760365486145,-21789.609725505114,87,0.03296703296703297,0.3620689655172414,0.12735166425470332
YBR005W,-1,0/-,-436.8637336194515,-36345.343764185905,348,0.032915360501567396,0.3620689655172414,0.12755840396940252
YNR036C,-1,0/-,-436.9909497052431,-35890.335485614836,348,0.03286384976525822,0.3620689655172414,0.12776514368410172
YBR203W,-1,0/-,-437.0292691886425,-37034.27458527684,348,0.0328125,0.3620689655172414,0.12797188339880092
YLR420W,-1,0/-,-437.0768570303917,-36607.406214520335,348,0.0327613104524181,0.3620689655172414,0.1281786231135001
YNL336W,-1,0/-,-437.0988592505455,-34400.67793086544,348,0.03271028037383177,0.3620689655172414,0.1283853628281993
YKL121W,0,0/0,-437.13046312332153,-38148.324396282434,348,0.03271028037383177,0.3620689655172414,0.1283853628281993
YLR246W,-1,-/-,-437.15110087394714,-21947.691647946835,87,0.03265940902021773,0.3620689655172414,0.1285921025428985
YJL180C,-1,0/-,-437.28964710235596,-35660.08257442713,348,0.03260869565217391,0.3620689655172414,0.1287988422575977
YOL025W,-1,0/-,-437.30826514959335,-36701.2849977836,348,0.03255813953488372,0.3620689655172414,0.1290055819722969
YLR149C,0,0/0,-437.50225603580475,-34023.35210758448,348,0.03255813953488372,0.3620689655172414,0.1290055819722969
YHR208W,0,0/0,-437.5222772061825,-36642.09903274849,348,0.03255813953488372,0.3620689655172414,0.1290055819722969
YLR177W,0,0/0,-437.5288111567497,-33792.85051744431,348,0.03255813953488372,0.3620689655172414,0.1290055819722969
YER073W,-1,-/-,-437.5482177734375,-22456.709696114063,87,0.032507739938080496,0.3620689655172414,0.12921232168699606
YBR168W,-1,-/-,-437.60434103012085,-23181.886981725693,87,0.03245749613601236,0.3620689655172414,0.12941906140169526
YKL001C,0,-/0,-437.623441696167,-22767.557208895683,87,0.03245749613601236,0.3620689655172414,0.12941906140169526
YER158C,-1,0/-,-437.6888555288315,-34458.69143246114,348,0.032407407407407406,0.3620689655172414,0.12962580111639446
YGL087C,-1,-/-,-437.6997723579407,-22370.99943768978,87,0.032357473035439135,0.3620689655172414,0.12983254083109366
YKR034W,-1,-/-,-437.7206292152405,-22548.61415052414,87,0.03230769230769231,0.3620689655172414,0.13003928054579283
YPL027W,-1,0/-,-437.7775856256485,-33598.55266994238,348,0.03225806451612903,0.3620689655172414,0.13024602026049203
YCR048W,-1,-/-,-437.81701695919037,-22549.344783693552,87,0.032208588957055216,0.3620689655172414,0.13045275997519123
YJL141C,-1,-/-,-437.86728978157043,-24197.393149137497,87,0.03215926493108729,0.3620689655172414,0.13065949968989043
YHR025W,0,0/0,-437.8728814125061,-36713.26154641807,348,0.03215926493108729,0.3620689655172414,0.13065949968989043
YBR293W,-1,-/-,-437.9366555213928,-23058.756105542183,87,0.03211009174311927,0.3620689655172414,0.13086623940458963
YDL142C,-1,-/-,-438.096489071846,-24040.951201319695,87,0.03206106870229008,0.3620689655172414,0.1310729791192888
YDR306C,-1,-/-,-438.2080338001251,-20663.465412139893,87,0.03201219512195122,0.3620689655172414,0.131279718833988
YBR050C,-1,-/-,-438.2285293340683,-21063.207707047462,87,0.0319634703196347,0.3620689655172414,0.1314864585486872
YPR156C,-1,0/-,-438.28667172789574,-35152.120765939355,348,0.031914893617021274,0.3620689655172414,0.1316931982633864
YLL016W,-1,-/-,-438.31857538223267,-20440.812914133072,87,0.03186646433990895,0.3620689655172414,0.13189993797808558
YNR075W,-1,-/-,-438.33242893218994,-20503.370884656906,87,0.031818181818181815,0.3620689655172414,0.13210667769278478
YPR049C,-1,-/-,-438.41002082824707,-23186.338050365448,87,0.03177004538577912,0.3620689655172414,0.13231341740748398
YPR083W,-1,-/-,-438.4345772266388,-22085.27702474594,87,0.03172205438066465,0.3620689655172414,0.13252015712218318
YDR530C,-1,0/-,-438.484733492136,-38744.34201693535,348,0.03167420814479638,0.3620689655172414,0.13272689683688235
YGR255C,0,0/0,-438.59271371364594,-37561.29595077038,348,0.03167420814479638,0.3620689655172414,0.13272689683688235
YNL334C,1,+/+,-438.6250512599945,-21420.731694817543,86,0.03313253012048193,0.3793103448275862,0.13272689683688235
YPL152W,-1,-/-,-438.6365737915039,-23301.858696222305,87,0.03308270676691729,0.3793103448275862,0.13293363655158155
YJR034W,-1,0/-,-438.8646696805954,-34594.17432869971,348,0.03303303303303303,0.3793103448275862,0.13314037626628075
YPL198W,-1,0/-,-438.971287637949,-36029.772344604135,348,0.03298350824587706,0.3793103448275862,0.13334711598097995
YER145C,-1,-/-,-438.9884057044983,-20710.149117469788,87,0.03293413173652695,0.3793103448275862,0.13355385569567915
YCL042W,0,0/0,-439.011771440506,-33222.204759418964,348,0.03293413173652695,0.3793103448275862,0.13355385569567915
YNR050C,0,0/0,-439.0242864638567,-36353.25681309402,348,0.03293413173652695,0.3793103448275862,0.13355385569567915
YBR037C,-1,-/-,-439.0522692203522,-21962.99549996853,87,0.03288490284005979,0.3793103448275862,0.13376059541037832
YFL050C,-1,-/-,-439.06746530532837,-21685.62908178568,87,0.03283582089552239,0.3793103448275862,0.13396733512507752
YNR072W,-1,-/-,-439.107136964798,-21026.63271522522,87,0.03278688524590164,0.3793103448275862,0.13417407483977672
YML118W,-1,-/-,-439.11636340618134,-24321.018420815468,87,0.03273809523809524,0.3793103448275862,0.13438081455447592
YOR081C,-1,-/-,-439.1266448497772,-20898.430617570877,87,0.03268945022288262,0.3793103448275862,0.1345875542691751
YAR071W,0,0/0,-439.157649487257,-35361.601333878,348,0.03268945022288262,0.3793103448275862,0.1345875542691751
YMR157C,0,0/0,-439.203094124794,-36348.61179989576,348,0.03268945022288262,0.3793103448275862,0.1345875542691751
YNL242W,-1,-/-,-439.22983145713806,-21088.64313662052,87,0.032640949554896145,0.3793103448275862,0.1347942939838743
YDL237W,-1,0/-,-439.2861987352371,-34227.35744544864,348,0.03259259259259259,0.3793103448275862,0.1350010336985735
YER046W,-1,0/-,-439.301006346941,-36585.5375013398,348,0.03254437869822485,0.3793103448275862,0.1352077734132727
YPR201W,-1,-/-,-439.3662271499634,-20961.56640315056,87,0.03249630723781388,0.3793103448275862,0.1354145131279719
YDR096W,-1,-/-,-439.38223814964294,-23770.30302554369,87,0.032448377581120944,0.3793103448275862,0.13562125284267107
YNL116W,-1,-/-,-439.4376599788666,-23437.16067326069,87,0.03240058910162003,0.3793103448275862,0.13582799255737027
YBR241C,-1,0/-,-439.4856975674629,-34192.08869856596,348,0.03235294117647059,0.3793103448275862,0.13603473227206947
YIL113W,-1,0/-,-439.4899236559868,-35336.83563236892,348,0.032305433186490456,0.3793103448275862,0.13624147198676867
YHR124W,-1,-/-,-439.4959383010864,-22011.50457596779,87,0.03225806451612903,0.3793103448275862,0.13644821170146784
YDR262W,0,0/0,-439.52408868074417,-34399.5221273005,348,0.03225806451612903,0.3793103448275862,0.13644821170146784
YDR069C,-1,-/-,-439.6194181442261,-22744.929884433746,87,0.032210834553440704,0.3793103448275862,0.13665495141616704
YOR062C,-1,0/-,-439.63435430824757,-36302.422272093594,348,0.03216374269005848,0.3793103448275862,0.13686169113086624
YMR008C,-1,-/-,-439.63749980926514,-22366.687070131302,87,0.032116788321167884,0.3793103448275862,0.13706843084556544
YGR143W,-1,-/-,-439.76702904701233,-22215.037123441696,87,0.03206997084548105,0.3793103448275862,0.13727517056026461
YIL074C,0,0/0,-439.8413766026497,-36142.96685246285,348,0.03206997084548105,0.3793103448275862,0.13727517056026461
YGR110W,-1,0/-,-439.86270421743393,-33754.23215645552,348,0.03202328966521106,0.3793103448275862,0.13748191027496381
YJR047C,-1,-/-,-439.9192205667496,-21690.456233859062,87,0.03197674418604651,0.3793103448275862,0.13768864998966301
YKL208W,-1,-/-,-439.947612285614,-22389.309226751328,87,0.03193033381712627,0.3793103448275862,0.13789538970436221
YGR157W,-1,-/-,-440.0864534378052,-21977.990924835205,87,0.03188405797101449,0.3793103448275862,0.13810212941906141
YER098W,-1,0/-,-440.11411717534065,-36843.95905922353,348,0.03183791606367583,0.3793103448275862,0.1383088691337606
YHR097C,0,0/0,-440.12061616778374,-34032.13772934675,348,0.03183791606367583,0.3793103448275862,0.1383088691337606
YCR068W,-1,0/-,-440.15038228034973,-35080.909836798906,348,0.031791907514450865,0.3793103448275862,0.1385156088484598
YOR136W,-1,-/-,-440.16431856155396,-22633.570241093636,87,0.031746031746031744,0.3793103448275862,0.138722348563159
YCR073W-A,-1,-/-,-440.2069581747055,-23219.071723729372,87,0.03170028818443804,0.3793103448275862,0.1389290882778582
YLR312C,0,0/0,-440.33104026317596,-34445.418984264135,348,0.03170028818443804,0.3793103448275862,0.1389290882778582
YGL117W,0,0/0,-440.4060458987951,-35700.84737165272,348,0.03170028818443804,0.3793103448275862,0.1389290882778582
YCR011C,-1,0/-,-440.42242562025785,-37610.25065867603,348,0.031654676258992806,0.3793103448275862,0.13913582799255736
YBR287W,0,0/0,-440.502731859684,-35694.71014070511,348,0.031654676258992806,0.3793103448275862,0.13913582799255736
YJR122W,-1,0/-,-440.53730222582817,-36496.91498577595,348,0.031609195402298854,0.3793103448275862,0.13934256770725656
YGL259W,0,0/0,-440.5549576282501,-35418.64993992075,348,0.031609195402298854,0.3793103448275862,0.13934256770725656
YML004C,-1,-/-,-440.56991171836853,-23301.925267457962,87,0.03156384505021521,0.3793103448275862,0.13954930742195576
YGL039W,-1,-/-,-440.67623710632324,-20023.21096253395,87,0.03151862464183381,0.3793103448275862,0.13975604713665496
YGL040C,0,0/0,-440.7044980227947,-37014.03295272589,348,0.03151862464183381,0.3793103448275862,0.13975604713665496
YNL169C,-1,-/-,-440.7699553966522,-21548.095009565353,87,0.031473533619456366,0.3793103448275862,0.13996278685135413
YMR118C,-1,0/-,-440.7829580307007,-34770.13424488902,348,0.03142857142857143,0.3793103448275862,0.14016952656605333
YGR141W,-1,-/-,-440.81123661994934,-24540.46479034424,87,0.03138373751783167,0.3793103448275862,0.14037626628075253
YMR203W,-1,-/-,-440.8483954668045,-22973.53172838688,87,0.03133903133903134,0.3793103448275862,0.14058300599545173
YEL065W,-1,-/-,-440.9475281238556,-21496.71429014206,87,0.031294452347083924,0.3793103448275862,0.14078974571015093
YCR012W,-1,-/-,-440.9643020629883,-22322.647446632385,87,0.03125,0.3793103448275862,0.1409964854248501
YHR043C,0,-/0,-441.04391634464264,-21765.21266269684,87,0.03125,0.3793103448275862,0.1409964854248501
YFR022W,-1,0/-,-441.0593120455742,-35997.41459715366,348,0.031205673758865248,0.3793103448275862,0.1412032251395493
YBR297W,-1,-/-,-441.1068732738495,-21725.674625992775,87,0.031161473087818695,0.3793103448275862,0.1414099648542485
YJR161C,-1,0/-,-441.1516090631485,-34695.803481627256,348,0.031117397454031116,0.3793103448275862,0.1416167045689477
YDR435C,-1,-/-,-441.289018034935,-24268.817273020744,87,0.031073446327683617,0.3793103448275862,0.14182344428364688
YMR300C,-1,0/-,-441.3205181956291,-36509.56926496327,348,0.031029619181946404,0.3793103448275862,0.14203018399834608
YOL159C,0,0/0,-441.3432891368866,-35234.834034860134,348,0.031029619181946404,0.3793103448275862,0.14203018399834608
YNL115C,0,0/0,-441.40973848104477,-34285.58803141117,348,0.031029619181946404,0.3793103448275862,0.14203018399834608
YEL056W,-1,-/-,-441.70260667800903,-20162.058622598648,87,0.030985915492957747,0.3793103448275862,0.14223692371304528
YMR251W-A,0,0/0,-441.7114489078522,-36484.84180667251,348,0.030985915492957747,0.3793103448275862,0.14223692371304528
YJR004C,-1,-/-,-441.8102340698242,-21986.261884212494,87,0.030942334739803096,0.3793103448275862,0.14244366342774448
YNL173C,-1,-/-,-441.9252197742462,-22517.960264205933,87,0.03089887640449438,0.3793103448275862,0.14265040314244368
YFL010C,0,0/0,-441.98081028461456,-34977.41115222871,348,0.03089887640449438,0.3793103448275862,0.14265040314244368
YOL071W,-1,-/-,-441.9861971139908,-24196.242955207825,87,0.030855539971949508,0.3793103448275862,0.14285714285714285
YGR172C,-1,-/-,-441.9868891239166,-22914.072820067406,87,0.03081232492997199,0.3793103448275862,0.14306388257184205
YOR032C,-1,-/-,-442.0420997142792,-21616.629677772522,87,0.03076923076923077,0.3793103448275862,0.14327062228654125
YGL012W,-1,-/-,-442.0954306125641,-22322.328367352486,87,0.030726256983240222,0.3793103448275862,0.14347736200124045
YDR408C,-1,0/-,-442.15160834789276,-35882.11989662051,348,0.030683403068340307,0.3793103448275862,0.14368410171593962
YJR080C,-1,0/-,-442.1536183655262,-37262.216733890586,348,0.03064066852367688,0.3793103448275862,0.14389084143063882
YEL070W,0,0/0,-442.2091246843338,-36611.43862557411,348,0.03064066852367688,0.3793103448275862,0.14389084143063882
YLR231C,-1,+/-,-442.36520433425903,-21771.1811658144,86,0.030598052851182198,0.3793103448275862,0.14409758114533802
YMR278W,-1,0/-,-442.41785445809364,-36371.09546741843,348,0.030555555555555555,0.3793103448275862,0.14430432086003722
YGL258W,0,0/0,-442.42063845694065,-34597.61479155719,348,0.030555555555555555,0.3793103448275862,0.14430432086003722
YPL147W,-1,-/-,-442.46635258197784,-22820.024715662003,87,0.030513176144244106,0.3793103448275862,0.1445110605747364
YMR196W,-1,0/-,-442.52837920188904,-33913.55006758869,348,0.030470914127423823,0.3793103448275862,0.1447178002894356
YDR148C,-1,-/-,-442.53399527072906,-21985.699090600014,87,0.030428769017980636,0.3793103448275862,0.1449245400041348
YEL040W,-1,0/-,-442.5443828701973,-36324.27301472053,348,0.03038674033149171,0.3793103448275862,0.145131279718834
YBR250W,-1,-/-,-442.7329623699188,-21176.892352819443,87,0.030344827586206897,0.3793103448275862,0.1453380194335332
YKR098C,-1,0/-,-442.7773965001106,-36956.123232126236,348,0.030303030303030304,0.3793103448275862,0.14554475914823237
YIL117C,0,-/0,-442.777960203588,-22338.592540703714,87,0.030303030303030304,0.3793103448275862,0.14554475914823237
YLR203C,-1,0/-,-442.8649372160435,-36688.17222674191,348,0.030261348005502064,0.3793103448275862,0.14575149886293157
YNL012W,-1,-/-,-442.87683367729187,-22141.944678544998,87,0.03021978021978022,0.3793103448275862,0.14595823857763077
YHR094C,-1,-/-,-442.8819844722748,-20089.835090517998,87,0.03017832647462277,0.3793103448275862,0.14616497829232997
YBR139W,-1,0/-,-442.9677057862282,-34091.4202003032,348,0.030136986301369864,0.3793103448275862,0.14637171800702914
YBR127C,-1,-/-,-442.9865062236786,-23116.81859922409,87,0.030095759233926128,0.3793103448275862,0.14657845772172834
YLR364W,-1,0/-,-442.9944248199463,-36375.927264645696,348,0.030054644808743168,0.3793103448275862,0.14678519743642754
YOR054C,-1,-/-,-443.01985335350037,-23616.33679997921,87,0.030013642564802184,0.3793103448275862,0.14699193715112674
YDR313C,-1,0/-,-443.05733639001846,-36310.16127794981,348,0.02997275204359673,0.3793103448275862,0.1471986768658259
YJL151C,-1,0/-,-443.13310980796814,-36598.48300445825,348,0.029931972789115645,0.3793103448275862,0.1474054165805251
YDL107W,-1,0/-,-443.1415999531746,-36461.88264043257,348,0.029891304347826088,0.3793103448275862,0.1476121562952243
YDR231C,-1,-/-,-443.14206647872925,-24357.447856783867,87,0.029850746268656716,0.3793103448275862,0.1478188960099235
YOR125C,0,0/0,-443.14986342191696,-35771.96141663194,348,0.029850746268656716,0.3793103448275862,0.1478188960099235
YPL017C,-1,0/-,-443.1900060623884,-37592.139527603984,348,0.02981029810298103,0.3793103448275862,0.1480256357246227
YJL038C,-1,0/-,-443.21552950143814,-34957.56144800782,348,0.029769959404600813,0.3793103448275862,0.14823237543932188
YMR291W,-1,0/-,-443.2209334373474,-35062.50090804696,348,0.02972972972972973,0.3793103448275862,0.14843911515402108
YPR115W,-1,0/-,-443.23570042848587,-35352.57821583748,348,0.029689608636977057,0.3793103448275862,0.14864585486872028
YPL024W,-1,0/-,-443.2961032092571,-36091.52764508873,348,0.029649595687331536,0.3793103448275862,0.14885259458341948
YGL263W,-1,0/-,-443.2991189956665,-35219.0908690393,348,0.029609690444145357,0.3793103448275862,0.14905933429811866
YAL039C,0,0/0,-443.3007196485996,-36526.92405977845,348,0.029609690444145357,0.3793103448275862,0.14905933429811866
YBL101C,-1,0/-,-443.51911041140556,-38738.24802561104,348,0.02956989247311828,0.3793103448275862,0.14926607401281786
YDR043C,-1,-/-,-443.57117223739624,-24409.80596166849,87,0.02953020134228188,0.3793103448275862,0.14947281372751706
YMR261C,-1,0/-,-443.61580830812454,-36273.26630987227,348,0.029490616621983913,0.3793103448275862,0.14967955344221626
YJR139C,0,-/0,-443.6268218755722,-23646.502506136894,87,0.029490616621983913,0.3793103448275862,0.14967955344221626
YGL157W,0,0/0,-443.71055418252945,-34669.37792682648,348,0.029490616621983913,0.3793103448275862,0.14967955344221626
YJL071W,0,-/0,-443.8687858581543,-22507.029742240906,87,0.029490616621983913,0.3793103448275862,0.14967955344221626
YHL004W,-1,0/-,-443.89031329751015,-36185.22945256531,348,0.029451137884872823,0.3793103448275862,0.14988629315691546
YJL159W,-1,0/-,-443.9300254136324,-34749.89261601679,348,0.029411764705882353,0.3793103448275862,0.15009303287161463
YCR106W,-1,-/-,-443.94451880455017,-21618.68557548523,87,0.029372496662216287,0.3793103448275862,0.15029977258631383
YOR137C,-1,-/-,-443.9521791934967,-22462.985315799713,87,0.029333333333333333,0.3793103448275862,0.15050651230101303
YJL191W,-1,-/-,-443.9558279514313,-22455.364990234375,87,0.02929427430093209,0.3793103448275862,0.15071325201571223
YML076C,-1,-/-,-443.97238993644714,-25086.022966623306,87,0.02925531914893617,0.3793103448275862,0.1509199917304114
YMR201C,-1,-/-,-444.0149484872818,-22640.80331671238,87,0.029216467463479414,0.3793103448275862,0.1511267314451106
YGL045W,-1,-/-,-444.12227034568787,-22683.338295698166,87,0.029177718832891247,0.3793103448275862,0.1513334711598098
YDR247W,-1,-/-,-444.12838077545166,-20753.57363510132,87,0.02913907284768212,0.3793103448275862,0.151540210874509
YOR237W,-1,-/-,-444.16103053092957,-20264.55179107189,87,0.0291005291005291,0.3793103448275862,0.15174695058920817
YLR222C,-1,-/-,-444.1948392391205,-22848.537959337234,87,0.02906208718626156,0.3793103448275862,0.15195369030390737
YML028W,-1,-/-,-444.2664587497711,-22463.57175564766,87,0.029023746701846966,0.3793103448275862,0.15216043001860657
YGR194C,0,0/0,-444.45819371938705,-37025.83890603483,348,0.029023746701846966,0.3793103448275862,0.15216043001860657
YGR197C,-1,-/-,-444.4813888669014,-22952.762811601162,87,0.028985507246376812,0.3793103448275862,0.15236716973330577
YIL045W,0,0/0,-444.6695273667574,-36045.327398881316,348,0.028985507246376812,0.3793103448275862,0.15236716973330577
YDL123W,0,0/0,-444.716300368309,-37316.007223665714,348,0.028985507246376812,0.3793103448275862,0.15236716973330577
YPL274W,-1,-/-,-444.7174918651581,-21760.842448711395,87,0.02894736842105263,0.3793103448275862,0.15257390944800497
YOR381W,-1,-/-,-444.72755002975464,-21767.861047267914,87,0.02890932982917214,0.3793103448275862,0.15278064916270415
YDR377W,-1,-/-,-444.82935333251953,-23208.665367364883,87,0.028871391076115485,0.3793103448275862,0.15298738887740335
YDR263C,-1,-/-,-444.9007600545883,-23068.156762480736,87,0.028833551769331587,0.3793103448275862,0.15319412859210255
YOR386W,-1,-/-,-444.9752128124237,-22784.28680706024,87,0.028795811518324606,0.3793103448275862,0.15340086830680175
YFR055W,-1,-/-,-445.0995740890503,-21631.636158704758,87,0.02875816993464052,0.3793103448275862,0.15360760802150092
YMR101C,-1,-/-,-445.10210061073303,-20754.41263628006,87,0.028720626631853787,0.3793103448275862,0.15381434773620012
YHR042W,-1,-/-,-445.1306631565094,-21736.675570487976,87,0.028683181225554105,0.3793103448275862,0.15402108745089932
YNL208W,0,0/0,-445.1453981399536,-34046.53272007406,348,0.028683181225554105,0.3793103448275862,0.15402108745089932
YGR144W,1,+/+,-445.21685218811035,-22195.471272468567,86,0.029947916666666668,0.39655172413793105,0.15402108745089932
YMR152W,0,0/0,-445.2583233118057,-38054.42338740826,348,0.029947916666666668,0.39655172413793105,0.15402108745089932
YKR066C,-1,-/-,-445.27527928352356,-23186.303938388824,87,0.02990897269180754,0.39655172413793105,0.15422782716559852
YHR009C,-1,0/-,-445.307717859745,-35873.566015064716,348,0.02987012987012987,0.39655172413793105,0.15443456688029772
YAL015C,-1,-/-,-445.43480134010315,-22451.687453746796,87,0.029831387808041506,0.39655172413793105,0.1546413065949969
YDL067C,-1,0/-,-445.62216222286224,-37531.06883023679,348,0.029792746113989636,0.39655172413793105,0.1548480463096961
YDL130W-A,0,-/0,-445.66920280456543,-21770.809607744217,87,0.029792746113989636,0.39655172413793105,0.1548480463096961
YDR236C,1,+/+,-445.7365732192993,-21701.538106441498,86,0.031047865459249677,0.41379310344827586,0.1548480463096961
YIL167W,0,-/0,-445.75254559516907,-21073.286686182022,87,0.031047865459249677,0.41379310344827586,0.1548480463096961
YNL077W,-1,0/-,-445.8666811287403,-35674.417053222656,348,0.031007751937984496,0.41379310344827586,0.1550547860243953
YOR222W,-1,0/-,-445.87197756767273,-35021.808497071266,348,0.03096774193548387,0.41379310344827586,0.1552615257390945
YCL038C,-1,-/-,-445.977205991745,-21860.606833457947,87,0.030927835051546393,0.41379310344827586,0.15546826545379366
YGR165W,-1,-/-,-446.04971146583557,-21291.125789880753,87,0.03088803088803089,0.41379310344827586,0.15567500516849286
YBR105C,-1,-/-,-446.1915719509125,-23716.3395447731,87,0.030848329048843187,0.41379310344827586,0.15588174488319206
YOR128C,-1,0/-,-446.20526844263077,-36106.0582623817,348,0.03080872913992298,0.41379310344827586,0.15608848459789126
YHR150W,-1,-/-,-446.2277085185051,-23909.926280081272,87,0.03076923076923077,0.41379310344827586,0.15629522431259044
YPR069C,1,0/+,-446.25126695632935,-36177.844817917794,348,0.03201024327784891,0.43103448275862066,0.15629522431259044
YOL048C,-1,0/-,-446.27982729673386,-33838.000144302845,348,0.0319693094629156,0.43103448275862066,0.15650196402728964
YPL187W,-1,-/-,-446.3049535751343,-18862.811634778976,87,0.031928480204342274,0.43103448275862066,0.15670870374198884
YHR198C,0,0/0,-446.3621146976948,-36658.13432406634,348,0.031928480204342274,0.43103448275862066,0.15670870374198884
YDL141W,0,0/0,-446.40812288597226,-36904.900990288705,348,0.031928480204342274,0.43103448275862066,0.15670870374198884
YDL124W,-1,0/-,-446.41261434555054,-34337.21453760564,348,0.03188775510204082,0.43103448275862066,0.15691544345668804
YHR024C,-1,-/-,-446.4758200645447,-23855.788639068604,87,0.03184713375796178,0.43103448275862066,0.15712218317138724
YDR204W,0,0/0,-446.48317179083824,-36522.915613114834,348,0.03184713375796178,0.43103448275862066,0.15712218317138724
YHR136C,-1,0/-,-446.53433737158775,-34606.05936000869,348,0.031806615776081425,0.43103448275862066,0.1573289228860864
YLL027W,1,-/+,-446.64392471313477,-24898.397669315338,87,0.03303684879288437,0.4482758620689655,0.1573289228860864
YOR230W,-1,-/-,-446.6515884399414,-23016.523564100266,87,0.03299492385786802,0.4482758620689655,0.1575356626007856
YHR162W,-1,0/-,-446.6586160212755,-34711.628938004375,348,0.032953105196451206,0.4482758620689655,0.1577424023154848
YNR074C,-1,-/-,-446.66750264167786,-20825.595440626144,87,0.03291139240506329,0.4482758620689655,0.157949142030184
YGL090W,-1,-/-,-446.7789385318756,-22769.82464313507,87,0.03286978508217446,0.4482758620689655,0.15815588174488318
YOR192C,-1,0/-,-446.8575990200043,-36384.72855875641,348,0.03282828282828283,0.4482758620689655,0.15836262145958238
YHR101C,-1,0/-,-446.8985422849655,-36444.55265596509,348,0.03278688524590164,0.4482758620689655,0.15856936117428158
YIL037C,-1,-/-,-446.9176547527313,-21288.60831928253,87,0.0327455919395466,0.4482758620689655,0.15877610088898078
YER014W,0,0/0,-446.95454251766205,-35531.66375370324,348,0.0327455919395466,0.4482758620689655,0.15877610088898078
YBL001C,0,0/0,-446.98421281576157,-35781.04729171097,348,0.0327455919395466,0.4482758620689655,0.15877610088898078
YPL098C,-1,-/-,-446.9931526184082,-22726.374543070793,87,0.03270440251572327,0.4482758620689655,0.15898284060367995
YCR079W,-1,0/-,-446.9938348531723,-37463.432894051075,348,0.032663316582914576,0.4482758620689655,0.15918958031837915
YDR258C,-1,-/-,-447.22935116291046,-22973.74910748005,87,0.03262233375156838,0.4482758620689655,0.15939632003307835
YDR261C,-1,0/-,-447.30381762981415,-37014.769115671515,348,0.03258145363408521,0.4482758620689655,0.15960305974777755
YOR036W,-1,-/-,-447.3307194709778,-24635.17891740799,87,0.03254067584480601,0.4482758620689655,0.15980979946247675
YMR184W,-1,-/-,-447.3877342939377,-23064.38610330224,87,0.0325,0.4482758620689655,0.16001653917717593
YIL168W,0,0/0,-447.39758628606796,-34486.69523438811,348,0.0325,0.4482758620689655,0.16001653917717593
YLR038C,-1,0/-,-447.8798208832741,-36443.500621929765,348,0.03245942571785269,0.4482758620689655,0.16022327889187513
YML052W,-1,-/-,-447.89500522613525,-21395.13119637966,87,0.032418952618453865,0.4482758620689655,0.16043001860657433
YDL214C,-1,0/-,-447.90078465640545,-35092.80777685344,348,0.0323785803237858,0.4482758620689655,0.16063675832127353
YKL053C-A,-1,-/-,-447.96452236175537,-22516.544960141182,87,0.03233830845771144,0.4482758620689655,0.1608434980359727
YOL096C,0,0/0,-448.0511047244072,-36871.5293225795,348,0.03233830845771144,0.4482758620689655,0.1608434980359727
YPL110C,-1,-/-,-448.12287855148315,-22856.631600260735,87,0.03229813664596273,0.4482758620689655,0.1610502377506719
YBL098W,-1,+/-,-448.2241539955139,-21481.344369530678,86,0.03225806451612903,0.4482758620689655,0.1612569774653711
YHR098C,-1,-/-,-448.24561882019043,-22475.319272756577,87,0.0322180916976456,0.4482758620689655,0.1614637171800703
YDL199C,-1,0/-,-448.3978140950203,-34305.97365409136,348,0.03217821782178218,0.4482758620689655,0.1616704568947695
YDL104C,-1,0/-,-448.4075443446636,-36658.06698265672,348,0.032138442521631644,0.4482758620689655,0.16187719660946867
YER141W,0,0/0,-448.42083525657654,-35377.978012248874,348,0.032138442521631644,0.4482758620689655,0.16187719660946867
YMR252C,0,0/0,-448.4218137860298,-35009.86667025089,348,0.032138442521631644,0.4482758620689655,0.16187719660946867
YMR090W,0,0/0,-448.42379891872406,-33907.997274428606,348,0.032138442521631644,0.4482758620689655,0.16187719660946867
YBR036C,-1,-/-,-448.43078964948654,-24380.14996892214,87,0.03209876543209877,0.4482758620689655,0.16208393632416787
YKL178C,-1,-/-,-448.47148990631104,-20849.87986242771,87,0.032059186189889025,0.4482758620689655,0.16229067603886707
YLR394W,-1,-/-,-448.5448100566864,-23251.39871072769,87,0.03201970443349754,0.4482758620689655,0.16249741575356627
YDR321W,0,0/0,-448.6767506599426,-37835.786027118564,348,0.03201970443349754,0.4482758620689655,0.16249741575356627
YIL010W,-1,-/-,-448.70259273052216,-23008.25669145584,87,0.03198031980319803,0.4482758620689655,0.16270415546826544
YDR111C,0,0/0,-448.7548455297947,-35204.09895685315,348,0.03198031980319803,0.4482758620689655,0.16270415546826544
YDR511W,-1,-/-,-448.7842938899994,-24238.71958720684,87,0.03194103194103194,0.4482758620689655,0.16291089518296464
YJR091C,-1,-/-,-448.7849807739258,-23057.26937687397,87,0.03190184049079755,0.4482758620689655,0.16311763489766384
YHR002W,-1,0/-,-449.0090548992157,-35089.97804695368,348,0.031862745098039214,0.4482758620689655,0.16332437461236304
YMR325W,-1,0/-,-449.0818222165108,-33430.261075884104,348,0.03182374541003672,0.4482758620689655,0.16353111432706222
YKR069W,0,0/0,-449.0959190130234,-37224.29894503206,348,0.03182374541003672,0.4482758620689655,0.16353111432706222
YGL134W,-1,0/-,-449.17914122343063,-36951.83866326511,348,0.03178484107579462,0.4482758620689655,0.16373785404176142
YKL219W,-1,0/-,-449.40441048145294,-36757.22517386079,348,0.031746031746031744,0.4482758620689655,0.16394459375646062
YIL094C,0,0/0,-449.4124746918678,-36849.092349641025,348,0.031746031746031744,0.4482758620689655,0.16394459375646062
YDL054C,-1,0/-,-449.45303896069527,-37021.99039363954,348,0.03170731707317073,0.4482758620689655,0.16415133347115982
YGL187C,-1,-/-,-449.5492821931839,-22992.863224327564,87,0.031668696711327646,0.4482758620689655,0.16435807318585902
YBR128C,-1,0/-,-449.68894673883915,-36766.11761674285,348,0.031630170316301706,0.4482758620689655,0.1645648129005582
YEL041W,-1,+/-,-449.76169657707214,-21344.14881849289,86,0.031591737545565005,0.4482758620689655,0.1647715526152574
YLR099C,-1,0/-,-449.7829156219959,-35450.96579118073,348,0.03155339805825243,0.4482758620689655,0.1649782923299566
YDL247W,-1,-/-,-449.7874262332916,-22045.946347892284,87,0.03151515151515152,0.4482758620689655,0.1651850320446558
YLR395C,-1,0/-,-449.8797253370285,-36843.58534529805,348,0.031476997578692496,0.4482758620689655,0.16539177175935496
YCR073C,-1,-/-,-449.8941693305969,-21251.200010299683,87,0.03143893591293833,0.4482758620689655,0.16559851147405416
YML070W,-1,0/-,-449.95322945713997,-38132.31786516309,348,0.03140096618357488,0.4482758620689655,0.16580525118875336
YNL083W,-1,0/-,-450.1360556781292,-36421.200294047594,348,0.031363088057901084,0.4482758620689655,0.16601199090345256
YIL124W,-1,-/-,-450.150985121727,-24843.817695856094,87,0.03132530120481928,0.4482758620689655,0.16621873061815173
YMR168C,-1,-/-,-450.2007724046707,-23661.699830412865,87,0.031287605294825514,0.4482758620689655,0.16642547033285093
YER038C,-1,-/-,-450.24456429481506,-20984.20259308815,87,0.03125,0.4482758620689655,0.16663221004755013
YNR034W,-1,-/-,-450.26682806015015,-21209.352170705795,87,0.031212484993997598,0.4482758620689655,0.16683894976224933
YDR492W,-1,-/-,-450.5447840690613,-21338.310298860073,87,0.03117505995203837,0.4482758620689655,0.16704568947694853
YEL009C,-1,-/-,-450.58622121810913,-22808.843638420105,87,0.031137724550898204,0.4482758620689655,0.1672524291916477
YGR201C,-1,0/-,-450.5939624905586,-34579.20415246487,348,0.03110047846889952,0.4482758620689655,0.1674591689063469
YOR393W,-1,0/-,-450.6210969686508,-35078.5957993865,348,0.03106332138590203,0.4482758620689655,0.1676659086210461
YGR077C,-1,-/-,-450.6266486644745,-24050.35280942917,87,0.031026252983293555,0.4482758620689655,0.1678726483357453
YMR154C,-1,0/-,-450.66164424456656,-36840.3010261748,348,0.03098927294398093,0.4482758620689655,0.16807938805044448
YPL229W,0,0/0,-450.72080677747726,-34795.79896837473,348,0.03098927294398093,0.4482758620689655,0.16807938805044448
YPL040C,-1,-/-,-450.7283113002777,-22281.21693944931,87,0.030952380952380953,0.4482758620689655,0.16828612776514368
YJR152W,-1,0/-,-450.791762560606,-35168.01242876053,348,0.030915576694411414,0.4482758620689655,0.16849286747984288
YNL073W,-1,-/-,-450.8858337402344,-22565.510445594788,87,0.030878859857482184,0.4482758620689655,0.16869960719454208
YDL198C,-1,-/-,-450.8933924436569,-22386.915762782097,87,0.03084223013048636,0.4482758620689655,0.16890634690924128
YJL167W,-1,-/-,-450.91966366767883,-22951.709080457687,87,0.030805687203791468,0.4482758620689655,0.16911308662394045
YGL166W,-1,-/-,-451.0199793577194,-23954.840822815895,87,0.03076923076923077,0.4482758620689655,0.16931982633863965
YMR315W,0,0/0,-451.057087123394,-33840.325089246035,348,0.03076923076923077,0.4482758620689655,0.16931982633863965
YIL034C,-1,-/-,-451.0631332397461,-23475.855205774307,87,0.030732860520094562,0.4482758620689655,0.16952656605333885
YGR066C,-1,0/-,-451.14613127708435,-35524.68254715204,348,0.030696576151121605,0.4482758620689655,0.16973330576803805
YLR213C,-1,0/-,-451.1666496992111,-36674.57642862201,348,0.030660377358490566,0.4482758620689655,0.16994004548273722
YOL143C,1,+/+,-451.1828193664551,-23359.691382050514,86,0.03180212014134275,0.46551724137931033,0.16994004548273722
YPR134W,-1,-/-,-451.226051568985,-23831.156390070915,87,0.03176470588235294,0.46551724137931033,0.17014678519743642
YLR241W,-1,0/-,-451.31959760189056,-35123.4676707387,348,0.03172737955346651,0.46551724137931033,0.17035352491213562
YOR176W,0,0/0,-451.3574011605233,-37083.88921458088,348,0.03172737955346651,0.46551724137931033,0.17035352491213562
YIR016W,0,0/0,-451.4063165783882,-34625.39615637064,348,0.03172737955346651,0.46551724137931033,0.17035352491213562
YOR028C,-1,-/-,-451.4162641763687,-23190.397062182426,87,0.03169014084507042,0.46551724137931033,0.17056026462683482
YJL060W,-1,+/-,-451.421484708786,-24880.867036819458,86,0.031652989449003514,0.46551724137931033,0.170767004341534
YIR019C,-1,-/-,-451.5015709400177,-21458.969844579697,87,0.03161592505854801,0.46551724137931033,0.1709737440562332
YBR255W,0,0/0,-451.53913336992264,-37815.73103442788,348,0.03161592505854801,0.46551724137931033,0.1709737440562332
YHR111W,-1,-/-,-451.58350253105164,-23516.046481251717,87,0.031578947368421054,0.46551724137931033,0.1711804837709324
YMR088C,-1,-/-,-451.5961048603058,-21118.201416492462,87,0.03154205607476635,0.46551724137931033,0.1713872234856316
YMR025W,-1,-/-,-451.61757612228394,-23249.426894068718,87,0.03150525087514586,0.46551724137931033,0.1715939632003308
YPR113W,-1,-/-,-451.62210738658905,-22836.79433950782,87,0.03146853146853147,0.46551724137931033,0.17180070291502997
YDR411C,-1,-/-,-451.6271393299103,-23200.408186674118,87,0.03143189755529686,0.46551724137931033,0.17200744262972917
YPL264C,0,0/0,-451.72649651765823,-35420.223241746426,348,0.03143189755529686,0.46551724137931033,0.17200744262972917
YLR340W,-1,-/-,-451.74289059638977,-23723.80832207203,87,0.031395348837209305,0.46551724137931033,0.17221418234442837
YKR039W,-1,-/-,-451.7805802822113,-21563.23961019516,87,0.0313588850174216,0.46551724137931033,0.17242092205912757
YNL195C,0,0/0,-451.8568009734154,-34130.288410544395,348,0.0313588850174216,0.46551724137931033,0.17242092205912757
YAR020C,-1,0/-,-451.8789337873459,-35241.40359182656,348,0.031322505800464036,0.46551724137931033,0.17262766177382674
YDR497C,-1,0/-,-451.95295882225037,-37550.39481444936,348,0.031286210892236384,0.46551724137931033,0.17283440148852594
YDR539W,-1,0/-,-451.9617555141449,-35248.185426175594,348,0.03125,0.46551724137931033,0.17304114120322514
YPL088W,0,0/0,-451.9649521112442,-36158.004306316376,348,0.03125,0.46551724137931033,0.17304114120322514
YNR047W,-1,-/-,-452.04261660575867,-22760.755734205246,87,0.03121387283236994,0.46551724137931033,0.17324788091792434
YIL176C,-1,0/-,-452.09270775318146,-35048.55345776677,348,0.03117782909930716,0.46551724137931033,0.17345462063262354
YER044C,-1,-/-,-452.1353214979172,-21669.604804754257,87,0.031141868512110725,0.46551724137931033,0.1736613603473227
YMR086W,0,0/0,-452.1649992465973,-35358.59612694383,348,0.031141868512110725,0.46551724137931033,0.1736613603473227
YJR105W,-1,-/-,-452.28519105911255,-22843.523315668106,87,0.03110599078341014,0.46551724137931033,0.1738681000620219
YLR157C,-1,-/-,-452.3139424920082,-21870.621086537838,87,0.031070195627157654,0.46551724137931033,0.1740748397767211
YMR302C,-1,-/-,-452.34742510318756,-24783.55717611313,87,0.03103448275862069,0.46551724137931033,0.1742815794914203
YMR318C,0,0/0,-452.4189662337303,-36713.91798129678,348,0.03103448275862069,0.46551724137931033,0.1742815794914203
YEL071W,-1,-/-,-452.5015616416931,-21393.893873810768,87,0.030998851894374284,0.46551724137931033,0.17448831920611949
YMR062C,0,0/0,-452.50767278671265,-36253.35803799331,348,0.030998851894374284,0.46551724137931033,0.17448831920611949
YKL065C,-1,0/-,-452.5177343636751,-38830.715779297054,348,0.03096330275229358,0.46551724137931033,0.17469505892081869
YAR019C,-1,-/-,-452.5701115131378,-22473.2939889431,87,0.030927835051546393,0.46551724137931033,0.17490179863551789
YOL132W,-1,0/-,-452.6010899245739,-34505.52325800061,348,0.030892448512585814,0.46551724137931033,0.17510853835021709
YNL311C,-1,-/-,-452.6382116675377,-23484.39424173534,87,0.030857142857142857,0.46551724137931033,0.17531527806491626
YOR035C,-1,-/-,-452.87841415405273,-25081.647688031197,87,0.030821917808219176,0.46551724137931033,0.17552201777961546
YNL134C,-1,0/-,-452.9917820096016,-34152.92814129591,348,0.03078677309007982,0.46551724137931033,0.17572875749431466
YDR044W,0,0/0,-453.0281330049038,-35571.86752462387,348,0.03078677309007982,0.46551724137931033,0.17572875749431466
YDR085C,-1,-/-,-453.0339546203613,-25762.27728432417,87,0.030751708428246014,0.46551724137931033,0.17593549720901386
YHR195W,0,0/0,-453.09748777747154,-37907.85977695882,348,0.030751708428246014,0.46551724137931033,0.17593549720901386
YMR058W,-1,-/-,-453.14598321914673,-20841.27769768238,87,0.030716723549488054,0.46551724137931033,0.17614223692371306
YER072W,-1,-/-,-453.1713424921036,-21956.807079911232,87,0.03068181818181818,0.46551724137931033,0.17634897663841223
YIL009C-A,-1,-/-,-453.1727192401886,-23077.9511218071,87,0.03064699205448354,0.46551724137931033,0.17655571635311143
YNL129W,-1,+/-,-453.1760001182556,-22011.796419620514,86,0.030612244897959183,0.46551724137931033,0.17676245606781063
YGR258C,-1,-/-,-453.2297022342682,-23819.791332244873,87,0.030577576443941108,0.46551724137931033,0.17696919578250983
YNL278W,-1,-/-,-453.3885564804077,-21801.866440176964,87,0.030542986425339366,0.46551724137931033,0.177175935497209
YGR268C,0,-/0,-453.40221548080444,-22411.638018608093,87,0.030542986425339366,0.46551724137931033,0.177175935497209
YJL144W,-1,0/-,-453.4044386744499,-34960.25555410981,348,0.030508474576271188,0.46551724137931033,0.1773826752119082
YBR137W,-1,0/-,-453.4484718441963,-34698.294161617756,348,0.030474040632054177,0.46551724137931033,0.1775894149266074
YIL120W,-1,-/-,-453.52698135375977,-21167.609949946404,87,0.030439684329199548,0.46551724137931033,0.1777961546413066
YNL098C,-1,-/-,-453.5273302793503,-24325.402805805206,87,0.030405405405405407,0.46551724137931033,0.17800289435600578
YKL142W,0,0/0,-453.5465299487114,-38691.89910234511,348,0.030405405405405407,0.46551724137931033,0.17800289435600578
YHR053C,-1,-/-,-453.5924303531647,-20199.744492173195,87,0.030371203599550055,0.46551724137931033,0.17820963407070498
YMR042W,-1,-/-,-453.6006259918213,-22353.169204711914,87,0.030337078651685393,0.46551724137931033,0.17841637378540418
YBR248C,0,0/0,-453.6430919766426,-37106.08789463341,348,0.030337078651685393,0.46551724137931033,0.17841637378540418
YDR076W,-1,-/-,-453.73769998550415,-21962.096232652664,87,0.030303030303030304,0.46551724137931033,0.17862311350010338
YOR180C,-1,-/-,-453.8298394680023,-21638.776183009148,87,0.030269058295964126,0.46551724137931033,0.17882985321480258
YMR232W,-1,-/-,-453.8819088935852,-21035.082195043564,87,0.030235162374020158,0.46551724137931033,0.17903659292950175
YIL114C,-1,-/-,-453.96558952331543,-21066.74669766426,87,0.030201342281879196,0.46551724137931033,0.17924333264420095
YLR220W,-1,-/-,-454.10041522979736,-22281.53561067581,87,0.030167597765363128,0.46551724137931033,0.17945007235890015
YCR024C,-1,0/-,-454.11921805143356,-35885.94012194872,348,0.030133928571428572,0.46551724137931033,0.17965681207359935
YDL072C,-1,0/-,-454.1527247726917,-38174.590731723234,348,0.030100334448160536,0.46551724137931033,0.17986355178829852
YGL009C,0,0/0,-454.1823566555977,-35698.22199869156,348,0.030100334448160536,0.46551724137931033,0.17986355178829852
YBR085W,-1,-/-,-454.1830470561981,-22077.26248037815,87,0.030066815144766147,0.46551724137931033,0.18007029150299772
YGL197W,-1,0/-,-454.2178384363651,-37451.78501981497,348,0.030033370411568408,0.46551724137931033,0.18027703121769692
YOR226C,-1,-/-,-454.2748130559921,-22611.15832978487,87,0.03,0.46551724137931033,0.18048377093239612
YNL104C,0,0/0,-454.30137620680034,-37024.340969101526,348,0.03,0.46551724137931033,0.18048377093239612
YLL039C,-1,0/-,-454.3179575204849,-36621.15442454815,348,0.029966703662597113,0.46551724137931033,0.18069051064709532
YBR161W,-1,-/-,-454.32431983947754,-21360.20945227146,87,0.02993348115299335,0.46551724137931033,0.1808972503617945
YLR153C,-1,-/-,-454.3922755718231,-22707.55565369129,87,0.029900332225913623,0.46551724137931033,0.1811039900764937
YHR143W,-1,-/-,-454.6177713871002,-19988.34914302826,87,0.029867256637168143,0.46551724137931033,0.1813107297911929
YNR059W,-1,-/-,-454.62452030181885,-22715.965968430042,87,0.02983425414364641,0.46551724137931033,0.1815174695058921
YOL153C,0,0/0,-454.63069105148315,-34183.963659882545,348,0.02983425414364641,0.46551724137931033,0.1815174695058921
YBR045C,-1,0/-,-454.70586121082306,-35034.985349603,348,0.029801324503311258,0.46551724137931033,0.18172420922059127
YLL001W,-1,-/-,-454.7114360332489,-24248.836416721344,87,0.029768467475192944,0.46551724137931033,0.18193094893529047
YMR267W,-1,-/-,-454.7407970428467,-22374.7051217556,87,0.02973568281938326,0.46551724137931033,0.18213768864998967
YBL051C,-1,-/-,-454.83917760849,-20497.58856654167,87,0.0297029702970297,0.46551724137931033,0.18234442836468887
YMR215W,-1,0/-,-454.9049206674099,-35664.424521584064,348,0.02967032967032967,0.46551724137931033,0.18255116807938804
YGR124W,0,0/0,-454.91183522343636,-37741.84742036462,348,0.02967032967032967,0.46551724137931033,0.18255116807938804
YOL124C,-1,-/-,-454.9242880344391,-22287.79994535446,87,0.029637760702524697,0.46551724137931033,0.18275790779408724
YLR242C,-1,-/-,-454.9525694847107,-23510.440311908722,87,0.029605263157894735,0.46551724137931033,0.18296464750878644
YIL006W,-1,0/-,-454.9594994187355,-34899.165182203054,348,0.029572836801752465,0.46551724137931033,0.18317138722348564
YLR326W,0,0/0,-454.97099751234055,-35386.946894824505,348,0.029572836801752465,0.46551724137931033,0.18317138722348564
YHR113W,0,0/0,-454.99359744787216,-34114.083494737744,348,0.029572836801752465,0.46551724137931033,0.18317138722348564
YNL223W,-1,-/-,-455.0692789554596,-23161.583097219467,87,0.02954048140043764,0.46551724137931033,0.18337812693818484
YLR342W,-1,-/-,-455.1247010231018,-22993.2075240165,87,0.029508196721311476,0.46551724137931033,0.183584866652884
YGR257C,-1,-/-,-455.259952545166,-21690.52466416359,87,0.02947598253275109,0.46551724137931033,0.1837916063675832
YPR078C,0,-/0,-455.2849631309509,-20908.89286828041,87,0.02947598253275109,0.46551724137931033,0.1837916063675832
YPL258C,1,+/+,-455.35298919677734,-22778.737142443657,86,0.030534351145038167,0.4827586206896552,0.1837916063675832
YGR287C,-1,0/-,-455.38650143146515,-35354.898388415575,348,0.030501089324618737,0.4827586206896552,0.1839983460822824
YLR214W,-1,-/-,-455.4317796230316,-21472.841095924377,87,0.030467899891186073,0.4827586206896552,0.1842050857969816
YGR028W,-1,-/-,-455.48425340652466,-23291.33077931404,87,0.030434782608695653,0.4827586206896552,0.18441182551168078
YOL156W,-1,-/-,-455.49946880340576,-22830.844452261925,87,0.03040173724212812,0.4827586206896552,0.18461856522637998
YBR140C,-1,0/-,-455.5182413458824,-36760.882659690455,348,0.03036876355748373,0.4827586206896552,0.18482530494107918
YMR202W,-1,-/-,-455.53211998939514,-22634.518075942993,87,0.030335861321776816,0.4827586206896552,0.18503204465577838
YOR152C,0,0/0,-455.5673399567604,-35261.62343078852,348,0.030335861321776816,0.4827586206896552,0.18503204465577838
YGR155W,-1,-/-,-455.6924601793289,-23061.139200806618,87,0.030303030303030304,0.4827586206896552,0.18523878437047755
YNL101W,-1,-/-,-455.81877160072327,-21578.76962274313,87,0.03027027027027027,0.4827586206896552,0.18544552408517676
YMR199W,-1,-/-,-455.8194088935852,-20984.40914940834,87,0.03023758099352052,0.4827586206896552,0.18565226379987596
YMR272C,-1,-/-,-455.9870800971985,-21204.25090801716,87,0.030204962243797196,0.4827586206896552,0.18585900351457516
YER178W,-1,-/-,-456.0628421008587,-25699.55951848626,87,0.03017241379310345,0.4827586206896552,0.18606574322927436
YMR262W,-1,0/-,-456.07140707969666,-34615.9359767437,348,0.030139935414424113,0.4827586206896552,0.18627248294397353
YDL004W,-1,-/-,-456.1287145614624,-22762.619607806206,87,0.030107526881720432,0.4827586206896552,0.18647922265867273
YDR037W,-1,-/-,-456.13386112451553,-23093.442873597145,87,0.03007518796992481,0.4827586206896552,0.18668596237337193
YLR390W-A,-1,-/-,-456.16755414009094,-21216.09114909172,87,0.030042918454935622,0.4827586206896552,0.18689270208807113
YKL038W,-1,-/-,-456.1760289669037,-21758.858750104904,87,0.030010718113612004,0.4827586206896552,0.1870994418027703
YGL148W,0,0/0,-456.18693393468857,-37826.7725751102,348,0.030010718113612004,0.4827586206896552,0.1870994418027703
YNL306W,-1,0/-,-456.2621390223503,-37797.50650668144,348,0.029978586723768737,0.4827586206896552,0.1873061815174695
YLR249W,-1,-/-,-456.295490026474,-24792.083241701126,87,0.029946524064171122,0.4827586206896552,0.1875129212321687
YKL151C,-1,0/-,-456.3278059363365,-34891.36093443632,348,0.029914529914529916,0.4827586206896552,0.1877196609468679
YKR054C,-1,-/-,-456.3642780780792,-23430.99932062626,87,0.029882604055496264,0.4827586206896552,0.1879264006615671
YJL063C,-1,-/-,-456.4267826080322,-22385.425541639328,87,0.029850746268656716,0.4827586206896552,0.18813314037626627
YAR028W,0,0/0,-456.47989958524704,-34951.420966506004,348,0.029850746268656716,0.4827586206896552,0.18813314037626627
YDR391C,0,0/0,-456.4818900823593,-34586.603702515364,348,0.029850746268656716,0.4827586206896552,0.18813314037626627
YOR034C,-1,-/-,-456.49445509910583,-23316.639123260975,87,0.029818956336528223,0.4827586206896552,0.18833988009096547
YHR183W,-1,+/-,-456.60880613327026,-24058.57451057434,86,0.029787234042553193,0.4827586206896552,0.18854661980566467
YPR133W-A,-1,-/-,-456.6525728702545,-21503.818195343018,87,0.02975557917109458,0.4827586206896552,0.18875335952036387
YIL129C,-1,-/-,-456.87430477142334,-22352.11292862892,87,0.029723991507430998,0.4827586206896552,0.18896009923506304
YOL155C,-1,0/-,-456.88081446290016,-34486.09210323542,348,0.029692470837751856,0.4827586206896552,0.18916683894976224
YAL048C,-1,0/-,-456.90919092297554,-37699.04306562245,348,0.029661016949152543,0.4827586206896552,0.18937357866446144
YER079W,0,0/0,-456.91507029533386,-34403.34535771608,348,0.029661016949152543,0.4827586206896552,0.18937357866446144
YDR282C,-1,0/-,-457.0199437737465,-35255.36475086212,348,0.02962962962962963,0.4827586206896552,0.18958031837916064
YOR384W,-1,0/-,-457.0446699857712,-36760.991391956806,348,0.02959830866807611,0.4827586206896552,0.18978705809385982
YOL065C,-1,-/-,-457.05599772930145,-24858.738401174545,87,0.029567053854276663,0.4827586206896552,0.18999379780855902
YKL134C,-1,-/-,-457.064346075058,-22066.9919154644,87,0.029535864978902954,0.4827586206896552,0.19020053752325822
YNL074C,-1,-/-,-457.102459192276,-22488.979207396507,87,0.029504741833508957,0.4827586206896552,0.19040727723795742
YJL149W,-1,0/-,-457.10732954740524,-35166.95064240694,348,0.029473684210526315,0.4827586206896552,0.19061401695265662
YOR080W,-1,-/-,-457.14980030059814,-22352.71964251995,87,0.029442691903259727,0.4827586206896552,0.1908207566673558
YPR127W,1,0/+,-457.2243102192879,-35108.98579210043,348,0.03046218487394958,0.5,0.1908207566673558
YGL038C,-1,-/-,-457.2399789094925,-22485.730140328407,87,0.030430220356768102,0.5,0.191027496382055
YKL162C,-1,0/-,-457.2548313140869,-35322.09394830465,348,0.03039832285115304,0.5,0.1912342360967542
YBR212W,-1,-/-,-457.2672173976898,-22773.205684423447,87,0.030366492146596858,0.5,0.1914409758114534
YOL117W,-1,-/-,-457.3599455356598,-22367.778960466385,87,0.030334728033472803,0.5,0.19164771552615256
YPR035W,0,0/0,-457.36413514614105,-36899.10122323781,348,0.030334728033472803,0.5,0.19164771552615256
YDR058C,-1,-/-,-457.3949885368347,-23671.057409763336,87,0.030303030303030304,0.5,0.19185445524085176
YLR056W,-1,-/-,-457.4682352542877,-21066.86014866829,87,0.030271398747390398,0.5,0.19206119495555096
YBR020W,-1,-/-,-457.48381757736206,-21388.759956598282,87,0.03023983315954119,0.5,0.19226793467025016
YJR044C,-1,-/-,-457.49478483200073,-23497.646801114082,87,0.030208333333333334,0.5,0.19247467438494936
YHR194W,-1,-/-,-457.498087644577,-23061.079649448395,87,0.030176899063475548,0.5,0.19268141409964853
YLR350W,-1,-/-,-457.57549595832825,-22551.84752869606,87,0.030145530145530147,0.5,0.19288815381434773
YIR036C,0,0/0,-457.6212370544672,-36943.58394165337,348,0.030145530145530147,0.5,0.19288815381434773
YDR483W,-1,-/-,-457.68281626701355,-24342.374166488647,87,0.030114226375908618,0.5,0.19309489352904693
YNR037C,-1,0/-,-457.7064500153065,-37345.089801982045,348,0.03008298755186722,0.5,0.19330163324374613
YCR032W,-1,0/-,-457.81740622222424,-36859.6434366256,348,0.03005181347150259,0.5,0.1935083729584453
YPL018W,-1,-/-,-457.9227194786072,-20797.11998486519,87,0.030020703933747412,0.5,0.1937151126731445
YDR107C,-1,0/-,-457.9251413345337,-35282.414847791195,348,0.02998965873836608,0.5,0.1939218523878437
YFL042C,-1,0/-,-457.9827898442745,-39453.30735938996,348,0.029958677685950414,0.5,0.1941285921025429
YLR152C,0,0/0,-457.9878103733063,-35223.52555510402,348,0.029958677685950414,0.5,0.1941285921025429
YGL256W,0,+/0,-458.0036964416504,-21329.46663057804,86,0.029958677685950414,0.5,0.1941285921025429
YLR206W,-1,-/-,-458.0041706562042,-23244.680543661118,87,0.029927760577915376,0.5,0.19433533181724208
YBR146W,-1,0/-,-458.0426484644413,-36745.57727212459,348,0.029896907216494847,0.5,0.19454207153194128
YPL003W,-1,0/-,-458.0517739057541,-37684.39260032773,348,0.029866117404737384,0.5,0.19474881124664048
YBR059C,-1,-/-,-458.05610847473145,-24812.651138305664,87,0.029835390946502057,0.5,0.19495555096133968
YHR163W,0,+/0,-458.0968315601349,-24450.585636615753,86,0.029835390946502057,0.5,0.19495555096133968
YPR176C,-1,-/-,-458.17185258865356,-22091.87408053875,87,0.029804727646454265,0.5,0.19516229067603888
YPL203W,-1,-/-,-458.23074078559875,-23789.05673599243,87,0.029774127310061602,0.5,0.19536903039073805
YDR387C,-1,0/-,-458.23144352436066,-35333.65031987429,348,0.029743589743589743,0.5,0.19557577010543725
YPL089C,-1,-/-,-458.2563772201538,-22290.889279812574,87,0.02971311475409836,0.5,0.19578250982013645
YLR414C,-1,0/-,-458.27200800180435,-34579.53582765162,348,0.02968270214943705,0.5,0.19598924953483565
YJR045C,-1,-/-,-458.29532873630524,-22952.52770268917,87,0.02965235173824131,0.5,0.19619598924953482
YMR023C,-1,-/-,-458.37773036956787,-24429.59190785885,87,0.0296220633299285,0.5,0.19640272896423402
YCL043C,-1,-/-,-458.4597668647766,-23717.6271173954,87,0.02959183673469388,0.5,0.19660946867893322
YKL106W,0,0/0,-458.4665767252445,-37015.104642152786,348,0.02959183673469388,0.5,0.19660946867893322
YPR121W,1,+/+,-458.517569065094,-22316.845865130424,86,0.03058103975535168,0.5172413793103449,0.19660946867893322
YPL159C,-1,-/-,-458.54385447502136,-22795.765247106552,87,0.03054989816700611,0.5172413793103449,0.19681620839363242
YDL239C,-1,0/-,-458.5628632903099,-35922.678555846214,348,0.030518819938962362,0.5172413793103449,0.1970229481083316
YNL044W,-1,-/-,-458.6285367012024,-22362.634706497192,87,0.03048780487804878,0.5172413793103449,0.1972296878230308
YBR023C,-1,-/-,-458.66552448272705,-22914.84772992134,87,0.030456852791878174,0.5172413793103449,0.19743642753773
YDR296W,-1,-/-,-458.6979351043701,-22376.096347808838,87,0.030425963488843813,0.5172413793103449,0.1976431672524292
YDR253C,-1,0/-,-458.7654161453247,-35409.51029458642,348,0.030395136778115502,0.5172413793103449,0.1978499069671284
YER057C,0,0/0,-458.7738046646118,-37434.116933092475,348,0.030395136778115502,0.5172413793103449,0.1978499069671284
YER026C,-1,-/-,-458.83075404167175,-22053.509014368057,87,0.030364372469635626,0.5172413793103449,0.19805664668182757
YIL065C,-1,-/-,-458.9228799343109,-22792.417384386063,87,0.030333670374115267,0.5172413793103449,0.19826338639652677
YMR087W,-1,-/-,-459.0485556125641,-20914.357707977295,87,0.030303030303030304,0.5172413793103449,0.19847012611122597
YFL010W-A,-1,-/-,-459.13713812828064,-20670.702352523804,87,0.030272452068617558,0.5172413793103449,0.19867686582592517
YOR142W,-1,-/-,-459.1731779575348,-23769.758062839508,87,0.03024193548387097,0.5172413793103449,0.19888360554062434
YOR337W,-1,0/-,-459.23430091142654,-36730.28178970516,348,0.030211480362537766,0.5172413793103449,0.19909034525532354
YDL195W,-1,-/-,-459.2440731525421,-21832.367087721825,87,0.030181086519114688,0.5172413793103449,0.19929708497002274
YER170W,-1,0/-,-459.27433583140373,-34503.75993411243,348,0.03015075376884422,0.5172413793103449,0.19950382468472194
YKR026C,-1,-/-,-459.2942795753479,-24676.298728585243,87,0.030120481927710843,0.5172413793103449,0.19971056439942114
YLR454W,0,0/0,-459.32578656077385,-37997.17529369891,348,0.030120481927710843,0.5172413793103449,0.19971056439942114
YJR118C,-1,-/-,-459.37586307525635,-22179.62962090969,87,0.03009027081243731,0.5172413793103449,0.19991730411412031
YLR060W,-1,-/-,-459.4379551410675,-22775.316791772842,87,0.03006012024048096,0.5172413793103449,0.20012404382881951
YKL194C,-1,-/-,-459.4872875213623,-22925.222933769226,87,0.03003003003003003,0.5172413793103449,0.20033078354351871
YFL034C-A,-1,0/-,-459.4931429028511,-36621.28112486005,348,0.03,0.5172413793103449,0.20053752325821791
YHL043W,-1,0/-,-459.56142395734787,-34703.05937799811,348,0.029970029970029972,0.5172413793103449,0.2007442629729171
YLL018C,-1,0/-,-459.6521594375372,-38589.1031345129,348,0.029940119760479042,0.5172413793103449,0.2009510026876163
YFL003C,-1,-/-,-459.6781666278839,-20986.338822484016,87,0.02991026919242273,0.5172413793103449,0.2011577424023155
YDR122W,-1,-/-,-459.69160413742065,-24038.912416934967,87,0.029880478087649404,0.5172413793103449,0.2013644821170147
YPR093C,-1,-/-,-459.71154522895813,-23563.63270533085,87,0.029850746268656716,0.5172413793103449,0.20157122183171386
YPL006W,-1,-/-,-459.7976953983307,-23216.73880338669,87,0.02982107355864811,0.5172413793103449,0.20177796154641306
YLR027C,0,0/0,-459.7990926206112,-37324.57268542983,348,0.02982107355864811,0.5172413793103449,0.20177796154641306
YNL180C,-1,0/-,-459.88698104023933,-36647.883393883705,348,0.029791459781529295,0.5172413793103449,0.20198470126111226
YNR032W,-1,-/-,-459.95174837112427,-22715.91779780388,87,0.02976190476190476,0.5172413793103449,0.20219144097581146
YIL043C,-1,0/-,-459.9803964495659,-38059.398017365485,348,0.02973240832507433,0.5172413793103449,0.20239818069051066
YKR061W,-1,-/-,-460.1580607891083,-21688.45877790451,87,0.0297029702970297,0.5172413793103449,0.20260492040520983
YMR041C,0,+/0,-460.25769782066345,-24955.0049328804,86,0.0297029702970297,0.5172413793103449,0.20260492040520983
YCL064C,0,0/0,-460.3303174376488,-34807.438859883696,348,0.0297029702970297,0.5172413793103449,0.20260492040520983
YJL163C,-1,0/-,-460.3343933224678,-34386.09216994047,348,0.02967359050445104,0.5172413793103449,0.20281166011990903
YHR070W,-1,-/-,-460.4392120838165,-23132.50726699829,87,0.029644268774703556,0.5172413793103449,0.20301839983460823
YMR108W,0,0/0,-460.4630899578333,-37726.207218796015,348,0.029644268774703556,0.5172413793103449,0.20301839983460823
YDR322C-A,-1,-/-,-460.46943795681,-22181.09497630596,87,0.029615004935834157,0.5172413793103449,0.20322513954930743
YBR056W,0,0/0,-460.49029487371445,-34565.22543215752,348,0.029615004935834157,0.5172413793103449,0.20322513954930743
YPR066W,-1,0/-,-460.50706321001053,-36252.67902722955,348,0.029585798816568046,0.5172413793103449,0.2034318792640066
YCL035C,-1,-/-,-460.5204622745514,-24135.528673529625,87,0.029556650246305417,0.5172413793103449,0.2036386189787058
YJL105W,-1,0/-,-460.5489127635956,-37895.29957149923,348,0.02952755905511811,0.5172413793103449,0.203845358693405
YGR037C,-1,-/-,-460.703044295311,-23552.098568439484,87,0.029498525073746312,0.5172413793103449,0.2040520984081042
YNR014W,0,0/0,-460.7291587591171,-34887.85066819191,348,0.029498525073746312,0.5172413793103449,0.2040520984081042
YKR101W,-1,-/-,-460.75271439552307,-24693.44055533409,87,0.029469548133595286,0.5172413793103449,0.20425883812280338
YIL108W,0,0/0,-460.7564209699631,-35574.02997779846,348,0.029469548133595286,0.5172413793103449,0.20425883812280338
YDL014W,-1,-/-,-460.7683255672455,-23962.964688539505,87,0.029440628066732092,0.5172413793103449,0.20446557783750258
YJL072C,-1,-/-,-460.7825040817261,-23460.282785654068,87,0.029411764705882353,0.5172413793103449,0.20467231755220178
YML131W,0,-/0,-460.80628490448,-20743.512677431107,87,0.029411764705882353,0.5172413793103449,0.20467231755220178
YEL020W-A,-1,-/-,-460.8499472141266,-21281.091980934143,87,0.029382957884427033,0.5172413793103449,0.20487905726690098
YER086W,0,0/0,-460.8561995923519,-37809.8595981393,348,0.029382957884427033,0.5172413793103449,0.20487905726690098
YER163C,0,0/0,-460.8645088672638,-35390.897667467594,348,0.029382957884427033,0.5172413793103449,0.20487905726690098
YBL033C,1,+/+,-460.92733907699585,-22579.805984973907,86,0.030332681017612523,0.5344827586206896,0.20487905726690098
YLR176C,-1,-/-,-460.9354102611542,-22146.556054592133,87,0.030303030303030304,0.5344827586206896,0.20508579698160018
YBR003W,-1,0/-,-460.9689801633358,-38903.4048358798,348,0.0302734375,0.5344827586206896,0.20529253669629935
YOL015W,0,0/0,-461.0202346742153,-35856.56915539503,348,0.0302734375,0.5344827586206896,0.20529253669629935
YGR250C,-1,0/-,-461.08885818719864,-34634.38093197346,348,0.03024390243902439,0.5344827586206896,0.20549927641099855
YMR063W,-1,0/-,-461.1637741327286,-35856.79685348272,348,0.030214424951267055,0.5344827586206896,0.20570601612569775
YLR136C,-1,-/-,-461.2939610481262,-21388.257316589355,87,0.03018500486854917,0.5344827586206896,0.20591275584039695
YAL028W,-1,0/-,-461.30125576257706,-36237.726671114564,348,0.030155642023346304,0.5344827586206896,0.20611949555509612
YPR185W,-1,-/-,-461.3485999107361,-22538.603216171265,87,0.03012633624878523,0.5344827586206896,0.20632623526979532
YDL131W,0,0/0,-461.3697920739651,-38096.555258989334,348,0.03012633624878523,0.5344827586206896,0.20632623526979532
YGL047W,-1,-/-,-461.5370647907257,-21462.849981546402,87,0.030097087378640777,0.5344827586206896,0.20653297498449452
YFL041W,-1,-/-,-461.5498526096344,-23449.85290503502,87,0.030067895247332686,0.5344827586206896,0.20673971469919372
YBR053C,1,0/+,-461.5581274628639,-34347.67964954674,348,0.031007751937984496,0.5517241379310345,0.20673971469919372
YKR042W,-1,-/-,-461.57220339775085,-22327.398878932,87,0.030977734753146177,0.5517241379310345,0.20694645441389292
YMR038C,-1,-/-,-461.5862728357315,-21668.76928782463,87,0.030947775628626693,0.5517241379310345,0.2071531941285921
YOL008W,-1,-/-,-461.6735405921936,-23447.959426403046,87,0.030917874396135265,0.5517241379310345,0.2073599338432913
YBR007C,0,0/0,-461.67433482408524,-37644.5800370872,348,0.030917874396135265,0.5517241379310345,0.2073599338432913
YIL007C,0,-/0,-461.6959948539734,-22717.04009103775,87,0.030917874396135265,0.5517241379310345,0.2073599338432913
YIL057C,0,0/0,-461.721163213253,-35626.284770429134,348,0.030917874396135265,0.5517241379310345,0.2073599338432913
YJL056C,-1,-/-,-461.73908257484436,-21776.818220496178,87,0.03088803088803089,0.5517241379310345,0.2075666735579905
YDR350C,-1,0/-,-461.7519228756428,-38223.93849956989,348,0.03085824493731919,0.5517241379310345,0.2077734132726897
YIL072W,-1,-/-,-461.755384683609,-20465.572710990906,87,0.030828516377649325,0.5517241379310345,0.20798015298738887
YIL055C,0,0/0,-461.9472395181656,-36480.39879882336,348,0.030828516377649325,0.5517241379310345,0.20798015298738887
YBR108W,-1,0/-,-462.0109257698059,-36021.56939572096,348,0.030798845043310877,0.5517241379310345,0.20818689270208807
YPL165C,-1,0/-,-462.09669065475464,-35877.475875645876,348,0.03076923076923077,0.5517241379310345,0.20839363241678727
YIL051C,-1,-/-,-462.1953136920929,-23747.04652619362,87,0.03073967339097022,0.5517241379310345,0.20860037213148647
YJL078C,-1,0/-,-462.23897133767605,-34710.419256046414,348,0.030710172744721688,0.5517241379310345,0.20880711184618564
YGL146C,0,0/0,-462.39213329553604,-34902.159199118614,348,0.030710172744721688,0.5517241379310345,0.20880711184618564
YPL189W,-1,0/-,-462.4696815609932,-34410.00894231349,348,0.030680728667305847,0.5517241379310345,0.20901385156088484
YGR101W,-1,-/-,-462.470587015152,-23875.193776011467,87,0.03065134099616858,0.5517241379310345,0.20922059127558404
YCL027W,-1,-/-,-462.48064398765564,-21593.95195198059,87,0.03062200956937799,0.5517241379310345,0.20942733099028324
YOR018W,-1,-/-,-462.5540986061096,-23839.668367385864,87,0.030592734225621414,0.5517241379310345,0.20963407070498244
YIL041W,-1,0/-,-462.677234813571,-38654.52366974205,348,0.030563514804202482,0.5517241379310345,0.2098408104196816
YBR223C,-1,-/-,-462.6924648284912,-23729.205444812775,87,0.030534351145038167,0.5517241379310345,0.2100475501343808
YHR004C,-1,-/-,-462.7803131341934,-22998.10296344757,87,0.030505243088655862,0.5517241379310345,0.21025428984908
YIL154C,-1,-/-,-462.8656715154648,-23869.508275985718,87,0.030476190476190476,0.5517241379310345,0.2104610295637792
YCR072C,-1,-/-,-462.97466564178467,-22710.40753674507,87,0.030447193149381543,0.5517241379310345,0.21066776927847838
YIR028W,-1,-/-,-462.97616815567017,-22229.71967935562,87,0.030418250950570342,0.5517241379310345,0.21087450899317758
YLR245C,-1,0/-,-463.04216599464417,-34044.798494160175,348,0.030389363722697058,0.5517241379310345,0.21108124870787678
YDL019C,-1,-/-,-463.04263961315155,-24778.2824010849,87,0.030360531309297913,0.5517241379310345,0.21128798842257598
YDR082W,-1,-/-,-463.12993478775024,-23655.677997350693,87,0.03033175355450237,0.5517241379310345,0.21149472813727518
YLR211C,0,0/0,-463.14650148153305,-35769.085820138454,348,0.03033175355450237,0.5517241379310345,0.21149472813727518
YFR044C,0,0/0,-463.34637039899826,-37913.386620640755,348,0.03033175355450237,0.5517241379310345,0.21149472813727518
YPL247C,0,0/0,-463.377756357193,-34417.83547875285,348,0.03033175355450237,0.5517241379310345,0.21149472813727518
YDL125C,-1,0/-,-463.4334407299757,-37679.46207077801,348,0.030303030303030304,0.5517241379310345,0.21170146785197436
YLR031W,0,0/0,-463.44313913583755,-35004.87913733721,348,0.030303030303030304,0.5517241379310345,0.21170146785197436
YFR025C,0,0/0,-463.5002140253782,-36781.624908044934,348,0.030303030303030304,0.5517241379310345,0.21170146785197436
YPL104W,-1,0/-,-463.53893876075745,-36293.69039922953,348,0.030274361400189215,0.5517241379310345,0.21190820756667356
YJL016W,0,0/0,-463.56348836421967,-37188.0181722641,348,0.030274361400189215,0.5517241379310345,0.21190820756667356
YER043C,-1,0/-,-463.58544355630875,-37610.42393308878,348,0.030245746691871456,0.5517241379310345,0.21211494728137276
YMR097C,-1,-/-,-463.61656308174133,-26815.092480756342,87,0.030217186024551465,0.5517241379310345,0.21232168699607196
YCR098C,-1,-/-,-463.6336283683777,-22917.528827667236,87,0.03018867924528302,0.5517241379310345,0.21252842671077113
YER088C,-1,-/-,-463.7522747516632,-22093.405054211617,87,0.030160226201696512,0.5517241379310345,0.21273516642547033
YJL158C,-1,0/-,-463.9272673726082,-36479.92733876407,348,0.030131826741996232,0.5517241379310345,0.21294190614016953
YOL140W,0,0/0,-464.0261761546135,-36519.624647796154,348,0.030131826741996232,0.5517241379310345,0.21294190614016953
YFL026W,-1,-/-,-464.09266448020935,-20627.969587802887,87,0.030103480714957668,0.5517241379310345,0.21314864585486873
YHR199C,0,0/0,-464.10457906126976,-38240.64145295322,348,0.030103480714957668,0.5517241379310345,0.21314864585486873
YPR200C,-1,-/-,-464.14494800567627,-21163.28702020645,87,0.03007518796992481,0.5517241379310345,0.2133553855695679
YER162C,-1,-/-,-464.1510581970215,-25356.501017212868,87,0.03004694835680751,0.5517241379310345,0.2135621252842671
YOR266W,-1,-/-,-464.188592672348,-22570.78335607052,87,0.0300187617260788,0.5517241379310345,0.2137688649989663
YLR006C,-1,-/-,-464.22337532043457,-22217.972734212875,87,0.02999062792877226,0.5517241379310345,0.2139756047136655
YOL011W,-1,-/-,-464.25648307800293,-22079.32080888748,87,0.0299625468164794,0.5517241379310345,0.2141823444283647
YER121W,0,0/0,-464.26854449510574,-35053.62133702636,348,0.0299625468164794,0.5517241379310345,0.2141823444283647
YHR140W,0,0/0,-464.28479355573654,-36031.07674384117,348,0.0299625468164794,0.5517241379310345,0.2141823444283647
YMR143W,-1,-/-,-464.31600719690323,-23843.646807730198,87,0.029934518241347054,0.5517241379310345,0.21438908414306387
YGR284C,-1,-/-,-464.32235765457153,-23098.21631169319,87,0.029906542056074768,0.5517241379310345,0.21459582385776307
YPL214C,1,+/+,-464.3653016090393,-24347.268078565598,86,0.03081232492997199,0.5689655172413793,0.21459582385776307
YLR308W,-1,0/-,-464.37807899713516,-34766.981496959925,348,0.030783582089552237,0.5689655172413793,0.21480256357246227
YGL227W,-1,-/-,-464.4080100059509,-23085.400187969208,87,0.03075489282385834,0.5689655172413793,0.21500930328716147
YOR227W,0,0/0,-464.49436742067337,-38510.39410971105,348,0.03075489282385834,0.5689655172413793,0.21500930328716147
YJL171C,0,0/0,-464.58231538534164,-35343.471855163574,348,0.03075489282385834,0.5689655172413793,0.21500930328716147
YOR328W,-1,-/-,-464.6012830734253,-22927.091370344162,87,0.030726256983240222,0.5689655172413793,0.21521604300186065
YBR262C,-1,0/-,-464.60309237241745,-36734.83117322624,348,0.030697674418604652,0.5689655172413793,0.21542278271655985
YPL219W,-1,0/-,-464.6046238541603,-37589.53712245822,348,0.03066914498141264,0.5689655172413793,0.21562952243125905
YGR142W,-1,-/-,-464.6163077354431,-20936.3911768198,87,0.03064066852367688,0.5689655172413793,0.21583626214595825
YLR390W,-1,0/-,-464.65091717243195,-35931.463541701436,348,0.030612244897959183,0.5689655172413793,0.21604300186065742
YPL143W,-1,0/-,-464.6542032957077,-36481.44212475419,348,0.030583873957367932,0.5689655172413793,0.21624974157535662
YDL248W,-1,0/-,-464.8812190890312,-36221.145207930356,348,0.030555555555555555,0.5689655172413793,0.21645648129005582
YNL014W,-1,-/-,-464.9517698287964,-21365.552541017532,87,0.030527289546716005,0.5689655172413793,0.21666322100475502
YHL044W,0,0/0,-464.95845621824265,-36007.647170484066,348,0.030527289546716005,0.5689655172413793,0.21666322100475502
YDR402C,-1,0/-,-465.00649774074554,-37423.75239235163,348,0.030499075785582256,0.5689655172413793,0.21686996071945422
YPL115C,-1,-/-,-465.0147547721863,-23470.322054862976,87,0.030470914127423823,0.5689655172413793,0.2170767004341534
YBR001C,-1,0/-,-465.11644634604454,-39771.31248413026,348,0.03044280442804428,0.5689655172413793,0.2172834401488526
YDR368W,-1,0/-,-465.17595157027245,-37443.85323570669,348,0.030414746543778803,0.5689655172413793,0.2174901798635518
YGL183C,-1,-/-,-465.2040193080902,-21395.856313467026,87,0.03038674033149171,0.5689655172413793,0.217696919578251
YDL138W,-1,-/-,-465.2092652320862,-22024.621166467667,87,0.03035878564857406,0.5689655172413793,0.21790365929295016
YPR058W,-1,0/-,-465.23163475096226,-36598.807163096964,348,0.030330882352941176,0.5689655172413793,0.21811039900764936
YDR127W,0,0/0,-465.3571486771107,-37525.00258034468,348,0.030330882352941176,0.5689655172413793,0.21811039900764936
YAR050W,0,0/0,-465.457550406456,-36846.60052737594,348,0.030330882352941176,0.5689655172413793,0.21811039900764936
YGL154C,0,0/0,-465.50072023272514,-39691.32851666212,348,0.030330882352941176,0.5689655172413793,0.21811039900764936
YLL015W,-1,-/-,-465.55984020233154,-23892.059012055397,87,0.030303030303030304,0.5689655172413793,0.21831713872234856
YIL157C,-1,0/-,-465.57763254642487,-38288.36615487933,348,0.030275229357798167,0.5689655172413793,0.21852387843704776
YIR005W,-1,-/-,-465.6118268966675,-21454.58522439003,87,0.03024747937671861,0.5689655172413793,0.21873061815174696
YHL046C,-1,0/-,-465.64584815502167,-35757.47054347396,348,0.03021978021978022,0.5689655172413793,0.21893735786644614
YMR253C,0,0/0,-465.6481875181198,-35590.92236340046,348,0.03021978021978022,0.5689655172413793,0.21893735786644614
YAL010C,-1,-/-,-465.7152109146118,-23359.48094844818,87,0.03019213174748399,0.5689655172413793,0.21914409758114534
YKL081W,-1,-/-,-465.7369749546051,-24021.126621723175,87,0.03016453382084095,0.5689655172413793,0.21935083729584454
YGR127W,0,0/0,-465.84366285800934,-35143.56854754686,348,0.03016453382084095,0.5689655172413793,0.21935083729584454
YGR136W,-1,0/-,-465.85031792521477,-36950.25116305798,348,0.030136986301369864,0.5689655172413793,0.21955757701054374
YGR086C,-1,-/-,-465.8595612049103,-22700.28799009323,87,0.030109489051094892,0.5689655172413793,0.2197643167252429
YOR267C,-1,-/-,-465.9178488254547,-21940.813316822052,87,0.0300820419325433,0.5689655172413793,0.2199710564399421
YPL281C,-1,0/-,-465.9187131524086,-36053.70084762573,348,0.030054644808743168,0.5689655172413793,0.2201777961546413
YOL063C,-1,-/-,-465.9755337238312,-25048.164216041565,87,0.03002729754322111,0.5689655172413793,0.2203845358693405
YIL050W,-1,0/-,-466.01138573884964,-37935.105172492564,348,0.03,0.5689655172413793,0.22059127558403968
YFL044C,-1,0/-,-466.05556175112724,-38327.35909551382,348,0.02997275204359673,0.5689655172413793,0.22079801529873888
YKL127W,-1,0/-,-466.17849907279015,-38339.44923380017,348,0.029945553539019964,0.5689655172413793,0.22100475501343808
YLR266C,-1,-/-,-466.19850409030914,-24793.40672314167,87,0.029918404351767906,0.5689655172413793,0.22121149472813728
YJL055W,-1,0/-,-466.2865715622902,-35693.34265738726,348,0.029891304347826088,0.5689655172413793,0.22141823444283648
YHR047C,0,0/0,-466.35230219364166,-37923.92756797373,348,0.029891304347826088,0.5689655172413793,0.22141823444283648
YMR311C,-1,-/-,-466.3714568912983,-25369.774163395166,87,0.02986425339366516,0.5689655172413793,0.22162497415753565
YKL133C,-1,0/-,-466.38630253076553,-35058.44819688797,348,0.029837251356238697,0.5689655172413793,0.22183171387223485
YJR021C,-1,-/-,-466.44715571403503,-22641.9913918972,87,0.02981029810298103,0.5689655172413793,0.22203845358693405
YHR014W,-1,-/-,-466.4746401309967,-20642.198475003242,87,0.029783393501805054,0.5689655172413793,0.22224519330163325
YGR041W,-1,-/-,-466.57042121887207,-22077.918859004974,87,0.029756537421100092,0.5689655172413793,0.22245193301633243
YOR063W,-1,-/-,-466.5729534626007,-24287.90727496147,87,0.02972972972972973,0.5689655172413793,0.22265867273103163
YIL033C,-1,-/-,-466.62319707870483,-23603.44772362709,87,0.0297029702970297,0.5689655172413793,0.22286541244573083
YLL051C,-1,0/-,-466.66522791981697,-37093.36378847435,348,0.029676258992805755,0.5689655172413793,0.22307215216043003
YPL015C,-1,-/-,-466.68516778945923,-22615.95878648758,87,0.029649595687331536,0.5689655172413793,0.22327889187512923
YCR061W,0,-/0,-466.697158575058,-25015.91274344921,87,0.029649595687331536,0.5689655172413793,0.22327889187512923
YLR094C,-1,0/-,-466.70475602149963,-35287.98358643055,348,0.0296229802513465,0.5689655172413793,0.2234856315898284
YHR091C,-1,-/-,-466.7233507633209,-22816.67484140396,87,0.029596412556053813,0.5689655172413793,0.2236923713045276
YBR204C,-1,0/-,-466.75113946199417,-35987.11350804567,348,0.02956989247311828,0.5689655172413793,0.2238991110192268
YML081C-A,-1,-/-,-466.88957619667053,-23004.834877490997,87,0.02954341987466428,0.5689655172413793,0.224105850733926
YLR128W,-1,0/-,-466.9161049723625,-37984.8554045558,348,0.029516994633273702,0.5689655172413793,0.22431259044862517
YLR160C,-1,-/-,-466.9558732509613,-22381.541534900665,87,0.029490616621983913,0.5689655172413793,0.22451933016332437
YGR082W,-1,-/-,-466.9680197238922,-23351.161718845367,87,0.029464285714285714,0.5689655172413793,0.22472606987802357
YPR098C,0,0/0,-466.98732352256775,-34794.21981114149,348,0.029464285714285714,0.5689655172413793,0.22472606987802357
YPL097W,-1,-/-,-466.99145460128784,-22377.117918729782,87,0.029438001784121322,0.5689655172413793,0.22493280959272277
YIR030C,0,0/0,-467.08047610521317,-35402.41795912385,348,0.029438001784121322,0.5689655172413793,0.22493280959272277
YPL091W,-1,-/-,-467.09610307216644,-24110.58194410801,87,0.029411764705882353,0.5689655172413793,0.22513954930742194
YLR193C,-1,-/-,-467.105872631073,-24593.738290905952,87,0.029385574354407838,0.5689655172413793,0.22534628902212114
YLR001C,0,0/0,-467.11731308698654,-35277.16974705458,348,0.029385574354407838,0.5689655172413793,0.22534628902212114
YKR016W,-1,0/-,-467.1180325746536,-36835.05062019825,348,0.029359430604982206,0.5689655172413793,0.22555302873682034
YMR176W,-1,0/-,-467.19570948183537,-38326.32620885968,348,0.029333333333333333,0.5689655172413793,0.22575976845151954
YMR276W,-1,-/-,-467.24396419525146,-23227.752725601196,87,0.02930728241563055,0.5689655172413793,0.22596650816621874
YNL241C,-1,+/-,-467.25323486328125,-22880.947232961655,86,0.029281277728482696,0.5689655172413793,0.22617324788091792
YIL077C,0,-/0,-467.2953588962555,-22109.842890024185,87,0.029281277728482696,0.5689655172413793,0.22617324788091792
YDL100C,-1,-/-,-467.36625385284424,-22954.131452083588,87,0.02925531914893617,0.5689655172413793,0.22637998759561712
YKR093W,-1,0/-,-467.402021586895,-33707.18274194002,348,0.029229406554472984,0.5689655172413793,0.22658672731031632
YHL028W,-1,-/-,-467.4062714576721,-21247.85230779648,87,0.02920353982300885,0.5689655172413793,0.22679346702501552
YIL066C,-1,-/-,-467.44094717502594,-24233.198075294495,87,0.029177718832891247,0.5689655172413793,0.2270002067397147
YNL045W,-1,-/-,-467.484566450119,-22190.42653954029,87,0.029151943462897525,0.5689655172413793,0.2272069464544139
YJR137C,0,-/0,-467.7150180339813,-21767.829503297806,87,0.029151943462897525,0.5689655172413793,0.2272069464544139
YBR011C,0,0/0,-467.7362742424011,-38414.609834358096,348,0.029151943462897525,0.5689655172413793,0.2272069464544139
YOL027C,-1,-/-,-467.748242855072,-22821.190925002098,87,0.02912621359223301,0.5689655172413793,0.2274136861691131
YNL135C,-1,-/-,-467.7560865879059,-23618.74935221672,87,0.0291005291005291,0.5689655172413793,0.2276204258838123
YER023W,0,0/0,-467.82784439623356,-38687.449613809586,348,0.0291005291005291,0.5689655172413793,0.2276204258838123
YMR304W,-1,0/-,-467.8386119008064,-37893.980306744576,348,0.02907488986784141,0.5689655172413793,0.22782716559851146
YHR211W,0,0/0,-467.84185659885406,-37104.47321307659,348,0.02907488986784141,0.5689655172413793,0.22782716559851146
YNL194C,-1,0/-,-467.9320191144943,-34593.11008518934,348,0.029049295774647887,0.5689655172413793,0.22803390531321066
YLR118C,-1,0/-,-467.97724664211273,-37289.283514261246,348,0.029023746701846966,0.5689655172413793,0.22824064502790986
YER028C,-1,-/-,-467.97932291030884,-22617.74375617504,87,0.02899824253075571,0.5689655172413793,0.22844738474260906
YDL020C,-1,-/-,-468.01652002334595,-24157.06756222248,87,0.02897278314310799,0.5689655172413793,0.22865412445730826
YGR237C,0,0/0,-468.0201300382614,-35633.73158711195,348,0.02897278314310799,0.5689655172413793,0.22865412445730826
YLR375W,-1,0/-,-468.0602217912674,-36047.04713669419,348,0.02894736842105263,0.5689655172413793,0.22886086417200743
YCL010C,-1,-/-,-468.07749128341675,-20734.721183419228,87,0.028921998247151623,0.5689655172413793,0.22906760388670663
YJR153W,-1,-/-,-468.1239969730377,-22621.15922343731,87,0.028896672504378284,0.5689655172413793,0.22927434360140583
YJL068C,-1,0/-,-468.13834565877914,-35297.03710973263,348,0.028871391076115485,0.5689655172413793,0.22948108331610503
YLR098C,-1,-/-,-468.2410590648651,-22836.559509277344,87,0.028846153846153848,0.5689655172413793,0.2296878230308042
YDR273W,-1,-/-,-468.2672154903412,-24604.410022079945,87,0.028820960698689956,0.5689655172413793,0.2298945627455034
YDR120C,-1,-/-,-468.295006275177,-23468.785376548767,87,0.028795811518324606,0.5689655172413793,0.2301013024602026
YHR147C,-1,0/-,-468.3132184147835,-37105.1786518991,348,0.02877070619006103,0.5689655172413793,0.2303080421749018
YGL162W,-1,-/-,-468.32316970825195,-22706.33935236931,87,0.028745644599303136,0.5689655172413793,0.230514781889601
YFR034C,-1,-/-,-468.36116075515747,-22199.645491480827,87,0.028720626631853787,0.5689655172413793,0.23072152160430018
YPL172C,0,0/0,-468.3930205106735,-37459.32954162359,348,0.028720626631853787,0.5689655172413793,0.23072152160430018
YLL012W,-1,-/-,-468.47965359687805,-21354.317801713943,87,0.028695652173913042,0.5689655172413793,0.23092826131899938
YOL101C,-1,-/-,-468.54985547065735,-21736.69689887762,87,0.028670721112076455,0.5689655172413793,0.23113500103369858
YBR040W,-1,-/-,-468.5515557527542,-21547.77841937542,87,0.028645833333333332,0.5689655172413793,0.23134174074839778
YGR159C,-1,-/-,-468.67653131484985,-22884.04359817505,87,0.028620988725065046,0.5689655172413793,0.23154848046309695
YMR034C,-1,0/-,-468.71613734960556,-35860.961082458496,348,0.02859618717504333,0.5689655172413793,0.23175522017779615
YHR028C,-1,0/-,-468.72275441884995,-39116.34614825249,348,0.02857142857142857,0.5689655172413793,0.23196195989249535
YNR030W,-1,-/-,-468.95922470092773,-22745.15718793869,87,0.028546712802768166,0.5689655172413793,0.23216869960719455
YGR061C,-1,0/-,-469.12015679478645,-37606.02667887509,348,0.028522039757994815,0.5689655172413793,0.23237543932189372
YCL008C,-1,-/-,-469.1980187892914,-24129.4093170166,87,0.02849740932642487,0.5689655172413793,0.23258217903659292
YCL057W,0,0/0,-469.2510480284691,-38750.820280492306,348,0.02849740932642487,0.5689655172413793,0.23258217903659292
YER117W,-1,-/-,-469.345046877861,-22843.708695292473,87,0.028472821397756688,0.5689655172413793,0.23278891875129212
YOR150W,-1,-/-,-469.3452801704407,-23948.15581345558,87,0.028448275862068967,0.5689655172413793,0.23299565846599132
YOL030W,-1,0/-,-469.4329588711262,-37318.15529790521,348,0.028423772609819122,0.5689655172413793,0.23320239818069052
YPL031C,-1,-/-,-469.5161888599396,-22463.109790086746,87,0.028399311531841654,0.5689655172413793,0.2334091378953897
YDR446W,-1,-/-,-469.61944103240967,-20770.87254023552,87,0.028374892519346516,0.5689655172413793,0.2336158776100889
YJL170C,-1,-/-,-469.68697786331177,-21330.3494066,87,0.028350515463917526,0.5689655172413793,0.2338226173247881
YLR378C,-1,-/-,-469.73166263103485,-22959.434698045254,87,0.02832618025751073,0.5689655172413793,0.2340293570394873
YFR019W,-1,-/-,-469.83122301101685,-23345.693776369095,87,0.02830188679245283,0.5689655172413793,0.23423609675418647
YDR036C,-1,-/-,-469.9293637275696,-23144.09326952696,87,0.028277634961439587,0.5689655172413793,0.23444283646888567
YGL068W,-1,-/-,-469.99657440185547,-22652.526908397675,87,0.028253424657534245,0.5689655172413793,0.23464957618358487
YFL029C,-1,-/-,-470.0364044904709,-24045.57282793522,87,0.028229255774165955,0.5689655172413793,0.23485631589828407
YJR145C,-1,-/-,-470.1746847629547,-23572.210779190063,87,0.028205128205128206,0.5689655172413793,0.23506305561298324
YGR282C,-1,0/-,-470.2339515686035,-37122.17613302171,348,0.028181041844577284,0.5689655172413793,0.23526979532768244
YGR149W,-1,0/-,-470.23691833019257,-34876.38363677263,348,0.028156996587030716,0.5689655172413793,0.23547653504238164
YNL058C,0,0/0,-470.2656559944153,-35128.38543510437,348,0.028156996587030716,0.5689655172413793,0.23547653504238164
YEL004W,-1,-/-,-470.3216800689697,-22505.814025998116,87,0.028132992327365727,0.5689655172413793,0.23568327475708084
YMR223W,-1,0/-,-470.3334293961525,-36550.44442290068,348,0.028109028960817718,0.5689655172413793,0.23589001447178004
YKL198C,-1,0/-,-470.3524973988533,-36958.907762274146,348,0.028085106382978724,0.5689655172413793,0.2360967541864792
YGR111W,0,-/0,-470.36831426620483,-20582.460969924927,87,0.028085106382978724,0.5689655172413793,0.2360967541864792
YKL034W,-1,-/-,-470.50781869888306,-26242.298261642456,87,0.02806122448979592,0.5689655172413793,0.2363034939011784
YPL271W,-1,-/-,-470.54329204559326,-22818.221062779427,87,0.028037383177570093,0.5689655172413793,0.2365102336158776
YHR116W,-1,-/-,-470.63844418525696,-22067.14780575037,87,0.02801358234295416,0.5689655172413793,0.2367169733305768
YJR149W,0,0/0,-470.7570965886116,-36668.985312104225,348,0.02801358234295416,0.5689655172413793,0.2367169733305768
YGL178W,-1,-/-,-470.8143424987793,-22873.04234099388,87,0.027989821882951654,0.5689655172413793,0.23692371304527599
YCL028W,0,0/0,-470.83192098140717,-38322.05714811385,348,0.027989821882951654,0.5689655172413793,0.23692371304527599
YNL302C,-1,-/-,-470.8682897090912,-24156.73062133789,87,0.027966101694915254,0.5689655172413793,0.23713045275997519
YAL049C,0,0/0,-470.9482604265213,-35196.57435274124,348,0.027966101694915254,0.5689655172413793,0.23713045275997519
YML047C,-1,-/-,-470.96821212768555,-20860.66752076149,87,0.0279424216765453,0.5689655172413793,0.23733719247467439
YLR100W,-1,-/-,-470.9882469177246,-24026.48941206932,87,0.027918781725888325,0.5689655172413793,0.23754393218937359
YCL039W,-1,-/-,-471.1142761707306,-26351.806968569756,87,0.027895181741335588,0.5689655172413793,0.23775067190407279
YML123C,-1,-/-,-471.1524872779846,-22002.029087543488,87,0.02787162162162162,0.5689655172413793,0.23795741161877196
YDR155C,-1,0/-,-471.2002954483032,-36942.30547307432,348,0.027848101265822784,0.5689655172413793,0.23816415133347116
YJL132W,-1,0/-,-471.294480741024,-35415.59002482891,348,0.02782462057335582,0.5689655172413793,0.23837089104817036
YGR132C,-1,-/-,-471.30819725990295,-24147.957193136215,87,0.02780117944397641,0.5689655172413793,0.23857763076286956
YDR055W,-1,-/-,-471.32375955581665,-22264.888370752335,87,0.027777777777777776,0.5689655172413793,0.23878437047756873
YIL152W,0,0/0,-471.3346034884453,-36066.70013439655,348,0.027777777777777776,0.5689655172413793,0.23878437047756873
YNL063W,-1,0/-,-471.44911485910416,-34797.28643386066,348,0.027754415475189236,0.5689655172413793,0.23899111019226793
YIL153W,-1,-/-,-471.45641803741455,-25565.80354118347,87,0.02773109243697479,0.5689655172413793,0.23919784990696713
YKL157W,0,0/0,-471.4576495885849,-36804.712097257376,348,0.02773109243697479,0.5689655172413793,0.23919784990696713
YNL259C,-1,-/-,-471.4868977069855,-21368.21498322487,87,0.027707808564231738,0.5689655172413793,0.23940458962166633
YKR105C,-1,0/-,-471.4944639801979,-35489.99703875184,348,0.027684563758389263,0.5689655172413793,0.2396113293363655
YEL054C,-1,-/-,-471.5444107055664,-23632.316864967346,87,0.027661357921207042,0.5689655172413793,0.2398180690510647
YLR367W,-1,0/-,-471.5634286105633,-38161.466839045286,348,0.02763819095477387,0.5689655172413793,0.2400248087657639
YHR210C,0,0/0,-471.5822035074234,-36468.0828615427,348,0.02763819095477387,0.5689655172413793,0.2400248087657639
YDR186C,0,0/0,-471.5992602109909,-36413.19538640976,348,0.02763819095477387,0.5689655172413793,0.2400248087657639
YPR041W,-1,-/-,-471.64527201652527,-23833.491676330566,87,0.027615062761506277,0.5689655172413793,0.2402315484804631
YMR306W,-1,0/-,-471.65624862909317,-36898.732769846916,348,0.027591973244147156,0.5689655172413793,0.2404382881951623
YKL216W,-1,0/-,-471.67303627729416,-38816.15835210681,348,0.02756892230576441,0.5689655172413793,0.24064502790986148
YGR209C,-1,-/-,-471.6767693758011,-24429.263964772224,87,0.027545909849749584,0.5689655172413793,0.24085176762456068
YLR150W,-1,-/-,-471.72520112991333,-25158.64005255699,87,0.027522935779816515,0.5689655172413793,0.24105850733925988
YHR068W,-1,-/-,-471.83684492111206,-22473.332474589348,87,0.0275,0.5689655172413793,0.24126524705395908
YBR263W,1,0/+,-471.8564403653145,-38371.04230117798,348,0.028309741881765195,0.5862068965517241,0.24126524705395908
YGL261C,-1,0/-,-471.88859581947327,-36432.18466985226,348,0.028286189683860232,0.5862068965517241,0.24147198676865825
YGR233C,-1,0/-,-471.88872024416924,-37206.88185465336,348,0.02826267664172901,0.5862068965517241,0.24167872648335745
YDR322W,-1,0/-,-471.95104598999023,-36875.35250288248,348,0.02823920265780731,0.5862068965517241,0.24188546619805665
YML126C,-1,-/-,-472.029221534729,-22623.480173826218,87,0.028215767634854772,0.5862068965517241,0.24209220591275585
YKL080W,-1,-/-,-472.06035256385803,-22611.617920398712,87,0.028192371475953566,0.5862068965517241,0.24229894562745505
YOR228C,-1,0/-,-472.06530541181564,-34418.86315560341,348,0.028169014084507043,0.5862068965517241,0.24250568534215422
YDR405W,-1,0/-,-472.1044909954071,-36516.76289340481,348,0.028145695364238412,0.5862068965517241,0.24271242505685342
YPL202C,-1,-/-,-472.12505078315735,-22791.182374477386,87,0.028122415219189414,0.5862068965517241,0.24291916477155262
YLR289W,0,0/0,-472.1989113688469,-37781.3537144959,348,0.028122415219189414,0.5862068965517241,0.24291916477155262
YGL250W,-1,0/-,-472.22242218255997,-37999.45464783907,348,0.02809917355371901,0.5862068965517241,0.24312590448625182
YNL300W,0,0/0,-472.29791647195816,-37331.472794905305,348,0.02809917355371901,0.5862068965517241,0.24312590448625182
YHR138C,-1,-/-,-472.29859232902527,-22279.79705476761,87,0.028075970272502065,0.5862068965517241,0.243332644200951
YPL179W,-1,-/-,-472.363285779953,-21910.69307053089,87,0.028052805280528052,0.5862068965517241,0.2435393839156502
YKL220C,-1,-/-,-472.39272141456604,-23225.43714284897,87,0.028029678483099753,0.5862068965517241,0.2437461236303494
YNR013C,-1,-/-,-472.4121325016022,-22446.84285032749,87,0.02800658978583196,0.5862068965517241,0.2439528633450486
YOR377W,0,-/0,-472.4273509979248,-23149.670944452286,87,0.02800658978583196,0.5862068965517241,0.2439528633450486
YPL171C,0,-/0,-472.4486949443817,-22801.74271273613,87,0.02800658978583196,0.5862068965517241,0.2439528633450486
YBR089C-A,-1,-/-,-472.4770791530609,-22948.52553343773,87,0.027983539094650206,0.5862068965517241,0.24415960305974777
YKL023W,-1,0/-,-472.56304746866226,-35913.092133939266,348,0.027960526315789474,0.5862068965517241,0.24436634277444697
YIL166C,-1,0/-,-472.56452840566635,-36032.0253918767,348,0.027937551355792935,0.5862068965517241,0.24457308248914617
YLR382C,-1,-/-,-472.5685737133026,-23300.32096630335,87,0.027914614121510674,0.5862068965517241,0.24477982220384537
YDR005C,-1,-/-,-472.56897234916687,-23339.699064731598,87,0.02789171452009844,0.5862068965517241,0.24498656191854457
YHR156C,0,0/0,-472.58530113101006,-35825.71018129587,348,0.02789171452009844,0.5862068965517241,0.24498656191854457
YOL161C,-1,0/-,-472.6594043970108,-36346.975290089846,348,0.027868852459016394,0.5862068965517241,0.24519330163324374
YHR063C,1,0/+,-472.68031042814255,-37538.01402201131,348,0.028665028665028666,0.603448275862069,0.24519330163324374
YNL240C,0,0/0,-472.6972646713257,-36230.79899190366,348,0.028665028665028666,0.603448275862069,0.24519330163324374
YPR119W,-1,-/-,-472.71184849739075,-21776.890411376953,87,0.028641571194762683,0.603448275862069,0.24540004134794294
YCL049C,0,0/0,-472.7360179424286,-36001.50556153059,348,0.028641571194762683,0.603448275862069,0.24540004134794294
YPL188W,-1,+/-,-472.7410235404968,-22123.172350168228,86,0.028618152085036794,0.603448275862069,0.24560678106264214
YPL183W-A,-1,0/-,-472.80998784303665,-36999.50915271044,348,0.028594771241830064,0.603448275862069,0.24581352077734134
YGR171C,-1,-/-,-472.83301401138306,-23066.942331790924,87,0.02857142857142857,0.603448275862069,0.2460202604920405
YER056C,-1,-/-,-472.88397884368896,-23457.23608636856,87,0.028548123980424143,0.603448275862069,0.2462270002067397
YPL067C,0,0/0,-472.89303505420685,-35932.79411000013,348,0.028548123980424143,0.603448275862069,0.2462270002067397
YCR100C,-1,0/-,-472.89538168907166,-36829.08784547448,348,0.02852485737571312,0.603448275862069,0.2464337399214389
YMR258C,-1,0/-,-472.8985145688057,-35190.66200065613,348,0.028501628664495113,0.603448275862069,0.2466404796361381
YNL092W,-1,0/-,-472.9652219414711,-35935.48711460829,348,0.028478437754271765,0.603448275862069,0.24684721935083728
YOR052C,-1,0/-,-472.97019574046135,-38693.29101735726,348,0.028455284552845527,0.603448275862069,0.24705395906553648
YBR052C,0,0/0,-472.9748890399933,-37499.36904080212,348,0.028455284552845527,0.603448275862069,0.24705395906553648
YMR148W,-1,0/-,-472.9841472506523,-34974.03533235192,348,0.02843216896831844,0.603448275862069,0.24726069878023568
YPR067W,1,+/+,-473.02159333229065,-24131.999362707138,86,0.02922077922077922,0.6206896551724138,0.24726069878023568
YER106W,-1,-/-,-473.0378246307373,-21341.317115306854,87,0.029197080291970802,0.6206896551724138,0.24746743849493488
YDR232W,-1,0/-,-473.0459042787552,-37282.03923180699,348,0.029173419773095625,0.6206896551724138,0.24767417820963408
YCL048W,-1,0/-,-473.1425143480301,-35686.16175994277,348,0.029149797570850202,0.6206896551724138,0.24788091792433325
YMR321C,0,0/0,-473.18397212028503,-34756.394644111395,348,0.029149797570850202,0.6206896551724138,0.24788091792433325
YLR257W,0,0/0,-473.2097384929657,-34734.287590920925,348,0.029149797570850202,0.6206896551724138,0.24788091792433325
YHR049W,0,0/0,-473.22552704811096,-35631.72440614365,348,0.029149797570850202,0.6206896551724138,0.24788091792433325
YPR081C,-1,-/-,-473.2405204772949,-21555.138694405556,87,0.02912621359223301,0.6206896551724138,0.24808765763903246
YIL047C,-1,0/-,-473.28397554159164,-36992.53953078389,348,0.02910266774454325,0.6206896551724138,0.24829439735373166
YKL043W,-1,-/-,-473.28753995895386,-22013.75652241707,87,0.029079159935379646,0.6206896551724138,0.24850113706843086
YPR021C,-1,-/-,-473.2929570674896,-23039.993846654892,87,0.029055690072639227,0.6206896551724138,0.24870787678313003
YKL170W,-1,-/-,-473.32026839256287,-23412.25246322155,87,0.02903225806451613,0.6206896551724138,0.24891461649782923
YHR204W,-1,-/-,-473.3469486236572,-22822.743968248367,87,0.029008863819500404,0.6206896551724138,0.24912135621252843
YIR003W,-1,0/-,-473.4033996462822,-36140.27345567942,348,0.028985507246376812,0.6206896551724138,0.24932809592722763
YAL056W,-1,-/-,-473.4621493816376,-24895.956698417664,87,0.028962188254223652,0.6206896551724138,0.24953483564192683
YEL020C,-1,0/-,-473.5956914424896,-35705.43307083845,348,0.028938906752411574,0.6206896551724138,0.249741575356626
YNL210W,-1,-/-,-473.6209456920624,-22060.10249066353,87,0.02891566265060241,0.6206896551724138,0.2499483150713252
YAR033W,-1,-/-,-473.7015771865845,-22663.070786714554,87,0.028892455858747994,0.6206896551724138,0.2501550547860244
YNL067W,-1,0/-,-473.7601060271263,-38544.3535695076,348,0.028869286287089013,0.6206896551724138,0.2503617945007236
YAR027W,0,0/0,-473.76372361183167,-38785.37795740366,348,0.028869286287089013,0.6206896551724138,0.2503617945007236
YMR085W,-1,0/-,-473.819207906723,-35476.98381918669,348,0.028846153846153848,0.6206896551724138,0.2505685342154228
YKR050W,-1,-/-,-473.8458881378174,-22266.674686431885,87,0.028823058446757407,0.6206896551724138,0.250775273930122
YHR034C,-1,-/-,-473.85182309150696,-23947.23664212227,87,0.0288,0.6206896551724138,0.25098201364482114
YBR221C,-1,-/-,-473.87226498126984,-23880.581802010536,87,0.02877697841726619,0.6206896551724138,0.25118875335952034
YFR007W,0,0/0,-473.8810317516327,-36920.651040673256,348,0.02877697841726619,0.6206896551724138,0.25118875335952034
YMR265C,-1,0/-,-473.8878514766693,-35324.33971494436,348,0.02875399361022364,0.6206896551724138,0.25139549307421954
YJL093C,-1,-/-,-473.9211735725403,-24492.702356934547,87,0.028731045490822026,0.6206896551724138,0.25160223278891874
YJL012C,-1,-/-,-473.9473078250885,-23676.081241607666,87,0.028708133971291867,0.6206896551724138,0.25180897250361794
YBR071W,0,0/0,-474.0087101459503,-35429.79925736785,348,0.028708133971291867,0.6206896551724138,0.25180897250361794
YFL061W,-1,0/-,-474.0102883577347,-38967.89458474517,348,0.028685258964143426,0.6206896551724138,0.25201571221831714
YOR389W,0,0/0,-474.1631780266762,-36103.70707243681,348,0.028685258964143426,0.6206896551724138,0.25201571221831714
YDR018C,-1,-/-,-474.2173616886139,-21242.184977054596,87,0.028662420382165606,0.6206896551724138,0.25222245193301635
YLR024C,-1,0/-,-474.2204784154892,-38439.407847344875,348,0.028639618138424822,0.6206896551724138,0.25242919164771555
YDR046C,-1,-/-,-474.2461326122284,-21932.731131911278,87,0.028616852146263912,0.6206896551724138,0.25263593136241475
YGL186C,-1,0/-,-474.3879981338978,-38685.86244029552,348,0.028594122319301033,0.6206896551724138,0.2528426710771139
YAL058W,-1,-/-,-474.41763949394226,-23279.18992996216,87,0.02857142857142857,0.6206896551724138,0.2530494107918131
YHL031C,-1,-/-,-474.4577543735504,-22485.364434957504,87,0.028548770816812053,0.6206896551724138,0.2532561505065123
YPR196W,-1,0/-,-474.48290169239044,-35981.47332561016,348,0.028526148969889066,0.6206896551724138,0.2534628902212115
YPL107W,0,0/0,-474.4924206137657,-36496.253865361214,348,0.028526148969889066,0.6206896551724138,0.2534628902212115
YGR055W,-1,-/-,-474.5733890533447,-21719.12950515747,87,0.028503562945368172,0.6206896551724138,0.2536696299359107
YJL083W,-1,0/-,-474.6428202390671,-36349.30142125487,348,0.028481012658227847,0.6206896551724138,0.2538763696506099
YNR027W,1,-/+,-474.64853143692017,-23691.906764507294,87,0.02924901185770751,0.6379310344827587,0.2538763696506099
YLR437C,0,0/0,-474.70487436652184,-37084.376292295754,348,0.02924901185770751,0.6379310344827587,0.2538763696506099
YBR273C,-1,-/-,-474.73122930526733,-25089.6959502697,87,0.029225908372827805,0.6379310344827587,0.2540831093653091
YLR204W,-1,0/-,-474.9168939590454,-36955.68031433225,348,0.02920284135753749,0.6379310344827587,0.2542898490800083
YDL133W,-1,0/-,-474.9698118567467,-35720.39584976435,348,0.02917981072555205,0.6379310344827587,0.2544965887947075
YPL277C,0,0/0,-475.0324990749359,-36036.74582308531,348,0.02917981072555205,0.6379310344827587,0.2544965887947075
YER093C-A,0,0/0,-475.0499712228775,-34957.79304033518,348,0.02917981072555205,0.6379310344827587,0.2544965887947075
YOR354C,-1,-/-,-475.07510447502136,-23986.70986056328,87,0.029156816390858944,0.6379310344827587,0.25470332850940663
YLR093C,-1,0/-,-475.11910393834114,-38624.710454300046,348,0.029133858267716535,0.6379310344827587,0.25491006822410583
YLR239C,-1,0/-,-475.1393781900406,-38551.96427190304,348,0.029110936270653028,0.6379310344827587,0.25511680793880503
YKL171W,-1,0/-,-475.1830913424492,-35209.784250855446,348,0.02908805031446541,0.6379310344827587,0.25532354765350423
YNL284C,-1,0/-,-475.2017319202423,-38407.16323894262,348,0.029065200314218383,0.6379310344827587,0.25553028736820343
YJR143C,-1,-/-,-475.2463585138321,-23649.50749695301,87,0.029042386185243328,0.6379310344827587,0.25573702708290263
YKL174C,-1,0/-,-475.2578395009041,-37606.97485239804,348,0.029019607843137254,0.6379310344827587,0.25594376679760183
YKL195W,-1,-/-,-475.27374362945557,-23419.56240427494,87,0.028996865203761754,0.6379310344827587,0.25615050651230103
YGL114W,-1,0/-,-475.3579860329628,-35931.52478778362,348,0.028974158183241974,0.6379310344827587,0.2563572462270002
YCR089W,-1,-/-,-475.41940236091614,-22100.74342930317,87,0.028951486697965573,0.6379310344827587,0.2565639859416994
YLR337C,-1,-/-,-475.4536347389221,-24112.71377813816,87,0.028928850664581705,0.6379310344827587,0.2567707256563986
YHR128W,-1,0/-,-475.4712638258934,-38005.80650638044,348,0.02890625,0.6379310344827587,0.2569774653710978
YDL086W,0,0/0,-475.5635307431221,-35925.525208353996,348,0.02890625,0.6379310344827587,0.2569774653710978
YLR190W,-1,-/-,-475.70004892349243,-23445.176854372025,87,0.02888368462138954,0.6379310344827587,0.257184205085797
YPL164C,-1,-/-,-475.72706365585327,-23547.892117500305,87,0.028861154446177848,0.6379310344827587,0.2573909448004962
YBR291C,-1,0/-,-475.762537419796,-35929.826840251684,348,0.028838659392049885,0.6379310344827587,0.2575976845151954
YOL081W,-1,0/-,-475.78610467910767,-37774.180833637714,348,0.02881619937694704,0.6379310344827587,0.2578044242298946
YLR035C,-1,-/-,-475.7953300476074,-24412.300748586655,87,0.028793774319066146,0.6379310344827587,0.2580111639445938
YGR103W,-1,-/-,-475.81263065338135,-22957.841638565063,87,0.028771384136858476,0.6379310344827587,0.2582179036592929
YOR011W,-1,-/-,-475.8364824652672,-23211.85395294428,87,0.028749028749028748,0.6379310344827587,0.2584246433739921
YNL127W,-1,-/-,-475.88510209321976,-25084.121667444706,87,0.02872670807453416,0.6379310344827587,0.2586313830886913
YOL122C,-1,-/-,-475.896187543869,-23743.13667178154,87,0.028704422032583398,0.6379310344827587,0.2588381228033905
YCR028C,-1,-/-,-475.9135422706604,-23299.859416246414,87,0.02868217054263566,0.6379310344827587,0.2590448625180897
YDL057W,0,0/0,-475.9364756345749,-36129.312042713165,348,0.02868217054263566,0.6379310344827587,0.2590448625180897
YGR131W,0,0/0,-475.96380400657654,-35712.98172688484,348,0.02868217054263566,0.6379310344827587,0.2590448625180897
YIL023C,-1,-/-,-475.9817774295807,-23766.353472948074,87,0.02865995352439969,0.6379310344827587,0.2592516022327889
YDR101C,-1,-/-,-476.0641644001007,-23589.111166477203,87,0.02863777089783282,0.6379310344827587,0.2594583419474881
YHR159W,0,0/0,-476.1196839213371,-36398.805731892586,348,0.02863777089783282,0.6379310344827587,0.2594583419474881
YBR019C,0,0/0,-476.1201483607292,-35893.34690734744,348,0.02863777089783282,0.6379310344827587,0.2594583419474881
YMR301C,-1,-/-,-476.1230010986328,-22786.750346422195,87,0.028615622583139984,0.6379310344827587,0.2596650816621873
YGL017W,-1,-/-,-476.1277973651886,-24173.79908299446,87,0.0285935085007728,0.6379310344827587,0.2598718213768865
YCR036W,0,0/0,-476.1925096511841,-40363.97751528025,348,0.0285935085007728,0.6379310344827587,0.2598718213768865
YLL040C,-1,-/-,-476.2221899032593,-24965.991829633713,87,0.02857142857142857,0.6379310344827587,0.26007856109158567
YEL046C,0,0/0,-476.24377477169037,-35808.78025442734,348,0.02857142857142857,0.6379310344827587,0.26007856109158567
YJR115W,0,0/0,-476.3036676645279,-35730.03370958567,348,0.02857142857142857,0.6379310344827587,0.26007856109158567
YBR286W,0,-/0,-476.3383758068085,-24843.33501124382,87,0.02857142857142857,0.6379310344827587,0.26007856109158567
YLR179C,-1,0/-,-476.34323543310165,-35978.04195976257,348,0.02854938271604938,0.6379310344827587,0.26028530080628487
YGL136C,-1,-/-,-476.3596761226654,-25120.290284633636,87,0.028527370855821126,0.6379310344827587,0.26049204052098407
YML056C,-1,0/-,-476.42953902482986,-38143.88902878761,348,0.028505392912172575,0.6379310344827587,0.26069878023568327
YFL062W,-1,0/-,-476.459547996521,-37460.610056644306,348,0.02848344880677444,0.6379310344827587,0.26090551995038247
YJL196C,-1,-/-,-476.46708846092224,-22928.087784051895,87,0.02846153846153846,0.6379310344827587,0.26111225966508167
YBR066C,-1,-/-,-476.4787058830261,-21313.201304078102,87,0.02843966179861645,0.6379310344827587,0.26131899937978087
YBR284W,0,-/0,-476.58588004112244,-21477.23620581627,87,0.02843966179861645,0.6379310344827587,0.26131899937978087
YDL037C,0,0/0,-476.6378646492958,-35429.265998750925,348,0.02843966179861645,0.6379310344827587,0.26131899937978087
YLR218C,-1,0/-,-476.6454502940178,-36012.346067875624,348,0.028417818740399385,0.6379310344827587,0.26152573909448007
YDR126W,-1,-/-,-476.6572949886322,-24291.858790636063,87,0.0283960092095165,0.6379310344827587,0.26173247880917927
YHR083W,-1,-/-,-476.6749930381775,-23697.736113905907,87,0.028374233128834355,0.6379310344827587,0.2619392185238784
YOL060C,-1,-/-,-476.6784493923187,-24459.89226412773,87,0.028352490421455937,0.6379310344827587,0.2621459582385776
YDL185W,-1,-/-,-476.78397727012634,-24039.721586227417,87,0.028330781010719754,0.6379310344827587,0.2623526979532768
YHR033W,0,0/0,-476.83003199100494,-35905.864101946354,348,0.028330781010719754,0.6379310344827587,0.2623526979532768
YLR141W,-1,-/-,-477.07982635498047,-21360.425200223923,87,0.028309104820198928,0.6379310344827587,0.262559437667976
YOL036W,0,0/0,-477.0800371170044,-36373.4416782856,348,0.028309104820198928,0.6379310344827587,0.262559437667976
YOR254C,-1,-/-,-477.09026527404785,-23464.54606819153,87,0.028287461773700305,0.6379310344827587,0.2627661773826752
YDR421W,-1,-/-,-477.1328465938568,-24966.079061985016,87,0.02826585179526356,0.6379310344827587,0.2629729170973744
YBR285W,0,0/0,-477.1713697910309,-35797.56664663553,348,0.02826585179526356,0.6379310344827587,0.2629729170973744
YDR079W,-1,-/-,-477.1795699596405,-23338.3365547657,87,0.028244274809160305,0.6379310344827587,0.2631796568120736
YLR346C,0,-/0,-477.2138018608093,-21415.099658966064,87,0.028244274809160305,0.6379310344827587,0.2631796568120736
YER011W,-1,0/-,-477.22022569179535,-34635.62423928827,348,0.02822273073989321,0.6379310344827587,0.2633863965267728
YGL198W,-1,0/-,-477.2517291903496,-37693.640901744366,348,0.028201219512195123,0.6379310344827587,0.26359313624147196
YGL185C,0,0/0,-477.32089364528656,-36280.846874177456,348,0.028201219512195123,0.6379310344827587,0.26359313624147196
YPL246C,0,0/0,-477.36526073515415,-38007.30646070838,348,0.028201219512195123,0.6379310344827587,0.26359313624147196
YER070W,-1,-/-,-477.3945355415344,-21364.207631349564,87,0.02817974105102818,0.6379310344827587,0.26379987595617116
YDL119C,-1,0/-,-477.5100842118263,-35828.680238842964,348,0.02815829528158295,0.6379310344827587,0.26400661567087036
YJR100C,-1,0/-,-477.51590740680695,-35389.06246685982,348,0.028136882129277566,0.6379310344827587,0.26421335538556956
YPL167C,-1,-/-,-477.5679805278778,-22714.46910047531,87,0.02811550151975684,0.6379310344827587,0.26442009510026876
YHL048W,-1,-/-,-477.5762519836426,-22338.499534606934,87,0.02809415337889142,0.6379310344827587,0.26462683481496796
YPR036W,-1,-/-,-477.63418197631836,-23035.568442821503,87,0.028072837632776935,0.6379310344827587,0.26483357452966716
YPR172W,0,0/0,-477.70439434051514,-35399.52248454094,348,0.028072837632776935,0.6379310344827587,0.26483357452966716
YMR035W,-1,-/-,-477.7068552970886,-23296.329731464386,87,0.028051554207733132,0.6379310344827587,0.26504031424436636
YNL191W,0,0/0,-477.7140209823847,-35308.67258222401,348,0.028051554207733132,0.6379310344827587,0.26504031424436636
YLR055C,-1,-/-,-477.7382538318634,-22768.36911535263,87,0.02803030303030303,0.6379310344827587,0.26524705395906556
YNL156C,-1,-/-,-477.742329120636,-23523.88630080223,87,0.028009084027252083,0.6379310344827587,0.2654537936737647
YDR084C,0,0/0,-477.7483659386635,-38066.80051067937,348,0.028009084027252083,0.6379310344827587,0.2654537936737647
YPL131W,-1,-/-,-477.7856295108795,-24768.8230843544,87,0.02798789712556732,0.6379310344827587,0.2656605333884639
YER058W,-1,0/-,-477.84129732847214,-36260.08698070049,348,0.027966742252456538,0.6379310344827587,0.2658672731031631
YOR358W,-1,0/-,-477.8451255559921,-37479.24396559596,348,0.027945619335347432,0.6379310344827587,0.2660740128178623
YHR132C,-1,0/-,-477.89939123392105,-39165.47923514247,348,0.027924528301886794,0.6379310344827587,0.2662807525325615
YDL227C,-1,-/-,-477.91568779945374,-20762.377775669098,87,0.02790346907993967,0.6379310344827587,0.2664874922472607
YDR425W,-1,-/-,-477.94821882247925,-24064.72659444809,87,0.027882441597588545,0.6379310344827587,0.2666942319619599
YLR077W,-1,0/-,-478.0037684440613,-37969.04486679286,348,0.02786144578313253,0.6379310344827587,0.2669009716766591
YLR069C,-1,-/-,-478.04455971717834,-24388.800340533257,87,0.02784048156508653,0.6379310344827587,0.2671077113913583
YIL039W,-1,-/-,-478.1248152256012,-25188.30916839838,87,0.027819548872180452,0.6379310344827587,0.26731445110605745
YKL057C,-1,-/-,-478.1807978153229,-22723.733205795288,87,0.02779864763335838,0.6379310344827587,0.26752119082075665
YDR254W,-1,-/-,-478.1987729072571,-22160.87619948387,87,0.027777777777777776,0.6379310344827587,0.26772793053545585
YHR076W,-1,0/-,-478.2974764108658,-37218.14374202117,348,0.0277569392348087,0.6379310344827587,0.26793467025015505
YML087C,0,0/0,-478.30386233329773,-35931.24121338129,348,0.0277569392348087,0.6379310344827587,0.26793467025015505
YPL221W,-1,-/-,-478.3481786251068,-22909.554211378098,87,0.027736131934032984,0.6379310344827587,0.26814140996485425
YDR438W,0,0/0,-478.35445642471313,-38036.178247213364,348,0.027736131934032984,0.6379310344827587,0.26814140996485425
YJL077C,0,0/0,-478.4062264561653,-34858.678954035044,348,0.027736131934032984,0.6379310344827587,0.26814140996485425
YGR294W,-1,0/-,-478.49485689401627,-35956.98826441169,348,0.027715355805243445,0.6379310344827587,0.26834814967955345
YOL087C,-1,0/-,-478.5198913216591,-35345.44927841425,348,0.027694610778443114,0.6379310344827587,0.26855488939425265
YOR247W,-1,0/-,-478.5266025662422,-35401.737816765904,348,0.027673896783844427,0.6379310344827587,0.26876162910895185
YJR049C,-1,+/-,-478.541601896286,-24606.593485593796,86,0.02765321375186846,0.6379310344827587,0.26896836882365105
YIL015W,-1,0/-,-478.55265045166016,-36733.53704319149,348,0.027632561613144136,0.6379310344827587,0.2691751085383502
YMR156C,-1,-/-,-478.57426261901855,-22973.134673714638,87,0.027611940298507463,0.6379310344827587,0.2693818482530494
YCL037C,-1,0/-,-478.5939836502075,-37369.93601563573,348,0.027591349739000747,0.6379310344827587,0.2695885879677486
YMR012W,-1,-/-,-478.62621092796326,-22741.009521722794,87,0.027570789865871834,0.6379310344827587,0.2697953276824478
YGR146C,0,0/0,-478.6628525853157,-36359.316324949265,348,0.027570789865871834,0.6379310344827587,0.2697953276824478
YMR031C,0,0/0,-478.6727170944214,-36105.21945619583,348,0.027570789865871834,0.6379310344827587,0.2697953276824478
YCR107W,0,-/0,-478.70290303230286,-23209.409083604813,87,0.027570789865871834,0.6379310344827587,0.2697953276824478
YHR123W,-1,-/-,-478.77357149124146,-22276.091530442238,87,0.027550260610573342,0.6379310344827587,0.270002067397147
YML068W,-1,0/-,-478.77407145500183,-38550.106611430645,348,0.027529761904761904,0.6379310344827587,0.2702088071118462
YHL042W,0,0/0,-478.7786788344383,-36653.37167328596,348,0.027529761904761904,0.6379310344827587,0.2702088071118462
YGL225W,-1,-/-,-478.77973222732544,-23130.111844062805,87,0.0275092936802974,0.6379310344827587,0.2704155468265454
YOR286W,0,0/0,-478.8213378190994,-37617.27303181961,348,0.0275092936802974,0.6379310344827587,0.2704155468265454
YNL325C,-1,-/-,-478.8544273376465,-26636.218066215515,87,0.0274888558692422,0.6379310344827587,0.2706222865412446
YGL221C,0,0/0,-478.86328626051545,-39113.10751397535,348,0.0274888558692422,0.6379310344827587,0.2706222865412446
YOR096W,-1,0/-,-478.8714901506901,-38870.63593876362,348,0.02746844840386043,0.6379310344827587,0.2708290262559438
YDR354W,0,0/0,-478.93752633035183,-38939.673315770924,348,0.02746844840386043,0.6379310344827587,0.2708290262559438
YMR226C,0,0/0,-478.9643819928169,-36378.20802158117,348,0.02746844840386043,0.6379310344827587,0.2708290262559438
YOR012W,0,0/0,-478.97666704654694,-35816.97211381793,348,0.02746844840386043,0.6379310344827587,0.2708290262559438
YDR542W,-1,0/-,-479.13484674692154,-35961.75696647167,348,0.02744807121661721,0.6379310344827587,0.27103576597064294
YPR118W,0,0/0,-479.1383691430092,-36751.9139572978,348,0.02744807121661721,0.6379310344827587,0.27103576597064294
YML027W,-1,-/-,-479.1531710624695,-22143.54073035717,87,0.02742772424017791,0.6379310344827587,0.27124250568534214
YNL230C,-1,-/-,-479.15887808799744,-22767.89418697357,87,0.027407407407407408,0.6379310344827587,0.27144924540004134
YDL230W,-1,-/-,-479.1595802307129,-23363.944532871246,87,0.027387120651369355,0.6379310344827587,0.27165598511474054
YML073C,-1,-/-,-479.1692500114441,-25451.248097896576,87,0.027366863905325445,0.6379310344827587,0.27186272482943974
YLL064C,-1,0/-,-479.2076668739319,-36610.83966591954,348,0.027346637102734665,0.6379310344827587,0.27206946454413894
YHR020W,-1,-/-,-479.2087631225586,-20367.780998706818,87,0.027326440177252585,0.6379310344827587,0.27227620425883814
YER040W,-1,-/-,-479.35860323905945,-23048.161662101746,87,0.02730627306273063,0.6379310344827587,0.27248294397353734
YJR085C,0,0/0,-479.36333072185516,-34923.92665117979,348,0.02730627306273063,0.6379310344827587,0.27248294397353734
YCL047C,-1,0/-,-479.36914789676666,-35337.74859970808,348,0.02728613569321534,0.6379310344827587,0.2726896836882365
YOL136C,-1,0/-,-479.3760640025139,-36758.06649977714,348,0.027266028002947678,0.6379310344827587,0.2728964234029357
YNL100W,-1,0/-,-479.4092064499855,-33959.471709251404,348,0.027245949926362298,0.6379310344827587,0.2731031631176349
YLR205C,-1,-/-,-479.40924859046936,-23069.971922397614,87,0.027225901398086828,0.6379310344827587,0.2733099028323341
YNL327W,0,-/0,-479.4144215583801,-20339.16187620163,87,0.027225901398086828,0.6379310344827587,0.2733099028323341
YHR185C,-1,0/-,-479.41602647304535,-36096.38145920634,348,0.027205882352941177,0.6379310344827587,0.2735166425470333
YNR022C,-1,0/-,-479.427427649498,-36770.12471267581,348,0.02718589272593681,0.6379310344827587,0.2737233822617325
YMR187C,0,0/0,-479.4782067537308,-35607.85596734285,348,0.02718589272593681,0.6379310344827587,0.2737233822617325
YDL027C,0,0/0,-479.48170179128647,-35412.81214362383,348,0.02718589272593681,0.6379310344827587,0.2737233822617325
YDR197W,-1,0/-,-479.54878428578377,-38225.26090526581,348,0.027165932452276064,0.6379310344827587,0.2739301219764317
YML127W,-1,-/-,-479.5703217983246,-23276.94059610367,87,0.02714600146735143,0.6379310344827587,0.2741368616911309
YHR105W,0,0/0,-479.6705988049507,-35856.84275391698,348,0.02714600146735143,0.6379310344827587,0.2741368616911309
YNL071W,-1,-/-,-479.675776720047,-23969.036046862602,87,0.027126099706744868,0.6379310344827587,0.2743436014058301
YPR013C,-1,0/-,-479.6989340186119,-36678.06685990095,348,0.027106227106227107,0.6379310344827587,0.27455034112052923
YIR033W,-1,-/-,-479.7321093082428,-23624.327863156796,87,0.027086383601756955,0.6379310344827587,0.27475708083522843
YCR034W,-1,-/-,-479.75112771987915,-23900.867122411728,87,0.027066569129480616,0.6379310344827587,0.27496382054992763
YJR154W,0,0/0,-479.76282703876495,-37153.994680047035,348,0.027066569129480616,0.6379310344827587,0.27496382054992763
YOR297C,-1,-/-,-479.78039383888245,-21410.93238592148,87,0.027046783625730993,0.6379310344827587,0.27517056026462683
YPL252C,0,0/0,-479.8570895269513,-38430.43998114765,348,0.027046783625730993,0.6379310344827587,0.27517056026462683
YCR105W,0,0/0,-479.935828268528,-36014.481580257416,348,0.027046783625730993,0.6379310344827587,0.27517056026462683
YPL226W,-1,0/-,-479.95074886083603,-38654.73023335263,348,0.02702702702702703,0.6379310344827587,0.27537729997932603
YKR013W,-1,0/-,-480.0661833882332,-37173.577718414366,348,0.027007299270072994,0.6379310344827587,0.27558403969402523
YOR302W,0,0/0,-480.1147698163986,-35579.29455167055,348,0.027007299270072994,0.6379310344827587,0.27558403969402523
YMR160W,0,0/0,-480.12138336896896,-35277.25597590208,348,0.027007299270072994,0.6379310344827587,0.27558403969402523
YPR198W,-1,-/-,-480.15316677093506,-23558.16029381752,87,0.02698760029175784,0.6379310344827587,0.27579077940872443
YGR062C,-1,0/-,-480.1882069706917,-37003.72328558564,348,0.02696793002915452,0.6379310344827587,0.27599751912342363
YJR107W,-1,0/-,-480.19075548648834,-36286.00599586964,348,0.026948288419519302,0.6379310344827587,0.27620425883812283
YAR031W,0,-/0,-480.20345759391785,-23382.877957582474,87,0.026948288419519302,0.6379310344827587,0.27620425883812283
YNL193W,0,0/0,-480.24487751722336,-36297.95634120703,348,0.026948288419519302,0.6379310344827587,0.27620425883812283
YBR115C,0,0/0,-480.26425206661224,-39001.923008322716,348,0.026948288419519302,0.6379310344827587,0.27620425883812283
YGL255W,-1,-/-,-480.3028268814087,-22544.37730240822,87,0.026928675400291122,0.6379310344827587,0.276410998552822
YOR224C,-1,-/-,-480.4218466281891,-23320.86610943079,87,0.02690909090909091,0.6379310344827587,0.2766177382675212
YDR264C,-1,-/-,-480.4955806732178,-24388.342222690582,87,0.02688953488372093,0.6379310344827587,0.2768244779822204
YCR023C,-1,0/-,-480.5613378882408,-35895.49065250158,348,0.026870007262164125,0.6379310344827587,0.2770312176969196
YKL071W,-1,0/-,-480.60439544916153,-35938.0143930316,348,0.026850507982583455,0.6379310344827587,0.2772379574116188
YAL017W,-1,-/-,-480.62761783599854,-23785.171411514282,87,0.026831036983321246,0.6379310344827587,0.277444697126318
YLR172C,-1,-/-,-480.72813177108765,-23287.061034798622,87,0.02681159420289855,0.6379310344827587,0.2776514368410172
YEL047C,-1,0/-,-480.73576363921165,-37764.916988521814,348,0.026792179580014484,0.6379310344827587,0.2778581765557164
YMR296C,-1,-/-,-480.7419967651367,-23384.77059340477,87,0.026772793053545588,0.6379310344827587,0.2780649162704156
YNR017W,-1,-/-,-480.74956250190735,-22451.43449807167,87,0.02675343456254519,0.6379310344827587,0.2782716559851147
YLR456W,0,0/0,-480.7864228487015,-36238.23358744383,348,0.02675343456254519,0.6379310344827587,0.2782716559851147
YEL073C,0,0/0,-480.8045511841774,-35597.86151391268,348,0.02675343456254519,0.6379310344827587,0.2782716559851147
YDR233C,-1,0/-,-480.86114448308945,-38695.2946947217,348,0.026734104046242775,0.6379310344827587,0.2784783956998139
YLR297W,0,0/0,-480.93110859394073,-35398.82797515392,348,0.026734104046242775,0.6379310344827587,0.2784783956998139
YCR052W,-1,-/-,-480.95903158187866,-23362.776091337204,87,0.026714801444043323,0.6379310344827587,0.2786851354145131
YCR075C,-1,-/-,-480.98379778862,-22447.59421300888,87,0.026695526695526696,0.6379310344827587,0.2788918751292123
YCR026C,-1,-/-,-481.0011990070343,-22525.770619153976,87,0.026676279740447006,0.6379310344827587,0.2790986148439115
YHR157W,-1,-/-,-481.00710821151733,-21124.105028629303,87,0.026657060518731988,0.6379310344827587,0.2793053545586107
YGR260W,-1,0/-,-481.04898512363434,-35980.838031589985,348,0.02663786897048236,0.6379310344827587,0.2795120942733099
YMR024W,-1,0/-,-481.0919722914696,-37647.548332333565,348,0.026618705035971222,0.6379310344827587,0.2797188339880091
YPR003C,-1,0/-,-481.17100167274475,-35879.94044589996,348,0.026599568655643422,0.6379310344827587,0.27992557370270826
YOL100W,-1,-/-,-481.2328850030899,-24242.599470496178,87,0.02658045977011494,0.6379310344827587,0.28013231341740746
YNR007C,-1,-/-,-481.30443012714386,-25727.677482008934,87,0.02656137832017229,0.6379310344827587,0.28033905313210666
YOR007C,-1,-/-,-481.3695011138916,-23588.784482955933,87,0.02654232424677188,0.6379310344827587,0.28054579284680586
YER152C,0,0/0,-481.3846789598465,-36393.12655454874,348,0.02654232424677188,0.6379310344827587,0.28054579284680586
YGR231C,-1,-/-,-481.38568329811096,-25285.683765411377,87,0.026523297491039426,0.6379310344827587,0.28075253256150506
YDL236W,0,-/0,-481.42065513134,-23907.75152528286,87,0.026523297491039426,0.6379310344827587,0.28075253256150506
YDR324C,-1,-/-,-481.47216296195984,-23202.339994430542,87,0.02650429799426934,0.6379310344827587,0.28095927227620426
YEL032W,-1,-/-,-481.4732940196991,-22438.61269927025,87,0.026485325697924122,0.6379310344827587,0.28116601199090346
YML007W,-1,-/-,-481.48092699050903,-23993.156205177307,87,0.026466380543633764,0.6379310344827587,0.28137275170560266
YMR246W,-1,-/-,-481.49344968795776,-23155.372629404068,87,0.02644746247319514,0.6379310344827587,0.28157949142030186
YML009C,-1,0/-,-481.65793171525,-37476.81786138564,348,0.02642857142857143,0.6379310344827587,0.281786231135001
YHR022C,0,0/0,-481.6611718535423,-36551.17220342159,348,0.02642857142857143,0.6379310344827587,0.281786231135001
YKR065C,-1,-/-,-481.70249605178833,-23277.82341170311,87,0.026409707351891507,0.6379310344827587,0.2819929708497002
YKL159C,-1,0/-,-481.77191561460495,-40493.885485075414,348,0.026390870185449358,0.6379310344827587,0.2821997105643994
YGL071W,-1,-/-,-481.798273563385,-23624.592200517654,87,0.026372059871703494,0.6379310344827587,0.2824064502790986
YJL131C,-1,0/-,-481.82825165987015,-35908.4404515028,348,0.026353276353276354,0.6379310344827587,0.2826131899937978
YGL036W,0,0/0,-481.847559094429,-35622.14020770788,348,0.026353276353276354,0.6379310344827587,0.2826131899937978
YNL314W,-1,-/-,-481.87559151649475,-24667.139996290207,87,0.026334519572953737,0.6379310344827587,0.282819929708497
YOR371C,-1,-/-,-481.87614727020264,-23095.954476594925,87,0.02631578947368421,0.6379310344827587,0.2830266694231962
YOR042W,-1,0/-,-481.88435611128807,-39053.3320551198,348,0.026297085998578537,0.6379310344827587,0.2832334091378954
YML016C,-1,-/-,-481.9045877456665,-23323.346824884415,87,0.026278409090909092,0.6379310344827587,0.2834401488525946
YKL215C,0,0/0,-481.9594187140465,-37177.75653719902,348,0.026278409090909092,0.6379310344827587,0.2834401488525946
YJL200C,-1,0/-,-481.9721876382828,-38207.89546492696,348,0.0262597586941093,0.6379310344827587,0.28364688856729375
YDR437W,-1,-/-,-481.99854350090027,-23192.13303542137,87,0.02624113475177305,0.6379310344827587,0.28385362828199295
YBR111C,-1,0/-,-482.0237483382225,-38875.2316185236,348,0.026222537207654145,0.6379310344827587,0.28406036799669215
YNL037C,-1,-/-,-482.08379542827606,-24649.813771367073,87,0.026203966005665724,0.6379310344827587,0.28426710771139135
YOR130C,-1,-/-,-482.10128378868103,-23372.596596479416,87,0.026185421089879687,0.6379310344827587,0.28447384742609055
YHL010C,-1,0/-,-482.1245309114456,-36662.694866240025,348,0.02616690240452617,0.6379310344827587,0.28468058714078975
YPR159W,-1,0/-,-482.1541939973831,-37324.86310622096,348,0.026148409893992933,0.6379310344827587,0.28488732685548895
YDR276C,-1,-/-,-482.19084072113037,-23219.76249551773,87,0.026129943502824857,0.6379310344827587,0.28509406657018815
YGL081W,0,0/0,-482.20754754543304,-35966.697292387486,348,0.026129943502824857,0.6379310344827587,0.28509406657018815
YNL148C,-1,-/-,-482.2754096984863,-21329.25158715248,87,0.02611150317572336,0.6379310344827587,0.28530080628488735
YDR517W,-1,-/-,-482.28676986694336,-23488.003157377243,87,0.02609308885754584,0.6379310344827587,0.2855075459995865
YDR061W,0,0/0,-482.3039211630821,-35063.166614592075,348,0.02609308885754584,0.6379310344827587,0.2855075459995865
YKL098W,0,0/0,-482.38046875596046,-39229.336948901415,348,0.02609308885754584,0.6379310344827587,0.2855075459995865
YKL165C,-1,-/-,-482.40435791015625,-23880.927949905396,87,0.026074700493305146,0.6379310344827587,0.2857142857142857
YMR002W,-1,0/-,-482.41202861070633,-38645.32310253009,348,0.026056338028169014,0.6379310344827587,0.2859210254289849
YBR302C,-1,0/-,-482.4568420648575,-37892.07213126123,348,0.026038001407459536,0.6379310344827587,0.2861277651436841
YBR008C,-1,-/-,-482.47407841682434,-20788.030123114586,87,0.026019690576652602,0.6379310344827587,0.2863345048583833
YER034W,0,0/0,-482.5021320581436,-36249.97116869688,348,0.026019690576652602,0.6379310344827587,0.2863345048583833
YER143W,-1,-/-,-482.5209290385246,-26683.59617394209,87,0.02600140548137737,0.6379310344827587,0.2865412445730825
YLR081W,-1,-/-,-482.6319420337677,-21670.903101205826,87,0.02598314606741573,0.6379310344827587,0.2867479842877817
YDR039C,-1,-/-,-482.70400977134705,-22515.621234178543,87,0.025964912280701753,0.6379310344827587,0.2869547240024809
YKR089C,-1,-/-,-482.72314500808716,-24239.4615983963,87,0.025946704067321177,0.6379310344827587,0.28716146371718004
YNL178W,-1,0/-,-482.7416224181652,-38210.13002675772,348,0.02592852137351086,0.6379310344827587,0.28736820343187924
YPL109C,0,0/0,-482.8103522658348,-35525.48035103083,348,0.02592852137351086,0.6379310344827587,0.28736820343187924
YMR295C,0,0/0,-482.8780650496483,-36209.22458046675,348,0.02592852137351086,0.6379310344827587,0.28736820343187924
YNL315C,-1,0/-,-482.8861982524395,-37850.978924218565,348,0.025910364145658265,0.6379310344827587,0.28757494314657844
YEL072W,-1,0/-,-482.89152267575264,-36817.863173276186,348,0.02589223233030091,0.6379310344827587,0.28778168286127764
YLR023C,-1,-/-,-482.9315769672394,-22202.86588013172,87,0.025874125874125874,0.6379310344827587,0.28798842257597684
YOR344C,-1,-/-,-482.95615458488464,-22250.0753633976,87,0.02585604472396925,0.6379310344827587,0.28819516229067604
YDR265W,-1,-/-,-482.9663186073303,-23863.4196434021,87,0.025837988826815643,0.6379310344827587,0.28840190200537524
YER044C-A,-1,-/-,-482.99337458610535,-20562.269507169724,87,0.025819958129797628,0.6379310344827587,0.28860864172007444
YNL339C,-1,-/-,-483.05965185165405,-22182.619580209255,87,0.02580195258019526,0.6379310344827587,0.28881538143477364
YLR010C,-1,-/-,-483.0924937725067,-23501.058993965387,87,0.02578397212543554,0.6379310344827587,0.2890221211494728
YAL032C,-1,-/-,-483.1510200500488,-23204.218133568764,87,0.02576601671309192,0.6379310344827587,0.289228860864172
YMR114C,0,0/0,-483.1803642511368,-36096.099105119705,348,0.02576601671309192,0.6379310344827587,0.289228860864172
YPL218W,-1,-/-,-483.307080745697,-24074.482449531555,87,0.025748086290883786,0.6379310344827587,0.2894356005788712
YJL057C,-1,0/-,-483.310204744339,-40580.87694185972,348,0.02573018080667594,0.6379310344827587,0.2896423402935704
YML008C,-1,-/-,-483.3293790817261,-23751.924976348877,87,0.02571230020847811,0.6379310344827587,0.2898490800082696
YNL133C,-1,-/-,-483.3412857055664,-23566.981657624245,87,0.025694444444444443,0.6379310344827587,0.2900558197229688
YLR271W,0,0/0,-483.3773338198662,-35025.29004698992,348,0.025694444444444443,0.6379310344827587,0.2900558197229688
YOR147W,-1,-/-,-483.4386477470398,-23657.28982579708,87,0.025676613462873005,0.6379310344827587,0.290262559437668
YPL070W,-1,0/-,-483.44554913043976,-37476.75909343362,348,0.02565880721220527,0.6379310344827587,0.2904692991523672
YLR004C,-1,0/-,-483.45345544815063,-36484.40371195972,348,0.02564102564102564,0.6379310344827587,0.2906760388670664
YOL113W,-1,-/-,-483.4738140106201,-24123.458419919014,87,0.025623268698060944,0.6379310344827587,0.29088277858176553
YMR180C,-1,0/-,-483.511598110199,-38486.10190922022,348,0.02560553633217993,0.6379310344827587,0.29108951829646473
YJL001W,-1,-/-,-483.51760935783386,-25641.82873082161,87,0.025587828492392807,0.6379310344827587,0.29129625801116393
YNL322C,-1,0/-,-483.53180703520775,-38873.43172720075,348,0.025570145127850726,0.6379310344827587,0.29150299772586313
YKL132C,0,0/0,-483.5336908698082,-35436.6850694716,348,0.025570145127850726,0.6379310344827587,0.29150299772586313
YIR043C,0,0/0,-483.5709772706032,-35423.62293449044,348,0.025570145127850726,0.6379310344827587,0.29150299772586313
YKL197C,-1,-/-,-483.58731293678284,-24322.356477499008,87,0.025552486187845305,0.6379310344827587,0.29170973744056233
YNL231C,-1,-/-,-483.64577412605286,-22015.199752807617,87,0.025534851621808144,0.6379310344827587,0.29191647715526153
YKR052C,-1,-/-,-483.68928265571594,-23091.11947464943,87,0.025517241379310347,0.6379310344827587,0.29212321686996073
YLR151C,-1,0/-,-483.71573865413666,-38411.35095152259,348,0.025499655410062026,0.6379310344827587,0.29232995658465993
YFL028C,-1,0/-,-483.72645831108093,-38866.52062516054,348,0.025482093663911846,0.6379310344827587,0.29253669629935913
YDL139C,-1,0/-,-483.812632933259,-38829.57096679509,348,0.025464556090846524,0.6379310344827587,0.2927434360140583
YDL046W,-1,-/-,-483.8526916503906,-25212.064157247543,87,0.02544704264099037,0.6379310344827587,0.2929501757287575
YPL058C,-1,-/-,-483.92959570884705,-23486.182487368584,87,0.02542955326460481,0.6379310344827587,0.2931569154434567
YKR005C,0,0/0,-483.9640401005745,-35835.45564746857,348,0.02542955326460481,0.6379310344827587,0.2931569154434567
YER144C,-1,0/-,-483.9819278717041,-38879.727509349585,348,0.025412087912087912,0.6379310344827587,0.2933636551581559
YGR235C,-1,0/-,-483.9886375069618,-34733.17148721218,348,0.02539464653397392,0.6379310344827587,0.2935703948728551
YDR080W,-1,-/-,-484.03541362285614,-24104.153957486153,87,0.025377229080932786,0.6379310344827587,0.2937771345875543
YLR393W,-1,0/-,-484.038168489933,-36393.83714398742,348,0.025359835503769704,0.6379310344827587,0.2939838743022535
YLR040C,-1,0/-,-484.03990095853806,-36071.15905678272,348,0.025342465753424658,0.6379310344827587,0.2941906140169527
YBL091C-A,-1,0/-,-484.05328899621964,-36293.35692071915,348,0.025325119780971937,0.6379310344827587,0.2943973537316518
YPL012W,-1,-/-,-484.05974888801575,-22755.373244285583,87,0.0253077975376197,0.6379310344827587,0.294604093446351
YDR104C,-1,0/-,-484.103594660759,-39176.162618011236,348,0.025290498974709502,0.6379310344827587,0.2948108331610502
YDR063W,-1,0/-,-484.12919932603836,-34902.24537593126,348,0.025273224043715847,0.6379310344827587,0.2950175728757494
YNL141W,-1,0/-,-484.17820209264755,-37077.806132763624,348,0.025255972696245733,0.6379310344827587,0.2952243125904486
YBR218C,-1,+/-,-484.17879605293274,-24371.030164718628,86,0.0252387448840382,0.6379310344827587,0.2954310523051478
YMR150C,-1,-/-,-484.18760418891907,-24231.972229719162,87,0.025221540558963872,0.6379310344827587,0.295637792019847
YOR187W,-1,-/-,-484.27325081825256,-23545.13166332245,87,0.025204359673024524,0.6379310344827587,0.2958445317345462
YPL273W,-1,0/-,-484.29608899354935,-38274.89910814166,348,0.02518720217835262,0.6379310344827587,0.2960512714492454
YFL060C,1,+/+,-484.4522473812103,-22723.082579612732,86,0.02585034013605442,0.6551724137931034,0.2960512714492454
YNL138W,-1,-/-,-484.45419359207153,-26479.358073711395,87,0.02583276682528892,0.6551724137931034,0.29625801116394457
YLR259C,-1,-/-,-484.50461649894714,-23382.381112337112,87,0.025815217391304348,0.6551724137931034,0.29646475087864377
YMR093W,-1,-/-,-484.543906211853,-23334.443836331367,87,0.025797691785471828,0.6551724137931034,0.29667149059334297
YBR104W,-1,0/-,-484.56804263591766,-39328.89895275235,348,0.025780189959294438,0.6551724137931034,0.29687823030804217
YCR007C,0,0/0,-484.5876655578613,-36904.1040302515,348,0.025780189959294438,0.6551724137931034,0.29687823030804217
YMR026C,-1,-/-,-484.5983211994171,-25021.75752735138,87,0.02576271186440678,0.6551724137931034,0.29708497002274137
YGR046W,-1,-/-,-484.6020977497101,-23680.477964878082,87,0.025745257452574527,0.6551724137931034,0.29729170973744057
YBR088C,-1,-/-,-484.6091830730438,-23398.039435386658,87,0.025727826675693975,0.6551724137931034,0.29749844945213977
YLR425W,-1,-/-,-484.6516168117523,-24551.297943115234,87,0.02571041948579161,0.6551724137931034,0.29770518916683897
YOL051W,-1,-/-,-484.6890826225281,-23682.372169733047,87,0.025693035835023664,0.6551724137931034,0.29791192888153817
YMR293C,-1,-/-,-484.6907784938812,-24186.18987584114,87,0.025675675675675677,0.6551724137931034,0.2981186685962373
YCR069W,-1,0/-,-484.70327949523926,-37879.14510551095,348,0.025658338960162053,0.6551724137931034,0.2983254083109365
YAL040C,-1,-/-,-484.714825630188,-22984.15328478813,87,0.02564102564102564,0.6551724137931034,0.2985321480256357
YMR162C,-1,-/-,-484.74192667007446,-23720.055415153503,87,0.02562373567093729,0.6551724137931034,0.2987388877403349
YDL220C,-1,-/-,-484.75356793403625,-21294.004835367203,87,0.025606469002695417,0.6551724137931034,0.2989456274550341
YDR252W,-1,-/-,-484.75638461112976,-21337.654244065285,87,0.02558922558922559,0.6551724137931034,0.2991523671697333
YJR133W,-1,0/-,-484.8080085515976,-38816.06474351883,348,0.02557200538358008,0.6551724137931034,0.2993591068844325
YDR060W,-1,-/-,-484.829776763916,-23927.07441163063,87,0.025554808338937456,0.6551724137931034,0.2995658465991317
YNL108C,0,0/0,-484.8358498811722,-37914.97961983085,348,0.025554808338937456,0.6551724137931034,0.2995658465991317
YFR047C,-1,+/-,-484.8387098312378,-24072.24821472168,86,0.025537634408602152,0.6551724137931034,0.2997725863138309
YOR272W,-1,-/-,-484.871319770813,-23586.74736714363,87,0.02552048354600403,0.6551724137931034,0.29997932602853006
YBR024W,-1,-/-,-484.87494707107544,-23694.1874294281,87,0.025503355704697986,0.6551724137931034,0.30018606574322926
YDR319C,-1,0/-,-484.88263607025146,-38989.3661685884,348,0.025486250838363516,0.6551724137931034,0.30039280545792846
YGR220C,-1,-/-,-484.92229676246643,-23527.65219759941,87,0.02546916890080429,0.6551724137931034,0.30059954517262766
YIL119C,-1,+/-,-484.9481313228607,-21118.321925640106,86,0.025452109845947757,0.6551724137931034,0.30080628488732686
YGR281W,-1,-/-,-484.9527037143707,-22355.26700568199,87,0.025435073627844713,0.6551724137931034,0.30101302460202606
YKR027W,-1,-/-,-484.9528019428253,-23417.04936480522,87,0.025418060200668897,0.6551724137931034,0.30121976431672526
YLR300W,-1,0/-,-484.9810279607773,-36496.36141991615,348,0.02540106951871658,0.6551724137931034,0.30142650403142446
YOR385W,0,0/0,-485.06754660606384,-35731.61950916052,348,0.02540106951871658,0.6551724137931034,0.30142650403142446
YPL037C,-1,-/-,-485.09938073158264,-23662.678572416306,87,0.025384101536406144,0.6551724137931034,0.3016332437461236
YER139C,-1,0/-,-485.13598549366,-38534.45576739311,348,0.025367156208277702,0.6551724137931034,0.3018399834608228
YHR186C,-1,-/-,-485.16285586357117,-25045.155742406845,87,0.025350233488992662,0.6551724137931034,0.302046723175522
YBR063C,0,0/0,-485.1902415752411,-36719.44517213106,348,0.025350233488992662,0.6551724137931034,0.302046723175522
YMR015C,-1,-/-,-485.23153257369995,-22535.731737613678,87,0.025333333333333333,0.6551724137931034,0.3022534628902212
YPL046C,-1,-/-,-485.3016822338104,-22258.083845973015,87,0.02531645569620253,0.6551724137931034,0.3024602026049204
YJL206C,-1,0/-,-485.3130902647972,-36905.57030880451,348,0.02529960053262317,0.6551724137931034,0.3026669423196196
YEL063C,-1,-/-,-485.3621234893799,-22455.260446548462,87,0.025282767797737856,0.6551724137931034,0.3028736820343188
YHR041C,-1,-/-,-485.37804079055786,-23835.523607850075,87,0.02526595744680851,0.6551724137931034,0.303080421749018
YKR056W,-1,-/-,-485.4031596183777,-23093.79642057419,87,0.02524916943521595,0.6551724137931034,0.3032871614637172
YHR108W,-1,-/-,-485.4839508533478,-23612.51695919037,87,0.025232403718459494,0.6551724137931034,0.30349390117841635
YOR005C,-1,-/-,-485.49451422691345,-24540.121435165405,87,0.025215660252156602,0.6551724137931034,0.30370064089311555
YIR035C,0,0/0,-485.5213159918785,-35260.30740982294,348,0.025215660252156602,0.6551724137931034,0.30370064089311555
YLR079W,-1,-/-,-485.55921483039856,-22997.676723837852,87,0.025198938992042442,0.6551724137931034,0.30390738060781475
YCR059C,-1,0/-,-485.59088134765625,-38971.976749792695,348,0.025182239893969515,0.6551724137931034,0.30411412032251395
YMR220W,-1,-/-,-485.6031959056854,-23536.615313887596,87,0.025165562913907286,0.6551724137931034,0.30432086003721315
YKL138C,-1,0/-,-485.6038838624954,-38720.398404181,348,0.02514890800794176,0.6551724137931034,0.30452759975191235
YAR003W,-1,-/-,-485.6088864803314,-23389.244027614594,87,0.02513227513227513,0.6551724137931034,0.30473433946661155
YHR184W,-1,0/-,-485.6243909597397,-35621.62130177021,348,0.02511566424322538,0.6551724137931034,0.30494107918131075
YGL089C,-1,-/-,-485.6330966949463,-19618.425309419632,87,0.02509907529722589,0.6551724137931034,0.30514781889600995
YLR460C,0,0/0,-485.6398116350174,-36289.19749939442,348,0.02509907529722589,0.6551724137931034,0.30514781889600995
YDR150W,-1,-/-,-485.6500608921051,-24655.00383079052,87,0.025082508250825083,0.6551724137931034,0.3053545586107091
YJL185C,-1,0/-,-485.7534298300743,-35067.63216981292,348,0.025065963060686015,0.6551724137931034,0.3055612983254083
YGL201C,-1,-/-,-485.80581068992615,-23471.705851078033,87,0.025049439683586024,0.6551724137931034,0.3057680380401075
YBR187W,-1,0/-,-485.8138592913747,-37341.35802773386,348,0.025032938076416336,0.6551724137931034,0.3059747777548067
YNL159C,-1,-/-,-485.81664752960205,-24342.33846950531,87,0.025016458196181698,0.6551724137931034,0.3061815174695059
YNL121C,-1,-/-,-485.87916374206543,-23605.430777430534,87,0.025,0.6551724137931034,0.3063882571842051
YPR158W,-1,0/-,-485.8951762318611,-36174.61552003026,348,0.024983563445101907,0.6551724137931034,0.3065949968989043
YNL177C,-1,-/-,-485.9025559425354,-23091.422833442688,87,0.024967148488830485,0.6551724137931034,0.3068017366136035
YKL128C,0,0/0,-485.92108941078186,-37136.727185577154,348,0.024967148488830485,0.6551724137931034,0.3068017366136035
YJR092W,-1,-/-,-485.93141293525696,-23008.080995082855,87,0.02495075508864084,0.6551724137931034,0.3070084763283027
YPL244C,-1,-/-,-485.9575400352478,-23147.484372377396,87,0.024934383202099737,0.6551724137931034,0.30721521604300184
YHR074W,-1,+/-,-485.9621961116791,-24095.559371709824,86,0.024918032786885248,0.6551724137931034,0.30742195575770104
YER153C,-1,0/-,-486.0189326405525,-36044.89109826088,348,0.02490170380078637,0.6551724137931034,0.30762869547240024
YHL047C,-1,-/-,-486.0220904350281,-22270.07309758663,87,0.024885396201702686,0.6551724137931034,0.30783543518709944
YBR237W,-1,-/-,-486.0290832519531,-22563.69890499115,87,0.024869109947643978,0.6551724137931034,0.30804217490179864
YLR194C,-1,0/-,-486.0330957174301,-36065.63034617901,348,0.02485284499672989,0.6551724137931034,0.30824891461649784
YDL091C,-1,0/-,-486.04411098361015,-39779.72747513652,348,0.02483660130718954,0.6551724137931034,0.30845565433119704
YLR048W,-1,-/-,-486.0646598339081,-23724.87597489357,87,0.024820378837361202,0.6551724137931034,0.30866239404589624
YEL027W,-1,-/-,-486.19144797325134,-23159.143134117126,87,0.024804177545691905,0.6551724137931034,0.30886913376059544
YCR084C,-1,-/-,-486.19850420951843,-24392.897910416126,87,0.024787997390737115,0.6551724137931034,0.3090758734752946
YDR234W,0,0/0,-486.22260999679565,-36640.342970736325,348,0.024787997390737115,0.6551724137931034,0.3090758734752946
YPR074C,0,+/0,-486.2558832168579,-23630.760233163834,86,0.024787997390737115,0.6551724137931034,0.3090758734752946
YOR292C,0,0/0,-486.2894774079323,-35628.616731762886,348,0.024787997390737115,0.6551724137931034,0.3090758734752946
YKL037W,-1,0/-,-486.386221408844,-36069.91028380394,348,0.024771838331160364,0.6551724137931034,0.3092826131899938
YMR217W,-1,0/-,-486.3907068967819,-38364.42982585728,348,0.024755700325732898,0.6551724137931034,0.309489352904693
YPL176C,-1,-/-,-486.3947515487671,-22424.525762081146,87,0.024739583333333332,0.6551724137931034,0.3096960926193922
YBR234C,-1,-/-,-486.43493914604187,-24862.980731129646,87,0.0247234873129473,0.6551724137931034,0.3099028323340914
YLR360W,-1,-/-,-486.4380748271942,-23614.695880889893,87,0.0247074122236671,0.6551724137931034,0.3101095720487906
YBR067C,-1,0/-,-486.4438529610634,-35834.7033033967,348,0.024691358024691357,0.6551724137931034,0.3103163117634898
YML029W,-1,-/-,-486.5291509628296,-25869.243267297745,87,0.024675324675324677,0.6551724137931034,0.310523051478189
YBR228W,-1,-/-,-486.5954010486603,-24766.34392285347,87,0.02465931213497729,0.6551724137931034,0.3107297911928881
YLL050C,-1,-/-,-486.6504008769989,-23443.9999191761,87,0.02464332036316472,0.6551724137931034,0.3109365309075873
YDR347W,-1,0/-,-486.69663828611374,-38153.42601823807,348,0.02462734931950745,0.6551724137931034,0.3111432706222865
YNL157W,-1,0/-,-486.75305742025375,-34890.069531828165,348,0.02461139896373057,0.6551724137931034,0.3113500103369857
YPR100W,-1,-/-,-486.7603361606598,-24432.280079960823,87,0.02459546925566343,0.6551724137931034,0.3115567500516849
YPL148C,-1,0/-,-486.7836531996727,-37285.65063868463,348,0.02457956015523933,0.6551724137931034,0.3117634897663841
YFL039C,-1,-/-,-486.80171632766724,-23127.233056545258,87,0.02456367162249515,0.6551724137931034,0.3119702294810833
YDR381W,-1,-/-,-486.8022816181183,-22634.178802490234,87,0.02454780361757106,0.6551724137931034,0.3121769691957825
YDR034C,-1,0/-,-486.8128949403763,-37209.64903238416,348,0.024531956100710135,0.6551724137931034,0.3123837089104817
YJR052W,-1,-/-,-486.8635618686676,-24388.834586381912,87,0.024516129032258065,0.6551724137931034,0.3125904486251809
YAR029W,0,0/0,-486.88228434324265,-37164.38999539614,348,0.024516129032258065,0.6551724137931034,0.3125904486251809
YMR182C,-1,-/-,-486.9100639820099,-21050.732411682606,87,0.024500322372662798,0.6551724137931034,0.3127971883398801
YHR122W,-1,0/-,-487.0668853521347,-36409.81451481581,348,0.024484536082474227,0.6551724137931034,0.3130039280545793
YDR156W,-1,-/-,-487.0696678161621,-23406.36582362652,87,0.02446877012234385,0.6551724137931034,0.3132106677692785
YDR109C,0,0/0,-487.1022077202797,-36625.262144744396,348,0.02446877012234385,0.6551724137931034,0.3132106677692785
YEL001C,0,0/0,-487.13002812862396,-38070.45073196292,348,0.02446877012234385,0.6551724137931034,0.3132106677692785
YMR030W,-1,-/-,-487.13218903541565,-24936.572568178177,87,0.02445302445302445,0.6551724137931034,0.3134174074839777
YLL053C,-1,0/-,-487.23165315389633,-37208.92196261883,348,0.024437299035369776,0.6551724137931034,0.3136241471986769
YER042W,-1,-/-,-487.2351360321045,-22684.5516051054,87,0.02442159383033419,0.6551724137931034,0.3138308869133761
YPR164W,-1,-/-,-487.2458155155182,-22656.977392673492,87,0.024405908798972382,0.6551724137931034,0.3140376266280753
YKL209C,-1,0/-,-487.2876850962639,-37223.807537294924,348,0.024390243902439025,0.6551724137931034,0.3142443663427745
YGR175C,-1,-/-,-487.3433518409729,-22335.10243654251,87,0.024374599101988453,0.6551724137931034,0.3144511060574736
YMR206W,0,0/0,-487.34603583812714,-35542.68980181217,348,0.024374599101988453,0.6551724137931034,0.3144511060574736
YDL233W,-1,0/-,-487.36649572849274,-36241.15833938122,348,0.02435897435897436,0.6551724137931034,0.3146578457721728
YNL066W,-1,-/-,-487.3687379360199,-22417.093882083893,87,0.024343369634849454,0.6551724137931034,0.314864585486872
YML117W,0,0/0,-487.41456258296967,-39313.469695717096,348,0.024343369634849454,0.6551724137931034,0.314864585486872
YPL133C,-1,-/-,-487.4833700656891,-24021.728779017925,87,0.024327784891165175,0.6551724137931034,0.3150713252015712
YJL218W,0,0/0,-487.51468712091446,-36373.52533060312,348,0.024327784891165175,0.6551724137931034,0.3150713252015712
YOR198C,-1,-/-,-487.5524353981018,-23845.869170308113,87,0.02431222008957134,0.6551724137931034,0.3152780649162704
YBR120C,-1,0/-,-487.5803596377373,-38406.53910306096,348,0.024296675191815855,0.6551724137931034,0.3154848046309696
YFL022C,-1,-/-,-487.59453892707825,-24522.81761622429,87,0.02428115015974441,0.6551724137931034,0.3156915443456688
YMR080C,-1,-/-,-487.5958333015442,-23871.89872121811,87,0.024265644955300127,0.6551724137931034,0.315898284060368
YJR039W,0,0/0,-487.6025604605675,-36235.96926468611,348,0.024265644955300127,0.6551724137931034,0.315898284060368
YBR080C,-1,-/-,-487.611115694046,-25687.899687886238,87,0.024250159540523293,0.6551724137931034,0.3161050237750672
YGR295C,-1,0/-,-487.65554243326187,-36939.862057469785,348,0.02423469387755102,0.6551724137931034,0.31631176348976636
YKL064W,-1,-/-,-487.696276307106,-25562.91159403324,87,0.024219247928616953,0.6551724137931034,0.31651850320446556
YDR287W,-1,0/-,-487.721615254879,-38650.39974066615,348,0.024203821656050957,0.6551724137931034,0.31672524291916476
YDL126C,-1,-/-,-487.91560649871826,-26350.558050990105,87,0.0241884150222788,0.6551724137931034,0.31693198263386396
YJR051W,-1,0/-,-487.9762953519821,-37391.94467136264,348,0.024173027989821884,0.6551724137931034,0.31713872234856316
YGR211W,-1,-/-,-488.06446838378906,-20484.576372623444,87,0.024157660521296885,0.6551724137931034,0.31734546206326236
YLR047C,-1,-/-,-488.08574509620667,-22031.045360565186,87,0.0241423125794155,0.6551724137931034,0.31755220177796156
YDR316W,0,0/0,-488.0900282263756,-37597.15136834979,348,0.0241423125794155,0.6551724137931034,0.31755220177796156
YGR067C,-1,0/-,-488.1625413298607,-36899.315857470036,348,0.02412698412698413,0.6551724137931034,0.31775894149266076
YJL101C,-1,-/-,-488.1890501976013,-24188.886603951454,87,0.024111675126903553,0.6551724137931034,0.3179656812073599
YNL137C,-1,0/-,-488.1962260007858,-38392.95888003707,348,0.024096385542168676,0.6551724137931034,0.3181724209220591
YDR248C,-1,0/-,-488.23912781476974,-36987.692611038685,348,0.024081115335868188,0.6551724137931034,0.3183791606367583
YMR021C,-1,-/-,-488.33831453323364,-25524.33234810829,87,0.024065864471184292,0.6551724137931034,0.3185859003514575
YNL011C,0,0/0,-488.4349194765091,-35216.19924211502,348,0.024065864471184292,0.6551724137931034,0.3185859003514575
YIL173W,-1,-/-,-488.4436705112457,-23267.157047748566,87,0.024050632911392405,0.6551724137931034,0.3187926400661567
YHR057C,-1,0/-,-488.4799338579178,-37525.466633975506,348,0.02403542061986085,0.6551724137931034,0.3189993797808559
YIR018W,-1,-/-,-488.5481321811676,-22507.317883729935,87,0.02402022756005057,0.6551724137931034,0.3192061194955551
YDR520C,-1,0/-,-488.62762373685837,-40042.2060880959,348,0.024005053695514846,0.6551724137931034,0.3194128592102543
YGR184C,-1,0/-,-488.67929285764694,-37141.77055901289,348,0.023989898989898988,0.6551724137931034,0.3196195989249535
YPL076W,-1,-/-,-488.7011022567749,-21704.971796751022,87,0.023974763406940065,0.6551724137931034,0.31982633863965265
YBR159W,-1,-/-,-488.75513792037964,-21639.90382862091,87,0.02395964691046658,0.6551724137931034,0.32003307835435185
YLR168C,-1,0/-,-488.8483712673187,-35308.13381616771,348,0.023944549464398234,0.6551724137931034,0.32023981806905105
YLR371W,-1,-/-,-488.858828663826,-23190.892594516277,87,0.02392947103274559,0.6551724137931034,0.32044655778375025
YKR092C,0,0/0,-488.8942001461983,-38012.16841238737,348,0.02392947103274559,0.6551724137931034,0.32044655778375025
YOR183W,0,0/0,-488.9236436486244,-36463.94017586112,348,0.02392947103274559,0.6551724137931034,0.32044655778375025
YJL194W,-1,-/-,-488.9358015060425,-23000.234773159027,87,0.02391441157960982,0.6551724137931034,0.32065329749844945
YDR041W,-1,0/-,-488.9555412232876,-37710.30838984251,348,0.02389937106918239,0.6551724137931034,0.32086003721314865
YOR288C,-1,-/-,-488.96950507164,-23419.27085375786,87,0.023884349465744813,0.6551724137931034,0.32106677692784785
YEL021W,-1,0/-,-489.01197642087936,-38162.26484513283,348,0.02386934673366834,0.6551724137931034,0.32127351664254705
YJL212C,-1,0/-,-489.04300260543823,-36269.56304487586,348,0.023854362837413684,0.6551724137931034,0.32148025635724625
YER101C,-1,0/-,-489.08393144607544,-39563.606303945184,348,0.02383939774153074,0.6551724137931034,0.3216869960719454
YLR016C,-1,-/-,-489.1331148147583,-23577.16123664379,87,0.023824451410658306,0.6551724137931034,0.3218937357866446
YKL008C,-1,-/-,-489.1461248397827,-22716.2099609375,87,0.023809523809523808,0.6551724137931034,0.3221004755013438
YBR166C,0,0/0,-489.188148856163,-39108.8862003386,348,0.023809523809523808,0.6551724137931034,0.3221004755013438
YDR493W,-1,0/-,-489.20350140333176,-37247.316559523344,348,0.023794614902943018,0.6551724137931034,0.322307215216043
YKR006C,-1,0/-,-489.2124367952347,-38337.78785431385,348,0.023779724655819776,0.6551724137931034,0.3225139549307422
YFR040W,-1,-/-,-489.23018503189087,-21788.54560494423,87,0.023764853033145718,0.6551724137931034,0.3227206946454414
YHR190W,-1,-/-,-489.2611109018326,-24200.796247124672,87,0.02375,0.6551724137931034,0.3229274343601406
YCL017C,-1,-/-,-489.26777505874634,-23164.716403484344,87,0.023735165521549032,0.6551724137931034,0.3231341740748398
YLR424W,-1,-/-,-489.3052976131439,-22244.86165213585,87,0.02372034956304619,0.6551724137931034,0.323340913789539
YOR033C,-1,-/-,-489.38910460472107,-23678.661273002625,87,0.023705552089831567,0.6551724137931034,0.32354765350423814
YNL213C,-1,-/-,-489.46070098876953,-20189.480043411255,87,0.02369077306733167,0.6551724137931034,0.32375439321893734
YDL039C,0,-/0,-489.4796600341797,-22586.423283576965,87,0.02369077306733167,0.6551724137931034,0.32375439321893734
YEL035C,0,0/0,-489.4868905544281,-37677.94749581814,348,0.02369077306733167,0.6551724137931034,0.32375439321893734
YGR097W,-1,-/-,-489.49926233291626,-24002.932100236416,87,0.02367601246105919,0.6551724137931034,0.32396113293363654
YJL174W,-1,0/-,-489.5152853131294,-38452.04185308516,348,0.023661270236612703,0.6551724137931034,0.32416787264833574
YKL187C,-1,0/-,-489.5342625975609,-36116.0385838747,348,0.023646546359676415,0.6551724137931034,0.32437461236303494
YNR053C,-1,-/-,-489.5702455043793,-22921.97303700447,87,0.0236318407960199,0.6551724137931034,0.32458135207773414
YCR019W,0,0/0,-489.58873105049133,-37612.04206866026,348,0.0236318407960199,0.6551724137931034,0.32458135207773414
YBR251W,-1,0/-,-489.61125206947327,-38193.84473529458,348,0.023617153511497825,0.6551724137931034,0.32478809179243334
YNL307C,-1,-/-,-489.6192319393158,-22278.41204917431,87,0.02360248447204969,0.6551724137931034,0.32499483150713254
YPL270W,-1,-/-,-489.6277012825012,-24280.848783135414,87,0.023587833643699565,0.6551724137931034,0.3252015712218317
YLR293C,-1,-/-,-489.6425530910492,-24626.247856855392,87,0.02357320099255583,0.6551724137931034,0.3254083109365309
YBR062C,-1,0/-,-489.65468871593475,-35501.66222178936,348,0.023558586484810913,0.6551724137931034,0.3256150506512301
YNL086W,-1,0/-,-489.66729360818863,-36868.93171173334,348,0.023543990086741014,0.6551724137931034,0.3258217903659293
YIR006C,-1,-/-,-489.71900844573975,-24133.467326402664,87,0.023529411764705882,0.6551724137931034,0.3260285300806285
YLR225C,-1,0/-,-489.7627799510956,-35953.5134575963,348,0.023514851485148515,0.6551724137931034,0.3262352697953277
YEL058W,-1,0/-,-489.77191239595413,-38623.776047587395,348,0.02350030921459493,0.6551724137931034,0.3264420095100269
YOR223W,-1,0/-,-489.8060293793678,-36057.673734784126,348,0.023485784919653894,0.6551724137931034,0.3266487492247261
YNL183C,-1,0/-,-489.8674530982971,-40573.93723502755,348,0.02347127856701668,0.6551724137931034,0.3268554889394253
YDL178W,-1,-/-,-489.881452023983,-25623.999990403652,87,0.02345679012345679,0.6551724137931034,0.32706222865412443
YMR013C,-1,-/-,-489.9222173690796,-24614.547595977783,87,0.023442319555829736,0.6551724137931034,0.32726896836882363
YML067C,-1,-/-,-489.9225821495056,-24421.85236144066,87,0.02342786683107275,0.6551724137931034,0.32747570808352283
YDR406W,-1,0/-,-489.9584445655346,-36819.869021475315,348,0.02341343191620456,0.6551724137931034,0.32768244779822203
YOL028C,-1,-/-,-490.018479347229,-22132.2744140625,87,0.023399014778325122,0.6551724137931034,0.32788918751292123
YDL051W,-1,-/-,-490.0213177204132,-23015.763203144073,87,0.023384615384615386,0.6551724137931034,0.32809592722762043
YDR434W,-1,-/-,-490.02287244796753,-24709.284206151962,87,0.023370233702337023,0.6551724137931034,0.32830266694231963
YBL007C,-1,-/-,-490.02947092056274,-23801.382939577103,87,0.023355869698832205,0.6551724137931034,0.32850940665701883
YOL108C,-1,-/-,-490.05677819252014,-24207.617037534714,87,0.02334152334152334,0.6551724137931034,0.32871614637171803
YEL057C,0,-/0,-490.14522671699524,-22514.76846408844,87,0.02334152334152334,0.6551724137931034,0.32871614637171803
YCR077C,-1,-/-,-490.18371176719666,-23190.141462802887,87,0.02332719459791283,0.6551724137931034,0.3289228860864172
YNL006W,-1,-/-,-490.2036306858063,-22457.16766524315,87,0.023312883435582823,0.6551724137931034,0.3291296258011164
YCL032W,-1,-/-,-490.20772647857666,-25819.092031240463,87,0.023298589822194973,0.6551724137931034,0.3293363655158156
YIL109C,-1,-/-,-490.21856141090393,-23764.7683095932,87,0.023284313725490197,0.6551724137931034,0.3295431052305148
YDR541C,-1,0/-,-490.2455184459686,-36854.08251172304,348,0.023270055113288425,0.6551724137931034,0.329749844945214
YBR243C,-1,-/-,-490.2490358352661,-22562.80916786194,87,0.023255813953488372,0.6551724137931034,0.3299565846599132
YOR107W,-1,0/-,-490.26284724473953,-35547.509936988354,348,0.023241590214067277,0.6551724137931034,0.3301633243746124
YDL008W,-1,-/-,-490.3017339706421,-23021.047277212143,87,0.023227383863080684,0.6551724137931034,0.3303700640893116
YIL083C,-1,0/-,-490.31758803129196,-37150.4909568727,348,0.023213194868662187,0.6551724137931034,0.3305768038040108
YKL070W,0,-/0,-490.3214569091797,-21806.58940219879,87,0.023213194868662187,0.6551724137931034,0.3305768038040108
YMR128W,-1,-/-,-490.3643624782562,-24261.82009601593,87,0.0231990231990232,0.6551724137931034,0.3307835435187099
YBL097W,-1,-/-,-490.3729338645935,-22048.787922382355,87,0.023184868822452714,0.6551724137931034,0.3309902832334091
YLR392C,-1,0/-,-490.4054470062256,-36053.520707309246,348,0.023170731707317073,0.6551724137931034,0.3311970229481083
YLR165C,-1,-/-,-490.4442331790924,-23137.39815878868,87,0.02315661182205972,0.6551724137931034,0.3314037626628075
YKL096W-A,-1,0/-,-490.4567239880562,-37018.65442663431,348,0.023142509135200974,0.6551724137931034,0.3316105023775067
YLL046C,0,0/0,-490.4571650028229,-36999.61464509368,348,0.023142509135200974,0.6551724137931034,0.3316105023775067
YLR439W,-1,0/-,-490.4942184686661,-37211.80851717293,348,0.023128423615337797,0.6551724137931034,0.3318172420922059
YBR213W,0,-/0,-490.5407724380493,-23592.797796964645,87,0.023128423615337797,0.6551724137931034,0.3318172420922059
YDR519W,-1,0/-,-490.5912578701973,-39305.3957939446,348,0.023114355231143552,0.6551724137931034,0.3320239818069051
YDR454C,-1,0/-,-490.6112864613533,-39170.24337542057,348,0.023100303951367782,0.6551724137931034,0.3322307215216043
YGR130C,0,0/0,-490.646896481514,-35698.777629733086,348,0.023100303951367782,0.6551724137931034,0.3322307215216043
YGL123W,-1,0/-,-490.69669783115387,-39716.536313444376,348,0.023086269744835967,0.6551724137931034,0.33243746123630347
YLR158C,-1,-/-,-490.7565493583679,-22991.539566755295,87,0.0230722525804493,0.6551724137931034,0.33264420095100267
YIL137C,-1,0/-,-490.76934349536896,-39895.14478760958,348,0.023058252427184466,0.6551724137931034,0.33285094066570187
YNR048W,-1,-/-,-490.8244273662567,-23853.288354873657,87,0.02304426925409339,0.6551724137931034,0.33305768038040107
YDR272W,-1,-/-,-490.82979011535645,-24672.654926776886,87,0.02303030303030303,0.6551724137931034,0.33326442009510027
YOR175C,-1,0/-,-490.8319210112095,-37843.89782799408,348,0.02301635372501514,0.6551724137931034,0.33347115980979947
YGR205W,0,0/0,-490.8482304215431,-36765.08106303215,348,0.02301635372501514,0.6551724137931034,0.33347115980979947
YGR222W,-1,-/-,-490.91487526893616,-24083.149968266487,87,0.023002421307506054,0.6551724137931034,0.33367789952449867
YER165W,-1,-/-,-490.93693017959595,-23841.1444337368,87,0.022988505747126436,0.6551724137931034,0.33388463923919787
YMR137C,-1,-/-,-490.9390983581543,-24351.99785923958,87,0.022974607013301087,0.6551724137931034,0.33409137895389707
YML013W,-1,-/-,-490.97062158584595,-24935.186584472656,87,0.022960725075528703,0.6551724137931034,0.3342981186685962
YOR097C,0,0/0,-491.0168054699898,-35229.692525565624,348,0.022960725075528703,0.6551724137931034,0.3342981186685962
YGR094W,-1,-/-,-491.0357701778412,-24430.634419441223,87,0.022946859903381644,0.6551724137931034,0.3345048583832954
YGL133W,-1,-/-,-491.04619908332825,-24059.133257865906,87,0.022933011466505733,0.6551724137931034,0.3347115980979946
YDR078C,-1,-/-,-491.0891492366791,-23743.17009806633,87,0.022919179734620022,0.6551724137931034,0.3349183378126938
YML107C,-1,-/-,-491.1301054954529,-24956.916364312172,87,0.022905364677516575,0.6551724137931034,0.335125077527393
YPL118W,-1,-/-,-491.1516387462616,-24457.69785785675,87,0.02289156626506024,0.6551724137931034,0.3353318172420922
YJR079W,0,0/0,-491.1734800338745,-35999.03644299507,348,0.02289156626506024,0.6551724137931034,0.3353318172420922
YMR244C-A,-1,0/-,-491.2370584011078,-35761.646237671375,348,0.022877784467188442,0.6551724137931034,0.3355385569567914
YKL104C,-1,0/-,-491.2602615952492,-38365.273895800114,348,0.02286401925391095,0.6551724137931034,0.3357452966714906
YBL013W,-1,-/-,-491.2981610298157,-22151.900413751602,87,0.022850270595309682,0.6551724137931034,0.3359520363861898
YER089C,-1,-/-,-491.32521057128906,-22355.106772184372,87,0.02283653846153846,0.6551724137931034,0.33615877610088896
YJL097W,-1,0/-,-491.3623864352703,-38817.22231692076,348,0.022822822822822823,0.6551724137931034,0.33636551581558816
YLR332W,-1,-/-,-491.38275480270386,-23323.488899827003,87,0.022809123649459785,0.6551724137931034,0.33657225553028736
YJL051W,-1,0/-,-491.40157264471054,-37659.34284359217,348,0.022795440911817635,0.6551724137931034,0.33677899524498656
YER006W,-1,-/-,-491.5058538913727,-23257.79891514778,87,0.022781774580335732,0.6551724137931034,0.33698573495968576
YFR045W,-1,0/-,-491.55447149276733,-35760.64151370525,348,0.022768124625524265,0.6551724137931034,0.33719247467438496
YGR166W,-1,-/-,-491.55763506889343,-23801.025955438614,87,0.022754491017964073,0.6551724137931034,0.33739921438908416
YKL007W,-1,-/-,-491.5933723449707,-25888.291593194008,87,0.022740873728306403,0.6551724137931034,0.33760595410378336
YHR021C,-1,-/-,-491.60637414455414,-24896.811413168907,87,0.022727272727272728,0.6551724137931034,0.33781269381848256
YPL200W,-1,-/-,-491.62446570396423,-23017.298051595688,87,0.022713687985654513,0.6551724137931034,0.3380194335331817
YNL247W,-1,-/-,-491.65457010269165,-20810.574180841446,87,0.022700119474313024,0.6551724137931034,0.3382261732478809
YPL103C,-1,0/-,-491.665223300457,-39536.75721806288,348,0.022686567164179106,0.6551724137931034,0.3384329129625801
YDL180W,0,0/0,-491.7188473343849,-35964.593566179276,348,0.022686567164179106,0.6551724137931034,0.3384329129625801
YLL029W,-1,0/-,-491.7370683848858,-39394.91026997566,348,0.022673031026252982,0.6551724137931034,0.3386396526772793
YBL042C,-1,-/-,-491.7428705692291,-22120.62186050415,87,0.022659511031604056,0.6551724137931034,0.3388463923919785
YMR177W,-1,-/-,-491.7523994445801,-21249.151070594788,87,0.02264600715137068,0.6551724137931034,0.3390531321066777
YGR059W,-1,-/-,-491.77147030830383,-22526.81785452366,87,0.022632519356759976,0.6551724137931034,0.3392598718213769
YLR455W,-1,-/-,-491.8239073753357,-20632.451127767563,87,0.02261904761904762,0.6551724137931034,0.3394666115360761
YHL006C,-1,-/-,-491.8255887031555,-22185.4868516922,87,0.022605591909577633,0.6551724137931034,0.3396733512507753
YOR133W,-1,-/-,-491.83415484428406,-23776.780526399612,87,0.022592152199762187,0.6551724137931034,0.33988009096547445
YDR309C,-1,-/-,-491.853364944458,-22885.42925107479,87,0.0225787284610814,0.6551724137931034,0.34008683068017365
YDL082W,-1,0/-,-491.866305321455,-40171.83990523219,348,0.022565320665083134,0.6551724137931034,0.34029357039487285
YDR506C,-1,0/-,-491.86911058425903,-36162.557268977165,348,0.022551928783382788,0.6551724137931034,0.34050031010957205
YNR070W,-1,0/-,-491.9841027855873,-37118.94314700365,348,0.022538552787663108,0.6551724137931034,0.34070704982427125
YPL100W,-1,-/-,-492.0453152656555,-25140.067630052567,87,0.022525192649673977,0.6551724137931034,0.34091378953897045
YHR038W,-1,-/-,-492.05320835113525,-22593.043935775757,87,0.022511848341232227,0.6551724137931034,0.34112052925366965
YNL187W,-1,0/-,-492.0750992298126,-36590.7948269546,348,0.022498519834221433,0.6551724137931034,0.34132726896836885
YGL063W,-1,-/-,-492.10571694374084,-21039.665365815163,87,0.022485207100591716,0.6551724137931034,0.341534008683068
YLR447C,-1,-/-,-492.11113953590393,-23277.09707212448,87,0.02247191011235955,0.6551724137931034,0.3417407483977672
YLR201C,0,-/0,-492.1234769821167,-25021.220490455627,87,0.02247191011235955,0.6551724137931034,0.3417407483977672
YJL042W,-1,-/-,-492.12811374664307,-23301.651300907135,87,0.022458628841607566,0.6551724137931034,0.3419474881124664
YHR142W,-1,-/-,-492.1520035266876,-24282.785336494446,87,0.02244536326048435,0.6551724137931034,0.3421542278271656
YOR339C,-1,0/-,-492.17072013393044,-36606.16740650311,348,0.02243211334120425,0.6551724137931034,0.3423609675418648
YHL019C,-1,-/-,-492.22155141830444,-23587.921445846558,87,0.022418879056047197,0.6551724137931034,0.342567707256564
YKL168C,-1,0/-,-492.28064209222794,-38707.86794093251,348,0.02240566037735849,0.6551724137931034,0.3427744469712632
YPL036W,-1,-/-,-492.32421231269836,-21308.49140948057,87,0.022392457277548614,0.6551724137931034,0.3429811866859624
YHR144C,-1,0/-,-492.33140099048615,-39395.01632526517,348,0.02237926972909305,0.6551724137931034,0.3431879264006616
YOL080C,-1,-/-,-492.35665702819824,-23366.20895910263,87,0.022366097704532076,0.6551724137931034,0.34339466611536074
YGR004W,-1,-/-,-492.3836088180542,-23109.33186030388,87,0.02235294117647059,0.6551724137931034,0.34360140583005994
YHR134W,-1,0/-,-492.40789902210236,-37388.04795572162,348,0.022339800117577895,0.6551724137931034,0.34380814554475914
YDL231C,-1,-/-,-492.4109790325165,-22716.04088950157,87,0.022326674500587545,0.6551724137931034,0.34401488525945834
YNR035C,-1,-/-,-492.42691564559937,-24867.7020714283,87,0.022313564298297124,0.6551724137931034,0.34422162497415754
YBR106W,-1,-/-,-492.46829557418823,-24287.288475990295,87,0.022300469483568074,0.6551724137931034,0.34442836468885674
YJL183W,-1,-/-,-492.48731994628906,-24080.924278259277,87,0.022287390029325515,0.6551724137931034,0.34463510440355594
YLL010C,-1,0/-,-492.4963272213936,-37502.93192821741,348,0.022274325908558032,0.6551724137931034,0.34484184411825514
YPL132W,-1,-/-,-492.4987369775772,-23402.076190292835,87,0.022261277094317515,0.6551724137931034,0.34504858383295434
YNL293W,-1,-/-,-492.63797521591187,-25114.86652982235,87,0.02224824355971897,0.6551724137931034,0.3452553235476535
YGL008C,-1,-/-,-492.6910996437073,-21939.277146697044,87,0.022235225277940317,0.6551724137931034,0.3454620632623527
YOL019W,0,0/0,-492.7758123278618,-37968.00582367182,348,0.022235225277940317,0.6551724137931034,0.3454620632623527
YDR393W,-1,-/-,-492.7988064289093,-23993.34692120552,87,0.022222222222222223,0.6551724137931034,0.3456688029770519
YJR150C,-1,-/-,-492.80759739875793,-22042.346514225006,87,0.022209234365867914,0.6551724137931034,0.3458755426917511
YFL005W,-1,-/-,-492.81688117980957,-23572.80500268936,87,0.02219626168224299,0.6551724137931034,0.3460822824064503
YDL216C,-1,-/-,-492.8762457370758,-25497.1325776577,87,0.022183304144775248,0.6551724137931034,0.3462890221211495
YFL011W,-1,-/-,-492.88131284713745,-22342.273738861084,87,0.022170361726954493,0.6551724137931034,0.3464957618358487
YEL031W,-1,-/-,-492.9064290523529,-22796.20610523224,87,0.022157434402332362,0.6551724137931034,0.3467025015505479
YGR133W,-1,-/-,-492.99815821647644,-22997.919130802155,87,0.022144522144522144,0.6551724137931034,0.3469092412652471
YGR212W,-1,-/-,-493.01662707328796,-23128.67274570465,87,0.0221316249271986,0.6551724137931034,0.3471159809799462
YGR162W,-1,-/-,-493.0646941661835,-24511.881839752197,87,0.02211874272409779,0.6551724137931034,0.3473227206946454
YDL183C,-1,0/-,-493.09520691633224,-36939.21067458391,348,0.02210587550901687,0.6551724137931034,0.3475294604093446
YGR230W,-1,-/-,-493.11821603775024,-23081.995169639587,87,0.022093023255813953,0.6551724137931034,0.3477362001240438
YKR003W,-1,-/-,-493.1344692707062,-24021.46985769272,87,0.022080185938407902,0.6551724137931034,0.347942939838743
YHR109W,-1,0/-,-493.1875918507576,-37378.42226290703,348,0.022067363530778164,0.6551724137931034,0.3481496795534422
YAL037W,0,0/0,-493.19686210155487,-36238.702272713184,348,0.022067363530778164,0.6551724137931034,0.3481496795534422
YAL046C,-1,0/-,-493.19894176721573,-36935.62801557779,348,0.022054556006964595,0.6551724137931034,0.3483564192681414
YML066C,-1,0/-,-493.23062640428543,-35735.97379082441,348,0.022041763341067284,0.6551724137931034,0.3485631589828406
YBL009W,-1,-/-,-493.24097204208374,-23950.30072784424,87,0.022028985507246378,0.6551724137931034,0.34876989869753977
YGR247W,-1,-/-,-493.25704169273376,-23586.71027636528,87,0.0220162224797219,0.6551724137931034,0.34897663841223897
YBL068W,-1,0/-,-493.27412009239197,-40071.18212200701,348,0.022003474232773594,0.6551724137931034,0.34918337812693817
YLR228C,-1,-/-,-493.3152480125427,-23491.22449052334,87,0.02199074074074074,0.6551724137931034,0.34939011784163737
YOL138C,-1,-/-,-493.32640075683594,-24272.53517496586,87,0.02197802197802198,0.6551724137931034,0.34959685755633657
YLR102C,-1,-/-,-493.3358693122864,-25409.803843975067,87,0.021965317919075144,0.6551724137931034,0.34980359727103577
YBR021W,-1,-/-,-493.3359124660492,-22313.27029109001,87,0.0219526285384171,0.6551724137931034,0.35001033698573497
YLR423C,-1,-/-,-493.3410301208496,-24318.047669649124,87,0.021939953810623556,0.6551724137931034,0.35021707670043417
YDL241W,0,0/0,-493.35343796014786,-36654.29086583853,348,0.021939953810623556,0.6551724137931034,0.35021707670043417
YMR019W,-1,0/-,-493.3714270591736,-39990.751220583916,348,0.02192729371032891,0.6551724137931034,0.35042381641513337
YMR018W,-1,0/-,-493.3808301091194,-36691.87260001898,348,0.02191464821222607,0.6551724137931034,0.3506305561298325
YOR350C,-1,0/-,-493.3997103571892,-38803.27687948942,348,0.02190201729106628,0.6551724137931034,0.3508372958445317
YJL130C,-1,0/-,-493.4194876253605,-38993.93667379022,348,0.021889400921658985,0.6551724137931034,0.3510440355592309
YLR370C,-1,-/-,-493.4393548965454,-24311.687467098236,87,0.021876799078871616,0.6551724137931034,0.3512507752739301
YNL096C,-1,0/-,-493.46230483055115,-39490.44613071531,348,0.02186421173762946,0.6551724137931034,0.3514575149886293
YPR070W,-1,-/-,-493.4675245285034,-24497.97311115265,87,0.02185163887291547,0.6551724137931034,0.3516642547033285
YMR032W,-1,-/-,-493.5001094341278,-24546.40899515152,87,0.021839080459770115,0.6551724137931034,0.3518709944180277
YIL036W,-1,-/-,-493.5381700992584,-27240.185476899147,87,0.021826536473291212,0.6551724137931034,0.3520777341327269
YDR284C,-1,-/-,-493.5442683696747,-23988.581946372986,87,0.021814006888633754,0.6551724137931034,0.3522844738474261
YNR044W,-1,-/-,-493.5736815929413,-21460.775619864464,87,0.021801491681009755,0.6551724137931034,0.35249121356212526
YIL145C,1,0/+,-493.60761001706123,-38451.62139168382,348,0.02236238532110092,0.6724137931034483,0.35249121356212526
YJL020C,-1,-/-,-493.62192463874817,-24106.56007182598,87,0.022349570200573064,0.6724137931034483,0.35269795327682446
YNR009W,-1,0/-,-493.6285938024521,-37928.91099047661,348,0.022336769759450172,0.6724137931034483,0.35290469299152366
YHR216W,-1,0/-,-493.634554579854,-36686.82164756954,348,0.022323983972524327,0.6724137931034483,0.35311143270622286
YPL021W,-1,-/-,-493.6764786243439,-21414.432354927063,87,0.02231121281464531,0.6724137931034483,0.35331817242092206
YER184C,-1,0/-,-493.683777987957,-36827.22489857674,348,0.022298456260720412,0.6724137931034483,0.35352491213562126
YER009W,0,-/0,-493.7114417552948,-23064.469750523567,87,0.022298456260720412,0.6724137931034483,0.35352491213562126
YHR102W,-1,-/-,-493.7551233768463,-23162.259524345398,87,0.022285714285714287,0.6724137931034483,0.35373165185032046
YNL310C,-1,-/-,-493.77342462539673,-25137.672381162643,87,0.02227298686464877,0.6724137931034483,0.35393839156501966
YFL027C,-1,0/-,-493.7890914082527,-36885.81614114344,348,0.02226027397260274,0.6724137931034483,0.35414513127971886
YML130C,-1,-/-,-493.8152713775635,-22186.10832953453,87,0.022247575584711923,0.6724137931034483,0.354351870994418
YPL241C,-1,-/-,-493.8956172466278,-22602.751978874207,87,0.022234891676168756,0.6724137931034483,0.3545586107091172
YHR007C,-1,-/-,-493.9686908721924,-22567.376210212708,87,0.022222222222222223,0.6724137931034483,0.3547653504238164
YDL173W,0,0/0,-493.9882279038429,-36335.99771088362,348,0.022222222222222223,0.6724137931034483,0.3547653504238164
YBR247C,-1,-/-,-494.0146586894989,-24419.34280371666,87,0.022209567198177675,0.6724137931034483,0.3549720901385156
YGL001C,-1,-/-,-494.0425817966461,-23227.919118970633,87,0.0221969265793967,0.6724137931034483,0.3551788298532148
YOR103C,-1,-/-,-494.0714695453644,-23696.43768286705,87,0.02218430034129693,0.6724137931034483,0.355385569567914
YMR222C,0,0/0,-494.07185262441635,-38247.48570099473,348,0.02218430034129693,0.6724137931034483,0.355385569567914
YPR011C,-1,0/-,-494.0741022825241,-36683.396710932255,348,0.022171688459351906,0.6724137931034483,0.3555923092826132
YDL171C,0,0/0,-494.0856563448906,-38674.58228774369,348,0.022171688459351906,0.6724137931034483,0.3555923092826132
YNL295W,-1,0/-,-494.1108945608139,-36476.96876901388,348,0.02215909090909091,0.6724137931034483,0.3557990489973124
YKL087C,0,0/0,-494.13276329636574,-38689.42803505063,348,0.02215909090909091,0.6724137931034483,0.3557990489973124
YDR357C,-1,0/-,-494.1401482820511,-37028.672670543194,348,0.022146507666098807,0.6724137931034483,0.35600578871201155
YMR279C,-1,0/-,-494.14439857006073,-36792.79359847307,348,0.02213393870601589,0.6724137931034483,0.35621252842671075
YNR073C,0,0/0,-494.18120163679123,-37340.81560975313,348,0.02213393870601589,0.6724137931034483,0.35621252842671075
YJL046W,-1,0/-,-494.2192333936691,-35965.3617259264,348,0.02212138400453772,0.6724137931034483,0.35641926814140995
YOR324C,-1,0/-,-494.2461476922035,-37543.12767264247,348,0.022108843537414966,0.6724137931034483,0.35662600785610915
YOL040C,-1,-/-,-494.2679908275604,-24177.22298526764,87,0.02209631728045326,0.6724137931034483,0.35683274757080835
YIL067C,0,0/0,-494.2691071033478,-37748.495361208916,348,0.02209631728045326,0.6724137931034483,0.35683274757080835
YDL052C,-1,-/-,-494.3061110973358,-22131.268179178238,87,0.022083805209513023,0.6724137931034483,0.35703948728550755
YLR286C,-1,-/-,-494.3208963871002,-21360.198482751846,87,0.022071307300509338,0.6724137931034483,0.35724622700020675
YCR053W,0,-/0,-494.32208013534546,-25024.139416456223,87,0.022071307300509338,0.6724137931034483,0.35724622700020675
YLL024C,-1,-/-,-494.3908655643463,-22873.71754527092,87,0.022058823529411766,0.6724137931034483,0.35745296671490595
YPL231W,-1,-/-,-494.44772696495056,-22847.88920354843,87,0.022046353872244205,0.6724137931034483,0.35765970642960515
YOR197W,-1,0/-,-494.49259227514267,-39715.85546511412,348,0.022033898305084745,0.6724137931034483,0.3578664461443043
YKL105C,0,0/0,-494.5158957839012,-36672.281042814255,348,0.022033898305084745,0.6724137931034483,0.3578664461443043
YBL038W,-1,0/-,-494.5326547026634,-39631.652204185724,348,0.0220214568040655,0.6724137931034483,0.3580731858590035
YDL168W,-1,0/-,-494.5358401834965,-39813.75886404514,348,0.02200902934537246,0.6724137931034483,0.3582799255737027
YBR096W,0,0/0,-494.5443470478058,-36438.611418783665,348,0.02200902934537246,0.6724137931034483,0.3582799255737027
YHR012W,-1,-/-,-494.55115270614624,-24801.754459142685,87,0.021996615905245348,0.6724137931034483,0.3584866652884019
YGR134W,-1,-/-,-494.58639454841614,-24308.056128501892,87,0.021984216459977453,0.6724137931034483,0.3586934050031011
YIR014W,0,0/0,-494.59910076856613,-36492.210727632046,348,0.021984216459977453,0.6724137931034483,0.3586934050031011
YPR114W,0,0/0,-494.66695618629456,-36035.24840205908,348,0.021984216459977453,0.6724137931034483,0.3586934050031011
YKL126W,-1,-/-,-494.808482170105,-25138.63328576088,87,0.021971830985915493,0.6724137931034483,0.3589001447178003
YDR092W,-1,-/-,-494.84499502182007,-24295.71207177639,87,0.02195945945945946,0.6724137931034483,0.3591068844324995
YER018C,-1,-/-,-494.86893582344055,-21575.56891131401,87,0.021947101857062466,0.6724137931034483,0.3593136241471987
YJL005W,-1,-/-,-494.8818438053131,-23766.68262887001,87,0.021934758155230598,0.6724137931034483,0.3595203638618979
YNR008W,-1,-/-,-494.8835914134979,-24658.311296463013,87,0.021922428330522766,0.6724137931034483,0.35972710357659704
YMR102C,-1,0/-,-494.9296343922615,-36637.81549435854,348,0.021910112359550562,0.6724137931034483,0.35993384329129624
YDL179W,-1,0/-,-494.95201021432877,-36423.16075006127,348,0.021897810218978103,0.6724137931034483,0.36014058300599544
YPL248C,-1,-/-,-494.99973702430725,-22323.094276428223,87,0.021885521885521887,0.6724137931034483,0.36034732272069464
YAL020C,-1,-/-,-495.01085138320923,-24835.517802476883,87,0.021873247335950644,0.6724137931034483,0.36055406243539384
YJR125C,-1,-/-,-495.121707201004,-23741.600160598755,87,0.021860986547085202,0.6724137931034483,0.36076080215009304
YDR475C,-1,0/-,-495.14201176166534,-37384.90295535326,348,0.021848739495798318,0.6724137931034483,0.36096754186479224
YMR159C,-1,0/-,-495.1483656167984,-37070.539584994316,348,0.021836506159014557,0.6724137931034483,0.36117428157949144
YML129C,-1,-/-,-495.1706006526947,-23653.744111657143,87,0.02182428651371013,0.6724137931034483,0.36138102129419064
YGR232W,0,0/0,-495.19307392835617,-40088.276131659746,348,0.02182428651371013,0.6724137931034483,0.36138102129419064
YOL007C,0,0/0,-495.20600312948227,-38749.34698930383,348,0.02182428651371013,0.6724137931034483,0.36138102129419064
YJR086W,-1,-/-,-495.22086095809937,-22946.796730041504,87,0.02181208053691275,0.6724137931034483,0.3615877610088898
YKR067W,-1,-/-,-495.2751941680908,-23351.722641706467,87,0.021799888205701508,0.6724137931034483,0.361794500723589
YER156C,-1,0/-,-495.28967064619064,-35246.269651308656,348,0.021787709497206705,0.6724137931034483,0.3620012404382882
YGR123C,-1,-/-,-495.299649477005,-23947.83593249321,87,0.021775544388609715,0.6724137931034483,0.3622079801529874
YER154W,-1,-/-,-495.3226161003113,-24052.874477624893,87,0.021763392857142856,0.6724137931034483,0.3624147198676866
YFL054C,-1,0/-,-495.33585172891617,-36809.109124958515,348,0.021751254880089235,0.6724137931034483,0.3626214595823858
YDL035C,-1,-/-,-495.3359181880951,-25405.884811878204,87,0.021739130434782608,0.6724137931034483,0.362828199297085
YBR131W,-1,-/-,-495.3459942340851,-24134.847487211227,87,0.021727019498607242,0.6724137931034483,0.3630349390117842
YMR069W,-1,-/-,-495.35642981529236,-21211.77545773983,87,0.021714922048997772,0.6724137931034483,0.36324167872648333
YDR072C,-1,-/-,-495.3593239784241,-24064.384968042374,87,0.021702838063439065,0.6724137931034483,0.36344841844118253
YHR001W,-1,-/-,-495.39596462249756,-23730.149471998215,87,0.021690767519466074,0.6724137931034483,0.36365515815588173
YGL246C,-1,-/-,-495.4103214740753,-24799.73041534424,87,0.0216787103946637,0.6724137931034483,0.36386189787058093
YIL022W,-1,-/-,-495.4422969818115,-22668.354459285736,87,0.021666666666666667,0.6724137931034483,0.36406863758528013
YOR311C,-1,0/-,-495.5000621676445,-38772.61723637581,348,0.021654636313159357,0.6724137931034483,0.36427537729997933
YHL033C,-1,0/-,-495.5087322294712,-40284.031645953655,348,0.021642619311875694,0.6724137931034483,0.36448211701467853
YDR503C,-1,-/-,-495.5236074924469,-22997.184773921967,87,0.021630615640599003,0.6724137931034483,0.36468885672937773
YKL084W,-1,-/-,-495.5443482398987,-21955.470948696136,87,0.021618625277161862,0.6724137931034483,0.36489559644407693
YPR020W,-1,-/-,-495.54802989959717,-22733.947781801224,87,0.021606648199445983,0.6724137931034483,0.3651023361587761
YHR044C,0,0/0,-495.64470598101616,-37256.22771652043,348,0.021606648199445983,0.6724137931034483,0.3651023361587761
YIR042C,-1,0/-,-495.65724885463715,-37383.14418703318,348,0.02159468438538206,0.6724137931034483,0.3653090758734753
YOR030W,-1,-/-,-495.68623328208923,-23228.455696105957,87,0.02158273381294964,0.6724137931034483,0.3655158155881745
YLR361C,-1,-/-,-495.7767367362976,-25281.112690269947,87,0.02157079646017699,0.6724137931034483,0.3657225553028737
YOR360C,-1,0/-,-495.80043709278107,-36761.269984930754,348,0.02155887230514096,0.6724137931034483,0.3659292950175729
YJR111C,-1,0/-,-495.8324156999588,-37555.37982574105,348,0.02154696132596685,0.6724137931034483,0.3661360347322721
YOR027W,-1,-/-,-495.854944229126,-22051.50892853737,87,0.02153506350082827,0.6724137931034483,0.3663427744469713
YDL045W-A,-1,0/-,-495.8573578596115,-38783.431325376034,348,0.02152317880794702,0.6724137931034483,0.3665495141616705
YJL192C,-1,-/-,-495.8908066749573,-25061.48215985298,87,0.02151130722559294,0.6724137931034483,0.3667562538763697
YOL023W,-1,-/-,-495.96265947818756,-23796.11318576336,87,0.021499448732083794,0.6724137931034483,0.3669629935910688
YMR166C,-1,0/-,-495.97165834903717,-36042.56296783686,348,0.021487603305785124,0.6724137931034483,0.367169733305768
YLR281C,-1,0/-,-495.98761481046677,-37027.32533508539,348,0.021475770925110133,0.6724137931034483,0.3673764730204672
YCL055W,-1,-/-,-496.0423312187195,-23425.380057811737,87,0.02146395156851954,0.6724137931034483,0.3675832127351664
YGL080W,-1,0/-,-496.06482845544815,-39777.371569782495,348,0.02145214521452145,0.6724137931034483,0.3677899524498656
YKL095W,-1,-/-,-496.0780053138733,-22223.17958331108,87,0.021440351841671246,0.6724137931034483,0.3679966921645648
YOL047C,-1,0/-,-496.083836376667,-36936.95485955477,348,0.02142857142857143,0.6724137931034483,0.368203431879264
YMR111C,-1,0/-,-496.0888442993164,-37150.77561014891,348,0.0214168039538715,0.6724137931034483,0.3684101715939632
YDL033C,-1,-/-,-496.1294860839844,-23227.803672790527,87,0.021405049396267837,0.6724137931034483,0.3686169113086624
YLR283W,0,0/0,-496.158674120903,-37009.92751151323,348,0.021405049396267837,0.6724137931034483,0.3686169113086624
YDR400W,-1,-/-,-496.1820242404938,-23979.560323119164,87,0.021393307734503566,0.6724137931034483,0.36882365102336157
YGL124C,-1,-/-,-496.18328332901,-24697.95904493332,87,0.02138157894736842,0.6724137931034483,0.36903039073806077
YDR028C,-1,-/-,-496.21642422676086,-23994.35538482666,87,0.021369863013698632,0.6724137931034483,0.36923713045275997
YLR163C,-1,-/-,-496.2526934146881,-24618.8216881752,87,0.02135815991237678,0.6724137931034483,0.36944387016745917
YGL084C,-1,-/-,-496.2799189090729,-23474.468368291855,87,0.021346469622331693,0.6724137931034483,0.36965060988215837
YKR011C,0,0/0,-496.3853189945221,-38825.274983108044,348,0.021346469622331693,0.6724137931034483,0.36965060988215837
YOR310C,-1,-/-,-496.3909993171692,-26062.488302707672,87,0.021334792122538294,0.6724137931034483,0.36985734959685757
YDL184C,-1,0/-,-496.4059355854988,-36829.41094067693,348,0.021323127392017496,0.6724137931034483,0.37006408931155677
YLR429W,-1,-/-,-496.4099283218384,-23023.657462358475,87,0.021311475409836064,0.6724137931034483,0.37027082902625597
YER134C,0,0/0,-496.5275326371193,-35668.67053222656,348,0.021311475409836064,0.6724137931034483,0.37027082902625597
YPR147C,-1,0/-,-496.5281087756157,-36470.39839196205,348,0.0212998361551065,0.6724137931034483,0.3704775687409551
YGL030W,-1,-/-,-496.53039503097534,-23339.234091043472,87,0.0212882096069869,0.6724137931034483,0.3706843084556543
YOR270C,-1,-/-,-496.57817792892456,-23680.048630952835,87,0.02127659574468085,0.6724137931034483,0.3708910481703535
YKL182W,-1,-/-,-496.63459300994873,-23222.13552212715,87,0.021264994547437296,0.6724137931034483,0.3710977878850527
YCL044C,-1,-/-,-496.6766095161438,-22677.38014125824,87,0.02125340599455041,0.6724137931034483,0.3713045275997519
YJL025W,-1,-/-,-496.7219908237457,-24032.494938611984,87,0.021241830065359478,0.6724137931034483,0.3715112673144511
YDL144C,0,0/0,-496.78209215402603,-36364.919373333454,348,0.021241830065359478,0.6724137931034483,0.3715112673144511
YPL081W,-1,0/-,-496.7875461578369,-39045.22828722,348,0.021230266739248774,0.6724137931034483,0.3717180070291503
YCL067C,-1,-/-,-496.82821702957153,-23401.502896547318,87,0.021218715995647442,0.6724137931034483,0.3719247467438495
YJR106W,-1,0/-,-496.84194111824036,-37244.73098191619,348,0.021207177814029365,0.6724137931034483,0.3721314864585487
YJL070C,0,0/0,-496.8671464920044,-35991.62155240774,348,0.021207177814029365,0.6724137931034483,0.3721314864585487
YBR083W,-1,-/-,-496.91352915763855,-21992.424073457718,87,0.021195652173913043,0.6724137931034483,0.37233822617324785
YHR202W,-1,0/-,-496.94987827539444,-36126.059831917286,348,0.021184139054861488,0.6724137931034483,0.37254496588794705
YAR023C,0,0/0,-496.9645479917526,-36100.24142485857,348,0.021184139054861488,0.6724137931034483,0.37254496588794705
YOR155C,-1,0/-,-497.02577942609787,-38207.212428987026,348,0.021172638436482084,0.6724137931034483,0.37275170560264625
YPR137W,-1,-/-,-497.02775406837463,-23383.3812623024,87,0.021161150298426478,0.6724137931034483,0.37295844531734546
YHR021W-A,-1,0/-,-497.0289332270622,-36549.726201951504,348,0.021149674620390455,0.6724137931034483,0.37316518503204466
YNL144C,0,0/0,-497.047742664814,-36512.132989406586,348,0.021149674620390455,0.6724137931034483,0.37316518503204466
YBL059W,0,0/0,-497.04887652397156,-36821.49266541004,348,0.021149674620390455,0.6724137931034483,0.37316518503204466
YPL060W,-1,-/-,-497.06312465667725,-25026.536873579025,87,0.02113821138211382,0.6724137931034483,0.37337192474674386
YIL135C,-1,-/-,-497.0901665687561,-22151.685847997665,87,0.02112676056338028,0.6724137931034483,0.37357866446144306
YHR017W,0,0/0,-497.0961380302906,-39309.9606821388,348,0.02112676056338028,0.6724137931034483,0.37357866446144306
YER013W,-1,-/-,-497.1110270023346,-22759.96972632408,87,0.021115322144017325,0.6724137931034483,0.37378540417614226
YGL033W,-1,-/-,-497.1211476325989,-22227.78352046013,87,0.021103896103896104,0.6724137931034483,0.37399214389084146
YLR130C,-1,-/-,-497.165634393692,-23427.25785923004,87,0.021092482422931314,0.6724137931034483,0.3741988836055406
YDR430C,-1,0/-,-497.1878136396408,-38833.80513161421,348,0.02108108108108108,0.6724137931034483,0.3744056233202398
YOR008C,-1,-/-,-497.2121887207031,-22698.586836338043,87,0.02106969205834684,0.6724137931034483,0.374612363034939
YDR205W,-1,-/-,-497.2350924015045,-23143.631400585175,87,0.021058315334773217,0.6724137931034483,0.3748191027496382
YDL140C,-1,-/-,-497.2406051158905,-22528.0207157135,87,0.021046950890447922,0.6724137931034483,0.3750258424643374
YBR065C,-1,-/-,-497.2711329460144,-23615.706052541733,87,0.021035598705501618,0.6724137931034483,0.3752325821790366
YOR108W,0,0/0,-497.2747760564089,-39223.59722931683,348,0.021035598705501618,0.6724137931034483,0.3752325821790366
YHR056C,-1,-/-,-497.2836182117462,-22621.66156888008,87,0.021024258760107817,0.6724137931034483,0.3754393218937358
YIL071C,-1,0/-,-497.2983367443085,-39008.23895841837,348,0.02101293103448276,0.6724137931034483,0.375646061608435
YNL176C,0,0/0,-497.3224119544029,-35344.64687842131,348,0.02101293103448276,0.6724137931034483,0.375646061608435
YNL185C,-1,0/-,-497.3549584746361,-38652.65786534548,348,0.0210016155088853,0.6724137931034483,0.3758528013231342
YAL035W,-1,-/-,-497.35779762268066,-25273.44863665104,87,0.02099031216361679,0.6724137931034483,0.37605954103783334
YLR053C,-1,0/-,-497.3658327460289,-36647.976436674595,348,0.02097902097902098,0.6724137931034483,0.37626628075253254
YLL063C,-1,0/-,-497.366736471653,-37357.75223347545,348,0.020967741935483872,0.6724137931034483,0.37647302046723174
YPL071C,0,0/0,-497.39070785045624,-36818.07836264372,348,0.020967741935483872,0.6724137931034483,0.37647302046723174
YER095W,-1,-/-,-497.3954071998596,-23568.700946569443,87,0.02095647501343364,0.6724137931034483,0.37667976018193094
YJR061W,-1,0/-,-497.4094158411026,-36588.91076672077,348,0.020945220193340493,0.6724137931034483,0.37688649989663014
YLR064W,-1,0/-,-497.468280851841,-34279.88383734226,348,0.020933977455716585,0.6724137931034483,0.37709323961132934
YNL030W,-1,-/-,-497.4974293708801,-22074.967631340027,87,0.02092274678111588,0.6724137931034483,0.37729997932602855
YIL140W,-1,-/-,-497.5016121864319,-24343.07629275322,87,0.02091152815013405,0.6724137931034483,0.37750671904072775
YCR060W,-1,-/-,-497.5563325881958,-23946.392137229443,87,0.02090032154340836,0.6724137931034483,0.37771345875542695
YBL103C,-1,-/-,-497.55822563171387,-25526.861362457275,87,0.02088912694161757,0.6724137931034483,0.3779201984701261
YDR106W,-1,-/-,-497.5608923435211,-21624.709804534912,87,0.0208779443254818,0.6724137931034483,0.3781269381848253
YFR014C,-1,-/-,-497.5649151802063,-24969.27219104767,87,0.02086677367576244,0.6724137931034483,0.3783336778995245
YPL113C,0,0/0,-497.5957444906235,-36210.3690906167,348,0.02086677367576244,0.6724137931034483,0.3783336778995245
YGR206W,-1,-/-,-497.62665915489197,-23674.751495361328,87,0.02085561497326203,0.6724137931034483,0.3785404176142237
YDR512C,-1,-/-,-497.67132782936096,-24423.775196313858,87,0.02084446819882416,0.6724137931034483,0.3787471573289229
YOR335C,-1,-/-,-497.68184208869934,-25201.267284870148,87,0.020833333333333332,0.6724137931034483,0.3789538970436221
YCR014C,-1,-/-,-497.82812786102295,-23347.59431052208,87,0.020822210357714897,0.6724137931034483,0.3791606367583213
YIR044C,0,0/0,-497.89270943403244,-35891.50126606226,348,0.020822210357714897,0.6724137931034483,0.3791606367583213
YOR043W,-1,-/-,-497.9220767021179,-23695.51278436184,87,0.0208110992529349,0.6724137931034483,0.3793673764730205
YPR073C,-1,-/-,-497.93986439704895,-23344.771624684334,87,0.0208,0.6724137931034483,0.37957411618771963
YKL129C,-1,-/-,-497.9743905067444,-23875.146326065063,87,0.020788912579957356,0.6724137931034483,0.37978085590241883
YML002W,-1,0/-,-498.0035300850868,-36376.92015379667,348,0.02077783697389451,0.6724137931034483,0.37998759561711803
YGL226W,-1,0/-,-498.00531339645386,-37669.200024455786,348,0.020766773162939296,0.6724137931034483,0.38019433533181723
YKL107W,-1,0/-,-498.0265072584152,-36420.6577873826,348,0.020755721128259713,0.6724137931034483,0.38040107504651643
YBR122C,-1,0/-,-498.0326397418976,-38650.61356750131,348,0.02074468085106383,0.6724137931034483,0.38060781476121563
YER128W,0,0/0,-498.0348254442215,-36388.716236412525,348,0.02074468085106383,0.6724137931034483,0.38060781476121563
YIR007W,-1,0/-,-498.0353370308876,-37355.96136379242,348,0.02073365231259968,0.6724137931034483,0.38081455447591483
YIL062C,-1,-/-,-498.03856921195984,-24282.688737154007,87,0.020722635494155154,0.6724137931034483,0.38102129419061403
YBL102W,-1,-/-,-498.05327224731445,-24828.07957792282,87,0.020711630377057887,0.6724137931034483,0.38122803390531323
YER060W,-1,0/-,-498.05877524614334,-37920.59652365744,348,0.020700636942675158,0.6724137931034483,0.3814347736200124
YKL075C,-1,-/-,-498.06496930122375,-21234.050904750824,87,0.020689655172413793,0.6724137931034483,0.3816415133347116
YJL058C,-1,-/-,-498.1143901348114,-24596.286166906357,87,0.020678685047720042,0.6724137931034483,0.3818482530494108
YDR116C,-1,-/-,-498.13798546791077,-23791.483448266983,87,0.02066772655007949,0.6724137931034483,0.38205499276411
YHR080C,-1,0/-,-498.14659160375595,-35993.80630970001,348,0.02065677966101695,0.6724137931034483,0.3822617324788092
YER115C,-1,0/-,-498.1493903398514,-37936.39186325669,348,0.020645844362096346,0.6724137931034483,0.3824684721935084
YAR068W,0,0/0,-498.1837828159332,-36294.53438973427,348,0.020645844362096346,0.6724137931034483,0.3824684721935084
YKL094W,-1,0/-,-498.1862667798996,-39275.98511773348,348,0.020634920634920634,0.6724137931034483,0.3826752119082076
YCR045C,-1,0/-,-498.2348855137825,-37168.377042889595,348,0.020624008461131677,0.6724137931034483,0.3828819516229068
YLR188W,-1,0/-,-498.25671350955963,-38879.82517918944,348,0.02061310782241015,0.6724137931034483,0.383088691337606
YEL006W,-1,0/-,-498.27274364233017,-38180.06244492531,348,0.020602218700475437,0.6724137931034483,0.3832954310523051
YFR029W,-1,-/-,-498.28920817375183,-25928.50566291809,87,0.020591341077085535,0.6724137931034483,0.3835021707670043
YHR168W,-1,0/-,-498.2981377840042,-36816.445775307715,348,0.02058047493403694,0.6724137931034483,0.3837089104817035
YFR012W,0,0/0,-498.30874466896057,-37527.0354142189,348,0.02058047493403694,0.6724137931034483,0.3837089104817035
YNL257C,-1,-/-,-498.3595690727234,-23248.812699079514,87,0.020569620253164556,0.6724137931034483,0.3839156501964027
YIL098C,-1,-/-,-498.38429403305054,-23945.532998800278,87,0.02055877701634159,0.6724137931034483,0.3841223899111019
YDL212W,-1,-/-,-498.3852722644806,-23242.415983319283,87,0.02054794520547945,0.6724137931034483,0.3843291296258011
YLR090W,-1,-/-,-498.3872826099396,-23795.562899947166,87,0.020537124802527645,0.6724137931034483,0.3845358693405003
YOR186W,0,0/0,-498.42547768354416,-35858.78617709875,348,0.020537124802527645,0.6724137931034483,0.3845358693405003
YPL002C,-1,-/-,-498.4352593421936,-24035.96811902523,87,0.020526315789473684,0.6724137931034483,0.3847426090551995
YMR239C,-1,-/-,-498.43879294395447,-25067.71280670166,87,0.020515518148342977,0.6724137931034483,0.3849493487698987
YOR020C,-1,-/-,-498.43906593322754,-22618.643696784973,87,0.02050473186119874,0.6724137931034483,0.38515608848459787
YKL100C,-1,0/-,-498.4545070528984,-35585.45812499523,348,0.020493956910141883,0.6724137931034483,0.38536282819929707
YCR081W,-1,-/-,-498.46707916259766,-25148.871591091156,87,0.020483193277310924,0.6724137931034483,0.38556956791399627
YBR268W,-1,0/-,-498.4778489470482,-36687.29012442008,348,0.02047244094488189,0.6724137931034483,0.38577630762869547
YBR022W,-1,-/-,-498.51691818237305,-24295.933183670044,87,0.020461699895068207,0.6724137931034483,0.38598304734339467
YLR034C,-1,-/-,-498.53126645088196,-23870.747606039047,87,0.02045097011012061,0.6724137931034483,0.38618978705809387
YDL083C,-1,-/-,-498.5847752094269,-24896.23681116104,87,0.020440251572327043,0.6724137931034483,0.38639652677279307
YNL026W,-1,-/-,-498.5918667316437,-22973.90115261078,87,0.020429544264012573,0.6724137931034483,0.38660326648749227
YLR240W,-1,-/-,-498.625449180603,-24824.238406181335,87,0.020418848167539267,0.6724137931034483,0.3868100062021914
YOL163W,-1,0/-,-498.6374374628067,-37382.79926609993,348,0.02040816326530612,0.6724137931034483,0.3870167459168906
YBR208C,0,0/0,-498.7058487534523,-38380.457867741585,348,0.02040816326530612,0.6724137931034483,0.3870167459168906
YHR078W,0,0/0,-498.7083416581154,-37125.45699816942,348,0.02040816326530612,0.6724137931034483,0.3870167459168906
YLR106C,-1,-/-,-498.7159299850464,-22620.486166477203,87,0.020397489539748955,0.6724137931034483,0.3872234856315898
YDR363W,-1,-/-,-498.76312470436096,-22520.325047254562,87,0.020386826973340304,0.6724137931034483,0.387430225346289
YML043C,-1,-/-,-498.7633626461029,-22578.43134379387,87,0.02037617554858934,0.6724137931034483,0.3876369650609882
YDR338C,-1,0/-,-498.7635065317154,-36333.44628661871,348,0.020365535248041775,0.6724137931034483,0.3878437047756874
YLR422W,-1,0/-,-498.78932428359985,-37159.66429525614,348,0.02035490605427975,0.6724137931034483,0.3880504444903866
YDR399W,-1,0/-,-498.81505101919174,-38657.8655680418,348,0.02034428794992175,0.6724137931034483,0.3882571842050858
YDR119W,-1,0/-,-498.8406903743744,-38821.790612876415,348,0.020333680917622523,0.6724137931034483,0.388463923919785
YGL085W,-1,0/-,-498.854936003685,-35832.60472559929,348,0.020323084940072955,0.6724137931034483,0.38867066363448416
YMR027W,0,0/0,-498.85815715789795,-35876.655811190605,348,0.020323084940072955,0.6724137931034483,0.38867066363448416
YJL023C,-1,0/-,-498.9478846490383,-40287.884461432695,348,0.0203125,0.6724137931034483,0.38887740334918336
YOR045W,-1,-/-,-498.98012471199036,-23829.259476184845,87,0.02030192608016658,0.6724137931034483,0.38908414306388256
YLR413W,-1,0/-,-499.0112189054489,-35413.68188589811,348,0.02029136316337149,0.6724137931034483,0.38929088277858176
YEL002C,-1,-/-,-499.0323951244354,-24935.562915802002,87,0.0202808112324493,0.6724137931034483,0.38949762249328096
YPL235W,-1,-/-,-499.0522518157959,-23356.718855142593,87,0.02027027027027027,0.6724137931034483,0.38970436220798016
YGR128C,-1,-/-,-499.1225776672363,-24644.517119169235,87,0.02025974025974026,0.6724137931034483,0.38991110192267936
YHR050W,-1,-/-,-499.13562846183777,-24032.12003350258,87,0.020249221183800622,0.6724137931034483,0.39011784163737856
YMR313C,-1,-/-,-499.1525912284851,-24362.576236963272,87,0.020238713025428127,0.6724137931034483,0.39032458135207776
YLR467W,-1,-/-,-499.2385530471802,-23392.58310699463,87,0.020228215767634856,0.6724137931034483,0.3905313210667769
YOR129C,-1,-/-,-499.2587218284607,-24291.261615276337,87,0.02021772939346812,0.6724137931034483,0.3907380607814761
YIL080W,0,-/0,-499.26781463623047,-22418.830527305603,87,0.02021772939346812,0.6724137931034483,0.3907380607814761
YGR169C,-1,-/-,-499.2978689670563,-23964.012674808502,87,0.020207253886010364,0.6724137931034483,0.3909448004961753
YMR132C,0,0/0,-499.3141261935234,-37889.80982914567,348,0.020207253886010364,0.6724137931034483,0.3909448004961753
YHR177W,-1,0/-,-499.38635033369064,-37930.98249280453,348,0.02019678922837908,0.6724137931034483,0.3911515402108745
YKL212W,-1,-/-,-499.40025568008423,-23941.241137504578,87,0.020186335403726708,0.6724137931034483,0.3913582799255737
YKL004W,-1,-/-,-499.4143226146698,-23370.13898706436,87,0.02017589239524056,0.6724137931034483,0.3915650196402729
YOR313C,-1,-/-,-499.42704916000366,-21881.1828687191,87,0.02016546018614271,0.6724137931034483,0.3917717593549721
YIL105C,-1,-/-,-499.4447546005249,-24891.236090660095,87,0.020155038759689922,0.6724137931034483,0.3919784990696713
YMR099C,0,0/0,-499.4935784339905,-36271.91253763437,348,0.020155038759689922,0.6724137931034483,0.3919784990696713
YPL163C,0,-/0,-499.55969047546387,-23625.119981646538,87,0.020155038759689922,0.6724137931034483,0.3919784990696713
YER047C,0,0/0,-499.57288467884064,-39721.849153488874,348,0.020155038759689922,0.6724137931034483,0.3919784990696713
YDL210W,-1,0/-,-499.61151707172394,-37743.46426297724,348,0.020144628099173553,0.6724137931034483,0.3921852387843705
YJR099W,-1,0/-,-499.6395385861397,-38450.024475842714,348,0.020134228187919462,0.6724137931034483,0.39239197849906965
YCR093W,-1,-/-,-499.67707204818726,-23498.971041440964,87,0.020123839009287926,0.6724137931034483,0.39259871821376885
YHR117W,-1,0/-,-499.680406332016,-37867.22748801112,348,0.020113460546673543,0.6724137931034483,0.39280545792846805
YLR273C,0,0/0,-499.7367037534714,-38131.76353305578,348,0.020113460546673543,0.6724137931034483,0.39280545792846805
YNL056W,-1,0/-,-499.7539075613022,-39575.78770971298,348,0.020103092783505156,0.6724137931034483,0.39301219764316725
YDR304C,-1,0/-,-499.761154204607,-38327.69797883928,348,0.02009273570324575,0.6724137931034483,0.39321893735786645
YOL162W,-1,0/-,-499.7886579632759,-37029.28623992205,348,0.02008238928939238,0.6724137931034483,0.39342567707256565
YKL061W,-1,0/-,-499.803852558136,-35876.358339846134,348,0.02007205352547607,0.6724137931034483,0.39363241678726485
YDR023W,-1,-/-,-499.8230154514313,-25011.19952082634,87,0.020061728395061727,0.6724137931034483,0.39383915650196405
YGL128C,-1,0/-,-499.82817286252975,-38301.44395804405,348,0.02005141388174807,0.6724137931034483,0.3940458962166632
YHR131C,0,0/0,-499.8333377838135,-36834.19987016916,348,0.02005141388174807,0.6724137931034483,0.3940458962166632
YPR109W,0,0/0,-499.9856756925583,-35376.05582332611,348,0.02005141388174807,0.6724137931034483,0.3940458962166632
YNR020C,-1,0/-,-499.99074161052704,-36867.89323410392,348,0.020041109969167522,0.6724137931034483,0.3942526359313624
YGR075C,-1,-/-,-500.017795085907,-22594.042037963867,87,0.020030816640986132,0.6724137931034483,0.3944593756460616
YOR351C,-1,-/-,-500.1009171009064,-22562.685176610947,87,0.02002053388090349,0.6724137931034483,0.3946661153607608
YER116C,-1,-/-,-500.1883547306061,-23983.979093313217,87,0.020010261672652643,0.6724137931034483,0.39487285507546
YPL191C,-1,0/-,-500.191568672657,-36412.91220474243,348,0.02,0.6724137931034483,0.3950795947901592
YER001W,-1,-/-,-500.20007514953613,-23887.21820831299,87,0.01998974884674526,0.6724137931034483,0.3952863345048584
YLR119W,-1,-/-,-500.21906661987305,-23852.091683626175,87,0.019979508196721313,0.6724137931034483,0.3954930742195576
YNL079C,-1,-/-,-500.2588517665863,-24755.2323346138,87,0.019969278033794162,0.6724137931034483,0.3956998139342568
YJL208C,-1,-/-,-500.26527857780457,-23883.762629270554,87,0.019959058341862845,0.6724137931034483,0.39590655364895594
YFR024C-A,-1,-/-,-500.2777154445648,-24161.565078616142,87,0.019948849104859334,0.6724137931034483,0.39611329336365514
YER130C,-1,0/-,-500.31867188215256,-36712.821545660496,348,0.019938650306748466,0.6724137931034483,0.39632003307835434
YLR466W,-1,-/-,-500.3675458431244,-23842.0960791111,87,0.01992846193152785,0.6724137931034483,0.39652677279305354
YHR086W,-1,-/-,-500.4083170890808,-23498.159121513367,87,0.019918283963227784,0.6724137931034483,0.39673351250775274
YPL052W,-1,0/-,-500.4921618103981,-39388.85786372423,348,0.019908116385911178,0.6724137931034483,0.39694025222245194
YNL246W,-1,-/-,-500.52227306365967,-22736.568810224533,87,0.01989795918367347,0.6724137931034483,0.39714699193715114
YPL099C,-1,0/-,-500.5549863576889,-38577.74249392748,348,0.01988781234064253,0.6724137931034483,0.39735373165185034
YBR068C,-1,-/-,-500.5590434074402,-23921.897458195686,87,0.019877675840978593,0.6724137931034483,0.39756047136654954
YPL225W,0,0/0,-500.5886379480362,-35321.34579664469,348,0.019877675840978593,0.6724137931034483,0.39756047136654954
YNL320W,0,0/0,-500.59303230047226,-36385.72540664673,348,0.019877675840978593,0.6724137931034483,0.39756047136654954
YGR068C,-1,0/-,-500.6696158647537,-37913.81961521506,348,0.019867549668874173,0.6724137931034483,0.3977672110812487
YER167W,-1,-/-,-500.7058849334717,-24580.738834142685,87,0.01985743380855397,0.6724137931034483,0.3979739507959479
YPL158C,-1,0/-,-500.70589768886566,-36212.72183299065,348,0.01984732824427481,0.6724137931034483,0.3981806905106471
YOR019W,-1,0/-,-500.7314221858978,-36522.937858104706,348,0.019837232960325534,0.6724137931034483,0.3983874302253463
YMR298W,-1,-/-,-500.7455632686615,-22415.53520011902,87,0.019827147941026944,0.6724137931034483,0.3985941699400455
YGR102C,-1,0/-,-500.75082552433014,-37618.1417697072,348,0.019817073170731708,0.6724137931034483,0.3988009096547447
YER049W,-1,-/-,-500.7620253562927,-23762.729657411575,87,0.019807008633824275,0.6724137931034483,0.3990076493694439
YPR148C,0,0/0,-500.7666919231415,-36501.014528512955,348,0.019807008633824275,0.6724137931034483,0.3990076493694439
YBR199W,-1,-/-,-500.7961332798004,-24153.68113040924,87,0.01979695431472081,0.6724137931034483,0.3992143890841431
YML023C,-1,-/-,-500.80544543266296,-23684.26505637169,87,0.0197869101978691,0.6724137931034483,0.3994211287988423
YPL150W,-1,0/-,-500.8809243440628,-37084.92198359966,348,0.01977687626774848,0.6724137931034483,0.39962786851354143
YPL090C,-1,0/-,-500.95290118455887,-38168.364162921906,348,0.019766852508869743,0.6724137931034483,0.39983460822824063
YOR238W,0,0/0,-500.98139756917953,-36713.79269194603,348,0.019766852508869743,0.6724137931034483,0.39983460822824063
YEL042W,-1,-/-,-501.03810596466064,-25297.224333405495,87,0.019756838905775075,0.6724137931034483,0.40004134794293983
YBL029W,0,0/0,-501.0419454574585,-38128.949195683,348,0.019756838905775075,0.6724137931034483,0.40004134794293983
YBR225W,0,0/0,-501.0773085951805,-35906.15751123428,348,0.019756838905775075,0.6724137931034483,0.40004134794293983
YBR252W,-1,0/-,-501.0801982283592,-38628.02487117052,348,0.019746835443037975,0.6724137931034483,0.40024808765763903
YJR116W,0,0/0,-501.1055711507797,-37342.17778855562,348,0.019746835443037975,0.6724137931034483,0.40024808765763903
YGL021W,-1,-/-,-501.1318712234497,-24610.066109657288,87,0.019736842105263157,0.6724137931034483,0.40045482737233823
YFL059W,1,+/+,-501.1450604200363,-25138.7156611681,86,0.020232675771370764,0.6896551724137931,0.40045482737233823
YOR083W,-1,-/-,-501.17589950561523,-21926.03510069847,87,0.020222446916076844,0.6896551724137931,0.40066156708703743
YGL142C,-1,-/-,-501.17733430862427,-24744.91978096962,87,0.0202122283981809,0.6896551724137931,0.40086830680173663
YAL053W,-1,-/-,-501.2192381620407,-24911.695999979973,87,0.020202020202020204,0.6896551724137931,0.40107504651643583
YIL024C,0,0/0,-501.22978687286377,-35749.212999761105,348,0.020202020202020204,0.6896551724137931,0.40107504651643583
YDL118W,0,-/0,-501.27148175239563,-22209.27108836174,87,0.020202020202020204,0.6896551724137931,0.40107504651643583
YOL073C,0,0/0,-501.3099761605263,-35776.51233237982,348,0.020202020202020204,0.6896551724137931,0.40107504651643583
YMR190C,-1,-/-,-501.32096123695374,-24112.164834737778,87,0.020191822311963654,0.6896551724137931,0.401281786231135
YGR021W,0,0/0,-501.36885380744934,-35995.55776464939,348,0.020191822311963654,0.6896551724137931,0.401281786231135
YNL095C,0,0/0,-501.39834827184677,-35807.841993927956,348,0.020191822311963654,0.6896551724137931,0.401281786231135
YNL020C,-1,-/-,-501.52223682403564,-23417.667167425156,87,0.020181634712411706,0.6896551724137931,0.4014885259458342
YPL063W,-1,-/-,-501.6018137931824,-23082.37173485756,87,0.020171457387796268,0.6896551724137931,0.4016952656605334
YBR114W,-1,-/-,-501.6054754257202,-23901.765711545944,87,0.020161290322580645,0.6896551724137931,0.4019020053752326
YKL039W,-1,0/-,-501.62801134586334,-39656.78897471726,348,0.020151133501259445,0.6896551724137931,0.4021087450899318
YDR285W,-1,-/-,-501.63251996040344,-22107.914177179337,87,0.02014098690835851,0.6896551724137931,0.402315484804631
YOL039W,-1,-/-,-501.71741008758545,-24174.41301727295,87,0.020130850528434826,0.6896551724137931,0.4025222245193302
YMR089C,-1,-/-,-501.7258288860321,-24902.25756072998,87,0.02012072434607646,0.6896551724137931,0.4027289642340294
YGL222C,-1,-/-,-501.74257135391235,-24212.790429115295,87,0.020110608345902465,0.6896551724137931,0.4029357039487286
YGR152C,-1,-/-,-501.77775478363037,-23344.841599941254,87,0.020100502512562814,0.6896551724137931,0.4031424436634277
YPL030W,-1,0/-,-501.82979691028595,-38569.32714444399,348,0.020090406830738324,0.6896551724137931,0.4033491833781269
YML086C,-1,-/-,-501.9085578918457,-24308.454341173172,87,0.020080321285140562,0.6896551724137931,0.4035559230928261
YGL223C,-1,-/-,-501.92422914505005,-25271.33598947525,87,0.02007024586051179,0.6896551724137931,0.4037626628075253
YGR168C,-1,0/-,-501.9423998594284,-36752.313346743584,348,0.020060180541624874,0.6896551724137931,0.4039694025222245
YDR314C,-1,-/-,-501.9496097564697,-22370.55086541176,87,0.020050125313283207,0.6896551724137931,0.4041761422369237
YMR052W,-1,-/-,-502.0039713382721,-23164.38668704033,87,0.02004008016032064,0.6896551724137931,0.4043828819516229
YPL096W,-1,-/-,-502.01469326019287,-23983.274301052094,87,0.020030045067601403,0.6896551724137931,0.4045896216663221
YNR041C,-1,0/-,-502.01599383354187,-39175.495484769344,348,0.02002002002002002,0.6896551724137931,0.4047963613810213
YKL024C,-1,0/-,-502.0346873700619,-39783.86220142245,348,0.02001000500250125,0.6896551724137931,0.40500310109572046
YJR110W,-1,-/-,-502.1212372779846,-23251.45535492897,87,0.02,0.6896551724137931,0.40520984081041966
YJR126C,-1,-/-,-502.12371134757996,-24281.698897123337,87,0.01999000499750125,0.6896551724137931,0.40541658052511886
YKR021W,-1,0/-,-502.1405455470085,-39953.0439080596,348,0.01998001998001998,0.6896551724137931,0.40562332023981806
YBR207W,-1,-/-,-502.1844708919525,-23775.74868631363,87,0.0199700449326011,0.6896551724137931,0.40583005995451726
YPL041C,0,-/0,-502.1983389854431,-21989.888480186462,87,0.0199700449326011,0.6896551724137931,0.40583005995451726
YDR481C,-1,-/-,-502.27216720581055,-23591.26632332802,87,0.01996007984031936,0.6896551724137931,0.40603679966921646
YGR286C,1,+/+,-502.30742025375366,-24571.176867723465,86,0.020448877805486283,0.7068965517241379,0.40603679966921646
YOL016C,-1,-/-,-502.33320665359497,-25389.238664627075,87,0.020438683948155532,0.7068965517241379,0.40624353938391566
YAR018C,-1,-/-,-502.383047580719,-26727.48843407631,87,0.02042850024912805,0.7068965517241379,0.40645027909861486
YAR042W,-1,-/-,-502.4155824184418,-23573.107820749283,87,0.02041832669322709,0.7068965517241379,0.40665701881331406
YEL062W,-1,-/-,-502.4360089302063,-23536.573394060135,87,0.02040816326530612,0.7068965517241379,0.4068637585280132
YKL110C,-1,-/-,-502.4382200241089,-24337.335106372833,87,0.020398009950248756,0.7068965517241379,0.4070704982427124
YDR286C,0,0/0,-502.5155977010727,-36993.23476624489,348,0.020398009950248756,0.7068965517241379,0.4070704982427124
YGL147C,-1,0/-,-502.5156315565109,-39150.21313099563,348,0.020387866732968673,0.7068965517241379,0.4072772379574116
YDR135C,-1,-/-,-502.55075693130493,-23325.247433900833,87,0.020377733598409543,0.7068965517241379,0.4074839776721108
YDR538W,-1,0/-,-502.6435636281967,-36689.285238564014,348,0.02036761053154496,0.7068965517241379,0.40769071738681
YOR163W,-1,0/-,-502.66821479797363,-39599.667988181114,348,0.02035749751737835,0.7068965517241379,0.4078974571015092
YOR258W,-1,0/-,-502.7696012854576,-39576.88219559193,348,0.020347394540942927,0.7068965517241379,0.4081041968162084
YDL087C,-1,-/-,-502.77818512916565,-23277.023144960403,87,0.020337301587301588,0.7068965517241379,0.4083109365309076
YDR202C,-1,-/-,-502.79415369033813,-23520.576219797134,87,0.02032721864154685,0.7068965517241379,0.40851767624560675
YKR103W,-1,0/-,-502.81405705213547,-37517.32100640237,348,0.020317145688800792,0.7068965517241379,0.40872441596030595
YKR036C,-1,-/-,-502.8294732570648,-25340.98532152176,87,0.02030708271421496,0.7068965517241379,0.40893115567500515
YDL160C,-1,-/-,-502.8536570072174,-21580.90314435959,87,0.020297029702970298,0.7068965517241379,0.40913789538970435
YBL032W,-1,-/-,-502.90467405319214,-23286.680710315704,87,0.02028698664027709,0.7068965517241379,0.40934463510440355
YPL126W,-1,-/-,-502.9276442527771,-24893.103579998016,87,0.020276953511374877,0.7068965517241379,0.40955137481910275
YLR324W,-1,-/-,-502.9799630641937,-27296.49850678444,87,0.020266930301532378,0.7068965517241379,0.40975811453380195
YPL173W,-1,0/-,-503.0886431336403,-38339.51032322645,348,0.020256916996047432,0.7068965517241379,0.40996485424850115
YOR221C,-1,-/-,-503.0956144332886,-24025.75661253929,87,0.020246913580246915,0.7068965517241379,0.41017159396320035
YKL002W,-1,-/-,-503.1236135959625,-24397.527678012848,87,0.020236920039486673,0.7068965517241379,0.4103783336778995
YKL059C,-1,-/-,-503.1777424812317,-24209.835422873497,87,0.020226936359151456,0.7068965517241379,0.4105850733925987
YDR456W,-1,-/-,-503.2021930217743,-26400.78361082077,87,0.02021696252465483,0.7068965517241379,0.4107918131072979
YOL062C,-1,0/-,-503.2419883608818,-39708.861699581146,348,0.020206998521439132,0.7068965517241379,0.4109985528219971
YIL093C,-1,0/-,-503.27324599027634,-37398.71805879474,348,0.02019704433497537,0.7068965517241379,0.4112052925366963
YOR316C,-1,-/-,-503.28541564941406,-25063.68363714218,87,0.02018709995076317,0.7068965517241379,0.4114120322513955
YBR238C,-1,0/-,-503.29181158542633,-35660.30050987005,348,0.020177165354330708,0.7068965517241379,0.4116187719660947
YFR003C,-1,-/-,-503.31999588012695,-25374.28433561325,87,0.02016724053123463,0.7068965517241379,0.4118255116807939
YGR053C,-1,0/-,-503.3887612223625,-36523.387436807156,348,0.02015732546705998,0.7068965517241379,0.4120322513954931
YKL185W,-1,-/-,-503.40293169021606,-22202.535271167755,87,0.020147420147420148,0.7068965517241379,0.41223899111019224
YDR011W,-1,-/-,-503.4113621711731,-23572.493035554886,87,0.02013752455795678,0.7068965517241379,0.41244573082489144
YKR096W,-1,0/-,-503.44862389564514,-37551.71240156889,348,0.020127638684339717,0.7068965517241379,0.41265247053959064
YKL167C,-1,0/-,-503.49457809329033,-37833.7439879477,348,0.020117762512266928,0.7068965517241379,0.41285921025428984
YJL053W,-1,-/-,-503.50762844085693,-25606.293865203857,87,0.020107896027464444,0.7068965517241379,0.41306594996898904
YDL069C,-1,-/-,-503.51338291168213,-23414.89611029625,87,0.020098039215686276,0.7068965517241379,0.41327268968368824
YLR224W,-1,-/-,-503.52327585220337,-21986.22179222107,87,0.020088192062714356,0.7068965517241379,0.41347942939838744
YBR176W,1,0/+,-503.56152921915054,-39442.906009852886,348,0.02056807051909892,0.7241379310344828,0.41347942939838744
YLR404W,-1,0/-,-503.5787910223007,-39078.51260745525,348,0.020558002936857563,0.7241379310344828,0.41368616911308664
YMR139W,-1,-/-,-503.6028686761856,-27903.922393918037,87,0.02054794520547945,0.7241379310344828,0.41389290882778584
YML005W,-1,-/-,-503.6161892414093,-24348.427026748657,87,0.020537897310513448,0.7241379310344828,0.414099648542485
YOL137W,-1,0/-,-503.6442630290985,-38115.73367294669,348,0.020527859237536656,0.7241379310344828,0.4143063882571842
YNL234W,-1,0/-,-503.68746399879456,-36460.19407916069,348,0.02051783097215437,0.7241379310344828,0.4145131279718834
YHR005C-A,-1,-/-,-503.69070625305176,-22709.54300737381,87,0.0205078125,0.7241379310344828,0.4147198676865826
YDR471W,-1,0/-,-503.70545494556427,-39501.74118357897,348,0.020497803806734993,0.7241379310344828,0.4149266074012818
YOR167C,-1,0/-,-503.72352761030197,-37272.08745580912,348,0.02048780487804878,0.7241379310344828,0.415133347115981
YPR106W,-1,0/-,-503.75592935085297,-36726.2814348191,348,0.020477815699658702,0.7241379310344828,0.4153400868306802
YOR244W,-1,-/-,-503.7647635936737,-24066.61873269081,87,0.02046783625730994,0.7241379310344828,0.4155468265453794
YPL034W,0,0/0,-503.7878450155258,-37332.059589505196,348,0.02046783625730994,0.7241379310344828,0.4155468265453794
YPR152C,-1,0/-,-503.82006627321243,-37521.73652526736,348,0.020457866536775452,0.7241379310344828,0.4157535662600786
YJR142W,0,0/0,-503.82495242357254,-36121.39688664675,348,0.020457866536775452,0.7241379310344828,0.4157535662600786
YBR028C,-1,0/-,-503.8571593761444,-36786.30603855848,348,0.02044790652385589,0.7241379310344828,0.41596030597477773
YDR404C,-1,-/-,-503.857412815094,-23634.058173418045,87,0.020437956204379562,0.7241379310344828,0.41616704568947693
YKL137W,-1,0/-,-503.8734616935253,-37787.74907210469,348,0.020428015564202335,0.7241379310344828,0.41637378540417613
YJL139C,-1,-/-,-503.90025568008423,-24962.409737348557,87,0.020418084589207585,0.7241379310344828,0.41658052511887533
YGR084C,-1,0/-,-503.99765533208847,-37538.314117997885,348,0.02040816326530612,0.7241379310344828,0.41678726483357453
YBR017C,-1,-/-,-504.0032560825348,-23236.15346288681,87,0.020398251578436135,0.7241379310344828,0.41699400454827373
YKR017C,-1,0/-,-504.0126408338547,-36412.935526669025,348,0.020388349514563107,0.7241379310344828,0.41720074426297293
YOL092W,-1,0/-,-504.0184018611908,-35636.37869036198,348,0.020378457059679767,0.7241379310344828,0.41740748397767213
YMR208W,-1,-/-,-504.0624141693115,-24242.86329269409,87,0.020368574199806012,0.7241379310344828,0.4176142236923713
YMR178W,0,0/0,-504.0667127966881,-36153.13599526882,348,0.020368574199806012,0.7241379310344828,0.4176142236923713
YER019W,-1,-/-,-504.07793641090393,-24131.312980413437,87,0.02035870092098885,0.7241379310344828,0.4178209634070705
YDL095W,-1,-/-,-504.08573055267334,-25113.086717128754,87,0.020348837209302327,0.7241379310344828,0.4180277031217697
YIL049W,-1,-/-,-504.2077991962433,-23732.37849187851,87,0.020338983050847456,0.7241379310344828,0.4182344428364689
YLR408C,-1,0/-,-504.21265441179276,-36991.67540752888,348,0.02032913843175218,0.7241379310344828,0.4184411825511681
YKL033W-A,0,0/0,-504.2972747683525,-37886.6768027544,348,0.02032913843175218,0.7241379310344828,0.4184411825511681
YGL233W,-1,-/-,-504.3308515548706,-24685.483791470528,87,0.020319303338171262,0.7241379310344828,0.4186479222658673
YKL072W,0,0/0,-504.3308665752411,-38716.678419709206,348,0.020319303338171262,0.7241379310344828,0.4186479222658673
YBR197C,0,0/0,-504.34502106904984,-37230.10049176216,348,0.020319303338171262,0.7241379310344828,0.4186479222658673
YLR028C,-1,-/-,-504.3595757484436,-26323.687123537064,87,0.020309477756286266,0.7241379310344828,0.4188546619805665
YOR327C,-1,-/-,-504.4457039833069,-25239.666585683823,87,0.02029966167230546,0.7241379310344828,0.4190614016952657
YLL006W,-1,-/-,-504.45308232307434,-22770.961378335953,87,0.020289855072463767,0.7241379310344828,0.4192681414099649
YEL038W,0,0/0,-504.4535372555256,-36911.99034431577,348,0.020289855072463767,0.7241379310344828,0.4192681414099649
YNR015W,-1,-/-,-504.4605803489685,-23465.290383577347,87,0.020280057943022695,0.7241379310344828,0.419474881124664
YPL160W,-1,-/-,-504.489830493927,-24523.10258704424,87,0.02027027027027027,0.7241379310344828,0.4196816208393632
YBR259W,0,0/0,-504.51055788993835,-36774.70978432894,348,0.02027027027027027,0.7241379310344828,0.4196816208393632
YLL056C,0,-/0,-504.52413845062256,-22858.782124638557,87,0.02027027027027027,0.7241379310344828,0.4196816208393632
YOL026C,-1,-/-,-504.52847933769226,-24674.459328889847,87,0.020260492040520984,0.7241379310344828,0.4198883605540624
YLR208W,-1,-/-,-504.53661036491394,-24773.914935588837,87,0.020250723240115717,0.7241379310344828,0.4200951002687616
YDR522C,-1,0/-,-504.5686208307743,-36549.84893640876,348,0.020240963855421686,0.7241379310344828,0.4203018399834608
YPR004C,-1,0/-,-504.57311195135117,-36536.51042097807,348,0.02023121387283237,0.7241379310344828,0.42050857969816
YBR194W,0,0/0,-504.6352977156639,-38578.47833812237,348,0.02023121387283237,0.7241379310344828,0.42050857969816
YBR044C,-1,0/-,-504.6618771851063,-39360.28792920709,348,0.020221473278767454,0.7241379310344828,0.4207153194128592
YGL010W,-1,0/-,-504.6634420156479,-36929.2620691061,348,0.02021174205967276,0.7241379310344828,0.4209220591275584
YOR087W,-1,-/-,-504.6649820804596,-23157.6309568882,87,0.020202020202020204,0.7241379310344828,0.4211287988422576
YJL094C,-1,-/-,-504.7190132141113,-25195.625579476357,87,0.020192307692307693,0.7241379310344828,0.42133553855695677
YBL105C,-1,-/-,-504.738671541214,-26878.06016767025,87,0.020182604517059107,0.7241379310344828,0.42154227827165597
YOR140W,-1,-/-,-504.8108937740326,-23451.821996212006,87,0.020172910662824207,0.7241379310344828,0.42174901798635517
YOL002C,-1,-/-,-504.81126070022583,-24146.629036307335,87,0.020163226116178587,0.7241379310344828,0.42195575770105437
YOR380W,-1,-/-,-504.8270483016968,-24011.33644747734,87,0.02015355086372361,0.7241379310344828,0.42216249741575357
YBL055C,-1,-/-,-504.8452715873718,-24357.415651082993,87,0.02014388489208633,0.7241379310344828,0.42236923713045277
YLR050C,-1,0/-,-504.97016394138336,-36793.82643759251,348,0.020134228187919462,0.7241379310344828,0.42257597684515197
YBR217W,-1,-/-,-505.03154826164246,-23938.68471312523,87,0.020124580737901295,0.7241379310344828,0.42278271655985117
YJL084C,-1,0/-,-505.0590826869011,-39443.845452040434,348,0.020114942528735632,0.7241379310344828,0.42298945627455037
YHR065C,-1,-/-,-505.06338930130005,-23773.754518032074,87,0.020105313547151747,0.7241379310344828,0.4231961959892495
YKL192C,-1,-/-,-505.0788104534149,-23706.631769895554,87,0.020095693779904306,0.7241379310344828,0.4234029357039487
YJL095W,-1,-/-,-505.09471678733826,-24772.650209903717,87,0.020086083213773313,0.7241379310344828,0.4236096754186479
YNL162W,-1,0/-,-505.10616260766983,-37762.97461384535,348,0.020076481835564052,0.7241379310344828,0.4238164151333471
YDR300C,0,-/0,-505.1581497192383,-23876.317604899406,87,0.020076481835564052,0.7241379310344828,0.4238164151333471
YDL146W,-1,0/-,-505.1675435304642,-37907.917674034834,348,0.020066889632107024,0.7241379310344828,0.4240231548480463
YOR049C,-1,-/-,-505.21411085128784,-22281.55331850052,87,0.02005730659025788,0.7241379310344828,0.4242298945627455
YPR008W,-1,-/-,-505.25297951698303,-24879.048599481583,87,0.020047732696897375,0.7241379310344828,0.4244366342774447
YFR018C,-1,0/-,-505.25555151700974,-37218.58223879337,348,0.020038167938931296,0.7241379310344828,0.4246433739921439
YDL113C,-1,-/-,-505.26157903671265,-24988.93270087242,87,0.020028612303290415,0.7241379310344828,0.42485011370684306
YLR207W,-1,-/-,-505.26799154281616,-24566.49084663391,87,0.02001906577693041,0.7241379310344828,0.42505685342154226
YGL226C-A,-1,-/-,-505.275812625885,-22759.63891172409,87,0.020009528346831826,0.7241379310344828,0.42526359313624146
YNR039C,-1,-/-,-505.3384144306183,-24815.253848314285,87,0.02,0.7241379310344828,0.42547033285094066
YGR118W,-1,-/-,-505.345591545105,-24717.807148694992,87,0.019990480723465015,0.7241379310344828,0.42567707256563986
YOR340C,-1,-/-,-505.35364961624146,-24868.367468118668,87,0.019980970504281638,0.7241379310344828,0.42588381228033906
YNR032C-A,-1,-/-,-505.40158557891846,-22352.25121307373,87,0.019971469329529243,0.7241379310344828,0.42609055199503826
YJR119C,-1,-/-,-505.4456603527069,-22257.663365721703,87,0.019961977186311788,0.7241379310344828,0.42629729170973746
YDR042C,0,0/0,-505.46334171295166,-37060.40637111664,348,0.019961977186311788,0.7241379310344828,0.42629729170973746
YLR312W-A,-1,0/-,-505.5599974989891,-36572.17883002758,348,0.019952494061757718,0.7241379310344828,0.42650403142443666
YER066W,-1,0/-,-505.5787456035614,-37219.50383871794,348,0.019943019943019943,0.7241379310344828,0.4267107711391358
YPL245W,0,0/0,-505.58032470941544,-35393.13144159317,348,0.019943019943019943,0.7241379310344828,0.4267107711391358
YOR002W,-1,-/-,-505.5884385108948,-25160.910092830658,87,0.019933554817275746,0.7241379310344828,0.426917510853835
YMR098C,-1,0/-,-505.5954346060753,-39448.46345245838,348,0.019924098671726755,0.7241379310344828,0.4271242505685342
YJL112W,-1,-/-,-505.60617446899414,-25136.64591360092,87,0.01991465149359886,0.7241379310344828,0.4273309902832334
YDR034W-B,0,0/0,-505.6504401564598,-37874.21126687527,348,0.01991465149359886,0.7241379310344828,0.4273309902832334
YBR179C,-1,-/-,-505.6776146888733,-23138.88113307953,87,0.01990521327014218,0.7241379310344828,0.4275377299979326
YDR125C,-1,0/-,-505.68027859926224,-37811.99951839447,348,0.01989578398863098,0.7241379310344828,0.4277444697126318
YPR091C,-1,0/-,-505.69554448127747,-36161.923757612705,348,0.019886363636363636,0.7241379310344828,0.427951209427331
YNL003C,-1,-/-,-505.72802662849426,-26980.3695936203,87,0.019876952200662566,0.7241379310344828,0.4281579491420302
YBR244W,-1,-/-,-505.7582542896271,-22725.088522315025,87,0.019867549668874173,0.7241379310344828,0.4283646888567294
YGR010W,-1,+/-,-505.783301115036,-22779.48144173622,86,0.019858156028368795,0.7241379310344828,0.42857142857142855
YFR031C-A,-1,0/-,-505.798127412796,-39321.43812480569,348,0.01984877126654064,0.7241379310344828,0.42877816828612775
YLR059C,-1,-/-,-505.80364418029785,-24021.651381850243,87,0.01983939537080775,0.7241379310344828,0.42898490800082695
YNL131W,-1,-/-,-505.8793706893921,-24890.20171535015,87,0.019830028328611898,0.7241379310344828,0.42919164771552615
YBR015C,-1,-/-,-505.884459733963,-24442.635324835777,87,0.019820670127418595,0.7241379310344828,0.42939838743022535
YFL045C,-1,-/-,-505.8960494995117,-23266.702090144157,87,0.01981132075471698,0.7241379310344828,0.42960512714492455
YGL141W,-1,0/-,-505.94499111175537,-39448.602145940065,348,0.019801980198019802,0.7241379310344828,0.42981186685962375
YNL190W,-1,0/-,-505.9461506009102,-36974.87031775713,348,0.019792648444863337,0.7241379310344828,0.43001860657432295
YLR436C,-1,0/-,-506.0186223387718,-39157.01648020744,348,0.019783325482807347,0.7241379310344828,0.43022534628902215
YDR090C,0,0/0,-506.08347940444946,-36278.350555598736,348,0.019783325482807347,0.7241379310344828,0.43022534628902215
YBR136W,-1,-/-,-506.12569522857666,-25043.991327762604,87,0.01977401129943503,0.7241379310344828,0.4304320860037213
YIL009W,-1,-/-,-506.13008856773376,-24384.473920345306,87,0.01976470588235294,0.7241379310344828,0.4306388257184205
YPR157W,0,0/0,-506.1337662935257,-36016.80676651001,348,0.01976470588235294,0.7241379310344828,0.4306388257184205
YDL018C,-1,0/-,-506.1666921377182,-39431.789576113224,348,0.01975540921919097,0.7241379310344828,0.4308455654331197
YBR025C,-1,0/-,-506.17034661769867,-38871.58561748266,348,0.019746121297602257,0.7241379310344828,0.4310523051478189
YLR104W,-1,0/-,-506.1910112500191,-36631.86755120754,348,0.019736842105263157,0.7241379310344828,0.4312590448625181
YHR019C,-1,-/-,-506.25954365730286,-24915.242390871048,87,0.01972757162987318,0.7241379310344828,0.4314657845772173
YBR229C,-1,0/-,-506.2767976820469,-39607.01168626547,348,0.01971830985915493,0.7241379310344828,0.4316725242919165
YOR156C,-1,-/-,-506.31907320022583,-23283.509824037552,87,0.019709056780854058,0.7241379310344828,0.4318792640066157
YPL032C,-1,-/-,-506.3359863758087,-23766.292335033417,87,0.019699812382739212,0.7241379310344828,0.43208600372131484
YNR004W,-1,0/-,-506.3477904200554,-36489.46414667368,348,0.01969057665260197,0.7241379310344828,0.43229274343601404
YEL007W,0,0/0,-506.3615785241127,-37375.838360249996,348,0.01969057665260197,0.7241379310344828,0.43229274343601404
YML021C,-1,-/-,-506.3747835159302,-23506.894290685654,87,0.019681349578256794,0.7241379310344828,0.43249948315071324
YNR066C,-1,0/-,-506.38204193115234,-37772.78536623716,348,0.019672131147540985,0.7241379310344828,0.43270622286541244
YDR066C,-1,0/-,-506.41461849212646,-38228.65325379372,348,0.019662921348314606,0.7241379310344828,0.43291296258011164
YNL221C,-1,-/-,-506.422242641449,-24150.27604675293,87,0.019653720168460457,0.7241379310344828,0.43311970229481084
YDL164C,-1,-/-,-506.4252305030823,-24806.77971625328,87,0.019644527595884004,0.7241379310344828,0.43332644200951004
YML113W,-1,-/-,-506.42920446395874,-23973.45306444168,87,0.019635343618513323,0.7241379310344828,0.43353318172420924
YEL017W,0,0/0,-506.4409471154213,-37580.56004497409,348,0.019635343618513323,0.7241379310344828,0.43353318172420924
YKR031C,-1,-/-,-506.4436409473419,-25969.584213495255,87,0.019626168224299065,0.7241379310344828,0.43373992143890844
YPR116W,-1,0/-,-506.45067405700684,-36813.508443295956,348,0.019617001401214387,0.7241379310344828,0.4339466611536076
YDR297W,-1,-/-,-506.45924973487854,-23745.29833459854,87,0.0196078431372549,0.7241379310344828,0.4341534008683068
YPL072W,-1,0/-,-506.46203434467316,-38114.4424276948,348,0.01959869342043864,0.7241379310344828,0.434360140583006
YGL131C,-1,0/-,-506.4996742606163,-38587.975059747696,348,0.01958955223880597,0.7241379310344828,0.4345668802977052
YLL049W,-1,0/-,-506.54569590091705,-38307.60508209467,348,0.019580419580419582,0.7241379310344828,0.4347736200124044
YOR255W,-1,0/-,-506.5918764472008,-36692.06907504797,348,0.0195712954333644,0.7241379310344828,0.4349803597271036
YBR181C,-1,0/-,-506.59579688310623,-39130.95406229794,348,0.019562179785747556,0.7241379310344828,0.4351870994418028
YOR209C,-1,+/-,-506.6201066970825,-24063.19250202179,86,0.019553072625698324,0.7241379310344828,0.435393839156502
YNL145W,-1,-/-,-506.62937808036804,-23207.694557070732,87,0.019543973941368076,0.7241379310344828,0.4356005788712012
YNL269W,0,0/0,-506.65819334983826,-37381.84672704339,348,0.019543973941368076,0.7241379310344828,0.4356005788712012
YOR239W,-1,-/-,-506.66164445877075,-24483.98319220543,87,0.01953488372093023,0.7241379310344828,0.4358073185859003
YIL133C,-1,0/-,-506.7136700153351,-39369.77441775799,348,0.019525801952580194,0.7241379310344828,0.4360140583005995
YML050W,0,0/0,-506.7157127857208,-35840.165555775166,348,0.019525801952580194,0.7241379310344828,0.4360140583005995
YER102W,-1,0/-,-506.7615035176277,-40129.41343712807,348,0.019516728624535316,0.7241379310344828,0.4362207980152987
YJR101W,-1,0/-,-506.7794884443283,-38423.52460923791,348,0.019507663725034836,0.7241379310344828,0.4364275377299979
YLR110C,-1,-/-,-506.81444001197815,-22216.75279903412,87,0.019498607242339833,0.7241379310344828,0.4366342774446971
YOR047C,-1,-/-,-506.93089389801025,-23666.09763133526,87,0.01948955916473318,0.7241379310344828,0.4368410171593963
YPR015C,-1,0/-,-506.9410570859909,-37595.22148436308,348,0.01948051948051948,0.7241379310344828,0.4370477568740955
YML035C,-1,0/-,-506.9705194234848,-38686.04562858492,348,0.019471488178025034,0.7241379310344828,0.4372544965887947
YIL031W,-1,-/-,-506.98472023010254,-24047.642946958542,87,0.019462465245597776,0.7241379310344828,0.4374612363034939
YIL122W,-1,-/-,-506.9894037246704,-23093.02940583229,87,0.019453450671607225,0.7241379310344828,0.4376679760181931
YML038C,-1,-/-,-506.9960560798645,-24463.350959539413,87,0.019444444444444445,0.7241379310344828,0.4378747157328923
YFL036W,-1,-/-,-506.9971733093262,-23772.932553052902,87,0.01943544655252198,0.7241379310344828,0.4380814554475915
YDR489W,-1,-/-,-507.0390684604645,-23121.643308877945,87,0.01942645698427382,0.7241379310344828,0.4382881951622907
YJL107C,-1,0/-,-507.0879182815552,-37267.25781446695,348,0.019417475728155338,0.7241379310344828,0.4384949348769899
YIL052C,-1,-/-,-507.1084122657776,-24082.475306987762,87,0.019408502772643253,0.7241379310344828,0.4387016745916891
YPL257W,0,0/0,-507.17075657844543,-37505.18321740627,348,0.019408502772643253,0.7241379310344828,0.4387016745916891
YML079W,0,0/0,-507.2241123318672,-36070.03026282787,348,0.019408502772643253,0.7241379310344828,0.4387016745916891
YPR080W,-1,-/-,-507.25506949424744,-20878.58940064907,87,0.019399538106235566,0.7241379310344828,0.4389084143063883
YKR018C,0,0/0,-507.2829356789589,-36528.42838430405,348,0.019399538106235566,0.7241379310344828,0.4389084143063883
YNR006W,-1,-/-,-507.287721157074,-27291.78362250328,87,0.019390581717451522,0.7241379310344828,0.4391151540210875
YBL072C,-1,0/-,-507.29840183258057,-40181.07623496652,348,0.019381633594831565,0.7241379310344828,0.4393218937357866
YOL009C,-1,-/-,-507.38327264785767,-24193.803928613663,87,0.01937269372693727,0.7241379310344828,0.4395286334504858
YAR066W,0,0/0,-507.388968706131,-36878.221842467785,348,0.01937269372693727,0.7241379310344828,0.4395286334504858
YDR089W,-1,0/-,-507.397709608078,-38022.60853880644,348,0.019363762102351315,0.7241379310344828,0.439735373165185
YHR161C,-1,-/-,-507.42126274108887,-27070.47038412094,87,0.01935483870967742,0.7241379310344828,0.4399421128798842
YIL078W,-1,0/-,-507.4760362505913,-39605.281855762005,348,0.019345923537540305,0.7241379310344828,0.4401488525945834
YPL127C,-1,-/-,-507.48761343955994,-24178.410401821136,87,0.019337016574585635,0.7241379310344828,0.4403555923092826
YCR024C-A,0,-/0,-507.49938917160034,-22690.9531083107,87,0.019337016574585635,0.7241379310344828,0.4403555923092826
YJR015W,0,0/0,-507.50786447525024,-35698.324900865555,348,0.019337016574585635,0.7241379310344828,0.4403555923092826
YER177W,-1,-/-,-507.5276827812195,-25736.65428185463,87,0.019328117809479982,0.7241379310344828,0.4405623320239818
YIL172C,-1,0/-,-507.5351430773735,-38924.36427488923,348,0.019319227230910764,0.7241379310344828,0.440769071738681
YDL080C,1,+/+,-507.55373454093933,-25460.913187384605,86,0.019770114942528734,0.7413793103448276,0.440769071738681
YBR162C,0,-/0,-507.5575547218323,-22632.247654676437,87,0.019770114942528734,0.7413793103448276,0.440769071738681
YDR462W,-1,0/-,-507.61001950502396,-39318.61482745409,348,0.019761029411764705,0.7413793103448276,0.4409758114533802
YKR074W,0,0/0,-507.7059653997421,-35650.512381613255,348,0.019761029411764705,0.7413793103448276,0.4409758114533802
YHR045W,0,0/0,-507.756991147995,-36441.413557231426,348,0.019761029411764705,0.7413793103448276,0.4409758114533802
YHR072W,-1,-/-,-507.79906606674194,-23879.393340349197,87,0.01975195222783647,0.7413793103448276,0.44118255116807936
YLR072W,-1,0/-,-507.8134106397629,-36843.880616903305,348,0.019742883379247015,0.7413793103448276,0.44138929088277856
YJL115W,-1,-/-,-507.81442761421204,-23545.954690933228,87,0.01973382285452042,0.7413793103448276,0.44159603059747776
YOR190W,-1,0/-,-507.83611702919006,-38962.376781344414,348,0.019724770642201836,0.7413793103448276,0.44180277031217696
YDR523C,-1,-/-,-507.83818459510803,-22208.47482585907,87,0.019715726730857405,0.7413793103448276,0.44200951002687616
YGL206C,-1,-/-,-507.88266158103943,-24928.33140563965,87,0.019706691109074245,0.7413793103448276,0.44221624974157536
YJL145W,-1,-/-,-507.89871764183044,-22235.296397686005,87,0.019697663765460376,0.7413793103448276,0.44242298945627456
YGL192W,-1,-/-,-507.9282419681549,-21818.98529434204,87,0.019688644688644688,0.7413793103448276,0.44262972917097376
YIR012W,-1,-/-,-507.9532685279846,-24519.81206345558,87,0.019679633867276888,0.7413793103448276,0.44283646888567296
YLL018C-A,-1,-/-,-507.96014165878296,-21326.763988018036,87,0.019670631290027447,0.7413793103448276,0.4430432086003721
YER056C-A,-1,0/-,-507.9788594841957,-38113.89235877991,348,0.019661636945587563,0.7413793103448276,0.4432499483150713
YMR188C,-1,-/-,-508.04121255874634,-23837.429416298866,87,0.019652650822669104,0.7413793103448276,0.4434566880297705
YLR097C,-1,-/-,-508.0468125343323,-24873.671941757202,87,0.01964367291000457,0.7413793103448276,0.4436634277444697
YGR096W,-1,0/-,-508.05625051259995,-37690.51857346296,348,0.019634703196347032,0.7413793103448276,0.4438701674591689
YBL005W,-1,-/-,-508.06664180755615,-23384.673310756683,87,0.019625741670470105,0.7413793103448276,0.4440769071738681
YOR293W,-1,0/-,-508.08690345287323,-39678.4362167418,348,0.019616788321167884,0.7413793103448276,0.4442836468885673
YHL015W,-1,0/-,-508.10096913576126,-38712.13941961527,348,0.0196078431372549,0.7413793103448276,0.4444903866032665
YPL137C,-1,-/-,-508.1118986606598,-24145.65450334549,87,0.01959890610756609,0.7413793103448276,0.4446971263179657
YPL056C,0,0/0,-508.1587250828743,-37153.56075501442,348,0.01959890610756609,0.7413793103448276,0.4446971263179657
YPL272C,0,0/0,-508.1949039697647,-36792.64942109585,348,0.01959890610756609,0.7413793103448276,0.4446971263179657
YGL018C,-1,-/-,-508.1955440044403,-24687.094525575638,87,0.01958997722095672,0.7413793103448276,0.44490386603266485
YBR227C,-1,0/-,-508.2728315591812,-39455.68414661288,348,0.019581056466302368,0.7413793103448276,0.44511060574736405
YOL013C,-1,-/-,-508.2887785434723,-26531.75107717514,87,0.01957214383249886,0.7413793103448276,0.44531734546206325
YER060W-A,-1,0/-,-508.2950000166893,-37956.27996197343,348,0.019563239308462238,0.7413793103448276,0.44552408517676245
YJR102C,-1,-/-,-508.33971095085144,-24014.144389152527,87,0.019554342883128694,0.7413793103448276,0.44573082489146165
YDR371W,-1,0/-,-508.3718042373657,-37551.37156781554,348,0.019545454545454546,0.7413793103448276,0.44593756460616085
YGR029W,-1,-/-,-508.3978431224823,-24052.90150952339,87,0.019536574284416176,0.7413793103448276,0.44614430432086005
YGL051W,-1,-/-,-508.403932094574,-23423.030421495438,87,0.01952770208900999,0.7413793103448276,0.44635104403555925
YER190W,-1,-/-,-508.4399948120117,-22634.56711435318,87,0.019518837948252384,0.7413793103448276,0.44655778375025845
YIL089W,0,0/0,-508.47633069753647,-37492.239070892334,348,0.019518837948252384,0.7413793103448276,0.44655778375025845
YHR133C,-1,-/-,-508.5268499851227,-24601.291409492493,87,0.019509981851179675,0.7413793103448276,0.4467645234649576
YJL034W,-1,-/-,-508.5410809516907,-22100.659916460514,87,0.019501133786848073,0.7413793103448276,0.4469712631796568
YCL073C,-1,0/-,-508.542356967926,-38651.61059105396,348,0.019492293744333637,0.7413793103448276,0.447178002894356
YKL011C,-1,-/-,-508.56477308273315,-22564.326214313507,87,0.019483461712732214,0.7413793103448276,0.4473847426090552
YHL008C,-1,0/-,-508.5848779678345,-35860.53914105892,348,0.01947463768115942,0.7413793103448276,0.4475914823237544
YDR244W,-1,-/-,-508.5902135372162,-24517.577115774155,87,0.019465821638750568,0.7413793103448276,0.4477982220384536
YGL249W,-1,-/-,-508.6217620372772,-22802.32245516777,87,0.019457013574660634,0.7413793103448276,0.4480049617531528
YCR030C,-1,0/-,-508.66857701539993,-40156.72069692612,348,0.019448213478064226,0.7413793103448276,0.448211701467852
YKR075C,-1,0/-,-508.6766481399536,-36963.11810952425,348,0.019439421338155516,0.7413793103448276,0.44841844118255114
YBR193C,-1,-/-,-508.6821255683899,-23602.45438504219,87,0.019430637144148215,0.7413793103448276,0.44862518089725034
YDR210W,0,0/0,-508.6965161561966,-37292.95148926973,348,0.019430637144148215,0.7413793103448276,0.44862518089725034
YHR126C,0,0/0,-508.7066079378128,-36564.91264677048,348,0.019430637144148215,0.7413793103448276,0.44862518089725034
YCR071C,-1,-/-,-508.70780420303345,-24765.43189239502,87,0.01942186088527552,0.7413793103448276,0.44883192061194954
YLR108C,0,0/0,-508.73529535532,-36026.46454465389,348,0.01942186088527552,0.7413793103448276,0.44883192061194954
YLR196W,-1,-/-,-508.73946809768677,-24386.98764884472,87,0.019413092550790066,0.7413793103448276,0.44903866032664874
YIL084C,-1,-/-,-508.76219630241394,-24097.680720567703,87,0.0194043321299639,0.7413793103448276,0.44924540004134794
YKL010C,-1,0/-,-508.80153572559357,-39085.588545411825,348,0.019395579612088407,0.7413793103448276,0.44945213975604714
YML018C,0,0/0,-508.84751880168915,-35461.44355416298,348,0.019395579612088407,0.7413793103448276,0.44945213975604714
YPL227C,-1,-/-,-508.900762796402,-24663.710706710815,87,0.0193868349864743,0.7413793103448276,0.44965887947074634
YGL129C,-1,-/-,-508.9487590789795,-24569.81601381302,87,0.019378098242451555,0.7413793103448276,0.44986561918544554
YFL034C-B,-1,-/-,-508.9502823352814,-25301.55686903,87,0.01936936936936937,0.7413793103448276,0.45007235890014474
YHR110W,-1,0/-,-508.9675416946411,-38289.42989361286,348,0.01936064835659613,0.7413793103448276,0.4502790986148439
YGR040W,-1,-/-,-508.97008872032166,-22769.834722042084,87,0.01935193519351935,0.7413793103448276,0.4504858383295431
YDL189W,0,0/0,-509.0686973333359,-38838.13240635395,348,0.01935193519351935,0.7413793103448276,0.4504858383295431
YAL001C,-1,-/-,-509.07362937927246,-23554.91433119774,87,0.019343229869545658,0.7413793103448276,0.4506925780442423
YGR076C,-1,0/-,-509.0836028456688,-39625.00480103493,348,0.01933453237410072,0.7413793103448276,0.4508993177589415
YOL157C,-1,0/-,-509.10981929302216,-39081.53260472417,348,0.019325842696629212,0.7413793103448276,0.4511060574736407
YDR170C,-1,-/-,-509.13637709617615,-25789.30995297432,87,0.01931716082659479,0.7413793103448276,0.4513127971883399
YGL252C,-1,-/-,-509.2556073665619,-24870.524179458618,87,0.019308486753480018,0.7413793103448276,0.4515195369030391
YCR050C,0,0/0,-509.26367032527924,-38059.8585255146,348,0.019308486753480018,0.7413793103448276,0.4515195369030391
YKR019C,-1,-/-,-509.28877782821655,-24319.686060786247,87,0.019299820466786355,0.7413793103448276,0.4517262766177383
YDR144C,-1,0/-,-509.29609829187393,-38832.14869263768,348,0.019291161956034097,0.7413793103448276,0.4519330163324375
YLR351C,0,0/0,-509.3952989578247,-40084.89336873591,348,0.019291161956034097,0.7413793103448276,0.4519330163324375
YLR116W,-1,-/-,-509.40460419654846,-23321.85627102852,87,0.019282511210762333,0.7413793103448276,0.45213975604713663
YDR016C,-1,-/-,-509.4316875934601,-22702.33677792549,87,0.01927386822052891,0.7413793103448276,0.45234649576183583
YDL197C,-1,-/-,-509.45980429649353,-23374.71060359478,87,0.019265232974910396,0.7413793103448276,0.45255323547653503
YKL120W,-1,-/-,-509.4673056602478,-24100.320132613182,87,0.019256605463502014,0.7413793103448276,0.45275997519123423
YGL159W,0,0/0,-509.50080567598343,-36327.012859880924,348,0.019256605463502014,0.7413793103448276,0.45275997519123423
YDL206W,-1,0/-,-509.51678413152695,-37399.55617791414,348,0.019247985675917637,0.7413793103448276,0.45296671490593343
YOR131C,0,0/0,-509.52431857585907,-35671.854868113995,348,0.019247985675917637,0.7413793103448276,0.45296671490593343
YGR296W,-1,-/-,-509.52513790130615,-23323.383212804794,87,0.01923937360178971,0.7413793103448276,0.45317345462063263
YBR048W,-1,-/-,-509.53015899658203,-23750.318489909172,87,0.019230769230769232,0.7413793103448276,0.45338019433533183
YLR344W,-1,0/-,-509.57014587521553,-38760.450148910284,348,0.019222172552525705,0.7413793103448276,0.45358693405003103
YCR101C,0,0/0,-509.61770409345627,-38368.22048565745,348,0.019222172552525705,0.7413793103448276,0.45358693405003103
YIL128W,-1,-/-,-509.6787369251251,-24692.370679616928,87,0.019213583556747096,0.7413793103448276,0.45379367376473023
YKR059W,-1,-/-,-509.7060377597809,-23695.76740527153,87,0.019205002233139794,0.7413793103448276,0.4540004134794294
YIL143C,-1,-/-,-509.720272064209,-24786.632357120514,87,0.019196428571428573,0.7413793103448276,0.4542071531941286
YER093C,-1,-/-,-509.7529447078705,-23362.19031727314,87,0.019187862561356538,0.7413793103448276,0.4544138929088278
YML095C,-1,-/-,-509.77785539627075,-23072.288304805756,87,0.0191793041926851,0.7413793103448276,0.454620632623527
YLR443W,-1,0/-,-509.78839749097824,-39071.07226678729,348,0.019170753455193937,0.7413793103448276,0.4548273723382262
YMR084W,-1,0/-,-509.8644417524338,-36849.09948706627,348,0.019162210338680926,0.7413793103448276,0.4550341120529254
YPL249C,-1,-/-,-509.87580013275146,-25944.34250831604,87,0.01915367483296214,0.7413793103448276,0.4552408517676246
YNL040W,0,0/0,-509.88416719436646,-37317.42336970568,348,0.01915367483296214,0.7413793103448276,0.4552408517676246
YDL245C,-1,-/-,-509.9452784061432,-25729.617455899715,87,0.01914514692787177,0.7413793103448276,0.4554475914823238
YPL260W,0,0/0,-509.95664727687836,-35623.02716040611,348,0.01914514692787177,0.7413793103448276,0.4554475914823238
YOR378W,-1,0/-,-509.9719713330269,-37606.81056189537,348,0.01913662661326213,0.7413793103448276,0.4556543311970229
YGL067W,-1,+/-,-510.0055069923401,-25194.693120479584,86,0.01912811387900356,0.7413793103448276,0.4558610709117221
YNL313C,-1,-/-,-510.0397458076477,-20829.466033935547,87,0.019119608714984436,0.7413793103448276,0.4560678106264213
YPR140W,-1,-/-,-510.0742939710617,-24644.659368634224,87,0.01911111111111111,0.7413793103448276,0.4562745503411205
YLR011W,-1,-/-,-510.121435880661,-25196.658484697342,87,0.019102621057307864,0.7413793103448276,0.4564812900558197
YDR318W,-1,-/-,-510.16637682914734,-24088.218654036522,87,0.019094138543516874,0.7413793103448276,0.4566880297705189
YLR459W,-1,-/-,-510.30339789390564,-24077.830708265305,87,0.01908566355969818,0.7413793103448276,0.4568947694852181
YNR040W,-1,0/-,-510.31772416830063,-37105.670238792896,348,0.019077196095829637,0.7413793103448276,0.4571015091999173
YOR074C,-1,-/-,-510.33514642715454,-23577.433659791946,87,0.019068736141906874,0.7413793103448276,0.4573082489146165
YML063W,-1,0/-,-510.4028210043907,-39828.3193936944,348,0.019060283687943262,0.7413793103448276,0.45751498862931567
YKR077W,-1,0/-,-510.4306370019913,-40459.70217680931,348,0.01905183872396987,0.7413793103448276,0.45772172834401487
YBR090C,0,0/0,-510.43065309524536,-37413.42057651281,348,0.01905183872396987,0.7413793103448276,0.45772172834401487
YER076C,0,0/0,-510.4392788410187,-36931.42091411352,348,0.01905183872396987,0.7413793103448276,0.45772172834401487
YDR022C,-1,-/-,-510.468692779541,-25822.71902036667,87,0.01904340124003543,0.7413793103448276,0.45792846805871407
YMR155W,0,0/0,-510.4779152870178,-35940.68343433738,348,0.01904340124003543,0.7413793103448276,0.45792846805871407
YDR237W,-1,0/-,-510.4803503751755,-37793.52466547489,348,0.019034971226206288,0.7413793103448276,0.45813520777341327
YMR092C,-1,-/-,-510.54199504852295,-24082.170209169388,87,0.01902654867256637,0.7413793103448276,0.45834194748811247
YHR026W,-1,-/-,-510.5484387874603,-23955.27040553093,87,0.01901813356921716,0.7413793103448276,0.45854868720281167
YDR275W,0,0/0,-510.5714276432991,-38112.01092737913,348,0.01901813356921716,0.7413793103448276,0.45854868720281167
YJR033C,-1,-/-,-510.58502411842346,-25391.413759469986,87,0.01900972590627763,0.7413793103448276,0.45875542691751087
YGR125W,-1,0/-,-510.6050373315811,-37206.407946527004,348,0.019001325673884226,0.7413793103448276,0.45896216663221007
YDR423C,-1,-/-,-510.63794016838074,-24544.717394828796,87,0.018992932862190812,0.7413793103448276,0.45916890634690927
YDL193W,-1,0/-,-510.64936751127243,-39381.493830531836,348,0.018984547461368653,0.7413793103448276,0.4593756460616084
YHR031C,-1,-/-,-510.6980001926422,-23003.167148828506,87,0.018976169461606355,0.7413793103448276,0.4595823857763076
YLR046C,0,0/0,-510.7008010149002,-38427.57853129506,348,0.018976169461606355,0.7413793103448276,0.4595823857763076
YDL177C,-1,0/-,-510.7197068333626,-37867.79569512606,348,0.018967798853109837,0.7413793103448276,0.4597891254910068
YDR142C,-1,-/-,-510.7226505279541,-25257.866630077362,87,0.01895943562610229,0.7413793103448276,0.459995865205706
YOR280C,0,0/0,-510.7251846790314,-40381.5198687613,348,0.01895943562610229,0.7413793103448276,0.459995865205706
YPL117C,-1,-/-,-510.7426071166992,-23757.581312417984,87,0.01895107977082415,0.7413793103448276,0.4602026049204052
YPR075C,-1,-/-,-510.74846625328064,-27326.73010134697,87,0.01894273127753304,0.7413793103448276,0.4604093446351044
YMR193W,-1,0/-,-510.76111829280853,-39990.01334539056,348,0.01893439013650374,0.7413793103448276,0.4606160843498036
YJL216C,-1,0/-,-510.788232088089,-38091.474056601524,348,0.018926056338028168,0.7413793103448276,0.4608228240645028
YLR452C,-1,-/-,-510.83753490448,-24723.0962818861,87,0.01891772987241531,0.7413793103448276,0.461029563779202
YOR298W,-1,-/-,-510.83758997917175,-22280.115697860718,87,0.018909410729991204,0.7413793103448276,0.46123630349390116
YGL064C,-1,0/-,-510.8952816128731,-37966.87604403496,348,0.018901098901098902,0.7413793103448276,0.46144304320860036
YOR079C,-1,-/-,-510.90612387657166,-22682.33980989456,87,0.018892794376098417,0.7413793103448276,0.46164978292329956
YGR181W,-1,-/-,-510.93912625312805,-24206.636618614197,87,0.018884497145366712,0.7413793103448276,0.46185652263799876
YDR213W,-1,-/-,-510.9535903930664,-22401.84033060074,87,0.01887620719929763,0.7413793103448276,0.46206326235269796
YGL231C,-1,0/-,-510.97119003534317,-36766.41788905859,348,0.018867924528301886,0.7413793103448276,0.46227000206739716
YCR099C,0,0/0,-510.97159600257874,-37776.86501145363,348,0.018867924528301886,0.7413793103448276,0.46227000206739716
YHL009C,-1,-/-,-510.97332406044006,-24545.970456838608,87,0.018859649122807017,0.7413793103448276,0.46247674178209636
YDL226C,-1,-/-,-510.99774384498596,-24365.834955215454,87,0.018851380973257344,0.7413793103448276,0.46268348149679556
YJL002C,-1,-/-,-511.0589244365692,-24492.379927635193,87,0.018843120070113933,0.7413793103448276,0.4628902212114947
YJL198W,-1,-/-,-511.0804719924927,-25447.043153762817,87,0.018834866403854577,0.7413793103448276,0.4630969609261939
YKL054C,-1,-/-,-511.0997123718262,-22219.01324415207,87,0.01882661996497373,0.7413793103448276,0.4633037006408931
YLR320W,-1,-/-,-511.109082698822,-23971.76788377762,87,0.018818380743982493,0.7413793103448276,0.4635104403555923
YDR047W,0,0/0,-511.1185427904129,-37992.23092952371,348,0.018818380743982493,0.7413793103448276,0.4635104403555923
YPL141C,-1,0/-,-511.1471304297447,-36844.64277398586,348,0.018810148731408575,0.7413793103448276,0.4637171800702915
YER136W,-1,0/-,-511.19648987054825,-40782.402697861195,348,0.01880192391779624,0.7413793103448276,0.4639239197849907
YDR490C,-1,-/-,-511.2240836620331,-25121.599383473396,87,0.018793706293706292,0.7413793103448276,0.4641306594996899
YDL081C,-1,-/-,-511.2309398651123,-24708.214374542236,87,0.018785495849716033,0.7413793103448276,0.4643373992143891
YMR158W,-1,0/-,-511.272025346756,-38714.356343090534,348,0.018777292576419215,0.7413793103448276,0.4645441389290883
YDR179W-A,0,0/0,-511.30856174230576,-36538.82999575138,348,0.018777292576419215,0.7413793103448276,0.4645441389290883
YDR093W,-1,-/-,-511.34564876556396,-24050.318684101105,87,0.018769096464426014,0.7413793103448276,0.46475087864378745
YDL089W,-1,0/-,-511.3505828976631,-40128.40070903301,348,0.018760907504363003,0.7413793103448276,0.46495761835848665
YPL175W,-1,-/-,-511.3660671710968,-24310.361719846725,87,0.01875272568687309,0.7413793103448276,0.46516435807318585
YKL117W,-1,-/-,-511.42359614372253,-25287.667991876602,87,0.018744551002615517,0.7413793103448276,0.46537109778788505
YJL129C,-1,-/-,-511.479709148407,-25401.615031838417,87,0.018736383442265796,0.7413793103448276,0.46557783750258425
YJL177W,-1,0/-,-511.4981700181961,-41072.82432091236,348,0.018728222996515678,0.7413793103448276,0.46578457721728345
YPR128C,-1,-/-,-511.5115122795105,-25106.736752271652,87,0.01872006965607314,0.7413793103448276,0.46599131693198265
YKL164C,-1,0/-,-511.51196110248566,-37452.16608452797,348,0.018711923411662314,0.7413793103448276,0.46619805664668185
YDR476C,0,0/0,-511.5272358059883,-37535.17711883783,348,0.018711923411662314,0.7413793103448276,0.46619805664668185
YGR263C,-1,0/-,-511.5319699048996,-39684.10127604008,348,0.018703784254023487,0.7413793103448276,0.46640479636138105
YLR129W,-1,-/-,-511.5412197113037,-24802.916617631912,87,0.018695652173913044,0.7413793103448276,0.4666115360760802
YGL169W,-1,-/-,-511.56911730766296,-24604.984087228775,87,0.018687527162103434,0.7413793103448276,0.4668182757907794
YPL206C,-1,-/-,-511.57037448883057,-24569.94861984253,87,0.018679409209383144,0.7413793103448276,0.4670250155054786
YKL210W,-1,0/-,-511.59767857193947,-41116.87553423643,348,0.018671298306556665,0.7413793103448276,0.4672317552201778
YER125W,-1,-/-,-511.5979869365692,-23349.673849344254,87,0.018663194444444444,0.7413793103448276,0.467438494934877
YOR336W,-1,0/-,-511.6168642640114,-40102.57371395826,348,0.018655097613882864,0.7413793103448276,0.4676452346495762
YHR054C,0,0/0,-511.642848610878,-37312.914631545544,348,0.018655097613882864,0.7413793103448276,0.4676452346495762
YOR181W,-1,-/-,-511.6823728084564,-23962.071095705032,87,0.0186470078057242,0.7413793103448276,0.4678519743642754
YBL084C,-1,-/-,-511.7331156730652,-22837.28923392296,87,0.018638925010836586,0.7413793103448276,0.4680587140789746
YDR330W,-1,-/-,-511.7531659603119,-25965.920147538185,87,0.018630849220103985,0.7413793103448276,0.4682654537936738
YNL010W,0,0/0,-511.7608942389488,-35745.88490700722,348,0.018630849220103985,0.7413793103448276,0.4682654537936738
YJL210W,-1,-/-,-511.79864025115967,-22141.692583560944,87,0.01862278042442616,0.7413793103448276,0.46847219350837294
YNL287W,-1,-/-,-511.8466811180115,-25418.198937177658,87,0.018614718614718615,0.7413793103448276,0.46867893322307214
YJL062W,-1,-/-,-511.8484351634979,-23848.8238427639,87,0.018606663781912593,0.7413793103448276,0.46888567293777134
YNL005C,-1,0/-,-511.8507535457611,-39206.748191297054,348,0.018598615916955018,0.7413793103448276,0.46909241265247054
YGL137W,-1,-/-,-511.9120090007782,-25411.538483142853,87,0.018590575010808474,0.7413793103448276,0.46929915236716974
YBL002W,-1,-/-,-511.9173721075058,-23268.52503335476,87,0.018582541054451167,0.7413793103448276,0.46950589208186894
YHR155W,-1,0/-,-511.9911831021309,-39744.757591575384,348,0.018574514038876888,0.7413793103448276,0.46971263179656814
YDR515W,-1,-/-,-512.009601354599,-23501.262903928757,87,0.018566493955094993,0.7413793103448276,0.46991937151126734
YBR135W,-1,-/-,-512.045361995697,-24502.507073521614,87,0.01855848079413034,0.7413793103448276,0.4701261112259665
YOR352W,0,0/0,-512.0577474236488,-35491.42003670335,348,0.01855848079413034,0.7413793103448276,0.4701261112259665
YLR061W,-1,0/-,-512.0902407765388,-39880.645917892456,348,0.018550474547023296,0.7413793103448276,0.4703328509406657
YBL089W,-1,0/-,-512.1274666190147,-39722.07880848646,348,0.018542475204829666,0.7413793103448276,0.4705395906553649
YBR095C,-1,-/-,-512.1442774534225,-26333.685789346695,87,0.01853448275862069,0.7413793103448276,0.4707463303700641
YIL169C,-1,0/-,-512.1643082499504,-37908.869697749615,348,0.01852649719948298,0.7413793103448276,0.4709530700847633
YPL259C,-1,-/-,-512.2303249835968,-25386.07674050331,87,0.018518518518518517,0.7413793103448276,0.4711598097994625
YDL218W,0,0/0,-512.233729660511,-36604.18980932236,348,0.018518518518518517,0.7413793103448276,0.4711598097994625
YGL105W,-1,-/-,-512.2420361042023,-25122.279034376144,87,0.018510546706844596,0.7413793103448276,0.4713665495141617
YNL245C,-1,-/-,-512.2647261619568,-23401.084908485413,87,0.018502581755593803,0.7413793103448276,0.4715732892288609
YNL301C,-1,0/-,-512.294823884964,-40287.603574603796,348,0.018494623655913978,0.7413793103448276,0.4717800289435601
YLR315W,-1,0/-,-512.3028863668442,-38192.9518237561,348,0.018486672398968184,0.7413793103448276,0.4719867686582592
YNL192W,-1,-/-,-512.3450655937195,-24146.548035144806,87,0.01847872797593468,0.7413793103448276,0.4721935083729584
YPL140C,-1,-/-,-512.3473103046417,-25740.05427157879,87,0.018470790378006873,0.7413793103448276,0.4724002480876576
YDL015C,-1,-/-,-512.3972704410553,-24601.70791053772,87,0.0184628595963933,0.7413793103448276,0.4726069878023568
YFL004W,-1,-/-,-512.4020347595215,-24614.69983768463,87,0.018454935622317595,0.7413793103448276,0.472813727517056
YPL256C,-1,-/-,-512.4071505069733,-23843.601277589798,87,0.018447018447018446,0.7413793103448276,0.4730204672317552
YJR026W,-1,-/-,-512.4308257102966,-22898.495489120483,87,0.01843910806174957,0.7413793103448276,0.4732272069464544
YML011C,-1,-/-,-512.4309215545654,-24138.671964406967,87,0.018431204457779682,0.7413793103448276,0.4734339466611536
YJL134W,-1,-/-,-512.4457273483276,-25059.685750961304,87,0.01842330762639246,0.7413793103448276,0.4736406863758528
YER107C,-1,-/-,-512.4461724758148,-23951.501887083054,87,0.01841541755888651,0.7413793103448276,0.47384742609055197
YBR110W,-1,-/-,-512.4474037885666,-26610.325274705887,87,0.018407534246575343,0.7413793103448276,0.47405416580525117
YGR100W,0,0/0,-512.4570630788803,-39833.1263127923,348,0.018407534246575343,0.7413793103448276,0.47405416580525117
YPL268W,-1,-/-,-512.4674401283264,-23681.018547534943,87,0.018399657680787333,0.7413793103448276,0.47426090551995037
YGR223C,-1,0/-,-512.5018213093281,-40757.96424561739,348,0.018391787852865698,0.7413793103448276,0.47446764523464957
YLL045C,-1,0/-,-512.5386493802071,-41140.36969792843,348,0.01838392475416845,0.7413793103448276,0.47467438494934877
YLR316C,-1,-/-,-512.5532612800598,-24617.69370818138,87,0.018376068376068377,0.7413793103448276,0.47488112466404797
YGR277C,-1,0/-,-512.6052498817444,-37558.92956775427,348,0.01836821870995301,0.7413793103448276,0.47508786437874717
YDL129W,0,0/0,-512.636165201664,-36242.050519406796,348,0.01836821870995301,0.7413793103448276,0.47508786437874717
YGL213C,-1,-/-,-512.6398441791534,-23884.557339549065,87,0.018360375747224593,0.7413793103448276,0.47529460409344637
YBL086C,0,0/0,-512.6910613179207,-36372.715227365494,348,0.018360375747224593,0.7413793103448276,0.47529460409344637
YMR134W,-1,-/-,-512.695463180542,-21892.555204629898,87,0.01835253947930004,0.7413793103448276,0.47550134380814557
YPR144C,-1,-/-,-512.759596824646,-25099.411311626434,87,0.01834470989761092,0.7413793103448276,0.4757080835228447
YDR494W,-1,-/-,-512.8400270938873,-25357.04165673256,87,0.01833688699360341,0.7413793103448276,0.4759148232375439
YFL038C,-1,-/-,-512.8544428348541,-24570.276211857796,87,0.018329070758738276,0.7413793103448276,0.4761215629522431
YBL005W-B,-1,-/-,-512.8625297546387,-22708.934964179993,87,0.018321261184490838,0.7413793103448276,0.4763283026669423
YDR382W,-1,-/-,-512.8909733295441,-24812.600254774094,87,0.018313458262350937,0.7413793103448276,0.4765350423816415
YER078C,-1,0/-,-512.9030116796494,-35558.566546976566,348,0.018305661983822902,0.7413793103448276,0.4767417820963407
YCR039C,-1,-/-,-512.9744658470154,-25021.784211158752,87,0.01829787234042553,0.7413793103448276,0.4769485218110399
YHR013C,-1,-/-,-513.0593225955963,-25093.641746520996,87,0.018290089323692044,0.7413793103448276,0.4771552615257391
YHR203C,-1,-/-,-513.0610179901123,-25141.470512628555,87,0.018282312925170068,0.7413793103448276,0.47736200124043826
YPR010C,-1,-/-,-513.0640568733215,-24381.998462200165,87,0.01827454313642159,0.7413793103448276,0.47756874095513746
YNL065W,-1,-/-,-513.071656703949,-22904.682236671448,87,0.01826677994902294,0.7413793103448276,0.47777548066983666
YNL238W,-1,0/-,-513.0787220597267,-38483.271871328354,348,0.018259023354564755,0.7413793103448276,0.47798222038453586
YOL056W,-1,0/-,-513.1506116092205,-38142.430260807276,348,0.01825127334465195,0.7413793103448276,0.47818896009923506
YOL029C,0,0/0,-513.1680018901825,-35428.224215090275,348,0.01825127334465195,0.7413793103448276,0.47818896009923506
YLR325C,-1,0/-,-513.1822792887688,-39244.97987064719,348,0.01824352991090369,0.7413793103448276,0.47839569981393426
YDR375C,-1,-/-,-513.205361366272,-24395.017150878906,87,0.01823579304495335,0.7413793103448276,0.47860243952863346
YMR257C,-1,0/-,-513.229578435421,-39057.79573594034,348,0.018228062738448497,0.7413793103448276,0.47880917924333266
YDR378C,-1,-/-,-513.2373876571655,-24417.220577716827,87,0.018220338983050848,0.7413793103448276,0.47901591895803186
YKR014C,-1,-/-,-513.2459015846252,-25130.188874721527,87,0.018212621770436255,0.7413793103448276,0.479222658672731
YFR008W,-1,-/-,-513.2508721351624,-26053.346878051758,87,0.018204911092294666,0.7413793103448276,0.4794293983874302
YLR036C,0,0/0,-513.2597367763519,-36609.62532097101,348,0.018204911092294666,0.7413793103448276,0.4794293983874302
YBL106C,-1,-/-,-513.2791528701782,-22001.64091849327,87,0.01819720694033009,0.7413793103448276,0.4796361381021294
YOL123W,-1,-/-,-513.2871005535126,-22195.201772212982,87,0.018189509306260575,0.7413793103448276,0.4798428778168286
YNL251C,-1,-/-,-513.3101918697357,-23402.3390045166,87,0.01818181818181818,0.7413793103448276,0.4800496175315278
YER087W,-1,0/-,-513.318607032299,-36591.557956814766,348,0.018174133558748945,0.7413793103448276,0.480256357246227
YDL003W,-1,-/-,-513.3503713607788,-23068.379422545433,87,0.018166455428812844,0.7413793103448276,0.4804630969609262
YDR465C,-1,-/-,-513.350907087326,-24381.053777217865,87,0.018158783783783782,0.7413793103448276,0.4806698366756254
YLR137W,-1,0/-,-513.367567718029,-37206.32622051239,348,0.018151118615449557,0.7413793103448276,0.4808765763903246
YHR182W,-1,0/-,-513.3697780370712,-37478.68523842096,348,0.018143459915611813,0.7413793103448276,0.48108331610502375
YGL215W,-1,0/-,-513.3943234086037,-37786.76451382041,348,0.018135807676086038,0.7413793103448276,0.48129005581972295
YDR132C,0,0/0,-513.4116013050079,-37580.51386165619,348,0.018135807676086038,0.7413793103448276,0.48129005581972295
YML020W,0,0/0,-513.484126329422,-36992.58329278231,348,0.018135807676086038,0.7413793103448276,0.48129005581972295
YKR106W,-1,0/-,-513.4905353188515,-37236.009067595005,348,0.01812816188870152,0.7413793103448276,0.48149679553442215
YNL132W,-1,0/-,-513.5029761195183,-39613.68309317529,348,0.018120522545301308,0.7413793103448276,0.48170353524912135
YER005W,-1,-/-,-513.5427854061127,-24022.063685655594,87,0.018112889637742206,0.7413793103448276,0.48191027496382055
YDR315C,-1,0/-,-513.5537263453007,-40920.33478629589,348,0.018105263157894735,0.7413793103448276,0.48211701467851975
YGR083C,-1,-/-,-513.5768656730652,-25011.584681987762,87,0.0180976430976431,0.7413793103448276,0.48232375439321895
YGR279C,-1,-/-,-513.6085631847382,-23506.18423986435,87,0.01809002944888515,0.7413793103448276,0.48253049410791815
YBR084C-A,-1,0/-,-513.6616369187832,-40937.47066920996,348,0.01808242220353238,0.7413793103448276,0.48273723382261735
YPR048W,-1,0/-,-513.711882352829,-38558.6987541914,348,0.01807482135350988,0.7413793103448276,0.4829439735373165
YCR020C-A,-1,-/-,-513.7307660579681,-23967.4482588768,87,0.018067226890756304,0.7413793103448276,0.4831507132520157
YDR376W,-1,-/-,-513.7406051158905,-26144.970955491066,87,0.018059638807223857,0.7413793103448276,0.4833574529667149
YDR222W,-1,0/-,-513.7445876002312,-36103.45212972164,348,0.018052057094878254,0.7413793103448276,0.4835641926814141
YOR164C,-1,0/-,-513.7485855221748,-36140.396853744984,348,0.0180444817456987,0.7413793103448276,0.4837709323961133
YEL067C,0,0/0,-513.7497664690018,-38058.273230433464,348,0.0180444817456987,0.7413793103448276,0.4837709323961133
YIL003W,-1,0/-,-513.7661239504814,-39472.75640541315,348,0.018036912751677854,0.7413793103448276,0.4839776721108125
YMR158C-A,0,0/0,-513.7688645124435,-39493.94464254379,348,0.018036912751677854,0.7413793103448276,0.4839776721108125
YDR056C,0,0/0,-513.7719832658768,-37092.86675989628,348,0.018036912751677854,0.7413793103448276,0.4839776721108125
YPR032W,-1,-/-,-513.7893018722534,-23698.75796341896,87,0.018029350104821804,0.7413793103448276,0.4841844118255117
YBL037W,-1,0/-,-513.7909546494484,-39091.75691604614,348,0.01802179379715004,0.7413793103448276,0.4843911515402109
YGR214W,-1,-/-,-513.7960860729218,-25147.722710967064,87,0.018014243820695434,0.7413793103448276,0.4845978912549101
YGL144C,-1,-/-,-513.8607113361359,-24483.123348474503,87,0.018006700167504188,0.7413793103448276,0.48480463096960924
YBR016W,0,0/0,-513.9149549007416,-36895.34315294027,348,0.018006700167504188,0.7413793103448276,0.48480463096960924
YLL042C,-1,-/-,-513.9355432987213,-23065.854120492935,87,0.01799916282963583,0.7413793103448276,0.48501137068430844
YAL065C,0,0/0,-513.9674769043922,-38730.43054032326,348,0.01799916282963583,0.7413793103448276,0.48501137068430844
YPR094W,-1,-/-,-514.0114023685455,-23732.938992023468,87,0.01799163179916318,0.7413793103448276,0.48521811039900764
YDR328C,-1,-/-,-514.0293583869934,-24104.07983803749,87,0.017984107068172314,0.7413793103448276,0.48542485011370684
YDR131C,-1,-/-,-514.0670490264893,-23912.904265880585,87,0.01797658862876254,0.7413793103448276,0.48563158982840604
YGL211W,-1,-/-,-514.0712292194366,-24147.42259645462,87,0.017969076473046384,0.7413793103448276,0.48583832954310524
YDR528W,-1,0/-,-514.1154272556305,-37921.512799561024,348,0.01796157059314954,0.7413793103448276,0.48604506925780444
YPR071W,0,0/0,-514.210485637188,-37442.109228134155,348,0.01796157059314954,0.7413793103448276,0.48604506925780444
YGL193C,0,0/0,-514.2226876020432,-37100.33537173271,348,0.01796157059314954,0.7413793103448276,0.48604506925780444
YOR262W,-1,0/-,-514.2356161475182,-36324.20496439934,348,0.017954070981210855,0.7413793103448276,0.48625180897250364
YBL019W,-1,-/-,-514.2376818656921,-24492.906177520752,87,0.017946577629382305,0.7413793103448276,0.4864585486872028
YER124C,-1,0/-,-514.2610850632191,-36763.40646366775,348,0.017939090529828953,0.7413793103448276,0.486665288401902
YHR164C,-1,-/-,-514.2872412204742,-24885.134860277176,87,0.01793160967472894,0.7413793103448276,0.4868720281166012
YER187W,0,0/0,-514.2877236008644,-36788.32165914774,348,0.01793160967472894,0.7413793103448276,0.4868720281166012
YEL030W,-1,-/-,-514.3082664012909,-25491.007635831833,87,0.01792413505627345,0.7413793103448276,0.4870787678313004
YDR461W,-1,-/-,-514.3228108882904,-23357.726942300797,87,0.017916666666666668,0.7413793103448276,0.4872855075459996
YLR019W,-1,0/-,-514.3259041309357,-38082.5337113291,348,0.01790920449812578,0.7413793103448276,0.4874922472606988
YKR104W,-1,0/-,-514.3504180312157,-38167.307516515255,348,0.017901748542880933,0.7413793103448276,0.487698986975398
YDR419W,-1,-/-,-514.3744959831238,-24471.521972179413,87,0.0178942987931752,0.7413793103448276,0.4879057266900972
YHR073W,-1,-/-,-514.4010224342346,-25970.96549654007,87,0.01788685524126456,0.7413793103448276,0.4881124664047964
YHL003C,-1,-/-,-514.4298188686371,-24557.850407600403,87,0.01787941787941788,0.7413793103448276,0.48831920611949553
YOR127W,-1,-/-,-514.450338602066,-25318.388335466385,87,0.017871986699916874,0.7413793103448276,0.48852594583419473
YBR220C,-1,0/-,-514.4637159705162,-36508.86646819115,348,0.017864561695056087,0.7413793103448276,0.48873268554889393
YNL219C,-1,-/-,-514.5130143165588,-25223.36571240425,87,0.017857142857142856,0.7413793103448276,0.48893942526359313
YBR158W,-1,-/-,-514.5361189842224,-22555.106004595757,87,0.0178497301784973,0.7413793103448276,0.48914616497829233
YKR048C,-1,-/-,-514.5429949760437,-25114.452347040176,87,0.01784232365145228,0.7413793103448276,0.48935290469299153
YPR175W,-1,-/-,-514.5958859920502,-24085.64987719059,87,0.01783492326835338,0.7413793103448276,0.48955964440769073
YDR451C,-1,-/-,-514.6159508228302,-23216.257618188858,87,0.01782752902155887,0.7413793103448276,0.48976638412238993
YML051W,-1,-/-,-514.6407423019409,-24105.929710149765,87,0.017820140903439703,0.7413793103448276,0.48997312383708913
YGL170C,-1,0/-,-514.764285326004,-36086.57259249687,348,0.017812758906379452,0.7413793103448276,0.4901798635517883
YDR217C,-1,-/-,-514.7655937671661,-25918.52256679535,87,0.01780538302277433,0.7413793103448276,0.4903866032664875
YJL059W,-1,-/-,-514.7933588027954,-23167.457020282745,87,0.017798013245033113,0.7413793103448276,0.4905933429811867
YOR073W,-1,-/-,-514.8104708194733,-22965.931934833527,87,0.01779064956557716,0.7413793103448276,0.4908000826958859
YML101C,0,0/0,-514.8694329857826,-36734.30819647014,348,0.01779064956557716,0.7413793103448276,0.4908000826958859
YLR347C,-1,-/-,-514.87175822258,-22593.201954841614,87,0.017783291976840365,0.7413793103448276,0.4910068224105851
YMR142C,-1,-/-,-514.8801665306091,-25269.491561174393,87,0.017775940471269118,0.7413793103448276,0.4912135621252843
YGR221C,-1,-/-,-514.8837089538574,-23435.014885663986,87,0.017768595041322315,0.7413793103448276,0.4914203018399835
YML106W,-1,0/-,-514.8956311643124,-38183.96014750004,348,0.017761255679471292,0.7413793103448276,0.4916270415546827
YCR037C,-1,-/-,-514.9295389652252,-25016.11689043045,87,0.017753922378199834,0.7413793103448276,0.4918337812693819
YHR169W,-1,-/-,-514.96266746521,-24219.875039100647,87,0.017746595130004126,0.7413793103448276,0.492040520984081
YDR395W,-1,-/-,-514.9650373458862,-24917.8443069458,87,0.01773927392739274,0.7413793103448276,0.4922472606987802
YNL249C,0,0/0,-514.9835008978844,-37757.018036186695,348,0.01773927392739274,0.7413793103448276,0.4922472606987802
YPL066W,-1,0/-,-514.9896264076233,-36537.58297049999,348,0.017731958762886597,0.7413793103448276,0.4924540004134794
YBR151W,0,0/0,-515.0081971883774,-40033.09678936005,348,0.017731958762886597,0.7413793103448276,0.4924540004134794
YOL090W,-1,-/-,-515.0371758937836,-23811.039190769196,87,0.01772464962901896,0.7413793103448276,0.4926607401281786
YDR383C,-1,0/-,-515.0739377737045,-38081.82459586859,348,0.017717346518335394,0.7413793103448276,0.4928674798428778
YDR281C,0,-/0,-515.0806403160095,-22755.86995124817,87,0.017717346518335394,0.7413793103448276,0.4928674798428778
YOR138C,-1,0/-,-515.1954102516174,-41809.22049063444,348,0.01771004942339374,0.7413793103448276,0.493074219557577
YFL025C,-1,-/-,-515.201404094696,-24568.341233968735,87,0.0177027583367641,0.7413793103448276,0.4932809592722762
YGL115W,-1,-/-,-515.2513816356659,-23619.60802435875,87,0.017695473251028805,0.7413793103448276,0.4934876989869754
YOL116W,-1,-/-,-515.2706046104431,-23763.92856168747,87,0.017688194158782394,0.7413793103448276,0.49369443870167457
YIL001W,0,0/0,-515.2784487009048,-36676.17219042778,348,0.017688194158782394,0.7413793103448276,0.49369443870167457
YOL078W,-1,-/-,-515.298791885376,-24126.10876750946,87,0.01768092105263158,0.7413793103448276,0.49390117841637377
YHR064C,-1,0/-,-515.3411872386932,-40270.08163386583,348,0.017673653925195234,0.7413793103448276,0.49410791813107297
YDR124W,0,0/0,-515.35626745224,-37680.86691510677,348,0.017673653925195234,0.7413793103448276,0.49410791813107297
YNR026C,-1,-/-,-515.3888742923737,-24867.835639715195,87,0.017666392769104356,0.7413793103448276,0.49431465784577217
YKL222C,-1,0/-,-515.4039474725723,-37725.55654644966,348,0.017659137577002052,0.7413793103448276,0.49452139756047137
YJR059W,-1,-/-,-515.4325911998749,-25460.893981695175,87,0.017651888341543513,0.7413793103448276,0.49472813727517057
YPL224C,-1,-/-,-515.4542129039764,-23432.22036266327,87,0.01764464505539598,0.7413793103448276,0.49493487698986977
YLR209C,-1,0/-,-515.4816067814827,-37991.469620376825,348,0.01763740771123872,0.7413793103448276,0.49514161670456897
YPR168W,-1,-/-,-515.4868907928467,-23950.4186732769,87,0.017630176301763018,0.7413793103448276,0.49534835641926817
YIR024C,-1,0/-,-515.4910445809364,-40617.0265802145,348,0.01762295081967213,0.7413793103448276,0.4955550961339673
YMR022W,-1,-/-,-515.5023748874664,-25139.481268644333,87,0.017615731257681278,0.7413793103448276,0.4957618358486665
YGR187C,-1,0/-,-515.5085554718971,-39948.91128152609,348,0.01760851760851761,0.7413793103448276,0.4959685755633657
YDR414C,-1,-/-,-515.5130043029785,-24031.043976545334,87,0.01760130986492018,0.7413793103448276,0.4961753152780649
YIL002C,-1,-/-,-515.5431327819824,-23452.159025907516,87,0.017594108019639936,0.7413793103448276,0.4963820549927641
YMR079W,-1,-/-,-515.5532367229462,-24501.455137252808,87,0.017586912065439674,0.7413793103448276,0.4965887947074633
YGL127C,-1,-/-,-515.5693211555481,-24641.375574588776,87,0.01757972199509403,0.7413793103448276,0.4967955344221625
YBL076C,-1,0/-,-515.5931095480919,-40870.91359651089,348,0.017572537801389457,0.7413793103448276,0.4970022741368617
YPL236C,-1,0/-,-515.5932153463364,-36321.408983528614,348,0.017565359477124183,0.7413793103448276,0.4972090138515609
YPR131C,-1,-/-,-515.6670384407043,-23999.0930082798,87,0.017558187015108206,0.7413793103448276,0.49741575356626005
YDR115W,-1,-/-,-515.6871094703674,-22224.575058698654,87,0.017551020408163264,0.7413793103448276,0.49762249328095925
YMR163C,-1,-/-,-515.7132430076599,-24323.142860412598,87,0.017543859649122806,0.7413793103448276,0.49782923299565845
YNL196C,-1,0/-,-515.7349732518196,-38410.09111529589,348,0.017536704730831975,0.7413793103448276,0.49803597271035766
YEL026W,-1,-/-,-515.8085005283356,-25820.778626918793,87,0.017529555646147575,0.7413793103448276,0.49824271242505686
YIL018W,-1,-/-,-515.8156592845917,-24330.958954572678,87,0.01752241238793806,0.7413793103448276,0.49844945213975606
YOR132W,-1,-/-,-515.8267278671265,-25386.522143363953,87,0.017515274949083504,0.7413793103448276,0.49865619185445526
YDL061C,-1,0/-,-515.9109775424004,-39125.04064005613,348,0.01750814332247557,0.7413793103448276,0.49886293156915446
YOL120C,-1,0/-,-515.9453585147858,-40006.73853299022,348,0.017501017501017502,0.7413793103448276,0.49906967128385366
YPL048W,-1,-/-,-515.98610496521,-24929.658830165863,87,0.017493897477624084,0.7413793103448276,0.4992764109985528
YOR158W,-1,0/-,-515.9904870986938,-37916.56959074736,348,0.017486783245221633,0.7413793103448276,0.499483150713252
YDL137W,0,-/0,-516.0274375677109,-24490.63914859295,87,0.017486783245221633,0.7413793103448276,0.499483150713252
YNL069C,-1,0/-,-516.0356475114822,-39449.14509341121,348,0.017479674796747967,0.7413793103448276,0.4996898904279512
YOR022C,-1,0/-,-516.0438329577446,-36595.96898132563,348,0.017472572125152377,0.7413793103448276,0.4998966301426504
YLR406C,-1,0/-,-516.0576513409615,-39489.90983259678,348,0.017465475223395612,0.7413793103448276,0.5001033698573496
YGL260W,0,0/0,-516.1093259453773,-38152.212756335735,348,0.017465475223395612,0.7413793103448276,0.5001033698573496
YOR373W,-1,-/-,-516.142436504364,-23285.673904895782,87,0.017458384084449857,0.7413793103448276,0.5003101095720488
YBL087C,-1,0/-,-516.1469847559929,-39411.89115422964,348,0.0174512987012987,0.7413793103448276,0.500516849286748
YPL010W,-1,-/-,-516.1640574932098,-24163.949219942093,87,0.01744421906693712,0.7413793103448276,0.5007235890014472
YLR139C,-1,-/-,-516.1736981868744,-23366.554101228714,87,0.017437145174371452,0.7413793103448276,0.5009303287161464
YMR001C,-1,-/-,-516.1811590194702,-23597.55050253868,87,0.017430077016619375,0.7413793103448276,0.5011370684308456
YKL013C,-1,-/-,-516.1856341362,-24727.083141565323,87,0.017423014586709886,0.7413793103448276,0.5013438081455448
YHL025W,-1,-/-,-516.2063658237457,-23890.24479341507,87,0.017415957877683273,0.7413793103448276,0.501550547860244
YGL176C,0,0/0,-516.2142469286919,-36162.564041376114,348,0.017415957877683273,0.7413793103448276,0.501550547860244
YLR318W,-1,-/-,-516.2467579841614,-23686.058933496475,87,0.017408906882591092,0.7413793103448276,0.5017572875749432
YCL036W,0,0/0,-516.305573195219,-39297.300538383424,348,0.017408906882591092,0.7413793103448276,0.5017572875749432
YGR145W,-1,-/-,-516.3627240657806,-25062.428798675537,87,0.017401861594496155,0.7413793103448276,0.5019640272896423
YPR040W,-1,0/-,-516.3681849837303,-40120.25680240989,348,0.017394822006472493,0.7413793103448276,0.5021707670043415
YGL161C,0,0/0,-516.4040930867195,-40845.54640054703,348,0.017394822006472493,0.7413793103448276,0.5021707670043415
YPL155C,-1,-/-,-516.4324314594269,-23827.464141130447,87,0.017387788111605337,0.7413793103448276,0.5023775067190407
YKL050C,0,0/0,-516.515387237072,-37603.20100688934,348,0.017387788111605337,0.7413793103448276,0.5023775067190407
YLR328W,-1,+/-,-516.5517730712891,-24486.898006916046,86,0.017380759902991108,0.7413793103448276,0.5025842464337399
YGL139W,-1,0/-,-516.5537937283516,-39026.313170313835,348,0.017373737373737375,0.7413793103448276,0.5027909861484391
YKR072C,-1,-/-,-516.584076166153,-22987.18252182007,87,0.017366720516962843,0.7413793103448276,0.5029977258631383
YBL067C,-1,0/-,-516.6272588968277,-39891.57949796319,348,0.017359709325797335,0.7413793103448276,0.5032044655778375
YML057W,-1,-/-,-516.6349790096283,-25175.578773021698,87,0.01735270379338176,0.7413793103448276,0.5034112052925367
YDR366C,0,0/0,-516.6410560011864,-37961.544047653675,348,0.01735270379338176,0.7413793103448276,0.5034112052925367
YKR085C,-1,-/-,-516.6905024051666,-24307.882766723633,87,0.01734570391286809,0.7413793103448276,0.5036179450072359
YMR307W,-1,0/-,-516.727869272232,-37497.051832556725,348,0.017338709677419354,0.7413793103448276,0.5038246847219351
YDR369C,-1,-/-,-516.7377815246582,-25420.84387731552,87,0.017331721080209594,0.7413793103448276,0.5040314244366343
YML110C,-1,-/-,-516.7404928207397,-24437.550810575485,87,0.01732473811442385,0.7413793103448276,0.5042381641513335
YDR268W,-1,-/-,-516.7476422786713,-23191.402087807655,87,0.017317760773258157,0.7413793103448276,0.5044449038660327
YMR282C,-1,0/-,-516.7490475177765,-38880.132987350225,348,0.017310789049919485,0.7413793103448276,0.5046516435807319
YGR109C,-1,-/-,-516.7534565925598,-23454.08552837372,87,0.017303822937625755,0.7413793103448276,0.5048583832954311
YNR067C,0,-/0,-516.8191344738007,-23012.678583860397,87,0.017303822937625755,0.7413793103448276,0.5048583832954311
YCL004W,-1,-/-,-516.8271367549896,-24824.81730055809,87,0.01729686242960579,0.7413793103448276,0.5050651230101303
YPR033C,-1,-/-,-516.8407871723175,-25632.937188625336,87,0.017289907519099316,0.7413793103448276,0.5052718627248295
YOR114W,0,0/0,-516.8603788614273,-37791.21222746372,348,0.017289907519099316,0.7413793103448276,0.5052718627248295
YDR249C,0,0/0,-516.8952211141586,-37375.559493005276,348,0.017289907519099316,0.7413793103448276,0.5052718627248295
YKL055C,-1,-/-,-517.0176491737366,-23704.77561020851,87,0.017282958199356914,0.7413793103448276,0.5054786024395286
YDR138W,-1,-/-,-517.0383989810944,-23826.068741083145,87,0.017276014463640015,0.7413793103448276,0.5056853421542278
YML022W,-1,0/-,-517.041851401329,-40033.34718614817,348,0.017269076305220885,0.7413793103448276,0.505892081868927
YAL064C-A,0,0/0,-517.065774679184,-37740.76041549444,348,0.017269076305220885,0.7413793103448276,0.505892081868927
YDL127W,-1,0/-,-517.0682356953621,-38580.049685776234,348,0.017262143717382578,0.7413793103448276,0.5060988215836262
YML026C,-1,0/-,-517.1144971847534,-40264.415844261646,348,0.01725521669341894,0.7413793103448276,0.5063055612983254
YNL209W,-1,-/-,-517.1524250507355,-25673.367994070053,87,0.017248295226634576,0.7413793103448276,0.5065123010130246
YOR216C,-1,-/-,-517.1819384098053,-25598.076018095016,87,0.017241379310344827,0.7413793103448276,0.5067190407277238
YMR066W,-1,0/-,-517.1979335546494,-38210.06292164326,348,0.017234468937875752,0.7413793103448276,0.506925780442423
YDR447C,-1,-/-,-517.2431197166443,-24723.5940656662,87,0.017227564102564104,0.7413793103448276,0.5071325201571222
YEL029C,1,-/+,-517.27556681633,-26187.30515241623,87,0.01762114537444934,0.7586206896551724,0.5071325201571222
YNL128W,-1,-/-,-517.2948760986328,-24428.384786844254,87,0.017614091273018415,0.7586206896551724,0.5073392598718214
YER010C,-1,0/-,-517.3551704883575,-37752.5171943903,348,0.017607042817126852,0.7586206896551724,0.5075459995865206
YOL075C,-1,0/-,-517.4049715995789,-37828.48209178448,348,0.0176,0.7586206896551724,0.5077527393012198
YGR202C,-1,-/-,-517.4588904380798,-23987.67349433899,87,0.01759296281487405,0.7586206896551724,0.507959479015919
YAR002C-A,-1,-/-,-517.4864192008972,-23809.548937797546,87,0.017585931254996003,0.7586206896551724,0.5081662187306182
YOR338W,-1,-/-,-517.5474245548248,-24332.71989631653,87,0.01757890531362365,0.7586206896551724,0.5083729584453174
YJR088C,-1,0/-,-517.59217441082,-36387.44775682688,348,0.01757188498402556,0.7586206896551724,0.5085796981600166
YBL080C,-1,-/-,-517.5955700874329,-23955.166387796402,87,0.017564870259481037,0.7586206896551724,0.5087864378747158
YKL207W,-1,0/-,-517.6012305021286,-36946.10491901636,348,0.017557861133280128,0.7586206896551724,0.508993177589415
YBR078W,-1,0/-,-517.6029903888702,-37696.11961361766,348,0.017550857598723574,0.7586206896551724,0.5091999173041141
YAL013W,-1,-/-,-517.6304287910461,-23051.93724489212,87,0.017543859649122806,0.7586206896551724,0.5094066570188133
YIL158W,0,0/0,-517.6447924375534,-35518.395669698715,348,0.017543859649122806,0.7586206896551724,0.5094066570188133
YDR160W,-1,-/-,-517.6696727275848,-24350.68270254135,87,0.01753686727779992,0.7586206896551724,0.5096133967335125
YOL044W,-1,-/-,-517.6986696720123,-24354.231670856476,87,0.01752988047808765,0.7586206896551724,0.5098201364482117
YLR432W,-1,0/-,-517.7095814943314,-40058.623586416245,348,0.01752289924332935,0.7586206896551724,0.5100268761629109
YKR071C,-1,0/-,-517.7319812178612,-38006.2806417644,348,0.01751592356687898,0.7586206896551724,0.5102336158776101
YBL082C,-1,-/-,-517.7321918010712,-24216.710257291794,87,0.017508953442101075,0.7586206896551724,0.5104403555923093
YOR305W,0,-/0,-517.7433724403381,-21755.23680996895,87,0.017508953442101075,0.7586206896551724,0.5104403555923093
YGR207C,0,0/0,-517.8147693872452,-37369.267753362656,348,0.017508953442101075,0.7586206896551724,0.5104403555923093
YER064C,0,0/0,-517.8266059160233,-36267.09626412392,348,0.017508953442101075,0.7586206896551724,0.5104403555923093
YMR106C,-1,-/-,-517.9298355579376,-21927.801308631897,87,0.017501988862370723,0.7586206896551724,0.5106470953070085
YNL264C,-1,-/-,-517.9476535320282,-22401.094430446625,87,0.01749502982107356,0.7586206896551724,0.5108538350217077
YGL229C,-1,-/-,-517.9480417966843,-24684.41337764263,87,0.017488076311605722,0.7586206896551724,0.5110605747364069
YPR024W,-1,-/-,-517.9890704154968,-24298.066698789597,87,0.01748112832737386,0.7586206896551724,0.5112673144511061
YPL149W,-1,-/-,-518.0679337978363,-23801.1860101223,87,0.017474185861795076,0.7586206896551724,0.5114740541658053
YMR043W,-1,-/-,-518.0915672779083,-23135.816099882126,87,0.017467248908296942,0.7586206896551724,0.5116807938805045
YGL245W,-1,-/-,-518.1560757160187,-24922.563714504242,87,0.01746031746031746,0.7586206896551724,0.5118875335952037
YHR040W,-1,0/-,-518.2022641301155,-39263.93545667827,348,0.01745339151130504,0.7586206896551724,0.5120942733099029
YGL140C,0,0/0,-518.2067221999168,-37156.47045713663,348,0.01745339151130504,0.7586206896551724,0.5120942733099029
YDR501W,0,-/0,-518.2324149608612,-23940.498000383377,87,0.01745339151130504,0.7586206896551724,0.5120942733099029
YER025W,-1,-/-,-518.3081469535828,-25140.12802696228,87,0.017446471054718478,0.7586206896551724,0.5123010130246021
YKR094C,-1,0/-,-518.3187319636345,-40418.35240060091,348,0.01743955608402695,0.7586206896551724,0.5125077527393013
YBR175W,-1,-/-,-518.3190093040466,-23517.96680521965,87,0.017432646592709985,0.7586206896551724,0.5127144924540004
YNL165W,0,0/0,-518.3237945437431,-37534.73619419336,348,0.017432646592709985,0.7586206896551724,0.5127144924540004
YLR352W,-1,0/-,-518.3885304927826,-37460.38961285353,348,0.017425742574257427,0.7586206896551724,0.5129212321686996
YKL014C,-1,-/-,-518.4183557033539,-24672.490470647812,87,0.01741884402216944,0.7586206896551724,0.5131279718833988
YFR039C,-1,0/-,-518.420249581337,-37094.218318104744,348,0.01741195092995647,0.7586206896551724,0.513334711598098
YDR531W,-1,0/-,-518.4592424035072,-37226.98088371754,348,0.01740506329113924,0.7586206896551724,0.5135414513127972
YOL067C,-1,-/-,-518.4624960422516,-23124.433921813965,87,0.017398181099248716,0.7586206896551724,0.5137481910274964
YDR432W,-1,-/-,-518.4768989086151,-24086.711446881294,87,0.017391304347826087,0.7586206896551724,0.5139549307421956
YDL044C,-1,-/-,-518.4902336597443,-24517.27028441429,87,0.01738443303042276,0.7586206896551724,0.5141616704568948
YDR545W,-1,-/-,-518.5391964912415,-24368.169848561287,87,0.017377567140600316,0.7586206896551724,0.514368410171594
YOR179C,-1,-/-,-518.5725306272507,-24315.159219264984,87,0.017370706671930518,0.7586206896551724,0.5145751498862932
YEL069C,-1,-/-,-518.6202738285065,-23888.99366915226,87,0.017363851617995266,0.7586206896551724,0.5147818896009924
YPR063C,0,0/0,-518.6230825781822,-36393.77694058418,348,0.017363851617995266,0.7586206896551724,0.5147818896009924
YKR043C,0,0/0,-518.6249613165855,-36536.1813005805,348,0.017363851617995266,0.7586206896551724,0.5147818896009924
YMR235C,-1,-/-,-518.7317550182343,-24742.30682682991,87,0.01735700197238659,0.7586206896551724,0.5149886293156916
YLR446W,-1,0/-,-518.7751595377922,-36551.689008533955,348,0.017350157728706624,0.7586206896551724,0.5151953690303908
YGL014W,-1,-/-,-518.8160893917084,-23888.653715372086,87,0.017343318880567598,0.7586206896551724,0.51540210874509
YNL111C,-1,-/-,-518.8263447284698,-22558.621926903725,87,0.017336485421591805,0.7586206896551724,0.5156088484597892
YOR111W,-1,0/-,-518.8287667632103,-36831.54111433029,348,0.01732965734541158,0.7586206896551724,0.5158155881744884
YMR244W,0,0/0,-518.8299052715302,-37601.53406447172,348,0.01732965734541158,0.7586206896551724,0.5158155881744884
YDR488C,-1,-/-,-518.8590269088745,-23226.30066537857,87,0.01732283464566929,0.7586206896551724,0.5160223278891876
YJR013W,-1,-/-,-518.907354593277,-24972.55891275406,87,0.017316017316017316,0.7586206896551724,0.5162290676038868
YLR313C,-1,-/-,-518.934522151947,-24001.0232026577,87,0.01730920535011802,0.7586206896551724,0.5164358073185858
YGR001C,-1,0/-,-518.9580110311508,-36989.925219118595,348,0.01730239874164373,0.7586206896551724,0.516642547033285
YGL023C,-1,0/-,-518.9932764172554,-39153.67593026161,348,0.01729559748427673,0.7586206896551724,0.5168492867479842
YAL016W,-1,-/-,-519.0501215457916,-25138.207811832428,87,0.017288801571709235,0.7586206896551724,0.5170560264626834
YPR043W,-1,0/-,-519.064727127552,-39638.855204582214,348,0.01728201099764336,0.7586206896551724,0.5172627661773826
YOR283W,0,0/0,-519.1402831077576,-37465.30658441782,348,0.01728201099764336,0.7586206896551724,0.5172627661773826
YPR042C,-1,-/-,-519.143527507782,-23421.622559785843,87,0.017275225755791126,0.7586206896551724,0.5174695058920818
YOL014W,0,0/0,-519.154178738594,-36709.075750947,348,0.017275225755791126,0.7586206896551724,0.5174695058920818
YDR040C,-1,-/-,-519.1735599040985,-24567.141165971756,87,0.01726844583987441,0.7586206896551724,0.517676245606781
YNL155W,-1,0/-,-519.2134717702866,-36477.08964860439,348,0.01726167124362495,0.7586206896551724,0.5178829853214802
YDR073W,-1,-/-,-519.2185139656067,-24069.23179292679,87,0.017254901960784313,0.7586206896551724,0.5180897250361794
YOR356W,-1,+/-,-519.2287640571594,-22902.385094881058,86,0.01724813798510388,0.7586206896551724,0.5182964647508786
YGL057C,0,0/0,-519.2584648132324,-37137.15225505829,348,0.01724813798510388,0.7586206896551724,0.5182964647508786
YGR060W,-1,-/-,-519.2771725654602,-23201.8484954834,87,0.017241379310344827,0.7586206896551724,0.5185032044655778
YBR107C,-1,-/-,-519.3004174232483,-23425.028972387314,87,0.017234625930278104,0.7586206896551724,0.518709944180277
YJR040W,-1,-/-,-519.3599407672882,-24849.413411855698,87,0.017227877838684416,0.7586206896551724,0.5189166838949762
YKR088C,-1,0/-,-519.3732120394707,-38018.40350103378,348,0.01722113502935421,0.7586206896551724,0.5191234236096754
YIL095W,-1,-/-,-519.4568614959717,-23876.549488782883,87,0.017214397496087636,0.7586206896551724,0.5193301633243746
YBR191W,-1,0/-,-519.472797960043,-40112.40499892831,348,0.017207665232694565,0.7586206896551724,0.5195369030390738
YCL069W,-1,-/-,-519.4978985786438,-23426.988665819168,87,0.017200938232994525,0.7586206896551724,0.519743642753773
YGR191W,-1,-/-,-519.5009417533875,-24313.305270195007,87,0.017194216490816726,0.7586206896551724,0.5199503824684721
YMR074C,0,0/0,-519.5041063427925,-36152.32703000307,348,0.017194216490816726,0.7586206896551724,0.5199503824684721
YJL143W,-1,-/-,-519.5142872333527,-25440.409885168076,87,0.0171875,0.7586206896551724,0.5201571221831713
YBR012W-B,-1,-/-,-519.5757060050964,-23069.29889202118,87,0.017180788754392814,0.7586206896551724,0.5203638618978705
YCR038C,-1,-/-,-519.5881736278534,-24471.40740418434,87,0.01717408274785324,0.7586206896551724,0.5205706016125697
YML031W,-1,-/-,-519.6010448932648,-25252.519591331482,87,0.017167381974248927,0.7586206896551724,0.5207773413272689
YDR175C,-1,-/-,-519.6154959201813,-24481.00107768178,87,0.0171606864274571,0.7586206896551724,0.5209840810419681
YDR246W,-1,-/-,-519.6259424686432,-24152.896906137466,87,0.017153996101364522,0.7586206896551724,0.5211908207566673
YLL005C,-1,0/-,-519.6500391960144,-36986.34014195204,348,0.0171473109898675,0.7586206896551724,0.5213975604713665
YJL118W,0,0/0,-519.6640034914017,-37499.37445050478,348,0.0171473109898675,0.7586206896551724,0.5213975604713665
YNL261W,-1,-/-,-519.6763861179352,-23215.33264732361,87,0.017140631086871836,0.7586206896551724,0.5216043001860657
YLR247C,-1,0/-,-519.729221612215,-40977.57495564222,348,0.017133956386292833,0.7586206896551724,0.5218110399007649
YNL103W,-1,-/-,-519.7755467891693,-26603.124467134476,87,0.017127286882055275,0.7586206896551724,0.5220177796154641
YAL022C,-1,-/-,-519.7775650024414,-24654.168162107468,87,0.017120622568093387,0.7586206896551724,0.5222245193301633
YDR100W,0,0/0,-519.8330665230751,-37892.443380236626,348,0.017120622568093387,0.7586206896551724,0.5222245193301633
YLR127C,-1,-/-,-519.8396813869476,-24778.553480625153,87,0.017113963438350838,0.7586206896551724,0.5224312590448625
YJL069C,-1,-/-,-519.8858909606934,-24158.326070308685,87,0.017107309486780714,0.7586206896551724,0.5226379987595617
YLR341W,-1,0/-,-519.896252989769,-36040.79805189371,348,0.017100660707345512,0.7586206896551724,0.5228447384742609
YOR153W,-1,-/-,-519.8967216014862,-24767.38504910469,87,0.017094017094017096,0.7586206896551724,0.5230514781889601
YPL049C,-1,-/-,-519.9149827957153,-24453.992439985275,87,0.0170873786407767,0.7586206896551724,0.5232582179036593
YDR310C,-1,-/-,-519.9235353469849,-24125.800028800964,87,0.017080745341614908,0.7586206896551724,0.5234649576183585
YBR172C,-1,-/-,-519.9358344078064,-23816.22147989273,87,0.017074117190531625,0.7586206896551724,0.5236716973330576
YBR211C,-1,-/-,-519.997624874115,-25982.881959438324,87,0.017067494181536073,0.7586206896551724,0.5238784370477568
YPL174C,-1,-/-,-520.0171580314636,-24383.529353618622,87,0.017060876308646764,0.7586206896551724,0.524085176762456
YCR097W,-1,0/-,-520.0545733571053,-38384.258754730225,348,0.017054263565891473,0.7586206896551724,0.5242919164771552
YHR079C,-1,-/-,-520.0756006240845,-24598.416887164116,87,0.017047655947307245,0.7586206896551724,0.5244986561918544
YOR271C,-1,0/-,-520.1007890701294,-40008.848712325096,348,0.017041053446940357,0.7586206896551724,0.5247053959065536
YGR270W,-1,-/-,-520.1046931743622,-24632.251239538193,87,0.017034456058846303,0.7586206896551724,0.5249121356212528
YLR042C,0,0/0,-520.1136205792427,-36275.30349576473,348,0.017034456058846303,0.7586206896551724,0.5249121356212528
YNL004W,-1,-/-,-520.1163313388824,-25412.443273305893,87,0.017027863777089782,0.7586206896551724,0.525118875335952
YNL023C,-1,-/-,-520.1436793804169,-24378.080657482147,87,0.01702127659574468,0.7586206896551724,0.5253256150506512
YKL213C,-1,-/-,-520.155918598175,-24814.153115272522,87,0.017014694508894045,0.7586206896551724,0.5255323547653504
YLR388W,-1,0/-,-520.1577013731003,-40107.944017380476,348,0.017008117510630073,0.7586206896551724,0.5257390944800496
YLR243W,-1,0/-,-520.1650146842003,-36318.0816116035,348,0.017001545595054096,0.7586206896551724,0.5259458341947488
YDR337W,-1,-/-,-520.1828684806824,-23582.44357419014,87,0.016994978756276556,0.7586206896551724,0.526152573909448
YBL095W,0,0/0,-520.2045379281044,-37433.696908175945,348,0.016994978756276556,0.7586206896551724,0.526152573909448
YPL168W,0,0/0,-520.2403343915939,-37124.15967673063,348,0.016994978756276556,0.7586206896551724,0.526152573909448
YOL141W,-1,0/-,-520.2570818662643,-37596.716271817684,348,0.01698841698841699,0.7586206896551724,0.5263593136241472
YGR108W,-1,-/-,-520.2799158096313,-22717.245288848877,87,0.016981860285604014,0.7586206896551724,0.5265660533388464
YFL033C,-1,-/-,-520.2936904430389,-24054.550588607788,87,0.016975308641975308,0.7586206896551724,0.5267727930535456
YOL094C,-1,-/-,-520.2948234081268,-25639.26183271408,87,0.016968762051677595,0.7586206896551724,0.5269795327682448
YMR212C,0,-/0,-520.3237640857697,-24751.65515089035,87,0.016968762051677595,0.7586206896551724,0.5269795327682448
YIR021W,-1,-/-,-520.3362345695496,-24696.641660690308,87,0.016962220508866616,0.7586206896551724,0.5271862724829439
YMR016C,-1,-/-,-520.3654177188873,-23776.380643844604,87,0.01695568400770713,0.7586206896551724,0.5273930121976431
YHR152W,-1,-/-,-520.3845629692078,-22906.404053926468,87,0.01694915254237288,0.7586206896551724,0.5275997519123423
YKL020C,-1,-/-,-520.388307094574,-25553.013555049896,87,0.016942626107046593,0.7586206896551724,0.5278064916270415
YGR057C,-1,-/-,-520.4020721912384,-24788.42343878746,87,0.016936104695919937,0.7586206896551724,0.5280132313417407
YJL003W,-1,-/-,-520.403148651123,-23780.51262998581,87,0.016929588303193535,0.7586206896551724,0.5282199710564399
YGL181W,-1,-/-,-520.4053840637207,-24954.791504383087,87,0.016923076923076923,0.7586206896551724,0.5284267107711391
YOR264W,0,0/0,-520.4212091565132,-37488.523255720735,348,0.016923076923076923,0.7586206896551724,0.5284267107711391
YNL204C,-1,0/-,-520.4243721365929,-37726.02665358782,348,0.016916570549788543,0.7586206896551724,0.5286334504858383
YBR084W,1,+/+,-520.4381585121155,-25484.000312805176,86,0.017294388931591083,0.7758620689655172,0.5286334504858383
YLR376C,-1,-/-,-520.4532287120819,-24418.310673236847,87,0.017287744909719554,0.7758620689655172,0.5288401902005375
YLR091W,-1,0/-,-520.4761742353439,-37571.7054926157,348,0.01728110599078341,0.7758620689655172,0.5290469299152367
YDL192W,-1,-/-,-520.5080230236053,-24406.552756547928,87,0.01727447216890595,0.7758620689655172,0.5292536696299359
YAR010C,-1,-/-,-520.5253098011017,-22931.730464935303,87,0.017267843438219493,0.7758620689655172,0.5294604093446351
YJL043W,0,0/0,-520.5774084329605,-37505.30552619696,348,0.017267843438219493,0.7758620689655172,0.5294604093446351
YOL076W,-1,-/-,-520.6162266731262,-24699.70597743988,87,0.01726121979286536,0.7758620689655172,0.5296671490593343
YIL048W,-1,-/-,-520.6224963665009,-24762.287922382355,87,0.017254601226993866,0.7758620689655172,0.5298738887740335
YNL081C,-1,0/-,-520.6582700014114,-38852.1548396498,348,0.017247987734764277,0.7758620689655172,0.5300806284887327
YOR101W,-1,0/-,-520.7107167541981,-38954.12104398012,348,0.017241379310344827,0.7758620689655172,0.5302873682034319
YGL163C,-1,-/-,-520.7708563804626,-24236.4701628685,87,0.017234775947912676,0.7758620689655172,0.5304941079181311
YHR192W,0,0/0,-520.793227314949,-36213.087810754776,348,0.017234775947912676,0.7758620689655172,0.5304941079181311
YMR003W,0,0/0,-520.8057695627213,-36324.53619492054,348,0.017234775947912676,0.7758620689655172,0.5304941079181311
YNL256W,1,-/+,-520.8098125457764,-25144.304322719574,87,0.01761102603369066,0.7931034482758621,0.5304941079181311
YHR010W,-1,0/-,-520.8264433145523,-40328.465390086174,348,0.017604286261002678,0.7931034482758621,0.5307008476328303
YDL012C,0,0/0,-520.9824129343033,-37476.86469811201,348,0.017604286261002678,0.7931034482758621,0.5307008476328303
YOR291W,-1,0/-,-521.0116040110588,-36775.19737863541,348,0.017597551644988524,0.7931034482758621,0.5309075873475294
YBR150C,-1,0/-,-521.0416322350502,-39461.47825425863,348,0.017590822179732315,0.7931034482758621,0.5311143270622286
YML025C,-1,-/-,-521.0462124347687,-24005.27369070053,87,0.017584097859327217,0.7931034482758621,0.5313210667769278
YPL211W,-1,-/-,-521.0522584915161,-26395.408037424088,87,0.01757737867787543,0.7931034482758621,0.531527806491627
YGL168W,-1,-/-,-521.0577049255371,-24071.683254480362,87,0.01757066462948816,0.7931034482758621,0.5317345462063262
YFL052W,-1,0/-,-521.0813111066818,-37492.355861485004,348,0.017563955708285606,0.7931034482758621,0.5319412859210254
YNL229C,-1,-/-,-521.1208834648132,-25304.85690522194,87,0.017557251908396947,0.7931034482758621,0.5321480256357246
YLR083C,-1,0/-,-521.175751388073,-39710.68614560366,348,0.01755055322396032,0.7931034482758621,0.5323547653504238
YGR203W,0,0/0,-521.1770806908607,-37596.596798956394,348,0.01755055322396032,0.7931034482758621,0.5323547653504238
YER071C,-1,0/-,-521.193506360054,-36948.1187672019,348,0.017543859649122806,0.7931034482758621,0.532561505065123
YGR283C,0,0/0,-521.3372099399567,-37477.1963390708,348,0.017543859649122806,0.7931034482758621,0.532561505065123
YML092C,-1,-/-,-521.3663747310638,-25732.569243192673,87,0.017537171178040413,0.7931034482758621,0.5327682447798222
YOR253W,-1,-/-,-521.369300365448,-25162.912476301193,87,0.01753048780487805,0.7931034482758621,0.5329749844945214
YPL253C,-1,-/-,-521.3722238540649,-23823.39148068428,87,0.017523809523809525,0.7931034482758621,0.5331817242092206
YOL127W,-1,-/-,-521.3835093975067,-23742.0215549469,87,0.017517136329017517,0.7931034482758621,0.5333884639239198
YNL163C,-1,-/-,-521.3836488723755,-24713.376677036285,87,0.017510468214693566,0.7931034482758621,0.533595203638619
YNL217W,0,0/0,-521.4633761048317,-36931.79658079147,348,0.017510468214693566,0.7931034482758621,0.533595203638619
YKL183W,-1,0/-,-521.5124989151955,-38633.63615733385,348,0.01750380517503805,0.7931034482758621,0.5338019433533182
YHR205W,-1,-/-,-521.5306990146637,-24419.728400468826,87,0.017497147204260176,0.7931034482758621,0.5340086830680174
YOL125W,-1,-/-,-521.544102191925,-23854.853348255157,87,0.01749049429657795,0.7931034482758621,0.5342154227827166
YNR049C,-1,-/-,-521.5466811656952,-22693.78658413887,87,0.017483846446218167,0.7931034482758621,0.5344221624974157
YNL152W,-1,0/-,-521.5492178797722,-39120.45321545005,348,0.017477203647416412,0.7931034482758621,0.5346289022121149
YHR166C,-1,-/-,-521.5561027526855,-25281.45733833313,87,0.017470565894417017,0.7931034482758621,0.5348356419268141
YLR264W,-1,-/-,-521.6196911334991,-24079.209659337997,87,0.017463933181473046,0.7931034482758621,0.5350423816415133
YGR036C,-1,-/-,-521.6243834495544,-23727.374544382095,87,0.0174573055028463,0.7931034482758621,0.5352491213562125
YGR241C,-1,-/-,-521.6584136486053,-25044.874710798264,87,0.017450682852807285,0.7931034482758621,0.5354558610709117
YDR014W,-1,0/-,-521.6767669916153,-39939.88169848919,348,0.017444065225635193,0.7931034482758621,0.5356626007856109
YHR114W,-1,-/-,-521.7396821975708,-25139.214342355728,87,0.017437452615617893,0.7931034482758621,0.5358693405003101
YKR082W,-1,-/-,-521.7433733940125,-25270.376638650894,87,0.017430845017051912,0.7931034482758621,0.5360760802150093
YJR011C,0,0/0,-521.7556782364845,-36827.94668272138,348,0.017430845017051912,0.7931034482758621,0.5360760802150093
YAL036C,-1,0/-,-521.7633848190308,-40395.106771320105,348,0.017424242424242425,0.7931034482758621,0.5362828199297085
YLR030W,0,0/0,-521.7935173511505,-37338.8417840004,348,0.017424242424242425,0.7931034482758621,0.5362828199297085
YBR086C,-1,-/-,-521.8362214565277,-24797.066974163055,87,0.01741764483150322,0.7931034482758621,0.5364895596444077
YNR052C,-1,-/-,-521.8659720420837,-24986.4155292511,87,0.0174110522331567,0.7931034482758621,0.5366962993591069
YJL138C,-1,-/-,-521.8664603233337,-25581.48406100273,87,0.01740446462353386,0.7931034482758621,0.5369030390738061
YGR117C,0,0/0,-521.8794029355049,-36805.938985168934,348,0.01740446462353386,0.7931034482758621,0.5369030390738061
YFL047W,-1,0/-,-521.8993793725967,-40229.777869045734,348,0.01739788199697428,0.7931034482758621,0.5371097787885053
YDL176W,-1,0/-,-521.9392075538635,-37651.87175357342,348,0.017391304347826087,0.7931034482758621,0.5373165185032045
YMR045C,-1,-/-,-521.9426860809326,-23128.11162018776,87,0.017384731670445956,0.7931034482758621,0.5375232582179037
YJR108W,-1,-/-,-521.9707901477814,-23737.73231589794,87,0.017378163959199094,0.7931034482758621,0.5377299979326029
YNL070W,-1,-/-,-521.9752662181854,-24400.55420732498,87,0.017371601208459216,0.7931034482758621,0.5379367376473021
YER082C,-1,-/-,-521.9821081161499,-24735.704759836197,87,0.01736504341260853,0.7931034482758621,0.5381434773620012
YLR126C,-1,-/-,-522.0440149307251,-22329.121858119965,87,0.017358490566037735,0.7931034482758621,0.5383502170767004
YPR068C,-1,-/-,-522.0440571308136,-24364.600745677948,87,0.01735194266314598,0.7931034482758621,0.5385569567913996
YNL031C,-1,-/-,-522.0633103847504,-23328.646163463593,87,0.017345399698340876,0.7931034482758621,0.5387636965060988
YBR082C,-1,-/-,-522.0815541744232,-23268.267424583435,87,0.017338861666038447,0.7931034482758621,0.538970436220798
YAR062W,0,0/0,-522.12921833992,-37881.732211112976,348,0.017338861666038447,0.7931034482758621,0.538970436220798
YGR193C,-1,-/-,-522.145998954773,-24962.171418905258,87,0.01733232856066315,0.7931034482758621,0.5391771759354972
YOR307C,-1,-/-,-522.1875796318054,-23710.092220306396,87,0.017325800376647833,0.7931034482758621,0.5393839156501964
YOL041C,-1,0/-,-522.2117558121681,-39197.68571305275,348,0.017319277108433735,0.7931034482758621,0.5395906553648956
YHR189W,-1,0/-,-522.2290611863136,-37256.93512186408,348,0.017312758750470454,0.7931034482758621,0.5397973950795948
YLR132C,-1,-/-,-522.2433276176453,-22488.027045965195,87,0.01730624529721595,0.7931034482758621,0.540004134794294
YGR262C,-1,-/-,-522.2472767829895,-23459.23477435112,87,0.017299736743136517,0.7931034482758621,0.5402108745089932
YER183C,0,-/0,-522.338921546936,-23487.02485370636,87,0.017299736743136517,0.7931034482758621,0.5402108745089932
YHR206W,-1,-/-,-522.3502230644226,-23398.104856967926,87,0.017293233082706767,0.7931034482758621,0.5404176142236924
YCR003W,-1,0/-,-522.3583989739418,-39334.361557900906,348,0.01728673431040962,0.7931034482758621,0.5406243539383916
YKL090W,-1,0/-,-522.4004300236702,-37503.324394494295,348,0.01728024042073629,0.7931034482758621,0.5408310936530908
YDR192C,-1,-/-,-522.405428647995,-25035.983386278152,87,0.017273751408186256,0.7931034482758621,0.54103783336779
YPL094C,-1,-/-,-522.4163918495178,-24387.94634079933,87,0.017267267267267267,0.7931034482758621,0.5412445730824892
YKL009W,-1,-/-,-522.4935507774353,-24607.32032060623,87,0.01726078799249531,0.7931034482758621,0.5414513127971884
YDR146C,-1,-/-,-522.5177612304688,-23250.51586151123,87,0.0172543135783946,0.7931034482758621,0.5416580525118876
YCL019W,-1,-/-,-522.5254650115967,-23502.6367354393,87,0.01724784401949756,0.7931034482758621,0.5418647922265867
YML045W,-1,-/-,-522.5642244815826,-23189.637343406677,87,0.017241379310344827,0.7931034482758621,0.5420715319412859
YBR201W,-1,-/-,-522.5786485671997,-24168.58007502556,87,0.017234919445485202,0.7931034482758621,0.5422782716559851
YDL117W,-1,-/-,-522.6124925613403,-23860.628062963486,87,0.017228464419475654,0.7931034482758621,0.5424850113706843
YMR117C,-1,-/-,-522.6383256912231,-22884.85688471794,87,0.017222014226881317,0.7931034482758621,0.5426917510853835
YMR046C,-1,-/-,-522.6971001625061,-22953.31780910492,87,0.01721556886227545,0.7931034482758621,0.5428984908000827
YFL009W,-1,-/-,-522.7038753032684,-25123.965705156326,87,0.017209128320239433,0.7931034482758621,0.5431052305147819
YDR294C,-1,-/-,-522.7132396697998,-27886.349274754524,87,0.01720269259536275,0.7931034482758621,0.5433119702294811
YHR055C,-1,-/-,-522.7189536094666,-22949.574053287506,87,0.017196261682242992,0.7931034482758621,0.5435187099441803
YEL036C,-1,-/-,-522.7265899181366,-23243.192039728165,87,0.0171898355754858,0.7931034482758621,0.5437254496588795
YIL148W,-1,0/-,-522.7278625965118,-40151.24590688944,348,0.017183414269704895,0.7931034482758621,0.5439321893735787
YML133C,0,0/0,-522.7315882444382,-37682.98699134588,348,0.017183414269704895,0.7931034482758621,0.5439321893735787
YNL053W,-1,-/-,-522.7374639511108,-23922.5153696537,87,0.01717699775952203,0.7931034482758621,0.5441389290882779
YLR426W,-1,-/-,-522.7998085021973,-22188.255908966064,87,0.017170586039567004,0.7931034482758621,0.5443456688029771
YBL047C,-1,-/-,-522.8094320297241,-24475.155544519424,87,0.017164179104477612,0.7931034482758621,0.5445524085176763
YPR199C,-1,-/-,-522.8607869148254,-24290.735721349716,87,0.017157776948899663,0.7931034482758621,0.5447591482323755
YGL073W,-1,-/-,-522.9175646305084,-25921.74034166336,87,0.01715137956748695,0.7931034482758621,0.5449658879470747
YMR039C,-1,-/-,-522.918172121048,-24708.92166042328,87,0.01714498695490123,0.7931034482758621,0.5451726276617739
YJR065C,-1,-/-,-522.9196782112122,-25763.131015062332,87,0.01713859910581222,0.7931034482758621,0.545379367376473
YHR089C,-1,-/-,-522.9405825138092,-24534.489920139313,87,0.01713221601489758,0.7931034482758621,0.5455861070911722
YPL085W,-1,-/-,-523.0366108417511,-26003.00383424759,87,0.01712583767684289,0.7931034482758621,0.5457928468058714
YDR004W,-1,-/-,-523.0982050895691,-25268.004801750183,87,0.017119464086341647,0.7931034482758621,0.5459995865205706
YER174C,-1,-/-,-523.1557769775391,-23602.331661462784,87,0.01711309523809524,0.7931034482758621,0.5462063262352698
YGL082W,-1,0/-,-523.1697095036507,-36726.6129693985,348,0.017106731126812942,0.7931034482758621,0.546413065949969
YMR207C,-1,-/-,-523.1732363700867,-24250.871806144714,87,0.017100371747211896,0.7931034482758621,0.5466198056646682
YOR246C,-1,0/-,-523.1770668029785,-36640.51471918821,348,0.017094017094017096,0.7931034482758621,0.5468265453793674
YMR037C,-1,-/-,-523.1866574287415,-24551.8702852726,87,0.017087667161961365,0.7931034482758621,0.5470332850940666
YOR349W,-1,-/-,-523.189245223999,-24137.69482064247,87,0.01708132194578537,0.7931034482758621,0.5472400248087658
YBR038W,-1,-/-,-523.2000937461853,-24125.84562587738,87,0.017074981440237565,0.7931034482758621,0.547446764523465
YER048W-A,0,0/0,-523.2151914834976,-39234.493553459644,348,0.017074981440237565,0.7931034482758621,0.547446764523465
YGR264C,-1,-/-,-523.2323904037476,-24623.49385523796,87,0.017068645640074213,0.7931034482758621,0.5476535042381642
YBR118W,-1,-/-,-523.2499709129333,-24083.270939588547,87,0.017062314540059347,0.7931034482758621,0.5478602439528634
YIL175W,0,0/0,-523.2633697986603,-37793.462417662144,348,0.017062314540059347,0.7931034482758621,0.5478602439528634
YDR239C,0,0/0,-523.2837364077568,-37207.76580309868,348,0.017062314540059347,0.7931034482758621,0.5478602439528634
YBL040C,-1,-/-,-523.2895333766937,-24436.08628821373,87,0.017055988134964777,0.7931034482758621,0.5480669836675626
YMR284W,-1,-/-,-523.2953600883484,-25076.202209591866,87,0.01704966641957005,0.7931034482758621,0.5482737233822618
YOR070C,0,0/0,-523.3004339933395,-41327.80284452438,348,0.01704966641957005,0.7931034482758621,0.5482737233822618
YLR306W,-1,0/-,-523.3630657792091,-39783.848434478045,348,0.017043349388662466,0.7931034482758621,0.548480463096961
YFR051C,-1,-/-,-523.3932251930237,-24598.31749510765,87,0.017037037037037038,0.7931034482758621,0.5486872028116602
YCL075W,-1,-/-,-523.4350342750549,-22714.976276397705,87,0.017030729359496483,0.7931034482758621,0.5488939425263594
YGL079W,-1,0/-,-523.4695006012917,-37328.10489457846,348,0.017024426350851222,0.7931034482758621,0.5491006822410585
YOR141C,-1,0/-,-523.5186381936073,-40161.75607031584,348,0.01701812800591935,0.7931034482758621,0.5493074219557577
YDR410C,-1,0/-,-523.5390850305557,-38985.85675013065,348,0.017011834319526627,0.7931034482758621,0.5495141616704569
YMR238W,-1,-/-,-523.566828250885,-24233.358385324478,87,0.017005545286506468,0.7931034482758621,0.5497209013851561
YNL289W,-1,0/-,-523.65011292696,-39781.87339305878,348,0.016999260901699925,0.7931034482758621,0.5499276410998553
YKL156W,-1,0/-,-523.6614461541176,-39516.35515972972,348,0.01699298115995567,0.7931034482758621,0.5501343808145545
YOR046C,-1,-/-,-523.6816840171814,-24129.259650468826,87,0.016986706056129987,0.7931034482758621,0.5503411205292537
YDR012W,-1,0/-,-523.6842842698097,-39890.17700096965,348,0.01698043558508675,0.7931034482758621,0.5505478602439529
YPL194W,-1,-/-,-523.7273817062378,-24256.86345434189,87,0.016974169741697416,0.7931034482758621,0.5507545999586521
YLR066W,-1,-/-,-523.7299041748047,-25454.956827878952,87,0.016967908520841016,0.7931034482758621,0.5509613396733513
YBR235W,-1,0/-,-523.7470958828926,-37558.40095281601,348,0.01696165191740413,0.7931034482758621,0.5511680793880505
YBR281C,0,0/0,-523.7592679262161,-39647.854809999466,348,0.01696165191740413,0.7931034482758621,0.5511680793880505
YHL020C,-1,-/-,-523.7615983486176,-22772.613401174545,87,0.01695539992628087,0.7931034482758621,0.5513748191027497
YGR156W,-1,-/-,-523.8266899585724,-23910.834631204605,87,0.01694915254237288,0.7931034482758621,0.5515815588174489
YDR422C,-1,-/-,-523.8268959522247,-23287.162031412125,87,0.01694290976058932,0.7931034482758621,0.5517882985321481
YNR071C,0,0/0,-523.8483880758286,-38494.3130838871,348,0.01694290976058932,0.7931034482758621,0.5517882985321481
YNL254C,0,0/0,-523.902847468853,-38845.60556715727,348,0.01694290976058932,0.7931034482758621,0.5517882985321481
YOR143C,1,+/+,-523.9296534061432,-22950.752775907516,86,0.017304860088365244,0.8103448275862069,0.5517882985321481
YER017C,-1,-/-,-523.9667689800262,-25251.504307985306,87,0.01729849098270151,0.8103448275862069,0.5519950382468473
YJL091C,-1,-/-,-523.9958691596985,-24066.185123443604,87,0.017292126563649743,0.8103448275862069,0.5522017779615465
YJL096W,-1,0/-,-524.1010457873344,-38298.727283641696,348,0.017285766826038985,0.8103448275862069,0.5524085176762457
YPL263C,0,0/0,-524.1465335488319,-40583.24785876274,348,0.017285766826038985,0.8103448275862069,0.5524085176762457
YHR188C,-1,-/-,-524.2247128486633,-24373.083864927292,87,0.017279411764705883,0.8103448275862069,0.5526152573909447
YOR323C,0,0/0,-524.2332826256752,-40868.6766397655,348,0.017279411764705883,0.8103448275862069,0.5526152573909447
YLR095C,-1,-/-,-524.233594417572,-24424.18777155876,87,0.01727306137449467,0.8103448275862069,0.552821997105644
YDL159W,-1,-/-,-524.2680034637451,-25578.217894792557,87,0.017266715650257163,0.8103448275862069,0.5530287368203431
YGR199W,-1,-/-,-524.3023235797882,-24549.341717243195,87,0.017260374586852735,0.8103448275862069,0.5532354765350423
YNL281W,-1,-/-,-524.3143267631531,-22102.368384361267,87,0.01725403817914831,0.8103448275862069,0.5534422162497415
YDR007W,0,0/0,-524.3630083799362,-38459.3098359108,348,0.01725403817914831,0.8103448275862069,0.5534422162497415
YBR261C,-1,0/-,-524.4299825429916,-41103.89349806309,348,0.01724770642201835,0.8103448275862069,0.5536489559644407
YDR470C,-1,-/-,-524.4501352310181,-24842.7116894722,87,0.017241379310344827,0.8103448275862069,0.55385569567914
YCR090C,0,0/0,-524.502598285675,-36847.27186495066,348,0.017241379310344827,0.8103448275862069,0.55385569567914
YPR166C,-1,0/-,-524.5064545273781,-39197.54152068496,348,0.017235056839017236,0.8103448275862069,0.5540624353938391
YGL091C,-1,0/-,-524.5353156626225,-40184.68409392238,348,0.01722873900293255,0.8103448275862069,0.5542691751085383
YKR086W,-1,-/-,-524.5742084980011,-23816.8376390934,87,0.017222425796995237,0.8103448275862069,0.5544759148232375
YLR329W,-1,-/-,-524.5773720741272,-24420.309289216995,87,0.017216117216117217,0.8103448275862069,0.5546826545379367
YJL121C,0,+/0,-524.5978097915649,-24977.440444469452,86,0.017216117216117217,0.8103448275862069,0.5546826545379367
YKL003C,-1,0/-,-524.6589302420616,-40288.62792092562,348,0.01720981325521787,0.8103448275862069,0.554889394252636
YJL054W,-1,-/-,-524.7485816478729,-25554.223784208298,87,0.017203513909224012,0.8103448275862069,0.5550961339673351
YJL050W,-1,-/-,-524.7506422996521,-25016.31120109558,87,0.017197219173069888,0.8103448275862069,0.5553028736820343
YGR173W,-1,0/-,-524.7653506398201,-40047.578429833055,348,0.017190929041697146,0.8103448275862069,0.5555096133967335
YPL014W,-1,0/-,-524.7836421132088,-37054.84723854065,348,0.017184643510054845,0.8103448275862069,0.5557163531114327
YBL008W,-1,-/-,-524.7900247573853,-25242.950699329376,87,0.017178362573099414,0.8103448275862069,0.555923092826132
YKR070W,-1,0/-,-524.8447088003159,-37751.640382409096,348,0.017172086225794667,0.8103448275862069,0.5561298325408311
YGL237C,-1,0/-,-524.8736838698387,-40751.76680243015,348,0.01716581446311176,0.8103448275862069,0.5563365722555302
YOR064C,-1,-/-,-524.8826596736908,-25007.356226682663,87,0.01715954728002921,0.8103448275862069,0.5565433119702294
YPL162C,0,0/0,-524.8836685419083,-37180.229877889156,348,0.01715954728002921,0.8103448275862069,0.5565433119702294
YPL190C,-1,-/-,-524.9661407470703,-23505.45308327675,87,0.017153284671532848,0.8103448275862069,0.5567500516849286
YNR064C,0,-/0,-524.9734420776367,-23644.009878635406,87,0.017153284671532848,0.8103448275862069,0.5567500516849286
YLL011W,-1,-/-,-524.9983954429626,-24055.483169794083,87,0.017147026632615834,0.8103448275862069,0.5569567913996278
YLR381W,-1,-/-,-525.0510959625244,-23626.55104804039,87,0.017140773158278628,0.8103448275862069,0.557163531114327
YGL031C,-1,0/-,-525.0626213550568,-40170.34478858113,348,0.017134524243528983,0.8103448275862069,0.5573702708290262
YLR409C,-1,-/-,-525.0721759796143,-25896.06424164772,87,0.017128279883381923,0.8103448275862069,0.5575770105437254
YGL106W,-1,-/-,-525.0992977619171,-25397.75014090538,87,0.017122040072859744,0.8103448275862069,0.5577837502584246
YFR043C,0,0/0,-525.1384376883507,-37967.74566227198,348,0.017122040072859744,0.8103448275862069,0.5577837502584246
YGR266W,0,0/0,-525.1706140041351,-36977.03470128775,348,0.017122040072859744,0.8103448275862069,0.5577837502584246
YLL066C,0,0/0,-525.2218139767647,-38449.40051114559,348,0.017122040072859744,0.8103448275862069,0.5577837502584246
YBR254C,-1,-/-,-525.2277736663818,-25036.422204732895,87,0.01711580480699199,0.8103448275862069,0.5579904899731238
YGR092W,-1,-/-,-525.2486443519592,-24984.99309706688,87,0.017109574080815437,0.8103448275862069,0.558197229687823
YNL260C,-1,0/-,-525.3134760856628,-37368.914293944836,348,0.01710334788937409,0.8103448275862069,0.5584039694025222
YJL126W,0,0/0,-525.3333611488342,-38578.08444079757,348,0.01710334788937409,0.8103448275862069,0.5584039694025222
YDR057W,-1,-/-,-525.3415551185608,-24967.78860759735,87,0.01709712622771917,0.8103448275862069,0.5586107091172214
YOL131W,0,0/0,-525.3721072673798,-37439.036933243275,348,0.01709712622771917,0.8103448275862069,0.5586107091172214
YOR066W,-1,0/-,-525.3846498727798,-38806.58439061046,348,0.01709090909090909,0.8103448275862069,0.5588174488319206
YPR054W,-1,-/-,-525.4826056957245,-23064.82026910782,87,0.01708469647400945,0.8103448275862069,0.5590241885466198
YNR018W,-1,0/-,-525.4975335001945,-37282.85845768452,348,0.017078488372093022,0.8103448275862069,0.559230928261319
YDL128W,-1,-/-,-525.5531799793243,-23216.196501731873,87,0.017072284780239737,0.8103448275862069,0.5594376679760182
YJR069C,-1,-/-,-525.5589864253998,-26354.61249935627,87,0.017066085693536674,0.8103448275862069,0.5596444076907174
YBR121C,-1,-/-,-525.6169419288635,-25796.907602787018,87,0.01705989110707804,0.8103448275862069,0.5598511474054165
YCL016C,-1,-/-,-525.6173994541168,-25486.084023952484,87,0.017053701015965168,0.8103448275862069,0.5600578871201157
YPR165W,-1,-/-,-525.621532201767,-24835.164748191833,87,0.017047515415306493,0.8103448275862069,0.5602646268348149
YDL070W,-1,0/-,-525.6610079407692,-38528.51756337285,348,0.01704133430021755,0.8103448275862069,0.5604713665495141
YBR041W,-1,-/-,-525.6717486381531,-25972.121478915215,87,0.01703515766582095,0.8103448275862069,0.5606781062642133
YMR164C,-1,-/-,-525.6741027832031,-23873.910484790802,87,0.017028985507246377,0.8103448275862069,0.5608848459789125
YMR210W,-1,-/-,-525.6871428489685,-23489.46400809288,87,0.017022817819630567,0.8103448275862069,0.5610915856936117
YOR004W,-1,-/-,-525.7368123531342,-26077.767538785934,87,0.017016654598117305,0.8103448275862069,0.5612983254083109
YBL031W,-1,0/-,-525.762256860733,-39486.05700010061,348,0.017010495837857402,0.8103448275862069,0.5615050651230101
YML083C,0,0/0,-525.7828207612038,-38556.42528313398,348,0.017010495837857402,0.8103448275862069,0.5615050651230101
YOR067C,-1,-/-,-525.8237917423248,-24884.098172187805,87,0.017004341534008684,0.8103448275862069,0.5617118048377093
YER147C,-1,-/-,-525.8443603515625,-23944.015878915787,87,0.016998191681735986,0.8103448275862069,0.5619185445524085
YOR251C,-1,0/-,-525.8609181046486,-37239.77083325386,348,0.016992046276211134,0.8103448275862069,0.5621252842671077
YJR024C,0,0/0,-525.8767250180244,-40004.24797916412,348,0.016992046276211134,0.8103448275862069,0.5621252842671077
YGR012W,0,0/0,-525.9349690675735,-37625.754254579544,348,0.016992046276211134,0.8103448275862069,0.5621252842671077
YKL006W,-1,0/-,-525.9545142650604,-39985.442910313606,348,0.016985905312612938,0.8103448275862069,0.5623320239818069
YMR131C,-1,0/-,-525.9737150073051,-40609.63926100731,348,0.016979768786127166,0.8103448275862069,0.5625387636965061
YNR055C,-1,0/-,-525.9813253283501,-38982.150466412306,348,0.016973636691946552,0.8103448275862069,0.5627455034112053
YLR333C,-1,0/-,-526.0033777058125,-39880.58287075162,348,0.01696750902527076,0.8103448275862069,0.5629522431259045
YKL058W,-1,-/-,-526.0867211818695,-24426.591329455376,87,0.016961385781306387,0.8103448275862069,0.5631589828406037
YLR449W,-1,-/-,-526.1003723144531,-25941.05162000656,87,0.016955266955266956,0.8103448275862069,0.5633657225553029
YPR085C,-1,0/-,-526.1063737869263,-39633.11189901829,348,0.01694915254237288,0.8103448275862069,0.563572462270002
YPL047W,-1,-/-,-526.1073071956635,-24704.819363117218,87,0.016943042537851477,0.8103448275862069,0.5637792019847012
YNL024C,-1,0/-,-526.1360588669777,-36181.73175954819,348,0.016936936936936937,0.8103448275862069,0.5639859416994004
YMR292W,-1,-/-,-526.1715700626373,-24007.521116256714,87,0.016930835734870316,0.8103448275862069,0.5641926814140996
YHR003C,-1,0/-,-526.1927160620689,-36750.81678020954,348,0.01692473892689953,0.8103448275862069,0.5643994211287988
YOR332W,-1,-/-,-526.2333481311798,-25430.291405439377,87,0.016918646508279338,0.8103448275862069,0.564606160843498
YOL114C,-1,0/-,-526.2824024558067,-37900.20091217756,348,0.01691255847427132,0.8103448275862069,0.5648129005581972
YCR051W,0,0/0,-526.3166316747665,-36887.088436841965,348,0.01691255847427132,0.8103448275862069,0.5648129005581972
YIL082W-A,-1,-/-,-526.3458609580994,-22700.748705387115,87,0.016906474820143885,0.8103448275862069,0.5650196402728964
YER041W,-1,-/-,-526.3667073249817,-24411.514460086823,87,0.01690039554117224,0.8103448275862069,0.5652263799875956
YLL014W,-1,0/-,-526.370279610157,-36797.202100753784,348,0.01689432063263839,0.8103448275862069,0.5654331197022948
YER132C,-1,0/-,-526.4091074466705,-39198.43677139282,348,0.01688825008983112,0.8103448275862069,0.565639859416994
YOR014W,-1,-/-,-526.4100676774979,-24755.58823144436,87,0.016882183908045977,0.8103448275862069,0.5658465991316932
YNL280C,-1,-/-,-526.426867723465,-24331.136203289032,87,0.01687612208258528,0.8103448275862069,0.5660533388463924
YLR210W,-1,-/-,-526.4304511547089,-24792.779683828354,87,0.016870064608758076,0.8103448275862069,0.5662600785610916
YNL167C,-1,-/-,-526.445011138916,-24956.425446033478,87,0.01686401148188016,0.8103448275862069,0.5664668182757908
YCL050C,-1,0/-,-526.4570313692093,-39328.78480005264,348,0.01685796269727403,0.8103448275862069,0.56667355799049
YHL014C,0,0/0,-526.5368195772171,-39790.05876150727,348,0.01685796269727403,0.8103448275862069,0.56667355799049
YDR466W,-1,0/-,-526.5528266131878,-39031.172343581915,348,0.016851918250268914,0.8103448275862069,0.5668802977051892
YER160C,-1,-/-,-526.6126990318298,-23298.057470321655,87,0.016845878136200716,0.8103448275862069,0.5670870374198883
YKR051W,-1,0/-,-526.6509785652161,-36889.54943317175,348,0.01683984235041204,0.8103448275862069,0.5672937771345875
YOR242C,-1,0/-,-526.6756981015205,-36872.361176908016,348,0.01683381088825215,0.8103448275862069,0.5675005168492867
YMR305C,-1,-/-,-526.6862621307373,-23304.789281129837,87,0.016827783745076978,0.8103448275862069,0.5677072565639859
YPL275W,-1,-/-,-526.6971454620361,-23573.388196468353,87,0.016821760916249106,0.8103448275862069,0.5679139962786851
YBL093C,-1,-/-,-526.7215600013733,-24536.367128372192,87,0.016815742397137744,0.8103448275862069,0.5681207359933843
YCR017C,-1,0/-,-526.733391225338,-39466.60682505369,348,0.016809728183118742,0.8103448275862069,0.5683274757080835
YDR064W,-1,0/-,-526.7536982297897,-40961.7663783133,348,0.016803718269574545,0.8103448275862069,0.5685342154227827
YAR007C,-1,-/-,-526.789347410202,-22498.49856184423,87,0.01679771265189421,0.8103448275862069,0.5687409551374819
YJR066W,-1,-/-,-526.8041517734528,-25104.808274388313,87,0.01679171132547338,0.8103448275862069,0.5689476948521811
YGL232W,-1,-/-,-526.8305506706238,-23863.855605840683,87,0.016785714285714286,0.8103448275862069,0.5691544345668803
YGL027C,-1,-/-,-526.8456652164459,-24447.572637319565,87,0.016779721528025704,0.8103448275862069,0.5693611742815795
YKR020W,-1,-/-,-526.8600759506226,-23701.129004716873,87,0.016773733047822984,0.8103448275862069,0.5695679139962787
YGR215W,-1,0/-,-526.8726009726524,-39673.25128352642,348,0.016767748840528007,0.8103448275862069,0.5697746537109779
YDL188C,-1,-/-,-526.8770122528076,-24687.137343883514,87,0.016761768901569187,0.8103448275862069,0.5699813934256771
YKR044W,-1,0/-,-526.9042184352875,-39237.40220987797,348,0.01675579322638146,0.8103448275862069,0.5701881331403763
YDR452W,0,0/0,-526.9051511883736,-41641.64882808924,348,0.01675579322638146,0.8103448275862069,0.5701881331403763
YOR232W,-1,-/-,-526.9246814250946,-25023.2009370327,87,0.01674982181040627,0.8103448275862069,0.5703948728550755
YMR124W,0,0/0,-527.0178768634796,-37497.645324885845,348,0.01674982181040627,0.8103448275862069,0.5703948728550755
YDR151C,-1,-/-,-527.0330011844635,-24462.34074282646,87,0.016743854649091557,0.8103448275862069,0.5706016125697747
YBR270C,-1,0/-,-527.0474427938461,-40359.26112496853,348,0.01673789173789174,0.8103448275862069,0.5708083522844738
YOL052C,1,0/+,-527.0488848090172,-38694.92060378194,348,0.017087931648273408,0.8275862068965517,0.5708083522844738
YNL175C,-1,0/-,-527.0491027832031,-39307.85267433524,348,0.01708185053380783,0.8275862068965517,0.571015091999173
YOR326W,-1,-/-,-527.0701913833618,-24688.19671177864,87,0.017075773745997867,0.8275862068965517,0.5712218317138722
YOR091W,-1,0/-,-527.1611822843552,-39654.083121716976,348,0.017069701280227598,0.8275862068965517,0.5714285714285714
YPL269W,-1,-/-,-527.1849682331085,-22928.932579040527,87,0.017063633131887666,0.8275862068965517,0.5716353111432706
YIR015W,-1,-/-,-527.1859812736511,-23486.663368940353,87,0.017057569296375266,0.8275862068965517,0.5718420508579698
YAL026C,-1,-/-,-527.18705701828,-24234.425040483475,87,0.01705150976909414,0.8275862068965517,0.572048790572669
YLR301W,-1,-/-,-527.1940176486969,-23219.147641181946,87,0.017045454545454544,0.8275862068965517,0.5722555302873682
YPL084W,-1,-/-,-527.1991679668427,-24942.75977730751,87,0.01703940362087327,0.8275862068965517,0.5724622700020674
YOL077C,-1,-/-,-527.2189762592316,-25785.30779504776,87,0.017033356990773598,0.8275862068965517,0.5726690097167666
YKL077W,-1,0/-,-527.2233164310455,-37006.11468589306,348,0.017027314650585313,0.8275862068965517,0.5728757494314658
YPR112C,-1,-/-,-527.2978738546371,-25676.10279405117,87,0.01702127659574468,0.8275862068965517,0.573082489146165
YBR253W,-1,-/-,-527.3339171409607,-25231.988693475723,87,0.017015242821694435,0.8275862068965517,0.5732892288608642
YLR173W,-1,0/-,-527.3480716943741,-37478.75777208805,348,0.01700921332388377,0.8275862068965517,0.5734959685755634
YPL013C,-1,0/-,-527.3682637512684,-38961.70136716962,348,0.01700318809776833,0.8275862068965517,0.5737027082902626
YNL253W,-1,-/-,-527.3796563148499,-24208.329046726227,87,0.0169971671388102,0.8275862068965517,0.5739094480049618
YJR094W-A,-1,0/-,-527.3850739598274,-38661.73238611221,348,0.016991150442477877,0.8275862068965517,0.574116187719661
YPL181W,-1,-/-,-527.4199635982513,-24794.699682235718,87,0.016985138004246284,0.8275862068965517,0.5743229274343601
YDR212W,-1,-/-,-527.4480233192444,-24509.220336437225,87,0.016979129819596747,0.8275862068965517,0.5745296671490593
YDR532C,0,-/0,-527.4637837409973,-25448.10337972641,87,0.016979129819596747,0.8275862068965517,0.5745296671490593
YDL203C,-1,0/-,-527.5116029977798,-40044.42880475521,348,0.016973125884016973,0.8275862068965517,0.5747364068637585
YNR054C,-1,-/-,-527.5181965827942,-24780.229431390762,87,0.016967126193001062,0.8275862068965517,0.5749431465784577
YDL208W,-1,-/-,-527.5191769599915,-25331.31047987938,87,0.01696113074204947,0.8275862068965517,0.5751498862931569
YGL120C,-1,-/-,-527.5351328849792,-25248.152192115784,87,0.016955139526669022,0.8275862068965517,0.5753566260078561
YDR331W,-1,-/-,-527.5459446907043,-24327.97482442856,87,0.01694915254237288,0.8275862068965517,0.5755633657225553
YLR398C,-1,-/-,-527.5663678646088,-24109.24381875992,87,0.01694316978468055,0.8275862068965517,0.5757701054372545
YGR035C,0,0/0,-527.6175300478935,-38041.31119853258,348,0.01694316978468055,0.8275862068965517,0.5757701054372545
YOR172W,-1,-/-,-527.6226906776428,-24539.55998158455,87,0.016937191249117856,0.8275862068965517,0.5759768451519537
YML048W,-1,-/-,-527.6348102092743,-25058.02322459221,87,0.016931216931216932,0.8275862068965517,0.5761835848666529
YEL022W,-1,-/-,-527.6413009166718,-24366.453480124474,87,0.01692524682651622,0.8275862068965517,0.5763903245813521
YMR070W,-1,-/-,-527.6748766899109,-24567.375067472458,87,0.01691928093056045,0.8275862068965517,0.5765970642960513
YGR261C,-1,-/-,-527.6799519062042,-25638.519495010376,87,0.016913319238900635,0.8275862068965517,0.5768038040107505
YPL130W,-1,-/-,-527.730550289154,-22369.256085157394,87,0.016907361747094046,0.8275862068965517,0.5770105437254497
YNR038W,-1,-/-,-527.7346954345703,-25590.748542904854,87,0.016901408450704224,0.8275862068965517,0.5772172834401489
YLR462W,0,0/0,-527.7399363517761,-37177.47391220927,348,0.016901408450704224,0.8275862068965517,0.5772172834401489
YNL275W,-1,-/-,-527.779214143753,-22519.72393476963,87,0.01689545934530095,0.8275862068965517,0.5774240231548481
YLR265C,-1,-/-,-527.8018696308136,-24698.323501825333,87,0.01688951442646024,0.8275862068965517,0.5776307628695473
YJL113W,-1,-/-,-527.8180112838745,-23164.820224761963,87,0.016883573689764335,0.8275862068965517,0.5778375025842465
YMR100W,-1,-/-,-527.8256504535675,-26818.933745622635,87,0.016877637130801686,0.8275862068965517,0.5780442422989456
YLR125W,0,0/0,-527.876723408699,-38561.85256391764,348,0.016877637130801686,0.8275862068965517,0.5780442422989456
YDR385W,-1,-/-,-527.8791546821594,-26833.359236955643,87,0.01687170474516696,0.8275862068965517,0.5782509820136448
YOR276W,-1,0/-,-527.9584528803825,-39310.08266207576,348,0.016865776528460996,0.8275862068965517,0.578457721728344
YOR357C,-1,0/-,-527.998890042305,-38500.87494164705,348,0.01685985247629083,0.8275862068965517,0.5786644614430432
YJR129C,-1,0/-,-528.061713218689,-36952.872675836086,348,0.016853932584269662,0.8275862068965517,0.5788712011577424
YDR307W,-1,0/-,-528.0755335092545,-37044.92510777712,348,0.016848016848016848,0.8275862068965517,0.5790779408724416
YKR001C,-1,-/-,-528.1987872123718,-25523.73208808899,87,0.016842105263157894,0.8275862068965517,0.5792846805871408
YER014C-A,-1,-/-,-528.2332057952881,-22662.252501010895,87,0.01683619782532445,0.8275862068965517,0.57949142030184
YPL079W,-1,0/-,-528.2588297128677,-40052.468434780836,348,0.016830294530154277,0.8275862068965517,0.5796981600165392
YCR028C-A,-1,-/-,-528.2600734233856,-23816.902242183685,87,0.016824395373291272,0.8275862068965517,0.5799048997312384
YOR370C,-1,0/-,-528.2805191278458,-40251.813586592674,348,0.016818500350385426,0.8275862068965517,0.5801116394459376
YOR122C,-1,-/-,-528.293265581131,-25001.97835612297,87,0.01681260945709282,0.8275862068965517,0.5803183791606368
YHR197W,-1,-/-,-528.2935192584991,-24614.81357550621,87,0.01680672268907563,0.8275862068965517,0.580525118875336
YDR349C,-1,0/-,-528.2985923886299,-39123.28583139181,348,0.0168008400420021,0.8275862068965517,0.5807318585900352
YMR116C,-1,-/-,-528.3078877925873,-24125.681107759476,87,0.016794961511546535,0.8275862068965517,0.5809385983047344
YJR135W-A,-1,-/-,-528.3139634132385,-23668.158831357956,87,0.016789087093389297,0.8275862068965517,0.5811453380194336
YJL181W,0,0/0,-528.324729681015,-37152.85341113806,348,0.016789087093389297,0.8275862068965517,0.5811453380194336
YNL297C,-1,-/-,-528.327805519104,-25277.61982536316,87,0.016783216783216783,0.8275862068965517,0.5813520777341328
YML058W-A,-1,-/-,-528.3810107707977,-23251.94925737381,87,0.016777350576721427,0.8275862068965517,0.5815588174488319
YCR102C,-1,-/-,-528.4262528419495,-23034.14558839798,87,0.016771488469601678,0.8275862068965517,0.5817655571635311
YLR087C,-1,0/-,-528.4385668039322,-40609.90264943242,348,0.016765630457562,0.8275862068965517,0.5819722968782303
YGL076C,-1,0/-,-528.456348836422,-40339.60970631242,348,0.01675977653631285,0.8275862068965517,0.5821790365929295
YHL030W,-1,0/-,-528.4939039349556,-39144.82599765062,348,0.016753926701570682,0.8275862068965517,0.5823857763076287
YBL022C,-1,-/-,-528.5863349437714,-26627.753267169,87,0.01674808094905792,0.8275862068965517,0.5825925160223279
YLR248W,-1,-/-,-528.6007306575775,-25407.893615961075,87,0.016742239274502965,0.8275862068965517,0.5827992557370271
YLR017W,-1,0/-,-528.6693571805954,-40935.399292230606,348,0.016736401673640166,0.8275862068965517,0.5830059954517263
YJL160C,-1,0/-,-528.675860285759,-38464.23091286421,348,0.01673056814220983,0.8275862068965517,0.5832127351664255
YBL039C,-1,-/-,-528.7450325489044,-25914.431592464447,87,0.016724738675958188,0.8275862068965517,0.5834194748811247
YPL212C,-1,-/-,-528.7713303565979,-24973.813684940338,87,0.01671891327063741,0.8275862068965517,0.5836262145958239
YPR181C,-1,-/-,-528.7791433334351,-24112.916413784027,87,0.016713091922005572,0.8275862068965517,0.5838329543105231
YJR028W,-1,-/-,-528.8351936340332,-22887.259044647217,87,0.016707274625826662,0.8275862068965517,0.5840396940252223
YGR267C,1,-/+,-528.8550844192505,-24789.164036035538,87,0.017049408489909535,0.8448275862068966,0.5840396940252223
YDL073W,-1,0/-,-528.8785371780396,-36890.03652840853,348,0.017043478260869566,0.8448275862068966,0.5842464337399215
YOR037W,-1,-/-,-528.9012181758881,-27091.006813168526,87,0.017037552155771907,0.8448275862068966,0.5844531734546207
YLR086W,-1,-/-,-528.9196538925171,-23231.479709863663,87,0.0170316301703163,0.8448275862068966,0.5846599131693199
YMR247C,-1,-/-,-528.9210903644562,-24321.047387123108,87,0.017025712300208478,0.8448275862068966,0.5848666528840191
YPR016C,-1,-/-,-528.933584690094,-24999.80699801445,87,0.017019798541160126,0.8448275862068966,0.5850733925987183
YOR256C,-1,-/-,-528.9342613220215,-26715.30952221155,87,0.017013888888888887,0.8448275862068966,0.5852801323134174
YMR185W,0,0/0,-528.9497052431107,-36639.88820159435,348,0.017013888888888887,0.8448275862068966,0.5852801323134174
YER118C,-1,-/-,-529.0098204612732,-25058.76733803749,87,0.017007983339118363,0.8448275862068966,0.5854868720281166
YPR084W,0,0/0,-529.0124269723892,-37179.99908131361,348,0.017007983339118363,0.8448275862068966,0.5854868720281166
YBL107C,0,0/0,-529.0257640480995,-37895.41333037615,348,0.017007983339118363,0.8448275862068966,0.5854868720281166
YJL049W,-1,0/-,-529.0397143959999,-37533.09584325552,348,0.017002081887578072,0.8448275862068966,0.5856936117428158
YLL038C,-1,-/-,-529.042991399765,-21921.645894527435,87,0.01699618453000347,0.8448275862068966,0.585900351457515
YDR221W,0,-/0,-529.050286769867,-24244.46286201477,87,0.01699618453000347,0.8448275862068966,0.585900351457515
YMR281W,-1,-/-,-529.0844528675079,-23377.42852663994,87,0.01699029126213592,0.8448275862068966,0.5861070911722142
YER051W,-1,-/-,-529.0870642662048,-23652.891513943672,87,0.016984402079722703,0.8448275862068966,0.5863138308869134
YJL154C,-1,-/-,-529.1041679382324,-25087.117388010025,87,0.01697851697851698,0.8448275862068966,0.5865205706016126
YLR049C,0,0/0,-529.1542972326279,-36603.78986573219,348,0.01697851697851698,0.8448275862068966,0.5865205706016126
YDR283C,-1,-/-,-529.2040808200836,-23774.886789798737,87,0.016972635954277795,0.8448275862068966,0.5867273103163118
YJL090C,-1,-/-,-529.2170238494873,-23783.142808437347,87,0.016966759002770084,0.8448275862068966,0.586934050031011
YDL029W,-1,-/-,-529.256344795227,-24800.6355741024,87,0.016960886119764623,0.8448275862068966,0.5871407897457102
YOR369C,-1,0/-,-529.2573294043541,-39935.201789826155,348,0.016955017301038062,0.8448275862068966,0.5873475294604094
YFL040W,-1,0/-,-529.2747591733932,-38020.267412781715,348,0.01694915254237288,0.8448275862068966,0.5875542691751086
YPL217C,-1,-/-,-529.3022310733795,-26446.44029867649,87,0.0169432918395574,0.8448275862068966,0.5877610088898078
YGL070C,-1,-/-,-529.34552693367,-25022.844275712967,87,0.01693743518838576,0.8448275862068966,0.587967748604507
YDR185C,-1,0/-,-529.3538910746574,-37177.86312788725,348,0.016931582584657913,0.8448275862068966,0.5881744883192062
YGR251W,-1,-/-,-529.3771414756775,-22058.63070344925,87,0.01692573402417962,0.8448275862068966,0.5883812280339054
YPL145C,-1,-/-,-529.3799774646759,-25528.219193577766,87,0.01691988950276243,0.8448275862068966,0.5885879677486046
YHR058C,-1,-/-,-529.3955812454224,-24516.223094701767,87,0.01691404901622368,0.8448275862068966,0.5887947074633036
YPL023C,0,0/0,-529.4000900387764,-41110.957112014294,348,0.01691404901622368,0.8448275862068966,0.5887947074633036
YML030W,-1,0/-,-529.4112242460251,-37174.45583295822,348,0.016908212560386472,0.8448275862068966,0.5890014471780028
YEL043W,-1,0/-,-529.4337298870087,-37569.38697588444,348,0.016902380131079683,0.8448275862068966,0.589208186892702
YPL184C,-1,0/-,-529.4445711374283,-37512.586071789265,348,0.01689655172413793,0.8448275862068966,0.5894149266074012
YKL149C,-1,-/-,-529.4590165615082,-24735.3464782238,87,0.016890727335401586,0.8448275862068966,0.5896216663221004
YMR071C,0,0/0,-529.4666014909744,-38545.07137557864,348,0.016890727335401586,0.8448275862068966,0.5896216663221004
YOR104W,0,0/0,-529.5016928315163,-40493.386636316776,348,0.016890727335401586,0.8448275862068966,0.5896216663221004
YDR099W,-1,-/-,-529.5268542766571,-26283.19123148918,87,0.016884906960716747,0.8448275862068966,0.5898284060367996
YOR204W,-1,-/-,-529.566267490387,-24250.085386514664,87,0.016879090595935238,0.8448275862068966,0.5900351457514988
YHR062C,-1,-/-,-529.5809736251831,-26151.460957050323,87,0.0168732782369146,0.8448275862068966,0.590241885466198
YIL060W,0,0/0,-529.6130069494247,-38144.00400978327,348,0.0168732782369146,0.8448275862068966,0.590241885466198
YGL004C,-1,-/-,-529.6442966461182,-26282.17866039276,87,0.016867469879518072,0.8448275862068966,0.5904486251808972
YBR101C,-1,0/-,-529.6804594397545,-37636.1919645071,348,0.01686166551961459,0.8448275862068966,0.5906553648955964
YNL106C,-1,-/-,-529.6868240833282,-24881.4051322937,87,0.016855865153078776,0.8448275862068966,0.5908621046102956
YDR477W,-1,-/-,-529.6897320747375,-24524.0724773407,87,0.01685006877579092,0.8448275862068966,0.5910688443249948
YDL202W,-1,0/-,-529.7118607163429,-39340.69381904602,348,0.01684427638363699,0.8448275862068966,0.591275584039694
YLR103C,-1,-/-,-529.7181270122528,-24406.27334690094,87,0.01683848797250859,0.8448275862068966,0.5914823237543932
YGR026W,0,0/0,-529.7300081253052,-36657.225470244884,348,0.01683848797250859,0.8448275862068966,0.5914823237543932
YOR090C,-1,0/-,-529.7571040689945,-40910.129674613476,348,0.01683270353830299,0.8448275862068966,0.5916890634690924
YDL133C-A,-1,0/-,-529.7617279887199,-39180.50762528181,348,0.016826923076923076,0.8448275862068966,0.5918958031837916
YKL040C,-1,-/-,-529.7712047100067,-24466.694393634796,87,0.01682114658427738,0.8448275862068966,0.5921025428984908
YPL009C,-1,0/-,-529.7762573957443,-37417.141432881355,348,0.016815374056280027,0.8448275862068966,0.59230928261319
YOL103W,-1,0/-,-529.8186836838722,-39965.027663856745,348,0.01680960548885077,0.8448275862068966,0.5925160223278891
YMR237W,-1,-/-,-529.8433322906494,-24071.58278298378,87,0.016803840877914953,0.8448275862068966,0.5927227620425883
YNL051W,-1,-/-,-529.8682289123535,-25547.026718378067,87,0.016798080219403495,0.8448275862068966,0.5929295017572875
YLR185W,-1,0/-,-529.8682392835617,-39710.2367028296,348,0.016792323509252912,0.8448275862068966,0.5931362414719867
YPR027C,0,0/0,-529.8797820806503,-37510.66439127922,348,0.016792323509252912,0.8448275862068966,0.5931362414719867
YML001W,-1,-/-,-529.9197421073914,-25010.45010280609,87,0.016786570743405275,0.8448275862068966,0.5933429811866859
YDR373W,-1,0/-,-529.9240091443062,-40745.15339231491,348,0.01678082191780822,0.8448275862068966,0.5935497209013851
YBR239C,-1,0/-,-529.9915728569031,-37246.86128407717,348,0.016775077028414926,0.8448275862068966,0.5937564606160843
YJL205C,0,0/0,-530.0523209571838,-39037.277984678745,348,0.016775077028414926,0.8448275862068966,0.5937564606160843
YDR428C,-1,0/-,-530.1006109714508,-40614.21103692055,348,0.01676933607118412,0.8448275862068966,0.5939632003307835
YPL077C,0,0/0,-530.2258427143097,-38106.334517240524,348,0.01676933607118412,0.8448275862068966,0.5939632003307835
YPL199C,-1,0/-,-530.2377752661705,-37157.61767619848,348,0.016763599042080055,0.8448275862068966,0.5941699400454827
YGL160W,-1,0/-,-530.2431250810623,-37494.54251217842,348,0.016757865937072503,0.8448275862068966,0.5943766797601819
YLR135W,-1,-/-,-530.2662515640259,-25583.05346906185,87,0.016752136752136753,0.8448275862068966,0.5945834194748811
YNL286W,-1,-/-,-530.3531696796417,-23163.51847743988,87,0.01674641148325359,0.8448275862068966,0.5947901591895803
YJL035C,-1,-/-,-530.3698654174805,-25225.5270049572,87,0.016740690126409292,0.8448275862068966,0.5949968989042795
YMR230W,-1,0/-,-530.4099574685097,-40857.535878390074,348,0.01673497267759563,0.8448275862068966,0.5952036386189787
YOL042W,-1,-/-,-530.4278798103333,-24655.14163708687,87,0.016729259132809832,0.8448275862068966,0.5954103783336779
YBR014C,-1,0/-,-530.4332285523415,-38689.04056733847,348,0.016723549488054608,0.8448275862068966,0.5956171180483771
YMR204C,-1,-/-,-530.4898552894592,-22966.084414243698,87,0.01671784373933811,0.8448275862068966,0.5958238577630763
YMR211W,-1,-/-,-530.509241104126,-24198.501502275467,87,0.016712141882673944,0.8448275862068966,0.5960305974777754
YLR254C,0,-/0,-530.5099096298218,-23833.93377995491,87,0.016712141882673944,0.8448275862068966,0.5960305974777754
YMR171C,-1,0/-,-530.5410289168358,-40276.72690984607,348,0.016706443914081145,0.8448275862068966,0.5962373371924746
YMR167W,-1,-/-,-530.5447089672089,-24445.830330133438,87,0.016700749829584187,0.8448275862068966,0.5964440769071738
YDR194C,-1,-/-,-530.5675327777863,-24844.45836520195,87,0.016695059625212946,0.8448275862068966,0.596650816621873
YGL032C,-1,-/-,-530.6009759902954,-23969.476853370667,87,0.016689373297002725,0.8448275862068966,0.5968575563365722
YER186C,0,0/0,-530.6528987884521,-37782.69697594643,348,0.016689373297002725,0.8448275862068966,0.5968575563365722
YNL207W,-1,-/-,-530.6584887504578,-24572.554247140884,87,0.016683690840994213,0.8448275862068966,0.5970642960512714
YGL116W,-1,-/-,-530.6601626873016,-24190.6515750885,87,0.016678012253233492,0.8448275862068966,0.5972710357659706
YDL211C,0,0/0,-530.6841255426407,-36887.50224232674,348,0.016678012253233492,0.8448275862068966,0.5972710357659706
YOR299W,-1,-/-,-530.7291729450226,-24692.238738656044,87,0.01667233752977203,0.8448275862068966,0.5974777754806698
YFR028C,-1,-/-,-530.7363669872284,-24303.130083084106,87,0.016666666666666666,0.8448275862068966,0.597684515195369
YNL316C,0,0/0,-530.7578328251839,-40732.13699865341,348,0.016666666666666666,0.8448275862068966,0.597684515195369
YJR022W,-1,-/-,-530.7849979400635,-23751.63608646393,87,0.016660999659979598,0.8448275862068966,0.5978912549100682
YJR050W,-1,-/-,-530.869473695755,-24966.8591632843,87,0.01665533650577838,0.8448275862068966,0.5980979946247674
YER146W,-1,-/-,-530.9121336936951,-24227.760137081146,87,0.016649677200135916,0.8448275862068966,0.5983047343394666
YML125C,0,0/0,-530.9154916405678,-39498.74922513962,348,0.016649677200135916,0.8448275862068966,0.5983047343394666
YEL025C,0,0/0,-530.9591819643974,-39432.29237729311,348,0.016649677200135916,0.8448275862068966,0.5983047343394666
YEL017C-A,0,-/0,-530.9701886177063,-23945.81008386612,87,0.016649677200135916,0.8448275862068966,0.5983047343394666
YBR031W,-1,0/-,-530.9784640073776,-40219.754171580076,348,0.016644021739130436,0.8448275862068966,0.5985114740541658
YHL039W,-1,0/-,-531.0160901546478,-36368.190604805946,348,0.016638370118845502,0.8448275862068966,0.598718213768865
YER159C,-1,-/-,-531.0205488204956,-25004.41207051277,87,0.016632722335369995,0.8448275862068966,0.5989249534835642
YCR033W,-1,-/-,-531.0348010063171,-24238.32977581024,87,0.0166270783847981,0.8448275862068966,0.5991316931982634
YLL035W,-1,-/-,-531.0569393634796,-25577.292496442795,87,0.01662143826322931,0.8448275862068966,0.5993384329129626
YIL151C,-1,0/-,-531.0637159347534,-38431.82783639431,348,0.016615801966768397,0.8448275862068966,0.5995451726276618
YKL052C,-1,-/-,-531.0639050006866,-23726.96023249626,87,0.016610169491525422,0.8448275862068966,0.5997519123423609
YER059W,-1,0/-,-531.0694093704224,-40395.005318164825,348,0.016604540833615723,0.8448275862068966,0.5999586520570601
YLR045C,-1,-/-,-531.0958688259125,-23273.721009016037,87,0.01659891598915989,0.8448275862068966,0.6001653917717593
YGR106C,0,0/0,-531.1186264157295,-40592.49516069889,348,0.01659891598915989,0.8448275862068966,0.6001653917717593
YNL085W,-1,-/-,-531.1730446815491,-26146.457708597183,87,0.01659329495428378,0.8448275862068966,0.6003721314864585
YCL001W,-1,-/-,-531.215060710907,-23969.622453689575,87,0.016587677725118485,0.8448275862068966,0.6005788712011577
YJL076W,-1,-/-,-531.2848379611969,-25053.930792808533,87,0.016582064297800337,0.8448275862068966,0.6007856109158569
YBR013C,0,0/0,-531.288812994957,-38510.39830046892,348,0.016582064297800337,0.8448275862068966,0.6007856109158569
YDR341C,-1,-/-,-531.3009757995605,-26305.115353107452,87,0.016576454668470908,0.8448275862068966,0.6009923506305561
YOL107W,-1,0/-,-531.333384513855,-37407.21437251568,348,0.01657084883327697,0.8448275862068966,0.6011990903452553
YNL029C,-1,-/-,-531.3368988037109,-24365.620944023132,87,0.01656524678837052,0.8448275862068966,0.6014058300599545
YGR285C,-1,-/-,-531.3429505825043,-25352.74844455719,87,0.016559648529908752,0.8448275862068966,0.6016125697746537
YBR133C,-1,-/-,-531.3774454593658,-24789.47034049034,87,0.016554054054054055,0.8448275862068966,0.6018193094893529
YAL009W,-1,-/-,-531.4008741378784,-25060.7363717556,87,0.016548463356973995,0.8448275862068966,0.6020260492040521
YIL134W,-1,0/-,-531.4209805727005,-39788.34968906641,348,0.016542876434841324,0.8448275862068966,0.6022327889187513
YLR026C,-1,-/-,-531.4260563850403,-24818.51681780815,87,0.01653729328383395,0.8448275862068966,0.6024395286334505
YHL002W,-1,-/-,-531.4745042324066,-26336.78714776039,87,0.016531713900134953,0.8448275862068966,0.6026462683481497
YJL225C,0,0/0,-531.4991511106491,-38297.52979183197,348,0.016531713900134953,0.8448275862068966,0.6026462683481497
YDL065C,-1,-/-,-531.5012054443359,-25855.704787254333,87,0.016526138279932545,0.8448275862068966,0.6028530080628489
YNR031C,-1,-/-,-531.532989025116,-24481.53840637207,87,0.016520566419420093,0.8448275862068966,0.6030597477775481
YGL015C,-1,0/-,-531.7334108352661,-37736.2010307312,348,0.01651499831479609,0.8448275862068966,0.6032664874922472
YMR225C,-1,-/-,-531.7377696037292,-24512.07213115692,87,0.01650943396226415,0.8448275862068966,0.6034732272069464
YPL043W,-1,-/-,-531.7492728233337,-25994.265424489975,87,0.016503873358033008,0.8448275862068966,0.6036799669216456
YNR028W,-1,0/-,-531.753163933754,-38496.61532276869,348,0.016498316498316498,0.8448275862068966,0.6038867066363448
YAL027W,-1,0/-,-531.7740141153336,-39823.500534534454,348,0.016492763379333558,0.8448275862068966,0.604093446351044
YKL114C,-1,-/-,-531.7917943000793,-24520.05308842659,87,0.01648721399730821,0.8448275862068966,0.6043001860657432
YNL326C,-1,-/-,-531.7956395149231,-24781.855778217316,87,0.01648166834846956,0.8448275862068966,0.6045069257804424
YDL042C,-1,-/-,-531.9522423744202,-24212.5744805336,87,0.01647612642905178,0.8448275862068966,0.6047136654951416
YDL036C,-1,-/-,-532.0263302326202,-24107.481345176697,87,0.01647058823529412,0.8448275862068966,0.6049204052098408
YBR180W,-1,0/-,-532.0436418056488,-36827.156007528305,348,0.01646505376344086,0.8448275862068966,0.60512714492454
YJR124C,-1,0/-,-532.1087611913681,-36531.84091311693,348,0.01645952300974135,0.8448275862068966,0.6053338846392392
YER176W,-1,0/-,-532.1145116090775,-39974.01912629604,348,0.016453995970449966,0.8448275862068966,0.6055406243539384
YLR450W,-1,-/-,-532.185005903244,-23863.85899734497,87,0.016448472641826115,0.8448275862068966,0.6057473640686376
YJR138W,-1,0/-,-532.1875098347664,-40848.01639056206,348,0.016442953020134227,0.8448275862068966,0.6059541037833368
YPL278C,0,0/0,-532.195165336132,-38752.50646877289,348,0.016442953020134227,0.8448275862068966,0.6059541037833368
YBL081W,0,0/0,-532.2855290174484,-36747.50835198164,348,0.016442953020134227,0.8448275862068966,0.6059541037833368
YGL043W,-1,-/-,-532.3031935691833,-24737.918286323547,87,0.016437437101643745,0.8448275862068966,0.606160843498036
YOR278W,0,0/0,-532.3194531202316,-39566.835739672184,348,0.016437437101643745,0.8448275862068966,0.606160843498036
YER063W,-1,0/-,-532.3660410642624,-39459.430974423885,348,0.01643192488262911,0.8448275862068966,0.6063675832127352
YGL066W,-1,-/-,-532.372848033905,-24980.86679673195,87,0.016426416359369762,0.8448275862068966,0.6065743229274344
YOL089C,-1,-/-,-532.3834638595581,-26195.979729175568,87,0.016420911528150135,0.8448275862068966,0.6067810626421336
YGR078C,-1,-/-,-532.3985834121704,-25154.851847410202,87,0.01641541038525963,0.8448275862068966,0.6069878023568327
YLR032W,-1,-/-,-532.4083914756775,-25542.926192998886,87,0.01640991292699263,0.8448275862068966,0.6071945420715319
YLR238W,-1,-/-,-532.4093632698059,-23158.63667678833,87,0.016404419149648478,0.8448275862068966,0.6074012817862311
YLR187W,-1,0/-,-532.4754955172539,-38550.681535601616,348,0.01639892904953146,0.8448275862068966,0.6076080215009303
YDR067C,-1,0/-,-532.5539090633392,-39692.92215162516,348,0.01639344262295082,0.8448275862068966,0.6078147612156295
YPR182W,-1,-/-,-532.569417476654,-23728.99627995491,87,0.016387959866220735,0.8448275862068966,0.6080215009303287
YNL250W,-1,-/-,-532.5708212852478,-23659.798083782196,87,0.016382480775660315,0.8448275862068966,0.6082282406450279
YDL092W,-1,-/-,-532.5898423194885,-25373.72724866867,87,0.016377005347593582,0.8448275862068966,0.6084349803597271
YEL016C,-1,-/-,-532.6802067756653,-24704.076335668564,87,0.016371533578349484,0.8448275862068966,0.6086417200744263
YHL034C,0,-/0,-532.6905448436737,-25082.157346963882,87,0.016371533578349484,0.8448275862068966,0.6086417200744263
YDR463W,-1,-/-,-532.6998779773712,-26859.323482513428,87,0.016366065464261857,0.8448275862068966,0.6088484597891255
YKL047W,0,0/0,-532.7008442878723,-37267.43746459484,348,0.016366065464261857,0.8448275862068966,0.6088484597891255
YNL046W,0,-/0,-532.7025656700134,-22752.58704137802,87,0.016366065464261857,0.8448275862068966,0.6088484597891255
YPL183C,-1,0/-,-532.7194133996964,-41280.19698995352,348,0.016360601001669448,0.8448275862068966,0.6090551995038247
YBR186W,-1,-/-,-532.7550024986267,-23201.035566806793,87,0.016355140186915886,0.8448275862068966,0.6092619392185239
YGL238W,-1,-/-,-532.7583227157593,-25424.479082345963,87,0.016349683016349682,0.8448275862068966,0.6094686789332231
YAL021C,-1,-/-,-532.7629714012146,-24518.919785022736,87,0.016344229486324215,0.8448275862068966,0.6096754186479223
YLR401C,-1,-/-,-532.8384518623352,-24555.06796693802,87,0.01633877959319773,0.8448275862068966,0.6098821583626215
YCL056C,-1,0/-,-532.88838326931,-37648.53427833319,348,0.01633333333333333,0.8448275862068966,0.6100888980773207
YML024W,-1,-/-,-532.9210152626038,-25132.77516055107,87,0.016327890703098966,0.8448275862068966,0.6102956377920199
YMR228W,-1,0/-,-532.9639753103256,-40525.4382083416,348,0.01632245169886742,0.8448275862068966,0.6105023775067191
YKL191W,-1,-/-,-532.987461566925,-24406.44904232025,87,0.016317016317016316,0.8448275862068966,0.6107091172214182
YML085C,-1,-/-,-533.0004501342773,-25143.10083413124,87,0.016311584553928095,0.8448275862068966,0.6109158569361174
YJL127C,-1,-/-,-533.025908946991,-23990.240284204483,87,0.016306156405990018,0.8448275862068966,0.6111225966508166
YDR482C,-1,0/-,-533.0264037251472,-39894.473603218794,348,0.016300731869594146,0.8448275862068966,0.6113293363655158
YBR200W,-1,-/-,-533.0511224269867,-25491.459379673004,87,0.016295310941137345,0.8448275862068966,0.611536076080215
YJL178C,-1,-/-,-533.0931730270386,-24053.786393404007,87,0.016289893617021278,0.8448275862068966,0.6117428157949142
YMR221C,-1,0/-,-533.2381718158722,-36801.83509242535,348,0.016284479893652375,0.8448275862068966,0.6119495555096134
YDL045C,-1,+/-,-533.2588200569153,-27181.54402756691,86,0.01627906976744186,0.8448275862068966,0.6121562952243126
YJL190C,-1,-/-,-533.2669146060944,-25230.479512929916,87,0.016273663234805714,0.8448275862068966,0.6123630349390118
YDR415C,0,0/0,-533.2743682861328,-37222.86926674843,348,0.016273663234805714,0.8448275862068966,0.6123630349390118
YJR141W,-1,-/-,-533.3376681804657,-21980.059592962265,87,0.016268260292164674,0.8448275862068966,0.612569774653711
YMR047C,-1,-/-,-533.3394839763641,-24428.540932178497,87,0.016262860935944243,0.8448275862068966,0.6127765143684102
YOL095C,-1,-/-,-533.3976457118988,-24728.090625286102,87,0.01625746516257465,0.8448275862068966,0.6129832540831094
YCR044C,-1,-/-,-533.4147174358368,-25168.838911294937,87,0.01625207296849088,0.8448275862068966,0.6131899937978086
YJL027C,0,0/0,-533.4377456903458,-38085.05676031113,348,0.01625207296849088,0.8448275862068966,0.6131899937978086
YPL237W,-1,-/-,-533.458801984787,-24368.71395945549,87,0.016246684350132625,0.8448275862068966,0.6133967335125078
YNR021W,-1,0/-,-533.4830781817436,-37493.48864328861,348,0.016241299303944315,0.8448275862068966,0.613603473227207
YJR029W,-1,-/-,-533.4935536384583,-23173.544294834137,87,0.016235917826375082,0.8448275862068966,0.6138102129419062
YAL024C,-1,-/-,-533.5026860237122,-23558.08331179619,87,0.016230539913878766,0.8448275862068966,0.6140169526566054
YPR188C,-1,-/-,-533.5321712493896,-25667.69764840603,87,0.016225165562913906,0.8448275862068966,0.6142236923713045
YDR196C,-1,0/-,-533.5427139997482,-36605.14921569824,348,0.016219794769943726,0.8448275862068966,0.6144304320860037
YOR274W,-1,-/-,-533.5484893321991,-23805.54594898224,87,0.016214427531436135,0.8448275862068966,0.6146371718007029
YLR029C,-1,0/-,-533.6018072962761,-40970.912120975554,348,0.01620906384386371,0.8448275862068966,0.6148439115154021
YKL135C,-1,-/-,-533.645446062088,-25787.444433927536,87,0.016203703703703703,0.8448275862068966,0.6150506512301013
YKL019W,-1,-/-,-533.6928629875183,-24501.769567251205,87,0.016198347107438015,0.8448275862068966,0.6152573909448005
YML082W,0,0/0,-533.709341108799,-36511.40409249067,348,0.016198347107438015,0.8448275862068966,0.6152573909448005
YJL147C,0,0/0,-533.709983587265,-37985.447178304195,348,0.016198347107438015,0.8448275862068966,0.6152573909448005
YNL007C,-1,-/-,-533.8346132040024,-23802.650440335274,87,0.016192994051553205,0.8448275862068966,0.6154641306594997
YPR086W,-1,-/-,-533.8453896045685,-25821.803059101105,87,0.016187644532540468,0.8448275862068966,0.6156708703741989
YBL058W,-1,-/-,-533.8491902351379,-26048.229210615158,87,0.01618229854689564,0.8448275862068966,0.6158776100888981
YMR289W,1,0/+,-533.8499279618263,-39877.176324248314,348,0.01650709805216243,0.8620689655172413,0.6158776100888981
YPL192C,-1,-/-,-533.8639154434204,-23620.625437021255,87,0.0165016501650165,0.8620689655172413,0.6160843498035973
YHR067W,-1,-/-,-533.8769602775574,-25348.027816414833,87,0.01649620587264929,0.8620689655172413,0.6162910895182965
YNL075W,-1,-/-,-533.8821074962616,-24243.856693267822,87,0.016490765171503958,0.8620689655172413,0.6164978292329957
YLR363C,-1,-/-,-533.8837280273438,-24144.211461544037,87,0.016485328058028353,0.8620689655172413,0.6167045689476949
YBL003C,-1,-/-,-533.9070394039154,-24164.159653186798,87,0.016479894528675015,0.8620689655172413,0.6169113086623941
YLR441C,-1,0/-,-533.9368307590485,-40348.879988759756,348,0.016474464579901153,0.8620689655172413,0.6171180483770933
YGR271W,-1,0/-,-533.9728067517281,-41446.41380494833,348,0.016469038208168644,0.8620689655172413,0.6173247880917925
YEL053C,-1,-/-,-534.0445637702942,-25749.48344397545,87,0.016463615409944024,0.8620689655172413,0.6175315278064917
YJL013C,-1,-/-,-534.0451426506042,-23718.43124818802,87,0.016458196181698487,0.8620689655172413,0.6177382675211909
YLR144C,-1,-/-,-534.0782358646393,-25891.455679178238,87,0.016452780519907863,0.8620689655172413,0.61794500723589
YKR015C,0,0/0,-534.0795964002609,-39112.89068675041,348,0.016452780519907863,0.8620689655172413,0.61794500723589
YGL103W,-1,0/-,-534.0858049988747,-40796.729822695255,348,0.01644736842105263,0.8620689655172413,0.6181517469505892
YLR384C,-1,-/-,-534.109824180603,-25743.487967014313,87,0.01644195988161789,0.8620689655172413,0.6183584866652884
YNL122C,-1,0/-,-534.1282318234444,-37145.14606511593,348,0.01643655489809336,0.8620689655172413,0.6185652263799876
YCL045C,-1,0/-,-534.1455914974213,-37609.89369171858,348,0.01643115346697338,0.8620689655172413,0.6187719660946868
YKL154W,-1,-/-,-534.1697475910187,-24346.46990609169,87,0.0164257555847569,0.8620689655172413,0.618978705809386
YGL257C,-1,-/-,-534.1762902736664,-23109.18322968483,87,0.016420361247947456,0.8620689655172413,0.6191854455240852
YLR287C-A,-1,0/-,-534.1884097456932,-39982.46915060282,348,0.016414970453053186,0.8620689655172413,0.6193921852387844
YGR031W,-1,0/-,-534.1946849822998,-38092.29264819622,348,0.016409583196586808,0.8620689655172413,0.6195989249534836
YHR030C,-1,-/-,-534.2121260166168,-26149.480342388153,87,0.016404199475065617,0.8620689655172413,0.6198056646681828
YOR234C,-1,0/-,-534.2195945978165,-40524.36508637667,348,0.016398819285011478,0.8620689655172413,0.620012404382882
YLR410W,0,-/0,-534.2310168743134,-25058.33727002144,87,0.016398819285011478,0.8620689655172413,0.620012404382882
YDR480W,-1,-/-,-534.2479820251465,-26628.5064702034,87,0.01639344262295082,0.8620689655172413,0.6202191440975812
YHR032W,-1,0/-,-534.2562763690948,-36909.52176994085,348,0.01638806948541462,0.8620689655172413,0.6204258838122804
YJL207C,-1,-/-,-534.2588160037994,-23952.298330545425,87,0.0163826998689384,0.8620689655172413,0.6206326235269796
YDR441C,-1,0/-,-534.2625005245209,-40501.53102117777,348,0.016377333770062234,0.8620689655172413,0.6208393632416788
YNL035C,0,0/0,-534.2915669083595,-37166.81115734577,348,0.016377333770062234,0.8620689655172413,0.6208393632416788
YDR045C,-1,-/-,-534.3561965227127,-26392.67795598507,87,0.016371971185330715,0.8620689655172413,0.621046102956378
YNR061C,0,0/0,-534.4000259637833,-36555.253009438515,348,0.016371971185330715,0.8620689655172413,0.621046102956378
YDR352W,-1,0/-,-534.41945707798,-37217.81823563576,348,0.016366612111292964,0.8620689655172413,0.6212528426710772
YNR012W,-1,0/-,-534.4778547883034,-40337.970185399055,348,0.016361256544502618,0.8620689655172413,0.6214595823857763
YDL157C,0,0/0,-534.5356413125992,-37700.668402433395,348,0.016361256544502618,0.8620689655172413,0.6214595823857763
YOR061W,-1,-/-,-534.5451242923737,-24906.407117843628,87,0.016355904481517827,0.8620689655172413,0.6216663221004755
YPR107C,-1,-/-,-534.5466823577881,-24501.35199022293,87,0.016350555918901243,0.8620689655172413,0.6218730618151747
YLR353W,-1,-/-,-534.5727617740631,-25377.800441741943,87,0.016345210853220007,0.8620689655172413,0.6220798015298739
YOL128C,-1,-/-,-534.5905816555023,-24475.68379867077,87,0.016339869281045753,0.8620689655172413,0.622286541244573
YHL050C,0,0/0,-534.6052231788635,-38171.63325226307,348,0.016339869281045753,0.8620689655172413,0.622286541244573
YPL153C,-1,-/-,-534.6070005893707,-23745.136973381042,87,0.01633453119895459,0.8620689655172413,0.6224932809592723
YOR298C-A,-1,-/-,-534.6121060848236,-23261.90605688095,87,0.016329196603527107,0.8620689655172413,0.6227000206739715
YKL181W,-1,0/-,-534.6421956419945,-41245.338411569595,348,0.01632386549134835,0.8620689655172413,0.6229067603886707
YHR181W,-1,-/-,-534.6490888595581,-24807.421269655228,87,0.016318537859007835,0.8620689655172413,0.6231135001033699
YBR210W,-1,-/-,-534.657646894455,-25033.757558107376,87,0.01631321370309951,0.8620689655172413,0.623320239818069
YKL184W,1,0/+,-534.6675427556038,-39775.565649569035,348,0.016634050880626222,0.8793103448275862,0.623320239818069
YGL242C,0,0/0,-534.6823686361313,-37708.59238785505,348,0.016634050880626222,0.8793103448275862,0.623320239818069
YDR208W,-1,-/-,-534.6989228725433,-26029.290666103363,87,0.016628627323117054,0.8793103448275862,0.6235269795327683
YPR062W,-1,0/-,-534.7297824025154,-40010.5391613394,348,0.016623207301173403,0.8793103448275862,0.6237337192474675
YJR062C,0,0/0,-534.7418158054352,-39859.47826075554,348,0.016623207301173403,0.8793103448275862,0.6237337192474675
YER094C,-1,-/-,-534.7508668899536,-26690.297785520554,87,0.016617790811339198,0.8793103448275862,0.6239404589621667
YNL329C,-1,-/-,-534.763192653656,-25511.609026670456,87,0.016612377850162865,0.8793103448275862,0.6241471986768659
YNL282W,-1,-/-,-534.776026725769,-24458.148866653442,87,0.01660696841419733,0.8793103448275862,0.624353938391565
YML105C,-1,-/-,-534.7868421077728,-25098.225789785385,87,0.0166015625,0.8793103448275862,0.6245606781062643
YLR131C,-1,-/-,-534.9694740772247,-25099.393744945526,87,0.01659616010413277,0.8793103448275862,0.6247674178209635
YPL116W,-1,-/-,-535.023035287857,-24598.007380723953,87,0.016590761223162005,0.8793103448275862,0.6249741575356627
YLR433C,-1,-/-,-535.0273704528809,-24785.176187992096,87,0.016585365853658537,0.8793103448275862,0.6251808972503617
YGL107C,-1,0/-,-535.033757507801,-38725.912864655256,348,0.01657997399219766,0.8793103448275862,0.625387636965061
YIL096C,-1,0/-,-535.0352246761322,-36516.05927747488,348,0.016574585635359115,0.8793103448275862,0.6255943766797601
YMR209C,0,0/0,-535.0500175356865,-36758.498031556606,348,0.016574585635359115,0.8793103448275862,0.6255943766797601
YKR087C,-1,-/-,-535.1017255783081,-25490.821572065353,87,0.016569200779727095,0.8793103448275862,0.6258011163944593
YBL088C,-1,-/-,-535.1043016910553,-25049.248982667923,87,0.016563819421890225,0.8793103448275862,0.6260078561091585
YCL005W,-1,0/-,-535.105585694313,-40369.86270710826,348,0.016558441558441557,0.8793103448275862,0.6262145958238577
YNL054W,-1,-/-,-535.123957157135,-25505.562769651413,87,0.016553067185978577,0.8793103448275862,0.626421335538557
YNL252C,-1,0/-,-535.142092704773,-38667.07340991497,348,0.01654769630110318,0.8793103448275862,0.6266280752532561
YER104W,-1,-/-,-535.1549854278564,-24169.049968481064,87,0.016542328900421666,0.8793103448275862,0.6268348149679553
YJR140C,-1,-/-,-535.1705560684204,-25250.61062526703,87,0.016536964980544747,0.8793103448275862,0.6270415546826545
YGR238C,-1,-/-,-535.1755442619324,-25281.86949944496,87,0.01653160453808752,0.8793103448275862,0.6272482943973537
YGR015C,-1,0/-,-535.2439897060394,-37612.57129192352,348,0.016526247569669476,0.8793103448275862,0.627455034112053
YIR026C,-1,-/-,-535.3147132396698,-25261.328350305557,87,0.01652089407191448,0.8793103448275862,0.6276617738267521
YMR218C,-1,-/-,-535.3219428062439,-24406.459132432938,87,0.016515544041450777,0.8793103448275862,0.6278685135414513
YPL055C,-1,-/-,-535.3324861526489,-25258.16312599182,87,0.016510197474910976,0.8793103448275862,0.6280752532561505
YJR063W,-1,-/-,-535.3422846794128,-26622.11311364174,87,0.01650485436893204,0.8793103448275862,0.6282819929708497
YPL039W,0,0/0,-535.3500608205795,-37344.87398338318,348,0.01650485436893204,0.8793103448275862,0.6282819929708497
YOR296W,0,0/0,-535.381605386734,-38515.797697365284,348,0.01650485436893204,0.8793103448275862,0.6282819929708497
YDR336W,0,0/0,-535.3920782804489,-38130.440527021885,348,0.01650485436893204,0.8793103448275862,0.6282819929708497
YDR198C,-1,-/-,-535.3990142345428,-25498.538766622543,87,0.01649951472015529,0.8793103448275862,0.628488732685549
YBR173C,-1,-/-,-535.4228775501251,-25910.588876128197,87,0.016494178525226392,0.8793103448275862,0.628695472400248
YGR224W,-1,-/-,-535.5466675758362,-23859.646617889404,87,0.016488845780795344,0.8793103448275862,0.6289022121149472
YPR153W,-1,0/-,-535.5956749916077,-37968.78977817297,348,0.016483516483516484,0.8793103448275862,0.6291089518296464
YLL067C,0,0/0,-535.6001111268997,-37773.71901550889,348,0.016483516483516484,0.8793103448275862,0.6291089518296464
YGL240W,-1,-/-,-535.6092722415924,-22537.628261089325,87,0.016478190630048465,0.8793103448275862,0.6293156915443456
YOR284W,0,-/0,-535.645037651062,-25535.98624753952,87,0.016478190630048465,0.8793103448275862,0.6293156915443456
YIR001C,0,0/0,-535.6624297499657,-40841.648388147354,348,0.016478190630048465,0.8793103448275862,0.6293156915443456
YBR138C,0,0/0,-535.6810469031334,-39152.41290050745,348,0.016478190630048465,0.8793103448275862,0.6293156915443456
YKR057W,-1,-/-,-535.7037754058838,-24874.685017347336,87,0.016472868217054265,0.8793103448275862,0.6295224312590448
YMR126C,0,0/0,-535.7706665694714,-39051.03431561589,348,0.016472868217054265,0.8793103448275862,0.6295224312590448
YDL130W,-1,-/-,-535.7753977775574,-24629.998776435852,87,0.01646754924120116,0.8793103448275862,0.629729170973744
YOL049W,0,-/0,-535.7873258590698,-25324.47708106041,87,0.01646754924120116,0.8793103448275862,0.629729170973744
YLR253W,-1,0/-,-535.8216261863708,-37879.033892571926,348,0.01646223369916075,0.8793103448275862,0.6299359106884432
YFL012W,0,0/0,-535.8433789014816,-37376.76721775532,348,0.01646223369916075,0.8793103448275862,0.6299359106884432
YLR415C,0,0/0,-535.8654556274414,-38353.81719738245,348,0.01646223369916075,0.8793103448275862,0.6299359106884432
YNL146W,0,0/0,-535.8703972101212,-38285.2105782032,348,0.01646223369916075,0.8793103448275862,0.6299359106884432
YKL074C,-1,-/-,-535.8739142417908,-25782.648374319077,87,0.016456921587608905,0.8793103448275862,0.6301426504031424
YHR201C,0,0/0,-535.8930821418762,-39645.65287294984,348,0.016456921587608905,0.8793103448275862,0.6301426504031424
YOL022C,-1,0/-,-535.898869395256,-36072.75138023496,348,0.016451612903225808,0.8793103448275862,0.6303493901178416
YDR161W,-1,0/-,-535.9041244983673,-36321.49521309137,348,0.016446307642695904,0.8793103448275862,0.6305561298325408
YJR123W,-1,0/-,-535.9117792844772,-40900.4005022645,348,0.01644100580270793,0.8793103448275862,0.63076286954724
YHR084W,-1,-/-,-535.9277112483978,-24218.531015396118,87,0.01643570737995488,0.8793103448275862,0.6309696092619392
YLR063W,-1,0/-,-535.9278953075409,-36739.82032132149,348,0.01643041237113402,0.8793103448275862,0.6311763489766384
YGL098W,-1,-/-,-535.9292378425598,-25950.69376015663,87,0.01642512077294686,0.8793103448275862,0.6313830886913376
YGL251C,-1,-/-,-535.9381432533264,-23560.291206359863,87,0.016419832582099163,0.8793103448275862,0.6315898284060368
YGR017W,0,0/0,-535.988691329956,-37008.728553295135,348,0.016419832582099163,0.8793103448275862,0.6315898284060368
YBL011W,-1,-/-,-536.0115549564362,-24040.802100419998,87,0.016414547795300934,0.8793103448275862,0.631796568120736
YLR039C,-1,-/-,-536.0155000686646,-24213.93054127693,87,0.016409266409266408,0.8793103448275862,0.6320033078354352
YER074W,-1,0/-,-536.0551147460938,-40253.42239573598,348,0.016403988420714055,0.8793103448275862,0.6322100475501344
YML081W,-1,0/-,-536.1053378582001,-37155.61288636923,348,0.01639871382636656,0.8793103448275862,0.6324167872648335
YNL025C,-1,-/-,-536.1237578392029,-25547.097438573837,87,0.01639344262295082,0.8793103448275862,0.6326235269795327
YJR046W,-1,-/-,-536.1658473014832,-23233.853494405746,87,0.016388174807197942,0.8793103448275862,0.6328302666942319
YOL098C,0,0/0,-536.1819179058075,-37787.57435798645,348,0.016388174807197942,0.8793103448275862,0.6328302666942319
YGL100W,-1,-/-,-536.2001423835754,-25059.177325725555,87,0.01638291037584324,0.8793103448275862,0.6330370064089311
YER137C,0,0/0,-536.2564735412598,-38222.141413629055,348,0.01638291037584324,0.8793103448275862,0.6330370064089311
YGR089W,0,-/0,-536.2758479118347,-24063.826325416565,87,0.01638291037584324,0.8793103448275862,0.6330370064089311
YER092W,-1,0/-,-536.2949006557465,-40490.63934066892,348,0.016377649325626204,0.8793103448275862,0.6332437461236303
YDR388W,-1,-/-,-536.3909161090851,-26487.256705760956,87,0.01637239165329053,0.8793103448275862,0.6334504858383295
YNL022C,-1,0/-,-536.4187081456184,-36554.22326755524,348,0.016367137355584083,0.8793103448275862,0.6336572255530287
YGL254W,-1,-/-,-536.4500358104706,-24843.414709091187,87,0.016361886429258902,0.8793103448275862,0.6338639652677279
YOR217W,-1,-/-,-536.4633276462555,-25568.189702510834,87,0.0163566388710712,0.8793103448275862,0.6340707049824271
YMR010W,-1,0/-,-536.4852821230888,-37973.145736157894,348,0.01635139467778134,0.8793103448275862,0.6342774446971263
YNL181W,0,0/0,-536.4927619695663,-37333.49971270561,348,0.01635139467778134,0.8793103448275862,0.6342774446971263
YNR062C,0,0/0,-536.5010932683945,-37929.628647863865,348,0.01635139467778134,0.8793103448275862,0.6342774446971263
YOR213C,-1,-/-,-536.5727758407593,-25874.602031946182,87,0.016346153846153847,0.8793103448275862,0.6344841844118255
YLR146C,1,0/+,-536.5988784432411,-41028.71180173755,348,0.016661326497917333,0.896551724137931,0.6344841844118255
YKL112W,-1,-/-,-536.6175038814545,-24353.990390062332,87,0.016655989750160152,0.896551724137931,0.6346909241265247
YNL033W,0,0/0,-536.6296608448029,-38760.03228235245,348,0.016655989750160152,0.896551724137931,0.6346909241265247
YOR295W,-1,-/-,-536.631710767746,-23117.872202455997,87,0.01665065642010887,0.896551724137931,0.6348976638412239
YMR259C,-1,0/-,-536.6507136821747,-36768.17088705301,348,0.016645326504481434,0.896551724137931,0.6351044035559231
YGL101W,-1,0/-,-536.6512128710747,-37207.171542704105,348,0.01664,0.896551724137931,0.6353111432706223
YOR021C,-1,0/-,-536.709973692894,-36560.581718206406,348,0.016634676903390915,0.896551724137931,0.6355178829853215
YML019W,-1,-/-,-536.7319247722626,-24654.20056962967,87,0.016629357211384713,0.896551724137931,0.6357246227000207
YJL109C,-1,-/-,-536.7351641654968,-24778.164116621017,87,0.016624040920716114,0.896551724137931,0.6359313624147198
YOR085W,-1,-/-,-536.751610994339,-24434.34028482437,87,0.016618728028124002,0.896551724137931,0.636138102129419
YDR429C,-1,-/-,-536.8264906406403,-24577.123576641083,87,0.016613418530351438,0.896551724137931,0.6363448418441182
YLR143W,-1,0/-,-536.8322401046753,-37420.73785239458,348,0.01660811242414564,0.896551724137931,0.6365515815588174
YDR027C,-1,-/-,-536.8334140777588,-24261.894137859344,87,0.016602809706257982,0.896551724137931,0.6367583212735166
YHR218W,0,0/0,-536.8540418148041,-38089.159133434296,348,0.016602809706257982,0.896551724137931,0.6367583212735166
YDR130C,-1,-/-,-536.9247119426727,-24151.377259492874,87,0.016597510373443983,0.896551724137931,0.6369650609882158
YIL092W,0,0/0,-536.9365478754044,-38110.983881890774,348,0.016597510373443983,0.896551724137931,0.6369650609882158
YER080W,0,0/0,-536.9813088774681,-40937.02845689654,348,0.016597510373443983,0.896551724137931,0.6369650609882158
YDR091C,-1,-/-,-536.9856472015381,-25193.241331100464,87,0.016592214422463305,0.896551724137931,0.637171800702915
YBR042C,-1,-/-,-536.9886095523834,-24031.520389556885,87,0.016586921850079744,0.896551724137931,0.6373785404176142
YDR486C,-1,-/-,-537.0266737937927,-26036.002192497253,87,0.016581632653061226,0.896551724137931,0.6375852801323134
YGR014W,-1,-/-,-537.0938019752502,-24665.35226368904,87,0.01657634682817979,0.896551724137931,0.6377920198470126
YDL209C,-1,-/-,-537.1795711517334,-23723.787638425827,87,0.0165710643722116,0.896551724137931,0.6379987595617118
YBL027W,-1,0/-,-537.1799834370613,-40778.89060822129,348,0.01656578528193692,0.896551724137931,0.638205499276411
YIL029C,0,-/0,-537.1850280761719,-23097.040350914,87,0.01656578528193692,0.896551724137931,0.638205499276411
YGR063C,-1,-/-,-537.214118719101,-24263.604116916656,87,0.016560509554140127,0.896551724137931,0.6384122389911102
YGR007W,-1,-/-,-537.2484910488129,-25939.854471206665,87,0.016555237185609677,0.896551724137931,0.6386189787058094
YJR054W,-1,0/-,-537.2525562047958,-37806.18392497301,348,0.016549968173138127,0.896551724137931,0.6388257184205086
YLR212C,-1,-/-,-537.3124151229858,-24906.18908572197,87,0.01654470251352211,0.896551724137931,0.6390324581352078
YLR199C,0,0/0,-537.3268153071404,-41050.56670463085,348,0.01654470251352211,0.896551724137931,0.6390324581352078
YLR397C,-1,-/-,-537.3297309875488,-25735.80972981453,87,0.01653944020356234,0.896551724137931,0.639239197849907
YBR205W,-1,-/-,-537.3434932231903,-24013.619303703308,87,0.016534181240063592,0.896551724137931,0.6394459375646062
YGL262W,0,0/0,-537.3537002801895,-38082.21194469929,348,0.016534181240063592,0.896551724137931,0.6394459375646062
YDR444W,-1,0/-,-537.3707493543625,-37337.4489364624,348,0.01652892561983471,0.896551724137931,0.6396526772793053
YGR105W,0,0/0,-537.3732720017433,-39776.485161185265,348,0.01652892561983471,0.896551724137931,0.6396526772793053
YER036C,-1,-/-,-537.3819770812988,-24991.85469698906,87,0.016523673339688592,0.896551724137931,0.6398594169940045
YOL130W,-1,-/-,-537.4202885627747,-24405.671994924545,87,0.016518424396442185,0.896551724137931,0.6400661567087037
YGR148C,-1,0/-,-537.4746875166893,-40882.81490904093,348,0.01651317878691648,0.896551724137931,0.6402728964234029
YGL228W,-1,0/-,-537.5137004852295,-40643.4694904089,348,0.01650793650793651,0.896551724137931,0.6404796361381021
YGL108C,0,0/0,-537.5519653558731,-38440.02785265446,348,0.01650793650793651,0.896551724137931,0.6404796361381021
YBR125C,-1,0/-,-537.6337861716747,-42339.54397198558,348,0.016502697556331325,0.896551724137931,0.6406863758528013
YOL053C-A,-1,0/-,-537.6635991334915,-41693.49578136206,348,0.01649746192893401,0.896551724137931,0.6408931155675005
YEL023C,0,0/0,-537.6854724287987,-38123.23501086235,348,0.01649746192893401,0.896551724137931,0.6408931155675005
YJL173C,-1,-/-,-537.7170224189758,-24914.73934531212,87,0.016492229622581667,0.896551724137931,0.6410998552821997
YNL091W,-1,-/-,-537.7256915569305,-24910.11392879486,87,0.016487000634115408,0.896551724137931,0.6413065949968989
YFR006W,0,0/0,-537.7596185207367,-37753.43819898367,348,0.016487000634115408,0.896551724137931,0.6413065949968989
YNL099C,-1,-/-,-537.7614367008209,-25437.653742074966,87,0.01648177496038035,0.896551724137931,0.6415133347115981
YDR218C,-1,-/-,-537.777086019516,-22773.414066553116,87,0.016476552598225603,0.896551724137931,0.6417200744262973
YGR185C,-1,-/-,-537.8055729866028,-24550.004955649376,87,0.016471333544504276,0.896551724137931,0.6419268141409965
YHR129C,-1,-/-,-537.8506820201874,-24544.647417783737,87,0.016466117796073463,0.896551724137931,0.6421335538556957
YFR016C,-1,0/-,-537.9084652662277,-38598.560405910015,348,0.01646090534979424,0.896551724137931,0.6423402935703949
YOR219C,-1,0/-,-537.9448750019073,-41319.222262978554,348,0.016455696202531647,0.896551724137931,0.6425470332850941
YJR031C,-1,-/-,-537.9759111404419,-24612.006385564804,87,0.016450490351154697,0.896551724137931,0.6427537729997933
YNR063W,-1,0/-,-537.9934815168381,-38642.824819266796,348,0.01644528779253637,0.896551724137931,0.6429605127144925
YIL020C,0,0/0,-538.0205054283142,-40613.14785307646,348,0.01644528779253637,0.896551724137931,0.6429605127144925
YNL124W,-1,0/-,-538.1319043040276,-39827.333948254585,348,0.016440088523553588,0.896551724137931,0.6431672524291916
YMR133W,-1,-/-,-538.2808618545532,-22279.771067619324,87,0.01643489254108723,0.896551724137931,0.6433739921438908
YEL064C,-1,0/-,-538.2854136824608,-39401.1064594388,348,0.016429699842022118,0.896551724137931,0.64358073185859
YGR218W,-1,-/-,-538.345721244812,-24016.33774828911,87,0.016424510423247,0.896551724137931,0.6437874715732892
YOR322C,-1,-/-,-538.4096176624298,-27161.633162260056,87,0.016419324281654563,0.896551724137931,0.6439942112879884
YKL046C,-1,-/-,-538.4245607852936,-25625.921059131622,87,0.016414141414141416,0.896551724137931,0.6442009510026876
YBL024W,-1,-/-,-538.4258589744568,-24837.368721723557,87,0.016408961817608078,0.896551724137931,0.6444076907173868
YGR122W,-1,-/-,-538.4514751434326,-23548.596180438995,87,0.016403785488958992,0.896551724137931,0.644614430432086
YBL104C,-1,0/-,-538.4551136493683,-40790.14608168602,348,0.01639861242510249,0.896551724137931,0.6448211701467852
YKL025C,-1,-/-,-538.466091632843,-25644.71433854103,87,0.01639344262295082,0.896551724137931,0.6450279098614844
YPL121C,-1,-/-,-538.5092911720276,-22620.425535678864,87,0.016388276079420106,0.896551724137931,0.6452346495761836
YLR260W,-1,-/-,-538.5124399662018,-25397.587781190872,87,0.01638311279143037,0.896551724137931,0.6454413892908828
YNR033W,1,-/+,-538.5216760635376,-26911.79184794426,87,0.01669291338582677,0.9137931034482759,0.6454413892908828
YJL162C,-1,0/-,-538.5541165471077,-38550.136446759105,348,0.016687657430730477,0.9137931034482759,0.645648129005582
YAL018C,-1,0/-,-538.5552285909653,-37707.31129390001,348,0.01668240478438779,0.9137931034482759,0.6458548687202812
YMR260C,-1,-/-,-538.5656785964966,-24025.142981529236,87,0.01667715544367527,0.9137931034482759,0.6460616084349804
YBL092W,-1,0/-,-538.6661867499352,-39204.073301017284,348,0.01667190940547342,0.9137931034482759,0.6462683481496796
YGR071C,-1,0/-,-538.6770571470261,-38382.347495794296,348,0.016666666666666666,0.9137931034482759,0.6464750878643788
YCL024W,-1,-/-,-538.6811499595642,-25975.765904426575,87,0.016661427224143353,0.9137931034482759,0.646681827579078
YOR095C,1,+/+,-538.7825677394867,-23697.949169516563,86,0.01697045883092395,0.9310344827586207,0.646681827579078
YPR174C,0,0/0,-538.8120183944702,-36812.35079455376,348,0.01697045883092395,0.9310344827586207,0.646681827579078
YDL150W,-1,-/-,-538.8648948669434,-24618.26481294632,87,0.016965127238454288,0.9310344827586207,0.6468885672937771
YDL143W,-1,-/-,-538.8769567012787,-24981.674337387085,87,0.016959798994974875,0.9310344827586207,0.6470953070084763
YGL028C,-1,-/-,-538.8904433250427,-22819.135260105133,87,0.01695447409733124,0.9310344827586207,0.6473020467231755
YGR210C,0,0/0,-538.9134829044342,-36738.8153000772,348,0.01695447409733124,0.9310344827586207,0.6473020467231755
YMR109W,-1,-/-,-538.9427361488342,-24923.444444179535,87,0.01694915254237288,0.9310344827586207,0.6475087864378747
YML046W,-1,-/-,-538.974859714508,-24236.574726819992,87,0.016943834326953247,0.9310344827586207,0.6477155261525739
YBL050W,-1,-/-,-538.9831490516663,-26178.424413204193,87,0.016938519447929738,0.9310344827586207,0.6479222658672731
YDL167C,0,0/0,-539.0244755744934,-39082.77725815773,348,0.016938519447929738,0.9310344827586207,0.6479222658672731
YDR374C,-1,0/-,-539.0714830160141,-37957.09763109684,348,0.016933207902163686,0.9310344827586207,0.6481290055819723
YBR112C,-1,-/-,-539.1179180145264,-25090.92535686493,87,0.016927899686520375,0.9310344827586207,0.6483357452966715
YKL189W,-1,-/-,-539.1183593273163,-26665.959057211876,87,0.016922594797869006,0.9310344827586207,0.6485424850113707
YER123W,-1,-/-,-539.148594379425,-25326.2109708786,87,0.016917293233082706,0.9310344827586207,0.6487492247260699
YGL153W,-1,-/-,-539.1712110042572,-24777.78671193123,87,0.01691199498903852,0.9310344827586207,0.6489559644407691
YOR365C,-1,0/-,-539.1786482930183,-38464.00743341446,348,0.016906700062617408,0.9310344827586207,0.6491627041554683
YER027C,-1,-/-,-539.1849474906921,-24234.787362337112,87,0.016901408450704224,0.9310344827586207,0.6493694438701675
YHR039C-A,-1,-/-,-539.2142248153687,-24409.218105793,87,0.016896120150187734,0.9310344827586207,0.6495761835848667
YJL146W,-1,-/-,-539.2203326225281,-24289.76878261566,87,0.01689083515796059,0.9310344827586207,0.6497829232995659
YIL161W,0,0/0,-539.2269104719162,-37639.352319419384,348,0.01689083515796059,0.9310344827586207,0.6497829232995659
YPR060C,0,0/0,-539.2280123233795,-41452.58519458771,348,0.01689083515796059,0.9310344827586207,0.6497829232995659
YHR099W,-1,-/-,-539.2394556999207,-24799.18371963501,87,0.016885553470919325,0.9310344827586207,0.6499896630142651
YER122C,-1,-/-,-539.2413055896759,-25048.67913031578,87,0.016880275085964364,0.9310344827586207,0.6501964027289643
YDL120W,-1,-/-,-539.3521027565002,-24941.99066376686,87,0.016875,0.9310344827586207,0.6504031424436634
YBR288C,-1,-/-,-539.3716003894806,-25509.849306106567,87,0.016869728209934397,0.9310344827586207,0.6506098821583626
YBL006C,-1,-/-,-539.4522681236267,-24842.932007074356,87,0.016864459712679577,0.9310344827586207,0.6508166218730618
YOR116C,-1,-/-,-539.5037081241608,-24539.929251194,87,0.01685919450515142,0.9310344827586207,0.651023361587761
YGL049C,-1,-/-,-539.541924238205,-25654.86672616005,87,0.016853932584269662,0.9310344827586207,0.6512301013024602
YER019C-A,-1,-/-,-539.5467712879181,-24284.460671901703,87,0.016848673946957878,0.9310344827586207,0.6514368410171594
YNL243W,-1,-/-,-539.5918035507202,-26453.577044725418,87,0.01684341859014348,0.9310344827586207,0.6516435807318586
YLL048C,-1,0/-,-539.6040241718292,-40986.98608356714,348,0.01683816651075772,0.9310344827586207,0.6518503204465578
YER148W,-1,-/-,-539.622859954834,-26270.213753938675,87,0.01683291770573566,0.9310344827586207,0.652057060161257
YOL088C,-1,-/-,-539.6776742935181,-25425.06850516796,87,0.016827672172016205,0.9310344827586207,0.6522637998759562
YNL062C,-1,-/-,-539.7503283023834,-26851.130682468414,87,0.016822429906542057,0.9310344827586207,0.6524705395906554
YDR362C,-1,-/-,-539.769994020462,-25108.26147723198,87,0.016817190906259733,0.9310344827586207,0.6526772793053546
YMR286W,-1,0/-,-539.7877815365791,-39174.47328054905,348,0.016811955168119553,0.9310344827586207,0.6528840190200538
YBR290W,-1,-/-,-539.8041207790375,-26025.651060581207,87,0.01680672268907563,0.9310344827586207,0.653090758734753
YOR051C,-1,0/-,-539.8074793219566,-41289.547698140144,348,0.016801493466085875,0.9310344827586207,0.6532974984494522
YBR141C,-1,0/-,-539.807664513588,-37448.5322791934,348,0.016796267496111975,0.9310344827586207,0.6535042381641514
YER173W,-1,-/-,-539.8108549118042,-25346.085716485977,87,0.016791044776119403,0.9310344827586207,0.6537109778788506
YCL068C,0,0/0,-539.8200669288635,-38077.454561293125,348,0.016791044776119403,0.9310344827586207,0.6537109778788506
YPL125W,0,-/0,-539.845664024353,-25956.914974212646,87,0.016791044776119403,0.9310344827586207,0.6537109778788506
YAR002W,-1,-/-,-539.8475091457367,-25712.252970933914,87,0.0167858253030774,0.9310344827586207,0.6539177175935498
YOR109W,-1,-/-,-539.8543195724487,-23965.760662794113,87,0.01678060907395898,0.9310344827586207,0.6541244573082489
YMR036C,-1,-/-,-539.858475446701,-25851.613367795944,87,0.016775396085740912,0.9310344827586207,0.6543311970229481
YPL008W,-1,-/-,-539.8734674453735,-25678.401293992996,87,0.016770186335403725,0.9310344827586207,0.6545379367376473
YNL298W,-1,-/-,-539.8797647953033,-25524.098895072937,87,0.016764979819931698,0.9310344827586207,0.6547446764523465
YJR117W,-1,0/-,-539.8947826623917,-38555.40487164259,348,0.01675977653631285,0.9310344827586207,0.6549514161670457
YLR057W,-1,0/-,-539.9114346504211,-37492.179881453514,348,0.016754576481538937,0.9310344827586207,0.6551581558817449
YDR302W,-1,-/-,-539.950788974762,-24301.361574411392,87,0.016749379652605458,0.9310344827586207,0.6553648955964441
YMR048W,-1,-/-,-539.9604303836823,-24501.642595767975,87,0.01674418604651163,0.9310344827586207,0.6555716353111433
YPR017C,-1,-/-,-539.9704418182373,-25442.56492137909,87,0.016738995660260384,0.9310344827586207,0.6557783750258425
YHR100C,-1,0/-,-540.0013135671616,-37424.256581664085,348,0.01673380849085838,0.9310344827586207,0.6559851147405417
YOR312C,-1,0/-,-540.0714047551155,-40647.744082540274,348,0.016728624535315983,0.9310344827586207,0.6561918544552409
YDR188W,-1,-/-,-540.072226524353,-26068.47699737549,87,0.01672344379064726,0.9310344827586207,0.6563985941699401
YCR054C,0,0/0,-540.0908898413181,-40451.622794896364,348,0.01672344379064726,0.9310344827586207,0.6563985941699401
YJL004C,-1,-/-,-540.1245062351227,-24163.033221006393,87,0.01671826625386997,0.9310344827586207,0.6566053338846393
YOR212W,-1,-/-,-540.1277904510498,-24461.925039291382,87,0.016713091922005572,0.9310344827586207,0.6568120735993385
YDL077C,-1,-/-,-540.1921181678772,-26406.94062590599,87,0.01670792079207921,0.9310344827586207,0.6570188133140377
YHL026C,0,0/0,-540.2003828287125,-38362.31691861153,348,0.01670792079207921,0.9310344827586207,0.6570188133140377
YMR161W,-1,-/-,-540.2376546859741,-24154.621463775635,87,0.016702752861119705,0.9310344827586207,0.6572255530287369
YCR047C,-1,-/-,-540.262969493866,-25337.635099172592,87,0.016697588126159554,0.9310344827586207,0.6574322927434361
YDL031W,-1,-/-,-540.2808089256287,-25528.422073364258,87,0.01669242658423493,0.9310344827586207,0.6576390324581352
YGR163W,-1,-/-,-540.4005188941956,-25478.722425937653,87,0.01668726823238566,0.9310344827586207,0.6578457721728344
YDL217C,-1,-/-,-540.4769835472107,-24650.840267062187,87,0.016682113067655237,0.9310344827586207,0.6580525118875336
YNL001W,-1,-/-,-540.4879586696625,-24422.156914949417,87,0.016676961087090797,0.9310344827586207,0.6582592516022328
YGL022W,-1,-/-,-540.5048913955688,-25886.05455493927,87,0.01667181228774313,0.9310344827586207,0.658465991316932
YBR188C,-1,-/-,-540.5529925823212,-25062.29812145233,87,0.016666666666666666,0.9310344827586207,0.6586727310316312
YLR114C,-1,-/-,-540.5560023784637,-25236.40050792694,87,0.01666152422091947,0.9310344827586207,0.6588794707463304
YJL028W,0,0/0,-540.5878630280495,-38493.102787315845,348,0.01666152422091947,0.9310344827586207,0.6588794707463304
YDR370C,-1,0/-,-540.6715530157089,-37514.480754971504,348,0.016656384947563233,0.9310344827586207,0.6590862104610296
YJR030C,0,0/0,-540.6878876686096,-38557.550686240196,348,0.016656384947563233,0.9310344827586207,0.6590862104610296
YPL283C,-1,-/-,-540.7037320137024,-25046.289697885513,87,0.016651248843663275,0.9310344827586207,0.6592929501757288
YGL005C,-1,-/-,-540.7079861164093,-25654.360253572464,87,0.016646115906288533,0.9310344827586207,0.659499689890428
YNL080C,-1,-/-,-540.7748785018921,-24931.377861261368,87,0.016640986132511557,0.9310344827586207,0.6597064296051272
YHR035W,-1,0/-,-540.8599981069565,-38403.006639540195,348,0.0166358595194085,0.9310344827586207,0.6599131693198264
YDR065W,-1,-/-,-540.8989691734314,-22701.757927656174,87,0.016630736064059133,0.9310344827586207,0.6601199090345256
YKL130C,-1,-/-,-540.9584646224976,-24044.845230340958,87,0.0166256157635468,0.9310344827586207,0.6603266487492248
YML124C,-1,-/-,-540.9758560657501,-25938.749662160873,87,0.01662049861495845,0.9310344827586207,0.660533388463924
YML108W,0,0/0,-540.9831838607788,-37844.24649333954,348,0.01662049861495845,0.9310344827586207,0.660533388463924
YER169W,-1,-/-,-541.0185425281525,-25987.981755256653,87,0.016615384615384615,0.9310344827586207,0.6607401281786232
YJL204C,-1,-/-,-541.0193502902985,-25047.60642695427,87,0.016610273761919408,0.9310344827586207,0.6609468678933224
YPL234C,-1,-/-,-541.0253705978394,-24201.31324505806,87,0.016605166051660517,0.9310344827586207,0.6611536076080216
YML060W,-1,-/-,-541.0272550582886,-24930.40651154518,87,0.016600061481709193,0.9310344827586207,0.6613603473227206
YMR242C,-1,0/-,-541.1498720645905,-41400.70953732729,348,0.016594960049170254,0.9310344827586207,0.6615670870374198
YAL055W,-1,-/-,-541.159432888031,-23096.00799846649,87,0.016589861751152075,0.9310344827586207,0.661773826752119
YFR032C,0,0/0,-541.1746846437454,-36661.170545876026,348,0.016589861751152075,0.9310344827586207,0.661773826752119
YAL042W,-1,-/-,-541.1988663673401,-26428.352617502213,87,0.016584766584766583,0.9310344827586207,0.6619805664668182
YLR162W,0,0/0,-541.2000114917755,-38430.4028826952,348,0.016584766584766583,0.9310344827586207,0.6619805664668182
YKR068C,-1,-/-,-541.2292695045471,-24880.04116487503,87,0.01657967454712926,0.9310344827586207,0.6621873061815174
YFL024C,-1,-/-,-541.2456889152527,-23217.762149095535,87,0.016574585635359115,0.9310344827586207,0.6623940458962166
YJR017C,-1,-/-,-541.2602033615112,-25387.759630680084,87,0.016569499846578704,0.9310344827586207,0.6626007856109158
YDR409W,-1,-/-,-541.2637989521027,-25387.451207876205,87,0.016564417177914112,0.9310344827586207,0.662807525325615
YOL139C,-1,-/-,-541.2640240192413,-24701.28022480011,87,0.01655933762649494,0.9310344827586207,0.6630142650403142
YFR037C,-1,-/-,-541.2809705734253,-24632.367972373962,87,0.01655426118945432,0.9310344827586207,0.6632210047550134
YML096W,0,0/0,-541.2850835323334,-36617.2878177762,348,0.01655426118945432,0.9310344827586207,0.6632210047550134
YHR059W,-1,-/-,-541.2978200912476,-25538.111363887787,87,0.0165491878639289,0.9310344827586207,0.6634277444697126
YCR008W,-1,-/-,-541.3307762145996,-24694.954253435135,87,0.016544117647058824,0.9310344827586207,0.6636344841844118
YAL011W,-1,-/-,-541.3660092353821,-25157.391335248947,87,0.01653905053598775,0.9310344827586207,0.663841223899111
YDR459C,-1,-/-,-541.3841423988342,-25349.434697389603,87,0.01653398652786283,0.9310344827586207,0.6640479636138102
YDL134C,-1,-/-,-541.3864970207214,-26394.874930143356,87,0.01652892561983471,0.9310344827586207,0.6642547033285094
YKL140W,-1,-/-,-541.4325776100159,-24883.37898349762,87,0.016523867809057527,0.9310344827586207,0.6644614430432086
YBR085C-A,0,0/0,-541.4460030198097,-39009.157806515694,348,0.016523867809057527,0.9310344827586207,0.6644614430432086
YOL144W,-1,-/-,-541.4702999591827,-25682.834219932556,87,0.016518813092688895,0.9310344827586207,0.6646681827579078
YMR224C,-1,-/-,-541.4708299636841,-24646.45944929123,87,0.01651376146788991,0.9310344827586207,0.6648749224726069
YDL098C,-1,-/-,-541.5129225254059,-25853.738055467606,87,0.01650871293182513,0.9310344827586207,0.6650816621873061
YHL022C,-1,-/-,-541.5323555469513,-23088.871966838837,87,0.01650366748166259,0.9310344827586207,0.6652884019020053
YBR246W,-1,0/-,-541.5347880125046,-37311.20464736223,348,0.016498625114573784,0.9310344827586207,0.6654951416167045
YLR292C,-1,-/-,-541.5812592506409,-25756.851239681244,87,0.016493585827733658,0.9310344827586207,0.6657018813314037
YKR090W,-1,-/-,-541.5830111503601,-24184.27347588539,87,0.01648854961832061,0.9310344827586207,0.6659086210461029
YNL309W,-1,-/-,-541.6062717437744,-24278.238063097,87,0.016483516483516484,0.9310344827586207,0.6661153607608021
YFR009W,-1,-/-,-541.6071753501892,-24359.647797107697,87,0.01647848642050656,0.9310344827586207,0.6663221004755013
YBL112C,0,0/0,-541.620579957962,-38373.7409748435,348,0.01647848642050656,0.9310344827586207,0.6663221004755013
YPL243W,-1,-/-,-541.6763339042664,-24019.33176612854,87,0.01647345942647956,0.9310344827586207,0.6665288401902005
YDR424C,-1,-/-,-541.698716878891,-24277.075420856476,87,0.01646843549862763,0.9310344827586207,0.6667355799048997
YLL054C,-1,0/-,-541.7050521373749,-37975.00036138296,348,0.016463414634146342,0.9310344827586207,0.6669423196195989
YAL064W,0,0/0,-541.8086158037186,-38712.014143168926,348,0.016463414634146342,0.9310344827586207,0.6669423196195989
YJR058C,-1,0/-,-541.8109919428825,-40107.21897011995,348,0.016458396830234683,0.9310344827586207,0.6671490593342981
YPR037C,-1,-/-,-541.8145430088043,-24623.04780769348,87,0.016453382084095063,0.9310344827586207,0.6673557990489973
YMR317W,0,0/0,-541.815559387207,-38028.43292814493,348,0.016453382084095063,0.9310344827586207,0.6673557990489973
YOL112W,-1,-/-,-541.8550138473511,-26210.62994647026,87,0.016448370392933294,0.9310344827586207,0.6675625387636965
YBL046W,-1,-/-,-541.8844790458679,-24437.267600774765,87,0.016443361753958587,0.9310344827586207,0.6677692784783957
YDR363W-A,-1,-/-,-541.8950319290161,-24764.432007074356,87,0.01643835616438356,0.9310344827586207,0.6679760181930949
YNL113W,-1,-/-,-541.8980712890625,-25730.017220258713,87,0.016433353621424222,0.9310344827586207,0.6681827579077941
YDL154W,-1,-/-,-541.911500453949,-24128.080316066742,87,0.016428354122299968,0.9310344827586207,0.6683894976224933
YNL019C,0,0/0,-541.914667904377,-38987.035048663616,348,0.016428354122299968,0.9310344827586207,0.6683894976224933
YBR242W,-1,0/-,-541.9245934486389,-37503.34284257889,348,0.016423357664233577,0.9310344827586207,0.6685962373371924
YER048C,-1,0/-,-541.9372941851616,-41647.222661972046,348,0.0164183642444512,0.9310344827586207,0.6688029770518916
YNL087W,-1,0/-,-541.9463517069817,-39203.306844741106,348,0.01641337386018237,0.9310344827586207,0.6690097167665908
YJR012C,0,0/0,-542.0188266038895,-38650.63443207741,348,0.01641337386018237,0.9310344827586207,0.6690097167665908
YLR453C,-1,-/-,-542.0303106307983,-23754.515566825867,87,0.016408386508659983,0.9310344827586207,0.66921645648129
YPR051W,-1,-/-,-542.0445504188538,-25892.62953209877,87,0.016403402187120292,0.9310344827586207,0.6694231961959892
YLR262C-A,-1,0/-,-542.0854497551918,-38053.15766739845,348,0.016398420892802915,0.9310344827586207,0.6696299359106884
YOR359W,-1,-/-,-542.0942540168762,-24982.888288974762,87,0.01639344262295082,0.9310344827586207,0.6698366756253876
YIL090W,-1,0/-,-542.1300832033157,-40521.25304168463,348,0.01638846737481032,0.9310344827586207,0.6700434153400868
YOR201C,-1,-/-,-542.1513381004333,-26767.30068540573,87,0.016383495145631068,0.9310344827586207,0.670250155054786
YKR004C,-1,0/-,-542.1843277215958,-38467.12079012394,348,0.01637852593266606,0.9310344827586207,0.6704568947694852
YMR310C,0,0/0,-542.2163671255112,-36824.56628996134,348,0.01637852593266606,0.9310344827586207,0.6704568947694852
YKL145W,-1,-/-,-542.2500643730164,-26409.16800713539,87,0.01637355973317162,0.9310344827586207,0.6706636344841844
YIL038C,-1,-/-,-542.2841444015503,-23528.468769788742,87,0.016368596544407397,0.9310344827586207,0.6708703741988836
YDL063C,-1,0/-,-542.2847442030907,-36678.320621818304,348,0.016363636363636365,0.9310344827586207,0.6710771139135828
YER085C,0,0/0,-542.2987154722214,-37979.21250593662,348,0.016363636363636365,0.9310344827586207,0.6710771139135828
YER120W,-1,-/-,-542.3195688724518,-24190.204973459244,87,0.016358679188124812,0.9310344827586207,0.671283853628282
YIL091C,-1,0/-,-542.3345946073532,-36432.30772140622,348,0.01635372501514234,0.9310344827586207,0.6714905933429812
YPL204W,-1,-/-,-542.3803160190582,-25243.76347708702,87,0.01634877384196185,0.9310344827586207,0.6716973330576804
YFR011C,-1,0/-,-542.4062212705612,-37804.41245573759,348,0.016343825665859565,0.9310344827586207,0.6719040727723796
YLR385C,-1,-/-,-542.4088897705078,-23798.577666044235,87,0.016338880484114977,0.9310344827586207,0.6721108124870787
YLR278C,-1,0/-,-542.4260083436966,-38785.13436293602,348,0.016333938294010888,0.9310344827586207,0.6723175522017779
YOR229W,-1,-/-,-542.4650239944458,-25502.999460220337,87,0.016328999092833384,0.9310344827586207,0.6725242919164771
YCL066W,-1,-/-,-542.5191543102264,-22975.72680592537,87,0.016324062877871828,0.9310344827586207,0.6727310316311763
YEL019C,-1,-/-,-542.5286316871643,-23960.695946455002,87,0.016319129646418858,0.9310344827586207,0.6729377713458755
YGL195W,-1,-/-,-542.5497581958771,-25664.58248066902,87,0.016314199395770394,0.9310344827586207,0.6731445110605747
YLR355C,-1,-/-,-542.5704493522644,-24713.879751443863,87,0.01630927212322561,0.9310344827586207,0.6733512507752739
YNL189W,-1,0/-,-542.5751913189888,-40509.59114995599,348,0.016304347826086956,0.9310344827586207,0.6735579904899731
YJL136C,-1,0/-,-542.5885758399963,-41743.85787713528,348,0.016299426501660125,0.9310344827586207,0.6737647302046723
YCR040W,-1,-/-,-542.6360874176025,-22608.184341669083,87,0.016294508147254073,0.9310344827586207,0.6739714699193715
YKL069W,-1,0/-,-542.6419089436531,-40100.00917327404,348,0.016289592760180997,0.9310344827586207,0.6741782096340707
YBL090W,-1,-/-,-542.6817631721497,-24314.50227212906,87,0.016284680337756333,0.9310344827586207,0.6743849493487699
YIL061C,-1,-/-,-542.686726808548,-24634.99394583702,87,0.016279770877298764,0.9310344827586207,0.6745916890634691
YGR058W,-1,0/-,-542.7485811412334,-40072.01914471388,348,0.0162748643761302,0.9310344827586207,0.6747984287781683
YMR147W,0,0/0,-542.7803276777267,-37901.31727552414,348,0.0162748643761302,0.9310344827586207,0.6747984287781683
YGL230C,0,0/0,-542.7832458019257,-38581.83643734455,348,0.0162748643761302,0.9310344827586207,0.6747984287781683
YLR075W,-1,-/-,-542.8339564800262,-24527.21378660202,87,0.016269960831575777,0.9310344827586207,0.6750051684928675
YDR026C,-1,0/-,-542.8353844285011,-36681.84080928564,348,0.016265060240963854,0.9310344827586207,0.6752119082075667
YJL184W,-1,-/-,-542.8454461097717,-23608.728800535202,87,0.016260162601626018,0.9310344827586207,0.6754186479222659
YPL074W,0,0/0,-542.8591686487198,-40393.93174943328,348,0.016260162601626018,0.9310344827586207,0.6754186479222659
YLR021W,-1,0/-,-542.8829917907715,-38933.666482269764,348,0.01625526791089705,0.9310344827586207,0.6756253876369651
YOR372C,-1,-/-,-542.9298961162567,-25185.679841279984,87,0.016250376166114956,0.9310344827586207,0.6758321273516642
YPL233W,-1,-/-,-542.9462194442749,-24777.638696670532,87,0.016245487364620937,0.9310344827586207,0.6760388670663634
YML080W,-1,-/-,-542.9761519432068,-25632.57425403595,87,0.0162406015037594,0.9310344827586207,0.6762456067810626
YMR130W,0,0/0,-542.9975825548172,-37158.07261490822,348,0.0162406015037594,0.9310344827586207,0.6762456067810626
YLL043W,-1,-/-,-542.9995744228363,-24656.271822214127,87,0.016235718580877932,0.9310344827586207,0.6764523464957618
YMR229C,-1,-/-,-543.0312218666077,-25533.819727659225,87,0.016230838593327322,0.9310344827586207,0.676659086210461
YDL145C,-1,-/-,-543.0536022186279,-25410.752054452896,87,0.01622596153846154,0.9310344827586207,0.6768658259251602
YGR126W,0,0/0,-543.0780260562897,-38501.81891274452,348,0.01622596153846154,0.9310344827586207,0.6768658259251602
YBL100W-B,-1,-/-,-543.088725566864,-24014.807109832764,87,0.01622108741363773,0.9310344827586207,0.6770725656398594
YGR216C,-1,-/-,-543.1116428375244,-25363.219289779663,87,0.016216216216216217,0.9310344827586207,0.6772793053545586
YIL016W,-1,-/-,-543.1464915275574,-24099.973602056503,87,0.01621134794356049,0.9310344827586207,0.6774860450692578
YIR022W,-1,-/-,-543.1548104286194,-24015.33043241501,87,0.016206482593037214,0.9310344827586207,0.677692784783957
YJL133W,-1,-/-,-543.1682078838348,-24862.054096221924,87,0.016201620162016202,0.9310344827586207,0.6778995244986562
YJL019W,-1,-/-,-543.188766002655,-24671.7148065567,87,0.016196760647870425,0.9310344827586207,0.6781062642133554
YER099C,-1,0/-,-543.2105785608292,-38921.636990368366,348,0.016191904047976012,0.9310344827586207,0.6783130039280546
YJL189W,-1,0/-,-543.2156817913055,-40396.23094663024,348,0.01618705035971223,0.9310344827586207,0.6785197436427538
YCL002C,0,0/0,-543.2310083508492,-38134.70201665163,348,0.01618705035971223,0.9310344827586207,0.6785197436427538
YFR052W,-1,-/-,-543.2406942844391,-25576.02129149437,87,0.016182199580461493,0.9310344827586207,0.678726483357453
YKR045C,0,0/0,-543.2781098484993,-37459.32636129856,348,0.016182199580461493,0.9310344827586207,0.678726483357453
YOR321W,-1,-/-,-543.3474338054657,-25651.220714330673,87,0.016177351707609346,0.9310344827586207,0.6789332230721522
YJL014W,-1,-/-,-543.3482468128204,-25319.08568072319,87,0.016172506738544475,0.9310344827586207,0.6791399627868514
YDR025W,-1,-/-,-543.3991115093231,-25342.9221200943,87,0.016167664670658683,0.9310344827586207,0.6793467025015506
YDR182W,-1,-/-,-543.4833211898804,-24327.62080693245,87,0.016162825501346904,0.9310344827586207,0.6795534422162497
YGL122C,-1,-/-,-543.5161101818085,-22777.649423360825,87,0.01615798922800718,0.9310344827586207,0.6797601819309489
YMR231W,-1,-/-,-543.5567870140076,-24825.2115650177,87,0.01615315584804068,0.9310344827586207,0.6799669216456481
YGR093W,-1,0/-,-543.5621355772018,-37979.010348558426,348,0.016148325358851676,0.9310344827586207,0.6801736613603473
YMR122W-A,0,0/0,-543.6029566526413,-39348.62873131037,348,0.016148325358851676,0.9310344827586207,0.6801736613603473
YLR457C,-1,0/-,-543.6142532229424,-41321.67229670286,348,0.016143497757847534,0.9310344827586207,0.6803804010750465
YDR169C,-1,0/-,-543.6413437128067,-40919.78024455905,348,0.016138673042438732,0.9310344827586207,0.6805871407897457
YAL025C,-1,-/-,-543.6419849395752,-25683.85460281372,87,0.01613385121003884,0.9310344827586207,0.6807938805044449
YLR407W,0,0/0,-543.6500765681267,-38250.00238853693,348,0.01613385121003884,0.9310344827586207,0.6807938805044449
YGL002W,-1,0/-,-543.6672869324684,-42046.93967753649,348,0.016129032258064516,0.9310344827586207,0.6810006202191441
YLR012C,0,0/0,-543.6986470222473,-38789.967795073986,348,0.016129032258064516,0.9310344827586207,0.6810006202191441
YIL126W,-1,-/-,-543.7061648368835,-24407.402904748917,87,0.016124216183935502,0.9310344827586207,0.6812073599338433
YDL235C,-1,-/-,-543.8200562000275,-25434.406575202942,87,0.016119402985074627,0.9310344827586207,0.6814140996485425
YAR014C,-1,-/-,-543.8331112861633,-25374.094016075134,87,0.01611459265890779,0.9310344827586207,0.6816208393632417
YMR214W,-1,-/-,-543.8362240791321,-25077.058445692062,87,0.016109785202863963,0.9310344827586207,0.6818275790779409
YPR095C,-1,-/-,-543.8493094444275,-26276.021998405457,87,0.016104980614375188,0.9310344827586207,0.6820343187926401
YOR387C,0,0/0,-543.8783674240112,-38784.09473621845,348,0.016104980614375188,0.9310344827586207,0.6820343187926401
YDL229W,-1,-/-,-543.8816661834717,-25047.160957336426,87,0.016100178890876567,0.9310344827586207,0.6822410585073393
YKL078W,-1,0/-,-543.8877143859863,-40442.582120001316,348,0.01609538002980626,0.9310344827586207,0.6824477982220385
YPL108W,0,0/0,-543.8971625566483,-37684.11031460762,348,0.01609538002980626,0.9310344827586207,0.6824477982220385
YGL135W,-1,-/-,-543.9515042304993,-25446.482281446457,87,0.016090584028605484,0.9310344827586207,0.6826545379367377
YPR103W,-1,-/-,-544.0048744678497,-26241.07561302185,87,0.0160857908847185,0.9310344827586207,0.6828612776514369
YKL006C-A,-1,-/-,-544.0104286670685,-25610.192640066147,87,0.016081000595592615,0.9310344827586207,0.683068017366136
YOR068C,-1,-/-,-544.0144064426422,-24506.171850919724,87,0.016076213158678177,0.9310344827586207,0.6832747570808352
YBR160W,-1,-/-,-544.020610332489,-24745.899052619934,87,0.01607142857142857,0.9310344827586207,0.6834814967955344
YGL111W,-1,-/-,-544.0509247779846,-25358.74776172638,87,0.01606664683130021,0.9310344827586207,0.6836882365102336
YMR200W,-1,-/-,-544.0786395072937,-25747.814688444138,87,0.016061867935752528,0.9310344827586207,0.6838949762249328
YDR006C,-1,0/-,-544.0919283628464,-41352.25056254864,348,0.016057091882247992,0.9310344827586207,0.684101715939632
YOR269W,-1,-/-,-544.1016776561737,-24567.722811222076,87,0.01605231866825208,0.9310344827586207,0.6843084556543312
YEL055C,-1,0/-,-544.1491475105286,-41772.255802214146,348,0.016047548291233282,0.9310344827586207,0.6845151953690304
YGR003W,-1,-/-,-544.2080154418945,-26219.947873592377,87,0.016042780748663103,0.9310344827586207,0.6847219350837296
YBR055C,-1,-/-,-544.2097661495209,-25701.485485315323,87,0.016038016038016037,0.9310344827586207,0.6849286747984288
YNL292W,-1,-/-,-544.234757900238,-26614.635332107544,87,0.016033254156769598,0.9310344827586207,0.685135414513128
YMR192W,-1,-/-,-544.2679495811462,-25609.74170398712,87,0.016028495102404273,0.9310344827586207,0.6853421542278272
YLR107W,-1,-/-,-544.2931096553802,-25892.259324193,87,0.016023738872403562,0.9310344827586207,0.6855488939425264
YJR003C,0,0/0,-544.3359605073929,-37289.525910019875,348,0.016023738872403562,0.9310344827586207,0.6855488939425264
YHR027C,-1,-/-,-544.3374888896942,-25983.34168624878,87,0.01601898546425393,0.9310344827586207,0.6857556336572256
YOR249C,-1,-/-,-544.3381028175354,-24737.774505615234,87,0.01601423487544484,0.9310344827586207,0.6859623733719248
YML119W,0,0/0,-544.3556019067764,-38614.98406744003,348,0.01601423487544484,0.9310344827586207,0.6859623733719248
YGR195W,-1,-/-,-544.3596043586731,-25461.550533294678,87,0.016009487103468723,0.9310344827586207,0.686169113086624
YKL166C,-1,-/-,-544.4073491096497,-23920.458585977554,87,0.016004742145820983,0.9310344827586207,0.6863758528013232
YJL156C,-1,-/-,-544.4243240356445,-25146.789987802505,87,0.016,0.9310344827586207,0.6865825925160224
YHR153C,-1,0/-,-544.4592923521996,-40342.59384191036,348,0.015995260663507108,0.9310344827586207,0.6867893322307215
YHL011C,-1,-/-,-544.4769930839539,-26267.061440587044,87,0.01599052413384661,0.9310344827586207,0.6869960719454207
YJR056C,0,0/0,-544.4875084161758,-37737.05149561167,348,0.01599052413384661,0.9310344827586207,0.6869960719454207
YGR079W,0,0/0,-544.517441213131,-38089.77764594555,348,0.01599052413384661,0.9310344827586207,0.6869960719454207
YPR009W,-1,-/-,-544.5393419265747,-26885.022936344147,87,0.015985790408525755,0.9310344827586207,0.6872028116601199
YOR342C,0,0/0,-544.6109321713448,-37059.48204576969,348,0.015985790408525755,0.9310344827586207,0.6872028116601199
YOL093W,-1,-/-,-544.6289467811584,-25243.385038614273,87,0.01598105948505475,0.9310344827586207,0.6874095513748191
YDL030W,-1,-/-,-544.6393356323242,-24360.307111263275,87,0.015976331360946745,0.9310344827586207,0.6876162910895183
YDL114W,0,0/0,-544.6454586982727,-39046.35785460472,348,0.015976331360946745,0.9310344827586207,0.6876162910895183
YER157W,-1,-/-,-544.66907787323,-24805.28976249695,87,0.015971606033717833,0.9310344827586207,0.6878230308042175
YBL028C,0,0/0,-544.7513570189476,-36804.07316809893,348,0.015971606033717833,0.9310344827586207,0.6878230308042175
YDL102W,-1,-/-,-544.7579293251038,-24731.180326223373,87,0.01596688350088705,0.9310344827586207,0.6880297705189167
YOL024W,0,0/0,-544.7674490213394,-38533.60381168127,348,0.01596688350088705,0.9310344827586207,0.6880297705189167
YFR035C,0,0/0,-544.8698990345001,-39318.15544128418,348,0.01596688350088705,0.9310344827586207,0.6880297705189167
YGL003C,-1,-/-,-544.9018125534058,-24310.072877645493,87,0.01596216375997635,0.9310344827586207,0.6882365102336159
YER131W,-1,0/-,-545.0484102070332,-40220.995736420155,348,0.015957446808510637,0.9310344827586207,0.6884432499483151
YBL016W,-1,-/-,-545.0876796245575,-24958.49906349182,87,0.015952732644017725,0.9310344827586207,0.6886499896630143
YCR082W,-1,-/-,-545.110931634903,-25358.738701581955,87,0.01594802126402835,0.9310344827586207,0.6888567293777135
YMR264W,-1,-/-,-545.1145944595337,-25710.06724357605,87,0.015943312666076175,0.9310344827586207,0.6890634690924127
YAL033W,-1,-/-,-545.1191780567169,-25029.961292505264,87,0.015938606847697757,0.9310344827586207,0.6892702088071119
YDR348C,-1,0/-,-545.1390966176987,-37810.44012212753,348,0.015933903806432576,0.9310344827586207,0.6894769485218111
YDR134C,0,0/0,-545.1579566001892,-39143.407563209534,348,0.015933903806432576,0.9310344827586207,0.6894769485218111
YBR030W,-1,-/-,-545.1631786823273,-25457.582362651825,87,0.01592920353982301,0.9310344827586207,0.6896836882365103
YNL318C,-1,-/-,-545.1728956699371,-24242.8812584877,87,0.015924506045414333,0.9310344827586207,0.6898904279512095
YFR042W,-1,0/-,-545.2150720953941,-40270.930418759584,348,0.015919811320754717,0.9310344827586207,0.6900971676659087
YAR064W,0,0/0,-545.2532902956009,-37833.776044011116,348,0.015919811320754717,0.9310344827586207,0.6900971676659087
YML017W,-1,0/-,-545.2598340511322,-39199.56884652376,348,0.015915119363395226,0.9310344827586207,0.6903039073806078
YPR190C,-1,-/-,-545.2674107551575,-25934.513707876205,87,0.015910430170889805,0.9310344827586207,0.690510647095307
YEL013W,-1,-/-,-545.2811033725739,-24887.89869952202,87,0.015905743740795286,0.9310344827586207,0.6907173868100062
YKR023W,-1,0/-,-545.3161739110947,-37689.54801309109,348,0.015901060070671377,0.9310344827586207,0.6909241265247054
YKR100C,-1,0/-,-545.366573214531,-40754.88094383478,348,0.01589637915808066,0.9310344827586207,0.6911308662394046
YKL180W,-1,0/-,-545.3983472585678,-41315.1938098073,348,0.015891701000588582,0.9310344827586207,0.6913376059541038
YOL004W,-1,-/-,-545.4398279190063,-25278.92614674568,87,0.01588702559576346,0.9310344827586207,0.691544345668803
YDR087C,-1,-/-,-545.4454278945923,-25478.053125858307,87,0.01588235294117647,0.9310344827586207,0.6917510853835022
YFR036W,-1,-/-,-545.4513726234436,-24218.111613750458,87,0.01587768303440165,0.9310344827586207,0.6919578250982014
YLR272C,-1,-/-,-545.4778230190277,-24277.259399414062,87,0.015873015873015872,0.9310344827586207,0.6921645648129006
YGL194C,-1,-/-,-545.4850654602051,-24495.09758067131,87,0.015868351454598882,0.9310344827586207,0.6923713045275998
YIL147C,-1,-/-,-545.5019371509552,-25572.57896733284,87,0.015863689776733254,0.9310344827586207,0.692578044242299
YOR196C,-1,0/-,-545.5152640342712,-40063.05248862505,348,0.015859030837004406,0.9310344827586207,0.6927847839569982
YKL176C,-1,-/-,-545.5164995193481,-25313.740309000015,87,0.015854374633000587,0.9310344827586207,0.6929915236716974
YMR144W,0,0/0,-545.5201066732407,-38225.04519498348,348,0.015854374633000587,0.9310344827586207,0.6929915236716974
YLR250W,0,0/0,-545.5226324796677,-41406.5283870697,348,0.015854374633000587,0.9310344827586207,0.6929915236716974
YKL203C,-1,-/-,-545.5659680366516,-26344.08753848076,87,0.015849721162312886,0.9310344827586207,0.6931982633863966
YOR361C,-1,-/-,-545.5785069465637,-26970.738956451416,87,0.01584507042253521,0.9310344827586207,0.6934050031010958
YER126C,-1,-/-,-545.6985838413239,-24789.56655073166,87,0.0158404224112643,0.9310344827586207,0.693611742815795
YCR086W,-1,-/-,-545.7218112945557,-23794.2314620018,87,0.015835777126099706,0.9310344827586207,0.6938184825304942
YIL106W,-1,-/-,-545.722071647644,-24878.769411087036,87,0.0158311345646438,0.9310344827586207,0.6940252222451933
YAL051W,-1,-/-,-545.7357240915298,-25849.180708050728,87,0.015826494724501757,0.9310344827586207,0.6942319619598925
YFR048W,-1,-/-,-545.7373600006104,-25519.121114730835,87,0.01582185760328157,0.9310344827586207,0.6944387016745917
YDR364C,-1,-/-,-545.7750761508942,-23939.03229546547,87,0.015817223198594025,0.9310344827586207,0.6946454413892909
YJR089W,-1,-/-,-545.7805337905884,-26321.086824655533,87,0.01581259150805271,0.9310344827586207,0.69485218110399
YDR071C,-1,-/-,-545.7875683307648,-24642.727702379227,87,0.015807962529274005,0.9310344827586207,0.6950589208186893
YGR027C,-1,0/-,-545.8039107322693,-39892.70020189881,348,0.015803336259877086,0.9310344827586207,0.6952656605333885
YOL010W,-1,-/-,-545.8216509819031,-24917.13493323326,87,0.01579871269748391,0.9310344827586207,0.6954724002480877
YFL007W,-1,0/-,-545.8714280128479,-39979.53281342983,348,0.015794091839719217,0.9310344827586207,0.6956791399627869
YDR351W,-1,0/-,-545.8897463679314,-40314.23624917865,348,0.015789473684210527,0.9310344827586207,0.695885879677486
YHR151C,0,0/0,-545.9050209522247,-40324.539346694946,348,0.015789473684210527,0.9310344827586207,0.695885879677486
YGR016W,0,0/0,-545.9476858377457,-38498.86423891783,348,0.015789473684210527,0.9310344827586207,0.695885879677486
YML012W,-1,-/-,-545.9507312774658,-25219.5635471344,87,0.015784858228588133,0.9310344827586207,0.6960926193921853
YGR119C,-1,-/-,-546.0219638347626,-24751.325511932373,87,0.015780245470485097,0.9310344827586207,0.6962993591068845
YJL030W,-1,-/-,-546.0412108898163,-25538.274378061295,87,0.015775635407537247,0.9310344827586207,0.6965060988215837
YBL036C,0,0/0,-546.0685813426971,-37606.18338280916,348,0.015775635407537247,0.9310344827586207,0.6965060988215837
YGR080W,-1,-/-,-546.0957570075989,-24570.2450671196,87,0.015771028037383176,0.9310344827586207,0.6967128385362829
YGL094C,-1,-/-,-546.1237609386444,-24936.777778863907,87,0.015766423357664233,0.9310344827586207,0.696919578250982
YOR149C,-1,-/-,-546.1522364616394,-25222.543181419373,87,0.01576182136602452,0.9310344827586207,0.6971263179656813
YNL061W,-1,-/-,-546.1685621738434,-26778.74126148224,87,0.015757222060110883,0.9310344827586207,0.6973330576803805
YCR027C,-1,-/-,-546.1741259098053,-24042.3516330719,87,0.01575262543757293,0.9310344827586207,0.6975397973950795
YMR127C,-1,-/-,-546.1785156726837,-24947.442068099976,87,0.015748031496062992,0.9310344827586207,0.6977465371097787
YPR102C,-1,-/-,-546.21497631073,-25509.65941810608,87,0.01574344023323615,0.9310344827586207,0.6979532768244779
YDR398W,-1,-/-,-546.2157967090607,-26671.183785915375,87,0.015738851646750218,0.9310344827586207,0.6981600165391771
YMR194W,-1,0/-,-546.2316399216652,-40569.65170305967,348,0.015734265734265736,0.9310344827586207,0.6983667562538763
YOL057W,0,0/0,-546.2594351768494,-37133.30911540985,348,0.015734265734265736,0.9310344827586207,0.6983667562538763
YJL201W,-1,-/-,-546.3245534896851,-24882.208146572113,87,0.015729682493445966,0.9310344827586207,0.6985734959685755
YER007C-A,-1,0/-,-546.3417856693268,-41153.10292696953,348,0.0157251019219569,0.9310344827586207,0.6987802356832747
YOR059C,-1,0/-,-546.39427536726,-41766.76318562031,348,0.01572052401746725,0.9310344827586207,0.6989869753979739
YGL025C,-1,-/-,-546.3979547023773,-26160.707154750824,87,0.01571594877764843,0.9310344827586207,0.6991937151126731
YIL156W,-1,0/-,-546.4027374386787,-41714.85887748003,348,0.01571137620017457,0.9310344827586207,0.6994004548273723
YDR485C,-1,-/-,-546.41166472435,-25368.136392354965,87,0.015706806282722512,0.9310344827586207,0.6996071945420715
YOR162C,-1,-/-,-546.5815374851227,-27626.675199985504,87,0.015702239022971794,0.9310344827586207,0.6998139342567707
YKR079C,-1,-/-,-546.6080958843231,-24628.41214632988,87,0.015697674418604653,0.9310344827586207,0.7000206739714699
YPR117W,0,0/0,-546.6122078895569,-38829.91468524933,348,0.015697674418604653,0.9310344827586207,0.7000206739714699
YPR022C,-1,0/-,-546.6389787197113,-38255.05589175224,348,0.015693112467306015,0.9310344827586207,0.7002274136861691
YDR088C,-1,-/-,-546.6473219394684,-26960.89785671234,87,0.01568855316676351,0.9310344827586207,0.7004341534008683
YML100W-A,0,0/0,-546.6741471290588,-38782.766183137894,348,0.01568855316676351,0.9310344827586207,0.7004341534008683
YDR329C,-1,-/-,-546.6979794502258,-25320.99214863777,87,0.015683996514667443,0.9310344827586207,0.7006408931155675
YBL035C,-1,-/-,-546.7124335765839,-24576.356491327286,87,0.0156794425087108,0.9310344827586207,0.7008476328302667
YLL007C,-1,0/-,-546.7469799518585,-38577.91941148043,348,0.01567489114658926,0.9310344827586207,0.7010543725449659
YIL177C,0,0/0,-546.7840751409531,-39059.899071097374,348,0.01567489114658926,0.9310344827586207,0.7010543725449659
YBR002C,-1,-/-,-546.8009920120239,-24859.208092689514,87,0.01567034242600116,0.9310344827586207,0.701261112259665
YGL097W,-1,-/-,-546.8069381713867,-24123.61654508114,87,0.015665796344647518,0.9310344827586207,0.7014678519743642
YML053C,0,0/0,-546.8578994274139,-37323.40948057175,348,0.015665796344647518,0.9310344827586207,0.7014678519743642
YLR183C,0,-/0,-546.9014420509338,-25421.563581764698,87,0.015665796344647518,0.9310344827586207,0.7014678519743642
YNL126W,-1,-/-,-546.9136364459991,-24153.230392456055,87,0.015661252900232018,0.9310344827586207,0.7016745916890634
YLR156W,0,0/0,-546.9396409988403,-37981.14775788784,348,0.015661252900232018,0.9310344827586207,0.7016745916890634
YBL069W,-1,-/-,-546.9839725494385,-24527.38104045391,87,0.015656712090461003,0.9310344827586207,0.7018813314037626
YBR034C,1,-/+,-546.9945223331451,-25630.340163707733,87,0.015942028985507246,0.9482758620689655,0.7018813314037626
YFL013C,-1,-/-,-547.0559639930725,-24766.02239227295,87,0.015937409446537234,0.9482758620689655,0.7020880711184618
YDR105C,0,0/0,-547.1092077493668,-41002.63958644867,348,0.015937409446537234,0.9482758620689655,0.7020880711184618
YLR020C,-1,-/-,-547.1144952774048,-24981.41348171234,87,0.01593279258400927,0.9482758620689655,0.702294810833161
YDL059C,-1,-/-,-547.2701959609985,-26119.458503484726,87,0.01592817839559803,0.9482758620689655,0.7025015505478602
YGR158C,-1,-/-,-547.2961328029633,-25346.43876838684,87,0.01592356687898089,0.9482758620689655,0.7027082902625594
YML094W,-1,-/-,-547.3162753582001,-24579.199679613113,87,0.015918958031837915,0.9482758620689655,0.7029150299772586
YAL007C,-1,-/-,-547.3824779987335,-25433.60507082939,87,0.015914351851851853,0.9482758620689655,0.7031217696919578
YKL022C,-1,-/-,-547.4120452404022,-25207.35827279091,87,0.015909748336708128,0.9482758620689655,0.703328509406657
YDR049W,-1,0/-,-547.4602236151695,-37312.87541663647,348,0.015905147484094852,0.9482758620689655,0.7035352491213562
YDL136W,-1,0/-,-547.4667631983757,-39962.46668380499,348,0.015900549291702804,0.9482758620689655,0.7037419888360554
YJR005W,-1,0/-,-547.5775931477547,-42870.513316869736,348,0.015895953757225433,0.9482758620689655,0.7039487285507546
YBR265W,-1,-/-,-547.6411554813385,-24996.02369594574,87,0.015891360878358855,0.9482758620689655,0.7041554682654538
YKR064W,-1,0/-,-547.6955861449242,-41628.84666955471,348,0.01588677065280185,0.9482758620689655,0.704362207980153
YLR175W,-1,-/-,-547.69668841362,-25745.482318162918,87,0.015882183078255847,0.9482758620689655,0.7045689476948522
YGL220W,-1,0/-,-547.8045504689217,-41494.05398952961,348,0.015877598152424944,0.9482758620689655,0.7047756874095513
YNR051C,-1,0/-,-547.8087311983109,-39402.508466780186,348,0.015873015873015872,0.9482758620689655,0.7049824271242505
YLR227C,-1,0/-,-547.8122374415398,-40668.743282198906,348,0.015868436237738027,0.9482758620689655,0.7051891668389497
YPL207W,-1,0/-,-547.8152686953545,-40104.507555663586,348,0.015863859244303433,0.9482758620689655,0.7053959065536489
YNL291C,-1,-/-,-547.8945252895355,-24487.719492912292,87,0.015859284890426758,0.9482758620689655,0.7056026462683481
YLR074C,-1,-/-,-547.9337711334229,-25330.481147170067,87,0.01585471317382531,0.9482758620689655,0.7058093859830473
YGL151W,-1,-/-,-547.9452850818634,-24684.524047136307,87,0.01585014409221902,0.9482758620689655,0.7060161256977465
YJL111W,-1,-/-,-548.078626871109,-25663.565900325775,87,0.01584557764333045,0.9482758620689655,0.7062228654124457
YBR171W,-1,-/-,-548.1607286930084,-24320.5391061306,87,0.015841013824884793,0.9482758620689655,0.7064296051271449
YAL002W,-1,-/-,-548.1636562347412,-25607.138076782227,87,0.015836452634609848,0.9482758620689655,0.7066363448418441
YGR198W,-1,0/-,-548.1794945597649,-39221.78533613682,348,0.01583189407023604,0.9482758620689655,0.7068430845565433
YMR219W,-1,-/-,-548.179601430893,-25984.741333961487,87,0.015827338129496403,0.9482758620689655,0.7070498242712425
YLR138W,-1,-/-,-548.2188589572906,-24862.580093622208,87,0.015822784810126583,0.9482758620689655,0.7072565639859417
YLR448W,-1,-/-,-548.2380023002625,-25909.606486558914,87,0.015818234109864826,0.9482758620689655,0.7074633037006409
YJR001W,-1,-/-,-548.2596395015717,-25085.33385705948,87,0.015813686026451983,0.9482758620689655,0.7076700434153401
YPL029W,-1,-/-,-548.3065037727356,-24477.94851231575,87,0.015809140557631503,0.9482758620689655,0.7078767831300393
YCR043C,0,0/0,-548.3477650284767,-37968.549027979374,348,0.015809140557631503,0.9482758620689655,0.7078767831300393
YFR032C-A,-1,0/-,-548.378232896328,-38684.58270704746,348,0.015804597701149427,0.9482758620689655,0.7080835228447385
YML058W,-1,-/-,-548.3865237236023,-24948.049609422684,87,0.01580005745475438,0.9482758620689655,0.7082902625594377
YGR048W,-1,-/-,-548.4160852432251,-26401.974779367447,87,0.015795519816197586,0.9482758620689655,0.7084970022741368
YJR053W,-1,-/-,-548.471137046814,-23051.281274080276,87,0.015790984783232844,0.9482758620689655,0.708703741988836
YDL219W,0,0/0,-548.4872078895569,-40085.01053380221,348,0.015790984783232844,0.9482758620689655,0.708703741988836
YML034W,-1,-/-,-548.5105018615723,-24671.48916530609,87,0.01578645235361653,0.9482758620689655,0.7089104817035352
YMR308C,-1,-/-,-548.5400260686874,-26388.57700741291,87,0.015781922525107604,0.9482758620689655,0.7091172214182344
YCL063W,-1,-/-,-548.5657444000244,-25095.56303024292,87,0.015777395295467584,0.9482758620689655,0.7093239611329336
YDR229W,-1,0/-,-548.5878454446793,-40763.77227425575,348,0.015772870662460567,0.9482758620689655,0.7095307008476328
YLR372W,-1,-/-,-548.6236670017242,-25242.730417728424,87,0.01576834862385321,0.9482758620689655,0.709737440562332
YDR448W,-1,-/-,-548.6260251998901,-23582.11399102211,87,0.015763829177414732,0.9482758620689655,0.7099441802770312
YJR072C,-1,0/-,-548.755598783493,-39886.85014297068,348,0.015759312320916905,0.9482758620689655,0.7101509199917304
YGL054C,-1,-/-,-548.8247275352478,-25346.322416305542,87,0.015754798052134058,0.9482758620689655,0.7103576597064296
YGR170W,-1,-/-,-548.8473417758942,-25170.11417031288,87,0.01575028636884307,0.9482758620689655,0.7105643994211288
YBR129C,-1,-/-,-548.8506126403809,-25166.094522476196,87,0.015745777268823362,0.9482758620689655,0.710771139135828
YDL115C,0,-/0,-548.9261083602905,-25907.962520837784,87,0.015745777268823362,0.9482758620689655,0.710771139135828
YBR272C,-1,-/-,-548.9376440048218,-26074.281430721283,87,0.015741270749856897,0.9482758620689655,0.7109778788505272
YDL224C,-1,-/-,-548.9677875041962,-24360.574238061905,87,0.015736766809728183,0.9482758620689655,0.7111846185652264
YPL068C,0,0/0,-549.051499247551,-37828.3200955987,348,0.015736766809728183,0.9482758620689655,0.7111846185652264
YPR111W,-1,-/-,-549.0749568939209,-25954.200841128826,87,0.015732265446224258,0.9482758620689655,0.7113913582799256
YHR149C,-1,0/-,-549.0868393778801,-41615.13779050112,348,0.015727766657134688,0.9482758620689655,0.7115980979946248
YKL179C,-1,-/-,-549.0868654251099,-25887.223167657852,87,0.015723270440251572,0.9482758620689655,0.711804837709324
YIL064W,-1,0/-,-549.1110949516296,-37065.00085455179,348,0.015718776793369534,0.9482758620689655,0.7120115774240231
YNL016W,-1,-/-,-549.1185240745544,-25489.61729645729,87,0.015714285714285715,0.9482758620689655,0.7122183171387223
YOR077W,0,0/0,-549.2628915905952,-38561.81676518917,348,0.015714285714285715,0.9482758620689655,0.7122183171387223
YBL074C,-1,-/-,-549.2714281082153,-23781.98454761505,87,0.01570979720079977,0.9482758620689655,0.7124250568534215
YOR023C,-1,-/-,-549.280754327774,-27681.12593603134,87,0.015705311250713876,0.9482758620689655,0.7126317965681207
YNL090W,-1,-/-,-549.3194942474365,-25132.83952331543,87,0.015700827861832713,0.9482758620689655,0.7128385362828199
YHR103W,-1,0/-,-549.3444771170616,-40586.71744799614,348,0.01569634703196347,0.9482758620689655,0.7130452759975191
YJR067C,-1,0/-,-549.3454958796501,-41833.383054703474,348,0.015691868758915834,0.9482758620689655,0.7132520157122183
YBR195C,-1,-/-,-549.3591110706329,-25180.56475019455,87,0.015687393040501995,0.9482758620689655,0.7134587554269175
YNL304W,-1,-/-,-549.4265937805176,-23951.41655230522,87,0.01568291987453664,0.9482758620689655,0.7136654951416167
YBR154C,-1,-/-,-549.4360177516937,-24987.549422740936,87,0.015678449258836945,0.9482758620689655,0.7138722348563159
YML114C,-1,-/-,-549.4960503578186,-24992.528618335724,87,0.01567398119122257,0.9482758620689655,0.7140789745710151
YJL039C,-1,-/-,-549.5478329658508,-25686.20426416397,87,0.01566951566951567,0.9482758620689655,0.7142857142857143
YOR165W,-1,0/-,-549.5517836213112,-41414.723747342825,348,0.015665052691540872,0.9482758620689655,0.7144924540004135
YOR001W,-1,-/-,-549.5772342681885,-25379.521462917328,87,0.015660592255125286,0.9482758620689655,0.7146991937151127
YBR276C,-1,-/-,-549.702419757843,-26095.74688243866,87,0.01565613435809849,0.9482758620689655,0.7149059334298119
YPL083C,-1,-/-,-549.7187211513519,-25451.10689353943,87,0.015651678998292545,0.9482758620689655,0.7151126731445111
YDR129C,-1,-/-,-549.7600104808807,-25472.29664540291,87,0.015647226173541962,0.9482758620689655,0.7153194128592103
YKL032C,-1,-/-,-549.786901473999,-25236.337287425995,87,0.01564277588168373,0.9482758620689655,0.7155261525739095
YDR301W,-1,-/-,-549.7894220352173,-24923.832641601562,87,0.015638328120557293,0.9482758620689655,0.7157328922886086
YJR120W,-1,-/-,-549.7934384346008,-23955.09259033203,87,0.015633882888004547,0.9482758620689655,0.7159396320033078
YOR390W,-1,0/-,-549.7989280223846,-38251.20494925976,348,0.01562944018186985,0.9482758620689655,0.716146371718007
YER077C,0,0/0,-549.8275398015976,-38785.99352860451,348,0.01562944018186985,0.9482758620689655,0.716146371718007
YIL005W,-1,0/-,-549.8639726638794,-41398.62350106239,348,0.015625,0.9482758620689655,0.7163531114327062
YDR141C,-1,-/-,-549.8644180297852,-25550.81883764267,87,0.015620562340244249,0.9482758620689655,0.7165598511474054
YKR024C,-1,-/-,-549.8916506767273,-24488.475623369217,87,0.015616127200454287,0.9482758620689655,0.7167665908621046
YJL047C,-1,-/-,-549.9141144752502,-24987.039042711258,87,0.015611694578484247,0.9482758620689655,0.7169733305768038
YLR071C,-1,-/-,-549.9691121578217,-25396.76481461525,87,0.015607264472190692,0.9482758620689655,0.717180070291503
YGL164C,0,0/0,-549.9988408088684,-40555.83839225769,348,0.015607264472190692,0.9482758620689655,0.717180070291503
YOL038W,-1,-/-,-550.0464284420013,-25974.90683746338,87,0.015602836879432624,0.9482758620689655,0.7173868100062022
YPL255W,-1,-/-,-550.0950155258179,-24666.688566207886,87,0.01559841179807147,0.9482758620689655,0.7175935497209014
YGR020C,-1,-/-,-550.1558794975281,-25233.14310359955,87,0.01559398922597108,0.9482758620689655,0.7178002894356006
YIL008W,-1,-/-,-550.178472995758,-24464.65619444847,87,0.015589569160997732,0.9482758620689655,0.7180070291502998
YLR464W,0,0/0,-550.1917012929916,-37955.0272487998,348,0.015589569160997732,0.9482758620689655,0.7180070291502998
YPL038W,-1,0/-,-550.2047805190086,-38781.580831468105,348,0.01558515160102012,0.9482758620689655,0.718213768864999
YDL084W,-1,-/-,-550.2192189693451,-25453.704719781876,87,0.015580736543909348,0.9482758620689655,0.7184205085796982
YLR065C,-1,0/-,-550.2522132396698,-37319.665293097496,348,0.01557632398753894,0.9482758620689655,0.7186272482943974
YER180C,-1,0/-,-550.3101891279221,-38213.85437729955,348,0.015571913929784825,0.9482758620689655,0.7188339880090966
YDR326C,-1,0/-,-550.3168707489967,-40288.7969096303,348,0.015567506368525332,0.9482758620689655,0.7190407277237958
YDL186W,0,0/0,-550.4220207929611,-37871.34506577253,348,0.015567506368525332,0.9482758620689655,0.7190407277237958
YMR275C,-1,-/-,-550.454094171524,-26991.393664836884,87,0.0155631013016412,0.9482758620689655,0.7192474674384949
YFR013W,-1,-/-,-550.5169348716736,-25672.028086423874,87,0.015558698727015558,0.9482758620689655,0.7194542071531941
YDL122W,-1,0/-,-550.5364752411842,-40154.67351600528,348,0.015554298642533937,0.9482758620689655,0.7196609468678933
YAL031C,-1,-/-,-550.6004452705383,-25950.27357697487,87,0.015549901046084252,0.9482758620689655,0.7198676865825925
YER166W,-1,-/-,-550.6365435123444,-25310.54885339737,87,0.015545505935556812,0.9482758620689655,0.7200744262972917
YLR330W,-1,-/-,-550.6694543361664,-25768.503813505173,87,0.015541113308844307,0.9482758620689655,0.7202811660119909
YPR089W,0,0/0,-550.7194411754608,-40229.03450614214,348,0.015541113308844307,0.9482758620689655,0.7202811660119909
YDR379W,-1,-/-,-550.722697019577,-27000.653214931488,87,0.015536723163841809,0.9482758620689655,0.7204879057266901
YBL063W,-1,-/-,-550.7283964157104,-24555.419664382935,87,0.015532335498446766,0.9482758620689655,0.7206946454413893
YDR243C,-1,-/-,-550.7566132545471,-24459.783898830414,87,0.015527950310559006,0.9482758620689655,0.7209013851560885
YKL063C,0,0/0,-550.8924775719643,-38381.647472023964,348,0.015527950310559006,0.9482758620689655,0.7209013851560885
YDR500C,-1,0/-,-550.8965523838997,-40965.52158474922,348,0.015523567598080722,0.9482758620689655,0.7211081248707877
YLL036C,-1,-/-,-550.933263540268,-26465.952320337296,87,0.015519187358916478,0.9482758620689655,0.7213148645854869
YKL018W,-1,-/-,-550.959620475769,-25575.235478162766,87,0.015514809590973202,0.9482758620689655,0.7215216043001861
YBL044W,0,0/0,-550.9827439785004,-38338.870178341866,348,0.015514809590973202,0.9482758620689655,0.7215216043001861
YPL101W,-1,-/-,-550.9850120544434,-24868.23498606682,87,0.01551043429216018,0.9482758620689655,0.7217283440148853
YGR074W,-1,-/-,-550.9861283302307,-25548.31005382538,87,0.015506061460389062,0.9482758620689655,0.7219350837295845
YOR124C,-1,0/-,-550.995427519083,-41883.432550519705,348,0.015501691093573845,0.9482758620689655,0.7221418234442837
YLR014C,-1,-/-,-551.0009851455688,-25888.192152023315,87,0.015497323189630883,0.9482758620689655,0.7223485631589829
YOR301W,-1,-/-,-551.0082159042358,-24490.101902246475,87,0.015492957746478873,0.9482758620689655,0.7225553028736821
YBL085W,-1,-/-,-551.03488945961,-24938.18582868576,87,0.015488594762038862,0.9482758620689655,0.7227620425883813
YGR188C,-1,-/-,-551.0527288913727,-23184.170580863953,87,0.015484234234234234,0.9482758620689655,0.7229687823030804
YOL018C,-1,0/-,-551.0530852079391,-42376.487609922886,348,0.015479876160990712,0.9482758620689655,0.7231755220177796
YDL047W,-1,-/-,-551.056223154068,-25636.489317178726,87,0.015475520540236353,0.9482758620689655,0.7233822617324788
YCR015C,-1,0/-,-551.0911705493927,-38275.92897450924,348,0.015471167369901548,0.9482758620689655,0.723589001447178
YPL215W,-1,0/-,-551.1447523832321,-41106.35411593318,348,0.01546681664791901,0.9482758620689655,0.7237957411618772
YNR034W-A,0,0/0,-551.1587080359459,-38677.76196682453,348,0.01546681664791901,0.9482758620689655,0.7237957411618772
YDR224C,-1,-/-,-551.1830093860626,-24328.619628190994,87,0.015462468372223785,0.9482758620689655,0.7240024808765764
YPL106C,-1,-/-,-551.2311465740204,-24107.160103440285,87,0.015458122540753232,0.9482758620689655,0.7242092205912756
YDR206W,-1,-/-,-551.266170501709,-25206.44104361534,87,0.015453779151447036,0.9482758620689655,0.7244159603059748
YKL017C,-1,-/-,-551.2745833396912,-26303.743141412735,87,0.01544943820224719,0.9482758620689655,0.724622700020674
YPR057W,-1,-/-,-551.2983646392822,-25710.44882917404,87,0.015445099691098006,0.9482758620689655,0.7248294397353732
YBR271W,-1,0/-,-551.2995842695236,-36985.051551193,348,0.015440763615946098,0.9482758620689655,0.7250361794500724
YPR204W,0,0/0,-551.3380537033081,-38761.086179971695,348,0.015440763615946098,0.9482758620689655,0.7250361794500724
YKR084C,-1,0/-,-551.3558719754219,-41606.44214749336,348,0.015436429974740387,0.9482758620689655,0.7252429191647716
YLR233C,-1,-/-,-551.3705973625183,-24191.475078821182,87,0.015432098765432098,0.9482758620689655,0.7254496588794708
YOR304C-A,-1,0/-,-551.4112074375153,-38561.58683413267,348,0.015427769985974754,0.9482758620689655,0.72565639859417
YPR169W,-1,0/-,-551.4695067405701,-39975.6391069293,348,0.015423443634324173,0.9482758620689655,0.7258631383088692
YEL048C,-1,0/-,-551.4730511307716,-36959.22607588768,348,0.015419119708438464,0.9482758620689655,0.7260698780235684
YMR060C,-1,-/-,-551.5139265060425,-24933.000975608826,87,0.015414798206278026,0.9482758620689655,0.7262766177382676
YDL060W,-1,-/-,-551.5578737258911,-25221.896729707718,87,0.015410479125805548,0.9482758620689655,0.7264833574529667
YER030W,-1,-/-,-551.6727740764618,-26122.220031023026,87,0.015406162464985995,0.9482758620689655,0.7266900971676659
YHR178W,-1,-/-,-551.6829450130463,-25198.709375739098,87,0.015401848221786614,0.9482758620689655,0.7268968368823651
YIL073C,-1,-/-,-551.7482821941376,-25581.81629228592,87,0.015397536394176932,0.9482758620689655,0.7271035765970643
YIL079C,-1,-/-,-551.7590229511261,-27911.12357521057,87,0.015393226980128743,0.9482758620689655,0.7273103163117635
YPL208W,-1,-/-,-551.8101649284363,-25426.335972309113,87,0.015388919977616116,0.9482758620689655,0.7275170560264627
YMR234W,-1,-/-,-551.8352332115173,-24930.675528287888,87,0.015384615384615385,0.9482758620689655,0.7277237957411619
YER140W,-1,0/-,-551.8693789243698,-37628.217703044415,348,0.015380313199105145,0.9482758620689655,0.7279305354558611
YMR266W,-1,-/-,-551.8845543861389,-23930.43621778488,87,0.015376013419066257,0.9482758620689655,0.7281372751705603
YFL034W,0,0/0,-551.9548145532608,-38865.4026966095,348,0.015376013419066257,0.9482758620689655,0.7281372751705603
YBR282W,-1,0/-,-551.9654710292816,-40632.36590051651,348,0.015371716042481833,0.9482758620689655,0.7283440148852595
YDR359C,-1,-/-,-551.9759385585785,-25825.446775197983,87,0.015367421067337244,0.9482758620689655,0.7285507545999587
YER164W,-1,-/-,-552.0304288864136,-24390.467190742493,87,0.015363128491620111,0.9482758620689655,0.7287574943146579
YHL038C,-1,-/-,-552.0338277816772,-26513.396587848663,87,0.015358838313320302,0.9482758620689655,0.7289642340293571
YKL155C,-1,0/-,-552.0615440011024,-40615.68353152275,348,0.015354550530429927,0.9482758620689655,0.7291709737440563
YPL216W,-1,0/-,-552.0634400844574,-38988.52645379305,348,0.015350265140943344,0.9482758620689655,0.7293777134587555
YBR156C,-1,-/-,-552.0754239559174,-25820.280547857285,87,0.015345982142857142,0.9482758620689655,0.7295844531734547
YKR030W,0,0/0,-552.0892487764359,-41330.84611709416,348,0.015345982142857142,0.9482758620689655,0.7295844531734547
YNR046W,-1,-/-,-552.097580909729,-26236.49144077301,87,0.015341701534170154,0.9482758620689655,0.7297911928881539
YLR321C,-1,-/-,-552.1030371189117,-25426.47999048233,87,0.015337423312883436,0.9482758620689655,0.7299979326028531
YOR148C,-1,-/-,-552.1361827850342,-24038.681311130524,87,0.01533314747700028,0.9482758620689655,0.7302046723175522
YDL075W,-1,0/-,-552.1470531821251,-41648.0343105793,348,0.015328874024526198,0.9482758620689655,0.7304114120322514
YNL034W,0,0/0,-552.1471121311188,-38266.45761370659,348,0.015328874024526198,0.9482758620689655,0.7304114120322514
YJL099W,-1,-/-,-552.1781075000763,-27215.293093919754,87,0.015324602953468934,0.9482758620689655,0.7306181517469506
YDR260C,-1,-/-,-552.1907942295074,-23773.850743055344,87,0.01532033426183844,0.9482758620689655,0.7308248914616498
YOR151C,-1,-/-,-552.1991214752197,-25647.271056890488,87,0.015316067947646894,0.9482758620689655,0.731031631176349
YPR018W,-1,-/-,-552.1992828845978,-24836.523942232132,87,0.015311804008908686,0.9482758620689655,0.7312383708910482
YPR125W,-1,-/-,-552.232831954956,-24130.133452177048,87,0.015307542443640411,0.9482758620689655,0.7314451106057474
YOL045W,-1,-/-,-552.2344381809235,-25120.447192668915,87,0.01530328324986088,0.9482758620689655,0.7316518503204466
YGR178C,-1,-/-,-552.2983124256134,-26795.04068160057,87,0.015299026425591099,0.9482758620689655,0.7318585900351458
YLR430W,-1,-/-,-552.3008031845093,-25122.270268201828,87,0.015294771968854282,0.9482758620689655,0.732065329749845
YLR186W,-1,-/-,-552.3588624000549,-25837.47724890709,87,0.01529051987767584,0.9482758620689655,0.7322720694645442
YDL246C,0,0/0,-552.3695363998413,-41101.290167450905,348,0.01529051987767584,0.9482758620689655,0.7322720694645442
YEL044W,-1,0/-,-552.3817765116692,-38674.82952424884,348,0.015286270150083379,0.9482758620689655,0.7324788091792434
YFL051C,0,0/0,-552.3975428342819,-39072.152535796165,348,0.015286270150083379,0.9482758620689655,0.7324788091792434
YPR045C,-1,0/-,-552.4465063214302,-40410.03879797459,348,0.015282022784106696,0.9482758620689655,0.7326855488939426
YBR070C,-1,-/-,-552.5736286640167,-24089.862903237343,87,0.015277777777777777,0.9482758620689655,0.7328922886086418
YBR219C,-1,0/-,-552.6141448020935,-38043.622488975525,348,0.015273535129130798,0.9482758620689655,0.733099028323341
YDR457W,-1,-/-,-552.6326847076416,-26401.76689362526,87,0.01526929483620211,0.9482758620689655,0.7333057680380402
YIR023W,-1,-/-,-552.6704485416412,-25199.219044446945,87,0.015265056897030253,0.9482758620689655,0.7335125077527394
YNL064C,-1,-/-,-552.7012324333191,-23975.84390246868,87,0.015260821309655937,0.9482758620689655,0.7337192474674384
YMR073C,-1,-/-,-552.7415404319763,-26290.742786884308,87,0.015256588072122053,0.9482758620689655,0.7339259871821376
YBR289W,-1,-/-,-552.7600338459015,-24638.4125289917,87,0.015252357182473655,0.9482758620689655,0.7341327268968368
YLR073C,-1,0/-,-552.7610985636711,-37370.612661898136,348,0.01524812863875797,0.9482758620689655,0.734339466611536
YGL119W,0,-/0,-552.7881481647491,-24961.956736326218,87,0.01524812863875797,0.9482758620689655,0.734339466611536
YPR029C,-1,-/-,-552.8297343254089,-25107.900299072266,87,0.01524390243902439,0.9482758620689655,0.7345462063262352
YDR189W,-1,-/-,-552.830372095108,-24940.171650648117,87,0.015239678581324467,0.9482758620689655,0.7347529460409344
YLR274W,-1,-/-,-552.8931586742401,-24749.563644886017,87,0.015235457063711912,0.9482758620689655,0.7349596857556336
YEL003W,-1,-/-,-552.9391090869904,-24953.939339637756,87,0.015231237884242592,0.9482758620689655,0.7351664254703328
YKL033W,-1,0/-,-552.9714226126671,-41622.430762290955,348,0.01522702104097453,0.9482758620689655,0.735373165185032
YFR021W,-1,-/-,-553.0495564937592,-25677.086758852005,87,0.015222806531967894,0.9482758620689655,0.7355799048997312
YOR268C,0,0/0,-553.0642275810242,-38680.29394757748,348,0.015222806531967894,0.9482758620689655,0.7355799048997312
YLR369W,-1,-/-,-553.0920894145966,-28662.284522294998,87,0.015218594355285003,0.9482758620689655,0.7357866446144304
YLR113W,-1,-/-,-553.096244096756,-25993.22998726368,87,0.015214384508990318,0.9482758620689655,0.7359933843291296
YCR016W,0,0/0,-553.1169519424438,-37407.367079764605,348,0.015214384508990318,0.9482758620689655,0.7359933843291296
YPL065W,-1,-/-,-553.150838136673,-23689.80148768425,87,0.015210176991150442,0.9482758620689655,0.7362001240438288
YGR033C,-1,-/-,-553.154794216156,-26050.286010980606,87,0.015205971799834116,0.9482758620689655,0.736406863758528
YDR412W,-1,-/-,-553.179116487503,-25451.33133292198,87,0.015201768933112217,0.9482758620689655,0.7366136034732272
YOL054W,-1,-/-,-553.1888868808746,-25048.93918323517,87,0.015197568389057751,0.9482758620689655,0.7368203431879264
YIR002C,-1,-/-,-553.2325038909912,-25504.229519844055,87,0.015193370165745856,0.9482758620689655,0.7370270829026256
YDL232W,-1,-/-,-553.2528605461121,-25908.102562904358,87,0.015189174261253798,0.9482758620689655,0.7372338226173248
YJL125C,-1,-/-,-553.2700843811035,-25617.315437078476,87,0.015184980673660961,0.9482758620689655,0.7374405623320239
YDR367W,-1,0/-,-553.2826218605042,-38218.912314116955,348,0.015180789401048854,0.9482758620689655,0.7376473020467231
YNL097C,-1,-/-,-553.3501017093658,-25336.42259454727,87,0.015176600441501103,0.9482758620689655,0.7378540417614223
YGL171W,-1,-/-,-553.3510146141052,-25043.077484607697,87,0.015172413793103448,0.9482758620689655,0.7380607814761215
YPR097W,0,0/0,-553.3962806463242,-38050.194532334805,348,0.015172413793103448,0.9482758620689655,0.7380607814761215
YIL104C,0,0/0,-553.3972582221031,-39823.23251068592,348,0.015172413793103448,0.9482758620689655,0.7380607814761215
YHL013C,-1,0/-,-553.3994847536087,-42538.05319237709,348,0.01516822945394374,0.9482758620689655,0.7382675211908207
YDL121C,0,0/0,-553.4050337672234,-38330.146990060806,348,0.01516822945394374,0.9482758620689655,0.7382675211908207
YER172C,-1,-/-,-553.4338665008545,-24342.90353703499,87,0.015164047422111939,0.9482758620689655,0.7384742609055199
YDL040C,-1,-/-,-553.5575754642487,-26623.665295362473,87,0.01515986769570011,0.9482758620689655,0.7386810006202191
YDL205C,-1,0/-,-553.5585787296295,-40205.614379286766,348,0.015155690272802424,0.9482758620689655,0.7388877403349183
YMR123W,0,0/0,-553.5957283973694,-42177.04844200611,348,0.015155690272802424,0.9482758620689655,0.7388877403349183
YCL029C,-1,-/-,-553.5995631217957,-26336.361127376556,87,0.015151515151515152,0.9482758620689655,0.7390944800496175
YGR129W,-1,-/-,-553.6142289638519,-24671.77922797203,87,0.015147342329936657,0.9482758620689655,0.7393012197643167
YLR022C,-1,-/-,-553.630738735199,-24706.81514275074,87,0.0151431718061674,0.9482758620689655,0.7395079594790159
YBR267W,-1,-/-,-553.6377506256104,-23947.898520946503,87,0.015139003578309936,0.9482758620689655,0.7397146991937151
YOR006C,-1,0/-,-553.6596469283104,-37506.76665490866,348,0.015134837644468905,0.9482758620689655,0.7399214389084143
YPL210C,-1,-/-,-553.6819033622742,-24983.749772787094,87,0.015130674002751032,0.9482758620689655,0.7401281786231135
YNR003C,-1,-/-,-553.6970856189728,-25692.966861486435,87,0.015126512651265127,0.9482758620689655,0.7403349183378127
YPL178W,-1,-/-,-553.6975395679474,-24779.575320005417,87,0.015122353588122079,0.9482758620689655,0.7405416580525119
YJR082C,-1,-/-,-553.7629408836365,-25771.576872825623,87,0.015118196811434854,0.9482758620689655,0.7407483977672111
YLR268W,-1,-/-,-553.7682251930237,-26295.231841802597,87,0.015114042319318495,0.9482758620689655,0.7409551374819102
YOR171C,-1,-/-,-553.8791403770447,-25330.719633102417,87,0.01510989010989011,0.9482758620689655,0.7411618771966094
YDL090C,0,-/0,-553.9196164608002,-23896.237405776978,87,0.01510989010989011,0.9482758620689655,0.7411618771966094
YMR274C,-1,0/-,-553.9511777758598,-39677.495456814766,348,0.015105740181268883,0.9482758620689655,0.7413686169113086
YIL040W,-1,-/-,-553.9775886535645,-25691.849504947662,87,0.015101592531576058,0.9482758620689655,0.7415753566260078
YLL033W,-1,0/-,-554.0056562423706,-40013.35985592008,348,0.015097447158934943,0.9482758620689655,0.741782096340707
YGL200C,-1,-/-,-554.065247297287,-25368.783326148987,87,0.015093304061470912,0.9482758620689655,0.7419888360554062
YMR216C,-1,-/-,-554.1062140464783,-24393.086171865463,87,0.015089163237311385,0.9482758620689655,0.7421955757701054
YGR030C,-1,-/-,-554.141578912735,-25114.810252904892,87,0.015085024684585847,0.9482758620689655,0.7424023154848046
YMR255W,-1,-/-,-554.1878304481506,-25388.976950883865,87,0.015080888401425829,0.9482758620689655,0.7426090551995038
YLR167W,-1,-/-,-554.2378251552582,-25168.892513275146,87,0.015076754385964912,0.9482758620689655,0.742815794914203
YGR150C,-1,0/-,-554.2741961479187,-38650.18946623802,348,0.015072622636338722,0.9482758620689655,0.7430225346289022
YKL088W,-1,-/-,-554.3504595756531,-23093.323021411896,87,0.015068493150684932,0.9482758620689655,0.7432292743436014
YOR210W,-1,-/-,-554.3556623458862,-25455.45950770378,87,0.015064365927143249,0.9482758620689655,0.7434360140583006
YBR143C,-1,-/-,-554.3993721008301,-27437.788749456406,87,0.015060240963855422,0.9482758620689655,0.7436427537729998
YML072C,-1,0/-,-554.4026994109154,-41086.68007546663,348,0.015056118258965233,0.9482758620689655,0.743849493487699
YOR290C,-1,-/-,-554.4094631671906,-25649.692498207092,87,0.0150519978106185,0.9482758620689655,0.7440562332023982
YHL007C,-1,-/-,-554.4143342971802,-25496.697588443756,87,0.015047879616963064,0.9482758620689655,0.7442629729170974
YMR273C,-1,-/-,-554.4397325515747,-23699.894770145416,87,0.015043763676148797,0.9482758620689655,0.7444697126317966
YER003C,-1,-/-,-554.4900336265564,-26250.37620472908,87,0.015039649986327591,0.9482758620689655,0.7446764523464957
YGR135W,-1,-/-,-554.5220763683319,-25983.71225833893,87,0.015035538545653362,0.9482758620689655,0.7448831920611949
YGR273C,0,0/0,-554.576945900917,-38970.155627310276,348,0.015035538545653362,0.9482758620689655,0.7448831920611949
YFL068W,0,0/0,-554.5960161685944,-38642.55893200636,348,0.015035538545653362,0.9482758620689655,0.7448831920611949
YMR269W,-1,0/-,-554.6104991436005,-41100.76231700182,348,0.015031429352282044,0.9482758620689655,0.7450899317758941
YBR077C,-1,-/-,-554.6497874259949,-26645.732200860977,87,0.015027322404371584,0.9482758620689655,0.7452966714905933
YDL101C,-1,-/-,-554.8070819377899,-24888.545311808586,87,0.015023217700081944,0.9482758620689655,0.7455034112052925
YBR010W,-1,-/-,-554.82102394104,-24558.976593017578,87,0.015019115237575096,0.9482758620689655,0.7457101509199917
YBL018C,-1,-/-,-554.888370513916,-26343.544050455093,87,0.015015015015015015,0.9482758620689655,0.7459168906346909
YNR019W,-1,-/-,-554.8995938301086,-26256.15103840828,87,0.015010917030567686,0.9482758620689655,0.7461236303493901
YMR287C,-1,-/-,-554.9044427871704,-27050.16580915451,87,0.015006821282401092,0.9482758620689655,0.7463303700640893
YOL133W,-1,-/-,-554.9293887615204,-26037.905438184738,87,0.015002727768685215,0.9482758620689655,0.7465371097787885
YOR119C,-1,-/-,-554.940589427948,-24251.779007434845,87,0.014998636487592037,0.9482758620689655,0.7467438494934877
YOR008C-A,0,-/0,-554.9649367332458,-23891.037374973297,87,0.014998636487592037,0.9482758620689655,0.7467438494934877
YML115C,-1,-/-,-554.9828186035156,-26591.73800301552,87,0.014994547437295528,0.9482758620689655,0.7469505892081869
YGR280C,-1,-/-,-555.003114938736,-25320.192074537277,87,0.014990460615971654,0.9482758620689655,0.7471573289228861
YJR098C,-1,0/-,-555.0519589185715,-39185.634525477886,348,0.014986376021798364,0.9482758620689655,0.7473640686375853
YOR214C,0,0/0,-555.0521780252457,-38782.78937458992,348,0.014986376021798364,0.9482758620689655,0.7473640686375853
YDL111C,-1,-/-,-555.0834696292877,-25372.869372606277,87,0.014982293652955598,0.9482758620689655,0.7475708083522845
YDR266C,-1,0/-,-555.1639339923859,-38193.49806928635,348,0.014978213507625272,0.9482758620689655,0.7477775480669837
YIL069C,-1,0/-,-555.2195994257927,-42222.28397458792,348,0.014974135583991287,0.9482758620689655,0.7479842877816829
YOR093C,0,0/0,-555.2633754014969,-38469.26874166727,348,0.014974135583991287,0.9482758620689655,0.7479842877816829
YOR154W,-1,0/-,-555.3113670945168,-39839.50872951746,348,0.014970059880239521,0.9482758620689655,0.748191027496382
YDR389W,-1,-/-,-555.339751958847,-25796.878668785095,87,0.014965986394557823,0.9482758620689655,0.7483977672110812
YDL017W,-1,-/-,-555.4084918498993,-25291.10920882225,87,0.014961915125136017,0.9482758620689655,0.7486045069257804
YGR274C,-1,-/-,-555.4448614120483,-25092.352865219116,87,0.014957846070165896,0.9482758620689655,0.7488112466404796
YKL027W,-1,0/-,-555.4726175069809,-38492.11927098036,348,0.014953779227841218,0.9482758620689655,0.7490179863551788
YGL019W,-1,-/-,-555.4773244857788,-26635.53399372101,87,0.014949714596357706,0.9482758620689655,0.749224726069878
YNL154C,-1,-/-,-555.4916713237762,-25698.915773630142,87,0.014945652173913044,0.9482758620689655,0.7494314657845772
YDL053C,0,0/0,-555.5187097787857,-43263.20973134041,348,0.014945652173913044,0.9482758620689655,0.7494314657845772
YNL323W,-1,-/-,-555.5855553150177,-25133.719923257828,87,0.014941591958706873,0.9482758620689655,0.7496382054992764
YOL066C,1,+/+,-555.6302137374878,-25934.601873636246,86,0.015209125475285171,0.9655172413793104,0.7496382054992764
YMR065W,-1,-/-,-555.6496353149414,-24680.332602262497,87,0.015204995927233234,0.9655172413793104,0.7498449452139756
YOR236W,0,-/0,-555.6718454360962,-24992.899871349335,87,0.015204995927233234,0.9655172413793104,0.7498449452139756
YGR200C,-1,-/-,-555.7687356472015,-26539.19306254387,87,0.01520086862106406,0.9655172413793104,0.7500516849286748
YMR186W,-1,-/-,-555.8088085651398,-24422.813737869263,87,0.01519674355495251,0.9655172413793104,0.750258424643374
YLR223C,-1,-/-,-555.8120753765106,-24794.13427591324,87,0.015192620727075421,0.9655172413793104,0.7504651643580732
YFL067W,0,0/0,-555.8125787973404,-38681.58064055443,348,0.015192620727075421,0.9655172413793104,0.7504651643580732
YCR067C,-1,-/-,-555.8771448135376,-26642.164919376373,87,0.015188500135611608,0.9655172413793104,0.7506719040727724
YPR186C,-1,-/-,-556.0162227153778,-25058.81712436676,87,0.015184381778741865,0.9655172413793104,0.7508786437874716
YJL186W,-1,-/-,-556.0263919830322,-25947.384868621826,87,0.015180265654648957,0.9655172413793104,0.7510853835021708
YIL112W,-1,-/-,-556.1282720565796,-25244.600702047348,87,0.015176151761517615,0.9655172413793104,0.75129212321687
YPR079W,0,0/0,-556.188354074955,-41673.87696528435,348,0.015176151761517615,0.9655172413793104,0.75129212321687
YPL001W,-1,-/-,-556.2400686740875,-24832.59290575981,87,0.015172040097534544,0.9655172413793104,0.7514988629315692
YLR387C,-1,0/-,-556.2663257718086,-43715.18648016453,348,0.015167930660888408,0.9655172413793104,0.7517056026462684
YLR412W,0,0/0,-556.2801347374916,-41378.95994153619,348,0.015167930660888408,0.9655172413793104,0.7517056026462684
YCR096C,-1,0/-,-556.2839406728745,-42176.06381314993,348,0.015163823449769834,0.9655172413793104,0.7519123423609675
YKR025W,-1,-/-,-556.2874829769135,-26217.649376153946,87,0.015159718462371413,0.9655172413793104,0.7521190820756667
YOR160W,-1,-/-,-556.2927494049072,-24091.810707330704,87,0.015155615696887685,0.9655172413793104,0.7523258217903659
YHR069C,-1,-/-,-556.3190424442291,-25122.71108698845,87,0.015151515151515152,0.9655172413793104,0.7525325615050651
YOR275C,-1,-/-,-556.328770160675,-26950.449547052383,87,0.015147416824452259,0.9655172413793104,0.7527393012197643
YLL002W,-1,-/-,-556.3387479782104,-23570.91378235817,87,0.015143320713899405,0.9655172413793104,0.7529460409344635
YMR121C,-1,0/-,-556.4162830710411,-40613.82991219312,348,0.015139226818058935,0.9655172413793104,0.7531527806491627
YNL048W,-1,-/-,-556.4627459049225,-24468.71740615368,87,0.015135135135135135,0.9655172413793104,0.7533595203638619
YML099C,-1,-/-,-556.516179561615,-25842.839562177658,87,0.015131045663334234,0.9655172413793104,0.7535662600785611
YML109W,-1,-/-,-556.5379889011383,-25714.765179395676,87,0.015126958400864398,0.9655172413793104,0.7537729997932603
YPL249C-A,-1,0/-,-556.6013368368149,-39313.98309201002,348,0.015122873345935728,0.9655172413793104,0.7539797395079595
YMR172W,-1,-/-,-556.6334505081177,-25410.192875146866,87,0.01511879049676026,0.9655172413793104,0.7541864792226587
YBR184W,0,0/0,-556.6967966556549,-39087.16815960407,348,0.01511879049676026,0.9655172413793104,0.7541864792226587
YPR163C,-1,-/-,-556.7302374839783,-25340.814492464066,87,0.015114709851551956,0.9655172413793104,0.7543932189373579
YLR008C,-1,-/-,-556.7997105121613,-26226.051696300507,87,0.015110631408526714,0.9655172413793104,0.7545999586520571
YER105C,-1,-/-,-556.8015670776367,-24743.962858200073,87,0.015106555165902346,0.9655172413793104,0.7548066983667563
YER050C,-1,0/-,-556.8092223405838,-41897.595808923244,348,0.015102481121898598,0.9655172413793104,0.7550134380814555
YFL064C,0,0/0,-556.8103365898132,-39703.817610263824,348,0.015102481121898598,0.9655172413793104,0.7550134380814555
YDR211W,-1,-/-,-556.8567907810211,-26346.06466650963,87,0.015098409274737126,0.9655172413793104,0.7552201777961547
YNL182C,-1,-/-,-556.8620052337646,-27270.958145856857,87,0.01509433962264151,0.9655172413793104,0.7554269175108539
YLR323C,-1,0/-,-556.9331431984901,-40959.444433391094,348,0.01509027216383724,0.9655172413793104,0.755633657225553
YMR054W,-1,-/-,-556.9965658187866,-25041.86800789833,87,0.015086206896551725,0.9655172413793104,0.7558403969402522
YDR267C,-1,0/-,-557.0090828537941,-41008.75147217512,348,0.015082143819014274,0.9655172413793104,0.7560471366549514
YGR229C,-1,-/-,-557.0097916126251,-26521.547369003296,87,0.015078082929456112,0.9655172413793104,0.7562538763696506
YDR292C,-1,-/-,-557.0147569179535,-25743.543894529343,87,0.015074024226110363,0.9655172413793104,0.7564606160843498
YDR514C,0,0/0,-557.0755329728127,-37770.847521305084,348,0.015074024226110363,0.9655172413793104,0.7564606160843498
YLL031C,-1,-/-,-557.0809710025787,-26853.70279097557,87,0.015069967707212056,0.9655172413793104,0.756667355799049
YGR278W,-1,-/-,-557.122220993042,-24883.878912210464,87,0.015065913370998116,0.9655172413793104,0.7568740955137482
YIL115C,-1,-/-,-557.1600861549377,-26361.154626369476,87,0.01506186121570737,0.9655172413793104,0.7570808352284474
YOL142W,-1,-/-,-557.2305853366852,-24530.29262638092,87,0.015057811239580532,0.9655172413793104,0.7572875749431466
YMR227C,-1,-/-,-557.248316526413,-25762.315052986145,87,0.015053763440860216,0.9655172413793104,0.7574943146578458
YMR290C,-1,-/-,-557.249354839325,-27201.046594381332,87,0.015049717817790917,0.9655172413793104,0.757701054372545
YBR236C,-1,-/-,-557.2584929466248,-26247.863123893738,87,0.015045674368619023,0.9655172413793104,0.7579077940872442
YKR041W,0,0/0,-557.2819427251816,-38986.21001982689,348,0.015045674368619023,0.9655172413793104,0.7579077940872442
YIL139C,-1,-/-,-557.2825684547424,-25601.09743475914,87,0.015041633091592801,0.9655172413793104,0.7581145338019434
YLR159W,0,0/0,-557.2954601049423,-39715.11253720522,348,0.015041633091592801,0.9655172413793104,0.7581145338019434
YBR274W,-1,-/-,-557.3514552116394,-26422.25075030327,87,0.015037593984962405,0.9655172413793104,0.7583212735166426
YLR435W,-1,-/-,-557.3572232723236,-26534.338406801224,87,0.015033557046979866,0.9655172413793104,0.7585280132313418
YJR075W,-1,0/-,-557.3883374333382,-40817.15572017431,348,0.015029522275899088,0.9655172413793104,0.758734752946041
YBL021C,-1,0/-,-557.4584813117981,-39179.559610426426,348,0.015025489669975852,0.9655172413793104,0.7589414926607402
YHR214W,0,0/0,-557.5347363948822,-40386.73048442602,348,0.015025489669975852,0.9655172413793104,0.7589414926607402
YGL092W,-1,-/-,-557.5921640396118,-25911.819695711136,87,0.015021459227467811,0.9655172413793104,0.7591482323754393
YDR240C,-1,-/-,-557.5991718769073,-25354.354593992233,87,0.015017430946634486,0.9655172413793104,0.7593549720901385
YOL061W,-1,-/-,-557.6351847648621,-26754.838966846466,87,0.015013404825737266,0.9655172413793104,0.7595617118048377
YDL013W,-1,-/-,-557.6403248310089,-27391.070379257202,87,0.0150093808630394,0.9655172413793104,0.7597684515195369
YFR038W,-1,0/-,-557.6689055562019,-41198.45606404543,348,0.015005359056806002,0.9655172413793104,0.7599751912342361
YAR008W,-1,-/-,-557.7082567214966,-25002.842453956604,87,0.015001339405304044,0.9655172413793104,0.7601819309489353
YDR458C,0,0/0,-557.7465794086456,-42000.040213763714,348,0.015001339405304044,0.9655172413793104,0.7601819309489353
YLR335W,-1,-/-,-557.7792103290558,-27096.05253314972,87,0.014997321906802356,0.9655172413793104,0.7603886706636345
YML121W,-1,-/-,-557.7956495285034,-24925.51508951187,87,0.01499330655957162,0.9655172413793104,0.7605954103783337
YBR058C,-1,-/-,-557.816220998764,-25981.970334291458,87,0.014989293361884369,0.9655172413793104,0.7608021500930329
YHR207C,-1,0/-,-557.8299559950829,-40791.79224181175,348,0.014985282312014986,0.9655172413793104,0.7610088898077321
YHR167W,-1,-/-,-557.8591120243073,-25197.976915597916,87,0.0149812734082397,0.9655172413793104,0.7612156295224313
YOR205C,-1,0/-,-557.8865658640862,-42132.56464934349,348,0.014977266648836588,0.9655172413793104,0.7614223692371305
YDR498C,-1,-/-,-557.8954243659973,-24300.55617570877,87,0.014973262032085561,0.9655172413793104,0.7616291089518297
YML006C,-1,-/-,-558.0719728469849,-24944.792088389397,87,0.014969259556268377,0.9655172413793104,0.7618358486665289
YGL155W,0,-/0,-558.0795142650604,-25753.295582056046,87,0.014969259556268377,0.9655172413793104,0.7618358486665289
YKL116C,-1,0/-,-558.1380895376205,-41026.96953111887,348,0.014965259219668627,0.9655172413793104,0.7620425883812281
YFL001W,-1,0/-,-558.1521139740944,-41901.21477666497,348,0.014961261020571734,0.9655172413793104,0.7622493280959273
YPR031W,-1,-/-,-558.1593096256256,-23886.73980331421,87,0.014957264957264958,0.9655172413793104,0.7624560678106265
YHR172W,-1,-/-,-558.1790976524353,-25143.295735120773,87,0.014953271028037384,0.9655172413793104,0.7626628075253257
YGL247W,-1,-/-,-558.2054796218872,-25059.965168476105,87,0.014949279231179925,0.9655172413793104,0.7628695472400248
YDR020C,-1,0/-,-558.2096132040024,-37019.945416748524,348,0.014945289564985321,0.9655172413793104,0.763076286954724
YLR438C-A,-1,-/-,-558.253870010376,-24070.94674873352,87,0.014941302027748132,0.9655172413793104,0.7632830266694232
YOR086C,-1,0/-,-558.269488453865,-41876.69233366847,348,0.014937316617764738,0.9655172413793104,0.7634897663841224
YKR029C,-1,-/-,-558.2838220596313,-27541.4573302269,87,0.014933333333333333,0.9655172413793104,0.7636965060988216
YMR236W,-1,-/-,-558.3700568675995,-26495.006177663803,87,0.014929352172753933,0.9655172413793104,0.7639032458135208
YEL015W,-1,-/-,-558.4038589000702,-25295.331403255463,87,0.014925373134328358,0.9655172413793104,0.76410998552822
YNL312W,-1,-/-,-558.4991958141327,-25456.58990740776,87,0.014921396216360246,0.9655172413793104,0.7643167252429192
YOL021C,-1,-/-,-558.5080919265747,-26201.82976436615,87,0.014917421417155035,0.9655172413793104,0.7645234649576184
YPL276W,-1,-/-,-558.5637259483337,-24318.15875530243,87,0.014913448735019973,0.9655172413793104,0.7647302046723176
YLR117C,-1,-/-,-558.568925857544,-24733.605701446533,87,0.014909478168264111,0.9655172413793104,0.7649369443870168
YHR141C,-1,0/-,-558.6719084978104,-41163.12247020006,348,0.014905509715198297,0.9655172413793104,0.765143684101716
YML055W,-1,-/-,-558.7141008377075,-25831.44126367569,87,0.014901543374135177,0.9655172413793104,0.7653504238164152
YJR041C,-1,0/-,-558.7488895058632,-42018.28470462561,348,0.0148975791433892,0.9655172413793104,0.7655571635311144
YGL058W,-1,-/-,-558.7494258880615,-25932.840786099434,87,0.014893617021276596,0.9655172413793104,0.7657639032458136
YPR096C,0,0/0,-558.840872168541,-38276.76920872927,348,0.014893617021276596,0.9655172413793104,0.7657639032458136
YGR002C,-1,-/-,-558.8687973022461,-27859.598751544952,87,0.014889657006115395,0.9655172413793104,0.7659706429605128
YCR031C,-1,-/-,-558.9276924133301,-25905.976344823837,87,0.014885699096225412,0.9655172413793104,0.766177382675212
YJL010C,-1,-/-,-558.9585978984833,-26789.655477285385,87,0.01488174328992825,0.9655172413793104,0.766384122389911
YFL023W,-1,-/-,-559.0319354534149,-25364.695315361023,87,0.01487778958554729,0.9655172413793104,0.7665908621046102
YOL012C,-1,-/-,-559.0666983127594,-25516.462533950806,87,0.014873837981407702,0.9655172413793104,0.7667976018193094
YJL073W,-1,-/-,-559.0779792070389,-27428.388919711113,87,0.01486988847583643,0.9655172413793104,0.7670043415340086
YCR092C,-1,-/-,-559.0893199443817,-27448.010535240173,87,0.014865941067162198,0.9655172413793104,0.7672110812487078
YBR165W,-1,-/-,-559.090626001358,-25334.921446084976,87,0.014861995753715499,0.9655172413793104,0.767417820963407
YIL110W,-1,-/-,-559.1313815116882,-28482.19294667244,87,0.014858052533828601,0.9655172413793104,0.7676245606781062
YDL088C,-1,-/-,-559.1354188919067,-24849.341598272324,87,0.014854111405835544,0.9655172413793104,0.7678313003928054
YAL014C,-1,0/-,-559.2208395600319,-40318.01962634921,348,0.01485017236807213,0.9655172413793104,0.7680380401075046
YLR403W,-1,-/-,-559.2438423633575,-25064.88915038109,87,0.014846235418875928,0.9655172413793104,0.7682447798222038
YKL173W,-1,-/-,-559.3135735988617,-26076.422526836395,87,0.014842300556586271,0.9655172413793104,0.768451519536903
YKL204W,-1,-/-,-559.3191661834717,-25376.074380874634,87,0.01483836777954425,0.9655172413793104,0.7686582592516022
YGL035C,-1,-/-,-559.3470985889435,-23770.059163808823,87,0.014834437086092715,0.9655172413793104,0.7688649989663014
YOL115W,-1,-/-,-559.3558642864227,-25610.514484405518,87,0.014830508474576272,0.9655172413793104,0.7690717386810006
YOR287C,-1,-/-,-559.408055305481,-22141.588576316833,87,0.014826581943341277,0.9655172413793104,0.7692784783956998
YBR058C-A,-1,-/-,-559.4836468696594,-24741.837906360626,87,0.014822657490735839,0.9655172413793104,0.769485218110399
YNL201C,-1,-/-,-559.5466187000275,-26618.427674531937,87,0.014818735115109817,0.9655172413793104,0.7696919578250982
YJL087C,-1,-/-,-559.548502445221,-25011.380878925323,87,0.014814814814814815,0.9655172413793104,0.7698986975397974
YDL010W,-1,0/-,-559.5584899783134,-41526.15164408088,348,0.014810896588204179,0.9655172413793104,0.7701054372544965
YHL001W,-1,0/-,-559.5945755839348,-42456.85753792524,348,0.014806980433632998,0.9655172413793104,0.7703121769691957
YBR098W,-1,-/-,-559.6079723834991,-25704.469606161118,87,0.014803066349458101,0.9655172413793104,0.7705189166838949
YAL003W,-1,-/-,-559.6226856708527,-26828.98325943947,87,0.014799154334038054,0.9655172413793104,0.7707256563985941
YDL109C,-1,-/-,-559.6554346084595,-24563.386427402496,87,0.014795244385733158,0.9655172413793104,0.7709323961132933
YJR068W,-1,-/-,-559.6604080200195,-27939.24560856819,87,0.014791336502905442,0.9655172413793104,0.7711391358279925
YNL328C,-1,-/-,-559.6926741600037,-24833.192417621613,87,0.014787430683918669,0.9655172413793104,0.7713458755426917
YOL077W-A,-1,-/-,-559.7049341201782,-25093.806612968445,87,0.014783526927138331,0.9655172413793104,0.7715526152573909
YKR078W,-1,0/-,-559.8089359998703,-38419.87610292435,348,0.014779625230931645,0.9655172413793104,0.7717593549720901
YMR233W,-1,0/-,-559.8470573425293,-40603.678235411644,348,0.014775725593667546,0.9655172413793104,0.7719660946867893
YDR320C,-1,-/-,-559.8487868309021,-26939.82735490799,87,0.014771828013716697,0.9655172413793104,0.7721728344014885
YMR309C,-1,-/-,-559.8597207069397,-27117.620436906815,87,0.014767932489451477,0.9655172413793104,0.7723795741161877
YBL026W,-1,-/-,-559.8781311511993,-26161.428602457047,87,0.01476403901924598,0.9655172413793104,0.7725863138308869
YLR418C,-1,-/-,-559.8974123001099,-26596.23199725151,87,0.014760147601476014,0.9655172413793104,0.7727930535455861
YBR094W,0,0/0,-559.907222867012,-40709.55196279287,348,0.014760147601476014,0.9655172413793104,0.7727930535455861
YLR096W,-1,-/-,-559.926543712616,-25506.345937490463,87,0.014756258234519103,0.9655172413793104,0.7729997932602853
YHR090C,-1,-/-,-559.9291017055511,-24611.009043693542,87,0.014752370916754479,0.9655172413793104,0.7732065329749845
YNL268W,-1,-/-,-559.973160982132,-24462.470638036728,87,0.014748485646563076,0.9655172413793104,0.7734132726896837
YDR137W,-1,-/-,-560.0025057792664,-26460.867789506912,87,0.01474460242232754,0.9655172413793104,0.7736200124043828
YCR065W,-1,-/-,-560.0211088657379,-24785.94693183899,87,0.014740721242432218,0.9655172413793104,0.773826752119082
YCL051W,-1,-/-,-560.0393233299255,-25639.44012784958,87,0.014736842105263158,0.9655172413793104,0.7740334918337812
YBL010C,0,0/0,-560.0602457523346,-39002.96979010105,348,0.014736842105263158,0.9655172413793104,0.7740334918337812
YOL109W,-1,-/-,-560.0884580612183,-24846.404715061188,87,0.014732965009208104,0.9655172413793104,0.7742402315484804
YDL175C,-1,-/-,-560.1141641139984,-26887.239177703857,87,0.014729089952656496,0.9655172413793104,0.7744469712631796
YER031C,-1,-/-,-560.143226146698,-26118.38558936119,87,0.014725216933999474,0.9655172413793104,0.7746537109778788
YJR042W,-1,-/-,-560.2187790870667,-24916.73512816429,87,0.014721345951629864,0.9655172413793104,0.774860450692578
YBR231C,-1,-/-,-560.2299861907959,-24896.908584833145,87,0.014717477003942181,0.9655172413793104,0.7750671904072772
YBR069C,-1,-/-,-560.3064324855804,-23402.551062703133,87,0.014713610089332634,0.9655172413793104,0.7752739301219764
YHR170W,-1,-/-,-560.351331949234,-26775.235775232315,87,0.014709745206199106,0.9655172413793104,0.7754806698366756
YGL095C,-1,-/-,-560.3584277629852,-25644.855106830597,87,0.014705882352941176,0.9655172413793104,0.7756874095513748
YNL072W,-1,-/-,-560.3963408470154,-25894.426060199738,87,0.014702021527960095,0.9655172413793104,0.775894149266074
YLR013W,-1,-/-,-560.3969933986664,-24300.54051733017,87,0.014698162729658792,0.9655172413793104,0.7761008889807732
YOR367W,-1,-/-,-560.4561004638672,-25127.194130182266,87,0.014694305956441878,0.9655172413793104,0.7763076286954724
YOL013W-A,0,0/0,-560.460373044014,-39620.177313447,348,0.014694305956441878,0.9655172413793104,0.7763076286954724
YML077W,-1,-/-,-560.6113817691803,-26503.969895601273,87,0.014690451206715634,0.9655172413793104,0.7765143684101716
YNL273W,-1,-/-,-560.7142074108124,-25583.662150025368,87,0.014686598478888015,0.9655172413793104,0.7767211081248708
YOR252W,0,0/0,-560.7980529665947,-41851.51281815767,348,0.014686598478888015,0.9655172413793104,0.7767211081248708
YHR214C-B,-1,-/-,-560.8290328979492,-25599.709849596024,87,0.014682747771368642,0.9655172413793104,0.77692784783957
YDR163W,-1,-/-,-560.8355188369751,-26539.177928209305,87,0.014678899082568808,0.9655172413793104,0.7771345875542692
YKL144C,-1,-/-,-560.852392911911,-26717.13523364067,87,0.014675052410901468,0.9655172413793104,0.7773413272689683
YGL099W,-1,-/-,-561.0221452713013,-26802.738164663315,87,0.014671207754781241,0.9655172413793104,0.7775480669836675
YDR117C,-1,0/-,-561.0492684841156,-41546.944884479046,348,0.014667365112624411,0.9655172413793104,0.7777548066983667
YER087C-A,-1,-/-,-561.0957984924316,-23520.41337442398,87,0.014663524482848913,0.9655172413793104,0.7779615464130659
YDR524W-C,0,0/0,-561.1216901540756,-39014.61519539356,348,0.014663524482848913,0.9655172413793104,0.7779615464130659
YJL148W,-1,-/-,-561.1290032863617,-26465.450316905975,87,0.014659685863874346,0.9655172413793104,0.7781682861277651
YOR016C,-1,0/-,-561.131020128727,-41581.03488770127,348,0.014655849254121958,0.9655172413793104,0.7783750258424643
YGL060W,-1,0/-,-561.1441764235497,-40470.33915168047,348,0.014652014652014652,0.9655172413793104,0.7785817655571635
YER111C,-1,-/-,-561.1643869876862,-24726.737584114075,87,0.014648182055976981,0.9655172413793104,0.7787885052718627
YMR029C,-1,-/-,-561.1664590835571,-26608.31646132469,87,0.014644351464435146,0.9655172413793104,0.7789952449865619
YDR332W,-1,0/-,-561.1690966486931,-40975.84380173683,348,0.014640522875816993,0.9655172413793104,0.7792019847012611
YGL244W,-1,-/-,-561.1739015579224,-25114.596271276474,87,0.014636696288552013,0.9655172413793104,0.7794087244159603
YDR017C,-1,-/-,-561.1910948753357,-26214.389915943146,87,0.014632871701071335,0.9655172413793104,0.7796154641306595
YHL017W,-1,0/-,-561.3105100393295,-38267.12510699034,348,0.014629049111807733,0.9655172413793104,0.7798222038453587
YLL003W,-1,-/-,-561.3151268959045,-27371.900141000748,87,0.014625228519195612,0.9655172413793104,0.7800289435600579
YBL017C,-1,-/-,-561.3525643348694,-25405.146822214127,87,0.014621409921671017,0.9655172413793104,0.7802356832747571
YOR017W,0,0/0,-561.4128944277763,-41965.47241330147,348,0.014621409921671017,0.9655172413793104,0.7802356832747571
YDR184C,-1,-/-,-561.42911195755,-26173.63948392868,87,0.014617593317671627,0.9655172413793104,0.7804424229894563
YNL059C,-1,-/-,-561.486902475357,-25872.272634983063,87,0.014613778705636743,0.9655172413793104,0.7806491627041555
YLR287C,-1,0/-,-561.4916600584984,-38019.390457093716,348,0.014609966084007305,0.9655172413793104,0.7808559024188546
YDR416W,-1,-/-,-561.4999575614929,-26581.138822317123,87,0.014606155451225874,0.9655172413793104,0.7810626421335538
YPL124W,-1,-/-,-561.5015377998352,-25394.581785440445,87,0.014602346805736636,0.9655172413793104,0.781269381848253
YMR243C,-1,-/-,-561.5101561546326,-25349.748558044434,87,0.014598540145985401,0.9655172413793104,0.7814761215629522
YER002W,-1,-/-,-561.526398897171,-25416.044548034668,87,0.014594735470419598,0.9655172413793104,0.7816828612776514
YNR010W,-1,-/-,-561.5295159816742,-25209.910515785217,87,0.014590932777488274,0.9655172413793104,0.7818896009923506
YBR057C,-1,-/-,-561.5295972824097,-25869.474156856537,87,0.014587132065642095,0.9655172413793104,0.7820963407070498
YGL020C,-1,-/-,-561.5417590141296,-26568.03968477249,87,0.014583333333333334,0.9655172413793104,0.782303080421749
YMR263W,-1,-/-,-561.5686569213867,-24947.857862472534,87,0.014579536579015881,0.9655172413793104,0.7825098201364482
YDR143C,-1,-/-,-561.6138319969177,-25210.330106139183,87,0.014575741801145237,0.9655172413793104,0.7827165598511474
YLL022C,-1,-/-,-561.6320447921753,-24748.80303621292,87,0.014571948998178506,0.9655172413793104,0.7829232995658466
YLR234W,-1,-/-,-561.6607708930969,-25458.45587658882,87,0.014568158168574402,0.9655172413793104,0.7831300392805458
YGL145W,-1,-/-,-561.6765313148499,-26566.324070692062,87,0.014564369310793237,0.9655172413793104,0.783336778995245
YDR339C,-1,-/-,-561.7034168243408,-25089.604836940765,87,0.014560582423296931,0.9655172413793104,0.7835435187099442
YPL022W,-1,-/-,-561.7311415672302,-26053.591942071915,87,0.014556797504549,0.9655172413793104,0.7837502584246434
YGR034W,-1,0/-,-561.766100525856,-41283.09463202953,348,0.014553014553014554,0.9655172413793104,0.7839569981393426
YKL015W,-1,-/-,-561.7826647758484,-25713.179753303528,87,0.014549233567160301,0.9655172413793104,0.7841637378540418
YJL033W,-1,-/-,-561.8018786907196,-26641.44166612625,87,0.014545454545454545,0.9655172413793104,0.784370477568741
YLL032C,0,0/0,-561.8745584487915,-38822.41104447842,348,0.014545454545454545,0.9655172413793104,0.784370477568741
YIL017W,-1,-/-,-561.9017081260681,-25316.218142449856,87,0.014541677486367177,0.9655172413793104,0.7845772172834401
YNR029C,0,0/0,-561.913291811943,-38065.24024605751,348,0.014541677486367177,0.9655172413793104,0.7845772172834401
YPL064C,-1,0/-,-561.9389570951462,-40453.51920136809,348,0.014537902388369679,0.9655172413793104,0.7847839569981393
YGL235W,0,0/0,-561.9390691518784,-39078.68149405718,348,0.014537902388369679,0.9655172413793104,0.7847839569981393
YGR054W,-1,-/-,-561.9627921581268,-23110.95798778534,87,0.014534129249935116,0.9655172413793104,0.7849906967128385
YMR055C,-1,-/-,-561.977952003479,-24683.377423524857,87,0.014530358069538143,0.9655172413793104,0.7851974364275377
YDR335W,-1,-/-,-562.0112929344177,-25565.403307199478,87,0.014526588845654994,0.9655172413793104,0.7854041761422369
YCR095C,0,0/0,-562.0180429816246,-40049.86281251907,348,0.014526588845654994,0.9655172413793104,0.7854041761422369
YMR312W,-1,-/-,-562.0446486473083,-25659.61366915703,87,0.014522821576763486,0.9655172413793104,0.7856109158569361
YHL018W,0,0/0,-562.0776010751724,-38736.21506887674,348,0.014522821576763486,0.9655172413793104,0.7856109158569361
YDL165W,-1,-/-,-562.0956037044525,-25493.495809078217,87,0.014519056261343012,0.9655172413793104,0.7858176555716353
YPR171W,-1,-/-,-562.1185879707336,-24886.886103391647,87,0.014515292897874546,0.9655172413793104,0.7860243952863345
YDR114C,0,0/0,-562.1455689668655,-39419.28040134907,348,0.014515292897874546,0.9655172413793104,0.7860243952863345
YFL049W,-1,-/-,-562.1536407470703,-24915.759856939316,87,0.014511531484840632,0.9655172413793104,0.7862311350010337
YIL102C,0,0/0,-562.1662687063217,-39457.33715379238,348,0.014511531484840632,0.9655172413793104,0.7862311350010337
YIL075C,-1,-/-,-562.1947674751282,-26194.84303021431,87,0.014507772020725389,0.9655172413793104,0.7864378747157329
YER189W,0,0/0,-562.1948076486588,-40028.21622753143,348,0.014507772020725389,0.9655172413793104,0.7864378747157329
YNL110C,-1,-/-,-562.2593333721161,-25859.6114692688,87,0.014504014504014505,0.9655172413793104,0.7866446144304321
YBR012W-A,-1,-/-,-562.3509516716003,-25499.66423225403,87,0.014500258933195235,0.9655172413793104,0.7868513541451313
YBL111C,0,0/0,-562.3686442375183,-40135.54348552227,348,0.014500258933195235,0.9655172413793104,0.7868513541451313
YHR165C,-1,-/-,-562.413763999939,-25573.163838624954,87,0.014496505306756407,0.9655172413793104,0.7870580938598305
YBR170C,-1,-/-,-562.43337225914,-28456.353021144867,87,0.014492753623188406,0.9655172413793104,0.7872648335745297
YOR355W,-1,-/-,-562.444676399231,-24283.41659927368,87,0.014489003880983183,0.9655172413793104,0.7874715732892289
YIR009W,-1,-/-,-562.4968461990356,-25862.215363025665,87,0.014485256078634247,0.9655172413793104,0.7876783130039281
YDR418W,-1,-/-,-562.5295314788818,-25173.112159013748,87,0.014481510214636669,0.9655172413793104,0.7878850527186273
YIL027C,-1,0/-,-562.6050678491592,-41105.99203085899,348,0.014477766287487074,0.9655172413793104,0.7880917924333264
YMR138W,-1,-/-,-562.612734079361,-25402.352100372314,87,0.01447402429568364,0.9655172413793104,0.7882985321480256
YDL093W,-1,-/-,-562.7156937122345,-25122.076250314713,87,0.014470284237726097,0.9655172413793104,0.7885052718627248
YAR061W,0,0/0,-562.7537188529968,-38874.14604854584,348,0.014470284237726097,0.9655172413793104,0.7885052718627248
YNL153C,-1,-/-,-562.7929954528809,-26468.74852013588,87,0.014466546112115732,0.9655172413793104,0.788712011577424
YML041C,-1,-/-,-562.8118009567261,-25581.064447164536,87,0.014462809917355372,0.9655172413793104,0.7889187512921232
YNL050C,0,0/0,-562.81704890728,-38555.60391688347,348,0.014462809917355372,0.9655172413793104,0.7889187512921232
YDL108W,-1,-/-,-562.8226680755615,-26678.943381786346,87,0.014459075651949394,0.9655172413793104,0.7891254910068224
YBR278W,-1,-/-,-562.8686809539795,-25607.74636864662,87,0.014455343314403717,0.9655172413793104,0.7893322307215216
YAL064W-B,0,0/0,-562.8819042444229,-39904.54164493084,348,0.014455343314403717,0.9655172413793104,0.7893322307215216
YDR312W,-1,-/-,-562.9048388004303,-25961.641359567642,87,0.014451612903225806,0.9655172413793104,0.7895389704362208
YBR202W,-1,-/-,-562.9822988510132,-25664.339441776276,87,0.014447884416924664,0.9655172413793104,0.78974571015092
YDR180W,-1,-/-,-562.9946875572205,-24869.74232196808,87,0.014444157854010833,0.9655172413793104,0.7899524498656192
YMR049C,-1,-/-,-563.0893938541412,-26482.677295446396,87,0.01444043321299639,0.9655172413793104,0.7901591895803184
YDR495C,-1,-/-,-563.1460521221161,-23606.01935982704,87,0.014436710492394948,0.9655172413793104,0.7903659292950176
YGL175C,-1,-/-,-563.1468286514282,-23723.97198855877,87,0.01443298969072165,0.9655172413793104,0.7905726690097168
YNL161W,-1,-/-,-563.1516525745392,-27410.973566293716,87,0.014429270806493172,0.9655172413793104,0.790779408724416
YIR010W,-1,-/-,-563.1828246116638,-26231.75919985771,87,0.014425553838227717,0.9655172413793104,0.7909861484391152
YOL001W,-1,-/-,-563.1865894794464,-25761.8745906353,87,0.014421838784445017,0.9655172413793104,0.7911928881538144
YER149C,-1,-/-,-563.3524236679077,-25383.38310098648,87,0.014418125643666324,0.9655172413793104,0.7913996278685136
YKL092C,-1,-/-,-563.3539302349091,-24900.562255382538,87,0.014414414414414415,0.9655172413793104,0.7916063675832128
YLR145W,-1,-/-,-563.363029718399,-25493.603153944016,87,0.014410705095213588,0.9655172413793104,0.7918131072979119
YER068W,-1,-/-,-563.3753037452698,-25142.74419271946,87,0.014406997684589657,0.9655172413793104,0.7920198470126111
YML037C,0,0/0,-563.3926351070404,-38390.004807293415,348,0.014406997684589657,0.9655172413793104,0.7920198470126111
YJL193W,-1,0/-,-563.4036567211151,-38044.66745364666,348,0.01440329218106996,0.9655172413793104,0.7922265867273103
YJR006W,-1,-/-,-563.4042239189148,-25083.036814689636,87,0.014399588583183338,0.9655172413793104,0.7924333264420095
YNL147W,-1,-/-,-563.4190814495087,-25087.54947090149,87,0.014395886889460155,0.9655172413793104,0.7926400661567087
YBR215W,-1,-/-,-563.4383821487427,-28269.935392856598,87,0.01439218709843228,0.9655172413793104,0.7928468058714079
YDR097C,-1,-/-,-563.4772479534149,-25914.54539322853,87,0.014388489208633094,0.9655172413793104,0.7930535455861071
YJL011C,-1,-/-,-563.5916728973389,-26768.390022277832,87,0.014384793218597482,0.9655172413793104,0.7932602853008063
YLL017W,-1,-/-,-563.5920338630676,-24546.27647638321,87,0.014381099126861838,0.9655172413793104,0.7934670250155055
YOR334W,-1,-/-,-563.6425447463989,-25880.74658846855,87,0.014377406931964057,0.9655172413793104,0.7936737647302047
YDR173C,-1,-/-,-563.6426665782928,-25396.945301771164,87,0.014373716632443531,0.9655172413793104,0.7938805044449039
YOR260W,-1,-/-,-563.6759564876556,-25525.555213928223,87,0.01437002822684116,0.9655172413793104,0.7940872441596031
YMR076C,-1,-/-,-563.7220501899719,-25475.856634140015,87,0.014366341713699333,0.9655172413793104,0.7942939838743023
YDR333C,-1,0/-,-563.7369853258133,-38139.85102748871,348,0.01436265709156194,0.9655172413793104,0.7945007235890015
YJR135C,-1,-/-,-563.7598068714142,-25023.557097911835,87,0.014358974358974359,0.9655172413793104,0.7947074633037007
YNL330C,-1,-/-,-563.8108868598938,-26367.96525287628,87,0.014355293514483466,0.9655172413793104,0.7949142030183999
YNL078W,-1,-/-,-563.8545861244202,-25329.83528137207,87,0.014351614556637622,0.9655172413793104,0.7951209427330991
YLR276C,-1,-/-,-563.8827929496765,-25764.261057972908,87,0.014347937483986677,0.9655172413793104,0.7953276824477982
YOR206W,-1,-/-,-563.9021468162537,-25878.55456471443,87,0.014344262295081968,0.9655172413793104,0.7955344221624974
YOL005C,-1,-/-,-564.0056653022766,-23451.62680912018,87,0.014340588988476313,0.9655172413793104,0.7957411618771966
YHR135C,-1,-/-,-564.0590376853943,-25709.833456516266,87,0.014336917562724014,0.9655172413793104,0.7959479015918958
YOR117W,-1,-/-,-564.1021711826324,-25972.973663806915,87,0.014333248016380855,0.9655172413793104,0.796154641306595
YGR186W,-1,-/-,-564.1142120361328,-24769.28443670273,87,0.014329580348004094,0.9655172413793104,0.7963613810212942
YDR510W,-1,0/-,-564.1335923671722,-41201.645245581865,348,0.014325914556152468,0.9655172413793104,0.7965681207359934
YPL157W,-1,-/-,-564.2177538871765,-26216.995116472244,87,0.01432225063938619,0.9655172413793104,0.7967748604506926
YBR198C,-1,-/-,-564.3180866241455,-25492.964457511902,87,0.014318588596266939,0.9655172413793104,0.7969816001653918
YPL146C,-1,-/-,-564.3418049812317,-25831.771127939224,87,0.014314928425357873,0.9655172413793104,0.797188339880091
YPL086C,-1,-/-,-564.3571553230286,-26786.96753334999,87,0.014311270125223614,0.9655172413793104,0.7973950795947902
YNL216W,-1,-/-,-564.3956952095032,-25007.688516378403,87,0.01430761369443025,0.9655172413793104,0.7976018193094894
YMR129W,-1,-/-,-564.4278552532196,-27535.829899311066,87,0.014303959131545339,0.9655172413793104,0.7978085590241886
YLR005W,-1,-/-,-564.4328846931458,-25468.737366437912,87,0.014300306435137897,0.9655172413793104,0.7980152987388878
YCL034W,-1,-/-,-564.4942560195923,-28343.49400496483,87,0.014296655603778402,0.9655172413793104,0.798222038453587
YDR181C,-1,-/-,-564.6008412837982,-27618.796580553055,87,0.014293006636038795,0.9655172413793104,0.7984287781682862
YGL112C,-1,-/-,-564.6183423995972,-26114.531987905502,87,0.014289359530492473,0.9655172413793104,0.7986355178829854
YOR341W,-1,-/-,-564.6671857833862,-27996.05803322792,87,0.014285714285714285,0.9655172413793104,0.7988422575976846
YJR136C,-1,0/-,-564.6734900474548,-40656.50800234079,348,0.01428207090028054,0.9655172413793104,0.7990489973123837
YBL005W-A,-1,-/-,-564.8936614990234,-25602.109983205795,87,0.014278429372768995,0.9655172413793104,0.7992557370270829
YLR197W,-1,-/-,-564.9298329353333,-26554.525229930878,87,0.014274789701758857,0.9655172413793104,0.7994624767417821
YHR213W,0,0/0,-564.9593456983566,-40683.51963657141,348,0.014274789701758857,0.9655172413793104,0.7994624767417821
YIL076W,-1,-/-,-564.9613468647003,-25965.597610473633,87,0.014271151885830785,0.9655172413793104,0.7996692164564813
YER039C-A,0,0/0,-564.9697690010071,-39912.01766335964,348,0.014271151885830785,0.9655172413793104,0.7996692164564813
YMR149W,-1,-/-,-565.0509884357452,-25865.410893678665,87,0.014267515923566879,0.9655172413793104,0.7998759561711805
YBL061C,-1,-/-,-565.0567333698273,-26376.607521772385,87,0.014263881813550688,0.9655172413793104,0.8000826958858797
YDR311W,-1,-/-,-565.0931050777435,-26772.846884012222,87,0.0142602495543672,0.9655172413793104,0.8002894356005789
YLR399C,-1,-/-,-565.1161577701569,-25089.417740345,87,0.014256619144602852,0.9655172413793104,0.8004961753152781
YOL043C,-1,-/-,-565.1272792816162,-26032.520805358887,87,0.014252990582845508,0.9655172413793104,0.8007029150299773
YPR173C,-1,-/-,-565.2076900005341,-25631.421353816986,87,0.014249363867684479,0.9655172413793104,0.8009096547446765
YOL105C,-1,-/-,-565.22896027565,-24846.84689474106,87,0.014245738997710507,0.9655172413793104,0.8011163944593757
YIL127C,0,0/0,-565.2508543133736,-37402.09357833862,348,0.014245738997710507,0.9655172413793104,0.8011163944593757
YOL003C,-1,-/-,-565.2552754878998,-25456.382793188095,87,0.014242115971515769,0.9655172413793104,0.8013231341740749
YNL211C,0,0/0,-565.2609995007515,-38965.84516376257,348,0.014242115971515769,0.9655172413793104,0.8013231341740749
YBR091C,-1,-/-,-565.3221113681793,-26636.524733781815,87,0.014238494787693873,0.9655172413793104,0.8015298738887741
YHR143W-A,-1,-/-,-565.3428478240967,-25976.52999854088,87,0.014234875444839857,0.9655172413793104,0.8017366136034733
YBR275C,-1,-/-,-565.350860118866,-25664.00663614273,87,0.014231257941550191,0.9655172413793104,0.8019433533181725
YIL071W,-1,0/-,-565.4546560049057,-42813.16775494814,348,0.014227642276422764,0.9655172413793104,0.8021500930328717
YHR060W,-1,-/-,-565.4674363136292,-24828.472884893417,87,0.014224028448056897,0.9655172413793104,0.8023568327475709
YCR087C-A,-1,0/-,-565.5973610281944,-38035.37079179287,348,0.014220416455053326,0.9655172413793104,0.80256357246227
YDR128W,-1,0/-,-565.6267080307007,-41239.87116485834,348,0.014216806296014217,0.9655172413793104,0.8027703121769691
YGR013W,-1,-/-,-565.7040379047394,-25832.572506427765,87,0.014213197969543147,0.9655172413793104,0.8029770518916683
YOR145C,-1,-/-,-565.7611479759216,-25698.893132448196,87,0.014209591474245116,0.9655172413793104,0.8031837916063675
YLR389C,-1,0/-,-565.8563402295113,-41978.181825459,348,0.014205986808726534,0.9655172413793104,0.8033905313210667
YLR182W,-1,-/-,-565.9033713340759,-26838.00476551056,87,0.014202383971595232,0.9655172413793104,0.803597271035766
YNL197C,-1,-/-,-565.9204325675964,-25020.39842605591,87,0.014198782961460446,0.9655172413793104,0.8038040107504651
YPL011C,-1,-/-,-565.9405331611633,-25793.642050027847,87,0.014195183776932827,0.9655172413793104,0.8040107504651643
YFR050C,-1,-/-,-565.9680125713348,-27226.76200222969,87,0.01419158641662443,0.9655172413793104,0.8042174901798635
YKR037C,-1,-/-,-566.1440124511719,-25185.462878108025,87,0.01418799087914872,0.9655172413793104,0.8044242298945627
YOR099W,-1,-/-,-566.1455097198486,-25689.044753551483,87,0.014184397163120567,0.9655172413793104,0.804630969609262
YNL236W,-1,-/-,-566.1490876674652,-27276.342107772827,87,0.014180805267156243,0.9655172413793104,0.8048377093239611
YDR245W,-1,-/-,-566.1714997291565,-25023.17482161522,87,0.014177215189873417,0.9655172413793104,0.8050444490386603
YGR113W,-1,-/-,-566.1872429847717,-26099.33699965477,87,0.014173626929891167,0.9655172413793104,0.8052511887533595
YGR167W,-1,-/-,-566.191413640976,-26959.689515650272,87,0.01417004048582996,0.9655172413793104,0.8054579284680587
YDR165W,-1,-/-,-566.3546943664551,-27463.02573108673,87,0.014166455856311662,0.9655172413793104,0.805664668182758
YOR098C,-1,-/-,-566.380368232727,-23972.542356967926,87,0.014162873039959535,0.9655172413793104,0.8058714078974571
YML015C,-1,-/-,-566.3826162815094,-27021.71821832657,87,0.01415929203539823,0.9655172413793104,0.8060781476121563
YLR161W,0,0/0,-566.5770473480225,-40371.598679721355,348,0.01415929203539823,0.9655172413793104,0.8060781476121563
YOR144C,-1,-/-,-566.5849266052246,-25693.51168012619,87,0.014155712841253791,0.9655172413793104,0.8062848873268554
YER032W,-1,-/-,-566.6781797409058,-24580.437350273132,87,0.014152135456153651,0.9655172413793104,0.8064916270415546
YKR007W,-1,-/-,-566.7398164272308,-25060.688574790955,87,0.01414855987872663,0.9655172413793104,0.8066983667562538
YGL075C,-1,-/-,-566.7591071128845,-24152.43360877037,87,0.01414498610760293,0.9655172413793104,0.806905106470953
YJR032W,-1,0/-,-566.7749282717705,-42446.01307570934,348,0.014141414141414142,0.9655172413793104,0.8071118461856522
YOR281C,-1,-/-,-566.816859960556,-24974.987633228302,87,0.014137843978793235,0.9655172413793104,0.8073185859003514
YLR291C,-1,-/-,-566.8311831951141,-28241.941653966904,87,0.014134275618374558,0.9655172413793104,0.8075253256150506
YGL093W,-1,-/-,-566.8518433570862,-25610.999126195908,87,0.014130709058793843,0.9655172413793104,0.8077320653297498
YDL006W,-1,-/-,-566.9608352184296,-26236.56224656105,87,0.014127144298688193,0.9655172413793104,0.807938805044449
YKL205W,-1,-/-,-567.0157027244568,-26520.582193613052,87,0.01412358133669609,0.9655172413793104,0.8081455447591482
YDR257C,-1,0/-,-567.0317069292068,-40588.048115730286,348,0.014120020171457387,0.9655172413793104,0.8083522844738474
YML036W,-1,-/-,-567.0653247833252,-27043.922016620636,87,0.01411646080161331,0.9655172413793104,0.8085590241885466
YOL020W,-1,-/-,-567.0847556591034,-25786.23796415329,87,0.014112903225806451,0.9655172413793104,0.8087657639032458
YAL029C,-1,-/-,-567.1010229587555,-26531.695805311203,87,0.014109347442680775,0.9655172413793104,0.808972503617945
YDR524C,-1,-/-,-567.1330890655518,-25120.6707303524,87,0.014105793450881612,0.9655172413793104,0.8091792433326442
YGL078C,-1,-/-,-567.1415853500366,-26078.283959269524,87,0.014102241249055654,0.9655172413793104,0.8093859830473434
YIL014W,-1,-/-,-567.1572732925415,-26681.52524471283,87,0.014098690835850957,0.9655172413793104,0.8095927227620426
YLR166C,-1,-/-,-567.1941194534302,-25959.11999130249,87,0.01409514220991694,0.9655172413793104,0.8097994624767417
YKL160W,-1,-/-,-567.2112278938293,-26035.783611774445,87,0.014091595369904378,0.9655172413793104,0.8100062021914409
YDR323C,-1,-/-,-567.2467141151428,-24728.52812886238,87,0.014088050314465408,0.9655172413793104,0.8102129419061401
YDL002C,-1,-/-,-567.2598667144775,-25865.688074350357,87,0.014084507042253521,0.9655172413793104,0.8104196816208393
YOL034W,-1,-/-,-567.2668414115906,-24873.17821764946,87,0.01408096555192356,0.9655172413793104,0.8106264213355385
YDR167W,-1,-/-,-567.2992045879364,-26568.241791009903,87,0.014077425842131725,0.9655172413793104,0.8108331610502377
YKL068W,-1,-/-,-567.3791217803955,-26475.08721756935,87,0.014073887911535563,0.9655172413793104,0.8110399007649369
YKL186C,-1,-/-,-567.3821244239807,-24607.444108724594,87,0.01407035175879397,0.9655172413793104,0.8112466404796361
YHR036W,-1,-/-,-567.3840408325195,-24875.075217723846,87,0.014066817382567194,0.9655172413793104,0.8114533801943353
YPL020C,-1,-/-,-567.3849899768829,-27243.045327425003,87,0.014063284781516826,0.9655172413793104,0.8116601199090345
YNL288W,-1,-/-,-567.4129521846771,-25244.329085588455,87,0.014059753954305799,0.9655172413793104,0.8118668596237337
YEL076C,0,0/0,-567.4188303947449,-40204.591183423996,348,0.014059753954305799,0.9655172413793104,0.8118668596237337
YPR055W,-1,-/-,-567.524099111557,-26554.04613518715,87,0.014056224899598393,0.9655172413793104,0.8120735993384329
YOR368W,-1,-/-,-567.5349931716919,-24980.613758325577,87,0.014052697616060227,0.9655172413793104,0.8122803390531321
YDL056W,-1,-/-,-567.5730347633362,-26289.173979759216,87,0.014049172102358254,0.9655172413793104,0.8124870787678313
YPR129W,-1,0/-,-567.6020075678825,-42123.801094055176,348,0.014045648357160772,0.9655172413793104,0.8126938184825305
YGR091W,-1,-/-,-567.6611695289612,-25017.006406068802,87,0.014042126379137413,0.9655172413793104,0.8129005581972297
YBR283C,-1,-/-,-567.6825015544891,-25186.46379160881,87,0.014038606166959138,0.9655172413793104,0.8131072979119289
YJL024C,-1,-/-,-567.7053956985474,-25774.952867746353,87,0.014035087719298246,0.9655172413793104,0.8133140376266281
YPR203W,0,0/0,-567.7848691940308,-40060.20204734802,348,0.014035087719298246,0.9655172413793104,0.8133140376266281
YPL144W,0,-/0,-567.7982726097107,-25540.213290929794,87,0.014035087719298246,0.9655172413793104,0.8133140376266281
YBR097W,-1,-/-,-567.9084787368774,-26807.125936985016,87,0.014031571034828364,0.9655172413793104,0.8135207773413272
YOL017W,-1,-/-,-567.9100275039673,-26914.596695899963,87,0.014028056112224449,0.9655172413793104,0.8137275170560264
YNL265C,-1,0/-,-567.928691983223,-42304.3676981926,348,0.014024542950162784,0.9655172413793104,0.8139342567707256
YGL138C,0,0/0,-567.9566943645477,-39993.6806204319,348,0.014024542950162784,0.9655172413793104,0.8139342567707256
YLR105C,-1,-/-,-567.9619946479797,-25421.011564731598,87,0.014021031547320982,0.9655172413793104,0.8141409964854248
YIL131C,-1,-/-,-567.9816529750824,-25129.616286993027,87,0.014017521902377972,0.9655172413793104,0.814347736200124
YLR067C,-1,-/-,-568.0156137943268,-26200.158606529236,87,0.014014014014014014,0.9655172413793104,0.8145544759148232
YHR193C,-1,-/-,-568.099666595459,-25831.314168453217,87,0.014010507880910683,0.9655172413793104,0.8147612156295224
YPR120C,-1,-/-,-568.1284899711609,-26023.743194580078,87,0.014007003501750876,0.9655172413793104,0.8149679553442216
YDR280W,-1,-/-,-568.1827852725983,-25618.243054151535,87,0.014003500875218804,0.9655172413793104,0.8151746950589208
YLR431C,-1,-/-,-568.2080161571503,-26170.546434402466,87,0.014,0.9655172413793104,0.81538143477362
YDR496C,-1,0/-,-568.2601032853127,-42544.375480383635,348,0.013996500874781305,0.9655172413793104,0.8155881744883192
YDR325W,-1,-/-,-568.2991950511932,-24783.15727210045,87,0.013993003498250875,0.9655172413793104,0.8157949142030184
YMR294W,-1,0/-,-568.3853080272675,-41972.141980707645,348,0.013989507869098177,0.9655172413793104,0.8160016539177176
YLR068W,-1,-/-,-568.4008114337921,-25768.023012638092,87,0.013986013986013986,0.9655172413793104,0.8162083936324168
YER012W,-1,-/-,-568.4497780799866,-27524.747124671936,87,0.013982521847690388,0.9655172413793104,0.816415133347116
YNL214W,-1,-/-,-568.6900053024292,-25625.600041866302,87,0.013979031452820768,0.9655172413793104,0.8166218730618152
YJL197W,-1,0/-,-568.7300107479095,-41181.93531036377,348,0.013975542800099825,0.9655172413793104,0.8168286127765144
YOR058C,-1,-/-,-568.7836863994598,-27186.542506694794,87,0.013972055888223553,0.9655172413793104,0.8170353524912135
YDR191W,-1,-/-,-568.850583076477,-26597.8352060318,87,0.013968570715889249,0.9655172413793104,0.8172420922059127
YER016W,-1,-/-,-568.8605544567108,-25544.832830905914,87,0.013965087281795512,0.9655172413793104,0.8174488319206119
YOR211C,-1,-/-,-568.8766000270844,-26682.841171979904,87,0.013961605584642234,0.9655172413793104,0.8176555716353111
YNL158W,-1,0/-,-568.9243619441986,-41104.16234397888,348,0.013958125623130608,0.9655172413793104,0.8178623113500103
YDR013W,-1,-/-,-568.9887943267822,-25922.617846488953,87,0.01395464739596312,0.9655172413793104,0.8180690510647095
YNL255C,-1,0/-,-569.0955167412758,-40281.83472329378,348,0.013951170901843548,0.9655172413793104,0.8182757907794087
YJR010C-A,-1,-/-,-569.2031033039093,-25267.917690992355,87,0.013947696139476962,0.9655172413793104,0.8184825304941079
YPL193W,-1,-/-,-569.2709193229675,-24661.0748360157,87,0.013944223107569721,0.9655172413793104,0.8186892702088071
YHL029C,0,0/0,-569.3232074379921,-41253.69997447729,348,0.013944223107569721,0.9655172413793104,0.8186892702088071
YHL049C,0,0/0,-569.3365539312363,-40229.83350592852,348,0.013944223107569721,0.9655172413793104,0.8186892702088071
YIL142W,-1,-/-,-569.3545701503754,-25717.98808312416,87,0.013940751804829475,0.9655172413793104,0.8188960099235063
YER151C,-1,-/-,-569.3545794487,-25428.08502447605,87,0.013937282229965157,0.9655172413793104,0.8191027496382055
YAR009C,-1,-/-,-569.3909177780151,-24822.994661808014,87,0.013933814381686987,0.9655172413793104,0.8193094893529047
YKL005C,-1,-/-,-569.3957619667053,-26738.499459028244,87,0.013930348258706468,0.9655172413793104,0.8195162290676039
YDL135C,-1,-/-,-569.4217705726624,-26576.575092315674,87,0.013926883859736384,0.9655172413793104,0.8197229687823031
YDR110W,-1,-/-,-569.4377527236938,-26912.221633672714,87,0.0139234211834908,0.9655172413793104,0.8199297084970023
YNL290W,-1,-/-,-569.4462728500366,-26517.69702219963,87,0.01391996022868506,0.9655172413793104,0.8201364482117015
YKR022C,-1,-/-,-569.5227010250092,-25644.836274147034,87,0.013916500994035786,0.9655172413793104,0.8203431879264007
YML039W,-1,-/-,-569.5287647247314,-25650.973092079163,87,0.01391304347826087,0.9655172413793104,0.8205499276410999
YDR420W,-1,-/-,-569.5553109645844,-24690.741770505905,87,0.013909587680079483,0.9655172413793104,0.820756667355799
YJL044C,0,0/0,-569.5628527402878,-41336.93880870938,348,0.013909587680079483,0.9655172413793104,0.820756667355799
YDR484W,-1,-/-,-569.5819706916809,-25698.591641902924,87,0.013906133598212068,0.9655172413793104,0.8209634070704982
YIL150C,-1,-/-,-569.5859432220459,-24661.685430526733,87,0.013902681231380337,0.9655172413793104,0.8211701467851974
YBR061C,-1,-/-,-569.6248738765717,-27424.684023857117,87,0.013899230578307272,0.9655172413793104,0.8213768864998966
YML032C,-1,-/-,-569.6382479667664,-25348.406516075134,87,0.013895781637717122,0.9655172413793104,0.8215836262145958
YDR118W,-1,-/-,-569.646390914917,-25899.256183862686,87,0.013892334408335401,0.9655172413793104,0.821790365929295
YBR216C,-1,-/-,-569.6934638023376,-26848.17256140709,87,0.013888888888888888,0.9655172413793104,0.8219971056439942
YLR244C,-1,0/-,-569.7106769680977,-42115.47319358587,348,0.01388544507810563,0.9655172413793104,0.8222038453586934
YOR182C,-1,-/-,-569.7189054489136,-25488.888701438904,87,0.013882002974714923,0.9655172413793104,0.8224105850733926
YBL020W,-1,-/-,-569.7953779697418,-25354.35921216011,87,0.013878562577447335,0.9655172413793104,0.8226173247880918
YCL057C-A,-1,0/-,-569.8189028501511,-39811.46242207289,348,0.013875123885034688,0.9655172413793104,0.822824064502791
YDR238C,-1,-/-,-569.8406352996826,-25401.356132268906,87,0.013871686896210057,0.9655172413793104,0.8230308042174902
YOR026W,-1,-/-,-569.8579182624817,-26816.119975566864,87,0.013868251609707775,0.9655172413793104,0.8232375439321894
YNL232W,-1,-/-,-569.88299036026,-24981.883988142014,87,0.01386481802426343,0.9655172413793104,0.8234442836468886
YMR314W,-1,-/-,-569.9081864356995,-26753.129331350327,87,0.013861386138613862,0.9655172413793104,0.8236510233615878
YJR093C,-1,-/-,-569.9374561309814,-26689.878258943558,87,0.013857955951497154,0.9655172413793104,0.823857763076287
YML040W,-1,-/-,-569.9597268104553,-25104.492686986923,87,0.013854527461652647,0.9655172413793104,0.8240645027909862
YDR308C,-1,-/-,-569.990918636322,-25910.817440986633,87,0.013851100667820925,0.9655172413793104,0.8242712425056854
YPL042C,-1,-/-,-570.001987695694,-24487.02809906006,87,0.013847675568743818,0.9655172413793104,0.8244779822203845
YGL189C,-1,0/-,-570.0030477643013,-41955.94017356634,348,0.0138442521631644,0.9655172413793104,0.8246847219350837
YOR304W,-1,-/-,-570.0242118835449,-26291.77512860298,87,0.01384083044982699,0.9655172413793104,0.8248914616497829
YLR154C,-1,-/-,-570.0508432388306,-25688.798575162888,87,0.013837410427477144,0.9655172413793104,0.8250982013644821
YPL069C,-1,-/-,-570.1476299762726,-27201.501881599426,87,0.01383399209486166,0.9655172413793104,0.8253049410791813
YDR162C,-1,-/-,-570.1872611045837,-26279.50959420204,87,0.013830575450728575,0.9655172413793104,0.8255116807938805
YMR316W,-1,-/-,-570.2122266292572,-27004.730855703354,87,0.013827160493827161,0.9655172413793104,0.8257184205085797
YLR314C,-1,-/-,-570.2655832767487,-26602.140052318573,87,0.013823747222907924,0.9655172413793104,0.8259251602232789
YML061C,-1,-/-,-570.3234388828278,-24176.015751838684,87,0.013820335636722606,0.9655172413793104,0.8261318999379781
YOL135C,-1,-/-,-570.3479268550873,-26190.80655002594,87,0.013816925734024179,0.9655172413793104,0.8263386396526773
YOR112W,-1,-/-,-570.3524653911591,-25613.836714982986,87,0.013813517513566848,0.9655172413793104,0.8265453793673765
YDR361C,-1,-/-,-570.3779048919678,-25920.437189102173,87,0.013810110974106041,0.9655172413793104,0.8267521190820757
YER161C,-1,-/-,-570.4150388240814,-25433.65194940567,87,0.013806706114398421,0.9655172413793104,0.8269588587967749
YPR101W,-1,-/-,-570.4850912094116,-24186.40007328987,87,0.013803302933201873,0.9655172413793104,0.8271655985114741
YKL196C,-1,-/-,-570.6171908378601,-26183.606975317,87,0.013799901429275506,0.9655172413793104,0.8273723382261733
YML098W,-1,-/-,-570.6975977420807,-25616.027352571487,87,0.01379650160137965,0.9655172413793104,0.8275790779408725
YGL113W,-1,-/-,-570.7292771339417,-26130.187000989914,87,0.013793103448275862,0.9655172413793104,0.8277858176555717
YDR086C,-1,-/-,-570.7895033359528,-24994.73949098587,87,0.013789706968726915,0.9655172413793104,0.8279925573702708
YPR135W,-1,-/-,-570.7961695194244,-25355.151273489,87,0.013786312161496799,0.9655172413793104,0.82819929708497
YBR074W,0,0/0,-570.8860866427422,-43685.37904500961,348,0.013786312161496799,0.9655172413793104,0.82819929708497
YGR246C,-1,-/-,-570.9375910758972,-24850.83814883232,87,0.013782919025350726,0.9655172413793104,0.8284060367996692
YJL128C,-1,-/-,-570.9450993537903,-25585.69712162018,87,0.013779527559055118,0.9655172413793104,0.8286127765143684
YLR445W,-1,0/-,-570.9533224105835,-39821.86786711216,348,0.013776137761377615,0.9655172413793104,0.8288195162290676
YER171W,-1,-/-,-570.961443901062,-26338.9556183815,87,0.013772749631087064,0.9655172413793104,0.8290262559437668
YPL105C,-1,0/-,-570.966594517231,-41076.993221879005,348,0.013769363166953529,0.9655172413793104,0.829232995658466
YFR005C,-1,-/-,-570.9805047512054,-26660.468131542206,87,0.01376597836774828,0.9655172413793104,0.8294397353731652
YKL175W,-1,-/-,-571.2782905101776,-25505.463437080383,87,0.013762595232243794,0.9655172413793104,0.8296464750878644
YBR079C,-1,-/-,-571.2805070877075,-25960.08124613762,87,0.013759213759213759,0.9655172413793104,0.8298532148025636
YOR353C,-1,-/-,-571.3223328590393,-27996.94474720955,87,0.013755833947433063,0.9655172413793104,0.8300599545172628
YGR038W,-1,-/-,-571.3532009124756,-24916.07373690605,87,0.0137524557956778,0.9655172413793104,0.830266694231962
YLR310C,-1,-/-,-571.3564338684082,-26167.23526263237,87,0.013749079302725264,0.9655172413793104,0.8304734339466612
YJR112W,-1,-/-,-571.3899931907654,-25485.2264649868,87,0.013745704467353952,0.9655172413793104,0.8306801736613604
YMR179W,-1,-/-,-571.3932754993439,-25563.95453953743,87,0.013742331288343559,0.9655172413793104,0.8308869133760596
YML010W,-1,-/-,-571.5070223808289,-26177.635858297348,87,0.013738959764474975,0.9655172413793104,0.8310936530907588
YER075C,-1,-/-,-571.5081691741943,-26789.792127609253,87,0.013735589894530291,0.9655172413793104,0.831300392805458
YMR091C,-1,-/-,-571.5932855606079,-26726.6115398407,87,0.01373222167729279,0.9655172413793104,0.8315071325201572
YLR419W,0,0/0,-571.6593190431595,-39068.486449956894,348,0.01373222167729279,0.9655172413793104,0.8315071325201572
YOL145C,-1,-/-,-571.7236261367798,-24868.400569200516,87,0.013728855111546949,0.9655172413793104,0.8317138722348563
YGR217W,-1,-/-,-571.7367272377014,-26078.137819767,87,0.013725490196078431,0.9655172413793104,0.8319206119495555
YKL101W,-1,-/-,-571.7483215332031,-25706.005748152733,87,0.0137221269296741,0.9655172413793104,0.8321273516642547
YML059C,-1,-/-,-571.7830629348755,-27038.070026874542,87,0.013718765311121999,0.9655172413793104,0.8323340913789539
YFL066C,0,0/0,-571.7938550710678,-40444.59455215931,348,0.013718765311121999,0.9655172413793104,0.8323340913789539
YDR098C,-1,-/-,-571.8001458644867,-26064.602032661438,87,0.013715405339211364,0.9655172413793104,0.8325408310936531
YDL099W,-1,-/-,-571.8320982456207,-25298.689250946045,87,0.013712047012732615,0.9655172413793104,0.8327475708083523
YLR181C,-1,-/-,-571.931649684906,-25867.70051574707,87,0.013708690330477356,0.9655172413793104,0.8329543105230515
YLR148W,-1,-/-,-571.9621648788452,-26095.159224510193,87,0.013705335291238374,0.9655172413793104,0.8331610502377507
YOL006C,-1,-/-,-572.0682771205902,-25393.21394777298,87,0.013701981893809641,0.9655172413793104,0.8333677899524499
YNL224C,-1,0/-,-572.0783658027649,-41986.39248293638,348,0.0136986301369863,0.9655172413793104,0.8335745296671491
YGR196C,0,0/0,-572.1210355758667,-41635.501392006874,348,0.0136986301369863,0.9655172413793104,0.8335745296671491
YOR057W,0,-/0,-572.1410274505615,-26916.921251535416,87,0.0136986301369863,0.9655172413793104,0.8335745296671491
YFL065C,0,0/0,-572.1577018499374,-40237.30358535051,348,0.0136986301369863,0.9655172413793104,0.8335745296671491
YPR139C,-1,-/-,-572.2662029266357,-25623.347031593323,87,0.013695280019564686,0.9655172413793104,0.8337812693818483
YPR108W,-1,-/-,-572.3856539726257,-25956.503491401672,87,0.013691931540342298,0.9655172413793104,0.8339880090965475
YLR195C,-1,-/-,-572.4358539581299,-26710.689066395164,87,0.013688584698117819,0.9655172413793104,0.8341947488112467
YPR056W,-1,-/-,-572.4810881614685,-27884.741171240807,87,0.013685239491691105,0.9655172413793104,0.8344014885259459
YOR126C,-1,-/-,-572.6029953956604,-26187.49987387657,87,0.013681895919863182,0.9655172413793104,0.8346082282406451
YML003W,-1,0/-,-572.6064999103546,-38712.99831336737,348,0.013678553981436248,0.9655172413793104,0.8348149679553443
YOR089C,-1,-/-,-572.6741404533386,-24772.020374774933,87,0.013675213675213675,0.9655172413793104,0.8350217076700435
YLR263W,-1,-/-,-572.766205072403,-25487.768580198288,87,0.013671875,0.9655172413793104,0.8352284473847426
YJL179W,-1,-/-,-572.7908742427826,-25426.62673974037,87,0.013668537954600928,0.9655172413793104,0.8354351870994418
YGL167C,-1,-/-,-572.870845079422,-25640.139932870865,87,0.013665202537823329,0.9655172413793104,0.835641926814141
YKL049C,-1,-/-,-572.9721126556396,-24426.732692956924,87,0.013661868748475237,0.9655172413793104,0.8358486665288402
YML104C,-1,-/-,-572.9821448326111,-25021.46020746231,87,0.013658536585365854,0.9655172413793104,0.8360554062435394
YBL113C,0,0/0,-572.987310886383,-40566.47084033489,348,0.013658536585365854,0.9655172413793104,0.8360554062435394
YEL037C,-1,-/-,-573.0773682594299,-25119.173847198486,87,0.013655206047305536,0.9655172413793104,0.8362621459582386
YGL190C,-1,-/-,-573.0835168361664,-26944.10380244255,87,0.013651877133105802,0.9655172413793104,0.8364688856729378
YNL112W,-1,-/-,-573.1123311519623,-26661.191907644272,87,0.013648549841579332,0.9655172413793104,0.836675625387637
YDR299W,-1,-/-,-573.1763081550598,-26014.433633089066,87,0.01364522417153996,0.9655172413793104,0.8368823651023362
YOR231W,-1,-/-,-573.3662731647491,-27581.236120462418,87,0.01364190012180268,0.9655172413793104,0.8370891048170354
YBR060C,-1,-/-,-573.3754062652588,-26093.450459957123,87,0.013638577691183634,0.9655172413793104,0.8372958445317346
YDR201W,-1,-/-,-573.3906292915344,-26737.382458925247,87,0.013635256878500122,0.9655172413793104,0.8375025842464338
YGL212W,-1,-/-,-573.4646897315979,-24907.182591199875,87,0.013631937682570594,0.9655172413793104,0.837709323961133
YLR115W,-1,-/-,-573.4726526737213,-28052.03530907631,87,0.013628620102214651,0.9655172413793104,0.8379160636758322
YGL013C,-1,-/-,-573.576012134552,-26564.870064496994,87,0.013625304136253041,0.9655172413793104,0.8381228033905314
YJL123C,0,0/0,-573.6120018362999,-41341.43869642913,348,0.013625304136253041,0.9655172413793104,0.8381228033905314
YBR130C,-1,-/-,-573.6382381916046,-26407.252426624298,87,0.013621989783507663,0.9655172413793104,0.8383295431052306
YPR143W,-1,-/-,-573.93678855896,-25862.847452163696,87,0.013618677042801557,0.9655172413793104,0.8385362828199298
YPL138C,-1,-/-,-574.0142056941986,-26381.525021076202,87,0.01361536591295891,0.9655172413793104,0.838743022534629
YPR034W,-1,-/-,-574.0530886650085,-25545.119454860687,87,0.013612056392805057,0.9655172413793104,0.838949762249328
YDR507C,-1,-/-,-574.0830516815186,-25667.133635282516,87,0.013608748481166465,0.9655172413793104,0.8391565019640272
YOL031C,-1,-/-,-574.252943277359,-25957.775767087936,87,0.013605442176870748,0.9655172413793104,0.8393632416787264
YBL071W-A,-1,-/-,-574.3256254196167,-25024.848791122437,87,0.01360213747874666,0.9655172413793104,0.8395699813934256
YHR077C,-1,-/-,-574.33717918396,-25616.70088505745,87,0.013598834385624089,0.9655172413793104,0.8397767211081248
YLR170C,-1,-/-,-574.410799741745,-26629.788122415543,87,0.013595532896334061,0.9655172413793104,0.839983460822824
YFL002C,-1,-/-,-574.4411702156067,-26360.191291809082,87,0.013592233009708738,0.9655172413793104,0.8401902005375232
YBL079W,-1,-/-,-574.4919075965881,-25956.95788168907,87,0.013588934724581413,0.9655172413793104,0.8403969402522224
YLR191W,-1,-/-,-574.5512685775757,-27099.600955486298,87,0.013585638039786511,0.9655172413793104,0.8406036799669216
YLR192C,-1,-/-,-574.5818247795105,-25476.885060548782,87,0.013582342954159592,0.9655172413793104,0.8408104196816208
YFL046W,-1,0/-,-574.5907589793205,-41842.98631063104,348,0.013579049466537343,0.9655172413793104,0.84101715939632
YDR291W,-1,0/-,-574.6315041780472,-42257.410378456116,348,0.013575757575757576,0.9655172413793104,0.8412238991110192
YGL243W,-1,-/-,-574.6514310836792,-24892.781304836273,87,0.013572467280659235,0.9655172413793104,0.8414306388257184
YLR007W,-1,-/-,-574.6745615005493,-26272.487314224243,87,0.013569178580082384,0.9655172413793104,0.8416373785404176
YDL166C,-1,-/-,-574.7327105998993,-25617.18052506447,87,0.013565891472868217,0.9655172413793104,0.8418441182551168
YOL121C,-1,-/-,-574.8582348823547,-25746.534353733063,87,0.013562605957859046,0.9655172413793104,0.842050857969816
YDR469W,-1,-/-,-575.0330040454865,-25964.04103052616,87,0.013559322033898305,0.9655172413793104,0.8422575976845152
YIL174W,0,0/0,-575.1378670930862,-40482.84305489063,348,0.013559322033898305,0.9655172413793104,0.8422575976845152
YOR241W,0,-/0,-575.2419624328613,-26178.13671898842,87,0.013559322033898305,0.9655172413793104,0.8422575976845152
YOR056C,-1,-/-,-575.2865653038025,-25788.677925109863,87,0.01355603969983055,0.9655172413793104,0.8424643373992143
YDR051C,-1,0/-,-575.3744304180145,-40919.547417104244,348,0.013552758954501452,0.9655172413793104,0.8426710771139135
YHR079C-A,-1,-/-,-575.4329996109009,-25474.205867290497,87,0.013549479796757804,0.9655172413793104,0.8428778168286127
YDR103W,-1,-/-,-575.4866652488708,-24768.523495435715,87,0.013546202225447508,0.9655172413793104,0.8430845565433119
YPR025C,-1,-/-,-575.5000839233398,-26530.98549103737,87,0.013542926239419589,0.9655172413793104,0.8432912962580111
YDR472W,-1,-/-,-575.5060822963715,-25954.061287403107,87,0.013539651837524178,0.9655172413793104,0.8434980359727103
YLR088W,-1,-/-,-575.5291152000427,-26634.23072695732,87,0.01353637901861252,0.9655172413793104,0.8437047756874095
YOR069W,-1,-/-,-575.5610942840576,-26134.480128765106,87,0.013533107781536975,0.9655172413793104,0.8439115154021087
YOR315W,-1,-/-,-575.5616641044617,-24945.83775663376,87,0.013529838125151003,0.9655172413793104,0.8441182551168079
YHR005C,-1,-/-,-575.5622665882111,-25433.817484617233,87,0.01352657004830918,0.9655172413793104,0.8443249948315071
YLR084C,-1,-/-,-575.566960811615,-25435.340656995773,87,0.013523303549867182,0.9655172413793104,0.8445317345462063
YMR197C,-1,-/-,-575.5849046707153,-26814.94531273842,87,0.013520038628681796,0.9655172413793104,0.8447384742609055
YMR064W,0,0/0,-575.6354756951332,-42700.166950285435,348,0.013520038628681796,0.9655172413793104,0.8447384742609055
YAL043C,-1,-/-,-575.6361508369446,-26594.881269216537,87,0.01351677528361091,0.9655172413793104,0.8449452139756047
YPL053C,-1,-/-,-575.7026019096375,-25888.057849884033,87,0.013513513513513514,0.9655172413793104,0.8451519536903039
YJL122W,-1,-/-,-575.7165458202362,-25832.390939593315,87,0.013510253317249699,0.9655172413793104,0.8453586934050031
YDL156W,-1,0/-,-575.8409563302994,-38812.86253589392,348,0.013506994693680656,0.9655172413793104,0.8455654331197023
YPR110C,-1,-/-,-575.9001860618591,-26605.880073308945,87,0.013503737641668677,0.9655172413793104,0.8457721728344015
YNL047C,-1,-/-,-575.9049119949341,-26586.997066259384,87,0.013500482160077145,0.9655172413793104,0.8459789125491007
YNL123W,-1,-/-,-575.9712424278259,-26281.21652340889,87,0.013497228247770547,0.9655172413793104,0.8461856522637998
YNL233W,-1,-/-,-576.0263798236847,-25361.2342069149,87,0.013493975903614458,0.9655172413793104,0.846392391978499
YMR051C,-1,-/-,-576.100980758667,-25264.481647253036,87,0.013490725126475547,0.9655172413793104,0.8465991316931982
YNL041C,-1,-/-,-576.2210922241211,-26675.92670249939,87,0.01348747591522158,0.9655172413793104,0.8468058714078974
YGR085C,-1,-/-,-576.265142917633,-26022.34535050392,87,0.013484228268721405,0.9655172413793104,0.8470126111225966
YLR386W,-1,-/-,-576.3073825836182,-25874.455870866776,87,0.013480982185844969,0.9655172413793104,0.8472193508372958
YOR060C,-1,-/-,-576.3530831336975,-25549.837963819504,87,0.013477737665463297,0.9655172413793104,0.847426090551995
YFL037W,-1,-/-,-576.4053153991699,-25896.882458925247,87,0.013474494706448507,0.9655172413793104,0.8476328302666942
YPR082C,-1,-/-,-576.4225873947144,-26490.92809534073,87,0.013471253307673804,0.9655172413793104,0.8478395699813934
YMR044W,-1,-/-,-576.425942659378,-27839.07933664322,87,0.013468013468013467,0.9655172413793104,0.8480463096960926
YHR158C,-1,-/-,-576.5813143253326,-27846.73081278801,87,0.013464775186342872,0.9655172413793104,0.8482530494107918
YDR195W,-1,-/-,-576.8425869941711,-25126.92726302147,87,0.013461538461538462,0.9655172413793104,0.848459789125491
YOR115C,-1,-/-,-576.8686766624451,-25448.265081882477,87,0.013458303292477769,0.9655172413793104,0.8486665288401902
YDR062W,-1,-/-,-576.9480204582214,-25526.24596643448,87,0.013455069678039404,0.9655172413793104,0.8488732685548894
YBR087W,-1,-/-,-577.0769898891449,-25394.641443490982,87,0.01345183761710305,0.9655172413793104,0.8490800082695886
YKR008W,-1,-/-,-577.0956630706787,-25693.112972974777,87,0.013448607108549471,0.9655172413793104,0.8492867479842878
YDR139C,-1,0/-,-577.1003069877625,-41339.08891889453,348,0.013445378151260505,0.9655172413793104,0.849493487698987
YLR383W,-1,-/-,-577.1544237136841,-27918.485849380493,87,0.01344215074411906,0.9655172413793104,0.8497002274136861
YCR009C,-1,-/-,-577.1963310241699,-26305.870501995087,87,0.01343892488600912,0.9655172413793104,0.8499069671283853
YGR245C,-1,-/-,-577.2143929004669,-26595.775975465775,87,0.013435700575815739,0.9655172413793104,0.8501137068430845
YDL191W,-1,0/-,-577.2164719104767,-42123.7794380784,348,0.013432477812425042,0.9655172413793104,0.8503204465577837
YER110C,-1,-/-,-577.295196056366,-25576.99513411522,87,0.01342925659472422,0.9655172413793104,0.8505271862724829
YOR039W,-1,-/-,-577.3204183578491,-26544.037986040115,87,0.013426036921601535,0.9655172413793104,0.8507339259871821
YDR172W,-1,-/-,-577.3549137115479,-27156.661100625992,87,0.013422818791946308,0.9655172413793104,0.8509406657018813
YOR191W,-1,-/-,-577.3728837966919,-27315.884832382202,87,0.013419602204648934,0.9655172413793104,0.8511474054165805
YNL262W,-1,-/-,-577.3734407424927,-26569.554152965546,87,0.013416387158600862,0.9655172413793104,0.8513541451312797
YDR473C,-1,-/-,-577.3752608299255,-26592.4441986084,87,0.01341317365269461,0.9655172413793104,0.8515608848459789
YEL077C,0,0/0,-577.4682090878487,-40494.985068023205,348,0.01341317365269461,0.9655172413793104,0.8515608848459789
YHR187W,-1,-/-,-577.5048332214355,-26524.502692222595,87,0.013409961685823755,0.9655172413793104,0.8517676245606781
YMR113W,0,-/0,-577.5125107765198,-27589.818145036697,87,0.013409961685823755,0.9655172413793104,0.8517676245606781
YFR041C,-1,-/-,-577.5183429718018,-25354.111841201782,87,0.01340675125688293,0.9655172413793104,0.8519743642753773
YKL048C,-1,-/-,-577.5216116905212,-25596.27544593811,87,0.013403542364767831,0.9655172413793104,0.8521811039900765
YGR095C,-1,-/-,-577.5917387008667,-26648.130817890167,87,0.01340033500837521,0.9655172413793104,0.8523878437047757
YBL100W-A,-1,-/-,-577.608564376831,-25037.089711666107,87,0.013397129186602871,0.9655172413793104,0.8525945834194749
YGR009C,-1,-/-,-577.676700592041,-26717.009518384933,87,0.013393924898349677,0.9655172413793104,0.8528013231341741
YOL149W,-1,-/-,-577.7180728912354,-25706.44857597351,87,0.013390722142515544,0.9655172413793104,0.8530080628488733
YBR258C,-1,-/-,-577.775319814682,-27992.14836394787,87,0.013387520918001434,0.9655172413793104,0.8532148025635725
YMR299C,0,-/0,-577.777587890625,-25771.382073163986,87,0.013387520918001434,0.9655172413793104,0.8532148025635725
YDL190C,-1,-/-,-577.7855091094971,-26186.10508131981,87,0.01338432122370937,0.9655172413793104,0.8534215422782716
YHR148W,-1,-/-,-577.8081362247467,-27869.32878088951,87,0.013381123058542414,0.9655172413793104,0.8536282819929708
YBR192W,-1,-/-,-577.819078207016,-25871.78978729248,87,0.013377926421404682,0.9655172413793104,0.85383502170767
YNL102W,-1,-/-,-577.8432252407074,-27258.43408203125,87,0.013374731311201338,0.9655172413793104,0.8540417614223692
YMR283C,-1,-/-,-578.0497159957886,-24877.046328783035,87,0.013371537726838587,0.9655172413793104,0.8542485011370684
YLR229C,-1,-/-,-578.052020072937,-25776.149707317352,87,0.013368345667223681,0.9655172413793104,0.8544552408517676
YNL136W,-1,-/-,-578.1146438121796,-25705.614755630493,87,0.013365155131264916,0.9655172413793104,0.8546619805664668
YNL018C,0,0/0,-578.2330709695816,-40394.92640775442,348,0.013365155131264916,0.9655172413793104,0.8546619805664668
YGR081C,-1,-/-,-578.2561030387878,-26279.04878795147,87,0.01336196611787163,0.9655172413793104,0.854868720281166
YMR268C,-1,-/-,-578.2864594459534,-25285.028371810913,87,0.013358778625954198,0.9655172413793104,0.8550754599958652
YJR132W,0,-/0,-578.3237636089325,-26265.648720264435,87,0.013358778625954198,0.9655172413793104,0.8550754599958652
YOR189W,-1,0/-,-578.3522698283195,-40319.11042881012,348,0.01335559265442404,0.9655172413793104,0.8552821997105644
YPL050C,-1,-/-,-578.3939211368561,-26092.818060159683,87,0.01335240820219361,0.9655172413793104,0.8554889394252636
YGL029W,-1,-/-,-578.4389963150024,-25382.201038599014,87,0.0133492252681764,0.9655172413793104,0.8556956791399628
YOR106W,-1,-/-,-578.5089092254639,-26544.173743486404,87,0.01334604385128694,0.9655172413793104,0.855902418854662
YHR121W,0,0/0,-578.6063371896744,-39468.728748738766,348,0.01334604385128694,0.9655172413793104,0.855902418854662
YPL051W,-1,-/-,-578.6117835044861,-25748.598961353302,87,0.01334286395044079,0.9655172413793104,0.8561091585693612
YDL161W,-1,-/-,-578.6369190216064,-26141.816222667694,87,0.01333968556455455,0.9655172413793104,0.8563158982840604
YCL020W,-1,-/-,-578.7667574882507,-24686.92268896103,87,0.013336508692545844,0.9655172413793104,0.8565226379987596
YMR125W,-1,-/-,-578.7940096855164,-25935.361320972443,87,0.013333333333333334,0.9655172413793104,0.8567293777134588
YNL166C,-1,-/-,-578.8133251667023,-25238.472068071365,87,0.013330159485836705,0.9655172413793104,0.8569361174281579
YBL004W,-1,-/-,-578.8289928436279,-25849.616213083267,87,0.013326987148976678,0.9655172413793104,0.8571428571428571
YDR225W,-1,-/-,-578.8646104335785,-24131.516660928726,87,0.013323816321674994,0.9655172413793104,0.8573495968575563
YOR048C,-1,-/-,-578.9539074897766,-27609.538782835007,87,0.013320647002854425,0.9655172413793104,0.8575563365722555
YDL207W,-1,-/-,-579.1169464588165,-26561.56454396248,87,0.013317479191438763,0.9655172413793104,0.8577630762869547
YPL093W,-1,-/-,-579.2217960357666,-26867.999318361282,87,0.01331431288635283,0.9655172413793104,0.8579698160016539
YBR119W,-1,-/-,-579.2294511795044,-26353.46942782402,87,0.013311148086522463,0.9655172413793104,0.8581765557163531
YDR164C,-1,-/-,-579.2363605499268,-26117.663217782974,87,0.013307984790874524,0.9655172413793104,0.8583832954310523
YER113C,-1,0/-,-579.2841555476189,-43024.32682925463,348,0.013304822998336897,0.9655172413793104,0.8585900351457515
YKL143W,-1,-/-,-579.2914762496948,-25278.516023397446,87,0.01330166270783848,0.9655172413793104,0.8587967748604507
YPL082C,-1,-/-,-579.3556370735168,-25490.12974691391,87,0.01329850391830919,0.9655172413793104,0.8590035145751499
YAL034W-A,-1,-/-,-579.4833750724792,-25146.109169483185,87,0.013295346628679962,0.9655172413793104,0.8592102542898491
YDL055C,-1,-/-,-579.4950578212738,-24256.423625946045,87,0.013292190837882745,0.9655172413793104,0.8594169940045483
YNL139C,-1,-/-,-579.515618801117,-26930.66142988205,87,0.013289036544850499,0.9655172413793104,0.8596237337192475
YPR088C,-1,-/-,-579.5161924362183,-26083.40354156494,87,0.0132858837485172,0.9655172413793104,0.8598304734339467
YOR207C,-1,-/-,-579.5793976783752,-27364.687795877457,87,0.013282732447817837,0.9655172413793104,0.8600372131486459
YKR060W,-1,-/-,-579.618754863739,-26413.72902226448,87,0.013279582641688404,0.9655172413793104,0.8602439528633451
YFR027W,-1,-/-,-579.7399942874908,-26616.05024123192,87,0.013276434329065908,0.9655172413793104,0.8604506925780443
YJR064W,-1,-/-,-579.7489165067673,-26562.747844576836,87,0.013273287508888362,0.9655172413793104,0.8606574322927434
YOR118W,0,0/0,-579.808839559555,-40507.16835266352,348,0.013273287508888362,0.9655172413793104,0.8606574322927434
YNL215W,-1,0/-,-579.8452823162079,-43355.501608490944,348,0.013270142180094787,0.9655172413793104,0.8608641720074426
YOR329C,-1,-/-,-579.8967988491058,-29769.848165988922,87,0.013266998341625208,0.9655172413793104,0.8610709117221418
YJR055W,-1,-/-,-579.952470779419,-23931.63415336609,87,0.013263855992420654,0.9655172413793104,0.861277651436841
YIL144W,-1,-/-,-580.0758185386658,-26442.7148604393,87,0.013260715131423158,0.9655172413793104,0.8614843911515402
YHR085W,-1,-/-,-580.1167869567871,-27120.514529705048,87,0.013257575757575758,0.9655172413793104,0.8616911308662394
YML093W,-1,-/-,-580.1501371860504,-28170.684832811356,87,0.013254437869822486,0.9655172413793104,0.8618978705809386
YMR050C,-1,-/-,-580.2271790504456,-26078.302859783173,87,0.013251301467108376,0.9655172413793104,0.8621046102956378
YNL164C,-1,-/-,-580.2639503479004,-25809.380462646484,87,0.013248166548379466,0.9655172413793104,0.862311350010337
YDR200C,-1,-/-,-580.3765711784363,-26563.575506925583,87,0.013245033112582781,0.9655172413793104,0.8625180897250362
YML074C,-1,-/-,-580.4098982810974,-26682.477570533752,87,0.013241901158666351,0.9655172413793104,0.8627248294397354
YDR147W,-1,-/-,-580.6566047668457,-25707.65592813492,87,0.013238770685579196,0.9655172413793104,0.8629315691544346
YJL008C,-1,-/-,-580.6770610809326,-26652.00878930092,87,0.01323564169227133,0.9655172413793104,0.8631383088691338
YHR127W,-1,0/-,-580.6779724359512,-40083.00805181265,348,0.013232514177693762,0.9655172413793104,0.863345048583833
YJR014W,-1,0/-,-580.6799132823944,-42159.10680639744,348,0.013229388140798487,0.9655172413793104,0.8635517882985322
YNL172W,-1,-/-,-580.7267558574677,-26693.72042775154,87,0.013226263580538498,0.9655172413793104,0.8637585280132314
YNL308C,-1,0/-,-580.7384170889854,-42365.510616362095,348,0.013223140495867768,0.9655172413793104,0.8639652677279306
YNL283C,-1,-/-,-580.7741639614105,-25900.30634856224,87,0.013220018885741265,0.9655172413793104,0.8641720074426297
YKR028W,-1,-/-,-580.7979474067688,-28235.09639763832,87,0.01321689874911494,0.9655172413793104,0.8643787471573289
YCR002C,-1,-/-,-580.938690662384,-25884.245011806488,87,0.013213780084945729,0.9655172413793104,0.8645854868720281
YBR109C,-1,-/-,-580.9412899017334,-26286.30948162079,87,0.013210662892191555,0.9655172413793104,0.8647922265867273
YLR082C,0,0/0,-580.983787715435,-42258.891830682755,348,0.013210662892191555,0.9655172413793104,0.8647922265867273
YMR146C,-1,-/-,-581.0867328643799,-26850.30095767975,87,0.013207547169811321,0.9655172413793104,0.8649989663014265
YGL241W,-1,-/-,-581.2035641670227,-26073.26051902771,87,0.013204432916764914,0.9655172413793104,0.8652057060161257
YHR219W,0,0/0,-581.2090706825256,-41292.75309973955,348,0.013204432916764914,0.9655172413793104,0.8652057060161257
YHR107C,-1,-/-,-581.3467855453491,-26657.39417386055,87,0.013201320132013201,0.9655172413793104,0.8654124457308249
YCR097WB,-1,0/-,-581.3833779096603,-42856.07298964262,348,0.013198208814518029,0.9655172413793104,0.8656191854455241
YPR162C,-1,-/-,-581.410843372345,-25065.067699193954,87,0.013195098963242224,0.9655172413793104,0.8658259251602233
YKL073W,-1,-/-,-581.4243960380554,-26557.080494880676,87,0.013191990577149587,0.9655172413793104,0.8660326648749225
YDR140W,-1,-/-,-581.459629535675,-27643.972421884537,87,0.0131888836552049,0.9655172413793104,0.8662394045896217
YGR006W,-1,-/-,-581.7079153060913,-25681.461093902588,87,0.01318577819637391,0.9655172413793104,0.8664461443043209
YML111W,-1,0/-,-581.8965753316879,-41630.347023546696,348,0.013182674199623353,0.9655172413793104,0.8666528840190201
YBL091C,-1,0/-,-581.9439364075661,-42789.916166603565,348,0.013179571663920923,0.9655172413793104,0.8668596237337193
YFR046C,-1,-/-,-581.9849908351898,-25154.778668403625,87,0.013176470588235295,0.9655172413793104,0.8670663634484185
YOR025W,-1,-/-,-582.0226097106934,-26040.725794315338,87,0.013173370971536109,0.9655172413793104,0.8672731031631177
YOR195W,-1,-/-,-582.0314483642578,-25915.836955308914,87,0.01317027281279398,0.9655172413793104,0.8674798428778169
YER138C,-1,-/-,-582.0420460700989,-26422.082930088043,87,0.013167176110980484,0.9655172413793104,0.8676865825925161
YFL008W,-1,-/-,-582.2144875526428,-24898.01363515854,87,0.013164080865068171,0.9655172413793104,0.8678933223072152
YLR442C,-1,-/-,-582.259471654892,-25511.531126976013,87,0.013160987074030552,0.9655172413793104,0.8681000620219144
YBL056W,-1,-/-,-582.2869138717651,-26343.101225614548,87,0.013157894736842105,0.9655172413793104,0.8683068017366136
YLL008W,-1,-/-,-582.3808970451355,-26703.06129050255,87,0.013154803852478272,0.9655172413793104,0.8685135414513128
YKR095W,-1,-/-,-582.4165720939636,-25210.617743253708,87,0.013151714419915453,0.9655172413793104,0.868720281166012
YKR038C,-1,-/-,-582.6382369995117,-26664.199570655823,87,0.013148626438131016,0.9655172413793104,0.8689270208807112
YMR153W,-1,-/-,-582.6822910308838,-26557.91815519333,87,0.013145539906103286,0.9655172413793104,0.8691337605954104
YDR068W,0,0/0,-582.6856407523155,-42337.83040377498,348,0.013145539906103286,0.9655172413793104,0.8691337605954104
YDR460W,-1,-/-,-582.7116274833679,-27385.55919265747,87,0.013142454822811546,0.9655172413793104,0.8693405003101096
YGL150C,-1,-/-,-582.7578871250153,-27910.400012016296,87,0.01313937118723604,0.9655172413793104,0.8695472400248088
YGR090W,-1,-/-,-582.7841196060181,-27350.921820402145,87,0.013136288998357963,0.9655172413793104,0.869753979739508
YDR303C,-1,-/-,-582.8246669769287,-26248.14881515503,87,0.013133208255159476,0.9655172413793104,0.8699607194542072
YEL075C,0,0/0,-582.8259824514389,-40968.62205219269,348,0.013133208255159476,0.9655172413793104,0.8699607194542072
YEL061C,-1,-/-,-582.9133746623993,-25548.28871536255,87,0.013130128956623681,0.9655172413793104,0.8701674591689064
YPR104C,-1,-/-,-582.9962940216064,-24739.655125141144,87,0.013127051101734646,0.9655172413793104,0.8703741988836056
YJR027W,-1,-/-,-583.0332617759705,-25359.394892692566,87,0.013123974689477385,0.9655172413793104,0.8705809385983048
YDR123C,-1,-/-,-583.0446820259094,-27071.620416402817,87,0.013120899718837863,0.9655172413793104,0.870787678313004
YMR285C,-1,-/-,-583.070170879364,-26430.415354967117,87,0.013117826188802998,0.9655172413793104,0.8709944180277032
YLR298C,-1,-/-,-583.1484146118164,-25802.814554929733,87,0.013114754098360656,0.9655172413793104,0.8712011577424024
YLR440C,-1,0/-,-583.1493446230888,-41466.642910182476,348,0.013111683446499649,0.9655172413793104,0.8714078974571015
YJR002W,-1,-/-,-583.230829000473,-26591.23662996292,87,0.013108614232209739,0.9655172413793104,0.8716146371718007
YBR162W-A,-1,0/-,-583.4124503135681,-41018.39605474472,348,0.013105546454481629,0.9655172413793104,0.8718213768864999
YNL151C,-1,-/-,-583.417751789093,-27532.962478160858,87,0.013102480112306972,0.9655172413793104,0.872028116601199
YDR054C,-1,-/-,-583.4673247337341,-25987.677265167236,87,0.013099415204678362,0.9655172413793104,0.8722348563158983
YER087C-B,-1,-/-,-583.4986510276794,-25802.722322940826,87,0.013096351730589336,0.9655172413793104,0.8724415960305975
YDR372C,-1,-/-,-583.5094418525696,-26559.586498737335,87,0.01309328968903437,0.9655172413793104,0.8726483357452967
YPL254W,-1,-/-,-583.7124161720276,-27102.01016306877,87,0.013090229079008883,0.9655172413793104,0.8728550754599959
YDL103C,-1,0/-,-583.8097571730614,-43207.58931410313,348,0.013087169899509232,0.9655172413793104,0.873061815174695
YNL027W,-1,-/-,-583.8774151802063,-26975.25246810913,87,0.013084112149532711,0.9655172413793104,0.8732685548893943
YCR020W-B,-1,-/-,-583.8797118663788,-24300.466575860977,87,0.013081055828077552,0.9655172413793104,0.8734752946040935
YFR010W,-1,0/-,-583.9201092123985,-43413.64178544283,348,0.013078000934142924,0.9655172413793104,0.8736820343187927
YIL138C,-1,-/-,-583.9473683834076,-26683.814614534378,87,0.013074947466728928,0.9655172413793104,0.8738887740334919
YIL132C,-1,-/-,-583.9752359390259,-25845.38626241684,87,0.013071895424836602,0.9655172413793104,0.874095513748191
YMR183C,-1,-/-,-584.0166158676147,-26340.03324866295,87,0.013068844807467912,0.9655172413793104,0.8743022534628903
YPR132W,-1,-/-,-584.0206427574158,-25753.01240193844,87,0.013065795613625758,0.9655172413793104,0.8745089931775895
YML088W,-1,-/-,-584.0481491088867,-25660.30024111271,87,0.013062747842313973,0.9655172413793104,0.8747157328922887
YEL076C-A,0,0/0,-584.0700203180313,-40681.117681503296,348,0.013062747842313973,0.9655172413793104,0.8747157328922887
YDR159W,-1,-/-,-584.2694823741913,-25998.555234909058,87,0.013059701492537313,0.9655172413793104,0.8749224726069879
YHR154W,-1,-/-,-584.3458242416382,-26531.61152267456,87,0.01305665656330147,0.9655172413793104,0.875129212321687
YNL263C,-1,-/-,-584.3520493507385,-26195.852962970734,87,0.013053613053613054,0.9655172413793104,0.8753359520363861
YLR305C,-1,-/-,-584.5756056308746,-27302.056129932404,87,0.013050570962479609,0.9655172413793104,0.8755426917510853
YDR177W,-1,-/-,-584.827722787857,-26877.49511408806,87,0.0130475302889096,0.9655172413793104,0.8757494314657845
YDL240W,-1,0/-,-584.8329916000366,-41663.55255499482,348,0.013044491031912415,0.9655172413793104,0.8759561711804837
YOR075W,-1,-/-,-584.8763003349304,-25900.455835342407,87,0.01304145319049837,0.9655172413793104,0.876162910895183
YDR081C,1,+/+,-584.8956484794617,-26613.458698749542,86,0.013271245634458672,0.9827586206896551,0.876162910895183
YBL034C,-1,-/-,-585.0213775634766,-26523.516936302185,87,0.013268156424581005,0.9827586206896551,0.8763696506098821
YBR257W,-1,-/-,-585.0367004871368,-24492.14670431614,87,0.01326506865254829,0.9827586206896551,0.8765763903245813
YIL130W,-1,0/-,-585.0777502655983,-41326.72503742576,348,0.01326198231735691,0.9827586206896551,0.8767831300392805
YGR104C,-1,-/-,-585.2378282546997,-25358.868103981018,87,0.013258897418004187,0.9827586206896551,0.8769898697539797
YNL082W,-1,-/-,-585.2529287338257,-26888.638946294785,87,0.013255813953488372,0.9827586206896551,0.877196609468679
YPL139C,-1,-/-,-585.295431137085,-26654.47268295288,87,0.01325273192280865,0.9827586206896551,0.8774033491833781
YMR067C,-1,-/-,-585.3408026695251,-26969.385712385178,87,0.013249651324965132,0.9827586206896551,0.8776100888980773
YJL187C,-1,-/-,-585.3728408813477,-25695.594847917557,87,0.013246572158958867,0.9827586206896551,0.8778168286127765
YPR052C,-1,-/-,-585.4358537197113,-24161.02564406395,87,0.01324349442379182,0.9827586206896551,0.8780235683274757
YLR373C,-1,0/-,-585.448540687561,-42488.67060273886,348,0.0132404181184669,0.9827586206896551,0.878230308042175
YCR063W,-1,-/-,-585.4987187385559,-25105.81065607071,87,0.013237343241987923,0.9827586206896551,0.8784370477568741
YLR025W,-1,-/-,-585.6128175258636,-28038.577617406845,87,0.013234269793359647,0.9827586206896551,0.8786437874715732
YCR057C,-1,-/-,-585.8417408466339,-29105.88374221325,87,0.013231197771587743,0.9827586206896551,0.8788505271862724
YDR002W,-1,-/-,-585.8844604492188,-26635.94825744629,87,0.013228127175678811,0.9827586206896551,0.8790572669009716
YIL026C,-1,-/-,-585.8879563808441,-26634.61317396164,87,0.013225058004640371,0.9827586206896551,0.8792640066156708
YCR018C,-1,-/-,-585.9339070320129,-26047.164709806442,87,0.013221990257480862,0.9827586206896551,0.87947074633037
YPR161C,-1,-/-,-585.994038105011,-25901.300221681595,87,0.013218923933209647,0.9827586206896551,0.8796774860450692
YJL165C,-1,-/-,-586.1972534656525,-28420.48605632782,87,0.013215859030837005,0.9827586206896551,0.8798842257597684
YPR202W,0,0/0,-586.2972835302353,-40675.46567672491,348,0.013215859030837005,0.9827586206896551,0.8798842257597684
YDL076C,-1,-/-,-586.3163952827454,-26813.848269939423,87,0.01321279554937413,0.9827586206896551,0.8800909654744676
YLR275W,-1,-/-,-586.4404861927032,-26357.056349515915,87,0.01320973348783314,0.9827586206896551,0.8802977051891668
YGL016W,0,-/0,-586.4951462745667,-27110.51803779602,87,0.01320973348783314,0.9827586206896551,0.8802977051891668
YGR271C-A,-1,0/-,-586.5190165042877,-42372.87569758296,348,0.013206672845227063,0.9827586206896551,0.880504444903866
YKR035W-A,-1,-/-,-586.5496163368225,-25729.042868614197,87,0.01320361362056984,0.9827586206896551,0.8807111846185652
YKR010C,-1,0/-,-586.552421271801,-42304.43718838692,348,0.013200555812876331,0.9827586206896551,0.8809179243332644
YOR320C,-1,-/-,-586.6345100402832,-26818.924731492996,87,0.013197499421162306,0.9827586206896551,0.8811246640479636
YDR356W,-1,-/-,-586.666708946228,-26643.512972593307,87,0.013194444444444444,0.9827586206896551,0.8813314037626628
YIL035C,-1,-/-,-586.7121515274048,-26383.70898294449,87,0.013191390881740338,0.9827586206896551,0.881538143477362
YLR277C,-1,-/-,-586.7719779014587,-26107.04627275467,87,0.013188338732068487,0.9827586206896551,0.8817448831920612
YBL057C,-1,-/-,-586.794380903244,-26741.61699604988,87,0.0131852879944483,0.9827586206896551,0.8819516229067604
YBR163W,-1,0/-,-586.8174231052399,-41110.344961702824,348,0.013182238667900092,0.9827586206896551,0.8821583626214596
YIR025W,-1,-/-,-586.8604581356049,-28486.02782034874,87,0.013179190751445087,0.9827586206896551,0.8823651023361587
YLR336C,-1,0/-,-586.9062758684158,-43222.88625830412,348,0.013176144244105409,0.9827586206896551,0.8825718420508579
YOR094W,-1,-/-,-586.9861319065094,-25656.29780435562,87,0.013173099144904091,0.9827586206896551,0.8827785817655571
YOL069W,-1,-/-,-586.9958839416504,-25307.59725880623,87,0.013170055452865065,0.9827586206896551,0.8829853214802563
YDR334W,-1,-/-,-587.0917921066284,-26467.213331580162,87,0.013167013167013167,0.9827586206896551,0.8831920611949555
YJL209W,-1,-/-,-587.2387821674347,-26653.70764732361,87,0.013163972286374134,0.9827586206896551,0.8833988009096547
YDR450W,-1,-/-,-587.3205678462982,-26468.533898115158,87,0.013160932809974601,0.9827586206896551,0.8836055406243539
YDL085C-A,0,0/0,-587.322533249855,-41564.64177894592,348,0.013160932809974601,0.9827586206896551,0.8836055406243539
YMR240C,-1,-/-,-587.4519681930542,-27098.194889307022,87,0.013157894736842105,0.9827586206896551,0.8838122803390531
YKR002W,-1,-/-,-587.5005531311035,-27258.69238448143,87,0.013154858066005077,0.9827586206896551,0.8840190200537523
YPL279C,-1,0/-,-587.636372923851,-40165.70634061098,348,0.013151822796492848,0.9827586206896551,0.8842257597684515
YJR060W,-1,-/-,-587.6473641395569,-25758.020141124725,87,0.01314878892733564,0.9827586206896551,0.8844324994831507
YHL023C,-1,0/-,-587.7333461046219,-43086.09333413839,348,0.013145756457564576,0.9827586206896551,0.8846392391978499
YDR021W,-1,-/-,-587.7421822547913,-27803.550374507904,87,0.013142725386211668,0.9827586206896551,0.8848459789125491
YPL112C,-1,-/-,-587.874433517456,-25385.799373865128,87,0.01313969571230982,0.9827586206896551,0.8850527186272483
YGR252W,-1,-/-,-587.9328951835632,-25439.821786642075,87,0.013136667434892833,0.9827586206896551,0.8852594583419475
YGR056W,-1,-/-,-588.0145540237427,-25233.05627632141,87,0.013133640552995391,0.9827586206896551,0.8854661980566467
YOR319W,-1,-/-,-588.0561513900757,-26490.88650918007,87,0.013130615065653075,0.9827586206896551,0.8856729377713459
YDL106C,-1,-/-,-588.0618071556091,-28147.216347694397,87,0.01312759097190235,0.9827586206896551,0.885879677486045
YOL111C,-1,-/-,-588.1498205661774,-26328.15505361557,87,0.013124568270780566,0.9827586206896551,0.8860864172007442
YOL038C-A,0,0/0,-588.2516484260559,-41654.87664830685,348,0.013124568270780566,0.9827586206896551,0.8860864172007442
YOR330C,-1,-/-,-588.451534986496,-26125.4726831913,87,0.013121546961325966,0.9827586206896551,0.8862931569154434
YDL007W,-1,-/-,-588.4801094532013,-27800.432953953743,87,0.013118527042577675,0.9827586206896551,0.8864998966301426
YBR103W,-1,-/-,-588.6145963668823,-26523.59578680992,87,0.013115508513575702,0.9827586206896551,0.8867066363448418
YHR115C,-1,-/-,-588.6283190250397,-26334.00110268593,87,0.013112491373360938,0.9827586206896551,0.886913376059541
YIL030C,-1,-/-,-588.8284702301025,-25503.514273405075,87,0.01310947562097516,0.9827586206896551,0.8871201157742402
YKL028W,-1,-/-,-588.8622527122498,-26903.04627752304,87,0.013106461255461025,0.9827586206896551,0.8873268554889394
YIL063C,-1,-/-,-588.8884987831116,-26938.676664352417,87,0.01310344827586207,0.9827586206896551,0.8875335952036386
YOR157C,-1,-/-,-588.9851145744324,-26310.80375480652,87,0.013100436681222707,0.9827586206896551,0.8877403349183378
YPR019W,-1,-/-,-589.024120092392,-27476.905475139618,87,0.013097426470588236,0.9827586206896551,0.887947074633037
YER155C,-1,-/-,-589.0305390357971,-26947.558571577072,87,0.013094417643004824,0.9827586206896551,0.8881538143477362
YDL028C,-1,-/-,-589.0334911346436,-27014.333287715912,87,0.013091410197519523,0.9827586206896551,0.8883605540624354
YML062C,-1,-/-,-589.0708212852478,-26166.791877508163,87,0.013088404133180253,0.9827586206896551,0.8885672937771346
YLR357W,-1,-/-,-589.0958695411682,-26501.158752441406,87,0.013085399449035813,0.9827586206896551,0.8887740334918338
YER083C,-1,-/-,-589.1850860118866,-26460.476948976517,87,0.013082396144135873,0.9827586206896551,0.888980773206533
YMR112C,-1,-/-,-589.2732660770416,-25785.52793264389,87,0.013079394217530977,0.9827586206896551,0.8891875129212322
YHR200W,-1,-/-,-589.3146061897278,-26063.85691666603,87,0.01307639366827254,0.9827586206896551,0.8893942526359314
YMR078C,-1,-/-,-589.470632314682,-27054.80541753769,87,0.013073394495412845,0.9827586206896551,0.8896009923506305
YOR308C,-1,-/-,-589.642297744751,-24626.399237394333,87,0.013070396698005044,0.9827586206896551,0.8898077320653297
YER021W,-1,-/-,-589.704775094986,-26615.861278772354,87,0.013067400275103164,0.9827586206896551,0.8900144717800289
YMR115W,-1,0/-,-589.7072196602821,-44273.342883080244,348,0.01306440522576209,0.9827586206896551,0.8902212114947281
YNL107W,-1,-/-,-589.7077708244324,-26287.89156627655,87,0.01306141154903758,0.9827586206896551,0.8904279512094273
YDR464W,0,-/0,-589.7145433425903,-25841.32210636139,87,0.01306141154903758,0.9827586206896551,0.8904279512094273
YLR052W,-1,-/-,-589.716915845871,-26913.776631593704,87,0.013058419243986255,0.9827586206896551,0.8906346909241265
YBR123C,-1,-/-,-589.7413737773895,-27175.737922906876,87,0.013055428309665598,0.9827586206896551,0.8908414306388257
YJL104W,-1,-/-,-589.7755436897278,-26361.01627421379,87,0.01305243874513396,0.9827586206896551,0.8910481703535249
YEL051W,-1,-/-,-589.8702263832092,-28549.235931158066,87,0.01304945054945055,0.9827586206896551,0.8912549100682241
YER114C,-1,-/-,-589.9165198802948,-26995.577602624893,87,0.013046463721675441,0.9827586206896551,0.8914616497829233
YFR004W,-1,-/-,-589.9942238330841,-26807.289596796036,87,0.013043478260869565,0.9827586206896551,0.8916683894976225
YNL227C,-1,-/-,-590.1087377071381,-26431.246673822403,87,0.013040494166094716,0.9827586206896551,0.8918751292123217
YNL186W,-1,-/-,-590.1296191215515,-26290.362643241882,87,0.01303751143641354,0.9827586206896551,0.8920818689270209
YBL041W,-1,-/-,-590.1640796661377,-27251.38285756111,87,0.01303453007088955,0.9827586206896551,0.8922886086417201
YKL045W,-1,-/-,-590.3205471038818,-27231.24727487564,87,0.013031550068587106,0.9827586206896551,0.8924953483564193
YNL244C,-1,-/-,-590.4249079227448,-26036.278962373734,87,0.01302857142857143,0.9827586206896551,0.8927020880711185
YLR417W,-1,-/-,-590.644556760788,-27874.403706789017,87,0.013025594149908592,0.9827586206896551,0.8929088277858177
YGR140W,-1,-/-,-590.7247867584229,-27670.300542116165,87,0.013022618231665525,0.9827586206896551,0.8931155675005169
YPL242C,-1,-/-,-590.8107371330261,-26292.840087413788,87,0.013019643672910005,0.9827586206896551,0.893322307215216
YLR288C,-1,-/-,-590.8599302768707,-26623.18505319953,87,0.013016670472710665,0.9827586206896551,0.8935290469299152
YBR164C,-1,-/-,-590.8648455142975,-26887.984294891357,87,0.013013698630136987,0.9827586206896551,0.8937357866446144
YOR233W,-1,-/-,-590.9071068763733,-26561.652904510498,87,0.013010728144259302,0.9827586206896551,0.8939425263593136
YCR094W,-1,-/-,-591.0686702728271,-26200.777790546417,87,0.01300775901414879,0.9827586206896551,0.8941492660740128
YJR057W,-1,-/-,-591.081148147583,-27981.633105516434,87,0.013004791238877482,0.9827586206896551,0.894356005788712
YDR108W,-1,-/-,-591.1277809143066,-26895.52423763275,87,0.013001824817518248,0.9827586206896551,0.8945627455034112
YJL065C,-1,-/-,-591.1644020080566,-25950.239946842194,87,0.012998859749144812,0.9827586206896551,0.8947694852181104
YDL225W,-1,-/-,-591.2068367004395,-26902.09486222267,87,0.012995896032831737,0.9827586206896551,0.8949762249328096
YNR024W,-1,0/-,-591.4560159444809,-42073.101373523474,348,0.012992933667654433,0.9827586206896551,0.8951829646475088
YLR285W,-1,+/-,-591.5361516475677,-26985.415667772293,86,0.012989972652689152,0.9827586206896551,0.895389704362208
YOR265W,-1,-/-,-591.5434913635254,-26383.035922527313,87,0.012987012987012988,0.9827586206896551,0.8955964440769072
YBR167C,-1,-/-,-591.6754760742188,-26674.19318962097,87,0.012984054669703872,0.9827586206896551,0.8958031837916064
YER022W,-1,-/-,-591.7060070037842,-27138.601492404938,87,0.012981097699840584,0.9827586206896551,0.8960099235063056
YJR097W,-1,-/-,-591.8201127052307,-26303.52397918701,87,0.012978142076502733,0.9827586206896551,0.8962166632210048
YFL017C,-1,0/-,-591.8359882831573,-40562.35793745518,348,0.012975187798770771,0.9827586206896551,0.896423402935704
YML014W,-1,-/-,-591.9181056022644,-26515.342799425125,87,0.01297223486572599,0.9827586206896551,0.8966301426504032
YKL125W,-1,-/-,-591.9769005775452,-26249.914520263672,87,0.012969283276450512,0.9827586206896551,0.8968368823651023
YFR057W,0,0/0,-592.0097417831421,-41198.33669245243,348,0.012969283276450512,0.9827586206896551,0.8968368823651023
YNL225C,-1,-/-,-592.0827827453613,-26642.86093711853,87,0.012966333030027298,0.9827586206896551,0.8970436220798015
YKL041W,-1,-/-,-592.2022290229797,-26943.18680548668,87,0.01296338412554014,0.9827586206896551,0.8972503617945007
YBL054W,-1,0/-,-592.255197763443,-42486.40798518062,348,0.01296043656207367,0.9827586206896551,0.8974571015091999
YLR262C,-1,-/-,-592.3370161056519,-25650.233204364777,87,0.012957490338713344,0.9827586206896551,0.8976638412238991
YDL155W,-1,-/-,-592.3863573074341,-25613.80628824234,87,0.012954545454545455,0.9827586206896551,0.8978705809385983
YJR144W,-1,-/-,-592.4349055290222,-26864.62172436714,87,0.012951601908657124,0.9827586206896551,0.8980773206532975
YMR213W,-1,-/-,-592.6158351898193,-25813.053784132004,87,0.012948659700136301,0.9827586206896551,0.8982840603679967
YDR439W,-1,-/-,-592.618647813797,-28183.404304027557,87,0.01294571882807177,0.9827586206896551,0.8984908000826959
YLL034C,-1,-/-,-592.6430130004883,-28363.356308698654,87,0.012942779291553134,0.9827586206896551,0.8986975397973951
YCL014W,-1,-/-,-592.6600804328918,-26790.275690555573,87,0.012939841089670829,0.9827586206896551,0.8989042795120943
YGL050W,-1,0/-,-592.6915083527565,-43663.08954226971,348,0.012936904221516114,0.9827586206896551,0.8991110192267935
YOR166C,-1,0/-,-592.7492460012436,-43887.17901021242,348,0.012933968686181076,0.9827586206896551,0.8993177589414927
YMR059W,-1,-/-,-592.84814453125,-26937.864207029343,87,0.01293103448275862,0.9827586206896551,0.8995244986561919
YER109C,-1,-/-,-592.8701677322388,-26434.239657640457,87,0.01292810161034248,0.9827586206896551,0.8997312383708911
YIL004C,-1,-/-,-592.9303119182587,-27613.05128121376,87,0.01292517006802721,0.9827586206896551,0.8999379780855903
YGR098C,-1,-/-,-593.0969958305359,-27412.061031103134,87,0.012922239854908184,0.9827586206896551,0.9001447178002895
YDL005C,-1,-/-,-593.1017684936523,-26946.379162311554,87,0.012919310970081596,0.9827586206896551,0.9003514575149887
YDR397C,-1,-/-,-593.1326084136963,-25312.27873134613,87,0.01291638341264446,0.9827586206896551,0.9005581972296878
YKR055W,-1,-/-,-593.1897263526917,-27010.51197385788,87,0.012913457181694609,0.9827586206896551,0.900764936944387
YHR191C,-1,-/-,-593.2285325527191,-25779.04655623436,87,0.012910532276330692,0.9827586206896551,0.9009716766590862
YHR120W,-1,-/-,-593.2774057388306,-27879.019285202026,87,0.012907608695652174,0.9827586206896551,0.9011784163737854
YLR078C,-1,-/-,-593.2908473014832,-26285.51683998108,87,0.012904686438759338,0.9827586206896551,0.9013851560884846
YPL239W,-1,-/-,-593.2978990077972,-25276.364483237267,87,0.012901765504753282,0.9827586206896551,0.9015918958031838
YNL199C,-1,-/-,-593.2986855506897,-27158.70297408104,87,0.012898845892735914,0.9827586206896551,0.901798635517883
YAL019W,-1,0/-,-593.5729475021362,-43827.97390413284,348,0.012895927601809954,0.9827586206896551,0.9020053752325822
YDR346C,-1,-/-,-593.8305115699768,-27396.60278248787,87,0.01289301063107894,0.9827586206896551,0.9022121149472814
YDL153C,-1,-/-,-593.8312883377075,-26661.027465820312,87,0.012890094979647219,0.9827586206896551,0.9024188546619806
YDR288W,-1,-/-,-593.8688545227051,-27617.180099487305,87,0.012887180646619941,0.9827586206896551,0.9026255943766798
YCL052C,-1,-/-,-593.9083805084229,-30094.289157390594,87,0.012884267631103074,0.9827586206896551,0.902832334091379
YNL222W,-1,-/-,-594.0501599311829,-27202.85358452797,87,0.01288135593220339,0.9827586206896551,0.9030390738060782
YOL072W,-1,-/-,-594.0874962806702,-26828.9365503788,87,0.012878445549028467,0.9827586206896551,0.9032458135207774
YGL048C,-1,-/-,-594.1168923377991,-27238.06578373909,87,0.012875536480686695,0.9827586206896551,0.9034525532354766
YMR075W,-1,-/-,-594.2097957134247,-27154.11723089218,87,0.012872628726287264,0.9827586206896551,0.9036592929501758
YNL032W,-1,-/-,-594.2339777946472,-26158.251578569412,87,0.012869722284940167,0.9827586206896551,0.903866032664875
YDR251W,-1,-/-,-594.239639043808,-26858.616298913956,87,0.012866817155756207,0.9827586206896551,0.9040727723795741
YJR083C,0,-/0,-594.3332018852234,-28929.464466810226,87,0.012866817155756207,0.9827586206896551,0.9040727723795741
YLR427W,-1,-/-,-594.3589396476746,-27216.95076417923,87,0.012863913337846988,0.9827586206896551,0.9042795120942733
YPL195W,-1,-/-,-594.3595337867737,-26442.585776805878,87,0.01286101083032491,0.9827586206896551,0.9044862518089725
YBR090C-A,-1,-/-,-594.3891382217407,-26307.800186157227,87,0.012858109632303182,0.9827586206896551,0.9046929915236717
YDR179C,-1,-/-,-594.6099810600281,-27115.726065397263,87,0.012855209742895805,0.9827586206896551,0.9048997312383709
YNL317W,-1,-/-,-594.6837229728699,-27849.624851942062,87,0.012852311161217588,0.9827586206896551,0.9051064709530701
YDR166C,-1,-/-,-594.6899032592773,-26473.736668348312,87,0.01284941388638413,0.9827586206896551,0.9053132106677693
YKR095W-A,-1,-/-,-594.7536811828613,-25159.831124782562,87,0.012846517917511832,0.9827586206896551,0.9055199503824685
YGL210W-A,-1,-/-,-594.7899303436279,-24794.790589809418,87,0.01284362325371789,0.9827586206896551,0.9057266900971677
YMR072W,-1,-/-,-594.7904453277588,-25534.515243053436,87,0.012840729894120297,0.9827586206896551,0.9059334298118669
YJR134C,0,0/0,-594.7940299510956,-43306.28097933531,348,0.012840729894120297,0.9827586206896551,0.9059334298118669
YFR031C,-1,-/-,-594.8238983154297,-26610.064612150192,87,0.012837837837837839,0.9827586206896551,0.9061401695265661
YHR119W,-1,-/-,-594.846018075943,-26850.86027288437,87,0.012834947083990092,0.9827586206896551,0.9063469092412653
YPR179C,-1,-/-,-595.0965476036072,-26228.780660152435,87,0.012832057631697433,0.9827586206896551,0.9065536489559645
YBR009C,-1,-/-,-595.1226816177368,-26776.368952274323,87,0.012829169480081027,0.9827586206896551,0.9067603886706637
YIR013C,-1,-/-,-595.1416101455688,-24285.966141223907,87,0.012826282628262827,0.9827586206896551,0.9069671283853629
YPL266W,-1,-/-,-595.1537637710571,-27340.813698530197,87,0.012823397075365579,0.9827586206896551,0.9071738681000621
YGL110C,-1,0/-,-595.2655375003815,-43320.69588252902,348,0.01282051282051282,0.9827586206896551,0.9073806078147613
YGR253C,-1,-/-,-595.3370218276978,-27880.85102367401,87,0.012817629862828873,0.9827586206896551,0.9075873475294605
YLR018C,-1,0/-,-595.3860743641853,-42448.30378049612,348,0.012814748201438849,0.9827586206896551,0.9077940872441596
YPL169C,-1,-/-,-595.4712958335876,-26355.80725288391,87,0.012811867835468645,0.9827586206896551,0.9080008269588588
YFL017W-A,-1,-/-,-595.4765753746033,-25710.369809150696,87,0.012808988764044944,0.9827586206896551,0.908207566673558
YDL074C,-1,-/-,-595.6093897819519,-26967.97859096527,87,0.012806110986295215,0.9827586206896551,0.9084143063882572
YER029C,-1,-/-,-595.6454734802246,-26104.230087280273,87,0.012803234501347708,0.9827586206896551,0.9086210461029564
YOR257W,-1,-/-,-595.7148866653442,-26464.15451312065,87,0.012800359308331462,0.9827586206896551,0.9088277858176556
YNL271C,-1,-/-,-595.8677544593811,-26410.46109366417,87,0.012797485406376291,0.9827586206896551,0.9090345255323548
YNL149C,0,-/0,-595.8706486225128,-25108.71859741211,87,0.012797485406376291,0.9827586206896551,0.9090345255323548
YPL016W,-1,-/-,-595.9113526344299,-27051.114149808884,87,0.012794612794612794,0.9827586206896551,0.909241265247054
YOR362C,-1,-/-,-595.9189863204956,-27994.986982584,87,0.012791741472172352,0.9827586206896551,0.9094480049617532
YOR110W,-1,-/-,-596.0907218456268,-26030.831624746323,87,0.01278887143818712,0.9827586206896551,0.9096547446764524
YNL218W,-1,-/-,-596.0917220115662,-28066.632034301758,87,0.01278600269179004,0.9827586206896551,0.9098614843911516
YJL029C,-1,-/-,-596.1756458282471,-28007.92412686348,87,0.012783135232114823,0.9827586206896551,0.9100682241058508
YJL114W,-1,-/-,-596.2007713317871,-26106.96893978119,87,0.012780269058295964,0.9827586206896551,0.91027496382055
YOR346W,-1,-/-,-596.2560963630676,-26754.898835659027,87,0.012777404169468728,0.9827586206896551,0.9104817035352492
YLR264C-A,0,0/0,-596.3934224843979,-41444.70142304897,348,0.012777404169468728,0.9827586206896551,0.9104817035352492
YKL113C,-1,-/-,-596.4781150817871,-26895.440987348557,87,0.012774540564769161,0.9827586206896551,0.9106884432499484
YPR072W,-1,-/-,-596.6173853874207,-26249.33771800995,87,0.01277167824333408,0.9827586206896551,0.9108951829646476
YFL035C-B,-1,0/-,-596.7282063961029,-42195.754544496536,348,0.012768817204301076,0.9827586206896551,0.9111019226793468
YOL102C,-1,-/-,-596.7548995018005,-26812.9106900692,87,0.01276595744680851,0.9827586206896551,0.9113086623940458
YKR099C-A,-1,0/-,-596.8024513721466,-42921.58163887262,348,0.012763098969995522,0.9827586206896551,0.911515402108745
YER133W,-1,-/-,-596.806850194931,-27635.620658636093,87,0.012760241773002015,0.9827586206896551,0.9117221418234442
YPL180W,-1,-/-,-596.8671960830688,-27271.806560993195,87,0.012757385854968667,0.9827586206896551,0.9119288815381434
YML064C,-1,-/-,-596.9847433567047,-26804.338569879532,87,0.012754531215036922,0.9827586206896551,0.9121356212528426
YDL132W,-1,-/-,-597.1336162090302,-28019.78096961975,87,0.012751677852348993,0.9827586206896551,0.9123423609675418
YDL213C,-1,-/-,-597.2063381671906,-27966.101816415787,87,0.012748825766047864,0.9827586206896551,0.912549100682241
YOR159C,-1,-/-,-597.2649893760681,-26884.96925354004,87,0.012745974955277281,0.9827586206896551,0.9127558403969402
YGR276C,-1,-/-,-597.2877349853516,-26344.940683841705,87,0.012743125419181758,0.9827586206896551,0.9129625801116394
YBR142W,-1,-/-,-597.3283321857452,-28089.949899435043,87,0.01274027715690657,0.9827586206896551,0.9131693198263386
YKL190W,-1,-/-,-597.3827540874481,-27300.73205947876,87,0.012737430167597765,0.9827586206896551,0.9133760595410378
YKL119C,-1,-/-,-597.5198771953583,-27039.685779333115,87,0.012734584450402145,0.9827586206896551,0.913582799255737
YJL203W,-1,-/-,-597.6233510971069,-26650.77342927456,87,0.012731740004467277,0.9827586206896551,0.9137895389704362
YDR295C,-1,-/-,-597.6307046413422,-27791.927035689354,87,0.012728896828941492,0.9827586206896551,0.9139962786851354
YOL146W,-1,-/-,-597.6455631256104,-26881.308489084244,87,0.012726054922973878,0.9827586206896551,0.9142030183998346
YLR421C,-1,0/-,-597.7230555415154,-43110.97750991583,348,0.012723214285714286,0.9827586206896551,0.9144097581145338
YER188C-A,0,0/0,-598.0197960138321,-41317.87582838535,348,0.012723214285714286,0.9827586206896551,0.9144097581145338
YKR062W,-1,-/-,-598.0457463264465,-27659.569798462093,87,0.012720374916313323,0.9827586206896551,0.914616497829233
YAL047C,-1,-/-,-598.058212518692,-27968.71971297264,87,0.012717536813922356,0.9827586206896551,0.9148232375439322
YAL041W,-1,-/-,-598.0866723060608,-26594.03489947319,87,0.012714699977693509,0.9827586206896551,0.9150299772586313
YOR168W,-1,-/-,-598.0949895381927,-28569.397981643677,87,0.012711864406779662,0.9827586206896551,0.9152367169733305
YLR226W,-1,-/-,-598.134006023407,-26656.015476465225,87,0.012709030100334449,0.9827586206896551,0.9154434566880297
YOR294W,-1,-/-,-598.1717739105225,-29307.709276914597,87,0.01270619705751226,0.9827586206896551,0.9156501964027289
YGR024C,-1,-/-,-598.3349704742432,-25743.925427913666,87,0.012703365277468242,0.9827586206896551,0.9158569361174281
YDR235W,-1,-/-,-598.3527503013611,-27337.85390973091,87,0.01270053475935829,0.9827586206896551,0.9160636758321273
YGL174W,-1,-/-,-598.4369254112244,-27561.6395008564,87,0.01269770550233905,0.9827586206896551,0.9162704155468265
YHL012W,-1,-/-,-598.5213060379028,-25138.522741794586,87,0.012694877505567928,0.9827586206896551,0.9164771552615257
YLR033W,-1,-/-,-598.6076276302338,-27008.803847789764,87,0.012692050768203072,0.9827586206896551,0.9166838949762249
YPL120W,-1,-/-,-598.6750133037567,-27062.62955379486,87,0.012689225289403383,0.9827586206896551,0.9168906346909241
YJR007W,-1,-/-,-598.8920743465424,-27428.47160100937,87,0.012686401068328511,0.9827586206896551,0.9170973744056233
YFR001W,-1,-/-,-598.9053483009338,-26712.95275092125,87,0.012683578104138851,0.9827586206896551,0.9173041141203225
YPL128C,-1,-/-,-598.9697053432465,-26929.47191810608,87,0.01268075639599555,0.9827586206896551,0.9175108538350217
YPL228W,-1,-/-,-599.0090246200562,-28558.607577323914,87,0.012677935943060499,0.9827586206896551,0.9177175935497209
YDL116W,-1,-/-,-599.0553569793701,-26384.876621484756,87,0.012675116744496331,0.9827586206896551,0.9179243332644201
YNL248C,-1,-/-,-599.1751008033752,-26781.185742378235,87,0.012672298799466429,0.9827586206896551,0.9181310729791193
YNL021W,-1,-/-,-599.2028546333313,-26275.66673564911,87,0.012669482107134918,0.9827586206896551,0.9183378126938185
YML102W,-1,-/-,-599.2151918411255,-26016.28522515297,87,0.012666666666666666,0.9827586206896551,0.9185445524085176
YCR029C-A,-1,0/-,-599.2784295082092,-43221.060938060284,348,0.012663852477227283,0.9827586206896551,0.9187512921232168
YPL161C,-1,-/-,-599.4664440155029,-27248.88307118416,87,0.012661039537983119,0.9827586206896551,0.918958031837916
YGL046W,-1,-/-,-599.4900679588318,-25411.263484954834,87,0.012658227848101266,0.9827586206896551,0.9191647715526152
YGL203C,0,0/0,-599.492673099041,-42284.390823185444,348,0.012658227848101266,0.9827586206896551,0.9191647715526152
YMR198W,-1,-/-,-599.5938997268677,-25216.893133878708,87,0.012655417406749556,0.9827586206896551,0.9193715112673144
YPL240C,-1,-/-,-599.7912383079529,-25751.528483092785,87,0.012652608213096559,0.9827586206896551,0.9195782509820136
YDR394W,-1,-/-,-599.9480309486389,-26950.718276500702,87,0.012649800266311585,0.9827586206896551,0.9197849906967128
YGL173C,-1,-/-,-600.0040349960327,-26425.82515692711,87,0.012646993565564677,0.9827586206896551,0.919991730411412
YKL021C,-1,-/-,-600.0292556285858,-27353.749762296677,87,0.012644188110026619,0.9827586206896551,0.9201984701261112
YOL148C,-1,-/-,-600.1300277709961,-26880.22066450119,87,0.012641383898868928,0.9827586206896551,0.9204052098408104
YCR066W,-1,-/-,-600.400933265686,-28090.027923345566,87,0.012638580931263858,0.9827586206896551,0.9206119495555096
YPL122C,-1,-/-,-600.4891860485077,-27218.509867191315,87,0.012635779206384394,0.9827586206896551,0.9208186892702088
YCR042C,-1,-/-,-600.5111713409424,-26598.46229314804,87,0.012632978723404254,0.9827586206896551,0.921025428984908
YKL214C,-1,-/-,-600.9268269538879,-25586.477102279663,87,0.012630179481497895,0.9827586206896551,0.9212321686996072
YCL003W,-1,-/-,-601.0735015869141,-25433.669038772583,87,0.012627381479840495,0.9827586206896551,0.9214389084143064
YKL172W,-1,-/-,-601.1042101383209,-28275.653806209564,87,0.012624584717607974,0.9827586206896551,0.9216456481290056
YHR081W,-1,-/-,-601.1562802791595,-26389.769104719162,87,0.012621789193976971,0.9827586206896551,0.9218523878437048
YKL139W,-1,-/-,-601.3600463867188,-26398.08163189888,87,0.012618994908124861,0.9827586206896551,0.922059127558404
YPL151C,-1,-/-,-601.937230348587,-25485.598004579544,87,0.012616201859229747,0.9827586206896551,0.9222658672731031
YNR011C,-1,-/-,-602.0100893974304,-27799.384925603867,87,0.012613410046470458,0.9827586206896551,0.9224726069878023
YDR386W,-1,-/-,-602.0261781215668,-27756.885479688644,87,0.012610619469026548,0.9827586206896551,0.9226793467025015
YBL023C,-1,-/-,-602.2788014411926,-27269.560901641846,87,0.012607830126078301,0.9827586206896551,0.9228860864172007
YJL124C,-1,-/-,-602.3658800125122,-26416.941375017166,87,0.012605042016806723,0.9827586206896551,0.9230928261318999
YLR085C,-1,-/-,-602.4595746994019,-27719.96355175972,87,0.012602255140393544,0.9827586206896551,0.9232995658465991
YKL138C-A,-1,-/-,-602.4734740257263,-25663.46101808548,87,0.012599469496021221,0.9827586206896551,0.9235063055612983
YDR499W,-1,-/-,-602.4882316589355,-28707.978043079376,87,0.012596685082872929,0.9827586206896551,0.9237130452759975
YPL209C,-1,-/-,-602.6802411079407,-26796.695719480515,87,0.012593901900132567,0.9827586206896551,0.9239197849906967
YDR305C,-1,0/-,-602.7491282224655,-41535.16956436634,348,0.012591119946984758,0.9827586206896551,0.9241265247053959
YNL212W,0,0/0,-602.8078248500824,-42437.856073498726,348,0.012591119946984758,0.9827586206896551,0.9241265247053959
YFL002W-A,-1,-/-,-603.0330114364624,-26508.243638515472,87,0.01258833922261484,0.9827586206896551,0.9243332644200951
YDR449C,-1,-/-,-603.2886753082275,-28513.649335622787,87,0.012585559726208876,0.9827586206896551,0.9245400041347943
YKL108W,-1,-/-,-603.4157311916351,-26421.161705732346,87,0.012582781456953643,0.9827586206896551,0.9247467438494935
YDR227W,-1,-/-,-603.5006313323975,-27085.3943836689,87,0.012580004414036637,0.9827586206896551,0.9249534835641927
YHR023W,-1,-/-,-603.5724802017212,-27662.13626408577,87,0.012577228596646072,0.9827586206896551,0.9251602232788919
YGL083W,-1,0/-,-603.7099585533142,-42712.00887686014,348,0.01257445400397088,0.9827586206896551,0.9253669629935911
YKR099W,-1,-/-,-603.8116419315338,-28231.06682562828,87,0.012571680635200706,0.9827586206896551,0.9255737027082903
YCL054W,-1,-/-,-603.8986830711365,-27955.865604877472,87,0.01256890848952591,0.9827586206896551,0.9257804424229894
YMR061W,-1,-/-,-603.9290318489075,-27651.738508462906,87,0.012566137566137565,0.9827586206896551,0.9259871821376886
YLR337W,-1,-/-,-603.9439368247986,-26315.420989513397,87,0.012563367864227463,0.9827586206896551,0.9261939218523878
YMR004W,-1,-/-,-604.0410401821136,-28200.303040981293,87,0.0125605993829881,0.9827586206896551,0.926400661567087
YGR047C,-1,-/-,-604.1037018299103,-27571.84624028206,87,0.01255783212161269,0.9827586206896551,0.9266074012817862
YER180C-A,0,-/0,-604.1985855102539,-25339.753728866577,87,0.01255783212161269,0.9827586206896551,0.9266074012817862
YDR365C,-1,-/-,-604.2053461074829,-26381.280572772026,87,0.012555066079295154,0.9827586206896551,0.9268141409964854
YBL025W,-1,-/-,-604.3306248188019,-27019.0873131752,87,0.012552301255230125,0.9827586206896551,0.9270208807111846
YCR035C,-1,-/-,-604.4055156707764,-27547.6597571373,87,0.012549537648612946,0.9827586206896551,0.9272276204258838
YFL048C,-1,-/-,-604.4557127952576,-27798.95911216736,87,0.012546775258639665,0.9827586206896551,0.927434360140583
YDR152W,-1,0/-,-604.5758883953094,-43337.18225747347,348,0.012544014084507043,0.9827586206896551,0.9276410998552822
YJL205C-A,0,0/0,-604.5863304138184,-42339.634297430515,348,0.012544014084507043,0.9827586206896551,0.9276410998552822
YJL206C-A,0,0/0,-604.5863322019577,-42339.63433560729,348,0.012544014084507043,0.9827586206896551,0.9276410998552822
YDR279W,-1,-/-,-604.7926874160767,-28420.11932826042,87,0.012541254125412541,0.9827586206896551,0.9278478395699814
YIR008C,-1,-/-,-604.8227055072784,-26889.325708150864,87,0.012538495380554333,0.9827586206896551,0.9280545792846806
YNL038W,-1,-/-,-604.8322954177856,-27411.201367855072,87,0.012535737849131295,0.9827586206896551,0.9282613189993798
YDR176W,-1,-/-,-605.179922580719,-27243.015053749084,87,0.012532981530343008,0.9827586206896551,0.928468058714079
YJL140W,-1,-/-,-605.3592109680176,-26170.365091472864,87,0.012530226423389756,0.9827586206896551,0.9286747984287782
YCR058C,-1,-/-,-605.5043869018555,-24854.091141223907,87,0.012527472527472527,0.9827586206896551,0.9288815381434774
YKR083C,-1,-/-,-605.5903902053833,-26528.336124897003,87,0.012524719841793012,0.9827586206896551,0.9290882778581766
YER168C,-1,-/-,-605.6298546791077,-27891.201395988464,87,0.012521968365553603,0.9827586206896551,0.9292950175728758
YCL031C,-1,-/-,-605.6755452156067,-27160.2119038105,87,0.01251921809795739,0.9827586206896551,0.9295017572875749
YOR259C,-1,-/-,-605.710147857666,-28009.358808994293,87,0.012516469038208168,0.9827586206896551,0.9297084970022741
YFL018W-A,-1,-/-,-605.7724599838257,-24998.441400051117,87,0.012513721185510428,0.9827586206896551,0.9299152367169733
YPL129W,-1,-/-,-605.9592056274414,-26111.330991744995,87,0.01251097453906936,0.9827586206896551,0.9301219764316725
YDL097C,-1,-/-,-605.9791054725647,-29074.69483757019,87,0.012508229098090849,0.9827586206896551,0.9303287161463717
YJR084W,-1,-/-,-606.1664686203003,-27800.712807655334,87,0.012505484861781484,0.9827586206896551,0.9305354558610709
YBL052C,-1,-/-,-606.4607620239258,-26304.563413619995,87,0.01250274182934854,0.9827586206896551,0.9307421955757701
YML097C,-1,-/-,-606.6206674575806,-28197.61920428276,87,0.0125,0.9827586206896551,0.9309489352904693
YKL082C,-1,-/-,-606.6920981407166,-26243.74075603485,87,0.01249725937294453,0.9827586206896551,0.9311556750051685
YAL037C-A,0,0/0,-606.8533470630646,-42018.055819153786,348,0.01249725937294453,0.9827586206896551,0.9311556750051685
YLR451W,-1,-/-,-606.9544398784637,-26551.847163558006,87,0.012494519947391494,0.9827586206896551,0.9313624147198677
YDR320C-A,-1,-/-,-606.9565896987915,-26232.604454040527,87,0.012491781722550954,0.9827586206896551,0.9315691544345669
YDL043C,-1,-/-,-606.9595983028412,-26617.536381483078,87,0.012489044697633655,0.9827586206896551,0.9317758941492661
YGR147C,-1,-/-,-606.9940567016602,-26846.84324645996,87,0.01248630887185104,0.9827586206896551,0.9319826338639653
YER127W,-1,-/-,-607.0756816864014,-26468.279852867126,87,0.012483574244415242,0.9827586206896551,0.9321893735786645
YLL004W,-1,-/-,-607.0927586555481,-26190.935908555984,87,0.012480840814539085,0.9827586206896551,0.9323961132933637
YGL065C,-1,-/-,-607.2836952209473,-28479.860984563828,87,0.012478108581436076,0.9827586206896551,0.9326028530080629
YHR061C,-1,-/-,-607.313558101654,-26811.580451726913,87,0.01247537754432042,0.9827586206896551,0.9328095927227621
YNL188W,-1,-/-,-607.4018015861511,-26420.74795651436,87,0.012472647702407002,0.9827586206896551,0.9330163324374612
YJL021C,-1,-/-,-607.4886608123779,-25864.42510318756,87,0.012469919054911398,0.9827586206896551,0.9332230721521604
YOR243C,-1,-/-,-607.4950394630432,-27783.149208068848,87,0.012467191601049869,0.9827586206896551,0.9334298118668596
YLR309C,-1,-/-,-607.5858864784241,-27399.98793888092,87,0.012464465340039362,0.9827586206896551,0.9336365515815588
YGR227W,-1,-/-,-607.6787919998169,-28246.184331655502,87,0.012461740271097508,0.9827586206896551,0.933843291296258
YGL207W,-1,-/-,-607.7025527954102,-27047.539308547974,87,0.012459016393442624,0.9827586206896551,0.9340500310109572
YMR014W,-1,-/-,-607.7328972816467,-26633.94292449951,87,0.012456293706293706,0.9827586206896551,0.9342567707256564
YJL110C,-1,-/-,-607.7823238372803,-27089.85032892227,87,0.01245357220887044,0.9827586206896551,0.9344635104403556
YBR155W,-1,-/-,-607.8149170875549,-28149.848780870438,87,0.012450851900393184,0.9827586206896551,0.9346702501550548
YKL206C,0,-/0,-608.0389564037323,-26560.81490635872,87,0.012450851900393184,0.9827586206896551,0.9346702501550548
YDL134C-A,-1,0/-,-608.0696350336075,-44900.23234820366,348,0.012448132780082987,0.9827586206896551,0.934876989869754
YPL045W,-1,-/-,-608.1713259220123,-27945.570511817932,87,0.012445414847161572,0.9827586206896551,0.9350837295844532
YNL088W,-1,-/-,-608.4620022773743,-27082.74326491356,87,0.012442698100851343,0.9827586206896551,0.9352904692991524
YMR277W,-1,-/-,-608.6045577526093,-27220.36306667328,87,0.012439982540375382,0.9827586206896551,0.9354972090138516
YKR004C-A,-1,0/-,-608.645040512085,-43119.924901366234,348,0.012437268164957452,0.9827586206896551,0.9357039487285508
YDR121W,-1,-/-,-608.7394051551819,-26981.848299980164,87,0.012434554973821989,0.9827586206896551,0.93591068844325
YJL074C,-1,-/-,-608.8445293903351,-29487.85766673088,87,0.012431842966194111,0.9827586206896551,0.9361174281579492
YGR275W,-1,-/-,-608.8920030593872,-26547.826439380646,87,0.012429132141299608,0.9827586206896551,0.9363241678726484
YMR268W-A,-1,0/-,-609.2549098730087,-42713.245668023825,348,0.012426422498364944,0.9827586206896551,0.9365309075873476
YDL058W,-1,-/-,-609.6030035018921,-27689.960045337677,87,0.012423714036617262,0.9827586206896551,0.9367376473020467
YCL005W-A,-1,-/-,-609.8732242584229,-25597.44473838806,87,0.012421006755284375,0.9827586206896551,0.9369443870167459
YBR260C,-1,-/-,-610.0523996353149,-27450.043876171112,87,0.01241830065359477,0.9827586206896551,0.9371511267314451
YER008C,-1,-/-,-610.4081916809082,-27196.906975984573,87,0.012415595730777608,0.9827586206896551,0.9373578664461443
YCR055C,-1,-/-,-610.4155426025391,-25684.205879688263,87,0.012412891986062718,0.9827586206896551,0.9375646061608435
YDR207C,-1,-/-,-610.420515537262,-26683.558966875076,87,0.012410189418680601,0.9827586206896551,0.9377713458755427
YNL084C,-1,-/-,-610.4615545272827,-28388.808121919632,87,0.012407488027862429,0.9827586206896551,0.9379780855902419
YNL076W,-1,0/-,-610.4731768965721,-43384.14724045992,348,0.012404787812840044,0.9827586206896551,0.9381848253049411
YGR099W,-1,-/-,-610.5319192409515,-26107.237345933914,87,0.012402088772845953,0.9827586206896551,0.9383915650196403
YBR102C,-1,-/-,-610.5549302101135,-27233.38573908806,87,0.012399390907113336,0.9827586206896551,0.9385983047343395
YLR215C,-1,-/-,-610.5886054039001,-26605.4631677866,87,0.012396694214876033,0.9827586206896551,0.9388050444490387
YNL068C,-1,-/-,-610.6495370864868,-26039.22527241707,87,0.012393998695368558,0.9827586206896551,0.9390117841637379
YMR028W,-1,0/-,-610.8857381343842,-43722.19080644846,348,0.012391304347826086,0.9827586206896551,0.9392185238784371
YBR245C,-1,-/-,-610.9054727554321,-27846.23187828064,87,0.01238861117148446,0.9827586206896551,0.9394252635931363
YDR190C,-1,-/-,-610.9745125770569,-27793.99657893181,87,0.012385919165580182,0.9827586206896551,0.9396320033078355
YPR187W,-1,-/-,-610.9794445037842,-27621.072048664093,87,0.012383228329350423,0.9827586206896551,0.9398387430225347
YBL014C,-1,-/-,-611.0475013256073,-27367.999030828476,87,0.012380538662033015,0.9827586206896551,0.9400454827372339
YJR076C,-1,-/-,-611.0886635780334,-27325.372394800186,87,0.012377850162866449,0.9827586206896551,0.940252222451933
YDR440W,-1,-/-,-611.1776628494263,-28006.134474277496,87,0.012375162831089883,0.9827586206896551,0.9404589621666322
YBR081C,-1,-/-,-611.8257369995117,-26936.45271730423,87,0.01237247666594313,0.9827586206896551,0.9406657018813314
YOR279C,-1,-/-,-611.83482670784,-26784.18034029007,87,0.012369791666666666,0.9827586206896551,0.9408724415960306
YPL007C,-1,-/-,-611.8397226333618,-30334.67791557312,87,0.012367107832501627,0.9827586206896551,0.9410791813107298
YNL267W,-1,-/-,-611.9600887298584,-26545.89780831337,87,0.012364425162689804,0.9827586206896551,0.941285921025429
YDR113C,-1,-/-,-612.1380372047424,-26313.933834075928,87,0.01236174365647365,0.9827586206896551,0.9414926607401282
YJL176C,-1,-/-,-612.2593808174133,-27425.94634771347,87,0.012359063313096271,0.9827586206896551,0.9416994004548274
YBL060W,-1,0/-,-612.2924233675003,-44632.380479216576,348,0.01235638413180143,0.9827586206896551,0.9419061401695266
YIL118W,-1,-/-,-612.318680524826,-27511.00356078148,87,0.01235370611183355,0.9827586206896551,0.9421128798842258
YPL232W,-1,-/-,-612.3245782852173,-27191.856021881104,87,0.012351029252437704,0.9827586206896551,0.942319619598925
YBR264C,0,0/0,-612.3453992605209,-42924.092540323734,348,0.012351029252437704,0.9827586206896551,0.942319619598925
YKL097W-A,-1,0/-,-612.4384511709213,-43699.04277086258,348,0.012348353552859619,0.9827586206896551,0.9425263593136242
YOR076C,-1,-/-,-612.4438424110413,-26556.627618789673,87,0.012345679012345678,0.9827586206896551,0.9427330990283234
YDR034C-A,0,0/0,-612.5738935470581,-43785.18514978886,348,0.012345679012345678,0.9827586206896551,0.9427330990283234
YIL159W,-1,-/-,-612.6521315574646,-28117.290295362473,87,0.01234300563014292,0.9827586206896551,0.9429398387430226
YPL189C-A,-1,0/-,-612.8340460062027,-43728.67675471306,348,0.012340333405499025,0.9827586206896551,0.9431465784577218
YDR478W,-1,-/-,-612.8413746356964,-27029.66199040413,87,0.012337662337662338,0.9827586206896551,0.943353318172421
YJL012C-A,-1,-/-,-612.857476234436,-25799.206567287445,87,0.012334992425881843,0.9827586206896551,0.9435600578871202
YML065W,-1,-/-,-612.9513583183289,-26466.285791873932,87,0.012332323669407183,0.9827586206896551,0.9437667976018194
YDR079C-A,-1,-/-,-612.9756622314453,-27008.922739505768,87,0.012329656067488644,0.9827586206896551,0.9439735373165185
YCL026C-B,-1,0/-,-613.167772769928,-44147.68341809511,348,0.012326989619377162,0.9827586206896551,0.9441802770312177
YLR319C,-1,-/-,-613.2476053237915,-27283.799580812454,87,0.012324324324324324,0.9827586206896551,0.9443870167459169
YPR133C,-1,-/-,-613.4968938827515,-26569.090329408646,87,0.01232166018158236,0.9827586206896551,0.944593756460616
YDR219C,-1,-/-,-613.5429368019104,-27731.77238225937,87,0.012318997190404149,0.9827586206896551,0.9448004961753153
YDR474C,-1,0/-,-613.6157804727554,-43898.92820376158,348,0.012316335350043216,0.9827586206896551,0.9450072358900145
YIL149C,-1,-/-,-613.6769909858704,-27376.13982987404,87,0.012313674659753726,0.9827586206896551,0.9452139756047137
YDL038C,0,-/0,-613.7678961753845,-25853.3596367836,87,0.012313674659753726,0.9827586206896551,0.9452139756047137
YDR174W,-1,-/-,-613.8048343658447,-26018.650379896164,87,0.012311015118790496,0.9827586206896551,0.9454207153194129
YOR078W,-1,-/-,-613.9739744663239,-27007.141164541245,87,0.012308356726408983,0.9827586206896551,0.945627455034112
YIL019W,-1,-/-,-614.101909160614,-28120.66345000267,87,0.012305699481865285,0.9827586206896551,0.9458341947488113
YPL267W,-1,-/-,-614.288316488266,-26511.466628313065,87,0.012303043384416144,0.9827586206896551,0.9460409344635105
YPR189W,-1,-/-,-614.3083493709564,-26660.81414413452,87,0.012300388433318947,0.9827586206896551,0.9462476741782097
YER007W,-1,-/-,-614.4830846786499,-26068.53347015381,87,0.012297734627831715,0.9827586206896551,0.9464544138929089
YJL006C,-1,-/-,-614.6630663871765,-27195.400289297104,87,0.012295081967213115,0.9827586206896551,0.946661153607608
YKL199C,-1,0/-,-614.8126854896545,-43591.91626238823,348,0.01229243045072245,0.9827586206896551,0.9468678933223073
YCL011C,-1,-/-,-614.8440842628479,-26697.1000995636,87,0.012289780077619664,0.9827586206896551,0.9470746330370065
YEL018W,-1,-/-,-614.946563243866,-28063.9729719162,87,0.012287130847165338,0.9827586206896551,0.9472813727517057
YER129W,-1,-/-,-614.954003572464,-27264.083995580673,87,0.01228448275862069,0.9827586206896551,0.9474881124664047
YPR046W,-1,-/-,-615.9033651351929,-27854.004356384277,87,0.012281835811247576,0.9827586206896551,0.9476948521811039
YHR088W,-1,-/-,-615.9131622314453,-26670.338901519775,87,0.012279190004308488,0.9827586206896551,0.9479015918958031
YFR002W,-1,-/-,-615.9727282524109,-27993.318625450134,87,0.012276545337066552,0.9827586206896551,0.9481083316105023
YDL105W,-1,-/-,-616.0409183502197,-26599.35584115982,87,0.01227390180878553,0.9827586206896551,0.9483150713252015
YML069W,-1,-/-,-616.2138903141022,-27480.763395786285,87,0.012271259418729818,0.9827586206896551,0.9485218110399007
YGL172W,-1,-/-,-616.757794380188,-26312.04315495491,87,0.012268618166164442,0.9827586206896551,0.9487285507545999
YBL103C-A,-1,0/-,-616.8484511375427,-44650.656302690506,348,0.012265978050355068,0.9827586206896551,0.9489352904692991
YLR396C,-1,-/-,-616.9436178207397,-28805.555280447006,87,0.012263339070567987,0.9827586206896551,0.9491420301839983
YHR072W-A,-1,-/-,-617.0179772377014,-25095.169476509094,87,0.012260701226070123,0.9827586206896551,0.9493487698986975
YOR038C,-1,-/-,-617.1553907394409,-28460.747636556625,87,0.012258064516129033,0.9827586206896551,0.9495555096133967
YIL044C,-1,-/-,-617.5757460594177,-27125.008469104767,87,0.0122554289400129,0.9827586206896551,0.9497622493280959
YMR288W,-1,-/-,-617.6054005622864,-28328.573341608047,87,0.012252794496990542,0.9827586206896551,0.9499689890427951
YJL018W,-1,-/-,-617.6077585220337,-26136.46758699417,87,0.012250161186331399,0.9827586206896551,0.9501757287574943
YKL099C,-1,-/-,-617.9385223388672,-27875.87995648384,87,0.012247529007305543,0.9827586206896551,0.9503824684721935
YIL103W,-1,-/-,-617.9685938358307,-29156.255981445312,87,0.012244897959183673,0.9827586206896551,0.9505892081868927
YKL089W,-1,-/-,-618.1266417503357,-29262.472401618958,87,0.012242268041237113,0.9827586206896551,0.9507959479015919
YHR079C-B,-1,-/-,-618.1479072570801,-25374.38859272003,87,0.012239639252737813,0.9827586206896551,0.9510026876162911
YKL012W,-1,-/-,-618.2752919197083,-29109.28216958046,87,0.012237011592958352,0.9827586206896551,0.9512094273309902
YDL064W,-1,-/-,-618.3192484378815,-27147.41661477089,87,0.012234385061171926,0.9827586206896551,0.9514161670456894
YDR468C,-1,0/-,-618.3499467372894,-44810.95685231686,348,0.012231759656652361,0.9827586206896551,0.9516229067603886
YOL068C,-1,-/-,-618.4302878379822,-26701.63131260872,87,0.012229135378674105,0.9827586206896551,0.9518296464750878
YPL213W,-1,-/-,-618.5383517742157,-27648.483253717422,87,0.012226512226512226,0.9827586206896551,0.952036386189787
YJL092W,-1,-/-,-618.7831163406372,-27587.038728058338,87,0.012223890199442419,0.9827586206896551,0.9522431259044862
YPR105C,-1,-/-,-618.9395575523376,-27413.32396364212,87,0.012221269296740995,0.9827586206896551,0.9524498656191854
YGR005C,-1,-/-,-618.9564716815948,-28037.540714263916,87,0.012218649517684888,0.9827586206896551,0.9526566053338846
YPR141C,-1,-/-,-619.2848391532898,-27634.117807149887,87,0.01221603086155165,0.9827586206896551,0.9528633450485838
YJL061W,-1,-/-,-619.3560404777527,-28210.44727253914,87,0.012213413327619455,0.9827586206896551,0.953070084763283
YGR072W,-1,-/-,-619.4527411460876,-27031.253068208694,87,0.012210796915167094,0.9827586206896551,0.9532768244779822
YDR052C,-1,-/-,-619.7066164016724,-27425.033019304276,87,0.012208181623473978,0.9827586206896551,0.9534835641926814
YLL013C,-1,-/-,-619.7237877845764,-27443.542751789093,87,0.012205567451820129,0.9827586206896551,0.9536903039073806
YJL098W,-1,-/-,-619.7556142807007,-28880.645431995392,87,0.012202954399486191,0.9827586206896551,0.9538970436220798
YHR066W,-1,-/-,-619.7592287063599,-28413.86615753174,87,0.012200342465753425,0.9827586206896551,0.954103783336779
YCL059C,-1,-/-,-619.8172578811646,-27420.41406750679,87,0.012197731649903702,0.9827586206896551,0.9543105230514782
YNL138W-A,-1,0/-,-619.8223180770874,-43663.37501215935,348,0.012195121951219513,0.9827586206896551,0.9545172627661774
YML071C,-1,-/-,-620.0531544685364,-26659.931987285614,87,0.012192513368983957,0.9827586206896551,0.9547240024808765
YML103C,-1,-/-,-620.8048343658447,-27511.01954650879,87,0.012189905902480752,0.9827586206896551,0.9549307421955757
YBR152W,-1,-/-,-620.8905429840088,-25734.69910144806,87,0.012187299550994226,0.9827586206896551,0.9551374819102749
YLR405W,-1,-/-,-621.0039119720459,-28494.910081982613,87,0.01218469431380932,0.9827586206896551,0.9553442216249741
YAR044W,-1,-/-,-621.0319538116455,-26298.203434467316,87,0.012182090190211584,0.9827586206896551,0.9555509613396733
YJL036W,-1,-/-,-621.0426795482635,-30589.41551733017,87,0.01217948717948718,0.9827586206896551,0.9557577010543725
YNL118C,-1,-/-,-621.1233468055725,-27697.085352897644,87,0.01217688528092288,0.9827586206896551,0.9559644407690717
YFL006W,-1,0/-,-621.2094480991364,-43891.07442235947,348,0.012174284493806066,0.9827586206896551,0.9561711804837709
YMR270C,-1,-/-,-621.2138385772705,-28352.386054754257,87,0.012171684817424727,0.9827586206896551,0.9563779201984701
YLR200W,-1,-/-,-621.2187099456787,-27250.231606006622,87,0.012169086251067465,0.9827586206896551,0.9565846599131693
YGL210W,-1,-/-,-621.349461555481,-25947.975892543793,87,0.012166488794023479,0.9827586206896551,0.9567913996278685
YOL070C,-1,0/-,-621.4500786066055,-44444.54287445545,348,0.012163892445582587,0.9827586206896551,0.9569981393425677
YER100W,-1,-/-,-621.4656648635864,-27409.735233306885,87,0.012161297205035204,0.9827586206896551,0.9572048790572669
YJL136W-A,0,0/0,-621.491362452507,-42394.45890378952,348,0.012161297205035204,0.9827586206896551,0.9572048790572669
YDL112W,-1,-/-,-621.7063119411469,-28808.43425798416,87,0.012158703071672355,0.9827586206896551,0.9574116187719661
YBR049C,-1,-/-,-622.1083340644836,-26512.169034957886,87,0.01215611004478567,0.9827586206896551,0.9576183584866653
YKL042W,-1,-/-,-622.3302249908447,-27618.30165863037,87,0.012153518123667377,0.9827586206896551,0.9578250982013645
YJL081C,-1,-/-,-622.5148320198059,-27293.646429777145,87,0.012150927307610318,0.9827586206896551,0.9580318379160637
YOR123C,-1,-/-,-622.5990505218506,-26026.532752752304,87,0.012148337595907928,0.9827586206896551,0.9582385776307629
YGL011C,-1,-/-,-622.8204073905945,-28242.465154647827,87,0.012145748987854251,0.9827586206896551,0.958445317345462
YIR011C,-1,-/-,-622.908643245697,-27521.80917072296,87,0.012143161482743928,0.9827586206896551,0.9586520570601612
YER138W-A,0,0/0,-623.0166990756989,-44240.33911597729,348,0.012143161482743928,0.9827586206896551,0.9586520570601612
YDR075W,-1,-/-,-623.0649766921997,-26763.267148971558,87,0.012140575079872205,0.9827586206896551,0.9588587967748604
YOR396W,0,0/0,-623.3138736486435,-44253.27299165726,348,0.012140575079872205,0.9827586206896551,0.9588587967748604
YPR180W,-1,0/-,-623.3250597715378,-44344.83494627476,348,0.012137989778534924,0.9827586206896551,0.9590655364895596
YDR183W,-1,-/-,-623.4611928462982,-27594.726814746857,87,0.01213540557802853,0.9827586206896551,0.9592722762042588
YKR063C,-1,-/-,-623.6275520324707,-29627.776167869568,87,0.012132822477650063,0.9827586206896551,0.959479015918958
YPL096C-A,-1,-/-,-623.7700724601746,-26451.820169448853,87,0.01213024047669717,0.9827586206896551,0.9596857556336572
YPL052W-A,-1,0/-,-624.2239773273468,-43856.144314050674,348,0.012127659574468085,0.9827586206896551,0.9598924953483564
YGL061C,-1,-/-,-624.4294843673706,-27734.93125486374,87,0.012125079770261647,0.9827586206896551,0.9600992350630556
YDR427W,-1,-/-,-624.6257939338684,-28180.80185365677,87,0.012122501063377287,0.9827586206896551,0.9603059747777548
YPR178W,-1,-/-,-624.7926254272461,-28216.534915447235,87,0.012119923453115033,0.9827586206896551,0.960512714492454
YNL258C,-1,-/-,-624.9201376438141,-27578.4476647377,87,0.01211734693877551,0.9827586206896551,0.9607194542071532
YOR194C,-1,-/-,-624.988799571991,-26914.29137945175,87,0.012114771519659936,0.9827586206896551,0.9609261939218524
YLR368W,-1,-/-,-625.1428399085999,-28719.184979200363,87,0.012112197195070123,0.9827586206896551,0.9611329336365516
YCL001W-A,-1,0/-,-625.2515459060669,-43174.712438225746,348,0.012109623964308477,0.9827586206896551,0.9613396733512508
YAL059W,-1,-/-,-625.2533912658691,-27215.950111865997,87,0.012107051826677994,0.9827586206896551,0.96154641306595
YOR240W,-1,-/-,-625.4521594047546,-26743.175732135773,87,0.012104480781482269,0.9827586206896551,0.9617531527806492
YNR023W,-1,-/-,-625.7756910324097,-27779.464696407318,87,0.012101910828025478,0.9827586206896551,0.9619598924953483
YBR233W,-1,0/-,-626.7082317471504,-43503.063428640366,348,0.012099341965612397,0.9827586206896551,0.9621666322100475
YDR390C,-1,0/-,-626.9554137587547,-45086.225804924965,348,0.012096774193548387,0.9827586206896551,0.9623733719247467
YJL041W,-1,-/-,-626.9617853164673,-28253.433408737183,87,0.0120942075111394,0.9827586206896551,0.9625801116394459
YML049C,-1,-/-,-627.0429906845093,-29831.47946858406,87,0.012091641917691982,0.9827586206896551,0.9627868513541451
YBR100W,-1,-/-,-627.1542210578918,-25719.983075141907,87,0.012089077412513256,0.9827586206896551,0.9629935910688443
YOR250C,-1,-/-,-627.1940190792084,-29171.48994922638,87,0.012086513994910942,0.9827586206896551,0.9632003307835435
YKL122C,-1,-/-,-627.3740458488464,-27087.884300231934,87,0.012083951664193343,0.9827586206896551,0.9634070704982427
YGL044C,-1,-/-,-627.6199607849121,-26897.754386663437,87,0.012081390419669352,0.9827586206896551,0.9636138102129419
YHR118C,-1,-/-,-627.7787256240845,-26566.696761846542,87,0.012078830260648443,0.9827586206896551,0.9638205499276411
YGR116W,-1,-/-,-627.8560361862183,-27686.982999801636,87,0.012076271186440678,0.9827586206896551,0.9640272896423403
YCL027C-A,-1,0/-,-628.0020484924316,-44637.98176205158,348,0.012073713196356703,0.9827586206896551,0.9642340293570395
YER112W,-1,-/-,-628.941816329956,-26487.67560505867,87,0.01207115628970775,0.9827586206896551,0.9644407690717387
YML033W,-1,-/-,-629.0292553901672,-26886.689569950104,87,0.012068600465805632,0.9827586206896551,0.9646475087864379
YNL002C,-1,-/-,-629.3125097751617,-28229.12331557274,87,0.012066045723962743,0.9827586206896551,0.9648542485011371
YDR145W,-1,-/-,-629.6542091369629,-28958.185575723648,87,0.012063492063492064,0.9827586206896551,0.9650609882158363
YDL159W-A,0,0/0,-629.9360022544861,-44240.51763367653,348,0.012063492063492064,0.9827586206896551,0.9650609882158363
YNL067W-B,0,0/0,-630.5388457775116,-44307.7765263319,348,0.012063492063492064,0.9827586206896551,0.9650609882158363
YHR196W,-1,-/-,-630.5763530731201,-28174.869077682495,87,0.012060939483707152,0.9827586206896551,0.9652677279305355
YLR009W,-1,-/-,-630.955091714859,-28982.285970449448,87,0.012058387983922149,0.9827586206896551,0.9654744676452347
YGR120C,-1,-/-,-631.0510840415955,-27926.2863843441,87,0.012055837563451776,0.9827586206896551,0.9656812073599338
YGR179C,-1,-/-,-631.2434773445129,-27071.9859085083,87,0.012053288221611334,0.9827586206896551,0.965887947074633
YDL201W,-1,-/-,-631.2763803005219,-28835.48889350891,87,0.012050739957716702,0.9827586206896551,0.9660946867893322
YDR392W,-1,-/-,-631.7762217521667,-28181.67445540428,87,0.012048192771084338,0.9827586206896551,0.9663014265040314
YHR146W,-1,0/-,-632.2240791320801,-44126.05173778534,348,0.012045646661031277,0.9827586206896551,0.9665081662187306
YOR088W,-1,-/-,-632.4162292480469,-26760.217970609665,87,0.012043101626875132,0.9827586206896551,0.9667149059334298
YBR233W-A,-1,-/-,-633.2377848625183,-26224.62123608589,87,0.012040557667934094,0.9827586206896551,0.966921645648129
YLR051C,-1,-/-,-633.3942637443542,-28418.186879873276,87,0.012038014783526927,0.9827586206896551,0.9671283853628282
YCR080W,-1,-/-,-633.514280796051,-26983.432524204254,87,0.012035472972972973,0.9827586206896551,0.9673351250775274
YOR188W,0,-/0,-634.26327085495,-29467.382865428925,87,0.012035472972972973,0.9827586206896551,0.9673351250775274
YNL206C,-1,-/-,-635.6188089847565,-27728.7071518898,87,0.012032932235592146,0.9827586206896551,0.9675418647922266
YKL158W,0,0/0,-636.2059854269028,-44658.70867860317,348,0.012032932235592146,0.9827586206896551,0.9675418647922266
YCR070W,-1,0/-,-636.5398397445679,-45029.79586434364,348,0.012030392570704939,0.9827586206896551,0.9677486045069258
YDR407C,-1,-/-,-636.609700679779,-28498.840334415436,87,0.012027853977632412,0.9827586206896551,0.967955344221625
YDR527W,-1,-/-,-636.8119421005249,-29782.561282396317,87,0.012025316455696202,0.9827586206896551,0.9681620839363242
YOR174W,-1,-/-,-637.4818086624146,-28831.284969329834,87,0.01202278000421852,0.9827586206896551,0.9683688236510234
YLR015W,-1,-/-,-637.8538756370544,-27585.18580842018,87,0.012020244622522143,0.9827586206896551,0.9685755633657226
YHR052W,-1,-/-,-638.3617334365845,-29035.96548962593,87,0.012017710309930424,0.9827586206896551,0.9687823030804218
YCL074W,-1,-/-,-638.6952538490295,-26802.4248752594,87,0.012015177065767284,0.9827586206896551,0.968989042795121
YGR272C,-1,-/-,-638.6962141990662,-26138.860759735107,87,0.012012644889357217,0.9827586206896551,0.9691957825098202
YBL039W-B,0,0/0,-638.9595303535461,-45372.217925071716,348,0.012012644889357217,0.9827586206896551,0.9691957825098202
YNL272C,-1,-/-,-639.3925123214722,-28796.583531856537,87,0.012010113780025285,0.9827586206896551,0.9694025222245193
YNL130C-A,0,0/0,-639.3996229171753,-44788.547438144684,348,0.012010113780025285,0.9827586206896551,0.9694025222245193
YJL031C,-1,-/-,-640.4728698730469,-28310.63840341568,87,0.012007583737097115,0.9827586206896551,0.9696092619392185
YJR043C,-1,-/-,-641.0157442092896,-28700.720853805542,87,0.012005054759898905,0.9827586206896551,0.9698160016539177
YFR024C,-1,-/-,-641.0912284851074,-27357.949855089188,87,0.012002526847757423,0.9827586206896551,0.9700227413686169
YCL061C,-1,-/-,-641.2363476753235,-28690.2021920681,87,0.012,0.9827586206896551,0.9702294810833161
YCL012C,0,0/0,-641.8889949321747,-45315.279509902,348,0.012,0.9827586206896551,0.9702294810833161
YDR153C,-1,-/-,-642.2025775909424,-27476.879699230194,87,0.011997474215954537,0.9827586206896551,0.9704362207980153
YDL148C,-1,-/-,-642.2680912017822,-29262.22898030281,87,0.011994949494949494,0.9827586206896551,0.9706429605127145
YBR111W-A,-1,-/-,-642.6082353591919,-26735.621027946472,87,0.011992425836313906,0.9827586206896551,0.9708497002274137
YER074W-A,-1,-/-,-642.6327171325684,-27182.974727153778,87,0.011989903239377367,0.9827586206896551,0.9710564399421129
YGL130W,-1,-/-,-643.0021195411682,-29670.421979665756,87,0.011987381703470032,0.9827586206896551,0.9712631796568121
YOR261C,-1,-/-,-643.2274160385132,-28014.508149147034,87,0.011984861227922625,0.9827586206896551,0.9714699193715113
YLR391W,-1,-/-,-643.329683303833,-26728.712656497955,87,0.011982341812066429,0.9827586206896551,0.9716766590862105
YKL200C,-1,-/-,-643.8640065193176,-27670.76555776596,87,0.01197982345523329,0.9827586206896551,0.9718833988009097
YMR005W,-1,-/-,-644.1226787567139,-29043.9936273098,87,0.01197730615675562,0.9827586206896551,0.9720901385156089
YIL068C,-1,-/-,-644.3236720561981,-27843.85962843895,87,0.011974789915966387,0.9827586206896551,0.9722968782303081
YDR289C,-1,-/-,-644.3979182243347,-26803.301290750504,87,0.011972274732199117,0.9827586206896551,0.9725036179450073
YMR077C,-1,-/-,-644.5960636138916,-28161.249208927155,87,0.011969760604787905,0.9827586206896551,0.9727103576597065
YER108C,-1,-/-,-644.8046126365662,-26938.295241594315,87,0.011967247533067394,0.9827586206896551,0.9729170973744056
YNL119W,-1,-/-,-645.305700302124,-29666.30074739456,87,0.011964735516372796,0.9827586206896551,0.9731238370891048
YLR002C,-1,-/-,-645.3631973266602,-29824.121327877045,87,0.011962224554039873,0.9827586206896551,0.973330576803804
YHR199C-A,-1,0/-,-645.8682934045792,-44977.40447103977,348,0.011959714645404951,0.9827586206896551,0.9735373165185032
YGR169C-A,-1,0/-,-645.9020097255707,-45132.27964365482,348,0.01195720578980491,0.9827586206896551,0.9737440562332024
YLR147C,-1,-/-,-645.9602313041687,-28981.482766389847,87,0.011954697986577181,0.9827586206896551,0.9739507959479016
YKR081C,-1,-/-,-646.7137007713318,-28772.79021525383,87,0.01195219123505976,0.9827586206896551,0.9741575356626008
YLL021W,-1,-/-,-646.916955947876,-29535.071182012558,87,0.011949685534591196,0.9827586206896551,0.9743642753773
YMR033W,-1,-/-,-647.114307641983,-29957.042193889618,87,0.011947180884510585,0.9827586206896551,0.9745710150919992
YGL216W,-1,-/-,-647.8154401779175,-28876.662670612335,87,0.011944677284157585,0.9827586206896551,0.9747777548066984
YML112W,-1,-/-,-647.9717178344727,-28558.678897857666,87,0.011942174732872407,0.9827586206896551,0.9749844945213976
YGL006W-A,0,0/0,-648.2793591022491,-44191.50415635109,348,0.011942174732872407,0.9827586206896551,0.9749844945213976
YIL085C,-1,-/-,-648.8185472488403,-29905.085756778717,87,0.01193967322999581,0.9827586206896551,0.9751912342360968
YDR261C-D,-1,-/-,-649.3462357521057,-27265.14430952072,87,0.01193717277486911,0.9827586206896551,0.975397973950796
YDL147W,-1,-/-,-649.6515336036682,-30016.199067115784,87,0.01193467336683417,0.9827586206896551,0.9756047136654952
YDR170W-A,-1,-/-,-649.9128050804138,-28456.85315299034,87,0.01193217500523341,0.9827586206896551,0.9758114533801944
YFL002W-B,-1,-/-,-650.4530692100525,-27346.317202091217,87,0.011929677689409795,0.9827586206896551,0.9760181930948936
YGR109W-B,-1,-/-,-650.6517724990845,-27105.663641929626,87,0.011927181418706842,0.9827586206896551,0.9762249328095928
YOR343W-B,-1,-/-,-651.0251679420471,-27315.456762313843,87,0.01192468619246862,0.9827586206896551,0.976431672524292
YJL127C-B,-1,0/-,-651.8655586242676,-46269.92614758015,348,0.011922192010039741,0.9827586206896551,0.9766384122389911
YLR221C,-1,-/-,-652.131838798523,-30030.3545088768,87,0.01191969887076537,0.9827586206896551,0.9768451519536903
YNL299W,-1,-/-,-652.665433883667,-29830.521312236786,87,0.01191720677399122,0.9827586206896551,0.9770518916683895
YDL001W,-1,0/-,-652.9091627597809,-46135.165920972824,348,0.011914715719063546,0.9827586206896551,0.9772586313830887
YBR279W,-1,-/-,-653.0766944885254,-27908.196615219116,87,0.011912225705329153,0.9827586206896551,0.9774653710977879
YFL011W-A,-1,-/-,-653.8025250434875,-26545.780971050262,87,0.011909736732135395,0.9827586206896551,0.9776721108124871
YLR227W-B,-1,-/-,-654.1112513542175,-27366.5024228096,87,0.011907248798830166,0.9827586206896551,0.9778788505271863
YDR210C-D,-1,-/-,-654.46857213974,-27423.35606431961,87,0.011904761904761904,0.9827586206896551,0.9780855902418855
YLR035C-A,-1,-/-,-654.6977672576904,-28394.356934785843,87,0.0119022760492796,0.9827586206896551,0.9782923299565847
YBR153W,1,+/+,-654.7436227798462,-29451.617371320724,86,0.012108559498956159,1.0,0.9782923299565847
YGR161W-B,-1,-/-,-655.3973722457886,-27490.669551372528,87,0.012106032143602587,1.0,0.9784990696712839
YOR343W-A,-1,-/-,-656.119843006134,-27421.818449020386,87,0.012103505843071787,1.0,0.9787058093859831
YDR034C-C,-1,-/-,-656.2146596908569,-27420.696429252625,87,0.012100980596703526,1.0,0.9789125491006823
YGR027W-B,-1,-/-,-657.9582982063293,-27514.45680999756,87,0.012098456403838132,1.0,0.9791192888153815
YDR261W-B,-1,-/-,-658.477481842041,-27509.952570438385,87,0.012095933263816475,1.0,0.9793260285300807
YER137C-A,-1,-/-,-658.5322833061218,-27499.398563861847,87,0.012093411175979984,1.0,0.9795327682447799
YNL054W-B,-1,-/-,-658.9324779510498,-27563.662900924683,87,0.012090890139670627,1.0,0.9797395079594791
YNL097C-B,0,0/0,-660.2162528038025,-45824.782020807266,348,0.012090890139670627,1.0,0.9797395079594791
YNL054W-A,-1,-/-,-660.7877378463745,-27659.16121196747,87,0.01208837015423093,1.0,0.9799462476741783
YCL012W,-1,-/-,-660.821551322937,-27909.442093372345,87,0.012085851219003959,1.0,0.9801529873888774
YCL062W,-1,-/-,-661.4475111961365,-27438.53019809723,87,0.012083333333333333,1.0,0.9803597271035766
YDR210C-C,-1,-/-,-662.3681354522705,-27667.989554405212,87,0.012080816496563215,1.0,0.9805664668182758
YLR256W-A,-1,-/-,-662.6071848869324,-27701.125517368317,87,0.012078300708038317,1.0,0.980773206532975
YBR073W,-1,-/-,-662.6670999526978,-29675.127735853195,87,0.012075785967103894,1.0,0.9809799462476742
YJR090C,-1,-/-,-662.8183174133301,-29677.105392932892,87,0.012073272273105746,1.0,0.9811866859623734
YJL085W,-1,-/-,-663.1072130203247,-29162.181241989136,87,0.012070759625390219,1.0,0.9813934256770726
YDR083W,-1,-/-,-663.5158586502075,-29707.145079612732,87,0.012068248023304202,1.0,0.9816001653917718
YCL058W-A,-1,0/-,-663.7527495622635,-46597.34754669666,348,0.012065737466195133,1.0,0.981806905106471
YCR062W,0,-/0,-664.4330916404724,-27982.396600723267,87,0.012065737466195133,1.0,0.981806905106471
YJL017W,0,0/0,-664.961171746254,-46903.460060596466,348,0.012065737466195133,1.0,0.981806905106471
YIL015C-A,0,0/0,-665.4981116056442,-46523.7811255455,348,0.012065737466195133,1.0,0.981806905106471
YLR157C-A,-1,-/-,-666.0028681755066,-27864.94797706604,87,0.012063227953410981,1.0,0.9820136448211702
YHL009W-A,-1,-/-,-666.0028681755066,-27864.94797706604,87,0.012060719484300271,1.0,0.9822203845358694
YNL284C-A,-1,-/-,-666.0028705596924,-27864.94797706604,87,0.012058212058212059,1.0,0.9824271242505686
YBL101W-B,-1,-/-,-666.0028705596924,-27864.94797706604,87,0.012055705674495947,1.0,0.9826338639652678
YOL086W-A,-1,0/-,-666.5216660499573,-46899.9766048193,348,0.012053200332502078,1.0,0.982840603679967
YLR003C,0,-/0,-666.6278953552246,-29328.982895612717,87,0.012053200332502078,1.0,0.982840603679967
YBL100W-C,0,0/0,-667.09725522995,-46408.82135593891,348,0.012053200332502078,1.0,0.982840603679967
YLR154W-C,-1,0/-,-667.5426117181778,-46820.06505250931,348,0.012050696031581135,1.0,0.9830473433946662
YDR168W,-1,-/-,-667.5790433883667,-30563.70448732376,87,0.012048192771084338,1.0,0.9832540831093654
YJL168C,-1,-/-,-667.8236372470856,-29359.921548604965,87,0.012045690550363447,1.0,0.9834608228240646
YLR312C-B,-1,-/-,-668.8412818908691,-27735.915407657623,87,0.012043189368770765,1.0,0.9836675625387638
YOL013W-B,0,0/0,-670.4640494585037,-46736.57908535004,348,0.012043189368770765,1.0,0.9836675625387638
YHR039C-B,-1,-/-,-672.9336042404175,-28380.47927594185,87,0.012040689225659124,1.0,0.9838743022534628
YDR228C,-1,-/-,-673.7741985321045,-29401.023906230927,87,0.012038190120381901,1.0,0.984081041968162
YAL065C-A,0,0/0,-674.1280564069748,-46840.698209524155,348,0.012038190120381901,1.0,0.984081041968162
YLR157W-E,0,0/0,-675.1813113689423,-46707.49526679516,348,0.012038190120381901,1.0,0.984081041968162
YIL021W,-1,-/-,-675.341805934906,-29404.891867399216,87,0.012035692052293007,1.0,0.9842877816828612
YIR004W,-1,-/-,-676.311023235321,-29870.90934896469,87,0.012033195020746889,1.0,0.9844945213975604
YNL039W,-1,-/-,-676.432204246521,-28962.45336341858,87,0.012030699025098528,1.0,0.9847012611122596
YFL043C,-1,0/-,-677.0400223731995,-47366.01645255089,348,0.012028204064703443,1.0,0.9849080008269588
YLR391W-A,-1,-/-,-677.4036059379578,-27815.256589889526,87,0.012025710138917687,1.0,0.985114740541658
YKL079W,-1,-/-,-678.7577962875366,-30656.744489192963,87,0.012023217247097845,1.0,0.9853214802563572
YBR075W,0,0/0,-681.8057470321655,-46824.912683844566,348,0.012023217247097845,1.0,0.9853214802563572
YBL059C-A,-1,0/-,-682.5108655691147,-47651.07283627987,348,0.012020725388601036,1.0,0.9855282199710564
YFL035C-A,-1,-/-,-688.0918264389038,-28506.69910442829,87,0.012018234562784915,1.0,0.9857349596857556
YFL035C,-1,-/-,-688.0918412208557,-28506.699082493782,87,0.012015744769007665,1.0,0.9859416994004548
YLR154W-A,-1,0/-,-689.7858331203461,-47924.141275286674,348,0.012013256006628004,1.0,0.986148439115154
YPR158C-D,-1,-/-,-692.0099563598633,-29067.772861003876,87,0.012010768275005176,1.0,0.9863551788298532
YHR132W-A,-1,0/-,-692.1940435171127,-47891.23797404766,348,0.012008281573498964,1.0,0.9865619185445524
YMR158C-B,0,0/0,-695.0382457971573,-48021.88318645954,348,0.012008281573498964,1.0,0.9865619185445524
YPR158W-B,-1,-/-,-695.1920194625854,-29153.650714874268,87,0.012005795901469675,1.0,0.9867686582592516
YCL060C,-1,-/-,-696.6848702430725,-29165.99827528,87,0.012003311258278146,1.0,0.9869753979739508
YDR365W-A,-1,-/-,-698.0795192718506,-29198.13906955719,87,0.012000827643285744,1.0,0.98718213768865
YPR090W,0,0/0,-702.1743787527084,-48133.273676157,348,0.012000827643285744,1.0,0.98718213768865
YHR214C-C,-1,-/-,-702.591835975647,-29209.771334171295,87,0.011998345055854365,1.0,0.9873888774033491
YGR161W-A,-1,-/-,-703.4084734916687,-29261.38656616211,87,0.011995863495346433,1.0,0.9875956171180483
YGL086W,-1,-/-,-704.1384072303772,-30459.058664798737,87,0.011993382961124897,1.0,0.9878023568327475
YJL062W-A,-1,0/-,-705.6209886074066,-48613.59284389019,348,0.011990903452553235,1.0,0.9880090965474467
YPL060C-A,-1,-/-,-707.1274495124817,-29476.602833271027,87,0.011988424968995453,1.0,0.9882158362621459
YNL067W-A,0,0/0,-708.3929892778397,-48472.352346897125,348,0.011988424968995453,1.0,0.9882158362621459
YPR036W-A,-1,-/-,-710.1692276000977,-29712.82745361328,87,0.011985947509816079,1.0,0.9884225759768451
YDR210W-D,-1,-/-,-710.1692276000977,-29712.82745361328,87,0.011983471074380166,1.0,0.9886293156915443
YBL101W-A,-1,-/-,-710.1692276000977,-29712.82745361328,87,0.011980995662053295,1.0,0.9888360554062435
YDL159W-B,0,0/0,-716.0122970342636,-48992.22555601597,348,0.011980995662053295,1.0,0.9888360554062435
YDR119W-A,0,0/0,-719.3502995967865,-49271.36186635494,348,0.011980995662053295,1.0,0.9888360554062435
YJL133C-A,0,0/0,-719.3502998352051,-49271.36186563969,348,0.011980995662053295,1.0,0.9888360554062435
YAR035C-A,0,0/0,-719.3503005504608,-49271.36186635494,348,0.011980995662053295,1.0,0.9888360554062435
YBR182C-A,0,0/0,-719.3503006696701,-49271.36186635494,348,0.011980995662053295,1.0,0.9888360554062435
YMR001C-A,0,0/0,-719.3503007888794,-49271.36186814308,348,0.011980995662053295,1.0,0.9888360554062435
YDL007C-A,0,0/0,-719.3503013849258,-49271.36186563969,348,0.011980995662053295,1.0,0.9888360554062435
YGR121W-A,0,0/0,-719.3503024578094,-49271.36186730862,348,0.011980995662053295,1.0,0.9888360554062435
YHR050W-A,0,0/0,-719.3503024578094,-49271.36186635494,348,0.011980995662053295,1.0,0.9888360554062435
YLR099W-A,-1,0/-,-719.3503024578094,-49271.36186635494,348,0.01197852127220157,1.0,0.9890427951209427
YMR247W-A,0,0/0,-719.3503024578094,-49271.36186695099,348,0.01197852127220157,1.0,0.9890427951209427
YCL011C-A,0,0/0,-719.3503025770187,-49271.36186635494,348,0.01197852127220157,1.0,0.9890427951209427
YHL015W-A,0,0/0,-719.3503025770187,-49271.36186635494,348,0.01197852127220157,1.0,0.9890427951209427
YHR175W-A,0,0/0,-719.3503028154373,-49271.36186635494,348,0.01197852127220157,1.0,0.9890427951209427
YHR213W-A,0,0/0,-719.3503029346466,-49271.361867547035,348,0.01197852127220157,1.0,0.9890427951209427
YER190C-B,0,0/0,-719.3503030538559,-49271.361869096756,348,0.01197852127220157,1.0,0.9890427951209427
YBR201C-A,0,0/0,-719.3503030538559,-49271.36186635494,348,0.01197852127220157,1.0,0.9890427951209427
YCL001W-B,-1,0/-,-719.3503034114838,-49271.36186695099,348,0.011976047904191617,1.0,0.9892495348356419
YML054C-A,0,0/0,-719.3503034114838,-49271.36186635494,348,0.011976047904191617,1.0,0.9892495348356419
YPL152W-A,0,0/0,-719.3503034114838,-49271.36186695099,348,0.011976047904191617,1.0,0.9892495348356419
YLR159C-A,0,0/0,-719.350303530693,-49271.36186730862,348,0.011976047904191617,1.0,0.9892495348356419
YGL194C-A,0,0/0,-719.3503036499023,-49271.361867547035,348,0.011976047904191617,1.0,0.9892495348356419
YMR105W-A,0,0/0,-719.3503038883209,-49271.361867547035,348,0.011976047904191617,1.0,0.9892495348356419
YDR381C-A,-1,0/-,-719.3503040075302,-49271.361867547035,348,0.011973575557390587,1.0,0.9894562745503411
YHR213W-B,0,0/0,-719.3503041267395,-49271.36186635494,348,0.011973575557390587,1.0,0.9894562745503411
YPR108W-A,0,0/0,-719.3503042459488,-49271.36186635494,348,0.011973575557390587,1.0,0.9894562745503411
YBR221W-A,0,0/0,-719.3503042459488,-49271.361866116524,348,0.011973575557390587,1.0,0.9894562745503411
YAL044W-A,-1,0/-,-719.3503042459488,-49271.36186563969,348,0.01197110423116615,1.0,0.9896630142650403
YBL108C-A,-1,0/-,-719.3503042459488,-49271.36186563969,348,0.011968633924886504,1.0,0.9898697539797395
YER175W-A,0,0/0,-719.3503043651581,-49271.36186635494,348,0.011968633924886504,1.0,0.9898697539797395
YJL127C-A,-1,0/-,-719.3503043651581,-49271.36186635494,348,0.011966164637920364,1.0,0.9900764936944387
YIL134C-A,0,0/0,-719.3503043651581,-49271.36186635494,348,0.011966164637920364,1.0,0.9900764936944387
YOR293C-A,0,0/0,-719.350304722786,-49271.36186635494,348,0.011966164637920364,1.0,0.9900764936944387
YGR174W-A,0,0/0,-719.3503048419952,-49271.36186635494,348,0.011966164637920364,1.0,0.9900764936944387
YOR316C-A,0,0/0,-719.3503048419952,-49271.36186635494,348,0.011966164637920364,1.0,0.9900764936944387
YOR394C-A,0,0/0,-719.3503048419952,-49271.361865878105,348,0.011966164637920364,1.0,0.9900764936944387
YDR182W-A,0,0/0,-719.3503049612045,-49271.36186635494,348,0.011966164637920364,1.0,0.9900764936944387
YLR342W-A,0,0/0,-719.3503051996231,-49271.36186683178,348,0.011966164637920364,1.0,0.9900764936944387
YER053C-A,0,0/0,-719.3503053188324,-49271.36186635494,348,0.011966164637920364,1.0,0.9900764936944387
YIR018C-A,0,0/0,-719.3503053188324,-49271.36186635494,348,0.011966164637920364,1.0,0.9900764936944387
YGR169C-C,-1,0/-,-719.3503054380417,-49271.36186635494,348,0.011963696369636964,1.0,0.9902832334091379
YBL071C-B,0,0/0,-719.350305557251,-49271.361867785454,348,0.011963696369636964,1.0,0.9902832334091379
YBL008W-A,0,0/0,-719.350305557251,-49271.36186635494,348,0.011963696369636964,1.0,0.9902832334091379
YMR230W-A,0,0/0,-719.350305557251,-49271.36186814308,348,0.011963696369636964,1.0,0.9902832334091379
YGL041C-B,0,0/0,-719.3503056764603,-49271.36186635494,348,0.011963696369636964,1.0,0.9902832334091379
YKL023C-A,0,0/0,-719.3503056764603,-49271.36186635494,348,0.011963696369636964,1.0,0.9902832334091379
YMR315W-A,0,0/0,-719.3503056764603,-49271.36186635494,348,0.011963696369636964,1.0,0.9902832334091379
YML007C-A,0,0/0,-719.3503056764603,-49271.36186635494,348,0.011963696369636964,1.0,0.9902832334091379
YAL067W-A,0,0/0,-719.3503056764603,-49271.361867427826,348,0.011963696369636964,1.0,0.9902832334091379
YDR194W-A,0,0/0,-719.3503057956696,-49271.36186635494,348,0.011963696369636964,1.0,0.9902832334091379
YKL096C-B,0,0/0,-719.3503057956696,-49271.36186635494,348,0.011963696369636964,1.0,0.9902832334091379
YBR298C-A,0,0/0,-719.3503060340881,-49271.36186635494,348,0.011963696369636964,1.0,0.9902832334091379
YDR461C-A,0,0/0,-719.3503060340881,-49271.361866116524,348,0.011963696369636964,1.0,0.9902832334091379
YIL102C-A,-1,0/-,-719.3503061532974,-49271.36186802387,348,0.011961229119406063,1.0,0.9904899731238371
YNL097C-A,0,0/0,-719.3503061532974,-49271.36186635494,348,0.011961229119406063,1.0,0.9904899731238371
YJL047C-A,0,0/0,-719.3503061532974,-49271.36186635494,348,0.011961229119406063,1.0,0.9904899731238371
YLR157W-A,0,0/0,-719.3503061532974,-49271.36186563969,348,0.011961229119406063,1.0,0.9904899731238371
YGR035W-A,0,0/0,-719.3503061532974,-49271.36186635494,348,0.011961229119406063,1.0,0.9904899731238371
YOL155W-A,0,0/0,-719.3503062725067,-49271.361867785454,348,0.011961229119406063,1.0,0.9904899731238371
YLR157C-C,0,0/0,-719.3503062725067,-49271.36186635494,348,0.011961229119406063,1.0,0.9904899731238371
YFL041W-A,0,0/0,-719.3503062725067,-49271.36186635494,348,0.011961229119406063,1.0,0.9904899731238371
YLR157W-B,0,0/0,-719.350306391716,-49271.36186635494,348,0.011961229119406063,1.0,0.9904899731238371
YGL258W-A,0,0/0,-719.350306391716,-49271.36186635494,348,0.011961229119406063,1.0,0.9904899731238371
YER078W-A,0,0/0,-719.3503065109253,-49271.36186635494,348,0.011961229119406063,1.0,0.9904899731238371
YBR255C-A,0,0/0,-719.3503065109253,-49271.36186635494,348,0.011961229119406063,1.0,0.9904899731238371
YPL038W-A,0,0/0,-719.3503065109253,-49271.36186635494,348,0.011961229119406063,1.0,0.9904899731238371
YLR361C-A,0,0/0,-719.3503066301346,-49271.36186635494,348,0.011961229119406063,1.0,0.9904899731238371
YNL277W-A,0,0/0,-719.3503066301346,-49271.361867547035,348,0.011961229119406063,1.0,0.9904899731238371
YDR379C-A,-1,0/-,-719.3503066301346,-49271.36186635494,348,0.011958762886597939,1.0,0.9906967128385363
YDR003W-A,0,0/0,-719.3503067493439,-49271.36186635494,348,0.011958762886597939,1.0,0.9906967128385363
YLL066W-B,0,0/0,-719.3503068685532,-49271.36186563969,348,0.011958762886597939,1.0,0.9906967128385363
YCR024C-B,0,0/0,-719.3503068685532,-49271.36186730862,348,0.011958762886597939,1.0,0.9906967128385363
YPL119C-A,0,0/0,-719.3503069877625,-49271.36186635494,348,0.011958762886597939,1.0,0.9906967128385363
YKL106C-A,0,0/0,-719.3503071069717,-49271.361867785454,348,0.011958762886597939,1.0,0.9906967128385363
YBL039W-A,0,0/0,-719.3503071069717,-49271.3618670702,348,0.011958762886597939,1.0,0.9906967128385363
YLR157W-D,0,0/0,-719.3503071069717,-49271.36186635494,348,0.011958762886597939,1.0,0.9906967128385363
YIR021W-A,0,0/0,-719.3503071069717,-49271.36186683178,348,0.011958762886597939,1.0,0.9906967128385363
YLR154C-G,0,0/0,-719.3503071069717,-49271.36186635494,348,0.011958762886597939,1.0,0.9906967128385363
YCR108C,0,0/0,-719.350307226181,-49271.36186957359,348,0.011958762886597939,1.0,0.9906967128385363
YOR376W-A,0,0/0,-719.3503073453903,-49271.36186635494,348,0.011958762886597939,1.0,0.9906967128385363
YOL166W-A,0,0/0,-719.3503074645996,-49271.36186635494,348,0.011958762886597939,1.0,0.9906967128385363
YLR363W-A,0,0/0,-719.3503074645996,-49271.36186635494,348,0.011958762886597939,1.0,0.9906967128385363
YLR285C-A,0,0/0,-719.3503074645996,-49271.361865878105,348,0.011958762886597939,1.0,0.9906967128385363
YCL021W-A,0,0/0,-719.3503074645996,-49271.36186635494,348,0.011958762886597939,1.0,0.9906967128385363
YNL024C-A,0,0/0,-719.3503077030182,-49271.361867785454,348,0.011958762886597939,1.0,0.9906967128385363
YLR157W-C,0,0/0,-719.3503078222275,-49271.36186635494,348,0.011958762886597939,1.0,0.9906967128385363
YPR159C-A,0,0/0,-719.3503078222275,-49271.36186635494,348,0.011958762886597939,1.0,0.9906967128385363
YLR156C-A,0,0/0,-719.3503079414368,-49271.36186635494,348,0.011958762886597939,1.0,0.9906967128385363
YOR032W-A,0,0/0,-719.3503080606461,-49271.36186635494,348,0.011958762886597939,1.0,0.9906967128385363
YBR200W-A,0,0/0,-719.3503080606461,-49271.361867785454,348,0.011958762886597939,1.0,0.9906967128385363
YIL046W-A,0,0/0,-719.3503080606461,-49271.36186814308,348,0.011958762886597939,1.0,0.9906967128385363
YBR230W-A,0,0/0,-719.3503080606461,-49271.36186730862,348,0.011958762886597939,1.0,0.9906967128385363
YLR154C-H,0,0/0,-719.3503080606461,-49271.36186635494,348,0.011958762886597939,1.0,0.9906967128385363
YJR005C-A,0,0/0,-719.3503081798553,-49271.36186635494,348,0.011958762886597939,1.0,0.9906967128385363
YLR146W-A,0,0/0,-719.3503081798553,-49271.36186635494,348,0.011958762886597939,1.0,0.9906967128385363
YLL006W-A,0,0/0,-719.3503081798553,-49271.36186635494,348,0.011958762886597939,1.0,0.9906967128385363
YHL048C-A,0,0/0,-719.3503082990646,-49271.36186635494,348,0.011958762886597939,1.0,0.9906967128385363
YOR381W-A,0,0/0,-719.3503082990646,-49271.36186635494,348,0.011958762886597939,1.0,0.9906967128385363
YCR075W-A,-1,0/-,-719.3503085374832,-49271.36186695099,348,0.011956297670583385,1.0,0.9909034525532355
YOL097W-A,0,0/0,-719.3503085374832,-49271.36186635494,348,0.011956297670583385,1.0,0.9909034525532355
YMR194C-B,0,0/0,-719.3503085374832,-49271.36186635494,348,0.011956297670583385,1.0,0.9909034525532355
YMR272W-B,0,0/0,-719.3503086566925,-49271.36186635494,348,0.011956297670583385,1.0,0.9909034525532355
YLR412C-A,0,0/0,-719.3503086566925,-49271.36186635494,348,0.011956297670583385,1.0,0.9909034525532355
YLR406C-A,0,0/0,-719.3503086566925,-49271.36186635494,348,0.011956297670583385,1.0,0.9909034525532355
YKL018C-A,0,0/0,-719.3503086566925,-49271.361867785454,348,0.011956297670583385,1.0,0.9909034525532355
YDL160C-A,-1,0/-,-719.3503086566925,-49271.36186635494,348,0.011953833470733718,1.0,0.9911101922679346
YCL048W-A,0,0/0,-719.3503087759018,-49271.36186635494,348,0.011953833470733718,1.0,0.9911101922679346
YOR020W-A,-1,0/-,-719.3503088951111,-49271.36186635494,348,0.01195137028642077,1.0,0.9913169319826338
YHR214C-D,0,0/0,-719.3503088951111,-49271.36186635494,348,0.01195137028642077,1.0,0.9913169319826338
YOL159C-A,0,0/0,-719.3503090143204,-49271.36186635494,348,0.01195137028642077,1.0,0.9913169319826338
YCR095W-A,0,0/0,-719.3503090143204,-49271.36186635494,348,0.01195137028642077,1.0,0.9913169319826338
YOR034C-A,0,0/0,-719.3503090143204,-49271.36186563969,348,0.01195137028642077,1.0,0.9913169319826338
YGR240C-A,0,0/0,-719.3503091335297,-49271.36186635494,348,0.01195137028642077,1.0,0.9913169319826338
YOL019W-A,0,0/0,-719.350309252739,-49271.361865878105,348,0.01195137028642077,1.0,0.9913169319826338
YDR169C-A,0,0/0,-719.350309252739,-49271.36186730862,348,0.01195137028642077,1.0,0.9913169319826338
YFR012W-A,0,0/0,-719.350309252739,-49271.36186635494,348,0.01195137028642077,1.0,0.9913169319826338
YLR162W-A,0,0/0,-719.3503093719482,-49271.36186659336,348,0.01195137028642077,1.0,0.9913169319826338
YBR196C-A,0,0/0,-719.3503094911575,-49271.36186814308,348,0.01195137028642077,1.0,0.9913169319826338
YPR145C-A,0,0/0,-719.3503097295761,-49271.36186695099,348,0.01195137028642077,1.0,0.9913169319826338
YHR022C-A,0,0/0,-719.3503097295761,-49271.36186635494,348,0.01195137028642077,1.0,0.9913169319826338
YOR161C-C,0,0/0,-719.3503097295761,-49271.36186695099,348,0.01195137028642077,1.0,0.9913169319826338
YDR246W-A,0,0/0,-719.3503099679947,-49271.36186635494,348,0.01195137028642077,1.0,0.9913169319826338
YMR242W-A,0,0/0,-719.3503099679947,-49271.36186635494,348,0.01195137028642077,1.0,0.9913169319826338
YDR374W-A,-1,0/-,-719.3503099679947,-49271.36186635494,348,0.011948908117016894,1.0,0.991523671697333
YBR196C-B,0,0/0,-719.3503099679947,-49271.36186635494,348,0.011948908117016894,1.0,0.991523671697333
YJR112W-A,0,0/0,-719.350310087204,-49271.36186635494,348,0.011948908117016894,1.0,0.991523671697333
YHR214C-E,0,0/0,-719.3503102064133,-49271.36186635494,348,0.011948908117016894,1.0,0.991523671697333
YNL146C-A,0,0/0,-719.3503102064133,-49271.36186814308,348,0.011948908117016894,1.0,0.991523671697333
YGR161W-C,0,0/0,-719.3503103256226,-49271.36186563969,348,0.011948908117016894,1.0,0.991523671697333
YMR175W-A,0,0/0,-719.3503103256226,-49271.36186635494,348,0.011948908117016894,1.0,0.991523671697333
YAL063C-A,0,0/0,-719.3503103256226,-49271.36186814308,348,0.011948908117016894,1.0,0.991523671697333
YIL002W-A,0,0/0,-719.3503103256226,-49271.36186635494,348,0.011948908117016894,1.0,0.991523671697333
YIL156W-B,0,0/0,-719.3503104448318,-49271.36186635494,348,0.011948908117016894,1.0,0.991523671697333
YJL052C-A,0,0/0,-719.3503104448318,-49271.36186635494,348,0.011948908117016894,1.0,0.991523671697333
YBR296C-A,-1,0/-,-719.3503105640411,-49271.36186635494,348,0.011946446961894954,1.0,0.9917304114120322
YLR307C-A,0,0/0,-719.3503105640411,-49271.36186635494,348,0.011946446961894954,1.0,0.9917304114120322
YKL183C-A,0,0/0,-719.3503108024597,-49271.361865878105,348,0.011946446961894954,1.0,0.9917304114120322
YBL101W-C,0,0/0,-719.3503108024597,-49271.36186635494,348,0.011946446961894954,1.0,0.9917304114120322
YHR212W-A,0,0/0,-719.3503108024597,-49271.36186635494,348,0.011946446961894954,1.0,0.9917304114120322
YNL042W-B,0,0/0,-719.350310921669,-49271.36186635494,348,0.011946446961894954,1.0,0.9917304114120322
YMR182W-A,0,0/0,-719.3503110408783,-49271.36186635494,348,0.011946446961894954,1.0,0.9917304114120322
YJL077W-B,0,0/0,-719.3503111600876,-49271.36186635494,348,0.011946446961894954,1.0,0.9917304114120322
YBR072C-A,0,0/0,-719.3503111600876,-49271.36186635494,348,0.011946446961894954,1.0,0.9917304114120322
YDR524C-B,0,0/0,-719.3503111600876,-49271.361867547035,348,0.011946446961894954,1.0,0.9917304114120322
YKL065W-A,0,0/0,-719.3503112792969,-49271.36186635494,348,0.011946446961894954,1.0,0.9917304114120322
YNL162W-A,0,0/0,-719.3503113985062,-49271.361867785454,348,0.011946446961894954,1.0,0.9917304114120322
YOR072W-B,0,0/0,-719.3503113985062,-49271.36186814308,348,0.011946446961894954,1.0,0.9917304114120322
YGL188C-A,0,0/0,-719.3503113985062,-49271.36186635494,348,0.011946446961894954,1.0,0.9917304114120322
YOR192C-C,0,0/0,-719.3503118753433,-49271.36186635494,348,0.011946446961894954,1.0,0.9917304114120322
YDR524W-A,0,0/0,-719.3503119945526,-49271.36186635494,348,0.011946446961894954,1.0,0.9917304114120322
YFR032C-B,0,0/0,-719.3503119945526,-49271.361867547035,348,0.011946446961894954,1.0,0.9917304114120322
YGR146C-A,0,0/0,-719.3503121137619,-49271.36186635494,348,0.011946446961894954,1.0,0.9917304114120322
YHR007C-A,0,0/0,-719.3503123521805,-49271.36186635494,348,0.011946446961894954,1.0,0.9917304114120322
YJR151W-A,0,0/0,-719.3503125905991,-49271.36186635494,348,0.011946446961894954,1.0,0.9917304114120322
YOR011W-A,0,0/0,-719.3503129482269,-49271.361865878105,348,0.011946446961894954,1.0,0.9917304114120322
YMR030W-A,0,0/0,-719.3503129482269,-49271.361867547035,348,0.011946446961894954,1.0,0.9917304114120322
YBL029C-A,0,0/0,-719.3503130674362,-49271.361867547035,348,0.011946446961894954,1.0,0.9917304114120322
YHR086W-A,0,0/0,-719.350313782692,-49271.36186695099,348,0.011946446961894954,1.0,0.9917304114120322
YNR075C-A,0,0/0,-719.3503140211105,-49271.36186635494,348,0.011946446961894954,1.0,0.9917304114120322
YKL068W-A,0,0/0,-719.3503142595291,-49271.361866116524,348,0.011946446961894954,1.0,0.9917304114120322
YLR466C-B,0,0/0,-719.3503149747849,-49271.36186635494,348,0.011946446961894954,1.0,0.9917304114120322
YGL007C-A,0,0/0,-719.3503149747849,-49271.36186635494,348,0.011946446961894954,1.0,0.9917304114120322
YOL164W-A,0,0/0,-719.3503152132034,-49271.36186635494,348,0.011946446961894954,1.0,0.9917304114120322
YGR204C-A,0,0/0,-719.3503158092499,-49271.36186635494,348,0.011946446961894954,1.0,0.9917304114120322
YLR157C-B,-1,-/-,-738.3691120147705,-31014.642394065857,87,0.011943986820428337,1.0,0.9919371511267314
YPL257W-A,-1,-/-,-738.395679473877,-31006.32537841797,87,0.01194152769199094,1.0,0.9921438908414306
YOR142W-A,-1,-/-,-738.549506187439,-30996.642312049866,87,0.011939069575957185,1.0,0.9923506305561298
YDR316W-B,-1,-/-,-738.5532560348511,-31023.940786361694,87,0.011936612471701996,1.0,0.992557370270829
YGR161C-D,-1,-/-,-738.6265163421631,-31016.097196102142,87,0.011934156378600824,1.0,0.9927641099855282
YGR038C-B,-1,-/-,-739.0369825363159,-31044.03828382492,87,0.011931701296029624,1.0,0.9929708497002274
YOR142W-B,-1,-/-,-740.1596574783325,-31051.235892295837,87,0.01192924722336487,1.0,0.9931775894149266
YPL257W-B,-1,-/-,-740.191478729248,-31018.128229618073,87,0.01192679415998355,1.0,0.9933843291296258
YPR137C-B,-1,-/-,-740.1958322525024,-31019.748252868652,87,0.011924342105263159,1.0,0.993591068844325
YDR098C-B,-1,-/-,-740.2118949890137,-31041.972017765045,87,0.011921891058581706,1.0,0.9937978085590242
YNL284C-B,-1,-/-,-740.3750228881836,-30946.390528202057,87,0.011919441019317715,1.0,0.9940045482737234
YDR365W-B,-1,-/-,-740.4179825782776,-31058.326369285583,87,0.011916991986850216,1.0,0.9942112879884226
YDR316W-A,-1,-/-,-740.6526484489441,-31012.108913898468,87,0.01191454396055875,1.0,0.9944180277031218
YOL103W-B,-1,-/-,-740.8011612892151,-31037.02541923523,87,0.011912096939823372,1.0,0.9946247674178209
YGR109W-A,-1,-/-,-741.0577211380005,-31130.002393722534,87,0.01190965092402464,1.0,0.9948315071325201
YDR210W-B,-1,-/-,-741.4802532196045,-31083.41507291794,87,0.011907205912543626,1.0,0.9950382468472193
YOR192C-B,-1,-/-,-741.5377674102783,-31086.52617073059,87,0.011904761904761904,1.0,0.9952449865619185
YLR410W-A,-1,-/-,-741.6423540115356,-31100.99890947342,87,0.011902318900061564,1.0,0.9954517262766177
YDR210W-A,-1,-/-,-742.0018682479858,-31089.988971710205,87,0.011899876897825195,1.0,0.9956584659913169
YDR034C-D,-1,-/-,-742.8754019737244,-31069.615879058838,87,0.011897435897435898,1.0,0.9958652057060161
YDR261W-A,-1,-/-,-743.4080467224121,-31014.16814994812,87,0.011894995898277276,1.0,0.9960719454207153
YPR158W-A,-1,-/-,-744.2502355575562,-31046.214931488037,87,0.011892556899733443,1.0,0.9962786851354145
YGR027W-A,-1,-/-,-744.3448762893677,-31039.450984477997,87,0.011890118901189012,1.0,0.9964854248501137
YPR137C-A,-1,-/-,-744.3831157684326,-31050.795471191406,87,0.011887681902029105,1.0,0.9966921645648129
YOL103W-A,-1,-/-,-744.383505821228,-31052.51695585251,87,0.011885245901639344,1.0,0.9968989042795121
YDR261C-C,-1,-/-,-744.6312999725342,-31196.19353199005,87,0.01188281089940586,1.0,0.9971056439942113
YOR343C-A,-1,-/-,-744.7517623901367,-31159.728981018066,87,0.01188037689471528,1.0,0.9973123837089105
YER159C-A,-1,-/-,-745.1558141708374,-31116.424984931946,87,0.01187794388695474,1.0,0.9975191234236097
YPR158C-C,-1,-/-,-745.4035148620605,-31172.270473480225,87,0.011875511875511875,1.0,0.9977258631383089
YLR227W-A,-1,-/-,-746.0541801452637,-31099.085096359253,87,0.01187308085977482,1.0,0.9979326028530081
YOR192C-A,-1,-/-,-746.6754264831543,-31145.208388328552,87,0.011870650839132215,1.0,0.9981393425677073
YHL009W-B,-1,-/-,-746.8644618988037,-31146.21175479889,87,0.011868221812973194,1.0,0.9983460822824064
YGR161C-C,-1,-/-,-746.9707851409912,-31123.67399263382,87,0.011865793780687398,1.0,0.9985528219971056
YGR038C-A,-1,-/-,-747.413444519043,-31083.83155822754,87,0.011863366741664962,1.0,0.9987595617118048
YLR410W-B,-1,-/-,-747.8783369064331,-31220.946936130524,87,0.011860940695296524,1.0,0.998966301426504
YDR098C-A,-1,-/-,-748.2233629226685,-31218.48802137375,87,0.011858515640973216,1.0,0.9991730411412032
YDR210W-C,-1,-/-,-756.4773502349854,-31650.317165374756,87,0.011856091578086671,1.0,0.9993797808559024
YDR014W-A,-1,-/-,-756.4773664474487,-31650.317165374756,87,0.01185366850602902,1.0,0.9995865205706016
YOR343C-B,-1,-/-,-756.4773664474487,-31650.317165374756,87,0.011851246424192888,1.0,0.9997932602853008
YML045W-A,-1,-/-,-756.4773721694946,-31650.317165374756,87,0.011848825331971399,1.0,1.0
