Gene A,Gene B,Label,Score,Precision,Recall,False Positive Rate
YBR085W,YIL155C,0,0.38963985,0.0,0.0,0.0004761904710903764
YAL012W,YHR066W,0,0.3108396,0.0,0.0,0.0009523809421807528
YDR298C,YPL269W,0,0.27023825,0.0,0.0,0.0014285714132711291
YGR171C,YFL022C,1,0.24827361,0.25,0.004761904943734407,0.0014285714132711291
YPR183W,YGL075C,0,0.24510515,0.20000000298023224,0.004761904943734407,0.0019047618843615055
YIL013C,YOR361C,0,0.23067003,0.1666666716337204,0.004761904943734407,0.0023809524718672037
YBR092C,YFL029C,0,0.22699289,0.1428571492433548,0.004761904943734407,0.0028571428265422583
YHR008C,YMR016C,0,0.22197011,0.125,0.004761904943734407,0.0033333334140479565
YKL208W,YOR301W,0,0.21898188,0.1111111119389534,0.004761904943734407,0.003809523768723011
YOR076C,YOL040C,0,0.2043114,0.10000000149011612,0.004761904943734407,0.004285714123398066
YOR056C,YHR079C-A,0,0.18571079,0.09090909361839294,0.004761904943734407,0.004761904943734407
YLR075W,YOR032C,0,0.18515909,0.0833333358168602,0.004761904943734407,0.005238095298409462
YGL245W,YLR382C,1,0.18403432,0.1538461595773697,0.009523809887468815,0.005238095298409462
YLR119W,YNL263C,0,0.16490115,0.1428571492433548,0.009523809887468815,0.0057142856530845165
YKL008C,YNL312W,0,0.15988368,0.13333334028720856,0.009523809887468815,0.006190476007759571
YMR080C,YGL033W,0,0.1510973,0.125,0.009523809887468815,0.006666666828095913
YOR187W,YDR183W,0,0.14932907,0.11764705926179886,0.009523809887468815,0.0071428571827709675
YFR053C,YNL110C,0,0.14682695,0.1111111119389534,0.009523809887468815,0.007619047537446022
YNL136W,YKL008C,0,0.1462332,0.10526315867900848,0.009523809887468815,0.008095238357782364
YNL257C,YOR237W,0,0.14515267,0.10000000149011612,0.009523809887468815,0.008571428246796131
YJR043C,YGR029W,0,0.14354873,0.095238097012043,0.009523809887468815,0.009047619067132473
YNR075W,YJL186W,0,0.13625953,0.09090909361839294,0.009523809887468815,0.009523809887468815
YPR081C,YHR020W,1,0.13092944,0.1304347813129425,0.014285714365541935,0.009523809887468815
YPL097W,YGL105W,1,0.12802127,0.1666666716337204,0.01904761977493763,0.009523809887468815
YDR481C,YKL189W,0,0.12727354,0.1599999964237213,0.01904761977493763,0.009999999776482582
YIR025W,YER001W,0,0.12208098,0.1538461595773697,0.01904761977493763,0.010476190596818924
YCR093W,YPL194W,0,0.11945686,0.14814814925193787,0.01904761977493763,0.010952381417155266
YDL188C,YBR217W,0,0.11849016,0.1428571492433548,0.01904761977493763,0.011428571306169033
YPL097W,YFL022C,1,0.11074002,0.17241379618644714,0.02380952425301075,0.011428571306169033
YKL173W,YDR489W,0,0.10756382,0.1666666716337204,0.02380952425301075,0.011904762126505375
YPL020C,YBR294W,0,0.106616795,0.16129031777381897,0.02380952425301075,0.012380952015519142
YAL033W,YGL127C,0,0.09563357,0.15625,0.02380952425301075,0.012857142835855484
YNL037C,YCL074W,0,0.09530445,0.1515151560306549,0.02380952425301075,0.013333333656191826
YFL057C,YLR380W,0,0.09369386,0.14705882966518402,0.02380952425301075,0.013809523545205593
YER123W,YDR381W,0,0.09298113,0.1428571492433548,0.02380952425301075,0.014285714365541935
YGR171C,YBR121C,1,0.09228269,0.1666666716337204,0.02857142873108387,0.014285714365541935
YPR200C,YKL029C,0,0.07485591,0.1621621549129486,0.02857142873108387,0.014761905185878277
YLR075W,YKR054C,0,0.073278025,0.15789473056793213,0.02857142873108387,0.015238095074892044
YLR382C,YHR020W,1,0.07059522,0.1794871836900711,0.03333333507180214,0.015238095074892044
YPR042C,YJL098W,0,0.06896396,0.17499999701976776,0.03333333507180214,0.015714285895228386
YBR118W,YBL022C,0,0.066926315,0.17073170840740204,0.03333333507180214,0.016190476715564728
YNL219C,YHR079C-A,0,0.06688003,0.1666666716337204,0.03333333507180214,0.01666666753590107
YPR081C,YFL022C,1,0.06638667,0.1860465109348297,0.03809523954987526,0.01666666753590107
YJR047C,YEL004W,0,0.06638631,0.1818181872367859,0.03809523954987526,0.017142856493592262
YIR028W,YJL087C,0,0.06428295,0.17777778208255768,0.03809523954987526,0.017619047313928604
YHR014W,YKL152C,0,0.06338282,0.17391304671764374,0.03809523954987526,0.018095238134264946
YOL039W,YHR161C,0,0.061523736,0.1702127605676651,0.03809523954987526,0.018571428954601288
YDR175C,YOR237W,0,0.0614174,0.1666666716337204,0.03809523954987526,0.01904761977493763
YEL022W,YKL160W,0,0.061258323,0.16326530277729034,0.03809523954987526,0.019523808732628822
YDR384C,YDL160C,0,0.058241107,0.1599999964237213,0.03809523954987526,0.019999999552965164
YBR160W,YPL235W,0,0.0571647,0.1568627506494522,0.03809523954987526,0.020476190373301506
YPR183W,YOL031C,0,0.05203096,0.1538461595773697,0.03809523954987526,0.020952381193637848
YGR157W,YDR254W,0,0.04633385,0.15094339847564697,0.03809523954987526,0.02142857201397419
YGR171C,YLR060W,1,0.046206847,0.1666666716337204,0.04285714402794838,0.02142857201397419
YNL332W,YJL013C,0,0.044664063,0.16363635659217834,0.04285714402794838,0.02190476283431053
YOR351C,YDL081C,0,0.04179886,0.1607142835855484,0.04285714402794838,0.022380951792001724
YGL245W,YGR171C,1,0.041505918,0.17543859779834747,0.0476190485060215,0.022380951792001724
YLR155C,YGL065C,0,0.03951828,0.17241379618644714,0.0476190485060215,0.022857142612338066
YGL105W,YLR382C,1,0.037824363,0.18644067645072937,0.05238095298409462,0.022857142612338066
YCR089W,YGR209C,0,0.03526313,0.18333333730697632,0.05238095298409462,0.023333333432674408
YIR015W,YDR515W,0,0.03435541,0.1803278625011444,0.05238095298409462,0.02380952425301075
YPL097W,YPR033C,1,0.033126324,0.19354838132858276,0.05714285746216774,0.02380952425301075
YOR267C,YOR174W,0,0.031817213,0.190476194024086,0.05714285746216774,0.02428571507334709
YPL160W,YBL013W,1,0.031251058,0.203125,0.06190476194024086,0.02428571507334709
YAL012W,YBR290W,0,0.031236002,0.20000000298023224,0.06190476194024086,0.024761904031038284
YER116C,YEL027W,0,0.03076257,0.19696970283985138,0.06190476194024086,0.025238094851374626
YHR061C,YPR049C,0,0.030144023,0.19402985274791718,0.06190476194024086,0.025714285671710968
YCR014C,YDL130W,0,0.029474618,0.19117647409439087,0.06190476194024086,0.02619047649204731
YDR298C,YPL167C,0,0.028984087,0.18840579688549042,0.06190476194024086,0.02666666731238365
YHR190W,YDR492W,0,0.028790014,0.18571428954601288,0.06190476194024086,0.027142856270074844
YFL022C,YBL013W,1,0.028029276,0.19718310236930847,0.06666667014360428,0.027142856270074844
YGL245W,YOL033W,1,0.027702449,0.2083333283662796,0.0714285746216774,0.027142856270074844
YMR117C,YCR086W,0,0.027013553,0.2054794579744339,0.0714285746216774,0.027619047090411186
YPL218W,YDL017W,0,0.026021829,0.20270270109176636,0.0714285746216774,0.028095237910747528
YNR075W,YDR002W,0,0.023979371,0.20000000298023224,0.0714285746216774,0.02857142873108387
YLR453C,YNL243W,0,0.023382159,0.19736842811107635,0.0714285746216774,0.029047619551420212
YER020W,YPL256C,0,0.023332672,0.19480518996715546,0.0714285746216774,0.029523810371756554
YMR006C,YHR008C,0,0.022449696,0.19230769574642181,0.0714285746216774,0.029999999329447746
YHR214C-B,YCR075C,0,0.021872034,0.18987341225147247,0.0714285746216774,0.030476190149784088
YGR279C,YBR073W,0,0.020855287,0.1875,0.0714285746216774,0.03095238097012043
YCR020C,YPL248C,0,0.020707173,0.18518517911434174,0.0714285746216774,0.03142857179045677
YBR127C,YOR162C,0,0.019676449,0.18292683362960815,0.0714285746216774,0.031904760748147964
YPR133W-A,YJL085W,0,0.017818274,0.1807228922843933,0.0714285746216774,0.032380953431129456
YLR328W,YER019W,0,0.01632375,0.1785714328289032,0.0714285746216774,0.03285714238882065
YCL026C-A,YDR303C,0,0.014415821,0.1764705926179886,0.0714285746216774,0.03333333507180214
YBL032W,YOR261C,0,0.0141068045,0.1744185984134674,0.0714285746216774,0.03380952402949333
YKL173W,YJR108W,0,0.012748329,0.17241379618644714,0.0714285746216774,0.034285712987184525
YDL115C,YGL028C,0,0.010409797,0.17045454680919647,0.0714285746216774,0.034761905670166016
YIL018W,YGR276C,0,0.008531585,0.16853933036327362,0.0714285746216774,0.03523809462785721
YNL294C,YLR372W,0,0.008337365,0.1666666716337204,0.0714285746216774,0.0357142873108387
YLR009W,YCR073W-A,0,0.0066401307,0.16483516991138458,0.0714285746216774,0.03619047626852989
YGR171C,YGR094W,1,0.006111929,0.17391304671764374,0.07619047909975052,0.03619047626852989
YPL237W,YJR022W,0,0.005682187,0.17204301059246063,0.07619047909975052,0.036666665226221085
YGR161C,YNL225C,0,0.0053039733,0.1702127605676651,0.07619047909975052,0.037142857909202576
YER009W,YEL057C,0,0.0051038396,0.16842105984687805,0.07619047909975052,0.03761904686689377
YML058W-A,YMR287C,0,0.0039043874,0.1666666716337204,0.07619047909975052,0.03809523954987526
YEL069C,YLR318W,0,0.0010134298,0.1649484485387802,0.07619047909975052,0.03857142850756645
YGR171C,YHR020W,1,0.0003622193,0.1734693944454193,0.08095238357782364,0.03857142850756645
YDR058C,YGR014W,0,-0.0007217955,0.17171716690063477,0.08095238357782364,0.039047617465257645
YOL033W,YHR020W,1,-0.001543289,0.18000000715255737,0.08571428805589676,0.039047617465257645
YOL033W,YPR033C,1,-0.0028061662,0.1881188154220581,0.09047619253396988,0.039047617465257645
YMR069W,YGR099W,0,-0.002987476,0.18627451360225677,0.09047619253396988,0.039523810148239136
YDR129C,YFR034C,0,-0.0032011103,0.18446601927280426,0.09047619253396988,0.03999999910593033
YPL097W,YHR020W,1,-0.0070284735,0.19230769574642181,0.095238097012043,0.03999999910593033
YML061C,YCR005C,0,-0.0072994065,0.190476194024086,0.095238097012043,0.04047619178891182
YDR306C,YER052C,0,-0.009147605,0.18867924809455872,0.095238097012043,0.04095238074660301
YFR014C,YIL079C,0,-0.00985278,0.18691588938236237,0.095238097012043,0.041428569704294205
YGL090W,YDR381W,0,-0.011453344,0.18518517911434174,0.095238097012043,0.041904762387275696
YGL200C,YOR162C,0,-0.011586731,0.1834862381219864,0.095238097012043,0.04238095134496689
YLR154C,YNR019W,0,-0.012164725,0.1818181872367859,0.095238097012043,0.04285714402794838
YKL148C,YKL075C,0,-0.0124210175,0.18018017709255219,0.095238097012043,0.04333333298563957
YML012W,YHR015W,0,-0.01601412,0.1785714328289032,0.095238097012043,0.04380952566862106
YOR103C,YMR011W,0,-0.02084229,0.17699114978313446,0.095238097012043,0.044285714626312256
YDR341C,YOL033W,1,-0.02093775,0.18421052396297455,0.10000000149011612,0.044285714626312256
YIR018W,YMR079W,0,-0.021132668,0.1826086938381195,0.10000000149011612,0.04476190358400345
YDR395W,YDR171W,0,-0.021648122,0.18103447556495667,0.10000000149011612,0.04523809626698494
YMR083W,YJL113W,0,-0.023794336,0.1794871836900711,0.10000000149011612,0.04571428522467613
YNL031C,YGL090W,0,-0.023807568,0.17796610295772552,0.10000000149011612,0.04619047790765762
YOL033W,YLR060W,1,-0.023912681,0.18487395346164703,0.10476190596818924,0.04619047790765762
YBR129C,YBR294W,0,-0.024166448,0.18333333730697632,0.10476190596818924,0.046666666865348816
YDR379W,YMR277W,0,-0.027340276,0.1818181872367859,0.10476190596818924,0.04714285582304001
YLR312C-B,YER142C,0,-0.027736695,0.1803278625011444,0.10476190596818924,0.0476190485060215
YKL152C,YDL209C,0,-0.02851945,0.17886178195476532,0.10476190596818924,0.04809523746371269
YHR026W,YML062C,0,-0.028977191,0.17741934955120087,0.10476190596818924,0.04857143014669418
YBR121C,YBL013W,1,-0.030429022,0.18400000035762787,0.10952381044626236,0.04857143014669418
YDR363W,YLL041C,0,-0.03108698,0.1825396865606308,0.10952381044626236,0.049047619104385376
YML006C,YLR160C,0,-0.031750828,0.18110236525535583,0.10952381044626236,0.04952380806207657
YGL008C,YOR057W,0,-0.033413775,0.1796875,0.10952381044626236,0.05000000074505806
YLR200W,YJR147W,0,-0.034804553,0.1782945692539215,0.10952381044626236,0.05047618970274925
YOR112W,YFL037W,0,-0.035272613,0.17692308127880096,0.10952381044626236,0.05095238238573074
YPL131W,YKL075C,0,-0.035706848,0.17557251453399658,0.10952381044626236,0.051428571343421936
YJL018W,YLR350W,0,-0.036649387,0.17424242198467255,0.10952381044626236,0.05190476030111313
YDR481C,YPL076W,0,-0.03675677,0.17293232679367065,0.10952381044626236,0.05238095298409462
YJR029W,YMR156C,0,-0.036793016,0.17164179682731628,0.10952381044626236,0.05285714194178581
YOR073W,YOR007C,0,-0.03710203,0.17037037014961243,0.10952381044626236,0.0533333346247673
YCR014C,YGL045W,0,-0.038006235,0.16911764442920685,0.10952381044626236,0.053809523582458496
YNL159C,YHR092C,0,-0.038477257,0.16788321733474731,0.10952381044626236,0.05428571254014969
YPL130W,YDL143W,0,-0.039649174,0.1666666716337204,0.10952381044626236,0.05476190522313118
YKL035W,YOL088C,0,-0.040060297,0.16546761989593506,0.10952381044626236,0.05523809418082237
YMR070W,YJR017C,0,-0.04142297,0.16428571939468384,0.10952381044626236,0.055714286863803864
YOR110W,YGL030W,0,-0.042218544,0.1631205677986145,0.10952381044626236,0.056190475821495056
YGL033W,YNL154C,0,-0.04340875,0.1619718372821808,0.10952381044626236,0.05666666850447655
YLR382C,YBR121C,1,-0.044617116,0.1678321659564972,0.11428571492433548,0.05666666850447655
YBR247C,YPL058C,0,-0.04513167,0.1666666716337204,0.11428571492433548,0.05714285746216774
YPL276W,YER155C,0,-0.0454785,0.16551724076271057,0.11428571492433548,0.05761904641985893
YLR397C,YMR173W,0,-0.04635994,0.16438356041908264,0.11428571492433548,0.058095239102840424
YDR485C,YPL241C,0,-0.047095515,0.16326530277729034,0.11428571492433548,0.058571428060531616
YKR059W,YDR295C,0,-0.04841941,0.1621621549129486,0.11428571492433548,0.05904762074351311
YLL034C,YOR027W,0,-0.049480647,0.16107381880283356,0.11428571492433548,0.0595238097012043
YDL243C,YDR057W,0,-0.04986465,0.1599999964237213,0.11428571492433548,0.05999999865889549
YPL097W,YLR060W,1,-0.052639887,0.16556291282176971,0.1190476194024086,0.05999999865889549
YDL056W,YMR184W,0,-0.05305112,0.16447368264198303,0.1190476194024086,0.060476191341876984
YGR220C,YER082C,0,-0.053235516,0.16339869797229767,0.1190476194024086,0.060952380299568176
YML118W,YNR038W,0,-0.05371005,0.16233766078948975,0.1190476194024086,0.06142857298254967
YLR219W,YMR246W,0,-0.054308377,0.16129031777381897,0.1190476194024086,0.06190476194024086
YBR102C,YNL318C,0,-0.054341435,0.16025641560554504,0.1190476194024086,0.06238095089793205
YEL015W,YDL052C,0,-0.05455412,0.15923567116260529,0.1190476194024086,0.06285714358091354
YCR080W,YHR015W,0,-0.05485937,0.1582278460264206,0.1190476194024086,0.06333333253860474
YPL040C,YHR020W,1,-0.05513849,0.16352201998233795,0.12380952388048172,0.06333333253860474
YIR028W,YPL243W,0,-0.055916406,0.16249999403953552,0.12380952388048172,0.06380952149629593
YBL015W,YOR244W,0,-0.057541616,0.16149067878723145,0.12380952388048172,0.06428571790456772
YAR033W,YBR164C,0,-0.057787,0.16049382090568542,0.12380952388048172,0.06476190686225891
YIL053W,YLR451W,0,-0.05780361,0.15950919687747955,0.12380952388048172,0.0652380958199501
YML058W-A,YIL039W,0,-0.057955764,0.15853658318519592,0.12380952388048172,0.0657142847776413
YOR284W,YBR100W,0,-0.058976687,0.15757575631141663,0.12380952388048172,0.06619047373533249
YFR014C,YIR005W,0,-0.0603898,0.15662650763988495,0.12380952388048172,0.06666667014360428
YDL105W,YJR141W,0,-0.062135957,0.15568862855434418,0.12380952388048172,0.06714285910129547
YOL164W,YBR015C,0,-0.06344142,0.1547619104385376,0.12380952388048172,0.06761904805898666
YNR030W,YIL044C,0,-0.06468774,0.1538461595773697,0.12380952388048172,0.06809523701667786
YGR289C,YJR141W,0,-0.06482231,0.15294118225574493,0.12380952388048172,0.06857142597436905
YDL024C,YGR109W-B,0,-0.065299146,0.1520467847585678,0.12380952388048172,0.06904762238264084
YBR188C,YOL103W-B,0,-0.06562353,0.151162788271904,0.12380952388048172,0.06952381134033203
YBR295W,YOR084W,0,-0.065829396,0.15028901398181915,0.12380952388048172,0.07000000029802322
YLR398C,YBL100W-B,0,-0.06636104,0.14942528307437897,0.12380952388048172,0.07047618925571442
YBR188C,YDR316W-A,0,-0.066433035,0.1485714316368103,0.12380952388048172,0.07095237821340561
YPL257W-A,YJL104W,0,-0.066544145,0.14772726595401764,0.12380952388048172,0.0714285746216774
YKL165C,YDR316W-A,0,-0.067372166,0.14689265191555023,0.12380952388048172,0.07190476357936859
YGL126W,YDR210W-B,0,-0.06763142,0.14606741070747375,0.12380952388048172,0.07238095253705978
YDL128W,YEL057C,0,-0.067643955,0.14525139331817627,0.12380952388048172,0.07285714149475098
YMR266W,YJR082C,0,-0.0687374,0.14444445073604584,0.12380952388048172,0.07333333045244217
YER159C-A,YCL033C,0,-0.068895414,0.14364640414714813,0.12380952388048172,0.07380952686071396
YCL003W,YGR020C,0,-0.06921503,0.1428571492433548,0.12380952388048172,0.07428571581840515
YGR038C-A,YER178W,0,-0.069268905,0.1420765072107315,0.12380952388048172,0.07476190477609634
YLR264W,YNL239W,0,-0.06985992,0.14130434393882751,0.12380952388048172,0.07523809373378754
YCL020W,YMR128W,0,-0.06990319,0.14054054021835327,0.12380952388048172,0.07571428269147873
YAL041W,YBR112C,0,-0.07051309,0.13978494703769684,0.12380952388048172,0.07619047909975052
YBL013W,YGR094W,1,-0.070538744,0.14438502490520477,0.12857143580913544,0.07619047909975052
YGR123C,YGL006W,0,-0.07175662,0.14361701905727386,0.12857143580913544,0.07666666805744171
YJL157C,YPL262W,0,-0.072170004,0.1428571492433548,0.12857143580913544,0.0771428570151329
YKL089W,YBR265W,0,-0.073307306,0.14210526645183563,0.12857143580913544,0.0776190459728241
YNL027W,YOR088W,0,-0.073509075,0.14136125147342682,0.12857143580913544,0.07809523493051529
YFR024C,YJR145C,0,-0.07359122,0.140625,0.12857143580913544,0.07857143133878708
YOL112W,YER137C-A,0,-0.073770985,0.13989637792110443,0.12857143580913544,0.07904762029647827
YIR013C,YGR109W-B,0,-0.07620746,0.13917525112628937,0.12857143580913544,0.07952380925416946
YPL040C,YBR121C,1,-0.076285854,0.14358974993228912,0.13333334028720856,0.07952380925416946
YOL038W,YPL248C,0,-0.07715432,0.1428571492433548,0.13333334028720856,0.07999999821186066
YDR261W-B,YER003C,0,-0.07729686,0.1421319842338562,0.13333334028720856,0.08047618716955185
YPR137C-A,YOR143C,0,-0.07739727,0.14141413569450378,0.13333334028720856,0.08095238357782364
YPL060C-A,YGL025C,0,-0.0776023,0.14070351421833038,0.13333334028720856,0.08142857253551483
YJL167W,YGR161C-D,0,-0.077610664,0.14000000059604645,0.13333334028720856,0.08190476149320602
YKL005C,YOR192C-B,0,-0.07775869,0.13930347561836243,0.13333334028720856,0.08238095045089722
YNL027W,YER137C-A,0,-0.0782212,0.13861386477947235,0.13333334028720856,0.08285713940858841
YDR034C-C,YOR174W,0,-0.0783041,0.13793103396892548,0.13333334028720856,0.0833333358168602
YDR174W,YDR261W-B,0,-0.07834991,0.13725490868091583,0.13333334028720856,0.08380952477455139
YCL031C,YOR142W-B,0,-0.078456044,0.13658536970615387,0.13333334028720856,0.08428571373224258
YNR032W,YDR210W-B,0,-0.07866234,0.13592232763767242,0.13333334028720856,0.08476190268993378
YOL103W-B,YGL001C,0,-0.07876688,0.13526569306850433,0.13333334028720856,0.08523809164762497
YDR210C-D,YGR030C,0,-0.07882403,0.13461539149284363,0.13333334028720856,0.08571428805589676
YCR073C,YNL054W-A,0,-0.07937925,0.13397128880023956,0.13333334028720856,0.08619047701358795
YDR457W,YFL035C,0,-0.07982478,0.13333334028720856,0.13333334028720856,0.08666666597127914
YDR210C-C,YNL225C,0,-0.0800071,0.13270142674446106,0.13333334028720856,0.08714285492897034
YBR100W,YMR234W,0,-0.08018459,0.1320754736661911,0.13333334028720856,0.08761905133724213
YPR158W-A,YMR069W,0,-0.08020601,0.13145539164543152,0.13333334028720856,0.08809524029493332
YLR410W-B,YGR158C,0,-0.08057161,0.13084112107753754,0.13333334028720856,0.08857142925262451
YPL257W-B,YBR126C,0,-0.08083473,0.1302325576543808,0.13333334028720856,0.0890476182103157
YPR158C-D,YBR186W,0,-0.081072934,0.12962962687015533,0.13333334028720856,0.0895238071680069
YCL063W,YPR137C-A,0,-0.081082106,0.12903225421905518,0.13333334028720856,0.09000000357627869
YBR081C,YLR410W-B,0,-0.08108954,0.12844036519527435,0.13333334028720856,0.09047619253396988
YOR233W,YDR210C-C,0,-0.08108971,0.1278538852930069,0.13333334028720856,0.09095238149166107
YPL218W,YGR161W-A,0,-0.08112308,0.12727272510528564,0.13333334028720856,0.09142857044935226
YKR022C,YHL009W-B,0,-0.08117707,0.12669683992862701,0.13333334028720856,0.09190475940704346
YDR308C,YPR158C-C,0,-0.08119499,0.12612612545490265,0.13333334028720856,0.09238095581531525
YGR027W-B,YDR331W,0,-0.081333905,0.12556053698062897,0.13333334028720856,0.09285714477300644
YMR070W,YLR410W-B,0,-0.081335396,0.125,0.13333334028720856,0.09333333373069763
YAL003W,YNL331C,0,-0.08134484,0.12444444745779037,0.13333334028720856,0.09380952268838882
YMR212C,YLR410W-B,0,-0.081399925,0.12389380484819412,0.13333334028720856,0.09428571164608002
YAL047C,YDR261W-A,0,-0.081450716,0.12334802001714706,0.13333334028720856,0.0947619080543518
YML113W,YDR210W-B,0,-0.08190228,0.12280701845884323,0.13333334028720856,0.095238097012043
YKR038C,YOR343C-A,0,-0.081939965,0.12227074056863785,0.13333334028720856,0.09571428596973419
YOR327C,YDR014W-A,0,-0.081939965,0.12173912674188614,0.13333334028720856,0.09619047492742538
YCR080W,YPL257W-A,0,-0.081939965,0.12121212482452393,0.13333334028720856,0.09666666388511658
YNL284C-A,YOR201C,0,-0.081939965,0.12068965286016464,0.13333334028720856,0.09714286029338837
YPR036W-A,YGR272C,0,-0.081939965,0.1201716735959053,0.13333334028720856,0.09761904925107956
YPR036W-A,YNL154C,0,-0.081939965,0.11965811997652054,0.13333334028720856,0.09809523820877075
YIL167W,YOR343C-B,0,-0.081939965,0.11914893984794617,0.13333334028720856,0.09857142716646194
YPL283C,YPR036W-A,0,-0.081939965,0.11864406615495682,0.13333334028720856,0.09904761612415314
YLR020C,YBL101W-B,0,-0.081939965,0.1181434616446495,0.13333334028720856,0.09952381253242493
YGR109W-B,YDR093W,0,-0.081939965,0.11764705926179886,0.13333334028720856,0.10000000149011612
YGR268C,YHL009W-A,0,-0.081939965,0.1171548143029213,0.13333334028720856,0.10047619044780731
YPL051W,YBL101W-B,0,-0.081939965,0.11666666716337204,0.13333334028720856,0.1009523794054985
YLR114C,YPR036W-A,0,-0.081939965,0.11618257313966751,0.13333334028720856,0.1014285683631897
YDR372C,YHL009W-A,0,-0.081939965,0.11570248007774353,0.13333334028720856,0.10190476477146149
YHL009W-A,YER013W,0,-0.081939965,0.11522633582353592,0.13333334028720856,0.10238095372915268
YNL284C-A,YOR343C-A,0,-0.081939965,0.1147540956735611,0.13333334028720856,0.10285714268684387
YDR261C-C,YOR343C-B,0,-0.081939965,0.11428571492433548,0.13333334028720856,0.10333333164453506
YPR036W-A,YER173W,0,-0.081939965,0.11382114142179489,0.13333334028720856,0.10380952060222626
YBR081C,YOR343C-B,0,-0.081939965,0.11336032301187515,0.13333334028720856,0.10428571701049805
YJR092W,YDR261C-D,0,-0.081939965,0.11290322244167328,0.13333334028720856,0.10476190596818924
YDR261C-C,YLR014C,0,-0.08201934,0.11244980245828629,0.13333334028720856,0.10523809492588043
YNL054W-A,YHL012W,0,-0.08226665,0.1120000034570694,0.13333334028720856,0.10571428388357162
YDR311W,YDR365W-B,0,-0.08232332,0.11155378818511963,0.13333334028720856,0.10619047284126282
YBR039W,YPR001W,0,-0.08240056,0.1111111119389534,0.13333334028720856,0.1066666692495346
YNR043W,YNL093W,0,-0.08271236,0.11067193746566772,0.13333334028720856,0.1071428582072258
YHR214C-C,YBR098W,0,-0.083236784,0.11023622006177902,0.13333334028720856,0.10761904716491699
YNL210W,YDR098C-B,0,-0.083294705,0.10980392247438431,0.13333334028720856,0.10809523612260818
YPL257W-A,YBR153W,0,-0.08334853,0.109375,0.13333334028720856,0.10857142508029938
YDR210W-A,YMR293C,0,-0.08336653,0.10894941538572311,0.13333334028720856,0.10904762148857117
YDR210W-A,YIR005W,0,-0.083447084,0.10852713137865067,0.13333334028720856,0.10952381044626236
YER159C-A,YHR204W,0,-0.08346561,0.10810811072587967,0.13333334028720856,0.10999999940395355
YDR098C-A,YHR004C,0,-0.08346596,0.10769230872392654,0.13333334028720856,0.11047618836164474
YKR065C,YER159C-A,0,-0.083671175,0.1072796955704689,0.13333334028720856,0.11095237731933594
YGR171C,YPR033C,1,-0.083784565,0.1106870248913765,0.13809524476528168,0.11095237731933594
YKR039W,YPR190C,0,-0.08439489,0.11026615649461746,0.13809524476528168,0.11142857372760773
YDR037W,YOL033W,1,-0.084673755,0.11363636702299118,0.1428571492433548,0.11142857372760773
YBR092C,YNL054W-B,0,-0.08540885,0.11320754885673523,0.1428571492433548,0.11190476268529892
YDR261C-C,YML031W,0,-0.08569957,0.11278195679187775,0.1428571492433548,0.11238095164299011
YGR109W-A,YHR005C,0,-0.08598292,0.11235955357551575,0.1428571492433548,0.1128571406006813
YPL060C-A,YPL243W,0,-0.08600238,0.11194030195474625,0.1428571492433548,0.1133333370089531
YFR033C,YDR210C-C,0,-0.08600712,0.11152416467666626,0.1428571492433548,0.11380952596664429
YPR137C-B,YAL030W,0,-0.08609021,0.1111111119389534,0.1428571492433548,0.11428571492433548
YAR007C,YGR159C,0,-0.08634888,0.11070110648870468,0.1428571492433548,0.11476190388202667
YGR027W-B,YGR247W,0,-0.08652528,0.11029411852359772,0.1428571492433548,0.11523809283971786
YDR098C-A,YBL032W,0,-0.086617015,0.10989011079072952,0.1428571492433548,0.11571428924798965
YNL128W,YDR210W-B,0,-0.08669041,0.10948905348777771,0.1428571492433548,0.11619047820568085
YPL097W,YOR335C,1,-0.086818814,0.11272726953029633,0.14761905372142792,0.11619047820568085
YMR134W,YOR142W-B,0,-0.08688612,0.11231884360313416,0.14761905372142792,0.11666666716337204
YMR218C,YIL082W-A,0,-0.08707603,0.11191336065530777,0.14761905372142792,0.11714285612106323
YFR024C,YML110C,0,-0.08714231,0.11151079088449478,0.14761905372142792,0.11761904507875443
YCR083W,YDR034C-C,0,-0.08715753,0.1111111119389534,0.14761905372142792,0.11809524148702621
YIL039W,YFR024C,0,-0.08748457,0.11071428656578064,0.14761905372142792,0.11857143044471741
YER147C,YDR170W-A,0,-0.08765623,0.11032028496265411,0.14761905372142792,0.1190476194024086
YOR112W,YGR109W-B,0,-0.08770278,0.10992907732725143,0.14761905372142792,0.11952380836009979
YDL031W,YDR210C-C,0,-0.08798552,0.10954063385725021,0.14761905372142792,0.11999999731779099
YKL060C,YLR005W,0,-0.088456735,0.10915493220090866,0.14761905372142792,0.12047619372606277
YFL035C-A,YFR024C,0,-0.089352466,0.1087719276547432,0.14761905372142792,0.12095238268375397
YMR212C,YHR214C-C,0,-0.09077361,0.10839160531759262,0.14761905372142792,0.12142857164144516
YNL291C,YDR314C,0,-0.09103362,0.10801393538713455,0.14761905372142792,0.12190476059913635
YNL213C,YDR170W-A,0,-0.0911612,0.1076388880610466,0.14761905372142792,0.12238094955682755
YNR032W,YDR079C-A,0,-0.09306116,0.10726643353700638,0.14761905372142792,0.12285714596509933
YMR311C,YMR241W,0,-0.093544886,0.1068965494632721,0.14761905372142792,0.12333333492279053
YJR026W,YKL205W,0,-0.09408152,0.10652920603752136,0.14761905372142792,0.12380952388048172
YMR096W,YER065C,0,-0.094177224,0.10616438090801239,0.14761905372142792,0.12428571283817291
YJL201W,YOR119C,0,-0.094633654,0.10580204427242279,0.14761905372142792,0.1247619017958641
YHR039C-B,YKL119C,0,-0.09495203,0.10544217377901077,0.14761905372142792,0.1252380907535553
YHL036W,YLR335W,0,-0.09526094,0.10508474707603455,0.14761905372142792,0.1257142871618271
YGR027W-B,YHR164C,0,-0.095890135,0.10472972691059113,0.14761905372142792,0.12619048357009888
YBR092C,YCL003W,0,-0.09620961,0.10437710583209991,0.14761905372142792,0.12666666507720947
YLR060W,YBL013W,1,-0.09631884,0.10738255083560944,0.15238095819950104,0.12666666507720947
YJR156C,YFR013W,0,-0.096681364,0.10702341049909592,0.15238095819950104,0.12714286148548126
YCR082W,YPR007C,0,-0.096717395,0.1066666692495346,0.15238095819950104,0.12761904299259186
YDR341C,YPR081C,1,-0.09691295,0.10963454842567444,0.15714286267757416,0.12761904299259186
YHR203C,YLR165C,0,-0.09748733,0.10927152633666992,0.15714286267757416,0.12809523940086365
YBL052C,YER052C,0,-0.09772327,0.10891088843345642,0.15714286267757416,0.12857143580913544
YOR003W,YJL001W,0,-0.09777547,0.10855263471603394,0.15714286267757416,0.12904761731624603
YCR034W,YMR225C,0,-0.09786484,0.10819672048091888,0.15714286267757416,0.12952381372451782
YLR075W,YER174C,0,-0.09789102,0.10784313827753067,0.15714286267757416,0.12999999523162842
YFL035C-A,YOL117W,0,-0.098002315,0.1074918583035469,0.15714286267757416,0.1304761916399002
YBR090C-A,YKL182W,0,-0.09858318,0.1071428582072258,0.15714286267757416,0.130952388048172
YPL124W,YER177W,0,-0.0986702,0.10679611563682556,0.15714286267757416,0.1314285695552826
YCR062W,YKR097W,0,-0.09894169,0.106451615691185,0.15714286267757416,0.13190476596355438
YAL055W,YOR343W-A,0,-0.09925267,0.10610932111740112,0.15714286267757416,0.13238094747066498
YNR052C,YGR213C,0,-0.099925004,0.10576923191547394,0.15714286267757416,0.13285714387893677
YPR081C,YBR121C,1,-0.1003692,0.10862620174884796,0.16190476715564728,0.13285714387893677
YGL225W,YOL164W,0,-0.1004176,0.1082802563905716,0.16190476715564728,0.13333334028720856
YFR024C,YLR310C,0,-0.100863665,0.10793650895357132,0.16190476715564728,0.13380952179431915
YJL018W,YNL326C,0,-0.101246074,0.10759493708610535,0.16190476715564728,0.13428571820259094
YCL054W,YOR008C-A,0,-0.103078134,0.10725551843643188,0.16190476715564728,0.13476189970970154
YDR172W,YGL194C,0,-0.103159994,0.10691823810338974,0.16190476715564728,0.13523809611797333
YGR171C,YBL013W,1,-0.10340702,0.10971786826848984,0.1666666716337204,0.13523809611797333
YPL041C,YJR025C,0,-0.103532225,0.109375,0.1666666716337204,0.13571429252624512
YGR171C,YPL160W,1,-0.10368165,0.11214952915906906,0.17142857611179352,0.13571429252624512
YDR058C,YGL158W,0,-0.10369167,0.11180124431848526,0.17142857611179352,0.1361904740333557
YOL033W,YBR121C,1,-0.10377948,0.11455108225345612,0.17619048058986664,0.1361904740333557
YML025C,YHR176W,0,-0.104805976,0.11419752985239029,0.17619048058986664,0.1366666704416275
YPL276W,YFL033C,0,-0.10500103,0.11384615302085876,0.17619048058986664,0.1371428519487381
YPR165W,YOR192C-B,0,-0.105429605,0.11349692940711975,0.17619048058986664,0.1376190483570099
YDL113C,YCR080W,0,-0.10559893,0.11314984411001205,0.17619048058986664,0.13809524476528168
YKL093W,YER164W,0,-0.10561899,0.11280487477779388,0.17619048058986664,0.13857142627239227
YER167W,YFL058W,0,-0.10576287,0.11246200650930405,0.17619048058986664,0.13904762268066406
YDR513W,YOR142W-B,0,-0.105880186,0.11212120950222015,0.17619048058986664,0.13952380418777466
YPL228W,YCL005W-A,0,-0.10606965,0.11178247630596161,0.17619048058986664,0.14000000059604645
YHR079C-B,YGR276C,0,-0.10743901,0.11144578456878662,0.17619048058986664,0.14047619700431824
YKL011C,YEL057C,0,-0.10762659,0.1111111119389534,0.17619048058986664,0.14095237851142883
YGL032C,YJL176C,0,-0.108823895,0.11077844351530075,0.17619048058986664,0.14142857491970062
YCL010C,YLR316C,0,-0.10888226,0.11044776439666748,0.17619048058986664,0.14190475642681122
YGL037C,YGR158C,0,-0.109656125,0.1101190447807312,0.17619048058986664,0.142380952835083
YGL032C,YIL044C,0,-0.1098921,0.10979228466749191,0.17619048058986664,0.1428571492433548
YOL009C,YLR378C,0,-0.11026309,0.10946745425462723,0.17619048058986664,0.1433333307504654
YGL039W,YLR008C,0,-0.11176624,0.10914454609155655,0.17619048058986664,0.14380952715873718
YGR088W,YLR005W,0,-0.11192551,0.10882353037595749,0.17619048058986664,0.14428570866584778
YML033W,YPR171W,0,-0.11255189,0.10850439965724945,0.17619048058986664,0.14476190507411957
YAL068C,YCL004W,0,-0.11337572,0.10818713158369064,0.17619048058986664,0.14523810148239136
YLL034C,YLR110C,0,-0.113964655,0.10787171870470047,0.17619048058986664,0.14571428298950195
YDL243C,YER165W,0,-0.11431241,0.10755813866853714,0.17619048058986664,0.14619047939777374
YPL276W,YBR247C,0,-0.11459934,0.10724637657403946,0.17619048058986664,0.14666666090488434
YLL001W,YHR204W,0,-0.11573426,0.10693641752004623,0.17619048058986664,0.14714285731315613
YNL148C,YGR175C,0,-0.117452964,0.10662823915481567,0.17619048058986664,0.14761905372142792
YHR059W,YJR140C,0,-0.11768992,0.10632184147834778,0.17619048058986664,0.1480952352285385
YOR168W,YBL013W,1,-0.118436396,0.10888252407312393,0.18095238506793976,0.1480952352285385
YDL102W,YMR173W,0,-0.118481785,0.10857142508029938,0.18095238506793976,0.1485714316368103
YNL039W,YPR138C,0,-0.11850538,0.10826210677623749,0.18095238506793976,0.1490476131439209
YGL245W,YPR081C,1,-0.11850631,0.11079545319080353,0.18571428954601288,0.1490476131439209
YMR150C,YDR170W-A,0,-0.11933553,0.11048159003257751,0.18571428954601288,0.1495238095521927
YGR188C,YBR100W,0,-0.11945343,0.11016949266195297,0.18571428954601288,0.15000000596046448
YCR073C,YFL011W-A,0,-0.119596064,0.1098591536283493,0.18571428954601288,0.15047618746757507
YGL226C-A,YMR156C,0,-0.119854875,0.10955056548118591,0.18571428954601288,0.15095238387584686
YDR212W,YJL113W,0,-0.12003291,0.10924369841814041,0.18571428954601288,0.15142856538295746
YOR335C,YBL013W,1,-0.12022769,0.11173184216022491,0.190476194024086,0.15142856538295746
YOR074C,YBR171W,0,-0.1205551,0.11142061650753021,0.190476194024086,0.15190476179122925
YFR030W,YFL018C,0,-0.12064851,0.1111111119389534,0.190476194024086,0.15238095819950104
YGL223C,YDL170W,0,-0.122095406,0.11080332100391388,0.190476194024086,0.15285713970661163
YFR029W,YDR166C,0,-0.12217295,0.11049723625183105,0.190476194024086,0.15333333611488342
YNL274C,YPL129W,0,-0.12231211,0.11019283533096313,0.190476194024086,0.15380951762199402
YER005W,YIL052C,0,-0.12301771,0.10989011079072952,0.190476194024086,0.1542857140302658
YCR031C,YLR133W,0,-0.12322251,0.10958904027938843,0.190476194024086,0.1547619104385376
YLR405W,YDL035C,0,-0.12370789,0.10928961634635925,0.190476194024086,0.1552380919456482
YKR059W,YER161C,0,-0.12396518,0.1089918240904808,0.190476194024086,0.15571428835391998
YJR156C,YNL167C,0,-0.12408759,0.10869564861059189,0.190476194024086,0.15619046986103058
YDL017W,YMR305C,0,-0.1242826,0.10840108245611191,0.190476194024086,0.15666666626930237
YJL156C,YDR009W,0,-0.12446368,0.10810811072587967,0.190476194024086,0.15714286267757416
YCL003W,YDL106C,0,-0.12522848,0.10781671106815338,0.190476194024086,0.15761904418468475
YDR093W,YPR078C,0,-0.12524189,0.10752688348293304,0.190476194024086,0.15809524059295654
YHL036W,YOR356W,0,-0.12566888,0.10723860561847687,0.190476194024086,0.15857142210006714
YMR095C,YBL085W,0,-0.12638584,0.10695187002420425,0.190476194024086,0.15904761850833893
YDR524C,YMR287C,0,-0.12640971,0.1066666692495346,0.190476194024086,0.15952381491661072
YDR457W,YGL168W,0,-0.12675598,0.10638298094272614,0.190476194024086,0.1599999964237213
YKL194C,YHR020W,1,-0.12685943,0.10875331610441208,0.19523809850215912,0.1599999964237213
YKL095W,YPL096C-A,0,-0.12712608,0.10846561193466187,0.19523809850215912,0.1604761928319931
YBR035C,YER065C,0,-0.12724838,0.10817942023277283,0.19523809850215912,0.1609523743391037
YGL001C,YJR040W,0,-0.12736785,0.10789473354816437,0.19523809850215912,0.1614285707473755
YDR037W,YLR382C,1,-0.12749824,0.11023622006177902,0.20000000298023224,0.1614285707473755
YJL012C-A,YKL040C,0,-0.12773241,0.10994764417409897,0.20000000298023224,0.16190476715564728
YEL030W,YPL209C,0,-0.12777716,0.1096605733036995,0.20000000298023224,0.16238094866275787
YPL042C,YDR115W,0,-0.1279933,0.109375,0.20000000298023224,0.16285714507102966
YBR233W-A,YLR429W,0,-0.12834541,0.1090909093618393,0.20000000298023224,0.16333332657814026
YGR225W,YDR325W,0,-0.12874031,0.10880828648805618,0.20000000298023224,0.16380952298641205
YLR182W,YLL056C,0,-0.12898488,0.10852713137865067,0.20000000298023224,0.16428571939468384
YNL257C,YLR350W,0,-0.12904406,0.10824742168188095,0.20000000298023224,0.16476190090179443
YHR041C,YOL038W,0,-0.12910163,0.10796914994716644,0.20000000298023224,0.16523809731006622
YFL035C-A,YDR447C,0,-0.12920333,0.10769230872392654,0.20000000298023224,0.16571427881717682
YOL103W-B,YDR261C-D,0,-0.12974617,0.10741688311100006,0.20000000298023224,0.1661904752254486
YGR171C,YDR037W,1,-0.12988125,0.10969387739896774,0.20476190745830536,0.1661904752254486
YDR322C-A,YER073W,0,-0.13169694,0.10941475629806519,0.20476190745830536,0.1666666716337204
YOL090W,YNL278W,0,-0.1317444,0.10913705825805664,0.20476190745830536,0.167142853140831
YDR062W,YPL283C,0,-0.1322434,0.10886076092720032,0.20476190745830536,0.16761904954910278
YDL235C,YIR025W,0,-0.1335715,0.10858585685491562,0.20476190745830536,0.16809523105621338
YDL147W,YGL014W,0,-0.13408639,0.10831234604120255,0.20476190745830536,0.16857142746448517
YGL116W,YDR358W,0,-0.1353136,0.10804019868373871,0.20476190745830536,0.16904762387275696
YPR103W,YOL156W,0,-0.13599148,0.1077694222331047,0.20476190745830536,0.16952380537986755
YDR122W,YER001W,0,-0.1363359,0.10750000178813934,0.20476190745830536,0.17000000178813934
YPL040C,YGL245W,1,-0.13748297,0.10972568392753601,0.20952381193637848,0.17000000178813934
YER108C,YHR005C-A,0,-0.13816187,0.1094527393579483,0.20952381193637848,0.17047618329524994
YNR048W,YBL003C,0,-0.13896951,0.10918114334344864,0.20952381193637848,0.17095237970352173
YDR037W,YBL013W,1,-0.14127624,0.11138613522052765,0.2142857164144516,0.17095237970352173
YJR110W,YFL037W,0,-0.14246821,0.1111111119389534,0.2142857164144516,0.17142857611179352
YHR079C-B,YKL129C,0,-0.14286175,0.1108374372124672,0.2142857164144516,0.1719047576189041
YOL112W,YGL142C,0,-0.14299329,0.11056511104106903,0.2142857164144516,0.1723809540271759
YGR258C,YBR244W,0,-0.14421389,0.11029411852359772,0.2142857164144516,0.1728571355342865
YGL187C,YHR194W,0,-0.14472325,0.11002445220947266,0.2142857164144516,0.1733333319425583
YLR014C,YER165W,0,-0.14475007,0.10975609719753265,0.2142857164144516,0.17380952835083008
YNL062C,YKR097W,0,-0.14481828,0.10948905348777771,0.2142857164144516,0.17428570985794067
YOR008C-A,YHR118C,0,-0.14504525,0.10922329872846603,0.2142857164144516,0.17476190626621246
YLR139C,YER045C,0,-0.14514878,0.10895884037017822,0.2142857164144516,0.17523810267448425
YCL012W,YNL290W,0,-0.14585249,0.10869564861059189,0.2142857164144516,0.17571428418159485
YFR028C,YDL192W,0,-0.1459124,0.10843373835086823,0.2142857164144516,0.17619048058986664
YCR073W-A,YNL172W,0,-0.14606664,0.10817307978868484,0.2142857164144516,0.17666666209697723
YGR085C,YBR065C,0,-0.14736113,0.10791366547346115,0.2142857164144516,0.17714285850524902
YCR062W,YIL101C,0,-0.14780524,0.10765550285577774,0.2142857164144516,0.1776190549135208
YNL188W,YGR161C,0,-0.14791243,0.10739856958389282,0.2142857164144516,0.1780952364206314
YCR020W-B,YGR225W,0,-0.14792213,0.1071428582072258,0.2142857164144516,0.1785714328289032
YPL094C,YOR338W,0,-0.14805448,0.10688836127519608,0.2142857164144516,0.1790476143360138
YML058W,YER109C,0,-0.14822382,0.10663507133722305,0.2142857164144516,0.17952381074428558
YDR164C,YBR154C,0,-0.14940149,0.10638298094272614,0.2142857164144516,0.18000000715255737
YOR361C,YAL010C,0,-0.1498886,0.10613207519054413,0.2142857164144516,0.18047618865966797
YPL275W,YMR198W,0,-0.15019712,0.10588235408067703,0.2142857164144516,0.18095238506793976
YER123W,YBR084W,0,-0.15063754,0.10563380271196365,0.2142857164144516,0.18142856657505035
YPL040C,YBL013W,1,-0.15110412,0.10772833973169327,0.21904762089252472,0.18142856657505035
YGL135W,YDR255C,0,-0.15119836,0.10747663676738739,0.21904762089252472,0.18190476298332214
YFL037W,YMR153W,0,-0.1515084,0.10722610354423523,0.21904762089252472,0.18238095939159393
YPL040C,YDR037W,1,-0.15198357,0.1093023270368576,0.22380952537059784,0.18238095939159393
YMR255W,YHR148W,0,-0.15233214,0.10904872417449951,0.22380952537059784,0.18285714089870453
YPR201W,YDL111C,0,-0.15433435,0.10879629850387573,0.22380952537059784,0.18333333730697632
YPL147W,YBR039W,0,-0.15509902,0.10854503512382507,0.22380952537059784,0.18380951881408691
YMR198W,YDR059C,0,-0.15563469,0.10829493403434753,0.22380952537059784,0.1842857152223587
YNR007C,YML110C,0,-0.15564737,0.10804598033428192,0.22380952537059784,0.1847619116306305
YDL095W,YLR453C,0,-0.15565918,0.10779816657304764,0.22380952537059784,0.1852380931377411
YDR062W,YJR082C,0,-0.15647846,0.10755148530006409,0.22380952537059784,0.18571428954601288
YNL261W,YPL127C,0,-0.15690596,0.10730593651533127,0.22380952537059784,0.18619047105312347
YMR177W,YLR117C,0,-0.15744796,0.10706150531768799,0.22380952537059784,0.18666666746139526
YDL102W,YMR012W,0,-0.15784226,0.10681818425655365,0.22380952537059784,0.18714286386966705
YBL090W,YDR378C,0,-0.15858513,0.10657596588134766,0.22380952537059784,0.18761904537677765
YGL033W,YOR028C,0,-0.15999867,0.10633484274148941,0.22380952537059784,0.18809524178504944
YPL127C,YPL248C,0,-0.16008025,0.10609480738639832,0.22380952537059784,0.18857142329216003
YEL071W,YNL231C,0,-0.16108504,0.10585585236549377,0.22380952537059784,0.18904761970043182
YGL209W,YGL022W,0,-0.1613756,0.10561797767877579,0.22380952537059784,0.1895238161087036
YPL237W,YLR312C-B,0,-0.16143157,0.10538116842508316,0.22380952537059784,0.1899999976158142
YDR005C,YML085C,0,-0.16184866,0.1051454171538353,0.22380952537059784,0.190476194024086
YBL007C,YPR185W,0,-0.16205184,0.1049107164144516,0.22380952537059784,0.1909523755311966
YNL147W,YJL141C,0,-0.16208257,0.10467705875635147,0.22380952537059784,0.19142857193946838
YHR020W,YBL013W,1,-0.16267088,0.1066666692495346,0.22857142984867096,0.19142857193946838
YBR117C,YLL017W,0,-0.16289495,0.10643015801906586,0.22857142984867096,0.19190476834774017
YER044C,YBR290W,0,-0.16333763,0.10619468986988068,0.22857142984867096,0.19238094985485077
YLL050C,YGR276C,0,-0.16364059,0.10596026480197906,0.22857142984867096,0.19285714626312256
YAR007C,YGL158W,0,-0.16367078,0.10572687536478043,0.22857142984867096,0.19333332777023315
YKR009C,YER002W,0,-0.16374668,0.10549450665712357,0.22857142984867096,0.19380952417850494
YFL008W,YJL114W,0,-0.16385679,0.10526315867900848,0.22857142984867096,0.19428572058677673
YNL332W,YDR470C,0,-0.16477329,0.10503282397985458,0.22857142984867096,0.19476190209388733
YKR072C,YBR245C,0,-0.16495216,0.10480349510908127,0.22857142984867096,0.19523809850215912
YDR341C,YGR171C,1,-0.1660623,0.10675381124019623,0.23333333432674408,0.19523809850215912
YNL267W,YOR084W,0,-0.1673719,0.10652174055576324,0.23333333432674408,0.19571428000926971
YBR211C,YGR103W,0,-0.16745794,0.10629067569971085,0.23333333432674408,0.1961904764175415
YOR014W,YHR068W,0,-0.16849184,0.10606060922145844,0.23333333432674408,0.1966666728258133
YNR035C,YGL014W,0,-0.16887559,0.10583153367042542,0.23333333432674408,0.1971428543329239
YNL245C,YOR240W,0,-0.16892846,0.10560344904661179,0.23333333432674408,0.19761905074119568
YHR048W,YML103C,0,-0.16901922,0.10537634044885635,0.23333333432674408,0.19809523224830627
YLR238W,YDL220C,0,-0.16904402,0.10515021532773972,0.23333333432674408,0.19857142865657806
YBR188C,YNR019W,0,-0.16907965,0.10492505133152008,0.23333333432674408,0.19904762506484985
YEL003W,YHR183W,0,-0.17059682,0.10470085591077805,0.23333333432674408,0.19952380657196045
YJR047C,YNR035C,0,-0.17113745,0.10447761416435242,0.23333333432674408,0.20000000298023224
YNL053W,YDR447C,0,-0.17315975,0.1042553186416626,0.23333333432674408,0.20047618448734283
YAR015W,YIL120W,0,-0.1732829,0.10403396934270859,0.23333333432674408,0.20095238089561462
YBR199W,YJR141W,0,-0.17350107,0.10381355881690979,0.23333333432674408,0.2014285773038864
YKL070W,YOL042W,0,-0.17353573,0.10359407961368561,0.23333333432674408,0.201904758810997
YGL105W,YOL033W,1,-0.17393722,0.1054852306842804,0.2380952388048172,0.201904758810997
YMR267W,YHR088W,0,-0.17405853,0.10526315867900848,0.2380952388048172,0.2023809552192688
YPL211W,YPL096W,0,-0.17441568,0.10504201799631119,0.2380952388048172,0.2028571367263794
YOR249C,YBR247C,0,-0.17464621,0.10482180118560791,0.2380952388048172,0.20333333313465118
YGR122W,YBR153W,0,-0.17519361,0.10460250824689865,0.2380952388048172,0.20380952954292297
YBR049C,YGR128C,0,-0.17594978,0.10438413172960281,0.2380952388048172,0.20428571105003357
YJL157C,YGL158W,0,-0.17668158,0.1041666641831398,0.2380952388048172,0.20476190745830536
YGL183C,YJL204C,0,-0.17828433,0.10395010560750961,0.2380952388048172,0.20523808896541595
YMR255W,YNR001C,0,-0.17892085,0.10373444110155106,0.2380952388048172,0.20571428537368774
YOL033W,YFL022C,1,-0.17894627,0.10559006035327911,0.24285714328289032,0.20571428537368774
YML033W,YJL146W,0,-0.1790806,0.10537189990282059,0.24285714328289032,0.20619048178195953
YMR106C,YBR244W,0,-0.17967674,0.10515464097261429,0.24285714328289032,0.20666666328907013
YMR006C,YAL001C,0,-0.17988814,0.10493826866149902,0.24285714328289032,0.20714285969734192
YLR405W,YBR257W,0,-0.17994562,0.10472279042005539,0.24285714328289032,0.20761904120445251
YLR039C,YGR113W,0,-0.18035795,0.10450819879770279,0.24285714328289032,0.2080952376127243
YMR175W,YDL077C,0,-0.18084396,0.10429447889328003,0.24285714328289032,0.2085714340209961
YPR199C,YMR164C,0,-0.18122363,0.10408163070678711,0.24285714328289032,0.2090476155281067
YPR081C,YLR060W,1,-0.18155211,0.10590631514787674,0.24761904776096344,0.2090476155281067
YGL240W,YDR320C-A,0,-0.18286976,0.10569106042385101,0.24761904776096344,0.20952381193637848
YGR078C,YDR448W,0,-0.18369892,0.10547666996717453,0.24761904776096344,0.20999999344348907
YKL125W,YJL114W,0,-0.1837733,0.10526315867900848,0.24761904776096344,0.21047618985176086
YAL042W,YMR285C,0,-0.18384217,0.10505050420761108,0.24761904776096344,0.21095238626003265
YIL120W,YFL058W,0,-0.1839577,0.10483870655298233,0.24761904776096344,0.21142856776714325
YLR256W,YOR033C,0,-0.18514188,0.10462776571512222,0.24761904776096344,0.21190476417541504
YJR090C,YOR079C,0,-0.18558104,0.10441767424345016,0.24761904776096344,0.21238094568252563
YPL138C,YKL152C,0,-0.18561223,0.10420841723680496,0.24761904776096344,0.21285714209079742
YDR205W,YKL007W,0,-0.18584609,0.10400000214576721,0.24761904776096344,0.2133333384990692
YPR113W,YDR457W,0,-0.18729624,0.10379241406917572,0.24761904776096344,0.2138095200061798
YJL108C,YGL168W,0,-0.1880031,0.10358566045761108,0.24761904776096344,0.2142857164144516
YPL283C,YDR018C,0,-0.1881024,0.10337971895933151,0.24761904776096344,0.2147618979215622
YPL115C,YIR019C,0,-0.18848132,0.1031746044754982,0.24761904776096344,0.21523809432983398
YLR068W,YLR380W,0,-0.18944809,0.10297029465436935,0.24761904776096344,0.21571429073810577
YKL166C,YDR255C,0,-0.18980935,0.10276679694652557,0.24761904776096344,0.21619047224521637
YDR018C,YBR202W,0,-0.19008738,0.10256410390138626,0.24761904776096344,0.21666666865348816
YGR192C,YCR082W,0,-0.19017272,0.10236220806837082,0.24761904776096344,0.21714285016059875
YLR350W,YHL028W,0,-0.19048063,0.10216110199689865,0.24761904776096344,0.21761904656887054
YNL038W,YGL236C,0,-0.19067347,0.10196078568696976,0.24761904776096344,0.21809524297714233
YKL070W,YBR024W,0,-0.19076891,0.10176125168800354,0.24761904776096344,0.21857142448425293
YIL002C,YER032W,0,-0.1912732,0.1015625,0.24761904776096344,0.21904762089252472
YGL178W,YFL014W,0,-0.1919998,0.10136452317237854,0.24761904776096344,0.21952380239963531
YER108C,YFR041C,0,-0.19239058,0.10116731375455856,0.24761904776096344,0.2199999988079071
YDR225W,YLR107W,0,-0.19261555,0.10097087174654007,0.24761904776096344,0.2204761952161789
YNL294C,YIL110W,0,-0.1926654,0.10077519714832306,0.24761904776096344,0.2209523767232895
YHR004C,YOL156W,0,-0.19285065,0.10058026760816574,0.24761904776096344,0.22142857313156128
YHR039C-A,YLL017W,0,-0.19293727,0.10038609802722931,0.24761904776096344,0.22190475463867188
YMR006C,YDR017C,0,-0.19368792,0.10019268095493317,0.24761904776096344,0.22238095104694366
YGL252C,YOR288C,0,-0.19474608,0.10000000149011612,0.24761904776096344,0.22285714745521545
YGR055W,YPR201W,0,-0.19508298,0.09980805963277817,0.24761904776096344,0.22333332896232605
YIL149C,YAL015C,0,-0.19523847,0.09961685538291931,0.24761904776096344,0.22380952537059784
YGR209C,YER024W,0,-0.19530717,0.09942638874053955,0.24761904776096344,0.22428570687770844
YNL059C,YPL028W,0,-0.19553205,0.09923664480447769,0.24761904776096344,0.22476190328598022
YNR011C,YDR481C,0,-0.19573262,0.09904761612415314,0.24761904776096344,0.22523809969425201
YPL097W,YDR037W,1,-0.19594102,0.10076045989990234,0.25238096714019775,0.22523809969425201
YBL039C,YDR369C,0,-0.19615912,0.10056926310062408,0.25238096714019775,0.2257142812013626
YHR079C-A,YOR210W,0,-0.19666064,0.10037878900766373,0.25238096714019775,0.2261904776096344
YJR112W,YPR042C,0,-0.1968117,0.10018903762102127,0.25238096714019775,0.2266666740179062
YCR065W,YJL031C,0,-0.1970168,0.10000000149011612,0.25238096714019775,0.22714285552501678
YOR347C,YNL304W,0,-0.19758669,0.09981167316436768,0.25238096714019775,0.22761905193328857
YML004C,YGL100W,0,-0.19874272,0.09962406009435654,0.25238096714019775,0.22809523344039917
YIL039W,YMR077C,0,-0.19875944,0.09943714737892151,0.25238096714019775,0.22857142984867096
YNL003C,YGR239C,0,-0.20053515,0.09925093501806259,0.25238096714019775,0.22904762625694275
YER093C,YHL025W,0,-0.2011564,0.09906542301177979,0.25238096714019775,0.22952380776405334
YGR075C,YPL076W,0,-0.20157006,0.0988805964589119,0.25238096714019775,0.23000000417232513
YPR110C,YDR164C,0,-0.20270018,0.09869646281003952,0.25238096714019775,0.23047618567943573
YLR386W,YKL070W,0,-0.20312232,0.09851301461458206,0.25238096714019775,0.23095238208770752
YIL079C,YPL021W,0,-0.20337799,0.09833024442195892,0.25238096714019775,0.2314285784959793
YJL018W,YIL122W,0,-0.20439804,0.09814814478158951,0.25238096714019775,0.2319047600030899
YLR160C,YLR195C,0,-0.205615,0.09796673059463501,0.25238096714019775,0.2323809564113617
YDR170W-A,YER062C,0,-0.2056258,0.09778597950935364,0.25238096714019775,0.2328571379184723
YDR361C,YGL093W,0,-0.2061558,0.09760589152574539,0.25238096714019775,0.23333333432674408
YLL013C,YER157W,0,-0.20768578,0.09742647409439087,0.25238096714019775,0.23380953073501587
YIL155C,YNL245C,0,-0.2077213,0.09724770486354828,0.25238096714019775,0.23428571224212646
YMR236W,YGL014W,0,-0.20845588,0.09706959873437881,0.25238096714019775,0.23476190865039825
YPL231W,YOR257W,0,-0.2086487,0.09689214080572128,0.25238096714019775,0.23523809015750885
YPR101W,YJR004C,0,-0.20916373,0.09671533107757568,0.25238096714019775,0.23571428656578064
YGL071W,YPL267W,0,-0.20919575,0.09653916209936142,0.25238096714019775,0.23619048297405243
YOR356W,YMR208W,0,-0.20928147,0.09636363387107849,0.25238096714019775,0.23666666448116302
YIL016W,YMR272C,0,-0.20952281,0.0961887463927269,0.25238096714019775,0.23714286088943481
YFL011W,YBR161W,0,-0.2096962,0.09601449221372604,0.25238096714019775,0.2376190423965454
YER089C,YOR119C,0,-0.21013229,0.09584087133407593,0.25238096714019775,0.2380952388048172
YAL033W,YJL020C,0,-0.21036738,0.09566786885261536,0.25238096714019775,0.238571435213089
YNR043W,YJR026W,0,-0.21052328,0.09549549221992493,0.25238096714019775,0.23904761672019958
YDL197C,YDL212W,0,-0.21110362,0.09532374143600464,0.25238096714019775,0.23952381312847137
YLR382C,YGR094W,1,-0.21121633,0.09694793820381165,0.2571428716182709,0.23952381312847137
YDL079C,YMR173W,0,-0.21227515,0.09677419066429138,0.2571428716182709,0.23999999463558197
YGL207W,YIL076W,0,-0.21295695,0.09660107642412186,0.2571428716182709,0.24047619104385376
YGL195W,YOR298C-A,0,-0.2129684,0.09642857313156128,0.2571428716182709,0.24095238745212555
YOR081C,YGL089C,0,-0.21385418,0.09625668078660965,0.2571428716182709,0.24142856895923615
YGR195W,YMR134W,0,-0.21412617,0.09608540683984756,0.2571428716182709,0.24190476536750793
YLR182W,YKL085W,0,-0.21424371,0.09591474384069443,0.2571428716182709,0.24238094687461853
YIR037W,YDR247W,0,-0.21456733,0.09574468433856964,0.2571428716182709,0.24285714328289032
YKR095W-A,YIL008W,0,-0.21462326,0.09557522088289261,0.2571428716182709,0.2433333396911621
YDL004W,YLR391W-A,0,-0.21608363,0.09540636092424393,0.2571428716182709,0.2438095211982727
YBR037C,YNR019W,0,-0.21658722,0.095238097012043,0.2571428716182709,0.2442857176065445
YDR279W,YHR142W,0,-0.21672282,0.09507042169570923,0.2571428716182709,0.2447618991136551
YPR029C,YNL310C,0,-0.21810374,0.09490334242582321,0.2571428716182709,0.24523809552192688
YHR055C,YHR048W,0,-0.21874867,0.09473684430122375,0.2571428716182709,0.24571429193019867
YOR068C,YOR145C,0,-0.21885097,0.09457092732191086,0.2571428716182709,0.24619047343730927
YOL121C,YML110C,0,-0.21892574,0.09440559148788452,0.2571428716182709,0.24666666984558105
YJR055W,YDR093W,0,-0.21933782,0.09424083679914474,0.2571428716182709,0.24714285135269165
YBR082C,YGL212W,0,-0.21965486,0.09407665580511093,0.2571428716182709,0.24761904776096344
YAL055W,YPR181C,0,-0.21979442,0.09391304105520248,0.2571428716182709,0.24809524416923523
YDL043C,YBR297W,0,-0.22035113,0.09375,0.2571428716182709,0.24857142567634583
YOL088C,YJL113W,0,-0.22037421,0.09358752518892288,0.2571428716182709,0.24904762208461761
YKL195W,YML027W,0,-0.2212384,0.09342560917139053,0.2571428716182709,0.2495238035917282
YEL060C,YLR133W,0,-0.22179396,0.09326425194740295,0.2571428716182709,0.25
YKL041W,YJL167W,0,-0.22189039,0.09310344606637955,0.2571428716182709,0.2504761815071106
YBR223C,YFR013W,0,-0.22216499,0.09294319897890091,0.2571428716182709,0.2509523928165436
YOL042W,YAR015W,0,-0.22244883,0.09278350323438644,0.2571428716182709,0.2514285743236542
YOR068C,YDR087C,0,-0.22310147,0.09262435883283615,0.2571428716182709,0.25190475583076477
YLR433C,YLR144C,0,-0.22331625,0.09246575087308884,0.2571428716182709,0.25238096714019775
YGR157W,YHR161C,0,-0.22358933,0.0923076942563057,0.2571428716182709,0.25285714864730835
YGR239C,YOR349W,0,-0.22361973,0.09215017408132553,0.2571428716182709,0.25333333015441895
YNL002C,YOR372C,0,-0.22456118,0.09199318289756775,0.2571428716182709,0.25380951166152954
YFL005W,YOR298C-A,0,-0.22464144,0.09183673560619354,0.2571428716182709,0.2542857229709625
YOR182C,YER183C,0,-0.2253947,0.09168081730604172,0.2571428716182709,0.2547619044780731
YLL012W,YDR503C,0,-0.22566989,0.09152542054653168,0.2571428716182709,0.2552380859851837
YPR018W,YML024W,0,-0.22582549,0.09137056022882462,0.2571428716182709,0.2557142972946167
YMR284W,YCL004W,0,-0.22608995,0.09121621400117874,0.2571428716182709,0.2561904788017273
YMR050C,YBR002C,0,-0.22620085,0.09106239676475525,0.2571428716182709,0.2566666603088379
YOR094W,YGL025C,0,-0.22661652,0.09090909361839294,0.2571428716182709,0.2571428716182709
YPL097W,YBL013W,1,-0.22745165,0.09243697673082352,0.261904776096344,0.2571428716182709
YLR224W,YNL278W,0,-0.22783345,0.09228187799453735,0.261904776096344,0.25761905312538147
YDL153C,YLR155C,0,-0.22798912,0.09212730079889297,0.261904776096344,0.25809523463249207
YPL164C,YGL155W,0,-0.228466,0.09197324514389038,0.261904776096344,0.25857141613960266
YPR133W-A,YBR186W,0,-0.22859669,0.09181969612836838,0.261904776096344,0.25904762744903564
YPR128C,YOL133W,0,-0.22901444,0.09166666865348816,0.261904776096344,0.25952380895614624
YLL041C,YOR295W,0,-0.22927947,0.09151414036750793,0.261904776096344,0.25999999046325684
YDL043C,YNL209W,0,-0.22941764,0.0913621261715889,0.261904776096344,0.2604762017726898
YLR382C,YPR033C,1,-0.22988401,0.09286899119615555,0.2666666805744171,0.2604762017726898
YLR136C,YBR154C,0,-0.22994548,0.09271523356437683,0.2666666805744171,0.2609523832798004
YBR158W,YBL005W-A,0,-0.23017679,0.0925619825720787,0.2666666805744171,0.261428564786911
YPL097W,YPL160W,1,-0.23069042,0.09405940771102905,0.27142858505249023,0.261428564786911
YFL059W,YOR207C,0,-0.23200303,0.09390445053577423,0.27142858505249023,0.261904776096344
YMR125W,YDR314C,0,-0.23206708,0.09375,0.27142858505249023,0.2623809576034546
YDR273W,YNL026W,0,-0.23303115,0.09359605610370636,0.27142858505249023,0.2628571391105652
YJR006W,YNR046W,0,-0.23309031,0.09344262629747391,0.27142858505249023,0.2633333206176758
YDR419W,YLR126C,0,-0.23441136,0.09328968822956085,0.27142858505249023,0.26380953192710876
YPL190C,YMR011W,0,-0.23497601,0.09313725680112839,0.27142858505249023,0.26428571343421936
YNL145W,YDR170W-A,0,-0.23497754,0.09298531711101532,0.27142858505249023,0.26476189494132996
YOR032C,YMR049C,0,-0.23561686,0.09283387660980225,0.27142858505249023,0.26523810625076294
YGR165W,YBR117C,0,-0.23600857,0.09268292784690857,0.27142858505249023,0.26571428775787354
YGL068W,YDL213C,0,-0.23627646,0.09253247082233429,0.27142858505249023,0.26619046926498413
YKL134C,YIR025W,0,-0.23648626,0.09238249808549881,0.27142858505249023,0.2666666805744171
YDR341C,YBL013W,1,-0.23697133,0.09385113418102264,0.27619048953056335,0.2666666805744171
YJR126C,YHR197W,0,-0.237167,0.09369951486587524,0.27619048953056335,0.2671428620815277
YDR398W,YGR281W,0,-0.23845929,0.09354838728904724,0.27619048953056335,0.2676190435886383
YBR297W,YJR145C,0,-0.23862793,0.09339774399995804,0.27619048953056335,0.2680952250957489
YAL023C,YCL035C,0,-0.23965105,0.09324758499860764,0.27619048953056335,0.2685714364051819
YAL024C,YML086C,0,-0.23982885,0.09309791028499603,0.27619048953056335,0.2690476179122925
YOL123W,YHL002W,0,-0.23998354,0.09294871985912323,0.27619048953056335,0.2695237994194031
YMR117C,YOR194C,0,-0.24020597,0.09279999881982803,0.27619048953056335,0.27000001072883606
YDR507C,YNL021W,0,-0.24070661,0.09265175461769104,0.27619048953056335,0.27047619223594666
YNL272C,YMR305C,0,-0.24079779,0.09250398725271225,0.27619048953056335,0.27095237374305725
YGR122W,YBR179C,0,-0.24089809,0.09235668927431107,0.27619048953056335,0.27142858505249023
YOR148C,YPL037C,0,-0.24090114,0.09220985323190689,0.27619048953056335,0.27190476655960083
YCR083W,YPR078C,0,-0.24137205,0.09206349402666092,0.27619048953056335,0.2723809480667114
YER083C,YHR005C-A,0,-0.24167472,0.09191758930683136,0.27619048953056335,0.272857129573822
YNR060W,YDL112W,0,-0.24167979,0.0917721539735794,0.27619048953056335,0.273333340883255
YBR086C,YGL241W,0,-0.24174614,0.09162717312574387,0.27619048953056335,0.2738095223903656
YBR168W,YPL170W,0,-0.24240471,0.09148264676332474,0.27619048953056335,0.2742857038974762
YDR299W,YBR183W,0,-0.24416636,0.09133858233690262,0.27619048953056335,0.2747619152069092
YMR236W,YLR304C,0,-0.24427807,0.09119496494531631,0.27619048953056335,0.2752380967140198
YNL001W,YBR132C,0,-0.24432686,0.09105180203914642,0.27619048953056335,0.27571427822113037
YJL157C,YHR092C,0,-0.24459872,0.09090909361839294,0.27619048953056335,0.27619048953056335
YGR054W,YHR133C,0,-0.2446231,0.09076682478189468,0.27619048953056335,0.27666667103767395
YDL126C,YGL144C,0,-0.24534726,0.09062500298023224,0.27619048953056335,0.27714285254478455
YLR382C,YLR060W,1,-0.24656238,0.0920436829328537,0.2809523940086365,0.27714285254478455
YDR037W,YPR081C,1,-0.2472692,0.09345794469118118,0.2857142984867096,0.27714285254478455
YPL040C,YLR060W,1,-0.24749641,0.09486781060695648,0.2904762029647827,0.27714285254478455
YIL040W,YNL214W,0,-0.24769256,0.0947204977273941,0.2904762029647827,0.27761903405189514
YPL160W,YOL033W,1,-0.24863431,0.09612403064966202,0.29523810744285583,0.27761903405189514
YGR238C,YJL141C,0,-0.24882665,0.09597523510456085,0.29523810744285583,0.2780952453613281
YLR431C,YHR065C,0,-0.24906482,0.0958268940448761,0.29523810744285583,0.2785714268684387
YGL191W,YNL293W,0,-0.24947909,0.09567901492118835,0.29523810744285583,0.2790476083755493
YML055W,YOR338W,0,-0.24974194,0.09553159028291702,0.29523810744285583,0.2795238196849823
YLL022C,YMR165C,0,-0.25016353,0.0953846126794815,0.29523810744285583,0.2800000011920929
YAR042W,YPR171W,0,-0.2502273,0.095238097012043,0.29523810744285583,0.2804761826992035
YKL020C,YJR137C,0,-0.25029606,0.09509202092885971,0.29523810744285583,0.2809523940086365
YLR382C,YFL022C,1,-0.2506301,0.09647779166698456,0.30000001192092896,0.2809523940086365
YOR356W,YMR288W,0,-0.25110298,0.09633027762174606,0.30000001192092896,0.28142857551574707
YBR006W,YDL005C,0,-0.2511964,0.09618320316076279,0.30000001192092896,0.28190475702285767
YDR246W,YDR018C,0,-0.25155902,0.09603658318519592,0.30000001192092896,0.28238093852996826
YFR033C,YLR105C,0,-0.25172296,0.09589041024446487,0.30000001192092896,0.28285714983940125
YIL030C,YML091C,0,-0.25197443,0.09574468433856964,0.30000001192092896,0.28333333134651184
YPR074C,YOL004W,0,-0.2520773,0.09559939056634903,0.30000001192092896,0.28380951285362244
YMR060C,YNL334C,0,-0.25224802,0.09545454382896423,0.30000001192092896,0.2842857241630554
YBR015C,YCL040W,0,-0.25281677,0.09531013667583466,0.30000001192092896,0.284761905670166
YLR129W,YDL188C,0,-0.25366902,0.0951661616563797,0.30000001192092896,0.2852380871772766
YCL008C,YPR188C,0,-0.2543951,0.09502262622117996,0.30000001192092896,0.2857142984867096
YKL073W,YNL293W,0,-0.2549181,0.09487951546907425,0.30000001192092896,0.2861904799938202
YNL097C,YHR061C,0,-0.25514022,0.09473684430122375,0.30000001192092896,0.2866666615009308
YPR185W,YLR231C,0,-0.25531414,0.09459459781646729,0.30000001192092896,0.2871428430080414
YGR251W,YAL009W,0,-0.25534356,0.09445277601480484,0.30000001192092896,0.28761905431747437
YHR024C,YOR040W,0,-0.2557119,0.09431137889623642,0.30000001192092896,0.28809523582458496
YKL080W,YDR449C,0,-0.255722,0.09417040646076202,0.30000001192092896,0.28857141733169556
YPR042C,YCR028C-A,0,-0.2569638,0.09402985125780106,0.30000001192092896,0.28904762864112854
YPR110C,YGR002C,0,-0.25703153,0.09388971328735352,0.30000001192092896,0.28952381014823914
YJL024C,YGR116W,0,-0.25726166,0.09375,0.30000001192092896,0.28999999165534973
YPL274W,YMR035W,0,-0.25799644,0.09361069649457932,0.30000001192092896,0.2904762029647827
YNL282W,YDR145W,0,-0.25896236,0.09347181022167206,0.30000001192092896,0.2909523844718933
YGR171C,YGL105W,1,-0.25907177,0.09481481462717056,0.3047619163990021,0.2909523844718933
YER103W,YCL005W-A,0,-0.2592031,0.09467455744743347,0.3047619163990021,0.2914285659790039
YLR447C,YIL017C,0,-0.2594953,0.09453471004962921,0.3047619163990021,0.2919047474861145
YNR017W,YJR045C,0,-0.259833,0.09439527988433838,0.3047619163990021,0.2923809587955475
YAR010C,YCL016C,0,-0.26105535,0.09425625950098038,0.3047619163990021,0.2928571403026581
YKL179C,YJR001W,0,-0.26110888,0.0941176488995552,0.3047619163990021,0.2933333218097687
YHR102W,YJL114W,0,-0.26125827,0.09397944062948227,0.3047619163990021,0.29380953311920166
YBL057C,YPL240C,0,-0.26139122,0.09384164214134216,0.3047619163990021,0.29428571462631226
YPL082C,YER123W,0,-0.2615347,0.09370424598455429,0.3047619163990021,0.29476189613342285
YER133W,YDR450W,0,-0.26237112,0.09356725215911865,0.3047619163990021,0.29523810744285583
YHR175W,YPL026C,0,-0.26287863,0.09343065321445465,0.3047619163990021,0.29571428894996643
YPL040C,YGL105W,1,-0.26299134,0.09475218504667282,0.3095238208770752,0.29571428894996643
YBR085W,YDL149W,0,-0.2631445,0.09461426734924316,0.3095238208770752,0.296190470457077
YDL078C,YER025W,0,-0.26376846,0.09447674453258514,0.3095238208770752,0.2966666519641876
YAL033W,YMR037C,0,-0.26386654,0.09433962404727936,0.3095238208770752,0.2971428632736206
YAL055W,YHR139C,0,-0.26388767,0.09420289844274521,0.3095238208770752,0.2976190447807312
YDR225W,YOL144W,0,-0.26440838,0.0940665677189827,0.3095238208770752,0.2980952262878418
YGR165W,YFL013C,0,-0.26522624,0.09393063932657242,0.3095238208770752,0.2985714375972748
YNL130C,YJR059W,0,-0.26526645,0.09379509091377258,0.3095238208770752,0.2990476191043854
YHR012W,YMR272C,0,-0.26593453,0.09365994483232498,0.3095238208770752,0.29952380061149597
YFR024C,YBR030W,0,-0.2662823,0.09352517873048782,0.3095238208770752,0.30000001192092896
YGL030W,YDR073W,0,-0.26719,0.0933908075094223,0.3095238208770752,0.30047619342803955
YKL084W,YDL038C,0,-0.26728123,0.09325681626796722,0.3095238208770752,0.30095237493515015
YNL213C,YGL025C,0,-0.26763135,0.09312321245670319,0.3095238208770752,0.30142858624458313
YPL228W,YJL033W,0,-0.26810572,0.09298998862504959,0.3095238208770752,0.3019047677516937
YLR044C,YDR171W,0,-0.26834333,0.09285714477300644,0.3095238208770752,0.3023809492588043
YOR224C,YIL155C,0,-0.26846054,0.09272468090057373,0.3095238208770752,0.3028571307659149
YPR036W,YKL154W,0,-0.27045107,0.09259258955717087,0.3095238208770752,0.3033333420753479
YNL244C,YDL090C,0,-0.27077615,0.09246088564395905,0.3095238208770752,0.3038095235824585
YGR056W,YHL002W,0,-0.27085355,0.09232954680919647,0.3095238208770752,0.3042857050895691
YBR233W-A,YOL068C,0,-0.2709477,0.09219858050346375,0.3095238208770752,0.3047619163990021
YJR002W,YGR248W,0,-0.27103508,0.09206798672676086,0.3095238208770752,0.30523809790611267
YDR192C,YGL124C,0,-0.27134243,0.09193776547908783,0.3095238208770752,0.30571427941322327
YIL121W,YGL219C,0,-0.27138245,0.09180790930986404,0.3095238208770752,0.30619049072265625
YIR011C,YGL255W,0,-0.2715125,0.09167841821908951,0.3095238208770752,0.30666667222976685
YGR172C,YGL095C,0,-0.271542,0.09154929220676422,0.3095238208770752,0.30714285373687744
YKL139W,YGL168W,0,-0.27158225,0.09142053127288818,0.3095238208770752,0.30761903524398804
YLR069C,YLR312C-B,0,-0.27165657,0.0912921354174614,0.3095238208770752,0.308095246553421
YLR092W,YPL266W,0,-0.27197552,0.09116409718990326,0.3095238208770752,0.3085714280605316
YER183C,YGR272C,0,-0.272385,0.09103641659021378,0.3095238208770752,0.3090476095676422
YDR465C,YBL058W,0,-0.27262703,0.09090909361839294,0.3095238208770752,0.3095238208770752
YNR035C,YOL112W,0,-0.27285618,0.09078212082386017,0.3095238208770752,0.3100000023841858
YNL138W,YER103W,0,-0.2732017,0.09065550565719604,0.3095238208770752,0.3104761838912964
YOR112W,YJL138C,0,-0.2735008,0.09052924811840057,0.3095238208770752,0.31095239520072937
YGR041W,YLL056C,0,-0.27377802,0.09040334075689316,0.3095238208770752,0.31142857670783997
YBL106C,YJR090C,0,-0.27439559,0.0902777761220932,0.3095238208770752,0.31190475821495056
YKL035W,YKL191W,0,-0.2744161,0.0901525691151619,0.3095238208770752,0.31238093972206116
YIR015W,YDR393W,0,-0.2745133,0.09002769738435745,0.3095238208770752,0.31285715103149414
YMR050C,YJL002C,0,-0.2745592,0.08990318328142166,0.3095238208770752,0.31333333253860474
YMR080C,YBR297W,0,-0.2746441,0.08977900445461273,0.3095238208770752,0.31380951404571533
YMR298W,YNL148C,0,-0.2750554,0.08965517580509186,0.3095238208770752,0.3142857253551483
YCL074W,YLR233C,0,-0.2751474,0.08953168243169785,0.3095238208770752,0.3147619068622589
YPR183W,YGR097W,0,-0.27580523,0.08940853178501129,0.3095238208770752,0.3152380883693695
YGR217W,YNL009W,0,-0.27607542,0.0892857164144516,0.3095238208770752,0.3157142996788025
YMR095C,YEL022W,0,-0.2772364,0.08916323632001877,0.3095238208770752,0.3161904811859131
YDL245C,YPL195W,0,-0.27725324,0.0890410989522934,0.3095238208770752,0.3166666626930237
YBR297W,YDR052C,0,-0.27768072,0.08891928941011429,0.3095238208770752,0.3171428442001343
YGL032C,YNL177C,0,-0.27787924,0.08879781514406204,0.3095238208770752,0.31761905550956726
YNL251C,YMR165C,0,-0.27795175,0.08867666870355606,0.3095238208770752,0.31809523701667786
YCR084C,YOR008C,0,-0.27819026,0.08855585753917694,0.3095238208770752,0.31857141852378845
YDL147W,YGR199W,0,-0.278459,0.08843537420034409,0.3095238208770752,0.31904762983322144
YAL054C,YKR037C,0,-0.27869925,0.0883152186870575,0.3095238208770752,0.31952381134033203
YER105C,YGR111W,0,-0.27893066,0.08819538354873657,0.3095238208770752,0.3199999928474426
YNL281W,YKL029C,0,-0.279068,0.08807588368654251,0.3095238208770752,0.3204762041568756
YBL069W,YDR328C,0,-0.27949667,0.08795669674873352,0.3095238208770752,0.3209523856639862
YER095W,YHR023W,0,-0.27980405,0.0878378376364708,0.3095238208770752,0.3214285671710968
YAL040C,YNL290W,0,-0.2799122,0.08771929889917374,0.3095238208770752,0.3219047486782074
YDR178W,YHL028W,0,-0.28050217,0.08760108053684235,0.3095238208770752,0.3223809599876404
YCR073W-A,YLR026C,0,-0.28070933,0.08748317509889603,0.3095238208770752,0.322857141494751
YPR107C,YLR055C,0,-0.28104162,0.08736559003591537,0.3095238208770752,0.3233333230018616
YIL021W,YCL001W,0,-0.28104168,0.08724832534790039,0.3095238208770752,0.32380953431129456
YKL173W,YGL143C,0,-0.28162616,0.08713136613368988,0.3095238208770752,0.32428571581840515
YGR145W,YBR290W,0,-0.28186816,0.08701472729444504,0.3095238208770752,0.32476189732551575
YNR075W,YER087C-A,0,-0.28193855,0.08689839392900467,0.3095238208770752,0.32523810863494873
YNR075W,YPR201W,0,-0.28236467,0.08678237348794937,0.3095238208770752,0.3257142901420593
YNR060W,YBL023C,0,-0.28258896,0.08666666597127914,0.3095238208770752,0.3261904716491699
YKL194C,YFL022C,1,-0.2828841,0.08788282424211502,0.3142857253551483,0.3261904716491699
YML007W,YPL021W,0,-0.28329545,0.08776595443487167,0.3142857253551483,0.3266666531562805
YBL098W,YNL231C,0,-0.283504,0.087649405002594,0.3142857253551483,0.3271428644657135
YIL119C,YPL212C,0,-0.28356895,0.08753315359354019,0.3142857253551483,0.3276190459728241
YLR078C,YPL096C-A,0,-0.2836284,0.08741721510887146,0.3142857253551483,0.3280952274799347
YDR470C,YPL098C,0,-0.28386247,0.0873015895485878,0.3142857253551483,0.3285714387893677
YCR077C,YLR183C,0,-0.28446794,0.08718626201152802,0.3142857253551483,0.32904762029647827
YKL172W,YDR131C,0,-0.28482324,0.0870712399482727,0.3142857253551483,0.32952380180358887
YOR069W,YIL022W,0,-0.28483775,0.08695652335882187,0.3142857253551483,0.33000001311302185
YKL108W,YDR280W,0,-0.28486657,0.08684210479259491,0.3142857253551483,0.33047619462013245
YPL046C,YGL075C,0,-0.28497028,0.08672799170017242,0.3142857253551483,0.33095237612724304
YDL126C,YKL214C,0,-0.28605893,0.08661417663097382,0.3142857253551483,0.33142855763435364
YOR081C,YHR169W,0,-0.28628802,0.08650065213441849,0.3142857253551483,0.3319047689437866
YLL026W,YML116W,0,-0.28637373,0.08638743311166763,0.3142857253551483,0.3323809504508972
YPL127C,YHR005C,0,-0.2866153,0.08627451211214066,0.3142857253551483,0.3328571319580078
YHR158C,YMR210W,0,-0.2866901,0.08616188168525696,0.3142857253551483,0.3333333432674408
YAL058W,YCR020W-B,0,-0.28739554,0.08604954183101654,0.3142857253551483,0.3338095247745514
YOL165C,YLR115W,0,-0.28741437,0.0859375,0.3142857253551483,0.334285706281662
YLR079W,YGR128C,0,-0.28825942,0.08582574874162674,0.3142857253551483,0.33476191759109497
YNL207W,YPR030W,0,-0.2889255,0.08571428805589676,0.3142857253551483,0.33523809909820557
YHR006W,YDR296W,0,-0.28902718,0.08560311049222946,0.3142857253551483,0.33571428060531616
YMR212C,YPL209C,0,-0.2890883,0.08549223095178604,0.3142857253551483,0.33619046211242676
YGL105W,YBL013W,1,-0.28921285,0.08667529374361038,0.31904762983322144,0.33619046211242676
YHR142W,YLL038C,0,-0.28921404,0.08656330406665802,0.31904762983322144,0.33666667342185974
YHR096C,YFL058W,0,-0.28949016,0.08645161241292953,0.31904762983322144,0.33714285492897034
YHR123W,YHR191C,0,-0.29041317,0.08634020388126373,0.31904762983322144,0.33761903643608093
YKL129C,YLR221C,0,-0.29060534,0.08622908592224121,0.31904762983322144,0.3380952477455139
YLR069C,YLR272C,0,-0.29078275,0.08611825108528137,0.31904762983322144,0.3385714292526245
YBR211C,YOR011W,0,-0.29164314,0.08600769937038422,0.31904762983322144,0.3390476107597351
YNL009W,YHR079C-A,0,-0.29196447,0.08589743822813034,0.31904762983322144,0.3395238220691681
YKR081C,YBR132C,0,-0.29214525,0.08578745275735855,0.31904762983322144,0.3400000035762787
YPL097W,YBR121C,1,-0.29224825,0.08695652335882187,0.32380953431129456,0.3400000035762787
YGR179C,YJL025W,0,-0.29252866,0.08684546500444412,0.32380953431129456,0.3404761850833893
YDL056W,YKL019W,0,-0.29411107,0.08673469722270966,0.32380953431129456,0.3409523665904999
YER147C,YLR335W,0,-0.29523355,0.08662420511245728,0.32380953431129456,0.34142857789993286
YOL011W,YER161C,0,-0.29543412,0.08651399612426758,0.32380953431129456,0.34190475940704346
YNL001W,YDR516C,0,-0.29569593,0.08640406280755997,0.32380953431129456,0.34238094091415405
YOR074C,YHR142W,0,-0.29570264,0.08629441261291504,0.32380953431129456,0.34285715222358704
YLR097C,YGL142C,0,-0.29572973,0.0861850455403328,0.32380953431129456,0.34333333373069763
YCR084C,YNL318C,0,-0.2961633,0.08607594668865204,0.32380953431129456,0.3438095152378082
YPL124W,YCR028C-A,0,-0.2963521,0.08596713095903397,0.32380953431129456,0.3442857265472412
YKR086W,YDR353W,0,-0.29731113,0.08585858345031738,0.32380953431129456,0.3447619080543518
YOR347C,YLL061W,0,-0.2975039,0.08575031161308289,0.32380953431129456,0.3452380895614624
YNL214W,YIL082W-A,0,-0.29790768,0.08564231544733047,0.32380953431129456,0.345714271068573
YMR231W,YBL074C,0,-0.29888096,0.08553458750247955,0.32380953431129456,0.346190482378006
YML057W,YCL016C,0,-0.29961368,0.08542713522911072,0.32380953431129456,0.3466666638851166
YPR033C,YBL013W,1,-0.29975086,0.08657465130090714,0.3285714387893677,0.3466666638851166
YNL118C,YGR272C,0,-0.2999431,0.08646616339683533,0.3285714387893677,0.3471428453922272
YOL082W,YLR221C,0,-0.3000757,0.08635794371366501,0.3285714387893677,0.34761905670166016
YLR433C,YJL138C,0,-0.30094808,0.08624999970197678,0.3285714387893677,0.34809523820877075
YHR129C,YNR030W,0,-0.30111912,0.08614232391119003,0.3285714387893677,0.34857141971588135
YGR251W,YKL204W,0,-0.30131721,0.08603491634130478,0.3285714387893677,0.34904763102531433
YLR212C,YMR011W,0,-0.30189478,0.08592776954174042,0.3285714387893677,0.3495238125324249
YPR081C,YBL013W,1,-0.30302614,0.08706467598676682,0.3333333432674408,0.3495238125324249
YPL097W,YDR341C,1,-0.3032725,0.08819875866174698,0.3380952477455139,0.3495238125324249
YDR527W,YDL029W,0,-0.30384487,0.08808933198451996,0.3380952477455139,0.3499999940395355
YDR101C,YLR442C,0,-0.30392677,0.08798017352819443,0.3380952477455139,0.3504762053489685
YGL232W,YPL094C,0,-0.3039365,0.08787129074335098,0.3380952477455139,0.3509523868560791
YPR052C,YCR010C,0,-0.30424252,0.08776266872882843,0.3380952477455139,0.3514285683631897
YOR206W,YOR381W,0,-0.30425805,0.08765432238578796,0.3380952477455139,0.3519047498703003
YOR001W,YNR056C,0,-0.30442798,0.08754623681306839,0.3380952477455139,0.3523809611797333
YDR231C,YFR048W,0,-0.30494028,0.0874384269118309,0.3380952477455139,0.35285714268684387
YBR131W,YLR354C,0,-0.30625668,0.08733087033033371,0.3380952477455139,0.35333332419395447
YAR031W,YKL040C,0,-0.306296,0.0872235894203186,0.3380952477455139,0.35380953550338745
YPL043W,YOR173W,0,-0.30686307,0.08711656183004379,0.3380952477455139,0.35428571701049805
YML113W,YGL144C,0,-0.30706784,0.08700980246067047,0.3380952477455139,0.35476189851760864
YCR020C,YPL006W,0,-0.3070978,0.08690330386161804,0.3380952477455139,0.3552381098270416
YER154W,YMR133W,0,-0.30722916,0.0867970660328865,0.3380952477455139,0.3557142913341522
YPR200C,YKL002W,0,-0.3077133,0.08669108897447586,0.3380952477455139,0.3561904728412628
YOR129C,YBL099W,0,-0.3079183,0.08658536523580551,0.3380952477455139,0.3566666543483734
YER068W,YGL226C-A,0,-0.30817753,0.08647990226745605,0.3380952477455139,0.3571428656578064
YNL121C,YBR084W,0,-0.30879518,0.0863746926188469,0.3380952477455139,0.357619047164917
YLR382C,YBL013W,1,-0.3088644,0.08748481422662735,0.34285715222358704,0.357619047164917
YDR191W,YCR081W,0,-0.3091571,0.08737864345312119,0.34285715222358704,0.3580952286720276
YOL117W,YHR074W,0,-0.30982158,0.08727272599935532,0.34285715222358704,0.35857143998146057
YMR177W,YCR044C,0,-0.31016564,0.08716706931591034,0.34285715222358704,0.35904762148857117
YPL177C,YOL069W,0,-0.31054732,0.08706166595220566,0.34285715222358704,0.35952380299568176
YHR001W-A,YMR054W,0,-0.31061605,0.08695652335882187,0.34285715222358704,0.36000001430511475
YFR041C,YDL227C,0,-0.31106433,0.08685162663459778,0.34285715222358704,0.36047619581222534
YBL103C,YGL073W,0,-0.31110966,0.08674699068069458,0.34285715222358704,0.36095237731933594
YDR328C,YGR030C,0,-0.31122097,0.08664260059595108,0.34285715222358704,0.36142855882644653
YHR116W,YOR260W,0,-0.3116412,0.08653846383094788,0.34285715222358704,0.3619047701358795
YLR335W,YPL006W,0,-0.31166482,0.08643457293510437,0.34285715222358704,0.3623809516429901
YNR043W,YDL108W,0,-0.31166774,0.08633093535900116,0.34285715222358704,0.3628571331501007
YBR210W,YNL262W,0,-0.31201857,0.08622754365205765,0.34285715222358704,0.3633333444595337
YKL017C,YNL147W,0,-0.3122906,0.08612440526485443,0.34285715222358704,0.3638095259666443
YER002W,YNL251C,0,-0.31240085,0.08602150529623032,0.34285715222358704,0.3642857074737549
YMR182C,YIL139C,0,-0.31250748,0.0859188511967659,0.34285715222358704,0.36476191878318787
YNL159C,YGL089C,0,-0.31250787,0.08581645041704178,0.34285715222358704,0.36523810029029846
YOL044W,YDR459C,0,-0.31308442,0.08571428805589676,0.34285715222358704,0.36571428179740906
YPR141C,YLR126C,0,-0.31325465,0.08561236411333084,0.34285715222358704,0.36619046330451965
YBR112C,YER021W,0,-0.31397083,0.08551068603992462,0.34285715222358704,0.36666667461395264
YHR206W,YOL088C,0,-0.3143298,0.0854092538356781,0.34285715222358704,0.36714285612106323
YOR320C,YNL262W,0,-0.31515762,0.08530806005001068,0.34285715222358704,0.36761903762817383
YPR042C,YBR293W,0,-0.31594166,0.08520709723234177,0.34285715222358704,0.3680952489376068
YGL018C,YDR299W,0,-0.31653753,0.08510638028383255,0.34285715222358704,0.3685714304447174
YGL008C,YPR103W,0,-0.31694302,0.08500590175390244,0.34285715222358704,0.369047611951828
YMR055C,YNL154C,0,-0.317271,0.08490566164255142,0.34285715222358704,0.369523823261261
YML047C,YNR072W,0,-0.31817013,0.08480565249919891,0.34285715222358704,0.3700000047683716
YOR241W,YPL274W,0,-0.31856096,0.0847058817744255,0.34285715222358704,0.3704761862754822
YHR190W,YBR290W,0,-0.3187921,0.0846063420176506,0.34285715222358704,0.3709523677825928
YKL204W,YHL002W,0,-0.3189579,0.0845070406794548,0.34285715222358704,0.37142857909202576
YBR233W-A,YIL118W,0,-0.31958318,0.08440797030925751,0.34285715222358704,0.37190476059913635
YGL145W,YPL084W,0,-0.3205197,0.08430913090705872,0.34285715222358704,0.37238094210624695
YJL173C,YOL069W,0,-0.32054365,0.08421052992343903,0.34285715222358704,0.37285715341567993
YLL013C,YKR083C,0,-0.32076797,0.08411215245723724,0.34285715222358704,0.3733333349227905
YLR381W,YCR020W-B,0,-0.32126513,0.08401400595903397,0.34285715222358704,0.3738095164299011
YGR262C,YDR166C,0,-0.3214572,0.0839160829782486,0.34285715222358704,0.3742857277393341
YGL051W,YBR170C,0,-0.32147795,0.08381839096546173,0.34285715222358704,0.3747619092464447
YER070W,YPR140W,0,-0.32188928,0.08372092992067337,0.34285715222358704,0.3752380907535553
YNL032W,YCR028C,0,-0.32191518,0.08362369239330292,0.34285715222358704,0.3757142722606659
YOL124C,YOL001W,0,-0.3223411,0.08352668583393097,0.34285715222358704,0.3761904835700989
YDL161W,YEL066W,0,-0.32246172,0.08342989534139633,0.34285715222358704,0.3766666650772095
YNR008W,YER183C,0,-0.3226651,0.0833333358168602,0.34285715222358704,0.37714284658432007
YHR070W,YER051W,0,-0.32291615,0.08323699235916138,0.34285715222358704,0.37761905789375305
YLR186W,YMR313C,0,-0.3229913,0.08314087986946106,0.34285715222358704,0.37809523940086365
YOR320C,YKL001C,0,-0.32368365,0.08304498344659805,0.34285715222358704,0.37857142090797424
YPL187W,YLR144C,0,-0.32394317,0.08294931054115295,0.34285715222358704,0.3790476322174072
YDR517W,YKR024C,0,-0.32449806,0.08285385370254517,0.34285715222358704,0.3795238137245178
YEL030W,YOR032C,0,-0.3249085,0.08275862038135529,0.34285715222358704,0.3799999952316284
YAL041W,YLR081W,0,-0.32500115,0.08266360312700272,0.34285715222358704,0.380476176738739
YPR104C,YJL073W,0,-0.3251281,0.08256880939006805,0.34285715222358704,0.380952388048172
YDL017W,YDR470C,0,-0.32519776,0.0824742242693901,0.34285715222358704,0.3814285695552826
YLR167W,YER104W,0,-0.32534003,0.08237986266613007,0.34285715222358704,0.3819047510623932
YEL030W,YFR053C,0,-0.32553566,0.08228571712970734,0.34285715222358704,0.38238096237182617
YHR181W,YNL129W,0,-0.32585663,0.08219178020954132,0.34285715222358704,0.38285714387893677
YDR400W,YDR135C,0,-0.32598978,0.08209805935621262,0.34285715222358704,0.38333332538604736
YJR112W,YIL105C,0,-0.32715335,0.08200455456972122,0.34285715222358704,0.38380953669548035
YNR011C,YBR132C,0,-0.32752186,0.08191126585006714,0.34285715222358704,0.38428571820259094
YIL070C,YJL133W,0,-0.32902923,0.08181817829608917,0.34285715222358704,0.38476189970970154
YIL039W,YLR107W,0,-0.32918578,0.08172531425952911,0.34285715222358704,0.38523808121681213
YNL130C,YIR015W,0,-0.32921454,0.08163265138864517,0.34285715222358704,0.3857142925262451
YEL019C,YMR023C,0,-0.32927227,0.08154020458459854,0.34285715222358704,0.3861904740333557
YDR236C,YEL050C,0,-0.32946062,0.08144796639680862,0.34285715222358704,0.3866666555404663
YLL022C,YLR157C,0,-0.32983682,0.08135592937469482,0.34285715222358704,0.3871428668498993
YOR068C,YOR004W,0,-0.3300511,0.08126410841941833,0.34285715222358704,0.3876190483570099
YKR062W,YEL031W,0,-0.33009714,0.08117248862981796,0.34285715222358704,0.3880952298641205
YMR238W,YMR284W,0,-0.33011842,0.0810810774564743,0.34285715222358704,0.38857144117355347
YDR078C,YDL229W,0,-0.33100808,0.08098987489938736,0.34285715222358704,0.38904762268066406
YOL112W,YDR080W,0,-0.33104366,0.08089887350797653,0.34285715222358704,0.38952380418777466
YNR032C-A,YJL145W,0,-0.3310515,0.08080808073282242,0.34285715222358704,0.38999998569488525
YHR085W,YBR294W,0,-0.33121544,0.08071748912334442,0.34285715222358704,0.39047619700431824
YHL006C,YER015W,0,-0.33122468,0.08062709867954254,0.34285715222358704,0.39095237851142883
YBR243C,YBR155W,0,-0.3313357,0.08053690940141678,0.34285715222358704,0.39142856001853943
YMR232W,YNL259C,0,-0.3316079,0.08044692873954773,0.34285715222358704,0.3919047713279724
YPR182W,YMR163C,0,-0.3316092,0.0803571417927742,0.34285715222358704,0.392380952835083
YMR068W,YOL164W,0,-0.3317656,0.08026755601167679,0.34285715222358704,0.3928571343421936
YMR112C,YML120C,0,-0.33230677,0.0801781713962555,0.34285715222358704,0.3933333456516266
YDR524C,YDR277C,0,-0.3326385,0.08008898794651031,0.34285715222358704,0.3938095271587372
YLR201C,YMR305C,0,-0.33265337,0.07999999821186066,0.34285715222358704,0.3942857086658478
YNL262W,YIL062C,0,-0.3326908,0.07991120964288712,0.34285715222358704,0.3947618901729584
YOR004W,YDR027C,0,-0.33361405,0.0798226147890091,0.34285715222358704,0.39523810148239136
YLR117C,YLR285W,0,-0.33379167,0.07973422110080719,0.34285715222358704,0.39571428298950195
YLL013C,YDR277C,0,-0.3341273,0.0796460211277008,0.34285715222358704,0.39619046449661255
YGL126W,YKL189W,0,-0.33425015,0.07955800741910934,0.34285715222358704,0.39666667580604553
YLR259C,YLR242C,0,-0.33478028,0.0794702023267746,0.34285715222358704,0.39714285731315613
YCR091W,YGL124C,0,-0.33529288,0.07938258349895477,0.34285715222358704,0.3976190388202667
YER122C,YPR067W,0,-0.33557412,0.07929515093564987,0.34285715222358704,0.3980952501296997
YJR077C,YDR293C,0,-0.33612192,0.07920791953802109,0.34285715222358704,0.3985714316368103
YPL046C,YOR160W,0,-0.336526,0.07912088185548782,0.34285715222358704,0.3990476131439209
YGL245W,YBL013W,1,-0.33677253,0.08013172447681427,0.34761905670166016,0.3990476131439209
YML047C,YFR040W,0,-0.33691847,0.08004385977983475,0.34761905670166016,0.3995237946510315
YFR047C,YNL328C,0,-0.33696643,0.07995618879795074,0.34761905670166016,0.4000000059604645
YDR425W,YOR338W,0,-0.33702892,0.07986871153116226,0.34761905670166016,0.4004761874675751
YFR052W,YHR204W,0,-0.33732036,0.0797814205288887,0.34761905670166016,0.40095236897468567
YDR255C,YNL250W,0,-0.33795485,0.07969432324171066,0.34761905670166016,0.40142858028411865
YHL003C,YJL090C,0,-0.3382076,0.07960741221904755,0.34761905670166016,0.40190476179122925
YDR131C,YMR164C,0,-0.3386629,0.07952069491147995,0.34761905670166016,0.40238094329833984
YJR045C,YBR275C,0,-0.33901405,0.07943416386842728,0.34761905670166016,0.4028571546077728
YML023C,YIL034C,0,-0.3394924,0.07934782654047012,0.34761905670166016,0.4033333361148834
YPL265W,YPL188W,0,-0.33955646,0.0792616754770279,0.34761905670166016,0.403809517621994
YEL029C,YOL145C,0,-0.33965796,0.07917570322751999,0.34761905670166016,0.404285728931427
YGR225W,YDR364C,0,-0.34036258,0.0790899246931076,0.34761905670166016,0.4047619104385376
YPL019C,YBL005W,0,-0.34043953,0.07900433242321014,0.34761905670166016,0.4052380919456482
YMR227C,YBL023C,0,-0.34128034,0.07891891896724701,0.34761905670166016,0.4057142734527588
YOR230W,YMR052W,0,-0.34134293,0.0788336917757988,0.34761905670166016,0.4061904847621918
YGR147C,YJL141C,0,-0.34180135,0.07874865084886551,0.34761905670166016,0.40666666626930237
YOL033W,YBL013W,1,-0.3418037,0.07974138110876083,0.3523809611797333,0.40666666626930237
YOR095C,YGL143C,0,-0.3420514,0.07965554296970367,0.3523809611797333,0.40714284777641296
YHR163W,YOL113W,0,-0.3428778,0.07956989109516144,0.3523809611797333,0.40761905908584595
YOL101C,YGL099W,0,-0.34324402,0.07948442548513412,0.3523809611797333,0.40809524059295654
YKL055C,YOL158C,0,-0.34345394,0.07939913868904114,0.3523809611797333,0.40857142210006714
YAL032C,YNL039W,0,-0.34402436,0.07931403815746307,0.3523809611797333,0.4090476334095001
YLR193C,YIL123W,0,-0.34489945,0.07922912389039993,0.3523809611797333,0.4095238149166107
YBR279W,YAL044C,0,-0.34554523,0.07914438843727112,0.3523809611797333,0.4099999964237213
YNL246W,YKR076W,0,-0.34617382,0.07905983179807663,0.3523809611797333,0.4104761779308319
YOR243C,YKL213C,0,-0.34650987,0.07897545397281647,0.3523809611797333,0.4109523892402649
YPR162C,YDL188C,0,-0.34651864,0.07889125496149063,0.3523809611797333,0.4114285707473755
YOL128C,YBR105C,0,-0.34667245,0.07880724221467972,0.3523809611797333,0.4119047522544861
YMR198W,YGR020C,0,-0.3470652,0.07872340083122253,0.3523809611797333,0.41238096356391907
YOL095C,YNL245C,0,-0.3471306,0.07863974571228027,0.3523809611797333,0.41285714507102966
YDL229W,YMR277W,0,-0.3482321,0.07855626195669174,0.3523809611797333,0.41333332657814026
YGL105W,YKL194C,1,-0.3484128,0.0795334056019783,0.3571428656578064,0.41333332657814026
YDR148C,YJR137C,0,-0.3485018,0.07944915443658829,0.3571428656578064,0.41380953788757324
YHR116W,YPL202C,0,-0.3486057,0.0793650820851326,0.3571428656578064,0.41428571939468384
YDR517W,YHR148W,0,-0.34876877,0.07928118109703064,0.3571428656578064,0.41476190090179443
YOR033C,YER073W,0,-0.34918895,0.0791974663734436,0.3571428656578064,0.41523808240890503
YDR263C,YJR052W,0,-0.34950963,0.0791139230132103,0.3571428656578064,0.415714293718338
YOL126C,YLL008W,0,-0.34995902,0.07903055846691132,0.3571428656578064,0.4161904752254486
YHR150W,YBR290W,0,-0.35029253,0.07894736528396606,0.3571428656578064,0.4166666567325592
YHR135C,YBR296C,0,-0.3505115,0.07886435091495514,0.3571428656578064,0.4171428680419922
YIL048W,YCR034W,0,-0.35087907,0.07878151535987854,0.3571428656578064,0.4176190495491028
YDR037W,YKL194C,1,-0.35095137,0.07974816113710403,0.3619047701358795,0.4176190495491028
YGR212W,YER111C,0,-0.35118663,0.07966457307338715,0.3619047701358795,0.4180952310562134
YGL209W,YDR424C,0,-0.35133725,0.07958114892244339,0.3619047701358795,0.41857144236564636
YIL018W,YDR435C,0,-0.35213548,0.07949791103601456,0.3619047701358795,0.41904762387275696
YPL091W,YAR031W,0,-0.35222012,0.07941483706235886,0.3619047701358795,0.41952380537986755
YPR137W,YOR020C,0,-0.3524682,0.07933194190263748,0.3619047701358795,0.41999998688697815
YGR252W,YGR166W,0,-0.3531115,0.07924921810626984,0.3619047701358795,0.42047619819641113
YML007W,YNR038W,0,-0.35315096,0.07916666567325592,0.3619047701358795,0.42095237970352173
YGR097W,YNL330C,0,-0.3533848,0.07908428460359573,0.3619047701358795,0.4214285612106323
YLR009W,YOR112W,0,-0.35373604,0.07900208234786987,0.3619047701358795,0.4219047725200653
YJL156C,YHR041C,0,-0.35527176,0.07892004400491714,0.3619047701358795,0.4223809540271759
YCL054W,YBR234C,0,-0.35637113,0.07883817702531815,0.3619047701358795,0.4228571355342865
YDR480W,YDR079W,0,-0.3565035,0.07875647395849228,0.3619047701358795,0.4233333468437195
YKR061W,YMR012W,0,-0.35656595,0.07867494970560074,0.3619047701358795,0.4238095283508301
YLR131C,YPR018W,0,-0.3568374,0.07859358936548233,0.3619047701358795,0.4242857098579407
YDL087C,YKL192C,0,-0.35701784,0.07851240038871765,0.3619047701358795,0.42476189136505127
YPL221W,YGL173C,0,-0.35714525,0.0784313753247261,0.3619047701358795,0.42523810267448425
YGL019W,YPL209C,0,-0.35738176,0.07835051417350769,0.3619047701358795,0.42571428418159485
YOR208W,YKL160W,0,-0.35750324,0.078269824385643,0.3619047701358795,0.42619046568870544
YLR423C,YDR301W,0,-0.35751382,0.07818929851055145,0.3619047701358795,0.4266666769981384
YMR050C,YPL076W,0,-0.35770988,0.07810894399881363,0.3619047701358795,0.427142858505249
YPL040C,YGR171C,1,-0.35795516,0.07905544340610504,0.36666667461395264,0.427142858505249
YJL186W,YCL029C,0,-0.35816634,0.07897435873746872,0.36666667461395264,0.4276190400123596
YPR140W,YKR079C,0,-0.35835934,0.07889344543218613,0.36666667461395264,0.4280952513217926
YMR301C,YCR020W-B,0,-0.3586758,0.07881268858909607,0.36666667461395264,0.4285714328289032
YOL008W,YER111C,0,-0.35896957,0.07873210310935974,0.36666667461395264,0.4290476143360138
YOR332W,YDL231C,0,-0.35912234,0.07865168899297714,0.36666667461395264,0.4295237958431244
YJL186W,YER061C,0,-0.3594235,0.07857143133878708,0.36666667461395264,0.4300000071525574
YJL207C,YGR156W,0,-0.3598779,0.07849133759737015,0.36666667461395264,0.43047618865966797
YOR221C,YIL119C,0,-0.36006615,0.07841140776872635,0.36666667461395264,0.43095237016677856
YDR131C,YGL033W,0,-0.36006844,0.07833163440227509,0.36666667461395264,0.43142858147621155
YFR027W,YML052W,0,-0.3601936,0.07825203239917755,0.36666667461395264,0.43190476298332214
YJL148W,YBR065C,0,-0.3603326,0.07817258685827255,0.36666667461395264,0.43238094449043274
YHR015W,YBR091C,0,-0.36063966,0.07809330523014069,0.36666667461395264,0.4328571557998657
YPL151C,YBR093C,0,-0.36064014,0.07801418751478195,0.36666667461395264,0.4333333373069763
YOR304W,YNL038W,0,-0.36104816,0.07793522626161575,0.36666667461395264,0.4338095188140869
YHL003C,YPL265W,0,-0.36105233,0.07785642147064209,0.36666667461395264,0.4342857003211975
YOL016C,YNR064C,0,-0.36154985,0.07777778059244156,0.36666667461395264,0.4347619116306305
YOR187W,YGR238C,0,-0.3617276,0.07769929617643356,0.36666667461395264,0.4352380931377411
YER105C,YKL062W,0,-0.36230356,0.0776209682226181,0.36666667461395264,0.4357142746448517
YAR019C,YBL034C,0,-0.36248684,0.07754279673099518,0.36666667461395264,0.43619048595428467
YAL003W,YOL069W,0,-0.36281258,0.07746478915214539,0.36666667461395264,0.43666666746139526
YCR065W,YNL210W,0,-0.3632347,0.07738693803548813,0.36666667461395264,0.43714284896850586
YOR295W,YMR316W,0,-0.36361462,0.07730923593044281,0.36666667461395264,0.43761906027793884
YDR198C,YER019W,0,-0.3636484,0.07723169773817062,0.36666667461395264,0.43809524178504944
YJR112W,YNL325C,0,-0.3636555,0.07715430855751038,0.36666667461395264,0.43857142329216003
YDR335W,YMR127C,0,-0.36401987,0.07707707583904266,0.36666667461395264,0.43904760479927063
YDR091C,YHR001W,0,-0.36423796,0.07699999958276749,0.36666667461395264,0.4395238161087036
YNL097C,YGR030C,0,-0.36482528,0.07692307978868484,0.36666667461395264,0.4399999976158142
YAL024C,YOR330C,0,-0.3649975,0.07684630900621414,0.36666667461395264,0.4404761791229248
YPR056W,YMR117C,0,-0.36686337,0.07676968723535538,0.36666667461395264,0.4409523904323578
YNL259C,YGL028C,0,-0.3668756,0.07669322937726974,0.36666667461395264,0.4414285719394684
YLR196W,YNL082W,0,-0.3668772,0.07661691308021545,0.36666667461395264,0.441904753446579
YGL145W,YBR037C,0,-0.36688846,0.0765407532453537,0.36666667461395264,0.44238096475601196
YDR384C,YJL207C,0,-0.36738336,0.07646474987268448,0.36666667461395264,0.44285714626312256
YJL194W,YBR177C,0,-0.36788043,0.0763888880610466,0.36666667461395264,0.44333332777023315
YNL038W,YBR117C,0,-0.36914527,0.07631318271160126,0.36666667461395264,0.44380950927734375
YJL053W,YIR017C,0,-0.3697456,0.07623762637376785,0.36666667461395264,0.44428572058677673
YGR095C,YOR316C,0,-0.36978334,0.07616221904754639,0.36666667461395264,0.44476190209388733
YGL245W,YKL194C,1,-0.37051043,0.07707510143518448,0.37142857909202576,0.44476190209388733
YJL090C,YCR060W,0,-0.37085205,0.07699901610612869,0.37142857909202576,0.4452380836009979
YDR212W,YKL062W,0,-0.3710339,0.07692307978868484,0.37142857909202576,0.4457142949104309
YGR178C,YIL139C,0,-0.3710885,0.07684729248285294,0.37142857909202576,0.4461904764175415
YLR098C,YNR053C,0,-0.3711827,0.07677165418863297,0.37142857909202576,0.4466666579246521
YBR087W,YGL133W,0,-0.37122616,0.07669616490602493,0.37142857909202576,0.4471428692340851
YDR198C,YNL327W,0,-0.3712703,0.07662082463502884,0.37142857909202576,0.4476190507411957
YKL194C,YBL013W,1,-0.37261847,0.0775269865989685,0.3761904835700989,0.4476190507411957
YKL041W,YOR137C,0,-0.37274545,0.07745098322629929,0.3761904835700989,0.4480952322483063
YPL275W,YKL149C,0,-0.37277055,0.07737512141466141,0.3761904835700989,0.44857141375541687
YBR218C,YPL115C,0,-0.37290514,0.07729941606521606,0.3761904835700989,0.44904762506484985
YGL244W,YCL010C,0,-0.37347445,0.07722385227680206,0.3761904835700989,0.44952380657196045
YDR164C,YBR214W,0,-0.37442577,0.0771484375,0.3761904835700989,0.44999998807907104
YGL245W,YPL097W,1,-0.37464622,0.07804878056049347,0.380952388048172,0.44999998807907104
YBR129C,YGL058W,0,-0.3749387,0.07797271013259888,0.380952388048172,0.45047619938850403
YBR244W,YML092C,0,-0.37499717,0.07789678871631622,0.380952388048172,0.4509523808956146
YLR272C,YBL003C,0,-0.3750304,0.07782100886106491,0.380952388048172,0.4514285624027252
YJR035W,YDL130W-A,0,-0.37513018,0.07774538546800613,0.380952388048172,0.4519047737121582
YPL232W,YHR016C,0,-0.37542832,0.0776699036359787,0.380952388048172,0.4523809552192688
YPR133W-A,YJR135W-A,0,-0.37604228,0.0775945708155632,0.380952388048172,0.4528571367263794
YNL219C,YGR080W,0,-0.37604713,0.07751937955617905,0.380952388048172,0.4533333480358124
YJL061W,YCL074W,0,-0.37622064,0.07744433730840683,0.380952388048172,0.453809529542923
YDL128W,YGL168W,0,-0.37635833,0.07736943662166595,0.380952388048172,0.45428571105003357
YPL082C,YOR229W,0,-0.37641823,0.07729468494653702,0.380952388048172,0.45476189255714417
YNL012W,YBL056W,0,-0.3766839,0.07722007483243942,0.380952388048172,0.45523810386657715
YPL283C,YML027W,0,-0.37674364,0.07714561372995377,0.380952388048172,0.45571428537368774
YHR096C,YDR140W,0,-0.37685147,0.07707129418849945,0.380952388048172,0.45619046688079834
YPL210C,YCL066W,0,-0.37767923,0.07699711620807648,0.380952388048172,0.4566666781902313
YLR085C,YLR039C,0,-0.3777597,0.07692307978868484,0.380952388048172,0.4571428596973419
YNL257C,YMR037C,0,-0.37872398,0.07684918493032455,0.380952388048172,0.4576190412044525
YOL033W,YGR094W,1,-0.3787527,0.07773512601852417,0.3857142925262451,0.4576190412044525
YER020W,YKL152C,0,-0.37885952,0.07766059786081314,0.3857142925262451,0.4580952525138855
YPR113W,YAR008W,0,-0.37920943,0.07758620381355286,0.3857142925262451,0.4585714340209961
YGL257C,YNL245C,0,-0.3792184,0.07751195877790451,0.3857142925262451,0.4590476155281067
YPL170W,YMR061W,0,-0.3796332,0.0774378553032875,0.3857142925262451,0.4595237970352173
YNL091W,YKL119C,0,-0.3805992,0.07736389338970184,0.3857142925262451,0.46000000834465027
YKL213C,YPL241C,0,-0.38135934,0.07729007303714752,0.3857142925262451,0.46047618985176086
YDR545W,YML077W,0,-0.38161796,0.07721639424562454,0.3857142925262451,0.46095237135887146
YOR058C,YPL010W,0,-0.3822442,0.0771428570151329,0.3857142925262451,0.46142858266830444
YPL253C,YPL152W,0,-0.38228074,0.07706946134567261,0.3857142925262451,0.46190476417541504
YPR006C,YMR173W,0,-0.38252982,0.07699619978666306,0.3857142925262451,0.46238094568252563
YPL144W,YLR145W,0,-0.3826546,0.07692307978868484,0.3857142925262451,0.4628571569919586
YAL038W,YIL065C,0,-0.3828994,0.07685009390115738,0.3857142925262451,0.4633333384990692
YER020W,YDR372C,0,-0.38332516,0.07677724957466125,0.3857142925262451,0.4638095200061798
YLR256W,YFL039C,0,-0.3836611,0.07670454680919647,0.3857142925262451,0.4642857015132904
YER174C,YPR198W,0,-0.3836726,0.07663197815418243,0.3857142925262451,0.4647619128227234
YLR201C,YKL068W,0,-0.3840448,0.07655954360961914,0.3857142925262451,0.465238094329834
YPR181C,YER009W,0,-0.38439506,0.07648725062608719,0.3857142925262451,0.4657142758369446
YIL063C,YJL122W,0,-0.38500267,0.07641509175300598,0.3857142925262451,0.46619048714637756
YBR200W,YMR247C,0,-0.3850114,0.07634307444095612,0.3857142925262451,0.46666666865348816
YML007W,YKR099W,0,-0.38532025,0.0762711837887764,0.3857142925262451,0.46714285016059875
YNL075W,YOR221C,0,-0.3855667,0.07619943469762802,0.3857142925262451,0.46761906147003174
YDL153C,YEL017C-A,0,-0.385668,0.07612781971693039,0.3857142925262451,0.46809524297714233
YER072W,YOR210W,0,-0.38576925,0.0760563388466835,0.3857142925262451,0.46857142448425293
YDR486C,YJR160C,0,-0.38606086,0.07598499208688736,0.3857142925262451,0.4690476059913635
YDL004W,YJL045W,0,-0.38668466,0.07591377943754196,0.3857142925262451,0.4695238173007965
YLR009W,YHL024W,0,-0.3872258,0.07584269344806671,0.3857142925262451,0.4699999988079071
YDL194W,YJR126C,0,-0.38733953,0.0757717490196228,0.3857142925262451,0.4704761803150177
YJL045W,YNL239W,0,-0.38805604,0.07570093125104904,0.3857142925262451,0.4709523916244507
YMR284W,YDL245C,0,-0.38818824,0.07563025504350662,0.3857142925262451,0.4714285731315613
YCR067C,YPL135W,0,-0.3889212,0.07555969804525375,0.3857142925262451,0.4719047546386719
YCR061W,YOR201C,0,-0.38907492,0.07548928260803223,0.3857142925262451,0.47238096594810486
YGL191W,YBL033C,0,-0.3892581,0.07541899383068085,0.3857142925262451,0.47285714745521545
YER082C,YJR135W-A,0,-0.3894586,0.07534883916378021,0.3857142925262451,0.47333332896232605
YJL201W,YOR188W,0,-0.38994455,0.07527881115674973,0.3857142925262451,0.47380951046943665
YEL003W,YER095W,0,-0.3904358,0.07520891726016998,0.3857142925262451,0.47428572177886963
YOR074C,YMR049C,0,-0.3917633,0.07513915002346039,0.3857142925262451,0.4747619032859802
YLR396C,YMR079W,0,-0.39194453,0.07506950944662094,0.3857142925262451,0.4752380847930908
YIL135C,YER114C,0,-0.39196715,0.07500000298023224,0.3857142925262451,0.4757142961025238
YMR235C,YER119C,0,-0.39226744,0.07493062317371368,0.3857142925262451,0.4761904776096344
YGL144C,YPL195W,0,-0.3923099,0.07486137002706528,0.3857142925262451,0.476666659116745
YKR072C,YLR304C,0,-0.39238277,0.07479224354028702,0.3857142925262451,0.477142870426178
YGR165W,YOR160W,0,-0.3924506,0.0747232437133789,0.3857142925262451,0.4776190519332886
YCR088W,YMR076C,0,-0.3925213,0.07465437799692154,0.3857142925262451,0.47809523344039917
YIR041W,YPL265W,0,-0.39259663,0.07458563894033432,0.3857142925262451,0.47857141494750977
YOR316C,YHR139C,0,-0.39289284,0.07451701909303665,0.3857142925262451,0.47904762625694275
YBR280C,YAR007C,0,-0.39293325,0.07444852590560913,0.3857142925262451,0.47952380776405334
YOL086C,YNR032W,0,-0.3936312,0.07438016682863235,0.3857142925262451,0.47999998927116394
YLR453C,YDL231C,0,-0.394941,0.07431192696094513,0.3857142925262451,0.4804762005805969
YCL066W,YDL212W,0,-0.39504704,0.07424381375312805,0.3857142925262451,0.4809523820877075
YKL194C,YPR033C,1,-0.39532304,0.07509157806634903,0.39047619700431824,0.4809523820877075
YER024W,YGR193C,0,-0.39601147,0.0750228762626648,0.39047619700431824,0.4814285635948181
YFR027W,YJR160C,0,-0.3962193,0.07495429366827011,0.39047619700431824,0.4819047749042511
YBL005W-A,YMR322C,0,-0.3963226,0.07488584518432617,0.39047619700431824,0.4823809564113617
YDR236C,YMR091C,0,-0.39670056,0.07481751590967178,0.39047619700431824,0.4828571379184723
YOR362C,YFL003C,0,-0.39684978,0.07474931329488754,0.39047619700431824,0.4833333194255829
YLR320W,YKR097W,0,-0.3970695,0.07468123733997345,0.39047619700431824,0.48380953073501587
YNL257C,YKL112W,0,-0.3972734,0.0746132880449295,0.39047619700431824,0.48428571224212646
YKL079W,YDR369C,0,-0.3973304,0.07454545795917511,0.39047619700431824,0.48476189374923706
YDL147W,YMR134W,0,-0.39779717,0.07447774708271027,0.39047619700431824,0.48523810505867004
YDL213C,YDR170C,0,-0.3978684,0.07441016286611557,0.39047619700431824,0.48571428656578064
YKL139W,YLR384C,0,-0.39812523,0.07434270530939102,0.39047619700431824,0.48619046807289124
YPL040C,YPR081C,1,-0.39833838,0.07518115639686584,0.39523810148239136,0.48619046807289124
YKL025C,YBL039C,0,-0.39840665,0.07511312514543533,0.39523810148239136,0.4866666793823242
YPR074C,YGR091W,0,-0.3984597,0.07504520565271378,0.39523810148239136,0.4871428608894348
YDL024C,YOL031C,0,-0.398505,0.07497741281986237,0.39523810148239136,0.4876190423965454
YKL089W,YDR120C,0,-0.39892402,0.0749097466468811,0.39523810148239136,0.488095223903656
YFL017W-A,YNR030W,0,-0.39970207,0.07484219968318939,0.39523810148239136,0.488571435213089
YPL040C,YPL097W,1,-0.3998279,0.07567567378282547,0.4000000059604645,0.488571435213089
YNL029C,YOL121C,0,-0.40042734,0.07560756057500839,0.4000000059604645,0.4890476167201996
YOR206W,YOR068C,0,-0.40047812,0.07553956657648087,0.4000000059604645,0.4895237982273102
YDR306C,YCR044C,0,-0.40083295,0.07547169923782349,0.4000000059604645,0.49000000953674316
YPR133W-A,YNL075W,0,-0.40124834,0.07540395110845566,0.4000000059604645,0.49047619104385376
YOR335C,YPR081C,1,-0.40183768,0.07623318582773209,0.4047619104385376,0.49047619104385376
YLR135W,YNL275W,0,-0.40197223,0.07616487145423889,0.4047619104385376,0.49095237255096436
YDL015C,YPL061W,0,-0.4020927,0.07609669119119644,0.4047619104385376,0.49142858386039734
YDR322C-A,YLR005W,0,-0.40229326,0.07602862268686295,0.4047619104385376,0.49190476536750793
YFL037W,YHR067W,0,-0.40299624,0.0759606808423996,0.4047619104385376,0.49238094687461853
YDR263C,YJL035C,0,-0.40302464,0.0758928582072258,0.4047619104385376,0.4928571283817291
YPR183W,YBR260C,0,-0.40309843,0.07582515478134155,0.4047619104385376,0.4933333396911621
YCL069W,YDR170C,0,-0.40314004,0.07575757801532745,0.4047619104385376,0.4938095211982727
YNL119W,YBR186W,0,-0.4032695,0.07569011300802231,0.4047619104385376,0.4942857027053833
YDR115W,YPL098C,0,-0.40381092,0.07562277466058731,0.4047619104385376,0.4947619140148163
YHL036W,YKL122C,0,-0.4039067,0.07555555552244186,0.4047619104385376,0.4952380955219269
YDR072C,YJL061W,0,-0.40395683,0.07548845559358597,0.4047619104385376,0.4957142770290375
YIR041W,YGR091W,0,-0.4041742,0.07542147487401962,0.4047619104385376,0.49619048833847046
YDR341C,YLR382C,1,-0.4049978,0.076241135597229,0.4095238149166107,0.49619048833847046
YLR228C,YCR057C,0,-0.40591693,0.07617360353469849,0.4095238149166107,0.49666666984558105
YBR039W,YNL329C,0,-0.4059685,0.07610619813203812,0.4095238149166107,0.49714285135269165
YMR179W,YMR218C,0,-0.40657207,0.0760389044880867,0.4095238149166107,0.49761903285980225
YDR153C,YLR316C,0,-0.4067922,0.07597173005342484,0.4095238149166107,0.49809524416923523
YCL001W,YCR081W,0,-0.4068827,0.07590467482805252,0.4095238149166107,0.4985714256763458
YGR252W,YLL031C,0,-0.407194,0.07583773881196976,0.4095238149166107,0.4990476071834564
YDR518W,YNL090W,0,-0.40731868,0.07577092200517654,0.4095238149166107,0.4995238184928894
YML113W,YML127W,0,-0.40792578,0.07570422440767288,0.4095238149166107,0.5
YDR079C-A,YEL027W,0,-0.4081827,0.07563764601945877,0.4095238149166107,0.5004761815071106
YER002W,YHL034C,0,-0.4082445,0.07557117938995361,0.4095238149166107,0.5009523630142212
YDR192C,YHR001W,0,-0.40860897,0.075504831969738,0.4095238149166107,0.5014285445213318
YAL032C,YLR242C,0,-0.4090642,0.07543859630823135,0.4095238149166107,0.5019047856330872
YGL124C,YIL105C,0,-0.4099052,0.07537247985601425,0.4095238149166107,0.5023809671401978
YPL147W,YOR174W,0,-0.41005644,0.0753064826130867,0.4095238149166107,0.5028571486473083
YDL002C,YGR181W,0,-0.4106018,0.0752405971288681,0.4095238149166107,0.503333330154419
YNL318C,YBR193C,0,-0.41126555,0.07517482340335846,0.4095238149166107,0.5038095116615295
YFR002W,YIL051C,0,-0.4115318,0.07510916888713837,0.4095238149166107,0.5042856931686401
YPR190C,YGR132C,0,-0.4118149,0.07504363358020782,0.4095238149166107,0.5047619342803955
YNL145W,YPL036W,0,-0.41217667,0.07497820258140564,0.4095238149166107,0.5052381157875061
YPL195W,YOR307C,0,-0.41306376,0.074912890791893,0.4095238149166107,0.5057142972946167
YPL040C,YFL022C,1,-0.4142097,0.07571801543235779,0.41428571939468384,0.5057142972946167
YNL275W,YNL091W,0,-0.41437554,0.07565217465162277,0.41428571939468384,0.5061904788017273
YCL051W,YBR070C,0,-0.41473,0.07558644562959671,0.41428571939468384,0.5066666603088379
YGL032C,YER151C,0,-0.41473845,0.0755208358168602,0.41428571939468384,0.5071428418159485
YOR362C,YML043C,0,-0.41509414,0.07545533031225204,0.41428571939468384,0.5076190233230591
YIL013C,YBR273C,0,-0.41566557,0.07538995146751404,0.41428571939468384,0.5080952644348145
YOR007C,YML034W,0,-0.4156798,0.07532467693090439,0.41428571939468384,0.508571445941925
YML013W,YPL042C,0,-0.41572654,0.07525951415300369,0.41428571939468384,0.5090476274490356
YHR086W,YOL113W,0,-0.41617557,0.07519447058439255,0.41428571939468384,0.5095238089561462
YIL046W,YKR025W,0,-0.4171608,0.07512953132390976,0.41428571939468384,0.5099999904632568
YBR290W,YDL083C,0,-0.4175314,0.07506471127271652,0.41428571939468384,0.5104761719703674
YPL130W,YPL152W,0,-0.41810316,0.07500000298023224,0.41428571939468384,0.510952353477478
YLR212C,YOL008W,0,-0.4181999,0.07493539899587631,0.41428571939468384,0.5114285945892334
YDR343C,YKL032C,0,-0.4184611,0.07487091422080994,0.41428571939468384,0.511904776096344
YMR267W,YKL101W,0,-0.4184724,0.07480653375387192,0.41428571939468384,0.5123809576034546
YPL234C,YKR054C,0,-0.4186099,0.07474226504564285,0.41428571939468384,0.5128571391105652
YER008C,YER122C,0,-0.41907853,0.07467810809612274,0.41428571939468384,0.5133333206176758
YLR068W,YMR061W,0,-0.4198252,0.07461406290531158,0.41428571939468384,0.5138095021247864
YPL130W,YHR056C,0,-0.42021534,0.07455012947320938,0.41428571939468384,0.5142857432365417
YAL024C,YGR070W,0,-0.42045838,0.07448630034923553,0.41428571939468384,0.5147619247436523
YER006W,YOR354C,0,-0.42070496,0.07442258298397064,0.41428571939468384,0.5152381062507629
YAR031W,YLR193C,0,-0.4207768,0.0743589773774147,0.41428571939468384,0.5157142877578735
YDR039C,YPL015C,0,-0.4209242,0.07429547607898712,0.41428571939468384,0.5161904692649841
YLR423C,YNL045W,0,-0.42125463,0.0742320790886879,0.41428571939468384,0.5166666507720947
YGR041W,YAL021C,0,-0.4222526,0.07416880130767822,0.41428571939468384,0.5171428322792053
YLR355C,YGR244C,0,-0.4236479,0.07410562038421631,0.41428571939468384,0.5176190733909607
YGL025C,YMR322C,0,-0.4236539,0.07404255121946335,0.41428571939468384,0.5180952548980713
YJR131W,YDL130W-A,0,-0.42373526,0.07397959381341934,0.41428571939468384,0.5185714364051819
YDR490C,YPR122W,0,-0.42406985,0.07391674071550369,0.41428571939468384,0.5190476179122925
YDR182W,YOR359W,0,-0.42443526,0.0738539919257164,0.41428571939468384,0.5195237994194031
YER166W,YGL252C,0,-0.42446417,0.07379134744405746,0.41428571939468384,0.5199999809265137
YBR165W,YOL011W,0,-0.42455286,0.07372881472110748,0.41428571939468384,0.5204761624336243
YOR328W,YPL195W,0,-0.4248632,0.07366638630628586,0.41428571939468384,0.5209524035453796
YOR172W,YIL144W,0,-0.4250418,0.07360406219959259,0.41428571939468384,0.5214285850524902
YMR112C,YLR417W,0,-0.425057,0.07354184240102768,0.41428571939468384,0.5219047665596008
YDR363W,YPR199C,0,-0.4251486,0.07347972691059113,0.41428571939468384,0.5223809480667114
YDR517W,YMR096W,0,-0.42541522,0.07341772317886353,0.41428571939468384,0.522857129573822
YBR080C,YLR350W,0,-0.42602146,0.07335581630468369,0.41428571939468384,0.5233333110809326
YCR026C,YJL003W,0,-0.42610854,0.0732940211892128,0.41428571939468384,0.523809552192688
YNL259C,YJL019W,0,-0.42662323,0.07323232293128967,0.41428571939468384,0.5242857336997986
YPL151C,YCR024C-A,0,-0.4268283,0.0731707289814949,0.41428571939468384,0.5247619152069092
YKL020C,YOR344C,0,-0.42701614,0.07310924679040909,0.41428571939468384,0.5252380967140198
YJL024C,YIR005W,0,-0.4272138,0.07304786145687103,0.41428571939468384,0.5257142782211304
YPL160W,YLR382C,1,-0.42748404,0.07382550090551376,0.41904762387275696,0.5257142782211304
YPR034W,YOR067C,0,-0.42771643,0.07376362383365631,0.41904762387275696,0.526190459728241
YOR344C,YDR057W,0,-0.4296208,0.07370184361934662,0.41904762387275696,0.5266666412353516
YDR322C-A,YJR019C,0,-0.42969084,0.07364016771316528,0.41904762387275696,0.5271428823471069
YDL209C,YNR007C,0,-0.42970392,0.0735785961151123,0.41904762387275696,0.5276190638542175
YPL008W,YPL187W,0,-0.4309408,0.07351712882518768,0.41904762387275696,0.5280952453613281
YDL024C,YDL078C,0,-0.43113405,0.07345575839281082,0.41904762387275696,0.5285714268684387
YER154W,YGL001C,0,-0.43208262,0.07339449226856232,0.41904762387275696,0.5290476083755493
YNR043W,YHR088W,0,-0.43215877,0.07333333045244217,0.41904762387275696,0.5295237898826599
YML032C,YLL038C,0,-0.43240714,0.07327227294445038,0.41904762387275696,0.5299999713897705
YPR161C,YEL019C,0,-0.43246114,0.07321131229400635,0.41904762387275696,0.5304762125015259
YAL030W,YJL145W,0,-0.4329052,0.07315045595169067,0.41904762387275696,0.5309523940086365
YNL290W,YHR016C,0,-0.43306863,0.07308970391750336,0.41904762387275696,0.5314285755157471
YPL210C,YNR074C,0,-0.43348873,0.0730290487408638,0.41904762387275696,0.5319047570228577
YKL045W,YAL054C,0,-0.43409204,0.072968490421772,0.41904762387275696,0.5323809385299683
YER159C,YNL329C,0,-0.4345576,0.07290803641080856,0.41904762387275696,0.5328571200370789
YCR020W-B,YNL298W,0,-0.4345647,0.07284767925739288,0.41904762387275696,0.5333333611488342
YNL070W,YCR053W,0,-0.43482518,0.07278742641210556,0.41904762387275696,0.5338095426559448
YOR089C,YKL040C,0,-0.43519452,0.072727270424366,0.41904762387275696,0.5342857241630554
YGL105W,YPR081C,1,-0.4355539,0.07349298149347305,0.4238095283508301,0.5342857241630554
YCR038C,YBL064C,0,-0.43595618,0.07343234121799469,0.4238095283508301,0.534761905670166
YNL248C,YKL220C,0,-0.4360833,0.07337180525064468,0.4238095283508301,0.5352380871772766
YPL248C,YPL128C,0,-0.4363839,0.07331136614084244,0.4238095283508301,0.5357142686843872
YJL011C,YOR322C,0,-0.43644956,0.07325103133916855,0.4238095283508301,0.5361904501914978
YOR231W,YDL197C,0,-0.43655112,0.07319078594446182,0.4238095283508301,0.5366666913032532
YDR072C,YBR154C,0,-0.4368329,0.07313065230846405,0.4238095283508301,0.5371428728103638
YKL051W,YLR357W,0,-0.43699083,0.07307060807943344,0.4238095283508301,0.5376190543174744
YHR175W,YBR205W,0,-0.43747377,0.07301066815853119,0.4238095283508301,0.538095235824585
YDR182W,YBR091C,0,-0.43771625,0.0729508176445961,0.4238095283508301,0.5385714173316956
YAL054C,YGR247W,0,-0.43775028,0.07289107143878937,0.4238095283508301,0.5390475988388062
YGR238C,YIL034C,0,-0.43799785,0.0728314220905304,0.4238095283508301,0.5395237803459167
YDL198C,YKL032C,0,-0.4383047,0.07277186959981918,0.4238095283508301,0.5400000214576721
YER117W,YJL033W,0,-0.43843192,0.07271242141723633,0.4238095283508301,0.5404762029647827
YOL027C,YHR098C,0,-0.43881652,0.07265306264162064,0.4238095283508301,0.5409523844718933
YDR341C,YKL194C,1,-0.43948555,0.07340946048498154,0.4285714328289032,0.5409523844718933
YAL023C,YCR073W-A,0,-0.43963316,0.07334963232278824,0.4285714328289032,0.5414285659790039
YDR073W,YOL129W,0,-0.43974328,0.0732899010181427,0.4285714328289032,0.5419047474861145
YLR139C,YIL119C,0,-0.43990943,0.07323026657104492,0.4285714328289032,0.5423809289932251
YOR168W,YGL245W,1,-0.44010928,0.07398373633623123,0.4333333373069763,0.5423809289932251
YPR104C,YMR241W,0,-0.44104776,0.07392363995313644,0.4333333373069763,0.5428571701049805
YOR002W,YOL023W,0,-0.44177037,0.07386363297700882,0.4333333373069763,0.5433333516120911
YBR135W,YBL074C,0,-0.4419892,0.07380373030900955,0.4333333373069763,0.5438095331192017
YDR054C,YDR224C,0,-0.44229794,0.07374392449855804,0.4333333373069763,0.5442857146263123
YNL145W,YGL226C-A,0,-0.44239578,0.0736842080950737,0.4333333373069763,0.5447618961334229
YLL038C,YBL018C,0,-0.44319415,0.07362459599971771,0.4333333373069763,0.5452380776405334
YFL048C,YIL122W,0,-0.44338065,0.07356507331132889,0.4333333373069763,0.545714259147644
YPR036W,YBR228W,0,-0.44357195,0.07350565493106842,0.4333333373069763,0.5461905002593994
YNL326C,YJL008C,0,-0.44391292,0.07344632595777512,0.4333333373069763,0.54666668176651
YDR101C,YDL170W,0,-0.444197,0.07338709384202957,0.4333333373069763,0.5471428632736206
YOL082W,YOL127W,0,-0.445309,0.07332795858383179,0.4333333373069763,0.5476190447807312
YJL031C,YJL014W,0,-0.4457638,0.07326892018318176,0.4333333373069763,0.5480952262878418
YBL106C,YML103C,0,-0.4467044,0.0732099786400795,0.4333333373069763,0.5485714077949524
YOR039W,YHR204W,0,-0.44691756,0.0731511265039444,0.4333333373069763,0.549047589302063
YGL236C,YDL080C,0,-0.44735575,0.07309237122535706,0.4333333373069763,0.5495238304138184
YLL024C,YER142C,0,-0.44819662,0.07303370535373688,0.4333333373069763,0.550000011920929
YGR199W,YOR048C,0,-0.44856286,0.07297514379024506,0.4333333373069763,0.5504761934280396
YJL002C,YPL128C,0,-0.44865456,0.0729166641831398,0.4333333373069763,0.5509523749351501
YJL035C,YJL214W,0,-0.44920933,0.0728582888841629,0.4333333373069763,0.5514285564422607
YNR030W,YDR079W,0,-0.4493845,0.07280000299215317,0.4333333373069763,0.5519047379493713
YER068W,YGL093W,0,-0.44948858,0.0727418065071106,0.4333333373069763,0.5523809790611267
YJL056C,YLR303W,0,-0.44975513,0.07268370687961578,0.4333333373069763,0.5528571605682373
YDL087C,YNL164C,0,-0.4498994,0.07262569665908813,0.4333333373069763,0.5533333420753479
YPL078C,YPL203W,0,-0.45003557,0.07256778329610825,0.4333333373069763,0.5538095235824585
YLR381W,YER082C,0,-0.45076388,0.07250995934009552,0.4333333373069763,0.5542857050895691
YMR076C,YOR210W,0,-0.45107868,0.07245223224163055,0.4333333373069763,0.5547618865966797
YDR160W,YER032W,0,-0.45109406,0.07239458709955215,0.4333333373069763,0.5552380681037903
YDR116C,YCL054W,0,-0.45125067,0.07233704626560211,0.4333333373069763,0.5557143092155457
YNL312W,YOL003C,0,-0.4514085,0.07227958738803864,0.4333333373069763,0.5561904907226562
YCR089W,YBR236C,0,-0.45162475,0.07222222536802292,0.4333333373069763,0.5566666722297668
YKR090W,YNL328C,0,-0.45228666,0.07216494530439377,0.4333333373069763,0.5571428537368774
YOR031W,YDR189W,0,-0.45234436,0.07210776209831238,0.4333333373069763,0.557619035243988
YPR068C,YGR258C,0,-0.45241213,0.07205067574977875,0.4333333373069763,0.5580952167510986
YNL169C,YOR194C,0,-0.45259318,0.07199367135763168,0.4333333373069763,0.558571457862854
YER171W,YKL007W,0,-0.45286754,0.07193675637245178,0.4333333373069763,0.5590476393699646
YHR081W,YJR084W,0,-0.45301372,0.07187993824481964,0.4333333373069763,0.5595238208770752
YDL137W,YOR080W,0,-0.4533869,0.07182320207357407,0.4333333373069763,0.5600000023841858
YDL137W,YBR168W,0,-0.45345342,0.07176656275987625,0.4333333373069763,0.5604761838912964
YPR034W,YKL032C,0,-0.45360136,0.071710005402565,0.4333333373069763,0.560952365398407
YHR081W,YDR418W,0,-0.45394254,0.07165354490280151,0.4333333373069763,0.5614285469055176
YGL223C,YJL201W,0,-0.4541065,0.07159716635942459,0.4333333373069763,0.561904788017273
YNL029C,YNL065W,0,-0.4562134,0.07154087722301483,0.4333333373069763,0.5623809695243835
YML094W,YER117W,0,-0.45720813,0.07148468494415283,0.4333333373069763,0.5628571510314941
YIR028W,YHR194W,0,-0.45729104,0.0714285746216774,0.4333333373069763,0.5633333325386047
YJR068W,YOR153W,0,-0.45748076,0.07137254625558853,0.4333333373069763,0.5638095140457153
YNL302C,YER114C,0,-0.45792037,0.07131661474704742,0.4333333373069763,0.5642856955528259
YCR098C,YNL061W,0,-0.45981747,0.07126076519489288,0.4333333373069763,0.5647618770599365
YKR062W,YMR263W,0,-0.46033728,0.0712050050497055,0.4333333373069763,0.5652381181716919
YPL008W,YLR144C,0,-0.46088517,0.07114933431148529,0.4333333373069763,0.5657142996788025
YGL051W,YDR412W,0,-0.46128982,0.07109375298023224,0.4333333373069763,0.5661904811859131
YOR008C,YNL298W,0,-0.4626217,0.07103825360536575,0.4333333373069763,0.5666666626930237
YDR228C,YDL083C,0,-0.46327096,0.07098283618688583,0.4333333373069763,0.5671428442001343
YPL232W,YJR013W,0,-0.46349877,0.07092751562595367,0.4333333373069763,0.5676190257072449
YDR265W,YPL209C,0,-0.4642319,0.07087227702140808,0.4333333373069763,0.5680952668190002
YER070W,YIL030C,0,-0.46494406,0.07081712037324905,0.4333333373069763,0.5685714483261108
YER154W,YPR199C,0,-0.46498203,0.07076205313205719,0.4333333373069763,0.5690476298332214
YFL048C,YGL246C,0,-0.46526515,0.07070706784725189,0.4333333373069763,0.569523811340332
YAL042W,YNL302C,0,-0.4655473,0.07065217196941376,0.4333333373069763,0.5699999928474426
YDR122W,YHR013C,0,-0.46569315,0.07059736549854279,0.4333333373069763,0.5704761743545532
YOL017W,YOR174W,0,-0.4659408,0.07054263353347778,0.4333333373069763,0.5709523558616638
YER008C,YOL090W,0,-0.46616402,0.07048799097537994,0.4333333373069763,0.5714285969734192
YDR400W,YGR097W,0,-0.4670013,0.07043343782424927,0.4333333373069763,0.5719047784805298
YAL015C,YPR154W,0,-0.4673453,0.07037896662950516,0.4333333373069763,0.5723809599876404
YLR346C,YDR434W,0,-0.46765763,0.07032457739114761,0.4333333373069763,0.572857141494751
YPR068C,YBR177C,0,-0.4679188,0.07027027010917664,0.4333333373069763,0.5733333230018616
YKL113C,YMR219W,0,-0.4696775,0.07021605223417282,0.4333333373069763,0.5738095045089722
YDR330W,YER112W,0,-0.4696936,0.07016190886497498,0.4333333373069763,0.5742856860160828
YPR081C,YGR094W,1,-0.47118962,0.0708782747387886,0.43809524178504944,0.5742856860160828
YNL268W,YGL175C,0,-0.4721903,0.07082371413707733,0.43809524178504944,0.5747619271278381
YJL146W,YMR216C,0,-0.47253817,0.07076922804117203,0.43809524178504944,0.5752381086349487
YIL036W,YPL235W,0,-0.4726424,0.07071483135223389,0.43809524178504944,0.5757142901420593
YDR404C,YJR153W,0,-0.4731264,0.07066052407026291,0.43809524178504944,0.5761904716491699
YMR301C,YER032W,0,-0.47338018,0.0706062912940979,0.43809524178504944,0.5766666531562805
YNR048W,YDL058W,0,-0.47341338,0.07055214792490005,0.43809524178504944,0.5771428346633911
YMR229C,YLR055C,0,-0.47457072,0.07049808651208878,0.43809524178504944,0.5776190757751465
YMR080C,YNL091W,0,-0.47523364,0.07044410705566406,0.43809524178504944,0.5780952572822571
YOR162C,YPL129W,0,-0.47524,0.07039020955562592,0.43809524178504944,0.5785714387893677
YER166W,YPL057C,0,-0.4752614,0.07033639401197433,0.43809524178504944,0.5790476202964783
YKL108W,YBR083W,0,-0.475343,0.07028266042470932,0.43809524178504944,0.5795238018035889
YCL051W,YAR009C,0,-0.47630373,0.07022900879383087,0.43809524178504944,0.5799999833106995
YNL166C,YJL127C,0,-0.4769299,0.07017543911933899,0.43809524178504944,0.5804761648178101
YGR095C,YPL001W,0,-0.47719735,0.07012195140123367,0.43809524178504944,0.5809524059295654
YKL173W,YNL098C,0,-0.47757268,0.07006854563951492,0.43809524178504944,0.581428587436676
YDL198C,YDR108W,0,-0.47759742,0.07001522183418274,0.43809524178504944,0.5819047689437866
YCR038C,YDL245C,0,-0.47786227,0.06996197998523712,0.43809524178504944,0.5823809504508972
YHR094C,YPR008W,0,-0.47792834,0.06990881264209747,0.43809524178504944,0.5828571319580078
YOR335C,YOL033W,1,-0.47833678,0.07061503082513809,0.44285714626312256,0.5828571319580078
YDL175C,YMR211W,0,-0.47870204,0.07056145370006561,0.44285714626312256,0.5833333134651184
YOR087W,YCR081W,0,-0.47906375,0.0705079585313797,0.44285714626312256,0.583809494972229
YGR279C,YBR154C,0,-0.47982,0.07045454531908035,0.44285714626312256,0.5842857360839844
YPR074C,YJL109C,0,-0.480209,0.07040121406316757,0.44285714626312256,0.584761917591095
YML012W,YER112W,0,-0.48081398,0.07034795731306076,0.44285714626312256,0.5852380990982056
YBR198C,YPL028W,0,-0.4808646,0.07029478251934052,0.44285714626312256,0.5857142806053162
YBR234C,YJR110W,0,-0.48092228,0.07024168968200684,0.44285714626312256,0.5861904621124268
YEL013W,YPR138C,0,-0.48127633,0.07018867880105972,0.44285714626312256,0.5866666436195374
YOR261C,YFL014W,0,-0.48163873,0.07013574987649918,0.44285714626312256,0.5871428847312927
YOL009C,YMR313C,0,-0.48192102,0.0700828954577446,0.44285714626312256,0.5876190662384033
YBL009W,YOL069W,0,-0.48220956,0.07003012299537659,0.44285714626312256,0.5880952477455139
YPL040C,YPR033C,1,-0.4823143,0.07072987407445908,0.4476190507411957,0.5880952477455139
YKR101W,YKL021C,0,-0.48235008,0.07067669183015823,0.4476190507411957,0.5885714292526245
YIR037W,YDR027C,0,-0.48238996,0.07062359154224396,0.4476190507411957,0.5890476107597351
YER154W,YHR158C,0,-0.4829554,0.07057057321071625,0.4476190507411957,0.5895237922668457
YDR385W,YJL039C,0,-0.48344722,0.0705176293849945,0.4476190507411957,0.5899999737739563
YKL089W,YOR320C,0,-0.4835317,0.07046476751565933,0.4476190507411957,0.5904762148857117
YLR170C,YMR186W,0,-0.48365885,0.07041198760271072,0.4476190507411957,0.5909523963928223
YLR405W,YCR031C,0,-0.48486388,0.07035928219556808,0.4476190507411957,0.5914285778999329
YLR075W,YJR013W,0,-0.4853415,0.07030665874481201,0.4476190507411957,0.5919047594070435
YKR081C,YDR040C,0,-0.48566425,0.07025410979986191,0.4476190507411957,0.592380940914154
YER110C,YGL086W,0,-0.48569775,0.07020164281129837,0.4476190507411957,0.5928571224212646
YNL280C,YNR019W,0,-0.4859919,0.0701492503285408,0.4476190507411957,0.5933333039283752
YPL048W,YMR216C,0,-0.48622948,0.0700969398021698,0.4476190507411957,0.5938095450401306
YPL159C,YMR263W,0,-0.48692665,0.07004471123218536,0.4476190507411957,0.5942857265472412
YDL244W,YDR384C,0,-0.48701596,0.0699925571680069,0.4476190507411957,0.5947619080543518
YNL261W,YPR133C,0,-0.4871258,0.0699404776096344,0.4476190507411957,0.5952380895614624
YJL052W,YPL015C,0,-0.48747575,0.06988847255706787,0.4476190507411957,0.595714271068573
YGL032C,YBR086C,0,-0.48762918,0.06983654946088791,0.4476190507411957,0.5961904525756836
YKL139W,YPL188W,0,-0.48769817,0.06978470832109451,0.4476190507411957,0.596666693687439
YDR456W,YOR109W,0,-0.4880884,0.06973293423652649,0.4476190507411957,0.5971428751945496
YKL081W,YKL020C,0,-0.48809177,0.06968124210834503,0.4476190507411957,0.5976190567016602
YOR335C,YLR382C,1,-0.48840645,0.07037036865949631,0.4523809552192688,0.5976190567016602
YBR168W,YKR083C,0,-0.48854992,0.07031828165054321,0.4523809552192688,0.5980952382087708
YPL008W,YPL248C,0,-0.48898697,0.07026626914739609,0.4523809552192688,0.5985714197158813
YOL009C,YKL019W,0,-0.48901445,0.07021433860063553,0.4523809552192688,0.5990476012229919
YPR070W,YCR086W,0,-0.48916698,0.07016248255968094,0.4523809552192688,0.5995237827301025
YLR155C,YLR292C,0,-0.48940033,0.07011070102453232,0.4523809552192688,0.6000000238418579
YGR217W,YBR017C,0,-0.489482,0.07005899399518967,0.4523809552192688,0.6004762053489685
YBR296C,YPL195W,0,-0.4906069,0.07000736892223358,0.4523809552192688,0.6009523868560791
YOR330C,YIL132C,0,-0.49103165,0.06995581835508347,0.4523809552192688,0.6014285683631897
YKR054C,YDR309C,0,-0.4914682,0.06990434229373932,0.4523809552192688,0.6019047498703003
YCL029C,YKL122C,0,-0.49148187,0.06985294073820114,0.4523809552192688,0.6023809313774109
YNR067C,YHR205W,0,-0.49224764,0.06980161368846893,0.4523809552192688,0.6028571724891663
YOL044W,YOR007C,0,-0.49259588,0.06975036859512329,0.4523809552192688,0.6033333539962769
YHR203C,YJR125C,0,-0.49263564,0.06969919055700302,0.4523809552192688,0.6038095355033875
YKL194C,YGR094W,1,-0.49275804,0.07038123160600662,0.4571428596973419,0.6038095355033875
YOR129C,YNR060W,0,-0.49339926,0.07032967358827591,0.4571428596973419,0.604285717010498
YNL299W,YDR385W,0,-0.4942804,0.07027818262577057,0.4571428596973419,0.6047618985176086
YDR227W,YEL029C,0,-0.49444306,0.0702267736196518,0.4571428596973419,0.6052380800247192
YDR270W,YBR200W,0,-0.49514645,0.07017543911933899,0.4571428596973419,0.6057142615318298
YEL037C,YJR092W,0,-0.4958072,0.07012417912483215,0.4571428596973419,0.6061905026435852
YLR231C,YOR295W,0,-0.4961229,0.07007299363613129,0.4571428596973419,0.6066666841506958
YDR198C,YOL158C,0,-0.4968655,0.07002188265323639,0.4571428596973419,0.6071428656578064
YNR033W,YOL112W,0,-0.4971257,0.06997084617614746,0.4571428596973419,0.607619047164917
YJL058C,YLR332W,0,-0.49748838,0.0699198842048645,0.4571428596973419,0.6080952286720276
YDR517W,YKL160W,0,-0.49800575,0.06986899673938751,0.4571428596973419,0.6085714101791382
YJR070C,YMR016C,0,-0.4981955,0.06981818377971649,0.4571428596973419,0.6090475916862488
YPL160W,YKL194C,1,-0.49828565,0.07049418240785599,0.46190476417541504,0.6090475916862488
YNL002C,YCR066W,0,-0.4985035,0.07044298946857452,0.46190476417541504,0.6095238327980042
YNL012W,YDR247W,0,-0.49852544,0.07039187103509903,0.46190476417541504,0.6100000143051147
YNL026W,YLR020C,0,-0.49861377,0.0703408271074295,0.46190476417541504,0.6104761958122253
YER122C,YER040W,0,-0.4989559,0.07028985768556595,0.46190476417541504,0.6109523773193359
YDL197C,YNL078W,0,-0.49951786,0.07023895531892776,0.46190476417541504,0.6114285588264465
YKR027W,YGR179C,0,-0.50018686,0.07018813490867615,0.46190476417541504,0.6119047403335571
YMR168C,YOR244W,0,-0.5003359,0.0701373815536499,0.46190476417541504,0.6123809814453125
YMR273C,YNL312W,0,-0.5008065,0.07008670270442963,0.46190476417541504,0.6128571629524231
YPL040C,YGR094W,1,-0.5014794,0.07075811922550201,0.46666666865348816,0.6128571629524231
YJR140C,YOR080W,0,-0.5022796,0.07070706784725189,0.46666666865348816,0.6133333444595337
YOR148C,YFL008W,0,-0.50252104,0.07065609097480774,0.46666666865348816,0.6138095259666443
YHR030C,YLR223C,0,-0.50263613,0.07060518860816956,0.46666666865348816,0.6142857074737549
YJL026W,YLR361C,0,-0.50353616,0.07055435329675674,0.46666666865348816,0.6147618889808655
YJL002C,YPL126W,0,-0.5036003,0.0705035999417305,0.46666666865348816,0.6152380704879761
YLR129W,YIL009C-A,0,-0.5040927,0.07045291364192963,0.46666666865348816,0.6157143115997314
YEL002C,YBR095C,0,-0.50435996,0.07040230184793472,0.46666666865348816,0.616190493106842
YHR031C,YNL231C,0,-0.5045871,0.07035175710916519,0.46666666865348816,0.6166666746139526
YJR140C,YMR142C,0,-0.5046913,0.07030129432678223,0.46666666865348816,0.6171428561210632
YIL018W,YCL014W,0,-0.5057317,0.07025089859962463,0.46666666865348816,0.6176190376281738
YOR261C,YPL175W,0,-0.50597566,0.07020056992769241,0.46666666865348816,0.6180952191352844
YDL044C,YPL265W,0,-0.5060037,0.07015032321214676,0.46666666865348816,0.618571400642395
YDL197C,YEL015W,0,-0.5068602,0.07010014355182648,0.46666666865348816,0.6190476417541504
YDR292C,YBL075C,0,-0.50757027,0.07005003839731216,0.46666666865348816,0.619523823261261
YMR179W,YDR073W,0,-0.50785017,0.07000000029802322,0.46666666865348816,0.6200000047683716
YJL117W,YDR227W,0,-0.50962377,0.06995003670454025,0.46666666865348816,0.6204761862754822
YLR084C,YLR066W,0,-0.5099023,0.06990014016628265,0.46666666865348816,0.6209523677825928
YCR086W,YGR141W,0,-0.5101236,0.06985031813383102,0.46666666865348816,0.6214285492897034
YNL274C,YNL325C,0,-0.5102927,0.06980057060718536,0.46666666865348816,0.6219047904014587
YNL153C,YOL008W,0,-0.51047516,0.06975089013576508,0.46666666865348816,0.6223809719085693
YHL036W,YDR254W,0,-0.51066405,0.06970127671957016,0.46666666865348816,0.6228571534156799
YJR069C,YBL033C,0,-0.51075655,0.06965173780918121,0.46666666865348816,0.6233333349227905
YBL079W,YPL076W,0,-0.5111609,0.06960227340459824,0.46666666865348816,0.6238095164299011
YPL265W,YLR288C,0,-0.5112144,0.06955287605524063,0.46666666865348816,0.6242856979370117
YPR046W,YCR028C,0,-0.5119846,0.0695035457611084,0.46666666865348816,0.6247618794441223
YMR208W,YNL302C,0,-0.5125003,0.06945428997278214,0.46666666865348816,0.6252381205558777
YGR090W,YBR132C,0,-0.51270145,0.06940510123968124,0.46666666865348816,0.6257143020629883
YDL201W,YKL154W,0,-0.5133236,0.06935597956180573,0.46666666865348816,0.6261904835700989
YLR386W,YOR033C,0,-0.51345617,0.06930693238973618,0.46666666865348816,0.6266666650772095
YDR206W,YGL209W,0,-0.5136655,0.069257952272892,0.46666666865348816,0.6271428465843201
YGR010W,YLR078C,0,-0.5138864,0.0692090392112732,0.46666666865348816,0.6276190280914307
YDL216C,YNR030W,0,-0.5142767,0.06916020065546036,0.46666666865348816,0.6280952095985413
YNL080C,YLR335W,0,-0.51436436,0.0691114217042923,0.46666666865348816,0.6285714507102966
YJR077C,YGL168W,0,-0.514618,0.0690627172589302,0.46666666865348816,0.6290476322174072
YKL008C,YOR301W,0,-0.5154354,0.06901408731937408,0.46666666865348816,0.6295238137245178
YGR171C,YOR335C,1,-0.51547784,0.06966924667358398,0.4714285731315613,0.6295238137245178
YMR113W,YBR080C,0,-0.51581407,0.06962025165557861,0.4714285731315613,0.6299999952316284
YJL053W,YLR074C,0,-0.517103,0.06957133114337921,0.4714285731315613,0.630476176738739
YJL157C,YGL257C,0,-0.5175989,0.06952247023582458,0.4714285731315613,0.6309523582458496
YLR362W,YHR183W,0,-0.51787156,0.06947368383407593,0.4714285731315613,0.631428599357605
YOL004W,YGL025C,0,-0.5184204,0.06942496448755264,0.4714285731315613,0.6319047808647156
YKR056W,YLR078C,0,-0.5186037,0.06937631219625473,0.4714285731315613,0.6323809623718262
YLL026W,YNR057C,0,-0.5187814,0.06932773441076279,0.4714285731315613,0.6328571438789368
YBL102W,YNL207W,0,-0.51919717,0.06927921622991562,0.4714285731315613,0.6333333253860474
YOR229W,YOL038W,0,-0.51942277,0.06923077255487442,0.4714285731315613,0.633809506893158
YGR284C,YDL106C,0,-0.5196775,0.069182388484478,0.4714285731315613,0.6342856884002686
YKR038C,YJR050W,0,-0.51985985,0.06913407891988754,0.4714285731315613,0.6347619295120239
YPR001W,YMR061W,0,-0.52059287,0.06908583641052246,0.4714285731315613,0.6352381110191345
YOR137C,YPL195W,0,-0.52062386,0.06903765350580215,0.4714285731315613,0.6357142925262451
YFR031C,YCR098C,0,-0.5209086,0.06898954510688782,0.4714285731315613,0.6361904740333557
YGR275W,YDR378C,0,-0.52314025,0.06894150376319885,0.4714285731315613,0.6366666555404663
YFL004W,YNL311C,0,-0.52349836,0.06889352947473526,0.4714285731315613,0.6371428370475769
YPR083W,YDR353W,0,-0.5244864,0.06884562224149704,0.4714285731315613,0.6376190185546875
YBR158W,YPL126W,0,-0.525291,0.0687977746129036,0.4714285731315613,0.6380952596664429
YOR094W,YFL018C,0,-0.5253245,0.06875000149011612,0.4714285731315613,0.6385714411735535
YDR201W,YJR139C,0,-0.5255928,0.06870228797197342,0.4714285731315613,0.6390476226806641
YBR175W,YDR489W,0,-0.5257739,0.06865464895963669,0.4714285731315613,0.6395238041877747
YDL102W,YDR302W,0,-0.5259948,0.06860706955194473,0.4714285731315613,0.6399999856948853
YDL056W,YLR186W,0,-0.5261081,0.06855955719947815,0.4714285731315613,0.6404761672019958
YOR346W,YLR183C,0,-0.52662736,0.06851211190223694,0.4714285731315613,0.6409524083137512
YDR330W,YJR060W,0,-0.5269118,0.0684647336602211,0.4714285731315613,0.6414285898208618
YKL194C,YLR060W,1,-0.5269303,0.0691085010766983,0.4761904776096344,0.6414285898208618
YDR284C,YPL042C,0,-0.5269422,0.06906077265739441,0.4761904776096344,0.6419047713279724
YBR081C,YDR263C,0,-0.5269735,0.06901311129331589,0.4761904776096344,0.642380952835083
YDL080C,YKL170W,0,-0.5278769,0.06896551698446274,0.4761904776096344,0.6428571343421936
YLR170C,YIL126W,0,-0.52790624,0.06891798973083496,0.4761904776096344,0.6433333158493042
YLR114C,YPL175W,0,-0.5284811,0.06887052208185196,0.4761904776096344,0.6438094973564148
YOR081C,YER109C,0,-0.5285336,0.06882312148809433,0.4761904776096344,0.6442857384681702
YNL302C,YMR165C,0,-0.5285377,0.06877578794956207,0.4761904776096344,0.6447619199752808
YOR132W,YGR030C,0,-0.5286196,0.06872852146625519,0.4761904776096344,0.6452381014823914
YOR229W,YPR199C,0,-0.5286662,0.06868132203817368,0.4761904776096344,0.645714282989502
YOR168W,YPL097W,1,-0.5300003,0.06932052224874496,0.4809523820877075,0.645714282989502
YOR269W,YDR183W,0,-0.53024304,0.069272980093956,0.4809523820877075,0.6461904644966125
YMR125W,YPR046W,0,-0.5304032,0.0692254975438118,0.4809523820877075,0.6466666460037231
YDR359C,YKL129C,0,-0.5304436,0.06917808204889297,0.4809523820877075,0.6471428275108337
YDR191W,YDR325W,0,-0.5307409,0.06913073360919952,0.4809523820877075,0.6476190686225891
YDR079W,YPL006W,0,-0.53124744,0.06908344477415085,0.4809523820877075,0.6480952501296997
YLR155C,YOR008C,0,-0.5327293,0.06903623044490814,0.4809523820877075,0.6485714316368103
YDL244W,YML110C,0,-0.53294116,0.06898906826972961,0.4809523820877075,0.6490476131439209
YJL069C,YBR070C,0,-0.5333921,0.06894198060035706,0.4809523820877075,0.6495237946510315
YLR034C,YDR160W,0,-0.5336186,0.06889495253562927,0.4809523820877075,0.6499999761581421
YPL228W,YPL117C,0,-0.5336525,0.06884799152612686,0.4809523820877075,0.6504762172698975
YBR098W,YBR171W,0,-0.53415036,0.06880109012126923,0.4809523820877075,0.6509523987770081
YLL050C,YMR264W,0,-0.53464156,0.06875425577163696,0.4809523820877075,0.6514285802841187
YCL016C,YDR276C,0,-0.534798,0.06870748102664948,0.4809523820877075,0.6519047617912292
YOL001W,YCR028C,0,-0.53527766,0.06866077333688736,0.4809523820877075,0.6523809432983398
YDL149W,YLR430W,0,-0.53562224,0.06861413270235062,0.4809523820877075,0.6528571248054504
YBL034C,YCR028C,0,-0.5358984,0.06856755167245865,0.4809523820877075,0.653333306312561
YDR308C,YMR272C,0,-0.5363826,0.06852103024721146,0.4809523820877075,0.6538095474243164
YKL059C,YNL064C,0,-0.5364972,0.06847457587718964,0.4809523820877075,0.654285728931427
YLR380W,YCL033C,0,-0.5366351,0.06842818111181259,0.4809523820877075,0.6547619104385376
YFR048W,YLR147C,0,-0.53707325,0.06838185340166092,0.4809523820877075,0.6552380919456482
YLR410W,YGR056W,0,-0.53720504,0.06833558529615402,0.4809523820877075,0.6557142734527588
YER157W,YAL021C,0,-0.53762025,0.0682893842458725,0.4809523820877075,0.6561904549598694
YNL299W,YJR144W,0,-0.5381793,0.06824324280023575,0.4809523820877075,0.6566666960716248
YBL005W-A,YNL094W,0,-0.5386894,0.06819716095924377,0.4809523820877075,0.6571428775787354
YDR116C,YKR027W,0,-0.5395376,0.06815114617347717,0.4809523820877075,0.657619059085846
YER143W,YLR363C,0,-0.5396277,0.06810519099235535,0.4809523820877075,0.6580952405929565
YNR026C,YLR098C,0,-0.53979963,0.06805930286645889,0.4809523820877075,0.6585714221000671
YIL023C,YLR229C,0,-0.5402394,0.06801346689462662,0.4809523820877075,0.6590476036071777
YMR133W,YDL090C,0,-0.5412907,0.06796769797801971,0.4809523820877075,0.6595237851142883
YLR003C,YDR359C,0,-0.54169714,0.06792198866605759,0.4809523820877075,0.6600000262260437
YDR409W,YPR009W,0,-0.5420117,0.06787634640932083,0.4809523820877075,0.6604762077331543
YDR075W,YHR015W,0,-0.54324514,0.06783075630664825,0.4809523820877075,0.6609523892402649
YNL299W,YOR087W,0,-0.5433631,0.06778523325920105,0.4809523820877075,0.6614285707473755
YOR194C,YDL236W,0,-0.5457982,0.06773976981639862,0.4809523820877075,0.6619047522544861
YHR143W,YJL008C,0,-0.5461829,0.06769437342882156,0.4809523820877075,0.6623809337615967
YOR362C,YML103C,0,-0.5462636,0.06764902919530869,0.4809523820877075,0.6628571152687073
YIL053W,YHL034C,0,-0.5463963,0.06760375201702118,0.4809523820877075,0.6633333563804626
YNL047C,YDR363W,0,-0.5466216,0.06755852699279785,0.4809523820877075,0.6638095378875732
YJL045W,YOR316C,0,-0.547018,0.0675133690237999,0.4809523820877075,0.6642857193946838
YPR181C,YLR020C,0,-0.5480347,0.06746827065944672,0.4809523820877075,0.6647619009017944
YDR461W,YPL208W,0,-0.5485494,0.06742323189973831,0.4809523820877075,0.665238082408905
YDR172W,YML067C,0,-0.5498217,0.06737825274467468,0.4809523820877075,0.6657142639160156
YDR174W,YGL207W,0,-0.55018646,0.06733333319425583,0.4809523820877075,0.666190505027771
YKR065C,YJL072C,0,-0.55019015,0.06728847324848175,0.4809523820877075,0.6666666865348816
YOL126C,YKL025C,0,-0.5504372,0.06724367290735245,0.4809523820877075,0.6671428680419922
YDR086C,YOL031C,0,-0.55131704,0.06719893217086792,0.4809523820877075,0.6676190495491028
YFL022C,YBR121C,1,-0.5514625,0.06781914830207825,0.48571428656578064,0.6676190495491028
YNL026W,YJL013C,0,-0.5518455,0.06777408719062805,0.48571428656578064,0.6680952310562134
YDL153C,YLR301W,0,-0.5521935,0.06772908568382263,0.48571428656578064,0.668571412563324
YPR081C,YPR033C,1,-0.55259866,0.06834770739078522,0.49047619104385376,0.668571412563324
YPL058C,YKR086W,0,-0.5529166,0.06830238550901413,0.49047619104385376,0.6690475940704346
YGL054C,YEL027W,0,-0.55413157,0.06825712323188782,0.49047619104385376,0.6695238351821899
YDR345C,YJL091C,0,-0.5542031,0.06821192055940628,0.49047619104385376,0.6700000166893005
YOL054W,YFR048W,0,-0.55495125,0.06816677749156952,0.49047619104385376,0.6704761981964111
YDL007W,YHR084W,0,-0.5550043,0.06812169402837753,0.49047619104385376,0.6709523797035217
YMR011W,YJR139C,0,-0.5550856,0.06807667016983032,0.49047619104385376,0.6714285612106323
YJL014W,YDR164C,0,-0.5554377,0.06803170591592789,0.49047619104385376,0.6719047427177429
YPL267W,YOR054C,0,-0.5555298,0.06798680126667023,0.49047619104385376,0.6723809242248535
YJL167W,YDL013W,0,-0.55587053,0.06794195622205734,0.49047619104385376,0.6728571653366089
YMR153W,YNL006W,0,-0.55714697,0.06789716333150864,0.49047619104385376,0.6733333468437195
YIL135C,YMR137C,0,-0.55726486,0.0678524374961853,0.49047619104385376,0.6738095283508301
YGR209C,YPR110C,0,-0.55732185,0.06780777126550674,0.49047619104385376,0.6742857098579407
YBR081C,YNR026C,0,-0.55955404,0.06776315718889236,0.49047619104385376,0.6747618913650513
YGR192C,YDL092W,0,-0.5608711,0.06771860271692276,0.49047619104385376,0.6752380728721619
YKL201C,YCR009C,0,-0.56143445,0.06767411530017853,0.49047619104385376,0.6757143139839172
YGL105W,YHR020W,1,-0.5617151,0.06828627735376358,0.4952380955219269,0.6757143139839172
YCR009C,YDL227C,0,-0.562053,0.06824146956205368,0.4952380955219269,0.6761904954910278
YMR208W,YGL092W,0,-0.56230587,0.06819672137498856,0.4952380955219269,0.6766666769981384
YGR188C,YNR019W,0,-0.5633543,0.0681520327925682,0.4952380955219269,0.677142858505249
YDR479C,YCR066W,0,-0.56343406,0.06810740381479263,0.4952380955219269,0.6776190400123596
YPL248C,YKR090W,0,-0.56352025,0.06806282699108124,0.4952380955219269,0.6780952215194702
YMR266W,YPR128C,0,-0.5644987,0.06801830977201462,0.4952380955219269,0.6785714030265808
YLR449W,YNR013C,0,-0.5654047,0.06797385960817337,0.4952380955219269,0.6790476441383362
YBR060C,YGL073W,0,-0.56542176,0.0679294541478157,0.4952380955219269,0.6795238256454468
YGR171C,YKL194C,1,-0.5655567,0.06853786110877991,0.5,0.6795238256454468
YMR243C,YAL044C,0,-0.5655721,0.06849315017461777,0.5,0.6800000071525574
YBR210W,YBR132C,0,-0.5680496,0.0684484988451004,0.5,0.680476188659668
YBR182C,YBR274W,0,-0.5685832,0.06840390712022781,0.5,0.6809523701667786
YMR162C,YHR158C,0,-0.56869686,0.068359375,0.5,0.6814285516738892
YML078W,YMR051C,0,-0.56893754,0.06831490248441696,0.5,0.6819047331809998
YPL160W,YPR081C,1,-0.56949705,0.06892067939043045,0.5047619342803955,0.6819047331809998
YOL112W,YER042W,0,-0.57019764,0.06887589395046234,0.5047619342803955,0.6823809742927551
YPL040C,YOR168W,1,-0.5712595,0.0694805160164833,0.5095238089561462,0.6823809742927551
YOR249C,YML127W,0,-0.5719705,0.06943543255329132,0.5095238089561462,0.6828571557998657
YMR112C,YGL093W,0,-0.5729082,0.06939040124416351,0.5095238089561462,0.6833333373069763
YDR292C,YKL032C,0,-0.57298625,0.06934542953968048,0.5095238089561462,0.6838095188140869
YLR068W,YER015W,0,-0.57377064,0.06930051743984222,0.5095238089561462,0.6842857003211975
YBR289W,YLR226W,0,-0.5741964,0.06925566494464874,0.5095238089561462,0.6847618818283081
YIL138C,YJL138C,0,-0.5748404,0.06921086460351944,0.5095238089561462,0.6852381229400635
YLL024C,YNL177C,0,-0.57509995,0.06916613131761551,0.5095238089561462,0.6857143044471741
YNL098C,YDR485C,0,-0.5758675,0.06912145018577576,0.5095238089561462,0.6861904859542847
YPL069C,YKL075C,0,-0.576749,0.06907682120800018,0.5095238089561462,0.6866666674613953
YGR055W,YFR029W,0,-0.5771298,0.06903225928544998,0.5095238089561462,0.6871428489685059
YBR112C,YDR027C,0,-0.57744545,0.06898774951696396,0.5095238089561462,0.6876190304756165
YPR155C,YPL157W,0,-0.57786363,0.06894329935312271,0.5095238089561462,0.688095211982727
YBR256C,YLR384C,0,-0.5779613,0.06889890879392624,0.5095238089561462,0.6885714530944824
YGR256W,YKL182W,0,-0.57810694,0.06885457038879395,0.5095238089561462,0.689047634601593
YFL057C,YGR278W,0,-0.5789401,0.06881029158830643,0.5095238089561462,0.6895238161087036
YLR098C,YKR097W,0,-0.5791101,0.06876606494188309,0.5095238089561462,0.6899999976158142
YNL039W,YJR156C,0,-0.5797747,0.06872189790010452,0.5095238089561462,0.6904761791229248
YGL163C,YJL141C,0,-0.5799017,0.06867779046297073,0.5095238089561462,0.6909523606300354
YMR092C,YOR153W,0,-0.57993376,0.06863374263048172,0.5095238089561462,0.691428542137146
YOL027C,YLR350W,0,-0.5800299,0.06858974695205688,0.5095238089561462,0.6919047832489014
YJL024C,YJR121W,0,-0.5803068,0.06854580342769623,0.5095238089561462,0.692380964756012
YCR020W-B,YHR119W,0,-0.5804386,0.06850191950798035,0.5095238089561462,0.6928571462631226
YDR145W,YER109C,0,-0.58103806,0.06845809519290924,0.5095238089561462,0.6933333277702332
YDR265W,YMR055C,0,-0.5820186,0.06841432303190231,0.5095238089561462,0.6938095092773438
YOR168W,YHR020W,1,-0.58227557,0.06900958716869354,0.5142857432365417,0.6938095092773438
YJL061W,YCR081W,0,-0.58235127,0.06896551698446274,0.5142857432365417,0.6942856907844543
YER112W,YKR024C,0,-0.58293116,0.06892150640487671,0.5142857432365417,0.6947619318962097
YNL161W,YNL192W,0,-0.5832329,0.06887754797935486,0.5142857432365417,0.6952381134033203
YOR224C,YIL034C,0,-0.58379024,0.06883364915847778,0.5142857432365417,0.6957142949104309
YNR002C,YOR026W,0,-0.5842395,0.06878980994224548,0.5142857432365417,0.6961904764175415
YHR107C,YBR297W,0,-0.5844627,0.06874602288007736,0.5142857432365417,0.6966666579246521
YOR168W,YGR171C,1,-0.5845054,0.06933842599391937,0.5190476179122925,0.6966666579246521
YIR011C,YOL156W,0,-0.5847844,0.06929434090852737,0.5190476179122925,0.6971428394317627
YNL064C,YKL122C,0,-0.5848293,0.06925031542778015,0.5190476179122925,0.6976190209388733
YLL008W,YOL156W,0,-0.5849684,0.0692063495516777,0.5190476179122925,0.6980952620506287
YGR135W,YOL067C,0,-0.5854191,0.06916243582963943,0.5190476179122925,0.6985714435577393
YML007W,YLR265C,0,-0.5858241,0.06911858171224594,0.5190476179122925,0.6990476250648499
YIL002C,YLR433C,0,-0.58589256,0.06907477974891663,0.5190476179122925,0.6995238065719604
YBR006W,YIL105C,0,-0.58594626,0.06903102993965149,0.5190476179122925,0.699999988079071
YGR095C,YOR162C,0,-0.586088,0.06898733973503113,0.5190476179122925,0.7004761695861816
YJR035W,YFR028C,0,-0.5864449,0.06894370913505554,0.5190476179122925,0.700952410697937
YFL057C,YKL052C,0,-0.5872226,0.06890012323856354,0.5190476179122925,0.7014285922050476
YBR039W,YJL133W,0,-0.58731616,0.0688566043972969,0.5190476179122925,0.7019047737121582
YDL209C,YHL048W,0,-0.58755094,0.06881313025951385,0.5190476179122925,0.7023809552192688
YML007W,YFL058W,0,-0.5880993,0.06876971572637558,0.5190476179122925,0.7028571367263794
YKL179C,YMR190C,0,-0.58913934,0.06872635334730148,0.5190476179122925,0.70333331823349
YGR028W,YIL065C,0,-0.5896369,0.06868305057287216,0.5190476179122925,0.7038094997406006
YAL056W,YKL205W,0,-0.58976823,0.06863979995250702,0.5190476179122925,0.704285740852356
YGL244W,YOR061W,0,-0.5898773,0.06859660148620605,0.5190476179122925,0.7047619223594666
YLR346C,YKL160W,0,-0.5903248,0.06855346262454987,0.5190476179122925,0.7052381038665771
YIL068C,YLR398C,0,-0.5909633,0.06851036846637726,0.5190476179122925,0.7057142853736877
YBR288C,YIL125W,0,-0.5926853,0.06846733391284943,0.5190476179122925,0.7061904668807983
YGR258C,YBR288C,0,-0.59310704,0.06842435896396637,0.5190476179122925,0.7066666483879089
YOR168W,YKL194C,1,-0.5949573,0.06900878250598907,0.523809552192688,0.7066666483879089
YJR017C,YML091C,0,-0.59530395,0.06896551698446274,0.523809552192688,0.7071428298950195
YPL040C,YDR341C,1,-0.5955366,0.06954887509346008,0.5285714268684387,0.7071428298950195
YMR127C,YNR030W,0,-0.5961095,0.06950531899929047,0.5285714268684387,0.7076190710067749
YPL049C,YIL034C,0,-0.59649044,0.06946182996034622,0.5285714268684387,0.7080952525138855
YNL002C,YGL247W,0,-0.5981236,0.06941838562488556,0.5285714268684387,0.7085714340209961
YGL106W,YPL240C,0,-0.59856904,0.06937500089406967,0.5285714268684387,0.7090476155281067
YOR362C,YLR409C,0,-0.5985799,0.06933166831731796,0.5285714268684387,0.7095237970352173
YKL166C,YER159C,0,-0.5994866,0.06928838789463043,0.5285714268684387,0.7099999785423279
YLR079W,YBR211C,0,-0.60065705,0.06924516707658768,0.5285714268684387,0.7104762196540833
YPL097W,YGR094W,1,-0.6011035,0.0698254331946373,0.5333333611488342,0.7104762196540833
YPL010W,YPR119W,0,-0.60185236,0.06978192925453186,0.5333333611488342,0.7109524011611938
YNL332W,YCR088W,0,-0.60205114,0.0697384774684906,0.5333333611488342,0.7114285826683044
YPL051W,YFR048W,0,-0.6030393,0.06969508528709412,0.5333333611488342,0.711904764175415
YHL006C,YIL063C,0,-0.60306543,0.06965173780918121,0.5333333611488342,0.7123809456825256
YKL011C,YLR314C,0,-0.6039247,0.06960844993591309,0.5333333611488342,0.7128571271896362
YMR168C,YLR200W,0,-0.6041927,0.06956521421670914,0.5333333611488342,0.7133333086967468
YPR074C,YIL070C,0,-0.6043605,0.06952203810214996,0.5333333611488342,0.7138095498085022
YNL121C,YER003C,0,-0.6054179,0.06947890669107437,0.5333333611488342,0.7142857313156128
YOL067C,YNL225C,0,-0.60553044,0.06943583488464355,0.5333333611488342,0.7147619128227234
YMR056C,YPL196W,0,-0.6056448,0.06939281523227692,0.5333333611488342,0.715238094329834
YKR061W,YJL059W,0,-0.6059067,0.06934984773397446,0.5333333611488342,0.7157142758369446
YDR400W,YDR295C,0,-0.6064218,0.06930693238973618,0.5333333611488342,0.7161904573440552
YER036C,YFR028C,0,-0.6065574,0.06926406919956207,0.5333333611488342,0.7166666388511658
YCR066W,YOR109W,0,-0.6065904,0.06922125816345215,0.5333333611488342,0.7171428799629211
YPL118W,YGR257C,0,-0.6074286,0.069178506731987,0.5333333611488342,0.7176190614700317
YOR249C,YCR028C,0,-0.6075114,0.06913580000400543,0.5333333611488342,0.7180952429771423
YOR168W,YOL033W,1,-0.6080122,0.06971005350351334,0.538095235824585,0.7180952429771423
YIR006C,YLR005W,0,-0.6082834,0.06966707855463028,0.538095235824585,0.7185714244842529
YDR265W,YLR430W,0,-0.6084586,0.0696241557598114,0.538095235824585,0.7190476059913635
YGL245W,YDR037W,1,-0.6089726,0.07019704580307007,0.5428571701049805,0.7190476059913635
YPR165W,YJL140W,0,-0.60970885,0.0701538473367691,0.5428571701049805,0.7195237874984741
YCL025C,YBR286W,0,-0.61022156,0.07011070102453232,0.5428571701049805,0.7200000286102295
YOL151W,YNL009W,0,-0.6112345,0.07006760686635971,0.5428571701049805,0.7204762101173401
YER159C,YLR097C,0,-0.61219865,0.07002457231283188,0.5428571701049805,0.7209523916244507
YOL082W,YPL195W,0,-0.6125758,0.06998158246278763,0.5428571701049805,0.7214285731315613
YDR419W,YAL025C,0,-0.61261415,0.06993865221738815,0.5428571701049805,0.7219047546386719
YPR144C,YJL029C,0,-0.6129516,0.06989576667547226,0.5428571701049805,0.7223809361457825
YGR169C,YGR186W,0,-0.6138343,0.06985294073820114,0.5428571701049805,0.7228571176528931
YMR266W,YPL266W,0,-0.6143454,0.0698101669549942,0.5428571701049805,0.7233333587646484
YNL210W,YLR182W,0,-0.6144119,0.06976744532585144,0.5428571701049805,0.723809540271759
YNL039W,YMR022W,0,-0.61456394,0.06972476840019226,0.5428571701049805,0.7242857217788696
YPL242C,YBR273C,0,-0.6145969,0.06968215107917786,0.5428571701049805,0.7247619032859802
YKR089C,YPL268W,0,-0.61571306,0.06963958591222763,0.5428571701049805,0.7252380847930908
YDL024C,YGL174W,0,-0.6163309,0.06959707289934158,0.5428571701049805,0.7257142663002014
YDR247W,YLL009C,0,-0.6164956,0.06955460458993912,0.5428571701049805,0.726190447807312
YGR157W,YHR188C,0,-0.61668414,0.06951219588518143,0.5428571701049805,0.7266666889190674
YMR236W,YMR047C,0,-0.6167504,0.06946983188390732,0.5428571701049805,0.727142870426178
YER013W,YKL205W,0,-0.61716014,0.06942752748727798,0.5428571701049805,0.7276190519332886
YNL027W,YOR160W,0,-0.61818093,0.06938526779413223,0.5428571701049805,0.7280952334403992
YER008C,YGL201C,0,-0.6184071,0.06934306770563126,0.5428571701049805,0.7285714149475098
YER103W,YLR078C,0,-0.6184806,0.06930091232061386,0.5428571701049805,0.7290475964546204
YOR046C,YML091C,0,-0.61886287,0.06925880908966064,0.5428571701049805,0.7295238375663757
YBR024W,YPL060W,0,-0.61941296,0.0692167580127716,0.5428571701049805,0.7300000190734863
YOR341W,YKL144C,0,-0.6202306,0.06917475908994675,0.5428571701049805,0.7304762005805969
YJL179W,YLR066W,0,-0.620636,0.06913280487060547,0.5428571701049805,0.7309523820877075
YBL106C,YKL172W,0,-0.62171847,0.06909091025590897,0.5428571701049805,0.7314285635948181
YKL064W,YGL124C,0,-0.62201566,0.06904906034469604,0.5428571701049805,0.7319047451019287
YJL210W,YDR508C,0,-0.6226029,0.0690072625875473,0.5428571701049805,0.7323809266090393
YBR023C,YDR272W,0,-0.62263924,0.06896551698446274,0.5428571701049805,0.7328571677207947
YFL026W,YLR384C,0,-0.62278396,0.06892382353544235,0.5428571701049805,0.7333333492279053
YPR067W,YCL001W,0,-0.6232175,0.06888217478990555,0.5428571701049805,0.7338095307350159
YNL281W,YJL020C,0,-0.62355465,0.06884057819843292,0.5428571701049805,0.7342857122421265
YIL118W,YFR041C,0,-0.6239825,0.06879903376102448,0.5428571701049805,0.7347618937492371
YLL043W,YOR087W,0,-0.6246772,0.0687575414776802,0.5428571701049805,0.7352380752563477
YML094W,YCR073C,0,-0.62486345,0.06871609389781952,0.5428571701049805,0.7357142567634583
YGR090W,YBR275C,0,-0.6257979,0.06867469847202301,0.5428571701049805,0.7361904978752136
YPL053C,YLR259C,0,-0.6289466,0.06863335520029068,0.5428571701049805,0.7366666793823242
YML118W,YDR151C,0,-0.62981266,0.06859205663204193,0.5428571701049805,0.7371428608894348
YPL015C,YDL130W,0,-0.63078123,0.06855081021785736,0.5428571701049805,0.7376190423965454
YOR168W,YLR382C,1,-0.63103455,0.06911057978868484,0.5476190447807312,0.7376190423965454
YMR106C,YNR013C,0,-0.631198,0.06906907260417938,0.5476190447807312,0.738095223903656
YGR220C,YDR323C,0,-0.6315413,0.0690276101231575,0.5476190447807312,0.7385714054107666
YGR281W,YJL116C,0,-0.6335643,0.0689861997961998,0.5476190447807312,0.739047646522522
YDR511W,YFR013W,0,-0.6337836,0.06894484162330627,0.5476190447807312,0.7395238280296326
YJR055W,YNL221C,0,-0.63400406,0.06890353560447693,0.5476190447807312,0.7400000095367432
YOR058C,YLR274W,0,-0.63432235,0.06886227428913116,0.5476190447807312,0.7404761910438538
YJR132W,YLR200W,0,-0.63437784,0.06882106512784958,0.5476190447807312,0.7409523725509644
YDL188C,YLL034C,0,-0.63475347,0.06877990067005157,0.5476190447807312,0.741428554058075
YCR020C-A,YIR021W,0,-0.63531,0.06873879581689835,0.5476190447807312,0.7419047355651855
YAL032C,YIL118W,0,-0.6353424,0.0686977282166481,0.5476190447807312,0.7423809766769409
YCR083W,YLR006C,0,-0.6358758,0.06865671277046204,0.5476190447807312,0.7428571581840515
YOR185C,YLR310C,0,-0.63690394,0.06861574947834015,0.5476190447807312,0.7433333396911621
YOR112W,YKL165C,0,-0.63763636,0.06857483834028244,0.5476190447807312,0.7438095211982727
YDR517W,YBR164C,0,-0.6376707,0.06853397190570831,0.5476190447807312,0.7442857027053833
YGL155W,YHR150W,0,-0.63796043,0.06849315017461777,0.5476190447807312,0.7447618842124939
YOR035C,YPR020W,0,-0.6382583,0.0684523805975914,0.5476190447807312,0.7452380657196045
YBR295W,YPL125W,0,-0.63840246,0.06841166317462921,0.5476190447807312,0.7457143068313599
YDR086C,YDR353W,0,-0.6385604,0.0683709904551506,0.5476190447807312,0.7461904883384705
YMR246W,YNR013C,0,-0.6388499,0.06833036243915558,0.5476190447807312,0.746666669845581
YNL148C,YDR259C,0,-0.63886523,0.06828978657722473,0.5476190447807312,0.7471428513526917
YNR023W,YGR099W,0,-0.638956,0.06824925541877747,0.5476190447807312,0.7476190328598022
YGR268C,YJL143W,0,-0.6394515,0.06820877641439438,0.5476190447807312,0.7480952143669128
YHR014W,YAL033W,0,-0.6398478,0.06816834956407547,0.5476190447807312,0.7485714554786682
YJL209W,YOR048C,0,-0.64045936,0.06812795996665955,0.5476190447807312,0.7490476369857788
YPR113W,YPL147W,0,-0.64160675,0.0680876225233078,0.5476190447807312,0.7495238184928894
YGR078C,YNL206C,0,-0.64170337,0.06804733723402023,0.5476190447807312,0.75
YOR209C,YMR288W,0,-0.6429174,0.06800709664821625,0.5476190447807312,0.7504761815071106
YGR171C,YLR382C,1,-0.6436036,0.06855791807174683,0.5523809790611267,0.7504761815071106
YLR429W,YKR086W,0,-0.64417213,0.06851742416620255,0.5523809790611267,0.7509523630142212
YOR171C,YDL003W,0,-0.6444521,0.06847697496414185,0.5523809790611267,0.7514285445213318
YJL045W,YOR226C,0,-0.64451545,0.06843657791614532,0.5523809790611267,0.7519047856330872
YPL139C,YMR284W,0,-0.6455566,0.06839622557163239,0.5523809790611267,0.7523809671401978
YBR236C,YMR322C,0,-0.64562327,0.06835592538118362,0.5523809790611267,0.7528571486473083
YGL257C,YDR093W,0,-0.64562523,0.06831566244363785,0.5523809790611267,0.753333330154419
YML032C,YJL116C,0,-0.6460634,0.06827545911073685,0.5523809790611267,0.7538095116615295
YDR170C,YMR035W,0,-0.6465469,0.06823529303073883,0.5523809790611267,0.7542856931686401
YEL042W,YDR189W,0,-0.64847565,0.06819517910480499,0.5523809790611267,0.7547619342803955
YER178W,YJL074C,0,-0.6485923,0.06815510988235474,0.5523809790611267,0.7552381157875061
YDR398W,YML132W,0,-0.6487249,0.06811509281396866,0.5523809790611267,0.7557142972946167
YER166W,YJR082C,0,-0.6498198,0.06807512044906616,0.5523809790611267,0.7561904788017273
YIL008W,YOR244W,0,-0.6498535,0.06803519278764725,0.5523809790611267,0.7566666603088379
YFR029W,YDL035C,0,-0.650405,0.06799530982971191,0.5523809790611267,0.7571428418159485
YMR255W,YJL098W,0,-0.6512701,0.06795547902584076,0.5523809790611267,0.7576190233230591
YBL075C,YMR077C,0,-0.6517915,0.06791569292545319,0.5523809790611267,0.7580952644348145
YGL075C,YOL133W,0,-0.6526277,0.0678759515285492,0.5523809790611267,0.758571445941925
YNR008W,YER062C,0,-0.65264094,0.06783625483512878,0.5523809790611267,0.7590476274490356
YBR081C,YGR141W,0,-0.6535682,0.06779661029577255,0.5523809790611267,0.7595238089561462
YCL033C,YLL009C,0,-0.65407634,0.0677570104598999,0.5523809790611267,0.7599999904632568
YGR285C,YBR154C,0,-0.65518206,0.06771745532751083,0.5523809790611267,0.7604761719703674
YEL018W,YDR224C,0,-0.65590566,0.06767794489860535,0.5523809790611267,0.760952353477478
YMR177W,YJL145W,0,-0.65598536,0.06763848662376404,0.5523809790611267,0.7614285945892334
YFL009W,YBR293W,0,-0.6564612,0.06759906560182571,0.5523809790611267,0.761904776096344
YLR249W,YDR165W,0,-0.6566487,0.06755969673395157,0.5523809790611267,0.7623809576034546
YOR061W,YER109C,0,-0.65701085,0.067520372569561,0.5523809790611267,0.7628571391105652
YLL041C,YLR405W,0,-0.6573685,0.06748109310865402,0.5523809790611267,0.7633333206176758
YBL052C,YMR311C,0,-0.65816754,0.06744185835123062,0.5523809790611267,0.7638095021247864
YOR168W,YPR081C,1,-0.6585714,0.0679837316274643,0.5571428537368774,0.7638095021247864
YPL214C,YFL013C,0,-0.65903956,0.0679442510008812,0.5571428537368774,0.7642857432365417
YGL006W,YJR052W,0,-0.65939593,0.06790481507778168,0.5571428537368774,0.7647619247436523
YOL126C,YDR142C,0,-0.6601516,0.06786543130874634,0.5571428537368774,0.7652381062507629
YJR055W,YEL065W,0,-0.66044444,0.06782608479261398,0.5571428537368774,0.7657142877578735
YLR023C,YOR157C,0,-0.66228014,0.0677867904305458,0.5571428537368774,0.7661904692649841
YNL288W,YGR178C,0,-0.6632553,0.06774754077196121,0.5571428537368774,0.7666666507720947
YIL033C,YPL125W,0,-0.66441774,0.0677083358168602,0.5571428537368774,0.7671428322792053
YGL200C,YDL090C,0,-0.66470045,0.06766917556524277,0.5571428537368774,0.7676190733909607
YDR116C,YBR131W,0,-0.66507995,0.06763006001710892,0.5571428537368774,0.7680952548980713
YFR031C,YBL079W,0,-0.6653127,0.06759098917245865,0.5571428537368774,0.7685714364051819
YDR372C,YDL036C,0,-0.6671145,0.06755196303129196,0.5571428537368774,0.7690476179122925
YNL251C,YFR048W,0,-0.6673226,0.06751298159360886,0.5571428537368774,0.7695237994194031
YHR073W,YER051W,0,-0.66740096,0.06747404485940933,0.5571428537368774,0.7699999809265137
YDR518W,YBR169C,0,-0.6681581,0.06743516027927399,0.5571428537368774,0.7704761624336243
YKL084W,YMR272C,0,-0.6688498,0.06739631295204163,0.5571428537368774,0.7709524035453796
YJL034W,YDR251W,0,-0.6699262,0.06735751032829285,0.5571428537368774,0.7714285850524902
YOR320C,YPL036W,0,-0.6702017,0.06731875985860825,0.5571428537368774,0.7719047665596008
YLR023C,YDR273W,0,-0.67043,0.06728004664182663,0.5571428537368774,0.7723809480667114
YJL134W,YDR303C,0,-0.6720497,0.0672413781285286,0.5571428537368774,0.772857129573822
YDR244W,YCL016C,0,-0.6722063,0.06720275431871414,0.5571428537368774,0.7733333110809326
YMR296C,YOL147C,0,-0.6722353,0.06716418266296387,0.5571428537368774,0.773809552192688
YGL236C,YDL198C,0,-0.6724405,0.06712564826011658,0.5571428537368774,0.7742857336997986
YJR059W,YJR074W,0,-0.6724933,0.06708715856075287,0.5571428537368774,0.7747619152069092
YOR259C,YHR075C,0,-0.6727869,0.06704871356487274,0.5571428537368774,0.7752380967140198
YOR229W,YNL259C,0,-0.6743645,0.0670103058218956,0.5571428537368774,0.7757142782211304
YER008C,YLR384C,0,-0.67492396,0.06697195023298264,0.5571428537368774,0.776190459728241
YKL194C,YBR121C,1,-0.6758377,0.06750571727752686,0.561904788017273,0.776190459728241
YPR081C,YLR382C,1,-0.67775625,0.06803888082504272,0.5666666626930237,0.776190459728241
YLL012W,YHR115C,0,-0.6779555,0.06800000369548798,0.5666666626930237,0.7766666412353516
YKL006C-A,YPR119W,0,-0.6782708,0.06796116381883621,0.5666666626930237,0.7771428823471069
YDL105W,YPR131C,0,-0.6794471,0.06792237609624863,0.5666666626930237,0.7776190638542175
YOR368W,YPL045W,0,-0.68001735,0.06788362562656403,0.5666666626930237,0.7780952453613281
YGL233W,YGR048W,0,-0.682273,0.0678449273109436,0.5666666626930237,0.7785714268684387
YKR062W,YIL124W,0,-0.6831025,0.06780626624822617,0.5666666626930237,0.7790476083755493
YML124C,YKL191W,0,-0.6833187,0.0677676573395729,0.5666666626930237,0.7795237898826599
YOR098C,YDR170C,0,-0.6836248,0.06772908568382263,0.5666666626930237,0.7799999713897705
YDR166C,YNR074C,0,-0.6841731,0.06769055873155594,0.5666666626930237,0.7804762125015259
YOR089C,YNR019W,0,-0.68441695,0.06765207648277283,0.5666666626930237,0.7809523940086365
YDR251W,YGL223C,0,-0.6844687,0.0676136389374733,0.5666666626930237,0.7814285755157471
YFL033C,YGR147C,0,-0.684563,0.06757523864507675,0.5666666626930237,0.7819047570228577
YOR095C,YGR014W,0,-0.68470645,0.06753689050674438,0.5666666626930237,0.7823809385299683
YDR481C,YPR068C,0,-0.6849746,0.067498579621315,0.5666666626930237,0.7828571200370789
YOL126C,YHR005C,0,-0.68508154,0.0674603208899498,0.5666666626930237,0.7833333611488342
YJL187C,YNL256W,0,-0.68536234,0.06742209941148758,0.5666666626930237,0.7838095426559448
YGR209C,YNL312W,0,-0.68560606,0.06738391518592834,0.5666666626930237,0.7842857241630554
YLR165C,YER024W,0,-0.6859592,0.06734578311443329,0.5666666626930237,0.784761905670166
YOL165C,YML062C,0,-0.6866986,0.06730769574642181,0.5666666626930237,0.7852380871772766
YCL040W,YMR037C,0,-0.6872888,0.06726964563131332,0.5666666626930237,0.7857142686843872
YDR479C,YDL007W,0,-0.68758243,0.06723164021968842,0.5666666626930237,0.7861904501914978
YMR068W,YOL117W,0,-0.6890743,0.06719367951154709,0.5666666626930237,0.7866666913032532
YLR291C,YLR195C,0,-0.68962365,0.06715575605630875,0.5666666626930237,0.7871428728103638
YFR030W,YDR461W,0,-0.6903941,0.06711787730455399,0.5666666626930237,0.7876190543174744
YKL042W,YGL078C,0,-0.6921521,0.0670800432562828,0.5666666626930237,0.788095235824585
YER062C,YKL214C,0,-0.6925403,0.06704225391149521,0.5666666626930237,0.7885714173316956
YIR008C,YLR276C,0,-0.69308776,0.0670045018196106,0.5666666626930237,0.7890475988388062
YKR025W,YJR059W,0,-0.6933958,0.06696679443120956,0.5666666626930237,0.7895237803459167
YJL061W,YHR084W,0,-0.6936296,0.06692913174629211,0.5666666626930237,0.7900000214576721
YNL023C,YDR300C,0,-0.69368774,0.06689151376485825,0.5666666626930237,0.7904762029647827
YER070W,YER157W,0,-0.69377214,0.06685393303632736,0.5666666626930237,0.7909523844718933
YOR239W,YKR090W,0,-0.69419837,0.06681639701128006,0.5666666626930237,0.7914285659790039
YGR261C,YGL065C,0,-0.69449544,0.06677889823913574,0.5666666626930237,0.7919047474861145
YJL053W,YOR172W,0,-0.6947087,0.066741444170475,0.5666666626930237,0.7923809289932251
YKR052C,YMR093W,0,-0.6949408,0.06670403480529785,0.5666666626930237,0.7928571701049805
YPL118W,YPL159C,0,-0.6958156,0.06666667014360428,0.5666666626930237,0.7933333516120911
YBR280C,YDR178W,0,-0.69672656,0.06662934273481369,0.5666666626930237,0.7938095331192017
YNR011C,YDL175C,0,-0.6975658,0.06659205257892609,0.5666666626930237,0.7942857146263123
YDL132W,YPR032W,0,-0.6983432,0.06655480712652206,0.5666666626930237,0.7947618961334229
YBR228W,YJL003W,0,-0.6992549,0.06651760637760162,0.5666666626930237,0.7952380776405334
YGR078C,YCL034W,0,-0.6994494,0.06648045033216476,0.5666666626930237,0.795714259147644
YOR253W,YMR229C,0,-0.7016286,0.06644332408905029,0.5666666626930237,0.7961905002593994
YOR185C,YBR119W,0,-0.70208466,0.06640625,0.5666666626930237,0.79666668176651
YNL038W,YBL034C,0,-0.70401114,0.06636921316385269,0.5666666626930237,0.7971428632736206
YNL210W,YBR182C,0,-0.7042008,0.06633222103118896,0.5666666626930237,0.7976190447807312
YDR160W,YDL174C,0,-0.7050585,0.06629526615142822,0.5666666626930237,0.7980952262878418
YDR113C,YLR158C,0,-0.7053396,0.06625834852457047,0.5666666626930237,0.7985714077949524
YCR066W,YJL001W,0,-0.7076159,0.06622148305177689,0.5666666626930237,0.799047589302063
YDR219C,YDR369C,0,-0.70763797,0.0661846473813057,0.5666666626930237,0.7995238304138184
YBR058C,YOR036W,0,-0.70839113,0.06614785641431808,0.5666666626930237,0.800000011920929
YGL238W,YDL006W,0,-0.70879084,0.06611111015081406,0.5666666626930237,0.8004761934280396
YDR039C,YGL025C,0,-0.7089028,0.06607440114021301,0.5666666626930237,0.8009523749351501
YGR119C,YER052C,0,-0.7092948,0.06603773683309555,0.5666666626930237,0.8014285564422607
YIL039W,YFR048W,0,-0.70941544,0.06600110977888107,0.5666666626930237,0.8019047379493713
YGL143C,YHR194W,0,-0.70951205,0.06596451997756958,0.5666666626930237,0.8023809790611267
YKR007W,YPL026C,0,-0.7098023,0.06592797487974167,0.5666666626930237,0.8028571605682373
YKR037C,YOL031C,0,-0.7112424,0.06589147448539734,0.5666666626930237,0.8033333420753479
YLR134W,YFR050C,0,-0.7129393,0.065855011343956,0.5666666626930237,0.8038095235824585
YLR183C,YGL049C,0,-0.71302885,0.06581858545541763,0.5666666626930237,0.8042857050895691
YPR162C,YEL018W,0,-0.7139575,0.06578219681978226,0.5666666626930237,0.8047618865966797
YJL210W,YML023C,0,-0.71435934,0.06574585288763046,0.5666666626930237,0.8052380681037903
YKR014C,YIL065C,0,-0.7151373,0.06570955365896225,0.5666666626930237,0.8057143092155457
YBR193C,YER001W,0,-0.7153903,0.06567329168319702,0.5666666626930237,0.8061904907226562
YLR074C,YKL049C,0,-0.71555245,0.06563706696033478,0.5666666626930237,0.8066666722297668
YGR171C,YPR081C,1,-0.71595895,0.06615214794874191,0.5714285969734192,0.8066666722297668
YOR253W,YIL008W,0,-0.71686727,0.06611569970846176,0.5714285969734192,0.8071428537368774
YOR081C,YKL085W,0,-0.7171393,0.06607929617166519,0.5714285969734192,0.807619035243988
YMR255W,YHR088W,0,-0.717946,0.0660429298877716,0.5714285969734192,0.8080952167510986
YOR245C,YKL113C,0,-0.7185405,0.066006600856781,0.5714285969734192,0.808571457862854
YBR092C,YNL065W,0,-0.7196893,0.06597031652927399,0.5714285969734192,0.8090476393699646
YJL117W,YMR172W,0,-0.72063226,0.06593406945466995,0.5714285969734192,0.8095238208770752
YKL204W,YJR118C,0,-0.72128224,0.0658978596329689,0.5714285969734192,0.8100000023841858
YDL137W,YBR158W,0,-0.7216684,0.06586168706417084,0.5714285969734192,0.8104761838912964
YKL093W,YOL016C,0,-0.721891,0.06582555919885635,0.5714285969734192,0.810952365398407
YIR026C,YER018C,0,-0.72402024,0.06578947603702545,0.5714285969734192,0.8114285469055176
YBR234C,YLR110C,0,-0.72436833,0.06575342267751694,0.5714285969734192,0.811904788017273
YDR208W,YLR154C,0,-0.72474396,0.065717414021492,0.5714285969734192,0.8123809695243835
YKL195W,YMR225C,0,-0.7252571,0.06568144261837006,0.5714285969734192,0.8128571510314941
YAL003W,YMR113W,0,-0.7255684,0.06564551591873169,0.5714285969734192,0.8133333325386047
YBR273C,YGL100W,0,-0.72593564,0.06560961902141571,0.5714285969734192,0.8138095140457153
YOR074C,YMR197C,0,-0.72651684,0.06557376682758331,0.5714285969734192,0.8142856955528259
YPL153C,YML127W,0,-0.727194,0.0655379593372345,0.5714285969734192,0.8147618770599365
YGR200C,YDL030W,0,-0.72727805,0.06550218164920807,0.5714285969734192,0.8152381181716919
YFR003C,YKL214C,0,-0.7278211,0.06546644866466522,0.5714285969734192,0.8157142996788025
YLR130C,YLR163C,0,-0.7278342,0.06543075293302536,0.5714285969734192,0.8161904811859131
YBR073W,YLR442C,0,-0.7278881,0.06539509445428848,0.5714285969734192,0.8166666626930237
YDR422C,YGR028W,0,-0.7281479,0.06535948067903519,0.5714285969734192,0.8171428442001343
YJR019C,YJL141C,0,-0.7282831,0.06532389670610428,0.5714285969734192,0.8176190257072449
YAL011W,YMR197C,0,-0.7288909,0.06528835743665695,0.5714285969734192,0.8180952668190002
YMR238W,YNL065W,0,-0.72896475,0.06525285542011261,0.5714285969734192,0.8185714483261108
YPL160W,YHR020W,1,-0.7299049,0.06576087325811386,0.5761904716491699,0.8185714483261108
YBR228W,YGR179C,0,-0.73078424,0.06572514772415161,0.5761904716491699,0.8190476298332214
YJL134W,YOL129W,0,-0.731041,0.06568946689367294,0.5761904716491699,0.819523811340332
YNL023C,YER143W,0,-0.73272985,0.06565382331609726,0.5761904716491699,0.8199999928474426
YDR270W,YKR066C,0,-0.733183,0.06561822444200516,0.5761904716491699,0.8204761743545532
YGL006W,YER094C,0,-0.73385245,0.06558265537023544,0.5761904716491699,0.8209523558616638
YDR465C,YBR002C,0,-0.73485214,0.06554713100194931,0.5761904716491699,0.8214285969734192
YAR031W,YJL020C,0,-0.7348704,0.06551164388656616,0.5761904716491699,0.8219047784805298
YPL048W,YDR123C,0,-0.73538315,0.065476194024086,0.5761904716491699,0.8223809599876404
YOR233W,YDR409W,0,-0.7354521,0.06544078141450882,0.5761904716491699,0.822857141494751
YGR091W,YGL094C,0,-0.73745036,0.06540540605783463,0.5761904716491699,0.8233333230018616
YKL006C-A,YOR143C,0,-0.7378103,0.06537006795406342,0.5761904716491699,0.8238095045089722
YNL219C,YMR247C,0,-0.73795277,0.06533477455377579,0.5761904716491699,0.8242856860160828
YKL194C,YPR081C,1,-0.738174,0.06583917886018753,0.5809524059295654,0.8242856860160828
YDR490C,YCR038C,0,-0.73906213,0.06580366939306259,0.5809524059295654,0.8247619271278381
YPL153C,YPL021W,0,-0.739101,0.06576819717884064,0.5809524059295654,0.8252381086349487
YJL134W,YCL055W,0,-0.73923415,0.06573276221752167,0.5809524059295654,0.8257142901420593
YPL232W,YHR036W,0,-0.74000174,0.06569736450910568,0.5809524059295654,0.8261904716491699
YOR335C,YHR020W,1,-0.7410662,0.06620021164417267,0.5857142806053162,0.8261904716491699
YJR125C,YNR033W,0,-0.7414718,0.06616460531949997,0.5857142806053162,0.8266666531562805
YGL106W,YPL175W,0,-0.7428197,0.06612902879714966,0.5857142806053162,0.8271428346633911
YPL040C,YOR335C,1,-0.74379677,0.06663084030151367,0.5904762148857117,0.8271428346633911
YNL084C,YOR057W,0,-0.74506485,0.06659506261348724,0.5904762148857117,0.8276190757751465
YGL090W,YNL239W,0,-0.7460242,0.0665593147277832,0.5904762148857117,0.8280952572822571
YLR229C,YKL192C,0,-0.74623233,0.06652360409498215,0.5904762148857117,0.8285714387893677
YFR048W,YMR197C,0,-0.74624187,0.06648793816566467,0.5904762148857117,0.8290476202964783
YLL041C,YDR255C,0,-0.74625593,0.06645230203866959,0.5904762148857117,0.8295238018035889
YML107C,YBR008C,0,-0.7467417,0.06641671061515808,0.5904762148857117,0.8299999833106995
YKR060W,YNL053W,0,-0.7474536,0.06638115644454956,0.5904762148857117,0.8304761648178101
YBR253W,YDR228C,0,-0.7477333,0.06634563952684402,0.5904762148857117,0.8309524059295654
YKL045W,YDL235C,0,-0.7482131,0.06631015986204147,0.5904762148857117,0.831428587436676
YAL023C,YBR092C,0,-0.7486411,0.0662747174501419,0.5904762148857117,0.8319047689437866
YLR405W,YGL229C,0,-0.74908584,0.06623931974172592,0.5904762148857117,0.8323809504508972
YLR129W,YGR090W,0,-0.75056946,0.06620395183563232,0.5904762148857117,0.8328571319580078
YCR020C-A,YBR154C,0,-0.75131047,0.06616862118244171,0.5904762148857117,0.8333333134651184
YML128C,YOL147C,0,-0.75145894,0.06613333523273468,0.5904762148857117,0.833809494972229
YLR429W,YNL015W,0,-0.7532013,0.06609807908535004,0.5904762148857117,0.8342857360839844
YBR081C,YDR235W,0,-0.75359136,0.06606286764144897,0.5904762148857117,0.834761917591095
YIL017C,YPR009W,0,-0.7537927,0.0660276859998703,0.5904762148857117,0.8352380990982056
YNL055C,YLR085C,0,-0.7543668,0.06599254906177521,0.5904762148857117,0.8357142806053162
YPL138C,YMR109W,0,-0.7558246,0.0659574493765831,0.5904762148857117,0.8361904621124268
YDL185W,YOR011W,0,-0.75639725,0.06592237949371338,0.5904762148857117,0.8366666436195374
YDR284C,YER013W,0,-0.75843674,0.06588735431432724,0.5904762148857117,0.8371428847312927
YMR033W,YHR060W,0,-0.75878114,0.06585236638784409,0.5904762148857117,0.8376190662384033
YDL043C,YKL019W,0,-0.7591741,0.06581740826368332,0.5904762148857117,0.8380952477455139
YGL245W,YFL022C,1,-0.7593201,0.0663129985332489,0.5952380895614624,0.8380952477455139
YPL237W,YKR022C,0,-0.76119393,0.06627783924341202,0.5952380895614624,0.8385714292526245
YOR123C,YDL115C,0,-0.7613823,0.06624270975589752,0.5952380895614624,0.8390476107597351
YER161C,YPL042C,0,-0.76161593,0.06620762497186661,0.5952380895614624,0.8395237922668457
YGR007W,YIL068C,0,-0.761665,0.06617257744073868,0.5952380895614624,0.8399999737739563
YHR020W,YFL022C,1,-0.76189834,0.06666667014360428,0.6000000238418579,0.8399999737739563
YNL161W,YLR262C,0,-0.7627246,0.06663141399621964,0.6000000238418579,0.8404762148857117
YDL017W,YPL084W,0,-0.7640801,0.06659619510173798,0.6000000238418579,0.8409523963928223
YDL201W,YKR082W,0,-0.7641924,0.0665610134601593,0.6000000238418579,0.8414285778999329
YNL290W,YER021W,0,-0.7658089,0.06652586907148361,0.6000000238418579,0.8419047594070435
YPL060W,YDR171W,0,-0.7666858,0.06649076193571091,0.6000000238418579,0.842380940914154
YHR006W,YDR163W,0,-0.76671326,0.06645569950342178,0.6000000238418579,0.8428571224212646
YNL107W,YDR412W,0,-0.76757455,0.06642066687345505,0.6000000238418579,0.8433333039283752
YGR041W,YJL093C,0,-0.7689275,0.0663856714963913,0.6000000238418579,0.8438095450401306
YKL005C,YDL092W,0,-0.76924664,0.06635071337223053,0.6000000238418579,0.8442857265472412
YNR032C-A,YMR243C,0,-0.770088,0.06631579250097275,0.6000000238418579,0.8447619080543518
YAR008W,YDR145W,0,-0.77045244,0.06628090143203735,0.6000000238418579,0.8452380895614624
YBR127C,YLR268W,0,-0.7708718,0.06624605506658554,0.6000000238418579,0.845714271068573
YCR075C,YDL069C,0,-0.77092725,0.06621124595403671,0.6000000238418579,0.8461904525756836
YCR037C,YPR032W,0,-0.7711016,0.06617647409439087,0.6000000238418579,0.846666693687439
YOL105C,YPL214C,0,-0.7713276,0.06614173203706741,0.6000000238418579,0.8471428751945496
YGL145W,YDR080W,0,-0.7722879,0.06610702723264694,0.6000000238418579,0.8476190567016602
YKL148C,YNL209W,0,-0.7723813,0.06607236713171005,0.6000000238418579,0.8480952382087708
YBR164C,YJL145W,0,-0.77240926,0.06603773683309555,0.6000000238418579,0.8485714197158813
YOR335C,YKL194C,1,-0.7758196,0.06652697920799255,0.6047618985176086,0.8485714197158813
YDR341C,YFL022C,1,-0.7762446,0.06701570749282837,0.6095238327980042,0.8485714197158813
YPL040C,YPL160W,1,-0.77649444,0.067503921687603,0.6142857074737549,0.8485714197158813
YOR002W,YCR092C,0,-0.7769346,0.06746862083673477,0.6142857074737549,0.8490476012229919
YGL236C,YJR074W,0,-0.77720606,0.06743334978818893,0.6142857074737549,0.8495237827301025
YPL002C,YOR355W,0,-0.77737504,0.06739811599254608,0.6142857074737549,0.8500000238418579
YGR231C,YDR378C,0,-0.77963454,0.06736292690038681,0.6142857074737549,0.8504762053489685
YML061C,YBL057C,0,-0.77978534,0.06732776761054993,0.6142857074737549,0.8509523868560791
YDR013W,YBR293W,0,-0.7800054,0.06729264557361603,0.6142857074737549,0.8514285683631897
YGR119C,YPR065W,0,-0.7800688,0.06725756078958511,0.6142857074737549,0.8519047498703003
YBR165W,YNL328C,0,-0.7807191,0.06722251325845718,0.6142857074737549,0.8523809313774109
YOR040W,YNL153C,0,-0.7812193,0.06718750298023224,0.6142857074737549,0.8528571724891663
YOL067C,YNL107W,0,-0.7820783,0.06715252250432968,0.6142857074737549,0.8533333539962769
YER072W,YDR485C,0,-0.78233194,0.0671175867319107,0.6142857074737549,0.8538095355033875
YOR259C,YBR253W,0,-0.7825227,0.06708268076181412,0.6142857074737549,0.854285717010498
YML036W,YOL090W,0,-0.7826049,0.06704781949520111,0.6142857074737549,0.8547618985176086
YNL280C,YML132W,0,-0.7850707,0.06701298803091049,0.6142857074737549,0.8552380800247192
YKL041W,YDL033C,0,-0.78623915,0.06697819381952286,0.6142857074737549,0.8557142615318298
YOR253W,YMR234W,0,-0.78661543,0.06694343686103821,0.6142857074737549,0.8561905026435852
YBR278W,YDR180W,0,-0.7873015,0.06690871715545654,0.6142857074737549,0.8566666841506958
YOL067C,YGL130W,0,-0.7879616,0.06687402725219727,0.6142857074737549,0.8571428656578064
YPR051W,YOL142W,0,-0.78799623,0.06683937460184097,0.6142857074737549,0.857619047164917
YNL128W,YOR381W,0,-0.7880156,0.06680476665496826,0.6142857074737549,0.8580952286720276
YGR113W,YLR363C,0,-0.7883898,0.06677018851041794,0.6142857074737549,0.8585714101791382
YML007W,YGR072W,0,-0.7884509,0.0667356476187706,0.6142857074737549,0.8590475916862488
YLR335W,YOR123C,0,-0.78845745,0.06670113652944565,0.6142857074737549,0.8595238327980042
YAL007C,YDL030W,0,-0.79050535,0.06666667014360428,0.6142857074737549,0.8600000143051147
YHR034C,YMR200W,0,-0.7911909,0.0666322335600853,0.6142857074737549,0.8604761958122253
YDL076C,YGR070W,0,-0.7912395,0.0665978342294693,0.6142857074737549,0.8609523773193359
YOL039W,YPL231W,0,-0.79278535,0.06656346470117569,0.6142857074737549,0.8614285588264465
YDR138W,YBR153W,0,-0.7929777,0.06652913987636566,0.6142857074737549,0.8619047403335571
YER164W,YGR147C,0,-0.7934901,0.06649484485387802,0.6142857074737549,0.8623809814453125
YAL051W,YLR361C,0,-0.79492676,0.06646058708429337,0.6142857074737549,0.8628571629524231
YLR192C,YDL201W,0,-0.7949749,0.0664263665676117,0.6142857074737549,0.8633333444595337
YER154W,YMR313C,0,-0.79536515,0.06639217585325241,0.6142857074737549,0.8638095259666443
YKR056W,YML065W,0,-0.7959414,0.06635802239179611,0.6142857074737549,0.8642857074737549
YPL106C,YBL064C,0,-0.7974602,0.0663239061832428,0.6142857074737549,0.8647618889808655
YLR405W,YER040W,0,-0.7979732,0.06628982722759247,0.6142857074737549,0.8652380704879761
YNL023C,YKL068W,0,-0.79802835,0.06625577807426453,0.6142857074737549,0.8657143115997314
YBR161W,YJL098W,0,-0.79831713,0.06622176617383957,0.6142857074737549,0.866190493106842
YLR381W,YLR183C,0,-0.7990758,0.0661877915263176,0.6142857074737549,0.8666666746139526
YDR483W,YML124C,0,-0.80180746,0.06615384668111801,0.6142857074737549,0.8671428561210632
YPL040C,YLR382C,1,-0.8030909,0.06663249433040619,0.6190476417541504,0.8671428561210632
YMR243C,YDR331W,0,-0.80348295,0.06659836322069168,0.6190476417541504,0.8676190376281738
YOR362C,YLL060C,0,-0.8036461,0.06656426191329956,0.6190476417541504,0.8680952191352844
YKL195W,YJL014W,0,-0.80388725,0.06653019785881042,0.6190476417541504,0.868571400642395
YGL245W,YOR335C,1,-0.8040969,0.06700767576694489,0.6238095164299011,0.868571400642395
YNL029C,YPL153C,0,-0.80502146,0.06697341799736023,0.6238095164299011,0.8690476417541504
YDR515W,YKR086W,0,-0.805168,0.06693919003009796,0.6238095164299011,0.869523823261261
YGR083C,YBR237W,0,-0.8078827,0.06690500676631927,0.6238095164299011,0.8700000047683716
YHR020W,YLR060W,1,-0.8088982,0.06738131493330002,0.6285714507102966,0.8700000047683716
YNL107W,YPR073C,0,-0.80892736,0.06734693795442581,0.6285714507102966,0.8704761862754822
YJR125C,YOR075W,0,-0.8099276,0.06731259822845459,0.6285714507102966,0.8709523677825928
YLR193C,YLR240W,0,-0.81169206,0.06727828830480576,0.6285714507102966,0.8714285492897034
YDR027C,YFR013W,0,-0.812121,0.0672440156340599,0.6285714507102966,0.8719047904014587
YGL245W,YHR020W,1,-0.81431264,0.06771893799304962,0.6333333253860474,0.8719047904014587
YJL053W,YBR126C,0,-0.81574166,0.06768447905778885,0.6333333253860474,0.8723809719085693
YDL031W,YOL121C,0,-0.81682366,0.06765004992485046,0.6333333253860474,0.8728571534156799
YLR088W,YKR024C,0,-0.81715995,0.06761565804481506,0.6333333253860474,0.8733333349227905
YPL046C,YNL206C,0,-0.8176899,0.06758130341768265,0.6333333253860474,0.8738095164299011
YDL243C,YKL113C,0,-0.8180359,0.06754697859287262,0.6333333253860474,0.8742856979370117
YMR293C,YLR221C,0,-0.81821567,0.06751269102096558,0.6333333253860474,0.8747618794441223
YDR045C,YAR002C-A,0,-0.81973845,0.06747844070196152,0.6333333253860474,0.8752381205558777
YJL058C,YDR167W,0,-0.81998163,0.06744422018527985,0.6333333253860474,0.8757143020629883
YLR314C,YER157W,0,-0.82068866,0.06741003692150116,0.6333333253860474,0.8761904835700989
YBL075C,YNL147W,0,-0.82381827,0.06737588346004486,0.6333333253860474,0.8766666650772095
YNL236W,YGL173C,0,-0.82401043,0.06734177470207214,0.6333333253860474,0.8771428465843201
YDL143W,YPL214C,0,-0.8255197,0.06730769574642181,0.6333333253860474,0.8776190280914307
YNL145W,YOR151C,0,-0.8256532,0.06727364659309387,0.6333333253860474,0.8780952095985413
YDR150W,YDL036C,0,-0.8257918,0.06723963469266891,0.6333333253860474,0.8785714507102966
YPL126W,YPR095C,0,-0.826023,0.06720566004514694,0.6333333253860474,0.8790476322174072
YGR141W,YGR009C,0,-0.8269984,0.06717171519994736,0.6333333253860474,0.8795238137245178
YLR362W,YIL021W,0,-0.82744765,0.06713780760765076,0.6333333253860474,0.8799999952316284
YBR043C,YOL045W,0,-0.8276388,0.06710393726825714,0.6333333253860474,0.880476176738739
YOR230W,YAL012W,0,-0.8296252,0.06707009673118591,0.6333333253860474,0.8809523582458496
YGL105W,YFL022C,1,-0.83239156,0.06754032522439957,0.6380952596664429,0.8809523582458496
YOR110W,YCR086W,0,-0.8343895,0.06750629842281342,0.6380952596664429,0.881428599357605
YIL008W,YCR082W,0,-0.8362219,0.06747230887413025,0.6380952596664429,0.8819047808647156
YER177W,YDL055C,0,-0.8373793,0.06743834912776947,0.6380952596664429,0.8823809623718262
YBR289W,YPL015C,0,-0.8381053,0.06740442663431168,0.6380952596664429,0.8828571438789368
YDR429C,YER001W,0,-0.8390683,0.06737054139375687,0.6380952596664429,0.8833333253860474
YNL248C,YCR053W,0,-0.8399735,0.06733668595552444,0.6380952596664429,0.883809506893158
YPL097W,YLR382C,1,-0.84124535,0.06780512630939484,0.6428571343421936,0.883809506893158
YJR063W,YOL121C,0,-0.8420044,0.06777108460664749,0.6428571343421936,0.8842856884002686
YDR394W,YBR169C,0,-0.8423515,0.06773708015680313,0.6428571343421936,0.8847619295120239
YDL058W,YBR273C,0,-0.844182,0.06770311295986176,0.6428571343421936,0.8852381110191345
YPL097W,YKL194C,1,-0.84439343,0.06817042827606201,0.6476190686225891,0.8852381110191345
YLR147C,YHR065C,0,-0.8445726,0.06813627481460571,0.6476190686225891,0.8857142925262451
YBL057C,YHR150W,0,-0.84500605,0.0681021511554718,0.6476190686225891,0.8861904740333557
YGR169C,YER178W,0,-0.8453427,0.06806806474924088,0.6476190686225891,0.8866666555404663
YGR048W,YPR110C,0,-0.84597415,0.06803401559591293,0.6476190686225891,0.8871428370475769
YKL149C,YJL141C,0,-0.84626883,0.06800000369548798,0.6476190686225891,0.8876190185546875
YHR181W,YHR152W,0,-0.8466585,0.06796601414680481,0.6476190686225891,0.8880952596664429
YGL245W,YLR060W,1,-0.84682196,0.06843157112598419,0.6523809432983398,0.8880952596664429
YLR193C,YKL205W,0,-0.84714276,0.0683974027633667,0.6523809432983398,0.8885714411735535
YBR243C,YOR115C,0,-0.8497989,0.06836327165365219,0.6523809432983398,0.8890476226806641
YFL059W,YKL053C-A,0,-0.8504447,0.06832917779684067,0.6523809432983398,0.8895238041877747
YOR232W,YBR211C,0,-0.8514453,0.06829511374235153,0.6523809432983398,0.8899999856948853
YKR038C,YNL207W,0,-0.85314816,0.06826108694076538,0.6523809432983398,0.8904761672019958
YLR451W,YIL026C,0,-0.8541598,0.06822708994150162,0.6523809432983398,0.8909524083137512
YPR030W,YJL141C,0,-0.85519105,0.06819313019514084,0.6523809432983398,0.8914285898208618
YER118C,YPR025C,0,-0.8564321,0.06815920770168304,0.6523809432983398,0.8919047713279724
YGL245W,YGL105W,1,-0.85733706,0.06862257421016693,0.6571428775787354,0.8919047713279724
YER008C,YLR176C,0,-0.85755545,0.06858847290277481,0.6571428775787354,0.892380952835083
YLR284C,YBL016W,0,-0.8576595,0.06855439394712448,0.6571428775787354,0.8928571343421936
YGL022W,YGL038C,0,-0.8581726,0.06852035969495773,0.6571428775787354,0.8933333158493042
YGL163C,YOL128C,0,-0.85825795,0.06848635524511337,0.6571428775787354,0.8938094973564148
YLR105C,YDR494W,0,-0.85825866,0.0684523805975914,0.6571428775787354,0.8942857384681702
YFL022C,YGR094W,1,-0.8590288,0.06891422718763351,0.6619047522544861,0.8942857384681702
YDR494W,YOR147W,0,-0.8602866,0.06888008117675781,0.6619047522544861,0.8947619199752808
YIL118W,YNL221C,0,-0.8602906,0.0688459649682045,0.6619047522544861,0.8952381014823914
YDR308C,YKR022C,0,-0.8619629,0.06881187856197357,0.6619047522544861,0.895714282989502
YOR260W,YDL036C,0,-0.8620068,0.06877782940864563,0.6619047522544861,0.8961904644966125
YER173W,YIL122W,0,-0.86370355,0.06874381750822067,0.6619047522544861,0.8966666460037231
YLR155C,YPR042C,0,-0.8639614,0.0687098354101181,0.6619047522544861,0.8971428275108337
YDL201W,YBR084W,0,-0.86486965,0.06867589056491852,0.6619047522544861,0.8976190686225891
YNL085W,YMR049C,0,-0.8651783,0.06864197552204132,0.6619047522544861,0.8980952501296997
YDR172W,YOR080W,0,-0.86519617,0.06860809773206711,0.6619047522544861,0.8985714316368103
YHR020W,YBR121C,1,-0.86555773,0.0690675899386406,0.6666666865348816,0.8985714316368103
YLR210W,YDR235W,0,-0.8657778,0.06903353333473206,0.6666666865348816,0.8990476131439209
YDL019C,YML093W,0,-0.8680486,0.0689995065331459,0.6666666865348816,0.8995237946510315
YKR063C,YPR020W,0,-0.87099844,0.06896551698446274,0.6666666865348816,0.8999999761581421
YGR163W,YOR244W,0,-0.87148756,0.06893155723810196,0.6666666865348816,0.9004762172698975
YBR177C,YNL172W,0,-0.8717166,0.06889763474464417,0.6666666865348816,0.9009523987770081
YPR024W,YKL028W,0,-0.87230563,0.06886374950408936,0.6666666865348816,0.9014285802841187
YLR193C,YDR072C,0,-0.8729628,0.06882989406585693,0.6666666865348816,0.9019047617912292
YDR116C,YGL093W,0,-0.873683,0.0687960684299469,0.6666666865348816,0.9023809432983398
YKL194C,YLR382C,1,-0.8737677,0.06925343722105026,0.6714285612106323,0.9023809432983398
YBR131W,YDL213C,0,-0.87568015,0.0692194402217865,0.6714285612106323,0.9028571248054504
YOR206W,YOR008C,0,-0.8779504,0.06918547302484512,0.6714285612106323,0.903333306312561
YPL097W,YPR081C,1,-0.8794703,0.06964198499917984,0.6761904954910278,0.903333306312561
YIR004W,YOR142W,0,-0.88049716,0.06960784643888474,0.6761904954910278,0.9038095474243164
YDR212W,YKR009C,0,-0.8820025,0.06957373768091202,0.6761904954910278,0.904285728931427
YOR195W,YGR030C,0,-0.8824167,0.06953966617584229,0.6761904954910278,0.9047619104385376
YDL113C,YNL068C,0,-0.88245827,0.06950563192367554,0.6761904954910278,0.9052380919456482
YJR143C,YBR154C,0,-0.88251436,0.06947162747383118,0.6761904954910278,0.9057142734527588
YGL105W,YPR033C,1,-0.8841621,0.06992664933204651,0.6809523701667786,0.9057142734527588
YKL173W,YPL212C,0,-0.88540006,0.06989247351884842,0.6809523701667786,0.9061904549598694
YKL046C,YDR353W,0,-0.8859575,0.06985832750797272,0.6809523701667786,0.9066666960716248
YKR022C,YPR103W,0,-0.8867769,0.06982421875,0.6809523701667786,0.9071428775787354
YJL154C,YJL111W,0,-0.88938934,0.06979013979434967,0.6809523701667786,0.907619059085846
YML057W,YLR193C,0,-0.89093155,0.06975609809160233,0.6809523701667786,0.9080952405929565
YLR276C,YHR060W,0,-0.89176923,0.06972208619117737,0.6809523701667786,0.9085714221000671
YNL241C,YBR286W,0,-0.89199984,0.0696881115436554,0.6809523701667786,0.9090476036071777
YCR026C,YOL133W,0,-0.89273554,0.06965416669845581,0.6809523701667786,0.9095237851142883
YNL288W,YHR036W,0,-0.89337814,0.06962025165557861,0.6809523701667786,0.9100000262260437
YJL010C,YDR243C,0,-0.89764196,0.0695863738656044,0.6809523701667786,0.9104762077331543
YJR160C,YOL045W,0,-0.89897776,0.06955252587795258,0.6809523701667786,0.9109523892402649
YDR395W,YGR083C,0,-0.90077734,0.06951871514320374,0.6809523701667786,0.9114285707473755
YNL088W,YBL102W,0,-0.903397,0.06948493421077728,0.6809523701667786,0.9119047522544861
YOR188W,YOL100W,0,-0.9040174,0.06945119053125381,0.6809523701667786,0.9123809337615967
YGR276C,YDR130C,0,-0.9043215,0.06941747665405273,0.6809523701667786,0.9128571152687073
YDR037W,YFL022C,1,-0.9062807,0.06986899673938751,0.6857143044471741,0.9128571152687073
YML016C,YDR175C,0,-0.9083226,0.0698351114988327,0.6857143044471741,0.9133333563804626
YGR286C,YHR060W,0,-0.9095985,0.06980126351118088,0.6857143044471741,0.9138095378875732
YGL004C,YPL243W,0,-0.9105585,0.06976744532585144,0.6857143044471741,0.9142857193946838
YDL198C,YLR264W,0,-0.91280943,0.06973365694284439,0.6857143044471741,0.9147619009017944
YOR347C,YNL003C,0,-0.91450316,0.06969990581274033,0.6857143044471741,0.915238082408905
YPL040C,YKL194C,1,-0.9151445,0.0701499730348587,0.6904761791229248,0.915238082408905
YGL225W,YGL065C,0,-0.91708,0.07011605054140091,0.6904761791229248,0.9157142639160156
YGL105W,YPL160W,1,-0.9177904,0.07056549191474915,0.6952381134033203,0.9157142639160156
YNL267W,YDR364C,0,-0.918301,0.07053139805793762,0.6952381134033203,0.916190505027771
YBR086C,YLL019C,0,-0.9184688,0.07049734145402908,0.6952381134033203,0.9166666865348816
YPL040C,YOL033W,1,-0.9209299,0.07094594836235046,0.699999988079071,0.9166666865348816
YOL148C,YJL008C,0,-0.9210275,0.0709117203950882,0.699999988079071,0.9171428680419922
YER093C,YDR386W,0,-0.92421895,0.07087752968072891,0.699999988079071,0.9176190495491028
YOR168W,YBR121C,1,-0.92470455,0.07132530212402344,0.7047619223594666,0.9176190495491028
YFR031C,YER157W,0,-0.925786,0.07129094749689102,0.7047619223594666,0.9180952310562134
YER070W,YMR093W,0,-0.9264611,0.071256622672081,0.7047619223594666,0.918571412563324
YPL053C,YAL043C,0,-0.9275115,0.07122232764959335,0.7047619223594666,0.9190475940704346
YKR022C,YJL002C,0,-0.928019,0.0711880698800087,0.7047619223594666,0.9195238351821899
YHR020W,YPR033C,1,-0.92962724,0.07163461297750473,0.7095237970352173,0.9195238351821899
YOR168W,YGL105W,1,-0.9298163,0.07208073139190674,0.7142857313156128,0.9195238351821899
YML128C,YLL009C,0,-0.93043226,0.07204610854387283,0.7142857313156128,0.9200000166893005
YBR085W,YIL037C,0,-0.9342769,0.07201152294874191,0.7142857313156128,0.9204761981964111
YBL035C,YIL097W,0,-0.9381085,0.07197696715593338,0.7142857313156128,0.9209523797035217
YGL037C,YDR329C,0,-0.93821305,0.07194244861602783,0.7142857313156128,0.9214285612106323
YCL035C,YJL104W,0,-0.94115883,0.07190795987844467,0.7142857313156128,0.9219047427177429
YKL099C,YHR161C,0,-0.94376856,0.0718735009431839,0.7142857313156128,0.9223809242248535
YGR171C,YOL033W,1,-0.9477465,0.07231801003217697,0.7190476059913635,0.9223809242248535
YIL149C,YLL004W,0,-0.9489917,0.07228338718414307,0.7190476059913635,0.9228571653366089
YDR499W,YOR103C,0,-0.95046,0.07224880158901215,0.7190476059913635,0.9233333468437195
YLR246W,YDR162C,0,-0.95295256,0.07221425324678421,0.7190476059913635,0.9238095283508301
YNR011C,YKL045W,0,-0.9539902,0.07217973470687866,0.7190476059913635,0.9242857098579407
YBL004W,YGR195W,0,-0.9541761,0.0721452459692955,0.7190476059913635,0.9247618913650513
YAL002W,YKR076W,0,-0.9542061,0.07211079448461533,0.7190476059913635,0.9252380728721619
YMR089C,YOL068C,0,-0.9556442,0.07207637280225754,0.7190476059913635,0.9257143139839172
YDR378C,YEL013W,0,-0.9564538,0.07204198837280273,0.7190476059913635,0.9261904954910278
YBR214W,YLR006C,0,-0.95936674,0.07200762629508972,0.7190476059913635,0.9266666769981384
YOR168W,YGR094W,1,-0.9594198,0.0724499523639679,0.723809540271759,0.9266666769981384
YJL053W,YLR429W,0,-0.9615454,0.07241543382406235,0.723809540271759,0.927142858505249
YDL076C,YIL063C,0,-0.963275,0.07238095253705978,0.723809540271759,0.9276190400123596
YDR320C,YDL087C,0,-0.96410483,0.07234650105237961,0.723809540271759,0.9280952215194702
YMR044W,YKL059C,0,-0.9649352,0.07231208682060242,0.723809540271759,0.9285714030265808
YCR086W,YGL098W,0,-0.9652754,0.07227769494056702,0.723809540271759,0.9290476441383362
YKR022C,YOR143C,0,-0.9662872,0.0722433477640152,0.723809540271759,0.9295238256454468
YGR280C,YBR172C,0,-0.9667129,0.07220902293920517,0.723809540271759,0.9300000071525574
YDR518W,YGL038C,0,-0.96749526,0.07217473536729813,0.723809540271759,0.930476188659668
YOR259C,YNL222W,0,-0.9681029,0.07214048504829407,0.723809540271759,0.9309523701667786
YFR004W,YNL331C,0,-0.9684869,0.0721062645316124,0.723809540271759,0.9314285516738892
YOR231W,YPL270W,0,-0.97159576,0.07207207381725311,0.723809540271759,0.9319047331809998
YCL051W,YOR171C,0,-0.97184294,0.07203791290521622,0.723809540271759,0.9323809742927551
YGR202C,YAL043C,0,-0.97266096,0.0720037892460823,0.723809540271759,0.9328571557998657
YDR116C,YCR088W,0,-0.97306067,0.07196969538927078,0.723809540271759,0.9333333373069763
YMR113W,YDL150W,0,-0.9749792,0.07193563878536224,0.723809540271759,0.9338095188140869
YKL189W,YHR166C,0,-0.97511435,0.07190161198377609,0.723809540271759,0.9342857003211975
YPR187W,YDR129C,0,-0.9773538,0.07186761498451233,0.723809540271759,0.9347618818283081
YBR082C,YML118W,0,-0.9785957,0.07183364778757095,0.723809540271759,0.9352381229400635
YML007W,YGR222W,0,-0.979888,0.07179971784353256,0.723809540271759,0.9357143044471741
YDR325W,YFR028C,0,-0.9816213,0.07176581770181656,0.723809540271759,0.9361904859542847
YLR069C,YDL147W,0,-0.9840247,0.07173194736242294,0.723809540271759,0.9366666674613953
YLR175W,YLR008C,0,-0.98530304,0.07169811427593231,0.723809540271759,0.9371428489685059
YIR008C,YEL051W,0,-0.9854898,0.07166431099176407,0.723809540271759,0.9376190304756165
YGL105W,YOR335C,1,-0.9874786,0.07210179418325424,0.7285714149475098,0.9376190304756165
YDL058W,YNL123W,0,-0.9884009,0.07206782698631287,0.7285714149475098,0.938095211982727
YPL235W,YNL110C,0,-0.9886858,0.07203389704227448,0.7285714149475098,0.9385714530944824
YBR073W,YGR224W,0,-0.9918409,0.07199999690055847,0.7285714149475098,0.939047634601593
YGL129C,YER162C,0,-0.9964183,0.07196613401174545,0.7285714149475098,0.9395238161087036
YLR249W,YGR280C,0,-0.99731153,0.07193230092525482,0.7285714149475098,0.9399999976158142
YDR221W,YDR311W,0,-0.99792236,0.07189849764108658,0.7285714149475098,0.9404761791229248
YDR181C,YOR112W,0,-1.0014386,0.07186472415924072,0.7285714149475098,0.9409523606300354
YDR162C,YGL038C,0,-1.0030634,0.07183098793029785,0.7285714149475098,0.941428542137146
YML012W,YDR099W,0,-1.0033172,0.07179728150367737,0.7285714149475098,0.9419047832489014
YAL011W,YGR028W,0,-1.0044593,0.07176360487937927,0.7285714149475098,0.942380964756012
YML105C,YNL001W,0,-1.005261,0.07172995805740356,0.7285714149475098,0.9428571462631226
YGL105W,YLR060W,1,-1.0073268,0.07216494530439377,0.7333333492279053,0.9428571462631226
YPL020C,YPL240C,0,-1.007389,0.07213114947080612,0.7333333492279053,0.9433333277702332
YKR025W,YPR190C,0,-1.0076612,0.07209737598896027,0.7333333492279053,0.9438095092773438
YBR289W,YJR076C,0,-1.009176,0.0720636397600174,0.7333333492279053,0.9442856907844543
YHR056C,YNR074C,0,-1.009195,0.07202993333339691,0.7333333492279053,0.9447619318962097
YPL151C,YJL140W,0,-1.0094501,0.07199625670909882,0.7333333492279053,0.9452381134033203
YKL016C,YLR117C,0,-1.0099176,0.0719626173377037,0.7333333492279053,0.9457142949104309
YGR276C,YMR016C,0,-1.0119431,0.07192900776863098,0.7333333492279053,0.9461904764175415
YNR038W,YMR065W,0,-1.0130334,0.07189542800188065,0.7333333492279053,0.9466666579246521
YHR098C,YKL126W,0,-1.0130591,0.0718618780374527,0.7333333492279053,0.9471428394317627
YDR170C,YKR063C,0,-1.014656,0.07182835787534714,0.7333333492279053,0.9476190209388733
YBR265W,YLR304C,0,-1.0165423,0.07179487496614456,0.7333333492279053,0.9480952620506287
YDL153C,YDR372C,0,-1.019117,0.07176141440868378,0.7333333492279053,0.9485714435577393
YKR067W,YDR054C,0,-1.0197911,0.07172799110412598,0.7333333492279053,0.9490476250648499
YGL245W,YPL160W,1,-1.020251,0.07216014713048935,0.738095223903656,0.9490476250648499
YDR099W,YCR060W,0,-1.0256743,0.07212656736373901,0.738095223903656,0.9495238065719604
YDR099W,YNL154C,0,-1.0260777,0.07209302484989166,0.738095223903656,0.949999988079071
YPL097W,YOL033W,1,-1.0294107,0.07252440601587296,0.7428571581840515,0.949999988079071
YBR195C,YOR089C,0,-1.0304824,0.07249070703983307,0.7428571581840515,0.9504761695861816
YBR283C,YOL016C,0,-1.0317146,0.07245703786611557,0.7428571581840515,0.950952410697937
YHR005C,YNR013C,0,-1.0348213,0.07242339849472046,0.7428571581840515,0.9514285922050476
YLR396C,YLR085C,0,-1.0349402,0.07238978892564774,0.7428571581840515,0.9519047737121582
YOR034C,YOR160W,0,-1.0357178,0.072356216609478,0.7428571581840515,0.9523809552192688
YNR017W,YOR204W,0,-1.0357468,0.07232267409563065,0.7428571581840515,0.9528571367263794
YLR276C,YDR110W,0,-1.0366633,0.07228915393352509,0.7428571581840515,0.95333331823349
YPL170W,YBR083W,0,-1.0416908,0.07225567102432251,0.7428571581840515,0.9538094997406006
YPL160W,YFL022C,1,-1.0419092,0.07268518209457397,0.7476190328598022,0.9538094997406006
YGR007W,YJR090C,0,-1.0421698,0.07265155017375946,0.7476190328598022,0.954285740852356
YDR037W,YGL105W,1,-1.0443271,0.07308048009872437,0.7523809671401978,0.954285740852356
YLR105C,YKL082C,0,-1.0464458,0.07304669171571732,0.7523809671401978,0.9547619223594666
YPR033C,YBR121C,1,-1.0487382,0.07347504794597626,0.7571428418159485,0.9547619223594666
YLR060W,YGR094W,1,-1.0498408,0.07390300184488297,0.761904776096344,0.9547619223594666
YDL197C,YLR238W,0,-1.050079,0.07386888563632965,0.761904776096344,0.9552381038665771
YLR060W,YBR121C,1,-1.0501297,0.0742962583899498,0.7666666507720947,0.9552381038665771
YGL245W,YBR121C,1,-1.0546744,0.0747232437133789,0.7714285850524902,0.9552381038665771
YPL160W,YLR060W,1,-1.0553489,0.07514984160661697,0.776190459728241,0.9552381038665771
YOR168W,YPR033C,1,-1.056225,0.07557603716850281,0.7809523940086365,0.9552381038665771
YGL245W,YPR033C,1,-1.056633,0.0760018453001976,0.7857142686843872,0.9552381038665771
YHR106W,YMR229C,0,-1.0648743,0.07596684992313385,0.7857142686843872,0.9557142853736877
YOL033W,YKL194C,1,-1.0651605,0.07639208436012268,0.7904762029647827,0.9557142853736877
YDR037W,YHR020W,1,-1.0661315,0.07681692391633987,0.7952380776405334,0.9557142853736877
YBR086C,YML038C,0,-1.068926,0.07678160816431046,0.7952380776405334,0.9561904668807983
YIR011C,YNL201C,0,-1.0692573,0.07674632221460342,0.7952380776405334,0.9566666483879089
YNL173C,YOR113W,0,-1.0694841,0.07671107351779938,0.7952380776405334,0.9571428298950195
YKR082W,YKL122C,0,-1.0709915,0.07667584717273712,0.7952380776405334,0.9576190710067749
YOL054W,YGL004C,0,-1.0728137,0.07664065808057785,0.7952380776405334,0.9580952525138855
YKL108W,YDR439W,0,-1.0754567,0.07660550624132156,0.7952380776405334,0.9585714340209961
YML021C,YLR262C,0,-1.0779688,0.07657038420438766,0.7952380776405334,0.9590476155281067
YBR236C,YJR084W,0,-1.0779853,0.07653529196977615,0.7952380776405334,0.9595237970352173
YNL129W,YOR054C,0,-1.0798168,0.07650022953748703,0.7952380776405334,0.9599999785423279
YOR129C,YAL047C,0,-1.0805893,0.07646520435810089,0.7952380776405334,0.9604762196540833
YOR168W,YLR060W,1,-1.0824105,0.07688786834478378,0.800000011920929,0.9604762196540833
YKL025C,YOL021C,0,-1.0824134,0.0768527016043663,0.800000011920929,0.9609524011611938
YOR269W,YNL299W,0,-1.0840235,0.07681755721569061,0.800000011920929,0.9614285826683044
YOR168W,YFL022C,1,-1.0881829,0.077239491045475,0.8047618865966797,0.9614285826683044
YDR341C,YHR020W,1,-1.0898209,0.07766102999448776,0.8095238208770752,0.9614285826683044
YGL245W,YDR341C,1,-1.0911592,0.07808218896389008,0.8142856955528259,0.9614285826683044
YDR037W,YGR094W,1,-1.0922475,0.07850296795368195,0.8190476298332214,0.9614285826683044
YHR020W,YGR094W,1,-1.0935767,0.07892335951328278,0.8238095045089722,0.9614285826683044
YHR098C,YMR061W,0,-1.0953804,0.07888736575841904,0.8238095045089722,0.961904764175415
YJL029C,YKL203C,0,-1.0989833,0.07885140925645828,0.8238095045089722,0.9623809456825256
YCR014C,YML121W,0,-1.1001244,0.07881549000740051,0.8238095045089722,0.9628571271896362
YDR110W,YJR031C,0,-1.1026118,0.07877960056066513,0.8238095045089722,0.9633333086967468
YDR037W,YLR060W,1,-1.104829,0.07919890433549881,0.8285714387893677,0.9633333086967468
YPL002C,YDL092W,0,-1.1088762,0.07916287332773209,0.8285714387893677,0.9638095498085022
YKR089C,YPL153C,0,-1.1102248,0.07912687957286835,0.8285714387893677,0.9642857313156128
YGL245W,YGR094W,1,-1.1113582,0.07954545319080353,0.8333333134651184,0.9642857313156128
YGR202C,YPL069C,0,-1.1118228,0.07950931042432785,0.8333333134651184,0.9647619128227234
YPL087W,YGR097W,0,-1.1144214,0.07947320491075516,0.8333333134651184,0.965238094329834
YOR168W,YDR037W,1,-1.1150208,0.07989105582237244,0.8380952477455139,0.965238094329834
YOL148C,YGL086W,0,-1.1166472,0.0798548087477684,0.8380952477455139,0.9657142758369446
YOR168W,YDR341C,1,-1.1176006,0.08027210831642151,0.8428571224212646,0.9657142758369446
YOR335C,YFL022C,1,-1.1185696,0.08068902790546417,0.8476190567016602,0.9657142758369446
YMR308C,YMR033W,0,-1.1210551,0.08065246790647507,0.8476190567016602,0.9661904573440552
YNR023W,YBR288C,0,-1.1215173,0.08061594516038895,0.8476190567016602,0.9666666388511658
YKL051W,YER094C,0,-1.1233236,0.08057944476604462,0.8476190567016602,0.9671428799629211
YOR194C,YDR205W,0,-1.1241499,0.08054298907518387,0.8476190567016602,0.9676190614700317
YPL123C,YGL180W,0,-1.1254599,0.08050655573606491,0.8476190567016602,0.9680952429771423
YFL022C,YPR033C,1,-1.1296601,0.08092224597930908,0.8523809313774109,0.9680952429771423
YML067C,YNL259C,0,-1.1307935,0.08088567852973938,0.8523809313774109,0.9685714244842529
YMR236W,YMR235C,0,-1.1359994,0.08084914088249207,0.8523809313774109,0.9690476059913635
YCR083W,YDL223C,0,-1.13719,0.08081264048814774,0.8523809313774109,0.9695237874984741
YPR033C,YGR094W,1,-1.1379588,0.08122743666172028,0.8571428656578064,0.9695237874984741
YLL008W,YMR260C,0,-1.1383178,0.0811907947063446,0.8571428656578064,0.9700000286102295
YDL031W,YDR073W,0,-1.1449187,0.08115419000387192,0.8571428656578064,0.9704762101173401
YEL042W,YGR014W,0,-1.14551,0.08111762255430222,0.8571428656578064,0.9709523916244507
YDR037W,YPL160W,1,-1.1479297,0.08153153210878372,0.8619047403335571,0.9709523916244507
YML094W,YDL208W,0,-1.1505369,0.08149482309818268,0.8619047403335571,0.9714285731315613
YMR005W,YML107C,0,-1.156607,0.08145814388990402,0.8619047403335571,0.9719047546386719
YOR081C,YNL169C,0,-1.1595585,0.08142150193452835,0.8619047403335571,0.9723809361457825
YOL033W,YLR382C,1,-1.1599865,0.08183453232049942,0.8666666746139526,0.9723809361457825
YKR039W,YIL051C,0,-1.1611618,0.081797756254673,0.8666666746139526,0.9728571176528931
YBR170C,YJL001W,0,-1.1645064,0.08176100999116898,0.8666666746139526,0.9733333587646484
YGR005C,YDR292C,0,-1.1646279,0.08172429352998734,0.8666666746139526,0.973809540271759
YDR153C,YKR039W,0,-1.164953,0.08168761432170868,0.8666666746139526,0.9742857217788696
YDR395W,YNL118C,0,-1.1668653,0.08165096491575241,0.8666666746139526,0.9747619032859802
YCR093W,YKL101W,0,-1.1681907,0.08161435276269913,0.8666666746139526,0.9752380847930908
YBR272C,YHR067W,0,-1.1776017,0.08157777041196823,0.8666666746139526,0.9757142663002014
YMR140W,YAL002W,0,-1.1809413,0.08154121786355972,0.8666666746139526,0.976190447807312
YNL088W,YLR003C,0,-1.1822538,0.0815047025680542,0.8666666746139526,0.9766666889190674
YJR082C,YPL069C,0,-1.1863594,0.08146821707487106,0.8666666746139526,0.977142870426178
YML105C,YDR057W,0,-1.189611,0.08143176883459091,0.8666666746139526,0.9776190519332886
YGR202C,YHR102W,0,-1.194422,0.08139535039663315,0.8666666746139526,0.9780952334403992
YMR236W,YPR017C,0,-1.1952441,0.08135896176099777,0.8666666746139526,0.9785714149475098
YNL037C,YPR198W,0,-1.1966279,0.08132261037826538,0.8666666746139526,0.9790475964546204
YKR022C,YJL074C,0,-1.2004794,0.08128628879785538,0.8666666746139526,0.9795238375663757
YOR020C,YJR068W,0,-1.2009376,0.08124999701976776,0.8666666746139526,0.9800000190734863
YIL143C,YDR244W,0,-1.2051097,0.08121374249458313,0.8666666746139526,0.9804762005805969
YDR341C,YGL105W,1,-1.2057852,0.08162354677915573,0.8714285492897034,0.9804762005805969
YDL143W,YBR216C,0,-1.2167983,0.08158715814352036,0.8714285492897034,0.9809523820877075
YFL005W,YFL037W,0,-1.2205836,0.08155079931020737,0.8714285492897034,0.9814285635948181
YOR132W,YBR260C,0,-1.221879,0.08151447772979736,0.8714285492897034,0.9819047451019287
YDL004W,YBR106W,0,-1.2233616,0.08147818595170975,0.8714285492897034,0.9823809266090393
YLL008W,YDR346C,0,-1.2240144,0.08144192397594452,0.8714285492897034,0.9828571677207947
YMR311C,YLR216C,0,-1.2289277,0.08140569180250168,0.8714285492897034,0.9833333492279053
YOR243C,YHR085W,0,-1.2303323,0.08136949688196182,0.8714285492897034,0.9838095307350159
YPL093W,YNL244C,0,-1.2334553,0.08133333176374435,0.8714285492897034,0.9842857122421265
YPL232W,YDR527W,0,-1.2423813,0.08129720389842987,0.8714285492897034,0.9847618937492371
YOL033W,YPR081C,1,-1.2451792,0.08170515298843384,0.8761904835700989,0.9847618937492371
YGL055W,YBL024W,0,-1.2453973,0.08166888356208801,0.8761904835700989,0.9852380752563477
YJR090C,YOL100W,0,-1.2636573,0.08163265138864517,0.8761904835700989,0.9857142567634583
YOR335C,YBR121C,1,-1.2682006,0.08203991502523422,0.8809523582458496,0.9857142567634583
YLR238W,YJL035C,0,-1.2811598,0.08200354874134064,0.8809523582458496,0.9861904978752136
YOR335C,YPR033C,1,-1.2814989,0.08241027593612671,0.8857142925262451,0.9861904978752136
YDL004W,YDR150W,0,-1.2816896,0.08237378299236298,0.8857142925262451,0.9866666793823242
YLR150W,YDR450W,0,-1.2864473,0.08233731985092163,0.8857142925262451,0.9871428608894348
YDR335W,YDR427W,0,-1.2887807,0.08230088651180267,0.8857142925262451,0.9876190423965454
YDL076C,YER105C,0,-1.289083,0.0822644829750061,0.8857142925262451,0.988095223903656
YPL138C,YKL064W,0,-1.296496,0.08222811669111252,0.8857142925262451,0.9885714054107666
YOR241W,YOR144C,0,-1.2977756,0.08219178020954132,0.8857142925262451,0.989047646522522
YGL105W,YBR121C,1,-1.2978201,0.08259717375040054,0.8904761672019958,0.989047646522522
YDR341C,YGR094W,1,-1.3003109,0.08300220966339111,0.8952381014823914,0.989047646522522
YOR260W,YPL106C,0,-1.3006606,0.08296557515859604,0.8952381014823914,0.9895238280296326
YDR284C,YDL007W,0,-1.3080361,0.08292897790670395,0.8952381014823914,0.9900000095367432
YGL105W,YGR094W,1,-1.3081081,0.0833333358168602,0.8999999761581421,0.9900000095367432
YPL160W,YBR121C,1,-1.3094444,0.0837373286485672,0.9047619104385376,0.9900000095367432
YOR168W,YPL160W,1,-1.3230691,0.08414097130298615,0.9095237851142883,0.9900000095367432
YKL014C,YDR465C,0,-1.3290218,0.08410391956567764,0.9095237851142883,0.9904761910438538
YKL014C,YBR247C,0,-1.3556161,0.08406690508127213,0.9095237851142883,0.9909523725509644
YPL160W,YGR094W,1,-1.36026,0.08446986228227615,0.9142857193946838,0.9909523725509644
YFL022C,YLR060W,1,-1.3771935,0.08487246930599213,0.9190475940704346,0.9909523725509644
YDR037W,YBR121C,1,-1.3807502,0.08527472615242004,0.9238095283508301,0.9909523725509644
YMR309C,YBR010W,0,-1.3849472,0.08523725718259811,0.9238095283508301,0.991428554058075
YDR037W,YOR335C,1,-1.3877441,0.08563899993896484,0.9285714030265808,0.991428554058075
YDR341C,YPL160W,1,-1.3919153,0.08604038506746292,0.9333333373069763,0.991428554058075
YDR341C,YLR060W,1,-1.3930922,0.08644142001867294,0.938095211982727,0.991428554058075
YDR524C,YDL155W,0,-1.401448,0.0864035114645958,0.938095211982727,0.9919047355651855
YOL149W,YPL145C,0,-1.402739,0.08636563271284103,0.938095211982727,0.9923809766769409
YKL014C,YML093W,0,-1.4041378,0.08632778376340866,0.938095211982727,0.9928571581840515
YPL138C,YDR163W,0,-1.4078052,0.08628997206687927,0.938095211982727,0.9933333396911621
YIR004W,YDR179C,0,-1.4080548,0.08625219017267227,0.938095211982727,0.9938095211982727
YOR335C,YLR060W,1,-1.419466,0.08665207773447037,0.9428571462631226,0.9938095211982727
YOR056C,YLR409C,0,-1.4209936,0.08661417663097382,0.9428571462631226,0.9942857027053833
YDR341C,YPR033C,1,-1.4250553,0.08701355755329132,0.9476190209388733,0.9942857027053833
YOR168W,YOR335C,1,-1.4440489,0.08741258829832077,0.9523809552192688,0.9942857027053833
YOL148C,YDR463W,0,-1.4478781,0.08737439662218094,0.9523809552192688,0.9947618842124939
YDR486C,YOR185C,0,-1.4763306,0.08733624219894409,0.9523809552192688,0.9952380657196045
YBR121C,YGR094W,1,-1.4861557,0.08773461729288101,0.9571428298950195,0.9952380657196045
YKL189W,YNR007C,0,-1.4976861,0.08769633620977402,0.9571428298950195,0.9957143068313599
YMR092C,YPR103W,0,-1.510306,0.08765809237957001,0.9571428298950195,0.9961904883384705
YOR335C,YGR094W,1,-1.5217283,0.0880557969212532,0.961904764175415,0.9961904883384705
YDR341C,YDR037W,1,-1.5381984,0.08845315873622894,0.9666666388511658,0.9961904883384705
YJL140W,YBL064C,0,-1.5422347,0.08841463178396225,0.9666666388511658,0.996666669845581
YER045C,YOL045W,0,-1.5453124,0.08837614208459854,0.9666666388511658,0.9971428513526917
YOR335C,YPL160W,1,-1.5658808,0.08877284824848175,0.9714285731315613,0.9971428513526917
YDR037W,YPR033C,1,-1.5696486,0.0891692042350769,0.976190447807312,0.9971428513526917
YPL097W,YGR171C,1,-1.5895706,0.0895652174949646,0.9809523820877075,0.9971428513526917
YLR186W,YML093W,0,-1.5983515,0.08952629566192627,0.9809523820877075,0.9976190328598022
YNR017W,YEL027W,0,-1.6016649,0.08948740363121033,0.9809523820877075,0.9980952143669128
YDL113C,YKL139W,0,-1.6217427,0.08944854885339737,0.9809523820877075,0.9985714554786682
YDR341C,YOR335C,1,-1.6373153,0.08984375,0.9857142567634583,0.9985714554786682
YMR049C,YJL122W,0,-1.6716413,0.0898047685623169,0.9857142567634583,0.9990476369857788
YMR091C,YMR179W,0,-1.6773642,0.08976583182811737,0.9857142567634583,0.9995238184928894
YDR341C,YBR121C,1,-1.7241243,0.09016038477420807,0.9904761910438538,0.9995238184928894
YPL160W,YPR033C,1,-1.9919431,0.09055459499359131,0.9952380657196045,0.9995238184928894
YPR033C,YLR060W,1,-1.996928,0.09094846248626709,1.0,0.9995238184928894
YDL153C,YDL148C,0,-2.0490208,0.09090909361839294,1.0,1.0
