Gene A,Gene B,Label,Score,Precision,Recall,False Positive Rate
YGR288W,YLR098C,1,0.32290846,1.0,0.0010000000474974513,0.0
YJL014W,YLR135W,0,0.30604753,0.5,0.0010000000474974513,9.999999747378752e-05
YGR288W,YNL023C,1,0.29471585,0.6666666865348816,0.0020000000949949026,9.999999747378752e-05
YOL126C,YLR284C,0,0.2933936,0.5,0.0020000000949949026,0.00019999999494757503
YKL112W,YIL101C,1,0.282829,0.6000000238418579,0.003000000026077032,0.00019999999494757503
YBR010W,YDL085W,0,0.2757402,0.5,0.003000000026077032,0.0003000000142492354
YGR121C,YHR119W,0,0.27278,0.4285714328289032,0.003000000026077032,0.00039999998989515007
YLR466W,YLR135W,0,0.2602428,0.375,0.003000000026077032,0.0005000000237487257
YDR459C,YPL268W,0,0.25568894,0.3333333432674408,0.003000000026077032,0.0006000000284984708
YOR005C,YDL195W,0,0.24907671,0.30000001192092896,0.003000000026077032,0.000699999975040555
YOR330C,YGR109C,0,0.23878287,0.27272728085517883,0.003000000026077032,0.0007999999797903001
YMR032W,YBL105C,0,0.23552988,0.25,0.003000000026077032,0.0008999999845400453
YHR052W,YGR230W,0,0.23340194,0.23076923191547394,0.003000000026077032,0.0010000000474974513
YGL249W,YMR203W,0,0.22850876,0.2142857164144516,0.003000000026077032,0.0010999999940395355
YNR007C,YCR002C,0,0.22289903,0.20000000298023224,0.003000000026077032,0.0012000000569969416
YPR031W,YER161C,0,0.21486935,0.1875,0.003000000026077032,0.0013000000035390258
YMR149W,YOR172W,0,0.20866077,0.1764705926179886,0.003000000026077032,0.00139999995008111
YLL036C,YEL066W,0,0.20801033,0.1666666716337204,0.003000000026077032,0.001500000013038516
YIL076W,YJL095W,0,0.2065077,0.15789473056793213,0.003000000026077032,0.0015999999595806003
YJL045W,YBR158W,0,0.20094334,0.15000000596046448,0.003000000026077032,0.0017000000225380063
YKR009C,YGR216C,0,0.19987172,0.1428571492433548,0.003000000026077032,0.0017999999690800905
YDL005C,YGL115W,0,0.1962442,0.13636364042758942,0.003000000026077032,0.0019000000320374966
YMR075W,YJL192C,0,0.19571838,0.1304347813129425,0.003000000026077032,0.0020000000949949026
YOR188W,YPL139C,0,0.19108798,0.125,0.003000000026077032,0.002099999925121665
YAR033W,YNL153C,0,0.19022474,0.11999999731779099,0.003000000026077032,0.002199999988079071
YDL212W,YAL013W,0,0.18964829,0.11538461595773697,0.003000000026077032,0.002300000051036477
YOR380W,YLR098C,1,0.18671869,0.14814814925193787,0.004000000189989805,0.002300000051036477
YJL012C,YNL008C,0,0.18312116,0.1428571492433548,0.004000000189989805,0.002400000113993883
YJR031C,YBR103W,0,0.17249338,0.13793103396892548,0.004000000189989805,0.0024999999441206455
YDL099W,YMR129W,0,0.17235546,0.13333334028720856,0.004000000189989805,0.0026000000070780516
YCR005C,YGR118W,0,0.17199534,0.12903225421905518,0.004000000189989805,0.0027000000700354576
YOL091W,YBR129C,0,0.17179835,0.125,0.004000000189989805,0.00279999990016222
YAL013W,YBR196C,0,0.17126149,0.12121212482452393,0.004000000189989805,0.002899999963119626
YOR260W,YBL025W,0,0.16926715,0.11764705926179886,0.004000000189989805,0.003000000026077032
YNL059C,YDR495C,0,0.16918814,0.11428571492433548,0.004000000189989805,0.003100000089034438
YKL146W,YCR094W,0,0.16733588,0.1111111119389534,0.004000000189989805,0.0031999999191612005
YKL043W,YGL254W,1,0.16704121,0.13513512909412384,0.004999999888241291,0.0031999999191612005
YJL080C,YMR179W,0,0.16680717,0.1315789520740509,0.004999999888241291,0.0032999999821186066
YIL101C,YLR183C,1,0.16618247,0.1538461595773697,0.006000000052154064,0.0032999999821186066
YOR179C,YGR262C,0,0.16552803,0.15000000596046448,0.006000000052154064,0.0034000000450760126
YPL159C,YML025C,0,0.16509959,0.1463414579629898,0.006000000052154064,0.0035000001080334187
YFR041C,YHR143W,0,0.16207659,0.1428571492433548,0.006000000052154064,0.003599999938160181
YNL206C,YNL127W,0,0.16109274,0.13953489065170288,0.006000000052154064,0.003700000001117587
YGL078C,YEL069C,0,0.16015519,0.13636364042758942,0.006000000052154064,0.003800000064074993
YGR276C,YOR249C,0,0.16012026,0.13333334028720856,0.006000000052154064,0.0038999998942017555
YNL110C,YGL126W,0,0.15809287,0.1304347813129425,0.006000000052154064,0.004000000189989805
YGL241W,YHR194W,0,0.15267383,0.12765957415103912,0.006000000052154064,0.004100000020116568
YDR479C,YDL039C,0,0.15147625,0.125,0.006000000052154064,0.00419999985024333
YMR116C,YBL097W,0,0.15097688,0.12244898080825806,0.006000000052154064,0.00430000014603138
YBR060C,YKL165C,0,0.14842878,0.11999999731779099,0.006000000052154064,0.004399999976158142
YNL145W,YMR092C,0,0.14502276,0.11764705926179886,0.006000000052154064,0.0044999998062849045
YKL020C,YIL128W,0,0.14479662,0.11538461595773697,0.006000000052154064,0.004600000102072954
YPL101W,YLR081W,0,0.14298801,0.11320754885673523,0.006000000052154064,0.004699999932199717
YKL013C,YDR295C,0,0.14278983,0.1111111119389534,0.006000000052154064,0.004800000227987766
YNL128W,YER120W,0,0.14265342,0.1090909093618393,0.006000000052154064,0.004900000058114529
YMR016C,YCR106W,1,0.14132673,0.125,0.007000000216066837,0.004900000058114529
YDR416W,YJR126C,0,0.13928837,0.12280701845884323,0.007000000216066837,0.004999999888241291
YFL022C,YJL092W,0,0.13855721,0.12068965286016464,0.007000000216066837,0.005100000184029341
YKL012W,YOR272W,0,0.13558726,0.11864406615495682,0.007000000216066837,0.005200000014156103
YHR135C,YCR037C,0,0.1341427,0.11666666716337204,0.007000000216066837,0.0052999998442828655
YPL234C,YDR173C,0,0.13305356,0.1147540956735611,0.007000000216066837,0.005400000140070915
YGL028C,YLR189C,0,0.1328269,0.11290322244167328,0.007000000216066837,0.005499999970197678
YCR061W,YEL066W,0,0.13144709,0.1111111119389534,0.007000000216066837,0.00559999980032444
YGR200C,YDR108W,0,0.13068147,0.109375,0.007000000216066837,0.00570000009611249
YOL158C,YMR087W,0,0.130621,0.10769230872392654,0.007000000216066837,0.005799999926239252
YJL178C,YLR425W,0,0.13046253,0.10606060922145844,0.007000000216066837,0.005900000222027302
YNL216W,YMR136W,1,0.13043603,0.11940298229455948,0.00800000037997961,0.005900000222027302
YGR200C,YIR025W,0,0.12865731,0.11764705926179886,0.00800000037997961,0.006000000052154064
YIL014W,YMR138W,0,0.12830187,0.11594203114509583,0.00800000037997961,0.006099999882280827
YKR072C,YKL073W,0,0.12818533,0.11428571492433548,0.00800000037997961,0.006200000178068876
YMR308C,YGR270W,0,0.12746371,0.11267605423927307,0.00800000037997961,0.006300000008195639
YDL170W,YPL248C,1,0.12674083,0.125,0.008999999612569809,0.006300000008195639
YGL073W,YLR183C,1,0.12644602,0.13698630034923553,0.009999999776482582,0.006300000008195639
YFR052W,YFL056C,0,0.12637244,0.13513512909412384,0.009999999776482582,0.006399999838322401
YKR063C,YKL144C,0,0.1262855,0.13333334028720856,0.009999999776482582,0.006500000134110451
YMR164C,YPR171W,0,0.12489416,0.1315789520740509,0.009999999776482582,0.006599999964237213
YGL137W,YER164W,0,0.12401028,0.12987013161182404,0.009999999776482582,0.0066999997943639755
YNR010W,YGL213C,0,0.12282376,0.12820513546466827,0.009999999776482582,0.006800000090152025
YDL051W,YPL021W,0,0.12254046,0.1265822798013687,0.009999999776482582,0.006899999920278788
YKL135C,YOR143C,0,0.122379884,0.125,0.009999999776482582,0.007000000216066837
YOR270C,YGR270W,0,0.122257695,0.12345679104328156,0.009999999776482582,0.0071000000461936
YLR207W,YDR424C,0,0.1221941,0.12195122241973877,0.009999999776482582,0.007199999876320362
YOL078W,YGR217W,0,0.121503726,0.1204819306731224,0.009999999776482582,0.007300000172108412
YLR119W,YLR291C,0,0.12097435,0.1190476194024086,0.009999999776482582,0.007400000002235174
YNL220W,YPR133C,0,0.11973718,0.11764705926179886,0.009999999776482582,0.007499999832361937
YNL014W,YJR118C,0,0.11890425,0.11627907305955887,0.009999999776482582,0.007600000128149986
YAL001C,YGL008C,0,0.11854105,0.1149425283074379,0.009999999776482582,0.007699999958276749
YJL045W,YPL243W,0,0.11821312,0.11363636702299118,0.009999999776482582,0.007799999788403511
YCR042C,YNL333W,0,0.11677259,0.11235955357551575,0.009999999776482582,0.007899999618530273
YNL216W,YLR013W,1,0.11467424,0.12222222238779068,0.010999999940395355,0.007899999618530273
YGL073W,YLR098C,1,0.114263624,0.1318681389093399,0.012000000104308128,0.007899999618530273
YPL187W,YDR176W,0,0.11364421,0.1304347813129425,0.012000000104308128,0.00800000037997961
YEL062W,YPL092W,0,0.11358993,0.12903225421905518,0.012000000104308128,0.008100000210106373
YBR129C,YJR086W,0,0.11318152,0.12765957415103912,0.012000000104308128,0.008200000040233135
YPL256C,YIL124W,0,0.1112407,0.12631578743457794,0.012000000104308128,0.008299999870359898
YER169W,YBR158W,0,0.11108476,0.125,0.012000000104308128,0.00839999970048666
YKR089C,YHR167W,0,0.10902555,0.12371134012937546,0.012000000104308128,0.008500000461935997
YER036C,YOR185C,0,0.10845803,0.12244898080825806,0.012000000104308128,0.00860000029206276
YDL092W,YNR044W,0,0.10827695,0.12121212482452393,0.012000000104308128,0.008700000122189522
YBR195C,YGR217W,0,0.107739314,0.11999999731779099,0.012000000104308128,0.008799999952316284
YHL003C,YHL020C,0,0.10719921,0.11881188303232193,0.012000000104308128,0.008899999782443047
YNL283C,YHR015W,0,0.10601632,0.11764705926179886,0.012000000104308128,0.008999999612569809
YJL207C,YDL079C,0,0.1057896,0.11650485545396805,0.012000000104308128,0.009100000374019146
YDR096W,YHR124W,1,0.1044444,0.125,0.013000000268220901,0.009100000374019146
YFL021W,YHR107C,0,0.103903934,0.12380952388048172,0.013000000268220901,0.009200000204145908
YMR079W,YGR230W,0,0.102941394,0.12264151126146317,0.013000000268220901,0.00930000003427267
YJL052W,YJL208C,0,0.1026237,0.1214953288435936,0.013000000268220901,0.009399999864399433
YBL088C,YDR091C,0,0.101802275,0.12037037312984467,0.013000000268220901,0.009499999694526196
YJR004C,YJL146W,0,0.10157555,0.11926605552434921,0.013000000268220901,0.009600000455975533
YKR099W,YGR077C,0,0.101551294,0.11818181723356247,0.013000000268220901,0.009700000286102295
YOL102C,YFR008W,0,0.10073581,0.11711711436510086,0.013000000268220901,0.009800000116229057
YMR016C,YGR288W,1,0.09894942,0.125,0.014000000432133675,0.009800000116229057
YJL031C,YMR033W,0,0.09864697,0.12389380484819412,0.014000000432133675,0.00989999994635582
YAL056W,YJL087C,0,0.098118246,0.12280701845884323,0.014000000432133675,0.009999999776482582
YPR182W,YHR023W,0,0.0970972,0.12173912674188614,0.014000000432133675,0.010099999606609344
YEL036C,YCR092C,0,0.09637374,0.12068965286016464,0.014000000432133675,0.010200000368058681
YBL032W,YNR010W,0,0.095415205,0.11965811997652054,0.014000000432133675,0.010300000198185444
YOR116C,YPR139C,0,0.09461366,0.11864406615495682,0.014000000432133675,0.010400000028312206
YGL225W,YER171W,0,0.094179526,0.11764705926179886,0.014000000432133675,0.010499999858438969
YDR303C,YOR147W,0,0.093788475,0.11666666716337204,0.014000000432133675,0.010599999688565731
YKL112W,YDR216W,1,0.093428284,0.12396693974733353,0.014999999664723873,0.010599999688565731
YCR042C,YHR107C,0,0.09291868,0.12295082211494446,0.014999999664723873,0.010700000450015068
YPL248C,YFR034C,1,0.09263036,0.13008129596710205,0.01600000075995922,0.010700000450015068
YLR383W,YPL137C,0,0.0916038,0.12903225421905518,0.01600000075995922,0.01080000028014183
YGR212W,YNR044W,0,0.0912814,0.12800000607967377,0.01600000075995922,0.010900000110268593
YML049C,YOL116W,0,0.09042314,0.1269841343164444,0.01600000075995922,0.010999999940395355
YER146W,YJL219W,0,0.090336725,0.12598425149917603,0.01600000075995922,0.011099999770522118
YJR103W,YJR031C,0,0.089727536,0.125,0.01600000075995922,0.01119999960064888
YIL075C,YPR124W,0,0.089417815,0.12403100728988647,0.01600000075995922,0.011300000362098217
YML046W,YNL317W,0,0.08780454,0.1230769231915474,0.01600000075995922,0.01140000019222498
YIL066C,YGL253W,0,0.08604953,0.1221374049782753,0.01600000075995922,0.011500000022351742
YIL153W,YHR172W,0,0.085942596,0.12121212482452393,0.01600000075995922,0.011599999852478504
YOL091W,YPL053C,0,0.08554654,0.12030075490474701,0.01600000075995922,0.011699999682605267
YBL079W,YLR107W,0,0.08494195,0.11940298229455948,0.01600000075995922,0.011800000444054604
YDR214W,YHR129C,0,0.08486773,0.11851851642131805,0.01600000075995922,0.011900000274181366
YER142C,YEL032W,0,0.084772825,0.11764705926179886,0.01600000075995922,0.012000000104308128
YOR305W,YMR292W,0,0.08441079,0.11678832024335861,0.01600000075995922,0.01209999993443489
YFL056C,YJL192C,0,0.08400865,0.11594203114509583,0.01600000075995922,0.012199999764561653
YGR204W,YDR022C,0,0.08374572,0.11510791629552841,0.01600000075995922,0.012299999594688416
YDL212W,YGL017W,0,0.08256331,0.11428571492433548,0.01600000075995922,0.012400000356137753
YER112W,YFL011W,0,0.08220407,0.11347517371177673,0.01600000075995922,0.012500000186264515
YNL333W,YBL035C,0,0.07971619,0.11267605423927307,0.01600000075995922,0.012600000016391277
YOL044W,YLR288C,0,0.07968125,0.1118881106376648,0.01600000075995922,0.01269999984651804
YBR179C,YGR104C,0,0.07962179,0.1111111119389534,0.01600000075995922,0.012799999676644802
YBR085W,YOR208W,0,0.07951248,0.11034482717514038,0.01600000075995922,0.012900000438094139
YPL161C,YFL003C,0,0.07865697,0.10958904027938843,0.01600000075995922,0.013000000268220901
YPR100W,YOR307C,0,0.07799432,0.10884353518486023,0.01600000075995922,0.013100000098347664
YLR410W,YOR284W,0,0.07771754,0.10810811072587967,0.01600000075995922,0.013199999928474426
YDL005C,YJL124C,0,0.077467695,0.10738255083560944,0.01600000075995922,0.013299999758601189
YJL170C,YNL220W,0,0.07727149,0.1066666692495346,0.01600000075995922,0.013399999588727951
YLR309C,YGL016W,0,0.07667452,0.10596026480197906,0.01600000075995922,0.013500000350177288
YNL138W,YBR193C,0,0.07653837,0.10526315867900848,0.01600000075995922,0.01360000018030405
YEL003W,YPL144W,0,0.07573761,0.10457516461610794,0.01600000075995922,0.013700000010430813
YOL127W,YOR185C,0,0.07483105,0.10389610379934311,0.01600000075995922,0.013799999840557575
YMR045C,YDR018C,0,0.074732065,0.10322580486536026,0.01600000075995922,0.013899999670684338
YKL173W,YOR249C,0,0.0742227,0.10256410390138626,0.01600000075995922,0.014000000432133675
YBL002W,YOR113W,0,0.07244307,0.10191082954406738,0.01600000075995922,0.014100000262260437
YER072W,YKL079W,0,0.071767956,0.10126582533121109,0.01600000075995922,0.0142000000923872
YDL236W,YPL135W,0,0.07122937,0.10062892735004425,0.01600000075995922,0.014299999922513962
YKL043W,YGR288W,1,0.06835249,0.10625000298023224,0.017000000923871994,0.014299999922513962
YER138C,YOR216C,0,0.06761633,0.10559006035327911,0.017000000923871994,0.014399999752640724
YLR438C-A,YOR371C,0,0.06751029,0.10493826866149902,0.017000000923871994,0.014499999582767487
YCL034W,YHR108W,0,0.0675087,0.10429447889328003,0.017000000923871994,0.014600000344216824
YOR344C,YPL133C,1,0.066959545,0.10975609719753265,0.017999999225139618,0.014600000344216824
YDR058C,YJL183W,0,0.06662162,0.1090909093618393,0.017999999225139618,0.014700000174343586
YMR059W,YGL135W,0,0.06595586,0.10843373835086823,0.017999999225139618,0.014800000004470348
YOR193W,YNL102W,0,0.06569193,0.10778442770242691,0.017999999225139618,0.01489999983459711
YLR455W,YJL074C,0,0.06526366,0.1071428582072258,0.017999999225139618,0.014999999664723873
YIL077C,YCR038C,0,0.064862505,0.10650887340307236,0.017999999225139618,0.01510000042617321
YGR199W,YPR175W,0,0.06481314,0.10588235408067703,0.017999999225139618,0.015200000256299973
YPL002C,YBR130C,0,0.06475645,0.10526315867900848,0.017999999225139618,0.015300000086426735
YOR057W,YPL224C,0,0.064622834,0.10465116053819656,0.017999999225139618,0.015399999916553497
YLR117C,YJL121C,0,0.064542025,0.10404624044895172,0.017999999225139618,0.01549999974668026
YMR293C,YNL097C,0,0.06433311,0.1034482792019844,0.017999999225139618,0.015599999576807022
YJL014W,YGL192W,0,0.06396775,0.10285714268684387,0.017999999225139618,0.015699999406933784
YML085C,YNR039C,0,0.06270257,0.10227272659540176,0.017999999225139618,0.015799999237060547
YHR176W,YKL006C-A,0,0.06263335,0.10169491171836853,0.017999999225139618,0.01590000092983246
YGR257C,YLR397C,0,0.061668765,0.10112359374761581,0.017999999225139618,0.01600000075995922
YEL032W,YLR423C,0,0.06036679,0.10055866092443466,0.017999999225139618,0.016100000590085983
YJR035W,YOL012C,0,0.06028941,0.10000000149011612,0.017999999225139618,0.016200000420212746
YHR119W,YNL318C,0,0.060092937,0.09944751113653183,0.017999999225139618,0.016300000250339508
YDL059C,YML078W,0,0.05937196,0.09890110045671463,0.017999999225139618,0.01640000008046627
YFL031W,YLR014C,1,0.05920214,0.10382513701915741,0.01899999938905239,0.01640000008046627
YDR294C,YMR207C,0,0.058655035,0.10326086729764938,0.01899999938905239,0.016499999910593033
YDR488C,YNL328C,0,0.057123106,0.10270269960165024,0.01899999938905239,0.016599999740719795
YNR006W,YPL276W,0,0.05662572,0.10215053707361221,0.01899999938905239,0.016699999570846558
YOL095C,YLR155C,0,0.056503866,0.10160427540540695,0.01899999938905239,0.01679999940097332
YDL098C,YDR334W,0,0.056377884,0.10106383264064789,0.01899999938905239,0.016899999231100082
YGR204W,YBR214W,0,0.05629551,0.10052909702062607,0.01899999938905239,0.017000000923871994
YOR372C,YBL032W,0,0.056033503,0.10000000149011612,0.01899999938905239,0.017100000753998756
YNL233W,YMR235C,0,0.055953827,0.09947644174098969,0.01899999938905239,0.01720000058412552
YOL128C,YJL036W,0,0.055860583,0.0989583358168602,0.01899999938905239,0.01730000041425228
YKL073W,YMR312W,0,0.055184785,0.0984455943107605,0.01899999938905239,0.017400000244379044
YBR035C,YJR031C,0,0.05455969,0.09793814271688461,0.01899999938905239,0.017500000074505806
YLR176C,YPR010C,0,0.054446276,0.09743589907884598,0.01899999938905239,0.01759999990463257
YDR130C,YJL001W,0,0.05391038,0.09693877398967743,0.01899999938905239,0.01769999973475933
YBR008C,YIL159W,0,0.051967796,0.0964467003941536,0.01899999938905239,0.017799999564886093
YMR319C,YDL079C,0,0.05194929,0.09595959633588791,0.01899999938905239,0.017899999395012856
YDR265W,YDL036C,0,0.05159123,0.0954773873090744,0.01899999938905239,0.017999999225139618
YMR299C,YLR011W,0,0.050467636,0.0949999988079071,0.01899999938905239,0.01810000091791153
YML057W,YMR087W,0,0.049548212,0.09452736377716064,0.01899999938905239,0.018200000748038292
YMR186W,YEL056W,0,0.04895397,0.09405940771102905,0.01899999938905239,0.018300000578165054
YML060W,YOR002W,0,0.048659455,0.09359605610370636,0.01899999938905239,0.018400000408291817
YGR264C,YIR028W,0,0.04847924,0.09313725680112839,0.01899999938905239,0.01850000023841858
YMR186W,YPL244C,0,0.04845671,0.09268292784690857,0.01899999938905239,0.01860000006854534
YCR038C,YDR515W,0,0.04815666,0.09223300963640213,0.01899999938905239,0.018699999898672104
YLR350W,YJR102C,0,0.04759186,0.0917874425649643,0.01899999938905239,0.018799999728798866
YHR135C,YOL078W,0,0.04564481,0.09134615212678909,0.01899999938905239,0.01889999955892563
YJR105W,YIR019C,0,0.04551665,0.09090909361839294,0.01899999938905239,0.01899999938905239
YNL111C,YGL008C,0,0.045285624,0.09047619253396988,0.01899999938905239,0.019099999219179153
YGR140W,YOR367W,0,0.044014495,0.09004739671945572,0.01899999938905239,0.019200000911951065
YKL213C,YLR313C,0,0.04381947,0.08962263911962509,0.01899999938905239,0.019300000742077827
YDR503C,YML058W,0,0.04368056,0.08920187503099442,0.01899999938905239,0.01940000057220459
YBR173C,YLR361C,0,0.043486055,0.08878504484891891,0.01899999938905239,0.019500000402331352
YDL137W,YHR167W,0,0.04319034,0.08837209641933441,0.01899999938905239,0.019600000232458115
YNL138W,YLR025W,0,0.041947175,0.08796296268701553,0.01899999938905239,0.019700000062584877
YLR383W,YKR046C,0,0.040278148,0.0875576063990593,0.01899999938905239,0.01979999989271164
YOL126C,YMR078C,0,0.039891835,0.08715596050024033,0.01899999938905239,0.019899999722838402
YML107C,YGL213C,0,0.039788034,0.08675798773765564,0.01899999938905239,0.019999999552965164
YLR010C,YBL061C,0,0.039685022,0.08636363595724106,0.01899999938905239,0.020099999383091927
YNL023C,YCR106W,1,0.039513633,0.09049773961305618,0.019999999552965164,0.020099999383091927
YOL069W,YML099C,0,0.03853674,0.09009008854627609,0.019999999552965164,0.02019999921321869
YGR119C,YNL025C,0,0.038175423,0.08968609571456909,0.019999999552965164,0.0203000009059906
YBR087W,YLR284C,0,0.038065337,0.0892857164144516,0.019999999552965164,0.020400000736117363
YGL137W,YPR034W,0,0.037691336,0.08888889104127884,0.019999999552965164,0.020500000566244125
YLL060C,YGR267C,0,0.037464276,0.08849557489156723,0.019999999552965164,0.020600000396370888
YLR183C,YDR501W,1,0.037441168,0.09251101315021515,0.020999999716877937,0.020600000396370888
YNL273W,YJR155W,0,0.03734919,0.09210526198148727,0.020999999716877937,0.02070000022649765
YNL271C,YOR308C,0,0.036834225,0.09170305728912354,0.020999999716877937,0.020800000056624413
YPL130W,YOR269W,0,0.03645424,0.09130434691905975,0.020999999716877937,0.020899999886751175
YDR435C,YCL059C,0,0.036169257,0.09090909361839294,0.020999999716877937,0.020999999716877937
YDL160C,YDR191W,0,0.035985082,0.09051723778247833,0.020999999716877937,0.0210999995470047
YFL036W,YKL017C,0,0.035870533,0.09012875705957413,0.020999999716877937,0.021199999377131462
YBR111W-A,YHR075C,0,0.035749152,0.08974359184503555,0.020999999716877937,0.021299999207258224
YDR425W,YLR224W,0,0.03567572,0.08936170488595963,0.020999999716877937,0.021400000900030136
YGR081C,YJR045C,0,0.035601657,0.08898305147886276,0.020999999716877937,0.0215000007301569
YHR206W,YOR032C,1,0.03530122,0.09282700717449188,0.02199999988079071,0.0215000007301569
YKL064W,YLR226W,0,0.034866627,0.09243697673082352,0.02199999988079071,0.02160000056028366
YKL070W,YGR186W,0,0.03469762,0.0920502096414566,0.02199999988079071,0.021700000390410423
YAL034W-A,YOL063C,0,0.034345545,0.09166666865348816,0.02199999988079071,0.021800000220537186
YPL128C,YLR013W,1,0.034236804,0.09543568640947342,0.023000000044703484,0.021800000220537186
YMR016C,YFL031W,1,0.03358269,0.09917355328798294,0.024000000208616257,0.021800000220537186
YOR193W,YAL059W,0,0.033471834,0.09876543283462524,0.024000000208616257,0.021900000050663948
YDR545W,YGR121C,0,0.033364505,0.09836065769195557,0.024000000208616257,0.02199999988079071
YDR545W,YNR019W,0,0.03335448,0.09795918315649033,0.024000000208616257,0.022099999710917473
YPR140W,YBR250W,0,0.033301584,0.09756097197532654,0.024000000208616257,0.022199999541044235
YOR067C,YOR193W,0,0.032986756,0.09716599434614182,0.024000000208616257,0.022299999371170998
YDR479C,YMR128W,0,0.032602433,0.09677419066429138,0.024000000208616257,0.02239999920129776
YBL002W,YDR283C,0,0.03223347,0.09638553857803345,0.024000000208616257,0.02250000089406967
YNL172W,YFR048W,0,0.032187477,0.09600000083446503,0.024000000208616257,0.022600000724196434
YJL196C,YER020W,0,0.031713318,0.09561753273010254,0.024000000208616257,0.022700000554323196
YLR071C,YIL076W,0,0.03162257,0.095238097012043,0.024000000208616257,0.02280000038444996
YLR028C,YBL097W,0,0.031426027,0.09486165642738342,0.024000000208616257,0.02290000021457672
YGL251C,YDR285W,0,0.031095702,0.09448818862438202,0.024000000208616257,0.023000000044703484
YCL027W,YJR047C,0,0.031037848,0.0941176488995552,0.024000000208616257,0.023099999874830246
YGR214W,YOR185C,0,0.03093161,0.09375,0.024000000208616257,0.02319999970495701
YKL112W,YML076C,1,0.030822657,0.09727626293897629,0.02500000037252903,0.02319999970495701
YDL079C,YOR272W,0,0.029021885,0.09689922630786896,0.02500000037252903,0.02329999953508377
YGR218W,YKR029C,0,0.028937105,0.09652509540319443,0.02500000037252903,0.023399999365210533
YNL278W,YGL207W,0,0.028328333,0.09615384787321091,0.02500000037252903,0.023499999195337296
YLR293C,YEL069C,0,0.028224368,0.09578543901443481,0.02500000037252903,0.023600000888109207
YJL080C,YGR161C,0,0.02805603,0.09541984647512436,0.02500000037252903,0.02370000071823597
YPL283C,YPL269W,0,0.028042007,0.09505703300237656,0.02500000037252903,0.023800000548362732
YGR142W,YGR216C,0,0.027964484,0.09469696879386902,0.02500000037252903,0.023900000378489494
YDL160C,YPL269W,0,0.027960774,0.09433962404727936,0.02500000037252903,0.024000000208616257
YDR358W,YDR324C,0,0.027859855,0.09398496150970459,0.02500000037252903,0.02410000003874302
YHR143W-A,YBR136W,0,0.027850594,0.09363295882940292,0.02500000037252903,0.02419999986886978
YGL158W,YCR012W,0,0.027638428,0.09328357875347137,0.02500000037252903,0.024299999698996544
YDR216W,YER111C,1,0.027585197,0.09665427356958389,0.026000000536441803,0.024299999698996544
YGL174W,YGR082W,0,0.02734622,0.0962962955236435,0.026000000536441803,0.024399999529123306
YGR159C,YER044C-A,0,0.02717964,0.095940962433815,0.026000000536441803,0.02449999935925007
YGR074W,YDL059C,0,0.026894972,0.09558823704719543,0.026000000536441803,0.02459999918937683
YKL025C,YML075C,0,0.02663232,0.095238097012043,0.026000000536441803,0.024700000882148743
YPL053C,YGL143C,0,0.026505616,0.09489051252603531,0.026000000536441803,0.024800000712275505
YGL233W,YDR103W,0,0.026302774,0.09454545378684998,0.026000000536441803,0.024900000542402267
YLL024C,YOL034W,0,0.02613147,0.09420289844274521,0.026000000536441803,0.02500000037252903
YIL121W,YER178W,0,0.025913175,0.09386281669139862,0.026000000536441803,0.025100000202655792
YER107C,YBL025W,0,0.02560803,0.09352517873048782,0.026000000536441803,0.025200000032782555
YBR253W,YNR044W,0,0.025283907,0.09318996220827103,0.026000000536441803,0.025299999862909317
YLL017W,YIL125W,0,0.02523597,0.09285714477300644,0.026000000536441803,0.02539999969303608
YCR063W,YBR162C,0,0.024335083,0.09252668917179108,0.026000000536441803,0.025499999523162842
YOR160W,YJR105W,0,0.023906674,0.09219858050346375,0.026000000536441803,0.025599999353289604
YIR009W,YAR031W,0,0.02343065,0.09187278896570206,0.026000000536441803,0.025699999183416367
YOR307C,YPL139C,0,0.023347389,0.09154929220676422,0.026000000536441803,0.025800000876188278
YLL003W,YJL063C,0,0.022872295,0.09122806787490845,0.026000000536441803,0.02590000070631504
YDR025W,YMR167W,0,0.022657286,0.09090909361839294,0.026000000536441803,0.026000000536441803
YBR182C,YNL023C,1,0.022550348,0.09407665580511093,0.027000000700354576,0.026000000536441803
YBL097W,YMR065W,0,0.022268042,0.09375,0.027000000700354576,0.026100000366568565
YJL039C,YIR025W,0,0.021368042,0.09342560917139053,0.027000000700354576,0.026200000196695328
YGR054W,YMR276W,0,0.020850357,0.09310344606637955,0.027000000700354576,0.02630000002682209
YOL129W,YJL085W,0,0.02051578,0.09278350323438644,0.027000000700354576,0.026399999856948853
YMR022W,YOR326W,0,0.02043077,0.09246575087308884,0.027000000700354576,0.026499999687075615
YBR279W,YNL213C,0,0.020386137,0.09215017408132553,0.027000000700354576,0.026599999517202377
YBR102C,YDR465C,0,0.020115599,0.09183673560619354,0.027000000700354576,0.02669999934732914
YMR016C,YLR013W,1,0.019896638,0.09491525590419769,0.02800000086426735,0.02669999934732914
YMR186W,YDL195W,0,0.018001813,0.09459459781646729,0.02800000086426735,0.026799999177455902
YCR106W,YLR098C,1,0.017870236,0.09764309972524643,0.028999999165534973,0.026799999177455902
YIL017C,YGR129W,0,0.016770672,0.09731543809175491,0.028999999165534973,0.026900000870227814
YBL061C,YJL026W,0,0.016657177,0.09698996692895889,0.028999999165534973,0.027000000700354576
YGL249W,YLR355C,0,0.01623289,0.09666666388511658,0.028999999165534973,0.02710000053048134
YPR070W,YNL312W,0,0.015154678,0.09634551405906677,0.028999999165534973,0.0272000003606081
YOL165C,YLR067C,0,0.015103716,0.09602648764848709,0.028999999165534973,0.027300000190734863
YAR018C,YGL093W,0,0.0151009895,0.09570956975221634,0.028999999165534973,0.027400000020861626
YER014C-A,YBL014C,0,0.01502727,0.09539473801851273,0.028999999165534973,0.027499999850988388
YDR211W,YOR100C,0,0.014604624,0.09508197009563446,0.028999999165534973,0.02759999968111515
YNR033W,YBL090W,0,0.013959404,0.09477124363183975,0.028999999165534973,0.027699999511241913
YJL173C,YOR011W,0,0.013804916,0.09446254372596741,0.028999999165534973,0.027799999341368675
YGR119C,YBR098W,0,0.013566967,0.09415584057569504,0.028999999165534973,0.027899999171495438
YLR130C,YKR053C,0,0.013400998,0.09385113418102264,0.028999999165534973,0.02800000086426735
YGL150C,YBL004W,0,0.0132590495,0.09354838728904724,0.028999999165534973,0.02810000069439411
YHR092C,YOL130W,0,0.012465943,0.09324758499860764,0.028999999165534973,0.028200000524520874
YBR041W,YOL149W,0,0.0124496035,0.09294871985912323,0.028999999165534973,0.028300000354647636
YJR026W,YDR478W,0,0.012162402,0.09265175461769104,0.028999999165534973,0.0284000001847744
YGR141W,YCR075C,0,0.010997817,0.09235668927431107,0.028999999165534973,0.02850000001490116
YBL005W-A,YNL298W,0,0.010468695,0.09206349402666092,0.028999999165534973,0.028599999845027924
YJR121W,YOL112W,0,0.010380741,0.0917721539735794,0.028999999165534973,0.028699999675154686
YOR149C,YJL031C,0,0.010131534,0.09148264676332474,0.028999999165534973,0.02879999950528145
YCL034W,YAL022C,0,0.010129388,0.09119496494531631,0.028999999165534973,0.02889999933540821
YNL227C,YPL268W,0,0.0101173,0.09090909361839294,0.028999999165534973,0.028999999165534973
YLL035W,YLR427W,0,0.009999033,0.09062500298023224,0.028999999165534973,0.029100000858306885
YMR001C,YCL016C,0,0.009988416,0.090342678129673,0.028999999165534973,0.029200000688433647
YPL234C,YMR065W,0,0.0099272095,0.09006211161613464,0.028999999165534973,0.02930000051856041
YNL080C,YNL053W,0,0.0099078715,0.08978328108787537,0.028999999165534973,0.029400000348687172
YPR073C,YJL184W,0,0.009622414,0.08950617164373398,0.028999999165534973,0.029500000178813934
YHR158C,YLR092W,0,0.008954078,0.08923076838254929,0.028999999165534973,0.029600000008940697
YCL051W,YHR006W,0,0.008244183,0.0889570564031601,0.028999999165534973,0.02969999983906746
YHR041C,YPR095C,0,0.008113436,0.08868501335382462,0.028999999165534973,0.02979999966919422
YBR069C,YOL068C,0,0.007846046,0.08841463178396225,0.028999999165534973,0.029899999499320984
YOR305W,YGR097W,0,0.007721599,0.0881458967924118,0.028999999165534973,0.029999999329447746
YJR059W,YJL115W,0,0.007715117,0.08787878602743149,0.028999999165534973,0.03009999915957451
YPR138C,YCR066W,0,0.0069906823,0.0876132920384407,0.028999999165534973,0.03020000085234642
YBR275C,YBR107C,0,0.0069677345,0.08734939992427826,0.028999999165534973,0.030300000682473183
YKR019C,YOR217W,0,0.0068889298,0.08708708733320236,0.028999999165534973,0.030400000512599945
YLR212C,YMR204C,0,0.00688741,0.08682634681463242,0.028999999165534973,0.030500000342726707
YML021C,YBL093C,0,0.0055937655,0.08656716346740723,0.028999999165534973,0.03060000017285347
YOR025W,YGR075C,0,0.0054408982,0.0863095223903656,0.028999999165534973,0.030700000002980232
YOR344C,YGR249W,1,0.004840035,0.08902077376842499,0.029999999329447746,0.030700000002980232
YOR126C,YNL173C,0,0.0048247613,0.08875739574432373,0.029999999329447746,0.030799999833106995
YDR513W,YJL062W,0,0.0045804493,0.08849557489156723,0.029999999329447746,0.030899999663233757
YHR092C,YPL101W,0,0.0044899695,0.0882352963089943,0.029999999329447746,0.03099999949336052
YKR003W,YMR280C,0,0.0043715127,0.08797653764486313,0.029999999329447746,0.031099999323487282
YBR265W,YLR016C,0,0.004329171,0.08771929889917374,0.029999999329447746,0.031199999153614044
YGL200C,YLR015W,0,0.0040552616,0.08746355772018433,0.029999999329447746,0.031300000846385956
YBR012W-A,YDR512C,0,0.0037571266,0.0872092992067337,0.029999999329447746,0.03139999881386757
YHR041C,YNL133C,0,0.0035146922,0.08695652335882187,0.029999999329447746,0.03150000050663948
YLR078C,YPR135W,0,0.0030877404,0.08670520037412643,0.029999999329447746,0.031599998474121094
YOR250C,YMR299C,0,0.0027314387,0.0864553302526474,0.029999999329447746,0.031700000166893005
YNL070W,YFL056C,0,0.0025162734,0.08620689809322357,0.029999999329447746,0.03180000185966492
YKR089C,YIL109C,0,0.0024423487,0.08595988899469376,0.029999999329447746,0.03189999982714653
YOR326W,YPR164W,0,0.0024173744,0.08571428805589676,0.029999999329447746,0.03200000151991844
YHR187W,YNL142W,0,0.0023667477,0.08547008782625198,0.029999999329447746,0.032099999487400055
YJL196C,YLR381W,0,0.0018809699,0.08522727340459824,0.029999999329447746,0.03220000118017197
YML103C,YMR276W,0,0.0011236407,0.08498583734035492,0.029999999329447746,0.03229999914765358
YFR046C,YNL290W,0,0.0011206903,0.08474576473236084,0.029999999329447746,0.03240000084042549
YBR297W,YOR344C,1,0.0006028265,0.08732394129037857,0.03099999949336052,0.03240000084042549
YDL058W,YDR364C,0,0.00034432486,0.08707865327596664,0.03099999949336052,0.032499998807907104
YDL028C,YNL045W,0,0.00024693087,0.08683473616838455,0.03099999949336052,0.032600000500679016
YDR151C,YEL009C,1,-0.00013677031,0.08938547223806381,0.03200000151991844,0.032600000500679016
YJR035W,YDR052C,0,-0.00022262707,0.08913648873567581,0.03200000151991844,0.03269999846816063
YIR019C,YMR008C,0,-0.00028030947,0.08888889104127884,0.03200000151991844,0.03280000016093254
YGL017W,YHR079C,0,-0.00029379874,0.0886426568031311,0.03200000151991844,0.03290000185370445
YKL165C,YEL069C,0,-0.0009237863,0.0883977934718132,0.03200000151991844,0.032999999821186066
YEL071W,YER056C,0,-0.0010159984,0.08815427124500275,0.03200000151991844,0.03310000151395798
YDL217C,YNL262W,0,-0.0010587759,0.08791209012269974,0.03200000151991844,0.03319999948143959
YLR259C,YLR096W,0,-0.0013114624,0.08767123520374298,0.03200000151991844,0.0333000011742115
YLR210W,YDR364C,0,-0.0013755597,0.08743169158697128,0.03200000151991844,0.033399999141693115
YIR022W,YGR200C,0,-0.0014260374,0.08719345927238464,0.03200000151991844,0.03350000083446503
YKL208W,YDR227W,0,-0.0016683675,0.08695652335882187,0.03200000151991844,0.03359999880194664
YMR172W,YML040W,0,-0.0023378357,0.08672086894512177,0.03200000151991844,0.03370000049471855
YDR216W,YHR178W,1,-0.002540592,0.08918918669223785,0.032999999821186066,0.03370000049471855
YHR178W,YLR013W,1,-0.003758315,0.09164420515298843,0.03400000184774399,0.03370000049471855
YKL112W,YGL096W,1,-0.0038838722,0.09408602118492126,0.03500000014901161,0.03370000049471855
YHR118C,YNL164C,0,-0.003886465,0.09383378177881241,0.03500000014901161,0.033799998462200165
YHL022C,YLR009W,0,-0.004233185,0.0935828909277916,0.03500000014901161,0.033900000154972076
YGL022W,YNL201C,0,-0.004526902,0.09333333373069763,0.03500000014901161,0.03400000184774399
YAR003W,YER083C,0,-0.0055223443,0.09308510273694992,0.03500000014901161,0.0340999998152256
YMR053C,YBR097W,0,-0.0055853315,0.09283819794654846,0.03500000014901161,0.03420000150799751
YHR178W,YML076C,1,-0.0056760497,0.095238097012043,0.035999998450279236,0.03420000150799751
YIL098C,YKL079W,0,-0.006344449,0.09498680382966995,0.035999998450279236,0.034299999475479126
YDL130W,YMR293C,0,-0.0065532215,0.09473684430122375,0.035999998450279236,0.03440000116825104
YKL017C,YJL192C,0,-0.00663488,0.09448818862438202,0.035999998450279236,0.03449999913573265
YIL051C,YMR263W,0,-0.006811697,0.09424083679914474,0.035999998450279236,0.03460000082850456
YDR420W,YGL105W,0,-0.006888399,0.09399478137493134,0.035999998450279236,0.034699998795986176
YGR088W,YDR143C,0,-0.0069100596,0.09375,0.035999998450279236,0.03480000048875809
YGR268C,YLR263W,0,-0.0071327314,0.09350649267435074,0.035999998450279236,0.0348999984562397
YHR163W,YKR022C,0,-0.007964883,0.09326425194740295,0.035999998450279236,0.03500000014901161
YGR258C,YEL066W,0,-0.008329276,0.09302325546741486,0.035999998450279236,0.035100001841783524
YDR451C,YDR163W,0,-0.008361254,0.09278350323438644,0.035999998450279236,0.03519999980926514
YHR021C,YDR409W,0,-0.008450832,0.09254498779773712,0.035999998450279236,0.03530000150203705
YLR274W,YKL084W,0,-0.0087802,0.0923076942563057,0.035999998450279236,0.03539999946951866
YDR460W,YMR087W,0,-0.009234227,0.09207160770893097,0.035999998450279236,0.03550000116229057
YBR041W,YLR431C,0,-0.009444129,0.09183673560619354,0.035999998450279236,0.035599999129772186
YFL021W,YER020W,0,-0.009567294,0.09160305559635162,0.035999998450279236,0.0357000008225441
YNL145W,YGR119C,0,-0.0096293725,0.09137056022882462,0.035999998450279236,0.03579999879002571
YGR199W,YOR100C,0,-0.009905312,0.09113924205303192,0.035999998450279236,0.03590000048279762
YOR040W,YLR023C,0,-0.009953607,0.09090909361839294,0.035999998450279236,0.035999998450279236
YGL012W,YDR140W,0,-0.009995077,0.09068010002374649,0.035999998450279236,0.03610000014305115
YBR060C,YGL150C,0,-0.010032404,0.09045226126909256,0.035999998450279236,0.03620000183582306
YER112W,YER008C,0,-0.010058265,0.09022556245326996,0.035999998450279236,0.03629999980330467
YOL042W,YML067C,0,-0.010521058,0.09000000357627869,0.035999998450279236,0.036400001496076584
YIL014W,YFL002W-A,0,-0.010588603,0.08977556228637695,0.035999998450279236,0.0364999994635582
YFL055W,YGR075C,0,-0.010644775,0.08955223858356476,0.035999998450279236,0.03660000115633011
YIR004W,YDL148C,0,-0.010945912,0.0893300250172615,0.035999998450279236,0.03669999912381172
YFR055W,YDL042C,0,-0.0111413635,0.0891089141368866,0.035999998450279236,0.03680000081658363
YGR060W,YNL066W,0,-0.011275139,0.08888889104127884,0.035999998450279236,0.03689999878406525
YJR135C,YAR009C,0,-0.011375036,0.08866994827985764,0.035999998450279236,0.03700000047683716
YIL125W,YMR087W,0,-0.011448067,0.08845208585262299,0.035999998450279236,0.03709999844431877
YMR026C,YMR087W,0,-0.011582226,0.0882352963089943,0.035999998450279236,0.03720000013709068
YMR038C,YMR308C,0,-0.011607323,0.08801955729722977,0.035999998450279236,0.037300001829862595
YPL146C,YLR047C,0,-0.011736035,0.08780487626791,0.035999998450279236,0.03739999979734421
YFL031W,YER111C,1,-0.011784125,0.09002432972192764,0.03700000047683716,0.03739999979734421
YFR008W,YML094W,0,-0.011965167,0.08980582654476166,0.03700000047683716,0.03750000149011612
YOR244W,YJL196C,0,-0.012133736,0.08958838135004044,0.03700000047683716,0.03759999945759773
YBL039C,YBR118W,0,-0.012162019,0.08937197923660278,0.03700000047683716,0.037700001150369644
YKR061W,YKL194C,0,-0.012317162,0.0891566276550293,0.03700000047683716,0.03779999911785126
YLR318W,YJL081C,0,-0.013019871,0.08894230425357819,0.03700000047683716,0.03790000081062317
YLR262C,YBR159W,0,-0.013306402,0.08872901648283005,0.03700000047683716,0.03799999877810478
YNL325C,YDR345C,0,-0.013468105,0.08851674944162369,0.03700000047683716,0.038100000470876694
YCR073W-A,YDR324C,0,-0.013802331,0.08830548822879791,0.03700000047683716,0.03819999843835831
YGL022W,YDR513W,0,-0.013805043,0.08809524029493332,0.03700000047683716,0.03830000013113022
YIL085C,YPR073C,0,-0.013807017,0.08788598328828812,0.03700000047683716,0.03840000182390213
YGL229C,YIR028W,0,-0.014050391,0.0876777246594429,0.03700000047683716,0.03849999979138374
YER112W,YNL293W,0,-0.014635179,0.08747044950723648,0.03700000047683716,0.038600001484155655
YLR071C,YBR211C,0,-0.0146405585,0.08726415038108826,0.03700000047683716,0.03869999945163727
YIL031W,YER178W,0,-0.014646146,0.08705881983041763,0.03700000047683716,0.03880000114440918
YGL192W,YOR295W,0,-0.014662685,0.08685445785522461,0.03700000047683716,0.03889999911189079
YOL068C,YPL097W,0,-0.014780823,0.08665105700492859,0.03700000047683716,0.039000000804662704
YPR002W,YIL076W,0,-0.014836077,0.08644859492778778,0.03700000047683716,0.03909999877214432
YKL057C,YPL213W,0,-0.015427727,0.08624708652496338,0.03700000047683716,0.03920000046491623
YMR039C,YNL061W,0,-0.015429456,0.08604650944471359,0.03700000047683716,0.03929999843239784
YOL044W,YML107C,0,-0.015565589,0.08584687113761902,0.03700000047683716,0.039400000125169754
YPL110C,YPL268W,0,-0.016434643,0.08564814925193787,0.03700000047683716,0.039500001817941666
YIL085C,YNL116W,0,-0.016946632,0.08545034378767014,0.03700000047683716,0.03959999978542328
YLL035W,YGL016W,0,-0.017094899,0.08525345474481583,0.03700000047683716,0.03970000147819519
YBL088C,YPR120C,0,-0.017132144,0.08505747467279434,0.03700000047683716,0.039799999445676804
YCR106W,YGL073W,1,-0.017313924,0.08715596050024033,0.03799999877810478,0.039799999445676804
YOR305W,YOR159C,0,-0.017857578,0.08695652335882187,0.03799999877810478,0.039900001138448715
YDR529C,YMR183C,0,-0.018063325,0.08675798773765564,0.03799999877810478,0.03999999910593033
YJL069C,YMR061W,0,-0.018127639,0.08656036108732224,0.03799999877810478,0.04010000079870224
YOL061W,YMR288W,0,-0.018216584,0.08636363595724106,0.03799999877810478,0.04019999876618385
YOL088C,YML071C,0,-0.018228356,0.08616779744625092,0.03799999877810478,0.040300000458955765
YPL276W,YOR265W,0,-0.018396089,0.0859728530049324,0.03799999877810478,0.04039999842643738
YOR144C,YMR022W,0,-0.018491138,0.08577878028154373,0.03799999877810478,0.04050000011920929
YBL100W-B,YOR363C,0,-0.018599287,0.0855855867266655,0.03799999877810478,0.0406000018119812
YNL302C,YJR160C,0,-0.018693198,0.0853932574391365,0.03799999877810478,0.040699999779462814
YDL099W,YLR005W,0,-0.01892456,0.08520179241895676,0.03799999877810478,0.040800001472234726
YJR076C,YNL117W,0,-0.019520592,0.08501118421554565,0.03799999877810478,0.04089999943971634
YLR265C,YJR035W,0,-0.020045472,0.0848214253783226,0.03799999877810478,0.04100000113248825
YBR089C-A,YLR224W,0,-0.02019631,0.0846325159072876,0.03799999877810478,0.041099999099969864
YKR063C,YDL164C,0,-0.02020209,0.08444444090127945,0.03799999877810478,0.041200000792741776
YHR124W,YLR013W,1,-0.020370837,0.08647450059652328,0.039000000804662704,0.041200000792741776
YLR391W-A,YML052W,0,-0.020537108,0.08628318458795547,0.039000000804662704,0.04129999876022339
YNL161W,YDL084W,0,-0.020765714,0.08609271794557571,0.039000000804662704,0.0414000004529953
YOL126C,YGL025C,0,-0.021447305,0.08590308576822281,0.039000000804662704,0.04149999842047691
YLR035C-A,YGR193C,0,-0.021502981,0.08571428805589676,0.039000000804662704,0.041600000113248825
YDL170W,YPL128C,1,-0.021532055,0.08771929889917374,0.03999999910593033,0.041600000113248825
YMR016C,YHR124W,1,-0.021869097,0.08971553295850754,0.04100000113248825,0.041600000113248825
YDL200C,YDL118W,0,-0.021949388,0.08951964974403381,0.04100000113248825,0.04170000180602074
YHL036W,YLR342W,0,-0.02258769,0.08932461589574814,0.04100000113248825,0.04179999977350235
YGR288W,YHR206W,1,-0.022688631,0.09130434691905975,0.041999999433755875,0.04179999977350235
YDR188W,YBR035C,0,-0.023098577,0.09110628813505173,0.041999999433755875,0.04190000146627426
YER166W,YNR039C,0,-0.023548666,0.09090909361839294,0.041999999433755875,0.041999999433755875
YGL192W,YDL097C,0,-0.02361515,0.09071274101734161,0.041999999433755875,0.042100001126527786
YHR194W,YOR123C,0,-0.023659147,0.09051723778247833,0.041999999433755875,0.0421999990940094
YDR325W,YJR126C,0,-0.023720194,0.0903225839138031,0.041999999433755875,0.04230000078678131
YJL004C,YAL001C,0,-0.02385144,0.09012875705957413,0.041999999433755875,0.042399998754262924
YDR030C,YIL022W,0,-0.024131108,0.08993575721979141,0.041999999433755875,0.042500000447034836
YGL071W,YIL101C,1,-0.024364512,0.09188034385442734,0.0430000014603138,0.042500000447034836
YPL040C,YLR234W,0,-0.024488833,0.09168443828821182,0.0430000014603138,0.04259999841451645
YJR022W,YOR239W,0,-0.024973098,0.09148935973644257,0.0430000014603138,0.04270000010728836
YKR020W,YOR354C,0,-0.024984661,0.09129511564970016,0.0430000014603138,0.04280000180006027
YLR045C,YHL003C,0,-0.025162164,0.09110169857740402,0.0430000014603138,0.042899999767541885
YOL044W,YFL002W-A,0,-0.026143191,0.09090909361839294,0.0430000014603138,0.0430000014603138
YMR156C,YBR097W,0,-0.026228663,0.09071730077266693,0.0430000014603138,0.04309999942779541
YCR012W,YDR126W,0,-0.026638139,0.09052631258964539,0.0430000014603138,0.04320000112056732
YNL273W,YMR088C,0,-0.026789498,0.0903361365199089,0.0430000014603138,0.043299999088048935
YDR330W,YOR295W,0,-0.026816059,0.0901467502117157,0.0430000014603138,0.04340000078082085
YLR298C,YBL032W,0,-0.026915304,0.08995816111564636,0.0430000014603138,0.04349999874830246
YMR037C,YFR034C,1,-0.0269556,0.09185803681612015,0.04399999976158142,0.04349999874830246
YLR337W,YGL062W,0,-0.027135227,0.09166666865348816,0.04399999976158142,0.04360000044107437
YGL028C,YDL244W,0,-0.027222015,0.09147609025239944,0.04399999976158142,0.043699998408555984
YBL069W,YNL098C,0,-0.027227875,0.0912863090634346,0.04399999976158142,0.043800000101327896
YOL123W,YNL072W,0,-0.027276035,0.09109731018543243,0.04399999976158142,0.04390000179409981
YHL003C,YKL002W,0,-0.027421702,0.09090909361839294,0.04399999976158142,0.04399999976158142
YDR251W,YDR106W,0,-0.027611364,0.09072165191173553,0.04399999976158142,0.04410000145435333
YPR198W,YHR138C,0,-0.028271675,0.09053497761487961,0.04399999976158142,0.044199999421834946
YGL227W,YOR047C,0,-0.028655741,0.09034907817840576,0.04399999976158142,0.04430000111460686
YOR288C,YOL003C,0,-0.028788395,0.0901639312505722,0.04399999976158142,0.04439999908208847
YMR250W,YPL032C,0,-0.028939001,0.08997955173254013,0.04399999976158142,0.04450000077486038
YDR317W,YML038C,0,-0.029052112,0.08979591727256775,0.04399999976158142,0.044599998742341995
YNL220W,YDR195W,0,-0.029091362,0.08961303532123566,0.04399999976158142,0.04470000043511391
YBR091C,YKL152C,0,-0.029248845,0.08943089097738266,0.04399999976158142,0.04479999840259552
YMR073C,YDR194C,0,-0.02948394,0.08924949169158936,0.04399999976158142,0.04490000009536743
YMR246W,YNL328C,0,-0.029590089,0.08906882256269455,0.04399999976158142,0.04500000178813934
YJL209W,YGR270W,0,-0.029860053,0.08888889104127884,0.04399999976158142,0.045099999755620956
YDL212W,YBR136W,0,-0.030415343,0.08870967477560043,0.04399999976158142,0.04520000144839287
YNL030W,YNL223W,0,-0.030419892,0.08853118866682053,0.04399999976158142,0.04529999941587448
YML005W,YPR023C,0,-0.03047039,0.08835341036319733,0.04399999976158142,0.04540000110864639
YOR288C,YDL227C,0,-0.03056718,0.08817635476589203,0.04399999976158142,0.045499999076128006
YDR484W,YKL080W,0,-0.030579675,0.08799999952316284,0.04399999976158142,0.04560000076889992
YML094W,YNL097C,0,-0.0306211,0.08782435208559036,0.04399999976158142,0.04569999873638153
YKR028W,YKL006C-A,0,-0.030670088,0.087649405002594,0.04399999976158142,0.04580000042915344
YML099C,YHR021C,0,-0.030783508,0.08747515082359314,0.04399999976158142,0.045899998396635056
YDR392W,YPL235W,0,-0.030795258,0.0873015895485878,0.04399999976158142,0.04600000008940697
YOL115W,YNL286W,0,-0.030814182,0.08712871372699738,0.04399999976158142,0.04610000178217888
YOL033W,YGL048C,0,-0.030851562,0.08695652335882187,0.04399999976158142,0.04619999974966049
YDR115W,YLR127C,0,-0.030866321,0.08678501099348068,0.04399999976158142,0.046300001442432404
YHL003C,YPR086W,0,-0.031036887,0.08661417663097382,0.04399999976158142,0.04639999940991402
YPL130W,YDR517W,0,-0.031157944,0.08644400537014008,0.04399999976158142,0.04650000110268593
YKR002W,YBR012W-A,0,-0.031336926,0.08627451211214066,0.04399999976158142,0.04659999907016754
YLR467W,YDR432W,0,-0.03184792,0.08610567450523376,0.04399999976158142,0.04670000076293945
YLR133W,YML094W,0,-0.03220966,0.0859375,0.04399999976158142,0.046799998730421066
YJR147W,YJR057W,0,-0.03223184,0.08576998114585876,0.04399999976158142,0.04690000042319298
YOR212W,YGL210W,0,-0.032678906,0.08560311049222946,0.04399999976158142,0.04699999839067459
YFR005C,YLL027W,0,-0.032686103,0.08543689548969269,0.04399999976158142,0.0471000000834465
YOR005C,YER031C,0,-0.032809053,0.08527132123708725,0.04399999976158142,0.047200001776218414
YOL055C,YBR102C,0,-0.03298238,0.08510638028383255,0.04399999976158142,0.04729999974370003
YLR080W,YMR050C,0,-0.033143114,0.08494208753108978,0.04399999976158142,0.04740000143647194
YNL153C,YGL017W,0,-0.033244554,0.08477842062711716,0.04399999976158142,0.04749999940395355
YJL080C,YNL032W,0,-0.033339385,0.08461538702249527,0.04399999976158142,0.047600001096725464
YNL046W,YNL294C,0,-0.033416625,0.08445297181606293,0.04399999976158142,0.04769999906420708
YOR260W,YAL068C,0,-0.033508424,0.08429118990898132,0.04399999976158142,0.04780000075697899
YMR199W,YLR219W,0,-0.03385933,0.08413001894950867,0.04399999976158142,0.0478999987244606
YER088C,YAR009C,0,-0.034221943,0.08396946638822556,0.04399999976158142,0.04800000041723251
YGR186W,YPL029W,0,-0.03450125,0.08380952477455139,0.04399999976158142,0.04809999838471413
YGR288W,YLR403W,1,-0.034612555,0.08555132895708084,0.04500000178813934,0.04809999838471413
YGR245C,YKR059W,0,-0.034641426,0.08538899570703506,0.04500000178813934,0.04820000007748604
YGR119C,YDL165W,0,-0.034659658,0.08522727340459824,0.04500000178813934,0.04830000177025795
YBR179C,YER108C,0,-0.03526748,0.08506616204977036,0.04500000178813934,0.04839999973773956
YMR246W,YHR055C,0,-0.035589155,0.08490566164255142,0.04500000178813934,0.048500001430511475
YDL059C,YPL153C,0,-0.035826545,0.08474576473236084,0.04500000178813934,0.04859999939799309
YBR297W,YHR124W,1,-0.036095843,0.08646616339683533,0.04600000008940697,0.04859999939799309
YML001W,YLR117C,0,-0.03610171,0.0863039419054985,0.04600000008940697,0.048700001090765
YDR436W,YDR238C,0,-0.03616469,0.08614232391119003,0.04600000008940697,0.04879999905824661
YNL216W,YIR013C,1,-0.036253083,0.08785046637058258,0.04699999839067459,0.04879999905824661
YFL031W,YIR013C,1,-0.03628578,0.08955223858356476,0.04800000041723251,0.04879999905824661
YNL210W,YDL031W,0,-0.036439497,0.08938547223806381,0.04800000041723251,0.048900000751018524
YKL108W,YBL020W,0,-0.0365094,0.08921933174133301,0.04800000041723251,0.04899999871850014
YJL209W,YML039W,0,-0.036535263,0.08905380219221115,0.04800000041723251,0.04910000041127205
YMR173W,YNL079C,0,-0.036850665,0.08888889104127884,0.04800000041723251,0.04919999837875366
YPL178W,YBR119W,0,-0.036907155,0.08872458338737488,0.04800000041723251,0.049300000071525574
YGR288W,YDR096W,1,-0.037334654,0.0904059037566185,0.04899999871850014,0.049300000071525574
YJL203W,YLR158C,0,-0.03735843,0.09023941308259964,0.04899999871850014,0.049400001764297485
YOL038W,YAL032C,0,-0.037404615,0.09007352590560913,0.04899999871850014,0.0494999997317791
YGL033W,YKR020W,0,-0.037508722,0.08990825712680817,0.04899999871850014,0.04960000142455101
YCR071C,YDR103W,0,-0.037568573,0.08974359184503555,0.04899999871850014,0.04969999939203262
YGL171W,YGR270W,0,-0.0375703,0.0895795226097107,0.04899999871850014,0.049800001084804535
YGL190C,YJR031C,0,-0.037756044,0.08941605687141418,0.04899999871850014,0.04989999905228615
YHR041C,YHL024W,0,-0.037789125,0.08925318717956543,0.04899999871850014,0.05000000074505806
YOR305W,YER016W,0,-0.037952434,0.08909090608358383,0.04899999871850014,0.05009999871253967
YLL034C,YGL115W,0,-0.038130123,0.08892922103404999,0.04899999871850014,0.050200000405311584
YLR301W,YGR116W,0,-0.038378205,0.0887681171298027,0.04899999871850014,0.0502999983727932
YNR030W,YMR138W,0,-0.03838676,0.08860759437084198,0.04899999871850014,0.05040000006556511
YPL283C,YKL012W,0,-0.03843361,0.08844765275716782,0.04899999871850014,0.05050000175833702
YBR038W,YBR169C,0,-0.03864322,0.08828828483819962,0.04899999871850014,0.050599999725818634
YOR074C,YMR204C,0,-0.038643233,0.08812949806451797,0.04899999871850014,0.050700001418590546
YMR314W,YDR108W,0,-0.038948175,0.0879712775349617,0.04899999871850014,0.05079999938607216
YMR292W,YGL053W,0,-0.038967643,0.08781362324953079,0.04899999871850014,0.05090000107884407
YBR059C,YAL068C,0,-0.038990475,0.08765652775764465,0.04899999871850014,0.050999999046325684
YGR281W,YHR204W,0,-0.03909445,0.08749999850988388,0.04899999871850014,0.051100000739097595
YBL100W-B,YNL293W,0,-0.039359096,0.08734402805566788,0.04899999871850014,0.05119999870657921
YDR255C,YHL034C,0,-0.039425835,0.08718860894441605,0.04899999871850014,0.05130000039935112
YLR266C,YDR437W,0,-0.039443303,0.08703374862670898,0.04899999871850014,0.05139999836683273
YAL003W,YPL091W,0,-0.04004615,0.0868794322013855,0.04899999871850014,0.051500000059604645
YNL065W,YNL259C,0,-0.040072016,0.08672566711902618,0.04899999871850014,0.051600001752376556
YOL091W,YFR052W,0,-0.0401016,0.08657243847846985,0.04899999871850014,0.05169999971985817
YLR071C,YOL043C,0,-0.040737364,0.08641975373029709,0.04899999871850014,0.05180000141263008
YFL024C,YGL029W,0,-0.04081246,0.08626760542392731,0.04899999871850014,0.051899999380111694
YLR340W,YMR058W,0,-0.041301664,0.0861159935593605,0.04899999871850014,0.052000001072883606
YDR288W,YIR028W,0,-0.04151081,0.08596491068601608,0.04899999871850014,0.05209999904036522
YDR138W,YOL116W,0,-0.041691992,0.08581436425447464,0.04899999871850014,0.05220000073313713
YBL042C,YCR080W,0,-0.04175421,0.08566433936357498,0.04899999871850014,0.052299998700618744
YOL109W,YER107C,0,-0.041825015,0.08551483601331711,0.04899999871850014,0.052400000393390656
YBR024W,YER087C-A,0,-0.041828196,0.08536585420370102,0.04899999871850014,0.05249999836087227
YKR028W,YML028W,0,-0.041889388,0.08521739393472672,0.04899999871850014,0.05260000005364418
YBL100W-A,YDL149W,0,-0.042342216,0.0850694477558136,0.04899999871850014,0.05270000174641609
YHR118C,YER120W,0,-0.04290427,0.08492200821638107,0.04899999871850014,0.052799999713897705
YPL259C,YDR284C,0,-0.043176476,0.08477509021759033,0.04899999871850014,0.05290000140666962
YJL031C,YML099C,0,-0.04335319,0.08462867140769958,0.04899999871850014,0.05299999937415123
YPL041C,YDR177W,0,-0.043478314,0.08448275923728943,0.04899999871850014,0.05310000106692314
YOR245C,YLR088W,0,-0.04354154,0.08433734625577927,0.04899999871850014,0.053199999034404755
YCR084C,YGR217W,0,-0.043604422,0.0841924399137497,0.04899999871850014,0.053300000727176666
YFL018W-A,YPL175W,0,-0.043618307,0.08404802531003952,0.04899999871850014,0.05339999869465828
YJR031C,YNL286W,0,-0.044067696,0.08390410989522934,0.04899999871850014,0.05350000038743019
YMR302C,YLR139C,0,-0.044263646,0.08376068621873856,0.04899999871850014,0.053599998354911804
YPL163C,YBR103W,0,-0.04434717,0.08361774682998657,0.04899999871850014,0.053700000047683716
YJR120W,YHR015W,0,-0.044669516,0.08347529917955399,0.04899999871850014,0.05380000174045563
YGR258C,YPL213W,0,-0.045106072,0.0833333358168602,0.04899999871850014,0.05389999970793724
YHR042W,YPL269W,0,-0.045819636,0.08319184929132462,0.04899999871850014,0.05400000140070915
YFR029W,YPL116W,0,-0.045902975,0.08305084705352783,0.04899999871850014,0.054099999368190765
YIL009W,YBR065C,0,-0.045949597,0.08291032165288925,0.04899999871850014,0.05420000106096268
YML131W,YCR094W,0,-0.04655205,0.08277027308940887,0.04899999871850014,0.05429999902844429
YIL040W,YGR270W,0,-0.046611585,0.0826306939125061,0.04899999871850014,0.0544000007212162
YBR133C,YOR354C,0,-0.046850044,0.08249158412218094,0.04899999871850014,0.054499998688697815
YHL003C,YDL165W,0,-0.046872262,0.08235294371843338,0.04899999871850014,0.05460000038146973
YER108C,YNL182C,0,-0.046975955,0.08221476525068283,0.04899999871850014,0.05469999834895134
YBR297W,YER111C,1,-0.046990983,0.0837520956993103,0.05000000074505806,0.05469999834895134
YHR048W,YIL117C,0,-0.047519777,0.08361203968524933,0.05000000074505806,0.05480000004172325
YDL197C,YPR002W,0,-0.04783353,0.08347245305776596,0.05000000074505806,0.05490000173449516
YDR096W,YHR084W,1,-0.047946405,0.08500000089406967,0.050999999046325684,0.05490000173449516
YDR060W,YDL013W,0,-0.048262555,0.08485856652259827,0.050999999046325684,0.054999999701976776
YER142C,YGL001C,0,-0.04841273,0.08471760898828506,0.050999999046325684,0.05510000139474869
YGL249W,YNL197C,0,-0.048760485,0.08457711338996887,0.050999999046325684,0.0551999993622303
YNL172W,YLL024C,0,-0.04885326,0.08443708717823029,0.050999999046325684,0.05530000105500221
YFL029C,YDL160C,0,-0.048927285,0.08429752290248871,0.050999999046325684,0.055399999022483826
YNL080C,YPL208W,0,-0.049084138,0.08415841311216354,0.050999999046325684,0.05550000071525574
YMR039C,YJR047C,0,-0.04919062,0.08401977270841599,0.050999999046325684,0.05559999868273735
YBR143C,YHR034C,0,-0.049264822,0.08388157933950424,0.050999999046325684,0.05570000037550926
YNL138W,YML005W,0,-0.049394194,0.08374384045600891,0.050999999046325684,0.055799998342990875
YIL075C,YIL159W,0,-0.049442273,0.08360655605792999,0.050999999046325684,0.05590000003576279
YKL200C,YNL236W,0,-0.049456347,0.08346971869468689,0.050999999046325684,0.0560000017285347
YNL216W,YCR106W,1,-0.04947369,0.08496732264757156,0.052000001072883606,0.0560000017285347
YML069W,YOR290C,0,-0.049594957,0.08482871204614639,0.052000001072883606,0.05609999969601631
YOR244W,YNL098C,0,-0.04962944,0.08469055593013763,0.052000001072883606,0.05620000138878822
YGL017W,YGR082W,0,-0.050027285,0.08455284684896469,0.052000001072883606,0.056299999356269836
YMR045C,YPR111W,0,-0.050373502,0.08441558480262756,0.052000001072883606,0.05640000104904175
YKL070W,YIR015W,0,-0.05039617,0.08427876979112625,0.052000001072883606,0.05649999901652336
YGR229C,YLR329W,0,-0.050411005,0.08414239436388016,0.052000001072883606,0.05660000070929527
YHL009C,YDL170W,1,-0.05058976,0.08562196791172028,0.05299999937415123,0.05660000070929527
YOL011W,YNL263C,0,-0.050729994,0.08548387140035629,0.05299999937415123,0.056699998676776886
YPR037C,YDR065W,0,-0.050751586,0.08534621447324753,0.05299999937415123,0.0568000003695488
YER044C-A,YGR158C,0,-0.05078743,0.08520900458097458,0.05299999937415123,0.05689999833703041
YGR227W,YLR371W,0,-0.05087622,0.08507223427295685,0.05299999937415123,0.05700000002980232
YBR012W-A,YJR120W,0,-0.051104896,0.08493589609861374,0.05299999937415123,0.057100001722574234
YMR045C,YNL102W,0,-0.051117998,0.08479999750852585,0.05299999937415123,0.05719999969005585
YPL012W,YGR272C,0,-0.05119701,0.08466453850269318,0.05299999937415123,0.05730000138282776
YOR266W,YNL207W,0,-0.051228214,0.08452950417995453,0.05299999937415123,0.05739999935030937
YIL066C,YKL213C,0,-0.05131356,0.0843949019908905,0.05299999937415123,0.057500001043081284
YOR058C,YER108C,0,-0.05141274,0.0842607319355011,0.05299999937415123,0.0575999990105629
YMR050C,YIL079C,0,-0.05148505,0.08412698656320572,0.05299999937415123,0.05770000070333481
YML041C,YDL081C,0,-0.05151512,0.08399365842342377,0.05299999937415123,0.05779999867081642
YHR055C,YPR135W,0,-0.05155907,0.08386076241731644,0.05299999937415123,0.05790000036358833
YLR316C,YPR138C,0,-0.051696096,0.08372827619314194,0.05299999937415123,0.057999998331069946
YOR274W,YGL001C,0,-0.051751863,0.08359621465206146,0.05299999937415123,0.05810000002384186
YGL210W-A,YPL274W,0,-0.05194711,0.08346457034349442,0.05299999937415123,0.05820000171661377
YBR020W,YLR361C,0,-0.051971693,0.0833333358168602,0.05299999937415123,0.05829999968409538
YGL210W-A,YHL040C,0,-0.05223036,0.08320251107215881,0.05299999937415123,0.058400001376867294
YIL167W,YJR031C,0,-0.052292038,0.08307210355997086,0.05299999937415123,0.05849999934434891
YHR166C,YDR108W,0,-0.052525736,0.08294209837913513,0.05299999937415123,0.05860000103712082
YDR330W,YEL053C,0,-0.052604206,0.08281250298023224,0.05299999937415123,0.05869999900460243
YPR168W,YGL008C,0,-0.052901793,0.08268330991268158,0.05299999937415123,0.058800000697374344
YMR050C,YPR158C-D,0,-0.05303645,0.08255451917648315,0.05299999937415123,0.05889999866485596
YHR206W,YIR013C,1,-0.053118575,0.08398133516311646,0.05400000140070915,0.05889999866485596
YAL022C,YCL027W,0,-0.053176805,0.0838509351015091,0.05400000140070915,0.05900000035762787
YDL170W,YHR084W,1,-0.053675946,0.08527132123708725,0.054999999701976776,0.05900000035762787
YFL011W,YJL004C,0,-0.053724293,0.08513931930065155,0.054999999701976776,0.05909999832510948
YOL076W,YPL002C,0,-0.05395067,0.08500772714614868,0.054999999701976776,0.05920000001788139
YJR089W,YAL055W,0,-0.054494057,0.08487654477357864,0.054999999701976776,0.059300001710653305
YLR157C-B,YDR098C-B,0,-0.054593466,0.08474576473236084,0.054999999701976776,0.05939999967813492
YEL060C,YBL005W-B,0,-0.055057187,0.08461538702249527,0.054999999701976776,0.05950000137090683
YPL094C,YML015C,0,-0.055540863,0.08448540419340134,0.054999999701976776,0.05959999933838844
YOR132W,YDL102W,0,-0.0560379,0.08435583114624023,0.054999999701976776,0.059700001031160355
YPL058C,YEL057C,0,-0.056088798,0.08422664552927017,0.054999999701976776,0.05979999899864197
YLR157C-B,YMR053C,0,-0.056325864,0.08409786224365234,0.054999999701976776,0.05990000069141388
YJR057W,YLR301W,0,-0.056330416,0.08396946638822556,0.054999999701976776,0.05999999865889549
YDR034C-C,YKL026C,0,-0.056374762,0.0838414654135704,0.054999999701976776,0.060100000351667404
YKL092C,YDL236W,0,-0.056589145,0.08371385186910629,0.054999999701976776,0.06019999831914902
YPR032W,YKL064W,0,-0.056913298,0.08358662575483322,0.054999999701976776,0.06030000001192093
YGR204W,YBR100W,0,-0.056953628,0.08345978707075119,0.054999999701976776,0.06040000170469284
YPR158W-B,YGR092W,0,-0.0569716,0.0833333358168602,0.054999999701976776,0.060499999672174454
YGL086W,YGL144C,0,-0.057022747,0.08320726454257965,0.054999999701976776,0.060600001364946365
YPR176C,YFR024C,0,-0.057329085,0.08308157324790955,0.054999999701976776,0.06069999933242798
YLR192C,YOL043C,0,-0.05741481,0.08295626193284988,0.054999999701976776,0.06080000102519989
YJL128C,YPR134W,0,-0.05744674,0.08283132314682007,0.054999999701976776,0.0608999989926815
YPR158W-A,YLR084C,0,-0.057508077,0.0827067643404007,0.054999999701976776,0.061000000685453415
YPR137C-B,YML042W,0,-0.057581853,0.08258258551359177,0.054999999701976776,0.06109999865293503
YML048W,YLR052W,0,-0.05758604,0.08245877176523209,0.054999999701976776,0.06120000034570694
YBR100W,YLR189C,0,-0.05761389,0.08233533054590225,0.054999999701976776,0.06129999831318855
YOL103W-A,YGR280C,0,-0.057628114,0.08221225440502167,0.054999999701976776,0.061400000005960464
YKL172W,YNL279W,0,-0.057629604,0.08208955079317093,0.054999999701976776,0.061500001698732376
YCL026C-A,YDR334W,0,-0.057755325,0.08196721225976944,0.054999999701976776,0.06159999966621399
YGL137W,YHR039C-B,0,-0.057835914,0.0818452388048172,0.054999999701976776,0.0617000013589859
YCL075W,YNL142W,0,-0.057856534,0.08172362297773361,0.054999999701976776,0.061799999326467514
YOR168W,YDR173C,0,-0.05796394,0.08160237222909927,0.054999999701976776,0.061900001019239426
YJL110C,YLR183C,1,-0.058036346,0.08296296000480652,0.0560000017285347,0.061900001019239426
YFL033C,YNL025C,0,-0.058088463,0.08284023404121399,0.0560000017285347,0.06199999898672104
YMR051C,YGR027W-B,0,-0.05815274,0.08271787315607071,0.0560000017285347,0.06210000067949295
YKR031C,YNL209W,0,-0.058247674,0.08259586989879608,0.0560000017285347,0.062199998646974564
YOL110W,YDR176W,0,-0.058400627,0.0824742242693901,0.0560000017285347,0.062300000339746475
YGR038C-B,YOR343W-B,0,-0.058523756,0.08235294371843338,0.0560000017285347,0.06239999830722809
YPR158C-D,YMR061W,0,-0.058566574,0.08223201334476471,0.0560000017285347,0.0625
YER160C,YFL002W-B,0,-0.058727726,0.08211144059896469,0.0560000017285347,0.06260000169277191
YLR106C,YBR050C,0,-0.058853086,0.08199121803045273,0.0560000017285347,0.06270000338554382
YPL257W-A,YPL268W,0,-0.058937766,0.08187134563922882,0.0560000017285347,0.06279999762773514
YNL111C,YKL055C,0,-0.059062712,0.08175182342529297,0.0560000017285347,0.06289999932050705
YPL174C,YPR041W,0,-0.05929879,0.08163265138864517,0.0560000017285347,0.06300000101327896
YLR328W,YML047C,0,-0.059389316,0.08151382952928543,0.0560000017285347,0.06310000270605087
YNL199C,YJL209W,0,-0.059435282,0.08139535039663315,0.0560000017285347,0.06319999694824219
YBR159W,YDR409W,0,-0.059512023,0.08127721399068832,0.0560000017285347,0.0632999986410141
YIL002C,YOR168W,0,-0.059760343,0.08115942031145096,0.0560000017285347,0.06340000033378601
YJL173C,YGL004C,0,-0.05979149,0.08104196935892105,0.0560000017285347,0.06350000202655792
YDL031W,YBL025W,0,-0.059942003,0.080924853682518,0.0560000017285347,0.06360000371932983
YLR059C,YIL065C,0,-0.05994616,0.08080808073282242,0.0560000017285347,0.06369999796152115
YLR205C,YDR309C,0,-0.060192604,0.08069164305925369,0.0560000017285347,0.06379999965429306
YGR258C,YBL097W,0,-0.060218614,0.08057554066181183,0.0560000017285347,0.06390000134706497
YER190W,YPL257W-B,0,-0.060309034,0.08045977354049683,0.0560000017285347,0.06400000303983688
YBR280C,YNL307C,0,-0.06034771,0.08034433424472809,0.0560000017285347,0.0640999972820282
YNL139C,YOR159C,0,-0.060358666,0.08022922277450562,0.0560000017285347,0.06419999897480011
YML001W,YFL056C,0,-0.060402382,0.08011444658041,0.0560000017285347,0.06430000066757202
YNL210W,YGR141W,0,-0.06046396,0.07999999821186066,0.0560000017285347,0.06440000236034393
YML040W,YKL186C,0,-0.060605984,0.07988587766885757,0.0560000017285347,0.06449999660253525
YIL131C,YPL274W,0,-0.060688753,0.07977207750082016,0.0560000017285347,0.06459999829530716
YDR439W,YDR418W,0,-0.060704667,0.07965860515832901,0.0560000017285347,0.06469999998807907
YPL112C,YIL143C,0,-0.06116233,0.07954545319080353,0.0560000017285347,0.06480000168085098
YLR274W,YBR055C,0,-0.06118845,0.07943262159824371,0.0560000017285347,0.0649000033736229
YNL292W,YOR002W,0,-0.06120879,0.07932011038064957,0.0560000017285347,0.06499999761581421
YBR037C,YPL041C,0,-0.061368074,0.07920791953802109,0.0560000017285347,0.06509999930858612
YLL040C,YPR002W,0,-0.06138077,0.07909604161977768,0.0560000017285347,0.06520000100135803
YMR167W,YDL198C,0,-0.061473925,0.07898448407649994,0.0560000017285347,0.06530000269412994
YNL098C,YBR077C,0,-0.06147671,0.07887323945760727,0.0560000017285347,0.06539999693632126
YPR183W,YPL161C,0,-0.061508346,0.07876230776309967,0.0560000017285347,0.06549999862909317
YJR010C-A,YDR398W,0,-0.06171005,0.07865168899297714,0.0560000017285347,0.06560000032186508
YDL160C,YCL060C,0,-0.06176707,0.07854137569665909,0.0560000017285347,0.065700002014637
YNL172W,YKL073W,0,-0.061794635,0.0784313753247261,0.0560000017285347,0.0658000037074089
YHR165C,YDR030C,0,-0.061933886,0.0783216804265976,0.0560000017285347,0.06589999794960022
YPR009W,YGL008C,0,-0.062037516,0.07821229100227356,0.0560000017285347,0.06599999964237213
YKL175W,YBR254C,0,-0.062048864,0.078103207051754,0.0560000017285347,0.06610000133514404
YDL118W,YKL126W,0,-0.062224288,0.07799442857503891,0.0560000017285347,0.06620000302791595
YLR391W-A,YDR080W,0,-0.06231416,0.0778859555721283,0.0560000017285347,0.06629999727010727
YLR403W,YIR013C,1,-0.062453676,0.07916666567325592,0.05700000002980232,0.06629999727010727
YMR050C,YGL018C,0,-0.06250037,0.07905686646699905,0.05700000002980232,0.06639999896287918
YPL174C,YMR100W,0,-0.06258649,0.07894736528396606,0.05700000002980232,0.06650000065565109
YGR002C,YBL005W-B,0,-0.062663436,0.07883817702531815,0.05700000002980232,0.066600002348423
YMR059W,YGR118W,0,-0.06280281,0.07872927933931351,0.05700000002980232,0.06669999659061432
YPR102C,YLR391W,0,-0.062846385,0.07862068712711334,0.05700000002980232,0.06679999828338623
YCL063W,YHR055C,0,-0.062968194,0.07851240038871765,0.05700000002980232,0.06689999997615814
YLR384C,YNL328C,0,-0.063057184,0.07840440422296524,0.05700000002980232,0.06700000166893005
YLR206W,YLR068W,0,-0.063081875,0.0782967060804367,0.05700000002980232,0.06710000336170197
YPL041C,YDR240C,0,-0.06313135,0.07818929851055145,0.05700000002980232,0.06719999760389328
YNL070W,YBR024W,0,-0.063161165,0.07808218896389008,0.05700000002980232,0.06729999929666519
YDL230W,YLR127C,0,-0.06351763,0.07797537744045258,0.05700000002980232,0.0674000009894371
YDR170W-A,YDL235C,0,-0.06377499,0.07786884903907776,0.05700000002980232,0.06750000268220901
YJR105W,YDR317W,0,-0.063985884,0.07776261866092682,0.05700000002980232,0.06759999692440033
YJR147W,YMR035W,0,-0.063987,0.07765667885541916,0.05700000002980232,0.06769999861717224
YAR010C,YPR074C,0,-0.064062014,0.07755102217197418,0.05700000002980232,0.06780000030994415
YPL128C,YGL096W,1,-0.06408553,0.07880435138940811,0.057999998331069946,0.06780000030994415
YDL230W,YNL318C,0,-0.06414795,0.07869742065668106,0.057999998331069946,0.06790000200271606
YOR198C,YHR214C-C,0,-0.064173624,0.07859078794717789,0.057999998331069946,0.06800000369548798
YLR028C,YKR086W,0,-0.064325765,0.0784844383597374,0.057999998331069946,0.06809999793767929
YOR207C,YFL002W-B,0,-0.06470277,0.07837837934494019,0.057999998331069946,0.0681999996304512
YEL066W,YBR273C,0,-0.064713284,0.07827260345220566,0.057999998331069946,0.06830000132322311
YPR158W-A,YDR320C,0,-0.0647921,0.07816711813211441,0.057999998331069946,0.06840000301599503
YMR172W,YOL124C,0,-0.06482139,0.07806190848350525,0.057999998331069946,0.06849999725818634
YDR365W-B,YOR142W-B,0,-0.06482159,0.07795698940753937,0.057999998331069946,0.06859999895095825
YDR261C-D,YER016W,0,-0.06495907,0.07785234600305557,0.057999998331069946,0.06870000064373016
YDR210W-B,YLR270W,0,-0.06501798,0.07774798572063446,0.057999998331069946,0.06880000233650208
YCL061C,YBR193C,0,-0.065046996,0.07764390856027603,0.057999998331069946,0.06889999657869339
YOR035C,YOR240W,0,-0.06524967,0.07754010707139969,0.057999998331069946,0.0689999982714653
YIL063C,YPL257W-B,0,-0.06529294,0.07743658125400543,0.057999998331069946,0.06909999996423721
YGR241C,YOR338W,0,-0.06545243,0.07733333110809326,0.057999998331069946,0.06920000165700912
YPL257W-A,YFL036W,0,-0.06553843,0.07723035663366318,0.057999998331069946,0.06930000334978104
YBR153W,YDR281C,0,-0.06555362,0.07712765783071518,0.057999998331069946,0.06939999759197235
YKR002W,YOR290C,0,-0.06560895,0.07702523469924927,0.057999998331069946,0.06949999928474426
YOR343W-B,YDR126W,0,-0.06566608,0.07692307978868484,0.057999998331069946,0.06960000097751617
YOL088C,YNL015W,0,-0.065671146,0.07682119309902191,0.057999998331069946,0.06970000267028809
YDR265W,YFL002W-A,0,-0.06567894,0.07671957463026047,0.057999998331069946,0.0697999969124794
YHL036W,YNL273W,0,-0.06569111,0.07661823183298111,0.057999998331069946,0.06989999860525131
YMR037C,YHR178W,1,-0.06570046,0.07783640921115875,0.05900000035762787,0.06989999860525131
YDR034C-D,YOR115C,0,-0.065725,0.07773385941982269,0.05900000035762787,0.07000000029802322
YPR034W,YNL032W,0,-0.06574443,0.07763157784938812,0.05900000035762787,0.07010000199079514
YPR056W,YNL078W,0,-0.06577006,0.07752956449985504,0.05900000035762787,0.07020000368356705
YLR303W,YNL278W,0,-0.06579511,0.07742781937122345,0.05900000035762787,0.07029999792575836
YBR214W,YCR080W,0,-0.065800145,0.07732634246349335,0.05900000035762787,0.07039999961853027
YPR173C,YDL017W,0,-0.06586687,0.07722513377666473,0.05900000035762787,0.07050000131130219
YML132W,YCR058C,0,-0.06595336,0.07712418586015701,0.05900000035762787,0.0706000030040741
YJR153W,YMR220W,0,-0.06600794,0.07702349871397018,0.05900000035762787,0.07069999724626541
YIR013C,YPL133C,1,-0.066285506,0.07822685688734055,0.05999999865889549,0.07069999724626541
YNL290W,YGL174W,0,-0.06637123,0.078125,0.05999999865889549,0.07079999893903732
YGR288W,YDR501W,1,-0.06646231,0.07932379841804504,0.061000000685453415,0.07079999893903732
YPR002W,YPR057W,0,-0.06654984,0.07922077924013138,0.061000000685453415,0.07090000063180923
YCL062W,YBR152W,0,-0.066637695,0.0791180282831192,0.061000000685453415,0.07100000232458115
YAL015C,YGR070W,0,-0.06671375,0.07901554554700851,0.061000000685453415,0.07109999656677246
YER183C,YPL227C,0,-0.066768065,0.07891332358121872,0.061000000685453415,0.07119999825954437
YPR137C-B,YKR039W,0,-0.066854864,0.07881136983633041,0.061000000685453415,0.07129999995231628
YDR202C,YIL037C,0,-0.06686568,0.078709676861763,0.061000000685453415,0.0714000016450882
YER142C,YNL294C,0,-0.067175224,0.07860824465751648,0.061000000685453415,0.07150000333786011
YPR073C,YBL080C,0,-0.06718506,0.07850708067417145,0.061000000685453415,0.07159999758005142
YLR148W,YAR033W,0,-0.06720024,0.07840617001056671,0.061000000685453415,0.07169999927282333
YHR083W,YGL046W,0,-0.0672289,0.07830552011728287,0.061000000685453415,0.07180000096559525
YDR210W-B,YLR234W,0,-0.06724706,0.07820513099431992,0.061000000685453415,0.07190000265836716
YJL013C,YMR087W,0,-0.067370154,0.07810499519109726,0.061000000685453415,0.07199999690055847
YDL170W,YNL216W,1,-0.06747879,0.07928388565778732,0.06199999898672104,0.07199999690055847
YPL257W-A,YDR106W,0,-0.06748608,0.07918263226747513,0.06199999898672104,0.07209999859333038
YER015W,YBR216C,0,-0.06750417,0.07908163219690323,0.06199999898672104,0.0722000002861023
YDR210C-D,YPR041W,0,-0.06756422,0.07898089289665222,0.06199999898672104,0.0723000019788742
YPL206C,YPR158C-D,0,-0.06797056,0.07888040691614151,0.06199999898672104,0.07240000367164612
YER040W,YOR380W,1,-0.06810033,0.08005082607269287,0.06300000101327896,0.07240000367164612
YBR058C,YBR279W,0,-0.068103015,0.07994923740625381,0.06300000101327896,0.07249999791383743
YKL043W,YFL031W,1,-0.068128765,0.08111533522605896,0.06400000303983688,0.07249999791383743
YDR034C-D,YDL024C,0,-0.06823605,0.08101265877485275,0.06400000303983688,0.07259999960660934
YPR137C-B,YMR163C,0,-0.06826235,0.08091024309396744,0.06400000303983688,0.07270000129938126
YDL058W,YER160C,0,-0.068284765,0.08080808073282242,0.06400000303983688,0.07280000299215317
YHR084W,YIR013C,1,-0.0683741,0.08196721225976944,0.06499999761581421,0.07280000299215317
YPR055W,YGR063C,0,-0.06841375,0.08186397701501846,0.06499999761581421,0.07289999723434448
YAR007C,YHR120W,0,-0.06852767,0.08176100999116898,0.06499999761581421,0.0729999989271164
YBL040C,YGR140W,0,-0.06856163,0.08165828883647919,0.06499999761581421,0.0731000006198883
YOR120W,YGR014W,0,-0.06873773,0.08155583590269089,0.06499999761581421,0.07320000231266022
YGL254W,YPL133C,1,-0.06877051,0.0827067643404007,0.06599999964237213,0.07320000231266022
YDR098C-A,YGL017W,0,-0.06891626,0.08260325342416763,0.06599999964237213,0.07329999655485153
YGR082W,YGL029W,0,-0.069009155,0.08250000327825546,0.06599999964237213,0.07339999824762344
YDR034C-D,YIL150C,0,-0.06915131,0.08239700645208359,0.06599999964237213,0.07349999994039536
YKL190W,YPL257W-A,0,-0.069163665,0.08229426294565201,0.06599999964237213,0.07360000163316727
YLR133W,YML039W,0,-0.06921901,0.08219178020954132,0.06599999964237213,0.07370000332593918
YDR365W-A,YER178W,0,-0.06932449,0.08208955079317093,0.06599999964237213,0.0737999975681305
YHR088W,YOR130C,0,-0.06937936,0.08198757469654083,0.06599999964237213,0.0738999992609024
YOL103W-A,YDR013W,0,-0.06954716,0.08188585937023163,0.06599999964237213,0.07400000095367432
YOR018W,YHR039C-B,0,-0.06962156,0.08178438991308212,0.06599999964237213,0.07410000264644623
YDR260C,YLR381W,0,-0.06976083,0.08168316632509232,0.06599999964237213,0.07419999688863754
YOR120W,YGR178C,0,-0.069925725,0.0815822035074234,0.06599999964237213,0.07429999858140945
YGR218W,YLR399C,0,-0.069950014,0.08148147910833359,0.06599999964237213,0.07440000027418137
YBR205W,YDR261W-A,0,-0.06995539,0.08138100802898407,0.06599999964237213,0.07450000196695328
YKR089C,YOR315W,0,-0.07010065,0.08128079026937485,0.06599999964237213,0.07460000365972519
YDR272W,YKR082W,0,-0.0701848,0.08118081092834473,0.06599999964237213,0.0746999979019165
YMR219W,YOR142W-B,0,-0.07021518,0.0810810774564743,0.06599999964237213,0.07479999959468842
YGR013W,YOR326W,0,-0.07022935,0.08098159730434418,0.06599999964237213,0.07490000128746033
YMR004W,YER106W,0,-0.07036774,0.08088235557079315,0.06599999964237213,0.07500000298023224
YDR261W-A,YOR254C,0,-0.070411846,0.08078335225582123,0.06599999964237213,0.07509999722242355
YMR025W,YLR045C,0,-0.07046051,0.080684594810009,0.06599999964237213,0.07519999891519547
YHR079C-B,YER035W,0,-0.07061522,0.08058608323335648,0.06599999964237213,0.07530000060796738
YER040W,YER111C,1,-0.070639804,0.08170731365680695,0.06700000166893005,0.07530000060796738
YCR073W-A,YKL113C,0,-0.0707652,0.08160779625177383,0.06700000166893005,0.07540000230073929
YOR160W,YBL005W-A,0,-0.0707735,0.08150851726531982,0.06700000166893005,0.0754999965429306
YFR047C,YDL035C,0,-0.070829764,0.08140947669744492,0.06700000166893005,0.07559999823570251
YIL122W,YML040W,0,-0.07089569,0.0813106819987297,0.06700000166893005,0.07569999992847443
YKL143W,YPL060C-A,0,-0.07091361,0.081212118268013,0.06700000166893005,0.07580000162124634
YOR233W,YPL257W-B,0,-0.070980996,0.081113800406456,0.06700000166893005,0.07590000331401825
YER088C,YEL036C,0,-0.07099964,0.08101572096347809,0.06700000166893005,0.07599999755620956
YMR039C,YPR137C-B,0,-0.071035594,0.08091787248849869,0.06700000166893005,0.07609999924898148
YNL090W,YLR109W,0,-0.07115474,0.08082026243209839,0.06700000166893005,0.07620000094175339
YGR163W,YHL009W-B,0,-0.071244836,0.08072289079427719,0.06700000166893005,0.0763000026345253
YML069W,YDR210W-A,0,-0.071272135,0.0806257501244545,0.06700000166893005,0.07639999687671661
YCL003W,YLR157C,0,-0.07131018,0.08052884787321091,0.06700000166893005,0.07649999856948853
YJL080C,YKL019W,0,-0.071334004,0.08043217658996582,0.06700000166893005,0.07660000026226044
YFL031W,YLR013W,1,-0.07146396,0.08153477311134338,0.06800000369548798,0.07660000026226044
YGL011C,YOR201C,0,-0.071541816,0.0814371258020401,0.06800000369548798,0.07670000195503235
YHR165C,YBR275C,0,-0.07155001,0.08133970946073532,0.06800000369548798,0.07680000364780426
YPL257W-A,YBR274W,0,-0.07155849,0.08124253153800964,0.06800000369548798,0.07689999788999557
YBR069C,YOR299W,0,-0.07161553,0.08114558458328247,0.06800000369548798,0.07699999958276749
YBL005W-A,YFL033C,0,-0.07168392,0.0810488685965538,0.06800000369548798,0.0771000012755394
YGR042W,YML104C,0,-0.07173306,0.08095238357782364,0.06800000369548798,0.07720000296831131
YOR113W,YLR381W,0,-0.07176526,0.08085612207651138,0.06800000369548798,0.07729999721050262
YDR071C,YAL016W,0,-0.07181314,0.08076009154319763,0.06800000369548798,0.07739999890327454
YDR527W,YFR024C,0,-0.07182698,0.08066429197788239,0.06800000369548798,0.07750000059604645
YLR227W-B,YHR129C,0,-0.071855575,0.08056872338056564,0.06800000369548798,0.07760000228881836
YLR227W-B,YLR186W,0,-0.07187758,0.08047337085008621,0.06800000369548798,0.07769999653100967
YPR158C-C,YMR319C,0,-0.0719766,0.08037824928760529,0.06800000369548798,0.07779999822378159
YER138C,YLR248W,0,-0.07214035,0.08028335124254227,0.06800000369548798,0.0778999999165535
YGR218W,YMR087W,0,-0.07220556,0.08018867671489716,0.06800000369548798,0.07800000160932541
YPR036W,YLR381W,0,-0.07229669,0.08009422570466995,0.06800000369548798,0.07810000330209732
YNL325C,YNL066W,0,-0.07241395,0.07999999821186066,0.06800000369548798,0.07819999754428864
YBL058W,YDR424C,0,-0.07243733,0.07990599423646927,0.06800000369548798,0.07829999923706055
YGR038C-B,YER122C,0,-0.07251552,0.07981220632791519,0.06800000369548798,0.07840000092983246
YPL130W,YGL222C,0,-0.07259316,0.07971864193677902,0.06800000369548798,0.07850000262260437
YAR010C,YJR143C,0,-0.07268272,0.07962529361248016,0.06800000369548798,0.07859999686479568
YLR103C,YGL046W,0,-0.07271509,0.07953216135501862,0.06800000369548798,0.0786999985575676
YJR140C,YCR052W,0,-0.072742134,0.07943925261497498,0.06800000369548798,0.07880000025033951
YIL119C,YDR073W,0,-0.072937086,0.07934655994176865,0.06800000369548798,0.07890000194311142
YDR034C-D,YKL002W,0,-0.07299997,0.07925407588481903,0.06800000369548798,0.07900000363588333
YPL248C,YHR084W,1,-0.073148206,0.08032596111297607,0.0689999982714653,0.07900000363588333
YIL031W,YPL257W-A,0,-0.07319376,0.08023256063461304,0.0689999982714653,0.07909999787807465
YOR299W,YPR137C-B,0,-0.07319376,0.08013937622308731,0.0689999982714653,0.07919999957084656
YDR299W,YOL069W,0,-0.073229134,0.0800464004278183,0.0689999982714653,0.07930000126361847
YGL229C,YDL147W,0,-0.07330641,0.0799536481499672,0.0689999982714653,0.07940000295639038
YCR062W,YHR143W,0,-0.07354595,0.0798611119389534,0.0689999982714653,0.0794999971985817
YER028C,YHR143W,0,-0.07357463,0.07976878434419632,0.0689999982714653,0.07959999889135361
YGR169C,YLR363C,0,-0.07357554,0.07967667281627655,0.0689999982714653,0.07970000058412552
YMR056C,YER016W,0,-0.07358357,0.07958477735519409,0.0689999982714653,0.07980000227689743
YER138C,YDR009W,0,-0.073691264,0.07949309051036835,0.0689999982714653,0.07989999651908875
YPL101W,YJL204C,0,-0.07375161,0.07940161228179932,0.0689999982714653,0.07999999821186066
YOL003C,YML102W,0,-0.07377808,0.079310342669487,0.0689999982714653,0.08009999990463257
YIL109C,YOR142W-B,0,-0.0738028,0.079219289124012,0.0689999982714653,0.08020000159740448
YPL051W,YDR365W-B,0,-0.073963076,0.0791284367442131,0.0689999982714653,0.08030000329017639
YDL031W,YML039W,0,-0.0739829,0.07903780043125153,0.0689999982714653,0.0803999975323677
YDR058C,YHR074W,0,-0.07405435,0.07894736528396606,0.0689999982714653,0.08049999922513962
YKL145W,YFR024C,0,-0.074197695,0.07885714620351791,0.0689999982714653,0.08060000091791153
YDR448W,YJR028W,0,-0.07422039,0.07876712083816528,0.0689999982714653,0.08070000261068344
YFR034C,YGR249W,1,-0.07423091,0.07981756329536438,0.07000000029802322,0.08070000261068344
YKL013C,YDR473C,0,-0.074243724,0.07972665131092072,0.07000000029802322,0.08079999685287476
YDL055C,YOR106W,0,-0.07432027,0.07963594794273376,0.07000000029802322,0.08089999854564667
YDR210C-D,YOL067C,0,-0.07444116,0.07954545319080353,0.07000000029802322,0.08100000023841858
YPR158W-B,YDR138W,0,-0.074532226,0.07945516705513,0.07000000029802322,0.08110000193119049
YBR119W,YDR261C-D,0,-0.07456637,0.0793650820851326,0.07000000029802322,0.0812000036239624
YGL251C,YPR158C-D,0,-0.07468021,0.07927519828081131,0.07000000029802322,0.08129999786615372
YGR027W-A,YDL137W,0,-0.07471435,0.07918552309274673,0.07000000029802322,0.08139999955892563
YER065C,YKL186C,0,-0.07481904,0.07909604161977768,0.07000000029802322,0.08150000125169754
YPR158C-C,YMR260C,0,-0.07482818,0.07900676876306534,0.07000000029802322,0.08160000294446945
YHR118C,YLR447C,0,-0.074872136,0.07891769707202911,0.07000000029802322,0.08169999718666077
YER183C,YJL031C,0,-0.074968144,0.078828826546669,0.07000000029802322,0.08179999887943268
YCL003W,YLL006W,0,-0.07507698,0.07874015718698502,0.07000000029802322,0.08190000057220459
YER065C,YOR025W,0,-0.07528259,0.07865168899297714,0.07000000029802322,0.0820000022649765
YPL041C,YNL329C,0,-0.07538885,0.07856341451406479,0.07000000029802322,0.08209999650716782
YDR440W,YPL257W-B,0,-0.075465634,0.07847533375024796,0.07000000029802322,0.08219999819993973
YIL128W,YGR192C,0,-0.075500175,0.07838746160268784,0.07000000029802322,0.08229999989271164
YPR056W,YGR161C-C,0,-0.07553393,0.07829977571964264,0.07000000029802322,0.08240000158548355
YKL203C,YDR098C-B,0,-0.07554531,0.07821229100227356,0.07000000029802322,0.08250000327825546
YJL134W,YDR478W,0,-0.075608775,0.078125,0.07000000029802322,0.08259999752044678
YGL249W,YOR188W,0,-0.07563782,0.07803790271282196,0.07000000029802322,0.08269999921321869
YPL041C,YNL327W,0,-0.07569769,0.07795099914073944,0.07000000029802322,0.0828000009059906
YDR255C,YOR142W-A,0,-0.07576159,0.07786429673433304,0.07000000029802322,0.08290000259876251
YNL302C,YGL046W,0,-0.07580429,0.07777778059244156,0.07000000029802322,0.08299999684095383
YDR316W-B,YIL109C,0,-0.07585265,0.077691450715065,0.07000000029802322,0.08309999853372574
YPR175W,YER160C,0,-0.075893864,0.07760532200336456,0.07000000029802322,0.08320000022649765
YJL207C,YDL085W,0,-0.07595159,0.07751937955617905,0.07000000029802322,0.08330000191926956
YHL009W-B,YCL051W,0,-0.07595509,0.07743363082408905,0.07000000029802322,0.08340000361204147
YCR066W,YDR098C-B,0,-0.076034784,0.07734806835651398,0.07000000029802322,0.08349999785423279
YMR149W,YCR080W,0,-0.07604164,0.07726269215345383,0.07000000029802322,0.0835999995470047
YCL060C,YOL094C,0,-0.07611083,0.0771775096654892,0.07000000029802322,0.08370000123977661
YLR226W,YIL097W,0,-0.07624723,0.07709251344203949,0.07000000029802322,0.08380000293254852
YDR501W,YLR098C,1,-0.07633716,0.0781078115105629,0.07100000232458115,0.08380000293254852
YBL100W-A,YAL068C,0,-0.07634461,0.07802198082208633,0.07100000232458115,0.08389999717473984
YDR365W-A,YGL122C,0,-0.076376274,0.0779363363981247,0.07100000232458115,0.08399999886751175
YPR158C-C,YKL081W,0,-0.076376274,0.07785087823867798,0.07100000232458115,0.08410000056028366
YDR034C-D,YCL025C,0,-0.07641041,0.07776560634374619,0.07100000232458115,0.08420000225305557
YBR087W,YML071C,0,-0.076424,0.07768052816390991,0.07100000232458115,0.08429999649524689
YPL060C-A,YDR310C,0,-0.07646733,0.07759562879800797,0.07100000232458115,0.0843999981880188
YOR192C-A,YLR249W,0,-0.07647871,0.07751091569662094,0.07100000232458115,0.08449999988079071
YLR316C,YIL077C,0,-0.076504596,0.07742638885974884,0.07100000232458115,0.08460000157356262
YGR038C-B,YBR098W,0,-0.07677328,0.07734204828739166,0.07100000232458115,0.08470000326633453
YDR034C-D,YPR112C,0,-0.076800585,0.07725788652896881,0.07100000232458115,0.08479999750852585
YHR114W,YNR030W,0,-0.07680152,0.07717391103506088,0.07100000232458115,0.08489999920129776
YDR495C,YNL038W,0,-0.076854944,0.07709012180566788,0.07100000232458115,0.08500000089406967
YPR175W,YPR158C-C,0,-0.07696439,0.0770065039396286,0.07100000232458115,0.08510000258684158
YJL021C,YJL012C,0,-0.07702178,0.07692307978868484,0.07100000232458115,0.0851999968290329
YOL165C,YGR038W,0,-0.07708053,0.07683982700109482,0.07100000232458115,0.08529999852180481
YER028C,YGL092W,0,-0.07709803,0.07675676047801971,0.07100000232458115,0.08540000021457672
YBR183W,YFL002W-A,0,-0.07716986,0.07667386531829834,0.07100000232458115,0.08550000190734863
YOR212W,YDR217C,0,-0.077234924,0.07659115642309189,0.07100000232458115,0.08560000360012054
YGL145W,YDR126W,0,-0.07726865,0.07650861889123917,0.07100000232458115,0.08569999784231186
YJL194W,YGL115W,0,-0.077521816,0.07642626762390137,0.07100000232458115,0.08579999953508377
YIL143C,YOR270C,0,-0.077536464,0.0763440877199173,0.07100000232458115,0.08590000122785568
YGR276C,YHR053C,0,-0.07754421,0.07626208662986755,0.07100000232458115,0.0860000029206276
YEL037C,YJR102C,0,-0.07760802,0.07618025690317154,0.07100000232458115,0.08609999716281891
YNL216W,YGL254W,1,-0.0776317,0.07717041671276093,0.07199999690055847,0.08609999716281891
YGR258C,YFR024C-A,0,-0.077666834,0.07708779722452164,0.07199999690055847,0.08619999885559082
YLR274W,YLR430W,0,-0.07773255,0.07700534909963608,0.07199999690055847,0.08630000054836273
YER016W,YDR365W-B,0,-0.07775612,0.07692307978868484,0.07199999690055847,0.08640000224113464
YDR258C,YPR158C-D,0,-0.077851675,0.07684098184108734,0.07199999690055847,0.08649999648332596
YPR158C-C,YML091C,0,-0.07790628,0.07675906270742416,0.07199999690055847,0.08659999817609787
YDR058C,YHR172W,0,-0.07791123,0.07667731493711472,0.07199999690055847,0.08669999986886978
YGR038W,YPR133W-A,0,-0.07811846,0.0765957459807396,0.07199999690055847,0.0868000015616417
YLR312C-B,YOR330C,0,-0.07818453,0.0765143483877182,0.07199999690055847,0.0869000032544136
YHR143W-A,YDR135C,0,-0.07826312,0.07643312215805054,0.07199999690055847,0.08699999749660492
YGL150C,YJL108C,0,-0.07827364,0.0763520672917366,0.07199999690055847,0.08709999918937683
YFR036W,YEL004W,0,-0.07829201,0.0762711837887764,0.07199999690055847,0.08720000088214874
YDR251W,YOR388C,0,-0.07829371,0.07619047909975052,0.07199999690055847,0.08730000257492065
YLR396C,YLR452C,0,-0.07833706,0.07610993832349777,0.07199999690055847,0.08739999681711197
YMR067C,YMR088C,0,-0.07835145,0.07602956891059875,0.07199999690055847,0.08749999850988388
YBR050C,YER025W,0,-0.07844937,0.07594936341047287,0.07199999690055847,0.08760000020265579
YCL069W,YMR087W,0,-0.07851952,0.07586933672428131,0.07199999690055847,0.0877000018954277
YNL008C,YOR126C,0,-0.07856886,0.07578947395086288,0.07199999690055847,0.08780000358819962
YNL054W-A,YPL040C,0,-0.078739226,0.07570978254079819,0.07199999690055847,0.08789999783039093
YNL023C,YFL031W,1,-0.0787687,0.07668067514896393,0.0729999989271164,0.08789999783039093
YKL200C,YER159C,0,-0.07876971,0.07660020887851715,0.0729999989271164,0.08799999952316284
YOR343W-B,YDR295C,0,-0.078961685,0.0765199139714241,0.0729999989271164,0.08810000121593475
YJL054W,YNL163C,0,-0.07913619,0.07643979042768478,0.0729999989271164,0.08820000290870667
YNL080C,YCR080W,0,-0.07920207,0.0763598307967186,0.0729999989271164,0.08829999715089798
YMR231W,YEL062W,0,-0.07938267,0.07628004252910614,0.0729999989271164,0.08839999884366989
YDL195W,YBL025W,0,-0.079475954,0.07620041817426682,0.0729999989271164,0.0885000005364418
YOR343W-B,YMR032W,0,-0.0796393,0.07612095773220062,0.0729999989271164,0.08860000222921371
YBR020W,YDR098C-A,0,-0.079691365,0.07604166865348816,0.0729999989271164,0.08869999647140503
YGR101W,YGR027W-A,0,-0.07975212,0.07596253603696823,0.0729999989271164,0.08879999816417694
YMR037C,YHR124W,1,-0.07976341,0.07692307978868484,0.07400000095367432,0.08879999816417694
YPL069C,YMR153W,0,-0.07983662,0.07684319466352463,0.07400000095367432,0.08889999985694885
YOR343W-B,YAR018C,0,-0.07988228,0.07676348835229874,0.07400000095367432,0.08900000154972076
YPL053C,YLR284C,0,-0.079949066,0.07668393850326538,0.07400000095367432,0.08910000324249268
YDL192W,YBR111W-A,0,-0.08002137,0.07660455256700516,0.07400000095367432,0.08919999748468399
YNL172W,YHR214C-B,0,-0.08005009,0.07652533799409866,0.07400000095367432,0.0892999991774559
YLR227W-B,YOR349W,0,-0.08011659,0.0764462798833847,0.07400000095367432,0.08940000087022781
YOL129W,YLR006C,0,-0.080161184,0.07636738568544388,0.07400000095367432,0.08950000256299973
YPL155C,YOL068C,0,-0.08018866,0.07628866285085678,0.07400000095367432,0.08959999680519104
YPL244C,YCL005W-A,0,-0.08022235,0.07621008902788162,0.07400000095367432,0.08969999849796295
YLR246W,YFL049W,0,-0.08023019,0.07613168656826019,0.07400000095367432,0.08980000019073486
YPR137C-B,YLL034C,0,-0.08033355,0.0760534405708313,0.07400000095367432,0.08990000188350677
YFR046C,YDR164C,0,-0.08041625,0.07597535848617554,0.07400000095367432,0.09000000357627869
YPL128C,YIL101C,1,-0.080468774,0.07692307978868484,0.07500000298023224,0.09000000357627869
YOR192C-A,YNL222W,0,-0.08056786,0.07684426009654999,0.07500000298023224,0.09009999781847
YKR101W,YNR057C,0,-0.08057487,0.07676561176776886,0.07500000298023224,0.09019999951124191
YJL012C-A,YKL049C,0,-0.08059247,0.07668711990118027,0.07500000298023224,0.09030000120401382
YNL169C,YGL086W,0,-0.08059478,0.07660878449678421,0.07500000298023224,0.09040000289678574
YER120W,YLR139C,0,-0.08084072,0.07653061300516129,0.07500000298023224,0.09049999713897705
YBR069C,YDR261C-C,0,-0.08093235,0.0764525979757309,0.07500000298023224,0.09059999883174896
YGR095C,YPR051W,0,-0.080998376,0.07637474685907364,0.07500000298023224,0.09070000052452087
YMR299C,YNL068C,0,-0.08127163,0.07629705220460892,0.07500000298023224,0.09080000221729279
YOR343W-B,YKL126W,0,-0.08131719,0.07621951401233673,0.07500000298023224,0.0908999964594841
YHR119W,YMR184W,0,-0.08143008,0.07614213228225708,0.07500000298023224,0.09099999815225601
YOR120W,YGR082W,0,-0.08149731,0.07606490701436996,0.07500000298023224,0.09109999984502792
YGR169C,YPR158C-D,0,-0.08155747,0.07598784565925598,0.07500000298023224,0.09120000153779984
YDR210W-A,YOR123C,0,-0.08158137,0.07591093331575394,0.07500000298023224,0.09130000323057175
YJL138C,YBR100W,0,-0.081646994,0.07583417743444443,0.07500000298023224,0.09139999747276306
YLR183C,YLR098C,1,-0.08167863,0.07676767557859421,0.07599999755620956,0.09139999747276306
YPL016W,YDR108W,0,-0.0817056,0.07669021189212799,0.07599999755620956,0.09149999916553497
YMR216C,YDR210W-A,0,-0.08172712,0.07661290466785431,0.07599999755620956,0.09160000085830688
YGR027W-A,YER133W,0,-0.08173427,0.07653575390577316,0.07599999755620956,0.0917000025510788
YLL012W,YGR109W-A,0,-0.08181294,0.07645875215530396,0.07599999755620956,0.09179999679327011
YLR312C-B,YDL055C,0,-0.08191106,0.07638190686702728,0.07599999755620956,0.09189999848604202
YOR343W-B,YIL036W,0,-0.081913054,0.07630521804094315,0.07599999755620956,0.09200000017881393
YCL034W,YFL037W,0,-0.0819549,0.07622868567705154,0.07599999755620956,0.09210000187158585
YML043C,YGR048W,0,-0.08200725,0.07615230232477188,0.07599999755620956,0.09220000356435776
YDL247W,YER025W,0,-0.08206734,0.07607607543468475,0.07599999755620956,0.09229999780654907
YFL016C,YOL122C,0,-0.08212981,0.07599999755620956,0.07599999755620956,0.09239999949932098
YOR192C-A,YCR040W,0,-0.08213475,0.07592407613992691,0.07599999755620956,0.0925000011920929
YPL060C-A,YOR319W,0,-0.08216694,0.0758483037352562,0.07599999755620956,0.09260000288486481
YDR294C,YOR113W,0,-0.08228131,0.07577268034219742,0.07599999755620956,0.09269999712705612
YJR057W,YPR032W,0,-0.082282856,0.07569721341133118,0.07599999755620956,0.09279999881982803
YDR416W,YGR109W-A,0,-0.082306385,0.07562188804149628,0.07599999755620956,0.09290000051259995
YGR038C-B,YDR392W,0,-0.082445845,0.07554671913385391,0.07599999755620956,0.09300000220537186
YMR045C,YAL029C,0,-0.08266439,0.07547169923782349,0.07599999755620956,0.09309999644756317
YGR038C-B,YFR029W,0,-0.08270769,0.075396828353405,0.07599999755620956,0.09319999814033508
YDR300C,YDR436W,0,-0.082735,0.07532209903001785,0.07599999755620956,0.093299999833107
YOR193W,YHL009W-B,0,-0.08277519,0.07524752616882324,0.07599999755620956,0.0934000015258789
YOR304W,YBR129C,0,-0.082817405,0.07517309486865997,0.07599999755620956,0.09350000321865082
YEL037C,YOR142W-A,0,-0.08286658,0.07509881258010864,0.07599999755620956,0.09359999746084213
YOL103W-A,YNL221C,0,-0.0830283,0.07502467930316925,0.07599999755620956,0.09369999915361404
YML051W,YLR410W-A,0,-0.08304164,0.0749506875872612,0.07599999755620956,0.09380000084638596
YIR009W,YGL027C,0,-0.083118536,0.07487684488296509,0.07599999755620956,0.09390000253915787
YHR197W,YNL222W,0,-0.0831316,0.07480315119028091,0.07599999755620956,0.09399999678134918
YBL018C,YHR214C-B,0,-0.08322513,0.07472959905862808,0.07599999755620956,0.0940999984741211
YPR078C,YOR142W-A,0,-0.08326988,0.07465618848800659,0.07599999755620956,0.094200000166893
YPR137C-B,YER053C,0,-0.0833336,0.07458292692899704,0.07599999755620956,0.09430000185966492
YLR391W-A,YCR028C,0,-0.083334655,0.07450980693101883,0.07599999755620956,0.09440000355243683
YNL054W-A,YOR043W,0,-0.083469555,0.07443682849407196,0.07599999755620956,0.09449999779462814
YDR096W,YLR014C,1,-0.08347836,0.07534246891736984,0.07699999958276749,0.09449999779462814
YGL205W,YPL268W,0,-0.08367032,0.07526881992816925,0.07699999958276749,0.09459999948740005
YBR035C,YPR095C,0,-0.08376925,0.0751953125,0.07699999958276749,0.09470000118017197
YOR192C-A,YAR018C,0,-0.083887964,0.07512195408344269,0.07699999958276749,0.09480000287294388
YPR162C,YML047C,0,-0.08391133,0.07504872977733612,0.07699999958276749,0.09489999711513519
YEL031W,YDL247W,0,-0.083916664,0.07497565448284149,0.07699999958276749,0.0949999988079071
YOR192C-A,YGL105W,0,-0.08395409,0.0749027207493782,0.07699999958276749,0.09510000050067902
YNL023C,YIR013C,1,-0.0839636,0.07580175250768661,0.07800000160932541,0.09510000050067902
YGR006W,YLR353W,0,-0.083979264,0.0757281556725502,0.07800000160932541,0.09520000219345093
YMR145C,YOL103W-A,0,-0.08402434,0.07565470784902573,0.07800000160932541,0.09529999643564224
YLR157C-B,YGL014W,0,-0.084028475,0.075581394135952,0.07800000160932541,0.09539999812841415
YGR161C-C,YOL138C,0,-0.084087625,0.0755082294344902,0.07800000160932541,0.09549999982118607
YBR234C,YMR167W,0,-0.08412276,0.07543520629405975,0.07800000160932541,0.09560000151395798
YLR455W,YPL153C,0,-0.08414738,0.07536231726408005,0.07800000160932541,0.09570000320672989
YNL054W-A,YPL011C,0,-0.08418672,0.07528957724571228,0.07800000160932541,0.0957999974489212
YNL054W-A,YDR261C-D,0,-0.08419292,0.07521697133779526,0.07800000160932541,0.09589999914169312
YGR010W,YER104W,0,-0.08422388,0.07514450699090958,0.07800000160932541,0.09600000083446503
YLR227W-B,YIR019C,0,-0.084230065,0.07507218420505524,0.07800000160932541,0.09610000252723694
YPR005C,YPR167C,0,-0.08424729,0.07500000298023224,0.07800000160932541,0.09619999676942825
YJL021C,YJR040W,0,-0.08443551,0.07492795586585999,0.07800000160932541,0.09629999846220016
YNL054W-A,YDL059C,0,-0.0845235,0.07485604286193848,0.07800000160932541,0.09640000015497208
YGL120C,YCR058C,0,-0.084548205,0.0747842788696289,0.07800000160932541,0.09650000184774399
YJR137C,YGR063C,0,-0.08457956,0.07471264153718948,0.07800000160932541,0.0966000035405159
YOL143C,YMR100W,0,-0.08474521,0.0746411457657814,0.07800000160932541,0.09669999778270721
YLR274W,YER009W,0,-0.08476086,0.07456979155540466,0.07800000160932541,0.09679999947547913
YNL117W,YNL051W,0,-0.0847726,0.07449856400489807,0.07800000160932541,0.09690000116825104
YDL090C,YAR009C,0,-0.08482377,0.07442747801542282,0.07800000160932541,0.09700000286102295
YNL159C,YOL078W,0,-0.084961325,0.07435653358697891,0.07800000160932541,0.09709999710321426
YCL017C,YDR098C-B,0,-0.08506267,0.07428571581840515,0.07800000160932541,0.09719999879598618
YCR102C,YNL328C,0,-0.085081875,0.07421503216028214,0.07800000160932541,0.09730000048875809
YHR204W,YGR133W,0,-0.08509198,0.07414449006319046,0.07800000160932541,0.09740000218153
YPL146C,YDL098C,0,-0.08515927,0.07407407462596893,0.07800000160932541,0.09749999642372131
YNL210W,YHL009W-B,0,-0.085173264,0.07400379329919815,0.07800000160932541,0.09759999811649323
YLR403W,YLR014C,1,-0.08530678,0.07488151639699936,0.07900000363588333,0.09759999811649323
YFR051C,YHR214C-C,0,-0.0854,0.07481060922145844,0.07900000363588333,0.09769999980926514
YOR192C-A,YER123W,0,-0.085532725,0.07473982870578766,0.07900000363588333,0.09780000150203705
YHR027C,YDR453C,0,-0.085533425,0.07466918975114822,0.07900000363588333,0.09790000319480896
YNL119W,YGR193C,0,-0.08554739,0.07459867745637894,0.07900000363588333,0.09799999743700027
YDR110W,YDL130W,0,-0.08556418,0.0745282992720604,0.07900000363588333,0.09809999912977219
YKL020C,YDR261C-D,0,-0.08560461,0.0744580551981926,0.07900000363588333,0.0982000008225441
YER014C-A,YAL032C,0,-0.085606694,0.07438794523477554,0.07900000363588333,0.09830000251531601
YDL077C,YCL044C,0,-0.08566795,0.07431796938180923,0.07900000363588333,0.09839999675750732
YLR275W,YGR161C-C,0,-0.08569862,0.07424812018871307,0.07900000363588333,0.09849999845027924
YIL142W,YHL009W-B,0,-0.08595292,0.07417840510606766,0.07900000363588333,0.09860000014305115
YDR517W,YLR136C,0,-0.08605154,0.07410881668329239,0.07900000363588333,0.09870000183582306
YHL009C,YKL043W,1,-0.08605455,0.07497657090425491,0.07999999821186066,0.09870000183582306
YGR027W-A,YGR143W,0,-0.08606972,0.0749063640832901,0.07999999821186066,0.09880000352859497
YNL161W,YLL017W,0,-0.08612949,0.07483629882335663,0.07999999821186066,0.09889999777078629
YGR027W-B,YML094W,0,-0.08641423,0.07476635277271271,0.07999999821186066,0.0989999994635582
YMR053C,YBR196C,0,-0.0864397,0.07469654828310013,0.07999999821186066,0.09910000115633011
YNL201C,YLR088W,0,-0.08660643,0.0746268630027771,0.07999999821186066,0.09920000284910202
YNL004W,YHR214C-C,0,-0.086677015,0.07455731928348541,0.07999999821186066,0.09929999709129333
YCR098C,YBL046W,0,-0.086725295,0.07448789477348328,0.07999999821186066,0.09939999878406525
YPR158C-C,YBL039C,0,-0.08675876,0.07441860437393188,0.07999999821186066,0.09950000047683716
YIL173W,YLR032W,0,-0.08677873,0.07434944063425064,0.07999999821186066,0.09960000216960907
YHR039C-B,YHR039C,0,-0.086822286,0.07428041100502014,0.07999999821186066,0.09969999641180038
YPL011C,YDR377W,0,-0.086826816,0.0742115005850792,0.07999999821186066,0.0997999981045723
YOR025W,YDL226C,0,-0.086879715,0.07414272427558899,0.07999999821186066,0.09989999979734421
YGR080W,YBR100W,0,-0.08697002,0.07407407462596893,0.07999999821186066,0.10000000149011612
YOR099W,YPR164W,0,-0.08709282,0.07400555163621902,0.07999999821186066,0.10010000318288803
YOR068C,YNL123W,0,-0.087123215,0.07393715530633926,0.07999999821186066,0.10019999742507935
YLR227W-B,YFR014C,0,-0.087141246,0.07386888563632965,0.07999999821186066,0.10029999911785126
YPR121W,YOL038W,0,-0.087172166,0.07380073517560959,0.07999999821186066,0.10040000081062317
YBR297W,YEL009C,1,-0.087191105,0.07465437799692154,0.08100000023841858,0.10040000081062317
YDR098C,YPL095C,0,-0.08737753,0.07458563894033432,0.08100000023841858,0.10050000250339508
YOR192C-A,YER052C,0,-0.087463096,0.07451701909303665,0.08100000023841858,0.1005999967455864
YNL329C,YMR075W,0,-0.08750045,0.07444852590560913,0.08100000023841858,0.1006999984383583
YJL095W,YNL072W,0,-0.08762638,0.07438016682863235,0.08100000023841858,0.10080000013113022
YER041W,YDR309C,0,-0.087861806,0.07431192696094513,0.08100000023841858,0.10090000182390213
YBR060C,YFR013W,0,-0.0879225,0.07424381375312805,0.08100000023841858,0.10100000351667404
YLR396C,YIL124W,0,-0.08798076,0.07417582720518112,0.08100000023841858,0.10109999775886536
YDR210C-D,YJL168C,0,-0.088041574,0.07410795986652374,0.08100000023841858,0.10119999945163727
YDR261C-C,YDL002C,0,-0.08807272,0.07404021918773651,0.08100000023841858,0.10130000114440918
YMR037C,YLR098C,1,-0.088144705,0.07488584518432617,0.0820000022649765,0.10130000114440918
YBL041W,YGR161C-D,0,-0.088155046,0.07481751590967178,0.0820000022649765,0.10140000283718109
YGL021W,YOR371C,0,-0.08824524,0.07474931329488754,0.0820000022649765,0.1014999970793724
YIL103W,YFL002W-B,0,-0.08826406,0.07468123733997345,0.0820000022649765,0.10159999877214432
YDR365W-A,YHR129C,0,-0.08831969,0.0746132880449295,0.0820000022649765,0.10170000046491623
YOL127W,YER008C,0,-0.08833052,0.07454545795917511,0.0820000022649765,0.10180000215768814
YKL138C-A,YNL339C,0,-0.08845456,0.07447774708271027,0.0820000022649765,0.10189999639987946
YIL017W,YDR069C,0,-0.088508114,0.07441016286611557,0.0820000022649765,0.10199999809265137
YCR062W,YBL078C,0,-0.088556066,0.07434270530939102,0.0820000022649765,0.10209999978542328
YHR023W,YDR217C,0,-0.08858606,0.07427535951137543,0.0820000022649765,0.10220000147819519
YKL148C,YOL038W,0,-0.088682175,0.07420814782381058,0.0820000022649765,0.1023000031709671
YDR210W-B,YGL049C,0,-0.08869709,0.07414104789495468,0.0820000022649765,0.10239999741315842
YGR112W,YOR142W-B,0,-0.088838965,0.07407407462596893,0.0820000022649765,0.10249999910593033
YKL074C,YOR356W,0,-0.08886567,0.07400722056627274,0.0820000022649765,0.10260000079870224
YDR365W-B,YOR319W,0,-0.08895856,0.07394048571586609,0.0820000022649765,0.10270000249147415
YLR157C-B,YDR207C,0,-0.088983655,0.07387387752532959,0.0820000022649765,0.10279999673366547
YCL027W,YJL033W,0,-0.08903828,0.07380738109350204,0.0820000022649765,0.10289999842643738
YGL096W,YIR013C,1,-0.08904904,0.07464028894901276,0.08299999684095383,0.10289999842643738
YDR034C-C,YIL117C,0,-0.089129746,0.07457322627305984,0.08299999684095383,0.10300000011920929
YOL125W,YOR142W-B,0,-0.08915536,0.07450628280639648,0.08299999684095383,0.1031000018119812
YDR365W-B,YGL122C,0,-0.089179456,0.07443945854902267,0.08299999684095383,0.10320000350475311
YGL014W,YLR085C,0,-0.089221895,0.07437276095151901,0.08299999684095383,0.10329999774694443
YBL042C,YOR287C,0,-0.08924116,0.0743061751127243,0.08299999684095383,0.10339999943971634
YML132W,YPL257W-A,0,-0.08924121,0.07423971593379974,0.08299999684095383,0.10350000113248825
YJR017C,YDR210W-A,0,-0.08927785,0.07417336851358414,0.08299999684095383,0.10360000282526016
YGR027W-A,YDL059C,0,-0.08931801,0.07410714030265808,0.08299999684095383,0.10369999706745148
YOL121C,YGR027W-B,0,-0.08935867,0.07404103130102158,0.08299999684095383,0.10379999876022339
YBR121C,YNL068C,0,-0.08936694,0.07397504150867462,0.08299999684095383,0.1039000004529953
YDR545W,YNL080C,0,-0.08939998,0.07390917092561722,0.08299999684095383,0.10400000214576721
YLR288C,YOR142W-B,0,-0.08942896,0.07384341955184937,0.08299999684095383,0.10409999638795853
YPL244C,YAL011W,0,-0.089453176,0.07377777993679047,0.08299999684095383,0.10419999808073044
YDR210C-D,YBL057C,0,-0.08946812,0.07371225208044052,0.08299999684095383,0.10429999977350235
YJR017C,YDR365W-B,0,-0.08949648,0.07364685088396072,0.08299999684095383,0.10440000146627426
YOR343W-B,YOR172W,0,-0.089609444,0.07358156144618988,0.08299999684095383,0.10450000315904617
YKL084W,YLR391W,0,-0.089671165,0.07351638376712799,0.08299999684095383,0.10459999740123749
YML013W,YDR141C,0,-0.08982785,0.07345132529735565,0.08299999684095383,0.1046999990940094
YPL065W,YNL202W,0,-0.08985786,0.07338638603687286,0.08299999684095383,0.10480000078678131
YCR080W,YDR397C,0,-0.089922965,0.07332155108451843,0.08299999684095383,0.10490000247955322
YPR112C,YBR158W,0,-0.089940354,0.07325684279203415,0.08299999684095383,0.10499999672174454
YGL029W,YJL192C,0,-0.08996616,0.07319223880767822,0.08299999684095383,0.10509999841451645
YBR037C,YDR210W-D,0,-0.089979425,0.07312775403261185,0.08299999684095383,0.10520000010728836
YBR035C,YLR157C-A,0,-0.089979425,0.07306338101625443,0.08299999684095383,0.10530000180006027
YOR343C-B,YFR041C,0,-0.089979425,0.07299911975860596,0.08299999684095383,0.10540000349283218
YBL101W-A,YLL003W,0,-0.089979425,0.07293497025966644,0.08299999684095383,0.1054999977350235
YBL101W-B,YLR075W,0,-0.089979425,0.07287093997001648,0.08299999684095383,0.10559999942779541
YDR014W-A,YOR123C,0,-0.089979425,0.07280701398849487,0.08299999684095383,0.10570000112056732
YPL147W,YNL284C-A,0,-0.089979425,0.07274320721626282,0.08299999684095383,0.10580000281333923
YDR014W-A,YHR114W,0,-0.089979425,0.07267951220273972,0.08299999684095383,0.10589999705553055
YDR014W-A,YJR073C,0,-0.089979425,0.07261592149734497,0.08299999684095383,0.10599999874830246
YDR034C-D,YJR033C,0,-0.089979425,0.07255245000123978,0.08299999684095383,0.10610000044107437
YGL257C,YGR161C-C,0,-0.089979425,0.07248908281326294,0.08299999684095383,0.10620000213384628
YOR315W,YBL101W-A,0,-0.089979425,0.07242582738399506,0.08299999684095383,0.1062999963760376
YOR343C-A,YLR191W,0,-0.089979425,0.07236268371343613,0.08299999684095383,0.10639999806880951
YDL028C,YBL101W-B,0,-0.089979425,0.07229965180158615,0.08299999684095383,0.10649999976158142
YKL195W,YLR157C-A,0,-0.089979425,0.07223672419786453,0.08299999684095383,0.10660000145435333
YLR227W-A,YCR062W,0,-0.089979425,0.07217391580343246,0.08299999684095383,0.10670000314712524
YPL121C,YBL101W-A,0,-0.089979425,0.07211120426654816,0.08299999684095383,0.10679999738931656
YPR006C,YOR343C-A,0,-0.089979425,0.0720486119389534,0.08299999684095383,0.10689999908208847
YOR236W,YLR157C-A,0,-0.089979425,0.071986123919487,0.08299999684095383,0.10700000077486038
YLR391W-A,YNR064C,0,-0.089979425,0.07192374020814896,0.08299999684095383,0.1071000024676323
YLR284C,YBL101W-B,0,-0.089979425,0.07186146825551987,0.08299999684095383,0.10719999670982361
YHR214C-C,YIL159W,0,-0.089979425,0.07179930806159973,0.08299999684095383,0.10729999840259552
YGL210W-A,YHR020W,0,-0.089979425,0.07173725217580795,0.08299999684095383,0.10740000009536743
YHR070W,YBL101W-B,0,-0.089979425,0.07167530059814453,0.08299999684095383,0.10750000178813934
YDR210W-D,YIL017W,0,-0.089979425,0.07161346077919006,0.08299999684095383,0.10760000348091125
YGL210W-A,YPR158C-D,0,-0.089979425,0.07155172526836395,0.08299999684095383,0.10769999772310257
YDR110W,YDR014W-A,0,-0.089979425,0.0714900940656662,0.08299999684095383,0.10779999941587448
YNL291C,YNL284C-A,0,-0.089979425,0.0714285746216774,0.08299999684095383,0.10790000110864639
YOR343C-A,YJL060W,0,-0.089979425,0.07136715203523636,0.08299999684095383,0.1080000028014183
YOR343C-B,YIL150C,0,-0.089979425,0.07130584120750427,0.08299999684095383,0.10809999704360962
YLR157C-A,YCR066W,0,-0.089979425,0.07124463468790054,0.08299999684095383,0.10819999873638153
YDR210W-D,YGR077C,0,-0.089979425,0.07118353247642517,0.08299999684095383,0.10830000042915344
YNL230C,YLR157C-A,0,-0.089979425,0.07112253457307816,0.08299999684095383,0.10840000212192535
YBL101W-A,YLR153C,0,-0.089979425,0.0710616409778595,0.08299999684095383,0.10849999636411667
YDR545W,YDR014W-A,0,-0.089979425,0.07100085914134979,0.08299999684095383,0.10859999805688858
YMR211W,YNL284C-A,0,-0.089979425,0.07094017416238785,0.08299999684095383,0.10869999974966049
YGL210W-A,YBL101W-B,0,-0.089979425,0.07087959349155426,0.08299999684095383,0.1088000014424324
YHL028W,YBL101W-A,0,-0.089979425,0.07081910967826843,0.08299999684095383,0.10890000313520432
YFL002W-B,YER164W,0,-0.089979425,0.07075873762369156,0.08299999684095383,0.10899999737739563
YDR014W-A,YLR249W,0,-0.089979425,0.07069846987724304,0.08299999684095383,0.10909999907016754
YJL021C,YOR142W-A,0,-0.089979425,0.07063829898834229,0.08299999684095383,0.10920000076293945
YDR210W-D,YDR021W,0,-0.089979425,0.07057823240756989,0.08299999684095383,0.10930000245571136
YDR014W-A,YHL020C,0,-0.089979425,0.07051827013492584,0.08299999684095383,0.10939999669790268
YDR288W,YLR157C-A,0,-0.089979425,0.07045840471982956,0.08299999684095383,0.10949999839067459
YDR339C,YNL284C-A,0,-0.089979425,0.07039864361286163,0.08299999684095383,0.1096000000834465
YBL101W-B,YJR046W,0,-0.089979425,0.07033897936344147,0.08299999684095383,0.10970000177621841
YDR210W-D,YKR008W,0,-0.089979425,0.07027942687273026,0.08299999684095383,0.10980000346899033
YIR021W,YBL101W-B,0,-0.089979425,0.0702199637889862,0.08299999684095383,0.10989999771118164
YDR210W-D,YER082C,0,-0.089979425,0.07016060501337051,0.08299999684095383,0.10999999940395355
YOR343C-B,YIR009W,0,-0.089979425,0.07010135054588318,0.08299999684095383,0.11010000109672546
YDR210W-D,YBL063W,0,-0.089979425,0.0700421929359436,0.08299999684095383,0.11020000278949738
YML132W,YCR062W,0,-0.089979425,0.06998313963413239,0.08299999684095383,0.11029999703168869
YNL129W,YLR157C-A,0,-0.089979425,0.06992417573928833,0.08299999684095383,0.1103999987244606
YOR343C-B,YKL016C,0,-0.089979425,0.06986531615257263,0.08299999684095383,0.11050000041723251
YNL284C-A,YJL121C,0,-0.089979425,0.06980656087398529,0.08299999684095383,0.11060000211000443
YBL101W-B,YPL122C,0,-0.089979425,0.06974790245294571,0.08299999684095383,0.11069999635219574
YOR343C-B,YGR075C,0,-0.089979425,0.06968933343887329,0.08299999684095383,0.11079999804496765
YOR343C-B,YER031C,0,-0.089979425,0.06963087618350983,0.08299999684095383,0.11089999973773956
YLR157C-B,YNL284C-A,0,-0.089979425,0.06957250833511353,0.08299999684095383,0.11100000143051147
YOR343C-B,YBR010W,0,-0.089979425,0.06951423734426498,0.08299999684095383,0.11110000312328339
YDR018C,YBL071W-A,0,-0.089979425,0.0694560706615448,0.08299999684095383,0.1111999973654747
YBL005W-A,YCL012W,0,-0.089979425,0.06939799338579178,0.08299999684095383,0.11129999905824661
YOR343C-B,YKL203C,0,-0.089979425,0.06934002041816711,0.08299999684095383,0.11140000075101852
YDR014W-A,YGR006W,0,-0.089979425,0.06928213685750961,0.08299999684095383,0.11150000244379044
YIL110W,YBL101W-A,0,-0.089979425,0.06922435015439987,0.08299999684095383,0.11159999668598175
YDR014W-A,YPL010W,0,-0.089979425,0.06916666775941849,0.08299999684095383,0.11169999837875366
YLR157C-A,YMR183C,0,-0.089979425,0.06910907477140427,0.08299999684095383,0.11180000007152557
YDL060W,YOR343C-A,0,-0.089979425,0.0690515786409378,0.08299999684095383,0.11190000176429749
YOR343C-B,YMR091C,0,-0.089979425,0.0689941793680191,0.08299999684095383,0.1120000034570694
YGR109W-A,YGL046W,0,-0.089979425,0.06893687695264816,0.08299999684095383,0.11209999769926071
YDR034C-C,YDR435C,0,-0.089979425,0.06887967139482498,0.08299999684095383,0.11219999939203262
YLR157C-A,YGL029W,0,-0.089979425,0.06882255524396896,0.08299999684095383,0.11230000108480453
YIL051C,YOR343C-A,0,-0.089979425,0.0687655359506607,0.08299999684095383,0.11240000277757645
YDR014W-A,YBR193C,0,-0.089979425,0.06870860606431961,0.08299999684095383,0.11249999701976776
YER015W,YPL060C-A,0,-0.089979425,0.06865178048610687,0.08299999684095383,0.11259999871253967
YOR142W-B,YPL096C-A,0,-0.089979425,0.0685950443148613,0.08299999684095383,0.11270000040531158
YMR051C,YER014C-A,0,-0.089979425,0.06853839755058289,0.08299999684095383,0.1128000020980835
YCL043C,YDR014W-A,0,-0.089979425,0.06848184764385223,0.08299999684095383,0.11289999634027481
YOR343C-B,YGR027W-B,0,-0.089979425,0.06842539459466934,0.08299999684095383,0.11299999803304672
YBL101W-A,YDR312W,0,-0.089979425,0.06836903095245361,0.08299999684095383,0.11309999972581863
YGR038C-B,YGL249W,0,-0.089979425,0.06831275671720505,0.08299999684095383,0.11320000141859055
YOR343C-A,YBR217W,0,-0.089979425,0.06825657933950424,0.08299999684095383,0.11330000311136246
YDR014W-A,YNL223W,0,-0.089979425,0.0682004913687706,0.08299999684095383,0.11339999735355377
YDR014W-A,YHL031C,0,-0.089979425,0.06814450025558472,0.08299999684095383,0.11349999904632568
YOL088C,YOR343C-A,0,-0.089979425,0.068088598549366,0.08299999684095383,0.1136000007390976
YOR343C-A,YMR184W,0,-0.089979425,0.06803278625011444,0.08299999684095383,0.1137000024318695
YPR158W-B,YOL158C,0,-0.089979425,0.06797707080841064,0.08299999684095383,0.11379999667406082
YBL101W-A,YGR230W,0,-0.089979425,0.06792143732309341,0.08299999684095383,0.11389999836683273
YPR103W,YOR343C-A,0,-0.089979425,0.06786590069532394,0.08299999684095383,0.11400000005960464
YPR138C,YBL101W-A,0,-0.089979425,0.06781046092510223,0.08299999684095383,0.11410000175237656
YOR343C-B,YKL092C,0,-0.089979425,0.06775510311126709,0.08299999684095383,0.11420000344514847
YOR343C-B,YER012W,0,-0.089979425,0.06769983470439911,0.08299999684095383,0.11429999768733978
YOR343C-A,YKL017C,0,-0.089979425,0.06764466315507889,0.08299999684095383,0.1143999993801117
YOR192C-A,YOL003C,0,-0.08999233,0.06758957356214523,0.08299999684095383,0.1145000010728836
YDR316W-B,YBR170C,0,-0.08999376,0.06753458082675934,0.08299999684095383,0.11460000276565552
YNL102W,YOR142W-B,0,-0.09004572,0.0674796774983406,0.08299999684095383,0.11469999700784683
YOR335C,YJL219W,0,-0.09005512,0.06742485612630844,0.08299999684095383,0.11479999870061874
YDR088C,YCR080W,0,-0.090056434,0.06737013161182404,0.08299999684095383,0.11490000039339066
YLR410W-A,YNL317W,0,-0.090112105,0.0673154890537262,0.08299999684095383,0.11500000208616257
YDR034C-D,YGL033W,0,-0.09018627,0.06726094335317612,0.08299999684095383,0.11509999632835388
YBL005W-A,YGR177C,0,-0.09019521,0.0672064796090126,0.08299999684095383,0.1151999980211258
YMR060C,YDR097C,0,-0.09022276,0.06715210527181625,0.08299999684095383,0.1152999997138977
YLR384C,YPL123C,0,-0.09023325,0.06709782034158707,0.08299999684095383,0.11540000140666962
YKR095W-A,YJR046W,0,-0.09028576,0.06704361736774445,0.08299999684095383,0.11550000309944153
YLR088W,YKL041W,0,-0.09035459,0.06698951125144958,0.08299999684095383,0.11559999734163284
YBR068C,YOR142W-B,0,-0.09047139,0.06693548709154129,0.08299999684095383,0.11569999903440475
YJR078W,YCL012W,0,-0.090494394,0.06688154488801956,0.08299999684095383,0.11580000072717667
YPR002W,YFR024C-A,0,-0.09068072,0.0668276995420456,0.08299999684095383,0.11590000241994858
YOL126C,YDR052C,0,-0.09069651,0.06677393615245819,0.08299999684095383,0.11599999666213989
YPL187W,YPL257W-A,0,-0.09081203,0.06672025471925735,0.08299999684095383,0.1160999983549118
YDR545W,YCR020C,0,-0.090814844,0.06666667014360428,0.08299999684095383,0.11620000004768372
YGL068W,YBR186W,0,-0.09081724,0.06661316007375717,0.08299999684095383,0.11630000174045563
YPL249C,YPR162C,0,-0.090838164,0.06655974686145782,0.08299999684095383,0.11640000343322754
YNL116W,YDR210W-A,0,-0.09092268,0.06650640815496445,0.08299999684095383,0.11649999767541885
YJR047C,YOR030W,0,-0.09093876,0.06645315885543823,0.08299999684095383,0.11659999936819077
YLR010C,YGL021W,0,-0.09101559,0.06639999896287918,0.08299999684095383,0.11670000106096268
YCR082W,YFR013W,0,-0.09114528,0.0663469210267067,0.08299999684095383,0.11680000275373459
YIL016W,YKL146W,0,-0.09117277,0.06629393249750137,0.08299999684095383,0.1168999969959259
YLR329W,YNL054W-A,0,-0.091201976,0.06624101847410202,0.08299999684095383,0.11699999868869781
YHR164C,YGR014W,0,-0.091328755,0.06618820130825043,0.08299999684095383,0.11710000038146973
YMR014W,YER174C,0,-0.091386214,0.0661354586482048,0.08299999684095383,0.11720000207424164
YDR206W,YLR391W-A,0,-0.09141934,0.06608280539512634,0.08299999684095383,0.11729999631643295
YEL009C,YLR013W,1,-0.09143549,0.06682577729225159,0.08399999886751175,0.11729999631643295
YDR436W,YDR210W-A,0,-0.09146018,0.06677265465259552,0.08399999886751175,0.11739999800920486
YLR227W-A,YOR188W,0,-0.09158741,0.06671962141990662,0.08399999886751175,0.11749999970197678
YOR355W,YJL089W,0,-0.09163743,0.06666667014360428,0.08399999886751175,0.11760000139474869
YNL233W,YPR033C,0,-0.09165098,0.06661380082368851,0.08399999886751175,0.1177000030875206
YDR316W-B,YGL062W,0,-0.091667205,0.0665610134601593,0.08399999886751175,0.11779999732971191
YLR003C,YML058W,0,-0.091674015,0.06650831550359726,0.08399999886751175,0.11789999902248383
YHL009W-B,YGL092W,0,-0.09186143,0.06645569950342178,0.08399999886751175,0.11800000071525574
YMR186W,YDR261W-A,0,-0.0920165,0.06640316545963287,0.08399999886751175,0.11810000240802765
YJR120W,YJL045W,0,-0.09203644,0.06635071337223053,0.08399999886751175,0.11819999665021896
YJR046W,YFR024C,0,-0.0920396,0.06629834324121475,0.08399999886751175,0.11829999834299088
YCL062W,YOR011W,0,-0.09204763,0.06624605506658554,0.08399999886751175,0.11840000003576279
YKL179C,YLR119W,0,-0.09205967,0.06619385629892349,0.08399999886751175,0.1185000017285347
YLL002W,YDR210W-A,0,-0.09208727,0.06614173203706741,0.08399999886751175,0.11860000342130661
YLR205C,YMR058W,0,-0.09209393,0.0660896897315979,0.08399999886751175,0.11869999766349792
YBR153W,YPL257W-B,0,-0.092097804,0.06603773683309555,0.08399999886751175,0.11879999935626984
YDL170W,YNL023C,1,-0.092113554,0.06677140295505524,0.08500000089406967,0.11879999935626984
YKL110C,YGR161C-D,0,-0.092117384,0.06671899557113647,0.08500000089406967,0.11890000104904175
YLR371W,YLR410W-A,0,-0.092138454,0.06666667014360428,0.08500000089406967,0.11900000274181366
YDR523C,YMR284W,0,-0.09218934,0.06661441922187805,0.08500000089406967,0.11909999698400497
YGR204W,YBR111W-A,0,-0.092273265,0.06656225770711899,0.08500000089406967,0.11919999867677689
YGR161C-C,YGR143W,0,-0.0922844,0.0665101706981659,0.08500000089406967,0.1193000003695488
YIL009C-A,YOR113W,0,-0.09237771,0.06645817309617996,0.08500000089406967,0.11940000206232071
YCL032W,YDR098C-B,0,-0.09248495,0.06640625,0.08500000089406967,0.11949999630451202
YGR141W,YBR100W,0,-0.092586786,0.0663544088602066,0.08500000089406967,0.11959999799728394
YNL298W,YKL080W,0,-0.092599526,0.06630264967679977,0.08500000089406967,0.11969999969005585
YPR158C-C,YJL001W,0,-0.09273827,0.06625097244977951,0.08500000089406967,0.11980000138282776
YFL024C,YDR261C-C,0,-0.092806876,0.06619937717914581,0.08500000089406967,0.11990000307559967
YLR313C,YFL002W-B,0,-0.09284383,0.06614785641431808,0.08500000089406967,0.11999999731779099
YDL060W,YDR098C-A,0,-0.09289263,0.06609642505645752,0.08500000089406967,0.1200999990105629
YLR113W,YOR142W-A,0,-0.092922986,0.06604506820440292,0.08500000089406967,0.12020000070333481
YBR087W,YMR165C,0,-0.09293419,0.0659937858581543,0.08500000089406967,0.12030000239610672
YDL200C,YOL127W,0,-0.09297018,0.06594259291887283,0.08500000089406967,0.12039999663829803
YIL121W,YDR261C-D,0,-0.093032494,0.06589147448539734,0.08500000089406967,0.12049999833106995
YDR210W-B,YDR284C,0,-0.09306416,0.06584043055772781,0.08500000089406967,0.12060000002384186
YNL054W-A,YER162C,0,-0.09307471,0.06578947603702545,0.08500000089406967,0.12070000171661377
YNR006W,YFR024C,0,-0.093237534,0.06573859602212906,0.08500000089406967,0.12080000340938568
YHL011C,YER159C,0,-0.093244776,0.06568779051303864,0.08500000089406967,0.120899997651577
YBR274W,YPL021W,0,-0.09325968,0.06563706696033478,0.08500000089406967,0.12099999934434891
YPR158W-B,YJR137C,0,-0.093329504,0.06558641791343689,0.08500000089406967,0.12110000103712082
YHR196W,YGR161C-C,0,-0.09337823,0.06553585082292557,0.08500000089406967,0.12120000272989273
YMR026C,YBR010W,0,-0.09339185,0.06548536568880081,0.08500000089406967,0.12129999697208405
YLR371W,YLR337W,0,-0.093423024,0.06543494760990143,0.08500000089406967,0.12139999866485596
YPR158C-C,YMR153W,0,-0.093435824,0.06538461893796921,0.08500000089406967,0.12150000035762787
YNR015W,YMR032W,0,-0.09348591,0.06533435732126236,0.08500000089406967,0.12160000205039978
YER014C-A,YLR016C,0,-0.09356551,0.06528417766094208,0.08500000089406967,0.1216999962925911
YIL009C-A,YER138C,0,-0.093610585,0.06523407250642776,0.08500000089406967,0.121799997985363
YER075C,YGL013C,0,-0.09363443,0.06518404930830002,0.08500000089406967,0.12189999967813492
YPR041W,YFL002W-B,0,-0.09378579,0.06513410061597824,0.08500000089406967,0.12200000137090683
YJR028W,YOR113W,0,-0.09379628,0.06508422642946243,0.08500000089406967,0.12210000306367874
YNL339C,YNL197C,0,-0.09385948,0.0650344267487526,0.08500000089406967,0.12219999730587006
YNL206C,YPR158W-B,0,-0.094118044,0.06498470902442932,0.08500000089406967,0.12229999899864197
YER125W,YJL170C,0,-0.09418675,0.06493506580591202,0.08500000089406967,0.12240000069141388
YGR097W,YLR337W,0,-0.09422509,0.06488549709320068,0.08500000089406967,0.12250000238418579
YBR119W,YPL060C-A,0,-0.09425981,0.06483600288629532,0.08500000089406967,0.1225999966263771
YBR179C,YFL002W-A,0,-0.09430078,0.06478658318519592,0.08500000089406967,0.12269999831914902
YLR410W-A,YNL261W,0,-0.094304115,0.0647372454404831,0.08500000089406967,0.12280000001192093
YIL009C-A,YML039W,0,-0.09438051,0.06468797475099564,0.08500000089406967,0.12290000170469284
YMR172W,YGR161C-C,0,-0.0945389,0.06463878601789474,0.08500000089406967,0.12300000339746475
YDL216C,YMR087W,0,-0.09455314,0.06458966434001923,0.08500000089406967,0.12309999763965607
YDR503C,YJL012C-A,0,-0.09455685,0.06454062461853027,0.08500000089406967,0.12319999933242798
YDR365W-A,YLR175W,0,-0.09456991,0.0644916519522667,0.08500000089406967,0.12330000102519989
YJR150C,YHR061C,0,-0.0945943,0.06444276124238968,0.08500000089406967,0.1234000027179718
YLR007W,YDR098C-B,0,-0.09460978,0.06439393758773804,0.08500000089406967,0.12349999696016312
YBL088C,YPR158W-B,0,-0.09465851,0.06434519588947296,0.08500000089406967,0.12359999865293503
YPR158C-D,YCR038C,0,-0.09468067,0.06429652124643326,0.08500000089406967,0.12370000034570694
YMR077C,YOR343W-B,0,-0.09472939,0.06424792110919952,0.08500000089406967,0.12380000203847885
YDR098C-A,YDR101C,0,-0.09479584,0.06419939547777176,0.08500000089406967,0.12389999628067017
YPL094C,YDR210W-A,0,-0.094804704,0.06415094435214996,0.08500000089406967,0.12399999797344208
YER138C,YGR261C,0,-0.09492195,0.06410256773233414,0.08500000089406967,0.12409999966621399
YDR034C-C,YPR055W,0,-0.09493317,0.06405425816774368,0.08500000089406967,0.1242000013589859
YOR018W,YEL066W,0,-0.094972074,0.0640060231089592,0.08500000089406967,0.12430000305175781
YGR163W,YDR018C,0,-0.0951377,0.06395786255598068,0.08500000089406967,0.12439999729394913
YPL179W,YGR161C-C,0,-0.095175624,0.06390977650880814,0.08500000089406967,0.12449999898672104
YHR091C,YJL041W,0,-0.095267415,0.06386175751686096,0.08500000089406967,0.12460000067949295
YMR280C,YPL161C,0,-0.095318735,0.06381381303071976,0.08500000089406967,0.12470000237226486
YJR147W,YOR284W,0,-0.09533714,0.06376594305038452,0.08500000089406967,0.12479999661445618
YGL255W,YIL023C,0,-0.095356956,0.06371814012527466,0.08500000089406967,0.12489999830722809
YBR112C,YDR043C,0,-0.09537998,0.06367041170597076,0.08500000089406967,0.125
YPL040C,YHR172W,0,-0.09541403,0.06362275779247284,0.08500000089406967,0.1251000016927719
YCR061W,YDL166C,0,-0.09547354,0.06357517093420029,0.08500000089406967,0.12520000338554382
YDR316W-B,YER159C,0,-0.09555848,0.0635276511311531,0.08500000089406967,0.12530000507831573
YOR002W,YCR038C,0,-0.09574121,0.0634802058339119,0.08500000089406967,0.12540000677108765
YGR288W,YHR178W,1,-0.09576468,0.06417910754680634,0.0860000029206276,0.12540000677108765
YOR344C,YLR183C,1,-0.0957917,0.06487695872783661,0.08699999749660492,0.12540000677108765
YER126C,YHR214C-B,0,-0.095836565,0.06482861191034317,0.08699999749660492,0.12549999356269836
YDR210C-D,YKL019W,0,-0.095897764,0.0647803395986557,0.08699999749660492,0.12559999525547028
YOL064C,YDR365W-B,0,-0.095997155,0.0647321417927742,0.08699999749660492,0.1256999969482422
YDR087C,YBL069W,0,-0.096013844,0.06468401849269867,0.08699999749660492,0.1257999986410141
YNL023C,YLR013W,1,-0.09615485,0.06537889689207077,0.08799999952316284,0.1257999986410141
YGR161W-B,YPL163C,0,-0.096201465,0.06533036381006241,0.08799999952316284,0.125900000333786
YLR337W,YLR136C,0,-0.096221164,0.06528189778327942,0.08799999952316284,0.12600000202655792
YHR176W,YOR371C,0,-0.096257284,0.0652335062623024,0.08799999952316284,0.12610000371932983
YOR213C,YOR179C,0,-0.096280694,0.06518518179655075,0.08799999952316284,0.12620000541210175
YNL201C,YDR115W,0,-0.09642248,0.06513693928718567,0.08799999952316284,0.12630000710487366
YML031W,YCL062W,0,-0.09648593,0.06508875638246536,0.08799999952316284,0.12639999389648438
YKL070W,YPL206C,0,-0.0965181,0.06504064798355103,0.08799999952316284,0.1264999955892563
YFR027W,YMR051C,0,-0.09654686,0.06499261409044266,0.08799999952316284,0.1265999972820282
YDL232W,YOR127W,0,-0.09657341,0.06494464725255966,0.08799999952316284,0.1266999989748001
YNL290W,YCL016C,0,-0.09660712,0.06489675492048264,0.08799999952316284,0.12680000066757202
YOR288C,YLR145W,0,-0.09667595,0.06484892964363098,0.08799999952316284,0.12690000236034393
YDR097C,YGR027W-B,0,-0.09668739,0.0648011788725853,0.08799999952316284,0.12700000405311584
YEL063C,YIR012W,0,-0.09670772,0.06475349515676498,0.08799999952316284,0.12710000574588776
YDL047W,YLL056C,0,-0.09671138,0.06470588594675064,0.08799999952316284,0.12720000743865967
YGR038C-B,YBR159W,0,-0.09675917,0.06465833634138107,0.08799999952316284,0.12729999423027039
YDR210W-B,YDR121W,0,-0.09678678,0.06461086869239807,0.08799999952316284,0.1273999959230423
YKL145W,YLR319C,0,-0.09698476,0.06456346064805984,0.08799999952316284,0.1274999976158142
YMR025W,YFL024C,0,-0.09698525,0.06451612710952759,0.08799999952316284,0.12759999930858612
YDL099W,YPL116W,0,-0.09708591,0.0644688680768013,0.08799999952316284,0.12770000100135803
YLR020C,YPL031C,0,-0.09709968,0.06442166864871979,0.08799999952316284,0.12780000269412994
YOL086C,YGL086W,0,-0.09721191,0.06437454372644424,0.08799999952316284,0.12790000438690186
YHR197W,YNL284C-B,0,-0.09722495,0.06432748585939407,0.08799999952316284,0.12800000607967377
YCR034W,YJL012C-A,0,-0.09722757,0.06428049504756927,0.08799999952316284,0.12809999287128448
YOR149C,YDL036C,0,-0.09728064,0.06423357874155045,0.08799999952316284,0.1281999945640564
YDL007W,YML095C,0,-0.097344965,0.06418672204017639,0.08799999952316284,0.1282999962568283
YGL251C,YPR185W,0,-0.09738585,0.0641399398446083,0.08799999952316284,0.12839999794960022
YPL128C,YML076C,1,-0.09745301,0.06482155621051788,0.08900000154972076,0.12839999794960022
YGR038C-B,YJL008C,0,-0.09753743,0.06477437913417816,0.08900000154972076,0.12849999964237213
YGL163C,YGL253W,0,-0.09803745,0.06472726911306381,0.08900000154972076,0.12860000133514404
YMR119W,YOR192C-A,0,-0.09804867,0.06468023359775543,0.08900000154972076,0.12870000302791595
YPR139C,YJL113W,0,-0.09821908,0.06463325768709183,0.08900000154972076,0.12880000472068787
YOR127W,YKR035W-A,0,-0.09830262,0.06458635628223419,0.08900000154972076,0.12890000641345978
YLR157C-B,YHR038W,0,-0.098315746,0.06453952193260193,0.08900000154972076,0.1289999932050705
YLR277C,YJL170C,0,-0.09833014,0.06449275463819504,0.08900000154972076,0.1290999948978424
YGL078C,YHR039C-B,0,-0.098375455,0.06444605439901352,0.08900000154972076,0.12919999659061432
YGR249W,YIR013C,1,-0.0984178,0.06512300670146942,0.09000000357627869,0.12919999659061432
YDR115W,YFL045C,0,-0.09842123,0.06507591903209686,0.09000000357627869,0.12929999828338623
YMR198W,YMR054W,0,-0.0985098,0.06502889841794968,0.09000000357627869,0.12939999997615814
YDL020C,YLR098C,1,-0.09853372,0.06570397317409515,0.09099999815225601,0.12939999997615814
YGL229C,YHL020C,0,-0.09864567,0.06565656512975693,0.09099999815225601,0.12950000166893005
YJL124C,YDR280W,0,-0.09868461,0.06560923159122467,0.09099999815225601,0.12960000336170197
YLR435W,YCL005W-A,0,-0.09874338,0.06556195765733719,0.09099999815225601,0.12970000505447388
YDR436W,YER031C,0,-0.09875937,0.06551475822925568,0.09099999815225601,0.1298000067472458
YBL005W-A,YOR295W,0,-0.09885454,0.06546762585639954,0.09099999815225601,0.1298999935388565
YDR210W-B,YJL106W,0,-0.098880395,0.06542056053876877,0.09099999815225601,0.12999999523162842
YEL054C,YCL060C,0,-0.09897408,0.06537356227636337,0.09099999815225601,0.13009999692440033
YDR099W,YOR346W,0,-0.099003434,0.06532663106918335,0.09099999815225601,0.13019999861717224
YBL100W-A,YLR047C,0,-0.09907277,0.0652797669172287,0.09099999815225601,0.13030000030994415
YJR160C,YDR191W,0,-0.09913151,0.06523297727108002,0.09099999815225601,0.13040000200271606
YGL097W,YNR013C,0,-0.09913705,0.06518624722957611,0.09099999815225601,0.13050000369548798
YIL010W,YGR038C-B,0,-0.099187806,0.06513958424329758,0.09099999815225601,0.1306000053882599
YGR272C,YBL102W,0,-0.099258795,0.06509298831224442,0.09099999815225601,0.1307000070810318
YNL206C,YPL270W,0,-0.09968454,0.06504645943641663,0.09099999815225601,0.13079999387264252
YDL055C,YOL065C,0,-0.10003367,0.06499999761581421,0.09099999815225601,0.13089999556541443
YHL009W-B,YOR371C,0,-0.10003537,0.06495360285043716,0.09099999815225601,0.13099999725818634
YPL257W-A,YPL255W,0,-0.10010843,0.06490727514028549,0.09099999815225601,0.13109999895095825
YHR124W,YLR098C,1,-0.10025531,0.06557376682758331,0.09200000017881393,0.13109999895095825
YML001W,YOR356W,0,-0.1002706,0.0655270665884018,0.09200000017881393,0.13120000064373016
YLL016W,YNL287W,0,-0.10028182,0.06548042595386505,0.09200000017881393,0.13130000233650208
YER065C,YIL114C,0,-0.100333944,0.06543385237455368,0.09200000017881393,0.131400004029274
YMR045C,YDR009W,0,-0.10033403,0.06538734585046768,0.09200000017881393,0.1315000057220459
YDR316W-B,YNR026C,0,-0.10049535,0.06534090638160706,0.09200000017881393,0.1316000074148178
YMR077C,YDL118W,0,-0.10056274,0.0652945339679718,0.09200000017881393,0.13169999420642853
YLR377C,YDR147W,0,-0.10080442,0.06524822860956192,0.09200000017881393,0.13179999589920044
YLR048W,YER159C,0,-0.10087049,0.06520198285579681,0.09200000017881393,0.13189999759197235
YCR048W,YPL060C-A,0,-0.100914195,0.06515580415725708,0.09200000017881393,0.13199999928474426
YKL189W,YPL276W,0,-0.10092707,0.06510969251394272,0.09200000017881393,0.13210000097751617
YDR211W,YLR051C,0,-0.101050854,0.06506364792585373,0.09200000017881393,0.13220000267028809
YGL205W,YDR065W,0,-0.101198316,0.06501767039299011,0.09200000017881393,0.13230000436306
YKL200C,YCL012W,0,-0.101269186,0.06497175246477127,0.09200000017881393,0.1324000060558319
YBL046W,YPR056W,0,-0.10129714,0.0649259015917778,0.09200000017881393,0.13249999284744263
YGR027W-B,YLL006W,0,-0.10168685,0.06488011032342911,0.09200000017881393,0.13259999454021454
YBR250W,YCL060C,0,-0.101693034,0.06483439356088638,0.09200000017881393,0.13269999623298645
YNL271C,YPR119W,0,-0.101726145,0.06478872895240784,0.09200000017881393,0.13279999792575836
YBL005W-A,YLR079W,0,-0.10174018,0.06474313884973526,0.09200000017881393,0.13289999961853027
YKL179C,YDR252W,0,-0.1017517,0.06469760835170746,0.09200000017881393,0.13300000131130219
YKR082W,YCL016C,0,-0.101860344,0.06465214490890503,0.09200000017881393,0.1331000030040741
YLR059C,YNR019W,0,-0.1019931,0.06460674107074738,0.09200000017881393,0.133200004696846
YIL101C,YLR098C,1,-0.10202308,0.06526315957307816,0.09300000220537186,0.133200004696846
YIL119C,YKR056W,0,-0.102074996,0.06521739065647125,0.09300000220537186,0.13330000638961792
YDL064W,YDR365W-B,0,-0.10214135,0.06517168879508972,0.09300000220537186,0.13339999318122864
YLR384C,YDR030C,0,-0.10223496,0.06512605398893356,0.09300000220537186,0.13349999487400055
YFR034C,YPL133C,1,-0.10225187,0.06578026711940765,0.09399999678134918,0.13349999487400055
YDL160C,YPL060C-A,0,-0.102277696,0.06573426723480225,0.09399999678134918,0.13359999656677246
YBR066C,YDR210W-A,0,-0.10234587,0.06568832695484161,0.09399999678134918,0.13369999825954437
YHL009C,YHR124W,1,-0.10235493,0.06634078174829483,0.0949999988079071,0.13369999825954437
YDR034C-D,YLR361C,0,-0.102482215,0.06629448384046555,0.0949999988079071,0.13379999995231628
YLR459W,YER159C,0,-0.10253507,0.06624825298786163,0.0949999988079071,0.1339000016450882
YBR012W-A,YJL047C,0,-0.10272302,0.0662020891904831,0.0949999988079071,0.1340000033378601
YOR040W,YDL097C,0,-0.10281031,0.06615599244832993,0.0949999988079071,0.13410000503063202
YGR288W,YML076C,1,-0.10283692,0.06680584698915482,0.09600000083446503,0.13410000503063202
YPL029W,YPL176C,0,-0.10285115,0.0667593851685524,0.09600000083446503,0.13420000672340393
YLR312C-B,YAR019C,0,-0.10317059,0.06671299785375595,0.09600000083446503,0.13429999351501465
YLR154C,YNL116W,0,-0.10323267,0.06666667014360428,0.09600000083446503,0.13439999520778656
YNR056C,YPL244C,0,-0.1033614,0.06662040203809738,0.09600000083446503,0.13449999690055847
YBR182C,YKL062W,1,-0.103387445,0.06726768612861633,0.09700000286102295,0.13449999690055847
YJL113W,YNL231C,0,-0.10356073,0.06722106784582138,0.09700000286102295,0.13459999859333038
YPR032W,YLR423C,0,-0.10384826,0.0671745166182518,0.09700000286102295,0.1347000002861023
YDL132W,YLR453C,0,-0.10397655,0.067128024995327,0.09700000286102295,0.1348000019788742
YBR205W,YOL034W,0,-0.104036465,0.06708160787820816,0.09700000286102295,0.13490000367164612
YDR165W,YER104W,0,-0.10405372,0.0670352429151535,0.09700000286102295,0.13500000536441803
YBL002W,YPR158W-B,0,-0.1040957,0.06698895245790482,0.09700000286102295,0.13510000705718994
YDL093W,YDR297W,0,-0.10418038,0.0669427216053009,0.09700000286102295,0.13519999384880066
YAR010C,YPL234C,0,-0.1042916,0.06689655035734177,0.09700000286102295,0.13529999554157257
YJL054W,YDR295C,0,-0.1043544,0.066850446164608,0.09700000286102295,0.13539999723434448
YHL034C,YCL012W,0,-0.10436581,0.06680440902709961,0.09700000286102295,0.1354999989271164
YPL118W,YDR098C-B,0,-0.10441384,0.06675843149423599,0.09700000286102295,0.1356000006198883
YHR079C-B,YMR145C,0,-0.10441482,0.06671251356601715,0.09700000286102295,0.13570000231266022
YJR053W,YOR122C,0,-0.104419604,0.06666667014360428,0.09700000286102295,0.13580000400543213
YNR031C,YHR015W,0,-0.104438975,0.06662087887525558,0.09700000286102295,0.13590000569820404
YGR027W-B,YNL073W,0,-0.10448201,0.06657515466213226,0.09700000286102295,0.13600000739097595
YGR288W,YNL216W,1,-0.1045655,0.06721536070108414,0.09799999743700027,0.13600000739097595
YCR026C,YNL156C,0,-0.10460906,0.06716929376125336,0.09799999743700027,0.13609999418258667
YOR250C,YBR231C,0,-0.10471946,0.06712328642606735,0.09799999743700027,0.13619999587535858
YML062C,YHR079C-B,0,-0.104728356,0.06707734614610672,0.09799999743700027,0.1362999975681305
YLR157C-B,YDL043C,0,-0.104754716,0.06703146547079086,0.09799999743700027,0.1363999992609024
YLR157C-B,YMR212C,0,-0.10484561,0.06698564440011978,0.09799999743700027,0.13650000095367432
YLR410W,YNL294C,0,-0.10490732,0.06693989038467407,0.09799999743700027,0.13660000264644623
YDR143C,YPL060C-A,0,-0.10507287,0.06689419597387314,0.09799999743700027,0.13670000433921814
YNL161W,YBR092C,0,-0.10512708,0.06684856861829758,0.09799999743700027,0.13680000603199005
YHR039C-B,YGL192W,0,-0.105342075,0.06680300086736679,0.09799999743700027,0.13689999282360077
YGR161W-B,YGR108W,0,-0.10534556,0.06675749272108078,0.09799999743700027,0.13699999451637268
YNL233W,YHR107C,0,-0.10535003,0.06671205163002014,0.09799999743700027,0.1370999962091446
YPR051W,YGL155W,0,-0.10542537,0.06666667014360428,0.09799999743700027,0.1371999979019165
YNR011C,YGL167C,0,-0.10544522,0.06662134826183319,0.09799999743700027,0.13729999959468842
YJL176C,YKL016C,0,-0.1054534,0.06657608598470688,0.09799999743700027,0.13740000128746033
YMR268C,YPL015C,0,-0.10545486,0.06653089076280594,0.09799999743700027,0.13750000298023224
YNR047W,YJR013W,0,-0.10557087,0.06648575514554977,0.09799999743700027,0.13760000467300415
YIR028W,YHR214C-B,0,-0.105711535,0.06644067913293839,0.09799999743700027,0.13770000636577606
YLR309C,YFL049W,0,-0.10589692,0.06639566272497177,0.09799999743700027,0.13779999315738678
YDR407C,YGR030C,0,-0.106058896,0.06635071337223053,0.09799999743700027,0.1378999948501587
YOL127W,YGL192W,0,-0.10606371,0.06630581617355347,0.09799999743700027,0.1379999965429306
YER180C-A,YBR100W,0,-0.10613847,0.06626098603010178,0.09799999743700027,0.13809999823570251
YDL132W,YBR183W,0,-0.10636164,0.06621621549129486,0.09799999743700027,0.13819999992847443
YAL020C,YNL182C,0,-0.10637444,0.06617150455713272,0.09799999743700027,0.13830000162124634
YOR148C,YMR067C,0,-0.10647577,0.06612685322761536,0.09799999743700027,0.13840000331401825
YKL025C,YGR082W,0,-0.10649902,0.06608226895332336,0.09799999743700027,0.13850000500679016
YHR011W,YER041W,0,-0.10653345,0.06603773683309555,0.09799999743700027,0.13860000669956207
YDL058W,YGR152C,0,-0.106535494,0.06599326431751251,0.09799999743700027,0.1386999934911728
YEL037C,YCL012W,0,-0.10655114,0.06594885885715485,0.09799999743700027,0.1387999951839447
YGL067W,YJL047C,0,-0.10666421,0.06590450555086136,0.09799999743700027,0.1388999968767166
YOL123W,YDR424C,0,-0.10674621,0.06586021184921265,0.09799999743700027,0.13899999856948853
YGR161C-C,YDL224C,0,-0.10677457,0.0658159852027893,0.09799999743700027,0.13910000026226044
YNL199C,YDR317W,0,-0.106849104,0.06577181071043015,0.09799999743700027,0.13920000195503235
YHR158C,YMR156C,0,-0.10687721,0.06572769582271576,0.09799999743700027,0.13930000364780426
YIL029C,YFL002W-A,0,-0.10688023,0.06568364799022675,0.09799999743700027,0.13940000534057617
YGR241C,YLR391W,0,-0.10692948,0.06563965231180191,0.09799999743700027,0.13950000703334808
YAR010C,YOR372C,0,-0.10712093,0.06559571623802185,0.09799999743700027,0.1395999938249588
YLR263W,YFL050C,0,-0.10733408,0.06555183976888657,0.09799999743700027,0.1396999955177307
YGL030W,YNL084C,0,-0.10736838,0.06550802290439606,0.09799999743700027,0.13979999721050262
YLR410W-A,YPR095C,0,-0.107424304,0.06546425819396973,0.09799999743700027,0.13989999890327454
YML059C,YIR011C,0,-0.107469246,0.06542056053876877,0.09799999743700027,0.14000000059604645
YOR153W,YJR155W,0,-0.10758871,0.06537691503763199,0.09799999743700027,0.14010000228881836
YGR010W,YKL081W,0,-0.10764092,0.06533333659172058,0.09799999743700027,0.14020000398159027
YGL033W,YMR129W,0,-0.10766746,0.06528981029987335,0.09799999743700027,0.14030000567436218
YGR004W,YOR047C,0,-0.10770646,0.0652463361620903,0.09799999743700027,0.1404000073671341
YOL102C,YOR188W,0,-0.10785684,0.06520292907953262,0.09799999743700027,0.1404999941587448
YER138C,YMR165C,0,-0.10786222,0.06515957415103912,0.09799999743700027,0.14059999585151672
YOR229W,YNL294C,0,-0.10794243,0.0651162788271904,0.09799999743700027,0.14069999754428864
YDR342C,YBR087W,0,-0.107942715,0.06507304310798645,0.09799999743700027,0.14079999923706055
YDR108W,YLR003C,0,-0.10803172,0.06502985954284668,0.09799999743700027,0.14090000092983246
YGL210W-A,YGL171W,0,-0.10803193,0.06498673558235168,0.09799999743700027,0.14100000262260437
YEL057C,YKL049C,0,-0.108060524,0.06494367122650146,0.09799999743700027,0.14110000431537628
YGR109W-A,YNL025C,0,-0.10816367,0.06490065902471542,0.09799999743700027,0.1412000060081482
YCL060C,YKL022C,0,-0.10822378,0.06485770642757416,0.09799999743700027,0.1412999927997589
YDL100C,YDL223C,0,-0.10830116,0.06481481343507767,0.09799999743700027,0.14139999449253082
YMR198W,YDR018C,0,-0.10830888,0.06477197259664536,0.09799999743700027,0.14149999618530273
YHR005C-A,YGL014W,0,-0.10832125,0.06472919136285782,0.09799999743700027,0.14159999787807465
YAR018C,YIR006C,0,-0.108424306,0.06468646973371506,0.09799999743700027,0.14169999957084656
YGL116W,YLR355C,0,-0.10843286,0.06464380025863647,0.09799999743700027,0.14180000126361847
YBR171W,YLR357W,0,-0.10851665,0.06460118293762207,0.09799999743700027,0.14190000295639038
YCR020C,YPR198W,0,-0.10857351,0.06455863267183304,0.09799999743700027,0.1420000046491623
YIL124W,YMR067C,0,-0.10858296,0.06451612710952759,0.09799999743700027,0.1421000063419342
YCR067C,YCL012W,0,-0.10860248,0.06447368115186691,0.09799999743700027,0.14219999313354492
YOR025W,YDR261W-A,0,-0.10871899,0.06443129479885101,0.09799999743700027,0.14229999482631683
YBR111W-A,YML105C,0,-0.10872425,0.06438896059989929,0.09799999743700027,0.14239999651908875
YOL076W,YBL005W-B,0,-0.10881953,0.06434668600559235,0.09799999743700027,0.14249999821186066
YDR025W,YLR288C,0,-0.108831,0.06430446356534958,0.09799999743700027,0.14259999990463257
YNR007C,YLR227W-A,0,-0.10898572,0.06426229327917099,0.09799999743700027,0.14270000159740448
YCR060W,YNL333W,0,-0.10902171,0.06422018259763718,0.09799999743700027,0.1428000032901764
YCL005W-A,YEL069C,0,-0.10914032,0.06417812407016754,0.09799999743700027,0.1429000049829483
YHR124W,YER111C,1,-0.10917956,0.06479057669639587,0.0989999994635582,0.1429000049829483
YCR060W,YOL086C,0,-0.109374925,0.06474819779396057,0.0989999994635582,0.14300000667572021
YER138C,YKL018W,0,-0.10938105,0.06470588594675064,0.0989999994635582,0.14309999346733093
YHR091C,YGR082W,0,-0.109439254,0.06466361880302429,0.0989999994635582,0.14319999516010284
YMR045C,YDL223C,0,-0.10946815,0.06462141126394272,0.0989999994635582,0.14329999685287476
YOR068C,YER164W,0,-0.109588385,0.06457925587892532,0.0989999994635582,0.14339999854564667
YER094C,YJL012C-A,0,-0.10974255,0.0645371600985527,0.0989999994635582,0.14350000023841858
YGR258C,YER019C-A,0,-0.10977827,0.06449511647224426,0.0989999994635582,0.1436000019311905
YJL021C,YLR201C,0,-0.1097952,0.064453125,0.0989999994635582,0.1437000036239624
YFL011W-A,YML052W,0,-0.10981129,0.06441119313240051,0.0989999994635582,0.14380000531673431
YDL100C,YBL047C,0,-0.109906524,0.0643693134188652,0.0989999994635582,0.14390000700950623
YBR066C,YJL198W,0,-0.110008985,0.06432748585939407,0.0989999994635582,0.14399999380111694
YDR236C,YPL257W-B,0,-0.11010598,0.06428571790456772,0.0989999994635582,0.14409999549388885
YOR284W,YMR067C,0,-0.11011799,0.06424399465322495,0.0989999994635582,0.14419999718666077
YMR035W,YOL103W-A,0,-0.11021267,0.06420233100652695,0.0989999994635582,0.14429999887943268
YMR045C,YDL181W,0,-0.11023037,0.06416072696447372,0.0989999994635582,0.1444000005722046
YML058W-A,YDR283C,0,-0.11046469,0.06411916762590408,0.0989999994635582,0.1445000022649765
YFL036W,YNL142W,0,-0.11061907,0.06407766789197922,0.0989999994635582,0.1446000039577484
YGL254W,YHR124W,1,-0.11064002,0.06468304991722107,0.10000000149011612,0.1446000039577484
YGR119C,YDR365W-B,0,-0.11070804,0.06464124470949173,0.10000000149011612,0.14470000565052032
YPR029C,YGL055W,0,-0.110712424,0.06459948420524597,0.10000000149011612,0.14480000734329224
YMR268C,YGR254W,0,-0.110776186,0.06455777585506439,0.10000000149011612,0.14489999413490295
YNR064C,YPL060W,0,-0.11079222,0.06451612710952759,0.10000000149011612,0.14499999582767487
YMR308C,YCL005W-A,0,-0.11086741,0.06447453051805496,0.10000000149011612,0.14509999752044678
YMR211W,YGR161C-D,0,-0.111018345,0.06443298608064651,0.10000000149011612,0.1451999992132187
YKR089C,YHR079C-B,0,-0.11103682,0.06439150124788284,0.10000000149011612,0.1453000009059906
YBL002W,YBR152W,0,-0.11111969,0.06435006111860275,0.10000000149011612,0.1454000025987625
YFR046C,YCR027C,0,-0.111189246,0.06430868059396744,0.10000000149011612,0.14550000429153442
YHR164C,YGR118W,0,-0.11121258,0.0642673522233963,0.10000000149011612,0.14560000598430634
YPL248C,YHR206W,1,-0.11140761,0.06486833840608597,0.10100000351667404,0.14560000598430634
YGR258C,YCL017C,0,-0.11146028,0.06482670456171036,0.10100000351667404,0.14569999277591705
YBR168W,YGL210W,0,-0.111699715,0.06478511542081833,0.10100000351667404,0.14579999446868896
YER111C,YDR501W,1,-0.11177653,0.06538461893796921,0.10199999809265137,0.14579999446868896
YLR067C,YGR284C,0,-0.11178893,0.0653427317738533,0.10199999809265137,0.14589999616146088
YLR157C-B,YPL007C,0,-0.11182991,0.06530089676380157,0.10199999809265137,0.1459999978542328
YGR101W,YJL184W,0,-0.11189924,0.06525911390781403,0.10199999809265137,0.1460999995470047
YLR342W,YLR234W,0,-0.11190508,0.06521739065647125,0.10199999809265137,0.1462000012397766
YDL077C,YDR170W-A,0,-0.11193736,0.06517571955919266,0.10199999809265137,0.14630000293254852
YLR176C,YJL121C,0,-0.11201207,0.06513410061597824,0.10199999809265137,0.14640000462532043
YJR153W,YFR047C,0,-0.112054184,0.065092533826828,0.10199999809265137,0.14650000631809235
YKL188C,YFR024C,0,-0.1120846,0.06505101919174194,0.10199999809265137,0.14659999310970306
YDR030C,YLR007W,0,-0.112087786,0.06500955671072006,0.10199999809265137,0.14669999480247498
YOR192C-A,YDR247W,0,-0.112092465,0.06496815383434296,0.10199999809265137,0.1467999964952469
YPR179C,YKL034W,0,-0.11220546,0.06492679566144943,0.10199999809265137,0.1468999981880188
YEL061C,YPL257W-A,0,-0.11225955,0.06488549709320068,0.10199999809265137,0.1469999998807907
YPR158C-C,YGR142W,0,-0.11225955,0.06484424322843552,0.10199999809265137,0.14710000157356262
YOR305W,YIR002C,0,-0.112553254,0.06480304896831512,0.10199999809265137,0.14720000326633453
YKL082C,YBL074C,0,-0.11259812,0.06476190686225891,0.10199999809265137,0.14730000495910645
YER031C,YAR035W,0,-0.11265597,0.06472080945968628,0.10199999809265137,0.14740000665187836
YKL200C,YDR495C,0,-0.11276217,0.06467977166175842,0.10199999809265137,0.14749999344348907
YML095C,YNL002C,0,-0.11281282,0.06463878601789474,0.10199999809265137,0.147599995136261
YHR171W,YDR213W,0,-0.11306696,0.06459784507751465,0.10199999809265137,0.1476999968290329
YDR316W-B,YDR184C,0,-0.11314936,0.06455696374177933,0.10199999809265137,0.1477999985218048
YKL006C-A,YNL326C,0,-0.11321752,0.06451612710952759,0.10199999809265137,0.14790000021457672
YLR145W,YGL021W,0,-0.1133444,0.06447535008192062,0.10199999809265137,0.14800000190734863
YGR109C,YOR133W,0,-0.113489404,0.06443461775779724,0.10199999809265137,0.14810000360012054
YOR192C-A,YDR328C,0,-0.113497525,0.06439393758773804,0.10199999809265137,0.14820000529289246
YMR281W,YPR158C-C,0,-0.113522395,0.06435330957174301,0.10199999809265137,0.14830000698566437
YDR060W,YKL032C,0,-0.11360051,0.06431273370981216,0.10199999809265137,0.14839999377727509
YIR004W,YJR047C,0,-0.113620296,0.0642722100019455,0.10199999809265137,0.148499995470047
YGL144C,YHR053C,0,-0.113778815,0.064231738448143,0.10199999809265137,0.1485999971628189
YDR151C,YLR183C,1,-0.11403757,0.06482063978910446,0.10300000011920929,0.1485999971628189
YBR121C,YDR365W-B,0,-0.11411926,0.06477987766265869,0.10300000011920929,0.14869999885559082
YBR257W,YHR107C,0,-0.114228785,0.0647391602396965,0.10300000011920929,0.14880000054836273
YLR084C,YFR024C,0,-0.114416584,0.06469849497079849,0.10300000011920929,0.14890000224113464
YGL173C,YHR172W,0,-0.1144246,0.06465788185596466,0.10300000011920929,0.14900000393390656
YEL009C,YGR249W,1,-0.11446345,0.06524466723203659,0.10400000214576721,0.14900000393390656
YIL077C,YNL280C,0,-0.11454202,0.06520376354455948,0.10400000214576721,0.14910000562667847
YPR031W,YPL101W,0,-0.11462478,0.06516290456056595,0.10400000214576721,0.14920000731945038
YDR317W,YHR214C-C,0,-0.11471613,0.0651221051812172,0.10400000214576721,0.1492999941110611
YOL038W,YPR186C,0,-0.1149082,0.06508135050535202,0.10400000214576721,0.149399995803833
YIL029C,YPR037C,0,-0.114912435,0.06504064798355103,0.10400000214576721,0.14949999749660492
YJR120W,YCR034W,0,-0.11493896,0.06499999761581421,0.10400000214576721,0.14959999918937683
YNL302C,YDL159W,0,-0.11512768,0.06495939940214157,0.10400000214576721,0.14970000088214874
YJR004C,YML028W,0,-0.11529754,0.06491885334253311,0.10400000214576721,0.14980000257492065
YPL159C,YAL041W,0,-0.11534855,0.06487835198640823,0.10400000214576721,0.14990000426769257
YOL044W,YPL243W,0,-0.11550453,0.06483790278434753,0.10400000214576721,0.15000000596046448
YPL126W,YJL013C,0,-0.115748525,0.06479750573635101,0.10400000214576721,0.1500999927520752
YNL333W,YJR031C,0,-0.115805,0.06475716084241867,0.10400000214576721,0.1501999944448471
YJL110C,YLR098C,1,-0.11589377,0.06533914059400558,0.10499999672174454,0.1501999944448471
YGR089W,YPR124W,0,-0.115969345,0.06529850512742996,0.10499999672174454,0.15029999613761902
YLR312C-B,YDR484W,0,-0.11608164,0.06525792181491852,0.10499999672174454,0.15039999783039093
YHR108W,YDR043C,0,-0.116144285,0.06521739065647125,0.10499999672174454,0.15049999952316284
YMR234W,YDR065W,0,-0.11620134,0.06517691165208817,0.10499999672174454,0.15060000121593475
YNL054W-A,YML097C,0,-0.116208285,0.06513647735118866,0.10499999672174454,0.15070000290870667
YFL011W-A,YLR133W,0,-0.11623138,0.06509609520435333,0.10499999672174454,0.15080000460147858
YOR095C,YDL085W,0,-0.116232246,0.06505576521158218,0.10499999672174454,0.1509000062942505
YDL170W,YGR288W,1,-0.11631787,0.06563467532396317,0.10599999874830246,0.1509000062942505
YHL034C,YPL060C-A,0,-0.116357505,0.06559406220912933,0.10599999874830246,0.1509999930858612
YML058W-A,YIL053W,0,-0.116423234,0.06555349379777908,0.10599999874830246,0.15109999477863312
YBR182C,YEL009C,1,-0.11644171,0.06613102555274963,0.10700000077486038,0.15109999477863312
YLR263W,YDR176W,0,-0.116468385,0.0660901814699173,0.10700000077486038,0.15119999647140503
YKL070W,YPR162C,0,-0.116502985,0.06604938209056854,0.10700000077486038,0.15129999816417694
YDR365W-B,YOL097C,0,-0.11653158,0.06600863486528397,0.10700000077486038,0.15139999985694885
YDR524C,YDR261W-A,0,-0.11655645,0.06596793979406357,0.10700000077486038,0.15150000154972076
YDR170W-A,YMR050C,0,-0.11663696,0.06592729687690735,0.10700000077486038,0.15160000324249268
YER160C,YKL101W,0,-0.1166819,0.06588669866323471,0.10700000077486038,0.1517000049352646
YKL014C,YLR115W,0,-0.11708805,0.06584615260362625,0.10700000077486038,0.1518000066280365
YMR001C,YDL132W,0,-0.117341965,0.06580565869808197,0.10700000077486038,0.15189999341964722
YER088C,YJR092W,0,-0.11758833,0.06576520949602127,0.10700000077486038,0.15199999511241913
YDR080W,YBR061C,0,-0.117683396,0.06572481244802475,0.10700000077486038,0.15209999680519104
YPR171W,YLR361C,0,-0.11768764,0.06568446755409241,0.10700000077486038,0.15219999849796295
YDR261W-A,YPL274W,0,-0.11777504,0.06564417481422424,0.10700000077486038,0.15230000019073486
YLR013W,YPL133C,1,-0.11785358,0.06621704250574112,0.1080000028014183,0.15230000019073486
YPR137C-B,YCR084C,0,-0.11805871,0.06617647409439087,0.1080000028014183,0.15240000188350677
YPL130W,YNL049C,0,-0.11806041,0.0661359429359436,0.1080000028014183,0.1525000035762787
YDR299W,YDR365W-B,0,-0.118118376,0.06609547138214111,0.1080000028014183,0.1526000052690506
YDR342C,YOR287C,0,-0.1181353,0.0660550445318222,0.1080000028014183,0.1527000069618225
YLR048W,YFR024C,0,-0.118211836,0.06601466983556747,0.1080000028014183,0.15279999375343323
YIL080W,YOR039W,0,-0.11822699,0.06597433984279633,0.1080000028014183,0.15289999544620514
YML076C,YDR501W,1,-0.118247434,0.06654457002878189,0.10899999737739563,0.15289999544620514
YOR185C,YNR013C,0,-0.118284255,0.06650396436452866,0.10899999737739563,0.15299999713897705
YDR052C,YCL060C,0,-0.11830191,0.0664634183049202,0.10899999737739563,0.15309999883174896
YDL244W,YER160C,0,-0.11835271,0.06642290949821472,0.10899999737739563,0.15320000052452087
YMR203W,YGR230W,0,-0.11839095,0.06638246029615402,0.10899999737739563,0.15330000221729279
YDR457W,YBL042C,0,-0.118472144,0.0663420557975769,0.10899999737739563,0.1534000039100647
YML048W,YJL145W,0,-0.118577555,0.06630170345306396,0.10899999737739563,0.1535000056028366
YKL112W,YGL073W,1,-0.11862409,0.06686930358409882,0.10999999940395355,0.1535000056028366
YFR050C,YPL026C,0,-0.118716314,0.06682867556810379,0.10999999940395355,0.15360000729560852
YBL057C,YHR138C,0,-0.11876768,0.06678809970617294,0.10999999940395355,0.15369999408721924
YDR256C,YGL210W-A,0,-0.11905298,0.06674757599830627,0.10999999940395355,0.15379999577999115
YGR288W,YHR124W,1,-0.11905679,0.06731352210044861,0.11100000143051147,0.15379999577999115
YNL161W,YDL040C,0,-0.119090945,0.06727273017168045,0.11100000143051147,0.15389999747276306
YDL017W,YEL057C,0,-0.11930108,0.06723198294639587,0.11100000143051147,0.15399999916553497
YGR193C,YGL061C,0,-0.11935724,0.06719128042459488,0.11100000143051147,0.15410000085830688
YGR059W,YLR427W,0,-0.11936507,0.06715063750743866,0.11100000143051147,0.1542000025510788
YLR363C,YML039W,0,-0.11966048,0.06711003929376602,0.11100000143051147,0.1543000042438507
YLR227W-B,YDR397C,0,-0.1196695,0.06706948578357697,0.11100000143051147,0.15440000593662262
YGL044C,YPL048W,0,-0.11970137,0.06702898442745209,0.11100000143051147,0.15449999272823334
YDR151C,YLR013W,1,-0.119729415,0.06759203225374222,0.1120000034570694,0.15449999272823334
YDR277C,YML123C,0,-0.11984883,0.06755127012729645,0.1120000034570694,0.15459999442100525
YJR035W,YGL173C,0,-0.11997387,0.06751054525375366,0.1120000034570694,0.15469999611377716
YAL024C,YPR135W,0,-0.11998971,0.06746987998485565,0.1120000034570694,0.15479999780654907
YPR158W-A,YNL312W,0,-0.12002744,0.06742925941944122,0.1120000034570694,0.15489999949932098
YNL284C-B,YER093C,0,-0.12011695,0.06738869100809097,0.1120000034570694,0.1550000011920929
YOR233W,YER094C,0,-0.12015781,0.0673481673002243,0.1120000034570694,0.1551000028848648
YER052C,YBL097W,0,-0.12028448,0.06730769574642181,0.1120000034570694,0.15520000457763672
YGL073W,YDR501W,1,-0.120297074,0.06786786764860153,0.11299999803304672,0.15520000457763672
YMR202W,YOR249C,0,-0.1203659,0.06782712787389755,0.11299999803304672,0.15530000627040863
YBR201W,YGL253W,0,-0.12043363,0.06778644025325775,0.11299999803304672,0.15539999306201935
YKL200C,YCL005W-A,0,-0.12048556,0.06774580478668213,0.11299999803304672,0.15549999475479126
YDR034C-D,YDR130C,0,-0.12065387,0.06770521402359009,0.11299999803304672,0.15559999644756317
YGL046W,YLR200W,0,-0.120666936,0.06766466796398163,0.11299999803304672,0.15569999814033508
YLR391W,YDR173C,0,-0.120673105,0.06762417405843735,0.11299999803304672,0.155799999833107
YNR075W,YOR229W,0,-0.12087043,0.06758373230695724,0.11299999803304672,0.1559000015258789
YPL128C,YDR216W,1,-0.12094167,0.06814106553792953,0.11400000005960464,0.1559000015258789
YCL035C,YDR198C,0,-0.12105706,0.06810035556554794,0.11400000005960464,0.15600000321865082
YFR034C,YDR501W,1,-0.12112582,0.06865671277046204,0.11500000208616257,0.15600000321865082
YGR080W,YCL005W-A,0,-0.12116812,0.06861574947834015,0.11500000208616257,0.15610000491142273
YJL029C,YPL192C,0,-0.12117092,0.06857483834028244,0.11500000208616257,0.15620000660419464
YBR215W,YER014C-A,0,-0.12124708,0.06853397190570831,0.11500000208616257,0.15629999339580536
YOR153W,YPL275W,0,-0.1212869,0.06849315017461777,0.11500000208616257,0.15639999508857727
YNL029C,YDR252W,0,-0.12137008,0.0684523805975914,0.11500000208616257,0.15649999678134918
YMR284W,YDR176W,0,-0.121398285,0.06841166317462921,0.11500000208616257,0.1565999984741211
YKL073W,YBL004W,0,-0.12149708,0.0683709904551506,0.11500000208616257,0.156700000166893
YIL160C,YKR027W,0,-0.121634945,0.06833036243915558,0.11500000208616257,0.15680000185966492
YNR007C,YOL123W,0,-0.12175447,0.06828978657722473,0.11500000208616257,0.15690000355243683
YDR210W-B,YBR253W,0,-0.121787384,0.06824925541877747,0.11500000208616257,0.15700000524520874
YER042W,YDR093W,0,-0.12179151,0.06820877641439438,0.11500000208616257,0.15710000693798065
YEL056W,YPL276W,0,-0.12199435,0.06816834956407547,0.11500000208616257,0.15719999372959137
YDR013W,YKL178C,0,-0.12233445,0.06812795996665955,0.11500000208616257,0.15729999542236328
YJL176C,YCR010C,0,-0.12236984,0.0680876225233078,0.11500000208616257,0.1573999971151352
YLR329W,YGL012W,0,-0.12237485,0.06804733723402023,0.11500000208616257,0.1574999988079071
YER127W,YJR046W,0,-0.12255181,0.06800709664821625,0.11500000208616257,0.15760000050067902
YNL210W,YLR069C,0,-0.12264916,0.06796690076589584,0.11500000208616257,0.15770000219345093
YBL005W-A,YCR092C,0,-0.12270634,0.06792675703763962,0.11500000208616257,0.15780000388622284
YFR008W,YNL261W,0,-0.12272075,0.06788665801286697,0.11500000208616257,0.15790000557899475
YBR280C,YGR192C,0,-0.12273006,0.06784661114215851,0.11500000208616257,0.15800000727176666
YKR101W,YHR061C,0,-0.1227697,0.06780660152435303,0.11500000208616257,0.15809999406337738
YHR039C-B,YDR529C,0,-0.122897804,0.06776664406061172,0.11500000208616257,0.1581999957561493
YDR057W,YHR011W,0,-0.12315084,0.0677267387509346,0.11500000208616257,0.1582999974489212
YGR229C,YJR028W,0,-0.12318066,0.06768687814474106,0.11500000208616257,0.15839999914169312
YKL017C,YMR153W,0,-0.12319557,0.0676470622420311,0.11500000208616257,0.15850000083446503
YNR033W,YPL180W,0,-0.12331696,0.06760729104280472,0.11500000208616257,0.15860000252723694
YGL097W,YFL055W,0,-0.12332223,0.06756756454706192,0.11500000208616257,0.15870000422000885
YDR216W,YLR183C,1,-0.12340349,0.06811509281396866,0.11599999666213989,0.15870000422000885
YHR143W-A,YOR343W-B,0,-0.12360506,0.06807512044906616,0.11599999666213989,0.15880000591278076
YGL194C,YOL038W,0,-0.123742804,0.06803519278764725,0.11599999666213989,0.15889999270439148
YIL010W,YPR034W,0,-0.12375133,0.06799530982971191,0.11599999666213989,0.1589999943971634
YDR138W,YER160C,0,-0.12378582,0.06795547902584076,0.11599999666213989,0.1590999960899353
YPL257W-A,YLR353W,0,-0.123823225,0.06791569292545319,0.11599999666213989,0.15919999778270721
YDL059C,YGR014W,0,-0.12385595,0.0678759515285492,0.11599999666213989,0.15929999947547913
YML099C,YOR151C,0,-0.12392278,0.06783625483512878,0.11599999666213989,0.15940000116825104
YJL069C,YDR365W-B,0,-0.12409593,0.06779661029577255,0.11599999666213989,0.15950000286102295
YBR297W,YLR098C,1,-0.124187365,0.06834112107753754,0.11699999868869781,0.15950000286102295
YIL039W,YOL082W,0,-0.12422378,0.06830122321844101,0.11699999868869781,0.15960000455379486
YCR107W,YIL018W,0,-0.1242896,0.06826137751340866,0.11699999868869781,0.15970000624656677
YDR465C,YLR291C,0,-0.12433949,0.0682215765118599,0.11699999868869781,0.1597999930381775
YCR062W,YPR086W,0,-0.12447196,0.06818182021379471,0.11699999868869781,0.1598999947309494
YKL112W,YMR136W,1,-0.12457368,0.06872452050447464,0.11800000071525574,0.1598999947309494
YDR101C,YNL278W,0,-0.124598876,0.06868451833724976,0.11800000071525574,0.1599999964237213
YER072W,YNR075W,0,-0.124638185,0.06864456087350845,0.11800000071525574,0.16009999811649323
YNL059C,YBR164C,0,-0.12477672,0.06860464811325073,0.11800000071525574,0.16019999980926514
YGL213C,YPL268W,0,-0.124816775,0.06856478750705719,0.11800000071525574,0.16030000150203705
YHR157W,YGL115W,0,-0.124887556,0.06852497160434723,0.11800000071525574,0.16040000319480896
YPR007C,YFR024C,0,-0.12492165,0.06848520040512085,0.11800000071525574,0.16050000488758087
YDR135C,YJR077C,0,-0.12504959,0.06844547390937805,0.11800000071525574,0.16060000658035278
YDR210C-D,YGL106W,0,-0.1251322,0.06840579956769943,0.11800000071525574,0.1606999933719635
YDL100C,YDR018C,0,-0.12525679,0.0683661624789238,0.11800000071525574,0.1607999950647354
YBR278W,YEL034W,0,-0.12529069,0.06832657754421234,0.11800000071525574,0.16089999675750732
YGL227W,YOL012C,0,-0.12531586,0.06828703731298447,0.11800000071525574,0.16099999845027924
YBL020W,YER012W,0,-0.12555769,0.06824754178524017,0.11800000071525574,0.16110000014305115
YKL212W,YPR009W,0,-0.12555867,0.06820809096097946,0.11800000071525574,0.16120000183582306
YER008C,YPR171W,0,-0.12590483,0.06816869229078293,0.11800000071525574,0.16130000352859497
YKL043W,YGL071W,1,-0.12606801,0.0687066987156868,0.11900000274181366,0.16130000352859497
YLR016C,YDR437W,0,-0.12615985,0.06866705417633057,0.11900000274181366,0.16140000522136688
YGL070C,YNL029C,0,-0.12618294,0.06862745434045792,0.11900000274181366,0.1615000069141388
YDR088C,YHR214C-C,0,-0.12622301,0.06858789920806885,0.11900000274181366,0.1615999937057495
YDR361C,YAR018C,0,-0.12632357,0.06854838877916336,0.11900000274181366,0.16169999539852142
YPL175W,YNL247W,0,-0.12633458,0.06850892305374146,0.11900000274181366,0.16179999709129333
YOR371C,YBR026C,0,-0.12660989,0.06846950203180313,0.11900000274181366,0.16189999878406525
YGL246C,YDR065W,0,-0.12666924,0.06843013316392899,0.11900000274181366,0.16200000047683716
YHR150W,YGL122C,0,-0.12668657,0.06839080154895782,0.11900000274181366,0.16210000216960907
YIL085C,YFL002W-B,0,-0.12676843,0.06835152208805084,0.11900000274181366,0.16220000386238098
YMR149W,YMR213W,0,-0.1267819,0.06831228733062744,0.11900000274181366,0.1623000055551529
YOR192C-A,YOR040W,0,-0.12682296,0.06827308982610703,0.11900000274181366,0.1624000072479248
YDL077C,YJR013W,0,-0.12684792,0.06823394447565079,0.11900000274181366,0.16249999403953552
YBR216C,YNL247W,0,-0.12700169,0.06819484382867813,0.11900000274181366,0.16259999573230743
YIR033W,YMR212C,0,-0.127009,0.06815578788518906,0.11900000274181366,0.16269999742507935
YPR009W,YCL012W,0,-0.12704684,0.06811676919460297,0.11900000274181366,0.16279999911785126
YJL184W,YNL258C,0,-0.12710297,0.06807780265808105,0.11900000274181366,0.16290000081062317
YER052C,YER008C,0,-0.12713961,0.06803888082504272,0.11900000274181366,0.16300000250339508
YNL282W,YCR080W,0,-0.12714969,0.06800000369548798,0.11900000274181366,0.163100004196167
YDR435C,YDR465C,0,-0.12718776,0.06796116381883621,0.11900000274181366,0.1632000058889389
YPR031W,YER028C,0,-0.12746377,0.06792237609624863,0.11900000274181366,0.16329999268054962
YKR087C,YKL113C,0,-0.12750214,0.06788362562656403,0.11900000274181366,0.16339999437332153
YDL230W,YJR063W,0,-0.12753126,0.0678449273109436,0.11900000274181366,0.16349999606609344
YBL002W,YBR084W,0,-0.12754135,0.06780626624822617,0.11900000274181366,0.16359999775886536
YLR189C,YJR093C,0,-0.12758482,0.0677676573395729,0.11900000274181366,0.16369999945163727
YJR028W,YMR296C,0,-0.1276943,0.06772908568382263,0.11900000274181366,0.16380000114440918
YIR008C,YMR207C,0,-0.1277199,0.06769055873155594,0.11900000274181366,0.1639000028371811
YEL031W,YDL111C,0,-0.12777713,0.06765207648277283,0.11900000274181366,0.164000004529953
YGL158W,YLR157C,0,-0.12783337,0.0676136389374733,0.11900000274181366,0.16410000622272491
YHR124W,YFL031W,1,-0.12797359,0.0681430995464325,0.11999999731779099,0.16410000622272491
YIR009W,YGR152C,0,-0.12799196,0.06810442358255386,0.11999999731779099,0.16419999301433563
YOR304W,YLR085C,0,-0.12801094,0.06806579977273941,0.11999999731779099,0.16429999470710754
YER166W,YNL047C,0,-0.12831555,0.06802721321582794,0.11999999731779099,0.16439999639987946
YBR164C,YDR080W,0,-0.128334,0.06798867136240005,0.11999999731779099,0.16449999809265137
YDR058C,YNR056C,0,-0.12835778,0.06795016676187515,0.11999999731779099,0.16459999978542328
YPL233W,YIL150C,0,-0.12835974,0.06791171431541443,0.11999999731779099,0.1647000014781952
YGR253C,YCL001W,0,-0.12846936,0.06787330657243729,0.11999999731779099,0.1648000031709671
YGL104C,YLR136C,0,-0.12852931,0.06783493608236313,0.11999999731779099,0.164900004863739
YKL073W,YAL025C,0,-0.12856999,0.06779661029577255,0.11999999731779099,0.16500000655651093
YHR079C-B,YHR006W,0,-0.1285852,0.06775832921266556,0.11999999731779099,0.16509999334812164
YCL060C,YOR348C,0,-0.12878527,0.06772009283304214,0.11999999731779099,0.16519999504089355
YIL140W,YNL068C,0,-0.12883106,0.06768189370632172,0.11999999731779099,0.16529999673366547
YMR202W,YAR031W,0,-0.12888964,0.06764373928308487,0.11999999731779099,0.16539999842643738
YCL003W,YDL145C,0,-0.12889707,0.0676056370139122,0.11999999731779099,0.1655000001192093
YLR227W-A,YNL293W,0,-0.12895556,0.06756756454706192,0.11999999731779099,0.1656000018119812
YBR162C,YDR310C,0,-0.12898034,0.06752954423427582,0.11999999731779099,0.1657000035047531
YAL025C,YMR022W,0,-0.12909761,0.0674915611743927,0.11999999731779099,0.16580000519752502
YBL078C,YPR158C-C,0,-0.12923345,0.06745362281799316,0.11999999731779099,0.16590000689029694
YDL225W,YML039W,0,-0.12925741,0.06741572916507721,0.11999999731779099,0.16599999368190765
YIL066C,YOR014W,0,-0.12928401,0.06737788021564484,0.11999999731779099,0.16609999537467957
YJR004C,YOL027C,0,-0.1294137,0.06734006851911545,0.11999999731779099,0.16619999706745148
YGL135W,YDR492W,0,-0.12941916,0.06730230152606964,0.11999999731779099,0.1662999987602234
YDL040C,YGL207W,0,-0.12943846,0.06726457178592682,0.11999999731779099,0.1664000004529953
YKL004W,YNL071W,0,-0.12944564,0.06722689419984818,0.11999999731779099,0.1665000021457672
YDR077W,YNR044W,0,-0.12951349,0.06718924641609192,0.11999999731779099,0.16660000383853912
YGR261C,YHR194W,0,-0.12956911,0.06715165078639984,0.11999999731779099,0.16670000553131104
YBR278W,YML008C,0,-0.12961642,0.06711409240961075,0.11999999731779099,0.16680000722408295
YNL119W,YGR217W,0,-0.12963466,0.06707657873630524,0.11999999731779099,0.16689999401569366
YIL077C,YMR050C,0,-0.12971331,0.0670391097664833,0.11999999731779099,0.16699999570846558
YAL024C,YCR080W,0,-0.12990536,0.06700167804956436,0.11999999731779099,0.1670999974012375
YAL012W,YFL024C,0,-0.12990919,0.0669642835855484,0.11999999731779099,0.1671999990940094
YNL082W,YDR261W-A,0,-0.13017829,0.06692694127559662,0.11999999731779099,0.1673000007867813
YDR389W,YMR079W,0,-0.1302839,0.06688962876796722,0.11999999731779099,0.16740000247955322
YAR010C,YBL069W,0,-0.13030824,0.06685236841440201,0.11999999731779099,0.16750000417232513
YER042W,YJL104W,0,-0.13030839,0.06681514531373978,0.11999999731779099,0.16760000586509705
YDR329C,YMR276W,0,-0.13032407,0.06677796691656113,0.11999999731779099,0.16769999265670776
YPL093W,YLR047C,0,-0.13032903,0.06674082577228546,0.11999999731779099,0.16779999434947968
YDR261C-D,YOR241W,0,-0.1304006,0.06670372188091278,0.11999999731779099,0.1678999960422516
YDR527W,YCL012W,0,-0.13050523,0.06666667014360428,0.11999999731779099,0.1679999977350235
YOR305W,YER044C,0,-0.13050777,0.06662964820861816,0.11999999731779099,0.1680999994277954
YGR027W-A,YBR072W,0,-0.13051175,0.06659267842769623,0.11999999731779099,0.16820000112056732
YJR009C,YEL056W,0,-0.13054024,0.06655573844909668,0.11999999731779099,0.16830000281333923
YFR046C,YPR162C,0,-0.13054541,0.06651885062456131,0.11999999731779099,0.16840000450611115
YIL009C-A,YNL127W,0,-0.13069992,0.06648199260234833,0.11999999731779099,0.16850000619888306
YGR121C,YNL201C,0,-0.13070521,0.06644517928361893,0.11999999731779099,0.16859999299049377
YNL020C,YOL078W,0,-0.13075233,0.06640841066837311,0.11999999731779099,0.16869999468326569
YDR079C-A,YDL247W,0,-0.13092257,0.06637167930603027,0.11999999731779099,0.1687999963760376
YOR274W,YBL004W,0,-0.13104993,0.06633499264717102,0.11999999731779099,0.1688999980688095
YBL100W-A,YBL082C,0,-0.13105394,0.06629834324121475,0.11999999731779099,0.16899999976158142
YPL256C,YMR237W,0,-0.13112408,0.06626173108816147,0.11999999731779099,0.16910000145435333
YMR237W,YOR221C,0,-0.13114037,0.06622516363859177,0.11999999731779099,0.16920000314712524
YLR350W,YMR112C,0,-0.13114361,0.06618864089250565,0.11999999731779099,0.16930000483989716
YHR089C,YDL117W,0,-0.13120271,0.06615214794874191,0.11999999731779099,0.16940000653266907
YJL076W,YNL126W,0,-0.13129796,0.06611569970846176,0.11999999731779099,0.16949999332427979
YNL098C,YER087C-A,0,-0.13132289,0.06607929617166519,0.11999999731779099,0.1695999950170517
YOR133W,YBL004W,0,-0.13143434,0.0660429298877716,0.11999999731779099,0.1696999967098236
YBL030C,YDR170W-A,0,-0.13162118,0.066006600856781,0.11999999731779099,0.16979999840259552
YDR045C,YCR058C,0,-0.13172159,0.06597031652927399,0.11999999731779099,0.16990000009536743
YNL145W,YDR418W,0,-0.13172214,0.06593406945466995,0.11999999731779099,0.17000000178813934
YJR120W,YGR142W,0,-0.13187146,0.0658978596329689,0.11999999731779099,0.17010000348091125
YGR272C,YER008C,0,-0.1318726,0.06586168706417084,0.11999999731779099,0.17020000517368317
YDR314C,YLR448W,0,-0.1318853,0.06582555919885635,0.11999999731779099,0.17030000686645508
YGR170W,YAR033W,0,-0.13190457,0.06578947603702545,0.11999999731779099,0.1703999936580658
YFR036W,YEL057C,0,-0.13208412,0.06575342267751694,0.11999999731779099,0.1704999953508377
YLL040C,YER107C,0,-0.1321328,0.065717414021492,0.11999999731779099,0.17059999704360962
YLR035C-A,YLR410W,0,-0.13221662,0.06568144261837006,0.11999999731779099,0.17069999873638153
YNR033W,YEL036C,0,-0.13225575,0.06564551591873169,0.11999999731779099,0.17080000042915344
YDR082W,YKL144C,0,-0.1325161,0.06560961902141571,0.11999999731779099,0.17090000212192535
YKL185W,YJL012C-A,0,-0.13258699,0.06557376682758331,0.11999999731779099,0.17100000381469727
YOR274W,YER044C,0,-0.13261448,0.0655379593372345,0.11999999731779099,0.17110000550746918
YEL066W,YNL243W,0,-0.13270786,0.06550218164920807,0.11999999731779099,0.1712000072002411
YNL046W,YKL080W,0,-0.13274114,0.06546644866466522,0.11999999731779099,0.1712999939918518
YFL029C,YBR158W,0,-0.1327512,0.06543075293302536,0.11999999731779099,0.17139999568462372
YLR355C,YGL143C,0,-0.13278992,0.06539509445428848,0.11999999731779099,0.17149999737739563
YPL011C,YMR101C,0,-0.13301754,0.06535948067903519,0.11999999731779099,0.17159999907016754
YDR200C,YPR002W,0,-0.13312477,0.06532389670610428,0.11999999731779099,0.17170000076293945
YMR314W,YML114C,0,-0.13316035,0.06528835743665695,0.11999999731779099,0.17180000245571136
YKL026C,YLR418C,0,-0.13316272,0.06525285542011261,0.11999999731779099,0.17190000414848328
YDR306C,YKL179C,0,-0.13322763,0.06521739065647125,0.11999999731779099,0.1720000058412552
YNL245C,YGL046W,0,-0.13323076,0.06518196314573288,0.11999999731779099,0.1720999926328659
YFL037W,YOR047C,0,-0.13339254,0.06514658033847809,0.11999999731779099,0.17219999432563782
YCR012W,YGR072W,0,-0.13339537,0.06511123478412628,0.11999999731779099,0.17229999601840973
YER133W,YGL222C,0,-0.13360222,0.06507591903209686,0.11999999731779099,0.17239999771118164
YOL044W,YHR039C,0,-0.13368492,0.06504064798355103,0.11999999731779099,0.17249999940395355
YFR004W,YPL098C,0,-0.13368739,0.06500541418790817,0.11999999731779099,0.17260000109672546
YIR013C,YOR032C,1,-0.13386057,0.06551164388656616,0.12099999934434891,0.17260000109672546
YIL124W,YFL056C,0,-0.1339639,0.065476194024086,0.12099999934434891,0.17270000278949738
YML060W,YIR006C,0,-0.13402711,0.06544078141450882,0.12099999934434891,0.1728000044822693
YNR034W,YEL057C,0,-0.13402943,0.06540540605783463,0.12099999934434891,0.1729000061750412
YBR080C,YMR312W,0,-0.1340768,0.06537006795406342,0.12099999934434891,0.17299999296665192
YIR025W,YPL028W,0,-0.13414013,0.06533477455377579,0.12099999934434891,0.17309999465942383
YLR133W,YDR527W,0,-0.13422191,0.06529951095581055,0.12099999934434891,0.17319999635219574
YEL036C,YCL003W,0,-0.13426231,0.06526429206132889,0.12099999934434891,0.17329999804496765
YBR085W,YJL021C,0,-0.13437517,0.06522911041975021,0.12099999934434891,0.17339999973773956
YPR086W,YML093W,0,-0.13442053,0.06519396603107452,0.12099999934434891,0.17350000143051147
YNL078W,YIL160C,0,-0.13442715,0.06515885889530182,0.12099999934434891,0.1736000031232834
YDR527W,YJR022W,0,-0.13445644,0.0651237890124321,0.12099999934434891,0.1737000048160553
YGL096W,YHR206W,1,-0.13457292,0.06562668085098267,0.12200000137090683,0.1737000048160553
YLR183C,YLR014C,1,-0.13482296,0.06612902879714966,0.12300000339746475,0.1737000048160553
YIL131C,YJL207C,0,-0.13507348,0.06609349697828293,0.12300000339746475,0.1738000065088272
YKL143W,YPR158C-D,0,-0.1351181,0.06605800241231918,0.12300000339746475,0.17389999330043793
YGR204W,YCR080W,0,-0.13515043,0.06602254509925842,0.12300000339746475,0.17399999499320984
YCR094W,YCL005W-A,0,-0.13515788,0.06598712503910065,0.12300000339746475,0.17409999668598175
YML057W,YNL248C,0,-0.13516513,0.06595174223184586,0.12300000339746475,0.17419999837875366
YBR182C,YLR098C,1,-0.1352582,0.06645230203866959,0.12399999797344208,0.17419999837875366
YML131W,YPR020W,0,-0.13532852,0.06641671061515808,0.12399999797344208,0.17430000007152557
YPR072W,YBR298C,0,-0.1353616,0.06638115644454956,0.12399999797344208,0.17440000176429749
YBR035C,YER030W,0,-0.1354132,0.06634563952684402,0.12399999797344208,0.1745000034570694
YDR082W,YKR036C,0,-0.13567157,0.06631015986204147,0.12399999797344208,0.1746000051498413
YBR207W,YPL091W,0,-0.13568623,0.0662747174501419,0.12399999797344208,0.17470000684261322
YER160C,YJR040W,0,-0.13568741,0.06623931974172592,0.12399999797344208,0.17479999363422394
YOL139C,YGR289C,0,-0.13569485,0.06620395183563232,0.12399999797344208,0.17489999532699585
YKL070W,YGL191W,0,-0.13609178,0.06616862118244171,0.12399999797344208,0.17499999701976776
YDL098C,YPL228W,0,-0.13610952,0.06613333523273468,0.12399999797344208,0.17509999871253967
YDR013W,YLR109W,0,-0.13624147,0.06609807908535004,0.12399999797344208,0.17520000040531158
YGR027W-A,YCR039C,0,-0.13642694,0.06606286764144897,0.12399999797344208,0.1753000020980835
YCR061W,YIL149C,0,-0.13649434,0.0660276859998703,0.12399999797344208,0.1754000037908554
YNR033W,YBR022W,0,-0.13649918,0.06599254906177521,0.12399999797344208,0.17550000548362732
YNL233W,YHR079C-B,0,-0.13659166,0.0659574493765831,0.12399999797344208,0.17560000717639923
YNR058W,YCL001W,0,-0.13671376,0.06592237949371338,0.12399999797344208,0.17569999396800995
YJL074C,YLL043W,0,-0.13676825,0.06588735431432724,0.12399999797344208,0.17579999566078186
YGR027W-A,YHR167W,0,-0.13686322,0.06585236638784409,0.12399999797344208,0.17589999735355377
YNL046W,YOL095C,0,-0.13686666,0.06581740826368332,0.12399999797344208,0.17599999904632568
YKR095W,YPR032W,0,-0.13689005,0.06578249484300613,0.12399999797344208,0.1761000007390976
YPR182W,YDR210W-B,0,-0.13711253,0.06574761122465134,0.12399999797344208,0.1762000024318695
YNL232W,YDR409W,0,-0.13713403,0.06571277230978012,0.12399999797344208,0.17630000412464142
YNL216W,YLR098C,1,-0.13717127,0.06620762497186661,0.125,0.17630000412464142
YDR392W,YCR026C,0,-0.13718487,0.06617257744073868,0.125,0.17640000581741333
YMR216C,YNL258C,0,-0.13729674,0.06613756716251373,0.125,0.17649999260902405
YGR241C,YNR056C,0,-0.13741346,0.06610259413719177,0.125,0.17659999430179596
YKL101W,YDR103W,0,-0.13746043,0.0660676509141922,0.125,0.17669999599456787
YPR055W,YHR086W,0,-0.13754871,0.06603275239467621,0.125,0.17679999768733978
YKL173W,YEL071W,0,-0.13767032,0.0659978911280632,0.125,0.1768999993801117
YKL055C,YDR339C,0,-0.13768907,0.06596305966377258,0.125,0.1770000010728836
YJL042W,YPL096C-A,0,-0.13778293,0.06592827290296555,0.125,0.17710000276565552
YIL101C,YLR014C,1,-0.1379756,0.06642066687345505,0.12600000202655792,0.17710000276565552
YLR068W,YPL257W-B,0,-0.1380285,0.0663856714963913,0.12600000202655792,0.17720000445842743
YLR403W,YLR183C,1,-0.13817729,0.06687730550765991,0.12700000405311584,0.17720000445842743
YDR545W,YOL026C,0,-0.13832754,0.06684210896492004,0.12700000405311584,0.17730000615119934
YNR023W,YER016W,0,-0.1383573,0.06680694222450256,0.12700000405311584,0.17739999294281006
YGL246C,YOR160W,0,-0.13840751,0.06677182018756866,0.12700000405311584,0.17749999463558197
YOR349W,YKL185W,0,-0.13862558,0.06673672795295715,0.12700000405311584,0.17759999632835388
YML057W,YER159C,0,-0.13864386,0.06670168042182922,0.12700000405311584,0.1776999980211258
YCL069W,YOR103C,0,-0.13869733,0.06666667014360428,0.12700000405311584,0.1777999997138977
YGL252C,YCL012W,0,-0.13870879,0.06663168966770172,0.12700000405311584,0.17790000140666962
YCR062W,YMR008C,0,-0.13884495,0.06659674644470215,0.12700000405311584,0.17800000309944153
YDL160C,YGL168W,0,-0.13886449,0.06656184792518616,0.12700000405311584,0.17810000479221344
YIL056W,YBL102W,0,-0.1390449,0.06652697920799255,0.12700000405311584,0.17820000648498535
YIL056W,YMR184W,0,-0.1390762,0.06649214774370193,0.12700000405311584,0.17829999327659607
YBL100W-B,YBR179C,0,-0.13913888,0.0664573535323143,0.12700000405311584,0.17839999496936798
YKL195W,YOR156C,0,-0.1391579,0.06642259657382965,0.12700000405311584,0.1784999966621399
YLR227W-A,YLR467W,0,-0.13916574,0.06638786941766739,0.12700000405311584,0.1785999983549118
YNL079C,YJR006W,0,-0.13917765,0.06635318696498871,0.12700000405311584,0.17870000004768372
YHR186C,YDR420W,0,-0.13932848,0.06631853431463242,0.12700000405311584,0.17880000174045563
YFL011W,YHR006W,0,-0.13955137,0.0662839263677597,0.12700000405311584,0.17890000343322754
YPL200W,YLR216C,0,-0.1395559,0.06624934822320938,0.12700000405311584,0.17900000512599945
YBR119W,YLL056C,0,-0.13957228,0.06621480733156204,0.12700000405311584,0.17910000681877136
YBR297W,YLR013W,1,-0.13963664,0.06670140475034714,0.12800000607967377,0.17910000681877136
YDR353W,YOL080C,0,-0.13964306,0.06666667014360428,0.12800000607967377,0.17919999361038208
YPL046C,YHL040C,0,-0.13966295,0.06663196533918381,0.12800000607967377,0.179299995303154
YIL150C,YCR080W,0,-0.13967553,0.06659729778766632,0.12800000607967377,0.1793999969959259
YCL040W,YOR315W,0,-0.1397289,0.06656266003847122,0.12800000607967377,0.17949999868869781
YIL080W,YKL034W,0,-0.13976625,0.0665280669927597,0.12800000607967377,0.17960000038146973
YGR033C,YPR201W,0,-0.13983865,0.06649350374937057,0.12800000607967377,0.17970000207424164
YBL100W-A,YER145C,0,-0.13984746,0.06645898520946503,0.12800000607967377,0.17980000376701355
YKR095W,YCR060W,0,-0.13986687,0.06642449647188187,0.12800000607967377,0.17990000545978546
YER107C,YPR119W,0,-0.13993286,0.06639004498720169,0.12800000607967377,0.18000000715255737
YPL128C,YGL254W,1,-0.1399799,0.06687402725219727,0.1289999932050705,0.18000000715255737
YNL210W,YIL063C,0,-0.14010544,0.06683937460184097,0.1289999932050705,0.1800999939441681
YKL200C,YNL021W,0,-0.14012642,0.06680476665496826,0.1289999932050705,0.18019999563694
YGR274C,YDL231C,0,-0.14013012,0.06677018851041794,0.1289999932050705,0.18029999732971191
YNL284C-B,YGR033C,0,-0.140181,0.0667356476187706,0.1289999932050705,0.18039999902248383
YOL121C,YNL186W,0,-0.14023913,0.06670113652944565,0.1289999932050705,0.18050000071525574
YGR152C,YJL170C,0,-0.140429,0.06666667014360428,0.1289999932050705,0.18060000240802765
YDR425W,YCL060C,0,-0.14050226,0.0666322335600853,0.1289999932050705,0.18070000410079956
YPR031W,YGR274C,0,-0.14085197,0.0665978342294693,0.1289999932050705,0.18080000579357147
YLR312C-B,YDR292C,0,-0.14097524,0.06656346470117569,0.1289999932050705,0.1808999925851822
YOR095C,YDR297W,0,-0.14107297,0.06652913987636566,0.1289999932050705,0.1809999942779541
YDR436W,YDL093W,0,-0.1410733,0.06649484485387802,0.1289999932050705,0.181099995970726
YER029C,YER178W,0,-0.14120045,0.06646058708429337,0.1289999932050705,0.18119999766349792
YLR423C,YJL092W,0,-0.14122492,0.0664263665676117,0.1289999932050705,0.18129999935626984
YGR038C-B,YDR331W,0,-0.14133829,0.06639217585325241,0.1289999932050705,0.18140000104904175
YMR060C,YOR156C,0,-0.14135194,0.06635802239179611,0.1289999932050705,0.18150000274181366
YLR328W,YAL068C,0,-0.14138846,0.0663239061832428,0.1289999932050705,0.18160000443458557
YMR117C,YEL069C,0,-0.14146629,0.06628982722759247,0.1289999932050705,0.18170000612735748
YOR057W,YLR301W,0,-0.14161575,0.06625577807426453,0.1289999932050705,0.1817999929189682
YEL056W,YPL016W,0,-0.14164919,0.06622176617383957,0.1289999932050705,0.1818999946117401
YDR457W,YPL283C,0,-0.14167455,0.0661877915263176,0.1289999932050705,0.18199999630451202
YPR036W,YHR079C-A,0,-0.14170796,0.06615384668111801,0.1289999932050705,0.18209999799728394
YEL031W,YDR170W-A,0,-0.14172526,0.06611993908882141,0.1289999932050705,0.18219999969005585
YLR383W,YOR178C,0,-0.14180024,0.0660860687494278,0.1289999932050705,0.18230000138282776
YLR071C,YKL170W,0,-0.14187242,0.06605222821235657,0.1289999932050705,0.18240000307559967
YNL172W,YGL008C,0,-0.14200138,0.06601842492818832,0.1289999932050705,0.18250000476837158
YDR086C,YOR343W-B,0,-0.14207707,0.06598465144634247,0.1289999932050705,0.1826000064611435
YNL062C,YDR337W,0,-0.14222576,0.0659509226679802,0.1289999932050705,0.1826999932527542
YDR214W,YCL005W-A,0,-0.14231993,0.06591722369194031,0.1289999932050705,0.18279999494552612
YCL075W,YJR065C,0,-0.14237456,0.06588355451822281,0.1289999932050705,0.18289999663829803
YJL053W,YGL086W,0,-0.14240654,0.0658499225974083,0.1289999932050705,0.18299999833106995
YPR095C,YKL186C,0,-0.14243369,0.06581632792949677,0.1289999932050705,0.18310000002384186
YLR391W-A,YNL073W,0,-0.14248763,0.06578276306390762,0.1289999932050705,0.18320000171661377
YFR014C,YPL268W,0,-0.14251004,0.06574923545122147,0.1289999932050705,0.18330000340938568
YLR410W-A,YNR030W,0,-0.14251243,0.0657157376408577,0.1289999932050705,0.1834000051021576
YPR054W,YDR147W,0,-0.14261767,0.06568228453397751,0.1289999932050705,0.1835000067949295
YGL233W,YHR214C-C,0,-0.14267533,0.06564885377883911,0.1289999932050705,0.18359999358654022
YPL048W,YPR134W,0,-0.14287679,0.0656154602766037,0.1289999932050705,0.18369999527931213
YLR391W,YGL053W,0,-0.14295906,0.06558210402727127,0.1289999932050705,0.18379999697208405
YPL233W,YCL026C-A,0,-0.1429924,0.06554877758026123,0.1289999932050705,0.18389999866485596
YNL030W,YBL080C,0,-0.1430202,0.06551548838615417,0.1289999932050705,0.18400000035762787
YLR130C,YMR138W,0,-0.1430417,0.0654822364449501,0.1289999932050705,0.18410000205039978
YHL009C,YLR098C,1,-0.14308402,0.06595636904239655,0.12999999523162842,0.18410000205039978
YDR450W,YHR214C-B,0,-0.14342359,0.06592292338609695,0.12999999523162842,0.1842000037431717
YOR160W,YML019W,0,-0.14346518,0.06588950753211975,0.12999999523162842,0.1843000054359436
YCL075W,YHR075C,0,-0.14360797,0.06585612893104553,0.12999999523162842,0.18440000712871552
YNL023C,YHR124W,1,-0.14360902,0.06632911413908005,0.13099999725818634,0.18440000712871552
YJL058C,YPL120W,0,-0.14363158,0.0662955492734909,0.13099999725818634,0.18449999392032623
YOR126C,YCR094W,0,-0.14392154,0.06626201421022415,0.13099999725818634,0.18459999561309814
YLR377C,YNL199C,0,-0.1440596,0.06622851639986038,0.13099999725818634,0.18469999730587006
YOR304W,YJL004C,0,-0.14419232,0.066195048391819,0.13099999725818634,0.18479999899864197
YOL147C,YPR133W-A,0,-0.14431183,0.0661616176366806,0.13099999725818634,0.18490000069141388
YLR346C,YNR075W,0,-0.14433177,0.0661282166838646,0.13099999725818634,0.1850000023841858
YNL201C,YBR119W,0,-0.14446667,0.06609485298395157,0.13099999725818634,0.1851000040769577
YDL051W,YDR264C,0,-0.14454752,0.06606152653694153,0.13099999725818634,0.18520000576972961
YFL031W,YOR032C,1,-0.14456844,0.06653226166963577,0.13199999928474426,0.18520000576972961
YHR079C-B,YGL210W-A,0,-0.14457104,0.06649874150753021,0.13199999928474426,0.18529999256134033
YGL158W,YDR328C,0,-0.14460583,0.06646525859832764,0.13199999928474426,0.18539999425411224
YMR059W,YIL114C,0,-0.14461412,0.06643180549144745,0.13199999928474426,0.18549999594688416
YDR097C,YDR424C,0,-0.14472198,0.06639838963747025,0.13199999928474426,0.18559999763965607
YDR181C,YHR098C,0,-0.14475645,0.06636501103639603,0.13199999928474426,0.18569999933242798
YPR055W,YDR115W,0,-0.14491901,0.0663316547870636,0.13199999928474426,0.1858000010251999
YJL146W,YNL279W,0,-0.14504904,0.06629834324121475,0.13199999928474426,0.1859000027179718
YNL029C,YJL012C-A,0,-0.14507121,0.0662650614976883,0.13199999928474426,0.1860000044107437
YKR060W,YJR119C,0,-0.14512424,0.06623180955648422,0.13199999928474426,0.18610000610351562
YFL013C,YDL137W,0,-0.14517055,0.06619859486818314,0.13199999928474426,0.18619999289512634
YMR241W,YPL091W,0,-0.14518867,0.06616540998220444,0.13199999928474426,0.18629999458789825
YGR120C,YIL110W,0,-0.14554168,0.06613226234912872,0.13199999928474426,0.18639999628067017
YAL024C,YMR165C,0,-0.14554594,0.066099151968956,0.13199999928474426,0.18649999797344208
YJL005W,YPL275W,0,-0.1456102,0.06606606394052505,0.13199999928474426,0.186599999666214
YLL035W,YGR119C,0,-0.14563394,0.0660330131649971,0.13199999928474426,0.1867000013589859
YDR316W-B,YLR423C,0,-0.1456617,0.06599999964237213,0.13199999928474426,0.1868000030517578
YOL067C,YML059C,0,-0.14569455,0.06596701592206955,0.13199999928474426,0.18690000474452972
YJL176C,YOL034W,0,-0.14573771,0.06593406945466995,0.13199999928474426,0.18700000643730164
YCR042C,YAR044W,0,-0.14582257,0.06590114533901215,0.13199999928474426,0.18709999322891235
YBR143C,YPL257W-B,0,-0.1458246,0.06586826592683792,0.13199999928474426,0.18719999492168427
YGL178W,YCR058C,0,-0.14588568,0.06583540886640549,0.13199999928474426,0.18729999661445618
YDR532C,YMR050C,0,-0.1459367,0.06580258905887604,0.13199999928474426,0.1873999983072281
YLR242C,YMR224C,0,-0.1460312,0.06576980650424957,0.13199999928474426,0.1875
YOR266W,YER178W,0,-0.14604239,0.0657370537519455,0.13199999928474426,0.1876000016927719
YER166W,YMR059W,0,-0.14610656,0.0657043308019638,0.13199999928474426,0.18770000338554382
YBL040C,YMR197C,0,-0.14611502,0.0656716451048851,0.13199999928474426,0.18780000507831573
YJR078W,YGL129C,0,-0.14612691,0.06563898921012878,0.13199999928474426,0.18790000677108765
YHR085W,YDR261C-D,0,-0.14616388,0.06560636311769485,0.13199999928474426,0.18799999356269836
YKL200C,YGL169W,0,-0.14616412,0.06557376682758331,0.13199999928474426,0.18809999525547028
YPL259C,YDR295C,0,-0.14636327,0.06554121524095535,0.13199999928474426,0.1881999969482422
YPR112C,YGL213C,0,-0.14638446,0.06550868600606918,0.13199999928474426,0.1882999986410141
YJL099W,YPR179C,0,-0.14639767,0.065476194024086,0.13199999928474426,0.188400000333786
YLR263W,YPR121W,0,-0.14643337,0.0654437318444252,0.13199999928474426,0.18850000202655792
YPL123C,YNL051W,0,-0.14649913,0.06541129946708679,0.13199999928474426,0.18860000371932983
YDR188W,YHR075C,0,-0.14651045,0.06537889689207077,0.13199999928474426,0.18870000541210175
YPL007C,YOR100C,0,-0.14653516,0.06534653156995773,0.13199999928474426,0.18880000710487366
YLR133W,YER087C-A,0,-0.14655948,0.06531420350074768,0.13199999928474426,0.18889999389648438
YER040W,YPL128C,1,-0.14657304,0.06577645987272263,0.13300000131130219,0.18889999389648438
YPL089C,YPR164W,0,-0.14658533,0.06574394553899765,0.13300000131130219,0.1889999955892563
YJR160C,YNR019W,0,-0.14659663,0.06571146100759506,0.13300000131130219,0.1890999972820282
YMR004W,YBR162C,0,-0.1466158,0.06567901372909546,0.13300000131130219,0.1891999989748001
YML043C,YDL232W,0,-0.14672364,0.06564659625291824,0.13300000131130219,0.18930000066757202
YMR051C,YOR063W,0,-0.14674027,0.06561420857906342,0.13300000131130219,0.18940000236034393
YDR096W,YIR013C,1,-0.14675145,0.06607495248317719,0.1340000033378601,0.18940000236034393
YNL233W,YGL004C,0,-0.1468223,0.06604238599538803,0.1340000033378601,0.18950000405311584
YGR004W,YBR048W,0,-0.14683113,0.06600984930992126,0.1340000033378601,0.18960000574588776
YLR221C,YKR063C,0,-0.1468376,0.06597734987735748,0.1340000033378601,0.18970000743865967
YDR375C,YGR145W,0,-0.1470357,0.06594488024711609,0.1340000033378601,0.18979999423027039
YHR030C,YPL135W,0,-0.1470701,0.06591244786977768,0.1340000033378601,0.1898999959230423
YOR274W,YOR210W,0,-0.14708331,0.06588003784418106,0.1340000033378601,0.1899999976158142
YCL034W,YOR020C,0,-0.14723663,0.06584766507148743,0.1340000033378601,0.19009999930858612
YNL046W,YBL035C,0,-0.14725123,0.06581532210111618,0.1340000033378601,0.19020000100135803
YNL304W,YDR512C,0,-0.1472937,0.06578301638364792,0.1340000033378601,0.19030000269412994
YPR034W,YDL178W,0,-0.14732413,0.06575073301792145,0.1340000033378601,0.19040000438690186
YNL244C,YGL210W-A,0,-0.14737664,0.06571848690509796,0.1340000033378601,0.19050000607967377
YOR212W,YOR142W-B,0,-0.14738648,0.06568627804517746,0.1340000033378601,0.19059999287128448
YMR133W,YCL059C,0,-0.14740285,0.06565409153699875,0.1340000033378601,0.1906999945640564
YLR459W,YDR027C,0,-0.14743094,0.06562194228172302,0.1340000033378601,0.1907999962568283
YIL095W,YPL051W,0,-0.1474323,0.06558981537818909,0.1340000033378601,0.19089999794960022
YGL158W,YOR179C,0,-0.14749083,0.06555773317813873,0.1340000033378601,0.19099999964237213
YBR170C,YPL161C,0,-0.14769001,0.06552567332983017,0.1340000033378601,0.19110000133514404
YPR049C,YDR115W,0,-0.14770573,0.065493643283844,0.1340000033378601,0.19120000302791595
YCL061C,YLR376C,0,-0.14771323,0.0654616504907608,0.1340000033378601,0.19130000472068787
YMR008C,YDR195W,0,-0.1477583,0.0654296875,0.1340000033378601,0.19140000641345978
YER036C,YKL185W,0,-0.14787753,0.06539775431156158,0.1340000033378601,0.1914999932050705
YCL034W,YCL016C,0,-0.14787912,0.06536585092544556,0.1340000033378601,0.1915999948978424
YDR034C-D,YGR123C,0,-0.14788587,0.06533398479223251,0.1340000033378601,0.19169999659061432
YML131W,YDR261W-A,0,-0.14788587,0.06530214101076126,0.1340000033378601,0.19179999828338623
YCR098C,YJL041W,0,-0.14798199,0.065270334482193,0.1340000033378601,0.19189999997615814
YPL242C,YNL053W,0,-0.14801873,0.06523855775594711,0.1340000033378601,0.19200000166893005
YLR405W,YIL040W,0,-0.14809747,0.06520681083202362,0.1340000033378601,0.19210000336170197
YLR342W,YHR172W,0,-0.1481243,0.06517509371042252,0.1340000033378601,0.19220000505447388
YEL053C,YOL065C,0,-0.14812957,0.0651434138417244,0.1340000033378601,0.1923000067472458
YGL092W,YJR083C,0,-0.14815985,0.06511175632476807,0.1340000033378601,0.1923999935388565
YDR216W,YLR098C,1,-0.14821012,0.0655658096075058,0.13500000536441803,0.1923999935388565
YNL023C,YOR032C,1,-0.14826976,0.06601941585540771,0.13600000739097595,0.1923999935388565
YKL062W,YDR501W,1,-0.14845411,0.06647258251905441,0.13699999451637268,0.1923999935388565
YOL045W,YBL003C,0,-0.14855392,0.06644035130739212,0.13699999451637268,0.19249999523162842
YOL004W,YAR019C,0,-0.14857225,0.06640814244747162,0.13699999451637268,0.19259999692440033
YLR312C-B,YPR135W,0,-0.14858027,0.0663759708404541,0.13699999451637268,0.19269999861717224
YNL210W,YPL171C,0,-0.14866868,0.06634382903575897,0.13699999451637268,0.19280000030994415
YGR161C-C,YBR196C,0,-0.14869742,0.06631171703338623,0.13699999451637268,0.19290000200271606
YBR057C,YHR053C,0,-0.14884943,0.06627963483333588,0.13699999451637268,0.19300000369548798
YNL248C,YCR066W,0,-0.14904264,0.06624758243560791,0.13699999451637268,0.1931000053882599
YLR403W,YLR098C,1,-0.1490639,0.06669888645410538,0.1379999965429306,0.1931000053882599
YPL016W,YHR023W,0,-0.14907078,0.06666667014360428,0.1379999965429306,0.1932000070810318
YLR410W-A,YPL160W,0,-0.14907198,0.06663447618484497,0.1379999965429306,0.19329999387264252
YDR472W,YKL074C,0,-0.14907248,0.06660231947898865,0.1379999965429306,0.19339999556541443
YGL028C,YFL003C,0,-0.1491432,0.06657018512487411,0.1379999965429306,0.19349999725818634
YNL004W,YLR009W,0,-0.14928833,0.06653808802366257,0.1379999965429306,0.19359999895095825
YBL020W,YBL093C,0,-0.14933422,0.06650602072477341,0.1379999965429306,0.19370000064373016
YNL023C,YHR178W,1,-0.14936118,0.06695568561553955,0.13899999856948853,0.19370000064373016
YLL036C,YLR011W,0,-0.14937207,0.06692344695329666,0.13899999856948853,0.19380000233650208
YBR296C,YNL279W,0,-0.14940545,0.06689123809337616,0.13899999856948853,0.193900004029274
YNL213C,YGR020C,0,-0.1494602,0.06685906648635864,0.13899999856948853,0.1940000057220459
YOL045W,YDR418W,0,-0.14946519,0.06682692468166351,0.13899999856948853,0.1941000074148178
YBR250W,YLR110C,0,-0.14951642,0.06679481267929077,0.13899999856948853,0.19419999420642853
YNL313C,YGL168W,0,-0.14961319,0.06676273047924042,0.13899999856948853,0.19429999589920044
YPR158W-A,YMR273C,0,-0.14978087,0.06673067808151245,0.13899999856948853,0.19439999759197235
YIL077C,YBL097W,0,-0.1498437,0.06669865548610687,0.13899999856948853,0.19449999928474426
YLR106C,YML097C,0,-0.1500306,0.06666667014360428,0.13899999856948853,0.19460000097751617
YBR170C,YOR005C,0,-0.15004121,0.06663470715284348,0.13899999856948853,0.19470000267028809
YKL212W,YHL020C,0,-0.15009321,0.06660278141498566,0.13899999856948853,0.19480000436306
YML019W,YPR057W,0,-0.15010335,0.06657087802886963,0.13899999856948853,0.1949000060558319
YML076C,YLR183C,1,-0.15023659,0.06701771169900894,0.14000000059604645,0.1949000060558319
YJL072C,YPR158C-D,0,-0.15036766,0.06698564440011978,0.14000000059604645,0.19499999284744263
YGR249W,YMR136W,1,-0.15039332,0.06743185222148895,0.14100000262260437,0.19499999284744263
YML062C,YPL177C,0,-0.15042293,0.06739962100982666,0.14100000262260437,0.19509999454021454
YOR192C-A,YDR492W,0,-0.1504958,0.06736741214990616,0.14100000262260437,0.19519999623298645
YLR274W,YJL164C,0,-0.15054856,0.06733524054288864,0.14100000262260437,0.19529999792575836
YGL075C,YKL165C,0,-0.1505585,0.06730310618877411,0.14100000262260437,0.19539999961853027
YPL121C,YHR021C,0,-0.15057571,0.06727099418640137,0.14100000262260437,0.19550000131130219
YPL283C,YDR055W,0,-0.15064177,0.06723891198635101,0.14100000262260437,0.1956000030040741
YOL067C,YGR257C,0,-0.15066528,0.06720686703920364,0.14100000262260437,0.195700004696846
YDL014W,YER093C,0,-0.15073812,0.06717484444379807,0.14100000262260437,0.19580000638961792
YMR268C,YER036C,0,-0.15079136,0.06714285910129547,0.14100000262260437,0.19589999318122864
YML038C,YMR163C,0,-0.15082347,0.06711089611053467,0.14100000262260437,0.19599999487400055
YLR227W-B,YDR432W,0,-0.15088023,0.06707897037267685,0.14100000262260437,0.19609999656677246
YLR466W,YCR080W,0,-0.15116726,0.06704707443714142,0.14100000262260437,0.19619999825954437
YMR293C,YOR151C,0,-0.15126775,0.06701520830392838,0.14100000262260437,0.19629999995231628
YOR356W,YKL166C,0,-0.15127759,0.06698337197303772,0.14100000262260437,0.1964000016450882
YCR094W,YAL017W,0,-0.15140663,0.06695156544446945,0.14100000262260437,0.1965000033378601
YGL073W,YKL062W,1,-0.15145312,0.06739439815282822,0.1420000046491623,0.1965000033378601
YDR198C,YCL051W,0,-0.15163496,0.06736242771148682,0.1420000046491623,0.19660000503063202
YGR206W,YOR056C,0,-0.15170361,0.0673304870724678,0.1420000046491623,0.19670000672340393
YPL217C,YDR240C,0,-0.15174471,0.06729857623577118,0.1420000046491623,0.19679999351501465
YGR029W,YDL148C,0,-0.15174942,0.06726669520139694,0.1420000046491623,0.19689999520778656
YJL021C,YEL053C,0,-0.1518293,0.06723485141992569,0.1420000046491623,0.19699999690055847
YHR157W,YPL010W,0,-0.15186471,0.06720302999019623,0.1420000046491623,0.19709999859333038
YPL227C,YGL016W,0,-0.15196754,0.06717123836278915,0.1420000046491623,0.1972000002861023
YML076C,YHR084W,1,-0.15207519,0.06761229038238525,0.14300000667572021,0.1972000002861023
YLL001W,YMR213W,0,-0.15208286,0.06758034229278564,0.14300000667572021,0.1973000019788742
YKL108W,YMR234W,0,-0.15213187,0.06754841655492783,0.14300000667572021,0.19740000367164612
YBR002C,YGR212W,0,-0.15230782,0.06751652806997299,0.14300000667572021,0.19750000536441803
YPL126W,YDR523C,0,-0.15245281,0.06748466193675995,0.14300000667572021,0.19760000705718994
YPL276W,YPL224C,0,-0.15255374,0.06745283305644989,0.14300000667572021,0.19769999384880066
YJL125C,YNL045W,0,-0.15256517,0.06742102652788162,0.14300000667572021,0.19779999554157257
YDR140W,YPL060W,0,-0.15275994,0.06738925725221634,0.14300000667572021,0.19789999723434448
YLR337W,YJR017C,0,-0.15284152,0.06735751032829285,0.14300000667572021,0.1979999989271164
YGR014W,YPL002C,0,-0.15291925,0.06732580065727234,0.14300000667572021,0.1981000006198883
YPR193C,YPR133W-A,0,-0.15310441,0.06729412078857422,0.14300000667572021,0.19820000231266022
YER042W,YOR085W,0,-0.15314485,0.06726246327161789,0.14300000667572021,0.19830000400543213
YPL112C,YDR424C,0,-0.15321647,0.06723084300756454,0.14300000667572021,0.19840000569820404
YKL070W,YNL286W,0,-0.15345183,0.06719924509525299,0.14300000667572021,0.19850000739097595
YJL208C,YCR075C,0,-0.15349643,0.06716768443584442,0.14300000667572021,0.19859999418258667
YJR160C,YDR435C,0,-0.15362963,0.06713615357875824,0.14300000667572021,0.19869999587535858
YNL164C,YKR052C,0,-0.1536606,0.06710464507341385,0.14300000667572021,0.1987999975681305
YGR054W,YML049C,0,-0.15382877,0.06707317382097244,0.14300000667572021,0.1988999992609024
YPR025C,YAL016W,0,-0.15390345,0.06704172492027283,0.14300000667572021,0.19900000095367432
YDL232W,YGL095C,0,-0.15393735,0.0670103058218956,0.14300000667572021,0.19910000264644623
YBR012W-A,YHR191C,0,-0.15399958,0.06697892397642136,0.14300000667572021,0.19920000433921814
YGR288W,YIL101C,1,-0.15416913,0.06741572916507721,0.14399999380111694,0.19920000433921814
YML021C,YNL159C,0,-0.15423886,0.06738418340682983,0.14399999380111694,0.19930000603199005
YPL161C,YLR007W,0,-0.15440361,0.06735266745090485,0.14399999380111694,0.19939999282360077
YDL225W,YDR421W,0,-0.15443194,0.06732118129730225,0.14399999380111694,0.19949999451637268
YDR379W,YOR073W,0,-0.1544872,0.06728971749544144,0.14399999380111694,0.1995999962091446
YLL060C,YNR013C,0,-0.15455112,0.06725829094648361,0.14399999380111694,0.1996999979019165
YBR038W,YDR358W,0,-0.15456767,0.06722689419984818,0.14399999380111694,0.19979999959468842
YPR095C,YFR055W,0,-0.15459737,0.06719551980495453,0.14399999380111694,0.19990000128746033
YBR100W,YGL093W,0,-0.15461585,0.06716418266296387,0.14399999380111694,0.20000000298023224
YPR036W,YPL121C,0,-0.15465449,0.067132867872715,0.14399999380111694,0.20010000467300415
YAL016W,YKR095W-A,0,-0.15467359,0.06710158288478851,0.14399999380111694,0.20020000636577606
YLR386W,YHR020W,0,-0.15479553,0.06707032769918442,0.14399999380111694,0.20029999315738678
YPL075W,YNL117W,0,-0.15484062,0.0670391097664833,0.14399999380111694,0.2003999948501587
YGR178C,YJL166W,0,-0.15489136,0.06700791418552399,0.14399999380111694,0.2004999965429306
YKL179C,YOR346W,0,-0.15491931,0.06697674095630646,0.14399999380111694,0.20059999823570251
YNL164C,YDR329C,0,-0.15492724,0.06694560497999191,0.14399999380111694,0.20069999992847443
YLR401C,YJR090C,0,-0.1550351,0.06691449880599976,0.14399999380111694,0.20080000162124634
YDR513W,YLR418C,0,-0.15504645,0.06688341498374939,0.14399999380111694,0.20090000331401825
YMR047C,YNL007C,0,-0.15505455,0.06685236841440201,0.14399999380111694,0.20100000500679016
YPL217C,YEL057C,0,-0.15508631,0.06682134419679642,0.14399999380111694,0.20110000669956207
YNR075W,YJR046W,0,-0.15515448,0.06679034978151321,0.14399999380111694,0.2011999934911728
YOL090W,YNL225C,0,-0.15528244,0.0667593851685524,0.14399999380111694,0.2012999951839447
YIL017W,YOL065C,0,-0.15550563,0.06672845035791397,0.14399999380111694,0.2013999968767166
YMR116C,YJL101C,0,-0.15552211,0.06669754534959793,0.14399999380111694,0.20149999856948853
YGR027W-B,YER020W,0,-0.15562166,0.06666667014360428,0.14399999380111694,0.20160000026226044
YNL023C,YLR098C,1,-0.15562907,0.06709856539964676,0.14499999582767487,0.20160000026226044
YFL026W,YLL006W,0,-0.1556344,0.06706753373146057,0.14499999582767487,0.20170000195503235
YJL072C,YGR254W,0,-0.15566474,0.06703652441501617,0.14499999582767487,0.20180000364780426
YML046W,YDR176W,0,-0.15583828,0.06700554490089417,0.14499999582767487,0.20190000534057617
YBR022W,YGL116W,0,-0.15587914,0.06697459518909454,0.14499999582767487,0.20200000703334808
YPL010W,YER012W,0,-0.15594283,0.06694367527961731,0.14499999582767487,0.2020999938249588
YDR057W,YJL102W,0,-0.15598294,0.06691278517246246,0.14499999582767487,0.2021999955177307
YDR361C,YCR028C-A,0,-0.15600014,0.06688191741704941,0.14499999582767487,0.20229999721050262
YHR079C-B,YDL116W,0,-0.1560322,0.06685108691453934,0.14499999582767487,0.20239999890327454
YGR238C,YCR058C,0,-0.15603322,0.06682027876377106,0.14499999582767487,0.20250000059604645
YCR005C,YPL227C,0,-0.15603806,0.06678950041532516,0.14499999582767487,0.20260000228881836
YJL005W,YDR320C,0,-0.15628223,0.06675874441862106,0.14499999582767487,0.20270000398159027
YJR046W,YDR126W,0,-0.15631218,0.06672802567481995,0.14499999582767487,0.20280000567436218
YOL091W,YHR020W,0,-0.15635687,0.06669732928276062,0.14499999582767487,0.2029000073671341
YAL056W,YER017C,0,-0.15649836,0.06666667014360428,0.14499999582767487,0.2029999941587448
YOR127W,YHR021C,0,-0.15668608,0.06663602590560913,0.14499999582767487,0.20309999585151672
YFL038C,YOR250C,0,-0.15669076,0.06660541892051697,0.14499999582767487,0.20319999754428864
YMR016C,YBR297W,1,-0.15678383,0.06703397631645203,0.1459999978542328,0.20319999754428864
YMR237W,YPL060C-A,0,-0.15690315,0.06700321286916733,0.1459999978542328,0.20329999923706055
YDR365C,YLR216C,0,-0.15691991,0.06697247922420502,0.1459999978542328,0.20340000092983246
YCL003W,YOR207C,0,-0.15693218,0.0669417679309845,0.1459999978542328,0.20350000262260437
YLR319C,YDR473C,0,-0.15738626,0.06691109389066696,0.1459999978542328,0.20360000431537628
YNL145W,YDL137W,0,-0.15744957,0.06688044220209122,0.1459999978542328,0.2037000060081482
YFL011W-A,YGL143C,0,-0.15754682,0.06684982031583786,0.1459999978542328,0.2037999927997589
YGR258C,YDR191W,0,-0.15757968,0.0668192207813263,0.1459999978542328,0.20389999449253082
YNR026C,YML042W,0,-0.15762837,0.06678865849971771,0.1459999978542328,0.20399999618530273
YML095C,YGR230W,0,-0.15770951,0.06675811856985092,0.1459999978542328,0.20409999787807465
YCL034W,YOL158C,0,-0.15771945,0.06672760844230652,0.1459999978542328,0.20419999957084656
YCR062W,YDR086C,0,-0.15773134,0.0666971206665039,0.1459999978542328,0.20430000126361847
YDR065W,YER020W,0,-0.15773256,0.06666667014360428,0.1459999978542328,0.20440000295639038
YNL270C,YEL069C,0,-0.15776594,0.06663624197244644,0.1459999978542328,0.2045000046491623
YBL005W-A,YOR187W,0,-0.1577675,0.0666058361530304,0.1459999978542328,0.2046000063419342
YLR342W,YML047C,0,-0.15777376,0.06657546758651733,0.1459999978542328,0.20469999313354492
YGL251C,YJL111W,0,-0.15777643,0.06654512137174606,0.1459999978542328,0.20479999482631683
YER160C,YBR162C,0,-0.15779975,0.06651480495929718,0.1459999978542328,0.20489999651908875
YLR002C,YKL079W,0,-0.15784408,0.06648451834917068,0.1459999978542328,0.20499999821186066
YEL057C,YHR006W,0,-0.15787177,0.06645425409078598,0.1459999978542328,0.20509999990463257
YDR065W,YAR019C,0,-0.15790315,0.06642401963472366,0.1459999978542328,0.20520000159740448
YDR421W,YDL111C,0,-0.15796062,0.06639381498098373,0.1459999978542328,0.2053000032901764
YDR210C-D,YKL206C,0,-0.1579924,0.0663636326789856,0.1459999978542328,0.2054000049829483
YOL103W-A,YDR512C,0,-0.15824868,0.06633348762989044,0.1459999978542328,0.20550000667572021
YPR171W,YPL206C,0,-0.15829077,0.06630335748195648,0.1459999978542328,0.20559999346733093
YAL022C,YDR512C,0,-0.15830003,0.0662732645869255,0.1459999978542328,0.20569999516010284
YGR059W,YBR152W,0,-0.15852417,0.06624319404363632,0.1459999978542328,0.20579999685287476
YLR154C,YGR097W,0,-0.15858027,0.06621315330266953,0.1459999978542328,0.20589999854564667
YLR266C,YCR058C,0,-0.15863143,0.06618313491344452,0.1459999978542328,0.20600000023841858
YCR020C,YEL029C,0,-0.15864538,0.0661531463265419,0.1459999978542328,0.2061000019311905
YGR054W,YNL239W,0,-0.15866466,0.06612318754196167,0.1459999978542328,0.2062000036239624
YDR478W,YJR131W,0,-0.15867196,0.06609325855970383,0.1459999978542328,0.20630000531673431
YJL208C,YHL025W,0,-0.1587153,0.06606335192918777,0.1459999978542328,0.20640000700950623
YOL051W,YPL028W,0,-0.15877457,0.06603346765041351,0.1459999978542328,0.20649999380111694
YDR151C,YFR034C,1,-0.15884177,0.06645569950342178,0.1469999998807907,0.20649999380111694
YNL250W,YDR398W,0,-0.15891926,0.06642566621303558,0.1469999998807907,0.20659999549388885
YGR157W,YPR120C,0,-0.15896414,0.06639566272497177,0.1469999998807907,0.20669999718666077
YPL160W,YBR100W,0,-0.15899555,0.06636568903923035,0.1469999998807907,0.20679999887943268
YLR010C,YJR059W,0,-0.15903296,0.06633573770523071,0.1469999998807907,0.2069000005722046
YPL244C,YPL253C,0,-0.15911512,0.06630581617355347,0.1469999998807907,0.2070000022649765
YCR062W,YDR515W,0,-0.15920174,0.06627592444419861,0.1469999998807907,0.2071000039577484
YGR038W,YCR038C,0,-0.15925995,0.06624605506658554,0.1469999998807907,0.20720000565052032
YGR253C,YBL005W-B,0,-0.15927549,0.06621621549129486,0.1469999998807907,0.20730000734329224
YDR079C-A,YLR303W,0,-0.15927552,0.06618640571832657,0.1469999998807907,0.20739999413490295
YCL060C,YPL091W,0,-0.1595064,0.06615661829710007,0.1469999998807907,0.20749999582767487
YHR084W,YMR136W,1,-0.15955065,0.06657669693231583,0.14800000190734863,0.20749999582767487
YEL034W,YJR033C,0,-0.15963943,0.06654676049947739,0.14800000190734863,0.20759999752044678
YPL026C,YJL012C-A,0,-0.1596482,0.06651685386896133,0.14800000190734863,0.2076999992132187
YML120C,YAL068C,0,-0.1596931,0.06648696959018707,0.14800000190734863,0.2078000009059906
YDR263C,YDR077W,0,-0.15982477,0.0664571151137352,0.14800000190734863,0.2079000025987625
YNL046W,YBR058C,0,-0.15984039,0.06642729043960571,0.14800000190734863,0.20800000429153442
YPL144W,YPR049C,0,-0.15989995,0.06639748811721802,0.14800000190734863,0.20810000598430634
YML014W,YDR261C-D,0,-0.16004273,0.06636771559715271,0.14800000190734863,0.20819999277591705
YLR020C,YFR047C,0,-0.16011432,0.0663379654288292,0.14800000190734863,0.20829999446868896
YER042W,YDR261C-C,0,-0.16023496,0.06630824506282806,0.14800000190734863,0.20839999616146088
YGR029W,YBL011W,0,-0.16033748,0.06627854704856873,0.14800000190734863,0.2084999978542328
YMR199W,YIL017W,0,-0.16046445,0.06624887883663177,0.14800000190734863,0.2085999995470047
YDR309C,YDR317W,0,-0.16053669,0.06621924042701721,0.14800000190734863,0.2087000012397766
YMR117C,YBL035C,0,-0.16069938,0.06618962436914444,0.14800000190734863,0.20880000293254852
YOR274W,YHR023W,0,-0.16074328,0.06616003811359406,0.14800000190734863,0.20890000462532043
YCL062W,YMR235C,0,-0.16103284,0.06613047420978546,0.14800000190734863,0.20900000631809235
YKR046C,YOL164W,0,-0.16106333,0.06610094010829926,0.14800000190734863,0.20909999310970306
YOR288C,YNL278W,0,-0.16111778,0.06607142835855484,0.14800000190734863,0.20919999480247498
YHR042W,YHR072W,0,-0.16113295,0.06604194641113281,0.14800000190734863,0.2092999964952469
YDL046W,YMR237W,0,-0.16116759,0.06601248681545258,0.14800000190734863,0.2093999981880188
YHR085W,YLR158C,0,-0.16117132,0.06598305702209473,0.14800000190734863,0.2094999998807907
YNL199C,YAL038W,0,-0.16121654,0.06595365703105927,0.14800000190734863,0.20960000157356262
YIL095W,YPL097W,0,-0.161298,0.0659242793917656,0.14800000190734863,0.20970000326633453
YOL011W,YJR044C,0,-0.16143738,0.06589492410421371,0.14800000190734863,0.20980000495910645
YGL111W,YOR030W,0,-0.16147713,0.06586559861898422,0.14800000190734863,0.20990000665187836
YGR163W,YGL205W,0,-0.16152291,0.06583629548549652,0.14800000190734863,0.20999999344348907
YMR016C,YIR013C,1,-0.16153252,0.06625166535377502,0.14900000393390656,0.20999999344348907
YBL100W-B,YGR166W,0,-0.16166817,0.06622222065925598,0.14900000393390656,0.210099995136261
YDL002C,YOR063W,0,-0.16189016,0.06619280576705933,0.14900000393390656,0.2101999968290329
YBR182C,YMR136W,1,-0.16189355,0.06660746037960052,0.15000000596046448,0.2101999968290329
YOR304W,YDR416W,0,-0.16189975,0.06657789647579193,0.15000000596046448,0.2102999985218048
YLR284C,YNL098C,0,-0.1619282,0.06654835492372513,0.15000000596046448,0.21040000021457672
YJL106W,YOL005C,0,-0.16196877,0.06651885062456131,0.15000000596046448,0.21050000190734863
YGR089W,YBR152W,0,-0.16206416,0.06648936122655869,0.15000000596046448,0.21060000360012054
YNL267W,YHL025W,0,-0.16206889,0.06645990163087845,0.15000000596046448,0.21070000529289246
YOR047C,YEL020W-A,0,-0.16213726,0.0664304718375206,0.15000000596046448,0.21080000698566437
YMR039C,YML069W,0,-0.16231048,0.06640106439590454,0.15000000596046448,0.21089999377727509
YER138C,YPL271W,0,-0.1623133,0.06637167930603027,0.15000000596046448,0.210999995470047
YBL032W,YHR020W,0,-0.16237412,0.0663423240184784,0.15000000596046448,0.2110999971628189
YDR075W,YKL101W,0,-0.16245008,0.0663129985332489,0.15000000596046448,0.21119999885559082
YMR216C,YNL273W,0,-0.16245976,0.0662836953997612,0.15000000596046448,0.21130000054836273
YGR152C,YCL003W,0,-0.16247375,0.06625441461801529,0.15000000596046448,0.21140000224113464
YGR038C-B,YNR030W,0,-0.16258793,0.06622516363859177,0.15000000596046448,0.21150000393390656
YDR190C,YGL210W-A,0,-0.16276427,0.06619594246149063,0.15000000596046448,0.21160000562667847
YLR155C,YBR059C,0,-0.16279368,0.06616674363613129,0.15000000596046448,0.21170000731945038
YLR206W,YPR068C,0,-0.16279449,0.06613756716251373,0.15000000596046448,0.2117999941110611
YDR200C,YDR524C,0,-0.1628335,0.06610842049121857,0.15000000596046448,0.211899995803833
YBR158W,YLR226W,0,-0.16292937,0.06607929617166519,0.15000000596046448,0.21199999749660492
YMR097C,YOL034W,0,-0.16297951,0.0660502016544342,0.15000000596046448,0.21209999918937683
YER111C,YPL133C,1,-0.16303003,0.06646126508712769,0.1509999930858612,0.21209999918937683
YGL244W,YOR179C,0,-0.16311775,0.06643202900886536,0.1509999930858612,0.21220000088214874
YFL018W-A,YLR207W,0,-0.16316152,0.06640281528234482,0.1509999930858612,0.21230000257492065
YNR023W,YMR080C,0,-0.16317715,0.06637362390756607,0.1509999930858612,0.21240000426769257
YCL054W,YJR013W,0,-0.16338117,0.06634446233510971,0.1509999930858612,0.21250000596046448
YIL039W,YNL247W,0,-0.16339917,0.06631533056497574,0.1509999930858612,0.2125999927520752
YMR287C,YPR016C,0,-0.16344388,0.06628621369600296,0.1509999930858612,0.2126999944448471
YMR308C,YDR285W,0,-0.16344759,0.06625712662935257,0.1509999930858612,0.21279999613761902
YPL221W,YDR180W,0,-0.16347998,0.06622806936502457,0.1509999930858612,0.21289999783039093
YPL046C,YDR122W,0,-0.16348784,0.06619903445243835,0.1509999930858612,0.21299999952316284
YJL029C,YGL033W,0,-0.16350661,0.06617002934217453,0.1509999930858612,0.21310000121593475
YAL005C,YER028C,0,-0.16372292,0.0661410391330719,0.1509999930858612,0.21320000290870667
YOL010W,YCR058C,0,-0.16379435,0.06611208617687225,0.1509999930858612,0.21330000460147858
YML069W,YIL017W,0,-0.16388813,0.0660831481218338,0.1509999930858612,0.2134000062942505
YLL038C,YPL160W,0,-0.1639827,0.06605423986911774,0.1509999930858612,0.2134999930858612
YLL017W,YJL219W,0,-0.16412778,0.06602536141872406,0.1509999930858612,0.21359999477863312
YJR002W,YER108C,0,-0.16414656,0.06599650532007217,0.1509999930858612,0.21369999647140503
YCL067C,YDR440W,0,-0.16415748,0.06596767157316208,0.1509999930858612,0.21379999816417694
YJL021C,YNR044W,0,-0.16418266,0.06593886762857437,0.1509999930858612,0.21389999985694885
YLR047C,YCR058C,0,-0.16419291,0.06591008603572845,0.1509999930858612,0.21400000154972076
YJL065C,YIL037C,0,-0.16432735,0.06588132679462433,0.1509999930858612,0.21410000324249268
YML116W,YOR156C,0,-0.16432926,0.06585259735584259,0.1509999930858612,0.2142000049352646
YAR010C,YJL006C,0,-0.16441502,0.06582389026880264,0.1509999930858612,0.2143000066280365
YEL057C,YFL004W,0,-0.16441554,0.06579520553350449,0.1509999930858612,0.21439999341964722
YHR175W,YPL154C,0,-0.16447255,0.06576655060052872,0.1509999930858612,0.21449999511241913
YLR316C,YER162C,0,-0.16458254,0.06573791801929474,0.1509999930858612,0.21459999680519104
YJL129C,YOR267C,0,-0.16458374,0.06570931524038315,0.1509999930858612,0.21469999849796295
YGL200C,YBL004W,0,-0.16468947,0.06568072736263275,0.1509999930858612,0.21480000019073486
YER127W,YPR034W,0,-0.16487806,0.06565217673778534,0.1509999930858612,0.21490000188350677
YNR048W,YGR057C,0,-0.16494705,0.06562364101409912,0.1509999930858612,0.2150000035762787
YIL114C,YFR008W,0,-0.16499053,0.06559513509273529,0.1509999930858612,0.2151000052690506
YOR305W,YJL198W,0,-0.16499744,0.06556665152311325,0.1509999930858612,0.2152000069618225
YBR066C,YDL243C,0,-0.16507639,0.0655381977558136,0.1509999930858612,0.21529999375343323
YLR145W,YOL005C,0,-0.16509262,0.06550975888967514,0.1509999930858612,0.21539999544620514
YFR014C,YOR179C,0,-0.16510208,0.06548134982585907,0.1509999930858612,0.21549999713897705
YGL137W,YJL113W,0,-0.16513677,0.06545297056436539,0.1509999930858612,0.21559999883174896
YMR143W,YPL177C,0,-0.16514087,0.0654246136546135,0.1509999930858612,0.21570000052452087
YHR163W,YML109W,0,-0.16514827,0.0653962790966034,0.1509999930858612,0.21580000221729279
YGR214W,YER108C,0,-0.16516386,0.06536796689033508,0.1509999930858612,0.2159000039100647
YMR186W,YKL110C,0,-0.1651693,0.06533967703580856,0.1509999930858612,0.2160000056028366
YDR306C,YLR023C,0,-0.16521093,0.06531141698360443,0.1509999930858612,0.21610000729560852
YKL017C,YNL053W,0,-0.1652857,0.06528317928314209,0.1509999930858612,0.21619999408721924
YFL024C,YDR409W,0,-0.1653588,0.06525497138500214,0.1509999930858612,0.21629999577999115
YLL017W,YML031W,0,-0.16538374,0.06522677838802338,0.1509999930858612,0.21639999747276306
YER014C-A,YPL181W,0,-0.16540438,0.065198615193367,0.1509999930858612,0.21649999916553497
YMR239C,YGL001C,0,-0.16545555,0.06517048180103302,0.1509999930858612,0.21660000085830688
YPR073C,YBR040W,0,-0.1656195,0.06514236330986023,0.1509999930858612,0.2167000025510788
YDR170C,YKR039W,0,-0.16567668,0.06511427462100983,0.1509999930858612,0.2168000042438507
YOR233W,YPL213W,0,-0.16569042,0.06508620828390121,0.1509999930858612,0.21690000593662262
YAL002W,YBL004W,0,-0.1657823,0.0650581642985344,0.1509999930858612,0.21699999272823334
YOL069W,YLL006W,0,-0.16587402,0.06503015011548996,0.1509999930858612,0.21709999442100525
YCL062W,YIL153W,0,-0.16592793,0.06500215083360672,0.1509999930858612,0.21719999611377716
YER003C,YJR126C,0,-0.16598053,0.06497418135404587,0.1509999930858612,0.21729999780654907
YBR297W,YOR032C,1,-0.16600724,0.06537634134292603,0.15199999511241913,0.21729999780654907
YPR018W,YML045W,0,-0.16604134,0.06534823775291443,0.15199999511241913,0.21739999949932098
YAL015C,YLL024C,0,-0.16607484,0.06532015651464462,0.15199999511241913,0.2175000011920929
YLR207W,YOR284W,0,-0.166093,0.06529209762811661,0.15199999511241913,0.2176000028848648
YOR275C,YCL060C,0,-0.1661773,0.06526406109333038,0.15199999511241913,0.21770000457763672
YDR448W,YPR034W,0,-0.16620138,0.06523605436086655,0.15199999511241913,0.21780000627040863
YML049C,YAL032C,0,-0.16620323,0.0652080625295639,0.15199999511241913,0.21789999306201935
YPL098C,YAR019C,0,-0.16624646,0.06518010050058365,0.15199999511241913,0.21799999475479126
YML019W,YFL002W-B,0,-0.16629209,0.06515216827392578,0.15199999511241913,0.21809999644756317
YBL079W,YNL286W,0,-0.16631107,0.06512425094842911,0.15199999511241913,0.21819999814033508
YIL017W,YOR068C,0,-0.16631187,0.06509636342525482,0.15199999511241913,0.218299999833107
YNL245C,YGR217W,0,-0.1663481,0.06506849080324173,0.15199999511241913,0.2184000015258789
YGL225W,YPR137C-B,0,-0.16635486,0.06504064798355103,0.15199999511241913,0.21850000321865082
YNL047C,YKR061W,0,-0.16648068,0.06501283496618271,0.15199999511241913,0.21860000491142273
YLR394W,YMR263W,0,-0.16656736,0.06498503684997559,0.15199999511241913,0.21870000660419464
YGL096W,YOR032C,1,-0.16662003,0.06538461893796921,0.15299999713897705,0.21870000660419464
YGL249W,YHR031C,0,-0.16662161,0.06535668671131134,0.15299999713897705,0.21879999339580536
YPL128C,YLR098C,1,-0.16674449,0.06575576215982437,0.15399999916553497,0.21879999339580536
YPL149W,YGL223C,0,-0.16677459,0.06572769582271576,0.15399999916553497,0.21889999508857727
YOL044W,YGR010W,0,-0.1667808,0.06569965928792953,0.15399999916553497,0.21899999678134918
YOR025W,YLR391W-A,0,-0.16686212,0.0656716451048851,0.15399999916553497,0.2190999984741211
YOL076W,YNR034W,0,-0.16692162,0.06564364582300186,0.15399999916553497,0.219200000166893
YER038C,YLR459W,0,-0.16693218,0.06561567634344101,0.15399999916553497,0.21930000185966492
YMR301C,YOR287C,0,-0.1670935,0.06558773666620255,0.15399999916553497,0.21940000355243683
YGL135W,YIL023C,0,-0.16712728,0.06555981189012527,0.15399999916553497,0.21950000524520874
YGL210W-A,YMR022W,0,-0.16713215,0.06553191691637039,0.15399999916553497,0.21960000693798065
YKL170W,YCR089W,0,-0.16713543,0.0655040442943573,0.15399999916553497,0.21969999372959137
YLR274W,YBL071W-A,0,-0.1671643,0.065476194024086,0.15399999916553497,0.21979999542236328
YDL118W,YDR341C,0,-0.16717438,0.06544836610555649,0.15399999916553497,0.2198999971151352
YCR106W,YKL062W,1,-0.16724312,0.06584537029266357,0.1550000011920929,0.2198999971151352
YGL222C,YKL150W,0,-0.16726176,0.06581740826368332,0.1550000011920929,0.2199999988079071
YNL292W,YBR274W,0,-0.1672865,0.06578947603702545,0.1550000011920929,0.22010000050067902
YMR037C,YGR288W,1,-0.16730396,0.0661858320236206,0.15600000321865082,0.22010000050067902
YGL044C,YER003C,0,-0.16732769,0.0661577582359314,0.15600000321865082,0.22020000219345093
YDR416W,YLL024C,0,-0.16744478,0.06612971425056458,0.15600000321865082,0.22030000388622284
YDR126W,YJL164C,0,-0.16748913,0.06610169261693954,0.15600000321865082,0.22040000557899475
YOL129W,YHR077C,0,-0.16755836,0.0660737007856369,0.15600000321865082,0.22050000727176666
YGR276C,YLR214W,0,-0.16762547,0.06604572385549545,0.15600000321865082,0.22059999406337738
YLR080W,YKL081W,0,-0.16770613,0.06601777672767639,0.15600000321865082,0.2206999957561493
YER160C,YNR010W,0,-0.16775748,0.06598984450101852,0.15600000321865082,0.2207999974489212
YIL029C,YLR227W-A,0,-0.16799517,0.06596194207668304,0.15600000321865082,0.22089999914169312
YMR051C,YBR188C,0,-0.16802448,0.06593406945466995,0.15600000321865082,0.22100000083446503
YDL092W,YNL246W,0,-0.16803084,0.06590621173381805,0.15600000321865082,0.22110000252723694
YCR107W,YDR464W,0,-0.16805364,0.06587837636470795,0.15600000321865082,0.22120000422000885
YNL287W,YLR081W,0,-0.1680626,0.06585057079792023,0.15600000321865082,0.22130000591278076
YJL076W,YBR072W,0,-0.16824874,0.0658227875828743,0.15600000321865082,0.22139999270439148
YIL122W,YCR038C,0,-0.16833846,0.06579502671957016,0.15600000321865082,0.2214999943971634
YER040W,YGR288W,1,-0.16834475,0.06618887186050415,0.15700000524520874,0.2214999943971634
YNL250W,YLR224W,0,-0.16837418,0.06616097688674927,0.15700000524520874,0.2215999960899353
YFR046C,YBR274W,0,-0.16848828,0.06613311171531677,0.15700000524520874,0.22169999778270721
YBL057C,YBL084C,0,-0.16850264,0.06610526144504547,0.15700000524520874,0.22179999947547913
YCL035C,YAR010C,0,-0.16867034,0.06607744097709656,0.15700000524520874,0.22190000116825104
YIL173W,YNL080C,0,-0.1686755,0.06604964286088943,0.15700000524520874,0.22200000286102295
YBR085W,YCL032W,0,-0.16867976,0.0660218670964241,0.15700000524520874,0.22210000455379486
YDL031W,YDL079C,0,-0.1687849,0.06599411368370056,0.15700000524520874,0.22220000624656677
YPL128C,YMR136W,1,-0.16911054,0.06638655811548233,0.15800000727176666,0.22220000624656677
YCR073C,YNL247W,0,-0.1691861,0.06635867059230804,0.15800000727176666,0.2222999930381775
YCR009C,YHR120W,0,-0.16919385,0.06633081287145615,0.15800000727176666,0.2223999947309494
YNL029C,YOR240W,0,-0.16930123,0.06630297750234604,0.15800000727176666,0.2224999964237213
YGR070W,YDL036C,0,-0.16939662,0.06627516448497772,0.15800000727176666,0.22259999811649323
YIL030C,YDL039C,0,-0.16940024,0.0662473812699318,0.15800000727176666,0.22269999980926514
YPL171C,YNL073W,0,-0.16974403,0.06621961295604706,0.15800000727176666,0.22280000150203705
YBL007C,YDL013W,0,-0.16995113,0.06619187444448471,0.15800000727176666,0.22290000319480896
YDR284C,YPR135W,0,-0.16997933,0.06616415083408356,0.15800000727176666,0.22300000488758087
YER166W,YBR170C,0,-0.17009516,0.06613645702600479,0.15800000727176666,0.22310000658035278
YDR030C,YDL140C,0,-0.17024584,0.06610878556966782,0.15800000727176666,0.2231999933719635
YBL079W,YOR338W,0,-0.17028,0.06608113646507263,0.15800000727176666,0.2232999950647354
YIL079C,YML092C,0,-0.1703131,0.06605350971221924,0.15800000727176666,0.22339999675750732
YHL019C,YKL119C,0,-0.17033775,0.06602590531110764,0.15800000727176666,0.22349999845027924
YDL126C,YKL055C,0,-0.17037226,0.06599833071231842,0.15800000727176666,0.22360000014305115
YDR449C,YGR095C,0,-0.17044762,0.0659707710146904,0.15800000727176666,0.22370000183582306
YOL126C,YKL070W,0,-0.1704924,0.06594324111938477,0.15800000727176666,0.22380000352859497
YLR346C,YNL039W,0,-0.17049672,0.06591572612524033,0.15800000727176666,0.22390000522136688
YDR477W,YJR120W,0,-0.17049888,0.06588824093341827,0.15800000727176666,0.2240000069141388
YJL110C,YER111C,1,-0.17067231,0.06627761572599411,0.1589999943971634,0.2240000069141388
YKL114C,YOR068C,0,-0.17082845,0.06624999642372131,0.1589999943971634,0.2240999937057495
YML062C,YCL062W,0,-0.17084405,0.0662224069237709,0.1589999943971634,0.22419999539852142
YBR173C,YGR108W,0,-0.17106886,0.06619483977556229,0.1589999943971634,0.22429999709129333
YMR302C,YGL095C,0,-0.17112133,0.06616728752851486,0.1589999943971634,0.22439999878406525
YHR178W,YLR014C,1,-0.17119047,0.06655573844909668,0.1599999964237213,0.22439999878406525
YOL064C,YKR022C,0,-0.17128082,0.0665280669927597,0.1599999964237213,0.22450000047683716
YJR063W,YJL113W,0,-0.17130066,0.06650041788816452,0.1599999964237213,0.22460000216960907
YGL254W,YOR344C,1,-0.17157333,0.0668882429599762,0.16099999845027924,0.22460000216960907
YHR114W,YPR074C,0,-0.17159858,0.06686046719551086,0.16099999845027924,0.22470000386238098
YJR120W,YCR066W,0,-0.17165698,0.06683271378278732,0.16099999845027924,0.2248000055551529
YLR182W,YJL138C,0,-0.17184235,0.06680498272180557,0.16099999845027924,0.2249000072479248
YJL196C,YHR194W,0,-0.17185943,0.06677727401256561,0.16099999845027924,0.22499999403953552
YGL104C,YLL003W,0,-0.17186935,0.06674958765506744,0.16099999845027924,0.22509999573230743
YIL023C,YNL248C,0,-0.17207284,0.06672192364931107,0.16099999845027924,0.22519999742507935
YDR018C,YNL156C,0,-0.17213808,0.06669428199529648,0.16099999845027924,0.22529999911785126
YNL246W,YNL025C,0,-0.172178,0.06666667014360428,0.16099999845027924,0.22540000081062317
YBR158W,YNL329C,0,-0.17227446,0.06663907319307327,0.16099999845027924,0.22550000250339508
YGR288W,YCR106W,1,-0.17228083,0.06702523678541183,0.16200000047683716,0.22550000250339508
YDR342C,YLR222C,0,-0.17228214,0.06699752062559128,0.16200000047683716,0.225600004196167
YKL112W,YJL110C,1,-0.17243172,0.06738321483135223,0.16300000250339508,0.225600004196167
YER179W,YOR290C,0,-0.1724429,0.06735537201166153,0.16300000250339508,0.2257000058889389
YOR233W,YLL043W,0,-0.17251576,0.06732755154371262,0.16300000250339508,0.22579999268054962
YGL027C,YOR126C,0,-0.1725419,0.0672997534275055,0.16300000250339508,0.22589999437332153
YGR033C,YLR383W,0,-0.17258798,0.06727197766304016,0.16300000250339508,0.22599999606609344
YKL052C,YPL096C-A,0,-0.1726846,0.06724422425031662,0.16300000250339508,0.22609999775886536
YMR319C,YDR213W,0,-0.17272253,0.06721649318933487,0.16300000250339508,0.22619999945163727
YPR162C,YGL095C,0,-0.17279117,0.06718878448009491,0.16300000250339508,0.22630000114440918
YBR211C,YAR009C,0,-0.17289488,0.06716110557317734,0.16300000250339508,0.2264000028371811
YHR178W,YPL133C,1,-0.17289872,0.06754530221223831,0.164000004529953,0.2264000028371811
YJL201W,YGL043W,0,-0.17291704,0.06751749664545059,0.164000004529953,0.226500004529953
YGL116W,YLR167W,0,-0.17292915,0.06748971343040466,0.164000004529953,0.22660000622272491
YDL170W,YDR216W,1,-0.17296626,0.06787330657243729,0.16500000655651093,0.22660000622272491
YBL046W,YBR012W-A,0,-0.17303991,0.06784539669752121,0.16500000655651093,0.22669999301433563
YHR174W,YOR348C,0,-0.17304762,0.06781750917434692,0.16500000655651093,0.22679999470710754
YGL251C,YPR200C,0,-0.17337975,0.06778964400291443,0.16500000655651093,0.22689999639987946
YER171W,YML039W,0,-0.1733941,0.06776180863380432,0.16500000655651093,0.22699999809265137
YLR438C-A,YCR008W,0,-0.17340411,0.06773398816585541,0.16500000655651093,0.22709999978542328
YJR120W,YOR328W,0,-0.17348528,0.06770619750022888,0.16500000655651093,0.2272000014781952
YOR047C,YBR098W,0,-0.17359203,0.06767842173576355,0.16500000655651093,0.2273000031709671
YDR115W,YOR007C,0,-0.17381485,0.0676506757736206,0.16500000655651093,0.227400004863739
YPL138C,YJL012C-A,0,-0.1738444,0.06762295216321945,0.16500000655651093,0.22750000655651093
YHR171W,YNL045W,0,-0.17415951,0.06759525090456009,0.16500000655651093,0.22759999334812164
YNL167C,YPL096C-A,0,-0.17422241,0.06756756454706192,0.16500000655651093,0.22769999504089355
YPL248C,YLR014C,1,-0.17429137,0.06794924288988113,0.16599999368190765,0.22769999504089355
YBR161W,YNL135C,0,-0.17430408,0.06792143732309341,0.16599999368190765,0.22779999673366547
YIL029C,YDL134C,0,-0.17434931,0.06789366155862808,0.16599999368190765,0.22789999842643738
YBR182C,YPL133C,1,-0.17442036,0.06827473640441895,0.16699999570846558,0.22789999842643738
YGL006W,YPR201W,0,-0.17442854,0.06824683398008347,0.16699999570846558,0.2280000001192093
YPR193C,YMR044W,0,-0.17446995,0.06821895390748978,0.16699999570846558,0.2281000018119812
YDL227C,YNR064C,0,-0.1745012,0.06819109618663788,0.16699999570846558,0.2282000035047531
YML088W,YML019W,0,-0.1745071,0.06816326826810837,0.16699999570846558,0.22830000519752502
YGL135W,YMR293C,0,-0.17453586,0.06813545525074005,0.16699999570846558,0.22840000689029694
YPL171C,YEL050C,0,-0.17455976,0.06810766458511353,0.16699999570846558,0.22849999368190765
YKR095W-A,YHR194W,0,-0.1745765,0.06807990372180939,0.16699999570846558,0.22859999537467957
YML014W,YJL081C,0,-0.17460884,0.06805215775966644,0.16699999570846558,0.22869999706745148
YKL088W,YJL203W,0,-0.17465326,0.06802444159984589,0.16699999570846558,0.2287999987602234
YOR304W,YGL065C,0,-0.17465715,0.06799674034118652,0.16699999570846558,0.2289000004529953
YML069W,YDR446W,0,-0.17467521,0.06796906888484955,0.16699999570846558,0.2290000021457672
YJL191W,YBR059C,0,-0.17479877,0.06794141232967377,0.16699999570846558,0.22910000383853912
YKL059C,YOL034W,0,-0.17490803,0.06791378557682037,0.16699999570846558,0.22920000553131104
YOR326W,YER093C,0,-0.17496134,0.06788618117570877,0.16699999570846558,0.22930000722408295
YHR124W,YOR032C,1,-0.17497048,0.0682649314403534,0.1679999977350235,0.22930000722408295
YMR016C,YPL133C,1,-0.17498432,0.06864337623119354,0.16899999976158142,0.22930000722408295
YKR095W,YML042W,0,-0.17518294,0.06861551105976105,0.16899999976158142,0.22939999401569366
YGR044C,YOL063C,0,-0.17518426,0.06858766078948975,0.16899999976158142,0.22949999570846558
YBR089C-A,YPL120W,0,-0.17522451,0.06855984032154083,0.16899999976158142,0.2295999974012375
YDR079C-A,YER028C,0,-0.17534667,0.06853203475475311,0.16899999976158142,0.2296999990940094
YLR032W,YLR136C,0,-0.17536987,0.06850425899028778,0.16899999976158142,0.2298000007867813
YDR168W,YPL224C,0,-0.17553918,0.06847649812698364,0.16899999976158142,0.22990000247955322
YMR039C,YPL101W,0,-0.17555742,0.06844876706600189,0.16899999976158142,0.23000000417232513
YER169W,YOR229W,0,-0.17560269,0.06842105090618134,0.16899999976158142,0.23010000586509705
YDR342C,YLR357W,0,-0.17562439,0.06839336454868317,0.16899999976158142,0.23019999265670776
YPR016C,YAR031W,0,-0.17578371,0.06836569309234619,0.16899999976158142,0.23029999434947968
YBL046W,YDL059C,0,-0.17586389,0.0683380514383316,0.16899999976158142,0.2303999960422516
YNL131W,YLR215C,0,-0.17592038,0.06831043213605881,0.16899999976158142,0.2304999977350235
YOL126C,YPL002C,0,-0.17606533,0.0682828277349472,0.16899999976158142,0.2305999994277954
YAL025C,YFR024C-A,0,-0.17609824,0.06825525313615799,0.16899999976158142,0.23070000112056732
YPL041C,YJR135C,0,-0.1761051,0.06822769343852997,0.16899999976158142,0.23080000281333923
YAL026C,YKL012W,0,-0.1763903,0.06820016354322433,0.16899999976158142,0.23090000450611115
YOR132W,YCR028C-A,0,-0.17646705,0.0681726485490799,0.16899999976158142,0.23100000619888306
YPR171W,YPR037C,0,-0.17652082,0.06814516335725784,0.16899999976158142,0.23109999299049377
YHR196W,YOR172W,0,-0.17653587,0.06811769306659698,0.16899999976158142,0.23119999468326569
YMR025W,YOR279C,0,-0.17673267,0.06809025257825851,0.16899999976158142,0.2312999963760376
YAL023C,YML071C,0,-0.17699471,0.06806282699108124,0.16899999976158142,0.2313999980688095
YML107C,YPL048W,0,-0.177119,0.06803542375564575,0.16899999976158142,0.23149999976158142
YAL038W,YPR201W,0,-0.17717908,0.06800805032253265,0.16899999976158142,0.23160000145435333
YLR183C,YLR013W,1,-0.17732264,0.06838294118642807,0.17000000178813934,0.23160000145435333
YER065C,YDR420W,0,-0.17741914,0.06835544854402542,0.17000000178813934,0.23170000314712524
YJR121W,YGR286C,0,-0.17747442,0.06832797080278397,0.17000000178813934,0.23180000483989716
YLR303W,YJL170C,0,-0.17750843,0.0683005228638649,0.17000000178813934,0.23190000653266907
YMR037C,YER111C,1,-0.17788716,0.06867469847202301,0.17100000381469727,0.23190000653266907
YKR008W,YLL003W,0,-0.17798279,0.06864713132381439,0.17100000381469727,0.23199999332427979
YMR161W,YDL159W,0,-0.17800078,0.06861957907676697,0.17100000381469727,0.2320999950170517
YJL166W,YOR326W,0,-0.17802481,0.06859205663204193,0.17100000381469727,0.2321999967098236
YML076C,YJL110C,1,-0.17825565,0.06896551698446274,0.1720000058412552,0.2321999967098236
YNL046W,YBL063W,0,-0.17837629,0.06893787533044815,0.1720000058412552,0.23229999840259552
YGR161C,YDR261W-A,0,-0.17859603,0.06891025602817535,0.1720000058412552,0.23240000009536743
YJL089W,YOR123C,0,-0.17861494,0.06888265907764435,0.1720000058412552,0.23250000178813934
YBL069W,YDL140C,0,-0.17870201,0.06885508447885513,0.1720000058412552,0.23260000348091125
YDL170W,YHR124W,1,-0.17871664,0.0692276880145073,0.17299999296665192,0.23260000348091125
YML045W,YIL154C,0,-0.17874344,0.06920000165700912,0.17299999296665192,0.23270000517368317
YMR075W,YPL028W,0,-0.17877401,0.06917233020067215,0.17299999296665192,0.23280000686645508
YAR009C,YNL039W,0,-0.1787931,0.06914468109607697,0.17299999296665192,0.2328999936580658
YER172C,YDR260C,0,-0.17880832,0.06911706179380417,0.17299999296665192,0.2329999953508377
YOR210W,YLR166C,0,-0.17888321,0.06908945739269257,0.17299999296665192,0.23309999704360962
YNL073W,YDR069C,0,-0.17888969,0.06906187534332275,0.17299999296665192,0.23319999873638153
YLR205C,YOR240W,0,-0.17889626,0.06903431564569473,0.17299999296665192,0.23330000042915344
YML013W,YDL099W,0,-0.17890099,0.0690067782998085,0.17299999296665192,0.23340000212192535
YNL090W,YPL033C,0,-0.17890555,0.06897926330566406,0.17299999296665192,0.23350000381469727
YNR023W,YBL099W,0,-0.17894694,0.06895177066326141,0.17299999296665192,0.23360000550746918
YAR044W,YDR397C,0,-0.17903437,0.06892430037260056,0.17299999296665192,0.2337000072002411
YOR344C,YFR034C,1,-0.17923988,0.06929510086774826,0.17399999499320984,0.2337000072002411
YDR283C,YHR021C,0,-0.17930454,0.06926751881837845,0.17399999499320984,0.2337999939918518
YPL171C,YJL219W,0,-0.17933866,0.06923995167016983,0.17399999499320984,0.23389999568462372
YPL128C,YGR288W,1,-0.17937447,0.06961018592119217,0.17499999701976776,0.23389999568462372
YPL248C,YIR013C,1,-0.17938966,0.06998012214899063,0.17599999904632568,0.23389999568462372
YLR035C-A,YJR069C,0,-0.17939031,0.06995230168104172,0.17599999904632568,0.23399999737739563
YOR129C,YGR279C,0,-0.1794038,0.06992451101541519,0.17599999904632568,0.23409999907016754
YOR249C,YCL005W-A,0,-0.17941482,0.06989674270153046,0.17599999904632568,0.23420000076293945
YMR133W,YBR034C,0,-0.17943029,0.06986899673938751,0.17599999904632568,0.23430000245571136
YOL142W,YOR193W,0,-0.17948717,0.06984127312898636,0.17599999904632568,0.23440000414848328
YNL032W,YGR156W,0,-0.17951949,0.0698135644197464,0.17599999904632568,0.2345000058412552
YHR077C,YML131W,0,-0.1796555,0.06978588551282883,0.17599999904632568,0.2345999926328659
YOL143C,YAL035W,0,-0.1798709,0.06975822150707245,0.17599999904632568,0.23469999432563782
YOR133W,YER164W,0,-0.17997222,0.06973058730363846,0.17599999904632568,0.23479999601840973
YDR309C,YGL093W,0,-0.1800105,0.06970296800136566,0.17599999904632568,0.23489999771118164
YIL140W,YMR188C,0,-0.18018652,0.06967537850141525,0.17599999904632568,0.23499999940395355
YLR430W,YJL111W,0,-0.18019764,0.06964780390262604,0.17599999904632568,0.23510000109672546
YNL201C,YPR111W,0,-0.18035395,0.06962025165557861,0.17599999904632568,0.23520000278949738
YNL065W,YDL059C,0,-0.1804333,0.06959272176027298,0.17599999904632568,0.2353000044822693
YBL071W-A,YPL118W,0,-0.18043652,0.06956521421670914,0.17599999904632568,0.2354000061750412
YDR256C,YPL097W,0,-0.18046139,0.06953772902488708,0.17599999904632568,0.23549999296665192
YLR130C,YGR054W,0,-0.18054518,0.06951026618480682,0.17599999904632568,0.23559999465942383
YGR288W,YLR014C,1,-0.18055655,0.06987761706113815,0.1770000010728836,0.23559999465942383
YEL057C,YKR001C,0,-0.18056248,0.06985004246234894,0.1770000010728836,0.23569999635219574
YGR246C,YDR469W,0,-0.18067712,0.06982248276472092,0.1770000010728836,0.23579999804496765
YER054C,YLR092W,0,-0.1806798,0.06979495286941528,0.1770000010728836,0.23589999973773956
YPL094C,YKR036C,0,-0.18071274,0.06976744532585144,0.1770000010728836,0.23600000143051147
YML076C,YLR098C,1,-0.18075444,0.07013396173715591,0.17800000309944153,0.23600000143051147
YLR337W,YJL010C,0,-0.18078122,0.07010634243488312,0.17800000309944153,0.2361000031232834
YDR065W,YPR041W,0,-0.18085982,0.07007873803377151,0.17800000309944153,0.2362000048160553
YDL244W,YDR116C,0,-0.18087602,0.0700511634349823,0.17800000309944153,0.2363000065088272
YER149C,YOR027W,0,-0.1808773,0.07002360373735428,0.17800000309944153,0.23639999330043793
YDL213C,YFR051C,0,-0.18087997,0.06999606639146805,0.17800000309944153,0.23649999499320984
YFL005W,YDR165W,0,-0.18094802,0.06996855139732361,0.17800000309944153,0.23659999668598175
YIL131C,YKL082C,0,-0.18099487,0.06994105875492096,0.17800000309944153,0.23669999837875366
YFR004W,YMR087W,0,-0.18102328,0.0699135884642601,0.17800000309944153,0.23680000007152557
YKR063C,YER065C,0,-0.18110014,0.06988614052534103,0.17800000309944153,0.23690000176429749
YEL042W,YOR045W,0,-0.18117334,0.06985871493816376,0.17800000309944153,0.2370000034570694
YMR234W,YAR031W,0,-0.181185,0.06983130425214767,0.17800000309944153,0.2371000051498413
YGR218W,YDR529C,0,-0.18120092,0.06980392336845398,0.17800000309944153,0.23720000684261322
YOL003C,YHR214C-B,0,-0.18124841,0.06977655738592148,0.17800000309944153,0.23729999363422394
YER133W,YLR313C,0,-0.18133064,0.06974921375513077,0.17800000309944153,0.23739999532699585
YER120W,YKL022C,0,-0.18134175,0.06972189247608185,0.17800000309944153,0.23749999701976776
YNL292W,YPL200W,0,-0.18134522,0.06969459354877472,0.17800000309944153,0.23759999871253967
YNL131W,YOR181W,0,-0.18149957,0.06966731697320938,0.17800000309944153,0.23770000040531158
YLR106C,YJL052W,0,-0.18157427,0.06964006274938583,0.17800000309944153,0.2378000020980835
YPR041W,YDR329C,0,-0.18167734,0.06961283087730408,0.17800000309944153,0.2379000037908554
YLR139C,YCR028C-A,0,-0.1817031,0.06958561390638351,0.17800000309944153,0.23800000548362732
YDR517W,YJR092W,0,-0.18180986,0.06955841928720474,0.17800000309944153,0.23810000717639923
YPL040C,YHR138C,0,-0.18194455,0.06953124701976776,0.17800000309944153,0.23819999396800995
YHR020W,YGL061C,0,-0.18197903,0.06950409710407257,0.17800000309944153,0.23829999566078186
YDR140W,YKL138C-A,0,-0.1821237,0.06947696954011917,0.17800000309944153,0.23839999735355377
YLR007W,YMR235C,0,-0.18220578,0.06944986432790756,0.17800000309944153,0.23849999904632568
YGL212W,YDR018C,0,-0.18223478,0.06942277401685715,0.17800000309944153,0.2386000007390976
YPL257W-A,YLR009W,0,-0.18225585,0.06939571350812912,0.17800000309944153,0.2387000024318695
YOR356W,YNL025C,0,-0.18242313,0.06936866790056229,0.17800000309944153,0.23880000412464142
YMR232W,YPR133C,0,-0.18266456,0.06934164464473724,0.17800000309944153,0.23890000581741333
YLR010C,YJL124C,0,-0.18280225,0.06931464374065399,0.17800000309944153,0.23899999260902405
YOR344C,YDR151C,1,-0.18285412,0.06967692077159882,0.17900000512599945,0.23899999260902405
YML132W,YER029C,0,-0.18287842,0.06964980810880661,0.17900000512599945,0.23909999430179596
YHR092C,YLR172C,0,-0.18289839,0.0696227177977562,0.17900000512599945,0.23919999599456787
YHR001W,YGR075C,0,-0.18290447,0.06959564238786697,0.17900000512599945,0.23929999768733978
YDR508C,YDR078C,0,-0.18292509,0.06956859678030014,0.17900000512599945,0.2393999993801117
YBR037C,YGL105W,0,-0.18322727,0.0695415660738945,0.17900000512599945,0.2395000010728836
YKR095W-A,YEL029C,0,-0.18331982,0.06951456516981125,0.17900000512599945,0.23960000276565552
YNL221C,YGR109C,0,-0.183356,0.06948757916688919,0.17900000512599945,0.23970000445842743
YGL033W,YDR532C,0,-0.1833615,0.06946061551570892,0.17900000512599945,0.23980000615119934
YML046W,YPL065W,0,-0.18337847,0.06943366676568985,0.17900000512599945,0.23989999294281006
YDL028C,YOR185C,0,-0.18345086,0.06940674781799316,0.17900000512599945,0.23999999463558197
YER183C,YPL283C,0,-0.18349424,0.06937984377145767,0.17900000512599945,0.24009999632835388
YJL092W,YKL144C,0,-0.18353936,0.06935296207666397,0.17900000512599945,0.2401999980211258
YOL067C,YKL152C,0,-0.18366575,0.06932610273361206,0.17900000512599945,0.2402999997138977
YHR023W,YER026C,0,-0.18376692,0.06929926574230194,0.17900000512599945,0.24040000140666962
YCR062W,YBR279W,0,-0.18379988,0.06927244365215302,0.17900000512599945,0.24050000309944153
YKL152C,YMR204C,0,-0.18389414,0.06924565136432648,0.17900000512599945,0.24060000479221344
YCL026C-A,YOL082W,0,-0.18398704,0.06921887397766113,0.17900000512599945,0.24070000648498535
YGL144C,YDR176W,0,-0.18412142,0.06919211149215698,0.17900000512599945,0.24079999327659607
YJL110C,YIR013C,1,-0.1841601,0.06955178081989288,0.18000000715255737,0.24079999327659607
YGR060W,YHR119W,0,-0.18421407,0.06952491402626038,0.18000000715255737,0.24089999496936798
YIL023C,YEL026W,0,-0.18439496,0.06949806958436966,0.18000000715255737,0.2409999966621399
YGR008C,YDR143C,0,-0.18441088,0.06947124749422073,0.18000000715255737,0.2410999983549118
YML076C,YEL009C,1,-0.18446536,0.06983024626970291,0.1809999942779541,0.2410999983549118
YDR170C,YPL065W,0,-0.18453158,0.06980331987142563,0.1809999942779541,0.24120000004768372
YOR047C,YHR001W,0,-0.18462688,0.06977640837430954,0.1809999942779541,0.24130000174045563
YGL180W,YOR122C,0,-0.18464743,0.06974951922893524,0.1809999942779541,0.24140000343322754
YMR164C,YNL197C,0,-0.18469147,0.06972265243530273,0.1809999942779541,0.24150000512599945
YBR198C,YGL062W,0,-0.18471129,0.06969580054283142,0.1809999942779541,0.24160000681877136
YOL127W,YJL089W,0,-0.18477166,0.0696689784526825,0.1809999942779541,0.24169999361038208
YDR200C,YGR133W,0,-0.18478285,0.06964217126369476,0.1809999942779541,0.241799995303154
YPL161C,YDR164C,0,-0.18485992,0.06961538642644882,0.1809999942779541,0.2418999969959259
YBR022W,YOR127W,0,-0.18487945,0.06958861649036407,0.1809999942779541,0.24199999868869781
YLR014C,YPL133C,1,-0.18492506,0.06994619220495224,0.18199999630451202,0.24199999868869781
YGL225W,YLR035C-A,0,-0.18493299,0.06991932541131973,0.18199999630451202,0.24210000038146973
YBL020W,YLR078C,0,-0.18497458,0.06989247351884842,0.18199999630451202,0.24220000207424164
YGL135W,YPL192C,0,-0.18499525,0.0698656439781189,0.18199999630451202,0.24230000376701355
YGL212W,YLR229C,0,-0.18506843,0.06983883678913116,0.18199999630451202,0.24240000545978546
YDL132W,YDR436W,0,-0.18508916,0.06981204450130463,0.18199999630451202,0.24250000715255737
YDL138W,YPR124W,0,-0.18515185,0.06978527456521988,0.18199999630451202,0.2425999939441681
YKL092C,YNL250W,0,-0.18522985,0.06975852698087692,0.18199999630451202,0.24269999563694
YOR249C,YCL059C,0,-0.1853453,0.06973180174827576,0.18199999630451202,0.24279999732971191
YAL013W,YLR066W,0,-0.18537538,0.06970509141683578,0.18199999630451202,0.24289999902248383
YDL216C,YNR013C,0,-0.18539156,0.0696784108877182,0.18199999630451202,0.24300000071525574
YCR042C,YBR111W-A,0,-0.1854005,0.06965173780918121,0.18199999630451202,0.24310000240802765
YPR103W,YMR299C,0,-0.18540211,0.06962509453296661,0.18199999630451202,0.24320000410079956
YHL009C,YJL110C,1,-0.18545474,0.06998088210821152,0.18299999833106995,0.24320000410079956
YMR037C,YCR106W,1,-0.1854583,0.07033639401197433,0.18400000035762787,0.24320000410079956
YKL070W,YDR195W,0,-0.18551132,0.07030951231718063,0.18400000035762787,0.24330000579357147
YBR102C,YLL011W,0,-0.18553154,0.07028266042470932,0.18400000035762787,0.2433999925851822
YCR028C,YDR163W,0,-0.18560113,0.0702558234333992,0.18400000035762787,0.2434999942779541
YKL212W,YFR013W,0,-0.18560694,0.07022900879383087,0.18400000035762787,0.243599995970726
YKL208W,YBR158W,0,-0.18561703,0.07020221650600433,0.18400000035762787,0.24369999766349792
YMR078C,YNL230C,0,-0.18563184,0.07017543911933899,0.18400000035762787,0.24379999935626984
YJR026W,YJL194W,0,-0.18574797,0.07014868408441544,0.18400000035762787,0.24390000104904175
YIL080W,YDR088C,0,-0.18578295,0.07012195140123367,0.18400000035762787,0.24400000274181366
YPL249C,YJL168C,0,-0.18586846,0.0700952410697937,0.18400000035762787,0.24410000443458557
YER166W,YPL126W,0,-0.18587652,0.07006854563951492,0.18400000035762787,0.24420000612735748
YDL098C,YMR101C,0,-0.18591338,0.07004187256097794,0.18400000035762787,0.2442999929189682
YNL084C,YLR068W,0,-0.18593262,0.07001522183418274,0.18400000035762787,0.2443999946117401
YIL131C,YFL024C,0,-0.18598399,0.06998858600854874,0.18400000035762787,0.24449999630451202
YAL005C,YDR473C,0,-0.18607531,0.06996197998523712,0.18400000035762787,0.24459999799728394
YDL230W,YER120W,0,-0.18608676,0.0699353888630867,0.18400000035762787,0.24469999969005585
YGR042W,YDR077W,0,-0.18624336,0.06990881264209747,0.18400000035762787,0.24480000138282776
YNL313C,YGR270W,0,-0.18624642,0.06988226622343063,0.18400000035762787,0.24490000307559967
YBL100W-B,YGL004C,0,-0.1862565,0.06985573470592499,0.18400000035762787,0.24500000476837158
YKR053C,YMR048W,0,-0.18633927,0.06982922554016113,0.18400000035762787,0.2451000064611435
YGR057C,YBR061C,0,-0.18636893,0.06980273127555847,0.18400000035762787,0.2451999932527542
YDL170W,YLR013W,1,-0.18642457,0.07015547901391983,0.1850000023841858,0.2451999932527542
YBR048W,YOR142W-A,0,-0.18648358,0.07012888789176941,0.1850000023841858,0.24529999494552612
YPR100W,YBL063W,0,-0.1865539,0.07010231167078018,0.1850000023841858,0.24539999663829803
YGR042W,YOR085W,0,-0.18661386,0.07007575780153275,0.1850000023841858,0.24549999833106995
YCR062W,YCL060C,0,-0.18668419,0.0700492262840271,0.1850000023841858,0.24560000002384186
YMR237W,YDR179C,0,-0.18679655,0.07002270966768265,0.1850000023841858,0.24570000171661377
YIL046W,YGL027C,0,-0.186873,0.06999621540307999,0.1850000023841858,0.24580000340938568
YPL011C,YGL192W,0,-0.18694507,0.06996974349021912,0.1850000023841858,0.2459000051021576
YDR437W,YKL060C,0,-0.18700744,0.06994328647851944,0.1850000023841858,0.2460000067949295
YKL119C,YEL004W,0,-0.18702002,0.06991685926914215,0.1850000023841858,0.24609999358654022
YPL110C,YGR193C,0,-0.18717696,0.06989043951034546,0.1850000023841858,0.24619999527931213
YGL032C,YPL161C,0,-0.18722683,0.06986404955387115,0.1850000023841858,0.24629999697208405
YLR286C,YDR480W,0,-0.18727992,0.06983767449855804,0.1850000023841858,0.24639999866485596
YML098W,YDR245W,0,-0.18756138,0.06981132179498672,0.1850000023841858,0.24650000035762787
YLR405W,YGL255W,0,-0.18756168,0.0697849839925766,0.1850000023841858,0.24660000205039978
YDL130W,YML105C,0,-0.18774192,0.06975867599248886,0.1850000023841858,0.2467000037431717
YJL085W,YBR288C,0,-0.18778329,0.06973237544298172,0.1850000023841858,0.2468000054359436
YLR318W,YJR094C,0,-0.1877897,0.06970610469579697,0.1850000023841858,0.24690000712871552
YAR010C,YPL116W,0,-0.18788385,0.06967984884977341,0.1850000023841858,0.24699999392032623
YGL096W,YHR084W,1,-0.18791987,0.07003012299537659,0.1860000044107437,0.24699999392032623
YCL005W-A,YPR199C,0,-0.18792735,0.07000376284122467,0.1860000044107437,0.24709999561309814
YOR363C,YOL124C,0,-0.18798323,0.06997742503881454,0.1860000044107437,0.24719999730587006
YGL119W,YML092C,0,-0.18802363,0.06995110958814621,0.1860000044107437,0.24729999899864197
YHL011C,YLR109W,0,-0.18808886,0.06992480903863907,0.1860000044107437,0.24740000069141388
YDR030C,YER173W,0,-0.18811394,0.06989853084087372,0.1860000044107437,0.2475000023841858
YDR098C-B,YHR019C,0,-0.18812416,0.06987227499485016,0.1860000044107437,0.2476000040769577
YOR116C,YNR059W,0,-0.18816142,0.06984604150056839,0.1860000044107437,0.24770000576972961
YAL022C,YNL333W,0,-0.18838409,0.06981982290744781,0.1860000044107437,0.24779999256134033
YLR047C,YNL102W,0,-0.188552,0.06979361921548843,0.1860000044107437,0.24789999425411224
YPR072W,YDR418W,0,-0.18870835,0.06976744532585144,0.1860000044107437,0.24799999594688416
YCR086W,YGR225W,0,-0.18875755,0.06974127888679504,0.1860000044107437,0.24809999763965607
YER014C-A,YMR231W,0,-0.18887112,0.06971514225006104,0.1860000044107437,0.24819999933242798
YJL047C,YMR235C,0,-0.18899532,0.06968902051448822,0.1860000044107437,0.2483000010251999
YDR272W,YOR144C,0,-0.18901698,0.0696629211306572,0.1860000044107437,0.2484000027179718
YOR295W,YJR065C,0,-0.18913698,0.06963683664798737,0.1860000044107437,0.2485000044107437
YDL007W,YGL225W,0,-0.18914063,0.06961078196763992,0.1860000044107437,0.24860000610351562
YHR090C,YPL028W,0,-0.18931395,0.06958473473787308,0.1860000044107437,0.24869999289512634
YDR379W,YPL271W,0,-0.18960766,0.06955870985984802,0.1860000044107437,0.24879999458789825
YDR484W,YDL134C,0,-0.1896113,0.06953270733356476,0.1860000044107437,0.24889999628067017
YMR091C,YPR185W,0,-0.1897101,0.06950672715902328,0.1860000044107437,0.24899999797344208
YKR019C,YCL063W,0,-0.18973087,0.069480761885643,0.1860000044107437,0.249099999666214
YPR137C-B,YGL061C,0,-0.18976478,0.06945481896400452,0.1860000044107437,0.2492000013589859
YJL041W,YNL078W,0,-0.18982188,0.06942889094352722,0.1860000044107437,0.2493000030517578
YKL138C-A,YDL085W,0,-0.1898566,0.06940298527479172,0.1860000044107437,0.24940000474452972
YLR347C,YOL130W,0,-0.1901458,0.06937709450721741,0.1860000044107437,0.24950000643730164
YDR130C,YCR040W,0,-0.19014771,0.06935123354196548,0.1860000044107437,0.24959999322891235
YMR022W,YLR110C,0,-0.19018328,0.06932538002729416,0.1860000044107437,0.24969999492168427
YBR084W,YHR001W-A,0,-0.19019343,0.06929955631494522,0.1860000044107437,0.24979999661445618
YMR232W,YNL248C,0,-0.19021462,0.06927374005317688,0.1860000044107437,0.2498999983072281
YDR479C,YPL050C,0,-0.1902539,0.06924795359373093,0.1860000044107437,0.25
YPR010C,YML047C,0,-0.19026525,0.06922218203544617,0.1860000044107437,0.2500999867916107
YNL243W,YNL278W,0,-0.19045013,0.0691964253783226,0.1860000044107437,0.2502000033855438
YKL093W,YHR041C,0,-0.19054875,0.06917069852352142,0.1860000044107437,0.25029999017715454
YJR145C,YLR320W,0,-0.19057728,0.06914497911930084,0.1860000044107437,0.25040000677108765
YCR026C,YKL170W,0,-0.19061266,0.06911928951740265,0.1860000044107437,0.25049999356269836
YGR169C,YEL063C,0,-0.1909235,0.06909360736608505,0.1860000044107437,0.25060001015663147
YKL059C,YLL006W,0,-0.19093293,0.06906795501708984,0.1860000044107437,0.2506999969482422
YJL110C,YOR380W,1,-0.19098656,0.06941351294517517,0.18700000643730164,0.2506999969482422
YKL178C,YPR201W,0,-0.19115983,0.0693877562880516,0.18700000643730164,0.2508000135421753
YML092C,YDR156W,0,-0.19116671,0.06936201453208923,0.18700000643730164,0.250900000333786
YPR179C,YOL147C,0,-0.19118948,0.06933630257844925,0.18700000643730164,0.25099998712539673
YPR171W,YOR347C,0,-0.19122192,0.06931059807538986,0.18700000643730164,0.25110000371932983
YKL043W,YGR249W,1,-0.19127184,0.06965542584657669,0.18799999356269836,0.25110000371932983
YOR084W,YBR111W-A,0,-0.19129354,0.06962963193655014,0.18799999356269836,0.25119999051094055
YOR011W,YPL269W,0,-0.19131829,0.06960385292768478,0.18799999356269836,0.25130000710487366
YGR059W,YHR030C,0,-0.1913313,0.06957808881998062,0.18799999356269836,0.2513999938964844
YLR219W,YJL004C,0,-0.19133863,0.06955234706401825,0.18799999356269836,0.2515000104904175
YKL088W,YDR273W,0,-0.19138384,0.06952662765979767,0.18799999356269836,0.2515999972820282
YDR079C-A,YJR119C,0,-0.19141084,0.06950092315673828,0.18799999356269836,0.2517000138759613
YNL070W,YNL001W,0,-0.19142656,0.06947524100542068,0.18799999356269836,0.251800000667572
YAL035W,YPL192C,0,-0.1914457,0.06944957375526428,0.18799999356269836,0.25189998745918274
YER040W,YIR013C,1,-0.19149522,0.069793201982975,0.1889999955892563,0.25189998745918274
YDR210C-D,YGR038W,0,-0.19153158,0.06976744532585144,0.1889999955892563,0.25200000405311584
YKL138C-A,YHR061C,0,-0.19159602,0.06974169611930847,0.1889999955892563,0.25209999084472656
YOL128C,YAL011W,0,-0.19169931,0.0697159692645073,0.1889999955892563,0.25220000743865967
YIL167W,YLR009W,0,-0.19178917,0.0696902647614479,0.1889999955892563,0.2522999942302704
YGL119W,YML099C,0,-0.1918094,0.06966457515954971,0.1889999955892563,0.2524000108242035
YJR135C,YNL247W,0,-0.19194128,0.06963890790939331,0.1889999955892563,0.2524999976158142
YJL039C,YNR064C,0,-0.19196282,0.0696132630109787,0.1889999955892563,0.2526000142097473
YNL270C,YHL025W,0,-0.19202718,0.06958762556314468,0.1889999955892563,0.25270000100135803
YOL066C,YLR153C,0,-0.19204602,0.06956201791763306,0.1889999955892563,0.25279998779296875
YDR432W,YOR284W,0,-0.19209631,0.06953642517328262,0.1889999955892563,0.25290000438690186
YLR259C,YGL105W,0,-0.19226371,0.06951084733009338,0.1889999955892563,0.2529999911785126
YGR169C,YMR204C,0,-0.19229248,0.06948529183864594,0.1889999955892563,0.2531000077724457
YDR079C-A,YJR135C,0,-0.1922999,0.06945975869894028,0.1889999955892563,0.2531999945640564
YHL022C,YGR037C,0,-0.19239073,0.06943424046039581,0.1889999955892563,0.2533000111579895
YCL034W,YNL129W,0,-0.19253545,0.06940873712301254,0.1889999955892563,0.2533999979496002
YCR063W,YBR103W,0,-0.1925553,0.06938326358795166,0.1889999955892563,0.2535000145435333
YGR048W,YER178W,0,-0.19256037,0.06935779750347137,0.1889999955892563,0.25360000133514404
YPL155C,YBR034C,0,-0.1928039,0.06933235377073288,0.1889999955892563,0.25369998812675476
YPL276W,YMR065W,0,-0.19280607,0.06930693238973618,0.1889999955892563,0.25380000472068787
YDR353W,YDR097C,0,-0.1928937,0.06928152590990067,0.1889999955892563,0.2538999915122986
YNL169C,YJL112W,0,-0.19292945,0.06925613433122635,0.1889999955892563,0.2540000081062317
YLR219W,YNL313C,0,-0.19295743,0.06923077255487442,0.1889999955892563,0.2540999948978424
YNL161W,YLR181C,0,-0.19310352,0.06920541822910309,0.1889999955892563,0.2542000114917755
YPR074C,YPR186C,0,-0.19310792,0.06918008625507355,0.1889999955892563,0.25429999828338623
YDL197C,YCL061C,0,-0.19311386,0.0691547766327858,0.1889999955892563,0.25440001487731934
YPL155C,YBR217W,0,-0.19313072,0.06912948191165924,0.1889999955892563,0.25450000166893005
YLR002C,YLR248W,0,-0.19324245,0.06910420209169388,0.1889999955892563,0.25459998846054077
YFL058W,YKR036C,0,-0.19325106,0.0690789446234703,0.1889999955892563,0.2547000050544739
YNL299W,YLR048W,0,-0.19349556,0.06905370950698853,0.1889999955892563,0.2547999918460846
YMR268C,YNL046W,0,-0.19364841,0.06902848929166794,0.1889999955892563,0.2549000084400177
YOR349W,YML049C,0,-0.19388637,0.06900328397750854,0.1889999955892563,0.2549999952316284
YKR057W,YJR094C,0,-0.19394127,0.06897810101509094,0.1889999955892563,0.2551000118255615
YLR071C,YLR155C,0,-0.19406103,0.06895294040441513,0.1889999955892563,0.25519999861717224
YHR181W,YHR092C,0,-0.1941558,0.06892778724431992,0.1889999955892563,0.25529998540878296
YPL256C,YNL243W,0,-0.19417639,0.06890266388654709,0.1889999955892563,0.25540000200271606
YMR069W,YDR320C-A,0,-0.19427599,0.06887754797935486,0.1889999955892563,0.2554999887943268
YJL074C,YMR296C,0,-0.1942971,0.06885246187448502,0.1889999955892563,0.2556000053882599
YPL170W,YMR319C,0,-0.19434358,0.06882738322019577,0.1889999955892563,0.2556999921798706
YKL088W,YOL104C,0,-0.19442882,0.06880232691764832,0.1889999955892563,0.2558000087738037
YKL208W,YDL093W,0,-0.19442971,0.06877729296684265,0.1889999955892563,0.25589999556541443
YOL090W,YBL061C,0,-0.19443376,0.06875227391719818,0.1889999955892563,0.25600001215934753
YDL232W,YER108C,0,-0.19447641,0.0687272697687149,0.1889999955892563,0.25609999895095825
YDL047W,YLR068W,0,-0.19447689,0.06870228797197342,0.1889999955892563,0.25619998574256897
YFL060C,YML112W,0,-0.19451153,0.06867732852697372,0.1889999955892563,0.2563000023365021
YGL115W,YOR026W,0,-0.19458385,0.06865237653255463,0.1889999955892563,0.2563999891281128
YKL025C,YBL005W-B,0,-0.1946388,0.06862745434045792,0.1889999955892563,0.2565000057220459
YDR258C,YOR338W,0,-0.19470994,0.0686025395989418,0.1889999955892563,0.2565999925136566
YML109W,YOR063W,0,-0.19473802,0.06857764720916748,0.1889999955892563,0.2567000091075897
YMR092C,YGR098C,0,-0.1947771,0.06855277717113495,0.1889999955892563,0.25679999589920044
YGL104C,YML047C,0,-0.19478299,0.06852792203426361,0.1889999955892563,0.25690001249313354
YDR261C-D,YOR201C,0,-0.19481279,0.06850308179855347,0.1889999955892563,0.25699999928474426
YPR137C-B,YHR021C,0,-0.19481279,0.06847826391458511,0.1889999955892563,0.257099986076355
YER013W,YJL178C,0,-0.19483244,0.06845346093177795,0.1889999955892563,0.2572000026702881
YLR301W,YKL179C,0,-0.1952178,0.06842867285013199,0.1889999955892563,0.2572999894618988
YLR214W,YLR084C,0,-0.19532686,0.06840390712022781,0.1889999955892563,0.2574000060558319
YMR309C,YDR170W-A,0,-0.1955126,0.06837916374206543,0.1889999955892563,0.2574999928474426
YPL012W,YDL013W,0,-0.19554067,0.06835442781448364,0.1889999955892563,0.25760000944137573
YDL178W,YBR298C,0,-0.19570242,0.06832972168922424,0.1889999955892563,0.25769999623298645
YHR085W,YDR080W,0,-0.19575241,0.06830502301454544,0.1889999955892563,0.25780001282691956
YPL149W,YFL026W,0,-0.19590764,0.06828034669160843,0.1889999955892563,0.2578999996185303
YJL173C,YBR050C,0,-0.19593108,0.06825568526983261,0.1889999955892563,0.257999986410141
YGL249W,YPR072W,0,-0.19593725,0.06823104619979858,0.1889999955892563,0.2581000030040741
YHL034C,YKL203C,0,-0.1960562,0.06820642203092575,0.1889999955892563,0.2581999897956848
YJL054W,YOL126C,0,-0.19636838,0.06818182021379471,0.1889999955892563,0.2583000063896179
YMR303C,YGL017W,0,-0.19645244,0.06815723329782486,0.1889999955892563,0.25839999318122864
YOR386W,YPL029W,0,-0.19650054,0.0681326612830162,0.1889999955892563,0.25850000977516174
YDR423C,YGL075C,0,-0.19659089,0.06810811161994934,0.1889999955892563,0.25859999656677246
YLR270W,YFL058W,0,-0.19663467,0.06808357685804367,0.1889999955892563,0.25870001316070557
YDR457W,YOL068C,0,-0.19664139,0.0680590569972992,0.1889999955892563,0.2587999999523163
YGL004C,YAL001C,0,-0.19667943,0.06803455948829651,0.1889999955892563,0.258899986743927
YPL106C,YER045C,0,-0.19669053,0.06801007688045502,0.1889999955892563,0.2590000033378601
YNL288W,YGR177C,0,-0.19674714,0.06798560917377472,0.1889999955892563,0.2590999901294708
YBR022W,YLR215C,0,-0.1967779,0.06796116381883621,0.1889999955892563,0.25920000672340393
YNL128W,YER083C,0,-0.19684915,0.0679367333650589,0.1889999955892563,0.25929999351501465
YHR124W,YHR206W,1,-0.19708806,0.06827165186405182,0.1899999976158142,0.25929999351501465
YPL160W,YOR171C,0,-0.19711833,0.06824712455272675,0.1899999976158142,0.25940001010894775
YDL170W,YEL009C,1,-0.19721511,0.06858168542385101,0.19099999964237213,0.25940001010894775
YBR182C,YGL096W,1,-0.19725128,0.06891600787639618,0.19200000166893005,0.25940001010894775
YHR178W,YLR098C,1,-0.19725958,0.06925009191036224,0.19300000369548798,0.25940001010894775
YML109W,YGR161C,0,-0.19727828,0.0692252516746521,0.19300000369548798,0.25949999690055847
YOL123W,YPL137C,0,-0.19728015,0.06920043379068375,0.19300000369548798,0.2596000134944916
YKR095W-A,YDR480W,0,-0.19728865,0.06917563080787659,0.19300000369548798,0.2597000002861023
YHR157W,YKR065C,0,-0.1974098,0.06915084272623062,0.19300000369548798,0.259799987077713
YCL075W,YJL072C,0,-0.19741842,0.06912607699632645,0.19300000369548798,0.2599000036716461
YAR014C,YHR152W,0,-0.19749086,0.06910132616758347,0.19300000369548798,0.25999999046325684
YDR393W,YJL060W,0,-0.19756436,0.06907659024000168,0.19300000369548798,0.26010000705718994
YML008C,YDR231C,0,-0.19756736,0.06905187666416168,0.19300000369548798,0.26019999384880066
YKL085W,YBL005W-B,0,-0.19759883,0.06902717798948288,0.19300000369548798,0.26030001044273376
YPL065W,YCR067C,0,-0.19761534,0.06900250166654587,0.19300000369548798,0.2603999972343445
YDL190C,YBL005W-B,0,-0.19764407,0.06897784024477005,0.19300000369548798,0.2605000138282776
YML043C,YDL225W,0,-0.19765155,0.06895320117473602,0.19300000369548798,0.2606000006198883
YIL010W,YMR001C,0,-0.19769655,0.06892856955528259,0.19300000369548798,0.260699987411499
YOR266W,YLR068W,0,-0.19781388,0.06890396028757095,0.19300000369548798,0.26080000400543213
YLL017W,YBR091C,0,-0.19786526,0.0688793733716011,0.19300000369548798,0.26089999079704285
YKL019W,YBR254C,0,-0.19791062,0.06885480135679245,0.19300000369548798,0.26100000739097595
YJL071W,YOR340C,0,-0.19792624,0.06883024424314499,0.19300000369548798,0.26109999418258667
YKL101W,YGR092W,0,-0.19803585,0.06880570203065872,0.19300000369548798,0.2612000107765198
YPL010W,YHL040C,0,-0.19811298,0.06878118216991425,0.19300000369548798,0.2612999975681305
YCR060W,YKL206C,0,-0.19818126,0.06875667721033096,0.19300000369548798,0.2614000141620636
YJL014W,YBR159W,0,-0.19822817,0.06873219460248947,0.19300000369548798,0.2615000009536743
YMR014W,YCR028C-A,0,-0.19840051,0.06870772689580917,0.19300000369548798,0.26159998774528503
YFR034C,YIR013C,1,-0.1984542,0.06903914362192154,0.1940000057220459,0.26159998774528503
YLR026C,YOR328W,0,-0.19864771,0.06901458650827408,0.1940000057220459,0.26170000433921814
YIL150C,YNR034W,0,-0.19874667,0.06899004429578781,0.1940000057220459,0.26179999113082886
YDL190C,YGR213C,0,-0.1987486,0.06896551698446274,0.1940000057220459,0.26190000772476196
YJL021C,YDR377W,0,-0.19883174,0.06894101202487946,0.1940000057220459,0.2619999945163727
YLR127C,YDR495C,0,-0.19884068,0.06891652196645737,0.1940000057220459,0.2621000111103058
YLR026C,YBR280C,0,-0.19886468,0.06889204680919647,0.1940000057220459,0.2621999979019165
YBR192W,YOR240W,0,-0.19898395,0.06886758655309677,0.1940000057220459,0.2623000144958496
YBR250W,YPR095C,0,-0.1991134,0.06884314864873886,0.1940000057220459,0.2624000012874603
YOR084W,YCL062W,0,-0.1991904,0.06881873309612274,0.1940000057220459,0.26249998807907104
YLR427W,YHR204W,0,-0.19919355,0.06879432499408722,0.1940000057220459,0.26260000467300415
YML098W,YOR260W,0,-0.19920896,0.06876993924379349,0.1940000057220459,0.26269999146461487
YDR079C-A,YJL012C,0,-0.19928412,0.06874556839466095,0.1940000057220459,0.262800008058548
YNL298W,YDR279W,0,-0.19948839,0.0687212198972702,0.1940000057220459,0.2628999948501587
YMR292W,YDR221W,0,-0.199527,0.06869688630104065,0.1940000057220459,0.2630000114440918
YKL182W,YIR019C,0,-0.1996338,0.06867256760597229,0.1940000057220459,0.2630999982357025
YDR284C,YPL139C,0,-0.19984503,0.06864826381206512,0.1940000057220459,0.2632000148296356
YGL027C,YAL011W,0,-0.19991511,0.06862398236989975,0.1940000057220459,0.26330000162124634
YDR216W,YHR124W,1,-0.2000271,0.06895332038402557,0.19499999284744263,0.26330000162124634
YPR111W,YER174C,0,-0.20005958,0.06892894953489304,0.19499999284744263,0.26339998841285706
YER040W,YDR501W,1,-0.20019,0.069257952272892,0.19599999487400055,0.26339998841285706
YJR028W,YBL069W,0,-0.2002257,0.0692334845662117,0.19599999487400055,0.26350000500679016
YDR316W-B,YOR254C,0,-0.20049185,0.0692090392112732,0.19599999487400055,0.2635999917984009
YNL038W,YDR213W,0,-0.20057134,0.06918460875749588,0.19599999487400055,0.263700008392334
YJL006C,YKL012W,0,-0.20066954,0.06916020065546036,0.19599999487400055,0.2637999951839447
YAL009W,YNL274C,0,-0.2007101,0.06913580000400543,0.19599999487400055,0.2639000117778778
YGL071W,YLR098C,1,-0.2008027,0.06946403533220291,0.19699999690055847,0.2639000117778778
YOR120W,YNL236W,0,-0.20080918,0.06943954527378082,0.19699999690055847,0.2639999985694885
YGL225W,YPL116W,0,-0.20085493,0.06941507756710052,0.19699999690055847,0.26409998536109924
YDL020C,YOR344C,1,-0.20100708,0.06974286586046219,0.1979999989271164,0.26409998536109924
YGR284C,YDR173C,0,-0.20101695,0.06971830874681473,0.1979999989271164,0.26420000195503235
YDR137W,YBL078C,0,-0.20110075,0.06969376653432846,0.1979999989271164,0.26429998874664307
YMR301C,YOR168W,0,-0.20117576,0.06966924667358398,0.1979999989271164,0.26440000534057617
YMR075W,YOR003W,0,-0.20119058,0.0696447417140007,0.1979999989271164,0.2644999921321869
YBR159W,YGR161C-C,0,-0.20124905,0.06962025165557861,0.1979999989271164,0.26460000872612
YOR116C,YLR200W,0,-0.20142333,0.06959578394889832,0.1979999989271164,0.2646999955177307
YDR545W,YDR377W,0,-0.20143713,0.06957133114337921,0.1979999989271164,0.2648000121116638
YAL031C,YHR061C,0,-0.20144707,0.0695468932390213,0.1979999989271164,0.26489999890327454
YOL125W,YJL062W,0,-0.20145674,0.06952247023582458,0.1979999989271164,0.26499998569488525
YDR361C,YGR005C,0,-0.20146377,0.06949806958436966,0.1979999989271164,0.26510000228881836
YPL195W,YNR034W,0,-0.20156127,0.06947368383407593,0.1979999989271164,0.2651999890804291
YDR342C,YML067C,0,-0.201562,0.06944931298494339,0.1979999989271164,0.2653000056743622
YDL150W,YPR134W,0,-0.20156534,0.06942496448755264,0.1979999989271164,0.2653999924659729
YPL128C,YLR014C,1,-0.20159659,0.06975113600492477,0.19900000095367432,0.2653999924659729
YBL088C,YOR201C,0,-0.20179996,0.06972669810056686,0.19900000095367432,0.265500009059906
YCR063W,YLR234W,0,-0.20189951,0.06970227509737015,0.19900000095367432,0.2655999958515167
YDR018C,YIL084C,0,-0.20191367,0.06967787444591522,0.19900000095367432,0.26570001244544983
YDL213C,YNL286W,0,-0.20201357,0.0696534812450409,0.19900000095367432,0.26579999923706055
YMR165C,YJR069C,0,-0.20205764,0.06962911039590836,0.19900000095367432,0.26589998602867126
YFR046C,YNL153C,0,-0.20210966,0.06960475444793701,0.19900000095367432,0.26600000262260437
YBR041W,YNL312W,0,-0.20213933,0.06958042085170746,0.19900000095367432,0.2660999894142151
YNR052C,YHR143W,0,-0.2021851,0.0695561021566391,0.19900000095367432,0.2662000060081482
YER149C,YBR265W,0,-0.20220886,0.06953179836273193,0.19900000095367432,0.2662999927997589
YNL133C,YGL065C,0,-0.20227887,0.06950750946998596,0.19900000095367432,0.266400009393692
YFR048W,YNL318C,0,-0.20240949,0.06948324292898178,0.19900000095367432,0.26649999618530273
YIL056W,YLR066W,0,-0.2025435,0.0694589912891388,0.19900000095367432,0.26660001277923584
YMR268C,YAL025C,0,-0.20255263,0.069434754550457,0.19900000095367432,0.26669999957084656
YJL048C,YJR069C,0,-0.20261158,0.0694105327129364,0.19900000095367432,0.2667999863624573
YKL200C,YCL059C,0,-0.20277467,0.06938633322715759,0.19900000095367432,0.2669000029563904
YNL327W,YPR057W,0,-0.20280442,0.06936214864253998,0.19900000095367432,0.2669999897480011
YOR045W,YLL003W,0,-0.20283855,0.06933797895908356,0.19900000095367432,0.2671000063419342
YBR038W,YOR250C,0,-0.20291184,0.06931383162736893,0.19900000095367432,0.2671999931335449
YJL110C,YLR014C,1,-0.20305665,0.06963787972927094,0.20000000298023224,0.2671999931335449
YOR179C,YOL135C,0,-0.20311572,0.06961364299058914,0.20000000298023224,0.267300009727478
YOR171C,YPL031C,0,-0.20312828,0.06958942115306854,0.20000000298023224,0.26739999651908875
YNL259C,YOR267C,0,-0.20314059,0.06956521421670914,0.20000000298023224,0.26750001311302185
YNL284C-B,YPL010W,0,-0.20314205,0.06954102963209152,0.20000000298023224,0.26759999990463257
YCR066W,YJR049C,0,-0.20318228,0.0695168599486351,0.20000000298023224,0.2676999866962433
YGR152C,YGL210W-A,0,-0.2032784,0.06949270516633987,0.20000000298023224,0.2678000032901764
YGL181W,YLL016W,0,-0.20340379,0.06946856528520584,0.20000000298023224,0.2678999900817871
YNL048W,YKL203C,0,-0.2034276,0.0694444477558136,0.20000000298023224,0.2680000066757202
YML058W-A,YDR194C,0,-0.20355393,0.06942033767700195,0.20000000298023224,0.26809999346733093
YFL060C,YIL143C,0,-0.20371446,0.0693962499499321,0.20000000298023224,0.26820001006126404
YPL065W,YDR165W,0,-0.2038548,0.06937218457460403,0.20000000298023224,0.26829999685287476
YKL108W,YNL030W,0,-0.20407772,0.06934812664985657,0.20000000298023224,0.26840001344680786
YPL233W,YGR246C,0,-0.2040943,0.06932409107685089,0.20000000298023224,0.2685000002384186
YKL046C,YBR275C,0,-0.20417097,0.06930007040500641,0.20000000298023224,0.2685999870300293
YML129C,YMR232W,0,-0.20419814,0.06927606463432312,0.20000000298023224,0.2687000036239624
YDR022C,YJL168C,0,-0.20423664,0.06925208121538162,0.20000000298023224,0.2687999904155731
YDL230W,YOR307C,0,-0.20425814,0.06922810524702072,0.20000000298023224,0.2689000070095062
YBR072W,YJL146W,0,-0.20429114,0.06920415163040161,0.20000000298023224,0.26899999380111694
YCL040W,YEL002C,0,-0.20429946,0.0691802129149437,0.20000000298023224,0.26910001039505005
YOR304W,YPR068C,0,-0.20443477,0.06915629655122757,0.20000000298023224,0.26919999718666077
YOR014W,YDR296W,0,-0.20444152,0.06913238763809204,0.20000000298023224,0.26930001378059387
YOR257W,YJL192C,0,-0.20461027,0.0691085010766983,0.20000000298023224,0.2694000005722046
YPL283C,YOR232W,0,-0.20462124,0.06908462941646576,0.20000000298023224,0.2694999873638153
YDR451C,YPR030W,0,-0.20463456,0.06906077265739441,0.20000000298023224,0.2696000039577484
YER014C-A,YGR005C,0,-0.20465915,0.06903693825006485,0.20000000298023224,0.26969999074935913
YPL112C,YHL025W,0,-0.20466144,0.06901311129331589,0.20000000298023224,0.26980000734329224
YLR148W,YKL002W,0,-0.20488612,0.06898930668830872,0.20000000298023224,0.26989999413490295
YDR446W,YOR243C,0,-0.2049652,0.06896551698446274,0.20000000298023224,0.27000001072883606
YGL129C,YNL078W,0,-0.20499015,0.06894174218177795,0.20000000298023224,0.2700999975204468
YBR256C,YLR157C,0,-0.20502034,0.06891798973083496,0.20000000298023224,0.2702000141143799
YNL070W,YMR135C,0,-0.20505865,0.06889424473047256,0.20000000298023224,0.2703000009059906
YBL069W,YDR297W,0,-0.2051205,0.06887052208185196,0.20000000298023224,0.2703999876976013
YMR059W,YPL144W,0,-0.20520796,0.06884681433439255,0.20000000298023224,0.2705000042915344
YDR501W,YPL133C,1,-0.2053192,0.06916724145412445,0.20100000500679016,0.2705000042915344
YMR186W,YJR026W,0,-0.20549814,0.06914344429969788,0.20100000500679016,0.27059999108314514
YBL042C,YGR225W,0,-0.20560789,0.06911966949701309,0.20100000500679016,0.27070000767707825
YOR356W,YKR031C,0,-0.20560916,0.0690959095954895,0.20100000500679016,0.27079999446868896
YIL125W,YLR314C,0,-0.20562612,0.0690721645951271,0.20100000500679016,0.27090001106262207
YGL249W,YLR096W,0,-0.20575897,0.0690484344959259,0.20100000500679016,0.2709999978542328
YML113W,YGL008C,0,-0.20577347,0.06902472674846649,0.20100000500679016,0.2711000144481659
YGR152C,YJR155W,0,-0.20578405,0.06900102645158768,0.20100000500679016,0.2712000012397766
YLR447C,YJL074C,0,-0.20579474,0.06897734850645065,0.20100000500679016,0.27129998803138733
YPL146C,YER052C,0,-0.20587869,0.06895368546247482,0.20100000500679016,0.27140000462532043
YMR058W,YPR133W-A,0,-0.2061101,0.06893004477024078,0.20100000500679016,0.27149999141693115
YNL059C,YPL228W,0,-0.20612518,0.06890641152858734,0.20100000500679016,0.27160000801086426
YGR206W,YJL222W,0,-0.20620666,0.06888279318809509,0.20100000500679016,0.271699994802475
YDL200C,YHR196W,0,-0.20632075,0.06885919719934464,0.20100000500679016,0.2718000113964081
YDR013W,YNL177C,0,-0.20632963,0.06883561611175537,0.20100000500679016,0.2718999981880188
YNL297C,YOR156C,0,-0.2063502,0.0688120499253273,0.20100000500679016,0.2720000147819519
YJR121W,YLR005W,0,-0.20635088,0.06878849864006042,0.20100000500679016,0.2721000015735626
YGR214W,YCR102C,0,-0.20655452,0.06876496970653534,0.20100000500679016,0.27219998836517334
YDL028C,YJL219W,0,-0.20660038,0.06874144822359085,0.20100000500679016,0.27230000495910645
YBR164C,YKL185W,0,-0.20684288,0.06871794909238815,0.20100000500679016,0.27239999175071716
YMR172W,YKL013C,0,-0.2068471,0.06869446486234665,0.20100000500679016,0.27250000834465027
YLR447C,YBR012W-A,0,-0.20689216,0.06867099553346634,0.20100000500679016,0.272599995136261
YIL101C,YDR501W,1,-0.20691867,0.06898906826972961,0.20200000703334808,0.272599995136261
YDR200C,YMR240C,0,-0.20693474,0.06896551698446274,0.20200000703334808,0.2727000117301941
YAL022C,YOL043C,0,-0.2073643,0.06894198060035706,0.20200000703334808,0.2727999985218048
YDR449C,YIL114C,0,-0.20756924,0.06891845911741257,0.20200000703334808,0.2728999853134155
YBR153W,YFR024C-A,0,-0.20759887,0.06889495253562927,0.20200000703334808,0.27300000190734863
YDL229W,YGR057C,0,-0.20768832,0.06887146085500717,0.20200000703334808,0.27309998869895935
YDR345C,YER001W,0,-0.2079144,0.06884799152612686,0.20200000703334808,0.27320000529289246
YJL138C,YBR020W,0,-0.2081166,0.06882452964782715,0.20200000703334808,0.2732999920845032
YKL112W,YCR106W,1,-0.20818014,0.069141685962677,0.2029999941587448,0.2732999920845032
YMR032W,YIL023C,0,-0.20827813,0.06911814957857132,0.2029999941587448,0.2734000086784363
YMR273C,YJL060W,0,-0.2083006,0.06909462064504623,0.2029999941587448,0.273499995470047
YNL008C,YLR150W,0,-0.20832302,0.06907111406326294,0.2029999941587448,0.2736000120639801
YDR436W,YPL118W,0,-0.20840728,0.06904762238264084,0.2029999941587448,0.2736999988555908
YKL092C,YNL079C,0,-0.20848428,0.06902413815259933,0.2029999941587448,0.27379998564720154
YGL051W,YPL254W,0,-0.20852189,0.06900067627429962,0.2029999941587448,0.27390000224113464
YBR257W,YDL079C,0,-0.20864093,0.0689772367477417,0.2029999941587448,0.27399998903274536
YJL071W,YCR062W,0,-0.20864224,0.06895380467176437,0.2029999941587448,0.27410000562667847
YJL186W,YNL145W,0,-0.20865262,0.06893038749694824,0.2029999941587448,0.2741999924182892
YOR305W,YPL053C,0,-0.20867215,0.0689069926738739,0.2029999941587448,0.2743000090122223
YHL011C,YFL003C,0,-0.20881458,0.06888361275196075,0.2029999941587448,0.274399995803833
YDR023W,YGR161C-D,0,-0.20882107,0.0688602477312088,0.2029999941587448,0.2745000123977661
YGL047W,YGL065C,0,-0.2088546,0.06883689016103745,0.2029999941587448,0.27459999918937683
YOL067C,YBR077C,0,-0.20886591,0.06881356239318848,0.2029999941587448,0.27469998598098755
YER045C,YDL134C,0,-0.20899753,0.0687902420759201,0.2029999941587448,0.27480000257492065
YPL193W,YJL145W,0,-0.20900801,0.06876693665981293,0.2029999941587448,0.27489998936653137
YMR016C,YGL096W,1,-0.20903622,0.06908228993415833,0.20399999618530273,0.27489998936653137
YHR152W,YML109W,0,-0.2090483,0.06905890256166458,0.20399999618530273,0.2750000059604645
YDR082W,YNL236W,0,-0.2091292,0.06903553009033203,0.20399999618530273,0.2750999927520752
YDR137W,YOR143C,0,-0.20914532,0.06901217997074127,0.20399999618530273,0.2752000093460083
YJR033C,YGL207W,0,-0.2091821,0.06898883730173111,0.20399999618530273,0.275299996137619
YNL287W,YJL072C,0,-0.20926772,0.06896551698446274,0.20399999618530273,0.2754000127315521
YCL001W,YNL177C,0,-0.20934996,0.06894221156835556,0.20399999618530273,0.27549999952316284
YDR087C,YOR103C,0,-0.20949517,0.06891892105340958,0.20399999618530273,0.27559998631477356
YEL032W,YNL251C,0,-0.20949759,0.06889564543962479,0.20399999618530273,0.27570000290870667
YMR292W,YHR020W,0,-0.20951296,0.06887238472700119,0.20399999618530273,0.2757999897003174
YJL019W,YJL222W,0,-0.20958523,0.06884913891553879,0.20399999618530273,0.2759000062942505
YJR155W,YJL204C,0,-0.209908,0.06882590800523758,0.20399999618530273,0.2759999930858612
YPL155C,YOR266W,0,-0.20997109,0.06880269944667816,0.20399999618530273,0.2761000096797943
YBL093C,YNL078W,0,-0.20999229,0.06877949833869934,0.20399999618530273,0.27619999647140503
YPR023C,YHR020W,0,-0.20999716,0.06875631958246231,0.20399999618530273,0.27630001306533813
YNL054W,YPL283C,0,-0.21004811,0.06873315572738647,0.20399999618530273,0.27639999985694885
YFL018W-A,YDR147W,0,-0.21006937,0.06871000677347183,0.20399999618530273,0.27649998664855957
YNL246W,YER164W,0,-0.21009043,0.06868686527013779,0.20399999618530273,0.2766000032424927
YGR044C,YLL003W,0,-0.2101149,0.06866374611854553,0.20399999618530273,0.2766999900341034
YOR005C,YHL007C,0,-0.21025355,0.06864064931869507,0.20399999618530273,0.2768000066280365
YLR098C,YMR136W,1,-0.21034215,0.06895391643047333,0.20499999821186066,0.2768000066280365
YER145C,YBR040W,0,-0.21036135,0.0689307302236557,0.20499999821186066,0.2768999934196472
YER166W,YNL113W,0,-0.21046402,0.06890756636857986,0.20499999821186066,0.2770000100135803
YDL117W,YMR220W,0,-0.21047501,0.06888440996408463,0.20499999821186066,0.27709999680519104
YKL043W,YBR182C,1,-0.21061553,0.06919717788696289,0.20600000023841858,0.27709999680519104
YFR001W,YLR275W,0,-0.21063526,0.06917393952608109,0.20600000023841858,0.27720001339912415
YER095W,YML045W,0,-0.21068278,0.06915072351694107,0.20600000023841858,0.27730000019073486
YBR010W,YOR328W,0,-0.21072598,0.06912751495838165,0.20600000023841858,0.2773999869823456
YDL007W,YML092C,0,-0.21076237,0.06910432875156403,0.20600000023841858,0.2775000035762787
YLR390W-A,YJL168C,0,-0.21085492,0.069081149995327,0.20600000023841858,0.2775999903678894
YNL275W,YCR058C,0,-0.21090814,0.06905799359083176,0.20600000023841858,0.2777000069618225
YHR005C-A,YEL042W,0,-0.21093312,0.06903485208749771,0.20600000023841858,0.2777999937534332
YML021C,YML016C,0,-0.2110798,0.06901172548532486,0.20600000023841858,0.27790001034736633
YLR098C,YPL133C,1,-0.21109979,0.06932350993156433,0.2070000022649765,0.27790001034736633
YER087C-B,YNL119W,0,-0.211407,0.06930030137300491,0.2070000022649765,0.27799999713897705
YBR142W,YOR216C,0,-0.21142296,0.06927710771560669,0.2070000022649765,0.27810001373291016
YKL081W,YDR217C,0,-0.21149486,0.06925392895936966,0.2070000022649765,0.2782000005245209
YDR379W,YOR099W,0,-0.21155438,0.06923077255487442,0.2070000022649765,0.2782999873161316
YML048W,YNL259C,0,-0.2115963,0.06920762360095978,0.2070000022649765,0.2784000039100647
YGL046W,YNL123W,0,-0.21173243,0.06918448954820633,0.2070000022649765,0.2784999907016754
YDR255C,YGR054W,0,-0.21180166,0.06916137784719467,0.2070000022649765,0.2786000072956085
YOR288C,YOR355W,0,-0.21195665,0.06913827359676361,0.2070000022649765,0.27869999408721924
YNL139C,YDR143C,0,-0.21196143,0.06911519169807434,0.2070000022649765,0.27880001068115234
YBL100W-B,YNL073W,0,-0.21196443,0.06909212470054626,0.2070000022649765,0.27889999747276306
YLR455W,YNL044W,0,-0.2119741,0.06906907260417938,0.2070000022649765,0.27900001406669617
YMR264W,YGR156W,0,-0.21214665,0.0690460279583931,0.2070000022649765,0.2791000008583069
YKR050W,YGR119C,0,-0.2121959,0.0690230056643486,0.2070000022649765,0.2791999876499176
YJR026W,YDR495C,0,-0.21223941,0.0689999982714653,0.2070000022649765,0.2793000042438507
YLR106C,YCR086W,0,-0.21226762,0.0689770057797432,0.2070000022649765,0.2793999910354614
YOL121C,YKL012W,0,-0.21227585,0.06895402818918228,0.2070000022649765,0.27950000762939453
YCL001W,YNL330C,0,-0.21229024,0.06893106549978256,0.2070000022649765,0.27959999442100525
YDR437W,YCR040W,0,-0.21230902,0.06890812516212463,0.2070000022649765,0.27970001101493835
YBR102C,YLR342W,0,-0.21232633,0.0688851922750473,0.2070000022649765,0.2797999978065491
YHR005C,YBR006W,0,-0.21246721,0.06886227428913116,0.2070000022649765,0.2799000144004822
YPL253C,YPR119W,0,-0.21266603,0.06883937120437622,0.2070000022649765,0.2800000011920929
YJL198W,YMR043W,0,-0.21275048,0.06881649047136307,0.2070000022649765,0.2800999879837036
YPL155C,YHR008C,0,-0.21276738,0.06879361718893051,0.2070000022649765,0.2802000045776367
YOR344C,YMR136W,1,-0.21277466,0.06910298764705658,0.20800000429153442,0.2802000045776367
YBR002C,YNL068C,0,-0.21284738,0.06908003985881805,0.20800000429153442,0.28029999136924744
YKL178C,YPR185W,0,-0.21297027,0.06905710697174072,0.20800000429153442,0.28040000796318054
YMR119W,YDR325W,0,-0.21297966,0.06903418153524399,0.20800000429153442,0.28049999475479126
YJR068W,YNL221C,0,-0.21299322,0.06901127845048904,0.20800000429153442,0.28060001134872437
YHR124W,YMR136W,1,-0.21300738,0.06932006776332855,0.20900000631809235,0.28060001134872437
YKR101W,YPR057W,0,-0.21308227,0.06929708272218704,0.20900000631809235,0.2806999981403351
YIL040W,YPL224C,0,-0.21319722,0.06927411258220673,0.20900000631809235,0.2808000147342682
YBR098W,YML102W,0,-0.21320371,0.0692511573433876,0.20900000631809235,0.2809000015258789
YNL129W,YPL002C,0,-0.21326926,0.06922822445631027,0.20900000631809235,0.2809999883174896
YGL111W,YHR038W,0,-0.21330993,0.06920529901981354,0.20900000631809235,0.28110000491142273
YLR005W,YPL091W,0,-0.21343769,0.069182388484478,0.20900000631809235,0.28119999170303345
YNL172W,YDL244W,0,-0.21367283,0.06915950030088425,0.20900000631809235,0.28130000829696655
YPL121C,YNL116W,0,-0.21369152,0.0691366195678711,0.20900000631809235,0.28139999508857727
YNL002C,YEL071W,0,-0.21369407,0.06911375373601913,0.20900000631809235,0.2815000116825104
YGR158C,YJL001W,0,-0.21369822,0.06909091025590897,0.20900000631809235,0.2815999984741211
YOR321W,YIL079C,0,-0.21382411,0.0690680742263794,0.20900000631809235,0.2816999852657318
YBR158W,YHR069C,0,-0.21383597,0.06904526054859161,0.20900000631809235,0.2818000018596649
YMR202W,YMR087W,0,-0.21408783,0.06902245432138443,0.20900000631809235,0.28189998865127563
YPL101W,YHR167W,0,-0.21411237,0.06899967044591904,0.20900000631809235,0.28200000524520874
YDL020C,YER111C,1,-0.21423377,0.06930693238973618,0.20999999344348907,0.28200000524520874
YBL018C,YML031W,0,-0.2142507,0.06928406655788422,0.20999999344348907,0.28209999203681946
YMR025W,YKL126W,0,-0.2143393,0.06926121562719345,0.20999999344348907,0.28220000863075256
YBR038W,YDL137W,0,-0.21437687,0.06923837959766388,0.20999999344348907,0.2822999954223633
YLR453C,YDR126W,0,-0.21442752,0.0692155584692955,0.20999999344348907,0.2824000120162964
YJL091C,YHR214C-B,0,-0.21445803,0.06919275224208832,0.20999999344348907,0.2824999988079071
YGR288W,YEL009C,1,-0.21446191,0.06949934363365173,0.210999995470047,0.2824999988079071
YDR309C,YNL220W,0,-0.21447276,0.06947645545005798,0.210999995470047,0.2825999855995178
YOR148C,YOR151C,0,-0.21451356,0.06945358961820602,0.210999995470047,0.2827000021934509
YER171W,YJL001W,0,-0.21466778,0.06943073123693466,0.210999995470047,0.28279998898506165
YJL035C,YPR033C,0,-0.21468563,0.06940789520740509,0.210999995470047,0.28290000557899475
YMR015C,YDR330W,0,-0.21468757,0.06938507407903671,0.210999995470047,0.28299999237060547
YFR004W,YGR206W,0,-0.21485734,0.06936226040124893,0.210999995470047,0.2831000089645386
YJL054W,YPR057W,0,-0.21488671,0.06933946907520294,0.210999995470047,0.2831999957561493
YJL138C,YML064C,0,-0.21490805,0.06931668519973755,0.210999995470047,0.2833000123500824
YDR448W,YMR079W,0,-0.21498154,0.06929392367601395,0.210999995470047,0.2833999991416931
YLR455W,YGR225W,0,-0.21515872,0.06927117705345154,0.210999995470047,0.28349998593330383
YDR294C,YLR353W,0,-0.21517394,0.06924843788146973,0.210999995470047,0.28360000252723694
YGR288W,YDR151C,1,-0.21518613,0.06955380737781525,0.21199999749660492,0.28360000252723694
YPR139C,YOL005C,0,-0.21524568,0.06953099370002747,0.21199999749660492,0.28369998931884766
YFR014C,YDL077C,0,-0.21529266,0.06950819492340088,0.21199999749660492,0.28380000591278076
YDR472W,YLL027W,0,-0.21542607,0.06948541104793549,0.21199999749660492,0.2838999927043915
YPL093W,YPL047W,0,-0.21544236,0.06946264952421188,0.21199999749660492,0.2840000092983246
YCL063W,YLR467W,0,-0.21573502,0.06943989545106888,0.21199999749660492,0.2840999960899353
YMR092C,YGL113W,0,-0.21584918,0.06941715627908707,0.21199999749660492,0.2842000126838684
YJL071W,YKL190W,0,-0.21594425,0.06939443200826645,0.21199999749660492,0.2842999994754791
YGL150C,YDR254W,0,-0.2160431,0.06937173008918762,0.21199999749660492,0.28439998626708984
YER088C,YHR062C,0,-0.21609402,0.06934903562068939,0.21199999749660492,0.28450000286102295
YDR216W,YGL071W,1,-0.21618491,0.06965336948633194,0.21299999952316284,0.28450000286102295
YDR151C,YMR136W,1,-0.21621908,0.06995750218629837,0.21400000154972076,0.28450000286102295
YPL156C,YML039W,0,-0.21624474,0.06993464380502701,0.21400000154972076,0.28459998965263367
YGR085C,YCR038C,0,-0.21642116,0.06991179287433624,0.21400000154972076,0.2847000062465668
YJL081C,YNL213C,0,-0.21644716,0.06988896429538727,0.21400000154972076,0.2847999930381775
YDR398W,YPR199C,0,-0.21646266,0.06986614316701889,0.21400000154972076,0.2849000096321106
YJL013C,YNL071W,0,-0.21651213,0.0698433443903923,0.21400000154972076,0.2849999964237213
YKR024C,YMR054W,0,-0.21660618,0.06982055306434631,0.21400000154972076,0.2851000130176544
YCR062W,YBR065C,0,-0.21660982,0.06979778409004211,0.21400000154972076,0.28519999980926514
YNL045W,YGR123C,0,-0.21663724,0.06977502256631851,0.21400000154972076,0.28529998660087585
YDR545W,YMR319C,0,-0.21666934,0.0697522833943367,0.21400000154972076,0.28540000319480896
YOR025W,YJL115W,0,-0.21678974,0.06972955167293549,0.21400000154972076,0.2854999899864197
YHR194W,YJR044C,0,-0.21680215,0.06970684230327606,0.21400000154972076,0.2856000065803528
YGL071W,YFL031W,1,-0.2168421,0.07000976800918579,0.2150000035762787,0.2856000065803528
YML095C,YBR279W,0,-0.21691917,0.0699869766831398,0.2150000035762787,0.2856999933719635
YBR201W,YNL264C,0,-0.21693341,0.0699642077088356,0.2150000035762787,0.2858000099658966
YOR194C,YOR315W,0,-0.2169575,0.069941446185112,0.2150000035762787,0.2858999967575073
YDL076C,YKL126W,0,-0.21698937,0.06991869956254959,0.2150000035762787,0.28600001335144043
YPL234C,YBR156C,0,-0.21699114,0.06989596784114838,0.2150000035762787,0.28610000014305115
YGR229C,YKL049C,0,-0.2171662,0.06987325102090836,0.2150000035762787,0.28619998693466187
YNR023W,YMR008C,0,-0.21734147,0.06985054910182953,0.2150000035762787,0.28630000352859497
YMR056C,YDL005C,0,-0.21736987,0.06982786953449249,0.2150000035762787,0.2863999903202057
YBR250W,YEL004W,0,-0.21746473,0.06980519741773605,0.2150000035762787,0.2865000069141388
YJR160C,YNL231C,0,-0.21757685,0.06978254020214081,0.2150000035762787,0.2865999937057495
YGL051W,YJR105W,0,-0.21759638,0.06975989788770676,0.2150000035762787,0.2867000102996826
YER054C,YDL150W,0,-0.21759678,0.0697372704744339,0.2150000035762787,0.28679999709129333
YLR013W,YHR084W,1,-0.21763055,0.07003890722990036,0.2160000056028366,0.28679999709129333
YLR010C,YEL026W,0,-0.21767318,0.07001620531082153,0.2160000056028366,0.28690001368522644
YJR007W,YLR127C,0,-0.21768421,0.0699935182929039,0.2160000056028366,0.28700000047683716
YDR211W,YBR038W,0,-0.21775045,0.06997084617614746,0.2160000056028366,0.2870999872684479
YDL028C,YPR095C,0,-0.2178157,0.06994818896055222,0.2160000056028366,0.287200003862381
YPL161C,YOL054W,0,-0.21790676,0.06992553919553757,0.2160000056028366,0.2872999906539917
YFL011W-A,YNR047W,0,-0.2179664,0.06990291178226471,0.2160000056028366,0.2874000072479248
YGR267C,YHR006W,0,-0.21799824,0.06988029927015305,0.2160000056028366,0.2874999940395355
YOR260W,YNL279W,0,-0.21812268,0.06985769420862198,0.2160000056028366,0.28760001063346863
YLR265C,YDL043C,0,-0.21826163,0.0698351114988327,0.2160000056028366,0.28769999742507935
YNL299W,YHR129C,0,-0.21829249,0.06981254369020462,0.2160000056028366,0.28780001401901245
YLL016W,YOL135C,0,-0.2183144,0.06978998333215714,0.2160000056028366,0.28790000081062317
YCL060C,YOR267C,0,-0.21831541,0.06976744532585144,0.2160000056028366,0.2879999876022339
YOR126C,YAR009C,0,-0.2183172,0.06974491477012634,0.2160000056028366,0.288100004196167
YKR067W,YGR104C,0,-0.21832228,0.06972239911556244,0.2160000056028366,0.2881999909877777
YDR277C,YDR459C,0,-0.21835642,0.06969990581274033,0.2160000056028366,0.2883000075817108
YDL045C,YOR198C,0,-0.21836281,0.06967741996049881,0.2160000056028366,0.28839999437332153
YPR005C,YNL038W,0,-0.21836953,0.06965494900941849,0.2160000056028366,0.28850001096725464
YLR234W,YOR267C,0,-0.21841435,0.06963249295949936,0.2160000056028366,0.28859999775886536
YIL149C,YDL093W,0,-0.2184963,0.06961005181074142,0.2160000056028366,0.28870001435279846
YDR277C,YOL010W,0,-0.2186012,0.06958762556314468,0.2160000056028366,0.2888000011444092
YMR164C,YGR161C,0,-0.21864133,0.06956521421670914,0.2160000056028366,0.2888999879360199
YCR102C,YDR397C,0,-0.21872424,0.06954281777143478,0.2160000056028366,0.289000004529953
YPL244C,YPL177C,0,-0.21874262,0.06952043622732162,0.2160000056028366,0.2890999913215637
YML059C,YPR113W,0,-0.21875049,0.06949806958436966,0.2160000056028366,0.2892000079154968
YMR032W,YKR086W,0,-0.21875204,0.06947571784257889,0.2160000056028366,0.28929999470710754
YAL026C,YGL158W,0,-0.21875472,0.06945337355136871,0.2160000056028366,0.28940001130104065
YDL015C,YJL021C,0,-0.21884309,0.06943105161190033,0.2160000056028366,0.28949999809265137
YDL007W,YFL010W-A,0,-0.21894683,0.06940873712301254,0.2160000056028366,0.2896000146865845
YNL014W,YKL172W,0,-0.21899433,0.06938644498586655,0.2160000056028366,0.2897000014781952
YBR006W,YHR006W,0,-0.21907373,0.06936416029930115,0.2160000056028366,0.2897999882698059
YJL186W,YHR143W,0,-0.21915367,0.06934189051389694,0.2160000056028366,0.289900004863739
YLR447C,YGL008C,0,-0.2191941,0.06931964308023453,0.2160000056028366,0.28999999165534973
YHR119W,YLR085C,0,-0.21927454,0.06929740309715271,0.2160000056028366,0.29010000824928284
YHL028W,YOL130W,0,-0.21950307,0.06927517801523209,0.2160000056028366,0.29019999504089355
YOR159C,YDR191W,0,-0.2195509,0.06925296783447266,0.2160000056028366,0.29030001163482666
YJL164C,YHR129C,0,-0.21966317,0.06923077255487442,0.2160000056028366,0.2903999984264374
YOR122C,YGL048C,0,-0.2196776,0.06920858472585678,0.2160000056028366,0.2904999852180481
YOR346W,YMR182C,0,-0.2197045,0.06918641924858093,0.2160000056028366,0.2906000018119812
YHR187W,YGR156W,0,-0.21974371,0.06916426867246628,0.2160000056028366,0.2906999886035919
YOR149C,YIL019W,0,-0.21976401,0.06914212554693222,0.2160000056028366,0.290800005197525
YJL108C,YLR092W,0,-0.21979015,0.06911999732255936,0.2160000056028366,0.29089999198913574
YBR265W,YNL126W,0,-0.2199599,0.06909789144992828,0.2160000056028366,0.29100000858306885
YAR014C,YBR009C,0,-0.21998636,0.06907579302787781,0.2160000056028366,0.29109999537467957
YMR051C,YBL090W,0,-0.22007473,0.06905370950698853,0.2160000056028366,0.29120001196861267
YOR014W,YPL118W,0,-0.22022195,0.06903164088726044,0.2160000056028366,0.2912999987602234
YGR041W,YAL031C,0,-0.22022513,0.06900958716869354,0.2160000056028366,0.2913999855518341
YGR281W,YDR184C,0,-0.22054726,0.06898754090070724,0.2160000056028366,0.2915000021457672
YJR022W,YDR495C,0,-0.22063972,0.06896551698446274,0.2160000056028366,0.29159998893737793
YKL043W,YCR106W,1,-0.22070073,0.06926269084215164,0.21699999272823334,0.29159998893737793
YBL061C,YOR148C,0,-0.22077143,0.06924058496952057,0.21699999272823334,0.29170000553131104
YAL038W,YNL222W,0,-0.22077544,0.06921850144863129,0.21699999272823334,0.29179999232292175
YBR170C,YOL051W,0,-0.22079045,0.0691964253783226,0.21699999272823334,0.29190000891685486
YHR020W,YPR133W-A,0,-0.22080779,0.0691743716597557,0.21699999272823334,0.2919999957084656
YBR244W,YDR273W,0,-0.22084042,0.06915232539176941,0.21699999272823334,0.2921000123023987
YIL101C,YEL009C,1,-0.22084565,0.06944886595010757,0.21799999475479126,0.2921000123023987
YER044C-A,YNL227C,0,-0.22102062,0.0694267526268959,0.21799999475479126,0.2921999990940094
YLL038C,YJL204C,0,-0.22106896,0.06940464675426483,0.21799999475479126,0.2922999858856201
YBR296C,YDL040C,0,-0.22122182,0.06938255578279495,0.21799999475479126,0.2924000024795532
YDL194W,YNL328C,0,-0.22124897,0.06936048716306686,0.21799999475479126,0.29249998927116394
YGR229C,YKL052C,0,-0.22129299,0.06933842599391937,0.21799999475479126,0.29260000586509705
YDR407C,YGR262C,0,-0.22153367,0.06931637227535248,0.21799999475479126,0.29269999265670776
YBL100W-A,YDR284C,0,-0.22165029,0.06929434090852737,0.21799999475479126,0.29280000925064087
YOR132W,YOR354C,0,-0.22173952,0.06927232444286346,0.21799999475479126,0.2928999960422516
YDL116W,YIL017C,0,-0.2217565,0.06925031542778015,0.21799999475479126,0.2930000126361847
YIL010W,YNL025C,0,-0.22176059,0.06922832876443863,0.21799999475479126,0.2930999994277954
YFL010W-A,YOR386W,0,-0.22188129,0.0692063495516777,0.21799999475479126,0.29319998621940613
YAL025C,YDR217C,0,-0.2219599,0.06918438524007797,0.21799999475479126,0.29330000281333923
YDR116C,YOL080C,0,-0.22203676,0.06916243582963943,0.21799999475479126,0.29339998960494995
YMR199W,YKL042W,0,-0.22208817,0.06914050132036209,0.21799999475479126,0.29350000619888306
YOR229W,YBR111W-A,0,-0.22212662,0.06911858171224594,0.21799999475479126,0.2935999929904938
YDL170W,YIR013C,1,-0.2221554,0.06941363215446472,0.21899999678134918,0.2935999929904938
YHR041C,YMR029C,0,-0.22216937,0.0693916380405426,0.21899999678134918,0.2937000095844269
YPL010W,YDL194W,0,-0.22217353,0.06936965137720108,0.21899999678134918,0.2937999963760376
YBR256C,YAL041W,0,-0.22220631,0.06934768706560135,0.21899999678134918,0.2939000129699707
YGR099W,YNL073W,0,-0.22224574,0.06932573765516281,0.21899999678134918,0.2939999997615814
YHR178W,YFR034C,1,-0.22226028,0.06962025165557861,0.2199999988079071,0.2939999997615814
YJL005W,YPL154C,0,-0.22230026,0.0695982277393341,0.2199999988079071,0.29409998655319214
YIL095W,YEL062W,0,-0.22232442,0.0695762187242508,0.2199999988079071,0.29420000314712524
YLR286C,YMR234W,0,-0.22239615,0.06955421715974808,0.2199999988079071,0.29429998993873596
YML049C,YPL253C,0,-0.22245245,0.06953223794698715,0.2199999988079071,0.29440000653266907
YMR119W,YFR028C,0,-0.22251202,0.06951026618480682,0.2199999988079071,0.2944999933242798
YIL052C,YNL246W,0,-0.22254092,0.06948831677436829,0.2199999988079071,0.2946000099182129
YOR008C,YOL005C,0,-0.22260945,0.06946637481451035,0.2199999988079071,0.2946999967098236
YNL186W,YDR245W,0,-0.22261374,0.0694444477558136,0.2199999988079071,0.2948000133037567
YGR214W,YML058W,0,-0.22263466,0.06942252814769745,0.2199999988079071,0.29490000009536743
YMR287C,YGL173C,0,-0.22263561,0.06940063089132309,0.2199999988079071,0.29499998688697815
YER148W,YGR038W,0,-0.22267239,0.06937874853610992,0.2199999988079071,0.29510000348091125
YAR009C,YCL011C,0,-0.22276221,0.06935687363147736,0.2199999988079071,0.295199990272522
YHL040C,YKL165C,0,-0.2228037,0.06933501362800598,0.2199999988079071,0.2953000068664551
YNL299W,YLL024C,0,-0.22283341,0.0693131685256958,0.2199999988079071,0.2953999936580658
YFR005C,YBR065C,0,-0.22300573,0.06929133832454681,0.2199999988079071,0.2955000102519989
YKL196C,YKR056W,0,-0.22300728,0.06926952302455902,0.2199999988079071,0.2955999970436096
YOL003C,YBL008W,0,-0.22304769,0.06924771517515182,0.2199999988079071,0.2957000136375427
YDR254W,YDR377W,0,-0.22313292,0.06922592967748642,0.2199999988079071,0.29580000042915344
YDR277C,YHR021C,0,-0.22313695,0.06920415163040161,0.2199999988079071,0.29589998722076416
YER157W,YPR163C,0,-0.2231717,0.069182388484478,0.2199999988079071,0.29600000381469727
YPL130W,YML081C-A,0,-0.22323442,0.06916064023971558,0.2199999988079071,0.296099990606308
YLR154C,YDR227W,0,-0.22336586,0.06913890689611435,0.2199999988079071,0.2962000072002411
YFL026W,YGR158C,0,-0.22339354,0.06911718845367432,0.2199999988079071,0.2962999939918518
YBL002W,YNL247W,0,-0.22341098,0.06909547746181488,0.2199999988079071,0.2964000105857849
YOR380W,YEL009C,1,-0.22341838,0.0693877562880516,0.22100000083446503,0.2964000105857849
YNR074C,YCL051W,0,-0.22345239,0.0693659782409668,0.22100000083446503,0.29649999737739563
YGR288W,YGL071W,1,-0.2234567,0.06965798884630203,0.22200000286102295,0.29649999737739563
YML001W,YAL031C,0,-0.22361855,0.06963613629341125,0.22200000286102295,0.29660001397132874
YGL191W,YML040W,0,-0.22364785,0.06961429864168167,0.22200000286102295,0.29670000076293945
YHR143W,YLL041C,0,-0.22375686,0.06959247589111328,0.22200000286102295,0.29679998755455017
YOR305W,YJR126C,0,-0.22390115,0.06957066804170609,0.22200000286102295,0.2969000041484833
YDR216W,YLR013W,1,-0.2239192,0.06986215710639954,0.22300000488758087,0.2969000041484833
YGL096W,YHR124W,1,-0.22400115,0.07015345990657806,0.2240000069141388,0.2969000041484833
YOR008C,YHR079C-A,0,-0.22412595,0.07013149559497833,0.2240000069141388,0.296999990940094
YHL009C,YCR106W,1,-0.22415358,0.07042253762483597,0.22499999403953552,0.296999990940094
YMR281W,YLR131C,0,-0.22416514,0.07040049880743027,0.22499999403953552,0.2971000075340271
YJL052W,YDL223C,0,-0.2241779,0.07037848234176636,0.22499999403953552,0.2971999943256378
YBR035C,YBR274W,0,-0.22419034,0.07035647332668304,0.22499999403953552,0.2973000109195709
YER087C-B,YOL002C,0,-0.2242074,0.07033447921276093,0.22499999403953552,0.29739999771118164
YHL019C,YNR048W,0,-0.22427963,0.0703125,0.22499999403953552,0.29750001430511475
YPR179C,YNL197C,0,-0.2243072,0.07029053568840027,0.22499999403953552,0.29760000109672546
YNL325C,YPL177C,0,-0.22431876,0.07026857882738113,0.22499999403953552,0.2976999878883362
YDL079C,YOL139C,0,-0.2243257,0.07024664431810379,0.22499999403953552,0.2978000044822693
YKL112W,YGR288W,1,-0.22448893,0.07053682953119278,0.22599999606609344,0.2978000044822693
YLR221C,YBR129C,0,-0.2245781,0.07051482051610947,0.22599999606609344,0.29789999127388
YHL009C,YLR014C,1,-0.22463681,0.07080473750829697,0.22699999809265137,0.29789999127388
YJR160C,YLL011W,0,-0.22478469,0.07078266143798828,0.22699999809265137,0.2980000078678131
YER111C,YLR013W,1,-0.22479187,0.07107231765985489,0.2280000001192093,0.2980000078678131
YNL145W,YKR048C,0,-0.22480947,0.07105017453432083,0.2280000001192093,0.29809999465942383
YDR480W,YOR207C,0,-0.22488889,0.07102803885936737,0.2280000001192093,0.29820001125335693
YOR181W,YDR310C,0,-0.2249115,0.0710059180855751,0.2280000001192093,0.29829999804496765
YLR229C,YPL269W,0,-0.22491884,0.07098381221294403,0.2280000001192093,0.29840001463890076
YER018C,YER019C-A,0,-0.22495924,0.07096172124147415,0.2280000001192093,0.2985000014305115
YBL064C,YDR446W,0,-0.22496402,0.07093963772058487,0.2280000001192093,0.2985999882221222
YER042W,YPR029C,0,-0.22522448,0.07091757655143738,0.2280000001192093,0.2987000048160553
YER040W,YFL031W,1,-0.2253063,0.0712064653635025,0.2290000021457672,0.2987000048160553
YML062C,YLR139C,0,-0.22533722,0.07118432968854904,0.2290000021457672,0.298799991607666
YIL173W,YGL093W,0,-0.22536033,0.07116220891475677,0.2290000021457672,0.2989000082015991
YHR133C,YHR143W,0,-0.22547938,0.0711401030421257,0.2290000021457672,0.29899999499320984
YEL071W,YDR397C,0,-0.22551648,0.07111801207065582,0.2290000021457672,0.29910001158714294
YLR136C,YOR076C,0,-0.2256374,0.07109593600034714,0.2290000021457672,0.29919999837875366
YGL097W,YGR284C,0,-0.22575791,0.07107386738061905,0.2290000021457672,0.2992999851703644
YIL101C,YHR084W,1,-0.22584145,0.07136208564043045,0.23000000417232513,0.2992999851703644
YDR407C,YBR195C,0,-0.22589085,0.07133994996547699,0.23000000417232513,0.2994000017642975
YDR081C,YPR073C,0,-0.2258989,0.07131782919168472,0.23000000417232513,0.2994999885559082
YJL054W,YMR093W,0,-0.22599664,0.07129572331905365,0.23000000417232513,0.2996000051498413
YMR287C,YPL012W,0,-0.22610657,0.07127363234758377,0.23000000417232513,0.299699991941452
YGL190C,YGL032C,0,-0.22614606,0.07125154882669449,0.23000000417232513,0.29980000853538513
YNL139C,YOL164W,0,-0.22616042,0.0712294802069664,0.23000000417232513,0.29989999532699585
YFL024C,YBL090W,0,-0.22616227,0.0712074339389801,0.23000000417232513,0.30000001192092896
YGL119W,YPR068C,0,-0.22616811,0.0711853951215744,0.23000000417232513,0.3000999987125397
YGR072W,YCR005C,0,-0.22617562,0.0711633637547493,0.23000000417232513,0.3001999855041504
YKL175W,YPL129W,0,-0.22621755,0.07114135473966599,0.23000000417232513,0.3003000020980835
YOL067C,YHR114W,0,-0.22634453,0.07111935317516327,0.23000000417232513,0.3003999888896942
YDR277C,YPL018W,0,-0.22634684,0.07109737396240234,0.23000000417232513,0.3005000054836273
YMR097C,YMR303C,0,-0.22646444,0.07107540220022202,0.23000000417232513,0.30059999227523804
YER111C,YOR032C,1,-0.22649576,0.07136237621307373,0.23100000619888306,0.30059999227523804
YLR320W,YBR183W,0,-0.22652154,0.07134032994508743,0.23100000619888306,0.30070000886917114
YML046W,YPL157W,0,-0.22660263,0.07131830602884293,0.23100000619888306,0.30079999566078186
YBR172C,YJL021C,0,-0.22665022,0.07129629701375961,0.23100000619888306,0.30090001225471497
YPR051W,YOL033W,0,-0.22669668,0.0712742954492569,0.23100000619888306,0.3009999990463257
YJR140C,YMR281W,0,-0.22691208,0.07125231623649597,0.23100000619888306,0.3010999858379364
YGL229C,YDR011W,0,-0.22691879,0.07123034447431564,0.23100000619888306,0.3012000024318695
YPL018W,YBL105C,0,-0.22694208,0.07120838761329651,0.23100000619888306,0.3012999892234802
YFL031W,YPL133C,1,-0.22698979,0.07149460911750793,0.23199999332427979,0.3012999892234802
YLR155C,YDR038C,0,-0.22706504,0.07147258520126343,0.23199999332427979,0.30140000581741333
YDL245C,YMR078C,0,-0.22733273,0.07145056873559952,0.23199999332427979,0.30149999260902405
YGR249W,YPL133C,1,-0.22735529,0.07173645496368408,0.2329999953508377,0.30149999260902405
YML058W-A,YIL038C,0,-0.22748174,0.0717143714427948,0.2329999953508377,0.30160000920295715
YMR119W,YKL042W,0,-0.2275281,0.07169231027364731,0.2329999953508377,0.30169999599456787
YKL092C,YHL025W,0,-0.22755069,0.07167025655508041,0.2329999953508377,0.301800012588501
YNL023C,YDR501W,1,-0.22760771,0.07195571810007095,0.23399999737739563,0.301800012588501
YDL116W,YPR193C,0,-0.22761069,0.07193359732627869,0.23399999737739563,0.3018999993801117
YDR501W,YHR084W,1,-0.22774902,0.07221880555152893,0.23499999940395355,0.3018999993801117
YGL153W,YPL093W,0,-0.2277609,0.07219661772251129,0.23499999940395355,0.3019999861717224
YPR029C,YML081C-A,0,-0.22786227,0.07217444479465485,0.23499999940395355,0.3021000027656555
YNL161W,YIL115C,0,-0.22786953,0.0721522867679596,0.23499999940395355,0.30219998955726624
YEL057C,YJL192C,0,-0.22787464,0.07213014364242554,0.23499999940395355,0.30230000615119934
YHR065C,YJL129C,0,-0.2282467,0.07210800796747208,0.23499999940395355,0.30239999294281006
YKL006C-A,YHR099W,0,-0.22828707,0.07208588719367981,0.23499999940395355,0.30250000953674316
YOR244W,YBR102C,0,-0.22839738,0.07206378132104874,0.23499999940395355,0.3025999963283539
YER075C,YMR276W,0,-0.22840224,0.07204169034957886,0.23499999940395355,0.302700012922287
YML016C,YJL108C,0,-0.22840951,0.07201961427927017,0.23499999940395355,0.3027999997138977
YDR314C,YGR155W,0,-0.22849901,0.07199754565954208,0.23499999940395355,0.3028999865055084
YKR056W,YPL112C,0,-0.22858076,0.07197549939155579,0.23499999940395355,0.30300000309944153
YHR150W,YDR176W,0,-0.22872148,0.07195346057415009,0.23499999940395355,0.30309998989105225
YOL149W,YBR088C,0,-0.22878204,0.07193143665790558,0.23499999940395355,0.30320000648498535
YLR384C,YHR074W,0,-0.2287874,0.07190942764282227,0.23499999940395355,0.30329999327659607
YBR142W,YMR054W,0,-0.22881606,0.07188742607831955,0.23499999940395355,0.3034000098705292
YLR134W,YPR112C,0,-0.22885108,0.07186544686555862,0.23499999940395355,0.3034999966621399
YKL175W,YEL069C,0,-0.22896233,0.0718434751033783,0.23499999940395355,0.303600013256073
YGL150C,YOL043C,0,-0.22901839,0.07182151824235916,0.23499999940395355,0.3037000000476837
YER044C-A,YOR249C,0,-0.2291655,0.07179956883192062,0.23499999940395355,0.30379998683929443
YJL129C,YDR397C,0,-0.2293319,0.07177764177322388,0.23499999940395355,0.30390000343322754
YLR166C,YHR031C,0,-0.22934893,0.07175572216510773,0.23499999940395355,0.30399999022483826
YML029W,YIL142W,0,-0.22939153,0.07173382490873337,0.23499999940395355,0.30410000681877136
YFR046C,YEL037C,0,-0.22945885,0.0717119351029396,0.23499999940395355,0.3041999936103821
YMR199W,YGR141W,0,-0.22946094,0.07169005274772644,0.23499999940395355,0.3043000102043152
YLR313C,YNL318C,0,-0.22949429,0.07166819274425507,0.23499999940395355,0.3043999969959259
YHR007C,YDR093W,0,-0.22964488,0.07164634019136429,0.23499999940395355,0.304500013589859
YFR037C,YGR225W,0,-0.22965592,0.0716245025396347,0.23499999940395355,0.3046000003814697
YMR190C,YPR176C,0,-0.22969131,0.07160267978906631,0.23499999940395355,0.30469998717308044
YER133W,YJR090C,0,-0.22977173,0.07158087193965912,0.23499999940395355,0.30480000376701355
YDR303C,YMR128W,0,-0.22982125,0.07155907154083252,0.23499999940395355,0.30489999055862427
YOR153W,YFR024C-A,0,-0.22982563,0.07153729349374771,0.23499999940395355,0.3050000071525574
YJR147W,YPR056W,0,-0.22984631,0.0715155228972435,0.23499999940395355,0.3050999939441681
YHL009C,YLR013W,1,-0.22986269,0.07179798930883408,0.23600000143051147,0.3050999939441681
YGL200C,YDR488C,0,-0.22989887,0.07177615910768509,0.23600000143051147,0.3052000105381012
YGL153W,YDR361C,0,-0.22998877,0.0717543289065361,0.23600000143051147,0.3052999973297119
YDR515W,YGR140W,0,-0.23008439,0.0717325210571289,0.23600000143051147,0.305400013923645
YKL088W,YKL170W,0,-0.23014261,0.0717107281088829,0.23600000143051147,0.30550000071525574
YMR179W,YHR015W,0,-0.23023775,0.0716889426112175,0.23600000143051147,0.30559998750686646
YDR524C,YPR199C,0,-0.23024966,0.07166717201471329,0.23600000143051147,0.30570000410079956
YMR037C,YMR136W,1,-0.23039083,0.07194899767637253,0.2370000034570694,0.30570000410079956
YDR303C,YLL008W,0,-0.23048626,0.07192716002464294,0.2370000034570694,0.3057999908924103
YOR317W,YLR342W,0,-0.23069198,0.07190533727407455,0.2370000034570694,0.3059000074863434
YPL156C,YDR273W,0,-0.23071723,0.07188352942466736,0.2370000034570694,0.3059999942779541
YKL143W,YNL329C,0,-0.23072952,0.07186173647642136,0.2370000034570694,0.3061000108718872
YPR036W,YDL166C,0,-0.23078196,0.07183995097875595,0.2370000034570694,0.3061999976634979
YOL123W,YHR204W,0,-0.23079892,0.07181818038225174,0.2370000034570694,0.30630001425743103
YBR257W,YCL005W-A,0,-0.23098342,0.07179642468690872,0.2370000034570694,0.30640000104904175
YIL009W,YGL051W,0,-0.23106772,0.0717746838927269,0.2370000034570694,0.30649998784065247
YFL010W-A,YNL326C,0,-0.23117095,0.07175295054912567,0.2370000034570694,0.30660000443458557
YPL046C,YBL009W,0,-0.23122083,0.07173123210668564,0.2370000034570694,0.3066999912261963
YDL170W,YKL043W,1,-0.23123859,0.07201210409402847,0.23800000548362732,0.3066999912261963
YOR129C,YML029W,0,-0.23134552,0.07199031859636307,0.23800000548362732,0.3068000078201294
YKL112W,YOR380W,1,-0.23141524,0.0722709372639656,0.23899999260902405,0.3068000078201294
YGL137W,YKL193C,0,-0.23148249,0.07224909216165543,0.23899999260902405,0.3068999946117401
YHR174W,YMR302C,0,-0.23149411,0.07222726196050644,0.23899999260902405,0.3070000112056732
YNL245C,YPR124W,0,-0.23152791,0.07220543920993805,0.23899999260902405,0.30709999799728394
YDR460W,YCR038C,0,-0.23153436,0.07218363136053085,0.23899999260902405,0.30720001459121704
YDR456W,YAL034W-A,0,-0.23170398,0.07216183841228485,0.23899999260902405,0.30730000138282776
YBR234C,YIR021W,0,-0.2317799,0.07214005291461945,0.23899999260902405,0.3073999881744385
YNL059C,YPL265W,0,-0.2317866,0.07211828976869583,0.23899999260902405,0.3075000047683716
YER111C,YEL009C,1,-0.2318057,0.07239819318056107,0.23999999463558197,0.3075000047683716
YGR199W,YOL011W,0,-0.23192304,0.07237635552883148,0.23999999463558197,0.3075999915599823
YER015W,YBL040C,0,-0.2319241,0.07235454022884369,0.23999999463558197,0.3077000081539154
YGR033C,YNL123W,0,-0.23209444,0.07233273237943649,0.23999999463558197,0.3077999949455261
YDL118W,YLR092W,0,-0.2321258,0.07231093943119049,0.23999999463558197,0.30790001153945923
YMR236W,YFL004W,0,-0.2321277,0.07228915393352509,0.23999999463558197,0.30799999833106995
YGL257C,YGL190C,0,-0.2321563,0.07226739078760147,0.23999999463558197,0.30809998512268066
YHR039C,YLR426W,0,-0.23219994,0.07224563509225845,0.23999999463558197,0.30820000171661377
YOR274W,YOR095C,0,-0.23234676,0.07222389429807663,0.23999999463558197,0.3082999885082245
YLL056C,YOR388C,0,-0.23249777,0.072202168405056,0.23999999463558197,0.3084000051021576
YOL013C,YEL057C,0,-0.23251761,0.07218044996261597,0.23999999463558197,0.3084999918937683
YBR022W,YER056C,0,-0.23263106,0.07215874642133713,0.23999999463558197,0.3086000084877014
YLR263W,YLR220W,0,-0.23270957,0.07213705778121948,0.23999999463558197,0.30869999527931213
YML045W,YDR022C,0,-0.23273483,0.07211538404226303,0.23999999463558197,0.30880001187324524
YCR106W,YOR344C,1,-0.23283006,0.07239411026239395,0.2409999966621399,0.30880001187324524
YKL043W,YMR037C,1,-0.23287924,0.07267267256975174,0.24199999868869781,0.30880001187324524
YGR206W,YKL178C,0,-0.23289053,0.07265085726976395,0.24199999868869781,0.30889999866485596
YAL031C,YER155C,0,-0.23289494,0.07262904942035675,0.24199999868869781,0.3089999854564667
YOR266W,YDR174W,0,-0.23292851,0.07260726392269135,0.24199999868869781,0.3091000020503998
YHR039C-A,YGL049C,0,-0.23303138,0.07258548587560654,0.24199999868869781,0.3091999888420105
YJR160C,YOL135C,0,-0.23311648,0.07256371527910233,0.24199999868869781,0.3093000054359436
YGR112W,YER164W,0,-0.23324154,0.0725419670343399,0.24199999868869781,0.3093999922275543
YBR170C,YJR022W,0,-0.23324467,0.07252022624015808,0.24199999868869781,0.3095000088214874
YOR193W,YGL014W,0,-0.23345649,0.07249850034713745,0.24199999868869781,0.30959999561309814
YNL210W,YKR026C,0,-0.23346101,0.07247678935527802,0.24199999868869781,0.30970001220703125
YGL246C,YPL283C,0,-0.23346393,0.07245509326457977,0.24199999868869781,0.30979999899864197
YHR011W,YOR130C,0,-0.233508,0.07243340462446213,0.24199999868869781,0.3098999857902527
YDR414C,YML041C,0,-0.23360494,0.07241173088550568,0.24199999868869781,0.3100000023841858
YGL119W,YBL040C,0,-0.23366007,0.07239007204771042,0.24199999868869781,0.3100999891757965
YBL042C,YKL032C,0,-0.23376593,0.07236842066049576,0.24199999868869781,0.3102000057697296
YNL325C,YKL179C,0,-0.23379211,0.07234678417444229,0.24199999868869781,0.31029999256134033
YHR048W,YKL166C,0,-0.23380311,0.07232516258955002,0.24199999868869781,0.31040000915527344
YML042W,YOR338W,0,-0.23382823,0.07230355590581894,0.24199999868869781,0.31049999594688416
YLR448W,YOR178C,0,-0.23390913,0.07228195667266846,0.24199999868869781,0.31060001254081726
YMR039C,YJL208C,0,-0.2339877,0.07226037979125977,0.24199999868869781,0.310699999332428
YNL139C,YPR186C,0,-0.23399667,0.07223880290985107,0.24199999868869781,0.3107999861240387
YKL043W,YPL248C,1,-0.23411451,0.07251566648483276,0.24300000071525574,0.3107999861240387
YMR179W,YDR192C,0,-0.23427044,0.0724940299987793,0.24300000071525574,0.3109000027179718
YBR118W,YJL128C,0,-0.23430161,0.07247241586446762,0.24300000071525574,0.3109999895095825
YKR009C,YMR298W,0,-0.23437582,0.07245080173015594,0.24300000071525574,0.3111000061035156
YLR383W,YCL005W-A,0,-0.23440312,0.07242920994758606,0.24300000071525574,0.31119999289512634
YHR079C-B,YHR058C,0,-0.23446926,0.07240762561559677,0.24300000071525574,0.31130000948905945
YER145C,YFL023W,0,-0.23446955,0.07238605618476868,0.24300000071525574,0.31139999628067017
YNL302C,YJR126C,0,-0.23451455,0.07236450165510178,0.24300000071525574,0.31150001287460327
YFL060C,YOR185C,0,-0.23451613,0.07234296202659607,0.24300000071525574,0.311599999666214
YHR023W,YJL112W,0,-0.23461016,0.07232142984867096,0.24300000071525574,0.3116999864578247
YPL046C,YBR188C,0,-0.23468651,0.07229991257190704,0.24300000071525574,0.3118000030517578
YAR010C,YMR292W,0,-0.23472472,0.07227840274572372,0.24300000071525574,0.31189998984336853
YKL043W,YFR034C,1,-0.23481797,0.07255426794290543,0.24400000274181366,0.31189998984336853
YOR317W,YDR170C,0,-0.23488365,0.07253269851207733,0.24400000274181366,0.31200000643730164
YBR182C,YGL071W,1,-0.23511328,0.07280831784009933,0.24500000476837158,0.31200000643730164
YDR420W,YBR186W,0,-0.23521714,0.07278668880462646,0.24500000476837158,0.31209999322891235
YLR079W,YNL279W,0,-0.23527174,0.07276507467031479,0.24500000476837158,0.31220000982284546
YPL178W,YDR473C,0,-0.2352971,0.07274346798658371,0.24500000476837158,0.3122999966144562
YPL160W,YIR002C,0,-0.23533204,0.07272187620401382,0.24500000476837158,0.3124000132083893
YOL090W,YOL071W,0,-0.23540612,0.07270029932260513,0.24500000476837158,0.3125
YBR199W,YGL194C,0,-0.23547205,0.07267872989177704,0.24500000476837158,0.3125999867916107
YIL110W,YDL134C,0,-0.23551343,0.07265717536211014,0.24500000476837158,0.3127000033855438
YOR073W,YHR055C,0,-0.23556156,0.07263563573360443,0.24500000476837158,0.31279999017715454
YER180C-A,YBL069W,0,-0.2355646,0.07261411100625992,0.24500000476837158,0.31290000677108765
YFR036W,YML131W,0,-0.23560308,0.072592593729496,0.24500000476837158,0.31299999356269836
YCR012W,YDR153C,0,-0.23562801,0.07257109135389328,0.24500000476837158,0.31310001015663147
YKL173W,YAL003W,0,-0.23564643,0.07254960387945175,0.24500000476837158,0.3131999969482422
YJL058C,YJL138C,0,-0.23566021,0.07252812385559082,0.24500000476837158,0.3133000135421753
YBL018C,YJR126C,0,-0.23571394,0.07250665873289108,0.24500000476837158,0.313400000333786
YBR085W,YPL181W,0,-0.23576528,0.07248520851135254,0.24500000476837158,0.31349998712539673
YDR252W,YER159C,0,-0.2358916,0.07246376574039459,0.24500000476837158,0.31360000371932983
YPL234C,YOR269W,0,-0.23592332,0.07244234532117844,0.24500000476837158,0.31369999051094055
YMR268C,YDL227C,0,-0.23599313,0.07242092490196228,0.24500000476837158,0.31380000710487366
YOL010W,YDL247W,0,-0.23600478,0.07239952683448792,0.24500000476837158,0.3138999938964844
YOR159C,YBR009C,0,-0.23600984,0.07237813621759415,0.24500000476837158,0.3140000104904175
YNL251C,YML094W,0,-0.23602085,0.07235676050186157,0.24500000476837158,0.3140999972820282
YHR091C,YMR078C,0,-0.23616597,0.07233539968729019,0.24500000476837158,0.3142000138759613
YDR200C,YGR218W,0,-0.23641713,0.07231404632329941,0.24500000476837158,0.314300000667572
YGR097W,YNL107W,0,-0.23643535,0.07229271531105042,0.24500000476837158,0.31439998745918274
YGL190C,YHR005C,0,-0.23649047,0.07227138429880142,0.24500000476837158,0.31450000405311584
YFL022C,YJL113W,0,-0.23666497,0.07225007563829422,0.24500000476837158,0.31459999084472656
YEL036C,YKR026C,0,-0.23677628,0.07222877442836761,0.24500000476837158,0.31470000743865967
YOR279C,YDR135C,0,-0.236852,0.0722074881196022,0.24500000476837158,0.3147999942302704
YOR148C,YCR028C,0,-0.23688996,0.07218620926141739,0.24500000476837158,0.3149000108242035
YDL128W,YPR168W,0,-0.2369154,0.07216494530439377,0.24500000476837158,0.3149999976158142
YJR022W,YOL054W,0,-0.23697706,0.07214369624853134,0.24500000476837158,0.3151000142097473
YJL196C,YCR034W,0,-0.23708142,0.07212246209383011,0.24500000476837158,0.31520000100135803
YFL036W,YPL092W,0,-0.23710792,0.07210123538970947,0.24500000476837158,0.31529998779296875
YCL026C-A,YOR074C,0,-0.23720784,0.07208002358675003,0.24500000476837158,0.31540000438690186
YKL034W,YDR439W,0,-0.23743783,0.07205882668495178,0.24500000476837158,0.3154999911785126
YER016W,YDR254W,0,-0.23749202,0.07203763723373413,0.24500000476837158,0.3156000077724457
YDR268W,YDR179C,0,-0.23751855,0.07201646268367767,0.24500000476837158,0.3156999945640564
YBR066C,YDR091C,0,-0.23753124,0.07199529558420181,0.24500000476837158,0.3158000111579895
YKR009C,YDL150W,0,-0.23754871,0.07197415083646774,0.24500000476837158,0.3158999979496002
YDL117W,YKL018W,0,-0.23777854,0.07195301353931427,0.24500000476837158,0.3160000145435333
YAL020C,YGL122C,0,-0.23782225,0.0719318836927414,0.24500000476837158,0.31610000133514404
YBL105C,YLR193C,0,-0.23792799,0.07191076874732971,0.24500000476837158,0.31619998812675476
YEL031W,YGL030W,0,-0.23796834,0.07188966870307922,0.24500000476837158,0.31630000472068787
YNL267W,YKL016C,0,-0.23802818,0.07186858355998993,0.24500000476837158,0.3163999915122986
YMR026C,YML085C,0,-0.23803745,0.07184750586748123,0.24500000476837158,0.3165000081062317
YHR023W,YDR180W,0,-0.23820011,0.07182644307613373,0.24500000476837158,0.3165999948978424
YLR301W,YOL051W,0,-0.2382055,0.07180539518594742,0.24500000476837158,0.3167000114917755
YNL216W,YER111C,1,-0.23854049,0.07207734882831573,0.2460000067949295,0.3167000114917755
YKL189W,YBL014C,0,-0.23855709,0.07205624133348465,0.2460000067949295,0.31679999828338623
YDL132W,YBR020W,0,-0.23856571,0.07203514128923416,0.2460000067949295,0.31690001487731934
YMR004W,YHR186C,0,-0.23869836,0.07201404869556427,0.2460000067949295,0.31700000166893005
YJR010C-A,YNL333W,0,-0.23879705,0.07199297845363617,0.2460000067949295,0.31709998846054077
YBR119W,YLR167W,0,-0.23882686,0.07197191566228867,0.2460000067949295,0.3172000050544739
YPR175W,YKL152C,0,-0.23883569,0.07195086032152176,0.2460000067949295,0.3172999918460846
YMR280C,YPR054W,0,-0.23887724,0.07192982733249664,0.2460000067949295,0.3174000084400177
YLR447C,YDR421W,0,-0.23889129,0.07190880179405212,0.2460000067949295,0.3174999952316284
YIR011C,YDL008W,0,-0.23892045,0.0718877837061882,0.2460000067949295,0.3176000118255615
YER190W,YMR270C,0,-0.23896481,0.07186678051948547,0.2460000067949295,0.31769999861717224
YBR192W,YBR275C,0,-0.23899812,0.07184579223394394,0.2460000067949295,0.31779998540878296
YGL241W,YMR059W,0,-0.23899865,0.0718248188495636,0.2460000067949295,0.31790000200271606
YHR083W,YOR257W,0,-0.23907383,0.07180385291576385,0.2460000067949295,0.3179999887943268
YPL276W,YJL145W,0,-0.2391472,0.0717829018831253,0.2460000067949295,0.3181000053882599
YNL230C,YFR047C,0,-0.23919867,0.07176195830106735,0.2460000067949295,0.3181999921798706
YBR022W,YNR003C,0,-0.23919973,0.0717410296201706,0.2460000067949295,0.3183000087738037
YJL203W,YOR168W,0,-0.23922496,0.07172011584043503,0.2460000067949295,0.31839999556541443
YOR040W,YEL071W,0,-0.239273,0.07169920951128006,0.2460000067949295,0.31850001215934753
YGL119W,YOR340C,0,-0.23934574,0.07167831808328629,0.2460000067949295,0.31859999895095825
YBR087W,YDR312W,0,-0.2394696,0.0716574415564537,0.2460000067949295,0.31869998574256897
YOL147C,YOL012C,0,-0.23949432,0.07163657248020172,0.2460000067949295,0.3188000023365021
YCL075W,YML051W,0,-0.23963024,0.07161571830511093,0.2460000067949295,0.3188999891281128
YOR144C,YNL236W,0,-0.2397241,0.07159487903118134,0.2460000067949295,0.3190000057220459
YDL170W,YGL096W,1,-0.23974933,0.07186499983072281,0.24699999392032623,0.3190000057220459
YDR075W,YKL019W,0,-0.2398007,0.07184409350156784,0.24699999392032623,0.3190999925136566
YER157W,YMR283C,0,-0.2398242,0.07182320207357407,0.24699999392032623,0.3192000091075897
YJR131W,YDR280W,0,-0.23984079,0.07180232554674149,0.24699999392032623,0.31929999589920044
YPR042C,YER122C,0,-0.23984404,0.0717814564704895,0.24699999392032623,0.31940001249313354
YGR004W,YLR144C,0,-0.23985322,0.07176060229539871,0.24699999392032623,0.31949999928474426
YLL002W,YMR314W,0,-0.23985413,0.07173976302146912,0.24699999392032623,0.319599986076355
YGL095C,YLR229C,0,-0.23989967,0.07171893119812012,0.24699999392032623,0.3197000026702881
YCL069W,YDL088C,0,-0.2399526,0.07169811427593231,0.24699999392032623,0.3197999894618988
YJL039C,YMR015C,0,-0.24006374,0.0716773048043251,0.24699999392032623,0.3199000060558319
YDL207W,YNL118C,0,-0.24012227,0.07165651023387909,0.24699999392032623,0.3199999928474426
YDR191W,YCR039C,0,-0.24015081,0.07163573056459427,0.24699999392032623,0.32010000944137573
YGR101W,YOR260W,0,-0.2401589,0.07161495834589005,0.24699999392032623,0.32019999623298645
YER020W,YHR079C,0,-0.24020523,0.07159420102834702,0.24699999392032623,0.32030001282691956
YOR194C,YPL274W,0,-0.24032173,0.07157345861196518,0.24699999392032623,0.3203999996185303
YDR265W,YBR290W,0,-0.24035284,0.07155272364616394,0.24699999392032623,0.320499986410141
YFL038C,YDR507C,0,-0.24048321,0.0715320035815239,0.24699999392032623,0.3206000030040741
YDR055W,YLR224W,0,-0.24055521,0.07151129096746445,0.24699999392032623,0.3206999897956848
YFL010W-A,YOR348C,0,-0.24059089,0.07149059325456619,0.24699999392032623,0.3208000063896179
YDL132W,YJR065C,0,-0.24064048,0.07146991044282913,0.24699999392032623,0.32089999318122864
YDL126C,YLR085C,0,-0.24064748,0.07144923508167267,0.24699999392032623,0.32100000977516174
YHR118C,YMR128W,0,-0.2408477,0.0714285746216774,0.24699999392032623,0.32109999656677246
YAL023C,YFR001W,0,-0.24086383,0.07140792161226273,0.24699999392032623,0.32120001316070557
YLR262C,YGL169W,0,-0.24093764,0.07138728350400925,0.24699999392032623,0.3212999999523163
YPR042C,YGR054W,0,-0.24102503,0.07136666029691696,0.24699999392032623,0.321399986743927
YGR280C,YPL028W,0,-0.24103616,0.07134604454040527,0.24699999392032623,0.3215000033378601
YPL118W,YFR047C,0,-0.2410443,0.07132544368505478,0.24699999392032623,0.3215999901294708
YBL084C,YKR036C,0,-0.24104519,0.07130485028028488,0.24699999392032623,0.32170000672340393
YOR002W,YPL026C,0,-0.2412129,0.07128427177667618,0.24699999392032623,0.32179999351501465
YJL035C,YDR254W,0,-0.2413673,0.07126370817422867,0.24699999392032623,0.32190001010894775
YLR447C,YOR330C,0,-0.24144687,0.07124315202236176,0.24699999392032623,0.32199999690055847
YDL079C,YJR094C,0,-0.24144945,0.07122260332107544,0.24699999392032623,0.3221000134944916
YDR079C-A,YDR284C,0,-0.24147879,0.07120207697153091,0.24699999392032623,0.3222000002861023
YKL043W,YPL133C,1,-0.24168064,0.0714697390794754,0.24799999594688416,0.3222000002861023
YMR190C,YJR077C,0,-0.24176316,0.0714491531252861,0.24799999594688416,0.322299987077713
YMR186W,YER145C,0,-0.241828,0.0714285746216774,0.24799999594688416,0.3224000036716461
YKR087C,YJR065C,0,-0.24186163,0.07140800356864929,0.24799999594688416,0.32249999046325684
YEL056W,YOR328W,0,-0.2419415,0.07138744741678238,0.24799999594688416,0.32260000705718994
YDL170W,YOR344C,1,-0.24199457,0.07165467739105225,0.24899999797344208,0.32260000705718994
YER038C,YER082C,0,-0.24204293,0.07163406163454056,0.24899999797344208,0.32269999384880066
YBL018C,YKL140W,0,-0.24216895,0.07161346077919006,0.24899999797344208,0.32280001044273376
YLR130C,YAL068C,0,-0.24223103,0.07159286737442017,0.24899999797344208,0.3228999972343445
YCR026C,YDR158W,0,-0.24232806,0.07157228887081146,0.24899999797344208,0.3230000138282776
YDR143C,YJL128C,0,-0.24233438,0.07155172526836395,0.24899999797344208,0.3231000006198883
YPL121C,YDR512C,0,-0.24237615,0.07153116911649704,0.24899999797344208,0.323199987411499
YPL121C,YGR042W,0,-0.24257073,0.07151062786579132,0.24899999797344208,0.32330000400543213
YLL060C,YJR044C,0,-0.2425965,0.0714900940656662,0.24899999797344208,0.32339999079704285
YIL097W,YGL086W,0,-0.24267201,0.07146957516670227,0.24899999797344208,0.32350000739097595
YGR006W,YLR189C,0,-0.24278168,0.07144906371831894,0.24899999797344208,0.32359999418258667
YOR084W,YJR131W,0,-0.2428314,0.0714285746216774,0.24899999797344208,0.3237000107765198
YNL080C,YOR243C,0,-0.24288033,0.07140808552503586,0.24899999797344208,0.3237999975681305
YHR038W,YML102W,0,-0.24289435,0.07138761132955551,0.24899999797344208,0.3239000141620636
YBR089C-A,YNL030W,0,-0.24297725,0.07136715203523636,0.24899999797344208,0.3240000009536743
YNL227C,YBR082C,0,-0.24302243,0.0713467076420784,0.24899999797344208,0.32409998774528503
YLR148W,YDR099W,0,-0.24306668,0.07132627069950104,0.24899999797344208,0.32420000433921814
YML129C,YPL123C,0,-0.24307615,0.07130584120750427,0.24899999797344208,0.32429999113082886
YBL102W,YGR054W,0,-0.24310426,0.0712854266166687,0.24899999797344208,0.32440000772476196
YGR086C,YIL122W,0,-0.24321188,0.07126502692699432,0.24899999797344208,0.3244999945163727
YLR438C-A,YML051W,0,-0.24324022,0.07124463468790054,0.24899999797344208,0.3246000111103058
YDR108W,YJL146W,0,-0.24327712,0.07122425734996796,0.24899999797344208,0.3246999979019165
YOL055C,YCR040W,0,-0.24330473,0.07120388746261597,0.24899999797344208,0.3248000144958496
YNR034W,YLR256W,0,-0.24336548,0.07118353247642517,0.24899999797344208,0.3249000012874603
YKL084W,YNL333W,0,-0.24339037,0.07116319239139557,0.24899999797344208,0.32499998807907104
YLR329W,YFR001W,0,-0.24343869,0.07114285975694656,0.24899999797344208,0.32510000467300415
YOR257W,YOR151C,0,-0.24344604,0.07112253457307816,0.24899999797344208,0.32519999146461487
YMR270C,YNL051W,0,-0.24346493,0.07110222429037094,0.24899999797344208,0.325300008058548
YDL245C,YOR224C,0,-0.24353369,0.07108192890882492,0.24899999797344208,0.3253999948501587
YML088W,YBR257W,0,-0.24353442,0.0710616409778595,0.24899999797344208,0.3255000114440918
YDR317W,YKR052C,0,-0.24354063,0.07104136794805527,0.24899999797344208,0.3255999982357025
YJR028W,YDR211W,0,-0.24361569,0.07102110981941223,0.24899999797344208,0.3257000148296356
YML001W,YDL036C,0,-0.24361622,0.07100085914134979,0.24899999797344208,0.32580000162124634
YOR149C,YNL227C,0,-0.24362095,0.07098061591386795,0.24899999797344208,0.32589998841285706
YJR089W,YLR330W,0,-0.2437251,0.0709603875875473,0.24899999797344208,0.32600000500679016
YGR274C,YHR015W,0,-0.24381407,0.07094017416238785,0.24899999797344208,0.3260999917984009
YKR095W,YLR313C,0,-0.2438299,0.07091996818780899,0.24899999797344208,0.326200008392334
YJL104W,YGR108W,0,-0.24401352,0.07089976966381073,0.24899999797344208,0.3262999951839447
YOR149C,YLR011W,0,-0.24401458,0.07087959349155426,0.24899999797344208,0.3264000117778778
YNL023C,YOR380W,1,-0.24403478,0.0711439922451973,0.25,0.3264000117778778
YDL197C,YPL031C,0,-0.2441995,0.07112375646829605,0.25,0.3264999985694885
YBR182C,YLR183C,1,-0.24421845,0.07138793915510178,0.25099998712539673,0.3264999985694885
YHR197W,YPL283C,0,-0.24423589,0.07136764377355576,0.25099998712539673,0.32659998536109924
YMR319C,YJL106W,0,-0.24424334,0.07134735584259033,0.25099998712539673,0.32670000195503235
YGL251C,YML048W,0,-0.24424778,0.0713270828127861,0.25099998712539673,0.32679998874664307
YIR004W,YLR224W,0,-0.24446322,0.07130681723356247,0.25099998712539673,0.32690000534057617
YMR161W,YLR313C,0,-0.24450208,0.07128656655550003,0.25099998712539673,0.3269999921321869
YNL287W,YLR224W,0,-0.24469894,0.07126632332801819,0.25099998712539673,0.32710000872612
YDL145C,YHR194W,0,-0.24473594,0.07124609500169754,0.25099998712539673,0.3271999955177307
YNL263C,YPL116W,0,-0.24480101,0.07122588157653809,0.25099998712539673,0.3273000121116638
YGR054W,YOL080C,0,-0.24484502,0.07120567560195923,0.25099998712539673,0.32739999890327454
YIL125W,YGL075C,0,-0.24507505,0.07118547707796097,0.25099998712539673,0.32749998569488525
YIL098C,YLR052W,0,-0.24524732,0.0711652934551239,0.25099998712539673,0.32760000228881836
YER075C,YLR210W,0,-0.24536134,0.07114512473344803,0.25099998712539673,0.3276999890804291
YNL233W,YNL278W,0,-0.2453994,0.07112496346235275,0.25099998712539673,0.3278000056743622
YMR224C,YGL256W,0,-0.24542221,0.07110481709241867,0.25099998712539673,0.3278999924659729
YDR420W,YDL120W,0,-0.24552345,0.07108467817306519,0.25099998712539673,0.328000009059906
YLR130C,YAL002W,0,-0.24554694,0.0710645541548729,0.25099998712539673,0.3280999958515167
YMR143W,YHR079C,0,-0.24566583,0.0710444375872612,0.25099998712539673,0.32820001244544983
YHR077C,YML052W,0,-0.24578355,0.0710243359208107,0.25099998712539673,0.32829999923706055
YPL233W,YJL019W,0,-0.24581593,0.0710042417049408,0.25099998712539673,0.32839998602867126
YER166W,YIR010W,0,-0.24587288,0.07098416239023209,0.25099998712539673,0.32850000262260437
YDR311W,YPL047W,0,-0.24595086,0.07096409052610397,0.25099998712539673,0.3285999894142151
YCR060W,YGR098C,0,-0.24596885,0.07094403356313705,0.25099998712539673,0.3287000060081482
YPL221W,YDL216C,0,-0.24598445,0.07092399150133133,0.25099998712539673,0.3287999927997589
YDR216W,YIR013C,1,-0.24600904,0.07118643820285797,0.25200000405311584,0.3287999927997589
YKL032C,YGR118W,0,-0.24610773,0.07116633653640747,0.25200000405311584,0.328900009393692
YKL112W,YBR182C,1,-0.2462065,0.0714285746216774,0.2529999911785126,0.328900009393692
YOR249C,YPL163C,0,-0.24622263,0.07140841335058212,0.2529999911785126,0.32899999618530273
YMR303C,YDL047W,0,-0.24623293,0.07138825953006744,0.2529999911785126,0.32910001277923584
YKR060W,YBR038W,0,-0.2463123,0.07136812061071396,0.2529999911785126,0.32919999957084656
YGL171W,YAL041W,0,-0.24634606,0.07134799659252167,0.2529999911785126,0.3292999863624573
YHL019C,YDR309C,0,-0.24651326,0.07132788002490997,0.2529999911785126,0.3294000029563904
YDL229W,YER174C,0,-0.24671453,0.07130777835845947,0.2529999911785126,0.3294999897480011
YLR006C,YGL168W,0,-0.24679461,0.07128768414258957,0.2529999911785126,0.3296000063419342
YBR133C,YNL297C,0,-0.24684043,0.07126760482788086,0.2529999911785126,0.3296999931335449
YMR060C,YCR027C,0,-0.24687438,0.07124753296375275,0.2529999911785126,0.329800009727478
YNL264C,YDR469W,0,-0.24692605,0.07122747600078583,0.2529999911785126,0.32989999651908875
YNR038W,YLR127C,0,-0.2470003,0.0712074339389801,0.2529999911785126,0.33000001311302185
YOR098C,YGL037C,0,-0.24702464,0.07118739187717438,0.2529999911785126,0.33009999990463257
YDR043C,YMR088C,0,-0.24702726,0.07116737216711044,0.2529999911785126,0.3301999866962433
YHR088W,YDR115W,0,-0.2470958,0.0711473599076271,0.2529999911785126,0.3303000032901764
YDR501W,YMR136W,1,-0.24716766,0.07140848785638809,0.2540000081062317,0.3303000032901764
YLL017W,YDR093W,0,-0.24722375,0.07138842344284058,0.2540000081062317,0.3303999900817871
YOR025W,YML040W,0,-0.24725682,0.07136835902929306,0.2540000081062317,0.3305000066757202
YBR015C,YLR224W,0,-0.24740084,0.07134831696748734,0.2540000081062317,0.33059999346733093
YHR052W,YDR517W,0,-0.2474486,0.07132827490568161,0.2540000081062317,0.33070001006126404
YKL049C,YAL002W,0,-0.24752493,0.07130825519561768,0.2540000081062317,0.33079999685287476
YDR265W,YGL021W,0,-0.24769689,0.07128824293613434,0.2540000081062317,0.33090001344680786
YDR389W,YDR435C,0,-0.2477275,0.0712682381272316,0.2540000081062317,0.3310000002384186
YDR080W,YML093W,0,-0.24779923,0.07124824821949005,0.2540000081062317,0.3310999870300293
YJL008C,YGR245C,0,-0.24783745,0.0712282657623291,0.2540000081062317,0.3312000036239624
YNL014W,YMR033W,0,-0.24784435,0.07120829820632935,0.2540000081062317,0.3312999904155731
YNL102W,YDR011W,0,-0.24788086,0.07118833810091019,0.2540000081062317,0.3314000070095062
YPL275W,YPR034W,0,-0.24790509,0.07116839289665222,0.2540000081062317,0.33149999380111694
YOR067C,YNL230C,0,-0.2479244,0.07114846259355545,0.2540000081062317,0.33160001039505005
YOR153W,YER161C,0,-0.24810009,0.07112853229045868,0.2540000081062317,0.33169999718666077
YLR045C,YDR184C,0,-0.24817662,0.0711086243391037,0.2540000081062317,0.33180001378059387
YMR263W,YHR108W,0,-0.24819688,0.07108872383832932,0.2540000081062317,0.3319000005722046
YDL148C,YPL269W,0,-0.248208,0.07106883078813553,0.2540000081062317,0.3319999873638153
YMR078C,YGR155W,0,-0.24830139,0.07104895263910294,0.2540000081062317,0.3321000039577484
YGR288W,YLR183C,1,-0.24831119,0.07130872458219528,0.2549999952316284,0.3321000039577484
YJR004C,YFL011W,0,-0.24847832,0.07128878682851791,0.2549999952316284,0.33219999074935913
YIL143C,YLR005W,0,-0.24849169,0.07126886397600174,0.2549999952316284,0.33230000734329224
YML076C,YFL031W,1,-0.2485124,0.071528360247612,0.25600001215934753,0.33230000734329224
YKL062W,YLR013W,1,-0.24852161,0.07178770750761032,0.25699999928474426,0.33230000734329224
YDR077W,YOR126C,0,-0.24853069,0.0717676654458046,0.25699999928474426,0.33239999413490295
YOR020C,YPL153C,0,-0.24853632,0.07174762338399887,0.25699999928474426,0.33250001072883606
YNL133C,YNL313C,0,-0.2485895,0.07172760367393494,0.25699999928474426,0.3325999975204468
YBL032W,YJL204C,0,-0.2486374,0.0717075914144516,0.25699999928474426,0.3327000141143799
YJR089W,YGL062W,0,-0.24864472,0.07168758660554886,0.25699999928474426,0.3328000009059906
YCL040W,YPL026C,0,-0.24867299,0.07166759669780731,0.25699999928474426,0.3328999876976013
YBL064C,YMR212C,0,-0.24877192,0.07164761424064636,0.25699999928474426,0.3330000042915344
YLR224W,YBR055C,0,-0.24878438,0.0716276466846466,0.25699999928474426,0.33309999108314514
YNR075W,YJL146W,0,-0.2488799,0.07160768657922745,0.25699999928474426,0.33320000767707825
YOL130W,YDR499W,0,-0.24897137,0.07158774137496948,0.25699999928474426,0.33329999446868896
YGL208W,YGR029W,0,-0.24913399,0.07156781107187271,0.25699999928474426,0.33340001106262207
YMR227C,YJL165C,0,-0.24913713,0.07154788076877594,0.25699999928474426,0.3334999978542328
YKL196C,YML107C,0,-0.24928547,0.07152797281742096,0.25699999928474426,0.3336000144481659
YNR047W,YOR026W,0,-0.24938868,0.07150807231664658,0.25699999928474426,0.3337000012397766
YGL047W,YDR488C,0,-0.2495382,0.07148817926645279,0.25699999928474426,0.33379998803138733
YOL002C,YGR042W,0,-0.24959521,0.0714683011174202,0.25699999928474426,0.33390000462532043
YIL131C,YMR164C,0,-0.24973865,0.0714484304189682,0.25699999928474426,0.33399999141693115
YKR031C,YPL132W,0,-0.24980465,0.0714285746216774,0.25699999928474426,0.33410000801086426
YNR048W,YPL091W,0,-0.24984877,0.0714087262749672,0.25699999928474426,0.334199994802475
YML005W,YGL155W,0,-0.24989872,0.07138888537883759,0.25699999928474426,0.3343000113964081
YJL186W,YGL028C,0,-0.2500317,0.07136906683444977,0.25699999928474426,0.3343999981880188
YHR023W,YMR299C,0,-0.2500487,0.07134924829006195,0.25699999928474426,0.3345000147819519
YBL020W,YHR200W,0,-0.250055,0.07132944464683533,0.25699999928474426,0.3346000015735626
YMR047C,YHL034C,0,-0.25017843,0.0713096559047699,0.25699999928474426,0.33469998836517334
YIL095W,YOR085W,0,-0.25024202,0.07128987461328506,0.25699999928474426,0.33480000495910645
YNL288W,YBL074C,0,-0.2502507,0.07127010822296143,0.25699999928474426,0.33489999175071716
YDR151C,YHR084W,1,-0.250297,0.07152758538722992,0.257999986410141,0.33489999175071716
YOL110W,YOR371C,0,-0.2503029,0.0715077593922615,0.257999986410141,0.33500000834465027
YLR305C,YML005W,0,-0.250611,0.07148794829845428,0.257999986410141,0.335099995136261
YAL013W,YJL060W,0,-0.25071442,0.07146814465522766,0.257999986410141,0.3352000117301941
YER072W,YPL002C,0,-0.25072184,0.07144835591316223,0.257999986410141,0.3352999985218048
YPL206C,YER049W,0,-0.25075108,0.0714285746216774,0.257999986410141,0.3353999853134155
YLL008W,YBR274W,0,-0.25077868,0.07140880078077316,0.257999986410141,0.33550000190734863
YMR314W,YGL143C,0,-0.250889,0.07138904184103012,0.257999986410141,0.33559998869895935
YOR349W,YLR427W,0,-0.25089803,0.07136929780244827,0.257999986410141,0.33570000529289246
YIL114C,YLR006C,0,-0.2509338,0.07134956121444702,0.257999986410141,0.3357999920845032
YOL069W,YNR013C,0,-0.25132358,0.07132983207702637,0.257999986410141,0.3359000086784363
YJR097W,YPL275W,0,-0.2513467,0.0713101178407669,0.257999986410141,0.335999995470047
YGR288W,YER111C,1,-0.2514565,0.07156673073768616,0.2590000033378601,0.335999995470047
YER009W,YDR043C,0,-0.25149632,0.07154696434736252,0.2590000033378601,0.3361000120639801
YBR297W,YDR096W,1,-0.25152174,0.07180336862802505,0.25999999046325684,0.3361000120639801
YML031W,YFL013C,0,-0.2515508,0.07178354263305664,0.25999999046325684,0.3361999988555908
YHL027W,YFL010W-A,0,-0.25187996,0.07176373153924942,0.25999999046325684,0.33629998564720154
YMR075W,YOL094C,0,-0.2518994,0.0717439278960228,0.25999999046325684,0.33640000224113464
YDR138W,YOR212W,0,-0.25196984,0.07172413915395737,0.25999999046325684,0.33649998903274536
YGR192C,YCR058C,0,-0.2521652,0.07170435786247253,0.25999999046325684,0.33660000562667847
YPL170W,YBR158W,0,-0.25221905,0.0716845914721489,0.25999999046325684,0.3366999924182892
YLR131C,YNL197C,0,-0.25224397,0.07166483253240585,0.25999999046325684,0.3368000090122223
YPR065W,YGR006W,0,-0.25238487,0.07164508104324341,0.25999999046325684,0.336899995803833
YMR314W,YOL125W,0,-0.25242943,0.07162534445524216,0.25999999046325684,0.3370000123977661
YPR100W,YNL142W,0,-0.25245753,0.0716056153178215,0.25999999046325684,0.33709999918937683
YLR032W,YOR085W,0,-0.2524859,0.07158590108156204,0.25999999046325684,0.33719998598098755
YNL045W,YDR285W,0,-0.2526585,0.07156620174646378,0.25999999046325684,0.33730000257492065
YPL128C,YDR096W,1,-0.25277615,0.0718216821551323,0.26100000739097595,0.33730000257492065
YKL134C,YDR420W,0,-0.25281802,0.07180192321538925,0.26100000739097595,0.33739998936653137
YLR293C,YML039W,0,-0.25284085,0.0717821791768074,0.26100000739097595,0.3375000059604645
YKL012W,YMR091C,0,-0.2529047,0.07176244258880615,0.26100000739097595,0.3375999927520752
YDR244W,YDR499W,0,-0.25290692,0.0717427134513855,0.26100000739097595,0.3377000093460083
YER016W,YDR022C,0,-0.2530055,0.07172299921512604,0.26100000739097595,0.337799996137619
YER028C,YGR119C,0,-0.25304648,0.07170329988002777,0.26100000739097595,0.3379000127315521
YBR199W,YJR118C,0,-0.25310278,0.0716836005449295,0.26100000739097595,0.33799999952316284
YKL146W,YGR289C,0,-0.25325716,0.07166392356157303,0.26100000739097595,0.33809998631477356
YDR255C,YDL102W,0,-0.25332507,0.07164424657821655,0.26100000739097595,0.33820000290870667
YHR124W,YKL062W,1,-0.25350842,0.07189901173114777,0.2619999945163727,0.33820000290870667
YMR283C,YCR084C,0,-0.25351834,0.07187929004430771,0.2619999945163727,0.3382999897003174
YAL029C,YDL148C,0,-0.25354618,0.07185957580804825,0.2619999945163727,0.3384000062942505
YBR211C,YHR015W,0,-0.2535677,0.07183986902236938,0.2619999945163727,0.3384999930858612
YKL179C,YBL004W,0,-0.25374532,0.07182017713785172,0.2619999945163727,0.3386000096797943
YOR031W,YOR373W,0,-0.25406694,0.07180049270391464,0.2619999945163727,0.33869999647140503
YBR200W,YGR279C,0,-0.25410667,0.07178082317113876,0.2619999945163727,0.33880001306533813
YNR056C,YDR191W,0,-0.25418508,0.07176116108894348,0.2619999945163727,0.33889999985694885
YMR172W,YGL257C,0,-0.25419673,0.0717415139079094,0.2619999945163727,0.33899998664855957
YLL015W,YOR147W,0,-0.2542248,0.0717218741774559,0.2619999945163727,0.3391000032424927
YIR013C,YMR136W,1,-0.25444233,0.07197591662406921,0.2630000114440918,0.3391000032424927
YBR084W,YDL140C,0,-0.25452474,0.07195622473955154,0.2630000114440918,0.3391999900341034
YDR484W,YDL085W,0,-0.25455287,0.07193654030561447,0.2630000114440918,0.3393000066280365
YHR082C,YMR182C,0,-0.2546493,0.07191687077283859,0.2630000114440918,0.3393999934196472
YOR084W,YMR264W,0,-0.25475052,0.07189720869064331,0.2630000114440918,0.3395000100135803
YLR078C,YLR116W,0,-0.25476074,0.07187756150960922,0.2630000114440918,0.33959999680519104
YAR014C,YKL188C,0,-0.25480652,0.07185792177915573,0.2630000114440918,0.33970001339912415
YIL046W,YLR028C,0,-0.25487128,0.07183829694986343,0.2630000114440918,0.33980000019073486
YHR090C,YDR320C,0,-0.2549789,0.07181867957115173,0.2630000114440918,0.3398999869823456
YBR173C,YMR267W,0,-0.25504223,0.07179906964302063,0.2630000114440918,0.3400000035762787
YIL095W,YLR346C,0,-0.25507593,0.07177947461605072,0.2630000114440918,0.3400999903678894
YMR302C,YMR138W,0,-0.25511748,0.071759894490242,0.2630000114440918,0.3402000069618225
YHL034C,YPL232W,0,-0.25518575,0.07174031436443329,0.2630000114440918,0.3402999937534332
YFR034C,YLR183C,1,-0.2551885,0.07199345529079437,0.2639999985694885,0.3402999937534332
YLR186W,YEL031W,0,-0.25532243,0.07197383046150208,0.2639999985694885,0.34040001034736633
YFR052W,YGR142W,0,-0.25539565,0.07195421308279037,0.2639999985694885,0.34049999713897705
YHR135C,YLR242C,0,-0.2554249,0.07193460315465927,0.2639999985694885,0.34060001373291016
YOR373W,YPL249C,0,-0.25542495,0.07191500812768936,0.2639999985694885,0.3407000005245209
YKL019W,YHR204W,0,-0.255432,0.07189542800188065,0.2639999985694885,0.3407999873161316
YIL072W,YDR245W,0,-0.2555253,0.07187584787607193,0.2639999985694885,0.3409000039100647
YDR052C,YFR024C-A,0,-0.25575975,0.071856290102005,0.2639999985694885,0.3409999907016754
YCR061W,YJR065C,0,-0.2557608,0.07183673232793808,0.2639999985694885,0.3411000072956085
YPL256C,YMR179W,0,-0.255762,0.07181718945503235,0.2639999985694885,0.34119999408721924
YGL093W,YDR036C,0,-0.25582886,0.07179766148328781,0.2639999985694885,0.34130001068115234
YGR253C,YMR117C,0,-0.25595415,0.07177814096212387,0.2639999985694885,0.34139999747276306
YKR020W,YGR143W,0,-0.2559867,0.07175862789154053,0.2639999985694885,0.34150001406669617
YKR019C,YOR356W,0,-0.2559888,0.07173912972211838,0.2639999985694885,0.3416000008583069
YBR164C,YIL009C-A,0,-0.2560763,0.07171963900327682,0.2639999985694885,0.3416999876499176
YDR057W,YPL160W,0,-0.25609413,0.07170016318559647,0.2639999985694885,0.3418000042438507
YAL053W,YEL057C,0,-0.25613624,0.0716806948184967,0.2639999985694885,0.3418999910354614
YJR009C,YOL028C,0,-0.256233,0.07166124135255814,0.2639999985694885,0.34200000762939453
YDR459C,YNL221C,0,-0.2562352,0.07164178788661957,0.2639999985694885,0.34209999442100525
YPR023C,YIL049W,0,-0.2562719,0.07162235677242279,0.2639999985694885,0.34220001101493835
YOR067C,YMR192W,0,-0.25645283,0.07160292565822601,0.2639999985694885,0.3422999978065491
YAL003W,YJR108W,0,-0.25651708,0.07158351689577103,0.2639999985694885,0.3424000144004822
YER162C,YJL146W,0,-0.25654143,0.07156410813331604,0.2639999985694885,0.3425000011920929
YDR058C,YPR095C,0,-0.2566401,0.07154471427202225,0.2639999985694885,0.3425999879837036
YJL117W,YOR179C,0,-0.25673896,0.07152533531188965,0.2639999985694885,0.3427000045776367
YPR143W,YPL161C,0,-0.25682706,0.07150595635175705,0.2639999985694885,0.34279999136924744
YOR179C,YPL268W,0,-0.2569719,0.07148659974336624,0.2639999985694885,0.34290000796318054
YDR268W,YNL313C,0,-0.25720707,0.07146724313497543,0.2639999985694885,0.34299999475479126
YMR164C,YIL079C,0,-0.25725365,0.07144790142774582,0.2639999985694885,0.34310001134872437
YDL059C,YOL164W,0,-0.25726599,0.0714285746216774,0.2639999985694885,0.3431999981403351
YNR038W,YGL006W,0,-0.25730568,0.07140924781560898,0.2639999985694885,0.3433000147342682
YGL206C,YGR078C,0,-0.25732157,0.07138994336128235,0.2639999985694885,0.3434000015258789
YMR237W,YKR087C,0,-0.25735277,0.07137063890695572,0.2639999985694885,0.3434999883174896
YFL016C,YPL208W,0,-0.2573839,0.07135134935379028,0.2639999985694885,0.34360000491142273
YHL009C,YPL248C,1,-0.25746047,0.07160227000713348,0.26499998569488525,0.34360000491142273
YBR079C,YHR055C,0,-0.25750062,0.07158292829990387,0.26499998569488525,0.34369999170303345
YLR390W-A,YPL126W,0,-0.257505,0.07156359404325485,0.26499998569488525,0.34380000829696655
YLR383W,YPL169C,0,-0.25752845,0.07154427468776703,0.26499998569488525,0.34389999508857727
YDR076W,YOL038W,0,-0.25753072,0.0715249627828598,0.26499998569488525,0.3440000116825104
YGL223C,YAR035W,0,-0.2575322,0.07150566577911377,0.26499998569488525,0.3440999984741211
YBL007C,YGR007W,0,-0.2576074,0.07148637622594833,0.26499998569488525,0.3441999852657318
YNR032C-A,YGL136C,0,-0.25774893,0.07146710157394409,0.26499998569488525,0.3443000018596649
YDR432W,YKL035W,0,-0.25796124,0.07144782692193985,0.26499998569488525,0.34439998865127563
YGL187C,YDL148C,0,-0.25824672,0.0714285746216774,0.26499998569488525,0.34450000524520874
YOR344C,YKL062W,1,-0.258284,0.07167879492044449,0.26600000262260437,0.34450000524520874
YIL029C,YGR108W,0,-0.25829992,0.07165948301553726,0.26600000262260437,0.34459999203681946
YHR092C,YPL048W,0,-0.25833902,0.07164018601179123,0.26600000262260437,0.34470000863075256
YOL082W,YML114C,0,-0.25846082,0.0716208964586258,0.26600000262260437,0.3447999954223633
YDL015C,YPL249C,0,-0.25847435,0.07160161435604095,0.26600000262260437,0.3449000120162964
YAR035W,YML097C,0,-0.25850692,0.07158234715461731,0.26600000262260437,0.3449999988079071
YPR018W,YBL082C,0,-0.25868103,0.07156308740377426,0.26600000262260437,0.3450999855995178
YHR124W,YPL133C,1,-0.2586959,0.07181280106306076,0.2669999897480011,0.3450999855995178
YDL170W,YOR032C,1,-0.25876248,0.07206238061189651,0.2680000066757202,0.3450999855995178
YDL178W,YDL207W,0,-0.2587961,0.07204300910234451,0.2680000066757202,0.3452000021934509
YLR390W-A,YDR065W,0,-0.2589478,0.0720236524939537,0.2680000066757202,0.34529998898506165
YDR379W,YNL312W,0,-0.2589614,0.0720042958855629,0.2680000066757202,0.34540000557899475
YOR299W,YGL086W,0,-0.25904584,0.07198496162891388,0.2680000066757202,0.34549999237060547
YPL135W,YHL007C,0,-0.25906745,0.07196562737226486,0.2680000066757202,0.3456000089645386
YCR082W,YOL071W,0,-0.25910068,0.07194630801677704,0.2680000066757202,0.3456999957561493
YDL076C,YMR163C,0,-0.25911587,0.07192699611186981,0.2680000066757202,0.3458000123500824
YKL190W,YIL017C,0,-0.25914413,0.07190769910812378,0.2680000066757202,0.3458999991416931
YJR155W,YEL004W,0,-0.25916895,0.07188840955495834,0.2680000066757202,0.34599998593330383
YCL038C,YAL032C,0,-0.25917906,0.0718691349029541,0.2680000066757202,0.34610000252723694
YDR065W,YGL120C,0,-0.2591857,0.07184986770153046,0.2680000066757202,0.34619998931884766
YCL003W,YPL181W,0,-0.25940573,0.07183060795068741,0.2680000066757202,0.34630000591278076
YBL079W,YDR436W,0,-0.25949863,0.07181136310100555,0.2680000066757202,0.3463999927043915
YFR028C,YNL118C,0,-0.25971457,0.0717921257019043,0.2680000066757202,0.3465000092983246
YBR024W,YBL082C,0,-0.25985208,0.07177289575338364,0.2680000066757202,0.3465999960899353
YNL059C,YMR030W,0,-0.25987208,0.07175368070602417,0.2680000066757202,0.3467000126838684
YHR206W,YDR501W,1,-0.25988236,0.07200214266777039,0.26899999380111694,0.3467000126838684
YMR303C,YKR031C,0,-0.2599602,0.07198287546634674,0.26899999380111694,0.3467999994754791
YBR196C,YDR409W,0,-0.26001418,0.07196361571550369,0.26899999380111694,0.34689998626708984
YIL052C,YOL069W,0,-0.2601556,0.07194437086582184,0.26899999380111694,0.34700000286102295
YML005W,YLR284C,0,-0.260204,0.07192513346672058,0.26899999380111694,0.34709998965263367
YLR069C,YLR466W,0,-0.26029253,0.07190591096878052,0.26899999380111694,0.3472000062465668
YEL031W,YHR204W,0,-0.2603208,0.07188668847084045,0.26899999380111694,0.3472999930381775
YLR010C,YKR029C,0,-0.26045296,0.07186748832464218,0.26899999380111694,0.3474000096321106
YJL207C,YKL038W,0,-0.26045686,0.07184828817844391,0.26899999380111694,0.3474999964237213
YDR376W,YML128C,0,-0.26050562,0.07182910293340683,0.26899999380111694,0.3476000130176544
YOR260W,YGL017W,0,-0.26050562,0.07180993258953094,0.26899999380111694,0.34769999980926514
YLR386W,YMR301C,0,-0.26054436,0.07179076224565506,0.26899999380111694,0.34779998660087585
YML001W,YOR207C,0,-0.260559,0.07177161425352097,0.26899999380111694,0.34790000319480896
YMR246W,YAL017W,0,-0.26073232,0.07175246626138687,0.26899999380111694,0.3479999899864197
YDL236W,YGR280C,0,-0.26073977,0.07173333317041397,0.26899999380111694,0.3481000065803528
YGR288W,YDR216W,1,-0.26076916,0.0719808042049408,0.27000001072883606,0.3481000065803528
YGR288W,YPL248C,1,-0.26078865,0.07222814857959747,0.2709999978542328,0.3481000065803528
YOR064C,YBL011W,0,-0.26083082,0.07220889627933502,0.2709999978542328,0.3481999933719635
YJL071W,YBR034C,0,-0.2608913,0.07218966633081436,0.2709999978542328,0.3483000099658966
YPR010C,YLR201C,0,-0.26090163,0.0721704363822937,0.2709999978542328,0.3483999967575073
YOR148C,YMR312W,0,-0.26092076,0.07215122133493423,0.2709999978542328,0.34850001335144043
YDL126C,YJR043C,0,-0.26093116,0.07213202118873596,0.2709999978542328,0.34860000014305115
YHR039C-A,YDR080W,0,-0.26096427,0.07211282849311829,0.2709999978542328,0.34869998693466187
YKL200C,YKL140W,0,-0.26097843,0.07209364324808121,0.2709999978542328,0.34880000352859497
YKL062W,YLR098C,1,-0.2610523,0.07234042882919312,0.2720000147819519,0.34880000352859497
YLR098C,YIR013C,1,-0.2612137,0.07258708029985428,0.27300000190734863,0.34880000352859497
YDR247W,YHR143W,0,-0.26121706,0.07256778329610825,0.27300000190734863,0.3488999903202057
YMR078C,YDR168W,0,-0.26140013,0.07254850119352341,0.27300000190734863,0.3490000069141388
YNL271C,YJL062W,0,-0.26149943,0.07252922654151917,0.27300000190734863,0.3490999937057495
YHL011C,YNL127W,0,-0.26155025,0.07250995934009552,0.27300000190734863,0.3492000102996826
YBL030C,YBL008W,0,-0.2616444,0.07249070703983307,0.27300000190734863,0.34929999709129333
YGL257C,YBR026C,0,-0.2617148,0.07247146219015121,0.27300000190734863,0.34940001368522644
YLR403W,YDR501W,1,-0.2617172,0.07271762192249298,0.27399998903274536,0.34940001368522644
YLR020C,YNR057C,0,-0.26183176,0.07269832491874695,0.27399998903274536,0.34950000047683716
YLL038C,YFL049W,0,-0.2618904,0.07267904281616211,0.27399998903274536,0.3495999872684479
YDL225W,YGR092W,0,-0.26198632,0.07265977561473846,0.27399998903274536,0.349700003862381
YGL241W,YNL116W,0,-0.26210108,0.07264050841331482,0.27399998903274536,0.3497999906539917
YKL134C,YML005W,0,-0.2622272,0.07262125611305237,0.27399998903274536,0.3499000072479248
YML103C,YLR157C,0,-0.2622466,0.07260201126337051,0.27399998903274536,0.3499999940395355
YCL026C-A,YGR272C,0,-0.2622654,0.07258278131484985,0.27399998903274536,0.35010001063346863
YDL207W,YML092C,0,-0.26253444,0.07256355881690979,0.27399998903274536,0.35019999742507935
YHR118C,YBR022W,0,-0.26256013,0.07254434376955032,0.27399998903274536,0.35030001401901245
YGR166W,YGL256W,0,-0.26263335,0.07252514362335205,0.27399998903274536,0.35040000081062317
YDR407C,YDR439W,0,-0.26300877,0.07250595092773438,0.27399998903274536,0.3504999876022339
YPL041C,YNL213C,0,-0.26308262,0.0724867731332779,0.27399998903274536,0.350600004196167
YMR288W,YLR249W,0,-0.26311776,0.07246760278940201,0.27399998903274536,0.3506999909877777
YKL213C,YMR236W,0,-0.26314804,0.07244843989610672,0.27399998903274536,0.3508000075817108
YOL088C,YFL029C,0,-0.26322937,0.07242929190397263,0.27399998903274536,0.35089999437332153
YLR301W,YLR313C,0,-0.26324075,0.07241015136241913,0.27399998903274536,0.35100001096725464
YGL120C,YDR495C,0,-0.26324093,0.07239101827144623,0.27399998903274536,0.35109999775886536
YKR095W,YML099C,0,-0.26341614,0.07237190008163452,0.27399998903274536,0.35120001435279846
YDR439W,YPL156C,0,-0.26347354,0.07235278934240341,0.27399998903274536,0.3513000011444092
YNR033W,YDL128W,0,-0.26353708,0.0723336860537529,0.27399998903274536,0.3513999879360199
YKL143W,YCL001W,0,-0.2637114,0.07231459766626358,0.27399998903274536,0.351500004529953
YBL105C,YNL223W,0,-0.2638763,0.07229551672935486,0.27399998903274536,0.3515999913215637
YDL116W,YPL116W,0,-0.26393807,0.07227644324302673,0.27399998903274536,0.3517000079154968
YML051W,YOR003W,0,-0.26394686,0.0722573846578598,0.27399998903274536,0.35179999470710754
YAL041W,YKL041W,0,-0.26396734,0.07223833352327347,0.27399998903274536,0.35190001130104065
YFL025C,YDR465C,0,-0.2640966,0.07221929728984833,0.27399998903274536,0.35199999809265137
YCR073C,YOR338W,0,-0.26410487,0.07220026105642319,0.27399998903274536,0.3521000146865845
YOR063W,YNL084C,0,-0.264174,0.07218123972415924,0.27399998903274536,0.3522000014781952
YHR116W,YOR207C,0,-0.26427653,0.07216223329305649,0.27399998903274536,0.3522999882698059
YHR077C,YER116C,0,-0.26430464,0.07214323431253433,0.27399998903274536,0.352400004863739
YNL049C,YGR158C,0,-0.26435533,0.07212424278259277,0.27399998903274536,0.35249999165534973
YOL111C,YNL282W,0,-0.26437068,0.07210526615381241,0.27399998903274536,0.35260000824928284
YGR042W,YJL047C,0,-0.26438662,0.07208628952503204,0.27399998903274536,0.35269999504089355
YNR075W,YCL044C,0,-0.2644053,0.07206733524799347,0.27399998903274536,0.35280001163482666
YML062C,YJL128C,0,-0.2644802,0.0720483809709549,0.27399998903274536,0.3528999984264374
YPR138C,YOR216C,0,-0.26460734,0.07202944159507751,0.27399998903274536,0.3529999852180481
YMR156C,YGL106W,0,-0.26464593,0.07201050966978073,0.27399998903274536,0.3531000018119812
YDR163W,YKL193C,0,-0.2648341,0.07199159264564514,0.27399998903274536,0.3531999886035919
YGR270W,YIL037C,0,-0.26487458,0.07197268307209015,0.27399998903274536,0.353300005197525
YML042W,YMR072W,0,-0.26487586,0.07195378094911575,0.27399998903274536,0.35339999198913574
YDL040C,YJL041W,0,-0.26507822,0.07193489372730255,0.27399998903274536,0.35350000858306885
YEL037C,YJR118C,0,-0.26517853,0.07191601395606995,0.27399998903274536,0.35359999537467957
YOL082W,YNR035C,0,-0.26520768,0.07189714163541794,0.27399998903274536,0.35370001196861267
YPL098C,YCL059C,0,-0.26532865,0.07187827676534653,0.27399998903274536,0.3537999987602234
YDR065W,YNL151C,0,-0.26532987,0.07185942679643631,0.27399998903274536,0.3538999855518341
YBR022W,YGL021W,0,-0.2653335,0.07184058427810669,0.27399998903274536,0.3540000021457672
YEL061C,YBR035C,0,-0.2654766,0.07182175666093826,0.27399998903274536,0.35409998893737793
YKL057C,YDR164C,0,-0.26554346,0.07180293649435043,0.27399998903274536,0.35420000553131104
YMR211W,YMR117C,0,-0.26560256,0.0717841237783432,0.27399998903274536,0.35429999232292175
YNL014W,YGL017W,0,-0.26566365,0.07176531851291656,0.27399998903274536,0.35440000891685486
YLR418C,YMR029C,0,-0.26566768,0.07174652814865112,0.27399998903274536,0.3544999957084656
YLR069C,YOR149C,0,-0.26581824,0.07172774523496628,0.27399998903274536,0.3546000123023987
YLR106C,YOR143C,0,-0.2659914,0.07170897722244263,0.27399998903274536,0.3546999990940094
YPL179W,YHR191C,0,-0.2660405,0.07169021666049957,0.27399998903274536,0.3547999858856201
YNL107W,YDR324C,0,-0.26615182,0.07167146354913712,0.27399998903274536,0.3549000024795532
YDR392W,YER016W,0,-0.26618505,0.07165271788835526,0.27399998903274536,0.35499998927116394
YHR001W,YOL123W,0,-0.26645452,0.07163398712873459,0.27399998903274536,0.35510000586509705
YPL060W,YOL097C,0,-0.26645628,0.07161526381969452,0.27399998903274536,0.35519999265670776
YER040W,YBR182C,1,-0.2664688,0.07185785472393036,0.2750000059604645,0.35519999265670776
YER147C,YER052C,0,-0.26664138,0.07183907926082611,0.2750000059604645,0.35530000925064087
YDL170W,YGL254W,1,-0.26670507,0.07208148390054703,0.2759999930858612,0.35530000925064087
YIL031W,YPL069C,0,-0.26682904,0.0720626637339592,0.2759999930858612,0.3553999960422516
YLR312C-B,YPR133W-A,0,-0.26684746,0.07204385101795197,0.2759999930858612,0.3555000126361847
YPL265W,YDL148C,0,-0.26689526,0.07202505320310593,0.2759999930858612,0.3555999994277954
YLR274W,YGL136C,0,-0.26690355,0.07200626283884048,0.2759999930858612,0.35569998621940613
YNL118C,YDR310C,0,-0.26690486,0.07198747992515564,0.2759999930858612,0.35580000281333923
YKL154W,YOR171C,0,-0.26694232,0.07196871191263199,0.2759999930858612,0.35589998960494995
YDR211W,YPR201W,0,-0.2669683,0.07194995135068893,0.2759999930858612,0.35600000619888306
YDR198C,YGL126W,0,-0.26711646,0.07193119823932648,0.2759999930858612,0.3560999929904938
YJR063W,YDR191W,0,-0.26714873,0.07191245257854462,0.2759999930858612,0.3562000095844269
YDR523C,YGR211W,0,-0.26716545,0.07189372181892395,0.2759999930858612,0.3562999963760376
YDL058W,YPL254W,0,-0.26727012,0.07187499850988388,0.2759999930858612,0.3564000129699707
YKL043W,YDR216W,1,-0.26732633,0.07211663573980331,0.2770000100135803,0.3564000129699707
YDR421W,YDR320C,0,-0.26735234,0.07209786772727966,0.2770000100135803,0.3564999997615814
YHR084W,YLR014C,1,-0.2674205,0.07233931869268417,0.27799999713897705,0.3564999997615814
YGL254W,YPL248C,1,-0.26742548,0.07258064299821854,0.27900001406669617,0.3564999997615814
YBR198C,YHR006W,0,-0.26752755,0.07256177067756653,0.27900001406669617,0.35659998655319214
YKL062W,YIR013C,1,-0.26756063,0.07280290871858597,0.2800000011920929,0.35659998655319214
YLR284C,YFR047C,0,-0.26756775,0.07278398424386978,0.2800000011920929,0.35670000314712524
YNL280C,YPL274W,0,-0.2675898,0.07276507467031479,0.2800000011920929,0.35679998993873596
YLR014C,YOR032C,1,-0.2676235,0.07300597429275513,0.2809999883174896,0.35679998993873596
YGL208W,YPL275W,0,-0.26771262,0.07298701256513596,0.2809999883174896,0.35690000653266907
YHR158C,YJR065C,0,-0.26780087,0.07296805828809738,0.2809999883174896,0.3569999933242798
YJL029C,YHR116W,0,-0.26781872,0.07294911891222,0.2809999883174896,0.3571000099182129
YIL117C,YML093W,0,-0.26790527,0.07293018698692322,0.2809999883174896,0.3571999967098236
YBR168W,YLR007W,0,-0.26792958,0.07291126251220703,0.2809999883174896,0.3573000133037567
YPR121W,YBR021W,0,-0.26799408,0.07289234548807144,0.2809999883174896,0.35740000009536743
YCL075W,YIL052C,0,-0.26801804,0.07287344336509705,0.2809999883174896,0.35749998688697815
YGL067W,YDR484W,0,-0.26806134,0.07285454869270325,0.2809999883174896,0.35760000348091125
YIL040W,YOR127W,0,-0.2682999,0.07283566892147064,0.2809999883174896,0.357699990272522
YDR046C,YOR224C,0,-0.2683453,0.07281678915023804,0.2809999883174896,0.3578000068664551
YGR036C,YFR024C-A,0,-0.26835525,0.07279792428016663,0.2809999883174896,0.3578999936580658
YOR159C,YJL069C,0,-0.2688601,0.07277907431125641,0.2809999883174896,0.3580000102519989
YPR042C,YML081C-A,0,-0.26886347,0.07276022434234619,0.2809999883174896,0.3580999970436096
YDL245C,YHR062C,0,-0.26887447,0.07274138927459717,0.2809999883174896,0.3582000136375427
YMR065W,YHL025W,0,-0.268879,0.07272256910800934,0.2809999883174896,0.35830000042915344
YGR128C,YBR250W,0,-0.26889083,0.07270374894142151,0.2809999883174896,0.35839998722076416
YLR127C,YPR132W,0,-0.26891378,0.07268494367599487,0.2809999883174896,0.35850000381469727
YPR051W,YNL304W,0,-0.2689535,0.07266614586114883,0.2809999883174896,0.358599990606308
YCL034W,YOL126C,0,-0.26895747,0.07264736294746399,0.2809999883174896,0.3587000072002411
YGR246C,YML058W-A,0,-0.26896414,0.07262858748435974,0.2809999883174896,0.3587999939918518
YKL084W,YGR063C,0,-0.2690224,0.07260981947183609,0.2809999883174896,0.3589000105857849
YNR015W,YDR421W,0,-0.26902807,0.07259105890989304,0.2809999883174896,0.35899999737739563
YOR116C,YGR238C,0,-0.26911813,0.07257231324911118,0.2809999883174896,0.35910001397132874
YDR268W,YNL225C,0,-0.26919445,0.07255357503890991,0.2809999883174896,0.35920000076293945
YLR286C,YER143W,0,-0.26920095,0.07253484427928925,0.2809999883174896,0.35929998755455017
YIL063C,YDR013W,0,-0.2692751,0.07251612842082977,0.2809999883174896,0.3594000041484833
YLR396C,YAL030W,0,-0.26928064,0.0724974200129509,0.2809999883174896,0.359499990940094
YDR138W,YGL055W,0,-0.2692961,0.07247871905565262,0.2809999883174896,0.3596000075340271
YDL102W,YHR005C,0,-0.26930365,0.07246003299951553,0.2809999883174896,0.3596999943256378
YNL325C,YOR295W,0,-0.26938695,0.07244135439395905,0.2809999883174896,0.3598000109195709
YMR022W,YBL017C,0,-0.2694021,0.07242268323898315,0.2809999883174896,0.35989999771118164
YAL026C,YMR308C,0,-0.26945493,0.07240401953458786,0.2809999883174896,0.36000001430511475
YGL257C,YJL210W,0,-0.26947224,0.07238537073135376,0.2809999883174896,0.36010000109672546
YBR012W-A,YLR313C,0,-0.26947832,0.07236672937870026,0.2809999883174896,0.3601999878883362
YPR067W,YHR214C-B,0,-0.26949456,0.07234809547662735,0.2809999883174896,0.3603000044822693
YGR042W,YLR115W,0,-0.26957473,0.07232946902513504,0.2809999883174896,0.36039999127388
YPL096W,YGR156W,0,-0.26960427,0.07231085747480392,0.2809999883174896,0.3605000078678131
YMR060C,YBR244W,0,-0.2696327,0.0722922533750534,0.2809999883174896,0.36059999465942383
YOR028C,YDR252W,0,-0.26963413,0.07227366417646408,0.2809999883174896,0.36070001125335693
YDR075W,YNL247W,0,-0.26964492,0.07225507497787476,0.2809999883174896,0.36079999804496765
YJR059W,YPL192C,0,-0.26964736,0.07223650068044662,0.2809999883174896,0.36090001463890076
YBR186W,YHR068W,0,-0.26967213,0.07221794128417969,0.2809999883174896,0.3610000014305115
YHR152W,YPL274W,0,-0.26973146,0.07219938188791275,0.2809999883174896,0.3610999882221222
YPL101W,YNL029C,0,-0.26978907,0.072180837392807,0.2809999883174896,0.3612000048160553
YEL036C,YOR144C,0,-0.26979068,0.07216230034828186,0.2809999883174896,0.361299991607666
YEL056W,YPR054W,0,-0.26984128,0.07214377075433731,0.2809999883174896,0.3614000082015991
YHR107C,YGL014W,0,-0.2699197,0.07212525606155396,0.2809999883174896,0.36149999499320984
YJL139C,YIL150C,0,-0.2699251,0.0721067488193512,0.2809999883174896,0.36160001158714294
YPL146C,YNR035C,0,-0.27006626,0.07208824902772903,0.2809999883174896,0.36169999837875366
YMR172W,YHR061C,0,-0.27012128,0.07206976413726807,0.2809999883174896,0.3617999851703644
YMR016C,YIL101C,1,-0.27048293,0.07230769097805023,0.28200000524520874,0.3617999851703644
YHR065C,YML085C,0,-0.27053866,0.07228915393352509,0.28200000524520874,0.3619000017642975
YDR329C,YNL267W,0,-0.2706122,0.07227063179016113,0.28200000524520874,0.3619999885559082
YOR181W,YKL185W,0,-0.2706653,0.07225211709737778,0.28200000524520874,0.3621000051498413
YPL249C,YLL006W,0,-0.2707165,0.07223360985517502,0.28200000524520874,0.362199991941452
YLR403W,YJL110C,1,-0.27076566,0.07247119396924973,0.28299999237060547,0.362199991941452
YJR063W,YER045C,0,-0.27088934,0.07245263457298279,0.28299999237060547,0.36230000853538513
YOR344C,YER111C,1,-0.27090138,0.07269003987312317,0.2840000092983246,0.36230000853538513
YBL097W,YHR188C,0,-0.2710442,0.07267144322395325,0.2840000092983246,0.36239999532699585
YMR227C,YLR410W,0,-0.27109322,0.07265285402536392,0.2840000092983246,0.36250001192092896
YIL153W,YML058W,0,-0.27120963,0.0726342722773552,0.2840000092983246,0.3625999987125397
YHR200W,YJL146W,0,-0.27129933,0.07261569797992706,0.2840000092983246,0.3626999855041504
YDL004W,YBR088C,0,-0.2713133,0.07259713858366013,0.2840000092983246,0.3628000020980835
YMR035W,YBR210W,0,-0.2713549,0.07257858663797379,0.2840000092983246,0.3628999888896942
YBL005W-A,YML048W,0,-0.27142417,0.07256004214286804,0.2840000092983246,0.3630000054836273
YHR077C,YHR138C,0,-0.2715138,0.0725415050983429,0.2840000092983246,0.36309999227523804
YOR057W,YDL059C,0,-0.2716393,0.07252298295497894,0.2840000092983246,0.36320000886917114
YDR206W,YNL317W,0,-0.27169272,0.07250446826219559,0.2840000092983246,0.36329999566078186
YDR265W,YMR309C,0,-0.27177766,0.07248596101999283,0.2840000092983246,0.36340001225471497
YNL225C,YOR127W,0,-0.27178738,0.07246746867895126,0.2840000092983246,0.3634999990463257
YIL033C,YGL119W,0,-0.27179617,0.0724489763379097,0.2840000092983246,0.3635999858379364
YMR219W,YGL053W,0,-0.2718263,0.07243049889802933,0.2840000092983246,0.3637000024318695
YFL022C,YLR007W,0,-0.27184835,0.07241203635931015,0.2840000092983246,0.3637999892234802
YJR009C,YDR464W,0,-0.27191377,0.07239357382059097,0.2840000092983246,0.36390000581741333
YJR028W,YJR147W,0,-0.27191406,0.07237512618303299,0.2840000092983246,0.36399999260902405
YLR309C,YDR330W,0,-0.27191976,0.0723566859960556,0.2840000092983246,0.36410000920295715
YJL124C,YHR191C,0,-0.2720207,0.07233826071023941,0.2840000092983246,0.36419999599456787
YOR208W,YPL195W,0,-0.27212024,0.07231983542442322,0.2840000092983246,0.364300012588501
YNL001W,YPR201W,0,-0.27213317,0.07230142503976822,0.2840000092983246,0.3643999993801117
YFL033C,YKL185W,0,-0.2722611,0.07228302210569382,0.2840000092983246,0.3644999861717224
YIL131C,YNL201C,0,-0.27229825,0.07226463407278061,0.2840000092983246,0.3646000027656555
YHR176W,YNR032C-A,0,-0.27232167,0.0722462460398674,0.2840000092983246,0.36469998955726624
YGL032C,YHR158C,0,-0.2723436,0.07222787290811539,0.2840000092983246,0.36480000615119934
YBL018C,YHR138C,0,-0.2723657,0.07220950722694397,0.2840000092983246,0.36489999294281006
YPR073C,YJL165C,0,-0.27238765,0.07219115644693375,0.2840000092983246,0.36500000953674316
YGL222C,YBL014C,0,-0.27248168,0.07217280566692352,0.2840000092983246,0.3650999963283539
YPL218W,YIL007C,0,-0.27249637,0.0721544697880745,0.2840000092983246,0.365200012922287
YMR149W,YGL075C,0,-0.27259684,0.07213614135980606,0.2840000092983246,0.3652999997138977
YMR127C,YER190W,0,-0.27263185,0.07211782783269882,0.2840000092983246,0.3653999865055084
YGL027C,YBL003C,0,-0.27272105,0.07209951430559158,0.2840000092983246,0.36550000309944153
YLR090W,YMR212C,0,-0.27274624,0.07208121567964554,0.2840000092983246,0.36559998989105225
YBR012W-A,YBR143C,0,-0.2728372,0.07206292450428009,0.2840000092983246,0.36570000648498535
YDR045C,YKR031C,0,-0.27295873,0.07204464823007584,0.2840000092983246,0.36579999327659607
YBR257W,YKL203C,0,-0.27300876,0.07202637940645218,0.2840000092983246,0.3659000098705292
YHR058C,YGL027C,0,-0.27303618,0.07200811058282852,0.2840000092983246,0.3659999966621399
YPR025C,YNL117W,0,-0.27307937,0.07198986411094666,0.2840000092983246,0.366100013256073
YOL010W,YHL007C,0,-0.27310547,0.07197161763906479,0.2840000092983246,0.3662000000476837
YHR143W,YNL207W,0,-0.27313414,0.07195337861776352,0.2840000092983246,0.36629998683929443
YCR060W,YOL094C,0,-0.27317566,0.07193515449762344,0.2840000092983246,0.36640000343322754
YGR157W,YML078W,0,-0.273185,0.07191693782806396,0.2840000092983246,0.36649999022483826
YPR119W,YML039W,0,-0.2734562,0.07189873605966568,0.2840000092983246,0.36660000681877136
YNL098C,YPL139C,0,-0.27348623,0.0718805342912674,0.2840000092983246,0.3666999936103821
YFL016C,YIL040W,0,-0.27352878,0.0718623474240303,0.2840000092983246,0.3668000102043152
YLR193C,YKR001C,0,-0.2736979,0.07184416800737381,0.2840000092983246,0.3668999969959259
YDL077C,YML130C,0,-0.2737379,0.07182599604129791,0.2840000092983246,0.367000013589859
YGR218W,YMR232W,0,-0.27374056,0.07180783897638321,0.2840000092983246,0.3671000003814697
YBL008W,YBL040C,0,-0.27376547,0.0717896893620491,0.2840000092983246,0.36719998717308044
YGR128C,YPR111W,0,-0.27384013,0.0717715471982956,0.2840000092983246,0.36730000376701355
YJL071W,YLR103C,0,-0.27396122,0.07175341248512268,0.2840000092983246,0.36739999055862427
YPR176C,YLR347C,0,-0.27398077,0.07173528522253036,0.2840000092983246,0.3675000071525574
YNR031C,YML099C,0,-0.27398312,0.07171717286109924,0.2840000092983246,0.3675999939441681
YML127W,YDR227W,0,-0.27407214,0.07169906795024872,0.2840000092983246,0.3677000105381012
YML019W,YHR129C,0,-0.27408636,0.07168097048997879,0.2840000092983246,0.3677999973297119
YDR123C,YKL212W,0,-0.2741224,0.07166288048028946,0.2840000092983246,0.367900013923645
YGR288W,YHR084W,1,-0.27412483,0.07189707458019257,0.2849999964237213,0.367900013923645
YDR170C,YHR082C,0,-0.2741919,0.07187893986701965,0.2849999964237213,0.36800000071525574
YMR060C,YPR073C,0,-0.2742273,0.07186082005500793,0.2849999964237213,0.36809998750686646
YDR055W,YNL230C,0,-0.27425027,0.07184270024299622,0.2849999964237213,0.36820000410079956
YDR082W,YHR074W,0,-0.27429032,0.07182459533214569,0.2849999964237213,0.3682999908924103
YHR178W,YOR380W,1,-0.2743118,0.07205845415592194,0.28600001335144043,0.3682999908924103
YOR025W,YPL163C,0,-0.2743242,0.07204030454158783,0.28600001335144043,0.3684000074863434
YER087C-B,YKR050W,0,-0.27435553,0.07202216237783432,0.28600001335144043,0.3684999942779541
YJL012C,YNL317W,0,-0.2744275,0.07200402766466141,0.28600001335144043,0.3686000108718872
YGL205W,YFL049W,0,-0.27451682,0.07198590785264969,0.28600001335144043,0.3686999976634979
YKR052C,YLR181C,0,-0.27457762,0.07196778804063797,0.28600001335144043,0.36880001425743103
YKR003W,YLL024C,0,-0.2746662,0.07194968312978745,0.28600001335144043,0.36890000104904175
YCR042C,YKL206C,0,-0.27467754,0.07193159312009811,0.28600001335144043,0.36899998784065247
YGL135W,YDR101C,0,-0.27478534,0.07191350311040878,0.28600001335144043,0.36910000443458557
YLR447C,YBL100W-A,0,-0.27483547,0.07189542800188065,0.28600001335144043,0.3691999912261963
YLR466W,YDR337W,0,-0.27483758,0.07187735289335251,0.28600001335144043,0.3693000078201294
YMR301C,YPR068C,0,-0.27491537,0.07185930013656616,0.28600001335144043,0.3693999946117401
YOR126C,YLR363C,0,-0.27495566,0.07184124737977982,0.28600001335144043,0.3695000112056732
YBR038W,YGR123C,0,-0.27499098,0.07182320207357407,0.28600001335144043,0.36959999799728394
YBR037C,YJR140C,0,-0.27502665,0.07180517166852951,0.28600001335144043,0.36970001459121704
YOR099W,YLL011W,0,-0.27537686,0.07178714871406555,0.28600001335144043,0.36980000138282776
YBR035C,YFR051C,0,-0.27557352,0.07176913321018219,0.28600001335144043,0.3698999881744385
YGR041W,YIL142W,0,-0.2755871,0.07175113260746002,0.28600001335144043,0.3700000047683716
YHR191C,YNL032W,0,-0.27563047,0.07173313200473785,0.28600001335144043,0.3700999915599823
YLR048W,YER143W,0,-0.27580822,0.07171514630317688,0.28600001335144043,0.3702000081539154
YKL135C,YJR031C,0,-0.27580896,0.0716971680521965,0.28600001335144043,0.3702999949455261
YML049C,YDR495C,0,-0.2759047,0.07167919725179672,0.28600001335144043,0.37040001153945923
YBL064C,YHR011W,0,-0.27591217,0.07166124135255814,0.28600001335144043,0.37049999833106995
YHR186C,YDR532C,0,-0.27591956,0.07164328545331955,0.28600001335144043,0.37059998512268066
YIL114C,YJL209W,0,-0.2759649,0.07162534445524216,0.28600001335144043,0.37070000171661377
YJR120W,YIR028W,0,-0.27601105,0.07160741090774536,0.28600001335144043,0.3707999885082245
YHR178W,YGL073W,1,-0.2761477,0.07183980196714401,0.28700000047683716,0.3707999885082245
YDR263C,YHR214C-B,0,-0.27626175,0.07182182371616364,0.28700000047683716,0.3709000051021576
YOR274W,YLR371W,0,-0.2763268,0.07180385291576385,0.28700000047683716,0.3709999918937683
YKR099W,YOR002W,0,-0.27635935,0.07178588956594467,0.28700000047683716,0.3711000084877014
YPR121W,YHR204W,0,-0.27643415,0.07176794111728668,0.28700000047683716,0.37119999527931213
YML069W,YOR100C,0,-0.2765093,0.07175000011920929,0.28700000047683716,0.37130001187324524
YMR116C,YPL060W,0,-0.27651444,0.0717320665717125,0.28700000047683716,0.37139999866485596
YGL192W,YNL102W,0,-0.27652803,0.0717141404747963,0.28700000047683716,0.3714999854564667
YBR084W,YGR119C,0,-0.27652818,0.07169622927904129,0.28700000047683716,0.3716000020503998
YPL094C,YCR082W,0,-0.27654645,0.07167831808328629,0.28700000047683716,0.3716999888420105
YGL151W,YOL090W,0,-0.276623,0.07166042178869247,0.28700000047683716,0.3718000054359436
YIL033C,YLR153C,0,-0.2767569,0.07164253294467926,0.28700000047683716,0.3718999922275543
YJL115W,YDR231C,0,-0.2767621,0.07162465900182724,0.28700000047683716,0.3720000088214874
YGL087C,YGL129C,0,-0.27685946,0.07160678505897522,0.28700000047683716,0.37209999561309814
YHR178W,YER111C,1,-0.27695087,0.0718383640050888,0.2879999876022339,0.37209999561309814
YCR072C,YAR035W,0,-0.2769817,0.0718204453587532,0.2879999876022339,0.37220001220703125
YCR028C,YNL188W,0,-0.27713546,0.0718025416135788,0.2879999876022339,0.37229999899864197
YEL031W,YLL024C,0,-0.27716392,0.07178464531898499,0.2879999876022339,0.3723999857902527
YGL254W,YOR032C,1,-0.27721295,0.07201594859361649,0.289000004529953,0.3723999857902527
YOR328W,YBL090W,0,-0.27724925,0.07199800759553909,0.289000004529953,0.3725000023841858
YMR172W,YLL006W,0,-0.27729505,0.0719800740480423,0.289000004529953,0.3725999891757965
YLR067C,YOL135C,0,-0.27733573,0.0719621479511261,0.289000004529953,0.3727000057697296
YKL012W,YMR165C,0,-0.27740133,0.0719442367553711,0.289000004529953,0.37279999256134033
YDR459C,YLR176C,0,-0.27741325,0.07192633301019669,0.289000004529953,0.37290000915527344
YOR328W,YOL078W,0,-0.27767792,0.07190843671560287,0.289000004529953,0.37299999594688416
YGR074W,YDR238C,0,-0.27783346,0.07189054787158966,0.289000004529953,0.37310001254081726
YBL014C,YJL222W,0,-0.27792424,0.07187266647815704,0.289000004529953,0.373199999332428
YLR010C,YHR163W,0,-0.27796504,0.07185479998588562,0.289000004529953,0.3732999861240387
YHR164C,YDR473C,0,-0.27797136,0.0718369409441948,0.289000004529953,0.3734000027179718
YDL046W,YER013W,0,-0.2780384,0.07181908190250397,0.289000004529953,0.3734999895095825
YGL021W,YGR020C,0,-0.27814946,0.07180124521255493,0.289000004529953,0.3736000061035156
YHR124W,YLR403W,1,-0.27821618,0.07203179597854614,0.28999999165534973,0.3736000061035156
YOL003C,YGL143C,0,-0.27821898,0.07201390713453293,0.28999999165534973,0.37369999289512634
YPR067W,YLR052W,0,-0.27822444,0.07199602574110031,0.28999999165534973,0.37380000948905945
YLR329W,YFR055W,0,-0.27834246,0.07197815924882889,0.28999999165534973,0.37389999628067017
YML130C,YOR319W,0,-0.2784624,0.07196030020713806,0.28999999165534973,0.37400001287460327
YER133W,YDR503C,0,-0.2785113,0.07194244861602783,0.28999999165534973,0.374099999666214
YPR025C,YER155C,0,-0.27855134,0.0719246044754982,0.28999999165534973,0.3741999864578247
YOL123W,YDR376W,0,-0.27855924,0.07190676778554916,0.28999999165534973,0.3743000030517578
YBL063W,YGR108W,0,-0.2785718,0.07188894599676132,0.28999999165534973,0.37439998984336853
YOR380W,YIR013C,1,-0.2787067,0.07211896032094955,0.29100000858306885,0.37439998984336853
YML062C,YGR140W,0,-0.27873027,0.07210109382867813,0.29100000858306885,0.37450000643730164
YIL153W,YGR123C,0,-0.27875316,0.07208322733640671,0.29100000858306885,0.37459999322891235
YLL016W,YER017C,0,-0.27886513,0.07206537574529648,0.29100000858306885,0.37470000982284546
YKR009C,YIR006C,0,-0.2789629,0.07204753905534744,0.29100000858306885,0.3747999966144562
YHR041C,YOR007C,0,-0.27913472,0.07202970236539841,0.29100000858306885,0.3749000132083893
YDR296W,YNL278W,0,-0.27920473,0.07201188057661057,0.29100000858306885,0.375
YHR111W,YHR074W,0,-0.27935708,0.07199405878782272,0.29100000858306885,0.3750999867916107
YCL061C,YML127W,0,-0.27943605,0.07197625190019608,0.29100000858306885,0.3752000033855438
YDR079C-A,YGL135W,0,-0.27949294,0.07195845991373062,0.29100000858306885,0.37529999017715454
YCR033W,YNL313C,0,-0.27950302,0.07194066792726517,0.29100000858306885,0.37540000677108765
YGR152C,YPR134W,0,-0.27956778,0.07192288339138031,0.29100000858306885,0.37549999356269836
YIL039W,YOR308C,0,-0.27960187,0.07190511375665665,0.29100000858306885,0.37560001015663147
YDR381W,YJL095W,0,-0.27963793,0.07188735157251358,0.29100000858306885,0.3756999969482422
YGL254W,YLR013W,1,-0.27964503,0.07211656868457794,0.2919999957084656,0.3756999969482422
YGL212W,YDR414C,0,-0.27965516,0.0720987617969513,0.2919999957084656,0.3758000135421753
YNR006W,YGR060W,0,-0.27968237,0.07208096981048584,0.2919999957084656,0.375900000333786
YJL219W,YJL102W,0,-0.2797041,0.07206317782402039,0.2919999957084656,0.37599998712539673
YPL255W,YER093C,0,-0.2797043,0.07204540073871613,0.2919999957084656,0.37610000371932983
YAL035W,YPL181W,0,-0.279743,0.07202762365341187,0.2919999957084656,0.37619999051094055
YGR169C,YIL036W,0,-0.2798259,0.0720098614692688,0.2919999957084656,0.37630000710487366
YLR032W,YEL004W,0,-0.279859,0.07199210673570633,0.2919999957084656,0.3763999938964844
YPL180W,YDL099W,0,-0.27993304,0.07197436690330505,0.2919999957084656,0.3765000104904175
YKL138C-A,YDR116C,0,-0.28005418,0.07195662707090378,0.2919999957084656,0.3765999972820282
YMR188C,YDR285W,0,-0.2801643,0.0719389021396637,0.2919999957084656,0.3767000138759613
YJR086W,YMR129W,0,-0.2801688,0.07192118465900421,0.2919999957084656,0.376800000667572
YPL060W,YDR310C,0,-0.28017554,0.07190347462892532,0.2919999957084656,0.37689998745918274
YML112W,YDR285W,0,-0.28038517,0.07188577204942703,0.2919999957084656,0.37700000405311584
YER052C,YGL086W,0,-0.28044578,0.07186807692050934,0.2919999957084656,0.37709999084472656
YDL118W,YNL197C,0,-0.2805574,0.07185039669275284,0.2919999957084656,0.37720000743865967
YIL154C,YML094W,0,-0.2806156,0.07183271646499634,0.2919999957084656,0.3772999942302704
YHR118C,YMR161W,0,-0.28063276,0.07181505113840103,0.2919999957084656,0.3774000108242035
YIL140W,YHR058C,0,-0.2806431,0.07179739326238632,0.2919999957084656,0.3774999976158142
YNR057C,YML097C,0,-0.280701,0.07177974283695221,0.2919999957084656,0.3776000142097473
YGL137W,YML064C,0,-0.28072765,0.07176210731267929,0.2919999957084656,0.37770000100135803
YLR467W,YJL121C,0,-0.28078708,0.07174447178840637,0.2919999957084656,0.37779998779296875
YFL031W,YDR151C,1,-0.2808014,0.07197248935699463,0.2930000126361847,0.37779998779296875
YKR061W,YJL178C,0,-0.28081462,0.07195481657981873,0.2930000126361847,0.37790000438690186
YHR090C,YHR107C,0,-0.2808157,0.07193714380264282,0.2930000126361847,0.3779999911785126
YDR079C-A,YGL078C,0,-0.2808605,0.07191948592662811,0.2930000126361847,0.3781000077724457
YPL195W,YJR083C,0,-0.28088167,0.0719018429517746,0.2930000126361847,0.3781999945640564
YDR263C,YMR241W,0,-0.28093335,0.07188419997692108,0.2930000126361847,0.3783000111579895
YHR135C,YNL307C,0,-0.28096083,0.07186657190322876,0.2930000126361847,0.3783999979496002
YGR238C,YDR148C,0,-0.28096995,0.07184894382953644,0.2930000126361847,0.3785000145435333
YJL036W,YIL115C,0,-0.28097564,0.07183133065700531,0.2930000126361847,0.37860000133514404
YML062C,YCR053W,0,-0.28100404,0.07181372493505478,0.2930000126361847,0.37869998812675476
YGL223C,YGL166W,0,-0.28102142,0.07179612666368484,0.2930000126361847,0.37880000472068787
YHR005C-A,YGR104C,0,-0.2811031,0.0717785432934761,0.2930000126361847,0.3788999915122986
YNL045W,YNL313C,0,-0.2812034,0.07176095992326736,0.2930000126361847,0.3790000081062317
YGL229C,YNL225C,0,-0.28120714,0.07174339145421982,0.2930000126361847,0.3790999948978424
YKL092C,YLL001W,0,-0.28121284,0.07172582298517227,0.2930000126361847,0.3792000114917755
YGL257C,YHR011W,0,-0.28123862,0.07170826941728592,0.2930000126361847,0.37929999828338623
YNL290W,YOR068C,0,-0.28128338,0.07169072329998016,0.2930000126361847,0.37940001487731934
YGL011C,YGR178C,0,-0.2815084,0.0716731920838356,0.2930000126361847,0.37950000166893005
YDL190C,YIL122W,0,-0.28151944,0.07165566086769104,0.2930000126361847,0.37959998846054077
YJR013W,YGL062W,0,-0.28153,0.07163814455270767,0.2930000126361847,0.3797000050544739
YNR007C,YNL046W,0,-0.28155845,0.0716206282377243,0.2930000126361847,0.3797999918460846
YGR211W,YIL160C,0,-0.28159112,0.07160312682390213,0.2930000126361847,0.3799000084400177
YDR308C,YLR109W,0,-0.2816496,0.07158563286066055,0.2930000126361847,0.3799999952316284
YIL016W,YNL139C,0,-0.2816536,0.07156814634799957,0.2930000126361847,0.3801000118255615
YPL248C,YCR106W,1,-0.2817369,0.07179487496614456,0.2939999997615814,0.3801000118255615
YPR110C,YNL068C,0,-0.28177235,0.07177734375,0.2939999997615814,0.38019999861717224
YBL046W,YGR140W,0,-0.28184825,0.07175982743501663,0.2939999997615814,0.38029998540878296
YLR301W,YLR028C,0,-0.2819363,0.07174231112003326,0.2939999997615814,0.38040000200271606
YIL128W,YGL194C,0,-0.28218606,0.07172480970621109,0.2939999997615814,0.3804999887943268
YDR385W,YEL003W,0,-0.2822196,0.07170731574296951,0.2939999997615814,0.3806000053882599
YHR048W,YHR079C,0,-0.28223106,0.07168982923030853,0.2939999997615814,0.3806999921798706
YKL165C,YKR036C,0,-0.28225985,0.07167235761880875,0.2939999997615814,0.3808000087738037
YKL020C,YMR143W,0,-0.28231105,0.07165488600730896,0.2939999997615814,0.38089999556541443
YDR138W,YOR025W,0,-0.28236994,0.07163742929697037,0.2939999997615814,0.38100001215934753
YDL197C,YBL055C,0,-0.2824339,0.07161997258663177,0.2939999997615814,0.38109999895095825
YJL110C,YGR249W,1,-0.2827084,0.07184607535600662,0.29499998688697815,0.38109999895095825
YNL199C,YPR036W,0,-0.2827638,0.07182858884334564,0.29499998688697815,0.38119998574256897
YDL150W,YPL177C,0,-0.28281638,0.07181110233068466,0.29499998688697815,0.3813000023365021
YBR205W,YDR345C,0,-0.28285673,0.07179362326860428,0.29499998688697815,0.3813999891281128
YKL146W,YIR028W,0,-0.28307614,0.07177615910768509,0.29499998688697815,0.3815000057220459
YMR060C,YPR200C,0,-0.28311774,0.0717586949467659,0.29499998688697815,0.3815999925136566
YNL274C,YLR426W,0,-0.283303,0.0717412456870079,0.29499998688697815,0.3817000091075897
YPR068C,YPL122C,0,-0.2834293,0.0717238038778305,0.29499998688697815,0.38179999589920044
YIR010W,YJL012C,0,-0.2834361,0.0717063695192337,0.29499998688697815,0.38190001249313354
YBR153W,YPL033C,0,-0.28345636,0.0716889426112175,0.29499998688697815,0.38199999928474426
YBR205W,YLR427W,0,-0.28356525,0.07167152315378189,0.29499998688697815,0.382099986076355
YKL145W,YDR093W,0,-0.2835794,0.07165411859750748,0.29499998688697815,0.3822000026702881
YNR052C,YDR097C,0,-0.28366575,0.07163671404123306,0.29499998688697815,0.3822999894618988
YOR299W,YJL041W,0,-0.28368112,0.07161932438611984,0.29499998688697815,0.3824000060558319
YJR153W,YDL013W,0,-0.28374472,0.07160194218158722,0.29499998688697815,0.3824999928474426
YGL096W,YLR098C,1,-0.2837695,0.0718272253870964,0.29600000381469727,0.3824999928474426
YBR253W,YPL093W,0,-0.28381592,0.0718097984790802,0.29600000381469727,0.38260000944137573
YCL034W,YNL042W,0,-0.28383806,0.07179238647222519,0.29600000381469727,0.38269999623298645
YDR038C,YIL159W,0,-0.28385827,0.07177497446537018,0.29600000381469727,0.38280001282691956
YBR127C,YPR023C,0,-0.28387055,0.07175757735967636,0.29600000381469727,0.3828999996185303
YBR296C,YPR173C,0,-0.2839192,0.07174018770456314,0.29600000381469727,0.382999986410141
YNL318C,YDL039C,0,-0.28393453,0.07172279804944992,0.29600000381469727,0.3831000030040741
YFL060C,YLL006W,0,-0.2839363,0.0717054232954979,0.29600000381469727,0.3831999897956848
YHR083W,YHR204W,0,-0.28396717,0.07168806344270706,0.29600000381469727,0.3833000063896179
YGL011C,YFL002C,0,-0.2840728,0.07167070358991623,0.29600000381469727,0.38339999318122864
YML041C,YNR048W,0,-0.28410915,0.071653351187706,0.29600000381469727,0.38350000977516174
YIL115C,YGL017W,0,-0.28413105,0.07163601368665695,0.29600000381469727,0.38359999656677246
YDR339C,YDR280W,0,-0.28420752,0.07161867618560791,0.29600000381469727,0.38370001316070557
YNR033W,YOR210W,0,-0.28426433,0.07160135358572006,0.29600000381469727,0.3837999999523163
YJL138C,YDR179C,0,-0.28426436,0.07158403843641281,0.29600000381469727,0.383899986743927
YPL016W,YBR026C,0,-0.28437647,0.07156673073768616,0.29600000381469727,0.3840000033378601
YML081C-A,YDL140C,0,-0.28444695,0.0715494304895401,0.29600000381469727,0.3840999901294708
YLR459W,YBR152W,0,-0.28446165,0.07153213769197464,0.29600000381469727,0.38420000672340393
YLR309C,YMR067C,0,-0.28448373,0.07151485979557037,0.29600000381469727,0.38429999351501465
YGL190C,YBR105C,0,-0.2845016,0.07149758189916611,0.29600000381469727,0.38440001010894775
YML085C,YER068W,0,-0.28453317,0.07148031890392303,0.29600000381469727,0.38449999690055847
YPL097W,YPL160W,0,-0.2845432,0.07146306335926056,0.29600000381469727,0.3846000134944916
YOL069W,YLR276C,0,-0.28454417,0.07144581526517868,0.29600000381469727,0.3847000002861023
YIL010W,YGR257C,0,-0.28462723,0.0714285746216774,0.29600000381469727,0.384799987077713
YLR182W,YBR298C,0,-0.28485382,0.07141134142875671,0.29600000381469727,0.3849000036716461
YGL071W,YMR136W,1,-0.28496495,0.07163531333208084,0.296999990940094,0.3849000036716461
YBR143C,YNL097C,0,-0.28498867,0.07161803543567657,0.296999990940094,0.38499999046325684
YER183C,YBR040W,0,-0.28500697,0.0716007724404335,0.296999990940094,0.38510000705718994
YJL019W,YNR032C-A,0,-0.28501043,0.07158351689577103,0.296999990940094,0.38519999384880066
YDR167W,YGL016W,0,-0.285037,0.07156626135110855,0.296999990940094,0.38530001044273376
YMR232W,YPR113W,0,-0.28508097,0.07154902070760727,0.296999990940094,0.3853999972343445
YBR135W,YML064C,0,-0.28510228,0.07153179496526718,0.296999990940094,0.3855000138282776
YDR086C,YOR099W,0,-0.28514242,0.0715145692229271,0.296999990940094,0.3856000006198883
YKR095W,YMR075W,0,-0.2852852,0.0714973509311676,0.296999990940094,0.385699987411499
YDR311W,YLR028C,0,-0.28553513,0.0714801475405693,0.296999990940094,0.38580000400543213
YIL121W,YJR055W,0,-0.28553838,0.07146294414997101,0.296999990940094,0.38589999079704285
YKL112W,YDR151C,1,-0.2856035,0.07168631255626678,0.2980000078678131,0.38589999079704285
YCR106W,YLR013W,1,-0.28568542,0.07190956920385361,0.29899999499320984,0.38589999079704285
YLR346C,YOL043C,0,-0.28569028,0.07189228385686874,0.29899999499320984,0.38600000739097595
YNL029C,YKL009W,0,-0.28569698,0.07187499850988388,0.29899999499320984,0.38609999418258667
YOL044W,YOL076W,0,-0.28589097,0.07185772806406021,0.29899999499320984,0.3862000107765198
YFR051C,YDR231C,0,-0.28594562,0.07184045761823654,0.29899999499320984,0.3862999975681305
YLR051C,YGL001C,0,-0.2864045,0.07182320207357407,0.29899999499320984,0.3864000141620636
YGL150C,YNR046W,0,-0.28645194,0.07180595397949219,0.29899999499320984,0.3865000009536743
YDR523C,YOR011W,0,-0.28645623,0.0717887133359909,0.29899999499320984,0.38659998774528503
YLR016C,YFR047C,0,-0.28645906,0.07177148014307022,0.29899999499320984,0.38670000433921814
YJR089W,YJR076C,0,-0.28650984,0.07175426185131073,0.29899999499320984,0.38679999113082886
YKR061W,YER082C,0,-0.2865567,0.07173704355955124,0.29899999499320984,0.38690000772476196
YKL070W,YGL078C,0,-0.28657022,0.07171984016895294,0.29899999499320984,0.3869999945163727
YOR266W,YLR286C,0,-0.28677008,0.07170263677835464,0.29899999499320984,0.3871000111103058
YPR182W,YKL008C,0,-0.2868221,0.07168544828891754,0.29899999499320984,0.3871999979019165
YMR287C,YNL330C,0,-0.2868264,0.07166826725006104,0.29899999499320984,0.3873000144958496
YBR135W,YNL012W,0,-0.28697026,0.07165109366178513,0.29899999499320984,0.3874000012874603
YPR173C,YNL202W,0,-0.2869753,0.07163392752408981,0.29899999499320984,0.38749998807907104
YML120C,YBR205W,0,-0.28698605,0.0716167688369751,0.29899999499320984,0.38760000467300415
YML021C,YBR171W,0,-0.287079,0.07159961760044098,0.29899999499320984,0.38769999146461487
YER172C,YNL188W,0,-0.2870827,0.07158247381448746,0.29899999499320984,0.387800008058548
YER129W,YCR073C,0,-0.28708783,0.07156534492969513,0.29899999499320984,0.3878999948501587
YDR013W,YGL001C,0,-0.28719887,0.0715482160449028,0.29899999499320984,0.3880000114440918
YER133W,YLR006C,0,-0.2873321,0.07153110206127167,0.29899999499320984,0.3880999982357025
YBL093C,YPR132W,0,-0.2873504,0.07151399552822113,0.29899999499320984,0.3882000148296356
YBR135W,YGL155W,0,-0.28735068,0.0714968889951706,0.29899999499320984,0.38830000162124634
YDR388W,YHR176W,0,-0.28736553,0.07147979736328125,0.29899999499320984,0.38839998841285706
YOL076W,YBR065C,0,-0.2873719,0.0714627131819725,0.29899999499320984,0.38850000500679016
YGL071W,YKL062W,1,-0.28768614,0.0716845914721489,0.30000001192092896,0.38850000500679016
YGR192C,YBL090W,0,-0.28776297,0.07166746258735657,0.30000001192092896,0.3885999917984009
YGR097W,YDL142C,0,-0.28780416,0.07165034860372543,0.30000001192092896,0.388700008392334
YPR051W,YBL040C,0,-0.2878978,0.0716332346200943,0.30000001192092896,0.3887999951839447
YBL100W-A,YDR376W,0,-0.2879925,0.07161613553762436,0.30000001192092896,0.3889000117778778
YAL013W,YKL004W,0,-0.2881144,0.07159904390573502,0.30000001192092896,0.3889999985694885
YDR078C,YLR127C,0,-0.28812796,0.07158195972442627,0.30000001192092896,0.38909998536109924
YKR008W,YLR277C,0,-0.28816298,0.07156488299369812,0.30000001192092896,0.38920000195503235
YHR005C-A,YGL187C,0,-0.2882208,0.07154782116413116,0.30000001192092896,0.38929998874664307
YKR002W,YLR131C,0,-0.2882253,0.07153075933456421,0.30000001192092896,0.38940000534057617
YPL128C,YHR124W,1,-0.2882952,0.07175208628177643,0.3009999990463257,0.38940000534057617
YER111C,YDR151C,1,-0.2882962,0.07197330892086029,0.3019999861717224,0.38940000534057617
YJL186W,YIL017W,0,-0.28832904,0.07195615768432617,0.3019999861717224,0.3894999921321869
YGL093W,YNL251C,0,-0.2883567,0.07193902134895325,0.3019999861717224,0.38960000872612
YGL003C,YKL140W,0,-0.28836414,0.07192188501358032,0.3019999861717224,0.3896999955177307
YKL048C,YML114C,0,-0.28837082,0.07190476357936859,0.3019999861717224,0.3898000121116638
YKR052C,YKR086W,0,-0.28837633,0.07188764214515686,0.3019999861717224,0.38989999890327454
YLR438C-A,YNL247W,0,-0.28845522,0.07187053561210632,0.3019999861717224,0.38999998569488525
YBR058C,YPL126W,0,-0.2886158,0.07185343652963638,0.3019999861717224,0.39010000228881836
YDR052C,YNL273W,0,-0.2886253,0.07183634489774704,0.3019999861717224,0.3901999890804291
YIR015W,YPR082C,0,-0.2886382,0.0718192607164383,0.3019999861717224,0.3903000056743622
YHL040C,YLR096W,0,-0.28866357,0.07180218398571014,0.3019999861717224,0.3903999924659729
YLR153C,YML097C,0,-0.28871867,0.07178512215614319,0.3019999861717224,0.390500009059906
YBR201W,YML080W,0,-0.2888341,0.07176806032657623,0.3019999861717224,0.3905999958515167
YKL057C,YAL041W,0,-0.28901497,0.07175101339817047,0.3019999861717224,0.39070001244544983
YML103C,YDR097C,0,-0.28906152,0.07173396646976471,0.3019999861717224,0.39079999923706055
YBL097W,YDR227W,0,-0.2891873,0.07171693444252014,0.3019999861717224,0.39089998602867126
YBR092C,YDR207C,0,-0.28927526,0.07169990241527557,0.3019999861717224,0.39100000262260437
YER040W,YCR106W,1,-0.28935215,0.071920245885849,0.30300000309944153,0.39100000262260437
YDR065W,YIL065C,0,-0.2894347,0.07190317660570145,0.30300000309944153,0.3910999894142151
YPR073C,YPL171C,0,-0.28943554,0.07188612222671509,0.30300000309944153,0.3912000060081482
YBR058C,YJL001W,0,-0.28944343,0.07186906784772873,0.30300000309944153,0.3912999927997589
YKL172W,YGL136C,0,-0.2894703,0.07185202836990356,0.30300000309944153,0.391400009393692
YFL037W,YMR092C,0,-0.28948155,0.071834996342659,0.30300000309944153,0.39149999618530273
YNL048W,YOR130C,0,-0.2895396,0.07181796431541443,0.30300000309944153,0.39160001277923584
YGR246C,YPR078C,0,-0.28956118,0.07180094718933105,0.30300000309944153,0.39169999957084656
YDR123C,YKL025C,0,-0.2895979,0.07178393751382828,0.30300000309944153,0.3917999863624573
YDR457W,YKL059C,0,-0.28963456,0.0717669352889061,0.30300000309944153,0.3919000029563904
YMR135C,YMR065W,0,-0.28964913,0.07174994051456451,0.30300000309944153,0.3919999897480011
YMR038C,YBL018C,0,-0.28965905,0.07173295319080353,0.30300000309944153,0.3921000063419342
YGR089W,YAL044C,0,-0.28969455,0.07171597331762314,0.30300000309944153,0.3921999931335449
YGL067W,YOR275C,0,-0.28973952,0.07169900834560394,0.30300000309944153,0.392300009727478
YHR135C,YIL051C,0,-0.2897847,0.07168204337358475,0.30300000309944153,0.39239999651908875
YEL057C,YJR102C,0,-0.28993067,0.07166509330272675,0.30300000309944153,0.39250001311302185
YGL208W,YOL104C,0,-0.29002184,0.07164814323186874,0.30300000309944153,0.39259999990463257
YLR114C,YGL017W,0,-0.29006433,0.07163120806217194,0.30300000309944153,0.3926999866962433
YBR297W,YKL062W,1,-0.29009384,0.07185062766075134,0.30399999022483826,0.3926999866962433
YMR212C,YHR031C,0,-0.29012653,0.07183364778757095,0.30399999022483826,0.3928000032901764
YNL070W,YMR182C,0,-0.2903343,0.07181667536497116,0.30399999022483826,0.3928999900817871
YKL062W,YMR136W,1,-0.29033837,0.07203590124845505,0.3050000071525574,0.3928999900817871
YJL139C,YLR453C,0,-0.29037997,0.07201889157295227,0.3050000071525574,0.3930000066757202
YDR501W,YOR032C,1,-0.290387,0.07223796099424362,0.3059999942779541,0.3930000066757202
YPR100W,YER017C,0,-0.29039368,0.07222091406583786,0.3059999942779541,0.39309999346733093
YGR170W,YDR294C,0,-0.2905467,0.0722038671374321,0.3059999942779541,0.39320001006126404
YDR365C,YOR371C,0,-0.2907486,0.07218683511018753,0.3059999942779541,0.39329999685287476
YEL056W,YDL059C,0,-0.29078746,0.07216981053352356,0.3059999942779541,0.39340001344680786
YML103C,YNR057C,0,-0.29078782,0.07215279340744019,0.3059999942779541,0.3935000002384186
YGR288W,YOR032C,1,-0.29081133,0.07237152010202408,0.3070000112056732,0.3935000002384186
YGR163W,YLR086W,0,-0.29088104,0.07235446572303772,0.3070000112056732,0.3935999870300293
YFL026W,YMR167W,0,-0.29108676,0.07233741879463196,0.3070000112056732,0.3937000036239624
YAL003W,YNL267W,0,-0.29110935,0.0723203793168068,0.3070000112056732,0.3937999904155731
YPR073C,YGR155W,0,-0.29113945,0.07230334728956223,0.3070000112056732,0.3939000070095062
YOR127W,YAL030W,0,-0.29117528,0.07228632271289825,0.3070000112056732,0.39399999380111694
YIL039W,YNL177C,0,-0.29123953,0.07226930558681488,0.3070000112056732,0.39410001039505005
YOR305W,YJL115W,0,-0.29125127,0.0722522959113121,0.3070000112056732,0.39419999718666077
YOR008C,YKR020W,0,-0.29125142,0.07223529368638992,0.3070000112056732,0.39430001378059387
YFR050C,YKL120W,0,-0.29134336,0.07221829891204834,0.3070000112056732,0.3944000005722046
YDR420W,YNL297C,0,-0.2913464,0.07220131903886795,0.3070000112056732,0.3944999873638153
YIL131C,YBR009C,0,-0.29136285,0.07218433916568756,0.3070000112056732,0.3946000039577484
YDR085C,YMR013C,0,-0.2913756,0.07216737419366837,0.3070000112056732,0.39469999074935913
YOL051W,YJR033C,0,-0.29141378,0.07215040922164917,0.3070000112056732,0.39480000734329224
YPL118W,YMR224C,0,-0.29141954,0.07213345915079117,0.3070000112056732,0.39489999413490295
YBL055C,YIL125W,0,-0.2915251,0.07211651653051376,0.3070000112056732,0.39500001072883606
YMR149W,YFL033C,0,-0.29154888,0.07209957391023636,0.3070000112056732,0.3950999975204468
YKL043W,YHR206W,1,-0.29155603,0.0723174437880516,0.30799999833106995,0.3950999975204468
YOR349W,YCR039C,0,-0.2915593,0.07230047136545181,0.30799999833106995,0.3952000141143799
YBR182C,YCR106W,1,-0.29162374,0.07251818478107452,0.3089999854564667,0.3952000141143799
YGR081C,YKL126W,0,-0.2916301,0.07250117510557175,0.3089999854564667,0.3953000009059906
YIL101C,YFR034C,1,-0.29163155,0.07271873950958252,0.3100000023841858,0.3953000009059906
YGL137W,YER049W,0,-0.2917064,0.07270168513059616,0.3100000023841858,0.3953999876976013
YIL023C,YLL041C,0,-0.2917393,0.072684645652771,0.3100000023841858,0.3955000042915344
YDR255C,YHR107C,0,-0.29185936,0.07266760617494583,0.3100000023841858,0.39559999108314514
YOL069W,YLL041C,0,-0.29199255,0.07265057414770126,0.3100000023841858,0.39570000767707825
YDR339C,YNR032C-A,0,-0.29200438,0.07263354957103729,0.3100000023841858,0.39579999446868896
YBR098W,YPL271W,0,-0.29203987,0.07261653989553452,0.3100000023841858,0.39590001106262207
YLL002W,YDR256C,0,-0.29205623,0.07259953022003174,0.3100000023841858,0.3959999978542328
YLR386W,YMR235C,0,-0.2920774,0.07258253544569016,0.3100000023841858,0.3961000144481659
YKL026C,YJL168C,0,-0.29210413,0.07256554067134857,0.3100000023841858,0.3962000012397766
YLR208W,YHR055C,0,-0.29212123,0.07254856079816818,0.3100000023841858,0.39629998803138733
YBR024W,YKL120W,0,-0.2921531,0.07253158837556839,0.3100000023841858,0.39640000462532043
YML058W-A,YOR239W,0,-0.29218283,0.0725146234035492,0.3100000023841858,0.39649999141693115
YJL219W,YER155C,0,-0.29220763,0.07249765843153,0.3100000023841858,0.39660000801086426
YGR193C,YPL122C,0,-0.29226476,0.072480708360672,0.3100000023841858,0.396699994802475
YNL119W,YGR119C,0,-0.29235753,0.07246376574039459,0.3100000023841858,0.3968000113964081
YMR075W,YBL011W,0,-0.29236677,0.07244683057069778,0.3100000023841858,0.3968999981880188
YGL119W,YOR025W,0,-0.29240826,0.07242990285158157,0.3100000023841858,0.3970000147819519
YEL034W,YLR301W,0,-0.2924324,0.07241299003362656,0.3100000023841858,0.3971000015735626
YLR219W,YLR386W,0,-0.29245934,0.07239607721567154,0.3100000023841858,0.39719998836517334
YER014C-A,YNL177C,0,-0.29246953,0.07237917184829712,0.3100000023841858,0.39730000495910645
YER018C,YNL291C,0,-0.29259765,0.07236228138208389,0.3100000023841858,0.39739999175071716
YLR026C,YDR153C,0,-0.29270813,0.07234539091587067,0.3100000023841858,0.39750000834465027
YAR014C,YCL017C,0,-0.29277804,0.07232850790023804,0.3100000023841858,0.397599995136261
YER179W,YGR029W,0,-0.29286316,0.0723116397857666,0.3100000023841858,0.3977000117301941
YIL022W,YNL202W,0,-0.29289493,0.07229477912187576,0.3100000023841858,0.3977999985218048
YMR186W,YOR147W,0,-0.29290208,0.07227791845798492,0.3100000023841858,0.3978999853134155
YPR055W,YCR094W,0,-0.2929424,0.07226107269525528,0.3100000023841858,0.39800000190734863
YPL101W,YPR056W,0,-0.2929539,0.07224423438310623,0.3100000023841858,0.39809998869895935
YLR320W,YKL166C,0,-0.29295895,0.07222740352153778,0.3100000023841858,0.39820000529289246
YGL254W,YML076C,1,-0.2929823,0.07244351506233215,0.3109999895095825,0.39820000529289246
YOR250C,YOL063C,0,-0.29312366,0.07242663949728012,0.3109999895095825,0.3982999920845032
YDR085C,YMR163C,0,-0.29313663,0.07240977883338928,0.3109999895095825,0.3984000086784363
YMR083W,YCR089W,0,-0.29316205,0.07239292562007904,0.3109999895095825,0.398499995470047
YLR435W,YLR206W,0,-0.2932828,0.0723760798573494,0.3109999895095825,0.3986000120639801
YOR194C,YHL025W,0,-0.29330468,0.07235923409461975,0.3109999895095825,0.3986999988555908
YDR096W,YLR098C,1,-0.2933316,0.07257501780986786,0.31200000643730164,0.3986999988555908
YER142C,YPL095C,0,-0.2933368,0.07255814224481583,0.31200000643730164,0.39879998564720154
YMR173W,YGR211W,0,-0.2934881,0.0725412666797638,0.31200000643730164,0.39890000224113464
YJL091C,YMR264W,0,-0.2935095,0.07252440601587296,0.31200000643730164,0.39899998903274536
YLR130C,YIR011C,0,-0.29354787,0.07250755280256271,0.31200000643730164,0.39910000562667847
YDR130C,YNR013C,0,-0.29361722,0.07249070703983307,0.31200000643730164,0.3991999924182892
YJL117W,YHR053C,0,-0.2936457,0.07247386872768402,0.31200000643730164,0.3993000090122223
YMR237W,YOR047C,0,-0.2936515,0.07245703786611557,0.31200000643730164,0.399399995803833
YAL009W,YCR094W,0,-0.2936965,0.07244021445512772,0.31200000643730164,0.3995000123977661
YOR047C,YJR049C,0,-0.29371116,0.07242339849472046,0.31200000643730164,0.39959999918937683
YBL055C,YDL059C,0,-0.2937682,0.0724065899848938,0.31200000643730164,0.39969998598098755
YLR447C,YLR170C,0,-0.29376838,0.07238978892564774,0.31200000643730164,0.39980000257492065
YPR034W,YOR148C,0,-0.29380852,0.07237300276756287,0.31200000643730164,0.39989998936653137
YML076C,YER111C,1,-0.29394048,0.07258812338113785,0.31299999356269836,0.39989998936653137
YCR010C,YDL226C,0,-0.2939473,0.0725712925195694,0.31299999356269836,0.4000000059604645
YMR013C,YNL318C,0,-0.29408607,0.07255447655916214,0.31299999356269836,0.4000999927520752
YJL074C,YHR027C,0,-0.2940928,0.07253766059875488,0.31299999356269836,0.4002000093460083
YEL015W,YDR289C,0,-0.2943166,0.07252085208892822,0.31299999356269836,0.400299996137619
YGR098C,YBR061C,0,-0.29435822,0.07250405102968216,0.31299999356269836,0.4004000127315521
YJR013W,YLR116W,0,-0.29436833,0.07248726487159729,0.31299999356269836,0.40049999952316284
YDR099W,YNL136W,0,-0.29448783,0.07247047871351242,0.31299999356269836,0.40059998631477356
YNL218W,YOR037W,0,-0.29448912,0.07245370000600815,0.31299999356269836,0.40070000290870667
YJL054W,YPL224C,0,-0.2945189,0.07243693619966507,0.31299999356269836,0.4007999897003174
YNL246W,YNL151C,0,-0.29452258,0.07242017239332199,0.31299999356269836,0.4009000062942505
YNL242W,YJL125C,0,-0.2945376,0.0724034234881401,0.31299999356269836,0.4009999930858612
YKL175W,YDL077C,0,-0.2945752,0.07238668203353882,0.31299999356269836,0.4011000096797943
YGR120C,YDR329C,0,-0.29458264,0.07236994057893753,0.31299999356269836,0.40119999647140503
YKL092C,YLR067C,0,-0.29460102,0.07235321402549744,0.31299999356269836,0.40130001306533813
YGR081C,YMR087W,0,-0.2946191,0.07233649492263794,0.31299999356269836,0.40139999985694885
YNL282W,YJR077C,0,-0.2947903,0.07231977581977844,0.31299999356269836,0.40149998664855957
YGR135W,YDR088C,0,-0.29483712,0.07230307161808014,0.31299999356269836,0.4016000032424927
YLR266C,YBR006W,0,-0.2949988,0.07228637486696243,0.31299999356269836,0.4016999900341034
YIL066C,YJL145W,0,-0.2950835,0.07226968556642532,0.31299999356269836,0.4018000066280365
YML011C,YLR215C,0,-0.2953366,0.07225300371646881,0.31299999356269836,0.4018999934196472
YBL071W-A,YLR096W,0,-0.2954644,0.0722363293170929,0.31299999356269836,0.4020000100135803
YLR182W,YML085C,0,-0.29548174,0.07221965491771698,0.31299999356269836,0.40209999680519104
YNR033W,YAL068C,0,-0.2954963,0.07220299541950226,0.31299999356269836,0.40220001339912415
YBR020W,YDR283C,0,-0.29559043,0.07218634337186813,0.31299999356269836,0.40230000019073486
YOR217W,YOR349W,0,-0.29567018,0.0721697062253952,0.31299999356269836,0.4023999869823456
YDR484W,YMR284W,0,-0.29570076,0.07215306907892227,0.31299999356269836,0.4025000035762787
YKR061W,YLR116W,0,-0.2957274,0.07213643938302994,0.31299999356269836,0.4025999903678894
YDL042C,YGR270W,0,-0.2960593,0.0721198171377182,0.31299999356269836,0.4027000069618225
YLR221C,YBR210W,0,-0.29613855,0.07210320234298706,0.31299999356269836,0.4027999937534332
YCR106W,YIL101C,1,-0.29615644,0.07231690734624863,0.3140000104904175,0.4027999937534332
YER065C,YMR202W,0,-0.29616293,0.0723002552986145,0.3140000104904175,0.40290001034736633
YCR102C,YNR056C,0,-0.29620168,0.07228361070156097,0.3140000104904175,0.40299999713897705
YBR182C,YBR297W,1,-0.2962176,0.07249712198972702,0.3149999976158142,0.40299999713897705
YDR265W,YJR049C,0,-0.296229,0.07248044013977051,0.3149999976158142,0.40310001373291016
YNL293W,YOR149C,0,-0.296258,0.07246376574039459,0.3149999976158142,0.4032000005245209
YMR016C,YDR096W,1,-0.29629555,0.07267709076404572,0.3160000145435333,0.4032000005245209
YHL009C,YOR380W,1,-0.296321,0.07289031893014908,0.31700000166893005,0.4032000005245209
YLR098C,YOR032C,1,-0.2963249,0.07310345023870468,0.3179999887943268,0.4032000005245209
YOR373W,YGR143W,0,-0.29633388,0.07308664917945862,0.3179999887943268,0.4032999873161316
YNL090W,YMR211W,0,-0.29638055,0.07306985557079315,0.3179999887943268,0.4034000039100647
YPR082C,YJL192C,0,-0.2963837,0.07305306941270828,0.3179999887943268,0.4034999907016754
YAL009W,YMR039C,0,-0.29641,0.07303629070520401,0.3179999887943268,0.4036000072956085
YCL029C,YIL084C,0,-0.29645595,0.07301951944828033,0.3179999887943268,0.40369999408721924
YDR492W,YOL094C,0,-0.2964687,0.07300275564193726,0.3179999887943268,0.40380001068115234
YHL009C,YDR151C,1,-0.2964764,0.07321551442146301,0.3190000057220459,0.40380001068115234
YDR206W,YMR276W,0,-0.29648474,0.07319871336221695,0.3190000057220459,0.40389999747276306
YKR063C,YDL166C,0,-0.29650846,0.07318191975355148,0.3190000057220459,0.40400001406669617
YLR293C,YIL037C,0,-0.2966029,0.07316514104604721,0.3190000057220459,0.4041000008583069
YMR314W,YPL227C,0,-0.29663217,0.07314836233854294,0.3190000057220459,0.4041999876499176
YDL116W,YER072W,0,-0.2967025,0.07313159108161926,0.3190000057220459,0.4043000042438507
YOL121C,YLR052W,0,-0.29677927,0.07311482727527618,0.3190000057220459,0.4043999910354614
YLR182W,YBR257W,0,-0.29682073,0.0730980783700943,0.3190000057220459,0.40450000762939453
YLR386W,YGL174W,0,-0.29686394,0.07308132946491241,0.3190000057220459,0.40459999442100525
YKR101W,YLR226W,0,-0.29686972,0.07306458801031113,0.3190000057220459,0.40470001101493835
YBR297W,YDR216W,1,-0.2968851,0.07327684760093689,0.3199999928474426,0.40470001101493835
YER157W,YLR384C,0,-0.29701224,0.07326007634401321,0.3199999928474426,0.4047999978065491
YNL297C,YOR269W,0,-0.2970393,0.07324330508708954,0.3199999928474426,0.4049000144004822
YBR253W,YPL262W,0,-0.297066,0.07322654128074646,0.3199999928474426,0.4050000011920929
YDR240C,YGL006W,0,-0.29720387,0.07320979237556458,0.3199999928474426,0.4050999879837036
YPR103W,YLR206W,0,-0.29735515,0.07319304347038269,0.3199999928474426,0.4052000045776367
YDL192W,YML071C,0,-0.2974008,0.073176309466362,0.3199999928474426,0.40529999136924744
YDR306C,YOL005C,0,-0.29744536,0.0731595829129219,0.3199999928474426,0.40540000796318054
YDL132W,YLL001W,0,-0.29755563,0.07314285635948181,0.3199999928474426,0.40549999475479126
YPL011C,YNL145W,0,-0.29770455,0.07312614470720291,0.3199999928474426,0.40560001134872437
YBR172C,YPR002W,0,-0.29773176,0.07310943305492401,0.3199999928474426,0.4056999981403351
YBR057C,YER107C,0,-0.29774523,0.0730927363038063,0.3199999928474426,0.4058000147342682
YMR281W,YDR361C,0,-0.29785213,0.0730760470032692,0.3199999928474426,0.4059000015258789
YER040W,YDL170W,1,-0.29787126,0.07328767329454422,0.32100000977516174,0.4059000015258789
YFL010W-A,YDL093W,0,-0.2981104,0.07327093929052353,0.32100000977516174,0.4059999883174896
YLR361C,YCR066W,0,-0.2981643,0.07325422018766403,0.32100000977516174,0.40610000491142273
YPR055W,YBR257W,0,-0.29819524,0.07323750853538513,0.32100000977516174,0.40619999170303345
YDL015C,YGR081C,0,-0.29822516,0.07322080433368683,0.32100000977516174,0.40630000829696655
YKR095W,YDR085C,0,-0.29836902,0.07320410758256912,0.32100000977516174,0.40639999508857727
YNR030W,YIL049W,0,-0.2983695,0.07318741083145142,0.32100000977516174,0.4065000116825104
YJL165C,YDR418W,0,-0.29838488,0.0731707289814949,0.32100000977516174,0.4065999984741211
YHR052W,YDL047W,0,-0.29844534,0.07315405458211899,0.32100000977516174,0.4066999852657318
YMR302C,YNL261W,0,-0.29850227,0.07313738763332367,0.32100000977516174,0.4068000018596649
YKL074C,YPL192C,0,-0.2985569,0.07312072813510895,0.32100000977516174,0.40689998865127563
YPL180W,YFR031C,0,-0.29867667,0.07310407608747482,0.32100000977516174,0.40700000524520874
YNL164C,YGL062W,0,-0.2986891,0.0730874314904213,0.32100000977516174,0.40709999203681946
YDR052C,YIL017W,0,-0.29876974,0.07307079434394836,0.32100000977516174,0.40720000863075256
YNL233W,YMR149W,0,-0.29881722,0.07305416464805603,0.32100000977516174,0.4072999954223633
YGR225W,YPL031C,0,-0.29889616,0.0730375424027443,0.32100000977516174,0.4074000120162964
YMR149W,YMR267W,0,-0.2989019,0.07302092760801315,0.32100000977516174,0.4074999988079071
YIL014W,YOR132W,0,-0.29893008,0.07300432026386261,0.32100000977516174,0.4075999855995178
YFR008W,YNL117W,0,-0.29916853,0.07298772037029266,0.32100000977516174,0.4077000021934509
YLR013W,YLR014C,1,-0.2991993,0.07319845259189606,0.32199999690055847,0.4077000021934509
YNL127W,YCL059C,0,-0.29921257,0.07318181544542313,0.32199999690055847,0.40779998898506165
YER123W,YLR238W,0,-0.29927033,0.07316519320011139,0.32199999690055847,0.40790000557899475
YCL038C,YCR038C,0,-0.29939345,0.07314857095479965,0.32199999690055847,0.40799999237060547
YNL023C,YKL062W,1,-0.2994188,0.07335907220840454,0.3230000138282776,0.40799999237060547
YJR055W,YOR326W,0,-0.29965162,0.07334241271018982,0.3230000138282776,0.4081000089645386
YDL223C,YOL139C,0,-0.29968792,0.07332576811313629,0.3230000138282776,0.4081999957561493
YNL047C,YDL207W,0,-0.29970065,0.07330912351608276,0.3230000138282776,0.4083000123500824
YJL194W,YPL075W,0,-0.29971775,0.07329248636960983,0.3230000138282776,0.4083999991416931
YHR058C,YJR047C,0,-0.29983136,0.0732758641242981,0.3230000138282776,0.40849998593330383
YBR182C,YDR216W,1,-0.2998725,0.07348605245351791,0.3240000009536743,0.40849998593330383
YBR142W,YBL102W,0,-0.29987907,0.0734693855047226,0.3240000009536743,0.40860000252723694
YAL026C,YDL051W,0,-0.299886,0.07345273345708847,0.3240000009536743,0.40869998931884766
YHR143W-A,YPL268W,0,-0.2999015,0.07343608140945435,0.3240000009536743,0.40880000591278076
YHR186C,YPR185W,0,-0.29992434,0.07341944426298141,0.3240000009536743,0.4088999927043915
YBR168W,YHR152W,0,-0.29993773,0.07340280711650848,0.3240000009536743,0.4090000092983246
YKL092C,YJL203W,0,-0.30000013,0.07338618487119675,0.3240000009536743,0.4090999960899353
YBL055C,YCR012W,0,-0.3001513,0.07336956262588501,0.3240000009536743,0.4092000126838684
YOL112W,YER143W,0,-0.30018267,0.07335295528173447,0.3240000009536743,0.4092999994754791
YIL056W,YMR192W,0,-0.30020285,0.07333634793758392,0.3240000009536743,0.40939998626708984
YDL120W,YHR016C,0,-0.30021557,0.07331975549459457,0.3240000009536743,0.40950000286102295
YNL230C,YLR119W,0,-0.30030695,0.07330317050218582,0.3240000009536743,0.40959998965263367
YHR124W,YLR014C,1,-0.30033806,0.07351277768611908,0.32499998807907104,0.40959998965263367
YJR076C,YOL122C,0,-0.30038396,0.07349615544080734,0.32499998807907104,0.4097000062465668
YDR018C,YGL006W,0,-0.3004348,0.0734795406460762,0.32499998807907104,0.4097999930381775
YJL041W,YGR098C,0,-0.30058828,0.07346292585134506,0.32499998807907104,0.4099000096321106
YJL208C,YGR129W,0,-0.30080196,0.07344632595777512,0.32499998807907104,0.4099999964237213
YLR240W,YNL102W,0,-0.30085352,0.07342973351478577,0.32499998807907104,0.4101000130176544
YER183C,YHL022C,0,-0.30106083,0.07341314852237701,0.32499998807907104,0.41019999980926514
YMR038C,YGR135W,0,-0.30112794,0.07339657098054886,0.32499998807907104,0.41029998660087585
YGR041W,YNL197C,0,-0.30112967,0.0733799934387207,0.32499998807907104,0.41040000319480896
YLR329W,YMR072W,0,-0.30119544,0.07336343079805374,0.32499998807907104,0.4104999899864197
YDR389W,YOR338W,0,-0.30120704,0.07334687560796738,0.32499998807907104,0.4106000065803528
YNL082W,YIL036W,0,-0.30132943,0.07333032786846161,0.32499998807907104,0.4106999933719635
YDR294C,YOR257W,0,-0.3014709,0.07331378012895584,0.32499998807907104,0.4108000099658966
YGR097W,YLR181C,0,-0.30149528,0.07329724729061127,0.32499998807907104,0.4108999967575073
YPL053C,YCR028C-A,0,-0.30152735,0.07328072190284729,0.32499998807907104,0.41100001335144043
YDL007W,YJR094C,0,-0.30160847,0.07326420396566391,0.32499998807907104,0.41110000014305115
YML051W,YLR086W,0,-0.3016248,0.07324769347906113,0.32499998807907104,0.41119998693466187
YIL018W,YJL045W,0,-0.30165124,0.07323118299245834,0.32499998807907104,0.41130000352859497
YGR060W,YPL021W,0,-0.3016814,0.07321468740701675,0.32499998807907104,0.4113999903202057
YKL112W,YHR124W,1,-0.30171624,0.07342342287302017,0.32600000500679016,0.4113999903202057
YIL085C,YHR090C,0,-0.3018518,0.0734068900346756,0.32600000500679016,0.4115000069141388
YOR148C,YPL254W,0,-0.30190986,0.07339036464691162,0.32600000500679016,0.4115999937057495
YDR043C,YGR140W,0,-0.30195203,0.07337384670972824,0.32600000500679016,0.4117000102996826
YOR317W,YOR156C,0,-0.30196074,0.07335733622312546,0.32600000500679016,0.41179999709129333
YPR103W,YMR240C,0,-0.3021231,0.07334083318710327,0.32600000500679016,0.41190001368522644
YJR010C-A,YEL066W,0,-0.30214545,0.07332433760166168,0.32600000500679016,0.41200000047683716
YKL196C,YLL056C,0,-0.30217054,0.07330784946680069,0.32600000500679016,0.4120999872684479
YKL112W,YLR013W,1,-0.30224422,0.07351619005203247,0.3269999921321869,0.4120999872684479
YGR004W,YGL086W,0,-0.30227584,0.0734996646642685,0.3269999921321869,0.412200003862381
YLR403W,YLR013W,1,-0.3022916,0.07370786368846893,0.328000009059906,0.412200003862381
YHR186C,YMR065W,0,-0.3024641,0.07369130849838257,0.328000009059906,0.4122999906539917
YJR047C,YMR088C,0,-0.30254987,0.0736747533082962,0.328000009059906,0.4124000072479248
YFL039C,YGL153W,0,-0.30264458,0.07365820556879044,0.328000009059906,0.4124999940395355
YCL034W,YOL086C,0,-0.30269912,0.07364167273044586,0.328000009059906,0.41260001063346863
YGR258C,YDR098C,0,-0.3027553,0.07362513989210129,0.328000009059906,0.41269999742507935
YJL173C,YBR170C,0,-0.30284816,0.07360861450433731,0.328000009059906,0.41280001401901245
YJR002W,YLR131C,0,-0.30295157,0.07359210401773453,0.328000009059906,0.41290000081062317
YGL116W,YJR094C,0,-0.30296126,0.07357559353113174,0.328000009059906,0.4129999876022339
YHR135C,YOR284W,0,-0.30296764,0.07355909049510956,0.328000009059906,0.413100004196167
YKL112W,YPL133C,1,-0.30297443,0.0737668126821518,0.32899999618530273,0.413100004196167
YER179W,YHR167W,0,-0.3029913,0.07375027984380722,0.32899999618530273,0.4131999909877777
YJR135C,YOR207C,0,-0.30300644,0.07373375445604324,0.32899999618530273,0.4133000075817108
YJR028W,YOR338W,0,-0.30302468,0.07371722906827927,0.32899999618530273,0.41339999437332153
YGL003C,YLR376C,0,-0.30305275,0.07370071858167648,0.32899999618530273,0.41350001096725464
YCL040W,YIL154C,0,-0.30314103,0.0736842080950737,0.32899999618530273,0.41359999775886536
YJL117W,YOR245C,0,-0.3031927,0.07366771250963211,0.32899999618530273,0.41370001435279846
YLR466W,YDR217C,0,-0.30329874,0.07365121692419052,0.32899999618530273,0.4138000011444092
YEL053C,YGL115W,0,-0.30333322,0.07363473623991013,0.32899999618530273,0.4138999879360199
YOL158C,YJL128C,0,-0.30342904,0.07361825555562973,0.32899999618530273,0.414000004529953
YGL178W,YJR069C,0,-0.30355424,0.07360178977251053,0.32899999618530273,0.4140999913215637
YJL186W,YDR515W,0,-0.30356297,0.07358532398939133,0.32899999618530273,0.4142000079154968
YFL031W,YLR098C,1,-0.30362055,0.0737924873828888,0.33000001311302185,0.4142000079154968
YIL052C,YOR076C,0,-0.30365792,0.0737759917974472,0.33000001311302185,0.41429999470710754
YIL038C,YOR063W,0,-0.3037485,0.07375949621200562,0.33000001311302185,0.41440001130104065
YHL034C,YDR091C,0,-0.30377468,0.07374301552772522,0.33000001311302185,0.41449999809265137
YOR299W,YDL130W,0,-0.3038425,0.07372654229402542,0.33000001311302185,0.4146000146865845
YDR190C,YLR119W,0,-0.3039424,0.07371007651090622,0.33000001311302185,0.4147000014781952
YBR185C,YNL304W,0,-0.3040591,0.07369361072778702,0.33000001311302185,0.4147999882698059
YHR083W,YIL038C,0,-0.30411085,0.07367715984582901,0.33000001311302185,0.414900004863739
YLR316C,YDL040C,0,-0.30412653,0.0736607164144516,0.33000001311302185,0.41499999165534973
YDR388W,YPL015C,0,-0.30413583,0.07364427298307419,0.33000001311302185,0.41510000824928284
YER157W,YKR035W-A,0,-0.3043177,0.07362784445285797,0.33000001311302185,0.41519999504089355
YKL058W,YBR290W,0,-0.30433154,0.07361142337322235,0.33000001311302185,0.41530001163482666
YJR063W,YNL001W,0,-0.30433157,0.07359500229358673,0.33000001311302185,0.4153999984264374
YNR035C,YAR019C,0,-0.3044318,0.0735785961151123,0.33000001311302185,0.4154999852180481
YMR288W,YGL119W,0,-0.30444443,0.07356218993663788,0.33000001311302185,0.4156000018119812
YBR201W,YJL111W,0,-0.30445287,0.07354579865932465,0.33000001311302185,0.4156999886035919
YKL043W,YLR013W,1,-0.30446276,0.07375222444534302,0.3310000002384186,0.4156999886035919
YHR118C,YDR469W,0,-0.3045217,0.0737357959151268,0.3310000002384186,0.415800005197525
YPL170W,YBL004W,0,-0.3045288,0.07371937483549118,0.3310000002384186,0.41589999198913574
YKR003W,YGL192W,0,-0.3045512,0.07370296120643616,0.3310000002384186,0.41600000858306885
YPL195W,YKL042W,0,-0.30460182,0.07368655502796173,0.3310000002384186,0.41609999537467957
YDR025W,YPR124W,0,-0.30467787,0.0736701563000679,0.3310000002384186,0.41620001196861267
YKL043W,YGL096W,1,-0.3047286,0.0738762766122818,0.3319999873638153,0.41620001196861267
YNL082W,YLR155C,0,-0.30488053,0.07385984063148499,0.3319999873638153,0.4162999987602234
YBL008W,YBL004W,0,-0.30501103,0.07384341955184937,0.3319999873638153,0.4163999855518341
YGR157W,YOR239W,0,-0.30501205,0.07382699847221375,0.3319999873638153,0.4165000021457672
YPL007C,YJL112W,0,-0.305017,0.07381058484315872,0.3319999873638153,0.41659998893737793
YMR283C,YOR348C,0,-0.30503732,0.0737941786646843,0.3319999873638153,0.41670000553131104
YNL048W,YOR007C,0,-0.30506745,0.07377777993679047,0.3319999873638153,0.41679999232292175
YKL043W,YOR032C,1,-0.30518216,0.0739835575222969,0.3330000042915344,0.41679999232292175
YLR183C,YMR136W,1,-0.30519554,0.07418924570083618,0.33399999141693115,0.41679999232292175
YGR257C,YGR211W,0,-0.30520713,0.07417277246713638,0.33399999141693115,0.41690000891685486
YHR150W,YNL312W,0,-0.30522543,0.07415630668401718,0.33399999141693115,0.4169999957084656
YLR129W,YGL136C,0,-0.30529666,0.07413984090089798,0.33399999141693115,0.4171000123023987
YBL102W,YJL219W,0,-0.30531767,0.07412339001893997,0.33399999141693115,0.4171999990940094
YLR403W,YEL009C,1,-0.30532613,0.07432882487773895,0.33500000834465027,0.4171999990940094
YBR129C,YOR156C,0,-0.3054506,0.07431233674287796,0.33500000834465027,0.4172999858856201
YDR206W,YNL029C,0,-0.30547455,0.07429585605859756,0.33500000834465027,0.4174000024795532
YHL002W,YOL124C,0,-0.30548683,0.07427938282489777,0.33500000834465027,0.41749998927116394
YDR055W,YER068W,0,-0.3056225,0.07426290959119797,0.33500000834465027,0.41760000586509705
YMR232W,YDR308C,0,-0.30563292,0.07424645125865936,0.33500000834465027,0.41769999265670776
YOR160W,YGR280C,0,-0.3056541,0.07423000037670135,0.33500000834465027,0.41780000925064087
YJR060W,YER133W,0,-0.30565578,0.07421355694532394,0.33500000834465027,0.4178999960422516
YDR440W,YNR057C,0,-0.3056613,0.07419712096452713,0.33500000834465027,0.4180000126361847
YLR459W,YHR170W,0,-0.30570343,0.07418069243431091,0.33500000834465027,0.4180999994277954
YMR145C,YJL176C,0,-0.30573827,0.07416427135467529,0.33500000834465027,0.41819998621940613
YCR047C,YHR034C,0,-0.30580828,0.07414785027503967,0.33500000834465027,0.41830000281333923
YOR057W,YIL049W,0,-0.3058193,0.07413144409656525,0.33500000834465027,0.41839998960494995
YMR186W,YOL095C,0,-0.30583733,0.07411504536867142,0.33500000834465027,0.41850000619888306
YHR163W,YHR023W,0,-0.30601496,0.07409865409135818,0.33500000834465027,0.4185999929904938
YFR004W,YCR034W,0,-0.30602217,0.07408226281404495,0.33500000834465027,0.4187000095844269
YER107C,YGR086C,0,-0.30603942,0.07406588643789291,0.33500000834465027,0.4187999963760376
YGL129C,YDR320C-A,0,-0.306053,0.07404951006174088,0.33500000834465027,0.4189000129699707
YDL170W,YFL031W,1,-0.3060825,0.07425414025783539,0.335999995470047,0.4189000129699707
YBR210W,YOL130W,0,-0.30612472,0.07423773407936096,0.335999995470047,0.4189999997615814
YDR082W,YLR153C,0,-0.30617976,0.07422133535146713,0.335999995470047,0.41909998655319214
YIL085C,YOR185C,0,-0.30622146,0.0742049440741539,0.335999995470047,0.41920000314712524
YJL139C,YLR214W,0,-0.30622682,0.07418856024742126,0.335999995470047,0.41929998993873596
YNR039C,YLR009W,0,-0.30631095,0.07417218387126923,0.335999995470047,0.41940000653266907
YOR295W,YKR035W-A,0,-0.30637714,0.07415581494569778,0.335999995470047,0.4194999933242798
YOR120W,YJR153W,0,-0.3064703,0.07413945347070694,0.335999995470047,0.4196000099182129
YGR059W,YGL047W,0,-0.30667418,0.07412309944629669,0.335999995470047,0.4196999967098236
YDL244W,YDL085W,0,-0.30676866,0.07410674542188644,0.335999995470047,0.4198000133037567
YJL207C,YDL098C,0,-0.30685773,0.07409040629863739,0.335999995470047,0.41990000009536743
YMR308C,YKL074C,0,-0.30695602,0.07407407462596893,0.335999995470047,0.41999998688697815
YMR032W,YGR166W,0,-0.30711403,0.07405775040388107,0.335999995470047,0.42010000348091125
YGR152C,YML042W,0,-0.3071454,0.07404142618179321,0.335999995470047,0.420199990272522
YPL033C,YGL095C,0,-0.3071635,0.07402511686086655,0.335999995470047,0.4203000068664551
YPL275W,YBR103W,0,-0.30719203,0.07400880753993988,0.335999995470047,0.4203999936580658
YLR386W,YFL045C,0,-0.3071948,0.07399251312017441,0.335999995470047,0.4205000102519989
YDL079C,YOR232W,0,-0.30724546,0.07397621870040894,0.335999995470047,0.4205999970436096
YBL040C,YFL050C,0,-0.30725303,0.07395993918180466,0.335999995470047,0.4207000136375427
YJR118C,YJL076W,0,-0.3073169,0.07394365966320038,0.335999995470047,0.42080000042915344
YNL291C,YMR179W,0,-0.30736068,0.0739273950457573,0.335999995470047,0.42089998722076416
YIR010W,YNL080C,0,-0.3073803,0.07391113042831421,0.335999995470047,0.42100000381469727
YDL098C,YBR188C,0,-0.30749887,0.07389487326145172,0.335999995470047,0.421099990606308
YBR256C,YLR214W,0,-0.3075039,0.07387863099575043,0.335999995470047,0.4212000072002411
YMR172W,YBR170C,0,-0.3075914,0.07386238873004913,0.335999995470047,0.4212999939918518
YDR416W,YLR084C,0,-0.30761674,0.07384615391492844,0.335999995470047,0.4214000105857849
YDR170C,YDR141C,0,-0.30765167,0.07382992655038834,0.335999995470047,0.42149999737739563
YOR031W,YGR072W,0,-0.30767092,0.07381370663642883,0.335999995470047,0.42160001397132874
YPL259C,YER094C,0,-0.30775595,0.07379749417304993,0.335999995470047,0.42170000076293945
YHR084W,YOR032C,1,-0.30786422,0.07400088012218475,0.3370000123977661,0.42170000076293945
YDR260C,YGL229C,0,-0.30790442,0.07398463040590286,0.3370000123977661,0.42179998755455017
YLL012W,YOL042W,0,-0.30797902,0.07396839559078217,0.3370000123977661,0.4219000041484833
YDR439W,YDL022W,0,-0.30807832,0.07395216077566147,0.3370000123977661,0.421999990940094
YEL009C,YLR098C,1,-0.30812928,0.07415533065795898,0.33799999952316284,0.421999990940094
YPR072W,YLR047C,0,-0.30822775,0.0741390660405159,0.33799999952316284,0.4221000075340271
YBR121C,YER143W,0,-0.30827263,0.07412280887365341,0.33799999952316284,0.4221999943256378
YGL073W,YEL009C,1,-0.3082954,0.0743258073925972,0.33899998664855957,0.4221999943256378
YBR193C,YOR207C,0,-0.30830324,0.07430951297283173,0.33899998664855957,0.4223000109195709
YDL147W,YNL221C,0,-0.30834118,0.07429322600364685,0.33899998664855957,0.42239999771118164
YIL063C,YKL056C,0,-0.30840108,0.07427694648504257,0.33899998664855957,0.42250001430511475
YPR002W,YFL033C,0,-0.3086669,0.07426068186759949,0.33899998664855957,0.42260000109672546
YHR176W,YHR086W,0,-0.30869043,0.0742444172501564,0.33899998664855957,0.4226999878883362
YLR210W,YMR264W,0,-0.3087491,0.07422816008329391,0.33899998664855957,0.4228000044822693
YHR206W,YLR098C,1,-0.3087848,0.07443082332611084,0.3400000035762787,0.4228000044822693
YER133W,YPL123C,0,-0.30887762,0.07441453635692596,0.3400000035762787,0.42289999127388
YER036C,YPL144W,0,-0.30888233,0.07439824938774109,0.3400000035762787,0.4230000078678131
YCR033W,YER164W,0,-0.30889708,0.07438196986913681,0.3400000035762787,0.42309999465942383
YIL042C,YDL060W,0,-0.3089212,0.07436570525169373,0.3400000035762787,0.42320001125335693
YNL291C,YGR161C,0,-0.30895007,0.07434944063425064,0.3400000035762787,0.42329999804496765
YDR022C,YDR492W,0,-0.30902228,0.07433319091796875,0.3400000035762787,0.42340001463890076
YMR060C,YJR031C,0,-0.30907103,0.07431694120168686,0.3400000035762787,0.4235000014305115
YPR002W,YKL052C,0,-0.30914623,0.07430069893598557,0.3400000035762787,0.4235999882221222
YBR133C,YER026C,0,-0.30921713,0.07428446412086487,0.3400000035762787,0.4237000048160553
YKL101W,YKL178C,0,-0.30923697,0.07426823675632477,0.3400000035762787,0.423799991607666
YGR120C,YBL051C,0,-0.30925217,0.07425201684236526,0.3400000035762787,0.4239000082015991
YML013W,YKR035W-A,0,-0.3092924,0.07423580437898636,0.3400000035762787,0.42399999499320984
YAL034W-A,YLL024C,0,-0.3093384,0.07421959936618805,0.3400000035762787,0.42410001158714294
YBL030C,YDR046C,0,-0.3095197,0.07420340180397034,0.3400000035762787,0.42419999837875366
YOR368W,YFR055W,0,-0.30953395,0.07418721169233322,0.3400000035762787,0.4242999851703644
YER031C,YGL155W,0,-0.30955073,0.0741710290312767,0.3400000035762787,0.4244000017642975
YGL163C,YPL253C,0,-0.30987096,0.07415485382080078,0.3400000035762787,0.4244999885559082
YGL212W,YHR099W,0,-0.30996513,0.07413868606090546,0.3400000035762787,0.4246000051498413
YLR114C,YBL090W,0,-0.31014603,0.07412251830101013,0.3400000035762787,0.424699991941452
YBR102C,YDR171W,0,-0.31014878,0.074106365442276,0.3400000035762787,0.42480000853538513
YGL241W,YOL091W,0,-0.31024206,0.07409021258354187,0.3400000035762787,0.42489999532699585
YBL097W,YBL084C,0,-0.3102459,0.07407407462596893,0.3400000035762787,0.42500001192092896
YMR202W,YMR029C,0,-0.31039217,0.074057936668396,0.3400000035762787,0.4250999987125397
YGR178C,YLR141W,0,-0.31043014,0.07404181361198425,0.3400000035762787,0.4251999855041504
YBR048W,YNL097C,0,-0.3104595,0.07402569055557251,0.3400000035762787,0.4253000020980835
YOL002C,YGR054W,0,-0.31052282,0.07400957494974136,0.3400000035762787,0.4253999888896942
YOL123W,YAL053W,0,-0.31054118,0.07399347424507141,0.3400000035762787,0.4255000054836273
YCR066W,YGL048C,0,-0.31055546,0.07397737354040146,0.3400000035762787,0.42559999227523804
YLL056C,YFL023W,0,-0.3105623,0.0739612802863121,0.3400000035762787,0.42570000886917114
YJR017C,YJR040W,0,-0.31078824,0.07394519448280334,0.3400000035762787,0.42579999566078186
YNL333W,YLR096W,0,-0.3108832,0.07392911612987518,0.3400000035762787,0.42590001225471497
YNL080C,YFL049W,0,-0.31089306,0.07391304522752762,0.3400000035762787,0.4259999990463257
YER013W,YIL149C,0,-0.3109503,0.07389698177576065,0.3400000035762787,0.4260999858379364
YDL047W,YNL209W,0,-0.3111069,0.07388091832399368,0.3400000035762787,0.4262000024318695
YJL124C,YBR136W,0,-0.31111175,0.07386486977338791,0.3400000035762787,0.4262999892234802
YDR137W,YDR503C,0,-0.31126246,0.07384882867336273,0.3400000035762787,0.42640000581741333
YNL250W,YJL210W,0,-0.3113271,0.07383278757333755,0.3400000035762787,0.42649999260902405
YNL186W,YIL115C,0,-0.31135148,0.07381676137447357,0.3400000035762787,0.42660000920295715
YOR361C,YCR038C,0,-0.31135997,0.07380073517560959,0.3400000035762787,0.42669999599456787
YBL033C,YDR165W,0,-0.311363,0.0737847238779068,0.3400000035762787,0.426800012588501
YPL046C,YLL006W,0,-0.31137016,0.07376871258020401,0.3400000035762787,0.4268999993801117
YDL227C,YDL159W,0,-0.31165418,0.07375270873308182,0.3400000035762787,0.4269999861717224
YKL203C,YML055W,0,-0.31169888,0.07373671978712082,0.3400000035762787,0.4271000027656555
YDR078C,YGR118W,0,-0.3117819,0.07372073084115982,0.3400000035762787,0.42719998955726624
YJL014W,YNL239W,0,-0.31204078,0.07370474934577942,0.3400000035762787,0.42730000615119934
YFL022C,YLR090W,0,-0.3120565,0.07368877530097961,0.3400000035762787,0.42739999294281006
YPL128C,YPL133C,1,-0.3120698,0.07388949394226074,0.3409999907016754,0.42739999294281006
YBR168W,YDR453C,0,-0.3120795,0.07387348264455795,0.3409999907016754,0.42750000953674316
YNL275W,YPL106C,0,-0.31209084,0.07385748624801636,0.3409999907016754,0.4275999963283539
YNL213C,YLR240W,0,-0.31212297,0.07384148985147476,0.3409999907016754,0.427700012922287
YBR215W,YFL055W,0,-0.31213313,0.07382550090551376,0.3409999907016754,0.4277999997138977
YMR128W,YOR011W,0,-0.31215185,0.07380952686071396,0.3409999907016754,0.4278999865055084
YER054C,YMR112C,0,-0.31223914,0.07379355281591415,0.3409999907016754,0.42800000309944153
YBL069W,YGR085C,0,-0.312272,0.07377758622169495,0.3409999907016754,0.42809998989105225
YPL275W,YKL032C,0,-0.3123624,0.07376162707805634,0.3409999907016754,0.42820000648498535
YER044C-A,YJR059W,0,-0.31238514,0.07374567538499832,0.3409999907016754,0.42829999327659607
YLR154C,YIR011C,0,-0.3124065,0.0737297311425209,0.3409999907016754,0.4284000098705292
YDL020C,YFR034C,1,-0.31249943,0.07392995804548264,0.34200000762939453,0.4284000098705292
YNL046W,YJL176C,0,-0.31250602,0.07391398400068283,0.34200000762939453,0.4284999966621399
YPL048W,YDR069C,0,-0.31259578,0.07389800995588303,0.34200000762939453,0.428600013256073
YDR381W,YDL128W,0,-0.31286114,0.07388205081224442,0.34200000762939453,0.4287000000476837
YMR048W,YJL145W,0,-0.3128699,0.0738660916686058,0.34200000762939453,0.42879998683929443
YDL217C,YMR298W,0,-0.31294075,0.07385013997554779,0.34200000762939453,0.42890000343322754
YML076C,YOR380W,1,-0.31301257,0.07405008375644684,0.34299999475479126,0.42890000343322754
YDR181C,YGR211W,0,-0.31301662,0.07403410226106644,0.34299999475479126,0.42899999022483826
YML060W,YDR279W,0,-0.31311616,0.07401812821626663,0.34299999475479126,0.42910000681877136
YDR421W,YMR290C,0,-0.31326416,0.07400215417146683,0.34299999475479126,0.4291999936103821
YOL164W,YHR005C,0,-0.31326884,0.07398619502782822,0.34299999475479126,0.4293000102043152
YDL244W,YDR213W,0,-0.3132711,0.0739702358841896,0.34299999475479126,0.4293999969959259
YNL131W,YGL126W,0,-0.31330428,0.07395429164171219,0.34299999475479126,0.429500013589859
YKL148C,YER087C-A,0,-0.31330636,0.07393834739923477,0.34299999475479126,0.4296000003814697
YBL008W,YOR198C,0,-0.31333485,0.07392241060733795,0.34299999475479126,0.42969998717308044
YEL013W,YGL095C,0,-0.31335,0.07390648871660233,0.34299999475479126,0.42980000376701355
YPR168W,YMR128W,0,-0.31345332,0.0738905668258667,0.34299999475479126,0.42989999055862427
YDR046C,YNL182C,0,-0.31354886,0.07387465238571167,0.34299999475479126,0.4300000071525574
YLR110C,YOR056C,0,-0.3135827,0.07385874539613724,0.34299999475479126,0.4300999939441681
YMR053C,YLR275W,0,-0.31362316,0.0738428384065628,0.34299999475479126,0.4302000105381012
YMR072W,YPL228W,0,-0.3136329,0.07382694631814957,0.34299999475479126,0.4302999973297119
YDR081C,YMR236W,0,-0.31372562,0.07381106168031693,0.34299999475479126,0.430400013923645
YHR194W,YGR133W,0,-0.3137862,0.07379517704248428,0.34299999475479126,0.43050000071525574
YMR050C,YKR065C,0,-0.314019,0.07377930730581284,0.34299999475479126,0.43059998750686646
YBL100W-B,YHL034C,0,-0.31403306,0.07376343756914139,0.34299999475479126,0.43070000410079956
YER018C,YGL222C,0,-0.31405073,0.07374758273363113,0.34299999475479126,0.4307999908924103
YNL293W,YER155C,0,-0.31405282,0.07373172789812088,0.34299999475479126,0.4309000074863434
YJL138C,YGR147C,0,-0.31410843,0.07371588051319122,0.34299999475479126,0.4309999942779541
YAL009W,YFL050C,0,-0.3141947,0.07370004057884216,0.34299999475479126,0.4311000108718872
YDR339C,YGL113W,0,-0.3143088,0.0736842080950737,0.34299999475479126,0.4311999976634979
YCR106W,YDL020C,1,-0.31434563,0.07388316094875336,0.3440000116825104,0.4311999976634979
YKL112W,YLR098C,1,-0.31436294,0.07408202439546585,0.3449999988079071,0.4311999976634979
YNL042W,YBR055C,0,-0.31441286,0.07406612485647202,0.3449999988079071,0.43130001425743103
YGL252C,YMR236W,0,-0.3144444,0.07405022531747818,0.3449999988079071,0.43140000104904175
YDR365C,YLR052W,0,-0.31450877,0.07403433322906494,0.3449999988079071,0.43149998784065247
YKL088W,YJL090C,0,-0.31455526,0.0740184485912323,0.3449999988079071,0.43160000443458557
YGL027C,YMR299C,0,-0.31460568,0.07400257140398026,0.3449999988079071,0.4316999912261963
YGL212W,YAR018C,0,-0.31466976,0.07398670166730881,0.3449999988079071,0.4318000078201294
YOR232W,YOR265W,0,-0.31469163,0.07397083938121796,0.3449999988079071,0.4318999946117401
YDL213C,YML058W,0,-0.31471464,0.0739549845457077,0.3449999988079071,0.4320000112056732
YDR277C,YKR061W,0,-0.31471595,0.07393913716077805,0.3449999988079071,0.43209999799728394
YPL097W,YMR203W,0,-0.31473014,0.07392328977584839,0.3449999988079071,0.43220001459121704
YHR008C,YJL111W,0,-0.31476375,0.07390745729207993,0.3449999988079071,0.43230000138282776
YDL170W,YGR249W,1,-0.31510606,0.07410580664873123,0.34599998593330383,0.43230000138282776
YAL034W-A,YIL051C,0,-0.31510946,0.07408993691205978,0.34599998593330383,0.4323999881744385
YNL275W,YMR163C,0,-0.3151298,0.07407407462596893,0.34599998593330383,0.4325000047683716
YDR456W,YDR498C,0,-0.31519508,0.07405821979045868,0.34599998593330383,0.4325999915599823
YML049C,YDL093W,0,-0.31521314,0.07404237240552902,0.34599998593330383,0.4327000081539154
YGR041W,YKL006C-A,0,-0.31523943,0.07402653247117996,0.34599998593330383,0.4327999949455261
YNR052C,YBR158W,0,-0.3153357,0.0740106925368309,0.34599998593330383,0.43290001153945923
YGL071W,YGL073W,1,-0.31533614,0.07420872896909714,0.34700000286102295,0.43290001153945923
YFR052W,YHL047C,0,-0.31541222,0.07419285923242569,0.34700000286102295,0.43299999833106995
YDR292C,YDR147W,0,-0.31542394,0.07417699694633484,0.34700000286102295,0.43309998512268066
YOR035C,YDR495C,0,-0.31544012,0.07416114211082458,0.34700000286102295,0.43320000171661377
YCL034W,YGL028C,0,-0.31546783,0.07414530217647552,0.34700000286102295,0.4332999885082245
YIR010W,YNL274C,0,-0.31552276,0.07412946224212646,0.34700000286102295,0.4334000051021576
YMR190C,YNL258C,0,-0.31553948,0.074113629758358,0.34700000286102295,0.4334999918937683
YGL241W,YDR507C,0,-0.31556225,0.07409779727458954,0.34700000286102295,0.4336000084877014
YEL020W-A,YDL147W,0,-0.3155665,0.07408197969198227,0.34700000286102295,0.43369999527931213
YAR033W,YGR254W,0,-0.31559393,0.0740661695599556,0.34700000286102295,0.43380001187324524
YBR280C,YGR038W,0,-0.31561804,0.07405035942792892,0.34700000286102295,0.43389999866485596
YLR266C,YNL142W,0,-0.3156224,0.07403456419706345,0.34700000286102295,0.4339999854564667
YNL139C,YLL001W,0,-0.3156331,0.07401876896619797,0.34700000286102295,0.4341000020503998
YGL254W,YER111C,1,-0.3156828,0.07421625405550003,0.3479999899864197,0.4341000020503998
YFL022C,YGR217W,0,-0.31568477,0.07420042902231216,0.3479999899864197,0.4341999888420105
YOL090W,YML013W,0,-0.31576476,0.0741846114397049,0.3479999899864197,0.4343000054359436
YLR110C,YIL030C,0,-0.3157724,0.07416880130767822,0.3479999899864197,0.4343999922275543
YGR008C,YML071C,0,-0.3158758,0.07415299117565155,0.3479999899864197,0.4345000088214874
YLL036C,YNL117W,0,-0.31587622,0.07413719594478607,0.3479999899864197,0.43459999561309814
YFL036W,YGL062W,0,-0.31589136,0.07412140816450119,0.3479999899864197,0.43470001220703125
YGR054W,YNL008C,0,-0.3158965,0.07410562038421631,0.3479999899864197,0.43479999899864197
YDL045C,YML121W,0,-0.3159596,0.07408984750509262,0.3479999899864197,0.4348999857902527
YLR274W,YLR150W,0,-0.3162589,0.07407407462596893,0.3479999899864197,0.4350000023841858
YBR015C,YJR083C,0,-0.3162847,0.07405830919742584,0.3479999899864197,0.4350999891757965
YER157W,YLR397C,0,-0.31629258,0.07404255121946335,0.3479999899864197,0.4352000057697296
YOR266W,YLR313C,0,-0.31629276,0.07402680069208145,0.3479999899864197,0.43529999256134033
YNL213C,YJL165C,0,-0.3163028,0.07401105761528015,0.3479999899864197,0.43540000915527344
YLR450W,YBR006W,0,-0.31632632,0.07399532198905945,0.3479999899864197,0.43549999594688416
YER111C,YLR098C,1,-0.3164529,0.07419217377901077,0.3490000069141388,0.43549999594688416
YMR280C,YNL244C,0,-0.3164957,0.07417640835046768,0.3490000069141388,0.43560001254081726
YPL053C,YIR028W,0,-0.31656873,0.07416064292192459,0.3490000069141388,0.435699999332428
YLR318W,YLR081W,0,-0.31657338,0.0741448923945427,0.3490000069141388,0.4357999861240387
YLR167W,YGR217W,0,-0.31658417,0.0741291418671608,0.3490000069141388,0.4359000027179718
YMR219W,YML057W,0,-0.31664252,0.0741133987903595,0.3490000069141388,0.4359999895095825
YNR047W,YLR048W,0,-0.31669614,0.0740976631641388,0.3490000069141388,0.4361000061035156
YGR095C,YPL031C,0,-0.31682068,0.07408193498849869,0.3490000069141388,0.43619999289512634
YER024W,YDR140W,0,-0.31682393,0.07406621426343918,0.3490000069141388,0.43630000948905945
YPL203W,YOR388C,0,-0.31699285,0.07405050098896027,0.3490000069141388,0.43639999628067017
YML113W,YGR289C,0,-0.3170883,0.07403478771448135,0.3490000069141388,0.43650001287460327
YHR039C,YKL203C,0,-0.3174148,0.07401908934116364,0.3490000069141388,0.436599999666214
YLR028C,YMR197C,0,-0.31744242,0.07400339096784592,0.3490000069141388,0.4366999864578247
YER020W,YKR086W,0,-0.31745404,0.07398770749568939,0.3490000069141388,0.4368000030517578
YDR310C,YLR216C,0,-0.31747285,0.07397202402353287,0.3490000069141388,0.43689998984336853
YIL150C,YDL145C,0,-0.31747672,0.07395634800195694,0.3490000069141388,0.43700000643730164
YGL073W,YFR034C,1,-0.31747678,0.07415254414081573,0.3499999940395355,0.43700000643730164
YBR182C,YLR014C,1,-0.3174898,0.07434865832328796,0.35100001096725464,0.43700000643730164
YHR143W-A,YOR307C,0,-0.3175895,0.07433290779590607,0.35100001096725464,0.43709999322891235
YCR106W,YHR124W,1,-0.31769437,0.07452890276908875,0.35199999809265137,0.43709999322891235
YPL002C,YML047C,0,-0.31782177,0.07451312243938446,0.35199999809265137,0.43720000982284546
YPR173C,YKL135C,0,-0.31795308,0.07449735701084137,0.35199999809265137,0.4372999966144562
YLR153C,YER122C,0,-0.3179549,0.07448159158229828,0.35199999809265137,0.4374000132083893
YHR008C,YDL195W,0,-0.31800535,0.07446583360433578,0.35199999809265137,0.4375
YHR114W,YBL007C,0,-0.31817114,0.07445008307695389,0.35199999809265137,0.4375999867916107
YOL127W,YIL117C,0,-0.31823903,0.07443434000015259,0.35199999809265137,0.4377000033855438
YPL101W,YKL206C,0,-0.31826517,0.07441860437393188,0.35199999809265137,0.43779999017715454
YOR372C,YLR355C,0,-0.31827733,0.07440287619829178,0.35199999809265137,0.43790000677108765
YPR042C,YBR183W,0,-0.31829217,0.07438714802265167,0.35199999809265137,0.43799999356269836
YBR290W,YJL219W,0,-0.3183244,0.07437143474817276,0.35199999809265137,0.43810001015663147
YEL002C,YGR104C,0,-0.31833944,0.07435572147369385,0.35199999809265137,0.4381999969482422
YDL155W,YCL061C,0,-0.31850114,0.07434002310037613,0.35199999809265137,0.4383000135421753
YGL104C,YNL207W,0,-0.31852058,0.07432432472705841,0.35199999809265137,0.438400000333786
YGL092W,YDR115W,0,-0.31852606,0.07430863380432129,0.35199999809265137,0.43849998712539673
YOR084W,YNL330C,0,-0.3186355,0.07429295033216476,0.35199999809265137,0.43860000371932983
YDR339C,YFR008W,0,-0.31879035,0.07427727431058884,0.35199999809265137,0.43869999051094055
YBR278W,YER125W,0,-0.3187973,0.0742616057395935,0.35199999809265137,0.43880000710487366
YDL142C,YOL078W,0,-0.31891018,0.07424593716859818,0.35199999809265137,0.4388999938964844
YGR086C,YDL085W,0,-0.31915572,0.07423028349876404,0.35199999809265137,0.4390000104904175
YIL022W,YNL329C,0,-0.3191917,0.0742146298289299,0.35199999809265137,0.4390999972820282
YKL043W,YIL101C,1,-0.31931517,0.07440978288650513,0.3529999852180481,0.4390999972820282
YBR130C,YCR066W,0,-0.3193561,0.0743940994143486,0.3529999852180481,0.4392000138759613
YPL046C,YBR038W,0,-0.31935725,0.07437842339277267,0.3529999852180481,0.439300000667572
YCR102C,YKL165C,0,-0.31936657,0.07436275482177734,0.3529999852180481,0.43939998745918274
YPR065W,YKL120W,0,-0.31969726,0.07434709370136261,0.3529999852180481,0.43950000405311584
YCR072C,YML049C,0,-0.31975797,0.07433144003152847,0.3529999852180481,0.43959999084472656
YKL112W,YDR501W,1,-0.3197802,0.07452631741762161,0.3540000021457672,0.43959999084472656
YLR274W,YNL082W,0,-0.3198415,0.07451062649488449,0.3540000021457672,0.43970000743865967
YDR432W,YOR348C,0,-0.3199189,0.07449495047330856,0.3540000021457672,0.4397999942302704
YKL154W,YGL001C,0,-0.3200162,0.07447927445173264,0.3540000021457672,0.4399000108242035
YDR312W,YHR034C,0,-0.32012004,0.0744636058807373,0.3540000021457672,0.4399999976158142
YIL009W,YDR339C,0,-0.32038733,0.07444795221090317,0.3540000021457672,0.4401000142097473
YDR076W,YGR221C,0,-0.32040706,0.07443229854106903,0.3540000021457672,0.44020000100135803
YCR065W,YOL123W,0,-0.32065845,0.07441665232181549,0.3540000021457672,0.44029998779296875
YNL169C,YKL074C,0,-0.3207183,0.07440100610256195,0.3540000021457672,0.44040000438690186
YMR202W,YKL110C,0,-0.32073572,0.0743853747844696,0.3540000021457672,0.4404999911785126
YPL069C,YLR284C,0,-0.3207702,0.07436975091695786,0.3540000021457672,0.4406000077724457
YHR083W,YOR356W,0,-0.3209177,0.0743541270494461,0.3540000021457672,0.4406999945640564
YER147C,YDR517W,0,-0.32096326,0.07433851063251495,0.3540000021457672,0.4408000111579895
YDR407C,YOR207C,0,-0.32098368,0.074322909116745,0.3540000021457672,0.4408999979496002
YDR268W,YLR229C,0,-0.321053,0.07430730760097504,0.3540000021457672,0.4410000145435333
YNL030W,YPR034W,0,-0.32106754,0.07429171353578568,0.3540000021457672,0.44110000133514404
YJL089W,YFR031C,0,-0.32107422,0.07427611947059631,0.3540000021457672,0.44119998812675476
YOL128C,YFL013C,0,-0.32114992,0.07426054030656815,0.3540000021457672,0.44130000472068787
YDR464W,YGR112W,0,-0.32120648,0.07424496859312057,0.3540000021457672,0.4413999915122986
YML104C,YCR039C,0,-0.3212362,0.074229396879673,0.3540000021457672,0.4415000081062317
YMR199W,YNL267W,0,-0.32127705,0.07421384006738663,0.3540000021457672,0.4415999948978424
YHR082C,YAL038W,0,-0.32140785,0.07419828325510025,0.3540000021457672,0.4417000114917755
YCR073C,YHR031C,0,-0.32143456,0.07418273389339447,0.3540000021457672,0.44179999828338623
YPL101W,YEL053C,0,-0.32149053,0.07416719198226929,0.3540000021457672,0.44190001487731934
YGL004C,YGL155W,0,-0.32156983,0.0741516575217247,0.3540000021457672,0.44200000166893005
YPL218W,YMR128W,0,-0.32167897,0.07413612306118011,0.3540000021457672,0.44209998846054077
YML076C,YOR032C,1,-0.32172444,0.07432997971773148,0.35499998927116394,0.44209998846054077
YIL036W,YDR515W,0,-0.32186514,0.0743144229054451,0.35499998927116394,0.4422000050544739
YIL031W,YNL318C,0,-0.3218782,0.07429887354373932,0.35499998927116394,0.4422999918460846
YHR114W,YDR296W,0,-0.3218822,0.07428332418203354,0.35499998927116394,0.4424000084400177
YJL074C,YMR054W,0,-0.32190993,0.07426778227090836,0.35499998927116394,0.4424999952316284
YPL026C,YHR021C,0,-0.32220912,0.07425224781036377,0.35499998927116394,0.4426000118255615
YKL073W,YGL169W,0,-0.32221112,0.07423672080039978,0.35499998927116394,0.44269999861717224
YLR016C,YJL178C,0,-0.32236794,0.07422120124101639,0.35499998927116394,0.44279998540878296
YKL192C,YMR192W,0,-0.3224015,0.07420568913221359,0.35499998927116394,0.44290000200271606
YOL111C,YKL049C,0,-0.32248828,0.0741901770234108,0.35499998927116394,0.4429999887943268
YCL040W,YLR085C,0,-0.32252255,0.0741746798157692,0.35499998927116394,0.4431000053882599
YGL241W,YGR152C,0,-0.32263356,0.0741591826081276,0.35499998927116394,0.4431999921798706
YBR216C,YML058W-A,0,-0.3226809,0.07414369285106659,0.35499998927116394,0.4433000087738037
YDR479C,YHL040C,0,-0.32271698,0.07412821054458618,0.35499998927116394,0.44339999556541443
YKR028W,YKL084W,0,-0.32273942,0.07411273568868637,0.35499998927116394,0.44350001215934753
YPL248C,YLR098C,1,-0.32278135,0.07430598884820938,0.35600000619888306,0.44350001215934753
YMR001C,YOL112W,0,-0.32291362,0.07429048418998718,0.35600000619888306,0.44359999895095825
YMR037C,YDR501W,1,-0.32292536,0.07448362559080124,0.3569999933242798,0.44359999895095825
YER038C,YNL297C,0,-0.32293722,0.07446808367967606,0.3569999933242798,0.44369998574256897
YGL104C,YJL165C,0,-0.32311663,0.07445255666971207,0.3569999933242798,0.4438000023365021
YDL135C,YJL062W,0,-0.3231181,0.07443702965974808,0.3569999933242798,0.4438999891281128
YHR157W,YKL165C,0,-0.3232076,0.07442151010036469,0.3569999933242798,0.4440000057220459
YPR042C,YMR073C,0,-0.32326534,0.07440600544214249,0.3569999933242798,0.4440999925136566
YDR339C,YHR005C,0,-0.32338104,0.07439050078392029,0.3569999933242798,0.4442000091075897
YOR320C,YJR031C,0,-0.32348529,0.07437500357627869,0.3569999933242798,0.44429999589920044
YHR039C,YDR194C,0,-0.3236683,0.07435950636863708,0.3569999933242798,0.44440001249313354
YDR194C,YGR075C,0,-0.32367727,0.07434402406215668,0.3569999933242798,0.44449999928474426
YBR173C,YIL007C,0,-0.32368743,0.07432854175567627,0.3569999933242798,0.444599986076355
YKL112W,YER111C,1,-0.3237094,0.07452122867107391,0.3580000102519989,0.444599986076355
YBR042C,YGR193C,0,-0.3237277,0.07450572401285172,0.3580000102519989,0.4447000026702881
YMR026C,YLR222C,0,-0.32374296,0.07449021935462952,0.3580000102519989,0.4447999894618988
YBL007C,YGR280C,0,-0.3238266,0.07447472214698792,0.3580000102519989,0.4449000060558319
YLL018C-A,YJL102W,0,-0.32384667,0.07445923238992691,0.3580000102519989,0.4449999928474426
YGR123C,YHR138C,0,-0.32384935,0.0744437500834465,0.3580000102519989,0.44510000944137573
YDR151C,YIR013C,1,-0.32388496,0.07463617622852325,0.35899999737739563,0.44510000944137573
YNL113W,YGL129C,0,-0.32388535,0.07462066411972046,0.35899999737739563,0.44519999623298645
YNL299W,YNL283C,0,-0.32392776,0.07460515201091766,0.35899999737739563,0.44530001282691956
YPR024W,YOR127W,0,-0.32397652,0.07458965480327606,0.35899999737739563,0.4453999996185303
YLR158C,YKR031C,0,-0.3240725,0.07457415759563446,0.35899999737739563,0.445499986410141
YKL043W,YLR098C,1,-0.32409444,0.07476635277271271,0.36000001430511475,0.445499986410141
YOR244W,YDR167W,0,-0.32436487,0.07475083321332932,0.36000001430511475,0.4456000030040741
YDR284C,YLR181C,0,-0.32442105,0.07473531365394592,0.36000001430511475,0.4456999897956848
YOR089C,YPL171C,0,-0.3244634,0.07471980154514313,0.36000001430511475,0.4458000063896179
YKL112W,YDR096W,1,-0.3245232,0.07491181045770645,0.3610000014305115,0.4458000063896179
YPL051W,YPL060W,0,-0.32453564,0.07489626854658127,0.3610000014305115,0.44589999318122864
YGR249W,YLR014C,1,-0.3245405,0.07508815824985504,0.3619999885559082,0.44589999318122864
YJR002W,YLR405W,0,-0.32465044,0.07507258653640747,0.3619999885559082,0.44600000977516174
YJL012C,YPL177C,0,-0.32470167,0.0750570148229599,0.3619999885559082,0.44609999656677246
YML051W,YER026C,0,-0.3247073,0.07504145801067352,0.3619999885559082,0.44620001316070557
YPL128C,YIR013C,1,-0.32474896,0.07523316144943237,0.3630000054836273,0.44620001316070557
YKL189W,YJL138C,0,-0.3247628,0.07521757483482361,0.3630000054836273,0.4462999999523163
YDR437W,YDR498C,0,-0.3248659,0.07520198822021484,0.3630000054836273,0.446399986743927
YBR037C,YOL123W,0,-0.32491177,0.07518640905618668,0.3630000054836273,0.4465000033378601
YER157W,YOR084W,0,-0.32497135,0.0751708447933197,0.3630000054836273,0.4465999901294708
YPR110C,YPL060W,0,-0.3249747,0.07515528053045273,0.3630000054836273,0.44670000672340393
YFL060C,YGR285C,0,-0.3250257,0.07513972371816635,0.3630000054836273,0.44679999351501465
YLR459W,YGL150C,0,-0.3252831,0.07512417435646057,0.3630000054836273,0.44690001010894775
YDL040C,YAR018C,0,-0.32531422,0.07510862499475479,0.3630000054836273,0.44699999690055847
YER088C,YHR066W,0,-0.32537106,0.0750930905342102,0.3630000054836273,0.4471000134944916
YFR034C,YLR013W,1,-0.32537565,0.07528438419103622,0.36399999260902405,0.4471000134944916
YLR427W,YCR092C,0,-0.32541746,0.07526881992816925,0.36399999260902405,0.4472000002861023
YOL129W,YKR035W-A,0,-0.3254374,0.07525325566530228,0.36399999260902405,0.447299987077713
YDL128W,YMR192W,0,-0.3254737,0.0752376988530159,0.36399999260902405,0.4474000036716461
YNL199C,YOL065C,0,-0.32551882,0.07522215694189072,0.36399999260902405,0.44749999046325684
YKL046C,YOR156C,0,-0.32555887,0.07520661503076553,0.36399999260902405,0.44760000705718994
YDL130W-A,YPL187W,0,-0.3256075,0.07519107311964035,0.36399999260902405,0.44769999384880066
YLL018C-A,YKL006C-A,0,-0.3257412,0.07517554610967636,0.36399999260902405,0.44780001044273376
YBR182C,YDR151C,1,-0.32574856,0.07536651194095612,0.36500000953674316,0.44780001044273376
YNL230C,YNL142W,0,-0.32576373,0.07535094767808914,0.36500000953674316,0.4478999972343445
YPL275W,YLR386W,0,-0.3257992,0.07533539831638336,0.36500000953674316,0.4480000138282776
YNL080C,YMR220W,0,-0.325886,0.07531984895467758,0.36500000953674316,0.4481000006198883
YGL251C,YFL060C,0,-0.32594064,0.075304314494133,0.36500000953674316,0.448199987411499
YOL090W,YHR053C,0,-0.32606128,0.07528878003358841,0.36500000953674316,0.44830000400543213
YBR042C,YPR065W,0,-0.32614604,0.07527325302362442,0.36500000953674316,0.44839999079704285
YLR090W,YGL070C,0,-0.3261875,0.07525773346424103,0.36500000953674316,0.44850000739097595
YPL253C,YBR026C,0,-0.3262073,0.07524222135543823,0.36500000953674316,0.44859999418258667
YKL152C,YOR027W,0,-0.32628828,0.07522670924663544,0.36500000953674316,0.4487000107765198
YBR182C,YLR013W,1,-0.32638258,0.07541726529598236,0.3659999966621399,0.4487000107765198
YNL020C,YER045C,0,-0.326412,0.07540173083543777,0.3659999966621399,0.4487999975681305
YGL047W,YMR043W,0,-0.3264785,0.07538619637489319,0.3659999966621399,0.4489000141620636
YBR253W,YBR009C,0,-0.32648847,0.0753706768155098,0.3659999966621399,0.4490000009536743
YML001W,YLR314C,0,-0.32650495,0.0753551572561264,0.3659999966621399,0.44909998774528503
YMR281W,YGR274C,0,-0.32652965,0.07533964514732361,0.3659999966621399,0.44920000433921814
YBR182C,YOR032C,1,-0.32658643,0.07552994787693024,0.367000013589859,0.44920000433921814
YBR129C,YOL071W,0,-0.32678962,0.07551440596580505,0.367000013589859,0.44929999113082886
YDL002C,YHR143W,0,-0.3268023,0.07549887150526047,0.367000013589859,0.44940000772476196
YLR447C,YNL271C,0,-0.32684773,0.07548333704471588,0.367000013589859,0.4494999945163727
YCR010C,YOR007C,0,-0.32686797,0.07546781748533249,0.367000013589859,0.4496000111103058
YNR006W,YFR052W,0,-0.3269378,0.0754523053765297,0.367000013589859,0.4496999979019165
YKL046C,YPR041W,0,-0.32694378,0.0754367932677269,0.367000013589859,0.4498000144958496
YGL096W,YLR183C,1,-0.32699057,0.07562679797410965,0.36800000071525574,0.4498000144958496
YJR028W,YML025C,0,-0.3270642,0.07561125606298447,0.36800000071525574,0.4499000012874603
YDR272W,YOL156W,0,-0.32711622,0.07559572905302048,0.36800000071525574,0.44999998807907104
YER026C,YNL246W,0,-0.3272101,0.07558020204305649,0.36800000071525574,0.45010000467300415
YGR041W,YNR056C,0,-0.32728785,0.0755646824836731,0.36800000071525574,0.45019999146461487
YMR319C,YER119C,0,-0.32741734,0.0755491703748703,0.36800000071525574,0.450300008058548
YER075C,YDR439W,0,-0.32743117,0.0755336582660675,0.36800000071525574,0.4503999948501587
YDR088C,YKL152C,0,-0.3274635,0.0755181610584259,0.36800000071525574,0.4505000114440918
YHR188C,YKL186C,0,-0.3275254,0.0755026638507843,0.36800000071525574,0.4505999982357025
YPR054W,YML064C,0,-0.32759082,0.0754871815443039,0.36800000071525574,0.4507000148296356
YOL102C,YKL022C,0,-0.32760736,0.07547169923782349,0.36800000071525574,0.45080000162124634
YDL213C,YDR303C,0,-0.3276205,0.07545622438192368,0.36800000071525574,0.45089998841285706
YPL174C,YIL053W,0,-0.3276305,0.07544075697660446,0.36800000071525574,0.45100000500679016
YER061C,YAL011W,0,-0.32763448,0.07542528957128525,0.36800000071525574,0.4510999917984009
YHR178W,YEL009C,1,-0.3277219,0.07561475038528442,0.36899998784065247,0.4510999917984009
YLL035W,YGL129C,0,-0.32773748,0.07559926062822342,0.36899998784065247,0.451200008392334
YLR288C,YMR150C,0,-0.3277466,0.07558377832174301,0.36899998784065247,0.4512999951839447
YOL143C,YLR320W,0,-0.32789737,0.0755682960152626,0.36899998784065247,0.4514000117778778
YDR289C,YPR024W,0,-0.3279343,0.07555282860994339,0.36899998784065247,0.4514999985694885
YNL216W,YOR344C,1,-0.3279516,0.07574206590652466,0.3700000047683716,0.4514999985694885
YCL034W,YJR089W,0,-0.3280383,0.07572656869888306,0.3700000047683716,0.45159998536109924
YPR111W,YER106W,0,-0.32808343,0.07571107149124146,0.3700000047683716,0.45170000195503235
YDR507C,YJR073C,0,-0.3281674,0.07569558173418045,0.3700000047683716,0.45179998874664307
YIL131C,YDL093W,0,-0.32820615,0.07568009942770004,0.3700000047683716,0.45190000534057617
YNL339C,YIL115C,0,-0.32823697,0.07566462457180023,0.3700000047683716,0.4519999921321869
YPR073C,YJL060W,0,-0.32825637,0.07564914971590042,0.3700000047683716,0.45210000872612
YGR227W,YLR002C,0,-0.32830796,0.0756336897611618,0.3700000047683716,0.4521999955177307
YBR123C,YER133W,0,-0.3283805,0.07561822980642319,0.3700000047683716,0.4523000121116638
YNR007C,YGL033W,0,-0.32840273,0.07560277730226517,0.3700000047683716,0.45239999890327454
YBR066C,YBR102C,0,-0.3284656,0.07558733224868774,0.3700000047683716,0.45249998569488525
YKL112W,YEL009C,1,-0.3284982,0.07577614486217499,0.3709999918937683,0.45249998569488525
YGL251C,YFR005C,0,-0.3285024,0.07576067000627518,0.3709999918937683,0.45260000228881836
YLR266C,YML097C,0,-0.3285118,0.07574520260095596,0.3709999918937683,0.4526999890804291
YDR532C,YLR059C,0,-0.32863474,0.07572974264621735,0.3709999918937683,0.4528000056743622
YDR364C,YPL028W,0,-0.32889768,0.07571428269147873,0.3709999918937683,0.4528999924659729
YHR164C,YKL195W,0,-0.3289028,0.0756988376379013,0.3709999918937683,0.453000009059906
YDR087C,YLR234W,0,-0.32890943,0.07568339258432388,0.3709999918937683,0.4530999958515167
YGL096W,YER111C,1,-0.32902595,0.07587191462516785,0.3720000088214874,0.4530999958515167
YNL030W,YBR228W,0,-0.32903552,0.07585644721984863,0.3720000088214874,0.45320001244544983
YCL035C,YER178W,0,-0.3290941,0.07584097981452942,0.3720000088214874,0.45329999923706055
YNL062C,YOR027W,0,-0.3291444,0.0758255198597908,0.3720000088214874,0.45339998602867126
YOR181W,YIL061C,0,-0.32920602,0.07581006735563278,0.3720000088214874,0.45350000262260437
YJR150C,YNL031C,0,-0.32921386,0.07579462230205536,0.3720000088214874,0.4535999894142151
YPL146C,YML105C,0,-0.3292192,0.07577918469905853,0.3720000088214874,0.4537000060081482
YHR090C,YGR063C,0,-0.32927108,0.0757637470960617,0.3720000088214874,0.4537999927997589
YDL212W,YDR499W,0,-0.32933304,0.07574831694364548,0.3720000088214874,0.453900009393692
YER030W,YAL030W,0,-0.3293431,0.07573290169239044,0.3720000088214874,0.45399999618530273
YDR439W,YGR185C,0,-0.32938522,0.0757174864411354,0.3720000088214874,0.45410001277923584
YML116W,YML047C,0,-0.32947898,0.07570207864046097,0.3720000088214874,0.45419999957084656
YDR503C,YHR069C,0,-0.3295023,0.07568667083978653,0.3720000088214874,0.4542999863624573
YDL244W,YEL013W,0,-0.32954207,0.07567127794027328,0.3720000088214874,0.4544000029563904
YHL009C,YBR297W,1,-0.32972583,0.07585926353931427,0.37299999594688416,0.4544000029563904
YMR025W,YNR075W,0,-0.3298438,0.07584384083747864,0.37299999594688416,0.4544999897480011
YFL021W,YGR257C,0,-0.32984522,0.075828418135643,0.37299999594688416,0.4546000063419342
YDR075W,YDR052C,0,-0.32984766,0.07581301033496857,0.37299999594688416,0.4546999931335449
YMR022W,YPL269W,0,-0.32986072,0.07579760253429413,0.37299999594688416,0.454800009727478
YER040W,YBR297W,1,-0.32994077,0.0759853720664978,0.37400001287460327,0.454800009727478
YCL034W,YNL275W,0,-0.33004025,0.07596993446350098,0.37400001287460327,0.45489999651908875
YOR030W,YBL017C,0,-0.33004978,0.07595451176166534,0.37400001287460327,0.45500001311302185
YLR467W,YNL197C,0,-0.33018678,0.07593908905982971,0.37400001287460327,0.45509999990463257
YEL016C,YPL075W,0,-0.3302404,0.07592367380857468,0.37400001287460327,0.4551999866962433
YDL031W,YKL185W,0,-0.33031854,0.07590825855731964,0.37400001287460327,0.4553000032901764
YKR089C,YGR214W,0,-0.33032832,0.0758928582072258,0.37400001287460327,0.4553999900817871
YDR167W,YKL088W,0,-0.33035254,0.07587745785713196,0.37400001287460327,0.4555000066757202
YEL020W-A,YPL161C,0,-0.33045462,0.07586207240819931,0.37400001287460327,0.45559999346733093
YNL054W,YER072W,0,-0.33049363,0.07584668695926666,0.37400001287460327,0.45570001006126404
YNL225C,YBL099W,0,-0.33049384,0.07583130896091461,0.37400001287460327,0.45579999685287476
YMR236W,YGR143W,0,-0.33053914,0.07581593096256256,0.37400001287460327,0.45590001344680786
YDR075W,YLR115W,0,-0.3305452,0.0758005678653717,0.37400001287460327,0.4560000002384186
YPL046C,YPL126W,0,-0.33054626,0.07578520476818085,0.37400001287460327,0.4560999870300293
YNL107W,YCR066W,0,-0.33054683,0.07576985657215118,0.37400001287460327,0.4562000036239624
YLR405W,YDL245C,0,-0.33063692,0.07575450837612152,0.37400001287460327,0.4562999904155731
YDR425W,YEL071W,0,-0.3306696,0.07573916763067245,0.37400001287460327,0.4564000070095062
YLR328W,YMR032W,0,-0.33067638,0.07572383433580399,0.37400001287460327,0.45649999380111694
YFR046C,YLL040C,0,-0.33071804,0.07570850104093552,0.37400001287460327,0.45660001039505005
YMR190C,YLR020C,0,-0.33080432,0.07569318264722824,0.37400001287460327,0.45669999718666077
YGR006W,YKL017C,0,-0.33083782,0.07567786425352097,0.37400001287460327,0.45680001378059387
YDR023W,YOL122C,0,-0.330919,0.07566255331039429,0.37400001287460327,0.4569000005722046
YCL027W,YOR122C,0,-0.33097273,0.0756472498178482,0.37400001287460327,0.4569999873638153
YDR294C,YOR187W,0,-0.33099487,0.07563195377588272,0.37400001287460327,0.4571000039577484
YDR058C,YLR381W,0,-0.33101413,0.07561665773391724,0.37400001287460327,0.45719999074935913
YDR202C,YLR079W,0,-0.3310686,0.07560137659311295,0.37400001287460327,0.45730000734329224
YJR155W,YKL002W,0,-0.33118263,0.07558609545230865,0.37400001287460327,0.45739999413490295
YDR098C,YNL136W,0,-0.3312312,0.07557082176208496,0.37400001287460327,0.45750001072883606
YJR147W,YHR167W,0,-0.33128107,0.07555555552244186,0.37400001287460327,0.4575999975204468
YKL043W,YMR136W,1,-0.33141986,0.07574227452278137,0.375,0.4575999975204468
YBR169C,YGL105W,0,-0.33144465,0.07572697848081589,0.375,0.4577000141143799
YLR013W,YIR013C,1,-0.33144745,0.07591358572244644,0.37599998712539673,0.4577000141143799
YGR258C,YJR055W,0,-0.33154738,0.07589826732873917,0.37599998712539673,0.4578000009059906
YPL047W,YGR212W,0,-0.33154854,0.07588294893503189,0.37599998712539673,0.4578999876976013
YDR110W,YBR275C,0,-0.33157623,0.07586763799190521,0.37599998712539673,0.4580000042915344
YOL002C,YKR029C,0,-0.33172542,0.07585232704877853,0.37599998712539673,0.45809999108314514
YML095C,YPL144W,0,-0.33178085,0.07583703100681305,0.37599998712539673,0.45820000767707825
YLR068W,YJL121C,0,-0.33184105,0.07582173496484756,0.37599998712539673,0.45829999446868896
YHR138C,YHR170W,0,-0.3318499,0.07580645382404327,0.37599998712539673,0.45840001106262207
YKL212W,YNL327W,0,-0.33189088,0.07579117268323898,0.37599998712539673,0.4584999978542328
YBL057C,YOL080C,0,-0.33193973,0.07577589899301529,0.37599998712539673,0.4586000144481659
YDR087C,YNL163C,0,-0.33202532,0.0757606253027916,0.37599998712539673,0.4587000012397766
YKR024C,YOL104C,0,-0.33204266,0.0757453665137291,0.37599998712539673,0.45879998803138733
YKL212W,YGR078C,0,-0.33212483,0.0757301077246666,0.37599998712539673,0.45890000462532043
YOR380W,YLR183C,1,-0.3321455,0.07591623067855835,0.37700000405311584,0.45890000462532043
YJL045W,YNR064C,0,-0.33217916,0.07590094953775406,0.37700000405311584,0.45899999141693115
YKL175W,YLR430W,0,-0.33226946,0.07588566839694977,0.37700000405311584,0.45910000801086426
YFL011W,YNR019W,0,-0.332334,0.07587039470672607,0.37700000405311584,0.459199994802475
YLR134W,YNL002C,0,-0.33241886,0.07585512846708298,0.37700000405311584,0.4593000113964081
YML029W,YLR075W,0,-0.33246496,0.07583986967802048,0.37700000405311584,0.4593999981880188
YBR156C,YDL198C,0,-0.33248007,0.07582461833953857,0.37700000405311584,0.4595000147819519
YBR068C,YNL004W,0,-0.33251795,0.07580936700105667,0.37700000405311584,0.4596000015735626
YJL210W,YJL192C,0,-0.3325307,0.07579413056373596,0.37700000405311584,0.45969998836517334
YDR480W,YGR109C,0,-0.33253878,0.07577889412641525,0.37700000405311584,0.45980000495910645
YHR114W,YCR058C,0,-0.3325412,0.07576366513967514,0.37700000405311584,0.45989999175071716
YLR265C,YDR264C,0,-0.33259362,0.07574844360351562,0.37700000405311584,0.46000000834465027
YGL254W,YGR249W,1,-0.33262962,0.07593411207199097,0.3779999911785126,0.46000000834465027
YNL298W,YDL036C,0,-0.33267024,0.07591886073350906,0.3779999911785126,0.460099995136261
YLR214W,YKL165C,0,-0.3327017,0.07590361684560776,0.3779999911785126,0.4602000117301941
YMR319C,YJL087C,0,-0.33282736,0.07588837295770645,0.3779999911785126,0.4602999985218048
YGR152C,YFL023W,0,-0.33284426,0.07587314397096634,0.3779999911785126,0.4603999853134155
YNR057C,YLR005W,0,-0.33296487,0.07585791498422623,0.3779999911785126,0.46050000190734863
YLL008W,YGL136C,0,-0.33325216,0.07584269344806671,0.3779999911785126,0.46059998869895935
YDR216W,YLR014C,1,-0.3333265,0.07602808624505997,0.3790000081062317,0.46059998869895935
YOL122C,YOR007C,0,-0.3333269,0.07601283490657806,0.3790000081062317,0.46070000529289246
YNL270C,YOR313C,0,-0.33345935,0.07599759101867676,0.3790000081062317,0.4607999920845032
YPR054W,YDR217C,0,-0.33352983,0.07598235458135605,0.3790000081062317,0.4609000086784363
YDL135C,YGR142W,0,-0.33360735,0.07596712559461594,0.3790000081062317,0.460999995470047
YDR079C-A,YGR129W,0,-0.33373967,0.07595190405845642,0.3790000081062317,0.4611000120639801
YDL028C,YOL043C,0,-0.3337696,0.0759366825222969,0.3790000081062317,0.4611999988555908
YLR098C,YGR249W,1,-0.3337704,0.07612179219722748,0.3799999952316284,0.4611999988555908
YMR303C,YHL025W,0,-0.33387282,0.07610654830932617,0.3799999952316284,0.46129998564720154
YKR042W,YPL028W,0,-0.33391818,0.07609131187200546,0.3799999952316284,0.46140000224113464
YDR165W,YDR330W,0,-0.33393076,0.07607607543468475,0.3799999952316284,0.46149998903274536
YPL210C,YCR039C,0,-0.3339802,0.07606084644794464,0.3799999952316284,0.46160000562667847
YER094C,YNL236W,0,-0.33398032,0.07604562491178513,0.3799999952316284,0.4616999924182892
YDL058W,YER173W,0,-0.3340211,0.07603041082620621,0.3799999952316284,0.4618000090122223
YMR239C,YML039W,0,-0.33405283,0.07601520419120789,0.3799999952316284,0.461899995803833
YNL218W,YNL202W,0,-0.33408836,0.07599999755620956,0.3799999952316284,0.4620000123977661
YKR008W,YER062C,0,-0.33411214,0.07598480582237244,0.3799999952316284,0.46209999918937683
YOL003C,YOR361C,0,-0.3341512,0.07596961408853531,0.3799999952316284,0.46219998598098755
YDL142C,YDR421W,0,-0.334188,0.07595442980527878,0.3799999952316284,0.46230000257492065
YLR051C,YOR232W,0,-0.33419004,0.07593924552202225,0.3799999952316284,0.46239998936653137
YBR158W,YDR252W,0,-0.33421692,0.07592407613992691,0.3799999952316284,0.4625000059604645
YDR513W,YOR150W,0,-0.3342248,0.07590890675783157,0.3799999952316284,0.4625999927520752
YLR215C,YER026C,0,-0.3342954,0.07589375227689743,0.3799999952316284,0.4627000093460083
YBL079W,YOR313C,0,-0.33433744,0.07587859779596329,0.3799999952316284,0.462799996137619
YGR121C,YGR254W,0,-0.33439985,0.07586344331502914,0.3799999952316284,0.4629000127315521
YFL011W-A,YPR030W,0,-0.3345065,0.0758483037352562,0.3799999952316284,0.46299999952316284
YMR234W,YKL110C,0,-0.33451727,0.07583316415548325,0.3799999952316284,0.46309998631477356
YPL128C,YFR034C,1,-0.33455187,0.07601755857467651,0.38100001215934753,0.46309998631477356
YBR037C,YCL044C,0,-0.33466074,0.07600239664316177,0.38100001215934753,0.46320000290870667
YJL091C,YHR129C,0,-0.3346718,0.07598723471164703,0.38100001215934753,0.4632999897003174
YER024W,YIL103W,0,-0.33491957,0.07597208023071289,0.38100001215934753,0.4634000062942505
YGR054W,YFL049W,0,-0.3350236,0.07595694065093994,0.38100001215934753,0.4634999930858612
YDR023W,YPR057W,0,-0.33504564,0.07594180107116699,0.38100001215934753,0.4636000096797943
YOL067C,YHR039C-A,0,-0.33522916,0.07592666149139404,0.38100001215934753,0.46369999647140503
YLR206W,YGR183C,0,-0.33523554,0.07591153681278229,0.38100001215934753,0.46380001306533813
YLR080W,YOR330C,0,-0.33524963,0.07589641213417053,0.38100001215934753,0.46389999985694885
YPL063W,YNL008C,0,-0.3352958,0.07588129490613937,0.38100001215934753,0.46399998664855957
YGL033W,YLR430W,0,-0.3353345,0.07586618512868881,0.38100001215934753,0.4641000032424927
YOR182C,YPL269W,0,-0.3353679,0.07585108280181885,0.38100001215934753,0.4641999900341034
YDR079C-A,YER029C,0,-0.3354302,0.07583598792552948,0.38100001215934753,0.4643000066280365
YKL141W,YDR421W,0,-0.33549017,0.07582089304924011,0.38100001215934753,0.4643999934196472
YPL128C,YLR403W,1,-0.33552575,0.07600477337837219,0.38199999928474426,0.4643999934196472
YIL016W,YML105C,0,-0.33565176,0.07598965615034103,0.38199999928474426,0.4645000100135803
YGR288W,YIR013C,1,-0.33578598,0.07617343217134476,0.382999986410141,0.4645000100135803
YMR281W,YMR069W,0,-0.3357919,0.07615828514099121,0.382999986410141,0.46459999680519104
YDR103W,YGR077C,0,-0.3358555,0.07614313811063766,0.382999986410141,0.46470001339912415
YKL145W,YDL117W,0,-0.33588916,0.07612800598144531,0.382999986410141,0.46480000019073486
YBR091C,YGL032C,0,-0.33589923,0.07611288130283356,0.382999986410141,0.4648999869823456
YDR341C,YJR090C,0,-0.33598408,0.0760977566242218,0.382999986410141,0.4650000035762787
YNL275W,YOL164W,0,-0.3359929,0.07608263939619064,0.382999986410141,0.4650999903678894
YMR048W,YJL063C,0,-0.3361101,0.07606752961874008,0.382999986410141,0.4652000069618225
YKL057C,YFR040W,0,-0.33629087,0.07605241984128952,0.382999986410141,0.4652999937534332
YDR025W,YOL127W,0,-0.3362954,0.07603732496500015,0.382999986410141,0.46540001034736633
YFR028C,YFR047C,0,-0.33634546,0.07602223008871078,0.382999986410141,0.46549999713897705
YMR073C,YGL192W,0,-0.33642983,0.07600714266300201,0.382999986410141,0.46560001373291016
YMR235C,YKL126W,0,-0.3364932,0.07599206268787384,0.382999986410141,0.4657000005245209
YDL052C,YOL026C,0,-0.33654782,0.07597699016332626,0.382999986410141,0.4657999873161316
YFL011W-A,YJL047C,0,-0.33658752,0.07596191763877869,0.382999986410141,0.4659000039100647
YER031C,YPR119W,0,-0.33661032,0.0759468600153923,0.382999986410141,0.4659999907016754
YML057W,YOL033W,0,-0.3366464,0.07593180239200592,0.382999986410141,0.4661000072956085
YNL304W,YGL055W,0,-0.33665913,0.07591675221920013,0.382999986410141,0.46619999408721924
YNL206C,YIL018W,0,-0.33673066,0.07590170204639435,0.382999986410141,0.46630001068115234
YHR206W,YPL133C,1,-0.33673146,0.07608480006456375,0.3840000033378601,0.46630001068115234
YOR320C,YMR184W,0,-0.33678827,0.07606972754001617,0.3840000033378601,0.46639999747276306
YOL146W,YEL004W,0,-0.33686802,0.0760546624660492,0.3840000033378601,0.46650001406669617
YBR297W,YMR136W,1,-0.3369832,0.07623762637376785,0.38499999046325684,0.46650001406669617
YJR064W,YMR043W,0,-0.33703765,0.07622253149747849,0.38499999046325684,0.4666000008583069
YOL129W,YGL070C,0,-0.33703887,0.07620744407176971,0.38499999046325684,0.4666999876499176
YBL055C,YER017C,0,-0.3370535,0.07619236409664154,0.38499999046325684,0.4668000042438507
YML088W,YLR119W,0,-0.33706102,0.07617728412151337,0.38499999046325684,0.4668999910354614
YCL044C,YIL114C,0,-0.33708182,0.07616221904754639,0.38499999046325684,0.46700000762939453
YBR297W,YJL110C,1,-0.33710277,0.07634493708610535,0.38600000739097595,0.46700000762939453
YDR393W,YNL199C,0,-0.3371391,0.07632984220981598,0.38600000739097595,0.46709999442100525
YBL019W,YML031W,0,-0.33727565,0.07631474733352661,0.38600000739097595,0.46720001101493835
YJL201W,YCR071C,0,-0.33732358,0.07629966735839844,0.38600000739097595,0.4672999978065491
YPL146C,YML075C,0,-0.33732918,0.07628458738327026,0.38600000739097595,0.4674000144004822
YJR153W,YPL249C,0,-0.33740133,0.07626951485872269,0.38600000739097595,0.4675000011920929
YFL023W,YML064C,0,-0.33742192,0.07625444233417511,0.38600000739097595,0.4675999879837036
YGL225W,YBR214W,0,-0.33751196,0.07623938471078873,0.38600000739097595,0.4677000045776367
YGL241W,YDL022W,0,-0.33758694,0.07622432708740234,0.38600000739097595,0.46779999136924744
YPR029C,YCR089W,0,-0.33758697,0.07620927691459656,0.38600000739097595,0.46790000796318054
YHR085W,YHR194W,0,-0.33781263,0.07619423419237137,0.38600000739097595,0.46799999475479126
YDR435C,YPL032C,0,-0.33786955,0.07617919892072678,0.38600000739097595,0.46810001134872437
YML081C-A,YER126C,0,-0.33787212,0.07616416364908218,0.38600000739097595,0.4681999981403351
YHR023W,YOL135C,0,-0.3379216,0.07614914327859879,0.38600000739097595,0.4683000147342682
YBR253W,YHR079C,0,-0.33793995,0.07613412290811539,0.38600000739097595,0.4684000015258789
YAR007C,YKL110C,0,-0.33800393,0.07611910998821259,0.38600000739097595,0.4684999883174896
YBR185C,YGL142C,0,-0.33809835,0.07610410451889038,0.38600000739097595,0.46860000491142273
YDR085C,YDR065W,0,-0.33814165,0.07608909904956818,0.38600000739097595,0.46869999170303345
YBL064C,YMR301C,0,-0.33824316,0.07607410103082657,0.38600000739097595,0.46880000829696655
YDR182W,YNL213C,0,-0.33828023,0.07605911046266556,0.38600000739097595,0.46889999508857727
YJR153W,YNL218W,0,-0.33848947,0.07604412734508514,0.38600000739097595,0.4690000116825104
YGR059W,YPL147W,0,-0.33853957,0.07602915167808533,0.38600000739097595,0.4690999984741211
YER054C,YOR198C,0,-0.33854258,0.07601417601108551,0.38600000739097595,0.4691999852657318
YPL171C,YMR058W,0,-0.33855718,0.07599921524524689,0.38600000739097595,0.4693000018596649
YCL040W,YGL115W,0,-0.33856988,0.07598425447940826,0.38600000739097595,0.46939998865127563
YGR007W,YPR023C,0,-0.33865523,0.07596929371356964,0.38600000739097595,0.46950000524520874
YGR178C,YGL016W,0,-0.33868507,0.07595434784889221,0.38600000739097595,0.46959999203681946
YLR109W,YIL065C,0,-0.33870333,0.07593940943479538,0.38600000739097595,0.46970000863075256
YMR216C,YJR060W,0,-0.33872703,0.07592447102069855,0.38600000739097595,0.4697999954223633
YMR037C,YLR183C,1,-0.33876482,0.07610619813203812,0.3869999945163727,0.4697999954223633
YBR012W-A,YHR061C,0,-0.33881098,0.0760912299156189,0.3869999945163727,0.4699000120162964
YDR023W,YAR019C,0,-0.33889878,0.07607626914978027,0.3869999945163727,0.4699999988079071
YMR059W,YNL339C,0,-0.33893514,0.07606132328510284,0.3869999945163727,0.4700999855995178
YBR037C,YJR092W,0,-0.3389527,0.07604637742042542,0.3869999945163727,0.4702000021934509
YBR205W,YPL021W,0,-0.33905318,0.07603143155574799,0.3869999945163727,0.47029998898506165
YMR004W,YOL051W,0,-0.3390958,0.07601650059223175,0.3869999945163727,0.47040000557899475
YPR042C,YBL097W,0,-0.339104,0.07600156962871552,0.3869999945163727,0.47049999237060547
YDR420W,YHR072W,0,-0.33916894,0.07598664611577988,0.3869999945163727,0.4706000089645386
YGR044C,YNL159C,0,-0.33923087,0.07597173005342484,0.3869999945163727,0.4706999957561493
YOL072W,YLR009W,0,-0.3392643,0.07595682144165039,0.3869999945163727,0.4708000123500824
YGR095C,YGL136C,0,-0.33941993,0.07594191282987595,0.3869999945163727,0.4708999991416931
YCL063W,YCR010C,0,-0.33948663,0.0759270191192627,0.3869999945163727,0.47099998593330383
YKL192C,YGR280C,0,-0.3395074,0.07591212540864944,0.3869999945163727,0.47110000252723694
YIL018W,YPL259C,0,-0.33957216,0.0758972316980362,0.3869999945163727,0.47119998931884766
YPL016W,YNL220W,0,-0.3396736,0.07588235288858414,0.3869999945163727,0.47130000591278076
YGL223C,YBR216C,0,-0.33970085,0.07586747407913208,0.3869999945163727,0.4713999927043915
YDR166C,YBL004W,0,-0.33974114,0.07585261017084122,0.3869999945163727,0.4715000092983246
YHR135C,YHL036W,0,-0.3397996,0.07583773881196976,0.3869999945163727,0.4715999960899353
YER112W,YJL090C,0,-0.3398325,0.07582288235425949,0.3869999945163727,0.4717000126838684
YNL094W,YOR269W,0,-0.33986458,0.07580803334712982,0.3869999945163727,0.4717999994754791
YAL012W,YPL187W,0,-0.33989003,0.07579318434000015,0.3869999945163727,0.47189998626708984
YGR040W,YMR153W,0,-0.33994147,0.07577834278345108,0.3869999945163727,0.47200000286102295
YKL043W,YOR380W,1,-0.33994487,0.07595928013324738,0.3880000114440918,0.47200000286102295
YGR157W,YLR453C,0,-0.34000352,0.07594440877437592,0.3880000114440918,0.47209998965263367
YGL096W,YOR344C,1,-0.34001902,0.07612524181604385,0.3889999985694885,0.47209998965263367
YOL045W,YJR155W,0,-0.34002098,0.0761103481054306,0.3889999985694885,0.4722000062465668
YBR182C,YHR124W,1,-0.34002873,0.07629107683897018,0.38999998569488525,0.4722000062465668
YNR010W,YBR112C,0,-0.3400382,0.07627616077661514,0.38999998569488525,0.4722999930381775
YDR281C,YMR075W,0,-0.34006706,0.0762612447142601,0.38999998569488525,0.4724000096321106
YPL065W,YOL115W,0,-0.34013686,0.07624633610248566,0.38999998569488525,0.4724999964237213
YPL089C,YOR209C,0,-0.34015438,0.07623142749071121,0.38999998569488525,0.4726000130176544
YCL069W,YGR152C,0,-0.34026614,0.07621653378009796,0.38999998569488525,0.47269999980926514
YOR380W,YER111C,1,-0.34029645,0.07639703154563904,0.39100000262260437,0.47269999980926514
YMR104C,YDL093W,0,-0.3403367,0.0763821080327034,0.39100000262260437,0.47279998660087585
YHR114W,YNL142W,0,-0.34034058,0.07636718451976776,0.39100000262260437,0.47290000319480896
YML131W,YBL011W,0,-0.34038454,0.07635227590799332,0.39100000262260437,0.4729999899864197
YPR100W,YPL021W,0,-0.34042454,0.07633736729621887,0.39100000262260437,0.4731000065803528
YER017C,YHR023W,0,-0.34043118,0.07632246613502502,0.39100000262260437,0.4731999933719635
YDR263C,YJL170C,0,-0.34046426,0.07630757242441177,0.39100000262260437,0.4733000099658966
YBR228W,YBR036C,0,-0.34092277,0.07629268616437912,0.39100000262260437,0.4733999967575073
YOR368W,YIR006C,0,-0.3409293,0.07627779990434647,0.39100000262260437,0.47350001335144043
YGL073W,YJL110C,1,-0.3409839,0.07645796984434128,0.3919999897480011,0.47350001335144043
YOR159C,YHR015W,0,-0.3411349,0.07644306123256683,0.3919999897480011,0.47360000014305115
YGR135W,YPL193W,0,-0.34130058,0.07642815262079239,0.3919999897480011,0.47369998693466187
YGR121C,YGR279C,0,-0.34134227,0.07641325891017914,0.3919999897480011,0.47380000352859497
YDR200C,YKL035W,0,-0.3415293,0.07639836519956589,0.3919999897480011,0.4738999903202057
YGL097W,YLR466W,0,-0.34160125,0.07638347893953323,0.3919999897480011,0.4740000069141388
YDL230W,YLR005W,0,-0.3416616,0.07636859267950058,0.3919999897480011,0.4740999937057495
YKL152C,YLR360W,0,-0.34181222,0.07635372132062912,0.3919999897480011,0.4742000102996826
YDR171W,YIL115C,0,-0.34182796,0.07633884996175766,0.3919999897480011,0.47429999709129333
YPL126W,YPL161C,0,-0.3418312,0.0763239860534668,0.3919999897480011,0.47440001368522644
YOL110W,YLL002W,0,-0.3419287,0.07630912959575653,0.3919999897480011,0.47450000047683716
YJL204C,YDR227W,0,-0.34193176,0.07629428058862686,0.3919999897480011,0.4745999872684479
YBR066C,YDR082W,0,-0.3419346,0.07627943158149719,0.3919999897480011,0.474700003862381
YJR097W,YBR079C,0,-0.341962,0.07626459002494812,0.3919999897480011,0.4747999906539917
YLR167W,YGR104C,0,-0.34205553,0.07624975591897964,0.3919999897480011,0.4749000072479248
YER083C,YML052W,0,-0.3420589,0.07623492926359177,0.3919999897480011,0.4749999940395355
YGR134W,YLR011W,0,-0.3420945,0.07622010260820389,0.3919999897480011,0.47510001063346863
YLR403W,YOR032C,1,-0.3421103,0.07639969140291214,0.3930000066757202,0.47510001063346863
YBR069C,YER120W,0,-0.34221455,0.07638484239578247,0.3930000066757202,0.47519999742507935
YMR203W,YKL150W,0,-0.3423123,0.0763699933886528,0.3930000066757202,0.47530001401901245
YGL119W,YBR223C,0,-0.34242502,0.07635515928268433,0.3930000066757202,0.47540000081062317
YDR437W,YDL216C,0,-0.34244385,0.07634032517671585,0.3930000066757202,0.4754999876022339
YKL146W,YGR060W,0,-0.34248528,0.07632549852132797,0.3930000066757202,0.475600004196167
YIL019W,YPL175W,0,-0.34264973,0.07631067931652069,0.3930000066757202,0.4756999909877777
YER111C,YKL062W,1,-0.3426705,0.07648999989032745,0.39399999380111694,0.4756999909877777
YLR320W,YHR061C,0,-0.34272394,0.07647515833377838,0.39399999380111694,0.4758000075817108
YPR121W,YOR100C,0,-0.34276474,0.07646031677722931,0.39399999380111694,0.47589999437332153
YHR038W,YDR376W,0,-0.3428053,0.07644548267126083,0.39399999380111694,0.47600001096725464
YLR318W,YJR103W,0,-0.34288794,0.07643064856529236,0.39399999380111694,0.47609999775886536
YKL043W,YDR151C,1,-0.34288815,0.0766097754240036,0.39500001072883606,0.47609999775886536
YLR020C,YER006W,0,-0.34296897,0.07659491896629333,0.39500001072883606,0.47620001435279846
YMR096W,YNL164C,0,-0.34297186,0.07658006995916367,0.39500001072883606,0.4763000011444092
YOR313C,YBR186W,0,-0.34297973,0.0765652284026146,0.39500001072883606,0.4763999879360199
YER036C,YKR035W-A,0,-0.34303245,0.07655038684606552,0.39500001072883606,0.476500004529953
YDR308C,YDR106W,0,-0.34305,0.07653555274009705,0.39500001072883606,0.4765999913215637
YDL170W,YCR106W,1,-0.34305343,0.07671444863080978,0.3959999978542328,0.4765999913215637
YML069W,YLR305C,0,-0.3430647,0.07669959217309952,0.3959999978542328,0.4767000079154968
YAL044C,YLL012W,0,-0.34313706,0.07668474316596985,0.3959999978542328,0.47679999470710754
YGL004C,YNR048W,0,-0.34316927,0.07666989415884018,0.3959999978542328,0.47690001130104065
YOL003C,YNR039C,0,-0.34321406,0.07665505260229111,0.3959999978542328,0.47699999809265137
YPL128C,YER111C,1,-0.34326836,0.07683375477790833,0.3970000147819519,0.47699999809265137
YOR143C,YJL089W,0,-0.34338853,0.07681888341903687,0.3970000147819519,0.4771000146865845
YOR085W,YGL062W,0,-0.34360835,0.0768040269613266,0.3970000147819519,0.4772000014781952
YBR169C,YDR108W,0,-0.34361336,0.07678917050361633,0.3970000147819519,0.4772999882698059
YJR145C,YDR334W,0,-0.34368518,0.07677432149648666,0.3970000147819519,0.477400004863739
YPL128C,YCR106W,1,-0.34385183,0.07695282250642776,0.39800000190734863,0.477400004863739
YNL307C,YML047C,0,-0.34389707,0.07693794369697571,0.39800000190734863,0.47749999165534973
YOL165C,YER106W,0,-0.34392288,0.07692307978868484,0.39800000190734863,0.47760000824928284
YDR138W,YMR036C,0,-0.3439529,0.07690821588039398,0.39800000190734863,0.47769999504089355
YOR326W,YPL116W,0,-0.34398952,0.07689335197210312,0.39800000190734863,0.47780001163482666
YML011C,YGR185C,0,-0.3439933,0.07687850296497345,0.39800000190734863,0.4778999984264374
YPR171W,YML013W,0,-0.34403592,0.07686365395784378,0.39800000190734863,0.4779999852180481
YJL186W,YKL088W,0,-0.34406403,0.07684881240129471,0.39800000190734863,0.4781000018119812
YDR337W,YNL182C,0,-0.34407473,0.07683397829532623,0.39800000190734863,0.4781999886035919
YDR198C,YLR007W,0,-0.34413886,0.07681914418935776,0.39800000190734863,0.478300005197525
YDR216W,YGL254W,1,-0.34429902,0.0769972950220108,0.39899998903274536,0.478300005197525
YER148W,YLR114C,0,-0.3443104,0.07698244601488113,0.39899998903274536,0.47839999198913574
YKL172W,YJR092W,0,-0.3444395,0.07696758955717087,0.39899998903274536,0.47850000858306885
YEL029C,YNL297C,0,-0.3444976,0.0769527480006218,0.39899998903274536,0.47859999537467957
YBL071W-A,YJR065C,0,-0.34451428,0.07693790644407272,0.39899998903274536,0.47870001196861267
YIR033W,YPR005C,0,-0.34470978,0.07692307978868484,0.39899998903274536,0.4787999987602234
YBL046W,YDL143W,0,-0.3447477,0.07690825313329697,0.39899998903274536,0.4788999855518341
YMR190C,YNL102W,0,-0.34480104,0.07689342647790909,0.39899998903274536,0.4790000021457672
YGR078C,YOR316C,0,-0.3448334,0.0768786147236824,0.39899998903274536,0.47909998893737793
YNL004W,YBL035C,0,-0.34483835,0.07686380296945572,0.39899998903274536,0.47920000553131104
YBR198C,YGR279C,0,-0.34484878,0.07684899866580963,0.39899998903274536,0.47929999232292175
YBR198C,YOR026W,0,-0.34489,0.07683420181274414,0.39899998903274536,0.47940000891685486
YPL147W,YER024W,0,-0.34493828,0.07681940495967865,0.39899998903274536,0.4794999957084656
YBR072W,YDL235C,0,-0.34509304,0.07680462300777435,0.39899998903274536,0.4796000123023987
YPL121C,YGL075C,0,-0.34515068,0.07678984105587006,0.39899998903274536,0.4796999990940094
YJL110C,YEL009C,1,-0.3451794,0.07696747779846191,0.4000000059604645,0.4796999990940094
YML021C,YGL048C,0,-0.34518996,0.07695267349481583,0.4000000059604645,0.4797999858856201
YJR094C,YNL246W,0,-0.3452336,0.07693786919116974,0.4000000059604645,0.4799000024795532
YOR168W,YFL002C,0,-0.3452856,0.07692307978868484,0.4000000059604645,0.47999998927116394
YDL245C,YDR098C,0,-0.34528986,0.07690829038619995,0.4000000059604645,0.48010000586509705
YOL061W,YKL018W,0,-0.34538603,0.07689350098371506,0.4000000059604645,0.48019999265670776
YDR265W,YEL002C,0,-0.3455031,0.07687872648239136,0.4000000059604645,0.48030000925064087
YPL047W,YLR238W,0,-0.3456004,0.07686395198106766,0.4000000059604645,0.4803999960422516
YJL139C,YKL148C,0,-0.34560248,0.07684918493032455,0.4000000059604645,0.4805000126361847
YDL155W,YLR319C,0,-0.34562072,0.07683442533016205,0.4000000059604645,0.4805999994277954
YLR384C,YGL194C,0,-0.34565493,0.07681966572999954,0.4000000059604645,0.48069998621940613
YLR182W,YDR231C,0,-0.34569058,0.07680491358041763,0.4000000059604645,0.48080000281333923
YNL049C,YMR133W,0,-0.34570196,0.07679016888141632,0.4000000059604645,0.48089998960494995
YCR107W,YOL124C,0,-0.3457324,0.0767754316329956,0.4000000059604645,0.48100000619888306
YPL178W,YPR134W,0,-0.34573254,0.07676070183515549,0.4000000059604645,0.4810999929904938
YLL041C,YDR176W,0,-0.3458487,0.07674597203731537,0.4000000059604645,0.4812000095844269
YDR182W,YJR108W,0,-0.34587955,0.07673124969005585,0.4000000059604645,0.4812999963760376
YIL097W,YFL045C,0,-0.34602427,0.07671653479337692,0.4000000059604645,0.4814000129699707
YJL076W,YLL061W,0,-0.34603074,0.076701819896698,0.4000000059604645,0.4814999997615814
YER088C,YER031C,0,-0.3460678,0.07668711990118027,0.4000000059604645,0.48159998655319214
YGR134W,YGL001C,0,-0.34611624,0.07667241990566254,0.4000000059604645,0.48170000314712524
YML011C,YOL095C,0,-0.34612167,0.0766577199101448,0.4000000059604645,0.48179998993873596
YOR081C,YOR371C,0,-0.34618336,0.07664303481578827,0.4000000059604645,0.48190000653266907
YER061C,YDR080W,0,-0.34620112,0.07662834972143173,0.4000000059604645,0.4819999933242798
YJR022W,YIL022W,0,-0.34620798,0.07661367207765579,0.4000000059604645,0.4821000099182129
YGR218W,YER016W,0,-0.34628928,0.07659900188446045,0.4000000059604645,0.4821999967098236
YLR150W,YMR163C,0,-0.3462927,0.0765843391418457,0.4000000059604645,0.4823000133037567
YCL035C,YMR153W,0,-0.3463885,0.07656967639923096,0.4000000059604645,0.48240000009536743
YPR183W,YAL029C,0,-0.34654465,0.07655502110719681,0.4000000059604645,0.48249998688697815
YMR060C,YOL080C,0,-0.34657547,0.07654037326574326,0.4000000059604645,0.48260000348091125
YDR523C,YDR288W,0,-0.3467006,0.0765257328748703,0.4000000059604645,0.482699990272522
YOL003C,YKL188C,0,-0.3467512,0.07651109248399734,0.4000000059604645,0.4828000068664551
YOL038W,YML121W,0,-0.34698114,0.07649645954370499,0.4000000059604645,0.4828999936580658
YJR028W,YOR213C,0,-0.3470352,0.07648183405399323,0.4000000059604645,0.4830000102519989
YKR067W,YDR325W,0,-0.34705243,0.07646721601486206,0.4000000059604645,0.4830999970436096
YGL005C,YOR073W,0,-0.34724322,0.0764525979757309,0.4000000059604645,0.4832000136375427
YDL138W,YBL020W,0,-0.34724465,0.07643798738718033,0.4000000059604645,0.48330000042915344
YLR106C,YBR207W,0,-0.34735674,0.07642338424921036,0.4000000059604645,0.48339998722076416
YPL089C,YBR118W,0,-0.34737802,0.07640878856182098,0.4000000059604645,0.48350000381469727
YMR287C,YDL225W,0,-0.34738794,0.07639419287443161,0.4000000059604645,0.483599990606308
YGL071W,YER111C,1,-0.3475099,0.0765705555677414,0.4009999930858612,0.483599990606308
YGL073W,YLR013W,1,-0.34760085,0.0767468512058258,0.4020000100135803,0.483599990606308
YPL120W,YDR329C,0,-0.34765205,0.07673220336437225,0.4020000100135803,0.4837000072002411
YMR016C,YDR151C,1,-0.34767202,0.07690839469432831,0.40299999713897705,0.4837000072002411
YDL230W,YPR007C,0,-0.3476846,0.07689372450113297,0.40299999713897705,0.4837999939918518
YEL042W,YOL063C,0,-0.3477346,0.07687905430793762,0.40299999713897705,0.4839000105857849
YER169W,YLL001W,0,-0.34781757,0.07686439156532288,0.40299999713897705,0.48399999737739563
YDR251W,YLR277C,0,-0.34782103,0.07684973627328873,0.40299999713897705,0.48410001397132874
YKL060C,YBR021W,0,-0.34785223,0.07683508098125458,0.40299999713897705,0.48420000076293945
YER123W,YML064C,0,-0.34789172,0.07682043313980103,0.40299999713897705,0.48429998755455017
YPL128C,YMR037C,1,-0.34790254,0.07699637860059738,0.40400001406669617,0.48429998755455017
YDL245C,YDR227W,0,-0.34790674,0.07698170840740204,0.40400001406669617,0.4844000041484833
YCR012W,YDR283C,0,-0.34791207,0.0769670382142067,0.40400001406669617,0.484499990940094
YIL124W,YNR032C-A,0,-0.34813803,0.07695238292217255,0.40400001406669617,0.4846000075340271
YLR292C,YFR028C,0,-0.34824535,0.0769377276301384,0.40400001406669617,0.4846999943256378
YKL165C,YBR049C,0,-0.3484067,0.07692307978868484,0.40400001406669617,0.4848000109195709
YDR184C,YDL093W,0,-0.34843254,0.07690843194723129,0.40400001406669617,0.48489999771118164
YBR161W,YNR064C,0,-0.34849036,0.07689379155635834,0.40400001406669617,0.48500001430511475
YDR082W,YJR006W,0,-0.3484933,0.07687916606664658,0.40400001406669617,0.48510000109672546
YER106W,YOR356W,0,-0.34856918,0.07686453312635422,0.40400001406669617,0.4851999878883362
YLL043W,YGL106W,0,-0.34860128,0.07684991508722305,0.40400001406669617,0.4853000044822693
YPR103W,YDR435C,0,-0.34865534,0.07683529704809189,0.40400001406669617,0.48539999127388
YHR157W,YGR095C,0,-0.34872112,0.07682068645954132,0.40400001406669617,0.4855000078678131
YDR099W,YOR295W,0,-0.34879175,0.07680608332157135,0.40400001406669617,0.48559999465942383
YBR035C,YLR313C,0,-0.3489699,0.07679148763418198,0.40400001406669617,0.48570001125335693
YNL206C,YOL004W,0,-0.34899363,0.0767768919467926,0.40400001406669617,0.48579999804496765
YLR145W,YLR319C,0,-0.3490922,0.07676230370998383,0.40400001406669617,0.48590001463890076
YGR020C,YFR009W,0,-0.34909472,0.07674772292375565,0.40400001406669617,0.4860000014305115
YDR393W,YPL097W,0,-0.34914938,0.07673314213752747,0.40400001406669617,0.4860999882221222
YOL091W,YGL061C,0,-0.349153,0.07671856880187988,0.40400001406669617,0.4862000048160553
YDR432W,YDR279W,0,-0.34927467,0.0767040029168129,0.40400001406669617,0.486299991607666
YGL241W,YGR147C,0,-0.34940484,0.07668944448232651,0.40400001406669617,0.4864000082015991
YJL108C,YDL035C,0,-0.3494869,0.07667489349842072,0.40400001406669617,0.48649999499320984
YBR164C,YIL030C,0,-0.34949148,0.07666034251451492,0.40400001406669617,0.48660001158714294
YMR016C,YOR380W,1,-0.3495605,0.0768355131149292,0.4050000011920929,0.48660001158714294
YOR305W,YKR027W,0,-0.34964094,0.07682093977928162,0.4050000011920929,0.48669999837875366
YGR101W,YGL210W,0,-0.3496544,0.07680637389421463,0.4050000011920929,0.4867999851703644
YLR277C,YGL133W,0,-0.34972176,0.07679180800914764,0.4050000011920929,0.4869000017642975
YDR317W,YPL060W,0,-0.34979066,0.07677724957466125,0.4050000011920929,0.4869999885559082
YGL254W,YIR013C,1,-0.34987652,0.07695223391056061,0.4059999883174896,0.4869999885559082
YFR034C,YLR098C,1,-0.34993035,0.07712715864181519,0.40700000524520874,0.4869999885559082
YEL002C,YBL080C,0,-0.34994987,0.07711254060268402,0.40700000524520874,0.4871000051498413
YER111C,YHR084W,1,-0.35000917,0.07728736847639084,0.40799999237060547,0.4871000051498413
YLR403W,YER111C,1,-0.35002378,0.07746212184429169,0.4090000092983246,0.4871000051498413
YFR050C,YMR001C,0,-0.35004142,0.07744745165109634,0.4090000092983246,0.487199991941452
YJR121W,YOR221C,0,-0.35009375,0.0774327889084816,0.4090000092983246,0.48730000853538513
YER041W,YMR214W,0,-0.3501325,0.07741813361644745,0.4090000092983246,0.48739999532699585
YGR178C,YLR207W,0,-0.3501526,0.0774034857749939,0.4090000092983246,0.48750001192092896
YGR020C,YCL051W,0,-0.3501762,0.07738883793354034,0.4090000092983246,0.4875999987125397
YIL029C,YNL274C,0,-0.35017663,0.07737419754266739,0.4090000092983246,0.4876999855041504
YAL056W,YKR020W,0,-0.35028026,0.07735956460237503,0.4090000092983246,0.4878000020980835
YJL203W,YPL179W,0,-0.35033157,0.07734493166208267,0.4090000092983246,0.4878999888896942
YFR046C,YLR347C,0,-0.35038087,0.07733030617237091,0.4090000092983246,0.4880000054836273
YKR101W,YLR206W,0,-0.3504806,0.07731568813323975,0.4090000092983246,0.48809999227523804
YIL039W,YDR329C,0,-0.35048273,0.07730107754468918,0.4090000092983246,0.48820000886917114
YDR508C,YML015C,0,-0.35056055,0.07728646695613861,0.4090000092983246,0.48829999566078186
YGR238C,YJL204C,0,-0.3505685,0.07727187126874924,0.4090000092983246,0.48840001225471497
YEL063C,YGL099W,0,-0.3506767,0.07725727558135986,0.4090000092983246,0.4884999990463257
YDL130W-A,YER146W,0,-0.35071537,0.07724267989397049,0.4090000092983246,0.4885999858379364
YLR410W,YNL126W,0,-0.3507327,0.07722809910774231,0.4090000092983246,0.4887000024318695
YGL096W,YDR501W,1,-0.3508111,0.07740230113267899,0.4099999964237213,0.4887000024318695
YHR088W,YLR292C,0,-0.3509328,0.07738769054412842,0.4099999964237213,0.4887999892234802
YOL127W,YER061C,0,-0.35109124,0.07737308740615845,0.4099999964237213,0.48890000581741333
YJL117W,YBL079W,0,-0.35111097,0.07735849171876907,0.4099999964237213,0.48899999260902405
YER075C,YGR186W,0,-0.35115662,0.0773438960313797,0.4099999964237213,0.48910000920295715
YAL005C,YDR337W,0,-0.3511804,0.07732930779457092,0.4099999964237213,0.48919999599456787
YLR328W,YPL171C,0,-0.35123065,0.07731472700834274,0.4099999964237213,0.489300012588501
YNL221C,YKR029C,0,-0.35131994,0.07730015367269516,0.4099999964237213,0.4893999993801117
YNL271C,YDL064W,0,-0.35135043,0.07728558033704758,0.4099999964237213,0.4894999861717224
YOR120W,YLR008C,0,-0.35136726,0.07727101445198059,0.4099999964237213,0.4896000027656555
YOL044W,YGR024C,0,-0.351404,0.0772564560174942,0.4099999964237213,0.48969998955726624
YGL051W,YPL098C,0,-0.35141262,0.07724189758300781,0.4099999964237213,0.48980000615119934
YHR039C,YDR072C,0,-0.3514204,0.07722734659910202,0.4099999964237213,0.48989999294281006
YDR030C,YOR367W,0,-0.3514453,0.07721280306577682,0.4099999964237213,0.49000000953674316
YDL059C,YFL058W,0,-0.3514472,0.07719826698303223,0.4099999964237213,0.4900999963283539
YNR030W,YJR069C,0,-0.35145912,0.07718373835086823,0.4099999964237213,0.490200012922287
YHR164C,YIR025W,0,-0.35148063,0.07716920971870422,0.4099999964237213,0.4902999997138977
YOL088C,YPL175W,0,-0.35150012,0.07715468853712082,0.4099999964237213,0.4903999865055084
YPL069C,YKL165C,0,-0.35156363,0.07714016735553741,0.4099999964237213,0.49050000309944153
YBR009C,YKR036C,0,-0.3515828,0.0771256610751152,0.4099999964237213,0.49059998989105225
YJL058C,YCR002C,0,-0.3517772,0.077111154794693,0.4099999964237213,0.49070000648498535
YPR042C,YLL061W,0,-0.35185778,0.07709665596485138,0.4099999964237213,0.49079999327659607
YLR206W,YDR180W,0,-0.35186628,0.07708215713500977,0.4099999964237213,0.4909000098705292
YMR172W,YKL179C,0,-0.35187027,0.07706766575574875,0.4099999964237213,0.4909999966621399
YPR030W,YJR092W,0,-0.35190886,0.07705318182706833,0.4099999964237213,0.491100013256073
YLR274W,YAL001C,0,-0.35196087,0.0770387053489685,0.4099999964237213,0.4912000000476837
YDL055C,YIL061C,0,-0.3521675,0.07702423632144928,0.4099999964237213,0.49129998683929443
YFL039C,YLR466W,0,-0.35231474,0.07700976729393005,0.4099999964237213,0.49140000343322754
YDR339C,YLR452C,0,-0.35234854,0.07699530571699142,0.4099999964237213,0.49149999022483826
YGL068W,YPL015C,0,-0.35239992,0.07698085159063339,0.4099999964237213,0.49160000681877136
YIL016W,YML116W,0,-0.35243228,0.07696639746427536,0.4099999964237213,0.4916999936103821
YIL167W,YIL022W,0,-0.35248384,0.07695195078849792,0.4099999964237213,0.4918000102043152
YER147C,YNL283C,0,-0.35251138,0.07693751156330109,0.4099999964237213,0.4918999969959259
YGL254W,YDR151C,1,-0.3525751,0.07711069285869598,0.41100001335144043,0.4918999969959259
YDR457W,YJL100W,0,-0.3526062,0.07709623128175735,0.41100001335144043,0.492000013589859
YHR070W,YGR007W,0,-0.35264874,0.07708176970481873,0.41100001335144043,0.4921000003814697
YBR065C,YOR354C,0,-0.35270742,0.0770673155784607,0.41100001335144043,0.49219998717308044
YHL036W,YKL018W,0,-0.35288712,0.07705286890268326,0.41100001335144043,0.49230000376701355
YCR098C,YGL137W,0,-0.35293594,0.07703842222690582,0.41100001335144043,0.49239999055862427
YOR299W,YLR045C,0,-0.35307023,0.07702399045228958,0.41100001335144043,0.4925000071525574
YDR439W,YOR359W,0,-0.35308403,0.07700955867767334,0.41100001335144043,0.4925999939441681
YKL141W,YGR060W,0,-0.35314974,0.0769951269030571,0.41100001335144043,0.4927000105381012
YFL039C,YFL025C,0,-0.3533236,0.07698071002960205,0.41100001335144043,0.4927999973297119
YOL123W,YLR079W,0,-0.3534104,0.076966293156147,0.41100001335144043,0.492900013923645
YPL144W,YKL165C,0,-0.35352677,0.07695188373327255,0.41100001335144043,0.49300000071525574
YNR038W,YKR009C,0,-0.35354304,0.0769374743103981,0.41100001335144043,0.49309998750686646
YML123C,YNR035C,0,-0.35365131,0.07692307978868484,0.41100001335144043,0.49320000410079956
YCL026C-A,YOR039W,0,-0.35366386,0.07690868526697159,0.41100001335144043,0.4932999908924103
YJL106W,YBR021W,0,-0.35368454,0.07689429074525833,0.41100001335144043,0.4934000074863434
YPL178W,YLR319C,0,-0.35371333,0.07687991112470627,0.41100001335144043,0.4934999942779541
YKL112W,YFL031W,1,-0.35383254,0.07705255597829819,0.41200000047683716,0.4934999942779541
YOR243C,YOR037W,0,-0.3538429,0.07703814655542374,0.41200000047683716,0.4936000108718872
YGL241W,YDR135C,0,-0.35385147,0.07702374458312988,0.41200000047683716,0.4936999976634979
YNL288W,YER146W,0,-0.3538713,0.07700934261083603,0.41200000047683716,0.49380001425743103
YGL095C,YLR270W,0,-0.35393113,0.07699495553970337,0.41200000047683716,0.49390000104904175
YOR372C,YBR217W,0,-0.35394898,0.07698056846857071,0.41200000047683716,0.49399998784065247
YKL175W,YLR116W,0,-0.35395798,0.07696618884801865,0.41200000047683716,0.49410000443458557
YGL129C,YOR195W,0,-0.3540091,0.07695180922746658,0.41200000047683716,0.4941999912261963
YGL096W,YFL031W,1,-0.35402188,0.07712418586015701,0.4129999876022339,0.4941999912261963
YJR086W,YGR048W,0,-0.3540769,0.07710978388786316,0.4129999876022339,0.4943000078201294
YNL282W,YIL173W,0,-0.3541129,0.0770953893661499,0.4129999876022339,0.4943999946117401
YKL134C,YGR178C,0,-0.35412344,0.07708100229501724,0.4129999876022339,0.4945000112056732
YLR376C,YDR153C,0,-0.3541294,0.07706661522388458,0.4129999876022339,0.49459999799728394
YOL165C,YOR221C,0,-0.35416472,0.07705223560333252,0.4129999876022339,0.49470001459121704
YER148W,YKL192C,0,-0.35420766,0.07703786343336105,0.4129999876022339,0.49480000138282776
YHL009C,YOR032C,1,-0.3542307,0.07720999419689178,0.414000004529953,0.49480000138282776
YOR310C,YDR488C,0,-0.3542743,0.07719559967517853,0.414000004529953,0.4948999881744385
YLR319C,YLR141W,0,-0.35434034,0.07718120515346527,0.414000004529953,0.4950000047683716
YIL018W,YMR165C,0,-0.35438833,0.07716682553291321,0.414000004529953,0.4950999915599823
YGR229C,YOR035C,0,-0.35449365,0.07715243846178055,0.414000004529953,0.4952000081539154
YNL156C,YDR312W,0,-0.35452914,0.07713806629180908,0.414000004529953,0.4952999949455261
YML059C,YIR006C,0,-0.35461506,0.07712369412183762,0.414000004529953,0.49540001153945923
YKL154W,YNL126W,0,-0.3546153,0.07710932940244675,0.414000004529953,0.49549999833106995
YDL170W,YDR501W,1,-0.35462722,0.07728119194507599,0.41499999165534973,0.49549999833106995
YOR340C,YML052W,0,-0.35463983,0.07726680487394333,0.41499999165534973,0.49559998512268066
YHR058C,YBL014C,0,-0.3547658,0.07725241780281067,0.41499999165534973,0.49570000171661377
YAL038W,YDL223C,0,-0.35483155,0.0772380456328392,0.41499999165534973,0.4957999885082245
YBR228W,YCL051W,0,-0.3548728,0.07722366601228714,0.41499999165534973,0.4959000051021576
YJR073C,YPL228W,0,-0.354876,0.07720930129289627,0.41499999165534973,0.4959999918937683
YGL012W,YDL223C,0,-0.35488775,0.077194944024086,0.41499999165534973,0.4961000084877014
YIL051C,YCL032W,0,-0.35489023,0.07718058675527573,0.41499999165534973,0.49619999527931213
YMR053C,YJR092W,0,-0.35490543,0.07716622948646545,0.41499999165534973,0.49630001187324524
YBL064C,YDR320C-A,0,-0.35496452,0.07715188711881638,0.41499999165534973,0.49639999866485596
YIL010W,YMR051C,0,-0.355366,0.0771375447511673,0.41499999165534973,0.4964999854564667
YNL172W,YGL194C,0,-0.35541978,0.07712320983409882,0.41499999165534973,0.4966000020503998
YDR393W,YGL115W,0,-0.35546646,0.07710888236761093,0.41499999165534973,0.4966999888420105
YER172C,YLR153C,0,-0.35553,0.07709455490112305,0.41499999165534973,0.4968000054359436
YGL171W,YPL171C,0,-0.35561633,0.07708023488521576,0.41499999165534973,0.4968999922275543
YLR115W,YNL102W,0,-0.3557522,0.07706592231988907,0.41499999165534973,0.4970000088214874
YGL251C,YPL016W,0,-0.3557929,0.07705161720514297,0.41499999165534973,0.49709999561309814
YKL058W,YPR163C,0,-0.35582617,0.07703731209039688,0.41499999165534973,0.49720001220703125
YOL067C,YER012W,0,-0.35585326,0.07702301442623138,0.41499999165534973,0.49729999899864197
YGR080W,YNL223W,0,-0.3560252,0.07700872421264648,0.41499999165534973,0.4973999857902527
YDL135C,YDR009W,0,-0.35603812,0.07699443399906158,0.41499999165534973,0.4975000023841858
YDR376W,YNL267W,0,-0.3561048,0.07698015123605728,0.41499999165534973,0.4975999891757965
YPL224C,YGR216C,0,-0.35611373,0.07696587592363358,0.41499999165534973,0.4977000057697296
YIR009W,YHR170W,0,-0.35612813,0.07695160061120987,0.41499999165534973,0.49779999256134033
YIL095W,YFR050C,0,-0.35614997,0.07693734019994736,0.41499999165534973,0.49790000915527344
YDR158W,YGL122C,0,-0.35637662,0.07692307978868484,0.41499999165534973,0.49799999594688416
YJR103W,YGR046W,0,-0.35638192,0.07690881937742233,0.41499999165534973,0.49810001254081726
YGL071W,YCR106W,1,-0.35638806,0.07707986235618591,0.41600000858306885,0.49810001254081726
YGL254W,YDR501W,1,-0.35651192,0.07725083082914352,0.4169999957084656,0.49810001254081726
YNR015W,YLR141W,0,-0.35665858,0.07723652571439743,0.4169999957084656,0.498199999332428
YOR245C,YNL283C,0,-0.35668442,0.07722222059965134,0.4169999957084656,0.4982999861240387
YGR286C,YPL175W,0,-0.356726,0.07720792293548584,0.4169999957084656,0.4984000027179718
YOR148C,YGR221C,0,-0.3567502,0.07719363272190094,0.4169999957084656,0.4984999895095825
YGR098C,YLR172C,0,-0.35675374,0.07717934250831604,0.4169999957084656,0.4986000061035156
YLR383W,YBL105C,0,-0.3570215,0.07716505974531174,0.4169999957084656,0.49869999289512634
YGR192C,YLR381W,0,-0.35741875,0.07715078443288803,0.4169999957084656,0.49880000948905945
YPL075W,YML093W,0,-0.35742715,0.07713651657104492,0.4169999957084656,0.49889999628067017
YEL071W,YBR244W,0,-0.3574687,0.07712224870920181,0.4169999957084656,0.49900001287460327
YOL078W,YMR138W,0,-0.35752907,0.0771079882979393,0.4169999957084656,0.499099999666214
YMR281W,YDR446W,0,-0.35762277,0.07709373533725739,0.4169999957084656,0.4991999864578247
YOR266W,YKL195W,0,-0.35764402,0.07707948237657547,0.4169999957084656,0.4993000030517578
YNR030W,YNR019W,0,-0.35766527,0.07706523686647415,0.4169999957084656,0.49939998984336853
YJR119C,YGR143W,0,-0.35775086,0.07705099880695343,0.4169999957084656,0.49950000643730164
YPR029C,YDL137W,0,-0.35775688,0.07703676074743271,0.4169999957084656,0.49959999322891235
YDL102W,YGR279C,0,-0.35798335,0.07702253758907318,0.4169999957084656,0.49970000982284546
YIL085C,YKL092C,0,-0.35799816,0.07700830698013306,0.4169999957084656,0.4997999966144562
YGL212W,YOR058C,0,-0.35816562,0.07699409127235413,0.4169999957084656,0.4999000132083893
YBR297W,YGR249W,1,-0.35817853,0.07716447860002518,0.4180000126361847,0.4999000132083893
YDR385W,YHR119W,0,-0.35841435,0.07715024054050446,0.4180000126361847,0.5
YBL055C,YHR053C,0,-0.35847342,0.07713600248098373,0.4180000126361847,0.5001000165939331
YMR037C,YGL071W,1,-0.35849902,0.07730627059936523,0.4189999997615814,0.5001000165939331
YOR236W,YBR244W,0,-0.35852185,0.07729201018810272,0.4189999997615814,0.5001999735832214
YMR156C,YER049W,0,-0.35852736,0.0772777572274208,0.4189999997615814,0.5002999901771545
YOR245C,YDR030C,0,-0.35859355,0.07726350426673889,0.4189999997615814,0.5004000067710876
YMR238W,YLR212C,0,-0.35859922,0.07724926620721817,0.4189999997615814,0.5005000233650208
YBR035C,YDR065W,0,-0.35864148,0.07723502069711685,0.4189999997615814,0.5005999803543091
YBR182C,YGR249W,1,-0.35864308,0.07740508764982224,0.41999998688697815,0.5005999803543091
YHR165C,YMR053C,0,-0.35864446,0.07739082723855972,0.41999998688697815,0.5006999969482422
YER072W,YPL192C,0,-0.3586684,0.07737656682729721,0.41999998688697815,0.5008000135421753
YLR098C,YLR013W,1,-0.35870114,0.07754650712013245,0.42100000381469727,0.5008000135421753
YBL041W,YGR284C,0,-0.3587435,0.07753223180770874,0.42100000381469727,0.5008999705314636
YGR249W,YOR032C,1,-0.35875013,0.07770208269357681,0.421999990940094,0.5008999705314636
YMR016C,YOR344C,1,-0.35875216,0.07787187397480011,0.4230000078678131,0.5008999705314636
YER040W,YIL101C,1,-0.35885668,0.07804159820079803,0.42399999499320984,0.5008999705314636
YHR090C,YLR448W,0,-0.35886386,0.07802723348140717,0.42399999499320984,0.5009999871253967
YHR092C,YJL204C,0,-0.3589106,0.0780128762125969,0.42399999499320984,0.5011000037193298
YJR077C,YPR185W,0,-0.35894126,0.07799852639436722,0.42399999499320984,0.5012000203132629
YDL166C,YNR056C,0,-0.3589926,0.07798418402671814,0.42399999499320984,0.5012999773025513
YCR061W,YCL031C,0,-0.35904726,0.07796984165906906,0.42399999499320984,0.5013999938964844
YDR025W,YER065C,0,-0.35912785,0.07795550674200058,0.42399999499320984,0.5015000104904175
YCL029C,YNL078W,0,-0.35915616,0.0779411792755127,0.42399999499320984,0.5016000270843506
YJL183W,YDR258C,0,-0.35917762,0.07792685180902481,0.42399999499320984,0.5016999840736389
YMR309C,YMR299C,0,-0.35919023,0.07791253179311752,0.42399999499320984,0.501800000667572
YDR255C,YLR071C,0,-0.359194,0.07789821922779083,0.42399999499320984,0.5019000172615051
YGL254W,YLR403W,1,-0.35923094,0.0780676007270813,0.42500001192092896,0.5019000172615051
YBL063W,YDR207C,0,-0.35926142,0.07805325835943222,0.42500001192092896,0.5019999742507935
YHR206W,YMR136W,1,-0.35937896,0.07822255045175552,0.4259999990463257,0.5019999742507935
YEL031W,YNR047W,0,-0.35939434,0.07820818573236465,0.4259999990463257,0.5020999908447266
YIL002C,YMR048W,0,-0.35942033,0.07819383591413498,0.4259999990463257,0.5022000074386597
YDR376W,YBR186W,0,-0.35943368,0.0781794860959053,0.4259999990463257,0.5023000240325928
YKL212W,YBR273C,0,-0.35944936,0.07816513627767563,0.4259999990463257,0.5023999810218811
YKL110C,YKL017C,0,-0.35950363,0.07815080136060715,0.4259999990463257,0.5024999976158142
YNL094W,YBR097W,0,-0.35955968,0.07813646644353867,0.4259999990463257,0.5026000142097473
YBR296C,YML064C,0,-0.35956892,0.07812213152647018,0.4259999990463257,0.5026999711990356
YDL142C,YER169W,0,-0.35965565,0.0781078115105629,0.4259999990463257,0.5027999877929688
YER040W,YLR013W,1,-0.3596818,0.07827681303024292,0.4269999861717224,0.5027999877929688
YMR263W,YMR298W,0,-0.3596909,0.07826246321201324,0.4269999861717224,0.5029000043869019
YNL210W,YPL018W,0,-0.35995778,0.07824812084436417,0.4269999861717224,0.503000020980835
YGL206C,YER056C,0,-0.36001244,0.07823378592729568,0.4269999861717224,0.5030999779701233
YDL077C,YNL298W,0,-0.36004654,0.0782194510102272,0.4269999861717224,0.5031999945640564
YOL123W,YHL007C,0,-0.36012205,0.07820513099431992,0.4269999861717224,0.5033000111579895
YER178W,YOR216C,0,-0.3602131,0.07819081097841263,0.4269999861717224,0.5034000277519226
YFL016C,YKL119C,0,-0.36022672,0.07817649096250534,0.4269999861717224,0.5034999847412109
YJR078W,YML104C,0,-0.36054963,0.07816217839717865,0.4269999861717224,0.503600001335144
YPL144W,YPR185W,0,-0.36056182,0.07814788073301315,0.4269999861717224,0.5037000179290771
YGL244W,YLR157C,0,-0.3607808,0.07813357561826706,0.4269999861717224,0.5037999749183655
YKR019C,YKL141W,0,-0.3607863,0.07811928540468216,0.4269999861717224,0.5038999915122986
YAL026C,YBR254C,0,-0.36080953,0.07810499519109726,0.4269999861717224,0.5040000081062317
YJL031C,YPR054W,0,-0.36101958,0.07809071242809296,0.4269999861717224,0.5041000247001648
YEL037C,YEL026W,0,-0.36118624,0.07807642966508865,0.4269999861717224,0.5041999816894531
YER083C,YLR189C,0,-0.36120656,0.07806215435266495,0.4269999861717224,0.5042999982833862
YKL112W,YPL128C,1,-0.36134446,0.07823067158460617,0.42800000309944153,0.5042999982833862
YPL097W,YMR061W,0,-0.36139542,0.07821637392044067,0.42800000309944153,0.5044000148773193
YGL150C,YKL055C,0,-0.3615422,0.07820208370685577,0.42800000309944153,0.5044999718666077
YML091C,YKR001C,0,-0.36154354,0.07818779349327087,0.42800000309944153,0.5045999884605408
YCR106W,YOR380W,1,-0.3616516,0.07835616171360016,0.42899999022483826,0.5045999884605408
YGR274C,YMR273C,0,-0.361653,0.07834185659885406,0.42899999022483826,0.5047000050544739
YMR079W,YIL065C,0,-0.36172727,0.07832755148410797,0.42899999022483826,0.504800021648407
YGR037C,YBR105C,0,-0.36180303,0.07831325381994247,0.42899999022483826,0.5048999786376953
YJL190C,YMR088C,0,-0.3618079,0.07829895615577698,0.42899999022483826,0.5049999952316284
YLR319C,YER019C-A,0,-0.36183488,0.07828467339277267,0.42899999022483826,0.5051000118255615
YBR079C,YPL028W,0,-0.36185345,0.07827039062976837,0.42899999022483826,0.5052000284194946
YMR139W,YER014C-A,0,-0.36190477,0.07825610786676407,0.42899999022483826,0.505299985408783
YKL112W,YGL254W,1,-0.36193144,0.07842422276735306,0.4300000071525574,0.505299985408783
YDR255C,YLR158C,0,-0.36205825,0.07840991765260696,0.4300000071525574,0.5054000020027161
YHL009C,YDL020C,1,-0.36206988,0.07857794314622879,0.4309999942779541,0.5054000020027161
YPL089C,YGR159C,0,-0.36210296,0.0785636156797409,0.4309999942779541,0.5055000185966492
YLR242C,YNL297C,0,-0.36212027,0.07854929566383362,0.4309999942779541,0.5055999755859375
YPR054W,YDR397C,0,-0.3622174,0.07853498309850693,0.4309999942779541,0.5056999921798706
YPL253C,YLR116W,0,-0.36226493,0.07852067798376083,0.4309999942779541,0.5058000087738037
YKR057W,YFL058W,0,-0.36231545,0.07850637286901474,0.4309999942779541,0.5059000253677368
YMR236W,YPL026C,0,-0.36233452,0.07849207520484924,0.4309999942779541,0.5059999823570251
YPL002C,YPL254W,0,-0.36235052,0.07847778499126434,0.4309999942779541,0.5060999989509583
YJL081C,YOR229W,0,-0.36235717,0.07846350222826004,0.4309999942779541,0.5062000155448914
YBL008W,YBL051C,0,-0.36236194,0.07844921946525574,0.4309999942779541,0.5062999725341797
YLR043C,YJL076W,0,-0.36260334,0.07843494415283203,0.4309999942779541,0.5063999891281128
YDR256C,YLR157C,0,-0.36261317,0.07842066884040833,0.4309999942779541,0.5065000057220459
YPL159C,YKL006C-A,0,-0.36262363,0.07840640097856522,0.4309999942779541,0.506600022315979
YDL170W,YGL071W,1,-0.36269644,0.07857402414083481,0.4320000112056732,0.506600022315979
YBR142W,YGL135W,0,-0.3628066,0.0785597413778305,0.4320000112056732,0.5066999793052673
YBR129C,YGR092W,0,-0.36285216,0.0785454511642456,0.4320000112056732,0.5067999958992004
YCR106W,YIR013C,1,-0.36288342,0.07871296256780624,0.43299999833106995,0.5067999958992004
YBR182C,YNL216W,1,-0.36306196,0.07888040691614151,0.4339999854564667,0.5067999958992004
YFR027W,YHR186C,0,-0.3632348,0.07886607199907303,0.4339999854564667,0.5069000124931335
YJR140C,YBR275C,0,-0.36328608,0.07885174453258514,0.4339999854564667,0.5070000290870667
YPR140W,YNL136W,0,-0.36333594,0.07883741706609726,0.4339999854564667,0.507099986076355
YNL328C,YGR216C,0,-0.363382,0.07882310450077057,0.4339999854564667,0.5072000026702881
YLR186W,YGL113W,0,-0.3634134,0.07880879193544388,0.4339999854564667,0.5073000192642212
YHR135C,YMR029C,0,-0.3636496,0.07879447937011719,0.4339999854564667,0.5073999762535095
YGL178W,YDL098C,0,-0.3636942,0.0787801742553711,0.4339999854564667,0.5074999928474426
YDR479C,YHR066W,0,-0.36378443,0.0787658765912056,0.4339999854564667,0.5076000094413757
YLR242C,YAL056W,0,-0.36381134,0.0787515863776207,0.4339999854564667,0.5077000260353088
YPR183W,YOR098C,0,-0.36383846,0.0787373036146164,0.4339999854564667,0.5077999830245972
YLR088W,YLR214W,0,-0.36392894,0.07872302085161209,0.4339999854564667,0.5078999996185303
YGL096W,YLR013W,1,-0.36413535,0.07889010012149811,0.4350000023841858,0.5078999996185303
YKR099W,YBL035C,0,-0.36413923,0.07887579500675201,0.4350000023841858,0.5080000162124634
YGR046W,YLR208W,0,-0.36417153,0.07886149734258652,0.4350000023841858,0.5080999732017517
YNL090W,YOL026C,0,-0.36441043,0.07884719967842102,0.4350000023841858,0.5081999897956848
YPL069C,YIR025W,0,-0.36444372,0.07883290946483612,0.4350000023841858,0.5083000063896179
YIR009W,YDR179C,0,-0.36444417,0.07881862670183182,0.4350000023841858,0.508400022983551
YIL110W,YCR067C,0,-0.36460125,0.07880435138940811,0.4350000023841858,0.5084999799728394
YKL043W,YEL009C,1,-0.3646606,0.07897119969129562,0.4359999895095825,0.5084999799728394
YFR008W,YLR025W,0,-0.36475593,0.07895690202713013,0.4359999895095825,0.5085999965667725
YPL069C,YDR264C,0,-0.36477056,0.07894260436296463,0.4359999895095825,0.5087000131607056
YOR148C,YCR084C,0,-0.36482203,0.07892831414937973,0.4359999895095825,0.5088000297546387
YDR325W,YJL001W,0,-0.36486125,0.07891402393579483,0.4359999895095825,0.508899986743927
YKL112W,YNL023C,1,-0.3651421,0.07908070832490921,0.43700000643730164,0.508899986743927
YLR430W,YMR184W,0,-0.3653336,0.07906640321016312,0.43700000643730164,0.5090000033378601
YGL014W,YMR293C,0,-0.36534867,0.07905209809541702,0.43700000643730164,0.5091000199317932
YFL058W,YHR066W,0,-0.36541602,0.07903780043125153,0.43700000643730164,0.5091999769210815
YDL128W,YLL027W,0,-0.36545366,0.07902351021766663,0.43700000643730164,0.5092999935150146
YDL230W,YOR014W,0,-0.36546776,0.07900922000408173,0.43700000643730164,0.5094000101089478
YIR015W,YKL009W,0,-0.36549482,0.07899493724107742,0.43700000643730164,0.5095000267028809
YKR056W,YNL084C,0,-0.36558726,0.07898066192865372,0.43700000643730164,0.5095999836921692
YKR089C,YER083C,0,-0.36559132,0.07896638661623001,0.43700000643730164,0.5097000002861023
YDR192C,YPL123C,0,-0.36559674,0.0789521262049675,0.43700000643730164,0.5098000168800354
YHR124W,YHR084W,1,-0.36568275,0.07911849766969681,0.43799999356269836,0.5098000168800354
YJL006C,YBL102W,0,-0.3657174,0.07910420745611191,0.43799999356269836,0.5098999738693237
YGR261C,YDR398W,0,-0.36571816,0.0790899246931076,0.43799999356269836,0.5099999904632568
YHL009C,YHR084W,1,-0.3657377,0.07925618439912796,0.4390000104904175,0.5099999904632568
YGL169W,YBR183W,0,-0.36575508,0.07924187928438187,0.4390000104904175,0.5101000070571899
YNL216W,YGR249W,1,-0.36579978,0.07940804958343506,0.4399999976158142,0.5101000070571899
YGL255W,YOR269W,0,-0.3658965,0.07939372211694717,0.4399999976158142,0.510200023651123
YJL210W,YHR069C,0,-0.36591116,0.07937939465045929,0.4399999976158142,0.5102999806404114
YGR009C,YOR187W,0,-0.36595124,0.0793650820851326,0.4399999976158142,0.5103999972343445
YER166W,YOR260W,0,-0.3660185,0.07935076951980591,0.4399999976158142,0.5105000138282776
YJL058C,YNR056C,0,-0.36613786,0.07933645695447922,0.4399999976158142,0.5105999708175659
YJL041W,YOL164W,0,-0.36614844,0.07932215929031372,0.4399999976158142,0.510699987411499
YMR056C,YPL012W,0,-0.3661798,0.07930786162614822,0.4399999976158142,0.5108000040054321
YNL230C,YBR228W,0,-0.36620978,0.07929356396198273,0.4399999976158142,0.5109000205993652
YJR068W,YKL119C,0,-0.3664392,0.07927928119897842,0.4399999976158142,0.5109999775886536
YML038C,YAL021C,0,-0.36652553,0.07926499843597412,0.4399999976158142,0.5110999941825867
YGR281W,YDR515W,0,-0.36653054,0.07925072312355042,0.4399999976158142,0.5112000107765198
YNL275W,YPL137C,0,-0.36653915,0.07923644781112671,0.4399999976158142,0.5113000273704529
YGR161C,YJR033C,0,-0.36662707,0.0792221799492836,0.4399999976158142,0.5113999843597412
YHR085W,YIR021W,0,-0.36665168,0.07920791953802109,0.4399999976158142,0.5115000009536743
YPL144W,YLR005W,0,-0.36668155,0.07919366657733917,0.4399999976158142,0.5116000175476074
YPR162C,YFR031C,0,-0.36678407,0.07917941361665726,0.4399999976158142,0.5116999745368958
YBL057C,YER173W,0,-0.36686242,0.07916516810655594,0.4399999976158142,0.5117999911308289
YNL333W,YNR010W,0,-0.3668725,0.07915093004703522,0.4399999976158142,0.511900007724762
YOR193W,YCL017C,0,-0.36694744,0.0791366919875145,0.4399999976158142,0.5120000243186951
YBL002W,YDR075W,0,-0.36710432,0.07912246137857437,0.4399999976158142,0.5120999813079834
YML005W,YDR397C,0,-0.36721492,0.07910823076963425,0.4399999976158142,0.5121999979019165
YGL003C,YNL201C,0,-0.36733362,0.07909401506185532,0.4399999976158142,0.5123000144958496
YNL088W,YOL142W,0,-0.36738342,0.07907979935407639,0.4399999976158142,0.5123999714851379
YIL121W,YMR075W,0,-0.36747468,0.07906559109687805,0.4399999976158142,0.512499988079071
YOL128C,YGL253W,0,-0.36749253,0.07905138283967972,0.4399999976158142,0.5126000046730042
YBR200W,YGL092W,0,-0.36750236,0.07903718203306198,0.4399999976158142,0.5127000212669373
YDR071C,YPR078C,0,-0.36752936,0.07902298867702484,0.4399999976158142,0.5127999782562256
YCR102C,YLL016W,0,-0.36753118,0.0790087953209877,0.4399999976158142,0.5128999948501587
YNL001W,YPL171C,0,-0.3675664,0.07899461686611176,0.4399999976158142,0.5130000114440918
YIR009W,YHR150W,0,-0.36758623,0.07898043096065521,0.4399999976158142,0.5131000280380249
YFL013C,YKR052C,0,-0.36761114,0.07896625995635986,0.4399999976158142,0.5131999850273132
YML048W,YLR009W,0,-0.3676312,0.07895208895206451,0.4399999976158142,0.5133000016212463
YKR048C,YCL027W,0,-0.36764184,0.07893792539834976,0.4399999976158142,0.5134000182151794
YHR086W,YBR107C,0,-0.36764556,0.0789237692952156,0.4399999976158142,0.5134999752044678
YBR183W,YCR026C,0,-0.36765203,0.07890961319208145,0.4399999976158142,0.5135999917984009
YML102W,YBR254C,0,-0.36781913,0.0788954645395279,0.4399999976158142,0.513700008392334
YDL155W,YER148W,0,-0.36791617,0.07888131588697433,0.4399999976158142,0.5138000249862671
YJL108C,YDL097C,0,-0.36796442,0.07886718213558197,0.4399999976158142,0.5138999819755554
YBR058C,YOR063W,0,-0.36801794,0.0788530483841896,0.4399999976158142,0.5139999985694885
YDR206W,YNL032W,0,-0.36806697,0.07883891463279724,0.4399999976158142,0.5141000151634216
YNL270C,YOR056C,0,-0.3681048,0.07882479578256607,0.4399999976158142,0.51419997215271
YPL031C,YHR053C,0,-0.36813965,0.0788106769323349,0.4399999976158142,0.5142999887466431
YOR243C,YOL063C,0,-0.3681803,0.07879655808210373,0.4399999976158142,0.5144000053405762
YKR056W,YDR377W,0,-0.3681914,0.07878245413303375,0.4399999976158142,0.5145000219345093
YKL175W,YOR089C,0,-0.3682169,0.07876835018396378,0.4399999976158142,0.5145999789237976
YGR152C,YPR030W,0,-0.36826685,0.0787542536854744,0.4399999976158142,0.5146999955177307
YGR024C,YPL192C,0,-0.36828455,0.07874015718698502,0.4399999976158142,0.5148000121116638
YHR164C,YKL022C,0,-0.3682923,0.07872606813907623,0.4399999976158142,0.5149000287055969
YJL173C,YDR078C,0,-0.36845022,0.07871198654174805,0.4399999976158142,0.5149999856948853
YPL209C,YGL006W,0,-0.36847654,0.07869790494441986,0.4399999976158142,0.5151000022888184
YBR195C,YKR059W,0,-0.36850196,0.07868383079767227,0.4399999976158142,0.5152000188827515
YOR117W,YNL248C,0,-0.36854735,0.07866976410150528,0.4399999976158142,0.5152999758720398
YLR107W,YDR487C,0,-0.36858553,0.07865570485591888,0.4399999976158142,0.5153999924659729
YNL094W,YDR477W,0,-0.36860198,0.07864164561033249,0.4399999976158142,0.515500009059906
YDR166C,YOR249C,0,-0.3686303,0.07862759381532669,0.4399999976158142,0.5156000256538391
YOL051W,YOR171C,0,-0.36867356,0.07861354202032089,0.4399999976158142,0.5156999826431274
YLR016C,YPL175W,0,-0.36871517,0.07859949767589569,0.4399999976158142,0.5157999992370605
YIL014W,YJL104W,0,-0.3687249,0.07858546078205109,0.4399999976158142,0.5159000158309937
YOR028C,YDL055C,0,-0.36872724,0.07857143133878708,0.4399999976158142,0.515999972820282
YDL190C,YPR020W,0,-0.36873412,0.07855740189552307,0.4399999976158142,0.5160999894142151
YNL230C,YPL015C,0,-0.36876592,0.07854337990283966,0.4399999976158142,0.5162000060081482
YNR038W,YGL116W,0,-0.3689132,0.07852935791015625,0.4399999976158142,0.5163000226020813
YLR401C,YPR124W,0,-0.36905795,0.07851534336805344,0.4399999976158142,0.5163999795913696
YBR164C,YBR026C,0,-0.36908808,0.07850133627653122,0.4399999976158142,0.5164999961853027
YHL009C,YGL071W,1,-0.36909172,0.07866571843624115,0.4410000145435333,0.5164999961853027
YGR134W,YOL065C,0,-0.36911944,0.07865168899297714,0.4410000145435333,0.5166000127792358
YNL136W,YGR116W,0,-0.36915335,0.07863765954971313,0.4410000145435333,0.516700029373169
YBR193C,YOR338W,0,-0.36927336,0.07862363755702972,0.4410000145435333,0.5167999863624573
YPR168W,YFL003C,0,-0.3693338,0.07860962301492691,0.4410000145435333,0.5169000029563904
YKL043W,YPL128C,1,-0.36935642,0.07877383381128311,0.44200000166893005,0.5169000029563904
YPR036W,YGL051W,0,-0.36951897,0.07875979691743851,0.44200000166893005,0.5170000195503235
YPL276W,YOR239W,0,-0.36962342,0.0787457674741745,0.44200000166893005,0.5170999765396118
YMR308C,YER190W,0,-0.36967975,0.07873174548149109,0.44200000166893005,0.5171999931335449
YNL287W,YGR116W,0,-0.36983106,0.07871772348880768,0.44200000166893005,0.517300009727478
YHR118C,YJR105W,0,-0.36985034,0.07870370149612427,0.44200000166893005,0.5174000263214111
YPL248C,YLR013W,1,-0.36990705,0.07886772602796555,0.4429999887943268,0.5174000263214111
YKL088W,YIL052C,0,-0.37001926,0.07885368168354034,0.4429999887943268,0.5174999833106995
YBR182C,YML076C,1,-0.3701039,0.07901761680841446,0.4440000057220459,0.5174999833106995
YBR223C,YPL021W,0,-0.37015998,0.07900355756282806,0.4440000057220459,0.5175999999046326
YGL181W,YGL142C,0,-0.3702224,0.07898950576782227,0.4440000057220459,0.5177000164985657
YHR165C,YBL004W,0,-0.37024277,0.07897545397281647,0.4440000057220459,0.517799973487854
YLR221C,YPL209C,0,-0.3702549,0.07896140962839127,0.4440000057220459,0.5178999900817871
YFL011W,YLR166C,0,-0.37036738,0.07894736528396606,0.4440000057220459,0.5180000066757202
YML031W,YNL197C,0,-0.370447,0.07893333584070206,0.4440000057220459,0.5181000232696533
YPL270W,YCR089W,0,-0.37049198,0.07891930639743805,0.4440000057220459,0.5181999802589417
YDL077C,YPL161C,0,-0.37050685,0.07890527695417404,0.4440000057220459,0.5182999968528748
YBR010W,YER109C,0,-0.3705295,0.07889125496149063,0.4440000057220459,0.5184000134468079
YLR410W,YEL050C,0,-0.3706515,0.07887724041938782,0.4440000057220459,0.5184999704360962
YHR124W,YDR151C,1,-0.3706951,0.07904085516929626,0.4449999928474426,0.5184999704360962
YMR016C,YDR216W,1,-0.3706966,0.07920440286397934,0.44600000977516174,0.5184999704360962
YOR130C,YCL039W,0,-0.37080416,0.07919034361839294,0.44600000977516174,0.5185999870300293
YCR106W,YDR501W,1,-0.3708515,0.07935380935668945,0.44699999690055847,0.5185999870300293
YIL066C,YGR060W,0,-0.37089285,0.07933972030878067,0.44699999690055847,0.5187000036239624
YOL002C,YOR321W,0,-0.3710421,0.07932564616203308,0.44699999690055847,0.5188000202178955
YCL011C,YJR083C,0,-0.37108716,0.07931157201528549,0.44699999690055847,0.5188999772071838
YLR214W,YML092C,0,-0.3711538,0.0792974978685379,0.44699999690055847,0.5189999938011169
YDR096W,YER111C,1,-0.37126866,0.07946079969406128,0.4480000138282776,0.5189999938011169
YPR073C,YMR182C,0,-0.37128103,0.0794467106461525,0.4480000138282776,0.51910001039505
YOR344C,YLR014C,1,-0.37131932,0.0796099305152893,0.4490000009536743,0.51910001039505
YDR255C,YKL208W,0,-0.3714286,0.07959581911563873,0.4490000009536743,0.5192000269889832
YKL073W,YBL099W,0,-0.37145147,0.07958170771598816,0.4490000009536743,0.5192999839782715
YPL248C,YEL009C,1,-0.37149692,0.07974481582641602,0.44999998807907104,0.5192999839782715
YNL113W,YLR256W,0,-0.37150475,0.07973068952560425,0.44999998807907104,0.5194000005722046
YCR005C,YLR259C,0,-0.37154725,0.07971656322479248,0.44999998807907104,0.5195000171661377
YGL030W,YNL008C,0,-0.3716091,0.07970244437456131,0.44999998807907104,0.519599974155426
YHR143W-A,YER133W,0,-0.37163088,0.07968833297491074,0.44999998807907104,0.5196999907493591
YPL244C,YML114C,0,-0.37168086,0.07967422157526016,0.44999998807907104,0.5198000073432922
YDR460W,YDR424C,0,-0.3716881,0.07966011762619019,0.44999998807907104,0.5199000239372253
YHR005C,YOL135C,0,-0.37177363,0.0796460211277008,0.44999998807907104,0.5199999809265137
YAL029C,YLR448W,0,-0.3718329,0.07963192462921143,0.44999998807907104,0.5200999975204468
YGR258C,YGR008C,0,-0.37185636,0.07961783558130264,0.44999998807907104,0.5202000141143799
YDR448W,YLR166C,0,-0.3719162,0.07960374653339386,0.44999998807907104,0.5202999711036682
YIL103W,YGR185C,0,-0.37196633,0.07958967238664627,0.44999998807907104,0.5203999876976013
YOR347C,YOL069W,0,-0.37197876,0.07957559823989868,0.44999998807907104,0.5205000042915344
YLR016C,YBR198C,0,-0.37203553,0.07956152409315109,0.44999998807907104,0.5206000208854675
YMR112C,YDR022C,0,-0.37211874,0.0795474648475647,0.44999998807907104,0.5206999778747559
YGR046W,YDL004W,0,-0.37231448,0.0795334056019783,0.44999998807907104,0.520799994468689
YOL055C,YLR032W,0,-0.37244204,0.0795193463563919,0.44999998807907104,0.5209000110626221
YER035W,YNL209W,0,-0.3724567,0.0795053020119667,0.44999998807907104,0.5210000276565552
YPL174C,YDL088C,0,-0.37254247,0.0794912576675415,0.44999998807907104,0.5210999846458435
YDL036C,YPR165W,0,-0.37260494,0.0794772133231163,0.44999998807907104,0.5212000012397766
YCR047C,YBR216C,0,-0.37265754,0.0794631838798523,0.44999998807907104,0.5213000178337097
YGL187C,YKR057W,0,-0.37269244,0.07944915443658829,0.44999998807907104,0.521399974822998
YML029W,YEL020W-A,0,-0.37271157,0.07943512499332428,0.44999998807907104,0.5214999914169312
YOR254C,YLR220W,0,-0.37277943,0.07942111045122147,0.44999998807907104,0.5216000080108643
YPR173C,YGL207W,0,-0.37279096,0.07940709590911865,0.44999998807907104,0.5217000246047974
YIL063C,YGL222C,0,-0.37281814,0.07939308136701584,0.44999998807907104,0.5217999815940857
YPL228W,YFR009W,0,-0.37283885,0.07937908172607422,0.44999998807907104,0.5218999981880188
YER088C,YIR011C,0,-0.3729563,0.0793650820851326,0.44999998807907104,0.5220000147819519
YDR299W,YML016C,0,-0.37301248,0.07935108244419098,0.44999998807907104,0.5220999717712402
YCL075W,YPL129W,0,-0.37304023,0.07933709770441055,0.44999998807907104,0.5221999883651733
YBR182C,YDR096W,1,-0.3731263,0.07949938625097275,0.45100000500679016,0.5221999883651733
YOR363C,YKL079W,0,-0.3731549,0.07948537170886993,0.45100000500679016,0.5223000049591064
YOR373W,YHR129C,0,-0.37325862,0.07947136461734772,0.45100000500679016,0.5224000215530396
YGR288W,YOR380W,1,-0.37334874,0.07963354140520096,0.4519999921321869,0.5224000215530396
YDR435C,YMR092C,0,-0.37344974,0.07961951941251755,0.4519999921321869,0.5224999785423279
YDR238C,YKL042W,0,-0.37346527,0.07960549741983414,0.4519999921321869,0.522599995136261
YPL128C,YFL031W,1,-0.373472,0.07976756244897842,0.453000009059906,0.522599995136261
YOL129W,YIL056W,0,-0.37350032,0.07975351810455322,0.453000009059906,0.5227000117301941
YML132W,YBL084C,0,-0.37351692,0.07973948121070862,0.453000009059906,0.5228000283241272
YMR136W,YPL133C,1,-0.37352493,0.07990144193172455,0.45399999618530273,0.5228000283241272
YGL227W,YOR371C,0,-0.3735498,0.07988738268613815,0.45399999618530273,0.5228999853134155
YOL002C,YJL178C,0,-0.37359005,0.07987333089113235,0.45399999618530273,0.5230000019073486
YNR064C,YHR170W,0,-0.3736489,0.07985927909612656,0.45399999618530273,0.5231000185012817
YFL026W,YIR006C,0,-0.37366486,0.07984523475170135,0.45399999618530273,0.5231999754905701
YKL203C,YJL168C,0,-0.37373468,0.07983119040727615,0.45399999618530273,0.5232999920845032
YLR350W,YNL262W,0,-0.3737464,0.07981716096401215,0.45399999618530273,0.5234000086784363
YNL287W,YJR033C,0,-0.37382647,0.07980313152074814,0.45399999618530273,0.5235000252723694
YHR001W,YJL207C,0,-0.37386072,0.07978910207748413,0.45399999618530273,0.5235999822616577
YJL071W,YHR091C,0,-0.3739394,0.07977508008480072,0.45399999618530273,0.5236999988555908
YER015W,YGR245C,0,-0.37398195,0.0797610655426979,0.45399999618530273,0.5238000154495239
YDR165W,YFR002W,0,-0.3740131,0.07974705845117569,0.45399999618530273,0.5238999724388123
YNL275W,YNL079C,0,-0.3740659,0.07973305135965347,0.45399999618530273,0.5239999890327454
YER171W,YOR011W,0,-0.3741354,0.07971905171871185,0.45399999618530273,0.5241000056266785
YBR153W,YOR018W,0,-0.37416318,0.07970505952835083,0.45399999618530273,0.5242000222206116
YNL242W,YNL327W,0,-0.37435648,0.07969106733798981,0.45399999618530273,0.5242999792098999
YJL010C,YAL030W,0,-0.37439469,0.07967708259820938,0.45399999618530273,0.524399995803833
YGR128C,YNL111C,0,-0.37453046,0.07966309785842896,0.45399999618530273,0.5245000123977661
YML123C,YGR212W,0,-0.37472582,0.07964912056922913,0.45399999618530273,0.5246000289916992
YMR037C,YGR249W,1,-0.374727,0.07981055974960327,0.45500001311302185,0.5246000289916992
YLR447C,YDR143C,0,-0.37476492,0.07979656010866165,0.45500001311302185,0.5246999859809875
YGR163W,YBR172C,0,-0.37477234,0.07978256791830063,0.45500001311302185,0.5248000025749207
YMR301C,YBR298C,0,-0.3748596,0.0797685831785202,0.45500001311302185,0.5249000191688538
YDR080W,YNR013C,0,-0.3748722,0.07975459843873978,0.45500001311302185,0.5249999761581421
YEL057C,YPR082C,0,-0.37511384,0.07974062114953995,0.45500001311302185,0.5250999927520752
YER036C,YDR057W,0,-0.3751389,0.07972665131092072,0.45500001311302185,0.5252000093460083
YMR190C,YMR065W,0,-0.37521872,0.07971268147230148,0.45500001311302185,0.5253000259399414
YDR260C,YER125W,0,-0.3752233,0.07969871908426285,0.45500001311302185,0.5253999829292297
YDR058C,YNL251C,0,-0.37522417,0.07968476414680481,0.45500001311302185,0.5254999995231628
YPL138C,YLL003W,0,-0.37526104,0.07967080920934677,0.45500001311302185,0.525600016117096
YFL031W,YGR249W,1,-0.3753639,0.07983193546533585,0.4560000002384186,0.525600016117096
YNL023C,YLR183C,1,-0.3753717,0.07999300211668015,0.4569999873638153,0.525600016117096
YHR008C,YCR028C,0,-0.37540612,0.07997900247573853,0.4569999873638153,0.5256999731063843
YPR121W,YER161C,0,-0.3754407,0.0799650028347969,0.4569999873638153,0.5257999897003174
YNL329C,YCR073C,0,-0.37544814,0.07995101809501648,0.4569999873638153,0.5259000062942505
YDR101C,YKR022C,0,-0.37545672,0.07993703335523605,0.4569999873638153,0.5260000228881836
YPL128C,YPL248C,1,-0.37547812,0.08009793609380722,0.4580000042915344,0.5260000228881836
YOL122C,YCL052C,0,-0.37555453,0.080083929002285,0.4580000042915344,0.5260999798774719
YCR106W,YEL009C,1,-0.37577298,0.0802447572350502,0.45899999141693115,0.5260999798774719
YNL275W,YDL111C,0,-0.37587902,0.0802307277917862,0.45899999141693115,0.526199996471405
YML098W,YPL171C,0,-0.3759013,0.08021670579910278,0.45899999141693115,0.5263000130653381
YBR068C,YBR112C,0,-0.37600204,0.08020269125699997,0.45899999141693115,0.5264000296592712
YJL191W,YLR361C,0,-0.37605584,0.08018867671489716,0.45899999141693115,0.5264999866485596
YGL092W,YGR057C,0,-0.37605634,0.08017466962337494,0.45899999141693115,0.5266000032424927
YGL246C,YCR058C,0,-0.37607262,0.08016066998243332,0.45899999141693115,0.5267000198364258
YDR240C,YPL255W,0,-0.37609482,0.0801466703414917,0.45899999141693115,0.5267999768257141
YLL036C,YDR093W,0,-0.37615824,0.08013267815113068,0.45899999141693115,0.5268999934196472
YNL098C,YLR381W,0,-0.3761886,0.08011869341135025,0.45899999141693115,0.5270000100135803
YDL126C,YNL312W,0,-0.37620148,0.08010470867156982,0.45899999141693115,0.5271000266075134
YHR164C,YDR295C,0,-0.37621775,0.08009073138237,0.45899999141693115,0.5271999835968018
YBR211C,YNR010W,0,-0.37635103,0.08007676154375076,0.45899999141693115,0.5273000001907349
YGL208W,YIL037C,0,-0.37641105,0.08006279170513153,0.45899999141693115,0.527400016784668
YML120C,YDR320C,0,-0.37651566,0.0800488293170929,0.45899999141693115,0.5274999737739563
YGR033C,YHL034C,0,-0.37657192,0.08003487437963486,0.45899999141693115,0.5275999903678894
YGR046W,YNL209W,0,-0.3765752,0.08002091944217682,0.45899999141693115,0.5277000069618225
YER036C,YBR195C,0,-0.37666726,0.08000697195529938,0.45899999141693115,0.5278000235557556
YAL038W,YLR222C,0,-0.37669644,0.07999303191900253,0.45899999141693115,0.527899980545044
YGR212W,YBR079C,0,-0.37671047,0.07997909188270569,0.45899999141693115,0.527999997138977
YDL065C,YKL150W,0,-0.37678698,0.07996515929698944,0.45899999141693115,0.5281000137329102
YCR002C,YIL030C,0,-0.37697902,0.0799512267112732,0.45899999141693115,0.5281999707221985
YLR377C,YDR098C,0,-0.37698242,0.07993730157613754,0.45899999141693115,0.5282999873161316
YML132W,YDR439W,0,-0.37699214,0.07992338389158249,0.45899999141693115,0.5284000039100647
YOR028C,YML042W,0,-0.3771895,0.07990947365760803,0.45899999141693115,0.5285000205039978
YFR001W,YOR123C,0,-0.37722483,0.07989556342363358,0.45899999141693115,0.5285999774932861
YER075C,YBL011W,0,-0.3773281,0.07988165318965912,0.45899999141693115,0.5286999940872192
YLR226W,YDR453C,0,-0.37733135,0.07986775785684586,0.45899999141693115,0.5288000106811523
YDR421W,YOR212W,0,-0.37735802,0.07985386252403259,0.45899999141693115,0.5289000272750854
YFR034C,YOR032C,1,-0.37736335,0.08001391589641571,0.46000000834465027,0.5289000272750854
YNL307C,YPR054W,0,-0.37744254,0.07999999821186066,0.46000000834465027,0.5289999842643738
YGR212W,YPR016C,0,-0.37750873,0.0799860879778862,0.46000000834465027,0.5291000008583069
YHL009C,YDR216W,1,-0.37751156,0.08014603704214096,0.460999995470047,0.5291000008583069
YGR261C,YJL087C,0,-0.37754786,0.08013210445642471,0.460999995470047,0.52920001745224
YDR071C,YHL031C,0,-0.37755477,0.08011817932128906,0.460999995470047,0.5292999744415283
YNL072W,YHR079C,0,-0.37760833,0.08010425418615341,0.460999995470047,0.5293999910354614
YLL043W,YOR185C,0,-0.3776345,0.08009034395217896,0.460999995470047,0.5295000076293945
YKR024C,YER162C,0,-0.37763834,0.0800764262676239,0.460999995470047,0.5296000242233276
YLR045C,YOR198C,0,-0.37766176,0.08006252348423004,0.460999995470047,0.529699981212616
YNR038W,YOL109W,0,-0.37766367,0.08004862070083618,0.460999995470047,0.5297999978065491
YJL194W,YLR238W,0,-0.37768102,0.08003472536802292,0.460999995470047,0.5299000144004822
YDR284C,YJR021C,0,-0.3777106,0.08002083003520966,0.460999995470047,0.5299999713897705
YLL034C,YCR094W,0,-0.3777148,0.08000694215297699,0.460999995470047,0.5300999879837036
YBL097W,YPL096W,0,-0.3778381,0.07999306172132492,0.460999995470047,0.5302000045776367
YLR148W,YDL132W,0,-0.3778986,0.07997918128967285,0.460999995470047,0.5303000211715698
YDR456W,YBR136W,0,-0.37790978,0.07996530830860138,0.460999995470047,0.5303999781608582
YLR384C,YIR028W,0,-0.3779231,0.0799514427781105,0.460999995470047,0.5304999947547913
YCL025C,YDL164C,0,-0.37796792,0.07993757724761963,0.460999995470047,0.5306000113487244
YPR132W,YLR176C,0,-0.37800905,0.07992371916770935,0.460999995470047,0.5307000279426575
YMR096W,YOL042W,0,-0.37801626,0.07990986108779907,0.460999995470047,0.5307999849319458
YML016C,YPL265W,0,-0.37805307,0.07989601045846939,0.460999995470047,0.5309000015258789
YNL023C,YFR034C,1,-0.378134,0.08005545288324356,0.4620000123977661,0.5309000015258789
YLR079W,YOR007C,0,-0.3782303,0.08004157990217209,0.4620000123977661,0.531000018119812
YIL016W,YOL013C,0,-0.37832347,0.08002771437168121,0.4620000123977661,0.5310999751091003
YOR100C,YDR252W,0,-0.3785965,0.08001385629177094,0.4620000123977661,0.5311999917030334
YPL221W,YBR061C,0,-0.37861374,0.07999999821186066,0.4620000123977661,0.5313000082969666
YOR127W,YGL144C,0,-0.3786365,0.07998614758253098,0.4620000123977661,0.5314000248908997
YOL111C,YDL077C,0,-0.37864733,0.07997230440378189,0.4620000123977661,0.531499981880188
YDR260C,YIL117C,0,-0.37872788,0.0799584612250328,0.4620000123977661,0.5315999984741211
YMR149W,YLR394W,0,-0.37886164,0.07994462549686432,0.4620000123977661,0.5317000150680542
YJL139C,YCR053W,0,-0.37890023,0.07993079721927643,0.4620000123977661,0.5317999720573425
YKL052C,YLR035C,0,-0.3789033,0.07991696894168854,0.4620000123977661,0.5318999886512756
YMR216C,YGL070C,0,-0.37890697,0.07990314811468124,0.4620000123977661,0.5320000052452087
YGR249W,YHR084W,1,-0.3789769,0.08006224781274796,0.46299999952316284,0.5320000052452087
YDR174W,YPL169C,0,-0.37901205,0.08004841208457947,0.46299999952316284,0.5321000218391418
YER041W,YDR027C,0,-0.37906563,0.08003456890583038,0.46299999952316284,0.5321999788284302
YGR288W,YDL020C,1,-0.37915638,0.08019357174634933,0.46399998664855957,0.5321999788284302
YOL111C,YDL159W,0,-0.3791695,0.08017971366643906,0.46399998664855957,0.5322999954223633
YOL088C,YLL034C,0,-0.37928793,0.08016586303710938,0.46399998664855957,0.5324000120162964
YBL041W,YKL042W,0,-0.37931317,0.0801520124077797,0.46399998664855957,0.5325000286102295
YDR165W,YPR167C,0,-0.37934646,0.08013816922903061,0.46399998664855957,0.5325999855995178
YBR066C,YJL052W,0,-0.379409,0.08012433350086212,0.46399998664855957,0.5327000021934509
YCR033W,YNL138W,0,-0.37953803,0.08011049777269363,0.46399998664855957,0.532800018787384
YDL047W,YNL218W,0,-0.37959483,0.08009666949510574,0.46399998664855957,0.5328999757766724
YDR432W,YGR177C,0,-0.37961403,0.08008284121751785,0.46399998664855957,0.5329999923706055
YEL042W,YDR106W,0,-0.37969914,0.08006902784109116,0.46399998664855957,0.5331000089645386
YER040W,YOR344C,1,-0.37971267,0.08022774010896683,0.4650000035762787,0.5331000089645386
YER094C,YOL094C,0,-0.37979847,0.08021390438079834,0.4650000035762787,0.5332000255584717
YHR191C,YLR081W,0,-0.37991482,0.08020006865262985,0.4650000035762787,0.53329998254776
YAL024C,YDR523C,0,-0.37992412,0.08018624037504196,0.4650000035762787,0.5333999991416931
YGL155W,YGR040W,0,-0.37996414,0.08017241209745407,0.4650000035762787,0.5335000157356262
YOR185C,YML124C,0,-0.3800209,0.08015859127044678,0.4650000035762787,0.5335999727249146
YGR157W,YGL192W,0,-0.38002962,0.08014477789402008,0.4650000035762787,0.5336999893188477
YMR164C,YPL270W,0,-0.38006228,0.08013096451759338,0.4650000035762787,0.5338000059127808
YBR193C,YGL192W,0,-0.38006902,0.08011715859174728,0.4650000035762787,0.5339000225067139
YOL095C,YDR013W,0,-0.38007614,0.08010336011648178,0.4650000035762787,0.5339999794960022
YNL313C,YDR324C,0,-0.38016883,0.08008956164121628,0.4650000035762787,0.5340999960899353
YAL022C,YKR022C,0,-0.38030228,0.08007577061653137,0.4650000035762787,0.5342000126838684
YIL017C,YJR013W,0,-0.38050357,0.08006198704242706,0.4650000035762787,0.5343000292778015
YIL056W,YDL022W,0,-0.38050568,0.08004820346832275,0.4650000035762787,0.5343999862670898
YGL073W,YHR084W,1,-0.38053027,0.08020654320716858,0.4659999907016754,0.5343999862670898
YIL131C,YOR067C,0,-0.3805978,0.08019273728132248,0.4659999907016754,0.534500002861023
YGR010W,YOR011W,0,-0.380612,0.08017893880605698,0.4659999907016754,0.534600019454956
YBL105C,YBR055C,0,-0.38078454,0.08016514778137207,0.4659999907016754,0.5346999764442444
YFR050C,YDR317W,0,-0.3808093,0.08015135675668716,0.4659999907016754,0.5347999930381775
YBR132C,YFR048W,0,-0.3808383,0.08013757318258286,0.4659999907016754,0.5349000096321106
YKL020C,YIR011C,0,-0.38085252,0.08012379705905914,0.4659999907016754,0.5350000262260437
YML107C,YJR102C,0,-0.3809023,0.08011002093553543,0.4659999907016754,0.535099983215332
YAL021C,YER126C,0,-0.380904,0.08009625226259232,0.4659999907016754,0.5351999998092651
YOR349W,YCR060W,0,-0.38090822,0.0800824910402298,0.4659999907016754,0.5353000164031982
YBR042C,YGL222C,0,-0.3810467,0.08006872981786728,0.4659999907016754,0.5353999733924866
YML016C,YMR273C,0,-0.38124478,0.08005497604608536,0.4659999907016754,0.5354999899864197
YER005W,YPL274W,0,-0.38125393,0.08004122227430344,0.4659999907016754,0.5356000065803528
YFL026W,YOR295W,0,-0.3812779,0.08002747595310211,0.4659999907016754,0.5357000231742859
YKL190W,YLR394W,0,-0.38149673,0.08001373708248138,0.4659999907016754,0.5357999801635742
YLR032W,YNL264C,0,-0.38154596,0.07999999821186066,0.4659999907016754,0.5358999967575073
YPR032W,YLR066W,0,-0.3815887,0.07998626679182053,0.4659999907016754,0.5360000133514404
YGL190C,YNL015W,0,-0.38169292,0.07997254282236099,0.4659999907016754,0.5360999703407288
YDR331W,YHR031C,0,-0.3818025,0.07995881885290146,0.4659999907016754,0.5361999869346619
YNL325C,YCL038C,0,-0.38187945,0.07994510233402252,0.4659999907016754,0.536300003528595
YAL026C,YOR037W,0,-0.38190264,0.07993138581514359,0.4659999907016754,0.5364000201225281
YNL325C,YDL085W,0,-0.38193288,0.07991768419742584,0.4659999907016754,0.5364999771118164
YGR152C,YLR313C,0,-0.38194543,0.0799039751291275,0.4659999907016754,0.5365999937057495
YHR042W,YCL017C,0,-0.38196155,0.07989028096199036,0.4659999907016754,0.5367000102996826
YLL056C,YKR097W,0,-0.3821394,0.07987658679485321,0.4659999907016754,0.5368000268936157
YAL020C,YOL164W,0,-0.38215598,0.07986289262771606,0.4659999907016754,0.536899983882904
YML041C,YOL124C,0,-0.38244775,0.07984921336174011,0.4659999907016754,0.5370000004768372
YDR407C,YLR114C,0,-0.38247713,0.07983553409576416,0.4659999907016754,0.5371000170707703
YOR266W,YDL004W,0,-0.38249898,0.07982185482978821,0.4659999907016754,0.5371999740600586
YAL012W,YLR113W,0,-0.38251147,0.07980818301439285,0.4659999907016754,0.5372999906539917
YLR242C,YKL110C,0,-0.38257918,0.0797945186495781,0.4659999907016754,0.5374000072479248
YPR168W,YDL098C,0,-0.38259196,0.07978086173534393,0.4659999907016754,0.5375000238418579
YNL250W,YNL273W,0,-0.38260427,0.07976720482110977,0.4659999907016754,0.5375999808311462
YDR421W,YNL164C,0,-0.3827288,0.07975354790687561,0.4659999907016754,0.5376999974250793
YDR022C,YCL059C,0,-0.3827661,0.07973990589380264,0.4659999907016754,0.5378000140190125
YJR053W,YFR013W,0,-0.38278326,0.07972626388072968,0.4659999907016754,0.5378999710083008
YDL022W,YDL102W,0,-0.38300568,0.07971262186765671,0.4659999907016754,0.5379999876022339
YMR268C,YLR086W,0,-0.38305038,0.07969898730516434,0.4659999907016754,0.538100004196167
YNL216W,YFL031W,1,-0.38315704,0.07985635846853256,0.46700000762939453,0.538100004196167
YJR068W,YNL274C,0,-0.38316658,0.079842709004879,0.46700000762939453,0.5382000207901001
YIR033W,YDR492W,0,-0.38319203,0.07982905954122543,0.46700000762939453,0.5382999777793884
YOR002W,YDL148C,0,-0.38336146,0.07981541752815247,0.46700000762939453,0.5383999943733215
YPL159C,YBL069W,0,-0.38343477,0.0798017755150795,0.46700000762939453,0.5385000109672546
YBL009W,YDR011W,0,-0.3835604,0.07978814095258713,0.46700000762939453,0.5386000275611877
YNL328C,YHR034C,0,-0.38356405,0.07977451384067535,0.46700000762939453,0.5386999845504761
YJL053W,YEL069C,0,-0.38360623,0.07976088672876358,0.46700000762939453,0.5388000011444092
YGR199W,YOR172W,0,-0.3836675,0.0797472670674324,0.46700000762939453,0.5389000177383423
YML112W,YER017C,0,-0.3837729,0.07973365485668182,0.46700000762939453,0.5389999747276306
YGL253W,YGL075C,0,-0.38387135,0.07972004264593124,0.46700000762939453,0.5390999913215637
YJR064W,YNL038W,0,-0.38397273,0.07970643788576126,0.46700000762939453,0.5392000079154968
YDR238C,YPL135W,0,-0.38398814,0.07969283312559128,0.46700000762939453,0.5393000245094299
YIL122W,YNL221C,0,-0.38399926,0.07967923581600189,0.46700000762939453,0.5393999814987183
YEL054C,YDR456W,0,-0.3841532,0.0796656459569931,0.46700000762939453,0.5394999980926514
YCR072C,YDL130W,0,-0.38425055,0.07965205609798431,0.46700000762939453,0.5396000146865845
YJL134W,YOR178C,0,-0.3843146,0.07963847368955612,0.46700000762939453,0.5396999716758728
YML116W,YOL112W,0,-0.3843577,0.07962489128112793,0.46700000762939453,0.5397999882698059
YER013W,YCR037C,0,-0.38443232,0.07961131632328033,0.46700000762939453,0.539900004863739
YOL060C,YDR227W,0,-0.38448712,0.07959774881601334,0.46700000762939453,0.5400000214576721
YHR186C,YLR079W,0,-0.38455874,0.07958418875932693,0.46700000762939453,0.5400999784469604
YPR140W,YLL011W,0,-0.38463148,0.07957062870264053,0.46700000762939453,0.5401999950408936
YGR108W,YIL079C,0,-0.38463295,0.07955706864595413,0.46700000762939453,0.5403000116348267
YMR231W,YGL061C,0,-0.38463682,0.07954351603984833,0.46700000762939453,0.5404000282287598
YLR153C,YML105C,0,-0.38472757,0.07952997088432312,0.46700000762939453,0.5404999852180481
YDR306C,YKL141W,0,-0.38490444,0.07951643317937851,0.46700000762939453,0.5406000018119812
YIL075C,YFR013W,0,-0.38497806,0.0795028954744339,0.46700000762939453,0.5407000184059143
YDL170W,YMR016C,1,-0.38505247,0.07965957373380661,0.46799999475479126,0.5407000184059143
YOR153W,YMR231W,0,-0.38516667,0.0796460211277008,0.46799999475479126,0.5407999753952026
YFL005W,YKL008C,0,-0.38520974,0.079632468521595,0.46799999475479126,0.5408999919891357
YDR216W,YEL009C,1,-0.38525978,0.07978904247283936,0.4690000116825104,0.5408999919891357
YML102W,YNL280C,0,-0.38532934,0.07977547496557236,0.4690000116825104,0.5410000085830688
YBR182C,YIR013C,1,-0.3853641,0.07993197441101074,0.4699999988079071,0.5410000085830688
YBR021W,YJL033W,0,-0.3854119,0.07991838455200195,0.4699999988079071,0.541100025177002
YMR192W,YGL075C,0,-0.3855026,0.07990479469299316,0.4699999988079071,0.5411999821662903
YDR407C,YAL013W,0,-0.3855038,0.07989121228456497,0.4699999988079071,0.5412999987602234
YEL015W,YDR022C,0,-0.3855317,0.07987763732671738,0.4699999988079071,0.5414000153541565
YHR039C,YGL222C,0,-0.38558578,0.07986406236886978,0.4699999988079071,0.5414999723434448
YNL282W,YLR453C,0,-0.38560233,0.07985049486160278,0.4699999988079071,0.5415999889373779
YDR188W,YER104W,0,-0.38569668,0.07983692735433578,0.4699999988079071,0.541700005531311
YNL023C,YGL254W,1,-0.38570496,0.07999320328235626,0.47099998593330383,0.541700005531311
YFR027W,YGR010W,0,-0.38577345,0.07997962087392807,0.47099998593330383,0.5418000221252441
YKL101W,YEL026W,0,-0.38582358,0.07996604591608047,0.47099998593330383,0.5418999791145325
YBL008W,YPL265W,0,-0.3858252,0.07995247095823288,0.47099998593330383,0.5419999957084656
YLR148W,YJL065C,0,-0.38586026,0.07993890345096588,0.47099998593330383,0.5421000123023987
YGL212W,YBR065C,0,-0.38598868,0.07992533594369888,0.47099998593330383,0.5422000288963318
YMR047C,YNL062C,0,-0.38621706,0.07991177588701248,0.47099998593330383,0.5422999858856201
YOR143C,YJL087C,0,-0.38622525,0.07989821583032608,0.47099998593330383,0.5424000024795532
YKL112W,YGL071W,1,-0.38644883,0.08005427569150925,0.47200000286102295,0.5424000024795532
YBR257W,YPL271W,0,-0.38646564,0.08004070073366165,0.47200000286102295,0.5425000190734863
YJL058C,YNL330C,0,-0.38647637,0.08002712577581406,0.47200000286102295,0.5425999760627747
YLR075W,YLR011W,0,-0.386498,0.08001355826854706,0.47200000286102295,0.5426999926567078
YNL080C,YDL111C,0,-0.3865718,0.07999999821186066,0.47200000286102295,0.5428000092506409
YKL043W,YHR124W,1,-0.38674268,0.08015590906143188,0.4729999899864197,0.5428000092506409
YKL112W,YMR037C,1,-0.38679367,0.08031176030635834,0.4740000069141388,0.5428000092506409
YJL042W,YGR170W,0,-0.3868216,0.08029815554618835,0.4740000069141388,0.542900025844574
YNL090W,YHR066W,0,-0.3868272,0.08028455078601837,0.4740000069141388,0.5429999828338623
YHR007C,YGL032C,0,-0.3869548,0.08027095347642899,0.4740000069141388,0.5430999994277954
YGR040W,YML094W,0,-0.3871414,0.0802573636174202,0.4740000069141388,0.5432000160217285
YML093W,YKR065C,0,-0.38717905,0.080243781208992,0.4740000069141388,0.5432999730110168
YMR035W,YDR106W,0,-0.38720962,0.08023019880056381,0.4740000069141388,0.54339998960495
YDR021W,YLR047C,0,-0.38723165,0.08021661639213562,0.4740000069141388,0.5435000061988831
YOR182C,YPR095C,0,-0.38725117,0.08020304888486862,0.4740000069141388,0.5436000227928162
YDR375C,YJR049C,0,-0.3873745,0.08018947392702103,0.4740000069141388,0.5436999797821045
YDR299W,YPL096W,0,-0.38743916,0.08017591387033463,0.4740000069141388,0.5437999963760376
YNL290W,YER026C,0,-0.3875527,0.08016235381364822,0.4740000069141388,0.5439000129699707
YER006W,YDL085W,0,-0.38757026,0.08014880120754242,0.4740000069141388,0.5440000295639038
YBL003C,YMR072W,0,-0.38757905,0.08013524860143661,0.4740000069141388,0.5440999865531921
YGL251C,YLR430W,0,-0.3876073,0.08012170344591141,0.4740000069141388,0.5442000031471252
YOR143C,YMR092C,0,-0.38777074,0.0801081657409668,0.4740000069141388,0.5443000197410583
YDR170C,YCR028C-A,0,-0.38788202,0.08009462803602219,0.4740000069141388,0.5443999767303467
YNL327W,YOL158C,0,-0.38788733,0.08008109778165817,0.4740000069141388,0.5444999933242798
YHR052W,YNL304W,0,-0.38789716,0.08006756752729416,0.4740000069141388,0.5446000099182129
YBR297W,YIR013C,1,-0.38790867,0.08022293448448181,0.4749999940395355,0.5446000099182129
YNL142W,YCR084C,0,-0.38795725,0.0802093893289566,0.4749999940395355,0.544700026512146
YGR074W,YIL077C,0,-0.38803723,0.0801958441734314,0.4749999940395355,0.5447999835014343
YGR212W,YML052W,0,-0.3880889,0.08018230646848679,0.4749999940395355,0.5449000000953674
YER190W,YFR008W,0,-0.38812658,0.08016877621412277,0.4749999940395355,0.5450000166893005
YGL071W,YGL096W,1,-0.38815704,0.08032399415969849,0.47600001096725464,0.5450000166893005
YDL116W,YNL251C,0,-0.3881685,0.08031044155359268,0.47600001096725464,0.5450999736785889
YLR376C,YLR224W,0,-0.38823864,0.08029689639806747,0.47600001096725464,0.545199990272522
YIL052C,YIL065C,0,-0.38824067,0.08028335124254227,0.47600001096725464,0.5453000068664551
YLR026C,YGR109C,0,-0.38827646,0.08026981353759766,0.47600001096725464,0.5454000234603882
YGR257C,YMR241W,0,-0.38844338,0.08025628328323364,0.47600001096725464,0.5454999804496765
YKL194C,YLR216C,0,-0.38845643,0.08024275302886963,0.47600001096725464,0.5455999970436096
YDL004W,YCR075C,0,-0.38845667,0.08022922277450562,0.47600001096725464,0.5457000136375427
YPL128C,YGR249W,1,-0.38852125,0.08038422465324402,0.47699999809265137,0.5457000136375427
YML062C,YDR227W,0,-0.3885217,0.08037067949771881,0.47699999809265137,0.545799970626831
YGL071W,YDR501W,1,-0.38852924,0.08052560687065125,0.4779999852180481,0.545799970626831
YGR072W,YDR245W,0,-0.3885423,0.08051204681396484,0.4779999852180481,0.5458999872207642
YNR011C,YIL036W,0,-0.38856152,0.08049848675727844,0.4779999852180481,0.5460000038146973
YBR265W,YGR183C,0,-0.38865077,0.08048492670059204,0.4779999852180481,0.5461000204086304
YOR217W,YLR435W,0,-0.38877174,0.08047138154506683,0.4779999852180481,0.5461999773979187
YNR026C,YMR008C,0,-0.38879332,0.08045783638954163,0.4779999852180481,0.5462999939918518
YJR007W,YKL025C,0,-0.38883764,0.08044429123401642,0.4779999852180481,0.5464000105857849
YLR346C,YLR086W,0,-0.38895196,0.0804307609796524,0.4779999852180481,0.546500027179718
YGL067W,YGR109C,0,-0.38899586,0.08041723072528839,0.4779999852180481,0.5465999841690063
YER148W,YJL133W,0,-0.38913113,0.08040370047092438,0.4779999852180481,0.5467000007629395
YML088W,YDR421W,0,-0.38915125,0.08039017766714096,0.4779999852180481,0.5468000173568726
YGL047W,YIL097W,0,-0.38925573,0.08037666231393814,0.4779999852180481,0.5468999743461609
YNL131W,YHR082C,0,-0.38929805,0.08036314696073532,0.4779999852180481,0.546999990940094
YJR153W,YDR148C,0,-0.3893678,0.0803496390581131,0.4779999852180481,0.5471000075340271
YPL012W,YPL110C,0,-0.38938648,0.08033613115549088,0.4779999852180481,0.5472000241279602
YLR318W,YDR075W,0,-0.3893944,0.08032263815402985,0.4779999852180481,0.5472999811172485
YCR084C,YMR184W,0,-0.38947427,0.08030913770198822,0.4779999852180481,0.5473999977111816
YML109W,YDR116C,0,-0.3894987,0.08029565215110779,0.4779999852180481,0.5475000143051147
YPL175W,YPL028W,0,-0.3895285,0.08028216660022736,0.4779999852180481,0.5475999712944031
YMR044W,YER031C,0,-0.38953078,0.08026868104934692,0.4779999852180481,0.5476999878883362
YGR033C,YLR045C,0,-0.38967052,0.08025520294904709,0.4779999852180481,0.5478000044822693
YJL093C,YPL011C,0,-0.38976368,0.08024173229932785,0.4779999852180481,0.5479000210762024
YJR033C,YLR075W,0,-0.38976768,0.08022826164960861,0.4779999852180481,0.5479999780654907
YGR258C,YAL035W,0,-0.3897819,0.08021479845046997,0.4779999852180481,0.5480999946594238
YBR214W,YLR051C,0,-0.38982943,0.08020134270191193,0.4779999852180481,0.5482000112533569
YLR172C,YOR178C,0,-0.38983986,0.08018788695335388,0.4779999852180481,0.54830002784729
YOL066C,YBR171W,0,-0.38997206,0.08017443865537643,0.4779999852180481,0.5483999848365784
YOR275C,YDR469W,0,-0.3899886,0.08016099035739899,0.4779999852180481,0.5485000014305115
YPR042C,YGR118W,0,-0.3900546,0.08014754951000214,0.4779999852180481,0.5486000180244446
YHR124W,YOR344C,1,-0.39016852,0.08030176162719727,0.4790000021457672,0.5486000180244446
YMR186W,YGR213C,0,-0.3901955,0.08028829842805862,0.4790000021457672,0.5486999750137329
YGR041W,YAR014C,0,-0.39026394,0.08027484267950058,0.4790000021457672,0.548799991607666
YMR078C,YGL070C,0,-0.3903279,0.08026139438152313,0.4790000021457672,0.5489000082015991
YBR179C,YNL261W,0,-0.3903898,0.08024794608354568,0.4790000021457672,0.5490000247955322
YIL046W,YMR029C,0,-0.39039946,0.08023450523614883,0.4790000021457672,0.5490999817848206
YNL131W,YGL029W,0,-0.39040977,0.08022107183933258,0.4790000021457672,0.5491999983787537
YJL054W,YLR043C,0,-0.39043337,0.08020763844251633,0.4790000021457672,0.5493000149726868
YGR128C,YNL274C,0,-0.3905637,0.08019420504570007,0.4790000021457672,0.5493999719619751
YLR153C,YOR147W,0,-0.3905784,0.08018078655004501,0.4790000021457672,0.5494999885559082
YBR066C,YDR027C,0,-0.39073607,0.08016736060380936,0.4790000021457672,0.5496000051498413
YLR427W,YDR331W,0,-0.39078203,0.0801539495587349,0.4790000021457672,0.5497000217437744
YER040W,YKL043W,1,-0.3908089,0.08030784875154495,0.47999998927116394,0.5497000217437744
YMR037C,YFL031W,1,-0.39083004,0.08046169579029083,0.48100000619888306,0.5497000217437744
YGR041W,YOR267C,0,-0.39087757,0.08044823259115219,0.48100000619888306,0.5497999787330627
YGL254W,YLR183C,1,-0.39088783,0.0806020051240921,0.4819999933242798,0.5497999787330627
YCL035C,YOL066C,0,-0.390888,0.08058852702379227,0.4819999933242798,0.5498999953269958
YJL054W,YBR040W,0,-0.3908932,0.08057505637407303,0.4819999933242798,0.550000011920929
YBR022W,YPR074C,0,-0.3910055,0.08056159317493439,0.4819999933242798,0.5501000285148621
YGL012W,YLR131C,0,-0.3911356,0.08054812997579575,0.4819999933242798,0.5501999855041504
YKL208W,YIL103W,0,-0.39116994,0.0805346667766571,0.4819999933242798,0.5503000020980835
YDR451C,YBR274W,0,-0.39126125,0.08052121847867966,0.4819999933242798,0.5504000186920166
YOR316C,YGL065C,0,-0.39143768,0.08050777018070221,0.4819999933242798,0.5504999756813049
YLR329W,YBR020W,0,-0.39145926,0.08049432188272476,0.4819999933242798,0.550599992275238
YFL031W,YHR084W,1,-0.39154497,0.08064785599708557,0.4830000102519989,0.550599992275238
YER174C,YOL038W,0,-0.39158186,0.08063439279794693,0.4830000102519989,0.5507000088691711
YOL127W,YBL025W,0,-0.3917013,0.08062092959880829,0.4830000102519989,0.5508000254631042
YJL198W,YGR179C,0,-0.39171264,0.08060747385025024,0.4830000102519989,0.5508999824523926
YPR138C,YJR137C,0,-0.39173022,0.0805940255522728,0.4830000102519989,0.5509999990463257
YHR206W,YGR249W,1,-0.39175868,0.08074741065502167,0.48399999737739563,0.5509999990463257
YAL026C,YMR246W,0,-0.39176303,0.08073394745588303,0.48399999737739563,0.5511000156402588
YLR328W,YLR090W,0,-0.39185736,0.08072047680616379,0.48399999737739563,0.5511999726295471
YJL005W,YGL223C,0,-0.39195153,0.08070702105760574,0.48399999737739563,0.5512999892234802
YPL106C,YDR060W,0,-0.39198855,0.0806935653090477,0.48399999737739563,0.5514000058174133
YIL110W,YNL326C,0,-0.39201674,0.08068011701107025,0.48399999737739563,0.5515000224113464
YKL140W,YMR065W,0,-0.39209,0.0806666687130928,0.48399999737739563,0.5515999794006348
YHL009C,YGR249W,1,-0.39216986,0.08081986010074615,0.48500001430511475,0.5515999794006348
YKL081W,YBR136W,0,-0.39222267,0.08080639690160751,0.48500001430511475,0.5516999959945679
YBR130C,YPR057W,0,-0.39224845,0.08079293370246887,0.48500001430511475,0.551800012588501
YER083C,YOR354C,0,-0.39247438,0.08077947795391083,0.48500001430511475,0.5519000291824341
YDR532C,YCR028C-A,0,-0.3924879,0.08076602965593338,0.48500001430511475,0.5519999861717224
YDL135C,YML042W,0,-0.3925059,0.08075258135795593,0.48500001430511475,0.5521000027656555
YPR016C,YJL128C,0,-0.3925245,0.08073914051055908,0.48500001430511475,0.5522000193595886
YHR163W,YLR453C,0,-0.3926403,0.08072569966316223,0.48500001430511475,0.552299976348877
YOR160W,YMR299C,0,-0.39267442,0.08071226626634598,0.48500001430511475,0.5523999929428101
YDR449C,YOL086C,0,-0.39269975,0.08069883286952972,0.48500001430511475,0.5525000095367432
YER111C,YLR183C,1,-0.39271542,0.08085177093744278,0.4860000014305115,0.5525000095367432
YLR466W,YNL270C,0,-0.39274892,0.08083832263946533,0.4860000014305115,0.5526000261306763
YGR060W,YDR404C,0,-0.39279464,0.08082488179206848,0.4860000014305115,0.5526999831199646
YBL051C,YDR027C,0,-0.3927961,0.08081144094467163,0.4860000014305115,0.5527999997138977
YIL017C,YDR424C,0,-0.3928213,0.08079800754785538,0.4860000014305115,0.5529000163078308
YPR067W,YER126C,0,-0.39288673,0.08078457415103912,0.4860000014305115,0.5529999732971191
YGL244W,YHR026W,0,-0.39292884,0.08077114820480347,0.4860000014305115,0.5530999898910522
YLR172C,YNL032W,0,-0.3930312,0.08075772970914841,0.4860000014305115,0.5532000064849854
YKL015W,YHR058C,0,-0.3930343,0.08074431121349335,0.4860000014305115,0.5533000230789185
YMR190C,YGL143C,0,-0.39306206,0.08073090016841888,0.4860000014305115,0.5533999800682068
YJR089W,YGR109C,0,-0.39311835,0.08071748912334442,0.4860000014305115,0.5534999966621399
YJL090C,YDL232W,0,-0.39320233,0.08070408552885056,0.4860000014305115,0.553600013256073
YGR089W,YOR181W,0,-0.39325264,0.08069068938493729,0.4860000014305115,0.5536999702453613
YHR039C,YGR220C,0,-0.3932689,0.08067729324102402,0.4860000014305115,0.5537999868392944
YDR299W,YPL255W,0,-0.39329776,0.08066389709711075,0.4860000014305115,0.5539000034332275
YGL096W,YGL254W,1,-0.39334038,0.08081646263599396,0.4869999885559082,0.5539000034332275
YMR280C,YOL034W,0,-0.393452,0.0808030515909195,0.4869999885559082,0.5540000200271606
YLR003C,YBR254C,0,-0.39354625,0.08078964799642563,0.4869999885559082,0.554099977016449
YML103C,YDL060W,0,-0.3935582,0.08077625185251236,0.4869999885559082,0.5541999936103821
YBR129C,YDR192C,0,-0.39358816,0.08076285570859909,0.4869999885559082,0.5543000102043152
YHR027C,YNL318C,0,-0.39373806,0.08074945956468582,0.4869999885559082,0.5544000267982483
YBR020W,YAL021C,0,-0.3937398,0.08073607087135315,0.4869999885559082,0.5544999837875366
YHR124W,YLR183C,1,-0.39387566,0.08088845014572144,0.4880000054836273,0.5544999837875366
YDR448W,YGR109C,0,-0.39392382,0.08087503910064697,0.4880000054836273,0.5546000003814697
YPL160W,YAR031W,0,-0.3939391,0.0808616429567337,0.4880000054836273,0.5547000169754028
YIL080W,YPL244C,0,-0.39395222,0.08084824681282043,0.4880000054836273,0.5547999739646912
YKR003W,YKR031C,0,-0.39404526,0.08083485066890717,0.4880000054836273,0.5548999905586243
YPL248C,YFL031W,1,-0.3940669,0.08098708093166351,0.48899999260902405,0.5548999905586243
YNL004W,YJL128C,0,-0.3940951,0.08097366988658905,0.48899999260902405,0.5550000071525574
YNL264C,YLR158C,0,-0.39415613,0.08096026629209518,0.48899999260902405,0.5551000237464905
YDR096W,YDR501W,1,-0.3942481,0.08111239969730377,0.49000000953674316,0.5551000237464905
YMR053C,YJL104W,0,-0.39432865,0.08109897375106812,0.49000000953674316,0.5551999807357788
YOR344C,YOR032C,1,-0.39434758,0.08125103265047073,0.4909999966621399,0.5551999807357788
YNL131W,YER127W,0,-0.39437655,0.08123759180307388,0.4909999966621399,0.5552999973297119
YDL132W,YDR264C,0,-0.39438096,0.08122415095567703,0.4909999966621399,0.555400013923645
YNL297C,YPL161C,0,-0.39438647,0.08121071755886078,0.4909999966621399,0.5554999709129333
YKL112W,YOR344C,1,-0.3943895,0.08136265724897385,0.492000013589859,0.5554999709129333
YPR111W,YPR165W,0,-0.394392,0.0813492089509964,0.492000013589859,0.5555999875068665
YNL271C,YOR025W,0,-0.39440432,0.08133576065301895,0.492000013589859,0.5557000041007996
YLR107W,YDR272W,0,-0.3945969,0.0813223123550415,0.492000013589859,0.5558000206947327
YBR169C,YGL120C,0,-0.3946312,0.08130887150764465,0.492000013589859,0.555899977684021
YGR004W,YKL178C,0,-0.39465222,0.0812954381108284,0.492000013589859,0.5559999942779541
YPL051W,YDR121W,0,-0.394829,0.08128201216459274,0.492000013589859,0.5561000108718872
YKL213C,YNL007C,0,-0.39484736,0.08126858621835709,0.492000013589859,0.5562000274658203
YNL192W,YGL122C,0,-0.3948858,0.08125516027212143,0.492000013589859,0.5562999844551086
YML021C,YJL209W,0,-0.39502463,0.08124174177646637,0.492000013589859,0.5564000010490417
YDR398W,YKL042W,0,-0.3950621,0.0812283307313919,0.492000013589859,0.5565000176429749
YNL133C,YIL154C,0,-0.39510927,0.08121491968631744,0.492000013589859,0.5565999746322632
YLR020C,YGL180W,0,-0.39513093,0.08120151609182358,0.492000013589859,0.5566999912261963
YPL002C,YNL231C,0,-0.39514634,0.08118811994791031,0.492000013589859,0.5568000078201294
YIL122W,YCR010C,0,-0.39525047,0.08117472380399704,0.492000013589859,0.5569000244140625
YBL061C,YPR010C,0,-0.3952975,0.08116133511066437,0.492000013589859,0.5569999814033508
YAL034W-A,YLR066W,0,-0.39536622,0.0811479464173317,0.492000013589859,0.5570999979972839
YOR338W,YPR086W,0,-0.3954645,0.08113456517457962,0.492000013589859,0.557200014591217
YCL069W,YKL092C,0,-0.39555335,0.08112118393182755,0.492000013589859,0.5572999715805054
YCR052W,YOL164W,0,-0.39560533,0.08110781759023666,0.492000013589859,0.5573999881744385
YOL077C,YMR204C,0,-0.39570943,0.08109444379806519,0.492000013589859,0.5575000047683716
YAL009W,YCL026C-A,0,-0.39585802,0.0810810774564743,0.492000013589859,0.5576000213623047
YPL085W,YJR031C,0,-0.39586577,0.08106771856546402,0.492000013589859,0.557699978351593
YOL042W,YLR214W,0,-0.39602473,0.08105436712503433,0.492000013589859,0.5577999949455261
YPR100W,YDR339C,0,-0.39602634,0.08104101568460464,0.492000013589859,0.5579000115394592
YDL117W,YDL134C,0,-0.39625934,0.08102767169475555,0.492000013589859,0.5580000281333923
YGL200C,YMR241W,0,-0.39635077,0.08101432770490646,0.492000013589859,0.5580999851226807
YHR083W,YLR023C,0,-0.39641166,0.08100099116563797,0.492000013589859,0.5582000017166138
YEL063C,YDR184C,0,-0.39641294,0.08098765462636948,0.492000013589859,0.5583000183105469
YBL041W,YPL139C,0,-0.39642382,0.08097432553768158,0.492000013589859,0.5583999752998352
YIR009W,YPL122C,0,-0.3964316,0.08096100389957428,0.492000013589859,0.5584999918937683
YIL056W,YJL065C,0,-0.39645442,0.08094768226146698,0.492000013589859,0.5586000084877014
YDL100C,YGL213C,0,-0.3965982,0.08093436062335968,0.492000013589859,0.5587000250816345
YDR345C,YHL031C,0,-0.39668235,0.08092105388641357,0.492000013589859,0.5587999820709229
YDR096W,YMR136W,1,-0.3966855,0.08107218891382217,0.49300000071525574,0.5587999820709229
YHR091C,YJR022W,0,-0.39674932,0.08105885982513428,0.49300000071525574,0.558899998664856
YDL170W,YOR380W,1,-0.39678693,0.0812099277973175,0.49399998784065247,0.558899998664856
YGL005C,YJL198W,0,-0.39679652,0.08119658380746841,0.49399998784065247,0.5590000152587891
YER111C,YHR206W,1,-0.39681903,0.08134757727384567,0.4950000047683716,0.5590000152587891
YLR234W,YDR103W,0,-0.3970531,0.08133421093225479,0.4950000047683716,0.5590999722480774
YML042W,YKL004W,0,-0.397068,0.08132084459066391,0.4950000047683716,0.5591999888420105
YDL022W,YML032C,0,-0.39721376,0.08130749315023422,0.4950000047683716,0.5593000054359436
YMR047C,YGR267C,0,-0.3972999,0.08129413425922394,0.4950000047683716,0.5594000220298767
YKL134C,YPR183W,0,-0.39731994,0.08128079026937485,0.4950000047683716,0.559499979019165
YGR284C,YJR090C,0,-0.39733952,0.08126744627952576,0.4950000047683716,0.5595999956130981
YOR316C,YHR006W,0,-0.39737427,0.08125410228967667,0.4950000047683716,0.5597000122070312
YNL186W,YAL031C,0,-0.39737576,0.08124076575040817,0.4950000047683716,0.5598000288009644
YNL292W,YML049C,0,-0.39739493,0.08122743666172028,0.4950000047683716,0.5598999857902527
YKL134C,YDL036C,0,-0.39741808,0.08121410757303238,0.4950000047683716,0.5600000023841858
YIL098C,YGR156W,0,-0.39741835,0.08120078593492508,0.4950000047683716,0.5601000189781189
YBL008W,YOR076C,0,-0.39758685,0.08118747174739838,0.4950000047683716,0.5601999759674072
YLR328W,YKL140W,0,-0.39768618,0.08117415755987167,0.4950000047683716,0.5602999925613403
YBR065C,YNL071W,0,-0.39771643,0.08116084337234497,0.4950000047683716,0.5604000091552734
YNL094W,YFL023W,0,-0.39776525,0.08114754408597946,0.4950000047683716,0.5605000257492065
YHR186C,YML038C,0,-0.39784324,0.08113423734903336,0.4950000047683716,0.5605999827384949
YNL248C,YBR009C,0,-0.3978822,0.08112094551324844,0.4950000047683716,0.560699999332428
YPL149W,YGR060W,0,-0.39794585,0.08110765367746353,0.4950000047683716,0.5608000159263611
YHL031C,YML130C,0,-0.39813635,0.08109436184167862,0.4950000047683716,0.5608999729156494
YER024W,YJR153W,0,-0.39820603,0.0810810774564743,0.4950000047683716,0.5609999895095825
YPR110C,YOR076C,0,-0.3982801,0.08106780052185059,0.4950000047683716,0.5611000061035156
YEL009C,YPL133C,1,-0.39831716,0.08121827244758606,0.4959999918937683,0.5611000061035156
YPL128C,YOR032C,1,-0.3983227,0.08136869966983795,0.4970000088214874,0.5611000061035156
YKL204W,YPL096W,0,-0.39835587,0.08135537803173065,0.4970000088214874,0.5612000226974487
YDL113C,YLR047C,0,-0.3984094,0.08134206384420395,0.4970000088214874,0.5612999796867371
YOR245C,YKR086W,0,-0.39852723,0.08132874965667725,0.4970000088214874,0.5613999962806702
YOR217W,YMR030W,0,-0.39854285,0.08131544291973114,0.4970000088214874,0.5615000128746033
YOR233W,YNL049C,0,-0.39858085,0.08130214363336563,0.4970000088214874,0.5616000294685364
YPL112C,YAL032C,0,-0.39866364,0.08128884434700012,0.4970000088214874,0.5616999864578247
YDL170W,YDR151C,1,-0.3986957,0.08143908530473709,0.49799999594688416,0.5616999864578247
YNL119W,YCR012W,0,-0.39878717,0.08142577111721039,0.49799999594688416,0.5618000030517578
YIR021W,YNR034W,0,-0.39887452,0.08141245692968369,0.49799999594688416,0.5619000196456909
YMR079W,YMR275C,0,-0.398963,0.08139915019273758,0.49799999594688416,0.5619999766349792
YDR135C,YMR207C,0,-0.39897767,0.08138585090637207,0.49799999594688416,0.5620999932289124
YLR390W-A,YPL138C,0,-0.399002,0.08137255162000656,0.49799999594688416,0.5622000098228455
YMR014W,YGL001C,0,-0.39920658,0.08135925233364105,0.49799999594688416,0.5623000264167786
YER036C,YDR098C,0,-0.3993048,0.08134596794843674,0.49799999594688416,0.5623999834060669
YOL086C,YDR101C,0,-0.39931068,0.08133268356323242,0.49799999594688416,0.5625
YGR078C,YBL084C,0,-0.3993174,0.0813193991780281,0.49799999594688416,0.5626000165939331
YDR118W,YDL226C,0,-0.3993381,0.08130612224340439,0.49799999594688416,0.5626999735832214
YEL009C,YOR032C,1,-0.3994709,0.08145608752965927,0.49900001287460327,0.5626999735832214
YHR186C,YNL227C,0,-0.3995336,0.08144279569387436,0.49900001287460327,0.5627999901771545
YNL023C,YGR249W,1,-0.3995902,0.08159268647432327,0.5,0.5627999901771545
YBR020W,YPL096W,0,-0.39968374,0.08157937973737717,0.5,0.5629000067710876
YGR002C,YML013W,0,-0.39971435,0.08156606554985046,0.5,0.5630000233650208
YGR044C,YLL060C,0,-0.39971507,0.08155276626348495,0.5,0.5630999803543091
YJR105W,YGR143W,0,-0.39971966,0.08153946697711945,0.5,0.5631999969482422
YOL122C,YHR074W,0,-0.3997511,0.08152616769075394,0.5,0.5633000135421753
YBR024W,YDR115W,0,-0.3997631,0.08151287585496902,0.5,0.5633999705314636
YGR042W,YPL031C,0,-0.3999058,0.08149959146976471,0.5,0.5634999871253967
YJL074C,YHR048W,0,-0.3999162,0.0814863070845604,0.5,0.5636000037193298
YCR012W,YGL014W,0,-0.400058,0.08147303014993668,0.5,0.5637000203132629
YBR276C,YGL078C,0,-0.40007046,0.08145976066589355,0.5,0.5637999773025513
YAL015C,YJR093C,0,-0.40019557,0.08144649118185043,0.5,0.5638999938964844
YGR218W,YGR230W,0,-0.40025026,0.08143322169780731,0.5,0.5640000104904175
YDL015C,YLR186W,0,-0.40032503,0.08141996711492538,0.5,0.5641000270843506
YDR206W,YJL209W,0,-0.4004754,0.08140670508146286,0.5,0.5641999840736389
YPR143W,YEL071W,0,-0.40048876,0.08139345794916153,0.5,0.564300000667572
YLR071C,YJL201W,0,-0.40062928,0.0813802108168602,0.5,0.5644000172615051
YDR260C,YLR286C,0,-0.4006574,0.08136696368455887,0.5,0.5644999742507935
YMR219W,YOR269W,0,-0.40070406,0.08135372400283813,0.5,0.5645999908447266
YGL096W,YHR178W,1,-0.40077963,0.08150317519903183,0.5009999871253967,0.5645999908447266
YGL241W,YGL068W,0,-0.4007903,0.0814899131655693,0.5009999871253967,0.5647000074386597
YBR015C,YLR005W,0,-0.40087667,0.08147666603326797,0.5009999871253967,0.5648000240325928
YJL110C,YLR013W,1,-0.40095803,0.08162601292133331,0.5019999742507935,0.5648000240325928
YJR043C,YPL139C,0,-0.40098697,0.08161274343729019,0.5019999742507935,0.5648999810218811
YNL288W,YJL138C,0,-0.40098852,0.08159948140382767,0.5019999742507935,0.5649999976158142
YKR052C,YDR324C,0,-0.40103564,0.08158621937036514,0.5019999742507935,0.5651000142097473
YNL297C,YDL008W,0,-0.40108326,0.08157295733690262,0.5019999742507935,0.5651999711990356
YLR110C,YDR121W,0,-0.40108752,0.08155971020460129,0.5019999742507935,0.5652999877929688
YDL212W,YOR068C,0,-0.40116867,0.08154645562171936,0.5019999742507935,0.5654000043869019
YDL213C,YDR498C,0,-0.40130836,0.08153321593999863,0.5019999742507935,0.565500020980835
YNR016C,YKL152C,0,-0.40142512,0.0815199762582779,0.5019999742507935,0.5655999779701233
YGR101W,YKL140W,0,-0.40144226,0.08150673657655716,0.5019999742507935,0.5656999945640564
YAL011W,YDR453C,0,-0.40158734,0.08149350434541702,0.5019999742507935,0.5658000111579895
YHR200W,YLR206W,0,-0.4016156,0.08148027956485748,0.5019999742507935,0.5659000277519226
YOL121C,YOR284W,0,-0.4018091,0.08146705478429794,0.5019999742507935,0.5659999847412109
YDR170C,YOL104C,0,-0.40184304,0.081453837454319,0.5019999742507935,0.566100001335144
YHR058C,YLR224W,0,-0.4018479,0.08144062012434006,0.5019999742507935,0.5662000179290771
YDR060W,YGL014W,0,-0.4018495,0.08142741024494171,0.5019999742507935,0.5662999749183655
YIL051C,YNR044W,0,-0.4020395,0.08141420781612396,0.5019999742507935,0.5663999915122986
YOL128C,YJL065C,0,-0.40205148,0.08140100538730621,0.5019999742507935,0.5665000081062317
YCL061C,YNR013C,0,-0.40216175,0.08138781040906906,0.5019999742507935,0.5666000247001648
YNL084C,YHR034C,0,-0.40218574,0.08137461543083191,0.5019999742507935,0.5666999816894531
YPR072W,YNL236W,0,-0.4022006,0.08136142790317535,0.5019999742507935,0.5667999982833862
YMR039C,YDR296W,0,-0.4022576,0.0813482403755188,0.5019999742507935,0.5669000148773193
YIR006C,YMR197C,0,-0.40229598,0.08133506029844284,0.5019999742507935,0.5669999718666077
YPR143W,YOL156W,0,-0.40230852,0.08132188767194748,0.5019999742507935,0.5670999884605408
YLR346C,YGL143C,0,-0.4023933,0.08130871504545212,0.5019999742507935,0.5672000050544739
YDL160C,YDR108W,0,-0.40242797,0.08129554986953735,0.5019999742507935,0.567300021648407
YER040W,YHR084W,1,-0.40260208,0.08144430071115494,0.503000020980835,0.567300021648407
YPL200W,YER001W,0,-0.40267646,0.08143111318349838,0.503000020980835,0.5673999786376953
YBR231C,YDL111C,0,-0.402927,0.08141793310642242,0.503000020980835,0.5674999952316284
YOR194C,YMR156C,0,-0.40293154,0.08140476047992706,0.503000020980835,0.5676000118255615
YKL022C,YIL065C,0,-0.4029487,0.0813915878534317,0.503000020980835,0.5677000284194946
YDR013W,YNL202W,0,-0.40301052,0.08137841522693634,0.503000020980835,0.567799985408783
YBR193C,YGR005C,0,-0.40309456,0.08136525750160217,0.503000020980835,0.5679000020027161
YKR089C,YDL085W,0,-0.40318188,0.08135209232568741,0.503000020980835,0.5680000185966492
YOR308C,YKL170W,0,-0.40332273,0.08133894205093384,0.503000020980835,0.5680999755859375
YMR079W,YIR008C,0,-0.4033231,0.08132579177618027,0.503000020980835,0.5681999921798706
YML098W,YNR057C,0,-0.40344137,0.0813126415014267,0.503000020980835,0.5683000087738037
YER015W,YBR098W,0,-0.40347853,0.08129949867725372,0.503000020980835,0.5684000253677368
YKL176C,YLR016C,0,-0.40361556,0.08128636330366135,0.503000020980835,0.5684999823570251
YCL029C,YLL040C,0,-0.4036182,0.08127322793006897,0.503000020980835,0.5685999989509583
YML048W,YOR320C,0,-0.40363467,0.08126010000705719,0.503000020980835,0.5687000155448914
YKL141W,YDR153C,0,-0.40366784,0.08124697208404541,0.503000020980835,0.5687999725341797
YHR152W,YJR108W,0,-0.40370816,0.08123385161161423,0.503000020980835,0.5688999891281128
YBL019W,YDR320C,0,-0.40374234,0.08122073113918304,0.503000020980835,0.5690000057220459
YHR158C,YNR044W,0,-0.40386796,0.08120761811733246,0.503000020980835,0.569100022315979
YLR423C,YGL155W,0,-0.4039593,0.08119451254606247,0.503000020980835,0.5691999793052673
YNL291C,YPR133W-A,0,-0.40396294,0.08118140697479248,0.503000020980835,0.5692999958992004
YAL025C,YGR261C,0,-0.40406558,0.08116830885410309,0.503000020980835,0.5694000124931335
YOL076W,YHR061C,0,-0.40411842,0.0811552107334137,0.503000020980835,0.5695000290870667
YPL046C,YHL003C,0,-0.40416843,0.0811421200633049,0.503000020980835,0.569599986076355
YJL104W,YML127W,0,-0.40429363,0.0811290293931961,0.503000020980835,0.5697000026702881
YML059C,YDR300C,0,-0.40437308,0.08111594617366791,0.503000020980835,0.5698000192642212
YLL034C,YPL243W,0,-0.40450156,0.0811028704047203,0.503000020980835,0.5698999762535095
YPR070W,YML091C,0,-0.40451902,0.0810897946357727,0.503000020980835,0.5699999928474426
YML019W,YHR011W,0,-0.40460682,0.0810767263174057,0.503000020980835,0.5701000094413757
YLR319C,YPR201W,0,-0.40480486,0.0810636579990387,0.503000020980835,0.5702000260353088
YNL053W,YCL059C,0,-0.40481457,0.08105059713125229,0.503000020980835,0.5702999830245972
YGR191W,YGR142W,0,-0.40483925,0.08103753626346588,0.503000020980835,0.5703999996185303
YOL111C,YMR299C,0,-0.40483996,0.08102448284626007,0.503000020980835,0.5705000162124634
YNL116W,YOR232W,0,-0.40484884,0.08101143687963486,0.503000020980835,0.5705999732017517
YDR353W,YJR059W,0,-0.40490088,0.08099839091300964,0.503000020980835,0.5706999897956848
YCL069W,YDR320C,0,-0.40495285,0.08098534494638443,0.503000020980835,0.5708000063896179
YER036C,YDR147W,0,-0.4049717,0.08097231388092041,0.503000020980835,0.570900022983551
YER087C-B,YNR052C,0,-0.40509006,0.0809592753648758,0.503000020980835,0.5709999799728394
YCL063W,YBL042C,0,-0.40512,0.08094625174999237,0.503000020980835,0.5710999965667725
YNR015W,YPL112C,0,-0.4051621,0.08093322813510895,0.503000020980835,0.5712000131607056
YBR278W,YMR069W,0,-0.40518418,0.08092020452022552,0.503000020980835,0.5713000297546387
YDL020C,YKL062W,1,-0.40518513,0.08106803894042969,0.5040000081062317,0.5713000297546387
YNR006W,YKR061W,0,-0.40518883,0.08105500042438507,0.5040000081062317,0.571399986743927
YGL122C,YLL026W,0,-0.40524182,0.08104196935892105,0.5040000081062317,0.5715000033378601
YBR297W,YCR106W,1,-0.40526667,0.08118970692157745,0.5049999952316284,0.5715000033378601
YKL032C,YPL200W,0,-0.4052731,0.08117666095495224,0.5049999952316284,0.5716000199317932
YHR077C,YOL026C,0,-0.40537378,0.08116361498832703,0.5049999952316284,0.5716999769210815
YIL142W,YEL002C,0,-0.40537602,0.08115056902170181,0.5049999952316284,0.5717999935150146
YML031W,YKL032C,0,-0.40539005,0.0811375305056572,0.5049999952316284,0.5719000101089478
YBR297W,YIL101C,1,-0.40575626,0.08128514140844345,0.5059999823570251,0.5719000101089478
YCR047C,YNL153C,0,-0.40591604,0.08127208799123764,0.5059999823570251,0.5720000267028809
YML085C,YBR244W,0,-0.40593985,0.08125903457403183,0.5059999823570251,0.5720999836921692
YDL128W,YML094W,0,-0.40615898,0.08124598860740662,0.5059999823570251,0.5722000002861023
YMR319C,YDL098C,0,-0.40618744,0.0812329426407814,0.5059999823570251,0.5723000168800354
YBL033C,YNL025C,0,-0.406204,0.08121990412473679,0.5059999823570251,0.5723999738693237
YLR266C,YMR104C,0,-0.40628037,0.08120686560869217,0.5059999823570251,0.5724999904632568
YOL128C,YPL047W,0,-0.40631357,0.08119383454322815,0.5059999823570251,0.5726000070571899
YIL124W,YNL053W,0,-0.4063209,0.08118081092834473,0.5059999823570251,0.572700023651123
YDL020C,YLR013W,1,-0.4063885,0.08132819831371307,0.5070000290870667,0.572700023651123
YLR067C,YLR015W,0,-0.4064085,0.08131515979766846,0.5070000290870667,0.5727999806404114
YER166W,YJL104W,0,-0.40650532,0.08130211383104324,0.5070000290870667,0.5728999972343445
YDL244W,YPR122W,0,-0.4069231,0.08128908276557922,0.5070000290870667,0.5730000138282776
YCL016C,YBL084C,0,-0.40704003,0.0812760517001152,0.5070000290870667,0.5730999708175659
YBR132C,YML123C,0,-0.4070802,0.08126302063465118,0.5070000290870667,0.573199987411499
YAL012W,YLR438C-A,0,-0.40718913,0.08124999701976776,0.5070000290870667,0.5733000040054321
YMR037C,YGL254W,1,-0.4072395,0.08139721304178238,0.5080000162124634,0.5733000040054321
YIR009W,YMR073C,0,-0.40724912,0.08138417452573776,0.5080000162124634,0.5734000205993652
YHR090C,YPL098C,0,-0.40725496,0.08137113600969315,0.5080000162124634,0.5734999775886536
YKL085W,YMR001C,0,-0.4073256,0.08135810494422913,0.5080000162124634,0.5735999941825867
YPL144W,YBR009C,0,-0.40743062,0.0813450738787651,0.5080000162124634,0.5737000107765198
YPL026C,YJR043C,0,-0.40747142,0.08133205026388168,0.5080000162124634,0.5738000273704529
YKL189W,YHR170W,0,-0.4075065,0.08131903409957886,0.5080000162124634,0.5738999843597412
YGR288W,YGL096W,1,-0.40754095,0.08146607130765915,0.5090000033378601,0.5738999843597412
YMR167W,YDR492W,0,-0.40756163,0.08145303279161453,0.5090000033378601,0.5740000009536743
YGR048W,YDR273W,0,-0.40758064,0.08144000172615051,0.5090000033378601,0.5741000175476074
YER127W,YOR201C,0,-0.40763327,0.08142697066068649,0.5090000033378601,0.5741999745368958
YBR275C,YLR216C,0,-0.4076589,0.08141394704580307,0.5090000033378601,0.5742999911308289
YHR181W,YCR010C,0,-0.40771607,0.08140093088150024,0.5090000033378601,0.574400007724762
YDR023W,YHL007C,0,-0.40777925,0.08138791471719742,0.5090000033378601,0.5745000243186951
YGR286C,YLR141W,0,-0.40783295,0.08137489855289459,0.5090000033378601,0.5745999813079834
YMR216C,YIL119C,0,-0.40785414,0.08136188983917236,0.5090000033378601,0.5746999979019165
YLR002C,YDL236W,0,-0.40788677,0.08134888857603073,0.5090000033378601,0.5748000144958496
YHR005C-A,YHR108W,0,-0.40789586,0.0813358873128891,0.5090000033378601,0.5748999714851379
YLR293C,YLR210W,0,-0.4079239,0.08132289350032806,0.5090000033378601,0.574999988079071
YMR129W,YML052W,0,-0.40796497,0.08130990713834763,0.5090000033378601,0.5751000046730042
YOR290C,YGL253W,0,-0.40799788,0.08129692077636719,0.5090000033378601,0.5752000212669373
YDL243C,YJR076C,0,-0.4081327,0.08128393441438675,0.5090000033378601,0.5752999782562256
YNL046W,YJL165C,0,-0.40833172,0.08127095550298691,0.5090000033378601,0.5753999948501587
YML021C,YDL120W,0,-0.40846288,0.08125798404216766,0.5090000033378601,0.5755000114440918
YJL026W,YBR171W,0,-0.40857306,0.08124501258134842,0.5090000033378601,0.5756000280380249
YOR089C,YPR033C,0,-0.40861577,0.08123204857110977,0.5090000033378601,0.5756999850273132
YGL073W,YOR380W,1,-0.40875015,0.08137865364551544,0.5099999904632568,0.5756999850273132
YNL001W,YOR150W,0,-0.4090252,0.081365667283535,0.5099999904632568,0.5758000016212463
YLR466W,YDL207W,0,-0.4091077,0.08135268837213516,0.5099999904632568,0.5759000182151794
YIL009W,YDL111C,0,-0.4091559,0.08133970946073532,0.5099999904632568,0.5759999752044678
YLR023C,YPL274W,0,-0.4092218,0.08132674545049667,0.5099999904632568,0.5760999917984009
YPL149W,YHR204W,0,-0.40927044,0.08131377398967743,0.5099999904632568,0.576200008392334
YLR284C,YOR216C,0,-0.40932646,0.08130080997943878,0.5099999904632568,0.5763000249862671
YJL080C,YML046W,0,-0.4094115,0.08128785341978073,0.5099999904632568,0.5763999819755554
YFL005W,YKL194C,0,-0.40941462,0.08127489686012268,0.5099999904632568,0.5764999985694885
YKL014C,YHL031C,0,-0.4094427,0.08126194775104523,0.5099999904632568,0.5766000151634216
YAL024C,YBR253W,0,-0.40950188,0.08124900609254837,0.5099999904632568,0.57669997215271
YLR263W,YOR356W,0,-0.40950605,0.08123606443405151,0.5099999904632568,0.5767999887466431
YGR030C,YNL164C,0,-0.4095237,0.08122312277555466,0.5099999904632568,0.5769000053405762
YLR226W,YKR052C,0,-0.40955767,0.0812101885676384,0.5099999904632568,0.5770000219345093
YIR011C,YCR067C,0,-0.40957364,0.08119726181030273,0.5099999904632568,0.5770999789237976
YOR116C,YDR272W,0,-0.4097263,0.08118433505296707,0.5099999904632568,0.5771999955177307
YCR053W,YPL122C,0,-0.40973547,0.081171415746212,0.5099999904632568,0.5773000121116638
YOR244W,YLR026C,0,-0.40974528,0.08115849643945694,0.5099999904632568,0.5774000287055969
YPL120W,YKR009C,0,-0.4097569,0.08114558458328247,0.5099999904632568,0.5774999856948853
YMR037C,YOR032C,1,-0.40978482,0.08129175752401352,0.5109999775886536,0.5774999856948853
YLR069C,YJL062W,0,-0.40981767,0.08127883076667786,0.5109999775886536,0.5776000022888184
YHR058C,YMR204C,0,-0.40993825,0.0812659040093422,0.5109999775886536,0.5777000188827515
YNR015W,YFR055W,0,-0.41003212,0.08125298470258713,0.5109999775886536,0.5777999758720398
YHL027W,YDR310C,0,-0.4101005,0.08124006539583206,0.5109999775886536,0.5778999924659729
YMR097C,YML038C,0,-0.41012192,0.08122715353965759,0.5109999775886536,0.578000009059906
YGR178C,YNL317W,0,-0.41023225,0.08121424168348312,0.5109999775886536,0.5781000256538391
YFR037C,YGL021W,0,-0.4102601,0.08120133727788925,0.5109999775886536,0.5781999826431274
YGL166W,YIL023C,0,-0.41035137,0.08118843287229538,0.5109999775886536,0.5782999992370605
YGL257C,YCL017C,0,-0.41035393,0.0811755359172821,0.5109999775886536,0.5784000158309937
YNL129W,YPL179W,0,-0.41038874,0.08116264641284943,0.5109999775886536,0.578499972820282
YJR035W,YOL071W,0,-0.41039708,0.08114975690841675,0.5109999775886536,0.5785999894142151
YOR100C,YLR157C,0,-0.41041908,0.08113686740398407,0.5109999775886536,0.5787000060081482
YLR390W-A,YLR438C-A,0,-0.41051355,0.08112398535013199,0.5109999775886536,0.5788000226020813
YER095W,YBL063W,0,-0.4105334,0.0811111107468605,0.5109999775886536,0.5788999795913696
YLR206W,YKL188C,0,-0.41054168,0.08109823614358902,0.5109999775886536,0.5789999961853027
YIL036W,YGR254W,0,-0.41057205,0.08108536899089813,0.5109999775886536,0.5791000127792358
YDR055W,YOR308C,0,-0.41065675,0.08107250183820724,0.5109999775886536,0.579200029373169
YML046W,YDR195W,0,-0.41077662,0.08105964213609695,0.5109999775886536,0.5792999863624573
YIL128W,YGR072W,0,-0.4108017,0.08104678988456726,0.5109999775886536,0.5794000029563904
YER013W,YGR185C,0,-0.41083872,0.08103393763303757,0.5109999775886536,0.5795000195503235
YIL076W,YDR379W,0,-0.4108576,0.08102108538150787,0.5109999775886536,0.5795999765396118
YMR032W,YDR503C,0,-0.41105825,0.08100824058055878,0.5109999775886536,0.5796999931335449
YDR184C,YBL003C,0,-0.41106328,0.08099540323019028,0.5109999775886536,0.579800009727478
YJL036W,YNL136W,0,-0.4111122,0.08098256587982178,0.5109999775886536,0.5799000263214111
YML088W,YOL125W,0,-0.41123047,0.08096973598003387,0.5109999775886536,0.5799999833106995
YPR198W,YMR184W,0,-0.41132507,0.08095690608024597,0.5109999775886536,0.5800999999046326
YMR060C,YDR416W,0,-0.41136298,0.08094408363103867,0.5109999775886536,0.5802000164985657
YMR044W,YLR067C,0,-0.4114376,0.08093126118183136,0.5109999775886536,0.580299973487854
YGR288W,YFR034C,1,-0.41144595,0.08107680082321167,0.5120000243186951,0.580299973487854
YPR055W,YNL213C,0,-0.41146252,0.08106396347284317,0.5120000243186951,0.5803999900817871
YOR340C,YER035W,0,-0.4115215,0.08105113357305527,0.5120000243186951,0.5805000066757202
YLL011W,YIR002C,0,-0.4116014,0.08103830367326736,0.5120000243186951,0.5806000232696533
YBR135W,YFR041C,0,-0.41167077,0.08102548122406006,0.5120000243186951,0.5806999802589417
YGL071W,YLR013W,1,-0.4117217,0.08117088675498962,0.5130000114440918,0.5806999802589417
YLR266C,YGR212W,0,-0.4117914,0.08115804195404053,0.5130000114440918,0.5807999968528748
YDR513W,YMR150C,0,-0.41180062,0.08114520460367203,0.5130000114440918,0.5809000134468079
YHR114W,YPL015C,0,-0.41182393,0.08113237470388412,0.5130000114440918,0.5809999704360962
YLR130C,YPL253C,0,-0.41182902,0.08111954480409622,0.5130000114440918,0.5810999870300293
YAL020C,YIL117C,0,-0.4118705,0.08110672235488892,0.5130000114440918,0.5812000036239624
YDR414C,YNL278W,0,-0.41187736,0.08109389990568161,0.5130000114440918,0.5813000202178955
YAL038W,YOR359W,0,-0.41188815,0.0810810774564743,0.5130000114440918,0.5813999772071838
YDR052C,YOR047C,0,-0.4118906,0.08106826990842819,0.5130000114440918,0.5814999938011169
YHR190W,YFR013W,0,-0.41190845,0.08105546236038208,0.5130000114440918,0.58160001039505
YAL044C,YKL079W,0,-0.41192532,0.08104265481233597,0.5130000114440918,0.5817000269889832
YDL197C,YDL236W,0,-0.4119871,0.08102985471487045,0.5130000114440918,0.5817999839782715
YOL122C,YKL113C,0,-0.41202915,0.08101705461740494,0.5130000114440918,0.5819000005722046
YPL159C,YLR035C,0,-0.4120395,0.08100426197052002,0.5130000114440918,0.5820000171661377
YHL034C,YDR488C,0,-0.41204372,0.0809914767742157,0.5130000114440918,0.582099974155426
YJR002W,YJL165C,0,-0.4120637,0.08097869157791138,0.5130000114440918,0.5821999907493591
YBR058C,YBR088C,0,-0.4121274,0.08096590638160706,0.5130000114440918,0.5823000073432922
YBR041W,YOL068C,0,-0.41217163,0.08095313608646393,0.5130000114440918,0.5824000239372253
YKL048C,YGL178W,0,-0.41220263,0.0809403583407402,0.5130000114440918,0.5824999809265137
YKR048C,YDR339C,0,-0.41224846,0.08092758804559708,0.5130000114440918,0.5825999975204468
YCR106W,YOR032C,1,-0.4122542,0.08107255399227142,0.5139999985694885,0.5825999975204468
YDR414C,YNL177C,0,-0.41242066,0.0810597687959671,0.5139999985694885,0.5827000141143799
YDR231C,YDL235C,0,-0.41247892,0.08104699105024338,0.5139999985694885,0.5827999711036682
YPL106C,YGR108W,0,-0.41251504,0.08103421330451965,0.5139999985694885,0.5828999876976013
YOR201C,YOL072W,0,-0.412562,0.08102143555879593,0.5139999985694885,0.5830000042915344
YCR037C,YLR234W,0,-0.41260043,0.0810086652636528,0.5139999985694885,0.5831000208854675
YPL203W,YPR020W,0,-0.41266719,0.08099590241909027,0.5139999985694885,0.5831999778747559
YPL018W,YDR283C,0,-0.41270158,0.08098313957452774,0.5139999985694885,0.583299994468689
YNL297C,YOR388C,0,-0.4127245,0.0809703841805458,0.5139999985694885,0.5834000110626221
YKL043W,YDR501W,1,-0.41272655,0.08111513406038284,0.5149999856948853,0.5834000110626221
YPL256C,YDR273W,0,-0.41275758,0.08110236376523972,0.5149999856948853,0.5835000276565552
YGL151W,YNR035C,0,-0.41275808,0.08108959347009659,0.5149999856948853,0.5835999846458435
YDR093W,YMR288W,0,-0.41301587,0.08107682317495346,0.5149999856948853,0.5837000012397766
YNL049C,YGR267C,0,-0.4131307,0.08106406778097153,0.5149999856948853,0.5838000178337097
YNL329C,YDL042C,0,-0.41319963,0.081051304936409,0.5149999856948853,0.583899974822998
YNL282W,YOR126C,0,-0.41329953,0.08103854954242706,0.5149999856948853,0.5839999914169312
YDR171W,YER068W,0,-0.41330662,0.08102580159902573,0.5149999856948853,0.5841000080108643
YLR071C,YDR416W,0,-0.413394,0.08101305365562439,0.5149999856948853,0.5842000246047974
YDL212W,YOR372C,0,-0.41341135,0.08100031316280365,0.5149999856948853,0.5842999815940857
YHR085W,YPL176C,0,-0.4134489,0.08098758012056351,0.5149999856948853,0.5843999981880188
YPL101W,YGR274C,0,-0.41360152,0.08097483962774277,0.5149999856948853,0.5845000147819519
YPL120W,YPL224C,0,-0.4136983,0.08096211403608322,0.5149999856948853,0.5845999717712402
YIR022W,YMR044W,0,-0.41371682,0.08094938844442368,0.5149999856948853,0.5846999883651733
YAL012W,YCR008W,0,-0.4137895,0.08093666285276413,0.5149999856948853,0.5848000049591064
YDR277C,YOR250C,0,-0.41383296,0.08092394471168518,0.5149999856948853,0.5849000215530396
YPR023C,YBR103W,0,-0.41387448,0.08091123402118683,0.5149999856948853,0.5849999785423279
YNL065W,YEL029C,0,-0.4139523,0.08089852333068848,0.5149999856948853,0.585099995136261
YLR060W,YDR499W,0,-0.41401657,0.08088582009077072,0.5149999856948853,0.5852000117301941
YEL015W,YDR385W,0,-0.4140477,0.08087311685085297,0.5149999856948853,0.5853000283241272
YKL074C,YPR163C,0,-0.41413233,0.08086042106151581,0.5149999856948853,0.5853999853134155
YKL015W,YMR145C,0,-0.41417688,0.08084772527217865,0.5149999856948853,0.5855000019073486
YNL111C,YDR116C,0,-0.41423273,0.08083503693342209,0.5149999856948853,0.5856000185012817
YOR122C,YJR045C,0,-0.4143218,0.08082234859466553,0.5149999856948853,0.5856999754905701
YJL033W,YHR062C,0,-0.4145064,0.08080966770648956,0.5149999856948853,0.5857999920845032
YKR003W,YBL051C,0,-0.4145648,0.0807969868183136,0.5149999856948853,0.5859000086784363
YOL090W,YJR006W,0,-0.41456535,0.08078431338071823,0.5149999856948853,0.5860000252723694
YKL134C,YIL115C,0,-0.4147816,0.08077163994312286,0.5149999856948853,0.5860999822616577
YML120C,YGL158W,0,-0.41496792,0.0807589739561081,0.5149999856948853,0.5861999988555908
YER172C,YHR016C,0,-0.41500857,0.08074631541967392,0.5149999856948853,0.5863000154495239
YGR013W,YDR077W,0,-0.41507235,0.08073365688323975,0.5149999856948853,0.5863999724388123
YFR034C,YLR014C,1,-0.41512838,0.08087774366140366,0.515999972820282,0.5863999724388123
YOL086C,YNL297C,0,-0.41516134,0.08086507022380829,0.515999972820282,0.5864999890327454
YLR453C,YDL198C,0,-0.4151991,0.08085239678621292,0.515999972820282,0.5866000056266785
YML029W,YKL203C,0,-0.41523382,0.08083973079919815,0.515999972820282,0.5867000222206116
YLR242C,YMR263W,0,-0.41525996,0.08082706481218338,0.515999972820282,0.5867999792098999
YMR043W,YMR263W,0,-0.4152879,0.0808144062757492,0.515999972820282,0.586899995803833
YPL159C,YPR054W,0,-0.4153507,0.08080175518989563,0.515999972820282,0.5870000123977661
YDR088C,YDR137W,0,-0.41553274,0.08078910410404205,0.515999972820282,0.5871000289916992
YHR058C,YML097C,0,-0.41555086,0.08077645301818848,0.515999972820282,0.5871999859809875
YDR361C,YER190W,0,-0.41566578,0.0807638093829155,0.515999972820282,0.5873000025749207
YPL065W,YML093W,0,-0.41568363,0.08075117319822311,0.515999972820282,0.5874000191688538
YPL051W,YHR001W-A,0,-0.41580275,0.08073853701353073,0.515999972820282,0.5874999761581421
YDL190C,YDR093W,0,-0.4158306,0.08072590827941895,0.515999972820282,0.5875999927520752
YBL057C,YPL255W,0,-0.41584796,0.08071327954530716,0.515999972820282,0.5877000093460083
YIL029C,YNL002C,0,-0.41585174,0.08070065826177597,0.515999972820282,0.5878000259399414
YPR023C,YKR001C,0,-0.4159138,0.08068803697824478,0.515999972820282,0.5878999829292297
YHL002W,YDL017W,0,-0.41594467,0.08067542314529419,0.515999972820282,0.5879999995231628
YEL032W,YER003C,0,-0.41596368,0.0806628093123436,0.515999972820282,0.588100016117096
YDR177W,YDR435C,0,-0.41596642,0.0806502029299736,0.515999972820282,0.5881999731063843
YBR253W,YOR148C,0,-0.41599083,0.08063759654760361,0.515999972820282,0.5882999897003174
YJR017C,YGR140W,0,-0.41606712,0.08062499761581421,0.515999972820282,0.5884000062942505
YNL250W,YDR009W,0,-0.4160783,0.08061240613460541,0.515999972820282,0.5885000228881836
YGL075C,YCL016C,0,-0.41608018,0.0805998146533966,0.515999972820282,0.5885999798774719
YMR283C,YLR249W,0,-0.41618428,0.0805872231721878,0.515999972820282,0.588699996471405
YLR129W,YDL101C,0,-0.4162108,0.0805746391415596,0.515999972820282,0.5888000130653381
YDR236C,YHR158C,0,-0.4162267,0.080562062561512,0.515999972820282,0.5889000296592712
YGL210W,YGR092W,0,-0.41627336,0.08054948598146439,0.515999972820282,0.5889999866485596
YCR052W,YGL120C,0,-0.4163607,0.08053690940141678,0.515999972820282,0.5891000032424927
YLR155C,YLR214W,0,-0.41640908,0.08052434772253036,0.515999972820282,0.5892000198364258
YML016C,YBR136W,0,-0.41643155,0.08051177859306335,0.515999972820282,0.5892999768257141
YKL194C,YHR138C,0,-0.41644445,0.08049921691417694,0.515999972820282,0.5893999934196472
YGL129C,YER065C,0,-0.41646725,0.08048666268587112,0.515999972820282,0.5895000100135803
YAL031C,YFR009W,0,-0.41648552,0.08047410845756531,0.515999972820282,0.5896000266075134
YPL063W,YPL047W,0,-0.41674432,0.08046156167984009,0.515999972820282,0.5896999835968018
YJL207C,YJR092W,0,-0.4169016,0.08044901490211487,0.515999972820282,0.5898000001907349
YDR200C,YBR234C,0,-0.41694474,0.08043647557497025,0.515999972820282,0.589900016784668
YBL100W-A,YDR329C,0,-0.4169629,0.08042394369840622,0.515999972820282,0.5899999737739563
YER024W,YGR262C,0,-0.4171753,0.0804114043712616,0.515999972820282,0.5900999903678894
YMR234W,YOR063W,0,-0.41724995,0.08039887994527817,0.515999972820282,0.5902000069618225
YJR155W,YDR515W,0,-0.4172714,0.08038635551929474,0.515999972820282,0.5903000235557556
YBR173C,YBR210W,0,-0.41731277,0.08037383109331131,0.515999972820282,0.590399980545044
YJL117W,YBR058C,0,-0.41732532,0.08036131411790848,0.515999972820282,0.590499997138977
YPL248C,YJL110C,1,-0.41733617,0.08050451427698135,0.5170000195503235,0.590499997138977
YFR031C,YML121W,0,-0.41735637,0.08049198240041733,0.5170000195503235,0.5906000137329102
YGL133W,YOL149W,0,-0.41741022,0.0804794505238533,0.5170000195503235,0.5906999707221985
YGR033C,YLR158C,0,-0.41758144,0.08046692609786987,0.5170000195503235,0.5907999873161316
YBR037C,YAL001C,0,-0.41758782,0.08045440167188644,0.5170000195503235,0.5909000039100647
YHL011C,YLR284C,0,-0.41765785,0.08044188469648361,0.5170000195503235,0.5910000205039978
YFR046C,YDR495C,0,-0.41766813,0.08042937517166138,0.5170000195503235,0.5910999774932861
YBL071W-A,YOR156C,0,-0.41767433,0.08041685819625854,0.5170000195503235,0.5911999940872192
YDR381W,YPR121W,0,-0.41767943,0.0804043561220169,0.5170000195503235,0.5913000106811523
YKR072C,YCR047C,0,-0.41769224,0.08039185404777527,0.5170000195503235,0.5914000272750854
YPL217C,YLR141W,0,-0.4177678,0.08037935197353363,0.5170000195503235,0.5914999842643738
YER054C,YGL070C,0,-0.4178082,0.08036685734987259,0.5170000195503235,0.5916000008583069
YNR007C,YPL060W,0,-0.4178265,0.08035437017679214,0.5170000195503235,0.59170001745224
YKR020W,YBR021W,0,-0.41787276,0.0803418830037117,0.5170000195503235,0.5917999744415283
YCR047C,YOR037W,0,-0.4178803,0.08032939583063126,0.5170000195503235,0.5918999910354614
YCR027C,YGR274C,0,-0.41790915,0.08031691610813141,0.5170000195503235,0.5920000076293945
YHR152W,YDR358W,0,-0.41794068,0.08030444383621216,0.5170000195503235,0.5921000242233276
YDR165W,YOR178C,0,-0.41796097,0.08029197156429291,0.5170000195503235,0.592199981212616
YDL170W,YKL112W,1,-0.41810545,0.08043478429317474,0.5180000066757202,0.592199981212616
YKL134C,YHR027C,0,-0.41811144,0.0804222971200943,0.5180000066757202,0.5922999978065491
YDR268W,YFL024C,0,-0.41815904,0.08040980994701385,0.5180000066757202,0.5924000144004822
YGL194C,YHR190W,0,-0.41823798,0.08039733022451401,0.5180000066757202,0.5924999713897705
YMR287C,YMR211W,0,-0.41827026,0.08038485050201416,0.5180000066757202,0.5925999879837036
YPL275W,YLR397C,0,-0.41830644,0.08037237823009491,0.5180000066757202,0.5927000045776367
YDR508C,YMR275C,0,-0.4183142,0.08035991340875626,0.5180000066757202,0.5928000211715698
YLR435W,YLR201C,0,-0.41834682,0.0803474485874176,0.5180000066757202,0.5928999781608582
YBR080C,YKL193C,0,-0.41837105,0.08033499121665955,0.5180000066757202,0.5929999947547913
YNR007C,YLR376C,0,-0.41840622,0.08032253384590149,0.5180000066757202,0.5931000113487244
YLR274W,YIL037C,0,-0.41844013,0.08031007647514343,0.5180000066757202,0.5932000279426575
YOR344C,YIR013C,1,-0.41846213,0.08045264333486557,0.5189999938011169,0.5932000279426575
YCR072C,YLR286C,0,-0.4184715,0.08044017106294632,0.5189999938011169,0.5932999849319458
YDL217C,YGL053W,0,-0.4185727,0.08042770624160767,0.5189999938011169,0.5934000015258789
YGL097W,YPL218W,0,-0.4186752,0.08041524887084961,0.5189999938011169,0.593500018119812
YPR095C,YGR057C,0,-0.41870865,0.08040279150009155,0.5189999938011169,0.5935999751091003
YCR098C,YDL084W,0,-0.4187098,0.0803903341293335,0.5189999938011169,0.5936999917030334
YJR135C,YBL069W,0,-0.4187356,0.08037788420915604,0.5189999938011169,0.5938000082969666
YNR074C,YHR167W,0,-0.41875714,0.08036544173955917,0.5189999938011169,0.5939000248908997
YDL150W,YOR113W,0,-0.4187988,0.08035299926996231,0.5189999938011169,0.593999981880188
YMR041C,YDL145C,0,-0.4190065,0.08034055680036545,0.5189999938011169,0.5940999984741211
YBL046W,YGL249W,0,-0.41901758,0.08032812178134918,0.5189999938011169,0.5942000150680542
YNL325C,YER003C,0,-0.4190706,0.08031569421291351,0.5189999938011169,0.5942999720573425
YIL038C,YNL151C,0,-0.4191247,0.08030326664447784,0.5189999938011169,0.5943999886512756
YMR091C,YBR026C,0,-0.41916862,0.08029083907604218,0.5189999938011169,0.5945000052452087
YFR031C,YPR199C,0,-0.419194,0.0802784189581871,0.5189999938011169,0.5946000218391418
YMR096W,YKL185W,0,-0.4192079,0.08026600629091263,0.5189999938011169,0.5946999788284302
YOL086C,YOR211C,0,-0.4192748,0.08025359362363815,0.5189999938011169,0.5947999954223633
YHR158C,YBR188C,0,-0.41928446,0.08024118840694427,0.5189999938011169,0.5949000120162964
YHL009C,YPL128C,1,-0.4192867,0.08038336783647537,0.5199999809265137,0.5949000120162964
YPL248C,YLR183C,1,-0.41928875,0.08052550256252289,0.5210000276565552,0.5949000120162964
YNL318C,YOL156W,0,-0.41930738,0.08051306009292603,0.5210000276565552,0.5950000286102295
YML046W,YIL109C,0,-0.41938618,0.08050061762332916,0.5210000276565552,0.5950999855995178
YLR150W,YNL031C,0,-0.4194355,0.0804881826043129,0.5210000276565552,0.5952000021934509
YJR009C,YDL116W,0,-0.41955593,0.08047574758529663,0.5210000276565552,0.595300018787384
YNL023C,YLR403W,1,-0.41961095,0.0806177631020546,0.5220000147819519,0.595300018787384
YLR130C,YDR376W,0,-0.4196617,0.08060531318187714,0.5220000147819519,0.5953999757766724
YDL092W,YAL041W,0,-0.41968295,0.08059287071228027,0.5220000147819519,0.5954999923706055
YLR182W,YBR195C,0,-0.41974792,0.08058042824268341,0.5220000147819519,0.5956000089645386
YHR133C,YLR249W,0,-0.41979882,0.08056798577308655,0.5220000147819519,0.5957000255584717
YOL028C,YGL016W,0,-0.41987044,0.08055555820465088,0.5220000147819519,0.59579998254776
YFR051C,YLR153C,0,-0.4199054,0.08054312318563461,0.5220000147819519,0.5958999991416931
YNL116W,YDR055W,0,-0.41991314,0.08053070306777954,0.5220000147819519,0.5960000157356262
YIL009W,YOR064C,0,-0.4200163,0.08051827549934387,0.5220000147819519,0.5960999727249146
YMR267W,YOR007C,0,-0.42016572,0.0805058628320694,0.5220000147819519,0.5961999893188477
YDR393W,YER174C,0,-0.42021796,0.08049344271421432,0.5220000147819519,0.5963000059127808
YNL218W,YNL330C,0,-0.42023805,0.08048103749752045,0.5220000147819519,0.5964000225067139
YHR206W,YFR034C,1,-0.42025378,0.08062278479337692,0.5230000019073486,0.5964000225067139
YPL217C,YLR246W,0,-0.4203435,0.08061035722494125,0.5230000019073486,0.5964999794960022
YHR176W,YGR276C,0,-0.42050514,0.08059793710708618,0.5230000019073486,0.5965999960899353
YGL033W,YKR029C,0,-0.42053184,0.08058551698923111,0.5230000019073486,0.5967000126838684
YGL078C,YOL065C,0,-0.4205967,0.08057310432195663,0.5230000019073486,0.5968000292778015
YDR156W,YLR011W,0,-0.42062065,0.08056069165468216,0.5230000019073486,0.5968999862670898
YGL071W,YPL248C,1,-0.4206802,0.0807022973895073,0.5239999890327454,0.5968999862670898
YLR028C,YGL169W,0,-0.42083314,0.08068986982107162,0.5239999890327454,0.597000002861023
YLR131C,YPR133W-A,0,-0.42087317,0.08067744225263596,0.5239999890327454,0.597100019454956
YPL180W,YBR188C,0,-0.42097697,0.08066502213478088,0.5239999890327454,0.5971999764442444
YML112W,YGR274C,0,-0.42100605,0.08065260946750641,0.5239999890327454,0.5972999930381775
YGR206W,YHR065C,0,-0.42101482,0.08064019680023193,0.5239999890327454,0.5974000096321106
YGL254W,YLR014C,1,-0.42104974,0.08078166097402573,0.5249999761581421,0.5974000096321106
YOR095C,YGL029W,0,-0.42109254,0.08076923340559006,0.5249999761581421,0.5975000262260437
YPL233W,YGL191W,0,-0.4211078,0.08075680583715439,0.5249999761581421,0.597599983215332
YKL141W,YHR108W,0,-0.42112756,0.08074438571929932,0.5249999761581421,0.5976999998092651
YPL174C,YBL058W,0,-0.4211661,0.08073197305202484,0.5249999761581421,0.5978000164031982
YLR114C,YDR038C,0,-0.42119342,0.08071956038475037,0.5249999761581421,0.5978999733924866
YKL073W,YDL150W,0,-0.4212215,0.08070714771747589,0.5249999761581421,0.5979999899864197
YOR340C,YJR040W,0,-0.42124236,0.08069474250078201,0.5249999761581421,0.5981000065803528
YGR004W,YLR069C,0,-0.42126274,0.08068234473466873,0.5249999761581421,0.5982000231742859
YMR026C,YDR260C,0,-0.42127028,0.08066994696855545,0.5249999761581421,0.5982999801635742
YGL073W,YIR013C,1,-0.42138767,0.08081118762493134,0.5260000228881836,0.5982999801635742
YKL043W,YLR014C,1,-0.42143452,0.08095238357782364,0.5270000100135803,0.5982999801635742
YFL002C,YNL151C,0,-0.42144772,0.08093994855880737,0.5270000100135803,0.5983999967575073
YLR193C,YGR092W,0,-0.4214761,0.0809275209903717,0.5270000100135803,0.5985000133514404
YOL095C,YLR314C,0,-0.42151135,0.08091509342193604,0.5270000100135803,0.5985999703407288
YMR056C,YLR222C,0,-0.42151168,0.08090267330408096,0.5270000100135803,0.5986999869346619
YJL090C,YML102W,0,-0.4216544,0.08089025318622589,0.5270000100135803,0.598800003528595
YOL071W,YPL096W,0,-0.42169264,0.08087784051895142,0.5270000100135803,0.5989000201225281
YIL009W,YNL239W,0,-0.42174676,0.08086542785167694,0.5270000100135803,0.5989999771118164
YIL010W,YBR188C,0,-0.4217868,0.08085302263498306,0.5270000100135803,0.5990999937057495
YDR075W,YBR034C,0,-0.42183718,0.08084061741828918,0.5270000100135803,0.5992000102996826
YHR058C,YBR152W,0,-0.42186245,0.0808282196521759,0.5270000100135803,0.5993000268936157
YNL273W,YPL177C,0,-0.42187372,0.08081582933664322,0.5270000100135803,0.599399983882904
YGL142C,YOR371C,0,-0.42189583,0.08080343157052994,0.5270000100135803,0.5995000004768372
YCR106W,YFR034C,1,-0.4219792,0.08094435185194016,0.527999997138977,0.5995000004768372
YIL076W,YBR048W,0,-0.42208692,0.08093194663524628,0.527999997138977,0.5996000170707703
YFL026W,YKR048C,0,-0.42211393,0.0809195414185524,0.527999997138977,0.5996999740600586
YPR070W,YLR068W,0,-0.42216063,0.08090714365243912,0.527999997138977,0.5997999906539917
YOL125W,YLR357W,0,-0.42234665,0.08089474588632584,0.527999997138977,0.5999000072479248
YBR102C,YLR119W,0,-0.422358,0.08088235557079315,0.527999997138977,0.6000000238418579
YBR079C,YOL043C,0,-0.4223877,0.08086996525526047,0.527999997138977,0.6000999808311462
YGR046W,YBL041W,0,-0.42240542,0.08085758239030838,0.527999997138977,0.6001999974250793
YER075C,YNL071W,0,-0.4224459,0.08084519952535629,0.527999997138977,0.6003000140190125
YMR053C,YHR034C,0,-0.42246902,0.0808328241109848,0.527999997138977,0.6003999710083008
YLR403W,YGR249W,1,-0.42248926,0.08097352087497711,0.5289999842643738,0.6003999710083008
YOR368W,YDR324C,0,-0.42252278,0.08096112310886383,0.5289999842643738,0.6004999876022339
YHR124W,YEL009C,1,-0.42263713,0.08110176026821136,0.5299999713897705,0.6004999876022339
YER049W,YGL053W,0,-0.42265844,0.08108934760093689,0.5299999713897705,0.600600004196167
YMR016C,YGL254W,1,-0.4228812,0.08122992515563965,0.531000018119812,0.600600004196167
YIL051C,YLL027W,0,-0.42291003,0.08121749758720398,0.531000018119812,0.6007000207901001
YDR456W,YLR043C,0,-0.4229711,0.08120507746934891,0.531000018119812,0.6007999777793884
YDR216W,YCR106W,1,-0.42304692,0.0813455656170845,0.5320000052452087,0.6007999777793884
YOL066C,YNL292W,0,-0.42313144,0.08133313059806824,0.5320000052452087,0.6008999943733215
YIR025W,YDR103W,0,-0.42313695,0.08132069557905197,0.5320000052452087,0.6010000109672546
YJR143C,YKL080W,0,-0.42315856,0.0813082680106163,0.5320000052452087,0.6011000275611877
YCR028C,YKL038W,0,-0.4231996,0.08129584044218063,0.5320000052452087,0.6011999845504761
YML076C,YLR013W,1,-0.42338917,0.08143620938062668,0.5329999923706055,0.6011999845504761
YGL032C,YNL118C,0,-0.42340294,0.08142376691102982,0.5329999923706055,0.6013000011444092
YDR137W,YHR031C,0,-0.4234839,0.08141133189201355,0.5329999923706055,0.6014000177383423
YDR091C,YGR216C,0,-0.42355773,0.08139889687299728,0.5329999923706055,0.6014999747276306
YMR149W,YJR063W,0,-0.4235757,0.08138646930456161,0.5329999923706055,0.6015999913215637
YDR200C,YLR067C,0,-0.42364883,0.08137404918670654,0.5329999923706055,0.6017000079154968
YER146W,YIR008C,0,-0.42370215,0.08136162161827087,0.5329999923706055,0.6018000245094299
YPL047W,YPR186C,0,-0.42386642,0.0813492089509964,0.5329999923706055,0.6018999814987183
YDR457W,YDR409W,0,-0.42389154,0.08133678883314133,0.5329999923706055,0.6019999980926514
YNL007C,YPR185W,0,-0.42391488,0.08132438361644745,0.5329999923706055,0.6021000146865845
YBR119W,YGL133W,0,-0.4239407,0.08131197839975357,0.5329999923706055,0.6021999716758728
YDL145C,YGL167C,0,-0.42399088,0.08129957318305969,0.5329999923706055,0.6022999882698059
YML016C,YGR005C,0,-0.424009,0.08128717541694641,0.5329999923706055,0.602400004863739
YGL065C,YPL153C,0,-0.42402223,0.08127477765083313,0.5329999923706055,0.6025000214576721
YER127W,YGL014W,0,-0.42405686,0.08126238733530045,0.5329999923706055,0.6025999784469604
YOL061W,YNL243W,0,-0.42406237,0.08124999701976776,0.5329999923706055,0.6026999950408936
YPL187W,YGR262C,0,-0.42416993,0.08123761415481567,0.5329999923706055,0.6028000116348267
YMR037C,YEL009C,1,-0.42423204,0.08137762546539307,0.5339999794960022,0.6028000116348267
YJL048C,YDL077C,0,-0.42430645,0.08136522769927979,0.5339999794960022,0.6029000282287598
YKR019C,YEL002C,0,-0.42432553,0.0813528299331665,0.5339999794960022,0.6029999852180481
YER171W,YDR330W,0,-0.42433083,0.08134043961763382,0.5339999794960022,0.6031000018119812
YNL192W,YDR345C,0,-0.42440578,0.08132805675268173,0.5339999794960022,0.6032000184059143
YFR046C,YOR349W,0,-0.42443642,0.08131566643714905,0.5339999794960022,0.6032999753952026
YLR447C,YPL176C,0,-0.42464554,0.08130329102277756,0.5339999794960022,0.6033999919891357
YPL256C,YDR437W,0,-0.42468786,0.08129090815782547,0.5339999794960022,0.6035000085830688
YKL058W,YGL227W,0,-0.42479226,0.08127854019403458,0.5339999794960022,0.603600025177002
YOR304W,YNL210W,0,-0.42485437,0.08126617223024368,0.5339999794960022,0.6036999821662903
YJL108C,YGL001C,0,-0.42488202,0.08125380426645279,0.5339999794960022,0.6037999987602234
YHR174W,YLR360W,0,-0.4249025,0.08124144375324249,0.5339999794960022,0.6039000153541565
YDR082W,YNL304W,0,-0.42490605,0.0812290832400322,0.5339999794960022,0.6039999723434448
YKR072C,YPL270W,0,-0.42494884,0.0812167301774025,0.5339999794960022,0.6040999889373779
YBL093C,YOR003W,0,-0.4250429,0.0812043771147728,0.5339999794960022,0.604200005531311
YHR039C,YDR285W,0,-0.42504776,0.0811920315027237,0.5339999794960022,0.6043000221252441
YDR101C,YJL001W,0,-0.42505774,0.08117969334125519,0.5339999794960022,0.6043999791145325
YHR023W,YGR104C,0,-0.42519382,0.08116734772920609,0.5339999794960022,0.6044999957084656
YGR097W,YOR143C,0,-0.42529222,0.08115501701831818,0.5339999794960022,0.6046000123023987
YGR193C,YDR317W,0,-0.42530617,0.08114268630743027,0.5339999794960022,0.6047000288963318
YDL170W,YBR182C,1,-0.42530665,0.08128228783607483,0.5350000262260437,0.6047000288963318
YGL096W,YGR249W,1,-0.4254273,0.08142184466123581,0.5360000133514404,0.6047000288963318
YPR102C,YGR042W,0,-0.4254298,0.08140947669744492,0.5360000133514404,0.6047999858856201
YOR380W,YLR014C,1,-0.42549804,0.08154897391796112,0.5370000004768372,0.6047999858856201
YDR151C,YLR098C,1,-0.42556947,0.08168842643499374,0.5379999876022339,0.6047999858856201
YEL009C,YIR013C,1,-0.4257742,0.08182784169912338,0.5389999747276306,0.6047999858856201
YLR210W,YDL140C,0,-0.4258007,0.08181542158126831,0.5389999747276306,0.6049000024795532
YOL138C,YHL007C,0,-0.42583004,0.08180300146341324,0.5389999747276306,0.6050000190734863
YOL061W,YGL253W,0,-0.42590952,0.08179058879613876,0.5389999747276306,0.6050999760627747
YDR358W,YFR048W,0,-0.4259553,0.08177818357944489,0.5389999747276306,0.6051999926567078
YAL009W,YOR113W,0,-0.42602408,0.08176577836275101,0.5389999747276306,0.6053000092506409
YBR039W,YNR035C,0,-0.42602873,0.08175337314605713,0.5389999747276306,0.605400025844574
YLR191W,YLR176C,0,-0.42606133,0.08174097537994385,0.5389999747276306,0.6054999828338623
YDR072C,YOR221C,0,-0.4260723,0.08172858506441116,0.5389999747276306,0.6055999994277954
YJR119C,YHR055C,0,-0.42609134,0.08171619474887848,0.5389999747276306,0.6057000160217285
YBR065C,YOL080C,0,-0.4262701,0.0817038044333458,0.5389999747276306,0.6057999730110168
YNL029C,YPR120C,0,-0.42627242,0.08169142156839371,0.5389999747276306,0.60589998960495
YOR290C,YOL164W,0,-0.42631167,0.08167903870344162,0.5389999747276306,0.6060000061988831
YPL106C,YMR280C,0,-0.4263151,0.08166666328907013,0.5389999747276306,0.6061000227928162
YGL049C,YNL261W,0,-0.4263827,0.08165429532527924,0.5389999747276306,0.6061999797821045
YBR079C,YBR097W,0,-0.42647368,0.08164192736148834,0.5389999747276306,0.6062999963760376
YJL203W,YAR033W,0,-0.42667264,0.08162955939769745,0.5389999747276306,0.6064000129699707
YOR250C,YDR122W,0,-0.42676696,0.08161719888448715,0.5389999747276306,0.6065000295639038
YDL020C,YOR032C,1,-0.4268235,0.08175624161958694,0.5400000214576721,0.6065000295639038
YGR074W,YDR358W,0,-0.42683646,0.08174386620521545,0.5400000214576721,0.6065999865531921
YER116C,YEL071W,0,-0.42683774,0.08173149824142456,0.5400000214576721,0.6067000031471252
YKL059C,YNL153C,0,-0.42685837,0.08171913027763367,0.5400000214576721,0.6068000197410583
YNL210W,YER052C,0,-0.4269502,0.08170676231384277,0.5400000214576721,0.6068999767303467
YCL069W,YJR135C,0,-0.4270613,0.08169440180063248,0.5400000214576721,0.6069999933242798
YJL196C,YGR191W,0,-0.4270756,0.08168204873800278,0.5400000214576721,0.6071000099182129
YBR156C,YLR166C,0,-0.4271299,0.08166968822479248,0.5400000214576721,0.607200026512146
YDR342C,YMR164C,0,-0.42714962,0.08165734261274338,0.5400000214576721,0.6072999835014343
YPR167C,YHL025W,0,-0.4271912,0.08164499700069427,0.5400000214576721,0.6074000000953674
YMR016C,YDL020C,1,-0.42728686,0.08178382366895676,0.5410000085830688,0.6074000000953674
YML093W,YMR101C,0,-0.4273297,0.08177146315574646,0.5410000085830688,0.6075000166893005
YER147C,YHL024W,0,-0.42735294,0.08175910264253616,0.5410000085830688,0.6075999736785889
YNL088W,YPL110C,0,-0.42743462,0.08174674957990646,0.5410000085830688,0.607699990272522
YKL032C,YPR201W,0,-0.42744273,0.08173440396785736,0.5410000085830688,0.6078000068664551
YBR205W,YMR298W,0,-0.4275772,0.08172205090522766,0.5410000085830688,0.6079000234603882
YHR091C,YMR127C,0,-0.4275982,0.08170971274375916,0.5410000085830688,0.6079999804496765
YIR010W,YNR019W,0,-0.42761788,0.08169737458229065,0.5410000085830688,0.6080999970436096
YGR014W,YLR426W,0,-0.42781737,0.08168503642082214,0.5410000085830688,0.6082000136375427
YMR238W,YBR077C,0,-0.42788342,0.08167270570993423,0.5410000085830688,0.608299970626831
YOL097C,YKR059W,0,-0.42798495,0.08166037499904633,0.5410000085830688,0.6083999872207642
YHR196W,YLL061W,0,-0.42807576,0.08164805173873901,0.5410000085830688,0.6085000038146973
YJL204C,YBR186W,0,-0.4280804,0.0816357359290123,0.5410000085830688,0.6086000204086304
YDR200C,YML075C,0,-0.42813703,0.08162341266870499,0.5410000085830688,0.6086999773979187
YJR102C,YPL091W,0,-0.4281626,0.08161110430955887,0.5410000085830688,0.6087999939918518
YCR098C,YBR179C,0,-0.42843685,0.08159879595041275,0.5410000085830688,0.6089000105857849
YDR130C,YHR190W,0,-0.4284933,0.08158648759126663,0.5410000085830688,0.609000027179718
YLR275W,YPR201W,0,-0.42859712,0.08157418668270111,0.5410000085830688,0.6090999841690063
YNL123W,YJR006W,0,-0.4287154,0.08156188577413559,0.5410000085830688,0.6092000007629395
YJL106W,YLR003C,0,-0.42874673,0.08154959231615067,0.5410000085830688,0.6093000173568726
YNL044W,YOR284W,0,-0.42892936,0.08153729885816574,0.5410000085830688,0.6093999743461609
YOL111C,YCL017C,0,-0.42894885,0.08152501285076141,0.5410000085830688,0.609499990940094
YAL020C,YMR015C,0,-0.4290103,0.08151273429393768,0.5410000085830688,0.6096000075340271
YPR072W,YDR488C,0,-0.42936555,0.08150044828653336,0.5410000085830688,0.6097000241279602
YMR054W,YIL153W,0,-0.42940637,0.08148817718029022,0.5410000085830688,0.6097999811172485
YOR193W,YPL060W,0,-0.42942712,0.08147590607404709,0.5410000085830688,0.6098999977111816
YML131W,YKL110C,0,-0.4294754,0.08146363496780396,0.5410000085830688,0.6100000143051147
YAR019C,YHR066W,0,-0.429498,0.08145137131214142,0.5410000085830688,0.6100999712944031
YMR172W,YER061C,0,-0.42951706,0.08143910765647888,0.5410000085830688,0.6101999878883362
YCL040W,YNL102W,0,-0.42985317,0.08142685145139694,0.5410000085830688,0.6103000044822693
YML051W,YOR211C,0,-0.42990044,0.081414595246315,0.5410000085830688,0.6104000210762024
YMR139W,YCR063W,0,-0.42991236,0.08140234649181366,0.5410000085830688,0.6104999780654907
YDR545W,YLL008W,0,-0.42996642,0.08139009773731232,0.5410000085830688,0.6105999946594238
YPL085W,YOR172W,0,-0.4300129,0.08137785643339157,0.5410000085830688,0.6107000112533569
YDR446W,YBL105C,0,-0.43007323,0.08136562258005142,0.5410000085830688,0.61080002784729
YML098W,YOR212W,0,-0.43009168,0.08135338127613068,0.5410000085830688,0.6108999848365784
YGR145W,YPR082C,0,-0.43019196,0.08134115487337112,0.5410000085830688,0.6110000014305115
YNL290W,YNL049C,0,-0.43021962,0.08132892102003098,0.5410000085830688,0.6111000180244446
YJL110C,YFL031W,1,-0.43033817,0.08146701008081436,0.5419999957084656,0.6111000180244446
YBR041W,YNL163C,0,-0.43034357,0.08145476132631302,0.5419999957084656,0.6111999750137329
YNL088W,YJL031C,0,-0.4303588,0.08144252747297287,0.5419999957084656,0.611299991607666
YHL009C,YFR034C,1,-0.43038806,0.08158052712678909,0.5429999828338623,0.611299991607666
YCR072C,YFR036W,0,-0.430428,0.08156827092170715,0.5429999828338623,0.6114000082015991
YDR069C,YOL116W,0,-0.43053785,0.08155602216720581,0.5429999828338623,0.6115000247955322
YPL128C,YDR151C,1,-0.43059936,0.08169394731521606,0.5440000295639038,0.6115000247955322
YBR173C,YJR108W,0,-0.4306968,0.08168168365955353,0.5440000295639038,0.6115999817848206
YDR021W,YKR086W,0,-0.4307713,0.08166942000389099,0.5440000295639038,0.6116999983787537
YMR025W,YOR030W,0,-0.430782,0.08165715634822845,0.5440000295639038,0.6118000149726868
YBR133C,YDR424C,0,-0.4308217,0.08164490759372711,0.5440000295639038,0.6118999719619751
YML116W,YLL015W,0,-0.4308587,0.08163265138864517,0.5440000295639038,0.6119999885559082
YKL178C,YLR141W,0,-0.43091625,0.08162040263414383,0.5440000295639038,0.6121000051498413
YOR380W,YFR034C,1,-0.43092683,0.08175817877054214,0.5450000166893005,0.6121000051498413
YBR133C,YMR301C,0,-0.43095988,0.08174591511487961,0.5450000166893005,0.6122000217437744
YOL072W,YPR007C,0,-0.43097055,0.08173365145921707,0.5450000166893005,0.6122999787330627
YGR162W,YER041W,0,-0.43106976,0.08172139525413513,0.5450000166893005,0.6123999953269958
YIL119C,YKL140W,0,-0.43124458,0.08170914649963379,0.5450000166893005,0.612500011920929
YBR084W,YOR372C,0,-0.43128225,0.08169689774513245,0.5450000166893005,0.6126000285148621
YIL125W,YLR119W,0,-0.43134877,0.0816846489906311,0.5450000166893005,0.6126999855041504
YGR097W,YOR243C,0,-0.43141595,0.08167240768671036,0.5450000166893005,0.6128000020980835
YBR297W,YGL071W,1,-0.4314325,0.08181001245975494,0.5460000038146973,0.6128000020980835
YLR293C,YOR299W,0,-0.4315404,0.081797756254673,0.5460000038146973,0.6129000186920166
YHR089C,YDR324C,0,-0.4316306,0.08178550004959106,0.5460000038146973,0.6129999756813049
YDR251W,YGR080W,0,-0.43167707,0.08177325129508972,0.5460000038146973,0.613099992275238
YJL080C,YIL098C,0,-0.43171722,0.08176100999116898,0.5460000038146973,0.6132000088691711
YPR112C,YER045C,0,-0.43171856,0.08174876123666763,0.5460000038146973,0.6133000254631042
YDR294C,YML128C,0,-0.4317439,0.08173652738332748,0.5460000038146973,0.6133999824523926
YNL232W,YER017C,0,-0.43186066,0.08172429352998734,0.5460000038146973,0.6134999990463257
YOL164W,YFL058W,0,-0.43191937,0.08171205967664719,0.5460000038146973,0.6136000156402588
YNL054W,YIR019C,0,-0.43200704,0.08169983327388763,0.5460000038146973,0.6136999726295471
YML057W,YLR085C,0,-0.43215767,0.08168761432170868,0.5460000038146973,0.6137999892234802
YPL180W,YOR272W,0,-0.43218216,0.08167539536952972,0.5460000038146973,0.6139000058174133
YNR032C-A,YDR377W,0,-0.43222752,0.08166317641735077,0.5460000038146973,0.6140000224113464
YGL181W,YDL235C,0,-0.43222985,0.08165096491575241,0.5460000038146973,0.6140999794006348
YDL020C,YHR084W,1,-0.43226045,0.08178827911615372,0.546999990940094,0.6140999794006348
YJL104W,YLR256W,0,-0.43227926,0.08177605271339417,0.546999990940094,0.6141999959945679
YGR155W,YBR103W,0,-0.432287,0.08176382631063461,0.546999990940094,0.614300012588501
YJL184W,YGL210W,0,-0.43233454,0.08175160735845566,0.546999990940094,0.6144000291824341
YDL047W,YML080W,0,-0.43233663,0.0817393884062767,0.546999990940094,0.6144999861717224
YBR153W,YOR160W,0,-0.43234447,0.08172717690467834,0.546999990940094,0.6146000027656555
YER044C,YMR128W,0,-0.43235257,0.08171496540307999,0.546999990940094,0.6147000193595886
YLL002W,YGR230W,0,-0.43235588,0.08170276135206223,0.546999990940094,0.614799976348877
YLR186W,YKL152C,0,-0.4323695,0.08169056475162506,0.546999990940094,0.6148999929428101
YHR163W,YLR397C,0,-0.43242943,0.0816783607006073,0.546999990940094,0.6150000095367432
YDL097C,YCL059C,0,-0.43247744,0.08166617155075073,0.546999990940094,0.6151000261306763
YLL040C,YOR028C,0,-0.43251914,0.08165397495031357,0.546999990940094,0.6151999831199646
YDR140W,YKL009W,0,-0.43253604,0.0816417932510376,0.546999990940094,0.6152999997138977
YHR052W,YJR013W,0,-0.4325548,0.08162960410118103,0.546999990940094,0.6154000163078308
YDR110W,YBR215W,0,-0.43255988,0.08161742985248566,0.546999990940094,0.6154999732971191
YDR096W,YLR013W,1,-0.43258524,0.08175443857908249,0.5479999780654907,0.6154999732971191
YPR113W,YFR024C-A,0,-0.43260226,0.08174224197864532,0.5479999780654907,0.6155999898910522
YJR009C,YDR459C,0,-0.43265185,0.08173005282878876,0.5479999780654907,0.6157000064849854
YLR069C,YLR145W,0,-0.4327269,0.08171786367893219,0.5479999780654907,0.6158000230789185
YBR199W,YKL193C,0,-0.4327614,0.08170568197965622,0.5479999780654907,0.6158999800682068
YCR073W-A,YLR200W,0,-0.43276474,0.08169350028038025,0.5479999780654907,0.6159999966621399
YER087C-B,YLR453C,0,-0.43280363,0.08168132603168488,0.5479999780654907,0.616100013256073
YNR011C,YDR334W,0,-0.43290564,0.0816691517829895,0.5479999780654907,0.6161999702453613
YBR084W,YDR310C,0,-0.43302265,0.08165697753429413,0.5479999780654907,0.6162999868392944
YOR217W,YOL125W,0,-0.43311226,0.08164481818675995,0.5479999780654907,0.6164000034332275
YGL096W,YCR106W,1,-0.4331296,0.08178161829710007,0.5490000247955322,0.6164000034332275
YIR019C,YDL216C,0,-0.43315855,0.0817694365978241,0.5490000247955322,0.6165000200271606
YLR079W,YML042W,0,-0.43318397,0.08175726234912872,0.5490000247955322,0.616599977016449
YDR292C,YAL059W,0,-0.4332937,0.08174508810043335,0.5490000247955322,0.6166999936103821
YOR106W,YLR240W,0,-0.43342245,0.08173291385173798,0.5490000247955322,0.6168000102043152
YPR093C,YDR292C,0,-0.43358055,0.0817207470536232,0.5490000247955322,0.6169000267982483
YDR081C,YLR238W,0,-0.43373045,0.08170858770608902,0.5490000247955322,0.6169999837875366
YKR052C,YCL059C,0,-0.43373457,0.08169642835855484,0.5490000247955322,0.6171000003814697
YOL088C,YDR459C,0,-0.43374416,0.08168427646160126,0.5490000247955322,0.6172000169754028
YGL012W,YKL135C,0,-0.4338065,0.08167212456464767,0.5490000247955322,0.6172999739646912
YLR394W,YOL149W,0,-0.4338744,0.08165997266769409,0.5490000247955322,0.6173999905586243
YDR251W,YOR294W,0,-0.43388113,0.0816478282213211,0.5490000247955322,0.6175000071525574
YML041C,YGL062W,0,-0.43391532,0.08163569122552872,0.5490000247955322,0.6176000237464905
YMR199W,YOR201C,0,-0.43402436,0.08162354677915573,0.5490000247955322,0.6176999807357788
YPR111W,YCL031C,0,-0.43407634,0.08161141723394394,0.5490000247955322,0.6177999973297119
YMR267W,YGL106W,0,-0.43408987,0.08159928768873215,0.5490000247955322,0.617900013923645
YDR527W,YLR277C,0,-0.43413937,0.08158715814352036,0.5490000247955322,0.6179999709129333
YDL225W,YER005W,0,-0.43425795,0.08157503604888916,0.5490000247955322,0.6180999875068665
YOR330C,YBR193C,0,-0.43427145,0.08156292140483856,0.5490000247955322,0.6182000041007996
YOR308C,YNL117W,0,-0.43430176,0.08155079931020737,0.5490000247955322,0.6183000206947327
YOL002C,YNL262W,0,-0.43433824,0.08153869211673737,0.5490000247955322,0.618399977684021
YDR184C,YLL050C,0,-0.43433902,0.08152658492326736,0.5490000247955322,0.6184999942779541
YBR186W,YLR015W,0,-0.43461037,0.08151447772979736,0.5490000247955322,0.6186000108718872
YGR246C,YNL209W,0,-0.4346866,0.08150237798690796,0.5490000247955322,0.6187000274658203
YER127W,YOL156W,0,-0.4347941,0.08149027824401855,0.5490000247955322,0.6187999844551086
YDL013W,YOL078W,0,-0.43482116,0.08147818595170975,0.5490000247955322,0.6189000010490417
YPL101W,YMR156C,0,-0.43491477,0.08146609365940094,0.5490000247955322,0.6190000176429749
YDL035C,YGR217W,0,-0.43492827,0.08145400881767273,0.5490000247955322,0.6190999746322632
YML052W,YIL037C,0,-0.43494323,0.08144192397594452,0.5490000247955322,0.6191999912261963
YPL089C,YDR181C,0,-0.435019,0.08142983913421631,0.5490000247955322,0.6193000078201294
YDL160C,YDR460W,0,-0.43504468,0.08141776919364929,0.5490000247955322,0.6194000244140625
YNL299W,YEL071W,0,-0.43512753,0.08140569180250168,0.5490000247955322,0.6194999814033508
YMR037C,YHR206W,1,-0.43516338,0.08154188096523285,0.550000011920929,0.6194999814033508
YOR005C,YNL159C,0,-0.43519858,0.08152979612350464,0.550000011920929,0.6195999979972839
YPL248C,YIL101C,1,-0.43548074,0.08166592568159103,0.5509999990463257,0.6195999979972839
YER145C,YGR191W,0,-0.4355717,0.08165382593870163,0.5509999990463257,0.619700014591217
YDR021W,YDL232W,0,-0.4357037,0.08164172619581223,0.5509999990463257,0.6197999715805054
YNL164C,YDR492W,0,-0.43579248,0.08162962645292282,0.5509999990463257,0.6198999881744385
YDL058W,YMR276W,0,-0.43583134,0.08161754161119461,0.5509999990463257,0.6200000047683716
YLL041C,YOR241W,0,-0.43588257,0.0816054493188858,0.5509999990463257,0.6201000213623047
YBR132C,YHL024W,0,-0.4361405,0.08159336447715759,0.5509999990463257,0.620199978351593
YOL112W,YDR317W,0,-0.4362721,0.08158128708600998,0.5509999990463257,0.6202999949455261
YPR020W,YIL017C,0,-0.43630666,0.08156920969486237,0.5509999990463257,0.6204000115394592
YKL196C,YKL126W,0,-0.43630862,0.08155713230371475,0.5509999990463257,0.6205000281333923
YNL059C,YDR194C,0,-0.43634233,0.08154506236314774,0.5509999990463257,0.6205999851226807
YIL085C,YPL193W,0,-0.43636313,0.08153299987316132,0.5509999990463257,0.6207000017166138
YER016W,YDR334W,0,-0.43644574,0.0815209373831749,0.5509999990463257,0.6208000183105469
YDL170W,YFR034C,1,-0.4365574,0.0816568061709404,0.5519999861717224,0.6208000183105469
YCR084C,YDL039C,0,-0.43659988,0.08164472877979279,0.5519999861717224,0.6208999752998352
YHL009C,YML076C,1,-0.43660536,0.08178053796291351,0.5529999732971191,0.6208999752998352
YBL078C,YBL040C,0,-0.4366283,0.0817684456706047,0.5529999732971191,0.6209999918937683
YKL014C,YNL042W,0,-0.43667695,0.0817563608288765,0.5529999732971191,0.6211000084877014
YLL040C,YER056C,0,-0.43675494,0.08174426853656769,0.5529999732971191,0.6212000250816345
YOL076W,YMR029C,0,-0.4367618,0.08173219114542007,0.5529999732971191,0.6212999820709229
YER054C,YER095W,0,-0.4368486,0.08172011375427246,0.5529999732971191,0.621399998664856
YNL001W,YER133W,0,-0.43695,0.08170803636312485,0.5529999732971191,0.6215000152587891
YKL017C,YPR124W,0,-0.43709946,0.08169596642255783,0.5529999732971191,0.6215999722480774
YPL047W,YBR112C,0,-0.4372066,0.08168389648199081,0.5529999732971191,0.6216999888420105
YHR163W,YBL007C,0,-0.43724963,0.0816718339920044,0.5529999732971191,0.6218000054359436
YGL037C,YNL202W,0,-0.43734875,0.08165977895259857,0.5529999732971191,0.6219000220298767
YKR053C,YDR492W,0,-0.43739972,0.08164771646261215,0.5529999732971191,0.621999979019165
YER052C,YJL060W,0,-0.4374038,0.08163566887378693,0.5529999732971191,0.6220999956130981
YDL043C,YMR128W,0,-0.43745357,0.0816236138343811,0.5529999732971191,0.6222000122070312
YJR033C,YGL029W,0,-0.43747064,0.08161157369613647,0.5529999732971191,0.6223000288009644
YGR166W,YGL192W,0,-0.43753338,0.08159952610731125,0.5529999732971191,0.6223999857902527
YKR101W,YBR065C,0,-0.4376037,0.08158748596906662,0.5529999732971191,0.6225000023841858
YDR487C,YJR078W,0,-0.4376683,0.08157545328140259,0.5529999732971191,0.6226000189781189
YHL009C,YGL073W,1,-0.43767735,0.08171091228723526,0.5540000200271606,0.6226000189781189
YGL244W,YLR145W,0,-0.43770078,0.08169886469841003,0.5540000200271606,0.6226999759674072
YHR124W,YGL073W,1,-0.4377174,0.08183426409959793,0.5550000071525574,0.6226999759674072
YAL009W,YGR238C,0,-0.4379041,0.08182220160961151,0.5550000071525574,0.6227999925613403
YNL326C,YLR144C,0,-0.43794838,0.08181013911962509,0.5550000071525574,0.6229000091552734
YDR473C,YKL042W,0,-0.4379963,0.08179808408021927,0.5550000071525574,0.6230000257492065
YPL018W,YJL145W,0,-0.4380547,0.08178602904081345,0.5550000071525574,0.6230999827384949
YLR316C,YKR007W,0,-0.4380753,0.08177398145198822,0.5550000071525574,0.623199999332428
YDR385W,YPL097W,0,-0.4381197,0.081761933863163,0.5550000071525574,0.6233000159263611
YBR041W,YDR236C,0,-0.43813708,0.08174988627433777,0.5550000071525574,0.6233999729156494
YPL248C,YDR501W,1,-0.43814573,0.08188512176275253,0.5559999942779541,0.6233999729156494
YJL194W,YNL329C,0,-0.43816456,0.08187306672334671,0.5559999942779541,0.6234999895095825
YFR031C,YOL130W,0,-0.43829432,0.08186101168394089,0.5559999942779541,0.6236000061035156
YPL098C,YNL051W,0,-0.43836108,0.08184896409511566,0.5559999942779541,0.6237000226974487
YDR277C,YDR093W,0,-0.4384345,0.08183691650629044,0.5559999942779541,0.6237999796867371
YER169W,YPL063W,0,-0.4384476,0.08182486891746521,0.5559999942779541,0.6238999962806702
YBR297W,YPL248C,1,-0.43860734,0.08195997774600983,0.5569999814033508,0.6238999962806702
YDR190C,YOL147C,0,-0.43862748,0.08194791525602341,0.5569999814033508,0.6240000128746033
YLR212C,YOR367W,0,-0.43867755,0.08193586021661758,0.5569999814033508,0.6241000294685364
YOL097C,YEL004W,0,-0.43890664,0.08192381262779236,0.5569999814033508,0.6241999864578247
YGL097W,YJL080C,0,-0.43896255,0.08191176503896713,0.5569999814033508,0.6243000030517578
YOL111C,YJL138C,0,-0.43903783,0.0818997174501419,0.5569999814033508,0.6244000196456909
YER005W,YML127W,0,-0.43921766,0.08188767731189728,0.5569999814033508,0.6244999766349792
YNL201C,YER123W,0,-0.4392266,0.08187564462423325,0.5569999814033508,0.6245999932289124
YER125W,YDR221W,0,-0.43939438,0.08186361193656921,0.5569999814033508,0.6247000098228455
YOR057W,YDR098C,0,-0.4393991,0.08185157924890518,0.5569999814033508,0.6248000264167786
YMR060C,YMR039C,0,-0.43946376,0.08183955401182175,0.5569999814033508,0.6248999834060669
YNL216W,YLR183C,1,-0.43947503,0.08197443932294846,0.5580000281333923,0.6248999834060669
YNL216W,YOR032C,1,-0.43953097,0.08210927993059158,0.5590000152587891,0.6248999834060669
YBR102C,YCR073C,0,-0.43993813,0.08209722489118576,0.5590000152587891,0.625
YLL060C,YNL248C,0,-0.4399652,0.08208516985177994,0.5590000152587891,0.6251000165939331
YOL055C,YOR270C,0,-0.439999,0.08207311481237411,0.5590000152587891,0.6251999735832214
YIL167W,YMR073C,0,-0.44014207,0.08206106722354889,0.5590000152587891,0.6252999901771545
YNL330C,YKL002W,0,-0.44016704,0.08204902708530426,0.5590000152587891,0.6254000067710876
YJR031C,YMR203W,0,-0.44019887,0.08203697949647903,0.5590000152587891,0.6255000233650208
YLR060W,YPR031W,0,-0.44027504,0.082024946808815,0.5590000152587891,0.6255999803543091
YDL190C,YIL061C,0,-0.44043782,0.08201291412115097,0.5590000152587891,0.6256999969482422
YGL254W,YHR084W,1,-0.44053558,0.08214757591485977,0.5600000023841858,0.6256999969482422
YKL085W,YDR036C,0,-0.44059464,0.08213552087545395,0.5600000023841858,0.6258000135421753
YOR355W,YAR019C,0,-0.44067174,0.08212348073720932,0.5600000023841858,0.6258999705314636
YBR068C,YDR043C,0,-0.44077075,0.08211144059896469,0.5600000023841858,0.6259999871253967
YGR059W,YKL018W,0,-0.44083315,0.08209940046072006,0.5600000023841858,0.6261000037193298
YHR124W,YOR380W,1,-0.4409561,0.08223395049571991,0.5609999895095825,0.6261000037193298
YKL043W,YIR013C,1,-0.44097134,0.08236846327781677,0.5619999766349792,0.6261000037193298
YNL021W,YOR171C,0,-0.44098824,0.08235638588666916,0.5619999766349792,0.6262000203132629
YPL095C,YOL054W,0,-0.44103014,0.08234432339668274,0.5619999766349792,0.6262999773025513
YMR016C,YMR136W,1,-0.44104996,0.08247875422239304,0.5630000233650208,0.6262999773025513
YOR113W,YMR260C,0,-0.44108966,0.08246667683124542,0.5630000233650208,0.6263999938964844
YMR240C,YLR189C,0,-0.4411508,0.08245459944009781,0.5630000233650208,0.6265000104904175
YML080W,YHR053C,0,-0.44125488,0.0824425220489502,0.5630000233650208,0.6266000270843506
YDL134C,YHR099W,0,-0.4414023,0.08243045210838318,0.5630000233650208,0.6266999840736389
YDR258C,YDR106W,0,-0.44143948,0.08241838961839676,0.5630000233650208,0.626800000667572
YOR132W,YLR167W,0,-0.44146207,0.08240631967782974,0.5630000233650208,0.6269000172615051
YOL002C,YLR109W,0,-0.44155326,0.08239426463842392,0.5630000233650208,0.6269999742507935
YDR279W,YMR156C,0,-0.4416391,0.0823822095990181,0.5630000233650208,0.6270999908447266
YOL088C,YGR216C,0,-0.44165865,0.08237015455961227,0.5630000233650208,0.6272000074386597
YER040W,YMR037C,1,-0.44171894,0.08250439167022705,0.5640000104904175,0.6272000074386597
YJR143C,YDR397C,0,-0.44197,0.08249232172966003,0.5640000104904175,0.6273000240325928
YDR381W,YPL163C,0,-0.44203556,0.08248025923967361,0.5640000104904175,0.6273999810218811
YHR008C,YPR057W,0,-0.44204912,0.0824681967496872,0.5640000104904175,0.6274999976158142
YGL254W,YFR034C,1,-0.44209796,0.08260233700275421,0.5649999976158142,0.6274999976158142
YPR111W,YLR319C,0,-0.44213519,0.0825902670621872,0.5649999976158142,0.6276000142097473
YMR186W,YKL060C,0,-0.44215026,0.08257819712162018,0.5649999976158142,0.6276999711990356
YGR041W,YNL242W,0,-0.44216126,0.08256612718105316,0.5649999976158142,0.6277999877929688
YGL129C,YGL018C,0,-0.4421839,0.08255406469106674,0.5649999976158142,0.6279000043869019
YPR182W,YDL134C,0,-0.44219467,0.08254200220108032,0.5649999976158142,0.628000020980835
YDR151C,YLR014C,1,-0.44223607,0.08267601579427719,0.5659999847412109,0.628000020980835
YOR031W,YLR215C,0,-0.44227925,0.08266393840312958,0.5659999847412109,0.6280999779701233
YDR449C,YHR092C,0,-0.44230637,0.08265186846256256,0.5659999847412109,0.6281999945640564
YDL135C,YHR001W,0,-0.4423238,0.08263979852199554,0.5659999847412109,0.6283000111579895
YJL117W,YIL053W,0,-0.44236663,0.08262773603200912,0.5659999847412109,0.6284000277519226
YIL098C,YJR143C,0,-0.4423793,0.0826156735420227,0.5659999847412109,0.6284999847412109
YBR057C,YKR026C,0,-0.44241926,0.08260361850261688,0.5659999847412109,0.628600001335144
YER157W,YIL076W,0,-0.44243535,0.08259156346321106,0.5659999847412109,0.6287000179290771
YHR178W,YJL110C,1,-0.4425209,0.0827254131436348,0.5669999718666077,0.6287000179290771
YER087C-B,YHR053C,0,-0.44255647,0.08271335065364838,0.5669999718666077,0.6287999749183655
YNR059W,YDL231C,0,-0.44259974,0.08270128071308136,0.5669999718666077,0.6288999915122986
YCL034W,YFL011W,0,-0.44270602,0.08268922567367554,0.5669999718666077,0.6290000081062317
YPL244C,YGR285C,0,-0.4428605,0.08267716318368912,0.5669999718666077,0.6291000247001648
YER068W,YBL090W,0,-0.44286153,0.0826651081442833,0.5669999718666077,0.6291999816894531
YPL248C,YHR124W,1,-0.44287607,0.08279883116483688,0.5680000185966492,0.6291999816894531
YKL152C,YNL297C,0,-0.44288003,0.08278676867485046,0.5680000185966492,0.6292999982833862
YNL142W,YLR357W,0,-0.44298726,0.08277469873428345,0.5680000185966492,0.6294000148773193
YDL170W,YPL133C,1,-0.44303355,0.08290834724903107,0.5690000057220459,0.6294000148773193
YJR017C,YNR047W,0,-0.44306567,0.08289626985788345,0.5690000057220459,0.6294999718666077
YMR127C,YDR488C,0,-0.44308975,0.08288419246673584,0.5690000057220459,0.6295999884605408
YMR308C,YHR020W,0,-0.44319233,0.08287212252616882,0.5690000057220459,0.6297000050544739
YLR347C,YNL188W,0,-0.44322154,0.0828600525856018,0.5690000057220459,0.629800021648407
YLR452C,YOR076C,0,-0.44330916,0.08284799009561539,0.5690000057220459,0.6298999786376953
YGR070W,YNL329C,0,-0.44337463,0.08283592760562897,0.5690000057220459,0.6299999952316284
YER123W,YOL065C,0,-0.44347677,0.08282387256622314,0.5690000057220459,0.6301000118255615
YCR094W,YIL122W,0,-0.44350478,0.08281181752681732,0.5690000057220459,0.6302000284194946
YNL088W,YKL081W,0,-0.44356668,0.0827997699379921,0.5690000057220459,0.630299985408783
YAL034W-A,YML107C,0,-0.4436826,0.08278772234916687,0.5690000057220459,0.6304000020027161
YLR453C,YML032C,0,-0.44369552,0.08277567476034164,0.5690000057220459,0.6305000185966492
YMR173W,YGR261C,0,-0.44370806,0.08276363462209702,0.5690000057220459,0.6305999755859375
YDL164C,YML064C,0,-0.4437369,0.08275160193443298,0.5690000057220459,0.6306999921798706
YDR450W,YAR019C,0,-0.44374043,0.08273956924676895,0.5690000057220459,0.6308000087738037
YNL339C,YKL178C,0,-0.44375387,0.08272753655910492,0.5690000057220459,0.6309000253677368
YBR058C,YLL036C,0,-0.4437548,0.08271551132202148,0.5690000057220459,0.6309999823570251
YOR347C,YOR243C,0,-0.44386786,0.08270348608493805,0.5690000057220459,0.6310999989509583
YPL265W,YOL164W,0,-0.44392875,0.08269146829843521,0.5690000057220459,0.6312000155448914
YMR004W,YMR104C,0,-0.44393834,0.08267945051193237,0.5690000057220459,0.6312999725341797
YDL147W,YLR222C,0,-0.44396758,0.08266744017601013,0.5690000057220459,0.6313999891281128
YEL054C,YNL264C,0,-0.44404826,0.08265542984008789,0.5690000057220459,0.6315000057220459
YDR424C,YMR129W,0,-0.44408205,0.08264342695474625,0.5690000057220459,0.631600022315979
YHR124W,YFR034C,1,-0.4442,0.08277665078639984,0.5699999928474426,0.631600022315979
YBR040W,YBL025W,0,-0.44435287,0.0827646255493164,0.5699999928474426,0.6316999793052673
YMR004W,YNL262W,0,-0.44436398,0.08275261521339417,0.5699999928474426,0.6317999958992004
YBL042C,YER045C,0,-0.4444197,0.08274059742689133,0.5699999928474426,0.6319000124931335
YLR145W,YOR269W,0,-0.44443756,0.08272859454154968,0.5699999928474426,0.6320000290870667
YGR070W,YKR087C,0,-0.44446394,0.08271658420562744,0.5699999928474426,0.632099986076355
YDL045C,YLR298C,0,-0.44451967,0.0827045813202858,0.5699999928474426,0.6322000026702881
YHR005C-A,YML088W,0,-0.4445704,0.08269258588552475,0.5699999928474426,0.6323000192642212
YER087C-B,YPR122W,0,-0.44475305,0.0826805904507637,0.5699999928474426,0.6323999762535095
YMR280C,YDR192C,0,-0.4449233,0.08266860246658325,0.5699999928474426,0.6324999928474426
YMR041C,YER075C,0,-0.44494697,0.0826566144824028,0.5699999928474426,0.6326000094413757
YER049W,YBL084C,0,-0.44502613,0.08264462649822235,0.5699999928474426,0.6327000260353088
YBR121C,YGR274C,0,-0.4450304,0.0826326459646225,0.5699999928474426,0.6327999830245972
YDR311W,YMR008C,0,-0.44504926,0.08262067288160324,0.5699999928474426,0.6328999996185303
YML098W,YML032C,0,-0.44506946,0.08260869234800339,0.5699999928474426,0.6330000162124634
YHR163W,YLR023C,0,-0.44509712,0.08259672671556473,0.5699999928474426,0.6330999732017517
YNL039W,YJR045C,0,-0.4451992,0.08258476108312607,0.5699999928474426,0.6331999897956848
YBR119W,YPL192C,0,-0.4452332,0.08257279545068741,0.5699999928474426,0.6333000063896179
YMR234W,YML091C,0,-0.4452764,0.08256083726882935,0.5699999928474426,0.633400022983551
YGL070C,YDR484W,0,-0.44533587,0.08254887908697128,0.5699999928474426,0.6334999799728394
YNL243W,YJL164C,0,-0.44533625,0.08253692090511322,0.5699999928474426,0.6335999965667725
YNL080C,YAL013W,0,-0.44536647,0.08252497762441635,0.5699999928474426,0.6337000131607056
YBR198C,YDR043C,0,-0.44542888,0.08251302689313889,0.5699999928474426,0.6338000297546387
YNL015W,YIR028W,0,-0.44549182,0.08250108361244202,0.5699999928474426,0.633899986743927
YAL007C,YGR040W,0,-0.4455281,0.08248914778232574,0.5699999928474426,0.6340000033378601
YLR013W,YMR136W,1,-0.44556576,0.08262190967798233,0.5709999799728394,0.6340000033378601
YDR432W,YPL244C,0,-0.4455829,0.08260995149612427,0.5709999799728394,0.6341000199317932
YLR246W,YOL124C,0,-0.44561666,0.0825980007648468,0.5709999799728394,0.6341999769210815
YPR110C,YDR202C,0,-0.4457163,0.08258605748414993,0.5709999799728394,0.6342999935150146
YPR143W,YGL213C,0,-0.4457344,0.08257411420345306,0.5709999799728394,0.6344000101089478
YNL267W,YHL007C,0,-0.44582462,0.08256217837333679,0.5709999799728394,0.6345000267028809
YJR135C,YFL050C,0,-0.44583148,0.08255023509263992,0.5709999799728394,0.6345999836921692
YPR016C,YGL095C,0,-0.44584283,0.08253830671310425,0.5709999799728394,0.6347000002861023
YML043C,YKL008C,0,-0.44585645,0.08252637833356857,0.5709999799728394,0.6348000168800354
YER159C,YDL085W,0,-0.4459351,0.0825144499540329,0.5709999799728394,0.6348999738693237
YGL151W,YHR011W,0,-0.44613907,0.08250252902507782,0.5709999799728394,0.6349999904632568
YDR450W,YOR307C,0,-0.4461832,0.08249060809612274,0.5709999799728394,0.6351000070571899
YIL142W,YGR284C,0,-0.4462318,0.08247869461774826,0.5709999799728394,0.635200023651123
YGR033C,YAR033W,0,-0.44623488,0.08246678113937378,0.5709999799728394,0.6352999806404114
YNL202W,YBR273C,0,-0.44628254,0.0824548751115799,0.5709999799728394,0.6353999972343445
YDL170W,YIL101C,1,-0.4462843,0.0825873538851738,0.5720000267028809,0.6353999972343445
YJL104W,YJL001W,0,-0.4466285,0.08257543295621872,0.5720000267028809,0.6355000138282776
YDL014W,YER030W,0,-0.4466882,0.08256351202726364,0.5720000267028809,0.6355999708175659
YER129W,YBR196C,0,-0.44679213,0.08255159109830856,0.5720000267028809,0.635699987411499
YHR143W-A,YER082C,0,-0.4467992,0.08253968507051468,0.5720000267028809,0.6358000040054321
YHR178W,YDR096W,1,-0.4468459,0.08267205208539963,0.5730000138282776,0.6358000040054321
YNL270C,YGR264C,0,-0.44684967,0.08266012370586395,0.5730000138282776,0.6359000205993652
YNR023W,YIL110W,0,-0.44686177,0.08264820277690887,0.5730000138282776,0.6359999775886536
YOL088C,YIL008W,0,-0.44690314,0.0826362818479538,0.5730000138282776,0.6360999941825867
YGR274C,YOL097C,0,-0.44690484,0.08262436836957932,0.5730000138282776,0.6362000107765198
YMR004W,YLL034C,0,-0.44697684,0.08261245489120483,0.5730000138282776,0.6363000273704529
YOR115C,YPL255W,0,-0.4469923,0.08260054886341095,0.5730000138282776,0.6363999843597412
YBR049C,YHR019C,0,-0.44700888,0.08258864283561707,0.5730000138282776,0.6365000009536743
YDL079C,YNL279W,0,-0.4470404,0.08257673680782318,0.5730000138282776,0.6366000175476074
YHR178W,YDR501W,1,-0.44704255,0.0827089324593544,0.5740000009536743,0.6366000175476074
YMR267W,YPR119W,0,-0.44705674,0.08269701898097992,0.5740000009536743,0.6366999745368958
YGR041W,YDL079C,0,-0.44706059,0.08268510550260544,0.5740000009536743,0.6367999911308289
YFL026W,YLR357W,0,-0.4471078,0.08267319947481155,0.5740000009536743,0.636900007724762
YJR089W,YBR061C,0,-0.44719908,0.08266129344701767,0.5740000009536743,0.6370000243186951
YNL098C,YEL053C,0,-0.44730923,0.08264938741922379,0.5740000009536743,0.6370999813079834
YGR004W,YDR122W,0,-0.4474171,0.0826374888420105,0.5740000009536743,0.6371999979019165
YKL112W,YHR178W,1,-0.44753227,0.08276954293251038,0.574999988079071,0.6371999979019165
YGL173C,YMR239C,0,-0.4475353,0.0827576294541359,0.574999988079071,0.6373000144958496
YOR347C,YDR377W,0,-0.44755173,0.08274571597576141,0.574999988079071,0.6373999714851379
YPL128C,YDR501W,1,-0.44759658,0.08287769556045532,0.5759999752044678,0.6373999714851379
YDR265W,YMR236W,0,-0.44760075,0.08286577463150024,0.5759999752044678,0.637499988079071
YCL034W,YPL224C,0,-0.4476262,0.08285385370254517,0.5759999752044678,0.6376000046730042
YML069W,YMR041C,0,-0.44776252,0.08284194022417068,0.5759999752044678,0.6377000212669373
YNL275W,YKL101W,0,-0.44781896,0.0828300267457962,0.5759999752044678,0.6377999782562256
YJR126C,YDR164C,0,-0.44785884,0.08281811326742172,0.5759999752044678,0.6378999948501587
YIR002C,YPR082C,0,-0.44794682,0.08280620723962784,0.5759999752044678,0.6380000114440918
YDR141C,YLR081W,0,-0.44796705,0.08279430866241455,0.5759999752044678,0.6381000280380249
YML019W,YHR143W,0,-0.44798845,0.08278241008520126,0.5759999752044678,0.6381999850273132
YKR067W,YKL179C,0,-0.4481491,0.08277051150798798,0.5759999752044678,0.6383000016212463
YPL060W,YHR001W-A,0,-0.44818494,0.08275862038135529,0.5759999752044678,0.6384000182151794
YLR459W,YGL219C,0,-0.44827428,0.0827467292547226,0.5759999752044678,0.6384999752044678
YKL175W,YER133W,0,-0.4483244,0.0827348455786705,0.5759999752044678,0.6385999917984009
YDL147W,YBR008C,0,-0.44836447,0.08272296190261841,0.5759999752044678,0.638700008392334
YFR028C,YMR273C,0,-0.44836473,0.08271108567714691,0.5759999752044678,0.6388000249862671
YLR045C,YAR035W,0,-0.44845033,0.08269920945167542,0.5759999752044678,0.6388999819755554
YDR016C,YLR238W,0,-0.44845515,0.08268734067678452,0.5759999752044678,0.6389999985694885
YDL020C,YEL009C,1,-0.44847625,0.08281900733709335,0.5770000219345093,0.6389999985694885
YPL255W,YGR280C,0,-0.4484873,0.08280711621046066,0.5770000219345093,0.6391000151634216
YNR033W,YPL208W,0,-0.44864365,0.08279523253440857,0.5770000219345093,0.63919997215271
YJR147W,YLR166C,0,-0.44865575,0.08278335630893707,0.5770000219345093,0.6392999887466431
YBR211C,YER031C,0,-0.4486843,0.08277148008346558,0.5770000219345093,0.6394000053405762
YML095C,YDL036C,0,-0.44871315,0.08275961130857468,0.5770000219345093,0.6395000219345093
YCR005C,YMR091C,0,-0.4487823,0.08274774253368378,0.5770000219345093,0.6395999789237976
YFR055W,YLR084C,0,-0.44878483,0.08273587375879288,0.5770000219345093,0.6396999955177307
YPL227C,YNL312W,0,-0.44907352,0.08272401243448257,0.5770000219345093,0.6398000121116638
YOL028C,YIL008W,0,-0.44909838,0.08271215856075287,0.5770000219345093,0.6399000287055969
YDR225W,YJL072C,0,-0.449158,0.08270030468702316,0.5770000219345093,0.6399999856948853
YKL172W,YJL145W,0,-0.44920143,0.08268845081329346,0.5770000219345093,0.6401000022888184
YJL173C,YLR119W,0,-0.44934443,0.08267660439014435,0.5770000219345093,0.6402000188827515
YML130C,YOR003W,0,-0.44937617,0.08266475796699524,0.5770000219345093,0.6402999758720398
YNL330C,YOR151C,0,-0.44976646,0.08265291154384613,0.5770000219345093,0.6403999924659729
YMR213W,YNL304W,0,-0.45007297,0.08264108002185822,0.5770000219345093,0.640500009059906
YPL210C,YPL195W,0,-0.45012882,0.0826292410492897,0.5770000219345093,0.6406000256538391
YNL090W,YOR020C,0,-0.45024052,0.08261740952730179,0.5770000219345093,0.6406999826431274
YGL187C,YBR061C,0,-0.45029303,0.08260558545589447,0.5770000219345093,0.6407999992370605
YLL040C,YDR421W,0,-0.4503949,0.08259376138448715,0.5770000219345093,0.6409000158309937
YCR107W,YFR024C-A,0,-0.4504263,0.08258193731307983,0.5770000219345093,0.640999972820282
YKL112W,YGR249W,1,-0.45043096,0.08271322399377823,0.578000009059906,0.640999972820282
YDR456W,YBR042C,0,-0.45043626,0.08270138502120972,0.578000009059906,0.6410999894142151
YBR217W,YFL002C,0,-0.45076707,0.0826895534992218,0.578000009059906,0.6412000060081482
YJL005W,YCL051W,0,-0.45079672,0.08267772942781448,0.578000009059906,0.6413000226020813
YBR170C,YBR050C,0,-0.45080492,0.08266590535640717,0.578000009059906,0.6413999795913696
YKL084W,YOR127W,0,-0.45086822,0.08265408128499985,0.578000009059906,0.6414999961853027
YOL082W,YOR115C,0,-0.4509161,0.08264226466417313,0.578000009059906,0.6416000127792358
YBR069C,YKR022C,0,-0.45096454,0.0826304480433464,0.578000009059906,0.641700029373169
YCR033W,YGR082W,0,-0.45098212,0.08261863887310028,0.578000009059906,0.6417999863624573
YGR030C,YER030W,0,-0.45099887,0.08260682970285416,0.578000009059906,0.6419000029563904
YGL005C,YGR007W,0,-0.45101908,0.08259502798318863,0.578000009059906,0.6420000195503235
YFL025C,YFL049W,0,-0.45102555,0.0825832262635231,0.578000009059906,0.6420999765396118
YGL129C,YOR354C,0,-0.45104712,0.08257143199443817,0.578000009059906,0.6421999931335449
YJR004C,YOR269W,0,-0.4510886,0.08255963772535324,0.578000009059906,0.642300009727478
YMR029C,YHR116W,0,-0.45118913,0.08254784345626831,0.578000009059906,0.6424000263214111
YCR067C,YOL094C,0,-0.45122617,0.08253605663776398,0.578000009059906,0.6424999833106995
YNL201C,YHR072W,0,-0.45127872,0.08252426981925964,0.578000009059906,0.6425999999046326
YLR158C,YLR172C,0,-0.45129004,0.08251249045133591,0.578000009059906,0.6427000164985657
YML131W,YGR221C,0,-0.45131525,0.08250071108341217,0.578000009059906,0.642799973487854
YJL095W,YDR135C,0,-0.45138404,0.08248893916606903,0.578000009059906,0.6428999900817871
YLR167W,YDR072C,0,-0.4513859,0.08247716724872589,0.578000009059906,0.6430000066757202
YPR140W,YML080W,0,-0.4514738,0.08246540278196335,0.578000009059906,0.6431000232696533
YNL112W,YHR143W,0,-0.4514864,0.0824536383152008,0.578000009059906,0.6431999802589417
YER013W,YOL011W,0,-0.45148957,0.08244187384843826,0.578000009059906,0.6432999968528748
YDR381W,YBR036C,0,-0.45151952,0.08243011683225632,0.578000009059906,0.6434000134468079
YAR003W,YDL227C,0,-0.4517445,0.08241836726665497,0.578000009059906,0.6434999704360962
YJL176C,YLR452C,0,-0.45175317,0.08240661770105362,0.578000009059906,0.6435999870300293
YPL217C,YNL153C,0,-0.45177296,0.08239486813545227,0.578000009059906,0.6437000036239624
YER142C,YGL219C,0,-0.4517853,0.08238312602043152,0.578000009059906,0.6438000202178955
YHL019C,YAR018C,0,-0.45180437,0.08237138390541077,0.578000009059906,0.6438999772071838
YPL135W,YLR201C,0,-0.4518217,0.08235964924097061,0.578000009059906,0.6439999938011169
YNL280C,YJL165C,0,-0.45194432,0.08234791457653046,0.578000009059906,0.64410001039505
YJR060W,YOR095C,0,-0.45212388,0.0823361799120903,0.578000009059906,0.6442000269889832
YLR181C,YBR055C,0,-0.45213273,0.08232445269823074,0.578000009059906,0.6442999839782715
YLR098C,YHR084W,1,-0.4521617,0.08245514333248138,0.5789999961853027,0.6442999839782715
YEL003W,YLL024C,0,-0.45223615,0.08244340121746063,0.5789999961853027,0.6444000005722046
YKL062W,YLR014C,1,-0.45237908,0.0825740322470665,0.5799999833106995,0.6444000005722046
YKL048C,YLR224W,0,-0.45261982,0.08256227523088455,0.5799999833106995,0.6445000171661377
YLR320W,YJL063C,0,-0.45267826,0.0825505256652832,0.5799999833106995,0.644599974155426
YIL007C,YLR249W,0,-0.4527284,0.08253877609968185,0.5799999833106995,0.6446999907493591
YKL062W,YHR084W,1,-0.45276627,0.08266932517290115,0.5809999704360962,0.6446999907493591
YLR010C,YGR029W,0,-0.45276713,0.08265756070613861,0.5809999704360962,0.6448000073432922
YBL058W,YML069W,0,-0.4528232,0.08264580368995667,0.5809999704360962,0.6449000239372253
YKL182W,YDL058W,0,-0.4528359,0.08263404667377472,0.5809999704360962,0.6449999809265137
YDL192W,YER161C,0,-0.45289,0.08262229710817337,0.5809999704360962,0.6450999975204468
YLL002W,YOR150W,0,-0.4528906,0.08261054754257202,0.5809999704360962,0.6452000141143799
YBR182C,YER111C,1,-0.45291507,0.08274096995592117,0.5820000171661377,0.6452000141143799
YMR080C,YHR019C,0,-0.45297202,0.08272921293973923,0.5820000171661377,0.6452999711036682
YIL149C,YFR002W,0,-0.45298386,0.08271745592355728,0.5820000171661377,0.6453999876976013
YPL094C,YFL002C,0,-0.45313716,0.08270569890737534,0.5820000171661377,0.6455000042915344
YPL159C,YGR133W,0,-0.45314875,0.08269394934177399,0.5820000171661377,0.6456000208854675
YDL145C,YMR065W,0,-0.4531669,0.08268219977617264,0.5820000171661377,0.6456999778747559
YPL128C,YOR344C,1,-0.45317295,0.08281250298023224,0.5830000042915344,0.6456999778747559
YGR007W,YLR397C,0,-0.45317423,0.0828007385134697,0.5830000042915344,0.645799994468689
YDR240C,YDR295C,0,-0.45329776,0.08278898149728775,0.5830000042915344,0.6459000110626221
YNL302C,YLL012W,0,-0.45330924,0.0827772244811058,0.5830000042915344,0.6460000276565552
YML046W,YER044C,0,-0.453375,0.08276547491550446,0.5830000042915344,0.6460999846458435
YDR469W,YLR313C,0,-0.45339832,0.0827537253499031,0.5830000042915344,0.6462000012397766
YJL039C,YPL175W,0,-0.45341367,0.08274198323488235,0.5830000042915344,0.6463000178337097
YDR251W,YBR098W,0,-0.4534154,0.0827302411198616,0.5830000042915344,0.646399974822998
YML019W,YLR002C,0,-0.45341557,0.08271849900484085,0.5830000042915344,0.6464999914169312
YIL080W,YGL093W,0,-0.4534755,0.0827067643404007,0.5830000042915344,0.6466000080108643
YIL056W,YBR024W,0,-0.4534764,0.08269503712654114,0.5830000042915344,0.6467000246047974
YHL040C,YOR367W,0,-0.45348057,0.08268330991268158,0.5830000042915344,0.6467999815940857
YOR363C,YEL029C,0,-0.45352003,0.08267158269882202,0.5830000042915344,0.6468999981880188
YDR170C,YPL262W,0,-0.4535363,0.08265986293554306,0.5830000042915344,0.6470000147819519
YER148W,YML028W,0,-0.45354113,0.0826481431722641,0.5830000042915344,0.6470999717712402
YLR305C,YDL099W,0,-0.45355955,0.08263643085956573,0.5830000042915344,0.6471999883651733
YDR310C,YPR133W-A,0,-0.45379347,0.08262471854686737,0.5830000042915344,0.6473000049591064
YLR013W,YOR032C,1,-0.45382026,0.0827547088265419,0.5839999914169312,0.6473000049591064
YMR043W,YHR055C,0,-0.453824,0.08274298906326294,0.5839999914169312,0.6474000215530396
YNL288W,YDR392W,0,-0.45385927,0.08273126184940338,0.5839999914169312,0.6474999785423279
YPL120W,YLR052W,0,-0.45397225,0.08271954953670502,0.5839999914169312,0.647599995136261
YHL028W,YAL032C,0,-0.4539753,0.08270782977342606,0.5839999914169312,0.6477000117301941
YGL093W,YOR056C,0,-0.45432058,0.08269611746072769,0.5839999914169312,0.6478000283241272
YJL026W,YNR013C,0,-0.45435777,0.08268441259860992,0.5839999914169312,0.6478999853134155
YOL076W,YNL068C,0,-0.45436707,0.08267270773649216,0.5839999914169312,0.6480000019073486
YGR264C,YMR075W,0,-0.4543674,0.08266100287437439,0.5839999914169312,0.6481000185012817
YIL016W,YNL084C,0,-0.4543733,0.08264930546283722,0.5839999914169312,0.6481999754905701
YJL121C,YDR147W,0,-0.45443523,0.08263760805130005,0.5839999914169312,0.6482999920845032
YER029C,YOR347C,0,-0.45453727,0.08262591809034348,0.5839999914169312,0.6484000086784363
YJL035C,YER164W,0,-0.4545651,0.0826142281293869,0.5839999914169312,0.6485000252723694
YBR182C,YDL020C,1,-0.45456913,0.08274398744106293,0.5849999785423279,0.6485000252723694
YKL062W,YFR034C,1,-0.45461035,0.08287370949983597,0.5860000252723694,0.6485000252723694
YIL018W,YPL110C,0,-0.4546307,0.082861989736557,0.5860000252723694,0.6485999822616577
YGL111W,YOR182C,0,-0.45469376,0.08285027742385864,0.5860000252723694,0.6486999988555908
YER040W,YLR183C,1,-0.45481405,0.08297992497682571,0.5870000123977661,0.6486999988555908
YNL230C,YOR106W,0,-0.45496193,0.08296819776296616,0.5870000123977661,0.6488000154495239
YGL071W,YLR014C,1,-0.45496565,0.08309779316186905,0.5879999995231628,0.6488000154495239
YPL053C,YDR300C,0,-0.4550115,0.0830860510468483,0.5879999995231628,0.6488999724388123
YER065C,YFR055W,0,-0.4550177,0.08307431638240814,0.5879999995231628,0.6489999890327454
YOL121C,YML014W,0,-0.4551488,0.08306258171796799,0.5879999995231628,0.6491000056266785
YPL233W,YOR208W,0,-0.4552598,0.08305084705352783,0.5879999995231628,0.6492000222206116
YGL233W,YBR130C,0,-0.45531777,0.08303911983966827,0.5879999995231628,0.6492999792098999
YGL086W,YJL065C,0,-0.45535776,0.08302739262580872,0.5879999995231628,0.649399995803833
YGR074W,YMR048W,0,-0.455369,0.08301567286252975,0.5879999995231628,0.6495000123977661
YMR301C,YBR098W,0,-0.45537552,0.0830039530992508,0.5879999995231628,0.6496000289916992
YPL248C,YOR380W,1,-0.45540902,0.08313337713479996,0.5889999866485596,0.6496000289916992
YAL024C,YIL154C,0,-0.4554738,0.0831216499209404,0.5889999866485596,0.6496999859809875
YLR158C,YDR273W,0,-0.4555278,0.08310992270708084,0.5889999866485596,0.6498000025749207
YIR008C,YIR028W,0,-0.45563647,0.08309819549322128,0.5889999866485596,0.6499000191688538
YAL059W,YKL186C,0,-0.4557206,0.08308646827936172,0.5889999866485596,0.6499999761581421
YDR188W,YNL182C,0,-0.45572168,0.08307475596666336,0.5889999866485596,0.6500999927520752
YGR170W,YPL075W,0,-0.45572844,0.0830630362033844,0.5889999866485596,0.6502000093460083
YKL178C,YLR229C,0,-0.45585808,0.08305132389068604,0.5889999866485596,0.6503000259399414
YDR118W,YEL062W,0,-0.455859,0.08303961902856827,0.5889999866485596,0.6503999829292297
YHL009C,YGL096W,1,-0.4559082,0.0831688717007637,0.5899999737739563,0.6503999829292297
YMR197C,YHR034C,0,-0.45591044,0.08315715193748474,0.5899999737739563,0.6504999995231628
YMR214W,YBR050C,0,-0.45597923,0.08314543217420578,0.5899999737739563,0.650600016117096
YLR182W,YJL076W,0,-0.45600134,0.08313371986150742,0.5899999737739563,0.6506999731063843
YMR292W,YOL028C,0,-0.45605418,0.08312200754880905,0.5899999737739563,0.6507999897003174
YOR244W,YGR191W,0,-0.4561429,0.08311029523611069,0.5899999737739563,0.6509000062942505
YGL096W,YEL009C,1,-0.4561433,0.08323943614959717,0.5910000205039978,0.6509000062942505
YIL039W,YDR324C,0,-0.45623302,0.0832277163863182,0.5910000205039978,0.6510000228881836
YMR203W,YJL087C,0,-0.4562542,0.08321599662303925,0.5910000205039978,0.6510999798774719
YBR142W,YDL092W,0,-0.4562728,0.08320427685976028,0.5910000205039978,0.651199996471405
YMR309C,YNL117W,0,-0.45643076,0.08319256454706192,0.5910000205039978,0.6513000130653381
YPL154C,YIL036W,0,-0.45651785,0.08318085968494415,0.5910000205039978,0.6514000296592712
YOL111C,YCR073C,0,-0.45652068,0.08316915482282639,0.5910000205039978,0.6514999866485596
YDL137W,YBL080C,0,-0.4566192,0.08315744996070862,0.5910000205039978,0.6516000032424927
YGR288W,YPL133C,1,-0.45666513,0.08328643441200256,0.5920000076293945,0.6516000032424927
YBR182C,YFL031W,1,-0.45669085,0.08341538906097412,0.5929999947547913,0.6516000032424927
YGR008C,YKL002W,0,-0.4569234,0.08340365439653397,0.5929999947547913,0.6517000198364258
YBR250W,YOR371C,0,-0.45695505,0.08339192718267441,0.5929999947547913,0.6517999768257141
YLR214W,YDR153C,0,-0.457005,0.08338019996881485,0.5929999947547913,0.6518999934196472
YLR167W,YLR240W,0,-0.45700836,0.08336848020553589,0.5929999947547913,0.6520000100135803
YGL133W,YLR192C,0,-0.45709345,0.08335676044225693,0.5929999947547913,0.6521000266075134
YHL024W,YDR453C,0,-0.45716694,0.08334504812955856,0.5929999947547913,0.6521999835968018
YDL020C,YIR013C,1,-0.45718214,0.08347386121749878,0.593999981880188,0.6521999835968018
YJL190C,YGR085C,0,-0.4572467,0.08346213400363922,0.593999981880188,0.6523000001907349
YGR095C,YDL120W,0,-0.45746827,0.08345040678977966,0.593999981880188,0.652400016784668
YDR081C,YOR211C,0,-0.45767272,0.0834386870265007,0.593999981880188,0.6524999737739563
YIL149C,YPL156C,0,-0.4576873,0.08342696726322174,0.593999981880188,0.6525999903678894
YMR202W,YHR053C,0,-0.45769787,0.08341524749994278,0.593999981880188,0.6527000069618225
YGL223C,YKL034W,0,-0.45782354,0.08340353518724442,0.593999981880188,0.6528000235557556
YDL243C,YKR029C,0,-0.45786095,0.08339183032512665,0.593999981880188,0.652899980545044
YHR011W,YJR077C,0,-0.45787647,0.08338012546300888,0.593999981880188,0.652999997138977
YLL040C,YDR093W,0,-0.4579049,0.08336842060089111,0.593999981880188,0.6531000137329102
YNL048W,YPR199C,0,-0.45793104,0.08335672318935394,0.593999981880188,0.6531999707221985
YDR206W,YHR074W,0,-0.457961,0.08334502577781677,0.593999981880188,0.6532999873161316
YML038C,YGR116W,0,-0.45796412,0.0833333358168602,0.593999981880188,0.6534000039100647
YIR022W,YKL141W,0,-0.45811918,0.08332164585590363,0.593999981880188,0.6535000205039978
YOR344C,YIL101C,1,-0.45812836,0.08345021307468414,0.5950000286102295,0.6535000205039978
YOR008C,YPR176C,0,-0.45815846,0.08343850821256638,0.5950000286102295,0.6535999774932861
YER088C,YJL178C,0,-0.45832825,0.0834268108010292,0.5950000286102295,0.6536999940872192
YFL022C,YER052C,0,-0.45837238,0.08341511338949203,0.5950000286102295,0.6538000106811523
YIR002C,YJR077C,0,-0.45844397,0.08340342342853546,0.5950000286102295,0.6539000272750854
YKL052C,YMR092C,0,-0.45855942,0.08339173346757889,0.5950000286102295,0.6539999842643738
YJR004C,YLR346C,0,-0.45855966,0.08338004350662231,0.5950000286102295,0.6541000008583069
YOR182C,YIL040W,0,-0.45862088,0.08336836099624634,0.5950000286102295,0.65420001745224
YLR088W,YML031W,0,-0.4586325,0.08335668593645096,0.5950000286102295,0.6542999744415283
YNL102W,YHL025W,0,-0.4586654,0.08334500342607498,0.5950000286102295,0.6543999910354614
YBR102C,YGR098C,0,-0.45900604,0.0833333358168602,0.5950000286102295,0.6545000076293945
YLR286C,YOR340C,0,-0.45915344,0.08332166075706482,0.5950000286102295,0.6546000242233276
YML076C,YMR136W,1,-0.45916384,0.08345001190900803,0.5960000157356262,0.6546000242233276
YAL031C,YLR048W,0,-0.45921043,0.08343832939863205,0.5960000157356262,0.654699981212616
YHL027W,YJR089W,0,-0.4592587,0.08342665433883667,0.5960000157356262,0.6547999978065491
YNR056C,YDL097C,0,-0.4592947,0.0834149718284607,0.5960000157356262,0.6549000144004822
YMR188C,YGR284C,0,-0.45932624,0.08340330421924591,0.5960000157356262,0.6549999713897705
YNL192W,YDR156W,0,-0.45933983,0.08339162915945053,0.5960000157356262,0.6550999879837036
YHL020C,YHR204W,0,-0.45938894,0.08337996900081635,0.5960000157356262,0.6552000045776367
YBR069C,YPL268W,0,-0.4594186,0.08336830139160156,0.5960000157356262,0.6553000211715698
YLL024C,YDR529C,0,-0.45942694,0.08335664123296738,0.5960000157356262,0.6553999781608582
YML031W,YEL004W,0,-0.45950148,0.08334498852491379,0.5960000157356262,0.6554999947547913
YLL015W,YLR025W,0,-0.45960477,0.0833333358168602,0.5960000157356262,0.6556000113487244
YLL018C-A,YJL013C,0,-0.45960858,0.08332168310880661,0.5960000157356262,0.6557000279426575
YGR134W,YOR188W,0,-0.45965174,0.08331003785133362,0.5960000157356262,0.6557999849319458
YNR015W,YLR275W,0,-0.45969078,0.08329839259386063,0.5960000157356262,0.6559000015258789
YDR052C,YGR072W,0,-0.4597406,0.08328675478696823,0.5960000157356262,0.656000018119812
YLL034C,YDL134C,0,-0.45980024,0.08327511698007584,0.5960000157356262,0.6560999751091003
YBR182C,YIL101C,1,-0.45980126,0.08340318500995636,0.597000002861023,0.6560999751091003
YML098W,YPL053C,0,-0.45989773,0.08339153230190277,0.597000002861023,0.6561999917030334
YIL016W,YDR397C,0,-0.4600876,0.08337988704442978,0.597000002861023,0.6563000082969666
YLR113W,YDR082W,0,-0.460175,0.08336824178695679,0.597000002861023,0.6564000248908997
YBR021W,YDR106W,0,-0.46024296,0.08335660398006439,0.597000002861023,0.656499981880188
YGL096W,YLR014C,1,-0.46027428,0.08348457515239716,0.5979999899864197,0.656499981880188
YDR284C,YGR186W,0,-0.46030402,0.08347292244434357,0.5979999899864197,0.6565999984741211
YDR247W,YIL049W,0,-0.46034524,0.08346126973628998,0.5979999899864197,0.6567000150680542
YNL001W,YJL164C,0,-0.4603519,0.08344962447881699,0.5979999899864197,0.6567999720573425
YDR375C,YJL145W,0,-0.4603686,0.083437979221344,0.5979999899864197,0.6568999886512756
YMR041C,YPL101W,0,-0.4604275,0.0834263414144516,0.5979999899864197,0.6570000052452087
YDL116W,YKL150W,0,-0.46043006,0.0834147036075592,0.5979999899864197,0.6571000218391418
YLL050C,YLR081W,0,-0.46043643,0.08340306580066681,0.5979999899864197,0.6571999788284302
YPR132W,YER019C-A,0,-0.4604575,0.08339143544435501,0.5979999899864197,0.6572999954223633
YML132W,YOR089C,0,-0.46076784,0.08337981253862381,0.5979999899864197,0.6574000120162964
YPL128C,YOR380W,1,-0.4607778,0.08350759744644165,0.5989999771118164,0.6574000120162964
YIL085C,YPL224C,0,-0.46081263,0.08349595963954926,0.5989999771118164,0.6575000286102295
YMR198W,YGR129W,0,-0.46085402,0.08348432183265686,0.5989999771118164,0.6575999855995178
YOR320C,YDR163W,0,-0.46085662,0.08347268402576447,0.5989999771118164,0.6577000021934509
YLR182W,YLR051C,0,-0.46088704,0.08346105366945267,0.5989999771118164,0.657800018787384
YLR043C,YKL016C,0,-0.46089187,0.08344943076372147,0.5989999771118164,0.6578999757766724
YDL093W,YOR207C,0,-0.460906,0.08343780785799026,0.5989999771118164,0.6579999923706055
YML011C,YAL056W,0,-0.46092677,0.08342618495225906,0.5989999771118164,0.6581000089645386
YDR083W,YHR075C,0,-0.4609308,0.08341456949710846,0.5989999771118164,0.6582000255584717
YFL023W,YML124C,0,-0.46108183,0.08340295404195786,0.5989999771118164,0.65829998254776
YIL101C,YIR013C,1,-0.4611581,0.08353056013584137,0.6000000238418579,0.65829998254776
YNL047C,YBR275C,0,-0.4611986,0.08351892977952957,0.6000000238418579,0.6583999991416931
YNL275W,YGL249W,0,-0.46120182,0.08350730687379837,0.6000000238418579,0.6585000157356262
YGL155W,YER001W,0,-0.46131238,0.08349568396806717,0.6000000238418579,0.6585999727249146
YBR129C,YDR126W,0,-0.46153185,0.08348406851291656,0.6000000238418579,0.6586999893188477
YER052C,YGL119W,0,-0.46163452,0.08347245305776596,0.6000000238418579,0.6588000059127808
YBR234C,YKL042W,0,-0.4618675,0.08346084505319595,0.6000000238418579,0.6589000225067139
YPL012W,YDL198C,0,-0.46191937,0.08344923704862595,0.6000000238418579,0.6589999794960022
YPL032C,YGR116W,0,-0.46204504,0.08343762904405594,0.6000000238418579,0.6590999960899353
YDR451C,YFR001W,0,-0.46206343,0.08342602849006653,0.6000000238418579,0.6592000126838684
YJR147W,YML105C,0,-0.46208107,0.08341442793607712,0.6000000238418579,0.6593000292778015
YNL245C,YGL016W,0,-0.46220043,0.0834028348326683,0.6000000238418579,0.6593999862670898
YDR082W,YMR043W,0,-0.4622861,0.08339124172925949,0.6000000238418579,0.659500002861023
YMR001C,YGL135W,0,-0.46228734,0.08337965607643127,0.6000000238418579,0.659600019454956
YNR075W,YCR066W,0,-0.46232903,0.08336807042360306,0.6000000238418579,0.6596999764442444
YIL010W,YBR200W,0,-0.46244007,0.08335648477077484,0.6000000238418579,0.6597999930381775
YBR015C,YBR123C,0,-0.46248648,0.08334490656852722,0.6000000238418579,0.6599000096321106
YDR314C,YOL147C,0,-0.4624913,0.0833333358168602,0.6000000238418579,0.6600000262260437
YDR055W,YML113W,0,-0.46260053,0.08332175761461258,0.6000000238418579,0.660099983215332
YMR172W,YIL046W,0,-0.4626777,0.08331019431352615,0.6000000238418579,0.6601999998092651
YGL021W,YDR098C,0,-0.4626933,0.08329862356185913,0.6000000238418579,0.6603000164031982
YOR099W,YLR248W,0,-0.46269345,0.0832870602607727,0.6000000238418579,0.6603999733924866
YAL026C,YAL007C,0,-0.4626979,0.08327550441026688,0.6000000238418579,0.6604999899864197
YHR178W,YLR183C,1,-0.46271023,0.08340272307395935,0.6010000109672546,0.6604999899864197
YLR071C,YER125W,0,-0.46272293,0.08339114487171173,0.6010000109672546,0.6606000065803528
YNL088W,YNR057C,0,-0.4627527,0.0833795815706253,0.6010000109672546,0.6607000231742859
YGL244W,YPL015C,0,-0.46277407,0.08336801081895828,0.6010000109672546,0.6607999801635742
YJL176C,YMR061W,0,-0.46287122,0.08335644751787186,0.6010000109672546,0.6608999967575073
YOL121C,YER155C,0,-0.46317473,0.08334489166736603,0.6010000109672546,0.6610000133514404
YML103C,YLR386W,0,-0.46322328,0.0833333358168602,0.6010000109672546,0.6610999703407288
YOL002C,YKL120W,0,-0.46322894,0.08332177996635437,0.6010000109672546,0.6611999869346619
YKL196C,YKL084W,0,-0.46333694,0.08331023156642914,0.6010000109672546,0.661300003528595
YDR432W,YBR010W,0,-0.46339434,0.0832986831665039,0.6010000109672546,0.6614000201225281
YJR076C,YOR284W,0,-0.46340027,0.08328714221715927,0.6010000109672546,0.6614999771118164
YLR028C,YDR135C,0,-0.463408,0.08327560126781464,0.6010000109672546,0.6615999937057495
YER125W,YLR003C,0,-0.463509,0.08326406031847,0.6010000109672546,0.6617000102996826
YOL086C,YNL222W,0,-0.46354824,0.08325252681970596,0.6010000109672546,0.6618000268936157
YDR077W,YPL161C,0,-0.46356878,0.08324100077152252,0.6010000109672546,0.661899983882904
YML076C,YCR106W,1,-0.46357018,0.08336795121431351,0.6019999980926514,0.661899983882904
YGR038W,YBR088C,0,-0.4636087,0.08335641026496887,0.6019999980926514,0.6620000004768372
YBR195C,YGL253W,0,-0.4636988,0.08334486931562424,0.6019999980926514,0.6621000170707703
YJR160C,YOL033W,0,-0.4637178,0.0833333358168602,0.6019999980926514,0.6621999740600586
YIL038C,YMR088C,0,-0.46371928,0.08332180231809616,0.6019999980926514,0.6622999906539917
YLR222C,YBR152W,0,-0.46382642,0.08331026881933212,0.6019999980926514,0.6624000072479248
YDR088C,YGL086W,0,-0.46384305,0.08329874277114868,0.6019999980926514,0.6625000238418579
YNR035C,YNL248C,0,-0.46405306,0.08328721672296524,0.6019999980926514,0.6625999808311462
YJR010C-A,YOL128C,0,-0.4641048,0.0832756981253624,0.6019999980926514,0.6626999974250793
YNL094W,YDL008W,0,-0.46411386,0.08326417952775955,0.6019999980926514,0.6628000140190125
YJL048C,YDL236W,0,-0.46412557,0.08325266093015671,0.6019999980926514,0.6628999710083008
YOR005C,YOR346W,0,-0.4641886,0.08324114978313446,0.6019999980926514,0.6629999876022339
YBR058C,YNL312W,0,-0.4644373,0.08322963863611221,0.6019999980926514,0.663100004196167
YLL038C,YNL202W,0,-0.4644405,0.08321813493967056,0.6019999980926514,0.6632000207901001
YDR375C,YDR341C,0,-0.46446827,0.08320663124322891,0.6019999980926514,0.6632999777793884
YGL227W,YMR015C,0,-0.4644775,0.08319513499736786,0.6019999980926514,0.6633999943733215
YMR037C,YBR297W,1,-0.46452022,0.08332181721925735,0.6029999852180481,0.6633999943733215
YLR205C,YDR179C,0,-0.4646381,0.08331030607223511,0.6029999852180481,0.6635000109672546
YBR010W,YNL078W,0,-0.4648209,0.08329879492521286,0.6029999852180481,0.6636000275611877
YJR097W,YFL055W,0,-0.4648477,0.08328729122877121,0.6029999852180481,0.6636999845504761
YNL288W,YHR011W,0,-0.4648629,0.08327578753232956,0.6029999852180481,0.6638000011444092
YHL024W,YFR028C,0,-0.4648928,0.0832642912864685,0.6029999852180481,0.6639000177383423
YHR178W,YHR206W,1,-0.46496883,0.08339086174964905,0.6039999723434448,0.6639000177383423
YMR298W,YPL274W,0,-0.4650182,0.0833793506026268,0.6039999723434448,0.6639999747276306
YER183C,YER044C,0,-0.46503866,0.08336783945560455,0.6039999723434448,0.6640999913215637
YMR227C,YMR319C,0,-0.46504617,0.0833563357591629,0.6039999723434448,0.6642000079154968
YDR096W,YFR034C,1,-0.4650483,0.08348281681537628,0.6050000190734863,0.6642000079154968
YGR288W,YJL110C,1,-0.4650614,0.08360926806926727,0.6060000061988831,0.6642000079154968
YPL118W,YML121W,0,-0.46514824,0.08359773457050323,0.6060000061988831,0.6643000245094299
YMR016C,YDR501W,1,-0.46519583,0.08372414112091064,0.6069999933242798,0.6643000245094299
YPR055W,YKR061W,0,-0.4651967,0.08371259272098541,0.6069999933242798,0.6643999814987183
YHL009C,YHR206W,1,-0.46530637,0.08383893966674805,0.6079999804496765,0.6643999814987183
YPL120W,YOR076C,0,-0.4653422,0.08382738381624222,0.6079999804496765,0.6644999980926514
YOR005C,YNL061W,0,-0.4653758,0.08381582796573639,0.6079999804496765,0.6646000146865845
YER083C,YBR057C,0,-0.46540248,0.08380427211523056,0.6079999804496765,0.6646999716758728
YMR119W,YBL074C,0,-0.4654524,0.08379272371530533,0.6079999804496765,0.6647999882698059
YNR013C,YPL028W,0,-0.4655134,0.0837811753153801,0.6079999804496765,0.664900004863739
YMR014W,YIL098C,0,-0.4656135,0.08376963436603546,0.6079999804496765,0.6650000214576721
YLR170C,YKR086W,0,-0.46568325,0.08375809341669083,0.6079999804496765,0.6650999784469604
YHL009C,YLR183C,1,-0.4659619,0.08388429880142212,0.609000027179718,0.6650999784469604
YOR113W,YJR021C,0,-0.46597564,0.08387274295091629,0.609000027179718,0.6651999950408936
YLR221C,YNL142W,0,-0.4659908,0.08386119455099106,0.609000027179718,0.6653000116348267
YDR137W,YDL002C,0,-0.4661435,0.08384964615106583,0.609000027179718,0.6654000282287598
YPL040C,YER123W,0,-0.46617246,0.08383810520172119,0.609000027179718,0.6654999852180481
YDL128W,YHR016C,0,-0.4662139,0.08382656425237656,0.609000027179718,0.6656000018119812
YMR216C,YLL011W,0,-0.46625283,0.08381503075361252,0.609000027179718,0.6657000184059143
YMR127C,YPR186C,0,-0.4663027,0.08380349725484848,0.609000027179718,0.6657999753952026
YOR260W,YER145C,0,-0.46637002,0.08379196375608444,0.609000027179718,0.6658999919891357
YJL110C,YPL133C,1,-0.46647045,0.0839180052280426,0.6100000143051147,0.6658999919891357
YBR102C,YGL033W,0,-0.4665374,0.08390646427869797,0.6100000143051147,0.6660000085830688
YBL042C,YKL060C,0,-0.4665732,0.08389492332935333,0.6100000143051147,0.666100025177002
YOL146W,YDL039C,0,-0.4666206,0.0838833898305893,0.6100000143051147,0.6661999821662903
YHR150W,YPR134W,0,-0.46677774,0.08387185633182526,0.6100000143051147,0.6662999987602234
YPR037C,YPL002C,0,-0.46680793,0.08386032283306122,0.6100000143051147,0.6664000153541565
YDL051W,YHR133C,0,-0.46684608,0.08384879678487778,0.6100000143051147,0.6664999723434448
YKR060W,YKL059C,0,-0.46686915,0.08383727073669434,0.6100000143051147,0.6665999889373779
YKR026C,YOR210W,0,-0.467016,0.08382575213909149,0.6100000143051147,0.666700005531311
YLR020C,YPL040C,0,-0.46711782,0.08381423354148865,0.6100000143051147,0.6668000221252441
YPR102C,YPR042C,0,-0.4671371,0.0838027223944664,0.6100000143051147,0.6668999791145325
YFL031W,YDR501W,1,-0.4675186,0.08392857015132904,0.6110000014305115,0.6668999791145325
YIR010W,YKL025C,0,-0.46762583,0.0839170441031456,0.6110000014305115,0.6669999957084656
YAL026C,YBR171W,0,-0.46762997,0.08390551805496216,0.6110000014305115,0.6671000123023987
YDR097C,YOR346W,0,-0.4678548,0.08389399945735931,0.6110000014305115,0.6672000288963318
YNR016C,YLL043W,0,-0.46792772,0.08388248085975647,0.6110000014305115,0.6672999858856201
YBR182C,YPL248C,1,-0.46796814,0.08400823920965195,0.6119999885559082,0.6672999858856201
YHR001W-A,YPR201W,0,-0.46797147,0.08399670571088791,0.6119999885559082,0.6674000024795532
YLL018C-A,YNL225C,0,-0.4680924,0.08398517966270447,0.6119999885559082,0.6675000190734863
YER111C,YLR014C,1,-0.4681025,0.08411086350679398,0.6129999756813049,0.6675000190734863
YKL212W,YGR152C,0,-0.4681432,0.08409933000802994,0.6129999756813049,0.6675999760627747
YOL054W,YMR101C,0,-0.46819296,0.0840877890586853,0.6129999756813049,0.6676999926567078
YER111C,YMR136W,1,-0.46820498,0.08421341329813004,0.6140000224113464,0.6676999926567078
YGL030W,YPR070W,0,-0.46821177,0.0842018648982048,0.6140000224113464,0.6678000092506409
YNL142W,YGL037C,0,-0.46830407,0.08419031649827957,0.6140000224113464,0.667900025844574
YER020W,YOL012C,0,-0.4683467,0.08417877554893494,0.6140000224113464,0.6679999828338623
YBR257W,YML128C,0,-0.4684926,0.0841672345995903,0.6140000224113464,0.6680999994277954
YNL250W,YBR257W,0,-0.46850476,0.08415570110082626,0.6140000224113464,0.6682000160217285
YDL055C,YLR240W,0,-0.46853742,0.08414416760206223,0.6140000224113464,0.6682999730110168
YCR052W,YDR164C,0,-0.4685976,0.08413264155387878,0.6140000224113464,0.66839998960495
YBR195C,YDR409W,0,-0.46859944,0.08412111550569534,0.6140000224113464,0.6685000061988831
YIR011C,YBR024W,0,-0.4686013,0.0841095894575119,0.6140000224113464,0.6686000227928162
YML048W,YBL057C,0,-0.46864638,0.08409807085990906,0.6140000224113464,0.6686999797821045
YPL154C,YMR048W,0,-0.468744,0.08408655226230621,0.6140000224113464,0.6687999963760376
YFR050C,YLR116W,0,-0.4687468,0.08407504111528397,0.6140000224113464,0.6689000129699707
YBR216C,YMR212C,0,-0.46878457,0.08406352996826172,0.6140000224113464,0.6690000295639038
YOR335C,YDR299W,0,-0.46896186,0.08405201882123947,0.6140000224113464,0.6690999865531921
YJR007W,YBR223C,0,-0.46896994,0.08404051512479782,0.6140000224113464,0.6692000031471252
YPL098C,YAL053W,0,-0.4689982,0.08402901142835617,0.6140000224113464,0.6693000197410583
YKL112W,YIR013C,1,-0.469202,0.08415435254573822,0.6150000095367432,0.6693000197410583
YDR122W,YFL049W,0,-0.46922442,0.08414283394813538,0.6150000095367432,0.6693999767303467
YLR430W,YER053C,0,-0.46929017,0.08413133025169373,0.6150000095367432,0.6694999933242798
YNL167C,YGR092W,0,-0.469349,0.08411981910467148,0.6150000095367432,0.6696000099182129
YHR041C,YML109W,0,-0.46949032,0.08410831540822983,0.6150000095367432,0.669700026512146
YJR010C-A,YKL013C,0,-0.46949753,0.08409681171178818,0.6150000095367432,0.6697999835014343
YPL012W,YJR043C,0,-0.46954194,0.08408531546592712,0.6150000095367432,0.6699000000953674
YBL042C,YOR187W,0,-0.46963456,0.08407381922006607,0.6150000095367432,0.6700000166893005
YBR132C,YFR001W,0,-0.4696695,0.08406233042478561,0.6150000095367432,0.6700999736785889
YHL022C,YOL128C,0,-0.46992037,0.08405084162950516,0.6150000095367432,0.670199990272522
YMR060C,YFR005C,0,-0.46992913,0.0840393528342247,0.6150000095367432,0.6703000068664551
YML013W,YDR285W,0,-0.46999875,0.08402787148952484,0.6150000095367432,0.6704000234603882
YGL022W,YCR082W,0,-0.47000563,0.08401639014482498,0.6150000095367432,0.6704999804496765
YDR385W,YPR086W,0,-0.4700342,0.08400491625070572,0.6150000095367432,0.6705999970436096
YFR041C,YML032C,0,-0.47011536,0.08399344235658646,0.6150000095367432,0.6707000136375427
YNL065W,YER173W,0,-0.47014177,0.08398197591304779,0.6150000095367432,0.670799970626831
YDR407C,YKL165C,0,-0.47021332,0.08397050946950912,0.6150000095367432,0.6708999872207642
YDR263C,YBR156C,0,-0.47026023,0.08395904302597046,0.6150000095367432,0.6710000038146973
YFR014C,YAL007C,0,-0.47031417,0.08394758403301239,0.6150000095367432,0.6711000204086304
YOR294W,YNL078W,0,-0.4704464,0.08393612504005432,0.6150000095367432,0.6711999773979187
YHR178W,YPL248C,1,-0.47045583,0.0840611383318901,0.6159999966621399,0.6711999773979187
YOR173W,YNL082W,0,-0.47052965,0.08404966443777084,0.6159999966621399,0.6712999939918518
YGL173C,YKL150W,0,-0.47053397,0.08403819799423218,0.6159999966621399,0.6714000105857849
YOR217W,YDL035C,0,-0.47059104,0.08402673900127411,0.6159999966621399,0.671500027179718
YKL194C,YDR273W,0,-0.47066697,0.08401527255773544,0.6159999966621399,0.6715999841690063
YDR170C,YMR116C,0,-0.47070873,0.08400382101535797,0.6159999966621399,0.6717000007629395
YER029C,YPL015C,0,-0.47089958,0.0839923620223999,0.6159999966621399,0.6718000173568726
YGL038C,YMR231W,0,-0.4711206,0.08398091048002243,0.6159999966621399,0.6718999743461609
YFL013C,YMR214W,0,-0.47139177,0.08396946638822556,0.6159999966621399,0.671999990940094
YBR022W,YOL063C,0,-0.47148937,0.08395802229642868,0.6159999966621399,0.6721000075340271
YHL024W,YOL130W,0,-0.4715018,0.0839465782046318,0.6159999966621399,0.6722000241279602
YNL159C,YNL248C,0,-0.4715213,0.08393514156341553,0.6159999966621399,0.6722999811172485
YDR225W,YER061C,0,-0.47158805,0.08392370492219925,0.6159999966621399,0.6723999977111816
YNR038W,YCR047C,0,-0.47176173,0.08391227573156357,0.6159999966621399,0.6725000143051147
YGR183C,YGL167C,0,-0.4719137,0.08390084654092789,0.6159999966621399,0.6725999712944031
YCR047C,YML102W,0,-0.47199768,0.0838894173502922,0.6159999966621399,0.6726999878883362
YKL093W,YPR007C,0,-0.4720254,0.08387799561023712,0.6159999966621399,0.6728000044822693
YCR084C,YNL182C,0,-0.4720349,0.08386657387018204,0.6159999966621399,0.6729000210762024
YLR274W,YHR187W,0,-0.4720501,0.08385515958070755,0.6159999966621399,0.6729999780654907
YDR108W,YCL059C,0,-0.47220895,0.08384374529123306,0.6159999966621399,0.6730999946594238
YLR403W,YMR136W,1,-0.47226018,0.08396842330694199,0.6169999837875366,0.6730999946594238
YER024W,YHR187W,0,-0.4724433,0.0839570015668869,0.6169999837875366,0.6732000112533569
YLR357W,YOR216C,0,-0.47252697,0.08394557982683182,0.6169999837875366,0.67330002784729
YLR067C,YDR280W,0,-0.47256067,0.08393415808677673,0.6169999837875366,0.6733999848365784
YIR013C,YLR014C,1,-0.47260994,0.08405876159667969,0.6179999709129333,0.6733999848365784
YMR060C,YBL051C,0,-0.47263193,0.08404732495546341,0.6179999709129333,0.6735000014305115
YIR023W,YJL014W,0,-0.47269887,0.08403589576482773,0.6179999709129333,0.6736000180244446
YIR033W,YER015W,0,-0.4727192,0.08402447402477264,0.6179999709129333,0.6736999750137329
YKL073W,YDR473C,0,-0.47272024,0.08401305228471756,0.6179999709129333,0.673799991607666
YJR102C,YBR188C,0,-0.47281927,0.08400163054466248,0.6179999709129333,0.6739000082015991
YGL244W,YDR435C,0,-0.47295755,0.08399021625518799,0.6179999709129333,0.6740000247955322
YHR083W,YML015C,0,-0.47300884,0.0839788019657135,0.6179999709129333,0.6740999817848206
YGL061C,YNL068C,0,-0.47303683,0.08396738767623901,0.6179999709129333,0.6741999983787537
YDR309C,YOL146W,0,-0.4731184,0.08395598083734512,0.6179999709129333,0.6743000149726868
YCL040W,YDL116W,0,-0.47312906,0.08394458144903183,0.6179999709129333,0.6743999719619751
YMR192W,YLR249W,0,-0.47323644,0.08393318206071854,0.6179999709129333,0.6744999885559082
YLR371W,YBR205W,0,-0.47329846,0.08392178267240524,0.6179999709129333,0.6746000051498413
YML112W,YDR324C,0,-0.47338742,0.08391038328409195,0.6179999709129333,0.6747000217437744
YML016C,YNL221C,0,-0.47339758,0.08389899879693985,0.6179999709129333,0.6747999787330627
YCL011C,YHR086W,0,-0.47340474,0.08388760685920715,0.6179999709129333,0.6748999953269958
YOR153W,YOR347C,0,-0.4734178,0.08387622237205505,0.6179999709129333,0.675000011920929
YBR065C,YKL080W,0,-0.47355634,0.08386483788490295,0.6179999709129333,0.6751000285148621
YMR246W,YPL243W,0,-0.4736068,0.08385346084833145,0.6179999709129333,0.6751999855041504
YGL249W,YLR450W,0,-0.47376958,0.08384208381175995,0.6179999709129333,0.6753000020980835
YJR065C,YOR367W,0,-0.47377422,0.08383071422576904,0.6179999709129333,0.6754000186920166
YNL186W,YOR295W,0,-0.47383144,0.08381933718919754,0.6179999709129333,0.6754999756813049
YLR262C,YOR188W,0,-0.47393647,0.08380797505378723,0.6179999709129333,0.675599992275238
YPL002C,YAR033W,0,-0.47397944,0.08379661291837692,0.6179999709129333,0.6757000088691711
YKR089C,YKL038W,0,-0.47412452,0.08378525078296661,0.6179999709129333,0.6758000254631042
YBR129C,YNL182C,0,-0.47413012,0.0837738886475563,0.6179999709129333,0.6758999824523926
YHL009C,YHR178W,1,-0.47415194,0.08389807492494583,0.6190000176429749,0.6758999824523926
YMR035W,YBR103W,0,-0.47417596,0.08388670533895493,0.6190000176429749,0.6759999990463257
YER112W,YBL020W,0,-0.47419706,0.08387533575296402,0.6190000176429749,0.6761000156402588
YDR190C,YIL039W,0,-0.47423038,0.08386397361755371,0.6190000176429749,0.6761999726295471
YBL002W,YKR007W,0,-0.4742737,0.0838526114821434,0.6190000176429749,0.6762999892234802
YBR195C,YER049W,0,-0.47433302,0.08384125679731369,0.6190000176429749,0.6764000058174133
YHR178W,YOR344C,1,-0.47439563,0.08396533131599426,0.6200000047683716,0.6764000058174133
YOR005C,YDR337W,0,-0.4745355,0.08395396173000336,0.6200000047683716,0.6765000224113464
YOR073W,YJL010C,0,-0.4745822,0.08394259214401245,0.6200000047683716,0.6765999794006348
YKL185W,YDR320C,0,-0.4746603,0.08393123000860214,0.6200000047683716,0.6766999959945679
YPL256C,YHR062C,0,-0.47483835,0.08391986787319183,0.6200000047683716,0.676800012588501
YHR008C,YLR396C,0,-0.4748393,0.08390851318836212,0.6200000047683716,0.6769000291824341
YGR082W,YLR086W,0,-0.47484186,0.08389715850353241,0.6200000047683716,0.6769999861717224
YCR106W,YMR136W,1,-0.47498146,0.08402110636234283,0.6209999918937683,0.6769999861717224
YDR110W,YOR156C,0,-0.47511852,0.08400973677635193,0.6209999918937683,0.6771000027656555
YBR196C,YMR061W,0,-0.4751469,0.08399837464094162,0.6209999918937683,0.6772000193595886
YDR255C,YLR277C,0,-0.47519496,0.08398701995611191,0.6209999918937683,0.677299976348877
YNR057C,YDR148C,0,-0.47539237,0.0839756578207016,0.6209999918937683,0.6773999929428101
YNL216W,YDR501W,1,-0.47543287,0.08409951627254486,0.621999979019165,0.6773999929428101
YDR513W,YHR066W,0,-0.47543338,0.08408814668655396,0.621999979019165,0.6775000095367432
YBR015C,YJL124C,0,-0.47548503,0.08407677710056305,0.621999979019165,0.6776000261306763
YLR130C,YPL012W,0,-0.47549713,0.08406541496515274,0.621999979019165,0.6776999831199646
YPL196W,YGR270W,0,-0.47559392,0.08405405282974243,0.621999979019165,0.6777999997138977
YDR435C,YKL002W,0,-0.47560963,0.08404269814491272,0.621999979019165,0.6779000163078308
YDL120W,YPR082C,0,-0.47569358,0.08403134346008301,0.621999979019165,0.6779999732971191
YOR095C,YDR164C,0,-0.4757482,0.0840199887752533,0.621999979019165,0.6780999898910522
YPL051W,YHR079C-A,0,-0.47575554,0.08400864154100418,0.621999979019165,0.6782000064849854
YIL167W,YDR329C,0,-0.47577116,0.08399730175733566,0.621999979019165,0.6783000230789185
YJL108C,YLR167W,0,-0.4757894,0.08398595452308655,0.621999979019165,0.6783999800682068
YFR037C,YNL159C,0,-0.47579592,0.08397462218999863,0.621999979019165,0.6784999966621399
YGR288W,YLR013W,1,-0.4758174,0.08409827202558517,0.6230000257492065,0.6784999966621399
YLR438C-A,YLL024C,0,-0.47582403,0.08408692479133606,0.6230000257492065,0.678600013256073
YLR316C,YLR342W,0,-0.47598845,0.08407557010650635,0.6230000257492065,0.6786999702453613
YIL039W,YGR005C,0,-0.47612524,0.08406423032283783,0.6230000257492065,0.6787999868392944
YDR206W,YDR324C,0,-0.47619322,0.08405289053916931,0.6230000257492065,0.6789000034332275
YCR071C,YKL042W,0,-0.47620568,0.0840415507555008,0.6230000257492065,0.6790000200271606
YBR290W,YML032C,0,-0.4763542,0.08403021097183228,0.6230000257492065,0.679099977016449
YGR158C,YDR397C,0,-0.4764128,0.08401887863874435,0.6230000257492065,0.6791999936103821
YML062C,YBR068C,0,-0.47644544,0.08400755375623703,0.6230000257492065,0.6793000102043152
YBR196C,YBR186W,0,-0.47652152,0.08399622142314911,0.6230000257492065,0.6794000267982483
YGL192W,YKL185W,0,-0.4765474,0.08398490399122238,0.6230000257492065,0.6794999837875366
YDL024C,YLR192C,0,-0.47671875,0.08397357910871506,0.6230000257492065,0.6796000003814697
YBR172C,YMR240C,0,-0.47673604,0.08396226167678833,0.6230000257492065,0.6797000169754028
YCR047C,YKL148C,0,-0.47687754,0.0839509516954422,0.6230000257492065,0.6797999739646912
YPL217C,YHR120W,0,-0.47694227,0.08393964171409607,0.6230000257492065,0.6798999905586243
YMR041C,YDL077C,0,-0.47696224,0.08392833173274994,0.6230000257492065,0.6800000071525574
YGR161C,YJR044C,0,-0.47697043,0.0839170292019844,0.6230000257492065,0.6801000237464905
YLR208W,YLR066W,0,-0.4769768,0.08390572667121887,0.6230000257492065,0.6801999807357788
YGR199W,YOR233W,0,-0.4772229,0.08389442414045334,0.6230000257492065,0.6802999973297119
YPL040C,YOL115W,0,-0.47727063,0.0838831290602684,0.6230000257492065,0.680400013923645
YBR290W,YGL257C,0,-0.47740307,0.08387183398008347,0.6230000257492065,0.6804999709129333
YNL047C,YOR005C,0,-0.4774377,0.08386054635047913,0.6230000257492065,0.6805999875068665
YDR194C,YHR172W,0,-0.47743925,0.08384925872087479,0.6230000257492065,0.6807000041007996
YNL167C,YLR190W,0,-0.47754353,0.08383797854185104,0.6230000257492065,0.6808000206947327
YMR161W,YMR139W,0,-0.4776345,0.0838266983628273,0.6230000257492065,0.680899977684021
YDR268W,YDR194C,0,-0.4776539,0.08381541818380356,0.6230000257492065,0.6809999942779541
YDL005C,YDR523C,0,-0.47777864,0.08380414545536041,0.6230000257492065,0.6811000108718872
YGL254W,YDL020C,1,-0.47781405,0.08392737060785294,0.6240000128746033,0.6811000108718872
YPL193W,YKL017C,0,-0.47785154,0.0839160829782486,0.6240000128746033,0.6812000274658203
YCR033W,YMR145C,0,-0.4778724,0.08390480279922485,0.6240000128746033,0.6812999844551086
YDR420W,YOR133W,0,-0.4778856,0.08389352262020111,0.6240000128746033,0.6814000010490417
YJR140C,YIR028W,0,-0.4778939,0.08388224244117737,0.6240000128746033,0.6815000176429749
YHR052W,YLR157C,0,-0.47792906,0.08387096971273422,0.6240000128746033,0.6815999746322632
YPR103W,YFL024C,0,-0.47797474,0.08385969698429108,0.6240000128746033,0.6816999912261963
YNL118C,YGR264C,0,-0.47799298,0.08384842425584793,0.6240000128746033,0.6818000078201294
YPL161C,YIL154C,0,-0.47802562,0.08383715897798538,0.6240000128746033,0.6819000244140625
YNL112W,YOR270C,0,-0.47805542,0.08382590115070343,0.6240000128746033,0.6819999814033508
YIL016W,YPL129W,0,-0.47812262,0.08381464332342148,0.6240000128746033,0.6820999979972839
YOR063W,YOR035C,0,-0.4781653,0.08380338549613953,0.6240000128746033,0.682200014591217
YER147C,YJR093C,0,-0.47820047,0.08379212766885757,0.6240000128746033,0.6822999715805054
YDR283C,YIR028W,0,-0.47835693,0.08378087729215622,0.6240000128746033,0.6823999881744385
YMR161W,YLR078C,0,-0.478363,0.08376963436603546,0.6240000128746033,0.6825000047683716
YLR403W,YHR084W,1,-0.4784281,0.08389262109994888,0.625,0.6825000047683716
YOR133W,YDL111C,0,-0.47859123,0.08388135582208633,0.625,0.6826000213623047
YLR340W,YLR215C,0,-0.47863993,0.08387010544538498,0.625,0.682699978351593
YPR193C,YOR236W,0,-0.47866836,0.08385884761810303,0.625,0.6827999949455261
YGR104C,YER164W,0,-0.47871128,0.08384759724140167,0.625,0.6829000115394592
YDL134C,YOR103C,0,-0.47878572,0.08383635431528091,0.625,0.6830000281333923
YLR430W,YGR006W,0,-0.47879234,0.08382510393857956,0.625,0.6830999851226807
YDL145C,YPR119W,0,-0.4787927,0.0838138684630394,0.625,0.6832000017166138
YBR087W,YER003C,0,-0.47879577,0.08380262553691864,0.625,0.6833000183105469
YOL142W,YHR074W,0,-0.47884417,0.08379139006137848,0.625,0.6833999752998352
YGR171C,YMR150C,0,-0.47887778,0.08378016203641891,0.625,0.6834999918937683
YOR355W,YJL047C,0,-0.47889623,0.08376893401145935,0.625,0.6836000084877014
YGR214W,YCL051W,0,-0.4789669,0.08375770598649979,0.625,0.6837000250816345
YMR097C,YPR171W,0,-0.47906134,0.08374648541212082,0.625,0.6837999820709229
YER095W,YJL076W,0,-0.47906885,0.08373526483774185,0.625,0.683899998664856
YBL099W,YCR028C-A,0,-0.4791403,0.08372404426336288,0.625,0.6840000152587891
YOR361C,YOL043C,0,-0.47922936,0.08371283113956451,0.625,0.6840999722480774
YPR036W,YOR045W,0,-0.47940704,0.08370161801576614,0.625,0.6841999888420105
YPL146C,YIL053W,0,-0.47942308,0.08369041234254837,0.625,0.6843000054359436
YDR501W,YGR249W,1,-0.47944075,0.08381309360265732,0.6259999871253967,0.6843000054359436
YCR002C,YER045C,0,-0.47946307,0.08380187302827835,0.6259999871253967,0.6844000220298767
YPL270W,YER009W,0,-0.4794778,0.08379065990447998,0.6259999871253967,0.684499979019165
YDR416W,YLR109W,0,-0.4796243,0.08377944678068161,0.6259999871253967,0.6845999956130981
YOR084W,YIL065C,0,-0.4796551,0.08376823365688324,0.6259999871253967,0.6847000122070312
YHR175W,YPR173C,0,-0.47973722,0.08375702798366547,0.6259999871253967,0.6848000288009644
YCL025C,YLR193C,0,-0.47981903,0.08374582231044769,0.6259999871253967,0.6848999857902527
YER038C,YGR177C,0,-0.4798713,0.08373461663722992,0.6259999871253967,0.6850000023841858
YKL208W,YCL069W,0,-0.47995517,0.08372341841459274,0.6259999871253967,0.6851000189781189
YHR200W,YML113W,0,-0.4801304,0.08371222019195557,0.6259999871253967,0.6851999759674072
YNL138W,YER155C,0,-0.48014757,0.08370102941989899,0.6259999871253967,0.6852999925613403
YFR001W,YBR020W,0,-0.4801831,0.08368983864784241,0.6259999871253967,0.6854000091552734
YPL093W,YMR214W,0,-0.4802589,0.08367865532636642,0.6259999871253967,0.6855000257492065
YLR226W,YNL262W,0,-0.48029205,0.08366747200489044,0.6259999871253967,0.6855999827384949
YCR063W,YDL111C,0,-0.48032752,0.08365628868341446,0.6259999871253967,0.685699999332428
YMR037C,YOR380W,1,-0.4803616,0.0837787315249443,0.6269999742507935,0.685699999332428
YBR035C,YER161C,0,-0.4805124,0.08376753330230713,0.6269999742507935,0.6858000159263611
YKL172W,YPL235W,0,-0.48060858,0.08375634253025055,0.6269999742507935,0.6858999729156494
YDL170W,YDR096W,1,-0.48061195,0.08387872576713562,0.628000020980835,0.6858999729156494
YPL240C,YNL177C,0,-0.48068526,0.08386752009391785,0.628000020980835,0.6859999895095825
YLR447C,YDR099W,0,-0.48070213,0.08385632187128067,0.628000020980835,0.6861000061035156
YCR063W,YDL245C,0,-0.48076063,0.0838451236486435,0.628000020980835,0.6862000226974487
YBL088C,YER017C,0,-0.48086223,0.08383393287658691,0.628000020980835,0.6862999796867371
YBL061C,YJL219W,0,-0.48087874,0.08382274210453033,0.628000020980835,0.6863999962806702
YHR178W,YGL254W,1,-0.4809248,0.08394501358270645,0.6290000081062317,0.6863999962806702
YMR156C,YLR157C,0,-0.4809722,0.08393381536006927,0.6290000081062317,0.6865000128746033
YPR009W,YFR051C,0,-0.4810136,0.0839226171374321,0.6290000081062317,0.6866000294685364
YGR253C,YDL022W,0,-0.48102784,0.08391141891479492,0.6290000081062317,0.6866999864578247
YNL333W,YLL027W,0,-0.4810972,0.08390022814273834,0.6290000081062317,0.6868000030517578
YBL018C,YPL161C,0,-0.4812094,0.08388903737068176,0.6290000081062317,0.6869000196456909
YHR107C,YHR006W,0,-0.48130473,0.08387785404920578,0.6290000081062317,0.6869999766349792
YNL283C,YJL004C,0,-0.48130766,0.0838666632771492,0.6290000081062317,0.6870999932289124
YGL044C,YDL164C,0,-0.48136836,0.08385548740625381,0.6290000081062317,0.6872000098228455
YIL131C,YPR074C,0,-0.48138908,0.08384431153535843,0.6290000081062317,0.6873000264167786
YER044C,YPR023C,0,-0.48143902,0.08383313566446304,0.6290000081062317,0.6873999834060669
YNL020C,YDR179C,0,-0.48152798,0.08382195979356766,0.6290000081062317,0.6875
YOR106W,YKL140W,0,-0.48153698,0.08381079137325287,0.6290000081062317,0.6876000165939331
YOL066C,YLR426W,0,-0.48156628,0.08379963040351868,0.6290000081062317,0.6876999735832214
YDL192W,YML103C,0,-0.48162517,0.08378846198320389,0.6290000081062317,0.6877999901771545
YHR181W,YNL002C,0,-0.4817009,0.0837773010134697,0.6290000081062317,0.6879000067710876
YGL044C,YNL020C,0,-0.48173502,0.0837661474943161,0.6290000081062317,0.6880000233650208
YGR104C,YLR081W,0,-0.48181364,0.0837549939751625,0.6290000081062317,0.6880999803543091
YGR033C,YDR036C,0,-0.4818251,0.08374384045600891,0.6290000081062317,0.6881999969482422
YCL032W,YDL223C,0,-0.48191717,0.08373269438743591,0.6290000081062317,0.6883000135421753
YDL060W,YBR152W,0,-0.48201063,0.08372154831886292,0.6290000081062317,0.6883999705314636
YKR059W,YER109C,0,-0.48202875,0.08371040970087051,0.6290000081062317,0.6884999871253967
YLR298C,YHR066W,0,-0.4820436,0.08369927108287811,0.6290000081062317,0.6886000037193298
YOL111C,YCL063W,0,-0.48206544,0.08368813246488571,0.6290000081062317,0.6887000203132629
YDR303C,YKL022C,0,-0.48213926,0.08367700129747391,0.6290000081062317,0.6887999773025513
YGL032C,YKL193C,0,-0.48225987,0.0836658701300621,0.6290000081062317,0.6888999938964844
YJL047C,YGR156W,0,-0.48245388,0.0836547389626503,0.6290000081062317,0.6890000104904175
YDR292C,YMR138W,0,-0.48249966,0.08364361524581909,0.6290000081062317,0.6891000270843506
YAL056W,YOR003W,0,-0.48250857,0.08363249897956848,0.6290000081062317,0.6891999840736389
YIL046W,YGR057C,0,-0.4825139,0.08362137526273727,0.6290000081062317,0.689300000667572
YMR092C,YBR097W,0,-0.48256958,0.08361025899648666,0.6290000081062317,0.6894000172615051
YNL206C,YKL146W,0,-0.48274165,0.08359915018081665,0.6290000081062317,0.6894999742507935
YNL111C,YDR192C,0,-0.483152,0.08358804136514664,0.6290000081062317,0.6895999908447266
YMR025W,YBR201W,0,-0.48315653,0.08357693254947662,0.6290000081062317,0.6897000074386597
YDR446W,YGL229C,0,-0.48316288,0.08356583118438721,0.6290000081062317,0.6898000240325928
YBR161W,YBL078C,0,-0.48316917,0.08355472981929779,0.6290000081062317,0.6898999810218811
YJR092W,YML075C,0,-0.4832503,0.08354362845420837,0.6290000081062317,0.6899999976158142
YOR233W,YKR029C,0,-0.4833724,0.08353253453969955,0.6290000081062317,0.6901000142097473
YOR346W,YNL073W,0,-0.48353302,0.08352144807577133,0.6290000081062317,0.6901999711990356
YKL108W,YHL020C,0,-0.48356262,0.08351035416126251,0.6290000081062317,0.6902999877929688
YER040W,YHR124W,1,-0.48359635,0.08363202214241028,0.6299999952316284,0.6902999877929688
YOR153W,YHR186C,0,-0.48367265,0.08362092077732086,0.6299999952316284,0.6904000043869019
YKR097W,YMR296C,0,-0.48373178,0.08360981941223145,0.6299999952316284,0.690500020980835
YNL169C,YGL210W,0,-0.48396277,0.08359872549772263,0.6299999952316284,0.6905999779701233
YOL110W,YCR098C,0,-0.48401776,0.0835876315832138,0.6299999952316284,0.6906999945640564
YBL102W,YMR202W,0,-0.48412415,0.08357654511928558,0.6299999952316284,0.6908000111579895
YFR029W,YOL003C,0,-0.4841704,0.08356545865535736,0.6299999952316284,0.6909000277519226
YDR200C,YDL022W,0,-0.48421788,0.08355437964200974,0.6299999952316284,0.6909999847412109
YNL274C,YGR057C,0,-0.48434636,0.08354329317808151,0.6299999952316284,0.691100001335144
YHL009C,YPL133C,1,-0.48434928,0.08366481214761734,0.6309999823570251,0.691100001335144
YGR246C,YDL190C,0,-0.48440817,0.08365371823310852,0.6309999823570251,0.6912000179290771
YJL041W,YOR313C,0,-0.48465636,0.0836426317691803,0.6309999823570251,0.6912999749183655
YNL326C,YFR008W,0,-0.48479083,0.08363154530525208,0.6309999823570251,0.6913999915122986
YBL064C,YGL158W,0,-0.48490998,0.08362045884132385,0.6309999823570251,0.6915000081062317
YLR060W,YDR464W,0,-0.48495677,0.08360937982797623,0.6309999823570251,0.6916000247001648
YPR113W,YDR529C,0,-0.484966,0.0835983008146286,0.6309999823570251,0.6916999816894531
YIL085C,YNR035C,0,-0.4850957,0.08358722925186157,0.6309999823570251,0.6917999982833862
YLR309C,YMR216C,0,-0.4851077,0.08357615768909454,0.6309999823570251,0.6919000148773193
YMR016C,YBR182C,1,-0.4851289,0.08369752019643784,0.6320000290870667,0.6919000148773193
YMR227C,YHR082C,0,-0.48520556,0.08368644118309021,0.6320000290870667,0.6919999718666077
YBL105C,YDR022C,0,-0.4853792,0.08367536216974258,0.6320000290870667,0.6920999884605408
YDR255C,YML005W,0,-0.48557428,0.08366428315639496,0.6320000290870667,0.6922000050544739
YGL071W,YDR096W,1,-0.48566636,0.08378557115793228,0.6330000162124634,0.6922000050544739
YNL139C,YHR098C,0,-0.4856902,0.08377448469400406,0.6330000162124634,0.692300021648407
YAR007C,YBR030W,0,-0.48580593,0.08376339823007584,0.6330000162124634,0.6923999786376953
YJL124C,YOL082W,0,-0.4858956,0.08375231176614761,0.6330000162124634,0.6924999952316284
YBR201W,YOL164W,0,-0.4859542,0.08374123275279999,0.6330000162124634,0.6926000118255615
YIL014W,YAL002W,0,-0.4860248,0.08373016119003296,0.6330000162124634,0.6927000284194946
YOR159C,YGR108W,0,-0.48602608,0.08371908217668533,0.6330000162124634,0.692799985408783
YGL257C,YGR142W,0,-0.48603532,0.0837080106139183,0.6330000162124634,0.6929000020027161
YPL012W,YPR165W,0,-0.486069,0.08369694650173187,0.6330000162124634,0.6930000185966492
YNL302C,YDR021W,0,-0.4860943,0.08368588238954544,0.6330000162124634,0.6930999755859375
YLR067C,YER062C,0,-0.48614758,0.08367481827735901,0.6330000162124634,0.6931999921798706
YLR129W,YBL093C,0,-0.48617467,0.08366376161575317,0.6330000162124634,0.6933000087738037
YPR176C,YDR148C,0,-0.48617765,0.08365270495414734,0.6330000162124634,0.6934000253677368
YCL043C,YKR007W,0,-0.48622125,0.0836416482925415,0.6330000162124634,0.6934999823570251
YMR211W,YCR066W,0,-0.48636174,0.08363059908151627,0.6330000162124634,0.6935999989509583
YJL196C,YDR358W,0,-0.48653975,0.08361954987049103,0.6330000162124634,0.6937000155448914
YGL180W,YFR031C,0,-0.48659647,0.08360850811004639,0.6330000162124634,0.6937999725341797
YDR358W,YDR016C,0,-0.48664495,0.08359746634960175,0.6330000162124634,0.6938999891281128
YDL170W,YDL020C,1,-0.48665485,0.08371847122907639,0.6340000033378601,0.6938999891281128
YGR006W,YJL208C,0,-0.48671478,0.08370742201805115,0.6340000033378601,0.6940000057220459
YDR292C,YBL035C,0,-0.48672116,0.08369637280702591,0.6340000033378601,0.694100022315979
YMR319C,YBR244W,0,-0.48675367,0.08368532359600067,0.6340000033378601,0.6941999793052673
YOR018W,YNL102W,0,-0.4867588,0.08367427438497543,0.6340000033378601,0.6942999958992004
YOR039W,YGR264C,0,-0.4867967,0.08366323262453079,0.6340000033378601,0.6944000124931335
YCR106W,YLR014C,1,-0.4868799,0.08378414064645767,0.6349999904632568,0.6944000124931335
YLL050C,YMR299C,0,-0.4870805,0.08377308398485184,0.6349999904632568,0.6945000290870667
YDR258C,YDL111C,0,-0.48710954,0.0837620347738266,0.6349999904632568,0.694599986076355
YGL096W,YKL062W,1,-0.48713282,0.0838828831911087,0.6359999775886536,0.694599986076355
YGR193C,YLR276C,0,-0.48715124,0.08387181907892227,0.6359999775886536,0.6947000026702881
YOR043W,YML055W,0,-0.48716313,0.08386076241731644,0.6359999775886536,0.6948000192642212
YNL023C,YJL110C,1,-0.48722008,0.08398154377937317,0.6370000243186951,0.6948000192642212
YER042W,YNL312W,0,-0.48736787,0.08397047221660614,0.6370000243186951,0.6948999762535095
YOL065C,YJL013C,0,-0.48759618,0.08395940065383911,0.6370000243186951,0.6949999928474426
YKL060C,YJL102W,0,-0.4879186,0.08394833654165268,0.6370000243186951,0.6951000094413757
YFL013C,YKR029C,0,-0.4879314,0.08393727988004684,0.6370000243186951,0.6952000260353088
YOL063C,YPL269W,0,-0.487945,0.08392621576786041,0.6370000243186951,0.6952999830245972
YLR043C,YJL146W,0,-0.48804358,0.08391515910625458,0.6370000243186951,0.6953999996185303
YOR245C,YDR330W,0,-0.4880661,0.08390410989522934,0.6370000243186951,0.6955000162124634
YAR007C,YLR048W,0,-0.48810917,0.0838930606842041,0.6370000243186951,0.6955999732017517
YDR420W,YDR308C,0,-0.48817238,0.08388201147317886,0.6370000243186951,0.6956999897956848
YDR071C,YOL149W,0,-0.48838136,0.08387096971273422,0.6370000243186951,0.6958000063896179
YPL234C,YKL165C,0,-0.48847005,0.08385992795228958,0.6370000243186951,0.695900022983551
YGR033C,YLR141W,0,-0.48867044,0.08384888619184494,0.6370000243186951,0.6959999799728394
YBR041W,YNL097C,0,-0.48867622,0.0838378518819809,0.6370000243186951,0.6960999965667725
YDR361C,YHR039C-A,0,-0.48869988,0.08382681757211685,0.6370000243186951,0.6962000131607056
YDR167W,YPR111W,0,-0.488915,0.0838157907128334,0.6370000243186951,0.6963000297546387
YMR016C,YLR014C,1,-0.4889635,0.08393632620573044,0.6380000114440918,0.6963000297546387
YNL210W,YBL084C,0,-0.4889671,0.0839252844452858,0.6380000114440918,0.696399986743927
YOR117W,YMR058W,0,-0.48909006,0.08391424268484116,0.6380000114440918,0.6965000033378601
YDR388W,YPL235W,0,-0.4891009,0.08390320837497711,0.6380000114440918,0.6966000199317932
YPL040C,YPL262W,0,-0.48912212,0.08389217406511307,0.6380000114440918,0.6966999769210815
YLR059C,YDR164C,0,-0.48925328,0.08388114720582962,0.6380000114440918,0.6967999935150146
YGR038W,YDR116C,0,-0.489371,0.08387012034654617,0.6380000114440918,0.6969000101089478
YJL039C,YGL120C,0,-0.48939335,0.08385909348726273,0.6380000114440918,0.6970000267028809
YLR023C,YMR224C,0,-0.48952165,0.08384807407855988,0.6380000114440918,0.6970999836921692
YML043C,YNR046W,0,-0.48952308,0.08383705466985703,0.6380000114440918,0.6972000002861023
YGR095C,YLR431C,0,-0.4896212,0.08382604271173477,0.6380000114440918,0.6973000168800354
YIL085C,YOR132W,0,-0.48974738,0.08381503075361252,0.6380000114440918,0.6973999738693237
YGL012W,YFR036W,0,-0.48987782,0.08380401879549026,0.6380000114440918,0.6974999904632568
YML019W,YPL200W,0,-0.489948,0.08379301428794861,0.6380000114440918,0.6976000070571899
YPR068C,YDL102W,0,-0.49002504,0.08378200978040695,0.6380000114440918,0.697700023651123
YMR016C,YOR032C,1,-0.49006665,0.08390231430530548,0.6389999985694885,0.697700023651123
YNL227C,YLR270W,0,-0.490141,0.08389129489660263,0.6389999985694885,0.6977999806404114
YOR185C,YMR093W,0,-0.4901426,0.08388028293848038,0.6389999985694885,0.6978999972343445
YPL126W,YIL097W,0,-0.4902424,0.08386927098035812,0.6389999985694885,0.6980000138282776
YML130C,YIL097W,0,-0.49030915,0.08385826647281647,0.6389999985694885,0.6980999708175659
YLR134W,YKL006C-A,0,-0.49034917,0.08384726196527481,0.6389999985694885,0.698199987411499
YDL155W,YBL018C,0,-0.4903579,0.08383626490831375,0.6389999985694885,0.6983000040054321
YLR399C,YGL053W,0,-0.49042436,0.08382526785135269,0.6389999985694885,0.6984000205993652
YDR292C,YJR047C,0,-0.49047533,0.08381427079439163,0.6389999985694885,0.6984999775886536
YKL208W,YAL013W,0,-0.49047667,0.08380328118801117,0.6389999985694885,0.6985999941825867
YJR137C,YLL006W,0,-0.49056414,0.0837922915816307,0.6389999985694885,0.6987000107765198
YML019W,YPL031C,0,-0.49057317,0.08378130197525024,0.6389999985694885,0.6988000273704529
YHR082C,YGL145W,0,-0.49062657,0.08377031981945038,0.6389999985694885,0.6988999843597412
YDL130W,YGR088W,0,-0.49064213,0.08375933766365051,0.6389999985694885,0.6990000009536743
YPL097W,YIL115C,0,-0.4906458,0.08374836295843124,0.6389999985694885,0.6991000175476074
YGR145W,YGL048C,0,-0.4906464,0.08373738825321198,0.6389999985694885,0.6991999745368958
YDL043C,YER148W,0,-0.4908416,0.0837264135479927,0.6389999985694885,0.6992999911308289
YPR113W,YML114C,0,-0.49087974,0.08371544629335403,0.6389999985694885,0.699400007724762
YOL124C,YKL008C,0,-0.49088156,0.08370447903871536,0.6389999985694885,0.6995000243186951
YBR280C,YDR079C-A,0,-0.49110904,0.08369351923465729,0.6389999985694885,0.6995999813079834
YLR298C,YGR178C,0,-0.4911159,0.08368255943059921,0.6389999985694885,0.6996999979019165
YOR380W,YHR206W,1,-0.49118105,0.08380254358053207,0.6399999856948853,0.6996999979019165
YPR032W,YNL302C,0,-0.49127337,0.0837915688753128,0.6399999856948853,0.6998000144958496
YNL261W,YOR216C,0,-0.4912838,0.08378060162067413,0.6399999856948853,0.6998999714851379
YPL130W,YLR109W,0,-0.49138406,0.08376963436603546,0.6399999856948853,0.699999988079071
YER190W,YNL280C,0,-0.4915267,0.08375866711139679,0.6399999856948853,0.7001000046730042
YBR080C,YLR216C,0,-0.49153206,0.08374770730733871,0.6399999856948853,0.7002000212669373
YPL112C,YNR044W,0,-0.49172923,0.08373675495386124,0.6399999856948853,0.7002999782562256
YJR060W,YMR235C,0,-0.4917335,0.08372579514980316,0.6399999856948853,0.7003999948501587
YGR128C,YGR286C,0,-0.49189892,0.08371484279632568,0.6399999856948853,0.7005000114440918
YLR028C,YPL243W,0,-0.4920608,0.0837038978934288,0.6399999856948853,0.7006000280380249
YMR211W,YIL084C,0,-0.49208358,0.08369295299053192,0.6399999856948853,0.7006999850273132
YGL192W,YFR013W,0,-0.49218836,0.08368200808763504,0.6399999856948853,0.7008000016212463
YLR067C,YPL033C,0,-0.49230668,0.08367107063531876,0.6399999856948853,0.7009000182151794
YCR009C,YPR074C,0,-0.4923281,0.08366013318300247,0.6399999856948853,0.7009999752044678
YDL150W,YNL225C,0,-0.49241152,0.08364919573068619,0.6399999856948853,0.7010999917984009
YNR059W,YMR067C,0,-0.49244544,0.0836382657289505,0.6399999856948853,0.701200008392334
YDR345C,YOR056C,0,-0.49249527,0.08362733572721481,0.6399999856948853,0.7013000249862671
YJR068W,YOL043C,0,-0.49253276,0.08361641317605972,0.6399999856948853,0.7013999819755554
YDL195W,YOL063C,0,-0.4925449,0.08360548317432404,0.6399999856948853,0.7014999985694885
YER133W,YGR098C,0,-0.4927136,0.08359456807374954,0.6399999856948853,0.7016000151634216
YNL051W,YKL193C,0,-0.492878,0.08358364552259445,0.6399999856948853,0.70169997215271
YPL270W,YJR046W,0,-0.4929724,0.08357273787260056,0.6399999856948853,0.7017999887466431
YER183C,YKR061W,0,-0.49324605,0.08356182277202606,0.6399999856948853,0.7019000053405762
YML095C,YCR073W-A,0,-0.49325624,0.08355091512203217,0.6399999856948853,0.7020000219345093
YLR275W,YMR260C,0,-0.4933385,0.08354000747203827,0.6399999856948853,0.7020999789237976
YJR135C,YOR147W,0,-0.49336186,0.08352910727262497,0.6399999856948853,0.7021999955177307
YCR047C,YKL035W,0,-0.4933886,0.08351820707321167,0.6399999856948853,0.7023000121116638
YNL012W,YML042W,0,-0.49348685,0.08350730687379837,0.6399999856948853,0.7024000287055969
YGR162W,YJR033C,0,-0.4935415,0.08349641412496567,0.6399999856948853,0.7024999856948853
YER094C,YCL031C,0,-0.49378154,0.08348552137613297,0.6399999856948853,0.7026000022888184
YBL063W,YJR022W,0,-0.49380368,0.08347462862730026,0.6399999856948853,0.7027000188827515
YLR265C,YPR042C,0,-0.49381748,0.08346374332904816,0.6399999856948853,0.7027999758720398
YER040W,YGR249W,1,-0.49390274,0.08358325809240341,0.640999972820282,0.7027999758720398
YOL004W,YDR492W,0,-0.49416426,0.08357235789299011,0.640999972820282,0.7028999924659729
YOR002W,YBR143C,0,-0.49418688,0.08356146514415741,0.640999972820282,0.703000009059906
YHR042W,YOR321W,0,-0.49419925,0.08355057239532471,0.640999972820282,0.7031000256538391
YJL201W,YPR074C,0,-0.4942917,0.0835396870970726,0.640999972820282,0.7031999826431274
YDR265W,YLR298C,0,-0.4943246,0.0835288017988205,0.640999972820282,0.7032999992370605
YBL039C,YER026C,0,-0.4943482,0.08351791650056839,0.640999972820282,0.7034000158309937
YDR190C,YPL203W,0,-0.49443683,0.08350703120231628,0.640999972820282,0.703499972820282
YBL097W,YJL010C,0,-0.49448648,0.08349616080522537,0.640999972820282,0.7035999894142151
YBR198C,YPR086W,0,-0.49462923,0.08348528295755386,0.640999972820282,0.7037000060081482
YKL176C,YDR297W,0,-0.49468026,0.08347441256046295,0.640999972820282,0.7038000226020813
YPL018W,YDR256C,0,-0.49478346,0.08346354216337204,0.640999972820282,0.7038999795913696
YDL130W-A,YOL142W,0,-0.49498764,0.08345267176628113,0.640999972820282,0.7039999961853027
YIL128W,YHR114W,0,-0.4950296,0.08344180881977081,0.640999972820282,0.7041000127792358
YJL041W,YOR308C,0,-0.49513862,0.0834309533238411,0.640999972820282,0.704200029373169
YPL248C,YER111C,1,-0.49520794,0.08355023711919785,0.6420000195503235,0.704200029373169
YPL010W,YML013W,0,-0.4953249,0.08353935927152634,0.6420000195503235,0.7042999863624573
YLR318W,YDL047W,0,-0.49545795,0.08352849632501602,0.6420000195503235,0.7044000029563904
YIL076W,YEL071W,0,-0.49546602,0.08351762592792511,0.6420000195503235,0.7045000195503235
YMR044W,YBR196C,0,-0.49551234,0.0835067629814148,0.6420000195503235,0.7045999765396118
YBR085W,YGL249W,0,-0.4955311,0.08349590003490448,0.6420000195503235,0.7046999931335449
YGR014W,YLR078C,0,-0.49556753,0.08348504453897476,0.6420000195503235,0.704800009727478
YMR164C,YLL031C,0,-0.49559453,0.08347418904304504,0.6420000195503235,0.7049000263214111
YNL239W,YDR334W,0,-0.49567088,0.08346334099769592,0.6420000195503235,0.7049999833106995
YDL020C,YMR136W,1,-0.49567595,0.08358247578144073,0.6430000066757202,0.7049999833106995
YOR344C,YEL009C,1,-0.49579808,0.08370158821344376,0.6439999938011169,0.7049999833106995
YBR231C,YJR090C,0,-0.49581358,0.08369071036577225,0.6439999938011169,0.7050999999046326
YNR031C,YNL236W,0,-0.49590555,0.08367983251810074,0.6439999938011169,0.7052000164985657
YDL099W,YOR198C,0,-0.4959615,0.08366896212100983,0.6439999938011169,0.705299973487854
YFR034C,YEL009C,1,-0.4961182,0.08378800004720688,0.6449999809265137,0.705299973487854
YGR108W,YKL008C,0,-0.49622107,0.08377711474895477,0.6449999809265137,0.7053999900817871
YOR160W,YOL060C,0,-0.49627742,0.08376623690128326,0.6449999809265137,0.7055000066757202
YIL046W,YFL058W,0,-0.4962832,0.08375535905361176,0.6449999809265137,0.7056000232696533
YMR288W,YOL115W,0,-0.49633136,0.08374448120594025,0.6449999809265137,0.7056999802589417
YHL036W,YPL086C,0,-0.49636692,0.08373361080884933,0.6449999809265137,0.7057999968528748
YGL254W,YFL031W,1,-0.49641213,0.08385254442691803,0.6460000276565552,0.7057999968528748
YDL231C,YNR039C,0,-0.49648687,0.08384165912866592,0.6460000276565552,0.7059000134468079
YEL037C,YLR048W,0,-0.49651656,0.08383078128099442,0.6460000276565552,0.7059999704360962
YDR303C,YLR330W,0,-0.49652395,0.0838199034333229,0.6460000276565552,0.7060999870300293
YDR451C,YOR213C,0,-0.496574,0.083809033036232,0.6460000276565552,0.7062000036239624
YLR205C,YNL139C,0,-0.49665657,0.08379815518856049,0.6460000276565552,0.7063000202178955
YLL006W,YLR109W,0,-0.49670514,0.08378729224205017,0.6460000276565552,0.7063999772071838
YOR032C,YPL133C,1,-0.49671394,0.08390610665082932,0.6470000147819519,0.7063999772071838
YKR056W,YMR197C,0,-0.49674195,0.0838952288031578,0.6470000147819519,0.7064999938011169
YKL082C,YGR262C,0,-0.49715003,0.0838843509554863,0.6470000147819519,0.70660001039505
YCR012W,YLR067C,0,-0.4971867,0.08387347310781479,0.6470000147819519,0.7067000269889832
YJL093C,YDR480W,0,-0.497351,0.08386260271072388,0.6470000147819519,0.7067999839782715
YLR301W,YJL184W,0,-0.49750963,0.08385173976421356,0.6470000147819519,0.7069000005722046
YBR038W,YOR254C,0,-0.49752632,0.08384086936712265,0.6470000147819519,0.7070000171661377
YLR384C,YDL223C,0,-0.49770477,0.08383000642061234,0.6470000147819519,0.707099974155426
YBR297W,YHR084W,1,-0.49780825,0.08394870162010193,0.6480000019073486,0.707099974155426
YNL282W,YML075C,0,-0.49788752,0.08393782377243042,0.6480000019073486,0.7071999907493591
YOR340C,YNR056C,0,-0.49789774,0.08392695337533951,0.6480000019073486,0.7073000073432922
YJR035W,YOR284W,0,-0.49819905,0.0839160829782486,0.6480000019073486,0.7074000239372253
YFR050C,YJL133W,0,-0.49830702,0.08390522003173828,0.6480000019073486,0.7074999809265137
YBR089C-A,YGR108W,0,-0.49862462,0.08389435708522797,0.6480000019073486,0.7075999975204468
YBR182C,YJL110C,1,-0.49864492,0.0840129479765892,0.6489999890327454,0.7075999975204468
YOR018W,YNL221C,0,-0.49868193,0.0840020701289177,0.6489999890327454,0.7077000141143799
YPL248C,YGR249W,1,-0.49875733,0.08412061631679535,0.6499999761581421,0.7077000141143799
YBR119W,YLR015W,0,-0.49887988,0.08410973101854324,0.6499999761581421,0.7077999711036682
YBR198C,YPR134W,0,-0.4989391,0.08409884572029114,0.6499999761581421,0.7078999876976013
YOL110W,YKL190W,0,-0.49898854,0.08408796787261963,0.6499999761581421,0.7080000042915344
YFR027W,YER106W,0,-0.49905756,0.08407709002494812,0.6499999761581421,0.7081000208854675
YPR102C,YHR152W,0,-0.49908516,0.08406621962785721,0.6499999761581421,0.7081999778747559
YDR158W,YBR267W,0,-0.49932358,0.0840553492307663,0.6499999761581421,0.708299994468689
YER040W,YHR178W,1,-0.49950126,0.0841737762093544,0.6510000228881836,0.708299994468689
YLR130C,YPR029C,0,-0.4995327,0.08416289836168289,0.6510000228881836,0.7084000110626221
YNL102W,YPR122W,0,-0.49954757,0.08415201306343079,0.6510000228881836,0.7085000276565552
YPR072W,YML038C,0,-0.49972627,0.08414114266633987,0.6510000228881836,0.7085999846458435
YNL202W,YLR256W,0,-0.49985182,0.08413026481866837,0.6510000228881836,0.7087000012397766
YOR171C,YJR006W,0,-0.50006247,0.08411939442157745,0.6510000228881836,0.7088000178337097
YNR006W,YJL192C,0,-0.5001406,0.08410852402448654,0.6510000228881836,0.708899974822998
YHL009C,YKL112W,1,-0.50015783,0.08422684669494629,0.6520000100135803,0.708899974822998
YGR170W,YIR006C,0,-0.5002273,0.08421596139669418,0.6520000100135803,0.7089999914169312
YBR278W,YOR229W,0,-0.5002856,0.08420509099960327,0.6520000100135803,0.7091000080108643
YOR270C,YOR011W,0,-0.5003917,0.08419421315193176,0.6520000100135803,0.7092000246047974
YHL009C,YMR136W,1,-0.50052965,0.08431246131658554,0.652999997138977,0.7092000246047974
YIL019W,YEL062W,0,-0.5005549,0.08430157601833344,0.652999997138977,0.7092999815940857
YLR329W,YNL123W,0,-0.5006633,0.08429069072008133,0.652999997138977,0.7093999981880188
YLL002W,YBL003C,0,-0.5006835,0.08427981287240982,0.652999997138977,0.7095000147819519
YPR175W,YJL092W,0,-0.5007066,0.08426893502473831,0.652999997138977,0.7095999717712402
YBR041W,YJR086W,0,-0.5007961,0.0842580646276474,0.652999997138977,0.7096999883651733
YLR069C,YER094C,0,-0.5008977,0.08424719423055649,0.652999997138977,0.7098000049591064
YDR075W,YGL021W,0,-0.50102264,0.08423632383346558,0.652999997138977,0.7099000215530396
YLR088W,YDL111C,0,-0.5010233,0.08422546088695526,0.652999997138977,0.7099999785423279
YLR371W,YJL012C,0,-0.50104135,0.08421459794044495,0.652999997138977,0.710099995136261
YFR046C,YOL065C,0,-0.50122255,0.08420374244451523,0.652999997138977,0.7102000117301941
YOL051W,YFR047C,0,-0.5013328,0.08419287949800491,0.652999997138977,0.7103000283241272
YNL232W,YHR039C-A,0,-0.5014061,0.08418203145265579,0.652999997138977,0.7103999853134155
YMR060C,YJR064W,0,-0.50147104,0.08417117595672607,0.652999997138977,0.7105000019073486
YBR172C,YLR298C,0,-0.5015036,0.08416032791137695,0.652999997138977,0.7106000185012817
YGR288W,YBR297W,1,-0.5015121,0.08427835255861282,0.6539999842643738,0.7106000185012817
YHR196W,YDR135C,0,-0.50158393,0.08426748961210251,0.6539999842643738,0.7106999754905701
YDR118W,YJL124C,0,-0.5016058,0.08425663411617279,0.6539999842643738,0.7107999920845032
YHR058C,YDL101C,0,-0.501626,0.08424577862024307,0.6539999842643738,0.7109000086784363
YJL048C,YML041C,0,-0.50183165,0.08423493057489395,0.6539999842643738,0.7110000252723694
YOR149C,YKL148C,0,-0.5018368,0.08422408252954483,0.6539999842643738,0.7110999822616577
YFL039C,YCR047C,0,-0.50189805,0.08421323448419571,0.6539999842643738,0.7111999988555908
YCL029C,YDL243C,0,-0.50202364,0.08420239388942719,0.6539999842643738,0.7113000154495239
YMR308C,YNL225C,0,-0.5021524,0.08419155329465866,0.6539999842643738,0.7113999724388123
YHR023W,YNL329C,0,-0.5021849,0.08418072015047073,0.6539999842643738,0.7114999890327454
YJR002W,YHL007C,0,-0.50222564,0.0841698870062828,0.6539999842643738,0.7116000056266785
YHR200W,YPL095C,0,-0.5022333,0.08415905386209488,0.6539999842643738,0.7117000222206116
YKL013C,YPL268W,0,-0.502357,0.08414822071790695,0.6539999842643738,0.7117999792098999
YNL216W,YEL009C,1,-0.5025193,0.0842660516500473,0.6549999713897705,0.7117999792098999
YGR220C,YPL235W,0,-0.50260484,0.08425521105527878,0.6549999713897705,0.711899995803833
YGR134W,YGL207W,0,-0.5027453,0.08424437046051025,0.6549999713897705,0.7120000123977661
YMR143W,YOR099W,0,-0.5027884,0.08423353731632233,0.6549999713897705,0.7121000289916992
YPL040C,YGL061C,0,-0.5028022,0.084222711622715,0.6549999713897705,0.7121999859809875
YDR299W,YGR262C,0,-0.502875,0.08421187847852707,0.6549999713897705,0.7123000025749207
YDL223C,YBR049C,0,-0.50293636,0.08420105278491974,0.6549999713897705,0.7124000191688538
YNL274C,YMR184W,0,-0.50294054,0.084190234541893,0.6549999713897705,0.7124999761581421
YBR207W,YOR106W,0,-0.50306404,0.08417940884828568,0.6549999713897705,0.7125999927520752
YER179W,YPR134W,0,-0.50310636,0.08416859060525894,0.6549999713897705,0.7127000093460083
YGR206W,YKL002W,0,-0.50316536,0.0841577798128128,0.6549999713897705,0.7128000259399414
YCR063W,YDR311W,0,-0.503214,0.08414696902036667,0.6549999713897705,0.7128999829292297
YAL024C,YGL129C,0,-0.50324684,0.08413615822792053,0.6549999713897705,0.7129999995231628
YGR007W,YMR073C,0,-0.5032513,0.08412535488605499,0.6549999713897705,0.713100016117096
YCL067C,YLR003C,0,-0.5032784,0.08411455154418945,0.6549999713897705,0.7131999731063843
YOR344C,YDR501W,1,-0.50328714,0.0842321515083313,0.656000018119812,0.7131999731063843
YPL178W,YDL117W,0,-0.50329727,0.08422134071588516,0.656000018119812,0.7132999897003174
YER049W,YLR157C,0,-0.5033378,0.08421052992343903,0.656000018119812,0.7134000062942505
YPL206C,YGR133W,0,-0.5033485,0.08419971913099289,0.656000018119812,0.7135000228881836
YBL055C,YPL209C,0,-0.5034575,0.08418890833854675,0.656000018119812,0.7135999798774719
YML019W,YNL007C,0,-0.50350547,0.08417810499668121,0.656000018119812,0.713699996471405
YMR038C,YHL002W,0,-0.5035057,0.08416730910539627,0.656000018119812,0.7138000130653381
YDR457W,YIR019C,0,-0.5035119,0.08415651321411133,0.656000018119812,0.7139000296592712
YDL142C,YPR041W,0,-0.5035224,0.08414571732282639,0.656000018119812,0.7139999866485596
YNR003C,YPR124W,0,-0.50353974,0.08413492143154144,0.656000018119812,0.7141000032424927
YKL057C,YGL135W,0,-0.50361514,0.0841241329908371,0.656000018119812,0.7142000198364258
YLR090W,YNL339C,0,-0.5036414,0.08411334455013275,0.656000018119812,0.7142999768257141
YNL088W,YJL168C,0,-0.50369275,0.084102563560009,0.656000018119812,0.7143999934196472
YLR183C,YPL133C,1,-0.5037952,0.08421996980905533,0.6570000052452087,0.7143999934196472
YMR268C,YNL333W,0,-0.50384235,0.08420917391777039,0.6570000052452087,0.7145000100135803
YKL112W,YLR183C,1,-0.50398,0.08432654291391373,0.6579999923706055,0.7145000100135803
YBR192W,YGR197C,0,-0.50400347,0.08431573212146759,0.6579999923706055,0.7146000266075134
YDR082W,YBR105C,0,-0.50402486,0.08430493623018265,0.6579999923706055,0.7146999835968018
YHL009C,YEL009C,1,-0.50405025,0.08442223817110062,0.6589999794960022,0.7146999835968018
YOR153W,YFR052W,0,-0.5041481,0.08441142737865448,0.6589999794960022,0.7148000001907349
YDR170C,YLR459W,0,-0.5041932,0.08440061658620834,0.6589999794960022,0.714900016784668
YOL044W,YDL223C,0,-0.5041993,0.08438980579376221,0.6589999794960022,0.7149999737739563
YDL135C,YDR439W,0,-0.5042677,0.08437900245189667,0.6589999794960022,0.7150999903678894
YEL034W,YHR138C,0,-0.5043486,0.08436819911003113,0.6589999794960022,0.7152000069618225
YML091C,YDL039C,0,-0.5043802,0.08435739576816559,0.6589999794960022,0.7153000235557556
YPR140W,YPR032W,0,-0.5044245,0.08434659987688065,0.6589999794960022,0.715399980545044
YMR026C,YLR157C,0,-0.5044753,0.0843358039855957,0.6589999794960022,0.715499997138977
YNL192W,YHR099W,0,-0.5045651,0.08432501554489136,0.6589999794960022,0.7156000137329102
YNL119W,YBR195C,0,-0.5047013,0.08431422710418701,0.6589999794960022,0.7156999707221985
YDR449C,YKR061W,0,-0.5047129,0.08430343866348267,0.6589999794960022,0.7157999873161316
YJL133W,YCR071C,0,-0.504843,0.08429265767335892,0.6589999794960022,0.7159000039100647
YHR007C,YOL065C,0,-0.5048693,0.08428187668323517,0.6589999794960022,0.7160000205039978
YDR265W,YMR015C,0,-0.504897,0.08427110314369202,0.6589999794960022,0.7160999774932861
YLR103C,YGL043W,0,-0.50527346,0.08426032215356827,0.6589999794960022,0.7161999940872192
YBL058W,YJL048C,0,-0.5053252,0.08424955606460571,0.6589999794960022,0.7163000106811523
YIL031W,YER171W,0,-0.5056405,0.08423878252506256,0.6589999794960022,0.7164000272750854
YGL129C,YER109C,0,-0.50575644,0.0842280164361,0.6589999794960022,0.7164999842643738
YLR403W,YOR380W,1,-0.50586665,0.08434505015611649,0.6600000262260437,0.7164999842643738
YPR029C,YPR163C,0,-0.50589114,0.08433426916599274,0.6600000262260437,0.7166000008583069
YER107C,YJR013W,0,-0.50597864,0.08432349562644958,0.6600000262260437,0.71670001745224
YGL011C,YLR069C,0,-0.50611216,0.08431272208690643,0.6600000262260437,0.7167999744415283
YFR029W,YDR273W,0,-0.5061245,0.08430195599794388,0.6600000262260437,0.7168999910354614
YGR059W,YCL026C-A,0,-0.50625336,0.08429118990898132,0.6600000262260437,0.7170000076293945
YBR168W,YKL034W,0,-0.50626934,0.08428042382001877,0.6600000262260437,0.7171000242233276
YDL052C,YJR044C,0,-0.506276,0.08426966518163681,0.6600000262260437,0.717199981212616
YLL035W,YBR080C,0,-0.5063161,0.08425890654325485,0.6600000262260437,0.7172999978065491
YBR274W,YPL181W,0,-0.50634813,0.0842481479048729,0.6600000262260437,0.7174000144004822
YNL216W,YIL101C,1,-0.5063781,0.08436502516269684,0.6610000133514404,0.7174000144004822
YHR005C-A,YKL126W,0,-0.50639236,0.08435425907373428,0.6610000133514404,0.7174999713897705
YDR110W,YER161C,0,-0.5064291,0.08434350043535233,0.6610000133514404,0.7175999879837036
YGL135W,YDR108W,0,-0.50644076,0.08433273434638977,0.6610000133514404,0.7177000045776367
YJL019W,YLR068W,0,-0.5064856,0.08432198315858841,0.6610000133514404,0.7178000211715698
YMR037C,YBR182C,1,-0.5065804,0.08443877846002579,0.6620000004768372,0.7178000211715698
YML129C,YBL008W,0,-0.5067528,0.08442800492048264,0.6620000004768372,0.7178999781608582
YEL061C,YHR139C,0,-0.5068328,0.08441723883152008,0.6620000004768372,0.7179999947547913
YKR057W,YJL004C,0,-0.50683445,0.08440648019313812,0.6620000004768372,0.7181000113487244
YKL093W,YGR143W,0,-0.50705856,0.08439571410417557,0.6620000004768372,0.7182000279426575
YGL075C,YNL031C,0,-0.50715494,0.08438495546579361,0.6620000004768372,0.7182999849319458
YML116W,YHR098C,0,-0.5073393,0.08437420427799225,0.6620000004768372,0.7184000015258789
YCL026C-A,YKL148C,0,-0.5073632,0.08436345309019089,0.6620000004768372,0.718500018119812
YIL031W,YNL088W,0,-0.50747925,0.08435270190238953,0.6620000004768372,0.7185999751091003
YCL067C,YPR176C,0,-0.50749785,0.08434195071458817,0.6620000004768372,0.7186999917030334
YLR212C,YCL017C,0,-0.50754434,0.0843312069773674,0.6620000004768372,0.7188000082969666
YPR111W,YJL047C,0,-0.5075565,0.08432047069072723,0.6620000004768372,0.7189000248908997
YOR098C,YDR043C,0,-0.50778866,0.08430972695350647,0.6620000004768372,0.718999981880188
YBL074C,YIR025W,0,-0.50780696,0.0842989906668663,0.6620000004768372,0.7190999984741211
YOR058C,YLR023C,0,-0.50787586,0.08428826183080673,0.6620000004768372,0.7192000150680542
YGR169C,YBL079W,0,-0.50796825,0.08427753299474716,0.6620000004768372,0.7192999720573425
YNL329C,YOR348C,0,-0.5080543,0.08426680415868759,0.6620000004768372,0.7193999886512756
YLR459W,YGR221C,0,-0.5081708,0.08425607532262802,0.6620000004768372,0.7195000052452087
YLR383W,YBL080C,0,-0.50830454,0.08424535393714905,0.6620000004768372,0.7196000218391418
YLR098C,YLR014C,1,-0.508392,0.08436188101768494,0.6629999876022339,0.7196000218391418
YOL115W,YKL150W,0,-0.5084712,0.08435114473104477,0.6629999876022339,0.7196999788284302
YNL201C,YOL051W,0,-0.5086173,0.0843404158949852,0.6629999876022339,0.7197999954223633
YPR193C,YDR517W,0,-0.50867814,0.08432968705892563,0.6629999876022339,0.7199000120162964
YFR004W,YPR165W,0,-0.5087214,0.08431896567344666,0.6629999876022339,0.7200000286102295
YOL076W,YKL056C,0,-0.50877076,0.08430823683738708,0.6629999876022339,0.7200999855995178
YDR130C,YLR353W,0,-0.5089259,0.08429752290248871,0.6629999876022339,0.7202000021934509
YEL015W,YML104C,0,-0.50901,0.08428680151700974,0.6629999876022339,0.720300018787384
YLL035W,YMR293C,0,-0.50918025,0.08427608758211136,0.6629999876022339,0.7203999757766724
YDL047W,YDR192C,0,-0.50936127,0.08426538109779358,0.6629999876022339,0.7204999923706055
YNL047C,YIR009W,0,-0.5094692,0.0842546671628952,0.6629999876022339,0.7206000089645386
YDR116C,YDR013W,0,-0.5095144,0.08424396812915802,0.6629999876022339,0.7207000255584717
YNL201C,YNL061W,0,-0.5095301,0.08423326164484024,0.6629999876022339,0.72079998254776
YKL134C,YJR089W,0,-0.50956464,0.08422256261110306,0.6629999876022339,0.7208999991416931
YAL009W,YGL169W,0,-0.5095727,0.08421186357736588,0.6629999876022339,0.7210000157356262
YBR216C,YDR404C,0,-0.5096015,0.08420117199420929,0.6629999876022339,0.7210999727249146
YNL259C,YPR120C,0,-0.5096386,0.0841904729604721,0.6629999876022339,0.7211999893188477
YLL012W,YHL024W,0,-0.5097645,0.08417978882789612,0.6629999876022339,0.7213000059127808
YPL242C,YLR200W,0,-0.5098011,0.08416909724473953,0.6629999876022339,0.7214000225067139
YGL105W,YDL217C,0,-0.5098015,0.08415841311216354,0.6629999876022339,0.7214999794960022
YGL205W,YMR284W,0,-0.5098387,0.08414773643016815,0.6629999876022339,0.7215999960899353
YER040W,YHR206W,1,-0.50988394,0.08426395803689957,0.6639999747276306,0.7215999960899353
YPL149W,YDL101C,0,-0.50988895,0.08425326645374298,0.6639999747276306,0.7217000126838684
YDR420W,YJL129C,0,-0.5099583,0.0842425748705864,0.6639999747276306,0.7218000292778015
YOR081C,YHR163W,0,-0.5100523,0.0842318907380104,0.6639999747276306,0.7218999862670898
YNL282W,YFR031C,0,-0.5101283,0.08422120660543442,0.6639999747276306,0.722000002861023
YER013W,YNL032W,0,-0.51013744,0.08421052992343903,0.6639999747276306,0.722100019454956
YCL043C,YOR178C,0,-0.5104236,0.08419984579086304,0.6639999747276306,0.7221999764442444
YIL101C,YKL062W,1,-0.51046395,0.0843159630894661,0.6650000214576721,0.7221999764442444
YBR173C,YOR224C,0,-0.5104901,0.08430527150630951,0.6650000214576721,0.7222999930381775
YDR280W,YBL014C,0,-0.5106242,0.08429458737373352,0.6650000214576721,0.7224000096321106
YLR043C,YDR153C,0,-0.5106734,0.08428390324115753,0.6650000214576721,0.7225000262260437
YDL116W,YGR078C,0,-0.5108301,0.08427321910858154,0.6650000214576721,0.722599983215332
YJL054W,YLR328W,0,-0.51093364,0.08426254242658615,0.6650000214576721,0.7226999998092651
YDR460W,YDR398W,0,-0.51137125,0.08425186574459076,0.6650000214576721,0.7228000164031982
YDL015C,YKR008W,0,-0.5113755,0.08424119651317596,0.6650000214576721,0.7228999733924866
YHL009C,YNL216W,1,-0.5114419,0.08435718715190887,0.6660000085830688,0.7228999733924866
YDL223C,YLR078C,0,-0.5114931,0.08434650301933289,0.6660000085830688,0.7229999899864197
YNR019W,YDL039C,0,-0.5115276,0.0843358263373375,0.6660000085830688,0.7231000065803528
YPL138C,YBR257W,0,-0.5115603,0.0843251422047615,0.6660000085830688,0.7232000231742859
YGL190C,YDL055C,0,-0.5116076,0.08431447297334671,0.6660000085830688,0.7232999801635742
YGL254W,YGL073W,1,-0.5117379,0.08443038165569305,0.6669999957084656,0.7232999801635742
YAR003W,YLR141W,0,-0.5117455,0.08441969007253647,0.6669999957084656,0.7233999967575073
YGR288W,YGL254W,1,-0.51174796,0.08453556150197983,0.6679999828338623,0.7233999967575073
YBR118W,YNL329C,0,-0.5118071,0.08452486246824265,0.6679999828338623,0.7235000133514404
YHR152W,YOL012C,0,-0.5119558,0.08451417088508606,0.6679999828338623,0.7235999703407288
YPR103W,YLL012W,0,-0.51200026,0.08450347930192947,0.6679999828338623,0.7236999869346619
YDR116C,YDR488C,0,-0.512064,0.08449278771877289,0.6679999828338623,0.723800003528595
YLL011W,YDR130C,0,-0.5121645,0.0844821035861969,0.6679999828338623,0.7239000201225281
YEL020W-A,YJL219W,0,-0.512182,0.08447141945362091,0.6679999828338623,0.7239999771118164
YBR091C,YML016C,0,-0.5122506,0.08446074277162552,0.6679999828338623,0.7240999937057495
YLR114C,YPL177C,0,-0.51237327,0.08445006608963013,0.6679999828338623,0.7242000102996826
YAL026C,YLR292C,0,-0.51237947,0.08443938940763474,0.6679999828338623,0.7243000268936157
YOR363C,YGL213C,0,-0.51253206,0.08442871272563934,0.6679999828338623,0.724399983882904
YGR134W,YPR112C,0,-0.5125811,0.08441804349422455,0.6679999828338623,0.7245000004768372
YBR164C,YDR130C,0,-0.5125856,0.08440738171339035,0.6679999828338623,0.7246000170707703
YJR009C,YOR007C,0,-0.5126967,0.08439671248197556,0.6679999828338623,0.7246999740600586
YNL008C,YEL062W,0,-0.512772,0.08438605070114136,0.6679999828338623,0.7247999906539917
YAL011W,YJL145W,0,-0.5128159,0.08437539637088776,0.6679999828338623,0.7249000072479248
YKR028W,YAL029C,0,-0.5128522,0.08436474204063416,0.6679999828338623,0.7250000238418579
YDR381W,YLR234W,0,-0.5128949,0.08435408771038055,0.6679999828338623,0.7250999808311462
YBR085W,YLL036C,0,-0.5130579,0.08434343338012695,0.6679999828338623,0.7251999974250793
YPL208W,YOR195W,0,-0.51314354,0.08433278650045395,0.6679999828338623,0.7253000140190125
YDR198C,YPL269W,0,-0.51315004,0.08432213962078094,0.6679999828338623,0.7253999710083008
YJL117W,YNL259C,0,-0.51349497,0.08431150019168854,0.6679999828338623,0.7254999876022339
YJL125C,YOR123C,0,-0.51350343,0.08430086076259613,0.6679999828338623,0.725600004196167
YNL023C,YER111C,1,-0.5135409,0.08441640436649323,0.6690000295639038,0.725600004196167
YPL270W,YBR223C,0,-0.51359606,0.08440575003623962,0.6690000295639038,0.7257000207901001
YGR134W,YIL140W,0,-0.51379496,0.08439510315656662,0.6690000295639038,0.7257999777793884
YOL123W,YMR143W,0,-0.5139332,0.08438446372747421,0.6690000295639038,0.7258999943733215
YKL062W,YEL009C,1,-0.5139396,0.08449994027614594,0.6700000166893005,0.7258999943733215
YMR239C,YKR001C,0,-0.51395637,0.08448927849531174,0.6700000166893005,0.7260000109672546
YBL061C,YPR049C,0,-0.51395816,0.08447863161563873,0.6700000166893005,0.7261000275611877
YOR274W,YIR019C,0,-0.51404506,0.08446797728538513,0.6700000166893005,0.7261999845504761
YJR086W,YCL032W,0,-0.51408714,0.08445733040571213,0.6700000166893005,0.7263000011444092
YBR087W,YJR047C,0,-0.51412743,0.08444668352603912,0.6700000166893005,0.7264000177383423
YOR095C,YNL032W,0,-0.5142997,0.08443604409694672,0.6700000166893005,0.7264999747276306
YDR532C,YBR198C,0,-0.5143376,0.08442540466785431,0.6700000166893005,0.7265999913215637
YPR176C,YDR207C,0,-0.51434106,0.0844147652387619,0.6700000166893005,0.7267000079154968
YOL143C,YCR040W,0,-0.5144453,0.08440413326025009,0.6700000166893005,0.7268000245094299
YHR119W,YIL115C,0,-0.5145526,0.08439350128173828,0.6700000166893005,0.7268999814987183
YGL187C,YDL150W,0,-0.51468635,0.08438286930322647,0.6700000166893005,0.7269999980926514
YMR026C,YDR295C,0,-0.51475567,0.08437224477529526,0.6700000166893005,0.7271000146865845
YBR069C,YPL221W,0,-0.5148239,0.08436162024736404,0.6700000166893005,0.7271999716758728
YER045C,YOR003W,0,-0.5148467,0.08435100317001343,0.6700000166893005,0.7272999882698059
YDL138W,YJR077C,0,-0.5148672,0.08434038609266281,0.6700000166893005,0.727400004863739
YDR379W,YAL003W,0,-0.5148805,0.0843297690153122,0.6700000166893005,0.7275000214576721
YML048W,YOL094C,0,-0.51495,0.08431915193796158,0.6700000166893005,0.7275999784469604
YPL021W,YOR257W,0,-0.5150005,0.08430854231119156,0.6700000166893005,0.7276999950408936
YJR068W,YGL194C,0,-0.5151581,0.08429794013500214,0.6700000166893005,0.7278000116348267
YIL075C,YIR012W,0,-0.5151679,0.08428733050823212,0.6700000166893005,0.7279000282287598
YDL170W,YMR037C,1,-0.51517737,0.08440251648426056,0.6710000038146973,0.7279000282287598
YDR072C,YML015C,0,-0.51521504,0.08439189940690994,0.6710000038146973,0.7279999852180481
YGL071W,YPL133C,1,-0.51537085,0.0845070406794548,0.671999990940094,0.7279999852180481
YKL101W,YIL023C,0,-0.51546717,0.08449641615152359,0.671999990940094,0.7281000018119812
YBR173C,YNR039C,0,-0.5154723,0.08448579162359238,0.671999990940094,0.7282000184059143
YFR050C,YNL068C,0,-0.51552176,0.08447517454624176,0.671999990940094,0.7282999753952026
YBR161W,YOR031W,0,-0.515555,0.08446455746889114,0.671999990940094,0.7283999919891357
YNL256W,YEL062W,0,-0.5157048,0.08445394039154053,0.671999990940094,0.7285000085830688
YDL017W,YDL224C,0,-0.5157648,0.08444333076477051,0.671999990940094,0.728600025177002
YLR079W,YJL072C,0,-0.5157968,0.08443272113800049,0.671999990940094,0.7286999821662903
YJR053W,YOL123W,0,-0.51581454,0.08442211151123047,0.671999990940094,0.7287999987602234
YHR181W,YNL263C,0,-0.5158756,0.08441150933504105,0.671999990940094,0.7289000153541565
YNL313C,YAL068C,0,-0.5159153,0.08440090715885162,0.671999990940094,0.7289999723434448
YCR047C,YNL116W,0,-0.5159362,0.0843903049826622,0.671999990940094,0.7290999889373779
YMR136W,YOR032C,1,-0.51599854,0.08450527489185333,0.6729999780654907,0.7290999889373779
YNL259C,YGL178W,0,-0.5160147,0.08449466526508331,0.6729999780654907,0.729200005531311
YMR136W,YLR014C,1,-0.5160308,0.08460959047079086,0.6740000247955322,0.729200005531311
YLR107W,YHR091C,0,-0.5161772,0.08459897339344025,0.6740000247955322,0.7293000221252441
YJL014W,YOR063W,0,-0.51629174,0.08458835631608963,0.6740000247955322,0.7293999791145325
YBL055C,YDR192C,0,-0.51645416,0.08457773923873901,0.6740000247955322,0.7294999957084656
YGR063C,YNL002C,0,-0.5164566,0.084567129611969,0.6740000247955322,0.7296000123023987
YBR066C,YKL194C,0,-0.5164831,0.08455651998519897,0.6740000247955322,0.7297000288963318
YDR135C,YPL169C,0,-0.51655954,0.08454591035842896,0.6740000247955322,0.7297999858856201
YMR287C,YLL038C,0,-0.51659274,0.08453530818223953,0.6740000247955322,0.7299000024795532
YCL061C,YKR063C,0,-0.51671433,0.08452470600605011,0.6740000247955322,0.7300000190734863
YOL091W,YPL157W,0,-0.51675236,0.08451410382986069,0.6740000247955322,0.7300999760627747
YIL142W,YCR094W,0,-0.5167752,0.08450350910425186,0.6740000247955322,0.7301999926567078
YBR173C,YPL240C,0,-0.5168192,0.08449291437864304,0.6740000247955322,0.7303000092506409
YGL171W,YOL004W,0,-0.5168403,0.08448232710361481,0.6740000247955322,0.730400025844574
YKL062W,YHR206W,1,-0.51687,0.08459706604480743,0.675000011920929,0.730400025844574
YKL062W,YGR249W,1,-0.5169378,0.08471178263425827,0.6759999990463257,0.730400025844574
YLL002W,YDR060W,0,-0.51713777,0.08470116555690765,0.6759999990463257,0.7304999828338623
YOR233W,YLR136C,0,-0.5171388,0.08469055593013763,0.6759999990463257,0.7305999994277954
YDR314C,YGL053W,0,-0.5171603,0.08467994630336761,0.6759999990463257,0.7307000160217285
YDR096W,YOR032C,1,-0.51718473,0.08479458838701248,0.6769999861717224,0.7307000160217285
YLR148W,YKR095W,0,-0.51734895,0.08478397130966187,0.6769999861717224,0.7307999730110168
YAR007C,YDR087C,0,-0.5175125,0.08477335423231125,0.6769999861717224,0.73089998960495
YBR048W,YMR177W,0,-0.5175779,0.08476273715496063,0.6769999861717224,0.7310000061988831
YPR100W,YMR202W,0,-0.517607,0.08475212752819061,0.6769999861717224,0.7311000227928162
YPR054W,YPR185W,0,-0.5178635,0.0847415179014206,0.6769999861717224,0.7311999797821045
YDL120W,YHR204W,0,-0.5179241,0.08473091572523117,0.6769999861717224,0.7312999963760376
YIR010W,YOL028C,0,-0.51792693,0.08472031354904175,0.6769999861717224,0.7314000129699707
YDR046C,YGR261C,0,-0.5179815,0.08470971137285233,0.6769999861717224,0.7315000295639038
YCR047C,YNR058W,0,-0.5180067,0.0846991091966629,0.6769999861717224,0.7315999865531921
YBR182C,YGL254W,1,-0.51802206,0.08481360971927643,0.6779999732971191,0.7315999865531921
YNL307C,YJL053W,0,-0.51812977,0.08480300009250641,0.6779999732971191,0.7317000031471252
YBL088C,YMR197C,0,-0.5182958,0.08479239791631699,0.6779999732971191,0.7318000197410583
YJR017C,YGL206C,0,-0.5183078,0.08478179574012756,0.6779999732971191,0.7318999767303467
YML120C,YIL117C,0,-0.5183623,0.08477119356393814,0.6779999732971191,0.7319999933242798
YMR211W,YMR127C,0,-0.5185479,0.08476059138774872,0.6779999732971191,0.7321000099182129
YKL212W,YOR185C,0,-0.51860374,0.08474999666213989,0.6779999732971191,0.732200026512146
YBR021W,YNR054C,0,-0.51863116,0.08473940938711166,0.6779999732971191,0.7322999835014343
YJL190C,YMR075W,0,-0.518693,0.08472881466150284,0.6779999732971191,0.7324000000953674
YDL213C,YOR100C,0,-0.51875615,0.08471822738647461,0.6779999732971191,0.7325000166893005
YNL131W,YER125W,0,-0.5188317,0.08470764756202698,0.6779999732971191,0.7325999736785889
YNL131W,YMR298W,0,-0.5188372,0.08469706773757935,0.6779999732971191,0.732699990272522
YAL055W,YMR238W,0,-0.51888853,0.08468648791313171,0.6779999732971191,0.7328000068664551
YDR214W,YDR083W,0,-0.5191413,0.08467590808868408,0.6779999732971191,0.7329000234603882
YDR512C,YBR188C,0,-0.51915306,0.08466533571481705,0.6779999732971191,0.7329999804496765
YJL069C,YAL007C,0,-0.5192009,0.08465476334095001,0.6779999732971191,0.7330999970436096
YER044C-A,YLL015W,0,-0.51922154,0.08464419841766357,0.6779999732971191,0.7332000136375427
YFR005C,YLR028C,0,-0.51927453,0.08463362604379654,0.6779999732971191,0.733299970626831
YGR009C,YDL165W,0,-0.5193099,0.0846230685710907,0.6779999732971191,0.7333999872207642
YJL042W,YER072W,0,-0.5194884,0.08461250364780426,0.6779999732971191,0.7335000038146973
YGR264C,YDL194W,0,-0.51961046,0.08460194617509842,0.6779999732971191,0.7336000204086304
YLR340W,YLR191W,0,-0.5196756,0.08459138870239258,0.6779999732971191,0.7336999773979187
YLR410W,YLR215C,0,-0.5197364,0.08458083868026733,0.6779999732971191,0.7337999939918518
YMR016C,YML076C,1,-0.51978445,0.08469502627849579,0.6790000200271606,0.7337999939918518
YEL009C,YLR183C,1,-0.5200023,0.08480917662382126,0.6800000071525574,0.7337999939918518
YDR055W,YGL032C,0,-0.52003354,0.08479860424995422,0.6800000071525574,0.7339000105857849
YNL163C,YKL080W,0,-0.5201816,0.08478803187608719,0.6800000071525574,0.734000027179718
YNL206C,YFR037C,0,-0.52026814,0.08477745950222015,0.6800000071525574,0.7340999841690063
YKL212W,YHR098C,0,-0.5203014,0.08476689457893372,0.6800000071525574,0.7342000007629395
YGR013W,YDR273W,0,-0.52044076,0.08475632220506668,0.6800000071525574,0.7343000173568726
YDR281C,YGL032C,0,-0.5205166,0.08474576473236084,0.6800000071525574,0.7343999743461609
YJL076W,YKL095W,0,-0.52057743,0.0847351998090744,0.6800000071525574,0.734499990940094
YGL075C,YBR193C,0,-0.52061975,0.08472464233636856,0.6800000071525574,0.7346000075340271
YPL255W,YBR036C,0,-0.52086836,0.08471409231424332,0.6800000071525574,0.7347000241279602
YNL054W,YMR129W,0,-0.5208701,0.08470353484153748,0.6800000071525574,0.7347999811172485
YJL069C,YKR087C,0,-0.5212519,0.08469298481941223,0.6800000071525574,0.7348999977111816
YMR216C,YNR013C,0,-0.5213819,0.08468244224786758,0.6800000071525574,0.7350000143051147
YKR063C,YIL103W,0,-0.52141625,0.08467189967632294,0.6800000071525574,0.7350999712944031
YIR004W,YGR010W,0,-0.5214836,0.08466135710477829,0.6800000071525574,0.7351999878883362
YOR344C,YHR084W,1,-0.52157634,0.08477529883384705,0.6809999942779541,0.7351999878883362
YGR169C,YOR313C,0,-0.5215782,0.0847647488117218,0.6809999942779541,0.7353000044822693
YGR212W,YFL050C,0,-0.5218278,0.08475419878959656,0.6809999942779541,0.7354000210762024
YMR309C,YER003C,0,-0.52185297,0.08474365621805191,0.6809999942779541,0.7354999780654907
YBR279W,YGR285C,0,-0.52186227,0.08473310619592667,0.6809999942779541,0.7355999946594238
YLR107W,YJL222W,0,-0.5218951,0.08472257107496262,0.6809999942779541,0.7357000112533569
YHR070W,YGR284C,0,-0.52195865,0.08471202850341797,0.6809999942779541,0.73580002784729
YOR074C,YMR014W,0,-0.5220529,0.08470149338245392,0.6809999942779541,0.7358999848365784
YOL095C,YPL169C,0,-0.52209216,0.08469095826148987,0.6809999942779541,0.7360000014305115
YKL203C,YPL228W,0,-0.5221712,0.08468043059110641,0.6809999942779541,0.7361000180244446
YNL133C,YDR309C,0,-0.52227914,0.08466990292072296,0.6809999942779541,0.7361999750137329
YNL038W,YPR164W,0,-0.5222987,0.08465937525033951,0.6809999942779541,0.736299991607666
YHL027W,YIL117C,0,-0.5223118,0.08464884757995605,0.6809999942779541,0.7364000082015991
YBR168W,YNL297C,0,-0.5223508,0.0846383273601532,0.6809999942779541,0.7365000247955322
YKR039W,YGR123C,0,-0.5224616,0.08462781459093094,0.6809999942779541,0.7365999817848206
YBR123C,YML109W,0,-0.522549,0.08461729437112808,0.6809999942779541,0.7366999983787537
YHR111W,YPR005C,0,-0.5227233,0.08460678160190582,0.6809999942779541,0.7368000149726868
YOR344C,YOR380W,1,-0.5227528,0.08472049981355667,0.6819999814033508,0.7368000149726868
YBL030C,YGL171W,0,-0.52281404,0.08470997214317322,0.6819999814033508,0.7368999719619751
YNL299W,YGR177C,0,-0.52285326,0.08469945192337036,0.6819999814033508,0.7369999885559082
YNR031C,YJL101C,0,-0.5229138,0.0846889391541481,0.6819999814033508,0.7371000051498413
YDR494W,YDR507C,0,-0.5231358,0.08467841893434525,0.6819999814033508,0.7372000217437744
YEL016C,YJL112W,0,-0.52316296,0.08466790616512299,0.6819999814033508,0.7372999787330627
YOL028C,YBR185C,0,-0.5232177,0.08465740084648132,0.6819999814033508,0.7373999953269958
YAL055W,YDR303C,0,-0.5233229,0.08464688807725906,0.6819999814033508,0.737500011920929
YBR084W,YGR033C,0,-0.52332497,0.0846363827586174,0.6819999814033508,0.7376000285148621
YIL034C,YER094C,0,-0.52340204,0.08462588489055634,0.6819999814033508,0.7376999855041504
YNL283C,YPL178W,0,-0.5235377,0.08461538702249527,0.6819999814033508,0.7378000020980835
YMR035W,YKL020C,0,-0.52376395,0.0846048891544342,0.6819999814033508,0.7379000186920166
YDR308C,YGL025C,0,-0.52377176,0.08459439128637314,0.6819999814033508,0.7379999756813049
YDR110W,YMR219W,0,-0.52378637,0.08458390086889267,0.6819999814033508,0.738099992275238
YPL085W,YCR002C,0,-0.52384704,0.0845734104514122,0.6819999814033508,0.7382000088691711
YLR347C,YGR118W,0,-0.5238907,0.08456292748451233,0.6819999814033508,0.7383000254631042
YBR042C,YML055W,0,-0.5239267,0.08455244451761246,0.6819999814033508,0.7383999824523926
YGL244W,YHL011C,0,-0.52416545,0.08454196155071259,0.6819999814033508,0.7384999990463257
YLR117C,YMR260C,0,-0.5243838,0.08453148603439331,0.6819999814033508,0.7386000156402588
YCR020C,YNR044W,0,-0.5244048,0.08452100306749344,0.6819999814033508,0.7386999726295471
YBL088C,YNL173C,0,-0.5245055,0.08451053500175476,0.6819999814033508,0.7387999892234802
YHR082C,YLR032W,0,-0.52452344,0.08450005948543549,0.6819999814033508,0.7389000058174133
YAL034W-A,YIL038C,0,-0.5245945,0.08448959141969681,0.6819999814033508,0.7390000224113464
YKL208W,YGL105W,0,-0.5246578,0.08447913080453873,0.6819999814033508,0.7390999794006348
YAL026C,YHR074W,0,-0.52474165,0.08446866273880005,0.6819999814033508,0.7391999959945679
YHR191C,YGL210W,0,-0.5247826,0.08445820212364197,0.6819999814033508,0.739300012588501
YLR293C,YPR119W,0,-0.524816,0.08444774895906448,0.6819999814033508,0.7394000291824341
YJR145C,YGR221C,0,-0.52485394,0.0844372883439064,0.6819999814033508,0.7394999861717224
YMR308C,YBL011W,0,-0.52492225,0.08442683517932892,0.6819999814033508,0.7396000027656555
YPR093C,YKL204W,0,-0.5249698,0.08441638946533203,0.6819999814033508,0.7397000193595886
YNR074C,YML105C,0,-0.525113,0.08440594375133514,0.6819999814033508,0.739799976348877
YPR103W,YJR131W,0,-0.52522296,0.08439549803733826,0.6819999814033508,0.7398999929428101
YGR193C,YCR067C,0,-0.525533,0.08438505232334137,0.6819999814033508,0.7400000095367432
YBL008W,YGR183C,0,-0.5255396,0.08437461405992508,0.6819999814033508,0.7401000261306763
YAR014C,YLR452C,0,-0.52557915,0.08436417579650879,0.6819999814033508,0.7401999831199646
YBL002W,YCR027C,0,-0.5256835,0.0843537449836731,0.6819999814033508,0.7402999997138977
YPL187W,YKR050W,0,-0.5257438,0.0843433067202568,0.6819999814033508,0.7404000163078308
YOR100C,YBR077C,0,-0.52576417,0.08433288335800171,0.6819999814033508,0.7404999732971191
YNL329C,YPL095C,0,-0.5258365,0.08432245254516602,0.6819999814033508,0.7405999898910522
YIL142W,YOL080C,0,-0.5258544,0.08431202918291092,0.6819999814033508,0.7407000064849854
YDR216W,YFR034C,1,-0.5259022,0.08442521840333939,0.6830000281333923,0.7407000064849854
YDR096W,YJL110C,1,-0.5260334,0.08453837782144547,0.6840000152587891,0.7407000064849854
YCR082W,YER068W,0,-0.5260372,0.08452793210744858,0.6840000152587891,0.7408000230789185
YDR414C,YOR178C,0,-0.5260692,0.08451748639345169,0.6840000152587891,0.7408999800682068
YHR186C,YKR052C,0,-0.5260954,0.0845070406794548,0.6840000152587891,0.7409999966621399
YDR140W,YDL137W,0,-0.5262052,0.08449660241603851,0.6840000152587891,0.741100013256073
YOR064C,YDR156W,0,-0.52623063,0.08448616415262222,0.6840000152587891,0.7411999702453613
YNL167C,YMR183C,0,-0.5262708,0.08447573333978653,0.6840000152587891,0.7412999868392944
YOR266W,YGR013W,0,-0.5264285,0.08446530252695084,0.6840000152587891,0.7414000034332275
YMR303C,YGR080W,0,-0.5265007,0.08445487171411514,0.6840000152587891,0.7415000200271606
YOR147W,YKL019W,0,-0.52661157,0.08444444090127945,0.6840000152587891,0.741599977016449
YCL063W,YNL239W,0,-0.5266144,0.08443401753902435,0.6840000152587891,0.7416999936103821
YLR318W,YNL042W,0,-0.52676827,0.08442360162734985,0.6840000152587891,0.7418000102043152
YER054C,YJL065C,0,-0.52681935,0.08441317826509476,0.6840000152587891,0.7419000267982483
YBR290W,YDL022W,0,-0.526821,0.08440276235342026,0.6840000152587891,0.7419999837875366
YJR043C,YKL004W,0,-0.52684087,0.08439235389232635,0.6840000152587891,0.7421000003814697
YGL254W,YKL062W,1,-0.5268604,0.08450530469417572,0.6850000023841858,0.7421000003814697
YLR103C,YER003C,0,-0.5268648,0.08449488133192062,0.6850000023841858,0.7422000169754028
YHR086W,YMR093W,0,-0.5269155,0.08448445796966553,0.6850000023841858,0.7422999739646912
YFL016C,YPR005C,0,-0.52694404,0.08447404205799103,0.6850000023841858,0.7423999905586243
YDR225W,YDR487C,0,-0.5270185,0.08446362614631653,0.6850000023841858,0.7425000071525574
YDR085C,YBR048W,0,-0.5270465,0.08445321023464203,0.6850000023841858,0.7426000237464905
YBR037C,YBL032W,0,-0.52716225,0.08444280177354813,0.6850000023841858,0.7426999807357788
YER083C,YMR197C,0,-0.52720696,0.08443239331245422,0.6850000023841858,0.7427999973297119
YDR381W,YDR472W,0,-0.5273793,0.08442198485136032,0.6850000023841858,0.742900013923645
YMR150C,YDL226C,0,-0.5276113,0.08441158384084702,0.6850000023841858,0.7429999709129333
YDR077W,YDR478W,0,-0.5276797,0.08440118283033371,0.6850000023841858,0.7430999875068665
YMR173W,YJR046W,0,-0.52783436,0.0843907818198204,0.6850000023841858,0.7432000041007996
YDR456W,YBR048W,0,-0.527967,0.0843803882598877,0.6850000023841858,0.7433000206947327
YNL001W,YPL095C,0,-0.52798134,0.08436999469995499,0.6850000023841858,0.743399977684021
YJL100W,YCR073C,0,-0.52815783,0.08435960859060287,0.6850000023841858,0.7434999942779541
YER111C,YFR034C,1,-0.5282207,0.08447235822677612,0.6859999895095825,0.7434999942779541
YHR139C,YML102W,0,-0.5283337,0.08446195721626282,0.6859999895095825,0.7436000108718872
YFL055W,YDR027C,0,-0.5283427,0.08445155620574951,0.6859999895095825,0.7437000274658203
YCR084C,YJL121C,0,-0.5284052,0.0844411626458168,0.6859999895095825,0.7437999844551086
YNL245C,YPL091W,0,-0.5284967,0.0844307690858841,0.6859999895095825,0.7439000010490417
YGL071W,YOR380W,1,-0.5285621,0.08454344421625137,0.6869999766349792,0.7439000010490417
YKL057C,YLR259C,0,-0.52858603,0.08453303575515747,0.6869999766349792,0.7440000176429749
YHL036W,YOR007C,0,-0.52869284,0.08452263474464417,0.6869999766349792,0.7440999746322632
YDL130W,YDR308C,0,-0.52873254,0.08451224118471146,0.6869999766349792,0.7441999912261963
YNL111C,YFL025C,0,-0.52876633,0.08450184762477875,0.6869999766349792,0.7443000078201294
YAL026C,YNL142W,0,-0.52882236,0.08449145406484604,0.6869999766349792,0.7444000244140625
YDR086C,YPR198W,0,-0.52888316,0.08448106050491333,0.6869999766349792,0.7444999814033508
YOR120W,YOL004W,0,-0.5289131,0.08447067439556122,0.6869999766349792,0.7445999979972839
YDR281C,YLR172C,0,-0.5289609,0.0844602882862091,0.6869999766349792,0.744700014591217
YCR098C,YML092C,0,-0.52925617,0.08444990962743759,0.6869999766349792,0.7447999715805054
YML123C,YGL016W,0,-0.52931005,0.08443953096866608,0.6869999766349792,0.7448999881744385
YMR268C,YOR313C,0,-0.5293802,0.08442915230989456,0.6869999766349792,0.7450000047683716
YKL112W,YLR014C,1,-0.52945614,0.08454165607690811,0.6880000233650208,0.7450000047683716
YIL034C,YPR010C,0,-0.52951205,0.084531269967556,0.6880000233650208,0.7451000213623047
YGL093W,YDL231C,0,-0.5295716,0.08452088385820389,0.6880000233650208,0.745199978351593
YLR200W,YDL149W,0,-0.5296392,0.08451050519943237,0.6880000233650208,0.7452999949455261
YER161C,YJL072C,0,-0.5297139,0.08450012654066086,0.6880000233650208,0.7454000115394592
YHL024W,YLR025W,0,-0.529775,0.08448974788188934,0.6880000233650208,0.7455000281333923
YBR297W,YLR014C,1,-0.5298951,0.08460216224193573,0.6890000104904175,0.7455000281333923
YGL113W,YPR135W,0,-0.52989787,0.08459177613258362,0.6890000104904175,0.7455999851226807
YIL101C,YHR206W,1,-0.52995735,0.08470414578914642,0.6899999976158142,0.7455999851226807
YHR118C,YLL038C,0,-0.5300246,0.08469375222921371,0.6899999976158142,0.7457000017166138
YLR447C,YNL088W,0,-0.5301588,0.084683358669281,0.6899999976158142,0.7458000183105469
YGL073W,YOR032C,1,-0.53022295,0.08479568362236023,0.6909999847412109,0.7458000183105469
YNL270C,YDL088C,0,-0.5302302,0.08478527516126633,0.6909999847412109,0.7458999752998352
YBR297W,YLR183C,1,-0.5302927,0.08489755541086197,0.6919999718666077,0.7458999752998352
YMR240C,YGL062W,0,-0.5304844,0.08488714694976807,0.6919999718666077,0.7459999918937683
YHL009C,YDR501W,1,-0.53053784,0.08499938994646072,0.6930000185966492,0.7459999918937683
YDR289C,YNL153C,0,-0.5305419,0.08498895913362503,0.6930000185966492,0.7461000084877014
YHR041C,YBR009C,0,-0.5307717,0.08497854322195053,0.6930000185966492,0.7462000250816345
YOR144C,YDR311W,0,-0.5308855,0.08496811985969543,0.6930000185966492,0.7462999820709229
YER013W,YML113W,0,-0.5310215,0.08495770394802094,0.6930000185966492,0.746399998664856
YBR228W,YIL036W,0,-0.5311669,0.08494728803634644,0.6930000185966492,0.7465000152587891
YDR251W,YMR235C,0,-0.5312182,0.08493687957525253,0.6930000185966492,0.7465999722480774
YDR093W,YHR085W,0,-0.5313176,0.08492647111415863,0.6930000185966492,0.7466999888420105
YML076C,YGR249W,1,-0.53158385,0.08503859490156174,0.6940000057220459,0.7466999888420105
YJL019W,YGL055W,0,-0.5316996,0.08502817898988724,0.6940000057220459,0.7468000054359436
YGR204W,YKL079W,0,-0.53170204,0.08501776307821274,0.6940000057220459,0.7469000220298767
YNL048W,YJL106W,0,-0.53170663,0.08500734716653824,0.6940000057220459,0.746999979019165
YKL175W,YGL192W,0,-0.53175324,0.08499693870544434,0.6940000057220459,0.7470999956130981
YHR178W,YGR249W,1,-0.531784,0.08510898798704147,0.6949999928474426,0.7470999956130981
YJL110C,YFR034C,1,-0.53197354,0.08522101491689682,0.6959999799728394,0.7470999956130981
YJL166W,YGR220C,0,-0.53205395,0.08521057665348053,0.6959999799728394,0.7472000122070312
YGL073W,YFL031W,1,-0.5320894,0.0853225588798523,0.6970000267028809,0.7472000122070312
YIR022W,YML005W,0,-0.5321003,0.085312120616436,0.6970000267028809,0.7473000288009644
YGL120C,YOR103C,0,-0.5322448,0.08530167490243912,0.6970000267028809,0.7473999857902527
YAL053W,YBR254C,0,-0.53234726,0.08529123663902283,0.6970000267028809,0.7475000023841858
YMR172W,YDR190C,0,-0.5323612,0.08528080582618713,0.6970000267028809,0.7476000189781189
YGL073W,YHR206W,1,-0.5324629,0.08539270609617233,0.6980000138282776,0.7476000189781189
YJL074C,YMR212C,0,-0.5325316,0.08538226038217545,0.6980000138282776,0.7476999759674072
YMR299C,YNL231C,0,-0.532579,0.08537182211875916,0.6980000138282776,0.7477999925613403
YMR043W,YOR188W,0,-0.53262395,0.08536137640476227,0.6980000138282776,0.7479000091552734
YNL163C,YGR285C,0,-0.5326441,0.08535093814134598,0.6980000138282776,0.7480000257492065
YBR059C,YJR065C,0,-0.5326959,0.08534050732851028,0.6980000138282776,0.7480999827384949
YMR041C,YNL290W,0,-0.5327006,0.08533007651567459,0.6980000138282776,0.748199999332428
YJL076W,YCL059C,0,-0.53273463,0.0853196457028389,0.6980000138282776,0.7483000159263611
YPR168W,YER159C,0,-0.53292966,0.0853092148900032,0.6980000138282776,0.7483999729156494
YGL008C,YKL041W,0,-0.5332741,0.08529879152774811,0.6980000138282776,0.7484999895095825
YCL025C,YBL082C,0,-0.53342634,0.08528836816549301,0.6980000138282776,0.7486000061035156
YHR178W,YLR403W,1,-0.53348154,0.08540011942386627,0.6990000009536743,0.7486000061035156
YPR183W,YNL290W,0,-0.533532,0.08538968861103058,0.6990000009536743,0.7487000226974487
YNL001W,YDR358W,0,-0.533614,0.08537925779819489,0.6990000009536743,0.7487999796867371
YFR048W,YER104W,0,-0.5336321,0.08536883443593979,0.6990000009536743,0.7488999962806702
YMR263W,YIL160C,0,-0.53365105,0.08535841107368469,0.6990000009536743,0.7490000128746033
YLR158C,YMR036C,0,-0.5337051,0.0853479877114296,0.6990000009536743,0.7491000294685364
YGL071W,YFR034C,1,-0.533723,0.0854596495628357,0.699999988079071,0.7491000294685364
YBR129C,YPL018W,0,-0.533825,0.08544921875,0.699999988079071,0.7491999864578247
YOR209C,YOR359W,0,-0.5341723,0.0854387879371643,0.699999988079071,0.7493000030517578
YJL091C,YGR141W,0,-0.53419286,0.08542836457490921,0.699999988079071,0.7494000196456909
YPL050C,YNL084C,0,-0.534238,0.08541794121265411,0.699999988079071,0.7494999766349792
YKL084W,YPR134W,0,-0.5342536,0.08540751785039902,0.699999988079071,0.7495999932289124
YER003C,YJR090C,0,-0.53430575,0.08539709448814392,0.699999988079071,0.7497000098228455
YIL085C,YMR091C,0,-0.5343542,0.08538667857646942,0.699999988079071,0.7498000264167786
YGR059W,YMR127C,0,-0.53444546,0.08537626266479492,0.699999988079071,0.7498999834060669
YDL135C,YPL147W,0,-0.53448635,0.08536585420370102,0.699999988079071,0.75
YOL064C,YPL147W,0,-0.53451896,0.08535544574260712,0.699999988079071,0.7501000165939331
YOL051W,YOR367W,0,-0.5346083,0.08534503728151321,0.699999988079071,0.7501999735832214
YGL173C,YGR284C,0,-0.53469044,0.08533463627099991,0.699999988079071,0.7502999901771545
YMR263W,YLR009W,0,-0.5349301,0.0853242352604866,0.699999988079071,0.7504000067710876
YJR031C,YDL081C,0,-0.534957,0.0853138342499733,0.699999988079071,0.7505000233650208
YMR038C,YNR026C,0,-0.53504896,0.08530343323945999,0.699999988079071,0.7505999803543091
YEL015W,YOL116W,0,-0.53514314,0.08529303967952728,0.699999988079071,0.7506999969482422
YGL055W,YLR136C,0,-0.535312,0.08528265357017517,0.699999988079071,0.7508000135421753
YHR139C,YPL123C,0,-0.5353853,0.08527226001024246,0.699999988079071,0.7508999705314636
YGL225W,YJL093C,0,-0.5354189,0.08526187390089035,0.699999988079071,0.7509999871253967
YDR167W,YDR392W,0,-0.53541905,0.08525149524211884,0.699999988079071,0.7511000037193298
YAR003W,YNL236W,0,-0.5355529,0.08524110913276672,0.699999988079071,0.7512000203132629
YKL059C,YLR052W,0,-0.5355863,0.08523073047399521,0.699999988079071,0.7512999773025513
YIL014W,YGR077C,0,-0.53581256,0.0852203518152237,0.699999988079071,0.7513999938964844
YMR216C,YLR396C,0,-0.53583777,0.08520998060703278,0.699999988079071,0.7515000104904175
YGL067W,YNL135C,0,-0.5358544,0.08519960939884186,0.699999988079071,0.7516000270843506
YJR147W,YDR487C,0,-0.5361045,0.08518923819065094,0.699999988079071,0.7516999840736389
YGL033W,YPL033C,0,-0.5361899,0.08517887443304062,0.699999988079071,0.751800000667572
YDL022W,YOL005C,0,-0.536396,0.0851685106754303,0.699999988079071,0.7519000172615051
YER030W,YNL127W,0,-0.5364017,0.08515815436840057,0.699999988079071,0.7519999742507935
YHR135C,YBR049C,0,-0.5364575,0.08514779061079025,0.699999988079071,0.7520999908447266
YNR033W,YPL181W,0,-0.53651685,0.08513743430376053,0.699999988079071,0.7522000074386597
YOR380W,YDR501W,1,-0.5367701,0.08524869382381439,0.7009999752044678,0.7522000074386597
YML130C,YDR498C,0,-0.5368562,0.08523833006620407,0.7009999752044678,0.7523000240325928
YPR049C,YDL137W,0,-0.53687716,0.08522796630859375,0.7009999752044678,0.7523999810218811
YDL200C,YLR270W,0,-0.53692406,0.08521760255098343,0.7009999752044678,0.7524999976158142
YAL024C,YDL164C,0,-0.53693795,0.0852072462439537,0.7009999752044678,0.7526000142097473
YBR182C,YHR084W,1,-0.5370517,0.085318423807621,0.7020000219345093,0.7526000142097473
YKL143W,YOR063W,0,-0.5371634,0.08530806005001068,0.7020000219345093,0.7526999711990356
YLR154C,YKR101W,0,-0.5371694,0.08529768884181976,0.7020000219345093,0.7527999877929688
YJL110C,YMR136W,1,-0.53729194,0.08540882170200348,0.703000009059906,0.7527999877929688
YGL187C,YGL145W,0,-0.53736264,0.08539844304323196,0.703000009059906,0.7529000043869019
YML029W,YOR018W,0,-0.5374413,0.08538807183504105,0.703000009059906,0.753000020980835
YDR096W,YOR344C,1,-0.53755397,0.08549915254116058,0.7039999961853027,0.753000020980835
YHR190W,YLR216C,0,-0.5376319,0.08548876643180847,0.7039999961853027,0.7530999779701233
YNR033W,YNL048W,0,-0.5376757,0.08547838777303696,0.7039999961853027,0.7531999945640564
YGL206C,YDR324C,0,-0.5378968,0.08546800911426544,0.7039999961853027,0.7533000111579895
YDR238C,YNL071W,0,-0.5379006,0.08545763790607452,0.7039999961853027,0.7534000277519226
YAL038W,YJL192C,0,-0.5380421,0.0854472666978836,0.7039999961853027,0.7534999847412109
YLR060W,YKL195W,0,-0.5380499,0.08543689548969269,0.7039999961853027,0.753600001335144
YBR037C,YHL007C,0,-0.53825456,0.08542652428150177,0.7039999961853027,0.7537000179290771
YJL054W,YMR101C,0,-0.53828895,0.08541616052389145,0.7039999961853027,0.7537999749183655
YPR018W,YGL257C,0,-0.5383761,0.08540579676628113,0.7039999961853027,0.7538999915122986
YML080W,YDR141C,0,-0.53856903,0.0853954404592514,0.7039999961853027,0.7540000081062317
YCR084C,YKL081W,0,-0.5387742,0.08538508415222168,0.7039999961853027,0.7541000247001648
YCR012W,YCR028C-A,0,-0.53881747,0.08537472784519196,0.7039999961853027,0.7541999816894531
YEL009C,YDR501W,1,-0.5388474,0.08548562973737717,0.7049999833106995,0.7541999816894531
YNL317W,YIL084C,0,-0.53891784,0.08547526597976685,0.7049999833106995,0.7542999982833862
YDL036C,YMR177W,0,-0.53893447,0.08546490222215652,0.7049999833106995,0.7544000148773193
YDR330W,YCL039W,0,-0.5389515,0.0854545459151268,0.7049999833106995,0.7544999718666077
YHR085W,YER173W,0,-0.5389642,0.08544418960809708,0.7049999833106995,0.7545999884605408
YNL216W,YHR084W,1,-0.5389647,0.08555501699447632,0.7059999704360962,0.7545999884605408
YER068W,YDL008W,0,-0.53904194,0.085544653236866,0.7059999704360962,0.7547000050544739
YGR059W,YOR348C,0,-0.5390822,0.08553428947925568,0.7059999704360962,0.754800021648407
YDL147W,YLR355C,0,-0.53908455,0.08552392572164536,0.7059999704360962,0.7548999786376953
YDR448W,YGL210W,0,-0.5392031,0.08551356941461563,0.7059999704360962,0.7549999952316284
YLR298C,YKL055C,0,-0.5392459,0.08550321310758591,0.7059999704360962,0.7551000118255615
YML014W,YNL029C,0,-0.53930956,0.08549285680055618,0.7059999704360962,0.7552000284194946
YOL086C,YDL017W,0,-0.5394683,0.08548250049352646,0.7059999704360962,0.755299985408783
YNL062C,YIR010W,0,-0.53948575,0.08547215163707733,0.7059999704360962,0.7554000020027161
YGL116W,YGL018C,0,-0.5395022,0.0854618102312088,0.7059999704360962,0.7555000185966492
YER040W,YHL009C,1,-0.5397539,0.0855725035071373,0.7070000171661377,0.7555000185966492
YJL134W,YML093W,0,-0.53977364,0.08556214720010757,0.7070000171661377,0.7555999755859375
YAL044C,YKR061W,0,-0.53987294,0.08555179089307785,0.7070000171661377,0.7556999921798706
YCR047C,YOR122C,0,-0.5399281,0.08554144203662872,0.7070000171661377,0.7558000087738037
YBR179C,YDL052C,0,-0.5399537,0.0855310931801796,0.7070000171661377,0.7559000253677368
YER146W,YPL227C,0,-0.5401507,0.08552074432373047,0.7070000171661377,0.7559999823570251
YNL307C,YIL019W,0,-0.5405753,0.08551040291786194,0.7070000171661377,0.7560999989509583
YNL216W,YJL110C,1,-0.5405862,0.08562099188566208,0.7080000042915344,0.7560999989509583
YKL141W,YLR330W,0,-0.5409716,0.08561064302921295,0.7080000042915344,0.7562000155448914
YJR105W,YGL192W,0,-0.5409783,0.08560028672218323,0.7080000042915344,0.7562999725341797
YJR145C,YLR219W,0,-0.5409828,0.0855899453163147,0.7080000042915344,0.7563999891281128
YDR361C,YLR028C,0,-0.5409999,0.08557959645986557,0.7080000042915344,0.7565000057220459
YML057W,YPL033C,0,-0.5410489,0.08556925505399704,0.7080000042915344,0.756600022315979
YCR009C,YBR036C,0,-0.5411064,0.08555891364812851,0.7080000042915344,0.7566999793052673
YGL021W,YDR379W,0,-0.54128647,0.08554857224225998,0.7080000042915344,0.7567999958992004
YBR135W,YKL213C,0,-0.5414283,0.08553823828697205,0.7080000042915344,0.7569000124931335
YPR193C,YNL029C,0,-0.5414397,0.08552790433168411,0.7080000042915344,0.7570000290870667
YHR178W,YDR151C,1,-0.5414863,0.08563835918903351,0.7089999914169312,0.7570000290870667
YDL116W,YGL155W,0,-0.54155326,0.08562801778316498,0.7089999914169312,0.757099986076355
YKL112W,YKL062W,1,-0.54167503,0.08573843538761139,0.7099999785423279,0.757099986076355
YER031C,YBR020W,0,-0.5418565,0.08572808653116226,0.7099999785423279,0.7572000026702881
YLR150W,YDR158W,0,-0.541963,0.08571773767471313,0.7099999785423279,0.7573000192642212
YBL088C,YDR464W,0,-0.54196644,0.08570738881826401,0.7099999785423279,0.7573999762535095
YBR127C,YLR150W,0,-0.5419944,0.08569703996181488,0.7099999785423279,0.7574999928474426
YDR096W,YFL031W,1,-0.5420725,0.08580738306045532,0.7110000252723694,0.7574999928474426
YGR009C,YDR424C,0,-0.5420963,0.0857970342040062,0.7110000252723694,0.7576000094413757
YOR380W,YLR013W,1,-0.54218715,0.08590733259916306,0.7120000123977661,0.7576000094413757
YBR169C,YDL013W,0,-0.5422317,0.08589696884155273,0.7120000123977661,0.7577000260353088
YDL116W,YIR021W,0,-0.542339,0.08588661253452301,0.7120000123977661,0.7577999830245972
YMR235C,YDR310C,0,-0.5423861,0.08587624877691269,0.7120000123977661,0.7578999996185303
YHR157W,YNL256W,0,-0.5424275,0.08586589246988297,0.7120000123977661,0.7580000162124634
YPL128C,YNL023C,1,-0.54243016,0.08597612380981445,0.7129999995231628,0.7580000162124634
YOR085W,YPR199C,0,-0.5425425,0.08596576005220413,0.7129999995231628,0.7580999732017517
YOL128C,YGL223C,0,-0.5428278,0.08595539629459381,0.7129999995231628,0.7581999897956848
YDR214W,YDR358W,0,-0.5428398,0.08594503253698349,0.7129999995231628,0.7583000063896179
YNR052C,YML028W,0,-0.54288673,0.08593467622995377,0.7129999995231628,0.758400022983551
YMR001C,YKR001C,0,-0.5430518,0.08592431992292404,0.7129999995231628,0.7584999799728394
YLR026C,YBL090W,0,-0.54317373,0.08591396361589432,0.7129999995231628,0.7585999965667725
YLR134W,YJR076C,0,-0.5432042,0.08590361475944519,0.7129999995231628,0.7587000131607056
YHR178W,YMR136W,1,-0.5433842,0.08601373434066772,0.7139999866485596,0.7587000131607056
YOL010W,YML057W,0,-0.54347247,0.0860033705830574,0.7139999866485596,0.7588000297546387
YOL147C,YJR077C,0,-0.5435426,0.08599301427602768,0.7139999866485596,0.758899986743927
YKL043W,YNL216W,1,-0.5436593,0.08610308170318604,0.7149999737739563,0.758899986743927
YLR008C,YAR033W,0,-0.5438213,0.08609271794557571,0.7149999737739563,0.7590000033378601
YGL254W,YDR096W,1,-0.54386014,0.08620274811983109,0.7160000205039978,0.7590000033378601
YOL003C,YPL096W,0,-0.54393137,0.08619236946105957,0.7160000205039978,0.7591000199317932
YLR133W,YJR033C,0,-0.5439889,0.08618199080228806,0.7160000205039978,0.7591999769210815
YBL078C,YOR254C,0,-0.543999,0.08617161959409714,0.7160000205039978,0.7592999935150146
YMR022W,YIL124W,0,-0.54403985,0.08616124838590622,0.7160000205039978,0.7594000101089478
YDL135C,YMR013C,0,-0.5440978,0.0861508846282959,0.7160000205039978,0.7595000267028809
YLR129W,YBL047C,0,-0.54433453,0.08614052087068558,0.7160000205039978,0.7595999836921692
YDL100C,YHR123W,0,-0.54433715,0.08613015711307526,0.7160000205039978,0.7597000002861023
YKL048C,YGR082W,0,-0.54435724,0.08611980080604553,0.7160000205039978,0.7598000168800354
YGL119W,YDL207W,0,-0.54439175,0.08610943704843521,0.7160000205039978,0.7598999738693237
YCR098C,YPL016W,0,-0.5444381,0.08609908819198608,0.7160000205039978,0.7599999904632568
YPL047W,YER068W,0,-0.54463065,0.08608873188495636,0.7160000205039978,0.7601000070571899
YJR089W,YDR292C,0,-0.54495996,0.08607838302850723,0.7160000205039978,0.760200023651123
YML078W,YPL269W,0,-0.54524267,0.0860680341720581,0.7160000205039978,0.7602999806404114
YPL267W,YGR140W,0,-0.54540545,0.08605769276618958,0.7160000205039978,0.7603999972343445
YKL085W,YPL156C,0,-0.5454202,0.08604735136032104,0.7160000205039978,0.7605000138282776
YBR164C,YDR184C,0,-0.545433,0.08603700995445251,0.7160000205039978,0.7605999708175659
YGL071W,YDL020C,1,-0.54548436,0.08614682406187057,0.7170000076293945,0.7605999708175659
YGR070W,YGR192C,0,-0.5455192,0.08613647520542145,0.7170000076293945,0.760699987411499
YLR059C,YLR353W,0,-0.5455411,0.08612612634897232,0.7170000076293945,0.7608000040054321
YDL190C,YJL184W,0,-0.54558253,0.08611578494310379,0.7170000076293945,0.7609000205993652
YOR380W,YDR151C,1,-0.5456541,0.08622553199529648,0.7179999947547913,0.7609000205993652
YMR047C,YDL132W,0,-0.54586077,0.08621517568826675,0.7179999947547913,0.7609999775886536
YPL203W,YPL106C,0,-0.54594654,0.08620482683181763,0.7179999947547913,0.7610999941825867
YBR217W,YPL181W,0,-0.5459603,0.0861944779753685,0.7179999947547913,0.7612000107765198
YOR014W,YBL063W,0,-0.5460499,0.08618412911891937,0.7179999947547913,0.7613000273704529
YDR023W,YKL178C,0,-0.5460568,0.08617378771305084,0.7179999947547913,0.7613999843597412
YIR012W,YDR156W,0,-0.5461701,0.08616344630718231,0.7179999947547913,0.7615000009536743
YOR233W,YGL136C,0,-0.54621404,0.08615310490131378,0.7179999947547913,0.7616000175476074
YOR074C,YDR023W,0,-0.5462167,0.08614277094602585,0.7179999947547913,0.7616999745368958
YDR171W,YLL003W,0,-0.5462707,0.08613243699073792,0.7179999947547913,0.7617999911308289
YOR018W,YJR021C,0,-0.5463262,0.08612210303544998,0.7179999947547913,0.761900007724762
YMR037C,YLR014C,1,-0.54640204,0.08623170852661133,0.718999981880188,0.761900007724762
YLR447C,YBL051C,0,-0.54645985,0.0862213671207428,0.718999981880188,0.7620000243186951
YKL043W,YLR183C,1,-0.54651237,0.08633093535900116,0.7200000286102295,0.7620000243186951
YBL051C,YHR188C,0,-0.5465725,0.08632058650255203,0.7200000286102295,0.7620999813079834
YNL131W,YIL075C,0,-0.54657394,0.0863102376461029,0.7200000286102295,0.7621999979019165
YHR119W,YDR397C,0,-0.5466125,0.08629988878965378,0.7200000286102295,0.7623000144958496
YBR034C,YPL175W,0,-0.54675764,0.08628954738378525,0.7200000286102295,0.7623999714851379
YLR181C,YPL028W,0,-0.5470879,0.08627920597791672,0.7200000286102295,0.762499988079071
YDR023W,YOR212W,0,-0.54711413,0.08626887202262878,0.7200000286102295,0.7626000046730042
YDR389W,YPR135W,0,-0.5471583,0.08625853806734085,0.7200000286102295,0.7627000212669373
YJL092W,YHR008C,0,-0.547383,0.08624820411205292,0.7200000286102295,0.7627999782562256
YDR339C,YDL064W,0,-0.5475547,0.08623787015676498,0.7200000286102295,0.7628999948501587
YHR124W,YJL110C,1,-0.54757506,0.0863473042845726,0.7210000157356262,0.7628999948501587
YOR316C,YNL153C,0,-0.5477039,0.08633696287870407,0.7210000157356262,0.7630000114440918
YBR069C,YLR401C,0,-0.54771185,0.08632662892341614,0.7210000157356262,0.7631000280380249
YJL004C,YJL101C,0,-0.5478062,0.0863162949681282,0.7210000157356262,0.7631999850273132
YDR472W,YPL097W,0,-0.54788476,0.08630596101284027,0.7210000157356262,0.7633000016212463
YGL233W,YMR309C,0,-0.54812884,0.08629563450813293,0.7210000157356262,0.7634000182151794
YHL028W,YIL052C,0,-0.5482549,0.086285300552845,0.7210000157356262,0.7634999752044678
YAL026C,YBR177C,0,-0.54826474,0.08627498149871826,0.7210000157356262,0.7635999917984009
YDL140C,YPL235W,0,-0.5482932,0.08626465499401093,0.7210000157356262,0.763700008392334
YML078W,YDL093W,0,-0.54834795,0.08625433593988419,0.7210000157356262,0.7638000249862671
YGR059W,YGL180W,0,-0.5484403,0.08624401688575745,0.7210000157356262,0.7638999819755554
YOL129W,YGL115W,0,-0.54867864,0.0862337052822113,0.7210000157356262,0.7639999985694885
YFL013C,YLL003W,0,-0.5486901,0.08622339367866516,0.7210000157356262,0.7641000151634216
YHR174W,YDR414C,0,-0.5487603,0.08621308207511902,0.7210000157356262,0.76419997215271
YBL051C,YFR031C,0,-0.5487643,0.08620277047157288,0.7210000157356262,0.7642999887466431
YJL210W,YBR009C,0,-0.54881734,0.08619246631860733,0.7210000157356262,0.7644000053405762
YCR009C,YER012W,0,-0.54886353,0.08618216961622238,0.7210000157356262,0.7645000219345093
YPR016C,YNR048W,0,-0.5489241,0.08617186546325684,0.7210000157356262,0.7645999789237976
YHR191C,YHR006W,0,-0.5490366,0.08616156876087189,0.7210000157356262,0.7646999955177307
YKL145W,YOR213C,0,-0.5490411,0.08615127205848694,0.7210000157356262,0.7648000121116638
YBR199W,YER125W,0,-0.54920065,0.08614098280668259,0.7210000157356262,0.7649000287055969
YLR106C,YMR188C,0,-0.54921037,0.08613068610429764,0.7210000157356262,0.7649999856948853
YMR056C,YGL033W,0,-0.54939103,0.08612040430307388,0.7210000157356262,0.7651000022888184
YML116W,YNL071W,0,-0.54943264,0.08611011505126953,0.7210000157356262,0.7652000188827515
YLR028C,YGL099W,0,-0.54954433,0.08609983325004578,0.7210000157356262,0.7652999758720398
YPL265W,YKL035W,0,-0.5495484,0.08608955144882202,0.7210000157356262,0.7653999924659729
YMR237W,YHR163W,0,-0.5496211,0.08607927709817886,0.7210000157356262,0.765500009059906
YOR315W,YFL004W,0,-0.54964334,0.08606899529695511,0.7210000157356262,0.7656000256538391
YJL104W,YNL065W,0,-0.54976964,0.08605872839689255,0.7210000157356262,0.7656999826431274
YML057W,YPR165W,0,-0.5499567,0.08604845404624939,0.7210000157356262,0.7657999992370605
YPR073C,YOR236W,0,-0.5500685,0.08603818714618683,0.7210000157356262,0.7659000158309937
YNL029C,YIL040W,0,-0.5502988,0.08602792024612427,0.7210000157356262,0.765999972820282
YJR064W,YLR084C,0,-0.55055505,0.0860176533460617,0.7210000157356262,0.7660999894142151
YHR074W,YML127W,0,-0.5506436,0.08600739389657974,0.7210000157356262,0.7662000060081482
YFL025C,YGL253W,0,-0.55071414,0.08599713444709778,0.7210000157356262,0.7663000226020813
YBR288C,YJL222W,0,-0.55073845,0.08598688244819641,0.7210000157356262,0.7663999795913696
YDR288W,YNL079C,0,-0.5508037,0.08597663044929504,0.7210000157356262,0.7664999961853027
YKL025C,YMR043W,0,-0.550903,0.08596637845039368,0.7210000157356262,0.7666000127792358
YKL212W,YGL180W,0,-0.5510201,0.08595612645149231,0.7210000157356262,0.766700029373169
YAR018C,YPL153C,0,-0.55121326,0.08594588190317154,0.7210000157356262,0.7667999863624573
YOL042W,YJL209W,0,-0.55127424,0.08593563735485077,0.7210000157356262,0.7669000029563904
YMR219W,YOL054W,0,-0.55156404,0.08592539280653,0.7210000157356262,0.7670000195503235
YKL112W,YDL020C,1,-0.5515643,0.08603432029485703,0.722000002861023,0.7670000195503235
YER087C-B,YGR036C,0,-0.55157304,0.08602406829595566,0.722000002861023,0.7670999765396118
YCL054W,YLR274W,0,-0.55157965,0.08601381629705429,0.722000002861023,0.7671999931335449
YGR238C,YDR341C,0,-0.55163676,0.08600357174873352,0.722000002861023,0.767300009727478
YOR290C,YPL206C,0,-0.55169153,0.08599332720041275,0.722000002861023,0.7674000263214111
YMR104C,YOR254C,0,-0.5516975,0.08598309010267258,0.722000002861023,0.7674999833106995
YFR029W,YHR133C,0,-0.55169946,0.0859728530049324,0.722000002861023,0.7675999999046326
YDR216W,YOR380W,1,-0.55176216,0.08608167618513107,0.7229999899864197,0.7675999999046326
YOR212W,YNL280C,0,-0.5517696,0.0860714316368103,0.7229999899864197,0.7677000164985657
YDR165W,YJL014W,0,-0.55181676,0.08606117963790894,0.7229999899864197,0.767799973487854
YDR416W,YDR158W,0,-0.55195266,0.08605094254016876,0.7229999899864197,0.7678999900817871
YBR297W,YFR034C,1,-0.55207187,0.08615970611572266,0.7239999771118164,0.7678999900817871
YBR182C,YGL073W,1,-0.55210584,0.08626843988895416,0.7250000238418579,0.7678999900817871
YHR039C,YBR082C,0,-0.5522229,0.0862581804394722,0.7250000238418579,0.7680000066757202
YHR150W,YBR092C,0,-0.55238444,0.08624792098999023,0.7250000238418579,0.7681000232696533
YBL019W,YDL022W,0,-0.55256486,0.08623766154050827,0.7250000238418579,0.7681999802589417
YDR487C,YDR101C,0,-0.55258065,0.0862274020910263,0.7250000238418579,0.7682999968528748
YLR145W,YJL125C,0,-0.55263287,0.08621715009212494,0.7250000238418579,0.7684000134468079
YBR297W,YGL254W,1,-0.5526812,0.08632580190896988,0.7260000109672546,0.7684000134468079
YOL044W,YKR048C,0,-0.5528934,0.08631554245948792,0.7260000109672546,0.7684999704360962
YNL216W,YHR206W,1,-0.55306727,0.08642415702342987,0.7269999980926514,0.7684999704360962
YPR198W,YGR085C,0,-0.5531999,0.08641388267278671,0.7269999980926514,0.7685999870300293
YPL128C,YBR182C,1,-0.5532378,0.08652245998382568,0.7279999852180481,0.7685999870300293
YDL126C,YNL280C,0,-0.5533026,0.08651217818260193,0.7279999852180481,0.7687000036239624
YNL236W,YKR031C,0,-0.5533144,0.08650190383195877,0.7279999852180481,0.7688000202178955
YOR388C,YIL065C,0,-0.55333644,0.08649162203073502,0.7279999852180481,0.7688999772071838
YAL023C,YBL011W,0,-0.5533864,0.08648134768009186,0.7279999852180481,0.7689999938011169
YJL110C,YHR084W,1,-0.55344385,0.08658985793590546,0.7289999723434448,0.7689999938011169
YPL159C,YGR101W,0,-0.55354804,0.0865795761346817,0.7289999723434448,0.76910001039505
YCR005C,YJL178C,0,-0.5537066,0.08656929433345795,0.7289999723434448,0.7692000269889832
YIL014W,YDR517W,0,-0.5537678,0.08655901253223419,0.7289999723434448,0.7692999839782715
YDL212W,YJL012C,0,-0.5538216,0.08654873818159103,0.7289999723434448,0.7694000005722046
YDL100C,YCL067C,0,-0.5538397,0.08653846383094788,0.7289999723434448,0.7695000171661377
YIR033W,YOL003C,0,-0.55391395,0.08652818948030472,0.7289999723434448,0.769599974155426
YMR234W,YKL038W,0,-0.5542757,0.08651792258024216,0.7289999723434448,0.7696999907493591
YER006W,YOL149W,0,-0.55438507,0.0865076556801796,0.7289999723434448,0.7698000073432922
YNR038W,YBL069W,0,-0.5545775,0.08649738878011703,0.7289999723434448,0.7699000239372253
YCR073C,YFL049W,0,-0.55463,0.08648712933063507,0.7289999723434448,0.7699999809265137
YPR132W,YPR119W,0,-0.5546368,0.0864768698811531,0.7289999723434448,0.7700999975204468
YMR149W,YDR009W,0,-0.55474,0.08646661043167114,0.7289999723434448,0.7702000141143799
YPR132W,YKL203C,0,-0.55487597,0.08645635843276978,0.7289999723434448,0.7702999711036682
YEL031W,YLR238W,0,-0.55493295,0.08644610643386841,0.7289999723434448,0.7703999876976013
YLR172C,YKR086W,0,-0.5550851,0.08643585443496704,0.7289999723434448,0.7705000042915344
YDR484W,YNL317W,0,-0.5551676,0.08642560988664627,0.7289999723434448,0.7706000208854675
YPL058C,YPL089C,0,-0.55524236,0.0864153653383255,0.7289999723434448,0.7706999778747559
YNL287W,YJL145W,0,-0.555246,0.08640512079000473,0.7289999723434448,0.770799994468689
YPR143W,YKL058W,0,-0.5552904,0.08639488369226456,0.7289999723434448,0.7709000110626221
YDR353W,YPL138C,0,-0.55539936,0.08638463914394379,0.7289999723434448,0.7710000276565552
YOR355W,YDR469W,0,-0.5554603,0.08637440949678421,0.7289999723434448,0.7710999846458435
YJR007W,YPR124W,0,-0.5555845,0.08636417239904404,0.7289999723434448,0.7712000012397766
YFL004W,YNL102W,0,-0.55562544,0.08635394275188446,0.7289999723434448,0.7713000178337097
YBL093C,YER045C,0,-0.55571556,0.08634371310472488,0.7289999723434448,0.771399974822998
YAR018C,YHR068W,0,-0.55592835,0.0863334909081459,0.7289999723434448,0.7714999914169312
YGL011C,YLR116W,0,-0.5559645,0.08632326871156693,0.7289999723434448,0.7716000080108643
YDL022W,YPR024W,0,-0.5559845,0.08631304651498795,0.7289999723434448,0.7717000246047974
YBL057C,YGR005C,0,-0.5560718,0.08630283176898956,0.7289999723434448,0.7717999815940857
YFR047C,YKL165C,0,-0.5560752,0.08629261702299118,0.7289999723434448,0.7718999981880188
YDR532C,YJR044C,0,-0.55612916,0.0862824022769928,0.7289999723434448,0.7720000147819519
YLL006W,YBR092C,0,-0.55618036,0.08627218753099442,0.7289999723434448,0.7720999717712402
YJR118C,YGL058W,0,-0.55626214,0.08626198023557663,0.7289999723434448,0.7721999883651733
YHR200W,YHL007C,0,-0.5568108,0.08625177294015884,0.7289999723434448,0.7723000049591064
YKL062W,YPL133C,1,-0.5568195,0.08635987341403961,0.7300000190734863,0.7723000049591064
YHR196W,YLR110C,0,-0.55689216,0.08634965866804123,0.7300000190734863,0.7724000215530396
YIL063C,YGR281W,0,-0.55695057,0.08633944392204285,0.7300000190734863,0.7724999785423279
YJL190C,YDL065C,0,-0.5570219,0.08632923662662506,0.7300000190734863,0.772599995136261
YDR314C,YDR339C,0,-0.55707175,0.08631902933120728,0.7300000190734863,0.7727000117301941
YDR217C,YPL176C,0,-0.557127,0.08630882203578949,0.7300000190734863,0.7728000283241272
YHR187W,YKL108W,0,-0.55728096,0.0862986147403717,0.7300000190734863,0.7728999853134155
YGL116W,YKR022C,0,-0.5573116,0.08628841489553452,0.7300000190734863,0.7730000019073486
YDL004W,YDR130C,0,-0.55732006,0.08627821505069733,0.7300000190734863,0.7731000185012817
YGL016W,YBR026C,0,-0.5573663,0.08626802265644073,0.7300000190734863,0.7731999754905701
YHR082C,YJR040W,0,-0.55750114,0.08625783026218414,0.7300000190734863,0.7732999920845032
YER052C,YIL097W,0,-0.5577913,0.08624763786792755,0.7300000190734863,0.7734000086784363
YMR198W,YML102W,0,-0.5578541,0.08623744547367096,0.7300000190734863,0.7735000252723694
YOR026W,YKR031C,0,-0.55796295,0.08622726052999496,0.7300000190734863,0.7735999822616577
YDR435C,YBR103W,0,-0.55798703,0.08621707558631897,0.7300000190734863,0.7736999988555908
YDL132W,YCR092C,0,-0.55799335,0.08620689809322357,0.7300000190734863,0.7738000154495239
YER054C,YJL053W,0,-0.55806285,0.08619672060012817,0.7300000190734863,0.7738999724388123
YGR192C,YOR249C,0,-0.5581306,0.08618654310703278,0.7300000190734863,0.7739999890327454
YDR459C,YML102W,0,-0.55816376,0.08617636561393738,0.7300000190734863,0.7741000056266785
YBR188C,YKL056C,0,-0.558175,0.08616619557142258,0.7300000190734863,0.7742000222206116
YOR294W,YNL084C,0,-0.5581768,0.08615602552890778,0.7300000190734863,0.7742999792098999
YHR088W,YHR006W,0,-0.5581886,0.08614585548639297,0.7300000190734863,0.774399995803833
YNR059W,YMR276W,0,-0.5581947,0.08613569289445877,0.7300000190734863,0.7745000123977661
YLR403W,YKL062W,1,-0.5582108,0.08624351024627686,0.7310000061988831,0.7745000123977661
YIL101C,YLR013W,1,-0.5583652,0.08635130524635315,0.7319999933242798,0.7745000123977661
YFR048W,YKL002W,0,-0.55837375,0.08634112030267715,0.7319999933242798,0.7746000289916992
YHR082C,YGL167C,0,-0.55850357,0.08633093535900116,0.7319999933242798,0.7746999859809875
YDR151C,YOR032C,1,-0.5585235,0.08643867820501328,0.7329999804496765,0.7746999859809875
YER040W,YKL062W,1,-0.55857104,0.0865463986992836,0.734000027179718,0.7746999859809875
YDR425W,YDL132W,0,-0.5586201,0.08653619140386581,0.734000027179718,0.7748000025749207
YGR204W,YER183C,0,-0.5586341,0.08652599155902863,0.734000027179718,0.7749000191688538
YGL092W,YNL231C,0,-0.5587242,0.08651579171419144,0.734000027179718,0.7749999761581421
YBL090W,YOR216C,0,-0.5587504,0.08650559931993484,0.734000027179718,0.7750999927520752
YMR250W,YDL143W,0,-0.55876726,0.08649540692567825,0.734000027179718,0.7752000093460083
YJL006C,YIL039W,0,-0.55880266,0.08648521453142166,0.734000027179718,0.7753000259399414
YDL155W,YPL135W,0,-0.55885595,0.08647502213716507,0.734000027179718,0.7753999829292297
YMR308C,YKL058W,0,-0.5588853,0.08646483719348907,0.734000027179718,0.7754999995231628
YJR059W,YNL326C,0,-0.55889195,0.08645465224981308,0.734000027179718,0.775600016117096
YIR019C,YKL038W,0,-0.5590003,0.08644446730613708,0.734000027179718,0.7756999731063843
YOL066C,YML057W,0,-0.5592789,0.08643428981304169,0.734000027179718,0.7757999897003174
YML123C,YER031C,0,-0.55928415,0.08642411231994629,0.734000027179718,0.7759000062942505
YBL099W,YLR276C,0,-0.55929977,0.08641394227743149,0.734000027179718,0.7760000228881836
YNL023C,YHR206W,1,-0.559314,0.08652148395776749,0.7350000143051147,0.7760000228881836
YGL092W,YPL122C,0,-0.55931747,0.08651129901409149,0.7350000143051147,0.7760999798774719
YCL038C,YGL013C,0,-0.5593266,0.0865011215209961,0.7350000143051147,0.776199996471405
YOL104C,YOL156W,0,-0.5593305,0.0864909365773201,0.7350000143051147,0.7763000130653381
YDL020C,YLR183C,1,-0.5593524,0.08659842610359192,0.7360000014305115,0.7763000130653381
YDR052C,YNL207W,0,-0.559379,0.08658823370933533,0.7360000014305115,0.7764000296592712
YNL288W,YKL208W,0,-0.5594359,0.08657804876565933,0.7360000014305115,0.7764999866485596
YOR207C,YKR036C,0,-0.5595044,0.08656786382198334,0.7360000014305115,0.7766000032424927
YPR037C,YGR080W,0,-0.55956024,0.08655768632888794,0.7360000014305115,0.7767000198364258
YGR249W,YLR013W,1,-0.55958205,0.08666510134935379,0.7369999885559082,0.7767000198364258
YFL023W,YGR289C,0,-0.5596296,0.0866549089550972,0.7369999885559082,0.7767999768257141
YLR135W,YML028W,0,-0.55968773,0.0866447240114212,0.7369999885559082,0.7768999934196472
YLR405W,YHR006W,0,-0.5597274,0.08663453906774521,0.7369999885559082,0.7770000100135803
YKL170W,YGR142W,0,-0.55975324,0.08662435412406921,0.7369999885559082,0.7771000266075134
YGL097W,YAL030W,0,-0.55987793,0.08661417663097382,0.7369999885559082,0.7771999835968018
YKL059C,YNL270C,0,-0.55994546,0.08660399168729782,0.7369999885559082,0.7773000001907349
YEL042W,YJR043C,0,-0.56003696,0.08659382164478302,0.7369999885559082,0.777400016784668
YIL016W,YGR036C,0,-0.5600813,0.08658364415168762,0.7369999885559082,0.7774999737739563
YER072W,YJL104W,0,-0.56021315,0.08657347410917282,0.7369999885559082,0.7775999903678894
YPL248C,YPL133C,1,-0.5602312,0.08668076246976852,0.7379999756813049,0.7775999903678894
YMR039C,YOR299W,0,-0.56023407,0.08667058497667313,0.7379999756813049,0.7777000069618225
YJL186W,YNR026C,0,-0.5602734,0.08666040748357773,0.7379999756813049,0.7778000235557556
YDR025W,YOR359W,0,-0.56028503,0.08665022999048233,0.7379999756813049,0.777899980545044
YOR275C,YNR054C,0,-0.5605481,0.08664005994796753,0.7379999756813049,0.777999997138977
YML060W,YDR460W,0,-0.56058866,0.08662988245487213,0.7379999756813049,0.7781000137329102
YPL135W,YDL165W,0,-0.56063974,0.08661971986293793,0.7379999756813049,0.7781999707221985
YDR171W,YJL164C,0,-0.56064004,0.08660954982042313,0.7379999756813049,0.7782999873161316
YPL094C,YDR225W,0,-0.5607285,0.08659938722848892,0.7379999756813049,0.7784000039100647
YEL069C,YER143W,0,-0.5608398,0.08658923208713531,0.7379999756813049,0.7785000205039978
YPR055W,YOR076C,0,-0.56086284,0.08657906949520111,0.7379999756813049,0.7785999774932861
YGL067W,YCL016C,0,-0.56086487,0.0865689143538475,0.7379999756813049,0.7786999940872192
YNL030W,YBR223C,0,-0.5608651,0.0865587592124939,0.7379999756813049,0.7788000106811523
YHL009C,YDR096W,1,-0.5608883,0.08666588366031647,0.7390000224113464,0.7788000106811523
YBR008C,YDL149W,0,-0.5609012,0.08665572106838226,0.7390000224113464,0.7789000272750854
YJL071W,YDR057W,0,-0.56094545,0.08664555847644806,0.7390000224113464,0.7789999842643738
YNR031C,YMR309C,0,-0.5610083,0.08663540333509445,0.7390000224113464,0.7791000008583069
YGL171W,YGR261C,0,-0.5610274,0.08662524819374084,0.7390000224113464,0.77920001745224
YPR111W,YKR046C,0,-0.561094,0.08661509305238724,0.7390000224113464,0.7792999744415283
YKR053C,YJL041W,0,-0.5613161,0.08660494536161423,0.7390000224113464,0.7793999910354614
YNL206C,YPL171C,0,-0.56134385,0.08659479767084122,0.7390000224113464,0.7795000076293945
YDR110W,YJR155W,0,-0.5614112,0.0865846499800682,0.7390000224113464,0.7796000242233276
YGR002C,YDR258C,0,-0.56162715,0.0865745097398758,0.7390000224113464,0.779699981212616
YCL011C,YOL139C,0,-0.56167656,0.08656436949968338,0.7390000224113464,0.7797999978065491
YHR163W,YJR093C,0,-0.5619355,0.08655422925949097,0.7390000224113464,0.7799000144004822
YBR275C,YDR103W,0,-0.56195563,0.08654408901929855,0.7390000224113464,0.7799999713897705
YMR097C,YGR133W,0,-0.56198686,0.08653395622968674,0.7390000224113464,0.7800999879837036
YGR080W,YFR013W,0,-0.5620623,0.08652382344007492,0.7390000224113464,0.7802000045776367
YOR159C,YOR113W,0,-0.5621622,0.0865136981010437,0.7390000224113464,0.7803000211715698
YHR088W,YNL302C,0,-0.56218845,0.08650357276201248,0.7390000224113464,0.7803999781608582
YLR293C,YPL169C,0,-0.5622199,0.08649344742298126,0.7390000224113464,0.7804999947547913
YKL059C,YDL022W,0,-0.5624289,0.08648332208395004,0.7390000224113464,0.7806000113487244
YAL013W,YJR049C,0,-0.562528,0.08647320419549942,0.7390000224113464,0.7807000279426575
YKR020W,YOR295W,0,-0.56254655,0.0864630863070488,0.7390000224113464,0.7807999849319458
YPL007C,YGR216C,0,-0.5626388,0.08645296841859818,0.7390000224113464,0.7809000015258789
YHR011W,YDR364C,0,-0.5627167,0.08644285798072815,0.7390000224113464,0.781000018119812
YIL023C,YMR224C,0,-0.56283224,0.08643274754285812,0.7390000224113464,0.7810999751091003
YHL009C,YFL031W,1,-0.5629727,0.08653958886861801,0.7400000095367432,0.7810999751091003
YGR010W,YLR200W,0,-0.563117,0.08652946352958679,0.7400000095367432,0.7811999917030334
YGL111W,YBR127C,0,-0.5632127,0.08651935309171677,0.7400000095367432,0.7813000082969666
YPR140W,YKR001C,0,-0.56323487,0.08650923520326614,0.7400000095367432,0.7814000248908997
YKR060W,YER019C-A,0,-0.56327313,0.08649912476539612,0.7400000095367432,0.781499981880188
YAL034W-A,YOR359W,0,-0.56328386,0.08648901432752609,0.7400000095367432,0.7815999984741211
YGR029W,YMR061W,0,-0.56340533,0.08647890388965607,0.7400000095367432,0.7817000150680542
YOR040W,YDR072C,0,-0.5634199,0.08646880090236664,0.7400000095367432,0.7817999720573425
YMR016C,YLR403W,1,-0.5634634,0.08657553791999817,0.7409999966621399,0.7817999720573425
YFL021W,YLR172C,0,-0.563538,0.08656542003154755,0.7409999966621399,0.7818999886512756
YDR498C,YLR256W,0,-0.5635655,0.08655530959367752,0.7409999966621399,0.7820000052452087
YDL046W,YGL169W,0,-0.5636119,0.0865451991558075,0.7409999966621399,0.7821000218391418
YDR294C,YKL016C,0,-0.5636969,0.08653509616851807,0.7409999966621399,0.7821999788284302
YPR193C,YFR036W,0,-0.56379944,0.08652498573064804,0.7409999966621399,0.7822999954223633
YLR298C,YNR010W,0,-0.5639126,0.08651488274335861,0.7409999966621399,0.7824000120162964
YPL121C,YGL192W,0,-0.5639294,0.08650478720664978,0.7409999966621399,0.7825000286102295
YJL012C,YFL023W,0,-0.5641604,0.08649469166994095,0.7409999966621399,0.7825999855995178
YNL298W,YNL220W,0,-0.5641847,0.08648459613323212,0.7409999966621399,0.7827000021934509
YDL213C,YOL027C,0,-0.564295,0.08647450059652328,0.7409999966621399,0.782800018787384
YBL064C,YNL001W,0,-0.5644797,0.08646441251039505,0.7409999966621399,0.7828999757766724
YBR041W,YCL059C,0,-0.56449807,0.08645432442426682,0.7409999966621399,0.7829999923706055
YDR464W,YER164W,0,-0.5645569,0.08644423633813858,0.7409999966621399,0.7831000089645386
YHR178W,YHR124W,1,-0.5647489,0.08655080199241638,0.7419999837875366,0.7831000089645386
YPL010W,YOR340C,0,-0.56476504,0.08654070645570755,0.7419999837875366,0.7832000255584717
YEL053C,YLR363C,0,-0.56482846,0.08653061091899872,0.7419999837875366,0.78329998254776
YBR297W,YOR380W,1,-0.5649298,0.08663712441921234,0.7429999709129333,0.78329998254776
YDL223C,YLR009W,0,-0.56495804,0.08662702888250351,0.7429999709129333,0.7833999991416931
YLR167W,YHR129C,0,-0.5649837,0.08661692589521408,0.7429999709129333,0.7835000157356262
YER005W,YLR009W,0,-0.5651886,0.08660683035850525,0.7429999709129333,0.7835999727249146
YPL156C,YOR198C,0,-0.56531215,0.08659673482179642,0.7429999709129333,0.7836999893188477
YOL149W,YJR049C,0,-0.5653929,0.08658664673566818,0.7429999709129333,0.7838000059127808
YGL174W,YHL020C,0,-0.56547284,0.08657655864953995,0.7429999709129333,0.7839000225067139
YJL183W,YMR092C,0,-0.5655593,0.08656647056341171,0.7429999709129333,0.7839999794960022
YOR193W,YLR360W,0,-0.5655996,0.08655638247728348,0.7429999709129333,0.7840999960899353
YBR172C,YHR150W,0,-0.565818,0.08654630184173584,0.7429999709129333,0.7842000126838684
YBR192W,YNL220W,0,-0.56582016,0.0865362212061882,0.7429999709129333,0.7843000292778015
YKL114C,YKL052C,0,-0.5658308,0.08652614057064056,0.7429999709129333,0.7843999862670898
YGL029W,YJL102W,0,-0.56595546,0.08651606738567352,0.7429999709129333,0.784500002861023
YER120W,YNR044W,0,-0.56665266,0.08650599420070648,0.7429999709129333,0.784600019454956
YCL034W,YGL212W,0,-0.56674635,0.08649592846632004,0.7429999709129333,0.7846999764442444
YJL110C,YOR032C,1,-0.56684417,0.08660225570201874,0.7440000176429749,0.7846999764442444
YDR058C,YDR166C,0,-0.56713516,0.0865921750664711,0.7440000176429749,0.7847999930381775
YCL025C,YHR200W,0,-0.5673352,0.08658210188150406,0.7440000176429749,0.7849000096321106
YBR059C,YBR254C,0,-0.5675698,0.08657202869653702,0.7440000176429749,0.7850000262260437
YPR016C,YPL002C,0,-0.56772625,0.08656195551156998,0.7440000176429749,0.785099983215332
YPL248C,YOR032C,1,-0.56799173,0.0866682156920433,0.7450000047683716,0.785099983215332
YDR459C,YNL273W,0,-0.56828296,0.08665813505649567,0.7450000047683716,0.7851999998092651
YMR016C,YJL110C,1,-0.5686552,0.0867643654346466,0.7459999918937683,0.7851999998092651
YOL129W,YLR399C,0,-0.56870276,0.08675427734851837,0.7459999918937683,0.7853000164031982
YHL040C,YNL153C,0,-0.5688155,0.08674418926239014,0.7459999918937683,0.7853999733924866
YEL060C,YLR047C,0,-0.5688834,0.0867341011762619,0.7459999918937683,0.7854999899864197
YNL243W,YKL018W,0,-0.56897944,0.08672402054071426,0.7459999918937683,0.7856000065803528
YDR439W,YLL015W,0,-0.56899947,0.08671393990516663,0.7459999918937683,0.7857000231742859
YKR056W,YML091C,0,-0.56917125,0.08670385926961899,0.7459999918937683,0.7857999801635742
YOR198C,YBL003C,0,-0.569173,0.08669378608465195,0.7459999918937683,0.7858999967575073
YAL059W,YDR397C,0,-0.5693423,0.08668370544910431,0.7459999918937683,0.7860000133514404
YBR008C,YFR013W,0,-0.5693986,0.08667363971471786,0.7459999918937683,0.7860999703407288
YNL042W,YPR016C,0,-0.56939965,0.08666356652975082,0.7459999918937683,0.7861999869346619
YLR020C,YDR138W,0,-0.5694882,0.08665350079536438,0.7459999918937683,0.786300003528595
YDR545W,YEL026W,0,-0.5695871,0.08664343506097794,0.7459999918937683,0.7864000201225281
YIL101C,YOR032C,1,-0.56964594,0.08674950897693634,0.746999979019165,0.7864000201225281
YBR037C,YFL023W,0,-0.5696903,0.0867394357919693,0.746999979019165,0.7864999771118164
YOL129W,YDR108W,0,-0.56978637,0.08672936260700226,0.746999979019165,0.7865999937057495
YPL051W,YER025W,0,-0.5698738,0.08671929687261581,0.746999979019165,0.7867000102996826
YCR033W,YHR143W-A,0,-0.5698962,0.08670923113822937,0.746999979019165,0.7868000268936157
YPR182W,YCL031C,0,-0.56994355,0.08669916540384293,0.746999979019165,0.786899983882904
YMR116C,YPR133W-A,0,-0.5700929,0.08668909966945648,0.746999979019165,0.7870000004768372
YDL002C,YJL065C,0,-0.57009685,0.08667904138565063,0.746999979019165,0.7871000170707703
YOL121C,YOR085W,0,-0.57017356,0.08666899055242538,0.746999979019165,0.7871999740600586
YMR096W,YBR192W,0,-0.57023674,0.08665893226861954,0.746999979019165,0.7872999906539917
YPL130W,YMR078C,0,-0.5704277,0.08664888143539429,0.746999979019165,0.7874000072479248
YJL183W,YER133W,0,-0.57066536,0.08663883060216904,0.746999979019165,0.7875000238418579
YER111C,YGR249W,1,-0.57074505,0.0867447555065155,0.7480000257492065,0.7875000238418579
YDR069C,YOR172W,0,-0.5707576,0.08673469722270966,0.7480000257492065,0.7875999808311462
YGL254W,YOR380W,1,-0.5707739,0.08684057742357254,0.7490000128746033,0.7875999808311462
YLL060C,YFL038C,0,-0.57077706,0.0868305116891861,0.7490000128746033,0.7876999974250793
YDL244W,YER161C,0,-0.5708832,0.08682044595479965,0.7490000128746033,0.7878000140190125
YPL047W,YOR100C,0,-0.5709229,0.0868103876709938,0.7490000128746033,0.7878999710083008
YNL044W,YHR079C,0,-0.5709589,0.08680032193660736,0.7490000128746033,0.7879999876022339
YBR133C,YOR221C,0,-0.5709773,0.08679026365280151,0.7490000128746033,0.788100004196167
YDR494W,YKL204W,0,-0.5711636,0.08678021281957626,0.7490000128746033,0.7882000207901001
YKL014C,YPR065W,0,-0.5714623,0.08677015453577042,0.7490000128746033,0.7882999777793884
YOR045W,YMR296C,0,-0.5716683,0.08676010370254517,0.7490000128746033,0.7883999943733215
YOL165C,YOR363C,0,-0.57173043,0.08675006031990051,0.7490000128746033,0.7885000109672546
YML076C,YKL062W,1,-0.5717793,0.08685582131147385,0.75,0.7885000109672546
YDL132W,YIL014W,0,-0.5720964,0.086845763027668,0.75,0.7886000275611877
YOL055C,YBR072W,0,-0.5721392,0.08683570474386215,0.75,0.7886999845504761
YKL196C,YML024W,0,-0.5721566,0.0868256539106369,0.75,0.7888000011444092
YMR177W,YER109C,0,-0.5722017,0.08681560307741165,0.75,0.7889000177383423
YGL106W,YJR021C,0,-0.57227385,0.0868055522441864,0.75,0.7889999747276306
YDL128W,YDL132W,0,-0.57233435,0.08679550886154175,0.75,0.7890999913215637
YIL033C,YPL271W,0,-0.5723856,0.0867854654788971,0.75,0.7892000079154968
YER111C,YIR013C,1,-0.57243115,0.08689112216234207,0.7509999871253967,0.7892000079154968
YLL042C,YNL286W,0,-0.5725333,0.08688107132911682,0.7509999871253967,0.7893000245094299
YPL092W,YGR104C,0,-0.5726277,0.08687102049589157,0.7509999871253967,0.7893999814987183
YFL016C,YIR008C,0,-0.5728117,0.08686097711324692,0.7509999871253967,0.7894999980926514
YHR092C,YNL031C,0,-0.5730261,0.08685093373060226,0.7509999871253967,0.7896000146865845
YOR380W,YMR136W,1,-0.5730276,0.08695652335882187,0.7519999742507935,0.7896000146865845
YML095C,YDR055W,0,-0.57309705,0.08694646507501602,0.7519999742507935,0.7896999716758728
YJR150C,YDR376W,0,-0.5733172,0.08693641424179077,0.7519999742507935,0.7897999882698059
YJL186W,YJR076C,0,-0.57337195,0.08692636340856552,0.7519999742507935,0.789900004863739
YFL025C,YLR313C,0,-0.57340485,0.08691632002592087,0.7519999742507935,0.7900000214576721
YIL007C,YNL188W,0,-0.57368255,0.08690627664327621,0.7519999742507935,0.7900999784469604
YKR053C,YER020W,0,-0.57396495,0.08689623326063156,0.7519999742507935,0.7901999950408936
YCL025C,YLR201C,0,-0.5742319,0.08688618987798691,0.7519999742507935,0.7903000116348267
YAL025C,YJL060W,0,-0.5742597,0.08687615394592285,0.7519999742507935,0.7904000282287598
YDL130W-A,YDR288W,0,-0.574568,0.0868661180138588,0.7519999742507935,0.7904999852180481
YHR086W,YML038C,0,-0.5746373,0.08685608953237534,0.7519999742507935,0.7906000018119812
YBR278W,YGL135W,0,-0.5746599,0.08684605360031128,0.7519999742507935,0.7907000184059143
YHR197W,YNR057C,0,-0.57481664,0.08683602511882782,0.7519999742507935,0.7907999753952026
YIL085C,YGR280C,0,-0.57492393,0.08682600408792496,0.7519999742507935,0.7908999919891357
YJL139C,YOR198C,0,-0.5749416,0.0868159756064415,0.7519999742507935,0.7910000085830688
YLL035W,YNL271C,0,-0.5749917,0.08680595457553864,0.7519999742507935,0.791100025177002
YJR060W,YHR074W,0,-0.57515293,0.08679593354463577,0.7519999742507935,0.7911999821662903
YHR011W,YOL086C,0,-0.57517236,0.08678591996431351,0.7519999742507935,0.7912999987602234
YER042W,YBR097W,0,-0.5752034,0.08677590638399124,0.7519999742507935,0.7914000153541565
YIR004W,YMR280C,0,-0.57527864,0.08676589280366898,0.7519999742507935,0.7914999723434448
YKR042W,YDL137W,0,-0.57542497,0.08675588667392731,0.7519999742507935,0.7915999889373779
YIL085C,YDR294C,0,-0.5754791,0.08674587309360504,0.7519999742507935,0.791700005531311
YGR193C,YOL130W,0,-0.57549715,0.08673587441444397,0.7519999742507935,0.7918000221252441
YHR178W,YCR106W,1,-0.57551134,0.08684119582176208,0.753000020980835,0.7918000221252441
YOR221C,YGR092W,0,-0.57552975,0.08683118224143982,0.753000020980835,0.7918999791145325
YDR086C,YNL274C,0,-0.5755432,0.08682116866111755,0.753000020980835,0.7919999957084656
YJL052W,YLR208W,0,-0.57567513,0.08681116253137589,0.753000020980835,0.7921000123023987
YBL041W,YGR200C,0,-0.57571554,0.08680115640163422,0.753000020980835,0.7922000288963318
YGL173C,YNL129W,0,-0.5757414,0.08679115027189255,0.753000020980835,0.7922999858856201
YAL024C,YMR127C,0,-0.57577807,0.08678114414215088,0.753000020980835,0.7924000024795532
YPL159C,YBR022W,0,-0.575817,0.08677114546298981,0.753000020980835,0.7925000190734863
YGR080W,YDR288W,0,-0.5758752,0.08676114678382874,0.753000020980835,0.7925999760627747
YOR026W,YER025W,0,-0.57592905,0.08675115555524826,0.753000020980835,0.7926999926567078
YDR096W,YKL062W,1,-0.5761776,0.08685635030269623,0.7540000081062317,0.7926999926567078
YOR098C,YHR066W,0,-0.57628274,0.08684635162353516,0.7540000081062317,0.7928000092506409
YIL109C,YOL143C,0,-0.5763219,0.08683634549379349,0.7540000081062317,0.792900025844574
YER065C,YOR003W,0,-0.5763367,0.08682634681463242,0.7540000081062317,0.7929999828338623
YJL035C,YJR059W,0,-0.57635367,0.08681634813547134,0.7540000081062317,0.7930999994277954
YGR063C,YOR270C,0,-0.5765746,0.08680635690689087,0.7540000081062317,0.7932000160217285
YLR394W,YJL033W,0,-0.5765979,0.0867963656783104,0.7540000081062317,0.7932999730110168
YJR002W,YMR043W,0,-0.5766255,0.08678637444972992,0.7540000081062317,0.79339998960495
YFR024C-A,YPL132W,0,-0.5766334,0.08677638322114944,0.7540000081062317,0.7935000061988831
YER095W,YJR021C,0,-0.5767301,0.08676639944314957,0.7540000081062317,0.7936000227928162
YOL002C,YBR198C,0,-0.5767873,0.08675641566514969,0.7540000081062317,0.7936999797821045
YNL216W,YDR151C,1,-0.5767979,0.08686148375272751,0.7549999952316284,0.7936999797821045
YMR303C,YHL024W,0,-0.57681364,0.08685149252414703,0.7549999952316284,0.7937999963760376
YGR086C,YJL178C,0,-0.5768359,0.08684150129556656,0.7549999952316284,0.7939000129699707
YFL021W,YER126C,0,-0.57696444,0.08683151006698608,0.7549999952316284,0.7940000295639038
YMR182C,YOR211C,0,-0.5770032,0.0868215262889862,0.7549999952316284,0.7940999865531921
YOL028C,YOR284W,0,-0.57712764,0.08681154251098633,0.7549999952316284,0.7942000031471252
YGR186W,YDL099W,0,-0.5772325,0.08680156618356705,0.7549999952316284,0.7943000197410583
YLR226W,YER020W,0,-0.57724047,0.08679158240556717,0.7549999952316284,0.7943999767303467
YBR223C,YBR288C,0,-0.57737964,0.08678160607814789,0.7549999952316284,0.7944999933242798
YBR008C,YOR003W,0,-0.5775489,0.0867716372013092,0.7549999952316284,0.7946000099182129
YCR002C,YML052W,0,-0.5777672,0.08676166087388992,0.7549999952316284,0.794700026512146
YGL169W,YLR220W,0,-0.57784855,0.08675169199705124,0.7549999952316284,0.7947999835014343
YDR508C,YAL035W,0,-0.57785714,0.08674173057079315,0.7549999952316284,0.7949000000953674
YLR390W-A,YFL049W,0,-0.578022,0.08673176169395447,0.7549999952316284,0.7950000166893005
YBR084W,YNL151C,0,-0.57802916,0.08672180026769638,0.7549999952316284,0.7950999736785889
YGR097W,YLR320W,0,-0.57805425,0.0867118388414383,0.7549999952316284,0.795199990272522
YNL030W,YDL195W,0,-0.5781911,0.0867018848657608,0.7549999952316284,0.7953000068664551
YML127W,YML055W,0,-0.5782544,0.08669193089008331,0.7549999952316284,0.7954000234603882
YER040W,YGL254W,1,-0.5783381,0.08679678291082382,0.7559999823570251,0.7954000234603882
YOR243C,YOR123C,0,-0.5784046,0.08678682148456573,0.7559999823570251,0.7954999804496765
YCR106W,YFL031W,1,-0.5784584,0.08689164370298386,0.7570000290870667,0.7954999804496765
YDR251W,YJL001W,0,-0.5784876,0.08688166737556458,0.7570000290870667,0.7955999970436096
YGL078C,YKR046C,0,-0.5786031,0.08687169849872589,0.7570000290870667,0.7957000136375427
YMR119W,YNL107W,0,-0.5786702,0.08686172962188721,0.7570000290870667,0.795799970626831
YMR212C,YOR123C,0,-0.5786782,0.08685176819562912,0.7570000290870667,0.7958999872207642
YMR032W,YCR067C,0,-0.57878214,0.08684180676937103,0.7570000290870667,0.7960000038146973
YFR041C,YPL244C,0,-0.57880783,0.08683184534311295,0.7570000290870667,0.7961000204086304
YKR028W,YDR190C,0,-0.57888395,0.08682188391685486,0.7570000290870667,0.7961999773979187
YBL074C,YKL064W,0,-0.57896113,0.08681192994117737,0.7570000290870667,0.7962999939918518
YCR052W,YPR165W,0,-0.57900995,0.08680197596549988,0.7570000290870667,0.7964000105857849
YFL016C,YKR042W,0,-0.5790569,0.08679202198982239,0.7570000290870667,0.796500027179718
YCR002C,YKL170W,0,-0.57905835,0.0867820680141449,0.7570000290870667,0.7965999841690063
YPL159C,YJL006C,0,-0.57920325,0.086772121489048,0.7570000290870667,0.7967000007629395
YKL059C,YHR098C,0,-0.5793533,0.08676217496395111,0.7570000290870667,0.7968000173568726
YPL106C,YGR179C,0,-0.57938266,0.08675223588943481,0.7570000290870667,0.7968999743461609
YJL091C,YDR272W,0,-0.5794801,0.08674229681491852,0.7570000290870667,0.796999990940094
YOR173W,YIR019C,0,-0.57948667,0.08673235774040222,0.7570000290870667,0.7971000075340271
YPR009W,YLR086W,0,-0.57951313,0.08672241866588593,0.7570000290870667,0.7972000241279602
YML041C,YKL150W,0,-0.5795237,0.08671248704195023,0.7570000290870667,0.7972999811172485
YGL071W,YDR151C,1,-0.57952446,0.08681708574295044,0.7580000162124634,0.7972999811172485
YBR172C,YNR039C,0,-0.57961404,0.08680714666843414,0.7580000162124634,0.7973999977111816
YCL061C,YPL213W,0,-0.5796904,0.08679720759391785,0.7580000162124634,0.7975000143051147
YCL026C-A,YBL046W,0,-0.5798293,0.08678726851940155,0.7580000162124634,0.7975999712944031
YGR264C,YLR314C,0,-0.57985604,0.08677732944488525,0.7580000162124634,0.7976999878883362
YDL243C,YJL089W,0,-0.57987255,0.08676739782094955,0.7580000162124634,0.7978000044822693
YLR069C,YIR010W,0,-0.580218,0.08675746619701385,0.7580000162124634,0.7979000210762024
YNR031C,YDR172W,0,-0.5802585,0.08674754202365875,0.7580000162124634,0.7979999780654907
YMR029C,YGR133W,0,-0.5802982,0.08673761039972305,0.7580000162124634,0.7980999946594238
YHR005C,YKL009W,0,-0.5803341,0.08672768622636795,0.7580000162124634,0.7982000112533569
YKL114C,YLL036C,0,-0.58033586,0.08671776950359344,0.7580000162124634,0.79830002784729
YDR058C,YNL044W,0,-0.58034205,0.08670784533023834,0.7580000162124634,0.7983999848365784
YML059C,YMR038C,0,-0.5805064,0.08669792860746384,0.7580000162124634,0.7985000014305115
YKR087C,YNL032W,0,-0.5805209,0.08668801188468933,0.7580000162124634,0.7986000180244446
YLR182W,YBR020W,0,-0.5805579,0.08667810261249542,0.7580000162124634,0.7986999750137329
YGR101W,YNL259C,0,-0.5806426,0.08666819334030151,0.7580000162124634,0.798799991607666
YDR200C,YBR288C,0,-0.5806866,0.0866582840681076,0.7580000162124634,0.7989000082015991
YKL213C,YDL160C,0,-0.58071446,0.0866483747959137,0.7580000162124634,0.7990000247955322
YPL203W,YOL122C,0,-0.5807555,0.08663847297430038,0.7580000162124634,0.7990999817848206
YKL196C,YDR221W,0,-0.5808124,0.08662857115268707,0.7580000162124634,0.7991999983787537
YDR225W,YHL040C,0,-0.5808387,0.08661866933107376,0.7580000162124634,0.7993000149726868
YNL128W,YKL135C,0,-0.580884,0.08660877496004105,0.7580000162124634,0.7993999719619751
YER120W,YOL033W,0,-0.5809713,0.08659888058900833,0.7580000162124634,0.7994999885559082
YLR069C,YDL145C,0,-0.58107287,0.08658898621797562,0.7580000162124634,0.7996000051498413
YDL065C,YOR224C,0,-0.58108276,0.0865790992975235,0.7580000162124634,0.7997000217437744
YJR103W,YLR220W,0,-0.5811037,0.08656921237707138,0.7580000162124634,0.7997999787330627
YLR435W,YCL044C,0,-0.58113813,0.08655932545661926,0.7580000162124634,0.7998999953269958
YHL027W,YJR102C,0,-0.5814089,0.08654943853616714,0.7580000162124634,0.800000011920929
YEL054C,YJR065C,0,-0.5814127,0.08653955906629562,0.7580000162124634,0.8001000285148621
YGL011C,YGR010W,0,-0.5814276,0.0865296795964241,0.7580000162124634,0.8001999855041504
YIL110W,YDR515W,0,-0.58148384,0.08651980012655258,0.7580000162124634,0.8003000020980835
YDL130W-A,YJL209W,0,-0.58153,0.08650992810726166,0.7580000162124634,0.8004000186920166
YPL015C,YNL097C,0,-0.58153063,0.08650005608797073,0.7580000162124634,0.8004999756813049
YPL118W,YDR130C,0,-0.58158195,0.08649018406867981,0.7580000162124634,0.800599992275238
YPR020W,YPL179W,0,-0.58165574,0.08648031949996948,0.7580000162124634,0.8007000088691711
YKL114C,YNR059W,0,-0.581709,0.08647045493125916,0.7580000162124634,0.8008000254631042
YDR043C,YOR216C,0,-0.5817511,0.08646059036254883,0.7580000162124634,0.8008999824523926
YIL109C,YMR237W,0,-0.58186734,0.0864507332444191,0.7580000162124634,0.8009999990463257
YKL043W,YBR297W,1,-0.58186764,0.08655490726232529,0.7590000033378601,0.8009999990463257
YHR186C,YNL129W,0,-0.58188504,0.08654504269361496,0.7590000033378601,0.8011000156402588
YGL071W,YLR403W,1,-0.5819004,0.08664918690919876,0.7599999904632568,0.8011000156402588
YDL160C,YGL061C,0,-0.5821529,0.08663930743932724,0.7599999904632568,0.8011999726295471
YDR479C,YNL239W,0,-0.58218175,0.08662942796945572,0.7599999904632568,0.8012999892234802
YGR170W,YFR008W,0,-0.5821988,0.0866195559501648,0.7599999904632568,0.8014000058174133
YLR043C,YHR075C,0,-0.5821993,0.08660968393087387,0.7599999904632568,0.8015000224113464
YGL071W,YEL009C,1,-0.5823856,0.0867137610912323,0.7609999775886536,0.8015000224113464
YKL052C,YBR103W,0,-0.58253723,0.08670388162136078,0.7609999775886536,0.8015999794006348
YDR086C,YNL038W,0,-0.5826068,0.08669400960206985,0.7609999775886536,0.8016999959945679
YBR060C,YMR072W,0,-0.58261997,0.08668413013219833,0.7609999775886536,0.801800012588501
YNL244C,YHR083W,0,-0.5827628,0.08667425811290741,0.7609999775886536,0.8019000291824341
YDL092W,YFL038C,0,-0.5828473,0.08666438609361649,0.7609999775886536,0.8019999861717224
YJL117W,YBR199W,0,-0.5829898,0.08665452152490616,0.7609999775886536,0.8021000027656555
YMR037C,YPL133C,1,-0.58317584,0.08675850927829742,0.7620000243186951,0.8021000027656555
YKR095W,YGR141W,0,-0.58320814,0.0867486372590065,0.7620000243186951,0.8022000193595886
YKL182W,YDR503C,0,-0.5832219,0.08673875778913498,0.7620000243186951,0.802299976348877
YDR140W,YHL025W,0,-0.58326095,0.08672888576984406,0.7620000243186951,0.8023999929428101
YBR161W,YIL159W,0,-0.5834096,0.08671901375055313,0.7620000243186951,0.8025000095367432
YDR081C,YBR072W,0,-0.5834345,0.0867091491818428,0.7620000243186951,0.8026000261306763
YDR255C,YIL098C,0,-0.5834484,0.08669928461313248,0.7620000243186951,0.8026999831199646
YBR205W,YNR038W,0,-0.583538,0.08668942004442215,0.7620000243186951,0.8027999997138977
YIR010W,YEL050C,0,-0.5835416,0.08667955547571182,0.7620000243186951,0.8029000163078308
YPL244C,YPL228W,0,-0.58362967,0.08666969835758209,0.7620000243186951,0.8029999732971191
YBR037C,YER122C,0,-0.5836682,0.08665984123945236,0.7620000243186951,0.8030999898910522
YML132W,YDR263C,0,-0.58372384,0.08664999157190323,0.7620000243186951,0.8032000064849854
YGL071W,YOR032C,1,-0.58386534,0.08675383776426315,0.7630000114440918,0.8032000064849854
YOR346W,YDR460W,0,-0.58393884,0.08674397319555283,0.7630000114440918,0.8033000230789185
YPR173C,YNL032W,0,-0.5840873,0.0867341160774231,0.7630000114440918,0.8033999800682068
YGR258C,YER159C,0,-0.5842027,0.08672425895929337,0.7630000114440918,0.8034999966621399
YPR020W,YDR022C,0,-0.5842205,0.08671440184116364,0.7630000114440918,0.803600013256073
YBR188C,YDR418W,0,-0.5844329,0.0867045447230339,0.7630000114440918,0.8036999702453613
YGL047W,YOR213C,0,-0.5844634,0.08669469505548477,0.7630000114440918,0.8037999868392944
YLR286C,YPL015C,0,-0.58467793,0.08668484538793564,0.7630000114440918,0.8039000034332275
YIR011C,YNL169C,0,-0.58528835,0.0866749957203865,0.7630000114440918,0.8040000200271606
YKL154W,YLR103C,0,-0.5853668,0.08666515350341797,0.7630000114440918,0.804099977016449
YLR210W,YBR010W,0,-0.5854028,0.08665531128644943,0.7630000114440918,0.8041999936103821
YGL111W,YNL220W,0,-0.58548194,0.0866454690694809,0.7630000114440918,0.8043000102043152
YKL194C,YOL135C,0,-0.5855703,0.08663563430309296,0.7630000114440918,0.8044000267982483
YGL073W,YGR249W,1,-0.5856492,0.08673933148384094,0.7639999985694885,0.8044000267982483
YNR031C,YML016C,0,-0.5858544,0.08672948181629181,0.7639999985694885,0.8044999837875366
YCR106W,YHR084W,1,-0.5858846,0.08683314174413681,0.7649999856948853,0.8044999837875366
YLL050C,YOR295W,0,-0.58591986,0.08682329207658768,0.7649999856948853,0.8046000003814697
YML043C,YLR384C,0,-0.58595985,0.08681343495845795,0.7649999856948853,0.8047000169754028
YNL088W,YLR453C,0,-0.5860402,0.08680358529090881,0.7649999856948853,0.8047999739646912
YOR340C,YGL037C,0,-0.5861352,0.08679373562335968,0.7649999856948853,0.8048999905586243
YLL001W,YIR021W,0,-0.58639544,0.08678389340639114,0.7649999856948853,0.8050000071525574
YBR199W,YCR084C,0,-0.5864386,0.08677404373884201,0.7649999856948853,0.8051000237464905
YIL121W,YDR072C,0,-0.5865699,0.08676420897245407,0.7649999856948853,0.8051999807357788
YOR315W,YKR020W,0,-0.5866105,0.08675436675548553,0.7649999856948853,0.8052999973297119
YPR175W,YDR312W,0,-0.5866258,0.0867445319890976,0.7649999856948853,0.805400013923645
YDR216W,YOR032C,1,-0.58665156,0.08684807270765305,0.765999972820282,0.805400013923645
YMR234W,YLR222C,0,-0.5868499,0.08683823049068451,0.765999972820282,0.8054999709129333
YGL255W,YOL004W,0,-0.5868636,0.08682838082313538,0.765999972820282,0.8055999875068665
YDR096W,YLR183C,1,-0.58690727,0.08693188428878784,0.7670000195503235,0.8055999875068665
YER190W,YNL153C,0,-0.5869486,0.08692202717065811,0.7670000195503235,0.8057000041007996
YDL170W,YLR183C,1,-0.58696324,0.08702549338340759,0.7680000066757202,0.8057000041007996
YHL027W,YEL062W,0,-0.58699626,0.08701563626527786,0.7680000066757202,0.8058000206947327
YBR182C,YHR178W,1,-0.5870186,0.08711906522512436,0.7689999938011169,0.8058000206947327
YBR038W,YPR110C,0,-0.58710766,0.08710920065641403,0.7689999938011169,0.805899977684021
YPL270W,YML124C,0,-0.5871206,0.08709932863712311,0.7689999938011169,0.8059999942779541
YER088C,YJR055W,0,-0.58729506,0.08708946406841278,0.7689999938011169,0.8061000108718872
YPL026C,YOL130W,0,-0.5874285,0.08707960695028305,0.7689999938011169,0.8062000274658203
YFL016C,YPL157W,0,-0.5874521,0.08706974983215332,0.7689999938011169,0.8062999844551086
YGL254W,YHR206W,1,-0.5875076,0.08717310428619385,0.7699999809265137,0.8062999844551086
YMR016C,YGL073W,1,-0.5875306,0.08727642893791199,0.7710000276565552,0.8062999844551086
YGL097W,YHR098C,0,-0.58766013,0.08726655691862106,0.7710000276565552,0.8064000010490417
YER065C,YOR216C,0,-0.5876608,0.08725667744874954,0.7710000276565552,0.8065000176429749
YBR177C,YDL064W,0,-0.58792275,0.08724680542945862,0.7710000276565552,0.8065999746322632
YBL061C,YIL037C,0,-0.587987,0.0872369334101677,0.7710000276565552,0.8066999912261963
YER145C,YMR179W,0,-0.58819747,0.08722706139087677,0.7710000276565552,0.8068000078201294
YIR015W,YJL053W,0,-0.5883407,0.08721719682216644,0.7710000276565552,0.8069000244140625
YHR196W,YPL171C,0,-0.5883568,0.08720733225345612,0.7710000276565552,0.8069999814033508
YAR019C,YJL222W,0,-0.5884069,0.08719746768474579,0.7710000276565552,0.8070999979972839
YGL116W,YDR288W,0,-0.5885897,0.08718760311603546,0.7710000276565552,0.807200014591217
YOL104C,YOR232W,0,-0.58860564,0.08717774599790573,0.7710000276565552,0.8072999715805054
YNR030W,YER062C,0,-0.5886694,0.087167888879776,0.7710000276565552,0.8073999881744385
YLR266C,YIL065C,0,-0.58868366,0.08715803921222687,0.7710000276565552,0.8075000047683716
YDL229W,YBR097W,0,-0.58869916,0.08714818954467773,0.7710000276565552,0.8076000213623047
YGL233W,YJL019W,0,-0.5887353,0.0871383398771286,0.7710000276565552,0.807699978351593
YNR006W,YPR070W,0,-0.58881027,0.08712849020957947,0.7710000276565552,0.8077999949455261
YPR140W,YBR050C,0,-0.5888519,0.08711864054203033,0.7710000276565552,0.8079000115394592
YPR018W,YAL041W,0,-0.5888575,0.0871087983250618,0.7710000276565552,0.8080000281333923
YBR142W,YOL115W,0,-0.58885753,0.08709896355867386,0.7710000276565552,0.8080999851226807
YNL088W,YBL011W,0,-0.58914775,0.08708912134170532,0.7710000276565552,0.8082000017166138
YGR178C,YNL225C,0,-0.58915436,0.08707928657531738,0.7710000276565552,0.8083000183105469
YLR293C,YPL268W,0,-0.58922714,0.08706945180892944,0.7710000276565552,0.8083999752998352
YMR283C,YJL087C,0,-0.5892691,0.0870596170425415,0.7710000276565552,0.8084999918937683
YBR250W,YDR308C,0,-0.5896923,0.08704978972673416,0.7710000276565552,0.8086000084877014
YBR022W,YMR264W,0,-0.5897005,0.08703996241092682,0.7710000276565552,0.8087000250816345
YGR004W,YDR260C,0,-0.59001166,0.08703014254570007,0.7710000276565552,0.8087999820709229
YCL038C,YBR097W,0,-0.5900362,0.08702031522989273,0.7710000276565552,0.808899998664856
YAL005C,YJL087C,0,-0.5901795,0.08701049536466599,0.7710000276565552,0.8090000152587891
YEL009C,YHR084W,1,-0.5902288,0.08711352199316025,0.7720000147819519,0.8090000152587891
YDR524C,YFR052W,0,-0.5902437,0.08710368722677231,0.7720000147819519,0.8090999722480774
YDR503C,YHR099W,0,-0.5903684,0.08709385991096497,0.7720000147819519,0.8091999888420105
YNL232W,YKL175W,0,-0.59037536,0.08708404004573822,0.7720000147819519,0.8093000054359436
YLL038C,YDR529C,0,-0.5906875,0.08707421272993088,0.7720000147819519,0.8094000220298767
YLL036C,YDR296W,0,-0.59073526,0.08706439286470413,0.7720000147819519,0.809499979019165
YNR074C,YAR033W,0,-0.5908626,0.08705458045005798,0.7720000147819519,0.8095999956130981
YKL046C,YBL099W,0,-0.5909181,0.08704476058483124,0.7720000147819519,0.8097000122070312
YCL034W,YNL073W,0,-0.5909796,0.08703494817018509,0.7720000147819519,0.8098000288009644
YJL012C,YNL118C,0,-0.5910675,0.08702513575553894,0.7720000147819519,0.8098999857902527
YDR211W,YOR236W,0,-0.59118575,0.08701533079147339,0.7720000147819519,0.8100000023841858
YJR064W,YJL134W,0,-0.591251,0.08700552582740784,0.7720000147819519,0.8101000189781189
YGR288W,YFL031W,1,-0.59134215,0.08710840344429016,0.7730000019073486,0.8101000189781189
YHR114W,YJR102C,0,-0.5913645,0.08709859102964401,0.7730000019073486,0.8101999759674072
YER026C,YHR068W,0,-0.591469,0.08708877861499786,0.7730000019073486,0.8102999925613403
YLR329W,YGR104C,0,-0.59155,0.08707896620035172,0.7730000019073486,0.8104000091552734
YLR270W,YMR182C,0,-0.59157807,0.08706916123628616,0.7730000019073486,0.8105000257492065
YDL166C,YJL166W,0,-0.5916021,0.08705935627222061,0.7730000019073486,0.8105999827384949
YML085C,YHR027C,0,-0.5917548,0.08704955130815506,0.7730000019073486,0.810699999332428
YDR459C,YNR034W,0,-0.59185547,0.08703974634408951,0.7730000019073486,0.8108000159263611
YOR063W,YJL192C,0,-0.59221846,0.08702994883060455,0.7730000019073486,0.8108999729156494
YDR353W,YLR136C,0,-0.59229964,0.0870201513171196,0.7730000019073486,0.8109999895095825
YBR142W,YJL008C,0,-0.59239113,0.08701035380363464,0.7730000019073486,0.8111000061035156
YHR118C,YOL010W,0,-0.59243625,0.08700056374073029,0.7730000019073486,0.8112000226974487
YMR043W,YDR156W,0,-0.5924877,0.08699077367782593,0.7730000019073486,0.8112999796867371
YOL110W,YPR193C,0,-0.59255654,0.08698098361492157,0.7730000019073486,0.8113999962806702
YNL282W,YMR032W,0,-0.5928355,0.08697119355201721,0.7730000019073486,0.8115000128746033
YPR103W,YOL130W,0,-0.59293175,0.08696141093969345,0.7730000019073486,0.8116000294685364
YBR297W,YFL031W,1,-0.59303385,0.08706411719322205,0.7739999890327454,0.8116000294685364
YJR155W,YOL078W,0,-0.5930444,0.08705432713031769,0.7739999890327454,0.8116999864578247
YGL254W,YJL110C,1,-0.5934307,0.0871569961309433,0.7749999761581421,0.8116999864578247
YGR048W,YER065C,0,-0.59358984,0.08714719116687775,0.7749999761581421,0.8118000030517578
YBR288C,YJR044C,0,-0.59359,0.08713739365339279,0.7749999761581421,0.8119000196456909
YGL150C,YLR078C,0,-0.5937049,0.08712759613990784,0.7749999761581421,0.8119999766349792
YPR132W,YNL127W,0,-0.5937753,0.08711780607700348,0.7749999761581421,0.8120999932289124
YDR268W,YDR517W,0,-0.5938593,0.08710801601409912,0.7749999761581421,0.8122000098228455
YDR110W,YMR048W,0,-0.5938723,0.08709822595119476,0.7749999761581421,0.8123000264167786
YLR309C,YIL142W,0,-0.59392,0.0870884358882904,0.7749999761581421,0.8123999834060669
YNR011C,YKR082W,0,-0.5939284,0.08707865327596664,0.7749999761581421,0.8125
YPL063W,YKR007W,0,-0.59394056,0.08706887066364288,0.7749999761581421,0.8126000165939331
YDR284C,YOL004W,0,-0.59394366,0.08705908805131912,0.7749999761581421,0.8126999735832214
YBR091C,YLR383W,0,-0.59402865,0.08704931288957596,0.7749999761581421,0.8127999901771545
YDR361C,YKR057W,0,-0.59406155,0.0870395302772522,0.7749999761581421,0.8129000067710876
YLR266C,YLR032W,0,-0.59422594,0.08702975511550903,0.7749999761581421,0.8130000233650208
YGR044C,YLR193C,0,-0.59426814,0.08701998740434647,0.7749999761581421,0.8130999803543091
YML081C-A,YGR220C,0,-0.59430605,0.0870102196931839,0.7749999761581421,0.8131999969482422
YNL061W,YIL153W,0,-0.5943272,0.08700045198202133,0.7749999761581421,0.8133000135421753
YOR127W,YKR027W,0,-0.5944266,0.08699068427085876,0.7749999761581421,0.8133999705314636
YPR175W,YML013W,0,-0.59444356,0.0869809240102768,0.7749999761581421,0.8134999871253967
YAL023C,YMR314W,0,-0.5944518,0.08697115629911423,0.7749999761581421,0.8136000037193298
YJR073C,YDR453C,0,-0.5946183,0.08696140348911285,0.7749999761581421,0.8137000203132629
YDR420W,YBR061C,0,-0.5947077,0.08695164322853088,0.7749999761581421,0.8137999773025513
YDR245W,YLR002C,0,-0.5948209,0.08694189041852951,0.7749999761581421,0.8138999938964844
YJL071W,YNL117W,0,-0.5948931,0.08693213760852814,0.7749999761581421,0.8140000104904175
YOR018W,YJL047C,0,-0.5950091,0.08692238479852676,0.7749999761581421,0.8141000270843506
YLR154C,YOR031W,0,-0.5950158,0.08691263943910599,0.7749999761581421,0.8141999840736389
YOL078W,YKL042W,0,-0.5950291,0.08690289407968521,0.7749999761581421,0.814300000667572
YKL026C,YML112W,0,-0.5951171,0.08689314872026443,0.7749999761581421,0.8144000172615051
YOL086C,YDR532C,0,-0.59532124,0.08688341081142426,0.7749999761581421,0.8144999742507935
YML132W,YPR132W,0,-0.5955915,0.08687366545200348,0.7749999761581421,0.8145999908447266
YGL190C,YFL004W,0,-0.5957142,0.0868639349937439,0.7749999761581421,0.8147000074386597
YPL128C,YLR183C,1,-0.59577733,0.08696626871824265,0.7760000228881836,0.8147000074386597
YIL018W,YGR112W,0,-0.5957897,0.08695652335882187,0.7760000228881836,0.8148000240325928
YNR052C,YIL049W,0,-0.5958634,0.08694677799940109,0.7760000228881836,0.8148999810218811
YLL043W,YJR044C,0,-0.59589034,0.08693704009056091,0.7760000228881836,0.8149999976158142
YLR003C,YPL091W,0,-0.5960354,0.08692730218172073,0.7760000228881836,0.8151000142097473
YNL270C,YBR092C,0,-0.59633434,0.08691756427288055,0.7760000228881836,0.8151999711990356
YBR193C,YOR319W,0,-0.5963705,0.08690782636404037,0.7760000228881836,0.8152999877929688
YDR211W,YNL118C,0,-0.59640676,0.08689809590578079,0.7760000228881836,0.8154000043869019
YJL173C,YPL193W,0,-0.59648174,0.08688836544752121,0.7760000228881836,0.815500020980835
YML123C,YFL049W,0,-0.5967306,0.08687863498926163,0.7760000228881836,0.8155999779701233
YNL275W,YKL046C,0,-0.5968101,0.08686891198158264,0.7760000228881836,0.8156999945640564
YEL032W,YBL084C,0,-0.5969446,0.08685918897390366,0.7760000228881836,0.8158000111579895
YNR013C,YKR036C,0,-0.59698445,0.08684946596622467,0.7760000228881836,0.8159000277519226
YPL180W,YMR301C,0,-0.5970574,0.08683975040912628,0.7760000228881836,0.8159999847412109
YOR027W,YOR147W,0,-0.5971257,0.0868300348520279,0.7760000228881836,0.816100001335144
YGL022W,YLR045C,0,-0.59743226,0.0868203192949295,0.7760000228881836,0.8162000179290771
YOR081C,YJL004C,0,-0.59761935,0.08681060373783112,0.7760000228881836,0.8162999749183655
YLR342W,YDR515W,0,-0.59764594,0.08680089563131332,0.7760000228881836,0.8163999915122986
YBR152W,YER109C,0,-0.59778136,0.08679118752479553,0.7760000228881836,0.8165000081062317
YKL043W,YHR178W,1,-0.59783465,0.08689331263303757,0.7770000100135803,0.8165000081062317
YER040W,YGL071W,1,-0.5979946,0.08699541538953781,0.777999997138977,0.8165000081062317
YDL113C,YLR266C,0,-0.5980528,0.08698569238185883,0.777999997138977,0.8166000247001648
YDR365C,YFR014C,0,-0.59831375,0.08697596192359924,0.777999997138977,0.8166999816894531
YEL061C,YJL166W,0,-0.59848875,0.08696623891592026,0.777999997138977,0.8167999982833862
YBR162C,YNL304W,0,-0.59862554,0.08695652335882187,0.777999997138977,0.8169000148773193
YGL205W,YLR376C,0,-0.59867054,0.08694680035114288,0.777999997138977,0.8169999718666077
YHR030C,YJL001W,0,-0.5986896,0.0869370847940445,0.777999997138977,0.8170999884605408
YAL024C,YER041W,0,-0.5986908,0.0869273766875267,0.777999997138977,0.8172000050544739
YDR256C,YER012W,0,-0.5986969,0.08691766113042831,0.777999997138977,0.817300021648407
YBR102C,YOL071W,0,-0.59887534,0.08690795302391052,0.777999997138977,0.8173999786376953
YNL283C,YNL073W,0,-0.5989079,0.08689824491739273,0.777999997138977,0.8174999952316284
YHR123W,YKL165C,0,-0.5993021,0.08688854426145554,0.777999997138977,0.8176000118255615
YNL291C,YBL041W,0,-0.5993925,0.08687883615493774,0.777999997138977,0.8177000284194946
YDR121W,YPL181W,0,-0.5994303,0.08686913549900055,0.777999997138977,0.817799985408783
YIL023C,YER001W,0,-0.5998261,0.08685944229364395,0.777999997138977,0.8179000020027161
YDL128W,YER094C,0,-0.59984493,0.08684974163770676,0.777999997138977,0.8180000185966492
YOR224C,YML097C,0,-0.60009694,0.08684004843235016,0.777999997138977,0.8180999755859375
YGL097W,YHR052W,0,-0.6002109,0.08683035522699356,0.777999997138977,0.8181999921798706
YML132W,YDL132W,0,-0.6002931,0.08682066947221756,0.777999997138977,0.8183000087738037
YNL221C,YLR011W,0,-0.6003534,0.08681097626686096,0.777999997138977,0.8184000253677368
YJL134W,YCL011C,0,-0.6004818,0.08680129051208496,0.777999997138977,0.8184999823570251
YCR027C,YGR152C,0,-0.60062426,0.08679161220788956,0.777999997138977,0.8185999989509583
YGL096W,YPL133C,1,-0.6009199,0.0868934765458107,0.7789999842643738,0.8185999989509583
YGL012W,YML038C,0,-0.6010326,0.0868837833404541,0.7789999842643738,0.8187000155448914
YCR072C,YBR058C,0,-0.6013282,0.0868740975856781,0.7789999842643738,0.8187999725341797
YGR161C,YDR103W,0,-0.60145134,0.0868644043803215,0.7789999842643738,0.8188999891281128
YDL093W,YPR163C,0,-0.6016635,0.0868547186255455,0.7789999842643738,0.8190000057220459
YLR020C,YDL005C,0,-0.60172373,0.0868450403213501,0.7789999842643738,0.819100022315979
YPL256C,YKL120W,0,-0.601829,0.0868353620171547,0.7789999842643738,0.8191999793052673
YDL117W,YGL133W,0,-0.6019444,0.08682567626237869,0.7789999842643738,0.8192999958992004
YOR274W,YER171W,0,-0.60195726,0.08681600540876389,0.7789999842643738,0.8194000124931335
YDL092W,YOL097C,0,-0.60196054,0.08680632710456848,0.7789999842643738,0.8195000290870667
YBR182C,YDR501W,1,-0.60198647,0.08690807968378067,0.7799999713897705,0.8195000290870667
YDR464W,YFR052W,0,-0.6021188,0.08689839392900467,0.7799999713897705,0.819599986076355
YDL051W,YLR220W,0,-0.60254705,0.08688871562480927,0.7799999713897705,0.8197000026702881
YMR276W,YER093C,0,-0.6025781,0.08687903732061386,0.7799999713897705,0.8198000192642212
YHR053C,YKL193C,0,-0.6027642,0.08686935901641846,0.7799999713897705,0.8198999762535095
YOR236W,YPL243W,0,-0.6029411,0.08685968816280365,0.7799999713897705,0.8199999928474426
YOL026C,YDR424C,0,-0.6029807,0.08685001730918884,0.7799999713897705,0.8201000094413757
YOR027W,YER068W,0,-0.60307515,0.08684034645557404,0.7799999713897705,0.8202000260353088
YMR104C,YHR200W,0,-0.6031727,0.08683068305253983,0.7799999713897705,0.8202999830245972
YNL239W,YKL009W,0,-0.6032092,0.08682101219892502,0.7799999713897705,0.8203999996185303
YNL169C,YCL052C,0,-0.6033747,0.08681134879589081,0.7799999713897705,0.8205000162124634
YDR448W,YJR135C,0,-0.60341066,0.0868016928434372,0.7799999713897705,0.8205999732017517
YOR249C,YJR043C,0,-0.60345507,0.08679202944040298,0.7799999713897705,0.8206999897956848
YLR403W,YHR206W,1,-0.6037571,0.08689363300800323,0.781000018119812,0.8206999897956848
YOR095C,YMR067C,0,-0.6038777,0.08688396960496902,0.781000018119812,0.8208000063896179
YLL035W,YOR047C,0,-0.6039036,0.08687430620193481,0.781000018119812,0.820900022983551
YDL059C,YMR069W,0,-0.60412985,0.0868646427989006,0.781000018119812,0.8209999799728394
YPL101W,YOR310C,0,-0.6041313,0.0868549793958664,0.781000018119812,0.8210999965667725
YLR080W,YKL049C,0,-0.60439146,0.08684532344341278,0.781000018119812,0.8212000131607056
YKL043W,YDL020C,1,-0.60442895,0.08694685250520706,0.7820000052452087,0.8212000131607056
YHR111W,YKR022C,0,-0.6045229,0.08693718910217285,0.7820000052452087,0.8213000297546387
YDR331W,YDL194W,0,-0.60464066,0.08692752569913864,0.7820000052452087,0.821399986743927
YPL154C,YKL018W,0,-0.60468334,0.08691786229610443,0.7820000052452087,0.8215000033378601
YBL055C,YPR034W,0,-0.6046844,0.08690819889307022,0.7820000052452087,0.8216000199317932
YAL059W,YDL065C,0,-0.6047321,0.08689854294061661,0.7820000052452087,0.8216999769210815
YML051W,YBR214W,0,-0.60528976,0.086888886988163,0.7820000052452087,0.8217999935150146
YOR317W,YKR008W,0,-0.60534847,0.08687923848628998,0.7820000052452087,0.8219000101089478
YCL043C,YOR359W,0,-0.6054365,0.08686958253383636,0.7820000052452087,0.8220000267028809
YKL043W,YHR084W,1,-0.6058343,0.08697100728750229,0.7829999923706055,0.8220000267028809
YHR069C,YNR030W,0,-0.6059468,0.08696135133504868,0.7829999923706055,0.8220999836921692
YDL229W,YJR143C,0,-0.6059678,0.08695169538259506,0.7829999923706055,0.8222000002861023
YPL233W,YGL049C,0,-0.6059988,0.08694203943014145,0.7829999923706055,0.8223000168800354
YDR137W,YNR056C,0,-0.60605854,0.08693238347768784,0.7829999923706055,0.8223999738693237
YDR258C,YCR052W,0,-0.60613155,0.08692273497581482,0.7829999923706055,0.8224999904632568
YBR267W,YMR212C,0,-0.606222,0.0869130864739418,0.7829999923706055,0.8226000070571899
YAR033W,YDR036C,0,-0.60657734,0.08690343797206879,0.7829999923706055,0.822700023651123
YOR126C,YMR138W,0,-0.6066348,0.08689379692077637,0.7829999923706055,0.8227999806404114
YGL005C,YGL178W,0,-0.6066475,0.08688415586948395,0.7829999923706055,0.8228999972343445
YOL064C,YPR032W,0,-0.6066702,0.08687451481819153,0.7829999923706055,0.8230000138282776
YEL015W,YJL031C,0,-0.60673666,0.08686487376689911,0.7829999923706055,0.8230999708175659
YGL223C,YEL069C,0,-0.6067962,0.08685524016618729,0.7829999923706055,0.823199987411499
YCR002C,YMR236W,0,-0.60691905,0.08684560656547546,0.7829999923706055,0.8233000040054321
YBR069C,YKL135C,0,-0.6070091,0.08683597296476364,0.7829999923706055,0.8234000205993652
YBR183W,YCR010C,0,-0.60710984,0.08682634681463242,0.7829999923706055,0.8234999775886536
YNL290W,YJL207C,0,-0.6071948,0.08681672066450119,0.7829999923706055,0.8235999941825867
YDL143W,YML038C,0,-0.6073494,0.08680709451436996,0.7829999923706055,0.8237000107765198
YGR200C,YLR347C,0,-0.60736835,0.08679747581481934,0.7829999923706055,0.8238000273704529
YIL034C,YDL064W,0,-0.60750836,0.08678784966468811,0.7829999923706055,0.8238999843597412
YIL016W,YPL040C,0,-0.6078623,0.08677823096513748,0.7829999923706055,0.8240000009536743
YLL006W,YFR009W,0,-0.6078929,0.08676861971616745,0.7829999923706055,0.8241000175476074
YDR507C,YFR031C,0,-0.6079348,0.08675900101661682,0.7829999923706055,0.8241999745368958
YMR182C,YDR334W,0,-0.60794854,0.08674938976764679,0.7829999923706055,0.8242999911308289
YDL084W,YLR397C,0,-0.60820526,0.08673977851867676,0.7829999923706055,0.824400007724762
YKL189W,YGL192W,0,-0.60825425,0.08673017472028732,0.7829999923706055,0.8245000243186951
YDR477W,YDL247W,0,-0.6083072,0.08672056347131729,0.7829999923706055,0.8245999813079834
YLR403W,YOR344C,1,-0.60844684,0.08682170510292053,0.7839999794960022,0.8245999813079834
YIL018W,YGR213C,0,-0.608554,0.0868120938539505,0.7839999794960022,0.8246999979019165
YFL031W,YMR136W,1,-0.6086686,0.08691319823265076,0.7850000262260437,0.8246999979019165
YLR006C,YGR129W,0,-0.60868376,0.08690357208251953,0.7850000262260437,0.8248000144958496
YNL216W,YHR178W,1,-0.6088423,0.0870046466588974,0.7860000133514404,0.8248000144958496
YAL016W,YDR435C,0,-0.60884356,0.08699502050876617,0.7860000133514404,0.8248999714851379
YPL092W,YDL194W,0,-0.6088953,0.08698539435863495,0.7860000133514404,0.824999988079071
YFL045C,YCR028C-A,0,-0.608905,0.08697576820850372,0.7860000133514404,0.8251000046730042
YAL034W-A,YCR067C,0,-0.608979,0.0869661420583725,0.7860000133514404,0.8252000212669373
YAR003W,YGR221C,0,-0.6091356,0.08695652335882187,0.7860000133514404,0.8252999782562256
YFL031W,YIL101C,1,-0.6091609,0.08705752342939377,0.7870000004768372,0.8252999782562256
YKR027W,YLR075W,0,-0.6091792,0.08704788982868195,0.7870000004768372,0.8253999948501587
YOR089C,YNL326C,0,-0.6093601,0.08703826367855072,0.7870000004768372,0.8255000114440918
YER040W,YNL023C,1,-0.6093926,0.08713922649621964,0.7879999876022339,0.8255000114440918
YFL036W,YOL013C,0,-0.60960245,0.08712958544492722,0.7879999876022339,0.8256000280380249
YPL128C,YEL009C,1,-0.6096336,0.08723051100969315,0.7889999747276306,0.8256000280380249
YDR093W,YLL011W,0,-0.60966927,0.08722086995840073,0.7889999747276306,0.8256999850273132
YDL116W,YKR082W,0,-0.60970074,0.0872112289071083,0.7889999747276306,0.8258000016212463
YNL282W,YDL081C,0,-0.6098258,0.08720158785581589,0.7889999747276306,0.8259000182151794
YBR060C,YNL173C,0,-0.61001307,0.08719195425510406,0.7889999747276306,0.8259999752044678
YMR216C,YBR198C,0,-0.6100401,0.08718232065439224,0.7889999747276306,0.8260999917984009
YIL033C,YER005W,0,-0.6100611,0.08717268705368042,0.7889999747276306,0.826200008392334
YLR183C,YGR249W,1,-0.61021096,0.08727353066205978,0.7900000214576721,0.826200008392334
YMR139W,YBR267W,0,-0.6105179,0.08726388961076736,0.7900000214576721,0.8263000249862671
YGL005C,YAL001C,0,-0.6105709,0.08725424855947495,0.7900000214576721,0.8263999819755554
YPL058C,YJL080C,0,-0.61083263,0.08724461495876312,0.7900000214576721,0.8264999985694885
YGL190C,YPR024W,0,-0.6108492,0.0872349813580513,0.7900000214576721,0.8266000151634216
YGL006W,YLR006C,0,-0.6109927,0.08722534775733948,0.7900000214576721,0.82669997215271
YER179W,YGR186W,0,-0.6110014,0.08721572160720825,0.7900000214576721,0.8267999887466431
YNR034W,YPL157W,0,-0.6110155,0.08720609545707703,0.7900000214576721,0.8269000053405762
YNR038W,YFL026W,0,-0.6110477,0.0871964693069458,0.7900000214576721,0.8270000219345093
YBR196C,YPR010C,0,-0.6111468,0.08718684315681458,0.7900000214576721,0.8270999789237976
YDL160C,YEL071W,0,-0.6111607,0.08717722445726395,0.7900000214576721,0.8271999955177307
YKL101W,YDR153C,0,-0.6113742,0.08716760575771332,0.7900000214576721,0.8273000121116638
YFR051C,YLL050C,0,-0.6117231,0.08715798705816269,0.7900000214576721,0.8274000287055969
YPR042C,YIL034C,0,-0.611787,0.08714837580919266,0.7900000214576721,0.8274999856948853
YOL123W,YER056C,0,-0.61179703,0.08713875710964203,0.7900000214576721,0.8276000022888184
YPL050C,YDR172W,0,-0.61183876,0.0871291533112526,0.7900000214576721,0.8277000188827515
YHR042W,YNL118C,0,-0.6118763,0.08711954206228256,0.7900000214576721,0.8277999758720398
YDR081C,YLR172C,0,-0.61188966,0.08710993826389313,0.7900000214576721,0.8278999924659729
YOL003C,YOR348C,0,-0.6120561,0.08710033446550369,0.7900000214576721,0.828000009059906
YCL032W,YDR072C,0,-0.6120841,0.08709073066711426,0.7900000214576721,0.8281000256538391
YGL194C,YHR111W,0,-0.6123556,0.08708112686872482,0.7900000214576721,0.8281999826431274
YDL170W,YJL110C,1,-0.61243814,0.08718174695968628,0.7910000085830688,0.8281999826431274
YDL093W,YKL018W,0,-0.61271316,0.08717214316129684,0.7910000085830688,0.8282999992370605
YDL200C,YLR047C,0,-0.6128629,0.08716253191232681,0.7910000085830688,0.8284000158309937
YDR263C,YJR153W,0,-0.61291933,0.08715292811393738,0.7910000085830688,0.828499972820282
YGL037C,YMR156C,0,-0.6130512,0.08714333176612854,0.7910000085830688,0.8285999894142151
YLR309C,YPR093C,0,-0.61322373,0.0871337279677391,0.7910000085830688,0.8287000060081482
YDR375C,YKL055C,0,-0.6133307,0.08712413161993027,0.7910000085830688,0.8288000226020813
YGL051W,YLR092W,0,-0.61346954,0.08711453527212143,0.7910000085830688,0.8288999795913696
YDR247W,YKL035W,0,-0.6134715,0.08710494637489319,0.7910000085830688,0.8289999961853027
YKL195W,YAL003W,0,-0.61368513,0.08709535002708435,0.7910000085830688,0.8291000127792358
YKR048C,YCL001W,0,-0.61411005,0.08708576112985611,0.7910000085830688,0.829200029373169
YKL170W,YOR254C,0,-0.61412543,0.08707617968320847,0.7910000085830688,0.8292999863624573
YMR319C,YOR221C,0,-0.61423224,0.08706659078598022,0.7910000085830688,0.8294000029563904
YDR375C,YOR284W,0,-0.61434275,0.08705700933933258,0.7910000085830688,0.8295000195503235
YNL291C,YNL259C,0,-0.61436725,0.08704742789268494,0.7910000085830688,0.8295999765396118
YJL134W,YNL329C,0,-0.61437774,0.08703785389661789,0.7910000085830688,0.8296999931335449
YDR446W,YDR011W,0,-0.6145093,0.08702827244997025,0.7910000085830688,0.829800009727478
YHR190W,YOL012C,0,-0.6145893,0.0870186984539032,0.7910000085830688,0.8299000263214111
YDR083W,YLR466W,0,-0.6147637,0.08700913190841675,0.7910000085830688,0.8299999833106995
YER179W,YDR532C,0,-0.6148972,0.0869995579123497,0.7910000085830688,0.8300999999046326
YIL076W,YGR082W,0,-0.615147,0.08698999136686325,0.7910000085830688,0.8302000164985657
YDL014W,YBL017C,0,-0.6152444,0.0869804248213768,0.7910000085830688,0.830299973487854
YNL044W,YNL015W,0,-0.61545473,0.08697086572647095,0.7910000085830688,0.8303999900817871
YDL130W-A,YJL121C,0,-0.61549085,0.0869612991809845,0.7910000085830688,0.8305000066757202
YAR007C,YJR045C,0,-0.615665,0.08695174008607864,0.7910000085830688,0.8306000232696533
YMR127C,YGR081C,0,-0.6157403,0.08694218844175339,0.7910000085830688,0.8306999802589417
YKR002W,YER013W,0,-0.6158083,0.08693262934684753,0.7910000085830688,0.8307999968528748
YDR473C,YJL164C,0,-0.6158454,0.08692307770252228,0.7910000085830688,0.8309000134468079
YGR204W,YNL312W,0,-0.6159707,0.08691352605819702,0.7910000085830688,0.8309999704360962
YIR015W,YNL218W,0,-0.6161331,0.08690397441387177,0.7910000085830688,0.8310999870300293
YHR178W,YDL020C,1,-0.6161731,0.08700428158044815,0.7919999957084656,0.8310999870300293
YAL031C,YML038C,0,-0.6162347,0.0869947299361229,0.7919999957084656,0.8312000036239624
YKL032C,YGL222C,0,-0.6162837,0.08698517084121704,0.7919999957084656,0.8313000202178955
YNL288W,YOR211C,0,-0.61637944,0.08697561919689178,0.7919999957084656,0.8313999772071838
YJR010C-A,YPL063W,0,-0.61656344,0.08696606755256653,0.7919999957084656,0.8314999938011169
YBL055C,YDL137W,0,-0.61671656,0.08695652335882187,0.7919999957084656,0.83160001039505
YMR038C,YGR013W,0,-0.6168523,0.08694697916507721,0.7919999957084656,0.8317000269889832
YDL243C,YOR037W,0,-0.61694866,0.08693743497133255,0.7919999957084656,0.8317999839782715
YGR142W,YKR031C,0,-0.6169895,0.08692789077758789,0.7919999957084656,0.8319000005722046
YDR170C,YHR058C,0,-0.61725914,0.08691834658384323,0.7919999957084656,0.8320000171661377
YKL148C,YGR123C,0,-0.6172809,0.08690880984067917,0.7919999957084656,0.832099974155426
YOL142W,YFR002W,0,-0.6173662,0.0868992730975151,0.7919999957084656,0.8321999907493591
YOL061W,YLR090W,0,-0.61750454,0.08688974380493164,0.7919999957084656,0.8323000073432922
YJL117W,YPL169C,0,-0.61758053,0.08688020706176758,0.7919999957084656,0.8324000239372253
YMR288W,YKL056C,0,-0.61759883,0.08687067776918411,0.7919999957084656,0.8324999809265137
YPL128C,YHR084W,1,-0.61764,0.08697082847356796,0.7929999828338623,0.8324999809265137
YOR344C,YFL031W,1,-0.61784154,0.08707094937562943,0.7940000295639038,0.8324999809265137
YPL234C,YJR131W,0,-0.617923,0.08706140518188477,0.7940000295639038,0.8325999975204468
YLR234W,YDR073W,0,-0.6180456,0.0870518609881401,0.7940000295639038,0.8327000141143799
YPL091W,YDR176W,0,-0.6181138,0.08704231679439545,0.7940000295639038,0.8327999711036682
YGL190C,YMR030W,0,-0.618115,0.08703277260065079,0.7940000295639038,0.8328999876976013
YFL022C,YBR087W,0,-0.61819774,0.08702323585748672,0.7940000295639038,0.8330000042915344
YDL212W,YNL327W,0,-0.618314,0.08701369911432266,0.7940000295639038,0.8331000208854675
YKL035W,YER104W,0,-0.61858934,0.0870041623711586,0.7940000295639038,0.8331999778747559
YKL154W,YGL065C,0,-0.61871403,0.08699463307857513,0.7940000295639038,0.833299994468689
YDR436W,YPL120W,0,-0.6187169,0.08698510378599167,0.7940000295639038,0.8334000110626221
YMR238W,YBR082C,0,-0.6188121,0.0869755744934082,0.7940000295639038,0.8335000276565552
YML076C,YLR014C,1,-0.6190613,0.08707557618618011,0.7950000166893005,0.8335000276565552
YER075C,YBR030W,0,-0.6192865,0.08706603944301605,0.7950000166893005,0.8335999846458435
YCR106W,YDR151C,1,-0.6193245,0.08716601133346558,0.7960000038146973,0.8335999846458435
YPL240C,YLR193C,0,-0.6194028,0.08715646713972092,0.7960000038146973,0.8337000012397766
YLR051C,YJL134W,0,-0.6194142,0.08714692294597626,0.7960000038146973,0.8338000178337097
YGR218W,YKL170W,0,-0.6194591,0.0871373862028122,0.7960000038146973,0.833899974822998
YIL016W,YNR057C,0,-0.61959094,0.08712784945964813,0.7960000038146973,0.8339999914169312
YJL138C,YJL010C,0,-0.61977565,0.08711831271648407,0.7960000038146973,0.8341000080108643
YHR001W,YNR003C,0,-0.61978596,0.08710877597332001,0.7960000038146973,0.8342000246047974
YCR002C,YJL092W,0,-0.6199514,0.08709924668073654,0.7960000038146973,0.8342999815940857
YGR078C,YMR177W,0,-0.6201706,0.08708971738815308,0.7960000038146973,0.8343999981880188
YDR345C,YHR098C,0,-0.6203261,0.08708018809556961,0.7960000038146973,0.8345000147819519
YHR135C,YER178W,0,-0.6203335,0.08707066625356674,0.7960000038146973,0.8345999717712402
YNL186W,YOL013C,0,-0.6204521,0.08706113696098328,0.7960000038146973,0.8346999883651733
YBR058C,YKR082W,0,-0.62056667,0.08705161511898041,0.7960000038146973,0.8348000049591064
YNR026C,YGL133W,0,-0.6206871,0.08704210072755814,0.7960000038146973,0.8349000215530396
YOL028C,YPL169C,0,-0.6207301,0.08703257888555527,0.7960000038146973,0.8349999785423279
YBL011W,YLR078C,0,-0.62073106,0.087023064494133,0.7960000038146973,0.835099995136261
YDL207W,YIL019W,0,-0.6207424,0.08701355755329132,0.7960000038146973,0.8352000117301941
YFR046C,YNL020C,0,-0.6207549,0.08700404316186905,0.7960000038146973,0.8353000283241272
YNL061W,YPL095C,0,-0.620807,0.08699453622102737,0.7960000038146973,0.8353999853134155
YHR092C,YAL031C,0,-0.62096983,0.0869850292801857,0.7960000038146973,0.8355000019073486
YMR192W,YGR217W,0,-0.62098026,0.08697552233934402,0.7960000038146973,0.8356000185012817
YNL082W,YML047C,0,-0.6211763,0.08696602284908295,0.7960000038146973,0.8356999754905701
YNR013C,YNL258C,0,-0.62119174,0.08695652335882187,0.7960000038146973,0.8357999920845032
YGR191W,YPR033C,0,-0.6213353,0.08694702386856079,0.7960000038146973,0.8359000086784363
YNL233W,YBL009W,0,-0.6213717,0.08693752437829971,0.7960000038146973,0.8360000252723694
YHR152W,YBL035C,0,-0.621389,0.08692803233861923,0.7960000038146973,0.8360999822616577
YMR016C,YFR034C,1,-0.6214296,0.08702773600816727,0.796999990940094,0.8360999822616577
YFL025C,YAL001C,0,-0.6215649,0.08701823651790619,0.796999990940094,0.8361999988555908
YKL208W,YLR181C,0,-0.62170917,0.08700873702764511,0.796999990940094,0.8363000154495239
YHR089C,YDR294C,0,-0.62183183,0.08699923753738403,0.796999990940094,0.8363999724388123
YER031C,YLL050C,0,-0.6220154,0.08698973804712296,0.796999990940094,0.8364999890327454
YGL071W,YOR344C,1,-0.6220344,0.08708938211202621,0.7979999780654907,0.8364999890327454
YIL125W,YGL190C,0,-0.622042,0.08707987517118454,0.7979999780654907,0.8366000056266785
YBL009W,YGR078C,0,-0.62205344,0.08707037568092346,0.7979999780654907,0.8367000222206116
YKR019C,YML071C,0,-0.62235653,0.08706087619066238,0.7979999780654907,0.8367999792098999
YLR293C,YDR143C,0,-0.6224399,0.0870513767004013,0.7979999780654907,0.836899995803833
YDR085C,YAL023C,0,-0.6225135,0.08704188466072083,0.7979999780654907,0.8370000123977661
YLR051C,YDL145C,0,-0.62254333,0.08703239262104034,0.7979999780654907,0.8371000289916992
YHR021C,YKR065C,0,-0.6225814,0.08702290058135986,0.7979999780654907,0.8371999859809875
YDR071C,YOL123W,0,-0.62273437,0.08701340854167938,0.7979999780654907,0.8373000025749207
YDR450W,YBL041W,0,-0.62273794,0.0870039239525795,0.7979999780654907,0.8374000191688538
YKR009C,YER164W,0,-0.62277263,0.08699443936347961,0.7979999780654907,0.8374999761581421
YKL085W,YKL192C,0,-0.622841,0.08698495477437973,0.7979999780654907,0.8375999927520752
YNL227C,YLR357W,0,-0.6228429,0.08697547763586044,0.7979999780654907,0.8377000093460083
YJL091C,YBR068C,0,-0.623039,0.08696600049734116,0.7979999780654907,0.8378000259399414
YLL026W,YBR254C,0,-0.6231676,0.08695652335882187,0.7979999780654907,0.8378999829292297
YPR030W,YOR307C,0,-0.6231949,0.08694704622030258,0.7979999780654907,0.8379999995231628
YLR020C,YMR004W,0,-0.6232227,0.08693757653236389,0.7979999780654907,0.838100016117096
YCR082W,YBR107C,0,-0.6232688,0.0869281068444252,0.7979999780654907,0.8381999731063843
YMR083W,YJL196C,0,-0.62328106,0.08691863715648651,0.7979999780654907,0.8382999897003174
YBR059C,YMR129W,0,-0.6233032,0.08690916746854782,0.7979999780654907,0.8384000062942505
YGR227W,YDL190C,0,-0.6233787,0.08689970523118973,0.7979999780654907,0.8385000228881836
YNL239W,YPR010C,0,-0.6237114,0.08689024299383163,0.7979999780654907,0.8385999798774719
YMR179W,YML094W,0,-0.6237621,0.08688078075647354,0.7979999780654907,0.838699996471405
YGL180W,YDR294C,0,-0.62398195,0.08687132596969604,0.7979999780654907,0.8388000130653381
YGL211W,YDR180W,0,-0.6241988,0.08686187118291855,0.7979999780654907,0.8389000296592712
YDR345C,YDR388W,0,-0.62434596,0.08685241639614105,0.7979999780654907,0.8389999866485596
YAL044C,YBL090W,0,-0.6243862,0.08684296160936356,0.7979999780654907,0.8391000032424927
YLR275W,YMR163C,0,-0.6244889,0.08683351427316666,0.7979999780654907,0.8392000198364258
YDR170C,YMR073C,0,-0.6245302,0.08682406693696976,0.7979999780654907,0.8392999768257141
YPL147W,YLR423C,0,-0.6245743,0.08681461960077286,0.7979999780654907,0.8393999934196472
YAL016W,YPL091W,0,-0.62463945,0.08680517971515656,0.7979999780654907,0.8395000100135803
YCL043C,YDL198C,0,-0.6246827,0.08679573982954025,0.7979999780654907,0.8396000266075134
YDR225W,YKL143W,0,-0.6247821,0.08678629994392395,0.7979999780654907,0.8396999835968018
YOR304W,YER093C,0,-0.6248495,0.08677686005830765,0.7979999780654907,0.8398000001907349
YLR377C,YOL004W,0,-0.62487763,0.08676742762327194,0.7979999780654907,0.839900016784668
YMR037C,YOR344C,1,-0.62496144,0.08686670660972595,0.7990000247955322,0.839900016784668
YBR267W,YIL036W,0,-0.6250476,0.08685726672410965,0.7990000247955322,0.8399999737739563
YNL216W,YOR380W,1,-0.6250534,0.08695652335882187,0.800000011920929,0.8399999737739563
YNL186W,YKL175W,0,-0.62523395,0.08694706857204437,0.800000011920929,0.8400999903678894
YCR072C,YPR020W,0,-0.6253058,0.08693762123584747,0.800000011920929,0.8402000069618225
YDR342C,YGR258C,0,-0.62552667,0.08692817389965057,0.800000011920929,0.8403000235557556
YJL133W,YNL097C,0,-0.6255498,0.08691873401403427,0.800000011920929,0.840399980545044
YLR403W,YFR034C,1,-0.6255652,0.08701792359352112,0.8009999990463257,0.840399980545044
YBR195C,YGL191W,0,-0.62613744,0.08700847625732422,0.8009999990463257,0.840499997138977
YCL063W,YPL050C,0,-0.6261923,0.08699902147054672,0.8009999990463257,0.8406000137329102
YDL043C,YBR068C,0,-0.6262741,0.08698957413434982,0.8009999990463257,0.8406999707221985
YPL227C,YDR398W,0,-0.6263156,0.08698012679815292,0.8009999990463257,0.8407999873161316
YHL036W,YML029W,0,-0.626367,0.08697068691253662,0.8009999990463257,0.8409000039100647
YOR304W,YBL007C,0,-0.62636906,0.08696123957633972,0.8009999990463257,0.8410000205039978
YDR342C,YLR028C,0,-0.6264016,0.08695179969072342,0.8009999990463257,0.8410999774932861
YGL044C,YGL075C,0,-0.62643117,0.08694236725568771,0.8009999990463257,0.8411999940872192
YGR152C,YDR207C,0,-0.6265707,0.08693292737007141,0.8009999990463257,0.8413000106811523
YLR008C,YLR397C,0,-0.6267989,0.0869234949350357,0.8009999990463257,0.8414000272750854
YGR169C,YBR079C,0,-0.6270068,0.0869140625,0.8009999990463257,0.8414999842643738
YDL192W,YML001W,0,-0.6271073,0.0869046300649643,0.8009999990463257,0.8416000008583069
YJL041W,YCL059C,0,-0.6274168,0.08689520508050919,0.8009999990463257,0.84170001745224
YNR075W,YMR293C,0,-0.6275061,0.08688578009605408,0.8009999990463257,0.8417999744415283
YDR085C,YJL014W,0,-0.6275179,0.08687635511159897,0.8009999990463257,0.8418999910354614
YER172C,YOR254C,0,-0.62785345,0.08686693757772446,0.8009999990463257,0.8420000076293945
YCL043C,YDL002C,0,-0.62800497,0.08685751259326935,0.8009999990463257,0.8421000242233276
YKR072C,YLR309C,0,-0.62803173,0.08684809505939484,0.8009999990463257,0.842199981212616
YDL007W,YIL143C,0,-0.62814945,0.08683868497610092,0.8009999990463257,0.8422999978065491
YDR300C,YNR044W,0,-0.6281837,0.08682926744222641,0.8009999990463257,0.8424000144004822
YJR010C-A,YJL201W,0,-0.62840664,0.0868198573589325,0.8009999990463257,0.8424999713897705
YLR127C,YAL011W,0,-0.628438,0.08681044727563858,0.8009999990463257,0.8425999879837036
YBR158W,YNL031C,0,-0.6285384,0.08680103719234467,0.8009999990463257,0.8427000045776367
YPL110C,YMR100W,0,-0.6285452,0.08679163455963135,0.8009999990463257,0.8428000211715698
YGR108W,YHL003C,0,-0.6286506,0.08678223192691803,0.8009999990463257,0.8428999781608582
YDL008W,YHL020C,0,-0.6291235,0.08677282929420471,0.8009999990463257,0.8429999947547913
YGR285C,YLR003C,0,-0.62930584,0.08676343411207199,0.8009999990463257,0.8431000113487244
YML085C,YOL038W,0,-0.6294854,0.08675403147935867,0.8009999990463257,0.8432000279426575
YDR071C,YMR212C,0,-0.6295937,0.08674463629722595,0.8009999990463257,0.8432999849319458
YER062C,YHR031C,0,-0.6295944,0.08673524856567383,0.8009999990463257,0.8434000015258789
YOR317W,YER143W,0,-0.6298279,0.08672585338354111,0.8009999990463257,0.843500018119812
YPR143W,YOL072W,0,-0.629829,0.08671646565198898,0.8009999990463257,0.8435999751091003
YLR355C,YNL032W,0,-0.6298322,0.08670707792043686,0.8009999990463257,0.8436999917030334
YIL121W,YHR188C,0,-0.6300393,0.08669769763946533,0.8009999990463257,0.8438000082969666
YER040W,YPL133C,1,-0.6301775,0.08679653704166412,0.8019999861717224,0.8438000082969666
YBR265W,YEL042W,0,-0.6303053,0.0867871418595314,0.8019999861717224,0.8439000248908997
YGL181W,YJR043C,0,-0.6303386,0.08677775412797928,0.8019999861717224,0.843999981880188
YNL302C,YHR108W,0,-0.6305525,0.08676836639642715,0.8019999861717224,0.8440999984741211
YIL109C,YCR053W,0,-0.6307142,0.08675897866487503,0.8019999861717224,0.8442000150680542
YML016C,YGL133W,0,-0.6307253,0.0867495909333229,0.8019999861717224,0.8442999720573425
YNR015W,YER126C,0,-0.6307778,0.08674021065235138,0.8019999861717224,0.8443999886512756
YOL149W,YGR104C,0,-0.63092285,0.08673083037137985,0.8019999861717224,0.8445000052452087
YNR007C,YOL124C,0,-0.6309544,0.08672145009040833,0.8019999861717224,0.8446000218391418
YNL282W,YMR060C,0,-0.63114244,0.0867120772600174,0.8019999861717224,0.8446999788284302
YMR190C,YOL086C,0,-0.6312993,0.08670270442962646,0.8019999861717224,0.8447999954223633
YGR241C,YLL018C-A,0,-0.6313181,0.08669333159923553,0.8019999861717224,0.8449000120162964
YNL072W,YCR071C,0,-0.6314208,0.0866839587688446,0.8019999861717224,0.8450000286102295
YGR074W,YHR167W,0,-0.6314649,0.08667459338903427,0.8019999861717224,0.8450999855995178
YDL060W,YOR211C,0,-0.63149565,0.08666522800922394,0.8019999861717224,0.8452000021934509
YOR173W,YLR216C,0,-0.6316221,0.0866558626294136,0.8019999861717224,0.845300018787384
YMR288W,YPR024W,0,-0.63164014,0.08664649724960327,0.8019999861717224,0.8453999757766724
YDL020C,YGR249W,1,-0.63164324,0.08674516528844833,0.8029999732971191,0.8453999757766724
YDL160C,YNR015W,0,-0.63177717,0.0867357924580574,0.8029999732971191,0.8454999923706055
YGR072W,YAL032C,0,-0.6318163,0.08672642707824707,0.8029999732971191,0.8456000089645386
YCR071C,YJR047C,0,-0.63182974,0.08671706169843674,0.8029999732971191,0.8457000255584717
YBR060C,YOL028C,0,-0.63191175,0.0867076963186264,0.8029999732971191,0.84579998254776
YDR375C,YOL038W,0,-0.6321057,0.08669833838939667,0.8029999732971191,0.8458999991416931
YBR234C,YBL057C,0,-0.63210684,0.08668898046016693,0.8029999732971191,0.8460000157356262
YPL046C,YKR061W,0,-0.63215417,0.0866796225309372,0.8029999732971191,0.8460999727249146
YDR216W,YHR206W,1,-0.632181,0.0867782011628151,0.8040000200271606,0.8460999727249146
YFL038C,YHR008C,0,-0.63219225,0.08676883578300476,0.8040000200271606,0.8461999893188477
YGL111W,YGL169W,0,-0.6322388,0.08675947040319443,0.8040000200271606,0.8463000059127808
YLR067C,YEL026W,0,-0.63226706,0.0867501050233841,0.8040000200271606,0.8464000225067139
YDR038C,YOR151C,0,-0.63231367,0.08674074709415436,0.8040000200271606,0.8464999794960022
YOR373W,YJR092W,0,-0.63236797,0.08673138916492462,0.8040000200271606,0.8465999960899353
YOL042W,YGR193C,0,-0.6324397,0.08672203868627548,0.8040000200271606,0.8467000126838684
YBR182C,YOR380W,1,-0.63255495,0.08682053536176682,0.8050000071525574,0.8467000126838684
YOR181W,YDR358W,0,-0.63279307,0.08681116998195648,0.8050000071525574,0.8468000292778015
YDR308C,YBL082C,0,-0.6328637,0.08680181205272675,0.8050000071525574,0.8468999862670898
YKL042W,YOL138C,0,-0.63307685,0.08679245412349701,0.8050000071525574,0.847000002861023
YER179W,YDR479C,0,-0.63314044,0.08678309619426727,0.8050000071525574,0.847100019454956
YDL046W,YHR019C,0,-0.6332226,0.08677373826503754,0.8050000071525574,0.8471999764442444
YBR037C,YML128C,0,-0.6332263,0.0867643877863884,0.8050000071525574,0.8472999930381775
YER129W,YGL006W,0,-0.633268,0.08675503730773926,0.8050000071525574,0.8474000096321106
YER045C,YNR048W,0,-0.6332739,0.08674568682909012,0.8050000071525574,0.8475000262260437
YKL062W,YOR032C,1,-0.6332869,0.08684408664703369,0.8059999942779541,0.8475000262260437
YIL034C,YBL017C,0,-0.63332206,0.08683473616838455,0.8059999942779541,0.847599983215332
YNL307C,YMR143W,0,-0.6333733,0.08682537823915482,0.8059999942779541,0.8476999998092651
YDR450W,YLL001W,0,-0.63337487,0.08681602776050568,0.8059999942779541,0.8478000164031982
YHL003C,YGL008C,0,-0.6333807,0.08680667728185654,0.8059999942779541,0.8478999733924866
YDL099W,YPR120C,0,-0.6335489,0.0867973268032074,0.8059999942779541,0.8479999899864197
YOR143C,YIL117C,0,-0.6336423,0.08678798377513885,0.8059999942779541,0.8481000065803528
YPR138C,YHR200W,0,-0.633647,0.08677864074707031,0.8059999942779541,0.8482000231742859
YDR292C,YPL153C,0,-0.6338883,0.08676929771900177,0.8059999942779541,0.8482999801635742
YML005W,YOL112W,0,-0.633971,0.08675995469093323,0.8059999942779541,0.8483999967575073
YFL031W,YKL062W,1,-0.63398844,0.08685825020074844,0.8069999814033508,0.8483999967575073
YNL233W,YML075C,0,-0.6341167,0.0868488997220993,0.8069999814033508,0.8485000133514404
YDR423C,YDR260C,0,-0.6342755,0.08683955669403076,0.8069999814033508,0.8485999703407288
YHR116W,YGR005C,0,-0.6343034,0.08683021366596222,0.8069999814033508,0.8486999869346619
YOR085W,YNL079C,0,-0.6344539,0.08682087063789368,0.8069999814033508,0.848800003528595
YMR053C,YBR279W,0,-0.6347774,0.08681153506040573,0.8069999814033508,0.8489000201225281
YBR127C,YMR004W,0,-0.6347824,0.08680219203233719,0.8069999814033508,0.8489999771118164
YER040W,YMR136W,1,-0.6348162,0.08690040558576584,0.8080000281333923,0.8489999771118164
YHR001W,YKL166C,0,-0.6351389,0.0868910625576973,0.8080000281333923,0.8490999937057495
YGL222C,YNL177C,0,-0.63528967,0.08688171952962875,0.8080000281333923,0.8492000102996826
YPR009W,YDR294C,0,-0.63529617,0.08687237650156021,0.8080000281333923,0.8493000268936157
YIR009W,YDR069C,0,-0.6353789,0.08686304092407227,0.8080000281333923,0.849399983882904
YIL039W,YOL077C,0,-0.63555545,0.08685370534658432,0.8080000281333923,0.8495000004768372
YBR257W,YLR081W,0,-0.6355645,0.08684436976909637,0.8080000281333923,0.8496000170707703
YER167W,YNL202W,0,-0.6359398,0.08683503419160843,0.8080000281333923,0.8496999740600586
YKR050W,YOR257W,0,-0.6359415,0.08682570606470108,0.8080000281333923,0.8497999906539917
YDR425W,YDR494W,0,-0.6361776,0.08681637793779373,0.8080000281333923,0.8499000072479248
YML127W,YGL136C,0,-0.63623554,0.08680704981088638,0.8080000281333923,0.8500000238418579
YPL267W,YGR040W,0,-0.6363129,0.08679772168397903,0.8080000281333923,0.8500999808311462
YMR056C,YOR241W,0,-0.63644546,0.08678840100765228,0.8080000281333923,0.8501999974250793
YDL197C,YKL022C,0,-0.63651216,0.08677908033132553,0.8080000281333923,0.8503000140190125
YIL150C,YJL166W,0,-0.63663137,0.08676975965499878,0.8080000281333923,0.8503999710083008
YDR268W,YIL052C,0,-0.6366691,0.08676043897867203,0.8080000281333923,0.8504999876022339
YNL210W,YKL022C,0,-0.63695,0.08675112575292587,0.8080000281333923,0.850600004196167
YIL061C,YPL213W,0,-0.63699126,0.08674181252717972,0.8080000281333923,0.8507000207901001
YOR233W,YPR200C,0,-0.6372405,0.08673250675201416,0.8080000281333923,0.8507999777793884
YOR299W,YKL165C,0,-0.63737273,0.086723193526268,0.8080000281333923,0.8508999943733215
YJR121W,YOR182C,0,-0.6377223,0.08671388775110245,0.8080000281333923,0.8510000109672546
YML016C,YDR194C,0,-0.6381383,0.08670458197593689,0.8080000281333923,0.8511000275611877
YFR004W,YIL014W,0,-0.63817984,0.08669527620077133,0.8080000281333923,0.8511999845504761
YBR098W,YBR217W,0,-0.63824815,0.08668597787618637,0.8080000281333923,0.8513000011444092
YNL220W,YDR337W,0,-0.6385128,0.08667667955160141,0.8080000281333923,0.8514000177383423
YBR265W,YJL102W,0,-0.6385568,0.08666738122701645,0.8080000281333923,0.8514999747276306
YKL101W,YDL097C,0,-0.63864183,0.08665809035301208,0.8080000281333923,0.8515999913215637
YER036C,YIL122W,0,-0.6387431,0.08664879202842712,0.8080000281333923,0.8517000079154968
YKL110C,YGL222C,0,-0.63897425,0.08663950115442276,0.8080000281333923,0.8518000245094299
YMR288W,YDR221W,0,-0.6390539,0.0866302102804184,0.8080000281333923,0.8518999814987183
YPR009W,YMR309C,0,-0.6390637,0.08662092685699463,0.8080000281333923,0.8519999980926514
YIL109C,YDR310C,0,-0.6391699,0.08661164343357086,0.8080000281333923,0.8521000146865845
YMR143W,YLR066W,0,-0.6391851,0.0866023600101471,0.8080000281333923,0.8521999716758728
YNR010W,YMR112C,0,-0.6393365,0.08659307658672333,0.8080000281333923,0.8522999882698059
YNL066W,YNL051W,0,-0.63941926,0.08658380061388016,0.8080000281333923,0.852400004863739
YPL050C,YOL116W,0,-0.6395088,0.08657451719045639,0.8080000281333923,0.8525000214576721
YCL054W,YGL227W,0,-0.6395209,0.08656524866819382,0.8080000281333923,0.8525999784469604
YMR199W,YNL227C,0,-0.63952225,0.08655597269535065,0.8080000281333923,0.8526999950408936
YKL182W,YNL307C,0,-0.6395853,0.08654670417308807,0.8080000281333923,0.8528000116348267
YDL192W,YNL123W,0,-0.63997614,0.0865374282002449,0.8080000281333923,0.8529000282287598
YHL019C,YBR119W,0,-0.6401058,0.08652816712856293,0.8080000281333923,0.8529999852180481
YDL227C,YPL031C,0,-0.6401981,0.08651889860630035,0.8080000281333923,0.8531000018119812
YER018C,YMR199W,0,-0.64020616,0.08650963753461838,0.8080000281333923,0.8532000184059143
YCR106W,YDR096W,1,-0.64038146,0.086607426404953,0.8090000152587891,0.8532000184059143
YKL176C,YKL079W,0,-0.64049655,0.08659815788269043,0.8090000152587891,0.8532999753952026
YMR080C,YLR206W,0,-0.64059925,0.08658888936042786,0.8090000152587891,0.8533999919891357
YDL197C,YMR276W,0,-0.6406243,0.08657962083816528,0.8090000152587891,0.8535000085830688
YDR279W,YJR040W,0,-0.6407582,0.0865703597664833,0.8090000152587891,0.853600025177002
YPR031W,YDR297W,0,-0.6408935,0.08656109869480133,0.8090000152587891,0.8536999821662903
YPL018W,YJL101C,0,-0.6410128,0.08655183762311935,0.8090000152587891,0.8537999987602234
YOL061W,YPL206C,0,-0.6410131,0.08654257655143738,0.8090000152587891,0.8539000153541565
YBL008W,YDR524C,0,-0.64136857,0.0865333154797554,0.8090000152587891,0.8539999723434448
YBL088C,YNL270C,0,-0.6416955,0.08652406185865402,0.8090000152587891,0.8540999889373779
YDR080W,YDR495C,0,-0.64197934,0.08651480823755264,0.8090000152587891,0.854200005531311
YGR041W,YML001W,0,-0.64200675,0.08650556206703186,0.8090000152587891,0.8543000221252441
YPL248C,YDL020C,1,-0.6421607,0.08660323172807693,0.8100000023841858,0.8543000221252441
YMR037C,YKL062W,1,-0.642202,0.08670087903738022,0.8109999895095825,0.8543000221252441
YPR086W,YOL038W,0,-0.64223486,0.08669161051511765,0.8109999895095825,0.8543999791145325
YPL032C,YOR127W,0,-0.6422507,0.08668234199285507,0.8109999895095825,0.8544999957084656
YPR072W,YOR347C,0,-0.6423233,0.0866730809211731,0.8109999895095825,0.8546000123023987
YIL075C,YHR123W,0,-0.6425005,0.08666381984949112,0.8109999895095825,0.8547000288963318
YDR200C,YGR029W,0,-0.6425422,0.08665455877780914,0.8109999895095825,0.8547999858856201
YDR137W,YPR065W,0,-0.64255816,0.08664529770612717,0.8109999895095825,0.8549000024795532
YKL025C,YHR016C,0,-0.64260834,0.08663604408502579,0.8109999895095825,0.8550000190734863
YMR190C,YMR303C,0,-0.64261395,0.08662679046392441,0.8109999895095825,0.8550999760627747
YPR056W,YIL143C,0,-0.6426184,0.08661753684282303,0.8109999895095825,0.8551999926567078
YGR229C,YPR198W,0,-0.6428059,0.08660829067230225,0.8109999895095825,0.8553000092506409
YJL035C,YGR116W,0,-0.6429561,0.08659903705120087,0.8109999895095825,0.855400025844574
YJL117W,YFR037C,0,-0.6429939,0.08658979088068008,0.8109999895095825,0.8554999828338623
YDL007W,YIL124W,0,-0.6430256,0.0865805521607399,0.8109999895095825,0.8555999994277954
YHL034C,YDL235C,0,-0.64303416,0.08657130599021912,0.8109999895095825,0.8557000160217285
YBL102W,YIL065C,0,-0.64312005,0.08656206727027893,0.8109999895095825,0.8557999730110168
YOL080C,YDL085W,0,-0.64312965,0.08655282855033875,0.8109999895095825,0.85589998960495
YPL144W,YNL159C,0,-0.643295,0.08654358983039856,0.8109999895095825,0.8560000061988831
YOL122C,YJR047C,0,-0.64337295,0.08653435856103897,0.8109999895095825,0.8561000227928162
YJR035W,YGR161C,0,-0.64338106,0.08652512729167938,0.8109999895095825,0.8561999797821045
YOR308C,YDR121W,0,-0.6435883,0.0865158960223198,0.8109999895095825,0.8562999963760376
YDR393W,YMR270C,0,-0.6436786,0.0865066647529602,0.8109999895095825,0.8564000129699707
YEL015W,YOR359W,0,-0.6448346,0.08649744093418121,0.8109999895095825,0.8565000295639038
YER040W,YJL110C,1,-0.64500374,0.08659485727548599,0.8119999766349792,0.8565000295639038
YLR448W,YGL014W,0,-0.64521194,0.0865856260061264,0.8119999766349792,0.8565999865531921
YMR037C,YLR013W,1,-0.6453169,0.0866830125451088,0.8130000233650208,0.8565999865531921
YOR043W,YOL142W,0,-0.64537185,0.08667377382516861,0.8130000233650208,0.8567000031471252
YBR135W,YDR211W,0,-0.6454053,0.08666453510522842,0.8130000233650208,0.8568000197410583
YMR022W,YLR423C,0,-0.64563507,0.08665529638528824,0.8130000233650208,0.8568999767303467
YDR087C,YDR254W,0,-0.6456492,0.08664606511592865,0.8130000233650208,0.8569999933242798
YBR298C,YGR220C,0,-0.64567417,0.08663682639598846,0.8130000233650208,0.8571000099182129
YIL125W,YGL257C,0,-0.64595205,0.08662759512662888,0.8130000233650208,0.857200026512146
YBR173C,YGL167C,0,-0.6459879,0.08661837130784988,0.8130000233650208,0.8572999835014343
YCR073W-A,YGR008C,0,-0.6460201,0.0866091400384903,0.8130000233650208,0.8574000000953674
YNL199C,YLL002W,0,-0.6461925,0.0865999162197113,0.8130000233650208,0.8575000166893005
YNR058W,YOL164W,0,-0.6462142,0.08659069240093231,0.8130000233650208,0.8575999736785889
YEL026W,YKL016C,0,-0.64637184,0.08658146858215332,0.8130000233650208,0.857699990272522
YLR350W,YBR039W,0,-0.6463812,0.08657225221395493,0.8130000233650208,0.8578000068664551
YML076C,YPL133C,1,-0.6465114,0.08666950464248657,0.8140000104904175,0.8578000068664551
YER012W,YAL002W,0,-0.64666444,0.08666028082370758,0.8140000104904175,0.8579000234603882
YPL253C,YDR397C,0,-0.64667696,0.08665105700492859,0.8140000104904175,0.8579999804496765
YBL079W,YMR161W,0,-0.6468198,0.0866418331861496,0.8140000104904175,0.8580999970436096
YKR048C,YPL060W,0,-0.64682937,0.0866326093673706,0.8140000104904175,0.8582000136375427
YHR204W,YFR040W,0,-0.64683473,0.08662339299917221,0.8140000104904175,0.858299970626831
YDR446W,YPL123C,0,-0.64692163,0.08661417663097382,0.8140000104904175,0.8583999872207642
YDR416W,YDL120W,0,-0.64700323,0.08660496026277542,0.8140000104904175,0.8585000038146973
YNL066W,YLR167W,0,-0.64700884,0.08659574389457703,0.8140000104904175,0.8586000204086304
YLR249W,YGL053W,0,-0.6472832,0.08658653497695923,0.8140000104904175,0.8586999773979187
YML116W,YFL037W,0,-0.6472987,0.08657732605934143,0.8140000104904175,0.8587999939918518
YML051W,YPR176C,0,-0.64742607,0.08656811714172363,0.8140000104904175,0.8589000105857849
YDR459C,YMR177W,0,-0.64756685,0.08655890822410583,0.8140000104904175,0.859000027179718
YHR011W,YJR031C,0,-0.6476963,0.08654970675706863,0.8140000104904175,0.8590999841690063
YLR028C,YNL294C,0,-0.6478423,0.08654050529003143,0.8140000104904175,0.8592000007629395
YNL297C,YLR259C,0,-0.64787096,0.08653130382299423,0.8140000104904175,0.8593000173568726
YHR065C,YJL072C,0,-0.6479876,0.08652210980653763,0.8140000104904175,0.8593999743461609
YDL229W,YGR046W,0,-0.64808995,0.08651291579008102,0.8140000104904175,0.859499990940094
YNL167C,YNL246W,0,-0.6482878,0.08650372177362442,0.8140000104904175,0.8596000075340271
YKR099W,YBR119W,0,-0.64837104,0.08649452775716782,0.8140000104904175,0.8597000241279602
YCL035C,YAR019C,0,-0.6484547,0.08648534119129181,0.8140000104904175,0.8597999811172485
YDL181W,YMR184W,0,-0.6485372,0.0864761471748352,0.8140000104904175,0.8598999977111816
YBR143C,YOR267C,0,-0.6485836,0.0864669606089592,0.8140000104904175,0.8600000143051147
YIL149C,YOR047C,0,-0.64877886,0.08645778149366379,0.8140000104904175,0.8600999712944031
YDR060W,YLR139C,0,-0.64909834,0.08644859492778778,0.8140000104904175,0.8601999878883362
YOR328W,YDR337W,0,-0.64920765,0.08643941581249237,0.8140000104904175,0.8603000044822693
YPL171C,YOR319W,0,-0.6495099,0.08643023669719696,0.8140000104904175,0.8604000210762024
YPL053C,YPR032W,0,-0.64953786,0.08642106503248215,0.8140000104904175,0.8604999780654907
YFL024C,YJL145W,0,-0.6496765,0.08641188591718674,0.8140000104904175,0.8605999946594238
YGR088W,YNR035C,0,-0.64995617,0.08640271425247192,0.8140000104904175,0.8607000112533569
YER013W,YBR107C,0,-0.6500588,0.08639355003833771,0.8140000104904175,0.86080002784729
YOL165C,YDR088C,0,-0.65025747,0.0863843783736229,0.8140000104904175,0.8608999848365784
YHR187W,YDL085W,0,-0.65049684,0.08637521415948868,0.8140000104904175,0.8610000014305115
YER040W,YFR034C,1,-0.65066785,0.08647214621305466,0.8149999976158142,0.8610000014305115
YNL230C,YBL105C,0,-0.6507679,0.08646297454833984,0.8149999976158142,0.8611000180244446
YAL012W,YCR048W,0,-0.6508305,0.08645380288362503,0.8149999976158142,0.8611999750137329
YJR057W,YMR302C,0,-0.6510872,0.08644463121891022,0.8149999976158142,0.861299991607666
YER148W,YFR013W,0,-0.65110487,0.086435467004776,0.8149999976158142,0.8614000082015991
YML078W,YNL015W,0,-0.65111655,0.08642629534006119,0.8149999976158142,0.8615000247955322
YCR106W,YJL110C,1,-0.6515265,0.08652316778898239,0.8159999847412109,0.8615000247955322
YDR087C,YDR076W,0,-0.6516859,0.08651399612426758,0.8159999847412109,0.8615999817848206
YIL142W,YLR448W,0,-0.6517478,0.08650482445955276,0.8159999847412109,0.8616999983787537
YDL007W,YPL160W,0,-0.65176857,0.08649565279483795,0.8159999847412109,0.8618000149726868
YIL114C,YHR170W,0,-0.65199727,0.08648648858070374,0.8159999847412109,0.8618999719619751
YBR015C,YPL268W,0,-0.65207845,0.08647732436656952,0.8159999847412109,0.8619999885559082
YKL146W,YOR224C,0,-0.6521839,0.0864681601524353,0.8159999847412109,0.8621000051498413
YKR099W,YNL327W,0,-0.65224653,0.08645899593830109,0.8159999847412109,0.8622000217437744
YLR131C,YBR143C,0,-0.6524225,0.08644983917474747,0.8159999847412109,0.8622999787330627
YPL154C,YPL227C,0,-0.6525176,0.08644067496061325,0.8159999847412109,0.8623999953269958
YDL170W,YER111C,1,-0.65260607,0.0865374431014061,0.8169999718666077,0.8623999953269958
YDR211W,YGL129C,0,-0.65271777,0.08652827888727188,0.8169999718666077,0.862500011920929
YKR003W,YOR249C,0,-0.6527714,0.08651911467313766,0.8169999718666077,0.8626000285148621
YNL283C,YHR001W-A,0,-0.65286076,0.08650995045900345,0.8169999718666077,0.8626999855041504
YGL163C,YAL032C,0,-0.6528913,0.08650079369544983,0.8169999718666077,0.8628000020980835
YLR117C,YDR122W,0,-0.6529696,0.08649163693189621,0.8169999718666077,0.8629000186920166
YER149C,YDR477W,0,-0.65309054,0.08648248016834259,0.8169999718666077,0.8629999756813049
YDL170W,YMR136W,1,-0.653266,0.08657917380332947,0.8180000185966492,0.8629999756813049
YKR003W,YOR178C,0,-0.65329987,0.08657000958919525,0.8180000185966492,0.863099992275238
YOR316C,YDL102W,0,-0.65330714,0.08656084537506104,0.8180000185966492,0.8632000088691711
YDR420W,YLR222C,0,-0.6533124,0.08655168861150742,0.8180000185966492,0.8633000254631042
YLR144C,YOR007C,0,-0.6538393,0.0865425318479538,0.8180000185966492,0.8633999824523926
YDR096W,YOR380W,1,-0.6539471,0.0866391658782959,0.8190000057220459,0.8633999824523926
YMR232W,YLL027W,0,-0.6539592,0.08662999421358109,0.8190000057220459,0.8634999990463257
YBR192W,YOL090W,0,-0.6541101,0.08662083745002747,0.8190000057220459,0.8636000156402588
YEL031W,YBR217W,0,-0.65413475,0.08661167323589325,0.8190000057220459,0.8636999726295471
YMR198W,YKL145W,0,-0.6542876,0.08660251647233963,0.8190000057220459,0.8637999892234802
YGR214W,YMR129W,0,-0.65432256,0.08659335970878601,0.8190000057220459,0.8639000058174133
YJL069C,YBR193C,0,-0.6544603,0.08658420294523239,0.8190000057220459,0.8640000224113464
YJL008C,YPL235W,0,-0.6545583,0.08657505363225937,0.8190000057220459,0.8640999794006348
YBR127C,YOR211C,0,-0.65467256,0.08656590431928635,0.8190000057220459,0.8641999959945679
YCR063W,YNL227C,0,-0.6547351,0.08655675500631332,0.8190000057220459,0.864300012588501
YLR008C,YOR122C,0,-0.6552097,0.0865476056933403,0.8190000057220459,0.8644000291824341
YGR261C,YPL243W,0,-0.6552699,0.08653846383094788,0.8190000057220459,0.8644999861717224
YAL038W,YOR147W,0,-0.6554552,0.08652932196855545,0.8190000057220459,0.8646000027656555
YNL256W,YDR072C,0,-0.65554297,0.08652018010616302,0.8190000057220459,0.8647000193595886
YCL040W,YOR233W,0,-0.6557998,0.0865110382437706,0.8190000057220459,0.864799976348877
YJL045W,YNL227C,0,-0.6558148,0.08650190383195877,0.8190000057220459,0.8648999929428101
YLR405W,YDR477W,0,-0.65604246,0.08649276942014694,0.8190000057220459,0.8650000095367432
YBR298C,YPL228W,0,-0.65613914,0.08648363500833511,0.8190000057220459,0.8651000261306763
YLR154C,YJR118C,0,-0.65621156,0.08647450059652328,0.8190000057220459,0.8651999831199646
YKL114C,YER167W,0,-0.65625495,0.08646537363529205,0.8190000057220459,0.8652999997138977
YGL073W,YPL133C,1,-0.65650374,0.08656180649995804,0.8199999928474426,0.8652999997138977
YDR414C,YBR183W,0,-0.6565146,0.08655267208814621,0.8199999928474426,0.8654000163078308
YGR119C,YKL193C,0,-0.65660906,0.08654353767633438,0.8199999928474426,0.8654999732971191
YDL046W,YBL102W,0,-0.6566859,0.08653440326452255,0.8199999928474426,0.8655999898910522
YOR380W,YHR084W,1,-0.6567661,0.08663079142570496,0.8209999799728394,0.8655999898910522
YNL298W,YER062C,0,-0.6568094,0.08662164956331253,0.8209999799728394,0.8657000064849854
YKR082W,YFL002C,0,-0.6569368,0.0866125151515007,0.8209999799728394,0.8658000230789185
YER040W,YLR014C,1,-0.6570603,0.08670885860919952,0.8220000267028809,0.8658000230789185
YJR143C,YPL227C,0,-0.65707266,0.0866997167468071,0.8220000267028809,0.8658999800682068
YJR118C,YOR236W,0,-0.6571253,0.08669057488441467,0.8220000267028809,0.8659999966621399
YHR200W,YLR047C,0,-0.6573308,0.08668143302202225,0.8220000267028809,0.866100013256073
YDR110W,YCR053W,0,-0.6575187,0.08667229115962982,0.8220000267028809,0.8661999702453613
YPR037C,YPL048W,0,-0.65755427,0.0866631492972374,0.8220000267028809,0.8662999868392944
YOR372C,YJL087C,0,-0.6577977,0.08665401488542557,0.8220000267028809,0.8664000034332275
YGL225W,YBR127C,0,-0.6580862,0.08664488047361374,0.8220000267028809,0.8665000200271606
YDL060W,YKL140W,0,-0.6582244,0.08663575351238251,0.8220000267028809,0.866599977016449
YBR164C,YEL063C,0,-0.65824693,0.08662661910057068,0.8220000267028809,0.8666999936103821
YBL040C,YER161C,0,-0.658388,0.08661749213933945,0.8220000267028809,0.8668000102043152
YCL063W,YDR156W,0,-0.6585899,0.08660836517810822,0.8220000267028809,0.8669000267982483
YPR121W,YOR198C,0,-0.65879303,0.08659923821687698,0.8220000267028809,0.8669999837875366
YNR047W,YMR054W,0,-0.65907294,0.08659011870622635,0.8220000267028809,0.8671000003814697
YDL223C,YPL086C,0,-0.65911025,0.08658099919557571,0.8220000267028809,0.8672000169754028
YDR456W,YGL075C,0,-0.6592235,0.08657187968492508,0.8220000267028809,0.8672999739646912
YJR078W,YDL181W,0,-0.65958166,0.08656276017427444,0.8220000267028809,0.8673999905586243
YBR297W,YNL023C,1,-0.6599435,0.08665894716978073,0.8230000138282776,0.8673999905586243
YNR047W,YHR006W,0,-0.6601579,0.0866498202085495,0.8230000138282776,0.8675000071525574
YLR133W,YOL100W,0,-0.66021734,0.08664070069789886,0.8230000138282776,0.8676000237464905
YDR214W,YMR001C,0,-0.66026765,0.08663158118724823,0.8230000138282776,0.8676999807357788
YML046W,YPR072W,0,-0.66032904,0.0866224616765976,0.8230000138282776,0.8677999973297119
YDL116W,YDR503C,0,-0.6607379,0.08661334216594696,0.8230000138282776,0.867900013923645
YJR031C,YBR079C,0,-0.66088164,0.08660423010587692,0.8230000138282776,0.8679999709129333
YMR186W,YKL170W,0,-0.66125625,0.08659511804580688,0.8230000138282776,0.8680999875068665
YPL248C,YMR136W,1,-0.6613607,0.08669121563434601,0.8240000009536743,0.8680999875068665
YBR297W,YHR178W,1,-0.6614324,0.08678729087114334,0.824999988079071,0.8680999875068665
YLR096W,YOR221C,0,-0.661604,0.08677816390991211,0.824999988079071,0.8682000041007996
YML062C,YMR234W,0,-0.66172963,0.08676903694868088,0.824999988079071,0.8683000206947327
YJR092W,YBR112C,0,-0.6617641,0.08675990998744965,0.824999988079071,0.868399977684021
YGR257C,YNL209W,0,-0.6617743,0.08675079047679901,0.824999988079071,0.8684999942779541
YDR071C,YPL195W,0,-0.6618535,0.08674167096614838,0.824999988079071,0.8686000108718872
YER112W,YGL099W,0,-0.66187006,0.08673255145549774,0.824999988079071,0.8687000274658203
YER054C,YDR016C,0,-0.66192204,0.0867234319448471,0.824999988079071,0.8687999844551086
YNL169C,YJL124C,0,-0.6625384,0.08671431243419647,0.824999988079071,0.8689000010490417
YER075C,YLR047C,0,-0.6626206,0.08670520037412643,0.824999988079071,0.8690000176429749
YPR020W,YML127W,0,-0.6626882,0.0866960883140564,0.824999988079071,0.8690999746322632
YLR397C,YDR121W,0,-0.6627487,0.08668698370456696,0.824999988079071,0.8691999912261963
YNR047W,YLR200W,0,-0.66275823,0.08667787164449692,0.824999988079071,0.8693000078201294
YIL014W,YGL106W,0,-0.66283065,0.08666876703500748,0.824999988079071,0.8694000244140625
YNL127W,YNR039C,0,-0.6629121,0.08665966242551804,0.824999988079071,0.8694999814033508
YKR019C,YDR289C,0,-0.6630215,0.08665056526660919,0.824999988079071,0.8695999979972839
YBR066C,YLR193C,0,-0.6631474,0.08664146065711975,0.824999988079071,0.869700014591217
YJL008C,YGR014W,0,-0.6631538,0.08663236349821091,0.824999988079071,0.8697999715805054
YNL073W,YLR208W,0,-0.66341376,0.08662326633930206,0.824999988079071,0.8698999881744385
YBR035C,YIL114C,0,-0.6634446,0.08661417663097382,0.824999988079071,0.8700000047683716
YBR058C,YJL041W,0,-0.6634459,0.08660507947206497,0.824999988079071,0.8701000213623047
YPL233W,YOR347C,0,-0.66351706,0.08659598976373672,0.824999988079071,0.870199978351593
YHL009C,YMR016C,1,-0.6636552,0.08669185638427734,0.8259999752044678,0.870199978351593
YHR079C-A,YPR030W,0,-0.6638928,0.0866827592253685,0.8259999752044678,0.8702999949455261
YKL112W,YOR032C,1,-0.6639702,0.08677859604358673,0.8270000219345093,0.8702999949455261
YKL048C,YIL040W,0,-0.6644649,0.08676949143409729,0.8270000219345093,0.8704000115394592
YHR175W,YLR144C,0,-0.6644798,0.08676038682460785,0.8270000219345093,0.8705000281333923
YPL092W,YPL262W,0,-0.6644832,0.08675128221511841,0.8270000219345093,0.8705999851226807
YIL042C,YBL080C,0,-0.6646978,0.08674218505620956,0.8270000219345093,0.8707000017166138
YNL015W,YGL210W,0,-0.66473967,0.08673308789730072,0.8270000219345093,0.8708000183105469
YNL023C,YEL009C,1,-0.66493225,0.08682885766029358,0.828000009059906,0.8708000183105469
YEL009C,YMR136W,1,-0.6649471,0.08692461252212524,0.8289999961853027,0.8708000183105469
YOR099W,YJL111W,0,-0.6652171,0.08691549301147461,0.8289999961853027,0.8708999752998352
YJL110C,YHR206W,1,-0.66524935,0.08701121807098389,0.8299999833106995,0.8708999752998352
YDR494W,YFL002C,0,-0.6653368,0.08700209856033325,0.8299999833106995,0.8709999918937683
YKR082W,YJR043C,0,-0.66536385,0.08699297904968262,0.8299999833106995,0.8711000084877014
YJL005W,YKR067W,0,-0.66578496,0.08698385953903198,0.8299999833106995,0.8712000250816345
YNL090W,YIL125W,0,-0.6658035,0.08697474747896194,0.8299999833106995,0.8712999820709229
YCR027C,YHR172W,0,-0.6658253,0.0869656354188919,0.8299999833106995,0.871399998664856
YDL235C,YJR065C,0,-0.66597044,0.08695652335882187,0.8299999833106995,0.8715000152587891
YML114C,YER173W,0,-0.66603136,0.08694741129875183,0.8299999833106995,0.8715999722480774
YCR060W,YGL018C,0,-0.6660989,0.08693830668926239,0.8299999833106995,0.8716999888420105
YGL097W,YLL026W,0,-0.6661187,0.08692920207977295,0.8299999833106995,0.8718000054359436
YNL287W,YBR130C,0,-0.6661251,0.08692009747028351,0.8299999833106995,0.8719000220298767
YDR272W,YDR288W,0,-0.6662064,0.08691099286079407,0.8299999833106995,0.871999979019165
YBR057C,YMR100W,0,-0.66660744,0.08690189570188522,0.8299999833106995,0.8720999956130981
YBR214W,YDL217C,0,-0.6666131,0.08689279854297638,0.8299999833106995,0.8722000122070312
YKR003W,YOR143C,0,-0.66686386,0.08688370138406754,0.8299999833106995,0.8723000288009644
YKL112W,YLR403W,1,-0.6668827,0.08697927743196487,0.8309999704360962,0.8723000288009644
YOR173W,YKL144C,0,-0.6669766,0.08697017282247543,0.8309999704360962,0.8723999857902527
YGL047W,YLR144C,0,-0.6671167,0.08696106821298599,0.8309999704360962,0.8725000023841858
YOR361C,YBR049C,0,-0.6672397,0.08695197105407715,0.8309999704360962,0.8726000189781189
YHR118C,YPR167C,0,-0.66733605,0.0869428738951683,0.8309999704360962,0.8726999759674072
YCL017C,YGR077C,0,-0.66752034,0.08693377673625946,0.8309999704360962,0.8727999925613403
YNL288W,YFL022C,0,-0.66764706,0.08692468702793121,0.8309999704360962,0.8729000091552734
YGR163W,YGR135W,0,-0.66775167,0.08691559731960297,0.8309999704360962,0.8730000257492065
YKL064W,YPR037C,0,-0.66807604,0.08690650761127472,0.8309999704360962,0.8730999827384949
YDL020C,YOR380W,1,-0.66813374,0.0870019868016243,0.8320000171661377,0.8730999827384949
YBR042C,YML127W,0,-0.66813713,0.08699288964271545,0.8320000171661377,0.873199999332428
YOR045W,YMR088C,0,-0.6681382,0.08698379248380661,0.8320000171661377,0.8733000159263611
YFR034C,YHR084W,1,-0.66824764,0.0870792418718338,0.8330000042915344,0.8733000159263611
YJL047C,YGR270W,0,-0.66825336,0.08707013726234436,0.8330000042915344,0.8733999729156494
YGL071W,YJL110C,1,-0.66832274,0.08716554939746857,0.8339999914169312,0.8733999729156494
YIL066C,YNL294C,0,-0.668456,0.08715644478797913,0.8339999914169312,0.8734999895095825
YPL208W,YBR158W,0,-0.66853637,0.08714733272790909,0.8339999914169312,0.8736000061035156
YDL130W-A,YNL071W,0,-0.6685445,0.08713822811841965,0.8339999914169312,0.8737000226974487
YMR053C,YOR035C,0,-0.6685899,0.0871291235089302,0.8339999914169312,0.8737999796867371
YML076C,YHR124W,1,-0.6686209,0.08722448348999023,0.8349999785423279,0.8737999796867371
YDL170W,YML076C,1,-0.668776,0.08731982111930847,0.8360000252723694,0.8737999796867371
YKL043W,YKL062W,1,-0.66909504,0.08741514384746552,0.8370000123977661,0.8737999796867371
YOR143C,YMR192W,0,-0.66942114,0.08740601688623428,0.8370000123977661,0.8738999962806702
YJL101C,YPR057W,0,-0.6695488,0.08739688992500305,0.8370000123977661,0.8740000128746033
YBR079C,YNL039W,0,-0.669618,0.08738776296377182,0.8370000123977661,0.8741000294685364
YBR039W,YGL210W,0,-0.6696375,0.08737864345312119,0.8370000123977661,0.8741999864578247
YLR175W,YJL128C,0,-0.6696668,0.08736951649188995,0.8370000123977661,0.8743000030517578
YJL210W,YGR133W,0,-0.66983855,0.08736040443181992,0.8370000123977661,0.8744000196456909
YKL175W,YDR328C,0,-0.6701476,0.08735128492116928,0.8370000123977661,0.8744999766349792
YAR035W,YDR043C,0,-0.67017865,0.08734216541051865,0.8370000123977661,0.8745999932289124
YBR182C,YFR034C,1,-0.67024165,0.08743739873170853,0.8379999995231628,0.8745999932289124
YGR074W,YGL037C,0,-0.67056185,0.0874282717704773,0.8379999995231628,0.8747000098228455
YBR198C,YPL153C,0,-0.6706121,0.08741915225982666,0.8379999995231628,0.8748000264167786
YJL008C,YOR095C,0,-0.67076427,0.08741003274917603,0.8379999995231628,0.8748999834060669
YOL011W,YGR029W,0,-0.6707991,0.08740092068910599,0.8379999995231628,0.875
YGL166W,YJL095W,0,-0.67083293,0.08739180117845535,0.8379999995231628,0.8751000165939331
YIL065C,YNL071W,0,-0.67122,0.08738268911838531,0.8379999995231628,0.8751999735832214
YLR088W,YOL127W,0,-0.67141575,0.08737357705831528,0.8379999995231628,0.8752999901771545
YJL170C,YLR193C,0,-0.6719788,0.08736447244882584,0.8379999995231628,0.8754000067710876
YGR030C,YJR078W,0,-0.6721007,0.0873553603887558,0.8379999995231628,0.8755000233650208
YDL064W,YLR003C,0,-0.67219543,0.08734625577926636,0.8379999995231628,0.8755999803543091
YMR044W,YPL259C,0,-0.6726983,0.08733715116977692,0.8379999995231628,0.8756999969482422
YHR065C,YER065C,0,-0.6727184,0.08732805401086807,0.8379999995231628,0.8758000135421753
YNL192W,YBR082C,0,-0.67300904,0.08731895685195923,0.8379999995231628,0.8758999705314636
YDR331W,YDL081C,0,-0.673053,0.08730985969305038,0.8379999995231628,0.8759999871253967
YGL191W,YKL165C,0,-0.6731886,0.08730076253414154,0.8379999995231628,0.8761000037193298
YPL221W,YBL025W,0,-0.6733218,0.0872916653752327,0.8379999995231628,0.8762000203132629
YDL060W,YPL026C,0,-0.67342883,0.08728257566690445,0.8379999995231628,0.8762999773025513
YDR513W,YLR259C,0,-0.6734763,0.0872734859585762,0.8379999995231628,0.8763999938964844
YGL078C,YJL008C,0,-0.67379564,0.08726439625024796,0.8379999995231628,0.8765000104904175
YPR182W,YJL115W,0,-0.6740287,0.0872553139925003,0.8379999995231628,0.8766000270843506
YNL078W,YPL240C,0,-0.6742313,0.08724622428417206,0.8379999995231628,0.8766999840736389
YOL063C,YLR193C,0,-0.67464685,0.08723714202642441,0.8379999995231628,0.876800000667572
YPL046C,YBL061C,0,-0.6748213,0.08722805976867676,0.8379999995231628,0.8769000172615051
YJL133W,YOL051W,0,-0.6749117,0.0872189849615097,0.8379999995231628,0.8769999742507935
YDR022C,YGL055W,0,-0.6749639,0.08720991015434265,0.8379999995231628,0.8770999908447266
YMR054W,YLL026W,0,-0.6750809,0.0872008353471756,0.8379999995231628,0.8772000074386597
YNL111C,YHR027C,0,-0.6754013,0.08719176054000854,0.8379999995231628,0.8773000240325928
YPL092W,YGL192W,0,-0.6754954,0.08718268573284149,0.8379999995231628,0.8773999810218811
YML076C,YHR206W,1,-0.6755106,0.08727764338254929,0.8389999866485596,0.8773999810218811
YBR164C,YMR080C,0,-0.6758677,0.08726856857538223,0.8389999866485596,0.8774999976158142
YFR051C,YOR326W,0,-0.6761585,0.08725949376821518,0.8389999866485596,0.8776000142097473
YOR043W,YFR013W,0,-0.67622787,0.08725041896104813,0.8389999866485596,0.8776999711990356
YJR121W,YCL017C,0,-0.6762509,0.08724134415388107,0.8389999866485596,0.8777999877929688
YEL056W,YGR092W,0,-0.6763316,0.08723226934671402,0.8389999866485596,0.8779000043869019
YIL101C,YOR380W,1,-0.67661154,0.08732716739177704,0.8399999737739563,0.8779000043869019
YPL171C,YIL160C,0,-0.676612,0.08731808513402939,0.8399999737739563,0.878000020980835
YLR423C,YPL097W,0,-0.6767599,0.08730901032686234,0.8399999737739563,0.8780999779701233
YDR045C,YGL008C,0,-0.67757577,0.08729993551969528,0.8399999737739563,0.8781999945640564
YFL005W,YJL134W,0,-0.6776153,0.08729086816310883,0.8399999737739563,0.8783000111579895
YNL046W,YJR077C,0,-0.67774767,0.08728179335594177,0.8399999737739563,0.8784000277519226
YMR246W,YNL209W,0,-0.6777565,0.08727272599935532,0.8399999737739563,0.8784999847412109
YGL219C,YPL200W,0,-0.677913,0.08726365864276886,0.8399999737739563,0.878600001335144
YDR328C,YDR512C,0,-0.6783114,0.087254598736763,0.8399999737739563,0.8787000179290771
YJL069C,YPR005C,0,-0.6785431,0.08724553138017654,0.8399999737739563,0.8787999749183655
YIR023W,YGR142W,0,-0.6785983,0.08723647147417068,0.8399999737739563,0.8788999915122986
YDR073W,YKL049C,0,-0.67864335,0.08722741156816483,0.8399999737739563,0.8790000081062317
YGL073W,YLR014C,1,-0.6789461,0.0873221904039383,0.8410000205039978,0.8790000081062317
YBR164C,YCR089W,0,-0.6791937,0.08731312304735184,0.8410000205039978,0.8791000247001648
YGR162W,YGL208W,0,-0.67940974,0.08730405569076538,0.8410000205039978,0.8791999816894531
YGR241C,YPL157W,0,-0.679675,0.08729499578475952,0.8410000205039978,0.8792999982833862
YNL008C,YNL245C,0,-0.67969185,0.08728593587875366,0.8410000205039978,0.8794000148773193
YML028W,YGR129W,0,-0.67969644,0.0872768759727478,0.8410000205039978,0.8794999718666077
YJR076C,YHR027C,0,-0.67985386,0.08726782351732254,0.8410000205039978,0.8795999884605408
YML129C,YIL066C,0,-0.6799291,0.08725877106189728,0.8410000205039978,0.8797000050544739
YIL119C,YDL047W,0,-0.6799537,0.08724971115589142,0.8410000205039978,0.879800021648407
YDL002C,YGR040W,0,-0.68020195,0.08724066615104675,0.8410000205039978,0.8798999786376953
YOL142W,YCL059C,0,-0.68031555,0.08723161369562149,0.8410000205039978,0.8799999952316284
YIL033C,YDR247W,0,-0.6805372,0.08722256869077682,0.8410000205039978,0.8801000118255615
YML123C,YML127W,0,-0.680596,0.08721352368593216,0.8410000205039978,0.8802000284194946
YBR030W,YPL161C,0,-0.6806134,0.0872044786810875,0.8410000205039978,0.880299985408783
YDL170W,YLR014C,1,-0.6809165,0.08729911595582962,0.8420000076293945,0.880299985408783
YHR026W,YJR069C,0,-0.6812374,0.08729007095098495,0.8420000076293945,0.8804000020027161
YBR214W,YMR234W,0,-0.6812425,0.08728101849555969,0.8420000076293945,0.8805000185966492
YGL254W,YMR136W,1,-0.6812964,0.08737561851739883,0.8429999947547913,0.8805000185966492
YNL206C,YPL243W,0,-0.68148464,0.08736656606197357,0.8429999947547913,0.8805999755859375
YKL081W,YOR239W,0,-0.68168336,0.08735751360654831,0.8429999947547913,0.8806999921798706
YBR173C,YPL169C,0,-0.6817433,0.08734846115112305,0.8429999947547913,0.8808000087738037
YGR253C,YPL181W,0,-0.6820449,0.08733940869569778,0.8429999947547913,0.8809000253677368
YOR150W,YJR047C,0,-0.6822552,0.08733036369085312,0.8429999947547913,0.8809999823570251
YBR280C,YMR211W,0,-0.6822722,0.08732131868600845,0.8429999947547913,0.8810999989509583
YKL064W,YDR512C,0,-0.68243676,0.08731227368116379,0.8429999947547913,0.8812000155448914
YDL007W,YIL016W,0,-0.6824689,0.08730322867631912,0.8429999947547913,0.8812999725341797
YMR037C,YDR151C,1,-0.68248934,0.0873977392911911,0.843999981880188,0.8812999725341797
YIL149C,YKL143W,0,-0.6825678,0.08738869428634644,0.843999981880188,0.8813999891281128
YOR224C,YHR053C,0,-0.6825859,0.08737964928150177,0.843999981880188,0.8815000057220459
YLR183C,YHR084W,1,-0.6825977,0.08747412264347076,0.8450000286102295,0.8815000057220459
YPL259C,YDR513W,0,-0.6827006,0.0874650627374649,0.8450000286102295,0.881600022315979
YDR365C,YCR071C,0,-0.6832475,0.08745601028203964,0.8450000286102295,0.8816999793052673
YAL044C,YDR194C,0,-0.68334,0.08744696527719498,0.8450000286102295,0.8817999958992004
YDR376W,YPL026C,0,-0.6834162,0.08743791282176971,0.8450000286102295,0.8819000124931335
YKL018W,YDL076C,0,-0.6839308,0.08742886781692505,0.8450000286102295,0.8820000290870667
YGL096W,YPL248C,1,-0.6840742,0.08752327412366867,0.8460000157356262,0.8820000290870667
YKL034W,YKL119C,0,-0.68414253,0.08751422166824341,0.8460000157356262,0.882099986076355
YDR085C,YGL208W,0,-0.6844155,0.08750516921281815,0.8460000157356262,0.8822000026702881
YGL049C,YLR015W,0,-0.6844881,0.08749612420797348,0.8460000157356262,0.8823000192642212
YGL068W,YHR027C,0,-0.68456346,0.08748707175254822,0.8460000157356262,0.8823999762535095
YDL170W,YBR297W,1,-0.68462735,0.08758142590522766,0.847000002861023,0.8823999762535095
YJL139C,YAL022C,0,-0.6846418,0.0875723734498024,0.847000002861023,0.8824999928474426
YFL031W,YOR380W,1,-0.68474835,0.08766669780015945,0.8479999899864197,0.8824999928474426
YDR388W,YGL169W,0,-0.6852032,0.0876576378941536,0.8479999899864197,0.8826000094413757
YER072W,YDR460W,0,-0.6852651,0.08764857798814774,0.8479999899864197,0.8827000260353088
YGL251C,YGR002C,0,-0.6855573,0.08763951808214188,0.8479999899864197,0.8827999830245972
YLR096W,YFR048W,0,-0.6856727,0.08763046562671661,0.8479999899864197,0.8828999996185303
YLR130C,YBL018C,0,-0.685759,0.08762140572071075,0.8479999899864197,0.8830000162124634
YIL014W,YGR220C,0,-0.6859862,0.08761235326528549,0.8479999899864197,0.8830999732017517
YGL169W,YLR048W,0,-0.6861766,0.08760330826044083,0.8479999899864197,0.8831999897956848
YJL039C,YNL177C,0,-0.6864908,0.08759425580501556,0.8479999899864197,0.8833000063896179
YPL112C,YPR198W,0,-0.6867262,0.0875852108001709,0.8479999899864197,0.883400022983551
YJR121W,YAR033W,0,-0.68678135,0.08757616579532623,0.8479999899864197,0.8834999799728394
YJL014W,YBR092C,0,-0.6870901,0.08756712079048157,0.8479999899864197,0.8835999965667725
YGR159C,YDR339C,0,-0.68729335,0.0875580757856369,0.8479999899864197,0.8837000131607056
YNL287W,YDR418W,0,-0.6873702,0.08754903823137283,0.8479999899864197,0.8838000297546387
YMR288W,YGL048C,0,-0.68739384,0.08754000067710876,0.8479999899864197,0.883899986743927
YMR149W,YDL198C,0,-0.68739605,0.0875309631228447,0.8479999899864197,0.8840000033378601
YGR041W,YKL049C,0,-0.6874116,0.08752193301916122,0.8479999899864197,0.8841000199317932
YBL078C,YDL024C,0,-0.6875687,0.08751290291547775,0.8479999899864197,0.8841999769210815
YOL086C,YLR153C,0,-0.68774307,0.08750387281179428,0.8479999899864197,0.8842999935150146
YDL051W,YLR221C,0,-0.6879352,0.08749484270811081,0.8479999899864197,0.8844000101089478
YLR148W,YLR067C,0,-0.6881149,0.08748581260442734,0.8479999899864197,0.8845000267028809
YNL153C,YMR263W,0,-0.68818915,0.08747678995132446,0.8479999899864197,0.8845999836921692
YGR009C,YOR025W,0,-0.68844306,0.08746776729822159,0.8479999899864197,0.8847000002861023
YNL339C,YDR329C,0,-0.6888244,0.08745874464511871,0.8479999899864197,0.8848000168800354
YDL155W,YCR034W,0,-0.68907726,0.08744972944259644,0.8479999899864197,0.8848999738693237
YOL102C,YMR288W,0,-0.6890823,0.08744070678949356,0.8479999899864197,0.8849999904632568
YDR216W,YPL248C,1,-0.6890918,0.08753480017185211,0.8489999771118164,0.8849999904632568
YLR026C,YML055W,0,-0.6891026,0.08752577006816864,0.8489999771118164,0.8851000070571899
YBR164C,YDR021W,0,-0.68920773,0.08751674741506577,0.8489999771118164,0.885200023651123
YLL031C,YDR179C,0,-0.6892405,0.08750773221254349,0.8489999771118164,0.8852999806404114
YNL201C,YGR270W,0,-0.6898024,0.08749870955944061,0.8489999771118164,0.8853999972343445
YKR003W,YOL090W,0,-0.6898538,0.08748969435691833,0.8489999771118164,0.8855000138282776
YLL012W,YOL005C,0,-0.69017917,0.08748067915439606,0.8489999771118164,0.8855999708175659
YNL242W,YGL113W,0,-0.6905379,0.08747166395187378,0.8489999771118164,0.885699987411499
YGR029W,YPR167C,0,-0.6905462,0.0874626561999321,0.8489999771118164,0.8858000040054321
YDR300C,YPL153C,0,-0.6905754,0.08745364844799042,0.8489999771118164,0.8859000205993652
YKL204W,YPR199C,0,-0.6908984,0.08744464069604874,0.8489999771118164,0.8859999775886536
YHL028W,YGR166W,0,-0.69092256,0.08743563294410706,0.8489999771118164,0.8860999941825867
YHR158C,YDR465C,0,-0.6910861,0.08742663264274597,0.8489999771118164,0.8862000107765198
YMR059W,YDR279W,0,-0.69132125,0.08741762489080429,0.8489999771118164,0.8863000273704529
YDR211W,YPR065W,0,-0.6916248,0.0874086245894432,0.8489999771118164,0.8863999843597412
YDR277C,YGL192W,0,-0.6918669,0.08739963173866272,0.8489999771118164,0.8865000009536743
YNL044W,YDR312W,0,-0.6920021,0.08739063143730164,0.8489999771118164,0.8866000175476074
YHR135C,YGL113W,0,-0.6923425,0.08738163858652115,0.8489999771118164,0.8866999745368958
YIL149C,YPR070W,0,-0.6924987,0.08737264573574066,0.8489999771118164,0.8867999911308289
YOR173W,YNL207W,0,-0.69250715,0.08736365288496017,0.8489999771118164,0.886900007724762
YFR001W,YLR028C,0,-0.69260484,0.08735466748476028,0.8489999771118164,0.8870000243186951
YER020W,YDR341C,0,-0.6926876,0.0873456820845604,0.8489999771118164,0.8870999813079834
YHR038W,YPR134W,0,-0.6929111,0.0873366966843605,0.8489999771118164,0.8871999979019165
YDL035C,YDR174W,0,-0.6930237,0.08732771128416061,0.8489999771118164,0.8873000144958496
YOR209C,YMR091C,0,-0.6934173,0.08731872588396072,0.8489999771118164,0.8873999714851379
YJL133W,YPR112C,0,-0.6935562,0.08730974793434143,0.8489999771118164,0.887499988079071
YIL128W,YDL150W,0,-0.693942,0.08730076998472214,0.8489999771118164,0.8876000046730042
YDR071C,YCR067C,0,-0.6939535,0.08729179203510284,0.8489999771118164,0.8877000212669373
YEL060C,YLR342W,0,-0.69396,0.08728282153606415,0.8489999771118164,0.8877999782562256
YOR305W,YDL243C,0,-0.693978,0.08727385103702545,0.8489999771118164,0.8878999948501587
YNL023C,YHR084W,1,-0.69416773,0.08736766129732132,0.8500000238418579,0.8878999948501587
YLL031C,YBL099W,0,-0.6942614,0.08735868334770203,0.8500000238418579,0.8880000114440918
YEL061C,YHR077C,0,-0.6942728,0.08734970539808273,0.8500000238418579,0.8881000280380249
YMR075W,YGR081C,0,-0.69432074,0.08734073489904404,0.8500000238418579,0.8881999850273132
YGR081C,YPR074C,0,-0.6943968,0.08733175694942474,0.8500000238418579,0.8883000016212463
YOR058C,YOR150W,0,-0.694586,0.08732278645038605,0.8500000238418579,0.8884000182151794
YOL129W,YMR273C,0,-0.6947693,0.08731381595134735,0.8500000238418579,0.8884999752044678
YOL003C,YBR223C,0,-0.69482744,0.08730484545230865,0.8500000238418579,0.8885999917984009
YPL179W,YPR163C,0,-0.6951104,0.08729588240385056,0.8500000238418579,0.888700008392334
YJL133W,YHR074W,0,-0.695335,0.08728691935539246,0.8500000238418579,0.8888000249862671
YIR022W,YGR162W,0,-0.6955122,0.08727795630693436,0.8500000238418579,0.8888999819755554
YNL001W,YDL194W,0,-0.6955368,0.08726899325847626,0.8500000238418579,0.8889999985694885
YGR227W,YGR276C,0,-0.69553834,0.08726003766059875,0.8500000238418579,0.8891000151634216
YML129C,YKL190W,0,-0.69565576,0.08725107461214066,0.8500000238418579,0.88919997215271
YPL208W,YDL145C,0,-0.6957373,0.08724211901426315,0.8500000238418579,0.8892999887466431
YHR070W,YPL208W,0,-0.6957476,0.08723317086696625,0.8500000238418579,0.8894000053405762
YBR002C,YDL008W,0,-0.69590104,0.08722421526908875,0.8500000238418579,0.8895000219345093
YJL058C,YIL019W,0,-0.69610375,0.08721526712179184,0.8500000238418579,0.8895999789237976
YLR361C,YDL081C,0,-0.6961721,0.08720631897449493,0.8500000238418579,0.8896999955177307
YPL010W,YOL060C,0,-0.6961806,0.08719737082719803,0.8500000238418579,0.8898000121116638
YJL058C,YDL235C,0,-0.69634104,0.08718843013048172,0.8500000238418579,0.8899000287055969
YOR014W,YLR355C,0,-0.69713825,0.08717948943376541,0.8500000238418579,0.8899999856948853
YDL120W,YOR321W,0,-0.69741434,0.0871705487370491,0.8500000238418579,0.8901000022888184
YNL239W,YLR248W,0,-0.6975544,0.0871616080403328,0.8500000238418579,0.8902000188827515
YER042W,YLR397C,0,-0.6976289,0.08715266734361649,0.8500000238418579,0.8902999758720398
YIL061C,YOL112W,0,-0.6980535,0.08714373409748077,0.8500000238418579,0.8903999924659729
YIL131C,YBR021W,0,-0.69829935,0.08713480085134506,0.8500000238418579,0.890500009059906
YNL023C,YPL133C,1,-0.69839567,0.08722837269306183,0.8510000109672546,0.890500009059906
YDL170W,YKL062W,1,-0.6984218,0.0873219221830368,0.8519999980926514,0.890500009059906
YJR160C,YPL135W,0,-0.69845825,0.0873129740357399,0.8519999980926514,0.8906000256538391
YCL054W,YOR120W,0,-0.69848937,0.087304025888443,0.8519999980926514,0.8906999826431274
YDR216W,YMR136W,1,-0.6985069,0.08739753812551498,0.8529999852180481,0.8906999826431274
YFR050C,YER143W,0,-0.69854844,0.08738858997821808,0.8529999852180481,0.8907999992370605
YCR071C,YOR319W,0,-0.6986968,0.08737963438034058,0.8529999852180481,0.8909000158309937
YER145C,YAL059W,0,-0.69907945,0.08737068623304367,0.8529999852180481,0.890999972820282
YNR023W,YGR230W,0,-0.69968206,0.08736173808574677,0.8529999852180481,0.8910999894142151
YLR071C,YDL102W,0,-0.69992906,0.08735278993844986,0.8529999852180481,0.8912000060081482
YCR028C,YNL264C,0,-0.7002541,0.08734384924173355,0.8529999852180481,0.8913000226020813
YBR102C,YDR432W,0,-0.7002556,0.08733490109443665,0.8529999852180481,0.8913999795913696
YOR045W,YNL153C,0,-0.7005828,0.08732596039772034,0.8529999852180481,0.8914999961853027
YGR159C,YLR423C,0,-0.700624,0.08731701970100403,0.8529999852180481,0.8916000127792358
YFR005C,YNR019W,0,-0.70067745,0.08730808645486832,0.8529999852180481,0.891700029373169
YMR188C,YDL217C,0,-0.700678,0.0872991532087326,0.8529999852180481,0.8917999863624573
YDR328C,YMR182C,0,-0.700716,0.0872902199625969,0.8529999852180481,0.8919000029563904
YOL004W,YDR172W,0,-0.70132494,0.08728128671646118,0.8529999852180481,0.8920000195503235
YOL003C,YER056C,0,-0.7013844,0.08727235347032547,0.8529999852180481,0.8920999765396118
YGL180W,YCR073W-A,0,-0.70140827,0.08726342767477036,0.8529999852180481,0.8921999931335449
YPL012W,YDL039C,0,-0.7014778,0.08725450187921524,0.8529999852180481,0.892300009727478
YDR009W,YPR199C,0,-0.70148176,0.08724557608366013,0.8529999852180481,0.8924000263214111
YMR161W,YKL017C,0,-0.7016322,0.08723665028810501,0.8529999852180481,0.8924999833106995
YIR004W,YJL115W,0,-0.70211214,0.0872277319431305,0.8529999852180481,0.8925999999046326
YOR067C,YBR274W,0,-0.70234877,0.08721881359815598,0.8529999852180481,0.8927000164985657
YDR312W,YMR241W,0,-0.7026452,0.08720989525318146,0.8529999852180481,0.892799973487854
YGR119C,YDR164C,0,-0.7028408,0.08720098435878754,0.8529999852180481,0.8928999900817871
YBR297W,YHR206W,1,-0.7029168,0.08729428797960281,0.8539999723434448,0.8928999900817871
YER018C,YPL271W,0,-0.70306784,0.0872853621840477,0.8539999723434448,0.8930000066757202
YGL022W,YBR158W,0,-0.7031264,0.08727644383907318,0.8539999723434448,0.8931000232696533
YDR407C,YOR002W,0,-0.7032959,0.08726752549409866,0.8539999723434448,0.8931999802589417
YPL128C,YJL110C,1,-0.7039419,0.08736078441143036,0.8550000190734863,0.8931999802589417
YCR052W,YMR290C,0,-0.70394504,0.08735185861587524,0.8550000190734863,0.8932999968528748
YER127W,YJL069C,0,-0.7040768,0.08734293282032013,0.8550000190734863,0.8934000134468079
YBR069C,YER068W,0,-0.70472765,0.08733401447534561,0.8550000190734863,0.8934999704360962
YOR335C,YNL186W,0,-0.70485693,0.0873250961303711,0.8550000190734863,0.8935999870300293
YLR154C,YDR207C,0,-0.7049112,0.08731617778539658,0.8550000190734863,0.8937000036239624
YLR020C,YJL201W,0,-0.7050402,0.08730725944042206,0.8550000190734863,0.8938000202178955
YJL054W,YDR092W,0,-0.7053924,0.08729834854602814,0.8550000190734863,0.8938999772071838
YKL057C,YPL040C,0,-0.7056392,0.08728943020105362,0.8550000190734863,0.8939999938011169
YKL064W,YPL177C,0,-0.70587915,0.0872805193066597,0.8550000190734863,0.89410001039505
YML001W,YKL144C,0,-0.7063406,0.08727161586284637,0.8550000190734863,0.8942000269889832
YBR048W,YJL192C,0,-0.70636135,0.08726270496845245,0.8550000190734863,0.8942999839782715
YOL066C,YNL188W,0,-0.70638746,0.08725380152463913,0.8550000190734863,0.8944000005722046
YER029C,YOR106W,0,-0.70644116,0.0872448980808258,0.8550000190734863,0.8945000171661377
YOL003C,YNL098C,0,-0.706582,0.08723599463701248,0.8550000190734863,0.894599974155426
YKL212W,YDR170C,0,-0.70662177,0.08722709864377975,0.8550000190734863,0.8946999907493591
YJR055W,YER167W,0,-0.70665115,0.08721819519996643,0.8550000190734863,0.8948000073432922
YDR058C,YKR097W,0,-0.7068544,0.0872092992067337,0.8550000190734863,0.8949000239372253
YPR102C,YOR307C,0,-0.7069277,0.08720041066408157,0.8550000190734863,0.8949999809265137
YBR037C,YDL045C,0,-0.70712584,0.08719151467084885,0.8550000190734863,0.8950999975204468
YFL022C,YNL066W,0,-0.7077833,0.08718262612819672,0.8550000190734863,0.8952000141143799
YLR183C,YIR013C,1,-0.7079595,0.08727569133043289,0.8560000061988831,0.8952000141143799
YMR267W,YLR043C,0,-0.70846117,0.08726679533720016,0.8560000061988831,0.8952999711036682
YHL009C,YIR013C,1,-0.7085464,0.08735983818769455,0.8569999933242798,0.8952999711036682
YGR161C,YPR005C,0,-0.7087509,0.08735093474388123,0.8569999933242798,0.8953999876976013
YDL195W,YLR314C,0,-0.7089066,0.0873420313000679,0.8569999933242798,0.8955000042915344
YGR145W,YHR082C,0,-0.70894057,0.08733312785625458,0.8569999933242798,0.8956000208854675
YIL101C,YDR151C,1,-0.70899945,0.08742612600326538,0.8579999804496765,0.8956000208854675
YMR234W,YGR211W,0,-0.70943516,0.08741721510887146,0.8579999804496765,0.8956999778747559
YCR047C,YBL039C,0,-0.70945233,0.08740831166505814,0.8579999804496765,0.895799994468689
YAL029C,YFL029C,0,-0.7097848,0.08739940822124481,0.8579999804496765,0.8959000110626221
YCL025C,YOL038W,0,-0.7099434,0.08739050477743149,0.8579999804496765,0.8960000276565552
YJL029C,YDR295C,0,-0.7099542,0.08738160878419876,0.8579999804496765,0.8960999846458435
YCR028C,YLR191W,0,-0.7100355,0.08737270534038544,0.8579999804496765,0.8962000012397766
YHR007C,YGL219C,0,-0.71020657,0.08736380934715271,0.8579999804496765,0.8963000178337097
YML057W,YGL192W,0,-0.71025884,0.08735492080450058,0.8579999804496765,0.896399974822998
YPL069C,YNL151C,0,-0.7102844,0.08734602481126785,0.8579999804496765,0.8964999914169312
YOR039W,YKL080W,0,-0.7103719,0.08733713626861572,0.8579999804496765,0.8966000080108643
YPL018W,YAR033W,0,-0.710481,0.08732824772596359,0.8579999804496765,0.8967000246047974
YER095W,YAL055W,0,-0.71055335,0.08731935918331146,0.8579999804496765,0.8967999815940857
YLR246W,YBR188C,0,-0.7106773,0.08731047064065933,0.8579999804496765,0.8968999981880188
YBL099W,YBR254C,0,-0.7107336,0.0873015895485878,0.8579999804496765,0.8970000147819519
YDR393W,YKL017C,0,-0.71082044,0.08729270845651627,0.8579999804496765,0.8970999717712402
YNL291C,YBR234C,0,-0.71082956,0.08728382736444473,0.8579999804496765,0.8971999883651733
YBR142W,YLR131C,0,-0.71088016,0.0872749462723732,0.8579999804496765,0.8973000049591064
YKL043W,YDR096W,1,-0.71097606,0.08736778050661087,0.859000027179718,0.8973000049591064
YHR197W,YMR246W,0,-0.71104777,0.08735889196395874,0.859000027179718,0.8974000215530396
YOR316C,YOL125W,0,-0.7111065,0.08735001087188721,0.859000027179718,0.8974999785423279
YGR072W,YNL008C,0,-0.71139294,0.08734112977981567,0.859000027179718,0.897599995136261
YCL044C,YDL231C,0,-0.71158546,0.08733224868774414,0.859000027179718,0.8977000117301941
YPL267W,YAL059W,0,-0.71175236,0.08732336759567261,0.859000027179718,0.8978000283241272
YHR005C-A,YNR026C,0,-0.71198183,0.08731449395418167,0.859000027179718,0.8978999853134155
YDR379W,YLR234W,0,-0.71210927,0.08730562031269073,0.859000027179718,0.8980000019073486
YML019W,YER056C,0,-0.7125681,0.0872967466711998,0.859000027179718,0.8981000185012817
YMR083W,YER146W,0,-0.7126475,0.08728788048028946,0.859000027179718,0.8981999754905701
YDR388W,YML028W,0,-0.71273065,0.08727900683879852,0.859000027179718,0.8982999920845032
YCL040W,YKL025C,0,-0.7127469,0.08727014064788818,0.859000027179718,0.8984000086784363
YGR033C,YDR473C,0,-0.7133733,0.08726127445697784,0.859000027179718,0.8985000252723694
YGL022W,YAR007C,0,-0.713751,0.0872524157166481,0.859000027179718,0.8985999822616577
YER107C,YOR198C,0,-0.7139357,0.08724354952573776,0.859000027179718,0.8986999988555908
YGR264C,YHR190W,0,-0.71400285,0.08723469078540802,0.859000027179718,0.8988000154495239
YHR026W,YGR177C,0,-0.71408814,0.08722583204507828,0.859000027179718,0.8988999724388123
YGR183C,YOL054W,0,-0.7141406,0.08721697330474854,0.859000027179718,0.8989999890327454
YDR058C,YHR016C,0,-0.71415764,0.08720812201499939,0.859000027179718,0.8991000056266785
YLR390W-A,YGL047W,0,-0.71425843,0.08719927072525024,0.859000027179718,0.8992000222206116
YOR064C,YEL016C,0,-0.7142995,0.0871904194355011,0.859000027179718,0.8992999792098999
YNL216W,YKL062W,1,-0.71434,0.08728305995464325,0.8600000143051147,0.8992999792098999
YML001W,YLR292C,0,-0.71439475,0.08727420121431351,0.8600000143051147,0.899399995803833
YGR161C,YNL261W,0,-0.7144938,0.08726534992456436,0.8600000143051147,0.8995000123977661
YGL171W,YKR029C,0,-0.71451014,0.08725649118423462,0.8600000143051147,0.8996000289916992
YIL052C,YER123W,0,-0.71457404,0.08724763989448547,0.8600000143051147,0.8996999859809875
YHR178W,YHR084W,1,-0.7147576,0.08734022825956345,0.8610000014305115,0.8996999859809875
YAL003W,YLR068W,0,-0.714766,0.0873313695192337,0.8610000014305115,0.8998000025749207
YNL113W,YOR100C,0,-0.7147955,0.08732251822948456,0.8610000014305115,0.8999000191688538
YLR447C,YPL234C,0,-0.71481806,0.08731365948915482,0.8610000014305115,0.8999999761581421
YDL135C,YBR173C,0,-0.7148394,0.08730480819940567,0.8610000014305115,0.9000999927520752
YGR163W,YGR008C,0,-0.7149337,0.08729595690965652,0.8610000014305115,0.9002000093460083
YBR065C,YJR021C,0,-0.71499413,0.08728710561990738,0.8610000014305115,0.9003000259399414
YOR187W,YJR093C,0,-0.71507436,0.08727825433015823,0.8610000014305115,0.9003999829292297
YPR176C,YJL201W,0,-0.71514976,0.08726941049098969,0.8610000014305115,0.9004999995231628
YJR010C-A,YGL229C,0,-0.7151907,0.08726056665182114,0.8610000014305115,0.900600016117096
YCR027C,YPR024W,0,-0.7156835,0.08725172281265259,0.8610000014305115,0.9006999731063843
YDR398W,YEL071W,0,-0.7157304,0.08724287897348404,0.8610000014305115,0.9007999897003174
YOR201C,YBR244W,0,-0.7157325,0.08723404258489609,0.8610000014305115,0.9009000062942505
YKL006C-A,YDL081C,0,-0.7158399,0.08722520619630814,0.8610000014305115,0.9010000228881836
YBR275C,YLR181C,0,-0.7161285,0.08721636980772018,0.8610000014305115,0.9010999798774719
YGR157W,YDR046C,0,-0.71613973,0.08720753341913223,0.8610000014305115,0.901199996471405
YKL060C,YNR048W,0,-0.7162048,0.08719870448112488,0.8610000014305115,0.9013000130653381
YDR077W,YOR319W,0,-0.71645147,0.08718987554311752,0.8610000014305115,0.9014000296592712
YNL002C,YLR172C,0,-0.71651614,0.08718104660511017,0.8610000014305115,0.9014999866485596
YCR073W-A,YLR360W,0,-0.7167877,0.08717221766710281,0.8610000014305115,0.9016000032424927
YOR116C,YNR047W,0,-0.71681166,0.08716339617967606,0.8610000014305115,0.9017000198364258
YDL148C,YPL086C,0,-0.7169289,0.0871545672416687,0.8610000014305115,0.9017999768257141
YHR178W,YFL031W,1,-0.71697897,0.08724696189165115,0.8619999885559082,0.9017999768257141
YDR123C,YGL150C,0,-0.71723974,0.0872381329536438,0.8619999885559082,0.9018999934196472
YML080W,YNL151C,0,-0.7173732,0.08722930401563644,0.8619999885559082,0.9020000100135803
YHR181W,YOR122C,0,-0.7174714,0.08722048252820969,0.8619999885559082,0.9021000266075134
YKL195W,YER143W,0,-0.7175886,0.08721165359020233,0.8619999885559082,0.9021999835968018
YGL087C,YLR135W,0,-0.7175999,0.08720283210277557,0.8619999885559082,0.9023000001907349
YPR183W,YPR041W,0,-0.71765447,0.08719401061534882,0.8619999885559082,0.902400016784668
YGL043W,YML124C,0,-0.7179771,0.08718518912792206,0.8619999885559082,0.9024999737739563
YBR170C,YMR290C,0,-0.7181285,0.0871763750910759,0.8619999885559082,0.9025999903678894
YJL045W,YLR248W,0,-0.71820587,0.08716756105422974,0.8619999885559082,0.9027000069618225
YLL034C,YJL111W,0,-0.71824026,0.08715874701738358,0.8619999885559082,0.9028000235557556
YHR178W,YOR032C,1,-0.7184083,0.08725103735923767,0.8629999756813049,0.9028000235557556
YJL125C,YPL163C,0,-0.7184099,0.08724221587181091,0.8629999756813049,0.902899980545044
YHR070W,YJL048C,0,-0.7184121,0.08723339438438416,0.8629999756813049,0.902999997138977
YDR385W,YJL026W,0,-0.71850836,0.087224580347538,0.8629999756813049,0.9031000137329102
YNL244C,YNL151C,0,-0.71878946,0.08721576631069183,0.8629999756813049,0.9031999707221985
YNL264C,YGR040W,0,-0.7190598,0.08720695227384567,0.8629999756813049,0.9032999873161316
YOR117W,YBR133C,0,-0.7192332,0.08719813823699951,0.8629999756813049,0.9034000039100647
YGL166W,YNL314W,0,-0.7197837,0.08718933165073395,0.8629999756813049,0.9035000205039978
YDL130W-A,YKL152C,0,-0.7199494,0.08718052506446838,0.8629999756813049,0.9035999774932861
YDL224C,YDR377W,0,-0.72005963,0.08717171847820282,0.8629999756813049,0.9036999940872192
YML075C,YHR172W,0,-0.7207211,0.08716291189193726,0.8629999756813049,0.9038000106811523
YLR048W,YLR191W,0,-0.7207876,0.08715411275625229,0.8629999756813049,0.9039000272750854
YPL135W,YNL294C,0,-0.7212141,0.08714530616998672,0.8629999756813049,0.9039999842643738
YLR016C,YOR328W,0,-0.72122663,0.08713650703430176,0.8629999756813049,0.9041000008583069
YNL282W,YDR052C,0,-0.72149104,0.08712771534919739,0.8629999756813049,0.90420001745224
YKR019C,YLR068W,0,-0.7216169,0.08711891621351242,0.8629999756813049,0.9042999744415283
YFR052W,YOR236W,0,-0.72165847,0.08711012452840805,0.8629999756813049,0.9043999910354614
YOR129C,YPL270W,0,-0.7216689,0.08710133284330368,0.8629999756813049,0.9045000076293945
YOR372C,YKL006C-A,0,-0.722073,0.08709254115819931,0.8629999756813049,0.9046000242233276
YKL043W,YMR016C,1,-0.72220737,0.08718466013669968,0.8640000224113464,0.9046000242233276
YGL211W,YMR239C,0,-0.72240406,0.0871758684515953,0.8640000224113464,0.904699981212616
YLL042C,YDR140W,0,-0.72283775,0.08716706931591034,0.8640000224113464,0.9047999978065491
YPR193C,YMR293C,0,-0.7231042,0.08715827763080597,0.8640000224113464,0.9049000144004822
YKL188C,YGL053W,0,-0.72311383,0.0871494859457016,0.8640000224113464,0.9049999713897705
YER041W,YNL274C,0,-0.723163,0.08714069426059723,0.8640000224113464,0.9050999879837036
YGR020C,YOR007C,0,-0.7232714,0.08713191002607346,0.8640000224113464,0.9052000045776367
YBR182C,YGR288W,1,-0.72331524,0.08722396194934845,0.8650000095367432,0.9052000045776367
YDR045C,YIL153W,0,-0.7234259,0.08721516281366348,0.8650000095367432,0.9053000211715698
YLR410W,YML038C,0,-0.72353745,0.08720637112855911,0.8650000095367432,0.9053999781608582
YPL267W,YBR275C,0,-0.72378236,0.08719757944345474,0.8650000095367432,0.9054999947547913
YMR097C,YGR213C,0,-0.7238963,0.08718878775835037,0.8650000095367432,0.9056000113487244
YNL227C,YJL072C,0,-0.7240599,0.0871800035238266,0.8650000095367432,0.9057000279426575
YEL061C,YGL029W,0,-0.7241265,0.08717121928930283,0.8650000095367432,0.9057999849319458
YKL146W,YGL205W,0,-0.72430897,0.08716243505477905,0.8650000095367432,0.9059000015258789
YDR116C,YGR133W,0,-0.72431904,0.08715365082025528,0.8650000095367432,0.906000018119812
YCR098C,YGR005C,0,-0.72437876,0.0871448740363121,0.8650000095367432,0.9060999751091003
YKL172W,YNL061W,0,-0.7244137,0.08713608980178833,0.8650000095367432,0.9061999917030334
YKL022C,YOR011W,0,-0.7245359,0.08712731301784515,0.8650000095367432,0.9063000082969666
YNL023C,YOR344C,1,-0.72464985,0.0872192531824112,0.8659999966621399,0.9063000082969666
YAL053W,YGL061C,0,-0.7246974,0.08721047639846802,0.8659999966621399,0.9064000248908997
YGL254W,YIL101C,1,-0.724763,0.08730238676071167,0.8669999837875366,0.9064000248908997
YBR182C,YHR206W,1,-0.7248914,0.08739428222179413,0.8679999709129333,0.9064000248908997
YER087C-B,YDL212W,0,-0.7249774,0.08738548308610916,0.8679999709129333,0.906499981880188
YNL169C,YBL082C,0,-0.725143,0.0873766839504242,0.8679999709129333,0.9065999984741211
YKL204W,YDR331W,0,-0.7251968,0.08736789226531982,0.8679999709129333,0.9067000150680542
YJL191W,YPL163C,0,-0.7252334,0.08735910058021545,0.8679999709129333,0.9067999720573425
YDR311W,YPR176C,0,-0.725298,0.08735030889511108,0.8679999709129333,0.9068999886512756
YCR037C,YDL017W,0,-0.7265159,0.08734151721000671,0.8679999709129333,0.9070000052452087
YPR200C,YOL115W,0,-0.72674984,0.08733273297548294,0.8679999709129333,0.9071000218391418
YMR308C,YOL080C,0,-0.7272097,0.08732394129037857,0.8679999709129333,0.9071999788284302
YGL173C,YPR198W,0,-0.72725177,0.0873151570558548,0.8679999709129333,0.9072999954223633
YNL001W,YLR330W,0,-0.7272866,0.08730638027191162,0.8679999709129333,0.9074000120162964
YJL104W,YBR048W,0,-0.72733957,0.08729759603738785,0.8679999709129333,0.9075000286102295
YBR297W,YML076C,1,-0.7273825,0.08738937973976135,0.8690000176429749,0.9075000286102295
YKR024C,YOL146W,0,-0.7276099,0.08738059550523758,0.8690000176429749,0.9075999855995178
YPR198W,YGR177C,0,-0.7278895,0.0873718112707138,0.8690000176429749,0.9077000021934509
YFR055W,YOR313C,0,-0.7279218,0.08736302703619003,0.8690000176429749,0.907800018787384
YDR260C,YDR207C,0,-0.7279323,0.08735424280166626,0.8690000176429749,0.9078999757766724
YNL186W,YHR111W,0,-0.7280122,0.08734545856714249,0.8690000176429749,0.9079999923706055
YCR048W,YPL031C,0,-0.7281055,0.08733668178319931,0.8690000176429749,0.9081000089645386
YHL002W,YML051W,0,-0.72814417,0.08732790499925613,0.8690000176429749,0.9082000255584717
YBL047C,YLR361C,0,-0.7283359,0.08731912821531296,0.8690000176429749,0.90829998254776
YHR133C,YPL221W,0,-0.72895294,0.08731035888195038,0.8690000176429749,0.9083999991416931
YML129C,YPL170W,0,-0.72999996,0.0873015895485878,0.8690000176429749,0.9085000157356262
YMR237W,YKL140W,0,-0.73006666,0.08729282021522522,0.8690000176429749,0.9085999727249146
YFR041C,YFL024C,0,-0.7302829,0.08728405088186264,0.8690000176429749,0.9086999893188477
YLR186W,YGL068W,0,-0.730317,0.08727528154850006,0.8690000176429749,0.9088000059127808
YDR216W,YPL133C,1,-0.7306296,0.08736693859100342,0.8700000047683716,0.9088000059127808
YOR081C,YBL082C,0,-0.7310323,0.08735816925764084,0.8700000047683716,0.9089000225067139
YGR267C,YLR452C,0,-0.73107797,0.08734939992427826,0.8700000047683716,0.9089999794960022
YNL117W,YOR106W,0,-0.7311718,0.08734063059091568,0.8700000047683716,0.9090999960899353
YNL256W,YDR477W,0,-0.7314612,0.0873318612575531,0.8700000047683716,0.9092000126838684
YML069W,YOR320C,0,-0.73151153,0.08732309192419052,0.8700000047683716,0.9093000292778015
YPL206C,YGR197C,0,-0.73152035,0.08731433004140854,0.8700000047683716,0.9093999862670898
YPL149W,YBR153W,0,-0.7315346,0.08730556815862656,0.8700000047683716,0.909500002861023
YGL151W,YER120W,0,-0.7315989,0.08729680627584457,0.8700000047683716,0.909600019454956
YMR016C,YMR037C,1,-0.7317843,0.08738838136196136,0.8709999918937683,0.909600019454956
YNL047C,YDR312W,0,-0.7321514,0.08737961202859879,0.8709999918937683,0.9096999764442444
YPR200C,YPR095C,0,-0.7324469,0.0873708501458168,0.8709999918937683,0.9097999930381775
YJL053W,YLR075W,0,-0.73267645,0.08736208826303482,0.8709999918937683,0.9099000096321106
YKR053C,YDR194C,0,-0.7327123,0.08735332638025284,0.8709999918937683,0.9100000262260437
YDR309C,YDR092W,0,-0.7327556,0.08734456449747086,0.8709999918937683,0.910099983215332
YLR175W,YLR229C,0,-0.73279434,0.08733581006526947,0.8709999918937683,0.9101999998092651
YPR018W,YPL217C,0,-0.7328749,0.08732704818248749,0.8709999918937683,0.9103000164031982
YGL096W,YMR136W,1,-0.7330365,0.08741854876279831,0.871999979019165,0.9103000164031982
YML098W,YOL072W,0,-0.73368114,0.08740978688001633,0.871999979019165,0.9103999733924866
YHR030C,YPR119W,0,-0.733728,0.08740102499723434,0.871999979019165,0.9104999899864197
YCL044C,YAL041W,0,-0.7339255,0.08739226311445236,0.871999979019165,0.9106000065803528
YMR016C,YGR249W,1,-0.734015,0.0874837189912796,0.8730000257492065,0.9106000065803528
YLR130C,YGR267C,0,-0.73430496,0.08747494965791702,0.8730000257492065,0.9107000231742859
YNR047W,YJL108C,0,-0.7343206,0.08746618777513504,0.8730000257492065,0.9107999801635742
YKL213C,YMR263W,0,-0.7343728,0.08745742589235306,0.8730000257492065,0.9108999967575073
YML075C,YOR321W,0,-0.73448426,0.08744866400957108,0.8730000257492065,0.9110000133514404
YCL029C,YDR176W,0,-0.7348812,0.08743990212678909,0.8730000257492065,0.9110999703407288
YMR238W,YLR048W,0,-0.7350966,0.08743114769458771,0.8730000257492065,0.9111999869346619
YLR265C,YNL015W,0,-0.7352428,0.08742239326238632,0.8730000257492065,0.911300003528595
YNR023W,YDR143C,0,-0.7353786,0.08741363883018494,0.8730000257492065,0.9114000201225281
YDR060W,YER056C,0,-0.7357164,0.08740488439798355,0.8730000257492065,0.9114999771118164
YGR095C,YPL015C,0,-0.73597115,0.08739613741636276,0.8730000257492065,0.9115999937057495
YCR082W,YBR040W,0,-0.73604006,0.08738739043474197,0.8730000257492065,0.9117000102996826
YHR061C,YNL079C,0,-0.7362261,0.08737864345312119,0.8730000257492065,0.9118000268936157
YLR328W,YBL090W,0,-0.7363474,0.0873698964715004,0.8730000257492065,0.911899983882904
YBR135W,YBR223C,0,-0.7363482,0.08736114948987961,0.8730000257492065,0.9120000004768372
YBR035C,YCR028C,0,-0.7365244,0.08735240995883942,0.8730000257492065,0.9121000170707703
YDL022W,YER009W,0,-0.7365356,0.08734367042779922,0.8730000257492065,0.9121999740600586
YPR183W,YDL040C,0,-0.73666316,0.08733493089675903,0.8730000257492065,0.9122999906539917
YER017C,YAR033W,0,-0.7369156,0.08732619881629944,0.8730000257492065,0.9124000072479248
YDL147W,YFL013C,0,-0.73695093,0.08731746673583984,0.8730000257492065,0.9125000238418579
YER095W,YJL133W,0,-0.7376731,0.08730872720479965,0.8730000257492065,0.9125999808311462
YDR484W,YNL156C,0,-0.73773795,0.08730000257492065,0.8730000257492065,0.9126999974250793
YNL061W,YPL026C,0,-0.7378044,0.08729127049446106,0.8730000257492065,0.9128000140190125
YBL061C,YCR067C,0,-0.7378159,0.08728254586458206,0.8730000257492065,0.9128999710083008
YDL090C,YNL261W,0,-0.7378853,0.08727382123470306,0.8730000257492065,0.9129999876022339
YAL007C,YKL119C,0,-0.73836035,0.08726509660482407,0.8730000257492065,0.913100004196167
YBL058W,YGR270W,0,-0.73838896,0.08725637197494507,0.8730000257492065,0.9132000207901001
YBR168W,YJR093C,0,-0.7384192,0.08724765479564667,0.8730000257492065,0.9132999777793884
YAL005C,YAL017W,0,-0.73861694,0.08723893016576767,0.8730000257492065,0.9133999943733215
YDR190C,YOR115C,0,-0.7386288,0.08723021298646927,0.8730000257492065,0.9135000109672546
YMR143W,YML091C,0,-0.7388937,0.08722150325775146,0.8730000257492065,0.9136000275611877
YIL149C,YGR179C,0,-0.7395366,0.08721278607845306,0.8730000257492065,0.9136999845504761
YOL115W,YDR488C,0,-0.739638,0.08720407634973526,0.8730000257492065,0.9138000011444092
YOR043W,YLR256W,0,-0.7399557,0.08719536662101746,0.8730000257492065,0.9139000177383423
YNL242W,YBR279W,0,-0.74037147,0.08718665689229965,0.8730000257492065,0.9139999747276306
YDR256C,YPR057W,0,-0.74043065,0.08717794716358185,0.8730000257492065,0.9140999913215637
YOR209C,YDR238C,0,-0.741023,0.08716924488544464,0.8730000257492065,0.9142000079154968
YGR159C,YOR018W,0,-0.74149185,0.08716054260730743,0.8730000257492065,0.9143000245094299
YPR051W,YGR230W,0,-0.74149746,0.08715184032917023,0.8730000257492065,0.9143999814987183
YAR014C,YJR077C,0,-0.74150187,0.08714314550161362,0.8730000257492065,0.9144999980926514
YER149C,YKL108W,0,-0.7415883,0.08713444322347641,0.8730000257492065,0.9146000146865845
YNL090W,YPL098C,0,-0.7416735,0.0871257483959198,0.8730000257492065,0.9146999716758728
YPL093W,YOL051W,0,-0.741775,0.08711705356836319,0.8730000257492065,0.9147999882698059
YCL031C,YHR055C,0,-0.74206,0.08710835874080658,0.8730000257492065,0.914900004863739
YOL121C,YOR267C,0,-0.7420986,0.08709967136383057,0.8730000257492065,0.9150000214576721
YLR051C,YHR200W,0,-0.7422572,0.08709098398685455,0.8730000257492065,0.9150999784469604
YDL145C,YDL226C,0,-0.74258167,0.08708229660987854,0.8730000257492065,0.9151999950408936
YDL064W,YHR190W,0,-0.7431595,0.08707360923290253,0.8730000257492065,0.9153000116348267
YOR133W,YPL086C,0,-0.7432366,0.08706492185592651,0.8730000257492065,0.9154000282287598
YOR127W,YHR204W,0,-0.74330914,0.0870562419295311,0.8730000257492065,0.9154999852180481
YER148W,YIL122W,0,-0.7433967,0.08704756200313568,0.8730000257492065,0.9156000018119812
YML109W,YEL062W,0,-0.7437251,0.08703888207674026,0.8730000257492065,0.9157000184059143
YOL011W,YOL125W,0,-0.7437811,0.08703020960092545,0.8730000257492065,0.9157999753952026
YOR098C,YNL159C,0,-0.74386513,0.08702152967453003,0.8730000257492065,0.9158999919891357
YER040W,YDR151C,1,-0.743984,0.08711253106594086,0.8740000128746033,0.9158999919891357
YKR028W,YKL015W,0,-0.7440245,0.08710384368896484,0.8740000128746033,0.9160000085830688
YBR059C,YPR165W,0,-0.7445817,0.08709516376256943,0.8740000128746033,0.916100025177002
YJL133W,YPR171W,0,-0.7447569,0.08708649128675461,0.8740000128746033,0.9161999821662903
YAL055W,YLL011W,0,-0.7452897,0.08707781136035919,0.8740000128746033,0.9162999987602234
YOL110W,YNL159C,0,-0.7453199,0.08706913888454437,0.8740000128746033,0.9164000153541565
YPR093C,YMR135C,0,-0.7454695,0.08706046640872955,0.8740000128746033,0.9164999723434448
YKL144C,YOR254C,0,-0.7456325,0.08705179393291473,0.8740000128746033,0.9165999889373779
YKL055C,YOR284W,0,-0.7461094,0.08704312145709991,0.8740000128746033,0.916700005531311
YGR078C,YIL097W,0,-0.7463594,0.08703445643186569,0.8740000128746033,0.9168000221252441
YKL110C,YPL232W,0,-0.7464476,0.08702579140663147,0.8740000128746033,0.9168999791145325
YPL259C,YML058W,0,-0.7465724,0.08701712638139725,0.8740000128746033,0.9169999957084656
YDR389W,YMR237W,0,-0.74662906,0.08700846135616302,0.8740000128746033,0.9171000123023987
YML067C,YLR048W,0,-0.7467892,0.0869998037815094,0.8740000128746033,0.9172000288963318
YNL290W,YLR052W,0,-0.7469791,0.08699113875627518,0.8740000128746033,0.9172999858856201
YBR172C,YER068W,0,-0.7470042,0.08698248118162155,0.8740000128746033,0.9174000024795532
YLR117C,YOR144C,0,-0.7471974,0.08697383105754852,0.8740000128746033,0.9175000190734863
YHR089C,YFL002C,0,-0.7473381,0.0869651734828949,0.8740000128746033,0.9175999760627747
YNL256W,YNL073W,0,-0.74750286,0.08695652335882187,0.8740000128746033,0.9176999926567078
YLR212C,YGL120C,0,-0.7476128,0.08694787323474884,0.8740000128746033,0.9178000092506409
YPL195W,YPL063W,0,-0.7476699,0.08693922311067581,0.8740000128746033,0.917900025844574
YBR161W,YMR014W,0,-0.7482121,0.08693057298660278,0.8740000128746033,0.9179999828338623
YKL204W,YMR293C,0,-0.7483339,0.08692193031311035,0.8740000128746033,0.9180999994277954
YOR064C,YNL317W,0,-0.7490075,0.08691328763961792,0.8740000128746033,0.9182000160217285
YNR038W,YGR123C,0,-0.74905324,0.08690464496612549,0.8740000128746033,0.9182999730110168
YDL128W,YDR280W,0,-0.74908257,0.08689600229263306,0.8740000128746033,0.91839998960495
YER040W,YDR216W,1,-0.7492558,0.08698678016662598,0.875,0.91839998960495
YJL138C,YOR123C,0,-0.7496068,0.08697813004255295,0.875,0.9185000061988831
YBR257W,YDR495C,0,-0.74963015,0.08696948736906052,0.875,0.9186000227928162
YHR052W,YCL017C,0,-0.7498135,0.08696084469556808,0.875,0.9186999797821045
YNL128W,YOR150W,0,-0.75003403,0.08695220202207565,0.875,0.9187999963760376
YMR037C,YIL101C,1,-0.7500784,0.0870429277420044,0.8759999871253967,0.9187999963760376
YIL149C,YPL063W,0,-0.7506735,0.08703427761793137,0.8759999871253967,0.9189000129699707
YOL072W,YKL035W,0,-0.7507619,0.08702562749385834,0.8759999871253967,0.9190000295639038
YGL173C,YBR234C,0,-0.75100666,0.0870169848203659,0.8759999871253967,0.9190999865531921
YGR261C,YGL142C,0,-0.7511874,0.08700834214687347,0.8759999871253967,0.9192000031471252
YHR107C,YOR310C,0,-0.75120026,0.08699969947338104,0.8759999871253967,0.9193000197410583
YBR130C,YJL192C,0,-0.7513661,0.08699106425046921,0.8759999871253967,0.9193999767303467
YIL128W,YPL122C,0,-0.7514133,0.08698242157697678,0.8759999871253967,0.9194999933242798
YBR002C,YPL110C,0,-0.75157505,0.08697378635406494,0.8759999871253967,0.9196000099182129
YLL040C,YOR178C,0,-0.75191253,0.0869651511311531,0.8759999871253967,0.919700026512146
YML011C,YDR022C,0,-0.7520089,0.08695652335882187,0.8759999871253967,0.9197999835014343
YDL159W,YOR213C,0,-0.75218886,0.08694788813591003,0.8759999871253967,0.9199000000953674
YDR052C,YHR065C,0,-0.7524832,0.0869392603635788,0.8759999871253967,0.9200000166893005
YHR007C,YBL057C,0,-0.75272083,0.08693063259124756,0.8759999871253967,0.9200999736785889
YER161C,YDR279W,0,-0.7527471,0.08692200481891632,0.8759999871253967,0.920199990272522
YBR278W,YMR022W,0,-0.7529017,0.08691338449716568,0.8759999871253967,0.9203000068664551
YDR330W,YDR297W,0,-0.75326884,0.08690476417541504,0.8759999871253967,0.9204000234603882
YGL073W,YOR344C,1,-0.7533456,0.08699534088373184,0.8769999742507935,0.9204000234603882
YDL051W,YBR077C,0,-0.7535748,0.08698670566082001,0.8769999742507935,0.9204999804496765
YOR081C,YPR016C,0,-0.7538443,0.08697808533906937,0.8769999742507935,0.9205999970436096
YPR173C,YOR355W,0,-0.7538645,0.08696945756673813,0.8769999742507935,0.9207000136375427
YGR085C,YPR139C,0,-0.753942,0.08696082979440689,0.8769999742507935,0.920799970626831
YOR085W,YJL121C,0,-0.7539738,0.08695220947265625,0.8769999742507935,0.9208999872207642
YFL055W,YOR178C,0,-0.7541488,0.08694358915090561,0.8769999742507935,0.9210000038146973
YER183C,YKR027W,0,-0.75418943,0.08693496882915497,0.8769999742507935,0.9211000204086304
YDR484W,YOR229W,0,-0.75450265,0.08692635595798492,0.8769999742507935,0.9211999773979187
YLR357W,YNL102W,0,-0.75468016,0.08691774308681488,0.8769999742507935,0.9212999939918518
YGR171C,YPR186C,0,-0.75478274,0.08690913021564484,0.8769999742507935,0.9214000105857849
YOR236W,YOR103C,0,-0.75526565,0.08690051734447479,0.8769999742507935,0.921500027179718
YIL142W,YLR384C,0,-0.75528866,0.08689190447330475,0.8769999742507935,0.9215999841690063
YJL029C,YPL243W,0,-0.7555681,0.0868832990527153,0.8769999742507935,0.9217000007629395
YNL090W,YOL002C,0,-0.7559354,0.08687469363212585,0.8769999742507935,0.9218000173568726
YKR067W,YFR002W,0,-0.7559471,0.08686608821153641,0.8769999742507935,0.9218999743461609
YOR116C,YPL146C,0,-0.75629854,0.08685748279094696,0.8769999742507935,0.921999990940094
YLR293C,YMR260C,0,-0.7563577,0.08684887737035751,0.8769999742507935,0.9221000075340271
YJL058C,YDR179C,0,-0.7563793,0.08684027940034866,0.8769999742507935,0.9222000241279602
YDR151C,YPL133C,1,-0.75642884,0.08693069219589233,0.878000020980835,0.9222000241279602
YNL287W,YLR009W,0,-0.7567479,0.08692208677530289,0.878000020980835,0.9222999811172485
YLR115W,YBR048W,0,-0.75775117,0.08691348135471344,0.878000020980835,0.9223999977111816
YDL017W,YDL077C,0,-0.7582794,0.08690488338470459,0.878000020980835,0.9225000143051147
YJR063W,YGL122C,0,-0.7582821,0.08689627796411514,0.878000020980835,0.9225999712944031
YOR346W,YLR191W,0,-0.7583234,0.08688767999410629,0.878000020980835,0.9226999878883362
YKL204W,YLR109W,0,-0.7583855,0.08687908202409744,0.878000020980835,0.9228000044822693
YMR246W,YLR084C,0,-0.7585258,0.08687048405408859,0.878000020980835,0.9229000210762024
YIL018W,YDL102W,0,-0.7588709,0.08686189353466034,0.878000020980835,0.9229999780654907
YDL213C,YOR250C,0,-0.7589924,0.08685329556465149,0.878000020980835,0.9230999946594238
YDR375C,YIR023W,0,-0.75944805,0.08684470504522324,0.878000020980835,0.9232000112533569
YBL079W,YDR477W,0,-0.7594603,0.08683612197637558,0.878000020980835,0.92330002784729
YOR057W,YBR296C,0,-0.759686,0.08682753145694733,0.878000020980835,0.9233999848365784
YNL023C,YMR136W,1,-0.7600785,0.08691782504320145,0.8790000081062317,0.9233999848365784
YKL112W,YBR297W,1,-0.76016027,0.08700811117887497,0.8799999952316284,0.9233999848365784
YOR294W,YKL150W,0,-0.76040107,0.08699950575828552,0.8799999952316284,0.9235000014305115
YDR151C,YKL062W,1,-0.7606047,0.08708976209163666,0.8809999823570251,0.9235000014305115
YDL197C,YGR033C,0,-0.7609016,0.08708114922046661,0.8809999823570251,0.9236000180244446
YDR469W,YPL271W,0,-0.7610095,0.08707254379987717,0.8809999823570251,0.9236999750137329
YJL115W,YHR069C,0,-0.76111203,0.08706393837928772,0.8809999823570251,0.923799991607666
YER040W,YPL248C,1,-0.7612843,0.08715415000915527,0.8820000290870667,0.923799991607666
YDR300C,YGR046W,0,-0.76185095,0.08714553713798523,0.8820000290870667,0.9239000082015991
YGR229C,YNL112W,0,-0.761865,0.08713693171739578,0.8820000290870667,0.9240000247955322
YKR063C,YJL166W,0,-0.7620392,0.08712831884622574,0.8820000290870667,0.9240999817848206
YOL010W,YNL273W,0,-0.7620415,0.08711971342563629,0.8820000290870667,0.9241999983787537
YPL217C,YDL165W,0,-0.7622434,0.08711110800504684,0.8820000290870667,0.9243000149726868
YLR403W,YPL133C,1,-0.7623692,0.08720126748085022,0.8830000162124634,0.9243000149726868
YGR078C,YDR488C,0,-0.7625774,0.08719265460968018,0.8830000162124634,0.9243999719619751
YKL204W,YMR309C,0,-0.76269794,0.08718404173851013,0.8830000162124634,0.9244999885559082
YPL154C,YGL211W,0,-0.7629907,0.08717543631792068,0.8830000162124634,0.9246000051498413
YKL108W,YDR163W,0,-0.76321864,0.08716683089733124,0.8830000162124634,0.9247000217437744
YDR255C,YCL017C,0,-0.76324743,0.08715822547674179,0.8830000162124634,0.9247999787330627
YML120C,YPR120C,0,-0.76336217,0.08714962750673294,0.8830000162124634,0.9248999953269958
YJL091C,YAL022C,0,-0.7637532,0.0871410220861435,0.8830000162124634,0.925000011920929
YDR296W,YDL081C,0,-0.7638236,0.08713242411613464,0.8830000162124634,0.9251000285148621
YMR231W,YLL011W,0,-0.7639408,0.0871238261461258,0.8830000162124634,0.9251999855041504
YJL134W,YGR077C,0,-0.76408607,0.08711523562669754,0.8830000162124634,0.9253000020980835
YOL122C,YPL262W,0,-0.7641148,0.08710663765668869,0.8830000162124634,0.9254000186920166
YKR028W,YNL327W,0,-0.7643285,0.08709804713726044,0.8830000162124634,0.9254999756813049
YPL171C,YGL061C,0,-0.76495653,0.08708945661783218,0.8830000162124634,0.925599992275238
YPL128C,YHR206W,1,-0.76512223,0.08717948943376541,0.8840000033378601,0.925599992275238
YBR038W,YGR104C,0,-0.76552504,0.08717089146375656,0.8840000033378601,0.9257000088691711
YLR403W,YFL031W,1,-0.766097,0.0872608944773674,0.8849999904632568,0.9257000088691711
YAL009W,YBR267W,0,-0.76614887,0.08725228905677795,0.8849999904632568,0.9258000254631042
YOR315W,YNL113W,0,-0.7663615,0.0872436910867691,0.8849999904632568,0.9258999824523926
YNL291C,YOR315W,0,-0.7666886,0.08723509311676025,0.8849999904632568,0.9259999990463257
YHR061C,YNL051W,0,-0.7668492,0.0872264951467514,0.8849999904632568,0.9261000156402588
YNR033W,YKL150W,0,-0.7669295,0.08721789717674255,0.8849999904632568,0.9261999726295471
YDR085C,YDL081C,0,-0.76751584,0.0872092992067337,0.8849999904632568,0.9262999892234802
YDR216W,YJL110C,1,-0.76753384,0.08729924261569977,0.8859999775886536,0.9262999892234802
YGR033C,YBR169C,0,-0.76763093,0.08729063719511032,0.8859999775886536,0.9264000058174133
YDR123C,YDL216C,0,-0.76790386,0.08728203922510147,0.8859999775886536,0.9265000224113464
YBR185C,YOR270C,0,-0.76819843,0.08727344125509262,0.8859999775886536,0.9265999794006348
YDL145C,YDL093W,0,-0.76841,0.08726485073566437,0.8859999775886536,0.9266999959945679
YDR309C,YMR058W,0,-0.76884365,0.08725625276565552,0.8859999775886536,0.926800012588501
YDL192W,YDR172W,0,-0.7690017,0.08724766224622726,0.8859999775886536,0.9269000291824341
YNL054W,YLR248W,0,-0.7692304,0.08723907172679901,0.8859999775886536,0.9269999861717224
YDR381W,YDR414C,0,-0.76931995,0.08723048120737076,0.8859999775886536,0.9271000027656555
YDL200C,YDR337W,0,-0.7694969,0.0872218906879425,0.8859999775886536,0.9272000193595886
YPR112C,YJL115W,0,-0.76975733,0.08721330761909485,0.8859999775886536,0.927299976348877
YDR083W,YDR337W,0,-0.76985544,0.08720472455024719,0.8859999775886536,0.9273999929428101
YNL090W,YPR030W,0,-0.7699158,0.08719614148139954,0.8859999775886536,0.9275000095367432
YOR373W,YML097C,0,-0.7699936,0.08718755841255188,0.8859999775886536,0.9276000261306763
YDL092W,YPL135W,0,-0.7700364,0.08717898279428482,0.8859999775886536,0.9276999831199646
YER036C,YOL100W,0,-0.77062964,0.08717040717601776,0.8859999775886536,0.9277999997138977
YML112W,YDR097C,0,-0.77067924,0.0871618315577507,0.8859999775886536,0.9279000163078308
YDR097C,YBR034C,0,-0.771537,0.08715325593948364,0.8859999775886536,0.9279999732971191
YIL101C,YMR136W,1,-0.771599,0.08724304288625717,0.8870000243186951,0.9279999732971191
YGR245C,YBL047C,0,-0.7719619,0.08723445981740952,0.8870000243186951,0.9280999898910522
YLR221C,YNL138W,0,-0.77201545,0.08722588419914246,0.8870000243186951,0.9282000064849854
YDL159W,YMR182C,0,-0.7723895,0.0872173085808754,0.8870000243186951,0.9283000230789185
YER133W,YNL267W,0,-0.77246124,0.08720873296260834,0.8870000243186951,0.9283999800682068
YNL216W,YGL096W,1,-0.772487,0.08729846775531769,0.8880000114440918,0.9283999800682068
YBR297W,YGL073W,1,-0.77253646,0.08738818764686584,0.8889999985694885,0.9283999800682068
YDL036C,YBR188C,0,-0.7726528,0.08737959712743759,0.8889999985694885,0.9284999966621399
YHR062C,YPL086C,0,-0.7727978,0.08737100660800934,0.8889999985694885,0.928600013256073
YER112W,YER068W,0,-0.7729433,0.08736242353916168,0.8889999985694885,0.9286999702453613
YOR113W,YGR024C,0,-0.77295876,0.08735384047031403,0.8889999985694885,0.9287999868392944
YHR175W,YDL079C,0,-0.77299625,0.08734525740146637,0.8889999985694885,0.9289000034332275
YDR296W,YNL123W,0,-0.7730043,0.08733667433261871,0.8889999985694885,0.9290000200271606
YOR150W,YJL145W,0,-0.7735676,0.08732809126377106,0.8889999985694885,0.929099977016449
YPL058C,YLL034C,0,-0.7736444,0.087319515645504,0.8889999985694885,0.9291999936103821
YIL101C,YPL133C,1,-0.77407855,0.08740915358066559,0.8899999856948853,0.9291999936103821
YMR022W,YOR039W,0,-0.7745122,0.08740057051181793,0.8899999856948853,0.9293000102043152
YPL060W,YOR185C,0,-0.7746742,0.08739198744297028,0.8899999856948853,0.9294000267982483
YNL023C,YGL073W,1,-0.77480865,0.08748158812522888,0.890999972820282,0.9294000267982483
YCR033W,YMR239C,0,-0.7753609,0.08747300505638123,0.890999972820282,0.9294999837875366
YER106W,YDR231C,0,-0.775383,0.08746441453695297,0.890999972820282,0.9296000003814697
YHR165C,YBR215W,0,-0.77548116,0.08745583146810532,0.890999972820282,0.9297000169754028
YDR216W,YGR249W,1,-0.77580374,0.08754539489746094,0.8920000195503235,0.9297000169754028
YMR083W,YGR220C,0,-0.775882,0.08753680437803268,0.8920000195503235,0.9297999739646912
YGL047W,YDR465C,0,-0.77647245,0.08752821385860443,0.8920000195503235,0.9298999905586243
YDR216W,YOR344C,1,-0.7766772,0.08761774003505707,0.8930000066757202,0.9298999905586243
YMR212C,YMR241W,0,-0.7768173,0.08760914206504822,0.8930000066757202,0.9300000071525574
YDR449C,YKL193C,0,-0.77696705,0.08760055154561996,0.8930000066757202,0.9301000237464905
YGR279C,YGR185C,0,-0.7772685,0.08759195357561111,0.8930000066757202,0.9301999807357788
YML120C,YER038C,0,-0.7776213,0.08758336305618286,0.8930000066757202,0.9302999973297119
YNR038W,YJL164C,0,-0.77794725,0.0875747799873352,0.8930000066757202,0.930400013923645
YJL042W,YGL038C,0,-0.7782575,0.08756618946790695,0.8930000066757202,0.9304999709129333
YOL068C,YFL033C,0,-0.77866983,0.0875576063990593,0.8930000066757202,0.9305999875068665
YEL053C,YOR030W,0,-0.778847,0.08754902333021164,0.8930000066757202,0.9307000041007996
YPL010W,YIL023C,0,-0.7790117,0.08754044026136398,0.8930000066757202,0.9308000206947327
YNL282W,YKL002W,0,-0.7790487,0.08753185719251633,0.8930000066757202,0.930899977684021
YDR087C,YGL168W,0,-0.7791572,0.08752327412366867,0.8930000066757202,0.9309999942779541
YKL101W,YDR507C,0,-0.7795736,0.08751469850540161,0.8930000066757202,0.9311000108718872
YLR459W,YKL018W,0,-0.77988964,0.08750612288713455,0.8930000066757202,0.9312000274658203
YPL128C,YKL062W,1,-0.78079826,0.08759552985429764,0.8939999938011169,0.9312000274658203
YKL194C,YIL065C,0,-0.78099775,0.08758694678544998,0.8939999938011169,0.9312999844551086
YHL036W,YNL072W,0,-0.78171897,0.08757837116718292,0.8939999938011169,0.9314000010490417
YML008C,YER161C,0,-0.78187907,0.08756978809833527,0.8939999938011169,0.9315000176429749
YDL020C,YJL110C,1,-0.781899,0.08765915781259537,0.8949999809265137,0.9315000176429749
YLR361C,YOR026W,0,-0.7821221,0.08765057474374771,0.8949999809265137,0.9315999746322632
YBR058C,YGR074W,0,-0.7822955,0.08764199167490005,0.8949999809265137,0.9316999912261963
YIR011C,YNL242W,0,-0.7829968,0.0876334086060524,0.8949999809265137,0.9318000078201294
YOL082W,YDR168W,0,-0.7835588,0.08762482553720474,0.8949999809265137,0.9319000244140625
YNL259C,YJR077C,0,-0.7835837,0.08761624991893768,0.8949999809265137,0.9319999814033508
YMR214W,YGR279C,0,-0.7839153,0.08760767430067062,0.8949999809265137,0.9320999979972839
YHR165C,YLL061W,0,-0.78401893,0.08759909868240356,0.8949999809265137,0.932200014591217
YDL088C,YGR177C,0,-0.7849299,0.0875905230641365,0.8949999809265137,0.9322999715805054
YOR040W,YHR015W,0,-0.78522587,0.08758195489645004,0.8949999809265137,0.9323999881744385
YGR152C,YDR460W,0,-0.7855442,0.08757338672876358,0.8949999809265137,0.9325000047683716
YPL169C,YNL177C,0,-0.78577137,0.08756481856107712,0.8949999809265137,0.9326000213623047
YPL130W,YPL139C,0,-0.785825,0.08755625039339066,0.8949999809265137,0.932699978351593
YBR207W,YBR162C,0,-0.78611344,0.08754768967628479,0.8949999809265137,0.9327999949455261
YHR007C,YDR272W,0,-0.786225,0.08753912150859833,0.8949999809265137,0.9329000115394592
YEL061C,YKL079W,0,-0.7863436,0.08753056079149246,0.8949999809265137,0.9330000281333923
YJL115W,YML124C,0,-0.78661394,0.0875220000743866,0.8949999809265137,0.9330999851226807
YGL049C,YER012W,0,-0.7866766,0.08751344680786133,0.8949999809265137,0.9332000017166138
YML059C,YKL057C,0,-0.78695166,0.08750488609075546,0.8949999809265137,0.9333000183105469
YBR161W,YBR170C,0,-0.787342,0.0874963328242302,0.8949999809265137,0.9333999752998352
YIR004W,YKL019W,0,-0.78775346,0.08748777955770493,0.8949999809265137,0.9334999918937683
YLR008C,YOL124C,0,-0.7877708,0.08747922629117966,0.8949999809265137,0.9336000084877014
YER120W,YBL099W,0,-0.7881925,0.08747068047523499,0.8949999809265137,0.9337000250816345
YMR308C,YBR257W,0,-0.78839165,0.08746213465929031,0.8949999809265137,0.9337999820709229
YMR079W,YPR023C,0,-0.78855336,0.08745358884334564,0.8949999809265137,0.933899998664856
YBR280C,YMR182C,0,-0.7890791,0.08744504302740097,0.8949999809265137,0.9340000152587891
YPL012W,YNR046W,0,-0.78987247,0.0874364972114563,0.8949999809265137,0.9340999722480774
YDR174W,YPL224C,0,-0.7899653,0.08742795884609222,0.8949999809265137,0.9341999888420105
YDL051W,YBR143C,0,-0.78999835,0.08741942048072815,0.8949999809265137,0.9343000054359436
YGR063C,YML067C,0,-0.7907136,0.08741088211536407,0.8949999809265137,0.9344000220298767
YMR119W,YDL226C,0,-0.7911075,0.08740234375,0.8949999809265137,0.934499979019165
YJL165C,YDR334W,0,-0.79125667,0.08739381283521652,0.8949999809265137,0.9345999956130981
YPL094C,YBR192W,0,-0.7912649,0.08738527446985245,0.8949999809265137,0.9347000122070312
YDL130W,YLR066W,0,-0.7912988,0.08737674355506897,0.8949999809265137,0.9348000288009644
YMR016C,YPL128C,1,-0.79191095,0.08746583014726639,0.8960000276565552,0.9348000288009644
YMR179W,YBL004W,0,-0.7919912,0.08745729923248291,0.8960000276565552,0.9348999857902527
YHL036W,YDR436W,0,-0.79205227,0.08744876086711884,0.8960000276565552,0.9350000023841858
YDL195W,YNL261W,0,-0.79211867,0.08744022995233536,0.8960000276565552,0.9351000189781189
YJL093C,YIL065C,0,-0.7928236,0.08743169158697128,0.8960000276565552,0.9351999759674072
YLR067C,YOR319W,0,-0.79327977,0.0874231606721878,0.8960000276565552,0.9352999925613403
YPR103W,YDL052C,0,-0.7933073,0.08741463720798492,0.8960000276565552,0.9354000091552734
YEL066W,YER044C,0,-0.79338133,0.08740610629320145,0.8960000276565552,0.9355000257492065
YOR344C,YHR206W,1,-0.7935985,0.08749512583017349,0.8970000147819519,0.9355000257492065
YNL084C,YOR150W,0,-0.7938482,0.08748658746480942,0.8970000147819519,0.9355999827384949
YPR102C,YOR241W,0,-0.7939637,0.08747805655002594,0.8970000147819519,0.935699999332428
YOR018W,YDR281C,0,-0.79421276,0.08746952563524246,0.8970000147819519,0.9358000159263611
YNL216W,YPL133C,1,-0.79446584,0.08755850046873093,0.8980000019073486,0.9358000159263611
YPL160W,YGR279C,0,-0.79450214,0.08754996955394745,0.8980000019073486,0.9358999729156494
YDR494W,YGR046W,0,-0.79490584,0.08754143118858337,0.8980000019073486,0.9359999895095825
YOR310C,YLR009W,0,-0.7949771,0.0875329002737999,0.8980000019073486,0.9361000061035156
YGL219C,YKL165C,0,-0.7950117,0.08752436935901642,0.8980000019073486,0.9362000226974487
YGR030C,YBL078C,0,-0.7951027,0.08751583844423294,0.8980000019073486,0.9362999796867371
YJL005W,YPR023C,0,-0.7956397,0.08750730752944946,0.8980000019073486,0.9363999962806702
YKL034W,YER159C,0,-0.7957167,0.08749878406524658,0.8980000019073486,0.9365000128746033
YFL045C,YHR026W,0,-0.79597837,0.0874902606010437,0.8980000019073486,0.9366000294685364
YDR211W,YFL038C,0,-0.7961111,0.08748173713684082,0.8980000019073486,0.9366999864578247
YBR129C,YJL208C,0,-0.7963845,0.08747321367263794,0.8980000019073486,0.9368000030517578
YGR089W,YNL053W,0,-0.7965575,0.08746469020843506,0.8980000019073486,0.9369000196456909
YML060W,YBR143C,0,-0.79658145,0.08745617419481277,0.8980000019073486,0.9369999766349792
YBR164C,YHR039C,0,-0.7968195,0.08744765818119049,0.8980000019073486,0.9370999932289124
YGR253C,YGR183C,0,-0.7968264,0.0874391421675682,0.8980000019073486,0.9372000098228455
YKR067W,YOR133W,0,-0.79709655,0.08743063360452652,0.8980000019073486,0.9373000264167786
YPL106C,YHR091C,0,-0.7974044,0.08742211759090424,0.8980000019073486,0.9373999834060669
YGL005C,YDL088C,0,-0.7976307,0.08741360902786255,0.8980000019073486,0.9375
YIL061C,YDL223C,0,-0.79808384,0.08740510046482086,0.8980000019073486,0.9376000165939331
YGR169C,YEL016C,0,-0.7984932,0.08739659190177917,0.8980000019073486,0.9376999735832214
YDR038C,YBL047C,0,-0.7986176,0.08738809078931808,0.8980000019073486,0.9377999901771545
YAL031C,YGR270W,0,-0.7989695,0.0873795822262764,0.8980000019073486,0.9379000067710876
YDR077W,YIL065C,0,-0.8003989,0.08737108111381531,0.8980000019073486,0.9380000233650208
YJL110C,YDR501W,1,-0.801218,0.08745986968278885,0.8989999890327454,0.9380000233650208
YBR132C,YMR167W,0,-0.8014174,0.08745136111974716,0.8989999890327454,0.9380999803543091
YML011C,YPR024W,0,-0.80143064,0.08744285255670547,0.8989999890327454,0.9381999969482422
YKL026C,YMR179W,0,-0.8015279,0.08743435144424438,0.8989999890327454,0.9383000135421753
YKL058W,YIL034C,0,-0.80160636,0.0874258503317833,0.8989999890327454,0.9383999705314636
YMR104C,YPR186C,0,-0.8020181,0.0874173492193222,0.8989999890327454,0.9384999871253967
YCL029C,YDR453C,0,-0.8025023,0.08740884810686111,0.8989999890327454,0.9386000037193298
YJL125C,YLR167W,0,-0.8028583,0.08740034699440002,0.8989999890327454,0.9387000203132629
YMR016C,YLR183C,1,-0.80288,0.0874890610575676,0.8999999761581421,0.9387000203132629
YNL128W,YMR041C,0,-0.80304545,0.0874805599451065,0.8999999761581421,0.9387999773025513
YLR371W,YOR043W,0,-0.8032362,0.08747205883264542,0.8999999761581421,0.9388999938964844
YHR016C,YGR267C,0,-0.8037009,0.08746355772018433,0.8999999761581421,0.9390000104904175
YMR219W,YGR286C,0,-0.8038495,0.08745505660772324,0.8999999761581421,0.9391000270843506
YHR041C,YNL082W,0,-0.80409026,0.08744656294584274,0.8999999761581421,0.9391999840736389
YDL055C,YNL248C,0,-0.80431235,0.08743806183338165,0.8999999761581421,0.939300000667572
YBR162C,YKL120W,0,-0.8044722,0.08742956817150116,0.8999999761581421,0.9394000172615051
YOR099W,YHR190W,0,-0.8053685,0.08742107450962067,0.8999999761581421,0.9394999742507935
YGL073W,YMR136W,1,-0.8071906,0.08750971406698227,0.9010000228881836,0.9394999742507935
YLL035W,YGR088W,0,-0.80719835,0.08750121295452118,0.9010000228881836,0.9395999908447266
YML120C,YNL116W,0,-0.80797225,0.08749271929264069,0.9010000228881836,0.9397000074386597
YJL183W,YGL068W,0,-0.8083466,0.0874842181801796,0.9010000228881836,0.9398000240325928
YLR277C,YBR105C,0,-0.8084257,0.0874757245182991,0.9010000228881836,0.9398999810218811
YDR392W,YLR007W,0,-0.80852365,0.0874672383069992,0.9010000228881836,0.9399999976158142
YHR118C,YJL203W,0,-0.8085435,0.08745874464511871,0.9010000228881836,0.9401000142097473
YBR223C,YER161C,0,-0.8093153,0.08745025843381882,0.9010000228881836,0.9401999711990356
YNR015W,YOR150W,0,-0.80943483,0.08744177222251892,0.9010000228881836,0.9402999877929688
YFR002W,YOL094C,0,-0.80946666,0.08743328601121902,0.9010000228881836,0.9404000043869019
YPL206C,YOR178C,0,-0.80963284,0.08742479979991913,0.9010000228881836,0.940500020980835
YML076C,YLR403W,1,-0.8102246,0.08751334249973297,0.9020000100135803,0.940500020980835
YGL003C,YDL195W,0,-0.8104059,0.08750484883785248,0.9020000100135803,0.9405999779701233
YPL248C,YDR151C,1,-0.81062734,0.08759336173534393,0.902999997138977,0.9405999779701233
YBR024W,YMR014W,0,-0.81143755,0.08758486807346344,0.902999997138977,0.9406999945640564
YER040W,YNL216W,1,-0.81200236,0.0876733586192131,0.9039999842643738,0.9406999945640564
YDL229W,YBL047C,0,-0.8131489,0.08766485750675201,0.9039999842643738,0.9408000111579895
YKL019W,YDR285W,0,-0.81364113,0.08765635639429092,0.9039999842643738,0.9409000277519226
YNL001W,YBR059C,0,-0.81403893,0.08764785528182983,0.9039999842643738,0.9409999847412109
YEL026W,YOL038W,0,-0.8141844,0.08763936161994934,0.9039999842643738,0.941100001335144
YKR046C,YJL165C,0,-0.81452084,0.08763086795806885,0.9039999842643738,0.9412000179290771
YJL042W,YOR037W,0,-0.8145997,0.08762237429618835,0.9039999842643738,0.9412999749183655
YOR014W,YJL138C,0,-0.8151669,0.08761388063430786,0.9039999842643738,0.9413999915122986
YLR383W,YPR132W,0,-0.81535,0.08760538697242737,0.9039999842643738,0.9415000081062317
YJR046W,YOL054W,0,-0.8153526,0.08759690076112747,0.9039999842643738,0.9416000247001648
YBR121C,YPR074C,0,-0.815635,0.08758841454982758,0.9039999842643738,0.9416999816894531
YDL147W,YJL013C,0,-0.81568617,0.08757992833852768,0.9039999842643738,0.9417999982833862
YHR206W,YEL009C,1,-0.8160065,0.08766831457614899,0.9049999713897705,0.9417999982833862
YGR220C,YOR232W,0,-0.8160345,0.0876598209142685,0.9049999713897705,0.9419000148773193
YDL020C,YHR206W,1,-0.81750387,0.08774818480014801,0.906000018119812,0.9419000148773193
YDL036C,YOR224C,0,-0.81751764,0.08773968368768692,0.906000018119812,0.9419999718666077
YEL054C,YNL283C,0,-0.81781214,0.08773119002580643,0.906000018119812,0.9420999884605408
YDR081C,YER029C,0,-0.8178161,0.08772269636392593,0.906000018119812,0.9422000050544739
YPL128C,YNL216W,1,-0.8182074,0.08781101554632187,0.9070000052452087,0.9422000050544739
YPL156C,YGL174W,0,-0.81834775,0.08780251443386078,0.9070000052452087,0.942300021648407
YLR448W,YPR119W,0,-0.8194632,0.08779402077198029,0.9070000052452087,0.9423999786376953
YBR297W,YDL020C,1,-0.8195331,0.08788231015205383,0.9079999923706055,0.9423999786376953
YCL067C,YOL071W,0,-0.8196446,0.08787380158901215,0.9079999923706055,0.9424999952316284
YLL027W,YJL168C,0,-0.8197405,0.08786530047655106,0.9079999923706055,0.9426000118255615
YDR216W,YGL096W,1,-0.82022065,0.08795355260372162,0.9089999794960022,0.9426000118255615
YBL039C,YDR122W,0,-0.82091784,0.08794504404067993,0.9089999794960022,0.9427000284194946
YJL042W,YPL033C,0,-0.8211736,0.08793653547763824,0.9089999794960022,0.942799985408783
YML095C,YDL024C,0,-0.8213449,0.08792803436517715,0.9089999794960022,0.9429000020027161
YGR159C,YDR055W,0,-0.821595,0.08791952580213547,0.9089999794960022,0.9430000185966492
YPL208W,YPL086C,0,-0.82194096,0.08791102468967438,0.9089999794960022,0.9430999755859375
YER169W,YNL110C,0,-0.82234913,0.08790252357721329,0.9089999794960022,0.9431999921798706
YNL216W,YML076C,1,-0.82238096,0.08799071609973907,0.9100000262260437,0.9431999921798706
YCR047C,YJL115W,0,-0.822399,0.08798220753669739,0.9100000262260437,0.9433000087738037
YNL167C,YNL038W,0,-0.8224535,0.0879737064242363,0.9100000262260437,0.9434000253677368
YER171W,YDL150W,0,-0.8227717,0.08796519786119461,0.9100000262260437,0.9434999823570251
YDR523C,YLR135W,0,-0.82365066,0.08795669674873352,0.9100000262260437,0.9435999989509583
YCR037C,YGR104C,0,-0.82374525,0.08794819563627243,0.9100000262260437,0.9437000155448914
YJL133W,YBR177C,0,-0.82377976,0.08793970197439194,0.9100000262260437,0.9437999725341797
YDR216W,YML076C,1,-0.823869,0.08802782744169235,0.9110000133514404,0.9437999725341797
YIL046W,YPR030W,0,-0.8252087,0.08801932632923126,0.9110000133514404,0.9438999891281128
YHR072W,YHR079C-A,0,-0.8252631,0.08801081776618958,0.9110000133514404,0.9440000057220459
YMR260C,YJR077C,0,-0.8253984,0.08800231665372849,0.9110000133514404,0.944100022315979
YCR094W,YPR165W,0,-0.825521,0.0879938155412674,0.9110000133514404,0.9441999793052673
YBL011W,YDR172W,0,-0.82571757,0.0879853218793869,0.9110000133514404,0.9442999958992004
YKL196C,YHR074W,0,-0.8261489,0.08797682076692581,0.9110000133514404,0.9444000124931335
YMR016C,YHR178W,1,-0.8261709,0.08806488662958145,0.9120000004768372,0.9444000124931335
YAL005C,YOR020C,0,-0.82639235,0.08805638551712036,0.9120000004768372,0.9445000290870667
YCR053W,YER016W,0,-0.8267935,0.08804788440465927,0.9120000004768372,0.944599986076355
YPL094C,YDL008W,0,-0.8268233,0.08803938329219818,0.9120000004768372,0.9447000026702881
YKR003W,YFR031C,0,-0.8274444,0.08803088963031769,0.9120000004768372,0.9448000192642212
YOR035C,YDR264C,0,-0.8276979,0.0880223885178566,0.9120000004768372,0.9448999762535095
YGL071W,YHR084W,1,-0.8281452,0.08811040222644806,0.9129999876022339,0.9448999762535095
YNL023C,YIL101C,1,-0.8283602,0.08819840103387833,0.9139999747276306,0.9448999762535095
YDR188W,YBL042C,0,-0.828386,0.08818988502025604,0.9139999747276306,0.9449999928474426
YGL227W,YDL045C,0,-0.8286292,0.08818137645721436,0.9139999747276306,0.9451000094413757
YML116W,YPL110C,0,-0.8288823,0.08817287534475327,0.9139999747276306,0.9452000260353088
YMR016C,YKL112W,1,-0.82905024,0.08826082944869995,0.9150000214576721,0.9452000260353088
YGL187C,YNL286W,0,-0.82917374,0.08825231343507767,0.9150000214576721,0.9452999830245972
YHR206W,YLR014C,1,-0.82995707,0.08834024518728256,0.9160000085830688,0.9452999830245972
YPL256C,YCR033W,0,-0.8304304,0.08833172917366028,0.9160000085830688,0.9453999996185303
YML120C,YCR037C,0,-0.8306083,0.0883232057094574,0.9160000085830688,0.9455000162124634
YDR140W,YLL015W,0,-0.8315434,0.08831468969583511,0.9160000085830688,0.9455999732017517
YBR290W,YEL062W,0,-0.8318984,0.08830618113279343,0.9160000085830688,0.9456999897956848
YKR024C,YOL142W,0,-0.831919,0.08829766511917114,0.9160000085830688,0.9458000063896179
YMR239C,YMR284W,0,-0.8321976,0.08828915655612946,0.9160000085830688,0.945900022983551
YMR016C,YNL216W,1,-0.8322618,0.08837702125310898,0.9169999957084656,0.945900022983551
YLL031C,YPL153C,0,-0.83407897,0.0883685052394867,0.9169999957084656,0.9459999799728394
YMR059W,YOL072W,0,-0.8344398,0.08835998922586441,0.9169999957084656,0.9460999965667725
YFL031W,YEL009C,1,-0.83466583,0.08844782412052155,0.9179999828338623,0.9460999965667725
YMR213W,YNL278W,0,-0.83471805,0.08843930810689926,0.9179999828338623,0.9462000131607056
YML008C,YNR019W,0,-0.83475655,0.08843078464269638,0.9179999828338623,0.9463000297546387
YKL195W,YNL221C,0,-0.83536017,0.0884222686290741,0.9179999828338623,0.946399986743927
YDR188W,YLL026W,0,-0.8354561,0.08841375261545181,0.9179999828338623,0.9465000033378601
YDL160C,YGL068W,0,-0.83574086,0.08840523660182953,0.9179999828338623,0.9466000199317932
YPL089C,YMR043W,0,-0.8359092,0.08839672803878784,0.9179999828338623,0.9466999769210815
YJR007W,YDR077W,0,-0.8360618,0.08838821202516556,0.9179999828338623,0.9467999935150146
YDL020C,YDR501W,1,-0.8363276,0.08847597986459732,0.9190000295639038,0.9467999935150146
YNL216W,YGL071W,1,-0.83654326,0.08856372535228729,0.9200000166893005,0.9467999935150146
YHR197W,YDR085C,0,-0.8369201,0.08855520188808441,0.9200000166893005,0.9469000101089478
YJL168C,YMR275C,0,-0.8370876,0.08854667842388153,0.9200000166893005,0.9470000267028809
YNL271C,YGL191W,0,-0.8374242,0.08853815495967865,0.9200000166893005,0.9470999836921692
YDR376W,YGR143W,0,-0.8374669,0.08852963894605637,0.9200000166893005,0.9472000002861023
YDR311W,YJR006W,0,-0.8378734,0.08852112293243408,0.9200000166893005,0.9473000168800354
YGL254W,YEL009C,1,-0.83808076,0.08860881626605988,0.9210000038146973,0.9473000168800354
YDL243C,YJL198W,0,-0.83813924,0.0886002853512764,0.9210000038146973,0.9473999738693237
YNL090W,YMR104C,0,-0.83840203,0.08859176933765411,0.9210000038146973,0.9474999904632568
YHR171W,YDR358W,0,-0.83855635,0.08858324587345123,0.9210000038146973,0.9476000070571899
YIL075C,YGL122C,0,-0.8388304,0.08857472240924835,0.9210000038146973,0.947700023651123
YPR093C,YGR225W,0,-0.8390035,0.08856620639562607,0.9210000038146973,0.9477999806404114
YDL051W,YNR015W,0,-0.83918214,0.08855769038200378,0.9210000038146973,0.9478999972343445
YNL216W,YFR034C,1,-0.83998746,0.0886453241109848,0.921999990940094,0.9478999972343445
YGR119C,YPL265W,0,-0.84050566,0.08863680064678192,0.921999990940094,0.9480000138282776
YIL023C,YML102W,0,-0.8406464,0.08862827718257904,0.921999990940094,0.9480999708175659
YAR007C,YDL051W,0,-0.84073246,0.08861976116895676,0.921999990940094,0.948199987411499
YLR216C,YAL041W,0,-0.8426674,0.08861124515533447,0.921999990940094,0.9483000040054321
YMR035W,YML091C,0,-0.843301,0.08860272914171219,0.921999990940094,0.9484000205993652
YGR169C,YOL072W,0,-0.84345347,0.0885942131280899,0.921999990940094,0.9484999775886536
YPR100W,YPR037C,0,-0.84368837,0.08858570456504822,0.921999990940094,0.9485999941825867
YKL013C,YNL135C,0,-0.8439425,0.08857719600200653,0.921999990940094,0.9487000107765198
YDR022C,YDL224C,0,-0.8446341,0.08856868743896484,0.921999990940094,0.9488000273704529
YJL036W,YDR153C,0,-0.84566784,0.08856017887592316,0.921999990940094,0.9488999843597412
YOR310C,YOR265W,0,-0.8473237,0.08855167031288147,0.921999990940094,0.9490000009536743
YLL034C,YDR184C,0,-0.84750164,0.08854316920042038,0.921999990940094,0.9491000175476074
YDR478W,YHR099W,0,-0.84752387,0.08853466808795929,0.921999990940094,0.9491999745368958
YNL199C,YGR046W,0,-0.8478922,0.0885261669754982,0.921999990940094,0.9492999911308289
YHR196W,YDL042C,0,-0.8479321,0.08851766586303711,0.921999990940094,0.949400007724762
YGR152C,YML008C,0,-0.84852594,0.08850916475057602,0.921999990940094,0.9495000243186951
YDR214W,YDL243C,0,-0.8492197,0.08850067108869553,0.921999990940094,0.9495999813079834
YLR060W,YER146W,0,-0.8493629,0.08849217742681503,0.921999990940094,0.9496999979019165
YER031C,YML080W,0,-0.84991646,0.08848368376493454,0.921999990940094,0.9498000144958496
YLR371W,YJL026W,0,-0.8502268,0.08847519755363464,0.921999990940094,0.9498999714851379
YGL254W,YCR106W,1,-0.8503375,0.08856265246868134,0.9229999780654907,0.9498999714851379
YLR206W,YKL041W,0,-0.8505314,0.08855415880680084,0.9229999780654907,0.949999988079071
YML011C,YCR010C,0,-0.85063374,0.08854566514492035,0.9229999780654907,0.9501000046730042
YNL250W,YJL104W,0,-0.8510114,0.08853717148303986,0.9229999780654907,0.9502000212669373
YJR145C,YNL061W,0,-0.85117763,0.08852867782115936,0.9229999780654907,0.9502999782562256
YHL009C,YER111C,1,-0.85135096,0.08861609548330307,0.9240000247955322,0.9502999782562256
YKL112W,YHR206W,1,-0.85200936,0.08870349079370499,0.925000011920929,0.9502999782562256
YEL034W,YIL154C,0,-0.8524141,0.0886949822306633,0.925000011920929,0.9503999948501587
YGL200C,YBR188C,0,-0.8525322,0.08868648111820221,0.925000011920929,0.9505000114440918
YPR175W,YOR073W,0,-0.85254765,0.08867798000574112,0.925000011920929,0.9506000280380249
YJL110C,YDR151C,1,-0.85286456,0.08876533806324005,0.9259999990463257,0.9506000280380249
YLR266C,YAL053W,0,-0.85306174,0.08875682950019836,0.9259999990463257,0.9506999850273132
YJL019W,YOR063W,0,-0.8536,0.08874832093715668,0.9259999990463257,0.9508000016212463
YBL019W,YGR112W,0,-0.8540605,0.08873981982469559,0.9259999990463257,0.9509000182151794
YGR157W,YPR199C,0,-0.85499716,0.0887313112616539,0.9259999990463257,0.9509999752044678
YER053C,YJR126C,0,-0.85516626,0.08872281014919281,0.9259999990463257,0.9510999917984009
YGR101W,YIL125W,0,-0.8552845,0.08871431648731232,0.9259999990463257,0.951200008392334
YMR227C,YOR148C,0,-0.85583067,0.08870581537485123,0.9259999990463257,0.9513000249862671
YHL036W,YGR225W,0,-0.85638016,0.08869732171297073,0.9259999990463257,0.9513999819755554
YKL176C,YCL052C,0,-0.85683984,0.08868882060050964,0.9259999990463257,0.9514999985694885
YGL122C,YNL032W,0,-0.8571758,0.08868032693862915,0.9259999990463257,0.9516000151634216
YNL023C,YLR014C,1,-0.8572184,0.08876759558916092,0.9269999861717224,0.9516000151634216
YPL154C,YHR190W,0,-0.8575055,0.08875909447669983,0.9269999861717224,0.95169997215271
YML112W,YGL095C,0,-0.8580559,0.08875060081481934,0.9269999861717224,0.9517999887466431
YMR016C,YEL009C,1,-0.85843664,0.08883783221244812,0.9279999732971191,0.9517999887466431
YPR100W,YLR117C,0,-0.85886246,0.08882933109998703,0.9279999732971191,0.9519000053405762
YHR139C,YER049W,0,-0.85899156,0.08882082998752594,0.9279999732971191,0.9520000219345093
YOR173W,YPR163C,0,-0.85900253,0.08881232887506485,0.9279999732971191,0.9520999789237976
YOR095C,YKL009W,0,-0.859116,0.08880382776260376,0.9279999732971191,0.9521999955177307
YBR057C,YER068W,0,-0.8591223,0.08879533410072327,0.9279999732971191,0.9523000121116638
YFL016C,YBR059C,0,-0.8593768,0.08878683298826218,0.9279999732971191,0.9524000287055969
YPL154C,YNL202W,0,-0.85953844,0.08877833932638168,0.9279999732971191,0.9524999856948853
YOR098C,YLR361C,0,-0.85996634,0.08876984566450119,0.9279999732971191,0.9526000022888184
YER040W,YGL096W,1,-0.8600354,0.088857002556324,0.9290000200271606,0.9526000022888184
YMR059W,YOR299W,0,-0.8603267,0.08884850889444351,0.9290000200271606,0.9527000188827515
YPL011C,YDR083W,0,-0.8606954,0.08884000778198242,0.9290000200271606,0.9527999758720398
YGR135W,YFR024C-A,0,-0.86115,0.08883151412010193,0.9290000200271606,0.9528999924659729
YPR067W,YHR091C,0,-0.86149925,0.08882302045822144,0.9290000200271606,0.953000009059906
YJL042W,YGL048C,0,-0.8615661,0.08881453424692154,0.9290000200271606,0.9531000256538391
YNL030W,YMR260C,0,-0.861931,0.08880604058504105,0.9290000200271606,0.9531999826431274
YHR090C,YJR078W,0,-0.86217135,0.08879755437374115,0.9290000200271606,0.9532999992370605
YJL045W,YDR073W,0,-0.86253685,0.08878906816244125,0.9290000200271606,0.9534000158309937
YNR052C,YBR164C,0,-0.86267036,0.08878058195114136,0.9290000200271606,0.953499972820282
YNR026C,YGR063C,0,-0.862696,0.08877209573984146,0.9290000200271606,0.9535999894142151
YGL208W,YNL256W,0,-0.86270225,0.08876361697912216,0.9290000200271606,0.9537000060081482
YPL011C,YKR063C,0,-0.86412424,0.08875513821840286,0.9290000200271606,0.9538000226020813
YDR071C,YNL107W,0,-0.8644095,0.08874665945768356,0.9290000200271606,0.9538999795913696
YDR280W,YHR006W,0,-0.8645211,0.08873818069696426,0.9290000200271606,0.9539999961853027
YPR171W,YMR241W,0,-0.8651344,0.08872970193624496,0.9290000200271606,0.9541000127792358
YKR024C,YDR179C,0,-0.8664767,0.08872123062610626,0.9290000200271606,0.954200029373169
YMR044W,YDR494W,0,-0.8668565,0.08871275931596756,0.9290000200271606,0.9542999863624573
YJR078W,YMR077C,0,-0.8670725,0.08870428800582886,0.9290000200271606,0.9544000029563904
YBR297W,YDR151C,1,-0.86762327,0.08879129588603973,0.9300000071525574,0.9544000029563904
YPL138C,YDR532C,0,-0.8679558,0.08878281712532043,0.9300000071525574,0.9545000195503235
YDR086C,YKR026C,0,-0.86938655,0.08877433836460114,0.9300000071525574,0.9545999765396118
YML093W,YDR172W,0,-0.8699501,0.08876586705446243,0.9300000071525574,0.9546999931335449
YOR115C,YNL061W,0,-0.8700757,0.08875739574432373,0.9300000071525574,0.954800009727478
YKL112W,YNL216W,1,-0.87069494,0.08884435892105103,0.9309999942779541,0.954800009727478
YNR023W,YIL153W,0,-0.8722492,0.08883588016033173,0.9309999942779541,0.9549000263214111
YMR035W,YDR513W,0,-0.87257344,0.08882740139961243,0.9309999942779541,0.9549999833106995
YKL213C,YDL116W,0,-0.8725735,0.08881893008947372,0.9309999942779541,0.9550999999046326
YNL113W,YPL179W,0,-0.8730398,0.08881045132875443,0.9309999942779541,0.9552000164985657
YLR360W,YNL294C,0,-0.87482846,0.08880198746919632,0.9309999942779541,0.955299973487854
YHR170W,YCL059C,0,-0.8758602,0.08879351615905762,0.9309999942779541,0.9553999900817871
YLR186W,YOL142W,0,-0.8762849,0.08878504484891891,0.9309999942779541,0.9555000066757202
YJR143C,YPR113W,0,-0.8766435,0.08877658098936081,0.9309999942779541,0.9556000232696533
YDL245C,YDR295C,0,-0.87756693,0.0887681171298027,0.9309999942779541,0.9556999802589417
YHL031C,YBR061C,0,-0.87794536,0.0887596532702446,0.9309999942779541,0.9557999968528748
YPL128C,YDL020C,1,-0.8783545,0.08884651958942413,0.9319999814033508,0.9557999968528748
YHR158C,YBR254C,0,-0.87926126,0.08883804827928543,0.9319999814033508,0.9559000134468079
YAR035W,YIL065C,0,-0.8797103,0.08882958441972733,0.9319999814033508,0.9559999704360962
YMR056C,YDR072C,0,-0.8801642,0.08882112056016922,0.9319999814033508,0.9560999870300293
YNL173C,YLL041C,0,-0.8802689,0.08881265670061111,0.9319999814033508,0.9562000036239624
YGR128C,YML069W,0,-0.8806757,0.08880419284105301,0.9319999814033508,0.9563000202178955
YJL058C,YHR072W,0,-0.8820434,0.0887957289814949,0.9319999814033508,0.9563999772071838
YIR012W,YNL182C,0,-0.88242084,0.0887872725725174,0.9319999814033508,0.9564999938011169
YNL131W,YNL159C,0,-0.88244736,0.08877881616353989,0.9319999814033508,0.95660001039505
YDL126C,YMR281W,0,-0.8827582,0.08877035975456238,0.9319999814033508,0.9567000269889832
YGL067W,YLR144C,0,-0.88276094,0.08876190334558487,0.9319999814033508,0.9567999839782715
YKR050W,YOL068C,0,-0.88289064,0.08875345438718796,0.9319999814033508,0.9569000005722046
YFR004W,YDR436W,0,-0.88351506,0.08874499797821045,0.9319999814033508,0.9570000171661377
YHL009C,YGL254W,1,-0.88400966,0.08883175998926163,0.9330000281333923,0.9570000171661377
YOR005C,YDR073W,0,-0.88539904,0.08882330358028412,0.9330000281333923,0.957099974155426
YEL029C,YBL047C,0,-0.8855365,0.08881484717130661,0.9330000281333923,0.9571999907493591
YPL234C,YDL004W,0,-0.8855552,0.0888063982129097,0.9330000281333923,0.9573000073432922
YBR119W,YDR163W,0,-0.88721067,0.08879794180393219,0.9330000281333923,0.9574000239372253
YBR179C,YDR279W,0,-0.8873415,0.08878949284553528,0.9330000281333923,0.9574999809265137
YOR245C,YOR348C,0,-0.88734937,0.08878104388713837,0.9330000281333923,0.9575999975204468
YCL031C,YOR156C,0,-0.8875708,0.08877259492874146,0.9330000281333923,0.9577000141143799
YCR048W,YMR054W,0,-0.88871866,0.08876415342092514,0.9330000281333923,0.9577999711036682
YDR238C,YMR241W,0,-0.88934153,0.08875570446252823,0.9330000281333923,0.9578999876976013
YNL199C,YHR072W,0,-0.8895338,0.08874726295471191,0.9330000281333923,0.9580000042915344
YBR121C,YFR051C,0,-0.8895388,0.0887388214468956,0.9330000281333923,0.9581000208854675
YMR197C,YPR186C,0,-0.890024,0.08873038738965988,0.9330000281333923,0.9581999778747559
YGR162W,YBR168W,0,-0.8904946,0.08872194588184357,0.9330000281333923,0.958299994468689
YOR084W,YMR236W,0,-0.89072,0.08871351182460785,0.9330000281333923,0.9584000110626221
YDR143C,YHR031C,0,-0.8909547,0.08870507776737213,0.9330000281333923,0.9585000276565552
YGL174W,YER173W,0,-0.8910679,0.08869664371013641,0.9330000281333923,0.9585999846458435
YHR062C,YOL094C,0,-0.8914474,0.0886882096529007,0.9330000281333923,0.9587000012397766
YLR219W,YOR058C,0,-0.8919101,0.08867978304624557,0.9330000281333923,0.9588000178337097
YMR092C,YHR170W,0,-0.892152,0.08867135643959045,0.9330000281333923,0.958899974822998
YBR069C,YFR052W,0,-0.8925722,0.08866292983293533,0.9330000281333923,0.9589999914169312
YBR077C,YNL038W,0,-0.89287394,0.08865450322628021,0.9330000281333923,0.9591000080108643
YHR039C,YLR059C,0,-0.8930659,0.08864608407020569,0.9330000281333923,0.9592000246047974
YHR072W,YLR119W,0,-0.89414656,0.08863765746355057,0.9330000281333923,0.9592999815940857
YBR164C,YKR007W,0,-0.8945182,0.08862923830747604,0.9330000281333923,0.9593999981880188
YJL081C,YGR014W,0,-0.89502937,0.08862081915140152,0.9330000281333923,0.9595000147819519
YKR042W,YNL283C,0,-0.89512104,0.08861240744590759,0.9330000281333923,0.9595999717712402
YDL028C,YOL122C,0,-0.89731735,0.08860398828983307,0.9330000281333923,0.9596999883651733
YBR142W,YMR290C,0,-0.89772356,0.08859557658433914,0.9330000281333923,0.9598000049591064
YOR275C,YHL020C,0,-0.8983521,0.08858716487884521,0.9330000281333923,0.9599000215530396
YNL073W,YLR011W,0,-0.89889,0.08857875317335129,0.9330000281333923,0.9599999785423279
YNL161W,YJR090C,0,-0.899372,0.08857034146785736,0.9330000281333923,0.960099995136261
YFL024C,YLR216C,0,-0.90036565,0.08856193721294403,0.9330000281333923,0.9602000117301941
YHR206W,YLR183C,1,-0.9004966,0.08864844590425491,0.9340000152587891,0.9602000117301941
YHR206W,YHR084W,1,-0.90106755,0.088734932243824,0.9350000023841858,0.9602000117301941
YHR007C,YDR524C,0,-0.9015946,0.08872651308774948,0.9350000023841858,0.9603000283241272
YCL040W,YDL092W,0,-0.90204954,0.08871809393167496,0.9350000023841858,0.9603999853134155
YOR233W,YOR256C,0,-0.90216535,0.08870967477560043,0.9350000023841858,0.9605000019073486
YPL033C,YDR312W,0,-0.90254915,0.0887012630701065,0.9350000023841858,0.9606000185012817
YIL101C,YGR249W,1,-0.90272653,0.08878770470619202,0.9359999895095825,0.9606000185012817
YDL155W,YDR498C,0,-0.90284103,0.08877928555011749,0.9359999895095825,0.9606999754905701
YOL109W,YGL181W,0,-0.9032331,0.08877086639404297,0.9359999895095825,0.9607999920845032
YHR008C,YDR022C,0,-0.9033488,0.08876244723796844,0.9359999895095825,0.9609000086784363
YHR085W,YMR192W,0,-0.9035838,0.08875402808189392,0.9359999895095825,0.9610000252723694
YPL203W,YDR153C,0,-0.9044236,0.0887456163764,0.9359999895095825,0.9610999822616577
YCR037C,YDR421W,0,-0.9045218,0.08873720467090607,0.9359999895095825,0.9611999988555908
YIL122W,YLR275W,0,-0.90498906,0.08872879296541214,0.9359999895095825,0.9613000154495239
YPR049C,YLR399C,0,-0.9068962,0.08872038125991821,0.9359999895095825,0.9613999724388123
YNR010W,YBR217W,0,-0.90728194,0.08871196955442429,0.9359999895095825,0.9614999890327454
YPL248C,YLR403W,1,-0.90750366,0.08879832923412323,0.9369999766349792,0.9614999890327454
YNL186W,YBR072W,0,-0.9079899,0.0887899175286293,0.9369999766349792,0.9616000056266785
YJL101C,YKL002W,0,-0.908243,0.08878150582313538,0.9369999766349792,0.9617000222206116
YJR055W,YBR105C,0,-0.9087425,0.08877309411764145,0.9369999766349792,0.9617999792098999
YPR102C,YLR259C,0,-0.9089735,0.08876468241214752,0.9369999766349792,0.961899995803833
YHR107C,YGR200C,0,-0.9099868,0.08875627815723419,0.9369999766349792,0.9620000123977661
YOR313C,YOL097C,0,-0.9112418,0.08874786645174026,0.9369999766349792,0.9621000289916992
YGR145W,YLR438C-A,0,-0.91284305,0.08873946219682693,0.9369999766349792,0.9621999859809875
YBR296C,YBR214W,0,-0.91330653,0.0887310579419136,0.9369999766349792,0.9623000025749207
YGL096W,YDR151C,1,-0.9133814,0.08881735056638718,0.9380000233650208,0.9623000025749207
YBR171W,YPL086C,0,-0.9134771,0.08880893886089325,0.9380000233650208,0.9624000191688538
YHR069C,YER119C,0,-0.9137338,0.08880052715539932,0.9380000233650208,0.9624999761581421
YDL060W,YPL086C,0,-0.9142202,0.08879212290048599,0.9380000233650208,0.9625999927520752
YJL190C,YBR170C,0,-0.91429347,0.08878371864557266,0.9380000233650208,0.9627000093460083
YJL095W,YKL113C,0,-0.91454524,0.08877531439065933,0.9380000233650208,0.9628000259399414
YJL091C,YCR002C,0,-0.9145631,0.0887669175863266,0.9380000233650208,0.9628999829292297
YPR006C,YPR135W,0,-0.9158818,0.08875851333141327,0.9380000233650208,0.9629999995231628
YFR004W,YKL006C-A,0,-0.9164491,0.08875011652708054,0.9380000233650208,0.963100016117096
YDR190C,YDL028C,0,-0.9168388,0.0887417197227478,0.9380000233650208,0.9631999731063843
YFL025C,YPR030W,0,-0.9175693,0.08873333036899567,0.9380000233650208,0.9632999897003174
YBR265W,YDL060W,0,-0.91795176,0.08872493356466293,0.9380000233650208,0.9634000062942505
YMR165C,YDL223C,0,-0.91820675,0.0887165442109108,0.9380000233650208,0.9635000228881836
YCR002C,YJR060W,0,-0.91878855,0.08870815485715866,0.9380000233650208,0.9635999798774719
YKR063C,YPR124W,0,-0.9194198,0.08869976550340652,0.9380000233650208,0.963699996471405
YLL042C,YJR119C,0,-0.9194719,0.08869137614965439,0.9380000233650208,0.9638000130653381
YFR004W,YLL042C,0,-0.9211116,0.08868299424648285,0.9380000233650208,0.9639000296592712
YJL100W,YLR431C,0,-0.9211698,0.08867460489273071,0.9380000233650208,0.9639999866485596
YGL047W,YDR231C,0,-0.9211895,0.08866622298955917,0.9380000233650208,0.9641000032424927
YPL178W,YPR176C,0,-0.92119664,0.08865784853696823,0.9380000233650208,0.9642000198364258
YIL125W,YBR006W,0,-0.92139566,0.08864946663379669,0.9380000233650208,0.9642999768257141
YBR298C,YOR178C,0,-0.9219198,0.08864109218120575,0.9380000233650208,0.9643999934196472
YPR006C,YBR077C,0,-0.92219055,0.08863271027803421,0.9380000233650208,0.9645000100135803
YDR288W,YHL047C,0,-0.9224369,0.08862433582544327,0.9380000233650208,0.9646000266075134
YFL037W,YDL052C,0,-0.922833,0.08861596882343292,0.9380000233650208,0.9646999835968018
YDL216C,YNL107W,0,-0.9229606,0.08860759437084198,0.9380000233650208,0.9648000001907349
YMR198W,YOL054W,0,-0.9232846,0.08859922736883163,0.9380000233650208,0.964900016784668
YOR095C,YOR020C,0,-0.9246014,0.08859086036682129,0.9380000233650208,0.9649999737739563
YNL291C,YPR041W,0,-0.9246311,0.08858249336481094,0.9380000233650208,0.9650999903678894
YOR002W,YNL071W,0,-0.9256799,0.0885741263628006,0.9380000233650208,0.9652000069618225
YDL058W,YFL013C,0,-0.9263726,0.08856576681137085,0.9380000233650208,0.9653000235557556
YMR308C,YMR080C,0,-0.9269338,0.0885573998093605,0.9380000233650208,0.965399980545044
YER142C,YDL147W,0,-0.9273891,0.08854904025793076,0.9380000233650208,0.965499997138977
YGL252C,YBR143C,0,-0.9276862,0.08854068070650101,0.9380000233650208,0.9656000137329102
YIR004W,YER026C,0,-0.9277668,0.08853232860565186,0.9380000233650208,0.9656999707221985
YBR169C,YJR049C,0,-0.92926997,0.0885239690542221,0.9380000233650208,0.9657999873161316
YFL023W,YBR088C,0,-0.9304025,0.08851561695337296,0.9380000233650208,0.9659000039100647
YGL096W,YML076C,1,-0.93074685,0.08860162645578384,0.9390000104904175,0.9659000039100647
YPL106C,YBR119W,0,-0.9318974,0.0885932669043541,0.9390000104904175,0.9660000205039978
YPL146C,YPL175W,0,-0.93207604,0.08858490735292435,0.9390000104904175,0.9660999774932861
YOL066C,YBR049C,0,-0.93260986,0.0885765478014946,0.9390000104904175,0.9661999940872192
YBL071W-A,YDR073W,0,-0.9331883,0.08856819570064545,0.9390000104904175,0.9663000106811523
YPL154C,YDR077W,0,-0.9339075,0.0885598435997963,0.9390000104904175,0.9664000272750854
YLR403W,YDR151C,1,-0.9340642,0.08864579349756241,0.9399999976158142,0.9664000272750854
YML076C,YIL101C,1,-0.9342795,0.08873172849416733,0.9409999847412109,0.9664000272750854
YNL216W,YDR096W,1,-0.9354002,0.08881764858961105,0.9419999718666077,0.9664000272750854
YML132W,YEL034W,0,-0.93648565,0.08880927413702011,0.9419999718666077,0.9664999842643738
YNL023C,YDR151C,1,-0.936714,0.08889517188072205,0.9430000185966492,0.9664999842643738
YNL131W,YMR167W,0,-0.9369114,0.0888867974281311,0.9430000185966492,0.9666000008583069
YAL029C,YOR330C,0,-0.93732613,0.08887841552495956,0.9430000185966492,0.96670001745224
YIL109C,YBL030C,0,-0.93776065,0.08887004107236862,0.9430000185966492,0.9667999744415283
YEL060C,YGR261C,0,-0.93820375,0.08886166661977768,0.9430000185966492,0.9668999910354614
YDR423C,YJL191W,0,-0.93837225,0.08885329216718674,0.9430000185966492,0.9670000076293945
YHR021C,YKL056C,0,-0.9385366,0.08884492516517639,0.9430000185966492,0.9671000242233276
YDL090C,YPR199C,0,-0.93915147,0.08883655071258545,0.9430000185966492,0.967199981212616
YFL022C,YGR020C,0,-0.9393917,0.0888281837105751,0.9430000185966492,0.9672999978065491
YBR279W,YGL006W,0,-0.9407478,0.08881981670856476,0.9430000185966492,0.9674000144004822
YML076C,YDR151C,1,-0.9413411,0.08890563249588013,0.9440000057220459,0.9674000144004822
YOR294W,YPR110C,0,-0.9413837,0.08889725804328918,0.9440000057220459,0.9674999713897705
YNL159C,YML130C,0,-0.94200516,0.08888889104127884,0.9440000057220459,0.9675999879837036
YOL011W,YPL139C,0,-0.9420635,0.0888805165886879,0.9440000057220459,0.9677000045776367
YJR004C,YGL111W,0,-0.9422169,0.08887214958667755,0.9440000057220459,0.9678000211715698
YGR029W,YNL245C,0,-0.9425931,0.0888637825846672,0.9440000057220459,0.9678999781608582
YBR168W,YBR216C,0,-0.94272727,0.08885542303323746,0.9440000057220459,0.9679999947547913
YMR167W,YPR186C,0,-0.94281,0.08884705603122711,0.9440000057220459,0.9681000113487244
YNR010W,YGR270W,0,-0.94282013,0.08883869647979736,0.9440000057220459,0.9682000279426575
YNL161W,YLR135W,0,-0.9446573,0.08883033692836761,0.9440000057220459,0.9682999849319458
YMR246W,YBR288C,0,-0.9449274,0.08882197737693787,0.9440000057220459,0.9684000015258789
YML014W,YGR245C,0,-0.9450566,0.08881362527608871,0.9440000057220459,0.968500018119812
YPL154C,YPL206C,0,-0.94648504,0.08880526572465897,0.9440000057220459,0.9685999751091003
YGL087C,YGL166W,0,-0.9464852,0.08879691362380981,0.9440000057220459,0.9686999917030334
YPL154C,YLR397C,0,-0.94687444,0.08878856152296066,0.9440000057220459,0.9688000082969666
YJR017C,YLR229C,0,-0.9482346,0.08878020942211151,0.9440000057220459,0.9689000248908997
YBR077C,YJR043C,0,-0.94826466,0.08877186477184296,0.9440000057220459,0.968999981880188
YER116C,YHR053C,0,-0.94836557,0.0887635201215744,0.9440000057220459,0.9690999984741211
YGL153W,YML093W,0,-0.9488536,0.08875516802072525,0.9440000057220459,0.9692000150680542
YBR084W,YDL014W,0,-0.94965905,0.08874683082103729,0.9440000057220459,0.9692999720573425
YGL096W,YIL101C,1,-0.9498429,0.08883249014616013,0.9449999928474426,0.9692999720573425
YOL010W,YNL262W,0,-0.9501532,0.08882413804531097,0.9449999928474426,0.9693999886512756
YMR026C,YPL110C,0,-0.9508627,0.08881578594446182,0.9449999928474426,0.9695000052452087
YBR298C,YIR002C,0,-0.95103246,0.08880744129419327,0.9449999928474426,0.9696000218391418
YCL054W,YOR256C,0,-0.9513937,0.08879909664392471,0.9449999928474426,0.9696999788284302
YOL102C,YJR059W,0,-0.9516237,0.08879075199365616,0.9449999928474426,0.9697999954223633
YDR216W,YGL073W,1,-0.9517632,0.08887635916471481,0.9459999799728394,0.9697999954223633
YBL042C,YGR245C,0,-0.95187694,0.08886801451444626,0.9459999799728394,0.9699000120162964
YGL180W,YPR086W,0,-0.9518993,0.0888596624135971,0.9459999799728394,0.9700000286102295
YFR029W,YLR435W,0,-0.9520341,0.08885131776332855,0.9459999799728394,0.9700999855995178
YJL091C,YDR055W,0,-0.95358604,0.08884297311306,0.9459999799728394,0.9702000021934509
YER020W,YHR066W,0,-0.9535969,0.08883463591337204,0.9459999799728394,0.970300018787384
YOR330C,YNL127W,0,-0.9538228,0.08882629126310349,0.9459999799728394,0.9703999757766724
YDL014W,YOR085W,0,-0.95399547,0.08881795406341553,0.9459999799728394,0.9704999923706055
YDR216W,YNL216W,1,-0.9546115,0.08890349417924881,0.9470000267028809,0.9704999923706055
YMR145C,YPL221W,0,-0.9551888,0.08889514952898026,0.9470000267028809,0.9706000089645386
YDL051W,YKL081W,0,-0.95530456,0.0888868048787117,0.9470000267028809,0.9707000255584717
YOR299W,YPL181W,0,-0.9554112,0.08887846022844315,0.9470000267028809,0.97079998254776
YBR214W,YDR121W,0,-0.95702213,0.08887012302875519,0.9470000267028809,0.9708999991416931
YER112W,YOR361C,0,-0.95732445,0.08886177837848663,0.9470000267028809,0.9710000157356262
YER169W,YJL095W,0,-0.95809907,0.08885344117879868,0.9470000267028809,0.9710999727249146
YGL253W,YCR094W,0,-0.9581049,0.08884510397911072,0.9470000267028809,0.9711999893188477
YNL216W,YGL073W,1,-0.9585322,0.08893058449029922,0.9480000138282776,0.9711999893188477
YDR163W,YGR221C,0,-0.9595041,0.08892223984003067,0.9480000138282776,0.9713000059127808
YNL090W,YDR098C,0,-0.959854,0.08891390264034271,0.9480000138282776,0.9714000225067139
YPL154C,YHR001W-A,0,-0.96135193,0.08890555799007416,0.9480000138282776,0.9714999794960022
YER031C,YHR068W,0,-0.96228933,0.0888972207903862,0.9480000138282776,0.9715999960899353
YAL053W,YDR377W,0,-0.9636223,0.08888889104127884,0.9480000138282776,0.9717000126838684
YGL047W,YBR162C,0,-0.9645533,0.08888055384159088,0.9480000138282776,0.9718000292778015
YDR216W,YDR151C,1,-0.96458596,0.08896596729755402,0.9490000009536743,0.9718000292778015
YBL093C,YOL013C,0,-0.96515816,0.08895763009786606,0.9490000009536743,0.9718999862670898
YNL239W,YER093C,0,-0.96563315,0.0889492928981781,0.9490000009536743,0.972000002861023
YNL123W,YDR324C,0,-0.96598464,0.08894095569849014,0.9490000009536743,0.972100019454956
YDR258C,YDL164C,0,-0.96761996,0.08893261849880219,0.9490000009536743,0.9721999764442444
YKL176C,YDR011W,0,-0.9683143,0.08892428874969482,0.9490000009536743,0.9722999930381775
YOR330C,YKL006C-A,0,-0.9694229,0.08891595900058746,0.9490000009536743,0.9724000096321106
YNL023C,YPL248C,1,-0.96977574,0.08900131285190582,0.949999988079071,0.9724000096321106
YGR077C,YNL031C,0,-0.9701155,0.08899297565221786,0.949999988079071,0.9725000262260437
YOL100W,YDR231C,0,-0.9701392,0.08898463845252991,0.949999988079071,0.972599983215332
YKR053C,YJR060W,0,-0.9703687,0.08897630125284195,0.949999988079071,0.9726999998092651
YGR162W,YDR418W,0,-0.97124296,0.08896797150373459,0.949999988079071,0.9728000164031982
YDR166C,YIL007C,0,-0.97125846,0.08895964175462723,0.949999988079071,0.9728999733924866
YEL016C,YHL031C,0,-0.9716608,0.08895131200551987,0.949999988079071,0.9729999899864197
YMR037C,YPL248C,1,-0.97222286,0.08903660625219345,0.9509999752044678,0.9729999899864197
YGR121C,YGL180W,0,-0.97241896,0.0890282690525055,0.9509999752044678,0.9731000065803528
YCL043C,YHR019C,0,-0.9727251,0.08901993930339813,0.9509999752044678,0.9732000231742859
YPL012W,YOR340C,0,-0.9728596,0.08901160955429077,0.9509999752044678,0.9732999801635742
YMR083W,YLR192C,0,-0.9733504,0.08900327235460281,0.9509999752044678,0.9733999967575073
YNR015W,YOL071W,0,-0.9741318,0.08899495005607605,0.9509999752044678,0.9735000133514404
YDR284C,YML051W,0,-0.9743061,0.08898662030696869,0.9509999752044678,0.9735999703407288
YLR186W,YER112W,0,-0.97633016,0.08897829055786133,0.9509999752044678,0.9736999869346619
YOR274W,YIL042C,0,-0.9763695,0.08896996825933456,0.9509999752044678,0.973800003528595
YNL023C,YGL096W,1,-0.9765021,0.08905519545078278,0.9520000219345093,0.973800003528595
YML008C,YBL039C,0,-0.9773266,0.08904685825109482,0.9520000219345093,0.9739000201225281
YDR216W,YNL023C,1,-0.97797793,0.08913206309080124,0.953000009059906,0.9739000201225281
YMR188C,YLR291C,0,-0.9783114,0.08912372589111328,0.953000009059906,0.9739999771118164
YEL053C,YDR473C,0,-0.979044,0.08911538869142532,0.953000009059906,0.9740999937057495
YMR288W,YOR388C,0,-0.9791254,0.08910705894231796,0.953000009059906,0.9742000102996826
YBL078C,YJR045C,0,-0.9812598,0.0890987291932106,0.953000009059906,0.9743000268936157
YMR143W,YDL097C,0,-0.9814345,0.08909039944410324,0.953000009059906,0.974399983882904
YMR029C,YGL006W,0,-0.98160416,0.08908206969499588,0.953000009059906,0.9745000004768372
YMR077C,YJR060W,0,-0.9818234,0.08907374739646912,0.953000009059906,0.9746000170707703
YMR091C,YAL032C,0,-0.9819715,0.08906541764736176,0.953000009059906,0.9746999740600586
YDR238C,YAL007C,0,-0.98197645,0.08905709534883499,0.953000009059906,0.9747999906539917
YLR309C,YDR079C-A,0,-0.9821031,0.08904877305030823,0.953000009059906,0.9749000072479248
YCR072C,YOL095C,0,-0.98268485,0.08904045820236206,0.953000009059906,0.9750000238418579
YJR064W,YMR202W,0,-0.98268956,0.0890321359038353,0.953000009059906,0.9750999808311462
YGR268C,YMR036C,0,-0.98287636,0.08902382105588913,0.953000009059906,0.9751999974250793
YKR024C,YFL024C,0,-0.98314285,0.08901550620794296,0.953000009059906,0.9753000140190125
YOR099W,YDL097C,0,-0.98372334,0.0890071913599968,0.953000009059906,0.9753999710083008
YLR396C,YDR046C,0,-0.9839122,0.08899887651205063,0.953000009059906,0.9754999876022339
YDR507C,YHR098C,0,-0.985995,0.08899056911468506,0.953000009059906,0.975600004196167
YMR287C,YNL012W,0,-0.98663837,0.08898226171731949,0.953000009059906,0.9757000207901001
YNL023C,YDL020C,1,-0.9897873,0.08906731754541397,0.9539999961853027,0.9757000207901001
YKL175W,YDR182W,0,-0.99102825,0.0890590026974678,0.9539999961853027,0.9757999777793884
YOR064C,YLR427W,0,-0.99151,0.08905068784952164,0.9539999961853027,0.9758999943733215
YBL078C,YLR007W,0,-0.992025,0.08904237300157547,0.9539999961853027,0.9760000109672546
YMR077C,YGL181W,0,-0.9922041,0.0890340656042099,0.9539999961853027,0.9761000275611877
YDR148C,YHR194W,0,-0.99422663,0.08902575820684433,0.9539999961853027,0.9761999845504761
YOR117W,YBR059C,0,-0.995085,0.08901745080947876,0.9539999961853027,0.9763000011444092
YML011C,YDR283C,0,-0.9954821,0.08900914341211319,0.9539999961853027,0.9764000177383423
YKR048C,YOR089C,0,-0.9959934,0.08900083601474762,0.9539999961853027,0.9764999747276306
YLR259C,YPL240C,0,-0.9982676,0.08899253606796265,0.9539999961853027,0.9765999913215637
YBL064C,YJR059W,0,-1.0006448,0.08898423612117767,0.9539999961853027,0.9767000079154968
YGR002C,YDR092W,0,-1.001548,0.0889759361743927,0.9539999961853027,0.9768000245094299
YBL099W,YCR008W,0,-1.0019697,0.08896763622760773,0.9539999961853027,0.9768999814987183
YPR018W,YGL171W,0,-1.003462,0.08895934373140335,0.9539999961853027,0.9769999980926514
YDR440W,YCL059C,0,-1.004444,0.08895105123519897,0.9539999961853027,0.9771000146865845
YKL093W,YKL034W,0,-1.0050844,0.0889427587389946,0.9539999961853027,0.9771999716758728
YGL213C,YML127W,0,-1.0062195,0.08893446624279022,0.9539999961853027,0.9772999882698059
YNL192W,YHR158C,0,-1.0062886,0.08892617374658585,0.9539999961853027,0.977400004863739
YLR113W,YKL119C,0,-1.0063388,0.08891788870096207,0.9539999961853027,0.9775000214576721
YBL058W,YJR049C,0,-1.0079403,0.08890959620475769,0.9539999961853027,0.9775999784469604
YBR215W,YGR002C,0,-1.0088822,0.08890131115913391,0.9539999961853027,0.9776999950408936
YNR023W,YNL197C,0,-1.009626,0.08889303356409073,0.9539999961853027,0.9778000116348267
YDR421W,YKR007W,0,-1.0105152,0.08888474851846695,0.9539999961853027,0.9779000282287598
YPR056W,YDR168W,0,-1.0106437,0.08887647092342377,0.9539999961853027,0.9779999852180481
YNL047C,YBR290W,0,-1.011646,0.08886818587779999,0.9539999961853027,0.9781000018119812
YPL011C,YLL001W,0,-1.0125806,0.0888599082827568,0.9539999961853027,0.9782000184059143
YCR042C,YHR157W,0,-1.0127152,0.08885163813829422,0.9539999961853027,0.9782999753952026
YJL173C,YOR182C,0,-1.0132682,0.08884336054325104,0.9539999961853027,0.9783999919891357
YPL075W,YJR044C,0,-1.013605,0.08883509039878845,0.9539999961853027,0.9785000085830688
YPR093C,YKL015W,0,-1.0136477,0.08882681280374527,0.9539999961853027,0.978600025177002
YDR163W,YIR025W,0,-1.01391,0.08881854265928268,0.9539999961853027,0.9786999821662903
YML129C,YDL229W,0,-1.0153366,0.0888102799654007,0.9539999961853027,0.9787999987602234
YPL217C,YBL099W,0,-1.0154419,0.08880200982093811,0.9539999961853027,0.9789000153541565
YNL299W,YDR436W,0,-1.0163641,0.08879374712705612,0.9539999961853027,0.9789999723434448
YDR091C,YAL035W,0,-1.0185162,0.08878548443317413,0.9539999961853027,0.9790999889373779
YFR004W,YBL093C,0,-1.0185647,0.08877722173929214,0.9539999961853027,0.979200005531311
YOR057W,YKL176C,0,-1.020749,0.08876895904541016,0.9539999961853027,0.9793000221252441
YPR143W,YIL019W,0,-1.0213454,0.08876069635152817,0.9539999961853027,0.9793999791145325
YBL102W,YJL128C,0,-1.0219893,0.08875244110822678,0.9539999961853027,0.9794999957084656
YHR163W,YBR088C,0,-1.022385,0.08874418586492538,0.9539999961853027,0.9796000123023987
YGR134W,YBR217W,0,-1.0243243,0.08873593062162399,0.9539999961853027,0.9797000288963318
YFL022C,YEL060C,0,-1.0243381,0.0887276753783226,0.9539999961853027,0.9797999858856201
YML076C,YPL248C,1,-1.0258237,0.08881242573261261,0.9549999833106995,0.9797999858856201
YDL020C,YFL031W,1,-1.0269613,0.08889715373516083,0.9559999704360962,0.9797999858856201
YDR311W,YPL137C,0,-1.0278832,0.08888889104127884,0.9559999704360962,0.9799000024795532
YMR079W,YER003C,0,-1.0299107,0.08888062834739685,0.9559999704360962,0.9800000190734863
YKL192C,YOR020C,0,-1.031737,0.08887236565351486,0.9559999704360962,0.9800999760627747
YGR159C,YLR221C,0,-1.0317465,0.08886410295963287,0.9559999704360962,0.9801999926567078
YGL168W,YML093W,0,-1.0361987,0.08885584026575089,0.9559999704360962,0.9803000092506409
YNL216W,YPL248C,1,-1.0373379,0.08894052356481552,0.9570000171661377,0.9803000092506409
YOL139C,YMR260C,0,-1.0391159,0.08893225342035294,0.9570000171661377,0.980400025844574
YKR067W,YIL103W,0,-1.0395465,0.08892399072647095,0.9570000171661377,0.9804999828338623
YDR096W,YGR249W,1,-1.0397183,0.0890086442232132,0.9580000042915344,0.9804999828338623
YPL248C,YGL073W,1,-1.0428602,0.08909327536821365,0.9589999914169312,0.9804999828338623
YPR056W,YGL095C,0,-1.0428928,0.08908499777317047,0.9589999914169312,0.9805999994277954
YMR004W,YMR192W,0,-1.0437456,0.08907672017812729,0.9589999914169312,0.9807000160217285
YBL071W-A,YDR480W,0,-1.0444298,0.0890684500336647,0.9589999914169312,0.9807999730110168
YOL102C,YPL146C,0,-1.0446434,0.08906017988920212,0.9589999914169312,0.98089998960495
YLR427W,YDR477W,0,-1.0468556,0.08905190974473953,0.9589999914169312,0.9810000061988831
YPR193C,YGL180W,0,-1.0482502,0.08904363960027695,0.9589999914169312,0.9811000227928162
YKR053C,YLL001W,0,-1.0489129,0.08903536945581436,0.9589999914169312,0.9811999797821045
YKR089C,YLR119W,0,-1.0501285,0.08902710676193237,0.9589999914169312,0.9812999963760376
YKR008W,YHR077C,0,-1.0502049,0.08901884406805038,0.9589999914169312,0.9814000129699707
YLL043W,YNL039W,0,-1.0543681,0.0890105813741684,0.9589999914169312,0.9815000295639038
YPR176C,YOR198C,0,-1.0552087,0.08900231868028641,0.9589999914169312,0.9815999865531921
YJL190C,YBR288C,0,-1.0565077,0.08899406343698502,0.9589999914169312,0.9817000031471252
YBR297W,YPL133C,1,-1.0589485,0.08907859027385712,0.9599999785423279,0.9817000031471252
YML062C,YFL021W,0,-1.0597799,0.08907032757997513,0.9599999785423279,0.9818000197410583
YIL052C,YER003C,0,-1.0602497,0.08906206488609314,0.9599999785423279,0.9818999767303467
YFL025C,YPL227C,0,-1.0604035,0.08905380219221115,0.9599999785423279,0.9819999933242798
YFR004W,YGR270W,0,-1.0611705,0.08904553949832916,0.9599999785423279,0.9821000099182129
YMR308C,YOR361C,0,-1.0615214,0.08903728425502777,0.9599999785423279,0.982200026512146
YGL011C,YKL002W,0,-1.0619445,0.08902902901172638,0.9599999785423279,0.9822999835014343
YOR340C,YOR211C,0,-1.0622379,0.08902077376842499,0.9599999785423279,0.9824000000953674
YDR255C,YLR170C,0,-1.0633453,0.0890125185251236,0.9599999785423279,0.9825000166893005
YHR090C,YLR399C,0,-1.0634385,0.0890042632818222,0.9599999785423279,0.9825999736785889
YDR251W,YAL035W,0,-1.0639298,0.08899601548910141,0.9599999785423279,0.982699990272522
YNL325C,YDR166C,0,-1.0640063,0.08898776769638062,0.9599999785423279,0.9828000068664551
YDR184C,YOL135C,0,-1.0640115,0.08897951245307922,0.9599999785423279,0.9829000234603882
YLR401C,YDL065C,0,-1.0644954,0.08897127211093903,0.9599999785423279,0.9829999804496765
YPL193W,YOL072W,0,-1.0651292,0.08896302431821823,0.9599999785423279,0.9830999970436096
YKL176C,YPR143W,0,-1.0658472,0.08895478397607803,0.9599999785423279,0.9832000136375427
YPL178W,YJL124C,0,-1.0700701,0.08894653618335724,0.9599999785423279,0.983299970626831
YMR022W,YAL056W,0,-1.0705913,0.08893829584121704,0.9599999785423279,0.9833999872207642
YPL128C,YBR297W,1,-1.0717914,0.089022696018219,0.9610000252723694,0.9833999872207642
YMR037C,YML076C,1,-1.0740274,0.08910707384347916,0.9620000123977661,0.9833999872207642
YDR358W,YDR480W,0,-1.0745839,0.08909882605075836,0.9620000123977661,0.9835000038146973
YGL174W,YDR147W,0,-1.0746998,0.08909057080745697,0.9620000123977661,0.9836000204086304
YGR002C,YDR043C,0,-1.0763222,0.08908232301473618,0.9620000123977661,0.9836999773979187
YGL073W,YDR151C,1,-1.0772626,0.08916666358709335,0.9629999995231628,0.9836999773979187
YBR089C-A,YBR119W,0,-1.0791925,0.08915840834379196,0.9629999995231628,0.9837999939918518
YML011C,YLL061W,0,-1.0843917,0.08915016055107117,0.9629999995231628,0.9839000105857849
YPL213W,YMR061W,0,-1.0846363,0.08914190530776978,0.9629999995231628,0.984000027179718
YKR008W,YDR179C,0,-1.0872525,0.08913365751504898,0.9629999995231628,0.9840999841690063
YHR065C,YGL006W,0,-1.0891529,0.08912540227174759,0.9629999995231628,0.9842000007629395
YHL027W,YOR269W,0,-1.0906876,0.0891171544790268,0.9629999995231628,0.9843000173568726
YGL096W,YOR380W,1,-1.0908595,0.0892014428973198,0.9639999866485596,0.9843000173568726
YDR365C,YOR320C,0,-1.0920621,0.0891931876540184,0.9639999866485596,0.9843999743461609
YLL041C,YBR273C,0,-1.0925537,0.08918493986129761,0.9639999866485596,0.984499990940094
YOL068C,YOR211C,0,-1.0937878,0.08917668461799622,0.9639999866485596,0.9846000075340271
YOR275C,YMR167W,0,-1.0938773,0.08916843682527542,0.9639999866485596,0.9847000241279602
YOR099W,YBL099W,0,-1.0954636,0.08916018903255463,0.9639999866485596,0.9847999811172485
YPR103W,YDR023W,0,-1.0977639,0.08915194869041443,0.9639999866485596,0.9848999977111816
YLR117C,YPL193W,0,-1.0978851,0.08914370089769363,0.9639999866485596,0.9850000143051147
YOR120W,YNR015W,0,-1.09862,0.08913546055555344,0.9639999866485596,0.9850999712944031
YDR288W,YDR295C,0,-1.0992489,0.08912722021341324,0.9639999866485596,0.9851999878883362
YDL166C,YBR059C,0,-1.0995847,0.08911897987127304,0.9639999866485596,0.9853000044822693
YPL130W,YOR026W,0,-1.0998684,0.08911073952913284,0.9639999866485596,0.9854000210762024
YJL095W,YMR061W,0,-1.1002872,0.08910250663757324,0.9639999866485596,0.9854999780654907
YDR277C,YER169W,0,-1.1006349,0.08909426629543304,0.9639999866485596,0.9855999946594238
YDR311W,YHR072W,0,-1.1019113,0.08908603340387344,0.9639999866485596,0.9857000112533569
YLR309C,YDL058W,0,-1.1020952,0.08907780796289444,0.9639999866485596,0.98580002784729
YBR279W,YIL153W,0,-1.1041144,0.08906957507133484,0.9639999866485596,0.9858999848365784
YIL122W,YJL165C,0,-1.1087011,0.08906134217977524,0.9639999866485596,0.9860000014305115
YER040W,YGL073W,1,-1.1088775,0.08914549648761749,0.9649999737739563,0.9860000014305115
YDL020C,YDR151C,1,-1.1117562,0.08922963589429855,0.9660000205039978,0.9860000014305115
YJL036W,YJR046W,0,-1.1126227,0.08922138810157776,0.9660000205039978,0.9861000180244446
YBR207W,YPR023C,0,-1.1138618,0.08921314775943756,0.9660000205039978,0.9861999750137329
YDR096W,YGL073W,1,-1.1140639,0.08929725736379623,0.9670000076293945,0.9861999750137329
YFR041C,YJL019W,0,-1.1168743,0.08928900957107544,0.9670000076293945,0.986299991607666
YPR182W,YNL167C,0,-1.1172543,0.08928076922893524,0.9670000076293945,0.9864000082015991
YLL042C,YNL133C,0,-1.1202136,0.08927252888679504,0.9670000076293945,0.9865000247955322
YML014W,YNL002C,0,-1.120856,0.08926428854465485,0.9670000076293945,0.9865999817848206
YCR009C,YKR067W,0,-1.1210487,0.08925604820251465,0.9670000076293945,0.9866999983787537
YPR086W,YNL031C,0,-1.1220084,0.08924780786037445,0.9670000076293945,0.9868000149726868
YPR198W,YER129W,0,-1.122645,0.08923957496881485,0.9670000076293945,0.9868999719619751
YBR024W,YOR002W,0,-1.1286621,0.08923133462667465,0.9670000076293945,0.9869999885559082
YDL145C,YMR260C,0,-1.1328348,0.08922310173511505,0.9670000076293945,0.9871000051498413
YDL020C,YPL133C,1,-1.1330622,0.08930712938308716,0.9679999947547913,0.9871000051498413
YJL004C,YHR019C,0,-1.135423,0.08929889649152756,0.9679999947547913,0.9872000217437744
YOL011W,YNL294C,0,-1.1355077,0.08929065614938736,0.9679999947547913,0.9872999787330627
YER040W,YDL020C,1,-1.136161,0.08937465399503708,0.968999981880188,0.9872999787330627
YLR007W,YNL107W,0,-1.1374962,0.08936641365289688,0.968999981880188,0.9873999953269958
YDR200C,YKL020C,0,-1.1432052,0.08935817331075668,0.968999981880188,0.987500011920929
YHR170W,YLR009W,0,-1.1446574,0.08934993296861649,0.968999981880188,0.9876000285148621
YLR060W,YLR186W,0,-1.1465853,0.08934169262647629,0.968999981880188,0.9876999855041504
YCR027C,YGL038C,0,-1.1475745,0.08933345973491669,0.968999981880188,0.9878000020980835
YFR029W,YNL038W,0,-1.1490564,0.08932521939277649,0.968999981880188,0.9879000186920166
YPL213W,YNL197C,0,-1.1493288,0.08931698650121689,0.968999981880188,0.9879999756813049
YNL023C,YML076C,1,-1.1529093,0.08940092474222183,0.9700000286102295,0.9879999756813049
YDL147W,YOL130W,0,-1.1535898,0.08939268440008163,0.9700000286102295,0.988099992275238
YPR100W,YOR279C,0,-1.155511,0.08938444405794144,0.9700000286102295,0.9882000088691711
YOR294W,YJL053W,0,-1.1563197,0.08937621116638184,0.9700000286102295,0.9883000254631042
YJL045W,YGL048C,0,-1.1572382,0.08936797827482224,0.9700000286102295,0.9883999824523926
YNL244C,YKL059C,0,-1.1577259,0.08935974538326263,0.9700000286102295,0.9884999990463257
YPL179W,YJL192C,0,-1.157874,0.08935151249170303,0.9700000286102295,0.9886000156402588
YLR144C,YIL160C,0,-1.1588429,0.08934327960014343,0.9700000286102295,0.9886999726295471
YEL061C,YER167W,0,-1.1615503,0.08933505415916443,0.9700000286102295,0.9887999892234802
YOR058C,YGR183C,0,-1.1635379,0.08932682871818542,0.9700000286102295,0.9889000058174133
YIL046W,YJL100W,0,-1.1636845,0.08931860327720642,0.9700000286102295,0.9890000224113464
YGL038C,YDR121W,0,-1.1654303,0.08931037783622742,0.9700000286102295,0.9890999794006348
YAL029C,YMR041C,0,-1.1663376,0.08930215239524841,0.9700000286102295,0.9891999959945679
YLR309C,YOR150W,0,-1.166848,0.08929393440485,0.9700000286102295,0.989300012588501
YOL102C,YBL093C,0,-1.1690159,0.0892857164144516,0.9700000286102295,0.9894000291824341
YMR308C,YOR207C,0,-1.1715143,0.08927749842405319,0.9700000286102295,0.9894999861717224
YGL011C,YOR085W,0,-1.1777433,0.08926928043365479,0.9700000286102295,0.9896000027656555
YAL029C,YJL101C,0,-1.1802953,0.08926106244325638,0.9700000286102295,0.9897000193595886
YEL042W,YJL111W,0,-1.1804688,0.08925285190343857,0.9700000286102295,0.989799976348877
YKR097W,YJL102W,0,-1.1861204,0.08924464136362076,0.9700000286102295,0.9898999929428101
YKL059C,YKL195W,0,-1.1884643,0.08923643082380295,0.9700000286102295,0.9900000095367432
YBR296C,YGL145W,0,-1.1887988,0.08922822028398514,0.9700000286102295,0.9901000261306763
YBR280C,YGL181W,0,-1.1917101,0.08922001719474792,0.9700000286102295,0.9901999831199646
YBR171W,YGR185C,0,-1.1945978,0.08921180665493011,0.9700000286102295,0.9902999997138977
YGL073W,YLR403W,1,-1.1954817,0.08929556608200073,0.9710000157356262,0.9902999997138977
YKL195W,YDR148C,0,-1.1967311,0.08928735554218292,0.9710000157356262,0.9904000163078308
YGR159C,YNL290W,0,-1.1974323,0.08927914500236511,0.9710000157356262,0.9904999732971191
YGL073W,YIL101C,1,-1.1983497,0.08936287462711334,0.972000002861023,0.9904999732971191
YOR245C,YMR041C,0,-1.2017009,0.08935466408729553,0.972000002861023,0.9905999898910522
YIL125W,YNL015W,0,-1.2080101,0.08934644609689713,0.972000002861023,0.9907000064849854
YPR143W,YPR193C,0,-1.2084378,0.08933823555707932,0.972000002861023,0.9908000230789185
YIR004W,YGL038C,0,-1.2102066,0.0893300250172615,0.972000002861023,0.9908999800682068
YJR059W,YER053C,0,-1.2192727,0.0893218144774437,0.972000002861023,0.9909999966621399
YKR067W,YLR025W,0,-1.2229792,0.08931361138820648,0.972000002861023,0.991100013256073
YMR016C,YGL071W,1,-1.2277981,0.08939728140830994,0.9729999899864197,0.991100013256073
YBR201W,YBR244W,0,-1.2297353,0.08938907086849213,0.9729999899864197,0.9911999702453613
YJL203W,YNR039C,0,-1.2302523,0.08938085287809372,0.9729999899864197,0.9912999868392944
YBR059C,YBR217W,0,-1.2309085,0.0893726497888565,0.9729999899864197,0.9914000034332275
YDR096W,YPL133C,1,-1.2318608,0.08945628255605698,0.9739999771118164,0.9914000034332275
YKR089C,YNL131W,0,-1.2321805,0.08944806456565857,0.9739999771118164,0.9915000200271606
YMR016C,YHR084W,1,-1.2337533,0.08953168243169785,0.9750000238418579,0.9915000200271606
YKL196C,YML093W,0,-1.2355211,0.08952345699071884,0.9750000238418579,0.991599977016449
YDR043C,YPR186C,0,-1.2361356,0.08951523900032043,0.9750000238418579,0.9916999936103821
YDR167W,YDR075W,0,-1.236834,0.08950702100992203,0.9750000238418579,0.9918000102043152
YNL047C,YDL028C,0,-1.2431928,0.08949880301952362,0.9750000238418579,0.9919000267982483
YKR089C,YDR256C,0,-1.2442635,0.08949059247970581,0.9750000238418579,0.9919999837875366
YCL054W,YOR150W,0,-1.2496849,0.089482381939888,0.9750000238418579,0.9921000003814697
YOR294W,YDL065C,0,-1.2503108,0.0894741639494896,0.9750000238418579,0.9922000169754028
YMR037C,YNL023C,1,-1.2517164,0.0895577147603035,0.9760000109672546,0.9922000169754028
YGL005C,YBL071W-A,0,-1.254427,0.08954949676990509,0.9760000109672546,0.9922999739646912
YKR050W,YLR189C,0,-1.2548538,0.08954128623008728,0.9760000109672546,0.9923999905586243
YGR009C,YMR213W,0,-1.2558566,0.08953306823968887,0.9760000109672546,0.9925000071525574
YDR479C,YFR014C,0,-1.2568895,0.08952485769987106,0.9760000109672546,0.9926000237464905
YNL244C,YJR090C,0,-1.2574166,0.08951664716005325,0.9760000109672546,0.9926999807357788
YGR002C,YOR256C,0,-1.2578073,0.08950843662023544,0.9760000109672546,0.9927999973297119
YJL190C,YIL075C,0,-1.2581848,0.08950022608041763,0.9760000109672546,0.992900013923645
YDR479C,YGL180W,0,-1.2613677,0.08949202299118042,0.9760000109672546,0.9929999709129333
YMR198W,YIR023W,0,-1.2624849,0.0894838199019432,0.9760000109672546,0.9930999875068665
YKL212W,YDL126C,0,-1.2638432,0.089475616812706,0.9760000109672546,0.9932000041007996
YNL199C,YBR057C,0,-1.2652873,0.08946741372346878,0.9760000109672546,0.9933000206947327
YDR478W,YOR211C,0,-1.2659048,0.08945921063423157,0.9760000109672546,0.993399977684021
YGL071W,YHR206W,1,-1.2712454,0.08954266458749771,0.9769999980926514,0.993399977684021
YKR002W,YNL054W,0,-1.2726735,0.0895344540476799,0.9769999980926514,0.9934999942779541
YDR088C,YLR193C,0,-1.273219,0.08952625095844269,0.9769999980926514,0.9936000108718872
YBR217W,YJL101C,0,-1.2748736,0.08951804786920547,0.9769999980926514,0.9937000274658203
YPL193W,YHR150W,0,-1.2765496,0.08950985223054886,0.9769999980926514,0.9937999844551086
YLR403W,YIL101C,1,-1.2775819,0.08959325402975082,0.9779999852180481,0.9937999844551086
YPL159C,YIL122W,0,-1.2805325,0.08958505094051361,0.9779999852180481,0.9939000010490417
YIL046W,YBR077C,0,-1.2884539,0.0895768478512764,0.9779999852180481,0.9940000176429749
YBR201W,YOL054W,0,-1.2889949,0.08956864476203918,0.9779999852180481,0.9940999746322632
YDR255C,YER159C,0,-1.2893047,0.08956044167280197,0.9779999852180481,0.9941999912261963
YLR309C,YEL061C,0,-1.2896833,0.08955223858356476,0.9779999852180481,0.9943000078201294
YDR096W,YLR403W,1,-1.2943081,0.08963559567928314,0.9789999723434448,0.9943000078201294
YOR064C,YEL060C,0,-1.2980589,0.08962739259004593,0.9789999723434448,0.9944000244140625
YJL203W,YDR311W,0,-1.301581,0.08961918950080872,0.9789999723434448,0.9944999814033508
YNL023C,YNL216W,1,-1.3049294,0.08970251679420471,0.9800000190734863,0.9944999814033508
YMR036C,YJL013C,0,-1.3052186,0.0896943062543869,0.9800000190734863,0.9945999979972839
YLR219W,YGR005C,0,-1.3098825,0.08968609571456909,0.9800000190734863,0.994700014591217
YKL009W,YNL182C,0,-1.3098894,0.08967789262533188,0.9800000190734863,0.9947999715805054
YMR037C,YGL073W,1,-1.3105315,0.08976118266582489,0.9810000061988831,0.9947999715805054
YMR139W,YDL013W,0,-1.3166746,0.08975297212600708,0.9810000061988831,0.9948999881744385
YOR057W,YOL109W,0,-1.3173811,0.08974476158618927,0.9810000061988831,0.9950000047683716
YDR216W,YLR403W,1,-1.3180044,0.08982802927494049,0.9819999933242798,0.9950000047683716
YFL036W,YER068W,0,-1.3290716,0.08981981128454208,0.9819999933242798,0.9951000213623047
YNL023C,YDR096W,1,-1.330077,0.08990305662155151,0.9829999804496765,0.9951000213623047
YOR027W,YNL159C,0,-1.3570474,0.08989483118057251,0.9829999804496765,0.995199978351593
YDR513W,YKR097W,0,-1.3617686,0.0898866131901741,0.9829999804496765,0.9952999949455261
YPR198W,YJL053W,0,-1.3633965,0.0898783951997757,0.9829999804496765,0.9954000115394592
YMR037C,YDL020C,1,-1.3638499,0.08996160328388214,0.984000027179718,0.9954000115394592
YBR297W,YLR403W,1,-1.3643093,0.09004479646682739,0.9850000143051147,0.9954000115394592
YDR423C,YMR179W,0,-1.3720769,0.09003656357526779,0.9850000143051147,0.9955000281333923
YDR216W,YIL101C,1,-1.3724984,0.09011973440647125,0.9860000014305115,0.9955000281333923
YJL100W,YOR030W,0,-1.3731928,0.09011149406433105,0.9860000014305115,0.9955999851226807
YDL005C,YGL252C,0,-1.3783079,0.09010326117277145,0.9860000014305115,0.9957000017166138
YER159C,YBR049C,0,-1.382912,0.09009502828121185,0.9860000014305115,0.9958000183105469
YPR182W,YAL055W,0,-1.3857781,0.09008679538965225,0.9860000014305115,0.9958999752998352
YNL014W,YGR245C,0,-1.3921229,0.09007856994867325,0.9860000014305115,0.9959999918937683
YOL135C,YLR200W,0,-1.3964726,0.09007033705711365,0.9860000014305115,0.9961000084877014
YNL131W,YBR077C,0,-1.4072843,0.09006211161613464,0.9860000014305115,0.9962000250816345
YKR063C,YMR213W,0,-1.4102776,0.09005388617515564,0.9860000014305115,0.9962999820709229
YER030W,YDR194C,0,-1.414046,0.09004566073417664,0.9860000014305115,0.996399998664856
YEL061C,YOL066C,0,-1.4149932,0.09003744274377823,0.9860000014305115,0.9965000152587891
YPL130W,YOR256C,0,-1.4182608,0.09002921730279922,0.9860000014305115,0.9965999722480774
YDL058W,YPL130W,0,-1.4214535,0.09002099931240082,0.9860000014305115,0.9966999888420105
YBR278W,YBR105C,0,-1.4234078,0.09001278132200241,0.9860000014305115,0.9968000054359436
YNL161W,YOL026C,0,-1.4249893,0.090004563331604,0.9860000014305115,0.9969000220298767
YMR037C,YLR403W,1,-1.4432678,0.09008762240409851,0.9869999885559082,0.9969000220298767
YGR048W,YLL043W,0,-1.4470035,0.0900794044137001,0.9869999885559082,0.996999979019165
YNL216W,YDL020C,1,-1.4568626,0.09016244113445282,0.9879999756813049,0.996999979019165
YLR069C,YMR091C,0,-1.4604551,0.09015420824289322,0.9879999756813049,0.9970999956130981
YGL011C,YNL133C,0,-1.4625616,0.09014598280191422,0.9879999756813049,0.9972000122070312
YJL166W,YDL065C,0,-1.4756885,0.09013776481151581,0.9879999756813049,0.9973000288009644
YGL096W,YLR403W,1,-1.4790548,0.09022076427936554,0.9890000224113464,0.9973000288009644
YEL061C,YGR072W,0,-1.4857192,0.09021253138780594,0.9890000224113464,0.9973999857902527
YDL113C,YOL109W,0,-1.4864103,0.09020430594682693,0.9890000224113464,0.9975000023841858
YNL216W,YLR403W,1,-1.4993821,0.09028727561235428,0.9900000095367432,0.9975000023841858
YMR037C,YDR096W,1,-1.5020593,0.09037023782730103,0.9909999966621399,0.9975000023841858
YGR268C,YBR214W,0,-1.5235972,0.09036199748516083,0.9909999966621399,0.9976000189781189
YNL244C,YJL101C,0,-1.5344245,0.09035375714302063,0.9909999966621399,0.9976999759674072
YLR069C,YNR034W,0,-1.5375887,0.09034551680088043,0.9909999966621399,0.9977999925613403
YMR014W,YPR037C,0,-1.5386297,0.09033728390932083,0.9909999966621399,0.9979000091552734
YKL020C,YJR046W,0,-1.5481118,0.09032905101776123,0.9909999966621399,0.9980000257492065
YPL147W,YLR144C,0,-1.5581638,0.09032081812620163,0.9909999966621399,0.9980999827384949
YJL166W,YPR086W,0,-1.5587223,0.09031258523464203,0.9909999966621399,0.998199999332428
YDR494W,YGL252C,0,-1.5683181,0.09030435234308243,0.9909999966621399,0.9983000159263611
YER040W,YML076C,1,-1.5693803,0.0903872400522232,0.9919999837875366,0.9983000159263611
YDR216W,YDL020C,1,-1.5798862,0.09047012031078339,0.9929999709129333,0.9983000159263611
YMR197C,YOR319W,0,-1.5859072,0.09046187251806259,0.9929999709129333,0.9983999729156494
YPR198W,YLR220W,0,-1.5986253,0.0904536321759224,0.9929999709129333,0.9984999895095825
YGL011C,YMR197C,0,-1.6115195,0.09044539928436279,0.9929999709129333,0.9986000061035156
YKL146W,YLL041C,0,-1.6486008,0.0904371589422226,0.9929999709129333,0.9987000226974487
YOR028C,YJL112W,0,-1.6564469,0.090428926050663,0.9929999709129333,0.9987999796867371
YDL020C,YIL101C,1,-1.6599623,0.0905117467045784,0.9940000176429749,0.9987999796867371
YNL008C,YKL032C,0,-1.6970685,0.0905035063624382,0.9940000176429749,0.9988999962806702
YER068W,YKL113C,0,-1.6992217,0.090495266020298,0.9940000176429749,0.9990000128746033
YLR403W,YDL020C,1,-1.7045182,0.09057806432247162,0.9950000047683716,0.9990000128746033
YER148W,YEL060C,0,-1.7098625,0.09056981652975082,0.9950000047683716,0.9991000294685364
YIL031W,YOL100W,0,-1.7177719,0.09056157618761063,0.9950000047683716,0.9991999864578247
YOR113W,YBR244W,0,-1.7289622,0.09055332839488983,0.9950000047683716,0.9993000030517578
YDR069C,YDL013W,0,-1.7979294,0.09054508805274963,0.9950000047683716,0.9994000196456909
YGL096W,YGL073W,1,-1.8005787,0.09062784165143967,0.9959999918937683,0.9994000196456909
YKR089C,YOR257W,0,-1.802714,0.09061960130929947,0.9959999918937683,0.9994999766349792
YJL100W,YPL227C,0,-1.8458205,0.09061135351657867,0.9959999918937683,0.9995999932289124
YDR096W,YIL101C,1,-1.8567134,0.09069407731294632,0.996999979019165,0.9995999932289124
YDR096W,YDL020C,1,-1.8690513,0.09077678620815277,0.9980000257492065,0.9995999932289124
YKL195W,YGL058W,0,-1.9849166,0.09076853096485138,0.9980000257492065,0.9997000098228455
YDR216W,YDR096W,1,-2.0457592,0.09085121750831604,0.9990000128746033,0.9997000098228455
YKL146W,YGR183C,0,-2.0489051,0.09084295481443405,0.9990000128746033,0.9998000264167786
YBR297W,YGL096W,1,-2.051315,0.09092562645673752,1.0,0.9998000264167786
YPL137C,YER035W,0,-2.071543,0.09091735631227493,1.0,0.9998999834060669
YBR216C,YOR330C,0,-2.1516778,0.09090909361839294,1.0,1.0
