Gene A,Gene B,Label,Score,Precision,Recall,False Positive Rate
YGL135W,YGR214W,1,18.546791,1.0,0.0009505703346803784,0.0
YGL031C,YEL050C,1,18.164925,1.0,0.0019011406693607569,0.0
YDR237W,YNL178W,1,18.123928,1.0,0.002851711120456457,0.0
YLR448W,YOR158W,1,17.827961,1.0,0.0038022813387215137,0.0
YKR057W,YJL096W,1,17.806303,1.0,0.00475285155698657,0.0
YJL177W,YDR494W,1,17.278015,1.0,0.005703422240912914,0.0
YLR325C,YDR494W,1,16.943417,1.0,0.006653992459177971,0.0
YGL135W,YPL198W,1,16.925411,1.0,0.0076045626774430275,0.0
YKL138C,YDL191W,1,16.735737,1.0,0.008555132895708084,0.0
YML009C,YGL103W,1,16.234453,1.0,0.00950570311397314,0.0
YKL170W,YJL177W,1,16.092762,1.0,0.010456273332238197,0.0
YKL138C,YPR102C,1,16.029884,1.0,0.011406844481825829,0.0
YER131W,YOR063W,1,15.887292,1.0,0.012357414700090885,0.0
YPL132W,YDR382W,1,15.732439,1.0,0.013307984918355942,0.0
YDL191W,YLR185W,1,15.691574,1.0,0.014258555136620998,0.0
YKL170W,YIL052C,1,15.687897,1.0,0.015209125354886055,0.0
YJR145C,YFR032C-A,1,15.581394,1.0,0.016159696504473686,0.0
YPL249C-A,YER056C-A,1,15.541339,1.0,0.017110265791416168,0.0
YBR189W,YBR251W,1,15.35064,1.0,0.0180608369410038,0.0
YDR116C,YLR249W,1,15.337791,1.0,0.01901140622794628,0.0
YLR061W,YMR142C,1,15.315618,1.0,0.019961977377533913,0.0
YDL082W,YJR094W-A,1,15.2784,1.0,0.020912546664476395,0.0
YJL096W,YOR096W,1,15.271402,1.0,0.021863117814064026,0.0
YER102W,YJR123W,1,15.118291,1.0,0.022813688963651657,0.0
YKL170W,YOR369C,1,15.093799,1.0,0.02376425825059414,0.0
YER074W,YDR471W,1,15.064701,1.0,0.02471482940018177,0.0
YNL252C,YAL003W,1,15.041206,1.0,0.025665398687124252,0.0
YKR085C,YOR096W,1,15.014858,1.0,0.026615969836711884,0.0
YBR282W,YKR057W,1,14.946538,1.0,0.027566539123654366,0.0
YLR264W,YKL170W,1,14.894569,1.0,0.028517110273241997,0.0
YJR123W,YHL001W,1,14.886404,1.0,0.029467681422829628,0.0
YER102W,YOR063W,1,14.770445,1.0,0.03041825070977211,0.0
YMR024W,YNL302C,1,14.765337,1.0,0.03136882185935974,0.0
YJR123W,YDL136W,1,14.76437,1.0,0.03231939300894737,0.0
YGR027C,YPL198W,1,14.715599,1.0,0.033269960433244705,0.0
YLR340W,YNL315C,0,14.671145,0.9722222089767456,0.033269960433244705,0.00010052271682070568
YLR061W,YIL133C,1,14.670909,0.9729729890823364,0.034220531582832336,0.00010052271682070568
YMR024W,YEL054C,1,14.660255,0.9736841917037964,0.03517110273241997,0.00010052271682070568
YML024W,YKL170W,1,14.650187,0.9743589758872986,0.0361216738820076,0.00010052271682070568
YOL040C,YPL198W,1,14.598642,0.9750000238418579,0.03707224503159523,0.00010052271682070568
YGR214W,YJL177W,1,14.573101,0.9756097793579102,0.03802281245589256,0.00010052271682070568
YNL301C,YNL067W,1,14.512676,0.976190447807312,0.038973383605480194,0.00010052271682070568
YGR214W,YMR121C,1,14.467895,0.9767441749572754,0.039923954755067825,0.00010052271682070568
YLR264W,YFR032C-A,1,14.447912,0.9772727489471436,0.04087452590465546,0.00010052271682070568
YPR102C,YJR094W-A,1,14.446013,0.9777777791023254,0.04182509332895279,0.00010052271682070568
YLL045C,YGL129C,1,14.435234,0.97826087474823,0.04277566447854042,0.00010052271682070568
YDL082W,YGR148C,1,14.375843,0.978723406791687,0.04372623562812805,0.00010052271682070568
YBL072C,YOL040C,1,14.366205,0.9791666865348816,0.04467680677771568,0.00010052271682070568
YDR471W,YKR085C,1,14.298903,0.9795918464660645,0.045627377927303314,0.00010052271682070568
YEL050C,YNL002C,1,14.287767,0.9800000190734863,0.04657794535160065,0.00010052271682070568
YDR041W,YOR096W,1,14.270156,0.9803921580314636,0.04752851650118828,0.00010052271682070568
YFR031C-A,YJL096W,1,14.254225,0.9807692170143127,0.04847908765077591,0.00010052271682070568
YKL006W,YHL001W,1,14.193787,0.9811320900917053,0.04942965880036354,0.00010052271682070568
YBR251W,YMR142C,1,14.163498,0.9814814925193787,0.05038022994995117,0.00010052271682070568
YEL054C,YBL090W,1,14.129092,0.9818181991577148,0.051330797374248505,0.00010052271682070568
YPR132W,YOL120C,1,14.08161,0.9821428656578064,0.052281368523836136,0.00010052271682070568
YMR024W,YGR034W,1,14.040426,0.9824561476707458,0.05323193967342377,0.00010052271682070568
YER056C-A,YOL139C,1,14.03459,0.982758641242981,0.0541825108230114,0.00010052271682070568
YGR148C,YKL167C,1,14.015976,0.9830508232116699,0.05513307824730873,0.00010052271682070568
YIL148W,YKL170W,1,14.011606,0.9833333492279053,0.05608364939689636,0.00010052271682070568
YPL198W,YDR494W,1,13.985593,0.9836065769195557,0.057034220546483994,0.00010052271682070568
YBR191W,YBL092W,1,13.950667,0.9838709831237793,0.057984791696071625,0.00010052271682070568
YJL177W,YBL027W,1,13.933592,0.9841269850730896,0.058935362845659256,0.00010052271682070568
YGR027C,YIL133C,1,13.909704,0.984375,0.05988593026995659,0.00010052271682070568
YLR048W,YGR165W,1,13.887743,0.9846153855323792,0.06083650141954422,0.00010052271682070568
YPL079W,YCR003W,1,13.887556,0.9848484992980957,0.06178707256913185,0.00010052271682070568
YGL076C,YBR031W,1,13.882612,0.9850746393203735,0.06273764371871948,0.00010052271682070568
YPL118W,YML026C,1,13.851532,0.9852941036224365,0.06368821114301682,0.00010052271682070568
YPL079W,YNL302C,1,13.85152,0.9855072498321533,0.06463878601789474,0.00010052271682070568
YDL061C,YNL096C,1,13.790269,0.9857142567634583,0.06558935344219208,0.00010052271682070568
YLR264W,YBL090W,1,13.786167,0.98591548204422,0.06653992086648941,0.00010052271682070568
YML073C,YDL082W,1,13.767452,0.9861111044883728,0.06749049574136734,0.00010052271682070568
YDR012W,YKL170W,1,13.754627,0.9863013625144958,0.06844106316566467,0.00010052271682070568
YKL065C,YOL127W,1,13.71764,0.9864864945411682,0.0693916380405426,0.00010052271682070568
YER056C-A,YMR242C,1,13.67731,0.9866666793823242,0.07034220546483994,0.00010052271682070568
YOR369C,YNL067W,1,13.674546,0.9868420958518982,0.07129277288913727,0.00010052271682070568
YLR388W,YBR031W,1,13.654718,0.9870129823684692,0.0722433477640152,0.00010052271682070568
YLR150W,YOR234C,1,13.603813,0.9871794581413269,0.07319391518831253,0.00010052271682070568
YKL065C,YDL191W,1,13.585535,0.9873417615890503,0.07414449006319046,0.00010052271682070568
YFR031C-A,YBL027W,1,13.582165,0.987500011920929,0.07509505748748779,0.00010052271682070568
YOR369C,YBR251W,1,13.575617,0.9876543283462524,0.07604562491178513,0.00010052271682070568
YML073C,YHR021C,1,13.525709,0.9878048896789551,0.07699619978666306,0.00010052271682070568
YPL037C,YOR158W,1,13.513987,0.9879518151283264,0.07794676721096039,0.00010052271682070568
YER131W,YNL252C,1,13.5079,0.988095223903656,0.07889734208583832,0.00010052271682070568
YGL147C,YBL072C,1,13.491612,0.9882352948188782,0.07984790951013565,0.00010052271682070568
YGL076C,YNL067W,1,13.467637,0.9883720874786377,0.08079847693443298,0.00010052271682070568
YPR166C,YNL069C,1,13.452898,0.9885057210922241,0.08174905180931091,0.00010052271682070568
YMR193W,YLR264W,1,13.445957,0.9886363744735718,0.08269961923360825,0.00010052271682070568
YDR405W,YJL190C,1,13.43787,0.9887640476226807,0.08365018665790558,0.00010052271682070568
YEL050C,YNL252C,1,13.43668,0.9888888597488403,0.08460076153278351,0.00010052271682070568
YKL138C,YPL131W,1,13.4244,0.9890109896659851,0.08555132895708084,0.00010052271682070568
YBL028C,YAL003W,1,13.406229,0.989130437374115,0.08650190383195877,0.00010052271682070568
YLR372W,YDR258C,0,13.386568,0.9784946441650391,0.08650190383195877,0.00020104543364141136
YDR382W,YMR225C,1,13.373935,0.978723406791687,0.0874524712562561,0.00020104543364141136
YMR116C,YEL060C,0,13.35437,0.9684210419654846,0.0874524712562561,0.00030156815773807466
YIL052C,YHL001W,1,13.343072,0.96875,0.08840303868055344,0.00030156815773807466
YKL180W,YLR075W,1,13.328554,0.969072163105011,0.08935361355543137,0.00030156815773807466
YLR340W,YNL067W,1,13.28267,0.9693877696990967,0.0903041809797287,0.00030156815773807466
YBR189W,YOR234C,1,13.241622,0.9696969985961914,0.09125475585460663,0.00030156815773807466
YPL211W,YNL252C,1,13.23676,0.9700000286102295,0.09220532327890396,0.00030156815773807466
YML024W,YPL143W,1,13.230886,0.9702970385551453,0.0931558907032013,0.00030156815773807466
YGR085C,YNL122C,1,13.2188835,0.970588207244873,0.09410646557807922,0.00030156815773807466
YLR075W,YGR076C,1,13.203887,0.9708737730979919,0.09505703300237656,0.00030156815773807466
YEL054C,YBR122C,1,13.169842,0.9711538553237915,0.09600760787725449,0.00030156815773807466
YGR085C,YML026C,1,13.162196,0.9714285731315613,0.09695817530155182,0.00030156815773807466
YMR024W,YMR194W,1,13.159491,0.9716981053352356,0.09790874272584915,0.00030156815773807466
YGR148C,YDL075W,1,13.14881,0.9719626307487488,0.09885931760072708,0.00030156815773807466
YKL180W,YOR158W,1,13.118187,0.9722222089767456,0.09980988502502441,0.00030156815773807466
YKL006W,YDR405W,1,13.111614,0.9724770784378052,0.10076045989990234,0.00030156815773807466
YNL185C,YOR234C,1,13.093792,0.9727272987365723,0.10171102732419968,0.00030156815773807466
YJL177W,YCR046C,1,13.064744,0.9729729890823364,0.10266159474849701,0.00030156815773807466
YEL054C,YMR142C,1,13.037233,0.9732142686843872,0.10361216962337494,0.00030156815773807466
YDR012W,YDR382W,1,13.033973,0.9734513163566589,0.10456273704767227,0.00030156815773807466
YOL040C,YGR220C,1,13.018058,0.9736841917037964,0.1055133044719696,0.00030156815773807466
YIL148W,YLR075W,1,12.993014,0.9739130139350891,0.10646387934684753,0.00030156815773807466
YGL189C,YLR344W,1,12.95848,0.9741379022598267,0.10741444677114487,0.00030156815773807466
YGL123W,YJL190C,1,12.938898,0.9743589758872986,0.1083650216460228,0.00030156815773807466
YCR003W,YNL069C,1,12.930878,0.9745762944221497,0.10931558907032013,0.00030156815773807466
YML073C,YBR084C-A,1,12.893197,0.9747899174690247,0.11026615649461746,0.00030156815773807466
YOL039W,YDR447C,1,12.864783,0.9750000238418579,0.11121673136949539,0.00030156815773807466
YBL090W,YDL014W,1,12.858746,0.9752066135406494,0.11216729879379272,0.00030156815773807466
YBR189W,YJL138C,1,12.858143,0.9754098653793335,0.11311787366867065,0.00030156815773807466
YNL096C,YDL191W,1,12.854409,0.9756097793579102,0.11406844109296799,0.00030156815773807466
YJL177W,YMR142C,1,12.828306,0.975806474685669,0.11501900851726532,0.00030156815773807466
YKL065C,YGL030W,1,12.81899,0.9760000109672546,0.11596958339214325,0.00030156815773807466
YPL079W,YGR027C,1,12.816204,0.976190447807312,0.11692015081644058,0.00030156815773807466
YPL249C-A,YBR048W,1,12.77972,0.9763779640197754,0.11787072569131851,0.00030156815773807466
YIL018W,YDL191W,1,12.775852,0.9765625,0.11882129311561584,0.00030156815773807466
YJL191W,YDL136W,1,12.734043,0.9767441749572754,0.11977186053991318,0.00030156815773807466
YPR100W,YBL072C,1,12.699852,0.9769230484962463,0.12072243541479111,0.00030156815773807466
YJR123W,YKL081W,1,12.687939,0.9770992398262024,0.12167300283908844,0.00030156815773807466
YGL123W,YDL136W,1,12.663755,0.9772727489471436,0.12262357771396637,0.00030156815773807466
YOR133W,YKR094C,1,12.660543,0.9774436354637146,0.1235741451382637,0.00030156815773807466
YIL148W,YHL013C,1,12.643852,0.9776119589805603,0.12452471256256104,0.00030156815773807466
YER050C,YMR142C,1,12.637718,0.9777777791023254,0.12547528743743896,0.00030156815773807466
YMR193W,YDR337W,1,12.636228,0.9779411554336548,0.1264258623123169,0.00030156815773807466
YDR237W,YOL121C,1,12.613422,0.9781022071838379,0.12737642228603363,0.00030156815773807466
YMR143W,YCR072C,1,12.596012,0.97826087474823,0.12832699716091156,0.00030156815773807466
YGR027C,YKR057W,1,12.553448,0.9784172773361206,0.1292775720357895,0.00030156815773807466
YLR439W,YLR441C,1,12.538881,0.9785714149475098,0.13022813200950623,0.00030156815773807466
YEL050C,YDL184C,1,12.531747,0.978723406791687,0.13117870688438416,0.00030156815773807466
YGL135W,YBR084C-A,1,12.484973,0.9788732528686523,0.13212928175926208,0.00030156815773807466
YPL143W,YGR220C,1,12.48267,0.9790209531784058,0.13307984173297882,0.00030156815773807466
YLR167W,YKL003C,1,12.426544,0.9791666865348816,0.13403041660785675,0.00030156815773807466
YBR181C,YDL191W,1,12.410707,0.9793103337287903,0.13498099148273468,0.00030156815773807466
YOR182C,YOL039W,1,12.409164,0.9794520735740662,0.1359315663576126,0.00030156815773807466
YLR167W,YMR194W,1,12.403881,0.9795918464660645,0.13688212633132935,0.00030156815773807466
YEL054C,YIL093C,1,12.400513,0.9797297120094299,0.13783270120620728,0.00030156815773807466
YHR203C,YER117W,1,12.371593,0.9798657894134521,0.1387832760810852,0.00030156815773807466
YLR388W,YBL027W,1,12.359242,0.9800000190734863,0.13973383605480194,0.00030156815773807466
YLR367W,YER117W,1,12.34815,0.9801324605941772,0.14068441092967987,0.00030156815773807466
YOR369C,YLR312W-A,1,12.346342,0.9802631735801697,0.1416349858045578,0.00030156815773807466
YDR116C,YDR237W,1,12.326439,0.9803921580314636,0.14258554577827454,0.00030156815773807466
YDL110C,YGL068W,1,12.316577,0.9805194735527039,0.14353612065315247,0.00030156815773807466
YDR322W,YOL040C,1,12.3009405,0.9806451797485352,0.1444866955280304,0.00030156815773807466
YLR264W,YMR121C,1,12.293783,0.9807692170143127,0.14543725550174713,0.00030156815773807466
YHR010W,YDR041W,1,12.28189,0.9808917045593262,0.14638783037662506,0.00030156815773807466
YPL220W,YLR048W,1,12.275413,0.9810126423835754,0.147338405251503,0.00030156815773807466
YOL040C,YOL120C,1,12.225466,0.9811320900917053,0.14828898012638092,0.00030156815773807466
YGR076C,YER117W,1,12.224798,0.981249988079071,0.14923954010009766,0.00030156815773807466
YOR096W,YOR063W,1,12.211309,0.9813664555549622,0.15019011497497559,0.00030156815773807466
YIL148W,YJL190C,1,12.172591,0.9814814925193787,0.15114068984985352,0.00030156815773807466
YPR124W,YPL079W,0,12.162499,0.9754601120948792,0.15114068984985352,0.00040209086728282273
YML063W,YNL252C,1,12.13747,0.9756097793579102,0.15209124982357025,0.00040209086728282273
YLR048W,YBR268W,1,12.126938,0.9757575988769531,0.15304182469844818,0.00040209086728282273
YKL006W,YNL306W,1,12.126509,0.9759036302566528,0.1539923995733261,0.00040209086728282273
YMR237W,YDL083C,1,12.11838,0.976047933101654,0.15494295954704285,0.00040209086728282273
YOR182C,YNL208W,1,12.111209,0.976190447807312,0.15589353442192078,0.00040209086728282273
YKL138C,YMR230W,1,12.101927,0.976331353187561,0.1568441092967987,0.00040209086728282273
YLR061W,YLR287C-A,1,12.0563755,0.9764705896377563,0.15779468417167664,0.00040209086728282273
YOR234C,YHR021C,1,12.05475,0.9766082167625427,0.15874524414539337,0.00040209086728282273
YPL081W,YOR312C,1,12.054465,0.9767441749572754,0.1596958190202713,0.00040209086728282273
YER074W,YDR175C,1,12.021799,0.9768785834312439,0.16064639389514923,0.00040209086728282273
YDL202W,YMR143W,1,12.01815,0.977011501789093,0.16159695386886597,0.00040209086728282273
YJL189W,YLR048W,1,11.965225,0.977142870426178,0.1625475287437439,0.00040209086728282273
YBL027W,YOR150W,1,11.955464,0.9772727489471436,0.16349810361862183,0.00040209086728282273
YDR115W,YBL028C,1,11.941053,0.9774011373519897,0.16444866359233856,0.00040209086728282273
YLR167W,YKR094C,1,11.927876,0.9775280952453613,0.1653992384672165,0.00040209086728282273
YBR189W,YIL052C,1,11.919418,0.9776536226272583,0.16634981334209442,0.00040209086728282273
YGL076C,YJL136C,1,11.907981,0.9777777791023254,0.16730037331581116,0.00040209086728282273
YGL031C,YGR027C,1,11.880139,0.9779005646705627,0.1682509481906891,0.00040209086728282273
YMR242C,YNL081C,1,11.855749,0.9780219793319702,0.16920152306556702,0.00040209086728282273
YDL082W,YMR260C,1,11.854246,0.9781420826911926,0.17015209794044495,0.00040209086728282273
YPL198W,YNL185C,1,11.846922,0.97826087474823,0.17110265791416168,0.00040209086728282273
YGL135W,YLR325C,1,11.844276,0.9783783555030823,0.1720532327890396,0.00040209086728282273
YLR264W,YNL122C,1,11.818649,0.9784946441650391,0.17300380766391754,0.00040209086728282273
YDR418W,YMR158W,1,11.817833,0.9786096215248108,0.17395436763763428,0.00040209086728282273
YNL252C,YDL083C,1,11.815718,0.978723406791687,0.1749049425125122,0.00040209086728282273
YNL067W,YGL103W,1,11.806606,0.9788359999656677,0.17585551738739014,0.00040209086728282273
YDR418W,YMR286W,1,11.793767,0.9789473414421082,0.17680607736110687,0.00040209086728282273
YDL202W,YNL067W,1,11.792998,0.9790576100349426,0.1777566522359848,0.00040209086728282273
YDL061C,YOL120C,1,11.772629,0.9791666865348816,0.17870722711086273,0.00040209086728282273
YHL015W,YHR013C,1,11.762915,0.9792746305465698,0.17965780198574066,0.00040209086728282273
YOR167C,YDR462W,1,11.746765,0.9793814420700073,0.1806083619594574,0.00040209086728282273
YLR075W,YGR085C,1,11.736104,0.9794871807098389,0.18155893683433533,0.00040209086728282273
YBL090W,YCR072C,1,11.715852,0.9795918464660645,0.18250951170921326,0.00040209086728282273
YJL136C,YDL082W,1,11.712294,0.9796954393386841,0.18346007168293,0.00040209086728282273
YPL132W,YML026C,1,11.704278,0.9797979593276978,0.18441064655780792,0.00040209086728282273
YGR027C,YLR439W,1,11.700584,0.979899525642395,0.18536122143268585,0.00040209086728282273
YEL011W,YHR143W-A,0,11.699177,0.9750000238418579,0.18536122143268585,0.0005026136059314013
YOL120C,YJR094W-A,1,11.67728,0.9751243591308594,0.1863117814064026,0.0005026136059314013
YJL136C,YJL190C,1,11.673853,0.9752475023269653,0.18726235628128052,0.0005026136059314013
YDL081C,YOR096W,1,11.664862,0.9753694534301758,0.18821293115615845,0.0005026136059314013
YOR369C,YER050C,1,11.658354,0.9754902124404907,0.18916349112987518,0.0005026136059314013
YPL118W,YPL012W,1,11.644819,0.9756097793579102,0.1901140660047531,0.0005026136059314013
YJR123W,YDR175C,1,11.641146,0.9757281541824341,0.19106464087963104,0.0005026136059314013
YGR076C,YOR182C,1,11.63653,0.9758453965187073,0.19201521575450897,0.0005026136059314013
YLR069C,YKL065C,0,11.632822,0.9711538553237915,0.19201521575450897,0.0006031363154761493
YIL133C,YNL069C,1,11.631367,0.9712918400764465,0.1929657757282257,0.0006031363154761493
YOR158W,YLR333C,1,11.630489,0.9714285731315613,0.19391635060310364,0.0006031363154761493
YNR036C,YOL039W,1,11.622128,0.971563994884491,0.19486692547798157,0.0006031363154761493
YDL202W,YOL040C,1,11.618313,0.9716981053352356,0.1958174854516983,0.0006031363154761493
YHL033C,YIL133C,1,11.607878,0.9718309640884399,0.19676806032657623,0.0006031363154761493
YDR322W,YDL082W,1,11.604956,0.9719626307487488,0.19771863520145416,0.0006031363154761493
YLR167W,YDL061C,1,11.584624,0.9720930457115173,0.1986691951751709,0.0006031363154761493
YER056C-A,YLR333C,1,11.583325,0.9722222089767456,0.19961977005004883,0.0006031363154761493
YGR165W,YKR057W,1,11.568186,0.9723502397537231,0.20057034492492676,0.0006031363154761493
YBL050W,YPL081W,0,11.562386,0.9678899049758911,0.20057034492492676,0.0007036590250208974
YDR091C,YNL302C,1,11.560173,0.9680365324020386,0.2015209197998047,0.0007036590250208974
YER131W,YOL121C,1,11.531824,0.9681817889213562,0.20247147977352142,0.0007036590250208974
YBR122C,YLR441C,1,11.520713,0.9683257937431335,0.20342205464839935,0.0007036590250208974
YIR021W,YDL014W,0,11.499693,0.9639639854431152,0.20342205464839935,0.0008041817345656455
YIL018W,YKR085C,1,11.497611,0.9641255736351013,0.20437262952327728,0.0008041817345656455
YDR418W,YNL122C,1,11.4692745,0.9642857313156128,0.20532318949699402,0.0008041817345656455
YOR293W,YFL034C-A,1,11.462738,0.9644444584846497,0.20627376437187195,0.0008041817345656455
YPL037C,YJL177W,1,11.451121,0.9646017551422119,0.20722433924674988,0.0008041817345656455
YGL076C,YML026C,1,11.448683,0.9647576808929443,0.2081748992204666,0.0008041817345656455
YBL027W,YJR094W-A,1,11.390219,0.9649122953414917,0.20912547409534454,0.0008041817345656455
YDL110C,YML026C,1,11.389861,0.9650654792785645,0.21007604897022247,0.0008041817345656455
YHL004W,YER074W,1,11.38604,0.9652174115180969,0.2110266089439392,0.0008041817345656455
YOR354C,YOR234C,0,11.376642,0.9610389471054077,0.2110266089439392,0.0009047044441103935
YDR012W,YIL133C,1,11.369144,0.9612069129943848,0.21197718381881714,0.0009047044441103935
YGL076C,YDR447C,1,11.365131,0.9613733887672424,0.21292775869369507,0.0009047044441103935
YHR052W,YBR048W,1,11.355674,0.9615384340286255,0.213878333568573,0.0009047044441103935
YLR048W,YDR447C,1,11.353443,0.9617021083831787,0.21482889354228973,0.0009047044441103935
YJR007W,YMR286W,1,11.342663,0.9618644118309021,0.21577946841716766,0.0009047044441103935
YLR344W,YHL001W,1,11.341795,0.9620253443717957,0.2167300432920456,0.0009047044441103935
YBL038W,YLR327C,1,11.33949,0.9621848464012146,0.21768060326576233,0.0009047044441103935
YMR193W,YBL092W,1,11.329877,0.9623430967330933,0.21863117814064026,0.0009047044441103935
YIL018W,YDR116C,1,11.319191,0.9624999761581421,0.2195817530155182,0.0009047044441103935
YJL177W,YKL137W,0,11.253931,0.9585062265396118,0.2195817530155182,0.0010052272118628025
YDL083C,YMR121C,1,11.233511,0.9586777091026306,0.22053231298923492,0.0010052272118628025
YNL252C,YLR003C,0,11.185946,0.9547325372695923,0.22053231298923492,0.0011057498631998897
YIL148W,YJR145C,1,11.182022,0.9549180269241333,0.22148288786411285,0.0011057498631998897
YMR143W,YDR064W,1,11.176063,0.9551020264625549,0.22243346273899078,0.0011057498631998897
YDL081C,YHR141C,1,11.168261,0.9552845358848572,0.2233840376138687,0.0011057498631998897
YKL167C,YDL083C,1,11.163597,0.9554656147956848,0.22433459758758545,0.0011057498631998897
YGL189C,YPL013C,1,11.161333,0.9556451439857483,0.22528517246246338,0.0011057498631998897
YCR031C,YHL001W,1,11.146002,0.9558233022689819,0.2262357473373413,0.0011057498631998897
YLR167W,YHR013C,1,11.132563,0.9559999704360962,0.22718630731105804,0.0011057498631998897
YJR123W,YER050C,1,11.129552,0.9561753273010254,0.22813688218593597,0.0011057498631998897
YDL061C,YPR102C,1,11.124834,0.9563491940498352,0.2290874570608139,0.0011057498631998897
YGL147C,YDR116C,1,11.107243,0.95652174949646,0.23003801703453064,0.0011057498631998897
YJL191W,YML009C,1,11.093245,0.9566929340362549,0.23098859190940857,0.0011057498631998897
YLL045C,YOL121C,1,11.089867,0.95686274766922,0.2319391667842865,0.0011057498631998897
YOR293W,YKL137W,0,11.088016,0.953125,0.2319391667842865,0.0012062726309522986
YDL081C,YMR086W,1,11.085305,0.9533073902130127,0.23288972675800323,0.0012062726309522986
YOR133W,YNL096C,1,11.081884,0.9534883499145508,0.23384030163288116,0.0012062726309522986
YML063W,YNL301C,1,11.078902,0.953667938709259,0.2347908765077591,0.0012062726309522986
YHR170W,YLR312W-A,1,11.072405,0.9538461565971375,0.23574145138263702,0.0012062726309522986
YDR385W,YPL220W,1,11.051168,0.954023003578186,0.23669201135635376,0.0012062726309522986
YGR148C,YER025W,1,11.048019,0.9541984796524048,0.2376425862312317,0.0012062726309522986
YDL061C,YGL129C,1,11.028513,0.9543726444244385,0.23859316110610962,0.0012062726309522986
YDL081C,YKR059W,1,11.02766,0.9545454382896423,0.23954372107982635,0.0012062726309522986
YKR059W,YDL075W,1,11.027554,0.9547169804573059,0.24049429595470428,0.0012062726309522986
YPL079W,YHR170W,1,11.0099945,0.9548872113227844,0.24144487082958221,0.0012062726309522986
YNL208W,YDL075W,1,11.009026,0.9550561904907227,0.24239543080329895,0.0012062726309522986
YLR367W,YMR194W,1,11.006677,0.9552238583564758,0.24334600567817688,0.0012062726309522986
YJL096W,YDL075W,1,10.998186,0.9553903341293335,0.2442965805530548,0.0012062726309522986
YHL033C,YBR139W,0,10.963284,0.9518518447875977,0.2442965805530548,0.0013067952822893858
YGR118W,YDR175C,1,10.939479,0.9520295262336731,0.24524715542793274,0.0013067952822893858
YLR344W,YCR003W,1,10.9149065,0.9522058963775635,0.24619771540164948,0.0013067952822893858
YDR500C,YPR102C,1,10.914839,0.9523809552192688,0.2471482902765274,0.0013067952822893858
YMR194W,YMR121C,1,10.883468,0.9525547623634338,0.24809886515140533,0.0013067952822893858
YOR293W,YGR285C,1,10.881752,0.9527272582054138,0.24904942512512207,0.0013067952822893858
YLL023C,YGR027C,1,10.868036,0.9528985619544983,0.25,0.0013067952822893858
YDR418W,YOL040C,1,10.860315,0.9530686140060425,0.25095057487487793,0.0013067952822893858
YBR189W,YNL005C,1,10.85755,0.9532374143600464,0.25190114974975586,0.0013067952822893858
YJR007W,YPL143W,1,10.851994,0.9534050226211548,0.2528517246246338,0.0013067952822893858
YGR084C,YDL014W,1,10.845267,0.9535714387893677,0.25380226969718933,0.0013067952822893858
YPL081W,YCR046C,1,10.843992,0.9537366628646851,0.25475284457206726,0.0013067952822893858
YPR043W,YDR462W,1,10.839781,0.9539006948471069,0.2557034194469452,0.0013067952822893858
YDR418W,YGR034W,1,10.838996,0.9540635943412781,0.2566539943218231,0.0013067952822893858
YGR054W,YLR333C,1,10.819769,0.9542253613471985,0.25760456919670105,0.0013067952822893858
YBR048W,YNL067W,1,10.797281,0.9543859362602234,0.258555144071579,0.0013067952822893858
YNL302C,YBR084C-A,1,10.796614,0.9545454382896423,0.2595056891441345,0.0013067952822893858
YDR175C,YDR337W,1,10.794474,0.9547038078308105,0.26045626401901245,0.0013067952822893858
YDL082W,YOL139C,1,10.736702,0.9548611044883728,0.2614068388938904,0.0013067952822893858
YJL122W,YDR041W,1,10.732978,0.9550173282623291,0.2623574137687683,0.0013067952822893858
YHL015W,YLR340W,1,10.731269,0.9551724195480347,0.26330798864364624,0.0013067952822893858
YPL132W,YLR029C,1,10.725525,0.9553264379501343,0.26425856351852417,0.0013067952822893858
YDL130W,YIL069C,1,10.723948,0.9554794430732727,0.2652091383934021,0.0013067952822893858
YMR309C,YMR024W,0,10.717415,0.9522184133529663,0.2652091383934021,0.0014073180500417948
YLR244C,YBL090W,1,10.706755,0.9523809552192688,0.26615968346595764,0.0014073180500417948
YPL079W,YNL081C,1,10.706661,0.9525423645973206,0.26711025834083557,0.0014073180500417948
YDL133C-A,YGR027C,1,10.694641,0.9527027010917664,0.2680608332157135,0.0014073180500417948
YDR012W,YPL173W,1,10.679979,0.9528619647026062,0.26901140809059143,0.0014073180500417948
YHL004W,YGR118W,1,10.660837,0.9530201554298401,0.26996198296546936,0.0014073180500417948
YDR237W,YDR337W,1,10.65533,0.953177273273468,0.2709125578403473,0.0014073180500417948
YLR244C,YDR471W,1,10.641567,0.95333331823349,0.2718631327152252,0.0014073180500417948
YEL026W,YHL013C,0,10.63686,0.9501661062240601,0.2718631327152252,0.0015078408177942038
YHL004W,YJL189W,1,10.635582,0.9503311514854431,0.27281367778778076,0.0015078408177942038
YPL081W,YDR041W,1,10.62463,0.9504950642585754,0.2737642526626587,0.0015078408177942038
YOR091W,YNR022C,1,10.6133995,0.9506579041481018,0.2747148275375366,0.0015078408177942038
YHR010W,YLR029C,1,10.596876,0.9508196711540222,0.27566540241241455,0.0015078408177942038
YMR143W,YPR148C,1,10.59313,0.9509803652763367,0.2766159772872925,0.0015078408177942038
YKR059W,YDL191W,1,10.57526,0.9511400461196899,0.2775665521621704,0.0015078408177942038
YER074W,YAL003W,1,10.573132,0.951298713684082,0.27851709723472595,0.0015078408177942038
YPL079W,YBL028C,1,10.546305,0.9514563083648682,0.2794676721096039,0.0015078408177942038
YDR041W,YNL302C,1,10.541985,0.9516128897666931,0.2804182469844818,0.0015078408177942038
YML026C,YBR267W,1,10.54051,0.9517685174942017,0.28136882185935974,0.0015078408177942038
YOR293W,YHR019C,0,10.53835,0.9487179517745972,0.28136882185935974,0.001608363469131291
YPR132W,YNL208W,1,10.52528,0.9488818049430847,0.28231939673423767,0.001608363469131291
YDR012W,YER074W,1,10.520937,0.9490445852279663,0.2832699716091156,0.001608363469131291
YOL120C,YLR388W,1,10.504199,0.9492063522338867,0.28422054648399353,0.001608363469131291
YJR145C,YMR116C,1,10.498541,0.949367105960846,0.2851710915565491,0.001608363469131291
YBL028C,YLR249W,1,10.492924,0.9495267868041992,0.286121666431427,0.001608363469131291
YKL056C,YCR072C,1,10.492893,0.9496855139732361,0.28707224130630493,0.001608363469131291
YCR003W,YKR085C,1,10.490006,0.9498432874679565,0.28802281618118286,0.001608363469131291
YHR141C,YPL090C,1,10.484966,0.949999988079071,0.2889733910560608,0.001608363469131291
YNL252C,YPL198W,1,10.473266,0.9501557350158691,0.2899239659309387,0.001608363469131291
YIL069C,YHR141C,1,10.467527,0.9503105878829956,0.29087451100349426,0.001608363469131291
YPL079W,YLR439W,1,10.452728,0.9504643678665161,0.2918250858783722,0.001608363469131291
YIL018W,YDR091C,1,10.437857,0.9506173133850098,0.2927756607532501,0.001608363469131291
YOL120C,YER056C-A,1,10.426566,0.9507692456245422,0.29372623562812805,0.001608363469131291
YPL173W,YDL014W,1,10.414206,0.9509202241897583,0.294676810503006,0.001608363469131291
YGR118W,YHR013C,1,10.403654,0.9510703086853027,0.2956273853778839,0.001608363469131291
YLL045C,YER074W,1,10.376584,0.9512194991111755,0.29657796025276184,0.001608363469131291
YJR007W,YKR094C,1,10.373104,0.9513677954673767,0.2975285053253174,0.001608363469131291
YJL190C,YNL002C,1,10.370285,0.9515151381492615,0.2984790802001953,0.001608363469131291
YMR193W,YGL123W,1,10.370106,0.9516616463661194,0.29942965507507324,0.001608363469131291
YNL284C,YGR076C,1,10.345503,0.9518072009086609,0.30038022994995117,0.001608363469131291
YMR193W,YBR084C-A,1,10.338004,0.9519519805908203,0.3013308048248291,0.001608363469131291
YLR388W,YMR225C,1,10.328241,0.9520958065986633,0.30228137969970703,0.001608363469131291
YOL120C,YMR242C,1,10.324331,0.9522387981414795,0.3032319247722626,0.001608363469131291
YGL123W,YLR327C,1,10.30607,0.9523809552192688,0.3041824996471405,0.001608363469131291
YHL013C,YBR048W,1,10.305297,0.9525222778320312,0.30513307452201843,0.001608363469131291
YNL096C,YKL003C,1,10.296961,0.9526627063751221,0.30608364939689636,0.001608363469131291
YDL133C-A,YLR344W,1,10.284414,0.9528023600578308,0.3070342242717743,0.001608363469131291
YBR084C-A,YMR121C,1,10.282988,0.9529411792755127,0.3079847991466522,0.001608363469131291
YDR115W,YCR003W,1,10.260986,0.9530791640281677,0.30893537402153015,0.001608363469131291
YLR344W,YBR268W,1,10.241793,0.9532163739204407,0.3098859190940857,0.001608363469131291
YPL037C,YOR253W,1,10.24158,0.9533527493476868,0.3108364939689636,0.001608363469131291
YPL143W,YDR462W,1,10.239948,0.9534883499145508,0.31178706884384155,0.001608363469131291
YBR048W,YNL247W,1,10.219452,0.9536231756210327,0.3127376437187195,0.001608363469131291
YML024W,YOR133W,1,10.1952095,0.9537572264671326,0.3136882185935974,0.001608363469131291
YBR084C-A,YER025W,1,10.195164,0.9538905024528503,0.31463879346847534,0.001608363469131291
YLR327C,YOR096W,1,10.189875,0.954023003578186,0.31558936834335327,0.001608363469131291
YKL180W,YOL139C,1,10.177466,0.9541547298431396,0.3165399134159088,0.001608363469131291
YNL208W,YJL138C,1,10.168158,0.954285740852356,0.31749048829078674,0.001608363469131291
YKL167C,YNL302C,1,10.13484,0.9544159770011902,0.3184410631656647,0.001608363469131291
YLL045C,YMR269W,1,10.093721,0.9545454382896423,0.3193916380405426,0.001608363469131291
YDR385W,YER131W,1,10.088073,0.954674243927002,0.32034221291542053,0.001608363469131291
YGR285C,YGR034W,1,10.081281,0.9548022747039795,0.32129278779029846,0.001608363469131291
YDR115W,YDL184C,1,10.081002,0.9549295902252197,0.322243332862854,0.001608363469131291
YGR285C,YLR388W,1,10.074623,0.9550561904907227,0.32319390773773193,0.001608363469131291
YMR116C,YLR441C,1,10.074488,0.9551820755004883,0.32414448261260986,0.001608363469131291
YKL065C,YKL081W,1,10.073459,0.9553072452545166,0.3250950574874878,0.001608363469131291
YHR170W,YOR063W,1,10.056216,0.9554317593574524,0.3260456323623657,0.001608363469131291
YPL183W-A,YCR046C,1,10.04987,0.9555555582046509,0.32699620723724365,0.001608363469131291
YKL056C,YDR101C,1,10.041211,0.9556786417961121,0.3279467821121216,0.001608363469131291
YER102W,YCR003W,1,10.037167,0.9558011293411255,0.3288973271846771,0.001608363469131291
YDR116C,YMR260C,1,10.027382,0.9559228420257568,0.32984790205955505,0.001608363469131291
YNL252C,YPR112C,0,9.992597,0.9532967209815979,0.32984790205955505,0.0017088862368837
YOR091W,YNL178W,1,9.989748,0.9534246325492859,0.330798476934433,0.0017088862368837
YLL045C,YFR049W,1,9.969225,0.9535518884658813,0.3317490518093109,0.0017088862368837
YNR037C,YDL075W,1,9.961914,0.9536784887313843,0.33269962668418884,0.0017088862368837
YJL204C,YJL177W,0,9.917933,0.9510869383811951,0.33269962668418884,0.001809408888220787
YKL138C,YLR312W-A,1,9.917549,0.9512194991111755,0.3336502015590668,0.001809408888220787
YHL013C,YJL190C,1,9.912619,0.9513513445854187,0.3346007466316223,0.001809408888220787
YLR367W,YGL129C,1,9.9029875,0.9514824748039246,0.33555132150650024,0.001809408888220787
YEL050C,YDR237W,1,9.901665,0.9516128897666931,0.3365018963813782,0.001809408888220787
YFR049W,YHR021C,1,9.895005,0.9517426490783691,0.3374524712562561,0.001809408888220787
YMR194W,YPL173W,1,9.880661,0.9518716335296631,0.33840304613113403,0.001809408888220787
YDL136W,YPL090C,1,9.87682,0.9520000219345093,0.33935362100601196,0.001809408888220787
YLR287C-A,YOL139C,1,9.866969,0.9521276354789734,0.3403041958808899,0.001809408888220787
YDL191W,YMR242C,1,9.844652,0.9522546529769897,0.34125474095344543,0.001809408888220787
YLR069C,YML024W,0,9.84342,0.9497354626655579,0.34125474095344543,0.001909931655973196
YKR059W,YDR450W,1,9.837183,0.9498680830001831,0.34220531582832336,0.001909931655973196
YGR084C,YML009C,1,9.830177,0.949999988079071,0.3431558907032013,0.001909931655973196
YDR382W,YHR020W,1,9.816263,0.9501312375068665,0.3441064655780792,0.001909931655973196
YFR049W,YLR325C,1,9.780893,0.9502617716789246,0.34505704045295715,0.001909931655973196
YPL037C,YDR500C,1,9.769708,0.9503916501998901,0.3460076153278351,0.001909931655973196
YGL129C,YOL121C,1,9.753836,0.9505208134651184,0.3469581604003906,0.001909931655973196
YJR047C,YGR027C,1,9.751804,0.9506493210792542,0.34790873527526855,0.001909931655973196
YMR143W,YGL129C,1,9.737398,0.9507771730422974,0.3488593101501465,0.001909931655973196
YLR249W,YKR094C,1,9.733688,0.950904369354248,0.3498098850250244,0.001909931655973196
YMR242C,YDL075W,1,9.731387,0.9510309100151062,0.35076045989990234,0.001909931655973196
YOR252W,YLR340W,1,9.715787,0.9511567950248718,0.3517110347747803,0.001909931655973196
YOR150W,YDL075W,1,9.709291,0.9512820243835449,0.3526616096496582,0.001909931655973196
YGL147C,YGR285C,1,9.708108,0.9514066576957703,0.35361215472221375,0.001909931655973196
YBR181C,YOL111C,1,9.705694,0.9515306353569031,0.3545627295970917,0.001909931655973196
YEL050C,YOL121C,1,9.70241,0.9516539573669434,0.3555133044719696,0.001909931655973196
YPL211W,YPR124W,0,9.6878605,0.9492385983467102,0.3555133044719696,0.002010454423725605
YNL178W,YMR269W,1,9.661653,0.949367105960846,0.35646387934684753,0.002010454423725605
YPL081W,YBL038W,1,9.648951,0.9494949579238892,0.35741445422172546,0.002010454423725605
YLR367W,YOR167C,1,9.624342,0.9496221542358398,0.3583650290966034,0.002010454423725605
YMR114C,YER056C-A,1,9.623834,0.9497487545013428,0.3593156039714813,0.002010454423725605
YMR143W,YPR041W,1,9.617098,0.9498746991157532,0.36026614904403687,0.002010454423725605
YNL064C,YIL110W,0,9.5981655,0.9474999904632568,0.36026614904403687,0.002110977191478014
YHR104W,YNL005C,0,9.589367,0.9451371431350708,0.36026614904403687,0.0022114997263997793
YJL189W,YNL122C,1,9.572124,0.9452736377716064,0.3612167239189148,0.0022114997263997793
YLR075W,YNL252C,1,9.563468,0.9454094171524048,0.3621672987937927,0.0022114997263997793
YBL092W,YDR447C,1,9.550646,0.9455445408821106,0.36311787366867065,0.0022114997263997793
YBL087C,YHL013C,1,9.540951,0.9456790089607239,0.3640684485435486,0.0022114997263997793
YPL173W,YKR085C,1,9.538678,0.9458128213882446,0.3650190234184265,0.0022114997263997793
YPL118W,YFR032C-A,1,9.528126,0.9459459185600281,0.36596956849098206,0.0022114997263997793
YPL211W,YAL003W,1,9.514822,0.9460784196853638,0.36692014336586,0.0022114997263997793
YBR251W,YLR406C,1,9.510502,0.9462102651596069,0.3678707182407379,0.0022114997263997793
YJL136C,YHR020W,1,9.5103245,0.9463414549827576,0.36882129311561584,0.0022114997263997793
YGR285C,YOR063W,1,9.505865,0.9464720487594604,0.3697718679904938,0.0022114997263997793
YMR114C,YER074W,1,9.49733,0.946601927280426,0.3707224428653717,0.0022114997263997793
YOR133W,YLR441C,1,9.483398,0.9467312097549438,0.37167301774024963,0.0022114997263997793
YDR385W,YBR268W,1,9.468351,0.9468598961830139,0.3726235628128052,0.0022114997263997793
YNL306W,YNL002C,1,9.446346,0.9469879269599915,0.3735741376876831,0.0022114997263997793
YPL105C,YPR102C,1,9.421624,0.9471153616905212,0.37452471256256104,0.0022114997263997793
YDR322W,YHR052W,1,9.420668,0.9472422003746033,0.37547528743743896,0.0022114997263997793
YML063W,YDR382W,1,9.415052,0.9473684430122375,0.3764258623123169,0.0022114997263997793
YGR215W,YPL220W,1,9.412151,0.9474940299987793,0.3773764371871948,0.0022114997263997793
YPL143W,YBR048W,1,9.410064,0.9476190209388733,0.37832698225975037,0.0022114997263997793
YPR080W,YOR150W,1,9.40333,0.9477434754371643,0.3792775571346283,0.0022114997263997793
YGL123W,YLR325C,1,9.39134,0.9478672742843628,0.3802281320095062,0.0022114997263997793
YMR116C,YGR231C,0,9.390192,0.9456264972686768,0.3802281320095062,0.0023120224941521883
YDR385W,YPR102C,1,9.373755,0.9457547068595886,0.38117870688438416,0.0023120224941521883
YDL191W,YNL185C,1,9.372158,0.9458823800086975,0.3821292817592621,0.0023120224941521883
YHR013C,YPL090C,1,9.344524,0.9460093975067139,0.38307985663414,0.0023120224941521883
YER118C,YHL001W,0,9.339425,0.9437938928604126,0.38307985663414,0.0024125452619045973
YJL191W,YBL028C,1,9.319818,0.9439252614974976,0.38403043150901794,0.0024125452619045973
YJR002W,YML026C,0,9.317797,0.941724956035614,0.38403043150901794,0.0025130680296570063
YOR167C,YPR166C,1,9.3111725,0.9418604373931885,0.3849809765815735,0.0025130680296570063
YDL202W,YER117W,1,9.2985935,0.94199538230896,0.3859315514564514,0.0025130680296570063
YPR163C,YDR447C,1,9.292401,0.9421296119689941,0.38688212633132935,0.0025130680296570063
YJL191W,YIL052C,1,9.272355,0.9422633051872253,0.3878327012062073,0.0025130680296570063
YPL173W,YDR041W,1,9.271399,0.942396342754364,0.3887832760810852,0.0025130680296570063
YJR123W,YLR183C,1,9.242693,0.9425287246704102,0.38973385095596313,0.0025130680296570063
YPL198W,YLR327C,1,9.233826,0.9426605701446533,0.3906843960285187,0.0025130680296570063
YOR293W,YLR095C,0,9.231799,0.9405034184455872,0.3906843960285187,0.0026135905645787716
YBR189W,YMR260C,1,9.231247,0.9406392574310303,0.3916349709033966,0.0026135905645787716
YDR385W,YJL138C,1,9.2280855,0.9407745003700256,0.39258554577827454,0.0026135905645787716
YDL083C,YPL090C,1,9.206242,0.9409090876579285,0.39353612065315247,0.0026135905645787716
YOR158W,YMR286W,1,9.203858,0.9410430788993835,0.3944866955280304,0.0026135905645787716
YKL056C,YER025W,1,9.20063,0.9411764740943909,0.3954372704029083,0.0026135905645787716
YOL127W,YMR260C,1,9.184847,0.9413092732429504,0.39638784527778625,0.0026135905645787716
YHL004W,YGR165W,1,9.179224,0.9414414167404175,0.3973383903503418,0.0026135905645787716
YGR285C,YDL191W,1,9.163861,0.9415730237960815,0.3982889652252197,0.0026135905645787716
YBR290W,YBR084C-A,0,9.160949,0.939461886882782,0.3982889652252197,0.0027141133323311806
YKL138C,YNL005C,1,9.146911,0.9395973086357117,0.39923954010009766,0.0027141133323311806
YBR031W,YLR249W,1,9.136383,0.9397321343421936,0.4001901149749756,0.0027141133323311806
YPR132W,YPL131W,1,9.115139,0.9398663640022278,0.4011406898498535,0.0027141133323311806
YMR116C,YHR020W,1,9.105019,0.9399999976158142,0.40209126472473145,0.0027141133323311806
YDR041W,YNL122C,1,9.095881,0.9401330351829529,0.4030418395996094,0.0027141133323311806
YLR344W,YPL131W,1,9.093639,0.9402654767036438,0.4039923846721649,0.0027141133323311806
YPL225W,YHL001W,1,9.087529,0.940397322177887,0.40494295954704285,0.0027141133323311806
YKR006C,YLR439W,1,9.066401,0.9405286312103271,0.4058935344219208,0.0027141133323311806
YKR006C,YPL249C-A,1,9.06456,0.9406593441963196,0.4068441092967987,0.0027141133323311806
YHR203C,YKL156W,1,9.058052,0.9407894611358643,0.40779468417167664,0.0027141133323311806
YNR024W,YHL033C,1,9.045074,0.940919041633606,0.40874525904655457,0.0027141133323311806
YGL156W,YPR112C,0,9.043666,0.9388646483421326,0.40874525904655457,0.0028146361000835896
YPR100W,YPL237W,1,9.039454,0.9389978051185608,0.4096958041191101,0.0028146361000835896
YOR182C,YGR054W,1,9.026298,0.939130425453186,0.41064637899398804,0.0028146361000835896
YKL082C,YCR072C,1,9.023201,0.9392624497413635,0.41159695386886597,0.0028146361000835896
YBR268W,YOL139C,1,9.015,0.939393937587738,0.4125475287437439,0.0028146361000835896
YGR085C,YDL014W,1,8.9968605,0.9395248293876648,0.4134981036186218,0.0028146361000835896
YCR072C,YGR165W,1,8.993112,0.9396551847457886,0.41444867849349976,0.0028146361000835896
YLR340W,YGR209C,0,8.980232,0.9376344084739685,0.41444867849349976,0.0029151588678359985
YHR141C,YGL245W,0,8.975809,0.9356223344802856,0.41444867849349976,0.0030156816355884075
YBL027W,YDL201W,0,8.974987,0.9336188435554504,0.41444867849349976,0.003116204170510173
YHL035C,YMR158W,1,8.955292,0.9337607026100159,0.4153992533683777,0.003116204170510173
YOL121C,YDR494W,1,8.928617,0.9339019060134888,0.4163497984409332,0.003116204170510173
YOR167C,YDL184C,1,8.918555,0.9340425729751587,0.41730037331581116,0.003116204170510173
YMR170C,YJL104W,0,8.916559,0.9320594668388367,0.41730037331581116,0.003216726938262582
YAL035W,YDR041W,1,8.91099,0.9322034120559692,0.4182509481906891,0.003216726938262582
YBR146W,YLR441C,1,8.91066,0.9323467016220093,0.419201523065567,0.003216726938262582
YDR283C,YJR145C,1,8.905247,0.9324894547462463,0.42015209794044495,0.003216726938262582
YOR150W,YJL138C,1,8.893701,0.9326315522193909,0.4211026728153229,0.003216726938262582
YER102W,YOR227W,1,8.891472,0.9327731132507324,0.4220532178878784,0.003216726938262582
YGL135W,YPR166C,1,8.87051,0.9329140186309814,0.42300379276275635,0.003216726938262582
YMR116C,YNL227C,1,8.85811,0.9330543875694275,0.4239543676376343,0.003216726938262582
YPL131W,YDR450W,1,8.856073,0.9331941604614258,0.4249049425125122,0.003216726938262582
YOR361C,YPL081W,0,8.854077,0.9312499761581421,0.4249049425125122,0.003317249706014991
YDR116C,YGR220C,1,8.836703,0.9313929080963135,0.42585551738739014,0.003317249706014991
YOR095C,YJL063C,0,8.831641,0.9294605851173401,0.42585551738739014,0.0034177724737674
YDR347W,YHR021C,1,8.820665,0.9296066164970398,0.42680609226226807,0.0034177724737674
YKL167C,YLR249W,1,8.815547,0.9297520518302917,0.427756667137146,0.0034177724737674
YNL252C,YNL185C,1,8.794493,0.929896891117096,0.42870721220970154,0.0034177724737674
YMR237W,YHL001W,1,8.793219,0.9300411343574524,0.42965778708457947,0.0034177724737674
YCR071C,YAL003W,1,8.78777,0.9301847815513611,0.4306083619594574,0.0034177724737674
YJL063C,YDR237W,1,8.7585,0.9303278923034668,0.4315589368343353,0.0034177724737674
YGR076C,YOR312C,1,8.751627,0.93047034740448,0.43250951170921326,0.0034177724737674
YPL227C,YHL001W,0,8.724816,0.9285714030265808,0.43250951170921326,0.0035182952415198088
YDR239C,YOR096W,1,8.724609,0.9287168979644775,0.4334600865840912,0.0035182952415198088
YDR237W,YMR121C,1,8.718949,0.9288617968559265,0.43441063165664673,0.0035182952415198088
YBL092W,YGR162W,1,8.706829,0.9290060997009277,0.43536120653152466,0.0035182952415198088
YKL081W,YPL090C,1,8.698972,0.9291498064994812,0.4363117814064026,0.0035182952415198088
YNL208W,YMR260C,1,8.678683,0.9292929172515869,0.4372623562812805,0.0035182952415198088
YMR143W,YGR215W,1,8.678434,0.9294354915618896,0.43821293115615845,0.0035182952415198088
YNL306W,YLR009W,1,8.674136,0.9295774698257446,0.4391635060310364,0.0035182952415198088
YPL079W,YDR091C,1,8.668554,0.9297188520431519,0.4401140809059143,0.0035182952415198088
YHR013C,YLR185W,1,8.663683,0.9298596978187561,0.44106462597846985,0.0035182952415198088
YJR101W,YGL129C,1,8.628677,0.9300000071525574,0.4420152008533478,0.0035182952415198088
YGL135W,YOL111C,1,8.62827,0.9301397204399109,0.4429657757282257,0.0035182952415198088
YKL082C,YBR031W,1,8.61545,0.9302788972854614,0.44391635060310364,0.0035182952415198088
YPR080W,YOL120C,1,8.606097,0.9304174780845642,0.44486692547798157,0.0035182952415198088
YNL302C,YNL002C,1,8.602395,0.9305555820465088,0.4458175003528595,0.0035182952415198088
YDR091C,YBR268W,1,8.597144,0.9306930899620056,0.4467680752277374,0.0035182952415198088
YLR448W,YDR091C,1,8.592058,0.9308300614356995,0.44771862030029297,0.0035182952415198088
YDR418W,YPR163C,1,8.551951,0.9309664964675903,0.4486691951751709,0.0035182952415198088
YDL069C,YOR096W,1,8.546761,0.9311023354530334,0.44961977005004883,0.0035182952415198088
YPL118W,YDR237W,1,8.54107,0.9312376976013184,0.45057034492492676,0.0035182952415198088
YMR226C,YGL030W,1,8.534729,0.9313725233078003,0.4515209197998047,0.0035182952415198088
YKL155C,YMR230W,1,8.518492,0.931506872177124,0.4524714946746826,0.0035182952415198088
YOR312C,YLR136C,0,8.5131035,0.9296875,0.4524714946746826,0.003618817776441574
YHL004W,YMR158W,1,8.50523,0.9298245906829834,0.45342203974723816,0.003618817776441574
YNL241C,YDL213C,0,8.500639,0.9280155897140503,0.45342203974723816,0.003719340544193983
YDR091C,YMR260C,1,8.496922,0.9281553626060486,0.4543726146221161,0.003719340544193983
YLR388W,YGL029W,0,8.495729,0.9263566136360168,0.4543726146221161,0.003819863311946392
YLR075W,YMR269W,1,8.480858,0.9264990091323853,0.455323189496994,0.003819863311946392
YDL052C,YML026C,0,8.465869,0.9247104525566101,0.455323189496994,0.003920386079698801
YDR101C,YGL103W,1,8.45302,0.9248554706573486,0.45627376437187195,0.003920386079698801
YML025C,YKL170W,1,8.43856,0.925000011920929,0.4572243392467499,0.003920386079698801
YHL033C,YER036C,1,8.432808,0.9251439571380615,0.4581749141216278,0.003920386079698801
YIL093C,YBL028C,1,8.427935,0.9252873659133911,0.45912548899650574,0.003920386079698801
YGR148C,YPR151C,0,8.4165325,0.923518180847168,0.45912548899650574,0.00402090884745121
YDR091C,YIL052C,1,8.414747,0.9236640930175781,0.4600760340690613,0.00402090884745121
YDR385W,YGL068W,1,8.404906,0.9238095283508301,0.4610266089439392,0.00402090884745121
YIL093C,YKL056C,1,8.399867,0.9239543676376343,0.46197718381881714,0.00402090884745121
YNR036C,YDR471W,1,8.395656,0.9240986704826355,0.46292775869369507,0.00402090884745121
YHL015W,YDL191W,1,8.379895,0.9242424368858337,0.463878333568573,0.00402090884745121
YOR056C,YPR124W,0,8.378866,0.9224952459335327,0.463878333568573,0.004121431615203619
YDR462W,YDR450W,1,8.37481,0.9226415157318115,0.4648289084434509,0.004121431615203619
YDR347W,YHR147C,1,8.373025,0.9227871894836426,0.46577945351600647,0.004121431615203619
YLR289W,YJR123W,1,8.369843,0.9229323267936707,0.4667300283908844,0.004121431615203619
YLR340W,YDR194C,0,8.3697195,0.9212007522583008,0.4667300283908844,0.004221954382956028
YGL068W,YGL129C,1,8.368666,0.9213483333587646,0.46768060326576233,0.004221954382956028
YNL069C,YJR113C,1,8.36756,0.9214953184127808,0.46863117814064026,0.004221954382956028
YLR029C,YBL027W,1,8.3608265,0.9216417670249939,0.4695817530155182,0.004221954382956028
YOR133W,YMR116C,1,8.360547,0.9217877388000488,0.4705323278903961,0.004221954382956028
YOR234C,YBR154C,0,8.347406,0.9200743436813354,0.4705323278903961,0.00432247668504715
YMR237W,YBR048W,1,8.338464,0.9202226400375366,0.47148290276527405,0.00432247668504715
YGL049C,YHR021C,1,8.319079,0.9203703999519348,0.4724334478378296,0.00432247668504715
YDR462W,YPL211W,1,8.308356,0.9205175638198853,0.4733840227127075,0.00432247668504715
YNR024W,YOR063W,1,8.301476,0.9206641912460327,0.47433459758758545,0.00432247668504715
YGR128C,YGR231C,0,8.3000555,0.918968677520752,0.47433459758758545,0.004422999452799559
YNL315C,YER035W,0,8.284019,0.9172794222831726,0.47433459758758545,0.004523522220551968
YLL023C,YNL336W,0,8.267127,0.9155963063240051,0.47433459758758545,0.004624044988304377
YHL013C,YOR150W,1,8.265175,0.9157509207725525,0.4752851724624634,0.004624044988304377
YJR014W,YHL001W,1,8.264211,0.9159049391746521,0.4762357473373413,0.004624044988304377
YDR322W,YMR269W,1,8.2594795,0.9160584211349487,0.47718632221221924,0.004624044988304377
YDR462W,YPR163C,1,8.258151,0.9162113070487976,0.4781368672847748,0.004624044988304377
YMR295C,YDR418W,1,8.249673,0.9163636565208435,0.4790874421596527,0.004624044988304377
YNR036C,YOL121C,1,8.24652,0.9165154099464417,0.48003801703453064,0.004624044988304377
YDL040C,YKR094C,1,8.238982,0.9166666865348816,0.48098859190940857,0.004624044988304377
YOL127W,YER050C,1,8.227987,0.9168173670768738,0.4819391667842865,0.004624044988304377
YDL191W,YBR084C-A,1,8.217983,0.916967511177063,0.48288974165916443,0.004624044988304377
YBL090W,YKR085C,1,8.210198,0.9171171188354492,0.48384031653404236,0.004624044988304377
YPR102C,YJR014W,1,8.209358,0.9172661900520325,0.4847908616065979,0.004624044988304377
YBR146W,YDR450W,1,8.20784,0.9174147248268127,0.48574143648147583,0.004624044988304377
YOL120C,YGR162W,1,8.201467,0.91756272315979,0.48669201135635376,0.004624044988304377
YHR104W,YLR051C,0,8.195862,0.9159212708473206,0.48669201135635376,0.004724567756056786
YMR143W,YMR247C,1,8.192407,0.9160714149475098,0.4876425862312317,0.004724567756056786
YIL157C,YLR449W,0,8.192049,0.9144384860992432,0.4876425862312317,0.0048250905238091946
YJR067C,YDR258C,0,8.168988,0.9128113985061646,0.4876425862312317,0.0049256132915616035
YKL091C,YLR372W,0,8.1600485,0.9111900329589844,0.4876425862312317,0.0050261360593140125
YLR075W,YOR252W,1,8.154695,0.911347508430481,0.4885931611061096,0.0050261360593140125
YLR244C,YER117W,1,8.149016,0.9115044474601746,0.48954373598098755,0.0050261360593140125
YLR225C,YHL001W,0,8.147646,0.9098939895629883,0.48954373598098755,0.0051266588270664215
YLR061W,YOR227W,1,8.145389,0.9100528955459595,0.4904943108558655,0.0051266588270664215
YDL130W,YHR020W,1,8.145222,0.9102112650871277,0.491444855928421,0.0051266588270664215
YDR322W,YCR031C,1,8.143426,0.9103690981864929,0.49239543080329895,0.0051266588270664215
YGR283C,YDL136W,1,8.143406,0.9105263352394104,0.4933460056781769,0.0051266588270664215
YCL040W,YJR067C,0,8.122293,0.9089316725730896,0.4933460056781769,0.005227181129157543
YNL002C,YHR143W-A,0,8.083598,0.9073426723480225,0.4933460056781769,0.005327703896909952
YPR041W,YBL092W,1,8.08187,0.9075043797492981,0.4942965805530548,0.005327703896909952
YLR406C,YIL097W,0,8.077932,0.9059233665466309,0.4942965805530548,0.005428226664662361
YDR194C,YDR171W,0,8.075714,0.904347836971283,0.4942965805530548,0.00552874943241477
YLR009W,YBR084C-A,1,8.062253,0.9045138955116272,0.49524715542793274,0.00552874943241477
YDL081C,YBR267W,1,8.057572,0.9046793580055237,0.49619773030281067,0.00552874943241477
YLR075W,YBR146W,1,8.009255,0.9048442840576172,0.4971482753753662,0.00552874943241477
YPL013C,YLR441C,1,8.000385,0.9050086140632629,0.49809885025024414,0.00552874943241477
YKL082C,YNL162W,1,7.9996967,0.9051724076271057,0.49904942512512207,0.00552874943241477
YJR145C,YLR406C,1,7.9935827,0.9053356051445007,0.5,0.00552874943241477
YPR102C,YDL045W-A,1,7.9913473,0.9054982662200928,0.5009505748748779,0.00552874943241477
YJL136C,YHR080C,1,7.9896936,0.9056603908538818,0.5019011497497559,0.00552874943241477
YLR167W,YKR096W,1,7.95148,0.9058219194412231,0.5028517246246338,0.00552874943241477
YNL209W,YIL016W,0,7.9505568,0.904273509979248,0.5028517246246338,0.005629272200167179
YOR167C,YPL225W,1,7.9428816,0.9044368863105774,0.5038022994995117,0.005629272200167179
YNR024W,YER117W,1,7.940695,0.904599666595459,0.5047528743743896,0.005629272200167179
YDR184C,YNL005C,0,7.932786,0.9030612111091614,0.5047528743743896,0.005729794967919588
YOR329C,YHR141C,0,7.9288845,0.901528000831604,0.5047528743743896,0.005830317735671997
YPL037C,YBL090W,1,7.9285173,0.9016948938369751,0.5057034492492676,0.005830317735671997
YNR036C,YPR166C,1,7.9122534,0.9018612504005432,0.5066539645195007,0.005830317735671997
YLR297W,YML026C,0,7.889984,0.900337815284729,0.5066539645195007,0.005930840503424406
YIR012W,YER025W,1,7.8866405,0.9005059003829956,0.5076045393943787,0.005930840503424406
YDL202W,YDR064W,1,7.882292,0.9006733894348145,0.5085551142692566,0.005930840503424406
YPL249C-A,YBR268W,1,7.8707256,0.9008403420448303,0.5095056891441345,0.005930840503424406
YLR244C,YDR494W,1,7.8690653,0.9010066986083984,0.5104562640190125,0.005930840503424406
YNR022C,YOL127W,1,7.850524,0.9011725187301636,0.5114068388938904,0.005930840503424406
YIL093C,YKL156W,1,7.8487206,0.9013378024101257,0.5123574137687683,0.005930840503424406
YKL170W,YMR158W,1,7.835181,0.9015024900436401,0.5133079886436462,0.005930840503424406
YBR101C,YCR031C,1,7.82528,0.9016666412353516,0.5142585635185242,0.005930840503424406
YJR047C,YJL063C,1,7.823185,0.90183025598526,0.5152091383934021,0.005930840503424406
YGR231C,YCR097W,0,7.811659,0.9003322124481201,0.5152091383934021,0.006031363271176815
YER050C,YDL075W,1,7.79805,0.9004974961280823,0.51615971326828,0.006031363271176815
YJL063C,YPL079W,1,7.788457,0.9006622433662415,0.517110288143158,0.006031363271176815
YNL185C,YDL136W,1,7.7827234,0.9008264541625977,0.5180608630180359,0.006031363271176815
YDR322W,YFR049W,1,7.78008,0.9009901285171509,0.519011378288269,0.006031363271176815
YNR037C,YMR158W,1,7.773633,0.9011532068252563,0.519961953163147,0.006031363271176815
YNR036C,YHR203C,1,7.7648983,0.9013158082962036,0.5209125280380249,0.006031363271176815
YBL087C,YNL007C,1,7.7633286,0.9014778137207031,0.5218631029129028,0.006031363271176815
YKL156W,YMR188C,1,7.760376,0.9016393423080444,0.5228136777877808,0.006031363271176815
YNL256W,YML026C,0,7.758337,0.9001636505126953,0.5228136777877808,0.006131886038929224
YPL081W,YMR271C,0,7.7375584,0.898692786693573,0.5228136777877808,0.006232408341020346
YPL118W,YNR036C,1,7.736681,0.8988580703735352,0.5237642526626587,0.006232408341020346
YDL040C,YIL133C,1,7.735529,0.8990228176116943,0.5247148275375366,0.006232408341020346
YNL284C,YPL012W,1,7.713253,0.8991869688034058,0.5256654024124146,0.006232408341020346
YHR010W,YGR162W,1,7.7084694,0.899350643157959,0.5266159772872925,0.006232408341020346
YGR162W,YJL138C,1,7.706259,0.8995137810707092,0.5275665521621704,0.006232408341020346
YDR347W,YPL013C,1,7.702368,0.8996763825416565,0.5285171270370483,0.006232408341020346
YPL110C,YDL083C,1,7.693122,0.8998384475708008,0.5294677019119263,0.006232408341020346
YNL252C,YER025W,1,7.684166,0.8999999761581421,0.5304182767868042,0.006232408341020346
YER036C,YGL103W,1,7.682002,0.9001610279083252,0.5313687920570374,0.006232408341020346
YDR175C,YNL122C,1,7.6543827,0.9003215432167053,0.5323193669319153,0.006232408341020346
YPL132W,YGR076C,1,7.629219,0.9004815220832825,0.5332699418067932,0.006232408341020346
YIL093C,YBR122C,1,7.6173143,0.9006410241127014,0.5342205166816711,0.006232408341020346
YBR280C,YPL079W,0,7.6164217,0.8992000222206116,0.5342205166816711,0.006332931108772755
YIL148W,YGL195W,1,7.581209,0.8993610143661499,0.5351710915565491,0.006332931108772755
YJL063C,YNL002C,1,7.575365,0.89952152967453,0.536121666431427,0.006332931108772755
YER165W,YGR220C,1,7.5744457,0.8996815085411072,0.5370722413063049,0.006332931108772755
YPL143W,YOR227W,1,7.573271,0.8998410105705261,0.5380228161811829,0.006332931108772755
YIL148W,YKR060W,1,7.563545,0.8999999761581421,0.5389733910560608,0.006332931108772755
YDL014W,YPL090C,1,7.55879,0.9001584649085999,0.5399239659309387,0.006332931108772755
YHL013C,YKL167C,1,7.552636,0.9003164768218994,0.5408745408058167,0.006332931108772755
YDL061C,YML107C,1,7.5503387,0.900473952293396,0.5418251156806946,0.006332931108772755
YEL060C,YBR293W,0,7.5483475,0.8990536332130432,0.5418251156806946,0.006433453876525164
YER131W,YDR283C,1,7.5453157,0.8992125988006592,0.5427756905555725,0.006433453876525164
YNL177C,YDL191W,1,7.5425253,0.8993710875511169,0.5437262654304504,0.006433453876525164
YKL006W,YHR170W,1,7.5417604,0.8995290398597717,0.5446767807006836,0.006433453876525164
YHR013C,YCR046C,1,7.5343094,0.8996865153312683,0.5456273555755615,0.006433453876525164
YKR096W,YMR142C,1,7.5040236,0.8998435139656067,0.5465779304504395,0.006433453876525164
YJL063C,YPL013C,1,7.5040054,0.8999999761581421,0.5475285053253174,0.006433453876525164
YDL082W,YER007C-A,1,7.4942417,0.9001560211181641,0.5484790802001953,0.006433453876525164
YPL037C,YDR293C,0,7.4895163,0.8987538814544678,0.5484790802001953,0.006533976644277573
YPR079W,YOR133W,0,7.481455,0.8973561525344849,0.5484790802001953,0.006634499412029982
YKR059W,YOL111C,1,7.481082,0.8975155353546143,0.5494296550750732,0.006634499412029982
YER006W,YGR109C,0,7.4773283,0.896124005317688,0.5494296550750732,0.006735022179782391
YOL127W,YNL002C,1,7.4611645,0.896284818649292,0.5503802299499512,0.006735022179782391
YJR002W,YDL191W,0,7.444607,0.8948995471000671,0.5503802299499512,0.0068355449475348
YCR077C,YAL003W,1,7.4349794,0.895061731338501,0.5513308048248291,0.0068355449475348
YJL145W,YHL001W,0,7.4288177,0.893682599067688,0.5513308048248291,0.0069360677152872086
YLR075W,YDR462W,1,7.383339,0.8938461542129517,0.552281379699707,0.0069360677152872086
YMR116C,YCR043C,0,7.379301,0.8924731016159058,0.552281379699707,0.0070365904830396175
YOR210W,YCR003W,0,7.364394,0.8911042809486389,0.552281379699707,0.007137112785130739
YDR382W,YNL087W,0,7.364341,0.8897396922111511,0.552281379699707,0.007237635552883148
YBR084C-A,YGL245W,0,7.362303,0.8883792161941528,0.552281379699707,0.007338158320635557
YJR123W,YPR091C,1,7.354171,0.8885496258735657,0.553231954574585,0.007338158320635557
YER006W,YBL027W,0,7.351677,0.8871951103210449,0.553231954574585,0.007438681088387966
YDR283C,YDL191W,1,7.348564,0.8873668313026428,0.5541825294494629,0.007438681088387966
YKR006C,YGL129C,1,7.3426113,0.8875380158424377,0.5551331043243408,0.007438681088387966
YOR293W,YDR291W,0,7.336419,0.886191189289093,0.5551331043243408,0.007539203856140375
YOR252W,YNL302C,1,7.326927,0.8863636255264282,0.5560836791992188,0.007539203856140375
YOR252W,YBR251W,1,7.32347,0.8865355253219604,0.5570341944694519,0.007539203856140375
YIL069C,YDL184C,1,7.316184,0.8867069482803345,0.5579847693443298,0.007539203856140375
YBR084C-A,YLR069C,0,7.31536,0.8853695392608643,0.5579847693443298,0.007639726623892784
YPL132W,YPL110C,1,7.309617,0.8855421543121338,0.5589353442192078,0.007639726623892784
YDR091C,YML009C,1,7.2904205,0.8857142925262451,0.5598859190940857,0.007639726623892784
YKL138C,YER025W,1,7.2792397,0.8858858942985535,0.5608364939689636,0.007639726623892784
YPL132W,YLR003C,0,7.27833,0.8845577239990234,0.5608364939689636,0.007740249391645193
YOL111C,YOR063W,1,7.272847,0.8847305178642273,0.5617870688438416,0.007740249391645193
YDR339C,YDR432W,0,7.2558613,0.8834080696105957,0.5617870688438416,0.007840772159397602
YPL105C,YJL136C,1,7.2555647,0.8835821151733398,0.5627376437187195,0.007840772159397602
YMR170C,YMR024W,0,7.2520638,0.8822652697563171,0.5627376437187195,0.007941294461488724
YMR237W,YLR333C,1,7.2513485,0.882440447807312,0.5636882185935974,0.007941294461488724
YPL013C,YKL081W,1,7.24224,0.8826151490211487,0.5646387934684753,0.007941294461488724
YCR077C,YPR043W,1,7.2368555,0.8827893137931824,0.5655893683433533,0.007941294461488724
YLR183C,YBL092W,1,7.2364273,0.8829629421234131,0.5665399432182312,0.007941294461488724
YOR182C,YMR226C,1,7.2349453,0.8831360936164856,0.5674905180931091,0.007941294461488724
YNL064C,YJL050W,0,7.2234964,0.8818315863609314,0.5674905180931091,0.00804181769490242
YHL004W,YDR450W,1,7.2179594,0.8820058703422546,0.5684410929679871,0.00804181769490242
YDR175C,YIR003W,1,7.209753,0.8821796774864197,0.5693916082382202,0.00804181769490242
YOL016C,YML024W,0,7.188876,0.8808823823928833,0.5693916082382202,0.008142339996993542
YHR121W,YPL090C,1,7.186365,0.8810572624206543,0.5703421831130981,0.008142339996993542
YML026C,YDR037W,0,7.182666,0.8797653913497925,0.5703421831130981,0.008242863230407238
YNL069C,YHR112C,0,7.180814,0.8784773349761963,0.5703421831130981,0.00834338553249836
YPL249C-A,YNL327W,0,7.179968,0.8771929740905762,0.5703421831130981,0.008443908765912056
YPL118W,YLR439W,1,7.1792564,0.8773722648620605,0.5712927579879761,0.008443908765912056
YOL127W,YNL007C,1,7.1593037,0.8775510191917419,0.572243332862854,0.008443908765912056
YHL035C,YOL121C,1,7.1567793,0.8777292370796204,0.5731939077377319,0.008443908765912056
YIR012W,YLR340W,1,7.1541605,0.8779069781303406,0.5741444826126099,0.008443908765912056
YOL039W,YDR239C,1,7.141814,0.8780841827392578,0.5750950574874878,0.008443908765912056
YGR215W,YNL007C,1,7.140663,0.8782608509063721,0.5760456323623657,0.008443908765912056
YHL001W,YIL097W,0,7.1382027,0.8769898414611816,0.5760456323623657,0.008544431068003178
YFL034C-A,YPR166C,1,7.1158457,0.8771676421165466,0.5769962072372437,0.008544431068003178
YMR237W,YER056C-A,1,7.08519,0.8773449063301086,0.5779467821121216,0.008544431068003178
YPL105C,YDR064W,1,7.085188,0.8775216341018677,0.5788973569869995,0.008544431068003178
YPL079W,YPL183W-A,1,7.0846605,0.8776978254318237,0.5798479318618774,0.008544431068003178
YHL007C,YDR237W,0,7.0735397,0.8764367699623108,0.5798479318618774,0.0086449533700943
YJL138C,YNR046W,0,7.0728683,0.8751793503761292,0.5798479318618774,0.008745476603507996
YIL052C,YPR091C,1,7.0678854,0.8753581643104553,0.5807985067367554,0.008745476603507996
YGL181W,YDR450W,0,7.0494976,0.8741058707237244,0.5807985067367554,0.008845998905599117
YJL104W,YJL036W,0,7.0379267,0.8728571534156799,0.5807985067367554,0.008946522139012814
YKL180W,YMR247C,1,7.032748,0.8730385303497314,0.5817490220069885,0.008946522139012814
YBR056W,YPL072W,0,7.027109,0.8717948794364929,0.5817490220069885,0.009047044441103935
YKL180W,YIR012W,1,7.021822,0.8719772696495056,0.5826995968818665,0.009047044441103935
YOR133W,YDL069C,1,7.0110054,0.8721590638160706,0.5836501717567444,0.009047044441103935
YOR234C,YLR089C,0,7.008415,0.8709219694137573,0.5836501717567444,0.009147567674517632
YNL067W,YIL110W,0,7.0014896,0.8696883916854858,0.5836501717567444,0.009248089976608753
YOR182C,YNL311C,1,6.9985104,0.8698726892471313,0.5846007466316223,0.009248089976608753
YDR258C,YDL092W,0,6.9919662,0.8686440587043762,0.5846007466316223,0.00934861321002245
YEL034W,YDR337W,1,6.9798994,0.8688293099403381,0.5855513215065002,0.00934861321002245
YDR115W,YHR113W,1,6.9733305,0.8690140843391418,0.5865018963813782,0.00934861321002245
YDR450W,YGL008C,0,6.9625015,0.8677918314933777,0.5865018963813782,0.009449135512113571
YPL211W,YIL133C,1,6.9620476,0.867977499961853,0.5874524712562561,0.009449135512113571
YDR184C,YNL241C,0,6.952693,0.8667601943016052,0.5874524712562561,0.009549657814204693
YOL120C,YML107C,1,6.9518595,0.8669467568397522,0.588403046131134,0.009549657814204693
YLR249W,YGR054W,1,6.928854,0.867132842540741,0.589353621006012,0.009549657814204693
YJR064W,YIL110W,0,6.924155,0.8659217953681946,0.589353621006012,0.009650181047618389
YOR362C,YDR450W,0,6.917549,0.8647140860557556,0.589353621006012,0.00975070334970951
YGR287C,YEL011W,0,6.909669,0.8635097742080688,0.589353621006012,0.009851226583123207
YDR202C,YPL081W,0,6.906041,0.8623087406158447,0.589353621006012,0.009951748885214329
YBL002W,YDR382W,0,6.902748,0.8611111044883728,0.589353621006012,0.010052272118628025
YBR146W,YIR012W,1,6.8945456,0.8613037467002869,0.5903041958808899,0.010052272118628025
YER118C,YBL027W,0,6.888315,0.8601108193397522,0.5903041958808899,0.010152794420719147
YLR388W,YGR038W,0,6.880108,0.8589211702346802,0.5903041958808899,0.010253317654132843
YPR080W,YLR244C,1,6.8793592,0.8591160178184509,0.5912547707557678,0.010253317654132843
YOR329C,YML024W,0,6.866618,0.8579310178756714,0.5912547707557678,0.010353839956223965
YPL037C,YHL004W,1,6.8658924,0.858126699924469,0.5922053456306458,0.010353839956223965
YDR418W,YOR227W,1,6.8566427,0.8583218455314636,0.5931559205055237,0.010353839956223965
YNR026C,YPL079W,0,6.855562,0.8571428656578064,0.5931559205055237,0.010454362258315086
YJR113C,YNL137C,1,6.854185,0.8573388457298279,0.5941064357757568,0.010454362258315086
YDR116C,YDR462W,1,6.844673,0.8575342297554016,0.5950570106506348,0.010454362258315086
YMR024W,YEL034W,1,6.8335066,0.8577291369438171,0.5960075855255127,0.010454362258315086
YNR037C,YOR019W,1,6.8298626,0.8579235076904297,0.5969581604003906,0.010454362258315086
YKL056C,YJL213W,1,6.818266,0.8581173419952393,0.5979087352752686,0.010454362258315086
YEL034W,YCR071C,1,6.8117676,0.8583106398582458,0.5988593101501465,0.010454362258315086
YLR069C,YMR278W,0,6.800205,0.8571428656578064,0.5988593101501465,0.010554885491728783
YDL133C-A,YGR054W,1,6.789646,0.8573369383811951,0.5998098850250244,0.010554885491728783
YPL081W,YDR117C,1,6.788911,0.8575305342674255,0.6007604598999023,0.010554885491728783
YJR007W,YDL201W,0,6.7859488,0.8563685417175293,0.6007604598999023,0.010655407793819904
YNR036C,YEL055C,0,6.784178,0.8552097678184509,0.6007604598999023,0.0107559310272336
YDR026C,YMR040W,1,6.7510796,0.8554053902626038,0.6017110347747803,0.0107559310272336
YNL069C,YDL064W,0,6.7411623,0.8542510271072388,0.6017110347747803,0.010856453329324722
YER141W,YLR003C,0,6.735344,0.8530997037887573,0.6017110347747803,0.010956976562738419
YNL067W,YOR010C,0,6.7331305,0.851951539516449,0.6017110347747803,0.01105749886482954
YDR408C,YMR278W,0,6.7309837,0.850806474685669,0.6017110347747803,0.011158022098243237
YJL014W,YDL191W,0,6.7267723,0.8496644496917725,0.6017110347747803,0.011258544400334358
YIL069C,YLR439W,1,6.722946,0.8498659729957581,0.6026616096496582,0.011258544400334358
YDR405W,YDR494W,1,6.7212543,0.8500669598579407,0.6036121845245361,0.011258544400334358
YKR059W,YOR253W,1,6.70718,0.8502673506736755,0.6045627593994141,0.011258544400334358
YDR171W,YGR172C,0,6.707056,0.8491321802139282,0.6045627593994141,0.01135906670242548
YEL034W,YLR183C,1,6.7062464,0.8493333458900452,0.605513334274292,0.01135906670242548
YER117W,YNR037C,1,6.7044067,0.8495339751243591,0.6064638495445251,0.01135906670242548
YNR022C,YLR185W,1,6.7024918,0.8497340679168701,0.6074144244194031,0.01135906670242548
YNL315C,YLR003C,0,6.7003317,0.8486055731773376,0.6074144244194031,0.011459589935839176
YOR091W,YER007C-A,1,6.6987276,0.8488063812255859,0.608364999294281,0.011459589935839176
YML025C,YBL092W,1,6.6986732,0.8490065932273865,0.6093155741691589,0.011459589935839176
YLR183C,YKL003C,1,6.6982174,0.8492063283920288,0.6102661490440369,0.011459589935839176
YPL013C,YNL007C,1,6.695181,0.8494055271148682,0.6112167239189148,0.011459589935839176
YMR086W,YKL167C,1,6.690439,0.8496042490005493,0.6121672987937927,0.011459589935839176
YJR099W,YML024W,0,6.6890545,0.8484848737716675,0.6121672987937927,0.011560112237930298
YHL001W,YOR375C,0,6.6868744,0.8473684191703796,0.6121672987937927,0.011660635471343994
YFL034C-A,YLR355C,0,6.6787796,0.8462549448013306,0.6121672987937927,0.011761157773435116
YDR184C,YGR280C,0,6.67715,0.8451443314552307,0.6121672987937927,0.011861681006848812
YBR132C,YHR203C,0,6.6658945,0.8440366983413696,0.6121672987937927,0.011962203308939934
YJL063C,YNL134C,0,6.658492,0.8429319262504578,0.6121672987937927,0.01206272654235363
YGR215W,YPL013C,1,6.6550293,0.843137264251709,0.6131178736686707,0.01206272654235363
YGL129C,YMR286W,1,6.6499214,0.8433420658111572,0.6140684485435486,0.01206272654235363
YLR061W,YMR226C,1,6.648381,0.8435462713241577,0.6150190234184265,0.01206272654235363
YPR103W,YEL026W,0,6.6477327,0.8424479365348816,0.6150190234184265,0.012163248844444752
YPL086C,YMR260C,0,6.6389647,0.8413524031639099,0.6150190234184265,0.012263772077858448
YNL252C,YLR327C,1,6.63883,0.8415584564208984,0.6159695982933044,0.012263772077858448
YBR146W,YLR249W,1,6.6345625,0.8417639136314392,0.6169201731681824,0.012263772077858448
YNL306W,YHR052W,1,6.6272173,0.8419688940048218,0.6178707480430603,0.012263772077858448
YCR077C,YJL191W,1,6.6253357,0.8421733379364014,0.6188212633132935,0.012263772077858448
YOR208W,YDR225W,0,6.6243734,0.8410852551460266,0.6188212633132935,0.01236429437994957
YFR042W,YHL033C,0,6.6229715,0.8399999737739563,0.6188212633132935,0.012464816682040691
YPL211W,YKL167C,1,6.622793,0.8402062058448792,0.6197718381881714,0.012464816682040691
YDL069C,YJL190C,1,6.620432,0.8404118418693542,0.6207224130630493,0.012464816682040691
YKL035W,YOR293W,0,6.5943384,0.8393316268920898,0.6207224130630493,0.012565339915454388
YGL129C,YOR227W,1,6.5933657,0.8395378589630127,0.6216729879379272,0.012565339915454388
YOR095C,YGR215W,0,6.584852,0.8384615182876587,0.6216729879379272,0.01266586221754551
YEL034W,YOR182C,1,6.5783405,0.8386683464050293,0.6226235628128052,0.01266586221754551
YBL004W,YKR024C,0,6.575903,0.8375958800315857,0.6226235628128052,0.012766385450959206
YJR094W-A,YER007C-A,1,6.565895,0.837803304195404,0.6235741376876831,0.012766385450959206
YKL180W,YDR186C,1,6.558503,0.8380101919174194,0.624524712562561,0.012766385450959206
YGL011C,YPL037C,0,6.5319185,0.8369426727294922,0.624524712562561,0.012866907753050327
YJR007W,YNL327W,0,6.525236,0.8358778357505798,0.624524712562561,0.012967430986464024
YBR215W,YKL137W,0,6.5213995,0.8348157405853271,0.624524712562561,0.013067953288555145
YJL138C,YLL054C,0,6.5196667,0.8337563276290894,0.624524712562561,0.013168476521968842
YKR059W,YGR084C,1,6.5129766,0.8339670300483704,0.625475287437439,0.013168476521968842
YEL011W,YJL050W,0,6.5021152,0.8329113721847534,0.625475287437439,0.013268998824059963
YGR148C,YGL160W,1,6.4945774,0.8331226110458374,0.6264258623123169,0.013268998824059963
YDL191W,YDR037W,0,6.493102,0.8320707082748413,0.6264258623123169,0.013369521126151085
YDL064W,YDR324C,0,6.474969,0.8310214281082153,0.6264258623123169,0.013470044359564781
YPR148C,YDR447C,1,6.449629,0.8312342762947083,0.6273764371871948,0.013470044359564781
YIL127C,YJL138C,0,6.438616,0.8301886916160583,0.6273764371871948,0.013570566661655903
YBR084C-A,YHR107C,0,6.434947,0.8291457295417786,0.6273764371871948,0.0136710898950696
YLR448W,YBR160W,1,6.421545,0.8293601274490356,0.6283270120620728,0.0136710898950696
YNL002C,YMR309C,0,6.4190702,0.8283208012580872,0.6283270120620728,0.01377161219716072
YKL180W,YBR079C,1,6.400815,0.8285356760025024,0.6292775869369507,0.01377161219716072
YNL069C,YPR025C,0,6.400526,0.8274999856948853,0.6292775869369507,0.013872135430574417
YGR027C,YEL047C,1,6.3960667,0.8277153372764587,0.6302281618118286,0.013872135430574417
YPL183W-A,YBR251W,1,6.393799,0.8279301524162292,0.6311787366867065,0.013872135430574417
YCR071C,YJL020C,0,6.377404,0.8268991112709045,0.6311787366867065,0.013972657732665539
YOR234C,YDR316W,0,6.3733196,0.8258706331253052,0.6311787366867065,0.014073180966079235
YPL152W,YKL137W,0,6.346218,0.8248447179794312,0.6311787366867065,0.014173703268170357
YEL043W,YPL090C,1,6.321944,0.8250620365142822,0.6321292519569397,0.014173703268170357
YLR388W,YMR052W,0,6.3219376,0.82403963804245,0.6321292519569397,0.014274225570261478
YNL177C,YKL167C,1,6.321348,0.8242574334144592,0.6330798268318176,0.014274225570261478
YPL170W,YNL241C,0,6.3100452,0.8232385516166687,0.6330798268318176,0.014374748803675175
YHR143W-A,YIL157C,0,6.3093815,0.8222222328186035,0.6330798268318176,0.014475271105766296
YJR099W,YKL120W,0,6.3079453,0.8212083578109741,0.6330798268318176,0.014575794339179993
YPL012W,YKR065C,0,6.3008013,0.8201970458030701,0.6330798268318176,0.014676316641271114
YBR267W,YOR158W,1,6.298976,0.8204181790351868,0.6340304017066956,0.014676316641271114
YNL009W,YPL079W,0,6.298403,0.8194103240966797,0.6340304017066956,0.01477683987468481
YHL033C,YER170W,0,6.2957735,0.8184049129486084,0.6340304017066956,0.014877362176775932
YGR220C,YKL003C,1,6.2892637,0.8186274766921997,0.6349809765815735,0.014877362176775932
YBR251W,YGR054W,1,6.2810936,0.8188494443893433,0.6359315514564514,0.014877362176775932
YKL065C,YMR286W,1,6.280756,0.8190708756446838,0.6368821263313293,0.014877362176775932
YGR028W,YCR024C-A,0,6.268524,0.8180708289146423,0.6368821263313293,0.014977885410189629
YDL014W,YNL002C,1,6.2443542,0.8182926774024963,0.6378327012062073,0.014977885410189629
YDR184C,YDR194C,0,6.236274,0.8172959685325623,0.6378327012062073,0.01507840771228075
YJR123W,YML107C,1,6.2204666,0.8175182342529297,0.6387832760810852,0.01507840771228075
YNL069C,YLR051C,0,6.2146215,0.8165249228477478,0.6387832760810852,0.015178930014371872
YIL127C,YEL011W,0,6.208701,0.8155339956283569,0.6387832760810852,0.015279453247785568
YKL137W,YPR185W,0,6.207775,0.8145454525947571,0.6387832760810852,0.01537997554987669
YLL023C,YMR040W,1,6.2012033,0.814769983291626,0.6397338509559631,0.01537997554987669
YLR048W,YDR026C,1,6.1944456,0.8149939775466919,0.6406844258308411,0.01537997554987669
YBR132C,YPL118W,0,6.1919785,0.8140096664428711,0.6406844258308411,0.015480498783290386
YPL132W,YDL020C,0,6.189168,0.8130277395248413,0.6406844258308411,0.015581021085381508
YBR048W,YOR019W,1,6.173003,0.8132529854774475,0.641635000705719,0.015581021085381508
YOR210W,YER026C,0,6.1500216,0.8122743964195251,0.641635000705719,0.015681544318795204
YIL157C,YML014W,0,6.147545,0.8112980723381042,0.641635000705719,0.0157820675522089
YCR077C,YOL127W,1,6.1465807,0.8115246295928955,0.6425855755805969,0.0157820675522089
YJL191W,YER007C-A,1,6.14575,0.811750590801239,0.6435361504554749,0.0157820675522089
YPL132W,YDR462W,1,6.1397314,0.8119760751724243,0.644486665725708,0.0157820675522089
YKL152C,YDR266C,0,6.127801,0.8110047578811646,0.644486665725708,0.015882588922977448
YGR027C,YOR019W,1,6.1271086,0.8112305998802185,0.6454372406005859,0.015882588922977448
YML026C,YKR065C,0,6.1181307,0.8102625012397766,0.6454372406005859,0.015983112156391144
YNL069C,YKR039W,0,6.113058,0.8092967867851257,0.6454372406005859,0.01608363538980484
YDR077W,YMR225C,1,6.1108294,0.8095238208770752,0.6463878154754639,0.01608363538980484
YDR347W,YPL173W,1,6.109973,0.8097503185272217,0.6473383903503418,0.01608363538980484
YOR178C,YFL034C-A,0,6.1083803,0.8087885975837708,0.6473383903503418,0.016184156760573387
YBR127C,YGR215W,0,6.104698,0.8078292012214661,0.6473383903503418,0.016284679993987083
YDL014W,YDR026C,1,6.0809107,0.8080568909645081,0.6482889652252197,0.016284679993987083
YKL091C,YHR203C,0,6.05879,0.8071005940437317,0.6482889652252197,0.01638520322740078
YJL177W,YJR014W,1,6.056264,0.8073285818099976,0.6492395401000977,0.01638520322740078
YBL038W,YJL138C,1,6.0316277,0.8075560927391052,0.6501901149749756,0.01638520322740078
YCR071C,YHR141C,1,6.0292454,0.8077830076217651,0.6511406898498535,0.01638520322740078
YJL177W,YOR362C,0,6.022629,0.8068315386772156,0.6511406898498535,0.016485726460814476
YPR124W,YGL097W,0,6.015568,0.8058823347091675,0.6511406898498535,0.016586247831583023
YBR018C,YDR382W,0,6.0030622,0.8049353957176208,0.6511406898498535,0.01668677106499672
YLR297W,YEL034W,0,5.9964085,0.8039906024932861,0.6511406898498535,0.016787294298410416
YNL209W,YPR124W,0,5.993532,0.8030480742454529,0.6511406898498535,0.016887817531824112
YPR096C,YPR163C,1,5.9929953,0.8032786846160889,0.6520912647247314,0.016887817531824112
YNR024W,YKL170W,1,5.9914474,0.8035087585449219,0.6530418395996094,0.016887817531824112
YDR347W,YGR084C,1,5.9891787,0.8037382960319519,0.6539924144744873,0.016887817531824112
YDR058C,YOR293W,0,5.9813547,0.8028004765510559,0.6539924144744873,0.01698833890259266
YOR144C,YNL209W,0,5.9717455,0.8018648028373718,0.6539924144744873,0.017088862136006355
YBR160W,YOR063W,1,5.970194,0.8020954728126526,0.6549429893493652,0.017088862136006355
YML063W,YOR133W,1,5.966774,0.8023256063461304,0.6558935642242432,0.017088862136006355
YDL181W,YNL069C,0,5.9645996,0.8013937473297119,0.6558935642242432,0.01718938536942005
YPR020W,YDR171W,0,5.955617,0.8004640340805054,0.6558935642242432,0.0172899067401886
YKL137W,YOL130W,0,5.952216,0.7995365262031555,0.6558935642242432,0.017390429973602295
YPL132W,YOR094W,0,5.944376,0.7986111044883728,0.6558935642242432,0.01749095320701599
YHL001W,YNR039C,0,5.9363766,0.7976878881454468,0.6558935642242432,0.017591476440429688
YER146W,YPL249C,0,5.9266977,0.7967667579650879,0.6558935642242432,0.017691997811198235
YIL041W,YGR148C,0,5.915906,0.7958477735519409,0.6558935642242432,0.01779252104461193
YPL211W,YER146W,0,5.915722,0.7949308753013611,0.6558935642242432,0.017893044278025627
YPL212C,YNL113W,0,5.9042454,0.7940161228179932,0.6558935642242432,0.017993565648794174
YNL067W,YCR071C,1,5.901699,0.794252872467041,0.6568440794944763,0.017993565648794174
YNR056C,YHR141C,0,5.898079,0.7933409810066223,0.6568440794944763,0.01809408888220787
YPL164C,YOR312C,0,5.8944893,0.7924311757087708,0.6568440794944763,0.018194612115621567
YNL069C,YNL311C,1,5.8939962,0.7926689386367798,0.6577946543693542,0.018194612115621567
YPL037C,YER170W,0,5.893033,0.7917619943618774,0.6577946543693542,0.018295135349035263
YGR287C,YKR094C,1,5.8909903,0.7919999957084656,0.6587452292442322,0.018295135349035263
YJL151C,YKL120W,0,5.8903656,0.7910959124565125,0.6587452292442322,0.01839565671980381
YBL101C,YOR303W,0,5.8879385,0.7901938557624817,0.6587452292442322,0.018496179953217506
YGR148C,YKR003W,0,5.887307,0.7892938256263733,0.6587452292442322,0.018596703186631203
YJR123W,YEL043W,1,5.8843355,0.7895335555076599,0.6596958041191101,0.018596703186631203
YDR104C,YHL033C,0,5.880685,0.7886363863945007,0.6596958041191101,0.0186972264200449
YIL131C,YBR004C,0,5.8757277,0.7877411842346191,0.6596958041191101,0.018797747790813446
YMR116C,YLR355C,0,5.8707323,0.7868480682373047,0.6596958041191101,0.018898271024227142
YIR021W,YIL103W,0,5.8681564,0.7859569787979126,0.6596958041191101,0.01899879425764084
YDR184C,YGL099W,0,5.841362,0.7850678563117981,0.6596958041191101,0.019099315628409386
YHR091C,YGL097W,0,5.8371086,0.7841808199882507,0.6596958041191101,0.019199838861823082
YDL133C-A,YJL063C,1,5.833927,0.784424364566803,0.660646378993988,0.019199838861823082
YLR216C,YIL110W,0,5.823557,0.7835400104522705,0.660646378993988,0.019300362095236778
YKL006W,YLR244C,1,5.814865,0.7837837934494019,0.661596953868866,0.019300362095236778
YKR081C,YJL020C,0,5.8139505,0.7829021215438843,0.661596953868866,0.019400885328650475
YLL023C,YAL003W,1,5.8114386,0.78314608335495,0.6625475287437439,0.019400885328650475
YIL127C,YLR205C,0,5.807329,0.7822670936584473,0.6625475287437439,0.01950140669941902
YOR173W,YDL014W,0,5.8065014,0.7813901305198669,0.6625475287437439,0.019601929932832718
YBR126C,YOR028C,0,5.805397,0.7805151343345642,0.6625475287437439,0.019702453166246414
YHR052W,YOR252W,1,5.7901173,0.780760645866394,0.6634981036186218,0.019702453166246414
YLR069C,YIL110W,0,5.7869396,0.7798882722854614,0.6634981036186218,0.01980297639966011
YHR084W,YCR003W,0,5.7835894,0.7790178656578064,0.6634981036186218,0.019903497770428658
YDR462W,YBL050W,0,5.783187,0.7781493663787842,0.6634981036186218,0.020004021003842354
YFL034C-A,YMR269W,1,5.781543,0.7783964276313782,0.6644486784934998,0.020004021003842354
YOR190W,YHR203C,0,5.7755356,0.7775306105613708,0.6644486784934998,0.02010454423725605
YPR018W,YGL121C,0,5.76565,0.7766666412353516,0.6644486784934998,0.020205065608024597
YCR003W,YFL002C,0,5.76536,0.7758046388626099,0.6644486784934998,0.020305588841438293
YEL011W,YCR003W,0,5.761772,0.774944543838501,0.6644486784934998,0.02040611207485199
YDR115W,YNL227C,1,5.760646,0.7751938104629517,0.6653992533683777,0.02040611207485199
YJL063C,YDR385W,1,5.7578964,0.7754424810409546,0.6663498282432556,0.02040611207485199
YJR047C,YLR340W,1,5.7547493,0.7756906151771545,0.6673004031181335,0.02040611207485199
YKL139W,YGR289C,0,5.746293,0.7748344540596008,0.6673004031181335,0.020506635308265686
YLR084C,YLR110C,0,5.7461605,0.7739801406860352,0.6673004031181335,0.020607156679034233
YLR367W,YDL014W,1,5.7455854,0.7742290496826172,0.6682509779930115,0.020607156679034233
YOR293W,YNL224C,0,5.7435694,0.7733773589134216,0.6682509779930115,0.02070767991244793
YNR012W,YNL005C,0,5.741907,0.7725274562835693,0.6682509779930115,0.020808203145861626
YDR347W,YOL121C,1,5.7403994,0.7727771401405334,0.6692014932632446,0.020808203145861626
YOL097C,YBR104W,0,5.734619,0.7719298005104065,0.6692014932632446,0.020908724516630173
YLR340W,YER118C,0,5.73186,0.7710843086242676,0.6692014932632446,0.02100924775004387
YPL211W,YDR084C,0,5.726239,0.7702407240867615,0.6692014932632446,0.021109770983457565
YHR121W,YCR072C,1,5.725807,0.7704917788505554,0.6701520681381226,0.021109770983457565
YGR215W,YBL092W,1,5.7232866,0.7707423567771912,0.6711026430130005,0.021109770983457565
YGR148C,YDR266C,1,5.722765,0.7709923386573792,0.6720532178878784,0.021109770983457565
YGR076C,YPR166C,1,5.721627,0.7712418437004089,0.6730037927627563,0.021109770983457565
YJL042W,YDL213C,0,5.7168694,0.7704026103019714,0.6730037927627563,0.02121029421687126
YKL113C,YPL249C-A,0,5.712079,0.769565224647522,0.6730037927627563,0.02131081558763981
YHL015W,YNL005C,1,5.7106714,0.7698154449462891,0.6739543676376343,0.02131081558763981
YML114C,YLR340W,0,5.710656,0.7689805030822754,0.6739543676376343,0.021411338821053505
YOL110W,YFL024C,0,5.7059174,0.768147349357605,0.6739543676376343,0.0215118620544672
YML107C,YMR230W,1,5.700041,0.7683982849121094,0.6749049425125122,0.0215118620544672
YPL137C,YDR450W,1,5.697857,0.768648624420166,0.6758555173873901,0.0215118620544672
YNL252C,YKR025W,0,5.6973343,0.7678185701370239,0.6758555173873901,0.021612385287880898
YDR385W,YLR003C,0,5.692484,0.7669903039932251,0.6758555173873901,0.021712906658649445
YER117W,YGL195W,1,5.6892157,0.767241358757019,0.6768060922622681,0.021712906658649445
YBL042C,YBR084C-A,0,5.684252,0.7664154767990112,0.6768060922622681,0.02181342989206314
YGR277C,YPR185W,0,5.6731577,0.7655913829803467,0.6768060922622681,0.021913953125476837
YGR240C,YJL104W,0,5.672536,0.7647690773010254,0.6768060922622681,0.022014474496245384
YPL211W,YLR150W,1,5.6719265,0.7650214433670044,0.677756667137146,0.022014474496245384
YBR132C,YCR024C-A,0,5.6706057,0.7642015218734741,0.677756667137146,0.02211499772965908
YNR024W,YOR182C,1,5.6668377,0.7644539475440979,0.6787072420120239,0.02211499772965908
YER074W,YPL137C,1,5.6570387,0.7647058963775635,0.6796578168869019,0.02211499772965908
YGL029W,YLR449W,0,5.6460304,0.7638888955116272,0.6796578168869019,0.022215520963072777
YLR069C,YJR007W,0,5.637783,0.7630736231803894,0.6796578168869019,0.022316044196486473
YHR216W,YDL064W,0,5.6373863,0.7622601389884949,0.6796578168869019,0.02241656556725502
YJL209W,YBR110W,0,5.6349325,0.761448323726654,0.6796578168869019,0.022517088800668716
YML025C,YKL167C,1,5.6262093,0.7617021203041077,0.6806083917617798,0.022517088800668716
YMR079W,YAL055W,0,5.62131,0.7608926892280579,0.6806083917617798,0.022617612034082413
YIL117C,YML058W,0,5.6165924,0.7600849270820618,0.6806083917617798,0.02271813340485096
YPL037C,YIL097W,0,5.611,0.7592788934707642,0.6806083917617798,0.022818656638264656
YJR105W,YDL025C,0,5.609131,0.758474588394165,0.6806083917617798,0.022919179871678352
YHR196W,YOR133W,0,5.602559,0.7576719522476196,0.6806083917617798,0.02301970310509205
YPL037C,YGL029W,0,5.597294,0.7568710446357727,0.6806083917617798,0.023120224475860596
YIL069C,YOL070C,1,5.5970507,0.7571277618408203,0.6815589070320129,0.023120224475860596
YOR336W,YEL009C,0,5.580078,0.7563291192054749,0.6815589070320129,0.023220747709274292
YNR036C,YBR088C,0,5.5788507,0.7555321455001831,0.6815589070320129,0.02332127094268799
YDR347W,YGR165W,1,5.567709,0.7557894587516785,0.6825094819068909,0.02332127094268799
YML107C,YDR025W,1,5.567584,0.7560462951660156,0.6834600567817688,0.02332127094268799
YGR275W,YOL021C,0,5.566883,0.7552521228790283,0.6834600567817688,0.023421794176101685
YKL188C,YGR289C,0,5.5648575,0.7544596195220947,0.6834600567817688,0.02352231554687023
YGR148C,YER144C,0,5.564746,0.7536687850952148,0.6834600567817688,0.023622838780283928
YBR079C,YNL134C,0,5.5491295,0.7528795599937439,0.6834600567817688,0.023723362013697624
YHL001W,YCR008W,0,5.5457964,0.7520920634269714,0.6834600567817688,0.02382388338446617
YDR385W,YMR251W-A,0,5.5439367,0.7513061761856079,0.6834600567817688,0.023924406617879868
YGR028W,YGR128C,0,5.543521,0.7505218982696533,0.6834600567817688,0.024024929851293564
YPL237W,YBR106W,0,5.542742,0.7497392892837524,0.6834600567817688,0.02412545308470726
YPR080W,YPR096C,1,5.5411987,0.75,0.6844106316566467,0.02412545308470726
YOR178C,YGR280C,0,5.5354223,0.749219536781311,0.6844106316566467,0.024225974455475807
YJR113C,YGR280C,0,5.5313473,0.7484407424926758,0.6844106316566467,0.024326497688889503
YOR354C,YLR003C,0,5.5261145,0.7476635575294495,0.6844106316566467,0.0244270209223032
YBL027W,YJR144W,0,5.525256,0.7468879818916321,0.6844106316566467,0.024527544155716896
YBR253W,YGR195W,0,5.5113344,0.7461140155792236,0.6844106316566467,0.024628065526485443
YPR183W,YNL021W,0,5.5061274,0.7453415989875793,0.6844106316566467,0.02472858875989914
YER165W,YCR003W,1,5.5025806,0.7456049919128418,0.6853612065315247,0.02472858875989914
YPL268W,YHR141C,0,5.499758,0.7448347210884094,0.6853612065315247,0.024829111993312836
YJR007W,YBL002W,0,5.492117,0.744066059589386,0.6853612065315247,0.024929633364081383
YLR367W,YJR014W,1,5.4916563,0.7443298697471619,0.6863117814064026,0.024929633364081383
YJL136C,YML107C,1,5.490819,0.7445932030677795,0.6872623562812805,0.024929633364081383
YGR215W,YKL167C,1,5.4804125,0.7448559403419495,0.6882129311561584,0.024929633364081383
YJL177W,YBL067C,0,5.4763794,0.7440904378890991,0.6882129311561584,0.02503015659749508
YGR271C-A,YBL027W,0,5.4735394,0.7433264851570129,0.6882129311561584,0.025130679830908775
YGR209C,YPL118W,0,5.471738,0.7425640821456909,0.6882129311561584,0.02523120306432247
YIL137C,YMR286W,1,5.444087,0.7428278923034668,0.6891635060310364,0.02523120306432247
YOL070C,YKR057W,1,5.442646,0.7430911064147949,0.6901140809059143,0.02523120306432247
YLR388W,YOR205C,0,5.4360647,0.7423312664031982,0.6901140809059143,0.02533172443509102
YMR202W,YDR538W,0,5.4277573,0.7415730357170105,0.6901140809059143,0.025432247668504715
YOL033W,YPL037C,0,5.426053,0.7408163547515869,0.6901140809059143,0.02553277090191841
YHL033C,YOR227W,1,5.422347,0.7410805225372314,0.6910646557807922,0.02553277090191841
YJL177W,YPL212C,0,5.421508,0.7403258681297302,0.6910646557807922,0.02563329227268696
YFL022C,YBR106W,0,5.4190025,0.7395727634429932,0.6910646557807922,0.025733815506100655
YLR051C,YCL040W,0,5.411784,0.7388211488723755,0.6910646557807922,0.02583433873951435
YDL181W,YJR007W,0,5.4115267,0.738071084022522,0.6910646557807922,0.025934861972928047
YIL157C,YER094C,0,5.404091,0.7373225092887878,0.6910646557807922,0.026035383343696594
YBR084C-A,YJL111W,0,5.4034233,0.7365754842758179,0.6910646557807922,0.02613590657711029
YOL039W,YDL239C,0,5.3970127,0.7358299493789673,0.6910646557807922,0.026236429810523987
YPR100W,YMR269W,1,5.39546,0.7360970973968506,0.6920152306556702,0.026236429810523987
YDR324C,YER058W,0,5.3885345,0.7353535294532776,0.6920152306556702,0.026336953043937683
YOR252W,YNL247W,1,5.3861227,0.7356205582618713,0.6929658055305481,0.026336953043937683
YKR025W,YPL249C,0,5.381716,0.7348790168762207,0.6929658055305481,0.02643747441470623
YKR059W,YJL213W,1,5.3782616,0.7351460456848145,0.6939163208007812,0.02643747441470623
YGR215W,YDR266C,1,5.3772907,0.7354124784469604,0.6948668956756592,0.02643747441470623
YDR385W,YKL120W,0,5.3682575,0.7346733808517456,0.6948668956756592,0.026537997648119926
YHL013C,YER165W,1,5.3671646,0.7349397540092468,0.6958174705505371,0.026537997648119926
YEL011W,YML046W,0,5.3651114,0.7342026233673096,0.6958174705505371,0.026638520881533623
YGR231C,YMR244C-A,0,5.3599377,0.7334669232368469,0.6958174705505371,0.02673904225230217
YBR228W,YDR225W,0,5.3544903,0.7327327132225037,0.6958174705505371,0.026839565485715866
YNL067W,YJR067C,0,5.350154,0.7319999933242798,0.6958174705505371,0.026940088719129562
YMR011W,YNR012W,0,5.3477306,0.7312687039375305,0.6958174705505371,0.02704061195254326
YNL067W,YJR014W,1,5.347123,0.7315369248390198,0.696768045425415,0.02704061195254326
YCL033C,YOR234C,0,5.332695,0.7308076024055481,0.696768045425415,0.027141133323311806
YGL022W,YKL065C,0,5.331602,0.730079710483551,0.696768045425415,0.027241656556725502
YGL189C,YEL047C,1,5.32415,0.7303482294082642,0.697718620300293,0.027241656556725502
YOR128C,YML026C,0,5.3183126,0.7296222448348999,0.697718620300293,0.0273421797901392
YIL158W,YER035W,0,5.3178062,0.7288976907730103,0.697718620300293,0.027442701160907745
YPL237W,YLL039C,0,5.3177624,0.72817462682724,0.697718620300293,0.02754322439432144
YCR028C-A,YEL026W,0,5.302085,0.7274529337882996,0.697718620300293,0.027643747627735138
YFR042W,YCL030C,0,5.3008337,0.7267326712608337,0.697718620300293,0.027744270861148834
YMR247C,YGR034W,1,5.3004465,0.7270029783248901,0.6986691951751709,0.027744270861148834
YHR141C,YDR097C,0,5.299865,0.7262845635414124,0.6986691951751709,0.02784479223191738
YML130C,YBR079C,0,5.2993507,0.725567638874054,0.6986691951751709,0.027945315465331078
YKL156W,YPR091C,1,5.296159,0.7258382439613342,0.6996197700500488,0.027945315465331078
YMR116C,YCR097W,0,5.294278,0.7251231670379639,0.6996197700500488,0.028045838698744774
YLR244C,YBR101C,1,5.2893667,0.7253937125205994,0.7005703449249268,0.028045838698744774
YKL137W,YPL230W,0,5.2890673,0.7246804237365723,0.7005703449249268,0.02814636193215847
YDR163W,YPL230W,0,5.2886343,0.7239685654640198,0.7005703449249268,0.028246883302927017
YJL063C,YOR022C,0,5.284094,0.7232580780982971,0.7005703449249268,0.028347406536340714
YJL204C,YGR195W,0,5.2808304,0.7225490212440491,0.7005703449249268,0.02844792976975441
YOR144C,YPL079W,0,5.280302,0.7218413352966309,0.7005703449249268,0.028548451140522957
YGL121C,YAR014C,0,5.2713423,0.7211350202560425,0.7005703449249268,0.028648974373936653
YOR115C,YDR171W,0,5.26921,0.7204301357269287,0.7005703449249268,0.02874949760735035
YDR119W,YML022W,0,5.261366,0.7197265625,0.7005703449249268,0.028850020840764046
YIL016W,YHL001W,0,5.245575,0.7190244197845459,0.7005703449249268,0.028950542211532593
YLR340W,YLR362W,0,5.245391,0.7183235883712769,0.7005703449249268,0.02905106544494629
YHL004W,YBR079C,1,5.244648,0.7185978293418884,0.7015209197998047,0.02905106544494629
YGR192C,YGL130W,0,5.238312,0.7178988456726074,0.7015209197998047,0.029151588678359985
YFR028C,YMR121C,0,5.2354174,0.7172011733055115,0.7015209197998047,0.029252110049128532
YER141W,YDR163W,0,5.2299414,0.7165048718452454,0.7015209197998047,0.02935263328254223
YMR295C,YHR203C,1,5.228429,0.7167798280715942,0.7024714946746826,0.02935263328254223
YDL174C,YIL097W,0,5.2271824,0.7160852551460266,0.7024714946746826,0.029453156515955925
YPL266W,YJL104W,0,5.2240515,0.7153920531272888,0.7024714946746826,0.02955367974936962
YNL209W,YDR198C,0,5.212243,0.7147002220153809,0.7024714946746826,0.02965420112013817
YHR080C,YOL121C,1,5.203865,0.7149758338928223,0.7034220695495605,0.02965420112013817
YML025C,YOR182C,1,5.203228,0.7152509689331055,0.7043726444244385,0.02965420112013817
YMR260C,YBL009W,0,5.201866,0.7145612239837646,0.7043726444244385,0.029754724353551865
YBR189W,YFR044C,1,5.1884413,0.7148362398147583,0.7053232192993164,0.029754724353551865
YGR148C,YEL034W,1,5.1872234,0.7151106595993042,0.7062737345695496,0.029754724353551865
YBR084C-A,YMR280C,0,5.1796207,0.7144230604171753,0.7062737345695496,0.02985524758696556
YLR272C,YDL191W,0,5.1785307,0.7137367725372314,0.7062737345695496,0.029955770820379257
YPL012W,YKL084W,0,5.1716843,0.7130517959594727,0.7062737345695496,0.030056292191147804
YNL264C,YDL191W,0,5.169572,0.7123681902885437,0.7062737345695496,0.0301568154245615
YMR121C,YIL110W,0,5.161828,0.711685836315155,0.7062737345695496,0.030257338657975197
YPL217C,YBR221C,0,5.1616364,0.7110047936439514,0.7062737345695496,0.030357860028743744
YML025C,YKL003C,1,5.1559477,0.7112810611724854,0.7072243094444275,0.030357860028743744
YPL228W,YML026C,0,5.1505175,0.7106017470359802,0.7072243094444275,0.03045838326215744
YCR077C,YBL028C,1,5.142824,0.7108778357505798,0.7081748843193054,0.03045838326215744
YER141W,YFL022C,0,5.133437,0.7102001905441284,0.7081748843193054,0.030558906495571136
YBL018C,YOL021C,0,5.1250916,0.7095237970352173,0.7081748843193054,0.030659429728984833
YBR267W,YLR009W,1,5.115097,0.7098001837730408,0.7091254591941833,0.030659429728984833
YHL033C,YAL042W,0,5.1117754,0.7091254591941833,0.7091254591941833,0.03075995109975338
YOR328W,YKR080W,0,5.108863,0.708452045917511,0.7091254591941833,0.030860474333167076
YJR047C,YLR289W,1,5.103568,0.7087286710739136,0.7100760340690613,0.030860474333167076
YLR275W,YBR139W,0,5.1005745,0.7080568671226501,0.7100760340690613,0.030960997566580772
YGR163W,YGR098C,0,5.093195,0.7073863744735718,0.7100760340690613,0.03106152079999447
YPL081W,YNL241C,0,5.092037,0.7067171335220337,0.7100760340690613,0.031162042170763016
YJR007W,YKL167C,1,5.0903444,0.706994354724884,0.7110266089439392,0.031162042170763016
YIL148W,YML107C,1,5.0825443,0.7072710394859314,0.7119771838188171,0.031162042170763016
YHR003C,YOR312C,0,5.0802526,0.7066037654876709,0.7119771838188171,0.03126256540417671
YDL069C,YBR084C-A,1,5.079069,0.7068803310394287,0.7129277586936951,0.03126256540417671
YER016W,YBR044C,0,5.0760355,0.7062146663665771,0.7129277586936951,0.03136308863759041
YGR209C,YLR229C,0,5.075391,0.7055503129959106,0.7129277586936951,0.031463611871004105
YNL284C,YDL014W,1,5.0735254,0.7058270573616028,0.713878333568573,0.031463611871004105
YNL209W,YML019W,0,5.069045,0.7051643133163452,0.713878333568573,0.0315641351044178
YBR021W,YJL104W,0,5.065468,0.7045028209686279,0.713878333568573,0.0316646546125412
YNL083W,YMR260C,0,5.061638,0.7038425207138062,0.713878333568573,0.031765177845954895
YBL045C,YIL157C,0,5.0584536,0.7031835317611694,0.713878333568573,0.03186570107936859
YAR050W,YHR079C-A,0,5.058071,0.7025257349014282,0.713878333568573,0.03196622431278229
YHR141C,YLR002C,0,5.058069,0.7018691301345825,0.713878333568573,0.032066747546195984
YMR291W,YBL027W,0,5.057494,0.7012138366699219,0.713878333568573,0.03216727077960968
YNL252C,YBR204C,0,5.056649,0.700559675693512,0.713878333568573,0.032267794013023376
YBR210W,YGR209C,0,5.056319,0.6999068260192871,0.713878333568573,0.032368313521146774
YNL315C,YJL111W,0,5.0533495,0.699255108833313,0.713878333568573,0.03246883675456047
YDR322C-A,YJR064W,0,5.0530167,0.6986046433448792,0.713878333568573,0.03256935998797417
YOL039W,YIL010W,0,5.0488167,0.6979553699493408,0.713878333568573,0.03266988322138786
YCL045C,YDR382W,0,5.0431767,0.6973073482513428,0.713878333568573,0.03277040645480156
YNL252C,YJR077C,0,5.0401297,0.6966604590415955,0.713878333568573,0.032870929688215256
YNL030W,YCR003W,0,5.0371666,0.6960148215293884,0.713878333568573,0.03297145292162895
YJL111W,YPR009W,0,5.034318,0.6953703761100769,0.713878333568573,0.03307197242975235
YKL167C,YEL003W,0,5.0338993,0.6947271227836609,0.713878333568573,0.033172495663166046
YOL097C,YJR161C,0,5.0282087,0.6940850019454956,0.713878333568573,0.03327301889657974
YNL021W,YDL191W,0,5.0276175,0.6934441328048706,0.713878333568573,0.03337354212999344
YBL050W,YOR017W,0,5.0241156,0.6928044557571411,0.713878333568573,0.033474065363407135
YBR239C,YDR382W,0,5.015768,0.6921659111976624,0.713878333568573,0.03357458859682083
YKR092C,YBR179C,0,5.007921,0.6915285587310791,0.713878333568573,0.03367511183023453
YJL104W,YIL097W,0,5.0072107,0.6908923387527466,0.713878333568573,0.033775635063648224
YOL039W,YDR394W,0,5.007163,0.6902573704719543,0.713878333568573,0.03387615457177162
YOR175C,YNL007C,1,4.9960194,0.6905418038368225,0.7148289084434509,0.03387615457177162
YKL018W,YGL008C,0,4.9941387,0.6899082660675049,0.7148289084434509,0.03397667780518532
YMR116C,YPL086C,0,4.992964,0.6892759203910828,0.7148289084434509,0.034077201038599014
YKL091C,YOR196C,0,4.9919567,0.6886447072029114,0.7148289084434509,0.03417772427201271
YOR234C,YPL241C,0,4.9907074,0.6880146265029907,0.7148289084434509,0.03427824750542641
YEL011W,YOR202W,0,4.98921,0.6873857378959656,0.7148289084434509,0.0343787707388401
YIR003W,YDR447C,1,4.9883947,0.6876712441444397,0.7157794833183289,0.0343787707388401
YHR112C,YMR030W,0,4.9877977,0.6870437860488892,0.7157794833183289,0.0344792939722538
YDR322C-A,YDL222C,0,4.978157,0.6864175200462341,0.7157794833183289,0.0345798134803772
YGR085C,YNL311C,1,4.977131,0.686703085899353,0.7167300581932068,0.0345798134803772
YMR283C,YPL118W,0,4.9711227,0.6860782504081726,0.7167300581932068,0.034680336713790894
YLR340W,YMR029C,0,4.9636345,0.6854545474052429,0.7167300581932068,0.03478085994720459
YLR051C,YCR003W,0,4.9623003,0.684831976890564,0.7167300581932068,0.034881383180618286
YJR105W,YDR450W,0,4.958461,0.6842105388641357,0.7167300581932068,0.03498190641403198
YGR275W,YHL013C,0,4.956666,0.6835902333259583,0.7167300581932068,0.03508242964744568
YPL249C-A,YLR327C,1,4.953145,0.6838768124580383,0.7176806330680847,0.03508242964744568
YCR079W,YEL060C,0,4.951088,0.6832579374313354,0.7176806330680847,0.035182952880859375
YNL069C,YBR019C,0,4.948989,0.6826401352882385,0.7176806330680847,0.03528347238898277
YNL067W,YGR271C-A,0,4.943267,0.6820234656333923,0.7176806330680847,0.03538399562239647
YER006W,YER042W,0,4.940406,0.6814079284667969,0.7176806330680847,0.035484518855810165
YGL245W,YNR046W,0,4.939744,0.6807935237884521,0.7176806330680847,0.03558504208922386
YPL037C,YKR087C,0,4.9378757,0.6801801919937134,0.7176806330680847,0.03568556532263756
YKL113C,YDL214C,0,4.931699,0.6795679330825806,0.7176806330680847,0.035786088556051254
YBR084C-A,YBL105C,0,4.929549,0.6789568066596985,0.7176806330680847,0.03588661178946495
YOR234C,YIL010W,0,4.928625,0.6783468127250671,0.7176806330680847,0.03598713129758835
YNR037C,YBR251W,1,4.9201956,0.6786355376243591,0.7186312079429626,0.03598713129758835
YGL049C,YMR225C,1,4.917225,0.6789237856864929,0.7195817232131958,0.03598713129758835
YOR227W,YOL039W,1,4.917179,0.6792114973068237,0.7205322980880737,0.03598713129758835
YPL037C,YKL120W,0,4.9120817,0.6786034107208252,0.7205322980880737,0.036087654531002045
YGR109C,YCR003W,0,4.9078894,0.6779963970184326,0.7205322980880737,0.03618817776441574
YGR028W,YOL113W,0,4.9078655,0.6773905158042908,0.7205322980880737,0.03628870099782944
YEL011W,YBR239C,0,4.907261,0.6767857074737549,0.7205322980880737,0.036389224231243134
YML078W,YGR132C,0,4.905755,0.676181972026825,0.7205322980880737,0.03648974746465683
YGL234W,YBR154C,0,4.9028654,0.675579309463501,0.7205322980880737,0.036590270698070526
YAL005C,YGR128C,0,4.902707,0.674977719783783,0.7205322980880737,0.03669079393148422
YDR382W,YDR354W,0,4.9024544,0.6743772029876709,0.7205322980880737,0.03679131343960762
YPL256C,YMR260C,0,4.900714,0.6737777590751648,0.7205322980880737,0.036891836673021317
YCL038C,YML025C,0,4.8932486,0.6731793880462646,0.7205322980880737,0.03699235990643501
YML026C,YDL165W,0,4.8931274,0.6725820899009705,0.7205322980880737,0.03709288313984871
YNL229C,YJL104W,0,4.8910913,0.6719858050346375,0.7205322980880737,0.037193406373262405
YPL072W,YNL087W,0,4.889271,0.6713905930519104,0.7205322980880737,0.0372939296066761
YHL007C,YJL020C,0,4.883197,0.6707964539527893,0.7205322980880737,0.0373944528400898
YFL016C,YOR073W,0,4.877676,0.6702033877372742,0.7205322980880737,0.037494972348213196
YIR003W,YJL104W,0,4.8776293,0.6696113348007202,0.7205322980880737,0.03759549558162689
YBR056W,YGL133W,0,4.8769503,0.6690202951431274,0.7205322980880737,0.03769601881504059
YDR147W,YGR087C,0,4.87624,0.6684303283691406,0.7205322980880737,0.037796542048454285
YNL315C,YER170W,0,4.874506,0.6678414344787598,0.7205322980880737,0.03789706528186798
YLR222C,YKL167C,0,4.8727818,0.6672534942626953,0.7205322980880737,0.03799758851528168
YEL063C,YEL011W,0,4.8722773,0.6666666865348816,0.7205322980880737,0.038098111748695374
YOR354C,YER006W,0,4.8712654,0.6660808324813843,0.7205322980880737,0.03819863125681877
YKL188C,YOL033W,0,4.87074,0.6654960513114929,0.7205322980880737,0.03829915449023247
YFL034C-A,YOR073W,0,4.8638115,0.6649122834205627,0.7205322980880737,0.038399677723646164
YDR171W,YKL018W,0,4.8634443,0.6643295288085938,0.7205322980880737,0.03850020095705986
YMR014W,YPL249C-A,0,4.860669,0.6637477874755859,0.7205322980880737,0.038600724190473557
YHR196W,YNL030W,0,4.854356,0.6631671190261841,0.7205322980880737,0.03870124742388725
YOR173W,YCR071C,0,4.85425,0.6625874042510986,0.7205322980880737,0.03880177065730095
YPR066W,YKR039W,0,4.854249,0.6620087623596191,0.7205322980880737,0.03890229016542435
YIL117C,YMR083W,0,4.85157,0.661431074142456,0.7205322980880737,0.03900281339883804
YML131W,YLR070C,0,4.845422,0.6608543992042542,0.7205322980880737,0.03910333663225174
YER050C,YMR226C,1,4.841614,0.661149799823761,0.7214828729629517,0.03910333663225174
YEL011W,YPR124W,0,4.839776,0.6605744361877441,0.7214828729629517,0.039203859865665436
YKL027W,YMR116C,0,4.8302383,0.6600000262260437,0.7214828729629517,0.03930438309907913
YLR405W,YKR024C,0,4.829094,0.6594265699386597,0.7214828729629517,0.03940490633249283
YHL001W,YPR058W,0,4.827325,0.6588541865348816,0.7214828729629517,0.039505429565906525
YDR016C,YNR026C,0,4.825241,0.6582827568054199,0.7214828729629517,0.03960595279932022
YDR202C,YML022W,0,4.823514,0.6577122807502747,0.7214828729629517,0.03970647230744362
YDR026C,YML009C,1,4.822007,0.6580086350440979,0.7224334478378296,0.03970647230744362
YHR104W,YML093W,0,4.8210745,0.6574394702911377,0.7224334478378296,0.039806995540857315
YKL170W,YKL222C,1,4.820939,0.6577355265617371,0.7233840227127075,0.039806995540857315
YKL096W,YPL030W,0,4.8195477,0.6571675539016724,0.7233840227127075,0.03990751877427101
YOR095C,YGL097W,0,4.813999,0.6566005349159241,0.7233840227127075,0.04000804200768471
YFL022C,YKL065C,0,4.8085012,0.6560344696044922,0.7233840227127075,0.040108565241098404
YBR293W,YHR152W,0,4.799144,0.6554694175720215,0.7233840227127075,0.0402090884745121
YBR282W,YNL227C,1,4.7976646,0.6557658910751343,0.7243345975875854,0.0402090884745121
YEL050C,YGR283C,1,4.787423,0.6560618877410889,0.7252851724624634,0.0402090884745121
YIL157C,YGR289C,0,4.7869463,0.6554982662200928,0.7252851724624634,0.040309611707925797
YIR007W,YFL034C-A,0,4.7831755,0.6549355983734131,0.7252851724624634,0.040410131216049194
YJR047C,YGR280C,0,4.7826395,0.6543739438056946,0.7252851724624634,0.04051065444946289
YPL211W,YLR002C,0,4.7786455,0.6538131833076477,0.7252851724624634,0.04061117768287659
YOR022C,YNL005C,0,4.776388,0.653253436088562,0.7252851724624634,0.04071170091629028
YBR126C,YIL121W,0,4.7757215,0.652694582939148,0.7252851724624634,0.04081222414970398
YOL021C,YHR203C,0,4.773736,0.6521367430686951,0.7252851724624634,0.040912747383117676
YGR231C,YER170W,0,4.7715855,0.6515798568725586,0.7252851724624634,0.04101327061653137
YKL216W,YLR119W,0,4.7706566,0.6510238647460938,0.7252851724624634,0.04111379012465477
YDL014W,YHR128W,0,4.7694664,0.6504688858985901,0.7252851724624634,0.041214313358068466
YMR189W,YDL191W,0,4.7580442,0.6499148011207581,0.7252851724624634,0.04131483659148216
YHR121W,YLR029C,1,4.757863,0.6502127647399902,0.7262357473373413,0.04131483659148216
YOL137W,YBL003C,0,4.7558966,0.6496598720550537,0.7262357473373413,0.04141535982489586
YER141W,YNL113W,0,4.7487984,0.6491078734397888,0.7262357473373413,0.041515883058309555
YDR184C,YLR174W,0,4.7446585,0.6485568881034851,0.7262357473373413,0.04161640629172325
YNL264C,YDR348C,0,4.742526,0.648006796836853,0.7262357473373413,0.04171692952513695
YMR116C,YOL137W,0,4.741317,0.6474575996398926,0.7262357473373413,0.041817449033260345
YLR205C,YML008C,0,4.7372446,0.6469094157218933,0.7262357473373413,0.04191797226667404
YGR023W,YNL177C,0,4.7333374,0.6463621258735657,0.7262357473373413,0.04201849550008774
YJL145W,YKR065C,0,4.732232,0.6458157300949097,0.7262357473373413,0.042119018733501434
YJR067C,YNL305C,0,4.7311783,0.6452702879905701,0.7262357473373413,0.04221954196691513
YOR252W,YNL002C,1,4.727298,0.6455696225166321,0.7271863222122192,0.04221954196691513
YCR003W,YNR049C,0,4.7262526,0.6450253129005432,0.7271863222122192,0.04232006520032883
YNL209W,YER058W,0,4.7239914,0.644481897354126,0.7271863222122192,0.04242058843374252
YMR079W,YNL134C,0,4.722767,0.6439393758773804,0.7271863222122192,0.04252110794186592
YER170W,YOL058W,0,4.706787,0.6433978080749512,0.7271863222122192,0.04262163117527962
YOR234C,YGL086W,0,4.705985,0.6428571343421936,0.7271863222122192,0.042722154408693314
YHR001W,YIL015W,0,4.7046785,0.6423173546791077,0.7271863222122192,0.04282267764210701
YBR139W,YGL029W,0,4.7040434,0.6417785286903381,0.7271863222122192,0.042923200875520706
YMR047C,YGR215W,0,4.70014,0.6412405967712402,0.7271863222122192,0.0430237241089344
YJL151C,YER016W,0,4.6993265,0.6407034993171692,0.7271863222122192,0.0431242473423481
YML114C,YCR066W,0,4.6926203,0.6401673555374146,0.7271863222122192,0.043224770575761795
YHL007C,YMR029C,0,4.6923237,0.6396321058273315,0.7271863222122192,0.04332529008388519
YML093W,YDR001C,0,4.691765,0.6390977501869202,0.7271863222122192,0.04342581331729889
YPL029W,YFL034C-A,0,4.691641,0.6385642886161804,0.7271863222122192,0.043526336550712585
YNL227C,YJR014W,1,4.6845503,0.6388657093048096,0.7281368970870972,0.043526336550712585
YJL213W,YMR226C,1,4.6845407,0.6391666531562805,0.7290874719619751,0.043526336550712585
YOL094C,YPL037C,0,4.6828413,0.638634443283081,0.7290874719619751,0.04362685978412628
YHL035C,YDL110C,1,4.6824675,0.6389350891113281,0.730038046836853,0.04362685978412628
YJL047C,YPL081W,0,4.678879,0.6384040117263794,0.730038046836853,0.04372738301753998
YNL002C,YPR075C,0,4.6775618,0.6378737688064575,0.730038046836853,0.043827906250953674
YCR077C,YDR462W,1,4.676154,0.638174295425415,0.730988621711731,0.043827906250953674
YGR215W,YMR251W-A,0,4.6665115,0.6376451253890991,0.730988621711731,0.04392842948436737
YMR067C,YPL108W,0,4.663148,0.6371167898178101,0.730988621711731,0.04402894899249077
YBR290W,YOR210W,0,4.662286,0.6365894079208374,0.730988621711731,0.044129472225904465
YHR183W,YKL220C,0,4.661762,0.6360628604888916,0.730988621711731,0.04422999545931816
YGL048C,YPL030W,0,4.658869,0.6355372071266174,0.730988621711731,0.04433051869273186
YOR375C,YLL028W,0,4.6521797,0.6350123882293701,0.730988621711731,0.044431041926145554
YPR124W,YBL003C,0,4.649493,0.6344884634017944,0.730988621711731,0.04453156515955925
YHR203C,YGL187C,0,4.6436415,0.6339653730392456,0.730988621711731,0.044632088392972946
YOL068C,YLR119W,0,4.64157,0.6334431767463684,0.730988621711731,0.044732607901096344
YGL079W,YMR083W,0,4.6374445,0.6329218149185181,0.730988621711731,0.04483313113451004
YDR258C,YIL065C,0,4.636324,0.6324012875556946,0.730988621711731,0.04493365436792374
YCL020W,YJR125C,0,4.6353693,0.6318816542625427,0.730988621711731,0.04503417760133743
YHR039C,YLL028W,0,4.6340113,0.6313629150390625,0.730988621711731,0.04513470083475113
YKL180W,YFR044C,1,4.6263,0.6316652894020081,0.7319391369819641,0.04513470083475113
YKR098C,YNL177C,0,4.623478,0.631147563457489,0.7319391369819641,0.045235224068164825
YER016W,YJL104W,0,4.6204023,0.630630612373352,0.7319391369819641,0.04533574730157852
YPL173W,YNL007C,1,4.618703,0.6309328675270081,0.732889711856842,0.04533574730157852
YHR091C,YER124C,0,4.6103945,0.630416989326477,0.732889711856842,0.04543626680970192
YKR060W,YHR196W,0,4.6093426,0.6299019455909729,0.732889711856842,0.045536790043115616
YOR173W,YNL083W,0,4.6011925,0.6293877363204956,0.732889711856842,0.04563731327652931
YDR385W,YCR046C,1,4.600956,0.6296900510787964,0.73384028673172,0.04563731327652931
YGL121C,YCR097W,0,4.5996075,0.6291768550872803,0.73384028673172,0.04573783650994301
YJR105W,YBL002W,0,4.595415,0.628664493560791,0.73384028673172,0.045838359743356705
YOL039W,YDR051C,0,4.5953054,0.6281529664993286,0.73384028673172,0.0459388829767704
YGR277C,YMR280C,0,4.5950937,0.6276422739028931,0.73384028673172,0.0460394062101841
YGL076C,YEL047C,1,4.5934544,0.6279447674751282,0.7347908616065979,0.0460394062101841
YKL065C,YDR026C,1,4.5917206,0.6282467246055603,0.7357414364814758,0.0460394062101841
YPR020W,YDL066W,0,4.591568,0.6277372241020203,0.7357414364814758,0.046139929443597794
YGR023W,YPR052C,0,4.5900593,0.6272284984588623,0.7357414364814758,0.04624044895172119
YDR293C,YLR022C,0,4.5895586,0.626720666885376,0.7357414364814758,0.04634097218513489
YBL040C,YPL249C-A,0,4.58729,0.6262136101722717,0.7357414364814758,0.046441495418548584
YHR052W,YLR183C,1,4.5831337,0.6265157461166382,0.7366920113563538,0.046441495418548584
YCL011C,YGL121C,0,4.5814857,0.6260097026824951,0.7366920113563538,0.04654201865196228
YHR065C,YER170W,0,4.5739307,0.6255044341087341,0.7366920113563538,0.04664254188537598
YMR291W,YPL079W,0,4.573433,0.625,0.7366920113563538,0.04674306511878967
YML130C,YBR133C,0,4.5715466,0.6244964003562927,0.7366920113563538,0.04684358835220337
YGL195W,YGR165W,1,4.571373,0.6247987151145935,0.7376425862312317,0.04684358835220337
YPL173W,YGL049C,1,4.570261,0.6251005530357361,0.7385931611061096,0.04684358835220337
YAR071W,YGR206W,0,4.5666485,0.6245980858802795,0.7385931611061096,0.04694410786032677
YER124C,YDL191W,0,4.5601263,0.6240963935852051,0.7385931611061096,0.04704463109374046
YDR382W,YIL110W,0,4.559799,0.6235954761505127,0.7385931611061096,0.04714515432715416
YIR012W,YPR163C,1,4.559348,0.6238973736763,0.7395437359809875,0.04714515432715416
YMR014W,YNL299W,0,4.5567703,0.6233974099159241,0.7395437359809875,0.047245677560567856
YJL050W,YFR044C,0,4.5553474,0.6228983402252197,0.7395437359809875,0.04734620079398155
YKL008C,YOL119C,0,4.551244,0.6223999857902527,0.7395437359809875,0.04744672402739525
YDR339C,YOR073W,0,4.550576,0.6219024658203125,0.7395437359809875,0.047547247260808945
YBR039W,YDL191W,0,4.5477037,0.6214057803153992,0.7395437359809875,0.04764776676893234
YER065C,YBR171W,0,4.5451374,0.6209098100662231,0.7395437359809875,0.04774829000234604
YGL048C,YPL270W,0,4.543909,0.620414674282074,0.7395437359809875,0.047848813235759735
YML131W,YGR128C,0,4.53609,0.6199203133583069,0.7395437359809875,0.04794933646917343
YIL131C,YGL121C,0,4.534356,0.6194267272949219,0.7395437359809875,0.04804985970258713
YLR340W,YER007C-A,1,4.5338345,0.6197295188903809,0.7404943108558655,0.04804985970258713
YDR385W,YGR038W,0,4.5333776,0.6192368865013123,0.7404943108558655,0.048150382936000824
YHR104W,YEL046C,0,4.5243998,0.6187450289726257,0.7404943108558655,0.04825090616941452
YGL187C,YLR355C,0,4.522909,0.6182539463043213,0.7404943108558655,0.04835142567753792
YDR225W,YGL079W,0,4.521188,0.6177636981010437,0.7404943108558655,0.048451948910951614
YML131W,YPL118W,0,4.5187206,0.6172741651535034,0.7404943108558655,0.04855247214436531
YGL048C,YMR067C,0,4.5179615,0.6167854070663452,0.7404943108558655,0.04865299537777901
YPL081W,YMR083W,0,4.517872,0.6162974834442139,0.7404943108558655,0.0487535186111927
YMR121C,YMR244C-A,0,4.5158033,0.6158102750778198,0.7404943108558655,0.0488540418446064
YKL213C,YLR355C,0,4.5050135,0.6153238415718079,0.7404943108558655,0.048954565078020096
YNL069C,YBR293W,0,4.501889,0.614838182926178,0.7404943108558655,0.04905508831143379
YHR016C,YPL037C,0,4.5005503,0.6143532991409302,0.7404943108558655,0.04915560781955719
YER141W,YAR071W,0,4.4986153,0.6138691902160645,0.7404943108558655,0.049256131052970886
YPL164C,YHR141C,0,4.49512,0.6133858561515808,0.7404943108558655,0.04935665428638458
YNL185C,YMR269W,1,4.4931,0.6136900186538696,0.7414448857307434,0.04935665428638458
YGR121C,YER122C,0,4.483345,0.6132075190544128,0.7414448857307434,0.04945717751979828
YLR226W,YGR209C,0,4.4799957,0.6127258539199829,0.7414448857307434,0.049557700753211975
YBR290W,YKR024C,0,4.4718933,0.6122449040412903,0.7414448857307434,0.04965822398662567
YDR171W,YGR132C,0,4.4637136,0.6117647290229797,0.7414448857307434,0.04975874722003937
YBR106W,YJR161C,0,4.4609346,0.6112852692604065,0.7414448857307434,0.049859266728162766
YDL045W-A,YJR014W,1,4.456109,0.6115896701812744,0.7423954606056213,0.049859266728162766
YOR133W,YBR160W,1,4.4480124,0.6118935942649841,0.7433460354804993,0.049859266728162766
YDL239C,YBR244W,0,4.4444447,0.6114151477813721,0.7433460354804993,0.04995978996157646
YBL036C,YPL037C,0,4.444071,0.6109374761581421,0.7433460354804993,0.05006031319499016
YKR067W,YHR143W-A,0,4.442857,0.6104605793952942,0.7433460354804993,0.050160836428403854
YJL063C,YPR020W,0,4.433551,0.6099843978881836,0.7433460354804993,0.05026135966181755
YOL110W,YPR082C,0,4.4270334,0.6095089912414551,0.7433460354804993,0.05036188289523125
YCL011C,YPL118W,0,4.4219837,0.6090342402458191,0.7433460354804993,0.05046240612864494
YGL048C,YDL236W,0,4.4164953,0.60856032371521,0.7433460354804993,0.05056292563676834
YBR104W,YHR128W,0,4.4149523,0.6080870628356934,0.7433460354804993,0.05066344887018204
YLR372W,YJL020C,0,4.413967,0.6076146364212036,0.7433460354804993,0.050763972103595734
YKL188C,YPL108W,0,4.4139233,0.6071428656578064,0.7433460354804993,0.05086449533700943
YPR061C,YGL008C,0,4.4005547,0.6066718101501465,0.7433460354804993,0.050965018570423126
YER078C,YGR098C,0,4.398526,0.6062015295028687,0.7433460354804993,0.05106554180383682
YAR071W,YKR046C,0,4.397194,0.6057319641113281,0.7433460354804993,0.05116606503725052
YGR108W,YER035W,0,4.3970394,0.6052631735801697,0.7433460354804993,0.05126658454537392
YLR408C,YML007W,0,4.395608,0.6047950387001038,0.7433460354804993,0.05136710777878761
YCR068W,YNL037C,0,4.3903522,0.6043276786804199,0.7433460354804993,0.05146763101220131
YNL315C,YOR130C,0,4.38976,0.6038609743118286,0.7433460354804993,0.051568154245615005
YIR034C,YKL035W,0,4.3879366,0.6033950448036194,0.7433460354804993,0.0516686774790287
YMR260C,YJL154C,0,4.3878813,0.6029298305511475,0.7433460354804993,0.0517692007124424
YDL150W,YBL101C,0,4.384529,0.6024653315544128,0.7433460354804993,0.051869723945856094
YOR173W,YGL099W,0,4.3821697,0.6020015478134155,0.7433460354804993,0.05197024345397949
YOL094C,YLR424W,0,4.3817186,0.6015384793281555,0.7433460354804993,0.05207076668739319
YIL148W,YGL160W,1,4.3774376,0.6018447279930115,0.7442965507507324,0.05207076668739319
YNL069C,YER075C,0,4.375824,0.6013824939727783,0.7442965507507324,0.052171289920806885
YBR234C,YPR112C,0,4.3728,0.6009209752082825,0.7442965507507324,0.05227181315422058
YCL040W,YIL131C,0,4.366379,0.6004601120948792,0.7442965507507324,0.05237233638763428
YLR448W,YNL014W,1,4.3641434,0.6007663011550903,0.7452471256256104,0.05237233638763428
YOR128C,YHR039C,0,4.362755,0.6003062725067139,0.7452471256256104,0.052472859621047974
YAL061W,YKR065C,0,4.3575706,0.5998469591140747,0.7452471256256104,0.05257338285446167
YBR302C,YNL087W,0,4.355627,0.5993883609771729,0.7452471256256104,0.052673906087875366
YDL232W,YOL060C,0,4.354478,0.5989304780960083,0.7452471256256104,0.052774425595998764
YLR069C,YGL097W,0,4.354351,0.598473310470581,0.7452471256256104,0.05287494882941246
YEL026W,YDR143C,0,4.3502655,0.5980167984962463,0.7452471256256104,0.05297547206282616
YLR340W,YDR485C,0,4.3483443,0.5975610017776489,0.7452471256256104,0.05307599529623985
YBL050W,YDL010W,0,4.3475714,0.597105860710144,0.7452471256256104,0.05317651852965355
YIL117C,YBR234C,0,4.3457584,0.5966514348983765,0.7452471256256104,0.053277041763067245
YGR148C,YEL004W,0,4.3450603,0.5961977243423462,0.7452471256256104,0.05337756499648094
YIL065C,YBR104W,0,4.34416,0.5957446694374084,0.7452471256256104,0.05347808450460434
YMR121C,YJL076W,0,4.3435163,0.595292329788208,0.7452471256256104,0.053578607738018036
YOR361C,YBR227C,0,4.3404713,0.5948406457901001,0.7452471256256104,0.05367913097143173
YGL255W,YGL012W,0,4.329873,0.5943896770477295,0.7452471256256104,0.05377965420484543
YBR290W,YBL004W,0,4.327258,0.5939394235610962,0.7452471256256104,0.053880177438259125
YBR132C,YPL265W,0,4.3262277,0.5934897661209106,0.7452471256256104,0.05398070067167282
YLR340W,YDL025C,0,4.325325,0.5930408239364624,0.7452471256256104,0.05408122390508652
YDL155W,YJL093C,0,4.3240986,0.5925925970077515,0.7452471256256104,0.054181743413209915
YDL110C,YMR247C,1,4.32239,0.592900276184082,0.7461977005004883,0.054181743413209915
YML130C,YER016W,0,4.3208737,0.5924528241157532,0.7461977005004883,0.05428226664662361
YGR133W,YKL008C,0,4.3187523,0.5920060276985168,0.7461977005004883,0.05438278988003731
YHR062C,YNL005C,0,4.3163767,0.591559886932373,0.7461977005004883,0.054483313113451004
YBL004W,YDR382W,0,4.3001013,0.5911144614219666,0.7461977005004883,0.0545838363468647
YHL001W,YER004W,0,4.295257,0.5906696915626526,0.7461977005004883,0.0546843595802784
YFR044C,YDR025W,1,4.294651,0.5909774303436279,0.7471482753753662,0.0546843595802784
YMR079W,YGR231C,0,4.2922974,0.590533435344696,0.7471482753753662,0.05478488281369209
YNL256W,YKR024C,0,4.289832,0.5900900959968567,0.7471482753753662,0.05488540232181549
YGL250W,YLR355C,0,4.277603,0.5896474123001099,0.7471482753753662,0.05498592555522919
YHR062C,YPR033C,0,4.275132,0.5892053842544556,0.7471482753753662,0.05508644878864288
YGR287C,YLR439W,1,4.2744617,0.5895131230354309,0.7480988502502441,0.05508644878864288
YMR244C-A,YHR176W,0,4.274254,0.5890718698501587,0.7480988502502441,0.05518697202205658
YDR307W,YFL034C-A,0,4.274241,0.588631272315979,0.7480988502502441,0.055287495255470276
YLR064W,YMR121C,0,4.2731256,0.5881913304328918,0.7480988502502441,0.05538801848888397
YHL007C,YMR280C,0,4.264983,0.5877520442008972,0.7480988502502441,0.05548854172229767
YNL254C,YDL174C,0,4.264558,0.5873134136199951,0.7480988502502441,0.055589064955711365
YEL055C,YHR001W,0,4.2596593,0.5868754386901855,0.7480988502502441,0.05568958446383476
YDR091C,YNL247W,1,4.259634,0.5871832966804504,0.7490494251251221,0.05568958446383476
YGR148C,YML069W,0,4.2593727,0.586746096611023,0.7490494251251221,0.05579010769724846
YNL030W,YNR039C,0,4.2569656,0.586309552192688,0.7490494251251221,0.055890630930662155
YML130C,YPL030W,0,4.2560616,0.5858736038208008,0.7490494251251221,0.05599115416407585
YLR393W,YHR045W,0,4.2555256,0.5854383111000061,0.7490494251251221,0.05609167739748955
YPL128C,YPL079W,0,4.253646,0.5850037336349487,0.7490494251251221,0.056192200630903244
YJL145W,YDR346C,0,4.253235,0.5845697522163391,0.7490494251251221,0.05629272386431694
YEL011W,YKL139W,0,4.2517476,0.584136426448822,0.7490494251251221,0.05639324337244034
YJR047C,YLL042C,0,4.251588,0.5837036967277527,0.7490494251251221,0.056493766605854034
YKR060W,YMR083W,0,4.2494745,0.5832716226577759,0.7490494251251221,0.05659428983926773
YLR340W,YBR186W,0,4.2478256,0.5828402638435364,0.7490494251251221,0.05669481307268143
YGR148C,YMR113W,0,4.244952,0.5824094414710999,0.7490494251251221,0.05679533630609512
YEL034W,YMR116C,1,4.2441664,0.5827178955078125,0.75,0.05679533630609512
YDR346C,YBR079C,0,4.244136,0.5822878479957581,0.75,0.05689585953950882
YNL082W,YOR007C,0,4.2427683,0.5818583965301514,0.75,0.056996382772922516
YDR182W,YBR106W,0,4.2410364,0.5814296007156372,0.75,0.057096902281045914
YKL113C,YHL001W,0,4.2387104,0.5810014605522156,0.75,0.05719742551445961
YPL037C,YDL214C,0,4.2377744,0.5805739760398865,0.75,0.057297948747873306
YBR290W,YOL097C,0,4.2329097,0.5801470875740051,0.75,0.057398471981287
YER146W,YLR178C,0,4.232588,0.5797207951545715,0.75,0.0574989952147007
YDR382W,YOR227W,1,4.2230463,0.5800293684005737,0.7509505748748779,0.0574989952147007
YNL069C,YGL166W,0,4.217779,0.5796037912368774,0.7509505748748779,0.057599518448114395
YJL118W,YMR251W-A,0,4.216916,0.5791788697242737,0.7509505748748779,0.05770004168152809
YOL097C,YGL099W,0,4.2125206,0.5787546038627625,0.7509505748748779,0.05780056118965149
YCR071C,YGL234W,0,4.2115307,0.5783308744430542,0.7509505748748779,0.057901084423065186
YDR385W,YNR036C,1,4.2101326,0.5786393284797668,0.7519011497497559,0.057901084423065186
YNR069C,YKR024C,0,4.205267,0.5782163739204407,0.7519011497497559,0.05800160765647888
YCR020W-B,YBR014C,0,4.202968,0.5777940154075623,0.7519011497497559,0.05810213088989258
YDR311W,YKL146W,0,4.199357,0.5773722529411316,0.7519011497497559,0.058202654123306274
YOR094W,YGR256W,0,4.1948557,0.5769511461257935,0.7519011497497559,0.05830317735671997
YKR045C,YJL138C,0,4.1909018,0.5765306353569031,0.7519011497497559,0.05840370059013367
YCR028C-A,YHL013C,0,4.1908827,0.5761107206344604,0.7519011497497559,0.058504220098257065
YMR161W,YMR121C,0,4.186591,0.5756914019584656,0.7519011497497559,0.05860474333167076
YPL217C,YJR019C,0,4.1820183,0.5752727389335632,0.7519011497497559,0.05870526656508446
YCL011C,YLR372W,0,4.181365,0.5748546719551086,0.7519011497497559,0.058805789798498154
YPR094W,YFL002C,0,4.17382,0.5744372010231018,0.7519011497497559,0.05890631303191185
YML069W,YAR071W,0,4.1702914,0.5740203261375427,0.7519011497497559,0.059006836265325546
YNL069C,YIL023C,0,4.1688547,0.5736040472984314,0.7519011497497559,0.05910735949873924
YDR266C,YER058W,0,4.167076,0.5731884241104126,0.7519011497497559,0.05920788273215294
YDR322C-A,YMR199W,0,4.166913,0.5727733373641968,0.7519011497497559,0.05930840224027634
YKL073W,YPR004C,0,4.166865,0.5723589062690735,0.7519011497497559,0.05940892547369003
YAL035W,YOR150W,1,4.1660757,0.5726681351661682,0.7528517246246338,0.05940892547369003
YJL145W,YBR104W,0,4.1590295,0.5722543597221375,0.7528517246246338,0.05950944870710373
YFR042W,YPL266W,0,4.1588173,0.5718411803245544,0.7528517246246338,0.059609971940517426
YLR009W,YER025W,1,4.1579113,0.5721500515937805,0.7538022994995117,0.059609971940517426
YMR170C,YKL167C,0,4.148098,0.5717375874519348,0.7538022994995117,0.05971049517393112
YER006W,YJR019C,0,4.147152,0.5713256597518921,0.7538022994995117,0.05981101840734482
YDR184C,YOR362C,0,4.1464224,0.5709143280982971,0.7538022994995117,0.059911541640758514
YPL230W,YNL336W,0,4.144763,0.5705035924911499,0.7538022994995117,0.06001206114888191
YKL216W,YDL201W,0,4.144559,0.5700934529304504,0.7538022994995117,0.06011258438229561
YJL207C,YDR405W,1,4.141109,0.5704023241996765,0.7547528743743896,0.06011258438229561
YNL154C,YMR060C,0,4.1369143,0.5699928402900696,0.7547528743743896,0.060213107615709305
YML118W,YJL138C,0,4.132269,0.5695839524269104,0.7547528743743896,0.060313630849123
YBR126C,YGR209C,0,4.129958,0.5691756010055542,0.7547528743743896,0.0604141540825367
YMR119W,YOR303W,0,4.126316,0.5687679052352905,0.7547528743743896,0.060514677315950394
YGL156W,YOR375C,0,4.1242433,0.5683607459068298,0.7547528743743896,0.06061520054936409
YBR204C,YBR044C,0,4.1198883,0.5679542422294617,0.7547528743743896,0.06071572005748749
YIL121W,YOR122C,0,4.119793,0.5675482749938965,0.7547528743743896,0.060816243290901184
YKL193C,YKL167C,0,4.1177835,0.5671428442001343,0.7547528743743896,0.06091676652431488
YPR082C,YPR094W,0,4.1169243,0.5667380690574646,0.7547528743743896,0.06101728975772858
YER006W,YBR056W,0,4.1150575,0.5663338303565979,0.7547528743743896,0.06111781299114227
YNL209W,YDR156W,0,4.111864,0.5659301280975342,0.7547528743743896,0.06121833622455597
YGL255W,YOR231W,0,4.1058397,0.565527081489563,0.7547528743743896,0.061318859457969666
YML118W,YPR140W,0,4.1019783,0.5651245713233948,0.7547528743743896,0.06141937896609306
YGR209C,YML014W,0,4.0918026,0.5647225975990295,0.7547528743743896,0.06151990219950676
YPR145W,YML130C,0,4.0917797,0.5643212795257568,0.7547528743743896,0.061620425432920456
YNL058C,YOR303W,0,4.090192,0.5639204382896423,0.7547528743743896,0.06172094866633415
YHL033C,YOR010C,0,4.088319,0.5635202527046204,0.7547528743743896,0.06182147189974785
YBL027W,YOR375C,0,4.0854945,0.5631205439567566,0.7547528743743896,0.061921995133161545
YLR002C,YHR019C,0,4.0853996,0.5627214908599854,0.7547528743743896,0.06202251836657524
YPL170W,YOR312C,0,4.085226,0.5623229742050171,0.7547528743743896,0.06212304159998894
YEL046C,YJR159W,0,4.0846586,0.5619249939918518,0.7547528743743896,0.062223561108112335
YKR060W,YLL052C,0,4.0818634,0.5615276098251343,0.7547528743743896,0.06232408434152603
YGR048W,YCR071C,0,4.081376,0.5611307621002197,0.7547528743743896,0.06242460757493973
YPR096C,YDL061C,1,4.0787497,0.5614407062530518,0.7557034492492676,0.06242460757493973
YPL170W,YJR161C,0,4.076477,0.561044454574585,0.7557034492492676,0.06252513080835342
YMR167W,YBL003C,0,4.074089,0.5606487989425659,0.7557034492492676,0.06262565404176712
YBR056W,YGR132C,0,4.073764,0.5602536797523499,0.7557034492492676,0.06272617727518082
YPL183W-A,YFR049W,1,4.072344,0.5605633854866028,0.7566539645195007,0.06272617727518082
YGL130W,YBR215W,0,4.072141,0.5601689219474792,0.7566539645195007,0.06282670050859451
YKL152C,YKL148C,0,4.071866,0.5597749352455139,0.7566539645195007,0.06292722374200821
YMR214W,YEL011W,0,4.07106,0.5593816041946411,0.7566539645195007,0.0630277469754219
YDR385W,YPL158C,0,4.069358,0.5589887499809265,0.7566539645195007,0.0631282702088356
YOL027C,YER094C,0,4.0672445,0.5585964918136597,0.7566539645195007,0.0632287859916687
YGL121C,YAL061W,0,4.065527,0.5582047700881958,0.7566539645195007,0.0633293092250824
YCL011C,YLR066W,0,4.059561,0.5578135848045349,0.7566539645195007,0.0634298324584961
YGL099W,YOR298C-A,0,4.055374,0.5574229955673218,0.7566539645195007,0.06353035569190979
YLR166C,YMR116C,0,4.0539293,0.5570328831672668,0.7566539645195007,0.06363087892532349
YJR090C,YOR293W,0,4.0531626,0.5566433668136597,0.7566539645195007,0.06373140215873718
YNL069C,YMR278W,0,4.049004,0.5562543869018555,0.7566539645195007,0.06383192539215088
YLR342W,YBR088C,0,4.048959,0.5558659434318542,0.7566539645195007,0.06393244862556458
YIL157C,YOR022C,0,4.0465364,0.555478036403656,0.7566539645195007,0.06403297185897827
YHR191C,YOR298C-A,0,4.04463,0.5550906658172607,0.7566539645195007,0.06413349509239197
YBL092W,YPL137C,1,4.043747,0.5554006695747375,0.7576045393943787,0.06413349509239197
YNL005C,YNL093W,0,4.042131,0.5550139546394348,0.7576045393943787,0.06423401832580566
YGL001C,YIL158W,0,4.0418997,0.5546277165412903,0.7576045393943787,0.06433454155921936
YBR079C,YER007C-A,1,4.0410357,0.5549374222755432,0.7585551142692566,0.06433454155921936
YKR067W,YBR215W,0,4.0392723,0.5545517802238464,0.7585551142692566,0.06443506479263306
YFR028C,YDR450W,0,4.037055,0.5541666746139526,0.7585551142692566,0.06453558802604675
YDR324C,YDR538W,0,4.0361466,0.5537821054458618,0.7585551142692566,0.06463611125946045
YOR091W,YPL225W,1,4.0359383,0.5540915131568909,0.7595056891441345,0.06463611125946045
YEL011W,YJR019C,0,4.0355434,0.5537075400352478,0.7595056891441345,0.06473662704229355
YML022W,YIL097W,0,4.0339246,0.5533241033554077,0.7595056891441345,0.06483715027570724
YPL211W,YPL086C,0,4.0335155,0.5529412031173706,0.7595056891441345,0.06493767350912094
YLR135W,YOL039W,0,4.032585,0.5525587797164917,0.7595056891441345,0.06503819674253464
YDR194C,YNL327W,0,4.028126,0.5521768927574158,0.7595056891441345,0.06513871997594833
YPL047W,YMR271C,0,4.026695,0.5517956018447876,0.7595056891441345,0.06523924320936203
YGR121C,YNL087W,0,4.0227814,0.5514147877693176,0.7595056891441345,0.06533976644277573
YKL086W,YHL033C,0,4.020696,0.5510345101356506,0.7595056891441345,0.06544028967618942
YJL184W,YOR298C-A,0,4.0202904,0.5506547093391418,0.7595056891441345,0.06554081290960312
YEL034W,YDL165W,0,4.0189266,0.5502755045890808,0.7595056891441345,0.06564133614301682
YER141W,YMR309C,0,4.0177193,0.549896776676178,0.7595056891441345,0.06574185937643051
YMR104C,YOR293W,0,4.0166416,0.5495185852050781,0.7595056891441345,0.06584238260984421
YDR322C-A,YOL075C,0,4.015115,0.5491408705711365,0.7595056891441345,0.0659429058432579
YDL045W-A,YDL184C,1,4.015071,0.5494505763053894,0.7604562640190125,0.0659429058432579
YIR022W,YDR450W,0,4.0133543,0.5490734577178955,0.7604562640190125,0.0660434290766716
YNL169C,YHR094C,0,4.0118747,0.5486968159675598,0.7604562640190125,0.0661439448595047
YBR077C,YML065W,0,4.0113316,0.5483207702636719,0.7604562640190125,0.0662444680929184
YHR183W,YLR399C,0,4.011034,0.5479452013969421,0.7604562640190125,0.06634499132633209
YCL045C,YPL079W,0,4.0107985,0.5475701689720154,0.7604562640190125,0.06644551455974579
YOR125C,YPL030W,0,4.009325,0.5471956133842468,0.7604562640190125,0.06654603779315948
YBR122C,YLR327C,1,4.008971,0.5475051403045654,0.7614068388938904,0.06654603779315948
YOL021C,YLR095C,0,4.008216,0.5471311211585999,0.7614068388938904,0.06664656102657318
YLR051C,YMR280C,0,4.0068517,0.546757698059082,0.7614068388938904,0.06674708425998688
YLR393W,YPL081W,0,4.006173,0.5463846921920776,0.7614068388938904,0.06684760749340057
YNL137C,YER025W,1,4.005588,0.5466939210891724,0.7623574137687683,0.06684760749340057
YDR043C,YJR144W,0,4.0049734,0.5463215112686157,0.7623574137687683,0.06694813072681427
YLR110C,YBR167C,0,4.0016923,0.5459496378898621,0.7623574137687683,0.06704865396022797
YMR052W,YDR382W,0,3.9977472,0.5455782413482666,0.7623574137687683,0.06714917719364166
YPR052C,YPR065W,0,3.996877,0.5452073216438293,0.7623574137687683,0.06724970042705536
YBL045C,YCR068W,0,3.9905581,0.5448369383811951,0.7623574137687683,0.06735022366046906
YNL209W,YNL224C,0,3.9896257,0.5444670915603638,0.7623574137687683,0.06745074689388275
YHR104W,YPR020W,0,3.9894984,0.5440977215766907,0.7623574137687683,0.06755127012729645
YBL102W,YPL118W,0,3.989332,0.5437288284301758,0.7623574137687683,0.06765178591012955
YIR035C,YOL130W,0,3.985593,0.5433604121208191,0.7623574137687683,0.06775230914354324
YMR135C,YNL125C,0,3.9836414,0.5429925322532654,0.7623574137687683,0.06785283237695694
YDR091C,YER007C-A,1,3.9805207,0.5433017611503601,0.7633079886436462,0.06785283237695694
YOL049W,YCR003W,0,3.977182,0.5429344177246094,0.7633079886436462,0.06795335561037064
YGR277C,YMR121C,0,3.97212,0.5425675511360168,0.7633079886436462,0.06805387884378433
YER003C,YBR106W,0,3.9675534,0.5422012209892273,0.7633079886436462,0.06815440207719803
YPR041W,YPL183W-A,1,3.9647195,0.5425100922584534,0.7642585635185242,0.06815440207719803
YER118C,YGR256W,0,3.9632852,0.5421442985534668,0.7642585635185242,0.06825492531061172
YIL091C,YER054C,0,3.9610379,0.5417789816856384,0.7642585635185242,0.06835544854402542
YDR462W,YHR039C,0,3.958573,0.5414141416549683,0.7642585635185242,0.06845597177743912
YNL224C,YDL191W,0,3.9527378,0.5410497784614563,0.7642585635185242,0.06855649501085281
YEL034W,YKR060W,1,3.9520519,0.5413584113121033,0.7652091383934021,0.06855649501085281
YGL002W,YCR003W,0,3.951265,0.5409946441650391,0.7652091383934021,0.06865701824426651
YEL026W,YER042W,0,3.9453666,0.5406312942504883,0.7652091383934021,0.0687575414776802
YER003C,YML008C,0,3.9433405,0.5402684807777405,0.7652091383934021,0.0688580647110939
YGL079W,YBR008C,0,3.9428513,0.5399060845375061,0.7652091383934021,0.0689585879445076
YKL176C,YBR021W,0,3.942799,0.5395442247390747,0.7652091383934021,0.0690591037273407
YPR151C,YCR034W,0,3.9421954,0.5391828417778015,0.7652091383934021,0.0691596269607544
YBR302C,YPL124W,0,3.9386532,0.5388219356536865,0.7652091383934021,0.06926015019416809
YIL099W,YGR231C,0,3.9378016,0.5384615659713745,0.7652091383934021,0.06936067342758179
YOL039W,YNL329C,0,3.9374168,0.5381016135215759,0.7652091383934021,0.06946119666099548
YNL323W,YMR113W,0,3.9369388,0.5377421379089355,0.7652091383934021,0.06956171989440918
YNL186W,YPR112C,0,3.9340637,0.5373831987380981,0.7652091383934021,0.06966224312782288
YCR034W,YJR002W,0,3.925073,0.5370246767997742,0.7652091383934021,0.06976276636123657
YNL067W,YBR201W,0,3.9247723,0.5366666913032532,0.7652091383934021,0.06986328959465027
YJR047C,YPR052C,0,3.9243827,0.5363091230392456,0.7652091383934021,0.06996381282806396
YIL105C,YJL104W,0,3.9215133,0.535952091217041,0.7652091383934021,0.07006433606147766
YBL087C,YDR252W,1,3.9196055,0.5362607836723328,0.76615971326828,0.07006433606147766
YFR042W,YLR003C,0,3.9194605,0.5359042286872864,0.76615971326828,0.07016485929489136
YLR378C,YOR312C,0,3.917889,0.5355481505393982,0.76615971326828,0.07026538252830505
YGL129C,YGR054W,1,3.913923,0.5358565449714661,0.767110288143158,0.07026538252830505
YKL027W,YDR225W,0,3.912284,0.5355010032653809,0.767110288143158,0.07036590576171875
YLR110C,YBL009W,0,3.9118521,0.5351458787918091,0.767110288143158,0.07046642899513245
YBR267W,YIR012W,1,3.9113696,0.5354539155960083,0.7680608630180359,0.07046642899513245
YPL236C,YNL067W,0,3.9106874,0.5350993275642395,0.7680608630180359,0.07056694477796555
YOR115C,YPR065W,0,3.909466,0.5347452163696289,0.7680608630180359,0.07066746801137924
YLL039C,YBR021W,0,3.9081566,0.5343915224075317,0.7680608630180359,0.07076799124479294
YEL034W,YLR325C,1,3.905389,0.5346992611885071,0.769011378288269,0.07076799124479294
YLR289W,YCR003W,1,3.9034631,0.535006582736969,0.769961953163147,0.07076799124479294
YGR108W,YOR234C,0,3.9008176,0.5346534848213196,0.769961953163147,0.07086851447820663
YGL145W,YDR363W,0,3.9007988,0.5343008041381836,0.769961953163147,0.07096903771162033
YOL097C,YBR044C,0,3.8976586,0.5339486002922058,0.769961953163147,0.07106956094503403
YNL072W,YML026C,0,3.8961248,0.5335968136787415,0.769961953163147,0.07117008417844772
YOL111C,YOL039W,1,3.8938673,0.5339038968086243,0.7709125280380249,0.07117008417844772
YJL042W,YJL203W,0,3.8912003,0.5335526466369629,0.7709125280380249,0.07127060741186142
YDR077W,YNL002C,1,3.8901231,0.5338593125343323,0.7718631029129028,0.07127060741186142
YEL034W,YKL113C,0,3.8898692,0.5335085391998291,0.7718631029129028,0.07137113064527512
YNR036C,YEL042W,0,3.8894894,0.5331582427024841,0.7718631029129028,0.07147165387868881
YHR034C,YKL167C,0,3.8894722,0.5328084230422974,0.7718631029129028,0.07157217711210251
YMR116C,YDR186C,1,3.8889368,0.5331147313117981,0.7728136777877808,0.07157217711210251
YOR293W,YJL154C,0,3.8885949,0.5327653884887695,0.7728136777877808,0.0716727003455162
YPR148C,YMR269W,1,3.8883824,0.5330713987350464,0.7737642526626587,0.0716727003455162
YML064C,YDR184C,0,3.8864872,0.532722532749176,0.7737642526626587,0.0717732235789299
YDR020C,YOR007C,0,3.8777554,0.5323740839958191,0.7737642526626587,0.0718737468123436
YOL008W,YPL265W,0,3.8760564,0.5320261716842651,0.7737642526626587,0.0719742625951767
YIL137C,YKL156W,1,3.875003,0.5323318243026733,0.7747148275375366,0.0719742625951767
YHR016C,YDL191W,0,3.8739836,0.5319843292236328,0.7747148275375366,0.0720747858285904
YPL012W,YGR206W,0,3.8714366,0.5316373109817505,0.7747148275375366,0.07217530906200409
YMR106C,YBL027W,0,3.8694346,0.5312907695770264,0.7747148275375366,0.07227583229541779
YOR234C,YDR363W,0,3.868605,0.5309446454048157,0.7747148275375366,0.07237635552883148
YCR071C,YKL084W,0,3.868152,0.5305989384651184,0.7747148275375366,0.07247687876224518
YBR103W,YBR056W,0,3.8667936,0.5302537679672241,0.7747148275375366,0.07257740199565887
YBL036C,YMR083W,0,3.8659174,0.5299089550971985,0.7747148275375366,0.07267792522907257
YDR202C,YNL037C,0,3.865765,0.5295646786689758,0.7747148275375366,0.07277844846248627
YDR117C,YOL111C,1,3.8645322,0.5298701524734497,0.7756654024124146,0.07277844846248627
YAL009W,YDL191W,0,3.8606923,0.5295262932777405,0.7756654024124146,0.07287897169589996
YOR178C,YDR382W,0,3.859736,0.5291828513145447,0.7756654024124146,0.07297949492931366
YAL005C,YPL015C,0,3.8587477,0.5288399457931519,0.7756654024124146,0.07308001816272736
YIL137C,YOR312C,1,3.8582106,0.5291450619697571,0.7766159772872925,0.07308001816272736
YLR372W,YGR256W,0,3.8564103,0.5288025736808777,0.7766159772872925,0.07318054139614105
YGR157W,YAL055W,0,3.8552449,0.5284605622291565,0.7766159772872925,0.07328106462955475
YMR170C,YPL072W,0,3.8517761,0.5281189680099487,0.7766159772872925,0.07338158786296844
YKR085C,YDR186C,1,3.845919,0.5284237861633301,0.7775665521621704,0.07338158786296844
YMR121C,YLR368W,0,3.843765,0.5280826091766357,0.7775665521621704,0.07348210364580154
YOL097C,YEL047C,0,3.8384836,0.5277419090270996,0.7775665521621704,0.07358262687921524
YCR020W-B,YGL245W,0,3.8311162,0.5274016857147217,0.7775665521621704,0.07368315011262894
YHL033C,YDR153C,0,3.8295925,0.5270618796348572,0.7775665521621704,0.07378367334604263
YCL019W,YOL075C,0,3.825103,0.5267224907875061,0.7775665521621704,0.07388419657945633
YDR324C,YMR067C,0,3.8250427,0.5263835191726685,0.7775665521621704,0.07398471981287003
YGR038W,YOL058W,0,3.824439,0.526045024394989,0.7775665521621704,0.07408524304628372
YDR322C-A,YLR424W,0,3.8212934,0.525706946849823,0.7775665521621704,0.07418576627969742
YIL040W,YPR033C,0,3.8170922,0.5253692865371704,0.7775665521621704,0.07428628951311111
YCR023C,YFL022C,0,3.8159096,0.525032103061676,0.7775665521621704,0.07438681274652481
YEL034W,YHR143W-A,0,3.815799,0.5246953368186951,0.7775665521621704,0.07448733597993851
YDR210W,YGR132C,0,3.8110857,0.5243589878082275,0.7775665521621704,0.0745878592133522
YHR063C,YGL156W,0,3.809012,0.5240230560302734,0.7775665521621704,0.0746883824467659
YNL002C,YLR362W,0,3.8041623,0.5236876010894775,0.7775665521621704,0.0747889056801796
YLR205C,YOL041C,0,3.8041453,0.5233525037765503,0.7775665521621704,0.0748894214630127
YMR202W,YDL004W,0,3.8032339,0.5230178833007812,0.7775665521621704,0.07498994469642639
YAR008W,YNL067W,0,3.7956939,0.5226836800575256,0.7775665521621704,0.07509046792984009
YKL027W,YKL035W,0,3.7954113,0.5223499536514282,0.7775665521621704,0.07519099116325378
YCR079W,YLR070C,0,3.7942193,0.5220165848731995,0.7775665521621704,0.07529151439666748
YJL145W,YKL008C,0,3.7934475,0.5216836929321289,0.7775665521621704,0.07539203763008118
YJL151C,YKL157W,0,3.7914453,0.521351158618927,0.7775665521621704,0.07549256086349487
YJR090C,YEL046C,0,3.7899191,0.5210191011428833,0.7775665521621704,0.07559308409690857
YOR298C-A,YOL130W,0,3.789041,0.520687460899353,0.7775665521621704,0.07569360733032227
YGL038C,YPL265W,0,3.7874496,0.5203562378883362,0.7775665521621704,0.07579413056373596
YKL096W,YPR025C,0,3.7873545,0.5200254321098328,0.7775665521621704,0.07589465379714966
YIL040W,YFL034C-A,0,3.7871003,0.5196950435638428,0.7775665521621704,0.07599517703056335
YOL094C,YIL017C,0,3.7800167,0.5193650722503662,0.7775665521621704,0.07609570026397705
YJL063C,YGR023W,0,3.7791278,0.5190355181694031,0.7775665521621704,0.07619622349739075
YER054C,YNL312W,0,3.7791033,0.5187063813209534,0.7775665521621704,0.07629674673080444
YJL177W,YGR163W,0,3.775231,0.5183777213096619,0.7775665521621704,0.07639726251363754
YJR101W,YJR047C,1,3.7745378,0.5186827182769775,0.7785171270370483,0.07639726251363754
YLR066W,YFR055W,0,3.7740211,0.5183544158935547,0.7785171270370483,0.07649778574705124
YEL060C,YIL050W,0,3.7735984,0.51802659034729,0.7785171270370483,0.07659830898046494
YCR066W,YDL194W,0,3.7719753,0.517699122428894,0.7785171270370483,0.07669883221387863
YNL323W,YKL167C,0,3.7718132,0.5173720717430115,0.7785171270370483,0.07679935544729233
YDL232W,YHR042W,0,3.7637124,0.5170454382896423,0.7785171270370483,0.07689987868070602
YMR244C-A,YGR261C,0,3.7598813,0.5167192220687866,0.7785171270370483,0.07700040191411972
YIL127C,YLR110C,0,3.7590659,0.5163934230804443,0.7785171270370483,0.07710092514753342
YER157W,YDR382W,0,3.758853,0.5160680413246155,0.7785171270370483,0.07720144838094711
YDL064W,YKL220C,0,3.756882,0.5157430768013,0.7785171270370483,0.07730197161436081
YBL028C,YFR044C,1,3.7562487,0.5160478353500366,0.7794677019119263,0.07730197161436081
YNL002C,YDR432W,0,3.7508962,0.5157232880592346,0.7794677019119263,0.0774024948477745
YPR103W,YBR135W,0,3.74795,0.5153990983963013,0.7794677019119263,0.0775030180811882
YBR039W,YGL181W,0,3.747021,0.5150753855705261,0.7794677019119263,0.0776035413146019
YFL062W,YGR256W,0,3.7440135,0.5147520303726196,0.7794677019119263,0.0777040645480156
YLR071C,YEL020C,0,3.7428505,0.5144290924072266,0.7794677019119263,0.0778045803308487
YNR063W,YPL081W,0,3.741596,0.5141065716743469,0.7794677019119263,0.07790510356426239
YDL079C,YNR063W,0,3.7413456,0.5137844681739807,0.7794677019119263,0.07800562679767609
YDR216W,YOL006C,0,3.7408855,0.5134627223014832,0.7794677019119263,0.07810615003108978
YJL138C,YPL008W,0,3.7399895,0.5131414532661438,0.7794677019119263,0.07820667326450348
YGR287C,YCR028C-A,0,3.7376943,0.5128205418586731,0.7794677019119263,0.07830719649791718
YGL001C,YML130C,0,3.7374282,0.512499988079071,0.7794677019119263,0.07840771973133087
YDL081C,YEL047C,1,3.7356246,0.5128045082092285,0.7804182767868042,0.07840771973133087
YDL061C,YDL040C,1,3.7352955,0.5131086111068726,0.7813687920570374,0.07840771973133087
YDL207W,YPR165W,0,3.7342684,0.5127885341644287,0.7813687920570374,0.07850824296474457
YOR354C,YOR178C,0,3.733995,0.5124688148498535,0.7813687920570374,0.07860876619815826
YEL077C,YBR293W,0,3.7337272,0.5121495127677917,0.7813687920570374,0.07870928943157196
YNL069C,YML069W,0,3.7333236,0.5118306279182434,0.7813687920570374,0.07880981266498566
YML019W,YBR070C,0,3.7327728,0.5115121603012085,0.7813687920570374,0.07891033589839935
YKL113C,YHR128W,0,3.7327197,0.5111940503120422,0.7813687920570374,0.07901085913181305
YGR287C,YGR256W,0,3.7307591,0.5108762979507446,0.7813687920570374,0.07911138236522675
YGR157W,YPR185W,0,3.7299387,0.5105590224266052,0.7813687920570374,0.07921190559864044
YBL009W,YDL174C,0,3.7299068,0.5102421045303345,0.7813687920570374,0.07931242138147354
YBR253W,YEL071W,0,3.726568,0.5099255442619324,0.7813687920570374,0.07941294461488724
YKL008C,YMR161W,0,3.7234473,0.5096094012260437,0.7813687920570374,0.07951346784830093
YJL210W,YBR021W,0,3.7214458,0.5092936754226685,0.7813687920570374,0.07961399108171463
YHR019C,YGL012W,0,3.7149928,0.5089783072471619,0.7813687920570374,0.07971451431512833
YGR087C,YHR196W,0,3.7141516,0.5086633563041687,0.7813687920570374,0.07981503754854202
YPL237W,YPR185W,0,3.7135055,0.508348822593689,0.7813687920570374,0.07991556078195572
YBR103W,YJL138C,0,3.7109509,0.5080345869064331,0.7813687920570374,0.08001608401536942
YBR139W,YJL159W,0,3.7107623,0.5077208280563354,0.7813687920570374,0.08011660724878311
YJR056C,YCR020W-B,0,3.707104,0.5074074268341064,0.7813687920570374,0.08021713048219681
YNR054C,YOL013C,0,3.705156,0.5070943832397461,0.7813687920570374,0.0803176537156105
YBL042C,YKL091C,0,3.7050073,0.5067817568778992,0.7813687920570374,0.0804181769490242
YPL012W,YLR022C,0,3.6999407,0.5064694881439209,0.7813687920570374,0.0805187001824379
YJL051W,YMR083W,0,3.6971312,0.506157636642456,0.7813687920570374,0.08061922341585159
YMR116C,YIL050W,0,3.6966782,0.5058461427688599,0.7813687920570374,0.08071973919868469
YJL116C,YLR077W,0,3.6961741,0.5055350661277771,0.7813687920570374,0.08082026243209839
YKL125W,YOL008W,0,3.694521,0.505224347114563,0.7813687920570374,0.08092078566551208
YLR421C,YDL147W,0,3.6907222,0.5049139857292175,0.7813687920570374,0.08102130889892578
YDR182W,YKR087C,0,3.6882977,0.5046040415763855,0.7813687920570374,0.08112183213233948
YOL094C,YDL150W,0,3.6859758,0.5042944550514221,0.7813687920570374,0.08122235536575317
YDR214W,YPR033C,0,3.68564,0.5039852857589722,0.7813687920570374,0.08132287859916687
YDL178W,YGR209C,0,3.684025,0.5036764740943909,0.7813687920570374,0.08142340183258057
YGL100W,YOL039W,0,3.680507,0.5033680200576782,0.7813687920570374,0.08152392506599426
YPL228W,YPL079W,0,3.6797538,0.503059983253479,0.7813687920570374,0.08162444829940796
YMR278W,YDL213C,0,3.679628,0.5027523040771484,0.7813687920570374,0.08172497153282166
YAR008W,YGR231C,0,3.6788244,0.5024449825286865,0.7813687920570374,0.08182549476623535
YHR141C,YNL220W,0,3.678589,0.502138078212738,0.7813687920570374,0.08192601799964905
YHR003C,YHR065C,0,3.677725,0.5018315315246582,0.7813687920570374,0.08202654123306274
YKL008C,YBL105C,0,3.6766458,0.501525342464447,0.7813687920570374,0.08212705701589584
YIL131C,YOR007C,0,3.6751373,0.5012195110321045,0.7813687920570374,0.08222758024930954
YAL032C,YHR203C,0,3.675099,0.5009140968322754,0.7813687920570374,0.08232810348272324
YGL254W,YKR042W,0,3.674959,0.5006090402603149,0.7813687920570374,0.08242862671613693
YNL069C,YGL207W,0,3.672066,0.5003043413162231,0.7813687920570374,0.08252914994955063
YDL005C,YDL191W,0,3.6709573,0.5,0.7813687920570374,0.08262967318296432
YDR104C,YPL037C,0,3.6693313,0.4996960461139679,0.7813687920570374,0.08273019641637802
YNL037C,YDR085C,0,3.6683335,0.49939247965812683,0.7813687920570374,0.08283071964979172
YMR293C,YPL072W,0,3.6644056,0.49908924102783203,0.7813687920570374,0.08293124288320541
YNR036C,YNR049C,0,3.663795,0.49878641963005066,0.7813687920570374,0.08303176611661911
YDR171W,YAL042W,0,3.6618073,0.49848392605781555,0.7813687920570374,0.0831322893500328
YDR519W,YOR312C,0,3.6617777,0.4981818199157715,0.7813687920570374,0.0832328125834465
YIL131C,YOL137W,0,3.6603262,0.49788007140159607,0.7813687920570374,0.0833333358168602
YNL005C,YIL168W,0,3.6601691,0.4975786805152893,0.7813687920570374,0.0834338590502739
YDR283C,YBR079C,1,3.6591566,0.4978826344013214,0.7823193669319153,0.0834338590502739
YFR028C,YPR033C,0,3.6589198,0.4975816309452057,0.7823193669319153,0.08353438228368759
YMR197C,YDL044C,0,3.6553895,0.49728095531463623,0.7823193669319153,0.08363489806652069
YNR023W,YCR071C,0,3.6547403,0.4969806671142578,0.7823193669319153,0.08373542129993439
YJL137C,YGL187C,0,3.6534908,0.49668073654174805,0.7823193669319153,0.08383594453334808
YJL145W,YNL186W,0,3.6501815,0.4963811933994293,0.7823193669319153,0.08393646776676178
YPR145W,YMR214W,0,3.6475236,0.49608197808265686,0.7823193669319153,0.08403699100017548
YOR208W,YKL139W,0,3.6462457,0.49578312039375305,0.7823193669319153,0.08413751423358917
YMR040W,YOR019W,1,3.6452773,0.4960866868495941,0.7832699418067932,0.08413751423358917
YMR011W,YGR271C-A,0,3.6449158,0.49578821659088135,0.7832699418067932,0.08423803746700287
YGL208W,YBR104W,0,3.6429405,0.49549007415771484,0.7832699418067932,0.08433856070041656
YDR252W,YMR225C,1,3.64019,0.49579328298568726,0.7842205166816711,0.08433856070041656
YPL105C,YHR052W,1,3.6389046,0.49609610438346863,0.7851710915565491,0.08433856070041656
YGL033W,YCL038C,0,3.6364524,0.4957983195781708,0.7851710915565491,0.08443908393383026
YHL001W,YPL072W,0,3.6360586,0.4955008924007416,0.7851710915565491,0.08453960716724396
YNL064C,YML008C,0,3.6355073,0.49520382285118103,0.7851710915565491,0.08464013040065765
YNR063W,YKL137W,0,3.6345494,0.4949071407318115,0.7851710915565491,0.08474065363407135
YOR173W,YKL084W,0,3.6340678,0.4946107864379883,0.7851710915565491,0.08484117686748505
YNL264C,YLR229C,0,3.6277997,0.4943147897720337,0.7851710915565491,0.08494170010089874
YLR320W,YKL167C,0,3.6273065,0.49401915073394775,0.7851710915565491,0.08504221588373184
YMR135C,YNL067W,0,3.6243238,0.4937238395214081,0.7851710915565491,0.08514273911714554
YPL084W,YLR081W,0,3.6238034,0.49342891573905945,0.7851710915565491,0.08524326235055923
YBR293W,YDR363W,0,3.6209424,0.4931343197822571,0.7851710915565491,0.08534378558397293
YGL250W,YOR178C,0,3.620468,0.49284008145332336,0.7851710915565491,0.08544430881738663
YDR153C,YER094C,0,3.6181228,0.4925462007522583,0.7851710915565491,0.08554483205080032
YNL069C,YBL005W-A,0,3.6177638,0.4922526776790619,0.7851710915565491,0.08564535528421402
YFL034C-A,YMR247C,1,3.6175444,0.49255508184432983,0.786121666431427,0.08564535528421402
YJL209W,YJL177W,0,3.6149004,0.4922619163990021,0.786121666431427,0.08574587851762772
YJR007W,YLR066W,0,3.6142137,0.4919690787792206,0.786121666431427,0.08584640175104141
YHL007C,YIL168W,0,3.612928,0.49167656898498535,0.786121666431427,0.08594692498445511
YOL146W,YKL035W,0,3.6092126,0.49138444662094116,0.786121666431427,0.0860474482178688
YLR310C,YCR020W-B,0,3.608553,0.49109262228012085,0.786121666431427,0.0861479714512825
YML130C,YBL100W-A,0,3.6077206,0.4908011853694916,0.786121666431427,0.0862484946846962
YMR170C,YGR128C,0,3.6070888,0.49051007628440857,0.786121666431427,0.0863490179181099
YDL212W,YPL084W,0,3.6039777,0.4902193248271942,0.786121666431427,0.08644954115152359
YGL195W,YER165W,1,3.6016405,0.4905213415622711,0.7870722413063049,0.08644954115152359
YOR128C,YGR271C-A,0,3.5982351,0.490230917930603,0.7870722413063049,0.08655005693435669
YNL083W,YGR128C,0,3.5971186,0.4899408221244812,0.7870722413063049,0.08665058016777039
YOR361C,YNL154C,0,3.595682,0.489651083946228,0.7870722413063049,0.08675110340118408
YDL064W,YGL187C,0,3.5955405,0.4893617033958435,0.7870722413063049,0.08685162663459778
YBR210W,YGR132C,0,3.5946417,0.48907265067100525,0.7870722413063049,0.08695214986801147
YMR011W,YEL046C,0,3.5945594,0.48878395557403564,0.7870722413063049,0.08705267310142517
YGL043W,YLR424W,0,3.5943346,0.4884955883026123,0.7870722413063049,0.08715319633483887
YGR287C,YGL076C,1,3.5935457,0.4887971580028534,0.7880228161811829,0.08715319633483887
YDR184C,YMR083W,0,3.5919745,0.4885091483592987,0.7880228161811829,0.08725371956825256
YNL257C,YBL100W-A,0,3.5900905,0.4882214367389679,0.7880228161811829,0.08735424280166626
YJL042W,YER016W,0,3.589618,0.48793408274650574,0.7880228161811829,0.08745476603507996
YBR127C,YNL099C,0,3.588193,0.48764705657958984,0.7880228161811829,0.08755528926849365
YPR107C,YIR003W,0,3.5876782,0.4873603880405426,0.7880228161811829,0.08765581250190735
YBL027W,YLR117C,0,3.586933,0.48707401752471924,0.7880228161811829,0.08775633573532104
YCL019W,YGR033C,0,3.5869033,0.4867880344390869,0.7880228161811829,0.08785685896873474
YOR100C,YOR083W,0,3.5855696,0.48650234937667847,0.7880228161811829,0.08795737475156784
YGR038W,YMR309C,0,3.5814679,0.48621702194213867,0.7880228161811829,0.08805789798498154
YOR234C,YDR147W,0,3.5803783,0.48593199253082275,0.7880228161811829,0.08815842121839523
YGL131C,YNL252C,0,3.576778,0.4856473207473755,0.7880228161811829,0.08825894445180893
YMR014W,YDR143C,0,3.5753703,0.4853630065917969,0.7880228161811829,0.08835946768522263
YBR298C,YOR298C-A,0,3.5699914,0.48507899045944214,0.7880228161811829,0.08845999091863632
YLR174W,YKL152C,0,3.569205,0.48479533195495605,0.7880228161811829,0.08856051415205002
YER054C,YDR156W,0,3.5673923,0.48451197147369385,0.7880228161811829,0.08866103738546371
YBR253W,YKL096W,0,3.5664341,0.4842289686203003,0.7880228161811829,0.08876156061887741
YHR152W,YPL158C,0,3.5634322,0.483946293592453,0.7880228161811829,0.08886208385229111
YGR121C,YKR042W,0,3.5633848,0.483663946390152,0.7880228161811829,0.0889626070857048
YAR008W,YGR091W,0,3.5580626,0.4833819270133972,0.7880228161811829,0.0890631303191185
YPL255W,YNL005C,0,3.5555952,0.4831002354621887,0.7880228161811829,0.0891636535525322
YOR312C,YKR029C,0,3.5548859,0.4828188717365265,0.7880228161811829,0.08926417678594589
YDR191W,YDR163W,0,3.5539863,0.4825378358364105,0.7880228161811829,0.08936470001935959
YJL042W,YPR025C,0,3.5537498,0.4822571277618408,0.7880228161811829,0.08946521580219269
YKL152C,YNL030W,0,3.5516462,0.4819767475128174,0.7880228161811829,0.08956573903560638
YGR271C-A,YBL100W-A,0,3.5509446,0.4816966950893402,0.7880228161811829,0.08966626226902008
YDR058C,YGR109C,0,3.5491555,0.4814169704914093,0.7880228161811829,0.08976678550243378
YNL087W,YDR037W,0,3.5485892,0.48113754391670227,0.7880228161811829,0.08986730873584747
YPL037C,YKL148C,0,3.5463078,0.4808584749698639,0.7880228161811829,0.08996783196926117
YBR186W,YGL187C,0,3.5462935,0.4805797040462494,0.7880228161811829,0.09006835520267487
YHR084W,YHR128W,0,3.5459564,0.48030126094818115,0.7880228161811829,0.09016887843608856
YEL034W,YNL007C,1,3.5452602,0.4806022047996521,0.7889733910560608,0.09016887843608856
YKL213C,YGL099W,0,3.543326,0.48032405972480774,0.7889733910560608,0.09026940166950226
YER119C,YEL060C,0,3.537843,0.48004627227783203,0.7889733910560608,0.09036992490291595
YPL081W,YJL184W,0,3.5288057,0.4797687828540802,0.7889733910560608,0.09047044813632965
YDR119W,YMR271C,0,3.528518,0.47949162125587463,0.7889733910560608,0.09057097136974335
YEL046C,YKL018W,0,3.5283787,0.47921478748321533,0.7889733910560608,0.09067149460315704
YGL125W,YLR449W,0,3.525033,0.4789382517337799,0.7889733910560608,0.09077201783657074
YGL125W,YCR097W,0,3.5211802,0.47866204380989075,0.7889733910560608,0.09087253361940384
YOL039W,YER042W,0,3.5207179,0.47838616371154785,0.7889733910560608,0.09097305685281754
YDR163W,YBL027W,0,3.5196693,0.4781106114387512,0.7889733910560608,0.09107358008623123
YLR332W,YGL033W,0,3.5192754,0.47783535718917847,0.7889733910560608,0.09117410331964493
YHR216W,YOR354C,0,3.5175164,0.4775604009628296,0.7889733910560608,0.09127462655305862
YOR144C,YKL157W,0,3.5168931,0.47728580236434937,0.7889733910560608,0.09137514978647232
YPL105C,YNL247W,1,3.5163457,0.47758620977401733,0.7899239659309387,0.09137514978647232
YMR121C,YNL254C,0,3.5131435,0.4773118793964386,0.7899239659309387,0.09147567301988602
YPL069C,YBL027W,0,3.5100067,0.47703787684440613,0.7899239659309387,0.09157619625329971
YDL155W,YBR139W,0,3.5095203,0.4767642021179199,0.7899239659309387,0.09167671948671341
YPL242C,YKL120W,0,3.5058038,0.4764908254146576,0.7899239659309387,0.0917772427201271
YBR084C-A,YMR278W,0,3.504875,0.47621777653694153,0.7899239659309387,0.0918777659535408
YPR079W,YGR206W,0,3.5035214,0.47594502568244934,0.7899239659309387,0.0919782891869545
YKR067W,YIL065C,0,3.5034869,0.47567257285118103,0.7899239659309387,0.0920788124203682
YDL014W,YFR044C,1,3.5033195,0.4759725332260132,0.7908745408058167,0.0920788124203682
YLR069C,YBR201W,0,3.5032735,0.47570040822029114,0.7908745408058167,0.09217933565378189
YER035W,YBR293W,0,3.5025706,0.47542858123779297,0.7908745408058167,0.09227985888719559
YOR144C,YPL037C,0,3.5010524,0.4751570522785187,0.7908745408058167,0.09238037467002869
YOR293W,YGR065C,0,3.500831,0.47488585114479065,0.7908745408058167,0.09248089790344238
YJL137C,YKL137W,0,3.5005558,0.4746149480342865,0.7908745408058167,0.09258142113685608
YLL052C,YGL008C,0,3.4975321,0.4743443429470062,0.7908745408058167,0.09268194437026978
YBR079C,YNR046W,0,3.4955509,0.4740740656852722,0.7908745408058167,0.09278246760368347
YDL044C,YKR001C,0,3.4951303,0.4738040864467621,0.7908745408058167,0.09288299083709717
YJL137C,YOR171C,0,3.4950922,0.4735344350337982,0.7908745408058167,0.09298351407051086
YGR028W,YKR092C,0,3.490373,0.4732650816440582,0.7908745408058167,0.09308403730392456
YIL162W,YLR003C,0,3.4893851,0.4729960262775421,0.7908745408058167,0.09318456053733826
YOR361C,YBR104W,0,3.4886434,0.4727272689342499,0.7908745408058167,0.09328508377075195
YPL164C,YOR056C,0,3.4884503,0.4724588394165039,0.7908745408058167,0.09338560700416565
YIL085C,YEL047C,0,3.485249,0.4721906781196594,0.7908745408058167,0.09348613023757935
YEL063C,YEL046C,0,3.4816215,0.4719228446483612,0.7908745408058167,0.09358665347099304
YLR408C,YNL177C,0,3.4790561,0.47165533900260925,0.7908745408058167,0.09368717670440674
YLR095C,YKL139W,0,3.4773788,0.4713881015777588,0.7908745408058167,0.09378769248723984
YOL097C,YIL158W,0,3.4757783,0.4711211919784546,0.7908745408058167,0.09388821572065353
YHR112C,YMR197C,0,3.4734013,0.4708545506000519,0.7908745408058167,0.09398873895406723
YGR166W,YDL201W,0,3.4726155,0.47058823704719543,0.7908745408058167,0.09408926218748093
YJR067C,YIL017C,0,3.469621,0.47032222151756287,0.7908745408058167,0.09418978542089462
YDR322C-A,YNL270C,0,3.4689796,0.4700565040111542,0.7908745408058167,0.09429030865430832
YDR385W,YNL064C,0,3.4652743,0.46979108452796936,0.7908745408058167,0.09439083188772202
YHR072W-A,YIL110W,0,3.4652727,0.4695259630680084,0.7908745408058167,0.09449135512113571
YEL046C,YPL081W,0,3.4642572,0.46926113963127136,0.7908745408058167,0.09459187835454941
YBR217W,YAR071W,0,3.4633806,0.4689966142177582,0.7908745408058167,0.0946924015879631
YNL300W,YMR134W,0,3.4603925,0.46873238682746887,0.7908745408058167,0.0947929248213768
YHR121W,YIL093C,1,3.4597895,0.46903154253959656,0.7918251156806946,0.0947929248213768
YER054C,YGR231C,0,3.4567792,0.46876758337020874,0.7918251156806946,0.0948934480547905
YPL081W,YHR062C,0,3.4561365,0.4685039222240448,0.7918251156806946,0.0949939712882042
YOR361C,YFL002C,0,3.4555218,0.4682405889034271,0.7918251156806946,0.09509449452161789
YPL256C,YPL152W,0,3.4548893,0.46797752380371094,0.7918251156806946,0.09519501775503159
YCL011C,YOR022C,0,3.4531746,0.46771475672721863,0.7918251156806946,0.09529553353786469
YMR263W,YPR201W,0,3.452833,0.4674522876739502,0.7918251156806946,0.09539605677127838
YDR184C,YOR303W,0,3.4523246,0.46719011664390564,0.7918251156806946,0.09549658000469208
YDR043C,YGR172C,0,3.4501302,0.46692824363708496,0.7918251156806946,0.09559710323810577
YLR222C,YOR028C,0,3.449937,0.46666666865348816,0.7918251156806946,0.09569762647151947
YLR084C,YJR007W,0,3.449514,0.46640536189079285,0.7918251156806946,0.09579814970493317
YIR021W,YNL009W,0,3.4456203,0.4661443829536438,0.7918251156806946,0.09589867293834686
YHR104W,YGR140W,0,3.4447777,0.46588367223739624,0.7918251156806946,0.09599919617176056
YHR216W,YLR355C,0,3.444188,0.46562325954437256,0.7918251156806946,0.09609971940517426
YPL237W,YJR044C,0,3.443484,0.46536311507225037,0.7918251156806946,0.09620024263858795
YJL177W,YOR188W,0,3.4415796,0.46510329842567444,0.7918251156806946,0.09630076587200165
YKL096W,YCL030C,0,3.4403033,0.46484375,0.7918251156806946,0.09640128910541534
YLL039C,YKR092C,0,3.4393055,0.46458449959754944,0.7918251156806946,0.09650181233882904
YGL008C,YDR198C,0,3.43843,0.46432551741600037,0.7918251156806946,0.09660233557224274
YKL027W,YOL091W,0,3.4376557,0.46406686305999756,0.7918251156806946,0.09670285135507584
YJL145W,YNL177C,0,3.4365819,0.46380847692489624,0.7918251156806946,0.09680337458848953
YJL010C,YNL177C,0,3.4341037,0.4635503590106964,0.7918251156806946,0.09690389782190323
YBR083W,YOL041C,0,3.433809,0.46329253911972046,0.7918251156806946,0.09700442105531693
YGL048C,YJL050W,0,3.4315572,0.4630350172519684,0.7918251156806946,0.09710494428873062
YHL002W,YDL212W,0,3.430271,0.4627777636051178,0.7918251156806946,0.09720546752214432
YPL246C,YHR072W-A,0,3.4294841,0.4625208079814911,0.7918251156806946,0.09730599075555801
YGR028W,YGL208W,0,3.4279783,0.46226415038108826,0.7918251156806946,0.09740651398897171
YHR187W,YCR048W,0,3.422522,0.4620077610015869,0.7918251156806946,0.0975070372223854
YML024W,YIL137C,1,3.4213455,0.4623059928417206,0.7927756905555725,0.0975070372223854
YMR231W,YNL220W,0,3.4211855,0.4620498716831207,0.7927756905555725,0.0976075604557991
YGR215W,YPR124W,0,3.420923,0.46179401874542236,0.7927756905555725,0.0977080836892128
YMR170C,YDR540C,0,3.4207783,0.4615384638309479,0.7927756905555725,0.0978086069226265
YMR029C,YHR128W,0,3.4198964,0.4612831771373749,0.7927756905555725,0.09790913015604019
YIL137C,YDR337W,1,3.4173577,0.4615809917449951,0.7937262654304504,0.09790913015604019
YJL203W,YMR251W-A,0,3.417034,0.4613259732723236,0.7937262654304504,0.09800965338945389
YOR298C-A,YLR256W,0,3.415873,0.4610712230205536,0.7937262654304504,0.09811017662286758
YGR186W,YAL055W,0,3.414896,0.46081677079200745,0.7937262654304504,0.09821069240570068
YPR018W,YJL104W,0,3.4126122,0.4605626165866852,0.7937262654304504,0.09831121563911438
YJR043C,YGL008C,0,3.412451,0.460308700799942,0.7937262654304504,0.09841173887252808
YMR277W,YKR046C,0,3.4114757,0.46005508303642273,0.7937262654304504,0.09851226210594177
YNL096C,YDR186C,1,3.4092634,0.46035242080688477,0.7946767807006836,0.09851226210594177
YHR112C,YMR104C,0,3.4049506,0.46009907126426697,0.7946767807006836,0.09861278533935547
YCL040W,YDR119W,0,3.4041,0.45984598994255066,0.7946767807006836,0.09871330857276917
YKL086W,YDR408C,0,3.4038446,0.45959317684173584,0.7946767807006836,0.09881383180618286
YDL150W,YPL158C,0,3.4008071,0.4593406617641449,0.7946767807006836,0.09891435503959656
YHR079C-A,YDL014W,0,3.4002512,0.45908841490745544,0.7946767807006836,0.09901487827301025
YIL018W,YFR044C,1,3.3978379,0.45938530564308167,0.7956273555755615,0.09901487827301025
YMR135C,YBR021W,0,3.397098,0.4591332972049713,0.7956273555755615,0.09911540150642395
YOL110W,YJR077C,0,3.3956895,0.45888158679008484,0.7956273555755615,0.09921592473983765
YPL118W,YLR119W,0,3.3937635,0.45863014459609985,0.7956273555755615,0.09931644797325134
YKR096W,YDR494W,1,3.3917935,0.45892661809921265,0.7965779304504395,0.09931644797325134
YLL039C,YCR043C,0,3.3913472,0.45867541432380676,0.7965779304504395,0.09941697120666504
YGL134W,YLR229C,0,3.388726,0.45842450857162476,0.7965779304504395,0.09951749444007874
YGL134W,YGR140W,0,3.3869226,0.45817387104034424,0.7965779304504395,0.09961801022291183
YKL160W,YLR421C,0,3.3860424,0.4579235017299652,0.7965779304504395,0.09971853345632553
YPL081W,YOR028C,0,3.384848,0.45767340064048767,0.7965779304504395,0.09981905668973923
YIL091C,YGR209C,0,3.3815777,0.4574235677719116,0.7965779304504395,0.09991957992315292
YDR171W,YHR166C,0,3.3780777,0.45717403292655945,0.7965779304504395,0.10002010315656662
YPL249C-A,YCR083W,0,3.3775084,0.45692476630210876,0.7965779304504395,0.10012062638998032
YHR183W,YPL266W,0,3.3753636,0.4566757380962372,0.7965779304504395,0.10022114962339401
YML024W,YKL073W,0,3.3713262,0.4564270079135895,0.7965779304504395,0.10032167285680771
YOL128C,YAR066W,0,3.3706827,0.45617854595184326,0.7965779304504395,0.1004221960902214
YLR077W,YDL150W,0,3.3696442,0.45593035221099854,0.7965779304504395,0.1005227193236351
YLR424W,YKL148C,0,3.3692167,0.4556824266910553,0.7965779304504395,0.1006232425570488
YNR036C,YOR303W,0,3.3688207,0.45543476939201355,0.7965779304504395,0.1007237657904625
YIL066C,YOR234C,0,3.364992,0.4551874101161957,0.7965779304504395,0.10082428902387619
YDL066W,YOR153W,0,3.364408,0.4549402892589569,0.7965779304504395,0.10092481225728989
YAL005C,YKL084W,0,3.3610203,0.45469343662261963,0.7965779304504395,0.10102532804012299
YCR020W-B,YNL047C,0,3.3580415,0.45444685220718384,0.7965779304504395,0.10112585127353668
YER141W,YEL003W,0,3.3572495,0.45420053601264954,0.7965779304504395,0.10122637450695038
YAL055W,YPL079W,0,3.3560174,0.4539544880390167,0.7965779304504395,0.10132689774036407
YPR061C,YKL120W,0,3.3556812,0.4537087082862854,0.7965779304504395,0.10142742097377777
YPL053C,YOR362C,0,3.3531678,0.45346319675445557,0.7965779304504395,0.10152794420719147
YPL024W,YLR119W,0,3.3501174,0.4532179534435272,0.7965779304504395,0.10162846744060516
YKR018C,YAL055W,0,3.3496377,0.45297297835350037,0.7965779304504395,0.10172899067401886
YOL033W,YJL099W,0,3.3495965,0.4527282416820526,0.7965779304504395,0.10182951390743256
YNL003C,YNL241C,0,3.349579,0.45248380303382874,0.7965779304504395,0.10193003714084625
YDL064W,YER172C,0,3.3486795,0.45223960280418396,0.7965779304504395,0.10203056037425995
YNL326C,YER094C,0,3.348335,0.4519956707954407,0.7965779304504395,0.10213108360767365
YJL050W,YPR052C,0,3.3479989,0.4517520070075989,0.7965779304504395,0.10223160684108734
YGL020C,YER094C,0,3.3478596,0.45150861144065857,0.7965779304504395,0.10233213007450104
YJR002W,YGR163W,0,3.347072,0.45126548409461975,0.7965779304504395,0.10243265330791473
YFL052W,YHR032W,0,3.3464663,0.45102259516716003,0.7965779304504395,0.10253316909074783
YOL070C,YBR146W,1,3.3443615,0.4513179063796997,0.7975285053253174,0.10253316909074783
YGR090W,YGL255W,0,3.3387375,0.4510752558708191,0.7975285053253174,0.10263369232416153
YMR199W,YNL336W,0,3.3383667,0.45083287358283997,0.7975285053253174,0.10273421555757523
YNL134C,YLR355C,0,3.3380156,0.45059075951576233,0.7975285053253174,0.10283473879098892
YBR084C-A,YLR081W,0,3.3377216,0.4503489136695862,0.7975285053253174,0.10293526202440262
YEL034W,YDR255C,0,3.3367746,0.45010730624198914,0.7975285053253174,0.10303578525781631
YLR066W,YMR083W,0,3.3364677,0.4498659372329712,0.7975285053253174,0.10313630849123001
YGL250W,YGR028W,0,3.3345416,0.4496248662471771,0.7975285053253174,0.10323683172464371
YPR096C,YHR170W,1,3.3335102,0.4499196708202362,0.7984790802001953,0.10323683172464371
YKL148C,YPL079W,0,3.3329027,0.44967880845069885,0.7984790802001953,0.1033373549580574
YJR047C,YOL049W,0,3.331772,0.449438214302063,0.7984790802001953,0.1034378781914711
YDR084C,YAL009W,0,3.3308432,0.4491978585720062,0.7984790802001953,0.1035384014248848
YIL085C,YDR258C,0,3.3284154,0.44895777106285095,0.7984790802001953,0.10363892465829849
YDL110C,YPL137C,1,3.323777,0.4492521286010742,0.7994296550750732,0.10363892465829849
YJL051W,YBL099W,0,3.3220823,0.44901227951049805,0.7994296550750732,0.10373944789171219
YOR361C,YOR022C,0,3.3215563,0.448772668838501,0.7994296550750732,0.10383997112512589
YOL008W,YIR022W,0,3.321409,0.4485333263874054,0.7994296550750732,0.10394048690795898
YPL237W,YDR191W,0,3.3202858,0.4482942521572113,0.7994296550750732,0.10404101014137268
YGR028W,YHR001W,0,3.317134,0.4480554163455963,0.7994296550750732,0.10414153337478638
YML110C,YDR349C,0,3.3169959,0.4478168189525604,0.7994296550750732,0.10424205660820007
YML123C,YNL113W,0,3.3169405,0.447578489780426,0.7994296550750732,0.10434257984161377
YNL069C,YAR014C,0,3.3162463,0.4473404288291931,0.7994296550750732,0.10444310307502747
YCR034W,YPL230W,0,3.3158739,0.4471026062965393,0.7994296550750732,0.10454362630844116
YKL008C,YDR291W,0,3.3155677,0.446865051984787,0.7994296550750732,0.10464414954185486
YLR070C,YPL108W,0,3.3126886,0.44662773609161377,0.7994296550750732,0.10474467277526855
YFL018C,YLR022C,0,3.3112247,0.44639065861701965,0.7994296550750732,0.10484519600868225
YML069W,YHR203C,0,3.3102567,0.446153849363327,0.7994296550750732,0.10494571924209595
YGR183C,YHR072W-A,0,3.309395,0.4459172785282135,0.7994296550750732,0.10504624247550964
YPR061C,YPL008W,0,3.3091838,0.44568097591400146,0.7994296550750732,0.10514676570892334
YAR008W,YJL122W,0,3.3089383,0.44544491171836853,0.7994296550750732,0.10524728894233704
YPR075C,YGL022W,0,3.3082366,0.4452091157436371,0.7994296550750732,0.10534781217575073
YKL046C,YDR171W,0,3.3070319,0.44497355818748474,0.7994296550750732,0.10544832795858383
YIL103W,YPL108W,0,3.3061829,0.4447382390499115,0.7994296550750732,0.10554885119199753
YCR028C-A,YOL041C,0,3.3045716,0.44450315833091736,0.7994296550750732,0.10564937442541122
YGR247W,YGL008C,0,3.3045409,0.4442683458328247,0.7994296550750732,0.10574989765882492
YKL107W,YMR024W,0,3.3020475,0.44403380155563354,0.7994296550750732,0.10585042089223862
YJL002C,YPR124W,0,3.3013117,0.4437994658946991,0.7994296550750732,0.10595094412565231
YIR021W,YGL153W,0,3.300287,0.44356539845466614,0.7994296550750732,0.10605146735906601
YDL193W,YOR234C,0,3.296326,0.4433315694332123,0.7994296550750732,0.1061519905924797
YGR084C,YPL009C,1,3.2955005,0.4436248540878296,0.8003802299499512,0.1061519905924797
YMR288W,YML131W,0,3.291552,0.44339126348495483,0.8003802299499512,0.1062525138258934
YDR143C,YJL076W,0,3.2899535,0.4431578814983368,0.8003802299499512,0.1063530370593071
YFR009W,YPL220W,1,3.2866063,0.44345080852508545,0.8013308048248291,0.1063530370593071
YDR147W,YLR119W,0,3.286475,0.4432176649570465,0.8013308048248291,0.1064535602927208
YFL009W,YBR210W,0,3.2799509,0.44298475980758667,0.8013308048248291,0.10655408352613449
YJL151C,YPL108W,0,3.279876,0.44275209307670593,0.8013308048248291,0.10665460675954819
YPR075C,YBR139W,0,3.2782485,0.4425196945667267,0.8013308048248291,0.10675512999296188
YBL099W,YFL002C,0,3.276777,0.44228750467300415,0.8013308048248291,0.10685564577579498
YBR298C,YIL065C,0,3.276481,0.4420555830001831,0.8013308048248291,0.10695616900920868
YDL052C,YML111W,0,3.2749977,0.44182389974594116,0.8013308048248291,0.10705669224262238
YGR090W,YLR003C,0,3.2745092,0.4415924549102783,0.8013308048248291,0.10715721547603607
YAL061W,YOR303W,0,3.272527,0.4413612484931946,0.8013308048248291,0.10725773870944977
YDR016C,YGL020C,0,3.2689955,0.44113031029701233,0.8013308048248291,0.10735826194286346
YNL169C,YGR166W,0,3.2676775,0.4408995807170868,0.8013308048248291,0.10745878517627716
YMR116C,YBR068C,0,3.2656882,0.44066911935806274,0.8013308048248291,0.10755930840969086
YLR069C,YGL201C,0,3.2652009,0.4404388666152954,0.8013308048248291,0.10765983164310455
YML123C,YPL086C,0,3.264845,0.44020888209342957,0.8013308048248291,0.10776035487651825
YJR090C,YOR371C,0,3.2637413,0.4399791359901428,0.8013308048248291,0.10786087810993195
YNL106C,YOR312C,0,3.2628548,0.4397495985031128,0.8013308048248291,0.10796140134334564
YIL157C,YKL084W,0,3.2617505,0.43952032923698425,0.8013308048248291,0.10806192457675934
YEL020C,YEL009C,0,3.260371,0.4392912983894348,0.8013308048248291,0.10816244781017303
YPL217C,YOR007C,0,3.2598457,0.4390625059604645,0.8013308048248291,0.10826297104358673
YHL002W,YMR024W,0,3.2592285,0.43883395195007324,0.8013308048248291,0.10836348682641983
YKR081C,YBR280C,0,3.258252,0.4386056065559387,0.8013308048248291,0.10846401005983353
YLR297W,YDR142C,0,3.2580276,0.4383775293827057,0.8013308048248291,0.10856453329324722
YJR144W,YLR178C,0,3.2573464,0.43814969062805176,0.8013308048248291,0.10866505652666092
YDR408C,YNL265C,0,3.2558813,0.43792209029197693,0.8013308048248291,0.10876557976007462
YDR541C,YCR083W,0,3.2507255,0.4376946985721588,0.8013308048248291,0.10886610299348831
YDR462W,YKR042W,0,3.250029,0.4374675750732422,0.8013308048248291,0.10896662622690201
YBL002W,YOR035C,0,3.246798,0.4372406601905823,0.8013308048248291,0.1090671494603157
YOR298C-A,YJL036W,0,3.2448232,0.43701398372650146,0.8013308048248291,0.1091676726937294
YPR058W,YPL270W,0,3.2439823,0.43678757548332214,0.8013308048248291,0.1092681959271431
YGR275W,YOL068C,0,3.240117,0.43656137585639954,0.8013308048248291,0.1093687191605568
YOR202W,YIL114C,0,3.2383237,0.43633541464805603,0.8013308048248291,0.10946924239397049
YLR406C,YKL112W,0,3.237943,0.43610966205596924,0.8013308048248291,0.10956976562738419
YBL046W,YEL011W,0,3.2366965,0.43588417768478394,0.8013308048248291,0.10967028886079788
YNL124W,YBR044C,0,3.2340238,0.43565890192985535,0.8013308048248291,0.10977080464363098
YDR104C,YAL001C,0,3.2327788,0.43543389439582825,0.8013308048248291,0.10987132787704468
YML069W,YLR405W,0,3.232362,0.43520909547805786,0.8013308048248291,0.10997185111045837
YER102W,YIL137C,1,3.2308717,0.43550050258636475,0.802281379699707,0.10997185111045837
YHR072W,YGL011C,0,3.2304106,0.4352759122848511,0.802281379699707,0.11007237434387207
YGL166W,YPR052C,0,3.2281141,0.4350515604019165,0.802281379699707,0.11017289757728577
YDL010W,YBL027W,0,3.2266226,0.43482741713523865,0.802281379699707,0.11027342081069946
YER141W,YKL084W,0,3.2242393,0.4346035122871399,0.802281379699707,0.11037394404411316
YDR322C-A,YHR034C,0,3.2205865,0.43437981605529785,0.802281379699707,0.11047446727752686
YDR394W,YPL118W,0,3.2190983,0.4341563880443573,0.802281379699707,0.11057499051094055
YDR153C,YJL050W,0,3.2185636,0.43393316864967346,0.802281379699707,0.11067551374435425
YDL153C,YMR197C,0,3.2180998,0.4337101876735687,0.802281379699707,0.11077603697776794
YEL047C,YBR189W,1,3.2177722,0.43400102853775024,0.803231954574585,0.11077603697776794
YPL047W,YJR099W,0,3.2172132,0.43377822637557983,0.803231954574585,0.11087656021118164
YLR342W,YMR251W-A,0,3.2162092,0.4335556626319885,0.803231954574585,0.11097708344459534
YIR003W,YNL083W,0,3.2151086,0.4333333373069763,0.803231954574585,0.11107760667800903
YOL130W,YOL148C,0,3.2145827,0.4331112205982208,0.803231954574585,0.11117812991142273
YMR052W,YPL037C,0,3.2134373,0.43288934230804443,0.803231954574585,0.11127864569425583
YOR354C,YER119C,0,3.2123554,0.43266770243644714,0.803231954574585,0.11137916892766953
YNL169C,YGL187C,0,3.2078712,0.43244627118110657,0.803231954574585,0.11147969216108322
YGL250W,YJR137C,0,3.2058733,0.4322250783443451,0.803231954574585,0.11158021539449692
YCL033C,YIL157C,0,3.2056222,0.43200409412384033,0.803231954574585,0.11168073862791061
YML069W,YCL030C,0,3.2044904,0.4317833483219147,0.803231954574585,0.11178126186132431
YFL062W,YJL159W,0,3.2037656,0.4315628111362457,0.803231954574585,0.111881785094738
YKR081C,YML019W,0,3.2030966,0.4313425123691559,0.803231954574585,0.1119823083281517
YHR013C,YPL225W,1,3.2015316,0.4316326677799225,0.8041825294494629,0.1119823083281517
YJL177W,YDR302W,0,3.201002,0.43141254782676697,0.8041825294494629,0.1120828315615654
YFL009W,YMR323W,0,3.2007892,0.43119266629219055,0.8041825294494629,0.1121833547949791
YJR067C,YBL003C,0,3.2007143,0.43097299337387085,0.8041825294494629,0.11228387802839279
YPL256C,YBR126C,0,3.1993172,0.43075355887413025,0.8041825294494629,0.11238440126180649
YIL099W,YMR083W,0,3.1953073,0.43053436279296875,0.8041825294494629,0.11248492449522018
YDR119W,YPL266W,0,3.193936,0.43031537532806396,0.8041825294494629,0.11258544772863388
YBR088C,YPL003W,0,3.1913214,0.4300965964794159,0.8041825294494629,0.11268596351146698
YMR044W,YJR125C,0,3.1903255,0.4298780560493469,0.8041825294494629,0.11278648674488068
YDR302W,YIR035C,0,3.1894207,0.42965972423553467,0.8041825294494629,0.11288700997829437
YDL064W,YBR021W,0,3.1880338,0.4294416308403015,0.8041825294494629,0.11298753321170807
YPL088W,YNR049C,0,3.186741,0.4292237460613251,0.8041825294494629,0.11308805644512177
YMR135C,YGR206W,0,3.1843462,0.42900609970092773,0.8041825294494629,0.11318857967853546
YDR073W,YBR204C,0,3.1842058,0.4287886321544647,0.8041825294494629,0.11328910291194916
YML024W,YOL077W-A,0,3.178949,0.4285714328289032,0.8041825294494629,0.11338962614536285
YKL113C,YFL016C,0,3.1766002,0.4283544421195984,0.8041825294494629,0.11349014937877655
YDR267C,YBR044C,0,3.1748865,0.4281376600265503,0.8041825294494629,0.11359067261219025
YPR020W,YMR231W,0,3.172785,0.4279210865497589,0.8041825294494629,0.11369119584560394
YOR128C,YPR181C,0,3.1693811,0.42770475149154663,0.8041825294494629,0.11379171907901764
YOL039W,YKL221W,0,3.1681762,0.42748862504959106,0.8041825294494629,0.11389224231243134
YBR216C,YLR210W,0,3.1674876,0.4272727370262146,0.8041825294494629,0.11399276554584503
YGL001C,YOL077W-A,0,3.1656551,0.42705702781677246,0.8041825294494629,0.11409328877925873
YDR043C,YGL160W,0,3.1651068,0.4268415868282318,0.8041825294494629,0.11419380456209183
YMR011W,YCL011C,0,3.1642427,0.4266263246536255,0.8041825294494629,0.11429432779550552
YPL081W,YMR216C,0,3.1628187,0.42641130089759827,0.8041825294494629,0.11439485102891922
YNR026C,YGL099W,0,3.1615646,0.42619648575782776,0.8041825294494629,0.11449537426233292
YGR038W,YIL121W,0,3.1608207,0.42598187923431396,0.8041825294494629,0.11459589749574661
YKL084W,YLR117C,0,3.160816,0.4257674813270569,0.8041825294494629,0.11469642072916031
YBR258C,YDR294C,0,3.1571636,0.4255533218383789,0.8041825294494629,0.114796943962574
YEL034W,YKL084W,0,3.1564143,0.42533937096595764,0.8041825294494629,0.1148974671959877
YIL091C,YNL067W,0,3.155712,0.4251256287097931,0.8041825294494629,0.1149979904294014
YIL050W,YCR003W,0,3.1521485,0.42491209506988525,0.8041825294494629,0.1150985136628151
YDR311W,YKR001C,0,3.1479473,0.4246987998485565,0.8041825294494629,0.11519903689622879
YLR372W,YDR141C,0,3.147544,0.4244857132434845,0.8041825294494629,0.11529956012964249
YBR039W,YNL014W,0,3.1472113,0.4242728054523468,0.8041825294494629,0.11540008336305618
YDR385W,YPL162C,0,3.1468284,0.4240601360797882,0.8041825294494629,0.11550060659646988
YOL034W,YHR072W-A,0,3.1464324,0.4238477051258087,0.8041825294494629,0.11560112237930298
YGR192C,YGR132C,0,3.145581,0.42363545298576355,0.8041825294494629,0.11570164561271667
YHL009C,YLR388W,0,3.1445441,0.4234234094619751,0.8041825294494629,0.11580216884613037
YDR214W,YLR222C,0,3.1440408,0.42321160435676575,0.8041825294494629,0.11590269207954407
YDR155C,YHR203C,0,3.1437848,0.4230000078678131,0.8041825294494629,0.11600321531295776
YLR372W,YHR062C,0,3.1423337,0.4227886199951172,0.8041825294494629,0.11610373854637146
YPL016W,YDL207W,0,3.1421897,0.4225774109363556,0.8041825294494629,0.11620426177978516
YDL010W,YNL270C,0,3.1418688,0.4223664402961731,0.8041825294494629,0.11630478501319885
YMR323W,YJL138C,0,3.141778,0.4221556782722473,0.8041825294494629,0.11640530824661255
YLL036C,YKL167C,0,3.1387033,0.42194512486457825,0.8041825294494629,0.11650583148002625
YLR368W,YOL044W,0,3.1347697,0.4217348098754883,0.8041825294494629,0.11660635471343994
YEL034W,YNL312W,0,3.133496,0.42152467370033264,0.8041825294494629,0.11670687794685364
YOL008W,YGR183C,0,3.1317775,0.4213147461414337,0.8041825294494629,0.11680740118026733
YEL043W,YBR084C-A,1,3.1310205,0.4216027855873108,0.8051331043243408,0.11680740118026733
YBR253W,YLR355C,0,3.130835,0.4213930368423462,0.8051331043243408,0.11690792441368103
YNL067W,YDR302W,0,3.129514,0.4211834967136383,0.8051331043243408,0.11700844019651413
YER003C,YJL099W,0,3.128678,0.42097416520118713,0.8051331043243408,0.11710896342992783
YOL027C,YLR229C,0,3.1275663,0.4207650125026703,0.8051331043243408,0.11720948666334152
YHR065C,YML014W,0,3.1257923,0.42055609822273254,0.8051331043243408,0.11731000989675522
YAL032C,YGR207C,0,3.1246645,0.4203473925590515,0.8051331043243408,0.11741053313016891
YGR192C,YGR172C,0,3.122339,0.4201388955116272,0.8051331043243408,0.11751105636358261
YHR143W-A,YNR039C,0,3.1209767,0.4199305772781372,0.8051331043243408,0.11761157959699631
YGL201C,YBR179C,0,3.1189091,0.4197224974632263,0.8051331043243408,0.11771210283041
YOR088W,YIR010W,0,3.118469,0.41951459646224976,0.8051331043243408,0.1178126260638237
YKL188C,YDR324C,0,3.1182773,0.4193069338798523,0.8051331043243408,0.1179131492972374
YNL088W,YDR409W,0,3.1175652,0.41909945011138916,0.8051331043243408,0.11801367253065109
YJL018W,YPR075C,0,3.1174226,0.41889217495918274,0.8051331043243408,0.11811419576406479
YDL156W,YOR088W,0,3.1173635,0.41868510842323303,0.8051331043243408,0.11821471899747849
YPL164C,YOR088W,0,3.1172235,0.41847825050354004,0.8051331043243408,0.11831524223089218
YML008C,YHR001W,0,3.1169877,0.41827160120010376,0.8051331043243408,0.11841576546430588
YGR013W,YOR088W,0,3.1168165,0.4180651605129242,0.8051331043243408,0.11851628124713898
YER058W,YNL336W,0,3.1161823,0.41785889863967896,0.8051331043243408,0.11861680448055267
YPL086C,YGR284C,0,3.1152291,0.41765284538269043,0.8051331043243408,0.11871732771396637
YGR068C,YIL162W,0,3.1147933,0.417447030544281,0.8051331043243408,0.11881785094738007
YBR200W,YOR088W,0,3.1140864,0.4172413647174835,0.8051331043243408,0.11891837418079376
YBL040C,YCR070W,0,3.1137612,0.41703593730926514,0.8051331043243408,0.11901889741420746
YHR072W-A,YJL093C,0,3.1137595,0.41683071851730347,0.8051331043243408,0.11911942064762115
YPR082C,YLR119W,0,3.1135564,0.4166256785392761,0.8051331043243408,0.11921994388103485
YKL101W,YOR088W,0,3.1132748,0.4164208471775055,0.8051331043243408,0.11932046711444855
YML110C,YCL062W,0,3.1119244,0.4162162244319916,0.8051331043243408,0.11942099034786224
YGL166W,YBL071W-A,0,3.1110938,0.416011780500412,0.8051331043243408,0.11952151358127594
YMR263W,YHR045W,0,3.1105607,0.4158075749874115,0.8051331043243408,0.11962203681468964
YCL062W,YGL181W,0,3.1100528,0.41560351848602295,0.8051331043243408,0.11972256004810333
YJL018W,YPR061C,0,3.1099627,0.4153997004032135,0.8051331043243408,0.11982308328151703
YFR028C,YOR088W,0,3.1097221,0.41519609093666077,0.8051331043243408,0.11992359906435013
YJL018W,YNR073C,0,3.1094906,0.41499266028404236,0.8051331043243408,0.12002412229776382
YNL209W,YLR399C,0,3.1090994,0.4147894084453583,0.8051331043243408,0.12012464553117752
YAL042W,YOR088W,0,3.1083205,0.4145863950252533,0.8051331043243408,0.12022516876459122
YNL088W,YJR086W,0,3.1067536,0.41438356041908264,0.8051331043243408,0.12032569199800491
YGL131C,YKR099C-A,0,3.105866,0.4141809344291687,0.8051331043243408,0.12042621523141861
YKL049C,YBL008W-A,0,3.105866,0.4139784872531891,0.8051331043243408,0.1205267384648323
YIL049W,YKR099C-A,0,3.105866,0.4137762486934662,0.8051331043243408,0.120627261698246
YNL275W,YCL027C-A,0,3.105866,0.41357421875,0.8051331043243408,0.1207277849316597
YDR210W-D,YLR240W,0,3.105866,0.41337236762046814,0.8051331043243408,0.1208283081650734
YDR524C-B,YMR029C,0,3.105866,0.413170725107193,0.8051331043243408,0.12092883139848709
YFL035C-B,YJR014W,1,3.105866,0.41345685720443726,0.8060836791992188,0.12092883139848709
YBL008W-A,YGL187C,0,3.105866,0.41325536370277405,0.8060836791992188,0.12102935463190079
YKL071W,YOR343C-B,0,3.105866,0.41305407881736755,0.8060836791992188,0.12112987786531448
YDL134C-A,YFR032C-A,1,3.105866,0.4133398234844208,0.8070341944694519,0.12112987786531448
YBL084C,YBL008W-A,0,3.105866,0.4131386876106262,0.8070341944694519,0.12123040109872818
YLR233C,YDR524C-B,0,3.105866,0.412937730550766,0.8070341944694519,0.12133092433214188
YDR210W-D,YLR431C,0,3.105866,0.4127369821071625,0.8070341944694519,0.12143144011497498
YDR210W-D,YMR202W,0,3.105866,0.4125364422798157,0.8070341944694519,0.12153196334838867
YBL008W-A,YPR112C,0,3.105866,0.4123360812664032,0.8070341944694519,0.12163248658180237
YBL105C,YCL027C-A,0,3.105866,0.41213592886924744,0.8070341944694519,0.12173300981521606
YDR210W-D,YOL089C,0,3.105866,0.411935955286026,0.8070341944694519,0.12183353304862976
YDR524C-B,YCR033W,0,3.105866,0.4117361903190613,0.8070341944694519,0.12193405628204346
YNL067W,YMR268W-A,1,3.105866,0.41202133893966675,0.8079847693443298,0.12193405628204346
YGL210W-A,YLL015W,0,3.105866,0.4118216931819916,0.8079847693443298,0.12203457951545715
YMR268W-A,YMR225C,1,3.105866,0.41210654377937317,0.8089353442192078,0.12203457951545715
YAL055W,YCL027C-A,0,3.105866,0.4119070768356323,0.8089353442192078,0.12213510274887085
YDR524C-B,YBR014C,0,3.105866,0.4117077887058258,0.8089353442192078,0.12223562598228455
YDR524C-B,YKL220C,0,3.105866,0.411508709192276,0.8089353442192078,0.12233614921569824
YGL023C,YBL008W-A,0,3.105866,0.4113098084926605,0.8089353442192078,0.12243667244911194
YPL162C,YOR343C-B,0,3.105866,0.41111111640930176,0.8089353442192078,0.12253719568252563
YNL024C-A,YNL254C,0,3.105866,0.4109126031398773,0.8089353442192078,0.12263771891593933
YNR069C,YCR070W,0,3.105866,0.4107142984867096,0.8089353442192078,0.12273824214935303
YDR524C-B,YGL187C,0,3.105866,0.4105161726474762,0.8089353442192078,0.12283875793218613
YEL034W,YCL027C-A,0,3.105866,0.4103182256221771,0.8089353442192078,0.12293928116559982
YPL110C,YMR268W-A,1,3.105866,0.4106024205684662,0.8098859190940857,0.12293928116559982
YBL008W-A,YKL092C,0,3.105866,0.41040462255477905,0.8098859190940857,0.12303980439901352
YKR099C-A,YKR025W,0,3.105866,0.41020703315734863,0.8098859190940857,0.12314032763242722
YNL024C-A,YOR073W,0,3.105866,0.41000962257385254,0.8098859190940857,0.12324085086584091
YDR034C-D,YDR524C-B,0,3.105866,0.40981242060661316,0.8098859190940857,0.12334137409925461
YAR008W,YGL210W-A,0,3.105866,0.4096153974533081,0.8098859190940857,0.1234418973326683
YML001W,YKR099C-A,0,3.105866,0.4094185531139374,0.8098859190940857,0.123542420566082
YNL024C-A,YBL105C,0,3.105866,0.409221887588501,0.8098859190940857,0.1236429437994957
YBL008W-A,YDR452W,0,3.105866,0.4090254306793213,0.8098859190940857,0.1237434670329094
YDR210W-D,YIR034C,0,3.105866,0.4088291823863983,0.8098859190940857,0.12384399026632309
YKL209C,YKR099C-A,0,3.105866,0.4086330831050873,0.8098859190940857,0.12394451349973679
YEL047C,YDL134C-A,1,3.105866,0.4089165925979614,0.8108364939689636,0.12394451349973679
YLR410W,YDR524C-B,0,3.105866,0.40872064232826233,0.8108364939689636,0.12404503673315048
YJL018W,YDL174C,0,3.105866,0.40852490067481995,0.8108364939689636,0.12414555996656418
YHR123W,YKR099C-A,0,3.105866,0.4083293378353119,0.8108364939689636,0.12424608319997787
YGL210W-A,YBR152W,0,3.105866,0.40813398361206055,0.8108364939689636,0.12434659898281097
YCL062W,YNL222W,0,3.105866,0.40793877840042114,0.8108364939689636,0.12444712221622467
YLR406C,YML033W,0,3.105866,0.40774378180503845,0.8108364939689636,0.12454764544963837
YNL024C-A,YGL079W,0,3.105866,0.4075489640235901,0.8108364939689636,0.12464816868305206
YDR210W-D,YML072C,0,3.105866,0.40735435485839844,0.8108364939689636,0.12474869191646576
YDL134C-A,YER056C-A,1,3.105866,0.40763723850250244,0.8117870688438416,0.12474869191646576
YOR128C,YNL024C-A,0,3.105866,0.40744274854660034,0.8117870688438416,0.12484921514987946
YPL009C,YCR070W,0,3.105866,0.40724843740463257,0.8117870688438416,0.12494973838329315
YBL008W-A,YER073W,0,3.105866,0.4070543348789215,0.8117870688438416,0.12505026161670685
YDR311W,YDR524C-B,0,3.105866,0.4068604111671448,0.8117870688438416,0.12515078485012054
YCL027C-A,YPL249C,0,3.105866,0.40666666626930237,0.8117870688438416,0.12525130808353424
YDL014W,YKR099C-A,0,3.105866,0.4064731001853943,0.8117870688438416,0.12535183131694794
YOR343C-B,YKR039W,0,3.105866,0.4062797427177429,0.8117870688438416,0.12545235455036163
YDR385W,YKR099C-A,0,3.105866,0.4060865342617035,0.8117870688438416,0.12555287778377533
YPL047W,YOR343C-B,0,3.105866,0.4058935344219208,0.8117870688438416,0.12565340101718903
YNL090W,YGL210W-A,0,3.105866,0.4057007133960724,0.8117870688438416,0.12575392425060272
YDR385W,YMR268W-A,1,3.105866,0.4059829115867615,0.8127376437187195,0.12575392425060272
YOR368W,YOR343C-B,0,3.105866,0.40579020977020264,0.8127376437187195,0.12585444748401642
YDR210W-D,YIL129C,0,3.105866,0.4055977165699005,0.8127376437187195,0.12595497071743011
YNL024C-A,YHR183W,0,3.105866,0.4054054021835327,0.8127376437187195,0.1260554939508438
YDR524C-B,YNL305C,0,3.105866,0.40521326661109924,0.8127376437187195,0.1261560171842575
YDR210W-D,YDR316W,0,3.105866,0.4050213098526001,0.8127376437187195,0.1262565404176712
YBL008W-A,YHR176W,0,3.105866,0.4048295319080353,0.8127376437187195,0.1263570636510849
YDR210W-D,YCR070W,0,3.105866,0.4046379625797272,0.8127376437187195,0.1264575719833374
YNL024C-A,YDR017C,0,3.105866,0.404446542263031,0.8127376437187195,0.1265580952167511
YBR234C,YBL008W-A,0,3.105866,0.40425533056259155,0.8127376437187195,0.1266586184501648
YNL024C-A,YDR020C,0,3.105866,0.40406426787376404,0.8127376437187195,0.1267591416835785
YDR210W-D,YML019W,0,3.105866,0.40387341380119324,0.8127376437187195,0.1268596649169922
YPL053C,YGL210W-A,0,3.105866,0.4036827087402344,0.8127376437187195,0.12696018815040588
YHR188C,YOR343C-B,0,3.105866,0.4034922122955322,0.8127376437187195,0.12706071138381958
YLR210W,YOR343C-B,0,3.105866,0.4033018946647644,0.8127376437187195,0.12716123461723328
YBR161W,YCL027C-A,0,3.105866,0.4031117260456085,0.8127376437187195,0.12726175785064697
YNL106C,YCL027C-A,0,3.105866,0.40292176604270935,0.8127376437187195,0.12736228108406067
YKR046C,YCL027C-A,0,3.105866,0.4027319848537445,0.8127376437187195,0.12746280431747437
YBL008W-A,YGR028W,0,3.105866,0.402542382478714,0.8127376437187195,0.12756332755088806
YER054C,YCR070W,0,3.105866,0.4023529291152954,0.8127376437187195,0.12766385078430176
YOR115C,YCL027C-A,0,3.105866,0.40216368436813354,0.8127376437187195,0.12776437401771545
YFL016C,YDR524C-B,0,3.105866,0.401974618434906,0.8127376437187195,0.12786489725112915
YJR044C,YKR099C-A,0,3.105866,0.4017857015132904,0.8127376437187195,0.12796542048454285
YIL018W,YDL134C-A,1,3.105866,0.402066707611084,0.8136882185935974,0.12796542048454285
YER026C,YDR524C-B,0,3.105866,0.4018779397010803,0.8136882185935974,0.12806594371795654
YBL008W-A,YDL104C,0,3.105866,0.401689350605011,0.8136882185935974,0.12816646695137024
YDR210W-D,YOL027C,0,3.105866,0.401500940322876,0.8136882185935974,0.12826699018478394
YNL024C-A,YBR253W,0,3.105866,0.4013127088546753,0.8136882185935974,0.12836751341819763
YGL210W-A,YJL076W,0,3.105866,0.40112465620040894,0.8136882185935974,0.12846803665161133
YMR288W,YOR343C-B,0,3.105866,0.4009367823600769,0.8136882185935974,0.12856855988502502
YLR216C,YOR343C-B,0,3.105866,0.4007490575313568,0.8136882185935974,0.12866908311843872
YGL210W-A,YOR100C,0,3.105866,0.40056154131889343,0.8136882185935974,0.12876960635185242
YDL134C-A,YLR048W,1,3.105866,0.40084192156791687,0.8146387934684753,0.12876960635185242
YGL210W-A,YIL017C,0,3.105866,0.40065452456474304,0.8146387934684753,0.1288701295852661
YGL210W-A,YJR014W,0,3.105866,0.40046727657318115,0.8146387934684753,0.1289706528186798
YKL220C,YCL027C-A,0,3.105866,0.400280237197876,0.8146387934684753,0.1290711760520935
YDR524C-B,YLR424W,0,3.105866,0.4000933766365051,0.8146387934684753,0.1291716992855072
YGR256W,YKR099C-A,0,3.105866,0.3999066650867462,0.8146387934684753,0.1292722225189209
YBL008W-A,YDR142C,0,3.105866,0.399720162153244,0.8146387934684753,0.1293727308511734
YGR148C,YGL210W-A,0,3.105866,0.39953380823135376,0.8146387934684753,0.1294732540845871
YDR079C-A,YFL034C-A,0,3.105866,0.3993476331233978,0.8146387934684753,0.1295737773180008
YDR210W-D,YGR247W,0,3.105866,0.39916160702705383,0.8146387934684753,0.1296743005514145
YBL008W-A,YDR314C,0,3.105866,0.39897578954696655,0.8146387934684753,0.12977482378482819
YPR065W,YOR088W,0,3.105866,0.3987901210784912,0.8146387934684753,0.12987534701824188
YDR006C,YCL027C-A,0,3.105866,0.3986046612262726,0.8146387934684753,0.12997587025165558
YML033W,YDR258C,0,3.105866,0.3984193503856659,0.8146387934684753,0.13007639348506927
YOR094W,YCL027C-A,0,3.105866,0.39823418855667114,0.8146387934684753,0.13017691671848297
YLR064W,YCL027C-A,0,3.105866,0.3980492353439331,0.8146387934684753,0.13027743995189667
YNL024C-A,YDR488C,0,3.105866,0.397864431142807,0.8146387934684753,0.13037796318531036
YBR253W,YKR099C-A,0,3.105866,0.39767980575561523,0.8146387934684753,0.13047848641872406
YNL024C-A,YNR036C,0,3.105866,0.3974953591823578,0.8146387934684753,0.13057900965213776
YDR210W-D,YPL079W,0,3.105866,0.39731109142303467,0.8146387934684753,0.13067953288555145
YMR121C,YCL027C-A,0,3.105866,0.3971269726753235,0.8146387934684753,0.13078005611896515
YBL008W-A,YPR004C,0,3.105866,0.39694303274154663,0.8146387934684753,0.13088057935237885
YER016W,YKR099C-A,0,3.105866,0.3967592716217041,0.8146387934684753,0.13098110258579254
YIR021W,YDR524C-B,0,3.105866,0.3965756595134735,0.8146387934684753,0.13108162581920624
YBL008W-A,YBR014C,0,3.105866,0.39639222621917725,0.8146387934684753,0.13118214905261993
YDR524C-B,YOL068C,0,3.105866,0.3962089717388153,0.8146387934684753,0.13128267228603363
YBL008W-A,YJR014W,0,3.105866,0.3960258662700653,0.8146387934684753,0.13138319551944733
YNL024C-A,YPR023C,0,3.105866,0.395842969417572,0.8146387934684753,0.13148371875286102
YAL014C,YDR524C-B,0,3.105866,0.3956601917743683,0.8146387934684753,0.13158424198627472
YDR338C,YBL008W-A,0,3.105866,0.39547762274742126,0.8146387934684753,0.13168476521968842
YBL008W-A,YEL046C,0,3.105866,0.3952952027320862,0.8146387934684753,0.1317852884531021
YBL008W-A,YGL175C,0,3.105866,0.3951129615306854,0.8146387934684753,0.1318858116865158
YDR210W-D,YLR308W,0,3.105866,0.3949308693408966,0.8146387934684753,0.1319863349199295
YBL008W-A,YPL060C-A,0,3.105866,0.3947489559650421,0.8146387934684753,0.1320868581533432
YOR100C,YCL027C-A,0,3.105866,0.39456722140312195,0.8146387934684753,0.1321873813867569
YOR083W,YKR099C-A,0,3.105866,0.3943856358528137,0.8146387934684753,0.1322878897190094
YDR210W-D,YCL026C-A,0,3.105866,0.3942042291164398,0.8146387934684753,0.1323884129524231
YMR268W-A,YCR046C,1,3.105866,0.3944827616214752,0.8155893683433533,0.1323884129524231
YGL043W,YGL210W-A,0,3.105866,0.39430147409439087,0.8155893683433533,0.1324889361858368
YBL008W-A,YGL065C,0,3.105866,0.39412033557891846,0.8155893683433533,0.1325894594192505
YDL181W,YBL008W-A,0,3.105866,0.39393940567970276,0.8155893683433533,0.13268998265266418
YGR090W,YBL008W-A,0,3.105866,0.3937585949897766,0.8155893683433533,0.13279050588607788
YNL024C-A,YGR108W,0,3.105866,0.3935779929161072,0.8155893683433533,0.13289102911949158
YFL035C-B,YJR145C,1,3.105866,0.393856018781662,0.8165399432182312,0.13289102911949158
YJL018W,YJR002W,0,3.105866,0.3936755359172821,0.8165399432182312,0.13299155235290527
YML033W,YOR058C,0,3.105866,0.39349520206451416,0.8165399432182312,0.13309207558631897
YDR524C-B,YIL031W,0,3.105866,0.39331501722335815,0.8165399432182312,0.13319259881973267
YNL024C-A,YDL058W,0,3.105866,0.3931350111961365,0.8165399432182312,0.13329312205314636
YHR102W,YOR343C-B,0,3.105866,0.3929551839828491,0.8165399432182312,0.13339364528656006
YDR210W-D,YFR042W,0,3.105866,0.3927755057811737,0.8165399432182312,0.13349416851997375
YBL008W-A,YDR123C,0,3.105866,0.39259597659111023,0.8165399432182312,0.13359469175338745
YNL024C-A,YIL099W,0,3.105866,0.3924166262149811,0.8165399432182312,0.13369521498680115
YOR178C,YCL027C-A,0,3.105866,0.39223745465278625,0.8165399432182312,0.13379573822021484
YJL028W,YDR524C-B,0,3.105866,0.39205843210220337,0.8165399432182312,0.13389626145362854
YDR175C,YMR268W-A,1,3.105866,0.39233577251434326,0.8174905180931091,0.13389626145362854
YBL072C,YDL134C-A,1,3.105866,0.39261284470558167,0.8184410929679871,0.13389626145362854
YGL210W-A,YMR323W,0,3.105866,0.39243391156196594,0.8184410929679871,0.13399678468704224
YHR124W,YGL210W-A,0,3.105866,0.39225512742996216,0.8184410929679871,0.13409730792045593
YCR023C,YCL027C-A,0,3.105866,0.3920764923095703,0.8184410929679871,0.13419783115386963
YKR099C-A,YKL157W,0,3.105866,0.3918980360031128,0.8184410929679871,0.13429835438728333
YHR191C,YGL210W-A,0,3.105866,0.3917197585105896,0.8184410929679871,0.13439887762069702
YKR029C,YOR343C-B,0,3.105866,0.39154160022735596,0.8184410929679871,0.13449940085411072
YDR210W-D,YDR489W,0,3.105866,0.39136365056037903,0.8184410929679871,0.13459992408752441
YNL134C,YOR343C-B,0,3.105866,0.39118582010269165,0.8184410929679871,0.1347004473209381
YKR086W,YDR524C-B,0,3.105866,0.3910081684589386,0.8184410929679871,0.1348009705543518
YDR210W-D,YOR214C,0,3.105866,0.3908306956291199,0.8184410929679871,0.1349014937877655
YBL084C,YNL024C-A,0,3.105866,0.3906533718109131,0.8184410929679871,0.1350020170211792
YIL162W,YOR343C-B,0,3.105866,0.39047619700431824,0.8184410929679871,0.1351025402545929
YKL163W,YHR183W,0,3.1058183,0.3902991712093353,0.8184410929679871,0.1352030485868454
YOL027C,YBL003C,0,3.105632,0.39012232422828674,0.8184410929679871,0.1353035718202591
YHR113W,YLR009W,1,3.1041355,0.3903985619544983,0.8193916082382202,0.1353035718202591
YGR240C,YOR298C-A,0,3.1037555,0.39022183418273926,0.8193916082382202,0.1354040950536728
YBR280C,YOR088W,0,3.1025884,0.39004525542259216,0.8193916082382202,0.1355046182870865
YPL055C,YBR139W,0,3.1017983,0.389868825674057,0.8193916082382202,0.13560514152050018
YNL329C,YPR065W,0,3.0998983,0.3896925747394562,0.8193916082382202,0.13570566475391388
YJR101W,YBR101C,1,3.0980902,0.3899683654308319,0.8203421831130981,0.13570566475391388
YML025C,YDR091C,1,3.097084,0.39024388790130615,0.8212927579879761,0.13570566475391388
YCR083W,YBR154C,0,3.0950239,0.3900677263736725,0.8212927579879761,0.13580618798732758
YFR004W,YBL071W-A,0,3.0948598,0.38989168405532837,0.8212927579879761,0.13590671122074127
YML110C,YGR132C,0,3.0940852,0.3897158205509186,0.8212927579879761,0.13600723445415497
YJR095W,YAR071W,0,3.092047,0.3895401358604431,0.8212927579879761,0.13610775768756866
YDL092W,YBL071W-A,0,3.0908744,0.3893645703792572,0.8212927579879761,0.13620828092098236
YHR091C,YDR079C-A,0,3.0898993,0.3891891837120056,0.8212927579879761,0.13630880415439606
YBR132C,YGR013W,0,3.0893548,0.38901394605636597,0.8212927579879761,0.13640932738780975
YDR202C,YFL002C,0,3.0891964,0.38883888721466064,0.8212927579879761,0.13650985062122345
YLR289W,YLR312W-A,1,3.0883381,0.38911381363868713,0.822243332862854,0.13650985062122345
YOR056C,YCR024C-A,0,3.0881422,0.388938844203949,0.822243332862854,0.13661037385463715
YPL086C,YOL021C,0,3.0880537,0.38876405358314514,0.822243332862854,0.13671089708805084
YJL209W,YBL071W-A,0,3.0877333,0.38858941197395325,0.822243332862854,0.13681142032146454
YDL103C,YEL055C,0,3.087557,0.3884149193763733,0.822243332862854,0.13691194355487823
YLR071C,YBL071W-A,0,3.0874808,0.3882405757904053,0.822243332862854,0.13701246678829193
YBR126C,YBR139W,0,3.087453,0.3880664110183716,0.822243332862854,0.13711299002170563
YBL040C,YKL152C,0,3.0873716,0.38789236545562744,0.822243332862854,0.13721351325511932
YNL005C,YNL113W,0,3.0873373,0.3877184987068176,0.822243332862854,0.13731403648853302
YIR022W,YDR079C-A,0,3.0866764,0.38754481077194214,0.822243332862854,0.13741455972194672
YHR079C-A,YDR322C-A,0,3.0866258,0.3873712420463562,0.822243332862854,0.1375150829553604
YGR108W,YBL071W-A,0,3.0865102,0.3871978521347046,0.822243332862854,0.1376156061887741
YPL118W,YBL071W-A,0,3.0864727,0.3870246112346649,0.822243332862854,0.1377161294221878
YHR115C,YOL039W,0,3.0857146,0.3868515193462372,0.822243332862854,0.1378166526556015
YGR271C-A,YDR079C-A,0,3.0854435,0.3866785764694214,0.822243332862854,0.1379171758890152
YPR185W,YBL071W-A,0,3.0853884,0.3865058124065399,0.822243332862854,0.1380176991224289
YLR244C,YPR091C,1,3.084714,0.3867798149585724,0.8231939077377319,0.1380176991224289
YKL120W,YFR055W,0,3.084155,0.3866071403026581,0.8231939077377319,0.1381182074546814
YOL097C,YLR362W,0,3.0840337,0.3864346146583557,0.8231939077377319,0.1382187306880951
YDR266C,YDR079C-A,0,3.083852,0.38626226782798767,0.8231939077377319,0.1383192539215088
YML130C,YDR079C-A,0,3.0837579,0.38609007000923157,0.8231939077377319,0.13841977715492249
YML008C,YDR079C-A,0,3.0822604,0.385917991399765,0.8231939077377319,0.13852030038833618
YML033W,YHR196W,0,3.0808315,0.3857460916042328,0.8231939077377319,0.13862082362174988
YML130C,YNL125C,0,3.0802615,0.3855743408203125,0.8231939077377319,0.13872134685516357
YML093W,YOL077W-A,0,3.0797994,0.38540276885032654,0.8231939077377319,0.13882187008857727
YDR302W,YDL201W,0,3.0792887,0.3852313160896301,0.8231939077377319,0.13892239332199097
YDR079C-A,YML065W,0,3.0788696,0.38506001234054565,0.8231939077377319,0.13902291655540466
YOR336W,YEL003W,0,3.0783637,0.3848888874053955,0.8231939077377319,0.13912343978881836
YBL018C,YDR079C-A,0,3.0782769,0.3847179114818573,0.8231939077377319,0.13922396302223206
YGR038W,YGR206W,0,3.0780478,0.38454705476760864,0.8231939077377319,0.13932448625564575
YJL063C,YKL163W,0,3.077883,0.3843763768672943,0.8231939077377319,0.13942500948905945
YHR094C,YCR034W,0,3.0773623,0.3842058479785919,0.8231939077377319,0.13952553272247314
YBL071W-A,YNL265C,0,3.0772855,0.38403546810150146,0.8231939077377319,0.13962605595588684
YBL027W,YNL220W,0,3.0764349,0.38386523723602295,0.8231939077377319,0.13972657918930054
YLR070C,YBL071W-A,0,3.0758915,0.38369518518447876,0.8231939077377319,0.13982710242271423
YBR179C,YER004W,0,3.0744627,0.3835252523422241,0.8231939077377319,0.13992762565612793
YNL064C,YGL100W,0,3.0729685,0.3833554685115814,0.8231939077377319,0.14002814888954163
YPL241C,YOR133W,0,3.0728986,0.38318583369255066,0.8231939077377319,0.14012867212295532
YJR043C,YML033W,0,3.0725453,0.3830163776874542,0.8231939077377319,0.14022919535636902
YKL086W,YLR002C,0,3.0721946,0.38284704089164734,0.8231939077377319,0.14032971858978271
YPR020W,YPR121W,0,3.0721505,0.3826778531074524,0.8231939077377319,0.1404302418231964
YPL055C,YPL084W,0,3.071832,0.3825088441371918,0.8231939077377319,0.1405307650566101
YDR522C,YER074W-A,0,3.0714743,0.3823399543762207,0.8231939077377319,0.1406312882900238
YGR277C,YNL014W,0,3.0696957,0.3821712136268616,0.8231939077377319,0.1407318115234375
YDL165W,YPR112C,0,3.0695312,0.38200265169143677,0.8231939077377319,0.1408323347568512
YBR288C,YDR079C-A,0,3.0694706,0.3818342089653015,0.8231939077377319,0.1409328579902649
YBL036C,YHL001W,0,3.0689595,0.3816659450531006,0.8231939077377319,0.1410333663225174
YHR072W-A,YOR064C,0,3.0674908,0.3814978003501892,0.8231939077377319,0.1411338895559311
YJL018W,YJL210W,0,3.0664573,0.38132980465888977,0.8231939077377319,0.1412344127893448
YML038C,YHR072W-A,0,3.066251,0.38116195797920227,0.8231939077377319,0.14133493602275848
YEL009C,YBL071W-A,0,3.065449,0.3809942901134491,0.8231939077377319,0.14143545925617218
YPL183W-A,YOR227W,1,3.0641072,0.3812665045261383,0.8241444826126099,0.14143545925617218
YNL312W,YER074W-A,0,3.061104,0.3810988962650299,0.8241444826126099,0.14153598248958588
YER075C,YBL071W-A,0,3.060957,0.38093146681785583,0.8241444826126099,0.14163650572299957
YOL094C,YGR284C,0,3.0601232,0.3807641565799713,0.8241444826126099,0.14173702895641327
YJL203W,YER074W-A,0,3.0596035,0.3805970251560211,0.8241444826126099,0.14183755218982697
YBR216C,YHR072W-A,0,3.0591867,0.3804300129413605,0.8241444826126099,0.14193807542324066
YLL036C,YGR284C,0,3.0573778,0.38026314973831177,0.8241444826126099,0.14203859865665436
YPL255W,YOR088W,0,3.0558631,0.380096435546875,0.8241444826126099,0.14213912189006805
YKL188C,YBL071W-A,0,3.0541515,0.37992990016937256,0.8241444826126099,0.14223964512348175
YDR225W,YML075C,0,3.0516121,0.37976348400115967,0.8241444826126099,0.14234016835689545
YEL042W,YOR088W,0,3.051157,0.37959718704223633,0.8241444826126099,0.14244069159030914
YJL051W,YGR231C,0,3.0511332,0.3794310688972473,0.8241444826126099,0.14254121482372284
YPL012W,YHL001W,1,3.0498364,0.37970253825187683,0.8250950574874878,0.14254121482372284
YJL191W,YKL222C,1,3.0492713,0.37997376918792725,0.8260456323623657,0.14254121482372284
YCL026C-A,YJL159W,0,3.0485756,0.3798076808452606,0.8260456323623657,0.14264173805713654
YAL061W,YDR001C,0,3.0472891,0.3796417713165283,0.8260456323623657,0.14274226129055023
YGR257C,YDR097C,0,3.0468116,0.37947598099708557,0.8260456323623657,0.14284278452396393
YER065C,YGR027W-A,0,3.045987,0.37931033968925476,0.8260456323623657,0.14294330775737762
YML033W,YKL120W,0,3.0451272,0.3791448473930359,0.8260456323623657,0.14304383099079132
YDR073W,YER074W-A,0,3.044507,0.37897950410842896,0.8260456323623657,0.14314435422420502
YDL064W,YBL071W-A,0,3.0422332,0.37881430983543396,0.8260456323623657,0.1432448774576187
YGR041W,YDR079C-A,0,3.0412345,0.3786492347717285,0.8260456323623657,0.1433454006910324
YPR185W,YOL077W-A,0,3.0405798,0.378484308719635,0.8260456323623657,0.1434459239244461
YOR144C,YDR186C,0,3.0399656,0.37831956148147583,0.8260456323623657,0.1435464471578598
YPR052C,YOR122C,0,3.0394406,0.3781549036502838,0.8260456323623657,0.1436469703912735
YKL008C,YCR003W,0,3.0391166,0.3779904246330261,0.8260456323623657,0.1437474936246872
YAL032C,YDL222C,0,3.03887,0.37782609462738037,0.8260456323623657,0.1438480168581009
YDR017C,YER074W-A,0,3.0387375,0.37766188383102417,0.8260456323623657,0.1439485251903534
YLR226W,YER074W-A,0,3.0386968,0.3774978220462799,0.8260456323623657,0.1440490484237671
YIL127C,YKL222C,0,3.036864,0.3773339092731476,0.8260456323623657,0.1441495716571808
YGR096W,YML033W,0,3.0355241,0.3771701455116272,0.8260456323623657,0.14425009489059448
YPR185W,YLR216C,0,3.0354335,0.37700650095939636,0.8260456323623657,0.14435061812400818
YNL186W,YNL154C,0,3.0342689,0.37684300541877747,0.8260456323623657,0.14445114135742188
YGR209C,YML010W,0,3.0339859,0.3766796588897705,0.8260456323623657,0.14455166459083557
YMR293C,YJR064W,0,3.0334334,0.3765164613723755,0.8260456323623657,0.14465218782424927
YCL026C-A,YPL158C,0,3.0325227,0.3763534128665924,0.8260456323623657,0.14475271105766296
YJR002W,YER074W-A,0,3.032325,0.3761904835700989,0.8260456323623657,0.14485323429107666
YOL110W,YHR072W,0,3.0317476,0.3760277032852173,0.8260456323623657,0.14495375752449036
YKL184W,YCR083W,0,3.0316765,0.37586504220962524,0.8260456323623657,0.14505428075790405
YJL042W,YNL272C,0,3.0311308,0.37570255994796753,0.8260456323623657,0.14515480399131775
YLL054C,YMR083W,0,3.0309594,0.37554019689559937,0.8260456323623657,0.14525532722473145
YBR280C,YHR178W,0,3.0302045,0.37537798285484314,0.8260456323623657,0.14535585045814514
YDR541C,YNL134C,0,3.0298946,0.37521588802337646,0.8260456323623657,0.14545637369155884
YDR079C-A,YCR043C,0,3.0298033,0.37505394220352173,0.8260456323623657,0.14555689692497253
YLR225C,YDR267C,0,3.023538,0.37489214539527893,0.8260456323623657,0.14565742015838623
YER018C,YDR079C-A,0,3.0233521,0.37473049759864807,0.8260456323623657,0.14575794339179993
YGR038C-A,YFL034C-A,0,3.0218966,0.37456896901130676,0.8260456323623657,0.14585846662521362
YGR161C-C,YDR123C,0,3.016895,0.3744075894355774,0.8260456323623657,0.14595898985862732
YOL077W-A,YPL266W,0,3.0167634,0.3742463290691376,0.8260456323623657,0.14605951309204102
YGR068C,YDR409W,0,3.0159357,0.3740852475166321,0.8260456323623657,0.1461600363254547
YER026C,YKL211C,0,3.014757,0.37392425537109375,0.8260456323623657,0.1462605595588684
YHR141C,YDR267C,0,3.0146792,0.37376344203948975,0.8260456323623657,0.1463610827922821
YGR038C-A,YJL207C,0,3.0144756,0.3736027479171753,0.8260456323623657,0.1464616060256958
YOR298C-A,YDR488C,0,3.0142581,0.3734422028064728,0.8260456323623657,0.1465621292591095
YNL009W,YCR097W,0,3.0129902,0.3732817769050598,0.8260456323623657,0.1466626524925232
YCR042C,YEL046C,0,3.0118706,0.3731215000152588,0.8260456323623657,0.1467631757259369
YJL018W,YHR007C,0,3.0107567,0.3729613721370697,0.8260456323623657,0.1468636840581894
YKL086W,YBR004C,0,3.009535,0.37280136346817017,0.8260456323623657,0.1469642072916031
YML033W,YMR024W,0,3.0085924,0.37264150381088257,0.8260456323623657,0.14706473052501678
YGR161C-C,YEL055C,0,3.008116,0.3724817931652069,0.8260456323623657,0.14716525375843048
YGR038C-A,YPR158W-A,0,3.0074935,0.3723222017288208,0.8260456323623657,0.14726577699184418
YNL064C,YIR035C,0,3.0072193,0.37216272950172424,0.8260456323623657,0.14736630022525787
YLR081W,YOL077W-A,0,3.006242,0.372003436088562,0.8260456323623657,0.14746682345867157
YDR261C-C,YDL020C,0,3.0056884,0.37184423208236694,0.8260456323623657,0.14756734669208527
YKL071W,YER094C,0,3.0017164,0.3716852068901062,0.8260456323623657,0.14766786992549896
YBR126C,YDR346C,0,3.001688,0.371526300907135,0.8260456323623657,0.14776839315891266
YDR119W,YHL013C,0,3.0014968,0.37136751413345337,0.8260456323623657,0.14786891639232635
YLR388W,YOL148C,0,3.0014205,0.37120887637138367,0.8260456323623657,0.14796943962574005
YLR406C,YLR027C,0,3.0011654,0.3710503876209259,0.8260456323623657,0.14806996285915375
YGR161C-C,YLR027C,0,3.000098,0.3708920180797577,0.8260456323623657,0.14817048609256744
YMR251W-A,YBL071W-A,0,2.9992073,0.3707337975502014,0.8260456323623657,0.14827100932598114
YDR182W,YGL234W,0,2.99907,0.3705756962299347,0.8260456323623657,0.14837153255939484
YDL168W,YML014W,0,2.996761,0.3704177439212799,0.8260456323623657,0.14847205579280853
YCL019W,YBL071W-A,0,2.996322,0.3702599108219147,0.8260456323623657,0.14857257902622223
YNL257C,YKL120W,0,2.995999,0.3701022267341614,0.8260456323623657,0.14867310225963593
YPR018W,YEL060C,0,2.9955025,0.36994466185569763,0.8260456323623657,0.14877362549304962
YGR027W-A,YDR198C,0,2.9934042,0.3697872459888458,0.8260456323623657,0.14887414872646332
YDL126C,YBR227C,0,2.993179,0.36962994933128357,0.8260456323623657,0.14897467195987701
YJL018W,YBR057C,0,2.9928463,0.36947280168533325,0.8260456323623657,0.1490751951932907
YOR133W,YBL071W-A,0,2.9894679,0.3693157732486725,0.8260456323623657,0.1491757184267044
YIL050W,YBL071W-A,0,2.989455,0.36915886402130127,0.8260456323623657,0.1492762416601181
YFL062W,YKL157W,0,2.9893298,0.3690021336078644,0.8260456323623657,0.1493767648935318
YDR079C-A,YDR409W,0,2.9889915,0.36884549260139465,0.8260456323623657,0.1494772881269455
YDR210W-A,YBR244W,0,2.988835,0.36868900060653687,0.8260456323623657,0.1495778113603592
YER035W,YGR027W-A,0,2.9879048,0.368532657623291,0.8260456323623657,0.1496783345937729
YIL117C,YNL071W,0,2.9871871,0.3683764338493347,0.8260456323623657,0.1497788429260254
YLR274W,YJL122W,0,2.9867108,0.36822032928466797,0.8260456323623657,0.1498793661594391
YDL168W,YBL071W-A,0,2.986705,0.36806437373161316,0.8260456323623657,0.14997988939285278
YLR310C,YOR028C,0,2.9861052,0.3679085373878479,0.8260456323623657,0.15008041262626648
YJR086W,YHR072W-A,0,2.9842267,0.3677528500556946,0.8260456323623657,0.15018093585968018
YGR038C-A,YMR278W,0,2.98236,0.3675972819328308,0.8260456323623657,0.15028145909309387
YOL039W,YBL071W-A,0,2.9821923,0.367441862821579,0.8260456323623657,0.15038198232650757
YHR124W,YER074W-A,0,2.981128,0.3672865629196167,0.8260456323623657,0.15048250555992126
YNR063W,YHR072W-A,0,2.9810088,0.36713138222694397,0.8260456323623657,0.15058302879333496
YJL207C,YCR003W,1,2.980163,0.3673986494541168,0.8269962072372437,0.15058302879333496
YOL110W,YLR157C-B,0,2.977875,0.36724355816841125,0.8269962072372437,0.15068355202674866
YDR346C,YGL020C,0,2.9772513,0.3670886158943176,0.8269962072372437,0.15078407526016235
YJR088C,YDR079C-A,0,2.9758556,0.36693379282951355,0.8269962072372437,0.15088459849357605
YJR129C,YEL009C,0,2.974898,0.366779088973999,0.8269962072372437,0.15098512172698975
YPR058W,YNR032W,0,2.974589,0.36662453413009644,0.8269962072372437,0.15108564496040344
YKR067W,YFL050C,0,2.9740846,0.3664700984954834,0.8269962072372437,0.15118616819381714
YJR113C,YJL111W,0,2.973993,0.3663157820701599,0.8269962072372437,0.15128669142723083
YDR079C-A,YJL118W,0,2.9732988,0.36616161465644836,0.8269962072372437,0.15138721466064453
YDR522C,YNL009W,0,2.9727151,0.36600756645202637,0.8269962072372437,0.15148773789405823
YKR067W,YPL217C,0,2.9726598,0.3658536672592163,0.8269962072372437,0.15158826112747192
YGR227W,YPR164W,0,2.9724855,0.3656998872756958,0.8269962072372437,0.15168878436088562
YMR079W,YPL249C,0,2.9718344,0.36554622650146484,0.8269962072372437,0.15178930759429932
YDL103C,YOR088W,0,2.971742,0.36539268493652344,0.8269962072372437,0.151889830827713
YAR050W,YDR079C-A,0,2.9707642,0.36523929238319397,0.8269962072372437,0.1519903540611267
YDL002C,YHR143W-A,0,2.970523,0.36508601903915405,0.8269962072372437,0.1520908772945404
YLR119W,YER074W-A,0,2.9703786,0.3649328947067261,0.8269962072372437,0.1521914005279541
YNL069C,YNL299W,0,2.9701648,0.36477985978126526,0.8269962072372437,0.1522919237613678
YDR194C,YDR119W,0,2.9699495,0.36462700366973877,0.8269962072372437,0.1523924469947815
YLR071C,YIL065C,0,2.9691894,0.36447423696517944,0.8269962072372437,0.1524929702281952
YIR035C,YGR067C,0,2.9677587,0.36432161927223206,0.8269962072372437,0.1525934934616089
YDR338C,YLR222C,0,2.9674523,0.3641691207885742,0.8269962072372437,0.1526940017938614
YOR298C-A,YBR068C,0,2.9668398,0.36401674151420593,0.8269962072372437,0.15279452502727509
YJL028W,YFL022C,0,2.9638095,0.3638644814491272,0.8269962072372437,0.15289504826068878
YPL164C,YJR113C,0,2.9630277,0.3637123703956604,0.8269962072372437,0.15299557149410248
YMR134W,YBR044C,0,2.9627016,0.36356037855148315,0.8269962072372437,0.15309609472751617
YDR322C-A,YKL018W,0,2.9622843,0.36340853571891785,0.8269962072372437,0.15319661796092987
YBL050W,YGL032C,0,2.9612722,0.3632567822933197,0.8269962072372437,0.15329714119434357
YPL016W,YER021W,0,2.9606154,0.3631051778793335,0.8269962072372437,0.15339766442775726
YNL315C,YOR088W,0,2.9601233,0.36295369267463684,0.8269962072372437,0.15349818766117096
YDR079C-A,YIL168W,0,2.959855,0.36280232667922974,0.8269962072372437,0.15359871089458466
YGL208W,YPR164W,0,2.9596107,0.36265110969543457,0.8269962072372437,0.15369923412799835
YKL125W,YOR022C,0,2.958197,0.36250001192092896,0.8269962072372437,0.15379975736141205
YHR001W,YGR091W,0,2.9571755,0.3623490333557129,0.8269962072372437,0.15390028059482574
YNR069C,YHR072W-A,0,2.9569943,0.3621981739997864,0.8269962072372437,0.15400080382823944
YLR077W,YIL091C,0,2.9561992,0.3620474338531494,0.8269962072372437,0.15410132706165314
YDR365W-B,YGR207C,0,2.9561007,0.3618968427181244,0.8269962072372437,0.15420185029506683
YLR070C,YOR088W,0,2.9552748,0.3617463707923889,0.8269962072372437,0.15430237352848053
YBL102W,YOR256C,0,2.955043,0.361596018075943,0.8269962072372437,0.15440289676189423
YER183C,YGR027W-A,0,2.9539964,0.3614457845687866,0.8269962072372437,0.15450341999530792
YLR406C,YDR261C-C,0,2.9535224,0.3612956702709198,0.8269962072372437,0.15460394322872162
YJL209W,YML033W,0,2.9532773,0.3611457049846649,0.8269962072372437,0.15470446646213531
YDR153C,YGL022W,0,2.953046,0.3609958589076996,0.8269962072372437,0.154804989695549
YPR061C,YOR056C,0,2.9503267,0.3608461320400238,0.8269962072372437,0.1549055129289627
YAL005C,YPL081W,0,2.9501595,0.3606965243816376,0.8269962072372437,0.1550060361623764
YGR271C-A,YLL036C,0,2.9486256,0.3605470359325409,0.8269962072372437,0.1551065593957901
YLR226W,YHR072W-A,0,2.9482734,0.36039766669273376,0.8269962072372437,0.1552070826292038
YDL082W,YKL222C,1,2.9482338,0.3606625199317932,0.8279467821121216,0.1552070826292038
YJR014W,YDR079C-A,0,2.9470134,0.36051324009895325,0.8279467821121216,0.1553076058626175
YNL064C,YNR026C,0,2.9455516,0.36036407947540283,0.8279467821121216,0.1554081290960312
YJL018W,YBR106W,0,2.9430003,0.36021506786346436,0.8279467821121216,0.15550865232944489
YHR072W-A,YML010W,0,2.9420817,0.36006614565849304,0.8279467821121216,0.1556091606616974
YBR217W,YGR140W,0,2.9407854,0.3599173426628113,0.8279467821121216,0.15570968389511108
YNL305C,YOR073W,0,2.9403305,0.35976868867874146,0.8279467821121216,0.15581020712852478
YER065C,YOL077W-A,0,2.9401104,0.3596201539039612,0.8279467821121216,0.15591073036193848
YJL207C,YLR249W,1,2.9392855,0.35988444089889526,0.8288973569869995,0.15591073036193848
YOL091W,YER006W,0,2.9383347,0.35973596572875977,0.8288973569869995,0.15601125359535217
YLR336C,YDR001C,0,2.937782,0.3595876395702362,0.8288973569869995,0.15611177682876587
YER146W,YLR035C,0,2.9365413,0.3594394028186798,0.8288973569869995,0.15621230006217957
YIL162W,YJL036W,0,2.9358714,0.35929131507873535,0.8288973569869995,0.15631282329559326
YIL065C,YOR153W,0,2.9355736,0.35914331674575806,0.8288973569869995,0.15641334652900696
YJL122W,YHR013C,1,2.9354832,0.3594071567058563,0.8298479318618774,0.15641334652900696
YNL067W,YIR035C,0,2.934995,0.3592592477798462,0.8298479318618774,0.15651386976242065
YCR070W,YGL077C,0,2.9343898,0.359111487865448,0.8298479318618774,0.15661439299583435
YLR116W,YCR071C,0,2.9343047,0.35896381735801697,0.8298479318618774,0.15671491622924805
YIL016W,YGR231C,0,2.9328957,0.3588162660598755,0.8298479318618774,0.15681543946266174
YAR003W,YDR043C,0,2.9325154,0.35866886377334595,0.8298479318618774,0.15691596269607544
YOR336W,YER074W-A,0,2.9316452,0.35852155089378357,0.8298479318618774,0.15701648592948914
YGL250W,YCR070W,0,2.9306893,0.35837438702583313,0.8298479318618774,0.15711700916290283
YDR027C,YKR080W,0,2.9289312,0.35822734236717224,0.8298479318618774,0.15721753239631653
YML033W,YNL279W,0,2.9286754,0.3580803871154785,0.8298479318618774,0.15731805562973022
YNL134C,YER058W,0,2.927956,0.35793358087539673,0.8298479318618774,0.15741857886314392
YBR056W,YGL160W,0,2.9271376,0.3577868938446045,0.8298479318618774,0.15751910209655762
YOL016C,YOR368W,0,2.9257412,0.3576403260231018,0.8298479318618774,0.1576196253299713
YPL032C,YPR025C,0,2.9253008,0.3574938476085663,0.8298479318618774,0.157720148563385
YMR260C,YDR206W,0,2.9243836,0.3573475182056427,0.8298479318618774,0.1578206717967987
YJR129C,YDR363W,0,2.9240062,0.35720130801200867,0.8298479318618774,0.1579211950302124
YPR058W,YDR354W,0,2.923894,0.3570552170276642,0.8298479318618774,0.1580217182636261
YBR253W,YDL058W,0,2.9236803,0.35690924525260925,0.8298479318618774,0.1581222414970398
YPL249C-A,YFR009W,1,2.9232545,0.35717204213142395,0.8307985067367554,0.1581222414970398
YPL009C,YPL131W,1,2.9224222,0.35743463039398193,0.8317490220069885,0.1581222414970398
YHR007C,YOR005C,0,2.9224107,0.3572886884212494,0.8317490220069885,0.1582227647304535
YGR172C,YGR027W-A,0,2.9223666,0.3571428656578064,0.8317490220069885,0.1583232879638672
YPR025C,YAL055W,0,2.9212935,0.35699713230133057,0.8317490220069885,0.15842381119728088
YNL126W,YGR161C-C,0,2.9197965,0.3568515479564667,0.8317490220069885,0.1585243195295334
YOL013C,YOR088W,0,2.9193656,0.35670608282089233,0.8317490220069885,0.15862484276294708
YLR138W,YDL213C,0,2.9190934,0.35656070709228516,0.8317490220069885,0.15872536599636078
YJL099W,YBL100W-A,0,2.9190536,0.3564154803752899,0.8317490220069885,0.15882588922977448
YJL145W,YMR231W,0,2.916721,0.35627037286758423,0.8317490220069885,0.15892641246318817
YBR154C,YIL017C,0,2.916561,0.3561253547668457,0.8317490220069885,0.15902693569660187
YDR214W,YBR057C,0,2.9164636,0.3559804856777191,0.8317490220069885,0.15912745893001556
YLR376C,YOR088W,0,2.915821,0.3558357059955597,0.8317490220069885,0.15922798216342926
YDL049C,YER058W,0,2.9157765,0.3556910455226898,0.8317490220069885,0.15932850539684296
YER011W,YDR489W,0,2.9155672,0.3555465340614319,0.8317490220069885,0.15942902863025665
YOL049W,YCR020W-B,0,2.9146016,0.3554021120071411,0.8317490220069885,0.15952955186367035
YEL060C,YHL020C,0,2.9137385,0.3552578091621399,0.8317490220069885,0.15963007509708405
YDR142C,YKL220C,0,2.913701,0.3551136255264282,0.8317490220069885,0.15973059833049774
YMR214W,YDR143C,0,2.911029,0.3549695611000061,0.8317490220069885,0.15983112156391144
YGR209C,YNL093W,0,2.909197,0.35482561588287354,0.8317490220069885,0.15993164479732513
YNL071W,YGR027W-A,0,2.9085183,0.3546817898750305,0.8317490220069885,0.16003216803073883
YBR234C,YKR060W,0,2.908147,0.35453808307647705,0.8317490220069885,0.16013269126415253
YPR158W-A,YGR284C,0,2.907832,0.35439449548721313,0.8317490220069885,0.16023321449756622
YGR038W,YOR088W,0,2.9069839,0.3542509973049164,0.8317490220069885,0.16033373773097992
YOR115C,YPR201W,0,2.906377,0.35410764813423157,0.8317490220069885,0.16043426096439362
YMR288W,YPR020W,0,2.9063294,0.3539643883705139,0.8317490220069885,0.1605347841978073
YCL062W,YJL210W,0,2.9049287,0.3538212776184082,0.8317490220069885,0.160635307431221
YBR203W,YIL162W,0,2.903474,0.35367825627326965,0.8317490220069885,0.1607358306646347
YCR067C,YAL055W,0,2.9028964,0.35353535413742065,0.8317490220069885,0.1608363538980484
YHL002W,YHR216W,0,2.901992,0.3533925712108612,0.8317490220069885,0.1609368771314621
YFL018C,YKR018C,0,2.9008,0.3532499074935913,0.8317490220069885,0.1610374003648758
YLL015W,YBR154C,0,2.9006507,0.3531073331832886,0.8317490220069885,0.1611379235982895
YPR165W,YGR280C,0,2.9005287,0.3529649078845978,0.8317490220069885,0.16123844683170319
YPL236C,YPL088W,0,2.900376,0.35282257199287415,0.8317490220069885,0.1613389551639557
YLL039C,YNL093W,0,2.899813,0.35268038511276245,0.8317490220069885,0.16143947839736938
YCR071C,YBL066C,0,2.8986785,0.3525382876396179,0.8317490220069885,0.16154000163078308
YPL211W,YML126C,0,2.89799,0.35239630937576294,0.8317490220069885,0.16164052486419678
YOR329C,YDR153C,0,2.8961189,0.3522544205188751,0.8317490220069885,0.16174104809761047
YDR119W,YER160C,0,2.8933768,0.35211268067359924,0.8317490220069885,0.16184157133102417
YHR019C,YNL087W,0,2.8928897,0.3519710302352905,0.8317490220069885,0.16194209456443787
YIR028W,YCR070W,0,2.8926332,0.35182949900627136,0.8317490220069885,0.16204261779785156
YDR034C-D,YBR210W,0,2.891571,0.35168811678886414,0.8317490220069885,0.16214314103126526
YGR059W,YPL081W,0,2.8911457,0.3515467941761017,0.8317490220069885,0.16224366426467896
YHR216W,YKR001C,0,2.890565,0.35140562057495117,0.8317490220069885,0.16234418749809265
YEL042W,YDR291W,0,2.8892643,0.3512645661830902,0.8317490220069885,0.16244471073150635
YJR064W,YKR024C,0,2.8890557,0.3511236011981964,0.8317490220069885,0.16254523396492004
YMR106C,YJR064W,0,2.8885567,0.35098275542259216,0.8317490220069885,0.16264575719833374
YKL025C,YDR261C-C,0,2.887911,0.35084202885627747,0.8317490220069885,0.16274628043174744
YGL257C,YOR088W,0,2.8864741,0.35070139169692993,0.8317490220069885,0.16284680366516113
YJL207C,YGL135W,1,2.8850605,0.3509615361690521,0.8326995968818665,0.16284680366516113
YIL067C,YOR077W,0,2.883573,0.35082098841667175,0.8326995968818665,0.16294732689857483
YCR079W,YKL065C,0,2.882478,0.35068053007125854,0.8326995968818665,0.16304785013198853
YOR100C,YGR163W,0,2.8800073,0.3505402207374573,0.8326995968818665,0.16314837336540222
YGR161C-C,YIR008C,0,2.8798182,0.35040000081062317,0.8326995968818665,0.16324889659881592
YDR365W-B,YCR033W,0,2.879763,0.3502599000930786,0.8326995968818665,0.16334941983222961
YMR119W,YOR361C,0,2.8789952,0.3501199185848236,0.8326995968818665,0.1634499430656433
YNR026C,YHR001W,0,2.8777087,0.34998002648353577,0.8326995968818665,0.163550466299057
YBL102W,YNL222W,0,2.8767462,0.3498402535915375,0.8326995968818665,0.1636509895324707
YOL146W,YKL125W,0,2.876391,0.34970059990882874,0.8326995968818665,0.1637515127658844
YIL091C,YBL004W,0,2.874243,0.34956106543540955,0.8326995968818665,0.1638520359992981
YDR261C-C,YLR222C,0,2.8721673,0.3494216203689575,0.8326995968818665,0.1639525592327118
YNL299W,YKL065C,0,2.8719652,0.34928229451179504,0.8326995968818665,0.1640530824661255
YOR115C,YGR065C,0,2.8712945,0.3491430878639221,0.8326995968818665,0.16415360569953918
YGL048C,YCR070W,0,2.8707037,0.34900397062301636,0.8326995968818665,0.1642541140317917
YLR071C,YOR234C,0,2.8702672,0.34886500239372253,0.8326995968818665,0.16435463726520538
YNL222W,YDL147W,0,2.8699744,0.3487261235713959,0.8326995968818665,0.16445516049861908
YPR151C,YOR058C,0,2.8698268,0.3485873341560364,0.8326995968818665,0.16455568373203278
YPL255W,YMR058W,0,2.8686097,0.3484486937522888,0.8326995968818665,0.16465620696544647
YGR038C-A,YGL079W,0,2.8627908,0.3483101427555084,0.8326995968818665,0.16475673019886017
YPL237W,YLR274W,0,2.8610122,0.3481717109680176,0.8326995968818665,0.16485725343227386
YDR119W,YML033W,0,2.8606503,0.3480333685874939,0.8326995968818665,0.16495777666568756
YPL060C-A,YPL162C,0,2.859821,0.34789514541625977,0.8326995968818665,0.16505829989910126
YGR038C-A,YBR068C,0,2.8577685,0.3477570414543152,0.8326995968818665,0.16515882313251495
YFL024C,YGR161C-C,0,2.8568056,0.34761905670166016,0.8326995968818665,0.16525934636592865
YJR044C,YER074W-A,0,2.8553247,0.3474811613559723,0.8326995968818665,0.16535986959934235
YBL046W,YIL017C,0,2.8550098,0.347343385219574,0.8326995968818665,0.16546039283275604
YLR157C-A,YFL009W,0,2.8532681,0.3472056984901428,0.8326995968818665,0.16556091606616974
YDR202C,YMR305C,0,2.8531299,0.3470681309700012,0.8326995968818665,0.16566143929958344
YGR038C-A,YLL010C,0,2.8523695,0.34693068265914917,0.8326995968818665,0.16576196253299713
YER119C,YDR324C,0,2.8521543,0.34679335355758667,0.8326995968818665,0.16586248576641083
YNL124W,YML025C,0,2.8517053,0.34665611386299133,0.8326995968818665,0.16596300899982452
YER011W,YPR112C,0,2.8512805,0.34651899337768555,0.8326995968818665,0.16606353223323822
YER048C,YHR124W,0,2.8504617,0.3463819622993469,0.8326995968818665,0.16616405546665192
YDR302W,YOR336W,0,2.84984,0.34624505043029785,0.8326995968818665,0.1662645787000656
YML024W,YPL015C,0,2.8491683,0.34610825777053833,0.8326995968818665,0.1663651019334793
YJL209W,YOL013C,0,2.8475661,0.34597155451774597,0.8326995968818665,0.166465625166893
YJL018W,YLR210W,0,2.8474805,0.34583497047424316,0.8326995968818665,0.1665661484003067
YNR032W,YER074W-A,0,2.8473318,0.3456985056400299,0.8326995968818665,0.1666666716337204
YGL145W,YGR027W-A,0,2.8468022,0.3455621302127838,0.8326995968818665,0.1667671948671341
YJR105W,YPR158W-A,0,2.8467731,0.34542587399482727,0.8326995968818665,0.1668677181005478
YPR101W,YDR450W,0,2.8465736,0.3452897071838379,0.8326995968818665,0.1669682413339615
YBL045C,YDL150W,0,2.8437364,0.34515365958213806,0.8326995968818665,0.16706876456737518
YGR038W,YPR121W,0,2.8433187,0.3450177311897278,0.8326995968818665,0.16716927289962769
YKR042W,YBL071W-A,0,2.8424833,0.34488189220428467,0.8326995968818665,0.16726979613304138
YDR365W-B,YLR155C,0,2.8420603,0.3447461724281311,0.8326995968818665,0.16737031936645508
YCR102C,YKL073W,0,2.8404324,0.3446105420589447,0.8326995968818665,0.16747084259986877
YDR541C,YDR099W,0,2.8403022,0.34447503089904785,0.8326995968818665,0.16757136583328247
YKL071W,YNL030W,0,2.8402205,0.34433960914611816,0.8326995968818665,0.16767188906669617
YMR288W,YER021W,0,2.839795,0.3442043364048004,0.8326995968818665,0.16777241230010986
YCL033C,YBR135W,0,2.8395588,0.34406912326812744,0.8326995968818665,0.16787293553352356
YPL086C,YHR072W-A,0,2.8376913,0.343934029340744,0.8326995968818665,0.16797345876693726
YJR152W,YGR231C,0,2.8372715,0.34379905462265015,0.8326995968818665,0.16807398200035095
YDR016C,YDL104C,0,2.836492,0.34366416931152344,0.8326995968818665,0.16817450523376465
YPR165W,YBL071W-A,0,2.8345258,0.3435294032096863,0.8326995968818665,0.16827502846717834
YOL006C,YDL159W,0,2.8338637,0.34339475631713867,0.8326995968818665,0.16837555170059204
YBR236C,YNL087W,0,2.8332841,0.3432601988315582,0.8326995968818665,0.16847607493400574
YDR477W,YLR362W,0,2.8332593,0.34312573075294495,0.8326995968818665,0.16857659816741943
YLR064W,YIR010W,0,2.8330429,0.3429913818836212,0.8326995968818665,0.16867712140083313
YBR132C,YDR079C-A,0,2.8325872,0.34285715222358704,0.8326995968818665,0.16877764463424683
YPL105C,YPL211W,1,2.8312519,0.3431142270565033,0.8336501717567444,0.16877764463424683
YDL232W,YKL193C,0,2.8307693,0.3429800570011139,0.8336501717567444,0.16887816786766052
YNL316C,YOR088W,0,2.8304098,0.34284597635269165,0.8336501717567444,0.16897869110107422
YNL315C,YGR240C,0,2.829213,0.3427119851112366,0.8336501717567444,0.16907921433448792
YBR098W,YER074W-A,0,2.826502,0.34257811307907104,0.8336501717567444,0.1691797375679016
YDR016C,YKR039W,0,2.8253596,0.34244436025619507,0.8336501717567444,0.1692802608013153
YGL086W,YDR450W,0,2.824887,0.34231069684028625,0.8336501717567444,0.169380784034729
YDL020C,YNL083W,0,2.8230886,0.3421771228313446,0.8336501717567444,0.1694813072681427
YGR287C,YJL042W,0,2.8230412,0.3420436680316925,0.8336501717567444,0.1695818305015564
YGR027W-A,YOR122C,0,2.8223484,0.34191033244132996,0.8336501717567444,0.1696823537349701
YNL229C,YLR368W,0,2.82203,0.34177708625793457,0.8336501717567444,0.1697828769683838
YNR056C,YDR155C,0,2.821902,0.34164392948150635,0.8336501717567444,0.16988340020179749
YLL039C,YJL100W,0,2.8214142,0.3415108919143677,0.8336501717567444,0.16998392343521118
YKL137W,YOL077W-A,0,2.8205287,0.34137797355651855,0.8336501717567444,0.17008443176746368
YJL184W,YNL252C,0,2.8201513,0.3412451446056366,0.8336501717567444,0.17018495500087738
YJR101W,YIR012W,1,2.8184206,0.3415013551712036,0.8346007466316223,0.17018495500087738
YNL088W,YCL062W,0,2.8183854,0.34136858582496643,0.8346007466316223,0.17028547823429108
YBR160W,YDL045W-A,1,2.8183727,0.34162455797195435,0.8355513215065002,0.17028547823429108
YGL181W,YKL216W,0,2.8179448,0.34149184823036194,0.8355513215065002,0.17038600146770477
YER065C,YHL009W-A,0,2.817168,0.3413592278957367,0.8355513215065002,0.17048652470111847
YGR090W,YDR266C,0,2.8166163,0.3412266969680786,0.8355513215065002,0.17058704793453217
YDL212W,YMR011W,0,2.8165462,0.3410942852497101,0.8355513215065002,0.17068757116794586
YMR288W,YGR038C-A,0,2.8153195,0.3409619927406311,0.8355513215065002,0.17078809440135956
YOR229W,YGR038C-B,0,2.8144307,0.3408297896385193,0.8355513215065002,0.17088861763477325
YML066C,YER074W-A,0,2.8138258,0.34069767594337463,0.8355513215065002,0.17098914086818695
YNL037C,YIL082W-A,0,2.8138092,0.34056568145751953,0.8355513215065002,0.17108966410160065
YBR244W,YIL097W,0,2.8134272,0.3404337763786316,0.8355513215065002,0.17119018733501434
YNL186W,YJL076W,0,2.813354,0.3403019607067108,0.8355513215065002,0.17129071056842804
YDR462W,YOR003W,0,2.812185,0.3401702642440796,0.8355513215065002,0.17139123380184174
YNL299W,YMR197C,0,2.811787,0.3400386869907379,0.8355513215065002,0.17149175703525543
YHR072W-A,YER094C,0,2.8072367,0.3399071991443634,0.8355513215065002,0.17159228026866913
YML131W,YKL084W,0,2.8061836,0.33977580070495605,0.8355513215065002,0.17169280350208282
YPL162C,YHR018C,0,2.8048437,0.33964452147483826,0.8355513215065002,0.17179332673549652
YDR097C,YOR003W,0,2.8046873,0.3395133316516876,0.8355513215065002,0.17189384996891022
YCL062W,YFL003C,0,2.8045168,0.33938223123550415,0.8355513215065002,0.1719943732023239
YGR209C,YOR140W,0,2.804318,0.33925125002861023,0.8355513215065002,0.1720948964357376
YJL113W,YGL047W,0,2.8040328,0.33912035822868347,0.8355513215065002,0.1721954196691513
YGR038C-B,YDR484W,0,2.8037844,0.33898958563804626,0.8355513215065002,0.172295942902565
YLR157C-A,YKR022C,0,2.803301,0.3388589024543762,0.8355513215065002,0.1723964661359787
YDR338C,YGR038C-B,0,2.80323,0.3387283384799957,0.8355513215065002,0.1724969893693924
YGR038C-A,YLL036C,0,2.8024712,0.33859783411026,0.8355513215065002,0.1725975126028061
YPR033C,YBR204C,0,2.801898,0.33846744894981384,0.8355513215065002,0.1726980358362198
YFL050C,YOL039W,0,2.8003047,0.3383371829986572,0.8355513215065002,0.17279855906963348
YKR010C,YDR365W-B,0,2.8002534,0.3382070064544678,0.8355513215065002,0.17289908230304718
YOR022C,YML046W,0,2.7999077,0.3380769193172455,0.8355513215065002,0.17299959063529968
YLR084C,YKR039W,0,2.799845,0.33794695138931274,0.8355513215065002,0.17310011386871338
YJL010C,YHR121W,0,2.7991364,0.33781707286834717,0.8355513215065002,0.17320063710212708
YPR158W-A,YPL003W,0,2.7988045,0.33768728375434875,0.8355513215065002,0.17330116033554077
YDR506C,YOL130W,0,2.7973714,0.3375576138496399,0.8355513215065002,0.17340168356895447
YML110C,YGR038C-A,0,2.796945,0.3374280333518982,0.8355513215065002,0.17350220680236816
YER054C,YGR027W-A,0,2.7956893,0.33729854226112366,0.8355513215065002,0.17360273003578186
YKL125W,YIL065C,0,2.7951667,0.33716917037963867,0.8355513215065002,0.17370325326919556
YLR423C,YEL011W,0,2.7922406,0.33703988790512085,0.8355513215065002,0.17380377650260925
YJL018W,YGL022W,0,2.7915447,0.3369106948375702,0.8355513215065002,0.17390429973602295
YGR287C,YJL159W,0,2.790952,0.3367816209793091,0.8355513215065002,0.17400482296943665
YOL006C,YPR158W-A,0,2.7895277,0.33665263652801514,0.8355513215065002,0.17410534620285034
YJL042W,YDL066W,0,2.7893243,0.33652374148368835,0.8355513215065002,0.17420586943626404
YOR133W,YDR239C,1,2.7888985,0.3367776572704315,0.8365018963813782,0.17420586943626404
YPR029C,YDR210W-A,0,2.7870204,0.3366488218307495,0.8365018963813782,0.17430639266967773
YHR072W-A,YIL017C,0,2.784911,0.33652007579803467,0.8365018963813782,0.17440691590309143
YNL106C,YKR001C,0,2.783593,0.3363914489746094,0.8365018963813782,0.17450743913650513
YPL105C,YLR009W,1,2.7834537,0.3366450071334839,0.8374524712562561,0.17450743913650513
YGR038C-A,YOL058W,0,2.7832315,0.336516410112381,0.8374524712562561,0.17460796236991882
YDL232W,YDL079C,0,2.7828958,0.3363879323005676,0.8374524712562561,0.17470848560333252
YPL255W,YKL167C,0,2.7826965,0.33625954389572144,0.8374524712562561,0.17480900883674622
YGL125W,YGR027W-A,0,2.7824438,0.3361312448978424,0.8374524712562561,0.1749095320701599
YPR082C,YFL003C,0,2.7819726,0.33600306510925293,0.8374524712562561,0.1750100553035736
YHR045W,YLL023C,0,2.7812345,0.3358749449253082,0.8374524712562561,0.1751105785369873
YNL148C,YOR077W,0,2.7804978,0.3357469439506531,0.8374524712562561,0.175211101770401
YOL128C,YML130C,0,2.7784579,0.3356190621852875,0.8374524712562561,0.1753116250038147
YGR161C-C,YNL336W,0,2.7783816,0.33549124002456665,0.8374524712562561,0.1754121482372284
YGL208W,YER074W-A,0,2.77836,0.3353635370731354,0.8374524712562561,0.1755126714706421
YJR086W,YML022W,0,2.7783473,0.33523592352867126,0.8374524712562561,0.1756131947040558
YLR178C,YKR046C,0,2.777931,0.3351083993911743,0.8374524712562561,0.17571371793746948
YJL209W,YEL026W,0,2.7768278,0.3349809944629669,0.8374524712562561,0.17581424117088318
YLR340W,YDR307W,0,2.7749565,0.3348536789417267,0.8374524712562561,0.17591474950313568
YHR063C,YMR134W,0,2.7743363,0.3347264528274536,0.8374524712562561,0.17601527273654938
YGR038C-B,YOL021C,0,2.7741396,0.3345993161201477,0.8374524712562561,0.17611579596996307
YPR023C,YGR038C-B,0,2.7733762,0.33447229862213135,0.8374524712562561,0.17621631920337677
YDR261C-C,YLL036C,0,2.7730415,0.33434534072875977,0.8374524712562561,0.17631684243679047
YDR365W-B,YIL110W,0,2.773026,0.33421850204467773,0.8374524712562561,0.17641736567020416
YJL018W,YER119C,0,2.7729564,0.33409178256988525,0.8374524712562561,0.17651788890361786
YAR071W,YNL087W,0,2.772682,0.33396512269973755,0.8374524712562561,0.17661841213703156
YGR038C-A,YEL060C,0,2.7721517,0.3338385820388794,0.8374524712562561,0.17671893537044525
YLR408C,YGR161C-C,0,2.7720258,0.3337121307849884,0.8374524712562561,0.17681945860385895
YLR048W,YIR003W,1,2.770824,0.33396440744400024,0.838403046131134,0.17681945860385895
YPL190C,YHL020C,0,2.769789,0.33383801579475403,0.838403046131134,0.17691998183727264
YJR086W,YPL057C,0,2.7697093,0.3337116837501526,0.838403046131134,0.17702050507068634
YBL042C,YHR152W,0,2.7693906,0.3335854709148407,0.838403046131134,0.17712102830410004
YGR059W,YPR158W-A,0,2.7689033,0.33345934748649597,0.838403046131134,0.17722155153751373
YKR024C,YKR039W,0,2.7686865,0.3333333432674408,0.838403046131134,0.17732207477092743
YGL048C,YPL045W,0,2.767732,0.3332073986530304,0.838403046131134,0.17742259800434113
YNR024W,YJR014W,1,2.766525,0.3334592282772064,0.839353621006012,0.17742259800434113
YPL084W,YDR079C-A,0,2.7663705,0.3333333432674408,0.839353621006012,0.17752312123775482
YPR158W-A,YOL058W,0,2.7660887,0.33320754766464233,0.839353621006012,0.17762364447116852
YFL022C,YIL097W,0,2.7659929,0.33308184146881104,0.839353621006012,0.17772416770458221
YCL062W,YLR210W,0,2.7641122,0.3329562544822693,0.839353621006012,0.1778246909379959
YBL002W,YOR171C,0,2.763448,0.3328307569026947,0.839353621006012,0.1779252141714096
YGL100W,YML019W,0,2.763178,0.3327053487300873,0.839353621006012,0.1780257374048233
YDR261C-C,YMR271C,0,2.762131,0.332580029964447,0.839353621006012,0.178126260638237
YJL063C,YMR247C,1,2.761543,0.33283132314682007,0.8403041958808899,0.178126260638237
YOR375C,YER074W-A,0,2.7593625,0.3327060639858246,0.8403041958808899,0.1782267838716507
YGR109C,YML033W,0,2.7592082,0.33258089423179626,0.8403041958808899,0.1783273071050644
YOR371C,YGR027W-A,0,2.7587485,0.3324558138847351,0.8403041958808899,0.1784278303384781
YKL160W,YGR027W-A,0,2.757841,0.3323308229446411,0.8403041958808899,0.17852835357189178
YOL111C,YIL137C,1,2.7575495,0.3325817286968231,0.8412547707557678,0.17852835357189178
YPL124W,YDR210W-A,0,2.7574577,0.3324567973613739,0.8412547707557678,0.17862887680530548
YML118W,YBR014C,0,2.7570279,0.33233195543289185,0.8412547707557678,0.17872940003871918
YGR186W,YGR027W-A,0,2.7567432,0.33220720291137695,0.8412547707557678,0.17882990837097168
YDL014W,YDR352W,0,2.7552426,0.3320825397968292,0.8412547707557678,0.17893043160438538
YKL049C,YAL001C,0,2.7545898,0.33195799589157104,0.8412547707557678,0.17903095483779907
YGR161C-C,YBL097W,0,2.7543724,0.33183351159095764,0.8412547707557678,0.17913147807121277
YKL216W,YNL265C,0,2.754161,0.3317091464996338,0.8412547707557678,0.17923200130462646
YPR107C,YDR171W,0,2.7538652,0.3315848708152771,0.8412547707557678,0.17933252453804016
YER006W,YPL162C,0,2.7536452,0.3314606845378876,0.8412547707557678,0.17943304777145386
YNL186W,YDR001C,0,2.753377,0.3313365876674652,0.8412547707557678,0.17953357100486755
YMR323W,YGR206W,0,2.7506094,0.33121258020401,0.8412547707557678,0.17963409423828125
YOR284W,YDL044C,0,2.7494328,0.331088662147522,0.8412547707557678,0.17973461747169495
YOL077W-A,YDL104C,0,2.7479641,0.3309648334980011,0.8412547707557678,0.17983514070510864
YDR261C-C,YDL058W,0,2.7472296,0.3308411240577698,0.8412547707557678,0.17993566393852234
YPR183W,YPR061C,0,2.7471855,0.3307174742221832,0.8412547707557678,0.18003618717193604
YDR155C,YBR102C,0,2.7456052,0.33059394359588623,0.8412547707557678,0.18013671040534973
YOL039W,YOL034W,0,2.7444806,0.3304705023765564,0.8412547707557678,0.18023723363876343
YIL117C,YOR073W,0,2.7428803,0.3303471505641937,0.8412547707557678,0.18033775687217712
YPR158W-A,YPR066W,0,2.741269,0.3302238881587982,0.8412547707557678,0.18043828010559082
YMR309C,YGR027W-A,0,2.7411845,0.3301007151603699,0.8412547707557678,0.18053880333900452
YBR288C,YGR027W-A,0,2.7404375,0.3299776315689087,0.8412547707557678,0.1806393265724182
YJR067C,YDR210W-A,0,2.7398748,0.3298546373844147,0.8412547707557678,0.1807398498058319
YML033W,YNL305C,0,2.739461,0.3297317326068878,0.8412547707557678,0.1808403730392456
YDR324C,YOL077W-A,0,2.738673,0.3296089470386505,0.8412547707557678,0.1809408962726593
YOL130W,YNL030W,0,2.737717,0.329486221075058,0.8412547707557678,0.181041419506073
YBL084C,YKL096W,0,2.737602,0.329363614320755,0.8412547707557678,0.1811419427394867
YPR158W-A,YNL241C,0,2.7374012,0.3292410671710968,0.8412547707557678,0.1812424659729004
YKL091C,YGR247W,0,2.7364275,0.32911863923072815,0.8412547707557678,0.1813429892063141
YGL125W,YOR088W,0,2.7362912,0.3289962708950043,0.8412547707557678,0.18144351243972778
YKR067W,YJL014W,0,2.7349584,0.32887402176856995,0.8412547707557678,0.18154403567314148
YDR258C,YOR083W,0,2.734521,0.3287518620491028,0.8412547707557678,0.18164455890655518
YJL050W,YLR136C,0,2.7336724,0.3286297917366028,0.8412547707557678,0.18174506723880768
YML078W,YPL015C,0,2.7318604,0.32850778102874756,0.8412547707557678,0.18184559047222137
YLR144C,YBR133C,0,2.7313497,0.3283858895301819,0.8412547707557678,0.18194611370563507
YGR038C-B,YHR196W,0,2.7300541,0.3282640874385834,0.8412547707557678,0.18204663693904877
YPL249C-A,YKL208W,0,2.729297,0.328142374753952,0.8412547707557678,0.18214716017246246
YDL193W,YIL040W,0,2.729036,0.32802075147628784,0.8412547707557678,0.18224768340587616
YJL159W,YOR295W,0,2.7282546,0.3278992176055908,0.8412547707557678,0.18234820663928986
YIL010W,YGR027W-A,0,2.7274265,0.32777777314186096,0.8412547707557678,0.18244872987270355
YGR038W,YLL054C,0,2.725559,0.32765641808509827,0.8412547707557678,0.18254925310611725
YDR084C,YOR307C,0,2.7253292,0.32753515243530273,0.8412547707557678,0.18264977633953094
YDR237W,YGR091W,0,2.72494,0.32741397619247437,0.8412547707557678,0.18275029957294464
YDR322C-A,YGL254W,0,2.724468,0.32729288935661316,0.8412547707557678,0.18285082280635834
YOR210W,YGR206W,0,2.7241356,0.3271718919277191,0.8412547707557678,0.18295134603977203
YER026C,YEL046C,0,2.7240129,0.32705098390579224,0.8412547707557678,0.18305186927318573
YPR145W,YCR027C,0,2.723078,0.3269301950931549,0.8412547707557678,0.18315239250659943
YPR158W-A,YIL129C,0,2.7230709,0.32680946588516235,0.8412547707557678,0.18325291574001312
YGR257C,YBL002W,0,2.7219918,0.32668882608413696,0.8412547707557678,0.18335343897342682
YHR121W,YOR252W,1,2.721519,0.3269372582435608,0.8422053456306458,0.18335343897342682
YGR161C-C,YGR278W,0,2.7208023,0.3268166780471802,0.8422053456306458,0.18345396220684052
YFL016C,YJR002W,0,2.7202308,0.32669615745544434,0.8422053456306458,0.1835544854402542
YLR336C,YML093W,0,2.7198079,0.32657575607299805,0.8422053456306458,0.1836550086736679
YIR021W,YNL224C,0,2.7196174,0.32645541429519653,0.8422053456306458,0.1837555319070816
YDL232W,YGR038C-A,0,2.7193627,0.3263351619243622,0.8422053456306458,0.1838560551404953
YGR161C-C,YDL058W,0,2.716689,0.3262150287628174,0.8422053456306458,0.183956578373909
YFR051C,YMR161W,0,2.716296,0.32609495520591736,0.8422053456306458,0.1840571016073227
YKL152C,YEL009C,0,2.7159688,0.3259749710559845,0.8422053456306458,0.1841576248407364
YDL064W,YBR104W,0,2.7150977,0.3258551061153412,0.8422053456306458,0.18425814807415009
YMR079W,YKL211C,0,2.7145512,0.32573530077934265,0.8422053456306458,0.18435867130756378
YNL064C,YPR094W,0,2.714318,0.3256155848503113,0.8422053456306458,0.18445919454097748
YNL154C,YCR024C-A,0,2.7113514,0.32549595832824707,0.8422053456306458,0.18455971777439117
YDL181W,YML131W,0,2.710882,0.32537642121315,0.8422053456306458,0.18466022610664368
YBL050W,YLR174W,0,2.7107413,0.32525697350502014,0.8422053456306458,0.18476074934005737
YJR099W,YDL044C,0,2.7107117,0.3251376152038574,0.8422053456306458,0.18486127257347107
YPR020W,YML065W,0,2.7091682,0.32501834630966187,0.8422053456306458,0.18496179580688477
YDR541C,YDL213C,0,2.7087026,0.32489916682243347,0.8422053456306458,0.18506231904029846
YCR097W,YLL028W,0,2.7080464,0.32478004693984985,0.8422053456306458,0.18516284227371216
YKL160W,YLL036C,0,2.7079866,0.3246610462665558,0.8422053456306458,0.18526336550712585
YLR144C,YHR019C,0,2.7073658,0.3245421350002289,0.8422053456306458,0.18536388874053955
YMR116C,YIR010W,0,2.70723,0.32442328333854675,0.8422053456306458,0.18546441197395325
YBR039W,YBL005W-A,0,2.7070389,0.3243045508861542,0.8422053456306458,0.18556493520736694
YNR054C,YPR158W-A,0,2.705714,0.32418587803840637,0.8422053456306458,0.18566545844078064
YNR056C,YCL033C,0,2.704874,0.32406729459762573,0.8422053456306458,0.18576598167419434
YIL117C,YFL003C,0,2.7046673,0.32394880056381226,0.8422053456306458,0.18586650490760803
YMR197C,YGL008C,0,2.701155,0.32383039593696594,0.8422053456306458,0.18596702814102173
YCR008W,YNR049C,0,2.698457,0.3237120807170868,0.8422053456306458,0.18606755137443542
YJL018W,YGR068C,0,2.698374,0.3235938549041748,0.8422053456306458,0.18616807460784912
YDR034C-D,YIL065C,0,2.6976492,0.32347571849823,0.8422053456306458,0.18626859784126282
YPR094W,YJL113W,0,2.696799,0.3233576714992523,0.8422053456306458,0.1863691210746765
YNL124W,YMR170C,0,2.69673,0.32323968410491943,0.8422053456306458,0.1864696443080902
YPR094W,YLR272C,0,2.6952395,0.3231218159198761,0.8422053456306458,0.1865701675415039
YIL040W,YAL042W,0,2.694929,0.32300400733947754,0.8422053456306458,0.1866706907749176
YFL018C,YLL042C,0,2.6943202,0.32288628816604614,0.8422053456306458,0.1867712140083313
YOR361C,YBL002W,0,2.6940145,0.3227686583995819,0.8422053456306458,0.186871737241745
YER019W,YBR104W,0,2.6940124,0.32265111804008484,0.8422053456306458,0.1869722604751587
YOL008W,YPR164W,0,2.6933675,0.32253366708755493,0.8422053456306458,0.1870727837085724
YKL027W,YCR028C-A,0,2.6930597,0.3224163055419922,0.8422053456306458,0.18717330694198608
YGR161C-C,YBR104W,0,2.6917217,0.3222990036010742,0.8422053456306458,0.18727383017539978
YMR189W,YPL124W,0,2.6911328,0.3221818208694458,0.8422053456306458,0.18737435340881348
YGR091W,YPR033C,0,2.6911297,0.32206469774246216,0.8422053456306458,0.18747487664222717
YNL154C,YLR229C,0,2.6904218,0.3219476640224457,0.8422053456306458,0.18757538497447968
YDL014W,YLR022C,0,2.6899388,0.32183071970939636,0.8422053456306458,0.18767590820789337
YCR079W,YPR065W,0,2.6897159,0.3217138648033142,0.8422053456306458,0.18777643144130707
YEL042W,YPL108W,0,2.6893005,0.3215970993041992,0.8422053456306458,0.18787695467472076
YHR065C,YHL013C,0,2.689173,0.321480393409729,0.8422053456306458,0.18797747790813446
YCR102C,YHR134W,0,2.688219,0.32136380672454834,0.8422053456306458,0.18807800114154816
YGL001C,YOR362C,0,2.6877263,0.32124727964401245,0.8422053456306458,0.18817852437496185
YDR225W,YIR035C,0,2.686564,0.3211308419704437,0.8422053456306458,0.18827904760837555
YDL010W,YMR199W,0,2.6856458,0.32101449370384216,0.8422053456306458,0.18837957084178925
YMR288W,YEL071W,0,2.6829731,0.32089823484420776,0.8422053456306458,0.18848009407520294
YIL157C,YMR277W,0,2.6816797,0.32078203558921814,0.8422053456306458,0.18858061730861664
YKL027W,YDR322C-A,0,2.6808436,0.32066595554351807,0.8422053456306458,0.18868114054203033
YOL146W,YLR205C,0,2.680208,0.32054993510246277,0.8422053456306458,0.18878166377544403
YKL125W,YPL057C,0,2.6794047,0.32043400406837463,0.8422053456306458,0.18888218700885773
YNL315C,YML033W,0,2.6780343,0.32031816244125366,0.8422053456306458,0.18898271024227142
YHR034C,YHR072W-A,0,2.6768014,0.32020238041877747,0.8422053456306458,0.18908323347568512
YFR042W,YMR309C,0,2.6765437,0.3200867176055908,0.8422053456306458,0.18918375670909882
YDR365W-B,YLR064W,0,2.6763165,0.31997111439704895,0.8422053456306458,0.1892842799425125
YGR287C,YHL009W-A,0,2.6758974,0.31985560059547424,0.8422053456306458,0.1893848031759262
YHR107C,YIL040W,0,2.675894,0.3197401762008667,0.8422053456306458,0.1894853264093399
YKR022C,YOL077W-A,0,2.675639,0.31962481141090393,0.8422053456306458,0.1895858496427536
YOR362C,YHR121W,0,2.6744637,0.3195095658302307,0.8422053456306458,0.1896863728761673
YNL252C,YDR266C,1,2.6738625,0.31975486874580383,0.8431559205055237,0.1896863728761673
YPR023C,YDR210W-A,0,2.673692,0.319639652967453,0.8431559205055237,0.189786896109581
YNL300W,YBL084C,0,2.673268,0.31952449679374695,0.8431559205055237,0.1898874193429947
YDR365W-B,YOR094W,0,2.6731193,0.31940943002700806,0.8431559205055237,0.1899879425764084
YGL224C,YOR088W,0,2.6728003,0.31929445266723633,0.8431559205055237,0.19008846580982208
YGR125W,YDR363W,0,2.672488,0.31917956471443176,0.8431559205055237,0.19018898904323578
YNL082W,YPL072W,0,2.6721482,0.319064736366272,0.8431559205055237,0.19028951227664948
YML066C,YPR061C,0,2.6712143,0.31895002722740173,0.8431559205055237,0.19039003551006317
YKR087C,YNL312W,0,2.6707408,0.31883537769317627,0.8431559205055237,0.19049054384231567
YLR084C,YGL008C,0,2.6704118,0.31872081756591797,0.8431559205055237,0.19059106707572937
YDR034C-D,YKL065C,0,2.6697464,0.31860631704330444,0.8431559205055237,0.19069159030914307
YPL266W,YER094C,0,2.6681657,0.31849193572998047,0.8431559205055237,0.19079211354255676
YCR071C,YLR183C,1,2.6679947,0.31873655319213867,0.8441064357757568,0.19079211354255676
YHR063C,YGR195W,0,2.6677778,0.3186221718788147,0.8441064357757568,0.19089263677597046
YGR161C-C,YKL092C,0,2.6667707,0.3185078799724579,0.8441064357757568,0.19099316000938416
YPR158W-A,YLR272C,0,2.6664016,0.31839367747306824,0.8441064357757568,0.19109368324279785
YHL009W-A,YHR032W,0,2.6663325,0.31827956438064575,0.8441064357757568,0.19119420647621155
YLR157C-A,YLL036C,0,2.6660423,0.31816554069519043,0.8441064357757568,0.19129472970962524
YDR307W,YPL266W,0,2.6658819,0.3180515766143799,0.8441064357757568,0.19139525294303894
YPR075C,YOR100C,0,2.6656458,0.3179377019405365,0.8441064357757568,0.19149577617645264
YLR274W,YOR010C,0,2.6656444,0.3178239166736603,0.8441064357757568,0.19159629940986633
YDR348C,YEL004W,0,2.6655524,0.31771019101142883,0.8441064357757568,0.19169682264328003
YEL055C,YOR188W,0,2.6640465,0.31759655475616455,0.8441064357757568,0.19179734587669373
YPL016W,YKL137W,0,2.662958,0.31748300790786743,0.8441064357757568,0.19189786911010742
YML033W,YIL103W,0,2.6625178,0.3173695504665375,0.8441064357757568,0.19199839234352112
YOR094W,YDR020C,0,2.6624415,0.3172561526298523,0.8441064357757568,0.19209891557693481
YBL002W,YAL061W,0,2.6620116,0.3171428442001343,0.8441064357757568,0.1921994388103485
YDR261C-C,YNR069C,0,2.6617925,0.3170296251773834,0.8441064357757568,0.1922999620437622
YLL039C,YPL066W,0,2.6606736,0.31691649556159973,0.8441064357757568,0.1924004852771759
YGR125W,YMR060C,0,2.6601737,0.3168034255504608,0.8441064357757568,0.1925010085105896
YLR275W,YDR363W,0,2.6593823,0.31669044494628906,0.8441064357757568,0.1926015317440033
YHR191C,YBL046W,0,2.658674,0.3165775537490845,0.8441064357757568,0.192702054977417
YOR095C,YOR010C,0,2.6584926,0.31646472215652466,0.8441064357757568,0.1928025782108307
YBR258C,YPL162C,0,2.6575763,0.316351979970932,0.8441064357757568,0.19290310144424438
YIR034C,YBR008C,0,2.656627,0.3162393271923065,0.8441064357757568,0.19300362467765808
YDR155C,YGR128C,0,2.6562438,0.3161267340183258,0.8441064357757568,0.19310414791107178
YHL001W,YDR488C,0,2.656167,0.31601423025131226,0.8441064357757568,0.19320467114448547
YAL047C,YML026C,0,2.654209,0.31590181589126587,0.8441064357757568,0.19330519437789917
YOR371C,YBR161W,0,2.6539972,0.31578946113586426,0.8441064357757568,0.19340570271015167
YGR038C-A,YML118W,0,2.653991,0.3156772255897522,0.8441064357757568,0.19350622594356537
YML126C,YPL275W,0,2.6539059,0.3155650198459625,0.8441064357757568,0.19360674917697906
YLR342W,YDR194C,0,2.6538606,0.3154529333114624,0.8441064357757568,0.19370727241039276
YBR229C,YHR026W,0,2.650603,0.31534090638160706,0.8441064357757568,0.19380779564380646
YGL033W,YML001W,0,2.6500943,0.31522896885871887,0.8441064357757568,0.19390831887722015
YDR034C-D,YPR104C,0,2.6490595,0.31511709094047546,0.8441064357757568,0.19400884211063385
YNL106C,YBR244W,0,2.6489859,0.3150053322315216,0.8441064357757568,0.19410936534404755
YDR237W,YNL014W,1,2.6478393,0.3152482211589813,0.8450570106506348,0.19410936534404755
YBR228W,YOL077W-A,0,2.6476912,0.31513646245002747,0.8450570106506348,0.19420988857746124
YDR142C,YLR372W,0,2.647218,0.31502479314804077,0.8450570106506348,0.19431041181087494
YJL018W,YIR035C,0,2.646166,0.31491321325302124,0.8450570106506348,0.19441093504428864
YLR388W,YMR189W,0,2.6457374,0.3148016929626465,0.8450570106506348,0.19451145827770233
YMR323W,YDR210W-A,0,2.6455982,0.3146902620792389,0.8450570106506348,0.19461198151111603
YIL063C,YMR244C-A,0,2.6451852,0.31457892060279846,0.8450570106506348,0.19471250474452972
YBL099W,YGL150C,0,2.6450546,0.3144676387310028,0.8450570106506348,0.19481302797794342
YHR143W-A,YCR020W-B,0,2.6444452,0.3143564462661743,0.8450570106506348,0.19491355121135712
YHR216W,YMR162C,0,2.643771,0.3142453134059906,0.8450570106506348,0.1950140744447708
YLR226W,YER094C,0,2.6432698,0.31413426995277405,0.8450570106506348,0.1951145976781845
YJR159W,YKR024C,0,2.6428154,0.31402331590652466,0.8450570106506348,0.1952151209115982
YOR100C,YIL050W,0,2.642122,0.31391242146492004,0.8450570106506348,0.1953156441450119
YKL221W,YHL009W-A,0,2.6405776,0.3138016164302826,0.8450570106506348,0.1954161673784256
YBR234C,YOL097C,0,2.6396158,0.3136909008026123,0.8450570106506348,0.1955166906118393
YOR312C,YOR197W,0,2.639356,0.3135802447795868,0.8450570106506348,0.195617213845253
YGR161C-C,YML026C,0,2.6384835,0.31346967816352844,0.8450570106506348,0.1957177370786667
YPL217C,YGR038C-A,0,2.638427,0.31335917115211487,0.8450570106506348,0.19581826031208038
YHR115C,YCR028C-A,0,2.6373441,0.31324875354766846,0.8450570106506348,0.19591878354549408
YBL045C,YHL009W-A,0,2.6369886,0.3131384253501892,0.8450570106506348,0.19601930677890778
YIL063C,YBL105C,0,2.6355648,0.31302815675735474,0.8450570106506348,0.19611983001232147
YIL063C,YGR027W-A,0,2.634967,0.3129179775714874,0.8450570106506348,0.19622035324573517
YGR091W,YJL014W,0,2.6349027,0.3128078877925873,0.8450570106506348,0.19632086157798767
YGR027W-A,YML072C,0,2.634641,0.3126978576183319,0.8450570106506348,0.19642138481140137
YOR064C,YLR453C,0,2.6340635,0.3125879168510437,0.8450570106506348,0.19652190804481506
YCR028C-A,YBR199W,0,2.6338162,0.31247803568840027,0.8450570106506348,0.19662243127822876
YDR365W-B,YDR307W,0,2.6336424,0.312368243932724,0.8450570106506348,0.19672295451164246
YLR157C-A,YDR085C,0,2.6335256,0.3122585117816925,0.8450570106506348,0.19682347774505615
YKR010C,YOR088W,0,2.6332183,0.3121488690376282,0.8450570106506348,0.19692400097846985
YPR145W,YKL091C,0,2.6327965,0.312039315700531,0.8450570106506348,0.19702452421188354
YLR166C,YHL009W-A,0,2.6303842,0.3119298219680786,0.8450570106506348,0.19712504744529724
YGR209C,YGL029W,0,2.6297908,0.3118204176425934,0.8450570106506348,0.19722557067871094
YOR128C,YMR251W-A,0,2.6297605,0.31171107292175293,0.8450570106506348,0.19732609391212463
YDR155C,YJL050W,0,2.6296911,0.31160181760787964,0.8450570106506348,0.19742661714553833
YGR209C,YGR027W-A,0,2.6289465,0.3114926517009735,0.8450570106506348,0.19752714037895203
YOL146W,YER048C,0,2.628351,0.31138354539871216,0.8450570106506348,0.19762766361236572
YDR394W,YAL042W,0,2.628184,0.3112744987010956,0.8450570106506348,0.19772818684577942
YDR348C,YGR161C-C,0,2.6269932,0.31116557121276855,0.8450570106506348,0.19782871007919312
YDR283C,YGR054W,1,2.6256137,0.31140658259391785,0.8460075855255127,0.19782871007919312
YOL088C,YDR210W-A,0,2.6253345,0.3112976551055908,0.8460075855255127,0.1979292333126068
YNR036C,YPR056W,0,2.623196,0.31118881702423096,0.8460075855255127,0.1980297565460205
YHR098C,YML126C,0,2.6231391,0.31108003854751587,0.8460075855255127,0.1981302797794342
YOL060C,YOR122C,0,2.6223285,0.31097134947776794,0.8460075855255127,0.1982308030128479
YPR158W-A,YLR431C,0,2.6222093,0.3108627200126648,0.8460075855255127,0.1983313262462616
YKL101W,YOR375C,0,2.6202657,0.3107541799545288,0.8460075855255127,0.1984318494796753
YMR237W,YER036C,1,2.619491,0.3109947741031647,0.8469581604003906,0.1984318494796753
YHR143W-A,YCR097W,0,2.619118,0.3108862638473511,0.8469581604003906,0.198532372713089
YLR336C,YPL266W,0,2.6183524,0.31077781319618225,0.8469581604003906,0.19863289594650269
YHR183W,YNL329C,0,2.6179848,0.3106694519519806,0.8469581604003906,0.19873341917991638
YHR143W-A,YNL030W,0,2.6159086,0.3105611801147461,0.8469581604003906,0.19883394241333008
YPR158W-A,YPL081W,0,2.61546,0.31045296788215637,0.8469581604003906,0.19893446564674377
YLR431C,YGR038C-B,0,2.6150708,0.3103448152542114,0.8469581604003906,0.19903498888015747
YOR128C,YOR133W,0,2.6142714,0.31023678183555603,0.8469581604003906,0.19913549721240997
YPR104C,YGR038C-B,0,2.613126,0.310128778219223,0.8469581604003906,0.19923602044582367
YDR266C,YKL065C,1,2.6127977,0.3103688359260559,0.8479087352752686,0.19923602044582367
YMR280C,YKL220C,0,2.6119676,0.3102608621120453,0.8479087352752686,0.19933654367923737
YOR056C,YOR336W,0,2.6109078,0.31015297770500183,0.8479087352752686,0.19943706691265106
YGR275W,YLR144C,0,2.6098092,0.31004518270492554,0.8479087352752686,0.19953759014606476
YDR346C,YIL017C,0,2.6077182,0.309937447309494,0.8479087352752686,0.19963811337947845
YLR310C,YMR251W-A,0,2.6076968,0.30982980132102966,0.8479087352752686,0.19973863661289215
YKR080W,YNL197C,0,2.6071303,0.3097222149372101,0.8479087352752686,0.19983915984630585
YGR215W,YOR083W,0,2.6069582,0.30961471796035767,0.8479087352752686,0.19993968307971954
YDR194C,YER172C,0,2.6061108,0.30950728058815,0.8479087352752686,0.20004020631313324
YBR084C-A,YMR058W,0,2.6058455,0.30939993262290955,0.8479087352752686,0.20014072954654694
YGR161C-C,YGL181W,0,2.6057656,0.30929264426231384,0.8479087352752686,0.20024125277996063
YOR368W,YGL245W,0,2.605623,0.3091854453086853,0.8479087352752686,0.20034177601337433
YOR007C,YPL128C,0,2.605158,0.30907830595970154,0.8479087352752686,0.20044229924678802
YER026C,YCL026C-A,0,2.6047523,0.30897125601768494,0.8479087352752686,0.20054282248020172
YJL042W,YER074W-A,0,2.6046422,0.3088642656803131,0.8479087352752686,0.20064334571361542
YGL038C,YDR210W-A,0,2.6043847,0.30875736474990845,0.8479087352752686,0.2007438689470291
YKL092C,YGR027W-A,0,2.6039093,0.30865052342414856,0.8479087352752686,0.2008443921804428
YGL099W,YDL052C,0,2.6038928,0.30854374170303345,0.8479087352752686,0.2009449154138565
YCR024C-A,YOR088W,0,2.6028137,0.3084370791912079,0.8479087352752686,0.2010454386472702
YJL116C,YDR210W-A,0,2.6023908,0.3083304464817047,0.8479087352752686,0.2011459618806839
YGR092W,YDR037W,0,2.601127,0.3082239031791687,0.8479087352752686,0.2012464851140976
YKR001C,YOR205C,0,2.6002269,0.30811744928359985,0.8479087352752686,0.2013470083475113
YER003C,YGR038C-B,0,2.5994222,0.3080110549926758,0.8479087352752686,0.201447531580925
YNL152W,YDR267C,0,2.5986805,0.3079047203063965,0.8479087352752686,0.20154805481433868
YIL117C,YOL013C,0,2.598377,0.30779847502708435,0.8479087352752686,0.20164857804775238
YNL124W,YHR003C,0,2.5974066,0.3076923191547394,0.8479087352752686,0.20174910128116608
YBR088C,YJL100W,0,2.5969284,0.3075861930847168,0.8479087352752686,0.20184962451457977
YNL090W,YBR221C,0,2.596482,0.30748018622398376,0.8479087352752686,0.20195014774799347
YDL168W,YGR249W,0,2.5961134,0.3073742389678955,0.8479087352752686,0.20205065608024597
YKL188C,YLR362W,0,2.5949795,0.307268351316452,0.8479087352752686,0.20215117931365967
YLR242C,YOR141C,0,2.5932076,0.3071625232696533,0.8479087352752686,0.20225170254707336
YGR183C,YLR157C-B,0,2.5925407,0.3070567846298218,0.8479087352752686,0.20235222578048706
YNR054C,YGL023C,0,2.5910995,0.3069511353969574,0.8479087352752686,0.20245274901390076
YBL045C,YLR022C,0,2.590066,0.3068455457687378,0.8479087352752686,0.20255327224731445
YGL002W,YJR113C,0,2.5900369,0.30674001574516296,0.8479087352752686,0.20265379548072815
YJL028W,YJL159W,0,2.5900362,0.3066345751285553,0.8479087352752686,0.20275431871414185
YLR157C-B,YML024W,0,2.5852609,0.3065292239189148,0.8479087352752686,0.20285484194755554
YGL013C,YGR140W,0,2.585006,0.3064239025115967,0.8479087352752686,0.20295536518096924
YNR051C,YNL087W,0,2.5848472,0.3063186705112457,0.8479087352752686,0.20305588841438293
YLR376C,YHR072W-A,0,2.583218,0.30621352791786194,0.8479087352752686,0.20315641164779663
YGR271C-A,YIL131C,0,2.5818274,0.3061084449291229,0.8479087352752686,0.20325693488121033
YLR157C-A,YCR089W,0,2.580293,0.3060034215450287,0.8479087352752686,0.20335745811462402
YER039C,YER016W,0,2.5797713,0.3058984875679016,0.8479087352752686,0.20345798134803772
YHR079C-A,YOR095C,0,2.5795307,0.3057936131954193,0.8479087352752686,0.20355850458145142
YBL045C,YNR075W,0,2.57715,0.3056888282299042,0.8479087352752686,0.2036590278148651
YOR321W,YHR072W-A,0,2.5768092,0.3055841028690338,0.8479087352752686,0.2037595510482788
YOR321W,YJL113W,0,2.5765164,0.3054794669151306,0.8479087352752686,0.2038600742816925
YHL009W-A,YIL017C,0,2.5765004,0.3053748607635498,0.8479087352752686,0.2039605975151062
YPL012W,YGR118W,1,2.5755398,0.30561259388923645,0.8488593101501465,0.2039605975151062
YDR261C-C,YLR368W,0,2.5751803,0.3055080473423004,0.8488593101501465,0.2040611207485199
YDL193W,YBR084C-A,0,2.5751657,0.30540356040000916,0.8488593101501465,0.2041616439819336
YFR051C,YCR043C,0,2.574886,0.30529913306236267,0.8488593101501465,0.2042621672153473
YEL063C,YIL110W,0,2.574299,0.30519479513168335,0.8488593101501465,0.204362690448761
YML078W,YLR275W,0,2.5740278,0.3050905466079712,0.8488593101501465,0.20446321368217468
YER094C,YMR083W,0,2.573137,0.3049863278865814,0.8488593101501465,0.20456373691558838
YJL028W,YDR034C-D,0,2.571748,0.3048821985721588,0.8488593101501465,0.20466426014900208
YLR157C-A,YDR216W,0,2.5701914,0.30477815866470337,0.8488593101501465,0.20476478338241577
YGL121C,YPL181W,0,2.5701735,0.3046741783618927,0.8488593101501465,0.20486530661582947
YJL207C,YOL049W,0,2.569,0.3045702576637268,0.8488593101501465,0.20496581494808197
YBR132C,YNL225C,0,2.568994,0.3044664263725281,0.8488593101501465,0.20506633818149567
YBL046W,YLL039C,0,2.5688646,0.3043626546859741,0.8488593101501465,0.20516686141490936
YCR069W,YLL052C,0,2.56884,0.30425894260406494,0.8488593101501465,0.20526738464832306
YCL040W,YFR044C,0,2.5674117,0.3041553199291229,0.8488593101501465,0.20536790788173676
YOR361C,YMR251W-A,0,2.566685,0.3040517568588257,0.8488593101501465,0.20546843111515045
YJR044C,YDR198C,0,2.566682,0.3039482533931732,0.8488593101501465,0.20556895434856415
YNR046W,YKR046C,0,2.566399,0.3038448393344879,0.8488593101501465,0.20566947758197784
YOL097C,YER016W,0,2.5657942,0.3037414848804474,0.8488593101501465,0.20577000081539154
YGR161C-C,YBR227C,0,2.5646746,0.303638219833374,0.8488593101501465,0.20587052404880524
YGL029W,YNR075W,0,2.5641599,0.30353501439094543,0.8488593101501465,0.20597104728221893
YML019W,YGR240C,0,2.5638494,0.3034318685531616,0.8488593101501465,0.20607157051563263
YML130C,YLR424W,0,2.562157,0.30332881212234497,0.8488593101501465,0.20617209374904633
YOR173W,YOL021C,0,2.562123,0.3032258152961731,0.8488593101501465,0.20627261698246002
YOR198C,YBR110W,0,2.560468,0.303122878074646,0.8488593101501465,0.20637314021587372
YML066C,YLL052C,0,2.5601988,0.30302003026008606,0.8488593101501465,0.20647366344928741
YDR119W,YCR024C-A,0,2.5596645,0.3029172420501709,0.8488593101501465,0.2065741866827011
YNL186W,YBR008C,0,2.5590003,0.3028145134449005,0.8488593101501465,0.2066747099161148
YMR135C,YDL014W,0,2.558666,0.3027118742465973,0.8488593101501465,0.2067752331495285
YLR406C,YDL014W,1,2.5581367,0.30294814705848694,0.8498098850250244,0.2067752331495285
YGL156W,YNL241C,0,2.5567887,0.3028455376625061,0.8498098850250244,0.2068757563829422
YKR060W,YBR288C,0,2.5561018,0.30274298787117004,0.8498098850250244,0.2069762796163559
YJR043C,YBR044C,0,2.5550754,0.30264049768447876,0.8498098850250244,0.2070768028497696
YGR090W,YOL013C,0,2.5546472,0.30253806710243225,0.8498098850250244,0.2071773260831833
YLR405W,YDL236W,0,2.552941,0.3024357259273529,0.8498098850250244,0.20727784931659698
YPR107C,YEL047C,0,2.5528252,0.30233344435691833,0.8498098850250244,0.20737837255001068
YML033W,YJR067C,0,2.5523622,0.3022312521934509,0.8498098850250244,0.20747889578342438
YDR171W,YEL077C,0,2.551874,0.3021290898323059,0.8498098850250244,0.20757941901683807
YGR161C-C,YOR140W,0,2.5506947,0.30202701687812805,0.8498098850250244,0.20767994225025177
YJL210W,YOL034W,0,2.550566,0.30192503333091736,0.8498098850250244,0.20778046548366547
YBR021W,YDR409W,0,2.5490625,0.30182307958602905,0.8498098850250244,0.20788097381591797
YDL232W,YOR307C,0,2.5473692,0.3017212152481079,0.8498098850250244,0.20798149704933167
YGL001C,YGR231C,0,2.5471735,0.30161944031715393,0.8498098850250244,0.20808202028274536
YHR072W,YOR284W,0,2.5467024,0.30151769518852234,0.8498098850250244,0.20818254351615906
YLR157C-A,YHR128W,0,2.5463135,0.3014160394668579,0.8498098850250244,0.20828306674957275
YGR277C,YKL193C,0,2.5460262,0.30131447315216064,0.8498098850250244,0.20838358998298645
YLR157C-A,YPR065W,0,2.5455906,0.30121293663978577,0.8498098850250244,0.20848411321640015
YPL045W,YPR004C,0,2.5446365,0.30111148953437805,0.8498098850250244,0.20858463644981384
YDR538W,YOL137W,0,2.543921,0.3010101020336151,0.8498098850250244,0.20868515968322754
YFL018C,YLR449W,0,2.5428064,0.30090877413749695,0.8498098850250244,0.20878568291664124
YPR158W-A,YGL047W,0,2.5424502,0.30080753564834595,0.8498098850250244,0.20888620615005493
YDL002C,YPL118W,0,2.540483,0.3007063567638397,0.8498098850250244,0.20898672938346863
YNL083W,YBR135W,0,2.5386674,0.30060523748397827,0.8498098850250244,0.20908725261688232
YIL085C,YNL323W,0,2.5364444,0.300504207611084,0.8498098850250244,0.20918777585029602
YCL011C,YHL009W-A,0,2.5347984,0.3004032373428345,0.8498098850250244,0.20928829908370972
YJR090C,YPL081W,0,2.5324671,0.30030232667922974,0.8498098850250244,0.2093888223171234
YBR239C,YHL020C,0,2.5322583,0.3002014756202698,0.8498098850250244,0.2094893455505371
YHR098C,YKL008C,0,2.5321743,0.300100713968277,0.8498098850250244,0.2095898687839508
YBL046W,YEL026W,0,2.531993,0.30000001192092896,0.8498098850250244,0.2096903920173645
YER073W,YER074W-A,0,2.5316703,0.2998993694782257,0.8498098850250244,0.2097909152507782
YPR158W-A,YDL214C,0,2.5301871,0.29979878664016724,0.8498098850250244,0.2098914384841919
YDR365W-B,YKL208W,0,2.5291386,0.2996982932090759,0.8498098850250244,0.2099919617176056
YPR094W,YPL181W,0,2.5287447,0.2995978593826294,0.8498098850250244,0.2100924849510193
YCR020W-B,YDL147W,0,2.527284,0.29949748516082764,0.8498098850250244,0.21019300818443298
YNL072W,YMR116C,0,2.5265582,0.29939720034599304,0.8498098850250244,0.21029353141784668
YIL093C,YPL225W,1,2.5258868,0.2996317446231842,0.8507604598999023,0.21029353141784668
YML130C,YML111W,0,2.5250313,0.2995314598083496,0.8507604598999023,0.21039405465126038
YLR398C,YOR141C,0,2.5249956,0.2994312345981598,0.8507604598999023,0.21049457788467407
YOR371C,YBR088C,0,2.523167,0.29933109879493713,0.8507604598999023,0.21059510111808777
YER006W,YCR083W,0,2.523039,0.29923102259635925,0.8507604598999023,0.21069562435150146
YDR034C-D,YFR051C,0,2.5230052,0.29913100600242615,0.8507604598999023,0.21079613268375397
YDR346C,YMR154C,0,2.5229075,0.2990310788154602,0.8507604598999023,0.21089665591716766
YOR175C,YLR312W-A,1,2.5229037,0.29926520586013794,0.8517110347747803,0.21089665591716766
YDR182W,YCR083W,0,2.5219996,0.299165278673172,0.8517110347747803,0.21099717915058136
YPR158W-A,YPL079W,0,2.521975,0.29906541109085083,0.8517110347747803,0.21109770238399506
YBR298C,YIL110W,0,2.521136,0.2989656329154968,0.8517110347747803,0.21119822561740875
YBL099W,YMR197C,0,2.5205364,0.2988659143447876,0.8517110347747803,0.21129874885082245
YLR157C-A,YNL148C,0,2.5203772,0.29876625537872314,0.8517110347747803,0.21139927208423615
YGR059W,YHL020C,0,2.520324,0.29866665601730347,0.8517110347747803,0.21149979531764984
YJR043C,YOR202W,0,2.5194151,0.29856714606285095,0.8517110347747803,0.21160031855106354
YGL201C,YJR007W,0,2.5166824,0.2984676957130432,0.8517110347747803,0.21170084178447723
YMR214W,YNL037C,0,2.5160172,0.29836830496788025,0.8517110347747803,0.21180136501789093
YKL008C,YGR203W,0,2.5156386,0.29826897382736206,0.8517110347747803,0.21190188825130463
YFR051C,YPL079W,0,2.5152767,0.29816970229148865,0.8517110347747803,0.21200241148471832
YIL040W,YML010W,0,2.5150654,0.2980705201625824,0.8517110347747803,0.21210293471813202
YLR340W,YGR261C,0,2.5147345,0.2979713976383209,0.8517110347747803,0.21220345795154572
YDR365W-B,YDL025C,0,2.5147233,0.2978723347187042,0.8517110347747803,0.2123039811849594
YJL177W,YER166W,0,2.5140042,0.2977733612060547,0.8517110347747803,0.2124045044183731
YPL152W,YHR072W-A,0,2.5130064,0.29767441749572754,0.8517110347747803,0.2125050276517868
YDR034C-D,YBL100W-A,0,2.5127988,0.29757556319236755,0.8517110347747803,0.2126055508852005
YCR069W,YGR280C,0,2.5127118,0.29747676849365234,0.8517110347747803,0.2127060741186142
YJL018W,YDL155W,0,2.5106113,0.2973780333995819,0.8517110347747803,0.2128065973520279
YDR034C-D,YNL326C,0,2.5100632,0.29727935791015625,0.8517110347747803,0.2129071205854416
YIR033W,YHL001W,0,2.5091474,0.29718077182769775,0.8517110347747803,0.21300764381885529
YPL211W,YGR206W,0,2.5085633,0.29708221554756165,0.8517110347747803,0.21310816705226898
YGL224C,YGL207W,0,2.5084665,0.2969837486743927,0.8517110347747803,0.21320869028568268
YKL096W,YOR028C,0,2.5070713,0.29688534140586853,0.8517110347747803,0.21330921351909637
YCR068W,YLR216C,0,2.506859,0.2967870235443115,0.8517110347747803,0.21340973675251007
YER183C,YPL270W,0,2.5060718,0.2966887354850769,0.8517110347747803,0.21351025998592377
YDL014W,YDR141C,0,2.505997,0.29659053683280945,0.8517110347747803,0.21361078321933746
YLR157C-A,YPR121W,0,2.505767,0.29649239778518677,0.8517110347747803,0.21371129155158997
YGR247W,YOR202W,0,2.505346,0.29639431834220886,0.8517110347747803,0.21381181478500366
YLR084C,YPR158W-A,0,2.5047147,0.29629629850387573,0.8517110347747803,0.21391233801841736
YGR240C,YHR083W,0,2.5039284,0.2961983382701874,0.8517110347747803,0.21401286125183105
YHR091C,YBR227C,0,2.5014143,0.2961004674434662,0.8517110347747803,0.21411338448524475
YJR161C,YOR133W,0,2.5005486,0.29600265622138977,0.8517110347747803,0.21421390771865845
YDL194W,YML075C,0,2.4996397,0.29590487480163574,0.8517110347747803,0.21431443095207214
YAL005C,YPR158W-A,0,2.4989436,0.2958071827888489,0.8517110347747803,0.21441495418548584
YLR157C-A,YDR394W,0,2.4985182,0.2957095801830292,0.8517110347747803,0.21451547741889954
YEL009C,YLR119W,0,2.4961956,0.29561200737953186,0.8517110347747803,0.21461600065231323
YLL039C,YOR188W,0,2.4951236,0.2955145239830017,0.8517110347747803,0.21471652388572693
YDL178W,YKL012W,0,2.4906833,0.29541707038879395,0.8517110347747803,0.21481704711914062
YLR157C-B,YMR190C,0,2.489176,0.29531970620155334,0.8517110347747803,0.21491757035255432
YDR322C-A,YGR027W-A,0,2.4890234,0.2952224016189575,0.8517110347747803,0.21501809358596802
YIL099W,YMR029C,0,2.4889603,0.29512515664100647,0.8517110347747803,0.2151186168193817
YHR018C,YNL093W,0,2.4876764,0.2950280010700226,0.8517110347747803,0.2152191400527954
YDR385W,YOR141C,0,2.4876187,0.2949308753013611,0.8517110347747803,0.2153196632862091
YPL237W,YLR421C,0,2.4864743,0.29483383893966675,0.8517110347747803,0.2154201865196228
YML062C,YJL203W,0,2.4863033,0.2947368323802948,0.8517110347747803,0.2155207097530365
YLR240W,YDL014W,0,2.4862933,0.29463991522789,0.8517110347747803,0.2156212329864502
YEL077C,YKL137W,0,2.486139,0.29454305768013,0.8517110347747803,0.2157217562198639
YGR287C,YIL091C,0,2.4832282,0.29444625973701477,0.8517110347747803,0.2158222794532776
YHR112C,YPL003W,0,2.4827507,0.2943495512008667,0.8517110347747803,0.21592280268669128
YNL037C,YLR216C,0,2.4804013,0.294252872467041,0.8517110347747803,0.21602332592010498
YBR132C,YHL009W-A,0,2.478026,0.2941562831401825,0.8517110347747803,0.21612384915351868
YKR060W,YMR293C,0,2.4764316,0.29405972361564636,0.8517110347747803,0.21622437238693237
YCR066W,YOR005C,0,2.47632,0.2939632534980774,0.8517110347747803,0.21632489562034607
YDL002C,YER118C,0,2.4762793,0.2938668429851532,0.8517110347747803,0.21642541885375977
YMR237W,YDL069C,1,2.4758027,0.2940983474254608,0.8526616096496582,0.21642541885375977
YJL213W,YPL013C,1,2.4752429,0.2943297326564789,0.8536121845245361,0.21642541885375977
YML033W,YKL127W,0,2.4732926,0.2942332923412323,0.8536121845245361,0.21652594208717346
YML038C,YPR185W,0,2.4694107,0.2941369116306305,0.8536121845245361,0.21662645041942596
YER157W,YHL009W-A,0,2.4688647,0.29404059052467346,0.8536121845245361,0.21672697365283966
YCR102C,YJL093C,0,2.4682038,0.2939443588256836,0.8536121845245361,0.21682749688625336
YGR152C,YGL047W,0,2.4676852,0.2938481569290161,0.8536121845245361,0.21692802011966705
YBR088C,YDR264C,0,2.4650862,0.2937520444393158,0.8536121845245361,0.21702854335308075
YJL042W,YOL016C,0,2.4643939,0.29365599155426025,0.8536121845245361,0.21712906658649445
YER006W,YML019W,0,2.462959,0.2935599982738495,0.8536121845245361,0.21722958981990814
YIL041W,YMR260C,0,2.4627495,0.2934640645980835,0.8536121845245361,0.21733011305332184
YBR021W,YHL020C,0,2.4624774,0.2933681905269623,0.8536121845245361,0.21743063628673553
YER019W,YOR344C,0,2.4616206,0.29327237606048584,0.8536121845245361,0.21753115952014923
YPL228W,YMR083W,0,2.459946,0.2931766211986542,0.8536121845245361,0.21763168275356293
YDR182W,YBR280C,0,2.4598868,0.2930809259414673,0.8536121845245361,0.21773220598697662
YBL101C,YER074W-A,0,2.4598186,0.29298532009124756,0.8536121845245361,0.21783272922039032
YOL111C,YLR183C,1,2.459045,0.29321593046188354,0.8545627593994141,0.21783272922039032
YDL168W,YBR018C,0,2.4588323,0.2931203246116638,0.8545627593994141,0.21793325245380402
YAL032C,YDR255C,0,2.4584663,0.29302477836608887,0.8545627593994141,0.2180337756872177
YPL060C-A,YNR049C,0,2.4583757,0.2929292917251587,0.8545627593994141,0.2181342989206314
YDR408C,YPR061C,0,2.4583602,0.2928338646888733,0.8545627593994141,0.2182348221540451
YKL152C,YML001W,0,2.4578502,0.29273852705955505,0.8545627593994141,0.2183353453874588
YGR157W,YDR198C,0,2.4558995,0.2926432192325592,0.8545627593994141,0.2184358686208725
YPL060C-A,YHR083W,0,2.45554,0.2925480008125305,0.8545627593994141,0.2185363918542862
YMR278W,YPL283C,0,2.4540029,0.2924528419971466,0.8545627593994141,0.2186369150876999
YDR261C-C,YEL077C,0,2.4527934,0.2923577129840851,0.8545627593994141,0.2187374383211136
YBR084C-A,YDR180W,0,2.4519486,0.2922626733779907,0.8545627593994141,0.21883796155452728
YML093W,YBR201W,0,2.451827,0.29216769337654114,0.8545627593994141,0.21893848478794098
YLR157C-B,YOL001W,0,2.4484854,0.29207277297973633,0.8545627593994141,0.21903900802135468
YOL110W,YIL103W,0,2.447686,0.2919779121875763,0.8545627593994141,0.21913953125476837
YNL300W,YLR242C,0,2.447461,0.29188311100006104,0.8545627593994141,0.21924005448818207
YGR109C,YDR099W,0,2.4473414,0.29178836941719055,0.8545627593994141,0.21934057772159576
YOR095C,YNL113W,0,2.4449694,0.29169371724128723,0.8545627593994141,0.21944110095500946
YDR432W,YJL050W,0,2.4442136,0.2915990948677063,0.8545627593994141,0.21954160928726196
YDR194C,YMR134W,0,2.443237,0.29150453209877014,0.8545627593994141,0.21964213252067566
YDR073W,YPR061C,0,2.441568,0.29141005873680115,0.8545627593994141,0.21974265575408936
YDR409W,YBR014C,0,2.441294,0.29131561517715454,0.8545627593994141,0.21984317898750305
YOR007C,YDR266C,0,2.439575,0.2912212610244751,0.8545627593994141,0.21994370222091675
YPR183W,YBR110W,0,2.4388402,0.29112693667411804,0.8545627593994141,0.22004422545433044
YNL002C,YBR288C,0,2.438662,0.29103270173072815,0.8545627593994141,0.22014474868774414
YGR198W,YJR145C,1,2.4379094,0.291262149810791,0.855513334274292,0.22014474868774414
YCR048W,YML065W,0,2.4378731,0.2911679148674011,0.855513334274292,0.22024527192115784
YOR017W,YOR153W,0,2.4376724,0.291073739528656,0.855513334274292,0.22034579515457153
YDR113C,YKR001C,0,2.4356265,0.29097962379455566,0.855513334274292,0.22044631838798523
YDL079C,YBL003C,0,2.4341972,0.2908855974674225,0.855513334274292,0.22054684162139893
YGR161C-C,YKL208W,0,2.433597,0.2907916009426117,0.855513334274292,0.22064736485481262
YGR278W,YLR449W,0,2.4331472,0.2906976640224457,0.855513334274292,0.22074788808822632
YBR179C,YOL041C,0,2.4331372,0.2906038165092468,0.855513334274292,0.22084841132164001
YJR067C,YJL104W,0,2.43249,0.29050999879837036,0.855513334274292,0.2209489345550537
YGR038C-A,YIR035C,0,2.4322503,0.29041627049446106,0.855513334274292,0.2210494577884674
YGR227W,YMR134W,0,2.4320042,0.29032257199287415,0.855513334274292,0.2211499810218811
YJR099W,YOR360C,0,2.431805,0.2902289628982544,0.855513334274292,0.2212505042552948
YGR085C,YIR003W,1,2.4298153,0.29045775532722473,0.8564638495445251,0.2212505042552948
YDR385W,YMR119W,0,2.4284842,0.29036417603492737,0.8564638495445251,0.2213510274887085
YNR036C,YKL211C,0,2.4284725,0.2902706265449524,0.8564638495445251,0.2214515507221222
YKR067W,YJL010C,0,2.4275465,0.2901771366596222,0.8564638495445251,0.2215520739555359
YPL060C-A,YKL208W,0,2.4267812,0.29008370637893677,0.8564638495445251,0.22165259718894958
YER183C,YNR032W,0,2.4264867,0.2899903357028961,0.8564638495445251,0.22175312042236328
YIL085C,YER026C,0,2.4233477,0.28989705443382263,0.8564638495445251,0.22185364365577698
YNR073C,YLR388W,0,2.422983,0.28980380296707153,0.8564638495445251,0.22195416688919067
YLR157C-A,YDL201W,0,2.4216368,0.2897106111049652,0.8564638495445251,0.22205469012260437
YCL045C,YJL050W,0,2.421003,0.28961747884750366,0.8564638495445251,0.22215521335601807
YKL188C,YKL208W,0,2.4199088,0.2895244359970093,0.8564638495445251,0.22225573658943176
YAR008W,YPL086C,0,2.4195354,0.2894314229488373,0.8564638495445251,0.22235625982284546
YLR157C-A,YJL100W,0,2.4193792,0.28933846950531006,0.8564638495445251,0.22245676815509796
YPR100W,YCR077C,1,2.418918,0.28956660628318787,0.8574144244194031,0.22245676815509796
YDR385W,YER073W,0,2.4169126,0.28947368264198303,0.8574144244194031,0.22255729138851166
YOR229W,YPL072W,0,2.4151394,0.289380818605423,0.8574144244194031,0.22265781462192535
YHL018W,YGR038C-B,0,2.4129057,0.2892880141735077,0.8574144244194031,0.22275833785533905
YOL006C,YLR222C,0,2.4122708,0.2891952693462372,0.8574144244194031,0.22285886108875275
YOR056C,YCR079W,0,2.4119155,0.28910255432128906,0.8574144244194031,0.22295938432216644
YMR170C,YPL086C,0,2.4108813,0.2890099287033081,0.8574144244194031,0.22305990755558014
YNL315C,YBR004C,0,2.4108078,0.2889173626899719,0.8574144244194031,0.22316043078899384
YHR200W,YKL012W,0,2.40942,0.2888248562812805,0.8574144244194031,0.22326095402240753
YOL017W,YKL137W,0,2.4088852,0.2887323796749115,0.8574144244194031,0.22336147725582123
YML130C,YFL008W,0,2.4066193,0.28863999247550964,0.8574144244194031,0.22346200048923492
YJR093C,YLR066W,0,2.4064791,0.28854766488075256,0.8574144244194031,0.22356252372264862
YDR261C-C,YJR044C,0,2.4062853,0.28845539689064026,0.8574144244194031,0.22366304695606232
YDR522C,YDL191W,0,2.405844,0.28836315870285034,0.8574144244194031,0.223763570189476
YLR262C,YER183C,0,2.4054687,0.2882710099220276,0.8574144244194031,0.2238640934228897
YHR091C,YML111W,0,2.4051826,0.2881789207458496,0.8574144244194031,0.2239646166563034
YPR101W,YMR083W,0,2.404947,0.288086861371994,0.8574144244194031,0.2240651398897171
YBR136W,YER172C,0,2.4029818,0.2879948914051056,0.8574144244194031,0.2241656631231308
YKR086W,YCR070W,0,2.4023557,0.28790298104286194,0.8574144244194031,0.2242661863565445
YIR034C,YDR001C,0,2.400574,0.2878111004829407,0.8574144244194031,0.2243667095899582
YBR234C,YDR184C,0,2.3999352,0.2877193093299866,0.8574144244194031,0.2244672328233719
YOR188W,YLR022C,0,2.3999276,0.28762754797935486,0.8574144244194031,0.22456775605678558
YGR161C-C,YOR197W,0,2.3993957,0.2875358760356903,0.8574144244194031,0.22466827929019928
YDL212W,YML062C,0,2.3968284,0.28744423389434814,0.8574144244194031,0.22476880252361298
YER118C,YNR049C,0,2.3958752,0.28735265135765076,0.8574144244194031,0.22486932575702667
YNL275W,YJR161C,0,2.395416,0.28726115822792053,0.8574144244194031,0.22496984899044037
YDR349C,YOL013C,0,2.3951757,0.2871696949005127,0.8574144244194031,0.22507037222385406
YNL264C,YBL003C,0,2.3941662,0.28707829117774963,0.8574144244194031,0.22517089545726776
YPL255W,YDR293C,0,2.3935113,0.28698694705963135,0.8574144244194031,0.22527141869068146
YDR034C-D,YJR137C,0,2.3932555,0.28689566254615784,0.8574144244194031,0.22537192702293396
YKR060W,YKL222C,1,2.3926733,0.2871224284172058,0.858364999294281,0.22537192702293396
YDR104C,YGL029W,0,2.391143,0.2870311439037323,0.858364999294281,0.22547245025634766
YOR115C,YOR198C,0,2.3904302,0.28693994879722595,0.858364999294281,0.22557297348976135
YGR203W,YDR382W,0,2.3897195,0.286848783493042,0.858364999294281,0.22567349672317505
YML022W,YGL077C,0,2.3896918,0.2867577075958252,0.858364999294281,0.22577401995658875
YDR311W,YPR181C,0,2.3892286,0.2866666615009308,0.858364999294281,0.22587454319000244
YHR183W,YGR038C-B,0,2.3888621,0.28657570481300354,0.858364999294281,0.22597506642341614
YKR080W,YML065W,0,2.3884985,0.2864847779273987,0.858364999294281,0.22607558965682983
YJR091C,YOR133W,0,2.3880785,0.2863939106464386,0.858364999294281,0.22617611289024353
YCR066W,YNL327W,0,2.3875968,0.2863031029701233,0.858364999294281,0.22627663612365723
YLR128W,YLR081W,0,2.3871148,0.28621235489845276,0.858364999294281,0.22637715935707092
YOL094C,YOR125C,0,2.3868852,0.286121666431427,0.858364999294281,0.22647768259048462
YCL033C,YJR105W,0,2.3865619,0.286031037569046,0.858364999294281,0.22657820582389832
YLR320W,YOR122C,0,2.3849719,0.2859404683113098,0.858364999294281,0.226678729057312
YLR027C,YBL027W,0,2.384717,0.2858499586582184,0.858364999294281,0.2267792522907257
YBR133C,YLR405W,0,2.3841014,0.28575947880744934,0.858364999294281,0.2268797755241394
YIL040W,YDR119W,0,2.3839023,0.28566908836364746,0.858364999294281,0.2269802987575531
YKL152C,YOR022C,0,2.383705,0.28557875752449036,0.858364999294281,0.2270808219909668
YPR079W,YIL065C,0,2.3826568,0.28548845648765564,0.858364999294281,0.2271813452243805
YOR095C,YKL084W,0,2.3823922,0.2853982448577881,0.858364999294281,0.2272818684577942
YPR201W,YOR003W,0,2.3822517,0.2853080630302429,0.858364999294281,0.22738239169120789
YDL005C,YOR088W,0,2.3814385,0.28521794080734253,0.858364999294281,0.22748291492462158
YPR096C,YDR041W,1,2.380944,0.28544363379478455,0.8593155741691589,0.22748291492462158
YNL321W,YDR394W,0,2.379999,0.28535354137420654,0.8593155741691589,0.22758343815803528
YBR171W,YBL009W,0,2.3779938,0.2852634787559509,0.8593155741691589,0.22768396139144897
YLR157C-A,YLR242C,0,2.3775156,0.2851735055446625,0.8593155741691589,0.22778448462486267
YDL025C,YCR020W-B,0,2.3774278,0.2850835621356964,0.8593155741691589,0.22788500785827637
YDR117C,YCR046C,1,2.377343,0.28530895709991455,0.8602661490440369,0.22788500785827637
YNL088W,YCR020W-B,0,2.3765557,0.2852190434932709,0.8602661490440369,0.22798553109169006
YGL048C,YBR110W,0,2.3763723,0.2851291596889496,0.8602661490440369,0.22808605432510376
YBL099W,YGL254W,0,2.376313,0.28503936529159546,0.8602661490440369,0.22818657755851746
YBR098W,YNL241C,0,2.3759384,0.2849496304988861,0.8602661490440369,0.22828708589076996
YJL050W,YPL128C,0,2.3732617,0.28485992550849915,0.8602661490440369,0.22838760912418365
YPR082C,YJL100W,0,2.3728623,0.28477030992507935,0.8602661490440369,0.22848813235759735
YKL211C,YLR399C,0,2.3728256,0.28468072414398193,0.8602661490440369,0.22858865559101105
YGR275W,YPR181C,0,2.3720362,0.2845911979675293,0.8602661490440369,0.22868917882442474
YLR408C,YGR065C,0,2.3719304,0.28450173139572144,0.8602661490440369,0.22878970205783844
YNL315C,YPR025C,0,2.370518,0.28441232442855835,0.8602661490440369,0.22889022529125214
YGL133W,YMR060C,0,2.3702052,0.28432297706604004,0.8602661490440369,0.22899074852466583
YER048C,YBR239C,0,2.3698485,0.2842336595058441,0.8602661490440369,0.22909127175807953
YGR038C-B,YNL148C,0,2.368346,0.28414443135261536,0.8602661490440369,0.22919179499149323
YGL255W,YLR410W,0,2.366987,0.284055233001709,0.8602661490440369,0.22929231822490692
YPR181C,YKL120W,0,2.3663104,0.2839661240577698,0.8602661490440369,0.22939284145832062
YGL121C,YER094C,0,2.3654513,0.28387704491615295,0.8602661490440369,0.22949336469173431
YGR161C-C,YPL066W,0,2.365392,0.2837880253791809,0.8602661490440369,0.229593887925148
YCL010C,YDR210W-A,0,2.365185,0.28369906544685364,0.8602661490440369,0.2296944111585617
YLR423C,YDL126C,0,2.3651059,0.28361016511917114,0.8602661490440369,0.2297949343919754
YNL037C,YDL150W,0,2.3642778,0.28352129459381104,0.8602661490440369,0.2298954576253891
YDL052C,YPL249C,0,2.3641942,0.2834325134754181,0.8602661490440369,0.2299959808588028
YPR145W,YDL236W,0,2.3636248,0.28334376215934753,0.8602661490440369,0.2300965040922165
YHL035C,YJL028W,1,2.3635964,0.2835680842399597,0.8612167239189148,0.2300965040922165
YCR008W,YAL055W,0,2.3630314,0.28347936272621155,0.8612167239189148,0.2301970273256302
YMR202W,YLR256W,0,2.3626678,0.28339067101478577,0.8612167239189148,0.23029755055904388
YBR235W,YAR071W,0,2.3620653,0.28330206871032715,0.8612167239189148,0.23039807379245758
YOR115C,YGR186W,0,2.361886,0.2832134962081909,0.8612167239189148,0.23049859702587128
YOR173W,YGR277C,0,2.3615189,0.28312501311302185,0.8612167239189148,0.23059912025928497
YDR034C-D,YKR018C,0,2.359835,0.28303655982017517,0.8612167239189148,0.23069964349269867
YOL146W,YJR137C,0,2.3580997,0.28294816613197327,0.8612167239189148,0.23080016672611237
YLR157C-A,YLR155C,0,2.3575907,0.28285983204841614,0.8612167239189148,0.23090068995952606
YCR028C-A,YLR393W,0,2.3574803,0.2827715277671814,0.8612167239189148,0.23100121319293976
YGL048C,YAL055W,0,2.3573666,0.2826833128929138,0.8612167239189148,0.23110173642635345
YBR204C,YER094C,0,2.356513,0.28259512782096863,0.8612167239189148,0.23120224475860596
YPR052C,YPL057C,0,2.356474,0.2825070023536682,0.8612167239189148,0.23130276799201965
YGR038C-B,YDR363W,0,2.3563,0.28241896629333496,0.8612167239189148,0.23140329122543335
YNL058C,YNL279W,0,2.3561878,0.2823309302330017,0.8612167239189148,0.23150381445884705
YJL209W,YOR298C-A,0,2.3525412,0.2822429835796356,0.8612167239189148,0.23160433769226074
YNL327W,YGR065C,0,2.3519409,0.2821550965309143,0.8612167239189148,0.23170486092567444
YOR005C,YDR409W,0,2.3513658,0.2820672392845154,0.8612167239189148,0.23180538415908813
YDR147W,YOL077W-A,0,2.3482592,0.2819794714450836,0.8612167239189148,0.23190590739250183
YPR104C,YBL027W,0,2.3473575,0.28189173340797424,0.8612167239189148,0.23200643062591553
YOR354C,YGL121C,0,2.3467088,0.28180405497550964,0.8612167239189148,0.23210695385932922
YJL145W,YEL009C,0,2.3455596,0.28171640634536743,0.8612167239189148,0.23220747709274292
YLR144C,YDR314C,0,2.3445837,0.2816288471221924,0.8612167239189148,0.23230800032615662
YER065C,YNL125C,0,2.3431294,0.2815413177013397,0.8612167239189148,0.2324085235595703
YLL028W,YLR022C,0,2.3425708,0.2814538776874542,0.8612167239189148,0.232509046792984
YBR253W,YKL112W,0,2.341259,0.2813664674758911,0.8612167239189148,0.2326095700263977
YHL009W-A,YDR331W,0,2.3411765,0.2812791168689728,0.8612167239189148,0.2327100932598114
YLR071C,YHL009W-A,0,2.3404,0.28119179606437683,0.8612167239189148,0.2328106164932251
YJL122W,YIL114C,0,2.338911,0.28110456466674805,0.8612167239189148,0.2329111397266388
YMR291W,YOR073W,0,2.3376446,0.28101736307144165,0.8612167239189148,0.2330116629600525
YKL120W,YMR309C,0,2.3369756,0.28093022108078003,0.8612167239189148,0.2331121861934662
YDR322C-A,YDL052C,0,2.3366275,0.2808431386947632,0.8612167239189148,0.23321270942687988
YDR283C,YNL137C,1,2.3363628,0.28106600046157837,0.8621672987937927,0.23321270942687988
YNL229C,YKL012W,0,2.3356757,0.2809789478778839,0.8621672987937927,0.23331323266029358
YBR088C,YGR038C-B,0,2.335585,0.28089192509651184,0.8621672987937927,0.23341375589370728
YGL086W,YOR210W,0,2.3345919,0.28080496191978455,0.8621672987937927,0.23351427912712097
YBR229C,YOR122C,0,2.3345423,0.280718058347702,0.8621672987937927,0.23361480236053467
YKL213C,YLR117C,0,2.3343024,0.2806311845779419,0.8621672987937927,0.23371532559394836
YHL009W-A,YBR135W,0,2.3324172,0.2805444002151489,0.8621672987937927,0.23381584882736206
YCR017C,YLR405W,0,2.332333,0.28045764565467834,0.8621672987937927,0.23391637206077576
YJL209W,YML069W,0,2.33179,0.28037095069885254,0.8621672987937927,0.23401688039302826
YDR506C,YBR227C,0,2.3297806,0.2802843153476715,0.8621672987937927,0.23411740362644196
YCR020W-B,YJR144W,0,2.329002,0.28019770979881287,0.8621672987937927,0.23421792685985565
YBL002W,YER073W,0,2.328569,0.2801111936569214,0.8621672987937927,0.23431845009326935
YLR262C,YJL204C,0,2.328548,0.2800247073173523,0.8621672987937927,0.23441897332668304
YPL132W,YMR011W,0,2.3280737,0.279938280582428,0.8621672987937927,0.23451949656009674
YOR144C,YPL029W,0,2.3273134,0.27985188364982605,0.8621672987937927,0.23462001979351044
YAR008W,YER054C,0,2.3268714,0.2797655761241913,0.8621672987937927,0.23472054302692413
YOR298C-A,YLR399C,0,2.326741,0.2796792984008789,0.8621672987937927,0.23482106626033783
YHR007C,YLR117C,0,2.3257759,0.2795930802822113,0.8621672987937927,0.23492158949375153
YGR038C-B,YGL032C,0,2.3255858,0.2795069217681885,0.8621672987937927,0.23502211272716522
YOL070C,YDR385W,1,2.3246489,0.27972888946533203,0.8631178736686707,0.23502211272716522
YCR077C,YKR060W,1,2.3241634,0.27995073795318604,0.8640684485435486,0.23502211272716522
YJR044C,YIL157C,0,2.3239598,0.27986451983451843,0.8640684485435486,0.23512263596057892
YGR278W,YOL137W,0,2.3223944,0.279778391122818,0.8640684485435486,0.23522315919399261
YDR339C,YJR091C,0,2.3219144,0.27969232201576233,0.8640684485435486,0.2353236824274063
YGL255W,YGR041W,0,2.3210263,0.27960628271102905,0.8640684485435486,0.23542420566082
YNL090W,YDR316W,0,2.320522,0.27952030301094055,0.8640684485435486,0.2355247288942337
YHR003C,YLL036C,0,2.3196883,0.2794343829154968,0.8640684485435486,0.2356252521276474
YLR157C-A,YCR023C,0,2.3195643,0.2793484926223755,0.8640684485435486,0.2357257753610611
YCR017C,YEL026W,0,2.3182197,0.2792626619338989,0.8640684485435486,0.2358262985944748
YBL002W,YOR141C,0,2.3174403,0.27917689085006714,0.8640684485435486,0.2359268218278885
YER054C,YDR484W,0,2.3173003,0.2790911793708801,0.8640684485435486,0.23602734506130219
YMR052W,YKL157W,0,2.3170557,0.2790055274963379,0.8640684485435486,0.23612786829471588
YGR109C,YDR363W,0,2.3167753,0.27891990542411804,0.8640684485435486,0.23622839152812958
YGR091W,YGL077C,0,2.316768,0.27883434295654297,0.8640684485435486,0.23632891476154327
YNL072W,YNL067W,0,2.3164895,0.27874884009361267,0.8640684485435486,0.23642943799495697
YGL100W,YDR432W,0,2.3162186,0.27866339683532715,0.8640684485435486,0.23652996122837067
YCR034W,YJL160C,0,2.3160865,0.278577983379364,0.8640684485435486,0.23663048446178436
YML110C,YHR128W,0,2.3158956,0.27849265933036804,0.8640684485435486,0.23673100769519806
YER166W,YDR291W,0,2.3151827,0.27840736508369446,0.8640684485435486,0.23683153092861176
YMR024W,YPR033C,0,2.3146102,0.27832210063934326,0.8640684485435486,0.23693203926086426
YHR003C,YHL009W-A,0,2.3134673,0.27823692560195923,0.8640684485435486,0.23703256249427795
YGR059W,YOL021C,0,2.3133457,0.2781517803668976,0.8640684485435486,0.23713308572769165
YGL208W,YGL160W,0,2.31232,0.2780666947364807,0.8640684485435486,0.23723360896110535
YGL043W,YGR092W,0,2.3106508,0.27798163890838623,0.8640684485435486,0.23733413219451904
YKR042W,YKR046C,0,2.3089144,0.2778966724872589,0.8640684485435486,0.23743465542793274
YDL193W,YLR229C,0,2.3076978,0.277811735868454,0.8640684485435486,0.23753517866134644
YKR096W,YDR026C,1,2.3068295,0.2780323922634125,0.8650190234184265,0.23753517866134644
YCR069W,YDR293C,0,2.3064468,0.27794745564460754,0.8650190234184265,0.23763570189476013
YDR058C,YGL187C,0,2.3063657,0.2778626084327698,0.8650190234184265,0.23773622512817383
YJL063C,YHR034C,0,2.305727,0.2777777910232544,0.8650190234184265,0.23783674836158752
YLR144C,YKL211C,0,2.3056252,0.2776930034160614,0.8650190234184265,0.23793727159500122
YFR028C,YIL110W,0,2.3038898,0.27760830521583557,0.8650190234184265,0.23803779482841492
YOR017W,YHR196W,0,2.3035626,0.27752363681793213,0.8650190234184265,0.2381383180618286
YDL178W,YMR170C,0,2.3034656,0.27743902802467346,0.8650190234184265,0.2382388412952423
YGR161C-C,YHR032W,0,2.3031983,0.27735447883605957,0.8650190234184265,0.238339364528656
YDR182W,YGL077C,0,2.3028371,0.27726995944976807,0.8650190234184265,0.2384398877620697
YIR035C,YLR424W,0,2.301087,0.27718549966812134,0.8650190234184265,0.2385404109954834
YHR196W,YDR484W,0,2.300588,0.2771010994911194,0.8650190234184265,0.2386409342288971
YPL228W,YBR244W,0,2.2991867,0.2770167291164398,0.8650190234184265,0.2387414574623108
YOL110W,YHR128W,0,2.2990918,0.2769324481487274,0.8650190234184265,0.2388419806957245
YGR013W,YGL187C,0,2.2969003,0.2768481969833374,0.8650190234184265,0.23894250392913818
YDR519W,YPL108W,0,2.2965362,0.2767639756202698,0.8650190234184265,0.23904302716255188
YBR132C,YMR189W,0,2.2964916,0.2766798436641693,0.8650190234184265,0.23914355039596558
YHR034C,YOL001W,0,2.2964344,0.27659574151039124,0.8650190234184265,0.23924407362937927
YDL020C,YKR024C,0,2.2963033,0.27651169896125793,0.8650190234184265,0.23934459686279297
YIL073C,YGR207C,0,2.2954514,0.2764277160167694,0.8650190234184265,0.23944512009620667
YDR349C,YIL023C,0,2.2953577,0.27634376287460327,0.8650190234184265,0.23954564332962036
YGR287C,YPL131W,1,2.292165,0.276563435792923,0.8659695982933044,0.23954564332962036
YDL181W,YDR446W,0,2.2921028,0.2764795124530792,0.8659695982933044,0.23964616656303406
YHR063C,YLL052C,0,2.2919965,0.27639561891555786,0.8659695982933044,0.23974668979644775
YJL042W,YBR201W,0,2.291935,0.2763117849826813,0.8659695982933044,0.23984719812870026
YLR064W,YMR113W,0,2.2910097,0.27622801065444946,0.8659695982933044,0.23994772136211395
YDL133C-A,YBR101C,1,2.2905798,0.2764474153518677,0.8669201731681824,0.23994772136211395
YJR067C,YOL130W,0,2.2903104,0.27636364102363586,0.8669201731681824,0.24004824459552765
YPL164C,YAL032C,0,2.2889605,0.27627992630004883,0.8669201731681824,0.24014876782894135
YBR084C-A,YHR045W,0,2.2881305,0.2761962413787842,0.8669201731681824,0.24024929106235504
YBR133C,YER001W,0,2.2864463,0.2761126160621643,0.8669201731681824,0.24034981429576874
YNL002C,YHR200W,0,2.2861454,0.2760290503501892,0.8669201731681824,0.24045033752918243
YDR084C,YGL160W,0,2.2860024,0.2759455442428589,0.8669201731681824,0.24055086076259613
YCR069W,YDL207W,0,2.2852335,0.27586206793785095,0.8669201731681824,0.24065138399600983
YGL033W,YEL042W,0,2.2841365,0.2757786512374878,0.8669201731681824,0.24075190722942352
YGL201C,YLR157C-B,0,2.2839012,0.2756952941417694,0.8669201731681824,0.24085243046283722
YLR336C,YPL029W,0,2.2834988,0.2756119668483734,0.8669201731681824,0.24095295369625092
YKL091C,YNL009W,0,2.2825477,0.2755286991596222,0.8669201731681824,0.2410534769296646
YLR136C,YPR112C,0,2.2817514,0.27544549107551575,0.8669201731681824,0.2411540001630783
YHR013C,YJR014W,1,2.2816706,0.27566424012184143,0.8678707480430603,0.2411540001630783
YAR050W,YKL086W,0,2.2815795,0.275581032037735,0.8678707480430603,0.241254523396492
YHL001W,YNL106C,0,2.2809196,0.2754978835582733,0.8678707480430603,0.2413550466299057
YNL321W,YGR207C,0,2.280336,0.2754147946834564,0.8678707480430603,0.2414555698633194
YIL041W,YDR034C-D,0,2.2790928,0.2753317356109619,0.8678707480430603,0.2415560930967331
YLR336C,YMR309C,0,2.2785845,0.2752487063407898,0.8678707480430603,0.2416566163301468
YDR058C,YCR088W,0,2.2777874,0.27516576647758484,0.8678707480430603,0.24175713956356049
YPL016W,YDR221W,0,2.275568,0.27508285641670227,0.8678707480430603,0.24185766279697418
YDL002C,YDR409W,0,2.2755394,0.2750000059604645,0.8678707480430603,0.24195818603038788
YGR203W,YPR065W,0,2.2753716,0.2749171853065491,0.8678707480430603,0.24205870926380157
YML001W,YNR039C,0,2.275158,0.27483442425727844,0.8678707480430603,0.24215923249721527
YNR063W,YCR070W,0,2.274477,0.2747517228126526,0.8678707480430603,0.24225975573062897
YLR336C,YDR221W,0,2.2735124,0.2746690809726715,0.8678707480430603,0.24236027896404266
YEL063C,YBL040C,0,2.2712495,0.2745864689350128,0.8678707480430603,0.24246080219745636
YJL207C,YGR092W,0,2.2709265,0.2745039165019989,0.8678707480430603,0.24256132543087006
YHL009W-A,YJL159W,0,2.2703662,0.2744213938713074,0.8678707480430603,0.24266184866428375
YHR216W,YBR253W,0,2.2697022,0.2743389308452606,0.8678707480430603,0.24276235699653625
YKL222C,YOR010C,0,2.2676876,0.27425652742385864,0.8678707480430603,0.24286288022994995
YKR098C,YJR017C,0,2.2658665,0.27417418360710144,0.8678707480430603,0.24296340346336365
YER039C,YDR225W,0,2.2652073,0.2740918695926666,0.8678707480430603,0.24306392669677734
YHR107C,YHR001W,0,2.2651613,0.2740096151828766,0.8678707480430603,0.24316444993019104
YPL020C,YMR134W,0,2.2630656,0.27392739057540894,0.8678707480430603,0.24326497316360474
YDR202C,YOR196C,0,2.2620075,0.27384522557258606,0.8678707480430603,0.24336549639701843
YML038C,YMR161W,0,2.2604895,0.27376312017440796,0.8678707480430603,0.24346601963043213
YFL055W,YJL177W,0,2.2604206,0.27368104457855225,0.8678707480430603,0.24356654286384583
YGR240C,YPR112C,0,2.2602353,0.2735990285873413,0.8678707480430603,0.24366706609725952
YNL075W,YHR034C,0,2.2599106,0.27351707220077515,0.8678707480430603,0.24376758933067322
YLR408C,YPL232W,0,2.2582936,0.27343514561653137,0.8678707480430603,0.24386811256408691
YPL164C,YDR477W,0,2.2579632,0.2733532786369324,0.8678707480430603,0.2439686357975006
YKL027W,YPR056W,0,2.2577538,0.27327147126197815,0.8678707480430603,0.2440691590309143
YML007W,YNL148C,0,2.2561586,0.2731896936893463,0.8678707480430603,0.244169682264328
YLR242C,YDR293C,0,2.2555063,0.27310797572135925,0.8678707480430603,0.2442702054977417
YBR302C,YLR070C,0,2.255174,0.27302631735801697,0.8678707480430603,0.2443707287311554
YNL139C,YPL265W,0,2.2535887,0.27294468879699707,0.8678707480430603,0.2444712519645691
YGR203W,YDR452W,0,2.2534246,0.27286311984062195,0.8678707480430603,0.2445717751979828
YPL020C,YBR154C,0,2.2498631,0.2727815806865692,0.8678707480430603,0.24467229843139648
YLR431C,YIL157C,0,2.2457352,0.27270013093948364,0.8678707480430603,0.24477282166481018
YJR091C,YDL042C,0,2.2445874,0.27261868119239807,0.8678707480430603,0.24487334489822388
YML130C,YDR210W-A,0,2.2445478,0.27253732085227966,0.8678707480430603,0.24497386813163757
YPR041W,YNL227C,1,2.2412775,0.27275440096855164,0.8688212633132935,0.24497386813163757
YDL168W,YDL174C,0,2.2377582,0.2726730406284332,0.8688212633132935,0.24507439136505127
YLR157C-B,YGL257C,0,2.2375863,0.2725917100906372,0.8688212633132935,0.24517491459846497
YOL088C,YIR003W,0,2.2373157,0.27251043915748596,0.8688212633132935,0.24527543783187866
YGR038C-A,YOL060C,0,2.236334,0.2724291980266571,0.8688212633132935,0.24537596106529236
YMR237W,YDR116C,1,2.236191,0.2726460099220276,0.8697718381881714,0.24537596106529236
YHR200W,YEL009C,0,2.2360632,0.2725647985935211,0.8697718381881714,0.24547648429870605
YKL091C,YMR323W,0,2.235859,0.27248361706733704,0.8697718381881714,0.24557700753211975
YNL069C,YFR051C,0,2.2356381,0.27240249514579773,0.8697718381881714,0.24567751586437225
YPR158W-A,YBL100W-A,0,2.2347593,0.2723214328289032,0.8697718381881714,0.24577803909778595
YNL264C,YLL052C,0,2.234076,0.27224040031433105,0.8697718381881714,0.24587856233119965
YPR151C,YIL023C,0,2.234019,0.2721594274044037,0.8697718381881714,0.24597908556461334
YLR205C,YHR200W,0,2.2335536,0.2720785140991211,0.8697718381881714,0.24607960879802704
YLR340W,YHR200W,0,2.2302098,0.2719976305961609,0.8697718381881714,0.24618013203144073
YDR210W-A,YPL230W,0,2.2285328,0.27191677689552307,0.8697718381881714,0.24628065526485443
YPR165W,YNR075W,0,2.22834,0.2718360126018524,0.8697718381881714,0.24638117849826813
YGL023C,YPR025C,0,2.2259514,0.27175527811050415,0.8697718381881714,0.24648170173168182
YDR216W,YPL249C,0,2.225802,0.27167457342147827,0.8697718381881714,0.24658222496509552
YHR141C,YPL060C-A,0,2.2244794,0.27159395813941956,0.8697718381881714,0.24668274819850922
YPL164C,YLR242C,0,2.2238765,0.27151334285736084,0.8697718381881714,0.2467832714319229
YHR063C,YDL066W,0,2.2222414,0.2714328169822693,0.8697718381881714,0.2468837946653366
YAL032C,YBL100W-A,0,2.220822,0.2713523209095001,0.8697718381881714,0.2469843178987503
YGR195W,YNL336W,0,2.2206638,0.27127185463905334,0.8697718381881714,0.247084841132164
YLR320W,YGL234W,0,2.220242,0.27119147777557373,0.8697718381881714,0.2471853643655777
YLR369W,YNR075W,0,2.2200758,0.2711111009120941,0.8697718381881714,0.2472858875989914
YJL137C,YGR091W,0,2.2199473,0.27103081345558167,0.8697718381881714,0.2473864108324051
YPL236C,YDR210W-A,0,2.219073,0.2709505558013916,0.8697718381881714,0.2474869340658188
YOR362C,YBR221C,0,2.2188196,0.2708703279495239,0.8697718381881714,0.24758745729923248
YLR157C-B,YNL275W,0,2.2180777,0.2707901895046234,0.8697718381881714,0.24768798053264618
YKL101W,YNL329C,0,2.2179525,0.2707100510597229,0.8697718381881714,0.24778850376605988
YDR027C,YKL008C,0,2.2177489,0.27063000202178955,0.8697718381881714,0.24788902699947357
YER118C,YGR038C-B,0,2.2175655,0.2705499827861786,0.8697718381881714,0.24798955023288727
YJL151C,YKL148C,0,2.217471,0.27046999335289,0.8697718381881714,0.24809007346630096
YLL023C,YGL054C,0,2.2168891,0.2703900635242462,0.8697718381881714,0.24819059669971466
YHL013C,YBR004C,0,2.2165828,0.2703101933002472,0.8697718381881714,0.24829111993312836
YMR268C,YOR312C,0,2.2153804,0.27023035287857056,0.8697718381881714,0.24839164316654205
YPR158W-A,YOR073W,0,2.215231,0.2701505720615387,0.8697718381881714,0.24849216639995575
YDR506C,YBL100W-A,0,2.2151542,0.2700708508491516,0.8697718381881714,0.24859267473220825
YBL004W,YAL055W,0,2.214303,0.2699911594390869,0.8697718381881714,0.24869319796562195
YKR087C,YBR288C,0,2.2141762,0.2699114978313446,0.8697718381881714,0.24879372119903564
YNL312W,YGR128C,0,2.2140884,0.26983189582824707,0.8697718381881714,0.24889424443244934
YHR098C,YNR069C,0,2.210754,0.2697523534297943,0.8697718381881714,0.24899476766586304
YML072C,YGL008C,0,2.2101505,0.26967287063598633,0.8697718381881714,0.24909529089927673
YIR021W,YDL207W,0,2.2094429,0.26959338784217834,0.8697718381881714,0.24919581413269043
YBL102W,YMR092C,0,2.2079062,0.2695139944553375,0.8697718381881714,0.24929633736610413
YDR408C,YDL103C,0,2.207758,0.2694346308708191,0.8697718381881714,0.24939686059951782
YDR210W-A,YDR489W,0,2.2076752,0.26935532689094543,0.8697718381881714,0.24949738383293152
YGL079W,YHL013C,0,2.2075944,0.26927605271339417,0.8697718381881714,0.24959790706634521
YJR017C,YMR251W-A,0,2.2072082,0.2691968083381653,0.8697718381881714,0.2496984302997589
YBR179C,YML065W,0,2.2070417,0.26911765336990356,0.8697718381881714,0.2497989535331726
YFL009W,YPR165W,0,2.204115,0.26903852820396423,0.8697718381881714,0.2498994767665863
YOR173W,YLR307W,0,2.2034004,0.2689594328403473,0.8697718381881714,0.25
YJL042W,YDR477W,0,2.2020187,0.2688803970813751,0.8697718381881714,0.2501005232334137
YJL177W,YLR035C,0,2.2019358,0.26880142092704773,0.8697718381881714,0.2502010464668274
YLR340W,YJL093C,0,2.2014887,0.2687224745750427,0.8697718381881714,0.2503015697002411
YEL046C,YGL121C,0,2.1999307,0.2686435580253601,0.8697718381881714,0.2504020929336548
YGR121C,YER166W,0,2.1977572,0.26856473088264465,0.8697718381881714,0.2505026161670685
YPR041W,YBR160W,1,2.1977332,0.26877933740615845,0.8707224130630493,0.2505026161670685
YCL030C,YMR277W,0,2.1976862,0.268700510263443,0.8707224130630493,0.2506031394004822
YMR260C,YOR198C,0,2.197021,0.2686217129230499,0.8707224130630493,0.2507036626338959
YMR236W,YNL134C,0,2.1963673,0.26854294538497925,0.8707224130630493,0.25080418586730957
YCR071C,YMR268C,0,2.1962209,0.26846423745155334,0.8707224130630493,0.25090470910072327
YIR007W,YMR277W,0,2.1958897,0.2683855891227722,0.8707224130630493,0.25100523233413696
YAL005C,YOR245C,0,2.1955414,0.2683069705963135,0.8707224130630493,0.25110575556755066
YER039C,YBL101C,0,2.1945152,0.2682284116744995,0.8707224130630493,0.25120627880096436
YBL005W-A,YPR009W,0,2.1938555,0.26814988255500793,0.8707224130630493,0.25130680203437805
YKL065C,YFR055W,0,2.192653,0.26807141304016113,0.8707224130630493,0.25140732526779175
YAR066W,YLL054C,0,2.192378,0.2679929733276367,0.8707224130630493,0.25150784850120544
YIL162W,YGR278W,0,2.1914625,0.2679145932197571,0.8707224130630493,0.25160837173461914
YPL024W,YHR042W,0,2.1910224,0.26783624291419983,0.8707224130630493,0.25170889496803284
YDL103C,YER073W,0,2.1894903,0.26775795221328735,0.8707224130630493,0.25180941820144653
YNL064C,YEL009C,0,2.188973,0.26767972111701965,0.8707224130630493,0.25190994143486023
YDR216W,YFL016C,0,2.1888883,0.26760151982307434,0.8707224130630493,0.2520104646682739
YLR013W,YOR298C-A,0,2.188125,0.2675233781337738,0.8707224130630493,0.2521109879016876
YPL009C,YER165W,1,2.1864855,0.2677372395992279,0.8716729879379272,0.2521109879016876
YFR044C,YMR121C,1,2.1838024,0.26795095205307007,0.8726235628128052,0.2521109879016876
YKL065C,YDR291W,0,2.1834428,0.26787278056144714,0.8726235628128052,0.2522115111351013
YCL038C,YGR067C,0,2.183385,0.2677946388721466,0.8726235628128052,0.252312034368515
YDL103C,YKL216W,0,2.1831975,0.26771652698516846,0.8726235628128052,0.2524125576019287
YGR280C,YKL148C,0,2.1826744,0.2676384747028351,0.8726235628128052,0.2525130808353424
YGL017W,YPL124W,0,2.1824598,0.2675604820251465,0.8726235628128052,0.2526136040687561
YBL050W,YPR023C,0,2.18129,0.2674825191497803,0.8726235628128052,0.2527141273021698
YDR291W,YGR206W,0,2.1812892,0.26740461587905884,0.8726235628128052,0.2528146505355835
YBR167C,YNL087W,0,2.1809447,0.2673267424106598,0.8726235628128052,0.2529151439666748
YGR192C,YKL084W,0,2.1803803,0.26724889874458313,0.8726235628128052,0.2530156672000885
YDR084C,YGR067C,0,2.1799552,0.26717111468315125,0.8726235628128052,0.2531161904335022
YOR328W,YKL008C,0,2.1787016,0.26709339022636414,0.8726235628128052,0.2532167136669159
YJR056C,YGL054C,0,2.1781812,0.2670156955718994,0.8726235628128052,0.2533172369003296
YHR083W,YPR009W,0,2.177248,0.26693806052207947,0.8726235628128052,0.2534177601337433
YKR042W,YNL279W,0,2.1770554,0.2668604552745819,0.8726235628128052,0.253518283367157
YHR003C,YDR255C,0,2.1769314,0.2667829096317291,0.8726235628128052,0.2536188066005707
YFL050C,YKR087C,0,2.176239,0.26670539379119873,0.8726235628128052,0.2537193298339844
YJL010C,YDR210W-A,0,2.1762023,0.2666279375553131,0.8726235628128052,0.25381985306739807
YDL181W,YNL037C,0,2.175499,0.2665505111217499,0.8726235628128052,0.25392037630081177
YKL071W,YPL060C-A,0,2.1749256,0.2664731442928314,0.8726235628128052,0.25402089953422546
YLR393W,YMR244C-A,0,2.1746624,0.26639580726623535,0.8726235628128052,0.25412142276763916
YJL139C,YDR346C,0,2.1739423,0.26631852984428406,0.8726235628128052,0.25422194600105286
YGR048W,YML008C,0,2.1738467,0.26624131202697754,0.8726235628128052,0.25432246923446655
YHR107C,YGR038C-B,0,2.1738443,0.266164094209671,0.8726235628128052,0.25442299246788025
YDR051C,YDL161W,0,2.1737072,0.26608696579933167,0.8726235628128052,0.25452351570129395
YML058W,YGR289C,0,2.1731062,0.2660098373889923,0.8726235628128052,0.25462403893470764
YDR210W-A,YGR207C,0,2.1726155,0.2659327983856201,0.8726235628128052,0.25472456216812134
YPL053C,YLR136C,0,2.1721473,0.2658557891845703,0.8726235628128052,0.25482508540153503
YGR038C-A,YNL021W,0,2.171236,0.2657788097858429,0.8726235628128052,0.25492560863494873
YPL241C,YKR025W,0,2.1711419,0.26570188999176025,0.8726235628128052,0.2550261318683624
YLR157C-B,YMR268C,0,2.1710613,0.265625,0.8726235628128052,0.2551266551017761
YPL164C,YGR121C,0,2.170961,0.2655481696128845,0.8726235628128052,0.2552271783351898
YHR091C,YLR449W,0,2.1707492,0.26547136902809143,0.8726235628128052,0.2553277015686035
YHR107C,YOR125C,0,2.1696794,0.2653946280479431,0.8726235628128052,0.2554282248020172
YJL063C,YBL018C,0,2.1676836,0.2653179168701172,0.8726235628128052,0.2555287480354309
YKR080W,YJL076W,0,2.166653,0.26524126529693604,0.8726235628128052,0.2556292712688446
YBR236C,YML065W,0,2.1662836,0.26516464352607727,0.8726235628128052,0.2557297945022583
YNL071W,YGR166W,0,2.165575,0.2650880813598633,0.8726235628128052,0.255830317735672
YPR101W,YPL003W,0,2.1631227,0.2650115489959717,0.8726235628128052,0.2559308409690857
YPL012W,YKR039W,0,2.1622095,0.26493507623672485,0.8726235628128052,0.2560313642024994
YNR022C,YMR040W,1,2.1614134,0.2651471495628357,0.8735741376876831,0.2560313642024994
YCR042C,YGR280C,0,2.160214,0.26507067680358887,0.8735741376876831,0.2561318874359131
YKR022C,YBR135W,0,2.1598358,0.26499423384666443,0.8735741376876831,0.2562324106693268
YBL084C,YNR051C,0,2.1598096,0.26491785049438477,0.8735741376876831,0.2563329339027405
YPL266W,YBL009W,0,2.1592,0.2648414969444275,0.8735741376876831,0.2564334571361542
YOL088C,YDL103C,0,2.1588988,0.264765202999115,0.8735741376876831,0.25653398036956787
YER035W,YNL116W,0,2.1586432,0.2646889388561249,0.8735741376876831,0.25663450360298157
YBL040C,YOR234C,0,2.1586084,0.26461273431777954,0.8735741376876831,0.25673502683639526
YBR077C,YKR039W,0,2.1581335,0.2645365595817566,0.8735741376876831,0.25683555006980896
YDR034C-D,YDR363W,0,2.1579523,0.2644604444503784,0.8735741376876831,0.25693607330322266
YFL062W,YMR236W,0,2.1564026,0.26438435912132263,0.8735741376876831,0.25703659653663635
YLR340W,YML046W,0,2.1553135,0.26430830359458923,0.8735741376876831,0.25713711977005005
YDR331W,YPL249C,0,2.1540596,0.2642323076725006,0.8735741376876831,0.25723764300346375
YGL234W,YDR255C,0,2.1536472,0.26415637135505676,0.8735741376876831,0.25733816623687744
YPL060C-A,YNL152W,0,2.1515136,0.2640804648399353,0.8735741376876831,0.25743868947029114
YML078W,YML126C,0,2.1487408,0.26400458812713623,0.8735741376876831,0.25753921270370483
YIL158W,YGL121C,0,2.1481955,0.26392877101898193,0.8735741376876831,0.25763973593711853
YHR065C,YDR255C,0,2.1478462,0.2638530135154724,0.8735741376876831,0.2577402591705322
YFL062W,YJR077C,0,2.147469,0.2637772560119629,0.8735741376876831,0.2578407824039459
YBR290W,YKL096W,0,2.147428,0.26370158791542053,0.8735741376876831,0.2579413056373596
YPL211W,YJR125C,0,2.1465049,0.2636259198188782,0.8735741376876831,0.2580418288707733
YJR105W,YNL134C,0,2.146455,0.263550341129303,0.8735741376876831,0.258142352104187
YBR073W,YMR244C-A,0,2.145908,0.2634747624397278,0.8735741376876831,0.2582428753376007
YHL007C,YLR022C,0,2.144641,0.26339924335479736,0.8735741376876831,0.2583433985710144
YGR271C-A,YML019W,0,2.143982,0.2633237838745117,0.8735741376876831,0.2584439218044281
YPL005W,YPL079W,0,2.1438212,0.26324835419654846,0.8735741376876831,0.2585444450378418
YLR369W,YER065C,0,2.1426291,0.2631729543209076,0.8735741376876831,0.2586449682712555
YML022W,YNR049C,0,2.1424427,0.2630976140499115,0.8735741376876831,0.2587454617023468
YHL009C,YLL036C,0,2.1419005,0.2630223333835602,0.8735741376876831,0.2588459849357605
YPR158W-A,YBR167C,0,2.1417794,0.26294705271720886,0.8735741376876831,0.2589465081691742
YML064C,YMR283C,0,2.1399157,0.2628718614578247,0.8735741376876831,0.2590470314025879
YOR293W,YLR081W,0,2.1384833,0.26279667019844055,0.8735741376876831,0.2591475546360016
YCR077C,YCR003W,1,2.1380868,0.26300743222236633,0.874524712562561,0.2591475546360016
YDR084C,YLR081W,0,2.1365762,0.26293227076530457,0.874524712562561,0.2592480778694153
YLR378C,YLL032C,0,2.1346118,0.2628571391105652,0.874524712562561,0.259348601102829
YCL045C,YPL241C,0,2.1333795,0.2627820670604706,0.874524712562561,0.2594491243362427
YCR020W-B,YDL058W,0,2.1332552,0.26270702481269836,0.874524712562561,0.25954964756965637
YDR365W-B,YNL090W,0,2.1324897,0.2626320421695709,0.874524712562561,0.25965017080307007
YBR136W,YIL103W,0,2.1324873,0.26255708932876587,0.874524712562561,0.25975069403648376
YOR125C,YDR409W,0,2.131863,0.2624821662902832,0.874524712562561,0.25985121726989746
YGR038C-A,YML001W,0,2.1311135,0.2624073028564453,0.874524712562561,0.25995174050331116
YDR365W-B,YLR355C,0,2.12963,0.2623324692249298,0.874524712562561,0.26005226373672485
YPL164C,YBR235W,0,2.1284194,0.2622576951980591,0.874524712562561,0.26015278697013855
YHL013C,YPR140W,0,2.1282823,0.26218295097351074,0.874524712562561,0.26025331020355225
YBR280C,YMR164C,0,2.1279283,0.2621082663536072,0.874524712562561,0.26035383343696594
YBR152W,YER172C,0,2.1271124,0.262033611536026,0.874524712562561,0.26045435667037964
YNL090W,YDL147W,0,2.1266654,0.2619589865207672,0.874524712562561,0.26055487990379333
YOR329C,YHR034C,0,2.1260695,0.2618844211101532,0.874524712562561,0.26065540313720703
YNL256W,YKR039W,0,2.1258838,0.26180991530418396,0.874524712562561,0.2607559263706207
YKR067W,YKL091C,0,2.1252944,0.2617354094982147,0.874524712562561,0.2608564496040344
YMR251W-A,YHR166C,0,2.1242568,0.26166099309921265,0.874524712562561,0.2609569728374481
YPL060C-A,YIR010W,0,2.1238585,0.26158657670021057,0.874524712562561,0.2610574960708618
YLR132C,YKR003W,0,2.1224701,0.26151221990585327,0.874524712562561,0.2611580193042755
YPR058W,YMR231W,0,2.1220546,0.26143792271614075,0.874524712562561,0.2612585425376892
YAL005C,YBL066C,0,2.1211433,0.2613636255264282,0.874524712562561,0.2613590657711029
YLL023C,YMR086W,1,2.1207807,0.2615734040737152,0.875475287437439,0.2613590657711029
YDR214W,YDL214C,0,2.1207418,0.2614991366863251,0.875475287437439,0.2614595890045166
YFL003C,YGL008C,0,2.1205523,0.2614249289035797,0.875475287437439,0.2615601122379303
YCR017C,YJL020C,0,2.1192908,0.26135075092315674,0.875475287437439,0.261660635471344
YLR071C,YDR020C,0,2.1188622,0.26127660274505615,0.875475287437439,0.2617611587047577
YDR034C-D,YLR057W,0,2.1175766,0.26120248436927795,0.875475287437439,0.2618616819381714
YLR128W,YLR388W,0,2.1167932,0.26112842559814453,0.875475287437439,0.2619622051715851
YPR082C,YFL052W,0,2.1167414,0.2610544264316559,0.875475287437439,0.2620627284049988
YKL188C,YJL154C,0,2.1165342,0.2609804570674896,0.875475287437439,0.2621632516384125
YIL050W,YKR039W,0,2.1164527,0.26090651750564575,0.875475287437439,0.26226377487182617
YDL002C,YLR376C,0,2.1163397,0.26083263754844666,0.875475287437439,0.26236429810523987
YOR173W,YFL024C,0,2.11632,0.26075878739356995,0.875475287437439,0.26246482133865356
YML033W,YMR083W,0,2.1161563,0.2606849670410156,0.875475287437439,0.26256534457206726
YNL090W,YKL193C,0,2.115892,0.2606112062931061,0.875475287437439,0.26266586780548096
YPR151C,YIL097W,0,2.1153898,0.2605374753475189,0.875475287437439,0.26276639103889465
YJL116C,YCL033C,0,2.1145072,0.26046380400657654,0.875475287437439,0.26286691427230835
YBL002W,YDR156W,0,2.1144905,0.26039016246795654,0.875475287437439,0.26296743750572205
YJL209W,YOR122C,0,2.1132293,0.26031655073165894,0.875475287437439,0.26306796073913574
YNL064C,YPL066W,0,2.112166,0.2602429986000061,0.875475287437439,0.26316848397254944
YLR216C,YNL106C,0,2.111897,0.26016950607299805,0.875475287437439,0.26326900720596313
YGL048C,YNL124W,0,2.1113033,0.26009601354599,0.875475287437439,0.26336953043937683
YAR066W,YNL099C,0,2.1087155,0.2600225806236267,0.875475287437439,0.2634700536727905
YHR003C,YDL058W,0,2.10836,0.2599492073059082,0.875475287437439,0.2635705769062042
YFL024C,YIL050W,0,2.108034,0.2598758339881897,0.875475287437439,0.2636711001396179
YBR302C,YHR200W,0,2.1065934,0.25980255007743835,0.875475287437439,0.2637716233730316
YNL083W,YOR245C,0,2.10606,0.259729266166687,0.875475287437439,0.2638721466064453
YDR519W,YOL137W,0,2.1060247,0.25965604186058044,0.875475287437439,0.263972669839859
YJR125C,YMR060C,0,2.105818,0.25958287715911865,0.875475287437439,0.2640731930732727
YML022W,YER094C,0,2.1053407,0.25950971245765686,0.875475287437439,0.2641737163066864
YDR322C-A,YNL327W,0,2.1051297,0.25943660736083984,0.875475287437439,0.2642742395401001
YCL038C,YLR157C-B,0,2.104832,0.2593635618686676,0.875475287437439,0.2643747627735138
YDL025C,YPL003W,0,2.1037517,0.25929054617881775,0.875475287437439,0.2644752860069275
YJR159W,YPL057C,0,2.1017575,0.2592175602912903,0.875475287437439,0.2645757794380188
YDR214W,YPR101W,0,2.1017423,0.2591446340084076,0.875475287437439,0.2646763026714325
YHR104W,YNL035C,0,2.1015854,0.2590717375278473,0.875475287437439,0.2647768259048462
YNL241C,YBR204C,0,2.1013484,0.2589988708496094,0.875475287437439,0.2648773491382599
YBR083W,YJR161C,0,2.0996637,0.25892606377601624,0.875475287437439,0.2649778723716736
YKL176C,YEL046C,0,2.0984097,0.2588532865047455,0.875475287437439,0.2650783956050873
YPL009C,YDR450W,1,2.0983865,0.2590615451335907,0.8764258623123169,0.2650783956050873
YDR210W-A,YPL066W,0,2.0967371,0.25898876786231995,0.8764258623123169,0.265178918838501
YEL011W,YGR041W,0,2.096651,0.2589160203933716,0.8764258623123169,0.2652794420719147
YMR021C,YHL001W,0,2.0965526,0.258843332529068,0.8764258623123169,0.26537996530532837
YGL160W,YIR008C,0,2.0956445,0.2587707042694092,0.8764258623123169,0.26548048853874207
YJL115W,YLR368W,0,2.0950956,0.25869810581207275,0.8764258623123169,0.26558101177215576
YEL034W,YMR134W,0,2.0939078,0.2586255371570587,0.8764258623123169,0.26568153500556946
YAL032C,YBR044C,0,2.0936177,0.25855299830436707,0.8764258623123169,0.26578205823898315
YLR340W,YLR378C,0,2.0927968,0.2584805190563202,0.8764258623123169,0.26588258147239685
YKL049C,YDR382W,0,2.0923715,0.2584080696105957,0.8764258623123169,0.26598310470581055
YJL137C,YFR004W,0,2.0902667,0.258335679769516,0.8764258623123169,0.26608362793922424
YKR013W,YBL019W,0,2.090205,0.25826331973075867,0.8764258623123169,0.26618415117263794
YGL208W,YKR087C,0,2.0891285,0.25819098949432373,0.8764258623123169,0.26628467440605164
YBR302C,YJL115W,0,2.0887885,0.2581186890602112,0.8764258623123169,0.26638519763946533
YJL104W,YOR367W,0,2.0882568,0.2580464482307434,0.8764258623123169,0.26648572087287903
YHR104W,YBR039W,0,2.0880237,0.2579742670059204,0.8764258623123169,0.2665862441062927
YAR003W,YJR161C,0,2.0879092,0.2579020857810974,0.8764258623123169,0.2666867673397064
YNL284C,YMR295C,1,2.0875509,0.2581096291542053,0.8773764371871948,0.2666867673397064
YDR339C,YAR014C,0,2.0873294,0.2580374479293823,0.8773764371871948,0.2667872905731201
YML075C,YHR166C,0,2.086153,0.2579653561115265,0.8773764371871948,0.2668878138065338
YMR288W,YLR178C,0,2.0849826,0.25789326429367065,0.8773764371871948,0.2669883370399475
YNL075W,YER169W,0,2.084909,0.2578212320804596,0.8773764371871948,0.2670888602733612
YGL054C,YEL047C,0,2.0837142,0.2577492296695709,0.8773764371871948,0.2671893835067749
YIR022W,YKL152C,0,2.0817242,0.257677286863327,0.8773764371871948,0.2672899067401886
YNL257C,YDR237W,0,2.0816927,0.25760534405708313,0.8773764371871948,0.2673904299736023
YFL052W,YAL001C,0,2.0807352,0.2575334906578064,0.8773764371871948,0.267490953207016
YGL250W,YNL305C,0,2.079748,0.25746163725852966,0.8773764371871948,0.2675914764404297
YDL159W,YJR017C,0,2.078788,0.2573898434638977,0.8773764371871948,0.2676919996738434
YMR135C,YDR267C,0,2.0787377,0.25731807947158813,0.8773764371871948,0.2677925229072571
YOR354C,YJR002W,0,2.0784907,0.25724637508392334,0.8773764371871948,0.2678930461406708
YHR079C-A,YLR242C,0,2.07708,0.25717470049858093,0.8773764371871948,0.2679935693740845
YHR178W,YDL066W,0,2.0761447,0.2571030557155609,0.8773764371871948,0.26809409260749817
YDR394W,YAR066W,0,2.0759993,0.25703147053718567,0.8773764371871948,0.26819461584091187
YHL009C,YNL220W,0,2.0754168,0.2569599151611328,0.8773764371871948,0.26829513907432556
YHL009W-A,YGL257C,0,2.0748093,0.25688838958740234,0.8773764371871948,0.26839566230773926
YJR113C,YKL084W,0,2.0743904,0.25681692361831665,0.8773764371871948,0.26849618554115295
YJL028W,YGR256W,0,2.0743399,0.25674548745155334,0.8773764371871948,0.26859670877456665
YMR293C,YKL008C,0,2.0732641,0.2566740810871124,0.8773764371871948,0.26869723200798035
YLR449W,YDL236W,0,2.072113,0.2566027343273163,0.8773764371871948,0.26879775524139404
YBL004W,YLR022C,0,2.0710063,0.25653141736984253,0.8773764371871948,0.26889827847480774
YAL001C,YCL030C,0,2.0705595,0.25646013021469116,0.8773764371871948,0.26899880170822144
YHR079C-A,YGL029W,0,2.0703769,0.25638890266418457,0.8773764371871948,0.26909932494163513
YOR229W,YNL148C,0,2.0703752,0.256317675113678,0.8773764371871948,0.26919984817504883
YIL158W,YGL160W,0,2.0687838,0.25624653697013855,0.8773764371871948,0.2693003714084625
YIL040W,YLR136C,0,2.068634,0.2561753988265991,0.8773764371871948,0.2694008946418762
YHR178W,YDL191W,0,2.0684469,0.25610432028770447,0.8773764371871948,0.2695014178752899
YOR307C,YJL104W,0,2.0665448,0.2560333013534546,0.8773764371871948,0.2696019411087036
YNR073C,YER122C,0,2.0655994,0.2559622824192047,0.8773764371871948,0.2697024643421173
YLR320W,YOL068C,0,2.0647097,0.2558913230895996,0.8773764371871948,0.269802987575531
YLR148W,YOR133W,0,2.064632,0.2558203935623169,0.8773764371871948,0.2699035108089447
YDR324C,YDL092W,0,2.0644515,0.25574952363967896,0.8773764371871948,0.2700040340423584
YDL126C,YOR083W,0,2.0641842,0.2556786835193634,0.8773764371871948,0.2701045572757721
YDL045W-A,YPL225W,1,2.0631936,0.2558847963809967,0.8783270120620728,0.2701045572757721
YLR070C,YHL020C,0,2.059132,0.25581395626068115,0.8783270120620728,0.2702050805091858
YHR104W,YER035W,0,2.0585709,0.255743145942688,0.8783270120620728,0.2703056037425995
YPL060C-A,YKR092C,0,2.058511,0.2556723952293396,0.8783270120620728,0.2704060971736908
YML022W,YGR038C-B,0,2.058423,0.2556016743183136,0.8783270120620728,0.2705066204071045
YJR086W,YNL087W,0,2.0573606,0.25553098320961,0.8783270120620728,0.2706071436405182
YMR288W,YLR229C,0,2.0573378,0.25546032190322876,0.8783270120620728,0.2707076668739319
YNR073C,YDR339C,0,2.0568461,0.2553897202014923,0.8783270120620728,0.2708081901073456
YDR214W,YMR024W,0,2.0565515,0.25531914830207825,0.8783270120620728,0.2709087133407593
YCR071C,YGL133W,0,2.0565112,0.2552486062049866,0.8783270120620728,0.271009236574173
YCL019W,YLR298C,0,2.0562637,0.2551781237125397,0.8783270120620728,0.27110975980758667
YPL227C,YOL148C,0,2.0560591,0.25510767102241516,0.8783270120620728,0.27121028304100037
YBL102W,YML024W,0,2.054512,0.25503724813461304,0.8783270120620728,0.27131080627441406
YDR077W,YDL045W-A,1,2.054441,0.25524282455444336,0.8792775869369507,0.27131080627441406
YJL151C,YHR050W,0,2.0539637,0.25517240166664124,0.8792775869369507,0.27141132950782776
YJR099W,YOR367W,0,2.0518417,0.2551020383834839,0.8792775869369507,0.27151185274124146
YFR028C,YPL032C,0,2.0505805,0.2550317049026489,0.8792775869369507,0.27161237597465515
YDL232W,YOR173W,0,2.0477855,0.25496140122413635,0.8792775869369507,0.27171289920806885
YOL039W,YNL245C,0,2.0477622,0.25489115715026855,0.8792775869369507,0.27181342244148254
YDL104C,YOR295W,0,2.047256,0.25482094287872314,0.8792775869369507,0.27191394567489624
YDR216W,YDR043C,0,2.0472417,0.2547507584095001,0.8792775869369507,0.27201446890830994
YHR065C,YMR092C,0,2.0470853,0.2546806037425995,0.8792775869369507,0.27211499214172363
YPL047W,YHR098C,0,2.045912,0.25461050868034363,0.8792775869369507,0.27221551537513733
YBR021W,YAL042W,0,2.045711,0.25454044342041016,0.8792775869369507,0.272316038608551
YBR203W,YGR108W,0,2.0456967,0.25447043776512146,0.8792775869369507,0.2724165618419647
YML078W,YOR336W,0,2.0452492,0.25440043210983276,0.8792775869369507,0.2725170850753784
YGL124C,YML008C,0,2.0452077,0.25433048605918884,0.8792775869369507,0.2726176083087921
YML029W,YGL008C,0,2.0444882,0.2542605698108673,0.8792775869369507,0.2727181315422058
YOR293W,YLL032C,1,2.0443056,0.2544655203819275,0.8802281618118286,0.2727181315422058
YKL155C,YOL121C,1,2.0433908,0.25467032194137573,0.8811787366867065,0.2727181315422058
YKL086W,YHR188C,0,2.0429509,0.2546003758907318,0.8811787366867065,0.2728186547756195
YKL163W,YPR033C,0,2.0412688,0.25453048944473267,0.8811787366867065,0.2729191780090332
YLR222C,YGL054C,0,2.0411594,0.2544606029987335,0.8811787366867065,0.2730197012424469
YMR011W,YJL203W,0,2.040976,0.25439077615737915,0.8811787366867065,0.2731202244758606
YMR143W,YLR289W,1,2.0405135,0.2545953392982483,0.8821292519569397,0.2731202244758606
YKR067W,YOL130W,0,2.0402493,0.2545255124568939,0.8821292519569397,0.2732207477092743
YPL060C-A,YGR128C,0,2.0402153,0.25445571541786194,0.8821292519569397,0.273321270942688
YPL069C,YHR200W,0,2.037533,0.25438597798347473,0.8821292519569397,0.2734217941761017
YBL042C,YFL053W,0,2.0356646,0.2543162405490875,0.8821292519569397,0.2735223174095154
YPR023C,YIL082W-A,0,2.0354786,0.2542465627193451,0.8821292519569397,0.2736228406429291
YDR084C,YKL137W,0,2.0326028,0.25417694449424744,0.8821292519569397,0.2737233638763428
YIL017C,YPL270W,0,2.0311682,0.2541073262691498,0.8821292519569397,0.27382388710975647
YGL250W,YNL009W,0,2.0308464,0.2540377676486969,0.8821292519569397,0.27392441034317017
YGR049W,YER039C,0,2.0299168,0.2539682686328888,0.8821292519569397,0.27402493357658386
YGR186W,YHR001W,0,2.0287104,0.2538987696170807,0.8821292519569397,0.27412545680999756
YDR385W,YDR519W,0,2.0257611,0.25382933020591736,0.8821292519569397,0.27422598004341125
YGR278W,YJL115W,0,2.0254655,0.2537599205970764,0.8821292519569397,0.27432650327682495
YNR073C,YLR002C,0,2.0251348,0.25369054079055786,0.8821292519569397,0.27442702651023865
YCR102C,YBL099W,0,2.0242858,0.2536212205886841,0.8821292519569397,0.27452754974365234
YFL022C,YDR331W,0,2.0238566,0.2535519003868103,0.8821292519569397,0.27462807297706604
YOR231W,YKL216W,0,2.0237002,0.2534826695919037,0.8821292519569397,0.27472859621047974
YGL145W,YDR255C,0,2.0236392,0.25341343879699707,0.8821292519569397,0.27482911944389343
YER011W,YPR140W,0,2.0234785,0.25334426760673523,0.8821292519569397,0.27492964267730713
YML130C,YPR056W,0,2.0225172,0.2532750964164734,0.8821292519569397,0.2750301659107208
YOR234C,YGR048W,0,2.0223742,0.2532060146331787,0.8821292519569397,0.2751306891441345
YPR164W,YNL224C,0,2.0223384,0.25313693284988403,0.8821292519569397,0.2752312123775482
YHL009C,YNL083W,0,2.0221589,0.25306791067123413,0.8821292519569397,0.2753317356109619
YJR113C,YBR101C,1,2.0209837,0.25327154994010925,0.8830798268318176,0.2753317356109619
YML078W,YKR029C,0,2.0205514,0.25320249795913696,0.8830798268318176,0.2754322588443756
YJL063C,YLR066W,0,2.0202007,0.25313350558280945,0.8830798268318176,0.2755327820777893
YDL156W,YGR172C,0,2.0201845,0.2530645728111267,0.8830798268318176,0.275633305311203
YOR094W,YPL029W,0,2.0199773,0.25299564003944397,0.8830798268318176,0.2757338285446167
YKL125W,YGL047W,0,2.0196805,0.252926766872406,0.8830798268318176,0.2758343517780304
YGR203W,YOR367W,0,2.0192308,0.25285792350769043,0.8830798268318176,0.2759348750114441
YDL188C,YCR028C-A,0,2.018865,0.25278910994529724,0.8830798268318176,0.2760353982448578
YLR070C,YPL015C,0,2.0187545,0.25272035598754883,0.8830798268318176,0.2761359214782715
YPL152W,YNL225C,0,2.01814,0.2526516318321228,0.8830798268318176,0.2762364149093628
YPL132W,YJL118W,1,2.0180454,0.2528548240661621,0.8840304017066956,0.2762364149093628
YGL011C,YCR020W-B,0,2.0157921,0.2527860701084137,0.8840304017066956,0.2763369381427765
YCR073C,YGR163W,0,2.0134568,0.25271740555763245,0.8840304017066956,0.2764374613761902
YER016W,YHL009W-A,0,2.0131898,0.2526487410068512,0.8840304017066956,0.2765379846096039
YHR039C,YBL099W,0,2.0130692,0.25258010625839233,0.8840304017066956,0.2766385078430176
YHL007C,YMR170C,0,2.0128112,0.25251153111457825,0.8840304017066956,0.2767390310764313
YNL139C,YMR121C,0,2.0126514,0.25244298577308655,0.8840304017066956,0.27683955430984497
YKL086W,YPR023C,0,2.0124547,0.2523745000362396,0.8840304017066956,0.27694007754325867
YBR258C,YKR081C,0,2.012085,0.2523060142993927,0.8840304017066956,0.27704060077667236
YCR017C,YER124C,0,2.0110877,0.25223758816719055,0.8840304017066956,0.27714112401008606
YOL130W,YNL113W,0,2.0104911,0.2521691918373108,0.8840304017066956,0.27724164724349976
YOR188W,YPR112C,0,2.0101035,0.2521008551120758,0.8840304017066956,0.27734217047691345
YOR095C,YBR110W,0,2.0092776,0.2520325183868408,0.8840304017066956,0.27744269371032715
YAL032C,YGL160W,0,2.0084376,0.2519642412662506,0.8840304017066956,0.27754321694374084
YOR371C,YEL004W,0,2.0082107,0.2518959939479828,0.8840304017066956,0.27764374017715454
YGL029W,YGL153W,0,2.007308,0.25182777643203735,0.8840304017066956,0.27774426341056824
YPR094W,YMR277W,0,2.0072942,0.2517596185207367,0.8840304017066956,0.27784478664398193
YPL255W,YIL110W,0,2.0059924,0.25169146060943604,0.8840304017066956,0.27794530987739563
YDL212W,YBL018C,0,2.0057306,0.25162336230278015,0.8840304017066956,0.2780458331108093
YPL045W,YGR038C-B,0,2.005635,0.25155532360076904,0.8840304017066956,0.278146356344223
YML078W,YNL071W,0,2.0056136,0.25148728489875793,0.8840304017066956,0.2782468795776367
YNR054C,YGR092W,0,2.004153,0.2514193058013916,0.8840304017066956,0.2783474028110504
YNR073C,YGL130W,0,2.0041404,0.25135135650634766,0.8840304017066956,0.2784479260444641
YBR132C,YJL100W,0,2.004064,0.2512834370136261,0.8840304017066956,0.2785484492778778
YLR320W,YIL067C,0,2.0030274,0.25121554732322693,0.8840304017066956,0.2786489725112915
YMR113W,YLR178C,0,2.0029433,0.25114771723747253,0.8840304017066956,0.2787494957447052
YIL016W,YPR033C,0,2.002923,0.2510799169540405,0.8840304017066956,0.2788500189781189
YFL008W,YOL148C,0,2.0029166,0.2510121464729309,0.8840304017066956,0.2789505422115326
YPR181C,YKL073W,0,2.0026298,0.2509444057941437,0.8840304017066956,0.2790510654449463
YHL009C,YPL037C,0,2.0025582,0.2508767247200012,0.8840304017066956,0.27915158867836
YPL237W,YCL045C,0,2.0023494,0.25080907344818115,0.8840304017066956,0.2792521119117737
YPR121W,YOL049W,0,2.0018954,0.25074145197868347,0.8840304017066956,0.2793526351451874
YMR278W,YJL002C,0,2.0012698,0.2506738603115082,0.8840304017066956,0.2794531583786011
YGL029W,YGL097W,0,2.00043,0.2506062984466553,0.8840304017066956,0.27955368161201477
YGL250W,YLR070C,0,2.0001893,0.25053879618644714,0.8840304017066956,0.27965420484542847
YCR102C,YDR267C,0,1.9994783,0.2504713237285614,0.8840304017066956,0.27975472807884216
YJL138C,YJL002C,0,1.9992902,0.25040388107299805,0.8840304017066956,0.27985525131225586
YGL023C,YHR072W-A,0,1.9984183,0.2503364682197571,0.8840304017066956,0.27995577454566956
YMR134W,YNR051C,0,1.9981585,0.2502691149711609,0.8840304017066956,0.28005629777908325
YGL160W,YFL034C-A,1,1.9979482,0.2504708170890808,0.8849809765815735,0.28005629777908325
YGR068C,YPL060C-A,0,1.9979417,0.25040343403816223,0.8849809765815735,0.28015682101249695
YGR125W,YIR035C,0,1.9964263,0.2503361105918884,0.8849809765815735,0.28025734424591064
YOL094C,YKL101W,0,1.9946797,0.250268816947937,0.8849809765815735,0.28035786747932434
YLR081W,YER018C,0,1.9933934,0.250201553106308,0.8849809765815735,0.28045839071273804
YAL042W,YJL122W,0,1.9932067,0.25013434886932373,0.8849809765815735,0.28055891394615173
YDR073W,YCL020W,0,1.9930484,0.2500671446323395,0.8849809765815735,0.28065943717956543
YHR178W,YCL020W,0,1.9929552,0.25,0.8849809765815735,0.2807599604129791
YBR258C,YCR066W,0,1.9919126,0.2499328851699829,0.8849809765815735,0.2808604836463928
YBR217W,YBL004W,0,1.9918462,0.2498658150434494,0.8849809765815735,0.2809610068798065
YJL028W,YJR047C,1,1.9883914,0.2500670850276947,0.8859315514564514,0.2809610068798065
YIR010W,YDR037W,0,1.9881244,0.25,0.8859315514564514,0.2810615301132202
YIL031W,YMR244C-A,0,1.98709,0.24993295967578888,0.8859315514564514,0.2811620533466339
YHR187W,YKR045C,0,1.9869516,0.24986594915390015,0.8859315514564514,0.2812625765800476
YFR004W,YDR198C,0,1.9867202,0.249798983335495,0.8859315514564514,0.2813630998134613
YOR017W,YPR112C,0,1.9861078,0.24973204731941223,0.8859315514564514,0.281463623046875
YLR242C,YER094C,0,1.9856654,0.24966515600681305,0.8859315514564514,0.2815641462802887
YHL013C,YBR179C,0,1.9853369,0.24959827959537506,0.8859315514564514,0.2816646695137024
YKL120W,YGL179C,0,1.9849645,0.24953146278858185,0.8859315514564514,0.2817651927471161
YGR183C,YHR121W,0,1.9846778,0.24946466088294983,0.8859315514564514,0.2818657159805298
YOR227W,YDR462W,1,1.9844401,0.2496655136346817,0.8868821263313293,0.2818657159805298
YPL227C,YML130C,0,1.9840832,0.24959871172904968,0.8868821263313293,0.2819662392139435
YPL105C,YDL040C,1,1.9834572,0.24979941546916962,0.8878327012062073,0.2819662392139435
YNL126W,YHR216W,0,1.983402,0.2497326135635376,0.8878327012062073,0.2820667326450348
YBL099W,YPR140W,0,1.9829774,0.24966587126255035,0.8878327012062073,0.2821672558784485
YIL041W,YGL029W,0,1.9821663,0.2495991438627243,0.8878327012062073,0.2822677791118622
YPL211W,YBR217W,0,1.9817045,0.24953246116638184,0.8878327012062073,0.2823683023452759
YNL139C,YGR163W,0,1.9805598,0.24946580827236176,0.8878327012062073,0.2824688255786896
YCL062W,YEL020C,0,1.9803483,0.24939920008182526,0.8878327012062073,0.28256934881210327
YNR036C,YGL181W,0,1.9792004,0.24933262169361115,0.8878327012062073,0.28266987204551697
YOR095C,YLR002C,0,1.9787662,0.24926607310771942,0.8878327012062073,0.28277039527893066
YJL014W,YBR104W,0,1.9783409,0.24919956922531128,0.8878327012062073,0.28287091851234436
YBR235W,YFL034C-B,0,1.9770463,0.24913309514522552,0.8878327012062073,0.28297144174575806
YOL094C,YOR007C,0,1.9767712,0.24906666576862335,0.8878327012062073,0.28307196497917175
YGR280C,YNL265C,0,1.9758824,0.24900026619434357,0.8878327012062073,0.28317248821258545
YEL063C,YOR125C,0,1.9741669,0.24893389642238617,0.8878327012062073,0.28327301144599915
YOL094C,YLR155C,0,1.9740361,0.24886757135391235,0.8878327012062073,0.28337353467941284
YMR283C,YDR452W,0,1.9738022,0.24880127608776093,0.8878327012062073,0.28347405791282654
YJR137C,YFL022C,0,1.9728963,0.24873502552509308,0.8878327012062073,0.28357458114624023
YDR097C,YGL208W,0,1.9728856,0.24866878986358643,0.8878327012062073,0.28367510437965393
YER054C,YGR256W,0,1.9726962,0.24860261380672455,0.8878327012062073,0.2837756276130676
YPL055C,YDL126C,0,1.972496,0.24853645265102386,0.8878327012062073,0.2838761508464813
YOR095C,YDR302W,0,1.9724317,0.24847033619880676,0.8878327012062073,0.283976674079895
YMR266W,YDR037W,0,1.9722757,0.24840424954891205,0.8878327012062073,0.2840771973133087
YDR363W,YLR035C,0,1.9719841,0.24833820760250092,0.8878327012062073,0.2841777205467224
YML038C,YLR222C,0,1.9716756,0.24827219545841217,0.8878327012062073,0.2842782437801361
YOL021C,YBR106W,0,1.9691486,0.2482062131166458,0.8878327012062073,0.2843787670135498
YGL125W,YPL124W,0,1.9686481,0.24814027547836304,0.8878327012062073,0.2844792902469635
YHR043C,YLR229C,0,1.96844,0.24807436764240265,0.8878327012062073,0.2845798134803772
YCL040W,YHR183W,0,1.9674456,0.24800850450992584,0.8878327012062073,0.2846803367137909
YNL186W,YDR043C,0,1.9669229,0.24794265627861023,0.8878327012062073,0.2847808599472046
YOR010C,YNL113W,0,1.9668604,0.2478768527507782,0.8878327012062073,0.2848813831806183
YHR203C,YPL008W,0,1.9658195,0.24781109392642975,0.8878327012062073,0.284981906414032
YKL188C,YGR163W,0,1.9652774,0.2477453649044037,0.8878327012062073,0.2850824296474457
YER118C,YNR069C,0,1.9651222,0.2476796656847,0.8878327012062073,0.2851829528808594
YLR342W,YMR134W,0,1.9648317,0.24761399626731873,0.8878327012062073,0.28528347611427307
YNL305C,YNL327W,0,1.9640887,0.24754837155342102,0.8878327012062073,0.28538399934768677
YGR087C,YPR033C,0,1.9640143,0.2474827766418457,0.8878327012062073,0.28548452258110046
YAR008W,YGR240C,0,1.9632403,0.24741721153259277,0.8878327012062073,0.28558504581451416
YHR079C-A,YFL016C,0,1.963037,0.24735169112682343,0.8878327012062073,0.28568556904792786
YPL016W,YJL177W,0,1.9626713,0.24728620052337646,0.8878327012062073,0.28578609228134155
YJL042W,YMR047C,0,1.9624157,0.24722075462341309,0.8878327012062073,0.28588661551475525
YNL090W,YGR048W,0,1.9622977,0.2471553385257721,0.8878327012062073,0.28598713874816895
YMR323W,YHR183W,0,1.9608569,0.2470899522304535,0.8878327012062073,0.28608766198158264
YPL268W,YBR014C,0,1.9598362,0.24702459573745728,0.8878327012062073,0.28618818521499634
YCR042C,YIL168W,0,1.9597163,0.24695928394794464,0.8878327012062073,0.28628870844841003
YHR034C,YPL187W,0,1.9581923,0.2468940019607544,0.8878327012062073,0.28638923168182373
YGL032C,YLL015W,0,1.9560447,0.24682874977588654,0.8878327012062073,0.2864897549152374
YKR098C,YLR298C,0,1.9560077,0.24676354229450226,0.8878327012062073,0.2865902781486511
YGR059W,YDR363W,0,1.954655,0.24669836461544037,0.8878327012062073,0.2866908013820648
YDR283C,YAL035W,1,1.9545392,0.24689728021621704,0.8887832760810852,0.2866908013820648
YHR043C,YGR132C,0,1.9536346,0.24683210253715515,0.8887832760810852,0.2867913246154785
YPR094W,YMR060C,0,1.9528005,0.24676695466041565,0.8887832760810852,0.2868918478488922
YBR210W,YPL057C,0,1.9517181,0.24670185148715973,0.8887832760810852,0.2869923710823059
YLR216C,YIR008C,0,1.9511256,0.2466367781162262,0.8887832760810852,0.2870928943157196
YCR089W,YPL015C,0,1.9501207,0.24657173454761505,0.8887832760810852,0.2871934175491333
YMR116C,YKL216W,0,1.9480442,0.2465067207813263,0.8887832760810852,0.287293940782547
YKL211C,YLR022C,0,1.9476491,0.24644175171852112,0.8887832760810852,0.2873944640159607
YOR144C,YOR030W,0,1.9475248,0.24637681245803833,0.8887832760810852,0.2874949872493744
YOR328W,YLL005C,0,1.9470034,0.24631190299987793,0.8887832760810852,0.2875955104827881
YHR191C,YBR229C,0,1.9465294,0.2462470382452011,0.8887832760810852,0.2876960337162018
YOR354C,YPL055C,0,1.945441,0.24618220329284668,0.8887832760810852,0.2877965271472931
YBL045C,YMR014W,0,1.9440734,0.24611739814281464,0.8887832760810852,0.2878970503807068
YFL008W,YMR231W,0,1.9436775,0.24605263769626617,0.8887832760810852,0.2879975736141205
YDR180W,YKL055C,0,1.943176,0.2459878921508789,0.8887832760810852,0.2880980968475342
YBR210W,YDR382W,0,1.9424043,0.24592319130897522,0.8887832760810852,0.2881986200809479
YGR013W,YGL077C,0,1.9403151,0.24585853517055511,0.8887832760810852,0.2882991433143616
YLR150W,YIR003W,1,1.9397707,0.24605678021907806,0.8897338509559631,0.2882991433143616
YEL026W,YHR045W,0,1.9396086,0.24599210917949677,0.8897338509559631,0.28839966654777527
YDR113C,YFL050C,0,1.9358749,0.24592748284339905,0.8897338509559631,0.28850018978118896
YDR394W,YJL100W,0,1.9344194,0.24586288630962372,0.8897338509559631,0.28860071301460266
YIL162W,YML014W,0,1.9336782,0.24579831957817078,0.8897338509559631,0.28870123624801636
YDL004W,YKL012W,0,1.9333305,0.24573378264904022,0.8897338509559631,0.28880175948143005
YNL069C,YML014W,0,1.9328997,0.24566929042339325,0.8897338509559631,0.28890228271484375
YNL154C,YGL145W,0,1.93187,0.24560482800006866,0.8897338509559631,0.28900280594825745
YPL020C,YDR255C,0,1.9316908,0.24554039537906647,0.8897338509559631,0.28910332918167114
YLR136C,YDR037W,0,1.9313071,0.24547600746154785,0.8897338509559631,0.28920385241508484
YHR003C,YDR155C,0,1.9309192,0.24541163444519043,0.8897338509559631,0.28930437564849854
YOR307C,YDR043C,0,1.930273,0.2453473061323166,0.8897338509559631,0.28940489888191223
YKL027W,YDL103C,0,1.9298499,0.24528302252292633,0.8897338509559631,0.2895054221153259
YOR178C,YKR065C,0,1.9294419,0.24521875381469727,0.8897338509559631,0.2896059453487396
YKL091C,YNL265C,0,1.9276953,0.24515452980995178,0.8897338509559631,0.2897064685821533
YOL001W,YER122C,0,1.9269179,0.2450903356075287,0.8897338509559631,0.289806991815567
YJR159W,YOR088W,0,1.9265829,0.24502617120742798,0.8897338509559631,0.2899075150489807
YHR039C,YLR399C,0,1.9255798,0.24496205151081085,0.8897338509559631,0.2900080382823944
YKL065C,YPR091C,1,1.9248624,0.2451595962047577,0.8906844258308411,0.2900080382823944
YDR113C,YBR179C,0,1.9245206,0.24509547650814056,0.8906844258308411,0.2901085615158081
YOL016C,YLR174W,0,1.9244621,0.24503138661384583,0.8906844258308411,0.2902090847492218
YDR382W,YOR010C,0,1.92411,0.24496732652187347,0.8906844258308411,0.2903096079826355
YBL042C,YOR056C,0,1.9230423,0.2449032962322235,0.8906844258308411,0.2904101312160492
YIL049W,YIR003W,0,1.9228147,0.24483929574489594,0.8906844258308411,0.2905106544494629
YDL232W,YKL027W,0,1.9222482,0.24477533996105194,0.8906844258308411,0.2906111776828766
YKR018C,YOR122C,0,1.922243,0.24471141397953033,0.8906844258308411,0.2907117009162903
YNL316C,YJL207C,0,1.9221662,0.24464751780033112,0.8906844258308411,0.290812224149704
YBR203W,YPL170W,0,1.9220707,0.24458366632461548,0.8906844258308411,0.2909127473831177
YLR327C,YJL118W,1,1.9219465,0.2447807937860489,0.891635000705719,0.2909127473831177
YLR166C,YNL252C,0,1.9215734,0.24471692740917206,0.891635000705719,0.29101327061653137
YLR320W,YCR079W,0,1.9215509,0.2446531057357788,0.891635000705719,0.29111379384994507
YBR132C,YJR056C,0,1.9207922,0.24458931386470795,0.891635000705719,0.29121431708335876
YCR102C,YEL026W,0,1.9201193,0.24452555179595947,0.891635000705719,0.29131484031677246
YKL018W,YBR110W,0,1.919075,0.2444618195295334,0.891635000705719,0.29141536355018616
YPL246C,YGR278W,0,1.9181712,0.2443981170654297,0.891635000705719,0.29151588678359985
YOL146W,YNR039C,0,1.9160274,0.24433445930480957,0.891635000705719,0.29161641001701355
YJR144W,YKL012W,0,1.9156659,0.24427083134651184,0.891635000705719,0.29171693325042725
YDR307W,YER058W,0,1.915223,0.2442072331905365,0.891635000705719,0.29181745648384094
YKL027W,YGL181W,0,1.9144382,0.24414367973804474,0.891635000705719,0.29191797971725464
YJL042W,YKR046C,0,1.914416,0.24408014118671417,0.891635000705719,0.29201850295066833
YML026C,YNL097C,0,1.9142894,0.2440166473388672,0.891635000705719,0.29211902618408203
YFL050C,YLR355C,0,1.913718,0.2439531832933426,0.891635000705719,0.2922195494174957
YBR077C,YPL192C,0,1.9136531,0.24388974905014038,0.891635000705719,0.2923200726509094
YDR293C,YDR324C,0,1.9131988,0.24382635951042175,0.891635000705719,0.2924205958843231
YBR221C,YAL061W,0,1.913078,0.2437629997730255,0.891635000705719,0.2925211191177368
YDR016C,YHR191C,0,1.9113469,0.24369965493679047,0.891635000705719,0.2926216423511505
YGR048W,YOR125C,0,1.9090722,0.2436363697052002,0.891635000705719,0.2927221655845642
YGL099W,YBR199W,0,1.9080846,0.24357309937477112,0.891635000705719,0.2928226888179779
YJL151C,YOR017W,0,1.9069035,0.24350985884666443,0.891635000705719,0.2929232120513916
YOR091W,YNL014W,1,1.9065654,0.24370619654655457,0.8925855755805969,0.2929232120513916
YPL162C,YML058W,0,1.9060705,0.24364297091960907,0.8925855755805969,0.2930237352848053
YER119C,YNL326C,0,1.9060099,0.24357976019382477,0.8925855755805969,0.293124258518219
YOL044W,YIL168W,0,1.9047978,0.24351659417152405,0.8925855755805969,0.2932247817516327
YHR039C,YGR028W,0,1.9046211,0.24345345795154572,0.8925855755805969,0.2933253049850464
YIL117C,YLR002C,0,1.9031075,0.24339035153388977,0.8925855755805969,0.2934258282184601
YNR039C,YBL100W-A,0,1.9027431,0.2433272898197174,0.8925855755805969,0.2935263514518738
YOR354C,YGL153W,0,1.9017265,0.24326424300670624,0.8925855755805969,0.2936268448829651
YML078W,YKL139W,0,1.901447,0.24320124089717865,0.8925855755805969,0.2937273681163788
YBR216C,YMR113W,0,1.9014151,0.24313826858997345,0.8925855755805969,0.2938278913497925
YIL040W,YJR129C,0,1.8982522,0.24307532608509064,0.8925855755805969,0.2939284145832062
YMR263W,YOL089C,0,1.898037,0.2430124282836914,0.8925855755805969,0.2940289378166199
YDR119W,YLR229C,0,1.8979602,0.24294954538345337,0.8925855755805969,0.29412946105003357
YGR049W,YIR010W,0,1.8979089,0.2428867071866989,0.8925855755805969,0.29422998428344727
YFL022C,YBR201W,0,1.8977944,0.24282389879226685,0.8925855755805969,0.29433050751686096
YKR067W,YIL049W,0,1.8971168,0.24276112020015717,0.8925855755805969,0.29443103075027466
YNR075W,YLR117C,0,1.8968133,0.24269837141036987,0.8925855755805969,0.29453155398368835
YOR173W,YKR039W,0,1.8967973,0.24263565242290497,0.8925855755805969,0.29463207721710205
YGR013W,YML075C,0,1.8959572,0.24257297813892365,0.8925855755805969,0.29473260045051575
YOL001W,YMR083W,0,1.8958862,0.2425103336572647,0.8925855755805969,0.29483312368392944
YPL086C,YFL002C,0,1.8958434,0.24244771897792816,0.8925855755805969,0.29493364691734314
YNL257C,YJR067C,0,1.8953232,0.242385134100914,0.8925855755805969,0.29503417015075684
YBR133C,YAL009W,0,1.8950753,0.24232257902622223,0.8925855755805969,0.29513469338417053
YDR311W,YPL029W,0,1.8937285,0.24226006865501404,0.8925855755805969,0.29523521661758423
YGR028W,YHR019C,0,1.8929423,0.24219757318496704,0.8925855755805969,0.2953357398509979
YMR161W,YPR185W,0,1.8924291,0.24213512241840363,0.8925855755805969,0.2954362630844116
YGR166W,YDL213C,0,1.8918055,0.2420727014541626,0.8925855755805969,0.2955367863178253
YMR293C,YMR271C,0,1.8916761,0.24201031029224396,0.8925855755805969,0.295637309551239
YGL020C,YDR291W,0,1.8916099,0.2419479489326477,0.8925855755805969,0.2957378327846527
YPL047W,YBL099W,0,1.8910918,0.24188563227653503,0.8925855755805969,0.2958383560180664
YML123C,YKR065C,0,1.8908617,0.24182333052158356,0.8925855755805969,0.2959388792514801
YML062C,YOR030W,0,1.8908001,0.24176107347011566,0.8925855755805969,0.2960394024848938
YPL227C,YBR008C,0,1.8905816,0.24169884622097015,0.8925855755805969,0.2961399257183075
YAR066W,YKR001C,0,1.89028,0.24163664877414703,0.8925855755805969,0.2962404489517212
YCL020W,YHR018C,0,1.8887738,0.2415744811296463,0.8925855755805969,0.2963409721851349
YBR088C,YER170W,0,1.8874304,0.24151234328746796,0.8925855755805969,0.2964414954185486
YNL321W,YGL160W,0,1.8865731,0.2414502501487732,0.8925855755805969,0.2965420186519623
YML130C,YJR007W,0,1.8850784,0.24138817191123962,0.8925855755805969,0.296642541885376
YNL229C,YOR088W,0,1.8847121,0.24132613837718964,0.8925855755805969,0.2967430651187897
YML130C,YNL154C,0,1.8834708,0.24126413464546204,0.8925855755805969,0.29684358835220337
YDL002C,YJR017C,0,1.8832976,0.24120216071605682,0.8925855755805969,0.29694411158561707
YGL012W,YGR206W,0,1.8831847,0.241140216588974,0.8925855755805969,0.29704463481903076
YGR087C,YGR163W,0,1.8814241,0.24107830226421356,0.8925855755805969,0.29714515805244446
YCR067C,YPL015C,0,1.8810272,0.2410164326429367,0.8925855755805969,0.29724568128585815
YOR284W,YEL071W,0,1.8809931,0.24095457792282104,0.8925855755805969,0.29734620451927185
YGL100W,YPR185W,0,1.8808908,0.24089276790618896,0.8925855755805969,0.29744672775268555
YNR051C,YGR256W,0,1.8807935,0.24083098769187927,0.8925855755805969,0.29754725098609924
YPL137C,YJR014W,1,1.8807759,0.2410256415605545,0.8935361504554749,0.29754725098609924
YAL009W,YGR098C,0,1.8803554,0.2409638613462448,0.8935361504554749,0.29764777421951294
YLR320W,YDR216W,0,1.8798478,0.2409020960330963,0.8935361504554749,0.29774829745292664
YBL045C,YLR148W,0,1.8798064,0.2408403754234314,0.8935361504554749,0.29784882068634033
YPR151C,YKL120W,0,1.8766103,0.24077868461608887,0.8935361504554749,0.29794934391975403
YGR148C,YDR365W-B,0,1.8762299,0.24071702361106873,0.8935361504554749,0.2980498671531677
YBR133C,YPL236C,0,1.8759146,0.24065540730953217,0.8935361504554749,0.2981503903865814
YGL048C,YBL100W-A,0,1.8741195,0.2405938059091568,0.8935361504554749,0.2982509136199951
YER124C,YGR207C,0,1.8715942,0.24053223431110382,0.8935361504554749,0.2983514368534088
YHR134W,YBR077C,0,1.8715308,0.24047070741653442,0.8935361504554749,0.2984519600868225
YPL249C-A,YGL150C,0,1.871252,0.24040921032428741,0.8935361504554749,0.2985524833202362
YHL009C,YPL249C,0,1.8712115,0.2403477430343628,0.8935361504554749,0.2986530065536499
YDR162C,YMR323W,0,1.8701893,0.24028630554676056,0.8935361504554749,0.2987535297870636
YDL064W,YPR201W,0,1.8697729,0.2402248978614807,0.8935361504554749,0.2988540530204773
YMR170C,YKL193C,0,1.8695261,0.24016351997852325,0.8935361504554749,0.298954576253891
YPL060C-A,YDR143C,0,1.869474,0.24010217189788818,0.8935361504554749,0.2990550994873047
YOL094C,YPL030W,0,1.8678355,0.2400408536195755,0.8935361504554749,0.2991556227207184
YOR229W,YMR231W,0,1.8675116,0.2399795800447464,0.8935361504554749,0.2992561459541321
YGR166W,YMR134W,0,1.8669198,0.2399183213710785,0.8935361504554749,0.2993566691875458
YPL211W,YGL023C,0,1.8661524,0.23985710740089417,0.8935361504554749,0.2994571626186371
YCR088W,YPL066W,0,1.8660734,0.23979592323303223,0.8935361504554749,0.2995576858520508
YGL023C,YLR398C,0,1.8654044,0.23973476886749268,0.8935361504554749,0.2996582090854645
YOR022C,YGL187C,0,1.8644733,0.23967362940311432,0.8935361504554749,0.2997587323188782
YJL100W,YKL148C,0,1.8641287,0.23961253464221954,0.8935361504554749,0.29985925555229187
YJL042W,YNL030W,0,1.8624152,0.23955148458480835,0.8935361504554749,0.29995977878570557
YDL020C,YGR231C,0,1.8620671,0.23949044942855835,0.8935361504554749,0.30006030201911926
YLR320W,YDR363W,0,1.8599745,0.23942944407463074,0.8935361504554749,0.30016082525253296
YOL016C,YNL299W,0,1.8578006,0.2393684685230255,0.8935361504554749,0.30026134848594666
YHR039C,YPR101W,0,1.8575176,0.23930753767490387,0.8935361504554749,0.30036187171936035
YNL264C,YPL212C,0,1.8573854,0.23924662172794342,0.8935361504554749,0.30046239495277405
YJL116C,YGL055W,0,1.8566467,0.23918575048446655,0.8935361504554749,0.30056291818618774
YGL181W,YDR316W,0,1.8560627,0.23912490904331207,0.8935361504554749,0.30066344141960144
YCR042C,YLR399C,0,1.8557798,0.2390640825033188,0.8935361504554749,0.30076396465301514
YLR275W,YDR484W,0,1.8556437,0.23900330066680908,0.8935361504554749,0.30086448788642883
YLL023C,YPR004C,0,1.8556285,0.23894254863262177,0.8935361504554749,0.30096501111984253
YKL113C,YDL153C,0,1.8549685,0.23888182640075684,0.8935361504554749,0.3010655343532562
YBR298C,YOR205C,0,1.8544528,0.2388211339712143,0.8935361504554749,0.3011660575866699
YJL115W,YMR271C,0,1.8540578,0.23876047134399414,0.8935361504554749,0.3012665808200836
YDL052C,YKL084W,0,1.8537552,0.23869985342025757,0.8935361504554749,0.3013671040534973
YFL022C,YHR152W,0,1.8533525,0.2386392503976822,0.8935361504554749,0.301467627286911
YCR066W,YDL092W,0,1.8527627,0.2385786771774292,0.8935361504554749,0.3015681505203247
YLR157C-A,YDR051C,0,1.8523662,0.2385181486606598,0.8935361504554749,0.3016686737537384
YBR073W,YKR022C,0,1.851156,0.23845763504505157,0.8935361504554749,0.3017691969871521
YHR134W,YMR190C,0,1.8507013,0.23839716613292694,0.8935361504554749,0.3018697202205658
YER119C,YBL100W-A,0,1.8501174,0.2383367121219635,0.8935361504554749,0.3019702434539795
YPL256C,YPL005W,0,1.85,0.23827630281448364,0.8935361504554749,0.3020707666873932
YMR134W,YPL270W,0,1.8495855,0.23821590840816498,0.8935361504554749,0.3021712899208069
YNL058C,YPL270W,0,1.8490075,0.2381555587053299,0.8935361504554749,0.3022718131542206
YGL099W,YDR099W,0,1.8487933,0.2380952388048172,0.8935361504554749,0.3023723363876343
YBR217W,YJL113W,0,1.8482845,0.2380349487066269,0.8935361504554749,0.302472859621048
YIR034C,YOL148C,0,1.8481755,0.23797468841075897,0.8935361504554749,0.30257338285446167
YDL002C,YDR099W,0,1.8479096,0.23791445791721344,0.8935361504554749,0.30267390608787537
YLR225C,YPR103W,0,1.8472412,0.2378542572259903,0.8935361504554749,0.30277442932128906
YJL118W,YLR119W,0,1.8465065,0.23779408633708954,0.8935361504554749,0.30287495255470276
YGL224C,YBL045C,0,1.8459793,0.23773394525051117,0.8935361504554749,0.30297547578811646
YHR007C,YOR367W,0,1.8453981,0.2376738339662552,0.8935361504554749,0.30307599902153015
YGR247W,YGR289C,0,1.8453717,0.2376137524843216,0.8935361504554749,0.30317652225494385
YLR393W,YCR070W,0,1.8453054,0.2375537008047104,0.8935361504554749,0.30327704548835754
YMR135C,YPL275W,0,1.8449256,0.23749367892742157,0.8935361504554749,0.30337756872177124
YKL213C,YMR231W,0,1.8447695,0.23743370175361633,0.8935361504554749,0.30347809195518494
YCL038C,YCR020W-B,0,1.842546,0.2373737394809723,0.8935361504554749,0.30357861518859863
YDR506C,YLL015W,0,1.8422999,0.23731380701065063,0.8935361504554749,0.30367913842201233
YBR280C,YML123C,0,1.842078,0.23725391924381256,0.8935361504554749,0.303779661655426
YGL011C,YHR094C,0,1.8420479,0.23719404637813568,0.8935361504554749,0.3038801848888397
YBL046W,YAL061W,0,1.8397678,0.2371342033147812,0.8935361504554749,0.3039807081222534
YKR092C,YFR055W,0,1.8394287,0.23707440495491028,0.8935361504554749,0.3040812313556671
YJL074C,YKR039W,0,1.8390219,0.23701462149620056,0.8935361504554749,0.3041817545890808
YGL131C,YJR159W,0,1.8387617,0.23695488274097443,0.8935361504554749,0.3042822778224945
YPL029W,YGL047W,0,1.8379751,0.23689515888690948,0.8935361504554749,0.3043828010559082
YDR097C,YIL097W,0,1.8375815,0.23683547973632812,0.8935361504554749,0.3044833242893219
YDR043C,YJL154C,0,1.8371425,0.23677581548690796,0.8935361504554749,0.3045838475227356
YHL022C,YNL305C,0,1.8369108,0.23671619594097137,0.8935361504554749,0.3046843707561493
YOL034W,YBR227C,0,1.8367772,0.23665659129619598,0.8935361504554749,0.304784893989563
YMR266W,YMR154C,0,1.8361279,0.23659703135490417,0.8935361504554749,0.3048854172229767
YMR193W,YPR096C,1,1.8360031,0.23678912222385406,0.894486665725708,0.3048854172229767
YKR018C,YCR043C,0,1.8358545,0.23672956228256226,0.894486665725708,0.3049859404563904
YGR192C,YBR239C,0,1.8327289,0.23667001724243164,0.894486665725708,0.3050864636898041
YMR283C,YOR130C,0,1.8317475,0.2366105169057846,0.894486665725708,0.3051869869232178
YER146W,YMR044W,0,1.8312432,0.23655103147029877,0.894486665725708,0.3052874803543091
YPL012W,YLL032C,1,1.8311347,0.23674289882183075,0.8954372406005859,0.3052874803543091
YDR210W,YKL167C,0,1.8299193,0.2366834133863449,0.8954372406005859,0.3053880035877228
YGR121C,YKL167C,0,1.8292203,0.23662395775318146,0.8954372406005859,0.3054885268211365
YPR181C,YBR239C,0,1.8288966,0.2365645468235016,0.8954372406005859,0.30558905005455017
YGR287C,YIL016W,0,1.8288174,0.2365051507949829,0.8954372406005859,0.30568957328796387
YGR275W,YHR112C,0,1.8286694,0.23644578456878662,0.8954372406005859,0.30579009652137756
YOR208W,YPR079W,0,1.8286581,0.23638644814491272,0.8954372406005859,0.30589061975479126
YIR007W,YIL114C,0,1.8281829,0.2363271415233612,0.8954372406005859,0.30599114298820496
YKL027W,YGL079W,0,1.8281089,0.23626786470413208,0.8954372406005859,0.30609166622161865
YLR035C,YHR128W,0,1.8280635,0.23620863258838654,0.8954372406005859,0.30619218945503235
YLR216C,YEL071W,0,1.8278956,0.23614941537380219,0.8954372406005859,0.30629271268844604
YHL001W,YDR180W,0,1.8276687,0.23609022796154022,0.8954372406005859,0.30639323592185974
YGL002W,YDR237W,0,1.8261168,0.23603107035160065,0.8954372406005859,0.30649375915527344
YGL100W,YHR102W,0,1.8255014,0.23597194254398346,0.8954372406005859,0.30659428238868713
YGR247W,YKL157W,0,1.825253,0.23591284453868866,0.8954372406005859,0.30669480562210083
YHR121W,YDR099W,0,1.8251512,0.23585377633571625,0.8954372406005859,0.3067953288555145
YJL050W,YBR227C,0,1.8250698,0.23579473793506622,0.8954372406005859,0.3068958520889282
YBL102W,YEL042W,0,1.8241807,0.2357357293367386,0.8954372406005859,0.3069963753223419
YCL020W,YGR065C,0,1.824162,0.23567675054073334,0.8954372406005859,0.3070968985557556
YOR307C,YCR024C-A,0,1.824126,0.23561780154705048,0.8954372406005859,0.3071974217891693
YNL090W,YNL241C,0,1.8227701,0.23555888235569,0.8954372406005859,0.307297945022583
YGL013C,YHR043C,0,1.8225672,0.23549999296665192,0.8954372406005859,0.3073984682559967
YMR047C,YAL061W,0,1.821865,0.23544113337993622,0.8954372406005859,0.3074989914894104
YJR088C,YHR200W,0,1.8209572,0.2353823035955429,0.8954372406005859,0.3075995147228241
YCL045C,YKL055C,0,1.8195434,0.23532350361347198,0.8954372406005859,0.3077000379562378
YLR084C,YDR267C,0,1.8195065,0.23526473343372345,0.8954372406005859,0.3078005611896515
YOL119C,YCL026C-A,0,1.8187709,0.2352059930562973,0.8954372406005859,0.3079010844230652
YMR170C,YFR055W,0,1.8186821,0.23514728248119354,0.8954372406005859,0.3080016076564789
YNR036C,YNL312W,0,1.8178674,0.23508860170841217,0.8954372406005859,0.3081021308898926
YPL029W,YDR266C,0,1.8173037,0.235029935836792,0.8954372406005859,0.3082026541233063
YCR073C,YEL011W,0,1.8171735,0.2349713146686554,0.8954372406005859,0.30830317735671997
YLR242C,YNL005C,0,1.8170898,0.2349127233028412,0.8954372406005859,0.30840370059013367
YPL053C,YHR176W,0,1.8163424,0.23485414683818817,0.8954372406005859,0.30850422382354736
YDR104C,YBR265W,0,1.8163078,0.23479561507701874,0.8954372406005859,0.30860474705696106
YGR038W,YBR204C,0,1.8162622,0.2347370982170105,0.8954372406005859,0.30870527029037476
YLR340W,YLR157C-B,0,1.8160355,0.23467862606048584,0.8954372406005859,0.30880579352378845
YMR119W,YLR205C,0,1.8157028,0.23462016880512238,0.8954372406005859,0.30890631675720215
YNL124W,YPL029W,0,1.8151395,0.2345617562532425,0.8954372406005859,0.30900683999061584
YHR115C,YGR215W,0,1.815114,0.2345033586025238,0.8954372406005859,0.30910736322402954
YNL152W,YEL009C,0,1.814287,0.2344449907541275,0.8954372406005859,0.30920788645744324
YBR215W,YPL230W,0,1.813436,0.23438666760921478,0.8954372406005859,0.30930840969085693
YDR210W,YGL208W,0,1.8116709,0.23432835936546326,0.8954372406005859,0.30940893292427063
YEL004W,YBL003C,0,1.8111222,0.23427008092403412,0.8954372406005859,0.3095094561576843
YCR027C,YNL005C,0,1.8098724,0.23421183228492737,0.8954372406005859,0.309609979391098
YJR067C,YKL167C,0,1.809849,0.234153613448143,0.8954372406005859,0.3097105026245117
YLR183C,YMR269W,1,1.8094552,0.23434393107891083,0.8963878154754639,0.3097105026245117
YJL018W,YKL027W,0,1.8085834,0.23428571224212646,0.8963878154754639,0.3098110258579254
YHR143W-A,YML121W,0,1.807448,0.2342275232076645,0.8963878154754639,0.3099115490913391
YML007W,YDR258C,0,1.8074327,0.2341693639755249,0.8963878154754639,0.3100120723247528
YPL030W,YPL270W,0,1.8071969,0.2341112196445465,0.8963878154754639,0.3101125955581665
YNL067W,YIL121W,0,1.8052949,0.2340531200170517,0.8963878154754639,0.3102131187915802
YGR203W,YMR167W,0,1.8050944,0.23399503529071808,0.8963878154754639,0.3103136420249939
YLR084C,YLR003C,0,1.804724,0.23393699526786804,0.8963878154754639,0.3104141652584076
YLR341W,YML121W,0,1.8035197,0.2338789701461792,0.8963878154754639,0.3105146884918213
YKL127W,YMR231W,0,1.8030603,0.23382097482681274,0.8963878154754639,0.310615211725235
YLR408C,YJL137C,0,1.8029323,0.23376300930976868,0.8963878154754639,0.3107157349586487
YGR133W,YGL134W,0,1.8018265,0.233705073595047,0.8963878154754639,0.3108162581920624
YJR014W,YLR308W,0,1.8017428,0.2336471825838089,0.8963878154754639,0.3109167814254761
YJL074C,YNR049C,0,1.8016909,0.2335892915725708,0.8963878154754639,0.31101730465888977
YOR033C,YMR058W,0,1.8011045,0.23353144526481628,0.8963878154754639,0.3111177980899811
YLR406C,YMR014W,0,1.8002057,0.23347362875938416,0.8963878154754639,0.3112183213233948
YEL060C,YBR004C,0,1.7993253,0.23341584205627441,0.8963878154754639,0.31131884455680847
YDR058C,YDR266C,0,1.79912,0.23335808515548706,0.8963878154754639,0.31141936779022217
YPL023C,YGL012W,0,1.7988179,0.2333003431558609,0.8963878154754639,0.31151989102363586
YGL099W,YDR363W,0,1.7962275,0.23324264585971832,0.8963878154754639,0.31162041425704956
YPR082C,YPL023C,0,1.7961547,0.23318496346473694,0.8963878154754639,0.31172093749046326
YPL230W,YOR205C,0,1.7953764,0.23312731087207794,0.8963878154754639,0.31182146072387695
YOR118W,YLR157C-B,0,1.7952929,0.23306970298290253,0.8963878154754639,0.31192198395729065
YBR039W,YOR368W,0,1.7949166,0.2330121099948883,0.8963878154754639,0.31202250719070435
YFR004W,YPL118W,0,1.7944086,0.23295454680919647,0.8963878154754639,0.31212303042411804
YPR181C,YDR538W,0,1.7939265,0.23289701342582703,0.8963878154754639,0.31222355365753174
YER172C,YMR083W,0,1.7935867,0.23283950984477997,0.8963878154754639,0.31232407689094543
YBR070C,YNR039C,0,1.7933518,0.2327820360660553,0.8963878154754639,0.31242460012435913
YMR214W,YPL237W,0,1.7931075,0.23272457718849182,0.8963878154754639,0.3125251233577728
YOL115W,YBR127C,0,1.7930037,0.23266716301441193,0.8963878154754639,0.3126256465911865
YPL236C,YKL148C,0,1.792379,0.23260976374149323,0.8963878154754639,0.3127261698246002
YNL126W,YDR237W,0,1.7911351,0.2325524091720581,0.8963878154754639,0.3128266930580139
YPL241C,YOL058W,0,1.7885127,0.23249506950378418,0.8963878154754639,0.3129272162914276
YDR058C,YBR056W,0,1.7878039,0.23243775963783264,0.8963878154754639,0.3130277395248413
YOR118W,YPL236C,0,1.787801,0.2323804795742035,0.8963878154754639,0.313128262758255
YBR298C,YML062C,0,1.7877738,0.23232322931289673,0.8963878154754639,0.3132287859916687
YOR362C,YPL270W,0,1.7868558,0.23226600885391235,0.8963878154754639,0.3133293092250824
YLR372W,YNR039C,0,1.7866486,0.23220881819725037,0.8963878154754639,0.3134298324584961
YDL212W,YMR167W,0,1.7863338,0.23215164244174957,0.8963878154754639,0.3135303556919098
YMR119W,YER094C,0,1.7863284,0.23209451138973236,0.8963878154754639,0.3136308789253235
YOL077W-A,YMR154C,0,1.7862469,0.23203739523887634,0.8963878154754639,0.3137314021587372
YGL124C,YKL012W,0,1.7858083,0.2319803237915039,0.8963878154754639,0.3138319253921509
YDR119W,YAL042W,0,1.7855611,0.23192326724529266,0.8963878154754639,0.3139324486255646
YOL039W,YCR088W,0,1.7854836,0.2318662405014038,0.8963878154754639,0.31403297185897827
YER078C,YEL034W,0,1.7852616,0.23180924355983734,0.8963878154754639,0.31413349509239197
YNL257C,YHR034C,0,1.7831961,0.23175227642059326,0.8963878154754639,0.31423401832580566
YIL010W,YDR316W,0,1.7823467,0.23169533908367157,0.8963878154754639,0.31433454155921936
YHR141C,YAL001C,0,1.7819197,0.23163841664791107,0.8963878154754639,0.31443506479263306
YEL042W,YOR028C,0,1.7813711,0.23158153891563416,0.8963878154754639,0.31453558802604675
YHL009C,YJL138C,0,1.781263,0.23152467608451843,0.8963878154754639,0.31463611125946045
YDL103C,YKL211C,0,1.7811542,0.2314678430557251,0.8963878154754639,0.31473663449287415
YGR074W,YBR204C,0,1.7802861,0.23141103982925415,0.8963878154754639,0.31483715772628784
YKL137W,YAL042W,0,1.7802002,0.2313542664051056,0.8963878154754639,0.31493768095970154
YGR038W,YDR394W,0,1.7791739,0.23129752278327942,0.8963878154754639,0.31503820419311523
YPR082C,YIL121W,0,1.7785249,0.23124080896377563,0.8963878154754639,0.31513872742652893
YOL130W,YDL213C,0,1.7780981,0.23118411004543304,0.8963878154754639,0.3152392506599426
YDL042C,YNL152W,0,1.7780049,0.23112745583057404,0.8963878154754639,0.3153397738933563
YOR128C,YML062C,0,1.7774818,0.23107081651687622,0.8963878154754639,0.31544029712677
YGR091W,YLL028W,0,1.777078,0.2310142070055008,0.8963878154754639,0.3155408203601837
YKL025C,YDR324C,0,1.7770475,0.23095762729644775,0.8963878154754639,0.3156413435935974
YHL022C,YEL009C,0,1.7768884,0.2309010773897171,0.8963878154754639,0.3157418668270111
YNL169C,YFR004W,0,1.7764888,0.23084455728530884,0.8963878154754639,0.3158423900604248
YNL209W,YAL009W,0,1.7764218,0.23078805208206177,0.8963878154754639,0.3159429132938385
YML022W,YDL156W,0,1.7763634,0.23073159158229828,0.8963878154754639,0.3160434365272522
YOL119C,YNR039C,0,1.7758876,0.23067514598369598,0.8963878154754639,0.3161439597606659
YNL090W,YKL176C,0,1.7758533,0.23061873018741608,0.8963878154754639,0.3162444829940796
YIL063C,YNL272C,0,1.7748644,0.23056234419345856,0.8963878154754639,0.3163450062274933
YLR369W,YPR023C,0,1.7746912,0.23050598800182343,0.8963878154754639,0.316445529460907
YIR003W,YBR018C,0,1.7738044,0.23044966161251068,0.8963878154754639,0.3165460526943207
YBR234C,YNL229C,0,1.773381,0.23039335012435913,0.8963878154754639,0.3166465759277344
YKL027W,YNL087W,0,1.7712914,0.23033708333969116,0.8963878154754639,0.31674709916114807
YHR216W,YBR018C,0,1.771214,0.2302808314561844,0.8963878154754639,0.31684762239456177
YNL321W,YPL275W,0,1.7698951,0.230224609375,0.8963878154754639,0.3169481158256531
YOL146W,YNR051C,0,1.7679734,0.230168417096138,0.8963878154754639,0.3170486390590668
YDR477W,YGR231C,0,1.7676344,0.2301122546195984,0.8963878154754639,0.31714916229248047
YLL039C,YHR001W,0,1.7672923,0.23005610704421997,0.8963878154754639,0.31724968552589417
YML064C,YLR157C-B,0,1.7668741,0.23000000417232513,0.8963878154754639,0.31735020875930786
YDL212W,YMR029C,0,1.7668008,0.2299439162015915,0.8963878154754639,0.31745073199272156
YLR369W,YJR067C,0,1.7667872,0.22988785803318024,0.8963878154754639,0.31755125522613525
YER078C,YOR125C,0,1.7658927,0.22983182966709137,0.8963878154754639,0.31765177845954895
YOR197W,YPL079W,0,1.7657514,0.2297758311033249,0.8963878154754639,0.31775230169296265
YNL186W,YDR085C,0,1.7651,0.2297198474407196,0.8963878154754639,0.31785282492637634
YIL066C,YGR132C,0,1.7635098,0.2296639084815979,0.8963878154754639,0.31795334815979004
YBR235W,YDL058W,0,1.762557,0.2296079844236374,0.8963878154754639,0.31805387139320374
YPL072W,YEL042W,0,1.7612181,0.22955209016799927,0.8963878154754639,0.31815439462661743
YGR048W,YKL065C,0,1.7608112,0.22949622571468353,0.8963878154754639,0.31825491786003113
YBR217W,YKR098C,0,1.759934,0.22944039106369019,0.8963878154754639,0.3183554410934448
YDR258C,YGR065C,0,1.758497,0.22938457131385803,0.8963878154754639,0.3184559643268585
YNR054C,YNL225C,0,1.7577769,0.22932879626750946,0.8963878154754639,0.3185564875602722
YDR349C,YHL022C,0,1.757519,0.22927303612232208,0.8963878154754639,0.3186570107936859
YFR051C,YDR432W,0,1.7566619,0.2292173057794571,0.8963878154754639,0.3187575340270996
YGR207C,YKL065C,0,1.7566216,0.2291616052389145,0.8963878154754639,0.3188580572605133
YOL097C,YOL001W,0,1.754981,0.22910593450069427,0.8963878154754639,0.318958580493927
YDL004W,YLR117C,0,1.754385,0.22905027866363525,0.8963878154754639,0.3190591037273407
YBL018C,YOL044W,0,1.7538002,0.22899465262889862,0.8963878154754639,0.3191596269607544
YJR090C,YOR198C,0,1.7527052,0.22893905639648438,0.8963878154754639,0.3192601501941681
YDR101C,YEL043W,1,1.7521669,0.2291262149810791,0.8973383903503418,0.3192601501941681
YEL026W,YMR268C,0,1.7521348,0.22907061874866486,0.8973383903503418,0.3193606734275818
YDR322C-A,YGR109C,0,1.7509269,0.2290150374174118,0.8973383903503418,0.3194611966609955
YOL115W,YBL050W,0,1.7509196,0.22895950078964233,0.8973383903503418,0.3195617198944092
YIL158W,YGR280C,0,1.7483789,0.22890397906303406,0.8973383903503418,0.3196622431278229
YJL204C,YFL022C,0,1.7483766,0.22884848713874817,0.8973383903503418,0.3197627663612366
YKR081C,YMR161W,0,1.7479005,0.22879302501678467,0.8973383903503418,0.31986328959465027
YML024W,YPR165W,0,1.7473865,0.22873757779598236,0.8973383903503418,0.31996381282806396
YKL084W,YPR004C,0,1.7470784,0.22868217527866364,0.8973383903503418,0.32006433606147766
YDL020C,YER026C,0,1.7465067,0.2286267876625061,0.8973383903503418,0.32016485929489136
YOL077W-A,YBR244W,0,1.7457058,0.22857142984867096,0.8973383903503418,0.32026538252830505
YBR288C,YJL093C,0,1.7448549,0.2285161018371582,0.8973383903503418,0.32036590576171875
YHR007C,YJR043C,0,1.7447698,0.22846078872680664,0.8973383903503418,0.32046642899513245
YPR058W,YKL120W,0,1.7444266,0.22840552031993866,0.8973383903503418,0.32056695222854614
YMR260C,YDR484W,0,1.7443428,0.22835026681423187,0.8973383903503418,0.32066747546195984
YHR141C,YLR013W,0,1.7443042,0.22829504311084747,0.8973383903503418,0.32076799869537354
YJR113C,YFR004W,0,1.7430221,0.22823984920978546,0.8973383903503418,0.32086852192878723
YHL013C,YBR201W,0,1.7429881,0.22818467020988464,0.8973383903503418,0.3209690451622009
YLR077W,YDR119W,0,1.7411828,0.2281295359134674,0.8973383903503418,0.3210695683956146
YEL026W,YDL044C,0,1.7399005,0.22807441651821136,0.8973383903503418,0.3211700916290283
YKL035W,YKL157W,0,1.7392349,0.2280193269252777,0.8973383903503418,0.321270614862442
YLR406C,YOR153W,0,1.7384126,0.22796426713466644,0.8973383903503418,0.3213711380958557
YIL082W-A,YHR018C,0,1.7383887,0.22790922224521637,0.8973383903503418,0.3214716613292694
YBR221C,YOR133W,0,1.7359467,0.22785420715808868,0.8973383903503418,0.3215721845626831
YPL060C-A,YGR140W,0,1.7356946,0.2277992218732834,0.8973383903503418,0.3216727077960968
YLR057W,YPL037C,0,1.735517,0.22774426639080048,0.8973383903503418,0.3217732310295105
YGL255W,YDR237W,0,1.7334151,0.22768934071063995,0.8973383903503418,0.3218737542629242
YLR138W,YLR275W,0,1.733142,0.22763442993164062,0.8973383903503418,0.3219742774963379
YBR217W,YPR104C,0,1.7330132,0.22757956385612488,0.8973383903503418,0.3220748007297516
YKR067W,YOR190W,0,1.7322367,0.22752469778060913,0.8973383903503418,0.3221753239631653
YGL224C,YNL058C,0,1.7310939,0.22746987640857697,0.8973383903503418,0.322275847196579
YGR183C,YCL010C,0,1.7308791,0.2274150848388672,0.8973383903503418,0.3223763704299927
YIR034C,YKR042W,0,1.7295775,0.2273603081703186,0.8973383903503418,0.32247689366340637
YLR310C,YDR194C,0,1.7295365,0.2273055613040924,0.8973383903503418,0.32257741689682007
YDR142C,YIL162W,0,1.7291223,0.2272508442401886,0.8973383903503418,0.3226779103279114
YPR103W,YCR024C-A,0,1.7266101,0.22719614207744598,0.8973383903503418,0.3227784335613251
YKL107W,YLR178C,0,1.7262902,0.22714148461818695,0.8973383903503418,0.32287895679473877
YLR378C,YDR450W,0,1.7239857,0.2270868420600891,0.8973383903503418,0.32297948002815247
YML026C,YGR289C,0,1.7238722,0.22703222930431366,0.8973383903503418,0.32308000326156616
YGL125W,YJL014W,0,1.7234833,0.2269776314496994,0.8973383903503418,0.32318052649497986
YDR155C,YPL283C,0,1.7230163,0.22692307829856873,0.8973383903503418,0.32328104972839355
YCR020W-B,YDL236W,0,1.721007,0.22686854004859924,0.8973383903503418,0.32338157296180725
YLR116W,YNL139C,0,1.7202055,0.22681403160095215,0.8973383903503418,0.32348209619522095
YNL075W,YPR201W,0,1.7199292,0.22675955295562744,0.8973383903503418,0.32358261942863464
YLR388W,YPL008W,0,1.7190697,0.22670508921146393,0.8973383903503418,0.32368314266204834
YKL137W,YPR022C,0,1.7186097,0.2266506552696228,0.8973383903503418,0.32378366589546204
YLR393W,YJR113C,0,1.7183214,0.22659625113010406,0.8973383903503418,0.32388418912887573
YOR007C,YBL027W,0,1.7161393,0.22654187679290771,0.8973383903503418,0.32398471236228943
YDL188C,YHR026W,0,1.7157767,0.22648751735687256,0.8973383903503418,0.3240852355957031
YCL038C,YDR477W,0,1.7156527,0.22643320262432098,0.8973383903503418,0.3241857588291168
YOR321W,YPR165W,0,1.7139091,0.2263789027929306,0.8973383903503418,0.3242862820625305
YLR275W,YOL027C,0,1.7135313,0.22632461786270142,0.8973383903503418,0.3243868052959442
YNR056C,YAL061W,0,1.7114174,0.2262703776359558,0.8973383903503418,0.3244873285293579
YOR003W,YGR132C,0,1.709295,0.2262161523103714,0.8973383903503418,0.3245878517627716
YJR043C,YKL065C,0,1.7090955,0.22616195678710938,0.8973383903503418,0.3246883749961853
YGL001C,YLR372W,0,1.7081627,0.22610779106616974,0.8973383903503418,0.324788898229599
YOR354C,YER157W,0,1.7076975,0.2260536402463913,0.8973383903503418,0.3248894214630127
YKL035W,YOR022C,0,1.7069186,0.22599951922893524,0.8973383903503418,0.3249899446964264
YDR123C,YOR339C,0,1.7060211,0.22594542801380157,0.8973383903503418,0.3250904679298401
YCR034W,YOR205C,0,1.7051625,0.2258913666009903,0.8973383903503418,0.3251909911632538
YPR101W,YEL060C,0,1.7049942,0.2258373200893402,0.8973383903503418,0.3252915143966675
YNL257C,YML126C,0,1.7038124,0.2257833033800125,0.8973383903503418,0.3253920376300812
YLR166C,YCR102C,0,1.7034011,0.2257293164730072,0.8973383903503418,0.3254925608634949
YIR003W,YNL222W,0,1.7029079,0.22567535936832428,0.8973383903503418,0.32559308409690857
YJL145W,YMR216C,0,1.7028561,0.22562141716480255,0.8973383903503418,0.32569360733032227
YHR032W,YDR001C,0,1.701954,0.2255675047636032,0.8973383903503418,0.32579413056373596
YHR019C,YNL220W,0,1.7016753,0.22551362216472626,0.8973383903503418,0.32589465379714966
YOR307C,YPR056W,0,1.698477,0.2254597544670105,0.8973383903503418,0.32599517703056335
YPL228W,YKR042W,0,1.6981161,0.22540591657161713,0.8973383903503418,0.32609570026397705
YDL181W,YIL085C,0,1.6979722,0.22535210847854614,0.8973383903503418,0.32619622349739075
YER078C,YPR056W,0,1.6974528,0.22529833018779755,0.8973383903503418,0.32629674673080444
YGR152C,YNL088W,0,1.6959093,0.22524456679821014,0.8973383903503418,0.32639726996421814
YKL091C,YGL017W,0,1.6954145,0.22519083321094513,0.8973383903503418,0.32649779319763184
YLR274W,YCL011C,0,1.6949389,0.2251371294260025,0.8973383903503418,0.32659831643104553
YIR003W,YLR333C,1,1.6924486,0.22532188892364502,0.8982889652252197,0.32659831643104553
YML126C,YMR068W,0,1.6911714,0.2252681702375412,0.8982889652252197,0.32669883966445923
YAR050W,YDL213C,0,1.6908615,0.22521449625492096,0.8982889652252197,0.3267993628978729
YFL031W,YJL160C,0,1.6889364,0.22516082227230072,0.8982889652252197,0.3268998861312866
YNL069C,YOL044W,0,1.6882179,0.22510719299316406,0.8982889652252197,0.3270004093647003
YOR007C,YOR003W,0,1.6879156,0.2250535786151886,0.8982889652252197,0.327100932598114
YGL234W,YML001W,0,1.6876266,0.22499999403953552,0.8982889652252197,0.3272014558315277
YGR109C,YKL211C,0,1.6874301,0.22494643926620483,0.8982889652252197,0.3273019790649414
YGL133W,YBR201W,0,1.6866031,0.22489291429519653,0.8982889652252197,0.3274025022983551
YLR431C,YGR256W,0,1.6864778,0.22483940422534943,0.8982889652252197,0.3275030255317688
YDR210W-A,YKR025W,0,1.6863395,0.2247859239578247,0.8982889652252197,0.3276035487651825
YER054C,YDR258C,0,1.6853986,0.22473245859146118,0.8982889652252197,0.3277040719985962
YJR144W,YBR044C,0,1.6840253,0.22467902302742004,0.8982889652252197,0.3278045952320099
YNL139C,YKL012W,0,1.6835873,0.2246256172657013,0.8982889652252197,0.3279051184654236
YDR006C,YBR019C,0,1.682216,0.22457224130630493,0.8982889652252197,0.3280056416988373
YDL188C,YJL138C,0,1.6818846,0.22451889514923096,0.8982889652252197,0.328106164932251
YLR340W,YBR135W,0,1.6818181,0.22446556389331818,0.8982889652252197,0.3282066881656647
YKL073W,YOR130C,0,1.6811483,0.2244122475385666,0.8982889652252197,0.32830721139907837
YNL082W,YOR336W,0,1.6803474,0.22435897588729858,0.8982889652252197,0.32840773463249207
YKL211C,YMR231W,0,1.6790991,0.22430571913719177,0.8982889652252197,0.3285082280635834
YJR002W,YGL187C,0,1.6790042,0.22425249218940735,0.8982889652252197,0.32860875129699707
YBR088C,YER073W,0,1.6788541,0.2241992950439453,0.8982889652252197,0.32870927453041077
YNL209W,YPL003W,0,1.677964,0.22414611279964447,0.8982889652252197,0.32880979776382446
YNL030W,YDL222C,0,1.6775187,0.22409296035766602,0.8982889652252197,0.32891032099723816
YMR014W,YER183C,0,1.6771014,0.22403982281684875,0.8982889652252197,0.32901084423065186
YJL010C,YGR132C,0,1.6769032,0.22398672997951508,0.8982889652252197,0.32911136746406555
YAR071W,YHR102W,0,1.6766386,0.2239336520433426,0.8982889652252197,0.32921189069747925
YDR339C,YKR042W,0,1.6764421,0.2238806039094925,0.8982889652252197,0.32931241393089294
YJL051W,YMR231W,0,1.6750547,0.2238275706768036,0.8982889652252197,0.32941293716430664
YKL107W,YMR199W,0,1.6745733,0.22377456724643707,0.8982889652252197,0.32951346039772034
YAR050W,YDR020C,0,1.6740253,0.22372159361839294,0.8982889652252197,0.32961398363113403
YGL160W,YGR084C,1,1.67389,0.22390532493591309,0.8992395401000977,0.32961398363113403
YNR012W,YDR266C,0,1.6730876,0.22385233640670776,0.8992395401000977,0.32971450686454773
YNR026C,YGR215W,0,1.6730617,0.22379937767982483,0.8992395401000977,0.3298150300979614
YPL237W,YBR239C,0,1.6717825,0.22374644875526428,0.8992395401000977,0.3299155533313751
YKL193C,YLR421C,0,1.6707807,0.22369354963302612,0.8992395401000977,0.3300160765647888
YFR009W,YLR066W,0,1.6706737,0.22364066541194916,0.8992395401000977,0.3301165997982025
YLR084C,YGR240C,0,1.6694393,0.22358781099319458,0.8992395401000977,0.3302171230316162
YLR002C,YJL160C,0,1.667706,0.2235349714756012,0.8992395401000977,0.3303176462650299
YLR272C,YOR312C,0,1.6675498,0.2234821617603302,0.8992395401000977,0.3304181694984436
YBR290W,YBR186W,0,1.6658299,0.2234293818473816,0.8992395401000977,0.3305186927318573
YDL005C,YNL083W,0,1.6655381,0.22337661683559418,0.8992395401000977,0.330619215965271
YAL055W,YLR089C,0,1.6651342,0.22332389652729034,0.8992395401000977,0.3307197391986847
YBR018C,YNL097C,0,1.6648022,0.2232711762189865,0.8992395401000977,0.3308202624320984
YNL316C,YGL181W,0,1.6647389,0.22321850061416626,0.8992395401000977,0.3309207856655121
YML066C,YBL045C,0,1.6640413,0.2231658399105072,0.8992395401000977,0.3310213088989258
YBR203W,YCR097W,0,1.6631001,0.22311320900917053,0.8992395401000977,0.3311218321323395
YPL084W,YGL013C,0,1.662571,0.22306059300899506,0.8992395401000977,0.3312223553657532
YPR061C,YAL001C,0,1.6617668,0.22300802171230316,0.8992395401000977,0.33132287859916687
YBR203W,YFL022C,0,1.6616131,0.22295545041561127,0.8992395401000977,0.33142340183258057
YJL050W,YCR083W,0,1.6606758,0.22290292382240295,0.8992395401000977,0.33152392506599426
YHR134W,YOL001W,0,1.660331,0.22285041213035583,0.8992395401000977,0.33162444829940796
YJR007W,YER124C,0,1.6599581,0.2227979302406311,0.8992395401000977,0.33172497153282166
YMR079W,YGR284C,0,1.6597476,0.22274546325206757,0.8992395401000977,0.33182549476623535
YGR133W,YOR208W,0,1.6587193,0.22269302606582642,0.8992395401000977,0.33192601799964905
YER094C,YER160C,0,1.6583735,0.22264061868190765,0.8992395401000977,0.33202654123306274
YHL013C,YOR022C,0,1.658226,0.22258824110031128,0.8992395401000977,0.33212706446647644
YPL037C,YBR044C,0,1.657856,0.2225358784198761,0.8992395401000977,0.33222758769989014
YCR027C,YHR191C,0,1.6569898,0.2224835306406021,0.8992395401000977,0.33232811093330383
YHL007C,YBR229C,0,1.6568418,0.2224312275648117,0.8992395401000977,0.33242863416671753
YDR097C,YCR020W-B,0,1.656709,0.2223789393901825,0.8992395401000977,0.3325291574001312
YPL009C,YDR382W,1,1.6564624,0.22256168723106384,0.9001901149749756,0.3325291574001312
YKL049C,YBL100W-A,0,1.6561743,0.22250939905643463,0.9001901149749756,0.3326296806335449
YJL139C,YOR298C-A,0,1.6558607,0.2224571257829666,0.9001901149749756,0.3327302038669586
YGR215W,YOR125C,0,1.6554787,0.22240488231182098,0.9001901149749756,0.3328307271003723
YOL006C,YOL060C,0,1.655309,0.22235266864299774,0.9001901149749756,0.332931250333786
YML126C,YCR071C,0,1.6550788,0.2223004698753357,0.9001901149749756,0.3330317735671997
YLR340W,YDR123C,0,1.6545961,0.22224830090999603,0.9001901149749756,0.3331322968006134
YPL217C,YGL047W,0,1.6545479,0.22219614684581757,0.9001901149749756,0.3332328200340271
YER026C,YOR205C,0,1.6544752,0.2221440225839615,0.9001901149749756,0.3333333432674408
YGR028W,YNL270C,0,1.6543603,0.2220919281244278,0.9001901149749756,0.3334338665008545
YMR014W,YJR064W,0,1.6541597,0.2220398634672165,0.9001901149749756,0.3335343897342682
YDR538W,YEL009C,0,1.6538732,0.22198781371116638,0.9001901149749756,0.3336349129676819
YOR128C,YKR042W,0,1.653368,0.22193577885627747,0.9001901149749756,0.3337354362010956
YNR054C,YIL121W,0,1.6526214,0.22188378870487213,0.9001901149749756,0.3338359594345093
YGR033C,YNR032W,0,1.6520321,0.221831813454628,0.9001901149749756,0.333936482667923
YML131W,YHL022C,0,1.6517408,0.22177985310554504,0.9001901149749756,0.33403700590133667
YNL021W,YAR066W,0,1.6513727,0.22172793745994568,0.9001901149749756,0.33413752913475037
YPL237W,YLR320W,0,1.6502689,0.2216760367155075,0.9001901149749756,0.33423805236816406
YBR126C,YDR186C,0,1.6500022,0.22162415087223053,0.9001901149749756,0.33433854579925537
YDR506C,YLR119W,0,1.6493554,0.22157229483127594,0.9001901149749756,0.33443906903266907
YPR181C,YML121W,0,1.645553,0.22152046859264374,0.9001901149749756,0.33453959226608276
YER058W,YOR010C,0,1.6453407,0.22146865725517273,0.9001901149749756,0.33464011549949646
YER026C,YOR231W,0,1.6452832,0.2214168757200241,0.9001901149749756,0.33474063873291016
YDL052C,YBR171W,0,1.6451646,0.22136512398719788,0.9001901149749756,0.33484116196632385
YDR175C,YDR239C,1,1.6443036,0.22154709696769714,0.9011406898498535,0.33484116196632385
YHR141C,YHR045W,0,1.6437483,0.22149533033370972,0.9011406898498535,0.33494168519973755
YLR388W,YGL134W,0,1.6436496,0.22144359350204468,0.9011406898498535,0.33504220843315125
YJL092W,YJR044C,0,1.6436495,0.22139187157154083,0.9011406898498535,0.33514273166656494
YPL232W,YKR065C,0,1.6434233,0.22134017944335938,0.9011406898498535,0.33524325489997864
YJR090C,YML008C,0,1.6431149,0.2212885171175003,0.9011406898498535,0.33534377813339233
YMR278W,YER157W,0,1.6426221,0.22123686969280243,0.9011406898498535,0.33544430136680603
YBR057C,YNR046W,0,1.642495,0.22118525207042694,0.9011406898498535,0.3355448246002197
YDL194W,YOR030W,0,1.642221,0.22113366425037384,0.9011406898498535,0.3356453478336334
YML123C,YER160C,0,1.6419199,0.22108209133148193,0.9011406898498535,0.3357458710670471
YOR007C,YIL082W-A,0,1.6410977,0.22103054821491241,0.9011406898498535,0.3358463943004608
YHL009C,YBR018C,0,1.6408882,0.2209790199995041,0.9011406898498535,0.3359469175338745
YDL191W,YLR453C,0,1.6408086,0.22092752158641815,0.9011406898498535,0.3360474407672882
YOR371C,YOR153W,0,1.640573,0.2208760529756546,0.9011406898498535,0.3361479640007019
YGR215W,YBR244W,0,1.6403043,0.22082459926605225,0.9011406898498535,0.3362484872341156
YDR153C,YJL074C,0,1.6393132,0.22077317535877228,0.9011406898498535,0.3363490104675293
YOR149C,YOL113W,0,1.638432,0.2207217663526535,0.9011406898498535,0.336449533700943
YJL204C,YJL203W,0,1.6374112,0.22067038714885712,0.9011406898498535,0.3365500569343567
YNR026C,YDR001C,0,1.6364105,0.22061903774738312,0.9011406898498535,0.3366505801677704
YNL154C,YOL137W,0,1.6362227,0.2205677032470703,0.9011406898498535,0.3367511034011841
YOL060C,YOR339C,0,1.6361747,0.2205163985490799,0.9011406898498535,0.3368516266345978
YJL145W,YGL086W,0,1.6356987,0.22046512365341187,0.9011406898498535,0.3369521498680115
YGL099W,YDL058W,0,1.6351364,0.22041386365890503,0.9011406898498535,0.33705267310142517
YFR051C,YGR048W,0,1.6350646,0.2203626185655594,0.9011406898498535,0.33715319633483887
YOL006C,YPL084W,0,1.6350428,0.22031140327453613,0.9011406898498535,0.33725371956825256
YAR071W,YLR421C,0,1.6349103,0.22026021778583527,0.9011406898498535,0.33735424280166626
YBR203W,YNL071W,0,1.6347321,0.2202090620994568,0.9011406898498535,0.33745476603507996
YCR067C,YIL031W,0,1.6343484,0.2201579213142395,0.9011406898498535,0.33755528926849365
YJL113W,YBL067C,0,1.6340295,0.2201067954301834,0.9011406898498535,0.33765581250190735
YLR132C,YDR142C,0,1.6338933,0.2200557142496109,0.9011406898498535,0.33775633573532104
YNL186W,YIL065C,0,1.6330109,0.22000464797019958,0.9011406898498535,0.33785685896873474
YIL016W,YDR099W,0,1.6329865,0.21995359659194946,0.9011406898498535,0.33795738220214844
YML131W,YJR088C,0,1.6318808,0.21990257501602173,0.9011406898498535,0.33805790543556213
YFR004W,YDL236W,0,1.6306876,0.21985158324241638,0.9011406898498535,0.33815842866897583
YJL063C,YKL127W,0,1.6289128,0.21980060636997223,0.9011406898498535,0.3382589519023895
YDL181W,YGR140W,0,1.6280121,0.21974965929985046,0.9011406898498535,0.3383594751358032
YGL201C,YBR227C,0,1.6266091,0.2196987271308899,0.9011406898498535,0.3384599983692169
YDR506C,YML123C,0,1.6261911,0.2196478247642517,0.9011406898498535,0.3385605216026306
YOL017W,YBR236C,0,1.6258264,0.21959693729877472,0.9011406898498535,0.3386610448360443
YKL008C,YOL049W,0,1.6252918,0.21954607963562012,0.9011406898498535,0.338761568069458
YCR079W,YOR003W,0,1.6247783,0.2194952517747879,0.9011406898498535,0.3388620913028717
YFR046C,YJR043C,0,1.62424,0.21944443881511688,0.9011406898498535,0.3389626145362854
YLR410W,YLR378C,0,1.6238614,0.21939365565776825,0.9011406898498535,0.3390631377696991
YPR185W,YLL052C,0,1.6232411,0.219342902302742,0.9011406898498535,0.3391636610031128
YJR019C,YKL139W,0,1.622083,0.21929216384887695,0.9011406898498535,0.3392641842365265
YMR293C,YER021W,0,1.6218832,0.2192414402961731,0.9011406898498535,0.3393647074699402
YIR022W,YKR018C,0,1.6217668,0.21919074654579163,0.9011406898498535,0.3394652307033539
YGR287C,YLR034C,0,1.6194643,0.21914008259773254,0.9011406898498535,0.3395657539367676
YGR068C,YPR151C,0,1.6173049,0.21908943355083466,0.9011406898498535,0.3396662771701813
YER003C,YBR152W,0,1.6171039,0.21903881430625916,0.9011406898498535,0.33976680040359497
YGL054C,YLR362W,0,1.6156864,0.21898822486400604,0.9011406898498535,0.33986732363700867
YOR284W,YMR260C,0,1.6156428,0.21893765032291412,0.9011406898498535,0.33996784687042236
YER004W,YHR166C,0,1.6154789,0.2188870906829834,0.9011406898498535,0.34006837010383606
YKR096W,YLR183C,1,1.615348,0.21906740963459015,0.9020912647247314,0.34006837010383606
YNL134C,YHR026W,0,1.6151284,0.21901684999465942,0.9020912647247314,0.34016886353492737
YJL010C,YNL083W,0,1.6149412,0.2189663201570511,0.9020912647247314,0.34026938676834106
YOL119C,YOR202W,0,1.6147953,0.21891580522060394,0.9020912647247314,0.34036991000175476
YCR048W,YNL241C,0,1.6147653,0.2188653200864792,0.9020912647247314,0.34047043323516846
YBR290W,YGL181W,0,1.6144931,0.21881484985351562,0.9020912647247314,0.34057095646858215
YJL203W,YGR256W,0,1.6142731,0.21876440942287445,0.9020912647247314,0.34067147970199585
YLR166C,YLL010C,0,1.6142676,0.21871398389339447,0.9020912647247314,0.34077200293540955
YBR199W,YJL118W,0,1.613563,0.21866358816623688,0.9020912647247314,0.34087252616882324
YPL265W,YPL079W,0,1.6125307,0.21861322224140167,0.9020912647247314,0.34097304940223694
YMR277W,YKR065C,0,1.6124876,0.21856287121772766,0.9020912647247314,0.34107357263565063
YFL003C,YKL157W,0,1.6124303,0.21851254999637604,0.9020912647247314,0.34117409586906433
YJR159W,YER021W,0,1.611061,0.2184622436761856,0.9020912647247314,0.341274619102478
YNL058C,YPL012W,0,1.610725,0.21841196715831757,0.9020912647247314,0.3413751423358917
YKL188C,YOL016C,0,1.6101723,0.21836170554161072,0.9020912647247314,0.3414756655693054
YKL222C,YJL122W,1,1.6095166,0.21854151785373688,0.9030418395996094,0.3414756655693054
YLR174W,YKL216W,0,1.6086878,0.21849125623703003,0.9030418395996094,0.3415761888027191
YKR018C,YAL009W,0,1.6081792,0.21844102442264557,0.9030418395996094,0.3416767120361328
YDR214W,YOR171C,0,1.6067668,0.2183908075094223,0.9030418395996094,0.3417772352695465
YKL071W,YIL131C,0,1.6062636,0.21834060549736023,0.9030418395996094,0.3418777585029602
YER019W,YOR214C,0,1.6062354,0.21829044818878174,0.9030418395996094,0.3419782817363739
YLR226W,YDR099W,0,1.6053684,0.21824029088020325,0.9030418395996094,0.3420788049697876
YBR088C,YGR289C,0,1.6049091,0.21819016337394714,0.9030418395996094,0.3421793282032013
YOR298C-A,YNL241C,0,1.604479,0.21814006567001343,0.9030418395996094,0.342279851436615
YER065C,YGL047W,0,1.6043497,0.2180899977684021,0.9030418395996094,0.3423803746700287
YOL091W,YOL033W,0,1.6012816,0.21803992986679077,0.9030418395996094,0.3424808979034424
YNL152W,YER122C,0,1.6007929,0.21798990666866302,0.9030418395996094,0.3425814211368561
YML069W,YIL082W-A,0,1.6001945,0.21793989837169647,0.9030418395996094,0.3426819443702698
YBR132C,YER160C,0,1.6001731,0.2178899049758911,0.9030418395996094,0.34278246760368347
YOR141C,YNL279W,0,1.5999553,0.21783994138240814,0.9030418395996094,0.34288299083709717
YLR157C-B,YMR199W,0,1.5996281,0.21779000759124756,0.9030418395996094,0.34298351407051086
YGL134W,YDL174C,0,1.5991824,0.21774008870124817,0.9030418395996094,0.34308403730392456
YDR408C,YDR194C,0,1.5989294,0.21769019961357117,0.9030418395996094,0.34318456053733826
YIR022W,YLR066W,0,1.5984737,0.21764032542705536,0.9030418395996094,0.34328508377075195
YPL283C,YHR178W,0,1.5983312,0.21759046614170074,0.9030418395996094,0.34338560700416565
YGL048C,YKL084W,0,1.5980637,0.2175406515598297,0.9030418395996094,0.34348613023757935
YGL001C,YAL061W,0,1.5976868,0.21749083697795868,0.9030418395996094,0.34358665347099304
YML078W,YML121W,0,1.596262,0.21744106709957123,0.9030418395996094,0.34368717670440674
YPL016W,YOR375C,0,1.5961932,0.21739129722118378,0.9030418395996094,0.34378769993782043
YOR173W,YPL020C,0,1.5957673,0.2173415720462799,0.9030418395996094,0.34388822317123413
YJR056C,YLR022C,0,1.5945921,0.21729186177253723,0.9030418395996094,0.3439887464046478
YDL156W,YHR128W,0,1.594588,0.21724216639995575,0.9030418395996094,0.3440892696380615
YIR003W,YOL058W,0,1.5940707,0.21719250082969666,0.9030418395996094,0.3441897928714752
YAL001C,YBR135W,0,1.5936465,0.21714285016059875,0.9030418395996094,0.3442903161048889
YNR036C,YBL066C,0,1.5915571,0.21709322929382324,0.9030418395996094,0.3443908393383026
YBR210W,YIR022W,0,1.5904936,0.21704363822937012,0.9030418395996094,0.3444913625717163
YDL226C,YKL160W,0,1.5904745,0.21699406206607819,0.9030418395996094,0.34459188580513
YKL025C,YEL011W,0,1.5891981,0.21694450080394745,0.9030418395996094,0.3446924090385437
YDR143C,YNL329C,0,1.587081,0.2168949842453003,0.9030418395996094,0.3447929322719574
YDL005C,YMR231W,0,1.587037,0.21684546768665314,0.9030418395996094,0.3448934555053711
YDL064W,YER166W,0,1.5866268,0.21679598093032837,0.9030418395996094,0.3449939787387848
YDR237W,YOL113W,0,1.5863312,0.216746523976326,0.9030418395996094,0.3450945019721985
YJL137C,YIL065C,0,1.5856661,0.2166970819234848,0.9030418395996094,0.3451950252056122
YMR079W,YIL085C,0,1.5855258,0.216647669672966,0.9030418395996094,0.3452955484390259
YOR256C,YAL009W,0,1.5853252,0.2165982723236084,0.9030418395996094,0.3453960716724396
YML062C,YGL065C,0,1.5850947,0.216548889875412,0.9030418395996094,0.34549659490585327
YGR192C,YGL038C,0,1.5850224,0.21649953722953796,0.9030418395996094,0.34559711813926697
YGL033W,YNL030W,0,1.584764,0.21645021438598633,0.9030418395996094,0.34569764137268066
YLR225C,YOR035C,0,1.5840765,0.2164009064435959,0.9030418395996094,0.34579816460609436
YDL025C,YKR080W,0,1.5836177,0.21635162830352783,0.9030418395996094,0.34589868783950806
YGL181W,YPL270W,0,1.5829015,0.21630236506462097,0.9030418395996094,0.34599918127059937
YER011W,YHL020C,0,1.5816736,0.2162531316280365,0.9030418395996094,0.34609970450401306
YGR108W,YJR007W,0,1.5816296,0.21620391309261322,0.9030418395996094,0.34620022773742676
YKL049C,YNL071W,0,1.581104,0.21615472435951233,0.9030418395996094,0.34630075097084045
YOR210W,YIL065C,0,1.5804896,0.21610555052757263,0.9030418395996094,0.34640127420425415
YER165W,YNL014W,1,1.5787253,0.21628382802009583,0.9039924144744873,0.34640127420425415
YNL082W,YBL046W,0,1.5786294,0.21623465418815613,0.9039924144744873,0.34650179743766785
YLR320W,YPR181C,0,1.5786244,0.21618549525737762,0.9039924144744873,0.34660232067108154
YMR247C,YGR283C,1,1.578193,0.21636363863945007,0.9049429893493652,0.34660232067108154
YPL086C,YIL103W,0,1.5781095,0.21631447970867157,0.9049429893493652,0.34670284390449524
YDR311W,YJL210W,0,1.5778956,0.21626533567905426,0.9049429893493652,0.34680336713790894
YDR541C,YML014W,0,1.577887,0.21621622145175934,0.9049429893493652,0.34690389037132263
YOR361C,YGL150C,0,1.5765553,0.2161671221256256,0.9049429893493652,0.34700441360473633
YML114C,YGL131C,0,1.5764389,0.21611805260181427,0.9049429893493652,0.34710493683815
YDR027C,YPR058W,0,1.576319,0.21606899797916412,0.9049429893493652,0.3472054600715637
YJL042W,YGR166W,0,1.5761178,0.21601997315883636,0.9049429893493652,0.3473059833049774
YBR298C,YER065C,0,1.5758129,0.2159709632396698,0.9049429893493652,0.3474065065383911
YDR099W,YER160C,0,1.5734417,0.21592198312282562,0.9049429893493652,0.3475070297718048
YFR028C,YCR097W,0,1.5727067,0.21587301790714264,0.9049429893493652,0.3476075530052185
YJL209W,YDR352W,0,1.5725437,0.21582408249378204,0.9049429893493652,0.3477080762386322
YNL002C,YAL014C,0,1.5716368,0.21577516198158264,0.9049429893493652,0.3478085994720459
YNL300W,YJR093C,0,1.5712783,0.21572625637054443,0.9049429893493652,0.3479091227054596
YOR210W,YAL042W,0,1.5707375,0.2156773954629898,0.9049429893493652,0.3480096459388733
YJL047C,YOR231W,0,1.5706682,0.21562853455543518,0.9049429893493652,0.348110169172287
YGR148C,YLR070C,0,1.5705407,0.21557970345020294,0.9049429893493652,0.3482106924057007
YPR183W,YGR277C,0,1.5702758,0.2155309021472931,0.9049429893493652,0.3483112156391144
YHR115C,YJL104W,0,1.5698206,0.21548211574554443,0.9049429893493652,0.3484117388725281
YDR097C,YJR014W,0,1.5695792,0.21543335914611816,0.9049429893493652,0.3485122621059418
YBR221C,YNL093W,0,1.5695333,0.2153846174478531,0.9049429893493652,0.34861278533935547
YDR099W,YDR255C,0,1.5687267,0.2153358906507492,0.9049429893493652,0.34871330857276917
YGL032C,YOR295W,0,1.5683602,0.2152871936559677,0.9049429893493652,0.34881383180618286
YJR007W,YHR001W,0,1.5678387,0.2152385264635086,0.9049429893493652,0.34891435503959656
YJR095W,YMR024W,0,1.5675616,0.2151898741722107,0.9049429893493652,0.34901487827301025
YFR046C,YDR163W,0,1.5656359,0.21514123678207397,0.9049429893493652,0.34911540150642395
YPL053C,YDR043C,0,1.5644252,0.21509262919425964,0.9049429893493652,0.34921592473983765
YCL019W,YPL124W,0,1.5642273,0.2150440514087677,0.9049429893493652,0.34931644797325134
YMR162C,YGL029W,0,1.5626389,0.21499548852443695,0.9049429893493652,0.34941697120666504
YJL123C,YOL027C,0,1.5617294,0.2149469405412674,0.9049429893493652,0.34951749444007874
YER073W,YDL222C,0,1.5615315,0.21489842236042023,0.9049429893493652,0.34961801767349243
YLR027C,YGL032C,0,1.5611238,0.21484991908073425,0.9049429893493652,0.34971854090690613
YPL164C,YDR307W,0,1.5611155,0.21480144560337067,0.9049429893493652,0.3498190641403198
YMR190C,YHR042W,0,1.5604941,0.21475298702716827,0.9049429893493652,0.3499195873737335
YBL050W,YOR171C,0,1.5601366,0.21470455825328827,0.9049429893493652,0.3500201106071472
YPR148C,YDR026C,1,1.560009,0.21488162875175476,0.9058935642242432,0.3500201106071472
YBR290W,YGL201C,0,1.5600038,0.21483318507671356,0.9058935642242432,0.3501206338405609
YCR042C,YAL055W,0,1.5592544,0.21478477120399475,0.9058935642242432,0.3502211570739746
YKR022C,YDR156W,0,1.5592039,0.21473637223243713,0.9058935642242432,0.3503216803073883
YNL072W,YBR132C,0,1.5591593,0.2146879881620407,0.9058935642242432,0.350422203540802
YNL257C,YER160C,0,1.5589722,0.21463963389396667,0.9058935642242432,0.3505227267742157
YDR162C,YNL312W,0,1.558913,0.21459130942821503,0.9058935642242432,0.3506232500076294
YOR368W,YNL099C,0,1.5581095,0.21454299986362457,0.9058935642242432,0.3507237732410431
YNL222W,YMR309C,0,1.5577264,0.2144947052001953,0.9058935642242432,0.3508242964744568
YLR081W,YIL103W,0,1.5567822,0.21444644033908844,0.9058935642242432,0.3509248197078705
YNL275W,YOR153W,0,1.5563676,0.21439820528030396,0.9058935642242432,0.3510253429412842
YKL046C,YHR141C,0,1.556287,0.21434997022151947,0.9058935642242432,0.3511258661746979
YHL009C,YBR204C,0,1.5558954,0.21430177986621857,0.9058935642242432,0.3512263894081116
YLR378C,YPR185W,0,1.5556101,0.21425360441207886,0.9058935642242432,0.35132691264152527
YCL011C,YNL224C,0,1.5548863,0.21420544385910034,0.9058935642242432,0.35142743587493896
YDR477W,YIL065C,0,1.5544326,0.21415729820728302,0.9058935642242432,0.35152795910835266
YOL049W,YGR091W,0,1.5543516,0.21410918235778809,0.9058935642242432,0.35162848234176636
YGL255W,YLR084C,0,1.5531049,0.21406109631061554,0.9058935642242432,0.35172900557518005
YNL071W,YKL208W,0,1.5515323,0.2140130251646042,0.9058935642242432,0.35182949900627136
YKL160W,YNR063W,0,1.5508242,0.21396496891975403,0.9058935642242432,0.35193002223968506
YCR088W,YAL042W,0,1.5503464,0.21391694247722626,0.9058935642242432,0.35203054547309875
YDL178W,YHR152W,0,1.5498667,0.21386894583702087,0.9058935642242432,0.35213106870651245
YOL033W,YGL032C,0,1.5498487,0.2138209491968155,0.9058935642242432,0.35223159193992615
YIL117C,YMR190C,0,1.5482452,0.2137729972600937,0.9058935642242432,0.35233211517333984
YKR013W,YLR117C,0,1.5466561,0.2137250453233719,0.9058935642242432,0.35243263840675354
YOR005C,YBL100W-A,0,1.5458806,0.21367712318897247,0.9058935642242432,0.35253316164016724
YJR044C,YLR035C,0,1.5443977,0.21362923085689545,0.9058935642242432,0.35263368487358093
YDR322C-A,YHL022C,0,1.5441641,0.21358135342597961,0.9058935642242432,0.35273420810699463
YBR258C,YNL148C,0,1.5435152,0.21353349089622498,0.9058935642242432,0.3528347313404083
YDL202W,YNL227C,1,1.543281,0.21370968222618103,0.9068440794944763,0.3528347313404083
YDL232W,YJL203W,0,1.5426004,0.2136618196964264,0.9068440794944763,0.352935254573822
YKR080W,YDR099W,0,1.5414047,0.21361397206783295,0.9068440794944763,0.3530357778072357
YPL283C,YLR022C,0,1.540782,0.2135661542415619,0.9068440794944763,0.3531363010406494
YPL084W,YDL222C,0,1.5401733,0.21351835131645203,0.9068440794944763,0.3532368242740631
YDR073W,YMR189W,0,1.539446,0.21347057819366455,0.9068440794944763,0.3533373475074768
YPR082C,YFL034C-A,0,1.5389026,0.21342281997203827,0.9068440794944763,0.3534378707408905
YIL162W,YOR295W,0,1.5388124,0.21337507665157318,0.9068440794944763,0.3535383939743042
YJL145W,YDL174C,0,1.5378426,0.21332736313343048,0.9068440794944763,0.3536389172077179
YCR020W-B,YOR245C,0,1.537685,0.21327967941761017,0.9068440794944763,0.3537394404411316
YOR095C,YBR008C,0,1.5368211,0.21323201060295105,0.9068440794944763,0.3538399636745453
YPR165W,YER122C,0,1.5352454,0.21318435668945312,0.9068440794944763,0.353940486907959
YLR275W,YLR066W,0,1.53524,0.2131367325782776,0.9068440794944763,0.3540410101413727
YDR541C,YLR155C,0,1.5350094,0.21308912336826324,0.9068440794944763,0.3541415333747864
YIL127C,YPL005W,0,1.5344784,0.2130415290594101,0.9068440794944763,0.3542420566082001
YFL053W,YHR143W-A,0,1.5340629,0.21299396455287933,0.9068440794944763,0.35434257984161377
YLR332W,YBL099W,0,1.5336692,0.21294642984867096,0.9068440794944763,0.35444310307502747
YJR152W,YJR002W,0,1.5332279,0.21289891004562378,0.9068440794944763,0.35454362630844116
YLR155C,YNR051C,0,1.5327017,0.2128514051437378,0.9068440794944763,0.35464414954185486
YJL139C,YKL046C,0,1.5324144,0.2128039300441742,0.9068440794944763,0.35474467277526855
YPL268W,YBR019C,0,1.5323038,0.2127564698457718,0.9068440794944763,0.35484519600868225
YDL178W,YNL270C,0,1.5314444,0.21270902454853058,0.9068440794944763,0.35494571924209595
YHR134W,YGL054C,0,1.5305109,0.21266160905361176,0.9068440794944763,0.35504624247550964
YPL132W,YNL099C,0,1.5292611,0.21261422336101532,0.9068440794944763,0.35514676570892334
YGR166W,YIL157C,0,1.5291281,0.21256683766841888,0.9068440794944763,0.35524728894233704
YLR410W,YDL132W,0,1.5289475,0.21251949667930603,0.9068440794944763,0.35534781217575073
YKL188C,YML118W,0,1.5283358,0.21247215569019318,0.9068440794944763,0.35544833540916443
YMR199W,YFL002C,0,1.5275843,0.2124248445034027,0.9068440794944763,0.3555488586425781
YHR121W,YIL063C,0,1.5266297,0.21237756311893463,0.9068440794944763,0.3556493818759918
YGR068C,YNL169C,0,1.5260338,0.21233029663562775,0.9068440794944763,0.3557499051094055
YNL064C,YMR092C,0,1.5244975,0.21228304505348206,0.9068440794944763,0.3558504283428192
YJL123C,YJL018W,0,1.5235078,0.21223582327365875,0.9068440794944763,0.3559509515762329
YBR171W,YPL066W,0,1.5231271,0.21218861639499664,0.9068440794944763,0.3560514748096466
YOR284W,YNL030W,0,1.5220518,0.21214142441749573,0.9068440794944763,0.3561519980430603
YLR077W,YIL010W,0,1.5212135,0.2120942622423172,0.9068440794944763,0.356252521276474
YPL047W,YJR086W,0,1.5204654,0.21204711496829987,0.9068440794944763,0.3563530445098877
YOR210W,YML007W,0,1.5201957,0.21199999749660492,0.9068440794944763,0.3564535677433014
YML126C,YOR371C,0,1.5197895,0.21195289492607117,0.9068440794944763,0.3565540909767151
YLR376C,YCR024C-A,0,1.5194533,0.2119058221578598,0.9068440794944763,0.3566546142101288
YLR262C,YPL045W,0,1.5193396,0.21185876429080963,0.9068440794944763,0.3567551374435425
YDR462W,YKR022C,0,1.5188171,0.21181172132492065,0.9068440794944763,0.3568556606769562
YPL255W,YBR106W,0,1.518399,0.21176470816135406,0.9068440794944763,0.3569561839103699
YOR375C,YPL249C,0,1.5176331,0.21171770989894867,0.9068440794944763,0.35705670714378357
YBR235W,YOR339C,0,1.5172459,0.21167074143886566,0.9068440794944763,0.35715723037719727
YIL105C,YJR014W,0,1.5167978,0.21162377297878265,0.9068440794944763,0.35725775361061096
YKR086W,YGL008C,0,1.5158608,0.21157684922218323,0.9068440794944763,0.35735827684402466
YKL018W,YOR303W,0,1.5156319,0.211529940366745,0.9068440794944763,0.35745880007743835
YNL336W,YPL158C,0,1.5143716,0.21148304641246796,0.9068440794944763,0.35755929350852966
YJL204C,YOR375C,0,1.5137234,0.2114361673593521,0.9068440794944763,0.35765981674194336
YKL113C,YHR019C,0,1.5135968,0.21138931810855865,0.9068440794944763,0.35776033997535706
YLR332W,YGL043W,0,1.5113885,0.2113424837589264,0.9068440794944763,0.35786086320877075
YIR034C,YGL011C,0,1.5113145,0.21129567921161652,0.9068440794944763,0.35796138644218445
YHR143W-A,YBR104W,0,1.5102816,0.21124888956546783,0.9068440794944763,0.35806190967559814
YJL151C,YML064C,0,1.5095907,0.21120212972164154,0.9068440794944763,0.35816243290901184
YLL036C,YAR066W,0,1.5083147,0.21115538477897644,0.9068440794944763,0.35826295614242554
YLR233C,YCR020W-B,0,1.5080043,0.21110865473747253,0.9068440794944763,0.35836347937583923
YDR180W,YOL058W,0,1.5074749,0.21106193959712982,0.9068440794944763,0.35846400260925293
YDR104C,YBR171W,0,1.5068628,0.2110152691602707,0.9068440794944763,0.3585645258426666
YNL002C,YJL093C,0,1.505094,0.21096859872341156,0.9068440794944763,0.3586650490760803
YJL123C,YPL162C,0,1.5050447,0.21092195808887482,0.9068440794944763,0.358765572309494
YNL058C,YER094C,0,1.5045441,0.21087533235549927,0.9068440794944763,0.3588660955429077
YBR217W,YER119C,0,1.504408,0.2108287364244461,0.9068440794944763,0.3589666187763214
YIL105C,YMR121C,0,1.5041717,0.21078214049339294,0.9068440794944763,0.3590671420097351
YBR235W,YGR183C,0,1.5041709,0.21073558926582336,0.9068440794944763,0.3591676652431488
YHR121W,YAL042W,0,1.5032992,0.21068905293941498,0.9068440794944763,0.3592681884765625
YJL010C,YGL166W,0,1.5030136,0.21064253151416779,0.9068440794944763,0.3593687117099762
YHR007C,YDR363W,0,1.5029025,0.2105960249900818,0.9068440794944763,0.3594692349433899
YOL008W,YHR123W,0,1.5027211,0.21054954826831818,0.9068440794944763,0.3595697581768036
YER048C,YGL156W,0,1.5012836,0.21050308644771576,0.9068440794944763,0.3596702814102173
YKR006C,YHR080C,1,1.5009549,0.21067725121974945,0.9077946543693542,0.3596702814102173
YGR108W,YBL066C,0,1.499634,0.21063078939914703,0.9077946543693542,0.359770804643631
YHL018W,YOR153W,0,1.4978518,0.2105843424797058,0.9077946543693542,0.3598713278770447
YBR133C,YCR034W,0,1.4972152,0.21053792536258698,0.9077946543693542,0.3599718511104584
YDL155W,YKL084W,0,1.4950545,0.21049150824546814,0.9077946543693542,0.36007237434387207
YGR152C,YJR099W,0,1.4949753,0.21044513583183289,0.9077946543693542,0.36017289757728577
YLR216C,YKL157W,0,1.4945143,0.21039876341819763,0.9077946543693542,0.36027342081069946
YDL165W,YOR375C,0,1.4936454,0.21035242080688477,0.9077946543693542,0.36037394404411316
YDL052C,YFL050C,0,1.4934471,0.2103060930967331,0.9077946543693542,0.36047446727752686
YJR113C,YOR125C,0,1.4930667,0.2102597951889038,0.9077946543693542,0.36057499051094055
YGL020C,YBR070C,0,1.4921347,0.21021351218223572,0.9077946543693542,0.36067551374435425
YKR067W,YJL210W,0,1.4919012,0.21016725897789001,0.9077946543693542,0.36077603697776794
YDR104C,YDR186C,0,1.4916284,0.2101210057735443,0.9077946543693542,0.36087656021118164
YIL162W,YJR077C,0,1.4916017,0.2100747972726822,0.9077946543693542,0.36097708344459534
YHR098C,YLR089C,0,1.4915472,0.21002858877182007,0.9077946543693542,0.36107760667800903
YJR086W,YLR256W,0,1.4914932,0.20998241007328033,0.9077946543693542,0.36117812991142273
YOR307C,YBR154C,0,1.491456,0.2099362462759018,0.9077946543693542,0.3612786531448364
YDR311W,YJL099W,0,1.4902021,0.20989011228084564,0.9077946543693542,0.3613791763782501
YGR275W,YDR208W,0,1.4875013,0.20984399318695068,0.9077946543693542,0.3614796996116638
YOR375C,YGR261C,0,1.4869858,0.20979788899421692,0.9077946543693542,0.3615802228450775
YHR007C,YDR153C,0,1.4864109,0.20975181460380554,0.9077946543693542,0.3616807460784912
YMR024W,YNR024W,1,1.4855009,0.2099253386259079,0.9087452292442322,0.3616807460784912
YOR231W,YML033W,0,1.4847567,0.20987924933433533,0.9087452292442322,0.3617812693119049
YNR023W,YFL062W,0,1.4842331,0.20983318984508514,0.9087452292442322,0.3618817925453186
YDR117C,YDL040C,1,1.4835765,0.21000657975673676,0.9096958041191101,0.3618817925453186
YGL250W,YHL009C,0,1.4826435,0.20996050536632538,0.9096958041191101,0.3619823157787323
YGL125W,YDR043C,0,1.4825696,0.2099144607782364,0.9096958041191101,0.362082839012146
YOR115C,YKL146W,0,1.4824106,0.2098684161901474,0.9096958041191101,0.3621833622455597
YMR236W,YHR188C,0,1.481403,0.2098224014043808,0.9096958041191101,0.3622838854789734
YAL055W,YDL222C,0,1.4811277,0.20977641642093658,0.9096958041191101,0.3623844087123871
YIL110W,YOL058W,0,1.4809598,0.20973044633865356,0.9096958041191101,0.3624849319458008
YDL132W,YOR133W,0,1.48071,0.20968449115753174,0.9096958041191101,0.3625854551792145
YCR042C,YOR017W,0,1.4804599,0.2096385508775711,0.9096958041191101,0.3626859784126282
YIR003W,YOR231W,0,1.480401,0.20959264039993286,0.9096958041191101,0.36278650164604187
YML126C,YPL255W,0,1.4802096,0.2095467448234558,0.9096958041191101,0.36288702487945557
YGL079W,YPR009W,0,1.4800686,0.20950087904930115,0.9096958041191101,0.36298754811286926
YDR541C,YDL161W,0,1.4799771,0.20945502817630768,0.9096958041191101,0.36308807134628296
YBR290W,YLR319C,0,1.4788139,0.2094091922044754,0.9096958041191101,0.36318859457969666
YJL138C,YGL133W,0,1.4787426,0.20936337113380432,0.9096958041191101,0.36328911781311035
YOR336W,YIL110W,0,1.4786967,0.20931757986545563,0.9096958041191101,0.36338961124420166
YIR010W,YGL179C,0,1.4775778,0.20927181839942932,0.9096958041191101,0.36349013447761536
YGL208W,YPL170W,0,1.4768407,0.20922605693340302,0.9096958041191101,0.36359065771102905
YDR162C,YLR319C,0,1.4767635,0.2091803252696991,0.9096958041191101,0.36369118094444275
YHR065C,YAR003W,0,1.4754462,0.20913460850715637,0.9096958041191101,0.36379170417785645
YPR075C,YML046W,0,1.475324,0.20908892154693604,0.9096958041191101,0.36389222741127014
YDR073W,YIL121W,0,1.4751303,0.2090432494878769,0.9096958041191101,0.36399275064468384
YGR074W,YOR133W,0,1.4745144,0.20899759232997894,0.9096958041191101,0.36409327387809753
YLR064W,YDL201W,0,1.4743137,0.20895196497440338,0.9096958041191101,0.36419379711151123
YNL264C,YNL197C,0,1.4726193,0.208906352519989,0.9096958041191101,0.3642943203449249
YLR027C,YJR161C,0,1.4722927,0.20886075496673584,0.9096958041191101,0.3643948435783386
YOR293W,YIL067C,0,1.4721327,0.20881518721580505,0.9096958041191101,0.3644953668117523
YDL042C,YER160C,0,1.4702994,0.20876963436603546,0.9096958041191101,0.364595890045166
YJR113C,YJL014W,0,1.4702721,0.20872409641742706,0.9096958041191101,0.3646964132785797
YCR034W,YEL047C,0,1.4702616,0.20867858827114105,0.9096958041191101,0.3647969365119934
YAR050W,YBL018C,0,1.4701712,0.20863309502601624,0.9096958041191101,0.3648974597454071
YBL002W,YOR022C,0,1.4701571,0.2085876166820526,0.9096958041191101,0.3649979829788208
YDL010W,YIL157C,0,1.469081,0.20854216814041138,0.9096958041191101,0.3650985062122345
YER141W,YMR197C,0,1.4679793,0.20849673449993134,0.9096958041191101,0.3651990294456482
YIL117C,YHL022C,0,1.4679648,0.2084513157606125,0.9096958041191101,0.3652995526790619
YDR171W,YGR091W,0,1.467067,0.20840592682361603,0.9096958041191101,0.3654000759124756
YCL010C,YLR003C,0,1.4666836,0.20836055278778076,0.9096958041191101,0.3655005991458893
YDR099W,YML010W,0,1.4659592,0.2083151936531067,0.9096958041191101,0.365601122379303
YBR073W,YDL058W,0,1.4645178,0.208269864320755,0.9096958041191101,0.3657016456127167
YNL177C,YLR229C,0,1.4642429,0.20822454988956451,0.9096958041191101,0.36580216884613037
YHR079C-A,YOR133W,0,1.4637842,0.20817925035953522,0.9096958041191101,0.36590269207954407
YKL146W,YBR008C,0,1.4622464,0.20813396573066711,0.9096958041191101,0.36600321531295776
YGL043W,YDR488C,0,1.462166,0.2080887109041214,0.9096958041191101,0.36610373854637146
YOR229W,YDR163W,0,1.4621606,0.20804347097873688,0.9096958041191101,0.36620426177978516
YHR091C,YOR007C,0,1.4601809,0.20799826085567474,0.9096958041191101,0.36630478501319885
YDR210W,YEL026W,0,1.4600385,0.2079530656337738,0.9096958041191101,0.36640530824661255
YLR174W,YBL036C,0,1.4591949,0.20790788531303406,0.9096958041191101,0.36650583148002625
YMR216C,YKL139W,0,1.4591472,0.2078627347946167,0.9096958041191101,0.36660635471343994
YER073W,YOR245C,0,1.458496,0.20781758427619934,0.9096958041191101,0.36670687794685364
YLR332W,YGR067C,0,1.4574666,0.20777246356010437,0.9096958041191101,0.36680740118026733
YML038C,YCR028C-A,0,1.4573777,0.2077273726463318,0.9096958041191101,0.36690792441368103
YJR090C,YGR287C,0,1.456953,0.2076822966337204,0.9096958041191101,0.3670084476470947
YDR462W,YHR026W,0,1.4559323,0.2076372355222702,0.9096958041191101,0.3671089708805084
YKL125W,YOR140W,0,1.455544,0.2075921893119812,0.9096958041191101,0.3672094941139221
YHR042W,YPL015C,0,1.4535689,0.2075471729040146,0.9096958041191101,0.3673100173473358
YDR338C,YCR024C-A,0,1.4533882,0.20750217139720917,0.9096958041191101,0.3674105405807495
YDR180W,YIL110W,0,1.4525833,0.20745718479156494,0.9096958041191101,0.3675110638141632
YMR189W,YMR277W,0,1.4524975,0.2074122279882431,0.9096958041191101,0.3676115870475769
YKR018C,YGL008C,0,1.4503391,0.20736728608608246,0.9096958041191101,0.3677121102809906
YJR086W,YDL201W,0,1.4503019,0.207322359085083,0.9096958041191101,0.3678126335144043
YOL075C,YAL061W,0,1.4494362,0.20727744698524475,0.9096958041191101,0.367913156747818
YKL086W,YOL001W,0,1.4492853,0.20723256468772888,0.9096958041191101,0.3680136799812317
YOL006C,YAR008W,0,1.4479506,0.2071876972913742,0.9096958041191101,0.3681142032146454
YBR179C,YML024W,0,1.4479425,0.20714285969734192,0.9096958041191101,0.3682147264480591
YCL038C,YNR049C,0,1.4474247,0.20709803700447083,0.9096958041191101,0.3683152496814728
YPL088W,YNL336W,0,1.4470927,0.20705322921276093,0.9096958041191101,0.3684157729148865
YKL216W,YNL005C,0,1.446912,0.20700843632221222,0.9096958041191101,0.36851629614830017
YNL106C,YOR005C,0,1.4465032,0.2069636732339859,0.9096958041191101,0.36861681938171387
YHR107C,YKR029C,0,1.4458792,0.20691892504692078,0.9096958041191101,0.36871734261512756
YOL111C,YNL252C,1,1.4446629,0.207090362906456,0.910646378993988,0.36871734261512756
YMR266W,YDR020C,0,1.4445722,0.20704559981822968,0.910646378993988,0.36881786584854126
YJL123C,YGR206W,0,1.4438508,0.20700086653232574,0.910646378993988,0.36891838908195496
YLL054C,YLR022C,0,1.4437681,0.206956148147583,0.910646378993988,0.36901891231536865
YKL086W,YOR375C,0,1.4437364,0.20691144466400146,0.910646378993988,0.36911943554878235
YDR221W,YCR024C-A,0,1.4432964,0.2068667709827423,0.910646378993988,0.36921992897987366
YHR063C,YOL058W,0,1.4416256,0.20682211220264435,0.910646378993988,0.36932045221328735
YJL076W,YBR201W,0,1.440985,0.20677746832370758,0.910646378993988,0.36942097544670105
YDR266C,YKL139W,0,1.4405547,0.206732839345932,0.910646378993988,0.36952149868011475
YDL188C,YJL160C,0,1.439102,0.20668824017047882,0.910646378993988,0.36962202191352844
YML118W,YBR079C,0,1.4389219,0.20664365589618683,0.910646378993988,0.36972254514694214
YHR196W,YDL122W,0,1.438609,0.20659910142421722,0.910646378993988,0.36982306838035583
YER119C,YOL058W,0,1.4378603,0.20655454695224762,0.910646378993988,0.36992359161376953
YDR283C,YER007C-A,1,1.4373244,0.2067255824804306,0.911596953868866,0.36992359161376953
YBR133C,YNL197C,0,1.4365294,0.206681028008461,0.911596953868866,0.3700241148471832
YOR094W,YPL024W,0,1.436139,0.20663650333881378,0.911596953868866,0.3701246380805969
YER054C,YKR018C,0,1.436034,0.20659199357032776,0.911596953868866,0.3702251613140106
YMR079W,YCR069W,0,1.436011,0.20654748380184174,0.911596953868866,0.3703256845474243
YAR014C,YDL014W,0,1.434377,0.2065030187368393,0.911596953868866,0.370426207780838
YGR275W,YIL065C,0,1.434376,0.20645855367183685,0.911596953868866,0.3705267310142517
YGL181W,YGR284C,0,1.4340956,0.2064141184091568,0.911596953868866,0.3706272542476654
YAR014C,YOR255W,0,1.4336197,0.20636969804763794,0.911596953868866,0.3707277774810791
YPL246C,YPR065W,0,1.4332532,0.20632530748844147,0.911596953868866,0.3708283007144928
YER039C,YJL063C,0,1.4325238,0.206280916929245,0.911596953868866,0.3709288239479065
YER048C,YGR206W,0,1.4325196,0.2062365561723709,0.911596953868866,0.3710293471813202
YER078C,YIR008C,0,1.4314799,0.20619221031665802,0.911596953868866,0.3711298704147339
YBR200W,YGR048W,0,1.4308004,0.20614789426326752,0.911596953868866,0.3712303936481476
YOR190W,YDR163W,0,1.4304992,0.2061035931110382,0.911596953868866,0.3713309168815613
YJR019C,YMR305C,0,1.4292917,0.2060593068599701,0.911596953868866,0.371431440114975
YBL097W,YKL148C,0,1.4292332,0.20601503551006317,0.911596953868866,0.37153196334838867
YPR181C,YNL275W,0,1.4285475,0.20597079396247864,0.911596953868866,0.37163248658180237
YHR003C,YGL013C,0,1.4276543,0.2059265673160553,0.911596953868866,0.37173300981521606
YDR186C,YER004W,0,1.427624,0.20588235557079315,0.911596953868866,0.37183353304862976
YPL003W,YHR128W,0,1.4275819,0.2058381587266922,0.911596953868866,0.37193405628204346
YFR051C,YFL031W,0,1.427013,0.20579399168491364,0.911596953868866,0.37203457951545715
YGR284C,YPL265W,0,1.4260368,0.20574983954429626,0.911596953868866,0.37213510274887085
YDR314C,YMR134W,0,1.4258139,0.2057057023048401,0.911596953868866,0.37223562598228455
YER146W,YML072C,0,1.4252639,0.2056615948677063,0.911596953868866,0.37233614921569824
YMR189W,YDR085C,0,1.4250263,0.2056175023317337,0.911596953868866,0.37243667244911194
YML025C,YER025W,1,1.4245744,0.2057877779006958,0.9125475287437439,0.37243667244911194
YKR001C,YLR117C,0,1.4240854,0.205743670463562,0.9125475287437439,0.37253719568252563
YBL002W,YPL255W,0,1.4231349,0.2056995928287506,0.9125475287437439,0.37263771891593933
YOR307C,YML058W,0,1.4228503,0.2056555300951004,0.9125475287437439,0.372738242149353
YGR074W,YKR003W,0,1.4227898,0.2056114822626114,0.9125475287437439,0.3728387653827667
YPL211W,YOR256C,0,1.4221612,0.20556744933128357,0.9125475287437439,0.3729392886161804
YAL032C,YGL121C,0,1.4203519,0.20552344620227814,0.9125475287437439,0.3730398118495941
YNL177C,YJR017C,0,1.42026,0.2054794579744339,0.9125475287437439,0.3731403350830078
YDR221W,YMR024W,0,1.4202566,0.20543548464775085,0.9125475287437439,0.3732408583164215
YER124C,YGL032C,0,1.420232,0.205391526222229,0.9125475287437439,0.3733413815498352
YOL008W,YGL011C,0,1.4187763,0.20534759759902954,0.9125475287437439,0.3734419047832489
YOR118W,YDR291W,0,1.4184151,0.20530368387699127,0.9125475287437439,0.3735424280166626
YDR191W,YNL075W,0,1.4175901,0.2052597850561142,0.9125475287437439,0.3736429512500763
YOL097C,YKL146W,0,1.4170676,0.20521590113639832,0.9125475287437439,0.37374347448349
YOL097C,YNL245C,0,1.4158192,0.20517204701900482,0.9125475287437439,0.3738439977169037
YLR166C,YJL093C,0,1.4146302,0.20512820780277252,0.9125475287437439,0.3739445209503174
YDR408C,YKL107W,0,1.413967,0.20508438348770142,0.9125475287437439,0.3740450441837311
YKL112W,YCR068W,0,1.4124956,0.2050405740737915,0.9125475287437439,0.3741455674171448
YDR016C,YHR123W,0,1.412098,0.20499679446220398,0.9125475287437439,0.37424609065055847
YHR187W,YOR328W,0,1.411586,0.20495302975177765,0.9125475287437439,0.37434661388397217
YOL148C,YNL113W,0,1.4104424,0.2049092799425125,0.9125475287437439,0.37444713711738586
YIL117C,YJR137C,0,1.4103408,0.20486555993556976,0.9125475287437439,0.37454766035079956
YOR128C,YOR010C,0,1.4102576,0.2048218548297882,0.9125475287437439,0.37464818358421326
YDR186C,YER058W,0,1.4083557,0.20477814972400665,0.9125475287437439,0.37474870681762695
YDR216W,YHR115C,0,1.4081851,0.20473448932170868,0.9125475287437439,0.37484923005104065
YGL134W,YNL014W,0,1.4081231,0.2046908289194107,0.9125475287437439,0.37494975328445435
YDL226C,YKL035W,0,1.4077961,0.20464719831943512,0.9125475287437439,0.37505024671554565
YOL110W,YGL100W,0,1.4075336,0.20460358262062073,0.9125475287437439,0.37515076994895935
YHL018W,YFL008W,0,1.4066112,0.20455998182296753,0.9125475287437439,0.37525129318237305
YPR052C,YIL114C,0,1.4052364,0.20451641082763672,0.9125475287437439,0.37535181641578674
YGL250W,YIL122W,0,1.4047768,0.2044728398323059,0.9125475287437439,0.37545233964920044
YIL050W,YPL181W,0,1.404537,0.20442929863929749,0.9125475287437439,0.37555286288261414
YBR234C,YBR228W,0,1.4035786,0.20438577234745026,0.9125475287437439,0.37565338611602783
YGR198W,YNL252C,1,1.4031932,0.20455512404441833,0.9134981036186218,0.37565338611602783
YPL024W,YNL009W,0,1.4025892,0.2045115977525711,0.9134981036186218,0.37575390934944153
YCR003W,YGR206W,0,1.4025176,0.20446808636188507,0.9134981036186218,0.3758544325828552
YIL041W,YOL033W,0,1.4023335,0.20442458987236023,0.9134981036186218,0.3759549558162689
YER006W,YML010W,0,1.4015409,0.20438110828399658,0.9134981036186218,0.3760554790496826
YOL006C,YER016W,0,1.4012566,0.20433765649795532,0.9134981036186218,0.3761560022830963
YNL126W,YDR339C,0,1.4011972,0.20429421961307526,0.9134981036186218,0.37625652551651
YLR340W,YBR152W,0,1.4010286,0.20425079762935638,0.9134981036186218,0.3763570487499237
YDL212W,YHL022C,0,1.4008737,0.2042073905467987,0.9134981036186218,0.3764575719833374
YPL032C,YDR267C,0,1.4005847,0.20416401326656342,0.9134981036186218,0.3765580952167511
YDL153C,YGR195W,0,1.3995662,0.20412065088748932,0.9134981036186218,0.3766586184501648
YDR191W,YHR043C,0,1.3994719,0.20407730340957642,0.9134981036186218,0.3767591416835785
YJR088C,YMR244C-A,0,1.3993833,0.2040339708328247,0.9134981036186218,0.3768596649169922
YER144C,YLR229C,0,1.3990767,0.2039906531572342,0.9134981036186218,0.3769601881504059
YNR069C,YNL005C,0,1.3988502,0.20394736528396606,0.9134981036186218,0.3770607113838196
YLR155C,YNL270C,0,1.3978703,0.20390409231185913,0.9134981036186218,0.3771612346172333
YDR311W,YLR336C,0,1.3969113,0.2038608342409134,0.9134981036186218,0.377261757850647
YPL003W,YOR010C,0,1.3968284,0.20381760597229004,0.9134981036186218,0.37736228108406067
YGR133W,YDR191W,0,1.3960211,0.2037743777036667,0.9134981036186218,0.37746280431747437
YBR127C,YMR268C,0,1.3957405,0.20373117923736572,0.9134981036186218,0.37756332755088806
YGL133W,YOR140W,0,1.3955516,0.20368801057338715,0.9134981036186218,0.37766385078430176
YDL207W,YGR247W,0,1.3954043,0.20364484190940857,0.9134981036186218,0.37776437401771545
YFL018C,YPL037C,0,1.3948629,0.2036016881465912,0.9134981036186218,0.37786489725112915
YBR204C,YNL265C,0,1.3945276,0.2035585641860962,0.9134981036186218,0.37796542048454285
YBL002W,YJR088C,0,1.3941401,0.2035154551267624,0.9134981036186218,0.37806594371795654
YJR086W,YOL033W,0,1.3940125,0.20347237586975098,0.9134981036186218,0.37816646695137024
YML064C,YPL275W,0,1.3931617,0.20342929661273956,0.9134981036186218,0.37826699018478394
YHR115C,YOR307C,0,1.3929994,0.20338624715805054,0.9134981036186218,0.37836751341819763
YMR189W,YIL016W,0,1.3925596,0.2033432126045227,0.9134981036186218,0.37846803665161133
YCR073C,YBR110W,0,1.3898078,0.20330019295215607,0.9134981036186218,0.378568559885025
YGR091W,YLR229C,0,1.3895954,0.20325718820095062,0.9134981036186218,0.3786690831184387
YGL130W,YJL092W,0,1.389463,0.20321421325206757,0.9134981036186218,0.3787696063518524
YDR382W,YHR200W,0,1.389403,0.2031712532043457,0.9134981036186218,0.3788701295852661
YNL326C,YDR352W,0,1.3893363,0.20312830805778503,0.9134981036186218,0.3789706528186798
YDR385W,YOR005C,0,1.3888499,0.20308537781238556,0.9134981036186218,0.3790711760520935
YOR208W,YNL106C,0,1.3880265,0.20304246246814728,0.9134981036186218,0.3791716992855072
YDR221W,YPL275W,0,1.3877425,0.20299957692623138,0.9134981036186218,0.3792722225189209
YIR003W,YPR091C,1,1.3875746,0.2031679004430771,0.9144486784934998,0.3792722225189209
YLR222C,YLL015W,0,1.3866014,0.203125,0.9144486784934998,0.3793727457523346
YPL132W,YBR298C,0,1.3863168,0.2030821144580841,0.9144486784934998,0.3794732689857483
YBL004W,YLR341W,0,1.3856834,0.2030392587184906,0.9144486784934998,0.379573792219162
YPR151C,YBR056W,0,1.3856273,0.2029964178800583,0.9144486784934998,0.3796743154525757
YIL049W,YLR408C,0,1.3848987,0.20295359194278717,0.9144486784934998,0.3797748386859894
YNR056C,YML022W,0,1.3824501,0.20291078090667725,0.9144486784934998,0.3798753619194031
YGL048C,YDR541C,0,1.3824433,0.20286798477172852,0.9144486784934998,0.3799758851528168
YNL002C,YER073W,0,1.3820206,0.20282521843910217,0.9144486784934998,0.38007640838623047
YBR200W,YOR339C,0,1.3812857,0.20278246700763702,0.9144486784934998,0.38017693161964417
YGL038C,YBR110W,0,1.3792267,0.20273973047733307,0.9144486784934998,0.38027745485305786
YFL062W,YDR037W,0,1.3781583,0.2026970088481903,0.9144486784934998,0.38037797808647156
YDL212W,YNL312W,0,1.3775293,0.20265430212020874,0.9144486784934998,0.38047850131988525
YLR070C,YOR303W,0,1.3770344,0.20261162519454956,0.9144486784934998,0.38057902455329895
YNR012W,YCL020W,0,1.3767449,0.20256896317005157,0.9144486784934998,0.38067954778671265
YJL151C,YKL008C,0,1.3759375,0.20252631604671478,0.9144486784934998,0.38078007102012634
YOR214C,YFL002C,0,1.3758022,0.20248368382453918,0.9144486784934998,0.38088056445121765
YMR214W,YDR348C,0,1.3753958,0.20244108140468597,0.9144486784934998,0.38098108768463135
YJL076W,YOR083W,0,1.3748991,0.20239847898483276,0.9144486784934998,0.38108161091804504
YDR006C,YGL179C,0,1.3738841,0.20235590636730194,0.9144486784934998,0.38118213415145874
YGR183C,YGL201C,0,1.373868,0.2023133486509323,0.9144486784934998,0.38128265738487244
YFL062W,YLR398C,0,1.3737234,0.20227082073688507,0.9144486784934998,0.38138318061828613
YPL009C,YMR260C,1,1.3735747,0.20243851840496063,0.9153992533683777,0.38138318061828613
YGR028W,YDR488C,0,1.3732028,0.202395960688591,0.9153992533683777,0.38148370385169983
YDR324C,YPR056W,0,1.3719112,0.20235343277454376,0.9153992533683777,0.3815842270851135
YCL019W,YLR133W,0,1.3717331,0.20231091976165771,0.9153992533683777,0.3816847503185272
YDR258C,YNL097C,0,1.371583,0.20226843655109406,0.9153992533683777,0.3817852735519409
YNL148C,YPR004C,0,1.3701825,0.2022259533405304,0.9153992533683777,0.3818857967853546
YDR484W,YDL174C,0,1.3701801,0.20218349993228912,0.9153992533683777,0.3819863200187683
YMR288W,YCR033W,0,1.3692238,0.20214106142520905,0.9153992533683777,0.382086843252182
YJR044C,YMR134W,0,1.3689717,0.20209863781929016,0.9153992533683777,0.3821873664855957
YCL019W,YGL043W,0,1.3685225,0.20205622911453247,0.9153992533683777,0.3822878897190094
YJL207C,YDR307W,0,1.3681201,0.20201385021209717,0.9153992533683777,0.3823884129524231
YIL016W,YHR045W,0,1.3676217,0.20197147130966187,0.9153992533683777,0.3824889361858368
YHR084W,YPL066W,0,1.3673705,0.20192912220954895,0.9153992533683777,0.3825894594192505
YGL020C,YFR004W,0,1.3670522,0.20188678801059723,0.9153992533683777,0.3826899826526642
YIL023C,YIL158W,0,1.3662828,0.2018444836139679,0.9153992533683777,0.3827905058860779
YBR236C,YPR004C,0,1.3658025,0.20180217921733856,0.9153992533683777,0.3828910291194916
YJL213W,YKL003C,1,1.3657997,0.20196941494941711,0.9163498282432556,0.3828910291194916
YBL006C,YDL161W,0,1.3653598,0.20192711055278778,0.9163498282432556,0.3829915523529053
YER054C,YDL020C,0,1.3651276,0.20188482105731964,0.9163498282432556,0.38309207558631897
YLR225C,YML121W,0,1.3649399,0.2018425464630127,0.9163498282432556,0.38319259881973267
YMR092C,YBR236C,0,1.3645271,0.20180028676986694,0.9163498282432556,0.38329312205314636
YOR017W,YMR067C,0,1.3638134,0.20175805687904358,0.9163498282432556,0.38339364528656006
YHR141C,YDR480W,0,1.3634984,0.2017158418893814,0.9163498282432556,0.38349416851997375
YFR046C,YPL170W,0,1.3631703,0.20167364180088043,0.9163498282432556,0.38359469175338745
YJL050W,YBL067C,0,1.3629164,0.20163145661354065,0.9163498282432556,0.38369521498680115
YBR236C,YKR001C,0,1.3612139,0.20158928632736206,0.9163498282432556,0.38379573822021484
YGL124C,YNL093W,0,1.3611711,0.20154714584350586,0.9163498282432556,0.38389626145362854
YBR217W,YGL153W,0,1.3606192,0.20150502026081085,0.9163498282432556,0.38399678468704224
YGL250W,YLR133W,0,1.3602918,0.20146290957927704,0.9163498282432556,0.38409730792045593
YDR346C,YLR013W,0,1.3594724,0.20142081379890442,0.9163498282432556,0.38419783115386963
YEL026W,YCR023C,0,1.3593347,0.201378732919693,0.9163498282432556,0.3842983543872833
YML078W,YMR305C,0,1.3592155,0.20133668184280396,0.9163498282432556,0.384398877620697
YNL071W,YJL092W,0,1.3591137,0.20129463076591492,0.9163498282432556,0.3844994008541107
YER021W,YJR161C,0,1.3587598,0.20125260949134827,0.9163498282432556,0.3845999240875244
YHR134W,YLL005C,0,1.3570864,0.2012106031179428,0.9163498282432556,0.3847004473209381
YNL071W,YGR074W,0,1.3568219,0.20116861164569855,0.9163498282432556,0.3848009705543518
YER094C,YMR271C,0,1.3563504,0.20112664997577667,0.9163498282432556,0.3849014937877655
YCL045C,YDL226C,0,1.3548563,0.2010846883058548,0.9163498282432556,0.3850020170211792
YHR007C,YBR039W,0,1.3548486,0.2010427564382553,0.9163498282432556,0.3851025402545929
YDR311W,YLR405W,0,1.3544018,0.20100083947181702,0.9163498282432556,0.3852030634880066
YMR029C,YBR014C,0,1.3533164,0.20095893740653992,0.9163498282432556,0.3853035867214203
YML123C,YGL038C,0,1.3532772,0.200917050242424,0.9163498282432556,0.385404109954834
YGR195W,YLR089C,0,1.3518691,0.2008751779794693,0.9163498282432556,0.3855046331882477
YPR065W,YNR049C,0,1.350796,0.20083333551883698,0.9163498282432556,0.3856051564216614
YHR112C,YNL305C,0,1.3499501,0.20079150795936584,0.9163498282432556,0.3857056796550751
YIL067C,YDL213C,0,1.3494598,0.20074968039989471,0.9163498282432556,0.38580620288848877
YGL134W,YIL168W,0,1.3494211,0.20070789754390717,0.9163498282432556,0.38590672612190247
YBL050W,YMR014W,0,1.349157,0.20066611468791962,0.9163498282432556,0.38600724935531616
YKL071W,YDR147W,0,1.3488847,0.20062434673309326,0.9163498282432556,0.38610777258872986
YDR182W,YPL242C,0,1.3481568,0.2005826085805893,0.9163498282432556,0.38620829582214355
YEL060C,YMR323W,0,1.3481414,0.20054088532924652,0.9163498282432556,0.38630881905555725
YLR262C,YIL010W,0,1.3478844,0.20049916207790375,0.9163498282432556,0.38640934228897095
YBR227C,YNL197C,0,1.3473959,0.20045746862888336,0.9163498282432556,0.38650986552238464
YGL255W,YOL044W,0,1.3463326,0.20041580498218536,0.9163498282432556,0.38661038875579834
YDR311W,YER078C,0,1.3461492,0.20037414133548737,0.9163498282432556,0.38671088218688965
YBR021W,YNR069C,0,1.3444958,0.20033250749111176,0.9163498282432556,0.38681140542030334
YOL033W,YGL079W,0,1.3428156,0.20029087364673615,0.9163498282432556,0.38691192865371704
YGR277C,YBL019W,0,1.3421204,0.20024926960468292,0.9163498282432556,0.38701245188713074
YLR405W,YBR244W,0,1.3412275,0.2002076804637909,0.9163498282432556,0.38711297512054443
YML064C,YOR198C,0,1.3410058,0.20016610622406006,0.9163498282432556,0.38721349835395813
YJR086W,YJL115W,0,1.3404726,0.2001245617866516,0.9163498282432556,0.3873140215873718
YIL040W,YBL105C,0,1.3391234,0.20008301734924316,0.9163498282432556,0.3874145448207855
YGR183C,YPL066W,0,1.3386477,0.2000415027141571,0.9163498282432556,0.3875150680541992
YDR540C,YGR256W,0,1.3386008,0.20000000298023224,0.9163498282432556,0.3876155912876129
YIL121W,YMR251W-A,0,1.3373606,0.19995851814746857,0.9163498282432556,0.3877161145210266
YIL162W,YOR022C,0,1.3373111,0.1999170482158661,0.9163498282432556,0.3878166377544403
YJL123C,YML062C,0,1.3368974,0.1998755931854248,0.9163498282432556,0.387917160987854
YDL168W,YEL004W,0,1.3360047,0.1998341679573059,0.9163498282432556,0.3880176842212677
YNL071W,YPL242C,0,1.3311083,0.199792742729187,0.9163498282432556,0.3881182074546814
YGR059W,YER172C,0,1.3304126,0.1997513473033905,0.9163498282432556,0.3882187306880951
YHR079C-A,YDL213C,0,1.3300433,0.1997099667787552,0.9163498282432556,0.3883192539215088
YLR070C,YKL157W,0,1.3291599,0.19966860115528107,0.9163498282432556,0.3884197771549225
YKL112W,YHR152W,0,1.328532,0.19962725043296814,0.9163498282432556,0.3885203003883362
YPL016W,YMR251W-A,0,1.3275584,0.1995859146118164,0.9163498282432556,0.3886208236217499
YJR056C,YMR134W,0,1.3270539,0.19954460859298706,0.9163498282432556,0.3887213468551636
YNL021W,YBL100W-A,0,1.3259773,0.1995033174753189,0.9163498282432556,0.38882187008857727
YDL156W,YCR083W,0,1.3257841,0.19946202635765076,0.9163498282432556,0.38892239332199097
YML064C,YGL234W,0,1.3257661,0.199420765042305,0.9163498282432556,0.38902291655540466
YLR336C,YDR363W,0,1.3255612,0.19937951862812042,0.9163498282432556,0.38912343978881836
YMR214W,YOR178C,0,1.3248978,0.19933830201625824,0.9163498282432556,0.38922396302223206
YBR201W,YLR178C,0,1.3248632,0.19929708540439606,0.9163498282432556,0.38932448625564575
YOL027C,YNR075W,0,1.3247832,0.19925588369369507,0.9163498282432556,0.38942500948905945
YER146W,YGL011C,0,1.3247582,0.19921471178531647,0.9163498282432556,0.38952553272247314
YGR203W,YIL157C,0,1.3246646,0.19917355477809906,0.9163498282432556,0.38962605595588684
YBR298C,YLR027C,0,1.3245914,0.19913241267204285,0.9163498282432556,0.38972657918930054
YDR180W,YFR055W,0,1.3244569,0.19909128546714783,0.9163498282432556,0.38982710242271423
YDL002C,YOR017W,0,1.3241736,0.199050173163414,0.9163498282432556,0.38992762565612793
YGL208W,YPL072W,0,1.3230486,0.19900909066200256,0.9163498282432556,0.3900281488895416
YGL017W,YGL150C,0,1.3225483,0.19896800816059113,0.9163498282432556,0.3901286721229553
YKL113C,YLR013W,0,1.3212621,0.19892695546150208,0.9163498282432556,0.390229195356369
YLR362W,YDR409W,0,1.3206,0.19888590276241302,0.9163498282432556,0.3903297185897827
YKL096W,YOR056C,0,1.3188989,0.19884487986564636,0.9163498282432556,0.3904302418231964
YCL045C,YBR070C,0,1.3184322,0.1988038718700409,0.9163498282432556,0.3905307650566101
YFL024C,YNL014W,0,1.3180032,0.1987628936767578,0.9163498282432556,0.3906312882900238
YLR138W,YGR096W,0,1.3179435,0.19872191548347473,0.9163498282432556,0.3907318115234375
YJR047C,YPR004C,0,1.3174301,0.19868095219135284,0.9163498282432556,0.3908323347568512
YDR182W,YMR288W,0,1.3165822,0.19864001870155334,0.9163498282432556,0.3909328579902649
YJR125C,YPL108W,0,1.3158184,0.19859910011291504,0.9163498282432556,0.3910333812236786
YLL036C,YNR069C,0,1.3155975,0.19855818152427673,0.9163498282432556,0.3911339044570923
YKL127W,YER160C,0,1.3155508,0.19851729273796082,0.9163498282432556,0.391234427690506
YDR311W,YPR079W,0,1.315201,0.1984764188528061,0.9163498282432556,0.3913349509239197
YJR137C,YDL214C,0,1.3147571,0.19843557476997375,0.9163498282432556,0.3914354741573334
YLR240W,YDR394W,0,1.3120089,0.19839473068714142,0.9163498282432556,0.39153599739074707
YAR066W,YBL003C,0,1.3107498,0.19835391640663147,0.9163498282432556,0.39163652062416077
YBR258C,YML075C,0,1.3107047,0.19831310212612152,0.9163498282432556,0.39173704385757446
YOR149C,YEL046C,0,1.3106163,0.19827231764793396,0.9163498282432556,0.39183756709098816
YDR432W,YIL158W,0,1.3105338,0.1982315480709076,0.9163498282432556,0.39193809032440186
YCR073C,YBL002W,0,1.3095692,0.19819079339504242,0.9163498282432556,0.39203861355781555
YGR125W,YNL113W,0,1.3094431,0.19815005362033844,0.9163498282432556,0.39213913679122925
YER048C,YER054C,0,1.3085053,0.19810932874679565,0.9163498282432556,0.39223966002464294
YNL321W,YKR046C,0,1.3069463,0.19806861877441406,0.9163498282432556,0.39234018325805664
YDR202C,YIL031W,0,1.3064154,0.19802793860435486,0.9163498282432556,0.39244070649147034
YJR105W,YIL016W,0,1.3061802,0.19798727333545685,0.9163498282432556,0.39254119992256165
YKL086W,YNL312W,0,1.3060157,0.19794660806655884,0.9163498282432556,0.39264172315597534
YOR361C,YER026C,0,1.3057547,0.19790597259998322,0.9163498282432556,0.39274224638938904
YJR090C,YKR024C,0,1.3057389,0.1978653520345688,0.9163498282432556,0.39284276962280273
YFL055W,YNL197C,0,1.304224,0.19782474637031555,0.9163498282432556,0.39294329285621643
YBR039W,YMR197C,0,1.30406,0.1977841556072235,0.9163498282432556,0.3930438160896301
YKL193C,YGR163W,0,1.3039675,0.19774359464645386,0.9163498282432556,0.3931443393230438
YJR056C,YGR231C,0,1.3025304,0.1977030336856842,0.9163498282432556,0.3932448625564575
YMR014W,YBR239C,0,1.3020861,0.19766250252723694,0.9163498282432556,0.3933453857898712
YMR104C,YNL009W,0,1.3009025,0.19762197136878967,0.9163498282432556,0.3934459090232849
YMR291W,YOR028C,0,1.2993324,0.1975814700126648,0.9163498282432556,0.3935464322566986
YBR019C,YLR372W,0,1.2991555,0.1975409835577011,0.9163498282432556,0.3936469554901123
YGL100W,YPL275W,0,1.2984554,0.19750051200389862,0.9163498282432556,0.393747478723526
YPL023C,YOR010C,0,1.2980587,0.19746005535125732,0.9163498282432556,0.3938480019569397
YGL160W,YMR309C,0,1.297886,0.19741961359977722,0.9163498282432556,0.3939485251903534
YGL121C,YCR008W,0,1.2964166,0.1973792016506195,0.9163498282432556,0.3940490484237671
YDL020C,YCR089W,0,1.2963176,0.1973387897014618,0.9163498282432556,0.3941495716571808
YDR099W,YFL008W,0,1.2953458,0.19729840755462646,0.9163498282432556,0.3942500948905945
YOL088C,YBL036C,0,1.2946222,0.19725802540779114,0.9163498282432556,0.3943506181240082
YBR103W,YKL139W,0,1.2944782,0.1972176730632782,0.9163498282432556,0.3944511413574219
YOL115W,YOR035C,0,1.2931914,0.19717733561992645,0.9163498282432556,0.39455166459083557
YPL088W,YIL129C,0,1.2928805,0.1971370130777359,0.9163498282432556,0.39465218782424927
YGL001C,YOL110W,0,1.2912852,0.19709670543670654,0.9163498282432556,0.39475271105766296
YNR056C,YLL052C,0,1.291206,0.19705641269683838,0.9163498282432556,0.39485323429107666
YJL151C,YKR046C,0,1.2903092,0.1970161497592926,0.9163498282432556,0.39495375752449036
YPR061C,YFL022C,0,1.2898672,0.19697588682174683,0.9163498282432556,0.39505428075790405
YPR107C,YMR113W,0,1.2890606,0.19693565368652344,0.9163498282432556,0.39515480399131775
YNR012W,YLR077W,0,1.288662,0.19689542055130005,0.9163498282432556,0.39525532722473145
YER169W,YIL110W,0,1.2877033,0.19685521721839905,0.9163498282432556,0.39535585045814514
YNL053W,YPL249C-A,0,1.2864482,0.19681502878665924,0.9163498282432556,0.39545637369155884
YGR157W,YBR171W,0,1.2864369,0.19677485525608063,0.9163498282432556,0.39555689692497253
YER119C,YGL224C,0,1.286077,0.1967346966266632,0.9163498282432556,0.39565742015838623
YOL058W,YOR303W,0,1.2853063,0.19669455289840698,0.9163498282432556,0.3957579433917999
YDL002C,YML033W,0,1.2852654,0.19665442407131195,0.9163498282432556,0.3958584666252136
YGR186W,YGR128C,0,1.284401,0.1966143250465393,0.9163498282432556,0.3959589898586273
YDR202C,YPL128C,0,1.2843301,0.19657422602176666,0.9163498282432556,0.396059513092041
YDR302W,YOR339C,0,1.2837145,0.1965341418981552,0.9163498282432556,0.3961600363254547
YDL181W,YJR044C,0,1.2827556,0.19649408757686615,0.9163498282432556,0.3962605595588684
YBR293W,YNL177C,0,1.2825184,0.19645404815673828,0.9163498282432556,0.3963610827922821
YJL145W,YCR033W,0,1.282337,0.1964140236377716,0.9163498282432556,0.3964616060256958
YDL042C,YML065W,0,1.2814345,0.19637401401996613,0.9163498282432556,0.3965621292591095
YLR372W,YER073W,0,1.2812877,0.19633401930332184,0.9163498282432556,0.3966626524925232
YBR139W,YKL157W,0,1.2811623,0.19629403948783875,0.9163498282432556,0.3967631757259369
YNL177C,YCR023C,0,1.2810894,0.19625407457351685,0.9163498282432556,0.3968636989593506
YGR091W,YLR022C,0,1.2810649,0.19621412456035614,0.9163498282432556,0.3969642221927643
YHR052W,YIR003W,1,1.2800971,0.196377694606781,0.9173004031181335,0.3969642221927643
YPL045W,YNL087W,0,1.2800605,0.1963377445936203,0.9173004031181335,0.397064745426178
YOR329C,YDR051C,0,1.2793728,0.1962978094816208,0.9173004031181335,0.3971652686595917
YLR205C,YGL055W,0,1.2778026,0.19625787436962128,0.9173004031181335,0.39726579189300537
YOL049W,YOR197W,0,1.2776773,0.19621796905994415,0.9173004031181335,0.39736631512641907
YFL018C,YBR021W,0,1.2773187,0.19617807865142822,0.9173004031181335,0.39746683835983276
YFR051C,YDR331W,0,1.2772312,0.19613821804523468,0.9173004031181335,0.39756736159324646
YGR287C,YNL124W,0,1.2771876,0.19609835743904114,0.9173004031181335,0.39766788482666016
YCR068W,YKL221W,0,1.2771454,0.1960585117340088,0.9173004031181335,0.39776840806007385
YGL130W,YHR107C,0,1.2762749,0.19601868093013763,0.9173004031181335,0.39786893129348755
YLR116W,YBR106W,0,1.276064,0.19597887992858887,0.9173004031181335,0.39796945452690125
YJL111W,YDR331W,0,1.2760375,0.1959390789270401,0.9173004031181335,0.39806997776031494
YLR064W,YHR152W,0,1.2753966,0.19589930772781372,0.9173004031181335,0.39817050099372864
YJR056C,YKR001C,0,1.274854,0.19585955142974854,0.9173004031181335,0.39827099442481995
YML107C,YBR268W,1,1.2740495,0.19602273404598236,0.9182509779930115,0.39827099442481995
YER011W,YDR266C,0,1.2740369,0.19598296284675598,0.9182509779930115,0.39837151765823364
YBL097W,YJL203W,0,1.2737322,0.1959432065486908,0.9182509779930115,0.39847204089164734
YBR103W,YIL122W,0,1.2726895,0.1959034651517868,0.9182509779930115,0.39857256412506104
YBR136W,YAL009W,0,1.272391,0.1958637535572052,0.9182509779930115,0.39867308735847473
YKL086W,YLR340W,0,1.2723781,0.1958240419626236,0.9182509779930115,0.3987736105918884
YOL006C,YEL077C,0,1.2716632,0.19578436017036438,0.9182509779930115,0.3988741338253021
YOR234C,YLR431C,0,1.2711918,0.19574467837810516,0.9182509779930115,0.3989746570587158
YER035W,YNL326C,0,1.2703117,0.19570502638816833,0.9182509779930115,0.3990751802921295
YBL099W,YBR293W,0,1.2699941,0.1956653892993927,0.9182509779930115,0.3991757035255432
YOR094W,YCR008W,0,1.2696822,0.19562575221061707,0.9182509779930115,0.3992762267589569
YOR017W,YDR085C,0,1.2692541,0.19558614492416382,0.9182509779930115,0.3993767499923706
YDR191W,YNL113W,0,1.2680496,0.19554655253887177,0.9182509779930115,0.3994772732257843
YKL008C,YHR124W,0,1.268004,0.1955069750547409,0.9182509779930115,0.399577796459198
YGR125W,YPL162C,0,1.2672474,0.19546742737293243,0.9182509779930115,0.3996783196926117
YNL125C,YAL055W,0,1.2667308,0.19542787969112396,0.9182509779930115,0.3997788429260254
YML130C,YDR477W,0,1.2665058,0.19538834691047668,0.9182509779930115,0.3998793661594391
YJL151C,YDR208W,0,1.2662697,0.1953488439321518,0.9182509779930115,0.3999798893928528
YGL134W,YPR025C,0,1.2661774,0.1953093409538269,0.9182509779930115,0.4000804126262665
YHL033C,YPL023C,0,1.2648017,0.1952698677778244,0.9182509779930115,0.4001809358596802
YPL081W,YMR268C,0,1.2644255,0.1952303946018219,0.9182509779930115,0.40028145909309387
YJL115W,YKL012W,0,1.26377,0.19519095122814178,0.9182509779930115,0.40038198232650757
YOR118W,YGR215W,0,1.2637074,0.19515150785446167,0.9182509779930115,0.40048250555992126
YOL027C,YOR367W,0,1.2628219,0.19511209428310394,0.9182509779930115,0.40058302879333496
YGR152C,YLR405W,0,1.2625095,0.1950726956129074,0.9182509779930115,0.40068355202674866
YOR173W,YJL051W,0,1.2624161,0.19503331184387207,0.9182509779930115,0.40078407526016235
YKR024C,YFR055W,0,1.2616876,0.19499394297599792,0.9182509779930115,0.40088459849357605
YBR221C,YHR166C,0,1.2609777,0.19495458900928497,0.9182509779930115,0.40098512172698975
YKL208W,YDR480W,0,1.2605481,0.19491524994373322,0.9182509779930115,0.40108564496040344
YGR038W,YPL003W,0,1.2600083,0.19487592577934265,0.9182509779930115,0.40118616819381714
YPL228W,YDL147W,0,1.2591364,0.19483663141727448,0.9182509779930115,0.40128669142723083
YGR108W,YLR002C,0,1.2590747,0.1947973370552063,0.9182509779930115,0.40138721466064453
YML019W,YKL073W,0,1.2581313,0.19475805759429932,0.9182509779930115,0.4014877378940582
YBR171W,YJL014W,0,1.2567327,0.19471880793571472,0.9182509779930115,0.4015882611274719
YNL037C,YML111W,0,1.2560683,0.19467955827713013,0.9182509779930115,0.4016887843608856
YAL009W,YDL174C,0,1.2553293,0.19464033842086792,0.9182509779930115,0.4017893075942993
YPR185W,YOR367W,0,1.2547748,0.1946011334657669,0.9182509779930115,0.401889830827713
YDL168W,YGL150C,0,1.2528031,0.1945619285106659,0.9182509779930115,0.4019903540611267
YCR102C,YPL015C,0,1.2517648,0.19452275335788727,0.9182509779930115,0.4020908772945404
YJL207C,YBL018C,0,1.2517451,0.19448359310626984,0.9182509779930115,0.4021914005279541
YKR001C,YGL150C,0,1.2511723,0.1944444477558136,0.9182509779930115,0.4022919237613678
YKR029C,YPR140W,0,1.2511628,0.19440531730651855,0.9182509779930115,0.4023924469947815
YNL090W,YKR022C,0,1.2499291,0.1943662017583847,0.9182509779930115,0.4024929702281952
YKL184W,YKR029C,0,1.2494422,0.19432710111141205,0.9182509779930115,0.4025934934616089
YAL032C,YLR117C,0,1.2491599,0.19428801536560059,0.9182509779930115,0.4026940166950226
YLR174W,YDL014W,0,1.2491314,0.19424894452095032,0.9182509779930115,0.4027945399284363
YPL020C,YIR035C,0,1.2489086,0.19420988857746124,0.9182509779930115,0.40289506316185
YHR072W,YKL012W,0,1.2488024,0.19417084753513336,0.9182509779930115,0.40299558639526367
YMR092C,YCL030C,0,1.2485046,0.19413183629512787,0.9182509779930115,0.40309610962867737
YMR113W,YPR052C,0,1.2484832,0.19409282505512238,0.9182509779930115,0.40319663286209106
YDR214W,YBL105C,0,1.2473133,0.19405384361743927,0.9182509779930115,0.40329715609550476
YDR338C,YML025C,0,1.2472616,0.19401486217975616,0.9182509779930115,0.40339767932891846
YDR147W,YJL093C,0,1.2461637,0.19397591054439545,0.9182509779930115,0.40349820256233215
YBL016W,YNL037C,0,1.2460597,0.19393695890903473,0.9182509779930115,0.40359872579574585
YMR104C,YKL012W,0,1.2444258,0.1938980370759964,0.9182509779930115,0.40369924902915955
YIR033W,YGR240C,0,1.2433941,0.19385911524295807,0.9182509779930115,0.40379977226257324
YBR239C,YMR260C,0,1.2429823,0.19382022321224213,0.9182509779930115,0.40390029549598694
YHR124W,YJR161C,0,1.2424674,0.19378134608268738,0.9182509779930115,0.40400081872940063
YDR338C,YPL266W,0,1.2423259,0.19374248385429382,0.9182509779930115,0.40410131216049194
YAL005C,YPL192C,0,1.2421858,0.19370363652706146,0.9182509779930115,0.40420183539390564
YIL162W,YCR088W,0,1.2419838,0.1936647891998291,0.9182509779930115,0.40430235862731934
YJR056C,YBR039W,0,1.2416036,0.19362597167491913,0.9182509779930115,0.40440288186073303
YKL091C,YAL001C,0,1.2407002,0.19358716905117035,0.9182509779930115,0.40450340509414673
YCR048W,YHR042W,0,1.2404321,0.19354838132858276,0.9182509779930115,0.4046039283275604
YHR187W,YDR037W,0,1.2395011,0.19350960850715637,0.9182509779930115,0.4047044515609741
YPL217C,YCL038C,0,1.2383404,0.19347086548805237,0.9182509779930115,0.4048049747943878
YHL007C,YOR035C,0,1.2381392,0.19343212246894836,0.9182509779930115,0.4049054980278015
YLR144C,YMR164C,0,1.2372111,0.19339339435100555,0.9182509779930115,0.4050060212612152
YAL032C,YLR449W,0,1.2346588,0.19335468113422394,0.9182509779930115,0.4051065444946289
YDR432W,YBL002W,0,1.2325671,0.19331598281860352,0.9182509779930115,0.4052070677280426
YDR339C,YLR035C,0,1.2312212,0.19327731430530548,0.9182509779930115,0.4053075909614563
YJR137C,YGL065C,0,1.2306502,0.19323864579200745,0.9182509779930115,0.40540811419487
YKL146W,YIR035C,0,1.2287433,0.1932000070810318,0.9182509779930115,0.4055086374282837
YLR022C,YBL019W,0,1.2286863,0.19316136837005615,0.9182509779930115,0.4056091606616974
YLR116W,YNR056C,0,1.2284877,0.1931227445602417,0.9182509779930115,0.4057096838951111
YNL315C,YJL160C,0,1.2284431,0.19308415055274963,0.9182509779930115,0.4058102071285248
YLR070C,YDR141C,0,1.2276723,0.19304555654525757,0.9182509779930115,0.4059107303619385
YBL004W,YGL020C,0,1.2275462,0.1930069923400879,0.9182509779930115,0.4060112535953522
YBR136W,YMR197C,0,1.226954,0.1929684430360794,0.9182509779930115,0.40611177682876587
YPL152W,YMR029C,0,1.2266554,0.19292989373207092,0.9182509779930115,0.40621230006217957
YBR228W,YGL201C,0,1.2262578,0.19289137423038483,0.9182509779930115,0.40631282329559326
YPR181C,YHR019C,0,1.224762,0.19285286962985992,0.9182509779930115,0.40641334652900696
YOR095C,YDL178W,0,1.2245135,0.19281436502933502,0.9182509779930115,0.40651386976242065
YGR275W,YNR063W,0,1.2241018,0.1927758902311325,0.9182509779930115,0.40661439299583435
YPL246C,YNL021W,0,1.223525,0.1927374303340912,0.9182509779930115,0.40671491622924805
YDR091C,YEL047C,1,1.2234458,0.1928984671831131,0.9192014932632446,0.40671491622924805
YOL094C,YOR360C,0,1.2234106,0.19285999238491058,0.9192014932632446,0.40681543946266174
YEL011W,YIR035C,0,1.2212617,0.19282153248786926,0.9192014932632446,0.40691596269607544
YBR258C,YPR029C,0,1.2203617,0.19278308749198914,0.9192014932632446,0.40701648592948914
YLR233C,YJR014W,0,1.2185087,0.1927446722984314,0.9192014932632446,0.40711700916290283
YKR010C,YBR227C,0,1.2184278,0.19270625710487366,0.9192014932632446,0.40721753239631653
YLR242C,YDL194W,0,1.2180665,0.1926678568124771,0.9192014932632446,0.4073180556297302
YKL046C,YLL028W,0,1.2170467,0.19262948632240295,0.9192014932632446,0.4074185788631439
YNL139C,YOL034W,0,1.2168407,0.1925911158323288,0.9192014932632446,0.4075191020965576
YGL234W,YMR268C,0,1.2155225,0.19255277514457703,0.9192014932632446,0.4076196253299713
YJL111W,YIL067C,0,1.2149482,0.19251443445682526,0.9192014932632446,0.407720148563385
YGL124C,YKR024C,0,1.2149093,0.19247610867023468,0.9192014932632446,0.4078206717967987
YER048C,YOR205C,0,1.2137662,0.1924378126859665,0.9192014932632446,0.4079211950302124
YJR095W,YDR097C,0,1.2134786,0.1923995167016983,0.9192014932632446,0.4080217182636261
YDR485C,YOL060C,0,1.2131982,0.1923612505197525,0.9192014932632446,0.4081222414970398
YBR077C,YLR405W,0,1.2129273,0.1923229843378067,0.9192014932632446,0.4082227647304535
YAR008W,YKL139W,0,1.2119565,0.1922847479581833,0.9192014932632446,0.4083232879638672
YDR485C,YCR042C,0,1.211888,0.19224652647972107,0.9192014932632446,0.4084238111972809
YLR342W,YBR200W,0,1.2118518,0.19220830500125885,0.9192014932632446,0.4085243344306946
YMR116C,YIR028W,0,1.2118412,0.19217011332511902,0.9192014932632446,0.4086248576641083
YGR215W,YDR026C,1,1.2115946,0.19233061373233795,0.9201520681381226,0.4086248576641083
YDL052C,YHR032W,0,1.2107604,0.19229240715503693,0.9201520681381226,0.408725380897522
YEL063C,YIL040W,0,1.2090881,0.1922542154788971,0.9201520681381226,0.40882590413093567
YDR202C,YFR009W,0,1.2085028,0.19221603870391846,0.9201520681381226,0.40892642736434937
YNL124W,YHR107C,0,1.2077368,0.192177876830101,0.9201520681381226,0.40902695059776306
YNL252C,YLR119W,0,1.2062522,0.19213974475860596,0.9201520681381226,0.40912747383117676
YJL115W,YGL153W,0,1.2056315,0.1921016126871109,0.9201520681381226,0.40922799706459045
YDL150W,YJL154C,0,1.2053235,0.19206349551677704,0.9201520681381226,0.40932852029800415
YPR104C,YGL079W,0,1.2052462,0.19202539324760437,0.9201520681381226,0.40942904353141785
YKL120W,YDR480W,0,1.2046827,0.1919873058795929,0.9201520681381226,0.40952956676483154
YFR042W,YER118C,0,1.2045784,0.19194923341274261,0.9201520681381226,0.40963008999824524
YCR028C-A,YLL028W,0,1.2035542,0.19191117584705353,0.9201520681381226,0.40973061323165894
YCR042C,YIL131C,0,1.2031955,0.19187314808368683,0.9201520681381226,0.40983113646507263
YOL021C,YKR039W,0,1.2023389,0.19183512032032013,0.9201520681381226,0.40993162989616394
YMR092C,YJL020C,0,1.2020376,0.19179710745811462,0.9201520681381226,0.41003215312957764
YBR293W,YPR056W,0,1.2019839,0.1917591094970703,0.9201520681381226,0.41013267636299133
YBR039W,YNR063W,0,1.2013221,0.1917211264371872,0.9201520681381226,0.41023319959640503
YBR215W,YGL166W,0,1.2008488,0.19168317317962646,0.9201520681381226,0.4103337228298187
YPR023C,YDR267C,0,1.2005522,0.19164521992206573,0.9201520681381226,0.4104342460632324
YDR194C,YJL074C,0,1.2004879,0.1916072815656662,0.9201520681381226,0.4105347692966461
YOR153W,YCR043C,0,1.2004865,0.19156935811042786,0.9201520681381226,0.4106352925300598
YKL049C,YDR016C,0,1.2004738,0.1915314644575119,0.9201520681381226,0.4107358157634735
YER065C,YDL153C,0,1.1999248,0.19149357080459595,0.9201520681381226,0.4108363389968872
YOR056C,YOR360C,0,1.1993947,0.1914556920528412,0.9201520681381226,0.4109368622303009
YBL040C,YDR184C,0,1.1982312,0.1914178431034088,0.9201520681381226,0.4110373854637146
YBR217W,YLL042C,0,1.1973268,0.19137999415397644,0.9201520681381226,0.4111379086971283
YDL212W,YGL234W,0,1.197092,0.19134216010570526,0.9201520681381226,0.411238431930542
YPR058W,YOL058W,0,1.1965894,0.19130434095859528,0.9201520681381226,0.4113389551639557
YCL020W,YNL116W,0,1.1958263,0.19126655161380768,0.9201520681381226,0.4114394783973694
YJR043C,YNL327W,0,1.1958005,0.19122876226902008,0.9201520681381226,0.4115400016307831
YBR039W,YBR244W,0,1.195691,0.19119098782539368,0.9201520681381226,0.4116405248641968
YPR132W,YNL014W,1,1.1954079,0.19135071337223053,0.9211026430130005,0.4116405248641968
YDR027C,YML025C,0,1.1943414,0.19131293892860413,0.9211026430130005,0.4117410480976105
YBR228W,YER026C,0,1.1937909,0.19127516448497772,0.9211026430130005,0.41184157133102417
YLR242C,YLR274W,0,1.1922536,0.1912374198436737,0.9211026430130005,0.41194209456443787
YOR033C,YFL002C,0,1.1918604,0.19119969010353088,0.9211026430130005,0.41204261779785156
YDR186C,YGR162W,1,1.1908333,0.1913592368364334,0.9220532178878784,0.41204261779785156
YGR198W,YKR046C,0,1.190438,0.1913214921951294,0.9220532178878784,0.41214314103126526
YNL186W,YJR043C,0,1.1903226,0.19128377735614777,0.9220532178878784,0.41224366426467896
YGR133W,YMR309C,0,1.1900009,0.19124606251716614,0.9220532178878784,0.41234418749809265
YHR216W,YLR136C,0,1.1889427,0.1912083625793457,0.9220532178878784,0.41244471073150635
YAL001C,YLR133W,0,1.1881292,0.19117067754268646,0.9220532178878784,0.41254523396492004
YHR072W,YNR063W,0,1.1878471,0.19113300740718842,0.9220532178878784,0.41264575719833374
YLR051C,YML019W,0,1.1878036,0.19109535217285156,0.9220532178878784,0.41274628043174744
YJL002C,YER166W,0,1.1869181,0.1910577118396759,0.9220532178878784,0.41284680366516113
YLR070C,YML058W,0,1.1869035,0.19102008640766144,0.9220532178878784,0.41294732689857483
YNR023W,YBR152W,0,1.1866279,0.19098247587680817,0.9220532178878784,0.4130478501319885
YGR152C,YML065W,0,1.1854138,0.1909448802471161,0.9220532178878784,0.4131483733654022
YMR021C,YPL072W,0,1.1853482,0.1909072995185852,0.9220532178878784,0.4132488965988159
YDL226C,YKR046C,0,1.1837897,0.19086973369121552,0.9220532178878784,0.4133494198322296
YOR056C,YKL208W,0,1.1837791,0.19083218276500702,0.9220532178878784,0.4134499430656433
YPL164C,YKL148C,0,1.1824534,0.19079464673995972,0.9220532178878784,0.413550466299057
YOR371C,YHR128W,0,1.181695,0.1907571256160736,0.9220532178878784,0.4136509895324707
YKL160W,YKL184W,0,1.1815127,0.1907196193933487,0.9220532178878784,0.4137515127658844
YDR191W,YDR156W,0,1.1812279,0.19068212807178497,0.9220532178878784,0.4138520359992981
YHR191C,YMR024W,0,1.1810187,0.19064465165138245,0.9220532178878784,0.4139525592327118
YIL040W,YBR102C,0,1.180856,0.1906071901321411,0.9220532178878784,0.4140530824661255
YPR009W,YDL122W,0,1.1806884,0.19056974351406097,0.9220532178878784,0.4141536056995392
YJL151C,YLR155C,0,1.1802728,0.19053231179714203,0.9220532178878784,0.4142541289329529
YJL151C,YDR206W,0,1.1800625,0.19049489498138428,0.9220532178878784,0.4143546521663666
YLR240W,YPL072W,0,1.1794827,0.19045749306678772,0.9220532178878784,0.4144551753997803
YKR067W,YCL020W,0,1.1786429,0.19042010605335236,0.9220532178878784,0.41455569863319397
YFL053W,YOR003W,0,1.1780083,0.19038273394107819,0.9220532178878784,0.41465622186660767
YKL176C,YNL241C,0,1.1775951,0.19034536182880402,0.9220532178878784,0.41475674510002136
YHR134W,YIL121W,0,1.1772122,0.19030801951885223,0.9220532178878784,0.41485726833343506
YPR020W,YML010W,0,1.17719,0.19027069211006165,0.9220532178878784,0.41495779156684875
YER069W,YCR008W,0,1.176821,0.19023337960243225,0.9220532178878784,0.41505831480026245
YKR067W,YPL227C,0,1.176033,0.19019608199596405,0.9220532178878784,0.41515883803367615
YBL018C,YDR484W,0,1.1753534,0.19015879929065704,0.9220532178878784,0.41525936126708984
YHR134W,YER075C,0,1.1748384,0.19012151658535004,0.9220532178878784,0.41535988450050354
YDR214W,YLL015W,0,1.1742041,0.19008426368236542,0.9220532178878784,0.41546040773391724
YBL066C,YGR249W,0,1.1737845,0.190047025680542,0.9220532178878784,0.41556093096733093
YCR079W,YOR368W,0,1.1721493,0.19000978767871857,0.9220532178878784,0.41566145420074463
YKL049C,YEL034W,0,1.1708912,0.18997257947921753,0.9220532178878784,0.41576194763183594
YGR090W,YER026C,0,1.1698033,0.18993538618087769,0.9220532178878784,0.41586247086524963
YAR071W,YGR128C,0,1.1697203,0.18989819288253784,0.9220532178878784,0.41596299409866333
YGR090W,YLR066W,0,1.169307,0.18986102938652039,0.9220532178878784,0.416063517332077
YML078W,YDR216W,0,1.1687965,0.18982388079166412,0.9220532178878784,0.4161640405654907
YEL046C,YJL074C,0,1.168503,0.18978673219680786,0.9220532178878784,0.4162645637989044
YLR242C,YOR336W,0,1.1683273,0.189749613404274,0.9220532178878784,0.4163650870323181
YHR098C,YKL137W,0,1.1674993,0.1897124946117401,0.9220532178878784,0.4164656102657318
YMR283C,YBL097W,0,1.1664506,0.18967540562152863,0.9220532178878784,0.4165661334991455
YNL300W,YML062C,0,1.1655877,0.18963831663131714,0.9220532178878784,0.4166666567325592
YAL042W,YGR280C,0,1.1653233,0.18960125744342804,0.9220532178878784,0.4167671799659729
YPL016W,YCL020W,0,1.1645229,0.18956419825553894,0.9220532178878784,0.4168677031993866
YDR202C,YGR287C,0,1.1644828,0.18952715396881104,0.9220532178878784,0.4169682264328003
YPR056W,YDL236W,0,1.1636113,0.18949013948440552,0.9220532178878784,0.417068749666214
YIL131C,YBL066C,0,1.1625586,0.189453125,0.9220532178878784,0.4171692728996277
YGR275W,YDR156W,0,1.162176,0.18941612541675568,0.9220532178878784,0.4172697961330414
YER006W,YML007W,0,1.1616659,0.18937915563583374,0.9220532178878784,0.4173703193664551
YER026C,YHR178W,0,1.1611801,0.1893421858549118,0.9220532178878784,0.4174708425998688
YIL085C,YDL161W,0,1.1602273,0.18930523097515106,0.9220532178878784,0.41757136583328247
YHR107C,YMR044W,0,1.1602098,0.1892682909965515,0.9220532178878784,0.41767188906669617
YDL126C,YPL069C,0,1.1599193,0.18923136591911316,0.9220532178878784,0.41777241230010986
YJL210W,YMR216C,0,1.15971,0.189194455742836,0.9220532178878784,0.41787293553352356
YJR056C,YBR014C,0,1.1593653,0.18915756046772003,0.9220532178878784,0.41797345876693726
YIR003W,YLR431C,0,1.1590168,0.18912068009376526,0.9220532178878784,0.41807398200035095
YJR095W,YLR355C,0,1.158468,0.18908381462097168,0.9220532178878784,0.41817450523376465
YGR198W,YIR013C,0,1.1583314,0.1890469640493393,0.9220532178878784,0.41827502846717834
YMR251W-A,YDR208W,0,1.1582975,0.1890101283788681,0.9220532178878784,0.41837555170059204
YDR163W,YBR014C,0,1.1579084,0.1889733076095581,0.9220532178878784,0.41847607493400574
YDR016C,YBL018C,0,1.1573012,0.1889365017414093,0.9220532178878784,0.41857659816741943
YBR216C,YMR024W,0,1.1569657,0.1888997107744217,0.9220532178878784,0.41867712140083313
YIL016W,YMR113W,0,1.1561031,0.18886293470859528,0.9220532178878784,0.4187776446342468
YLR233C,YBL005W-A,0,1.1557541,0.18882615864276886,0.9220532178878784,0.4188781678676605
YFL050C,YML058W,0,1.1536441,0.18878941237926483,0.9220532178878784,0.4189786911010742
YCR042C,YGL054C,0,1.1532397,0.188752681016922,0.9220532178878784,0.4190792143344879
YKL188C,YPR121W,0,1.1525728,0.18871594965457916,0.9220532178878784,0.4191797375679016
YOR336W,YPL158C,0,1.152443,0.18867924809455872,0.9220532178878784,0.4192802608013153
YFR009W,YMR247C,1,1.1522163,0.18883702158927917,0.9230037927627563,0.4192802608013153
YNL154C,YHR196W,0,1.1521542,0.18880030512809753,0.9230037927627563,0.419380784034729
YPR020W,YNL245C,0,1.1521461,0.1887636035680771,0.9230037927627563,0.4194813072681427
YLR071C,YJL210W,0,1.1518954,0.18872691690921783,0.9230037927627563,0.4195818305015564
YDR180W,YML001W,0,1.1517456,0.18869024515151978,0.9230037927627563,0.4196823537349701
YER006W,YJL203W,0,1.151291,0.1886535882949829,0.9230037927627563,0.4197828769683838
YKR003W,YFL002C,0,1.1507754,0.18861693143844604,0.9230037927627563,0.4198834002017975
YGL001C,YJR077C,0,1.1507399,0.18858030438423157,0.9230037927627563,0.4199839234352112
YPR101W,YNL252C,0,1.1506183,0.18854369223117828,0.9230037927627563,0.4200844466686249
YGL250W,YOR360C,0,1.1491643,0.188507080078125,0.9230037927627563,0.4201849699020386
YJL118W,YGR092W,0,1.1484387,0.1884704977273941,0.9230037927627563,0.42028549313545227
YER011W,YKR001C,0,1.1479435,0.1884339153766632,0.9230037927627563,0.42038601636886597
YIR034C,YKL055C,0,1.147197,0.1883973628282547,0.9230037927627563,0.42048653960227966
YCR077C,YBL038W,1,1.1458259,0.1885548084974289,0.9239543676376343,0.42048653960227966
YJL209W,YGL125W,0,1.1441972,0.188518226146698,0.9239543676376343,0.42058706283569336
YOR298C-A,YMR044W,0,1.1440941,0.1884816735982895,0.9239543676376343,0.42068758606910706
YNL088W,YJL047C,0,1.143803,0.18844513595104218,0.9239543676376343,0.42078810930252075
YDR051C,YGR132C,0,1.1437185,0.18840861320495605,0.9239543676376343,0.42088863253593445
YER019W,YAL014C,0,1.1432647,0.18837209045886993,0.9239543676376343,0.42098915576934814
YIL049W,YKL152C,0,1.1432216,0.1883355975151062,0.9239543676376343,0.42108967900276184
YAL001C,YKR024C,0,1.1430826,0.18829910457134247,0.9239543676376343,0.42119020223617554
YBR302C,YHR178W,0,1.1427283,0.18826264142990112,0.9239543676376343,0.42129072546958923
YBR088C,YNL224C,0,1.142519,0.18822617828845978,0.9239543676376343,0.42139124870300293
YLR034C,YOL039W,0,1.1416383,0.18818974494934082,0.9239543676376343,0.4214917719364166
YDL153C,YEL020C,0,1.1413479,0.18815331161022186,0.9239543676376343,0.42159226536750793
YNL327W,YFR055W,0,1.1410217,0.1881168931722641,0.9239543676376343,0.42169278860092163
YMR047C,YDL066W,0,1.1410094,0.18808048963546753,0.9239543676376343,0.4217933118343353
YDL193W,YNL072W,0,1.1408039,0.18804411590099335,0.9239543676376343,0.421893835067749
YBR203W,YIR034C,0,1.1406343,0.18800774216651917,0.9239543676376343,0.4219943583011627
YDR221W,YFL034C-A,0,1.140316,0.18797138333320618,0.9239543676376343,0.4220948815345764
YLR369W,YMR044W,0,1.1397462,0.18793503940105438,0.9239543676376343,0.4221954047679901
YDR084C,YLR089C,0,1.1386368,0.18789871037006378,0.9239543676376343,0.4222959280014038
YHR112C,YPL242C,0,1.1382596,0.18786239624023438,0.9239543676376343,0.4223964512348175
YBL102W,YNL265C,0,1.1379931,0.18782608211040497,0.9239543676376343,0.4224969744682312
YLR408C,YHR043C,0,1.1365609,0.18778979778289795,0.9239543676376343,0.4225974977016449
YFL055W,YNL035C,0,1.13594,0.18775352835655212,0.9239543676376343,0.4226980209350586
YDR153C,YLR453C,0,1.1353128,0.1877172589302063,0.9239543676376343,0.4227985441684723
YIR007W,YCR067C,0,1.135171,0.18768101930618286,0.9239543676376343,0.422899067401886
YNR056C,YJL076W,0,1.1349225,0.18764479458332062,0.9239543676376343,0.4229995906352997
YER048C,YDR020C,0,1.1344956,0.18760856986045837,0.9239543676376343,0.4231001138687134
YNL053W,YJR044C,0,1.133692,0.18757236003875732,0.9239543676376343,0.4232006371021271
YHR039C,YBR039W,0,1.1334846,0.18753618001937866,0.9239543676376343,0.42330116033554077
YDR162C,YIL050W,0,1.132988,0.1875,0.9239543676376343,0.42340168356895447
YBR073W,YML130C,0,1.1322846,0.18746383488178253,0.9239543676376343,0.42350220680236816
YHR062C,YPL249C,0,1.1322596,0.18742768466472626,0.9239543676376343,0.42360273003578186
YOL110W,YKL120W,0,1.1322407,0.18739154934883118,0.9239543676376343,0.42370325326919556
YML066C,YJL159W,0,1.1317779,0.1873554289340973,0.9239543676376343,0.42380377650260925
YJL137C,YER026C,0,1.130134,0.1873193234205246,0.9239543676376343,0.42390429973602295
YDR255C,YIL129C,0,1.1300696,0.1872832328081131,0.9239543676376343,0.42400482296943665
YMR237W,YLL032C,1,1.128716,0.18743979930877686,0.9249049425125122,0.42400482296943665
YCL019W,YKR025W,0,1.1282434,0.18740369379520416,0.9249049425125122,0.42410534620285034
YIR022W,YGL097W,0,1.1271248,0.18736760318279266,0.9249049425125122,0.42420586943626404
YNL083W,YJR014W,0,1.127001,0.18733154237270355,0.9249049425125122,0.42430639266967773
YKL071W,YKL046C,0,1.126837,0.18729548156261444,0.9249049425125122,0.42440691590309143
YIL073C,YLR136C,0,1.1264821,0.18725943565368652,0.9249049425125122,0.4245074391365051
YER146W,YDR051C,0,1.1264336,0.1872234046459198,0.9249049425125122,0.4246079623699188
YDR073W,YKL125W,0,1.1252476,0.18718737363815308,0.9249049425125122,0.4247084856033325
YGR108W,YDL213C,0,1.1244066,0.18715137243270874,0.9249049425125122,0.4248090088367462
YDR119W,YCR033W,0,1.1242661,0.1871153861284256,0.9249049425125122,0.4249095320701599
YGL156W,YBR244W,0,1.1239159,0.18707941472530365,0.9249049425125122,0.4250100553035736
YDR237W,YNL224C,0,1.1237428,0.1870434433221817,0.9249049425125122,0.4251105785369873
YOR141C,YKL084W,0,1.1236395,0.18700750172138214,0.9249049425125122,0.425211101770401
YPR104C,YNL225C,0,1.1230559,0.18697156012058258,0.9249049425125122,0.4253116250038147
YGL086W,YOL034W,0,1.1228806,0.1869356334209442,0.9249049425125122,0.4254121482372284
YKL086W,YPR107C,0,1.1227926,0.18689973652362823,0.9249049425125122,0.4255126714706421
YDR162C,YIL129C,0,1.1212318,0.18686383962631226,0.9249049425125122,0.4256131947040558
YJL139C,YMR170C,0,1.1209671,0.18682795763015747,0.9249049425125122,0.4257137179374695
YMR104C,YBR077C,0,1.1199858,0.18679209053516388,0.9249049425125122,0.4258142411708832
YPL275W,YGL055W,0,1.1198206,0.18675623834133148,0.9249049425125122,0.4259147644042969
YDR489W,YDR206W,0,1.1194984,0.18672040104866028,0.9249049425125122,0.42601528763771057
YFR044C,YOR295W,0,1.1189927,0.18668457865715027,0.9249049425125122,0.42611581087112427
YGL255W,YMR244C-A,0,1.1189334,0.18664875626564026,0.9249049425125122,0.42621633410453796
YMR197C,YLR081W,0,1.11881,0.18661296367645264,0.9249049425125122,0.42631685733795166
YMR052W,YLR089C,0,1.1179907,0.1865771859884262,0.9249049425125122,0.42641738057136536
YMR113W,YGL065C,0,1.1177505,0.18654140830039978,0.9249049425125122,0.42651790380477905
YNL134C,YGR065C,0,1.1163619,0.18650566041469574,0.9249049425125122,0.42661842703819275
YML114C,YPR103W,0,1.1158721,0.1864699125289917,0.9249049425125122,0.42671895027160645
YLR077W,YGL020C,0,1.1158657,0.18643417954444885,0.9249049425125122,0.42681947350502014
YMR214W,YBR298C,0,1.1156929,0.1863984614610672,0.9249049425125122,0.42691999673843384
YGL099W,YNL106C,0,1.1154743,0.18636277318000793,0.9249049425125122,0.42702051997184753
YNL299W,YHR083W,0,1.1150472,0.18632708489894867,0.9249049425125122,0.42712104320526123
YLR174W,YOL001W,0,1.1142664,0.1862913966178894,0.9249049425125122,0.4272215664386749
YGR247W,YGR132C,0,1.1131058,0.18625573813915253,0.9249049425125122,0.4273220896720886
YOL110W,YAR008W,0,1.1114745,0.18622009456157684,0.9249049425125122,0.42742258310317993
YMR266W,YPL066W,0,1.1112703,0.18618446588516235,0.9249049425125122,0.42752310633659363
YCR067C,YDR307W,0,1.1111981,0.18614883720874786,0.9249049425125122,0.4276236295700073
YLR320W,YPR101W,0,1.1109445,0.18611323833465576,0.9249049425125122,0.427724152803421
YLR272C,YER183C,0,1.1098232,0.18607763946056366,0.9249049425125122,0.4278246760368347
YDL005C,YDR255C,0,1.1097486,0.18604207038879395,0.9249049425125122,0.4279251992702484
YLR262C,YAL055W,0,1.1086035,0.18600650131702423,0.9249049425125122,0.4280257225036621
YBR229C,YHL020C,0,1.1075332,0.1859709471464157,0.9249049425125122,0.4281262457370758
YLR320W,YOR371C,0,1.1069154,0.18593540787696838,0.9249049425125122,0.4282267689704895
YHR034C,YGL054C,0,1.10635,0.18589988350868225,0.9249049425125122,0.4283272922039032
YMR011W,YLR210W,0,1.1053017,0.1858643740415573,0.9249049425125122,0.4284278154373169
YER048C,YHR050W,0,1.1036605,0.18582887947559357,0.9249049425125122,0.4285283386707306
YGL099W,YER001W,0,1.1033453,0.18579339981079102,0.9249049425125122,0.4286288619041443
YDR258C,YFR044C,0,1.1032314,0.18575792014598846,0.9249049425125122,0.428729385137558
YDR363W,YNL272C,0,1.1027836,0.1857224702835083,0.9249049425125122,0.4288299083709717
YDR163W,YOL060C,0,1.1020106,0.18568702042102814,0.9249049425125122,0.4289304316043854
YLR272C,YGR231C,0,1.1012989,0.18565160036087036,0.9249049425125122,0.4290309548377991
YDR348C,YPL192C,0,1.1012957,0.18561618030071259,0.9249049425125122,0.42913147807121277
YLR342W,YLR003C,0,1.1007497,0.185580775141716,0.9249049425125122,0.42923200130462646
YCL011C,YKL139W,0,1.1001623,0.18554538488388062,0.9249049425125122,0.42933252453804016
YHR134W,YBL002W,0,1.0992334,0.18551000952720642,0.9249049425125122,0.42943304777145386
YJR007W,YOL034W,0,1.0989878,0.18547464907169342,0.9249049425125122,0.42953357100486755
YEL063C,YHR032W,0,1.0986922,0.1854393035173416,0.9249049425125122,0.42963409423828125
YJL111W,YOR022C,0,1.0974743,0.1854039579629898,0.9249049425125122,0.42973461747169495
YNR075W,YLR355C,0,1.0973914,0.1853686422109604,0.9249049425125122,0.42983514070510864
YOR083W,YOR171C,0,1.0972283,0.18533332645893097,0.9249049425125122,0.42993566393852234
YJL139C,YGL254W,0,1.0971107,0.18529804050922394,0.9249049425125122,0.43003618717193604
YGR284C,YDR409W,0,1.0970845,0.1852627545595169,0.9249049425125122,0.43013671040534973
YPL212C,YGL077C,0,1.0964329,0.18522748351097107,0.9249049425125122,0.4302372336387634
YNL323W,YJL184W,0,1.095801,0.18519222736358643,0.9249049425125122,0.4303377568721771
YCL033C,YIL122W,0,1.0956416,0.18515698611736298,0.9249049425125122,0.4304382801055908
YPL242C,YJR113C,0,1.0952116,0.18512175977230072,0.9249049425125122,0.4305388033390045
YLR077W,YER170W,0,1.0945611,0.18508654832839966,0.9249049425125122,0.4306393265724182
YLR002C,YJR161C,0,1.0943679,0.1850513517856598,0.9249049425125122,0.4307398498058319
YNR036C,YOL113W,0,1.0942538,0.18501617014408112,0.9249049425125122,0.4308403730392456
YKL008C,YGR172C,0,1.0941949,0.18498098850250244,0.9249049425125122,0.4309408962726593
YDR156W,YLR022C,0,1.0940211,0.18494582176208496,0.9249049425125122,0.431041419506073
YER021W,YPL057C,0,1.0938878,0.18491068482398987,0.9249049425125122,0.4311419427394867
YLR262C,YER122C,0,1.0938548,0.18487554788589478,0.9249049425125122,0.4312424659729004
YBR265W,YMR291W,0,1.0929556,0.18484042584896088,0.9249049425125122,0.4313429892063141
YER011W,YNL125C,0,1.0928595,0.18480531871318817,0.9249049425125122,0.4314435124397278
YLR307W,YDR017C,0,1.091492,0.18477022647857666,0.9249049425125122,0.4315440356731415
YOR229W,YHR183W,0,1.0902321,0.18473514914512634,0.9249049425125122,0.4316445589065552
YGL184C,YOR133W,0,1.0900625,0.18470007181167603,0.9249049425125122,0.43174508213996887
YML038C,YFL002C,0,1.0894308,0.1846650242805481,0.9249049425125122,0.43184560537338257
YDR311W,YKR067W,0,1.0893381,0.18462997674942017,0.9249049425125122,0.43194612860679626
YOL088C,YJR093C,0,1.0889645,0.18459495902061462,0.9249049425125122,0.43204665184020996
YPR185W,YLR453C,0,1.088733,0.18455994129180908,0.9249049425125122,0.43214717507362366
YPR104C,YDR432W,0,1.0884876,0.18452493846416473,0.9249049425125122,0.43224769830703735
YCL011C,YCL026C-A,0,1.0884051,0.18448995053768158,0.9249049425125122,0.43234822154045105
YKR025W,YJL100W,0,1.0884006,0.18445497751235962,0.9249049425125122,0.43244874477386475
YOR128C,YBR210W,0,1.0881674,0.18442001938819885,0.9249049425125122,0.43254926800727844
YMR266W,YBL099W,0,1.0880336,0.18438506126403809,0.9249049425125122,0.43264979124069214
YGL033W,YJR007W,0,1.0873795,0.1843501329421997,0.9249049425125122,0.43275031447410583
YPL081W,YKL222C,1,1.0862017,0.1845046430826187,0.9258555173873901,0.43275031447410583
YDL178W,YBL066C,0,1.0853215,0.18446969985961914,0.9258555173873901,0.43285083770751953
YGL255W,YEL004W,0,1.084677,0.18443477153778076,0.9258555173873901,0.4329513609409332
YAL055W,YGR098C,0,1.0840883,0.18439984321594238,0.9258555173873901,0.4330518841743469
YBR200W,YMR024W,0,1.0839311,0.1843649446964264,0.9258555173873901,0.43315237760543823
YDR258C,YPR066W,0,1.0837991,0.1843300461769104,0.9258555173873901,0.43325290083885193
YGR257C,YPL187W,0,1.0834177,0.1842951774597168,0.9258555173873901,0.4333534240722656
YOL094C,YOL044W,0,1.0830879,0.1842603087425232,0.9258555173873901,0.4334539473056793
YDR020C,YMR170C,0,1.082974,0.18422545492649078,0.9258555173873901,0.433554470539093
YKL220C,YMR068W,0,1.0826255,0.18419061601161957,0.9258555173873901,0.4336549937725067
YBR288C,YPR065W,0,1.0822079,0.18415579199790955,0.9258555173873901,0.4337555170059204
YJL014W,YGR132C,0,1.0806695,0.18412098288536072,0.9258555173873901,0.4338560402393341
YGR090W,YJR086W,0,1.0804676,0.18408618867397308,0.9258555173873901,0.4339565634727478
YBL006C,YGR215W,0,1.0804137,0.18405139446258545,0.9258555173873901,0.4340570867061615
YHL009C,YKL049C,0,1.0801542,0.1840166300535202,0.9258555173873901,0.4341576099395752
YAL001C,YNR046W,0,1.079769,0.18398186564445496,0.9258555173873901,0.4342581331729889
YPR181C,YLL032C,0,1.0793436,0.1839471161365509,0.9258555173873901,0.4343586564064026
YOR118W,YGL020C,0,1.078933,0.18391238152980804,0.9258555173873901,0.4344591796398163
YGR275W,YKR039W,0,1.0785513,0.18387766182422638,0.9258555173873901,0.43455970287323
YGL020C,YHR178W,0,1.0781331,0.1838429570198059,0.9258555173873901,0.4346602261066437
YHL007C,YBL084C,0,1.0778135,0.18380826711654663,0.9258555173873901,0.4347607493400574
YDL181W,YJL100W,0,1.0773355,0.18377359211444855,0.9258555173873901,0.43486127257347107
YJL209W,YOL148C,0,1.0772529,0.18373891711235046,0.9258555173873901,0.43496179580688477
YOL119C,YGL179C,0,1.0771221,0.18370425701141357,0.9258555173873901,0.43506231904029846
YHR112C,YDL207W,0,1.0759673,0.18366962671279907,0.9258555173873901,0.43516284227371216
YHR104W,YFL052W,0,1.0756584,0.18363499641418457,0.9258555173873901,0.43526336550712585
YPR201W,YLR368W,0,1.0753195,0.18360038101673126,0.9258555173873901,0.43536388874053955
YOL146W,YGL086W,0,1.0748944,0.18356578052043915,0.9258555173873901,0.43546441197395325
YER172C,YNR039C,0,1.0745901,0.18353118002414703,0.9258555173873901,0.43556493520736694
YHR143W-A,YGR289C,0,1.074424,0.1834966093301773,0.9258555173873901,0.43566545844078064
YOR017W,YNL148C,0,1.0743318,0.18346203863620758,0.9258555173873901,0.43576598167419434
YGL131C,YBL105C,0,1.0740904,0.18342749774456024,0.9258555173873901,0.43586650490760803
YLR298C,YER016W,0,1.0728215,0.1833929568529129,0.9258555173873901,0.43596702814102173
YKL086W,YGL245W,0,1.0721657,0.18335843086242676,0.9258555173873901,0.4360675513744354
YDL178W,YCR020W-B,0,1.0717154,0.1833239197731018,0.9258555173873901,0.4361680746078491
YER039C,YDR450W,0,1.0704625,0.18328942358493805,0.9258555173873901,0.4362685978412628
YHL018W,YDR156W,0,1.0699537,0.18325494229793549,0.9258555173873901,0.4363691210746765
YPL256C,YKR025W,0,1.0698541,0.18322046101093292,0.9258555173873901,0.4364696443080902
YOL016C,YNR032W,0,1.0691929,0.18318600952625275,0.9258555173873901,0.4365701675415039
YKL112W,YKL092C,0,1.0689638,0.18315155804157257,0.9258555173873901,0.4366706907749176
YEL004W,YKR024C,0,1.0687819,0.1831171214580536,0.9258555173873901,0.4367712140083313
YLR272C,YPR165W,0,1.0682817,0.1830826997756958,0.9258555173873901,0.436871737241745
YEL060C,YJR137C,0,1.0680171,0.1830482929944992,0.9258555173873901,0.4369722604751587
YPL086C,YPL265W,0,1.0678906,0.1830139011144638,0.9258555173873901,0.4370727837085724
YLR393W,YDL104C,0,1.0674075,0.1829795241355896,0.9258555173873901,0.4371733069419861
YJR086W,YDR017C,0,1.067361,0.1829451471567154,0.9258555173873901,0.4372738301753998
YBR236C,YBR265W,0,1.0660533,0.18291079998016357,0.9258555173873901,0.4373743534088135
YIL099W,YNL154C,0,1.0652422,0.18287645280361176,0.9258555173873901,0.4374748766422272
YLR132C,YBL097W,0,1.0652338,0.18284212052822113,0.9258555173873901,0.43757539987564087
YOL115W,YPL055C,0,1.0652177,0.1828078031539917,0.9258555173873901,0.43767592310905457
YEL034W,YER124C,0,1.0651169,0.18277350068092346,0.9258555173873901,0.43777644634246826
YMR268C,YPL015C,0,1.0649054,0.18273921310901642,0.9258555173873901,0.43787696957588196
YMR277W,YOL049W,0,1.0647694,0.18270494043827057,0.9258555173873901,0.43797749280929565
YMR030W,YDL092W,0,1.0647035,0.18267066776752472,0.9258555173873901,0.43807801604270935
YGR287C,YNL014W,1,1.0644722,0.18282392621040344,0.9268060922622681,0.43807801604270935
YGR215W,YKL148C,0,1.0644652,0.1827896535396576,0.9268060922622681,0.43817853927612305
YCR102C,YGR068C,0,1.063721,0.18275539577007294,0.9268060922622681,0.43827906250953674
YBR258C,YLR003C,0,1.0615997,0.18272113800048828,0.9268060922622681,0.43837958574295044
YGL043W,YGL079W,0,1.0613419,0.182686910033226,0.9268060922622681,0.43848010897636414
YCL019W,YMR154C,0,1.061334,0.18265268206596375,0.9268060922622681,0.43858063220977783
YGL017W,YGR041W,0,1.060351,0.18261846899986267,0.9268060922622681,0.43868115544319153
YBR203W,YNL030W,0,1.0600085,0.1825842708349228,0.9268060922622681,0.4387816786766052
YGR108W,YPL265W,0,1.0590975,0.1825500875711441,0.9268060922622681,0.4388822019100189
YBR217W,YFL022C,0,1.0589437,0.18251590430736542,0.9268060922622681,0.43898269534111023
YJR056C,YGR109C,0,1.058749,0.18248175084590912,0.9268060922622681,0.4390832185745239
YLR128W,YDL122W,0,1.0586491,0.18244759738445282,0.9268060922622681,0.4391837418079376
YAL014C,YAL047C,0,1.0583231,0.1824134737253189,0.9268060922622681,0.4392842650413513
YCL026C-A,YOR100C,0,1.0578227,0.182379350066185,0.9268060922622681,0.439384788274765
YLR144C,YKR092C,0,1.0567192,0.18234524130821228,0.9268060922622681,0.4394853115081787
YPR183W,YMR134W,0,1.0563581,0.18231114745140076,0.9268060922622681,0.4395858347415924
YCL026C-A,YMR044W,0,1.056335,0.18227706849575043,0.9268060922622681,0.4396863579750061
YBR098W,YJL159W,0,1.0560701,0.1822429895401001,0.9268060922622681,0.4397868812084198
YJL002C,YGL029W,0,1.0554907,0.18220892548561096,0.9268060922622681,0.4398874044418335
YJL123C,YFL031W,0,1.0551709,0.1821748912334442,0.9268060922622681,0.4399879276752472
YGR028W,YLR298C,0,1.0540922,0.18214085698127747,0.9268060922622681,0.4400884509086609
YPL110C,YDL069C,1,1.0537387,0.1822936087846756,0.927756667137146,0.4400884509086609
YGR090W,YIL103W,0,1.0533813,0.18225957453250885,0.927756667137146,0.4401889741420746
YBL067C,YMR113W,0,1.0529697,0.1822255402803421,0.927756667137146,0.4402894973754883
YAR050W,YER069W,0,1.0529593,0.18219152092933655,0.927756667137146,0.440390020608902
YNR023W,YPR151C,0,1.0521567,0.1821575164794922,0.927756667137146,0.4404905438423157
YAR008W,YDL010W,0,1.0505128,0.18212352693080902,0.927756667137146,0.44059106707572937
YBR171W,YPL187W,0,1.049322,0.18208955228328705,0.927756667137146,0.44069159030914307
YJR095W,YOL033W,0,1.0488952,0.18205559253692627,0.927756667137146,0.44079211354255676
YDR147W,YOR153W,0,1.0487237,0.1820216327905655,0.927756667137146,0.44089263677597046
YDL042C,YDR143C,0,1.0483888,0.1819876879453659,0.927756667137146,0.44099316000938416
YNL053W,YMR291W,0,1.0480146,0.1819537729024887,0.927756667137146,0.44109368324279785
YPR075C,YLR298C,0,1.0477321,0.1819198578596115,0.927756667137146,0.44119420647621155
YOL088C,YNL312W,0,1.0476657,0.18188594281673431,0.927756667137146,0.44129472970962524
YLR320W,YGL150C,0,1.0469378,0.1818520575761795,0.927756667137146,0.44139525294303894
YKL065C,YPR065W,0,1.0469155,0.1818181872367859,0.927756667137146,0.44149577617645264
YBR070C,YDL213C,0,1.0462092,0.18178431689739227,0.927756667137146,0.44159629940986633
YMR011W,YOR171C,0,1.0461874,0.18175046145915985,0.927756667137146,0.44169682264328003
YHR187W,YIL031W,0,1.0458562,0.18171662092208862,0.927756667137146,0.4417973458766937
YKL101W,YAL047C,0,1.045138,0.1816827952861786,0.927756667137146,0.4418978691101074
YBR079C,YBR068C,0,1.0443656,0.18164898455142975,0.927756667137146,0.4419983923435211
YBR298C,YKL012W,0,1.0440617,0.1816151887178421,0.927756667137146,0.4420989155769348
YDR541C,YKR018C,0,1.0438335,0.18158139288425446,0.927756667137146,0.4421994388103485
YDL122W,YGR206W,0,1.043418,0.181547611951828,0.927756667137146,0.4422999620437622
YJR113C,YPL283C,0,1.042189,0.18151386082172394,0.927756667137146,0.4424004852771759
YPL024W,YJL138C,0,1.0421083,0.18148010969161987,0.927756667137146,0.4425010085105896
YDR394W,YEL047C,0,1.0402908,0.1814463585615158,0.927756667137146,0.4426015317440033
YHR003C,YPL032C,0,1.039994,0.18141263723373413,0.927756667137146,0.442702054977417
YNL088W,YDR538W,0,1.0394833,0.18137893080711365,0.927756667137146,0.4428025782108307
YOR058C,YDR409W,0,1.0391444,0.18134522438049316,0.927756667137146,0.4429031014442444
YCR083W,YLR256W,0,1.0389309,0.18131153285503387,0.927756667137146,0.4430036246776581
YDR462W,YMR164C,0,1.0386653,0.18127785623073578,0.927756667137146,0.4431041479110718
YER039C,YCL020W,0,1.038327,0.18124419450759888,0.927756667137146,0.4432046711444855
YBL102W,YJL138C,0,1.0376596,0.18121054768562317,0.927756667137146,0.44330519437789917
YCR069W,YFL002C,0,1.0371714,0.18117690086364746,0.927756667137146,0.44340571761131287
YJL014W,YLR136C,0,1.0361259,0.18114328384399414,0.927756667137146,0.44350624084472656
YMR199W,YML026C,0,1.0359759,0.18110966682434082,0.927756667137146,0.44360676407814026
YAL001C,YEL042W,0,1.0357788,0.1810760647058487,0.927756667137146,0.44370728731155396
YIL110W,YPL265W,0,1.03533,0.18104247748851776,0.927756667137146,0.44380781054496765
YNL002C,YDR363W,0,1.0346758,0.18100890517234802,0.927756667137146,0.44390833377838135
YBR200W,YMR121C,0,1.0338867,0.18097533285617828,0.927756667137146,0.44400885701179504
YOL128C,YIR035C,0,1.0338122,0.18094179034233093,0.927756667137146,0.44410938024520874
YDR216W,YLR119W,0,1.0334712,0.18090824782848358,0.927756667137146,0.44420990347862244
YOR354C,YGR195W,0,1.0333881,0.18087472021579742,0.927756667137146,0.44431042671203613
YOR128C,YMR271C,0,1.0332252,0.18084120750427246,0.927756667137146,0.44441094994544983
YDL020C,YPL181W,0,1.0327691,0.1808077096939087,0.927756667137146,0.4445114731788635
YGR275W,YBL046W,0,1.0317287,0.18077421188354492,0.927756667137146,0.4446119964122772
YOR115C,YDL214C,0,1.0311433,0.18074074387550354,0.927756667137146,0.4447125196456909
YIL137C,YDL184C,1,1.0310081,0.18089242279529572,0.9287072420120239,0.4447125196456909
YOR100C,YDR316W,0,1.0306959,0.18085893988609314,0.9287072420120239,0.4448130130767822
YIL023C,YOR205C,0,1.0300385,0.18082547187805176,0.9287072420120239,0.4449135363101959
YOR328W,YDR484W,0,1.0282347,0.18079200387001038,0.9287072420120239,0.4450140595436096
YIL162W,YHR134W,0,1.0275253,0.1807585507631302,0.9287072420120239,0.4451145827770233
YHL022C,YJR086W,0,1.0255973,0.1807251274585724,0.9287072420120239,0.445215106010437
YLR144C,YDL156W,0,1.0245876,0.1806916892528534,0.9287072420120239,0.4453156292438507
YNL316C,YNL113W,0,1.0241498,0.1806582808494568,0.9287072420120239,0.4454161524772644
YOR094W,YPL187W,0,1.022828,0.18062488734722137,0.9287072420120239,0.4455166757106781
YOR202W,YHR203C,0,1.0215881,0.18059149384498596,0.9287072420120239,0.4456171989440918
YPL024W,YDL092W,0,1.0208398,0.18055811524391174,0.9287072420120239,0.4457177221775055
YKR081C,YNL090W,0,1.0205622,0.1805247664451599,0.9287072420120239,0.4458182454109192
YNR069C,YPL181W,0,1.0201471,0.1804914027452469,0.9287072420120239,0.4459187686443329
YKL091C,YDR354W,0,1.0197712,0.18045806884765625,0.9287072420120239,0.4460192918777466
YDR184C,YBR152W,0,1.0182914,0.1804247498512268,0.9287072420120239,0.4461198151111603
YDL188C,YGL208W,0,1.0177903,0.18039143085479736,0.9287072420120239,0.446220338344574
YPL246C,YCR028C-A,0,1.017567,0.1803581267595291,0.9287072420120239,0.44632086157798767
YCL010C,YKR024C,0,1.0173991,0.18032483756542206,0.9287072420120239,0.44642138481140137
YLL032C,YDR237W,1,1.0171785,0.1804760992527008,0.9296578168869019,0.44642138481140137
YMR161W,YLR003C,0,1.0169034,0.18044281005859375,0.9296578168869019,0.44652190804481506
YIL041W,YGL065C,0,1.016849,0.1804095208644867,0.9296578168869019,0.44662243127822876
YOR115C,YGL008C,0,1.0162073,0.18037624657154083,0.9296578168869019,0.44672295451164246
YHR187W,YDL155W,0,1.0161444,0.18034298717975616,0.9296578168869019,0.44682347774505615
YNR039C,YIL114C,0,1.016078,0.1803097277879715,0.9296578168869019,0.44692400097846985
YNL300W,YBL003C,0,1.0159507,0.18027649819850922,0.9296578168869019,0.44702452421188354
YER124C,YNL305C,0,1.0157089,0.18024326860904694,0.9296578168869019,0.44712504744529724
YBR068C,YOR003W,0,1.0155212,0.18021005392074585,0.9296578168869019,0.44722557067871094
YIR022W,YNL106C,0,1.0154631,0.18017685413360596,0.9296578168869019,0.44732609391212463
YOR284W,YNL134C,0,1.0153391,0.18014366924762726,0.9296578168869019,0.44742661714553833
YDL004W,YGR041W,0,1.0153162,0.18011049926280975,0.9296578168869019,0.447527140378952
YBR039W,YPL255W,0,1.0148065,0.18007732927799225,0.9296578168869019,0.4476276636123657
YMR263W,YDL178W,0,1.0147353,0.18004418909549713,0.9296578168869019,0.4477281868457794
YOL013C,YMR190C,0,1.0144315,0.18001104891300201,0.9296578168869019,0.4478287100791931
YJL151C,YOL115W,0,1.0139544,0.1799779236316681,0.9296578168869019,0.4479292333126068
YGR275W,YKL137W,0,1.0137218,0.17994479835033417,0.9296578168869019,0.4480297565460205
YGR076C,YBR160W,1,1.012137,0.18009565770626068,0.9306083917617798,0.4480297565460205
YNL090W,YPL230W,0,1.0108689,0.18006253242492676,0.9306083917617798,0.4481302797794342
YMR263W,YDR237W,0,1.0085845,0.18002942204475403,0.9306083917617798,0.4482308030128479
YPL152W,YML111W,0,1.0081749,0.1799963265657425,0.9306083917617798,0.4483313262462616
YFL003C,YGR280C,0,1.0079601,0.17996323108673096,0.9306083917617798,0.4484318494796753
YML126C,YJL047C,0,1.007669,0.1799301654100418,0.9306083917617798,0.448532372713089
YKL125W,YAL014C,0,1.0074856,0.17989709973335266,0.9306083917617798,0.4486328959465027
YHR098C,YLR216C,0,1.0069546,0.1798640489578247,0.9306083917617798,0.4487334191799164
YLR340W,YNL275W,0,1.0061893,0.17983101308345795,0.9306083917617798,0.4488339424133301
YAR008W,YJR159W,0,1.0055252,0.1797979772090912,0.9306083917617798,0.4489344656467438
YHR083W,YCR083W,0,1.0053631,0.17976497113704681,0.9306083917617798,0.44903498888015747
YNL064C,YNR056C,0,1.0052776,0.17973196506500244,0.9306083917617798,0.44913551211357117
YPL030W,YDR484W,0,1.0047302,0.17969897389411926,0.9306083917617798,0.44923603534698486
YIR013C,YBL005W-A,0,1.0038041,0.17966599762439728,0.9306083917617798,0.44933655858039856
YDR266C,YER172C,0,1.003545,0.1796330213546753,0.9306083917617798,0.44943708181381226
YLR408C,YGR271C-A,0,1.0029386,0.1796000748872757,0.9306083917617798,0.44953760504722595
YBL016W,YMR092C,0,1.002601,0.1795671284198761,0.9306083917617798,0.44963812828063965
YMR011W,YMR047C,0,1.0023575,0.1795341968536377,0.9306083917617798,0.44973865151405334
YMR068W,YJR019C,0,1.0022372,0.17950128018856049,0.9306083917617798,0.44983917474746704
YOL094C,YPL255W,0,1.0022286,0.17946837842464447,0.9306083917617798,0.44993969798088074
YNL224C,YCR003W,0,1.0002861,0.17943547666072845,0.9306083917617798,0.45004022121429443
YBR077C,YDR198C,0,0.9998583,0.17940260469913483,0.9306083917617798,0.45014074444770813
YDR522C,YGR284C,0,0.99953586,0.1793697327375412,0.9306083917617798,0.4502412676811218
YBR139W,YNL272C,0,0.99796236,0.17933687567710876,0.9306083917617798,0.4503417909145355
YLR376C,YBR139W,0,0.99762475,0.17930403351783752,0.9306083917617798,0.4504423141479492
YGR249W,YDR316W,0,0.9976092,0.17927119135856628,0.9306083917617798,0.4505428373813629
YGR068C,YCR088W,0,0.9974707,0.17923837900161743,0.9306083917617798,0.4506433308124542
YMR280C,YNL265C,0,0.99714434,0.17920556664466858,0.9306083917617798,0.4507438540458679
YMR011W,YHL018W,0,0.9969845,0.17917276918888092,0.9306083917617798,0.4508443772792816
YOL013C,YGL121C,0,0.9956137,0.17913998663425446,0.9306083917617798,0.4509449005126953
YAL009W,YBR204C,0,0.9950075,0.179107204079628,0.9306083917617798,0.451045423746109
YMR263W,YKL160W,0,0.9937401,0.1790744513273239,0.9306083917617798,0.4511459469795227
YNL002C,YBL105C,0,0.99372876,0.17904169857501984,0.9306083917617798,0.4512464702129364
YCL030C,YJR017C,0,0.99327487,0.17900896072387695,0.9306083917617798,0.4513469934463501
YOR362C,YPR185W,0,0.99310935,0.17897623777389526,0.9306083917617798,0.4514475166797638
YFR051C,YLR336C,0,0.99290645,0.17894351482391357,0.9306083917617798,0.4515480399131775
YFL053W,YGL181W,0,0.99277127,0.17891082167625427,0.9306083917617798,0.4516485631465912
YBR235W,YLR057W,0,0.9924487,0.17887812852859497,0.9306083917617798,0.4517490863800049
YLR148W,YER160C,0,0.9917518,0.17884545028209686,0.9306083917617798,0.4518496096134186
YDR339C,YHR200W,0,0.9917376,0.17881278693675995,0.9306083917617798,0.4519501328468323
YMR263W,YKR065C,0,0.9915432,0.17878013849258423,0.9306083917617798,0.45205065608024597
YBL042C,YNL097C,0,0.9914396,0.1787474900484085,0.9306083917617798,0.45215117931365967
YCR071C,YGR206W,0,0.99103975,0.17871485650539398,0.9306083917617798,0.45225170254707336
YHR007C,YDL004W,0,0.99094445,0.17868223786354065,0.9306083917617798,0.45235222578048706
YPL246C,YDR519W,0,0.9908331,0.1786496341228485,0.9306083917617798,0.45245274901390076
YDR147W,YPR058W,0,0.99001163,0.17861704528331757,0.9306083917617798,0.45255327224731445
YCL019W,YDL239C,0,0.9899648,0.17858445644378662,0.9306083917617798,0.45265379548072815
YGL029W,YNL279W,0,0.9899341,0.17855188250541687,0.9306083917617798,0.45275431871414185
YFR046C,YLR398C,0,0.9898348,0.1785193234682083,0.9306083917617798,0.45285484194755554
YER019W,YMR068W,0,0.9892771,0.17848677933216095,0.9306083917617798,0.45295536518096924
YJL051W,YFL018C,0,0.98922193,0.17845425009727478,0.9306083917617798,0.45305588841438293
YMR263W,YBR215W,0,0.9887396,0.1784217208623886,0.9306083917617798,0.45315641164779663
YDR408C,YNL071W,0,0.98831975,0.17838920652866364,0.9306083917617798,0.4532569348812103
YNL299W,YNR049C,0,0.9870695,0.17835670709609985,0.9306083917617798,0.453357458114624
YPL227C,YDL150W,0,0.9866948,0.17832422256469727,0.9306083917617798,0.4534579813480377
YNL082W,YIL010W,0,0.9865844,0.17829175293445587,0.9306083917617798,0.4535585045814514
YMR266W,YKL167C,0,0.98657095,0.17825928330421448,0.9306083917617798,0.4536590278148651
YCR068W,YBL002W,0,0.98566324,0.17822682857513428,0.9306083917617798,0.4537595510482788
YPR165W,YLR355C,0,0.9852858,0.17819438874721527,0.9306083917617798,0.4538600742816925
YGL160W,YAL035W,1,0.9849004,0.17834395170211792,0.9315589070320129,0.4538600742816925
YKL157W,YMR305C,0,0.9839983,0.17831149697303772,0.9315589070320129,0.4539605975151062
YFR046C,YPL242C,0,0.9827438,0.1782790571451187,0.9315589070320129,0.4540611207485199
YGL099W,YCL011C,0,0.98230207,0.1782466322183609,0.9315589070320129,0.4541616439819336
YPL256C,YBR199W,0,0.9813566,0.17821422219276428,0.9315589070320129,0.4542621672153473
YGR195W,YOL089C,0,0.9806022,0.17818181216716766,0.9315589070320129,0.454362690448761
YDR162C,YNL272C,0,0.9805622,0.17814943194389343,0.9315589070320129,0.4544632136821747
YBR077C,YCL020W,0,0.9797757,0.1781170517206192,0.9315589070320129,0.4545637369155884
YDL181W,YPL023C,0,0.9792849,0.17808468639850616,0.9315589070320129,0.4546642601490021
YDL066W,YPL181W,0,0.97835463,0.17805232107639313,0.9315589070320129,0.45476478338241577
YGL156W,YBR199W,0,0.9783211,0.17801998555660248,0.9315589070320129,0.45486530661582947
YML064C,YML069W,0,0.97817624,0.17798765003681183,0.9315589070320129,0.45496582984924316
YGR023W,YHR134W,0,0.97764766,0.17795532941818237,0.9315589070320129,0.45506635308265686
YOR128C,YKL160W,0,0.9765291,0.1779230237007141,0.9315589070320129,0.45516687631607056
YNR023W,YJR043C,0,0.9762512,0.17789071798324585,0.9315589070320129,0.45526739954948425
YMR047C,YLR178C,0,0.97527355,0.17785844206809998,0.9315589070320129,0.45536792278289795
YKR022C,YMR067C,0,0.97488856,0.1778261661529541,0.9315589070320129,0.45546844601631165
YOR196C,YKR024C,0,0.9748163,0.17779390513896942,0.9315589070320129,0.45556896924972534
YMR236W,YML046W,0,0.9732522,0.17776165902614594,0.9315589070320129,0.45566949248313904
YDL066W,YHR200W,0,0.9726959,0.17772941291332245,0.9315589070320129,0.45577001571655273
YER042W,YHR176W,0,0.97269404,0.17769719660282135,0.9315589070320129,0.45587053894996643
YDR147W,YCR003W,0,0.9724291,0.17766498029232025,0.9315589070320129,0.4559710621833801
YNL275W,YPR052C,0,0.9721138,0.17763277888298035,0.9315589070320129,0.4560715854167938
YBR133C,YML072C,0,0.97194797,0.17760057747364044,0.9315589070320129,0.4561721086502075
YMR052W,YJR017C,0,0.97184503,0.17756840586662292,0.9315589070320129,0.4562726318836212
YHR107C,YIR008C,0,0.9715841,0.1775362342596054,0.9315589070320129,0.4563731551170349
YDL104C,YCR043C,0,0.97097576,0.17750407755374908,0.9315589070320129,0.4564736485481262
YGR183C,YDR394W,0,0.97071517,0.17747193574905396,0.9315589070320129,0.4565741717815399
YDR394W,YGR284C,0,0.9696331,0.17743979394435883,0.9315589070320129,0.4566746950149536
YGR163W,YOR153W,0,0.96961987,0.17740768194198608,0.9315589070320129,0.4567752182483673
YMR293C,YDR191W,0,0.96945053,0.17737556993961334,0.9315589070320129,0.456875741481781
YDL178W,YPL266W,0,0.96940255,0.1773434728384018,0.9315589070320129,0.4569762647151947
YIL105C,YDL161W,0,0.96893644,0.17731137573719025,0.9315589070320129,0.4570767879486084
YOL060C,YNL220W,0,0.96893287,0.1772793084383011,0.9315589070320129,0.4571773111820221
YGR227W,YOR344C,0,0.9685574,0.17724724113941193,0.9315589070320129,0.4572778344154358
YDR058C,YML058W,0,0.9684829,0.17721518874168396,0.9315589070320129,0.4573783576488495
YKR081C,YCR027C,0,0.9679406,0.1771831512451172,0.9315589070320129,0.4574788808822632
YDR348C,YNL009W,0,0.9679115,0.17715111374855042,0.9315589070320129,0.4575794041156769
YDL193W,YJL209W,0,0.96752113,0.17711910605430603,0.9315589070320129,0.4576799273490906
YJR161C,YLR355C,0,0.96748424,0.17708709836006165,0.9315589070320129,0.4577804505825043
YBR070C,YOR035C,0,0.9672306,0.17705510556697845,0.9315589070320129,0.45788097381591797
YJL123C,YGR183C,0,0.9670069,0.17702312767505646,0.9315589070320129,0.45798149704933167
YIL121W,YKL211C,0,0.967001,0.17699114978313446,0.9315589070320129,0.45808202028274536
YJL151C,YPR075C,0,0.96586645,0.17695918679237366,0.9315589070320129,0.45818254351615906
YEL055C,YJL074C,0,0.9657103,0.17692723870277405,0.9315589070320129,0.45828306674957275
YPR082C,YFR055W,0,0.9649777,0.17689530551433563,0.9315589070320129,0.45838358998298645
YMR278W,YNL177C,0,0.9642022,0.1768633872270584,0.9315589070320129,0.45848411321640015
YFR009W,YLL036C,0,0.96318346,0.1768314689397812,0.9315589070320129,0.45858463644981384
YKR098C,YOR141C,0,0.9628662,0.17679956555366516,0.9315589070320129,0.45868515968322754
YOL088C,YAR003W,0,0.96231925,0.17676767706871033,0.9315589070320129,0.45878568291664124
YPL032C,YHR084W,0,0.9619137,0.1767358034849167,0.9315589070320129,0.45888620615005493
YBL040C,YKR081C,0,0.96158177,0.17670392990112305,0.9315589070320129,0.45898672938346863
YML130C,YDR522C,0,0.9608855,0.1766720712184906,0.9315589070320129,0.4590872526168823
YNL152W,YEL071W,0,0.9607832,0.17664022743701935,0.9315589070320129,0.459187775850296
YMR288W,YBR068C,0,0.95927685,0.1766083985567093,0.9315589070320129,0.4592882990837097
YPL232W,YDR540C,0,0.95893586,0.17657656967639923,0.9315589070320129,0.4593888223171234
YJL210W,YPR079W,0,0.95892406,0.17654477059841156,0.9315589070320129,0.4594893455505371
YJL139C,YOR329C,0,0.9584793,0.1765129715204239,0.9315589070320129,0.4595898687839508
YBR139W,YLR117C,0,0.9583156,0.1764811873435974,0.9315589070320129,0.4596903920173645
YDL207W,YKR029C,0,0.9581851,0.17644940316677094,0.9315589070320129,0.4597909152507782
YPL241C,YDR206W,0,0.9574417,0.17641764879226685,0.9315589070320129,0.4598914384841919
YBR265W,YPL190C,0,0.95715487,0.17638589441776276,0.9315589070320129,0.4599919617176056
YKR018C,YML121W,0,0.95701766,0.17635415494441986,0.9315589070320129,0.4600924849510193
YMR214W,YMR060C,0,0.9566256,0.17632241547107697,0.9315589070320129,0.460193008184433
YDR485C,YBR154C,0,0.9560498,0.17629070580005646,0.9315589070320129,0.4602935314178467
YLR051C,YDR210W,0,0.9529705,0.17625899612903595,0.9315589070320129,0.4603940546512604
YHR115C,YDR171W,0,0.9522283,0.17622730135917664,0.9315589070320129,0.4604945778846741
YOR361C,YPL005W,0,0.9519566,0.17619560658931732,0.9315589070320129,0.46059510111808777
YMR214W,YPR124W,0,0.95124066,0.1761639416217804,0.9315589070320129,0.46069562435150146
YFL016C,YPL192C,0,0.9508322,0.17613227665424347,0.9315589070320129,0.46079614758491516
YNL083W,YBL100W-A,0,0.95037353,0.17610062658786774,0.9315589070320129,0.46089667081832886
YLR183C,YGL049C,1,0.9474736,0.17624865472316742,0.9325094819068909,0.46089667081832886
YEL034W,YIR003W,1,0.94652283,0.17639662325382233,0.9334600567817688,0.46089667081832886
YDR294C,YMR164C,0,0.9460759,0.1763649433851242,0.9334600567817688,0.46099719405174255
YML025C,YOR175C,1,0.94541097,0.17651283740997314,0.9344106316566467,0.46099719405174255
YPL242C,YGR091W,0,0.94539124,0.17648114264011383,0.9344106316566467,0.46109771728515625
YHR104W,YOR033C,0,0.94514036,0.1764494776725769,0.9344106316566467,0.46119824051856995
YDR017C,YMR106C,0,0.94458926,0.17641779780387878,0.9344106316566467,0.46129876375198364
YBR293W,YDL092W,0,0.94368875,0.17638614773750305,0.9344106316566467,0.46139928698539734
YJL207C,YOR158W,1,0.943238,0.17653390765190125,0.9353612065315247,0.46139928698539734
YGR203W,YIL040W,0,0.94315034,0.17650224268436432,0.9353612065315247,0.46149981021881104
YBR073W,YOR284W,0,0.94253004,0.1764705926179886,0.9353612065315247,0.46160033345222473
YML093W,YPL162C,0,0.94113874,0.17643894255161285,0.9353612065315247,0.4617008566856384
YKL176C,YKL222C,0,0.9409244,0.17640730738639832,0.9353612065315247,0.4618013799190521
YBL005W-A,YER018C,0,0.9388411,0.17637568712234497,0.9353612065315247,0.4619019031524658
YDR142C,YKL152C,0,0.9386649,0.17634408175945282,0.9353612065315247,0.4620024263858795
YBR186W,YBR019C,0,0.9378437,0.17631249129772186,0.9353612065315247,0.4621029496192932
YKR098C,YKR080W,0,0.9365664,0.1762809008359909,0.9353612065315247,0.4622034728527069
YGL121C,YLR133W,0,0.9362874,0.17624932527542114,0.9353612065315247,0.4623039662837982
YBR102C,YMR199W,0,0.9361703,0.17621776461601257,0.9353612065315247,0.4624044895172119
YDR184C,YNL254C,0,0.9355208,0.1761862188577652,0.9353612065315247,0.4625050127506256
YNR049C,YDR208W,0,0.93486667,0.17615467309951782,0.9353612065315247,0.4626055359840393
YKL086W,YOR141C,0,0.933643,0.17612314224243164,0.9353612065315247,0.462706059217453
YKL049C,YKL065C,0,0.9327452,0.17609162628650665,0.9353612065315247,0.4628065824508667
YDR143C,YDR489W,0,0.93205464,0.17606012523174286,0.9353612065315247,0.4629071056842804
YJL050W,YNL099C,0,0.93198645,0.17602862417697906,0.9353612065315247,0.4630076289176941
YAL032C,YDR267C,0,0.9318693,0.17599713802337646,0.9353612065315247,0.4631081521511078
YER021W,YIL129C,0,0.93173444,0.17596566677093506,0.9353612065315247,0.4632086753845215
YDR346C,YIL091C,0,0.9313625,0.17593421041965485,0.9353612065315247,0.4633091986179352
YBL005W-A,YCR088W,0,0.9312057,0.17590275406837463,0.9353612065315247,0.4634097218513489
YBR302C,YJL074C,0,0.92951274,0.17587131261825562,0.9353612065315247,0.4635102450847626
YGL065C,YKR029C,0,0.9285808,0.1758398860692978,0.9353612065315247,0.46361076831817627
YOR371C,YGL257C,0,0.9282348,0.17580847442150116,0.9353612065315247,0.46371129155158997
YDR202C,YPR065W,0,0.9270297,0.17577706277370453,0.9353612065315247,0.46381181478500366
YNL125C,YLR362W,0,0.92546636,0.1757456660270691,0.9353612065315247,0.46391233801841736
YJL063C,YEL047C,1,0.9248756,0.17589285969734192,0.9363117814064026,0.46391233801841736
YCR034W,YLR117C,0,0.92388785,0.1758614480495453,0.9363117814064026,0.46401286125183105
YHL007C,YJL047C,0,0.9234932,0.17583006620407104,0.9363117814064026,0.46411338448524475
YGR048W,YKR029C,0,0.9234091,0.1757986843585968,0.9363117814064026,0.46421390771865845
YBR110W,YJL100W,0,0.9232976,0.17576730251312256,0.9363117814064026,0.46431443095207214
YCL019W,YNL148C,0,0.92225957,0.1757359504699707,0.9363117814064026,0.46441495418548584
YPR082C,YDR291W,0,0.922082,0.17570459842681885,0.9363117814064026,0.46451547741889954
YOL013C,YBL067C,0,0.9218961,0.17567326128482819,0.9363117814064026,0.46461600065231323
YPR103W,YOR188W,0,0.9205963,0.17564193904399872,0.9363117814064026,0.46471652388572693
YKL101W,YBR210W,0,0.9204564,0.17561063170433044,0.9363117814064026,0.4648170471191406
YLR057W,YOR005C,0,0.9199875,0.17557932436466217,0.9363117814064026,0.4649175703525543
YLR064W,YOR003W,0,0.918724,0.1755480319261551,0.9363117814064026,0.465018093585968
YJL042W,YML029W,0,0.9184921,0.1755167543888092,0.9363117814064026,0.4651186168193817
YJR159W,YHR200W,0,0.9163101,0.17548547685146332,0.9363117814064026,0.4652191400527954
YNL300W,YDR153C,0,0.9151427,0.17545421421527863,0.9363117814064026,0.4653196632862091
YDR016C,YKL152C,0,0.91466683,0.17542298138141632,0.9363117814064026,0.4654201865196228
YBR216C,YML075C,0,0.9145555,0.17539173364639282,0.9363117814064026,0.4655207097530365
YKR067W,YLR449W,0,0.91217977,0.1753605157136917,0.9363117814064026,0.4656212329864502
YCR079W,YFL052W,0,0.9104339,0.1753292977809906,0.9363117814064026,0.4657217562198639
YDL193W,YDL188C,0,0.9103418,0.17529809474945068,0.9363117814064026,0.4658222794532776
YBR229C,YLR216C,0,0.91029465,0.17526690661907196,0.9363117814064026,0.4659228026866913
YIR034C,YOR122C,0,0.9099416,0.17523571848869324,0.9363117814064026,0.466023325920105
YLR166C,YCR028C-A,0,0.90942097,0.1752045601606369,0.9363117814064026,0.4661238491535187
YNL300W,YMR197C,0,0.90859616,0.17517340183258057,0.9363117814064026,0.4662243723869324
YNL272C,YIL168W,0,0.9065774,0.17514224350452423,0.9363117814064026,0.46632489562034607
YCR071C,YBL018C,0,0.90596694,0.17511111497879028,0.9363117814064026,0.46642541885375977
YER065C,YMR167W,0,0.90540266,0.17507998645305634,0.9363117814064026,0.46652594208717346
YCL019W,YOR293W,0,0.9053881,0.17504887282848358,0.9363117814064026,0.46662646532058716
YDR294C,YML075C,0,0.9044815,0.17501777410507202,0.9363117814064026,0.46672698855400085
YHR191C,YPL037C,0,0.9043798,0.17498667538166046,0.9363117814064026,0.46682751178741455
YDL079C,YGR074W,0,0.90419614,0.1749555915594101,0.9363117814064026,0.46692803502082825
YJL151C,YDL092W,0,0.90335834,0.17492452263832092,0.9363117814064026,0.46702855825424194
YHR032W,YDL104C,0,0.90309346,0.17489346861839294,0.9363117814064026,0.46712908148765564
YML069W,YCR008W,0,0.90294194,0.17486241459846497,0.9363117814064026,0.46722960472106934
YBR234C,YML001W,0,0.9022904,0.17483137547969818,0.9363117814064026,0.46733012795448303
YDL207W,YLL032C,0,0.9021835,0.1748003512620926,0.9363117814064026,0.46743065118789673
YLR133W,YIL168W,0,0.901044,0.1747693419456482,0.9363117814064026,0.4675311744213104
YCR033W,YHR032W,0,0.9009707,0.1747383326292038,0.9363117814064026,0.4676316976547241
YGL047W,YJR093C,0,0.9005026,0.1747073382139206,0.9363117814064026,0.4677322208881378
YAR050W,YDR354W,0,0.9004653,0.17467635869979858,0.9363117814064026,0.4678327441215515
YKL213C,YBR152W,0,0.90038115,0.17464539408683777,0.9363117814064026,0.4679332673549652
YBR217W,YJR125C,0,0.8993424,0.17461442947387695,0.9363117814064026,0.4680337607860565
YPR140W,YLR355C,0,0.8985639,0.17458347976207733,0.9363117814064026,0.4681342840194702
YER001W,YNR049C,0,0.8969098,0.1745525449514389,0.9363117814064026,0.4682348072528839
YPL003W,YOR367W,0,0.89675534,0.17452161014080048,0.9363117814064026,0.4683353304862976
YHL002W,YMR271C,0,0.89664453,0.17449070513248444,0.9363117814064026,0.4684358537197113
YDL194W,YNL252C,0,0.89620066,0.1744598001241684,0.9363117814064026,0.468536376953125
YLR174W,YJL074C,0,0.8942045,0.17442889511585236,0.9363117814064026,0.4686369001865387
YGR275W,YPL162C,0,0.8934963,0.1743980199098587,0.9363117814064026,0.4687374234199524
YLL023C,YPL110C,1,0.8926787,0.17454417049884796,0.9372623562812805,0.4687374234199524
YBR167C,YNL272C,0,0.89264,0.17451328039169312,0.9372623562812805,0.4688379466533661
YKL167C,YBR244W,0,0.8926054,0.17448239028453827,0.9372623562812805,0.4689384698867798
YKL120W,YDL161W,0,0.8915506,0.17445151507854462,0.9372623562812805,0.4690389931201935
YIL085C,YJR014W,0,0.89134276,0.17442065477371216,0.9372623562812805,0.4691395163536072
YDR194C,YGR140W,0,0.8908435,0.1743898093700409,0.9372623562812805,0.4692400395870209
YLR242C,YDR113C,0,0.8898505,0.17435897886753082,0.9372623562812805,0.46934056282043457
YOL060C,YDR266C,0,0.8893903,0.17432814836502075,0.9372623562812805,0.46944108605384827
YLR336C,YCL020W,0,0.8876629,0.17429733276367188,0.9372623562812805,0.46954160928726196
YLR336C,YOR231W,0,0.8861125,0.1742665320634842,0.9372623562812805,0.46964213252067566
YCR069W,YOR210W,0,0.88604546,0.1742357313632965,0.9372623562812805,0.46974265575408936
YBR021W,YGR206W,0,0.88539433,0.17420494556427002,0.9372623562812805,0.46984317898750305
YDR202C,YCL019W,0,0.88523906,0.17417417466640472,0.9372623562812805,0.46994370222091675
YLR342W,YMR024W,0,0.8850404,0.17414341866970062,0.9372623562812805,0.47004422545433044
YLR013W,YOR210W,0,0.8848465,0.17411266267299652,0.9372623562812805,0.47014474868774414
YOR144C,YER058W,0,0.88478076,0.1740819215774536,0.9372623562812805,0.47024527192115784
YER039C,YKL221W,0,0.8839395,0.1740511953830719,0.9372623562812805,0.47034579515457153
YGR132C,YIL017C,0,0.8838769,0.17402046918869019,0.9372623562812805,0.47044631838798523
YKL025C,YDL044C,0,0.88387656,0.17398975789546967,0.9372623562812805,0.4705468416213989
YBR290W,YDL161W,0,0.882588,0.17395906150341034,0.9372623562812805,0.4706473648548126
YGR192C,YNR049C,0,0.8825847,0.1739283800125122,0.9372623562812805,0.4707478880882263
YDR538W,YJL104W,0,0.8824779,0.17389771342277527,0.9372623562812805,0.47084841132164
YEL026W,YGL038C,0,0.88207555,0.17386704683303833,0.9372623562812805,0.4709489345550537
YDL156W,YMR060C,0,0.8813172,0.17383639514446259,0.9372623562812805,0.4710494577884674
YPL069C,YER075C,0,0.8812432,0.17380574345588684,0.9372623562812805,0.4711499810218811
YGL234W,YML065W,0,0.8805882,0.17377512156963348,0.9372623562812805,0.4712505042552948
YIR007W,YMR113W,0,0.88037336,0.17374449968338013,0.9372623562812805,0.4713510274887085
YIL091C,YER035W,0,0.880118,0.17371387779712677,0.9372623562812805,0.4714515507221222
YBR280C,YBL003C,0,0.87996006,0.1736832857131958,0.9372623562812805,0.4715520739555359
YHR216W,YIL049W,0,0.8799075,0.17365269362926483,0.9372623562812805,0.4716525971889496
YNR012W,YKR045C,0,0.8798579,0.17362211644649506,0.9372623562812805,0.4717531204223633
YLR070C,YPL190C,0,0.87984645,0.17359155416488647,0.9372623562812805,0.471853643655777
YDR123C,YBL100W-A,0,0.8798193,0.1735609918832779,0.9372623562812805,0.4719541668891907
YKL163W,YLL023C,0,0.8796621,0.1735304445028305,0.9372623562812805,0.47205469012260437
YIL117C,YKL092C,0,0.87940896,0.1734999120235443,0.9372623562812805,0.47215521335601807
YDR408C,YGL002W,0,0.8787941,0.1734693944454193,0.9372623562812805,0.47225573658943176
YIL103W,YBL019W,0,0.8766061,0.1734388768672943,0.9372623562812805,0.47235625982284546
YMR293C,YCR027C,0,0.8761411,0.1734083741903305,0.9372623562812805,0.47245678305625916
YHR007C,YPR033C,0,0.8755266,0.1733778864145279,0.9372623562812805,0.47255730628967285
YER003C,YOR336W,0,0.8751516,0.17334739863872528,0.9372623562812805,0.47265782952308655
YDR119W,YBR135W,0,0.87485826,0.17331692576408386,0.9372623562812805,0.47275835275650024
YLR132C,YCL010C,0,0.87482923,0.17328646779060364,0.9372623562812805,0.47285887598991394
YNL064C,YGL043W,0,0.8743477,0.1732560247182846,0.9372623562812805,0.47295939922332764
YDR339C,YMR106C,0,0.87392616,0.17322558164596558,0.9372623562812805,0.47305992245674133
YNL169C,YBR179C,0,0.87391937,0.17319515347480774,0.9372623562812805,0.47316044569015503
YHR191C,YOR344C,0,0.87268126,0.1731647402048111,0.9372623562812805,0.4732609689235687
YBR258C,YML022W,0,0.8708682,0.17313432693481445,0.9372623562812805,0.4733614921569824
YIL117C,YMR266W,0,0.86974424,0.173103928565979,0.9372623562812805,0.4734620153903961
YNL257C,YLR378C,0,0.8693594,0.17307354509830475,0.9372623562812805,0.4735625386238098
YCR024C-A,YDR258C,0,0.86848605,0.1730431765317917,0.9372623562812805,0.4736630618572235
YIR003W,YJR014W,1,0.86848587,0.17318828403949738,0.9382129311561584,0.4736630618572235
YDR210W,YBR215W,0,0.86825705,0.17315790057182312,0.9382129311561584,0.4737635850906372
YNL106C,YLR319C,0,0.8680167,0.17312751710414886,0.9382129311561584,0.4738640785217285
YPL047W,YBL050W,0,0.8676429,0.173097163438797,0.9382129311561584,0.4739646017551422
YDR119W,YOL049W,0,0.86749965,0.17306680977344513,0.9382129311561584,0.4740651249885559
YDR147W,YEL042W,0,0.8673831,0.17303647100925446,0.9382129311561584,0.4741656482219696
YPL053C,YNL030W,0,0.8669895,0.17300613224506378,0.9382129311561584,0.4742661714553833
YOR196C,YDR163W,0,0.8666638,0.1729758083820343,0.9382129311561584,0.474366694688797
YHR018C,YLR095C,0,0.8660541,0.17294549942016602,0.9382129311561584,0.4744672179222107
YBR216C,YPR052C,0,0.865769,0.17291520535945892,0.9382129311561584,0.4745677411556244
YGL023C,YDR113C,0,0.86571175,0.17288491129875183,0.9382129311561584,0.4746682643890381
YDR266C,YML010W,0,0.8655274,0.17285464704036713,0.9382129311561584,0.4747687876224518
YOR173W,YPR164W,0,0.864444,0.17282436788082123,0.9382129311561584,0.4748693108558655
YDR540C,YDR141C,0,0.86331505,0.17279411852359772,0.9382129311561584,0.4749698340892792
YGR183C,YIL040W,0,0.8632678,0.1727638691663742,0.9382129311561584,0.47507035732269287
YBR302C,YOL058W,0,0.86265856,0.1727336347103119,0.9382129311561584,0.47517088055610657
YOR149C,YDR349C,0,0.8622354,0.17270341515541077,0.9382129311561584,0.47527140378952026
YDL165W,YMR083W,0,0.86213666,0.17267319560050964,0.9382129311561584,0.47537192702293396
YBR136W,YBL100W-A,0,0.86194175,0.17264299094676971,0.9382129311561584,0.47547245025634766
YNR063W,YDR394W,0,0.8611957,0.17261280119419098,0.9382129311561584,0.47557297348976135
YDR155C,YFR009W,0,0.8611356,0.17258262634277344,0.9382129311561584,0.47567349672317505
YGL133W,YML072C,0,0.860796,0.1725524514913559,0.9382129311561584,0.47577401995658875
YDR291W,YPR004C,0,0.86079293,0.17252229154109955,0.9382129311561584,0.47587454319000244
YBR039W,YER122C,0,0.8605511,0.1724921315908432,0.9382129311561584,0.47597506642341614
YMR251W-A,YGL077C,0,0.8602239,0.17246200144290924,0.9382129311561584,0.47607558965682983
YOR227W,YIR003W,1,0.8594167,0.17260657250881195,0.9391635060310364,0.47607558965682983
YML046W,YGR092W,0,0.8589846,0.1725764125585556,0.9391635060310364,0.47617611289024353
YDL103C,YLR135W,0,0.85844636,0.17254628241062164,0.9391635060310364,0.4762766361236572
YMR170C,YDR477W,0,0.8576594,0.17251615226268768,0.9391635060310364,0.4763771593570709
YPL152W,YDL165W,0,0.85694695,0.17248603701591492,0.9391635060310364,0.4764776825904846
YGR207C,YIL050W,0,0.8568494,0.17245592176914215,0.9391635060310364,0.4765782058238983
YPL055C,YLR070C,0,0.85667175,0.17242583632469177,0.9391635060310364,0.476678729057312
YGL133W,YJL203W,0,0.85635257,0.1723957359790802,0.9391635060310364,0.4767792522907257
YJL209W,YBR057C,0,0.8548746,0.17236566543579102,0.9391635060310364,0.4768797755241394
YCR102C,YCR073C,0,0.85484123,0.17233559489250183,0.9391635060310364,0.4769802987575531
YGR287C,YPR018W,0,0.85370195,0.17230553925037384,0.9391635060310364,0.4770808219909668
YPR103W,YPL008W,0,0.8528264,0.17227549850940704,0.9391635060310364,0.4771813452243805
YIL105C,YPL124W,0,0.85268223,0.17224547266960144,0.9391635060310364,0.4772818684577942
YPL009C,YPL118W,1,0.85260314,0.17238974571228027,0.9401140809059143,0.4772818684577942
YBR235W,YHR102W,0,0.8520068,0.17235970497131348,0.9401140809059143,0.4773823916912079
YPL242C,YLR424W,0,0.8519592,0.17232967913150787,0.9401140809059143,0.4774829149246216
YNL321W,YDR264C,0,0.8517913,0.17229965329170227,0.9401140809059143,0.4775834381580353
YBR068C,YLL010C,0,0.8516624,0.17226964235305786,0.9401140809059143,0.477683961391449
YDR349C,YLR424W,0,0.8504455,0.17223963141441345,0.9401140809059143,0.47778448462486267
YOR329C,YOR178C,0,0.8500763,0.17220965027809143,0.9401140809059143,0.47788500785827637
YPR104C,YGR271C-A,0,0.84999466,0.1721796691417694,0.9401140809059143,0.47798553109169006
YKL152C,YJL076W,0,0.8499594,0.1721496880054474,0.9401140809059143,0.47808605432510376
YHR187W,YGL086W,0,0.84829295,0.17211973667144775,0.9401140809059143,0.47818657755851746
YMR170C,YML062C,0,0.8482199,0.17208978533744812,0.9401140809059143,0.47828710079193115
YJL204C,YGL156W,0,0.84721935,0.17205984890460968,0.9401140809059143,0.47838762402534485
YMR190C,YCR034W,0,0.8463864,0.17202991247177124,0.9401140809059143,0.47848814725875854
YBL042C,YAL014C,0,0.8463816,0.1720000058412552,0.9401140809059143,0.47858867049217224
YFR055W,YDL222C,0,0.8458767,0.17197009921073914,0.9401140809059143,0.47868919372558594
YML066C,YDL194W,0,0.8458728,0.17194019258022308,0.9401140809059143,0.47878971695899963
YPL268W,YDR484W,0,0.845293,0.17191030085086823,0.9401140809059143,0.47889024019241333
YJR086W,YLR136C,0,0.84454006,0.17188042402267456,0.9401140809059143,0.478990763425827
YNL316C,YDR037W,0,0.8445101,0.1718505620956421,0.9401140809059143,0.4790912866592407
YFR042W,YDR331W,0,0.84186226,0.1718207150697708,0.9401140809059143,0.4791918098926544
YDL155W,YOR133W,0,0.8416966,0.17179086804389954,0.9401140809059143,0.4792923331260681
YBR139W,YPL265W,0,0.84088665,0.17176102101802826,0.9401140809059143,0.4793928563594818
YBR216C,YGL011C,0,0.84039414,0.17173120379447937,0.9401140809059143,0.4794933795928955
YBL009W,YDL222C,0,0.83990455,0.17170138657093048,0.9401140809059143,0.4795939028263092
YGR186W,YOR210W,0,0.8391017,0.17167158424854279,0.9401140809059143,0.4796943962574005
YER166W,YPR056W,0,0.838683,0.17164179682731628,0.9401140809059143,0.4797949194908142
YNL088W,YIL168W,0,0.83846295,0.17161200940608978,0.9401140809059143,0.4798954427242279
YBR132C,YML123C,0,0.8370034,0.17158223688602448,0.9401140809059143,0.4799959659576416
YNL225C,YLR424W,0,0.83697325,0.17155246436595917,0.9401140809059143,0.4800964891910553
YML130C,YNL035C,0,0.8363565,0.17152272164821625,0.9401140809059143,0.480197012424469
YDR210W,YIR008C,0,0.8361322,0.17149297893047333,0.9401140809059143,0.4802975356578827
YIR021W,YFL034C-B,0,0.83583736,0.1714632511138916,0.9401140809059143,0.4803980588912964
YHR178W,YNL106C,0,0.8353273,0.17143352329730988,0.9401140809059143,0.4804985821247101
YGR257C,YPL046C,0,0.83496416,0.17140381038188934,0.9401140809059143,0.4805991053581238
YGL125W,YHR183W,0,0.83309245,0.17137411236763,0.9401140809059143,0.4806996285915375
YPR145W,YLR089C,0,0.831455,0.17134441435337067,0.9401140809059143,0.48080015182495117
YBR258C,YOL075C,0,0.8313518,0.17131474614143372,0.9401140809059143,0.48090067505836487
YDL103C,YLR275W,0,0.83063656,0.17128507792949677,0.9401140809059143,0.48100119829177856
YPR075C,YKL160W,0,0.8299968,0.17125540971755981,0.9401140809059143,0.48110172152519226
YGL184C,YDR255C,0,0.829808,0.17122575640678406,0.9401140809059143,0.48120224475860596
YPL256C,YJL002C,0,0.82950246,0.1711961179971695,0.9401140809059143,0.48130276799201965
YFL055W,YLR229C,0,0.8294268,0.17116649448871613,0.9401140809059143,0.48140329122543335
YNL088W,YHR124W,0,0.82833433,0.17113687098026276,0.9401140809059143,0.48150381445884705
YBR253W,YJL115W,0,0.8273092,0.17110726237297058,0.9401140809059143,0.48160433769226074
YGR108W,YLR308W,0,0.82720405,0.1710776686668396,0.9401140809059143,0.48170486092567444
YLR205C,YPL084W,0,0.82657856,0.17104807496070862,0.9401140809059143,0.48180538415908813
YER146W,YNR063W,0,0.8254686,0.17101849615573883,0.9401140809059143,0.48190590739250183
YMR021C,YHR200W,0,0.8252696,0.17098893225193024,0.9401140809059143,0.4820064306259155
YLR034C,YCR079W,0,0.82480633,0.17095938324928284,0.9401140809059143,0.4821069538593292
YOL008W,YMR293C,0,0.82474166,0.17092983424663544,0.9401140809059143,0.4822074770927429
YPR018W,YER141W,0,0.824388,0.17090030014514923,0.9401140809059143,0.4823080003261566
YBR216C,YGR240C,0,0.82240605,0.17087076604366302,0.9401140809059143,0.4824085235595703
YFL050C,YCR089W,0,0.8222808,0.170841246843338,0.9401140809059143,0.482509046792984
YHR034C,YNL099C,0,0.8220919,0.1708117425441742,0.9401140809059143,0.4826095700263977
YLR393W,YOL130W,0,0.82152677,0.17078225314617157,0.9401140809059143,0.4827100932598114
YMR058W,YOR336W,0,0.82122386,0.17075276374816895,0.9401140809059143,0.4828106164932251
YJL028W,YGR215W,1,0.8208355,0.17089590430259705,0.9410646557807922,0.4828106164932251
YPR145W,YJL210W,0,0.8194835,0.17086641490459442,0.9410646557807922,0.4829111397266388
YIL131C,YIL040W,0,0.81904817,0.1708369255065918,0.9410646557807922,0.4830116629600525
YCR027C,YLR084C,0,0.8175984,0.17080745100975037,0.9410646557807922,0.4831121861934662
YLR051C,YGR091W,0,0.8174839,0.17077799141407013,0.9410646557807922,0.4832127094268799
YDR489W,YML065W,0,0.8173711,0.1707485318183899,0.9410646557807922,0.4833132326602936
YFR009W,YBR265W,0,0.81682575,0.17071908712387085,0.9410646557807922,0.4834137558937073
YLR148W,YDR477W,0,0.8168154,0.170689657330513,0.9410646557807922,0.48351427912712097
YCR017C,YPL030W,0,0.8166161,0.17066022753715515,0.9410646557807922,0.48361480236053467
YDR006C,YLR421C,0,0.8157502,0.1706308126449585,0.9410646557807922,0.48371532559394836
YDL193W,YCR071C,0,0.8155957,0.17060141265392303,0.9410646557807922,0.48381584882736206
YKL188C,YGR195W,0,0.8154377,0.17057201266288757,0.9410646557807922,0.48391637206077576
YDR104C,YOL027C,0,0.81524837,0.1705426424741745,0.9410646557807922,0.48401689529418945
YHL007C,YKR018C,0,0.8149328,0.17051325738430023,0.9410646557807922,0.48411741852760315
YOL091W,YIL017C,0,0.81481445,0.17048390209674835,0.9410646557807922,0.48421794176101685
YAR066W,YBR106W,0,0.81473464,0.17045454680919647,0.9410646557807922,0.48431846499443054
YDL025C,YHR107C,0,0.81354463,0.1704252064228058,0.9410646557807922,0.48441898822784424
YER144C,YDL153C,0,0.81353223,0.1703958660364151,0.9410646557807922,0.48451951146125793
YDR363W,YLR022C,0,0.81351954,0.1703665405511856,0.9410646557807922,0.48462003469467163
YOR033C,YAL047C,0,0.8134153,0.1703372299671173,0.9410646557807922,0.4847205579280853
YLR242C,YER016W,0,0.81306857,0.1703079342842102,0.9410646557807922,0.484821081161499
YGR195W,YGL160W,0,0.81276155,0.1702786386013031,0.9410646557807922,0.4849216043949127
YIR012W,YDR239C,1,0.81253886,0.1704213172197342,0.9420152306556702,0.4849216043949127
YOR256C,YNL270C,0,0.81229323,0.1703920215368271,0.9420152306556702,0.4850221276283264
YBR200W,YGL097W,0,0.81215405,0.17036272585391998,0.9420152306556702,0.4851226508617401
YGL079W,YBR167C,0,0.81181335,0.17033344507217407,0.9420152306556702,0.4852231740951538
YHL013C,YDL104C,0,0.8106997,0.17030417919158936,0.9420152306556702,0.4853236973285675
YKL160W,YMR323W,0,0.81053936,0.17027491331100464,0.9420152306556702,0.4854242205619812
YJL063C,YKL092C,0,0.8104179,0.17024566233158112,0.9420152306556702,0.4855247139930725
YKL049C,YPL283C,0,0.81034994,0.1702164262533188,0.9420152306556702,0.4856252372264862
YPL227C,YNL229C,0,0.8100407,0.17018719017505646,0.9420152306556702,0.4857257604598999
YJL122W,YOR073W,0,0.8099931,0.17015796899795532,0.9420152306556702,0.4858262836933136
YPL037C,YOR028C,0,0.80867434,0.17012876272201538,0.9420152306556702,0.4859268069267273
YOR298C-A,YGR249W,0,0.80847216,0.17009955644607544,0.9420152306556702,0.486027330160141
YGL130W,YLR453C,0,0.80837965,0.1700703650712967,0.9420152306556702,0.4861278533935547
YPR151C,YDR198C,0,0.8083466,0.17004117369651794,0.9420152306556702,0.4862283766269684
YML014W,YER075C,0,0.80820984,0.17001201212406158,0.9420152306556702,0.4863288998603821
YLR116W,YER003C,0,0.8081205,0.16998285055160522,0.9420152306556702,0.4864294230937958
YJL213W,YCR072C,1,0.8075911,0.17012518644332886,0.9429658055305481,0.4864294230937958
YJL137C,YNL083W,0,0.8073899,0.1700960248708725,0.9429658055305481,0.4865299463272095
YGR163W,YGR092W,0,0.8061216,0.17006686329841614,0.9429658055305481,0.48663046956062317
YMR052W,YBR179C,0,0.8051809,0.17003771662712097,0.9429658055305481,0.48673099279403687
YDR202C,YMR277W,0,0.80429137,0.1700085699558258,0.9429658055305481,0.48683151602745056
YML038C,YMR277W,0,0.8040024,0.16997943818569183,0.9429658055305481,0.48693203926086426
YDR363W,YBL003C,0,0.80390555,0.16995032131671906,0.9429658055305481,0.48703256249427795
YPL009C,YNL075W,0,0.80377513,0.16992120444774628,0.9429658055305481,0.48713308572769165
YIL103W,YFR055W,0,0.8036166,0.1698921024799347,0.9429658055305481,0.48723360896110535
YDL207W,YLR398C,0,0.8032974,0.1698630154132843,0.9429658055305481,0.48733413219451904
YER183C,YCL020W,0,0.8030659,0.1698339283466339,0.9429658055305481,0.48743465542793274
YOR231W,YHR203C,0,0.8028027,0.16980485618114471,0.9429658055305481,0.48753517866134644
YHL007C,YPR052C,0,0.8026587,0.1697757989168167,0.9429658055305481,0.48763570189476013
YCR077C,YNL007C,1,0.8013749,0.16991786658763885,0.9439163208007812,0.48763570189476013
YOL008W,YFL055W,0,0.8012691,0.16988879442214966,0.9439163208007812,0.48773622512817383
YNL257C,YER006W,0,0.8011,0.16985973715782166,0.9439163208007812,0.4878367483615875
YBR102C,YLR119W,0,0.80091333,0.16983067989349365,0.9439163208007812,0.4879372715950012
YKR081C,YCR073C,0,0.80072534,0.16980163753032684,0.9439163208007812,0.4880377948284149
YGL131C,YDL239C,0,0.8006227,0.16977261006832123,0.9439163208007812,0.4881383180618286
YGL156W,YLR229C,0,0.8005014,0.1697435826063156,0.9439163208007812,0.4882388412952423
YPR022C,YGL153W,0,0.800437,0.16971458494663239,0.9439163208007812,0.488339364528656
YKL071W,YJR095W,0,0.8000858,0.16968557238578796,0.9439163208007812,0.4884398877620697
YKL188C,YJR105W,0,0.79996705,0.16965658962726593,0.9439163208007812,0.4885404109954834
YOR371C,YDL066W,0,0.7998954,0.1696276068687439,0.9439163208007812,0.4886409342288971
YNR056C,YJR056C,0,0.7996348,0.16959863901138306,0.9439163208007812,0.4887414574623108
YER019W,YDR363W,0,0.7994971,0.16956967115402222,0.9439163208007812,0.4888419806957245
YJL139C,YLR410W,0,0.7992447,0.16954071819782257,0.9439163208007812,0.4889425039291382
YGL023C,YHR026W,0,0.7992176,0.16951178014278412,0.9439163208007812,0.4890430271625519
YLR274W,YKL160W,0,0.799014,0.16948284208774567,0.9439163208007812,0.4891435503959656
YDL232W,YNL264C,0,0.79861575,0.1694539189338684,0.9439163208007812,0.4892440736293793
YGL022W,YNL152W,0,0.7978952,0.16942501068115234,0.9439163208007812,0.48934459686279297
YGL012W,YOR303W,0,0.79738694,0.16939611732959747,0.9439163208007812,0.48944512009620667
YPR061C,YER094C,0,0.7971544,0.1693672239780426,0.9439163208007812,0.48954564332962036
YKR067W,YJL093C,0,0.7967793,0.16933833062648773,0.9439163208007812,0.48964616656303406
YOR094W,YLR155C,0,0.7967279,0.16930946707725525,0.9439163208007812,0.48974668979644775
YBR056W,YBR288C,0,0.79642034,0.16928060352802277,0.9439163208007812,0.48984721302986145
YJL010C,YPR020W,0,0.79634887,0.16925173997879028,0.9439163208007812,0.48994773626327515
YGR068C,YER004W,0,0.7963242,0.1692229062318802,0.9439163208007812,0.49004825949668884
YFL022C,YOL058W,0,0.79621804,0.1691940724849701,0.9439163208007812,0.49014878273010254
YGL130W,YGL022W,0,0.7961963,0.1691652536392212,0.9439163208007812,0.49024930596351624
YNL264C,YOR058C,0,0.79538,0.1691364347934723,0.9439163208007812,0.49034982919692993
YPL164C,YLL039C,0,0.79467106,0.16910763084888458,0.9439163208007812,0.49045035243034363
YPR124W,YPL158C,0,0.7939118,0.16907884180545807,0.9439163208007812,0.4905508756637573
YOR210W,YNL224C,0,0.79341024,0.16905005276203156,0.9439163208007812,0.490651398897171
YPR107C,YBR098W,0,0.7927707,0.16902127861976624,0.9439163208007812,0.4907519221305847
YJR017C,YLR095C,0,0.79256386,0.16899250447750092,0.9439163208007812,0.4908524453639984
YHR183W,YPR056W,0,0.7925112,0.16896376013755798,0.9439163208007812,0.4909529685974121
YKL176C,YKL221W,0,0.79216534,0.16893501579761505,0.9439163208007812,0.4910534918308258
YGR152C,YPL055C,0,0.7917156,0.16890627145767212,0.9439163208007812,0.4911540150642395
YFL034C-B,YHR042W,0,0.7914865,0.16887755692005157,0.9439163208007812,0.4912545382976532
YMR214W,YMR113W,0,0.79146075,0.16884884238243103,0.9439163208007812,0.4913550317287445
YER078C,YCR088W,0,0.7914384,0.16882012784481049,0.9439163208007812,0.4914555549621582
YHR216W,YGR163W,0,0.79038763,0.16879142820835114,0.9439163208007812,0.4915560781955719
YJL145W,YOR130C,0,0.7890869,0.16876274347305298,0.9439163208007812,0.4916566014289856
YOR022C,YLR424W,0,0.78804684,0.16873407363891602,0.9439163208007812,0.4917571246623993
YGR059W,YER001W,0,0.7864056,0.16870540380477905,0.9439163208007812,0.491857647895813
YCR017C,YIL129C,0,0.78617406,0.16867674887180328,0.9439163208007812,0.4919581711292267
YMR214W,YDR446W,0,0.7855944,0.16864809393882751,0.9439163208007812,0.4920586943626404
YFL008W,YNL336W,0,0.78505695,0.16861945390701294,0.9439163208007812,0.4921592175960541
YIL049W,YPL265W,0,0.7847656,0.16859082877635956,0.9439163208007812,0.4922597408294678
YFR044C,YNL005C,1,0.78456914,0.1687319576740265,0.9448668956756592,0.4922597408294678
YNL064C,YFL053W,0,0.7828053,0.1687033325433731,0.9448668956756592,0.49236026406288147
YOL146W,YML111W,0,0.7818585,0.16867469251155853,0.9448668956756592,0.49246078729629517
YGR038W,YJL154C,0,0.7814396,0.16864608228206635,0.9448668956756592,0.49256131052970886
YDL025C,YML008C,0,0.7803854,0.16861747205257416,0.9448668956756592,0.49266183376312256
YBR258C,YMR068W,0,0.7791219,0.16858887672424316,0.9448668956756592,0.49276235699653625
YML066C,YLR003C,0,0.7789819,0.16856028139591217,0.9448668956756592,0.49286288022994995
YDR338C,YMR277W,0,0.77893215,0.16853170096874237,0.9448668956756592,0.49296340346336365
YLR431C,YOR073W,0,0.77892566,0.16850313544273376,0.9448668956756592,0.49306392669677734
YGL156W,YNL197C,0,0.77882534,0.16847456991672516,0.9448668956756592,0.49316444993019104
YIL010W,YGR098C,0,0.7779869,0.16844601929187775,0.9448668956756592,0.49326497316360474
YBR227C,YLL015W,0,0.7779172,0.16841748356819153,0.9448668956756592,0.49336549639701843
YNL088W,YLR274W,0,0.7775625,0.1683889478445053,0.9448668956756592,0.49346601963043213
YIL067C,YDL174C,0,0.77730966,0.16836042702198029,0.9448668956756592,0.4935665428638458
YIL105C,YGL153W,0,0.7772965,0.16833192110061646,0.9448668956756592,0.4936670660972595
YDR202C,YKR001C,0,0.77727336,0.16830341517925262,0.9448668956756592,0.4937675893306732
YJL118W,YLR117C,0,0.77645195,0.16827492415905,0.9448668956756592,0.4938681125640869
YKL101W,YNL014W,0,0.7764056,0.16824644804000854,0.9448668956756592,0.4939686357975006
YGL086W,YGL150C,0,0.7763524,0.1682179719209671,0.9448668956756592,0.4940691590309143
YDR163W,YLR453C,0,0.77526885,0.16818951070308685,0.9448668956756592,0.494169682264328
YOR329C,YDR331W,0,0.7743597,0.1681610494852066,0.9448668956756592,0.4942702054977417
YMR067C,YFL002C,0,0.77315605,0.16813261806964874,0.9448668956756592,0.4943707287311554
YGL184C,YGR087C,0,0.771829,0.1681041717529297,0.9448668956756592,0.4944712519645691
YKR024C,YOL148C,0,0.77172446,0.16807575523853302,0.9448668956756592,0.4945717751979828
YER069W,YOR245C,0,0.77062374,0.16804733872413635,0.9448668956756592,0.4946722984313965
YPL016W,YOL049W,0,0.76950836,0.16801893711090088,0.9448668956756592,0.4947728216648102
YGR186W,YNL134C,0,0.769318,0.1679905354976654,0.9448668956756592,0.4948733448982239
YNL148C,YML121W,0,0.76898193,0.16796214878559113,0.9448668956756592,0.4949738681316376
YOL097C,YJL113W,0,0.7677446,0.16793377697467804,0.9448668956756592,0.49507439136505127
YJL123C,YPR020W,0,0.76675034,0.16790540516376495,0.9448668956756592,0.49517491459846497
YDR385W,YNL082W,0,0.7660322,0.16787704825401306,0.9448668956756592,0.49527543783187866
YNL106C,YLL042C,0,0.76556224,0.16784870624542236,0.9448668956756592,0.49537596106529236
YLR057W,YLR368W,0,0.7651166,0.16782036423683167,0.9448668956756592,0.49547648429870605
YBL018C,YJR093C,0,0.7647381,0.16779203712940216,0.9448668956756592,0.49557700753211975
YOL044W,YDL213C,0,0.76469874,0.16776371002197266,0.9448668956756592,0.49567753076553345
YPL242C,YJR093C,0,0.7642349,0.16773539781570435,0.9448668956756592,0.49577805399894714
YGL001C,YDR331W,0,0.7636016,0.16770710051059723,0.9448668956756592,0.49587857723236084
YIL066C,YKR086W,0,0.7627873,0.1676788181066513,0.9448668956756592,0.49597910046577454
YJR095W,YGR277C,0,0.7624821,0.16765053570270538,0.9448668956756592,0.49607962369918823
YPL016W,YBL018C,0,0.7616544,0.16762225329875946,0.9448668956756592,0.49618014693260193
YIL015W,YJL093C,0,0.7616084,0.16759400069713593,0.9448668956756592,0.4962806701660156
YPL032C,YJL160C,0,0.76156247,0.1675657480955124,0.9448668956756592,0.4963811933994293
YDR156W,YHR032W,0,0.76152456,0.16753749549388885,0.9448668956756592,0.496481716632843
YDR027C,YMR251W-A,0,0.7614064,0.1675092726945877,0.9448668956756592,0.4965822398662567
YMR014W,YAL047C,0,0.76079977,0.16748104989528656,0.9448668956756592,0.4966827630996704
YDR538W,YNL229C,0,0.75965685,0.1674528270959854,0.9448668956756592,0.4967832863330841
YLR320W,YLR410W,0,0.75956774,0.16742461919784546,0.9448668956756592,0.4968838095664978
YDL044C,YGR067C,0,0.75935143,0.1673964262008667,0.9448668956756592,0.4969843327999115
YNL082W,YDR113C,0,0.7585432,0.16736824810504913,0.9448668956756592,0.4970848560333252
YGL048C,YLR226W,0,0.7578796,0.16734007000923157,0.9448668956756592,0.4971853494644165
YMR106C,YMR251W-A,0,0.75708187,0.1673119068145752,0.9448668956756592,0.4972858726978302
YOL128C,YPR058W,0,0.7569548,0.16728374361991882,0.9448668956756592,0.4973863959312439
YPL069C,YBL101C,0,0.7569485,0.16725559532642365,0.9448668956756592,0.4974869191646576
YKL222C,YKL018W,0,0.7561518,0.16722746193408966,0.9448668956756592,0.4975874423980713
YHL022C,YKL193C,0,0.75583094,0.16719932854175568,0.9448668956756592,0.497687965631485
YOR149C,YGR261C,0,0.75492084,0.16717121005058289,0.9448668956756592,0.4977884888648987
YOR056C,YGR092W,0,0.75420755,0.1671430915594101,0.9448668956756592,0.4978890120983124
YDL064W,YNL225C,0,0.754117,0.1671150028705597,0.9448668956756592,0.4979895353317261
YBL102W,YMR060C,0,0.7537565,0.1670868992805481,0.9448668956756592,0.49809005856513977
YJR095W,YPL283C,0,0.7529644,0.1670588254928589,0.9448668956756592,0.49819058179855347
YKR022C,YOR007C,0,0.7528703,0.16703075170516968,0.9448668956756592,0.49829110503196716
YCL019W,YPR058W,0,0.75284797,0.16700269281864166,0.9448668956756592,0.49839162826538086
YPL211W,YJL051W,0,0.75275064,0.16697463393211365,0.9448668956756592,0.49849215149879456
YLR275W,YCR089W,0,0.7500355,0.16694658994674683,0.9448668956756592,0.49859267473220825
YDL044C,YGL032C,0,0.7499398,0.1669185608625412,0.9448668956756592,0.49869319796562195
YCR023C,YKR024C,0,0.749646,0.16689053177833557,0.9448668956756592,0.49879372119903564
YDR331W,YPL181W,0,0.74837303,0.16686251759529114,0.9448668956756592,0.49889424443244934
YDR385W,YMR305C,0,0.74662167,0.1668345034122467,0.9448668956756592,0.49899476766586304
YPL170W,YNL009W,0,0.74645525,0.16680650413036346,0.9448668956756592,0.49909529089927673
YDL092W,YPR052C,0,0.7461311,0.16677851974964142,0.9448668956756592,0.49919581413269043
YOR208W,YER157W,0,0.7460575,0.16675055027008057,0.9448668956756592,0.4992963373661041
YNL126W,YLR320W,0,0.7456741,0.16672258079051971,0.9448668956756592,0.4993968605995178
YML069W,YGL187C,0,0.74558705,0.16669461131095886,0.9448668956756592,0.4994973838329315
YMR280C,YMR024W,0,0.74532056,0.1666666716337204,0.9448668956756592,0.4995979070663452
YOL091W,YJR064W,0,0.74484146,0.16663873195648193,0.9448668956756592,0.4996984302997589
YEL009C,YIL067C,0,0.7447198,0.16661079227924347,0.9448668956756592,0.4997989535331726
YIL067C,YDR480W,0,0.7435263,0.1665828675031662,0.9448668956756592,0.4998994767665863
YHL007C,YOR118W,0,0.74337244,0.16655495762825012,0.9448668956756592,0.5
YMR263W,YOR022C,0,0.74211323,0.16652706265449524,0.9448668956756592,0.5001004934310913
YLR342W,YMR052W,0,0.7415002,0.16649916768074036,0.9448668956756592,0.5002010464668274
YBR204C,YIL097W,0,0.74116206,0.16647127270698547,0.9448668956756592,0.5003015398979187
YDL005C,YMR305C,0,0.7410289,0.16644340753555298,0.9448668956756592,0.5004020929336548
YDR202C,YMR280C,0,0.74028254,0.16641554236412048,0.9448668956756592,0.5005025863647461
YGR152C,YOR202W,0,0.74023646,0.166387677192688,0.9448668956756592,0.5006031394004822
YBR280C,YFL024C,0,0.7401501,0.1663598269224167,0.9448668956756592,0.5007036328315735
YBL005W-A,YHR050W,0,0.7399475,0.16633199155330658,0.9448668956756592,0.5008041858673096
YER054C,YKR039W,0,0.7396208,0.16630417108535767,0.9448668956756592,0.5009046792984009
YML078W,YJL042W,0,0.73944163,0.16627635061740875,0.9448668956756592,0.501005232334137
YBR139W,YLR089C,0,0.7392888,0.16624853014945984,0.9448668956756592,0.5011057257652283
YPL016W,YKL213C,0,0.7386807,0.1662207394838333,0.9448668956756592,0.5012062788009644
YOL128C,YMR014W,0,0.73854005,0.1661929488182068,0.9448668956756592,0.5013067722320557
YOL008W,YGR271C-A,0,0.73842025,0.16616515815258026,0.9448668956756592,0.5014073252677917
YPL030W,YPL249C,0,0.73798335,0.16613738238811493,0.9448668956756592,0.5015078186988831
YOR094W,YIL044C,0,0.73705006,0.1661096215248108,0.9448668956756592,0.5016083717346191
YPR066W,YNR046W,0,0.7368686,0.16608187556266785,0.9448668956756592,0.5017088651657104
YDL005C,YOR196C,0,0.7367645,0.1660541296005249,0.9448668956756592,0.5018094182014465
YDR171W,YOR336W,0,0.73650485,0.16602638363838196,0.9448668956756592,0.5019099116325378
YIR013C,YGL150C,0,0.7356895,0.1659986674785614,0.9448668956756592,0.5020104646682739
YDR027C,YLR298C,0,0.7356584,0.16597095131874084,0.9448668956756592,0.5021109580993652
YOL041C,YOR035C,0,0.7337873,0.1659432351589203,0.9448668956756592,0.5022115111351013
YIL127C,YKR042W,0,0.73296607,0.16591553390026093,0.9448668956756592,0.5023120045661926
YBR084C-A,YNR075W,0,0.7327416,0.16588784754276276,0.9448668956756592,0.5024125576019287
YOL008W,YMR236W,0,0.7301582,0.16586017608642578,0.9448668956756592,0.50251305103302
YGL086W,YIL082W-A,0,0.73012084,0.1658325046300888,0.9448668956756592,0.5026136040687561
YPL128C,YGL054C,0,0.7300084,0.16580483317375183,0.9448668956756592,0.5027140974998474
YLR297W,YMR288W,0,0.7296027,0.16577719151973724,0.9448668956756592,0.5028146505355835
YKR045C,YOR375C,0,0.7294757,0.16574953496456146,0.9448668956756592,0.5029151439666748
YHR115C,YDR119W,0,0.7293819,0.16572190821170807,0.9448668956756592,0.5030156970024109
YPL084W,YGL207W,0,0.72898155,0.16569428145885468,0.9448668956756592,0.5031161904335022
YKR022C,YKR039W,0,0.72840816,0.16566666960716248,0.9448668956756592,0.5032167434692383
YDR488C,YER058W,0,0.7282908,0.16563905775547028,0.9448668956756592,0.5033172369003296
YDL161W,YKL012W,0,0.7275345,0.16561146080493927,0.9448668956756592,0.5034177899360657
YOR149C,YDL064W,0,0.7265241,0.16558387875556946,0.9448668956756592,0.503518283367157
YPL055C,YGL166W,0,0.72602284,0.16555629670619965,0.9448668956756592,0.5036188364028931
YJR093C,YHR062C,0,0.72580767,0.16552872955799103,0.9448668956756592,0.5037193298339844
YCR027C,YEL060C,0,0.72578335,0.1655011624097824,0.9448668956756592,0.5038198828697205
YNL323W,YCL040W,0,0.725615,0.16547361016273499,0.9448668956756592,0.5039203763008118
YDR016C,YNL321W,0,0.72527933,0.16544607281684875,0.9448668956756592,0.5040209293365479
YDR142C,YLR135W,0,0.72509694,0.16541853547096252,0.9448668956756592,0.5041214227676392
YEL060C,YKL222C,0,0.7249186,0.1653910130262375,0.9448668956756592,0.5042219758033752
YKR060W,YPL008W,0,0.7248483,0.16536350548267365,0.9448668956756592,0.5043224692344666
YMR021C,YFL018C,0,0.7247014,0.1653359979391098,0.9448668956756592,0.5044230222702026
YDL010W,YMR068W,0,0.72350955,0.16530850529670715,0.9448668956756592,0.504523515701294
YNL116W,YGR128C,0,0.7233994,0.1652810126543045,0.9448668956756592,0.50462406873703
YPL211W,YDR354W,0,0.7230089,0.16525353491306305,0.9448668956756592,0.5047245621681213
YHR065C,YIL082W-A,0,0.7224253,0.1652260571718216,0.9448668956756592,0.5048251152038574
YER004W,YIL129C,0,0.7211835,0.16519860923290253,0.9448668956756592,0.5049256086349487
YDR452W,YGR132C,0,0.72022754,0.16517114639282227,0.9448668956756592,0.5050261616706848
YGR090W,YOR202W,0,0.7200757,0.1651437133550644,0.9448668956756592,0.5051266551017761
YDR058C,YDL132W,0,0.7200196,0.16511628031730652,0.9448668956756592,0.5052272081375122
YPR029C,YLR081W,0,0.719301,0.16508886218070984,0.9448668956756592,0.5053277015686035
YLR064W,YGR280C,0,0.71927726,0.16506144404411316,0.9448668956756592,0.5054282546043396
YBL067C,YNR039C,0,0.7189095,0.16503404080867767,0.9448668956756592,0.5055287480354309
YHR115C,YPR124W,0,0.71860224,0.1650066375732422,0.9448668956756592,0.505629301071167
YDR266C,YGR067C,0,0.7185396,0.1649792492389679,0.9448668956756592,0.5057297945022583
YMR119W,YLR069C,0,0.71832424,0.1649518758058548,0.9448668956756592,0.5058302879333496
YFR009W,YER007C-A,1,0.7178066,0.1650904268026352,0.9458174705505371,0.5058302879333496
YMR134W,YGL181W,0,0.71597844,0.1650630384683609,0.9458174705505371,0.5059308409690857
YGL043W,YHR176W,0,0.7157716,0.1650356650352478,0.9458174705505371,0.506031334400177
YLR262C,YBL018C,0,0.71557355,0.1650082916021347,0.9458174705505371,0.5061318874359131
YGL124C,YHR152W,0,0.7152034,0.1649809330701828,0.9458174705505371,0.5062323808670044
YKR003W,YKL073W,0,0.71464044,0.1649535745382309,0.9458174705505371,0.5063329339027405
YIL127C,YDR485C,0,0.7142695,0.16492624580860138,0.9458174705505371,0.5064334273338318
YIL157C,YDL156W,0,0.71424997,0.16489890217781067,0.9458174705505371,0.5065339803695679
YDR117C,YPL110C,1,0.71400917,0.16503728926181793,0.946768045425415,0.5065339803695679
YER039C,YLL032C,0,0.71385556,0.16500994563102722,0.946768045425415,0.5066344738006592
YOL034W,YPR065W,0,0.7134501,0.1649826020002365,0.946768045425415,0.5067350268363953
YPR151C,YBR186W,0,0.7132045,0.1649552881717682,0.946768045425415,0.5068355202674866
YBR004C,YNR075W,0,0.71301025,0.16492797434329987,0.946768045425415,0.5069360733032227
YGR091W,YML001W,0,0.71260226,0.16490066051483154,0.946768045425415,0.507036566734314
YGR152C,YKL071W,0,0.7124502,0.16487336158752441,0.946768045425415,0.50713711977005
YDR156W,YNL265C,0,0.71221685,0.16484607756137848,0.946768045425415,0.5072376132011414
YDR058C,YOR329C,0,0.7119952,0.16481879353523254,0.946768045425415,0.5073381662368774
YGL250W,YLR242C,0,0.71119416,0.1647915244102478,0.946768045425415,0.5074386596679688
YPR029C,YDL150W,0,0.7111881,0.16476427018642426,0.946768045425415,0.5075392127037048
YEL034W,YGR096W,0,0.7098136,0.1647370159626007,0.946768045425415,0.5076397061347961
YDR084C,YMR291W,0,0.70912355,0.16470977663993835,0.946768045425415,0.5077402591705322
YEL034W,YJR088C,0,0.7089263,0.164682537317276,0.946768045425415,0.5078407526016235
YLR424W,YMR305C,0,0.70861155,0.16465531289577484,0.946768045425415,0.5079413056373596
YNL090W,YNL106C,0,0.7084297,0.16462810337543488,0.946768045425415,0.5080417990684509
YGL184C,YBL105C,0,0.7080786,0.1646008938550949,0.946768045425415,0.508142352104187
YGR195W,YLR368W,0,0.7073091,0.16457369923591614,0.946768045425415,0.5082428455352783
YEL043W,YOL138C,1,0.7072437,0.16471171379089355,0.947718620300293,0.5082428455352783
YOR368W,YDR186C,0,0.707,0.1646845042705536,0.947718620300293,0.5083433985710144
YMR309C,YNL148C,0,0.7069186,0.16465730965137482,0.947718620300293,0.5084438920021057
YIL063C,YBR244W,0,0.70684266,0.16463011503219604,0.947718620300293,0.5085444450378418
YPL211W,YNL053W,0,0.70582706,0.16460293531417847,0.947718620300293,0.5086449384689331
YER078C,YPL047W,0,0.7054169,0.16457577049732208,0.947718620300293,0.5087454915046692
YDR506C,YOR058C,0,0.7042066,0.1645486056804657,0.947718620300293,0.5088459849357605
YEL011W,YLR136C,0,0.70354635,0.1645214557647705,0.947718620300293,0.5089465379714966
YDR506C,YDL236W,0,0.7022507,0.16449430584907532,0.947718620300293,0.5090470314025879
YDR194C,YOR022C,0,0.7012905,0.16446717083454132,0.947718620300293,0.509147584438324
YLR148W,YKL139W,0,0.701097,0.16444005072116852,0.947718620300293,0.5092480778694153
YGL044C,YMR244C-A,0,0.70058095,0.16441293060779572,0.947718620300293,0.5093486309051514
YDL025C,YGR132C,0,0.70046276,0.1643858253955841,0.947718620300293,0.5094491243362427
YAR014C,YMR291W,0,0.70012844,0.1643587201833725,0.947718620300293,0.5095496773719788
YNL037C,YIL103W,0,0.6999051,0.16433162987232208,0.947718620300293,0.5096501708030701
YJR137C,YML046W,0,0.69981086,0.16430455446243286,0.947718620300293,0.5097507238388062
YHR007C,YGL245W,0,0.6991006,0.16427747905254364,0.947718620300293,0.5098512172698975
YML069W,YPL030W,0,0.6982862,0.1642504185438156,0.947718620300293,0.5099517703056335
YDR394W,YIL114C,0,0.6981489,0.16422335803508759,0.947718620300293,0.5100522637367249
YNL275W,YGR172C,0,0.69755304,0.16419631242752075,0.947718620300293,0.5101528167724609
YPR181C,YLR110C,0,0.69722784,0.16416926681995392,0.947718620300293,0.5102533102035522
YIL023C,YLL015W,0,0.6968141,0.16414225101470947,0.947718620300293,0.5103538632392883
YGL160W,YHR018C,0,0.6965585,0.16411522030830383,0.947718620300293,0.5104543566703796
YGR121C,YBL018C,0,0.69591117,0.16408821940422058,0.947718620300293,0.5105549097061157
YPL084W,YNL005C,0,0.6955482,0.16406121850013733,0.947718620300293,0.510655403137207
YNR054C,YJL115W,0,0.6951831,0.16403421759605408,0.947718620300293,0.5107559561729431
YGR059W,YBR204C,0,0.6948584,0.16400723159313202,0.947718620300293,0.5108564496040344
YLL052C,YDR258C,0,0.69477856,0.16398026049137115,0.947718620300293,0.5109570026397705
YCR028C-A,YPL187W,0,0.6940298,0.16395330429077148,0.947718620300293,0.5110574960708618
YLR307W,YNL323W,0,0.6931826,0.16392633318901062,0.947718620300293,0.5111580491065979
YDL005C,YGL145W,0,0.6925527,0.16389939188957214,0.947718620300293,0.5112585425376892
YJR125C,YGR261C,0,0.69227374,0.16387245059013367,0.947718620300293,0.5113590955734253
YDL178W,YAL042W,0,0.69213665,0.16384552419185638,0.947718620300293,0.5114595890045166
YJL116C,YLR035C,0,0.69155014,0.1638185977935791,0.947718620300293,0.5115601420402527
YBR077C,YDL214C,0,0.6912407,0.163791686296463,0.947718620300293,0.511660635471344
YOR210W,YLR081W,0,0.6910081,0.16376478970050812,0.947718620300293,0.5117611289024353
YIL016W,YNL099C,0,0.6905242,0.16373789310455322,0.947718620300293,0.5118616819381714
YBR070C,YOR205C,0,0.69033986,0.16371099650859833,0.947718620300293,0.5119621753692627
YOR321W,YIL073C,0,0.6902926,0.16368412971496582,0.947718620300293,0.5120627284049988
YDL079C,YBR204C,0,0.69011235,0.16365724802017212,0.947718620300293,0.5121632218360901
YHR094C,YPL069C,0,0.69010484,0.1636303961277008,0.947718620300293,0.5122637748718262
YGR209C,YNL220W,0,0.6897661,0.1636035442352295,0.947718620300293,0.5123642683029175
YIL010W,YPL158C,0,0.68843293,0.16357670724391937,0.947718620300293,0.5124648213386536
YDL168W,YPL066W,0,0.6874694,0.16354987025260925,0.947718620300293,0.5125653147697449
YGL043W,YLR405W,0,0.6868024,0.16352304816246033,0.947718620300293,0.512665867805481
YMR263W,YNL002C,0,0.6858875,0.1634962260723114,0.947718620300293,0.5127663612365723
YDR485C,YPR165W,0,0.6857201,0.16346941888332367,0.947718620300293,0.5128669142723083
YLR110C,YLR341W,0,0.68530345,0.16344262659549713,0.947718620300293,0.5129674077033997
YJL160C,YDL201W,0,0.68453604,0.1634158343076706,0.947718620300293,0.5130679607391357
YBL042C,YPL012W,0,0.6837898,0.16338905692100525,0.947718620300293,0.513168454170227
YDR363W,YOL113W,0,0.68258566,0.1633622795343399,0.947718620300293,0.5132690072059631
YFL053W,YNR032W,0,0.68245006,0.16333551704883575,0.947718620300293,0.5133695006370544
YFL008W,YLR136C,0,0.6822556,0.1633087694644928,0.947718620300293,0.5134700536727905
YEL060C,YOR360C,0,0.68169534,0.16328202188014984,0.947718620300293,0.5135705471038818
YGR096W,YDL052C,0,0.6812577,0.16325527429580688,0.947718620300293,0.5136711001396179
YGL043W,YNL009W,0,0.68117756,0.16322855651378632,0.947718620300293,0.5137715935707092
YBR302C,YDL165W,0,0.68087196,0.16320183873176575,0.947718620300293,0.5138721466064453
YML130C,YGR203W,0,0.6806598,0.16317512094974518,0.947718620300293,0.5139726400375366
YBR132C,YOR198C,0,0.68059164,0.1631484180688858,0.947718620300293,0.5140731930732727
YPL268W,YHR043C,0,0.6804167,0.16312173008918762,0.947718620300293,0.514173686504364
YGL121C,YGL254W,0,0.68001044,0.16309504210948944,0.947718620300293,0.5142742395401001
YBL006C,YGR128C,0,0.67884576,0.16306836903095245,0.947718620300293,0.5143747329711914
YLR423C,YKR029C,0,0.6787373,0.16304169595241547,0.947718620300293,0.5144752860069275
YER183C,YPL275W,0,0.6784322,0.16301503777503967,0.947718620300293,0.5145757794380188
YCR073C,YHR016C,0,0.6784223,0.16298839449882507,0.947718620300293,0.5146763324737549
YBR234C,YOL075C,0,0.6779567,0.16296175122261047,0.947718620300293,0.5147768259048462
YNL315C,YAL032C,0,0.6776406,0.16293512284755707,0.947718620300293,0.5148773789405823
YGR247W,YPR025C,0,0.6771153,0.16290849447250366,0.947718620300293,0.5149778723716736
YKR018C,YJL118W,0,0.67634064,0.16288188099861145,0.947718620300293,0.5150784254074097
YCL011C,YGR067C,0,0.67539704,0.16285528242588043,0.947718620300293,0.515178918838501
YOR329C,YBR171W,0,0.67482746,0.16282868385314941,0.947718620300293,0.5152794718742371
YAR003W,YGL187C,0,0.674591,0.1628020852804184,0.947718620300293,0.5153799653053284
YKL184W,YIL168W,0,0.67436886,0.16277551651000977,0.947718620300293,0.5154805183410645
YPR075C,YER018C,0,0.67398417,0.16274893283843994,0.947718620300293,0.5155810117721558
YDL079C,YKL055C,0,0.67357886,0.1627223789691925,0.947718620300293,0.5156815648078918
YOR231W,YKL208W,0,0.67331433,0.16269582509994507,0.947718620300293,0.5157820582389832
YMR202W,YBR098W,0,0.6724154,0.16266927123069763,0.947718620300293,0.5158826112747192
YHL009C,YNR056C,0,0.6723353,0.16264274716377258,0.947718620300293,0.5159831047058105
YEL063C,YDR541C,0,0.6719025,0.16261620819568634,0.947718620300293,0.5160836577415466
YOL008W,YCR033W,0,0.67117715,0.16258969902992249,0.947718620300293,0.5161841511726379
YNL225C,YKL139W,0,0.669938,0.16256318986415863,0.947718620300293,0.516284704208374
YBR203W,YPR124W,0,0.66928947,0.16253668069839478,0.947718620300293,0.5163851976394653
YGR249W,YML075C,0,0.6668842,0.16251018643379211,0.947718620300293,0.5164857506752014
YLR362W,YNL097C,0,0.66656655,0.16248370707035065,0.947718620300293,0.5165862441062927
YJR090C,YIL010W,0,0.6660189,0.16245722770690918,0.947718620300293,0.5166867971420288
YLR069C,YLR319C,0,0.66559124,0.1624307632446289,0.947718620300293,0.5167872905731201
YKR098C,YER004W,0,0.6655711,0.16240429878234863,0.947718620300293,0.5168878436088562
YDR346C,YPR121W,0,0.6649068,0.16237784922122955,0.947718620300293,0.5169883370399475
YPR145W,YDL122W,0,0.66478336,0.16235141456127167,0.947718620300293,0.5170888900756836
YOL013C,YOR058C,0,0.6644704,0.16232497990131378,0.947718620300293,0.5171893835067749
YOR173W,YKR003W,0,0.6644144,0.1622985452413559,0.947718620300293,0.517289936542511
YJL010C,YJL093C,0,0.6636229,0.1622721403837204,0.947718620300293,0.5173904299736023
YDR339C,YOR130C,0,0.6628384,0.1622457355260849,0.947718620300293,0.5174909234046936
YDL061C,YGR198W,1,0.66184664,0.16238203644752502,0.9486691951751709,0.5174909234046936
YGL255W,YCR102C,0,0.66158754,0.16235561668872833,0.9486691951751709,0.5175914764404297
YER011W,YIL114C,0,0.6610335,0.16232921183109283,0.9486691951751709,0.517691969871521
YGR074W,YPR009W,0,0.66063344,0.16230280697345734,0.9486691951751709,0.5177925229072571
YBR084C-A,YCR033W,0,0.66058075,0.16227641701698303,0.9486691951751709,0.5178930163383484
YJL047C,YOL034W,0,0.6601669,0.16225004196166992,0.9486691951751709,0.5179935693740845
YNL064C,YNL139C,0,0.65958375,0.1622236669063568,0.9486691951751709,0.5180940628051758
YGR048W,YJL014W,0,0.65922475,0.1621973067522049,0.9486691951751709,0.5181946158409119
YNL300W,YGL254W,0,0.6585375,0.16217094659805298,0.9486691951751709,0.5182951092720032
YDL052C,YER042W,0,0.65828806,0.16214460134506226,0.9486691951751709,0.5183956623077393
YPL162C,YKR029C,0,0.65769356,0.16211825609207153,0.9486691951751709,0.5184961557388306
YOR202W,YLL042C,0,0.65463996,0.162091925740242,0.9486691951751709,0.5185967087745667
YBR215W,YGL020C,0,0.6540015,0.16206561028957367,0.9486691951751709,0.518697202205658
YML126C,YDL122W,0,0.65393233,0.16203929483890533,0.9486691951751709,0.518797755241394
YKR060W,YHL022C,0,0.65329766,0.1620129942893982,0.9486691951751709,0.5188982486724854
YHR112C,YNL106C,0,0.65308833,0.16198669373989105,0.9486691951751709,0.5189988017082214
YGR227W,YGR192C,0,0.65272236,0.1619604080915451,0.9486691951751709,0.5190992951393127
YJL123C,YGL023C,0,0.6523525,0.16193412244319916,0.9486691951751709,0.5191998481750488
YGR278W,YNL254C,0,0.65156126,0.1619078516960144,0.9486691951751709,0.5193003416061401
YKL096W,YAR003W,0,0.65146255,0.16188159584999084,0.9486691951751709,0.5194008946418762
YPR107C,YEL020C,0,0.6510711,0.16185534000396729,0.9486691951751709,0.5195013880729675
YMR277W,YDL044C,0,0.65105397,0.16182908415794373,0.9486691951751709,0.5196019411087036
YDR258C,YNL272C,0,0.65088874,0.16180285811424255,0.9486691951751709,0.5197024345397949
YGR275W,YIL103W,0,0.65002185,0.16177663207054138,0.9486691951751709,0.519802987575531
YBR236C,YHR094C,0,0.64910054,0.1617504060268402,0.9486691951751709,0.5199034810066223
YNR012W,YDR153C,0,0.648797,0.16172419488430023,0.9486691951751709,0.5200040340423584
YKL193C,YDR264C,0,0.6485766,0.16169798374176025,0.9486691951751709,0.5201045274734497
YDL212W,YER075C,0,0.6484221,0.16167180240154266,0.9486691951751709,0.5202050805091858
YCR072C,YDR239C,1,0.64809537,0.161807581782341,0.9496197700500488,0.5202050805091858
YIR003W,YOR190W,0,0.6477536,0.16178137063980103,0.9496197700500488,0.5203055739402771
YMR288W,YML038C,0,0.64775074,0.16175517439842224,0.9496197700500488,0.5204061269760132
YHR063C,YML001W,0,0.64744794,0.16172899305820465,0.9496197700500488,0.5205066204071045
YNL126W,YLR340W,0,0.64734954,0.16170281171798706,0.9496197700500488,0.5206071734428406
YDL104C,YLR066W,0,0.64617395,0.16167664527893066,0.9496197700500488,0.5207076668739319
YJL028W,YPR201W,0,0.64545685,0.16165047883987427,0.9496197700500488,0.520808219909668
YBR203W,YCR066W,0,0.64540327,0.16162432730197906,0.9496197700500488,0.5209087133407593
YCR071C,YLL005C,0,0.64497983,0.16159819066524506,0.9496197700500488,0.5210092663764954
YBR073W,YBR167C,0,0.6442538,0.16157205402851105,0.9496197700500488,0.5211097598075867
YKL035W,YOR198C,0,0.6438707,0.16154593229293823,0.9496197700500488,0.5212103128433228
YGR277C,YDR085C,0,0.6437734,0.16151981055736542,0.9496197700500488,0.5213108062744141
YPL088W,YPL012W,0,0.6437212,0.1614936888217926,0.9496197700500488,0.5214113593101501
YOR284W,YFR009W,0,0.6412018,0.16146759688854218,0.9496197700500488,0.5215118527412415
YMR021C,YBR154C,0,0.6408086,0.16144150495529175,0.9496197700500488,0.5216124057769775
YDR540C,YJL002C,0,0.64056575,0.16141541302204132,0.9496197700500488,0.5217128992080688
YCL019W,YJR161C,0,0.64031076,0.1613893359899521,0.9496197700500488,0.5218134522438049
YPL283C,YGR256W,0,0.63976675,0.16136327385902405,0.9496197700500488,0.5219139456748962
YGR033C,YGL054C,0,0.63949364,0.161337211728096,0.9496197700500488,0.5220144987106323
YMR106C,YPL192C,0,0.6392638,0.16131116449832916,0.9496197700500488,0.5221149921417236
YNL329C,YIR008C,0,0.63872606,0.16128511726856232,0.9496197700500488,0.5222155451774597
YJR095W,YLR035C,0,0.6374637,0.16125908493995667,0.9496197700500488,0.522316038608551
YOR115C,YLR410W,0,0.6370219,0.161233052611351,0.9496197700500488,0.5224165916442871
YPL164C,YGR048W,0,0.6347098,0.16120703518390656,0.9496197700500488,0.5225170850753784
YPL118W,YOL068C,0,0.6345327,0.1611810326576233,0.9496197700500488,0.5226176381111145
YBR203W,YBR293W,0,0.63444966,0.16115503013134003,0.9496197700500488,0.5227181315422058
YBR239C,YBL067C,0,0.6343769,0.16112902760505676,0.9496197700500488,0.5228186845779419
YAR008W,YFL034C-B,0,0.6340895,0.1611030548810959,0.9496197700500488,0.5229191780090332
YPL047W,YOR295W,0,0.63348424,0.16107706725597382,0.9496197700500488,0.5230197310447693
YBR258C,YLR297W,0,0.63233984,0.16105110943317413,0.9496197700500488,0.5231202244758606
YKL035W,YJR088C,0,0.63225687,0.16102515161037445,0.9496197700500488,0.5232207775115967
YBR161W,YNL005C,0,0.6313336,0.16099919378757477,0.9496197700500488,0.523321270942688
YOR354C,YIL049W,0,0.63084114,0.16097325086593628,0.9496197700500488,0.5234217643737793
YGR121C,YOR214C,0,0.6307752,0.16094732284545898,0.9496197700500488,0.5235223174095154
YGR157W,YMR278W,0,0.63076854,0.1609213948249817,0.9496197700500488,0.5236228108406067
YHR065C,YOR368W,0,0.63069534,0.1608954817056656,0.9496197700500488,0.5237233638763428
YPL020C,YMR277W,0,0.62892795,0.1608695685863495,0.9496197700500488,0.5238238573074341
YGR207C,YIL114C,0,0.6289171,0.16084367036819458,0.9496197700500488,0.5239244103431702
YPL020C,YPR103W,0,0.6286868,0.16081777215003967,0.9496197700500488,0.5240249037742615
YMR021C,YJR099W,0,0.6286272,0.16079188883304596,0.9496197700500488,0.5241254568099976
YJR099W,YER183C,0,0.6285733,0.16076600551605225,0.9496197700500488,0.5242259502410889
YJL051W,YPL108W,0,0.62839216,0.16074015200138092,0.9496197700500488,0.524326503276825
YNL126W,YLR117C,0,0.62781584,0.1607142835855484,0.9496197700500488,0.5244269967079163
YKR029C,YGR280C,0,0.62781215,0.16068843007087708,0.9496197700500488,0.5245275497436523
YHR203C,YGR067C,0,0.6277717,0.16066259145736694,0.9496197700500488,0.5246280431747437
YLR274W,YHR045W,0,0.625823,0.1606367528438568,0.9496197700500488,0.5247285962104797
YNL071W,YNL099C,0,0.6252357,0.16061092913150787,0.9496197700500488,0.524829089641571
YJR113C,YCL026C-A,0,0.6249303,0.16058512032032013,0.9496197700500488,0.5249296426773071
YDR202C,YFL024C,0,0.62478614,0.16055931150913239,0.9496197700500488,0.5250301361083984
YGR033C,YKR024C,0,0.62463236,0.16053350269794464,0.9496197700500488,0.5251306891441345
YBR234C,YGL160W,0,0.62353337,0.1605077087879181,0.9496197700500488,0.5252311825752258
YNL037C,YHR045W,0,0.6223649,0.16048192977905273,0.9496197700500488,0.5253317356109619
YBR253W,YMR104C,0,0.6210878,0.16045615077018738,0.9496197700500488,0.5254322290420532
YHR121W,YNL224C,0,0.62087053,0.16043038666248322,0.9496197700500488,0.5255327820777893
YPR029C,YDL207W,0,0.62047654,0.16040462255477905,0.9496197700500488,0.5256332755088806
YMR014W,YKL209C,0,0.6201006,0.16037887334823608,0.9496197700500488,0.5257338285446167
YJL177W,YOR088W,0,0.6195585,0.16035312414169312,0.9496197700500488,0.525834321975708
YNR023W,YPL047W,0,0.6191233,0.16032738983631134,0.9496197700500488,0.5259348750114441
YLR174W,YLR138W,0,0.61834466,0.16030167043209076,0.9496197700500488,0.5260353684425354
YGR087C,YPL212C,0,0.61673623,0.16027595102787018,0.9496197700500488,0.5261359214782715
YGL065C,YLL054C,0,0.6165923,0.1602502465248108,0.9496197700500488,0.5262364149093628
YDR058C,YPL232W,0,0.6162485,0.1602245420217514,0.9496197700500488,0.5263369679450989
YJL207C,YHR188C,0,0.615918,0.1601988524198532,0.9496197700500488,0.5264374613761902
YBL036C,YOL113W,0,0.6157675,0.16017316281795502,0.9496197700500488,0.5265380144119263
YNL209W,YGL022W,0,0.61534876,0.16014748811721802,0.9496197700500488,0.5266385078430176
YBL036C,YNR036C,0,0.61484575,0.16012181341648102,0.9496197700500488,0.5267390608787537
YGR059W,YGL156W,0,0.61407983,0.1600961536169052,0.9496197700500488,0.526839554309845
YCL026C-A,YLR355C,0,0.61389315,0.1600705087184906,0.9496197700500488,0.526940107345581
YOR321W,YER006W,0,0.6138726,0.160044863820076,0.9496197700500488,0.5270406007766724
YML010W,YGR092W,0,0.61347353,0.16001921892166138,0.9496197700500488,0.5271411538124084
YBR102C,YJL091C,0,0.6130013,0.15999358892440796,0.9496197700500488,0.5272416472434998
YDR141C,YDL201W,0,0.6123919,0.15996797382831573,0.9496197700500488,0.5273422002792358
YLR071C,YDL226C,0,0.61197245,0.1599423587322235,0.9496197700500488,0.5274426937103271
YGL184C,YLL010C,0,0.61182755,0.15991675853729248,0.9496197700500488,0.5275432467460632
YPL124W,YKR024C,0,0.61173373,0.15989115834236145,0.9496197700500488,0.5276437401771545
YKR010C,YBL097W,0,0.611284,0.1598655730485916,0.9496197700500488,0.5277442932128906
YMR011W,YML029W,0,0.6111104,0.15984000265598297,0.9496197700500488,0.5278447866439819
YAR050W,YOR095C,0,0.61073303,0.15981443226337433,0.9496197700500488,0.527945339679718
YIL066C,YNL270C,0,0.61011285,0.15978886187076569,0.9496197700500488,0.5280458331108093
YAL005C,YPL024W,0,0.6096151,0.15976330637931824,0.9496197700500488,0.5281463861465454
YHR188C,YER004W,0,0.6087642,0.15973776578903198,0.9496197700500488,0.5282468795776367
YDR538W,YPL005W,0,0.6084852,0.15971222519874573,0.9496197700500488,0.5283474326133728
YGL048C,YPL008W,0,0.60839033,0.15968669950962067,0.9496197700500488,0.5284479260444641
YLR431C,YPL037C,0,0.60825527,0.1596611738204956,0.9496197700500488,0.5285484790802002
YML093W,YGR284C,0,0.6079427,0.15963566303253174,0.9496197700500488,0.5286489725112915
YBR221C,YGR163W,0,0.6079348,0.15961016714572906,0.9496197700500488,0.5287495255470276
YLR116W,YIL044C,0,0.60782576,0.1595846712589264,0.9496197700500488,0.5288500189781189
YPR096C,YDL045W-A,1,0.60722494,0.15971890091896057,0.9505703449249268,0.5288500189781189
YNL139C,YPR094W,0,0.6065346,0.1596933901309967,0.9505703449249268,0.528950572013855
YGR166W,YMR044W,0,0.60638183,0.15966789424419403,0.9505703449249268,0.5290510654449463
YPL268W,YOR205C,0,0.6049981,0.15964239835739136,0.9505703449249268,0.5291515588760376
YDR162C,YOR073W,0,0.6048553,0.15961691737174988,0.9505703449249268,0.5292521119117737
YBR210W,YLR205C,0,0.6047547,0.1595914512872696,0.9505703449249268,0.529352605342865
YDR184C,YNR039C,0,0.60456717,0.1595659852027893,0.9505703449249268,0.5294531583786011
YGL086W,YHL013C,0,0.604219,0.15954051911830902,0.9505703449249268,0.5295536518096924
YPL217C,YPR121W,0,0.60397434,0.15951506793498993,0.9505703449249268,0.5296542048454285
YPR165W,YAL042W,0,0.60366935,0.15948963165283203,0.9505703449249268,0.5297546982765198
YGL125W,YKL157W,0,0.6034899,0.15946419537067413,0.9505703449249268,0.5298552513122559
YER054C,YHR062C,0,0.60256743,0.15943877398967743,0.9505703449249268,0.5299557447433472
YLR369W,YPL029W,0,0.6022638,0.15941335260868073,0.9505703449249268,0.5300562977790833
YNL124W,YLR405W,0,0.6014825,0.15938794612884521,0.9505703449249268,0.5301567912101746
YBR152W,YGL047W,0,0.6013655,0.1593625545501709,0.9505703449249268,0.5302573442459106
YMR283C,YGL133W,0,0.60125697,0.15933716297149658,0.9505703449249268,0.530357837677002
YLR205C,YIL015W,0,0.6001399,0.15931177139282227,0.9505703449249268,0.530458390712738
YIR033W,YDR291W,0,0.600134,0.15928639471530914,0.9505703449249268,0.5305588841438293
YIL131C,YDL236W,0,0.6000819,0.15926103293895721,0.9505703449249268,0.5306594371795654
YIL131C,YGR256W,0,0.599483,0.15923567116260529,0.9505703449249268,0.5307599306106567
YDR027C,YJL104W,0,0.5990781,0.15921030938625336,0.9505703449249268,0.5308604836463928
YOR344C,YLR355C,0,0.5976963,0.15918497741222382,0.9505703449249268,0.5309609770774841
YPR201W,YER183C,0,0.59749544,0.15915963053703308,0.9505703449249268,0.5310615301132202
YOL128C,YJR144W,0,0.5967401,0.15913431346416473,0.9505703449249268,0.5311620235443115
YBR217W,YJR044C,0,0.59667283,0.1591089963912964,0.9505703449249268,0.5312625765800476
YGR108W,YDR409W,0,0.5963,0.15908367931842804,0.9505703449249268,0.5313630700111389
YGL201C,YGR261C,0,0.5961516,0.1590583771467209,0.9505703449249268,0.531463623046875
YKR067W,YBL084C,0,0.5961283,0.15903307497501373,0.9505703449249268,0.5315641164779663
YLR332W,YOR360C,0,0.59599733,0.15900778770446777,0.9505703449249268,0.5316646695137024
YDR477W,YOL113W,0,0.5957131,0.158982515335083,0.9505703449249268,0.5317651629447937
YLR336C,YPL128C,0,0.59561646,0.15895724296569824,0.9505703449249268,0.5318657159805298
YOR017W,YOL044W,0,0.5954687,0.15893197059631348,0.9505703449249268,0.5319662094116211
YCR102C,YDR316W,0,0.5951988,0.1589067280292511,0.9505703449249268,0.5320667624473572
YDR171W,YJL207C,0,0.59377766,0.15888147056102753,0.9505703449249268,0.5321672558784485
YPL211W,YMR068W,0,0.59336364,0.15885622799396515,0.9505703449249268,0.5322678089141846
YDL159W,YIL157C,0,0.5931489,0.15883100032806396,0.9505703449249268,0.5323683023452759
YGR192C,YGR108W,0,0.5930671,0.15880578756332397,0.9505703449249268,0.532468855381012
YDR225W,YLR133W,0,0.5930393,0.1587805598974228,0.9505703449249268,0.5325693488121033
YHR187W,YLR034C,0,0.59235203,0.158755362033844,0.9505703449249268,0.5326699018478394
YLR057W,YFR044C,0,0.59232783,0.1587301641702652,0.9505703449249268,0.5327703952789307
YMR202W,YNL125C,0,0.5917553,0.1587049663066864,0.9505703449249268,0.5328709483146667
YEL046C,YOL021C,0,0.5916153,0.1586797833442688,0.9505703449249268,0.5329714417457581
YBL006C,YBL102W,0,0.59132427,0.1586546152830124,0.9505703449249268,0.5330719947814941
YIL023C,YJL210W,0,0.59104234,0.15862944722175598,0.9505703449249268,0.5331724882125854
YPR079W,YIR035C,0,0.59101045,0.15860427916049957,0.9505703449249268,0.5332730412483215
YCL019W,YHR001W,0,0.590883,0.15857912600040436,0.9505703449249268,0.5333735346794128
YML114C,YNL305C,0,0.5905974,0.15855398774147034,0.9505703449249268,0.5334740877151489
YDR027C,YBR008C,0,0.5905951,0.15852884948253632,0.9505703449249268,0.5335745811462402
YLR368W,YHR176W,0,0.59053034,0.1585037261247635,0.9505703449249268,0.5336751341819763
YAL061W,YNL270C,0,0.58989805,0.15847860276699066,0.9505703449249268,0.5337756276130676
YLR233C,YDR409W,0,0.58910704,0.15845349431037903,0.9505703449249268,0.5338761806488037
YPL246C,YJR159W,0,0.58878225,0.1584283858537674,0.9505703449249268,0.533976674079895
YHR104W,YCR066W,0,0.58873,0.15840329229831696,0.9505703449249268,0.5340772271156311
YKL096W,YGL032C,0,0.58768076,0.1583782136440277,0.9505703449249268,0.5341777205467224
YOR214C,YOR010C,0,0.58751726,0.15835312008857727,0.9505703449249268,0.5342782735824585
YGL166W,YHR102W,0,0.5862243,0.15832805633544922,0.9505703449249268,0.5343787670135498
YNL316C,YDR186C,0,0.5862235,0.15830299258232117,0.9505703449249268,0.5344793200492859
YDR394W,YBL097W,0,0.5851706,0.15827792882919312,0.9505703449249268,0.5345798134803772
YBR126C,YIL114C,0,0.5849382,0.15825289487838745,0.9505703449249268,0.5346803665161133
YPR061C,YER048C,0,0.58468413,0.1582278460264206,0.9505703449249268,0.5347808599472046
YDL212W,YDR349C,0,0.5844545,0.15820281207561493,0.9505703449249268,0.5348814129829407
YDR394W,YDR206W,0,0.5842688,0.15817779302597046,0.9505703449249268,0.534981906414032
YIL016W,YBR161W,0,0.5835723,0.158152773976326,0.9505703449249268,0.5350823998451233
YMR161W,YER035W,0,0.58354366,0.1581277698278427,0.9505703449249268,0.5351829528808594
YLR136C,YGL150C,0,0.5831222,0.15810276567935944,0.9505703449249268,0.5352834463119507
YMR161W,YLR449W,0,0.5828787,0.15807777643203735,0.9505703449249268,0.5353839993476868
YOR178C,YJL036W,0,0.5825705,0.15805278718471527,0.9505703449249268,0.5354844927787781
YPR185W,YOL021C,0,0.5809729,0.15802781283855438,0.9505703449249268,0.5355850458145142
YEL004W,YHR200W,0,0.58096325,0.1580028384923935,0.9505703449249268,0.5356855392456055
YGR207C,YIL129C,0,0.5802289,0.1579778790473938,0.9505703449249268,0.5357860922813416
YKR010C,YLR136C,0,0.58001983,0.1579529345035553,0.9505703449249268,0.5358865857124329
YIL049W,YML058W,0,0.57964134,0.1579279899597168,0.9505703449249268,0.535987138748169
YGL038C,YHR102W,0,0.5795306,0.1579030454158783,0.9505703449249268,0.5360876321792603
YOL128C,YPR066W,0,0.5788312,0.157878115773201,0.9505703449249268,0.5361881852149963
YMR164C,YKR092C,0,0.57767457,0.15785320103168488,0.9505703449249268,0.5362886786460876
YNL021W,YHR019C,0,0.5773753,0.15782828629016876,0.9505703449249268,0.5363892316818237
YDR017C,YJR159W,0,0.57692707,0.15780337154865265,0.9505703449249268,0.536489725112915
YJL111W,YDL010W,0,0.57632995,0.15777847170829773,0.9505703449249268,0.5365902781486511
YKL055C,YPL118W,0,0.57611763,0.157753586769104,0.9505703449249268,0.5366907715797424
YOL008W,YBR179C,0,0.57579446,0.15772870182991028,0.9505703449249268,0.5367913246154785
YGL131C,YKR029C,0,0.5757872,0.15770383179187775,0.9505703449249268,0.5368918180465698
YKL113C,YJR095W,0,0.57573044,0.15767896175384521,0.9505703449249268,0.5369923710823059
YHR098C,YDL064W,0,0.57562184,0.15765410661697388,0.9505703449249268,0.5370928645133972
YLR128W,YOR339C,0,0.5755327,0.15762925148010254,0.9505703449249268,0.5371934175491333
YGL023C,YDR307W,0,0.5753494,0.1576044112443924,0.9505703449249268,0.5372939109802246
YGR074W,YBL018C,0,0.5745802,0.15757957100868225,0.9505703449249268,0.5373944640159607
YMR189W,YBR265W,0,0.572714,0.1575547456741333,0.9505703449249268,0.537494957447052
YGR121C,YDR307W,0,0.57226217,0.15752993524074554,0.9505703449249268,0.5375955104827881
YCR008W,YLR421C,0,0.5721648,0.1575051248073578,0.9505703449249268,0.5376960039138794
YKL107W,YPL162C,0,0.5716895,0.15748031437397003,0.9505703449249268,0.5377965569496155
YHL009C,YBR171W,0,0.5716849,0.15745551884174347,0.9505703449249268,0.5378970503807068
YDR162C,YDR143C,0,0.57099485,0.1574307233095169,0.9505703449249268,0.5379976034164429
YOL068C,YBL009W,0,0.5708745,0.15740594267845154,0.9505703449249268,0.5380980968475342
YFL052W,YOR367W,0,0.5706508,0.15738117694854736,0.9505703449249268,0.5381986498832703
YLL015W,YDR484W,0,0.5698953,0.1573564112186432,0.9505703449249268,0.5382991433143616
YHR188C,YLR035C,0,0.5696682,0.1573316603899002,0.9505703449249268,0.5383996963500977
YFL009W,YBL100W-A,0,0.56924427,0.15730690956115723,0.9505703449249268,0.538500189781189
YLR342W,YLR362W,0,0.5676507,0.15728215873241425,0.9505703449249268,0.538600742816925
YMR197C,YKR018C,0,0.5674303,0.15725743770599365,0.9505703449249268,0.5387012362480164
YKL086W,YNL265C,0,0.5672755,0.15723270177841187,0.9505703449249268,0.5388017892837524
YOL006C,YKL209C,0,0.5670871,0.15720798075199127,0.9505703449249268,0.5389022827148438
YDL188C,YLR368W,0,0.566936,0.15718327462673187,0.9505703449249268,0.5390028357505798
YNL035C,YNL265C,0,0.566347,0.15715856850147247,0.9505703449249268,0.5391033291816711
YIL162W,YPR052C,0,0.5663415,0.15713387727737427,0.9505703449249268,0.5392038822174072
YMR266W,YMR047C,0,0.56624717,0.15710918605327606,0.9505703449249268,0.5393043756484985
YDL122W,YDL174C,0,0.5653831,0.15708450973033905,0.9505703449249268,0.5394049286842346
YBL046W,YDR348C,0,0.5648874,0.15705983340740204,0.9505703449249268,0.5395054221153259
YHR187W,YOR284W,0,0.56470525,0.15703517198562622,0.9505703449249268,0.539605975151062
YER078C,YFL050C,0,0.5646378,0.1570105254650116,0.9505703449249268,0.5397064685821533
YEL077C,YDR324C,0,0.56416225,0.15698586404323578,0.9505703449249268,0.5398070216178894
YGR257C,YNL300W,0,0.5638638,0.15696123242378235,0.9505703449249268,0.5399075150489807
YPR061C,YJR137C,0,0.5637689,0.15693660080432892,0.9505703449249268,0.5400080680847168
YJL137C,YER075C,0,0.56325465,0.1569119691848755,0.9505703449249268,0.5401085615158081
YHR191C,YER058W,0,0.5628674,0.15688735246658325,0.9505703449249268,0.5402091145515442
YMR236W,YGL032C,0,0.56216943,0.1568627506494522,0.9505703449249268,0.5403096079826355
YCL033C,YOR100C,0,0.56215614,0.15683814883232117,0.9505703449249268,0.5404101610183716
YPR061C,YMR236W,0,0.5619712,0.15681354701519012,0.9505703449249268,0.5405106544494629
YDR084C,YDR001C,0,0.56110525,0.15678896009922028,0.9505703449249268,0.540611207485199
YDR338C,YMR268C,0,0.5608969,0.15676438808441162,0.9505703449249268,0.5407117009162903
YDR225W,YKR086W,0,0.5608112,0.15673981606960297,0.9505703449249268,0.5408121943473816
YML123C,YDR477W,0,0.5605468,0.1567152440547943,0.9505703449249268,0.5409127473831177
YGL250W,YGL245W,0,0.5603664,0.15669068694114685,0.9505703449249268,0.541013240814209
YDL058W,YFL002C,0,0.5603452,0.15666614472866058,0.9505703449249268,0.5411137938499451
YDL165W,YKR065C,0,0.5597858,0.15664160251617432,0.9505703449249268,0.5412142872810364
YOR229W,YCL026C-A,0,0.5593598,0.15661707520484924,0.9505703449249268,0.5413148403167725
YNR063W,YAL055W,0,0.5587121,0.15659254789352417,0.9505703449249268,0.5414153337478638
YHR178W,YLR424W,0,0.55787134,0.1565680354833603,0.9505703449249268,0.5415158867835999
YLR310C,YLR298C,0,0.55770314,0.1565435230731964,0.9505703449249268,0.5416163802146912
YDR221W,YJL154C,0,0.55763745,0.15651901066303253,0.9505703449249268,0.5417169332504272
YNL264C,YKL055C,0,0.55731034,0.15649452805519104,0.9505703449249268,0.5418174266815186
YBL016W,YOR375C,0,0.556263,0.15647003054618835,0.9505703449249268,0.5419179797172546
YPR025C,YBL002W,0,0.55521524,0.15644556283950806,0.9505703449249268,0.542018473148346
YCR008W,YAL047C,0,0.5547881,0.15642108023166656,0.9505703449249268,0.542119026184082
YBR186W,YBR204C,0,0.5539869,0.15639662742614746,0.9505703449249268,0.5422195196151733
YDR349C,YMR260C,0,0.5533697,0.15637215971946716,0.9505703449249268,0.5423200726509094
YCL030C,YDL174C,0,0.55136156,0.15634772181510925,0.9505703449249268,0.5424205660820007
YHL009C,YEL077C,0,0.55099785,0.15632328391075134,0.9505703449249268,0.5425211191177368
YBL040C,YDR225W,0,0.5509062,0.15629884600639343,0.9505703449249268,0.5426216125488281
YJR002W,YMR067C,0,0.55037224,0.15627442300319672,0.9505703449249268,0.5427221655845642
YMR190C,YOL034W,0,0.5502019,0.15625,0.9505703449249268,0.5428226590156555
YLR274W,YMR067C,0,0.54732096,0.15622559189796448,0.9505703449249268,0.5429232120513916
YNR023W,YJR125C,0,0.54464906,0.15620118379592896,0.9505703449249268,0.5430237054824829
YJR099W,YKL073W,0,0.5440568,0.15617679059505463,0.9505703449249268,0.543124258518219
YDR113C,YGR206W,0,0.5437199,0.1561523973941803,0.9505703449249268,0.5432247519493103
YIR013C,YHR102W,0,0.5417971,0.15612801909446716,0.9505703449249268,0.5433253049850464
YDR027C,YDR043C,0,0.5414528,0.15610365569591522,0.9505703449249268,0.5434257984161377
YMR106C,YMR271C,0,0.5412878,0.15607929229736328,0.9505703449249268,0.5435263514518738
YLR376C,YLL032C,0,0.5408811,0.15605492889881134,0.9505703449249268,0.5436268448829651
YGR240C,YLR136C,0,0.5399789,0.1560305804014206,0.9505703449249268,0.5437273979187012
YNL125C,YGL125W,0,0.539933,0.15600624680519104,0.9505703449249268,0.5438278913497925
YGR166W,YJL036W,0,0.5397743,0.1559819132089615,0.9505703449249268,0.5439284443855286
YJL047C,YBL097W,0,0.539157,0.15595757961273193,0.9505703449249268,0.5440289378166199
YDR522C,YML022W,0,0.538333,0.15593326091766357,0.9505703449249268,0.544129490852356
YER039C,YOL068C,0,0.53822076,0.15590894222259521,0.9505703449249268,0.5442299842834473
YLR398C,YNL256W,0,0.53816956,0.15588463842868805,0.9505703449249268,0.5443305373191833
YFR046C,YDR338C,0,0.53780276,0.15586034953594208,0.9505703449249268,0.5444310307502747
YMR278W,YER172C,0,0.53760546,0.1558360606431961,0.9505703449249268,0.5445315837860107
YOL146W,YOR197W,0,0.53664166,0.15581178665161133,0.9505703449249268,0.544632077217102
YGL125W,YHR084W,0,0.5364975,0.15578751266002655,0.9505703449249268,0.5447326302528381
YGL250W,YKR042W,0,0.5362154,0.15576323866844177,0.9505703449249268,0.5448331236839294
YEL046C,YHR166C,0,0.5360644,0.1557389795780182,0.9505703449249268,0.5449336767196655
YNL169C,YHR196W,0,0.53411114,0.1557147353887558,0.9505703449249268,0.5450341701507568
YJL210W,YLL005C,0,0.5331948,0.1556904911994934,0.9505703449249268,0.5451347231864929
YDR294C,YEL060C,0,0.5326108,0.15566624701023102,0.9505703449249268,0.5452352166175842
YCR017C,YGR132C,0,0.53259933,0.15564201772212982,0.9505703449249268,0.5453357696533203
YBR077C,YKL160W,0,0.53254086,0.15561780333518982,0.9505703449249268,0.5454362630844116
YLR369W,YMR197C,0,0.5322409,0.15559358894824982,0.9505703449249268,0.5455368161201477
YML118W,YMR309C,0,0.5316717,0.155569389462471,0.9505703449249268,0.545637309551239
YBR235W,YGL033W,0,0.5316279,0.1555451899766922,0.9505703449249268,0.5457378625869751
YKL222C,YLR256W,0,0.5312967,0.1555209904909134,0.9505703449249268,0.5458383560180664
YGR271C-A,YPR009W,0,0.5311543,0.15549680590629578,0.9505703449249268,0.5459389090538025
YJL042W,YAL001C,0,0.53071785,0.15547263622283936,0.9505703449249268,0.5460394024848938
YDR346C,YGL012W,0,0.53041995,0.15544846653938293,0.9505703449249268,0.5461399555206299
YJR014W,YHR176W,0,0.53013384,0.1554243117570877,0.9505703449249268,0.5462404489517212
YGL125W,YJL154C,0,0.5301115,0.15540015697479248,0.9505703449249268,0.5463410019874573
YIR003W,YFL018C,0,0.5291766,0.15537601709365845,0.9505703449249268,0.5464414954185486
YJL204C,YGL257C,0,0.52917314,0.15535187721252441,0.9505703449249268,0.5465419888496399
YML064C,YLR136C,0,0.52886426,0.15532773733139038,0.9505703449249268,0.546642541885376
YDL010W,YJL160C,0,0.52842176,0.15530361235141754,0.9505703449249268,0.5467430353164673
YJL203W,YOR367W,0,0.5278674,0.1552795022726059,0.9505703449249268,0.5468435883522034
YJL042W,YGL020C,0,0.52723736,0.15525539219379425,0.9505703449249268,0.5469440817832947
YGR192C,YBR110W,0,0.5271754,0.1552312970161438,0.9505703449249268,0.5470446348190308
YLR408C,YIL082W-A,0,0.52681255,0.15520720183849335,0.9505703449249268,0.5471451282501221
YLR034C,YBL027W,0,0.52634907,0.1551831215620041,0.9505703449249268,0.5472456812858582
YOR033C,YEL004W,0,0.5261559,0.15515904128551483,0.9505703449249268,0.5473461747169495
YKL091C,YNL106C,0,0.52606964,0.15513496100902557,0.9505703449249268,0.5474467277526855
YBL046W,YIL110W,0,0.52571815,0.1551109105348587,0.9505703449249268,0.5475472211837769
YPR058W,YIL121W,0,0.5250946,0.15508684515953064,0.9505703449249268,0.5476477742195129
YHR183W,YDL104C,0,0.52443755,0.15506279468536377,0.9505703449249268,0.5477482676506042
YMR106C,YMR113W,0,0.5236231,0.1550387591123581,0.9505703449249268,0.5478488206863403
YHR107C,YLR110C,0,0.52346706,0.15501472353935242,0.9505703449249268,0.5479493141174316
YDR017C,YJL113W,0,0.5234339,0.15499070286750793,0.9505703449249268,0.5480498671531677
YJL051W,YBL101C,0,0.523347,0.15496668219566345,0.9505703449249268,0.548150360584259
YML066C,YHR094C,0,0.5233039,0.15494267642498016,0.9505703449249268,0.5482509136199951
YLR013W,YJL074C,0,0.52245027,0.15491867065429688,0.9505703449249268,0.5483514070510864
YCL019W,YER069W,0,0.5212151,0.1548946648836136,0.9505703449249268,0.5484519600868225
YDR385W,YNR056C,0,0.52073324,0.15487068891525269,0.9505703449249268,0.5485524535179138
YGR257C,YNL321W,0,0.52018833,0.1548466980457306,0.9505703449249268,0.5486530065536499
YLR320W,YLR362W,0,0.52009296,0.1548227220773697,0.9505703449249268,0.5487534999847412
YFR004W,YLR453C,0,0.5198789,0.15479876101016998,0.9505703449249268,0.5488540530204773
YDR540C,YBR079C,0,0.5194372,0.15477479994297028,0.9505703449249268,0.5489545464515686
YPL016W,YDL004W,0,0.5193101,0.15475085377693176,0.9505703449249268,0.5490550994873047
YGR023W,YPR025C,0,0.51868284,0.15472690761089325,0.9505703449249268,0.549155592918396
YGL160W,YNL197C,0,0.5183519,0.15470297634601593,0.9505703449249268,0.5492561459541321
YPL053C,YGR209C,0,0.51766235,0.1546790450811386,0.9505703449249268,0.5493566393852234
YDR043C,YGR289C,0,0.5167188,0.1546551138162613,0.9505703449249268,0.5494571924209595
YBR103W,YOR064C,0,0.5163998,0.15463119745254517,0.9505703449249268,0.5495576858520508
YJL139C,YGR207C,0,0.51562,0.15460729598999023,0.9505703449249268,0.5496582388877869
YNL222W,YNL224C,0,0.5155587,0.1545833945274353,0.9505703449249268,0.5497587323188782
YPR058W,YML025C,0,0.515316,0.15455950796604156,0.9505703449249268,0.5498592853546143
YDR267C,YKL012W,0,0.5151478,0.15453562140464783,0.9505703449249268,0.5499597787857056
YBR186W,YOR140W,0,0.515064,0.15451174974441528,0.9505703449249268,0.5500603318214417
YBR132C,YOL137W,0,0.5148113,0.15448787808418274,0.9505703449249268,0.550160825252533
YLR222C,YIL114C,0,0.5146266,0.1544640064239502,0.9505703449249268,0.550261378288269
YGL250W,YGL020C,0,0.51436543,0.15444014966487885,0.9505703449249268,0.5503618717193604
YFL018C,YDL010W,0,0.5136228,0.1544163078069687,0.9505703449249268,0.5504624247550964
YML111W,YOR188W,0,0.5133969,0.15439246594905853,0.9505703449249268,0.5505629181861877
YKL025C,YMR162C,0,0.51299334,0.15436863899230957,0.9505703449249268,0.5506634712219238
YMR202W,YAR003W,0,0.5125308,0.1543448120355606,0.9505703449249268,0.5507639646530151
YDR162C,YKR029C,0,0.51230836,0.15432098507881165,0.9505703449249268,0.5508645176887512
YJL063C,YPR004C,0,0.5120886,0.15429717302322388,0.9505703449249268,0.5509650111198425
YGL001C,YER119C,0,0.5119464,0.1542733758687973,0.9505703449249268,0.5510655641555786
YPL217C,YFL022C,0,0.51172405,0.15424957871437073,0.9505703449249268,0.5511660575866699
YJL139C,YPR165W,0,0.5115952,0.15422578155994415,0.9505703449249268,0.551266610622406
YOL091W,YHR178W,0,0.5111673,0.15420199930667877,0.9505703449249268,0.5513671040534973
YDL004W,YHR083W,0,0.51086825,0.15417823195457458,0.9505703449249268,0.5514676570892334
YCR048W,YKR025W,0,0.5096276,0.1541544646024704,0.9505703449249268,0.5515681505203247
YER124C,YDL222C,0,0.5085355,0.1541306972503662,0.9505703449249268,0.5516687035560608
YLR342W,YJL076W,0,0.5084655,0.15410694479942322,0.9505703449249268,0.5517691969871521
YHR113W,YPR091C,1,0.5081987,0.1542372852563858,0.9515209197998047,0.5517691969871521
YDR348C,YBR171W,0,0.50781727,0.1542135328054428,0.9515209197998047,0.5518697500228882
YOR128C,YBR135W,0,0.50753736,0.15418976545333862,0.9515209197998047,0.5519702434539795
YHR016C,YDR043C,0,0.50673354,0.15416602790355682,0.9515209197998047,0.5520707964897156
YGR028W,YBR133C,0,0.5059298,0.15414229035377502,0.9515209197998047,0.5521712899208069
YDR221W,YBR136W,0,0.5048885,0.15411855280399323,0.9515209197998047,0.552271842956543
YBL099W,YIL044C,0,0.5046908,0.15409483015537262,0.9515209197998047,0.5523723363876343
YOR229W,YDR409W,0,0.5045624,0.15407110750675201,0.9515209197998047,0.5524728298187256
YMR135C,YLR205C,0,0.5040064,0.1540473997592926,0.9515209197998047,0.5525733828544617
YBR084C-A,YGR087C,0,0.50368726,0.1540236920118332,0.9515209197998047,0.552673876285553
YOR255W,YOR030W,0,0.50361025,0.15399999916553497,0.9515209197998047,0.5527744293212891
YOL027C,YOL034W,0,0.50324076,0.15397630631923676,0.9515209197998047,0.5528749227523804
YGR049W,YBR253W,0,0.50225306,0.15395262837409973,0.9515209197998047,0.5529754757881165
YCR017C,YMR170C,0,0.5021074,0.1539289504289627,0.9515209197998047,0.5530759692192078
YKL008C,YDR123C,0,0.5015652,0.15390528738498688,0.9515209197998047,0.5531765222549438
YKL208W,YDR198C,0,0.50120664,0.15388162434101105,0.9515209197998047,0.5532770156860352
YCL045C,YPL170W,0,0.5006615,0.1538579761981964,0.9515209197998047,0.5533775687217712
YOR354C,YJR125C,0,0.50020826,0.15383432805538177,0.9515209197998047,0.5534780621528625
YDR073W,YOL044W,0,0.49989003,0.15381069481372833,0.9515209197998047,0.5535786151885986
YDR311W,YDR331W,0,0.49966925,0.1537870615720749,0.9515209197998047,0.5536791086196899
YHR107C,YMR291W,0,0.49899268,0.15376344323158264,0.9515209197998047,0.553779661655426
YPR101W,YBR004C,0,0.49895012,0.1537398248910904,0.9515209197998047,0.5538801550865173
YGR059W,YNL254C,0,0.49891737,0.15371622145175934,0.9515209197998047,0.5539807081222534
YKL096W,YGL130W,0,0.4988582,0.15369261801242828,0.9515209197998047,0.5540812015533447
YBR234C,YOL091W,0,0.49853927,0.15366901457309723,0.9515209197998047,0.5541817545890808
YDR349C,YHR084W,0,0.4983835,0.15364544093608856,0.9515209197998047,0.5542822480201721
YOR144C,YIL168W,0,0.49815142,0.1536218523979187,0.9515209197998047,0.5543828010559082
YDR099W,YGL044C,0,0.49786168,0.15359827876091003,0.9515209197998047,0.5544832944869995
YCR073C,YOR245C,0,0.4973672,0.15357472002506256,0.9515209197998047,0.5545838475227356
YGR038W,YPR124W,0,0.49397036,0.1535511612892151,0.9515209197998047,0.5546843409538269
YLR119W,YGL153W,0,0.49362192,0.15352760255336761,0.9515209197998047,0.554784893989563
YOR295W,YKL012W,0,0.49334168,0.15350405871868134,0.9515209197998047,0.5548853874206543
YKL222C,YMR029C,0,0.49233645,0.15348052978515625,0.9515209197998047,0.5549859404563904
YNR056C,YGL187C,0,0.49171254,0.15345700085163116,0.9515209197998047,0.5550864338874817
YJR019C,YHR102W,0,0.4916738,0.15343347191810608,0.9515209197998047,0.5551869869232178
YOR083W,YKL216W,0,0.49095738,0.1534099578857422,0.9515209197998047,0.5552874803543091
YHR112C,YBR210W,0,0.4902915,0.1533864587545395,0.9515209197998047,0.5553880333900452
YPL246C,YER183C,0,0.49027506,0.1533629596233368,0.9515209197998047,0.5554885268211365
YIL041W,YIL097W,0,0.49008328,0.1533394604921341,0.9515209197998047,0.5555890798568726
YBR253W,YAL047C,0,0.4900821,0.1533159762620926,0.9515209197998047,0.5556895732879639
YER157W,YDL165W,0,0.48995477,0.1532924920320511,0.9515209197998047,0.5557901263237
YPL118W,YMR067C,0,0.48893994,0.15326902270317078,0.9515209197998047,0.5558906197547913
YDR489W,YML075C,0,0.48849657,0.15324555337429047,0.9515209197998047,0.5559911727905273
YBL046W,YDR237W,0,0.48834607,0.15322209894657135,0.9515209197998047,0.5560916662216187
YBR103W,YMR060C,0,0.4878883,0.15319865942001343,0.9515209197998047,0.5561922192573547
YIR034C,YOR022C,0,0.4873074,0.1531752049922943,0.9515209197998047,0.556292712688446
YDR446W,YDR489W,0,0.48701283,0.15315178036689758,0.9515209197998047,0.5563932657241821
YGR198W,YHL013C,1,0.4865798,0.1532813161611557,0.9524714946746826,0.5563932657241821
YOL006C,YLR174W,0,0.48605102,0.15325787663459778,0.9524714946746826,0.5564937591552734
YKL096W,YML001W,0,0.4858253,0.15323443710803986,0.9524714946746826,0.5565943121910095
YKL146W,YFL062W,0,0.48563385,0.15321101248264313,0.9524714946746826,0.5566948056221008
YOL097C,YKL092C,0,0.48527426,0.1531875878572464,0.9524714946746826,0.5567953586578369
YPL053C,YBR079C,0,0.48485607,0.15316416323184967,0.9524714946746826,0.5568958520889282
YLR166C,YMR113W,0,0.48470914,0.15314076840877533,0.9524714946746826,0.5569964051246643
YGL254W,YKL193C,0,0.48455796,0.1531173586845398,0.9524714946746826,0.5570968985557556
YFR042W,YGL100W,0,0.484047,0.15309396386146545,0.9524714946746826,0.5571974515914917
YFL034C-A,YKL084W,0,0.48330045,0.1530705839395523,0.9524714946746826,0.557297945022583
YJR043C,YJR137C,0,0.48312092,0.15304720401763916,0.9524714946746826,0.5573984980583191
YNR051C,YMR029C,0,0.48226756,0.153023824095726,0.9524714946746826,0.5574989914894104
YBR293W,YCR008W,0,0.48222494,0.15300045907497406,0.9524714946746826,0.5575995445251465
YKL127W,YIL015W,0,0.48189545,0.1529770940542221,0.9524714946746826,0.5577000379562378
YBR216C,YLR376C,0,0.48123026,0.15295374393463135,0.9524714946746826,0.5578005909919739
YOR115C,YHR178W,0,0.48014387,0.15293040871620178,0.9524714946746826,0.5579010844230652
YFL034C-A,YDR239C,1,0.47996485,0.15305966138839722,0.9534220695495605,0.5579010844230652
YEL063C,YDL079C,0,0.47926897,0.15303631126880646,0.9534220695495605,0.5580016374588013
YGR140W,YOR140W,0,0.47878194,0.1530129611492157,0.9534220695495605,0.5581021308898926
YDR462W,YHR134W,0,0.47698998,0.15298962593078613,0.9534220695495605,0.5582026243209839
YGR108W,YOR077W,0,0.47654167,0.15296629071235657,0.9534220695495605,0.55830317735672
YCR102C,YDR255C,0,0.47643375,0.1529429703950882,0.9534220695495605,0.5584036707878113
YBR133C,YLL023C,0,0.47635788,0.15291965007781982,0.9534220695495605,0.5585042238235474
YKL113C,YBR265W,0,0.47611308,0.15289634466171265,0.9534220695495605,0.5586047172546387
YDR225W,YHR083W,0,0.47520357,0.15287303924560547,0.9534220695495605,0.5587052702903748
YPR022C,YNR049C,0,0.4726128,0.1528497338294983,0.9534220695495605,0.5588057637214661
YOL006C,YNL058C,0,0.47166634,0.1528264582157135,0.9534220695495605,0.5589063167572021
YDL042C,YMR268C,0,0.47149107,0.15280316770076752,0.9534220695495605,0.5590068101882935
YGR277C,YPL066W,0,0.47134325,0.15277989208698273,0.9534220695495605,0.5591073632240295
YDR307W,YJR088C,0,0.47083163,0.15275663137435913,0.9534220695495605,0.5592078566551208
YOR328W,YFL053W,0,0.47077787,0.15273337066173553,0.9534220695495605,0.5593084096908569
YDR198C,YPL270W,0,0.47066414,0.15271010994911194,0.9534220695495605,0.5594089031219482
YNL071W,YKL101W,0,0.47047552,0.15268686413764954,0.9534220695495605,0.5595094561576843
YDL188C,YMR167W,0,0.47037053,0.15266361832618713,0.9534220695495605,0.5596099495887756
YDL188C,YJL093C,0,0.46940807,0.15264038741588593,0.9534220695495605,0.5597105026245117
YLR132C,YNL241C,0,0.46929443,0.15261715650558472,0.9534220695495605,0.559810996055603
YCL030C,YER122C,0,0.46915275,0.1525939404964447,0.9534220695495605,0.5599115490913391
YPL256C,YLL015W,0,0.46910247,0.15257073938846588,0.9534220695495605,0.5600120425224304
YER069W,YNL197C,0,0.4688288,0.15254752337932587,0.9534220695495605,0.5601125955581665
YMR293C,YJL210W,0,0.4687402,0.15252433717250824,0.9534220695495605,0.5602130889892578
YBR088C,YKR001C,0,0.46804285,0.15250113606452942,0.9534220695495605,0.5603136420249939
YLR298C,YLR089C,0,0.46796626,0.1524779498577118,0.9534220695495605,0.5604141354560852
YJL151C,YOR255W,0,0.46790898,0.15245477855205536,0.9534220695495605,0.5605146884918213
YGR283C,YMR226C,1,0.46753126,0.15258358418941498,0.9543726444244385,0.5605146884918213
YBR258C,YOR030W,0,0.46749717,0.15256039798259735,0.9543726444244385,0.5606151819229126
YCR068W,YCR017C,0,0.46718687,0.15253722667694092,0.9543726444244385,0.5607157349586487
YPL268W,YNL197C,0,0.4667354,0.15251405537128448,0.9543726444244385,0.56081622838974
YDR214W,YOR328W,0,0.466574,0.15249088406562805,0.9543726444244385,0.5609167814254761
YCR042C,YLL015W,0,0.46614444,0.1524677276611328,0.9543726444244385,0.5610172748565674
YBR179C,YNL152W,0,0.46564072,0.15244458615779877,0.9543726444244385,0.5611178278923035
YJL074C,YER157W,0,0.46539706,0.15242142975330353,0.9543726444244385,0.5612183213233948
YFL052W,YLR222C,0,0.46536297,0.15239830315113068,0.9543726444244385,0.5613188743591309
YGL100W,YPR058W,0,0.4652447,0.15237517654895782,0.9543726444244385,0.5614193677902222
YKL188C,YPL069C,0,0.46513933,0.15235204994678497,0.9543726444244385,0.5615199208259583
YJL139C,YNL047C,0,0.46461737,0.15232893824577332,0.9543726444244385,0.5616204142570496
YCL038C,YCL040W,0,0.46387964,0.15230582654476166,0.9543726444244385,0.5617209672927856
YNL139C,YPL012W,0,0.46380603,0.1522827297449112,0.9543726444244385,0.561821460723877
YDR216W,YAR071W,0,0.4633398,0.15225963294506073,0.9543726444244385,0.561922013759613
YNL315C,YDL156W,0,0.46268043,0.15223653614521027,0.9543726444244385,0.5620225071907043
YPL170W,YLR355C,0,0.4623813,0.1522134691476822,0.9543726444244385,0.5621230602264404
YIR033W,YOR360C,0,0.46208143,0.15219038724899292,0.9543726444244385,0.5622235536575317
YHL002W,YJL092W,0,0.46195713,0.15216732025146484,0.9543726444244385,0.5623241066932678
YML123C,YEL042W,0,0.4612053,0.15214426815509796,0.9543726444244385,0.5624246001243591
YBL099W,YDL165W,0,0.46078122,0.15212121605873108,0.9543726444244385,0.5625251531600952
YHR112C,YOR375C,0,0.45987374,0.1520981639623642,0.9543726444244385,0.5626256465911865
YGL055W,YOR360C,0,0.45980757,0.1520751267671585,0.9543726444244385,0.5627261996269226
YGL130W,YGR256W,0,0.4595108,0.152052104473114,0.9543726444244385,0.5628266930580139
YLR027C,YDL201W,0,0.4587454,0.15202906727790833,0.9543726444244385,0.56292724609375
YLR034C,YGR247W,0,0.45841646,0.15200605988502502,0.9543726444244385,0.5630277395248413
YFL050C,YDL010W,0,0.45833224,0.15198305249214172,0.9543726444244385,0.5631282925605774
YPL047W,YHR203C,0,0.45830274,0.15196004509925842,0.9543726444244385,0.5632287859916687
YDR214W,YIL023C,0,0.4581133,0.15193705260753632,0.9543726444244385,0.5633293390274048
YDR058C,YGR140W,0,0.4579462,0.1519140601158142,0.9543726444244385,0.5634298324584961
YGR157W,YMR092C,0,0.4575931,0.1518910676240921,0.9543726444244385,0.5635303854942322
YCL045C,YLR398C,0,0.4570607,0.15186810493469238,0.9543726444244385,0.5636308789253235
YLL023C,YPR056W,0,0.45628852,0.15184512734413147,0.9543726444244385,0.5637314319610596
YNL082W,YOR371C,0,0.45485651,0.15182216465473175,0.9543726444244385,0.5638319253921509
YPL086C,YLR133W,0,0.45459208,0.15179921686649323,0.9543726444244385,0.563932478427887
YGL020C,YNR032W,0,0.45441768,0.1517762690782547,0.9543726444244385,0.5640329718589783
YPL241C,YML010W,0,0.4536623,0.15175332129001617,0.9543726444244385,0.5641334652900696
YGR277C,YDR409W,0,0.45317844,0.15173038840293884,0.9543726444244385,0.5642340183258057
YDR182W,YLR449W,0,0.45228738,0.1517074704170227,0.9543726444244385,0.564334511756897
YNL222W,YLR002C,0,0.4521438,0.15168453752994537,0.9543726444244385,0.5644350647926331
YER118C,YGR278W,0,0.45127636,0.15166163444519043,0.9543726444244385,0.5645355582237244
YNL090W,YDR541C,0,0.45091662,0.15163873136043549,0.9543726444244385,0.5646361112594604
YHR003C,YIL168W,0,0.45056343,0.15161582827568054,0.9543726444244385,0.5647366046905518
YGR108W,YCL011C,0,0.4504193,0.1515929400920868,0.9543726444244385,0.5648371577262878
YDR180W,YDL236W,0,0.4502136,0.15157005190849304,0.9543726444244385,0.5649376511573792
YJL184W,YPR065W,0,0.45001572,0.1515471637248993,0.9543726444244385,0.5650382041931152
YML110C,YMR134W,0,0.44986928,0.15152430534362793,0.9543726444244385,0.5651386976242065
YPR151C,YHR042W,0,0.44887576,0.15150143206119537,0.9543726444244385,0.5652392506599426
YKL086W,YMR266W,0,0.44712287,0.151478573679924,0.9543726444244385,0.5653397440910339
YCR008W,YNL116W,0,0.44667208,0.15145573019981384,0.9543726444244385,0.56544029712677
YBL018C,YMR199W,0,0.44570896,0.15143288671970367,0.9543726444244385,0.5655407905578613
YMR266W,YDR348C,0,0.44461524,0.1514100432395935,0.9543726444244385,0.5656413435935974
YLL054C,YPR112C,0,0.44446245,0.15138721466064453,0.9543726444244385,0.5657418370246887
YDR001C,YML010W,0,0.44389176,0.15136438608169556,0.9543726444244385,0.5658423900604248
YEL077C,YBR204C,0,0.4438368,0.15134157240390778,0.9543726444244385,0.5659428834915161
YAL014C,YBR171W,0,0.44375932,0.15131875872612,0.9543726444244385,0.5660434365272522
YER019W,YPL081W,0,0.44373015,0.1512959599494934,0.9543726444244385,0.5661439299583435
YJL151C,YNR063W,0,0.4436149,0.15127316117286682,0.9543726444244385,0.5662444829940796
YJR137C,YDL058W,0,0.44358003,0.15125037729740143,0.9543726444244385,0.5663449764251709
YDL052C,YAR003W,0,0.4433332,0.15122759342193604,0.9543726444244385,0.566445529460907
YOL146W,YDR339C,0,0.44304046,0.15120482444763184,0.9543726444244385,0.5665460228919983
YDL153C,YDL161W,0,0.44235945,0.15118205547332764,0.9543726444244385,0.5666465759277344
YHR042W,YHR102W,0,0.44216263,0.15115928649902344,0.9543726444244385,0.5667470693588257
YLR272C,YMR216C,0,0.44158894,0.15113653242588043,0.9543726444244385,0.5668476223945618
YOR196C,YNL021W,0,0.4402039,0.15111379325389862,0.9543726444244385,0.5669481158256531
YOR321W,YDR480W,0,0.44014066,0.15109103918075562,0.9543726444244385,0.5670486688613892
YNL252C,YBR160W,1,0.43999994,0.15121877193450928,0.9553232192993164,0.5670486688613892
YGL100W,YBL066C,0,0.4395739,0.15119603276252747,0.9553232192993164,0.5671491622924805
YDL126C,YOL027C,0,0.4394111,0.15117327868938446,0.9553232192993164,0.5672497153282166
YGR257C,YPL217C,0,0.43925908,0.15115055441856384,0.9553232192993164,0.5673502087593079
YLR084C,YNL148C,0,0.43796504,0.15112781524658203,0.9553232192993164,0.567450761795044
YJL122W,YPL066W,0,0.4375249,0.1511050909757614,0.9553232192993164,0.5675512552261353
YKL112W,YMR231W,0,0.4364234,0.151082381606102,0.9553232192993164,0.5676518082618713
YGR165W,YDR239C,1,0.43587503,0.1512099802494049,0.9562737345695496,0.5676518082618713
YGR207C,YHR084W,0,0.4355534,0.1511872559785843,0.9562737345695496,0.5677523016929626
YGR090W,YDR294C,0,0.43550122,0.15116453170776367,0.9562737345695496,0.5678528547286987
YKL049C,YOR312C,0,0.43497103,0.15114182233810425,0.9562737345695496,0.56795334815979
YOL033W,YAL009W,0,0.43404716,0.15111912786960602,0.9562737345695496,0.5680539011955261
YNL058C,YLR133W,0,0.43384972,0.1510964184999466,0.9562737345695496,0.5681543946266174
YDL232W,YEL020C,0,0.43336415,0.15107373893260956,0.9562737345695496,0.5682549476623535
YBR179C,YKR087C,0,0.43227088,0.15105104446411133,0.9562737345695496,0.5683554410934448
YGL207W,YBR102C,0,0.43210077,0.15102837979793549,0.9562737345695496,0.5684559941291809
YDR294C,YKR087C,0,0.431968,0.15100570023059845,0.9562737345695496,0.5685564875602722
YJR099W,YMR291W,0,0.43179446,0.1509830355644226,0.9562737345695496,0.5686570405960083
YBL016W,YCR048W,0,0.4311164,0.15096038579940796,0.9562737345695496,0.5687575340270996
YJL122W,YBR199W,0,0.43082756,0.1509377360343933,0.9562737345695496,0.5688580870628357
YBR098W,YML001W,0,0.43073875,0.15091508626937866,0.9562737345695496,0.568958580493927
YGR157W,YBR084C-A,0,0.4306193,0.1508924514055252,0.9562737345695496,0.5690591335296631
YDR311W,YNL336W,0,0.43030065,0.15086983144283295,0.9562737345695496,0.5691596269607544
YBR136W,YEL042W,0,0.43010825,0.1508471965789795,0.9562737345695496,0.5692601799964905
YDL232W,YLR431C,0,0.43005106,0.15082459151744843,0.9562737345695496,0.5693606734275818
YDR216W,YDL226C,0,0.4298934,0.15080197155475616,0.9562737345695496,0.5694612264633179
YBR077C,YIR028W,0,0.42977622,0.1507793813943863,0.9562737345695496,0.5695617198944092
YML046W,YLR119W,0,0.42962432,0.15075677633285522,0.9562737345695496,0.5696622729301453
YBR203W,YIL158W,0,0.4290581,0.15073418617248535,0.9562737345695496,0.5697627663612366
YKR060W,YPR065W,0,0.42894483,0.15071161091327667,0.9562737345695496,0.5698632597923279
YDR163W,YMR060C,0,0.42818576,0.150689035654068,0.9562737345695496,0.569963812828064
YLR275W,YOR255W,0,0.4276147,0.15066646039485931,0.9562737345695496,0.5700643062591553
YIL082W-A,YOR035C,0,0.42735383,0.15064390003681183,0.9562737345695496,0.5701648592948914
YGR215W,YPL057C,0,0.42724046,0.15062135457992554,0.9562737345695496,0.5702653527259827
YMR047C,YIL168W,0,0.42708826,0.15059880912303925,0.9562737345695496,0.5703659057617188
YPR183W,YPR004C,0,0.42657125,0.15057626366615295,0.9562737345695496,0.5704663991928101
YLR332W,YER042W,0,0.42641976,0.15055373311042786,0.9562737345695496,0.5705669522285461
YDR311W,YJR044C,0,0.42610097,0.15053120255470276,0.9562737345695496,0.5706674456596375
YIL082W-A,YIL168W,0,0.42590445,0.15050867199897766,0.9562737345695496,0.5707679986953735
YKL101W,YDR208W,0,0.4253706,0.15048615634441376,0.9562737345695496,0.5708684921264648
YGL255W,YBR298C,0,0.4252978,0.15046365559101105,0.9562737345695496,0.5709690451622009
YJL116C,YDL025C,0,0.42526838,0.15044115483760834,0.9562737345695496,0.5710695385932922
YGL033W,YHR123W,0,0.424475,0.15041865408420563,0.9562737345695496,0.5711700916290283
YDR016C,YLL015W,0,0.4239817,0.1503961682319641,0.9562737345695496,0.5712705850601196
YLR069C,YPR124W,0,0.42384875,0.1503736972808838,0.9562737345695496,0.5713711380958557
YLR077W,YBR079C,0,0.42282453,0.15035121142864227,0.9562737345695496,0.571471631526947
YGR033C,YJR137C,0,0.42263466,0.15032875537872314,0.9562737345695496,0.5715721845626831
YNL126W,YJL204C,0,0.42262447,0.15030628442764282,0.9562737345695496,0.5716726779937744
YEL063C,YKL025C,0,0.42261305,0.1502838432788849,0.9562737345695496,0.5717732310295105
YBL040C,YLR368W,0,0.4225532,0.15026138722896576,0.9562737345695496,0.5718737244606018
YOR033C,YHR001W,0,0.42240608,0.15023894608020782,0.9562737345695496,0.5719742774963379
YBR293W,YBR044C,0,0.4210906,0.15021651983261108,0.9562737345695496,0.5720747709274292
YNL071W,YDR191W,0,0.41987872,0.15019409358501434,0.9562737345695496,0.5721753239631653
YGL254W,YDR538W,0,0.41962022,0.1501716673374176,0.9562737345695496,0.5722758173942566
YDL132W,YAR066W,0,0.41961458,0.15014925599098206,0.9562737345695496,0.5723763704299927
YDL188C,YGR206W,0,0.41930848,0.1501268446445465,0.9562737345695496,0.572476863861084
YLR174W,YKR018C,0,0.41896713,0.15010444819927216,0.9562737345695496,0.5725774168968201
YLR393W,YGL201C,0,0.4186119,0.1500820517539978,0.9562737345695496,0.5726779103279114
YLR378C,YNL256W,0,0.41796005,0.15005967020988464,0.9562737345695496,0.5727784633636475
YMR278W,YMR231W,0,0.41684073,0.15003728866577148,0.9562737345695496,0.5728789567947388
YJL092W,YBR110W,0,0.41681406,0.15001490712165833,0.9562737345695496,0.5729795098304749
YPR164W,YNL336W,0,0.41663653,0.14999254047870636,0.9562737345695496,0.5730800032615662
YJR095W,YDR363W,0,0.4166216,0.1499701887369156,0.9562737345695496,0.5731805562973022
YLL005C,YKL148C,0,0.4161487,0.14994783699512482,0.9562737345695496,0.5732810497283936
YDL049C,YPR121W,0,0.4157861,0.14992548525333405,0.9562737345695496,0.5733816027641296
YPL162C,YLR368W,0,0.41576028,0.14990314841270447,0.9562737345695496,0.573482096195221
YOL088C,YPR022C,0,0.41524768,0.1498808115720749,0.9562737345695496,0.573582649230957
YCL010C,YGL179C,0,0.41449434,0.1498584896326065,0.9562737345695496,0.5736831426620483
YAL055W,YAL009W,0,0.4143877,0.14983616769313812,0.9562737345695496,0.5737836956977844
YOR144C,YDL226C,0,0.41371208,0.14981384575366974,0.9562737345695496,0.5738841891288757
YDL207W,YLL028W,0,0.41354245,0.14979153871536255,0.9562737345695496,0.5739847421646118
YBL050W,YER054C,0,0.41315544,0.14976924657821655,0.9562737345695496,0.5740852355957031
YDR462W,YLL036C,0,0.41261572,0.14974695444107056,0.9562737345695496,0.5741857886314392
YPR058W,YGL032C,0,0.4122855,0.14972466230392456,0.9562737345695496,0.5742862820625305
YEL004W,YGR065C,0,0.41227967,0.14970238506793976,0.9562737345695496,0.5743868350982666
YJR014W,YBR221C,0,0.4122403,0.14968010783195496,0.9562737345695496,0.5744873285293579
YLR144C,YML062C,0,0.41165397,0.14965784549713135,0.9562737345695496,0.574587881565094
YOR118W,YIL066C,0,0.41143507,0.14963558316230774,0.9562737345695496,0.5746883749961853
YLR340W,YKR086W,0,0.4110322,0.14961332082748413,0.9562737345695496,0.5747889280319214
YNL139C,YLL039C,0,0.41026986,0.14959107339382172,0.9562737345695496,0.5748894214630127
YHR034C,YMR029C,0,0.40985376,0.1495688408613205,0.9562737345695496,0.5749899744987488
YLR336C,YDR180W,0,0.40968186,0.14954660832881927,0.9562737345695496,0.5750904679298401
YJL074C,YGL245W,0,0.40906426,0.14952437579631805,0.9562737345695496,0.5751910209655762
YIL131C,YBR204C,0,0.4078446,0.14950215816497803,0.9562737345695496,0.5752915143966675
YOL094C,YDR153C,0,0.40772614,0.149479940533638,0.9562737345695496,0.5753920674324036
YFL034C-B,YML118W,0,0.40700063,0.14945773780345917,0.9562737345695496,0.5754925608634949
YPL016W,YNL209W,0,0.40613964,0.14943553507328033,0.9562737345695496,0.5755930542945862
YOR149C,YDR084C,0,0.4059057,0.1494133323431015,0.9562737345695496,0.5756936073303223
YDR432W,YIL067C,0,0.404366,0.14939114451408386,0.9562737345695496,0.5757941007614136
YDL207W,YGR091W,0,0.4042907,0.14936897158622742,0.9562737345695496,0.5758946537971497
YOL115W,YNL003C,0,0.40335628,0.14934679865837097,0.9562737345695496,0.575995147228241
YPR075C,YKL084W,0,0.40329045,0.14932462573051453,0.9562737345695496,0.576095700263977
YBR126C,YGL023C,0,0.40288433,0.14930246770381927,0.9562737345695496,0.5761961936950684
YDR194C,YLR035C,0,0.40197656,0.14928030967712402,0.9562737345695496,0.5762967467308044
YIL066C,YOR028C,0,0.40185753,0.14925816655158997,0.9562737345695496,0.5763972401618958
YIL117C,YPL162C,0,0.4016929,0.1492360234260559,0.9562737345695496,0.5764977931976318
YPL275W,YPL046C,0,0.40166834,0.14921388030052185,0.9562737345695496,0.5765982866287231
YBL099W,YER124C,0,0.40148127,0.149191752076149,0.9562737345695496,0.5766988396644592
YKL125W,YFL053W,0,0.40139237,0.14916963875293732,0.9562737345695496,0.5767993330955505
YDR182W,YGR271C-A,0,0.40083236,0.14914751052856445,0.9562737345695496,0.5768998861312866
YHL022C,YPR185W,0,0.4002296,0.14912541210651398,0.9562737345695496,0.5770003795623779
YBR068C,YAL055W,0,0.39958245,0.1491032987833023,0.9562737345695496,0.577100932598114
YDR214W,YER124C,0,0.39940476,0.14908121526241302,0.9562737345695496,0.5772014260292053
YNL316C,YCR028C-A,0,0.39921248,0.14905911684036255,0.9562737345695496,0.5773019790649414
YPL164C,YJL047C,0,0.3989612,0.14903703331947327,0.9562737345695496,0.5774024724960327
YAL001C,YGL166W,0,0.39889827,0.14901496469974518,0.9562737345695496,0.5775030255317688
YKR045C,YJL014W,0,0.39861095,0.1489928960800171,0.9562737345695496,0.5776035189628601
YBR103W,YGL013C,0,0.39810574,0.148970827460289,0.9562737345695496,0.5777040719985962
YCR097W,YDL165W,0,0.39794657,0.1489487737417221,0.9562737345695496,0.5778045654296875
YAR066W,YBR104W,0,0.39722714,0.1489267200231552,0.9562737345695496,0.5779051184654236
YDR221W,YGL201C,0,0.39662278,0.1489046812057495,0.9562737345695496,0.5780056118965149
YNL014W,YIL044C,0,0.39653978,0.1488826423883438,0.9562737345695496,0.578106164932251
YJR137C,YPR004C,0,0.39299116,0.1488606035709381,0.9562737345695496,0.5782066583633423
YDR073W,YIL082W-A,0,0.39271772,0.1488385796546936,0.9562737345695496,0.5783072113990784
YDR006C,YDL004W,0,0.39269358,0.1488165706396103,0.9562737345695496,0.5784077048301697
YBL102W,YIL023C,0,0.3924287,0.14879456162452698,0.9562737345695496,0.5785082578659058
YCR067C,YDR186C,0,0.39232013,0.14877255260944366,0.9562737345695496,0.5786087512969971
YPL237W,YNL053W,0,0.39211658,0.14875055849552155,0.9562737345695496,0.5787093043327332
YDR147W,YBR008C,0,0.3902871,0.14872856438159943,0.9562737345695496,0.5788097977638245
YNR036C,YER018C,0,0.3902095,0.1487065851688385,0.9562737345695496,0.5789103507995605
YAR050W,YBR234C,0,0.3898034,0.14868460595607758,0.9562737345695496,0.5790108442306519
YJL050W,YJL014W,0,0.38937846,0.14866262674331665,0.9562737345695496,0.5791113972663879
YLR369W,YKL084W,0,0.38790023,0.14864066243171692,0.9562737345695496,0.5792118906974792
YLR376C,YMR029C,0,0.38715404,0.1486186981201172,0.9562737345695496,0.5793124437332153
YGL207W,YPR121W,0,0.38650697,0.14859674870967865,0.9562737345695496,0.5794129371643066
YJL207C,YOL058W,0,0.38573658,0.1485747992992401,0.9562737345695496,0.5795134902000427
YNR032W,YHR043C,0,0.385176,0.14855286478996277,0.9562737345695496,0.579613983631134
YNL021W,YNL229C,0,0.3846715,0.14853093028068542,0.9562737345695496,0.5797145366668701
YDR485C,YCL020W,0,0.38464123,0.14850901067256927,0.9562737345695496,0.5798150300979614
YGR157W,YML066C,0,0.3846039,0.14848709106445312,0.9562737345695496,0.5799155831336975
YGR152C,YOL034W,0,0.38454157,0.14846517145633698,0.9562737345695496,0.5800160765647888
YKL113C,YBR161W,0,0.38439253,0.14844326674938202,0.9562737345695496,0.5801166296005249
YGL001C,YML064C,0,0.38407934,0.14842136204242706,0.9562737345695496,0.5802171230316162
YDR354W,YBR204C,0,0.38379514,0.1483994722366333,0.9562737345695496,0.5803176760673523
YJL047C,YBR136W,0,0.3837789,0.14837758243083954,0.9562737345695496,0.5804181694984436
YDR293C,YKL222C,0,0.3825928,0.14835569262504578,0.9562737345695496,0.5805187225341797
YER119C,YGR041W,0,0.38247663,0.1483338177204132,0.9562737345695496,0.580619215965271
YDR142C,YHR203C,0,0.38177103,0.14831195771694183,0.9562737345695496,0.5807197690010071
YFR028C,YGR132C,0,0.38160944,0.14829009771347046,0.9562737345695496,0.5808202624320984
YGL043W,YEL046C,0,0.3811545,0.14826823770999908,0.9562737345695496,0.5809208154678345
YPL088W,YBR083W,0,0.38099256,0.1482463926076889,0.9562737345695496,0.5810213088989258
YGR152C,YDR180W,0,0.38015816,0.14822454750537872,0.9562737345695496,0.5811218619346619
YOR368W,YDL150W,0,0.37998402,0.14820271730422974,0.9562737345695496,0.5812223553657532
YPR094W,YBR098W,0,0.37903273,0.14818088710308075,0.9562737345695496,0.5813229084014893
YOR229W,YNL071W,0,0.37895054,0.14815905690193176,0.9562737345695496,0.5814234018325806
YPL047W,YGL175C,0,0.37871373,0.14813724160194397,0.9562737345695496,0.5815238952636719
YDL188C,YJR014W,0,0.3781649,0.14811542630195618,0.9562737345695496,0.581624448299408
YAL055W,YPR004C,0,0.37686333,0.14809362590312958,0.9562737345695496,0.5817249417304993
YBR215W,YPL012W,0,0.37605932,0.14807182550430298,0.9562737345695496,0.5818254947662354
YOL027C,YLR133W,0,0.37600127,0.14805004000663757,0.9562737345695496,0.5819259881973267
YCR008W,YBR154C,0,0.3757716,0.14802825450897217,0.9562737345695496,0.5820265412330627
YJL092W,YCR033W,0,0.3757428,0.14800646901130676,0.9562737345695496,0.582127034664154
YMR263W,YEL077C,0,0.37569764,0.14798469841480255,0.9562737345695496,0.5822275876998901
YGR166W,YMR199W,0,0.37503344,0.14796294271945953,0.9562737345695496,0.5823280811309814
YHL002W,YKL008C,0,0.37500042,0.14794117212295532,0.9562737345695496,0.5824286341667175
YGR096W,YDR156W,0,0.37458676,0.1479194164276123,0.9562737345695496,0.5825291275978088
YHR045W,YBL003C,0,0.37401456,0.14789767563343048,0.9562737345695496,0.5826296806335449
YFR044C,YKR085C,1,0.37385488,0.14802293479442596,0.9572243094444275,0.5826296806335449
YPL009C,YLR431C,0,0.37308687,0.14800117909908295,0.9572243094444275,0.5827301740646362
YIL023C,YOR064C,0,0.3728302,0.14797942340373993,0.9572243094444275,0.5828307271003723
YCR102C,YIL067C,0,0.37269458,0.1479576826095581,0.9572243094444275,0.5829312205314636
YBR216C,YIR033W,0,0.37266868,0.14793594181537628,0.9572243094444275,0.5830317735671997
YGL125W,YMR058W,0,0.3725097,0.14791421592235565,0.9572243094444275,0.583132266998291
YGR198W,YMR277W,0,0.3718791,0.14789249002933502,0.9572243094444275,0.5832328200340271
YPR061C,YNL321W,0,0.37184197,0.14787077903747559,0.9572243094444275,0.5833333134651184
YLR116W,YBR068C,0,0.37164345,0.14784906804561615,0.9572243094444275,0.5834338665008545
YLR166C,YGL131C,0,0.37109798,0.1478273570537567,0.9572243094444275,0.5835343599319458
YOR178C,YER170W,0,0.3709734,0.14780566096305847,0.9572243094444275,0.5836349129676819
YPL009C,YMR104C,0,0.37057588,0.14778397977352142,0.9572243094444275,0.5837354063987732
YDL181W,YMR199W,0,0.37057078,0.14776228368282318,0.9572243094444275,0.5838359594345093
YKL071W,YDR540C,0,0.3704512,0.14774061739444733,0.9572243094444275,0.5839364528656006
YLR205C,YKL018W,0,0.3690205,0.14771893620491028,0.9572243094444275,0.5840370059013367
YDL207W,YPL118W,0,0.36799014,0.14769726991653442,0.9572243094444275,0.584137499332428
YPR079W,YNL093W,0,0.36754182,0.14767561852931976,0.9572243094444275,0.5842380523681641
YKR080W,YGL179C,0,0.36751795,0.1476539522409439,0.9572243094444275,0.5843385457992554
YPR058W,YHR065C,0,0.3665527,0.14763231575489044,0.9572243094444275,0.5844390988349915
YCR017C,YLR424W,0,0.36653802,0.14761066436767578,0.9572243094444275,0.5845395922660828
YGL086W,YPL046C,0,0.36653268,0.1475890427827835,0.9572243094444275,0.5846401453018188
YBR056W,YLR035C,0,0.36597264,0.14756740629673004,0.9572243094444275,0.5847406387329102
YIR028W,YML062C,0,0.36559612,0.14754578471183777,0.9572243094444275,0.5848411917686462
YMR030W,YJR088C,0,0.36518526,0.1475241780281067,0.9572243094444275,0.5849416851997375
YDR020C,YBR127C,0,0.3648271,0.14750255644321442,0.9572243094444275,0.5850422382354736
YCR017C,YGR172C,0,0.36478,0.14748096466064453,0.9572243094444275,0.5851427316665649
YJR086W,YFL034C-A,0,0.3646557,0.14745935797691345,0.9572243094444275,0.585243284702301
YDR191W,YMR052W,0,0.36393768,0.14743778109550476,0.9572243094444275,0.5853437781333923
YFR009W,YNL005C,1,0.36385664,0.14756257832050323,0.9581748843193054,0.5853437781333923
YCR079W,YHL018W,0,0.3637944,0.14754098653793335,0.9581748843193054,0.5854443311691284
YIR022W,YCR097W,0,0.36365557,0.14751939475536346,0.9581748843193054,0.5855448246002197
YOL091W,YKL209C,0,0.36364526,0.14749780297279358,0.9581748843193054,0.5856453776359558
YKL176C,YIL103W,0,0.36261827,0.1474762260913849,0.9581748843193054,0.5857458710670471
YLL036C,YJL036W,0,0.36258388,0.1474546492099762,0.9581748843193054,0.5858464241027832
YOR144C,YEL055C,0,0.3623258,0.1474330872297287,0.9581748843193054,0.5859469175338745
YER157W,YLL036C,0,0.3609166,0.1474115252494812,0.9581748843193054,0.5860474705696106
YJL184W,YNL058C,0,0.36045253,0.1473899632692337,0.9581748843193054,0.5861479640007019
YPR025C,YDL150W,0,0.3603226,0.1473684161901474,0.9581748843193054,0.586248517036438
YOR229W,YGL047W,0,0.3601339,0.1473468840122223,0.9581748843193054,0.5863490104675293
YDR489W,YKR024C,0,0.358694,0.147325336933136,0.9581748843193054,0.5864495635032654
YOL044W,YEL009C,0,0.3577146,0.14730381965637207,0.9581748843193054,0.5865500569343567
YJR043C,YDL213C,0,0.3572343,0.14728228747844696,0.9581748843193054,0.5866506099700928
YMR014W,YNL254C,0,0.35721493,0.14726077020168304,0.9581748843193054,0.5867511034011841
YCR067C,YDR316W,0,0.35710144,0.14723926782608032,0.9581748843193054,0.5868516564369202
YGR049W,YGR166W,0,0.35677162,0.1472177654504776,0.9581748843193054,0.5869521498680115
YDL005C,YEL071W,0,0.35571623,0.14719626307487488,0.9581748843193054,0.5870527029037476
YMR288W,YDR143C,0,0.35521054,0.14717477560043335,0.9581748843193054,0.5871531963348389
YLR233C,YKL120W,0,0.35430366,0.14715328812599182,0.9581748843193054,0.5872536897659302
YBR200W,YBR201W,0,0.3536973,0.1471318006515503,0.9581748843193054,0.5873542428016663
YGR074W,YDR488C,0,0.3536228,0.14711032807826996,0.9581748843193054,0.5874547362327576
YPL024W,YBR104W,0,0.35331348,0.14708887040615082,0.9581748843193054,0.5875552892684937
YMR293C,YDL155W,0,0.35267818,0.14706741273403168,0.9581748843193054,0.587655782699585
YDL005C,YMR266W,0,0.3526286,0.14704595506191254,0.9581748843193054,0.587756335735321
YIL131C,YHR001W,0,0.3522278,0.1470244973897934,0.9581748843193054,0.5878568291664124
YPL118W,YOR198C,0,0.3520873,0.14700306951999664,0.9581748843193054,0.5879573822021484
YOR190W,YBR293W,0,0.35188627,0.1469816267490387,0.9581748843193054,0.5880578756332397
YDR191W,YMR014W,0,0.35117072,0.14696019887924194,0.9581748843193054,0.5881584286689758
YPL032C,YJR159W,0,0.34997892,0.1469387710094452,0.9581748843193054,0.5882589221000671
YLR174W,YHR143W-A,0,0.34966373,0.14691735804080963,0.9581748843193054,0.5883594751358032
YPL237W,YDR346C,0,0.34929964,0.14689594507217407,0.9581748843193054,0.5884599685668945
YCR071C,YPL023C,0,0.34818769,0.1468745470046997,0.9581748843193054,0.5885605216026306
YBR098W,YNL097C,0,0.34809023,0.14685314893722534,0.9581748843193054,0.5886610150337219
YDR485C,YMR199W,0,0.34756526,0.14683175086975098,0.9581748843193054,0.588761568069458
YDL079C,YIR028W,0,0.34639734,0.1468103677034378,0.9581748843193054,0.5888620615005493
YER078C,YOR190W,0,0.34589732,0.14678898453712463,0.9581748843193054,0.5889626145362854
YGL033W,YOR368W,0,0.3457892,0.14676761627197266,0.9581748843193054,0.5890631079673767
YER146W,YGL245W,0,0.34555057,0.14674624800682068,0.9581748843193054,0.5891636610031128
YLR135W,YAL009W,0,0.34493613,0.1467248946428299,0.9581748843193054,0.5892641544342041
YBL097W,YDR489W,0,0.3447189,0.1467035412788391,0.9581748843193054,0.5893647074699402
YIL158W,YEL004W,0,0.34442413,0.14668218791484833,0.9581748843193054,0.5894652009010315
YNL125C,YGL013C,0,0.3441297,0.14666084945201874,0.9581748843193054,0.5895657539367676
YHR063C,YPL108W,0,0.3439544,0.14663951098918915,0.9581748843193054,0.5896662473678589
YBR235W,YIL063C,0,0.34332848,0.14661818742752075,0.9581748843193054,0.589766800403595
YJL123C,YLR009W,1,0.34283465,0.1467422991991043,0.9591254591941833,0.589766800403595
YDL104C,YDL201W,0,0.3425241,0.14672096073627472,0.9591254591941833,0.5898672938346863
YMR197C,YPL265W,0,0.34203887,0.14669962227344513,0.9591254591941833,0.5899678468704224
YGR023W,YPL045W,0,0.34173882,0.14667829871177673,0.9591254591941833,0.5900683403015137
YJL050W,YNR069C,0,0.3410129,0.14665697515010834,0.9591254591941833,0.5901688933372498
YNL209W,YPL012W,0,0.34021953,0.14663566648960114,0.9591254591941833,0.5902693867683411
YGL184C,YLR070C,0,0.33983603,0.14661435782909393,0.9591254591941833,0.5903699398040771
YGR257C,YLL052C,0,0.33980632,0.14659304916858673,0.9591254591941833,0.5904704332351685
YNL106C,YDL014W,0,0.33807886,0.14657175540924072,0.9591254591941833,0.5905709862709045
YJR159W,YOR125C,0,0.33647662,0.1465504765510559,0.9591254591941833,0.5906714797019958
YJL123C,YHR021C,1,0.33643934,0.14667440950870514,0.9600760340690613,0.5906714797019958
YCR089W,YNL097C,0,0.33567357,0.14665311574935913,0.9600760340690613,0.5907720327377319
YDR338C,YFL052W,0,0.3343981,0.14663182199001312,0.9600760340690613,0.5908725261688232
YGL022W,YDL165W,0,0.33435464,0.1466105431318283,0.9600760340690613,0.5909730792045593
YHL007C,YFL034C-A,0,0.3338183,0.1465892642736435,0.9600760340690613,0.5910735726356506
YNR056C,YDR214W,0,0.33365145,0.14656798541545868,0.9600760340690613,0.5911741256713867
YLR424W,YLR229C,0,0.33359376,0.14654672145843506,0.9600760340690613,0.591274619102478
YJR159W,YMR244C-A,0,0.33335313,0.14652545750141144,0.9600760340690613,0.5913751721382141
YBL040C,YBR110W,0,0.333059,0.146504208445549,0.9600760340690613,0.5914756655693054
YLR297W,YFL003C,0,0.33248675,0.14648295938968658,0.9600760340690613,0.5915762186050415
YBR083W,YOR312C,0,0.33236307,0.14646171033382416,0.9600760340690613,0.5916767120361328
YDR216W,YPL162C,0,0.33174896,0.14644047617912292,0.9600760340690613,0.5917772650718689
YDR348C,YER006W,0,0.33173507,0.14641925692558289,0.9600760340690613,0.5918777585029602
YBL040C,YDL239C,0,0.33161867,0.14639802277088165,0.9600760340690613,0.5919783115386963
YKL113C,YOR017W,0,0.33160377,0.1463768184185028,0.9600760340690613,0.5920788049697876
YHR112C,YER122C,0,0.3311447,0.14635559916496277,0.9600760340690613,0.5921793580055237
YDR354W,YFR055W,0,0.33113843,0.14633439481258392,0.9600760340690613,0.592279851436615
YKL107W,YLR133W,0,0.3310332,0.14631319046020508,0.9600760340690613,0.5923804044723511
YBR186W,YPL066W,0,0.33096135,0.14629200100898743,0.9600760340690613,0.5924808979034424
YCR102C,YNR026C,0,0.3307637,0.14627081155776978,0.9600760340690613,0.5925814509391785
YOR149C,YBL045C,0,0.33074504,0.14624963700771332,0.9600760340690613,0.5926819443702698
YDL159W,YKL107W,0,0.3302254,0.14622846245765686,0.9600760340690613,0.5927824974060059
YBL045C,YPL158C,0,0.3294515,0.1462073028087616,0.9600760340690613,0.5928829908370972
YBR293W,YPL008W,0,0.32868987,0.14618612825870514,0.9600760340690613,0.5929835438728333
YDR155C,YFL034C-A,0,0.3279084,0.14616498351097107,0.9600760340690613,0.5930840373039246
YFL050C,YJL036W,0,0.3276615,0.1461438238620758,0.9600760340690613,0.5931845307350159
YGR186W,YCL020W,0,0.3271981,0.14612267911434174,0.9600760340690613,0.593285083770752
YLR372W,YGR261C,0,0.32674366,0.14610154926776886,0.9600760340690613,0.5933855772018433
YHR123W,YGL055W,0,0.32587633,0.14608041942119598,0.9600760340690613,0.5934861302375793
YOR196C,YOR367W,0,0.32550615,0.1460592895746231,0.9600760340690613,0.5935866236686707
YIL040W,YBR008C,0,0.32498667,0.14603817462921143,0.9600760340690613,0.5936871767044067
YER035W,YOL075C,0,0.32465136,0.14601705968379974,0.9600760340690613,0.593787670135498
YGR227W,YGR013W,0,0.32458866,0.14599595963954926,0.9600760340690613,0.5938882231712341
YAL061W,YIR010W,0,0.32384148,0.14597484469413757,0.9600760340690613,0.5939887166023254
YBL050W,YIL131C,0,0.32362533,0.14595375955104828,0.9600760340690613,0.5940892696380615
YBL006C,YOL068C,0,0.32341927,0.14593267440795898,0.9600760340690613,0.5941897630691528
YPR140W,YPR004C,0,0.32272035,0.1459115892648697,0.9600760340690613,0.5942903161048889
YDR113C,YOR205C,0,0.32224268,0.1458905041217804,0.9600760340690613,0.5943908095359802
YHR134W,YGR140W,0,0.32217115,0.1458694338798523,0.9600760340690613,0.5944913625717163
YMR052W,YNL275W,0,0.32116213,0.1458483785390854,0.9600760340690613,0.5945918560028076
YDL153C,YKL160W,0,0.32092607,0.14582732319831848,0.9600760340690613,0.5946924090385437
YDR184C,YGR023W,0,0.32090387,0.14580626785755157,0.9600760340690613,0.594792902469635
YFR044C,YOR375C,0,0.32065195,0.14578521251678467,0.9600760340690613,0.5948934555053711
YOR284W,YHR001W,0,0.32053342,0.14576418697834015,0.9600760340690613,0.5949939489364624
YDR119W,YER042W,0,0.32044247,0.14574314653873444,0.9600760340690613,0.5950945019721985
YCL038C,YOL068C,0,0.3203419,0.14572212100028992,0.9600760340690613,0.5951949954032898
YPL053C,YOR141C,0,0.31929237,0.1457010954618454,0.9600760340690613,0.5952955484390259
YJR091C,YGL086W,0,0.31924316,0.14568008482456207,0.9600760340690613,0.5953960418701172
YJL209W,YDL004W,0,0.31897247,0.14565907418727875,0.9600760340690613,0.5954965949058533
YOR118W,YLR178C,0,0.3183722,0.14563806354999542,0.9600760340690613,0.5955970883369446
YCR069W,YIL114C,0,0.3174458,0.1456170678138733,0.9600760340690613,0.5956976413726807
YGL207W,YIR010W,0,0.31736612,0.14559607207775116,0.9600760340690613,0.595798134803772
YNL014W,YBR104W,0,0.31725317,0.14557509124279022,0.9600760340690613,0.5958986878395081
YBR203W,YGR068C,0,0.31710255,0.14555411040782928,0.9600760340690613,0.5959991812705994
YGL001C,YIR033W,0,0.3166229,0.14553314447402954,0.9600760340690613,0.5960997343063354
YPR065W,YDR264C,0,0.31554672,0.1455121785402298,0.9600760340690613,0.5962002277374268
YGR198W,YMR083W,0,0.31442538,0.14549121260643005,0.9600760340690613,0.5963007807731628
YER144C,YEL042W,0,0.31433362,0.1454702615737915,0.9600760340690613,0.5964012742042542
YOR149C,YAR066W,0,0.31419742,0.14544931054115295,0.9600760340690613,0.5965018272399902
YPL128C,YEL047C,0,0.31409925,0.1454283595085144,0.9600760340690613,0.5966023206710815
YOL097C,YCL020W,0,0.313397,0.14540742337703705,0.9600760340690613,0.5967028737068176
YFL034C-A,YEL047C,1,0.31311566,0.14553044736385345,0.9610266089439392,0.5967028737068176
YGL184C,YOR178C,0,0.31280166,0.1455094963312149,0.9610266089439392,0.5968033671379089
YLR174W,YNL097C,0,0.3124194,0.14548856019973755,0.9610266089439392,0.596903920173645
YAR003W,YGR206W,0,0.31220505,0.1454676240682602,0.9610266089439392,0.5970044136047363
YIL117C,YCR073C,0,0.3108551,0.14544670283794403,0.9610266089439392,0.5971049666404724
YIL041W,YGR166W,0,0.31071228,0.14542578160762787,0.9610266089439392,0.5972054600715637
YKR045C,YGR280C,0,0.30977127,0.1454048603773117,0.9610266089439392,0.5973060131072998
YDL052C,YDR488C,0,0.3093923,0.14538395404815674,0.9610266089439392,0.5974065065383911
YNL088W,YHL018W,0,0.3093404,0.14536304771900177,0.9610266089439392,0.5975070595741272
YJR095W,YNL225C,0,0.30915105,0.145342156291008,0.9610266089439392,0.5976075530052185
YEL004W,YFR004W,0,0.30914223,0.14532126486301422,0.9610266089439392,0.5977081060409546
YOR056C,YLR399C,0,0.30867365,0.14530037343502045,0.9610266089439392,0.5978085994720459
YKL049C,YPL170W,0,0.30759162,0.14527949690818787,0.9610266089439392,0.597909152507782
YBR210W,YLR453C,0,0.30741835,0.14525862038135529,0.9610266089439392,0.5980096459388733
YDL155W,YFR009W,0,0.30740675,0.1452377587556839,0.9610266089439392,0.5981101989746094
YFL050C,YNL037C,0,0.30730683,0.1452168971300125,0.9610266089439392,0.5982106924057007
YGR049W,YCR024C-A,0,0.30608472,0.14519603550434113,0.9610266089439392,0.5983112454414368
YNL197C,YGL054C,0,0.30608058,0.14517518877983093,0.9610266089439392,0.5984117388725281
YMR162C,YPR065W,0,0.30534023,0.14515434205532074,0.9610266089439392,0.5985122919082642
YPL045W,YNL058C,0,0.30522293,0.14513351023197174,0.9610266089439392,0.5986127853393555
YAR050W,YOR128C,0,0.3050864,0.14511267840862274,0.9610266089439392,0.5987133383750916
YNL082W,YML029W,0,0.3049525,0.14509184658527374,0.9610266089439392,0.5988138318061829
YLR132C,YMR293C,0,0.3042696,0.14507102966308594,0.9610266089439392,0.5989143252372742
YPL283C,YKL221W,0,0.30424875,0.14505021274089813,0.9610266089439392,0.5990148782730103
YMR021C,YMR134W,0,0.30411518,0.14502941071987152,0.9610266089439392,0.5991153717041016
YGR287C,YIL067C,0,0.30409747,0.1450086086988449,0.9610266089439392,0.5992159247398376
YOR033C,YKL167C,0,0.30360407,0.1449878066778183,0.9610266089439392,0.599316418170929
YPR164W,YPL118W,0,0.30341676,0.14496701955795288,0.9610266089439392,0.599416971206665
YLR424W,YKL139W,0,0.3021388,0.14494623243808746,0.9610266089439392,0.5995174646377563
YPR075C,YGR284C,0,0.30212277,0.14492546021938324,0.9610266089439392,0.5996180176734924
YML019W,YML058W,0,0.3014535,0.14490468800067902,0.9610266089439392,0.5997185111045837
YML126C,YPL230W,0,0.3011819,0.1448839157819748,0.9610266089439392,0.5998190641403198
YOR064C,YLR341W,0,0.30114806,0.14486315846443176,0.9610266089439392,0.5999195575714111
YBR019C,YBR161W,0,0.3008975,0.14484240114688873,0.9610266089439392,0.6000201106071472
YPL003W,YIL067C,0,0.30026984,0.1448216587305069,0.9610266089439392,0.6001206040382385
YCR027C,YOR360C,0,0.30023217,0.14480091631412506,0.9610266089439392,0.6002211570739746
YNL254C,YGL153W,0,0.30018926,0.14478017389774323,0.9610266089439392,0.6003216505050659
YJR067C,YDR480W,0,0.29978645,0.14475944638252258,0.9610266089439392,0.600422203540802
YJR047C,YDR017C,0,0.2996925,0.14473871886730194,0.9610266089439392,0.6005226969718933
YDL079C,YMR305C,0,0.2994989,0.1447180062532425,0.9610266089439392,0.6006232500076294
YLR332W,YPL008W,0,0.29929876,0.14469729363918304,0.9610266089439392,0.6007237434387207
YFL034C-B,YLR095C,0,0.29914895,0.1446765810251236,0.9610266089439392,0.6008242964744568
YOR073W,YDR409W,0,0.29892853,0.14465588331222534,0.9610266089439392,0.6009247899055481
YJL014W,YOR077W,0,0.2987976,0.14463520050048828,0.9610266089439392,0.6010253429412842
YOL110W,YLL054C,0,0.29852802,0.14461450278759003,0.9610266089439392,0.6011258363723755
YGL086W,YOR153W,0,0.2974425,0.14459381997585297,0.9610266089439392,0.6012263894081116
YCR042C,YML001W,0,0.2973981,0.1445731371641159,0.9610266089439392,0.6013268828392029
YLR376C,YCL030C,0,0.29720026,0.14455246925354004,0.9610266089439392,0.601427435874939
YNL305C,YFL003C,0,0.29675874,0.14453180134296417,0.9610266089439392,0.6015279293060303
YOR307C,YHR143W-A,0,0.29674473,0.1445111483335495,0.9610266089439392,0.6016284823417664
YOL006C,YER035W,0,0.29640567,0.14449049532413483,0.9610266089439392,0.6017289757728577
YBR103W,YKL112W,0,0.29549077,0.14446984231472015,0.9610266089439392,0.6018295288085938
YDL092W,YBR167C,0,0.2950172,0.14444920420646667,0.9610266089439392,0.6019300222396851
YPL016W,YPL232W,0,0.2947663,0.1444285660982132,0.9610266089439392,0.6020305752754211
YBR216C,YIL010W,0,0.29472473,0.1444079428911209,0.9610266089439392,0.6021310687065125
YNL097C,YMR083W,0,0.29412207,0.14438731968402863,0.9610266089439392,0.6022316217422485
YGR231C,YLR319C,0,0.29205292,0.14436669647693634,0.9610266089439392,0.6023321151733398
YOR094W,YDR538W,0,0.2915635,0.14434608817100525,0.9610266089439392,0.6024326682090759
YOR205C,YGL012W,0,0.29125196,0.14432547986507416,0.9610266089439392,0.6025331616401672
YGR257C,YLR242C,0,0.29096967,0.14430488646030426,0.9610266089439392,0.6026337146759033
YNL125C,YIL168W,0,0.29067042,0.14428429305553436,0.9610266089439392,0.6027342081069946
YML111W,YBL100W-A,0,0.28920573,0.14426369965076447,0.9610266089439392,0.6028347611427307
YDR043C,YMR216C,0,0.2878666,0.14424312114715576,0.9610266089439392,0.602935254573822
YHR079C-A,YDL194W,0,0.28695226,0.14422254264354706,0.9610266089439392,0.6030358076095581
YHL009C,YPR185W,0,0.28686765,0.14420196413993835,0.9610266089439392,0.6031363010406494
YJL076W,YGL054C,0,0.28584406,0.14418140053749084,0.9610266089439392,0.6032368540763855
YPL241C,YPR201W,0,0.28544438,0.14416083693504333,0.9610266089439392,0.6033373475074768
YKL091C,YNL327W,0,0.28535315,0.14414028823375702,0.9610266089439392,0.6034379005432129
YLR272C,YNL014W,0,0.2853528,0.1441197395324707,0.9610266089439392,0.6035383939743042
YBR186W,YDL052C,0,0.28525287,0.14409920573234558,0.9610266089439392,0.6036389470100403
YBR179C,YNL058C,0,0.28508547,0.14407867193222046,0.9610266089439392,0.6037394404411316
YPR181C,YOR083W,0,0.28481334,0.14405813813209534,0.9610266089439392,0.6038399934768677
YDR113C,YPL249C-A,0,0.2841783,0.1440376192331314,0.9610266089439392,0.603940486907959
YPL024W,YJL154C,0,0.2838063,0.14401710033416748,0.9610266089439392,0.6040410399436951
YNL252C,YLR378C,0,0.28336072,0.14399658143520355,0.9610266089439392,0.6041415333747864
YBR200W,YIL105C,0,0.28294805,0.14397607743740082,0.9610266089439392,0.6042420864105225
YNR049C,YLR089C,0,0.28246623,0.14395557343959808,0.9610266089439392,0.6043425798416138
YHL022C,YLR070C,0,0.28194535,0.14393508434295654,0.9610266089439392,0.6044431328773499
YKR045C,YKL208W,0,0.28185955,0.143914595246315,0.9610266089439392,0.6045436263084412
YGL002W,YOR367W,0,0.28176293,0.14389410614967346,0.9610266089439392,0.6046441793441772
YDR058C,YLR319C,0,0.2815246,0.14387363195419312,0.9610266089439392,0.6047446727752686
YBR103W,YKR060W,0,0.27946666,0.14385315775871277,0.9610266089439392,0.6048451662063599
YOR255W,YER042W,0,0.27924022,0.14383269846439362,0.9610266089439392,0.604945719242096
YFL018C,YOR214C,0,0.27759758,0.14381223917007446,0.9610266089439392,0.6050462126731873
YDL212W,YCR048W,0,0.2773742,0.1437917798757553,0.9610266089439392,0.6051467657089233
YHL013C,YBR135W,0,0.27659446,0.14377133548259735,0.9610266089439392,0.6052472591400146
YLR205C,YKL092C,0,0.27632678,0.1437508910894394,0.9610266089439392,0.6053478121757507
YBL046W,YGL022W,0,0.27583528,0.14373044669628143,0.9610266089439392,0.605448305606842
YER048C,YNL087W,0,0.27565953,0.14371001720428467,0.9610266089439392,0.6055488586425781
YNR056C,YER166W,0,0.27554604,0.1436896026134491,0.9610266089439392,0.6056493520736694
YOL091W,YHR026W,0,0.27488816,0.14366917312145233,0.9610266089439392,0.6057499051094055
YNL275W,YNL254C,0,0.27479073,0.14364875853061676,0.9610266089439392,0.6058503985404968
YLR405W,YJR137C,0,0.27439076,0.14362835884094238,0.9610266089439392,0.6059509515762329
YGR023W,YBR201W,0,0.27425593,0.143607959151268,0.9610266089439392,0.6060514450073242
YOL008W,YNL270C,0,0.27282882,0.14358755946159363,0.9610266089439392,0.6061519980430603
YBR229C,YHR045W,0,0.27210563,0.14356717467308044,0.9610266089439392,0.6062524914741516
YGL124C,YMR277W,0,0.2720524,0.14354678988456726,0.9610266089439392,0.6063530445098877
YHR176W,YMR083W,0,0.2710663,0.14352640509605408,0.9610266089439392,0.606453537940979
YDL178W,YBR136W,0,0.27043504,0.1435060352087021,0.9610266089439392,0.6065540909767151
YKR060W,YDR017C,0,0.2689042,0.1434856653213501,0.9610266089439392,0.6066545844078064
YMR164C,YKL065C,0,0.268441,0.1434653103351593,0.9610266089439392,0.6067551374435425
YJL151C,YGL257C,0,0.26840746,0.1434449553489685,0.9610266089439392,0.6068556308746338
YPL009C,YER141W,0,0.26823324,0.1434246003627777,0.9610266089439392,0.6069561839103699
YGL044C,YIR008C,0,0.26693034,0.1434042602777481,0.9610266089439392,0.6070566773414612
YNL082W,YOR122C,0,0.2663897,0.1433839201927185,0.9610266089439392,0.6071572303771973
YGR091W,YBR135W,0,0.2662019,0.1433635801076889,0.9610266089439392,0.6072577238082886
YJL115W,YGR041W,0,0.26592928,0.1433432549238205,0.9610266089439392,0.6073582768440247
YJR088C,YNL229C,0,0.26557466,0.14332294464111328,0.9610266089439392,0.607458770275116
YBR018C,YGR172C,0,0.26504022,0.14330261945724487,0.9610266089439392,0.607559323310852
YDR538W,YIL031W,0,0.2650004,0.14328230917453766,0.9610266089439392,0.6076598167419434
YKL086W,YJR159W,0,0.26482332,0.14326201379299164,0.9610266089439392,0.6077603697776794
YHL018W,YOR140W,0,0.26465192,0.14324171841144562,0.9610266089439392,0.6078608632087708
YDR214W,YGL100W,0,0.26331875,0.1432214230298996,0.9610266089439392,0.6079614162445068
YAL047C,YPL015C,0,0.2633151,0.14320112764835358,0.9610266089439392,0.6080619096755981
YKL220C,YIL168W,0,0.2632384,0.14318084716796875,0.9610266089439392,0.6081624627113342
YDR446W,YML022W,0,0.26198396,0.14316058158874512,0.9610266089439392,0.6082629561424255
YLR240W,YFL009W,0,0.2616923,0.14314031600952148,0.9610266089439392,0.6083635091781616
YDL156W,YLL028W,0,0.26147345,0.14312005043029785,0.9610266089439392,0.6084640026092529
YOR144C,YER042W,0,0.26062733,0.14309978485107422,0.9610266089439392,0.608564555644989
YKR087C,YOL130W,0,0.25981197,0.14307953417301178,0.9610266089439392,0.6086650490760803
YOL006C,YBR070C,0,0.25965968,0.14305928349494934,0.9610266089439392,0.6087656021118164
YIL063C,YDR225W,0,0.2593215,0.1430390477180481,0.9610266089439392,0.6088660955429077
YOR017W,YNL312W,0,0.25896853,0.14301881194114685,0.9610266089439392,0.6089666485786438
YGL086W,YGL011C,0,0.25895166,0.1429985910654068,0.9610266089439392,0.6090671420097351
YDR538W,YNL003C,0,0.25861034,0.14297835528850555,0.9610266089439392,0.6091676950454712
YDR016C,YGR065C,0,0.25841784,0.1429581493139267,0.9610266089439392,0.6092681884765625
YMR143W,YJL028W,1,0.2576978,0.14307931065559387,0.9619771838188171,0.6092681884765625
YLR138W,YLR069C,0,0.25758606,0.14305908977985382,0.9619771838188171,0.6093687415122986
YBR171W,YPL003W,0,0.2574715,0.14303886890411377,0.9619771838188171,0.6094692349433899
YPL088W,YPR056W,0,0.25678247,0.14301864802837372,0.9619771838188171,0.609569787979126
YML118W,YLR308W,0,0.25603652,0.14299844205379486,0.9619771838188171,0.6096702814102173
YKL213C,YOL006C,0,0.25593072,0.142978236079216,0.9619771838188171,0.6097708344459534
YGR023W,YHL022C,0,0.2551335,0.14295804500579834,0.9619771838188171,0.6098713278770447
YOR339C,YGL044C,0,0.2549353,0.14293785393238068,0.9619771838188171,0.6099718809127808
YOL060C,YFR004W,0,0.25469148,0.142917662858963,0.9619771838188171,0.6100723743438721
YJL159W,YMR154C,0,0.25467402,0.14289748668670654,0.9619771838188171,0.6101729273796082
YLR116W,YKR042W,0,0.25452793,0.14287731051445007,0.9619771838188171,0.6102734208106995
YFR042W,YNR032W,0,0.25397247,0.1428571492433548,0.9619771838188171,0.6103739738464355
YER069W,YDR051C,0,0.2534529,0.14283697307109833,0.9619771838188171,0.6104744672775269
YDL178W,YCR079W,0,0.253255,0.14281682670116425,0.9619771838188171,0.6105749607086182
YGL086W,YNL245C,0,0.25310004,0.14279666543006897,0.9619771838188171,0.6106755137443542
YMR268C,YHR152W,0,0.25302047,0.1427765190601349,0.9619771838188171,0.6107760071754456
YJR017C,YNL270C,0,0.25223476,0.142756387591362,0.9619771838188171,0.6108765602111816
YNL064C,YDR291W,0,0.25193164,0.14273624122142792,0.9619771838188171,0.610977053642273
YJL074C,YAL061W,0,0.25170165,0.14271612465381622,0.9619771838188171,0.611077606678009
YDR225W,YBR227C,0,0.25133318,0.14269599318504333,0.9619771838188171,0.6111781001091003
YAL001C,YOL148C,0,0.25100437,0.14267587661743164,0.9619771838188171,0.6112786531448364
YOL113W,YOL068C,0,0.25073543,0.14265576004981995,0.9619771838188171,0.6113791465759277
YOL088C,YKL139W,0,0.24886847,0.14263565838336945,0.9619771838188171,0.6114796996116638
YHR072W,YPL008W,0,0.2484724,0.14261555671691895,0.9619771838188171,0.6115801930427551
YLL028W,YNL087W,0,0.2482053,0.14259546995162964,0.9619771838188171,0.6116807460784912
YOL075C,YOR005C,0,0.24806863,0.14257536828517914,0.9619771838188171,0.6117812395095825
YMR058W,YFL002C,0,0.24764958,0.14255529642105103,0.9619771838188171,0.6118817925453186
YDR339C,YKL139W,0,0.24734753,0.14253520965576172,0.9619771838188171,0.6119822859764099
YER019W,YHR018C,0,0.24692553,0.1425151377916336,0.9619771838188171,0.612082839012146
YLR034C,YMR113W,0,0.24678718,0.1424950659275055,0.9619771838188171,0.6121833324432373
YDR408C,YNL099C,0,0.24620596,0.14247500896453857,0.9619771838188171,0.6122838854789734
YDR221W,YKL222C,0,0.24598299,0.14245495200157166,0.9619771838188171,0.6123843789100647
YPL152W,YIL122W,0,0.24538115,0.14243490993976593,0.9619771838188171,0.6124849319458008
YPL268W,YMR189W,0,0.24503964,0.1424148678779602,0.9619771838188171,0.6125854253768921
YKL096W,YML010W,0,0.24414352,0.14239482581615448,0.9619771838188171,0.6126859784126282
YLR336C,YKL160W,0,0.24319416,0.14237478375434875,0.9619771838188171,0.6127864718437195
YLR320W,YDR198C,0,0.24261871,0.14235475659370422,0.9619771838188171,0.6128870248794556
YMR283C,YKR065C,0,0.24253565,0.1423347443342209,0.9619771838188171,0.6129875183105469
YGR203W,YPL230W,0,0.24201834,0.14231471717357635,0.9619771838188171,0.613088071346283
YNL241C,YHR176W,0,0.24194899,0.1422947198152542,0.9619771838188171,0.6131885647773743
YLR069C,YDR186C,0,0.24185899,0.14227470755577087,0.9619771838188171,0.6132891178131104
YDL066W,YBR110W,0,0.24174675,0.14225471019744873,0.9619771838188171,0.6133896112442017
YMR283C,YOL130W,0,0.24137454,0.1422347128391266,0.9619771838188171,0.6134901642799377
YGL224C,YKL055C,0,0.24104604,0.14221473038196564,0.9619771838188171,0.613590657711029
YBR018C,YGL044C,0,0.24073455,0.1421947479248047,0.9619771838188171,0.6136912107467651
YKL049C,YOR033C,0,0.24009281,0.14217476546764374,0.9619771838188171,0.6137917041778564
YIR028W,YIL067C,0,0.23987935,0.14215479791164398,0.9619771838188171,0.6138922572135925
YHR063C,YBR221C,0,0.23839079,0.14213483035564423,0.9619771838188171,0.6139927506446838
YDR182W,YKL008C,0,0.2380226,0.14211487770080566,0.9619771838188171,0.6140933036804199
YMR291W,YOR188W,0,0.2379466,0.1420949101448059,0.9619771838188171,0.6141937971115112
YGR132C,YKR046C,0,0.23738405,0.14207497239112854,0.9619771838188171,0.6142943501472473
YKR018C,YNL058C,0,0.23736982,0.14205501973628998,0.9619771838188171,0.6143948435783386
YGL001C,YPL227C,0,0.2367205,0.1420350819826126,0.9619771838188171,0.6144953966140747
YGR049W,YEL055C,0,0.23650724,0.14201515913009644,0.9619771838188171,0.614595890045166
YDL049C,YNR063W,0,0.23620622,0.14199523627758026,0.9619771838188171,0.6146964430809021
YDR162C,YJR077C,0,0.23543333,0.1419753134250641,0.9619771838188171,0.6147969365119934
YOL088C,YKL146W,0,0.2334176,0.1419553905725479,0.9619771838188171,0.6148974895477295
YPR061C,YKL101W,0,0.23300333,0.14193548262119293,0.9619771838188171,0.6149979829788208
YDR488C,YNL197C,0,0.23283812,0.14191557466983795,0.9619771838188171,0.6150985360145569
YGL002W,YLR003C,0,0.23259795,0.14189568161964417,0.9619771838188171,0.6151990294456482
YDR180W,YOR003W,0,0.23126489,0.14187578856945038,0.9619771838188171,0.6152995824813843
YCR042C,YER122C,0,0.22912905,0.1418558955192566,0.9619771838188171,0.6154000759124756
YJL042W,YOR197W,0,0.22866625,0.141836017370224,0.9619771838188171,0.6155006289482117
YBR103W,YBR236C,0,0.22838947,0.1418161392211914,0.9619771838188171,0.615601122379303
YPL241C,YMR305C,0,0.22772138,0.14179627597332,0.9619771838188171,0.6157016754150391
YBR216C,YDR538W,0,0.22741902,0.1417764127254486,0.9619771838188171,0.6158021688461304
YKL184W,YOR375C,0,0.22711372,0.1417565494775772,0.9619771838188171,0.6159027218818665
YHR112C,YGL043W,0,0.2259913,0.141736701130867,0.9619771838188171,0.6160032153129578
YGR275W,YJR125C,0,0.22469157,0.1417168527841568,0.9619771838188171,0.6161037683486938
YGR275W,YJL209W,0,0.22465685,0.1416970044374466,0.9619771838188171,0.6162042617797852
YBR258C,YGL208W,0,0.22465448,0.14167717099189758,0.9619771838188171,0.6163047552108765
YDR214W,YJL154C,0,0.22449084,0.14165733754634857,0.9619771838188171,0.6164053082466125
YDR339C,YIR008C,0,0.22441049,0.14163750410079956,0.9619771838188171,0.6165058016777039
YNL014W,YJL122W,1,0.22383888,0.14175762236118317,0.9629277586936951,0.6165058016777039
YNL072W,YLR034C,0,0.22274238,0.14173778891563416,0.9629277586936951,0.6166063547134399
YDR051C,YML065W,0,0.2224253,0.14171797037124634,0.9629277586936951,0.6167068481445312
YGL145W,YNL035C,0,0.2218829,0.14169813692569733,0.9629277586936951,0.6168074011802673
YCR023C,YLR421C,0,0.22170155,0.1416783183813095,0.9629277586936951,0.6169078946113586
YHR143W-A,YEL071W,0,0.22136466,0.14165851473808289,0.9629277586936951,0.6170084476470947
YBR236C,YDR264C,0,0.22104281,0.14163869619369507,0.9629277586936951,0.617108941078186
YMR278W,YBR227C,0,0.21916236,0.14161890745162964,0.9629277586936951,0.6172094941139221
YDR147W,YLR210W,0,0.21902439,0.14159910380840302,0.9629277586936951,0.6173099875450134
YNL329C,YBR110W,0,0.2180472,0.14157931506633759,0.9629277586936951,0.6174105405807495
YGL011C,YBR004C,0,0.21776912,0.14155952632427216,0.9629277586936951,0.6175110340118408
YML064C,YDR485C,0,0.21607247,0.14153975248336792,0.9629277586936951,0.6176115870475769
YMR014W,YOR007C,0,0.21585819,0.14151997864246368,0.9629277586936951,0.6177120804786682
YJL099W,YOL027C,0,0.21557862,0.14150020480155945,0.9629277586936951,0.6178126335144043
YDL025C,YKL221W,0,0.21544124,0.1414804458618164,0.9629277586936951,0.6179131269454956
YMR047C,YHR050W,0,0.21506602,0.14146068692207336,0.9629277586936951,0.6180136799812317
YKR018C,YOL044W,0,0.21500126,0.14144094288349152,0.9629277586936951,0.618114173412323
YHR018C,YHR166C,0,0.2132763,0.14142119884490967,0.9629277586936951,0.6182147264480591
YKL084W,YNL279W,0,0.21268578,0.14140145480632782,0.9629277586936951,0.6183152198791504
YKL086W,YBR110W,0,0.21159074,0.14138171076774597,0.9629277586936951,0.6184157729148865
YOR210W,YOL044W,0,0.2111778,0.14136198163032532,0.9629277586936951,0.6185162663459778
YKL222C,YGR054W,1,0.21079403,0.14148178696632385,0.963878333568573,0.6185162663459778
YHR091C,YOR178C,0,0.21035707,0.1414620578289032,0.963878333568573,0.6186168193817139
YOL094C,YEL077C,0,0.20999333,0.14144231379032135,0.963878333568573,0.6187173128128052
YJR064W,YMR277W,0,0.20928739,0.1414225995540619,0.963878333568573,0.6188178658485413
YGL001C,YNL186W,0,0.20889981,0.14140287041664124,0.963878333568573,0.6189183592796326
YKR022C,YOR339C,0,0.20793879,0.14138315618038177,0.963878333568573,0.6190189123153687
YOL034W,YDR264C,0,0.2078924,0.14136344194412231,0.963878333568573,0.61911940574646
YHR063C,YKL018W,0,0.20722443,0.14134374260902405,0.963878333568573,0.619219958782196
YCR027C,YNL124W,0,0.20707007,0.14132404327392578,0.963878333568573,0.6193204522132874
YBR216C,YOR125C,0,0.20696968,0.14130434393882751,0.963878333568573,0.6194210052490234
YGR247W,YCL011C,0,0.2066221,0.14128465950489044,0.963878333568573,0.6195214986801147
YHR134W,YKL163W,0,0.20558465,0.14126497507095337,0.963878333568573,0.6196220517158508
YKL213C,YBR039W,0,0.20541683,0.1412453055381775,0.963878333568573,0.6197225451469421
YOR190W,YHR016C,0,0.20518827,0.14122562110424042,0.963878333568573,0.6198230981826782
YCR079W,YHR094C,0,0.20430994,0.14120596647262573,0.963878333568573,0.6199235916137695
YCR066W,YGL047W,0,0.20406409,0.14118629693984985,0.963878333568573,0.6200241446495056
YER124C,YMR260C,0,0.20380664,0.14116664230823517,0.963878333568573,0.6201246380805969
YDR522C,YLR066W,0,0.20360604,0.14114698767662048,0.963878333568573,0.620225191116333
YLR069C,YOR360C,0,0.20287122,0.141127347946167,0.963878333568573,0.6203256845474243
YNL075W,YPL008W,0,0.20235097,0.1411077082157135,0.963878333568573,0.6204262375831604
YJR043C,YKL127W,0,0.20182386,0.14108806848526,0.963878333568573,0.6205267310142517
YPR121W,YMR162C,0,0.20044012,0.1410684436559677,0.963878333568573,0.6206272840499878
YPL275W,YLR178C,0,0.20025212,0.14104881882667542,0.963878333568573,0.6207277774810791
YNL257C,YJL099W,0,0.1998089,0.1410292088985443,0.963878333568573,0.6208283305168152
YGR048W,YPL275W,0,0.19974801,0.1410095989704132,0.963878333568573,0.6209288239479065
YIR035C,YHR043C,0,0.19955571,0.1409899890422821,0.963878333568573,0.6210293769836426
YDR051C,YPL128C,0,0.19935937,0.1409703940153122,0.963878333568573,0.6211298704147339
YNR023W,YDR348C,0,0.19896063,0.14095079898834229,0.963878333568573,0.62123042345047
YFR009W,YHL020C,0,0.19889945,0.14093120396137238,0.963878333568573,0.6213309168815613
YGL022W,YML072C,0,0.19793373,0.14091162383556366,0.963878333568573,0.6214314699172974
YIL121W,YPL072W,0,0.19788204,0.14089204370975494,0.963878333568573,0.6215319633483887
YER078C,YDR291W,0,0.19748847,0.14087246358394623,0.963878333568573,0.6216325163841248
YBL042C,YOR336W,0,0.19746472,0.1408528983592987,0.963878333568573,0.6217330098152161
YML046W,YOL137W,0,0.19746293,0.14083333313465118,0.963878333568573,0.6218335628509521
YGL099W,YPL255W,0,0.19721119,0.14081378281116486,0.963878333568573,0.6219340562820435
YKL211C,YBL019W,0,0.19662508,0.14079421758651733,0.963878333568573,0.6220346093177795
YLR310C,YGR109C,0,0.19549118,0.1407746821641922,0.963878333568573,0.6221351027488708
YBR126C,YOL089C,0,0.19492196,0.14075513184070587,0.963878333568573,0.6222355961799622
YNR051C,YOR077W,0,0.19432305,0.14073559641838074,0.963878333568573,0.6223361492156982
YHR191C,YFR009W,0,0.19378568,0.1407160758972168,0.963878333568573,0.6224366426467896
YFR042W,YIL031W,0,0.1930688,0.14069654047489166,0.963878333568573,0.6225371956825256
YGL124C,YCR088W,0,0.1925253,0.14067701995372772,0.963878333568573,0.6226376891136169
YNL090W,YNR032W,0,0.19141656,0.14065751433372498,0.963878333568573,0.622738242149353
YIL049W,YKL084W,0,0.18983394,0.14063800871372223,0.963878333568573,0.6228387355804443
YBL066C,YGL077C,0,0.18975204,0.14061850309371948,0.963878333568573,0.6229392886161804
YJL209W,YOL060C,0,0.18925162,0.14059899747371674,0.963878333568573,0.6230397820472717
YPL110C,YPL012W,1,0.18924439,0.14071814715862274,0.9648289084434509,0.6230397820472717
YPR018W,YNL326C,0,0.18878545,0.14069864153862,0.9648289084434509,0.6231403350830078
YAL042W,YLL010C,0,0.18841983,0.14067913591861725,0.9648289084434509,0.6232408285140991
YCR102C,YIL097W,0,0.18604052,0.1406596451997757,0.9648289084434509,0.6233413815498352
YMR226C,YOR019W,1,0.18526071,0.14077872037887573,0.9657794833183289,0.6233413815498352
YDR117C,YDR283C,1,0.18518007,0.1408977508544922,0.9667300581932068,0.6233413815498352
YNL125C,YHR032W,0,0.18508585,0.14087824523448944,0.9667300581932068,0.6234418749809265
YOL119C,YNL083W,0,0.18487197,0.1408587247133255,0.9667300581932068,0.6235424280166626
YOR005C,YGL012W,0,0.18439351,0.14083921909332275,0.9667300581932068,0.6236429214477539
YLR262C,YCR034W,0,0.18356116,0.14081971347332,0.9667300581932068,0.62374347448349
YKL160W,YOR100C,0,0.18337981,0.14080022275447845,0.9667300581932068,0.6238439679145813
YOR033C,YMR283C,0,0.1829557,0.1407807320356369,0.9667300581932068,0.6239445209503174
YAR050W,YKR065C,0,0.18290143,0.14076124131679535,0.9667300581932068,0.6240450143814087
YOL113W,YDR409W,0,0.18273851,0.140741765499115,0.9667300581932068,0.6241455674171448
YAR014C,YCR003W,0,0.1819999,0.14072228968143463,0.9667300581932068,0.6242460608482361
YMR058W,YML014W,0,0.181827,0.14070282876491547,0.9667300581932068,0.6243466138839722
YCR043C,YDL161W,0,0.18172535,0.1406833529472351,0.9667300581932068,0.6244471073150635
YNL002C,YEL020C,0,0.18143913,0.14066390693187714,0.9667300581932068,0.6245476603507996
YPR183W,YDR307W,0,0.18128389,0.14064444601535797,0.9667300581932068,0.6246481537818909
YNL082W,YPR112C,0,0.18090664,0.140625,0.9667300581932068,0.624748706817627
YER054C,YGR240C,0,0.18069002,0.14060555398464203,0.9667300581932068,0.6248492002487183
YNL300W,YPR101W,0,0.17998141,0.14058612287044525,0.9667300581932068,0.6249497532844543
YOL075C,YIL122W,0,0.17949383,0.14056669175624847,0.9667300581932068,0.6250502467155457
YGR068C,YNL272C,0,0.17913148,0.1405472606420517,0.9667300581932068,0.6251507997512817
YLR071C,YGL012W,0,0.1786375,0.1405278444290161,0.9667300581932068,0.625251293182373
YJL122W,YDR206W,0,0.17839114,0.14050842821598053,0.9667300581932068,0.6253518462181091
YBR290W,YDL042C,0,0.1780478,0.14048901200294495,0.9667300581932068,0.6254523396492004
YER018C,YEL071W,0,0.17788519,0.14046961069107056,0.9667300581932068,0.6255528926849365
YDR058C,YJL014W,0,0.1778804,0.14045020937919617,0.9667300581932068,0.6256533861160278
YHR007C,YLR242C,0,0.17454785,0.14043082296848297,0.9667300581932068,0.6257539391517639
YDR339C,YPL181W,0,0.17385754,0.14041143655776978,0.9667300581932068,0.6258544325828552
YKR042W,YEL003W,0,0.17272869,0.14039205014705658,0.9667300581932068,0.6259549856185913
YIL063C,YPR094W,0,0.17011252,0.14037266373634338,0.9667300581932068,0.6260554790496826
YJL177W,YEL071W,0,0.16982563,0.14035329222679138,0.9667300581932068,0.6261560320854187
YHR039C,YKL120W,0,0.16977161,0.14033393561840057,0.9667300581932068,0.62625652551651
YMR263W,YIL082W-A,0,0.16963646,0.14031456410884857,0.9667300581932068,0.6263570785522461
YMR283C,YHR018C,0,0.16948853,0.14029520750045776,0.9667300581932068,0.6264575719833374
YGR157W,YFL024C,0,0.16937,0.14027586579322815,0.9667300581932068,0.6265581250190735
YHR188C,YDR394W,0,0.1691331,0.14025650918483734,0.9667300581932068,0.6266586184501648
YGR186W,YGL065C,0,0.16910312,0.14023718237876892,0.9667300581932068,0.6267591714859009
YPL055C,YLR089C,0,0.16891089,0.1402178406715393,0.9667300581932068,0.6268596649169922
YOR329C,YOL148C,0,0.16768086,0.1401985138654709,0.9667300581932068,0.6269602179527283
YJL050W,YDR264C,0,0.16742164,0.14017918705940247,0.9667300581932068,0.6270607113838196
YNL257C,YER018C,0,0.16740592,0.14015986025333405,0.9667300581932068,0.6271612644195557
YDR084C,YOL148C,0,0.16720583,0.14014054834842682,0.9667300581932068,0.627261757850647
YIL085C,YJL014W,0,0.16689995,0.1401212513446808,0.9667300581932068,0.6273623108863831
YBR126C,YMR083W,0,0.16639411,0.14010193943977356,0.9667300581932068,0.6274628043174744
YDR480W,YML075C,0,0.16518033,0.14008264243602753,0.9667300581932068,0.6275633573532104
YPR061C,YNL327W,0,0.16477618,0.1400633454322815,0.9667300581932068,0.6276638507843018
YDR432W,YBL100W-A,0,0.16336758,0.14004406332969666,0.9667300581932068,0.6277644038200378
YKR067W,YCR017C,0,0.16319919,0.14002478122711182,0.9667300581932068,0.6278648972511292
YML046W,YML001W,0,0.16280684,0.14000551402568817,0.9667300581932068,0.6279653906822205
YJL116C,YPR165W,0,0.1612488,0.13998623192310333,0.9667300581932068,0.6280659437179565
YOR178C,YMR134W,0,0.16123709,0.1399669647216797,0.9667300581932068,0.6281664371490479
YNL305C,YJR017C,0,0.1612289,0.13994771242141724,0.9667300581932068,0.6282669901847839
YGR215W,YDL010W,0,0.16030237,0.13992846012115479,0.9667300581932068,0.6283674836158752
YCL020W,YIL168W,0,0.15956412,0.13990920782089233,0.9667300581932068,0.6284680366516113
YPR009W,YFR044C,0,0.15928575,0.13988995552062988,0.9667300581932068,0.6285685300827026
YJL076W,YOR214C,0,0.15774392,0.13987071812152863,0.9667300581932068,0.6286690831184387
YBL099W,YOR339C,0,0.15734723,0.13985148072242737,0.9667300581932068,0.62876957654953
YNL300W,YIL091C,0,0.15732592,0.1398322582244873,0.9667300581932068,0.6288701295852661
YDR155C,YOL089C,0,0.1572018,0.13981303572654724,0.9667300581932068,0.6289706230163574
YGL208W,YAR003W,0,0.15694106,0.13979381322860718,0.9667300581932068,0.6290711760520935
YHR134W,YMR283C,0,0.15685464,0.1397746056318283,0.9667300581932068,0.6291716694831848
YBL016W,YMR067C,0,0.15612873,0.13975539803504944,0.9667300581932068,0.6292722225189209
YLR262C,YJR113C,0,0.15541232,0.13973619043827057,0.9667300581932068,0.6293727159500122
YDL079C,YOR231W,0,0.15468778,0.1397169977426529,0.9667300581932068,0.6294732689857483
YPL158C,YNL279W,0,0.1543464,0.13969780504703522,0.9667300581932068,0.6295737624168396
YJR056C,YDR237W,0,0.15375799,0.13967861235141754,0.9667300581932068,0.6296743154525757
YLR297W,YDR016C,0,0.15295209,0.13965943455696106,0.9667300581932068,0.629774808883667
YDR408C,YML114C,0,0.15286191,0.13964025676250458,0.9667300581932068,0.6298753619194031
YNL087W,YPL015C,0,0.15257539,0.1396210938692093,0.9667300581932068,0.6299758553504944
YOR141C,YJR144W,0,0.15242228,0.1396019160747528,0.9667300581932068,0.6300764083862305
YNL321W,YDR409W,0,0.15119404,0.1395827680826187,0.9667300581932068,0.6301769018173218
YLR077W,YOR083W,0,0.15031487,0.13956360518932343,0.9667300581932068,0.6302774548530579
YGR261C,YDR198C,0,0.15010092,0.13954445719718933,0.9667300581932068,0.6303779482841492
YJL093C,YIL050W,0,0.1495028,0.13952530920505524,0.9667300581932068,0.6304785013198853
YCL040W,YOL130W,0,0.1490013,0.13950617611408234,0.9667300581932068,0.6305789947509766
YBL046W,YDR541C,0,0.1485194,0.13948704302310944,0.9667300581932068,0.6306795477867126
YER039C,YMR092C,0,0.14769468,0.13946790993213654,0.9667300581932068,0.630780041217804
YPR075C,YER124C,0,0.14713293,0.13944879174232483,0.9667300581932068,0.63088059425354
YBR203W,YNL315C,0,0.14703277,0.13942967355251312,0.9667300581932068,0.6309810876846313
YOL075C,YGR172C,0,0.14585909,0.13941055536270142,0.9667300581932068,0.6310816407203674
YOL119C,YLR355C,0,0.14540161,0.1393914520740509,0.9667300581932068,0.6311821341514587
YBR290W,YML072C,0,0.14513056,0.1393723487854004,0.9667300581932068,0.6312826871871948
YOR196C,YKL018W,0,0.1448517,0.13935324549674988,0.9667300581932068,0.6313831806182861
YLR240W,YNL275W,0,0.14379597,0.13933415710926056,0.9667300581932068,0.6314837336540222
YKL025C,YFR051C,0,0.14310493,0.13931506872177124,0.9667300581932068,0.6315842270851135
YJL091C,YGL179C,0,0.14275646,0.13929598033428192,0.9667300581932068,0.6316847801208496
YKL049C,YLR424W,0,0.14273944,0.1392769068479538,0.9667300581932068,0.6317852735519409
YDR266C,YGL044C,0,0.14271224,0.13925783336162567,0.9667300581932068,0.631885826587677
YBR019C,YDR156W,0,0.14265843,0.13923877477645874,0.9667300581932068,0.6319863200187683
YGL131C,YKL221W,0,0.14251103,0.1392197161912918,0.9667300581932068,0.6320868730545044
YNL053W,YOR245C,0,0.14228983,0.13920065760612488,0.9667300581932068,0.6321873664855957
YJL063C,YCR027C,0,0.14216733,0.13918161392211914,0.9667300581932068,0.6322879195213318
YJL207C,YPL008W,0,0.14032139,0.1391625553369522,0.9667300581932068,0.6323884129524231
YOR231W,YHR034C,0,0.14014852,0.13914352655410767,0.9667300581932068,0.6324889659881592
YLR393W,YDL161W,0,0.14000322,0.13912448287010193,0.9667300581932068,0.6325894594192505
YNL224C,YAL009W,0,0.13984391,0.13910545408725739,0.9667300581932068,0.6326900124549866
YOR229W,YDR316W,0,0.13940175,0.13908644020557404,0.9667300581932068,0.6327905058860779
YDL207W,YPL275W,0,0.13928439,0.1390674114227295,0.9667300581932068,0.632891058921814
YDR354W,YIL129C,0,0.13916534,0.13904839754104614,0.9667300581932068,0.6329915523529053
YNR026C,YKR045C,0,0.13825825,0.139029398560524,0.9667300581932068,0.6330921053886414
YLR320W,YIL099W,0,0.13801819,0.13901038467884064,0.9667300581932068,0.6331925988197327
YBL016W,YOR017W,0,0.13640639,0.13899138569831848,0.9667300581932068,0.6332931518554688
YML001W,YIL050W,0,0.13626362,0.13897240161895752,0.9667300581932068,0.6333936452865601
YMR263W,YOL016C,0,0.13589168,0.13895340263843536,0.9667300581932068,0.6334941983222961
YCL030C,YDR186C,0,0.13588575,0.1389344334602356,0.9667300581932068,0.6335946917533875
YDR097C,YLR095C,0,0.13582905,0.13891544938087463,0.9667300581932068,0.6336952447891235
YNL064C,YLR378C,0,0.13579701,0.13889648020267487,0.9667300581932068,0.6337957382202148
YCL026C-A,YGL055W,0,0.13567317,0.1388775110244751,0.9667300581932068,0.6338962316513062
YBL042C,YPR058W,0,0.13503915,0.13885854184627533,0.9667300581932068,0.6339967846870422
YBR083W,YKR025W,0,0.1346903,0.13883958756923676,0.9667300581932068,0.6340972781181335
YJL051W,YNL075W,0,0.13401607,0.13882063329219818,0.9667300581932068,0.6341978311538696
YIR007W,YCR073C,0,0.1338499,0.1388016939163208,0.9667300581932068,0.6342983245849609
YLR274W,YNL097C,0,0.13381127,0.13878275454044342,0.9667300581932068,0.634398877620697
YGR186W,YGL133W,0,0.13291794,0.13876381516456604,0.9667300581932068,0.6344993710517883
YNL316C,YOR293W,0,0.1326262,0.13874489068984985,0.9667300581932068,0.6345999240875244
YJL028W,YDR147W,0,0.13244043,0.13872595131397247,0.9667300581932068,0.6347004175186157
YOR321W,YPL008W,0,0.13131955,0.13870704174041748,0.9667300581932068,0.6348009705543518
YPR183W,YHL022C,0,0.1308303,0.1386881172657013,0.9667300581932068,0.6349014639854431
YML062C,YLL042C,0,0.13003558,0.1386692076921463,0.9667300581932068,0.6350020170211792
YBR199W,YDR352W,0,0.1297395,0.1386503130197525,0.9667300581932068,0.6351025104522705
YJR044C,YKL012W,0,0.12932304,0.1386314034461975,0.9667300581932068,0.6352030634880066
YPR025C,YGL047W,0,0.12834112,0.1386125087738037,0.9667300581932068,0.6353035569190979
YBR019C,YPR165W,0,0.12817241,0.1385936290025711,0.9667300581932068,0.635404109954834
YMR288W,YML019W,0,0.12793416,0.1385747343301773,0.9667300581932068,0.6355046033859253
YCR008W,YGR065C,0,0.12724261,0.1385558545589447,0.9667300581932068,0.6356051564216614
YAR014C,YGL133W,0,0.12700185,0.1385369896888733,0.9667300581932068,0.6357056498527527
YJL145W,YPR165W,0,0.12553787,0.13851810991764069,0.9667300581932068,0.6358062028884888
YPL081W,YOL113W,0,0.12542184,0.13849924504756927,0.9667300581932068,0.6359066963195801
YNL053W,YGR249W,0,0.12507027,0.13848039507865906,0.9667300581932068,0.6360072493553162
YKL092C,YOR198C,0,0.124932975,0.13846154510974884,0.9667300581932068,0.6361077427864075
YHR034C,YOR188W,0,0.12442508,0.13844269514083862,0.9667300581932068,0.6362082958221436
YFL052W,YFL008W,0,0.12425712,0.1384238451719284,0.9667300581932068,0.6363087892532349
YOR035C,YOL021C,0,0.12331398,0.13840501010417938,0.9667300581932068,0.636409342288971
YDR142C,YJL051W,0,0.12324351,0.13838617503643036,0.9667300581932068,0.6365098357200623
YKL208W,YKR018C,0,0.122992605,0.13836733996868134,0.9667300581932068,0.6366103887557983
YNL254C,YPL190C,0,0.122520536,0.1383485198020935,0.9667300581932068,0.6367108821868896
YBR088C,YDR484W,0,0.12242155,0.13832969963550568,0.9667300581932068,0.6368114352226257
YOL027C,YMR134W,0,0.12154262,0.13831089437007904,0.9667300581932068,0.636911928653717
YDL002C,YEL003W,0,0.12134136,0.1382920891046524,0.9667300581932068,0.6370124816894531
YDL212W,YDL226C,0,0.12133457,0.13827328383922577,0.9667300581932068,0.6371129751205444
YDR155C,YIL044C,0,0.121031046,0.13825449347496033,0.9667300581932068,0.6372135281562805
YOR202W,YNL326C,0,0.12036291,0.1382356882095337,0.9667300581932068,0.6373140215873718
YHR216W,YPL265W,0,0.12014736,0.13821691274642944,0.9667300581932068,0.6374145746231079
YDR506C,YHR001W,0,0.11982837,0.138198122382164,0.9667300581932068,0.6375150680541992
YHR216W,YKL112W,0,0.11969039,0.13817934691905975,0.9667300581932068,0.6376156210899353
YNL072W,YLR084C,0,0.11945155,0.1381605714559555,0.9667300581932068,0.6377161145210266
YMR288W,YMR277W,0,0.119395226,0.13814181089401245,0.9667300581932068,0.6378166675567627
YBR302C,YLR310C,0,0.11887734,0.1381230503320694,0.9667300581932068,0.637917160987854
YLR035C,YER073W,0,0.118246526,0.13810428977012634,0.9667300581932068,0.6380177140235901
YLR393W,YDR324C,0,0.11777602,0.13808554410934448,0.9667300581932068,0.6381182074546814
YDR349C,YPL084W,0,0.117635936,0.13806679844856262,0.9667300581932068,0.6382187604904175
YKR013W,YOR100C,0,0.11644119,0.13804805278778076,0.9667300581932068,0.6383192539215088
YDR485C,YGR121C,0,0.11600974,0.1380293220281601,0.9667300581932068,0.6384198069572449
YDR058C,YJL050W,0,0.115864545,0.13801059126853943,0.9667300581932068,0.6385203003883362
YDR346C,YLR272C,0,0.115342736,0.13799186050891876,0.9667300581932068,0.6386208534240723
YGR240C,YPR121W,0,0.113853365,0.1379731446504593,0.9667300581932068,0.6387213468551636
YDL010W,YOR375C,0,0.1138373,0.13795442879199982,0.9667300581932068,0.6388218998908997
YOR128C,YGL008C,0,0.11371374,0.13793571293354034,0.9667300581932068,0.638922393321991
YOL001W,YGR092W,0,0.11349073,0.13791701197624207,0.9667300581932068,0.639022946357727
YEL011W,YHR178W,0,0.113438934,0.1378983110189438,0.9667300581932068,0.6391234397888184
YNL072W,YPL020C,0,0.112920344,0.1378796100616455,0.9667300581932068,0.6392239928245544
YBR253W,YDR307W,0,0.112400085,0.13786092400550842,0.9667300581932068,0.6393244862556458
YGR096W,YFL031W,0,0.11161509,0.13784223794937134,0.9667300581932068,0.6394250392913818
YNR032W,YJL154C,0,0.11039975,0.13782355189323425,0.9667300581932068,0.6395255327224731
YOL094C,YLR406C,0,0.11037311,0.13780488073825836,0.9667300581932068,0.6396260261535645
YIL162W,YKL176C,0,0.109781474,0.13778620958328247,0.9667300581932068,0.6397265791893005
YDR162C,YDR354W,0,0.10879308,0.13776753842830658,0.9667300581932068,0.6398270726203918
YDL014W,YNL270C,0,0.10876304,0.13774888217449188,0.9667300581932068,0.6399276256561279
YGR033C,YER021W,0,0.108392954,0.13773022592067719,0.9667300581932068,0.6400281190872192
YFL003C,YIL097W,0,0.10798362,0.13771158456802368,0.9667300581932068,0.6401286721229553
YNL072W,YKL107W,0,0.10773662,0.13769292831420898,0.9667300581932068,0.6402291655540466
YNL002C,YNL272C,0,0.10670674,0.13767428696155548,0.9667300581932068,0.6403297185897827
YJR144W,YOR198C,0,0.10647383,0.13765566051006317,0.9667300581932068,0.640430212020874
YHR191C,YER001W,0,0.105681986,0.13763703405857086,0.9667300581932068,0.6405307650566101
YBR126C,YNL169C,0,0.10518694,0.13761840760707855,0.9667300581932068,0.6406312584877014
YJR056C,YDR084C,0,0.104782075,0.13759978115558624,0.9667300581932068,0.6407318115234375
YLR070C,YML069W,0,0.10279226,0.13758116960525513,0.9667300581932068,0.6408323049545288
YML114C,YLR424W,0,0.1017701,0.137562558054924,0.9667300581932068,0.6409328579902649
YKL160W,YDL201W,0,0.10073638,0.1375439614057541,0.9667300581932068,0.6410333514213562
YPL162C,YNL152W,0,0.10070497,0.13752534985542297,0.9667300581932068,0.6411339044570923
YIL041W,YJL116C,0,0.09991604,0.13750675320625305,0.9667300581932068,0.6412343978881836
YAR003W,YEL004W,0,0.09978914,0.13748817145824432,0.9667300581932068,0.6413349509239197
YAL009W,YGR289C,0,0.0989086,0.1374695897102356,0.9667300581932068,0.641435444355011
YDR163W,YNL279W,0,0.09835237,0.13745100796222687,0.9667300581932068,0.6415359973907471
YJR064W,YBR135W,0,0.09798646,0.13743242621421814,0.9667300581932068,0.6416364908218384
YHL018W,YGR280C,0,0.09690738,0.1374138593673706,0.9667300581932068,0.6417370438575745
YDR191W,YPR094W,0,0.09656459,0.13739529252052307,0.9667300581932068,0.6418375372886658
YHL009C,YMR199W,0,0.096058935,0.13737674057483673,0.9667300581932068,0.6419380903244019
YBL004W,YMR113W,0,0.09593597,0.1373581886291504,0.9667300581932068,0.6420385837554932
YNR023W,YJR152W,0,0.0955762,0.13733963668346405,0.9667300581932068,0.6421391367912292
YOL008W,YMR014W,0,0.0952934,0.1373210847377777,0.9667300581932068,0.6422396302223206
YDL147W,YGL175C,0,0.09472352,0.13730254769325256,0.9667300581932068,0.6423401832580566
YDR363W,YKL012W,0,0.09462282,0.13728401064872742,0.9667300581932068,0.642440676689148
YCR027C,YGR247W,0,0.09436515,0.13726548850536346,0.9667300581932068,0.642541229724884
YNL300W,YBR073W,0,0.09423062,0.1372469663619995,0.9667300581932068,0.6426417231559753
YOR149C,YPR082C,0,0.093746394,0.13722844421863556,0.9667300581932068,0.6427422761917114
YGR256W,YDL122W,0,0.093720675,0.1372099369764328,0.9667300581932068,0.6428427696228027
YMR266W,YER018C,0,0.093423665,0.13719141483306885,0.9667300581932068,0.6429433226585388
YDR258C,YPR022C,0,0.09335703,0.13717292249202728,0.9667300581932068,0.6430438160896301
YGL048C,YML075C,0,0.093251586,0.13715441524982452,0.9667300581932068,0.6431443691253662
YDR191W,YDR020C,0,0.09321183,0.13713592290878296,0.9667300581932068,0.6432448625564575
YGL166W,YDR477W,0,0.09306204,0.1371174305677414,0.9667300581932068,0.6433454155921936
YDR538W,YFL003C,0,0.092930466,0.13709895312786102,0.9667300581932068,0.6434459090232849
YOL110W,YLR453C,0,0.09169769,0.13708047568798065,0.9667300581932068,0.643546462059021
YIL082W-A,YGL012W,0,0.09013584,0.13706199824810028,0.9667300581932068,0.6436469554901123
YBR179C,YPL187W,0,0.08999321,0.1370435208082199,0.9667300581932068,0.6437475085258484
YCR088W,YGR284C,0,0.0896613,0.13702505826950073,0.9667300581932068,0.6438480019569397
YPL024W,YOR295W,0,0.0895707,0.13700659573078156,0.9667300581932068,0.6439485549926758
YOL068C,YLR355C,0,0.0893127,0.13698814809322357,0.9667300581932068,0.6440490484237671
YMR011W,YDR163W,0,0.08916244,0.1369697004556656,0.9667300581932068,0.6441496014595032
YOL148C,YOR375C,0,0.08909103,0.1369512528181076,0.9667300581932068,0.6442500948905945
YGL043W,YCR088W,0,0.08833447,0.13693282008171082,0.9667300581932068,0.6443506479263306
YGR247W,YKL193C,0,0.088137746,0.13691437244415283,0.9667300581932068,0.6444511413574219
YOL091W,YJR077C,0,0.08791685,0.13689595460891724,0.9667300581932068,0.644551694393158
YOR077W,YIL017C,0,0.08780867,0.13687752187252045,0.9667300581932068,0.6446521878242493
YNL090W,YOL113W,0,0.08772886,0.13685910403728485,0.9667300581932068,0.6447527408599854
YIL121W,YHL020C,0,0.08740899,0.13684068620204926,0.9667300581932068,0.6448532342910767
YML111W,YGR261C,0,0.08737296,0.13682228326797485,0.9667300581932068,0.6449537873268127
YNL169C,YBL003C,0,0.08603883,0.13680388033390045,0.9667300581932068,0.645054280757904
YPR075C,YIL122W,0,0.08571929,0.13678547739982605,0.9667300581932068,0.6451548337936401
YGR038W,YGR195W,0,0.0856902,0.13676707446575165,0.9667300581932068,0.6452553272247314
YOL021C,YDL239C,0,0.08554876,0.13674868643283844,0.9667300581932068,0.6453558206558228
YEL034W,YLR423C,0,0.08519429,0.13673029839992523,0.9667300581932068,0.6454563736915588
YEL060C,YLR362W,0,0.08448917,0.13671192526817322,0.9667300581932068,0.6455568671226501
YOL146W,YER073W,0,0.08443788,0.1366935521364212,0.9667300581932068,0.6456574201583862
YPL032C,YKL222C,0,0.08396879,0.1366751790046692,0.9667300581932068,0.6457579135894775
YNL254C,YEL004W,0,0.083881676,0.13665680587291718,0.9667300581932068,0.6458584666252136
YMR277W,YJR017C,0,0.08376235,0.13663844764232635,0.9667300581932068,0.6459589600563049
YNR023W,YFR009W,0,0.0830645,0.13662008941173553,0.9667300581932068,0.646059513092041
YNL220W,YNL093W,0,0.08226955,0.1366017460823059,0.9667300581932068,0.6461600065231323
YOL113W,YLR449W,0,0.08224237,0.13658340275287628,0.9667300581932068,0.6462605595588684
YPR165W,YLR222C,0,0.08173394,0.13656505942344666,0.9667300581932068,0.6463610529899597
YDR311W,YKL120W,0,0.08083731,0.13654673099517822,0.9667300581932068,0.6464616060256958
YDL194W,YLR362W,0,0.080058455,0.1365283876657486,0.9667300581932068,0.6465620994567871
YMR047C,YAR014C,0,0.08000374,0.13651007413864136,0.9667300581932068,0.6466626524925232
YBR298C,YDL049C,0,0.07996768,0.13649174571037292,0.9667300581932068,0.6467631459236145
YIR022W,YBR167C,0,0.07960874,0.13647343218326569,0.9667300581932068,0.6468636989593506
YNL152W,YGL150C,0,0.07862139,0.13645511865615845,0.9667300581932068,0.6469641923904419
YOR196C,YPL181W,0,0.07669613,0.1364368051290512,0.9667300581932068,0.647064745426178
YER183C,YOR153W,0,0.07482809,0.13641850650310516,0.9667300581932068,0.6471652388572693
YDL239C,YPL265W,0,0.07378778,0.13640020787715912,0.9667300581932068,0.6472657918930054
YNL082W,YJR137C,0,0.0737586,0.13638192415237427,0.9667300581932068,0.6473662853240967
YER048C,YLR135W,0,0.07348332,0.13636364042758942,0.9667300581932068,0.6474668383598328
YFR051C,YGL033W,0,0.07298797,0.13634535670280457,0.9667300581932068,0.6475673317909241
YHR107C,YNL087W,0,0.07272363,0.13632707297801971,0.9667300581932068,0.6476678848266602
YKL127W,YBR008C,0,0.071148366,0.13630880415439606,0.9667300581932068,0.6477683782577515
YDR294C,YOL049W,0,0.06905556,0.1362905353307724,0.9667300581932068,0.6478689312934875
YOR197W,YBR244W,0,0.06871691,0.13627228140830994,0.9667300581932068,0.6479694247245789
YML014W,YGL077C,0,0.0684194,0.13625401258468628,0.9667300581932068,0.6480699777603149
YOR229W,YJL051W,0,0.06812596,0.136235773563385,0.9667300581932068,0.6481704711914062
YGR227W,YDL044C,0,0.06709513,0.13621751964092255,0.9667300581932068,0.6482710242271423
YML114C,YOL088C,0,0.066514224,0.13619928061962128,0.9667300581932068,0.6483715176582336
YOR344C,YOR077W,0,0.066419244,0.13618104159832,0.9667300581932068,0.6484720706939697
YGR289C,YGR261C,0,0.065853536,0.13616280257701874,0.9667300581932068,0.648572564125061
YBR200W,YJL050W,0,0.064501405,0.13614457845687866,0.9667300581932068,0.6486731171607971
YGR207C,YOR188W,0,0.06402302,0.1361263543367386,0.9667300581932068,0.6487736105918884
YOR190W,YDR043C,0,0.06341952,0.1361081302165985,0.9667300581932068,0.6488741636276245
YML007W,YNL224C,0,0.062986016,0.13608992099761963,0.9667300581932068,0.6489746570587158
YML001W,YIL168W,0,0.06272712,0.13607171177864075,0.9667300581932068,0.6490752100944519
YJL151C,YPR103W,0,0.06215012,0.13605351746082306,0.9667300581932068,0.6491757035255432
YJR137C,YDL014W,0,0.06213677,0.13603530824184418,0.9667300581932068,0.6492762565612793
YAR014C,YKL193C,0,0.062011898,0.1360171139240265,0.9667300581932068,0.6493767499923706
YGR038W,YGR277C,0,0.06190434,0.13599893450737,0.9667300581932068,0.6494773030281067
YDR027C,YER021W,0,0.06144315,0.1359807401895523,0.9667300581932068,0.649577796459198
YHR045W,YOR133W,0,0.061032742,0.1359625607728958,0.9667300581932068,0.6496783494949341
YKR045C,YOR007C,0,0.06043589,0.1359443962574005,0.9667300581932068,0.6497788429260254
YLR148W,YHR176W,0,0.05973679,0.13592621684074402,0.9667300581932068,0.6498793959617615
YCL030C,YML075C,0,0.057894975,0.13590805232524872,0.9667300581932068,0.6499798893928528
YGL100W,YNL099C,0,0.057341307,0.1358899027109146,0.9667300581932068,0.6500804424285889
YOR321W,YGL047W,0,0.055320233,0.1358717381954193,0.9667300581932068,0.6501809358596802
YBR186W,YPR023C,0,0.0546453,0.1358535885810852,0.9667300581932068,0.6502814888954163
YMR021C,YER169W,0,0.0541116,0.1358354538679123,0.9667300581932068,0.6503819823265076
YGR203W,YPL283C,0,0.05316654,0.13581730425357819,0.9667300581932068,0.6504825353622437
YPL212C,YER172C,0,0.0527592,0.13579916954040527,0.9667300581932068,0.650583028793335
YLR320W,YIR034C,0,0.052678168,0.13578103482723236,0.9667300581932068,0.650683581829071
YJL160C,YNL220W,0,0.052127004,0.13576291501522064,0.9667300581932068,0.6507840752601624
YFL034C-B,YKR022C,0,0.05208707,0.13574479520320892,0.9667300581932068,0.6508846282958984
YNL072W,YBR018C,0,0.05206889,0.1357266753911972,0.9667300581932068,0.6509851217269897
YEL004W,YGR041W,0,0.05189395,0.13570857048034668,0.9667300581932068,0.6510856747627258
YDR488C,YEL047C,0,0.051348507,0.13569046556949615,0.9667300581932068,0.6511861681938171
YOR229W,YPL016W,0,0.050508797,0.13567236065864563,0.9667300581932068,0.6512866616249084
YAR008W,YDL165W,0,0.04924044,0.1356542557477951,0.9667300581932068,0.6513872146606445
YER048C,YNL229C,0,0.048920423,0.13563616573810577,0.9667300581932068,0.6514877080917358
YKL176C,YCL011C,0,0.048572212,0.13561807572841644,0.9667300581932068,0.6515882611274719
YOR141C,YGL166W,0,0.04816848,0.1356000006198883,0.9667300581932068,0.6516887545585632
YCL019W,YLL052C,0,0.048144788,0.13558192551136017,0.9667300581932068,0.6517893075942993
YLR027C,YOR245C,0,0.048068345,0.13556385040283203,0.9667300581932068,0.6518898010253906
YBR018C,YMR162C,0,0.047819674,0.1355457752943039,0.9667300581932068,0.6519903540611267
YHR063C,YBL003C,0,0.047636002,0.13552771508693695,0.9667300581932068,0.652090847492218
YHR102W,YKR046C,0,0.047257543,0.13550965487957,0.9667300581932068,0.6521914005279541
YNL014W,YML007W,0,0.04718989,0.13549160957336426,0.9667300581932068,0.6522918939590454
YJL076W,YFR055W,0,0.04715085,0.1354735642671585,0.9667300581932068,0.6523924469947815
YJR095W,YLL015W,0,0.047150582,0.13545551896095276,0.9667300581932068,0.6524929404258728
YAL001C,YML025C,0,0.047075033,0.135437473654747,0.9667300581932068,0.6525934934616089
YPR121W,YJR002W,0,0.04509139,0.13541944324970245,0.9667300581932068,0.6526939868927002
YPR018W,YDL226C,0,0.04353383,0.1354014128446579,0.9667300581932068,0.6527945399284363
YKL125W,YPL212C,0,0.043212146,0.13538338243961334,0.9667300581932068,0.6528950333595276
YPR075C,YLL052C,0,0.042710662,0.13536536693572998,0.9667300581932068,0.6529955863952637
YPR103W,YLR362W,0,0.042407215,0.13534735143184662,0.9667300581932068,0.653096079826355
YOR255W,YDR186C,0,0.042387754,0.13532933592796326,0.9667300581932068,0.6531966328620911
YKR018C,YPR124W,0,0.04213977,0.1353113353252411,0.9667300581932068,0.6532971262931824
YER118C,YBL009W,0,0.042065144,0.13529333472251892,0.9667300581932068,0.6533976793289185
YGL033W,YJR044C,0,0.040780216,0.13527533411979675,0.9667300581932068,0.6534981727600098
YLR233C,YDL156W,0,0.040763736,0.13525734841823578,0.9667300581932068,0.6535987257957458
YJR099W,YJL118W,0,0.04018894,0.1352393627166748,0.9667300581932068,0.6536992192268372
YMR190C,YLL052C,0,0.038719952,0.13522137701511383,0.9667300581932068,0.6537997722625732
YNL264C,YCL010C,0,0.0380632,0.13520340621471405,0.9667300581932068,0.6539002656936646
YPL152W,YNR063W,0,0.03802809,0.13518543541431427,0.9667300581932068,0.6540008187294006
YGL131C,YGR163W,0,0.0378927,0.1351674646139145,0.9667300581932068,0.6541013121604919
YNR012W,YFL022C,0,0.036786556,0.1351495087146759,0.9667300581932068,0.654201865196228
YNL197C,YKL139W,0,0.036438793,0.13513153791427612,0.9667300581932068,0.6543023586273193
YLR132C,YLR274W,0,0.036051184,0.13511359691619873,0.9667300581932068,0.6544029116630554
YML007W,YDL239C,0,0.035790324,0.13509564101696014,0.9667300581932068,0.6545034050941467
YPL265W,YOR153W,0,0.035607338,0.13507770001888275,0.9667300581932068,0.6546039581298828
YLR376C,YDR143C,0,0.035563856,0.13505975902080536,0.9667300581932068,0.6547044515609741
YPL032C,YDR043C,0,0.03499365,0.13504183292388916,0.9667300581932068,0.6548050045967102
YPR107C,YBR079C,0,0.034716636,0.13502389192581177,0.9667300581932068,0.6549054980278015
YBR258C,YFL034C-A,0,0.03405112,0.13500598073005676,0.9667300581932068,0.6550060510635376
YOL013C,YMR106C,0,0.033946306,0.13498805463314056,0.9667300581932068,0.6551065444946289
YCL011C,YPL012W,0,0.033872306,0.13497014343738556,0.9667300581932068,0.655207097530365
YOL001W,YDR477W,0,0.03247863,0.13495223224163055,0.9667300581932068,0.6553075909614563
YKL222C,YFL022C,0,0.031680048,0.13493432104587555,0.9667300581932068,0.6554081439971924
YGL145W,YAL042W,0,0.03164944,0.13491642475128174,0.9667300581932068,0.6555086374282837
YGR215W,YGL254W,0,0.030913472,0.13489852845668793,0.9667300581932068,0.6556091904640198
YMR190C,YLR368W,0,0.030755341,0.13488063216209412,0.9667300581932068,0.6557096838951111
YNL071W,YBL067C,0,0.029414713,0.1348627507686615,0.9667300581932068,0.6558102369308472
YLR077W,YER172C,0,0.029328197,0.13484486937522888,0.9667300581932068,0.6559107303619385
YKL065C,YNL272C,0,0.02904886,0.13482698798179626,0.9667300581932068,0.6560112833976746
YIL121W,YER124C,0,0.028293371,0.13480912148952484,0.9667300581932068,0.6561117768287659
YBR210W,YGR172C,0,0.027756989,0.13479125499725342,0.9667300581932068,0.656212329864502
YJR047C,YNL245C,0,0.027290583,0.134773388504982,0.9667300581932068,0.6563128232955933
YPL020C,YML008C,0,0.02692476,0.13475553691387177,0.9667300581932068,0.6564133763313293
YER118C,YGL077C,0,0.026682645,0.13473768532276154,0.9667300581932068,0.6565138697624207
YKL220C,YDR186C,0,0.026313752,0.1347198337316513,0.9667300581932068,0.6566144227981567
YOR229W,YGL245W,0,0.025923282,0.13470198214054108,0.9667300581932068,0.656714916229248
YMR030W,YCR023C,0,0.025410533,0.13468414545059204,0.9667300581932068,0.6568154692649841
YKL027W,YIL031W,0,0.0250023,0.134666308760643,0.9667300581932068,0.6569159626960754
YDR155C,YDR264C,0,0.024327815,0.13464848697185516,0.9667300581932068,0.6570164561271667
YGL207W,YDR480W,0,0.024113327,0.13463066518306732,0.9667300581932068,0.6571170091629028
YER003C,YKR024C,0,0.023234725,0.13461284339427948,0.9667300581932068,0.6572175025939941
YJL123C,YHR084W,0,0.022590786,0.13459502160549164,0.9667300581932068,0.6573180556297302
YMR236W,YGL207W,0,0.022126228,0.134577214717865,0.9667300581932068,0.6574185490608215
YBR210W,YJL203W,0,0.020937562,0.13455940783023834,0.9667300581932068,0.6575191020965576
YJL111W,YPR056W,0,0.020728976,0.1345416009426117,0.9667300581932068,0.6576195955276489
YKL071W,YOR153W,0,0.020654917,0.13452380895614624,0.9667300581932068,0.657720148563385
YML110C,YCR023C,0,0.020542383,0.1345060169696808,0.9667300581932068,0.6578206419944763
YOR321W,YHR107C,0,0.02010411,0.13448822498321533,0.9667300581932068,0.6579211950302124
YHR007C,YNL047C,0,0.020036936,0.13447044789791107,0.9667300581932068,0.6580216884613037
YAR071W,YNL321W,0,0.01939845,0.1344526708126068,0.9667300581932068,0.6581222414970398
YPL152W,YFL050C,0,0.019085854,0.13443489372730255,0.9667300581932068,0.6582227349281311
YBR210W,YBR044C,0,0.01888907,0.13441713154315948,0.9667300581932068,0.6583232879638672
YDL104C,YGL153W,0,0.01879847,0.13439936935901642,0.9667300581932068,0.6584237813949585
YBR068C,YLL023C,0,0.018684536,0.13438160717487335,0.9667300581932068,0.6585243344306946
YKL025C,YDR017C,0,0.018588006,0.13436385989189148,0.9667300581932068,0.6586248278617859
YDR191W,YDR162C,0,0.01821059,0.1343460977077484,0.9667300581932068,0.658725380897522
YDR452W,YKR086W,0,0.01758796,0.13432836532592773,0.9667300581932068,0.6588258743286133
YJL010C,YMR119W,0,0.017292798,0.13431061804294586,0.9667300581932068,0.6589264273643494
YDL002C,YGL179C,0,0.017140567,0.13429288566112518,0.9667300581932068,0.6590269207954407
YGL043W,YMR067C,0,0.016638756,0.1342751532793045,0.9667300581932068,0.6591274738311768
YPL032C,YGL011C,0,0.01548332,0.13425742089748383,0.9667300581932068,0.6592279672622681
YDR348C,YOR007C,0,0.015430659,0.13423970341682434,0.9667300581932068,0.6593285202980042
YKL188C,YDR142C,0,0.014128476,0.13422198593616486,0.9667300581932068,0.6594290137290955
YGL201C,YBR021W,0,0.013903439,0.13420426845550537,0.9667300581932068,0.6595295667648315
YGR215W,YOR064C,0,0.013584971,0.13418656587600708,0.9667300581932068,0.6596300601959229
YPL055C,YML007W,0,0.013294637,0.1341688632965088,0.9667300581932068,0.6597306132316589
YDL025C,YCR017C,0,0.013213277,0.1341511607170105,0.9667300581932068,0.6598311066627502
YBR234C,YGR275W,0,0.013097048,0.1341334730386734,0.9667300581932068,0.6599316596984863
YKL213C,YBR098W,0,0.013048083,0.1341157853603363,0.9667300581932068,0.6600321531295776
YJL207C,YDL042C,0,0.011464357,0.1340980976819992,0.9667300581932068,0.6601327061653137
YKL018W,YBL009W,0,0.011271566,0.1340804249048233,0.9667300581932068,0.660233199596405
YMR293C,YOR339C,0,0.011244863,0.1340627521276474,0.9667300581932068,0.6603337526321411
YKR092C,YJR093C,0,0.011231005,0.1340450793504715,0.9667300581932068,0.6604342460632324
YHL002W,YMR199W,0,0.010809243,0.1340274065732956,0.9667300581932068,0.6605347990989685
YIL131C,YPR066W,0,0.010534197,0.13400974869728088,0.9667300581932068,0.6606352925300598
YMR293C,YLR256W,0,0.010291874,0.13399209082126617,0.9667300581932068,0.6607358455657959
YLR406C,YMR134W,0,0.00996843,0.13397444784641266,0.9667300581932068,0.6608363389968872
YNL275W,YDR307W,0,0.0096363425,0.13395678997039795,0.9667300581932068,0.6609368920326233
YCR017C,YMR291W,0,0.00948742,0.13393916189670563,0.9667300581932068,0.6610373854637146
YLR406C,YFL034C-B,0,0.00829348,0.1339215189218521,0.9667300581932068,0.6611379384994507
YHL009C,YBL066C,0,0.008027434,0.1339038908481598,0.9667300581932068,0.661238431930542
YML038C,YLL054C,0,0.007851243,0.13388626277446747,0.9667300581932068,0.6613389849662781
YNL090W,YOR360C,0,0.0072689056,0.13386863470077515,0.9667300581932068,0.6614394783973694
YJL099W,YHR143W-A,0,0.0064486563,0.13385100662708282,0.9667300581932068,0.6615400314331055
YDL207W,YLR216C,0,0.0057792366,0.1338333934545517,0.9667300581932068,0.6616405248641968
YHR112C,YOL091W,0,0.00549984,0.13381579518318176,0.9667300581932068,0.6617410778999329
YBR103W,YPR165W,0,0.005004108,0.13379818201065063,0.9667300581932068,0.6618415713310242
YNL323W,YGR096W,0,0.0044957995,0.1337805837392807,0.9667300581932068,0.6619421243667603
YDR142C,YAL055W,0,0.0032324493,0.13376298546791077,0.9667300581932068,0.6620426177978516
YER118C,YOR344C,0,0.0029921234,0.13374540209770203,0.9667300581932068,0.6621431708335876
YPL008W,YNL113W,0,0.0027134418,0.1337278038263321,0.9667300581932068,0.662243664264679
YGL079W,YGR132C,0,0.0018697381,0.13371023535728455,0.9667300581932068,0.662344217300415
YML007W,YBR057C,0,0.0011391938,0.1336926519870758,0.9667300581932068,0.6624447107315063
YML123C,YEL046C,0,0.00085937977,0.13367508351802826,0.9667300581932068,0.6625452637672424
YBR234C,YGL023C,0,0.00055611134,0.1336575150489807,0.9667300581932068,0.6626457571983337
YJL209W,YLR071C,0,-0.0005206466,0.13363994657993317,0.9667300581932068,0.6627463102340698
YLR262C,YNL169C,0,-0.0005375147,0.13362239301204681,0.9667300581932068,0.6628468036651611
YGR133W,YBR227C,0,-0.00057178736,0.13360483944416046,0.9667300581932068,0.6629472970962524
YKL112W,YLL005C,0,-0.00061511993,0.1335872858762741,0.9667300581932068,0.6630478501319885
YNL014W,YMR068W,0,-0.0014294386,0.13356974720954895,0.9667300581932068,0.6631483435630798
YJL051W,YKR092C,0,-0.0023399591,0.1335521936416626,0.9667300581932068,0.6632488965988159
YNR032W,YGL175C,0,-0.0024006367,0.13353466987609863,0.9667300581932068,0.6633493900299072
YOR141C,YMR058W,0,-0.0024677217,0.13351713120937347,0.9667300581932068,0.6634499430656433
YML114C,YBR139W,0,-0.0038129985,0.1334996074438095,0.9667300581932068,0.6635504364967346
YKL125W,YFL031W,0,-0.0040305555,0.13348208367824554,0.9667300581932068,0.6636509895324707
YNR023W,YBR228W,0,-0.004284382,0.13346455991268158,0.9667300581932068,0.663751482963562
YMR199W,YDL201W,0,-0.0055332184,0.1334470510482788,0.9667300581932068,0.6638520359992981
YEL060C,YOR255W,0,-0.005653739,0.13342954218387604,0.9667300581932068,0.6639525294303894
YKL025C,YKR003W,0,-0.005923003,0.13341204822063446,0.9667300581932068,0.6640530824661255
YKL065C,YLR256W,0,-0.0061725676,0.1333945393562317,0.9667300581932068,0.6641535758972168
YLR095C,YEL009C,0,-0.006475389,0.1333770453929901,0.9667300581932068,0.6642541289329529
YNR063W,YBR083W,0,-0.007597357,0.13335956633090973,0.9667300581932068,0.6643546223640442
YLR116W,YOR178C,0,-0.008439481,0.13334207236766815,0.9667300581932068,0.6644551753997803
YOR115C,YEL060C,0,-0.009540558,0.13332459330558777,0.9667300581932068,0.6645556688308716
YPR018W,YHR026W,0,-0.0101258755,0.13330711424350739,0.9667300581932068,0.6646562218666077
YMR104C,YDL132W,0,-0.010787904,0.1332896500825882,0.9667300581932068,0.664756715297699
YJR093C,YAL047C,0,-0.011911064,0.133272185921669,0.9667300581932068,0.6648572683334351
YLR116W,YHR123W,0,-0.012127787,0.13325472176074982,0.9667300581932068,0.6649577617645264
YOL115W,YPR023C,0,-0.012151778,0.13323725759983063,0.9667300581932068,0.6650583148002625
YFR009W,YHR018C,0,-0.0121870935,0.13321980834007263,0.9667300581932068,0.6651588082313538
YPL275W,YKR024C,0,-0.012190938,0.13320235908031464,0.9667300581932068,0.6652593612670898
YNL315C,YNL225C,0,-0.012683123,0.13318490982055664,0.9667300581932068,0.6653598546981812
YPR201W,YDL044C,0,-0.012932837,0.13316747546195984,0.9667300581932068,0.6654604077339172
YDL207W,YGL011C,0,-0.014188319,0.13315004110336304,0.9667300581932068,0.6655609011650085
YLR035C,YLL028W,0,-0.015185595,0.13313260674476624,0.9667300581932068,0.6656614542007446
YBR019C,YER011W,0,-0.015388101,0.13311518728733063,0.9667300581932068,0.6657619476318359
YNL254C,YER122C,0,-0.016243279,0.13309776782989502,0.9667300581932068,0.665862500667572
YPL088W,YBR199W,0,-0.016565233,0.1330803483724594,0.9667300581932068,0.6659629940986633
YIL040W,YHR050W,0,-0.0172247,0.1330629289150238,0.9667300581932068,0.6660635471343994
YBR004C,YHR176W,0,-0.017301291,0.1330455243587494,0.9667300581932068,0.6661640405654907
YNL154C,YKL092C,0,-0.017316937,0.13302811980247498,0.9667300581932068,0.6662645936012268
YOR354C,YER075C,0,-0.017597556,0.13301073014736176,0.9667300581932068,0.6663650870323181
YCR008W,YOR130C,0,-0.017827213,0.13299332559108734,0.9667300581932068,0.6664656400680542
YNL088W,YGL131C,0,-0.018282533,0.13297593593597412,0.9667300581932068,0.6665661334991455
YJL051W,YLR136C,0,-0.01914987,0.1329585611820221,0.9667300581932068,0.6666666865348816
YBR136W,YDL213C,0,-0.019358188,0.13294117152690887,0.9667300581932068,0.6667671799659729
YBR018C,YMR029C,0,-0.019661516,0.13292379677295685,0.9667300581932068,0.666867733001709
YOR128C,YJR091C,0,-0.021235049,0.13290643692016602,0.9667300581932068,0.6669682264328003
YKR086W,YOL068C,0,-0.021353811,0.132889062166214,0.9667300581932068,0.6670687794685364
YPL164C,YJR007W,0,-0.021556437,0.13287170231342316,0.9667300581932068,0.6671692728996277
YDR522C,YKL148C,0,-0.021867245,0.13285434246063232,0.9667300581932068,0.6672698259353638
YJL010C,YHR050W,0,-0.022114307,0.13283699750900269,0.9667300581932068,0.6673703193664551
YJL160C,YNL265C,0,-0.022287786,0.13281963765621185,0.9667300581932068,0.6674708724021912
YLR013W,YMR058W,0,-0.02319792,0.13280229270458221,0.9667300581932068,0.6675713658332825
YPR181C,YOR188W,0,-0.023696542,0.13278496265411377,0.9667300581932068,0.6676719188690186
YNL003C,YOR360C,0,-0.024122357,0.13276761770248413,0.9667300581932068,0.6677724123001099
YLR369W,YOL068C,0,-0.024382234,0.13275028765201569,0.9667300581932068,0.667872965335846
YDR143C,YKR001C,0,-0.024761766,0.13273297250270844,0.9667300581932068,0.6679734587669373
YGL079W,YGR166W,0,-0.024921238,0.13271564245224,0.9667300581932068,0.6680740118026733
YKL091C,YPL023C,0,-0.025078148,0.13269832730293274,0.9667300581932068,0.6681745052337646
YBR102C,YGR249W,0,-0.025098532,0.1326810121536255,0.9667300581932068,0.6682750582695007
YGR074W,YOR125C,0,-0.025100648,0.13266371190547943,0.9667300581932068,0.668375551700592
YOR229W,YDR291W,0,-0.025940359,0.13264641165733337,0.9667300581932068,0.6684761047363281
YAL009W,YFR044C,0,-0.02597484,0.13262911140918732,0.9667300581932068,0.6685765981674194
YJL099W,YPL275W,0,-0.026965737,0.13261181116104126,0.9667300581932068,0.6686770915985107
YML114C,YGL208W,0,-0.02747202,0.1325945258140564,0.9667300581932068,0.6687776446342468
YOL094C,YNL116W,0,-0.027672976,0.13257724046707153,0.9667300581932068,0.6688781380653381
YML131W,YLR133W,0,-0.02803284,0.13255995512008667,0.9667300581932068,0.6689786911010742
YBL042C,YNR075W,0,-0.028612852,0.132542684674263,0.9667300581932068,0.6690791845321655
YDR156W,YKL084W,0,-0.029007465,0.13252541422843933,0.9667300581932068,0.6691797375679016
YLR084C,YCL038C,0,-0.03005439,0.13250814378261566,0.9667300581932068,0.6692802309989929
YBL050W,YPR094W,0,-0.03141713,0.132490873336792,0.9667300581932068,0.669380784034729
YLR297W,YBR215W,0,-0.033510327,0.13247361779212952,0.9667300581932068,0.6694812774658203
YFL034C-B,YDL156W,0,-0.033607483,0.13245636224746704,0.9667300581932068,0.6695818305015564
YDR540C,YOL060C,0,-0.03368947,0.13243912160396576,0.9667300581932068,0.6696823239326477
YLR274W,YJL093C,0,-0.0341298,0.13242188096046448,0.9667300581932068,0.6697828769683838
YOR255W,YCR043C,0,-0.03429085,0.1324046403169632,0.9667300581932068,0.6698833703994751
YML121W,YDR198C,0,-0.034728467,0.13238739967346191,0.9667300581932068,0.6699839234352112
YBR200W,YJL074C,0,-0.034787625,0.13237017393112183,0.9667300581932068,0.6700844168663025
YNR056C,YOL097C,0,-0.03561765,0.13235294818878174,0.9667300581932068,0.6701849699020386
YGL124C,YLR210W,0,-0.035828352,0.13233572244644165,0.9667300581932068,0.6702854633331299
YPR018W,YNR032W,0,-0.036066175,0.13231849670410156,0.9667300581932068,0.670386016368866
YMR266W,YIL065C,0,-0.036589563,0.13230128586292267,0.9667300581932068,0.6704865097999573
YCR067C,YDR267C,0,-0.03689921,0.13228407502174377,0.9667300581932068,0.6705870628356934
YIL049W,YCL026C-A,0,-0.0369173,0.13226687908172607,0.9667300581932068,0.6706875562667847
YLR310C,YPL190C,0,-0.037509352,0.13224966824054718,0.9667300581932068,0.6707881093025208
YML126C,YLR319C,0,-0.037564278,0.13223247230052948,0.9667300581932068,0.6708886027336121
YGR038W,YDR488C,0,-0.03762448,0.13221529126167297,0.9667300581932068,0.6709891557693481
YBR018C,YIL157C,0,-0.037952363,0.13219809532165527,0.9667300581932068,0.6710896492004395
YPR094W,YNL125C,0,-0.038175404,0.13218091428279877,0.9667300581932068,0.6711902022361755
YNL090W,YDR113C,0,-0.038188457,0.13216374814510345,0.9667300581932068,0.6712906956672668
YPL016W,YOL091W,0,-0.03837034,0.13214656710624695,0.9667300581932068,0.6713912487030029
YPR107C,YLR155C,0,-0.038921654,0.13212940096855164,0.9667300581932068,0.6714917421340942
YDR446W,YMR291W,0,-0.040035754,0.13211223483085632,0.9667300581932068,0.6715922951698303
YDR446W,YJR064W,0,-0.04039979,0.1320950835943222,0.9667300581932068,0.6716927886009216
YGL022W,YIL050W,0,-0.040566504,0.1320779174566269,0.9667300581932068,0.6717933416366577
YJL028W,YMR106C,0,-0.040716022,0.13206076622009277,0.9667300581932068,0.671893835067749
YHR063C,YMR291W,0,-0.040775806,0.13204362988471985,0.9667300581932068,0.6719943881034851
YBL005W-A,YLL042C,0,-0.041252673,0.13202647864818573,0.9667300581932068,0.6720948815345764
YJR017C,YPL030W,0,-0.04128629,0.1320093423128128,0.9667300581932068,0.6721954345703125
YJL042W,YLR133W,0,-0.041802764,0.13199220597743988,0.9667300581932068,0.6722959280014038
YPR101W,YDR363W,0,-0.041805804,0.13197508454322815,0.9667300581932068,0.6723964810371399
YOR367W,YGL077C,0,-0.041879714,0.13195796310901642,0.9667300581932068,0.6724969744682312
YOL094C,YBR077C,0,-0.043483138,0.1319408416748047,0.9667300581932068,0.6725975275039673
YFL008W,YOR198C,0,-0.04413998,0.13192372024059296,0.9667300581932068,0.6726980209350586
YOR190W,YNL097C,0,-0.045125782,0.13190661370754242,0.9667300581932068,0.6727985739707947
YGL254W,YPL012W,0,-0.04533258,0.13188950717449188,0.9667300581932068,0.672899067401886
YMR231W,YMR305C,0,-0.045680523,0.13187240064144135,0.9667300581932068,0.6729996204376221
YML123C,YBR244W,0,-0.04596126,0.131855309009552,0.9667300581932068,0.6731001138687134
YDL010W,YGL038C,0,-0.047090083,0.13183821737766266,0.9667300581932068,0.6732006669044495
YDR506C,YER006W,0,-0.047228754,0.13182112574577332,0.9667300581932068,0.6733011603355408
YCR028C-A,YPL255W,0,-0.04747516,0.13180404901504517,0.9667300581932068,0.6734017133712769
YPL190C,YGR092W,0,-0.049157858,0.13178695738315582,0.9667300581932068,0.6735022068023682
YGL207W,YPL270W,0,-0.049206704,0.13176989555358887,0.9667300581932068,0.6736027598381042
YKR098C,YDR480W,0,-0.049273014,0.13175281882286072,0.9667300581932068,0.6737032532691956
YCR042C,YHR062C,0,-0.04932344,0.13173575699329376,0.9667300581932068,0.6738038063049316
YIL016W,YLR424W,0,-0.049853206,0.1317186951637268,0.9667300581932068,0.673904299736023
YMR288W,YOR077W,0,-0.050105095,0.13170163333415985,0.9667300581932068,0.674004852771759
YNL169C,YOR198C,0,-0.051027536,0.1316845715045929,0.9667300581932068,0.6741053462028503
YGL124C,YFL009W,0,-0.051770627,0.13166752457618713,0.9667300581932068,0.6742058992385864
YGL133W,YJL014W,0,-0.051835954,0.13165049254894257,0.9667300581932068,0.6743063926696777
YBR235W,YNL021W,0,-0.052203506,0.1316334456205368,0.9667300581932068,0.6744069457054138
YOL089C,YCR043C,0,-0.05231169,0.13161641359329224,0.9667300581932068,0.6745074391365051
YKL176C,YHR045W,0,-0.055523783,0.13159938156604767,0.9667300581932068,0.6746079325675964
YNL139C,YGL166W,0,-0.056059867,0.1315823495388031,0.9667300581932068,0.6747084856033325
YIL085C,YGR067C,0,-0.05677545,0.13156533241271973,0.9667300581932068,0.6748089790344238
YCR042C,YDR084C,0,-0.056874454,0.13154831528663635,0.9667300581932068,0.6749095320701599
YDL159W,YFL034C-B,0,-0.057026327,0.13153129816055298,0.9667300581932068,0.6750100255012512
YLR051C,YPR101W,0,-0.057460725,0.1315142959356308,0.9667300581932068,0.6751105785369873
YPL132W,YER048C,0,-0.057914495,0.13149727880954742,0.9667300581932068,0.6752110719680786
YDL005C,YMR029C,0,-0.05814439,0.13148029148578644,0.9667300581932068,0.6753116250038147
YJR007W,YDR123C,0,-0.05876717,0.13146328926086426,0.9667300581932068,0.675412118434906
YPL029W,YDL044C,0,-0.059673786,0.13144630193710327,0.9667300581932068,0.6755126714706421
YGL208W,YPL275W,0,-0.060201645,0.13142931461334229,0.9667300581932068,0.6756131649017334
YMR044W,YER004W,0,-0.060690284,0.1314123272895813,0.9667300581932068,0.6757137179374695
YDR331W,YNR049C,0,-0.060776502,0.1313953548669815,0.9667300581932068,0.6758142113685608
YBR210W,YLR336C,0,-0.0615094,0.13137836754322052,0.9667300581932068,0.6759147644042969
YPL108W,YGR065C,0,-0.061667174,0.13136141002178192,0.9667300581932068,0.6760152578353882
YPR033C,YLR453C,0,-0.061726153,0.13134443759918213,0.9667300581932068,0.6761158108711243
YJR099W,YLL042C,0,-0.06195584,0.13132748007774353,0.9667300581932068,0.6762163043022156
YDR143C,YAL047C,0,-0.062164903,0.13131052255630493,0.9667300581932068,0.6763168573379517
YLR233C,YKL157W,0,-0.062425792,0.13129356503486633,0.9667300581932068,0.676417350769043
YDL194W,YBR057C,0,-0.06260377,0.13127662241458893,0.9667300581932068,0.676517903804779
YBR019C,YDR017C,0,-0.06273097,0.13125967979431152,0.9667300581932068,0.6766183972358704
YKL071W,YER018C,0,-0.063025236,0.13124273717403412,0.9667300581932068,0.6767189502716064
YJL139C,YAL032C,0,-0.06333965,0.1312258094549179,0.9667300581932068,0.6768194437026978
YHL033C,YOR153W,0,-0.06334084,0.1312088817358017,0.9667300581932068,0.6769199967384338
YIL023C,YAL009W,0,-0.06359324,0.13119195401668549,0.9667300581932068,0.6770204901695251
YNL002C,YLR155C,0,-0.06422821,0.13117502629756927,0.9667300581932068,0.6771210432052612
YML130C,YKR029C,0,-0.06524581,0.13115811347961426,0.9667300581932068,0.6772215366363525
YLR132C,YER058W,0,-0.06535423,0.13114120066165924,0.9667300581932068,0.6773220896720886
YIL162W,YNL312W,0,-0.06558868,0.13112428784370422,0.9667300581932068,0.6774225831031799
YKL146W,YHR143W-A,0,-0.06567907,0.1311073899269104,0.9667300581932068,0.677523136138916
YNL275W,YBR079C,0,-0.0662598,0.13109049201011658,0.9667300581932068,0.6776236295700073
YJL092W,YNR069C,0,-0.06640303,0.13107359409332275,0.9667300581932068,0.6777241826057434
YDL159W,YOR083W,0,-0.06678057,0.13105669617652893,0.9667300581932068,0.6778246760368347
YDR538W,YGR280C,0,-0.06687927,0.1310398131608963,0.9667300581932068,0.6779252290725708
YBL050W,YNL272C,0,-0.067203045,0.13102293014526367,0.9667300581932068,0.6780257225036621
YHR187W,YBR154C,0,-0.06721434,0.13100604712963104,0.9667300581932068,0.6781262755393982
YLR376C,YOL016C,0,-0.067220986,0.1309891790151596,0.9667300581932068,0.6782267689704895
YHR039C,YJL113W,0,-0.067471445,0.13097231090068817,0.9667300581932068,0.6783273220062256
YDL159W,YBR098W,0,-0.068602055,0.13095544278621674,0.9667300581932068,0.6784278154373169
YGR275W,YER058W,0,-0.06876305,0.1309385895729065,0.9667300581932068,0.678528368473053
YPL029W,YPL265W,0,-0.06897694,0.13092173635959625,0.9667300581932068,0.6786288619041443
YDR058C,YGL208W,0,-0.06912547,0.130904883146286,0.9667300581932068,0.6787294149398804
YIR033W,YKL101W,0,-0.06944007,0.13088802993297577,0.9667300581932068,0.6788299083709717
YHR063C,YEL026W,0,-0.06954014,0.13087119162082672,0.9667300581932068,0.6789304614067078
YJR056C,YBR139W,0,-0.07035464,0.13085435330867767,0.9667300581932068,0.6790309548377991
YMR197C,YDR180W,0,-0.07093993,0.13083751499652863,0.9667300581932068,0.6791315078735352
YLR144C,YKL176C,0,-0.07175374,0.13082069158554077,0.9667300581932068,0.6792320013046265
YMR164C,YDR099W,0,-0.071769714,0.13080385327339172,0.9667300581932068,0.6793325543403625
YHR123W,YMR277W,0,-0.07305175,0.13078702986240387,0.9667300581932068,0.6794330477714539
YLR398C,YGL187C,0,-0.073317975,0.1307702213525772,0.9667300581932068,0.6795336008071899
YGL033W,YMR190C,0,-0.07361758,0.13075341284275055,0.9667300581932068,0.6796340942382812
YDL005C,YLR393W,0,-0.07409835,0.1307366043329239,0.9667300581932068,0.6797346472740173
YGR186W,YGR098C,0,-0.07561731,0.13071979582309723,0.9667300581932068,0.6798351407051086
YLR408C,YLR405W,0,-0.0763638,0.13070298731327057,0.9667300581932068,0.6799356937408447
YJL092W,YNL229C,0,-0.07693583,0.1306861937046051,0.9667300581932068,0.680036187171936
YOR321W,YLL054C,0,-0.076993465,0.13066941499710083,0.9667300581932068,0.6801367402076721
YOR344C,YPR065W,0,-0.07713157,0.13065262138843536,0.9667300581932068,0.6802372336387634
YNR073C,YJR113C,0,-0.07769832,0.1306358426809311,0.9667300581932068,0.6803377270698547
YKL146W,YGR172C,0,-0.077824,0.13061906397342682,0.9667300581932068,0.6804382801055908
YCR024C-A,YDR394W,0,-0.07891822,0.13060228526592255,0.9667300581932068,0.6805387735366821
YDR117C,YFR044C,1,-0.07893008,0.13071392476558685,0.9676806330680847,0.6805387735366821
YKL018W,YAL061W,0,-0.08006495,0.1306971311569214,0.9676806330680847,0.6806393265724182
YML069W,YLL010C,0,-0.08070329,0.13068035244941711,0.9676806330680847,0.6807398200035095
YLR307W,YLR071C,0,-0.080821306,0.13066358864307404,0.9676806330680847,0.6808403730392456
YJR043C,YMR305C,0,-0.08104837,0.13064680993556976,0.9676806330680847,0.6809408664703369
YDR155C,YEL046C,0,-0.081067264,0.13063004612922668,0.9676806330680847,0.681041419506073
YDL232W,YLL036C,0,-0.08124295,0.1306132972240448,0.9676806330680847,0.6811419129371643
YOR095C,YDR182W,0,-0.08220458,0.13059653341770172,0.9676806330680847,0.6812424659729004
YGL002W,YJR017C,0,-0.082580686,0.13057978451251984,0.9676806330680847,0.6813429594039917
YIR034C,YDR162C,0,-0.08261368,0.13056303560733795,0.9676806330680847,0.6814435124397278
YDR001C,YGR067C,0,-0.082796305,0.13054628670215607,0.9676806330680847,0.6815440058708191
YAL032C,YGL079W,0,-0.08296248,0.13052955269813538,0.9676806330680847,0.6816445589065552
YLR077W,YAR008W,0,-0.083141685,0.13051281869411469,0.9676806330680847,0.6817450523376465
YNL225C,YAL009W,0,-0.08493638,0.130496084690094,0.9676806330680847,0.6818456053733826
YBR201W,YFR044C,0,-0.08507651,0.1304793655872345,0.9676806330680847,0.6819460988044739
YGR090W,YAR003W,0,-0.0852167,0.130462646484375,0.9676806330680847,0.68204665184021
YNL139C,YLR035C,0,-0.08529109,0.1304459273815155,0.9676806330680847,0.6821471452713013
YKL184W,YML072C,0,-0.08536273,0.130429208278656,0.9676806330680847,0.6822476983070374
YJR091C,YJR088C,0,-0.085416496,0.1304125040769577,0.9676806330680847,0.6823481917381287
YMR263W,YBL084C,0,-0.085711986,0.1303957998752594,0.9676806330680847,0.6824487447738647
YGL055W,YJL014W,0,-0.0861907,0.1303790956735611,0.9676806330680847,0.682549238204956
YBR234C,YNL139C,0,-0.086544126,0.130362406373024,0.9676806330680847,0.6826497912406921
YDR171W,YHR043C,0,-0.0870896,0.13034571707248688,0.9676806330680847,0.6827502846717834
YNL245C,YOR205C,0,-0.08758938,0.13032902777194977,0.9676806330680847,0.6828508377075195
YMR164C,YDR331W,0,-0.08770281,0.13031233847141266,0.9676806330680847,0.6829513311386108
YPR094W,YJL099W,0,-0.08783549,0.13029566407203674,0.9676806330680847,0.6830518841743469
YGR028W,YNL154C,0,-0.08792755,0.13027898967266083,0.9676806330680847,0.6831523776054382
YMR119W,YDR294C,0,-0.088787735,0.1302623152732849,0.9676806330680847,0.6832529306411743
YOR100C,YMR162C,0,-0.08921051,0.1302456557750702,0.9676806330680847,0.6833534240722656
YMR278W,YPL187W,0,-0.08948037,0.13022898137569427,0.9676806330680847,0.6834539771080017
YBR103W,YGL002W,0,-0.09112999,0.13021233677864075,0.9676806330680847,0.683554470539093
YIL137C,YPR148C,1,-0.09152794,0.13032357394695282,0.9686312079429626,0.683554470539093
YLR138W,YJL115W,0,-0.091828525,0.1303068995475769,0.9686312079429626,0.6836550235748291
YCL011C,YCL010C,0,-0.09191212,0.13029024004936218,0.9686312079429626,0.6837555170059204
YPR201W,YDR352W,0,-0.09310478,0.13027358055114746,0.9686312079429626,0.6838560700416565
YPR061C,YML075C,0,-0.09343153,0.13025693595409393,0.9686312079429626,0.6839565634727478
YDL049C,YGL166W,0,-0.09356651,0.1302402913570404,0.9686312079429626,0.6840571165084839
YCL010C,YLR110C,0,-0.093566805,0.13022364675998688,0.9686312079429626,0.6841576099395752
YNR023W,YLR035C,0,-0.09368527,0.13020700216293335,0.9686312079429626,0.6842581629753113
YHR079C-A,YMR044W,0,-0.09421161,0.13019037246704102,0.9686312079429626,0.6843586564064026
YGL002W,YGL234W,0,-0.09482643,0.1301737278699875,0.9686312079429626,0.6844592094421387
YPL268W,YJR137C,0,-0.0953908,0.13015711307525635,0.9686312079429626,0.68455970287323
YLR144C,YLR174W,0,-0.09540582,0.130140483379364,0.9686312079429626,0.6846602559089661
YAR050W,YDL174C,0,-0.09541163,0.13012386858463287,0.9686312079429626,0.6847607493400574
YNL152W,YOL137W,0,-0.09558499,0.13010725378990173,0.9686312079429626,0.6848613023757935
YAL001C,YOR303W,0,-0.09683627,0.1300906389951706,0.9686312079429626,0.6849617958068848
YOR149C,YAL061W,0,-0.09700906,0.13007403910160065,0.9686312079429626,0.6850623488426208
YKL086W,YKL112W,0,-0.09723738,0.1300574392080307,0.9686312079429626,0.6851628422737122
YHL007C,YDL165W,0,-0.09747499,0.13004083931446075,0.9686312079429626,0.6852633953094482
YGR166W,YPL118W,0,-0.09833729,0.1300242394208908,0.9686312079429626,0.6853638887405396
YOL119C,YKR024C,0,-0.09886742,0.13000765442848206,0.9686312079429626,0.6854644417762756
YPL015C,YDL222C,0,-0.0994277,0.1299910694360733,0.9686312079429626,0.6855649352073669
YDR522C,YBR201W,0,-0.1000008,0.12997448444366455,0.9686312079429626,0.685665488243103
YNR054C,YDR162C,0,-0.10008091,0.129957914352417,0.9686312079429626,0.6857659816741943
YCR068W,YHR152W,0,-0.100281954,0.12994134426116943,0.9686312079429626,0.6858665347099304
YOL041C,YGR065C,0,-0.10050759,0.12992477416992188,0.9686312079429626,0.6859670281410217
YOR354C,YHR123W,0,-0.10066068,0.12990820407867432,0.9686312079429626,0.686067521572113
YCR069W,YMR189W,0,-0.10079229,0.12989164888858795,0.9686312079429626,0.6861680746078491
YGL043W,YKL167C,0,-0.10127008,0.1298750936985016,0.9686312079429626,0.6862685680389404
YML066C,YDL064W,0,-0.10178661,0.12985853850841522,0.9686312079429626,0.6863691210746765
YJR043C,YLL010C,0,-0.101908624,0.12984199821949005,0.9686312079429626,0.6864696145057678
YBL050W,YDR293C,0,-0.10205999,0.12982545793056488,0.9686312079429626,0.6865701675415039
YPL020C,YMR291W,0,-0.103345126,0.1298089176416397,0.9686312079429626,0.6866706609725952
YNL154C,YER004W,0,-0.1035223,0.12979237735271454,0.9686312079429626,0.6867712140083313
YDR155C,YGL012W,0,-0.10362503,0.12977585196495056,0.9686312079429626,0.6868717074394226
YNL067W,YNL058C,0,-0.104522884,0.12975932657718658,0.9686312079429626,0.6869722604751587
YIL010W,YHR084W,0,-0.10555577,0.1297428011894226,0.9686312079429626,0.68707275390625
YDR051C,YOR339C,0,-0.10571438,0.12972629070281982,0.9686312079429626,0.6871733069419861
YBL009W,YDR291W,0,-0.10613316,0.12970978021621704,0.9686312079429626,0.6872738003730774
YOR010C,YML121W,0,-0.1070019,0.12969326972961426,0.9686312079429626,0.6873743534088135
YDR214W,YGL133W,0,-0.107646644,0.12967675924301147,0.9686312079429626,0.6874748468399048
YGL224C,YOR035C,0,-0.108150065,0.12966026365756989,0.9686312079429626,0.6875753998756409
YOR208W,YNL047C,0,-0.108178854,0.1296437680721283,0.9686312079429626,0.6876758933067322
YBR079C,YJL100W,0,-0.10843533,0.1296272724866867,0.9686312079429626,0.6877764463424683
YML001W,YKR039W,0,-0.108603,0.1296107918024063,0.9686312079429626,0.6878769397735596
YGL017W,YKL018W,0,-0.1086466,0.12959429621696472,0.9686312079429626,0.6879774928092957
YKL176C,YHR062C,0,-0.10910764,0.12957783043384552,0.9686312079429626,0.688077986240387
YMR068W,YJR067C,0,-0.109686255,0.12956134974956512,0.9686312079429626,0.688178539276123
YDR184C,YHR084W,0,-0.11048424,0.12954488396644592,0.9686312079429626,0.6882790327072144
YDR307W,YNL265C,0,-0.11095309,0.12952840328216553,0.9686312079429626,0.6883795857429504
YJL047C,YPR164W,0,-0.111638755,0.12951195240020752,0.9686312079429626,0.6884800791740417
YKR013W,YHR115C,0,-0.11305329,0.12949548661708832,0.9686312079429626,0.6885806322097778
YDR020C,YCR097W,0,-0.11328271,0.1294790357351303,0.9686312079429626,0.6886811256408691
YPL152W,YOR336W,0,-0.1147427,0.1294625848531723,0.9686312079429626,0.6887816786766052
YER144C,YGL100W,0,-0.11645615,0.1294461339712143,0.9686312079429626,0.6888821721076965
YDR182W,YML075C,0,-0.11654547,0.12942969799041748,0.9686312079429626,0.6889827251434326
YBR070C,YBR068C,0,-0.117055714,0.12941326200962067,0.9686312079429626,0.6890832185745239
YNL096C,YIR003W,1,-0.11855057,0.12952381372451782,0.9695817232131958,0.6890832185745239
YOR141C,YAL042W,0,-0.11858553,0.12950736284255981,0.9695817232131958,0.68918377161026
YPR052C,YEL009C,0,-0.118599236,0.129490926861763,0.9695817232131958,0.6892842650413513
YPL255W,YDL161W,0,-0.11872956,0.1294744908809662,0.9695817232131958,0.6893848180770874
YOR321W,YOL068C,0,-0.11886999,0.12945805490016937,0.9695817232131958,0.6894853115081787
YDR104C,YGL224C,0,-0.118953854,0.12944161891937256,0.9695817232131958,0.6895858645439148
YIL099W,YOL148C,0,-0.11959845,0.12942519783973694,0.9695817232131958,0.6896863579750061
YBL050W,YNL275W,0,-0.11962587,0.12940877676010132,0.9695817232131958,0.6897869110107422
YEL046C,YBR098W,0,-0.12001419,0.1293923705816269,0.9695817232131958,0.6898874044418335
YNL186W,YMR323W,0,-0.120182216,0.12937594950199127,0.9695817232131958,0.6899879574775696
YML008C,YOR035C,0,-0.120597124,0.12935954332351685,0.9695817232131958,0.6900884509086609
YJL209W,YKR029C,0,-0.1209774,0.12934313714504242,0.9695817232131958,0.690189003944397
YLR408C,YDL104C,0,-0.12100592,0.1293267458677292,0.9695817232131958,0.6902894973754883
YLR205C,YDR409W,0,-0.12103546,0.12931033968925476,0.9695817232131958,0.6903900504112244
YDR180W,YDL222C,0,-0.12245846,0.12929394841194153,0.9695817232131958,0.6904905438423157
YFL050C,YOR368W,0,-0.12364301,0.1292775720357895,0.9695817232131958,0.6905910968780518
YER144C,YJR125C,0,-0.12386167,0.12926118075847626,0.9695817232131958,0.6906915903091431
YDR182W,YBR014C,0,-0.12416136,0.12924480438232422,0.9695817232131958,0.6907921433448792
YDL020C,YOL027C,0,-0.12481359,0.12922842800617218,0.9695817232131958,0.6908926367759705
YIL041W,YOR336W,0,-0.1271258,0.12921206653118134,0.9695817232131958,0.6909931898117065
YLR174W,YLR210W,0,-0.12735254,0.1291956901550293,0.9695817232131958,0.6910936832427979
YPL053C,YKR086W,0,-0.12828124,0.12917932868003845,0.9695817232131958,0.6911942362785339
YPR185W,YNL047C,0,-0.12833542,0.1291629672050476,0.9695817232131958,0.6912947297096252
YFL009W,YOR140W,0,-0.12836042,0.12914662063121796,0.9695817232131958,0.6913952827453613
YBR302C,YIL015W,0,-0.12840885,0.1291302740573883,0.9695817232131958,0.6914957761764526
YMR236W,YFL008W,0,-0.12963083,0.12911392748355865,0.9695817232131958,0.6915963292121887
YNL075W,YOR141C,0,-0.12996584,0.129097580909729,0.9695817232131958,0.69169682264328
YKL184W,YJL122W,0,-0.13013029,0.12908124923706055,0.9695817232131958,0.6917973756790161
YEL020C,YDR180W,0,-0.13155371,0.1290649175643921,0.9695817232131958,0.6918978691101074
YLR297W,YNL087W,0,-0.13207781,0.12904858589172363,0.9695817232131958,0.6919983625411987
YLR431C,YPL030W,0,-0.13335699,0.12903225421905518,0.9695817232131958,0.6920989155769348
YDR324C,YBL097W,0,-0.13362312,0.1290159374475479,0.9695817232131958,0.6921994090080261
YNL139C,YJL207C,0,-0.13453883,0.12899962067604065,0.9695817232131958,0.6922999620437622
YDR349C,YMR121C,0,-0.13458157,0.1289833039045334,0.9695817232131958,0.6924004554748535
YMR135C,YFR042W,0,-0.13482642,0.12896700203418732,0.9695817232131958,0.6925010085105896
YFR009W,YOR130C,0,-0.13527685,0.12895070016384125,0.9695817232131958,0.6926015019416809
YPR075C,YLR341W,0,-0.13622177,0.12893439829349518,0.9695817232131958,0.692702054977417
YNL083W,YDR489W,0,-0.13672113,0.1289180964231491,0.9695817232131958,0.6928025484085083
YLL005C,YLR035C,0,-0.13823873,0.12890180945396423,0.9695817232131958,0.6929031014442444
YKL120W,YOL130W,0,-0.13862932,0.12888552248477936,0.9695817232131958,0.6930035948753357
YGR227W,YDR488C,0,-0.13889766,0.12886923551559448,0.9695817232131958,0.6931041479110718
YJL076W,YMR231W,0,-0.13948321,0.1288529634475708,0.9695817232131958,0.6932046413421631
YOL008W,YHR065C,0,-0.1395551,0.12883667647838593,0.9695817232131958,0.6933051943778992
YDL159W,YFL050C,0,-0.1404624,0.12882040441036224,0.9695817232131958,0.6934056878089905
YCL045C,YPR022C,0,-0.14088333,0.12880414724349976,0.9695817232131958,0.6935062408447266
YER172C,YJL020C,0,-0.14102006,0.12878787517547607,0.9695817232131958,0.6936067342758179
YJR091C,YHR178W,0,-0.14157456,0.1287716180086136,0.9695817232131958,0.693707287311554
YJL207C,YNL093W,0,-0.1421808,0.1287553608417511,0.9695817232131958,0.6938077807426453
YIL158W,YMR170C,0,-0.14273387,0.1287391185760498,0.9695817232131958,0.6939083337783813
YBR290W,YLR144C,0,-0.14333355,0.12872286140918732,0.9695817232131958,0.6940088272094727
YDR162C,YGL166W,0,-0.14353848,0.12870661914348602,0.9695817232131958,0.6941093802452087
YIL105C,YNL148C,0,-0.1435411,0.12869039177894592,0.9695817232131958,0.6942098736763
YGL134W,YML065W,0,-0.14370912,0.12867414951324463,0.9695817232131958,0.6943104267120361
YPL164C,YGR284C,0,-0.14399672,0.12865792214870453,0.9695817232131958,0.6944109201431274
YPR121W,YJR067C,0,-0.14414907,0.12864169478416443,0.9695817232131958,0.6945114731788635
YDL188C,YBR135W,0,-0.14450824,0.12862546741962433,0.9695817232131958,0.6946119666099548
YOR329C,YDR113C,0,-0.14620054,0.12860925495624542,0.9695817232131958,0.6947125196456909
YDL194W,YOL113W,0,-0.14627397,0.12859304249286652,0.9695817232131958,0.6948130130767822
YGR209C,YPL228W,0,-0.14629143,0.1285768300294876,0.9695817232131958,0.6949135661125183
YGR108W,YBR201W,0,-0.14697003,0.1285606324672699,0.9695817232131958,0.6950140595436096
YKR022C,YPR052C,0,-0.14713526,0.128544420003891,0.9695817232131958,0.6951146125793457
YGR059W,YIL085C,0,-0.14717442,0.12852822244167328,0.9695817232131958,0.695215106010437
YHR016C,YOL060C,0,-0.14726591,0.12851202487945557,0.9695817232131958,0.6953156590461731
YBR077C,YLR027C,0,-0.14730293,0.12849584221839905,0.9695817232131958,0.6954161524772644
YDL010W,YBR201W,0,-0.14744014,0.12847965955734253,0.9695817232131958,0.6955167055130005
YFR009W,YKL139W,0,-0.14804149,0.128463476896286,0.9695817232131958,0.6956171989440918
YLR410W,YOR205C,0,-0.14805865,0.1284472942352295,0.9695817232131958,0.6957177519798279
YDR522C,YGR249W,0,-0.14833063,0.12843112647533417,0.9695817232131958,0.6958182454109192
YAR071W,YOL148C,0,-0.14848357,0.12841495871543884,0.9695817232131958,0.6959187984466553
YPL187W,YMR231W,0,-0.14849597,0.12839879095554352,0.9695817232131958,0.6960192918777466
YJR152W,YPL081W,0,-0.14966351,0.1283826231956482,0.9695817232131958,0.6961198449134827
YDR522C,YIL110W,0,-0.14991617,0.12836647033691406,0.9695817232131958,0.696220338344574
YMR104C,YER183C,0,-0.1505357,0.12835031747817993,0.9695817232131958,0.6963208913803101
YLR071C,YBR199W,0,-0.15054095,0.128334179520607,0.9695817232131958,0.6964213848114014
YLR081W,YNL152W,0,-0.1506806,0.12831802666187286,0.9695817232131958,0.6965219378471375
YJL113W,YPL005W,0,-0.15091991,0.12830188870429993,0.9695817232131958,0.6966224312782288
YBR215W,YJR014W,0,-0.15115917,0.128285750746727,0.9695817232131958,0.6967229843139648
YKL146W,YOL001W,0,-0.15182543,0.12826961278915405,0.9695817232131958,0.6968234777450562
YPL128C,YHR166C,0,-0.15377623,0.1282534897327423,0.9695817232131958,0.6969240307807922
YGR121C,YNR063W,0,-0.15384221,0.12823736667633057,0.9695817232131958,0.6970245242118835
YLR310C,YML001W,0,-0.1545524,0.12822124361991882,0.9695817232131958,0.6971250772476196
YJL204C,YKL084W,0,-0.15480685,0.12820513546466827,0.9695817232131958,0.6972255706787109
YJR091C,YHL020C,0,-0.15515071,0.12818901240825653,0.9695817232131958,0.697326123714447
YFL009W,YHR134W,0,-0.15550935,0.12817290425300598,0.9695817232131958,0.6974266171455383
YPL009C,YNL124W,0,-0.15553701,0.12815681099891663,0.9695817232131958,0.6975271701812744
YGR028W,YNR051C,0,-0.15697116,0.12814070284366608,0.9695817232131958,0.6976276636123657
YBR136W,YGL011C,0,-0.15715998,0.12812460958957672,0.9695817232131958,0.697728157043457
YGR091W,YGL097W,0,-0.15731472,0.12810851633548737,0.9695817232131958,0.6978287100791931
YER157W,YIL015W,0,-0.15783101,0.128092423081398,0.9695817232131958,0.6979292035102844
YDL155W,YGR109C,0,-0.15815306,0.12807634472846985,0.9695817232131958,0.6980297565460205
YDL132W,YLR178C,0,-0.15820694,0.1280602663755417,0.9695817232131958,0.6981302499771118
YBR133C,YGR280C,0,-0.15880889,0.12804418802261353,0.9695817232131958,0.6982308030128479
YHR134W,YOR178C,0,-0.1594305,0.12802810966968536,0.9695817232131958,0.6983312964439392
YBR179C,YKR065C,0,-0.16178536,0.1280120462179184,0.9695817232131958,0.6984318494796753
YPR091C,YNL311C,1,-0.1618036,0.12812146544456482,0.9705322980880737,0.6984318494796753
YHR034C,YCR033W,0,-0.16181016,0.12810540199279785,0.9705322980880737,0.6985323429107666
YHR001W,YPL190C,0,-0.1640954,0.1280893236398697,0.9705322980880737,0.6986328959465027
YLR376C,YCR048W,0,-0.16458344,0.12807326018810272,0.9705322980880737,0.698733389377594
YIL117C,YIR008C,0,-0.16458595,0.12805719673633575,0.9705322980880737,0.6988339424133301
YGR256W,YDR208W,0,-0.16482687,0.1280411332845688,0.9705322980880737,0.6989344358444214
YKL025C,YHR001W,0,-0.16531813,0.128025084733963,0.9705322980880737,0.6990349888801575
YNL222W,YPL066W,0,-0.16572535,0.12800902128219604,0.9705322980880737,0.6991354823112488
YDR462W,YDR027C,0,-0.16589564,0.12799297273159027,0.9705322980880737,0.6992360353469849
YDL207W,YHR176W,0,-0.16600055,0.1279769390821457,0.9705322980880737,0.6993365287780762
YLR274W,YPL270W,0,-0.16607511,0.12796089053153992,0.9705322980880737,0.6994370818138123
YBR070C,YDR141C,0,-0.16766274,0.12794485688209534,0.9705322980880737,0.6995375752449036
YDR162C,YDL079C,0,-0.16778576,0.12792883813381195,0.9705322980880737,0.6996381282806396
YNL154C,YNL272C,0,-0.1682812,0.12791280448436737,0.9705322980880737,0.699738621711731
YHR034C,YNL097C,0,-0.16848832,0.12789678573608398,0.9705322980880737,0.699839174747467
YHR079C-A,YGR048W,0,-0.16929823,0.1278807669878006,0.9705322980880737,0.6999396681785583
YCR027C,YER018C,0,-0.17029452,0.1278647482395172,0.9705322980880737,0.7000402212142944
YJL116C,YPL005W,0,-0.17074543,0.12784872949123383,0.9705322980880737,0.7001407146453857
YKL176C,YJR125C,0,-0.17094469,0.12783272564411163,0.9705322980880737,0.7002412676811218
YML131W,YCR069W,0,-0.1714238,0.12781672179698944,0.9705322980880737,0.7003417611122131
YML123C,YOL027C,0,-0.17163843,0.12780073285102844,0.9705322980880737,0.7004423141479492
YPL164C,YAL001C,0,-0.17178667,0.12778472900390625,0.9705322980880737,0.7005428075790405
YDL044C,YDL156W,0,-0.17200696,0.12776874005794525,0.9705322980880737,0.7006433606147766
YBL046W,YML007W,0,-0.172526,0.12775275111198425,0.9705322980880737,0.7007438540458679
YOR328W,YJL159W,0,-0.17324126,0.12773677706718445,0.9705322980880737,0.700844407081604
YNL139C,YBL005W-A,0,-0.17389393,0.12772078812122345,0.9705322980880737,0.7009449005126953
YPL128C,YPL118W,0,-0.17405868,0.12770481407642365,0.9705322980880737,0.7010454535484314
YMR323W,YML019W,0,-0.17466235,0.12768884003162384,0.9705322980880737,0.7011459469795227
YHR178W,YDR484W,0,-0.17472345,0.12767288088798523,0.9705322980880737,0.7012465000152588
YMR283C,YER021W,0,-0.17507076,0.12765690684318542,0.9705322980880737,0.7013469934463501
YML072C,YFR055W,0,-0.17560905,0.12764094769954681,0.9705322980880737,0.7014475464820862
YBR302C,YOR360C,0,-0.17593408,0.1276250034570694,0.9705322980880737,0.7015480399131775
YPR151C,YGR091W,0,-0.1763609,0.1276090443134308,0.9705322980880737,0.7016485929489136
YBL040C,YLR240W,0,-0.17648011,0.12759310007095337,0.9705322980880737,0.7017490863800049
YDR162C,YLL042C,0,-0.1767878,0.12757715582847595,0.9705322980880737,0.701849639415741
YFL052W,YPR079W,0,-0.17734683,0.12756122648715973,0.9705322980880737,0.7019501328468323
YGL029W,YBL105C,0,-0.1776076,0.1275452822446823,0.9705322980880737,0.7020506858825684
YDR210W,YAR071W,0,-0.17769063,0.1275293529033661,0.9705322980880737,0.7021511793136597
YGR090W,YOL130W,0,-0.17825723,0.12751342356204987,0.9705322980880737,0.7022517323493958
YIL162W,YOR073W,0,-0.17850548,0.12749750912189484,0.9705322980880737,0.7023522257804871
YLR242C,YPL228W,0,-0.17906743,0.1274815797805786,0.9705322980880737,0.7024527788162231
YMR189W,YHR032W,0,-0.17949545,0.12746566534042358,0.9705322980880737,0.7025532722473145
YGL043W,YDR331W,0,-0.17950201,0.12744975090026855,0.9705322980880737,0.7026538252830505
YBL040C,YCL040W,0,-0.1800741,0.12743385136127472,0.9705322980880737,0.7027543187141418
YBR199W,YKL012W,0,-0.18082875,0.12741795182228088,0.9705322980880737,0.7028548717498779
YER075C,YLR399C,0,-0.18104553,0.12740205228328705,0.9705322980880737,0.7029553651809692
YML046W,YKR025W,0,-0.18107998,0.1273861527442932,0.9705322980880737,0.7030559182167053
YIL023C,YMR277W,0,-0.1814729,0.12737025320529938,0.9705322980880737,0.7031564116477966
YGR271C-A,YJR137C,0,-0.18362433,0.12735436856746674,0.9705322980880737,0.7032569646835327
YPR201W,YDR266C,0,-0.18377769,0.1273384839296341,0.9705322980880737,0.703357458114624
YJL063C,YBR160W,1,-0.18403602,0.12744730710983276,0.9714828729629517,0.703357458114624
YDL168W,YBL105C,0,-0.18410832,0.12743142247200012,0.9714828729629517,0.7034580111503601
YGR087C,YJR007W,0,-0.18485439,0.12741553783416748,0.9714828729629517,0.7035585045814514
YJR090C,YPL170W,0,-0.18571359,0.12739965319633484,0.9714828729629517,0.7036589980125427
YNL088W,YLR002C,0,-0.1873582,0.1273837685585022,0.9714828729629517,0.7037595510482788
YKR010C,YOL027C,0,-0.1877402,0.12736789882183075,0.9714828729629517,0.7038600444793701
YPL020C,YFL031W,0,-0.18789291,0.1273520290851593,0.9714828729629517,0.7039605975151062
YOL006C,YCR043C,0,-0.18818188,0.12733615934848785,0.9714828729629517,0.7040610909461975
YPR183W,YBR098W,0,-0.1886015,0.1273202896118164,0.9714828729629517,0.7041616439819336
YDL239C,YML065W,0,-0.18872738,0.12730443477630615,0.9714828729629517,0.7042621374130249
YJL159W,YPL057C,0,-0.18877071,0.1272885799407959,0.9714828729629517,0.704362690448761
YIR033W,YFL034C-A,0,-0.1892184,0.12727272510528564,0.9714828729629517,0.7044631838798523
YER004W,YLR308W,0,-0.18923068,0.12725688517093658,0.9714828729629517,0.7045637369155884
YGL020C,YOR064C,0,-0.18930817,0.12724103033542633,0.9714828729629517,0.7046642303466797
YGR157W,YCL030C,0,-0.18969935,0.12722519040107727,0.9714828729629517,0.7047647833824158
YOR115C,YHR032W,0,-0.1904242,0.1272093653678894,0.9714828729629517,0.7048652768135071
YGR125W,YAL009W,0,-0.19110358,0.12719352543354034,0.9714828729629517,0.7049658298492432
YBR057C,YFL034C-A,0,-0.19121927,0.12717770040035248,0.9714828729629517,0.7050663232803345
YMR283C,YDL156W,0,-0.19310182,0.1271618753671646,0.9714828729629517,0.7051668763160706
YOL039W,YML058W,0,-0.19330144,0.12714605033397675,0.9714828729629517,0.7052673697471619
YDR119W,YNL326C,0,-0.19388819,0.12713024020195007,0.9714828729629517,0.705367922782898
YDR104C,YHR124W,0,-0.19496286,0.1271144300699234,0.9714828729629517,0.7054684162139893
YOR321W,YCR079W,0,-0.19565165,0.12709861993789673,0.9714828729629517,0.7055689692497253
YEL063C,YMR047C,0,-0.19647777,0.12708280980587006,0.9714828729629517,0.7056694626808167
YDR191W,YOR362C,0,-0.1969918,0.12706701457500458,0.9714828729629517,0.7057700157165527
YNL275W,YLR095C,0,-0.19700879,0.1270512193441391,0.9714828729629517,0.705870509147644
YBL004W,YOR190W,0,-0.19745219,0.12703542411327362,0.9714828729629517,0.7059710621833801
YOR321W,YNL047C,0,-0.19783342,0.12701964378356934,0.9714828729629517,0.7060715556144714
YIL131C,YOR030W,0,-0.19861239,0.12700384855270386,0.9714828729629517,0.7061721086502075
YGR227W,YIL040W,0,-0.19985378,0.12698806822299957,0.9714828729629517,0.7062726020812988
YDR142C,YGL008C,0,-0.20009696,0.1269722878932953,0.9714828729629517,0.7063731551170349
YJR137C,YHR050W,0,-0.20046228,0.1269565224647522,0.9714828729629517,0.7064736485481262
YMR164C,YEL020C,0,-0.20113313,0.1269407570362091,0.9714828729629517,0.7065742015838623
YLR132C,YOR028C,0,-0.2012341,0.12692499160766602,0.9714828729629517,0.7066746950149536
YPR029C,YER021W,0,-0.2015745,0.12690922617912292,0.9714828729629517,0.7067752480506897
YBR216C,YCL040W,0,-0.20227277,0.12689347565174103,0.9714828729629517,0.706875741481781
YOL119C,YGL011C,0,-0.20255297,0.12687771022319794,0.9714828729629517,0.7069762945175171
YBR290W,YGL145W,0,-0.20317662,0.12686195969581604,0.9714828729629517,0.7070767879486084
YMR283C,YLR368W,0,-0.20389211,0.12684622406959534,0.9714828729629517,0.7071773409843445
YNL064C,YBR298C,0,-0.20404452,0.12683047354221344,0.9714828729629517,0.7072778344154358
YEL004W,YBR106W,0,-0.20417893,0.12681473791599274,0.9714828729629517,0.7073783874511719
YNL047C,YDL213C,0,-0.20418555,0.12679900228977203,0.9714828729629517,0.7074788808822632
YHL013C,YER018C,0,-0.20503986,0.12678328156471252,0.9714828729629517,0.7075794339179993
YGL079W,YDR354W,0,-0.20578235,0.12676754593849182,0.9714828729629517,0.7076799273490906
YIL127C,YBR229C,0,-0.20624506,0.1267518252134323,0.9714828729629517,0.7077804803848267
YDR267C,YFL002C,0,-0.20650423,0.1267361044883728,0.9714828729629517,0.707880973815918
YHR107C,YBR221C,0,-0.20703429,0.1267203986644745,0.9714828729629517,0.707981526851654
YBL102W,YDR198C,0,-0.20706308,0.12670469284057617,0.9714828729629517,0.7080820202827454
YDL002C,YIL066C,0,-0.20742595,0.12668898701667786,0.9714828729629517,0.7081825733184814
YNL082W,YGL131C,0,-0.20839709,0.12667328119277954,0.9714828729629517,0.7082830667495728
YHL002W,YBR298C,0,-0.20845568,0.12665757536888123,0.9714828729629517,0.7083836197853088
YAR050W,YNL152W,0,-0.21049047,0.1266418844461441,0.9714828729629517,0.7084841132164001
YJR043C,YPL265W,0,-0.21051264,0.12662619352340698,0.9714828729629517,0.7085846662521362
YDR346C,YGR261C,0,-0.21063566,0.12661050260066986,0.9714828729629517,0.7086851596832275
YOR196C,YER124C,0,-0.2107209,0.12659482657909393,0.9714828729629517,0.7087857127189636
YER048C,YBL097W,0,-0.21174312,0.1265791356563568,0.9714828729629517,0.7088862061500549
YDR043C,YBR110W,0,-0.21192932,0.12656347453594208,0.9714828729629517,0.708986759185791
YKL046C,YKL035W,0,-0.21248347,0.12654779851436615,0.9714828729629517,0.7090872526168823
YDL194W,YMR283C,0,-0.21322513,0.12653212249279022,0.9714828729629517,0.7091878056526184
YJL099W,YPR165W,0,-0.21401596,0.1265164613723755,0.9714828729629517,0.7092882990837097
YFL055W,YJL115W,0,-0.2148835,0.12650080025196075,0.9714828729629517,0.709388792514801
YIL162W,YDL025C,0,-0.21536124,0.12648515403270721,0.9714828729629517,0.7094893455505371
YPL164C,YMR268C,0,-0.21609867,0.12646949291229248,0.9714828729629517,0.7095898389816284
YFL008W,YDL222C,0,-0.21613646,0.12645384669303894,0.9714828729629517,0.7096903920173645
YNL229C,YDR489W,0,-0.21650404,0.1264382004737854,0.9714828729629517,0.7097908854484558
YGR049W,YJR056C,0,-0.21698284,0.12642256915569305,0.9714828729629517,0.7098914384841919
YER039C,YGR195W,0,-0.21836722,0.12640692293643951,0.9714828729629517,0.7099919319152832
YBL016W,YJL159W,0,-0.21841967,0.12639129161834717,0.9714828729629517,0.7100924849510193
YJL010C,YMR047C,0,-0.21976465,0.12637566030025482,0.9714828729629517,0.7101929783821106
YKL071W,YER141W,0,-0.22025275,0.12636004388332367,0.9714828729629517,0.7102935314178467
YPL256C,YOL021C,0,-0.22049832,0.12634441256523132,0.9714828729629517,0.710394024848938
YKL125W,YPL232W,0,-0.22076595,0.12632879614830017,0.9714828729629517,0.7104945778846741
YLR362W,YPR004C,0,-0.22117144,0.1263131946325302,0.9714828729629517,0.7105950713157654
YKR029C,YLR117C,0,-0.2215203,0.12629757821559906,0.9714828729629517,0.7106956243515015
YLR274W,YJL137C,0,-0.22214556,0.1262819766998291,0.9714828729629517,0.7107961177825928
YKL025C,YBR088C,0,-0.22303331,0.12626637518405914,0.9714828729629517,0.7108966708183289
YFR046C,YPL045W,0,-0.2231983,0.12625077366828918,0.9714828729629517,0.7109971642494202
YPL217C,YDL156W,0,-0.22326571,0.12623517215251923,0.9714828729629517,0.7110977172851562
YGR038W,YNL224C,0,-0.22381544,0.12621958553791046,0.9714828729629517,0.7111982107162476
YBL067C,YDL092W,0,-0.22438723,0.1262039989233017,0.9714828729629517,0.7112987637519836
YBR221C,YDL058W,0,-0.22496235,0.12618841230869293,0.9714828729629517,0.711399257183075
YHR083W,YLR319C,0,-0.22510159,0.12617284059524536,0.9714828729629517,0.711499810218811
YNR051C,YOR028C,0,-0.22513562,0.1261572688817978,0.9714828729629517,0.7116003036499023
YGL017W,YDR017C,0,-0.2256394,0.12614169716835022,0.9714828729629517,0.7117008566856384
YFL062W,YPL265W,0,-0.22584194,0.12612612545490265,0.9714828729629517,0.7118013501167297
YLR178C,YIL122W,0,-0.22634637,0.12611056864261627,0.9714828729629517,0.7119019031524658
YBL099W,YDR123C,0,-0.2267347,0.1260949969291687,0.9714828729629517,0.7120023965835571
YML069W,YBR070C,0,-0.22684616,0.12607944011688232,0.9714828729629517,0.7121029496192932
YCR028C-A,YOR083W,0,-0.22801352,0.12606389820575714,0.9714828729629517,0.7122034430503845
YIR003W,YNL241C,0,-0.22851908,0.12604834139347076,0.9714828729629517,0.7123039960861206
YBR152W,YKR087C,0,-0.23104674,0.12603279948234558,0.9714828729629517,0.7124044895172119
YHL007C,YJL209W,0,-0.23106343,0.1260172575712204,0.9714828729629517,0.712505042552948
YEL034W,YJL123C,1,-0.23138404,0.1261250227689743,0.9724334478378296,0.712505042552948
YGR023W,YDR348C,0,-0.23196125,0.12610946595668793,0.9724334478378296,0.7126055359840393
YJR088C,YGL044C,0,-0.23237097,0.12609392404556274,0.9724334478378296,0.7127060890197754
YJL099W,YER004W,0,-0.23306006,0.12607838213443756,0.9724334478378296,0.7128065824508667
YOR229W,YER006W,0,-0.23307157,0.12606284022331238,0.9724334478378296,0.7129071354866028
YDL010W,YGR065C,0,-0.2332015,0.1260473132133484,0.9724334478378296,0.7130076289176941
YKL008C,YOR058C,0,-0.23391438,0.1260317862033844,0.9724334478378296,0.7131081819534302
YJL145W,YBL067C,0,-0.23391801,0.1260162591934204,0.9724334478378296,0.7132086753845215
YMR278W,YJR014W,0,-0.23410255,0.12600073218345642,0.9724334478378296,0.7133092284202576
YGL184C,YNL116W,0,-0.23428881,0.12598522007465363,0.9724334478378296,0.7134097218513489
YDR267C,YPR065W,0,-0.23463649,0.12596970796585083,0.9724334478378296,0.713510274887085
YJL123C,YKL156W,1,-0.23488563,0.1260773241519928,0.9733840227127075,0.713510274887085
YJR095W,YDL155W,0,-0.23502707,0.1260617971420288,0.9733840227127075,0.7136107683181763
YPL016W,YLR449W,0,-0.23655605,0.126046285033226,0.9733840227127075,0.7137113213539124
YER054C,YPR103W,0,-0.236588,0.12603077292442322,0.9733840227127075,0.7138118147850037
YJL028W,YPL164C,0,-0.2379849,0.12601526081562042,0.9733840227127075,0.7139123678207397
YPR061C,YKL184W,0,-0.23809725,0.12599974870681763,0.9733840227127075,0.714012861251831
YIR033W,YGL029W,0,-0.23835826,0.12598425149917603,0.9733840227127075,0.7141134142875671
YLR071C,YMR291W,0,-0.23872918,0.12596875429153442,0.9733840227127075,0.7142139077186584
YDR346C,YMR092C,0,-0.23917818,0.12595325708389282,0.9733840227127075,0.7143144607543945
YMR158W,YJL118W,1,-0.23949319,0.12606075406074524,0.9743345975875854,0.7143144607543945
YMR052W,YJL184W,0,-0.24037099,0.12604525685310364,0.9743345975875854,0.7144149541854858
YBR302C,YLR399C,0,-0.24053967,0.12602975964546204,0.9743345975875854,0.7145155072212219
YLR034C,YEL011W,0,-0.2406218,0.12601426243782043,0.9743345975875854,0.7146160006523132
YGR121C,YOR307C,0,-0.24105608,0.12599876523017883,0.9743345975875854,0.7147165536880493
YDL132W,YMR029C,0,-0.24177605,0.12598328292369843,0.9743345975875854,0.7148170471191406
YFR051C,YML126C,0,-0.24256957,0.12596780061721802,0.9743345975875854,0.7149176001548767
YGR140W,YJL203W,0,-0.24262786,0.1259523183107376,0.9743345975875854,0.715018093585968
YMR189W,YIR035C,0,-0.24293584,0.1259368509054184,0.9743345975875854,0.7151185870170593
YMR190C,YJR125C,0,-0.24301362,0.125921368598938,0.9743345975875854,0.7152191400527954
YOR144C,YBL100W-A,0,-0.24312484,0.12590590119361877,0.9743345975875854,0.7153196334838867
YPL246C,YNL252C,0,-0.24348629,0.12589044868946075,0.9743345975875854,0.7154201865196228
YCR028C-A,YOR073W,0,-0.24349087,0.12587498128414154,0.9743345975875854,0.7155206799507141
YLR174W,YKL101W,0,-0.24360287,0.12585952877998352,0.9743345975875854,0.7156212329864502
YPL211W,YLR320W,0,-0.24370325,0.1258440762758255,0.9743345975875854,0.7157217264175415
YDR311W,YLR240W,0,-0.2445435,0.12582862377166748,0.9743345975875854,0.7158222794532776
YOR196C,YGR091W,0,-0.24496007,0.12581318616867065,0.9743345975875854,0.7159227728843689
YGR247W,YPL249C,0,-0.24517578,0.12579774856567383,0.9743345975875854,0.716023325920105
YCL020W,YGL054C,0,-0.24518895,0.125782310962677,0.9743345975875854,0.7161238193511963
YPR104C,YGR277C,0,-0.24591589,0.12576687335968018,0.9743345975875854,0.7162243723869324
YER042W,YLR449W,0,-0.24648547,0.12575143575668335,0.9743345975875854,0.7163248658180237
YDR051C,YOL137W,0,-0.24674559,0.12573601305484772,0.9743345975875854,0.7164254188537598
YGR090W,YLR369W,0,-0.24676484,0.12572059035301208,0.9743345975875854,0.7165259122848511
YOR196C,YDR119W,0,-0.24744016,0.12570518255233765,0.9743345975875854,0.7166264653205872
YHR124W,YBL105C,0,-0.24757558,0.12568975985050201,0.9743345975875854,0.7167269587516785
YJR095W,YCR083W,0,-0.24862194,0.12567435204982758,0.9743345975875854,0.7168275117874146
YER021W,YGL181W,0,-0.2503959,0.12565894424915314,0.9743345975875854,0.7169280052185059
YGR013W,YPL003W,0,-0.25105715,0.1256435364484787,0.9743345975875854,0.7170285582542419
YBR258C,YDR264C,0,-0.25126946,0.12562814354896545,0.9743345975875854,0.7171290516853333
YBR179C,YER075C,0,-0.25130153,0.1256127506494522,0.9743345975875854,0.7172296047210693
YHR112C,YPL158C,0,-0.25130546,0.12559735774993896,0.9743345975875854,0.7173300981521606
YBR039W,YHL018W,0,-0.25230074,0.12558196485042572,0.9743345975875854,0.7174306511878967
YGR038W,YJL160C,0,-0.25275677,0.12556658685207367,0.9743345975875854,0.717531144618988
YHR115C,YPL158C,0,-0.2537217,0.12555119395256042,0.9743345975875854,0.7176316976547241
YLR336C,YPL232W,0,-0.25372857,0.12553583085536957,0.9743345975875854,0.7177321910858154
YOR371C,YJL014W,0,-0.2541501,0.12552045285701752,0.9743345975875854,0.7178327441215515
YGR125W,YMR280C,0,-0.25416332,0.12550507485866547,0.9743345975875854,0.7179332375526428
YPL164C,YGL175C,0,-0.2563933,0.1254897117614746,0.9743345975875854,0.7180337905883789
YCL040W,YBR098W,0,-0.2569602,0.12547434866428375,0.9743345975875854,0.7181342840194702
YGR186W,YOR100C,0,-0.2571017,0.1254590004682541,0.9743345975875854,0.7182348370552063
YJL204C,YOL034W,0,-0.25731617,0.12544363737106323,0.9743345975875854,0.7183353304862976
YDR506C,YJL159W,0,-0.2585777,0.12542828917503357,0.9743345975875854,0.7184358835220337
YGL145W,YDR208W,0,-0.25858694,0.1254129409790039,0.9743345975875854,0.718536376953125
YMR236W,YOR231W,0,-0.25949967,0.12539760768413544,0.9743345975875854,0.7186369299888611
YGL038C,YGR284C,0,-0.25966555,0.12538225948810577,0.9743345975875854,0.7187374234199524
YDR488C,YGR067C,0,-0.259879,0.1253669261932373,0.9743345975875854,0.7188379764556885
YDR221W,YBR018C,0,-0.25988984,0.12535159289836884,0.9743345975875854,0.7189384698867798
YBR288C,YNL099C,0,-0.2599485,0.12533627450466156,0.9743345975875854,0.7190390229225159
YLR136C,YHR102W,0,-0.26115716,0.1253209412097931,0.9743345975875854,0.7191395163536072
YMR113W,YHR018C,0,-0.261213,0.12530562281608582,0.9743345975875854,0.7192400693893433
YOR115C,YLR424W,0,-0.2614513,0.12529030442237854,0.9743345975875854,0.7193405628204346
YOR328W,YLR408C,0,-0.26189435,0.12527500092983246,0.9743345975875854,0.7194411158561707
YPR018W,YNL083W,0,-0.26294702,0.12525968253612518,0.9743345975875854,0.719541609287262
YPL009C,YGL068W,1,-0.2636562,0.12536656856536865,0.9752851724624634,0.719541609287262
YKR080W,YCR043C,0,-0.26367116,0.12535125017166138,0.9752851724624634,0.719642162322998
YDR191W,YLR095C,0,-0.2646374,0.1253359466791153,0.9752851724624634,0.7197426557540894
YHL002W,YBL016W,0,-0.26507854,0.12532062828540802,0.9752851724624634,0.7198432087898254
YNL315C,YOR141C,0,-0.26515496,0.12530532479286194,0.9752851724624634,0.7199437022209167
YBR079C,YHR166C,0,-0.26543212,0.12529002130031586,0.9752851724624634,0.7200442552566528
YLR128W,YIL015W,0,-0.26553142,0.12527473270893097,0.9752851724624634,0.7201447486877441
YCR102C,YOL060C,0,-0.26618028,0.1252594292163849,0.9752851724624634,0.7202453017234802
YHR121W,YLR210W,0,-0.26622558,0.125244140625,0.9752851724624634,0.7203457951545715
YMR260C,YLR424W,0,-0.26625758,0.1252288520336151,0.9752851724624634,0.7204463481903076
YNL014W,YDL156W,0,-0.266289,0.12521357834339142,0.9752851724624634,0.7205468416213989
YOR144C,YAL055W,0,-0.26724666,0.12519828975200653,0.9752851724624634,0.720647394657135
YKL096W,YHR141C,0,-0.26725125,0.12518301606178284,0.9752851724624634,0.7207478880882263
YJR067C,YNL327W,0,-0.26944804,0.12516774237155914,0.9752851724624634,0.7208484411239624
YKL222C,YKL221W,0,-0.26983124,0.12515248358249664,0.9752851724624634,0.7209489345550537
YPL105C,YDR186C,1,-0.27206457,0.1252591758966446,0.9762357473373413,0.7209489345550537
YNL099C,YGL175C,0,-0.27294636,0.1252439022064209,0.9762357473373413,0.721049427986145
YCR069W,YJL092W,0,-0.27367318,0.1252286285161972,0.9762357473373413,0.7211499810218811
YOL001W,YGR132C,0,-0.2738489,0.1252133697271347,0.9762357473373413,0.7212504744529724
YGL017W,YLR077W,0,-0.2738819,0.125198096036911,0.9762357473373413,0.7213510274887085
YDR142C,YDR354W,0,-0.27390116,0.1251828372478485,0.9762357473373413,0.7214515209197998
YOL013C,YDL194W,0,-0.2741419,0.125167578458786,0.9762357473373413,0.7215520739555359
YLR410W,YGL054C,0,-0.2743082,0.1251523345708847,0.9762357473373413,0.7216525673866272
YLR310C,YNL125C,0,-0.27479357,0.1251370757818222,0.9762357473373413,0.7217531204223633
YCR102C,YOR077W,0,-0.27502632,0.1251218318939209,0.9762357473373413,0.7218536138534546
YOR234C,YAR066W,0,-0.27531934,0.1251065880060196,0.9762357473373413,0.7219541668891907
YAR014C,YGL065C,0,-0.27548027,0.12509135901927948,0.9762357473373413,0.722054660320282
YNL326C,YER075C,0,-0.27607095,0.12507611513137817,0.9762357473373413,0.7221552133560181
YLR070C,YPL037C,0,-0.27636224,0.12506088614463806,0.9762357473373413,0.7222557067871094
YGL145W,YCR023C,0,-0.2765379,0.12504565715789795,0.9762357473373413,0.7223562598228455
YDR208W,YIL129C,0,-0.27711856,0.12503044307231903,0.9762357473373413,0.7224567532539368
YDL132W,YJL118W,0,-0.27870983,0.12501521408557892,0.9762357473373413,0.7225573062896729
YER144C,YHR001W,0,-0.27910566,0.125,0.9762357473373413,0.7226577997207642
YOL008W,YGR247W,0,-0.280837,0.12498478591442108,0.9762357473373413,0.7227583527565002
YMR052W,YPR056W,0,-0.281296,0.12496957927942276,0.9762357473373413,0.7228588461875916
YLR233C,YMR291W,0,-0.2821083,0.12495437264442444,0.9762357473373413,0.7229593992233276
YML123C,YHR045W,0,-0.2823754,0.12493917346000671,0.9762357473373413,0.723059892654419
YBL097W,YML072C,0,-0.28240085,0.12492397427558899,0.9762357473373413,0.723160445690155
YFL050C,YOR035C,0,-0.28243935,0.12490878254175186,0.9762357473373413,0.7232609391212463
YJR129C,YGL150C,0,-0.28288925,0.12489359080791473,0.9762357473373413,0.7233614921569824
YMR288W,YBR057C,0,-0.28348768,0.1248784065246582,0.9762357473373413,0.7234619855880737
YNL126W,YDR184C,0,-0.28379893,0.12486322224140167,0.9762357473373413,0.7235625386238098
YJL047C,YOL060C,0,-0.28386414,0.12484804540872574,0.9762357473373413,0.7236630320549011
YBR039W,YBR167C,0,-0.28511608,0.1248328685760498,0.9762357473373413,0.7237635850906372
YJR056C,YBR228W,0,-0.2857939,0.12481769919395447,0.9762357473373413,0.7238640785217285
YAR003W,YPL170W,0,-0.28579617,0.12480252981185913,0.9762357473373413,0.7239646315574646
YJL091C,YLR022C,0,-0.28588164,0.1247873604297638,0.9762357473373413,0.7240651249885559
YOL017W,YER172C,0,-0.2874508,0.12477220594882965,0.9762357473373413,0.724165678024292
YDL159W,YDR208W,0,-0.28786767,0.12475704401731491,0.9762357473373413,0.7242661714553833
YGR059W,YPL029W,0,-0.28875822,0.12474188953638077,0.9762357473373413,0.7243667244911194
YMR134W,YEL047C,0,-0.28895563,0.12472674250602722,0.9762357473373413,0.7244672179222107
YOL130W,YNL197C,0,-0.2894916,0.12471159547567368,0.9762357473373413,0.7245677709579468
YHR200W,YPL230W,0,-0.28978527,0.12469645589590073,0.9762357473373413,0.7246682643890381
YMR190C,YHR001W,0,-0.29027402,0.12468131631612778,0.9762357473373413,0.7247688174247742
YKL091C,YIR033W,0,-0.29149234,0.12466618418693542,0.9762357473373413,0.7248693108558655
YNL083W,YLR027C,0,-0.29152107,0.12465105205774307,0.9762357473373413,0.7249698638916016
YHR115C,YIR003W,0,-0.29197836,0.12463591992855072,0.9762357473373413,0.7250703573226929
YDR084C,YKR086W,0,-0.29309684,0.12462079524993896,0.9762357473373413,0.725170910358429
YER119C,YIR008C,0,-0.29312003,0.1246056780219078,0.9762357473373413,0.7252714037895203
YOR095C,YDR489W,0,-0.29354966,0.12459056079387665,0.9762357473373413,0.7253719568252563
YOR344C,YGL245W,0,-0.29395932,0.12457545101642609,0.9762357473373413,0.7254724502563477
YOL146W,YKL209C,0,-0.2954914,0.12456034123897552,0.9762357473373413,0.7255730032920837
YLR084C,YGR256W,0,-0.2956531,0.12454523146152496,0.9762357473373413,0.725673496723175
YBR288C,YDL161W,0,-0.2966643,0.124530129134655,0.9762357473373413,0.7257740497589111
YBR229C,YOR083W,0,-0.2975313,0.12451503425836563,0.9762357473373413,0.7258745431900024
YGL125W,YBR199W,0,-0.29768926,0.12449993938207626,0.9762357473373413,0.7259750962257385
YML110C,YOR028C,0,-0.29911625,0.12448485195636749,0.9762357473373413,0.7260755896568298
YDL239C,YPL228W,0,-0.2992834,0.12446976453065872,0.9762357473373413,0.7261761426925659
YDR382W,YPL187W,0,-0.30193663,0.12445467710494995,0.9762357473373413,0.7262766361236572
YGL065C,YMR268C,0,-0.30297005,0.12443959712982178,0.9762357473373413,0.7263771891593933
YLL015W,YGL077C,0,-0.30360985,0.1244245246052742,0.9762357473373413,0.7264776825904846
YBL019W,YFL002C,0,-0.30469286,0.12440945208072662,0.9762357473373413,0.7265782356262207
YOL094C,YGR278W,0,-0.30517268,0.12439437955617905,0.9762357473373413,0.726678729057312
YMR134W,YOR058C,0,-0.30525398,0.12437931448221207,0.9762357473373413,0.7267792224884033
YLR408C,YKL127W,0,-0.30532384,0.12436424940824509,0.9762357473373413,0.7268797755241394
YLR013W,YER172C,0,-0.30564845,0.1243491917848587,0.9762357473373413,0.7269802689552307
YLR393W,YGL038C,0,-0.3060918,0.12433414161205292,0.9762357473373413,0.7270808219909668
YGL131C,YMR121C,0,-0.3072384,0.12431909143924713,0.9762357473373413,0.7271813154220581
YJR067C,YNL270C,0,-0.30731744,0.12430404126644135,0.9762357473373413,0.7272818684577942
YGR203W,YGR278W,0,-0.30758047,0.12428899854421616,0.9762357473373413,0.7273823618888855
YOR336W,YDR488C,0,-0.30843997,0.12427395582199097,0.9762357473373413,0.7274829149246216
YOL110W,YJL137C,0,-0.3086424,0.12425892055034637,0.9762357473373413,0.7275834083557129
YJL184W,YBR068C,0,-0.3091693,0.12424389272928238,0.9762357473373413,0.727683961391449
YHR091C,YLR308W,0,-0.3093288,0.12422886490821838,0.9762357473373413,0.7277844548225403
YJL139C,YDR084C,0,-0.30966848,0.12421383708715439,0.9762357473373413,0.7278850078582764
YDR017C,YGR256W,0,-0.30987245,0.12419881671667099,0.9762357473373413,0.7279855012893677
YKL112W,YFR044C,0,-0.31081462,0.12418379634618759,0.9762357473373413,0.7280860543251038
YJL074C,YJR088C,0,-0.3109963,0.12416878342628479,0.9762357473373413,0.7281865477561951
YNL083W,YIL129C,0,-0.31147313,0.12415377050638199,0.9762357473373413,0.7282871007919312
YLR233C,YPR107C,0,-0.31221217,0.12413876503705978,0.9762357473373413,0.7283875942230225
YPL192C,YIL097W,0,-0.3125537,0.12412375956773758,0.9762357473373413,0.7284881472587585
YML001W,YGR067C,0,-0.3126099,0.12410876154899597,0.9762357473373413,0.7285886406898499
YER124C,YCR043C,0,-0.3133905,0.12409376353025436,0.9762357473373413,0.7286891937255859
YLR144C,YPL045W,0,-0.31366724,0.12407877296209335,0.9762357473373413,0.7287896871566772
YPR061C,YFL003C,0,-0.31431812,0.12406378239393234,0.9762357473373413,0.7288902401924133
YGL254W,YLR035C,0,-0.3143829,0.12404879927635193,0.9762357473373413,0.7289907336235046
YLR398C,YGR231C,0,-0.3154987,0.12403381615877151,0.9762357473373413,0.7290912866592407
YGL234W,YLR424W,0,-0.31583965,0.1240188404917717,0.9762357473373413,0.729191780090332
YEL055C,YOR255W,0,-0.3165707,0.12400386482477188,0.9762357473373413,0.7292923331260681
YHR018C,YPR033C,0,-0.31701273,0.12398889660835266,0.9762357473373413,0.7293928265571594
YJR017C,YPL228W,0,-0.31800985,0.12397392839193344,0.9762357473373413,0.7294933795928955
YKL073W,YER172C,0,-0.31804264,0.12395896017551422,0.9762357473373413,0.7295938730239868
YPL246C,YLR310C,0,-0.3182341,0.1239439994096756,0.9762357473373413,0.7296944260597229
YNL088W,YPL181W,0,-0.31846106,0.12392904609441757,0.9762357473373413,0.7297949194908142
YDR191W,YMR305C,0,-0.31897712,0.12391409277915955,0.9762357473373413,0.7298954725265503
YDR338C,YPL012W,0,-0.31948966,0.12389914691448212,0.9762357473373413,0.7299959659576416
YLR368W,YNL220W,0,-0.31955457,0.12388420104980469,0.9762357473373413,0.7300965189933777
YMR161W,YER021W,0,-0.32010055,0.12386925518512726,0.9762357473373413,0.730197012424469
YNL090W,YIL121W,0,-0.32024652,0.12385431677103043,0.9762357473373413,0.7302975654602051
YFL055W,YOR033C,0,-0.32102954,0.12383938580751419,0.9762357473373413,0.7303980588912964
YGR059W,YOR178C,0,-0.32153553,0.12382445484399796,0.9762357473373413,0.7304986119270325
YKR010C,YDR141C,0,-0.32239366,0.12380952388048172,0.9762357473373413,0.7305991053581238
YGR096W,YDR123C,0,-0.322523,0.12379460036754608,0.9762357473373413,0.7306996583938599
YHR115C,YNL316C,0,-0.3226657,0.12377967685461044,0.9762357473373413,0.7308001518249512
YLR034C,YDL153C,0,-0.32408428,0.1237647607922554,0.9762357473373413,0.7309007048606873
YPL030W,YBL100W-A,0,-0.32438326,0.12374985218048096,0.9762357473373413,0.7310011982917786
YOR367W,YLR355C,0,-0.32447445,0.12373493611812592,0.9762357473373413,0.7311017513275146
YLR057W,YLR095C,0,-0.3246082,0.12372003495693207,0.9762357473373413,0.731202244758606
YPR079W,YGL044C,0,-0.3249126,0.12370513379573822,0.9762357473373413,0.731302797794342
YPL256C,YER019W,0,-0.3255849,0.12369023263454437,0.9762357473373413,0.7314032912254333
YJL210W,YDR085C,0,-0.32609606,0.12367533892393112,0.9762357473373413,0.7315038442611694
YJL204C,YPL170W,0,-0.3265733,0.12366044521331787,0.9762357473373413,0.7316043376922607
YOR208W,YLR148W,0,-0.32661927,0.12364555895328522,0.9762357473373413,0.7317048907279968
YKL092C,YGL179C,0,-0.32685745,0.12363067269325256,0.9762357473373413,0.7318053841590881
YGR049W,YDR255C,0,-0.32771707,0.1236157938838005,0.9762357473373413,0.7319059371948242
YBR258C,YKL211C,0,-0.32820308,0.12360091507434845,0.9762357473373413,0.7320064306259155
YKL220C,YPL003W,0,-0.32838476,0.12358604371547699,0.9762357473373413,0.7321069836616516
YGR023W,YBL101C,0,-0.3286506,0.12357117235660553,0.9762357473373413,0.7322074770927429
YPR104C,YPR094W,0,-0.33019388,0.12355630099773407,0.9762357473373413,0.732308030128479
YCR069W,YIL031W,0,-0.33054888,0.1235414445400238,0.9762357473373413,0.7324085235595703
YER144C,YCL026C-A,0,-0.33073306,0.12352658063173294,0.9762357473373413,0.7325090765953064
YCR102C,YKR039W,0,-0.33092976,0.12351172417402267,0.9762357473373413,0.7326095700263977
YMR266W,YJL074C,0,-0.3309729,0.123496875166893,0.9762357473373413,0.732710063457489
YJR086W,YHR032W,0,-0.33109832,0.12348202615976334,0.9762357473373413,0.7328106164932251
YGL134W,YAR014C,0,-0.33161998,0.12346717715263367,0.9762357473373413,0.7329111099243164
YPR023C,YFL003C,0,-0.33178282,0.1234523355960846,0.9762357473373413,0.7330116629600525
YIL031W,YGR163W,0,-0.33214402,0.12343750149011612,0.9762357473373413,0.7331121563911438
YBL100W-A,YLR319C,0,-0.33249176,0.12342266738414764,0.9762357473373413,0.7332127094268799
YGL020C,YKR086W,0,-0.3328879,0.12340783327817917,0.9762357473373413,0.7333132028579712
YPR094W,YMR030W,0,-0.33448225,0.12339300662279129,0.9762357473373413,0.7334137558937073
YNL021W,YNL125C,0,-0.33466804,0.12337817996740341,0.9762357473373413,0.7335142493247986
YBR290W,YDL236W,0,-0.33516943,0.12336336076259613,0.9762357473373413,0.7336148023605347
YJL139C,YPL023C,0,-0.3362007,0.12334854900836945,0.9762357473373413,0.733715295791626
YBR258C,YPL030W,0,-0.33634067,0.12333373725414276,0.9762357473373413,0.7338158488273621
YLR376C,YML010W,0,-0.33638424,0.12331892549991608,0.9762357473373413,0.7339163422584534
YCR017C,YKR087C,0,-0.3367371,0.12330412119626999,0.9762357473373413,0.7340168952941895
YDR202C,YLR399C,0,-0.3369078,0.1232893168926239,0.9762357473373413,0.7341173887252808
YER054C,YBR014C,0,-0.33813584,0.12327452003955841,0.9762357473373413,0.7342179417610168
YJL028W,YBL028C,1,-0.33840895,0.12337973713874817,0.9771863222122192,0.7342179417610168
YOR077W,YGR092W,0,-0.33847278,0.12336493283510208,0.9771863222122192,0.7343184351921082
YGL038C,YHR043C,0,-0.33896536,0.123350128531456,0.9771863222122192,0.7344189882278442
YOR328W,YMR024W,0,-0.33910084,0.1233353316783905,0.9771863222122192,0.7345194816589355
YJR144W,YML065W,0,-0.33949935,0.12332053482532501,0.9771863222122192,0.7346200346946716
YER054C,YJR113C,0,-0.34033734,0.12330574542284012,0.9771863222122192,0.7347205281257629
YGR289C,YLR256W,0,-0.34040022,0.12329095602035522,0.9771863222122192,0.734821081161499
YIL131C,YIR008C,0,-0.3406284,0.12327617406845093,0.9771863222122192,0.7349215745925903
YKL027W,YGL013C,0,-0.3413905,0.12326139211654663,0.9771863222122192,0.7350221276283264
YDR027C,YBR228W,0,-0.34327495,0.12324661016464233,0.9771863222122192,0.7351226210594177
YHL009C,YDL213C,0,-0.34509194,0.12323183566331863,0.9771863222122192,0.7352231740951538
YGL224C,YMR029C,0,-0.3453496,0.12321706861257553,0.9771863222122192,0.7353236675262451
YOR128C,YFR051C,0,-0.34590697,0.12320230156183243,0.9771863222122192,0.7354242205619812
YOL110W,YNL222W,0,-0.3478604,0.12318753451108932,0.9771863222122192,0.7355247139930725
YPL236C,YIL103W,0,-0.34787744,0.12317277491092682,0.9771863222122192,0.7356252670288086
YER069W,YGL100W,0,-0.34818792,0.12315802276134491,0.9771863222122192,0.7357257604598999
YHL009C,YFL062W,0,-0.34892082,0.123143270611763,0.9771863222122192,0.735826313495636
YER069W,YMR121C,0,-0.3509794,0.12312851846218109,0.9771863222122192,0.7359268069267273
YDL232W,YBR201W,0,-0.3511945,0.12311377376317978,0.9771863222122192,0.7360273599624634
YKL071W,YIR010W,0,-0.3516779,0.12309902906417847,0.9771863222122192,0.7361278533935547
YBR136W,YHR026W,0,-0.3519019,0.12308429181575775,0.9771863222122192,0.7362284064292908
YNL169C,YER042W,0,-0.3520229,0.12306955456733704,0.9771863222122192,0.7363288998603821
YIL114C,YPL066W,0,-0.35301852,0.12305482476949692,0.9771863222122192,0.7364294528961182
YBL050W,YGR172C,0,-0.35370237,0.1230400949716568,0.9771863222122192,0.7365299463272095
YMR135C,YKL213C,0,-0.35371625,0.12302537262439728,0.9771863222122192,0.7366304993629456
YER119C,YOR196C,0,-0.35373974,0.12301065027713776,0.9771863222122192,0.7367309927940369
YJR159W,YGL079W,0,-0.3537743,0.12299593538045883,0.9771863222122192,0.736831545829773
YPL242C,YML008C,0,-0.35454154,0.12298122048377991,0.9771863222122192,0.7369320392608643
YOR208W,YDR348C,0,-0.35630554,0.12296650558710098,0.9771863222122192,0.7370325922966003
YHL035C,YGR198W,1,-0.3564309,0.12307140231132507,0.9781368970870972,0.7370325922966003
YDR020C,YGR166W,0,-0.356588,0.12305668741464615,0.9781368970870972,0.7371330857276917
YOR361C,YIL067C,0,-0.35693514,0.12304197251796722,0.9781368970870972,0.7372336387634277
YDR506C,YGR289C,0,-0.35769522,0.1230272576212883,0.9781368970870972,0.737334132194519
YLR272C,YCR033W,0,-0.36011565,0.12301255017518997,0.9781368970870972,0.7374346852302551
YMR189W,YKL148C,0,-0.3602823,0.12299785017967224,0.9781368970870972,0.7375351786613464
YCR069W,YOR122C,0,-0.36201358,0.12298315018415451,0.9781368970870972,0.7376357316970825
YBL016W,YER141W,0,-0.36224407,0.12296845018863678,0.9781368970870972,0.7377362251281738
YPL164C,YBR070C,0,-0.3625095,0.12295375764369965,0.9781368970870972,0.7378367781639099
YJL209W,YLR310C,0,-0.36261177,0.12293906509876251,0.9781368970870972,0.7379372715950012
YDR221W,YOL017W,0,-0.36273813,0.12292438000440598,0.9781368970870972,0.7380378246307373
YNR026C,YLL054C,0,-0.36348307,0.12290970236063004,0.9781368970870972,0.7381383180618286
YGL224C,YLR135W,0,-0.36348736,0.1228950172662735,0.9781368970870972,0.7382388710975647
YFL031W,YIL122W,0,-0.36446625,0.12288034707307816,0.9781368970870972,0.738339364528656
YHR107C,YIL082W-A,0,-0.36447966,0.12286566942930222,0.9781368970870972,0.7384398579597473
YBR235W,YDR540C,0,-0.36525476,0.12285099923610687,0.9781368970870972,0.7385404109954834
YNL321W,YIL015W,0,-0.3656391,0.12283633649349213,0.9781368970870972,0.7386409044265747
YBL050W,YKL046C,0,-0.3662845,0.12282167375087738,0.9781368970870972,0.7387414574623108
YNL003C,YNL093W,0,-0.36785626,0.12280701845884323,0.9781368970870972,0.7388419508934021
YEL034W,YNL125C,0,-0.36812806,0.12279236316680908,0.9781368970870972,0.7389425039291382
YJR056C,YGL032C,0,-0.36891985,0.12277770787477493,0.9781368970870972,0.7390429973602295
YDR385W,YHR187W,0,-0.3696524,0.12276306003332138,0.9781368970870972,0.7391435503959656
YDR097C,YNL220W,0,-0.37053633,0.12274841964244843,0.9781368970870972,0.7392440438270569
YML069W,YDR522C,0,-0.3705845,0.12273377925157547,0.9781368970870972,0.739344596862793
YGR109C,YER075C,0,-0.3707366,0.12271913886070251,0.9781368970870972,0.7394450902938843
YDR258C,YML010W,0,-0.37076354,0.12270450592041016,0.9781368970870972,0.7395456433296204
YGR041W,YPR140W,0,-0.37129974,0.1226898804306984,0.9781368970870972,0.7396461367607117
YMR079W,YOL060C,0,-0.37150455,0.12267524749040604,0.9781368970870972,0.7397466897964478
YPL283C,YOR133W,0,-0.37204808,0.12266062945127487,0.9781368970870972,0.7398471832275391
YDL052C,YIR010W,0,-0.37236613,0.12264600396156311,0.9781368970870972,0.7399477362632751
YMR068W,YOR035C,0,-0.37236977,0.12263139337301254,0.9781368970870972,0.7400482296943665
YKL055C,YIL168W,0,-0.37284487,0.12261677533388138,0.9781368970870972,0.7401487827301025
YAR014C,YIL015W,0,-0.37296218,0.12260217219591141,0.9781368970870972,0.7402492761611938
YER124C,YLR081W,0,-0.37318373,0.12258756160736084,0.9781368970870972,0.7403498291969299
YDR541C,YJL184W,0,-0.3735773,0.12257295846939087,0.9781368970870972,0.7404503226280212
YDR519W,YPL230W,0,-0.37393093,0.1225583627820015,0.9781368970870972,0.7405508756637573
YBL005W-A,YKL092C,0,-0.37604088,0.12254376709461212,0.9781368970870972,0.7406513690948486
YER146W,YDR113C,0,-0.3761927,0.12252917140722275,0.9781368970870972,0.7407519221305847
YLR057W,YHL013C,0,-0.37662327,0.12251458317041397,0.9781368970870972,0.740852415561676
YJR129C,YNL099C,0,-0.37819904,0.12250000238418579,0.9781368970870972,0.7409529685974121
YIR013C,YGR163W,0,-0.37826204,0.12248542159795761,0.9781368970870972,0.7410534620285034
YDR113C,YBR265W,0,-0.37826777,0.12247084081172943,0.9781368970870972,0.7411540150642395
YJL116C,YLR421C,0,-0.37839752,0.12245626747608185,0.9781368970870972,0.7412545084953308
YLR136C,YLR256W,0,-0.3787616,0.12244169414043427,0.9781368970870972,0.7413550615310669
YCR043C,YPR004C,0,-0.3790365,0.12242712825536728,0.9781368970870972,0.7414555549621582
YMR164C,YIL131C,0,-0.37919736,0.12241256237030029,0.9781368970870972,0.7415561079978943
YJL209W,YJL047C,0,-0.37992066,0.1223980039358139,0.9781368970870972,0.7416566014289856
YJL042W,YOR202W,0,-0.3804071,0.12238344550132751,0.9781368970870972,0.7417571544647217
YIL040W,YPL030W,0,-0.38056302,0.12236888706684113,0.9781368970870972,0.741857647895813
YPR082C,YLR226W,0,-0.3825432,0.12235434353351593,0.9781368970870972,0.7419582009315491
YPL227C,YOL088C,0,-0.38324344,0.12233979254961014,0.9781368970870972,0.7420586943626404
YPR018W,YPL032C,0,-0.38339376,0.12232524901628494,0.9781368970870972,0.7421592473983765
YDL126C,YKL157W,0,-0.38375366,0.12231071293354034,0.9781368970870972,0.7422597408294678
YHR112C,YLR155C,0,-0.38379967,0.12229616940021515,0.9781368970870972,0.7423602938652039
YAR008W,YPL255W,0,-0.38540918,0.12228164076805115,0.9781368970870972,0.7424607872962952
YDR541C,YCL030C,0,-0.38679498,0.12226711213588715,0.9781368970870972,0.7425613403320312
YHL002W,YLL036C,0,-0.38735402,0.12225258350372314,0.9781368970870972,0.7426618337631226
YDR216W,YCR088W,0,-0.3878634,0.12223806232213974,0.9781368970870972,0.7427623867988586
YAL014C,YOR336W,0,-0.38787526,0.12222354114055634,0.9781368970870972,0.74286288022995
YLR077W,YCR042C,0,-0.38792723,0.12220902740955353,0.9781368970870972,0.742963433265686
YBR199W,YGR256W,0,-0.38820422,0.12219451367855072,0.9781368970870972,0.7430639266967773
YCL040W,YPL005W,0,-0.38826466,0.12218000739812851,0.9781368970870972,0.7431644797325134
YMR014W,YCR079W,0,-0.3893121,0.1221655011177063,0.9781368970870972,0.7432649731636047
YPL217C,YDR489W,0,-0.39060247,0.12215099483728409,0.9781368970870972,0.7433655261993408
YGR215W,YLR341W,0,-0.3909521,0.12213649600744247,0.9781368970870972,0.7434660196304321
YKR018C,YHR166C,0,-0.39131242,0.12212200462818146,0.9781368970870972,0.7435665726661682
YLR298C,YKL107W,0,-0.39158696,0.12210751324892044,0.9781368970870972,0.7436670660972595
YJL116C,YMR268C,0,-0.391739,0.12209302186965942,0.9781368970870972,0.7437676191329956
YNL087W,YOR367W,0,-0.3923862,0.122078537940979,0.9781368970870972,0.7438681125640869
YJL091C,YFL002C,0,-0.3929013,0.12206405401229858,0.9781368970870972,0.743968665599823
YDR348C,YLL015W,0,-0.39310938,0.12204957753419876,0.9781368970870972,0.7440691590309143
YPL009C,YDL040C,1,-0.39428592,0.12215369939804077,0.9790874719619751,0.7440691590309143
YPL032C,YNR049C,0,-0.39432466,0.12213921546936035,0.9790874719619751,0.7441697120666504
YML069W,YHR032W,0,-0.3944711,0.12212473154067993,0.9790874719619751,0.7442702054977417
YDR221W,YNL224C,0,-0.3950696,0.12211025506258011,0.9790874719619751,0.744370698928833
YIR034C,YER124C,0,-0.39513606,0.12209577858448029,0.9790874719619751,0.7444712519645691
YCL011C,YHR062C,0,-0.39543986,0.12208130955696106,0.9790874719619751,0.7445717453956604
YBL097W,YNL224C,0,-0.3964485,0.12206684052944183,0.9790874719619751,0.7446722984313965
YDR162C,YOR303W,0,-0.39652735,0.1220523789525032,0.9790874719619751,0.7447727918624878
YMR263W,YKR086W,0,-0.3982752,0.12203791737556458,0.9790874719619751,0.7448733448982239
YBR201W,YPL230W,0,-0.39833403,0.12202345579862595,0.9790874719619751,0.7449738383293152
YER183C,YLL028W,0,-0.39895022,0.12200900167226791,0.9790874719619751,0.7450743913650513
YBR019C,YGL245W,0,-0.3991828,0.12199455499649048,0.9790874719619751,0.7451748847961426
YDR184C,YOR367W,0,-0.3998531,0.12198010087013245,0.9790874719619751,0.7452754378318787
YLR013W,YOR198C,0,-0.39996713,0.12196566164493561,0.9790874719619751,0.74537593126297
YDR043C,YGL065C,0,-0.40009475,0.12195122241973877,0.9790874719619751,0.745476484298706
YNL264C,YLL032C,0,-0.4003502,0.12193678319454193,0.9790874719619751,0.7455769777297974
YLR297W,YLR320W,0,-0.4003504,0.12192235141992569,0.9790874719619751,0.7456775307655334
YHR007C,YNL272C,0,-0.40115237,0.12190791964530945,0.9790874719619751,0.7457780241966248
YEL063C,YJL076W,0,-0.4016465,0.1218934878706932,0.9790874719619751,0.7458785772323608
YMR216C,YLR355C,0,-0.40220535,0.12187907099723816,0.9790874719619751,0.7459790706634521
YDR338C,YBR057C,0,-0.40248084,0.12186464667320251,0.9790874719619751,0.7460796236991882
YGL160W,YLR256W,0,-0.4026938,0.12185022979974747,0.9790874719619751,0.7461801171302795
YLR148W,YNL220W,0,-0.4027751,0.12183582037687302,0.9790874719619751,0.7462806701660156
YPL256C,YJL115W,0,-0.40281343,0.12182141095399857,0.9790874719619751,0.7463811635971069
YPL256C,YHR039C,0,-0.40313017,0.12180700153112411,0.9790874719619751,0.746481716632843
YPR183W,YKL084W,0,-0.40485585,0.12179259955883026,0.9790874719619751,0.7465822100639343
YBR221C,YIL122W,0,-0.40491736,0.12177819758653641,0.9790874719619751,0.7466827630996704
YNL082W,YJL047C,0,-0.40575552,0.12176380306482315,0.9790874719619751,0.7467832565307617
YGR087C,YGR256W,0,-0.40657568,0.1217494085431099,0.9790874719619751,0.7468838095664978
YGR121C,YHR050W,0,-0.40693074,0.12173502147197723,0.9790874719619751,0.7469843029975891
YCL019W,YBR167C,0,-0.4076928,0.12172063440084457,0.9790874719619751,0.7470848560333252
YHR141C,YBL100W-A,0,-0.40796745,0.12170624732971191,0.9790874719619751,0.7471853494644165
YMR278W,YLR027C,0,-0.40798151,0.12169187515974045,0.9790874719619751,0.7472859025001526
YDR156W,YGR261C,0,-0.40807903,0.12167749553918839,0.9790874719619751,0.7473863959312439
YFR042W,YDL165W,0,-0.40813726,0.12166312336921692,0.9790874719619751,0.74748694896698
YJR095W,YGR132C,0,-0.40827054,0.12164875119924545,0.9790874719619751,0.7475874423980713
YHR187W,YKL220C,0,-0.40868723,0.12163438647985458,0.9790874719619751,0.7476879954338074
YOR229W,YBR236C,0,-0.4088887,0.12162002921104431,0.9790874719619751,0.7477884888648987
YFL018C,YOR140W,0,-0.40936697,0.12160566449165344,0.9790874719619751,0.7478890419006348
YNL053W,YKL222C,0,-0.40950936,0.12159131467342377,0.9790874719619751,0.7479895353317261
YKL160W,YNR032W,0,-0.40982515,0.1215769574046135,0.9790874719619751,0.7480900883674622
YJL010C,YPR061C,0,-0.4100538,0.12156260758638382,0.9790874719619751,0.7481905817985535
YBL042C,YLR133W,0,-0.41016966,0.12154826521873474,0.9790874719619751,0.7482911348342896
YKL125W,YDR338C,0,-0.4103552,0.12153392285108566,0.9790874719619751,0.7483916282653809
YIR013C,YMR216C,0,-0.4104066,0.12151958793401718,0.9790874719619751,0.7484921813011169
YDR058C,YIL049W,0,-0.41172063,0.1215052530169487,0.9790874719619751,0.7485926747322083
YBR216C,YPL020C,0,-0.41220897,0.12149091809988022,0.9790874719619751,0.7486932277679443
YNL003C,YBR201W,0,-0.4124732,0.12147659063339233,0.9790874719619751,0.7487937211990356
YGR275W,YNL279W,0,-0.41270947,0.12146226316690445,0.9790874719619751,0.7488942742347717
YJL209W,YJL115W,0,-0.4127773,0.12144794315099716,0.9790874719619751,0.748994767665863
YDR338C,YDR084C,0,-0.41307223,0.12143362313508987,0.9790874719619751,0.7490953207015991
YGL033W,YNL197C,0,-0.41403252,0.12141931056976318,0.9790874719619751,0.7491958141326904
YLR066W,YNL220W,0,-0.41423059,0.12140499800443649,0.9790874719619751,0.7492963671684265
YLR132C,YNL003C,0,-0.4151038,0.1213906928896904,0.9790874719619751,0.7493968605995178
YKL208W,YKL222C,0,-0.41659117,0.1213763877749443,0.9790874719619751,0.7494974136352539
YKL008C,YPL242C,0,-0.41746294,0.12136208266019821,0.9790874719619751,0.7495979070663452
YDL194W,YML022W,0,-0.41924423,0.12134778499603271,0.9790874719619751,0.7496984601020813
YKL008C,YGL029W,0,-0.41981804,0.12133348733186722,0.9790874719619751,0.7497989535331726
YKR013W,YMR067C,0,-0.42027688,0.12131919711828232,0.9790874719619751,0.7498995065689087
YJR019C,YLR362W,0,-0.420851,0.12130491435527802,0.9790874719619751,0.75
YNL245C,YDR538W,0,-0.42148465,0.12129062414169312,0.9790874719619751,0.7501004934310913
YML093W,YNL275W,0,-0.42230004,0.12127634882926941,0.9790874719619751,0.7502010464668274
YIL031W,YML121W,0,-0.42282313,0.1212620660662651,0.9790874719619751,0.7503015398979187
YMR280C,YOL049W,0,-0.4232198,0.1212477907538414,0.9790874719619751,0.7504020929336548
YHR007C,YBR133C,0,-0.42343694,0.12123352289199829,0.9790874719619751,0.7505025863647461
YLR332W,YJR043C,0,-0.42347682,0.12121925503015518,0.9790874719619751,0.7506031394004822
YPR151C,YGL032C,0,-0.42485654,0.12120498716831207,0.9790874719619751,0.7507036328315735
YER003C,YMR244C-A,0,-0.4249735,0.12119072675704956,0.9790874719619751,0.7508041858673096
YGL038C,YOR022C,0,-0.42532754,0.12117647379636765,0.9790874719619751,0.7509046792984009
YKL152C,YDL150W,0,-0.4263934,0.12116221338510513,0.9790874719619751,0.751005232334137
YNL315C,YOL075C,0,-0.42668235,0.12114796787500381,0.9790874719619751,0.7511057257652283
YJL042W,YEL071W,0,-0.42779016,0.1211337149143219,0.9790874719619751,0.7512062788009644
YDR214W,YPR004C,0,-0.4288854,0.12111947685480118,0.9790874719619751,0.7513067722320557
YOR362C,YNL014W,0,-0.4298842,0.12110523134469986,0.9790874719619751,0.7514073252677917
YPL016W,YOR198C,0,-0.43040347,0.12109099328517914,0.9790874719619751,0.7515078186988831
YLL052C,YNL148C,0,-0.43064904,0.12107676267623901,0.9790874719619751,0.7516083717346191
YOR328W,YPL266W,0,-0.4313239,0.12106253206729889,0.9790874719619751,0.7517088651657104
YDR346C,YCR069W,0,-0.43168277,0.12104830145835876,0.9790874719619751,0.7518094182014465
YBR200W,YDR171W,0,-0.43171906,0.12103407829999924,0.9790874719619751,0.7519099116325378
YGR096W,YHR001W,0,-0.43256146,0.12101985514163971,0.9790874719619751,0.7520104646682739
YGL100W,YKR001C,0,-0.43291074,0.12100563943386078,0.9790874719619751,0.7521109580993652
YNL224C,YGR206W,0,-0.43396837,0.12099142372608185,0.9790874719619751,0.7522115111351013
YGR023W,YLR064W,0,-0.43436825,0.12097721546888351,0.9790874719619751,0.7523120045661926
YLR116W,YMR030W,0,-0.43475783,0.12096300721168518,0.9790874719619751,0.7524125576019287
YCL011C,YDR488C,0,-0.43489993,0.12094879895448685,0.9790874719619751,0.75251305103302
YPR082C,YNL106C,0,-0.43547314,0.12093459814786911,0.9790874719619751,0.7526136040687561
YOL006C,YER141W,0,-0.43587965,0.12092040479183197,0.9790874719619751,0.7527140974998474
YER001W,YGR067C,0,-0.4366721,0.12090621143579483,0.9790874719619751,0.7528146505355835
YOR329C,YDL239C,0,-0.43675697,0.12089201807975769,0.9790874719619751,0.7529151439666748
YDR506C,YKL221W,0,-0.43737006,0.12087783217430115,0.9790874719619751,0.7530156970024109
YER021W,YER172C,0,-0.43810886,0.1208636462688446,0.9790874719619751,0.7531161904335022
YBR258C,YGR092W,0,-0.43849236,0.12084946781396866,0.9790874719619751,0.7532167434692383
YLR424W,YML010W,0,-0.4385159,0.12083528935909271,0.9790874719619751,0.7533172369003296
YMR214W,YER001W,0,-0.4401152,0.12082111090421677,0.9790874719619751,0.7534177899360657
YGR133W,YDL079C,0,-0.4411335,0.12080693989992142,0.9790874719619751,0.753518283367157
YJL139C,YDR452W,0,-0.44136214,0.12079277634620667,0.9790874719619751,0.7536188364028931
YLR431C,YJL159W,0,-0.44151795,0.12077861279249191,0.9790874719619751,0.7537193298339844
YIL131C,YDL042C,0,-0.44216788,0.12076444923877716,0.9790874719619751,0.7538198828697205
YER019W,YHR039C,0,-0.44230503,0.120750293135643,0.9790874719619751,0.7539203763008118
YDR338C,YBR019C,0,-0.4425326,0.12073613703250885,0.9790874719619751,0.7540209293365479
YFL018C,YMR268C,0,-0.44463074,0.12072198837995529,0.9790874719619751,0.7541214227676392
YPL170W,YMR106C,0,-0.44535398,0.12070783972740173,0.9790874719619751,0.7542219758033752
YGL166W,YDR363W,0,-0.44568837,0.12069369852542877,0.9790874719619751,0.7543224692344666
YEL046C,YMR309C,0,-0.44602412,0.12067955732345581,0.9790874719619751,0.7544230222702026
YAL032C,YIL110W,0,-0.44668376,0.12066541612148285,0.9790874719619751,0.754523515701294
YDR452W,YPL023C,0,-0.4472562,0.12065128237009048,0.9790874719619751,0.75462406873703
YLR342W,YKL096W,0,-0.44784653,0.12063714861869812,0.9790874719619751,0.7547245621681213
YPL132W,YOR149C,0,-0.44829667,0.12062302231788635,0.9790874719619751,0.7548251152038574
YGL011C,YDL165W,0,-0.44841832,0.12060889601707458,0.9790874719619751,0.7549256086349487
YDR153C,YOR214C,0,-0.449001,0.12059477716684341,0.9790874719619751,0.7550261616706848
YMR119W,YOL119C,0,-0.44908094,0.12058065831661224,0.9790874719619751,0.7551266551017761
YNL169C,YOR256C,0,-0.44908154,0.12056654691696167,0.9790874719619751,0.7552272081375122
YGR041W,YDL222C,0,-0.44918776,0.1205524355173111,0.9790874719619751,0.7553277015686035
YDR073W,YHR196W,0,-0.44936925,0.12053832411766052,0.9790874719619751,0.7554282546043396
YDL226C,YPR201W,0,-0.44945383,0.12052422016859055,0.9790874719619751,0.7555287480354309
YER119C,YAL042W,0,-0.4501105,0.12051012367010117,0.9790874719619751,0.755629301071167
YKL139W,YPR140W,0,-0.45077634,0.12049601972103119,0.9790874719619751,0.7557297945022583
YCL040W,YBR171W,0,-0.4510057,0.1204819306731224,0.9790874719619751,0.7558302879333496
YIL041W,YLR013W,0,-0.45143104,0.12046783417463303,0.9790874719619751,0.7559308409690857
YGR121C,YHR178W,0,-0.45176792,0.12045374512672424,0.9790874719619751,0.756031334400177
YGL134W,YHR019C,0,-0.45190352,0.12043966352939606,0.9790874719619751,0.7561318874359131
YBR215W,YIL131C,0,-0.45244324,0.12042558193206787,0.9790874719619751,0.7562323808670044
YKR013W,YOL021C,0,-0.45327234,0.12041150033473969,0.9790874719619751,0.7563329339027405
YPL212C,YNL275W,0,-0.45458573,0.1203974261879921,0.9790874719619751,0.7564334273338318
YOR178C,YFR009W,0,-0.4558921,0.1203833594918251,0.9790874719619751,0.7565339803695679
YMR047C,YPR103W,0,-0.45626998,0.12036928534507751,0.9790874719619751,0.7566344738006592
YDR446W,YDR541C,0,-0.4567684,0.12035522609949112,0.9790874719619751,0.7567350268363953
YDR485C,YPL232W,0,-0.4567746,0.12034115940332413,0.9790874719619751,0.7568355202674866
YPR061C,YJL020C,0,-0.4568056,0.12032710015773773,0.9790874719619751,0.7569360733032227
YIR034C,YKL046C,0,-0.45721376,0.12031304836273193,0.9790874719619751,0.757036566734314
YBR019C,YNL329C,0,-0.45882094,0.12029899656772614,0.9790874719619751,0.75713711977005
YCR034W,YOR005C,0,-0.45983052,0.12028494477272034,0.9790874719619751,0.7572376132011414
YPR058W,YPR121W,0,-0.4606651,0.12027090042829514,0.9790874719619751,0.7573381662368774
YDR017C,YJL076W,0,-0.46086395,0.12025685608386993,0.9790874719619751,0.7574386596679688
YGL130W,YGL065C,0,-0.46105343,0.12024281919002533,0.9790874719619751,0.7575392127037048
YJL091C,YOL113W,0,-0.46154475,0.12022878229618073,0.9790874719619751,0.7576397061347961
YMR135C,YOR149C,0,-0.4617666,0.12021475285291672,0.9790874719619751,0.7577402591705322
YJL092W,YNL058C,0,-0.4621582,0.12020072340965271,0.9790874719619751,0.7578407526016235
YPR029C,YNL336W,0,-0.46457052,0.1201867014169693,0.9790874719619751,0.7579413056373596
YKL125W,YCL010C,0,-0.46538353,0.12017267197370529,0.9790874719619751,0.7580417990684509
YBR088C,YER001W,0,-0.4657194,0.12015865743160248,0.9790874719619751,0.758142352104187
YIL040W,YDR255C,0,-0.46593094,0.12014464288949966,0.9790874719619751,0.7582428455352783
YGL048C,YLR369W,0,-0.46657008,0.12013062834739685,0.9790874719619751,0.7583433985710144
YPL037C,YPL046C,0,-0.46660948,0.12011662125587463,0.9790874719619751,0.7584438920021057
YCL010C,YDR186C,0,-0.46725488,0.12010261416435242,0.9790874719619751,0.7585444450378418
YBL067C,YDR186C,0,-0.46752793,0.1200886070728302,0.9790874719619751,0.7586449384689331
YIL066C,YMR044W,0,-0.4678309,0.12007460743188858,0.9790874719619751,0.7587454915046692
YIL085C,YBL009W,0,-0.46808118,0.12006061524152756,0.9790874719619751,0.7588459849357605
YHR104W,YJR088C,0,-0.46893704,0.12004662305116653,0.9790874719619751,0.7589465379714966
YDR085C,YDR206W,0,-0.4690919,0.12003263086080551,0.9790874719619751,0.7590470314025879
YOR208W,YBR070C,0,-0.4693476,0.12001864612102509,0.9790874719619751,0.759147584438324
YNL072W,YDR184C,0,-0.4701621,0.12000466138124466,0.9790874719619751,0.7592480778694153
YER018C,YAL042W,0,-0.47043294,0.11999067664146423,0.9790874719619751,0.7593486309051514
YML114C,YOR368W,0,-0.4712022,0.119976706802845,0.9790874719619751,0.7594491243362427
YKR010C,YJL207C,0,-0.47145855,0.11996272951364517,0.9790874719619751,0.7595496773719788
YER039C,YGL079W,0,-0.47188133,0.11994875967502594,0.9790874719619751,0.7596501708030701
YOL013C,YDR541C,0,-0.47226155,0.11993478983640671,0.9790874719619751,0.7597507238388062
YJL028W,YKR060W,1,-0.47370994,0.1200372576713562,0.980038046836853,0.7597507238388062
YMR293C,YGL125W,0,-0.4745211,0.12002328038215637,0.980038046836853,0.7598512172698975
YDR113C,YNL113W,0,-0.47484922,0.12000931054353714,0.980038046836853,0.7599517703056335
YDR225W,YMR244C-A,0,-0.47517943,0.1199953481554985,0.980038046836853,0.7600522637367249
YGR192C,YKL120W,0,-0.475702,0.11998137831687927,0.980038046836853,0.7601528167724609
YOR095C,YLR174W,0,-0.47676802,0.11996741592884064,0.980038046836853,0.7602533102035522
YGR033C,YML065W,0,-0.47717464,0.1199534609913826,0.980038046836853,0.7603538632392883
YKL049C,YAL061W,0,-0.47764647,0.11993950605392456,0.980038046836853,0.7604543566703796
YBL006C,YLR342W,0,-0.47826755,0.11992555856704712,0.980038046836853,0.7605549097061157
YOL088C,YBR135W,0,-0.4785825,0.11991160362958908,0.980038046836853,0.760655403137207
YGR278W,YJL111W,0,-0.47912306,0.11989766359329224,0.980038046836853,0.7607559561729431
YIL091C,YHR107C,0,-0.48081738,0.11988372355699539,0.980038046836853,0.7608564496040344
YLR341W,YIL050W,0,-0.48085558,0.11986978352069855,0.980038046836853,0.7609570026397705
YOR234C,YPL187W,0,-0.4822185,0.1198558509349823,0.980038046836853,0.7610574960708618
YGR038W,YNL256W,0,-0.48228538,0.11984191834926605,0.980038046836853,0.7611580491065979
YDR147W,YMR199W,0,-0.4823283,0.1198279857635498,0.980038046836853,0.7612585425376892
YNL224C,YDR264C,0,-0.48293018,0.11981406062841415,0.980038046836853,0.7613590955734253
YER039C,YHR094C,0,-0.48382658,0.1198001429438591,0.980038046836853,0.7614595890045166
YML110C,YGL079W,0,-0.48401594,0.11978621780872345,0.980038046836853,0.7615601420402527
YMR197C,YKR087C,0,-0.4844967,0.11977230757474899,0.980038046836853,0.761660635471344
YOL006C,YBR077C,0,-0.48640335,0.11975838989019394,0.980038046836853,0.7617611289024353
YGR240C,YAL047C,0,-0.48808336,0.11974447965621948,0.980038046836853,0.7618616819381714
YGL201C,YHR043C,0,-0.48815,0.11973057687282562,0.980038046836853,0.7619621753692627
YHL009C,YIL073C,0,-0.49205232,0.11971667408943176,0.980038046836853,0.7620627284049988
YNL014W,YER073W,0,-0.4928624,0.1197027713060379,0.980038046836853,0.7621632218360901
YOR234C,YDR348C,0,-0.4938255,0.11968887597322464,0.980038046836853,0.7622637748718262
YFR051C,YPR094W,0,-0.4939319,0.11967498809099197,0.980038046836853,0.7623642683029175
YNL009W,YOL075C,0,-0.49435443,0.11966109275817871,0.980038046836853,0.7624648213386536
YMR044W,YBR008C,0,-0.49513972,0.11964721232652664,0.980038046836853,0.7625653147697449
YDL042C,YIR008C,0,-0.495152,0.11963332444429398,0.980038046836853,0.762665867805481
YGR247W,YBR070C,0,-0.49537373,0.1196194440126419,0.980038046836853,0.7627663612365723
YDL232W,YGL184C,0,-0.49605197,0.11960557103157043,0.980038046836853,0.7628669142723083
YIL049W,YGL150C,0,-0.49614608,0.11959169805049896,0.980038046836853,0.7629674077033997
YNR023W,YLR226W,0,-0.49746227,0.11957782506942749,0.980038046836853,0.7630679607391357
YKR045C,YPL012W,0,-0.49769932,0.11956395953893661,0.980038046836853,0.763168454170227
YKL113C,YJL099W,0,-0.49884248,0.11955009400844574,0.980038046836853,0.7632690072059631
YML114C,YPL162C,0,-0.4998623,0.11953622847795486,0.980038046836853,0.7633695006370544
YMR161W,YLR421C,0,-0.50036764,0.11952237784862518,0.980038046836853,0.7634700536727905
YGL208W,YER004W,0,-0.50068355,0.1195085197687149,0.980038046836853,0.7635705471038818
YGR125W,YPL228W,0,-0.5008742,0.11949466913938522,0.980038046836853,0.7636711001396179
YJL050W,YMR268C,0,-0.5018506,0.11948081851005554,0.980038046836853,0.7637715935707092
YCR089W,YMR167W,0,-0.50286424,0.11946697533130646,0.980038046836853,0.7638721466064453
YGR198W,YIL105C,0,-0.5028806,0.11945313215255737,0.980038046836853,0.7639726400375366
YCL026C-A,YBR008C,0,-0.50356996,0.11943929642438889,0.980038046836853,0.7640731930732727
YOR130C,YPL124W,0,-0.50385964,0.1194254606962204,0.980038046836853,0.764173686504364
YBL084C,YBR057C,0,-0.5042367,0.11941162496805191,0.980038046836853,0.7642742395401001
YLR148W,YBL019W,0,-0.50466424,0.11939779669046402,0.980038046836853,0.7643747329711914
YDR506C,YJL093C,0,-0.5047616,0.11938397586345673,0.980038046836853,0.7644752860069275
YKL113C,YBR019C,0,-0.5048722,0.11937015503644943,0.980038046836853,0.7645757794380188
YIL016W,YLR148W,0,-0.5051316,0.11935633420944214,0.980038046836853,0.7646763324737549
YHR115C,YNL315C,0,-0.5073265,0.11934251338243484,0.980038046836853,0.7647768259048462
YNL126W,YGR096W,0,-0.5074092,0.11932870000600815,0.980038046836853,0.7648773789405823
YLR376C,YHR121W,0,-0.508191,0.11931489408016205,0.980038046836853,0.7649778723716736
YBL102W,YGL086W,0,-0.5088207,0.11930108815431595,0.980038046836853,0.7650784254074097
YPR104C,YOR307C,0,-0.5088503,0.11928728222846985,0.980038046836853,0.765178918838501
YER035W,YER124C,0,-0.50938857,0.11927348375320435,0.980038046836853,0.7652794718742371
YOR210W,YNL097C,0,-0.50981265,0.11925968527793884,0.980038046836853,0.7653799653053284
YDL058W,YLR449W,0,-0.5105262,0.11924589425325394,0.980038046836853,0.7654805183410645
YOR149C,YDL004W,0,-0.51081556,0.11923210322856903,0.980038046836853,0.7655810117721558
YPL009C,YDR001C,0,-0.51096785,0.11921831965446472,0.980038046836853,0.7656815648078918
YDR104C,YJL099W,0,-0.512323,0.11920452862977982,0.980038046836853,0.7657820582389832
YHL009C,YOR140W,0,-0.51284623,0.1191907525062561,0.980038046836853,0.7658826112747192
YPL023C,YGR207C,0,-0.51430094,0.11917697638273239,0.980038046836853,0.7659831047058105
YNL047C,YKL084W,0,-0.5146791,0.11916320025920868,0.980038046836853,0.7660836577415466
YPL005W,YKR029C,0,-0.5148052,0.11914943158626556,0.980038046836853,0.7661841511726379
YDR432W,YGL032C,0,-0.51503456,0.11913566291332245,0.980038046836853,0.766284704208374
YJL116C,YOR198C,0,-0.51513183,0.11912189424037933,0.980038046836853,0.7663851976394653
YJR086W,YNL279W,0,-0.5152822,0.11910813301801682,0.980038046836853,0.7664857506752014
YDR346C,YDR348C,0,-0.5153569,0.1190943717956543,0.980038046836853,0.7665862441062927
YMR135C,YPL241C,0,-0.5155666,0.11908061802387238,0.980038046836853,0.7666867971420288
YLR336C,YML058W,0,-0.51584667,0.11906686425209045,0.980038046836853,0.7667872905731201
YMR190C,YER094C,0,-0.5174304,0.11905311793088913,0.980038046836853,0.7668878436088562
YJL047C,YKL152C,0,-0.5175726,0.1190393716096878,0.980038046836853,0.7669883370399475
YNR051C,YMR067C,0,-0.5196034,0.11902563273906708,0.980038046836853,0.7670888900756836
YPL283C,YOR202W,0,-0.52066714,0.11901188641786575,0.980038046836853,0.7671893835067749
YNR056C,YLL036C,0,-0.5213412,0.11899815499782562,0.980038046836853,0.767289936542511
YGL001C,YER065C,0,-0.5213937,0.11898442357778549,0.980038046836853,0.7673904299736023
YBL105C,YBR204C,0,-0.5217084,0.11897069215774536,0.980038046836853,0.7674909234046936
YNL264C,YER011W,0,-0.5231018,0.11895696073770523,0.980038046836853,0.7675914764404297
YJL010C,YGL150C,0,-0.52413505,0.1189432367682457,0.980038046836853,0.767691969871521
YLR431C,YGL160W,0,-0.52416277,0.11892952024936676,0.980038046836853,0.7677925229072571
YER019W,YBR244W,0,-0.52467406,0.11891580373048782,0.980038046836853,0.7678930163383484
YFL053W,YOR028C,0,-0.5249448,0.11890208721160889,0.980038046836853,0.7679935693740845
YOR094W,YOR339C,0,-0.52512306,0.11888837814331055,0.980038046836853,0.7680940628051758
YIL031W,YPL230W,0,-0.52516246,0.11887466907501221,0.980038046836853,0.7681946158409119
YKL112W,YBR077C,0,-0.5258964,0.11886096745729446,0.980038046836853,0.7682951092720032
YMR135C,YOR141C,0,-0.5259971,0.11884726583957672,0.980038046836853,0.7683956623077393
YPL227C,YDL122W,0,-0.5261657,0.11883356422185898,0.980038046836853,0.7684961557388306
YJL123C,YDR314C,0,-0.5279182,0.11881987005472183,0.980038046836853,0.7685967087745667
YOL091W,YML010W,0,-0.5286323,0.11880617588758469,0.980038046836853,0.768697202205658
YDR363W,YMR067C,0,-0.5291753,0.11879248917102814,0.980038046836853,0.768797755241394
YDR142C,YJR125C,0,-0.5304018,0.11877880245447159,0.980038046836853,0.7688982486724854
YOR144C,YNL224C,0,-0.53195935,0.11876511573791504,0.980038046836853,0.7689988017082214
YDL168W,YPR061C,0,-0.5319738,0.11875143647193909,0.980038046836853,0.7690992951393127
YPL005W,YLL054C,0,-0.5335549,0.11873776465654373,0.980038046836853,0.7691998481750488
YER048C,YFL022C,0,-0.53496253,0.11872409284114838,0.980038046836853,0.7693003416061401
YML066C,YLR423C,0,-0.53542924,0.11871042102575302,0.980038046836853,0.7694008946418762
YER144C,YDR540C,0,-0.53588533,0.11869675666093826,0.980038046836853,0.7695013880729675
YNR046W,YEL047C,0,-0.53628445,0.1186830922961235,0.980038046836853,0.7696019411087036
YLR342W,YNR039C,0,-0.536766,0.11866942793130875,0.980038046836853,0.7697024345397949
YJR086W,YMR154C,0,-0.5374007,0.11865577101707458,0.980038046836853,0.769802987575531
YDL126C,YEL042W,0,-0.53794825,0.11864211410284042,0.980038046836853,0.7699034810066223
YGL124C,YNL154C,0,-0.5381907,0.11862846463918686,0.980038046836853,0.7700040340423584
YIL015W,YPL265W,0,-0.5383942,0.1186148151755333,0.980038046836853,0.7701045274734497
YHR043C,YDR258C,0,-0.5384214,0.11860117316246033,0.980038046836853,0.7702050805091858
YDR311W,YDL201W,0,-0.538532,0.11858753114938736,0.980038046836853,0.7703055739402771
YOL110W,YNR032W,0,-0.539967,0.11857389658689499,0.980038046836853,0.7704061269760132
YJL091C,YOL027C,0,-0.54041374,0.11856025457382202,0.980038046836853,0.7705066204071045
YJR014W,YDR488C,0,-0.5418379,0.11854662746191025,0.980038046836853,0.7706071734428406
YJL145W,YKR022C,0,-0.54219276,0.11853299289941788,0.980038046836853,0.7707076668739319
YGR048W,YBR221C,0,-0.54306346,0.1185193732380867,0.980038046836853,0.770808219909668
YOR336W,YOL089C,0,-0.5431849,0.11850574612617493,0.980038046836853,0.7709087133407593
YNL275W,YDR480W,0,-0.54342985,0.11849212646484375,0.980038046836853,0.7710092663764954
YKL113C,YPR151C,0,-0.54363334,0.11847851425409317,0.980038046836853,0.7711097598075867
YDR293C,YOR005C,0,-0.54438925,0.118464894592762,0.980038046836853,0.7712103128433228
YML069W,YGL038C,0,-0.5445027,0.11845128983259201,0.980038046836853,0.7713108062744141
YBL016W,YDL104C,0,-0.54451925,0.11843767762184143,0.980038046836853,0.7714113593101501
YDR143C,YOR375C,0,-0.54459584,0.11842407286167145,0.980038046836853,0.7715118527412415
YNL072W,YGL002W,0,-0.5454586,0.11841047555208206,0.980038046836853,0.7716124057769775
YGR038W,YDL064W,0,-0.5454676,0.11839687824249268,0.980038046836853,0.7717128992080688
YML078W,YMR278W,0,-0.5459346,0.11838328093290329,0.980038046836853,0.7718134522438049
YJR047C,YDR214W,0,-0.5460821,0.1183696910738945,0.980038046836853,0.7719139456748962
YBR133C,YFL062W,0,-0.5466741,0.11835610121488571,0.980038046836853,0.7720144987106323
YPR020W,YOR360C,0,-0.5473745,0.11834251880645752,0.980038046836853,0.7721149921417236
YIL023C,YHR094C,0,-0.5477533,0.11832893639802933,0.980038046836853,0.7722155451774597
YDL168W,YLR319C,0,-0.5477967,0.11831535398960114,0.980038046836853,0.772316038608551
YKL071W,YOR255W,0,-0.54809284,0.11830177903175354,0.980038046836853,0.7724165916442871
YIL091C,YLR027C,0,-0.54885304,0.11828820407390594,0.980038046836853,0.7725170850753784
YMR189W,YIL031W,0,-0.54987586,0.11827463656663895,0.980038046836853,0.7726176381111145
YNL116W,YEL009C,0,-0.5505413,0.11826106905937195,0.980038046836853,0.7727181315422058
YBR236C,YNL336W,0,-0.5515199,0.11824750900268555,0.980038046836853,0.7728186845779419
YNR063W,YFL002C,0,-0.55169076,0.11823394149541855,0.980038046836853,0.7729191780090332
YOR115C,YOR231W,0,-0.55206645,0.11822038888931274,0.980038046836853,0.7730197310447693
YGR087C,YDL058W,0,-0.5521321,0.11820683628320694,0.980038046836853,0.7731202244758606
YLR166C,YML064C,0,-0.5521345,0.11819328367710114,0.980038046836853,0.7732207775115967
YDL181W,YJL093C,0,-0.5537884,0.11817973107099533,0.980038046836853,0.773321270942688
YDR348C,YPR052C,0,-0.55417484,0.11816618591547012,0.980038046836853,0.7734217643737793
YLR064W,YBR171W,0,-0.5543122,0.11815264821052551,0.980038046836853,0.7735223174095154
YNL005C,YFR055W,0,-0.5544439,0.1181391105055809,0.980038046836853,0.7736228108406067
YMR092C,YBL019W,0,-0.5549356,0.11812557280063629,0.980038046836853,0.7737233638763428
YPR075C,YMR154C,0,-0.5556701,0.11811204254627228,0.980038046836853,0.7738238573074341
YGL047W,YKL092C,0,-0.55673033,0.11809851229190826,0.980038046836853,0.7739244103431702
YDR202C,YLR421C,0,-0.5571518,0.11808498203754425,0.980038046836853,0.7740249037742615
YGL002W,YDR156W,0,-0.5585534,0.11807145923376083,0.980038046836853,0.7741254568099976
YNL209W,YIL044C,0,-0.5594846,0.11805794388055801,0.980038046836853,0.7742259502410889
YDR314C,YOR368W,0,-0.56002414,0.1180444210767746,0.980038046836853,0.774326503276825
YIR022W,YML029W,0,-0.5601719,0.11803091317415237,0.980038046836853,0.7744269967079163
YNL329C,YKL167C,0,-0.5604919,0.11801739782094955,0.980038046836853,0.7745275497436523
YHR134W,YKL055C,0,-0.56063676,0.11800388991832733,0.980038046836853,0.7746280431747437
YOL044W,YPR124W,0,-0.5615903,0.1179903894662857,0.980038046836853,0.7747285962104797
YML066C,YER119C,0,-0.56281954,0.11797688156366348,0.980038046836853,0.774829089641571
YLR225C,YLL028W,0,-0.5634459,0.11796338856220245,0.980038046836853,0.7749296426773071
YER003C,YNL299W,0,-0.56349623,0.11794988811016083,0.980038046836853,0.7750301361083984
YKL101W,YHL033C,0,-0.5637537,0.1179364025592804,0.980038046836853,0.7751306891441345
YBR077C,YCR048W,0,-0.56457984,0.11792290955781937,0.980038046836853,0.7752311825752258
YNL002C,YJL047C,0,-0.56492895,0.11790942400693893,0.980038046836853,0.7753317356109619
YOL008W,YMR170C,0,-0.5653388,0.1178959384560585,0.980038046836853,0.7754322290420532
YLR144C,YLR035C,0,-0.5653755,0.11788246035575867,0.980038046836853,0.7755327820777893
YMR021C,YJL118W,0,-0.56560516,0.11786898225545883,0.980038046836853,0.7756332755088806
YNR023W,YGL134W,0,-0.5656774,0.1178555116057396,0.980038046836853,0.7757338285446167
YML110C,YCL011C,0,-0.56583154,0.11784204095602036,0.980038046836853,0.775834321975708
YMR106C,YOR100C,0,-0.5658933,0.11782857030630112,0.980038046836853,0.7759348750114441
YLR431C,YLL015W,0,-0.56663907,0.11781510710716248,0.980038046836853,0.7760353684425354
YBR298C,YDR194C,0,-0.56696177,0.11780164390802383,0.980038046836853,0.7761359214782715
YHR191C,YNL224C,0,-0.5672215,0.11778818815946579,0.980038046836853,0.7762364149093628
YJL204C,YGR125W,0,-0.5690379,0.11777473241090775,0.980038046836853,0.7763369679450989
YPL217C,YML058W,0,-0.5690688,0.1177612766623497,0.980038046836853,0.7764374613761902
YGL038C,YOL113W,0,-0.5693456,0.11774782836437225,0.980038046836853,0.7765380144119263
YKR081C,YNL329C,0,-0.569587,0.1177343875169754,0.980038046836853,0.7766385078430176
YLR034C,YDR266C,0,-0.56959546,0.11772093921899796,0.980038046836853,0.7767390608787537
YKR018C,YIL097W,0,-0.5698314,0.1177074983716011,0.980038046836853,0.776839554309845
YHL002W,YGR023W,0,-0.57024014,0.11769406497478485,0.980038046836853,0.776940107345581
YFL050C,YBR098W,0,-0.57040215,0.1176806315779686,0.980038046836853,0.7770406007766724
YML118W,YBL009W,0,-0.57071936,0.11766719818115234,0.980038046836853,0.7771411538124084
YDR214W,YGL130W,0,-0.57082605,0.11765377223491669,0.980038046836853,0.7772416472434998
YLR034C,YDR258C,0,-0.5715513,0.11764034628868103,0.980038046836853,0.7773422002792358
YPL275W,YLL023C,0,-0.5724531,0.11762692779302597,0.980038046836853,0.7774426937103271
YNL305C,YGL257C,0,-0.5727087,0.11761350929737091,0.980038046836853,0.7775432467460632
YJL118W,YOR063W,1,-0.57298684,0.11771415174007416,0.980988621711731,0.7775432467460632
YLR262C,YLR372W,0,-0.5732407,0.1177007332444191,0.980988621711731,0.7776437401771545
YDR210W,YPL008W,0,-0.5737834,0.11768730729818344,0.980988621711731,0.7777442932128906
YNR039C,YGL008C,0,-0.57383716,0.11767388880252838,0.980988621711731,0.7778447866439819
YNL072W,YFL018C,0,-0.5764158,0.11766047030687332,0.980988621711731,0.777945339679718
YDR255C,YML014W,0,-0.5775493,0.11764705926179886,0.980988621711731,0.7780458331108093
YCL010C,YMR154C,0,-0.5788774,0.1176336482167244,0.980988621711731,0.7781463861465454
YEL020C,YBR161W,0,-0.5790521,0.11762024462223053,0.980988621711731,0.7782468795776367
YPL084W,YGR284C,0,-0.5801281,0.11760684102773666,0.980988621711731,0.7783474326133728
YDR194C,YLR378C,0,-0.58026135,0.1175934374332428,0.980988621711731,0.7784479260444641
YGL043W,YNL099C,0,-0.5811378,0.11758004128932953,0.980988621711731,0.7785484790802002
YKL112W,YKL137W,0,-0.5815707,0.11756664514541626,0.980988621711731,0.7786489725112915
YBR098W,YBR088C,0,-0.5816819,0.11755324900150299,0.980988621711731,0.7787495255470276
YFL008W,YMR154C,0,-0.58212894,0.11753986030817032,0.980988621711731,0.7788500189781189
YPR020W,YOR339C,0,-0.5822787,0.11752647906541824,0.980988621711731,0.778950572013855
YCL045C,YFL016C,0,-0.58247876,0.11751309782266617,0.980988621711731,0.7790510654449463
YPL045W,YGL153W,0,-0.5834981,0.11749971657991409,0.980988621711731,0.7791515588760376
YKR098C,YMR068W,0,-0.5839571,0.11748633533716202,0.980988621711731,0.7792521119117737
YGL125W,YCR048W,0,-0.5846844,0.11747296899557114,0.980988621711731,0.779352605342865
YBR186W,YLR210W,0,-0.5851178,0.11745959520339966,0.980988621711731,0.7794531583786011
YJR095W,YMR058W,0,-0.585332,0.11744622886180878,0.980988621711731,0.7795536518096924
YHL007C,YFL009W,0,-0.5860471,0.1174328625202179,0.980988621711731,0.7796542048454285
YJL137C,YCR042C,0,-0.5861037,0.11741950362920761,0.980988621711731,0.7797546982765198
YJR095W,YER021W,0,-0.58650917,0.11740614473819733,0.980988621711731,0.7798552513122559
YOR094W,YMR280C,0,-0.5866281,0.11739278584718704,0.980988621711731,0.7799557447433472
YFL018C,YCR023C,0,-0.58729696,0.11737943440675735,0.980988621711731,0.7800562977790833
YDL002C,YGL156W,0,-0.58771133,0.11736608296632767,0.980988621711731,0.7801567912101746
YDR314C,YPL088W,0,-0.5877968,0.11735273897647858,0.980988621711731,0.7802573442459106
YHL002W,YDR214W,0,-0.58812386,0.11733939498662949,0.980988621711731,0.780357837677002
YNL088W,YGL012W,0,-0.58924186,0.11732605844736099,0.980988621711731,0.780458390712738
YNL299W,YDR331W,0,-0.58953965,0.1173127219080925,0.980988621711731,0.7805588841438293
YKL163W,YKL160W,0,-0.590217,0.117299385368824,0.980988621711731,0.7806594371795654
YMR202W,YPL192C,0,-0.5910078,0.11728605628013611,0.980988621711731,0.7807599306106567
YJL063C,YOR140W,0,-0.59202766,0.11727272719144821,0.980988621711731,0.7808604836463928
YOL094C,YGL175C,0,-0.59322375,0.11725940555334091,0.980988621711731,0.7809609770774841
YJR090C,YIL063C,0,-0.59338444,0.11724608391523361,0.980988621711731,0.7810615301132202
YJR091C,YIL031W,0,-0.59374774,0.11723276227712631,0.980988621711731,0.7811620235443115
YOR284W,YLR035C,0,-0.5945956,0.11721944808959961,0.980988621711731,0.7812625765800476
YLR376C,YIL122W,0,-0.5975669,0.1172061339020729,0.980988621711731,0.7813630700111389
YAL032C,YNL299W,0,-0.5983075,0.1171928197145462,0.980988621711731,0.781463623046875
YNR056C,YMR244C-A,0,-0.59892595,0.1171795129776001,0.980988621711731,0.7815641164779663
YMR092C,YKR046C,0,-0.5995544,0.11716621369123459,0.980988621711731,0.7816646695137024
YBR103W,YGL125W,0,-0.5995608,0.11715291440486908,0.980988621711731,0.7817651629447937
YPL055C,YOR190W,0,-0.60025144,0.11713961511850357,0.980988621711731,0.7818657159805298
YNL264C,YLR398C,0,-0.60107553,0.11712631583213806,0.980988621711731,0.7819662094116211
YPL016W,YMR083W,0,-0.6017611,0.11711302399635315,0.980988621711731,0.7820667624473572
YIR034C,YMR271C,0,-0.60241866,0.11709973961114883,0.980988621711731,0.7821672558784485
YMR199W,YKR029C,0,-0.60292494,0.11708645522594452,0.980988621711731,0.7822678089141846
YNL323W,YJR093C,0,-0.6030999,0.1170731708407402,0.980988621711731,0.7823683023452759
YGL121C,YBR179C,0,-0.6036862,0.11705989390611649,0.980988621711731,0.782468855381012
YGR277C,YIL015W,0,-0.6036863,0.11704661697149277,0.980988621711731,0.7825693488121033
YPR058W,YFR009W,0,-0.6043811,0.11703334003686905,0.980988621711731,0.7826699018478394
YDL020C,YOR344C,0,-0.6045029,0.11702007055282593,0.980988621711731,0.7827703952789307
YKL125W,YBR161W,0,-0.6047226,0.1170068010687828,0.980988621711731,0.7828709483146667
YLR310C,YDR540C,0,-0.60528624,0.11699353903532028,0.980988621711731,0.7829714417457581
YBR102C,YGL150C,0,-0.60537314,0.11698027700185776,0.980988621711731,0.7830719947814941
YBR019C,YDL165W,0,-0.6055387,0.11696701496839523,0.980988621711731,0.7831724882125854
YNR051C,YER166W,0,-0.6057108,0.1169537603855133,0.980988621711731,0.7832730412483215
YDL193W,YMR068W,0,-0.6058873,0.11694051325321198,0.980988621711731,0.7833735346794128
YBR077C,YOR122C,0,-0.60620534,0.11692725867033005,0.980988621711731,0.7834740877151489
YFL055W,YHR191C,0,-0.6069837,0.11691401153802872,0.980988621711731,0.7835745811462402
YGR108W,YLL036C,0,-0.6073666,0.11690077185630798,0.980988621711731,0.7836751341819763
YFL034C-B,YPL265W,0,-0.6073942,0.11688753217458725,0.980988621711731,0.7837756276130676
YBL046W,YML118W,0,-0.6076344,0.11687429249286652,0.980988621711731,0.7838761806488037
YBL036C,YJL184W,0,-0.60848737,0.11686106026172638,0.980988621711731,0.783976674079895
YMR260C,YHR102W,0,-0.6085451,0.11684782803058624,0.980988621711731,0.7840772271156311
YBL102W,YFR046C,0,-0.609456,0.1168345957994461,0.980988621711731,0.7841777205467224
YGR125W,YPL283C,0,-0.6101782,0.11682137101888657,0.980988621711731,0.7842782735824585
YOL130W,YLR421C,0,-0.6108172,0.11680814623832703,0.980988621711731,0.7843787670135498
YBR210W,YLR027C,0,-0.61097515,0.11679492890834808,0.980988621711731,0.7844793200492859
YDL159W,YJL122W,0,-0.6110482,0.11678171157836914,0.980988621711731,0.7845798134803772
YPL047W,YAR014C,0,-0.6113333,0.1167685016989708,0.980988621711731,0.7846803665161133
YLR431C,YNL197C,0,-0.61159515,0.11675529181957245,0.980988621711731,0.7847808599472046
YNL075W,YLL005C,0,-0.61197907,0.1167420819401741,0.980988621711731,0.7848814129829407
YPL084W,YBL005W-A,0,-0.61228716,0.11672887951135635,0.980988621711731,0.784981906414032
YNL152W,YNL265C,0,-0.6126909,0.1167156770825386,0.980988621711731,0.7850823998451233
YIL117C,YJL076W,0,-0.61343604,0.11670247465372086,0.980988621711731,0.7851829528808594
YNL090W,YOR375C,0,-0.6144447,0.1166892796754837,0.980988621711731,0.7852834463119507
YFL009W,YER018C,0,-0.6145014,0.11667608469724655,0.980988621711731,0.7853839993476868
YGL150C,YNL093W,0,-0.6147697,0.11666289716959,0.980988621711731,0.7854844927787781
YKR013W,YMR231W,0,-0.6149542,0.11664970964193344,0.980988621711731,0.7855850458145142
YIR035C,YMR167W,0,-0.61498904,0.11663652956485748,0.980988621711731,0.7856855392456055
YGR068C,YIR003W,0,-0.6154503,0.11662334948778152,0.980988621711731,0.7857860922813416
YGL023C,YDR210W,0,-0.6156411,0.11661016941070557,0.980988621711731,0.7858865857124329
YGL254W,YOL021C,0,-0.6174052,0.1165969967842102,0.980988621711731,0.785987138748169
YHL007C,YOR197W,0,-0.6189579,0.11658382415771484,0.980988621711731,0.7860876321792603
YDL150W,YDL156W,0,-0.6192467,0.11657065153121948,0.980988621711731,0.7861881852149963
YCR066W,YGR207C,0,-0.6192866,0.11655748635530472,0.980988621711731,0.7862886786460876
YLR376C,YKR087C,0,-0.6197554,0.11654432862997055,0.980988621711731,0.7863892316818237
YLR013W,YDR186C,0,-0.62011933,0.11653116345405579,0.980988621711731,0.786489725112915
YJL063C,YLR355C,0,-0.6202905,0.11651800572872162,0.980988621711731,0.7865902781486511
YJL020C,YLR256W,0,-0.6219797,0.11650485545396805,0.980988621711731,0.7866907715797424
YOR033C,YGR195W,0,-0.62243176,0.11649170517921448,0.980988621711731,0.7867913246154785
YNL265C,YOR303W,0,-0.6228777,0.11647855490446091,0.980988621711731,0.7868918180465698
YGL156W,YPL192C,0,-0.62289095,0.11646541208028793,0.980988621711731,0.7869923710823059
YHR203C,YNL014W,1,-0.6230141,0.11656510829925537,0.9819391369819641,0.7869923710823059
YDR221W,YOL113W,0,-0.6239783,0.1165519580245018,0.9819391369819641,0.7870928645133972
YDL193W,YML069W,0,-0.62418354,0.11653880774974823,0.9819391369819641,0.7871934175491333
YLR155C,YER001W,0,-0.62581724,0.11652566492557526,0.9819391369819641,0.7872939109802246
YDR073W,YLR066W,0,-0.6275167,0.11651252210140228,0.9819391369819641,0.7873944640159607
YKL127W,YHR166C,0,-0.62858796,0.11649937927722931,0.9819391369819641,0.787494957447052
YLR310C,YKL046C,0,-0.6288583,0.11648624390363693,0.9819391369819641,0.7875955104827881
YBR298C,YPR056W,0,-0.62899756,0.11647310853004456,0.9819391369819641,0.7876960039138794
YMR323W,YJR064W,0,-0.6297676,0.11645998060703278,0.9819391369819641,0.7877965569496155
YMR202W,YOL075C,0,-0.63097024,0.116446852684021,0.9819391369819641,0.7878970503807068
YLR274W,YBR021W,0,-0.6328685,0.11643372476100922,0.9819391369819641,0.7879976034164429
YGL022W,YMR106C,0,-0.63332677,0.11642060428857803,0.9819391369819641,0.7880980968475342
YFR046C,YER118C,0,-0.63340926,0.11640748381614685,0.9819391369819641,0.7881986498832703
YJL115W,YMR044W,0,-0.6341839,0.11639436334371567,0.9819391369819641,0.7882991433143616
YLR423C,YCL038C,0,-0.6354263,0.11638125032186508,0.9819391369819641,0.7883996963500977
YLR216C,YLR308W,0,-0.63649106,0.11636814475059509,0.9819391369819641,0.788500189781189
YDL020C,YBR204C,0,-0.6365237,0.1163550317287445,0.9819391369819641,0.788600742816925
YBL005W-A,YOR077W,0,-0.636837,0.11634193360805511,0.9819391369819641,0.7887012362480164
YOR229W,YER122C,0,-0.6370176,0.11632882803678513,0.9819391369819641,0.7888017892837524
YPL236C,YJL092W,0,-0.63727665,0.11631572991609573,0.9819391369819641,0.7889022827148438
YDR408C,YLR256W,0,-0.6375562,0.11630263179540634,0.9819391369819641,0.7890028357505798
YNL321W,YPL057C,0,-0.6376188,0.11628954112529755,0.9819391369819641,0.7891033291816711
YPR104C,YKL120W,0,-0.6379453,0.11627645045518875,0.9819391369819641,0.7892038822174072
YDR020C,YMR190C,0,-0.63843274,0.11626336723566055,0.9819391369819641,0.7893043756484985
YER016W,YGL257C,0,-0.6384535,0.11625028401613235,0.9819391369819641,0.7894049286842346
YNL315C,YLR136C,0,-0.6391401,0.11623720079660416,0.9819391369819641,0.7895054221153259
YBL040C,YPL249C,0,-0.64033806,0.11622412502765656,0.9819391369819641,0.789605975151062
YIL049W,YDR043C,0,-0.64119077,0.11621104925870895,0.9819391369819641,0.7897064685821533
YGL145W,YGL047W,0,-0.6414145,0.11619797348976135,0.9819391369819641,0.7898070216178894
YBL067C,YJL020C,0,-0.6414666,0.11618490517139435,0.9819391369819641,0.7899075150489807
YHR187W,YHR007C,0,-0.64166677,0.11617183685302734,0.9819391369819641,0.7900080680847168
YML131W,YDR206W,0,-0.6418396,0.11615877598524094,0.9819391369819641,0.7901085615158081
YBR133C,YPL005W,0,-0.641981,0.11614571511745453,0.9819391369819641,0.7902091145515442
YMR288W,YML072C,0,-0.6433761,0.11613266170024872,0.9819391369819641,0.7903096079826355
YHR112C,YLL052C,0,-0.64369404,0.11611960083246231,0.9819391369819641,0.7904101610183716
YPL086C,YGL032C,0,-0.64378345,0.1161065548658371,0.9819391369819641,0.7905106544494629
YDR338C,YDR450W,0,-0.64396334,0.11609350144863129,0.9819391369819641,0.790611207485199
YPL023C,YJR002W,0,-0.644897,0.11608045548200607,0.9819391369819641,0.7907117009162903
YDL194W,YNL014W,0,-0.6449975,0.11606741696596146,0.9819391369819641,0.7908121943473816
YMR283C,YGR284C,0,-0.64534163,0.11605437844991684,0.9819391369819641,0.7909127473831177
YPL241C,YGL150C,0,-0.64557827,0.11604133993387222,0.9819391369819641,0.791013240814209
YNL037C,YFL031W,0,-0.6462352,0.1160283014178276,0.9819391369819641,0.7911137938499451
YJR144W,YLR319C,0,-0.64682746,0.11601527035236359,0.9819391369819641,0.7912142872810364
YNL075W,YJL091C,0,-0.6478535,0.11600224673748016,0.9819391369819641,0.7913148403167725
YJL137C,YBR215W,0,-0.649647,0.11598922312259674,0.9819391369819641,0.7914153337478638
YFL055W,YER065C,0,-0.64984334,0.11597619950771332,0.9819391369819641,0.7915158867835999
YBR103W,YLR216C,0,-0.6510427,0.1159631758928299,0.9819391369819641,0.7916163802146912
YGR284C,YDR489W,0,-0.6515062,0.11595015972852707,0.9819391369819641,0.7917169332504272
YKL027W,YHR042W,0,-0.65188813,0.11593715101480484,0.9819391369819641,0.7918174266815186
YOR115C,YBL102W,0,-0.65236175,0.11592414230108261,0.9819391369819641,0.7919179797172546
YDL232W,YBR133C,0,-0.6533941,0.11591113358736038,0.9819391369819641,0.792018473148346
YEL077C,YGL150C,0,-0.6535044,0.11589812487363815,0.9819391369819641,0.792119026184082
YHR079C-A,YDR294C,0,-0.65376985,0.11588512361049652,0.9819391369819641,0.7922195196151733
YBR132C,YDL188C,0,-0.6541631,0.11587212234735489,0.9819391369819641,0.7923200726509094
YKL152C,YMR154C,0,-0.6543431,0.11585912853479385,0.9819391369819641,0.7924205660820007
YPL020C,YPL190C,0,-0.6546564,0.11584613472223282,0.9819391369819641,0.7925211191177368
YBL036C,YGL145W,0,-0.6551268,0.11583314836025238,0.9819391369819641,0.7926216125488281
YKL176C,YIR028W,0,-0.6552267,0.11582016199827194,0.9819391369819641,0.7927221655845642
YBR203W,YLR216C,0,-0.65625787,0.1158071756362915,0.9819391369819641,0.7928226590156555
YCR089W,YLR368W,0,-0.6566355,0.11579419672489166,0.9819391369819641,0.7929232120513916
YPL045W,YDR017C,0,-0.6576624,0.11578121781349182,0.9819391369819641,0.7930237054824829
YDR027C,YGR280C,0,-0.6586336,0.11576823890209198,0.9819391369819641,0.793124258518219
YMR260C,YGL175C,0,-0.65866256,0.11575526744127274,0.9819391369819641,0.7932247519493103
YDR349C,YJL207C,0,-0.6587013,0.11574229598045349,0.9819391369819641,0.7933253049850464
YER122C,YPL181W,0,-0.65898025,0.11572933197021484,0.9819391369819641,0.7934257984161377
YMR044W,YJL100W,0,-0.65966964,0.1157163679599762,0.9819391369819641,0.7935263514518738
YFL055W,YLR274W,0,-0.65975904,0.11570340394973755,0.9819391369819641,0.7936268448829651
YDL193W,YGL156W,0,-0.66011906,0.1156904473900795,0.9819391369819641,0.7937273979187012
YHL018W,YMR216C,0,-0.66106176,0.11567749083042145,0.9819391369819641,0.7938278913497925
YOR173W,YER122C,0,-0.66107464,0.115664541721344,0.9819391369819641,0.7939284443855286
YGR068C,YIL168W,0,-0.66199017,0.11565159261226654,0.9819391369819641,0.7940289378166199
YHR003C,YGL133W,0,-0.66214955,0.11563864350318909,0.9819391369819641,0.794129490852356
YNL336W,YMR067C,0,-0.66245794,0.11562570184469223,0.9819391369819641,0.7942299842834473
YEL034W,YGR133W,0,-0.6626824,0.11561276018619537,0.9819391369819641,0.7943305373191833
YNL321W,YML010W,0,-0.6627623,0.11559981852769852,0.9819391369819641,0.7944310307502747
YGR090W,YNL047C,0,-0.66403604,0.11558688431978226,0.9819391369819641,0.7945315837860107
YMR106C,YJR088C,0,-0.6649047,0.1155739575624466,0.9819391369819641,0.794632077217102
YLR034C,YML075C,0,-0.66541314,0.11556102335453033,0.9819391369819641,0.7947326302528381
YLR320W,YLL010C,0,-0.66629815,0.11554809659719467,0.9819391369819641,0.7948331236839294
YBR133C,YCR089W,0,-0.66757846,0.1155351772904396,0.9819391369819641,0.7949336767196655
YBR236C,YGL054C,0,-0.66776145,0.11552225798368454,0.9819391369819641,0.7950341701507568
YML078W,YKL157W,0,-0.66791654,0.11550933867692947,0.9819391369819641,0.7951347231864929
YBL084C,YPL242C,0,-0.6688024,0.11549641937017441,0.9819391369819641,0.7952352166175842
YIR013C,YOL049W,0,-0.66885686,0.11548350751399994,0.9819391369819641,0.7953357696533203
YIR034C,YDR477W,0,-0.66908693,0.11547060310840607,0.9819391369819641,0.7954362630844116
YML029W,YML065W,0,-0.66987705,0.1154576987028122,0.9819391369819641,0.7955368161201477
YKR098C,YHR032W,0,-0.6700436,0.11544479429721832,0.9819391369819641,0.795637309551239
YGR023W,YLR398C,0,-0.67016137,0.11543188989162445,0.9819391369819641,0.7957378625869751
YJL210W,YOR130C,0,-0.6703249,0.11541899293661118,0.9819391369819641,0.7958383560180664
YOL068C,YER122C,0,-0.6719663,0.1154061034321785,0.9819391369819641,0.7959389090538025
YOL006C,YDL214C,0,-0.67396355,0.11539320647716522,0.9819391369819641,0.7960394024848938
YHR134W,YLL032C,0,-0.67445135,0.11538031697273254,0.9819391369819641,0.7961399555206299
YNL323W,YNL225C,0,-0.6747477,0.11536743491888046,0.9819391369819641,0.7962404489517212
YDL159W,YKL157W,0,-0.6764542,0.11535455286502838,0.9819391369819641,0.7963410019874573
YBR018C,YBR152W,0,-0.67686164,0.1153416708111763,0.9819391369819641,0.7964414954185486
YDR006C,YMR135C,0,-0.6777592,0.11532879620790482,0.9819391369819641,0.7965419888496399
YGR227W,YPR066W,0,-0.67873967,0.11531592160463333,0.9819391369819641,0.796642541885376
YAL005C,YGR183C,0,-0.6792972,0.11530304700136185,0.9819391369819641,0.7967430353164673
YEL077C,YLR081W,0,-0.679448,0.11529017984867096,0.9819391369819641,0.7968435883522034
YLR336C,YOL089C,0,-0.6798755,0.11527731269598007,0.9819391369819641,0.7969440817832947
YKR018C,YNL326C,0,-0.68058777,0.11526445299386978,0.9819391369819641,0.7970446348190308
YCR034W,YMR067C,0,-0.68147516,0.11525159329175949,0.9819391369819641,0.7971451282501221
YLR064W,YNL224C,0,-0.6818199,0.1152387335896492,0.9819391369819641,0.7972456812858582
YNL088W,YIL131C,0,-0.68281114,0.1152258813381195,0.9819391369819641,0.7973461747169495
YML069W,YOR284W,0,-0.6837641,0.11521302908658981,0.9819391369819641,0.7974467277526855
YMR214W,YGR240C,0,-0.6837833,0.11520017683506012,0.9819391369819641,0.7975472211837769
YHR094C,YNL116W,0,-0.6843779,0.11518733203411102,0.9819391369819641,0.7976477742195129
YKL027W,YGR041W,0,-0.684729,0.11517448723316193,0.9819391369819641,0.7977482676506042
YBR235W,YNL252C,0,-0.6853205,0.11516164988279343,0.9819391369819641,0.7978488206863403
YJL204C,YHL018W,0,-0.6854272,0.11514881253242493,0.9819391369819641,0.7979493141174316
YPR029C,YPL005W,0,-0.68659925,0.11513597518205643,0.9819391369819641,0.7980498671531677
YDR485C,YPL086C,0,-0.6866373,0.11512314528226852,0.9819391369819641,0.798150360584259
YBR103W,YHR045W,0,-0.68739235,0.11511031538248062,0.9819391369819641,0.7982509136199951
YPL053C,YKL148C,0,-0.6883532,0.11509749293327332,0.9819391369819641,0.7983514070510864
YOL013C,YGR278W,0,-0.6889851,0.11508467048406601,0.9819391369819641,0.7984519600868225
YOR149C,YJR014W,0,-0.6890285,0.1150718480348587,0.9819391369819641,0.7985524535179138
YFL003C,YLR362W,0,-0.6891756,0.115059033036232,0.9819391369819641,0.7986530065536499
YKL222C,YCR048W,0,-0.68965757,0.11504621803760529,0.9819391369819641,0.7987534999847412
YMR161W,YAL001C,0,-0.690079,0.11503341048955917,0.9819391369819641,0.7988540530204773
YJL116C,YBL009W,0,-0.6906159,0.11502059549093246,0.9819391369819641,0.7989545464515686
YHR042W,YER094C,0,-0.69085777,0.11500779539346695,0.9819391369819641,0.7990550994873047
YLR148W,YLL015W,0,-0.69089663,0.11499498784542084,0.9819391369819641,0.799155592918396
YDR084C,YBR236C,0,-0.6911371,0.11498218774795532,0.9819391369819641,0.7992561459541321
YER119C,YCL030C,0,-0.6915438,0.1149693951010704,0.9819391369819641,0.7993566393852234
YMR291W,YDR307W,0,-0.69186556,0.11495660245418549,0.9819391369819641,0.7994571924209595
YGR148C,YFL003C,0,-0.6920955,0.11494380980730057,0.9819391369819641,0.7995576858520508
YCL011C,YHR043C,0,-0.6921921,0.11493101716041565,0.9819391369819641,0.7996582388877869
YDR153C,YOL034W,0,-0.69288707,0.11491823196411133,0.9819391369819641,0.7997587323188782
YDR006C,YMR161W,0,-0.6933297,0.1149054542183876,0.9819391369819641,0.7998592853546143
YMR266W,YBR215W,0,-0.6946751,0.11489266902208328,0.9819391369819641,0.7999597787857056
YHR091C,YPL192C,0,-0.69481254,0.11487989127635956,0.9819391369819641,0.8000603318214417
YMR079W,YIL131C,0,-0.69603574,0.11486712098121643,0.9819391369819641,0.800160825252533
YAR008W,YGL175C,0,-0.69653225,0.1148543506860733,0.9819391369819641,0.800261378288269
YBR073W,YNL106C,0,-0.6976069,0.11484158039093018,0.9819391369819641,0.8003618717193604
YKL213C,YGR203W,0,-0.69824946,0.11482881009578705,0.9819391369819641,0.8004624247550964
YBL050W,YBR068C,0,-0.69843745,0.11481604725122452,0.9819391369819641,0.8005629181861877
YPL047W,YMR083W,0,-0.69856954,0.11480329185724258,0.9819391369819641,0.8006634712219238
YER172C,YOR005C,0,-0.6998873,0.11479052901268005,0.9819391369819641,0.8007639646530151
YAR014C,YLR368W,0,-0.6999655,0.11477778106927872,0.9819391369819641,0.8008645176887512
YGR074W,YPR185W,0,-0.700024,0.11476502567529678,0.9819391369819641,0.8009650111198425
YDR221W,YDL020C,0,-0.7002692,0.11475227773189545,0.9819391369819641,0.8010655641555786
YGR287C,YLR013W,0,-0.70049405,0.11473952978849411,0.9819391369819641,0.8011660575866699
YOR064C,YNL099C,0,-0.7009882,0.11472678929567337,0.9819391369819641,0.801266610622406
YNL139C,YGR278W,0,-0.7010298,0.11471404880285263,0.9819391369819641,0.8013671040534973
YHR124W,YCL010C,0,-0.7011925,0.11470130831003189,0.9819391369819641,0.8014676570892334
YBR280C,YEL011W,0,-0.70147955,0.11468857526779175,0.9819391369819641,0.8015681505203247
YFR051C,YCR073C,0,-0.7024274,0.1146758422255516,0.9819391369819641,0.8016687035560608
YER048C,YFL003C,0,-0.70269954,0.11466311663389206,0.9819391369819641,0.8017691969871521
YHR016C,YHR043C,0,-0.7029332,0.11465039104223251,0.9819391369819641,0.8018697500228882
YJR056C,YMR231W,0,-0.7031628,0.11463766545057297,0.9819391369819641,0.8019702434539795
YER075C,YGL179C,0,-0.7033601,0.11462494730949402,0.9819391369819641,0.8020707964897156
YNL222W,YJR064W,0,-0.7041886,0.11461222916841507,0.9819391369819641,0.8021712899208069
YDL159W,YFL053W,0,-0.7072151,0.11459951102733612,0.9819391369819641,0.802271842956543
YLR369W,YJR091C,0,-0.707325,0.11458680033683777,0.9819391369819641,0.8023723363876343
YDR027C,YOR190W,0,-0.7075777,0.11457408964633942,0.9819391369819641,0.8024728298187256
YKL112W,YER166W,0,-0.70797205,0.11456138640642166,0.9819391369819641,0.8025733828544617
YGL184C,YNL097C,0,-0.7085302,0.1145486831665039,0.9819391369819641,0.802673876285553
YPL020C,YEL020C,0,-0.7085302,0.11453597992658615,0.9819391369819641,0.8027744293212891
YBR132C,YIL016W,0,-0.70902944,0.11452328413724899,0.9819391369819641,0.8028749227523804
YLR298C,YDL042C,0,-0.7092222,0.11451058834791183,0.9819391369819641,0.8029754757881165
YGR054W,YDR239C,1,-0.70981574,0.11460873484611511,0.982889711856842,0.8029754757881165
YNL035C,YDR307W,0,-0.71099365,0.11459603160619736,0.982889711856842,0.8030759692192078
YPL069C,YER160C,0,-0.7112131,0.1145833358168602,0.982889711856842,0.8031765222549438
YPL024W,YMR154C,0,-0.71193075,0.11457064002752304,0.982889711856842,0.8032770156860352
YDL226C,YNL225C,0,-0.712646,0.11455794423818588,0.982889711856842,0.8033775687217712
YFR051C,YGR067C,0,-0.71296513,0.11454525589942932,0.982889711856842,0.8034780621528625
YGR277C,YHR083W,0,-0.71490836,0.11453256756067276,0.982889711856842,0.8035786151885986
YLR225C,YKL073W,0,-0.7152722,0.1145198792219162,0.982889711856842,0.8036791086196899
YGR049W,YML038C,0,-0.71571255,0.11450719833374023,0.982889711856842,0.803779661655426
YBL016W,YJR091C,0,-0.71720076,0.11449451744556427,0.982889711856842,0.8038801550865173
YDR058C,YDR123C,0,-0.71774197,0.1144818440079689,0.982889711856842,0.8039807081222534
YGR087C,YHR176W,0,-0.7179017,0.11446917057037354,0.982889711856842,0.8040812015533447
YBL046W,YNL256W,0,-0.71828294,0.11445649713277817,0.982889711856842,0.8041817545890808
YGR227W,YMR216C,0,-0.7187817,0.1144438311457634,0.982889711856842,0.8042822480201721
YLR128W,YJL210W,0,-0.71954644,0.11443116515874863,0.982889711856842,0.8043828010559082
YDR119W,YIL067C,0,-0.7197641,0.11441849917173386,0.982889711856842,0.8044832944869995
YER118C,YLR226W,0,-0.7198472,0.11440584063529968,0.982889711856842,0.8045838475227356
YJL113W,YOR140W,0,-0.720927,0.11439318209886551,0.982889711856842,0.8046843409538269
YMR119W,YLR077W,0,-0.7241676,0.11438053101301193,0.982889711856842,0.804784893989563
YGL033W,YGL145W,0,-0.72490454,0.11436787992715836,0.982889711856842,0.8048853874206543
YKL096W,YDR208W,0,-0.72543764,0.11435522884130478,0.982889711856842,0.8049859404563904
YLR155C,YMR309C,0,-0.7268524,0.1143425852060318,0.982889711856842,0.8050864338874817
YDR349C,YGR074W,0,-0.7282109,0.11432994157075882,0.982889711856842,0.8051869869232178
YLR431C,YNL093W,0,-0.7290492,0.11431730538606644,0.982889711856842,0.8052874803543091
YOL110W,YPR025C,0,-0.7293608,0.11430466175079346,0.982889711856842,0.8053880333900452
YNL124W,YKR029C,0,-0.72968125,0.11429203301668167,0.982889711856842,0.8054885268211365
YCR067C,YPL236C,0,-0.72981834,0.11427939683198929,0.982889711856842,0.8055890798568726
YBL016W,YAR003W,0,-0.730633,0.1142667680978775,0.982889711856842,0.8056895732879639
YBR200W,YNL224C,0,-0.7310338,0.11425414681434631,0.982889711856842,0.8057901263237
YMR106C,YDR291W,0,-0.73111355,0.11424151808023453,0.982889711856842,0.8058906197547913
YPL268W,YOR245C,0,-0.73176765,0.11422889679670334,0.982889711856842,0.8059911727905273
YJL151C,YPL255W,0,-0.73217237,0.11421628296375275,0.982889711856842,0.8060916662216187
YLR369W,YGL134W,0,-0.73217905,0.11420366913080215,0.982889711856842,0.8061922192573547
YMR106C,YLR449W,0,-0.73220885,0.11419105529785156,0.982889711856842,0.806292712688446
YPL152W,YLR242C,0,-0.7324449,0.11417844891548157,0.982889711856842,0.8063932657241821
YDR214W,YBR179C,0,-0.73249733,0.11416583508253098,0.982889711856842,0.8064937591552734
YHR072W,YNL245C,0,-0.73348117,0.11415323615074158,0.982889711856842,0.8065943121910095
YLR148W,YDL214C,0,-0.7337252,0.11414063721895218,0.982889711856842,0.8066948056221008
YDR027C,YDL049C,0,-0.7342591,0.11412803828716278,0.982889711856842,0.8067953586578369
YDR294C,YCR042C,0,-0.7356316,0.11411543935537338,0.982889711856842,0.8068958520889282
YLR336C,YLR421C,0,-0.73704624,0.11410284787416458,0.982889711856842,0.8069964051246643
YPR101W,YKL157W,0,-0.7375424,0.11409025639295578,0.982889711856842,0.8070968985557556
YLR064W,YBL019W,0,-0.73862135,0.11407767236232758,0.982889711856842,0.8071974515914917
YLR132C,YML014W,0,-0.7405611,0.11406508833169937,0.982889711856842,0.807297945022583
YFL024C,YDR477W,0,-0.7410408,0.11405250430107117,0.982889711856842,0.8073984980583191
YBL016W,YOL021C,0,-0.7412405,0.11403992772102356,0.982889711856842,0.8074989914894104
YPL152W,YPL187W,0,-0.7412466,0.11402735114097595,0.982889711856842,0.8075995445251465
YOL146W,YDR538W,0,-0.7415731,0.11401477456092834,0.982889711856842,0.8077000379562378
YGR148C,YOR321W,0,-0.742069,0.11400220543146133,0.982889711856842,0.8078005909919739
YLR298C,YLR095C,0,-0.7433257,0.11398963630199432,0.982889711856842,0.8079010844230652
YGR096W,YER169W,0,-0.7457998,0.11397707462310791,0.982889711856842,0.8080016374588013
YER058W,YJR019C,0,-0.74610186,0.1139645129442215,0.982889711856842,0.8081021308898926
YJR086W,YBL101C,0,-0.74621975,0.11395195126533508,0.982889711856842,0.8082026243209839
YLR372W,YJL074C,0,-0.74644125,0.11393939703702927,0.982889711856842,0.80830317735672
YOR362C,YOR140W,0,-0.74649715,0.11392684280872345,0.982889711856842,0.8084036707878113
YJL047C,YPR112C,0,-0.7467234,0.11391428858041763,0.982889711856842,0.8085042238235474
YLR393W,YNL299W,0,-0.747102,0.11390174180269241,0.982889711856842,0.8086047172546387
YCL030C,YCR089W,0,-0.7475257,0.1138891950249672,0.982889711856842,0.8087052702903748
YLR116W,YDR202C,0,-0.7487757,0.11387665569782257,0.982889711856842,0.8088057637214661
YBR088C,YLL042C,0,-0.74917233,0.11386410892009735,0.982889711856842,0.8089063167572021
YNL082W,YPR181C,0,-0.7495158,0.11385157704353333,0.982889711856842,0.8090068101882935
YBR110W,YDL222C,0,-0.7512075,0.1138390377163887,0.982889711856842,0.8091073632240295
YOR229W,YJL139C,0,-0.7516867,0.11382650583982468,0.982889711856842,0.8092078566551208
YGL145W,YPR121W,0,-0.75293136,0.11381398141384125,0.982889711856842,0.8093084096908569
YHR196W,YGL044C,0,-0.75378287,0.11380144953727722,0.982889711856842,0.8094089031219482
YOL146W,YDR143C,0,-0.75429535,0.11378893256187439,0.982889711856842,0.8095094561576843
YER065C,YDL207W,0,-0.75489783,0.11377640813589096,0.982889711856842,0.8096099495887756
YIL066C,YOR202W,0,-0.755986,0.11376389116048813,0.982889711856842,0.8097105026245117
YOR118W,YPL088W,0,-0.75603414,0.1137513741850853,0.982889711856842,0.809810996055603
YMR197C,YBR229C,0,-0.756495,0.11373886466026306,0.982889711856842,0.8099115490913391
YHR018C,YJL118W,0,-0.7567804,0.11372635513544083,0.982889711856842,0.8100120425224304
YJR137C,YHR032W,0,-0.757146,0.11371384561061859,0.982889711856842,0.8101125955581665
YPL005W,YIL168W,0,-0.75715303,0.11370134353637695,0.982889711856842,0.8102130889892578
YDL153C,YOL017W,0,-0.75785625,0.11368884146213531,0.982889711856842,0.8103136420249939
YBL101C,YOL148C,0,-0.7582499,0.11367633938789368,0.982889711856842,0.8104141354560852
YKL071W,YBR127C,0,-0.7613759,0.11366384476423264,0.982889711856842,0.8105146884918213
YGR128C,YGR092W,0,-0.7613785,0.1136513501405716,0.982889711856842,0.8106151819229126
YLL032C,YGR172C,0,-0.7614944,0.11363886296749115,0.982889711856842,0.8107157349586487
YLR116W,YDR538W,0,-0.7616191,0.1136263757944107,0.982889711856842,0.81081622838974
YLR240W,YDL042C,0,-0.761922,0.11361388862133026,0.982889711856842,0.8109167814254761
YOL044W,YIL044C,0,-0.762491,0.11360140889883041,0.982889711856842,0.8110172748565674
YNL326C,YGL077C,0,-0.76363564,0.11358892917633057,0.982889711856842,0.8111178278923035
YMR058W,YDL147W,0,-0.7644243,0.11357644945383072,0.982889711856842,0.8112183213233948
YPL164C,YDR155C,0,-0.76508665,0.11356397718191147,0.982889711856842,0.8113188743591309
YDL155W,YDL103C,0,-0.7652695,0.11355150490999222,0.982889711856842,0.8114193677902222
YMR288W,YNL139C,0,-0.7653518,0.11353903263807297,0.982889711856842,0.8115199208259583
YHR102W,YLR449W,0,-0.7658949,0.11352656781673431,0.982889711856842,0.8116204142570496
YDR294C,YCL038C,0,-0.7661512,0.11351411044597626,0.982889711856842,0.8117209672927856
YGR023W,YMR161W,0,-0.766425,0.1135016456246376,0.982889711856842,0.811821460723877
YKL092C,YJL203W,0,-0.76707983,0.11348918825387955,0.982889711856842,0.811922013759613
YOR336W,YPL066W,0,-0.76752305,0.11347673088312149,0.982889711856842,0.8120225071907043
YOR005C,YNL148C,0,-0.7676554,0.11346428096294403,0.982889711856842,0.8121230602264404
YDR027C,YGR108W,0,-0.7677629,0.11345183104276657,0.982889711856842,0.8122235536575317
YHR007C,YER004W,0,-0.76815796,0.11343938857316971,0.982889711856842,0.8123241066932678
YCR071C,YEL071W,0,-0.7684908,0.11342693865299225,0.982889711856842,0.8124246001243591
YLR453C,YOR122C,0,-0.76971066,0.11341450363397598,0.982889711856842,0.8125251531600952
YLR342W,YML111W,0,-0.769904,0.11340206116437912,0.982889711856842,0.8126256465911865
YGR048W,YHR196W,0,-0.7700596,0.11338962614536285,0.982889711856842,0.8127261996269226
YLR393W,YLR341W,0,-0.7702069,0.11337719112634659,0.982889711856842,0.8128266930580139
YKL208W,YPL066W,0,-0.7702402,0.11336476355791092,0.982889711856842,0.81292724609375
YBR179C,YJR125C,0,-0.7707,0.11335233598947525,0.982889711856842,0.8130277395248413
YDR302W,YBR083W,0,-0.7732451,0.11333990842103958,0.982889711856842,0.8131282925605774
YHR191C,YOL113W,0,-0.7742121,0.11332748830318451,0.982889711856842,0.8132287859916687
YNL299W,YMR167W,0,-0.77445185,0.11331506818532944,0.982889711856842,0.8133293390274048
YML062C,YGR041W,0,-0.7747991,0.11330264806747437,0.982889711856842,0.8134298324584961
YOR229W,YMR309C,0,-0.77490246,0.11329023540019989,0.982889711856842,0.8135303854942322
YKL211C,YDL147W,0,-0.7749257,0.11327783018350601,0.982889711856842,0.8136308789253235
YER069W,YLR424W,0,-0.77509713,0.11326541751623154,0.982889711856842,0.8137314319610596
YKR098C,YPL283C,0,-0.7753935,0.11325301229953766,0.982889711856842,0.8138319253921509
YML114C,YDR043C,0,-0.77574086,0.11324060708284378,0.982889711856842,0.813932478427887
YKR086W,YBR070C,0,-0.77598834,0.1132282093167305,0.982889711856842,0.8140329718589783
YDL207W,YCR048W,0,-0.77646506,0.11321581155061722,0.982889711856842,0.8141334652900696
YGR068C,YDR538W,0,-0.77761126,0.11320341378450394,0.982889711856842,0.8142340183258057
YAL055W,YNL224C,0,-0.77865815,0.11319102346897125,0.982889711856842,0.814334511756897
YDR202C,YJL042W,0,-0.7788179,0.11317863315343857,0.982889711856842,0.8144350647926331
YOR035C,YDL165W,0,-0.7788222,0.11316625028848648,0.982889711856842,0.8145355582237244
YDL126C,YLR064W,0,-0.77949953,0.1131538599729538,0.982889711856842,0.8146361112594604
YBR235W,YCR068W,0,-0.77972484,0.1131414845585823,0.982889711856842,0.8147366046905518
YLR095C,YPL066W,0,-0.7798202,0.11312910169363022,0.982889711856842,0.8148371577262878
YDR307W,YIL050W,0,-0.77986217,0.11311672627925873,0.982889711856842,0.8149376511573792
YDR206W,YOR197W,0,-0.77988815,0.11310435086488724,0.982889711856842,0.8150382041931152
YKR067W,YBL105C,0,-0.78019416,0.11309198290109634,0.982889711856842,0.8151386976242065
YGR203W,YBR021W,0,-0.7804078,0.11307961493730545,0.982889711856842,0.8152392506599426
YPL268W,YLR064W,0,-0.78044415,0.11306724697351456,0.982889711856842,0.8153397440910339
YOR118W,YGL224C,0,-0.78085446,0.11305488646030426,0.982889711856842,0.81544029712677
YNL002C,YPL192C,0,-0.78159714,0.11304252594709396,0.982889711856842,0.8155407905578613
YPL236C,YHR084W,0,-0.7823856,0.11303017288446426,0.982889711856842,0.8156413435935974
YDL126C,YKL018W,0,-0.78275156,0.11301781982183456,0.982889711856842,0.8157418370246887
YBR133C,YNR036C,0,-0.7831311,0.11300546675920486,0.982889711856842,0.8158423900604248
YPL046C,YFR055W,0,-0.78332365,0.11299311369657516,0.982889711856842,0.8159428834915161
YOL115W,YGR074W,0,-0.78359914,0.11298076808452606,0.982889711856842,0.8160434365272522
YLL039C,YJL099W,0,-0.78425,0.11296842247247696,0.982889711856842,0.8161439299583435
YIR033W,YGR203W,0,-0.7858577,0.11295608431100845,0.982889711856842,0.8162444829940796
YPL037C,YOR083W,0,-0.7864386,0.11294374614953995,0.982889711856842,0.8163449764251709
YOR284W,YDR084C,0,-0.78654575,0.11293140798807144,0.982889711856842,0.816445529460907
YDR489W,YOL068C,0,-0.78670883,0.11291907727718353,0.982889711856842,0.8165460228919983
YPL032C,YGR256W,0,-0.78696394,0.11290674656629562,0.982889711856842,0.8166465759277344
YNL072W,YHR188C,0,-0.7871587,0.11289442330598831,0.982889711856842,0.8167470693588257
YPL164C,YER003C,0,-0.78782606,0.1128820925951004,0.982889711856842,0.8168476223945618
YKR098C,YML123C,0,-0.78848207,0.11286977678537369,0.982889711856842,0.8169481158256531
YDR214W,YPL162C,0,-0.7909174,0.11285745352506638,0.982889711856842,0.8170486688613892
YLL023C,YLR308W,0,-0.79094005,0.11284513771533966,0.982889711856842,0.8171491622924805
YKR013W,YJL137C,0,-0.79156387,0.11283282190561295,0.982889711856842,0.8172497153282166
YDR027C,YDR267C,0,-0.7920233,0.11282051354646683,0.982889711856842,0.8173502087593079
YDR043C,YFR004W,0,-0.7927263,0.11280820518732071,0.982889711856842,0.817450761795044
YLR408C,YLL028W,0,-0.7930683,0.11279589682817459,0.982889711856842,0.8175512552261353
YHL007C,YIR028W,0,-0.7935324,0.11278359591960907,0.982889711856842,0.8176518082618713
YEL060C,YKR018C,0,-0.7942536,0.11277129501104355,0.982889711856842,0.8177523016929626
YMR067C,YER170W,0,-0.7948072,0.11275899410247803,0.982889711856842,0.8178528547286987
YPR018W,YPR025C,0,-0.7956624,0.1127467006444931,0.982889711856842,0.81795334815979
YGL002W,YKR025W,0,-0.79593515,0.11273440718650818,0.982889711856842,0.8180539011955261
YLR144C,YNL254C,0,-0.79677415,0.11272212117910385,0.982889711856842,0.8181543946266174
YNR026C,YOL021C,0,-0.79731345,0.11270983517169952,0.982889711856842,0.8182549476623535
YLR064W,YHR016C,0,-0.7976272,0.1126975491642952,0.982889711856842,0.8183554410934448
YIL103W,YKR029C,0,-0.7980912,0.11268526315689087,0.982889711856842,0.8184559941291809
YGL047W,YGR256W,0,-0.79813814,0.11267298460006714,0.982889711856842,0.8185564875602722
YLR310C,YHR196W,0,-0.7993429,0.112660713493824,0.982889711856842,0.8186570405960083
YFR046C,YPL265W,0,-0.7998071,0.11264843493700027,0.982889711856842,0.8187575340270996
YER019W,YPR164W,0,-0.8001766,0.11263616383075714,0.982889711856842,0.8188580870628357
YKL035W,YMR068W,0,-0.8005445,0.1126239001750946,0.982889711856842,0.818958580493927
YIL031W,YPL012W,0,-0.80222774,0.11261162906885147,0.982889711856842,0.8190591335296631
YPR181C,YLR002C,0,-0.8025713,0.11259936541318893,0.982889711856842,0.8191596269607544
YLR336C,YER122C,0,-0.8027296,0.112587109208107,0.982889711856842,0.8192601799964905
YNL069C,YDR480W,0,-0.8028214,0.11257485300302505,0.982889711856842,0.8193606734275818
YBL084C,YLR210W,0,-0.8030238,0.11256259679794312,0.982889711856842,0.8194612264633179
YOR371C,YMR058W,0,-0.8034847,0.11255034059286118,0.982889711856842,0.8195617198944092
YDL168W,YKR001C,0,-0.8036926,0.11253809183835983,0.982889711856842,0.8196622729301453
YLR405W,YLR399C,0,-0.8038523,0.11252584308385849,0.982889711856842,0.8197627663612366
YDR142C,YIL082W-A,0,-0.8044288,0.11251360177993774,0.982889711856842,0.8198632597923279
YPR075C,YDR307W,0,-0.8057606,0.112501360476017,0.982889711856842,0.819963812828064
YIL040W,YJR019C,0,-0.8063798,0.11248911917209625,0.982889711856842,0.8200643062591553
YBR235W,YCL011C,0,-0.8070712,0.1124768853187561,0.982889711856842,0.8201648592948914
YHR003C,YGL166W,0,-0.8076105,0.11246465146541595,0.982889711856842,0.8202653527259827
YJL028W,YKL220C,0,-0.80853534,0.1124524176120758,0.982889711856842,0.8203659057617188
YLR116W,YIL073C,0,-0.8085809,0.11244019120931625,0.982889711856842,0.8204663991928101
YOL146W,YDR017C,0,-0.8085871,0.1124279648065567,0.982889711856842,0.8205669522285461
YDR155C,YCR008W,0,-0.8086002,0.11241574585437775,0.982889711856842,0.8206674456596375
YOR231W,YKL221W,0,-0.81021965,0.1124035194516182,0.982889711856842,0.8207679986953735
YJL076W,YGR098C,0,-0.8109412,0.11239130795001984,0.982889711856842,0.8208684921264648
YFR046C,YPL066W,0,-0.81280553,0.11237908899784088,0.982889711856842,0.8209690451622009
YMR060C,YLL054C,0,-0.8142381,0.11236687749624252,0.982889711856842,0.8210695385932922
YGL022W,YLR216C,0,-0.81427205,0.11235466599464417,0.982889711856842,0.8211700916290283
YDL126C,YDL226C,0,-0.8147719,0.1123424619436264,0.982889711856842,0.8212705850601196
YDR017C,YOR303W,0,-0.8150549,0.11233025789260864,0.982889711856842,0.8213711380958557
YDR184C,YER018C,0,-0.81524956,0.11231805384159088,0.982889711856842,0.821471631526947
YNR073C,YLR226W,0,-0.8157662,0.11230585724115372,0.982889711856842,0.8215721845626831
YJL028W,YDR175C,1,-0.81586456,0.11240226030349731,0.98384028673172,0.8215721845626831
YGL038C,YDR206W,0,-0.8161825,0.11239005625247955,0.98384028673172,0.8216726779937744
YGR059W,YDL156W,0,-0.8171258,0.11237785220146179,0.98384028673172,0.8217732310295105
YDR339C,YHR098C,0,-0.81715953,0.11236564815044403,0.98384028673172,0.8218737244606018
YOR214C,YDR267C,0,-0.81717765,0.11235345155000687,0.98384028673172,0.8219742774963379
YOR095C,YGL023C,0,-0.8178228,0.1123412549495697,0.98384028673172,0.8220747709274292
YJR007W,YFL008W,0,-0.81787896,0.11232906579971313,0.98384028673172,0.8221753239631653
YER172C,YKL216W,0,-0.81798124,0.11231687664985657,0.98384028673172,0.8222758173942566
YJL047C,YCL026C-A,0,-0.81828284,0.1123046875,0.98384028673172,0.8223763704299927
YGL131C,YDL214C,0,-0.81836843,0.11229250580072403,0.98384028673172,0.822476863861084
YER118C,YHR032W,0,-0.81884146,0.11228032410144806,0.98384028673172,0.8225774168968201
YDL042C,YNL312W,0,-0.8195276,0.11226814240217209,0.98384028673172,0.8226779103279114
YDL181W,YGR087C,0,-0.82019913,0.11225596815347672,0.98384028673172,0.8227784633636475
YJL091C,YCL030C,0,-0.8202708,0.11224379390478134,0.98384028673172,0.8228789567947388
YKL071W,YGL130W,0,-0.8209554,0.11223161965608597,0.98384028673172,0.8229795098304749
YEL020C,YDR293C,0,-0.82151985,0.11221945285797119,0.98384028673172,0.8230800032615662
YPL055C,YKL096W,0,-0.82174563,0.11220728605985641,0.98384028673172,0.8231805562973022
YMR047C,YDR293C,0,-0.8225689,0.11219511926174164,0.98384028673172,0.8232810497283936
YKL112W,YDR085C,0,-0.82359695,0.11218295991420746,0.98384028673172,0.8233816027641296
YPL057C,YNL279W,0,-0.8242687,0.11217080056667328,0.98384028673172,0.823482096195221
YGR247W,YKL073W,0,-0.82508945,0.1121586486697197,0.98384028673172,0.823582649230957
YJL063C,YOL034W,0,-0.8254216,0.11214649677276611,0.98384028673172,0.8236831426620483
YGR067C,YML075C,0,-0.82613087,0.11213434487581253,0.98384028673172,0.8237836956977844
YBR152W,YJL160C,0,-0.8267503,0.11212220042943954,0.98384028673172,0.8238841891288757
YDL002C,YPL032C,0,-0.8270664,0.11211004853248596,0.98384028673172,0.8239847421646118
YKL176C,YNL009W,0,-0.82713795,0.11209791153669357,0.98384028673172,0.8240852355957031
YML114C,YPR065W,0,-0.8285706,0.11208576709032059,0.98384028673172,0.8241857886314392
YLR070C,YGR091W,0,-0.82902586,0.1120736300945282,0.98384028673172,0.8242862820625305
YOL027C,YHR018C,0,-0.8299401,0.1120615005493164,0.98384028673172,0.8243868350982666
YDR541C,YGR074W,0,-0.83063984,0.11204936355352402,0.98384028673172,0.8244873285293579
YIR033W,YGL254W,0,-0.8310008,0.11203723400831223,0.98384028673172,0.824587881565094
YDR043C,YDL214C,0,-0.8315984,0.11202511191368103,0.98384028673172,0.8246883749961853
YJL028W,YOL058W,0,-0.8318573,0.11201298981904984,0.98384028673172,0.8247889280319214
YML130C,YHR124W,0,-0.83354044,0.11200086772441864,0.98384028673172,0.8248894214630127
YCR079W,YER166W,0,-0.8339927,0.11198874562978745,0.98384028673172,0.8249899744987488
YGL100W,YDR143C,0,-0.8348448,0.11197663098573685,0.98384028673172,0.8250904679298401
YER069W,YGR098C,0,-0.8351823,0.11196451634168625,0.98384028673172,0.8251910209655762
YML019W,YER160C,0,-0.83673084,0.11195240914821625,0.98384028673172,0.8252915143966675
YOR368W,YGR092W,0,-0.83682704,0.11194030195474625,0.98384028673172,0.8253920674324036
YNR056C,YLR133W,0,-0.8373115,0.11192819476127625,0.98384028673172,0.8254925608634949
YDL193W,YJR152W,0,-0.8373661,0.11191608756780624,0.98384028673172,0.8255930542945862
YDR155C,YCR034W,0,-0.83795285,0.11190398782491684,0.98384028673172,0.8256936073303223
YLR307W,YOL113W,0,-0.83893955,0.11189189553260803,0.98384028673172,0.8257941007614136
YPL009C,YEL020C,0,-0.83915305,0.11187979578971863,0.98384028673172,0.8258946537971497
YDR058C,YIL097W,0,-0.83989394,0.11186770349740982,0.98384028673172,0.825995147228241
YPR075C,YPL192C,0,-0.8399277,0.11185561120510101,0.98384028673172,0.826095700263977
YBR073W,YNL030W,0,-0.84074044,0.1118435263633728,0.98384028673172,0.8261961936950684
YCR073C,YML014W,0,-0.8412355,0.11183144152164459,0.98384028673172,0.8262967467308044
YOR214C,YGR065C,0,-0.8415197,0.11181936413049698,0.98384028673172,0.8263972401618958
YNR012W,YCR033W,0,-0.8417182,0.11180727928876877,0.98384028673172,0.8264977931976318
YJR137C,YHR152W,0,-0.84259903,0.11179520189762115,0.98384028673172,0.8265982866287231
YKL221W,YOR344C,0,-0.84318376,0.11178313195705414,0.98384028673172,0.8266988396644592
YGR157W,YPL053C,0,-0.8435581,0.11177106201648712,0.98384028673172,0.8267993330955505
YKL208W,YGL044C,0,-0.8469765,0.1117589920759201,0.98384028673172,0.8268998861312866
YGL002W,YGR048W,0,-0.84771705,0.11174692213535309,0.98384028673172,0.8270003795623779
YDL213C,YOR198C,0,-0.84812784,0.11173485964536667,0.98384028673172,0.827100932598114
YJL014W,YPL270W,0,-0.84875727,0.11172279715538025,0.98384028673172,0.8272014260292053
YDR311W,YMR278W,0,-0.84883106,0.11171074211597443,0.98384028673172,0.8273019790649414
YGR049W,YGL077C,0,-0.8493383,0.1116986870765686,0.98384028673172,0.8274024724960327
YJL154C,YDR480W,0,-0.85132337,0.11168663203716278,0.98384028673172,0.8275030255317688
YER146W,YGR203W,0,-0.85145557,0.11167457699775696,0.98384028673172,0.8276035189628601
YOL006C,YHR203C,0,-0.85228217,0.11166252940893173,0.98384028673172,0.8277040719985962
YDR104C,YKL046C,0,-0.85231936,0.1116504818201065,0.98384028673172,0.8278045654296875
YPL024W,YPL008W,0,-0.8523426,0.11163844168186188,0.98384028673172,0.8279051184654236
YLR148W,YBL009W,0,-0.8523593,0.11162640154361725,0.98384028673172,0.8280056118965149
YGR108W,YIL065C,0,-0.8524065,0.11161436140537262,0.98384028673172,0.828106164932251
YLR034C,YIL044C,0,-0.8526108,0.11160232871770859,0.98384028673172,0.8282066583633423
YNR026C,YAL061W,0,-0.85281277,0.11159029603004456,0.98384028673172,0.8283072113990784
YKL220C,YDR489W,0,-0.85348535,0.11157826334238052,0.98384028673172,0.8284077048301697
YDL214C,YBL100W-A,0,-0.85458076,0.11156623810529709,0.98384028673172,0.8285082578659058
YLR307W,YNL003C,0,-0.8559911,0.11155421286821365,0.98384028673172,0.8286087512969971
YLR132C,YGL100W,0,-0.8571336,0.11154219508171082,0.98384028673172,0.8287093043327332
YGL130W,YLR308W,0,-0.8574431,0.11153016984462738,0.98384028673172,0.8288097977638245
YDR540C,YIL168W,0,-0.85772645,0.11151815205812454,0.98384028673172,0.8289103507995605
YDR302W,YDR363W,0,-0.85795236,0.1115061417222023,0.98384028673172,0.8290108442306519
YPL241C,YOR198C,0,-0.8584286,0.11149413138628006,0.98384028673172,0.8291113972663879
YLR034C,YNL097C,0,-0.8589697,0.11148212105035782,0.98384028673172,0.8292118906974792
YGL130W,YKL107W,0,-0.8601515,0.11147011071443558,0.98384028673172,0.8293124437332153
YER026C,YNL220W,0,-0.86037743,0.11145810782909393,0.98384028673172,0.8294129371643066
YBL046W,YPR056W,0,-0.8604646,0.11144610494375229,0.98384028673172,0.8295134902000427
YBL046W,YCR089W,0,-0.8612423,0.11143410950899124,0.98384028673172,0.829613983631134
YOL088C,YDR141C,0,-0.86162615,0.1114221140742302,0.98384028673172,0.8297145366668701
YGR275W,YDR141C,0,-0.8617121,0.11141011863946915,0.98384028673172,0.8298150300979614
YNL099C,YOR073W,0,-0.86196685,0.1113981306552887,0.98384028673172,0.8299155831336975
YOR368W,YHR176W,0,-0.86199355,0.11138613522052765,0.98384028673172,0.8300160765647888
YJL123C,YNL256W,0,-0.8622761,0.1113741546869278,0.98384028673172,0.8301166296005249
YBR152W,YGL032C,0,-0.8624277,0.11136216670274734,0.98384028673172,0.8302171230316162
YAR008W,YCR033W,0,-0.8626356,0.11135018616914749,0.98384028673172,0.8303176760673523
YMR079W,YGL150C,0,-0.8646662,0.11133821308612823,0.98384028673172,0.8304181694984436
YAL005C,YCL040W,0,-0.86509347,0.11132623255252838,0.98384028673172,0.8305187225341797
YGR090W,YGR125W,0,-0.8652568,0.11131425946950912,0.98384028673172,0.830619215965271
YKL055C,YKL127W,0,-0.86579967,0.11130229383707047,0.98384028673172,0.8307197690010071
YGR275W,YPR023C,0,-0.86590254,0.11129032075405121,0.98384028673172,0.8308202624320984
YFR042W,YCR042C,0,-0.8673527,0.11127835512161255,0.98384028673172,0.8309208154678345
YDR541C,YLR027C,0,-0.86744905,0.11126639693975449,0.98384028673172,0.8310213088989258
YDL214C,YLL054C,0,-0.8681381,0.11125443130731583,0.98384028673172,0.8311218619346619
YNL329C,YKR046C,0,-0.8681717,0.11124247312545776,0.98384028673172,0.8312223553657532
YMR161W,YOL068C,0,-0.86848927,0.1112305223941803,0.98384028673172,0.8313229084014893
YDR123C,YPL162C,0,-0.87014127,0.11121857166290283,0.98384028673172,0.8314234018325806
YOR178C,YJL160C,0,-0.8726902,0.11120662093162537,0.98384028673172,0.8315238952636719
YNL035C,YPL005W,0,-0.8728421,0.1111946702003479,0.98384028673172,0.831624448299408
YKL220C,YKL120W,0,-0.8731785,0.11118272691965103,0.98384028673172,0.8317249417304993
YPL132W,YIR033W,0,-0.8740454,0.11117078363895416,0.98384028673172,0.8318254947662354
YGR157W,YDL165W,0,-0.8740969,0.11115884780883789,0.98384028673172,0.8319259881973267
YDR113C,YOL027C,0,-0.8759742,0.11114690452814102,0.98384028673172,0.8320265412330627
YNR073C,YLR272C,0,-0.8766769,0.11113497614860535,0.98384028673172,0.832127034664154
YDR097C,YBR161W,0,-0.87820137,0.11112304031848907,0.98384028673172,0.8322275876998901
YLR405W,YOR064C,0,-0.878935,0.1111111119389534,0.98384028673172,0.8323280811309814
YHR124W,YDL058W,0,-0.8794514,0.11109918355941772,0.98384028673172,0.8324286341667175
YBL050W,YOL068C,0,-0.87955356,0.11108726263046265,0.98384028673172,0.8325291275978088
YJL151C,YJR088C,0,-0.87988293,0.11107534170150757,0.98384028673172,0.8326296806335449
YOL091W,YOR256C,0,-0.8799226,0.11106342077255249,0.98384028673172,0.8327301740646362
YOL017W,YJL159W,0,-0.88002086,0.11105149984359741,0.98384028673172,0.8328307271003723
YMR236W,YJR019C,0,-0.880144,0.11103958636522293,0.98384028673172,0.8329312205314636
YGL002W,YDR051C,0,-0.88035786,0.11102767288684845,0.98384028673172,0.8330317735671997
YIL040W,YCL010C,0,-0.88120604,0.11101576685905457,0.98384028673172,0.833132266998291
YMR029C,YDR264C,0,-0.88287973,0.11100386083126068,0.98384028673172,0.8332328200340271
YLR064W,YKL211C,0,-0.88289094,0.1109919548034668,0.98384028673172,0.8333333134651184
YCR024C-A,YDR186C,0,-0.8839114,0.11098005622625351,0.98384028673172,0.8334338665008545
YBL066C,YHR178W,0,-0.8841171,0.11096815764904022,0.98384028673172,0.8335343599319458
YHR094C,YIL017C,0,-0.8859174,0.11095625907182693,0.98384028673172,0.8336349129676819
YDR006C,YKL146W,0,-0.88680077,0.11094436794519424,0.98384028673172,0.8337354063987732
YKR045C,YKL120W,0,-0.8868191,0.11093247681856155,0.98384028673172,0.8338359594345093
YOR149C,YER042W,0,-0.88719773,0.11092058569192886,0.98384028673172,0.8339364528656006
YHL013C,YDL161W,0,-0.8876128,0.11090870201587677,0.98384028673172,0.8340370059013367
YPL053C,YNL222W,0,-0.887874,0.11089681833982468,0.98384028673172,0.834137499332428
YDL212W,YDL201W,0,-0.88913214,0.11088493466377258,0.98384028673172,0.8342380523681641
YFL008W,YIL114C,0,-0.89018977,0.11087305843830109,0.98384028673172,0.8343385457992554
YBR102C,YPL162C,0,-0.89119387,0.11086118221282959,0.98384028673172,0.8344390988349915
YPL009C,YFL034C-B,0,-0.89218235,0.1108493059873581,0.98384028673172,0.8345395922660828
YBL084C,YHR152W,0,-0.8922415,0.1108374372124672,0.98384028673172,0.8346401453018188
YBR239C,YPR065W,0,-0.89243007,0.1108255684375763,0.98384028673172,0.8347406387329102
YDL159W,YKL127W,0,-0.8924711,0.11081370711326599,0.98384028673172,0.8348411917686462
YPR183W,YBR070C,0,-0.8937651,0.11080183833837509,0.98384028673172,0.8349416851997375
YOL013C,YMR170C,0,-0.89424276,0.11078997701406479,0.98384028673172,0.8350422382354736
YMR044W,YKR025W,0,-0.8944931,0.11077812314033508,0.98384028673172,0.8351427316665649
YBL040C,YDL092W,0,-0.89576507,0.11076626926660538,0.98384028673172,0.835243284702301
YMR189W,YGR067C,0,-0.89699364,0.11075441539287567,0.98384028673172,0.8353437781333923
YFL053W,YOR188W,0,-0.8978604,0.11074256151914597,0.98384028673172,0.8354443311691284
YNL125C,YDR141C,0,-0.89816,0.11073071509599686,0.98384028673172,0.8355448246002197
YOR173W,YOR256C,0,-0.89946425,0.11071886867284775,0.98384028673172,0.8356453776359558
YER048C,YAL042W,0,-0.90046835,0.11070702970027924,0.98384028673172,0.8357458710670471
YDR058C,YCL045C,0,-0.900818,0.11069519072771072,0.98384028673172,0.8358464241027832
YNL075W,YLR393W,0,-0.90241385,0.11068335175514221,0.98384028673172,0.8359469175338745
YGR109C,YOL113W,0,-0.90284693,0.1106715127825737,0.98384028673172,0.8360474705696106
YDR519W,YIL017C,0,-0.9034883,0.11065968126058578,0.98384028673172,0.8361479640007019
YOR058C,YDL222C,0,-0.90506613,0.11064784973859787,0.98384028673172,0.836248517036438
YCR017C,YNL003C,0,-0.90524817,0.11063602566719055,0.98384028673172,0.8363490104675293
YNL090W,YBR179C,0,-0.90638626,0.11062420159578323,0.98384028673172,0.8364495635032654
YER146W,YGR277C,0,-0.90649104,0.11061237752437592,0.98384028673172,0.8365500569343567
YKL071W,YNR049C,0,-0.9073763,0.1106005534529686,0.98384028673172,0.8366506099700928
YAL055W,YCR048W,0,-0.9110091,0.11058873683214188,0.98384028673172,0.8367511034011841
YLL039C,YLL032C,0,-0.9117305,0.11057692021131516,0.98384028673172,0.8368516564369202
YDR119W,YOL089C,0,-0.9121319,0.11056511104106903,0.98384028673172,0.8369521498680115
YFL022C,YDR186C,0,-0.9124074,0.1105533018708229,0.98384028673172,0.8370527029037476
YCR089W,YLR399C,0,-0.9125042,0.11054149270057678,0.98384028673172,0.8371531963348389
YDR221W,YGR121C,0,-0.91359675,0.11052969098091125,0.98384028673172,0.8372536897659302
YPL187W,YOR171C,0,-0.91413283,0.11051788926124573,0.98384028673172,0.8373542428016663
YJL028W,YLR406C,1,-0.91427004,0.11061285436153412,0.9847908616065979,0.8373542428016663
YHR123W,YOR197W,0,-0.91501164,0.110601045191288,0.9847908616065979,0.8374547362327576
YLL028W,YGL097W,0,-0.9159887,0.11058924347162247,0.9847908616065979,0.8375552892684937
YLR128W,YKL211C,0,-0.916234,0.11057743430137634,0.9847908616065979,0.837655782699585
YDR338C,YKR086W,0,-0.91633666,0.11056563258171082,0.9847908616065979,0.837756335735321
YBR186W,YCL026C-A,0,-0.9181733,0.11055383831262589,0.9847908616065979,0.8378568291664124
YFL062W,YDR017C,0,-0.91903853,0.11054203659296036,0.9847908616065979,0.8379573822021484
YFR042W,YJL207C,0,-0.9193499,0.11053024977445602,0.9847908616065979,0.8380578756332397
YIL162W,YLR136C,0,-0.91962504,0.1105184555053711,0.9847908616065979,0.8381584286689758
YCR102C,YDR302W,0,-0.92080784,0.11050666868686676,0.9847908616065979,0.8382589221000671
YLR132C,YGL184C,0,-0.9208791,0.11049488186836243,0.9847908616065979,0.8383594751358032
YER039C,YOR064C,0,-0.9209194,0.1104830950498581,0.9847908616065979,0.8384599685668945
YOR329C,YKL127W,0,-0.92101336,0.11047131568193436,0.9847908616065979,0.8385605216026306
YDL156W,YOR360C,0,-0.92250645,0.11045953631401062,0.9847908616065979,0.8386610150337219
YHR187W,YOL033W,0,-0.92271984,0.11044776439666748,0.9847908616065979,0.838761568069458
YER069W,YGL065C,0,-0.9249711,0.11043598502874374,0.9847908616065979,0.8388620615005493
YIL162W,YHR176W,0,-0.9250195,0.1104242131114006,0.9847908616065979,0.8389626145362854
YOR190W,YJL050W,0,-0.9269252,0.11041244864463806,0.9847908616065979,0.8390631079673767
YNR056C,YNL316C,0,-0.92725086,0.11040068417787552,0.9847908616065979,0.8391636610031128
YMR092C,YEL077C,0,-0.92788553,0.11038891971111298,0.9847908616065979,0.8392641544342041
YLR013W,YNL134C,0,-0.9283602,0.11037715524435043,0.9847908616065979,0.8393647074699402
YOR202W,YGR067C,0,-0.9292176,0.11036539822816849,0.9847908616065979,0.8394652009010315
YLR376C,YKR024C,0,-0.92934215,0.11035364121198654,0.9847908616065979,0.8395657539367676
YPR164W,YBR068C,0,-0.92943704,0.11034189164638519,0.9847908616065979,0.8396662473678589
YML114C,YER166W,0,-0.9295759,0.11033014208078384,0.9847908616065979,0.839766800403595
YLR406C,YGL032C,0,-0.929952,0.1103183925151825,0.9847908616065979,0.8398672938346863
YGR227W,YKL127W,0,-0.9303508,0.11030664294958115,0.9847908616065979,0.8399678468704224
YDR194C,YPL020C,0,-0.9312737,0.1102949008345604,0.9847908616065979,0.8400683403015137
YMR134W,YKL084W,0,-0.9313252,0.11028315871953964,0.9847908616065979,0.8401688933372498
YMR214W,YDR216W,0,-0.9326502,0.11027142405509949,0.9847908616065979,0.8402693867683411
YDR432W,YOR190W,0,-0.9331343,0.11025968194007874,0.9847908616065979,0.8403699398040771
YGL130W,YCR023C,0,-0.9334202,0.11024795472621918,0.9847908616065979,0.8404704332351685
YOR115C,YBL003C,0,-0.93722975,0.11023622006177902,0.9847908616065979,0.8405709862709045
YDL155W,YHL018W,0,-0.9381151,0.11022449284791946,0.9847908616065979,0.8406714797019958
YIL066C,YOR214C,0,-0.9394187,0.1102127656340599,0.9847908616065979,0.8407720327377319
YNL186W,YDR017C,0,-0.93990016,0.11020104587078094,0.9847908616065979,0.8408725261688232
YOR130C,YGL012W,0,-0.94005334,0.11018931865692139,0.9847908616065979,0.8409730792045593
YNL134C,YOR030W,0,-0.9401598,0.11017760634422302,0.9847908616065979,0.8410735726356506
YLR081W,YKL092C,0,-0.9405925,0.11016588658094406,0.9847908616065979,0.8411741256713867
YDR143C,YNL106C,0,-0.94085336,0.1101541742682457,0.9847908616065979,0.841274619102478
YML029W,YGR280C,0,-0.94133675,0.11014246195554733,0.9847908616065979,0.8413751721382141
YHR050W,YMR134W,0,-0.94174075,0.11013075709342957,0.9847908616065979,0.8414756655693054
YPL047W,YPL066W,0,-0.94286203,0.1101190447807312,0.9847908616065979,0.8415762186050415
YGR121C,YOR003W,0,-0.94286656,0.11010734736919403,0.9847908616065979,0.8416767120361328
YPL047W,YGR247W,0,-0.9433925,0.11009564250707626,0.9847908616065979,0.8417772650718689
YNL002C,YPL053C,0,-0.9436779,0.11008394509553909,0.9847908616065979,0.8418777585029602
YGR068C,YLR408C,0,-0.94505024,0.11007224768400192,0.9847908616065979,0.8419783115386963
YLR116W,YDR258C,0,-0.94671774,0.11006055772304535,0.9847908616065979,0.8420788049697876
YMR011W,YOR197W,0,-0.9467797,0.11004886031150818,0.9847908616065979,0.8421793580055237
YGR096W,YJR144W,0,-0.94685924,0.1100371778011322,0.9847908616065979,0.842279851436615
YBR171W,YIL114C,0,-0.94789815,0.11002548784017563,0.9847908616065979,0.8423804044723511
YCR066W,YKL055C,0,-0.95016503,0.11001380532979965,0.9847908616065979,0.8424808979034424
YBL067C,YAL047C,0,-0.95018315,0.11000212281942368,0.9847908616065979,0.8425814509391785
YPL211W,YOL128C,0,-0.9522277,0.1099904477596283,0.9847908616065979,0.8426819443702698
YLR233C,YDR452W,0,-0.9525249,0.10997876524925232,0.9847908616065979,0.8427824974060059
YOR100C,YGL047W,0,-0.9526613,0.10996709764003754,0.9847908616065979,0.8428829908370972
YAR066W,YOR030W,0,-0.9531884,0.10995542258024216,0.9847908616065979,0.8429835438728333
YEL077C,YJR019C,0,-0.954175,0.10994375497102737,0.9847908616065979,0.8430840373039246
YIL041W,YMR189W,0,-0.95442116,0.10993208736181259,0.9847908616065979,0.8431845307350159
YGL013C,YNL047C,0,-0.95813346,0.1099204272031784,0.9847908616065979,0.843285083770752
YKL221W,YDL104C,0,-0.9610951,0.10990875959396362,0.9847908616065979,0.8433855772018433
YBR302C,YDL194W,0,-0.96194685,0.10989710688591003,0.9847908616065979,0.8434861302375793
YBR136W,YAL047C,0,-0.9630089,0.10988544672727585,0.9847908616065979,0.8435866236686707
YMR113W,YPL008W,0,-0.96358323,0.10987379401922226,0.9847908616065979,0.8436871767044067
YLR297W,YER065C,0,-0.9637784,0.10986214131116867,0.9847908616065979,0.843787670135498
YGR249W,YLL054C,0,-0.9647224,0.10985049605369568,0.9847908616065979,0.8438882231712341
YEL011W,YGR247W,0,-0.96551764,0.10983884334564209,0.9847908616065979,0.8439887166023254
YLR144C,YJR091C,0,-0.96736383,0.1098272055387497,0.9847908616065979,0.8440892696380615
YJL113W,YPL008W,0,-0.9673835,0.1098155602812767,0.9847908616065979,0.8441897630691528
YLR423C,YBR229C,0,-0.9678211,0.10980392247438431,0.9847908616065979,0.8442903161048889
YBL067C,YCR089W,0,-0.9681996,0.10979228466749191,0.9847908616065979,0.8443908095359802
YGL145W,YDR267C,0,-0.96970344,0.10978065431118011,0.9847908616065979,0.8444913625717163
YDL226C,YCR008W,0,-0.9697311,0.10976901650428772,0.9847908616065979,0.8445918560028076
YDR216W,YOL027C,0,-0.9700545,0.10975738614797592,0.9847908616065979,0.8446924090385437
YLR138W,YFL050C,0,-0.9709681,0.10974576324224472,0.9847908616065979,0.844792902469635
YML093W,YKL073W,0,-0.97172475,0.10973414033651352,0.9847908616065979,0.8448934555053711
YDL159W,YKL193C,0,-0.9725138,0.10972251743078232,0.9847908616065979,0.8449939489364624
YNL126W,YBR265W,0,-0.97289896,0.10971089452505112,0.9847908616065979,0.8450945019721985
YFL009W,YPR107C,0,-0.9740746,0.10969927906990051,0.9847908616065979,0.8451949954032898
YLR070C,YGL254W,0,-0.9746301,0.10968766361474991,0.9847908616065979,0.8452955484390259
YBR290W,YLR066W,0,-0.9750477,0.1096760556101799,0.9847908616065979,0.8453960418701172
YIL103W,YDL239C,0,-0.9752159,0.1096644401550293,0.9847908616065979,0.8454965949058533
YGR257C,YOR033C,0,-0.975314,0.10965283960103989,0.9847908616065979,0.8455970883369446
YHR083W,YDL222C,0,-0.9753537,0.10964123159646988,0.9847908616065979,0.8456976413726807
YER172C,YMR044W,0,-0.9757235,0.10962963104248047,0.9847908616065979,0.845798134803772
YJL145W,YLR155C,0,-0.9757271,0.10961803048849106,0.9847908616065979,0.8458986878395081
YHR063C,YKL092C,0,-0.97604096,0.10960642993450165,0.9847908616065979,0.8459991812705994
YNL035C,YPL012W,0,-0.97604895,0.10959483683109283,0.9847908616065979,0.8460997343063354
YOR231W,YKR018C,0,-0.9769106,0.10958324372768402,0.9847908616065979,0.8462002277374268
YDL226C,YMR271C,0,-0.97726846,0.1095716580748558,0.9847908616065979,0.8463007807731628
YHR098C,YGL020C,0,-0.97751856,0.10956006497144699,0.9847908616065979,0.8464012742042542
YIL073C,YLR110C,0,-0.9775773,0.10954847931861877,0.9847908616065979,0.8465018272399902
YER042W,YPL003W,0,-0.9778079,0.10953690111637115,0.9847908616065979,0.8466023206710815
YOL013C,YKL055C,0,-0.97924364,0.10952532291412354,0.9847908616065979,0.8467028737068176
YJL076W,YLR319C,0,-0.9794384,0.10951374471187592,0.9847908616065979,0.8468033671379089
YJR093C,YNL279W,0,-0.97952557,0.1095021665096283,0.9847908616065979,0.846903920173645
YBR167C,YGL179C,0,-0.9795687,0.10949059575796127,0.9847908616065979,0.8470044136047363
YJR093C,YOR367W,0,-0.981159,0.10947902500629425,0.9847908616065979,0.8471049666404724
YLR081W,YFL022C,0,-0.9813001,0.10946745425462723,0.9847908616065979,0.8472054600715637
YDR202C,YIL162W,0,-0.9814335,0.1094558909535408,0.9847908616065979,0.8473060131072998
YKR013W,YFL018C,0,-0.9815297,0.10944432765245438,0.9847908616065979,0.8474065065383911
YPL032C,YDR051C,0,-0.98172045,0.10943276435136795,0.9847908616065979,0.8475070595741272
YMR323W,YNL254C,0,-0.9825741,0.10942120850086212,0.9847908616065979,0.8476075530052185
YAL042W,YDR291W,0,-0.98297644,0.10940965265035629,0.9847908616065979,0.8477081060409546
YJL116C,YLL052C,0,-0.983955,0.10939809679985046,0.9847908616065979,0.8478085994720459
YLR128W,YDR314C,0,-0.9840416,0.10938654839992523,0.9847908616065979,0.847909152507782
YDR210W,YIL103W,0,-0.9843881,0.109375,0.9847908616065979,0.8480096459388733
YIR033W,YJR017C,0,-0.98456085,0.10936345160007477,0.9847908616065979,0.8481101989746094
YDR037W,YGL175C,0,-0.98571014,0.10935191065073013,0.9847908616065979,0.8482106924057007
YOL006C,YPL057C,0,-0.9863174,0.1093403697013855,0.9847908616065979,0.8483112454414368
YML123C,YML058W,0,-0.98674226,0.10932882875204086,0.9847908616065979,0.8484117388725281
YNR039C,YLL042C,0,-0.98703957,0.10931729525327682,0.9847908616065979,0.8485122919082642
YKL220C,YGL133W,0,-0.9871659,0.10930576175451279,0.9847908616065979,0.8486127853393555
YPR140W,YML072C,0,-0.98797953,0.10929422825574875,0.9847908616065979,0.8487133383750916
YKR010C,YDR540C,0,-0.98806703,0.10928270220756531,0.9847908616065979,0.8488138318061829
YJL092W,YDL079C,0,-0.98861384,0.10927117615938187,0.9847908616065979,0.8489143252372742
YFL031W,YGR098C,0,-0.9891648,0.10925965011119843,0.9847908616065979,0.8490148782730103
YPL045W,YGL044C,0,-0.9893992,0.10924813151359558,0.9847908616065979,0.8491153717041016
YDR489W,YOR028C,0,-0.9903667,0.10923660546541214,0.9847908616065979,0.8492159247398376
YGR284C,YDR267C,0,-0.990819,0.10922509431838989,0.9847908616065979,0.849316418170929
YOR095C,YML066C,0,-0.99093616,0.10921357572078705,0.9847908616065979,0.849416971206665
YDR043C,YNL035C,0,-0.99098134,0.1092020645737648,0.9847908616065979,0.8495174646377563
YPR104C,YCR027C,0,-0.99105155,0.10919055342674255,0.9847908616065979,0.8496180176734924
YBR103W,YGL079W,0,-0.9910966,0.1091790497303009,0.9847908616065979,0.8497185111045837
YGR096W,YKL092C,0,-0.9915625,0.10916754603385925,0.9847908616065979,0.8498190641403198
YIR013C,YBR102C,0,-0.9931382,0.1091560423374176,0.9847908616065979,0.8499195575714111
YBL084C,YGR023W,0,-0.99357307,0.10914454609155655,0.9847908616065979,0.8500201106071472
YOL088C,YIL067C,0,-0.9942454,0.1091330423951149,0.9847908616065979,0.8501206040382385
YER144C,YBR161W,0,-0.99428666,0.10912155359983444,0.9847908616065979,0.8502211570739746
YPL268W,YNL035C,0,-0.99638724,0.10911005735397339,0.9847908616065979,0.8503216505050659
YIR033W,YGR109C,0,-0.9965956,0.10909856855869293,0.9847908616065979,0.850422203540802
YMR214W,YOR028C,0,-0.9968946,0.10908707976341248,0.9847908616065979,0.8505226969718933
YDR302W,YJL076W,0,-0.99695134,0.10907559841871262,0.9847908616065979,0.8506232500076294
YPL016W,YBR135W,0,-0.9971845,0.10906410962343216,0.9847908616065979,0.8507237434387207
YPL105C,YBR101C,1,-0.99823165,0.10915789753198624,0.9857414364814758,0.8507237434387207
YGR278W,YAL014C,0,-0.99928236,0.10914640873670578,0.9857414364814758,0.8508242964744568
YCR008W,YLR399C,0,-0.99971604,0.10913491994142532,0.9857414364814758,0.8509247899055481
YHR026W,YPR056W,0,-0.9997823,0.10912343114614487,0.9857414364814758,0.8510253429412842
YKL107W,YGL032C,0,-1.001837,0.10911194980144501,0.9857414364814758,0.8511258363723755
YBL097W,YDR354W,0,-1.0044332,0.10910047590732574,0.9857414364814758,0.8512263894081116
YOR100C,YHR026W,0,-1.0056071,0.10908899456262589,0.9857414364814758,0.8513268828392029
YGL065C,YBR221C,0,-1.00582,0.10907752066850662,0.9857414364814758,0.851427435874939
YFL050C,YEL046C,0,-1.0062516,0.10906604677438736,0.9857414364814758,0.8515279293060303
YMR288W,YHR032W,0,-1.0064627,0.1090545803308487,0.9857414364814758,0.8516284823417664
YPL009C,YOR368W,0,-1.0064828,0.10904311388731003,0.9857414364814758,0.8517289757728577
YOL021C,YGR065C,0,-1.0088545,0.10903164744377136,0.9857414364814758,0.8518295288085938
YDL159W,YKL216W,0,-1.0092583,0.1090201884508133,0.9857414364814758,0.8519300222396851
YPR145W,YFL008W,0,-1.0093455,0.10900872200727463,0.9857414364814758,0.8520305752754211
YNL321W,YNL329C,0,-1.0093555,0.10899727046489716,0.9857414364814758,0.8521310687065125
YHR216W,YFL050C,0,-1.0101168,0.10898581147193909,0.9857414364814758,0.8522316217422485
YDL168W,YKL146W,0,-1.0111403,0.10897435992956161,0.9857414364814758,0.8523321151733398
YJL137C,YLR372W,0,-1.0127709,0.10896290838718414,0.9857414364814758,0.8524326682090759
YDR206W,YIL044C,0,-1.0128329,0.10895145684480667,0.9857414364814758,0.8525331616401672
YGR203W,YIL168W,0,-1.0129309,0.1089400127530098,0.9857414364814758,0.8526337146759033
YER118C,YMR106C,0,-1.0137043,0.10892856866121292,0.9857414364814758,0.8527342081069946
YML114C,YFL053W,0,-1.0142603,0.10891713201999664,0.9857414364814758,0.8528347611427307
YGR068C,YDL066W,0,-1.0143143,0.10890569537878036,0.9857414364814758,0.852935254573822
YJL074C,YOR064C,0,-1.015454,0.10889425873756409,0.9857414364814758,0.8530358076095581
YPR107C,YIL044C,0,-1.0157962,0.10888282209634781,0.9857414364814758,0.8531363010406494
YKR022C,YGL156W,0,-1.0163677,0.10887139290571213,0.9857414364814758,0.8532368540763855
YPR101W,YFL050C,0,-1.0176308,0.10885996371507645,0.9857414364814758,0.8533373475074768
YCR023C,YPL069C,0,-1.0176848,0.10884853452444077,0.9857414364814758,0.8534379005432129
YPL012W,YDR283C,1,-1.0199317,0.10894206911325455,0.9866920113563538,0.8534379005432129
YNL021W,YKR003W,0,-1.0202787,0.10893063247203827,0.9866920113563538,0.8535383939743042
YOR321W,YMR121C,0,-1.0204651,0.10891920328140259,0.9866920113563538,0.8536389470100403
YJR159W,YDR307W,0,-1.0208247,0.1089077740907669,0.9866920113563538,0.8537394404411316
YEL011W,YFL050C,0,-1.021158,0.10889635235071182,0.9866920113563538,0.8538399934768677
YJL210W,YPL008W,0,-1.0215844,0.10888492316007614,0.9866920113563538,0.853940486907959
YBL046W,YFL002C,0,-1.0224377,0.10887350887060165,0.9866920113563538,0.8540410399436951
YPL016W,YML126C,0,-1.022848,0.10886208713054657,0.9866920113563538,0.8541415333747864
YKL120W,YNL197C,0,-1.022957,0.10885067284107208,0.9866920113563538,0.8542420864105225
YDL150W,YKL184W,0,-1.0230559,0.1088392585515976,0.9866920113563538,0.8543425798416138
YGL250W,YPL242C,0,-1.0236242,0.10882784426212311,0.9866920113563538,0.8544431328773499
YOR100C,YNL097C,0,-1.0250201,0.10881643742322922,0.9866920113563538,0.8545436263084412
YJL145W,YBR110W,0,-1.0253186,0.10880503058433533,0.9866920113563538,0.8546441793441772
YJL207C,YEL077C,0,-1.0254025,0.10879363119602203,0.9866920113563538,0.8547446727752686
YGL166W,YGL012W,0,-1.0260379,0.10878222435712814,0.9866920113563538,0.8548451662063599
YDL010W,YDR363W,0,-1.026454,0.10877082496881485,0.9866920113563538,0.854945719242096
YDR216W,YIL073C,0,-1.0264633,0.10875943303108215,0.9866920113563538,0.8550462126731873
YIL023C,YGL032C,0,-1.028655,0.10874803364276886,0.9866920113563538,0.8551467657089233
YPL283C,YKL120W,0,-1.0295458,0.10873664170503616,0.9866920113563538,0.8552472591400146
YLR128W,YOR202W,0,-1.0297143,0.10872525721788406,0.9866920113563538,0.8553478121757507
YLR340W,YIR033W,0,-1.0313215,0.10871386528015137,0.9866920113563538,0.855448305606842
YBR103W,YHR062C,0,-1.0315413,0.10870248079299927,0.9866920113563538,0.8555488586425781
YDR027C,YLR071C,0,-1.031839,0.10869109630584717,0.9866920113563538,0.8556493520736694
YLR233C,YGL175C,0,-1.0332575,0.10867971926927567,0.9866920113563538,0.8557499051094055
YKL086W,YML007W,0,-1.0339868,0.10866834223270416,0.9866920113563538,0.8558503985404968
YJL204C,YLR453C,0,-1.0349834,0.10865696519613266,0.9866920113563538,0.8559509515762329
YKL163W,YGL013C,0,-1.035748,0.10864559561014175,0.9866920113563538,0.8560514450073242
YGL234W,YLR136C,0,-1.0358341,0.10863422602415085,0.9866920113563538,0.8561519980430603
YAR003W,YNL030W,0,-1.0370452,0.10862285643815994,0.9866920113563538,0.8562524914741516
YBR216C,YLL028W,0,-1.0373745,0.10861148685216904,0.9866920113563538,0.8563530445098877
YDL232W,YDL239C,0,-1.0373976,0.10860012471675873,0.9866920113563538,0.856453537940979
YBL016W,YLR307W,0,-1.0374533,0.10858876258134842,0.9866920113563538,0.8565540909767151
YBR210W,YDR331W,0,-1.0374606,0.10857740789651871,0.9866920113563538,0.8566545844078064
YCR073C,YIR034C,0,-1.037809,0.108566053211689,0.9866920113563538,0.8567551374435425
YKR022C,YBR104W,0,-1.0380247,0.10855469852685928,0.9866920113563538,0.8568556308746338
YLR362W,YPL192C,0,-1.0398293,0.10854334384202957,0.9866920113563538,0.8569561839103699
YCL045C,YDR485C,0,-1.0398898,0.10853199660778046,0.9866920113563538,0.8570566773414612
YLR070C,YER122C,0,-1.0403005,0.10852064937353134,0.9866920113563538,0.8571572303771973
YLR233C,YOL041C,0,-1.040668,0.10850930213928223,0.9866920113563538,0.8572577238082886
YJL111W,YLL010C,0,-1.0408856,0.10849796235561371,0.9866920113563538,0.8573582768440247
YHR034C,YGL257C,0,-1.0415196,0.10848662257194519,0.9866920113563538,0.857458770275116
YNL299W,YBL097W,0,-1.0417829,0.10847528278827667,0.9866920113563538,0.857559323310852
YLR216C,YMR154C,0,-1.0426595,0.10846395045518875,0.9866920113563538,0.8576598167419434
YHR062C,YLR308W,0,-1.0431451,0.10845261812210083,0.9866920113563538,0.8577603697776794
YNL139C,YKR001C,0,-1.0433457,0.10844128578901291,0.9866920113563538,0.8578608632087708
YMR202W,YHR065C,0,-1.043981,0.10842996090650558,0.9866920113563538,0.8579614162445068
YIL049W,YDR198C,0,-1.0441356,0.10841863602399826,0.9866920113563538,0.8580619096755981
YKL209C,YJL154C,0,-1.0448006,0.10840731114149094,0.9866920113563538,0.8581624627113342
YHR045W,YPL108W,0,-1.0448201,0.10839598625898361,0.9866920113563538,0.8582629561424255
YNL299W,YNR032W,0,-1.0449772,0.10838466882705688,0.9866920113563538,0.8583635091781616
YFL009W,YOR307C,0,-1.0450137,0.10837335884571075,0.9866920113563538,0.8584640026092529
YER119C,YNL272C,0,-1.0453225,0.10836204141378403,0.9866920113563538,0.858564555644989
YIR022W,YBL019W,0,-1.0454328,0.1083507314324379,0.9866920113563538,0.8586650490760803
YDR163W,YBR135W,0,-1.0458274,0.10833942145109177,0.9866920113563538,0.8587656021118164
YAL032C,YPL283C,0,-1.0461725,0.10832811892032623,0.9866920113563538,0.8588660955429077
YNL053W,YJL076W,0,-1.0468192,0.1083168089389801,0.9866920113563538,0.8589666485786438
YJL111W,YIL015W,0,-1.0481968,0.10830550640821457,0.9866920113563538,0.8590671420097351
YKL071W,YMR106C,0,-1.0488062,0.10829421132802963,0.9866920113563538,0.8591676950454712
YER144C,YLR138W,0,-1.0520316,0.1082829162478447,0.9866920113563538,0.8592681884765625
YMR266W,YNL067W,0,-1.0525444,0.10827162116765976,0.9866920113563538,0.8593687415122986
YDL194W,YGL166W,0,-1.0531776,0.10826032608747482,0.9866920113563538,0.8594692349433899
YAR014C,YDR141C,0,-1.0543842,0.10824903845787048,0.9866920113563538,0.859569787979126
YIL117C,YCL019W,0,-1.0545852,0.10823775082826614,0.9866920113563538,0.8596702814102173
YFL034C-B,YNL169C,0,-1.0549815,0.1082264631986618,0.9866920113563538,0.8597708344459534
YMR266W,YLR368W,0,-1.0569205,0.10821518301963806,0.9866920113563538,0.8598713278770447
YBL042C,YOR017W,0,-1.0573308,0.10820389539003372,0.9866920113563538,0.8599718809127808
YLR376C,YOR371C,0,-1.0575781,0.10819262266159058,0.9866920113563538,0.8600723743438721
YGR227W,YOR375C,0,-1.0583241,0.10818134248256683,0.9866920113563538,0.8601729273796082
YFL031W,YHR094C,0,-1.0589125,0.10817006975412369,0.9866920113563538,0.8602734208106995
YNL316C,YDR480W,0,-1.0601519,0.10815879702568054,0.9866920113563538,0.8603739738464355
YJL100W,YBR014C,0,-1.0615609,0.108147531747818,0.9866920113563538,0.8604744672775269
YBL066C,YBR227C,0,-1.0616853,0.10813626646995544,0.9866920113563538,0.8605749607086182
YDR311W,YHR134W,0,-1.0620143,0.1081250011920929,0.9866920113563538,0.8606755137443542
YOR030W,YIL050W,0,-1.0641673,0.10811373591423035,0.9866920113563538,0.8607760071754456
YFR046C,YHR123W,0,-1.0663133,0.1081024780869484,0.9866920113563538,0.8608765602111816
YDR538W,YMR067C,0,-1.0674825,0.10809122025966644,0.9866920113563538,0.860977053642273
YOR173W,YNL152W,0,-1.0689332,0.10807996988296509,0.9866920113563538,0.861077606678009
YNL053W,YKL184W,0,-1.0696483,0.10806871205568314,0.9866920113563538,0.8611781001091003
YIL010W,YIL017C,0,-1.0696528,0.10805746167898178,0.9866920113563538,0.8612786531448364
YPR121W,YER122C,0,-1.0701334,0.10804621875286102,0.9866920113563538,0.8613791465759277
YPR061C,YPR009W,0,-1.0703866,0.10803496837615967,0.9866920113563538,0.8614796996116638
YER026C,YLR210W,0,-1.0711725,0.10802372545003891,0.9866920113563538,0.8615801930427551
YOL075C,YPL046C,0,-1.072406,0.10801248997449875,0.9866920113563538,0.8616807460784912
YPL009C,YDR405W,1,-1.0727613,0.10810529440641403,0.9876425862312317,0.8616807460784912
YBR239C,YMR305C,0,-1.0729668,0.10809405148029327,0.9876425862312317,0.8617812395095825
YHR123W,YJR129C,0,-1.0754406,0.10808280110359192,0.9876425862312317,0.8618817925453186
YLR070C,YKL176C,0,-1.0757978,0.10807156562805176,0.9876425862312317,0.8619822859764099
YKL209C,YOR030W,0,-1.0761003,0.108060322701931,0.9876425862312317,0.862082839012146
YJR152W,YOR284W,0,-1.0768958,0.10804908722639084,0.9876425862312317,0.8621833324432373
YNL097C,YPR056W,0,-1.0782608,0.10803785175085068,0.9876425862312317,0.8622838854789734
YBR235W,YIR034C,0,-1.0791919,0.10802661627531052,0.9876425862312317,0.8623843789100647
YDL014W,YDR208W,0,-1.0792462,0.10801538825035095,0.9876425862312317,0.8624849319458008
YGR133W,YLR002C,0,-1.079963,0.10800416022539139,0.9876425862312317,0.8625854253768921
YHR007C,YLR133W,0,-1.0802944,0.10799293220043182,0.9876425862312317,0.8626859784126282
YGL002W,YPL181W,0,-1.0804253,0.10798171162605286,0.9876425862312317,0.8627864718437195
YGR109C,YDR484W,0,-1.081308,0.10797049105167389,0.9876425862312317,0.8628870248794556
YKR080W,YIL050W,0,-1.0830841,0.10795927047729492,0.9876425862312317,0.8629875183105469
YNL053W,YEL020C,0,-1.083256,0.10794804990291595,0.9876425862312317,0.863088071346283
YKR022C,YEL060C,0,-1.0850232,0.10793683677911758,0.9876425862312317,0.8631885647773743
YLL036C,YCR033W,0,-1.0851212,0.10792562365531921,0.9876425862312317,0.8632891178131104
YLR398C,YJR017C,0,-1.0860549,0.10791441798210144,0.9876425862312317,0.8633896112442017
YDR020C,YDR155C,0,-1.0863807,0.10790321230888367,0.9876425862312317,0.8634901642799377
YDL002C,YBL019W,0,-1.086626,0.1078920066356659,0.9876425862312317,0.863590657711029
YPL268W,YDR452W,0,-1.0871592,0.10788080096244812,0.9876425862312317,0.8636912107467651
YOR190W,YIL015W,0,-1.0871594,0.10786960273981094,0.9876425862312317,0.8637917041778564
YOL130W,YOR198C,0,-1.0874345,0.10785840451717377,0.9876425862312317,0.8638922572135925
YEL020C,YNL225C,0,-1.0900737,0.10784720629453659,0.9876425862312317,0.8639927506446838
YGR275W,YPL270W,0,-1.0905917,0.10783601552248001,0.9876425862312317,0.8640933036804199
YLR027C,YKL084W,0,-1.0916333,0.10782482475042343,0.9876425862312317,0.8641937971115112
YDR349C,YJL209W,0,-1.0936917,0.10781363397836685,0.9876425862312317,0.8642943501472473
YGR096W,YOR133W,0,-1.0938108,0.10780245065689087,0.9876425862312317,0.8643948435783386
YAL032C,YPL192C,0,-1.0948915,0.10779126733541489,0.9876425862312317,0.8644953966140747
YDR073W,YOR368W,0,-1.0954244,0.1077800840139389,0.9876425862312317,0.864595890045166
YML010W,YNL093W,0,-1.0960879,0.10776890069246292,0.9876425862312317,0.8646964430809021
YLL015W,YER166W,0,-1.0960932,0.10775772482156754,0.9876425862312317,0.8647969365119934
YAL001C,YHR152W,0,-1.0976746,0.10774654895067215,0.9876425862312317,0.8648974895477295
YNL254C,YDL236W,0,-1.0986288,0.10773538053035736,0.9876425862312317,0.8649979829788208
YIL082W-A,YMR244C-A,0,-1.0986819,0.10772421211004257,0.9876425862312317,0.8650985360145569
YLR242C,YNL124W,0,-1.0999554,0.10771304368972778,0.9876425862312317,0.8651990294456482
YML038C,YIL097W,0,-1.1014823,0.107701875269413,0.9876425862312317,0.8652995824813843
YGL184C,YCR017C,0,-1.1022984,0.1076907142996788,0.9876425862312317,0.8654000759124756
YPL053C,YPL030W,0,-1.1026103,0.10767955332994461,0.9876425862312317,0.8655006289482117
YLR069C,YOR083W,0,-1.1026549,0.10766839236021042,0.9876425862312317,0.865601122379303
YKR018C,YPL057C,0,-1.1031542,0.10765723884105682,0.9876425862312317,0.8657016754150391
YDL226C,YDL159W,0,-1.1038623,0.10764608532190323,0.9876425862312317,0.8658021688461304
YIR034C,YMR162C,0,-1.1046894,0.10763493180274963,0.9876425862312317,0.8659027218818665
YMR277W,YDL239C,0,-1.1047144,0.10762378573417664,0.9876425862312317,0.8660032153129578
YPL227C,YBR215W,0,-1.1053288,0.10761263221502304,0.9876425862312317,0.8661037683486938
YPL241C,YCR008W,0,-1.1075023,0.10760149359703064,0.9876425862312317,0.8662042617797852
YDR294C,YOR077W,0,-1.1076882,0.10759034752845764,0.9876425862312317,0.8663047552108765
YIL023C,YDR519W,0,-1.108111,0.10757920891046524,0.9876425862312317,0.8664053082466125
YNR039C,YKR029C,0,-1.108546,0.10756807029247284,0.9876425862312317,0.8665058016777039
YML126C,YOR003W,0,-1.109592,0.10755693912506104,0.9876425862312317,0.8666063547134399
YCR042C,YML121W,0,-1.1099491,0.10754580050706863,0.9876425862312317,0.8667068481445312
YFL052W,YDR354W,0,-1.1101065,0.10753466933965683,0.9876425862312317,0.8668074011802673
YFR042W,YDL079C,0,-1.1108536,0.10752354562282562,0.9876425862312317,0.8669078946113586
YLR110C,YMR029C,0,-1.1118178,0.10751241445541382,0.9876425862312317,0.8670084476470947
YKR010C,YNL005C,0,-1.1124123,0.10750129073858261,0.9876425862312317,0.867108941078186
YDR221W,YGL013C,0,-1.112648,0.107490174472332,0.9876425862312317,0.8672094941139221
YNL090W,YHR083W,0,-1.1136423,0.1074790507555008,0.9876425862312317,0.8673099875450134
YPL029W,YHR123W,0,-1.1140683,0.10746793448925018,0.9876425862312317,0.8674105405807495
YDL103C,YMR067C,0,-1.1149422,0.10745681822299957,0.9876425862312317,0.8675110340118408
YIR033W,YCR083W,0,-1.1183839,0.10744570940732956,0.9876425862312317,0.8676115870475769
YKR081C,YOR231W,0,-1.1185057,0.10743460059165955,0.9876425862312317,0.8677120804786682
YBR179C,YOR303W,0,-1.118894,0.10742349177598953,0.9876425862312317,0.8678126335144043
YBR179C,YMR268C,0,-1.1199774,0.10741238296031952,0.9876425862312317,0.8679131269454956
YOL017W,YMR277W,0,-1.1208384,0.1074012815952301,0.9876425862312317,0.8680136799812317
YNL014W,YGL055W,0,-1.1210673,0.10739018023014069,0.9876425862312317,0.868114173412323
YKL092C,YPL046C,0,-1.1215439,0.10737907886505127,0.9876425862312317,0.8682147264480591
YNL169C,YKR086W,0,-1.1223662,0.10736798495054245,0.9876425862312317,0.8683152198791504
YJR091C,YGL121C,0,-1.1242115,0.10735689103603363,0.9876425862312317,0.8684157729148865
YDR237W,YBR068C,0,-1.1242142,0.10734579712152481,0.9876425862312317,0.8685162663459778
YJR095W,YGL032C,0,-1.1246679,0.10733471065759659,0.9876425862312317,0.8686168193817139
YGL208W,YMR047C,0,-1.1249397,0.10732362419366837,0.9876425862312317,0.8687173128128052
YGL017W,YER166W,0,-1.1259395,0.10731253772974014,0.9876425862312317,0.8688178658485413
YGR247W,YFL002C,0,-1.1265582,0.10730145871639252,0.9876425862312317,0.8689183592796326
YKR045C,YOR141C,0,-1.1273749,0.1072903722524643,0.9876425862312317,0.8690189123153687
YBR083W,YMR067C,0,-1.1278343,0.10727930068969727,0.9876425862312317,0.86911940574646
YOR256C,YJL014W,0,-1.1281552,0.10726822167634964,0.9876425862312317,0.869219958782196
YGR033C,YDL213C,0,-1.1299291,0.10725715011358261,0.9876425862312317,0.8693204522132874
YGR192C,YGR289C,0,-1.130425,0.10724607855081558,0.9876425862312317,0.8694210052490234
YDR485C,YDR097C,0,-1.1304796,0.10723500698804855,0.9876425862312317,0.8695214986801147
YCL019W,YDR085C,0,-1.1337376,0.10722394287586212,0.9876425862312317,0.8696220517158508
YJL047C,YGR261C,0,-1.1349295,0.10721287876367569,0.9876425862312317,0.8697225451469421
YMR047C,YNL241C,0,-1.1354473,0.10720181465148926,0.9876425862312317,0.8698230981826782
YLR132C,YNL099C,0,-1.1357392,0.10719075798988342,0.9876425862312317,0.8699235916137695
YNL329C,YGL179C,0,-1.1368958,0.10717970132827759,0.9876425862312317,0.8700241446495056
YKR013W,YOL013C,0,-1.13755,0.10716864466667175,0.9876425862312317,0.8701246380805969
YCR023C,YBR199W,0,-1.1377602,0.10715758800506592,0.9876425862312317,0.870225191116333
YFL034C-B,YDR143C,0,-1.1386446,0.10714653879404068,0.9876425862312317,0.8703256845474243
YCR073C,YLR119W,0,-1.1402018,0.10713548958301544,0.9876425862312317,0.8704262375831604
YPR018W,YLR226W,0,-1.140213,0.1071244478225708,0.9876425862312317,0.8705267310142517
YNL072W,YGL011C,0,-1.1409426,0.10711339861154556,0.9876425862312317,0.8706272840499878
YPL032C,YOR022C,0,-1.140981,0.10710236430168152,0.9876425862312317,0.8707277774810791
YJL213W,YKL222C,1,-1.1409893,0.10719439387321472,0.9885931611061096,0.8707277774810791
YMR024W,YOL068C,0,-1.1413815,0.10718334466218948,0.9885931611061096,0.8708283305168152
YGL001C,YIL097W,0,-1.1415787,0.10717230290174484,0.9885931611061096,0.8709288239479065
YJL209W,YER026C,0,-1.143394,0.1071612536907196,0.9885931611061096,0.8710293769836426
YPR164W,YPR079W,0,-1.1435344,0.10715021938085556,0.9885931611061096,0.8711298704147339
YFL008W,YNR046W,0,-1.1440405,0.10713917762041092,0.9885931611061096,0.87123042345047
YGR074W,YBR288C,0,-1.145724,0.10712814331054688,0.9885931611061096,0.8713309168815613
YCR017C,YLL054C,0,-1.1458256,0.10711710900068283,0.9885931611061096,0.8714314699172974
YLR084C,YOR130C,0,-1.1459596,0.10710607469081879,0.9885931611061096,0.8715319633483887
YBR235W,YOR307C,0,-1.146323,0.10709504783153534,0.9885931611061096,0.8716325163841248
YAL055W,YMR154C,0,-1.1481407,0.10708402097225189,0.9885931611061096,0.8717330098152161
YGR108W,YNL272C,0,-1.1483896,0.10707299411296844,0.9885931611061096,0.8718335628509521
YGR068C,YFL050C,0,-1.1484383,0.1070619747042656,0.9885931611061096,0.8719340562820435
YGR195W,YLR319C,0,-1.1490368,0.10705095529556274,0.9885931611061096,0.8720346093177795
YKL125W,YOR058C,0,-1.1495936,0.1070399358868599,0.9885931611061096,0.8721351027488708
YER157W,YIR008C,0,-1.150896,0.10702891647815704,0.9885931611061096,0.8722355961799622
YJR091C,YOR368W,0,-1.1509268,0.10701790452003479,0.9885931611061096,0.8723361492156982
YNR032W,YBL019W,0,-1.1513121,0.10700689256191254,0.9885931611061096,0.8724366426467896
YJL051W,YIL065C,0,-1.1513432,0.10699588805437088,0.9885931611061096,0.8725371956825256
YOL013C,YER122C,0,-1.1521833,0.10698487609624863,0.9885931611061096,0.8726376891136169
YJL123C,YPL012W,1,-1.1523213,0.1070767343044281,0.9895437359809875,0.8726376891136169
YJL204C,YDR538W,0,-1.1548295,0.10706572234630585,0.9895437359809875,0.872738242149353
YGR096W,YHR003C,0,-1.1558098,0.1070547103881836,0.9895437359809875,0.8728387355804443
YOR035C,YER094C,0,-1.1562198,0.10704369843006134,0.9895437359809875,0.8729392886161804
YLR342W,YPL181W,0,-1.1570551,0.10703269392251968,0.9895437359809875,0.8730397820472717
YDR147W,YDR186C,0,-1.1580807,0.10702168941497803,0.9895437359809875,0.8731403350830078
YMR021C,YDL079C,0,-1.159344,0.10701069235801697,0.9895437359809875,0.8732408285140991
YOR329C,YMR083W,0,-1.1594267,0.10699969530105591,0.9895437359809875,0.8733413815498352
YNL275W,YPL003W,0,-1.1610208,0.10698869824409485,0.9895437359809875,0.8734418749809265
YLR148W,YOR245C,0,-1.1611041,0.10697770118713379,0.9895437359809875,0.8735424280166626
YML075C,YOR303W,0,-1.1615629,0.10696670413017273,0.9895437359809875,0.8736429214477539
YBR244W,YGR065C,0,-1.1623572,0.10695571452379227,0.9895437359809875,0.87374347448349
YNL225C,YLR453C,0,-1.1628041,0.1069447323679924,0.9895437359809875,0.8738439679145813
YDL159W,YJR002W,0,-1.1652658,0.10693374276161194,0.9895437359809875,0.8739445209503174
YIL066C,YML123C,0,-1.1654987,0.10692276060581207,0.9895437359809875,0.8740450143814087
YKL107W,YKL176C,0,-1.1660421,0.10691177845001221,0.9895437359809875,0.8741455674171448
YMR323W,YPR112C,0,-1.1665102,0.10690080374479294,0.9895437359809875,0.8742460608482361
YBR039W,YJL093C,0,-1.1684269,0.10688982158899307,0.9895437359809875,0.8743466138839722
YHR098C,YDR143C,0,-1.1690103,0.1068788468837738,0.9895437359809875,0.8744471073150635
YBR199W,YDR001C,0,-1.1694143,0.10686787962913513,0.9895437359809875,0.8745476603507996
YIL082W-A,YLR275W,0,-1.1694987,0.10685690492391586,0.9895437359809875,0.8746481537818909
YCL026C-A,YHR166C,0,-1.1696217,0.10684593766927719,0.9895437359809875,0.874748706817627
YFL018C,YPR185W,0,-1.1697246,0.10683497786521912,0.9895437359809875,0.8748492002487183
YOL119C,YDR267C,0,-1.1703529,0.10682401061058044,0.9895437359809875,0.8749497532844543
YNL229C,YOL044W,0,-1.1704618,0.10681305080652237,0.9895437359809875,0.8750502467155457
YGL033W,YBR018C,0,-1.1705793,0.1068020910024643,0.9895437359809875,0.8751507997512817
YGR277C,YGL175C,0,-1.1722728,0.10679113864898682,0.9895437359809875,0.875251293182373
YOL006C,YGL145W,0,-1.1737807,0.10678018629550934,0.9895437359809875,0.8753518462181091
YOR256C,YER122C,0,-1.1744498,0.10676923394203186,0.9895437359809875,0.8754523396492004
YLR298C,YER157W,0,-1.1752431,0.10675828158855438,0.9895437359809875,0.8755528926849365
YHR032W,YOR367W,0,-1.1752806,0.1067473366856575,0.9895437359809875,0.8756533861160278
YDR311W,YFL024C,0,-1.1772866,0.10673639178276062,0.9895437359809875,0.8757539391517639
YER157W,YML111W,0,-1.1777781,0.10672544687986374,0.9895437359809875,0.8758544325828552
YNR032W,YEL004W,0,-1.1778872,0.10671450197696686,0.9895437359809875,0.8759549856185913
YMR283C,YDR162C,0,-1.1789573,0.10670356452465057,0.9895437359809875,0.8760554790496826
YGR074W,YOR130C,0,-1.1793162,0.10669263452291489,0.9895437359809875,0.8761560320854187
YLR138W,YNL124W,0,-1.17983,0.1066816970705986,0.9895437359809875,0.87625652551651
YNR012W,YIL114C,0,-1.180425,0.10667076706886292,0.9895437359809875,0.8763570785522461
YOL033W,YPL024W,0,-1.1823294,0.10665983706712723,0.9895437359809875,0.8764575719833374
YOR064C,YGR067C,0,-1.1826739,0.10664890706539154,0.9895437359809875,0.8765581250190735
YDR314C,YIL015W,0,-1.1843785,0.10663798451423645,0.9895437359809875,0.8766586184501648
YLR240W,YGL224C,0,-1.1863505,0.10662706196308136,0.9895437359809875,0.8767591714859009
YAR014C,YCL030C,0,-1.1869928,0.10661613941192627,0.9895437359809875,0.8768596649169922
YDL181W,YPL053C,0,-1.1872177,0.10660522431135178,0.9895437359809875,0.8769602179527283
YAR003W,YLR003C,0,-1.1875165,0.10659430921077728,0.9895437359809875,0.8770607113838196
YKR067W,YMR214W,0,-1.1875824,0.10658339411020279,0.9895437359809875,0.8771612644195557
YLR320W,YLR064W,0,-1.1877567,0.1065724790096283,0.9895437359809875,0.877261757850647
YGR023W,YJL184W,0,-1.1878453,0.1065615713596344,0.9895437359809875,0.8773623108863831
YLR406C,YJL203W,0,-1.1879628,0.1065506637096405,0.9895437359809875,0.8774628043174744
YPL242C,YGR132C,0,-1.1880255,0.1065397635102272,0.9895437359809875,0.8775633573532104
YLR116W,YML062C,0,-1.1887453,0.1065288558602333,0.9895437359809875,0.8776638507843018
YBR210W,YJR152W,0,-1.1894928,0.10651795566082001,0.9895437359809875,0.8777644038200378
YDR506C,YER001W,0,-1.1908827,0.1065070629119873,0.9895437359809875,0.8778648972511292
YBR018C,YKL018W,0,-1.1913662,0.106496162712574,0.9895437359809875,0.8779653906822205
YMR162C,YER170W,0,-1.1921635,0.1064852699637413,0.9895437359809875,0.8780659437179565
YNL021W,YBR044C,0,-1.1923623,0.1064743772149086,0.9895437359809875,0.8781664371490479
YHR098C,YOR083W,0,-1.1925616,0.1064634919166565,0.9895437359809875,0.8782669901847839
YDR142C,YOR188W,0,-1.1926289,0.10645259916782379,0.9895437359809875,0.8783674836158752
YGR108W,YML029W,0,-1.1928586,0.10644172132015228,0.9895437359809875,0.8784680366516113
YNL139C,YDR194C,0,-1.194064,0.10643083602190018,0.9895437359809875,0.8785685300827026
YER021W,YPL228W,0,-1.1944902,0.10641995817422867,0.9895437359809875,0.8786690831184387
YPL246C,YML072C,0,-1.1945527,0.10640908032655716,0.9895437359809875,0.87876957654953
YLR116W,YGR033C,0,-1.1946169,0.10639820247888565,0.9895437359809875,0.8788701295852661
YFL050C,YAR066W,0,-1.1947095,0.10638732463121414,0.9895437359809875,0.8789706230163574
YNL336W,YOR153W,0,-1.195233,0.10637645423412323,0.9895437359809875,0.8790711760520935
YHR200W,YOR140W,0,-1.1967218,0.10636558383703232,0.9895437359809875,0.8791716694831848
YGR059W,YKR065C,0,-1.1977262,0.106354720890522,0.9895437359809875,0.8792722225189209
YBL018C,YER021W,0,-1.1977483,0.10634385794401169,0.9895437359809875,0.8793727159500122
YGR033C,YBR019C,0,-1.1981287,0.10633299499750137,0.9895437359809875,0.8794732689857483
YFL050C,YHR102W,0,-1.1983463,0.10632213205099106,0.9895437359809875,0.8795737624168396
YDR538W,YLR178C,0,-1.1988099,0.10631127655506134,0.9895437359809875,0.8796743154525757
YDL188C,YKR003W,0,-1.1988523,0.10630042105913162,0.9895437359809875,0.879774808883667
YNL316C,YFL008W,0,-1.1993115,0.1062895655632019,0.9895437359809875,0.8798753619194031
YKL176C,YLR226W,0,-1.1998901,0.10627871006727219,0.9895437359809875,0.8799758553504944
YBR039W,YMR058W,0,-1.2004013,0.10626786202192307,0.9895437359809875,0.8800764083862305
YER069W,YLR066W,0,-1.2005134,0.10625701397657394,0.9895437359809875,0.8801769018173218
YBR073W,YJL014W,0,-1.2007297,0.10624617338180542,0.9895437359809875,0.8802774548530579
YDR182W,YPL084W,0,-1.2040279,0.1062353327870369,0.9895437359809875,0.8803779482841492
YKR046C,YLR399C,0,-1.2055104,0.10622449219226837,0.9895437359809875,0.8804785013198853
YNR026C,YFL053W,0,-1.20559,0.10621365159749985,0.9895437359809875,0.8805789947509766
YMR164C,YNL087W,0,-1.206296,0.10620281845331192,0.9895437359809875,0.8806795477867126
YGR157W,YCR073C,0,-1.2078738,0.10619198530912399,0.9895437359809875,0.880780041217804
YDL132W,YER018C,0,-1.2082113,0.10618115216493607,0.9895437359809875,0.88088059425354
YHR050W,YNR039C,0,-1.2082605,0.10617031902074814,0.9895437359809875,0.8809810876846313
YKL208W,YKR029C,0,-1.2091545,0.10615949332714081,0.9895437359809875,0.8810816407203674
YPL009C,YCR023C,0,-1.209212,0.10614866763353348,0.9895437359809875,0.8811821341514587
YHR003C,YML121W,0,-1.2092652,0.10613784939050674,0.9895437359809875,0.8812826871871948
YNR023W,YOR360C,0,-1.21084,0.10612702369689941,0.9895437359809875,0.8813831806182861
YOR128C,YBR104W,0,-1.2109729,0.10611620545387268,0.9895437359809875,0.8814837336540222
YOR328W,YKL148C,0,-1.2118218,0.10610539466142654,0.9895437359809875,0.8815842270851135
YGL038C,YOR214C,0,-1.2123086,0.10609457641839981,0.9895437359809875,0.8816847801208496
YJR113C,YJR088C,0,-1.2128961,0.10608376562595367,0.9895437359809875,0.8817852735519409
YDR221W,YNL124W,0,-1.2130296,0.10607295483350754,0.9895437359809875,0.881885826587677
YLR174W,YBR288C,0,-1.2131871,0.106062151491642,0.9895437359809875,0.8819863200187683
YKL101W,YEL009C,0,-1.2139859,0.10605134814977646,0.9895437359809875,0.8820868730545044
YPL084W,YNL299W,0,-1.2142588,0.10604054480791092,0.9895437359809875,0.8821873664855957
YDR311W,YIL129C,0,-1.2197909,0.10602974146604538,0.9895437359809875,0.8822879195213318
YOR141C,YDR477W,0,-1.2203686,0.10601894557476044,0.9895437359809875,0.8823884129524231
YFL055W,YER122C,0,-1.2215521,0.1060081496834755,0.9895437359809875,0.8824889659881592
YIR013C,YLR222C,0,-1.2223027,0.10599735379219055,0.9895437359809875,0.8825894594192505
YKL025C,YOR231W,0,-1.2225175,0.10598655790090561,0.9895437359809875,0.8826900124549866
YLR298C,YIR022W,0,-1.2231932,0.10597576946020126,0.9895437359809875,0.8827905058860779
YER141W,YBR102C,0,-1.2236793,0.10596498101949692,0.9895437359809875,0.882891058921814
YER026C,YCL011C,0,-1.2252749,0.10595420002937317,0.9895437359809875,0.8829915523529053
YGR249W,YIR008C,0,-1.2281661,0.10594341903924942,0.9895437359809875,0.8830921053886414
YIL103W,YJL118W,0,-1.2291448,0.10593263804912567,0.9895437359809875,0.8831925988197327
YLR144C,YMR134W,0,-1.2296603,0.10592185705900192,0.9895437359809875,0.8832931518554688
YNL088W,YGL257C,0,-1.2305164,0.10591107606887817,0.9895437359809875,0.8833936452865601
YDL126C,YDR522C,0,-1.2308851,0.10590030252933502,0.9895437359809875,0.8834941983222961
YKL125W,YNL139C,0,-1.232086,0.10588953644037247,0.9895437359809875,0.8835946917533875
YDL042C,YLL042C,0,-1.2338539,0.10587876290082932,0.9895437359809875,0.8836952447891235
YER124C,YOR205C,0,-1.2339842,0.10586799681186676,0.9895437359809875,0.8837957382202148
YBR083W,YGR065C,0,-1.2343407,0.1058572307229042,0.9895437359809875,0.8838962316513062
YLR064W,YOR321W,0,-1.2356142,0.10584646463394165,0.9895437359809875,0.8839967846870422
YJR091C,YEL077C,0,-1.2380651,0.10583570599555969,0.9895437359809875,0.8840972781181335
YGL048C,YDR113C,0,-1.2386346,0.10582494735717773,0.9895437359809875,0.8841978311538696
YDL103C,YDR194C,0,-1.2390864,0.10581418871879578,0.9895437359809875,0.8842983245849609
YGR249W,YMR154C,0,-1.2406485,0.10580343753099442,0.9895437359809875,0.884398877620697
YKL209C,YGL055W,0,-1.2415235,0.10579268634319305,0.9895437359809875,0.8844993710517883
YFR042W,YML064C,0,-1.2428607,0.1057819351553917,0.9895437359809875,0.8845999240875244
YKR067W,YFR051C,0,-1.2430887,0.10577118396759033,0.9895437359809875,0.8847004175186157
YGL208W,YGL065C,0,-1.2454939,0.10576044023036957,0.9895437359809875,0.8848009705543518
YHR039C,YDR450W,0,-1.2456819,0.1057496964931488,0.9895437359809875,0.8849014639854431
YIR022W,YGL166W,0,-1.2480979,0.10573895275592804,0.9895437359809875,0.8850020170211792
YHR188C,YJL122W,0,-1.248177,0.10572821646928787,0.9895437359809875,0.8851025104522705
YML131W,YBL066C,0,-1.2504336,0.1057174801826477,0.9895437359809875,0.8852030634880066
YOL094C,YGR048W,0,-1.2504356,0.10570674389600754,0.9895437359809875,0.8853035569190979
YOR210W,YNL220W,0,-1.2515075,0.10569600760936737,0.9895437359809875,0.885404109954834
YPL045W,YBL019W,0,-1.2529042,0.1056852787733078,0.9895437359809875,0.8855046033859253
YPL047W,YOL097C,0,-1.2529918,0.10567454993724823,0.9895437359809875,0.8856051564216614
YOL137W,YMR231W,0,-1.253145,0.10566382110118866,0.9895437359809875,0.8857056498527527
YPL069C,YNL279W,0,-1.2543164,0.10565309971570969,0.9895437359809875,0.8858062028884888
YJL123C,YER124C,0,-1.2558849,0.10564237833023071,0.9895437359809875,0.8859066963195801
YER169W,YLR399C,0,-1.2568681,0.10563165694475174,0.9895437359809875,0.8860072493553162
YLR226W,YLR362W,0,-1.2570806,0.10562094300985336,0.9895437359809875,0.8861077427864075
YIR022W,YJR019C,0,-1.2571001,0.10561022907495499,0.9895437359809875,0.8862082958221436
YJR099W,YLR226W,0,-1.2576712,0.10559951514005661,0.9895437359809875,0.8863087892532349
YNL072W,YOR118W,0,-1.2591182,0.10558880120515823,0.9895437359809875,0.886409342288971
YIR033W,YCL026C-A,0,-1.2595274,0.10557809472084045,0.9895437359809875,0.8865098357200623
YMR047C,YPR004C,0,-1.2600183,0.10556738823652267,0.9895437359809875,0.8866103887557983
YGL038C,YKL127W,0,-1.2607999,0.1055566817522049,0.9895437359809875,0.8867108821868896
YIL162W,YOL033W,0,-1.2616794,0.10554598271846771,0.9895437359809875,0.8868114352226257
YBL009W,YGR065C,0,-1.2625115,0.10553527623414993,0.9895437359809875,0.886911928653717
YGR013W,YPR056W,0,-1.2638743,0.10552458465099335,0.9895437359809875,0.8870124816894531
YML029W,YER169W,0,-1.2645527,0.10551388561725616,0.9895437359809875,0.8871129751205444
YJR093C,YMR167W,0,-1.266163,0.10550319403409958,0.9895437359809875,0.8872135281562805
YPL211W,YBL016W,0,-1.2664919,0.105492502450943,0.9895437359809875,0.8873140215873718
YOR010C,YHR026W,0,-1.2673485,0.10548181086778641,0.9895437359809875,0.8874145746231079
YLR240W,YNL272C,0,-1.2678776,0.10547112673521042,0.9895437359809875,0.8875150680541992
YDL079C,YKL065C,0,-1.2686104,0.10546044260263443,0.9895437359809875,0.8876156210899353
YKL120W,YNL326C,0,-1.2698557,0.10544975847005844,0.9895437359809875,0.8877161145210266
YNL154C,YER157W,0,-1.271019,0.10543907433748245,0.9895437359809875,0.8878166675567627
YML114C,YBR021W,0,-1.2738593,0.10542839765548706,0.9895437359809875,0.887917160987854
YNL035C,YKR003W,0,-1.2739792,0.10541772097349167,0.9895437359809875,0.8880177140235901
YIR013C,YLR275W,0,-1.2755519,0.10540704429149628,0.9895437359809875,0.8881182074546814
YDR307W,YDR156W,0,-1.275625,0.10539637506008148,0.9895437359809875,0.8882187604904175
YEL077C,YHR123W,0,-1.2760866,0.10538570582866669,0.9895437359809875,0.8883192539215088
YEL046C,YHR188C,0,-1.276784,0.10537503659725189,0.9895437359809875,0.8884198069572449
YOL128C,YDR084C,0,-1.2772466,0.1053643748164177,0.9895437359809875,0.8885203003883362
YJL050W,YLL010C,0,-1.2776748,0.1053537055850029,0.9895437359809875,0.8886208534240723
YDR221W,YFL018C,0,-1.2808306,0.1053430512547493,0.9895437359809875,0.8887213468551636
YML029W,YPR124W,0,-1.2818073,0.1053323894739151,0.9895437359809875,0.8888218998908997
YOR253W,YLL032C,1,-1.2818549,0.10542290657758713,0.9904943108558655,0.8888218998908997
YBR216C,YKR087C,0,-1.2819564,0.10541223734617233,0.9904943108558655,0.888922393321991
YJR043C,YMR280C,0,-1.2834952,0.10540157556533813,0.9904943108558655,0.889022946357727
YNL245C,YIR028W,0,-1.2838643,0.10539091378450394,0.9904943108558655,0.8891234397888184
YGL100W,YNL252C,0,-1.2845083,0.10538025945425034,0.9904943108558655,0.8892239928245544
YLL032C,YIL010W,0,-1.284576,0.10536960512399673,0.9904943108558655,0.8893244862556458
YLR070C,YJR144W,0,-1.2846992,0.10535895079374313,0.9904943108558655,0.8894250392913818
YML126C,YMR154C,0,-1.2851449,0.10534829646348953,0.9904943108558655,0.8895255327224731
YOR190W,YKL092C,0,-1.2866907,0.10533764958381653,0.9904943108558655,0.8896260261535645
YDL103C,YIL105C,0,-1.286985,0.10532699525356293,0.9904943108558655,0.8897265791893005
YML130C,YDL222C,0,-1.2872472,0.10531635582447052,0.9904943108558655,0.8898270726203918
YOR196C,YKR001C,0,-1.2876105,0.10530570894479752,0.9904943108558655,0.8899276256561279
YIL015W,YML001W,0,-1.2890406,0.10529506951570511,0.9904943108558655,0.8900281190872192
YDL194W,YPL232W,0,-1.2901204,0.1052844300866127,0.9904943108558655,0.8901286721229553
YPR140W,YLL054C,0,-1.2906961,0.1052737906575203,0.9904943108558655,0.8902291655540466
YPR151C,YIL105C,0,-1.2914735,0.10526315867900848,0.9904943108558655,0.8903297185897827
YBR302C,YEL004W,0,-1.2920964,0.10525252670049667,0.9904943108558655,0.890430212020874
YGR157W,YDL150W,0,-1.2925416,0.10524189472198486,0.9904943108558655,0.8905307650566101
YNL186W,YFL053W,0,-1.2925708,0.10523126274347305,0.9904943108558655,0.8906312584877014
YDR147W,YNL047C,0,-1.2942126,0.10522063821554184,0.9904943108558655,0.8907318115234375
YIL016W,YCR089W,0,-1.294239,0.10521001368761063,0.9904943108558655,0.8908323049545288
YMR011W,YGR067C,0,-1.2943528,0.10519939661026001,0.9904943108558655,0.8909328579902649
YDR485C,YFL062W,0,-1.2947985,0.1051887720823288,0.9904943108558655,0.8910333514213562
YBR217W,YDL004W,0,-1.2959816,0.10517815500497818,0.9904943108558655,0.8911339044570923
YBR068C,YKL220C,0,-1.2973634,0.10516753792762756,0.9904943108558655,0.8912343978881836
YGL257C,YLR319C,0,-1.2983003,0.10515692830085754,0.9904943108558655,0.8913349509239197
YEL034W,YPL283C,0,-1.299247,0.10514631867408752,0.9904943108558655,0.891435444355011
YGR203W,YNR032W,0,-1.3012644,0.1051357090473175,0.9904943108558655,0.8915359973907471
YPL055C,YMR202W,0,-1.3014729,0.10512509942054749,0.9904943108558655,0.8916364908218384
YDR408C,YKL208W,0,-1.3019843,0.10511449724435806,0.9904943108558655,0.8917370438575745
YBR239C,YBR244W,0,-1.3033516,0.10510389506816864,0.9904943108558655,0.8918375372886658
YDR258C,YOL113W,0,-1.303412,0.10509329289197922,0.9904943108558655,0.8919380903244019
YBR200W,YLR256W,0,-1.3038507,0.10508269816637039,0.9904943108558655,0.8920385837554932
YER019W,YGL125W,0,-1.3044287,0.10507209599018097,0.9904943108558655,0.8921391367912292
YDL226C,YOR303W,0,-1.3049562,0.10506150126457214,0.9904943108558655,0.8922396302223206
YPL152W,YIL044C,0,-1.3053713,0.10505091398954391,0.9904943108558655,0.8923401832580566
YBR102C,YER183C,0,-1.3079002,0.10504031926393509,0.9904943108558655,0.892440676689148
YJL210W,YPR124W,0,-1.3087255,0.10502973198890686,0.9904943108558655,0.892541229724884
YKR010C,YML046W,0,-1.3089513,0.10501915216445923,0.9904943108558655,0.8926417231559753
YPL164C,YBR135W,0,-1.3091133,0.105008564889431,0.9904943108558655,0.8927422761917114
YDR432W,YGR284C,0,-1.3095448,0.10499798506498337,0.9904943108558655,0.8928427696228027
YDR338C,YGL181W,0,-1.3164041,0.10498740524053574,0.9904943108558655,0.8929433226585388
YKL092C,YHR032W,0,-1.3173251,0.1049768254160881,0.9904943108558655,0.8930438160896301
YPR145W,YER169W,0,-1.3193257,0.10496625304222107,0.9904943108558655,0.8931443691253662
YDL042C,YML046W,0,-1.3212087,0.10495568066835403,0.9904943108558655,0.8932448625564575
YJR088C,YGR172C,0,-1.3223355,0.104945108294487,0.9904943108558655,0.8933454155921936
YML064C,YGL012W,0,-1.3253778,0.10493454337120056,0.9904943108558655,0.8934459090232849
YDL214C,YPR066W,0,-1.3259103,0.10492397844791412,0.9904943108558655,0.893546462059021
YKR010C,YNL053W,0,-1.3260741,0.10491341352462769,0.9904943108558655,0.8936469554901123
YDR294C,YHR124W,0,-1.3264415,0.10490284860134125,0.9904943108558655,0.8937475085258484
YOR095C,YDL188C,0,-1.3265822,0.1048922911286354,0.9904943108558655,0.8938480019569397
YBL042C,YMR030W,0,-1.3270724,0.10488173365592957,0.9904943108558655,0.8939485549926758
YPL005W,YOR122C,0,-1.3289248,0.10487117618322372,0.9904943108558655,0.8940490484237671
YKR080W,YFR044C,0,-1.3291099,0.10486061871051788,0.9904943108558655,0.8941496014595032
YDR058C,YAL014C,0,-1.3309281,0.10485006868839264,0.9904943108558655,0.8942500948905945
YDR216W,YEL026W,0,-1.3311508,0.1048395186662674,0.9904943108558655,0.8943506479263306
YER124C,YIR035C,0,-1.3319111,0.10482897609472275,0.9904943108558655,0.8944511413574219
YBL066C,YAL042W,0,-1.3320612,0.1048184260725975,0.9904943108558655,0.894551694393158
YFR051C,YDL147W,0,-1.3325888,0.10480788350105286,0.9904943108558655,0.8946521878242493
YLL036C,YDR489W,0,-1.3336385,0.1047973483800888,0.9904943108558655,0.8947527408599854
YMR278W,YKL127W,0,-1.3341435,0.10478680580854416,0.9904943108558655,0.8948532342910767
YDR147W,YFR004W,0,-1.33426,0.10477627068758011,0.9904943108558655,0.8949537873268127
YKL213C,YPL241C,0,-1.3344028,0.10476573556661606,0.9904943108558655,0.895054280757904
YLR369W,YDL155W,0,-1.3346627,0.10475520044565201,0.9904943108558655,0.8951548337936401
YOR094W,YAR066W,0,-1.3351802,0.10474467277526855,0.9904943108558655,0.8952553272247314
YLR144C,YLR405W,0,-1.3352344,0.1047341451048851,0.9904943108558655,0.8953558206558228
YLR066W,YOR073W,0,-1.3365364,0.10472361743450165,0.9904943108558655,0.8954563736915588
YLR398C,YLR155C,0,-1.3375158,0.10471309721469879,0.9904943108558655,0.8955568671226501
YDL207W,YOR360C,0,-1.3386097,0.10470256954431534,0.9904943108558655,0.8956574201583862
YKL086W,YJL210W,0,-1.3393459,0.10469204932451248,0.9904943108558655,0.8957579135894775
YEL055C,YOR140W,0,-1.3413574,0.10468153655529022,0.9904943108558655,0.8958584666252136
YPR185W,YNL327W,0,-1.3421162,0.10467101633548737,0.9904943108558655,0.8959589600563049
YDL020C,YHR043C,0,-1.3452083,0.1046605035662651,0.9904943108558655,0.896059513092041
YNL064C,YBR293W,0,-1.3491883,0.10464999824762344,0.9904943108558655,0.8961600065231323
YEL077C,YIR010W,0,-1.3494295,0.10463948547840118,0.9904943108558655,0.8962605595588684
YOR214C,YPL008W,0,-1.3518167,0.10462898015975952,0.9904943108558655,0.8963610529899597
YOR190W,YHR091C,0,-1.353567,0.10461847484111786,0.9904943108558655,0.8964616060256958
YPL227C,YIL122W,0,-1.3547022,0.1046079695224762,0.9904943108558655,0.8965620994567871
YDL159W,YNL326C,0,-1.356472,0.10459747165441513,0.9904943108558655,0.8966626524925232
YPL217C,YMR068W,0,-1.3566184,0.10458697378635406,0.9904943108558655,0.8967631459236145
YFR046C,YKL092C,0,-1.3570144,0.104576475918293,0.9904943108558655,0.8968636989593506
YER011W,YDR540C,0,-1.3571467,0.10456597805023193,0.9904943108558655,0.8969641923904419
YML110C,YDL214C,0,-1.357919,0.10455548763275146,0.9904943108558655,0.897064745426178
YOR321W,YPL192C,0,-1.3583839,0.104544997215271,0.9904943108558655,0.8971652388572693
YOL091W,YBR079C,0,-1.3585598,0.10453450679779053,0.9904943108558655,0.8972657918930054
YGR152C,YOR144C,0,-1.3594016,0.10452402383089066,0.9904943108558655,0.8973662853240967
YNL014W,YGL257C,0,-1.3601934,0.10451354086399078,0.9904943108558655,0.8974668383598328
YPL047W,YPR104C,0,-1.3613551,0.10450305789709091,0.9904943108558655,0.8975673317909241
YNL312W,YGL257C,0,-1.3614316,0.10449258238077164,0.9904943108558655,0.8976678848266602
YJL028W,YDR452W,0,-1.3617616,0.10448209941387177,0.9904943108558655,0.8977683782577515
YGL065C,YML001W,0,-1.3625367,0.10447162389755249,0.9904943108558655,0.8978689312934875
YCL038C,YMR058W,0,-1.3627315,0.10446115583181381,0.9904943108558655,0.8979694247245789
YKL092C,YJR002W,0,-1.3628223,0.10445068031549454,0.9904943108558655,0.8980699777603149
YHR098C,YGL133W,0,-1.3628516,0.10444021224975586,0.9904943108558655,0.8981704711914062
YMR190C,YGL166W,0,-1.3648788,0.10442974418401718,0.9904943108558655,0.8982710242271423
YDL042C,YLR308W,0,-1.3653152,0.1044192835688591,0.9904943108558655,0.8983715176582336
YML069W,YNL097C,0,-1.365815,0.10440881550312042,0.9904943108558655,0.8984720706939697
YIL023C,YGL166W,0,-1.3725345,0.10439835488796234,0.9904943108558655,0.898572564125061
YJR047C,YBR199W,0,-1.3727148,0.10438790172338486,0.9904943108558655,0.8986731171607971
YOL008W,YHR191C,0,-1.3739263,0.10437744110822678,0.9904943108558655,0.8987736105918884
YLR070C,YPR058W,0,-1.3742137,0.10436698794364929,0.9904943108558655,0.8988741636276245
YLR002C,YNL225C,0,-1.3746116,0.10435653477907181,0.9904943108558655,0.8989746570587158
YBL002W,YHR018C,0,-1.374943,0.10434608161449432,0.9904943108558655,0.8990752100944519
YIR007W,YDR267C,0,-1.3752427,0.10433563590049744,0.9904943108558655,0.8991757035255432
YGR166W,YPL270W,0,-1.3765942,0.10432519018650055,0.9904943108558655,0.8992762565612793
YGL023C,YOR367W,0,-1.3767468,0.10431474447250366,0.9904943108558655,0.8993767499923706
YOR115C,YFL062W,0,-1.3771877,0.10430430620908737,0.9904943108558655,0.8994773030281067
YDL079C,YLL010C,0,-1.3772159,0.10429386794567108,0.9904943108558655,0.899577796459198
YIL103W,YNL116W,0,-1.378269,0.10428342968225479,0.9904943108558655,0.8996783494949341
YBR068C,YGL133W,0,-1.3799767,0.1042729914188385,0.9904943108558655,0.8997788429260254
YPR061C,YBR102C,0,-1.3809547,0.10426256060600281,0.9904943108558655,0.8998793959617615
YDR184C,YKL220C,0,-1.3809682,0.10425212234258652,0.9904943108558655,0.8999798893928528
YGR256W,YGR092W,0,-1.3812199,0.10424169898033142,0.9904943108558655,0.9000804424285889
YMR021C,YCR024C-A,0,-1.3819243,0.10423126816749573,0.9904943108558655,0.9001809358596802
YMR164C,YHR166C,0,-1.382329,0.10422084480524063,0.9904943108558655,0.9002814888954163
YNL139C,YDR266C,0,-1.3868035,0.10421042144298553,0.9904943108558655,0.9003819823265076
YGL181W,YNL327W,0,-1.3876953,0.10419999808073044,0.9904943108558655,0.9004825353622437
YDR153C,YHR094C,0,-1.3879788,0.10418958216905594,0.9904943108558655,0.900583028793335
YLR308W,YNL093W,0,-1.3880601,0.10417916625738144,0.9904943108558655,0.900683581829071
YLR408C,YHR094C,0,-1.3904269,0.10416875034570694,0.9904943108558655,0.9007840752601624
YKL049C,YOL113W,0,-1.3911641,0.10415833443403244,0.9904943108558655,0.9008846282958984
YDL193W,YGL121C,0,-1.3920699,0.10414792597293854,0.9904943108558655,0.9009851217269897
YNL327W,YLR424W,0,-1.3938072,0.10413751751184464,0.9904943108558655,0.9010856747627258
YHR176W,YDL122W,0,-1.3952303,0.10412710905075073,0.9904943108558655,0.9011861681938171
YML062C,YCR023C,0,-1.3953702,0.10411670804023743,0.9904943108558655,0.9012866616249084
YOR064C,YLR095C,0,-1.3956645,0.10410630702972412,0.9904943108558655,0.9013872146606445
YOL130W,YPR022C,0,-1.3973527,0.10409590601921082,0.9904943108558655,0.9014877080917358
YDR538W,YBR110W,0,-1.3995636,0.10408550500869751,0.9904943108558655,0.9015882611274719
YKL113C,YMR164C,0,-1.4004054,0.1040751114487648,0.9904943108558655,0.9016887545585632
YDR017C,YCR043C,0,-1.4010472,0.10406471788883209,0.9904943108558655,0.9017893075942993
YLR116W,YDR307W,0,-1.4016287,0.10405432432889938,0.9904943108558655,0.9018898010253906
YPR183W,YJR002W,0,-1.4025838,0.10404393076896667,0.9904943108558655,0.9019903540611267
YPL047W,YIL103W,0,-1.4026103,0.10403354465961456,0.9904943108558655,0.902090847492218
YPL187W,YIR010W,0,-1.4041013,0.10402315855026245,0.9904943108558655,0.9021914005279541
YDR058C,YLR144C,0,-1.4041553,0.10401277989149094,0.9904943108558655,0.9022918939590454
YDR346C,YJL047C,0,-1.4045119,0.10400239378213882,0.9904943108558655,0.9023924469947815
YDR155C,YNL321W,0,-1.4048705,0.10399201512336731,0.9904943108558655,0.9024929404258728
YCR068W,YJR002W,0,-1.4050658,0.1039816364645958,0.9904943108558655,0.9025934934616089
YGR028W,YML038C,0,-1.4051785,0.10397126525640488,0.9904943108558655,0.9026939868927002
YHR079C-A,YLR393W,0,-1.40575,0.10396088659763336,0.9904943108558655,0.9027945399284363
YGL011C,YIL050W,0,-1.4061478,0.10395051538944244,0.9904943108558655,0.9028950333595276
YGR257C,YHR018C,0,-1.4073023,0.10394015163183212,0.9904943108558655,0.9029955863952637
YLL032C,YCR097W,0,-1.4079238,0.1039297804236412,0.9904943108558655,0.903096079826355
YKL176C,YCR024C-A,0,-1.4079769,0.10391941666603088,0.9904943108558655,0.9031966328620911
YDR489W,YHR176W,0,-1.4080739,0.10390905290842056,0.9904943108558655,0.9032971262931824
YGR192C,YDL132W,0,-1.4089077,0.10389869660139084,0.9904943108558655,0.9033976793289185
YPL158C,YNL270C,0,-1.4090247,0.10388833284378052,0.9904943108558655,0.9034981727600098
YCL026C-A,YJL076W,0,-1.4119253,0.1038779765367508,0.9904943108558655,0.9035987257957458
YAL014C,YDR477W,0,-1.4124631,0.10386762022972107,0.9904943108558655,0.9036992192268372
YKL146W,YGR166W,0,-1.4155254,0.10385727137327194,0.9904943108558655,0.9037997722625732
YLL036C,YMR216C,0,-1.4159546,0.10384692251682281,0.9904943108558655,0.9039002656936646
YCR067C,YER075C,0,-1.416045,0.10383657366037369,0.9904943108558655,0.9040008187294006
YKL025C,YJR077C,0,-1.4164282,0.10382622480392456,0.9904943108558655,0.9041013121604919
YLR274W,YLR027C,0,-1.4164304,0.10381588339805603,0.9904943108558655,0.904201865196228
YJL093C,YOR198C,0,-1.4177808,0.1038055419921875,0.9904943108558655,0.9043023586273193
YML078W,YHR107C,0,-1.4183371,0.10379520058631897,0.9904943108558655,0.9044029116630554
YLR071C,YFL008W,0,-1.4189839,0.10378485918045044,0.9904943108558655,0.9045034050941467
YGR125W,YNL265C,0,-1.4203643,0.1037745252251625,0.9904943108558655,0.9046039581298828
YOR229W,YHR143W-A,0,-1.4223666,0.10376419126987457,0.9904943108558655,0.9047044515609741
YOR035C,YGR041W,0,-1.4227393,0.10375385731458664,0.9904943108558655,0.9048050045967102
YKR045C,YIR010W,0,-1.4228523,0.1037435308098793,0.9904943108558655,0.9049054980278015
YGR227W,YFL003C,0,-1.4231803,0.10373320430517197,0.9904943108558655,0.9050060510635376
YDL002C,YNR056C,0,-1.423526,0.10372287780046463,0.9904943108558655,0.9051065444946289
YER157W,YGL032C,0,-1.4265814,0.1037125512957573,0.9904943108558655,0.905207097530365
YKL025C,YBL100W-A,0,-1.426889,0.10370223224163055,0.9904943108558655,0.9053075909614563
YNL075W,YDL161W,0,-1.4279052,0.10369191318750381,0.9904943108558655,0.9054081439971924
YDR113C,YER073W,0,-1.4287909,0.10368159413337708,0.9904943108558655,0.9055086374282837
YIL049W,YGR271C-A,0,-1.4301175,0.10367127507925034,0.9904943108558655,0.9056091904640198
YMR214W,YMR291W,0,-1.4365668,0.1036609634757042,0.9904943108558655,0.9057096838951111
YKR060W,YMR323W,0,-1.4372987,0.10365065187215805,0.9904943108558655,0.9058102369308472
YOL137W,YML072C,0,-1.4374273,0.10364034026861191,0.9904943108558655,0.9059107303619385
YFL031W,YKL184W,0,-1.437685,0.10363003611564636,0.9904943108558655,0.9060112833976746
YNL126W,YGL166W,0,-1.4378303,0.10361973196268082,0.9904943108558655,0.9061117768287659
YMR266W,YLR003C,0,-1.4385682,0.10360942780971527,0.9904943108558655,0.906212329864502
YFL009W,YDR293C,0,-1.4394501,0.10359912365674973,0.9904943108558655,0.9063128232955933
YDR180W,YOR255W,0,-1.4398471,0.10358882695436478,0.9904943108558655,0.9064133763313293
YHL009C,YLR274W,0,-1.4439199,0.10357853025197983,0.9904943108558655,0.9065138697624207
YBL067C,YLL010C,0,-1.4448519,0.10356823354959488,0.9904943108558655,0.9066144227981567
YAL032C,YOL044W,0,-1.4459275,0.10355794429779053,0.9904943108558655,0.906714916229248
YMR154C,YGR206W,0,-1.4466277,0.10354764759540558,0.9904943108558655,0.9068154692649841
YGL100W,YKL127W,0,-1.4472064,0.10353735834360123,0.9904943108558655,0.9069159626960754
YGL130W,YER124C,0,-1.4493921,0.10352707654237747,0.9904943108558655,0.9070164561271667
YGR192C,YOR188W,0,-1.4494251,0.10351678729057312,0.9904943108558655,0.9071170091629028
YDR097C,YAR014C,0,-1.4507427,0.10350650548934937,0.9904943108558655,0.9072175025939941
YER078C,YOR375C,0,-1.4514267,0.10349622368812561,0.9904943108558655,0.9073180556297302
YJL209W,YPR065W,0,-1.4517531,0.10348594933748245,0.9904943108558655,0.9074185490608215
YML062C,YDR123C,0,-1.4526538,0.1034756675362587,0.9904943108558655,0.9075191020965576
YLR332W,YPL045W,0,-1.4530777,0.10346539318561554,0.9904943108558655,0.9076195955276489
YOL115W,YLR453C,0,-1.4539015,0.10345512628555298,0.9904943108558655,0.907720148563385
YBR073W,YLL015W,0,-1.454854,0.10344485193490982,0.9904943108558655,0.9078206419944763
YJL137C,YER122C,0,-1.4551227,0.10343458503484726,0.9904943108558655,0.9079211950302124
YGR198W,YPL232W,0,-1.4587107,0.1034243181347847,0.9904943108558655,0.9080216884613037
YDR006C,YKL176C,0,-1.4607931,0.10341405123472214,0.9904943108558655,0.9081222414970398
YGR096W,YNL030W,0,-1.4615371,0.10340379178524017,0.9904943108558655,0.9082227349281311
YPL086C,YHR178W,0,-1.4616332,0.10339353233575821,0.9904943108558655,0.9083232879638672
YGL234W,YER183C,0,-1.4623355,0.10338327288627625,0.9904943108558655,0.9084237813949585
YKL101W,YLR372W,0,-1.4634693,0.10337301343679428,0.9904943108558655,0.9085243344306946
YBR019C,YDR206W,0,-1.4650563,0.10336276143789291,0.9904943108558655,0.9086248278617859
YGR033C,YER011W,0,-1.4651192,0.10335250943899155,0.9904943108558655,0.908725380897522
YOL110W,YER035W,0,-1.4679921,0.10334225744009018,0.9904943108558655,0.9088258743286133
YGR157W,YDR349C,0,-1.4687889,0.10333201289176941,0.9904943108558655,0.9089264273643494
YDR266C,YBR204C,0,-1.4690701,0.10332176834344864,0.9904943108558655,0.9090269207954407
YLR138W,YKL127W,0,-1.4693019,0.10331152379512787,0.9904943108558655,0.9091274738311768
YLR051C,YER001W,0,-1.4704866,0.1033012792468071,0.9904943108558655,0.9092279672622681
YLR376C,YGL100W,0,-1.4714522,0.10329104214906693,0.9904943108558655,0.9093285202980042
YJL091C,YDL239C,0,-1.4715204,0.10328079760074615,0.9904943108558655,0.9094290137290955
YPL217C,YCR027C,0,-1.4717033,0.10327056795358658,0.9904943108558655,0.9095295667648315
YMR104C,YMR134W,0,-1.4730186,0.1032603308558464,0.9904943108558655,0.9096300601959229
YDR522C,YBR139W,0,-1.474112,0.10325010120868683,0.9904943108558655,0.9097306132316589
YOL021C,YOL044W,0,-1.4741192,0.10323987156152725,0.9904943108558655,0.9098311066627502
YML008C,YMR058W,0,-1.475049,0.10322964191436768,0.9904943108558655,0.9099316596984863
YLR332W,YNL047C,0,-1.4764044,0.1032194122672081,0.9904943108558655,0.9100321531295776
YHR091C,YOR284W,0,-1.4769659,0.10320919007062912,0.9904943108558655,0.9101327061653137
YML123C,YNL326C,0,-1.477084,0.10319896787405014,0.9904943108558655,0.910233199596405
YLR205C,YOR141C,0,-1.4774619,0.10318875312805176,0.9904943108558655,0.9103337526321411
YMR266W,YPR107C,0,-1.4776181,0.10317853093147278,0.9904943108558655,0.9104342460632324
YDR506C,YPL024W,0,-1.4789963,0.1031683161854744,0.9904943108558655,0.9105347990989685
YJL104W,YGL179C,0,-1.4806663,0.10315810143947601,0.9904943108558655,0.9106352925300598
YIL041W,YKR022C,0,-1.4809887,0.10314789414405823,0.9904943108558655,0.9107358455657959
YGL224C,YKL209C,0,-1.481457,0.10313767939805984,0.9904943108558655,0.9108363389968872
YNL254C,YGR067C,0,-1.482451,0.10312747210264206,0.9904943108558655,0.9109368920326233
YDL194W,YJL020C,0,-1.4842294,0.10311727225780487,0.9904943108558655,0.9110373854637146
YNR073C,YOR339C,0,-1.4846423,0.10310706496238708,0.9904943108558655,0.9111379384994507
YMR030W,YCR033W,0,-1.4854512,0.1030968651175499,0.9904943108558655,0.911238431930542
YMR280C,YCR088W,0,-1.4871833,0.10308666527271271,0.9904943108558655,0.9113389849662781
YOL089C,YJR077C,0,-1.4881979,0.10307646542787552,0.9904943108558655,0.9114394783973694
YMR266W,YLL023C,0,-1.488524,0.10306627303361893,0.9904943108558655,0.9115400314331055
YOR149C,YNL312W,0,-1.4892693,0.10305608063936234,0.9904943108558655,0.9116405248641968
YDL020C,YMR216C,0,-1.4904156,0.10304588824510574,0.9904943108558655,0.9117410778999329
YBR210W,YHR032W,0,-1.4905884,0.10303569585084915,0.9904943108558655,0.9118415713310242
YKL046C,YGL054C,0,-1.4917789,0.10302551090717316,0.9904943108558655,0.9119421243667603
YDR058C,YER144C,0,-1.4917936,0.10301532596349716,0.9904943108558655,0.9120426177978516
YMR189W,YNL053W,0,-1.4921654,0.10300514101982117,0.9904943108558655,0.9121431708335876
YBR056W,YOR153W,0,-1.492725,0.10299495607614517,0.9904943108558655,0.912243664264679
YOL070C,YJL118W,1,-1.4929094,0.10308361053466797,0.9914448857307434,0.912243664264679
YBR077C,YGL175C,0,-1.4939889,0.10307342559099197,0.9914448857307434,0.912344217300415
YOL013C,YER183C,0,-1.4949478,0.10306324064731598,0.9914448857307434,0.9124447107315063
YGR087C,YOR077W,0,-1.4955828,0.10305305570363998,0.9914448857307434,0.9125452637672424
YER021W,YMR167W,0,-1.4959873,0.10304287821054459,0.9914448857307434,0.9126457571983337
YMR309C,YKR042W,0,-1.4964046,0.10303270071744919,0.9914448857307434,0.9127463102340698
YKL211C,YJL160C,0,-1.5014032,0.10302252322435379,0.9914448857307434,0.9128468036651611
YGR203W,YLR362W,0,-1.5027165,0.10301234573125839,0.9914448857307434,0.9129472970962524
YPR181C,YBL066C,0,-1.5032792,0.10300217568874359,0.9914448857307434,0.9130478501319885
YDL066W,YHR026W,0,-1.5082842,0.1029919981956482,0.9914448857307434,0.9131483435630798
YBR179C,YAL009W,0,-1.5084867,0.10298183560371399,0.9914448857307434,0.9132488965988159
YLR320W,YIR028W,0,-1.5086157,0.10297166556119919,0.9914448857307434,0.9133493900299072
YIL023C,YKL160W,0,-1.5096061,0.10296150296926498,0.9914448857307434,0.9134499430656433
YDL159W,YDR291W,0,-1.510001,0.10295134037733078,0.9914448857307434,0.9135504364967346
YDL194W,YMR030W,0,-1.5104091,0.10294117778539658,0.9914448857307434,0.9136509895324707
YNR012W,YML111W,0,-1.5139285,0.10293101519346237,0.9914448857307434,0.913751482963562
YHL022C,YGL086W,0,-1.5149775,0.10292086005210876,0.9914448857307434,0.9138520359992981
YMR052W,YBL009W,0,-1.5154462,0.10291070491075516,0.9914448857307434,0.9139525294303894
YDR180W,YBR057C,0,-1.5158197,0.10290054976940155,0.9914448857307434,0.9140530824661255
YBR083W,YGR240C,0,-1.5171711,0.10289040207862854,0.9914448857307434,0.9141535758972168
YKL049C,YBR126C,0,-1.5186725,0.10288025438785553,0.9914448857307434,0.9142541289329529
YOR035C,YNL087W,0,-1.5189651,0.10287010669708252,0.9914448857307434,0.9143546223640442
YDL025C,YOR153W,0,-1.5196866,0.10285995900630951,0.9914448857307434,0.9144551753997803
YPR104C,YGL184C,0,-1.5201954,0.1028498187661171,0.9914448857307434,0.9145556688308716
YDL052C,YCR079W,0,-1.5270604,0.10283967852592468,0.9914448857307434,0.9146562218666077
YNR073C,YLR116W,0,-1.5278327,0.10282953828573227,0.9914448857307434,0.914756715297699
YPL047W,YLR332W,0,-1.5286837,0.10281939804553986,0.9914448857307434,0.9148572683334351
YBR203W,YMR189W,0,-1.5313554,0.10280926525592804,0.9914448857307434,0.9149577617645264
YDR180W,YNL106C,0,-1.5319295,0.10279913246631622,0.9914448857307434,0.9150583148002625
YHR115C,YDR307W,0,-1.5323066,0.1027889996767044,0.9914448857307434,0.9151588082313538
YIR033W,YJL093C,0,-1.5324624,0.10277887433767319,0.9914448857307434,0.9152593612670898
YOR033C,YGL097W,0,-1.5332392,0.10276874899864197,0.9914448857307434,0.9153598546981812
YDR519W,YNL148C,0,-1.5351079,0.10275862365961075,0.9914448857307434,0.9154604077339172
YJL014W,YDR409W,0,-1.5357047,0.10274849832057953,0.9914448857307434,0.9155609011650085
YFL018C,YOR130C,0,-1.5362873,0.10273837298154831,0.9914448857307434,0.9156614542007446
YNR023W,YDL049C,0,-1.5364397,0.10272825509309769,0.9914448857307434,0.9157619476318359
YNL124W,YLR341W,0,-1.5367264,0.10271813720464706,0.9914448857307434,0.915862500667572
YDL052C,YGL254W,0,-1.5375618,0.10270802676677704,0.9914448857307434,0.9159629940986633
YEL071W,YJL160C,0,-1.5383345,0.10269790887832642,0.9914448857307434,0.9160635471343994
YER019W,YDL168W,0,-1.5405414,0.10268779844045639,0.9914448857307434,0.9161640405654907
YKL101W,YLL054C,0,-1.5415679,0.10267769545316696,0.9914448857307434,0.9162645936012268
YGL254W,YBR199W,0,-1.5442849,0.10266758501529694,0.9914448857307434,0.9163650870323181
YBR139W,YOL113W,0,-1.5451474,0.10265748202800751,0.9914448857307434,0.9164656400680542
YOR295W,YNL093W,0,-1.5464078,0.10264737904071808,0.9914448857307434,0.9165661334991455
YGR096W,YLR308W,0,-1.5478253,0.10263727605342865,0.9914448857307434,0.9166666865348816
YFR042W,YLR274W,0,-1.5486135,0.10262718051671982,0.9914448857307434,0.9167671799659729
YML114C,YDR208W,0,-1.5496938,0.10261707752943039,0.9914448857307434,0.916867733001709
YPL164C,YKL221W,0,-1.5510193,0.10260698199272156,0.9914448857307434,0.9169682264328003
YLR405W,YGL179C,0,-1.5514364,0.10259689390659332,0.9914448857307434,0.9170687794685364
YNL139C,YER075C,0,-1.551738,0.10258679836988449,0.9914448857307434,0.9171692728996277
YOL049W,YDR264C,0,-1.5519891,0.10257671028375626,0.9914448857307434,0.9172698259353638
YDR314C,YJR137C,0,-1.553653,0.10256662219762802,0.9914448857307434,0.9173703193664551
YLR135W,YKR024C,0,-1.5536678,0.10255654156208038,0.9914448857307434,0.9174708724021912
YIL162W,YOR375C,0,-1.5541849,0.10254645347595215,0.9914448857307434,0.9175713658332825
YIL049W,YIL063C,0,-1.5564309,0.10253637284040451,0.9914448857307434,0.9176719188690186
YBL018C,YKR042W,0,-1.5568309,0.10252629220485687,0.9914448857307434,0.9177724123001099
YLR308W,YNL279W,0,-1.5574119,0.10251621901988983,0.9914448857307434,0.917872965335846
YML046W,YPR056W,0,-1.5574441,0.10250614583492279,0.9914448857307434,0.9179734587669373
YIL121W,YOL068C,0,-1.5587947,0.10249607264995575,0.9914448857307434,0.9180740118026733
YDR113C,YJL207C,0,-1.5591571,0.10248599946498871,0.9914448857307434,0.9181745052337646
YBR203W,YDR291W,0,-1.5598629,0.10247592628002167,0.9914448857307434,0.9182750582695007
YER069W,YKL139W,0,-1.5613731,0.10246586054563522,0.9914448857307434,0.918375551700592
YKL008C,YNL021W,0,-1.5617588,0.10245579481124878,0.9914448857307434,0.9184761047363281
YHR143W-A,YOL089C,0,-1.5630962,0.10244572907686234,0.9914448857307434,0.9185765981674194
YDL168W,YJL020C,0,-1.5633663,0.10243567079305649,0.9914448857307434,0.9186770915985107
YAR066W,YER094C,0,-1.566779,0.10242561250925064,0.9914448857307434,0.9187776446342468
YPR094W,YML118W,0,-1.5682948,0.1024155542254448,0.9914448857307434,0.9188781380653381
YCL011C,YMR068W,0,-1.5686271,0.10240549594163895,0.9914448857307434,0.9189786911010742
YAR003W,YHL018W,0,-1.569545,0.1023954451084137,0.9914448857307434,0.9190791845321655
YIL016W,YJR161C,0,-1.5714068,0.10238539427518845,0.9914448857307434,0.9191797375679016
YNL229C,YIL017C,0,-1.5724716,0.1023753434419632,0.9914448857307434,0.9192802309989929
YCL011C,YFL008W,0,-1.5734929,0.10236529260873795,0.9914448857307434,0.919380784034729
YBR077C,YML075C,0,-1.5775156,0.10235524922609329,0.9914448857307434,0.9194812774658203
YGR227W,YLR298C,0,-1.577862,0.10234520584344864,0.9914448857307434,0.9195818305015564
YPR018W,YEL046C,0,-1.5791649,0.10233516246080399,0.9914448857307434,0.9196823239326477
YBL042C,YHR045W,0,-1.5793487,0.10232512652873993,0.9914448857307434,0.9197828769683838
YLR116W,YML131W,0,-1.579643,0.10231509059667587,0.9914448857307434,0.9198833703994751
YDR506C,YGL020C,0,-1.5801162,0.10230505466461182,0.9914448857307434,0.9199839234352112
YLR069C,YGR203W,0,-1.5804497,0.10229501873254776,0.9914448857307434,0.9200844168663025
YIL049W,YGL257C,0,-1.582365,0.1022849828004837,0.9914448857307434,0.9201849699020386
YDL005C,YNR032W,0,-1.5834489,0.10227495431900024,0.9914448857307434,0.9202854633331299
YDL168W,YBR152W,0,-1.5842017,0.10226492583751678,0.9914448857307434,0.920386016368866
YBR235W,YMR113W,0,-1.5842168,0.10225490480661392,0.9914448857307434,0.9204865097999573
YGR133W,YHR143W-A,0,-1.5862367,0.10224487632513046,0.9914448857307434,0.9205870628356934
YLR274W,YDR489W,0,-1.5863019,0.1022348552942276,0.9914448857307434,0.9206875562667847
YKL071W,YJL076W,0,-1.5877168,0.10222483426332474,0.9914448857307434,0.9207881093025208
YKL055C,YJL203W,0,-1.5877708,0.10221482068300247,0.9914448857307434,0.9208886027336121
YOR328W,YJR019C,0,-1.5885465,0.10220479965209961,0.9914448857307434,0.9209891557693481
YDR294C,YOR188W,0,-1.5885731,0.10219478607177734,0.9914448857307434,0.9210896492004395
YPL246C,YGL208W,0,-1.5922569,0.10218477249145508,0.9914448857307434,0.9211902022361755
YKR086W,YNR039C,0,-1.5932207,0.10217476636171341,0.9914448857307434,0.9212906956672668
YJL092W,YAL009W,0,-1.5936475,0.10216476023197174,0.9914448857307434,0.9213912487030029
YKR045C,YBL097W,0,-1.5940182,0.10215474665164948,0.9914448857307434,0.9214917421340942
YBR068C,YOR205C,0,-1.594118,0.1021447479724884,0.9914448857307434,0.9215922951698303
YML066C,YOR360C,0,-1.5941628,0.10213474184274673,0.9914448857307434,0.9216927886009216
YPR103W,YBR070C,0,-1.5961299,0.10212474316358566,0.9914448857307434,0.9217933416366577
YGR157W,YNL300W,0,-1.599819,0.10211474448442459,0.9914448857307434,0.921893835067749
YKL096W,YCR068W,0,-1.602814,0.10210474580526352,0.9914448857307434,0.9219943881034851
YNL222W,YGL166W,0,-1.6037428,0.10209475457668304,0.9914448857307434,0.9220948815345764
YGR041W,YPL230W,0,-1.6057959,0.10208476334810257,0.9914448857307434,0.9221954345703125
YGL017W,YDL126C,0,-1.6059884,0.1020747721195221,0.9914448857307434,0.9222959280014038
YCL045C,YEL020C,0,-1.6063023,0.10206478089094162,0.9914448857307434,0.9223964810371399
YDR141C,YGL054C,0,-1.6093711,0.10205479711294174,0.9914448857307434,0.9224969744682312
YKR010C,YPL079W,0,-1.6118947,0.10204481333494186,0.9914448857307434,0.9225975275039673
YOR321W,YNL083W,0,-1.6132933,0.10203482955694199,0.9914448857307434,0.9226980209350586
YKL125W,YER075C,0,-1.6155746,0.10202484577894211,0.9914448857307434,0.9227985739707947
YLR297W,YBR014C,0,-1.6158382,0.10201486945152283,0.9914448857307434,0.922899067401886
YIL091C,YLR272C,0,-1.6169827,0.10200489312410355,0.9914448857307434,0.9229996204376221
YMR266W,YKR022C,0,-1.6177562,0.10199491679668427,0.9914448857307434,0.9231001138687134
YCR088W,YLR355C,0,-1.6180065,0.10198494046926498,0.9914448857307434,0.9232006669044495
YOR255W,YMR068W,0,-1.619478,0.1019749715924263,0.9914448857307434,0.9233011603355408
YCL038C,YOR214C,0,-1.6215236,0.10196500271558762,0.9914448857307434,0.9234017133712769
YML114C,YPR101W,0,-1.6227536,0.10195503383874893,0.9914448857307434,0.9235022068023682
YCL030C,YJR067C,0,-1.6233542,0.10194507241249084,0.9914448857307434,0.9236027598381042
YDR338C,YDR017C,0,-1.6237578,0.10193510353565216,0.9914448857307434,0.9237032532691956
YCR034W,YBR288C,0,-1.6241784,0.10192514210939407,0.9914448857307434,0.9238038063049316
YOL034W,YOR344C,0,-1.6243922,0.10191518813371658,0.9914448857307434,0.923904299736023
YLR307W,YLR013W,0,-1.6253365,0.1019052267074585,0.9914448857307434,0.924004852771759
YGR049W,YGR240C,0,-1.6255192,0.101895272731781,0.9914448857307434,0.9241053462028503
YGR257C,YIL082W-A,0,-1.6260173,0.10188531875610352,0.9914448857307434,0.9242058992385864
YGL145W,YPL057C,0,-1.627912,0.10187536478042603,0.9914448857307434,0.9243063926696777
YHR050W,YLR216C,0,-1.6282301,0.10186541825532913,0.9914448857307434,0.9244069457054138
YBL102W,YDR480W,0,-1.6285279,0.10185547173023224,0.9914448857307434,0.9245074391365051
YLR135W,YCR097W,0,-1.6288359,0.10184552520513535,0.9914448857307434,0.9246079325675964
YCR067C,YOL044W,0,-1.6295563,0.10183557868003845,0.9914448857307434,0.9247084856033325
YIL041W,YEL004W,0,-1.6311414,0.10182563960552216,0.9914448857307434,0.9248089790344238
YOR368W,YKL137W,0,-1.6320255,0.10181570053100586,0.9914448857307434,0.9249095320701599
YDR432W,YER035W,0,-1.6326613,0.10180576145648956,0.9914448857307434,0.9250100255012512
YDR462W,YGL054C,0,-1.6340468,0.10179582238197327,0.9914448857307434,0.9251105785369873
YGR108W,YGL086W,0,-1.6355989,0.10178589075803757,0.9914448857307434,0.9252110719680786
YLR136C,YPL187W,0,-1.6360266,0.10177595913410187,0.9914448857307434,0.9253116250038147
YOR231W,YLR035C,0,-1.638623,0.10176602751016617,0.9914448857307434,0.925412118434906
YIL082W-A,YMR058W,0,-1.6399224,0.10175609588623047,0.9914448857307434,0.9255126714706421
YNR063W,YNL058C,0,-1.640142,0.10174617171287537,0.9914448857307434,0.9256131649017334
YER001W,YGL054C,0,-1.6404617,0.10173624753952026,0.9914448857307434,0.9257137179374695
YDL181W,YOR144C,0,-1.6452596,0.10172632336616516,0.9914448857307434,0.9258142113685608
YBL006C,YBR215W,0,-1.6476398,0.10171640664339066,0.9914448857307434,0.9259147644042969
YHR018C,YOL137W,0,-1.649688,0.10170648247003555,0.9914448857307434,0.9260152578353882
YPR022C,YNL336W,0,-1.6505911,0.10169656574726105,0.9914448857307434,0.9261158108711243
YMR214W,YNL224C,0,-1.6506875,0.10168665647506714,0.9914448857307434,0.9262163043022156
YJL137C,YBL067C,0,-1.6511371,0.10167673975229263,0.9914448857307434,0.9263168573379517
YLR372W,YIL103W,0,-1.6523492,0.10166683048009872,0.9914448857307434,0.926417350769043
YMR044W,YNR039C,0,-1.6564748,0.10165692120790482,0.9914448857307434,0.926517903804779
YDR156W,YNL047C,0,-1.6572118,0.10164701193571091,0.9914448857307434,0.9266183972358704
YMR266W,YKL084W,0,-1.6579859,0.1016371101140976,0.9914448857307434,0.9267189502716064
YML038C,YFL031W,0,-1.6597326,0.10162720084190369,0.9914448857307434,0.9268194437026978
YDL079C,YDR302W,0,-1.6597667,0.10161730647087097,0.9914448857307434,0.9269199967384338
YFL062W,YMR154C,0,-1.6607704,0.10160740464925766,0.9914448857307434,0.9270204901695251
YLR393W,YDR264C,0,-1.6625464,0.10159750282764435,0.9914448857307434,0.9271210432052612
YGR203W,YMR134W,0,-1.6630857,0.10158760845661163,0.9914448857307434,0.9272215366363525
YNR056C,YGR186W,0,-1.6632857,0.10157771408557892,0.9914448857307434,0.9273220896720886
YFR042W,YKR018C,0,-1.6650462,0.1015678271651268,0.9914448857307434,0.9274225831031799
YMR214W,YCL011C,0,-1.6673584,0.10155793279409409,0.9914448857307434,0.927523136138916
YHR091C,YNL279W,0,-1.6723759,0.10154804587364197,0.9914448857307434,0.9276236295700073
YDR210W,YGR067C,0,-1.6735609,0.10153815895318985,0.9914448857307434,0.9277241826057434
YGL100W,YMR162C,0,-1.6741025,0.10152827948331833,0.9914448857307434,0.9278246760368347
YLL032C,YMR260C,1,-1.6754878,0.10161572694778442,0.9923954606056213,0.9278246760368347
YOR100C,YBR229C,0,-1.6755233,0.1016058400273323,0.9923954606056213,0.9279252290725708
YKL091C,YHR134W,0,-1.6758585,0.10159595310688019,0.9923954606056213,0.9280257225036621
YPR029C,YFL031W,0,-1.6764572,0.10158606618642807,0.9923954606056213,0.9281262755393982
YKL184W,YDL122W,0,-1.677207,0.10157617926597595,0.9923954606056213,0.9282267689704895
YJL051W,YLL023C,0,-1.6777618,0.10156629979610443,0.9923954606056213,0.9283273220062256
YKL035W,YOR141C,0,-1.6780899,0.10155642032623291,0.9923954606056213,0.9284278154373169
YLR242C,YNR069C,0,-1.6782858,0.10154654085636139,0.9923954606056213,0.928528368473053
YNL197C,YOR073W,0,-1.6785488,0.10153666883707047,0.9923954606056213,0.9286288619041443
YDL025C,YLL028W,0,-1.680043,0.10152678936719894,0.9923954606056213,0.9287294149398804
YHR176W,YDL165W,0,-1.6805832,0.10151691734790802,0.9923954606056213,0.9288299083709717
YIR022W,YHR143W-A,0,-1.6814022,0.10150705277919769,0.9923954606056213,0.9289304614067078
YIL117C,YNL220W,0,-1.6820233,0.10149718075990677,0.9923954606056213,0.9290309548377991
YOR033C,YLR421C,0,-1.6823294,0.10148731619119644,0.9923954606056213,0.9291315078735352
YPL265W,YHR026W,0,-1.684639,0.10147745162248611,0.9923954606056213,0.9292320013046265
YDR432W,YDR153C,0,-1.684897,0.10146758705377579,0.9923954606056213,0.9293325543403625
YNL021W,YKL209C,0,-1.6860969,0.10145772248506546,0.9923954606056213,0.9294330477714539
YOL001W,YIL097W,0,-1.6867993,0.10144786536693573,0.9923954606056213,0.9295336008071899
YCR067C,YAL014C,0,-1.6885378,0.101438008248806,0.9923954606056213,0.9296340942382812
YHR079C-A,YPL246C,0,-1.6892555,0.10142815858125687,0.9923954606056213,0.9297346472740173
YKL188C,YLL054C,0,-1.6893959,0.10141830146312714,0.9923954606056213,0.9298351407051086
YPR124W,YPL270W,0,-1.6908698,0.101408451795578,0.9923954606056213,0.9299356937408447
YMR236W,YJR091C,0,-1.6939867,0.10139860212802887,0.9923954606056213,0.930036187171936
YGL033W,YGL131C,0,-1.6946337,0.10138875246047974,0.9923954606056213,0.9301367402076721
YDR191W,YPL023C,0,-1.6949873,0.1013789102435112,0.9923954606056213,0.9302372336387634
YEL034W,YLR431C,0,-1.6967192,0.10136906802654266,0.9923954606056213,0.9303377270698547
YPL005W,YNR051C,0,-1.6970279,0.10135922580957413,0.9923954606056213,0.9304382801055908
YER065C,YGL150C,0,-1.6991057,0.10134938359260559,0.9923954606056213,0.9305387735366821
YLR135W,YOL049W,0,-1.7011418,0.10133954882621765,0.9923954606056213,0.9306393265724182
YGR028W,YJR056C,0,-1.7012193,0.10132970660924911,0.9923954606056213,0.9307398200035095
YFL018C,YKL120W,0,-1.7019634,0.10131987929344177,0.9923954606056213,0.9308403730392456
YDR540C,YNL152W,0,-1.7031512,0.10131004452705383,0.9923954606056213,0.9309408664703369
YFL052W,YGR065C,0,-1.7036445,0.1013002097606659,0.9923954606056213,0.931041419506073
YGR257C,YER018C,0,-1.7038887,0.10129038244485855,0.9923954606056213,0.9311419129371643
YDR073W,YIL010W,0,-1.7064209,0.10128055512905121,0.9923954606056213,0.9312424659729004
YHR216W,YEL020C,0,-1.7090364,0.10127073526382446,0.9923954606056213,0.9313429594039917
YNR032W,YIL114C,0,-1.7094872,0.10126091539859772,0.9923954606056213,0.9314435124397278
YDR267C,YPL265W,0,-1.7109296,0.10125108808279037,0.9923954606056213,0.9315440058708191
YOL146W,YOL137W,0,-1.7110236,0.10124127566814423,0.9923954606056213,0.9316445589065552
YDR538W,YNL272C,0,-1.7116861,0.10123145580291748,0.9923954606056213,0.9317450523376465
YML110C,YLL010C,0,-1.714242,0.10122164338827133,0.9923954606056213,0.9318456053733826
YDR354W,YDR264C,0,-1.7142556,0.10121183097362518,0.9923954606056213,0.9319460988044739
YMR323W,YCL020W,0,-1.7158687,0.10120201855897903,0.9923954606056213,0.93204665184021
YKL096W,YNR036C,0,-1.7169487,0.10119220614433289,0.9923954606056213,0.9321471452713013
YMR277W,YLR308W,0,-1.7179399,0.10118240118026733,0.9923954606056213,0.9322476983070374
YBR079C,YIL067C,0,-1.7200468,0.10117259621620178,0.9923954606056213,0.9323481917381287
YLR064W,YGL038C,0,-1.7208283,0.10116279125213623,0.9923954606056213,0.9324487447738647
YML029W,YPR112C,0,-1.721153,0.10115298628807068,0.9923954606056213,0.932549238204956
YNL186W,YBR215W,0,-1.7214761,0.10114318877458572,0.9923954606056213,0.9326497912406921
YDR338C,YBR110W,0,-1.7215693,0.10113339126110077,0.9923954606056213,0.9327502846717834
YBR018C,YMR216C,0,-1.7220409,0.10112359374761581,0.9923954606056213,0.9328508377075195
YNR051C,YLR453C,0,-1.7229116,0.10111380368471146,0.9923954606056213,0.9329513311386108
YDR522C,YIL122W,0,-1.7239711,0.1011040061712265,0.9923954606056213,0.9330518841743469
YLL052C,YHR176W,0,-1.7247891,0.10109421610832214,0.9923954606056213,0.9331523776054382
YCR102C,YLR226W,0,-1.7263324,0.10108443349599838,0.9923954606056213,0.9332529306411743
YDL025C,YGL054C,0,-1.7280524,0.10107464343309402,0.9923954606056213,0.9333534240722656
YER118C,YDR489W,0,-1.7281566,0.10106486082077026,0.9923954606056213,0.9334539771080017
YJL145W,YOL088C,0,-1.7316358,0.1010550782084465,0.9923954606056213,0.933554470539093
YIL121W,YOL027C,0,-1.7363198,0.10104529559612274,0.9923954606056213,0.9336550235748291
YHR063C,YGL134W,0,-1.7390854,0.10103552043437958,0.9923954606056213,0.9337555170059204
YKL049C,YBL002W,0,-1.74038,0.10102573782205582,0.9923954606056213,0.9338560700416565
YFL034C-B,YMR154C,0,-1.7405128,0.10101596266031265,0.9923954606056213,0.9339565634727478
YOR234C,YIL063C,0,-1.7411654,0.10100619494915009,0.9923954606056213,0.9340571165084839
YDR311W,YHR115C,0,-1.7417979,0.10099641978740692,0.9923954606056213,0.9341576099395752
YDR538W,YDR208W,0,-1.7445307,0.10098665207624435,0.9923954606056213,0.9342581629753113
YGL086W,YNR032W,0,-1.7478004,0.10097688436508179,0.9923954606056213,0.9343586564064026
YER118C,YIR008C,0,-1.7514484,0.10096711665391922,0.9923954606056213,0.9344592094421387
YLR307W,YGL160W,0,-1.7526119,0.10095735639333725,0.9923954606056213,0.93455970287323
YKR010C,YMR083W,0,-1.7531595,0.10094758868217468,0.9923954606056213,0.9346602559089661
YDR446W,YOR329C,0,-1.7533169,0.10093783587217331,0.9923954606056213,0.9347607493400574
YJL207C,YMR040W,1,-1.7537055,0.10102474689483643,0.9933460354804993,0.9347607493400574
YBL067C,YPR185W,0,-1.753993,0.10101498663425446,0.9933460354804993,0.9348613023757935
YNL014W,YDL014W,1,-1.7542889,0.10110187530517578,0.9942965507507324,0.9348613023757935
YNL275W,YPL005W,0,-1.7543089,0.10109210759401321,0.9942965507507324,0.9349617958068848
YGR157W,YPR056W,0,-1.7550657,0.10108233243227005,0.9942965507507324,0.9350623488426208
YKL027W,YJL092W,0,-1.7551432,0.10107256472110748,0.9942965507507324,0.9351628422737122
YBR215W,YKR039W,0,-1.7557671,0.10106280446052551,0.9942965507507324,0.9352633953094482
YKL184W,YDR258C,0,-1.7557695,0.10105303674936295,0.9942965507507324,0.9353638887405396
YIL158W,YPR025C,0,-1.7560747,0.10104327648878098,0.9942965507507324,0.9354644417762756
YMR014W,YCL030C,0,-1.7566555,0.101033516228199,0.9942965507507324,0.9355649352073669
YOR214C,YDL165W,0,-1.7569516,0.10102375596761703,0.9942965507507324,0.935665488243103
YER019W,YNL323W,0,-1.7571898,0.10101400315761566,0.9942965507507324,0.9357659816741943
YHR124W,YOL137W,0,-1.758667,0.10100425034761429,0.9942965507507324,0.9358665347099304
YGR121C,YDL207W,0,-1.7601697,0.10099449753761292,0.9942965507507324,0.9359670281410217
YDR194C,YNL053W,0,-1.760608,0.10098474472761154,0.9942965507507324,0.936067521572113
YNL264C,YER042W,0,-1.7618272,0.10097499936819077,0.9942965507507324,0.9361680746078491
YKL096W,YNL275W,0,-1.7645376,0.10096525400876999,0.9942965507507324,0.9362685680389404
YJR047C,YPL181W,0,-1.7652836,0.10095550864934921,0.9942965507507324,0.9363691210746765
YER124C,YGL179C,0,-1.766032,0.10094576328992844,0.9942965507507324,0.9364696145057678
YDR184C,YER160C,0,-1.7671833,0.10093602538108826,0.9942965507507324,0.9365701675415039
YLR272C,YFR009W,0,-1.7676976,0.10092628002166748,0.9942965507507324,0.9366706609725952
YNL272C,YPL181W,0,-1.768439,0.1009165495634079,0.9942965507507324,0.9367712140083313
YGR096W,YPL005W,0,-1.7704952,0.10090681165456772,0.9942965507507324,0.9368717074394226
YFL050C,YGR261C,0,-1.7742388,0.10089707374572754,0.9942965507507324,0.9369722604751587
YHR019C,YDR480W,0,-1.77473,0.10088734328746796,0.9942965507507324,0.93707275390625
YJL051W,YHR123W,0,-1.7790487,0.10087761282920837,0.9942965507507324,0.9371733069419861
YDR147W,YOL001W,0,-1.7807617,0.10086788982152939,0.9942965507507324,0.9372738003730774
YGR125W,YLR117C,0,-1.7809126,0.1008581593632698,0.9942965507507324,0.9373743534088135
YKL209C,YPL069C,0,-1.7813096,0.10084843635559082,0.9942965507507324,0.9374748468399048
YPR082C,YAR003W,0,-1.7832587,0.10083871334791183,0.9942965507507324,0.9375753998756409
YHL020C,YMR044W,0,-1.78424,0.10082899779081345,0.9942965507507324,0.9376758933067322
YCL033C,YNL116W,0,-1.7851663,0.10081927478313446,0.9942965507507324,0.9377764463424683
YJR056C,YGR278W,0,-1.785228,0.10080955922603607,0.9942965507507324,0.9378769397735596
YFR028C,YKL055C,0,-1.7853887,0.10079984366893768,0.9942965507507324,0.9379774928092957
YMR170C,YDR354W,0,-1.7855997,0.10079013556241989,0.9942965507507324,0.938077986240387
YHR094C,YMR029C,0,-1.7857714,0.1007804200053215,0.9942965507507324,0.938178539276123
YNL152W,YBR221C,0,-1.7858145,0.10077071189880371,0.9942965507507324,0.9382790327072144
YLR240W,YMR236W,0,-1.7887456,0.10076100379228592,0.9942965507507324,0.9383795857429504
YNL275W,YHR178W,0,-1.7892125,0.10075130313634872,0.9942965507507324,0.9384800791740417
YJR090C,YFL003C,0,-1.7892625,0.10074159502983093,0.9942965507507324,0.9385806322097778
YBR201W,YDL147W,0,-1.7930458,0.10073189437389374,0.9942965507507324,0.9386811256408691
YFL009W,YMR271C,0,-1.7969291,0.10072219371795654,0.9942965507507324,0.9387816786766052
YDR311W,YDL066W,0,-1.7986352,0.10071250051259995,0.9942965507507324,0.9388821721076965
YDR446W,YOL034W,0,-1.799099,0.10070279985666275,0.9942965507507324,0.9389827251434326
YNL254C,YDL066W,0,-1.7992828,0.10069310665130615,0.9942965507507324,0.9390832185745239
YGR068C,YGR198W,0,-1.7993796,0.10068341344594955,0.9942965507507324,0.93918377161026
YGR028W,YLR256W,0,-1.8028467,0.10067372769117355,0.9942965507507324,0.9392842650413513
YMR058W,YDR291W,0,-1.8032553,0.10066403448581696,0.9942965507507324,0.9393848180770874
YJR047C,YPL265W,0,-1.8034487,0.10065434873104095,0.9942965507507324,0.9394853115081787
YPL164C,YIR028W,0,-1.8049119,0.10064466297626495,0.9942965507507324,0.9395858645439148
YLL005C,YMR060C,0,-1.806108,0.10063498467206955,0.9942965507507324,0.9396863579750061
YGR098C,YGR092W,0,-1.8068347,0.10062529891729355,0.9942965507507324,0.9397869110107422
YGL001C,YDR267C,0,-1.8070109,0.10061562061309814,0.9942965507507324,0.9398874044418335
YNL030W,YLR341W,0,-1.8073483,0.10060594230890274,0.9942965507507324,0.9399879574775696
YDL212W,YGR280C,0,-1.8085537,0.10059627145528793,0.9942965507507324,0.9400884509086609
YGL013C,YNL225C,0,-1.8099988,0.10058659315109253,0.9942965507507324,0.940189003944397
YGR121C,YPL084W,0,-1.8110106,0.10057692229747772,0.9942965507507324,0.9402894973754883
YKL096W,YNL154C,0,-1.8150084,0.10056725144386292,0.9942965507507324,0.9403900504112244
YIL015W,YDL201W,0,-1.8173895,0.1005575880408287,0.9942965507507324,0.9404905438423157
YAR014C,YHR050W,0,-1.817734,0.1005479171872139,0.9942965507507324,0.9405910968780518
YEL020C,YOR130C,0,-1.8182304,0.10053825378417969,0.9942965507507324,0.9406915903091431
YIR013C,YMR231W,0,-1.8182671,0.10052859038114548,0.9942965507507324,0.9407921433448792
YNL327W,YNL336W,0,-1.8191297,0.10051893442869186,0.9942965507507324,0.9408926367759705
YBL084C,YNR026C,0,-1.819947,0.10050927102565765,0.9942965507507324,0.9409931898117065
YJL209W,YKL084W,0,-1.8233237,0.10049961507320404,0.9942965507507324,0.9410936832427979
YBR073W,YNL014W,0,-1.8238299,0.10048995912075043,0.9942965507507324,0.9411942362785339
YGR203W,YGL086W,0,-1.8263428,0.10048031061887741,0.9942965507507324,0.9412947297096252
YBL005W-A,YOR010C,0,-1.8284914,0.1004706546664238,0.9942965507507324,0.9413952827453613
YIL162W,YGL012W,0,-1.8289421,0.10046100616455078,0.9942965507507324,0.9414957761764526
YDR349C,YKL213C,0,-1.8295388,0.10045135766267776,0.9942965507507324,0.9415963292121887
YCR042C,YML019W,0,-1.8314347,0.10044171661138535,0.9942965507507324,0.94169682264328
YMR079W,YCR079W,0,-1.8338697,0.10043206810951233,0.9942965507507324,0.9417973756790161
YGR023W,YPR009W,0,-1.8339164,0.10042242705821991,0.9942965507507324,0.9418978691101074
YOR128C,YMR021C,0,-1.8350513,0.10041278600692749,0.9942965507507324,0.9419983625411987
YER183C,YJR002W,0,-1.84144,0.10040314495563507,0.9942965507507324,0.9420989155769348
YDR522C,YJR014W,0,-1.8419929,0.10039351135492325,0.9942965507507324,0.9421994090080261
YIL091C,YDL188C,0,-1.8426008,0.10038387775421143,0.9942965507507324,0.9422999620437622
YPR104C,YGL012W,0,-1.8430266,0.1003742441534996,0.9942965507507324,0.9424004554748535
YHR107C,YER169W,0,-1.8444629,0.10036461055278778,0.9942965507507324,0.9425010085105896
YGL065C,YNL224C,0,-1.8456423,0.10035498440265656,0.9942965507507324,0.9426015019416809
YKL157W,YHR128W,0,-1.8467352,0.10034535825252533,0.9942965507507324,0.942702054977417
YCR073C,YJR043C,0,-1.8507626,0.1003357321023941,0.9942965507507324,0.9428025484085083
YCR097W,YLR066W,0,-1.8513677,0.10032610595226288,0.9942965507507324,0.9429031014442444
YHL018W,YJL091C,0,-1.8515174,0.10031648725271225,0.9942965507507324,0.9430035948753357
YDL168W,YNR026C,0,-1.8515918,0.10030686855316162,0.9942965507507324,0.9431041479110718
YDR216W,YNL087W,0,-1.8516605,0.10029724985361099,0.9942965507507324,0.9432046413421631
YPL268W,YMR135C,0,-1.8522141,0.10028763115406036,0.9942965507507324,0.9433051943778992
YGL038C,YNL099C,0,-1.852231,0.10027801990509033,0.9942965507507324,0.9434056878089905
YLR081W,YIR010W,0,-1.8534167,0.1002684012055397,0.9942965507507324,0.9435062408447266
YKL213C,YER026C,0,-1.8547466,0.10025879740715027,0.9942965507507324,0.9436067342758179
YFL050C,YMR277W,0,-1.8568695,0.10024918615818024,0.9942965507507324,0.943707287311554
YPL088W,YGL254W,0,-1.8569942,0.1002395749092102,0.9942965507507324,0.9438077807426453
YPL047W,YPL012W,0,-1.8571882,0.10022997111082077,0.9942965507507324,0.9439083337783813
YLR138W,YGL257C,0,-1.8574426,0.10022036731243134,0.9942965507507324,0.9440088272094727
YPR107C,YLR393W,0,-1.8595934,0.1002107709646225,0.9942965507507324,0.9441093802452087
YHL013C,YPL192C,0,-1.8603618,0.10020116716623306,0.9942965507507324,0.9442098736763
YGL131C,YJR067C,0,-1.8618333,0.10019157081842422,0.9942965507507324,0.9443104267120361
YER026C,YJR067C,0,-1.8641887,0.10018197447061539,0.9942965507507324,0.9444109201431274
YER065C,YGR041W,0,-1.866615,0.10017237812280655,0.9942965507507324,0.9445114731788635
YHR115C,YGL166W,0,-1.8719258,0.10016278922557831,0.9942965507507324,0.9446119666099548
YLR274W,YBR152W,0,-1.8723423,0.10015320032835007,0.9942965507507324,0.9447125196456909
YJL099W,YMR216C,0,-1.8729508,0.10014361143112183,0.9942965507507324,0.9448130130767822
YCL033C,YER042W,0,-1.8742325,0.10013402253389359,0.9942965507507324,0.9449135661125183
YIL031W,YML058W,0,-1.8764527,0.10012444108724594,0.9942965507507324,0.9450140595436096
YBR235W,YGR041W,0,-1.8766875,0.1001148521900177,0.9942965507507324,0.9451146125793457
YIL117C,YPL265W,0,-1.8769257,0.10010527074337006,0.9942965507507324,0.945215106010437
YNL071W,YNL009W,0,-1.8773625,0.10009569674730301,0.9942965507507324,0.9453156590461731
YER018C,YLR210W,0,-1.8793669,0.10008611530065536,0.9942965507507324,0.9454161524772644
YJR088C,YNL116W,0,-1.8809087,0.10007654130458832,0.9942965507507324,0.9455167055130005
YPL086C,YPL046C,0,-1.881535,0.10006696730852127,0.9942965507507324,0.9456171989440918
YJL145W,YDR113C,0,-1.8820167,0.10005739331245422,0.9942965507507324,0.9457177519798279
YPL053C,YML121W,0,-1.882226,0.10004782676696777,0.9942965507507324,0.9458182454109192
YNL327W,YDR264C,0,-1.8828428,0.10003825277090073,0.9942965507507324,0.9459187984466553
YNL329C,YNL009W,0,-1.8830111,0.10002868622541428,0.9942965507507324,0.9460192918777466
YLR376C,YHR176W,0,-1.883251,0.10001912713050842,0.9942965507507324,0.9461198449134827
YER078C,YGR108W,0,-1.8839386,0.10000956058502197,0.9942965507507324,0.946220338344574
YPR029C,YML066C,0,-1.8855605,0.10000000149011612,0.9942965507507324,0.9463208913803101
YDR266C,YDR186C,1,-1.8887165,0.1000860333442688,0.9952471256256104,0.9463208913803101
YCL045C,YDR113C,0,-1.893209,0.10007646679878235,0.9952471256256104,0.9464213848114014
YNL035C,YKL092C,0,-1.8934906,0.1000669002532959,0.9952471256256104,0.9465219378471375
YOR255W,YDL236W,0,-1.8951671,0.10005734115839005,0.9952471256256104,0.9466224312782288
YHR134W,YGL160W,0,-1.8983319,0.1000477746129036,0.9952471256256104,0.9467229843139648
YCL033C,YPL242C,0,-1.8986537,0.10003821551799774,0.9952471256256104,0.9468234777450562
YML038C,YOR208W,0,-1.899205,0.10002866387367249,0.9952471256256104,0.9469240307807922
YPL283C,YLR378C,0,-1.8995607,0.10001910477876663,0.9952471256256104,0.9470245242118835
YBL040C,YER122C,0,-1.9006116,0.10000955313444138,0.9952471256256104,0.9471250772476196
YGR172C,YMR167W,0,-1.9008896,0.10000000149011612,0.9952471256256104,0.9472255706787109
YPR029C,YOR197W,0,-1.9011579,0.09999044984579086,0.9952471256256104,0.947326123714447
YGR096W,YPL128C,0,-1.9019027,0.0999808982014656,0.9952471256256104,0.9474266171455383
YIL085C,YPR056W,0,-1.9035206,0.09997135400772095,0.9952471256256104,0.9475271701812744
YJL115W,YGL077C,0,-1.903523,0.09996180981397629,0.9952471256256104,0.9476276636123657
YBR161W,YBR057C,0,-1.9041374,0.09995226562023163,0.9952471256256104,0.947728157043457
YDL122W,YMR305C,0,-1.9066448,0.09994272887706757,0.9952471256256104,0.9478287100791931
YDR348C,YPL081W,0,-1.909013,0.0999331846833229,0.9952471256256104,0.9479292035102844
YDR051C,YIL031W,0,-1.9131362,0.09992364794015884,0.9952471256256104,0.9480297565460205
YFL024C,YFL034C-B,0,-1.9171898,0.09991411119699478,0.9952471256256104,0.9481302499771118
YDR214W,YEL020C,0,-1.9176073,0.09990458190441132,0.9952471256256104,0.9482308030128479
YMR114C,YFR044C,1,-1.9192159,0.09999045729637146,0.9961977005004883,0.9482308030128479
YDR522C,YLR368W,0,-1.9202764,0.0999809205532074,0.9961977005004883,0.9483312964439392
YNL053W,YJR144W,0,-1.9240341,0.09997138381004333,0.9961977005004883,0.9484318494796753
YFL050C,YDR307W,0,-1.9258597,0.09996184706687927,0.9961977005004883,0.9485323429107666
YDR216W,YGL179C,0,-1.9262264,0.09995231032371521,0.9961977005004883,0.9486328959465027
YIR021W,YHR124W,0,-1.9279444,0.09994278103113174,0.9961977005004883,0.948733389377594
YMR288W,YNR063W,0,-1.9291732,0.09993325173854828,0.9961977005004883,0.9488339424133301
YNR054C,YPL084W,0,-1.9310005,0.09992372244596481,0.9961977005004883,0.9489344358444214
YKL101W,YEL026W,0,-1.9311111,0.09991419315338135,0.9961977005004883,0.9490349888801575
YML007W,YKL073W,0,-1.9367666,0.09990467131137848,0.9961977005004883,0.9491354823112488
YMR052W,YOR171C,0,-1.9373231,0.09989514946937561,0.9961977005004883,0.9492360353469849
YMR011W,YPL020C,0,-1.9379404,0.09988562762737274,0.9961977005004883,0.9493365287780762
YBR217W,YBR098W,0,-1.939306,0.09987610578536987,0.9961977005004883,0.9494370818138123
YBL067C,YJL159W,0,-1.9406378,0.0998665913939476,0.9961977005004883,0.9495375752449036
YNL071W,YPR124W,0,-1.9419014,0.09985707700252533,0.9961977005004883,0.9496381282806396
YMR021C,YMR083W,0,-1.9450061,0.09984756261110306,0.9961977005004883,0.949738621711731
YJL184W,YOR125C,0,-1.9459808,0.09983804821968079,0.9961977005004883,0.949839174747467
YDL126C,YLR136C,0,-1.9473796,0.09982854127883911,0.9961977005004883,0.9499396681785583
YKL008C,YKL120W,0,-1.9484034,0.09981902688741684,0.9961977005004883,0.9500402212142944
YJL145W,YLR341W,0,-1.9501033,0.09980952739715576,0.9961977005004883,0.9501407146453857
YOR214C,YER018C,0,-1.9502604,0.09980002045631409,0.9961977005004883,0.9502412676811218
YJL209W,YHL018W,0,-1.9524562,0.09979051351547241,0.9961977005004883,0.9503417611122131
YJL123C,YGL257C,0,-1.9535,0.09978101402521133,0.9961977005004883,0.9504423141479492
YOL091W,YFR055W,0,-1.954448,0.09977151453495026,0.9961977005004883,0.9505428075790405
YMR323W,YHR128W,0,-1.9545348,0.09976201504468918,0.9961977005004883,0.9506433606147766
YOR094W,YGL160W,0,-1.9549625,0.0997525230050087,0.9961977005004883,0.9507438540458679
YIR033W,YMR283C,0,-1.9553287,0.09974303096532822,0.9961977005004883,0.950844407081604
YDR452W,YOR035C,0,-1.9555793,0.09973353892564774,0.9961977005004883,0.9509449005126953
YOR033C,YIL114C,0,-1.9561028,0.09972404688596725,0.9961977005004883,0.9510454535484314
YIR028W,YOL049W,0,-1.9615417,0.09971455484628677,0.9961977005004883,0.9511459469795227
YBR171W,YBR068C,0,-1.962044,0.09970507025718689,0.9961977005004883,0.9512465000152588
YER124C,YIL015W,0,-1.9625831,0.099695585668087,0.9961977005004883,0.9513469934463501
YMR011W,YER065C,0,-1.9668381,0.09968610107898712,0.9961977005004883,0.9514475464820862
YDL194W,YER035W,0,-1.9674709,0.09967662394046783,0.9961977005004883,0.9515480399131775
YHL020C,YFL008W,0,-1.9710526,0.09966713935136795,0.9961977005004883,0.9516485929489136
YKL112W,YNR051C,0,-1.9722931,0.09965766221284866,0.9961977005004883,0.9517490863800049
YDR051C,YBL067C,0,-1.9729908,0.09964818507432938,0.9961977005004883,0.951849639415741
YJR091C,YJL118W,0,-1.9772089,0.09963871538639069,0.9961977005004883,0.9519501328468323
YKL112W,YOL075C,0,-1.9780664,0.099629245698452,0.9961977005004883,0.9520506858825684
YPL256C,YOR284W,0,-1.9788861,0.09961976855993271,0.9961977005004883,0.9521511793136597
YBR102C,YHR123W,0,-1.9801068,0.09961030632257462,0.9961977005004883,0.9522517323493958
YMR014W,YMR305C,0,-1.9837339,0.09960083663463593,0.9961977005004883,0.9523522257804871
YNL327W,YIL168W,0,-1.9856098,0.09959137439727783,0.9961977005004883,0.9524527788162231
YNL272C,YOR205C,0,-1.9879782,0.09958190470933914,0.9961977005004883,0.9525532722473145
YOR328W,YJL137C,0,-1.988143,0.09957244992256165,0.9961977005004883,0.9526538252830505
YBL067C,YIL122W,0,-1.9881585,0.09956298768520355,0.9961977005004883,0.9527543187141418
YLR297W,YBL019W,0,-1.9886911,0.09955352544784546,0.9961977005004883,0.9528548717498779
YIL168W,YPL270W,0,-1.9891725,0.09954407066106796,0.9961977005004883,0.9529553651809692
YPR104C,YJL207C,0,-1.9902046,0.09953461587429047,0.9961977005004883,0.9530559182167053
YKL221W,YNL087W,0,-1.9920323,0.09952516853809357,0.9961977005004883,0.9531564116477966
YKL213C,YIR008C,0,-1.9925113,0.09951571375131607,0.9961977005004883,0.9532569646835327
YPL057C,YLR133W,0,-1.9927869,0.09950626641511917,0.9961977005004883,0.953357458114624
YNL053W,YDL156W,0,-1.9927881,0.09949681907892227,0.9961977005004883,0.9534580111503601
YOR368W,YFR044C,0,-1.993897,0.09948737174272537,0.9961977005004883,0.9535585045814514
YDR311W,YDL178W,0,-2.0015368,0.09947793185710907,0.9961977005004883,0.9536589980125427
YLR297W,YKL025C,0,-2.0044143,0.09946849197149277,0.9961977005004883,0.9537595510482788
YNL014W,YOR100C,0,-2.0049174,0.09945905208587646,0.9961977005004883,0.9538600444793701
YNL106C,YPL015C,0,-2.0063045,0.09944961220026016,0.9961977005004883,0.9539605975151062
YNL336W,YGR261C,0,-2.0081227,0.09944017231464386,0.9961977005004883,0.9540610909461975
YOR100C,YER166W,0,-2.008263,0.09943073987960815,0.9961977005004883,0.9541616439819336
YAL032C,YFR009W,0,-2.0088954,0.09942130744457245,0.9961977005004883,0.9542621374130249
YPR107C,YKL176C,0,-2.009086,0.09941187500953674,0.9961977005004883,0.954362690448761
YMR190C,YLR341W,0,-2.009423,0.09940245002508163,0.9961977005004883,0.9544631838798523
YDR522C,YKL221W,0,-2.0132983,0.09939301759004593,0.9961977005004883,0.9545637369155884
YPL230W,YBL101C,0,-2.0136166,0.09938359260559082,0.9961977005004883,0.9546642303466797
YGL255W,YHR178W,0,-2.013758,0.09937416762113571,0.9961977005004883,0.9547647833824158
YPL003W,YDR198C,0,-2.0142143,0.0993647500872612,0.9961977005004883,0.9548652768135071
YGR125W,YKL208W,0,-2.014458,0.09935532510280609,0.9961977005004883,0.9549658298492432
YGR278W,YJL184W,0,-2.014861,0.09934590756893158,0.9961977005004883,0.9550663232803345
YDR338C,YMR067C,0,-2.0182304,0.09933649003505707,0.9961977005004883,0.9551668763160706
YLR135W,YBR083W,0,-2.0199482,0.09932707995176315,0.9961977005004883,0.9552673697471619
YER144C,YLR410W,0,-2.0203779,0.09931766241788864,0.9961977005004883,0.955367922782898
YJR019C,YGL257C,0,-2.0208657,0.09930825233459473,0.9961977005004883,0.9554684162139893
YNL072W,YGR023W,0,-2.0243757,0.09929884225130081,0.9961977005004883,0.9555689692497253
YKL055C,YGR091W,0,-2.025068,0.0992894396185875,0.9961977005004883,0.9556694626808167
YFL022C,YER166W,0,-2.0254154,0.09928002953529358,0.9961977005004883,0.9557700157165527
YIL044C,YOL058W,0,-2.0265815,0.09927062690258026,0.9961977005004883,0.955870509147644
YML029W,YMR277W,0,-2.027408,0.09926122426986694,0.9961977005004883,0.9559710621833801
YPL227C,YKL213C,0,-2.030138,0.09925182163715363,0.9961977005004883,0.9560715556144714
YER144C,YER069W,0,-2.0316594,0.0992424264550209,0.9961977005004883,0.9561721086502075
YML066C,YJR129C,0,-2.031967,0.09923302382230759,0.9961977005004883,0.9562726020812988
YCL045C,YHR166C,0,-2.0321162,0.09922362864017487,0.9961977005004883,0.9563731551170349
YPL256C,YNL139C,0,-2.0325572,0.09921424090862274,0.9961977005004883,0.9564736485481262
YBR136W,YDR324C,0,-2.0346744,0.09920484572649002,0.9961977005004883,0.9565742015838623
YOR173W,YGR065C,0,-2.0350611,0.0991954579949379,0.9961977005004883,0.9566746950149536
YGL224C,YNL075W,0,-2.0368974,0.09918607026338577,0.9961977005004883,0.9567752480506897
YBL045C,YMR083W,0,-2.0402942,0.09917668253183365,0.9961977005004883,0.956875741481781
YJL028W,YJL020C,0,-2.0433178,0.09916729480028152,0.9961977005004883,0.9569762945175171
YJR091C,YLR178C,0,-2.043959,0.09915791451931,0.9961977005004883,0.9570767879486084
YKL055C,YNL279W,0,-2.0450628,0.09914853423833847,0.9961977005004883,0.9571773409843445
YNL222W,YOR058C,0,-2.0463796,0.09913915395736694,0.9961977005004883,0.9572778344154358
YER039C,YLR066W,0,-2.0467582,0.09912977367639542,0.9961977005004883,0.9573783874511719
YNL009W,YDR206W,0,-2.0546925,0.09912040084600449,0.9961977005004883,0.9574788808822632
YNL021W,YDR477W,0,-2.05801,0.09911102801561356,0.9961977005004883,0.9575794339179993
YNL090W,YIL015W,0,-2.0627,0.09910165518522263,0.9961977005004883,0.9576799273490906
YGL029W,YIL129C,0,-2.0658526,0.0990922823548317,0.9961977005004883,0.9577804803848267
YOR229W,YKR092C,0,-2.07176,0.09908291697502136,0.9961977005004883,0.957880973815918
YIL023C,YMR197C,0,-2.0731285,0.09907355159521103,0.9961977005004883,0.957981526851654
YPR029C,YDR538W,0,-2.0732532,0.0990641862154007,0.9961977005004883,0.9580820202827454
YMR067C,YHR102W,0,-2.073735,0.09905482083559036,0.9961977005004883,0.9581825733184814
YJR064W,YML121W,0,-2.0741518,0.09904545545578003,0.9961977005004883,0.9582830667495728
YML019W,YCR089W,0,-2.0745938,0.09903609752655029,0.9961977005004883,0.9583836197853088
YDR408C,YFL002C,0,-2.0760264,0.09902673959732056,0.9961977005004883,0.9584841132164001
YFR046C,YCL045C,0,-2.077514,0.09901738166809082,0.9961977005004883,0.9585846662521362
YLR116W,YLR057W,0,-2.0835867,0.09900803118944168,0.9961977005004883,0.9586851596832275
YDR349C,YDL188C,0,-2.084625,0.09899868071079254,0.9961977005004883,0.9587857127189636
YOR130C,YKR046C,0,-2.08488,0.0989893302321434,0.9961977005004883,0.9588862061500549
YMR280C,YPL005W,0,-2.0855787,0.09897997975349426,0.9961977005004883,0.958986759185791
YML118W,YCR048W,0,-2.0884812,0.09897062927484512,0.9961977005004883,0.9590872526168823
YNL321W,YMR067C,0,-2.0887382,0.09896128624677658,0.9961977005004883,0.9591878056526184
YGL100W,YPL088W,0,-2.091736,0.09895194321870804,0.9961977005004883,0.9592882990837097
YGL124C,YMR231W,0,-2.0954807,0.0989426001906395,0.9961977005004883,0.959388792514801
YOL060C,YER018C,0,-2.0958157,0.09893325716257095,0.9961977005004883,0.9594893455505371
YMR202W,YGL134W,0,-2.0967448,0.09892392158508301,0.9961977005004883,0.9595898389816284
YBR167C,YNR049C,0,-2.0967948,0.09891458600759506,0.9961977005004883,0.9596903920173645
YNL124W,YMR268C,0,-2.0982258,0.09890525043010712,0.9961977005004883,0.9597908854484558
YHR094C,YOR245C,0,-2.1050315,0.09889591485261917,0.9961977005004883,0.9598914384841919
YNL097C,YOR077W,0,-2.1053536,0.09888657927513123,0.9961977005004883,0.9599919319152832
YKL127W,YER075C,0,-2.106208,0.09887725114822388,0.9961977005004883,0.9600924849510193
YGR068C,YDR302W,0,-2.10732,0.09886792302131653,0.9961977005004883,0.9601929783821106
YLR240W,YPR022C,0,-2.109275,0.09885859489440918,0.9961977005004883,0.9602935314178467
YIL066C,YBL045C,0,-2.111311,0.09884927421808243,0.9961977005004883,0.960394024848938
YPL066W,YGL077C,0,-2.116378,0.09883995354175568,0.9961977005004883,0.9604945778846741
YKR010C,YPL275W,0,-2.1172101,0.09883063286542892,0.9961977005004883,0.9605950713157654
YIL162W,YER075C,0,-2.12058,0.09882131218910217,0.9961977005004883,0.9606956243515015
YHR050W,YOR083W,0,-2.1216018,0.09881199151277542,0.9961977005004883,0.9607961177825928
YML019W,YOL044W,0,-2.1230204,0.09880267828702927,0.9961977005004883,0.9608966708183289
YNL299W,YOR077W,0,-2.1242526,0.09879336506128311,0.9961977005004883,0.9609971642494202
YCR067C,YNL245C,0,-2.1254485,0.09878405183553696,0.9961977005004883,0.9610977172851562
YML123C,YGL121C,0,-2.1268308,0.0987747386097908,0.9961977005004883,0.9611982107162476
YJR047C,YHR016C,0,-2.1295788,0.09876543283462524,0.9961977005004883,0.9612987637519836
YBR068C,YGR261C,0,-2.1313355,0.09875612705945969,0.9961977005004883,0.961399257183075
YNL254C,YML075C,0,-2.1322854,0.09874682128429413,0.9961977005004883,0.961499810218811
YGR186W,YGL175C,0,-2.1329086,0.09873751550912857,0.9961977005004883,0.9616003036499023
YLR340W,YJL118W,1,-2.1363482,0.09882242232561111,0.9971482753753662,0.9616003036499023
YNR056C,YIR021W,0,-2.1473498,0.09881310909986496,0.9971482753753662,0.9617008566856384
YGR215W,YIL073C,0,-2.1479297,0.0988038033246994,0.9971482753753662,0.9618013501167297
YKL127W,YKR024C,0,-2.1485727,0.09879449754953384,0.9971482753753662,0.9619019031524658
YML022W,YMR305C,0,-2.1489296,0.09878519922494888,0.9971482753753662,0.9620023965835571
YOL091W,YDL066W,0,-2.1491911,0.09877589344978333,0.9971482753753662,0.9621029496192932
YNL072W,YPR023C,0,-2.1514637,0.09876659512519836,0.9971482753753662,0.9622034430503845
YGL065C,YGR092W,0,-2.1530817,0.0987572968006134,0.9971482753753662,0.9623039960861206
YGL086W,YER035W,0,-2.154895,0.09874799847602844,0.9971482753753662,0.9624044895172119
YJL091C,YKL167C,0,-2.1563098,0.09873870760202408,0.9971482753753662,0.962505042552948
YBR203W,YBR018C,0,-2.157852,0.09872940927743912,0.9971482753753662,0.9626055359840393
YGL207W,YHR178W,0,-2.1583843,0.09872011840343475,0.9971482753753662,0.9627060890197754
YOR368W,YLR256W,0,-2.1604536,0.09871082752943039,0.9971482753753662,0.9628065824508667
YER065C,YOR196C,0,-2.1611807,0.09870154410600662,0.9971482753753662,0.9629071354866028
YLR057W,YNR049C,0,-2.1626148,0.09869226068258286,0.9971482753753662,0.9630076289176941
YLR408C,YDR352W,0,-2.1628993,0.09868296980857849,0.9971482753753662,0.9631081819534302
YGR049W,YAR014C,0,-2.1629374,0.09867369383573532,0.9971482753753662,0.9632086753845215
YNL257C,YER026C,0,-2.1641235,0.09866441041231155,0.9971482753753662,0.9633092284202576
YOL137W,YIL129C,0,-2.1674807,0.09865512698888779,0.9971482753753662,0.9634097218513489
YMR135C,YGR041W,0,-2.1674845,0.09864585101604462,0.9971482753753662,0.963510274887085
YDR085C,YER073W,0,-2.1698735,0.09863657504320145,0.9971482753753662,0.9636107683181763
YDR043C,YDL122W,0,-2.1722472,0.09862730652093887,0.9971482753753662,0.9637113213539124
YIL063C,YNL327W,0,-2.1725163,0.0986180305480957,0.9971482753753662,0.9638118147850037
YOL001W,YNL279W,0,-2.1799338,0.09860876202583313,0.9971482753753662,0.9639123678207397
YDR540C,YGL145W,0,-2.1818783,0.09859949350357056,0.9971482753753662,0.964012861251831
YLR233C,YER169W,0,-2.1837118,0.09859022498130798,0.9971482753753662,0.9641134142875671
YMR092C,YOR003W,0,-2.186056,0.09858096390962601,0.9971482753753662,0.9642139077186584
YLR298C,YPL270W,0,-2.1865387,0.09857169538736343,0.9971482753753662,0.9643144607543945
YGR108W,YBR298C,0,-2.1919615,0.09856243431568146,0.9971482753753662,0.9644149541854858
YHR032W,YOR077W,0,-2.1925771,0.09855317324399948,0.9971482753753662,0.9645155072212219
YPR107C,YIL073C,0,-2.1930077,0.0985439196228981,0.9971482753753662,0.9646160006523132
YOR336W,YBR014C,0,-2.1953213,0.09853465855121613,0.9971482753753662,0.9647165536880493
YMR164C,YFL016C,0,-2.1971462,0.09852540493011475,0.9971482753753662,0.9648170471191406
YOR007C,YEL004W,0,-2.197675,0.09851615130901337,0.9971482753753662,0.9649176001548767
YJR099W,YFL003C,0,-2.1977975,0.09850690513849258,0.9971482753753662,0.965018093585968
YIR028W,YJL203W,0,-2.2012193,0.0984976515173912,0.9971482753753662,0.9651185870170593
YIL016W,YCL010C,0,-2.2016704,0.09848840534687042,0.9971482753753662,0.9652191400527954
YDR006C,YKL163W,0,-2.201812,0.09847915917634964,0.9971482753753662,0.9653196334838867
YHR124W,YKL127W,0,-2.20554,0.09846991300582886,0.9971482753753662,0.9654201865196228
YER073W,YIL067C,0,-2.2073479,0.09846067428588867,0.9971482753753662,0.9655206799507141
YML066C,YLR307W,0,-2.2091851,0.09845142811536789,0.9971482753753662,0.9656212329864502
YBL097W,YNL030W,0,-2.2114418,0.0984421893954277,0.9971482753753662,0.9657217264175415
YER124C,YBR044C,0,-2.2129226,0.09843295812606812,0.9971482753753662,0.9658222794532776
YGR121C,YAL014C,0,-2.214358,0.09842371940612793,0.9971482753753662,0.9659227728843689
YNL275W,YDR255C,0,-2.2161028,0.09841448813676834,0.9971482753753662,0.966023325920105
YBL084C,YIR022W,0,-2.2175694,0.09840525686740875,0.9971482753753662,0.9661238193511963
YPR104C,YDR394W,0,-2.2189624,0.09839602559804916,0.9971482753753662,0.9662243723869324
YBR073W,YHR019C,0,-2.2211869,0.09838679432868958,0.9971482753753662,0.9663248658180237
YNL284C,YKL222C,1,-2.2221758,0.09847135096788406,0.9980988502502441,0.9663248658180237
YFL009W,YER004W,0,-2.2254674,0.09846211224794388,0.9980988502502441,0.9664254188537598
YOR083W,YNL279W,0,-2.2274475,0.09845288097858429,0.9980988502502441,0.9665259122848511
YDR163W,YPL192C,0,-2.2284563,0.0984436497092247,0.9980988502502441,0.9666264653205872
YFL055W,YKL092C,0,-2.229088,0.09843442589044571,0.9980988502502441,0.9667269587516785
YDR058C,YNL090W,0,-2.2320607,0.09842519462108612,0.9980988502502441,0.9668275117874146
YKL046C,YFR044C,0,-2.2322423,0.09841597080230713,0.9980988502502441,0.9669280052185059
YMR011W,YHR016C,0,-2.2324436,0.09840674698352814,0.9980988502502441,0.9670285582542419
YBL084C,YGL012W,0,-2.2335694,0.09839752316474915,0.9980988502502441,0.9671290516853333
YKL213C,YKL184W,0,-2.2361863,0.09838830679655075,0.9980988502502441,0.9672296047210693
YDL010W,YER122C,0,-2.2370613,0.09837909042835236,0.9980988502502441,0.9673300981521606
YNL245C,YIL073C,0,-2.2374158,0.09836987406015396,0.9980988502502441,0.9674306511878967
YKL221W,YNL047C,0,-2.2381518,0.09836065769195557,0.9980988502502441,0.967531144618988
YLR081W,YBL097W,0,-2.2396615,0.09835144132375717,0.9980988502502441,0.9676316976547241
YDR191W,YGL130W,0,-2.2399805,0.09834223240613937,0.9980988502502441,0.9677321910858154
YJR125C,YJL160C,0,-2.2411335,0.09833302348852158,0.9980988502502441,0.9678327441215515
YER172C,YPR112C,0,-2.242659,0.09832381457090378,0.9980988502502441,0.9679332375526428
YHR072W,YIL067C,0,-2.2448165,0.09831460565328598,0.9980988502502441,0.9680337905883789
YML029W,YOL130W,0,-2.249215,0.09830540418624878,0.9980988502502441,0.9681342840194702
YIL040W,YBR098W,0,-2.251628,0.09829620271921158,0.9980988502502441,0.9682348370552063
YJL051W,YML121W,0,-2.251927,0.09828700125217438,0.9980988502502441,0.9683353304862976
YBR102C,YLR095C,0,-2.2546833,0.09827779978513718,0.9980988502502441,0.9684358835220337
YLR051C,YNL035C,0,-2.256473,0.09826859831809998,0.9980988502502441,0.968536376953125
YNL323W,YJR019C,0,-2.2577198,0.09825940430164337,0.9980988502502441,0.9686369299888611
YDR191W,YDR119W,0,-2.2581408,0.09825021028518677,0.9980988502502441,0.9687374234199524
YDR073W,YIR008C,0,-2.2608292,0.09824101626873016,0.9980988502502441,0.9688379764556885
YGL001C,YDR058C,0,-2.26105,0.09823182970285416,0.9980988502502441,0.9689384698867798
YNL021W,YKL221W,0,-2.265704,0.09822263568639755,0.9980988502502441,0.9690390229225159
YHR007C,YKL113C,0,-2.2660205,0.09821344912052155,0.9980988502502441,0.9691395163536072
YGL086W,YPL005W,0,-2.2705905,0.09820426255464554,0.9980988502502441,0.9692400693893433
YPL164C,YOR367W,0,-2.2722585,0.09819508343935013,0.9980988502502441,0.9693405628204346
YCL045C,YMR271C,0,-2.2729797,0.09818589687347412,0.9980988502502441,0.9694411158561707
YDL132W,YPL128C,0,-2.2763228,0.09817671775817871,0.9980988502502441,0.969541609287262
YJL014W,YER166W,0,-2.2776573,0.0981675386428833,0.9980988502502441,0.969642162322998
YLR095C,YNL220W,0,-2.2793262,0.09815835952758789,0.9980988502502441,0.9697426557540894
YML078W,YMR189W,0,-2.2872071,0.09814918786287308,0.9980988502502441,0.9698432087898254
YMR060C,YOR360C,0,-2.2880857,0.09814001619815826,0.9980988502502441,0.9699437022209167
YDR446W,YLR310C,0,-2.2884996,0.09813084453344345,0.9980988502502441,0.9700442552566528
YBL005W-A,YMR216C,0,-2.2951128,0.09812167286872864,0.9980988502502441,0.9701447486877441
YDR314C,YHR196W,0,-2.29623,0.09811250120401382,0.9980988502502441,0.9702453017234802
YBR098W,YDR316W,0,-2.2967708,0.09810333698987961,0.9980988502502441,0.9703457951545715
YOR371C,YKL208W,0,-2.3049533,0.09809417277574539,0.9980988502502441,0.9704463481903076
YNL090W,YGR247W,0,-2.3116493,0.09808500856161118,0.9980988502502441,0.9705468416213989
YLR307W,YFL053W,0,-2.3183696,0.09807584434747696,0.9980988502502441,0.970647394657135
YPL241C,YMR268C,0,-2.3306,0.09806668758392334,0.9980988502502441,0.9707478880882263
YGL029W,YLL028W,0,-2.3321025,0.09805752336978912,0.9980988502502441,0.9708484411239624
YEL060C,YKR001C,0,-2.3350399,0.0980483740568161,0.9980988502502441,0.9709489345550537
YNL254C,YGR092W,0,-2.338437,0.09803921729326248,0.9980988502502441,0.971049427986145
YLR332W,YJL051W,0,-2.3401654,0.09803006052970886,0.9980988502502441,0.9711499810218811
YJL123C,YFR044C,1,-2.3473449,0.0981142669916153,0.9990494251251221,0.9711499810218811
YDR221W,YNL327W,0,-2.3474257,0.09810510277748108,0.9990494251251221,0.9712504744529724
YPL227C,YPL187W,0,-2.3476038,0.09809594601392746,0.9990494251251221,0.9713510274887085
YBR088C,YNL058C,0,-2.3477154,0.09808679670095444,0.9990494251251221,0.9714515209197998
YKL096W,YBR083W,0,-2.3493922,0.09807763993740082,0.9990494251251221,0.9715520739555359
YLL036C,YER018C,0,-2.3517315,0.0980684906244278,0.9990494251251221,0.9716525673866272
YOR144C,YBL066C,0,-2.353258,0.09805934131145477,0.9990494251251221,0.9717531204223633
YDR349C,YGL044C,0,-2.357566,0.09805019199848175,0.9990494251251221,0.9718536138534546
YMR283C,YHR019C,0,-2.362771,0.09804104268550873,0.9990494251251221,0.9719541668891907
YPL008W,YGL153W,0,-2.3650494,0.0980319008231163,0.9990494251251221,0.972054660320282
YOR083W,YLR399C,0,-2.3681862,0.09802275896072388,0.9990494251251221,0.9721552133560181
YDR051C,YOL021C,0,-2.3701463,0.09801361709833145,0.9990494251251221,0.9722557067871094
YGL055W,YBR288C,0,-2.3710077,0.09800447523593903,0.9990494251251221,0.9723562598228455
YBL040C,YDR255C,0,-2.3721862,0.0979953408241272,0.9990494251251221,0.9724567532539368
YLR210W,YGL044C,0,-2.3862169,0.09798619896173477,0.9990494251251221,0.9725573062896729
YMR288W,YCR073C,0,-2.3871381,0.09797706454992294,0.9990494251251221,0.9726577997207642
YNL327W,YGL175C,0,-2.3923604,0.09796793758869171,0.9990494251251221,0.9727583527565002
YDR051C,YNL148C,0,-2.4020188,0.09795880317687988,0.9990494251251221,0.9728588461875916
YDR446W,YBR161W,0,-2.4086416,0.09794967621564865,0.9990494251251221,0.9729593992233276
YGL125W,YNL116W,0,-2.4116056,0.09794054925441742,0.9990494251251221,0.973059892654419
YGR227W,YGR068C,0,-2.4143298,0.09793142229318619,0.9990494251251221,0.973160445690155
YER042W,YMR216C,0,-2.4170964,0.09792229533195496,0.9990494251251221,0.9732609391212463
YHR007C,YKR042W,0,-2.4177425,0.09791317582130432,0.9990494251251221,0.9733614921569824
YDR104C,YOR214C,0,-2.4180636,0.09790404886007309,0.9990494251251221,0.9734619855880737
YMR021C,YML019W,0,-2.4181554,0.09789492934942245,0.9990494251251221,0.9735625386238098
YPL005W,YBL019W,0,-2.419109,0.09788581728935242,0.9990494251251221,0.9736630320549011
YJR086W,YDL214C,0,-2.42088,0.09787669777870178,0.9990494251251221,0.9737635850906372
YML078W,YIL105C,0,-2.4222512,0.09786758571863174,0.9990494251251221,0.9738640785217285
YGR068C,YAR014C,0,-2.4233408,0.0978584736585617,0.9990494251251221,0.9739646315574646
YGR285C,YJL123C,1,-2.4234018,0.09794246405363083,1.0,0.9739646315574646
YBR073W,YGR096W,0,-2.4247303,0.0979333445429802,1.0,0.9740651249885559
YBR103W,YMR162C,0,-2.4255335,0.09792423248291016,1.0,0.974165678024292
YKL025C,YOR339C,0,-2.4277506,0.09791511297225952,1.0,0.9742661714553833
YLR398C,YJR019C,0,-2.4305873,0.09790600091218948,1.0,0.9743667244911194
YOR141C,YDL156W,0,-2.4312294,0.09789688885211945,1.0,0.9744672179222107
YLR084C,YDL161W,0,-2.4338577,0.09788778424263,1.0,0.9745677709579468
YCR017C,YDR363W,0,-2.4348118,0.09787867218255997,1.0,0.9746682643890381
YNL323W,YDL214C,0,-2.435187,0.09786956757307053,1.0,0.9747688174247742
YDR311W,YBR199W,0,-2.4369366,0.09786046296358109,1.0,0.9748693108558655
YJR099W,YJL014W,0,-2.4447513,0.09785136580467224,1.0,0.9749698638916016
YLR034C,YIL122W,0,-2.450753,0.0978422611951828,1.0,0.9750703573226929
YOL146W,YER124C,0,-2.4557734,0.09783316403627396,1.0,0.975170910358429
YLR051C,YIL063C,0,-2.4593523,0.09782406687736511,1.0,0.9752714037895203
YJL028W,YDR051C,0,-2.4632664,0.09781496971845627,1.0,0.9753719568252563
YDL214C,YHR042W,0,-2.4677284,0.09780587255954742,1.0,0.9754724502563477
YDR488C,YPL270W,0,-2.468156,0.09779678285121918,1.0,0.9755730032920837
YDR216W,YPL241C,0,-2.4688525,0.09778769314289093,1.0,0.975673496723175
YER039C,YOR321W,0,-2.4693327,0.09777860343456268,1.0,0.9757740497589111
YPR009W,YOR030W,0,-2.4711695,0.09776951372623444,1.0,0.9758745431900024
YNL139C,YOR307C,0,-2.4725797,0.09776043146848679,1.0,0.9759750962257385
YHR072W,YLR089C,0,-2.4726346,0.09775134921073914,1.0,0.9760755896568298
YNL088W,YHR050W,0,-2.4902024,0.09774226695299149,1.0,0.9761761426925659
YJL028W,YGL012W,0,-2.4992373,0.09773318469524384,1.0,0.9762766361236572
YDR346C,YER018C,0,-2.5064979,0.09772410243749619,1.0,0.9763771891593933
YGR227W,YMR199W,0,-2.5087898,0.09771502763032913,1.0,0.9764776825904846
YCL026C-A,YGL145W,0,-2.5119486,0.09770595282316208,1.0,0.9765782356262207
YKL086W,YDR016C,0,-2.516265,0.09769687801599503,1.0,0.976678729057312
YNL257C,YIL129C,0,-2.518901,0.09768781065940857,1.0,0.9767792224884033
YLR138W,YHR166C,0,-2.5189788,0.09767873585224152,1.0,0.9768797755241394
YPR023C,YBL009W,0,-2.5190573,0.09766966849565506,1.0,0.9769802689552307
YBL040C,YKR080W,0,-2.521692,0.0976606011390686,1.0,0.9770808219909668
YPR145W,YLR117C,0,-2.5232387,0.09765153378248215,1.0,0.9771813154220581
YAL014C,YDR123C,0,-2.5258849,0.09764247387647629,1.0,0.9772818684577942
YJL047C,YJL160C,0,-2.5280192,0.09763341397047043,1.0,0.9773823618888855
YBL097W,YLR362W,0,-2.5295498,0.09762435406446457,1.0,0.9774829149246216
YLR336C,YOL058W,0,-2.5299842,0.09761529415845871,1.0,0.9775834083557129
YKL146W,YKL055C,0,-2.5415611,0.09760623425245285,1.0,0.977683961391449
YKR010C,YPL187W,0,-2.5420744,0.09759718179702759,1.0,0.9777844548225403
YER018C,YLL042C,0,-2.5431669,0.09758812934160233,1.0,0.9778850078582764
YJR056C,YPL242C,0,-2.550651,0.09757907688617706,1.0,0.9779855012893677
YMR305C,YMR083W,0,-2.5506938,0.0975700244307518,1.0,0.9780860543251038
YGL054C,YJR019C,0,-2.5522337,0.09756097197532654,1.0,0.9781865477561951
YFL031W,YER124C,0,-2.5548851,0.09755192697048187,1.0,0.9782871007919312
YBR004C,YDR354W,0,-2.557463,0.09754288196563721,1.0,0.9783875942230225
YPL275W,YLR308W,0,-2.5584962,0.09753383696079254,1.0,0.9784881472587585
YBR103W,YDR446W,0,-2.5610983,0.09752479940652847,1.0,0.9785886406898499
YLR226W,YDL044C,0,-2.562071,0.0975157618522644,1.0,0.9786891937255859
YER157W,YIL129C,0,-2.5637467,0.09750671684741974,1.0,0.9787896871566772
YDL058W,YIL122W,0,-2.566571,0.09749768674373627,1.0,0.9788902401924133
YNL090W,YNL116W,0,-2.5718868,0.0974886491894722,1.0,0.9789907336235046
YGL100W,YLL005C,0,-2.5766943,0.09747961163520813,1.0,0.9790912866592407
YPR103W,YLL010C,0,-2.5788162,0.09747058153152466,1.0,0.979191780090332
YLR308W,YJL020C,0,-2.5834076,0.09746155142784119,1.0,0.9792923331260681
YML066C,YKL167C,0,-2.5855386,0.09745252132415771,1.0,0.9793928265571594
YMR164C,YOR073W,0,-2.5855787,0.09744349867105484,1.0,0.9794933795928955
YOR255W,YOR360C,0,-2.5862105,0.09743447601795197,1.0,0.9795938730239868
YOL091W,YLR341W,0,-2.5890777,0.0974254459142685,1.0,0.9796944260597229
YLR132C,YKL046C,0,-2.5893748,0.09741643071174622,1.0,0.9797949194908142
YDR311W,YGL160W,0,-2.589979,0.09740740805864334,1.0,0.9798954725265503
YDR314C,YOR375C,0,-2.590433,0.09739838540554047,1.0,0.9799959659576416
YNL300W,YGR195W,0,-2.5940094,0.09738937020301819,1.0,0.9800965189933777
YKR010C,YGR065C,0,-2.594993,0.09738035500049591,1.0,0.980197012424469
YNL275W,YJR088C,0,-2.6023924,0.09737134724855423,1.0,0.9802975654602051
YDL156W,YER169W,0,-2.609217,0.09736233204603195,1.0,0.9803980588912964
YOL017W,YNL003C,0,-2.6130607,0.09735332429409027,1.0,0.9804986119270325
YKL209C,YML121W,0,-2.637153,0.09734431654214859,1.0,0.9805991053581238
YAL014C,YBR288C,0,-2.6441915,0.09733530879020691,1.0,0.9806996583938599
YFL055W,YMR154C,0,-2.6445425,0.09732630103826523,1.0,0.9808001518249512
YMR197C,YKR045C,0,-2.6469483,0.09731730073690414,1.0,0.9809007048606873
YBR234C,YGR256W,0,-2.6484601,0.09730830043554306,1.0,0.9810011982917786
YER019W,YKL073W,0,-2.6562316,0.09729930013418198,1.0,0.9811017513275146
YOL006C,YER183C,0,-2.6637037,0.09729029983282089,1.0,0.981202244758606
YLR274W,YFL050C,0,-2.6724885,0.09728129953145981,1.0,0.981302797794342
YDR020C,YDL010W,0,-2.6738312,0.09727230668067932,1.0,0.9814032912254333
YER069W,YGR240C,0,-2.6743665,0.09726331382989883,1.0,0.9815038442611694
YGR133W,YER122C,0,-2.6747124,0.09725432097911835,1.0,0.9816043376922607
YOR328W,YPL158C,0,-2.6799812,0.09724533557891846,1.0,0.9817048907279968
YML123C,YER075C,0,-2.6876957,0.09723634272813797,1.0,0.9818053841590881
YMR236W,YMR052W,0,-2.694805,0.09722735732793808,1.0,0.9819059371948242
YMR263W,YKL049C,0,-2.7025166,0.09721837192773819,1.0,0.9820064306259155
YDR155C,YCL011C,0,-2.710638,0.0972093865275383,1.0,0.9821069836616516
YFL009W,YER075C,0,-2.7124488,0.097200408577919,1.0,0.9822074770927429
YOR361C,YOR190W,0,-2.7148035,0.09719142317771912,1.0,0.982308030128479
YLR307W,YOR033C,0,-2.718329,0.09718244522809982,1.0,0.9824085235595703
YBL066C,YNL224C,0,-2.7196424,0.09717347472906113,1.0,0.9825090765953064
YJL111W,YGL166W,0,-2.7257497,0.09716449677944183,1.0,0.9826095700263977
YLR135W,YMR162C,0,-2.7322073,0.09715552628040314,1.0,0.982710063457489
YMR288W,YDL049C,0,-2.7327192,0.09714654833078384,1.0,0.9828106164932251
YDR113C,YML029W,0,-2.7405062,0.09713757783174515,1.0,0.9829111099243164
YIR007W,YDR541C,0,-2.7452595,0.09712861478328705,1.0,0.9830116629600525
YOL091W,YDL239C,0,-2.7485619,0.09711964428424835,1.0,0.9831121563911438
YMR170C,YPR009W,0,-2.7486744,0.09711068123579025,1.0,0.9832127094268799
YDR210W,YOR190W,0,-2.753661,0.09710171818733215,1.0,0.9833132028579712
YCR068W,YER042W,0,-2.756477,0.09709275513887405,1.0,0.9834137558937073
YKL035W,YDL214C,0,-2.7586844,0.09708379209041595,1.0,0.9835142493247986
YML114C,YAR066W,0,-2.7618346,0.09707483649253845,1.0,0.9836148023605347
YNR026C,YAR014C,0,-2.7628694,0.09706588089466095,1.0,0.983715295791626
YIL121W,YKL073W,0,-2.7665186,0.09705692529678345,1.0,0.9838158488273621
YBR083W,YPL128C,0,-2.7676752,0.09704796969890594,1.0,0.9839163422584534
YMR268C,YBL019W,0,-2.7712195,0.09703902155160904,1.0,0.9840168952941895
YLR148W,YNL312W,0,-2.7741487,0.09703006595373154,1.0,0.9841173887252808
YMR263W,YNL113W,0,-2.7745914,0.09702111780643463,1.0,0.9842179417610168
YLR298C,YOR328W,0,-2.7748413,0.09701216965913773,1.0,0.9843184351921082
YKL071W,YIR003W,0,-2.7808359,0.09700322896242142,1.0,0.9844189882278442
YLL032C,YPL192C,0,-2.7810037,0.09699428081512451,1.0,0.9845194816589355
YIL162W,YHR045W,0,-2.7820804,0.0969853401184082,1.0,0.9846200346946716
YIL073C,YNL097C,0,-2.7840726,0.0969763994216919,1.0,0.9847205281257629
YPL217C,YNL275W,0,-2.7849844,0.09696745872497559,1.0,0.984821081161499
YKL046C,YNL254C,0,-2.7851098,0.09695852547883987,1.0,0.9849215745925903
YOR371C,YDR480W,0,-2.785954,0.09694959223270416,1.0,0.9850221276283264
YML069W,YHR102W,0,-2.787444,0.09694065898656845,1.0,0.9851226210594177
YNL021W,YKL222C,0,-2.7947195,0.09693172574043274,1.0,0.9852231740951538
YDR027C,YNL299W,0,-2.8001373,0.09692279249429703,1.0,0.9853236675262451
YML110C,YEL077C,0,-2.801983,0.09691386669874191,1.0,0.9854242205619812
YER001W,YER166W,0,-2.8092792,0.0969049409031868,1.0,0.9855247139930725
YBR073W,YDR027C,0,-2.81667,0.09689601510763168,1.0,0.9856252670288086
YDL103C,YGL166W,0,-2.8183153,0.09688708931207657,1.0,0.9857257604598999
YPL256C,YIL082W-A,0,-2.8212554,0.09687816351652145,1.0,0.985826313495636
YNL299W,YKL073W,0,-2.8271005,0.09686924517154694,1.0,0.9859268069267273
YPL232W,YJR002W,0,-2.8299115,0.09686032682657242,1.0,0.9860273599624634
YGR278W,YLR210W,0,-2.837689,0.0968514084815979,1.0,0.9861278533935547
YPR183W,YMR104C,0,-2.8435142,0.09684249013662338,1.0,0.9862284064292908
YKL213C,YIL103W,0,-2.8462255,0.09683357924222946,1.0,0.9863288998603821
YDL155W,YER169W,0,-2.8515046,0.09682466834783554,1.0,0.9864294528961182
YIL049W,YML029W,0,-2.8591669,0.09681575745344162,1.0,0.9865299463272095
YGL001C,YMR164C,0,-2.859362,0.0968068465590477,1.0,0.9866304993629456
YPL164C,YKL127W,0,-2.861636,0.09679793566465378,1.0,0.9867309927940369
YMR135C,YKL025C,0,-2.8628032,0.09678903222084045,1.0,0.986831545829773
YBR217W,YOL128C,0,-2.8670557,0.09678012877702713,1.0,0.9869320392608643
YDR480W,YOR073W,0,-2.8777497,0.0967712253332138,1.0,0.9870325922966003
YHR072W,YPL181W,0,-2.883948,0.09676232188940048,1.0,0.9871330857276917
YNL256W,YOL044W,0,-2.8885667,0.09675342589616776,1.0,0.9872336387634277
YOL021C,YOL089C,0,-2.8919065,0.09674452990293503,1.0,0.987334132194519
YML114C,YOR339C,0,-2.8936317,0.0967356339097023,1.0,0.9874346852302551
YER065C,YNL116W,0,-2.8940842,0.09672673791646957,1.0,0.9875351786613464
YKL049C,YPL227C,0,-2.9023354,0.09671784192323685,1.0,0.9876357316970825
YPL232W,YER075C,0,-2.9159791,0.09670895338058472,1.0,0.9877362251281738
YPR079W,YHR084W,0,-2.9166372,0.09670006483793259,1.0,0.9878367781639099
YGR133W,YJR088C,0,-2.9176805,0.09669117629528046,1.0,0.9879372715950012
YNL072W,YGR092W,0,-2.9218805,0.09668228775262833,1.0,0.9880378246307373
YDR446W,YBR070C,0,-2.9245489,0.0966734066605568,1.0,0.9881383180618286
YFL053W,YKL092C,0,-2.9290435,0.09666452556848526,1.0,0.9882388710975647
YBL046W,YJL091C,0,-2.9415946,0.09665564447641373,1.0,0.988339364528656
YBR253W,YJL091C,0,-2.946624,0.0966467633843422,1.0,0.9884398579597473
YML126C,YDR123C,0,-2.950613,0.09663788229227066,1.0,0.9885404109954834
YOL128C,YKR080W,0,-2.9539647,0.09662900865077972,1.0,0.9886409044265747
YER026C,YLL032C,0,-2.9638836,0.09662013500928879,1.0,0.9887414574623108
YGR203W,YGR109C,0,-2.9659617,0.09661126136779785,1.0,0.9888419508934021
YKL113C,YNL125C,0,-2.9667046,0.09660238772630692,1.0,0.9889425039291382
YPL045W,YOR303W,0,-2.9672558,0.09659351408481598,1.0,0.9890429973602295
YBR133C,YGR249W,0,-2.9701164,0.09658464789390564,1.0,0.9891435503959656
YPR029C,YLR027C,0,-2.9716225,0.0965757817029953,1.0,0.9892440438270569
YIR022W,YER011W,0,-2.9779956,0.09656691551208496,1.0,0.989344596862793
YGL065C,YKL065C,0,-2.9808247,0.09655805677175522,1.0,0.9894450902938843
YPL032C,YOR256C,0,-2.9850943,0.09654919058084488,1.0,0.9895456433296204
YPL217C,YNL090W,0,-2.987315,0.09654033184051514,1.0,0.9896461367607117
YGR038W,YPL192C,0,-2.9890816,0.0965314731001854,1.0,0.9897466897964478
YBL016W,YBL004W,0,-2.99879,0.09652261435985565,1.0,0.9898471832275391
YOR094W,YGL055W,0,-3.0117342,0.0965137630701065,1.0,0.9899477362632751
YOR321W,YGL022W,0,-3.0153813,0.09650490432977676,1.0,0.9900482296943665
YPR058W,YDR186C,0,-3.0170248,0.09649605304002762,1.0,0.9901487827301025
YGR049W,YDR123C,0,-3.0195906,0.09648720175027847,1.0,0.9902492761611938
YGL038C,YDR156W,0,-3.0264745,0.09647835791110992,1.0,0.9903498291969299
YHR124W,YNL099C,0,-3.0394995,0.09646950662136078,1.0,0.9904503226280212
YGL125W,YDR264C,0,-3.0512068,0.09646066278219223,1.0,0.9905508756637573
YOR196C,YHL018W,0,-3.0594945,0.09645181894302368,1.0,0.9906513690948486
YJL091C,YGL038C,0,-3.0631278,0.09644297510385513,1.0,0.9907519221305847
YDR338C,YDL236W,0,-3.064922,0.09643413871526718,1.0,0.990852415561676
YMR104C,YJL115W,0,-3.0673778,0.09642529487609863,1.0,0.9909529685974121
YBR203W,YEL042W,0,-3.0868733,0.09641645848751068,1.0,0.9910534620285034
YDR446W,YBR171W,0,-3.0921211,0.09640762209892273,1.0,0.9911540150642395
YLR226W,YGL055W,0,-3.1087186,0.09639879316091537,1.0,0.9912545084953308
YDR432W,YDL222C,0,-3.1198487,0.09638995677232742,1.0,0.9913550615310669
YHR039C,YGL002W,0,-3.1408815,0.09638112783432007,1.0,0.9914555549621582
YDL194W,YLR178C,0,-3.141589,0.09637229889631271,1.0,0.9915561079978943
YKL221W,YPL228W,0,-3.1568105,0.09636346995830536,1.0,0.9916566014289856
YPL170W,YKR045C,0,-3.1592042,0.096354641020298,1.0,0.9917571544647217
YBR083W,YER075C,0,-3.1595786,0.09634581953287125,1.0,0.991857647895813
YGL207W,YKL209C,0,-3.1705737,0.09633699804544449,1.0,0.9919582009315491
YNR026C,YOR100C,0,-3.1766913,0.09632817655801773,1.0,0.9920586943626404
YML131W,YER075C,0,-3.17933,0.09631935507059097,1.0,0.9921592473983765
YDR446W,YDR020C,0,-3.18016,0.09631054103374481,1.0,0.9922597408294678
YKL101W,YER058W,0,-3.1957948,0.09630171954631805,1.0,0.9923602938652039
YCR048W,YOR030W,0,-3.2207315,0.0962929055094719,1.0,0.9924607872962952
YBL006C,YNL186W,0,-3.2337303,0.09628409147262573,1.0,0.9925613403320312
YKR092C,YHR123W,0,-3.2384555,0.09627528488636017,1.0,0.9926618337631226
YDR221W,YHR188C,0,-3.2433136,0.09626647084951401,1.0,0.9927623867988586
YOL146W,YHR032W,0,-3.2436838,0.09625766426324844,1.0,0.99286288022995
YAR003W,YPL005W,0,-3.2571914,0.09624885767698288,1.0,0.992963433265686
YMR011W,YDR258C,0,-3.2673297,0.09624005109071732,1.0,0.9930639266967773
YJL076W,YNL003C,0,-3.2698305,0.09623124450445175,1.0,0.9931644797325134
YDL132W,YDR020C,0,-3.2803628,0.09622244536876678,1.0,0.9932649731636047
YJL091C,YOR064C,0,-3.2853293,0.09621364623308182,1.0,0.9933655261993408
YDR446W,YGL257C,0,-3.287507,0.09620484709739685,1.0,0.9934660196304321
YCR027C,YNL093W,0,-3.2911017,0.09619604796171188,1.0,0.9935665726661682
YAR050W,YKL209C,0,-3.3012764,0.09618725627660751,1.0,0.9936670660972595
YML114C,YEL047C,0,-3.3032439,0.09617845714092255,1.0,0.9937676191329956
YOL088C,YHR062C,0,-3.3313272,0.09616966545581818,1.0,0.9938681125640869
YBR186W,YOL033W,0,-3.3321488,0.0961608812212944,1.0,0.993968665599823
YBR127C,YGR256W,0,-3.3386846,0.09615208953619003,1.0,0.9940691590309143
YJR043C,YOR214C,0,-3.3496644,0.09614329785108566,1.0,0.9941697120666504
YGL208W,YOR284W,0,-3.3566844,0.09613451361656189,1.0,0.9942702054977417
YLR240W,YIR034C,0,-3.3651953,0.09612572938203812,1.0,0.994370698928833
YER042W,YGL055W,0,-3.3733463,0.09611694514751434,1.0,0.9944712519645691
YGL145W,YNL326C,0,-3.3863037,0.09610816836357117,1.0,0.9945717453956604
YIR022W,YOR214C,0,-3.3920798,0.09609939157962799,1.0,0.9946722984313965
YPR079W,YER001W,0,-3.3990219,0.09609060734510422,1.0,0.9947727918624878
YBL006C,YEL055C,0,-3.400638,0.09608183056116104,1.0,0.9948733448982239
YNL053W,YFL008W,0,-3.4231565,0.09607306122779846,1.0,0.9949738383293152
YPL227C,YJR152W,0,-3.46026,0.09606428444385529,1.0,0.9950743913650513
YBR186W,YPL187W,0,-3.4739761,0.0960555151104927,1.0,0.9951748847961426
YDL052C,YJL159W,0,-3.4838486,0.09604674577713013,1.0,0.9952754378318787
YNL254C,YGL175C,0,-3.484841,0.09603797644376755,1.0,0.99537593126297
YCL011C,YDR123C,0,-3.4974372,0.09602920711040497,1.0,0.995476484298706
YPL088W,YBR171W,0,-3.512706,0.09602044522762299,1.0,0.9955769777297974
YIL099W,YDL194W,0,-3.515215,0.096011683344841,1.0,0.9956775307655334
YKL222C,YGR172C,0,-3.515755,0.09600292146205902,1.0,0.9957780241966248
YDL193W,YKR018C,0,-3.5208557,0.09599415957927704,1.0,0.9958785772323608
YIL016W,YNL279W,0,-3.526699,0.09598540514707565,1.0,0.9959790706634521
YER039C,YDR191W,0,-3.5371974,0.09597664326429367,1.0,0.9960796236991882
YLR307W,YNL225C,0,-3.5769243,0.09596788883209229,1.0,0.9961801171302795
YKL101W,YGL055W,0,-3.5801039,0.0959591343998909,1.0,0.9962806701660156
YNL169C,YER016W,0,-3.5845478,0.09595037996768951,1.0,0.9963811635971069
YDL194W,YCL040W,0,-3.6003025,0.09594163298606873,1.0,0.996481716632843
YLR034C,YDR480W,0,-3.6091254,0.09593288600444794,1.0,0.9965822100639343
YML093W,YGL055W,0,-3.6195872,0.09592413902282715,1.0,0.9966827630996704
YDL153C,YMR305C,0,-3.6234534,0.09591539204120636,1.0,0.9967832565307617
YNR069C,YPL030W,0,-3.6296625,0.09590664505958557,1.0,0.9968838095664978
YDR017C,YIL015W,0,-3.6921923,0.09589790552854538,1.0,0.9969843029975891
YOL091W,YBR098W,0,-3.7065032,0.09588916599750519,1.0,0.9970848560333252
YML110C,YHR134W,0,-3.714401,0.095880426466465,1.0,0.9971853494644165
YBL016W,YPL255W,0,-3.7242997,0.0958716869354248,1.0,0.9972859025001526
YPL124W,YML046W,0,-3.7445881,0.09586294740438461,1.0,0.9973863959312439
YHR115C,YBR083W,0,-3.7510765,0.09585421532392502,1.0,0.99748694896698
YJL116C,YGL224C,0,-3.7904952,0.09584548324346542,1.0,0.9975874423980713
YKR018C,YNL197C,0,-3.8018577,0.09583675116300583,1.0,0.9976879954338074
YNL316C,YLR155C,0,-3.8400295,0.09582801908254623,1.0,0.9977884888648987
YNL323W,YPL128C,0,-3.863106,0.09581929445266724,1.0,0.9978890419006348
YFL009W,YJR088C,0,-3.8635838,0.09581056237220764,1.0,0.9979895353317261
YDR123C,YER122C,0,-3.870992,0.09580183774232864,1.0,0.9980900883674622
YOR214C,YNL270C,0,-3.8750098,0.09579311311244965,1.0,0.9981905817985535
YLR226W,YFL031W,0,-3.9426115,0.09578439593315125,1.0,0.9982911348342896
YLR431C,YKL055C,0,-3.946501,0.09577567130327225,1.0,0.9983916282653809
YMR068W,YMR309C,0,-3.9990237,0.09576695412397385,1.0,0.9984921813011169
YMR164C,YHR001W,0,-4.0216885,0.09575823694467545,1.0,0.9985926747322083
YIL066C,YER157W,0,-4.0586185,0.09574951976537704,1.0,0.9986932277679443
YIL049W,YGL133W,0,-4.0614605,0.09574081003665924,1.0,0.9987937211990356
YLR297W,YIR008C,0,-4.083353,0.09573209285736084,1.0,0.9988942742347717
YCR089W,YOR073W,0,-4.0957766,0.09572338312864304,1.0,0.998994767665863
YCR068W,YGR091W,0,-4.115571,0.09571467339992523,1.0,0.9990953207015991
YNL245C,YLL023C,0,-4.198742,0.09570597112178802,1.0,0.9991958141326904
YBR302C,YKL211C,0,-4.2223206,0.09569726139307022,1.0,0.9992963671684265
YPR025C,YKL018W,0,-4.2892838,0.09568855911493301,1.0,0.9993968605995178
YGL055W,YOR171C,0,-4.3486443,0.0956798568367958,1.0,0.9994974136352539
YMR293C,YAR071W,0,-4.7326775,0.0956711545586586,1.0,0.9995979070663452
YJL116C,YNL220W,0,-4.7346516,0.09566245228052139,1.0,0.9996984601020813
YJL063C,YIR008C,0,-4.865061,0.09565375745296478,1.0,0.9997989535331726
YDR017C,YOL041C,0,-5.1764956,0.09564505517482758,1.0,0.9998995065689087
YER039C,YBR171W,0,-5.3455887,0.09563636034727097,1.0,1.0
