Gene A,Gene B,Label,Score,Precision,Recall,False Positive Rate
YDR083W,YHR209W,1,8.6510105,1.0,0.0009980039903894067,0.0
YDR165W,YNL092W,1,8.428246,1.0,0.0019960079807788134,0.0
YBR267W,YGR194C,0,8.119184,0.6666666865348816,0.0019960079807788134,0.00010002000635722652
YDR465C,YMR139W,0,8.028418,0.5,0.0019960079807788134,0.00020004001271445304
YBL078C,YNL151C,0,7.637183,0.4000000059604645,0.0019960079807788134,0.0003000600263476372
YBL039C,YIR017C,0,7.435225,0.3333333432674408,0.0019960079807788134,0.0004000800254289061
YBR267W,YJL164C,0,7.370756,0.2857142984867096,0.0019960079807788134,0.000500100024510175
YLR276C,YIL124W,0,7.3039126,0.25,0.0019960079807788134,0.0006001200526952744
YDR435C,YPL266W,1,7.2550173,0.3333333432674408,0.002994012087583542,0.0006001200526952744
YHR209W,YOL124C,1,6.8942432,0.4000000059604645,0.003992015961557627,0.0006001200526952744
YGR008C,YKL143W,0,6.8678617,0.3636363744735718,0.003992015961557627,0.0007001400226727128
YPL266W,YNL092W,1,6.8176384,0.4166666567325592,0.004990019835531712,0.0007001400226727128
YLR276C,YNL015W,0,6.734006,0.38461539149284363,0.004990019835531712,0.0008001600508578122
YDL051W,YML070W,0,6.5104218,0.3571428656578064,0.004990019835531712,0.0009001800208352506
YNR001C,YCR047C,0,6.4131126,0.3333333432674408,0.004990019835531712,0.00100020004902035
YLL001W,YDR101C,0,6.3616166,0.3125,0.004990019835531712,0.0011002200189977884
YJR073C,YDR083W,1,6.3547077,0.3529411852359772,0.005988024175167084,0.0011002200189977884
YDR435C,YDR465C,1,6.2866716,0.3888888955116272,0.006986028049141169,0.0011002200189977884
YJR073C,YDR120C,1,6.2360215,0.42105263471603394,0.007984031923115253,0.0011002200189977884
YOL124C,YER175C,1,6.1469927,0.44999998807907104,0.008982036262750626,0.0011002200189977884
YDR257C,YBR034C,1,6.129167,0.4761904776096344,0.009980039671063423,0.0011002200189977884
YDR435C,YDR120C,1,6.1117063,0.5,0.010978044010698795,0.0011002200189977884
YIR012W,YBL064C,0,6.0674043,0.47826087474823,0.010978044010698795,0.0012002401053905487
YDR465C,YOR386W,0,6.0442715,0.4583333432674408,0.010978044010698795,0.0013002600753679872
YAR003W,YBR034C,1,6.0199842,0.47999998927116394,0.011976048350334167,0.0013002600753679872
YLR370C,YLR014C,0,5.9327717,0.4615384638309479,0.011976048350334167,0.0014002800453454256
YIL136W,YNL151C,0,5.890602,0.4444444477558136,0.011976048350334167,0.001500300015322864
YHR209W,YNR046W,1,5.8792863,0.4642857015132904,0.012974051758646965,0.001500300015322864
YJR073C,YNL061W,1,5.850502,0.48275861144065857,0.013972056098282337,0.001500300015322864
YNL062C,YHR209W,1,5.8380766,0.5,0.014970059506595135,0.001500300015322864
YNL062C,YNL092W,1,5.8173285,0.5161290168762207,0.015968063846230507,0.001500300015322864
YDL051W,YOL092W,0,5.803055,0.5,0.015968063846230507,0.0016003201017156243
YDR435C,YOL125W,1,5.793607,0.5151515007019043,0.016966067254543304,0.0016003201017156243
YDR074W,YKL021C,0,5.7351675,0.5,0.016966067254543304,0.0017003400716930628
YMR217W,YJR059W,0,5.7194757,0.48571428656578064,0.016966067254543304,0.0018003600416705012
YOL096C,YDL201W,1,5.7178926,0.5,0.01796407252550125,0.0018003600416705012
YIR012W,YER126C,0,5.7140455,0.4864864945411682,0.01796407252550125,0.0019003801280632615
YDL166C,YLL001W,0,5.70903,0.4736842215061188,0.01796407252550125,0.0020004000980407
YPL273W,YJR073C,1,5.705586,0.4871794879436493,0.01896207593381405,0.0020004000980407
YGR088W,YNL061W,0,5.704153,0.4749999940395355,0.01896207593381405,0.0021004201844334602
YPL123C,YNL151C,0,5.699625,0.46341463923454285,0.01896207593381405,0.002200440037995577
YGR088W,YIR012W,0,5.6102686,0.4523809552192688,0.01896207593381405,0.002300460124388337
YGR088W,YDR299W,0,5.6020117,0.44186046719551086,0.01896207593381405,0.0024004802107810974
YDR074W,YCL059C,0,5.581442,0.4318181872367859,0.01896207593381405,0.002500500064343214
YHR161C,YBL039C,0,5.5735006,0.42222222685813904,0.01896207593381405,0.0026005201507359743
YML054C,YCR047C,0,5.515527,0.41304346919059753,0.01896207593381405,0.002700540004298091
YER148W,YHR161C,0,5.4975514,0.40425533056259155,0.01896207593381405,0.002800560090690851
YDR465C,YOL064C,0,5.4910326,0.3958333432674408,0.01896207593381405,0.0029005801770836115
YDR022C,YHR052W,0,5.4795427,0.3877550959587097,0.01896207593381405,0.003000600030645728
YDL060W,YNL015W,0,5.456609,0.3799999952316284,0.01896207593381405,0.0031006201170384884
YIL125W,YMR217W,0,5.4439983,0.37254902720451355,0.01896207593381405,0.0032006402034312487
YKL140W,YDR120C,0,5.438289,0.36538460850715637,0.01896207593381405,0.0033006600569933653
YPL273W,YDR165W,1,5.378887,0.37735849618911743,0.019960079342126846,0.0033006600569933653
YDR083W,YAR003W,1,5.35676,0.3888888955116272,0.020958084613084793,0.0033006600569933653
YIR036C,YCL059C,0,5.335354,0.38181817531585693,0.020958084613084793,0.0034006801433861256
YGL161C,YML043C,0,5.33432,0.375,0.020958084613084793,0.003500700229778886
YJL033W,YOL117W,0,5.3320675,0.3684210479259491,0.020958084613084793,0.0036007200833410025
YDR101C,YLR327C,0,5.323147,0.36206895112991333,0.020958084613084793,0.0037007401697337627
YDR032C,YKL021C,0,5.3016233,0.35593220591545105,0.020958084613084793,0.003800760256126523
YKR056W,YER175C,1,5.2658634,0.36666667461395264,0.02195608802139759,0.003800760256126523
YDR083W,YDR316W,1,5.2544327,0.37704917788505554,0.022954091429710388,0.003800760256126523
YKL100C,YJL125C,0,5.2527146,0.3709677457809448,0.022954091429710388,0.0039007801096886396
YHR171W,YJL125C,0,5.252208,0.3650793731212616,0.022954091429710388,0.0040008001960814
YDR165W,YMR321C,1,5.2516813,0.375,0.023952096700668335,0.0040008001960814
YFR015C,YJL148W,0,5.249409,0.3692307770252228,0.023952096700668335,0.0041008200496435165
YMR321C,YJL125C,1,5.2437906,0.3787878751754761,0.024950100108981133,0.0041008200496435165
YMR290C,YJR065C,0,5.2319593,0.3731343150138855,0.024950100108981133,0.0042008403688669205
YJR016C,YBR241C,0,5.1891212,0.36764705181121826,0.024950100108981133,0.004300860222429037
YDR410C,YDR465C,1,5.163947,0.37681159377098083,0.02594810351729393,0.004300860222429037
YGL120C,YIL124W,0,5.1629057,0.37142857909202576,0.02594810351729393,0.004400880075991154
YHR209W,YIL110W,1,5.159728,0.3802816867828369,0.026946106925606728,0.004400880075991154
YDL201W,YAR003W,1,5.135683,0.3888888955116272,0.027944112196564674,0.004400880075991154
YNL092W,YJL125C,1,5.105034,0.39726027846336365,0.028942115604877472,0.004400880075991154
YJR073C,YMR321C,1,5.087545,0.4054054021835327,0.02994011901319027,0.004400880075991154
YJR097W,YDR251W,0,5.087413,0.4000000059604645,0.02994011901319027,0.004500900395214558
YMR290C,YGR295C,0,5.0830646,0.3947368562221527,0.02994011901319027,0.004600920248776674
YGR158C,YPL123C,0,5.0626736,0.3896103799343109,0.02994011901319027,0.004700940102338791
YAL008W,YDR120C,0,5.048728,0.38461539149284363,0.02994011901319027,0.004800960421562195
YNL119W,YPL123C,0,5.0194073,0.37974682450294495,0.02994011901319027,0.0049009802751243114
YNL162W,YIL136W,0,4.992538,0.375,0.02994011901319027,0.005001000128686428
YDR435C,YBR030W,1,4.9147167,0.3827160596847534,0.030938124284148216,0.005001000128686428
YPL266W,YDR257C,1,4.909299,0.39024388790130615,0.031936127692461014,0.005001000128686428
YOL125W,YMR321C,1,4.893264,0.39759036898612976,0.03293413296341896,0.005001000128686428
YDR511W,YBR030W,0,4.889489,0.3928571343421936,0.03293413296341896,0.005101019982248545
YDR083W,YIL110W,1,4.881866,0.4000000059604645,0.03393213450908661,0.005101019982248545
YPL226W,YGR008C,0,4.876964,0.39534884691238403,0.03393213450908661,0.005201040301471949
YDL014W,YGR157W,1,4.8644123,0.40229883790016174,0.034930139780044556,0.005201040301471949
YBR271W,YER175C,1,4.8547955,0.40909090638160706,0.0359281450510025,0.005201040301471949
YDR032C,YHR064C,0,4.8540745,0.40449437499046326,0.0359281450510025,0.005301060155034065
YDR479C,YOL125W,0,4.850551,0.4000000059604645,0.0359281450510025,0.005401080008596182
YAR003W,YNR046W,1,4.844275,0.4065934121608734,0.03692614659667015,0.005401080008596182
YOL096C,YBR034C,1,4.8248115,0.41304346919059753,0.0379241518676281,0.005401080008596182
YHL024W,YKL181W,0,4.8119726,0.40860214829444885,0.0379241518676281,0.005501100327819586
YBL039C,YGR295C,0,4.778538,0.40425533056259155,0.0379241518676281,0.005601120181381702
YJL198W,YNL149C,0,4.7741656,0.4000000059604645,0.0379241518676281,0.005701140034943819
YJL048C,YOL080C,0,4.7688875,0.3958333432674408,0.0379241518676281,0.005801160354167223
YNL112W,YLL001W,0,4.767931,0.39175257086753845,0.0379241518676281,0.00590118020772934
YPL030W,YER175C,1,4.756693,0.3979591727256775,0.038922157138586044,0.00590118020772934
YIL111W,YER110C,0,4.754545,0.39393940567970276,0.038922157138586044,0.006001200061291456
YHR209W,YJL125C,1,4.737156,0.4000000059604645,0.03992015868425369,0.006001200061291456
YOL125W,YER175C,1,4.7364435,0.40594059228897095,0.04091816395521164,0.006001200061291456
YGR295C,YLR048W,0,4.7286177,0.4019607901573181,0.04091816395521164,0.00610122038051486
YPR098C,YGR162W,0,4.727417,0.3980582654476166,0.04091816395521164,0.006201240234076977
YNL112W,YNL149C,0,4.7245474,0.39423078298568726,0.04091816395521164,0.006301260087639093
YDR120C,YNR046W,1,4.7171116,0.4000000059604645,0.041916169226169586,0.006301260087639093
YOL071W,YGR162W,0,4.705513,0.3962264060974121,0.041916169226169586,0.006401280406862497
YDR479C,YKL156W,0,4.698378,0.3925233781337738,0.041916169226169586,0.006501300260424614
YGL161C,YLR221C,0,4.6933727,0.3888888955116272,0.041916169226169586,0.006601320113986731
YGR158C,YGL157W,0,4.679604,0.38532111048698425,0.041916169226169586,0.0067013404332101345
YDL166C,YNL151C,0,4.6752014,0.38181817531585693,0.041916169226169586,0.006801360286772251
YOL071W,YGR200C,0,4.674176,0.37837839126586914,0.041916169226169586,0.006901380140334368
YPL273W,YNL061W,1,4.652465,0.3839285671710968,0.042914170771837234,0.006901380140334368
YHR143W,YGL157W,0,4.651943,0.38053098320961,0.042914170771837234,0.007001400459557772
YDR083W,YNL061W,1,4.6308184,0.38596490025520325,0.04391217604279518,0.007001400459557772
YJL190C,YIL136W,0,4.6267753,0.38260868191719055,0.04391217604279518,0.007101420313119888
YKL143W,YBR035C,0,4.620945,0.37931033968925476,0.04391217604279518,0.007201440166682005
YIL064W,YDL014W,1,4.6192145,0.38461539149284363,0.04491018131375313,0.007201440166682005
YNR027W,YMR290C,0,4.6191597,0.3813559412956238,0.04491018131375313,0.007301460485905409
YLL062C,YOL124C,1,4.605664,0.38655462861061096,0.045908182859420776,0.007301460485905409
YMR139W,YNL227C,0,4.6043863,0.38333332538604736,0.045908182859420776,0.0074014803394675255
YNL218W,YDR120C,0,4.596738,0.3801652789115906,0.045908182859420776,0.007501500193029642
YMR321C,YDR316W,1,4.5956955,0.3852458894252777,0.04690618813037872,0.007501500193029642
YBR030W,YDR380W,0,4.5885334,0.38211381435394287,0.04690618813037872,0.007601520512253046
YGL229C,YJL148W,0,4.580209,0.3790322542190552,0.04690618813037872,0.007701540365815163
YLL062C,YDR120C,1,4.5707855,0.3840000033378601,0.04790419340133667,0.007701540365815163
YDL014W,YDR410C,1,4.566358,0.3888888955116272,0.04890219494700432,0.007701540365815163
YBR241C,YHR064C,0,4.563884,0.3858267664909363,0.04890219494700432,0.007801560219377279
YDR003W,YER110C,0,4.5575223,0.3828125,0.04890219494700432,0.007901580072939396
YML054C,YBR299W,0,4.548087,0.3798449635505676,0.04890219494700432,0.0080016003921628
YBL078C,YMR292W,0,4.5468626,0.3769230842590332,0.04890219494700432,0.008101620711386204
YER126C,YBL090W,0,4.537231,0.37404578924179077,0.04890219494700432,0.008201640099287033
YDR465C,YLR201C,0,4.5366077,0.3712121248245239,0.04890219494700432,0.008301660418510437
YLR221C,YIL113W,0,4.484591,0.3684210479259491,0.04890219494700432,0.008401680737733841
YOL077C,YPL186C,0,4.4807506,0.36567163467407227,0.04890219494700432,0.00850170012563467
YHR070W,YDL014W,1,4.4775724,0.37037035822868347,0.049900200217962265,0.00850170012563467
YOL065C,YCL059C,0,4.4729853,0.36764705181121826,0.049900200217962265,0.008601720444858074
YAR003W,YDL014W,1,4.466444,0.37226277589797974,0.05089820176362991,0.008601720444858074
YNL062C,YIL110W,1,4.466241,0.37681159377098083,0.05189620703458786,0.008601720444858074
YJR016C,YPR005C,0,4.4650416,0.3741007149219513,0.05189620703458786,0.008701740764081478
YNL062C,YAR003W,1,4.4628177,0.37857142090797424,0.05289421230554581,0.008701740764081478
YHR109W,YPL266W,1,4.451644,0.38297873735427856,0.053892213851213455,0.008701740764081478
YOL096C,YHR070W,1,4.445982,0.38732394576072693,0.0548902191221714,0.008701740764081478
YBL024W,YKL155C,1,4.4319515,0.3916083872318268,0.05588822439312935,0.008701740764081478
YDR435C,YLR015W,1,4.3995314,0.3958333432674408,0.056886225938797,0.008701740764081478
YHR070W,YNL092W,1,4.3930826,0.4000000059604645,0.057884231209754944,0.008701740764081478
YIL110W,YML110C,1,4.3894615,0.4041095972061157,0.05888223648071289,0.008701740764081478
YCL054W,YML110C,1,4.381671,0.40816327929496765,0.05988023802638054,0.008701740764081478
YGR223C,YKL143W,0,4.3721504,0.4054054021835327,0.05988023802638054,0.008801760151982307
YOL096C,YBL024W,1,4.366129,0.4093959629535675,0.060878243297338486,0.008801760151982307
YMR128W,YGL059W,0,4.3639183,0.40666666626930237,0.060878243297338486,0.008901780471205711
YIL110W,YER175C,1,4.3633575,0.41059601306915283,0.06187624856829643,0.008901780471205711
YKL195W,YGR200C,0,4.360977,0.40789473056793213,0.06187624856829643,0.009001800790429115
YCR047C,YPR047W,0,4.353255,0.40522876381874084,0.06187624856829643,0.009101820178329945
YIL034C,YDR299W,0,4.325845,0.4025973975658417,0.06187624856829643,0.009201840497553349
YNL061W,YIL110W,1,4.310654,0.40645161271095276,0.06287425011396408,0.009201840497553349
YDR083W,YIL064W,1,4.305315,0.41025641560554504,0.06387225538492203,0.009201840497553349
YER110C,YDL146W,0,4.301433,0.40764331817626953,0.06387225538492203,0.009301860816776752
YJR073C,YDL112W,1,4.2941484,0.4113923907279968,0.06487026065587997,0.009301860816776752
YGR159C,YJL221C,0,4.2927365,0.4088050425052643,0.06487026065587997,0.009401880204677582
YLR283W,YBR267W,0,4.2927,0.40625,0.06487026065587997,0.009501900523900986
YKR056W,YML014W,1,4.289076,0.40993788838386536,0.06586826592683792,0.009501900523900986
YPR048W,YPR098C,0,4.278331,0.40740740299224854,0.06586826592683792,0.00960192084312439
YPL226W,YLL035W,0,4.27612,0.4049079716205597,0.06586826592683792,0.009701940231025219
YDR435C,YDR198C,1,4.271116,0.4085365831851959,0.06686626374721527,0.009701940231025219
YCR053W,YDR101C,0,4.2691383,0.4060606062412262,0.06686626374721527,0.009801960550248623
YER061C,YDL051W,0,4.256648,0.40361446142196655,0.06686626374721527,0.009901979938149452
YBR175W,YOL019W,0,4.2536087,0.401197612285614,0.06686626374721527,0.010002000257372856
YPR005C,YLR276C,0,4.2396145,0.3988095223903656,0.06686626374721527,0.01010202057659626
YDR140W,YBR034C,1,4.2357693,0.40236687660217285,0.06786426901817322,0.01010202057659626
YBR061C,YKR069W,1,4.2344213,0.4058823585510254,0.06886227428913116,0.01010202057659626
YGR157W,YOL141W,1,4.2326374,0.4093567132949829,0.06986027956008911,0.01010202057659626
YPL273W,YCR047C,1,4.2277365,0.4127906858921051,0.07085828483104706,0.01010202057659626
YGL227W,YGR162W,0,4.220832,0.41040462255477905,0.07085828483104706,0.01020203996449709
YDR299W,YDR487C,0,4.2183228,0.4080459773540497,0.07085828483104706,0.010302060283720493
YBL078C,YPL101W,0,4.2088327,0.4057142734527588,0.07085828483104706,0.010402080602943897
YDL014W,YML014W,1,4.206025,0.40909090638160706,0.071856290102005,0.010402080602943897
YML070W,YGR162W,0,4.201087,0.4067796468734741,0.071856290102005,0.010502099990844727
YOR155C,YNL119W,0,4.195156,0.40449437499046326,0.071856290102005,0.01060212031006813
YAL008W,YHR081W,0,4.1949224,0.40223464369773865,0.071856290102005,0.010702140629291534
YDR316W,YDR465C,1,4.1907663,0.4055555462837219,0.07285428792238235,0.010702140629291534
YOL117W,YPR016C,0,4.172558,0.4033149182796478,0.07285428792238235,0.010802160017192364
YMR297W,YJR145C,0,4.1722627,0.40109890699386597,0.07285428792238235,0.010902180336415768
YHR070W,YKR056W,1,4.172003,0.40437158942222595,0.0738522931933403,0.010902180336415768
YBR035C,YAL025C,0,4.1712837,0.4021739065647125,0.0738522931933403,0.011002200655639172
YNL062C,YDR410C,1,4.1693835,0.4054054021835327,0.07485029846429825,0.011002200655639172
YBL078C,YPL068C,0,4.158745,0.4032258093357086,0.07485029846429825,0.011102220043540001
YBR267W,YPR098C,0,4.1566815,0.4010695219039917,0.07485029846429825,0.011202240362763405
YLR142W,YLR048W,0,4.148178,0.3989361822605133,0.07485029846429825,0.011302260681986809
YOL092W,YDR120C,0,4.1451025,0.3968254029750824,0.07485029846429825,0.011402280069887638
YJR073C,YBR034C,1,4.129177,0.4000000059604645,0.0758483037352562,0.011402280069887638
YPL266W,YDR316W,1,4.1288314,0.4031413495540619,0.07684630900621414,0.011402280069887638
YLR172C,YML110C,1,4.1241884,0.40625,0.07784431427717209,0.011402280069887638
YNL062C,YDR465C,1,4.1160316,0.409326434135437,0.07884231209754944,0.011402280069887638
YPR005C,YKL143W,0,4.1156244,0.40721648931503296,0.07884231209754944,0.011502300389111042
YLL062C,YNL061W,1,4.107481,0.41025641560554504,0.07984031736850739,0.011502300389111042
YBR082C,YPL226W,0,4.1074295,0.40816327929496765,0.07984031736850739,0.011602320708334446
YOL127W,YBR214W,0,4.1073737,0.4060913622379303,0.07984031736850739,0.011702340096235275
YER148W,YIR017C,0,4.106434,0.4040403962135315,0.07984031736850739,0.01180236041545868
YOL065C,YOL080C,0,4.10433,0.402010053396225,0.07984031736850739,0.011902380734682083
YJL052W,YDL082W,0,4.099942,0.4000000059604645,0.07984031736850739,0.012002400122582912
YDR165W,YML014W,1,4.0982656,0.4029850661754608,0.08083832263946533,0.012002400122582912
YBR092C,YGR286C,0,4.0956078,0.4009900987148285,0.08083832263946533,0.012102420441806316
YOL139C,YER045C,0,4.094571,0.39901477098464966,0.08083832263946533,0.01220244076102972
YKL155C,YBR034C,1,4.092545,0.4019607901573181,0.08183632791042328,0.01220244076102972
YER053C,YCR054C,0,4.0916824,0.4000000059604645,0.08183632791042328,0.01230246014893055
YDR120C,YGR157W,1,4.0858607,0.40291261672973633,0.08283433318138123,0.01230246014893055
YBR261C,YDR083W,1,4.074331,0.4057970941066742,0.08383233845233917,0.01230246014893055
YIL064W,YER091C,1,4.0743003,0.4086538553237915,0.08483033627271652,0.01230246014893055
YIL093C,YDR121W,0,4.0717754,0.4066985547542572,0.08483033627271652,0.012402480468153954
YGL213C,YNL061W,0,4.0559044,0.4047619104385376,0.08483033627271652,0.012502500787377357
YNL061W,YDR257C,1,4.053953,0.40758293867111206,0.08582834154367447,0.012502500787377357
YML042W,YNR001C,0,4.0517564,0.40566039085388184,0.08582834154367447,0.012602520175278187
YPL266W,YNR046W,1,4.049966,0.4084506928920746,0.08682634681463242,0.012602520175278187
YCR009C,YBR084W,0,4.0481806,0.4065420627593994,0.08682634681463242,0.01270254049450159
YDR107C,YLR186W,0,4.030126,0.4046511650085449,0.08682634681463242,0.012802560813724995
YGR026W,YDR101C,0,4.029264,0.4027777910232544,0.08682634681463242,0.012902580201625824
YGL229C,YNL151C,0,4.028831,0.40092167258262634,0.08682634681463242,0.013002600520849228
YDL201W,YDR316W,1,4.028628,0.40366971492767334,0.08782435208559036,0.013002600520849228
YPR005C,YPR102C,0,4.0283265,0.4018264710903168,0.08782435208559036,0.013102620840072632
YKR056W,YBR133C,1,4.0241446,0.40454545617103577,0.08882235735654831,0.013102620840072632
YNL308C,YNR045W,0,4.0142446,0.40271493792533875,0.08882235735654831,0.013202640227973461
YMR311C,YOL080C,0,4.0137596,0.4009009003639221,0.08882235735654831,0.013302660547196865
YNL061W,YBR175W,1,4.0101438,0.4035874307155609,0.08982036262750626,0.013302660547196865
YBR175W,YDR465C,1,3.985817,0.40625,0.0908183604478836,0.013302660547196865
YDR083W,YPL266W,1,3.985733,0.40888887643814087,0.09181636571884155,0.013302660547196865
YDR257C,YDR465C,1,3.9820843,0.4115044176578522,0.0928143709897995,0.013302660547196865
YLR214W,YDR279W,0,3.9753828,0.40969163179397583,0.0928143709897995,0.013402680866420269
YDR436W,YBR030W,0,3.9752617,0.40789473056793213,0.0928143709897995,0.013502700254321098
YIL064W,YDR410C,1,3.972661,0.4104803502559662,0.09381237626075745,0.013502700254321098
YDL166C,YOL117W,0,3.9712844,0.40869563817977905,0.09381237626075745,0.013602720573544502
YOL065C,YHR052W,0,3.971222,0.40692639350891113,0.09381237626075745,0.013702740892767906
YDR165W,YKL155C,1,3.9704294,0.4094827473163605,0.0948103815317154,0.013702740892767906
YBR030W,YOR374W,0,3.9644308,0.40772533416748047,0.0948103815317154,0.013802760280668736
YGL031C,YPL202C,0,3.9599905,0.4059829115867615,0.0948103815317154,0.01390278059989214
YGL050W,YOL124C,1,3.953102,0.40851062536239624,0.09580838680267334,0.01390278059989214
YFL029C,YCL061C,0,3.9505978,0.4067796468734741,0.09580838680267334,0.014002800919115543
YLR106C,YPL123C,0,3.9504943,0.40506330132484436,0.09580838680267334,0.014102820307016373
YDL112W,YNR046W,1,3.9457788,0.4075630307197571,0.09680638462305069,0.014102820307016373
YGR008C,YPL160W,0,3.942956,0.40585774183273315,0.09680638462305069,0.014202840626239777
YIL150C,YPL091W,0,3.9393368,0.40416666865348816,0.09680638462305069,0.01430286094546318
YCL054W,YBR034C,1,3.9387202,0.4066390097141266,0.09780438989400864,0.01430286094546318
YKL018W,YBR034C,1,3.9295707,0.40909090638160706,0.09880239516496658,0.01430286094546318
YMR297W,YPL154C,0,3.9187098,0.40740740299224854,0.09880239516496658,0.01440288033336401
YBR061C,YNR046W,1,3.915012,0.4098360538482666,0.09980040043592453,0.01440288033336401
YBR061C,YCL054W,1,3.9141593,0.41224488615989685,0.10079840570688248,0.01440288033336401
YMR321C,YML014W,1,3.9120207,0.4146341383457184,0.10179640352725983,0.01440288033336401
YDR376W,YNL119W,0,3.9066978,0.41295546293258667,0.10179640352725983,0.014502900652587414
YIR012W,YER091C,0,3.9019308,0.41129031777381897,0.10179640352725983,0.014602920971810818
YGL120C,YER110C,0,3.8996453,0.40963855385780334,0.10179640352725983,0.014702940359711647
YKL100C,YML060W,0,3.897987,0.40799999237060547,0.10179640352725983,0.014802960678935051
YGL227W,YOL125W,0,3.8973556,0.4063745141029358,0.10179640352725983,0.014902980998158455
YML094W,YOR228C,0,3.8944721,0.4047619104385376,0.10179640352725983,0.015003000386059284
YCL063W,YOL064C,0,3.893189,0.40316206216812134,0.10179640352725983,0.015103020705282688
YHL036W,YOL125W,0,3.892167,0.4015747904777527,0.10179640352725983,0.015203041024506092
YER126C,YAL062W,0,3.890933,0.4000000059604645,0.10179640352725983,0.015303060412406921
YNL092W,YIL064W,1,3.8880296,0.40234375,0.10279440879821777,0.015303060412406921
YDR435C,YDR440W,1,3.886292,0.40466925501823425,0.10379241406917572,0.015303060412406921
YDR440W,YNR046W,1,3.8826222,0.40697672963142395,0.10479041934013367,0.015303060412406921
YJL108C,YNL248C,0,3.8770516,0.4054054021835327,0.10479041934013367,0.015403080731630325
YDL130W,YPL159C,0,3.8638089,0.4038461446762085,0.10479041934013367,0.01550310105085373
YPL273W,YNR046W,1,3.852213,0.40613025426864624,0.10578842461109161,0.01550310105085373
YLR285W,YOR201C,1,3.8503394,0.40839695930480957,0.10678642988204956,0.01550310105085373
YJR073C,YKR056W,1,3.8488631,0.41064637899398804,0.10778442770242691,0.01550310105085373
YEL054C,YIL124W,0,3.8472853,0.40909090638160706,0.10778442770242691,0.015603120438754559
YBR175W,YNR001C,0,3.8454142,0.4075471758842468,0.10778442770242691,0.015703139826655388
YPL271W,YKL143W,0,3.8424697,0.4060150384902954,0.10778442770242691,0.015803160145878792
YGR124W,YJL025W,0,3.836107,0.40449437499046326,0.10778442770242691,0.015903180465102196
YIL109C,YDL051W,0,3.8360548,0.4029850661754608,0.10778442770242691,0.0160032007843256
YJL125C,YML110C,1,3.8296144,0.4052044749259949,0.10878243297338486,0.0160032007843256
YDR465C,YBR185C,0,3.8232737,0.4037036895751953,0.10878243297338486,0.016103221103549004
YBR133C,YOL124C,1,3.816874,0.40590405464172363,0.1097804382443428,0.016103221103549004
YGR157W,YJL125C,1,3.81233,0.40808823704719543,0.11077844351530075,0.016103221103549004
YNL062C,YJL125C,1,3.806555,0.41025641560554504,0.1117764487862587,0.016103221103549004
YGR157W,YNR046W,1,3.803924,0.4124087691307068,0.11277445405721664,0.016103221103549004
YGR001C,YBR034C,1,3.800672,0.4145454466342926,0.113772451877594,0.016103221103549004
YGR223C,YDL075W,0,3.798688,0.41304346919059753,0.113772451877594,0.016203241422772408
YMR088C,YDR531W,0,3.7847242,0.4115523397922516,0.113772451877594,0.016303259879350662
YNL061W,YOR201C,1,3.778458,0.41366907954216003,0.11477045714855194,0.016303259879350662
YML005W,YDR083W,1,3.7717125,0.41577062010765076,0.11576846241950989,0.016303259879350662
YGL136C,YBR034C,1,3.751036,0.4178571403026581,0.11676646769046783,0.016303259879350662
YER126C,YPL172C,0,3.7484107,0.41637009382247925,0.11676646769046783,0.016403280198574066
YLR276C,YBL037W,0,3.7466502,0.41489362716674805,0.11676646769046783,0.01650330051779747
YGR088W,YGL211W,0,3.7434063,0.41342756152153015,0.11676646769046783,0.016603320837020874
YOL125W,YER020W,0,3.7309806,0.4119718372821808,0.11676646769046783,0.016703341156244278
YBR061C,YLR285W,1,3.7307806,0.4140350818634033,0.11776447296142578,0.016703341156244278
YBR271W,YIL110W,1,3.727766,0.4160839021205902,0.11876247823238373,0.016703341156244278
YJL101C,YLL035W,0,3.724567,0.4146341383457184,0.11876247823238373,0.016803361475467682
YLL062C,YDL201W,1,3.720252,0.4166666567325592,0.11976047605276108,0.016803361475467682
YJL158C,YPR081C,0,3.7167554,0.41522490978240967,0.11976047605276108,0.016903379932045937
YKL155C,YIL110W,1,3.7082095,0.4172413647174835,0.12075848132371902,0.016903379932045937
YJL157C,YLR214W,0,3.7078638,0.4158075749874115,0.12075848132371902,0.01700340025126934
YGR157W,YBR034C,1,3.7056832,0.4178082048892975,0.12175648659467697,0.01700340025126934
YDL014W,YDL112W,1,3.7021904,0.4197952151298523,0.12275449186563492,0.01700340025126934
YCL054W,YDR257C,1,3.701387,0.4217686951160431,0.12375249713659286,0.01700340025126934
YLR074C,YML091C,0,3.701331,0.4203389883041382,0.12375249713659286,0.017103420570492744
YNL061W,YDL112W,1,3.7005935,0.42229729890823364,0.12475050240755081,0.017103420570492744
YBR061C,YML008C,1,3.6956096,0.42424243688583374,0.12574850022792816,0.017103420570492744
YLR285W,YDL014W,1,3.6955152,0.42617449164390564,0.1267465054988861,0.017103420570492744
YMR321C,YGR157W,1,3.695489,0.42809364199638367,0.12774451076984406,0.017103420570492744
YKR056W,YNR046W,1,3.6940737,0.4300000071525574,0.128742516040802,0.017103420570492744
YHL024W,YLR276C,0,3.6887307,0.4285714328289032,0.128742516040802,0.01720344088971615
YKL143W,YBR122C,0,3.6881242,0.4271523058414459,0.128742516040802,0.017303461208939552
YDR120C,YDR410C,1,3.6867383,0.42904290556907654,0.12974052131175995,0.017303461208939552
YDR440W,YCL054W,1,3.678262,0.4309210479259491,0.1307385265827179,0.017303461208939552
YBR092C,YJL136C,0,3.6758637,0.4295082092285156,0.1307385265827179,0.017403481528162956
YBL039C,YGL095C,0,3.6713295,0.42810457944869995,0.1307385265827179,0.01750349998474121
YDL166C,YEL058W,0,3.6610036,0.4267100989818573,0.1307385265827179,0.017603520303964615
YDL067C,YBR030W,0,3.6573973,0.4253246784210205,0.1307385265827179,0.01770354062318802
YDL051W,YNL061W,0,3.6537137,0.4239482283592224,0.1307385265827179,0.017803560942411423
YBL024W,YER175C,1,3.653356,0.42580646276474,0.13173653185367584,0.017803560942411423
YKR069W,YBR271W,1,3.6417103,0.4276527464389801,0.1327345371246338,0.017803560942411423
YLL062C,YDR083W,1,3.6359434,0.4294871687889099,0.13373252749443054,0.017803560942411423
YNR050C,YHR070W,0,3.629538,0.42811501026153564,0.13373252749443054,0.017903581261634827
YGR001C,YBR061C,1,3.6223574,0.42993631958961487,0.1347305327653885,0.017903581261634827
YMR228W,YDR083W,1,3.6223354,0.4317460358142853,0.13572853803634644,0.017903581261634827
YIR036C,YHR081W,0,3.6207147,0.4303797483444214,0.13572853803634644,0.01800360158085823
YPL019C,YDR228C,0,3.6205592,0.42902207374572754,0.13572853803634644,0.018103620037436485
YNL049C,YKL056C,0,3.6145132,0.42767295241355896,0.13572853803634644,0.01820364035665989
YMR290C,YGR086C,0,3.6132894,0.4263322949409485,0.13572853803634644,0.018303660675883293
YBR030W,YDR400W,0,3.6127315,0.42500001192092896,0.13572853803634644,0.018403680995106697
YPL157W,YMR321C,1,3.612112,0.4267912805080414,0.13672654330730438,0.018403680995106697
YNR046W,YDR410C,1,3.6106863,0.4285714328289032,0.13772454857826233,0.018403680995106697
YCR072C,YGR295C,0,3.6075287,0.4272445738315582,0.13772454857826233,0.0185037013143301
YLR396C,YGR123C,0,3.603672,0.42592594027519226,0.13772454857826233,0.018603721633553505
YDR435C,YDL112W,1,3.6028042,0.4276922941207886,0.13872255384922028,0.018603721633553505
YLL001W,YDL082W,0,3.6020324,0.42638036608695984,0.13872255384922028,0.01870374009013176
YDR120C,YIL110W,1,3.5986652,0.428134560585022,0.13972055912017822,0.01870374009013176
YBR061C,YDR410C,1,3.5974822,0.4298780560493469,0.14071856439113617,0.01870374009013176
YLR074C,YLR327C,0,3.59674,0.4285714328289032,0.14071856439113617,0.018803760409355164
YMR290C,YPR073C,0,3.595741,0.4272727370262146,0.14071856439113617,0.018903780728578568
YML014W,YDR316W,1,3.5938673,0.4290030300617218,0.14171656966209412,0.018903780728578568
YHR070W,YDR165W,1,3.5887918,0.4307228922843933,0.14271457493305206,0.018903780728578568
YDR424C,YPL019C,0,3.586863,0.42942944169044495,0.14271457493305206,0.01900380104780197
YDR083W,YOL124C,1,3.581253,0.43113771080970764,0.14371258020401,0.01900380104780197
YLL062C,YCL054W,1,3.578299,0.43283581733703613,0.14471058547496796,0.01900380104780197
YDR120C,YNL061W,1,3.5746882,0.4345238208770752,0.1457085758447647,0.01900380104780197
YMR297W,YPR102C,0,3.5709476,0.43323442339897156,0.1457085758447647,0.019103821367025375
YDL166C,YNR007C,0,3.5687823,0.43195265531539917,0.1457085758447647,0.01920384168624878
YOL071W,YOL140W,0,3.567403,0.43067845702171326,0.1457085758447647,0.019303860142827034
YDL201W,YOR201C,1,3.563736,0.4323529303073883,0.14670658111572266,0.019303860142827034
YKR094C,YJL164C,0,3.5564928,0.4310850501060486,0.14670658111572266,0.019403880462050438
YHR025W,YGR123C,0,3.5542786,0.429824560880661,0.14670658111572266,0.019503900781273842
YOR224C,YNL227C,0,3.553073,0.4285714328289032,0.14670658111572266,0.019603921100497246
YCR047C,YDL200C,1,3.5516868,0.43023255467414856,0.1477045863866806,0.019603921100497246
YPR098C,YLR304C,0,3.5474696,0.42898550629615784,0.1477045863866806,0.01970394141972065
YJR126C,YDR101C,0,3.5455132,0.42774567008018494,0.1477045863866806,0.019803959876298904
YOR265W,YKL021C,0,3.5412621,0.4265129566192627,0.1477045863866806,0.01990398019552231
YDL112W,YML110C,1,3.5408323,0.4281609058380127,0.14870259165763855,0.01990398019552231
YCL054W,YDR465C,1,3.5400224,0.4297994375228882,0.1497005969285965,0.01990398019552231
YDR440W,YDL014W,1,3.5382276,0.43142858147621155,0.15069860219955444,0.01990398019552231
YMR139W,YNL162W,0,3.52482,0.43019944429397583,0.15069860219955444,0.020004000514745712
YBL024W,YNR046W,1,3.5227752,0.4318181872367859,0.1516966074705124,0.020004000514745712
YER114C,YOL064C,0,3.5222874,0.43059489130973816,0.1516966074705124,0.020104020833969116
YDR299W,YHR017W,0,3.5212665,0.42937853932380676,0.1516966074705124,0.02020404115319252
YPL226W,YHR160C,0,3.518446,0.42816901206970215,0.1516966074705124,0.020304061472415924
YDR465C,YPL030W,1,3.5171478,0.42977526783943176,0.15269461274147034,0.020304061472415924
YDL056W,YMR208W,0,3.5143883,0.4285714328289032,0.15269461274147034,0.02040407992899418
YML054C,YDR121W,0,3.5134401,0.42737430334091187,0.15269461274147034,0.020504100248217583
YKR056W,YPL030W,1,3.5069177,0.4289693534374237,0.15369261801242828,0.020504100248217583
YOL125W,YDR120C,1,3.5060835,0.4305555522441864,0.15469062328338623,0.020504100248217583
YDR003W,YPR016C,0,3.505762,0.4293628931045532,0.15469062328338623,0.020604120567440987
YHR028C,YNL119W,0,3.5057144,0.42817679047584534,0.15469062328338623,0.02070414088666439
YEL054C,YOR043W,0,3.5047655,0.42699724435806274,0.15469062328338623,0.020804161205887794
YIR036C,YER131W,0,3.5032158,0.4258241653442383,0.15469062328338623,0.0209041815251112
YLR221C,YLR158C,0,3.501374,0.42465752363204956,0.15469062328338623,0.021004199981689453
YDL112W,YOL124C,1,3.5013676,0.4262295067310333,0.15568862855434418,0.021004199981689453
YJL168C,YDL014W,1,3.5005229,0.42779290676116943,0.15668663382530212,0.021004199981689453
YOR239W,YHR209W,1,3.4978852,0.42934781312942505,0.15768462419509888,0.021004199981689453
YBR048W,YHR140W,0,3.4946172,0.42818427085876465,0.15768462419509888,0.021104220300912857
YHR086W,YMR152W,0,3.492518,0.42702701687812805,0.15768462419509888,0.02120424062013626
YNR027W,YDR116C,0,3.4920068,0.42587602138519287,0.15768462419509888,0.021304260939359665
YMR316W,YKL156W,0,3.491577,0.42473119497299194,0.15768462419509888,0.02140428125858307
YIL125W,YGL123W,0,3.491006,0.4235925078392029,0.15768462419509888,0.021504301577806473
YBR236C,YMR321C,1,3.4860594,0.42513367533683777,0.15868262946605682,0.021504301577806473
YGR220C,YGR061C,0,3.4823835,0.42399999499320984,0.15868262946605682,0.021604320034384727
YMR128W,YGR223C,0,3.4743986,0.4228723347187042,0.15868262946605682,0.02170434035360813
YHR070W,YGR001C,1,3.472343,0.42440319061279297,0.15968063473701477,0.02170434035360813
YDL201W,YIL064W,1,3.4692798,0.42592594027519226,0.16067864000797272,0.02170434035360813
YBR271W,YNL062C,1,3.4681277,0.4274406433105469,0.16167664527893066,0.02170434035360813
YAL043C,YHR081W,0,3.462779,0.4263157844543457,0.16167664527893066,0.021804360672831535
YDR341C,YGR159C,0,3.4616952,0.4251968562602997,0.16167664527893066,0.02190438099205494
YJL080C,YGR076C,0,3.4577875,0.42408376932144165,0.16167664527893066,0.022004401311278343
YMR006C,YDR036C,0,3.4563942,0.4229764938354492,0.16167664527893066,0.022104421630501747
YDL204W,YLR014C,0,3.4517798,0.421875,0.16167664527893066,0.022204440087080002
YBR061C,YDR316W,1,3.4466872,0.4233766198158264,0.1626746505498886,0.022204440087080002
YDR083W,YNL063W,1,3.4461226,0.42487046122550964,0.16367265582084656,0.022204440087080002
YOR369C,YER045C,0,3.4424124,0.4237726032733917,0.16367265582084656,0.022304460406303406
YPL266W,YIL110W,1,3.439371,0.42525774240493774,0.1646706610918045,0.022304460406303406
YJR073C,YBR030W,1,3.4391325,0.4267352223396301,0.16566866636276245,0.022304460406303406
YMR128W,YDR032C,0,3.4385643,0.4256410300731659,0.16566866636276245,0.02240448072552681
YHR109W,YNL062C,1,3.4385283,0.4271099865436554,0.1666666716337204,0.02240448072552681
YHR070W,YDR408C,1,3.4379952,0.4285714328289032,0.16766467690467834,0.02240448072552681
YDL014W,YDR316W,1,3.4333487,0.43002545833587646,0.1686626672744751,0.02240448072552681
YHR143W,YPL206C,0,3.4326448,0.4289340078830719,0.1686626672744751,0.022504501044750214
YDL137W,YDL205C,0,3.43263,0.42784810066223145,0.1686626672744751,0.022604521363973618
YGL223C,YOL139C,0,3.432263,0.4267676770687103,0.1686626672744751,0.02270454168319702
YCR009C,YIR012W,0,3.429905,0.42569270730018616,0.1686626672744751,0.022804560139775276
YNL293W,YHR215W,0,3.4286191,0.4246231019496918,0.1686626672744751,0.02290458045899868
YPR005C,YOR182C,0,3.4268608,0.42355889081954956,0.1686626672744751,0.023004600778222084
YDR469W,YKR056W,1,3.4267159,0.42500001192092896,0.16966067254543304,0.023004600778222084
YOR386W,YCR054C,0,3.4263656,0.42394015192985535,0.16966067254543304,0.023104621097445488
YLR172C,YDR330W,0,3.4223664,0.42288556694984436,0.16966067254543304,0.023204641416668892
YPR118W,YOR120W,0,3.4203866,0.4218362271785736,0.16966067254543304,0.023304661735892296
YJL164C,YGL123W,0,3.4190888,0.4207920730113983,0.16966067254543304,0.02340468019247055
YDL204W,YIL101C,0,3.4111295,0.4197530746459961,0.16966067254543304,0.023504700511693954
YAL008W,YLL035W,0,3.408932,0.41871920228004456,0.16966067254543304,0.02360472083091736
YDR440W,YNL062C,1,3.4082294,0.4201474189758301,0.170658677816391,0.02360472083091736
YHR171W,YHR064C,0,3.4072418,0.41911765933036804,0.170658677816391,0.023704741150140762
YLL062C,YBR271W,1,3.4070225,0.42053788900375366,0.17165668308734894,0.023704741150140762
YCR072C,YCL027W,0,3.4027553,0.41951218247413635,0.17165668308734894,0.023804761469364166
YER027C,YOL125W,0,3.3998742,0.4184914827346802,0.17165668308734894,0.02390478178858757
YDL201W,YDL200C,1,3.3965344,0.4199029207229614,0.17265468835830688,0.02390478178858757
YEL059C-A,YJL190C,0,3.3920736,0.4188861846923828,0.17265468835830688,0.024004800245165825
YBR175W,YCR047C,1,3.3919706,0.4202898442745209,0.17365269362926483,0.024004800245165825
YHL044W,YNL151C,0,3.3871746,0.4192771017551422,0.17365269362926483,0.02410482056438923
YEL038W,YOL077C,0,3.3860269,0.41826921701431274,0.17365269362926483,0.024204840883612633
YGL120C,YDR101C,0,3.3834927,0.41726619005203247,0.17365269362926483,0.024304861202836037
YHR013C,YNL015W,0,3.3819978,0.41626793146133423,0.17365269362926483,0.02440488152205944
YDR388W,YDR120C,0,3.3805041,0.4152744710445404,0.17365269362926483,0.024504901841282845
YML043C,YIL155C,0,3.374113,0.41428571939468384,0.17365269362926483,0.0246049202978611
YBR061C,YPL266W,1,3.373114,0.41567695140838623,0.17465069890022278,0.0246049202978611
YKR094C,YJR065C,0,3.36288,0.4146919548511505,0.17465069890022278,0.024704940617084503
YNL092W,YMR321C,1,3.3615801,0.4160756468772888,0.17564870417118073,0.024704940617084503
YGL205W,YKL024C,0,3.3548784,0.4150943458080292,0.17564870417118073,0.024804960936307907
YHR081W,YPL154C,0,3.3523278,0.41411763429641724,0.17564870417118073,0.02490498125553131
YNL001W,YGR088W,0,3.349249,0.4131455421447754,0.17564870417118073,0.025005001574754715
YDR478W,YIL113W,0,3.3486047,0.4121779799461365,0.17564870417118073,0.02510502189397812
YPL220W,YAL044C,0,3.3460686,0.4112149477005005,0.17564870417118073,0.025205040350556374
YMR127C,YPL123C,0,3.3451076,0.41025641560554504,0.17564870417118073,0.025305060669779778
YOR288C,YKL021C,0,3.338574,0.40930232405662537,0.17564870417118073,0.02540508098900318
YDR299W,YLR356W,0,3.3373437,0.40835267305374146,0.17564870417118073,0.025505101308226585
YNL061W,YML110C,1,3.3332794,0.4097222089767456,0.17664670944213867,0.025505101308226585
YGR088W,YDL051W,0,3.331086,0.4087759852409363,0.17664670944213867,0.02560512162744999
YKR069W,YJR129C,1,3.3291152,0.41013824939727783,0.17764471471309662,0.02560512162744999
YPR098C,YKL056C,0,3.32624,0.4091953933238983,0.17764471471309662,0.025705141946673393
YOR143C,YKR058W,0,3.3223362,0.4082568883895874,0.17764471471309662,0.025805160403251648
YDR487C,YJL025W,0,3.321013,0.40732264518737793,0.17764471471309662,0.025905180722475052
YHR017W,YJL148W,0,3.317881,0.4063926935195923,0.17764471471309662,0.026005201041698456
YER091C,YNR046W,1,3.3143961,0.4077448844909668,0.17864271998405457,0.026005201041698456
YGL050W,YDL014W,1,3.3098269,0.40909090638160706,0.1796407252550125,0.026005201041698456
YJR129C,YDL200C,1,3.3095915,0.4104308485984802,0.18063871562480927,0.026005201041698456
YGL120C,YNL149C,0,3.3094797,0.4095022678375244,0.18063871562480927,0.02610522136092186
YPL019C,YIL111W,0,3.308458,0.40857788920402527,0.18063871562480927,0.026205241680145264
YLL062C,YJR129C,1,3.307644,0.4099099040031433,0.1816367208957672,0.026205241680145264
YDL110C,YMR312W,0,3.3047009,0.4089887738227844,0.1816367208957672,0.02630526013672352
YMR297W,YPL143W,0,3.3034818,0.40807175636291504,0.1816367208957672,0.026405280455946922
YER025W,YLR207W,0,3.3009868,0.40715882182121277,0.1816367208957672,0.026505300775170326
YCL059C,YPL038W,0,3.2959163,0.40625,0.1816367208957672,0.02660532109439373
YHR027C,YER126C,0,3.2952352,0.40534520149230957,0.1816367208957672,0.026705341413617134
YGL120C,YML125C,0,3.2878494,0.40444445610046387,0.1816367208957672,0.026805361732840538
YKL143W,YDR120C,0,3.2866898,0.4035476744174957,0.1816367208957672,0.026905380189418793
YHR021C,YDL130W,0,3.2815375,0.40265485644340515,0.1816367208957672,0.027005400508642197
YHR046C,YNR001C,0,3.2809849,0.40176600217819214,0.1816367208957672,0.0271054208278656
YPL273W,YDL112W,1,3.2802682,0.4030837118625641,0.18263472616672516,0.0271054208278656
YDR435C,YPL157W,1,3.2784593,0.40439561009407043,0.1836327314376831,0.0271054208278656
YDL204W,YDL130W,0,3.2779088,0.4035087823867798,0.1836327314376831,0.027205441147089005
YGR123C,YGL084C,0,3.273436,0.40262582898139954,0.1836327314376831,0.02730546146631241
YML054C,YPR098C,0,3.2651005,0.4017467200756073,0.1836327314376831,0.027405481785535812
YDR390C,YLR120C,0,3.2621155,0.4008714556694031,0.1836327314376831,0.027505500242114067
YLR285W,YDR316W,1,3.260834,0.4021739065647125,0.18463073670864105,0.027505500242114067
YBR296C,YGL185C,0,3.259009,0.4013015329837799,0.18463073670864105,0.02760552056133747
YBR033W,YNR001C,0,3.2554843,0.40043291449546814,0.18463073670864105,0.027705540880560875
YLR170C,YGL205W,0,3.2548323,0.39956802129745483,0.18463073670864105,0.02780556119978428
YGL050W,YNL061W,1,3.254466,0.40086206793785095,0.185628741979599,0.02780556119978428
YBR271W,YCL054W,1,3.2452607,0.40215054154396057,0.18662674725055695,0.02780556119978428
YIR037W,YIL111W,0,3.245007,0.4012875556945801,0.18662674725055695,0.027905581519007683
YDL129W,YGL059W,0,3.2431808,0.40042826533317566,0.18662674725055695,0.028005601838231087
YGR220C,YBR030W,0,3.2420747,0.3995726406574249,0.18662674725055695,0.02810562029480934
YPL266W,YDR408C,1,3.237687,0.40085288882255554,0.1876247525215149,0.02810562029480934
YHL036W,YMR312W,0,3.236835,0.4000000059604645,0.1876247525215149,0.028205640614032745
YLL062C,YOR201C,1,3.2364395,0.4012738764286041,0.18862275779247284,0.028205640614032745
YML113W,YOL117W,0,3.2337685,0.40042373538017273,0.18862275779247284,0.02830566093325615
YCR072C,YBR273C,0,3.232254,0.39957717061042786,0.18862275779247284,0.028405681252479553
YDR358W,YPL160W,0,3.2320633,0.3987341821193695,0.18862275779247284,0.028505701571702957
YNL062C,YKL155C,1,3.2314851,0.4000000059604645,0.1896207630634308,0.028505701571702957
YOL125W,YIL064W,1,3.2273889,0.40126049518585205,0.19061876833438873,0.028505701571702957
YGR123C,YOR269W,0,3.227234,0.40041929483413696,0.19061876833438873,0.02860572189092636
YPR005C,YLR448W,0,3.2271526,0.39958158135414124,0.19061876833438873,0.028705740347504616
YJR001W,YOL077C,0,3.2249753,0.39874738454818726,0.19061876833438873,0.02880576066672802
YNL062C,YLR285W,1,3.2223637,0.4000000059604645,0.19161677360534668,0.02880576066672802
YHR109W,YIL110W,1,3.2186027,0.40124741196632385,0.19261476397514343,0.02880576066672802
YNL062C,YGR157W,1,3.2128353,0.40248963236808777,0.19361276924610138,0.02880576066672802
YNL112W,YGR295C,0,3.21148,0.40165629982948303,0.19361276924610138,0.028905780985951424
YFR006W,YNL061W,0,3.2114015,0.40082645416259766,0.19361276924610138,0.029005801305174828
YDL130W,YNL115C,0,3.209835,0.4000000059604645,0.19361276924610138,0.02910582162439823
YBR166C,YPL068C,0,3.2070851,0.3991769552230835,0.19361276924610138,0.029205841943621635
YLL011W,YPR081C,0,3.2065926,0.3983573019504547,0.19361276924610138,0.02930586040019989
YMR006C,YIR017C,0,3.2057035,0.39754098653793335,0.19361276924610138,0.029405880719423294
YKL143W,YDR115W,0,3.2030575,0.3967280089855194,0.19361276924610138,0.029505901038646698
YGL136C,YOL124C,1,3.2009635,0.3979591727256775,0.19461077451705933,0.029505901038646698
YBR061C,YIL110W,1,3.1986947,0.39918532967567444,0.19560877978801727,0.029505901038646698
YPL019C,YLL011W,0,3.1983778,0.3983739912509918,0.19560877978801727,0.029605921357870102
YDR074W,YDR478W,0,3.197753,0.39756593108177185,0.19560877978801727,0.029705941677093506
YMR080C,YLR204W,0,3.195692,0.39676111936569214,0.19560877978801727,0.02980596199631691
YBL024W,YBR122C,0,3.1890268,0.3959595859050751,0.19560877978801727,0.029905980452895164
YMR163C,YPL172C,0,3.1875243,0.39516130089759827,0.19560877978801727,0.03000600077211857
YDR536W,YDR060W,0,3.1872811,0.39436620473861694,0.19560877978801727,0.030106021091341972
YOR315W,YML060W,0,3.1858363,0.3935742974281311,0.19560877978801727,0.030206041410565376
YJR158W,YJL136C,0,3.1856296,0.39278557896614075,0.19560877978801727,0.03030606172978878
YBR176W,YKL143W,0,3.1821196,0.3919999897480011,0.19560877978801727,0.030406082049012184
YBR061C,YJR129C,1,3.1799417,0.39321357011795044,0.19660678505897522,0.030406082049012184
YDR479C,YJL190C,0,3.1783385,0.39243027567863464,0.19660678505897522,0.03050610050559044
YHR172W,YLR010C,0,3.1781046,0.39165011048316956,0.19660678505897522,0.030606120824813843
YDR279W,YGR200C,0,3.1778698,0.3908730149269104,0.19660678505897522,0.030706141144037247
YKR058W,YBR084W,0,3.1774979,0.39009901881217957,0.19660678505897522,0.03080616146326065
YBR034C,YDR316W,1,3.1763415,0.3913043439388275,0.19760479032993317,0.03080616146326065
YML094W,YHL036W,0,3.1755419,0.39053255319595337,0.19760479032993317,0.030906181782484055
YNL112W,YIL026C,0,3.174846,0.3897637724876404,0.19760479032993317,0.03100620210170746
YER082C,YOL123W,0,3.173711,0.38899803161621094,0.19760479032993317,0.031106220558285713
YDL201W,YBR133C,1,3.170582,0.3901960849761963,0.1986027956008911,0.031106220558285713
YOL092W,YJL190C,0,3.1654432,0.38943248987197876,0.1986027956008911,0.031206240877509117
YKR094C,YDL200C,0,3.164308,0.388671875,0.1986027956008911,0.03130626305937767
YOL071W,YBL082C,0,3.1605206,0.38791424036026,0.1986027956008911,0.031406279653310776
YDR341C,YHR067W,0,3.157292,0.387159526348114,0.1986027956008911,0.03150629997253418
YOR265W,YAL025C,0,3.1561718,0.3864077627658844,0.1986027956008911,0.031606320291757584
YBL024W,YDR316W,1,3.151306,0.38759690523147583,0.19960080087184906,0.031606320291757584
YJL198W,YBR041W,0,3.1513026,0.38684719800949097,0.19960080087184906,0.03170634061098099
YNL112W,YBL037W,0,3.1512766,0.3861003816127777,0.19960080087184906,0.03180636093020439
YPL059W,YBL069W,0,3.1497083,0.38535645604133606,0.19960080087184906,0.031906381249427795
YLR172C,YBR175W,1,3.144328,0.38653847575187683,0.200598806142807,0.031906381249427795
YNR046W,YDR465C,1,3.139904,0.3877159357070923,0.20159681141376495,0.031906381249427795
YBR236C,YPL266W,1,3.1390471,0.3888888955116272,0.2025948166847229,0.031906381249427795
YHR070W,YKR069W,1,3.137168,0.39005735516548157,0.20359280705451965,0.031906381249427795
YFR015C,YMR127C,0,3.1336498,0.3893129825592041,0.20359280705451965,0.0320064015686512
YER056C-A,YDR368W,0,3.1325126,0.38857144117355347,0.20359280705451965,0.0321064218878746
YJR097W,YOR120W,0,3.1294913,0.3878327012062073,0.20359280705451965,0.03220644220709801
YJL168C,YNL062C,1,3.1279695,0.3889943063259125,0.2045908123254776,0.03220644220709801
YCR053W,YLL035W,0,3.1272786,0.38825756311416626,0.2045908123254776,0.03230646252632141
YGR223C,YGL147C,0,3.124874,0.3875236213207245,0.2045908123254776,0.032406482845544815
YGR154C,YGR162W,0,3.1231565,0.38679245114326477,0.2045908123254776,0.03250649943947792
YDL112W,YER175C,1,3.1229072,0.3879472613334656,0.20558881759643555,0.03250649943947792
YGR123C,YJR155W,0,3.1217716,0.38721805810928345,0.20558881759643555,0.032606519758701324
YML106W,YDR387C,0,3.1201801,0.3864915668964386,0.20558881759643555,0.03270654007792473
YLR448W,YGR154C,0,3.1190307,0.38576778769493103,0.20558881759643555,0.03280656039714813
YNL301C,YJL106W,0,3.118434,0.38504672050476074,0.20558881759643555,0.032906580716371536
YLR074C,YNR045W,0,3.1180499,0.38432836532592773,0.20558881759643555,0.03300660103559494
YIL101C,YER082C,0,3.1137786,0.38361266255378723,0.20558881759643555,0.033106621354818344
YFL004W,YJL106W,0,3.1103268,0.3828996419906616,0.20558881759643555,0.03320664167404175
YBL054W,YGR241C,0,3.1089287,0.38218924403190613,0.20558881759643555,0.03330666199326515
YOL092W,YNL310C,0,3.1013455,0.38148146867752075,0.20558881759643555,0.033406682312488556
YJR104C,YDL110C,0,3.099246,0.3807763457298279,0.20558881759643555,0.03350670263171196
YPR005C,YKR059W,0,3.0983517,0.38007381558418274,0.20558881759643555,0.033606722950935364
YKR058W,YGL031C,0,3.096261,0.37937384843826294,0.20558881759643555,0.03370673954486847
YPR049C,YBR291C,0,3.0945344,0.37867647409439087,0.20558881759643555,0.03380675986409187
YBL024W,YAR003W,1,3.0943084,0.3798165023326874,0.2065868228673935,0.03380675986409187
YHR089C,YPL202C,0,3.0942597,0.3791208863258362,0.2065868228673935,0.03390678018331528
YKR056W,YDR316W,1,3.0937834,0.38025593757629395,0.20758482813835144,0.03390678018331528
YDR479C,YBR241C,0,3.0923815,0.37956205010414124,0.20758482813835144,0.03400680050253868
YPR102C,YCR004C,0,3.0855067,0.3788706660270691,0.20758482813835144,0.034106820821762085
YKL218C,YER082C,0,3.0852718,0.3781818151473999,0.20758482813835144,0.03420684114098549
YBR296C,YNL212W,0,3.078607,0.3774954676628113,0.20758482813835144,0.03430686146020889
YIR017C,YOR369C,0,3.0742235,0.37681159377098083,0.20758482813835144,0.0344068817794323
YIL064W,YDR465C,1,3.0741606,0.37793850898742676,0.2085828334093094,0.0344068817794323
YBR267W,YBR012W-A,0,3.0702255,0.37725630402565,0.2085828334093094,0.0345069020986557
YDL201W,YGL136C,1,3.068382,0.37837839126586914,0.20958083868026733,0.0345069020986557
YBR271W,YDR120C,1,3.0681686,0.37949639558792114,0.21057884395122528,0.0345069020986557
YOR384W,YGR286C,0,3.0644052,0.37881508469581604,0.21057884395122528,0.034606922417879105
YHR206W,YLR100W,0,3.0632765,0.37813618779182434,0.21057884395122528,0.03470694273710251
YLR172C,YLR285W,1,3.0623736,0.37924864888191223,0.21157684922218323,0.03470694273710251
YBR092C,YKL028W,0,3.0621858,0.37857142090797424,0.21157684922218323,0.03480696305632591
YGL135W,YGL178W,0,3.0613198,0.37789660692214966,0.21157684922218323,0.03490697965025902
YCL055W,YPL030W,1,3.060706,0.3790035545825958,0.21257485449314117,0.03490697965025902
YLL011W,YLR121C,0,3.0558062,0.37833037972450256,0.21257485449314117,0.03500699996948242
YJR143C,YML070W,0,3.0550468,0.3776595890522003,0.21257485449314117,0.035107020288705826
YPL101W,YER020W,0,3.0543485,0.3769911527633667,0.21257485449314117,0.03520704060792923
YJR016C,YNL149C,0,3.047496,0.3763251006603241,0.21257485449314117,0.035307060927152634
YBL060W,YKL143W,0,3.0471523,0.37566137313842773,0.21257485449314117,0.03540708124637604
YMR217W,YEL050C,0,3.042931,0.375,0.21257485449314117,0.03550710156559944
YBR241C,YGR001C,0,3.042624,0.3743409514427185,0.21257485449314117,0.035607121884822845
YDL108W,YOL120C,0,3.0415678,0.37368419766426086,0.21257485449314117,0.03570714220404625
YCR004C,YDR032C,0,3.0387201,0.37302976846694946,0.21257485449314117,0.03580716252326965
YDR536W,YGR106C,0,3.0379646,0.3723776340484619,0.21257485449314117,0.03590718284249306
YDR329C,YGR061C,0,3.0338778,0.37172773480415344,0.21257485449314117,0.03600720316171646
YPL154C,YHR011W,0,3.0333986,0.3710801303386688,0.21257485449314117,0.03610721975564957
YOR131C,YGR200C,0,3.029852,0.37043479084968567,0.21257485449314117,0.03620724007487297
YHL024W,YHR010W,0,3.027724,0.3697916567325592,0.21257485449314117,0.036307260394096375
YJR025C,YLR032W,0,3.023713,0.3691507875919342,0.21257485449314117,0.03640728071331978
YOR224C,YJL102W,0,3.0196447,0.3685121238231659,0.21257485449314117,0.03650730103254318
YBR267W,YPL026C,0,3.0174227,0.3678756356239319,0.21257485449314117,0.036607321351766586
YOR265W,YNL112W,0,3.0171244,0.36724138259887695,0.21257485449314117,0.03670734167098999
YIL064W,YCL054W,1,3.0167127,0.3683304786682129,0.21357285976409912,0.03670734167098999
YDR165W,YDL112W,1,3.0135965,0.369415819644928,0.21457086503505707,0.03670734167098999
YDR044W,YGR001C,0,3.0086915,0.3687821626663208,0.21457086503505707,0.036807361990213394
YLR266C,YCL059C,0,3.0061655,0.3681506812572479,0.21457086503505707,0.0369073823094368
YML018C,YPL214C,0,3.0043266,0.36752137541770935,0.21457086503505707,0.0370074026286602
YOR124C,YDR418W,0,3.004135,0.3668941855430603,0.21457086503505707,0.037107422947883606
YLR214W,YPR081C,0,3.001464,0.36626917123794556,0.21457086503505707,0.03720744326710701
YBL024W,YKR009C,0,3.001164,0.36564627289772034,0.21457086503505707,0.037307459861040115
YDL201W,YKR069W,1,3.0009623,0.36672326922416687,0.21556885540485382,0.037307459861040115
YML018C,YPL206C,0,2.9996195,0.3661016821861267,0.21556885540485382,0.03740748018026352
YCL054W,YDL112W,1,2.9970806,0.36717426776885986,0.21656686067581177,0.03740748018026352
YMR139W,YDR231C,0,2.996118,0.36655405163764954,0.21656686067581177,0.03750750049948692
YOR278W,YLR237W,0,2.995644,0.36593592166900635,0.21656686067581177,0.03760752081871033
YLR214W,YER053C,0,2.9921298,0.3653198778629303,0.21656686067581177,0.03770754113793373
YDR120C,YOR074C,1,2.9865246,0.3663865625858307,0.21756486594676971,0.03770754113793373
YHL044W,YKL154W,0,2.9863305,0.3657718002796173,0.21756486594676971,0.037807561457157135
YGR123C,YPL026C,0,2.9842076,0.36515912413597107,0.21756486594676971,0.03790758177638054
YLR106C,YGR154C,0,2.981915,0.3645485043525696,0.21756486594676971,0.03800760209560394
YCL054W,YGL136C,1,2.971589,0.365609347820282,0.21856287121772766,0.03800760209560394
YLR285W,YOL124C,1,2.9708095,0.36666667461395264,0.2195608764886856,0.03800760209560394
YBL054W,YOR014W,0,2.9692512,0.36605656147003174,0.2195608764886856,0.03810762241482735
YBR236C,YOL125W,1,2.9677162,0.36710962653160095,0.22055888175964355,0.03810762241482735
YER070W,YNL325C,0,2.9636056,0.3665008246898651,0.22055888175964355,0.03820764273405075
YOL077C,YGL155W,0,2.9600866,0.36589404940605164,0.22055888175964355,0.038307663053274155
YBR261C,YDR120C,1,2.9591663,0.3669421374797821,0.2215568870306015,0.038307663053274155
YJL148W,YOR246C,0,2.9580936,0.3663366436958313,0.2215568870306015,0.03840768337249756
YGL147C,YHL016C,0,2.9539647,0.3657331168651581,0.2215568870306015,0.038507699966430664
YKL183W,YOR069W,0,2.9511395,0.36513158679008484,0.2215568870306015,0.03860772028565407
YDR165W,YGL192W,1,2.949196,0.36617404222488403,0.22255489230155945,0.03860772028565407
YHR070W,YKL155C,1,2.9490674,0.36721310019493103,0.2235528975725174,0.03860772028565407
YMR152W,YGR158C,0,2.9490612,0.36661210656166077,0.2235528975725174,0.03870774060487747
YBR245C,YLR121C,0,2.9475498,0.3660130798816681,0.2235528975725174,0.038807760924100876
YBR291C,YNL061W,0,2.9422677,0.3654159903526306,0.2235528975725174,0.03890778124332428
YER027C,YER126C,0,2.941164,0.36482083797454834,0.2235528975725174,0.039007801562547684
YDL201W,YML110C,1,2.940993,0.3658536672592163,0.22455090284347534,0.039007801562547684
YMR128W,YIR037W,0,2.9404054,0.36525973677635193,0.22455090284347534,0.03910782188177109
YBL024W,YOR201C,1,2.9381928,0.3662884831428528,0.2255489081144333,0.03910782188177109
YML125C,YBL055C,0,2.934924,0.3656958043575287,0.2255489081144333,0.03920784220099449
YGL039W,YGR162W,0,2.933648,0.365105003118515,0.2255489081144333,0.039307862520217896
YDL200C,YDR120C,1,2.9327574,0.3661290407180786,0.22654691338539124,0.039307862520217896
YBL069W,YOR374W,0,2.9310274,0.36553946137428284,0.22654691338539124,0.0394078828394413
YCL054W,YAR003W,1,2.9306922,0.3665594756603241,0.227544903755188,0.0394078828394413
YGL009C,YGR162W,0,2.929356,0.3659711182117462,0.227544903755188,0.0395079031586647
YML043C,YAL044C,0,2.9284205,0.36538460850715637,0.227544903755188,0.03960791975259781
YEL038W,YOL125W,0,2.9254498,0.36480000615119934,0.227544903755188,0.03970794007182121
YPL258C,YGR200C,0,2.925109,0.36421725153923035,0.227544903755188,0.03980796039104462
YDR435C,YBR061C,1,2.9237833,0.3652312457561493,0.22854290902614594,0.03980796039104462
YIL145C,YLR074C,0,2.922422,0.3646496832370758,0.22854290902614594,0.03990798071026802
YIL110W,YOL124C,1,2.9197898,0.36565977334976196,0.22954091429710388,0.03990798071026802
YER086W,YOR124C,0,2.9184504,0.3650793731212616,0.22954091429710388,0.040008001029491425
YBR176W,YBR034C,1,2.9183302,0.36608558893203735,0.23053891956806183,0.040008001029491425
YCL031C,YDR400W,0,2.9174857,0.3655063211917877,0.23053891956806183,0.04010802134871483
YKR056W,YKL155C,1,2.916339,0.36650869250297546,0.23153692483901978,0.04010802134871483
YHR027C,YMR312W,0,2.9161277,0.36593058705329895,0.23153692483901978,0.04020804166793823
YPL157W,YBR133C,1,2.9157329,0.36692914366722107,0.23253493010997772,0.04020804166793823
YBL024W,YLL062C,1,2.914946,0.3679245412349701,0.23353293538093567,0.04020804166793823
YDL137W,YNL227C,0,2.9133258,0.36734694242477417,0.23353293538093567,0.040308061987161636
YER027C,YOR306C,0,2.9102144,0.3667711615562439,0.23353293538093567,0.04040808230638504
YJL157C,YIL124W,0,2.910117,0.3661971688270569,0.23353293538093567,0.040508102625608444
YBR092C,YDR436W,0,2.908129,0.3656249940395355,0.23353293538093567,0.04060812294483185
YJL198W,YMR150C,0,2.9060633,0.3650546073913574,0.23353293538093567,0.04070814326405525
YDL060W,YNL151C,0,2.9050112,0.3644859790802002,0.23353293538093567,0.04080815985798836
YPL019C,YDL075W,0,2.9018395,0.36391913890838623,0.23353293538093567,0.04090818017721176
YMR297W,YOL127W,0,2.9014726,0.36335402727127075,0.23353293538093567,0.041008200496435165
YFL036W,YIR012W,0,2.9012265,0.36279070377349854,0.23353293538093567,0.04110822081565857
YKR069W,YOL141W,1,2.9011135,0.3637771010398865,0.23453094065189362,0.04110822081565857
YPL220W,YER020W,0,2.8984408,0.3632148504257202,0.23453094065189362,0.04120824113488197
YMR256C,YOL125W,0,2.8982072,0.36265432834625244,0.23453094065189362,0.04130826145410538
YBR034C,YDL200C,1,2.8970575,0.3636363744735718,0.23552894592285156,0.04130826145410538
YBR296C,YDR330W,0,2.897009,0.36307692527770996,0.23552894592285156,0.04140828177332878
YPL266W,YBR258C,1,2.8922784,0.3640553057193756,0.2365269511938095,0.04140828177332878
YDL043C,YOL149W,0,2.8912683,0.36349692940711975,0.2365269511938095,0.041508302092552185
YDR440W,YOR120W,0,2.8896227,0.3629402816295624,0.2365269511938095,0.04160832241177559
YOR047C,YDR503C,0,2.8891473,0.3623853325843811,0.2365269511938095,0.04170834273099899
YIR036C,YNL119W,0,2.88699,0.36183205246925354,0.2365269511938095,0.0418083630502224
YFR015C,YBR241C,0,2.8864613,0.36128050088882446,0.2365269511938095,0.0419083833694458
YBR296C,YOR288C,0,2.8841562,0.3607305884361267,0.2365269511938095,0.042008399963378906
YML043C,YIL125W,0,2.8827415,0.36018237471580505,0.2365269511938095,0.04210842028260231
YML054C,YLR356W,0,2.8816764,0.3596358001232147,0.2365269511938095,0.042208440601825714
YDL019C,YNR001C,0,2.8798797,0.3590908944606781,0.2365269511938095,0.04230846092104912
YDR074W,YKR094C,0,2.8794177,0.3585476577281952,0.2365269511938095,0.04240848124027252
YNR043W,YOL117W,0,2.8778281,0.3580060303211212,0.2365269511938095,0.042508501559495926
YGR076C,YLR430W,0,2.877119,0.35746607184410095,0.2365269511938095,0.04260852187871933
YKL218C,YIR012W,0,2.8751373,0.3569277226924896,0.2365269511938095,0.042708542197942734
YGL211W,YML070W,0,2.8742023,0.35639098286628723,0.2365269511938095,0.04280856251716614
YML008C,YNR046W,1,2.8710437,0.35735735297203064,0.23752495646476746,0.04280856251716614
YNR001C,YOR120W,0,2.8703506,0.35682159662246704,0.23752495646476746,0.04290858283638954
YJL198W,YJR010C-A,0,2.8700452,0.35628741979599,0.23752495646476746,0.043008603155612946
YNL092W,YDL112W,1,2.8685298,0.3572496175765991,0.2385229468345642,0.043008603155612946
YJL158C,YNL129W,0,2.8680158,0.35671642422676086,0.2385229468345642,0.04310862347483635
YDR299W,YER091C,0,2.867136,0.35618481040000916,0.2385229468345642,0.043208640068769455
YEL015W,YLR040C,0,2.8671093,0.355654776096344,0.2385229468345642,0.04330866038799286
YPL273W,YLR015W,1,2.8666418,0.3566121757030487,0.23952095210552216,0.04330866038799286
YML014W,YPL030W,1,2.8656654,0.357566773891449,0.2405189573764801,0.04330866038799286
YDR312W,YDR279W,0,2.8642142,0.3570370376110077,0.2405189573764801,0.04340868070721626
YFR015C,YLR172C,0,2.8641207,0.35650888085365295,0.2405189573764801,0.04350870102643967
YER114C,YDR003W,0,2.8641136,0.3559822738170624,0.2405189573764801,0.04360872134566307
YOL125W,YDR316W,1,2.8639588,0.3569321632385254,0.24151696264743805,0.04360872134566307
YBR133C,YDL014W,1,2.8615155,0.3578792214393616,0.242514967918396,0.04360872134566307
YML129C,YGR200C,0,2.8603566,0.35735294222831726,0.242514967918396,0.043708741664886475
YKR056W,YDR140W,1,2.8546605,0.35829663276672363,0.24351297318935394,0.043708741664886475
YHR143W,YKR058W,0,2.8530297,0.35777124762535095,0.24351297318935394,0.04380876198410988
YLL062C,YPL157W,1,2.8504047,0.3587115705013275,0.2445109784603119,0.04380876198410988
YNL061W,YMR184W,0,2.8502216,0.35818713903427124,0.2445109784603119,0.04390878230333328
YBL064C,YCR054C,0,2.8488011,0.35766422748565674,0.2445109784603119,0.044008802622556686
YGL050W,YHR209W,1,2.8468976,0.35860058665275574,0.24550898373126984,0.044008802622556686
YBL024W,YOL125W,1,2.8454068,0.35953420400619507,0.24650698900222778,0.044008802622556686
YDL014W,YBL013W,1,2.8432374,0.3604651093482971,0.24750499427318573,0.044008802622556686
YBR092C,YGR200C,0,2.8387442,0.3599419593811035,0.24750499427318573,0.04410882294178009
YGR063C,YOR326W,0,2.8380067,0.3594202995300293,0.24750499427318573,0.044208843261003494
YJL219W,YKL183W,0,2.8354712,0.35890015959739685,0.24750499427318573,0.0443088635802269
YML012W,YMR128W,0,2.833707,0.3583815097808838,0.24750499427318573,0.044408880174160004
YER140W,YML070W,0,2.8331687,0.3578643500804901,0.24750499427318573,0.04450890049338341
YAL008W,YOR246C,0,2.8322163,0.3573487102985382,0.24750499427318573,0.04460892081260681
YDR165W,YCL054W,1,2.8314903,0.35827338695526123,0.24850299954414368,0.04460892081260681
YLR414C,YGR156W,0,2.8306682,0.35775861144065857,0.24850299954414368,0.044708941131830215
YGR295C,YJL025W,0,2.830576,0.3572453260421753,0.24850299954414368,0.04480896145105362
YBR061C,YDR198C,1,2.829652,0.3581661880016327,0.24950100481510162,0.04480896145105362
YLR283W,YHR052W,0,2.8238392,0.35765379667282104,0.24950100481510162,0.04490898177027702
YJL033W,YLR414C,0,2.8224382,0.3571428656578064,0.24950100481510162,0.04500900208950043
YDL043C,YHL036W,0,2.8222878,0.35663339495658875,0.24950100481510162,0.04510902240872383
YML040W,YAL025C,0,2.8214078,0.3561253547668457,0.24950100481510162,0.045209042727947235
YGR286C,YDL110C,0,2.8205683,0.35561877489089966,0.24950100481510162,0.04530906304717064
YBR299W,YNR007C,0,2.8194427,0.3551136255264282,0.24950100481510162,0.04540908336639404
YER070W,YER184C,0,2.818128,0.3546099364757538,0.24950100481510162,0.04550909996032715
YDR120C,YPL266W,1,2.8180594,0.35552409291267395,0.25049901008605957,0.04550909996032715
YDR083W,YDL112W,1,2.81777,0.3564356565475464,0.2514970004558563,0.04550909996032715
YDR531W,YJL125C,0,2.8169107,0.35593220591545105,0.2514970004558563,0.04560912027955055
YOL096C,YOL093W,1,2.8166428,0.3568406105041504,0.25249502062797546,0.04560912027955055
YLL050C,YPL038W,0,2.8163602,0.3563380241394043,0.25249502062797546,0.045709140598773956
YDR424C,YGR162W,0,2.8163342,0.3558368384838104,0.25249502062797546,0.04580916091799736
YDR440W,YKR056W,1,2.8159564,0.3567415773868561,0.2534930109977722,0.04580916091799736
YKL183W,YDR115W,0,2.8131013,0.35624122619628906,0.2534930109977722,0.045909181237220764
YDL129W,YGL222C,0,2.8128037,0.35574230551719666,0.2534930109977722,0.04600920155644417
YOR239W,YMR321C,1,2.8119216,0.35664334893226624,0.25449103116989136,0.04600920155644417
YLL009C,YER147C,0,2.8096585,0.3561452627182007,0.25449103116989136,0.04610922187566757
YDR312W,YOR374W,0,2.8095942,0.35564854741096497,0.25449103116989136,0.046209242194890976
YKL100C,YBR092C,0,2.8090925,0.3551532030105591,0.25449103116989136,0.04630926251411438
YJL106W,YKL021C,0,2.8080502,0.3546592593193054,0.25449103116989136,0.046409282833337784
YPL214C,YGR200C,0,2.8067865,0.3541666567325592,0.25449103116989136,0.04650930315256119
YDR299W,YER082C,0,2.804494,0.3536754548549652,0.25449103116989136,0.04660932347178459
YOL096C,YPL157W,1,2.8040347,0.3545706272125244,0.2554890215396881,0.04660932347178459
YML027W,YDR265W,0,2.8028386,0.3540802299976349,0.2554890215396881,0.0467093400657177
YLR100W,YKL021C,0,2.799564,0.3535911738872528,0.2554890215396881,0.0468093603849411
YCL054W,YML014W,1,2.7989092,0.3544827699661255,0.25648701190948486,0.0468093603849411
YDR242W,YGL147C,0,2.7980227,0.3539944887161255,0.25648701190948486,0.046909380704164505
YDR074W,YMR139W,0,2.7979722,0.3535075783729553,0.25648701190948486,0.04700940102338791
YJR097W,YDR169C,0,2.794996,0.3530219793319702,0.25648701190948486,0.04710942134261131
YKL004W,YOR201C,0,2.793534,0.35253772139549255,0.25648701190948486,0.04720944166183472
YDR239C,YDR115W,0,2.7929487,0.35205480456352234,0.25648701190948486,0.04730946198105812
YDL014W,YLR015W,1,2.7917461,0.3529411852359772,0.257485032081604,0.04730946198105812
YMR004W,YOR246C,0,2.7894673,0.35245901346206665,0.257485032081604,0.047409482300281525
YDR536W,YGR200C,0,2.788699,0.3519781827926636,0.257485032081604,0.04750950261950493
YBR092C,YKL056C,0,2.7857656,0.35149863362312317,0.257485032081604,0.04760952293872833
YBR035C,YLR433C,0,2.785453,0.3510203957557678,0.257485032081604,0.047709543257951736
YDR074W,YOR150W,0,2.7835011,0.35054346919059753,0.257485032081604,0.04780956357717514
YDL143W,YGR200C,0,2.7819538,0.3500678539276123,0.257485032081604,0.047909580171108246
YDR120C,YDL033C,1,2.7814538,0.3509485125541687,0.25848302245140076,0.047909580171108246
YHR171W,YGR014W,0,2.7809525,0.3504736125469208,0.25848302245140076,0.04800960049033165
YGL120C,YOR131C,0,2.7799811,0.3499999940395355,0.25848302245140076,0.048109620809555054
YDR478W,YOL064C,0,2.7798693,0.34952765703201294,0.25848302245140076,0.04820964112877846
YML008C,YBR133C,1,2.7794356,0.3504043221473694,0.2594810426235199,0.04820964112877846
YGR159C,YJL189W,0,2.778006,0.3499327003955841,0.2594810426235199,0.04830966144800186
YHR089C,YOR036W,0,2.7771604,0.3494623601436615,0.2594810426235199,0.048409681767225266
YMR142C,YHL036W,0,2.776096,0.34899330139160156,0.2594810426235199,0.04850970208644867
YDR069C,YOR233W,0,2.7759113,0.3485254645347595,0.2594810426235199,0.04860972240567207
YMR098C,YLR221C,0,2.7747188,0.34805890917778015,0.2594810426235199,0.04870974272489548
YML113W,YLR100W,0,2.7722135,0.3475935757160187,0.2594810426235199,0.04880976304411888
YDL166C,YMR017W,0,2.7715054,0.3471294939517975,0.2594810426235199,0.048909783363342285
YJR143C,YPR073C,0,2.7701716,0.3466666638851166,0.2594810426235199,0.04900980368256569
YPR073C,YLL035W,0,2.7673287,0.34620505571365356,0.2594810426235199,0.049109820276498795
YDR126W,YDR003W,0,2.7670531,0.34574466943740845,0.2594810426235199,0.0492098405957222
YJL101C,YPR031W,0,2.7669315,0.3452855348587036,0.2594810426235199,0.0493098609149456
YDL201W,YBR034C,1,2.766921,0.3461538553237915,0.26047903299331665,0.0493098609149456
YNL001W,YIL124W,0,2.766667,0.3456953763961792,0.26047903299331665,0.049409881234169006
YDR083W,YDR408C,1,2.7659273,0.34656083583831787,0.2614770531654358,0.049409881234169006
YOR057W,YGR061C,0,2.7655766,0.3461030423641205,0.2614770531654358,0.04950990155339241
YAR015W,YCR047C,0,2.7641683,0.3456464409828186,0.2614770531654358,0.049609921872615814
YER091C,YBR283C,0,2.7633133,0.34519103169441223,0.2614770531654358,0.04970994219183922
YML009C,YOR246C,0,2.76153,0.34473684430122375,0.2614770531654358,0.04980996251106262
YMR088C,YJR016C,0,2.7597,0.3442838490009308,0.2614770531654358,0.049909982830286026
YER148W,YCL047C,0,2.7595181,0.34383201599121094,0.2614770531654358,0.05001000314950943
YKL143W,YML087C,0,2.7592006,0.3433813750743866,0.2614770531654358,0.050110023468732834
YNL112W,YDL060W,0,2.7589946,0.34293192625045776,0.2614770531654358,0.05021004378795624
YHL019C,YGL147C,0,2.7564607,0.34248366951942444,0.2614770531654358,0.05031006038188934
YDR120C,YDR465C,1,2.7552876,0.34334203600883484,0.26247504353523254,0.05031006038188934
YDR033W,YGR286C,0,2.7538204,0.34289440512657166,0.26247504353523254,0.05041008070111275
YDR297W,YPL154C,0,2.7529373,0.3424479067325592,0.26247504353523254,0.05051010102033615
YLR276C,YAL025C,0,2.7515817,0.34200260043144226,0.26247504353523254,0.050610121339559555
YCR081W,YAL003W,0,2.7477624,0.34155845642089844,0.26247504353523254,0.05071014165878296
YJR060W,YCL066W,0,2.7449572,0.34111544489860535,0.26247504353523254,0.05081016197800636
YER091C,YBR034C,1,2.7438064,0.34196892380714417,0.2634730637073517,0.05081016197800636
YBR061C,YDR465C,1,2.7433171,0.3428201675415039,0.26447105407714844,0.05081016197800636
YGR124W,YHR052W,0,2.7418666,0.34237727522850037,0.26447105407714844,0.05091018229722977
YOR037W,YLR304C,0,2.7418337,0.34193548560142517,0.26447105407714844,0.05101020261645317
YFR006W,YLR014C,0,2.7401664,0.3414948582649231,0.26447105407714844,0.051110222935676575
YMR042W,YBL090W,0,2.738843,0.34105533361434937,0.26447105407714844,0.05121024325489998
YER148W,YNR001C,0,2.7373538,0.34061697125434875,0.26447105407714844,0.05131026357412338
YNL293W,YML125C,0,2.7367153,0.3401797115802765,0.26447105407714844,0.051410283893346786
YCL063W,YER012W,0,2.7365665,0.33974358439445496,0.26447105407714844,0.05151030048727989
YBR082C,YOR063W,0,2.7362876,0.33930858969688416,0.26447105407714844,0.051610320806503296
YBR271W,YER091C,1,2.7352767,0.34015345573425293,0.2654690742492676,0.051610320806503296
YHL016C,YDR101C,0,2.7352054,0.3397190272808075,0.2654690742492676,0.0517103411257267
YER095W,YPR102C,0,2.734792,0.3392857015132904,0.2654690742492676,0.051810361444950104
YHR147C,YCR054C,0,2.7334318,0.33885350823402405,0.2654690742492676,0.05191038176417351
YML125C,YDL056W,0,2.7308285,0.33842238783836365,0.2654690742492676,0.05201040208339691
YGR001C,YDR120C,1,2.7299376,0.33926302194595337,0.26646706461906433,0.05201040208339691
YJL168C,YDR465C,1,2.729432,0.3401015102863312,0.2674650549888611,0.05201040208339691
YDL115C,YNL015W,0,2.729247,0.33967047929763794,0.2674650549888611,0.052110422402620316
YFL036W,YLR048W,0,2.729064,0.33924052119255066,0.2674650549888611,0.05221044272184372
YHR070W,YDR120C,1,2.7269726,0.34007585048675537,0.2684630751609802,0.05221044272184372
YPL177C,YNR001C,0,2.7242024,0.33964645862579346,0.2684630751609802,0.05231046304106712
YMR208W,YNL151C,0,2.7231884,0.3392181694507599,0.2684630751609802,0.05241048336029053
YKL004W,YDR088C,0,2.7196283,0.3387909233570099,0.2684630751609802,0.05251050367951393
YGR009C,YMR211W,0,2.7190025,0.33836477994918823,0.2684630751609802,0.05261052027344704
YJL033W,YJR097W,0,2.7170475,0.33793970942497253,0.2684630751609802,0.05271054059267044
YBL024W,YML009C,0,2.7169027,0.3375156819820404,0.2684630751609802,0.052810560911893845
YHR052W,YIR023W,0,2.7166443,0.33709272742271423,0.2684630751609802,0.05291058123111725
YGR159C,YHR129C,0,2.7148237,0.336670845746994,0.2684630751609802,0.05301060155034065
YMR152W,YHR010W,0,2.7134883,0.3362500071525574,0.2684630751609802,0.053110621869564056
YDL136W,YHR028C,0,2.713231,0.3358302116394043,0.2684630751609802,0.05321064218878746
YHR109W,YBR030W,1,2.7131908,0.3366583585739136,0.269461065530777,0.05321064218878746
YNL218W,YHR136C,0,2.7125633,0.3362390995025635,0.269461065530777,0.053310662508010864
YOL152W,YKL143W,0,2.7106946,0.33582088351249695,0.269461065530777,0.05341068282723427
YMR290C,YER044C,0,2.7105246,0.3354037404060364,0.269461065530777,0.05351070314645767
YOL100W,YBL039C,0,2.7048576,0.3349875807762146,0.269461065530777,0.053610723465681076
YIL172C,YNL162W,0,2.7024791,0.3345724940299988,0.269461065530777,0.05371074378490448
YLR370C,YHR086W,0,2.7010407,0.33415842056274414,0.269461065530777,0.053810760378837585
YDR140W,YMR321C,1,2.7009678,0.3349814713001251,0.2704590857028961,0.053810760378837585
YJL198W,YBR251W,0,2.7006829,0.3345679044723511,0.2704590857028961,0.05391078069806099
YHR209W,YDR198C,1,2.698568,0.3353884220123291,0.27145707607269287,0.05391078069806099
YHR209W,YLR015W,1,2.6985154,0.3362068831920624,0.272455096244812,0.05391078069806099
YHR028C,YHR136C,0,2.69756,0.3357933461666107,0.272455096244812,0.05401080101728439
YHR119W,YML110C,1,2.697535,0.3366093337535858,0.27345308661460876,0.05401080101728439
YER110C,YHL016C,0,2.6973636,0.33619633316993713,0.27345308661460876,0.0541108213365078
YML106W,YLR099C,0,2.6970325,0.33578431606292725,0.27345308661460876,0.0542108416557312
YGL120C,YKL195W,0,2.695443,0.33537331223487854,0.27345308661460876,0.054310861974954605
YML054C,YIL111W,0,2.6949801,0.334963321685791,0.27345308661460876,0.05441088229417801
YNL024C,YER091C,1,2.69177,0.33577534556388855,0.2744511067867279,0.05441088229417801
YNR045W,YOL140W,0,2.6913824,0.3353658616542816,0.2744511067867279,0.05451090261340141
YOL125W,YDR380W,0,2.690393,0.3349573612213135,0.2744511067867279,0.05461092293262482
YNL001W,YDR096W,0,2.6880944,0.3345498740673065,0.2744511067867279,0.05471094325184822
YIL070C,YBR084W,0,2.6855648,0.33414337038993835,0.2744511067867279,0.054810963571071625
YML074C,YIL136W,0,2.6823392,0.333737850189209,0.2744511067867279,0.05491098389029503
YBR271W,YDR316W,1,2.681708,0.33454546332359314,0.27544909715652466,0.05491098389029503
YLR204W,YLR385C,0,2.680726,0.33414044976234436,0.27544909715652466,0.055011000484228134
YJL048C,YHR013C,0,2.6794202,0.333736389875412,0.27544909715652466,0.05511102080345154
YCR039C,YPL068C,0,2.678863,0.3333333432674408,0.27544909715652466,0.05521104112267494
YOL065C,YER036C,0,2.6778517,0.332931250333786,0.27544909715652466,0.055311061441898346
YJR065C,YPL090C,0,2.675307,0.33253011107444763,0.27544909715652466,0.05541108176112175
YPR118W,YMR023C,0,2.6749277,0.33212995529174805,0.27544909715652466,0.055511102080345154
YKR056W,YPL266W,1,2.6747751,0.3329326808452606,0.2764471173286438,0.055511102080345154
YCL027W,YJL133W,0,2.6741343,0.33253300189971924,0.2764471173286438,0.05561112239956856
YIR012W,YDL067C,0,2.673451,0.33213430643081665,0.2764471173286438,0.05571114271879196
YJL125C,YER045C,0,2.6730883,0.3317365348339081,0.2764471173286438,0.055811163038015366
YPL266W,YGL136C,1,2.6724496,0.33253589272499084,0.27744510769844055,0.055811163038015366
YCL054W,YDL014W,1,2.6715922,0.3333333432674408,0.2784431278705597,0.055811163038015366
YBR024W,YDR231C,0,2.669725,0.3329355716705322,0.2784431278705597,0.05591118335723877
YFR041C,YKL021C,0,2.6679027,0.3325387239456177,0.2784431278705597,0.05601120367646217
YML018C,YPR098C,0,2.6664557,0.3321428596973419,0.2784431278705597,0.05611122399568558
YJL148W,YDR483W,0,2.665695,0.3317479193210602,0.2784431278705597,0.05621124058961868
YNR045W,YJR068W,0,2.6649566,0.33135393261909485,0.2784431278705597,0.05631126090884209
YJR104C,YOR306C,0,2.660531,0.33096083998680115,0.2784431278705597,0.05641128122806549
YDR312W,YAL008W,0,2.6568553,0.33056873083114624,0.2784431278705597,0.056511301547288895
YHR021C,YPL060W,0,2.6547146,0.33017751574516296,0.2784431278705597,0.0566113218665123
YPL226W,YFR008W,0,2.653668,0.3297872245311737,0.2784431278705597,0.0567113421857357
YNL218W,YHR025W,0,2.6522574,0.32939788699150085,0.2784431278705597,0.056811362504959106
YDR440W,YGR124W,0,2.6518645,0.32900944352149963,0.2784431278705597,0.05691138282418251
YGL123W,YML063W,0,2.6507015,0.32862189412117004,0.2784431278705597,0.057011403143405914
YJR016C,YNL146W,0,2.6497552,0.32823529839515686,0.2784431278705597,0.05711142346262932
YHR153C,YER068W,0,2.6496809,0.3278495967388153,0.2784431278705597,0.05721144378185272
YNL331C,YJL158C,0,2.6493576,0.3274647891521454,0.2784431278705597,0.057311464101076126
YGR026W,YMR290C,0,2.6484442,0.3270809054374695,0.2784431278705597,0.05741148069500923
YBR236C,YIL064W,1,2.6449103,0.32786884903907776,0.27944111824035645,0.05741148069500923
YDR443C,YHR081W,0,2.644092,0.3274853825569153,0.27944111824035645,0.057511501014232635
YHR147C,YDL112W,0,2.6436446,0.32710281014442444,0.27944111824035645,0.05761152133345604
YAL035W,YNL310C,0,2.6423767,0.3267211318016052,0.27944111824035645,0.05771154165267944
YPL091W,YNL166C,0,2.6396759,0.32634031772613525,0.27944111824035645,0.05781156197190285
YKL156W,YBR035C,0,2.6394129,0.3259604275226593,0.27944111824035645,0.05791158229112625
YCL055W,YOL141W,1,2.6366773,0.3267441987991333,0.2804391086101532,0.05791158229112625
YIL070C,YML043C,0,2.6365786,0.3263646960258484,0.2804391086101532,0.058011602610349655
YPL273W,YPL030W,1,2.6350842,0.32714617252349854,0.28143712878227234,0.058011602610349655
YHR067W,YPL157W,0,2.6322305,0.32676708698272705,0.28143712878227234,0.05811162292957306
YNR043W,YER126C,0,2.6307955,0.3263888955116272,0.28143712878227234,0.05821164324879646
YBR273C,YIL160C,0,2.6295872,0.3260115683078766,0.28143712878227234,0.05831166356801987
YER070W,YNL146W,0,2.6294749,0.3256351053714752,0.28143712878227234,0.05841168388724327
YMR142C,YOR181W,0,2.629446,0.3252595067024231,0.28143712878227234,0.058511700481176376
YBR267W,YOL002C,0,2.6288764,0.3248848021030426,0.28143712878227234,0.05861172080039978
YJR121W,YDR479C,0,2.6286423,0.32451093196868896,0.28143712878227234,0.058711741119623184
YDR440W,YJL125C,1,2.628022,0.3252873420715332,0.2824351191520691,0.058711741119623184
YPL157W,YLR109W,0,2.6278253,0.324913889169693,0.2824351191520691,0.05881176143884659
YGL050W,YOR074C,1,2.6277728,0.32568806409835815,0.28343313932418823,0.05881176143884659
YOL141W,YDR410C,1,2.6275358,0.32646048069000244,0.284431129693985,0.05881176143884659
YOR046C,YKR009C,0,2.6264815,0.32608696818351746,0.284431129693985,0.05891178175806999
YDR342C,YKL143W,0,2.625609,0.3257142901420593,0.284431129693985,0.059011802077293396
YER091C,YMR321C,1,2.6239352,0.3264840245246887,0.2854291498661041,0.059011802077293396
YDL136W,YOR391C,0,2.623081,0.32611173391342163,0.2854291498661041,0.0591118223965168
YJR110W,YLR008C,0,2.6220908,0.3257403075695038,0.2854291498661041,0.059211842715740204
YNL061W,YDR140W,1,2.62048,0.3265073895454407,0.2864271402359009,0.059211842715740204
YOR224C,YDR520C,0,2.6193593,0.32613635063171387,0.2864271402359009,0.05931186303496361
YGR106C,YOL125W,0,2.6191833,0.3257661759853363,0.2864271402359009,0.05941188335418701
YJL198W,YGL136C,0,2.6187959,0.3253968358039856,0.2864271402359009,0.059511903673410416
YPL214C,YJL189W,0,2.6187634,0.32502830028533936,0.2864271402359009,0.05961192399263382
YDL108W,YPL172C,0,2.6183138,0.32466062903404236,0.2864271402359009,0.059711940586566925
YDR424C,YPL092W,0,2.6174994,0.3242937922477722,0.2864271402359009,0.05981196090579033
YOL093W,YGL050W,1,2.6170912,0.32505643367767334,0.28742516040802,0.05981196090579033
YKR069W,YLR172C,1,2.6120658,0.32581737637519836,0.2884231507778168,0.05981196090579033
YBR036C,YDL008W,0,2.6107273,0.32545045018196106,0.2884231507778168,0.05991198122501373
YNR050C,YPR041W,0,2.6074104,0.3250843584537506,0.2884231507778168,0.06001200154423714
YDR368W,YGL031C,0,2.6067452,0.324719101190567,0.2884231507778168,0.06011202186346054
YER096W,YHL032C,0,2.6051579,0.3243546485900879,0.2884231507778168,0.060212042182683945
YPR098C,YHR086W,0,2.6048765,0.3239910304546356,0.2884231507778168,0.06031206250190735
YGL227W,YGL123W,0,2.6031637,0.3236282169818878,0.2884231507778168,0.06041208282113075
YDR376W,YER126C,0,2.602364,0.3232662081718445,0.2884231507778168,0.060512103140354156
YML042W,YCR010C,0,2.6004975,0.322905033826828,0.2884231507778168,0.06061212345957756
YBL024W,YNL062C,1,2.5993402,0.3236607015132904,0.2894211709499359,0.06061212345957756
YBR036C,YHR184W,0,2.5993001,0.3232998847961426,0.2894211709499359,0.060712143778800964
YJL125C,YIL110W,1,2.5970807,0.32405346632003784,0.29041916131973267,0.060712143778800964
YML012W,YBR092C,0,2.5968442,0.3236929774284363,0.29041916131973267,0.06081216409802437
YDR501W,YHR070W,0,2.5966382,0.3233333230018616,0.29041916131973267,0.060912180691957474
YPL258C,YJL125C,0,2.5961595,0.32297447323799133,0.29041916131973267,0.06101220101118088
YCL031C,YOR337W,0,2.5958462,0.3226163983345032,0.29041916131973267,0.06111222133040428
YKL156W,YMR023C,0,2.594943,0.3222591280937195,0.29041916131973267,0.061212241649627686
YBR001C,YOR374W,0,2.5934224,0.32190266251564026,0.29041916131973267,0.06131226196885109
YDR479C,YKL154W,0,2.5929413,0.3215469717979431,0.29041916131973267,0.06141228228807449
YGR292W,YKL156W,0,2.5928829,0.32119205594062805,0.29041916131973267,0.0615123026072979
YER091C,YDL112W,1,2.5918913,0.32194045186042786,0.2914171516895294,0.0615123026072979
YGL039W,YDL082W,0,2.588929,0.32158589363098145,0.2914171516895294,0.0616123229265213
YMR233W,YJR065C,0,2.588508,0.3212321102619171,0.2914171516895294,0.061712343245744705
YJL125C,YPR021C,0,2.5879662,0.32087913155555725,0.2914171516895294,0.06181236356496811
YNL015W,YDR534C,0,2.587965,0.3205268979072571,0.2914171516895294,0.06191238388419151
YJR098C,YDR120C,0,2.5875046,0.320175439119339,0.2914171516895294,0.06201240420341492
YER025W,YHL044W,0,2.5844824,0.319824755191803,0.2914171516895294,0.06211242079734802
YOR046C,YDL067C,0,2.5835617,0.31947484612464905,0.2914171516895294,0.062212441116571426
YPL208W,YDR465C,1,2.583426,0.32021859288215637,0.29241517186164856,0.062212441116571426
YBR236C,YDL014W,1,2.5830615,0.3209607005119324,0.2934131622314453,0.062212441116571426
YDL141W,YHR147C,0,2.5819829,0.3206106722354889,0.2934131622314453,0.06231246143579483
YPL089C,YPL220W,0,2.5813134,0.3202614486217499,0.2934131622314453,0.062412481755018234
YJR139C,YMR306W,0,2.58075,0.31991294026374817,0.2934131622314453,0.06251250207424164
YBL054W,YGR061C,0,2.5800776,0.31956520676612854,0.2934131622314453,0.06261252611875534
YDR120C,YLR285W,1,2.5781898,0.3203040063381195,0.29441118240356445,0.06261252611875534
YLL011W,YDR501W,0,2.5773919,0.31995663046836853,0.29441118240356445,0.06271254271268845
YIL074C,YOL002C,0,2.5766997,0.31960996985435486,0.29441118240356445,0.06281255930662155
YDL201W,YOL125W,1,2.573728,0.32034632563591003,0.2954091727733612,0.06281255930662155
YGR159C,YOR337W,0,2.5713654,0.3199999928474426,0.2954091727733612,0.06291258335113525
YJL219W,YEL050C,0,2.568199,0.3196544349193573,0.2954091727733612,0.06301259994506836
YOR347C,YDR297W,0,2.5660815,0.3193095922470093,0.2954091727733612,0.06311262398958206
YFL004W,YIL111W,0,2.5655801,0.31896552443504333,0.2954091727733612,0.06321264058351517
YNL248C,YPL159C,0,2.5644672,0.3186221718788147,0.2954091727733612,0.06331266462802887
YKR038C,YHL032C,0,2.5642445,0.31827956438064575,0.2954091727733612,0.06341268122196198
YPL226W,YKR097W,0,2.563366,0.3179377019405365,0.2954091727733612,0.06351270526647568
YER029C,YGL136C,0,2.5622482,0.31759655475616455,0.2954091727733612,0.06361272186040878
YDR140W,YDR410C,1,2.561864,0.31832796335220337,0.29640719294548035,0.06361272186040878
YGL141W,YBR142W,0,2.5616508,0.3179871439933777,0.29640719294548035,0.06371274590492249
YDR316W,YBR030W,1,2.5614042,0.3187165856361389,0.2974051833152771,0.06371274590492249
YAR003W,YDR198C,1,2.5593529,0.3194444477558136,0.29840320348739624,0.06371274590492249
YJL033W,YLR276C,0,2.5581489,0.31910350918769836,0.29840320348739624,0.06381276249885559
YLR048W,YLL001W,0,2.5560837,0.3187633156776428,0.29840320348739624,0.0639127790927887
YHL024W,YNL015W,0,2.551723,0.318423867225647,0.29840320348739624,0.0640128031373024
YMR297W,YBL069W,0,2.5507886,0.31808510422706604,0.29840320348739624,0.0641128197312355
YOL125W,YDL014W,1,2.5497003,0.31880977749824524,0.299401193857193,0.0641128197312355
YLR276C,YER012W,0,2.549223,0.31847134232521057,0.299401193857193,0.0642128437757492
YPL031C,YDL082W,0,2.5484967,0.3181336224079132,0.299401193857193,0.06431286036968231
YKL155C,YCR047C,1,2.5482821,0.3188559412956238,0.30039921402931213,0.06431286036968231
YOR167C,YGR156W,0,2.5467591,0.3185185194015503,0.30039921402931213,0.06441288441419601
YMR130W,YNL112W,0,2.5453796,0.3181818127632141,0.30039921402931213,0.06451290100812912
YGR220C,YLR357W,0,2.5440464,0.31784582138061523,0.30039921402931213,0.06461292505264282
YKL018W,YNL061W,1,2.5414374,0.31856539845466614,0.3013972043991089,0.06461292505264282
YOL064C,YGL123W,0,2.5405397,0.31822970509529114,0.3013972043991089,0.06471294164657593
YPL226W,YLR048W,0,2.5404267,0.31789472699165344,0.3013972043991089,0.06481296569108963
YDL144C,YPL160W,0,2.5389237,0.31756046414375305,0.3013972043991089,0.06491298228502274
YJL219W,YLR147C,0,2.538757,0.3172268867492676,0.3013972043991089,0.06501299887895584
YIR036C,YBR050C,0,2.5364919,0.3168940246105194,0.3013972043991089,0.06511302292346954
YDR299W,YMR221C,0,2.5327377,0.31656184792518616,0.3013972043991089,0.06521303951740265
YDR239C,YDR031W,0,2.5320973,0.3162303566932678,0.3013972043991089,0.06531306356191635
YDR165W,YOR201C,1,2.531909,0.3169456124305725,0.30239519476890564,0.06531306356191635
YPR102C,YBR273C,0,2.531065,0.31661441922187805,0.30239519476890564,0.06541308015584946
YNL119W,YBR297W,0,2.5305877,0.3162839114665985,0.30239519476890564,0.06551310420036316
YJL168C,YIL064W,1,2.5298357,0.31699687242507935,0.3033932149410248,0.06551310420036316
YKL004W,YER044C,0,2.5273075,0.3166666626930237,0.3033932149410248,0.06561312079429626
YCR047C,YJL125C,1,2.527262,0.3173777461051941,0.30439120531082153,0.06561312079429626
YDR107C,YBR283C,0,2.5264919,0.3170478045940399,0.30439120531082153,0.06571314483880997
YBR034C,YDR198C,1,2.5245488,0.3177570104598999,0.3053892254829407,0.06571314483880997
YJR139C,YDL043C,0,2.5243816,0.317427396774292,0.3053892254829407,0.06581316143274307
YGR191W,YLR327C,0,2.5242083,0.3170984387397766,0.3053892254829407,0.06591318547725677
YDR341C,YKR014C,0,2.523993,0.31677019596099854,0.3053892254829407,0.06601320207118988
YDR410C,YIL110W,1,2.5236092,0.31747671961784363,0.3063872158527374,0.06601320207118988
YKL154W,YML125C,0,2.516326,0.31714877486228943,0.3063872158527374,0.06611322611570358
YIR037W,YOR374W,0,2.5159936,0.31682145595550537,0.3063872158527374,0.06621324270963669
YLR459W,YJR001W,0,2.5149918,0.3164948523044586,0.3063872158527374,0.0663132593035698
YDR440W,YDR096W,0,2.5140839,0.3161689043045044,0.3063872158527374,0.0664132833480835
YER131W,YPL028W,0,2.512233,0.3158436119556427,0.3063872158527374,0.0665132999420166
YNL218W,YGR162W,0,2.510671,0.3155190050601959,0.3063872158527374,0.0666133239865303
YJR068W,YMR017W,0,2.5098193,0.31519508361816406,0.3063872158527374,0.06671334058046341
YBR236C,YOL141W,1,2.5083518,0.3158974349498749,0.30738523602485657,0.06671334058046341
YOR181W,YCR072C,0,2.508277,0.3155737817287445,0.30738523602485657,0.06681336462497711
YCL055W,YLR139C,0,2.507274,0.3152507543563843,0.30738523602485657,0.06691338121891022
YNL306W,YGL123W,0,2.5072417,0.31492841243743896,0.30738523602485657,0.06701340526342392
YOR151C,YGR200C,0,2.5062647,0.31460675597190857,0.30738523602485657,0.06711342185735703
YML008C,YBR258C,1,2.5056386,0.3153061270713806,0.3083832263946533,0.06711342185735703
YJL157C,YIL136W,0,2.5043435,0.3149847090244293,0.3083832263946533,0.06721344590187073
YDR288W,YKL024C,0,2.503327,0.31466394662857056,0.3083832263946533,0.06731346249580383
YDR033W,YKR094C,0,2.49934,0.3143438398838043,0.3083832263946533,0.06741347908973694
YLR172C,YDR465C,1,2.4965777,0.315040647983551,0.30938124656677246,0.06741347908973694
YOR265W,YPL101W,0,2.4948192,0.3147208094596863,0.30938124656677246,0.06751350313425064
YJL033W,YJR068W,0,2.492402,0.31440162658691406,0.30938124656677246,0.06761351972818375
YMR256C,YNL061W,0,2.4911466,0.314083069562912,0.30938124656677246,0.06771354377269745
YIL145C,YGL147C,0,2.490264,0.31376516819000244,0.30938124656677246,0.06781356036663055
YGL050W,YPL017C,1,2.489936,0.31445905566215515,0.3103792369365692,0.06781356036663055
YDR312W,YOL139C,0,2.4894805,0.3141414225101471,0.3103792369365692,0.06791358441114426
YDR440W,YDR044W,0,2.4889932,0.3138244152069092,0.3103792369365692,0.06801360100507736
YBR050C,YKL028W,0,2.4883232,0.3135080635547638,0.3103792369365692,0.06811362504959106
YNL227C,YCL027W,0,2.4862387,0.31319233775138855,0.3103792369365692,0.06821364164352417
YDR418W,YOR391C,0,2.485651,0.31287726759910583,0.3103792369365692,0.06831366568803787
YKR056W,YDL200C,1,2.4830675,0.3135678470134735,0.31137725710868835,0.06831366568803787
YMR023C,YGR200C,0,2.4830322,0.3132530152797699,0.31137725710868835,0.06841368228197098
YJL052W,YCL031C,0,2.4810605,0.3129388093948364,0.31137725710868835,0.06851370632648468
YOR239W,YBR175W,1,2.4802852,0.3136272430419922,0.3123752474784851,0.06851370632648468
YPR049C,YHR086W,0,2.480249,0.3133133053779602,0.3123752474784851,0.06861372292041779
YLR214W,YJL041W,0,2.4790354,0.31299999356269836,0.3123752474784851,0.06871373951435089
YNL007C,YKL021C,0,2.4775023,0.31268730759620667,0.3123752474784851,0.0688137635588646
YFL004W,YDR197W,0,2.4770174,0.3123752474784851,0.3123752474784851,0.0689137801527977
YPR108W,YJL109C,0,2.4765964,0.3120638132095337,0.3123752474784851,0.0690138041973114
YDR165W,YER091C,1,2.4762287,0.3127489984035492,0.31337326765060425,0.0690138041973114
YDR481C,YIL126W,0,2.4748216,0.3124378025531769,0.31337326765060425,0.0691138207912445
YKL021C,YFR007W,0,2.4730697,0.3121272325515747,0.31337326765060425,0.06921384483575821
YGR001C,YOL124C,1,2.4727461,0.31281033158302307,0.314371258020401,0.06921384483575821
YDL075W,YML088W,0,2.4712338,0.3125,0.314371258020401,0.06931386142969131
YKR037C,YHR186C,0,2.4700878,0.31219029426574707,0.314371258020401,0.06941388547420502
YNL129W,YBL082C,0,2.4697566,0.3118811845779419,0.314371258020401,0.06951390206813812
YOR046C,YBR214W,0,2.4688778,0.31157270073890686,0.314371258020401,0.06961392611265182
YJR129C,YNL092W,1,2.4684415,0.3122529685497284,0.31536924839019775,0.06961392611265182
YOR239W,YDR316W,1,2.46815,0.3129318952560425,0.3163672685623169,0.06961392611265182
YJL080C,YFR007W,0,2.4673176,0.3126232624053955,0.3163672685623169,0.06971394270658493
YBR267W,YOR131C,0,2.46628,0.31231528520584106,0.3163672685623169,0.06981395930051804
YOR239W,YHR109W,1,2.464078,0.312992125749588,0.31736525893211365,0.06981395930051804
YBR092C,YNR043W,0,2.4637196,0.3126843571662903,0.31736525893211365,0.06991398334503174
YNL217W,YBL037W,0,2.4630308,0.3123772144317627,0.31736525893211365,0.07001399993896484
YCL069W,YLR079W,0,2.4626133,0.31207066774368286,0.31736525893211365,0.07011402398347855
YJR121W,YBR241C,0,2.462366,0.3117647171020508,0.31736525893211365,0.07021404057741165
YJL219W,YJL121C,0,2.4618478,0.31145936250686646,0.31736525893211365,0.07031406462192535
YLR172C,YPL030W,1,2.4572296,0.3121330738067627,0.3183632791042328,0.07031406462192535
YBR164C,YJL148W,0,2.45701,0.31182795763015747,0.3183632791042328,0.07041408121585846
YKR069W,YDL112W,1,2.4539368,0.3125,0.31936126947402954,0.07041408121585846
YNL128W,YML048W,0,2.4530997,0.3121951222419739,0.31936126947402954,0.07051410526037216
YPR102C,YGR054W,0,2.4526162,0.3118908405303955,0.31936126947402954,0.07061412185430527
YGR008C,YDR326C,0,2.4512,0.3115871548652649,0.31936126947402954,0.07071414589881897
YKR069W,YBR030W,1,2.4506428,0.3122568130493164,0.3203592896461487,0.07071414589881897
YML106W,YGL039W,0,2.4497328,0.3119533658027649,0.3203592896461487,0.07081416249275208
YHR140W,YHR010W,0,2.448485,0.31165048480033875,0.3203592896461487,0.07091418653726578
YPL101W,YER082C,0,2.4478679,0.31134819984436035,0.3203592896461487,0.07101420313119888
YBR164C,YBR142W,0,2.446773,0.3110465109348297,0.3203592896461487,0.07111421972513199
YDR388W,YIR012W,0,2.4461296,0.31074538826942444,0.3203592896461487,0.07121424376964569
YGL223C,YPR016C,0,2.4458666,0.3104448616504669,0.3203592896461487,0.0713142603635788
YEL065W,YLR121C,0,2.4449315,0.31014493107795715,0.3203592896461487,0.0714142844080925
YBR035C,YGL123W,0,2.4449308,0.30984556674957275,0.3203592896461487,0.0715143010020256
YDR529C,YGR054W,0,2.444732,0.3095467686653137,0.3203592896461487,0.0716143250465393
YDR120C,YNL063W,1,2.4438481,0.3102119565010071,0.32135728001594543,0.0716143250465393
YOL077C,YLR441C,0,2.4436219,0.30991336703300476,0.32135728001594543,0.07171434164047241
YDL190C,YNL308C,0,2.443375,0.3096153736114502,0.32135728001594543,0.07181436568498611
YOR224C,YMR004W,0,2.442711,0.3093179762363434,0.32135728001594543,0.07191438227891922
YKR094C,YJL041W,0,2.4416952,0.30902111530303955,0.32135728001594543,0.07201440632343292
YLR221C,YOR374W,0,2.4414937,0.3087248206138611,0.32135728001594543,0.07211442291736603
YGL039W,YBR185C,0,2.440209,0.30842912197113037,0.32135728001594543,0.07221443951129913
YDL112W,YDL200C,1,2.4399486,0.30909091234207153,0.3223553001880646,0.07221443951129913
YPR102C,YEL059C-A,0,2.4380636,0.30879542231559753,0.3223553001880646,0.07231446355581284
YIL111W,YGR286C,0,2.4363356,0.3085004687309265,0.3223553001880646,0.07241448014974594
YGL009C,YHL004W,0,2.4345074,0.30820611119270325,0.3223553001880646,0.07251450419425964
YBL064C,YGL084C,0,2.4334483,0.30791229009628296,0.3223553001880646,0.07261452078819275
YNR043W,YOL080C,0,2.4321976,0.30761903524398804,0.3223553001880646,0.07271454483270645
YJR129C,YER091C,1,2.4319491,0.30827784538269043,0.32335329055786133,0.07271454483270645
YDL051W,YLR403W,0,2.4311824,0.3079847991466522,0.32335329055786133,0.07281456142663956
YNR043W,YCR028C,0,2.4300044,0.3076923191547394,0.32335329055786133,0.07291458547115326
YGL120C,YJL072C,0,2.4282131,0.3074003756046295,0.32335329055786133,0.07301460206508636
YDL201W,YOL093W,1,2.4274292,0.30805686116218567,0.32435131072998047,0.07301460206508636
YEL061C,YMR208W,0,2.4271955,0.3077651560306549,0.32435131072998047,0.07311462610960007
YJR073C,YLR285W,1,2.4257624,0.3084200620651245,0.3253493010997772,0.07311462610960007
YJL198W,YGR061C,0,2.4256651,0.3081285357475281,0.3253493010997772,0.07321464270353317
YDR036C,YER131W,0,2.42486,0.307837575674057,0.3253493010997772,0.07331465929746628
YMR127C,YCR047C,0,2.4243135,0.3075471818447113,0.3253493010997772,0.07341468334197998
YNL112W,YDR054C,0,2.4235969,0.3072572946548462,0.3253493010997772,0.07351469993591309
YPL091W,YGR158C,0,2.4223983,0.30696797370910645,0.3253493010997772,0.07361472398042679
YPL273W,YNL092W,1,2.4217143,0.30761992931365967,0.326347291469574,0.07361472398042679
YDL115C,YOR374W,0,2.4212084,0.30733081698417664,0.326347291469574,0.0737147405743599
YDR440W,YER091C,1,2.4210901,0.3079812228679657,0.3273453116416931,0.0737147405743599
YPL258C,YOL125W,0,2.4192984,0.3076923191547394,0.3273453116416931,0.0738147646188736
YGL119W,YJL080C,0,2.4171062,0.30740392208099365,0.3273453116416931,0.0739147812128067
YGR106C,YPL103C,0,2.4141617,0.3071160912513733,0.3273453116416931,0.0740148052573204
YMR184W,YLR186W,0,2.4119945,0.3068288266658783,0.3273453116416931,0.07411482185125351
YNL061W,YLR207W,0,2.411095,0.3065420687198639,0.3273453116416931,0.07421484589576721
YJL102W,YDR032C,0,2.4102495,0.30625584721565247,0.3273453116416931,0.07431486248970032
YPL101W,YBL061C,0,2.409676,0.305970162153244,0.3273453116416931,0.07441488653421402
YNL308C,YLR172C,0,2.4095736,0.30568498373031616,0.3273453116416931,0.07451490312814713
YML094W,YGR189C,0,2.4091203,0.30540037155151367,0.3273453116416931,0.07461491972208023
YNL166C,YFL044C,0,2.4089468,0.3051162660121918,0.3273453116416931,0.07471494376659393
YHR070W,YIL064W,1,2.4085455,0.30576208233833313,0.32834330201148987,0.07471494376659393
YDR469W,YNL062C,1,2.4070299,0.3064066767692566,0.329341322183609,0.07471494376659393
YHR013C,YFL037W,0,2.406332,0.30612245202064514,0.329341322183609,0.07481496036052704
YIL064W,YOL141W,1,2.4063115,0.30676552653312683,0.33033931255340576,0.07481496036052704
YDR140W,YDL014W,1,2.4061666,0.307407408952713,0.3313373327255249,0.07481496036052704
YAR015W,YNL151C,0,2.4060144,0.3071230351924896,0.3313373327255249,0.07491498440504074
YDL137W,YDL019C,0,2.4055119,0.3068391978740692,0.3313373327255249,0.07501500099897385
YCL059C,YPL153C,0,2.4022899,0.3065558671951294,0.3313373327255249,0.07511502504348755
YGR159C,YDR511W,0,2.4012341,0.30627307295799255,0.3313373327255249,0.07521504163742065
YOR315W,YNL129W,0,2.4006944,0.3059907853603363,0.3313373327255249,0.07531506568193436
YER148W,YKR061W,0,2.400576,0.30570903420448303,0.3313373327255249,0.07541508227586746
YDR341C,YDL060W,0,2.400271,0.30542778968811035,0.3313373327255249,0.07551510632038116
YMR211W,YIL113W,0,2.400242,0.30514705181121826,0.3313373327255249,0.07561512291431427
YHR070W,YDR316W,1,2.3995042,0.3057851195335388,0.33233532309532166,0.07561512291431427
YHL032C,YDR298C,0,2.3984017,0.30550459027290344,0.33233532309532166,0.07571513950824738
YLL062C,YBR030W,1,2.3981748,0.3061411678791046,0.3333333432674408,0.07571513950824738
YBR271W,YDR198C,1,2.3978395,0.3067765533924103,0.33433133363723755,0.07571513950824738
YDR120C,YER091C,1,2.396334,0.3074108064174652,0.3353293538093567,0.07571513950824738
YDR299W,YGR063C,0,2.395307,0.30712980031967163,0.3353293538093567,0.07581516355276108
YGL213C,YBR205W,0,2.3944185,0.30684930086135864,0.3353293538093567,0.07591518014669418
YGR159C,YML087C,0,2.3938277,0.30656933784484863,0.3353293538093567,0.07601520419120789
YJL148W,YML088W,0,2.3935442,0.3062898814678192,0.3353293538093567,0.07611522078514099
YMR198W,YPL101W,0,2.3931732,0.3060109317302704,0.3353293538093567,0.0762152448296547
YHR109W,YJR129C,1,2.393163,0.30664241313934326,0.33632734417915344,0.0762152448296547
YBR133C,YCR047C,1,2.393153,0.307272732257843,0.3373253345489502,0.0762152448296547
YPL019C,YDL146W,0,2.392878,0.30699363350868225,0.3373253345489502,0.0763152614235878
YDR121W,YLR276C,0,2.3927696,0.30671507120132446,0.3373253345489502,0.0764152854681015
YCL055W,YDR408C,1,2.392436,0.30734360218048096,0.33832335472106934,0.0764152854681015
YER099C,YPL092W,0,2.3920798,0.3070652186870575,0.33832335472106934,0.0765153020620346
YNL280C,YER086W,0,2.3918684,0.3067873418331146,0.33832335472106934,0.07661532610654831
YGL211W,YDL146W,0,2.3916016,0.30650994181632996,0.33832335472106934,0.07671534270048141
YLR008C,YGR123C,0,2.3902073,0.3062330484390259,0.33832335472106934,0.07681536674499512
YDR299W,YLR459W,0,2.3890393,0.3059566915035248,0.33832335472106934,0.07691538333892822
YOL138C,YCR077C,0,2.387932,0.3056807816028595,0.33832335472106934,0.07701539993286133
YPR098C,YPL157W,0,2.3869038,0.3054054081439972,0.33832335472106934,0.07711542397737503
YKL183W,YPR184W,0,2.3862195,0.3051305115222931,0.33832335472106934,0.07721544057130814
YLR040C,YGR124W,0,2.385826,0.3048561215400696,0.33832335472106934,0.07731546461582184
YLR090W,YER110C,0,2.385181,0.3045822083950043,0.33832335472106934,0.07741548120975494
YDR435C,YDR408C,1,2.3839889,0.3052064776420593,0.3393213450908661,0.07741548120975494
YPL226W,YLL022C,0,2.383984,0.30493274331092834,0.3393213450908661,0.07751550525426865
YJR068W,YOR306C,0,2.383611,0.30465948581695557,0.3393213450908661,0.07761552184820175
YNL227C,YHR044C,0,2.3825688,0.30438676476478577,0.3393213450908661,0.07771554589271545
YML077W,YBR297W,0,2.3810444,0.3041144907474518,0.3393213450908661,0.07781556248664856
YJR073C,YPL157W,1,2.3789983,0.3047363758087158,0.34031936526298523,0.07781556248664856
YDL115C,YHR184W,0,2.3756394,0.30446428060531616,0.34031936526298523,0.07791558653116226
YPL226W,YGR162W,0,2.3748186,0.3041926920413971,0.34031936526298523,0.07801560312509537
YPL019C,YCR053W,0,2.372137,0.30392158031463623,0.34031936526298523,0.07811561971902847
YJR065C,YDR044W,0,2.3720717,0.30365094542503357,0.34031936526298523,0.07821564376354218
YOR061W,YHR215W,0,2.371742,0.3033807873725891,0.34031936526298523,0.07831566035747528
YPL172C,YLR186W,0,2.3709478,0.30311110615730286,0.34031936526298523,0.07841568440198898
YOL123W,YGR189C,0,2.3685632,0.3028419315814972,0.34031936526298523,0.07851570099592209
YML008C,YBR034C,1,2.3681183,0.3034605085849762,0.341317355632782,0.07851570099592209
YGL135W,YNL159C,0,2.3680432,0.30319148302078247,0.341317355632782,0.07861572504043579
YDR036C,YKR094C,0,2.3666053,0.30292293429374695,0.341317355632782,0.0787157416343689
YOR315W,YHR136C,0,2.3656569,0.30265486240386963,0.341317355632782,0.0788157656788826
YGR061C,YDR483W,0,2.3650815,0.3023872673511505,0.341317355632782,0.0789157822728157
YPR048W,YNL310C,0,2.3647008,0.3021201491355896,0.341317355632782,0.0790158063173294
YGR123C,YOR374W,0,2.3630035,0.3018534779548645,0.341317355632782,0.07911582291126251
YOR063W,YIL090W,0,2.3627896,0.30158731341362,0.341317355632782,0.07921583950519562
YFL036W,YMR026C,0,2.3617284,0.3013215959072113,0.341317355632782,0.07931586354970932
YDR165W,YOL141W,1,2.3613787,0.30193662643432617,0.3423153758049011,0.07931586354970932
YIL064W,YDR198C,1,2.3606791,0.3025505840778351,0.3433133661746979,0.07931586354970932
YIL109C,YOR389W,0,2.360631,0.30228471755981445,0.3433133661746979,0.07941588014364243
YNL001W,YNR047W,0,2.357028,0.302019327878952,0.3433133661746979,0.07951590418815613
YJR143C,YCR094W,0,2.3563297,0.3017543852329254,0.3433133661746979,0.07961592078208923
YEL054C,YJR155W,0,2.3561373,0.301489919424057,0.3433133661746979,0.07971594482660294
YFL036W,YNL248C,0,2.355957,0.3012259304523468,0.3433133661746979,0.07981596142053604
YGL135W,YHR027C,0,2.3551426,0.3009623885154724,0.3433133661746979,0.07991598546504974
YKL018W,YER091C,1,2.3549721,0.30157342553138733,0.344311386346817,0.07991598546504974
YJL143W,YOR127W,0,2.3543143,0.3013100326061249,0.344311386346817,0.08001600205898285
YJR097W,YDR228C,0,2.3541255,0.30104711651802063,0.344311386346817,0.08011602610349655
YKR056W,YDR408C,1,2.3538942,0.30165648460388184,0.34530937671661377,0.08011602610349655
YDR011W,YNL112W,0,2.3530421,0.3013937175273895,0.34530937671661377,0.08021604269742966
YJL168C,YKL018W,1,2.3528605,0.3020017445087433,0.3463073968887329,0.08021604269742966
YDR121W,YPL157W,0,2.3502893,0.3017391264438629,0.3463073968887329,0.08031606674194336
YNL301C,YKL034W,0,2.350082,0.30147698521614075,0.3463073968887329,0.08041608333587646
YHR136C,YNR047W,0,2.349972,0.3012152910232544,0.3463073968887329,0.08051609992980957
YER131W,YNR016C,0,2.3492522,0.30095404386520386,0.3463073968887329,0.08061612397432327
YBR050C,YBR030W,0,2.346273,0.30069324374198914,0.3463073968887329,0.08071614056825638
YGR191W,YDR390C,0,2.3452666,0.30043289065361023,0.3463073968887329,0.08081616461277008
YDR418W,YOR080W,0,2.3443575,0.3001730144023895,0.3463073968887329,0.08091618120670319
YOR044W,YLR306W,0,2.342145,0.29991355538368225,0.3463073968887329,0.08101620525121689
YHR027C,YHR052W,0,2.3415413,0.2996545732021332,0.3463073968887329,0.08111622184515
YGL192W,YMR321C,1,2.3411694,0.3002588450908661,0.34730538725852966,0.08111622184515
YJR025C,YMR292W,0,2.3398085,0.30000001192092896,0.34730538725852966,0.0812162458896637
YDR115W,YGR200C,0,2.3381765,0.29974159598350525,0.34730538725852966,0.0813162624835968
YOR239W,YDR435C,1,2.33738,0.30034422874450684,0.3483034074306488,0.0813162624835968
YIL027C,YDL141W,0,2.336744,0.30008599162101746,0.3483034074306488,0.0814162865281105
YHR171W,YPR041W,0,2.3356571,0.2998281717300415,0.3483034074306488,0.08151630312204361
YOR389W,YLR038C,0,2.3354855,0.29957082867622375,0.3483034074306488,0.08161631971597672
YHR070W,YOL125W,1,2.3348446,0.30017152428627014,0.34930139780044556,0.08161631971597672
YOR265W,YOL007C,0,2.3339047,0.29991430044174194,0.34930139780044556,0.08171634376049042
YBR024W,YDR534C,0,2.3319738,0.29965752363204956,0.34930139780044556,0.08181636035442352
YHR017W,YBR283C,0,2.3313632,0.299401193857193,0.34930139780044556,0.08191638439893723
YKR059W,YOR221C,0,2.331266,0.29914531111717224,0.34930139780044556,0.08201640099287033
YNL325C,YLL022C,0,2.3286095,0.2988898456096649,0.34930139780044556,0.08211642503738403
YER095W,YOL056W,0,2.3282175,0.2986348271369934,0.34930139780044556,0.08221644163131714
YBR175W,YHR064C,0,2.3282096,0.2983802258968353,0.34930139780044556,0.08231646567583084
YML018C,YDR107C,0,2.326868,0.29812607169151306,0.34930139780044556,0.08241648226976395
YDL069C,YER110C,0,2.324988,0.2978723347187042,0.34930139780044556,0.08251650631427765
YJL165C,YOL139C,0,2.324732,0.2976190447807312,0.34930139780044556,0.08261652290821075
YDL099W,YDR101C,0,2.323656,0.2973661720752716,0.34930139780044556,0.08271654695272446
YOR315W,YDL141W,0,2.3225117,0.2971137464046478,0.34930139780044556,0.08281656354665756
YMR043W,YOL080C,0,2.3219216,0.2968617379665375,0.34930139780044556,0.08291658014059067
YGL185C,YML060W,0,2.321545,0.29661017656326294,0.34930139780044556,0.08301660418510437
YOL125W,YML110C,1,2.3213458,0.29720574617385864,0.3502993881702423,0.08301660418510437
YDR169C,YNL244C,0,2.3212674,0.29695430397987366,0.3502993881702423,0.08311662077903748
YER025W,YJL109C,0,2.3207936,0.2967033088207245,0.3502993881702423,0.08321664482355118
YLR448W,YFR005C,0,2.3182003,0.29645270109176636,0.3502993881702423,0.08331666141748428
YDL200C,YAL025C,0,2.3179252,0.29620254039764404,0.3502993881702423,0.08341668546199799
YGL128C,YNR043W,0,2.3173594,0.29595279693603516,0.3502993881702423,0.08351670205593109
YIR036C,YNR043W,0,2.3171976,0.2957034409046173,0.3502993881702423,0.0836167261004448
YLR448W,YNL146W,0,2.3168721,0.2954545319080353,0.3502993881702423,0.0837167426943779
YPL208W,YKL155C,1,2.3166218,0.2960470914840698,0.35129740834236145,0.0837167426943779
YNL063W,YLR285W,1,2.3162143,0.2966386675834656,0.3522953987121582,0.0837167426943779
YER027C,YDR447C,0,2.3152127,0.2963895797729492,0.3522953987121582,0.0838167667388916
YIL145C,YOR269W,0,2.3147588,0.2961409389972687,0.3522953987121582,0.08391678333282471
YER113C,YDR400W,0,2.314559,0.29589271545410156,0.3522953987121582,0.08401679992675781
YDR165W,YDR198C,1,2.314403,0.2964824140071869,0.35329341888427734,0.08401679992675781
YNL308C,YCL027W,0,2.312376,0.2962343096733093,0.35329341888427734,0.08411682397127151
YLR304C,YER082C,0,2.3117552,0.2959866225719452,0.35329341888427734,0.08421684056520462
YMR088C,YIL026C,0,2.3091106,0.2957393527030945,0.35329341888427734,0.08431686460971832
YOL141W,YNR046W,1,2.3055978,0.2963272035121918,0.3542914092540741,0.08431686460971832
YDR060W,YMR004W,0,2.3045115,0.2960800528526306,0.3542914092540741,0.08441688120365143
YLR204W,YMR312W,0,2.3040733,0.2958333194255829,0.3542914092540741,0.08451690524816513
YOL125W,YOR201C,1,2.3038776,0.2964196503162384,0.35528942942619324,0.08451690524816513
YOR246C,YPL153C,0,2.3029804,0.2961730360984802,0.35528942942619324,0.08461692184209824
YNL301C,YEL050C,0,2.3028975,0.2959268391132355,0.35528942942619324,0.08471694588661194
YPL231W,YEL065W,0,2.301803,0.29568105936050415,0.35528942942619324,0.08481696248054504
YHR021C,YLR356W,0,2.3010945,0.29543569684028625,0.35528942942619324,0.08491698652505875
YBR030W,YML110C,1,2.3010097,0.29601991176605225,0.35628741979599,0.08491698652505875
YJL125C,YCL047C,0,2.2991962,0.2957746386528015,0.35628741979599,0.08501700311899185
YDR033W,YIR036C,0,2.2983928,0.2955298125743866,0.35628741979599,0.08511701971292496
YBL074C,YOR332W,0,2.2972856,0.2952853739261627,0.35628741979599,0.08521704375743866
YOL031C,YBR105C,0,2.2970688,0.2950413227081299,0.35628741979599,0.08531706035137177
YGL009C,YER131W,0,2.2969012,0.2947976887226105,0.35628741979599,0.08541708439588547
YDR265W,YKL143W,0,2.2966118,0.2945544421672821,0.35628741979599,0.08551710098981857
YBR033W,YHL047C,0,2.2915368,0.29431161284446716,0.35628741979599,0.08561712503433228
YDL201W,YBR176W,1,2.290419,0.29489290714263916,0.35728543996810913,0.08561712503433228
YBR092C,YKR058W,0,2.2900186,0.29465019702911377,0.35728543996810913,0.08571714162826538
YDR083W,YCL055W,1,2.2897406,0.29523026943206787,0.3582834303379059,0.08571714162826538
YGR008C,YIL126W,0,2.2894065,0.29498767852783203,0.3582834303379059,0.08581716567277908
YHR109W,YCL055W,1,2.2885914,0.29556649923324585,0.359281450510025,0.08581716567277908
YDL190C,YKL181W,0,2.2874126,0.29532402753829956,0.359281450510025,0.08591718226671219
YDL201W,YJR129C,1,2.2870955,0.2959016263484955,0.3602794408798218,0.08591718226671219
YDL033C,YHR186C,0,2.2862802,0.29565930366516113,0.3602794408798218,0.08601720631122589
YMR043W,YHR010W,0,2.284751,0.29541733860969543,0.3602794408798218,0.086117222905159
YDR358W,YMR312W,0,2.282559,0.29517579078674316,0.3602794408798218,0.0862172469496727
YDR165W,YHR109W,1,2.282259,0.2957516312599182,0.36127743124961853,0.0862172469496727
YDR341C,YDR177W,0,2.2822227,0.2955102026462555,0.36127743124961853,0.0863172635436058
YJL158C,YGL031C,0,2.2817569,0.2952691614627838,0.36127743124961853,0.08641728013753891
YHR070W,YPL030W,1,2.2808166,0.2958435118198395,0.36227545142173767,0.08641728013753891
YGR159C,YLL022C,0,2.2798412,0.29560261964797974,0.36227545142173767,0.08651730418205261
YHR206W,YHR161C,0,2.2770767,0.29536208510398865,0.36227545142173767,0.08661732077598572
YGL137W,YOL077C,0,2.2768862,0.2951219379901886,0.36227545142173767,0.08671734482049942
YKL004W,YML018C,0,2.2758074,0.294882208108902,0.36227545142173767,0.08681736141443253
YLR048W,YPR021C,0,2.2753687,0.2946428656578064,0.36227545142173767,0.08691738545894623
YGR156W,YDR483W,0,2.2746012,0.29440388083457947,0.36227545142173767,0.08701740205287933
YDR297W,YER184C,0,2.2733316,0.29416531324386597,0.36227545142173767,0.08711742609739304
YLR304C,YLR100W,0,2.2731323,0.2939271330833435,0.36227545142173767,0.08721744269132614
YLR172C,YDL200C,1,2.2728126,0.29449838399887085,0.3632734417915344,0.08721744269132614
YMR290C,YDL130W,0,2.2726052,0.29426029324531555,0.3632734417915344,0.08731746673583984
YDL043C,YBL039C,0,2.272253,0.2940226197242737,0.3632734417915344,0.08741748332977295
YCL055W,YBR142W,0,2.2719154,0.29378530383110046,0.3632734417915344,0.08751749992370605
YER061C,YML074C,0,2.27171,0.2935483753681183,0.3632734417915344,0.08761752396821976
YPL160W,YFL037W,0,2.2714987,0.29331183433532715,0.3632734417915344,0.08771754056215286
YBL054W,YGR184C,0,2.271491,0.29307568073272705,0.3632734417915344,0.08781756460666656
YLR154C,YKR009C,0,2.2696562,0.292839914560318,0.3632734417915344,0.08791758120059967
YKL018W,YAR003W,1,2.2665238,0.2934083640575409,0.36427146196365356,0.08791758120059967
YML015C,YPR096C,0,2.2664735,0.293172687292099,0.36427146196365356,0.08801760524511337
YBR273C,YKL109W,0,2.2663336,0.29293739795684814,0.36427146196365356,0.08811762183904648
YPL157W,YDL014W,1,2.2657857,0.29350441694259644,0.3652694523334503,0.08811762183904648
YCR009C,YIL078W,0,2.2655482,0.29326921701431274,0.3652694523334503,0.08821764588356018
YIL093C,YFL041W,0,2.264453,0.2930344343185425,0.3652694523334503,0.08831766247749329
YJR060W,YHR184W,0,2.2643757,0.29280000925064087,0.3652694523334503,0.08841768652200699
YMR208W,YOL077C,0,2.2643285,0.2925659418106079,0.3652694523334503,0.0885177031159401
YOR224C,YDR376W,0,2.2639875,0.292332261800766,0.3652694523334503,0.0886177271604538
YIL070C,YLL011W,0,2.2634616,0.2920989692211151,0.3652694523334503,0.0887177437543869
YBR061C,YGL136C,1,2.2632518,0.29266348481178284,0.36626747250556946,0.0887177437543869
YPL157W,YKL155C,1,2.2618392,0.29322710633277893,0.3672654628753662,0.0887177437543869
YLR356W,YHR136C,0,2.2606957,0.2929936349391937,0.3672654628753662,0.08881776034832001
YDR418W,YAL062W,0,2.2595868,0.29276055097579956,0.3672654628753662,0.08891778439283371
YJL221C,YNL248C,0,2.2583656,0.29252782464027405,0.3672654628753662,0.08901780098676682
YDL129W,YDR534C,0,2.2559443,0.2922954857349396,0.3672654628753662,0.08911782503128052
YKL089W,YHR046C,0,2.253783,0.29206350445747375,0.3672654628753662,0.08921784162521362
YPL157W,YGL136C,1,2.253563,0.29262489080429077,0.36826348304748535,0.08921784162521362
YDR083W,YCL054W,1,2.2528598,0.29318541288375854,0.3692614734172821,0.08921784162521362
YJL168C,YBR061C,1,2.2526774,0.2937450408935547,0.37025949358940125,0.08921784162521362
YER113C,YCL047C,0,2.2524428,0.2935126721858978,0.37025949358940125,0.08931786566972733
YJR065C,YBR299W,0,2.2515423,0.29328063130378723,0.37025949358940125,0.08941788226366043
YLR172C,YDR077W,0,2.250976,0.2930489778518677,0.37025949358940125,0.08951790630817413
YEL059C-A,YCR053W,0,2.249988,0.2928176820278168,0.37025949358940125,0.08961792290210724
YBR261C,YHR070W,1,2.249461,0.2933754026889801,0.371257483959198,0.08961792290210724
YDR121W,YLR121C,0,2.2480721,0.29314419627189636,0.371257483959198,0.08971794694662094
YOR239W,YOL125W,1,2.24785,0.29370078444480896,0.37225547432899475,0.08971794694662094
YDR083W,YBR258C,1,2.247182,0.2942564785480499,0.3732534945011139,0.08971794694662094
YDR270W,YOR374W,0,2.2464995,0.29402515292167664,0.3732534945011139,0.08981796354055405
YOR278W,YCL059C,0,2.2463346,0.293794184923172,0.3732534945011139,0.08991798013448715
YJL033W,YBL054W,0,2.2458196,0.293563574552536,0.3732534945011139,0.09001800417900085
YER148W,YKL109W,0,2.245182,0.2933333218097687,0.3732534945011139,0.09011802077293396
YDR479C,YOR116C,0,2.2448668,0.2931034564971924,0.3732534945011139,0.09021804481744766
YBL024W,YJL125C,1,2.2447453,0.29365700483322144,0.37425148487091064,0.09021804481744766
YBR271W,YIL064W,1,2.2432487,0.29420968890190125,0.3752495050430298,0.09021804481744766
YJR121W,YDL060W,0,2.2428117,0.293979674577713,0.3752495050430298,0.09031806141138077
YLR127C,YCR077C,0,2.2413766,0.29374998807907104,0.3752495050430298,0.09041808545589447
YNR061C,YOR347C,0,2.2404556,0.2935206890106201,0.3752495050430298,0.09051810204982758
YDR107C,YNL096C,0,2.2390823,0.29329171776771545,0.3752495050430298,0.09061812609434128
YDR424C,YHR064C,0,2.239077,0.29306313395500183,0.3752495050430298,0.09071814268827438
YDL110C,YGR014W,0,2.2386754,0.2928348779678345,0.3752495050430298,0.09081816673278809
YNL185C,YGR156W,0,2.2384446,0.29260700941085815,0.3752495050430298,0.09091818332672119
YGR001C,YBR030W,1,2.2374969,0.29315707087516785,0.37624749541282654,0.09091818332672119
YHR089C,YNL096C,0,2.2372024,0.2929292917251587,0.37624749541282654,0.0910181999206543
YKL156W,YMR017W,0,2.2366464,0.2927018702030182,0.37624749541282654,0.091118223965168
YLR126C,YOR151C,0,2.235485,0.29247477650642395,0.37624749541282654,0.0912182405591011
YPL017C,YMR012W,0,2.2351441,0.29224807024002075,0.37624749541282654,0.09131826460361481
YIL027C,YOR386W,0,2.2349505,0.2920216917991638,0.37624749541282654,0.09141828119754791
YML005W,YLR172C,1,2.2348998,0.29256966710090637,0.3772455155849457,0.09141828119754791
YOL077C,YML048W,0,2.2346535,0.2923433780670166,0.3772455155849457,0.09151830524206161
YDL190C,YLR126C,0,2.2338367,0.29211747646331787,0.3772455155849457,0.09161832183599472
YER025W,YJL129C,0,2.2338216,0.2918919026851654,0.3772455155849457,0.09171834588050842
YKL155C,YDL112W,1,2.2336519,0.292438268661499,0.37824350595474243,0.09171834588050842
YDR533C,YJL048C,0,2.233459,0.2922127842903137,0.37824350595474243,0.09181836247444153
YDR014W,YOR306C,0,2.233437,0.29198768734931946,0.37824350595474243,0.09191838651895523
YPR081C,YKL056C,0,2.2332425,0.2917628884315491,0.37824350595474243,0.09201840311288834
YOR124C,YOR306C,0,2.2328358,0.29153844714164734,0.37824350595474243,0.09211842715740204
YER091C,YDR198C,1,2.2324057,0.2920830249786377,0.3792415261268616,0.09211842715740204
YDR120C,YDR140W,1,2.2309048,0.2926267385482788,0.3802395164966583,0.09211842715740204
YPR016C,YOL080C,0,2.229813,0.29240214824676514,0.3802395164966583,0.09221844375133514
YCL055W,YOL124C,1,2.2293334,0.2929447889328003,0.38123753666877747,0.09221844375133514
YML008C,YER091C,1,2.2248206,0.2934865951538086,0.3822355270385742,0.09221844375133514
YBR133C,YOR201C,1,2.2228646,0.29402756690979004,0.38323354721069336,0.09221844375133514
YIL078W,YPR047W,0,2.2220573,0.2938025891780853,0.38323354721069336,0.09231846034526825
YGR286C,YIL113W,0,2.2217407,0.29357796907424927,0.38323354721069336,0.09241848438978195
YML054C,YPL090C,0,2.2215595,0.29335370659828186,0.38323354721069336,0.09251850098371506
YDR447C,YGR189C,0,2.2213223,0.2931297719478607,0.38323354721069336,0.09261852502822876
YHR031C,YPL060W,0,2.2212355,0.29290616512298584,0.38323354721069336,0.09271854162216187
YMR217W,YJL008C,0,2.2201962,0.2926829159259796,0.38323354721069336,0.09281856566667557
YKL100C,YOL139C,0,2.2196565,0.29246002435684204,0.38323354721069336,0.09291858226060867
YCR081W,YJL189W,0,2.2190232,0.29223743081092834,0.38323354721069336,0.09301860630512238
YCL055W,YML095C,0,2.2164679,0.2920151948928833,0.38323354721069336,0.09311862289905548
YDL129W,YHL008C,0,2.216023,0.2917933166027069,0.38323354721069336,0.09321864694356918
YER133W,YDL060W,0,2.2155285,0.2915717661380768,0.38323354721069336,0.09331866353750229
YPR047W,YLL022C,0,2.214517,0.2913505434989929,0.38323354721069336,0.0934186801314354
YPL208W,YDR165W,1,2.2143097,0.2918877899646759,0.3842315375804901,0.0934186801314354
YFL037W,YLL035W,0,2.2136312,0.2916666567325592,0.3842315375804901,0.0935187041759491
YDR101C,YPR054W,0,2.2134032,0.29144588112831116,0.3842315375804901,0.0936187207698822
YBL024W,YKL018W,1,2.2125158,0.29198184609413147,0.38522952795028687,0.0936187207698822
YER027C,YNL149C,0,2.2120004,0.2917611598968506,0.38522952795028687,0.0937187448143959
YDR536W,YOR389W,0,2.2117116,0.2915407717227936,0.38522952795028687,0.09381876140832901
YBR289W,YNR041C,0,2.208069,0.2913207411766052,0.38522952795028687,0.09391878545284271
YEL054C,YOR369C,0,2.2080407,0.2911010682582855,0.38522952795028687,0.09401880204677582
YOR047C,YNL301C,0,2.206438,0.2908816933631897,0.38522952795028687,0.09411882609128952
YJL157C,YBR205W,0,2.2052724,0.29066264629364014,0.38522952795028687,0.09421884268522263
YDL201W,YDR408C,1,2.2050686,0.29119637608528137,0.386227548122406,0.09421884268522263
YBR036C,YCL075W,0,2.2039742,0.29097744822502136,0.386227548122406,0.09431886672973633
YMR290C,YDL108W,0,2.203505,0.29075881838798523,0.386227548122406,0.09441888332366943
YGR086C,YPL101W,0,2.2027617,0.29054054617881775,0.386227548122406,0.09451890736818314
YLR237W,YIL026C,0,2.202341,0.29032257199287415,0.386227548122406,0.09461892396211624
YLR172C,YBR133C,1,2.202015,0.2908545732498169,0.38722553849220276,0.09461892396211624
YLL062C,YDR408C,1,2.1996994,0.2913857698440552,0.3882235586643219,0.09461892396211624
YJR139C,YOR080W,0,2.1990476,0.291167676448822,0.3882235586643219,0.09471894055604935
YER025W,YNL159C,0,2.1987047,0.29094988107681274,0.3882235586643219,0.09481896460056305
YML094W,YML113W,0,2.1982229,0.2907324433326721,0.3882235586643219,0.09491898119449615
YGL119W,YNL112W,0,2.197565,0.29051530361175537,0.3882235586643219,0.09501900523900986
YLR172C,YIL110W,1,2.197318,0.29104477167129517,0.38922154903411865,0.09501900523900986
YML012W,YNL191W,0,2.1963837,0.29082775115966797,0.38922154903411865,0.09511902183294296
YGL147C,YDR247W,0,2.1959155,0.29061102867126465,0.38922154903411865,0.09521904587745667
YCR098C,YHR013C,0,2.1956425,0.2903946340084076,0.38922154903411865,0.09531906247138977
YJR009C,YCL063W,0,2.1924982,0.2901785671710968,0.38922154903411865,0.09541908651590347
YGL229C,YLL022C,0,2.1919494,0.2899628281593323,0.38922154903411865,0.09551910310983658
YHR070W,YBL013W,1,2.191518,0.2904903292655945,0.3902195692062378,0.09551910310983658
YNL227C,YBR297W,0,2.1907625,0.2902746796607971,0.3902195692062378,0.09561912715435028
YGL136C,YNR043W,0,2.1891594,0.290059357881546,0.3902195692062378,0.09571914374828339
YOR096W,YPL060W,0,2.1891093,0.2898443341255188,0.3902195692062378,0.09581916034221649
YGR001C,YML014W,1,2.1883976,0.290370374917984,0.39121755957603455,0.09581916034221649
YCR009C,YKR094C,0,2.188397,0.29015544056892395,0.39121755957603455,0.0959191843867302
YML077W,YEL058W,0,2.1880279,0.28994083404541016,0.39121755957603455,0.0960192009806633
YDL112W,YOR201C,1,2.187466,0.2904656231403351,0.3922155797481537,0.0960192009806633
YML008C,YMR321C,1,2.1865427,0.2909896671772003,0.39321357011795044,0.0960192009806633
YOL096C,YBR175W,1,2.1863024,0.2915129065513611,0.3942115902900696,0.0960192009806633
YPL017C,YHR052W,0,2.1855092,0.29129794239997864,0.3942115902900696,0.096119225025177
YDR228C,YHR044C,0,2.1849797,0.29108327627182007,0.3942115902900696,0.09621924161911011
YBL024W,YER095W,0,2.1848705,0.29086893796920776,0.3942115902900696,0.09631926566362381
YIR036C,YGL253W,0,2.1843543,0.29065489768981934,0.3942115902900696,0.09641928225755692
YGL161C,YMR017W,0,2.1840944,0.2904411852359772,0.3942115902900696,0.09651930630207062
YKL109W,YLR403W,0,2.18407,0.2902277708053589,0.3942115902900696,0.09661932289600372
YDL060W,YGL185C,0,2.183156,0.29001468420028687,0.3942115902900696,0.09671934694051743
YOL092W,YCR004C,0,2.182701,0.2898018956184387,0.3942115902900696,0.09681936353445053
YPR108W,YOR246C,0,2.1823936,0.28958943486213684,0.3942115902900696,0.09691938757896423
YKL004W,YHR011W,0,2.1822238,0.2893773019313812,0.3942115902900696,0.09701940417289734
YHR153C,YBR035C,0,2.182002,0.2891654372215271,0.3942115902900696,0.09711942076683044
YDL205C,YDL008W,0,2.1818924,0.28895390033721924,0.3942115902900696,0.09721944481134415
YML115C,YDR116C,0,2.1805067,0.28874269127845764,0.3942115902900696,0.09731946140527725
YBR286W,YGL123W,0,2.1788812,0.2885317802429199,0.3942115902900696,0.09741948544979095
YKL004W,YPL153C,0,2.1747074,0.2883211672306061,0.3942115902900696,0.09751950204372406
YLR172C,YKR009C,0,2.1746073,0.2881108820438385,0.3942115902900696,0.09761952608823776
YBR273C,YBR283C,0,2.1743822,0.2879008650779724,0.3942115902900696,0.09771954268217087
YPL208W,YDR257C,1,2.1742568,0.2884195148944855,0.39520958065986633,0.09771954268217087
YML015C,YMR152W,0,2.173874,0.28820961713790894,0.39520958065986633,0.09781956672668457
YJR073C,YHR207C,1,2.1738045,0.2887272834777832,0.3962075710296631,0.09781956672668457
YOR288C,YAL003W,0,2.1732244,0.28851744532585144,0.3962075710296631,0.09791958332061768
YNR046W,YHR119W,1,2.173097,0.2890341281890869,0.3972055912017822,0.09791958332061768
YIL064W,YLR285W,1,2.172615,0.2895500659942627,0.398203581571579,0.09791958332061768
YLL009C,YGL253W,0,2.1722023,0.2893401086330414,0.398203581571579,0.09801960736513138
YDR198C,YOL124C,1,2.1708243,0.28985506296157837,0.3992016017436981,0.09801960736513138
YML018C,YOR211C,0,2.1701674,0.2896451950073242,0.3992016017436981,0.09811962395906448
YLR096W,YCL059C,0,2.1685328,0.28943559527397156,0.3992016017436981,0.09821964055299759
YJL129C,YLR304C,0,2.1669593,0.28922632336616516,0.3992016017436981,0.09831966459751129
YJR073C,YJR129C,1,2.1668615,0.2897398769855499,0.4001995921134949,0.09831966459751129
YPL019C,YLL001W,0,2.1667628,0.2895306944847107,0.4001995921134949,0.0984196811914444
YGR191W,YOL109W,0,2.1667235,0.28932178020477295,0.4001995921134949,0.0985197052359581
YDR228C,YGR286C,0,2.1649652,0.28911319375038147,0.4001995921134949,0.0986197218298912
YDR055W,YGR200C,0,2.1641917,0.28890490531921387,0.4001995921134949,0.09871974587440491
YMR042W,YOR374W,0,2.1640205,0.28869691491127014,0.4001995921134949,0.09881976246833801
YJR121W,YMR221C,0,2.1628299,0.2884892225265503,0.4001995921134949,0.09891978651285172
YBL013W,YBR030W,1,2.162436,0.2890007197856903,0.401197612285614,0.09891978651285172
YJR129C,YDR120C,1,2.1624355,0.289511501789093,0.40219560265541077,0.09891978651285172
YKR058W,YML095C,0,2.161963,0.28930366039276123,0.40219560265541077,0.09901980310678482
YBR175W,YJR076C,0,2.1614068,0.2890961170196533,0.40219560265541077,0.09911982715129852
YIL145C,YPR041W,0,2.1609445,0.2888889014720917,0.40219560265541077,0.09921984374523163
YPL273W,YLR285W,1,2.159977,0.28939828276634216,0.4031936228275299,0.09921984374523163
YBL054W,YIL051C,0,2.1595795,0.2891911268234253,0.4031936228275299,0.09931986033916473
YLR448W,YML091C,0,2.159574,0.2889842689037323,0.4031936228275299,0.09941988438367844
YDR400W,YMR285C,0,2.1588135,0.2887777090072632,0.4031936228275299,0.09951990097761154
YML008C,YLR285W,1,2.1585197,0.28928571939468384,0.40419161319732666,0.09951990097761154
YGL089C,YOL120C,0,2.1584215,0.2890792191028595,0.40419161319732666,0.09961992502212524
YJL048C,YJR075W,0,2.1578283,0.2888730466365814,0.40419161319732666,0.09971994161605835
YDL051W,YOL156W,0,2.1569266,0.28866714239120483,0.40419161319732666,0.09981996566057205
YML005W,YBR034C,1,2.1563215,0.28917378187179565,0.4051896333694458,0.09981996566057205
YMR321C,YOR074C,1,2.1559057,0.28967970609664917,0.40618762373924255,0.09981996566057205
YOL127W,YGL084C,0,2.1551843,0.28947368264198303,0.40618762373924255,0.09991998225450516
YOL018C,YDR418W,0,2.1535747,0.28926795721054077,0.40618762373924255,0.10002000629901886
YNL001W,YBR160W,0,2.1520438,0.2890625,0.40618762373924255,0.10012002289295197
YOR315W,YMR165C,0,2.1517673,0.2888573408126831,0.40618762373924255,0.10022004693746567
YLR134W,YLR048W,0,2.1514978,0.2886524796485901,0.40618762373924255,0.10032006353139877
YGL191W,YBR185C,0,2.1510577,0.28844791650772095,0.40618762373924255,0.10042008757591248
YBR271W,YNL061W,1,2.1503284,0.2889518439769745,0.4071856141090393,0.10042008757591248
YKL004W,YDR465C,0,2.1498957,0.2887473404407501,0.4071856141090393,0.10052010416984558
YLR126C,YDR483W,0,2.149757,0.28854313492774963,0.4071856141090393,0.10062012076377869
YLL013C,YNR011C,0,2.149415,0.288339227437973,0.4071856141090393,0.10072014480829239
YJL157C,YJL164C,0,2.1492014,0.2881355881690979,0.4071856141090393,0.1008201614022255
YER036C,YLR276C,0,2.149147,0.28793224692344666,0.4071856141090393,0.1009201854467392
YLR204W,YMR217W,0,2.148406,0.2877292037010193,0.4071856141090393,0.1010202020406723
YBL024W,YIL064W,1,2.1482134,0.28823113441467285,0.40818363428115845,0.1010202020406723
YBR261C,YMR321C,1,2.147691,0.2887323796749115,0.4091816246509552,0.1010202020406723
YML005W,YOR074C,1,2.146175,0.28923293948173523,0.41017964482307434,0.1010202020406723
YJR016C,YCR098C,0,2.1446505,0.2890295386314392,0.41017964482307434,0.101120226085186
YLR385C,YOL071W,0,2.1436803,0.28882643580436707,0.41017964482307434,0.10122024267911911
YNL310C,YEL050C,0,2.1435003,0.2886236011981964,0.41017964482307434,0.10132026672363281
YER153C,YOR150W,0,2.1431224,0.28842106461524963,0.41017964482307434,0.10142028331756592
YDR388W,YPL186C,0,2.1430473,0.28821879625320435,0.41017964482307434,0.10152030736207962
YKL183W,YNL189W,0,2.1424913,0.28801682591438293,0.41017964482307434,0.10162032395601273
YER164W,YDR298C,0,2.1423025,0.287815123796463,0.41017964482307434,0.10172034054994583
YPL220W,YDR447C,0,2.1422572,0.28761371970176697,0.41017964482307434,0.10182036459445953
YMR321C,YDR198C,1,2.141902,0.2881118953227997,0.4111776351928711,0.10182036459445953
YJL157C,YPR098C,0,2.1418262,0.2879105508327484,0.4111776351928711,0.10192038118839264
YGR063C,YDL095W,0,2.1413453,0.287709504365921,0.4111776351928711,0.10202040523290634
YBR240C,YBR033W,0,2.1402516,0.2875087261199951,0.4111776351928711,0.10212042182683945
YBR258C,YIL110W,1,2.1400657,0.2880055904388428,0.41217565536499023,0.10212042182683945
YHR109W,YDR140W,1,2.1398888,0.2885017395019531,0.413173645734787,0.10212042182683945
YGR047C,YBL090W,0,2.1380963,0.28830084204673767,0.413173645734787,0.10222044587135315
YPR166C,YLR276C,0,2.1379921,0.2881002128124237,0.413173645734787,0.10232046246528625
YIL150C,YPL111W,0,2.137343,0.28789985179901123,0.413173645734787,0.10242048650979996
YOL030W,YHR044C,0,2.137071,0.28769978880882263,0.413173645734787,0.10252050310373306
YGL050W,YGL192W,1,2.137058,0.2881944477558136,0.41417166590690613,0.10252050310373306
YML043C,YER147C,0,2.136832,0.2879944443702698,0.41417166590690613,0.10262052714824677
YGR159C,YML125C,0,2.136056,0.28779473900794983,0.41417166590690613,0.10272054374217987
YJR075W,YIL160C,0,2.1357267,0.28759530186653137,0.41417166590690613,0.10282056778669357
YAR015W,YER131W,0,2.1344638,0.2873961329460144,0.41417166590690613,0.10292058438062668
YHR070W,YJR073C,1,2.1342788,0.2878892719745636,0.4151696562767029,0.10292058438062668
YMR235C,YMR023C,0,2.133949,0.2876901924610138,0.4151696562767029,0.10302060097455978
YDL144C,YHR186C,0,2.1338143,0.2874913513660431,0.4151696562767029,0.10312062501907349
YLR459W,YOL140W,0,2.133462,0.28729280829429626,0.4151696562767029,0.10322064161300659
YOL093W,YAR003W,1,2.1329093,0.2877846658229828,0.416167676448822,0.10322064161300659
YBL024W,YDR165W,1,2.1320314,0.2882758677005768,0.4171656668186188,0.10322064161300659
YCR020C,YOL077C,0,2.1307387,0.288077175617218,0.4171656668186188,0.1033206656575203
YHR013C,YGR014W,0,2.1306803,0.28787878155708313,0.4171656668186188,0.1034206822514534
YOR061W,YPR098C,0,2.1304336,0.28768065571784973,0.4171656668186188,0.1035207062959671
YBR267W,YJL189W,0,2.1304116,0.2874827980995178,0.4171656668186188,0.10362072288990021
YDL051W,YDL067C,0,2.130033,0.2872852087020874,0.4171656668186188,0.10372074693441391
YMR282C,YJL170C,0,2.1291208,0.28708791732788086,0.4171656668186188,0.10382076352834702
YJR073C,YHR109W,1,2.128931,0.28757721185684204,0.4181636869907379,0.10382076352834702
YJR097W,YGR001C,0,2.1285238,0.2873799800872803,0.4181636869907379,0.10392078757286072
YNL280C,YDL060W,0,2.1281343,0.28718301653862,0.4181636869907379,0.10402080416679382
YGL185C,YGR123C,0,2.124695,0.2869862914085388,0.4181636869907379,0.10412082076072693
YML054C,YDL127W,0,2.1245832,0.2867898643016815,0.4181636869907379,0.10422084480524063
YJL033W,YOL147C,0,2.1243472,0.2865937054157257,0.4181636869907379,0.10432086139917374
YDL127W,YHR181W,0,2.123258,0.2863978147506714,0.4181636869907379,0.10442088544368744
YDL101C,YER089C,0,2.1230338,0.28620219230651855,0.4181636869907379,0.10452090203762054
YOR063W,YKL195W,0,2.1222217,0.2860068380832672,0.4181636869907379,0.10462092608213425
YGL223C,YOL123W,0,2.1214547,0.28581172227859497,0.4181636869907379,0.10472094267606735
YGL229C,YGR279C,0,2.1213994,0.2856169044971466,0.4181636869907379,0.10482096672058105
YBR236C,YJR129C,1,2.1210923,0.2861035466194153,0.41916167736053467,0.10482096672058105
YPR028W,YPL068C,0,2.1185493,0.2859087884426117,0.41916167736053467,0.10492098331451416
YDL130W,YGR123C,0,2.1179159,0.2857142984867096,0.41916167736053467,0.10502100735902786
YOR337W,YNR041C,0,2.1175852,0.2855200469493866,0.41916167736053467,0.10512102395296097
YER184C,YBR251W,0,2.1164198,0.2853260934352875,0.41916167736053467,0.10522104054689407
YDR257C,YGR157W,1,2.115532,0.28581127524375916,0.4201596677303314,0.10522104054689407
YLR126C,YAL025C,0,2.1140194,0.2856173813343048,0.4201596677303314,0.10532106459140778
YJR065C,YGR035C,0,2.1134362,0.28542372584342957,0.4201596677303314,0.10542108118534088
YFR003C,YDR478W,0,2.1099455,0.2852303385734558,0.4201596677303314,0.10552110522985458
YNR008W,YGR158C,0,2.109793,0.28503724932670593,0.4201596677303314,0.10562112182378769
YDL051W,YMR056C,0,2.109339,0.28484439849853516,0.4201596677303314,0.10572114586830139
YJL153C,YBR164C,0,2.1092749,0.2846517860889435,0.4201596677303314,0.1058211624622345
YGR054W,YER045C,0,2.108469,0.2844594717025757,0.4201596677303314,0.1059211865067482
YPR178W,YNL151C,0,2.1084485,0.284267395734787,0.4201596677303314,0.1060212031006813
YMR006C,YMR139W,0,2.1082406,0.2840755879878998,0.4201596677303314,0.10612122714519501
YPL091W,YLR304C,0,2.1081996,0.2838840186595917,0.4201596677303314,0.10622124373912811
YJL165C,YOL149W,0,2.108063,0.28369271755218506,0.4201596677303314,0.10632126778364182
YMR217W,YDR420W,0,2.10781,0.28350168466567993,0.4201596677303314,0.10642128437757492
YFR037C,YMR302C,0,2.1068976,0.2833108901977539,0.4201596677303314,0.10652130097150803
YDR140W,YIL064W,1,2.10581,0.2837928831577301,0.42115768790245056,0.10652130097150803
YNL092W,YBR175W,1,2.1055987,0.2842741906642914,0.4221556782722473,0.10652130097150803
YHR215W,YOR070C,0,2.1049228,0.2840832769870758,0.4221556782722473,0.10662132501602173
YJL125C,YIL026C,0,2.1035602,0.2838926315307617,0.4221556782722473,0.10672134160995483
YAL010C,YDR031W,0,2.1033878,0.28370222449302673,0.4221556782722473,0.10682136565446854
YLR214W,YGL205W,0,2.1024446,0.28351205587387085,0.4221556782722473,0.10692138224840164
YOL096C,YBL013W,1,2.1016178,0.2839919626712799,0.42315369844436646,0.10692138224840164
YGR157W,YDL112W,1,2.1012442,0.28447121381759644,0.4241516888141632,0.10692138224840164
YNL207W,YDR387C,0,2.1008563,0.284280925989151,0.4241516888141632,0.10702140629291534
YDL082W,YPR019W,0,2.0996897,0.28409090638160706,0.4241516888141632,0.10712142288684845
YNL301C,YJR001W,0,2.0989819,0.2839011251926422,0.4241516888141632,0.10722144693136215
YDR121W,YDR376W,0,2.0987892,0.28371161222457886,0.4241516888141632,0.10732146352529526
YIL172C,YAL013W,0,2.0983834,0.2835223376750946,0.4241516888141632,0.10742148756980896
YML018C,YDR265W,0,2.0979033,0.28333333134651184,0.4241516888141632,0.10752150416374207
YDL099W,YLR385C,0,2.0978637,0.2831445634365082,0.4241516888141632,0.10762152075767517
YLL013C,YHR017W,0,2.0969856,0.282956063747406,0.4241516888141632,0.10772154480218887
YNL024C,YER175C,1,2.0968816,0.28343313932418823,0.42514970898628235,0.10772154480218887
YOR265W,YGR123C,0,2.0961995,0.28324466943740845,0.42514970898628235,0.10782156139612198
YGR029W,YDR297W,0,2.0959597,0.28305646777153015,0.42514970898628235,0.10792158544063568
YDR532C,YLR287C-A,0,2.095852,0.28286853432655334,0.42514970898628235,0.10802160203456879
YLR008C,YMR211W,0,2.0943255,0.28268080949783325,0.42514970898628235,0.10812162607908249
YOR242C,YDR055W,0,2.094262,0.28249338269233704,0.42514970898628235,0.1082216426730156
YPL206C,YML009C,0,2.0935936,0.28230616450309753,0.42514970898628235,0.1083216667175293
YHR215W,YDR330W,0,2.093554,0.2821192145347595,0.42514970898628235,0.1084216833114624
YLR214W,YPL194W,0,2.0935054,0.2819325029850006,0.42514970898628235,0.1085217073559761
YDR197W,YCL031C,0,2.093423,0.2817460298538208,0.42514970898628235,0.10862172394990921
YNL112W,YIL171W,0,2.0917935,0.2815598249435425,0.42514970898628235,0.10872174799442291
YHR076W,YLR214W,0,2.0892777,0.28137385845184326,0.42514970898628235,0.10882176458835602
YEL038W,YBR142W,0,2.088859,0.28118813037872314,0.42514970898628235,0.10892178118228912
YDL210W,YGR063C,0,2.0875225,0.28100264072418213,0.42514970898628235,0.10902180522680283
YER095W,YLL035W,0,2.0853174,0.2808173894882202,0.42514970898628235,0.10912182182073593
YDL101C,YBR030W,0,2.0849397,0.2806324064731598,0.42514970898628235,0.10922184586524963
YJL033W,YKL116C,0,2.0848553,0.28044766187667847,0.42514970898628235,0.10932186245918274
YAR015W,YDL166C,0,2.084594,0.28026315569877625,0.42514970898628235,0.10942188650369644
YML008C,YDR140W,1,2.0832143,0.28073635697364807,0.4261476993560791,0.10942188650369644
YNR043W,YBR297W,0,2.0827491,0.2805519104003906,0.4261476993560791,0.10952190309762955
YHL008C,YIL113W,0,2.082734,0.2803677022457123,0.4261476993560791,0.10962192714214325
YJR145C,YOL065C,0,2.0824625,0.28018373250961304,0.4261476993560791,0.10972194373607635
YOL141W,YJL125C,1,2.0821447,0.28065574169158936,0.42714571952819824,0.10972194373607635
YLR008C,YBR267W,0,2.0816033,0.2804718315601349,0.42714571952819824,0.10982196778059006
YGR029W,YDR418W,0,2.0813856,0.2802881598472595,0.42714571952819824,0.10992198437452316
YHL044W,YLR008C,0,2.0806675,0.28010472655296326,0.42714571952819824,0.11002200096845627
YIL172C,YHR010W,0,2.0776005,0.2799215316772461,0.42714571952819824,0.11012202501296997
YMR006C,YML125C,0,2.0775847,0.27973857522010803,0.42714571952819824,0.11022204160690308
YDR022C,YIL093C,0,2.0754578,0.2795558571815491,0.42714571952819824,0.11032206565141678
YDR120C,YER112W,0,2.0752559,0.2793733775615692,0.42714571952819824,0.11042208224534988
YMR217W,YBL022C,0,2.0752227,0.27919113636016846,0.42714571952819824,0.11052210628986359
YNL191W,YGL031C,0,2.0748818,0.2790091335773468,0.42714571952819824,0.11062212288379669
YML113W,YDR288W,0,2.0745068,0.27882736921310425,0.42714571952819824,0.1107221469283104
YOR239W,YIL110W,1,2.0737603,0.279296875,0.428143709897995,0.1107221469283104
YEL054C,YHR117W,0,2.0720515,0.2791151702404022,0.428143709897995,0.1108221635222435
YML008C,YJL125C,1,2.071062,0.2795838713645935,0.42914173007011414,0.1108221635222435
YAR015W,YPL149W,0,2.0694356,0.2794021964073181,0.42914173007011414,0.1109221875667572
YDR046C,YNL151C,0,2.0692458,0.2792207896709442,0.42914173007011414,0.11102220416069031
YBR050C,YNL136W,0,2.0692334,0.279039591550827,0.42914173007011414,0.11112222075462341
YOR074C,YOR201C,1,2.0690284,0.2795071303844452,0.4301397204399109,0.11112222075462341
YNR050C,YHR064C,0,2.067998,0.2793259918689728,0.4301397204399109,0.11122224479913712
YPL273W,YMR321C,1,2.0678766,0.27979275584220886,0.43113771080970764,0.11122224479913712
YAR015W,YNR001C,0,2.0674992,0.27961164712905884,0.43113771080970764,0.11132226139307022
YKR038C,YCR081W,0,2.067194,0.2794307768344879,0.43113771080970764,0.11142228543758392
YLR381W,YHR136C,0,2.0658565,0.2792501747608185,0.43113771080970764,0.11152230203151703
YOR374W,YHR064C,0,2.0656197,0.27906978130340576,0.43113771080970764,0.11162232607603073
YBL078C,YCR004C,0,2.0650218,0.27888959646224976,0.43113771080970764,0.11172234266996384
YML018C,YDR115W,0,2.0636153,0.27870967984199524,0.43113771080970764,0.11182236671447754
YEL058W,YBR122C,0,2.0630333,0.27852997183799744,0.43113771080970764,0.11192238330841064
YPL090C,YGR061C,0,2.0619106,0.27835050225257874,0.43113771080970764,0.11202240735292435
YBR160W,YCL047C,0,2.0618591,0.27817127108573914,0.43113771080970764,0.11212242394685745
YLR015W,YBR030W,1,2.0614018,0.27863577008247375,0.4321357309818268,0.11212242394685745
YGR101W,YER070W,0,2.0611918,0.27845659852027893,0.4321357309818268,0.11222244799137115
YGL135W,YBL037W,0,2.060186,0.2782776355743408,0.4321357309818268,0.11232246458530426
YML091C,YKR105C,0,2.0576072,0.2780989110469818,0.4321357309818268,0.11242248117923737
YKL100C,YKL218C,0,2.0575428,0.2779204249382019,0.4321357309818268,0.11252250522375107
YML037C,YDR342C,0,2.0572772,0.2777421474456787,0.4321357309818268,0.11262252181768417
YDL192W,YIL145C,0,2.0565915,0.2775641083717346,0.4321357309818268,0.11272254586219788
YJR016C,YDL192W,0,2.0563827,0.27738627791404724,0.4321357309818268,0.11282256245613098
YBR267W,YNR043W,0,2.054857,0.27720871567726135,0.4321357309818268,0.11292258650064468
YER061C,YLL011W,0,2.0544763,0.2770313620567322,0.4321357309818268,0.11302260309457779
YGL191W,YHR147C,0,2.0543804,0.2768542170524597,0.4321357309818268,0.11312262713909149
YKL089W,YDR465C,0,2.0542529,0.27667731046676636,0.4321357309818268,0.1132226437330246
YOL152W,YML113W,0,2.0537744,0.2765006422996521,0.4321357309818268,0.1133226677775383
YKL109W,YNL115C,0,2.05364,0.27632418274879456,0.4321357309818268,0.1134226843714714
YCR072C,YDR265W,0,2.0533454,0.2761479616165161,0.4321357309818268,0.11352270096540451
YGL249W,YKR059W,0,2.0528321,0.2759719491004944,0.4321357309818268,0.11362272500991821
YDL060W,YMR150C,0,2.051981,0.27579617500305176,0.4321357309818268,0.11372274160385132
YDR342C,YKL024C,0,2.0514755,0.27562060952186584,0.4321357309818268,0.11382276564836502
YKR058W,YGR220C,0,2.051007,0.27544528245925903,0.4321357309818268,0.11392278224229813
YCR098C,YMR026C,0,2.0508466,0.2752701938152313,0.4321357309818268,0.11402280628681183
YDL210W,YBR158W,0,2.0501356,0.27509528398513794,0.4321357309818268,0.11412282288074493
YMR201C,YAL003W,0,2.0487201,0.27492064237594604,0.4321357309818268,0.11422284692525864
YNL136W,YCL066W,0,2.0485878,0.2747461795806885,0.4321357309818268,0.11432286351919174
YGL147C,YFL044C,0,2.0480444,0.2745719850063324,0.4321357309818268,0.11442288756370544
YMR088C,YBR122C,0,2.0479183,0.27439796924591064,0.4321357309818268,0.11452290415763855
YBL078C,YDR279W,0,2.047776,0.274224191904068,0.4321357309818268,0.11462292820215225
YNL024C,YDR316W,1,2.0475326,0.27468353509902954,0.43313372135162354,0.11462292820215225
YML040W,YCL059C,0,2.0472035,0.27450981736183167,0.43313372135162354,0.11472294479608536
YDR408C,YBR030W,1,2.0463448,0.27496838569641113,0.4341317415237427,0.11472294479608536
YIL078W,YBR035C,0,2.0453331,0.27479469776153564,0.4341317415237427,0.11482296139001846
YOR239W,YKL018W,1,2.0445695,0.2752525210380554,0.43512973189353943,0.11482296139001846
YGL050W,YLR285W,1,2.0444896,0.27570977807044983,0.43612775206565857,0.11482296139001846
YHR013C,YDL017W,0,2.0442772,0.2755359411239624,0.43612775206565857,0.11492298543453217
YGR162W,YGR189C,0,2.0419364,0.2753623127937317,0.43612775206565857,0.11502300202846527
YAL008W,YGR001C,0,2.0416923,0.2751889228820801,0.43612775206565857,0.11512302607297897
YLR419W,YDR483W,0,2.0397277,0.2750157415866852,0.43612775206565857,0.11522304266691208
YGR026W,YLR385C,0,2.0379367,0.274842768907547,0.43612775206565857,0.11532306671142578
YIL064W,YDL200C,1,2.0377896,0.2752985656261444,0.4371257424354553,0.11532306671142578
YDR134C,YOL056W,0,2.0371437,0.2751256227493286,0.4371257424354553,0.11542308330535889
YLR074C,YGR162W,0,2.0363364,0.2749529182910919,0.4371257424354553,0.11552310734987259
YLR106C,YMR098C,0,2.0358777,0.27478042244911194,0.4371257424354553,0.1156231239438057
YOL093W,YOR201C,1,2.0353143,0.275235116481781,0.43812376260757446,0.1156231239438057
YNL092W,YBR258C,1,2.0336704,0.2756892144680023,0.4391217529773712,0.1156231239438057
YPL090C,YJL056C,0,2.033411,0.2755165994167328,0.4391217529773712,0.1157231479883194
YGR159C,YDL130W-A,0,2.0326312,0.27534419298171997,0.4391217529773712,0.1158231645822525
YKL183W,YDR402C,0,2.0321438,0.27517199516296387,0.4391217529773712,0.11592318117618561
YGL229C,YMR292W,0,2.0321188,0.2750000059604645,0.4391217529773712,0.11602320522069931
YGL192W,YBR034C,1,2.0312338,0.2754528522491455,0.44011977314949036,0.11602320522069931
YHR206W,YOR063W,0,2.031162,0.2752808928489685,0.44011977314949036,0.11612322181463242
YLR139C,YGL106W,0,2.0291574,0.2751091718673706,0.44011977314949036,0.11622324585914612
YKR038C,YHR160C,0,2.02824,0.2749376595020294,0.44011977314949036,0.11632326245307922
YER025W,YJL101C,0,2.0282214,0.27476635575294495,0.44011977314949036,0.11642328649759293
YML070W,YER173W,0,2.0277429,0.2745952606201172,0.44011977314949036,0.11652330309152603
YLL062C,YOL093W,1,2.0276427,0.2750466763973236,0.4411177635192871,0.11652330309152603
YKR059W,YNR001C,0,2.0272818,0.27487561106681824,0.4411177635192871,0.11662332713603973
YGR157W,YDR410C,1,2.0269911,0.27532628178596497,0.44211575388908386,0.11662332713603973
YGR101W,YCL031C,0,2.0258012,0.27515527606010437,0.44211575388908386,0.11672334372997284
YGL120C,YDR400W,0,2.024957,0.2749844789505005,0.44211575388908386,0.11682336777448654
YBR296C,YNL306W,0,2.0249147,0.2748138904571533,0.44211575388908386,0.11692338436841965
YOL093W,YBR034C,1,2.0240698,0.2752634882926941,0.443113774061203,0.11692338436841965
YIL138C,YEL058W,0,2.0239253,0.2750929296016693,0.443113774061203,0.11702340096235275
YML125C,YNL098C,0,2.0199232,0.27492260932922363,0.443113774061203,0.11712342500686646
YAL008W,YCR054C,0,2.019628,0.2747524678707123,0.443113774061203,0.11722344160079956
YJL168C,YKR056W,1,2.0194962,0.2752009928226471,0.44411176443099976,0.11722344160079956
YDR536W,YGR124W,0,2.0187948,0.2750309109687805,0.44411176443099976,0.11732346564531326
YNL210W,YLR192C,0,2.0184684,0.27486103773117065,0.44411176443099976,0.11742348223924637
YOR278W,YIR006C,0,2.0179536,0.2746913433074951,0.44411176443099976,0.11752350628376007
YAR003W,YMR321C,1,2.0172334,0.275138795375824,0.4451097846031189,0.11752350628376007
YGL232W,YLR188W,0,2.0155234,0.2749691605567932,0.4451097846031189,0.11762352287769318
YJR010C-A,YPL038W,0,2.014969,0.27479976415634155,0.4451097846031189,0.11772354692220688
YML094W,YHR044C,0,2.013903,0.2746305465698242,0.4451097846031189,0.11782356351613998
YKR056W,YBR176W,1,2.0135305,0.2750769257545471,0.44610777497291565,0.11782356351613998
YBR236C,YML008C,1,2.0126238,0.27552276849746704,0.4471057951450348,0.11782356351613998
YMR256C,YDR032C,0,2.0122595,0.27535340189933777,0.4471057951450348,0.11792358756065369
YJL133W,YPL092W,0,2.0116155,0.2751842737197876,0.4471057951450348,0.11802360415458679
YBR198C,YPL123C,0,2.0108352,0.27501535415649414,0.4471057951450348,0.1181236281991005
YER036C,YDR115W,0,2.00861,0.274846613407135,0.4471057951450348,0.1182236447930336
YOL139C,YDL180W,0,2.0085378,0.274678111076355,0.4471057951450348,0.1183236613869667
YBR105C,YGL031C,0,2.008198,0.27450981736183167,0.4471057951450348,0.11842368543148041
YMR281W,YGR061C,0,2.0060987,0.2743417024612427,0.4471057951450348,0.11852370202541351
YNL159C,YNL119W,0,2.0053484,0.2741737961769104,0.4471057951450348,0.11862372606992722
YDR440W,YDR465C,1,2.0051026,0.2746177315711975,0.44810378551483154,0.11862372606992722
YFR005C,YOL123W,0,2.004901,0.27444988489151,0.44810378551483154,0.11872374266386032
YOR074C,YJL125C,1,2.0048614,0.2748931050300598,0.4491018056869507,0.11872374266386032
YCL055W,YDR523C,0,2.0048337,0.2747252881526947,0.4491018056869507,0.11882376670837402
YDL056W,YLR237W,0,2.0045784,0.2745576500892639,0.4491018056869507,0.11892378330230713
YBL060W,YPR031W,0,2.0036993,0.27439025044441223,0.4491018056869507,0.11902380734682083
YAL008W,YKL164C,0,2.0032628,0.2742230296134949,0.4491018056869507,0.11912382394075394
YNL301C,YML037C,0,2.0029774,0.27405601739883423,0.4491018056869507,0.11922384798526764
YLR439W,YJL170C,0,2.0027194,0.2738892138004303,0.4491018056869507,0.11932386457920074
YHR044C,YLR441C,0,2.0023859,0.2737226188182831,0.4491018056869507,0.11942388117313385
YLR285W,YCR047C,1,2.0022833,0.2741641402244568,0.45009979605674744,0.11942388117313385
YBR175W,YDR055W,0,2.0020738,0.27399757504463196,0.45009979605674744,0.11952390521764755
YDL060W,YNL268W,0,2.0016038,0.27383121848106384,0.45009979605674744,0.11962392181158066
YDR408C,YDR465C,1,2.001404,0.2742718458175659,0.4510978162288666,0.11962392181158066
YLR214W,YKR094C,0,2.001214,0.2741055190563202,0.4510978162288666,0.11972394585609436
YNL292W,YJR155W,0,2.00101,0.2739394009113312,0.4510978162288666,0.11982396245002747
YDR238C,YDR120C,0,2.0008616,0.2737734615802765,0.4510978162288666,0.11992398649454117
YPL019C,YMR292W,0,2.0006392,0.2736077606678009,0.4510978162288666,0.12002400308847427
YJR121W,YGR194C,0,2.0000148,0.27344223856925964,0.4510978162288666,0.12012402713298798
YER086W,YBR142W,0,1.9995805,0.2732768952846527,0.4510978162288666,0.12022404372692108
YIL111W,YER030W,0,1.9993135,0.2731117904186249,0.4510978162288666,0.12032406777143478
YIR014W,YBR214W,0,1.9990727,0.27294686436653137,0.4510978162288666,0.12042408436536789
YGR047C,YDR101C,0,1.9982449,0.2727821469306946,0.4510978162288666,0.12052410840988159
YCR047C,YGR157W,1,1.9977318,0.2732207477092743,0.45209580659866333,0.12052410840988159
YNL218W,YOR265W,0,1.9963807,0.2730560600757599,0.45209580659866333,0.1206241250038147
YDL130W,YCR094W,0,1.9963278,0.2728915810585022,0.45209580659866333,0.1207241415977478
YOR233W,YGL084C,0,1.9948097,0.27272728085517883,0.45209580659866333,0.1208241656422615
YBR271W,YDL112W,1,1.9946741,0.27316486835479736,0.45309382677078247,0.1208241656422615
YDR536W,YOR326W,0,1.9946424,0.2730005979537964,0.45309382677078247,0.12092418223619461
YIL150C,YOL157C,0,1.9944223,0.2728365361690521,0.45309382677078247,0.12102420628070831
YJL136C,YNL012W,0,1.9942981,0.2726726830005646,0.45309382677078247,0.12112422287464142
YDR236C,YLR385C,0,1.9936634,0.27250900864601135,0.45309382677078247,0.12122424691915512
YHR207C,YLL050C,0,1.9936157,0.27234554290771484,0.45309382677078247,0.12132426351308823
YOR155C,YER164W,0,1.9930333,0.27218225598335266,0.45309382677078247,0.12142428755760193
YGL192W,YBR175W,1,1.9926811,0.2726183235645294,0.4540918171405792,0.12142428755760193
YDR086C,YNR007C,0,1.9922215,0.272455096244812,0.4540918171405792,0.12152430415153503
YOR143C,YOL056W,0,1.9904226,0.27229204773902893,0.4540918171405792,0.12162432819604874
YBR175W,YHR209W,1,1.989348,0.27272728085517883,0.455089807510376,0.12162432819604874
YBR092C,YBR009C,0,1.9887892,0.27256426215171814,0.455089807510376,0.12172434478998184
YHR207C,YLR285W,1,1.9884926,0.2729988098144531,0.4560878276824951,0.12172434478998184
YGL119W,YCL027W,0,1.9882876,0.2728358209133148,0.4560878276824951,0.12182436138391495
YLR188W,YGL157W,0,1.9877964,0.2726730406284332,0.4560878276824951,0.12192438542842865
YGR262C,YNL151C,0,1.9872767,0.27251043915748596,0.4560878276824951,0.12202440202236176
YGL147C,YPL103C,0,1.9871994,0.2723480463027954,0.4560878276824951,0.12212442606687546
YOL117W,YAL035W,0,1.9870831,0.2721858322620392,0.4560878276824951,0.12222444266080856
YDR071C,YOL056W,0,1.9870287,0.2720237970352173,0.4560878276824951,0.12232446670532227
YPL226W,YER096W,0,1.986292,0.2718620002269745,0.4560878276824951,0.12242448329925537
YGR124W,YLR099C,0,1.9859294,0.27170035243034363,0.4560878276824951,0.12252450734376907
YOR039W,YGL039W,0,1.9856917,0.2715389132499695,0.4560878276824951,0.12262452393770218
YDR531W,YNL166C,0,1.9854828,0.27137768268585205,0.4560878276824951,0.12272454798221588
YDR418W,YMR017W,0,1.9853085,0.27121663093566895,0.4560878276824951,0.12282456457614899
YGL191W,YNL162W,0,1.9829706,0.27105575799942017,0.4560878276824951,0.12292458862066269
YDL166C,YDR253C,0,1.9825374,0.2708950936794281,0.4560878276824951,0.1230246052145958
YCR047C,YDL112W,1,1.9825288,0.27132701873779297,0.45708581805229187,0.1230246052145958
YPL060W,YGR162W,0,1.9819537,0.2711663842201233,0.45708581805229187,0.1231246218085289
YLL062C,YBR175W,1,1.9818217,0.27159762382507324,0.458083838224411,0.1231246218085289
YPL144W,YBL064C,0,1.9809922,0.27143701910972595,0.458083838224411,0.1232246458530426
YMR142C,YDR231C,0,1.9799422,0.271276593208313,0.458083838224411,0.12332466244697571
YOL103W,YDL082W,0,1.9796461,0.27111637592315674,0.458083838224411,0.12342468649148941
YDR469W,YML110C,1,1.9783117,0.2715466320514679,0.45908182859420776,0.12342468649148941
YBR034C,YDL033C,1,1.9771236,0.27197641134262085,0.4600798487663269,0.12342468649148941
YKR069W,YBL013W,1,1.9769732,0.2724056541919708,0.46107783913612366,0.12342468649148941
YML074C,YML037C,0,1.9769531,0.2722451388835907,0.46107783913612366,0.12352470308542252
YGR001C,YLR285W,1,1.9756895,0.27267372608184814,0.4620758593082428,0.12352470308542252
YDR536W,YHR070W,0,1.97568,0.2725132405757904,0.4620758593082428,0.12362472712993622
YML129C,YNL308C,0,1.975134,0.272352933883667,0.4620758593082428,0.12372474372386932
YDL137W,YOR061W,0,1.9749988,0.2721928358078003,0.4620758593082428,0.12382476776838303
YNL210W,YAR007C,0,1.9736842,0.2720329165458679,0.4620758593082428,0.12392478436231613
YMR006C,YGL205W,0,1.9735044,0.2718731760978699,0.4620758593082428,0.12402480840682983
YCR053W,YGR014W,0,1.9725064,0.27171361446380615,0.4620758593082428,0.12412482500076294
YMR235C,YDL204W,0,1.9724814,0.27155426144599915,0.4620758593082428,0.12422484159469604
YKL021C,YCL047C,0,1.9707686,0.27139508724212646,0.4620758593082428,0.12432486563920975
YOL092W,YAL058W,0,1.9686404,0.2712360918521881,0.4620758593082428,0.12442488223314285
YDR032C,YDR044W,0,1.9685253,0.2710772752761841,0.4620758593082428,0.12452490627765656
YBL054W,YMR130W,0,1.9672185,0.27091866731643677,0.4620758593082428,0.12462492287158966
YOL100W,YJR016C,0,1.9666027,0.2707602381706238,0.4620758593082428,0.12472494691610336
YBR024W,YEL017C-A,0,1.9658114,0.2706019878387451,0.4620758593082428,0.12482496351003647
YKL034W,YCR054C,0,1.9657446,0.2704439163208008,0.4620758593082428,0.12492498755455017
YCL063W,YIL090W,0,1.9639629,0.27028605341911316,0.4620758593082428,0.12502500414848328
YKR037C,YGR200C,0,1.9636756,0.27012836933135986,0.4620758593082428,0.12512502074241638
YER114C,YMR152W,0,1.9628335,0.2699708342552185,0.4620758593082428,0.12522505223751068
YDR139C,YJL025W,0,1.962402,0.26981350779533386,0.4620758593082428,0.1253250688314438
YJL198W,YOR369C,0,1.9620146,0.26965638995170593,0.4620758593082428,0.1254250854253769
YNL092W,YDR408C,1,1.9606646,0.270081490278244,0.46307384967803955,0.1254250854253769
YML125C,YDR376W,0,1.9582258,0.2699243724346161,0.46307384967803955,0.12552510201931
YGL040C,YDR014W,0,1.9573642,0.2697674334049225,0.46307384967803955,0.1256251186132431
YLR096W,YLL011W,0,1.9573156,0.2696107029914856,0.46307384967803955,0.1257251501083374
YHR028C,YER133W,0,1.9571234,0.26945412158966064,0.46307384967803955,0.1258251667022705
YPL144W,YPL026C,0,1.9558531,0.2692977488040924,0.46307384967803955,0.1259251832962036
YDR074W,YKL109W,0,1.9549466,0.2691415250301361,0.46307384967803955,0.12602519989013672
YEL058W,YJL133W,0,1.954425,0.2689855098724365,0.46307384967803955,0.12612523138523102
YMR282C,YBR241C,0,1.9541506,0.26882967352867126,0.46307384967803955,0.12622524797916412
YML074C,YAL008W,0,1.9538089,0.26867401599884033,0.46307384967803955,0.12632526457309723
YLR370C,YAL003W,0,1.9537958,0.26851850748062134,0.46307384967803955,0.12642528116703033
YPL148C,YNL207W,0,1.9536067,0.26836320757865906,0.46307384967803955,0.12652529776096344
YBR286W,YAL035W,0,1.9534801,0.2682080864906311,0.46307384967803955,0.12662532925605774
YKL218C,YJL109C,0,1.9532787,0.2680531442165375,0.46307384967803955,0.12672534584999084
YJL157C,YGL136C,0,1.9528536,0.2678983807563782,0.46307384967803955,0.12682536244392395
YIL111W,YML060W,0,1.9523576,0.2677437961101532,0.46307384967803955,0.12692537903785706
YFR015C,YDR390C,0,1.9522551,0.26758939027786255,0.46307384967803955,0.12702541053295135
YEL054C,YFL029C,0,1.9505707,0.2674351632595062,0.46307384967803955,0.12712542712688446
YDR012W,YGL003C,0,1.9494826,0.26728111505508423,0.46307384967803955,0.12722544372081757
YBL061C,YBR142W,0,1.9491714,0.26712724566459656,0.46307384967803955,0.12732546031475067
YIL027C,YOR014W,0,1.9490272,0.2669735252857208,0.46307384967803955,0.12742549180984497
YBR050C,YGL040C,0,1.9489838,0.2668200135231018,0.46307384967803955,0.12752550840377808
YMR042W,YBR160W,0,1.9489027,0.2666666805744171,0.46307384967803955,0.12762552499771118
YGL050W,YML008C,1,1.9481465,0.2670878767967224,0.4640718698501587,0.12762552499771118
YOR057W,YPR041W,0,1.9473284,0.2669345438480377,0.4640718698501587,0.1277255415916443
YOL072W,YKL056C,0,1.9473196,0.26678141951560974,0.4640718698501587,0.1278255581855774
YDR248C,YNL119W,0,1.946325,0.2666284441947937,0.4640718698501587,0.1279255896806717
YHR207C,YHR209W,1,1.9459435,0.267048716545105,0.46506986021995544,0.1279255896806717
YDR408C,YER175C,1,1.94527,0.26746851205825806,0.4660678505897522,0.1279255896806717
YBR258C,YNR046W,1,1.943426,0.26788780093193054,0.46706587076187134,0.1279255896806717
YBR273C,YGR075C,0,1.9429201,0.267734557390213,0.46706587076187134,0.1280256062746048
YOL007C,YGR061C,0,1.9419736,0.2675814628601074,0.46706587076187134,0.1281256228685379
YOL125W,YPL030W,1,1.9415594,0.2680000066757202,0.4680638611316681,0.1281256228685379
YMR006C,YFL029C,0,1.939571,0.267846941947937,0.4680638611316681,0.128225639462471
YBR123C,YML125C,0,1.9390277,0.26769405603408813,0.4680638611316681,0.1283256709575653
YHL019C,YNL301C,0,1.9385031,0.2675413489341736,0.4680638611316681,0.1284256875514984
YGR157W,YBR030W,1,1.9384485,0.26795893907546997,0.46906188130378723,0.1284256875514984
YHR209W,YDR316W,1,1.9376651,0.26837608218193054,0.470059871673584,0.1284256875514984
YPL101W,YNR040W,0,1.9375342,0.26822322607040405,0.470059871673584,0.12852570414543152
YEL054C,YBR297W,0,1.9374679,0.2680705785751343,0.470059871673584,0.12862572073936462
YLR414C,YPL258C,0,1.9373342,0.26791808009147644,0.470059871673584,0.12872575223445892
YLR414C,YKL181W,0,1.9371761,0.2677657902240753,0.470059871673584,0.12882576882839203
YNL149C,YML115C,0,1.9370514,0.26761364936828613,0.470059871673584,0.12892578542232513
YDL129W,YMR071C,0,1.9367467,0.2674616575241089,0.470059871673584,0.12902580201625824
YOL096C,YDR408C,1,1.9351598,0.26787739992141724,0.4710578918457031,0.12902580201625824
YOR201C,YLR212C,0,1.9346358,0.26772546768188477,0.4710578918457031,0.12912581861019135
YBR261C,YLR015W,1,1.9338661,0.268140584230423,0.4720558822154999,0.12912581861019135
YMR056C,YJL052W,0,1.933611,0.2679886817932129,0.4720558822154999,0.12922585010528564
YBL103C,YDR299W,0,1.9334241,0.26783692836761475,0.4720558822154999,0.12932586669921875
YIL074C,YLR015W,0,1.9332634,0.2676853537559509,0.4720558822154999,0.12942588329315186
YDR465C,YBR030W,1,1.932778,0.2680995464324951,0.473053902387619,0.12942588329315186
YLR373C,YKL024C,0,1.9327718,0.2679480016231537,0.473053902387619,0.12952589988708496
YBR175W,YPL030W,1,1.9292117,0.26836156845092773,0.47405189275741577,0.12952589988708496
YJL046W,YKL198C,0,1.9273545,0.2682100534439087,0.47405189275741577,0.12962593138217926
YMR006C,YPR108W,0,1.926797,0.2680586874485016,0.47405189275741577,0.12972594797611237
YML012W,YJL125C,0,1.9258062,0.2679075002670288,0.47405189275741577,0.12982596457004547
YBR271W,YOL141W,1,1.9249603,0.2683201730251312,0.4750499129295349,0.12982596457004547
YBR236C,YNL062C,1,1.9249219,0.2687323987483978,0.47604790329933167,0.12982596457004547
YMR282C,YKR037C,0,1.9248317,0.2685810923576355,0.47604790329933167,0.12992598116397858
YGL035C,YAR010C,0,1.9244252,0.2684299349784851,0.47604790329933167,0.13002599775791168
YBR048W,YIL111W,0,1.92404,0.26827895641326904,0.47604790329933167,0.13012602925300598
YIL074C,YCR054C,0,1.9231752,0.2681281566619873,0.47604790329933167,0.1302260458469391
YLR286C,YGR123C,0,1.9231559,0.2679775357246399,0.47604790329933167,0.1303260624408722
YMR257C,YJR143C,0,1.9224344,0.2678270637989044,0.47604790329933167,0.1304260790348053
YOL064C,YLR121C,0,1.92195,0.26767677068710327,0.47604790329933167,0.1305261105298996
YKR090W,YBR092C,0,1.9214321,0.26752662658691406,0.47604790329933167,0.1306261271238327
YER099C,YGR241C,0,1.9213132,0.26737669110298157,0.47604790329933167,0.1307261437177658
YHL008C,YHR171W,0,1.9212438,0.267226904630661,0.47604790329933167,0.1308261603116989
YMR127C,YNL061W,0,1.9211231,0.2670772671699524,0.47604790329933167,0.1309261918067932
YJR010C-A,YER082C,0,1.9201354,0.2669278085231781,0.47604790329933167,0.13102620840072632
YPL208W,YGL050W,1,1.9198228,0.2673377990722656,0.4770458936691284,0.13102620840072632
YDR140W,YOL141W,1,1.9196609,0.26774734258651733,0.47804391384124756,0.13102620840072632
YBR012W-A,YAL012W,0,1.9193043,0.2675977647304535,0.47804391384124756,0.13112622499465942
YOL117W,YLR430W,0,1.9178404,0.267448365688324,0.47804391384124756,0.13122624158859253
YIL101C,YGR054W,0,1.9170119,0.2672991156578064,0.47804391384124756,0.13132625818252563
YKR038C,YMR306W,0,1.9163815,0.26715001463890076,0.47804391384124756,0.13142628967761993
YDR529C,YNL012W,0,1.9147669,0.26700112223625183,0.47804391384124756,0.13152630627155304
YEL059C-A,YNL015W,0,1.914539,0.26685237884521484,0.47804391384124756,0.13162632286548615
YDR481C,YMR285C,0,1.9141644,0.2667037844657898,0.47804391384124756,0.13172633945941925
YBR033W,YDR322W,0,1.9132191,0.2665553689002991,0.47804391384124756,0.13182637095451355
YNL218W,YKL109W,0,1.91199,0.2664071321487427,0.47804391384124756,0.13192638754844666
YHR136C,YHR129C,0,1.911506,0.2662590444087982,0.47804391384124756,0.13202640414237976
YNL306W,YDR014W,0,1.9101905,0.2661111056804657,0.47804391384124756,0.13212642073631287
YKL178C,YML074C,0,1.9100553,0.2659633457660675,0.47804391384124756,0.13222645223140717
YGL211W,YDR330W,0,1.9083425,0.26581576466560364,0.47804391384124756,0.13232646882534027
YNL268W,YGR194C,0,1.9082662,0.2656683325767517,0.47804391384124756,0.13242648541927338
YMR211W,YHR064C,0,1.9076258,0.2655210494995117,0.47804391384124756,0.13252650201320648
YLR106C,YHR129C,0,1.906933,0.26537397503852844,0.47804391384124756,0.1326265186071396
YGL210W,YMR188C,0,1.9054857,0.2652270197868347,0.47804391384124756,0.1327265501022339
YBR092C,YHR167W,0,1.9049448,0.2650802433490753,0.47804391384124756,0.132826566696167
YAR010C,YAL025C,0,1.9047555,0.26493361592292786,0.47804391384124756,0.1329265832901001
YPL148C,YDR478W,0,1.9044396,0.2647871673107147,0.47804391384124756,0.1330265998840332
YGR001C,YJR129C,1,1.9034876,0.265193372964859,0.4790419042110443,0.1330265998840332
YLR098C,YOR063W,0,1.9025642,0.2650469243526459,0.4790419042110443,0.1331266313791275
YJL129C,YHR067W,0,1.901713,0.26490065455436707,0.4790419042110443,0.1332266479730606
YHR067W,YMR211W,0,1.9012848,0.2647545635700226,0.4790419042110443,0.1333266645669937
YNL096C,YML063W,0,1.9004813,0.26460859179496765,0.4790419042110443,0.13342668116092682
YDR358W,YMR285C,0,1.9002699,0.26446279883384705,0.4790419042110443,0.13352671265602112
YBR133C,YBR030W,1,1.899994,0.2648678421974182,0.48003992438316345,0.13352671265602112
YJL136C,YCR010C,0,1.8982979,0.26472207903862,0.48003992438316345,0.13362672924995422
YDR418W,YBR166C,0,1.897812,0.2645764648914337,0.48003992438316345,0.13372674584388733
YBR296C,YOR070C,0,1.8972236,0.2644309997558594,0.48003992438316345,0.13382676243782043
YPL172C,YOR080W,0,1.8961989,0.26428571343421936,0.48003992438316345,0.13392677903175354
YNL159C,YNL151C,0,1.8957568,0.2641405761241913,0.48003992438316345,0.13402681052684784
YDR511W,YLR032W,0,1.8952175,0.26399561762809753,0.48003992438316345,0.13412682712078094
YMR056C,YPR041W,0,1.8949801,0.2638508081436157,0.48003992438316345,0.13422684371471405
YNL001W,YMR017W,0,1.8937951,0.26370614767074585,0.48003992438316345,0.13432686030864716
YDL051W,YLR430W,0,1.893005,0.2635616362094879,0.48003992438316345,0.13442689180374146
YGR223C,YAL044C,0,1.8928186,0.2634173035621643,0.48003992438316345,0.13452690839767456
YHR031C,YNL159C,0,1.8927029,0.26327311992645264,0.48003992438316345,0.13462692499160767
YBR123C,YCR054C,0,1.8924583,0.2631291151046753,0.48003992438316345,0.13472694158554077
YDL210W,YMR094W,0,1.8906561,0.2629852294921875,0.48003992438316345,0.13482695817947388
YOL125W,YDR465C,1,1.8898126,0.2633879780769348,0.4810379147529602,0.13482695817947388
YLR283W,YER036C,0,1.8893138,0.2632441222667694,0.4810379147529602,0.13492698967456818
YJL052W,YER082C,0,1.8890907,0.26310044527053833,0.4810379147529602,0.13502700626850128
YBR156C,YOL092W,0,1.8887924,0.2629568874835968,0.4810379147529602,0.1351270228624344
YBR175W,YJR143C,0,1.8884007,0.2628135085105896,0.4810379147529602,0.1352270394563675
YHR089C,YDR101C,0,1.8865749,0.2626703083515167,0.4810379147529602,0.1353270709514618
YML085C,YOR389W,0,1.8861715,0.2625272274017334,0.4810379147529602,0.1354270875453949
YOR179C,YML070W,0,1.8861533,0.2623843252658844,0.4810379147529602,0.135527104139328
YLR373C,YCR053W,0,1.8853847,0.26224157214164734,0.4810379147529602,0.1356271207332611
YCR028C,YBR142W,0,1.8852984,0.2620989680290222,0.4810379147529602,0.1357271522283554
YJL062W,YDR044W,0,1.8847586,0.26195651292800903,0.4810379147529602,0.1358271688222885
YKL004W,YDR388W,0,1.8842767,0.2618142366409302,0.4810379147529602,0.13592718541622162
YLL009C,YJR059W,0,1.8842756,0.26167210936546326,0.4810379147529602,0.13602720201015472
YMR094W,YBL057C,0,1.8832947,0.2615301012992859,0.4810379147529602,0.13612721860408783
YGR063C,YDR376W,0,1.8832,0.26138827204704285,0.4810379147529602,0.13622725009918213
YPL220W,YLR357W,0,1.882987,0.26124662160873413,0.4810379147529602,0.13632726669311523
YAL012W,YPR031W,0,1.8821621,0.26110509037971497,0.4810379147529602,0.13642728328704834
YJL033W,YAL035W,0,1.8818966,0.2609637379646301,0.4810379147529602,0.13652729988098145
YHR021C,YDR330W,0,1.8812306,0.26082250475883484,0.4810379147529602,0.13662733137607574
YFR015C,YDR003W,0,1.8810126,0.2606814503669739,0.4810379147529602,0.13672734797000885
YDL043C,YHR136C,0,1.880795,0.26054054498672485,0.4810379147529602,0.13682736456394196
YDR253C,YPL101W,0,1.88071,0.26039978861808777,0.4810379147529602,0.13692738115787506
YML018C,YDL200C,0,1.8798256,0.2602591812610626,0.4810379147529602,0.13702741265296936
YBR286W,YLR446W,0,1.8796133,0.2601187229156494,0.4810379147529602,0.13712742924690247
YDL192W,YJL158C,0,1.8793954,0.25997841358184814,0.4810379147529602,0.13722744584083557
YIL093C,YLL035W,0,1.8793434,0.2598382830619812,0.4810379147529602,0.13732746243476868
YOR174W,YOL149W,0,1.8791732,0.2596982717514038,0.4810379147529602,0.13742747902870178
YDL085W,YKR009C,0,1.8775021,0.25955843925476074,0.4810379147529602,0.13752751052379608
YOR046C,YGL168W,0,1.8770939,0.2594187259674072,0.4810379147529602,0.1376275271177292
YMR223W,YDR231C,0,1.8769537,0.25927919149398804,0.4810379147529602,0.1377275437116623
YGL137W,YGR189C,0,1.8758062,0.2591397762298584,0.4810379147529602,0.1378275603055954
YJL133W,YNL012W,0,1.8751917,0.2590005397796631,0.4810379147529602,0.1379275918006897
YJL153C,YHR010W,0,1.8751322,0.2588614523410797,0.4810379147529602,0.1380276083946228
YJL143W,YLR008C,0,1.8746475,0.2587224841117859,0.4810379147529602,0.1381276249885559
YBR105C,YOR246C,0,1.8742408,0.2585836946964264,0.4810379147529602,0.138227641582489
YGL120C,YER114C,0,1.873895,0.25844505429267883,0.4810379147529602,0.13832765817642212
YER061C,YJL164C,0,1.873377,0.2583065330982208,0.4810379147529602,0.13842768967151642
YGR159C,YBR213W,0,1.8728682,0.25816819071769714,0.4810379147529602,0.13852770626544952
YOR332W,YOR233W,0,1.8726114,0.258029967546463,0.4810379147529602,0.13862772285938263
YKR069W,YML014W,1,1.8723786,0.2584269642829895,0.48203593492507935,0.13862772285938263
YBR297W,YLL022C,0,1.8722328,0.25828877091407776,0.48203593492507935,0.13872773945331573
YBL024W,YDR060W,0,1.8714192,0.25815072655677795,0.48203593492507935,0.13882777094841003
YDR435C,YGL192W,1,1.8699414,0.25854700803756714,0.4830339252948761,0.13882777094841003
YBR299W,YKR048C,0,1.8697469,0.25840896368026733,0.4830339252948761,0.13892778754234314
YDL143W,YKL212W,0,1.8696787,0.25827106833457947,0.4830339252948761,0.13902780413627625
YLL062C,YPL030W,1,1.8682913,0.25866666436195374,0.48403194546699524,0.13902780413627625
YGL089C,YDL205C,0,1.8681718,0.25852879881858826,0.48403194546699524,0.13912782073020935
YBL054W,YDR529C,0,1.867257,0.25839105248451233,0.48403194546699524,0.13922785222530365
YLR214W,YPL048W,0,1.8659445,0.25825345516204834,0.48403194546699524,0.13932786881923676
YDR329C,YGL031C,0,1.8652974,0.2581160068511963,0.48403194546699524,0.13942788541316986
YBR133C,YLR015W,1,1.8652459,0.25851064920425415,0.485029935836792,0.13942788541316986
YDR177W,YMR017W,0,1.8651059,0.2583732008934021,0.485029935836792,0.13952790200710297
YLR221C,YOR070C,0,1.8649056,0.2582359313964844,0.485029935836792,0.13962791860103607
YHR215W,YER030W,0,1.8648582,0.2580987811088562,0.485029935836792,0.13972795009613037
YAR015W,YGR075C,0,1.8647221,0.25796177983283997,0.485029935836792,0.13982796669006348
YGL089C,YBL039C,0,1.8645798,0.25782492756843567,0.485029935836792,0.13992798328399658
YMR086W,YER007W,0,1.8638221,0.2576882243156433,0.485029935836792,0.1400279998779297
YFL004W,YGL205W,0,1.8631473,0.2575516700744629,0.485029935836792,0.140128031373024
YBR273C,YML037C,0,1.8630121,0.2574152648448944,0.485029935836792,0.1402280479669571
YIR014W,YER036C,0,1.8623226,0.2572789788246155,0.485029935836792,0.1403280645608902
YDL019C,YPL160W,0,1.8617501,0.2571428716182709,0.485029935836792,0.1404280811548233
YBR097W,YGR286C,0,1.8617201,0.2570068836212158,0.485029935836792,0.1405281126499176
YER096W,YLR327C,0,1.8608615,0.2568710446357727,0.485029935836792,0.1406281292438507
YDR469W,YPL157W,1,1.8608564,0.2572636008262634,0.48602795600891113,0.1406281292438507
YPR048W,YDL210W,0,1.8602573,0.2571277618408203,0.48602795600891113,0.1407281458377838
YBR236C,YDR440W,1,1.8600436,0.25751978158950806,0.4870259463787079,0.1407281458377838
YER044C,YDR368W,0,1.8591387,0.25738397240638733,0.4870259463787079,0.14082816243171692
YGL161C,YIL072W,0,1.8579029,0.25724828243255615,0.4870259463787079,0.14092817902565002
YCR009C,YML116W,0,1.8572495,0.2571127414703369,0.4870259463787079,0.14102821052074432
YPR021C,YKL056C,0,1.856488,0.2569773495197296,0.4870259463787079,0.14112822711467743
YPL038W,YGL031C,0,1.8541504,0.25684210658073425,0.4870259463787079,0.14122824370861053
YHR207C,YDL067C,0,1.853861,0.25670698285102844,0.4870259463787079,0.14132826030254364
YMR006C,YGR076C,0,1.8538351,0.25657203793525696,0.4870259463787079,0.14142829179763794
YDR050C,YDR402C,0,1.8533312,0.256437212228775,0.4870259463787079,0.14152830839157104
YHR036W,YPR016C,0,1.8523033,0.25630253553390503,0.4870259463787079,0.14162832498550415
YDL201W,YBR030W,1,1.851241,0.25669291615486145,0.488023966550827,0.14162832498550415
YDL069C,YKR030W,0,1.8501135,0.25655823945999146,0.488023966550827,0.14172834157943726
YJL198W,YNL077W,0,1.849759,0.2564237117767334,0.488023966550827,0.14182837307453156
YDR046C,YGR162W,0,1.8488152,0.2562893033027649,0.488023966550827,0.14192838966846466
YLR097C,YDR031W,0,1.8486143,0.2561550438404083,0.488023966550827,0.14202840626239777
YJR145C,YER070W,0,1.8484402,0.2560209333896637,0.488023966550827,0.14212842285633087
YOR096W,YMR098C,0,1.8484223,0.255886971950531,0.488023966550827,0.14222843945026398
YBR283C,YCR040W,0,1.847246,0.25575312972068787,0.488023966550827,0.14232847094535828
YOR150W,YPR031W,0,1.8467106,0.25561943650245667,0.488023966550827,0.14242848753929138
YML124C,YER131W,0,1.846518,0.2554858922958374,0.488023966550827,0.1425285041332245
YCL063W,YPR005C,0,1.8461987,0.2553524672985077,0.488023966550827,0.1426285207271576
YDR107C,YBR092C,0,1.8458096,0.2552192211151123,0.488023966550827,0.1427285522222519
YLR459W,YER164W,0,1.8452255,0.2550860643386841,0.488023966550827,0.142828568816185
YLR214W,YOL123W,0,1.844501,0.2549530863761902,0.488023966550827,0.1429285854101181
YHL040C,YDR479C,0,1.8441617,0.25482022762298584,0.488023966550827,0.1430286020040512
YDR265W,YHR184W,0,1.84283,0.25468748807907104,0.488023966550827,0.14312861859798431
YPR019W,YNL135C,0,1.8427345,0.2545549273490906,0.488023966550827,0.1432286500930786
YDR224C,YNL012W,0,1.8418007,0.25442248582839966,0.488023966550827,0.14332866668701172
YGR029W,YKL116C,0,1.8397089,0.2542901635169983,0.488023966550827,0.14342868328094482
YML034W,YDR487C,0,1.8390329,0.25415799021720886,0.488023966550827,0.14352869987487793
YMR257C,YDL060W,0,1.838099,0.25402596592903137,0.488023966550827,0.14362873136997223
YNL062C,YDR408C,1,1.838062,0.25441327691078186,0.4890219569206238,0.14362873136997223
YPL091W,YDL195W,0,1.8379234,0.25428125262260437,0.4890219569206238,0.14372874796390533
YKL173W,YBR160W,0,1.8378595,0.2541493773460388,0.4890219569206238,0.14382876455783844
YBR087W,YGL040C,0,1.836599,0.2540176212787628,0.4890219569206238,0.14392878115177155
YDL127W,YMR023C,0,1.8357073,0.25388601422309875,0.4890219569206238,0.14402881264686584
YBR296C,YOR356W,0,1.8345269,0.25375452637672424,0.4890219569206238,0.14412882924079895
YDR465C,YNL289W,0,1.8344274,0.25362318754196167,0.4890219569206238,0.14422884583473206
YGL227W,YDL110C,0,1.8328236,0.25349196791648865,0.4890219569206238,0.14432886242866516
YML005W,YOL125W,1,1.8326985,0.2538779675960541,0.49001994729042053,0.14432886242866516
YBR240C,YDL143W,0,1.8318003,0.25374677777290344,0.49001994729042053,0.14442887902259827
YJL033W,YKL109W,0,1.8311746,0.25361570715904236,0.49001994729042053,0.14452891051769257
YLR074C,YNL188W,0,1.8309058,0.2534847557544708,0.49001994729042053,0.14462892711162567
YJL157C,YIL145C,0,1.8306091,0.2533539831638336,0.49001994729042053,0.14472894370555878
YER086W,YHR081W,0,1.8303505,0.2532232999801636,0.49001994729042053,0.14482896029949188
YBR022W,YOL123W,0,1.8295783,0.25309279561042786,0.49001994729042053,0.14492899179458618
YLL062C,YJL129C,0,1.8283149,0.2529623806476593,0.49001994729042053,0.1450290083885193
YJR158W,YOL064C,0,1.827906,0.2528321444988251,0.49001994729042053,0.1451290249824524
YIL125W,YJL221C,0,1.8272988,0.252701997756958,0.49001994729042053,0.1452290415763855
YMR217W,YCL031C,0,1.8268896,0.25257202982902527,0.49001994729042053,0.1453290730714798
YHR209W,YDR408C,1,1.8267745,0.2529563009738922,0.4910179674625397,0.1453290730714798
YJL157C,YGL232W,0,1.8266006,0.2528263032436371,0.4910179674625397,0.1454290896654129
YGL039W,YJL190C,0,1.8254445,0.2526964545249939,0.4910179674625397,0.145529106259346
YMR043W,YDL065C,0,1.824067,0.25256672501564026,0.4910179674625397,0.1456291228532791
YGR001C,YOL125W,1,1.8237711,0.2529502213001251,0.4920159578323364,0.1456291228532791
YBR175W,YML110C,1,1.8235561,0.25333333015441895,0.49301397800445557,0.1456291228532791
YNR045W,YGR194C,0,1.8233279,0.25320348143577576,0.49301397800445557,0.14572913944721222
YDR257C,YLR015W,1,1.8230996,0.2535860538482666,0.4940119683742523,0.14572913944721222
YOL127W,YGR292W,0,1.8225151,0.2534562349319458,0.4940119683742523,0.14582917094230652
YNL061W,YDR198C,1,1.8220574,0.25383827090263367,0.49500998854637146,0.14582917094230652
YOL093W,YJL125C,1,1.821349,0.2542199492454529,0.4960079789161682,0.14582917094230652
YGL089C,YLR276C,0,1.821195,0.25408998131752014,0.4960079789161682,0.14592918753623962
YDL043C,YDL060W,0,1.8208646,0.25396013259887695,0.4960079789161682,0.14602920413017273
YDR013W,YBR030W,0,1.8207797,0.2538304328918457,0.4960079789161682,0.14612922072410583
YDR536W,YBR185C,0,1.8197658,0.2537008821964264,0.4960079789161682,0.14622925221920013
YBR286W,YIL145C,0,1.8170179,0.25357142090797424,0.4960079789161682,0.14632926881313324
YGL089C,YDR101C,0,1.815552,0.25344210863113403,0.4960079789161682,0.14642928540706635
YGR189C,YFL037W,0,1.8130378,0.25331294536590576,0.4960079789161682,0.14652930200099945
YKR056W,YLR015W,1,1.8123736,0.2536933124065399,0.49700599908828735,0.14652930200099945
YDL120W,YCL063W,0,1.8120729,0.25356414914131165,0.49700599908828735,0.14662931859493256
YIL004C,YKR097W,0,1.8112137,0.2534351050853729,0.49700599908828735,0.14672935009002686
YDR316W,YML110C,1,1.8106203,0.25381484627723694,0.4980039894580841,0.14672935009002686
YLR419W,YLR448W,0,1.8100848,0.2536858022212982,0.4980039894580841,0.14682936668395996
YJL143W,YGL095C,0,1.8094481,0.25355690717697144,0.4980039894580841,0.14692938327789307
YIL172C,YLR126C,0,1.8089899,0.2534281313419342,0.4980039894580841,0.14702939987182617
YLR098C,YMR217W,0,1.8075172,0.2532995045185089,0.4980039894580841,0.14712943136692047
YBR207W,YOR374W,0,1.8063016,0.2531709671020508,0.4980039894580841,0.14722944796085358
YOR182C,YDR096W,0,1.8051487,0.253042608499527,0.4980039894580841,0.14732946455478668
YAR003W,YPL030W,1,1.805034,0.25342118740081787,0.49900200963020325,0.14732946455478668
YOR143C,YER153C,0,1.8040546,0.2532927989959717,0.49900200963020325,0.1474294811487198
YPR036W,YKL109W,0,1.8033663,0.2531645596027374,0.49900200963020325,0.1475295126438141
YHL019C,YGL123W,0,1.802531,0.2530364394187927,0.49900200963020325,0.1476295292377472
YPL271W,YHR172W,0,1.8018129,0.2529084384441376,0.49900200963020325,0.1477295458316803
YML037C,YLR048W,0,1.8005294,0.25278058648109436,0.49900200963020325,0.1478295624256134
YDR299W,YEL064C,0,1.7997199,0.2526528537273407,0.49900200963020325,0.1479295790195465
YDR318W,YKL198C,0,1.7994229,0.2525252401828766,0.49900200963020325,0.1480296105146408
YBR205W,YPR047W,0,1.7990015,0.2523977756500244,0.49900200963020325,0.1481296271085739
YOL141W,YER175C,1,1.7989324,0.2527749836444855,0.5,0.1481296271085739
YPL092W,YDR031W,0,1.7977219,0.2526474893093109,0.5,0.14822964370250702
YMR142C,YLL062C,0,1.7976856,0.2525201737880707,0.5,0.14832966029644012
YBR299W,YAL003W,0,1.7968353,0.2523929476737976,0.5,0.14842969179153442
YAR018C,YOR369C,0,1.7958564,0.2522658705711365,0.5,0.14852970838546753
YML094W,YDR158W,0,1.7955691,0.2521389126777649,0.5,0.14862972497940063
YGR104C,YDR465C,0,1.7955245,0.25201207399368286,0.5,0.14872974157333374
YPL019C,YHR186C,0,1.7932425,0.25188538432121277,0.5,0.14882977306842804
YBR175W,YDL112W,1,1.7929122,0.25226131081581116,0.5009980201721191,0.14882977306842804
YBR024W,YOR348C,0,1.7922796,0.2521345913410187,0.5009980201721191,0.14892978966236115
YHL044W,YCR054C,0,1.7920259,0.25200802087783813,0.5009980201721191,0.14902980625629425
YHR046C,YLR106C,0,1.7919952,0.25188159942626953,0.5009980201721191,0.14912982285022736
YBR291C,YGR162W,0,1.7919282,0.2517552673816681,0.5009980201721191,0.14922983944416046
YFL029C,YNL015W,0,1.7918613,0.2516290843486786,0.5009980201721191,0.14932987093925476
YDL014W,YBR030W,1,1.7915412,0.2520039975643158,0.5019959807395935,0.14932987093925476
YJL046W,YHR025W,0,1.7914778,0.2518778145313263,0.5019959807395935,0.14942988753318787
YPR184W,YKL056C,0,1.7909912,0.25175175070762634,0.5019959807395935,0.14952990412712097
YER148W,YER126C,0,1.7906033,0.25162580609321594,0.5019959807395935,0.14962992072105408
YNL206C,YEL058W,0,1.790575,0.2515000104904175,0.5019959807395935,0.14972995221614838
YLR214W,YGR200C,0,1.7905239,0.2513743042945862,0.5019959807395935,0.14982996881008148
YKR061W,YJL121C,0,1.7902492,0.2512487471103668,0.5019959807395935,0.1499299854040146
YCL075W,YOR244W,0,1.7893409,0.251123309135437,0.5019959807395935,0.1500300019979477
YNR020C,YFL037W,0,1.7886647,0.25099799036979675,0.5019959807395935,0.1501300185918808
YKL109W,YMR165C,0,1.7873125,0.25087282061576843,0.5019959807395935,0.1502300500869751
YPR108W,YKL021C,0,1.787244,0.25074777007102966,0.5019959807395935,0.1503300666809082
YMR006C,YGL136C,0,1.7859513,0.25062280893325806,0.5019959807395935,0.1504300832748413
YPL143W,YGR061C,0,1.7856449,0.2504979968070984,0.5019959807395935,0.15053009986877441
YLR385C,YKR030W,0,1.7847992,0.25037333369255066,0.5019959807395935,0.1506301313638687
YNL206C,YMR314W,0,1.784278,0.2502487599849701,0.5019959807395935,0.15073014795780182
YLR285W,YER175C,1,1.7834328,0.25062158703804016,0.5029940009117126,0.15073014795780182
YLR276C,YAL058W,0,1.7828511,0.2504970133304596,0.5029940009117126,0.15083016455173492
YKR069W,YPL157W,1,1.7820519,0.25086936354637146,0.5039920210838318,0.15083016455173492
YBL061C,YHR070W,0,1.781139,0.2507447898387909,0.5039920210838318,0.15093018114566803
YJR160C,YHR052W,0,1.7810444,0.2506203353404999,0.5039920210838318,0.15103021264076233
YDR069C,YPR016C,0,1.7808691,0.2504960298538208,0.5039920210838318,0.15113022923469543
YJL157C,YJL198W,0,1.780827,0.2503718435764313,0.5039920210838318,0.15123024582862854
YPR098C,YOR306C,0,1.7804571,0.2502477765083313,0.5039920210838318,0.15133026242256165
YBR030W,YOL124C,1,1.7803227,0.250619113445282,0.5049900412559509,0.15133026242256165
YLR090W,YHR153C,0,1.7796491,0.250495046377182,0.5049900412559509,0.15143027901649475
YOR175C,YEL065W,0,1.7792076,0.2503710985183716,0.5049900412559509,0.15153031051158905
YOR181W,YKR037C,0,1.7778529,0.2502472698688507,0.5049900412559509,0.15163032710552216
YLR109W,YJL025W,0,1.7774773,0.2501235902309418,0.5049900412559509,0.15173034369945526
YNL306W,YIR037W,0,1.7773613,0.25,0.5049900412559509,0.15183036029338837
YHR052W,YCL066W,0,1.7772456,0.24987654387950897,0.5049900412559509,0.15193039178848267
YNL001W,YOR036W,0,1.7764823,0.2497532069683075,0.5049900412559509,0.15203040838241577
YDR341C,YML106W,0,1.7757024,0.24962998926639557,0.5049900412559509,0.15213042497634888
YOL100W,YGR279C,0,1.7753187,0.2495069056749344,0.5049900412559509,0.15223044157028198
YGL120C,YDR313C,0,1.7744404,0.24938392639160156,0.5049900412559509,0.15233047306537628
YDR140W,YDR198C,1,1.7738776,0.2497536987066269,0.5059880018234253,0.15233047306537628
YJL148W,YCL031C,0,1.7738681,0.24963071942329407,0.5059880018234253,0.1524304896593094
YLR212C,YOR306C,0,1.7730078,0.249507874250412,0.5059880018234253,0.1525305062532425
YER148W,YGR037C,0,1.7726527,0.24938514828681946,0.5059880018234253,0.1526305228471756
YER007W,YCR037C,0,1.7723261,0.24926254153251648,0.5059880018234253,0.1527305394411087
YMR017W,YML063W,0,1.7711555,0.24914005398750305,0.5059880018234253,0.152830570936203
YLR188W,YDR322W,0,1.7711207,0.24901768565177917,0.5059880018234253,0.1529305875301361
YOL096C,YHR109W,1,1.7709075,0.24938635528087616,0.5069860219955444,0.1529305875301361
YNL112W,YPR031W,0,1.7695225,0.24926398694515228,0.5069860219955444,0.1530306041240692
YGL192W,YLR285W,1,1.769203,0.24963217973709106,0.5079840421676636,0.1530306041240692
YDR013W,YOR374W,0,1.7686794,0.249509796500206,0.5079840421676636,0.15313062071800232
YDL200C,YIL115C,0,1.7674191,0.24938756227493286,0.5079840421676636,0.15323065221309662
YBR092C,YPL157W,0,1.767168,0.24926543235778809,0.5079840421676636,0.15333066880702972
YML125C,YGL095C,0,1.7669569,0.24914342164993286,0.5079840421676636,0.15343068540096283
YDR248C,YKR094C,0,1.7656665,0.2490215301513672,0.5079840421676636,0.15353070199489594
YKR038C,YJL025W,0,1.7655339,0.24889975786209106,0.5079840421676636,0.15363073348999023
YDR012W,YBR166C,0,1.7653904,0.2487781047821045,0.5079840421676636,0.15373075008392334
YLR106C,YHR117W,0,1.7651986,0.24865657091140747,0.5079840421676636,0.15383076667785645
YMR316W,YLR357W,0,1.7636882,0.24853515625,0.5079840421676636,0.15393078327178955
YBR291C,YLL001W,0,1.7635475,0.24841386079788208,0.5079840421676636,0.15403079986572266
YIL172C,YDR486C,0,1.7633306,0.2482926845550537,0.5079840421676636,0.15413083136081696
YDR481C,YPL155C,0,1.7631655,0.2481716275215149,0.5079840421676636,0.15423084795475006
YKL156W,YLL022C,0,1.7625834,0.24805068969726562,0.5079840421676636,0.15433086454868317
YML008C,YGL136C,1,1.7621287,0.2484169453382492,0.5089820623397827,0.15433086454868317
YMR228W,YDL112W,1,1.7620598,0.24878285825252533,0.5099800229072571,0.15433086454868317
YDR440W,YLL009C,0,1.7617809,0.2486618012189865,0.5099800229072571,0.15443088114261627
YNL248C,YAL058W,0,1.7615486,0.24854086339473724,0.5099800229072571,0.15453091263771057
YNL293W,YER025W,0,1.7591081,0.24842002987861633,0.5099800229072571,0.15463092923164368
YNL291C,YJL219W,0,1.7586433,0.24829931557178497,0.5099800229072571,0.15473094582557678
YLR286C,YKL034W,0,1.7579225,0.24817872047424316,0.5099800229072571,0.1548309624195099
YHR153C,YDR329C,0,1.7576805,0.2480582594871521,0.5099800229072571,0.154930979013443
YBL088C,YBR092C,0,1.7573923,0.2479378879070282,0.5099800229072571,0.1550310105085373
YMR171C,YOR389W,0,1.7562941,0.24781765043735504,0.5099800229072571,0.1551310271024704
YER099C,YBR092C,0,1.7561442,0.24769753217697144,0.5099800229072571,0.1552310436964035
YPL226W,YJL073W,0,1.755187,0.2475775182247162,0.5099800229072571,0.1553310602903366
YDL109C,YJR045C,0,1.7533778,0.2474576234817505,0.5099800229072571,0.1554310917854309
YER025W,YNL061W,0,1.7525758,0.24733784794807434,0.5099800229072571,0.155531108379364
YAR015W,YIR036C,0,1.7511187,0.24721819162368774,0.5099800229072571,0.15563112497329712
YKL088W,YDR116C,0,1.7503355,0.2470986396074295,0.5099800229072571,0.15573114156723022
YJR073C,YDR198C,1,1.7492499,0.24746254086494446,0.5109780430793762,0.15573114156723022
YNR020C,YPL214C,0,1.7487278,0.24734298884868622,0.5109780430793762,0.15583117306232452
YDR440W,YNR040W,0,1.7486184,0.24722357094287872,0.5109780430793762,0.15593118965625763
YDR096W,YMR127C,0,1.7482567,0.2471042424440384,0.5109780430793762,0.15603120625019073
YLL009C,YNL119W,0,1.7480797,0.2469850480556488,0.5109780430793762,0.15613122284412384
YJL157C,YML074C,0,1.747668,0.24686595797538757,0.5109780430793762,0.15623123943805695
YJL157C,YLR014C,0,1.745924,0.2467469871044159,0.5109780430793762,0.15633127093315125
YNL185C,YHR136C,0,1.7458812,0.24662813544273376,0.5109780430793762,0.15643128752708435
YDR469W,YJR129C,1,1.7456957,0.2469908595085144,0.5119760632514954,0.15643128752708435
YOR167C,YDL019C,0,1.745218,0.24687199294567108,0.5119760632514954,0.15653130412101746
YHR215W,YLR109W,0,1.7449979,0.2467532455921173,0.5119760632514954,0.15663132071495056
YJR129C,YKL155C,1,1.7421119,0.2471153885126114,0.5129740238189697,0.15663132071495056
YNL024C,YKR069W,1,1.7412328,0.24747717380523682,0.5139720439910889,0.15663132071495056
YBR012W-A,YDR093W,0,1.7402902,0.2473583072423935,0.5139720439910889,0.15673135221004486
YER070W,YNL061W,0,1.7397915,0.24723955988883972,0.5139720439910889,0.15683136880397797
YDR038C,YLR079W,0,1.7382613,0.2471209168434143,0.5139720439910889,0.15693138539791107
YGL223C,YBL082C,0,1.7381927,0.24700239300727844,0.5139720439910889,0.15703140199184418
YOR174W,YDR093W,0,1.7380317,0.24688398838043213,0.5139720439910889,0.15713143348693848
YDL120W,YOL077C,0,1.7352061,0.24676568806171417,0.5139720439910889,0.15723145008087158
YDR247W,YER044C,0,1.7346355,0.24664750695228577,0.5139720439910889,0.1573314666748047
YMR217W,YJL136C,0,1.734397,0.2465294450521469,0.5139720439910889,0.1574314832687378
YBR214W,YLL001W,0,1.7341093,0.2464114874601364,0.5139720439910889,0.1575314998626709
YER091C,YOR201C,1,1.7332042,0.24677187204360962,0.514970064163208,0.1575314998626709
YKL183W,YCR040W,0,1.732966,0.24665391445159912,0.514970064163208,0.1576315313577652
YDL060W,YOR322C,0,1.7328309,0.24653607606887817,0.514970064163208,0.1577315479516983
YPL143W,YOL056W,0,1.732305,0.24641834199428558,0.514970064163208,0.1578315645456314
YER096W,YDR071C,0,1.731933,0.24630071222782135,0.514970064163208,0.15793158113956451
YLR048W,YPR073C,0,1.7312932,0.24618320167064667,0.514970064163208,0.1580316126346588
YKR105C,YOR374W,0,1.7309098,0.24606581032276154,0.514970064163208,0.15813162922859192
YER095W,YGL155W,0,1.730775,0.24594852328300476,0.514970064163208,0.15823164582252502
YML015C,YLR121C,0,1.7304593,0.24583135545253754,0.514970064163208,0.15833166241645813
YPL144W,YPL123C,0,1.7302445,0.24571429193019867,0.514970064163208,0.15843167901039124
YJL148W,YOR211C,0,1.729712,0.24559733271598816,0.514970064163208,0.15853171050548553
YIR037W,YLR403W,0,1.7290856,0.2454804927110672,0.514970064163208,0.15863172709941864
YEL038W,YDL043C,0,1.7280194,0.2453637719154358,0.514970064163208,0.15873174369335175
YER180C,YJL025W,0,1.727374,0.24524715542793274,0.514970064163208,0.15883176028728485
YMR166C,YGL213C,0,1.7273513,0.24513064324855804,0.514970064163208,0.15893179178237915
YDR379W,YHR081W,0,1.7255259,0.2450142502784729,0.514970064163208,0.15903180837631226
YGL003C,YBR251W,0,1.72509,0.2448979616165161,0.514970064163208,0.15913182497024536
YNL158W,YNL135C,0,1.7235177,0.24478177726268768,0.514970064163208,0.15923184156417847
YER148W,YNL015W,0,1.7230414,0.2446657121181488,0.514970064163208,0.15933187305927277
YJR110W,YGR061C,0,1.7226138,0.24454976618289948,0.514970064163208,0.15943188965320587
YDR139C,YLR176C,0,1.7222418,0.2444339245557785,0.514970064163208,0.15953190624713898
YDR012W,YMR201C,0,1.7218149,0.2443181872367859,0.514970064163208,0.15963192284107208
YLL062C,YBR133C,1,1.720571,0.24467581510543823,0.5159680843353271,0.15963192284107208
YBR123C,YBR142W,0,1.7204727,0.24456007778644562,0.5159680843353271,0.1597319394350052
YDR421W,YHR129C,0,1.7199731,0.24444444477558136,0.5159680843353271,0.1598319709300995
YOL123W,YDR116C,0,1.7199618,0.24432891607284546,0.5159680843353271,0.1599319875240326
YER036C,YDR236C,0,1.7185336,0.2442135065793991,0.5159680843353271,0.1600320041179657
YBR271W,YBR030W,1,1.7183025,0.24457034468650818,0.5169660449028015,0.1600320041179657
YDL229W,YDR486C,0,1.7166786,0.24445493519306183,0.5169660449028015,0.1601320207118988
YMR211W,YPL269W,0,1.7158406,0.24433963000774384,0.5169660449028015,0.1602320522069931
YGR123C,YLR441C,0,1.7152592,0.2442244291305542,0.5169660449028015,0.1603320688009262
YDR424C,YIR023W,0,1.7148718,0.24410933256149292,0.5169660449028015,0.16043208539485931
YJL072C,YNR001C,0,1.7146521,0.24399434030056,0.5169660449028015,0.16053210198879242
YJL219W,YNL115C,0,1.7144276,0.24387946724891663,0.5169660449028015,0.16063213348388672
YPL111W,YHR136C,0,1.7142234,0.2437646985054016,0.5169660449028015,0.16073215007781982
YDR368W,YLR265C,0,1.7137891,0.24365004897117615,0.5169660449028015,0.16083216667175293
YLR098C,YGR035C,0,1.7135526,0.24353548884391785,0.5169660449028015,0.16093218326568604
YBL090W,YFR007W,0,1.7127503,0.2434210479259491,0.5169660449028015,0.16103219985961914
YDL130W,YIR015W,0,1.7117524,0.2433067113161087,0.5169660449028015,0.16113223135471344
YDL138W,YOL140W,0,1.7110568,0.24319249391555786,0.5169660449028015,0.16123224794864655
YOL138C,YHR117W,0,1.7109833,0.24307836592197418,0.5169660449028015,0.16133226454257965
YCR077C,YLR121C,0,1.710888,0.24296435713768005,0.5169660449028015,0.16143228113651276
YKL034W,YNL149C,0,1.710689,0.24285045266151428,0.5169660449028015,0.16153231263160706
YBL024W,YLR172C,1,1.7093809,0.2432052493095398,0.5179640650749207,0.16153231263160706
YGL211W,YBL020W,0,1.7093116,0.24309132993221283,0.5179640650749207,0.16163232922554016
YHR052W,YKL143W,0,1.70882,0.24297752976417542,0.5179640650749207,0.16173234581947327
YOR047C,YBR142W,0,1.7086619,0.24286383390426636,0.5179640650749207,0.16183236241340637
YBL064C,YGR279C,0,1.7076801,0.24275022745132446,0.5179640650749207,0.16193239390850067
YBL075C,YOR224C,0,1.707596,0.24263674020767212,0.5179640650749207,0.16203241050243378
YLR433C,YLR121C,0,1.7075759,0.24252335727214813,0.5179640650749207,0.16213242709636688
YNL092W,YDR316W,1,1.7075138,0.24287715554237366,0.5189620852470398,0.16213242709636688
YPL155C,YNL135C,0,1.7074473,0.24276377260684967,0.5189620852470398,0.1622324436903
YIL070C,YCL069W,0,1.7069637,0.24265049397945404,0.5189620852470398,0.1623324602842331
YML104C,YDR503C,0,1.7059529,0.24253731966018677,0.5189620852470398,0.1624324917793274
YLR459W,YOR116C,0,1.7058749,0.24242424964904785,0.5189620852470398,0.1625325083732605
YJR104C,YML070W,0,1.7053844,0.2423112839460373,0.5189620852470398,0.1626325249671936
YBR061C,YLR172C,1,1.7036794,0.2426641881465912,0.5199601054191589,0.1626325249671936
YOL138C,YIL093C,0,1.7028843,0.24255120754241943,0.5199601054191589,0.1627325415611267
YOR046C,YMR302C,0,1.7028462,0.24243834614753723,0.5199601054191589,0.162832573056221
YMR298W,YMR303C,0,1.7024168,0.2423255741596222,0.5199601054191589,0.1629325896501541
YPL091W,YOR224C,0,1.7015976,0.2422129213809967,0.5199601054191589,0.16303260624408722
YOL125W,YDR198C,1,1.7010298,0.24256505072116852,0.5209580659866333,0.16303260624408722
YJL019W,YCL055W,0,1.700935,0.24245239794254303,0.5209580659866333,0.16313262283802032
YER140W,YPL111W,0,1.70093,0.2423398345708847,0.5209580659866333,0.16323263943195343
YPR102C,YDR330W,0,1.7000524,0.24222737550735474,0.5209580659866333,0.16333267092704773
YMR281W,YLR139C,0,1.6995914,0.24211502075195312,0.5209580659866333,0.16343268752098083
YEL021W,YCR094W,0,1.6988667,0.24200278520584106,0.5209580659866333,0.16353270411491394
YML034W,YGR200C,0,1.6987506,0.24189063906669617,0.5209580659866333,0.16363272070884705
YDR312W,YDL185W,0,1.6985642,0.24177859723567963,0.5209580659866333,0.16373275220394135
YGL135W,YAR018C,0,1.6984574,0.24166665971279144,0.5209580659866333,0.16383276879787445
YHR105W,YJL133W,0,1.6981362,0.2415548413991928,0.5209580659866333,0.16393278539180756
YPL273W,YDR469W,1,1.6976975,0.24190564453601837,0.5219560861587524,0.16393278539180756
YNR050C,YNL129W,0,1.6975816,0.24179381132125854,0.5219560861587524,0.16403280198574066
YBR050C,YDL200C,0,1.6958433,0.24168206751346588,0.5219560861587524,0.16413283348083496
YDR312W,YDR330W,0,1.6954621,0.24157044291496277,0.5219560861587524,0.16423285007476807
YBL069W,YGL059W,0,1.6948565,0.24145890772342682,0.5219560861587524,0.16433286666870117
YBR048W,YJL158C,0,1.6947038,0.24134749174118042,0.5219560861587524,0.16443288326263428
YLR419W,YIL136W,0,1.694615,0.24123616516590118,0.5219560861587524,0.16453289985656738
YDR425W,YML104C,0,1.6932255,0.2411249428987503,0.5219560861587524,0.16463293135166168
YBL024W,YOR074C,1,1.6929754,0.24147465825080872,0.5229541063308716,0.16463293135166168
YCL055W,YDR465C,1,1.6929737,0.24182404577732086,0.523952066898346,0.16463293135166168
YDR424C,YNL101W,0,1.6922725,0.24171270430088043,0.523952066898346,0.1647329479455948
YGL090W,YOL077C,0,1.692233,0.24160146713256836,0.523952066898346,0.1648329645395279
YGR241C,YMR184W,0,1.6920933,0.24149033427238464,0.523952066898346,0.164932981133461
YDR060W,YJR155W,0,1.6887407,0.24137930572032928,0.523952066898346,0.1650330126285553
YNR008W,YDR418W,0,1.6884531,0.24126838147640228,0.523952066898346,0.1651330292224884
YML060W,YPL154C,0,1.6882637,0.24115756154060364,0.523952066898346,0.1652330458164215
YOL093W,YIL110W,1,1.6867748,0.241505965590477,0.5249500870704651,0.1652330458164215
YCL059C,YDR529C,0,1.6863712,0.24139513075351715,0.5249500870704651,0.16533306241035461
YPL060W,YLL050C,0,1.6860663,0.24128440022468567,0.5249500870704651,0.1654330939054489
YLR459W,YDR297W,0,1.6853565,0.24117377400398254,0.5249500870704651,0.16553311049938202
YJL219W,YNR001C,0,1.6852955,0.24106325209140778,0.5249500870704651,0.16563312709331512
YDR121W,YNL146W,0,1.6851745,0.24095281958580017,0.5249500870704651,0.16573314368724823
YBR133C,YOR074C,1,1.6845464,0.24130035936832428,0.5259481072425842,0.16573314368724823
YNL293W,YMR056C,0,1.6843402,0.24118992686271667,0.5259481072425842,0.16583316028118134
YOL139C,YIR009W,0,1.6824974,0.24107959866523743,0.5259481072425842,0.16593319177627563
YMR290C,YGR184C,0,1.6822418,0.24096935987472534,0.5259481072425842,0.16603320837020874
YFL004W,YPL206C,0,1.6817931,0.2408592253923416,0.5259481072425842,0.16613322496414185
YNL308C,YGR184C,0,1.6814219,0.24074919521808624,0.5259481072425842,0.16623324155807495
YGR156W,YLR246W,0,1.6814005,0.24063926935195923,0.5259481072425842,0.16633327305316925
YKR059W,YDL144C,0,1.6808745,0.24052943289279938,0.5259481072425842,0.16643328964710236
YJL072C,YOL065C,0,1.6808617,0.24041970074176788,0.5259481072425842,0.16653330624103546
YOR381W,YBL069W,0,1.6800743,0.24031007289886475,0.5259481072425842,0.16663332283496857
YOL077C,YDR486C,0,1.6795765,0.24020054936408997,0.5259481072425842,0.16673333942890167
YHR105W,YPL160W,0,1.679119,0.24009111523628235,0.5259481072425842,0.16683337092399597
YMR235C,YER110C,0,1.6788887,0.2399817854166031,0.5259481072425842,0.16693338751792908
YHR031C,YLR441C,0,1.6785091,0.23987255990505219,0.5259481072425842,0.16703340411186218
YAR015W,YML018C,0,1.6777283,0.23976342380046844,0.5259481072425842,0.1671334207057953
YBL054W,YOL056W,0,1.6768938,0.23965439200401306,0.5259481072425842,0.1672334522008896
YNL218W,YJL133W,0,1.6768461,0.23954544961452484,0.5259481072425842,0.1673334687948227
YDR478W,YBR164C,0,1.6759553,0.23943662643432617,0.5259481072425842,0.1674334853887558
YJR025C,YPR098C,0,1.6758274,0.23932787775993347,0.5259481072425842,0.1675335019826889
YGL050W,YKL155C,1,1.6757289,0.2396731674671173,0.5269461274147034,0.1675335019826889
YDR096W,YDR529C,0,1.6744807,0.2395644336938858,0.5269461274147034,0.1676335334777832
YNL308C,YLR419W,0,1.6741711,0.23945578932762146,0.5269461274147034,0.1677335500717163
YNL063W,YDR316W,1,1.673993,0.23980054259300232,0.5279440879821777,0.1677335500717163
YBR296C,YBL075C,0,1.6735331,0.23969188332557678,0.5279440879821777,0.16783356666564941
YDR140W,YCL055W,1,1.6727859,0.2400362342596054,0.5289421081542969,0.16783356666564941
YMR282C,YJR155W,0,1.6727382,0.23992757499217987,0.5289421081542969,0.16793358325958252
YCR020C,YKL021C,0,1.6726772,0.2398190051317215,0.5289421081542969,0.16803359985351562
YNL244C,YOL080C,0,1.672358,0.23971053957939148,0.5289421081542969,0.16813363134860992
YER056C-A,YHL032C,0,1.6723061,0.23960216343402863,0.5289421081542969,0.16823364794254303
YDR341C,YBR273C,0,1.6714555,0.23949390649795532,0.5289421081542969,0.16833366453647614
YFR006W,YNL101W,0,1.6708962,0.239385724067688,0.5289421081542969,0.16843368113040924
YKR061W,YPL019C,0,1.6708444,0.239277645945549,0.5289421081542969,0.16853371262550354
YMR281W,YBR092C,0,1.6704113,0.2391696721315384,0.5289421081542969,0.16863372921943665
YIL124W,YPL095C,0,1.6699085,0.23906180262565613,0.5289421081542969,0.16873374581336975
YBR236C,YDR198C,1,1.6684434,0.23940487205982208,0.529940128326416,0.16873374581336975
YHR116W,YOR389W,0,1.6682616,0.23929698765277863,0.529940128326416,0.16883376240730286
YER099C,YER131W,0,1.668141,0.23918919265270233,0.529940128326416,0.16893379390239716
YGL191W,YAL003W,0,1.6681068,0.2390815019607544,0.529940128326416,0.16903381049633026
YDR014W,YPR021C,0,1.6675586,0.23897390067577362,0.529940128326416,0.16913382709026337
YGL192W,YNR046W,1,1.6673282,0.23931623995304108,0.5309381484985352,0.16913382709026337
YLR212C,YMR302C,0,1.6670123,0.2392086386680603,0.5309381484985352,0.16923384368419647
YMR080C,YEL065W,0,1.6670095,0.2391011267900467,0.5309381484985352,0.16933386027812958
YKR056W,YDL033C,1,1.6665761,0.23944294452667236,0.5319361090660095,0.16933386027812958
YNL293W,YBL082C,0,1.6663302,0.23933543264865875,0.5319361090660095,0.16943389177322388
YAL023C,YMR094W,0,1.6655809,0.2392280101776123,0.5319361090660095,0.16953390836715698
YFR041C,YLR385C,0,1.6655093,0.23912067711353302,0.5319361090660095,0.1696339249610901
YPR048W,YDR486C,0,1.6653558,0.2390134483575821,0.5319361090660095,0.1697339415550232
YJR139C,YPL026C,0,1.6643358,0.23890632390975952,0.5319361090660095,0.1698339730501175
YML125C,YMR217W,0,1.662879,0.2387992888689041,0.5319361090660095,0.1699339896440506
YMR221C,YBL061C,0,1.6623926,0.23869234323501587,0.5319361090660095,0.1700340062379837
YML060W,YAL035W,0,1.6622823,0.23858550190925598,0.5319361090660095,0.1701340228319168
YLR100W,YPR019W,0,1.6611923,0.23847874999046326,0.5319361090660095,0.17023403942584991
YKR094C,YMR311C,0,1.6606222,0.2383720874786377,0.5319361090660095,0.1703340709209442
YJL168C,YBR175W,1,1.6605504,0.23871256411075592,0.5329341292381287,0.1703340709209442
YGL137W,YOR224C,0,1.6602277,0.23860590159893036,0.5329341292381287,0.17043408751487732
YNL092W,YKL155C,1,1.6597421,0.23894596099853516,0.5339321494102478,0.17043408751487732
YEL064C,YNL112W,0,1.6594583,0.2388392835855484,0.5339321494102478,0.17053410410881042
YLR142W,YHL032C,0,1.6594332,0.23873271048069,0.5339321494102478,0.17063412070274353
YOL065C,YPL172C,0,1.6590835,0.23862622678279877,0.5339321494102478,0.17073415219783783
YCL063W,YFL041W,0,1.6580216,0.2385198324918747,0.5339321494102478,0.17083416879177094
YGR035C,YFL044C,0,1.6578778,0.23841354250907898,0.5339321494102478,0.17093418538570404
YHR160C,YDR093W,0,1.6566004,0.23830735683441162,0.5339321494102478,0.17103420197963715
YHR070W,YOL141W,1,1.6564492,0.2386464774608612,0.5349301099777222,0.17103420197963715
YOL138C,YLR121C,0,1.6564137,0.23854027688503265,0.5349301099777222,0.17113423347473145
YBR271W,YBR258C,1,1.6549636,0.2388790100812912,0.5359281301498413,0.17113423347473145
YMR051C,YDL082W,0,1.654868,0.23877279460430145,0.5359281301498413,0.17123425006866455
YMR228W,YBR175W,1,1.654739,0.23911111056804657,0.5369261503219604,0.17123425006866455
YGR159C,YLR459W,0,1.6545547,0.23900488018989563,0.5369261503219604,0.17133426666259766
YBR291C,YBR035C,0,1.654296,0.23889875411987305,0.5369261503219604,0.17143428325653076
YNL086W,YOL109W,0,1.6527658,0.23879271745681763,0.5369261503219604,0.17153429985046387
YOL152W,YJL148W,0,1.6518579,0.23868678510189056,0.5369261503219604,0.17163433134555817
YJL219W,YIL004C,0,1.6517752,0.23858092725276947,0.5369261503219604,0.17173434793949127
YJR001W,YGR189C,0,1.6514524,0.23847517371177673,0.5369261503219604,0.17183436453342438
YGR162W,YKL021C,0,1.6513008,0.23836952447891235,0.5369261503219604,0.17193438112735748
YGR008C,YGR279C,0,1.650997,0.23826394975185394,0.5369261503219604,0.17203441262245178
YDR033W,YIL113W,0,1.65095,0.2381584793329239,0.5369261503219604,0.1721344292163849
YGL106W,YDL082W,0,1.6508144,0.238053098320961,0.5369261503219604,0.172234445810318
YPL195W,YCR047C,0,1.649438,0.23794780671596527,0.5369261503219604,0.1723344624042511
YKL178C,YKL181W,0,1.649296,0.2378426194190979,0.5369261503219604,0.1724344938993454
YDR074W,YPL017C,0,1.649225,0.2377375215291977,0.5369261503219604,0.1725345104932785
YPL194W,YDL051W,0,1.6491619,0.23763251304626465,0.5369261503219604,0.1726345270872116
YOL105C,YOR036W,0,1.6489886,0.23752759397029877,0.5369261503219604,0.17273454368114471
YBR001C,YNL191W,0,1.6489716,0.23742276430130005,0.5369261503219604,0.17283456027507782
YER029C,YJR059W,0,1.6488976,0.2373180389404297,0.5369261503219604,0.17293459177017212
YLR008C,YJL072C,0,1.6480837,0.2372134029865265,0.5369261503219604,0.17303460836410522
YDL114W,YNL096C,0,1.6480514,0.23710885643959045,0.5369261503219604,0.17313462495803833
YDR050C,YER131W,0,1.6475531,0.23700439929962158,0.5369261503219604,0.17323464155197144
YDR236C,YDL205C,0,1.6472387,0.23690004646778107,0.5369261503219604,0.17333467304706573
YDL014W,YHR119W,1,1.6469342,0.2372359186410904,0.5379241704940796,0.17333467304706573
YOR096W,YHR028C,0,1.645803,0.23713155090808868,0.5379241704940796,0.17343468964099884
YDL166C,YLR098C,0,1.6457907,0.23702725768089294,0.5379241704940796,0.17353470623493195
YER061C,YGR106C,0,1.6446675,0.23692308366298676,0.5379241704940796,0.17363472282886505
YPL090C,YGR006W,0,1.64457,0.23681898415088654,0.5379241704940796,0.17373475432395935
YIL093C,YPR102C,0,1.6444157,0.23671497404575348,0.5379241704940796,0.17383477091789246
YOL103W,YDR031W,0,1.643978,0.23661106824874878,0.5379241704940796,0.17393478751182556
YBL022C,YNL151C,0,1.6435404,0.23650723695755005,0.5379241704940796,0.17403480410575867
YBR041W,YHL004W,0,1.6426073,0.23640350997447968,0.5379241704940796,0.17413482069969177
YLR418C,YGL168W,0,1.642326,0.23629987239837646,0.5379241704940796,0.17423485219478607
YPL281C,YHR167W,0,1.6420758,0.23619632422924042,0.5379241704940796,0.17433486878871918
YGR026W,YPR118W,0,1.641964,0.23609286546707153,0.5379241704940796,0.17443488538265228
YOR151C,YIL078W,0,1.6416727,0.2359894961118698,0.5379241704940796,0.1745349019765854
YLR170C,YDR014W,0,1.6406363,0.23588621616363525,0.5379241704940796,0.1746349334716797
YGL136C,YIL110W,1,1.6397055,0.23622047901153564,0.538922131061554,0.1746349334716797
YDR270W,YIL160C,0,1.639064,0.2361171841621399,0.538922131061554,0.1747349500656128
YLR370C,YOR346W,0,1.6382976,0.2360139787197113,0.538922131061554,0.1748349666595459
YOL093W,YGL136C,1,1.6382693,0.2363477498292923,0.5399201512336731,0.1748349666595459
YBR159W,YPL019C,0,1.6379806,0.2362445443868637,0.5399201512336731,0.174934983253479
YLR188W,YIL136W,0,1.6378406,0.23614142835140228,0.5399201512336731,0.1750349998474121
YDR228C,YLR010C,0,1.6377738,0.23603840172290802,0.5399201512336731,0.1751350313425064
YOR306C,YER012W,0,1.6376492,0.23593544960021973,0.5399201512336731,0.17523504793643951
YER113C,YPL202C,0,1.6374265,0.2358326017856598,0.5399201512336731,0.17533506453037262
YHL040C,YDR038C,0,1.6372589,0.23572984337806702,0.5399201512336731,0.17543508112430573
YDL201W,YDR165W,1,1.6371465,0.23606272041797638,0.5409181714057922,0.17543508112430573
YOR155C,YER106W,0,1.636748,0.2359599471092224,0.5409181714057922,0.17553511261940002
YDL166C,YCR081W,0,1.6364659,0.2358572632074356,0.5409181714057922,0.17563512921333313
YOR061W,YER053C,0,1.635718,0.23575466871261597,0.5409181714057922,0.17573514580726624
YGR075C,YPL202C,0,1.6354271,0.23565217852592468,0.5409181714057922,0.17583516240119934
YBL024W,YDL201W,1,1.634519,0.23598435521125793,0.5419161915779114,0.17583516240119934
YER091C,YGR262C,0,1.6334716,0.23588183522224426,0.5419161915779114,0.17593519389629364
YPR063C,YKL218C,0,1.6325091,0.23577941954135895,0.5419161915779114,0.17603521049022675
YMR036C,YGL229C,0,1.6324409,0.2356770783662796,0.5419161915779114,0.17613522708415985
YLR266C,YLR364W,0,1.6318563,0.2355748414993286,0.5419161915779114,0.17623524367809296
YML043C,YCL050C,0,1.6309974,0.2354726791381836,0.5419161915779114,0.17633526027202606
YNL119W,YHR011W,0,1.6300088,0.23537060618400574,0.5419161915779114,0.17643529176712036
YGR124W,YKR104W,0,1.62953,0.23526863753795624,0.5419161915779114,0.17653530836105347
YER180C,YDR486C,0,1.6295153,0.2351667433977127,0.5419161915779114,0.17663532495498657
YIL171W,YHR052W,0,1.6281072,0.23506493866443634,0.5419161915779114,0.17673534154891968
YDL205C,YGL185C,0,1.628039,0.23496322333812714,0.5419161915779114,0.17683537304401398
YBL030C,YER173W,0,1.6275779,0.2348615974187851,0.5419161915779114,0.17693538963794708
YJL046W,YCR053W,0,1.627364,0.23476004600524902,0.5419161915779114,0.1770354062318802
YMR292W,YDR421W,0,1.6269945,0.2346585988998413,0.5419161915779114,0.1771354228258133
YHR171W,YDR093W,0,1.625105,0.23455724120140076,0.5419161915779114,0.1772354543209076
YKR069W,YBR133C,1,1.6249999,0.2348877340555191,0.5429141521453857,0.1772354543209076
YGL050W,YML014W,1,1.6248957,0.23521795868873596,0.5439121723175049,0.1772354543209076
YKL109W,YCR054C,0,1.6245726,0.23511648178100586,0.5439121723175049,0.1773354709148407
YGR101W,YEL015W,0,1.6245507,0.23501509428024292,0.5439121723175049,0.1774354875087738
YLR364W,YLR327C,0,1.6230658,0.23491379618644714,0.5439121723175049,0.1775355041027069
YMR094W,YDL112W,0,1.6227365,0.23481258749961853,0.5439121723175049,0.17763552069664001
YLR015W,YDL033C,1,1.6215001,0.23514211177825928,0.544910192489624,0.17763552069664001
YLR008C,YER131W,0,1.6211499,0.23504088819026947,0.544910192489624,0.17773555219173431
YOR369C,YLR099C,0,1.6211194,0.23493975400924683,0.544910192489624,0.17783556878566742
YNL062C,YPL017C,1,1.6208616,0.23526881635189056,0.5459082126617432,0.17783556878566742
YHR172W,YLR441C,0,1.6193334,0.23516766726970673,0.5459082126617432,0.17793558537960052
YGL135W,YJR121W,0,1.6191839,0.23506660759449005,0.5459082126617432,0.17803560197353363
YJL019W,YML070W,0,1.6183637,0.23496563732624054,0.5459082126617432,0.17813563346862793
YML015C,YBR122C,0,1.6178876,0.234864741563797,0.5459082126617432,0.17823565006256104
YJR160C,YOR369C,0,1.617834,0.2347639501094818,0.5459082126617432,0.17833566665649414
YMR290C,YAL012W,0,1.6172069,0.2346632331609726,0.5459082126617432,0.17843568325042725
YGR189C,YDR116C,0,1.6163343,0.23456260561943054,0.5459082126617432,0.17853569984436035
YOR348C,YGR241C,0,1.6159983,0.23446206748485565,0.5459082126617432,0.17863573133945465
YDR503C,YGL003C,0,1.6157447,0.23436160385608673,0.5459082126617432,0.17873574793338776
YML129C,YJL156C,0,1.6157407,0.23426124453544617,0.5459082126617432,0.17883576452732086
YGL213C,YAR010C,0,1.6156013,0.23416095972061157,0.5459082126617432,0.17893578112125397
YML113W,YER110C,0,1.6148387,0.23406076431274414,0.5459082126617432,0.17903581261634827
YJL056C,YPR032W,0,1.6132547,0.23396064341068268,0.5459082126617432,0.17913582921028137
YBR159W,YCL066W,0,1.6124955,0.23386062681674957,0.5459082126617432,0.17923584580421448
YKL156W,YPL028W,0,1.612104,0.23376068472862244,0.5459082126617432,0.17933586239814758
YPR098C,YDR362C,0,1.6116575,0.23366083204746246,0.5459082126617432,0.17943589389324188
YCR047C,YDL033C,1,1.6116327,0.23398804664611816,0.5469061732292175,0.17943589389324188
YBR273C,YER153C,0,1.6112264,0.233888179063797,0.5469061732292175,0.179535910487175
YHR101C,YPL019C,0,1.6100019,0.233788400888443,0.5469061732292175,0.1796359270811081
YGL173C,YPL085W,0,1.609989,0.23368869721889496,0.5469061732292175,0.1797359436750412
YPR118W,YPR047W,0,1.6098274,0.2335890829563141,0.5469061732292175,0.1798359602689743
YLR237W,YDR322W,0,1.6098107,0.23348955810070038,0.5469061732292175,0.1799359917640686
YDL060W,YOR211C,0,1.6094935,0.23339012265205383,0.5469061732292175,0.1800360083580017
YNL129W,YDL112W,0,1.6090564,0.23329076170921326,0.5469061732292175,0.18013602495193481
YLR096W,YGR014W,0,1.6090351,0.23319149017333984,0.5469061732292175,0.18023604154586792
YGR063C,YEL050C,0,1.6088747,0.2330923080444336,0.5469061732292175,0.18033607304096222
YLR385C,YNR045W,0,1.6088246,0.2329932004213333,0.5469061732292175,0.18043608963489532
YPL017C,YLR441C,0,1.6087805,0.2328941822052002,0.5469061732292175,0.18053610622882843
YOR239W,YDL014W,1,1.6081558,0.23322005569934845,0.5479041934013367,0.18053610622882843
YKL100C,YLR304C,0,1.6075135,0.23312102258205414,0.5479041934013367,0.18063612282276154
YBR092C,YML104C,0,1.6065956,0.2330220639705658,0.5479041934013367,0.18073615431785583
YNR046W,YDL033C,1,1.6065679,0.23334747552871704,0.5489022135734558,0.18073615431785583
YER099C,YDL008W,0,1.6058804,0.2332485169172287,0.5489022135734558,0.18083617091178894
YJL170C,YLL001W,0,1.6057991,0.23314963281154633,0.5489022135734558,0.18093618750572205
YKR056W,YBR030W,1,1.6050977,0.23347458243370056,0.5499001741409302,0.18093618750572205
YBR261C,YML014W,1,1.6048576,0.23379923403263092,0.5508981943130493,0.18093618750572205
YOL152W,YGR061C,0,1.6047736,0.23370026051998138,0.5508981943130493,0.18103620409965515
YGL210W,YML043C,0,1.6046653,0.23360136151313782,0.5508981943130493,0.18113622069358826
YHR092C,YOR306C,0,1.6043822,0.23350253701210022,0.5508981943130493,0.18123625218868256
YKR037C,YBL020W,0,1.6043723,0.23340380191802979,0.5508981943130493,0.18133626878261566
YLR010C,YDR298C,0,1.6020014,0.2333051562309265,0.5508981943130493,0.18143628537654877
YOR167C,YOR124C,0,1.6019472,0.2332065850496292,0.5508981943130493,0.18153630197048187
YGL039W,YHR181W,0,1.6016923,0.23310810327529907,0.5508981943130493,0.18163633346557617
YML054C,YDL190C,0,1.6000652,0.2330097109079361,0.5508981943130493,0.18173635005950928
YDL201W,YLR172C,1,1.5991006,0.23333333432674408,0.5518962144851685,0.18173635005950928
YOR348C,YIL124W,0,1.5972432,0.2332349270582199,0.5518962144851685,0.18183636665344238
YNR070W,YPL153C,0,1.5972189,0.2331365942955017,0.5518962144851685,0.1819363832473755
YGL173C,YGL039W,0,1.5954248,0.23303835093975067,0.5518962144851685,0.1820363998413086
YHR207C,YCL027W,0,1.5950702,0.2329401820898056,0.5518962144851685,0.1821364313364029
YER148W,YDR330W,0,1.5946774,0.2328421026468277,0.5518962144851685,0.182236447930336
YGR001C,YDR316W,1,1.5936145,0.233164981007576,0.5528942346572876,0.182236447930336
YDR038C,YPL153C,0,1.5928792,0.2330668866634369,0.5528942346572876,0.1823364645242691
YIR014W,YGR194C,0,1.5902745,0.23296888172626495,0.5528942346572876,0.1824364811182022
YGR286C,YGR188C,0,1.5895804,0.232870951294899,0.5528942346572876,0.1825365126132965
YFL004W,YCR009C,0,1.5893646,0.23277311027050018,0.5528942346572876,0.18263652920722961
YBR166C,YGR037C,0,1.5892043,0.23267534375190735,0.5528942346572876,0.18273654580116272
YPL208W,YNL063W,1,1.5888056,0.23299747705459595,0.553892195224762,0.18273654580116272
YGR001C,YDR165W,1,1.5882822,0.23331934213638306,0.5548902153968811,0.18273654580116272
YOR326W,YPL038W,0,1.5879754,0.23322147130966187,0.5548902153968811,0.18283656239509583
YBR024W,YCR092C,0,1.5873915,0.23312368988990784,0.5548902153968811,0.18293659389019012
YNL248C,YLR014C,0,1.5868479,0.23302598297595978,0.5548902153968811,0.18303661048412323
YER089C,YBR122C,0,1.5864577,0.23292836546897888,0.5548902153968811,0.18313662707805634
YCR096C,YDR055W,0,1.5857942,0.23283082246780396,0.5548902153968811,0.18323664367198944
YDL007W,YOR063W,0,1.5846494,0.232733353972435,0.5548902153968811,0.18333666026592255
YOL071W,YKR105C,0,1.5841795,0.2326359897851944,0.5548902153968811,0.18343669176101685
YDR424C,YNL091W,0,1.5835544,0.23253868520259857,0.5548902153968811,0.18353670835494995
YLR100W,YLR221C,0,1.5829263,0.2324414700269699,0.5548902153968811,0.18363672494888306
YOR039W,YDL146W,0,1.5827969,0.2323443442583084,0.5548902153968811,0.18373674154281616
YDR329C,YNL162W,0,1.5823871,0.2322472780942917,0.5548902153968811,0.18383677303791046
YDL144C,YNL188W,0,1.5819573,0.23215031623840332,0.5548902153968811,0.18393678963184357
YER174C,YOL077C,0,1.5817559,0.23205342888832092,0.5548902153968811,0.18403680622577667
YIL027C,YML125C,0,1.5816652,0.2319566160440445,0.5548902153968811,0.18413682281970978
YDL130W-A,YLR186W,0,1.5812393,0.23185987770557404,0.5548902153968811,0.18423685431480408
YLR010C,YPL092W,0,1.5811362,0.23176322877407074,0.5548902153968811,0.18433687090873718
YGL021W,YMR307W,0,1.5811251,0.2316666692495346,0.5548902153968811,0.1844368875026703
YER110C,YOR127W,0,1.5810806,0.23157018423080444,0.5548902153968811,0.1845369040966034
YLL062C,YPL144W,0,1.5805457,0.23147377371788025,0.5548902153968811,0.1846369206905365
YDR299W,YNL185C,0,1.580447,0.23137743771076202,0.5548902153968811,0.1847369521856308
YOL124C,YDL200C,1,1.5803598,0.2316971719264984,0.5558882355690002,0.1847369521856308
YFL047W,YER148W,0,1.5802404,0.2316008359193802,0.5558882355690002,0.1848369687795639
YOL096C,YOR074C,1,1.5801146,0.23192019760608673,0.5568862557411194,0.1848369687795639
YHR143W,YLR176C,0,1.5781697,0.2318238466978073,0.5568862557411194,0.184936985373497
YGL211W,YDL085W,0,1.5781108,0.23172757029533386,0.5568862557411194,0.18503700196743011
YML116W,YJL102W,0,1.5773633,0.23163138329982758,0.5568862557411194,0.18513703346252441
YBL093C,YGR194C,0,1.5769379,0.23153527081012726,0.5568862557411194,0.18523705005645752
YJL168C,YDR165W,1,1.5754057,0.23185400664806366,0.5578842163085938,0.18523705005645752
YOR175C,YIL125W,0,1.5753822,0.23175787925720215,0.5578842163085938,0.18533706665039062
YOR076C,YLL035W,0,1.5750061,0.2316618263721466,0.5578842163085938,0.18543708324432373
YBR205W,YNR050C,0,1.5749836,0.23156586289405823,0.5578842163085938,0.18553711473941803
YEL002C,YOL140W,0,1.573872,0.23146997392177582,0.5578842163085938,0.18563713133335114
YFL039C,YOR242C,0,1.573239,0.23137417435646057,0.5578842163085938,0.18573714792728424
YGL009C,YJR155W,0,1.5730622,0.2312784492969513,0.5578842163085938,0.18583716452121735
YGR029W,YLR015W,0,1.5713787,0.23118279874324799,0.5578842163085938,0.18593718111515045
YIL155C,YER164W,0,1.5710461,0.23108722269535065,0.5578842163085938,0.18603721261024475
YDR465C,YER112W,0,1.5690153,0.23099173605442047,0.5578842163085938,0.18613722920417786
YHR086W,YDR320C,0,1.567963,0.23089632391929626,0.5578842163085938,0.18623724579811096
YJR065C,YMR152W,0,1.56782,0.23080098628997803,0.5578842163085938,0.18633726239204407
YLR286C,YJR059W,0,1.5673796,0.23070573806762695,0.5578842163085938,0.18643729388713837
YGR047C,YOR306C,0,1.5673574,0.23061056435108185,0.5578842163085938,0.18653731048107147
YOR046C,YGR262C,0,1.5672699,0.2305154651403427,0.5578842163085938,0.18663732707500458
YIL125W,YIL111W,0,1.5671779,0.23042044043540955,0.5578842163085938,0.18673734366893768
YPR041W,YHR181W,0,1.5670613,0.23032550513744354,0.5578842163085938,0.1868373602628708
YGR047C,YER110C,0,1.5659342,0.2302306443452835,0.5578842163085938,0.1869373917579651
YOR037W,YPL090C,0,1.5659074,0.23013585805892944,0.5578842163085938,0.1870374083518982
YNL024C,YOL125W,1,1.565717,0.23045267164707184,0.5588822364807129,0.1870374083518982
YHR028C,YBR040W,0,1.5653138,0.23035787045955658,0.5588822364807129,0.1871374249458313
YIL027C,YLR304C,0,1.5651565,0.23026315867900848,0.5588822364807129,0.1872374415397644
YIL027C,YBR158W,0,1.5645567,0.23016852140426636,0.5588822364807129,0.1873374730348587
YBR036C,YJL090C,0,1.5644611,0.2300739586353302,0.5588822364807129,0.1874374896287918
YDR013W,YKL212W,0,1.5644071,0.2299794703722,0.5588822364807129,0.18753750622272491
YML005W,YNL062C,1,1.5634851,0.2302955687046051,0.559880256652832,0.18753750622272491
YBL024W,YDR169C,0,1.5634559,0.23020106554031372,0.559880256652832,0.18763752281665802
YPL031C,YGL123W,0,1.5620211,0.2301066517829895,0.559880256652832,0.18773755431175232
YHL044W,YDR265W,0,1.5619395,0.23001229763031006,0.559880256652832,0.18783757090568542
YCR081W,YDR116C,0,1.561878,0.22991803288459778,0.559880256652832,0.18793758749961853
YKR061W,YHR129C,0,1.5606285,0.22982384264469147,0.559880256652832,0.18803760409355164
YHR172W,YHR070W,0,1.5604448,0.22972972691059113,0.559880256652832,0.18813762068748474
YER091C,YHR119W,1,1.5602251,0.23004502058029175,0.5608782172203064,0.18813762068748474
YJR158W,YLL050C,0,1.5590776,0.2299509048461914,0.5608782172203064,0.18823765218257904
YDL136W,YLR045C,0,1.5590565,0.22985684871673584,0.5608782172203064,0.18833766877651215
YGL173C,YNL206C,0,1.5588704,0.22976288199424744,0.5608782172203064,0.18843768537044525
YMR217W,YPL033C,0,1.5582148,0.229668989777565,0.5608782172203064,0.18853770196437836
YGL128C,YER153C,0,1.5577775,0.22957515716552734,0.5608782172203064,0.18863773345947266
YIL004C,YMR290C,0,1.5575669,0.22948141396045685,0.5608782172203064,0.18873775005340576
YLR214W,YDR134C,0,1.5570345,0.22938776016235352,0.5608782172203064,0.18883776664733887
YBL039C,YCR028C,0,1.5569423,0.22929416596889496,0.5608782172203064,0.18893778324127197
YLL062C,YOR233W,0,1.5568503,0.22920064628124237,0.5608782172203064,0.18903781473636627
YNL086W,YHR171W,0,1.5566188,0.22910721600055695,0.5608782172203064,0.18913783133029938
YPL144W,YMR004W,0,1.5562209,0.2290138602256775,0.5608782172203064,0.18923784792423248
YPL208W,YJR129C,1,1.556187,0.22932790219783783,0.5618762373924255,0.18923784792423248
YJR158W,YJR022W,0,1.5555915,0.22923453152179718,0.5618762373924255,0.1893378645181656
YLR459W,YNL308C,0,1.5553256,0.2291412353515625,0.5618762373924255,0.1894378811120987
YBR084W,YJR126C,0,1.5544448,0.2290480136871338,0.5618762373924255,0.189537912607193
YOR201C,YBR048W,0,1.554237,0.22895486652851105,0.5618762373924255,0.1896379292011261
YJL090C,YBR035C,0,1.55392,0.22886179387569427,0.5618762373924255,0.1897379457950592
YER070W,YIR009W,0,1.5535148,0.22876879572868347,0.5618762373924255,0.1898379623889923
YOR233W,YKL024C,0,1.553256,0.22867587208747864,0.5618762373924255,0.1899379938840866
YIL090W,YML060W,0,1.5525515,0.22858302295207977,0.5618762373924255,0.19003801047801971
YPL022W,YOL140W,0,1.551915,0.22849026322364807,0.5618762373924255,0.19013802707195282
YNL062C,YDR198C,1,1.5512842,0.22880324721336365,0.5628742575645447,0.19013802707195282
YER096W,YLL011W,0,1.5511974,0.22871045768260956,0.5628742575645447,0.19023804366588593
YGL135W,YPR081C,0,1.5507272,0.22861775755882263,0.5628742575645447,0.19033806025981903
YBL069W,YOL080C,0,1.5506575,0.22852511703968048,0.5628742575645447,0.19043809175491333
YJR076C,YOL140W,0,1.5502797,0.2284325659275055,0.5628742575645447,0.19053810834884644
YER086W,YDL085W,0,1.5500724,0.22834007441997528,0.5628742575645447,0.19063812494277954
YPL157W,YNR046W,1,1.5499319,0.22865237295627594,0.5638722777366638,0.19063812494277954
YCR053W,YKR009C,0,1.5498663,0.22855986654758453,0.5638722777366638,0.19073814153671265
YJR029W,YCR028C,0,1.5498327,0.2284674495458603,0.5638722777366638,0.19083817303180695
YJL136C,YCL066W,0,1.5497414,0.22837510704994202,0.5638722777366638,0.19093818962574005
YJR015W,YPL154C,0,1.5494694,0.22828282415866852,0.5638722777366638,0.19103820621967316
YOR047C,YER051W,0,1.5493428,0.22819063067436218,0.5638722777366638,0.19113822281360626
YOR096W,YDL130W,0,1.547796,0.22809851169586182,0.5638722777366638,0.19123825430870056
YBR267W,YOL030W,0,1.5473129,0.22800645232200623,0.5638722777366638,0.19133827090263367
YNR040W,YOL019W,0,1.546738,0.2279144823551178,0.5638722777366638,0.19143828749656677
YPL208W,YNL061W,1,1.5461386,0.22822581231594086,0.5648702383041382,0.19143828749656677
YER061C,YGR054W,0,1.5455092,0.22813381254673004,0.5648702383041382,0.19153830409049988
YER029C,YMR150C,0,1.5440029,0.2280419021844864,0.5648702383041382,0.19163832068443298
YER148W,YKL195W,0,1.5436842,0.2279500663280487,0.5648702383041382,0.19173835217952728
YOR043W,YPL111W,0,1.5426899,0.2278582900762558,0.5648702383041382,0.1918383687734604
YNL166C,YLR040C,0,1.5419859,0.22776660323143005,0.5648702383041382,0.1919383853673935
YNL292W,YMR071C,0,1.5414964,0.22767497599124908,0.5648702383041382,0.1920384019613266
YHR046C,YBL054W,0,1.5409447,0.22758343815803528,0.5648702383041382,0.1921384334564209
YDR197W,YDL082W,0,1.5407997,0.22749195992946625,0.5648702383041382,0.192238450050354
YLR285W,YDR408C,1,1.5394584,0.2278023362159729,0.5658682584762573,0.192238450050354
YML074C,YJL025W,0,1.5381122,0.22771084308624268,0.5658682584762573,0.1923384666442871
YMR006C,YFR041C,0,1.537871,0.22761942446231842,0.5658682584762573,0.19243848323822021
YLR109W,YKR059W,0,1.5375737,0.22752809524536133,0.5658682584762573,0.19253851473331451
YNL311C,YNL191W,0,1.5372945,0.227436825633049,0.5658682584762573,0.19263853132724762
YDR510W,YPR016C,0,1.5372248,0.22734563052654266,0.5658682584762573,0.19273854792118073
YLR439W,YOR044W,0,1.5372015,0.22725450992584229,0.5658682584762573,0.19283856451511383
YMR142C,YGR001C,0,1.5370089,0.22716346383094788,0.5658682584762573,0.19293858110904694
YJR010C-A,YHR086W,0,1.5367876,0.22707249224185944,0.5658682584762573,0.19303861260414124
YDL043C,YOR046C,0,1.5353078,0.22698158025741577,0.5658682584762573,0.19313862919807434
YER131W,YJL156C,0,1.5352356,0.22689075767993927,0.5658682584762573,0.19323864579200745
YFL039C,YAL025C,0,1.5347692,0.22679999470710754,0.5658682584762573,0.19333866238594055
YHR031C,YMR281W,0,1.5345384,0.22670932114124298,0.5658682584762573,0.19343869388103485
YOR175C,YGL191W,0,1.5343496,0.2266187071800232,0.5658682584762573,0.19353871047496796
YER133W,YKL109W,0,1.534249,0.22652816772460938,0.5658682584762573,0.19363872706890106
YDL143W,YGR279C,0,1.5340708,0.22643770277500153,0.5658682584762573,0.19373874366283417
YJL109C,YPL202C,0,1.5332749,0.22634731233119965,0.5658682584762573,0.19383877515792847
YDL043C,YGR154C,0,1.5332575,0.22625698149204254,0.5658682584762573,0.19393879175186157
YCR020C,YER110C,0,1.5323797,0.2261667400598526,0.5658682584762573,0.19403880834579468
YPL038W,YMR303C,0,1.5323306,0.22607655823230743,0.5658682584762573,0.19413882493972778
YOL096C,YGL192W,1,1.5319006,0.22638501226902008,0.5668662786483765,0.19413882493972778
YDR038C,YNR047W,0,1.5318033,0.22629481554031372,0.5668662786483765,0.1942388415336609
YBR296C,YDR501W,0,1.5316151,0.22620469331741333,0.5668662786483765,0.1943388730287552
YBL021C,YLR139C,0,1.5307704,0.2261146456003189,0.5668662786483765,0.1944388896226883
YER091C,YLR015W,1,1.5302216,0.22642260789871216,0.5678642988204956,0.1944388896226883
YGL135W,YGR037C,0,1.5301746,0.22633253037929535,0.5678642988204956,0.1945389062166214
YER029C,YPL019C,0,1.5298408,0.2262425422668457,0.5678642988204956,0.1946389228105545
YER025W,YIR002C,0,1.529437,0.22615262866020203,0.5678642988204956,0.1947389543056488
YGL089C,YPL157W,0,1.5290177,0.22606277465820312,0.5678642988204956,0.1948389708995819
YOL139C,YGR234W,0,1.5287067,0.2259729951620102,0.5678642988204956,0.19493898749351501
YML005W,YDL014W,1,1.5285598,0.22628027200698853,0.56886225938797,0.19493898749351501
YML012W,YJL148W,0,1.5281367,0.2261904776096344,0.56886225938797,0.19503900408744812
YOL139C,YJR033C,0,1.5280508,0.22610075771808624,0.56886225938797,0.19513902068138123
YML054C,YBL069W,0,1.5278597,0.22601109743118286,0.56886225938797,0.19523905217647552
YNR040W,YKR009C,0,1.5277396,0.22592152655124664,0.56886225938797,0.19533906877040863
YBR237W,YGL211W,0,1.5276643,0.2258320152759552,0.56886225938797,0.19543908536434174
YBL078C,YAL020C,0,1.5265931,0.22574257850646973,0.56886225938797,0.19553910195827484
YLR370C,YLR010C,0,1.5265907,0.22565320134162903,0.56886225938797,0.19563913345336914
YOR288C,YOR242C,0,1.5264543,0.2255639135837555,0.56886225938797,0.19573915004730225
YER025W,YOL133W,0,1.5259249,0.22547468543052673,0.56886225938797,0.19583916664123535
YIL064W,YBR258C,1,1.5245842,0.2257809340953827,0.5698602795600891,0.19583916664123535
YPL269W,YPL028W,0,1.5229878,0.22569170594215393,0.5698602795600891,0.19593918323516846
YMR307W,YNL206C,0,1.5226955,0.22560252249240875,0.5698602795600891,0.19603921473026276
YDR400W,YKL056C,0,1.5217346,0.22551342844963074,0.5698602795600891,0.19613923132419586
YKL183W,YDR523C,0,1.5213853,0.2254243940114975,0.5698602795600891,0.19623924791812897
YBR175W,YBR133C,1,1.5211498,0.2257300764322281,0.5708582997322083,0.19623924791812897
YMR022W,YEL050C,0,1.5211483,0.22564102709293365,0.5708582997322083,0.19633926451206207
YBR024W,YML009C,0,1.520648,0.2255520522594452,0.5708582997322083,0.19643928110599518
YLR126C,YOL139C,0,1.5204941,0.2254631519317627,0.5708582997322083,0.19653931260108948
YGR058W,YDR116C,0,1.5204709,0.22537431120872498,0.5708582997322083,0.19663932919502258
YOR306C,YML115C,0,1.5201775,0.22528554499149323,0.5708582997322083,0.1967393457889557
YPR005C,YBL082C,0,1.519791,0.22519685328006744,0.5708582997322083,0.1968393623828888
YML074C,YBR035C,0,1.5196837,0.22510822117328644,0.5708582997322083,0.1969393938779831
YER027C,YFR005C,0,1.5194353,0.2250196635723114,0.5708582997322083,0.1970394104719162
YER086W,YGR086C,0,1.5190419,0.22493118047714233,0.5708582997322083,0.1971394270658493
YDL127W,YIL125W,0,1.5188533,0.22484277188777924,0.5708582997322083,0.1972394436597824
YDL190C,YNL096C,0,1.5184187,0.2247544229030609,0.5708582997322083,0.1973394751548767
YHR044C,YEL058W,0,1.5180813,0.22466614842414856,0.5708582997322083,0.19743949174880981
YJL129C,YNL151C,0,1.5178754,0.22457793354988098,0.5708582997322083,0.19753950834274292
YML015C,YPL059W,0,1.5178336,0.22448979318141937,0.5708582997322083,0.19763952493667603
YBR176W,YER091C,1,1.5175105,0.22479403018951416,0.5718562602996826,0.19763952493667603
YJR135C,YCR047C,0,1.5174565,0.22470587491989136,0.5718562602996826,0.19773954153060913
YJL198W,YPR049C,0,1.51635,0.22461779415607452,0.5718562602996826,0.19783957302570343
YBR289W,YNL217W,0,1.5159649,0.22452978789806366,0.5718562602996826,0.19793958961963654
YOL139C,YCL050C,0,1.5146738,0.22444182634353638,0.5718562602996826,0.19803960621356964
YMR287C,YER030W,0,1.5143982,0.22435395419597626,0.5718562602996826,0.19813962280750275
YPL089C,YLR441C,0,1.513904,0.2242661416530609,0.5718562602996826,0.19823965430259705
YJR009C,YHR160C,0,1.5137264,0.22417840361595154,0.5718562602996826,0.19833967089653015
YOR155C,YEL021W,0,1.5134951,0.22409072518348694,0.5718562602996826,0.19843968749046326
YBR133C,YHR209W,1,1.5134329,0.2243940532207489,0.5728542804718018,0.19843968749046326
YBR082C,YMR211W,0,1.513012,0.2243063747882843,0.5728542804718018,0.19853970408439636
YER110C,YPR019W,0,1.5128806,0.22421875596046448,0.5728542804718018,0.19863972067832947
YPR098C,YDR511W,0,1.5126494,0.22413119673728943,0.5728542804718018,0.19873975217342377
YDR298C,YGL157W,0,1.5116428,0.22404371201992035,0.5728542804718018,0.19883976876735687
YOR175C,YHR092C,0,1.5113453,0.22395630180835724,0.5728542804718018,0.19893978536128998
YBR251W,YDR534C,0,1.510708,0.2238689512014389,0.5728542804718018,0.19903980195522308
YML077W,YLR246W,0,1.5105541,0.22378167510032654,0.5728542804718018,0.19913983345031738
YBR156C,YDR116C,0,1.5102785,0.22369447350502014,0.5728542804718018,0.1992398500442505
YML042W,YCR037C,0,1.5102531,0.22360731661319733,0.5728542804718018,0.1993398666381836
YOL005C,YPL092W,0,1.509756,0.22352024912834167,0.5728542804718018,0.1994398832321167
YKR094C,YDR320C,0,1.5096649,0.2234332412481308,0.5728542804718018,0.199539914727211
YER086W,YOR233W,0,1.5096179,0.2233463078737259,0.5728542804718018,0.1996399313211441
YJL097W,YER012W,0,1.5090996,0.22325943410396576,0.5728542804718018,0.1997399479150772
YDR279W,YPL177C,0,1.5087221,0.2231726348400116,0.5728542804718018,0.19983996450901031
YBR251W,YGL031C,0,1.508386,0.2230858951807022,0.5728542804718018,0.19993998110294342
YDR531W,YDL060W,0,1.5083,0.2229992300271988,0.5728542804718018,0.20004001259803772
YMR150C,YDR031W,0,1.5081512,0.22291262447834015,0.5728542804718018,0.20014002919197083
YJL157C,YPL017C,0,1.5071291,0.22282609343528748,0.5728542804718018,0.20024004578590393
YNL188W,YGR191W,0,1.5068278,0.22273962199687958,0.5728542804718018,0.20034006237983704
YJR097W,YOR063W,0,1.5066069,0.22265322506427765,0.5728542804718018,0.20044009387493134
YML074C,YNL096C,0,1.5065376,0.2225668877363205,0.5728542804718018,0.20054011046886444
YML027W,YIL172C,0,1.5063471,0.2224806249141693,0.5728542804718018,0.20064012706279755
YNL291C,YDL085W,0,1.5049697,0.2223944216966629,0.5728542804718018,0.20074014365673065
YDR083W,YGL192W,1,1.5047103,0.22269558906555176,0.5738523006439209,0.20074014365673065
YMR142C,YGR241C,0,1.5042347,0.22260937094688416,0.5738523006439209,0.20084017515182495
YOL139C,YNL191W,0,1.503672,0.22252321243286133,0.5738523006439209,0.20094019174575806
YKL004W,YDL164C,0,1.50357,0.22243714332580566,0.5738523006439209,0.20104020833969116
YIR014W,YCL066W,0,1.5033486,0.22235111892223358,0.5738523006439209,0.20114022493362427
YHR109W,YDR408C,1,1.5032927,0.22265172004699707,0.57485032081604,0.20114022493362427
YNR043W,YBR299W,0,1.5031883,0.2225656807422638,0.57485032081604,0.20124024152755737
YCL063W,YJL164C,0,1.5028263,0.2224797159433365,0.57485032081604,0.20134027302265167
YDR121W,YPL101W,0,1.5028056,0.22239382565021515,0.57485032081604,0.20144028961658478
YOL139C,YDL184C,0,1.5027567,0.2223079949617386,0.57485032081604,0.20154030621051788
YHR109W,YGL050W,1,1.5027028,0.2226080298423767,0.5758482813835144,0.20154030621051788
YBL061C,YHL016C,0,1.5026305,0.22252216935157776,0.5758482813835144,0.201640322804451
YKL212W,YJL133W,0,1.5019671,0.22243639826774597,0.5758482813835144,0.2017403542995453
YIL027C,YKR061W,0,1.5018352,0.22235067188739777,0.5758482813835144,0.2018403708934784
YCL047C,YLR014C,0,1.5014323,0.22226502001285553,0.5758482813835144,0.2019403874874115
YDR322W,YOR242C,0,1.5008742,0.22217944264411926,0.5758482813835144,0.2020404040813446
YJL198W,YJR009C,0,1.5001272,0.22209392488002777,0.5758482813835144,0.2021404206752777
YFR041C,YPR186C,0,1.4997677,0.22200846672058105,0.5758482813835144,0.202240452170372
YAL035W,YJL190C,0,1.4993786,0.2219230830669403,0.5758482813835144,0.20234046876430511
YDR495C,YKL164C,0,1.4992656,0.22183775901794434,0.5758482813835144,0.20244048535823822
YER095W,YCL027W,0,1.4985398,0.22175249457359314,0.5758482813835144,0.20254050195217133
YDR347W,YER007W,0,1.4984616,0.2216673046350479,0.5758482813835144,0.20264053344726562
YDR120C,YDR402C,0,1.4978204,0.22158217430114746,0.5758482813835144,0.20274055004119873
YBL021C,YNL339C,0,1.4976888,0.22149711847305298,0.5758482813835144,0.20284056663513184
YOL096C,YDR140W,1,1.4973426,0.22179585695266724,0.5768463015556335,0.20284056663513184
YPR049C,YCL075W,0,1.4972885,0.22171077132225037,0.5768463015556335,0.20294058322906494
YDR440W,YDL112W,1,1.4969094,0.22200919687747955,0.5778443217277527,0.20294058322906494
YOR175C,YNL149C,0,1.4966562,0.22192411124706268,0.5778443217277527,0.20304061472415924
YOR124C,YPL220W,0,1.4963344,0.2218390852212906,0.5778443217277527,0.20314063131809235
YBR166C,YCR040W,0,1.4957602,0.22175411880016327,0.5778443217277527,0.20324064791202545
YNL292W,YDR236C,0,1.4944915,0.22166921198368073,0.5778443217277527,0.20334066450595856
YDR036C,YDL095W,0,1.4941622,0.22158437967300415,0.5778443217277527,0.20344068109989166
YMR289W,YGL039W,0,1.4936599,0.22149962186813354,0.5778443217277527,0.20354071259498596
YJL157C,YHR017W,0,1.4934608,0.22141490876674652,0.5778443217277527,0.20364072918891907
YOL065C,YNL227C,0,1.493114,0.22133027017116547,0.5778443217277527,0.20374074578285217
YML027W,YOR257W,0,1.4923509,0.22124570608139038,0.5778443217277527,0.20384076237678528
YGL205W,YPL204W,0,1.4920667,0.22116118669509888,0.5778443217277527,0.20394079387187958
YOR391C,YIL136W,0,1.491868,0.22107674181461334,0.5778443217277527,0.20404081046581268
YDR341C,YDR096W,0,1.4907916,0.22099237143993378,0.5778443217277527,0.2041408270597458
YLR381W,YOL072W,0,1.4902246,0.2209080457687378,0.5778443217277527,0.2042408436536789
YJR068W,YNL339C,0,1.4895687,0.22082379460334778,0.5778443217277527,0.2043408751487732
YBR012W-A,YJL148W,0,1.4887251,0.22073961794376373,0.5778443217277527,0.2044408917427063
YPL157W,YHR119W,1,1.4866921,0.22103658318519592,0.5788423418998718,0.2044408917427063
YIL078W,YDL112W,0,1.486489,0.2209523767232895,0.5788423418998718,0.2045409083366394
YLR142W,YML085C,0,1.48601,0.22086824476718903,0.5788423418998718,0.2046409249305725
YER174C,YGR063C,0,1.485464,0.22078415751457214,0.5788423418998718,0.20474094152450562
YDR418W,YML037C,0,1.4839778,0.22070014476776123,0.5788423418998718,0.20484097301959991
YHR167W,YPR047W,0,1.48344,0.2206162065267563,0.5788423418998718,0.20494098961353302
YDR118W,YML070W,0,1.4830021,0.22053231298923492,0.5788423418998718,0.20504100620746613
YAR015W,YOR075W,0,1.4829019,0.22044849395751953,0.5788423418998718,0.20514102280139923
YCL059C,YGR063C,0,1.4827822,0.2203647345304489,0.5788423418998718,0.20524105429649353
YER153C,YDR003W,0,1.4823521,0.22028104960918427,0.5788423418998718,0.20534107089042664
YMR142C,YBR122C,0,1.4822818,0.2201974242925644,0.5788423418998718,0.20544108748435974
YHR021C,YBR160W,0,1.4814277,0.2201138585805893,0.5788423418998718,0.20554110407829285
YLR371W,YBR084W,0,1.4813378,0.22003035247325897,0.5788423418998718,0.20564113557338715
YBR030W,YBR164C,0,1.480927,0.21994690597057343,0.5788423418998718,0.20574115216732025
YHR021C,YDL056W,0,1.4805077,0.21986353397369385,0.5788423418998718,0.20584116876125336
YHR070W,YDR257C,1,1.4804331,0.2201591581106186,0.5798403024673462,0.20584116876125336
YDR400W,YJL121C,0,1.4800042,0.22007575631141663,0.5798403024673462,0.20594118535518646
YLR204W,YER153C,0,1.4799229,0.21999242901802063,0.5798403024673462,0.20604120194911957
YMR098C,YCL066W,0,1.4798137,0.2199091613292694,0.5798403024673462,0.20614123344421387
YBL103C,YPL149W,0,1.4798099,0.21982595324516296,0.5798403024673462,0.20624125003814697
YGR047C,YLR306W,0,1.479599,0.2197428196668625,0.5798403024673462,0.20634126663208008
YDR115W,YDR313C,0,1.4785788,0.2196597307920456,0.5798403024673462,0.20644128322601318
YLL009C,YBR048W,0,1.4783769,0.21957671642303467,0.5798403024673462,0.20654131472110748
YDR071C,YPL033C,0,1.4781674,0.21949376165866852,0.5798403024673462,0.2066413313150406
YDL043C,YLR450W,0,1.4775828,0.21941088140010834,0.5798403024673462,0.2067413479089737
YBL030C,YOL117W,0,1.4773372,0.21932804584503174,0.5798403024673462,0.2068413645029068
YDR086C,YJL190C,0,1.4772319,0.2192452847957611,0.5798403024673462,0.2069413810968399
YNL166C,YMR314W,0,1.4764544,0.21916258335113525,0.5798403024673462,0.2070414125919342
YJR016C,YER153C,0,1.4755272,0.21907994151115417,0.5798403024673462,0.2071414291858673
YLR221C,YMR071C,0,1.4734677,0.21899735927581787,0.5798403024673462,0.20724144577980042
YPL177C,YML091C,0,1.4732848,0.21891485154628754,0.5798403024673462,0.20734146237373352
YDR510W,YOR092W,0,1.47326,0.21883238852024078,0.5798403024673462,0.20744149386882782
YHR207C,YDR316W,1,1.4723538,0.21912650763988495,0.5808383226394653,0.20744149386882782
YAR003W,YDL033C,1,1.4721321,0.2194204032421112,0.5818363428115845,0.20744149386882782
YPL022W,YOL125W,0,1.4708127,0.2193378508090973,0.5818363428115845,0.20754151046276093
YGR279C,YPR031W,0,1.4706796,0.21925535798072815,0.5818363428115845,0.20764152705669403
YBR035C,YHR186C,0,1.4700103,0.21917293965816498,0.5818363428115845,0.20774154365062714
YIR023W,YLL035W,0,1.4689368,0.2190905660390854,0.5818363428115845,0.20784157514572144
YPL157W,YJL125C,1,1.4689273,0.21938392519950867,0.5828343033790588,0.20784157514572144
YBL037W,YOR233W,0,1.4688107,0.21930153667926788,0.5828343033790588,0.20794159173965454
YNL306W,YDR060W,0,1.4684432,0.21921922266483307,0.5828343033790588,0.20804160833358765
YER148W,YLR134W,0,1.4683384,0.21913695335388184,0.5828343033790588,0.20814162492752075
YIL138C,YBR299W,0,1.4677855,0.21905475854873657,0.5828343033790588,0.20824164152145386
YJR016C,YFR015C,0,1.4677117,0.21897262334823608,0.5828343033790588,0.20834167301654816
YDR479C,YGR086C,0,1.4674767,0.21889054775238037,0.5828343033790588,0.20844168961048126
YBR283C,YNL268W,0,1.4671049,0.21880854666233063,0.5828343033790588,0.20854170620441437
YGL232W,YCL047C,0,1.4670871,0.21872659027576447,0.5828343033790588,0.20864172279834747
YNR020C,YLR357W,0,1.4670064,0.21864470839500427,0.5828343033790588,0.20874175429344177
YNL188W,YOR337W,0,1.4667035,0.21856287121772766,0.5828343033790588,0.20884177088737488
YDR239C,YAL008W,0,1.4664032,0.21848110854625702,0.5828343033790588,0.20894178748130798
YPL226W,YDR520C,0,1.4662853,0.21839940547943115,0.5828343033790588,0.2090418040752411
YDR158W,YLR176C,0,1.4655176,0.21831776201725006,0.5828343033790588,0.2091418355703354
YLR370C,YHR105W,0,1.4649646,0.21823617815971375,0.5828343033790588,0.2092418521642685
YHR021C,YDR231C,0,1.4635258,0.2181546539068222,0.5828343033790588,0.2093418687582016
YPL031C,YDR088C,0,1.4633392,0.21807318925857544,0.5828343033790588,0.2094418853521347
YPL273W,YER091C,1,1.4625868,0.21836505830287933,0.583832323551178,0.2094418853521347
YNL049C,YJR134C,0,1.462453,0.21828357875347137,0.583832323551178,0.2095419019460678
YIL171W,YPL026C,0,1.4616042,0.2182021588087082,0.583832323551178,0.2096419334411621
YLR214W,YPR041W,0,1.4610589,0.21812079846858978,0.583832323551178,0.20974195003509521
YGL135W,YDR166C,0,1.460908,0.21803951263427734,0.583832323551178,0.20984196662902832
YOL125W,YDL112W,1,1.4582831,0.21833084523677826,0.5848303437232971,0.20984196662902832
YLR283W,YEL050C,0,1.4581686,0.21824952960014343,0.5848303437232971,0.20994198322296143
YIL070C,YNL191W,0,1.458072,0.21816827356815338,0.5848303437232971,0.21004201471805573
YLR048W,YDR393W,0,1.4578079,0.2180870920419693,0.5848303437232971,0.21014203131198883
YML104C,YGL229C,0,1.4576726,0.2180059552192688,0.5848303437232971,0.21024204790592194
YPL091W,YGR047C,0,1.4574509,0.21792487800121307,0.5848303437232971,0.21034206449985504
YPR021C,YGR200C,0,1.4573113,0.21784386038780212,0.5848303437232971,0.21044208109378815
YLR327C,YGL084C,0,1.4571916,0.21776291728019714,0.5848303437232971,0.21054211258888245
YFR003C,YLR099C,0,1.4553143,0.21768201887607574,0.5848303437232971,0.21064212918281555
YML018C,YER082C,0,1.4552594,0.21760119497776031,0.5848303437232971,0.21074214577674866
YGR292W,YPL031C,0,1.4548222,0.21752041578292847,0.5848303437232971,0.21084216237068176
YOR047C,YEL021W,0,1.4537684,0.2174396961927414,0.5848303437232971,0.21094219386577606
YAR010C,YHR070W,0,1.4534508,0.2173590511083603,0.5848303437232971,0.21104221045970917
YDR456W,YJL156C,0,1.4525305,0.21727845072746277,0.5848303437232971,0.21114222705364227
YER095W,YDR130C,0,1.4522594,0.21719792485237122,0.5848303437232971,0.21124224364757538
YHR172W,YBL061C,0,1.4518294,0.21711744368076324,0.5848303437232971,0.21134227514266968
YOR047C,YLL050C,0,1.4515493,0.21703703701496124,0.5848303437232971,0.21144229173660278
YER056C-A,YPL220W,0,1.451196,0.21695668995380402,0.5848303437232971,0.2115423083305359
YMR257C,YPR005C,0,1.4505806,0.21687638759613037,0.5848303437232971,0.211642324924469
YKL195W,YMR312W,0,1.4502035,0.2167961597442627,0.5848303437232971,0.2117423415184021
YJL080C,YIL112W,0,1.4495922,0.2167159765958786,0.5848303437232971,0.2118423730134964
YBR160W,YDR044W,0,1.4495469,0.21663585305213928,0.5848303437232971,0.2119423896074295
YMR198W,YDR400W,0,1.4486948,0.21655580401420593,0.5848303437232971,0.2120424062013626
YBR237W,YIL124W,0,1.4484509,0.21647579967975616,0.5848303437232971,0.21214242279529572
YML106W,YNL189W,0,1.4482485,0.21639586985111237,0.5848303437232971,0.21224245429039001
YMR080C,YHR181W,0,1.4480867,0.21631598472595215,0.5848303437232971,0.21234247088432312
YLR285W,YOL141W,1,1.4478967,0.21660517156124115,0.5858283638954163,0.21234247088432312
YLR283W,YNR040W,0,1.4478065,0.21652527153491974,0.5858283638954163,0.21244248747825623
YPL208W,YGL192W,1,1.4474158,0.21681416034698486,0.5868263244628906,0.21244248747825623
YPR048W,YDL120W,0,1.4470533,0.21673424541950226,0.5868263244628906,0.21254250407218933
YGR234W,YER184C,0,1.4466465,0.21665439009666443,0.5868263244628906,0.21264253556728363
YKL100C,YMR198W,0,1.4458611,0.21657457947731018,0.5868263244628906,0.21274255216121674
YDR228C,YGR124W,0,1.4457114,0.2164948433637619,0.5868263244628906,0.21284256875514984
YOR389W,YCR037C,0,1.444863,0.2164151668548584,0.5868263244628906,0.21294258534908295
YMR228W,YBR034C,1,1.444308,0.21670345962047577,0.5878243446350098,0.21294258534908295
YPL208W,YBR030W,1,1.4438089,0.21699154376983643,0.5888223648071289,0.21294258534908295
YHR101C,YGR189C,0,1.4423678,0.21691176295280457,0.5888223648071289,0.21304260194301605
YOR257W,YLR121C,0,1.4415519,0.21683204174041748,0.5888223648071289,0.21314263343811035
YMR221C,YML060W,0,1.4409567,0.21675239503383636,0.5888223648071289,0.21324265003204346
YGR047C,YHR052W,0,1.4406275,0.21667279303073883,0.5888223648071289,0.21334266662597656
YFR005C,YDR086C,0,1.4404635,0.21659325063228607,0.5888223648071289,0.21344268321990967
YOR288C,YNR045W,0,1.4400779,0.2165137678384781,0.5888223648071289,0.21354271471500397
YGR054W,YBR122C,0,1.4400309,0.2164343297481537,0.5888223648071289,0.21364273130893707
YOL140W,YDR054C,0,1.438621,0.21635496616363525,0.5888223648071289,0.21374274790287018
YDL210W,YER112W,0,1.4381038,0.2162756621837616,0.5888223648071289,0.21384276449680328
YNR027W,YNL292W,0,1.4380594,0.21619640290737152,0.5888223648071289,0.21394279599189758
YIL064W,YHR119W,1,1.4380567,0.21648351848125458,0.589820384979248,0.21394279599189758
YOL152W,YBL082C,0,1.4380354,0.2164042443037033,0.589820384979248,0.2140428125858307
YNL061W,YML008C,1,1.4378024,0.2166910618543625,0.5908183455467224,0.2140428125858307
YPR041W,YDR014W,0,1.4373108,0.21661178767681122,0.5908183455467224,0.2141428291797638
YDR420W,YDR507C,0,1.4369026,0.21653255820274353,0.5908183455467224,0.2142428457736969
YFR005C,YLR430W,0,1.436888,0.21645338833332062,0.5908183455467224,0.21434286236763
YDL114W,YLR186W,0,1.4365989,0.2163742631673813,0.5908183455467224,0.2144428938627243
YBL039C,YDR334W,0,1.4358262,0.21629521250724792,0.5908183455467224,0.2145429104566574
YDR347W,YDR503C,0,1.4350647,0.21621622145175934,0.5908183455467224,0.21464292705059052
YDR046C,YMR128W,0,1.4335724,0.21613727509975433,0.5908183455467224,0.21474294364452362
YJR104C,YOR322C,0,1.4326872,0.2160583883523941,0.5908183455467224,0.21484297513961792
YHR184W,YLR079W,0,1.4322685,0.21597957611083984,0.5908183455467224,0.21494299173355103
YHR160C,YJL065C,0,1.4316082,0.21590080857276917,0.5908183455467224,0.21504300832748413
YNL063W,YNR046W,1,1.4315387,0.21618665754795074,0.5918163657188416,0.21504300832748413
YBL069W,YGR156W,0,1.4315269,0.21610787510871887,0.5918163657188416,0.21514302492141724
YMR297W,YDR326C,0,1.4299009,0.21602913737297058,0.5918163657188416,0.21524304151535034
YBR267W,YLR079W,0,1.4296734,0.21595047414302826,0.5918163657188416,0.21534307301044464
YKR014C,YIL160C,0,1.4283185,0.21587185561656952,0.5918163657188416,0.21544308960437775
YJR129C,YDR083W,1,1.427924,0.2161571979522705,0.5928143858909607,0.21544308960437775
YHR067W,YNL268W,0,1.4275633,0.21607857942581177,0.5928143858909607,0.21554310619831085
YDR465C,YPL017C,1,1.4275285,0.21636363863945007,0.5938123464584351,0.21554310619831085
YFL004W,YBR035C,0,1.4273828,0.21628499031066895,0.5938123464584351,0.21564312279224396
YJL170C,YJL148W,0,1.426097,0.2162064015865326,0.5938123464584351,0.21574315428733826
YDR117C,YJR143C,0,1.4259511,0.21612785756587982,0.5938123464584351,0.21584317088127136
YIL101C,YBR185C,0,1.4253297,0.21604938805103302,0.5938123464584351,0.21594318747520447
YBR240C,YLL050C,0,1.425281,0.2159709632396698,0.5938123464584351,0.21604320406913757
YBR264C,YPR031W,0,1.4250213,0.21589259803295135,0.5938123464584351,0.21614323556423187
YOR239W,YPL273W,1,1.4247801,0.21617700159549713,0.5948103666305542,0.21614323556423187
YOR290C,YGL123W,0,1.4246802,0.2160986214876175,0.5948103666305542,0.21624325215816498
YER087C-A,YOR120W,0,1.4245846,0.21602030098438263,0.5948103666305542,0.21634326875209808
YBR176W,YBL055C,0,1.4236811,0.21594202518463135,0.5948103666305542,0.2164432853460312
YDR424C,YER173W,0,1.4228266,0.21586382389068604,0.5948103666305542,0.2165433019399643
YER056C-A,YDL109C,0,1.4226135,0.2157856673002243,0.5948103666305542,0.2166433334350586
YCR098C,YOR221C,0,1.4225274,0.21570757031440735,0.5948103666305542,0.2167433500289917
YML054C,YPL017C,0,1.4223851,0.21562951803207397,0.5948103666305542,0.2168433666229248
YOR315W,YML077W,0,1.4223833,0.21555154025554657,0.5948103666305542,0.2169433832168579
YDR253C,YKL034W,0,1.4223622,0.21547360718250275,0.5948103666305542,0.2170434147119522
YJR145C,YPR081C,0,1.4223192,0.2153957337141037,0.5948103666305542,0.21714343130588531
YMR080C,YDR139C,0,1.4221345,0.21531791985034943,0.5948103666305542,0.21724344789981842
YPR186C,YGR162W,0,1.4216576,0.21524016559123993,0.5948103666305542,0.21734346449375153
YJL046W,YIL160C,0,1.4215585,0.215162456035614,0.5948103666305542,0.21744349598884583
YLR459W,YDL205C,0,1.420859,0.21508480608463287,0.5948103666305542,0.21754351258277893
YBR261C,YPL157W,1,1.420717,0.21536795794963837,0.5958083868026733,0.21754351258277893
YHR161C,YMR086W,0,1.4202992,0.21529029309749603,0.5958083868026733,0.21764352917671204
YDR130C,YMR017W,0,1.4196643,0.21521268784999847,0.5958083868026733,0.21774354577064514
YNL248C,YDR077W,0,1.419465,0.2151351422071457,0.5958083868026733,0.21784356236457825
YDR531W,YCL047C,0,1.4193872,0.2150576412677765,0.5958083868026733,0.21794359385967255
YDR479C,YNL244C,0,1.4190582,0.21498019993305206,0.5958083868026733,0.21804361045360565
YOR067C,YPL154C,0,1.4182826,0.21490280330181122,0.5958083868026733,0.21814362704753876
YMR051C,YOL149W,0,1.4176108,0.21482548117637634,0.5958083868026733,0.21824364364147186
YAR003W,YDR316W,1,1.4175395,0.21510791778564453,0.5968064069747925,0.21824364364147186
YKL156W,YEL058W,0,1.4164943,0.21503056585788727,0.5968064069747925,0.21834367513656616
YDR239C,YOR306C,0,1.4164926,0.21495327353477478,0.5968064069747925,0.21844369173049927
YDR478W,YOL080C,0,1.4147373,0.21487602591514587,0.5968064069747925,0.21854370832443237
YOL141W,YOR074C,1,1.4146856,0.21515804529190063,0.5978043675422668,0.21854370832443237
YAL023C,YDR322W,0,1.4145283,0.21508078277111053,0.5978043675422668,0.21864372491836548
YJL157C,YDL067C,0,1.4139785,0.2150035947561264,0.5978043675422668,0.21874374151229858
YOR381W,YKR050W,0,1.413753,0.21492645144462585,0.5978043675422668,0.21884377300739288
YDR533C,YCL066W,0,1.4137288,0.2148493528366089,0.5978043675422668,0.218943789601326
YIL004C,YBR142W,0,1.4132429,0.2147723138332367,0.5978043675422668,0.2190438061952591
YCR096C,YER030W,0,1.4126519,0.21469533443450928,0.5978043675422668,0.2191438227891922
YHR086W,YOR080W,0,1.4125935,0.21461841464042664,0.5978043675422668,0.2192438542842865
YJL143W,YIL145C,0,1.4118979,0.21454155445098877,0.5978043675422668,0.2193438708782196
YDL185W,YDR400W,0,1.4118358,0.21446473896503448,0.5978043675422668,0.2194438874721527
YJR076C,YNL310C,0,1.4111835,0.21438796818256378,0.5978043675422668,0.21954390406608582
YDL231C,YMR051C,0,1.4107095,0.21431127190589905,0.5978043675422668,0.21964393556118011
YJR098C,YIR036C,0,1.4104269,0.2142346203327179,0.5978043675422668,0.21974395215511322
YLR459W,YPL271W,0,1.4100277,0.21415802836418152,0.5978043675422668,0.21984396874904633
YJR104C,YPR047W,0,1.4091696,0.21408148109912872,0.5978043675422668,0.21994398534297943
YCL055W,YBR133C,1,1.4091599,0.2143622785806656,0.598802387714386,0.21994398534297943
YOR389W,YGR279C,0,1.4091414,0.2142857164144516,0.598802387714386,0.22004400193691254
YJL165C,YLR221C,0,1.4086162,0.21420921385288239,0.598802387714386,0.22014403343200684
YNL322C,YGL031C,0,1.4083284,0.21413275599479675,0.598802387714386,0.22024405002593994
YOL093W,YLR172C,1,1.4075984,0.214413121342659,0.5998004078865051,0.22024405002593994
YER099C,YDR074W,0,1.4072148,0.21433666348457336,0.5998004078865051,0.22034406661987305
YMR316W,YLL035W,0,1.4064575,0.2142602503299713,0.5998004078865051,0.22044408321380615
YER025W,YPL091W,0,1.406364,0.21418389678001404,0.5998004078865051,0.22054411470890045
YMR080C,YMR302C,0,1.4062552,0.21410758793354034,0.5998004078865051,0.22064413130283356
YKL156W,YML124C,0,1.4060622,0.21403133869171143,0.5998004078865051,0.22074414789676666
YGR234W,YDR362C,0,1.4054184,0.21395514905452728,0.5998004078865051,0.22084416449069977
YMR188C,YOL149W,0,1.404936,0.21387900412082672,0.5998004078865051,0.22094419598579407
YGL249W,YKL042W,0,1.4048417,0.21380291879177094,0.5998004078865051,0.22104421257972717
YPL266W,YLR015W,1,1.4046422,0.2140825092792511,0.6007984280586243,0.22104421257972717
YAR010C,YDR093W,0,1.4043664,0.21400639414787292,0.6007984280586243,0.22114422917366028
YML009C,YHR064C,0,1.4037933,0.21393035352230072,0.6007984280586243,0.22124424576759338
YLR459W,YDR501W,0,1.4037143,0.2138543576002121,0.6007984280586243,0.2213442623615265
YGR006W,YDR101C,0,1.4035051,0.21377840638160706,0.6007984280586243,0.2214442938566208
YIL070C,YPR096C,0,1.4031839,0.2137025147676468,0.6007984280586243,0.2215443104505539
YHR044C,YDR483W,0,1.4026221,0.2136266827583313,0.6007984280586243,0.221644327044487
YNR070W,YER113C,0,1.4016721,0.21355091035366058,0.6007984280586243,0.2217443436384201
YOL125W,YGL192W,1,1.4015774,0.21382978558540344,0.6017963886260986,0.2217443436384201
YCR009C,YJL008C,0,1.4014798,0.21375398337841034,0.6017963886260986,0.2218443751335144
YBR022W,YOR221C,0,1.4012061,0.213678240776062,0.6017963886260986,0.2219443917274475
YBR055C,YKR037C,0,1.4011712,0.21360255777835846,0.6017963886260986,0.22204440832138062
YDR265W,YOL149W,0,1.400958,0.2135269194841385,0.6017963886260986,0.22214442491531372
YOR308C,YJR001W,0,1.4000734,0.2134513258934021,0.6017963886260986,0.22224444150924683
YER086W,YGR009C,0,1.399871,0.21337579190731049,0.6017963886260986,0.22234447300434113
YJR129C,YCL054W,1,1.3996476,0.2136540561914444,0.6027944087982178,0.22234447300434113
YOR224C,YJR016C,0,1.3995962,0.2135785073041916,0.6027944087982178,0.22244448959827423
YMR043W,YCR081W,0,1.3995231,0.21350300312042236,0.6027944087982178,0.22254450619220734
YPL143W,YIL101C,0,1.3994738,0.2134275585412979,0.6027944087982178,0.22264452278614044
YPR070W,YAL012W,0,1.3992618,0.21335217356681824,0.6027944087982178,0.22274455428123474
YDR165W,YJR129C,1,1.3992349,0.21362994611263275,0.6037924289703369,0.22274455428123474
YBL024W,YLL011W,0,1.3990399,0.2135545313358307,0.6037924289703369,0.22284457087516785
YPR132W,YDL051W,0,1.3988843,0.2134791761636734,0.6037924289703369,0.22294458746910095
YDR165W,YPL157W,1,1.3976507,0.21375662088394165,0.6047903895378113,0.22294458746910095
YJR139C,YIL136W,0,1.3975762,0.21368123590946198,0.6047903895378113,0.22304460406303406
YGR001C,YDL033C,1,1.3971156,0.21395841240882874,0.6057884097099304,0.22304460406303406
YMR100W,YDR038C,0,1.3953096,0.21388301253318787,0.6057884097099304,0.22314463555812836
YOR239W,YLR285W,1,1.3946928,0.21415992081165314,0.6067864298820496,0.22314463555812836
YDR140W,YDL112W,1,1.394538,0.2144366204738617,0.6077844500541687,0.22314463555812836
YDR479C,YMR098C,0,1.3941631,0.21436114609241486,0.6077844500541687,0.22324465215206146
YHR206W,YOL133W,0,1.393849,0.2142857164144516,0.6077844500541687,0.22334466874599457
YBR286W,YMR152W,0,1.3931694,0.21421034634113312,0.6077844500541687,0.22344468533992767
YDR424C,YIR037W,0,1.392944,0.21413502097129822,0.6077844500541687,0.22354470193386078
YNL206C,YDL008W,0,1.3928875,0.2140597552061081,0.6077844500541687,0.22364473342895508
YDR299W,YJL008C,0,1.3922607,0.21398453414440155,0.6077844500541687,0.22374475002288818
YOR037W,YKL198C,0,1.39192,0.21390937268733978,0.6077844500541687,0.2238447666168213
YPL157W,YDL075W,0,1.3915476,0.2138342708349228,0.6077844500541687,0.2239447832107544
YPL031C,YLR121C,0,1.3915386,0.21375921368598938,0.6077844500541687,0.2240448147058487
YCL055W,YOR201C,1,1.3914155,0.21403509378433228,0.6087824106216431,0.2240448147058487
YDR447C,YJL190C,0,1.3912841,0.21396000683307648,0.6087824106216431,0.2241448312997818
YLR096W,YDL112W,0,1.3908253,0.21388499438762665,0.6087824106216431,0.2242448478937149
YJL153C,YGL084C,0,1.3904392,0.2138100266456604,0.6087824106216431,0.224344864487648
YDR046C,YLR172C,0,1.3896345,0.21373510360717773,0.6087824106216431,0.2244448959827423
YLR304C,YPL095C,0,1.3879529,0.21366024017333984,0.6087824106216431,0.22454491257667542
YHR013C,YKL028W,0,1.3877932,0.21358543634414673,0.6087824106216431,0.22464492917060852
YPL160W,YGR279C,0,1.3874805,0.2135106772184372,0.6087824106216431,0.22474494576454163
YGL223C,YBR142W,0,1.3872994,0.21343596279621124,0.6087824106216431,0.22484496235847473
YER082C,YPR041W,0,1.3871764,0.21336130797863007,0.6087824106216431,0.22494499385356903
YGL173C,YPL157W,0,1.3857698,0.21328671276569366,0.6087824106216431,0.22504501044750214
YDL138W,YDR236C,0,1.3855578,0.21321216225624084,0.6087824106216431,0.22514502704143524
YCR020C,YOL120C,0,1.3844852,0.2131376713514328,0.6087824106216431,0.22524504363536835
YJR073C,YBR175W,1,1.3843243,0.21341250836849213,0.6097804307937622,0.22524504363536835
YDL051W,YBR245C,0,1.3841041,0.2133379876613617,0.6097804307937622,0.22534507513046265
YHR207C,YDR410C,1,1.3837618,0.21361257135868073,0.6107784509658813,0.22534507513046265
YJR129C,YOR074C,1,1.3836731,0.21388694643974304,0.6117764711380005,0.22534507513046265
YML018C,YLR396C,0,1.3836533,0.21381235122680664,0.6117764711380005,0.22544509172439575
YDR478W,YPL089C,0,1.3834984,0.21373780071735382,0.6117764711380005,0.22554510831832886
YLR126C,YDR330W,0,1.3831639,0.21366329491138458,0.6117764711380005,0.22564512491226196
YKL154W,YOL123W,0,1.3826985,0.21358884871006012,0.6117764711380005,0.22574515640735626
YGR088W,YKL164C,0,1.3806628,0.21351446211338043,0.6117764711380005,0.22584517300128937
YML018C,YDR393W,0,1.3802685,0.21344010531902313,0.6117764711380005,0.22594518959522247
YLR212C,YER113C,0,1.379692,0.2133658230304718,0.6117764711380005,0.22604520618915558
YDL051W,YOR270C,0,1.379649,0.21329158544540405,0.6117764711380005,0.22614522278308868
YML116W,YOR386W,0,1.3793417,0.21321739256381989,0.6117764711380005,0.22624525427818298
YBR022W,YGR263C,0,1.3793148,0.2131432592868805,0.6117764711380005,0.2263452708721161
YNL218W,YJL101C,0,1.3792788,0.21306917071342468,0.6117764711380005,0.2264452874660492
YDR322W,YNL325C,0,1.3789958,0.21299514174461365,0.6117764711380005,0.2265453040599823
YOR326W,YML009C,0,1.3787712,0.2129211574792862,0.6117764711380005,0.2266453355550766
YKL183W,YLR127C,0,1.3780953,0.21284721791744232,0.6117764711380005,0.2267453521490097
YIL072W,YBR273C,0,1.376599,0.21277333796024323,0.6117764711380005,0.2268453687429428
YPL172C,YDR510W,0,1.3753315,0.2126995176076889,0.6117764711380005,0.22694538533687592
YOL138C,YLR048W,0,1.3750051,0.21262574195861816,0.6117764711380005,0.22704540193080902
YGR263C,YGR116W,0,1.3747656,0.212552011013031,0.6117764711380005,0.22714543342590332
YIR017C,YKR097W,0,1.3741921,0.21247833967208862,0.6117764711380005,0.22724545001983643
YMR297W,YMR311C,0,1.3732774,0.21240471303462982,0.6117764711380005,0.22734546661376953
YBR299W,YDR044W,0,1.3731468,0.2123311460018158,0.6117764711380005,0.22744548320770264
YMR282C,YGR156W,0,1.3730539,0.21225762367248535,0.6117764711380005,0.22754551470279694
YDR511W,YGR234W,0,1.3725513,0.2121841460466385,0.6117764711380005,0.22764553129673004
YGL191W,YAL044C,0,1.3724384,0.2121107280254364,0.6117764711380005,0.22774554789066315
YNL063W,YDR465C,1,1.3723983,0.21238325536251068,0.6127744317054749,0.22774554789066315
YCL031C,YKR009C,0,1.3717848,0.2123098224401474,0.6127744317054749,0.22784556448459625
YBR142W,YIR009W,0,1.3712058,0.2122364342212677,0.6127744317054749,0.22794559597969055
YBR271W,YHR119W,1,1.3709295,0.21250863373279572,0.613772451877594,0.22794559597969055
YDR523C,YKL195W,0,1.3704747,0.21243523061275482,0.613772451877594,0.22804561257362366
YDR313C,YJL189W,0,1.3699728,0.2123618721961975,0.613772451877594,0.22814562916755676
YBR176W,YBR142W,0,1.3698536,0.21228857338428497,0.613772451877594,0.22824564576148987
YFL047W,YBR205W,0,1.3696656,0.21221531927585602,0.613772451877594,0.22834566235542297
YIL150C,YMR314W,0,1.3692024,0.21214212477207184,0.613772451877594,0.22844569385051727
YDR242W,YOR306C,0,1.3689114,0.21206896007061005,0.613772451877594,0.22854571044445038
YLR448W,YFL039C,0,1.3682572,0.21199586987495422,0.613772451877594,0.22864572703838348
YGR001C,YML008C,1,1.3676404,0.21226739883422852,0.6147704720497131,0.22864572703838348
YFR041C,YHR070W,0,1.3674796,0.2121942788362503,0.6147704720497131,0.2287457436323166
YHL032C,YJL156C,0,1.3673455,0.21212121844291687,0.6147704720497131,0.2288457751274109
YDR012W,YNR043W,0,1.3670824,0.21204818785190582,0.6147704720497131,0.228945791721344
YJL157C,YHR172W,0,1.3659794,0.21197521686553955,0.6147704720497131,0.2290458083152771
YML015C,YHR160C,0,1.3658453,0.21190230548381805,0.6147704720497131,0.2291458249092102
YDL115C,YGR061C,0,1.3655964,0.21182943880558014,0.6147704720497131,0.2292458564043045
YNL049C,YCR040W,0,1.3644198,0.2117566168308258,0.6147704720497131,0.2293458729982376
YJL136C,YMR224C,0,1.3642554,0.21168385446071625,0.6147704720497131,0.22944588959217072
YOL139C,YGL185C,0,1.364065,0.21161113679409027,0.6147704720497131,0.22954590618610382
YLR008C,YBR082C,0,1.3633138,0.21153846383094788,0.6147704720497131,0.22964592278003693
YMR130W,YOL072W,0,1.3631798,0.21146583557128906,0.6147704720497131,0.22974595427513123
YDL051W,YLR450W,0,1.3631773,0.21139326691627502,0.6147704720497131,0.22984597086906433
YOR348C,YMR303C,0,1.363141,0.21132075786590576,0.6147704720497131,0.22994598746299744
YER147C,YHR052W,0,1.362727,0.2112482786178589,0.6147704720497131,0.23004600405693054
YPL208W,YML014W,1,1.3623388,0.21151868999004364,0.6157684922218323,0.23004600405693054
YBR261C,YDR257C,1,1.3622946,0.21178889274597168,0.6167664527893066,0.23004600405693054
YEL054C,YJL008C,0,1.3618335,0.21171633899211884,0.6167664527893066,0.23014603555202484
YJL157C,YDL043C,0,1.3614224,0.21164382994174957,0.6167664527893066,0.23024605214595795
YMR290C,YGL249W,0,1.3613766,0.21157138049602509,0.6167664527893066,0.23034606873989105
YGL222C,YJL136C,0,1.3612798,0.21149897575378418,0.6167664527893066,0.23044608533382416
YDR052C,YNL149C,0,1.3611954,0.21142661571502686,0.6167664527893066,0.23054610192775726
YFL047W,YJL190C,0,1.3602705,0.2113543152809143,0.6167664527893066,0.23064613342285156
YML106W,YDL115C,0,1.359589,0.21128204464912415,0.6167664527893066,0.23074615001678467
YIL072W,YLR074C,0,1.3595079,0.21120984852313995,0.6167664527893066,0.23084616661071777
YJR097W,YHL004W,0,1.359162,0.21113768219947815,0.6167664527893066,0.23094618320465088
YLR446W,YER053C,0,1.3581187,0.21106557548046112,0.6167664527893066,0.23104621469974518
YPR041W,YOL056W,0,1.3577441,0.21099351346492767,0.6167664527893066,0.23114623129367828
YPL177C,YER070W,0,1.3577135,0.2109214961528778,0.6167664527893066,0.2312462478876114
YBR058C,YDR055W,0,1.3563129,0.21084953844547272,0.6167664527893066,0.2313462644815445
YDL033C,YJL125C,1,1.3554744,0.211118683218956,0.6177644729614258,0.2313462644815445
YPL148C,YGR234W,0,1.3551656,0.2110467106103897,0.6177644729614258,0.2314462959766388
YDR299W,YOR348C,0,1.3551502,0.210974782705307,0.6177644729614258,0.2315463125705719
YOL067C,YKL042W,0,1.3545759,0.21090289950370789,0.6177644729614258,0.231646329164505
YMR016C,YDR044W,0,1.3539435,0.21083106100559235,0.6177644729614258,0.2317463457584381
YER083C,YJL025W,0,1.3537433,0.21075928211212158,0.6177644729614258,0.23184636235237122
YNL024C,YIL110W,1,1.3536795,0.21102790534496307,0.6187624931335449,0.23184636235237122
YIL109C,YPL090C,0,1.3535448,0.21095611155033112,0.6187624931335449,0.23194639384746552
YBR176W,YLR100W,0,1.3531033,0.21088434755802155,0.6187624931335449,0.23204641044139862
YNL185C,YGR286C,0,1.3530761,0.21081264317035675,0.6187624931335449,0.23214642703533173
YGL191W,YJL025W,0,1.3520108,0.21074099838733673,0.6187624931335449,0.23224644362926483
YJR076C,YMR150C,0,1.3513455,0.2106693834066391,0.6187624931335449,0.23234647512435913
YBL039C,YLR147C,0,1.3512386,0.21059782803058624,0.6187624931335449,0.23244649171829224
YHR031C,YER184C,0,1.3501884,0.21052631735801697,0.6187624931335449,0.23254650831222534
YOR046C,YLR371W,0,1.3493751,0.21045485138893127,0.6187624931335449,0.23264652490615845
YBR251W,YHR129C,0,1.3476863,0.21038344502449036,0.6187624931335449,0.23274655640125275
YLR285W,YPL030W,1,1.3475555,0.21065129339694977,0.6197604537010193,0.23274655640125275
YAR019C,YNL015W,0,1.3471953,0.21057985723018646,0.6197604537010193,0.23284657299518585
YAR015W,YOR182C,0,1.3470026,0.21050848066806793,0.6197604537010193,0.23294658958911896
YKR048C,YBR297W,0,1.3466029,0.2104371339082718,0.6197604537010193,0.23304660618305206
YBL039C,YHR136C,0,1.3455733,0.21036584675312042,0.6197604537010193,0.23314662277698517
YFL029C,YBR048W,0,1.3455193,0.21029461920261383,0.6197604537010193,0.23324665427207947
YOR224C,YLR188W,0,1.3448892,0.21022342145442963,0.6197604537010193,0.23334667086601257
YAL008W,YDR330W,0,1.34476,0.2101522833108902,0.6197604537010193,0.23344668745994568
YEL061C,YLR120C,0,1.3446518,0.21008118987083435,0.6197604537010193,0.23354670405387878
YLR204W,YLR096W,0,1.3446373,0.21001014113426208,0.6197604537010193,0.23364673554897308
YIL039W,YLL035W,0,1.3443978,0.2099391520023346,0.6197604537010193,0.2337467521429062
YKL143W,YDR402C,0,1.3438439,0.2098681926727295,0.6197604537010193,0.2338467687368393
YPL074W,YLR100W,0,1.34345,0.20979729294776917,0.6197604537010193,0.2339467853307724
YLR126C,YDL006W,0,1.3418113,0.20972643792629242,0.6197604537010193,0.2340468019247055
YIL070C,YPL154C,0,1.3414742,0.20965564250946045,0.6197604537010193,0.2341468334197998
YGL119W,YGL249W,0,1.3412683,0.20958487689495087,0.6197604537010193,0.2342468500137329
YOL096C,YOR201C,1,1.3410349,0.20985154807567596,0.6207584738731384,0.2342468500137329
YHR116W,YNL115C,0,1.3407205,0.20978078246116638,0.6207584738731384,0.23434686660766602
YOR356W,YHR070W,0,1.3399392,0.2097100466489792,0.6207584738731384,0.23444688320159912
YMR184W,YOR246C,0,1.3397876,0.20963937044143677,0.6207584738731384,0.23454691469669342
YER086W,YIL171W,0,1.339516,0.20956873893737793,0.6207584738731384,0.23464693129062653
YDR424C,YLR265C,0,1.3394135,0.20949815213680267,0.6207584738731384,0.23474694788455963
YER086W,YDR096W,0,1.338804,0.209427610039711,0.6207584738731384,0.23484696447849274
YHR025W,YNL191W,0,1.3377389,0.2093571126461029,0.6207584738731384,0.23494699597358704
YNL024C,YPL157W,1,1.3375568,0.20962314307689667,0.6217564940452576,0.23494699597358704
YDR424C,YOR120W,0,1.3370584,0.20955264568328857,0.6217564940452576,0.23504701256752014
YFL004W,YDL136W,0,1.33626,0.20948217809200287,0.6217564940452576,0.23514702916145325
YGR274C,YGL185C,0,1.33567,0.20941177010536194,0.6217564940452576,0.23524704575538635
YOR047C,YOR063W,0,1.3351784,0.2093413919210434,0.6217564940452576,0.23534706234931946
YJL165C,YDR299W,0,1.3350952,0.20927107334136963,0.6217564940452576,0.23544709384441376
YDR520C,YIL111W,0,1.3339676,0.20920079946517944,0.6217564940452576,0.23554711043834686
YNL191W,YLL022C,0,1.3337194,0.20913058519363403,0.6217564940452576,0.23564712703227997
YCR009C,YIL026C,0,1.3337041,0.209060400724411,0.6217564940452576,0.23574714362621307
YDL146W,YLR265C,0,1.3334205,0.20899027585983276,0.6217564940452576,0.23584717512130737
YDL136W,YDL019C,0,1.3332145,0.2089201807975769,0.6217564940452576,0.23594719171524048
YMR235C,YDL231C,0,1.3328663,0.20885014533996582,0.6217564940452576,0.23604720830917358
YLL013C,YBR291C,0,1.3324025,0.20878015458583832,0.6217564940452576,0.2361472249031067
YDR055W,YGL157W,0,1.3315789,0.2087102234363556,0.6217564940452576,0.236247256398201
YDR465C,YCR077C,0,1.3309768,0.20864032208919525,0.6217564940452576,0.2363472729921341
YBR267W,YPL068C,0,1.3307568,0.2085704654455185,0.6217564940452576,0.2364472895860672
YHR031C,YNL146W,0,1.3303307,0.2085006684064865,0.6217564940452576,0.2365473061800003
YKR038C,YDR420W,0,1.3303282,0.2084309160709381,0.6217564940452576,0.2366473227739334
YJR013W,YDR120C,0,1.3288723,0.2083612084388733,0.6217564940452576,0.2367473542690277
YPR041W,YOL140W,0,1.3287648,0.20829154551029205,0.6217564940452576,0.23684737086296082
YEL064C,YLR010C,0,1.3286858,0.2082219272851944,0.6217564940452576,0.23694738745689392
YOL138C,YNL112W,0,1.3282422,0.20815235376358032,0.6217564940452576,0.23704740405082703
YJL168C,YBR176W,1,1.3276404,0.20841683447360992,0.6227545142173767,0.23704740405082703
YHR044C,YLR430W,0,1.32665,0.20834724605083466,0.6227545142173767,0.23714743554592133
YOR096W,YPR178W,0,1.326528,0.20827770233154297,0.6227545142173767,0.23724745213985443
YLR370C,YDL085W,0,1.32613,0.20820820331573486,0.6227545142173767,0.23734746873378754
YDR022C,YGR116W,0,1.3257297,0.20813876390457153,0.6227545142173767,0.23744748532772064
YIL078W,YGL178W,0,1.3256906,0.2080693542957306,0.6227545142173767,0.23754751682281494
YJR145C,YER012W,0,1.3256044,0.20800000429153442,0.6227545142173767,0.23764753341674805
YMR302C,YLR446W,0,1.3255688,0.20793068408966064,0.6227545142173767,0.23774755001068115
YDR448W,YNL146W,0,1.325217,0.20786142349243164,0.6227545142173767,0.23784756660461426
YER025W,YDR443C,0,1.3251611,0.20779220759868622,0.6227545142173767,0.23794758319854736
YJR129C,YPL266W,1,1.3251165,0.20805592834949493,0.6237524747848511,0.23794758319854736
YJL033W,YJR160C,0,1.3248724,0.20798668265342712,0.6237524747848511,0.23804761469364166
YHR021C,YLR327C,0,1.3237475,0.2079174965620041,0.6237524747848511,0.23814763128757477
YJL157C,YDR014W,0,1.3226914,0.20784835517406464,0.6237524747848511,0.23824764788150787
YJR010C-A,YDR060W,0,1.3218744,0.20777925848960876,0.6237524747848511,0.23834766447544098
YEL054C,YPL157W,0,1.3216928,0.20771020650863647,0.6237524747848511,0.23844769597053528
YNL024C,YDR469W,1,1.3216187,0.2079734206199646,0.6247504949569702,0.23844769597053528
YER174C,YBL061C,0,1.3190817,0.20790435373783112,0.6247504949569702,0.23854771256446838
YLR370C,YDL033C,0,1.3178917,0.2078353315591812,0.6247504949569702,0.2386477291584015
YDL006W,YLR100W,0,1.3170445,0.2077663391828537,0.6247504949569702,0.2387477457523346
YIL113W,YDR330W,0,1.3164631,0.20769740641117096,0.6247504949569702,0.2388477623462677
YDR003W,YOR044W,0,1.3162009,0.2076285183429718,0.6247504949569702,0.238947793841362
YPR118W,YNL012W,0,1.315746,0.20755967497825623,0.6247504949569702,0.2390478104352951
YOR063W,YLR446W,0,1.3155543,0.20749089121818542,0.6247504949569702,0.2391478270292282
YJR158W,YOR143C,0,1.3138318,0.207422137260437,0.6247504949569702,0.23924784362316132
YDR012W,YBR055C,0,1.3134025,0.20735342800617218,0.6247504949569702,0.23934787511825562
YDR507C,YHR070W,0,1.31326,0.20728476345539093,0.6247504949569702,0.23944789171218872
YDL060W,YKL042W,0,1.3128,0.20721615850925446,0.6247504949569702,0.23954790830612183
YLR343W,YDR071C,0,1.3122224,0.20714758336544037,0.6247504949569702,0.23964792490005493
YGL035C,YHR044C,0,1.3121207,0.20707906782627106,0.6247504949569702,0.23974795639514923
YMR257C,YHL047C,0,1.3120667,0.20701058208942413,0.6247504949569702,0.23984797298908234
YJR022W,YOL056W,0,1.3107363,0.20694215595722198,0.6247504949569702,0.23994798958301544
YJR075W,YBL061C,0,1.3106985,0.20687375962734222,0.6247504949569702,0.24004800617694855
YML054C,YDR096W,0,1.3106374,0.20680542290210724,0.6247504949569702,0.24014802277088165
YPR049C,YER131W,0,1.3104107,0.20673711597919464,0.6247504949569702,0.24024805426597595
YMR201C,YHR010W,0,1.3101908,0.20666886866092682,0.6247504949569702,0.24034807085990906
YCL054W,YBR258C,1,1.3101012,0.20693069696426392,0.6257485151290894,0.24034807085990906
YHR025W,YCL061C,0,1.3089381,0.2068624198436737,0.6257485151290894,0.24044808745384216
YBR105C,YDR436W,0,1.308555,0.20679420232772827,0.6257485151290894,0.24054810404777527
YHR105W,YMR056C,0,1.3083701,0.20672601461410522,0.6257485151290894,0.24064813554286957
YLR142W,YCL063W,0,1.307328,0.20665787160396576,0.6257485151290894,0.24074815213680267
YIL090W,YKL212W,0,1.3061694,0.20658978819847107,0.6257485151290894,0.24084816873073578
YDR265W,YLR204W,0,1.3055524,0.20652173459529877,0.6257485151290894,0.24094818532466888
YML074C,YMR303C,0,1.3051988,0.20645374059677124,0.6257485151290894,0.24104821681976318
YCR028C,YNL151C,0,1.3049612,0.2063857764005661,0.6257485151290894,0.2411482334136963
YDR115W,YHR064C,0,1.3047513,0.20631787180900574,0.6257485151290894,0.2412482500076294
YKR056W,YMR228W,1,1.3046715,0.20657894015312195,0.6267465353012085,0.2412482500076294
YLL062C,YLR172C,1,1.3044537,0.20683985948562622,0.6277444958686829,0.2412482500076294
YBR050C,YLR427W,0,1.304226,0.2067718654870987,0.6277444958686829,0.2413482666015625
YHR116W,YDR031W,0,1.3033439,0.20670391619205475,0.6277444958686829,0.2414482831954956
YDL231C,YFL044C,0,1.3032812,0.20663601160049438,0.6277444958686829,0.2415483146905899
YJL073W,YBL023C,0,1.3029914,0.2065681517124176,0.6277444958686829,0.241648331284523
YDR376W,YNL248C,0,1.302869,0.2065003216266632,0.6277444958686829,0.24174834787845612
YBR050C,YML081C-A,0,1.3024951,0.2064325511455536,0.6277444958686829,0.24184836447238922
YHR017W,YDR118W,0,1.3024623,0.20636482536792755,0.6277444958686829,0.24194839596748352
YDR312W,YOL018C,0,1.3015748,0.2062971442937851,0.6277444958686829,0.24204841256141663
YJL164C,YJR075W,0,1.3012763,0.20622950792312622,0.6277444958686829,0.24214842915534973
YLR357W,YDL082W,0,1.3012141,0.20616191625595093,0.6277444958686829,0.24224844574928284
YMR316W,YER086W,0,1.3004682,0.20609436929225922,0.6277444958686829,0.24234846234321594
YNL063W,YBR133C,1,1.3001074,0.20635440945625305,0.628742516040802,0.24234846234321594
YBR035C,YKL164C,0,1.2996517,0.20628683269023895,0.628742516040802,0.24244849383831024
YML034W,YGR054W,0,1.2991096,0.20621931552886963,0.628742516040802,0.24254851043224335
YDR050C,YHR105W,0,1.298954,0.2061518281698227,0.628742516040802,0.24264852702617645
YOR076C,YER153C,0,1.2988205,0.20608440041542053,0.628742516040802,0.24274854362010956
YMR235C,YJR016C,0,1.298396,0.20601700246334076,0.628742516040802,0.24284857511520386
YLR201C,YLR357W,0,1.2982987,0.20594966411590576,0.628742516040802,0.24294859170913696
YPL273W,YBR175W,1,1.29822,0.20620915293693542,0.6297405362129211,0.24294859170913696
YDL060W,YLR441C,0,1.2981868,0.20614178478717804,0.6297405362129211,0.24304860830307007
YGR104C,YBR241C,0,1.2981231,0.20607446134090424,0.6297405362129211,0.24314862489700317
YEL061C,YOL056W,0,1.2980909,0.206007182598114,0.6297405362129211,0.24324865639209747
YHR067W,YKR097W,0,1.2971684,0.20593994855880737,0.6297405362129211,0.24334867298603058
YHR143W,YNL101W,0,1.2970511,0.20587275922298431,0.6297405362129211,0.24344868957996368
YCR072C,YNL212W,0,1.296518,0.20580561459064484,0.6297405362129211,0.2435487061738968
YGR292W,YDL143W,0,1.2957298,0.20573849976062775,0.6297405362129211,0.2436487227678299
YGL119W,YKL178C,0,1.295076,0.20567144453525543,0.6297405362129211,0.2437487542629242
YHR046C,YDR507C,0,1.2946988,0.2056044340133667,0.6297405362129211,0.2438487708568573
YKL135C,YCL055W,0,1.2943743,0.20553745329380035,0.6297405362129211,0.2439487874507904
YMR023C,YGL141W,0,1.2933213,0.20547053217887878,0.6297405362129211,0.2440488040447235
YOR348C,YGL141W,0,1.292299,0.2054036408662796,0.6297405362129211,0.2441488355398178
YOR315W,YGL155W,0,1.2916979,0.2053368091583252,0.6297405362129211,0.24424885213375092
YHR052W,YFR007W,0,1.2910521,0.20527000725269318,0.6297405362129211,0.24434886872768402
YEL054C,YER110C,0,1.2909062,0.20520325005054474,0.6297405362129211,0.24444888532161713
YBR001C,YGR191W,0,1.2906082,0.20513653755187988,0.6297405362129211,0.24454891681671143
YPR102C,YML042W,0,1.2903619,0.2050698697566986,0.6297405362129211,0.24464893341064453
YNL227C,YLR286C,0,1.2899349,0.20500324666500092,0.6297405362129211,0.24474895000457764
YMR228W,YCL055W,1,1.2896198,0.2052614539861679,0.6307384967803955,0.24474895000457764
YHR036W,YER020W,0,1.2887038,0.20519480109214783,0.6307384967803955,0.24484896659851074
YHL032C,YMR150C,0,1.2876762,0.20512820780277252,0.6307384967803955,0.24494898319244385
YDR465C,YER140W,0,1.2874421,0.2050616443157196,0.6307384967803955,0.24504901468753815
YHR028C,YBR105C,0,1.2868847,0.20499514043331146,0.6307384967803955,0.24514903128147125
YDL204W,YGR035C,0,1.2860311,0.2049286663532257,0.6307384967803955,0.24524904787540436
YML054C,YGR156W,0,1.2859628,0.20486223697662354,0.6307384967803955,0.24534906446933746
YMR235C,YML087C,0,1.285861,0.20479585230350494,0.6307384967803955,0.24544909596443176
YJR073C,YAR003W,1,1.2858504,0.205053448677063,0.6317365169525146,0.24544909596443176
YML005W,YML110C,1,1.2857838,0.2053108811378479,0.6327345371246338,0.24544909596443176
YER027C,YKR059W,0,1.2855556,0.20524442195892334,0.6327345371246338,0.24554911255836487
YNR061C,YOL002C,0,1.2853825,0.20517799258232117,0.6327345371246338,0.24564912915229797
YKL178C,YGL211W,0,1.2847785,0.20511160790920258,0.6327345371246338,0.24574914574623108
YLR430W,YNL096C,0,1.2846472,0.20504528284072876,0.6327345371246338,0.24584917724132538
YGL135W,YDL127W,0,1.2841622,0.20497898757457733,0.6327345371246338,0.24594919383525848
YBR082C,YDL075W,0,1.2838417,0.20491273701190948,0.6327345371246338,0.2460492104291916
YGR292W,YBR035C,0,1.2838103,0.20484653115272522,0.6327345371246338,0.2461492270231247
YBR036C,YIL072W,0,1.2837309,0.20478035509586334,0.6327345371246338,0.2462492436170578
YDL143W,YIL026C,0,1.2836405,0.20471423864364624,0.6327345371246338,0.2463492751121521
YLR396C,YLR172C,0,1.2833143,0.20464816689491272,0.6327345371246338,0.2464492917060852
YHR011W,YOR211C,0,1.2825187,0.2045821249485016,0.6327345371246338,0.2465493083000183
YDL006W,YDR031W,0,1.2824348,0.20451612770557404,0.6327345371246338,0.24664932489395142
YFR006W,YPL220W,0,1.2822381,0.20445017516613007,0.6327345371246338,0.24674935638904572
YJL168C,YJL125C,1,1.281431,0.20470663905143738,0.6337325572967529,0.24674935638904572
YDR060W,YDR447C,0,1.2809027,0.20464067161083221,0.6337325572967529,0.24684937298297882
YML008C,YNL063W,1,1.2806898,0.20489691197872162,0.6347305178642273,0.24684937298297882
YBR061C,YMR228W,1,1.2803968,0.2051529735326767,0.6357285380363464,0.24684937298297882
YHR070W,YOR239W,1,1.2795743,0.20540888607501984,0.6367265582084656,0.24684937298297882
YCR047C,YBL013W,1,1.2787875,0.20566463470458984,0.6377245783805847,0.24684937298297882
YAR019C,YDR018C,0,1.278663,0.20559845864772797,0.6377245783805847,0.24694938957691193
YML008C,YOR201C,1,1.2783935,0.20585396885871887,0.6387225389480591,0.24694938957691193
YOR315W,YDL112W,0,1.2782952,0.2057877779006958,0.6387225389480591,0.24704940617084503
YBL013W,YBR034C,1,1.2782389,0.20604307949543,0.6397205591201782,0.24704940617084503
YBR166C,YPL033C,0,1.2781571,0.20597685873508453,0.6397205591201782,0.24714942276477814
YGR295C,YLL022C,0,1.278098,0.20591069757938385,0.6397205591201782,0.24724945425987244
YFR032C-A,YNL119W,0,1.2774426,0.20584456622600555,0.6397205591201782,0.24734947085380554
YDL033C,YHR067W,0,1.2765938,0.20577849447727203,0.6397205591201782,0.24744948744773865
YML104C,YIL155C,0,1.2764391,0.2057124525308609,0.6397205591201782,0.24754950404167175
YKR090W,YBR267W,0,1.276412,0.20564645528793335,0.6397205591201782,0.24764953553676605
YLR237W,YNL101W,0,1.2761735,0.20558050274848938,0.6397205591201782,0.24774955213069916
YKR090W,YHR089C,0,1.2761699,0.205514594912529,0.6397205591201782,0.24784956872463226
YIR015W,YER044C,0,1.2752601,0.205448716878891,0.6397205591201782,0.24794958531856537
YFL047W,YPL206C,0,1.2752063,0.20538288354873657,0.6397205591201782,0.24804961681365967
YMR307W,YML125C,0,1.2751414,0.20531710982322693,0.6397205591201782,0.24814963340759277
YAL008W,YER044C,0,1.2747759,0.20525136590003967,0.6397205591201782,0.24824965000152588
YPL022W,YNL151C,0,1.2746829,0.205185666680336,0.6397205591201782,0.24834966659545898
YDL033C,YHR167W,0,1.2745603,0.2051199972629547,0.6397205591201782,0.2484496831893921
YHR013C,YBR030W,0,1.2745429,0.2050543874502182,0.6397205591201782,0.2485497146844864
YEL054C,YDR298C,0,1.2732117,0.20498880743980408,0.6397205591201782,0.2486497312784195
YNL046W,YGR241C,0,1.2730504,0.20492327213287354,0.6397205591201782,0.2487497478723526
YDR118W,YDR032C,0,1.2730471,0.20485778152942657,0.6397205591201782,0.2488497644662857
YER007W,YJR068W,0,1.2730173,0.2047923356294632,0.6397205591201782,0.24894979596138
YER007W,YDL065C,0,1.2722688,0.2047269195318222,0.6397205591201782,0.2490498125553131
YDL204W,YHR044C,0,1.2721771,0.204661563038826,0.6397205591201782,0.24914982914924622
YDL051W,YGL123W,0,1.2721194,0.20459623634815216,0.6397205591201782,0.24924984574317932
YPL177C,YAL035W,0,1.2720555,0.20453095436096191,0.6397205591201782,0.24934987723827362
YER086W,YLR158C,0,1.2713166,0.20446571707725525,0.6397205591201782,0.24944989383220673
YBL024W,YGL031C,0,1.2710029,0.20440050959587097,0.6397205591201782,0.24954991042613983
YOR116C,YKL108W,0,1.26997,0.20433534681797028,0.6397205591201782,0.24964992702007294
YLR172C,YJL102W,0,1.2683923,0.20427022874355316,0.6397205591201782,0.24974994361400604
YDL200C,YNR041C,0,1.2682301,0.20420515537261963,0.6397205591201782,0.24984997510910034
YML094W,YML091C,0,1.2680092,0.20414012670516968,0.6397205591201782,0.24994999170303345
YDR299W,YJR058C,0,1.2679914,0.2040751427412033,0.6397205591201782,0.25005000829696655
YPR021C,YDR362C,0,1.267872,0.20401018857955933,0.6397205591201782,0.25015002489089966
YLR015W,YGL003C,0,1.2675517,0.20394527912139893,0.6397205591201782,0.25025004148483276
YOR386W,YHR036W,0,1.2674794,0.2038804143667221,0.6397205591201782,0.25035005807876587
YMR228W,YJL125C,1,1.2671233,0.204133540391922,0.6407185792922974,0.25035005807876587
YMR281W,YHL032C,0,1.267017,0.20406866073608398,0.6407185792922974,0.25045010447502136
YDR329C,YER113C,0,1.2669709,0.20400381088256836,0.6407185792922974,0.25055012106895447
YIL004C,YDR074W,0,1.2667191,0.20393900573253632,0.6407185792922974,0.2506501376628876
YCL069W,YOR036W,0,1.2667186,0.20387424528598785,0.6407185792922974,0.2507501542568207
YGL136C,YDL033C,1,1.2661396,0.2041269838809967,0.6417165398597717,0.2507501542568207
YGR058W,YER053C,0,1.2644572,0.20406220853328705,0.6417165398597717,0.2508501708507538
YLR045C,YER053C,0,1.2641722,0.20399746298789978,0.6417165398597717,0.2509501874446869
YLR459W,YGR014W,0,1.2638732,0.2039327621459961,0.6417165398597717,0.25105020403862
YLR396C,YHR186C,0,1.2638252,0.203868106007576,0.6417165398597717,0.2511502206325531
YBL106C,YFL041W,0,1.2637931,0.20380347967147827,0.6417165398597717,0.2512502372264862
YDR238C,YGR061C,0,1.2626758,0.20373891294002533,0.6417165398597717,0.2513502836227417
YIL093C,YOL157C,0,1.2622839,0.20367437601089478,0.6417165398597717,0.2514503002166748
YLR221C,YDL130W-A,0,1.2620932,0.2036098837852478,0.6417165398597717,0.2515503168106079
YLR438C-A,YGR061C,0,1.261712,0.20354542136192322,0.6417165398597717,0.251650333404541
YOR315W,YJL125C,0,1.2615455,0.2034810185432434,0.6417165398597717,0.2517503499984741
YPL206C,YCR053W,0,1.2610089,0.203416645526886,0.6417165398597717,0.2518503665924072
YHR031C,YJR009C,0,1.260998,0.20335230231285095,0.6417165398597717,0.25195038318634033
YDR038C,YOL117W,0,1.260568,0.2032880187034607,0.6417165398597717,0.25205039978027344
YOR181W,YJL158C,0,1.2601446,0.20322376489639282,0.6417165398597717,0.25215041637420654
YPL208W,YDR408C,1,1.2598323,0.20347552001476288,0.6427145600318909,0.25215041637420654
YKL089W,YCR010C,0,1.2594904,0.2034112513065338,0.6427145600318909,0.25225046277046204
YLR172C,YDR014W,0,1.2594547,0.20334701240062714,0.6427145600318909,0.25235047936439514
YNL046W,YKR009C,0,1.2593937,0.20328283309936523,0.6427145600318909,0.25245049595832825
YJL153C,YKL183W,0,1.2588257,0.20321868360042572,0.6427145600318909,0.25255051255226135
YBL022C,YGR071C,0,1.2586495,0.2031545788049698,0.6427145600318909,0.25265052914619446
YDL033C,YBR058C,0,1.258566,0.20309050381183624,0.6427145600318909,0.25275054574012756
YJR129C,YBR133C,1,1.2585192,0.20334173738956451,0.64371258020401,0.25275054574012756
YJR110W,YML060W,0,1.2584108,0.20327766239643097,0.64371258020401,0.25285056233406067
YDL043C,YPL090C,0,1.258309,0.2032136172056198,0.64371258020401,0.2529505789279938
YJL143W,YBR012W-A,0,1.2579991,0.20314960181713104,0.64371258020401,0.2530505955219269
YNL001W,YJR025C,0,1.2574073,0.20308564603328705,0.64371258020401,0.2531506419181824
YHR046C,YGL147C,0,1.2570689,0.20302172005176544,0.64371258020401,0.2532506585121155
YDR126W,YBR207W,0,1.2570187,0.20295783877372742,0.64371258020401,0.2533506751060486
YNL291C,YMR080C,0,1.2569426,0.20289398729801178,0.64371258020401,0.2534506916999817
YOR174W,YDR420W,0,1.2565553,0.20283019542694092,0.64371258020401,0.2535507082939148
YML005W,YOL056W,0,1.2557184,0.20276641845703125,0.64371258020401,0.2536507248878479
YER148W,YBL010C,0,1.255371,0.20270270109176636,0.64371258020401,0.253750741481781
YJR015W,YDR368W,0,1.2550514,0.20263901352882385,0.64371258020401,0.2538507580757141
YLR126C,YDL085W,0,1.2544292,0.20257537066936493,0.64371258020401,0.2539508044719696
YGL253W,YJR068W,0,1.254247,0.2025117725133896,0.64371258020401,0.2540508210659027
YER140W,YIR009W,0,1.2542217,0.20244820415973663,0.64371258020401,0.2541508376598358
YER096W,YHR013C,0,1.253261,0.20238468050956726,0.64371258020401,0.2542508542537689
YJL168C,YML110C,1,1.2531027,0.20263488590717316,0.6447106003761292,0.2542508542537689
YMR221C,YOR244W,0,1.2528554,0.2025713324546814,0.6447106003761292,0.254350870847702
YBL069W,YOR044W,0,1.2526624,0.2025078386068344,0.6447106003761292,0.25445088744163513
YGL249W,YDR139C,0,1.252237,0.20244437456130981,0.6447106003761292,0.25455090403556824
YDR071C,YER147C,0,1.2517716,0.2023809552192688,0.6447106003761292,0.25465092062950134
YER056C-A,YOR131C,0,1.2510626,0.20231756567955017,0.6447106003761292,0.25475093722343445
YAL034W-A,YMR017W,0,1.251006,0.20225422084331512,0.6447106003761292,0.25485098361968994
YLR090W,YBL093C,0,1.2508836,0.20219092071056366,0.6447106003761292,0.25495100021362305
YJL168C,YPL157W,1,1.2505226,0.202440544962883,0.6457085609436035,0.25495100021362305
YKR097W,YHR011W,0,1.250472,0.20237722992897034,0.6457085609436035,0.25505101680755615
YMR223W,YAL035W,0,1.24993,0.20231394469738007,0.6457085609436035,0.25515103340148926
YPL194W,YER070W,0,1.2486459,0.20225070416927338,0.6457085609436035,0.25525104999542236
YDR420W,YDR115W,0,1.2481598,0.20218749344348907,0.6457085609436035,0.25535106658935547
YDR074W,YMR311C,0,1.2471251,0.20212434232234955,0.6457085609436035,0.2554510831832886
YBR001C,YPR042C,0,1.2467458,0.20206120610237122,0.6457085609436035,0.2555510997772217
YLR385C,YDR334W,0,1.246458,0.20199812948703766,0.6457085609436035,0.2556511163711548
YJL106W,YER112W,0,1.2459275,0.2019350826740265,0.6457085609436035,0.2557511627674103
YJR104C,YBR175W,0,1.2451713,0.2018720805644989,0.6457085609436035,0.2558511793613434
YIL172C,YML009C,0,1.2449492,0.2018091082572937,0.6457085609436035,0.2559511959552765
YGL191W,YKL195W,0,1.2446059,0.20174618065357208,0.6457085609436035,0.2560512125492096
YBR092C,YPL204W,0,1.2440361,0.20168329775333405,0.6457085609436035,0.2561512291431427
YDR012W,YDR118W,0,1.2436639,0.2016204446554184,0.6457085609436035,0.2562512457370758
YAL020C,YER180C,0,1.2425739,0.20155763626098633,0.6457085609436035,0.2563512623310089
YDL141W,YMR282C,0,1.2425604,0.20149485766887665,0.6457085609436035,0.256451278924942
YIL078W,YPR081C,0,1.242518,0.20143212378025055,0.6457085609436035,0.2565512955188751
YML018C,YGR075C,0,1.2422978,0.20136943459510803,0.6457085609436035,0.2566513419151306
YML091C,YDR534C,0,1.2421052,0.2013067901134491,0.6457085609436035,0.2567513585090637
YPL177C,YDR130C,0,1.2419387,0.20124416053295135,0.6457085609436035,0.2568513751029968
YJL143W,YML060W,0,1.2417744,0.2011815905570984,0.6457085609436035,0.25695139169692993
YML104C,YPR166C,0,1.2416623,0.2011190503835678,0.6457085609436035,0.25705140829086304
YCR072C,YLR246W,0,1.2416185,0.2010565549135208,0.6457085609436035,0.25715142488479614
YER111C,YBR251W,0,1.2414695,0.2009941041469574,0.6457085609436035,0.25725144147872925
YDL085W,YDR478W,0,1.2414285,0.20093168318271637,0.6457085609436035,0.25735145807266235
YLR283W,YLR172C,0,1.2412058,0.20086929202079773,0.6457085609436035,0.25745150446891785
YJR022W,YJR045C,0,1.2409054,0.20080694556236267,0.6457085609436035,0.25755152106285095
YNL242W,YIL078W,0,1.2396492,0.2007446438074112,0.6457085609436035,0.25765153765678406
YBR158W,YGR188C,0,1.2392639,0.2006823867559433,0.6457085609436035,0.25775155425071716
YHR119W,YER175C,1,1.2392389,0.20093023777008057,0.6467065811157227,0.25775155425071716
YJR073C,YDL200C,1,1.2381097,0.2011779248714447,0.6477046012878418,0.25775155425071716
YMR130W,YNL206C,0,1.2379745,0.20111559331417084,0.6477046012878418,0.25785157084465027
YJR010C-A,YML060W,0,1.2379142,0.20105327665805817,0.6477046012878418,0.2579515874385834
YER025W,YDL185W,0,1.2378914,0.20099101960659027,0.6477046012878418,0.2580516040325165
YER061C,YGR194C,0,1.2377304,0.20092879235744476,0.6477046012878418,0.2581516206264496
YOL018C,YMR127C,0,1.237496,0.20086660981178284,0.6477046012878418,0.2582516372203827
YIL070C,YER180C,0,1.2374846,0.2008044570684433,0.6477046012878418,0.2583516836166382
YMR221C,YOR242C,0,1.2374188,0.20074234902858734,0.6477046012878418,0.2584517002105713
YML106W,YDR044W,0,1.2372597,0.20068027079105377,0.6477046012878418,0.2585517168045044
YNL311C,YNL149C,0,1.237208,0.20061823725700378,0.6477046012878418,0.2586517333984375
YBL057C,YGL039W,0,1.2368885,0.20055624842643738,0.6477046012878418,0.2587517499923706
YMR314W,YBL082C,0,1.2362987,0.20049428939819336,0.6477046012878418,0.2588517665863037
YCL055W,YCR047C,1,1.236071,0.20074120163917542,0.6487026214599609,0.2588517665863037
YKL218C,YNL206C,0,1.2358893,0.2006792277097702,0.6487026214599609,0.2589517831802368
YMR043W,YFR005C,0,1.2358118,0.20061728358268738,0.6487026214599609,0.2590517997741699
YDR469W,YBR133C,1,1.2354606,0.20086392760276794,0.6497005820274353,0.2590517997741699
YKR090W,YBL054W,0,1.2348186,0.20080196857452393,0.6497005820274353,0.259151816368103
YMR130W,YNL217W,0,1.2345997,0.2007400542497635,0.6497005820274353,0.2592518627643585
YGL213C,YJL048C,0,1.2340779,0.20067816972732544,0.6497005820274353,0.2593518793582916
YBR050C,YLL022C,0,1.2338226,0.20061632990837097,0.6497005820274353,0.25945189595222473
YHR013C,YKR105C,0,1.2336162,0.20055453479290009,0.6497005820274353,0.25955191254615784
YGR008C,YHR086W,0,1.2332238,0.2004927694797516,0.6497005820274353,0.25965192914009094
YOL030W,YGL249W,0,1.2329295,0.20043103396892548,0.6497005820274353,0.25975194573402405
YOL005C,YFL037W,0,1.2321228,0.20036934316158295,0.6497005820274353,0.25985196232795715
YNL210W,YDR128W,0,1.2321013,0.200307697057724,0.6497005820274353,0.25995197892189026
YDR198C,YPL030W,1,1.2319368,0.20055367052555084,0.6506986021995544,0.25995197892189026
YJR022W,YDR130C,0,1.2311008,0.2004920095205307,0.6506986021995544,0.26005199551582336
YDL069C,YBR164C,0,1.2309858,0.20043037831783295,0.6506986021995544,0.26015204191207886
YKR061W,YDR050C,0,1.2306782,0.20036877691745758,0.6506986021995544,0.26025205850601196
YIR036C,YOR386W,0,1.2300285,0.2003072202205658,0.6506986021995544,0.26035207509994507
YBR273C,YDR116C,0,1.2298726,0.2002456933259964,0.6506986021995544,0.2604520916938782
YPL157W,YML014W,1,1.228817,0.20049124956130981,0.6516966223716736,0.2604520916938782
YDR251W,YBL055C,0,1.228768,0.20042970776557922,0.6516966223716736,0.2605521082878113
YLR032W,YDL112W,0,1.2283362,0.20036821067333221,0.6516966223716736,0.2606521248817444
YMR256C,YDR342C,0,1.2282689,0.2003067433834076,0.6516966223716736,0.2607521414756775
YIL150C,YOR201C,0,1.2281857,0.20024532079696655,0.6516966223716736,0.2608521580696106
YDL192W,YHR011W,0,1.2278155,0.2001839429140091,0.6516966223716736,0.2609522044658661
YGR292W,YBR251W,0,1.2272762,0.20012257993221283,0.6516966223716736,0.2610522210597992
YAL023C,YIL160C,0,1.2264837,0.20006127655506134,0.6516966223716736,0.2611522376537323
YGL089C,YOR326W,0,1.225779,0.20000000298023224,0.6516966223716736,0.2612522542476654
YLR285W,YDL112W,1,1.225406,0.2002449482679367,0.652694582939148,0.2612522542476654
YAL010C,YDL065C,0,1.2248961,0.2001836597919464,0.652694582939148,0.2613522708415985
YHL040C,YPR108W,0,1.2246487,0.2001224011182785,0.652694582939148,0.2614522874355316
YJL170C,YDR501W,0,1.2244843,0.20006118714809418,0.652694582939148,0.2615523040294647
YCR081W,YEL050C,0,1.2244047,0.20000000298023224,0.652694582939148,0.2616523206233978
YPL048W,YLR306W,0,1.2243863,0.19993886351585388,0.652694582939148,0.26175233721733093
YBR291C,YNL325C,0,1.2242532,0.1998777538537979,0.652694582939148,0.2618523836135864
YML009C,YDL017W,0,1.223276,0.19981668889522552,0.652694582939148,0.26195240020751953
YKL178C,YIL145C,0,1.223081,0.19975565373897552,0.652694582939148,0.26205241680145264
YBR296C,YAL053W,0,1.2229388,0.1996946632862091,0.652694582939148,0.26215243339538574
YML008C,YER175C,1,1.2224842,0.19993895292282104,0.6536926031112671,0.26215243339538574
YDR139C,YKL181W,0,1.2221512,0.19987793266773224,0.6536926031112671,0.26225244998931885
YNL188W,YOL080C,0,1.2214805,0.19981695711612701,0.6536926031112671,0.26235246658325195
YBR264C,YLR304C,0,1.2212783,0.19975602626800537,0.6536926031112671,0.26245248317718506
YDL017W,YNL151C,0,1.2206532,0.19969512522220612,0.6536926031112671,0.26255249977111816
YPR186C,YOL002C,0,1.2205261,0.19963425397872925,0.6536926031112671,0.26265251636505127
YBR289W,YLR014C,0,1.2202739,0.19957342743873596,0.6536926031112671,0.26275256276130676
YHR089C,YGL253W,0,1.2201799,0.19951264560222626,0.6536926031112671,0.26285257935523987
YEL038W,YLL022C,0,1.2200671,0.19945189356803894,0.6536926031112671,0.262952595949173
YOL096C,YML008C,1,1.219958,0.19969558715820312,0.6546906232833862,0.262952595949173
YML104C,YDR487C,0,1.2197732,0.19963482022285461,0.6546906232833862,0.2630526125431061
YER147C,YFL044C,0,1.2194692,0.1995740830898285,0.6546906232833862,0.2631526291370392
YNR008W,YGL135W,0,1.2189032,0.19951337575912476,0.6546906232833862,0.2632526457309723
YJL158C,YER030W,0,1.2184731,0.1994527280330658,0.6546906232833862,0.2633526623249054
YDR536W,YLR040C,0,1.2183841,0.19939209520816803,0.6546906232833862,0.2634526789188385
YJR010C-A,YDR368W,0,1.2182728,0.19933150708675385,0.6546906232833862,0.263552725315094
YJR075W,YAL035W,0,1.2168607,0.19927096366882324,0.6546906232833862,0.2636527419090271
YPL144W,YPL214C,0,1.2158171,0.19921045005321503,0.6546906232833862,0.2637527585029602
YGL136C,YDR316W,1,1.2151809,0.19945354759693146,0.6556886434555054,0.2637527585029602
YNR008W,YDR077W,0,1.2146395,0.19939301908016205,0.6556886434555054,0.2638527750968933
YBR261C,YDR469W,1,1.2143096,0.19963592290878296,0.6566866040229797,0.2638527750968933
YFR005C,YJL189W,0,1.214213,0.19957536458969116,0.6566866040229797,0.2639527916908264
YPL208W,YJL168C,1,1.2140914,0.19981807470321655,0.6576846241950989,0.2639527916908264
YJL125C,YER180C,0,1.213708,0.19975750148296356,0.6576846241950989,0.2640528082847595
YDR465C,YLR286C,0,1.2132677,0.19969697296619415,0.6576846241950989,0.2641528248786926
YMR043W,YMR233W,0,1.2130303,0.19963647425174713,0.6576846241950989,0.26425284147262573
YGL141W,YHR011W,0,1.2129747,0.1995760202407837,0.6576846241950989,0.26435285806655884
YJR065C,YOR228C,0,1.2125478,0.19951559603214264,0.6576846241950989,0.26445290446281433
YDL200C,YJL156C,0,1.2123553,0.19945520162582397,0.6576846241950989,0.26455292105674744
YIL051C,YPL068C,0,1.2123138,0.1993948519229889,0.6576846241950989,0.26465293765068054
YGL205W,YLR419W,0,1.2121866,0.1993345469236374,0.6576846241950989,0.26475295424461365
YML037C,YKR030W,0,1.2121229,0.19927427172660828,0.6576846241950989,0.26485297083854675
YCL069W,YGL031C,0,1.2115625,0.19921402633190155,0.6576846241950989,0.26495298743247986
YDL137W,YDL120W,0,1.2112793,0.1991538256406784,0.6576846241950989,0.26505300402641296
YNL146W,YBR251W,0,1.2112026,0.19909365475177765,0.6576846241950989,0.26515302062034607
YLR201C,YOR389W,0,1.2108974,0.19903352856636047,0.6576846241950989,0.2652530372142792
YHR046C,YEL054C,0,1.2106293,0.19897343218326569,0.6576846241950989,0.26535308361053467
YGR106C,YHR070W,0,1.2100756,0.1989133656024933,0.6576846241950989,0.2654531002044678
YIL160C,YDR322W,0,1.2095592,0.19885334372520447,0.6576846241950989,0.2655531167984009
YKR056W,YHR207C,1,1.2093374,0.19909502565860748,0.658682644367218,0.2655531167984009
YNR001C,YLR403W,0,1.2089155,0.19903498888015747,0.658682644367218,0.265653133392334
YER126C,YPL048W,0,1.2088934,0.19897498190402985,0.658682644367218,0.2657531499862671
YPR063C,YJL056C,0,1.2087961,0.1989150047302246,0.658682644367218,0.2658531665802002
YOR308C,YNL301C,0,1.2084163,0.19885507225990295,0.658682644367218,0.2659531831741333
YJR160C,YOR150W,0,1.2079735,0.19879518449306488,0.658682644367218,0.2660531997680664
YML074C,YDR523C,0,1.2077473,0.1987353265285492,0.658682644367218,0.2661532163619995
YDR165W,YBR030W,1,1.2073063,0.1989765167236328,0.6596806645393372,0.2661532163619995
YEL013W,YGL161C,0,1.2066017,0.19891664385795593,0.6596806645393372,0.266253262758255
YGL211W,YDR134C,0,1.2062765,0.19885680079460144,0.6596806645393372,0.2663532793521881
YFL036W,YLR154C,0,1.2060742,0.19879698753356934,0.6596806645393372,0.2664532959461212
YDL164C,YGL155W,0,1.2057418,0.1987372189760208,0.6596806645393372,0.2665533125400543
YBR033W,YGL040C,0,1.2055414,0.19867748022079468,0.6596806645393372,0.2666533291339874
YKR050W,YML009C,0,1.2054342,0.19861778616905212,0.6596806645393372,0.26675334572792053
YOR175C,YHR027C,0,1.2047626,0.19855812191963196,0.6596806645393372,0.26685336232185364
YDL136W,YOL117W,0,1.2047354,0.19849850237369537,0.6596806645393372,0.26695337891578674
YJL164C,YPR070W,0,1.2043437,0.19843891263008118,0.6596806645393372,0.26705342531204224
YLR283W,YLR214W,0,1.2042133,0.19837935268878937,0.6596806645393372,0.26715344190597534
YFR006W,YKL028W,0,1.2032129,0.19831983745098114,0.6596806645393372,0.26725345849990845
YFR037C,YIL078W,0,1.202826,0.1982603520154953,0.6596806645393372,0.26735347509384155
YLR212C,YIL171W,0,1.202666,0.19820089638233185,0.6596806645393372,0.26745349168777466
YAL020C,YKL179C,0,1.2021037,0.19814148545265198,0.6596806645393372,0.26755350828170776
YNL046W,YCR040W,0,1.2020575,0.1980821043252945,0.6596806645393372,0.26765352487564087
YAR015W,YMR235C,0,1.201748,0.1980227679014206,0.6596806645393372,0.267753541469574
YMR142C,YCR098C,0,1.2016518,0.19796346127986908,0.6596806645393372,0.2678535580635071
YFR037C,YIL125W,0,1.2013663,0.19790418446063995,0.6596806645393372,0.2679536044597626
YDR400W,YMR071C,0,1.2002285,0.1978449523448944,0.6596806645393372,0.2680536210536957
YFL047W,YLR096W,0,1.2000653,0.19778575003147125,0.6596806645393372,0.2681536376476288
YDL075W,YMR017W,0,1.1998837,0.19772659242153168,0.6596806645393372,0.2682536542415619
YKL183W,YMR150C,0,1.1990141,0.1976674646139145,0.6596806645393372,0.268353670835495
YMR080C,YDR507C,0,1.1987984,0.1976083666086197,0.6596806645393372,0.2684536874294281
YDR390C,YER012W,0,1.1981963,0.19754931330680847,0.6596806645393372,0.2685537040233612
YAR015W,YKL183W,0,1.1981133,0.19749028980731964,0.6596806645393372,0.2686537206172943
YDR388W,YHR044C,0,1.1978589,0.1974312961101532,0.6596806645393372,0.2687537372112274
YMR016C,YMR042W,0,1.1964308,0.19737234711647034,0.6596806645393372,0.2688537836074829
YML042W,YBR122C,0,1.1964163,0.19731342792510986,0.6596806645393372,0.268953800201416
YDL019C,YDL008W,0,1.1956633,0.19725455343723297,0.6596806645393372,0.2690538167953491
YLR373C,YOR278W,0,1.1949449,0.19719570875167847,0.6596806645393372,0.2691538333892822
YMR088C,YLR134W,0,1.1946443,0.19713689386844635,0.6596806645393372,0.26925384998321533
YKR058W,YDR342C,0,1.1937679,0.19707810878753662,0.6596806645393372,0.26935386657714844
YMR316W,YGR035C,0,1.1937479,0.19701936841011047,0.6596806645393372,0.26945388317108154
YBL037W,YML063W,0,1.1936084,0.1969606727361679,0.6596806645393372,0.26955389976501465
YFR037C,YML091C,0,1.1929104,0.19690199196338654,0.6596806645393372,0.26965391635894775
YOL018C,YML060W,0,1.1920551,0.19684335589408875,0.6596806645393372,0.26975396275520325
YBR087W,YOL030W,0,1.1919644,0.19678476452827454,0.6596806645393372,0.26985397934913635
YDR312W,YHR010W,0,1.1915188,0.19672618806362152,0.6596806645393372,0.26995399594306946
YAL053W,YJL041W,0,1.1914734,0.1966676563024521,0.6596806645393372,0.27005401253700256
YOR047C,YPL144W,0,1.1912341,0.19660915434360504,0.6596806645393372,0.27015402913093567
YER056C-A,YBL074C,0,1.1899064,0.19655069708824158,0.6596806645393372,0.2702540457248688
YNL293W,YDR315C,0,1.1897284,0.1964922696352005,0.6596806645393372,0.2703540623188019
YDL146W,YBL082C,0,1.1889392,0.1964338719844818,0.6596806645393372,0.270454078912735
YJR073C,YDR140W,1,1.1885806,0.19667260348796844,0.6606786251068115,0.270454078912735
YIL093C,YDL130W-A,0,1.1880122,0.19661419093608856,0.6606786251068115,0.2705541253089905
YPR098C,YOR067C,0,1.1877962,0.19655582308769226,0.6606786251068115,0.2706541419029236
YAR003W,YOR201C,1,1.1877267,0.1967943012714386,0.6616766452789307,0.2706541419029236
YER053C,YLR246W,0,1.1874405,0.1967359036207199,0.6616766452789307,0.2707541584968567
YIR006C,YGR035C,0,1.1874009,0.1966775506734848,0.6616766452789307,0.2708541750907898
YDL166C,YDL075W,0,1.186472,0.1966192126274109,0.6616766452789307,0.2709541916847229
YDR312W,YER184C,0,1.1863737,0.19656091928482056,0.6616766452789307,0.271054208278656
YOL103W,YGR200C,0,1.1861626,0.1965026706457138,0.6616766452789307,0.2711542248725891
YNL001W,YOL103W,0,1.1856617,0.19644445180892944,0.6616766452789307,0.2712542414665222
YEL065W,YDR318W,0,1.184916,0.19638626277446747,0.6616766452789307,0.2713542580604553
YBL103C,YNL322C,0,1.1843833,0.19632810354232788,0.6616766452789307,0.2714543044567108
YIL111W,YNL101W,0,1.1842757,0.19626998901367188,0.6616766452789307,0.2715543210506439
YDR376W,YLR221C,0,1.1842622,0.19621190428733826,0.6616766452789307,0.271654337644577
YMR201C,YPL143W,0,1.183628,0.19615384936332703,0.6616766452789307,0.27175435423851013
YNL308C,YCR028C,0,1.183261,0.19609582424163818,0.6616766452789307,0.27185437083244324
YOR288C,YDL141W,0,1.1829916,0.19603784382343292,0.6616766452789307,0.27195438742637634
YMR070W,YMR217W,0,1.1823456,0.19597989320755005,0.6616766452789307,0.27205440402030945
YPL091W,YHR086W,0,1.1823105,0.19592198729515076,0.6616766452789307,0.27215442061424255
YNL227C,YPR021C,0,1.1819869,0.19586411118507385,0.6616766452789307,0.27225443720817566
YDR532C,YEL054C,0,1.1816802,0.19580626487731934,0.6616766452789307,0.27235448360443115
YNL331C,YGL040C,0,1.181651,0.1957484483718872,0.6616766452789307,0.27245450019836426
YML034W,YMR312W,0,1.1814743,0.19569067656993866,0.6616766452789307,0.27255451679229736
YBR273C,YMR221C,0,1.1810302,0.1956329345703125,0.6616766452789307,0.27265453338623047
YOR265W,YOR347C,0,1.1809207,0.19557522237300873,0.6616766452789307,0.2727545499801636
YDL080C,YOR044W,0,1.1809198,0.19551753997802734,0.6616766452789307,0.2728545665740967
YNL301C,YOR070C,0,1.1807126,0.19545990228652954,0.6616766452789307,0.2729545831680298
YIL155C,YBL074C,0,1.1806473,0.19540229439735413,0.6616766452789307,0.2730545997619629
YJL072C,YDL138W,0,1.1804667,0.1953447312116623,0.6616766452789307,0.273154616355896
YOL065C,YLR079W,0,1.1802111,0.19528718292713165,0.6616766452789307,0.2732546627521515
YGR292W,YLR381W,0,1.1799624,0.1952296793460846,0.6616766452789307,0.2733546793460846
YOL093W,YBR133C,1,1.1798395,0.19546659290790558,0.6626746654510498,0.2733546793460846
YJR139C,YPR102C,0,1.1791842,0.19540905952453613,0.6626746654510498,0.2734546959400177
YFL004W,YLR364W,0,1.1774076,0.19535157084465027,0.6626746654510498,0.2735547125339508
YNL112W,YBL023C,0,1.177349,0.1952941119670868,0.6626746654510498,0.2736547291278839
YPL095C,YAL025C,0,1.1762277,0.1952366977930069,0.6626746654510498,0.273754745721817
YNL086W,YBR289W,0,1.176083,0.1951793134212494,0.6626746654510498,0.2738547623157501
YPL143W,YDL065C,0,1.1760043,0.19512194395065308,0.6626746654510498,0.2739547789096832
YLR285W,YBR030W,1,1.1758751,0.19535839557647705,0.6636726260185242,0.2739547789096832
YBR033W,YNL322C,0,1.1757928,0.19530102610588074,0.6636726260185242,0.2740548253059387
YJL062W,YOL002C,0,1.1757014,0.1952436864376068,0.6636726260185242,0.2741548418998718
YIL171W,YOR092W,0,1.1756538,0.19518637657165527,0.6636726260185242,0.27425485849380493
YHR052W,YNL244C,0,1.1744077,0.19512911140918732,0.6636726260185242,0.27435487508773804
YGL021W,YMR292W,0,1.1743246,0.19507186114788055,0.6636726260185242,0.27445489168167114
YCR040W,YGR279C,0,1.173503,0.19501465559005737,0.6636726260185242,0.27455490827560425
YIL126W,YDR115W,0,1.1728339,0.19495749473571777,0.6636726260185242,0.27465492486953735
YBR237W,YGL161C,0,1.1727343,0.19490034878253937,0.6636726260185242,0.27475494146347046
YHR143W,YDR421W,0,1.1715962,0.19484324753284454,0.6636726260185242,0.27485495805740356
YHL040C,YAL021C,0,1.1704772,0.1947861760854721,0.6636726260185242,0.27495500445365906
YML018C,YJR015W,0,1.1702094,0.19472913444042206,0.6636726260185242,0.27505502104759216
YDL164C,YOL065C,0,1.1701962,0.1946721374988556,0.6636726260185242,0.27515503764152527
YER096W,YDR115W,0,1.1695,0.19461515545845032,0.6636726260185242,0.2752550542354584
YMR056C,YJL062W,0,1.1694871,0.19455821812152863,0.6636726260185242,0.2753550708293915
YCR053W,YBL023C,0,1.1690975,0.19450131058692932,0.6636726260185242,0.2754550874233246
YOR151C,YDR117C,0,1.1689433,0.1944444477558136,0.6636726260185242,0.2755551040172577
YGR104C,YER133W,0,1.168912,0.19438759982585907,0.6636726260185242,0.2756551206111908
YPL068C,YJL190C,0,1.1687863,0.19433079659938812,0.6636726260185242,0.2757551372051239
YNL001W,YCL050C,0,1.1686913,0.19427402317523956,0.6636726260185242,0.2758551836013794
YOR348C,YJR015W,0,1.1682303,0.19421729445457458,0.6636726260185242,0.2759552001953125
YBL054W,YML074C,0,1.1671662,0.1941605806350708,0.6636726260185242,0.2760552167892456
YBR001C,YIL155C,0,1.167151,0.1941039115190506,0.6636726260185242,0.2761552333831787
YML074C,YPL202C,0,1.1666974,0.19404727220535278,0.6636726260185242,0.2762552499771118
YDR315C,YLL035W,0,1.1665078,0.19399066269397736,0.6636726260185242,0.2763552665710449
YOR201C,YNL301C,0,1.1650007,0.1939340978860855,0.6636726260185242,0.276455283164978
YML054C,YLR192C,0,1.1649725,0.19387754797935486,0.6636726260185242,0.27655529975891113
YDR421W,YJL189W,0,1.164841,0.1938210427761078,0.6636726260185242,0.27665531635284424
YPL089C,YNL096C,0,1.1646268,0.1937645673751831,0.6636726260185242,0.27675536274909973
YHR147C,YDR298C,0,1.1637417,0.1937081217765808,0.6636726260185242,0.27685537934303284
YFL047W,YGL021W,0,1.1634232,0.1936517208814621,0.6636726260185242,0.27695539593696594
YNL001W,YHR067W,0,1.1629218,0.19359533488750458,0.6636726260185242,0.27705541253089905
YGR086C,YOR374W,0,1.1627373,0.19353899359703064,0.6636726260185242,0.27715542912483215
YKR061W,YLR201C,0,1.1621785,0.1934826821088791,0.6636726260185242,0.27725544571876526
YBL013W,YJL125C,1,1.1621324,0.19371727108955383,0.6646706461906433,0.27725544571876526
YAL020C,YNL112W,0,1.1618394,0.1936609447002411,0.6646706461906433,0.27735546231269836
YCR040W,YGR061C,0,1.1615723,0.19360464811325073,0.6646706461906433,0.27745547890663147
YPL226W,YKL059C,0,1.1612662,0.19354838132858276,0.6646706461906433,0.27755552530288696
YER029C,YBL082C,0,1.1604545,0.19349215924739838,0.6646706461906433,0.27765554189682007
YKL042W,YBL090W,0,1.1601144,0.19343595206737518,0.6646706461906433,0.2777555584907532
YOR047C,YBR087W,0,1.1600163,0.19337978959083557,0.6646706461906433,0.2778555750846863
YJL073W,YHR181W,0,1.15998,0.19332365691661835,0.6646706461906433,0.2779555916786194
YLR286C,YDR524C,0,1.1599243,0.1932675540447235,0.6646706461906433,0.2780556082725525
YMR297W,YDR322W,0,1.1596357,0.19321148097515106,0.6646706461906433,0.2781556248664856
YDR420W,YCL050C,0,1.1596352,0.1931554526090622,0.6646706461906433,0.2782556414604187
YOL005C,YER082C,0,1.1588606,0.19309945404529572,0.6646706461906433,0.2783556580543518
YML115C,YDL130W-A,0,1.158857,0.19304348528385162,0.6646706461906433,0.2784557044506073
YHR109W,YER091C,1,1.1588477,0.19327731430530548,0.6656686663627625,0.2784557044506073
YDR425W,YKL198C,0,1.1588392,0.193221315741539,0.6656686663627625,0.2785557210445404
YGR234W,YGR194C,0,1.1578655,0.1931653618812561,0.6656686663627625,0.2786557376384735
YGR061C,YPR054W,0,1.1578249,0.1931094378232956,0.6656686663627625,0.2787557542324066
YJL170C,YML115C,0,1.1571972,0.19305354356765747,0.6656686663627625,0.2788557708263397
YJL165C,YER153C,0,1.156571,0.19299767911434174,0.6656686663627625,0.2789557874202728
YBR251W,YOR217W,0,1.1561838,0.19294185936450958,0.6656686663627625,0.27905580401420593
YPL204W,YBL055C,0,1.1559194,0.19288605451583862,0.6656686663627625,0.27915582060813904
YOL156W,YPL174C,0,1.1558743,0.19283029437065125,0.6656686663627625,0.27925583720207214
YCR020C,YDL200C,0,1.1557833,0.19277456402778625,0.6656686663627625,0.27935588359832764
YBR036C,YOR269W,0,1.155197,0.19271886348724365,0.6656686663627625,0.27945590019226074
YDR036C,YHR044C,0,1.1548729,0.19266320765018463,0.6656686663627625,0.27955591678619385
YPL019C,YBR291C,0,1.1540531,0.1926075667142868,0.6656686663627625,0.27965593338012695
YDL129W,YNL007C,0,1.1536092,0.19255197048187256,0.6656686663627625,0.27975594997406006
YGL205W,YJR155W,0,1.1535591,0.1924963891506195,0.6656686663627625,0.27985596656799316
YNL280C,YER153C,0,1.1527151,0.19244085252285004,0.6656686663627625,0.27995598316192627
YOL096C,YNL063W,1,1.1522073,0.19267378747463226,0.6666666865348816,0.27995598316192627
YBR050C,YBR299W,0,1.1521878,0.1926182210445404,0.6666666865348816,0.2800559997558594
YDR265W,YLR364W,0,1.1521798,0.19256269931793213,0.6666666865348816,0.2801560163497925
YHR027C,YDR523C,0,1.1520246,0.19250720739364624,0.6666666865348816,0.280256062746048
YNL046W,YNL185C,0,1.1519669,0.19245174527168274,0.6666666865348816,0.2803560793399811
YOR391C,YAL012W,0,1.1519247,0.19239631295204163,0.6666666865348816,0.2804560959339142
YBL060W,YBR142W,0,1.1515182,0.1923409104347229,0.6666666865348816,0.2805561125278473
YEL017C-A,YHR167W,0,1.1510276,0.19228555262088776,0.6666666865348816,0.2806561291217804
YJR013W,YGR076C,0,1.1502386,0.1922302097082138,0.6666666865348816,0.2807561457157135
YBR160W,YML070W,0,1.1500045,0.19217491149902344,0.6666666865348816,0.2808561623096466
YDR448W,YLR306W,0,1.1498505,0.19211964309215546,0.6666666865348816,0.2809561789035797
YMR292W,YDR054C,0,1.1496167,0.19206440448760986,0.6666666865348816,0.2810562252998352
YLR015W,YDR510W,0,1.1493691,0.19200919568538666,0.6666666865348816,0.2811562418937683
YBR156C,YOR233W,0,1.1492609,0.19195401668548584,0.6666666865348816,0.2812562584877014
YDL019C,YGR274C,0,1.1490058,0.1918988823890686,0.6666666865348816,0.2813562750816345
YPR041W,YBL055C,0,1.1489472,0.19184376299381256,0.6666666865348816,0.2814562916755676
YOR063W,YNL244C,0,1.1484884,0.1917886883020401,0.6666666865348816,0.28155630826950073
YDL019C,YNL322C,0,1.148322,0.19173364341259003,0.6666666865348816,0.28165632486343384
YOL030W,YDL008W,0,1.1482018,0.19167862832546234,0.6666666865348816,0.28175634145736694
YPR186C,YER045C,0,1.1481162,0.19162364304065704,0.6666666865348816,0.28185635805130005
YBL075C,YDR507C,0,1.1470923,0.19156868755817413,0.6666666865348816,0.28195640444755554
YGL089C,YAR018C,0,1.1460078,0.1915137618780136,0.6666666865348816,0.28205642104148865
YKR030W,YOL123W,0,1.1454791,0.19145886600017548,0.6666666865348816,0.28215643763542175
YNL112W,YOR092W,0,1.1453906,0.19140401482582092,0.6666666865348816,0.28225645422935486
YJL168C,YBL024W,1,1.1447207,0.1916356384754181,0.667664647102356,0.28225645422935486
YLR172C,YDL033C,1,1.1446432,0.19186712801456451,0.6686626672744751,0.28225645422935486
YMR297W,YLR120C,0,1.144566,0.191812202334404,0.6686626672744751,0.28235647082328796
YOL120C,YLR276C,0,1.1441982,0.19175729155540466,0.6686626672744751,0.28245648741722107
YPL022W,YLR306W,0,1.1435744,0.19170242547988892,0.6686626672744751,0.2825565040111542
YPL074W,YOL140W,0,1.1433856,0.19164760410785675,0.6686626672744751,0.2826565206050873
YPR098C,YOR269W,0,1.1433436,0.19159279763698578,0.6686626672744751,0.2827565371990204
YHR070W,YBR258C,1,1.1431075,0.19182389974594116,0.6696606874465942,0.2827565371990204
YDR270W,YJL080C,0,1.1430802,0.191769078373909,0.6696606874465942,0.2828565835952759
YPL121C,YMR017W,0,1.1429161,0.19171428680419922,0.6696606874465942,0.282956600189209
YNR020C,YIR015W,0,1.142867,0.19165952503681183,0.6696606874465942,0.2830566167831421
YCR020C,YOR332W,0,1.1428357,0.19160479307174683,0.6696606874465942,0.2831566333770752
YJR104C,YLR357W,0,1.1427618,0.1915501058101654,0.6696606874465942,0.2832566499710083
YHR028C,YLR139C,0,1.1424936,0.19149543344974518,0.6696606874465942,0.2833566665649414
YDR520C,YLR356W,0,1.1421379,0.19144080579280853,0.6696606874465942,0.2834566831588745
YDL229W,YOR348C,0,1.141496,0.19138619303703308,0.6696606874465942,0.2835566997528076
YGL021W,YBR122C,0,1.141371,0.1913316249847412,0.6696606874465942,0.2836567461490631
YGL223C,YMR080C,0,1.1407452,0.19127708673477173,0.6696606874465942,0.2837567627429962
YDR424C,YBR207W,0,1.1407362,0.19122256338596344,0.6696606874465942,0.2838567793369293
YOR308C,YOL002C,0,1.1403068,0.19116808474063873,0.6696606874465942,0.2839567959308624
YBR041W,YOR044W,0,1.1402678,0.1911136358976364,0.6696606874465942,0.28405681252479553
YDR013W,YLR221C,0,1.1401008,0.19105923175811768,0.6696606874465942,0.28415682911872864
YAR019C,YOR150W,0,1.1397592,0.19100484251976013,0.6696606874465942,0.28425684571266174
YMR163C,YER153C,0,1.1390619,0.19095048308372498,0.6696606874465942,0.28435686230659485
YDR219C,YIL125W,0,1.1387509,0.1908961534500122,0.6696606874465942,0.28445687890052795
YKR094C,YPL157W,0,1.1387405,0.19084186851978302,0.6696606874465942,0.28455692529678345
YDL033C,YHR119W,1,1.138153,0.19107194244861603,0.6706587076187134,0.28455692529678345
YNR050C,YBL039C,0,1.1381391,0.19101762771606445,0.6706587076187134,0.28465694189071655
YDL099W,YER110C,0,1.1379831,0.19096334278583527,0.6706587076187134,0.28475695848464966
YER133W,YHR011W,0,1.1373436,0.19090908765792847,0.6706587076187134,0.28485697507858276
YNR045W,YDR014W,0,1.1367522,0.19085487723350525,0.6706587076187134,0.28495699167251587
YDL229W,YOL100W,0,1.1359257,0.19080068171024323,0.6706587076187134,0.285057008266449
YPL269W,YDR486C,0,1.135831,0.1907465159893036,0.6706587076187134,0.2851570248603821
YCL055W,YAL062W,0,1.1357496,0.19069239497184753,0.6706587076187134,0.2852570414543152
YHR025W,YGR101W,0,1.135299,0.19063830375671387,0.6706587076187134,0.2853570580482483
YDL200C,YPL028W,0,1.1349443,0.1905842274427414,0.6706587076187134,0.2854571044445038
YFL036W,YNL149C,0,1.1349305,0.1905301958322525,0.6706587076187134,0.2855571210384369
YLR237W,YDR362C,0,1.1347,0.190476194024086,0.6706587076187134,0.28565713763237
YLR015W,YDL115C,0,1.1341912,0.19042222201824188,0.6706587076187134,0.2857571542263031
YJR097W,YAL012W,0,1.1331717,0.19036826491355896,0.6706587076187134,0.2858571708202362
YNL185C,YDR003W,0,1.1325302,0.19031435251235962,0.6706587076187134,0.2859571874141693
YGL106W,YGL031C,0,1.1321257,0.19026046991348267,0.6706587076187134,0.2860572040081024
YLL013C,YBR207W,0,1.1310388,0.1902066171169281,0.6706587076187134,0.2861572206020355
YJR104C,YJL129C,0,1.1309761,0.19015279412269592,0.6706587076187134,0.28625723719596863
YHL040C,YJR066W,0,1.130972,0.19009901583194733,0.6706587076187134,0.2863572835922241
YJL033W,YPR186C,0,1.1306015,0.19004525244235992,0.6706587076187134,0.2864573001861572
YJL125C,YCL061C,0,1.1302897,0.1899915188550949,0.6706587076187134,0.28655731678009033
YGL106W,YML088W,0,1.1301745,0.18993781507015228,0.6706587076187134,0.28665733337402344
YBL078C,YGR274C,0,1.1300117,0.18988414108753204,0.6706587076187134,0.28675734996795654
YOL003C,YDR046C,0,1.1295817,0.18983051180839539,0.6706587076187134,0.28685736656188965
YLR373C,YOR039W,0,1.1293863,0.18977689743041992,0.6706587076187134,0.28695738315582275
YDR134C,YKL212W,0,1.1293803,0.18972331285476685,0.6706587076187134,0.28705739974975586
YJL080C,YPL149W,0,1.1290072,0.18966977298259735,0.6706587076187134,0.28715744614601135
YDR279W,YPL149W,0,1.1288948,0.18961624801158905,0.6706587076187134,0.28725746273994446
YBR033W,YEL017C-A,0,1.1288768,0.18956276774406433,0.6706587076187134,0.28735747933387756
YOR288C,YCR081W,0,1.1285385,0.1895093023777008,0.6706587076187134,0.28745749592781067
YNL308C,YCL061C,0,1.1284834,0.18945588171482086,0.6706587076187134,0.2875575125217438
YBL088C,YOL103W,0,1.1281136,0.1894024759531021,0.6706587076187134,0.2876575291156769
YHR161C,YJR076C,0,1.128085,0.18934911489486694,0.6706587076187134,0.28775754570961
YGR274C,YNR041C,0,1.127414,0.18929576873779297,0.6706587076187134,0.2878575623035431
YNL325C,YHR070W,0,1.127405,0.18924246728420258,0.6706587076187134,0.2879575788974762
YDR012W,YCL066W,0,1.1272968,0.18918919563293457,0.6706587076187134,0.2880576252937317
YNL188W,YHR044C,0,1.126983,0.18913593888282776,0.6706587076187134,0.2881576418876648
YFR032C-A,YDR158W,0,1.1269444,0.18908272683620453,0.6706587076187134,0.2882576584815979
YCR047C,YLR015W,1,1.1269261,0.18931083381175995,0.6716566681861877,0.2882576584815979
YHL024W,YML009C,0,1.126622,0.18925759196281433,0.6716566681861877,0.288357675075531
YML027W,YOR151C,0,1.1265777,0.1892043799161911,0.6716566681861877,0.2884576916694641
YMR070W,YER131W,0,1.1261417,0.18915121257305145,0.6716566681861877,0.2885577082633972
YFR032C-A,YGL035C,0,1.126008,0.189098060131073,0.6716566681861877,0.2886577248573303
YGR047C,YER012W,0,1.1259352,0.18904493749141693,0.6716566681861877,0.2887577414512634
YIR012W,YCR037C,0,1.1259032,0.18899185955524445,0.6716566681861877,0.28885775804519653
YFR037C,YML095C,0,1.1258829,0.18893879652023315,0.6716566681861877,0.288957804441452
YDR038C,YOR069W,0,1.1245948,0.18888576328754425,0.6716566681861877,0.28905782103538513
YHL008C,YPL269W,0,1.124524,0.18883277475833893,0.6716566681861877,0.28915783762931824
YDL180W,YGR014W,0,1.1235943,0.1887798011302948,0.6716566681861877,0.28925785422325134
YKL156W,YHR167W,0,1.1233271,0.18872687220573425,0.6716566681861877,0.28935787081718445
YOR037W,YPR102C,0,1.1230531,0.1886739581823349,0.6716566681861877,0.28945788741111755
YLR427W,YPL026C,0,1.1226351,0.18862107396125793,0.6716566681861877,0.28955790400505066
YJR094W-A,YLR343W,0,1.122255,0.18856821954250336,0.6716566681861877,0.28965792059898376
YHR143W,YPL019C,0,1.1220788,0.18851540982723236,0.6716566681861877,0.28975793719291687
YOL127W,YCL061C,0,1.122008,0.18846261501312256,0.6716566681861877,0.28985798358917236
YDR379W,YER106W,0,1.121833,0.18840985000133514,0.6716566681861877,0.28995800018310547
YHR070W,YLR285W,1,1.12175,0.18863700330257416,0.6726546883583069,0.28995800018310547
YIL124W,YFR007W,0,1.1214315,0.18858422338962555,0.6726546883583069,0.2900580167770386
YJR145C,YNL242W,0,1.1214181,0.18853147327899933,0.6726546883583069,0.2901580333709717
YJR073C,YOL093W,1,1.1211799,0.18875838816165924,0.673652708530426,0.2901580333709717
YGR191W,YCL031C,0,1.1209813,0.18870562314987183,0.673652708530426,0.2902580499649048
YMR298W,YER110C,0,1.1208752,0.1886528730392456,0.673652708530426,0.2903580665588379
YIL070C,YKL042W,0,1.1207623,0.18860016763210297,0.673652708530426,0.290458083152771
YDR297W,YMR285C,0,1.1203884,0.18854749202728271,0.673652708530426,0.2905580997467041
YMR228W,YKL155C,1,1.1203841,0.18877407908439636,0.6746506690979004,0.2905580997467041
YLR304C,YKL108W,0,1.1197641,0.18872138857841492,0.6746506690979004,0.2906581461429596
YDL115C,YDR342C,0,1.1196221,0.18866871297359467,0.6746506690979004,0.2907581627368927
YBL078C,YJL170C,0,1.1191279,0.1886160671710968,0.6746506690979004,0.2908581793308258
YDR408C,YIL110W,1,1.1183745,0.18884240090847015,0.6756486892700195,0.2908581793308258
YJL041W,YMR184W,0,1.1182158,0.1887897402048111,0.6756486892700195,0.2909581959247589
YER153C,YJL189W,0,1.1180323,0.18873710930347443,0.6756486892700195,0.291058212518692
YPR048W,YHR186C,0,1.1180096,0.18868450820446014,0.6756486892700195,0.2911582291126251
YBR048W,YML037C,0,1.1172887,0.18863193690776825,0.6756486892700195,0.2912582457065582
YNL092W,YDR257C,1,1.1171566,0.18885794281959534,0.6766467094421387,0.2912582457065582
YKL089W,YBR158W,0,1.1169578,0.18880534172058105,0.6766467094421387,0.29135826230049133
YNL077W,YNL166C,0,1.1161802,0.18875278532505035,0.6766467094421387,0.29145827889442444
YDL231C,YIR009W,0,1.1153805,0.18870024383068085,0.6766467094421387,0.29155832529067993
YDR283C,YNL119W,0,1.1152471,0.18864774703979492,0.6766467094421387,0.29165834188461304
YGR047C,YLR343W,0,1.1148982,0.1885952651500702,0.6766467094421387,0.29175835847854614
YBR236C,YJR073C,1,1.1147791,0.18882091343402863,0.6776447296142578,0.29175835847854614
YER161C,YGR234W,0,1.1141673,0.1887684166431427,0.6776447296142578,0.29185837507247925
YMR171C,YHR147C,0,1.1137569,0.18871594965457916,0.6776447296142578,0.29195839166641235
YLR450W,YGR061C,0,1.1137007,0.188663512468338,0.6776447296142578,0.29205840826034546
YLR170C,YBR291C,0,1.1126729,0.18861110508441925,0.6776447296142578,0.29215842485427856
YER082C,YER012W,0,1.1126283,0.18855872750282288,0.6776447296142578,0.29225844144821167
YOR167C,YEL059C-A,0,1.1120597,0.1885063797235489,0.6776447296142578,0.2923584580421448
YLR287C-A,YER153C,0,1.1118723,0.1884540617465973,0.6776447296142578,0.29245850443840027
YER173W,YDL082W,0,1.111857,0.18840177357196808,0.6776447296142578,0.2925585210323334
YNL301C,YHR099W,0,1.111537,0.18834951519966125,0.6776447296142578,0.2926585376262665
YGR241C,YLR139C,0,1.1111451,0.18829728662967682,0.6776447296142578,0.2927585542201996
YBL024W,YNL039W,0,1.1110299,0.18824507296085358,0.6776447296142578,0.2928585708141327
YMR022W,YLR265C,0,1.1105195,0.18819290399551392,0.6776447296142578,0.2929585874080658
YDR224C,YCR092C,0,1.1104131,0.18814076483249664,0.6776447296142578,0.2930586040019989
YDR358W,YIR023W,0,1.1103762,0.18808864057064056,0.6776447296142578,0.293158620595932
YBR087W,YOR151C,0,1.1093658,0.18803656101226807,0.6776447296142578,0.2932586371898651
YML106W,YLR008C,0,1.108161,0.18798449635505676,0.6776447296142578,0.2933586835861206
YAR015W,YDR052C,0,1.1077739,0.18793246150016785,0.6776447296142578,0.2934587001800537
YDR435C,YGR001C,1,1.1075879,0.18815717101097107,0.6786426901817322,0.2934587001800537
YIL093C,YML009C,0,1.1073421,0.18810512125492096,0.6786426901817322,0.2935587167739868
YNL207W,YOR374W,0,1.1072159,0.18805310130119324,0.6786426901817322,0.2936587333679199
YMR056C,YGR295C,0,1.1069891,0.1880011111497879,0.6786426901817322,0.293758749961853
YLR373C,YJR058C,0,1.1067623,0.18794913589954376,0.6786426901817322,0.29385876655578613
YKL155C,YGR157W,1,1.1065522,0.18817353248596191,0.6796407103538513,0.29385876655578613
YLR008C,YBL106C,0,1.1064551,0.18812154233455658,0.6796407103538513,0.29395878314971924
YLR142W,YBR198C,0,1.1058828,0.18806959688663483,0.6796407103538513,0.29405879974365234
YJR098C,YER061C,0,1.1052965,0.18801766633987427,0.6796407103538513,0.29415884613990784
YNL322C,YHR081W,0,1.1049273,0.1879657804965973,0.6796407103538513,0.29425886273384094
YER114C,YIL113W,0,1.1047562,0.1879139095544815,0.6796407103538513,0.29435887932777405
YNL015W,YDR400W,0,1.1046981,0.1878620684146881,0.6796407103538513,0.29445889592170715
YOR384W,YDL060W,0,1.1042876,0.1878102570772171,0.6796407103538513,0.29455891251564026
YNL210W,YLR357W,0,1.1040655,0.18775847554206848,0.6796407103538513,0.29465892910957336
YML014W,YDL200C,1,1.1040615,0.18798236548900604,0.6806387305259705,0.29465892910957336
YGL135W,YJL198W,0,1.1035308,0.18793055415153503,0.6806387305259705,0.29475894570350647
YPR063C,YPL033C,0,1.1034083,0.1878787875175476,0.6806387305259705,0.2948589622974396
YHR067W,YOR269W,0,1.1026024,0.18782705068588257,0.6806387305259705,0.2949589788913727
YDL033C,YML070W,0,1.10237,0.18777532875537872,0.6806387305259705,0.2950590252876282
YOL127W,YDR390C,0,1.10224,0.18772365152835846,0.6806387305259705,0.2951590418815613
YMR139W,YMR256C,0,1.1021849,0.1876719892024994,0.6806387305259705,0.2952590584754944
YDR536W,YJL048C,0,1.1021578,0.1876203566789627,0.6806387305259705,0.2953590750694275
YOR143C,YPL202C,0,1.1011571,0.1875687539577484,0.6806387305259705,0.2954590916633606
YDL137W,YLR318W,0,1.1010772,0.1875171810388565,0.6806387305259705,0.2955591082572937
YDR107C,YPL031C,0,1.1006541,0.187465637922287,0.6806387305259705,0.2956591248512268
YJL198W,YAL020C,0,1.1006012,0.18741412460803986,0.6806387305259705,0.2957591414451599
YER027C,YPR019W,0,1.1001415,0.1873626410961151,0.6806387305259705,0.295859158039093
YIL145C,YPR108W,0,1.1001109,0.18731117248535156,0.6806387305259705,0.2959592044353485
YPR098C,YER053C,0,1.099985,0.1872597485780716,0.6806387305259705,0.2960592210292816
YIL072W,YJL101C,0,1.0997298,0.18720833957195282,0.6806387305259705,0.2961592376232147
YHR031C,YDR313C,0,1.099567,0.18715697526931763,0.6806387305259705,0.2962592542171478
YDR198C,YDL200C,1,1.0991462,0.18737997114658356,0.6816367506980896,0.2962592542171478
YIL150C,YER161C,0,1.0991235,0.18732857704162598,0.6816367506980896,0.29635927081108093
YMR297W,YLR201C,0,1.0986534,0.18727721273899078,0.6816367506980896,0.29645928740501404
YML012W,YDL192W,0,1.0986191,0.18722587823867798,0.6816367506980896,0.29655930399894714
YJR135C,YOL125W,0,1.098594,0.18717457354068756,0.6816367506980896,0.29665932059288025
YDL007W,YKR030W,0,1.0984958,0.18712328374385834,0.6816367506980896,0.29675933718681335
YIL111W,YOR067C,0,1.0981334,0.1870720386505127,0.6816367506980896,0.29685938358306885
YNR050C,YER173W,0,1.098118,0.18702080845832825,0.6816367506980896,0.29695940017700195
YNR027W,YDR524C,0,1.0967268,0.1869696080684662,0.6816367506980896,0.29705941677093506
YPL095C,YJL121C,0,1.0962873,0.1869184523820877,0.6816367506980896,0.29715943336486816
YCR040W,YDR115W,0,1.0961598,0.18686731159687042,0.6816367506980896,0.29725944995880127
YGR026W,YDL110C,0,1.0961548,0.18681618571281433,0.6816367506980896,0.2973594665527344
YNL206C,YFL039C,0,1.0959445,0.18676510453224182,0.6816367506980896,0.2974594831466675
YDL136W,YIR006C,0,1.0953068,0.1867140531539917,0.6816367506980896,0.2975594997406006
YPL095C,YOL140W,0,1.0947677,0.18666301667690277,0.6816367506980896,0.2976595461368561
YJL048C,YPL048W,0,1.0947641,0.18661202490329742,0.6816367506980896,0.2977595627307892
YMR247C,YHR186C,0,1.0946566,0.18656104803085327,0.6816367506980896,0.2978595793247223
YJL157C,YJL072C,0,1.0946352,0.1865101009607315,0.6816367506980896,0.2979595959186554
YPL121C,YPL143W,0,1.0944395,0.18645918369293213,0.6816367506980896,0.2980596125125885
YPL194W,YDR115W,0,1.0944101,0.18640829622745514,0.6816367506980896,0.2981596291065216
YFR032C-A,YBR291C,0,1.0944079,0.18635743856430054,0.6816367506980896,0.2982596457004547
YDR510W,YHR099W,0,1.0938065,0.18630659580230713,0.6816367506980896,0.2983596622943878
YIL074C,YOR151C,0,1.093799,0.1862557977437973,0.6816367506980896,0.2984596788883209
YLR127C,YBL023C,0,1.0937763,0.18620501458644867,0.6816367506980896,0.2985597252845764
YDL120W,YML063W,0,1.0934047,0.18615426123142242,0.6816367506980896,0.2986597418785095
YGL173C,YNL129W,0,1.0933601,0.18610353767871857,0.6816367506980896,0.2987597584724426
YDR265W,YPR184W,0,1.0932683,0.1860528439283371,0.6816367506980896,0.29885977506637573
YNL185C,YLL038C,0,1.0925242,0.18600217998027802,0.6816367506980896,0.29895979166030884
YEL017C-A,YKL021C,0,1.0922989,0.18595153093338013,0.6816367506980896,0.29905980825424194
YDR033W,YCL050C,0,1.0921048,0.18590092658996582,0.6816367506980896,0.29915982484817505
YDL164C,YLR134W,0,1.0917236,0.1858503371477127,0.6816367506980896,0.29925984144210815
YNR043W,YEL061C,0,1.0914265,0.18579977750778198,0.6816367506980896,0.29935985803604126
YJL106W,YFR007W,0,1.0908276,0.18574924767017365,0.6816367506980896,0.29945990443229675
YFR037C,YDR236C,0,1.0905019,0.1856987476348877,0.6816367506980896,0.29955992102622986
YPL273W,YPL017C,1,1.0899906,0.1859200894832611,0.682634711265564,0.29955992102622986
YKL004W,YEL054C,0,1.0899559,0.18586955964565277,0.682634711265564,0.29965993762016296
YLR192C,YPL060W,0,1.0883224,0.18581907451152802,0.682634711265564,0.29975995421409607
YLR170C,YLR276C,0,1.0878772,0.18576860427856445,0.682634711265564,0.2998599708080292
YIL093C,YER070W,0,1.0875405,0.18571816384792328,0.682634711265564,0.2999599874019623
YOR037W,YHR064C,0,1.0863858,0.1856677532196045,0.682634711265564,0.3000600039958954
YDR093W,YDL095W,0,1.0855582,0.1856173723936081,0.682634711265564,0.3001600205898285
YDR447C,YDR077W,0,1.0851827,0.1855670064687729,0.682634711265564,0.3002600371837616
YLR364W,YBR207W,0,1.0845932,0.18551668524742126,0.682634711265564,0.3003600835800171
YHR143W,YLR120C,0,1.0842832,0.18546637892723083,0.682634711265564,0.3004601001739502
YDL136W,YOR257W,0,1.0842639,0.1854161024093628,0.682634711265564,0.3005601167678833
YOR066W,YDR032C,0,1.0839999,0.18536585569381714,0.682634711265564,0.3006601333618164
YJR065C,YEL015W,0,1.0837771,0.18531563878059387,0.682634711265564,0.3007601499557495
YLR204W,YHR010W,0,1.0836681,0.1852654367685318,0.682634711265564,0.3008601665496826
YBR264C,YER044C,0,1.0833832,0.1852152794599533,0.682634711265564,0.3009601831436157
YPL019C,YAL012W,0,1.0831306,0.185165137052536,0.682634711265564,0.30106019973754883
YER091C,YHR129C,0,1.0826548,0.1851150244474411,0.682634711265564,0.3011602461338043
YPL028W,YBL010C,0,1.0813712,0.18506494164466858,0.682634711265564,0.3012602627277374
YIL072W,YLR186W,0,1.0809509,0.18501487374305725,0.682634711265564,0.30136027932167053
YDR242W,YDR507C,0,1.0807333,0.1849648505449295,0.682634711265564,0.30146029591560364
YER099C,YDR253C,0,1.0805316,0.18491484224796295,0.682634711265564,0.30156031250953674
YBR050C,YLR265C,0,1.0805202,0.1848648637533188,0.682634711265564,0.30166032910346985
YDL085W,YDR529C,0,1.0800927,0.184814915060997,0.682634711265564,0.30176034569740295
YMR224C,YDR368W,0,1.0795635,0.18476499617099762,0.682634711265564,0.30186036229133606
YPL148C,YML095C,0,1.0792333,0.18471509218215942,0.682634711265564,0.30196037888526917
YMR188C,YFR005C,0,1.0784792,0.1846652328968048,0.682634711265564,0.30206042528152466
YFR006W,YBR035C,0,1.0784642,0.1846153885126114,0.682634711265564,0.30216044187545776
YKL056C,YAL025C,0,1.0782799,0.18456557393074036,0.682634711265564,0.30226045846939087
YKL135C,YML125C,0,1.0775714,0.18451577425003052,0.682634711265564,0.302360475063324
YLR192C,YOR092W,0,1.0774531,0.18446601927280426,0.682634711265564,0.3024604916572571
YDR265W,YAR019C,0,1.0773878,0.1844162791967392,0.682634711265564,0.3025605082511902
YNL092W,YNL063W,1,1.0773603,0.18463611602783203,0.6836327314376831,0.3025605082511902
YOR356W,YHR184W,0,1.0770268,0.18458636105060577,0.6836327314376831,0.3026605248451233
YCR098C,YHL004W,0,1.0770261,0.1845366358757019,0.6836327314376831,0.3027605414390564
YGL035C,YPL026C,0,1.0759255,0.18448694050312042,0.6836327314376831,0.3028605580329895
YFL041W,YEL061C,0,1.0759181,0.18443726003170013,0.6836327314376831,0.302960604429245
YDL229W,YOL072W,0,1.0756992,0.18438762426376343,0.6836327314376831,0.3030606210231781
YMR256C,YLR318W,0,1.0755466,0.18433800339698792,0.6836327314376831,0.3031606376171112
YBR024W,YLR176C,0,1.0754384,0.1842883974313736,0.6836327314376831,0.3032606542110443
YNL039W,YGR234W,0,1.0746446,0.18423883616924286,0.6836327314376831,0.3033606708049774
YKL100C,YER180C,0,1.0744371,0.1841893047094345,0.6836327314376831,0.3034606873989105
YJL165C,YNL292W,0,1.0742708,0.18413978815078735,0.6836327314376831,0.30356070399284363
YLR172C,YJR126C,0,1.073995,0.18409030139446259,0.6836327314376831,0.30366072058677673
YNL310C,YHR036W,0,1.0738212,0.1840408444404602,0.6836327314376831,0.3037607669830322
YMR224C,YBR297W,0,1.0736064,0.18399140238761902,0.6836327314376831,0.30386078357696533
YCR077C,YGL155W,0,1.0733994,0.1839420050382614,0.6836327314376831,0.30396080017089844
YER087C-A,YNL185C,0,1.0732018,0.183892622590065,0.6836327314376831,0.30406081676483154
YLR048W,YEL061C,0,1.073179,0.18384326994419098,0.6836327314376831,0.30416083335876465
YBL060W,YOL056W,0,1.0729451,0.18379393219947815,0.6836327314376831,0.30426084995269775
YBR022W,YLR078C,0,1.0728173,0.1837446391582489,0.6836327314376831,0.30436086654663086
YDR279W,YBL061C,0,1.0722438,0.18369536101818085,0.6836327314376831,0.30446088314056396
YAL020C,YNL151C,0,1.0719789,0.18364611268043518,0.6836327314376831,0.30456089973449707
YDR242W,YGL120C,0,1.0706674,0.1835968941450119,0.6836327314376831,0.30466094613075256
YGR047C,YDR031W,0,1.0702161,0.18354769051074982,0.6836327314376831,0.30476096272468567
YIL093C,YLR079W,0,1.0701671,0.1834985315799713,0.6836327314376831,0.3048609793186188
YOR120W,YBR231C,0,1.0694457,0.183449387550354,0.6836327314376831,0.3049609959125519
YMR314W,YDR534C,0,1.0687186,0.18340027332305908,0.6836327314376831,0.305061012506485
YER161C,YDR077W,0,1.0681688,0.18335117399692535,0.6836327314376831,0.3051610291004181
YDR257C,YHR119W,1,1.0681078,0.18356971442699432,0.6846307516098022,0.3051610291004181
YGL205W,YER161C,0,1.0678586,0.1835206001996994,0.6846307516098022,0.3052610456943512
YPL157W,YPL030W,1,1.0672618,0.18373896181583405,0.6856287717819214,0.3052610456943512
YEL021W,YIL115C,0,1.0664471,0.18368983268737793,0.6856287717819214,0.3053610622882843
YMR042W,YPR041W,0,1.0663617,0.1836407333612442,0.6856287717819214,0.3054610788822174
YOR047C,YAL003W,0,1.0659456,0.18359166383743286,0.6856287717819214,0.3055611252784729
YAL013W,YER112W,0,1.0654043,0.18354260921478271,0.6856287717819214,0.305661141872406
YKL018W,YDR408C,1,1.0652928,0.18376068770885468,0.6866267323493958,0.305661141872406
YJL033W,YKR090W,0,1.0652219,0.18371161818504333,0.6866267323493958,0.3057611584663391
YNL293W,YKR062W,0,1.0647429,0.18366257846355438,0.6866267323493958,0.3058611750602722
YBR175W,YBR207W,0,1.0645849,0.18361355364322662,0.6866267323493958,0.3059611916542053
YCR092C,YNR041C,0,1.0643865,0.18356457352638245,0.6866267323493958,0.3060612082481384
YLR204W,YJL164C,0,1.0640424,0.18351560831069946,0.6866267323493958,0.30616122484207153
YBR164C,YMR165C,0,1.0631164,0.18346667289733887,0.6866267323493958,0.30626124143600464
YOR288C,YGL227W,0,1.0630612,0.18341775238513947,0.6866267323493958,0.30636125802993774
YML125C,YJR155W,0,1.0628178,0.18336887657642365,0.6866267323493958,0.30646130442619324
YNR027W,YMR036C,0,1.0622731,0.18332001566886902,0.6866267323493958,0.30656132102012634
YMR130W,YJL121C,0,1.062041,0.18327118456363678,0.6866267323493958,0.30666133761405945
YDL210W,YPR102C,0,1.0619457,0.18322236835956573,0.6866267323493958,0.30676135420799255
YMR188C,YGR262C,0,1.061294,0.18317358195781708,0.6866267323493958,0.30686137080192566
YIL039W,YHR186C,0,1.060393,0.183124840259552,0.6866267323493958,0.30696138739585876
YJL108C,YFL044C,0,1.0600141,0.18307609856128693,0.6866267323493958,0.30706140398979187
YHR206W,YPL204W,0,1.0599152,0.18302740156650543,0.6866267323493958,0.307161420583725
YER070W,YHR184W,0,1.0595843,0.18297871947288513,0.6866267323493958,0.30726146697998047
YDL164C,YDR456W,0,1.059558,0.18293006718158722,0.6866267323493958,0.3073614835739136
YHL032C,YGR154C,0,1.0594689,0.1828814446926117,0.6866267323493958,0.3074615001678467
YBL103C,YJL164C,0,1.0593454,0.18283285200595856,0.6866267323493958,0.3075615167617798
YGL119W,YKL116C,0,1.0593008,0.1827842742204666,0.6866267323493958,0.3076615333557129
YCL063W,YHL004W,0,1.0591108,0.18273572623729706,0.6866267323493958,0.307761549949646
YBL075C,YML063W,0,1.0587982,0.1826872080564499,0.6866267323493958,0.3078615665435791
YJL168C,YGL192W,1,1.0587558,0.1829041689634323,0.6876247525215149,0.3078615665435791
YGL253W,YKR048C,0,1.058386,0.18285562098026276,0.6876247525215149,0.3079615831375122
YMR139W,YOR337W,0,1.058116,0.18280711770057678,0.6876247525215149,0.3080615997314453
YPL091W,YPL019C,0,1.0581056,0.1827586144208908,0.6876247525215149,0.3081616461277008
YIL072W,YNR040W,0,1.0580887,0.18271015584468842,0.6876247525215149,0.3082616627216339
YOR096W,YHR089C,0,1.0571722,0.18266171216964722,0.6876247525215149,0.308361679315567
YNL129W,YDR483W,0,1.0570598,0.1826132982969284,0.6876247525215149,0.3084616959095001
YLR015W,YOR074C,1,1.0569679,0.18282988667488098,0.688622772693634,0.3084616959095001
YKR038C,YDR320C,0,1.0567356,0.18278145790100098,0.688622772693634,0.3085617125034332
YLR032W,YHR044C,0,1.0566977,0.18273304402828217,0.688622772693634,0.30866172909736633
YJR015W,YDR297W,0,1.056553,0.18268467485904694,0.688622772693634,0.30876174569129944
YLL050C,YLR357W,0,1.0564578,0.1826363205909729,0.688622772693634,0.30886176228523254
YDR479C,YDR093W,0,1.0563813,0.18258798122406006,0.688622772693634,0.30896177887916565
YBL064C,YDR088C,0,1.0557361,0.1825396865606308,0.688622772693634,0.30906182527542114
YNL146W,YLR357W,0,1.055673,0.18249140679836273,0.688622772693634,0.30916184186935425
YGR029W,YBR289W,0,1.0549833,0.18244315683841705,0.688622772693634,0.30926185846328735
YDL231C,YOR046C,0,1.0544316,0.18239492177963257,0.688622772693634,0.30936187505722046
YHR215W,YOL077C,0,1.0544292,0.18234671652317047,0.688622772693634,0.30946189165115356
YFR008W,YBL090W,0,1.0543946,0.18229854106903076,0.688622772693634,0.30956190824508667
YJL157C,YPL214C,0,1.0540656,0.18225039541721344,0.688622772693634,0.3096619248390198
YMR235C,YBL054W,0,1.054061,0.1822022646665573,0.688622772693634,0.3097619414329529
YGR124W,YLR357W,0,1.0538439,0.18215416371822357,0.688622772693634,0.309861958026886
YCL059C,YPR031W,0,1.053466,0.18210609257221222,0.688622772693634,0.3099620044231415
YER056C-A,YCR053W,0,1.0533749,0.18205805122852325,0.688622772693634,0.3100620210170746
YAL023C,YLR237W,0,1.0530483,0.18201002478599548,0.688622772693634,0.3101620376110077
YLL062C,YMR228W,1,1.0529352,0.18222573399543762,0.6896207332611084,0.3101620376110077
YBR040W,YML087C,0,1.0528669,0.18217769265174866,0.6896207332611084,0.3102620542049408
YPL138C,YDR316W,1,1.0526147,0.18239325284957886,0.6906187534332275,0.3102620542049408
YOR228C,YOR386W,0,1.0525744,0.1823451966047287,0.6906187534332275,0.3103620707988739
YGL222C,YDR368W,0,1.0523851,0.18229715526103973,0.6906187534332275,0.310462087392807
YDR236C,YGR154C,0,1.051776,0.18224914371967316,0.6906187534332275,0.3105621039867401
YPL177C,YGR123C,0,1.0516837,0.18220116198062897,0.6906187534332275,0.3106621205806732
YLR015W,YNR046W,1,1.0516244,0.1824164241552353,0.6916167736053467,0.3106621205806732
YCL031C,YPL048W,0,1.0509669,0.1823684275150299,0.6916167736053467,0.3107621669769287
YDR107C,YGR292W,0,1.0506884,0.18232044577598572,0.6916167736053467,0.3108621835708618
YMR130W,YDR169C,0,1.0501522,0.18227249383926392,0.6916167736053467,0.3109622001647949
YLR106C,YBR030W,0,1.0494846,0.1822245568037033,0.6916167736053467,0.311062216758728
YJR094W-A,YPR156C,0,1.0488533,0.1821766495704651,0.6916167736053467,0.31116223335266113
YDR329C,YOR391C,0,1.0486615,0.18212877213954926,0.6916167736053467,0.31126224994659424
YJL168C,YGR157W,1,1.0483849,0.18234366178512573,0.6926147937774658,0.31126224994659424
YHL032C,YHR186C,0,1.04683,0.1822957694530487,0.6926147937774658,0.31136226654052734
YDL043C,YCR040W,0,1.0466627,0.18224789202213287,0.6926147937774658,0.31146228313446045
YDR121W,YOL147C,0,1.0463238,0.18220005929470062,0.6926147937774658,0.31156229972839355
YGR263C,YGR001C,0,1.0462675,0.18215222656726837,0.6926147937774658,0.31166234612464905
YBL024W,YLR221C,0,1.0452663,0.1821044385433197,0.6926147937774658,0.31176236271858215
YGL141W,YOR306C,0,1.0451103,0.18205666542053223,0.6926147937774658,0.31186237931251526
YBR261C,YOL141W,1,1.0450112,0.18227118253707886,0.6936127543449402,0.31186237931251526
YGL168W,YLR403W,0,1.0450076,0.1822233945131302,0.6936127543449402,0.31196239590644836
YDR347W,YHR215W,0,1.0447563,0.1821756213903427,0.6936127543449402,0.31206241250038147
YIR037W,YBR213W,0,1.0447135,0.18212787806987762,0.6936127543449402,0.3121624290943146
YKL135C,YHR070W,0,1.0446122,0.18208016455173492,0.6936127543449402,0.3122624456882477
YOR151C,YAR007C,0,1.0446101,0.1820324808359146,0.6936127543449402,0.3123624622821808
YLR127C,YHR036W,0,1.0445422,0.1819848120212555,0.6936127543449402,0.3124624788761139
YKL173W,YGL205W,0,1.0433394,0.18193717300891876,0.6936127543449402,0.3125625252723694
YOR315W,YLR306W,0,1.0420943,0.18188956379890442,0.6936127543449402,0.3126625418663025
YIL070C,YOR391C,0,1.0418378,0.18184196949005127,0.6936127543449402,0.3127625584602356
YLL050C,YOR270C,0,1.0405066,0.1817944049835205,0.6936127543449402,0.3128625750541687
YNR070W,YJL025W,0,1.0395862,0.18174685537815094,0.6936127543449402,0.3129625916481018
YHR160C,YBL020W,0,1.038817,0.18169935047626495,0.6936127543449402,0.3130626082420349
YIL111W,YPR028W,0,1.0387573,0.18165186047554016,0.6936127543449402,0.313162624835968
YIR012W,YPL159C,0,1.0385755,0.18160438537597656,0.6936127543449402,0.3132626414299011
YJL041W,YHR010W,0,1.0381719,0.18155695497989655,0.6936127543449402,0.31336265802383423
YJL136C,YDL146W,0,1.0377743,0.18150953948497772,0.6936127543449402,0.3134627044200897
YER147C,YKR097W,0,1.0369731,0.1814621388912201,0.6936127543449402,0.3135627210140228
YJL219W,YOR228C,0,1.0358665,0.18141476809978485,0.6936127543449402,0.31366273760795593
YOR257W,YCR040W,0,1.0357529,0.181367427110672,0.6936127543449402,0.31376275420188904
YOL093W,YDR316W,1,1.0357333,0.18158100545406342,0.6946107745170593,0.31376275420188904
YNL210W,YNL185C,0,1.0341511,0.18153364956378937,0.6946107745170593,0.31386277079582214
YDL033C,YBR097W,0,1.034069,0.1814863085746765,0.6946107745170593,0.31396278738975525
YJL219W,YOR057W,0,1.0334011,0.18143899738788605,0.6946107745170593,0.31406280398368835
YFR015C,YJR058C,0,1.0330116,0.18139171600341797,0.6946107745170593,0.31416282057762146
YBR156C,YDL019C,0,1.033007,0.18134444952011108,0.6946107745170593,0.31426286697387695
YGL213C,YDR014W,0,1.0328618,0.1812972128391266,0.6946107745170593,0.31436288356781006
YKL218C,YCR010C,0,1.0328308,0.18125000596046448,0.6946107745170593,0.31446290016174316
YOL071W,YBR160W,0,1.0324091,0.18120281398296356,0.6946107745170593,0.31456291675567627
YDL231C,YBR105C,0,1.0323093,0.18115565180778503,0.6946107745170593,0.3146629333496094
YGR054W,YFR006W,0,1.0319169,0.1811085045337677,0.6946107745170593,0.3147629499435425
YDR248C,YOR182C,0,1.031742,0.18106138706207275,0.6946107745170593,0.3148629665374756
YCR077C,YBR283C,0,1.0315413,0.1810142993927002,0.6946107745170593,0.3149629831314087
YPR063C,YLR286C,0,1.0313944,0.18096724152565002,0.6946107745170593,0.3150629997253418
YHL040C,YOL156W,0,1.0311915,0.18092019855976105,0.6946107745170593,0.3151630461215973
YLR238W,YJL158C,0,1.0311664,0.18087318539619446,0.6946107745170593,0.3152630627155304
YBL060W,YLR010C,0,1.031131,0.18082618713378906,0.6946107745170593,0.3153630793094635
YGR274C,YPR184W,0,1.0310559,0.18077921867370605,0.6946107745170593,0.3154630959033966
YBR123C,YNL322C,0,1.030131,0.18073228001594543,0.6946107745170593,0.3155631124973297
YNR043W,YIR009W,0,1.0295082,0.180685356259346,0.6946107745170593,0.3156631290912628
YGR088W,YJR029W,0,1.0293612,0.18063846230506897,0.6946107745170593,0.3157631456851959
YOR257W,YBR048W,0,1.0290681,0.18059159815311432,0.6946107745170593,0.31586316227912903
YHR172W,YJL164C,0,1.0285438,0.18054474890232086,0.6946107745170593,0.31596317887306213
YDR495C,YMR211W,0,1.0282007,0.1804979294538498,0.6946107745170593,0.3160632252693176
YBR105C,YLR010C,0,1.0262271,0.18045112490653992,0.6946107745170593,0.31616324186325073
YDL229W,YGL084C,0,1.0262206,0.18040435016155243,0.6946107745170593,0.31626325845718384
YPR108W,YGR014W,0,1.0261649,0.18035760521888733,0.6946107745170593,0.31636327505111694
YDR481C,YNL292W,0,1.026163,0.18031087517738342,0.6946107745170593,0.31646329164505005
YML054C,YCL069W,0,1.0259039,0.1802641749382019,0.6946107745170593,0.31656330823898315
YDL069C,YMR150C,0,1.0258363,0.18021750450134277,0.6946107745170593,0.31666332483291626
YJR143C,YBR299W,0,1.0254786,0.18017084896564484,0.6946107745170593,0.31676334142684937
YDR347W,YER161C,0,1.0247402,0.1801242232322693,0.6946107745170593,0.31686335802078247
YNL185C,YJR068W,0,1.0244793,0.18007761240005493,0.6946107745170593,0.31696340441703796
YIL004C,YNL227C,0,1.0244708,0.18003104627132416,0.6946107745170593,0.31706342101097107
YGL021W,YDR322W,0,1.023903,0.17998448014259338,0.6946107745170593,0.3171634376049042
YDR253C,YIL111W,0,1.0238999,0.1799379587173462,0.6946107745170593,0.3172634541988373
YAL020C,YMR208W,0,1.0232645,0.1798914521932602,0.6946107745170593,0.3173634707927704
YJR121W,YBL023C,0,1.0230924,0.1798449605703354,0.6946107745170593,0.3174634873867035
YMR221C,YBR241C,0,1.0226908,0.17979849874973297,0.6946107745170593,0.3175635039806366
YGL090W,YLR186W,0,1.0225297,0.17975206673145294,0.6946107745170593,0.3176635205745697
YDR531W,YDR283C,0,1.0222863,0.1797056496143341,0.6946107745170593,0.3177635669708252
YBR024W,YPL095C,0,1.0215764,0.17965926229953766,0.6946107745170593,0.3178635835647583
YDL136W,YER147C,0,1.0214558,0.1796129047870636,0.6946107745170593,0.3179636001586914
YMR307W,YMR037C,0,1.0207446,0.17956656217575073,0.6946107745170593,0.3180636167526245
YNL330C,YNL268W,0,1.0201734,0.17952024936676025,0.6946107745170593,0.3181636333465576
YHR092C,YCR047C,0,1.0198603,0.17947395145893097,0.6946107745170593,0.3182636499404907
YCL063W,YDR047W,0,1.0191842,0.17942768335342407,0.6946107745170593,0.31836366653442383
YAR003W,YML110C,1,1.0189849,0.17963917553424835,0.6956087946891785,0.31836366653442383
YLR414C,YPR118W,0,1.0189242,0.17959289252758026,0.6956087946891785,0.31846368312835693
YJL056C,YHR099W,0,1.0188996,0.17954662442207336,0.6956087946891785,0.31856369972229004
YNL128W,YHR011W,0,1.0187745,0.17950038611888885,0.6956087946891785,0.31866374611854553
YJR158W,YBL023C,0,1.0186151,0.17945417761802673,0.6956087946891785,0.31876376271247864
YPR073C,YDL082W,0,1.0180274,0.1794079840183258,0.6956087946891785,0.31886377930641174
YKL135C,YGR037C,0,1.0177451,0.17936180531978607,0.6956087946891785,0.31896379590034485
YNL301C,YOL072W,0,1.0172615,0.17931567132472992,0.6956087946891785,0.31906381249427795
YFR006W,YMR150C,0,1.0171939,0.17926955223083496,0.6956087946891785,0.31916382908821106
YLR459W,YDR279W,0,1.0170547,0.1792234480381012,0.6956087946891785,0.31926384568214417
YNL227C,YDL008W,0,1.0169095,0.17917737364768982,0.6956087946891785,0.31936386227607727
YPL144W,YHR171W,0,1.016614,0.17913132905960083,0.6956087946891785,0.3194638788700104
YNL242W,YDL204W,0,1.0158299,0.17908529937267303,0.6956087946891785,0.31956392526626587
YMR086W,YDR118W,0,1.0157732,0.17903929948806763,0.6956087946891785,0.319663941860199
YBL064C,YOR044W,0,1.0155787,0.1789933294057846,0.6956087946891785,0.3197639584541321
YDR052C,YHL004W,0,1.0152371,0.17894737422466278,0.6956087946891785,0.3198639750480652
YNL128W,YDR139C,0,1.0148556,0.17890143394470215,0.6956087946891785,0.3199639916419983
YOL133W,YOL103W,0,1.0144219,0.1788555234670639,0.6956087946891785,0.3200640082359314
YMR094W,YBR160W,0,1.0142418,0.17880964279174805,0.6956087946891785,0.3201640248298645
YOR076C,YDR487C,0,1.0140508,0.17876379191875458,0.6956087946891785,0.3202640414237976
YDR523C,YDR510W,0,1.0139169,0.1787179559469223,0.6956087946891785,0.3203640580177307
YGL192W,YAR003W,1,1.0129793,0.17892847955226898,0.6966068148612976,0.3203640580177307
YNL322C,YBR105C,0,1.0128146,0.1788826286792755,0.6966068148612976,0.3204641044139862
YCR081W,YGR262C,0,1.0125009,0.17883679270744324,0.6966068148612976,0.3205641210079193
YLR098C,YBR175W,0,1.0121208,0.17879098653793335,0.6966068148612976,0.3206641376018524
YLL050C,YBR122C,0,1.0121132,0.17874519526958466,0.6966068148612976,0.3207641541957855
YJR068W,YML009C,0,1.0120164,0.17869943380355835,0.6966068148612976,0.32086417078971863
YGL185C,YBL010C,0,1.0116102,0.17865370213985443,0.6966068148612976,0.32096418738365173
YHR143W,YNR070W,0,1.0114723,0.1786079853773117,0.6966068148612976,0.32106420397758484
YML012W,YDR117C,0,1.0114385,0.17856229841709137,0.6966068148612976,0.32116422057151794
YCL055W,YBL090W,0,1.0109959,0.17851662635803223,0.6966068148612976,0.32126426696777344
YML070W,YOR067C,0,1.0109268,0.17847098410129547,0.6966068148612976,0.32136428356170654
YDR118W,YPL095C,0,1.0106943,0.1784253567457199,0.6966068148612976,0.32146430015563965
YGR188C,YBR122C,0,1.0106112,0.17837975919246674,0.6966068148612976,0.32156431674957275
YMR036C,YBL074C,0,1.0102029,0.17833419144153595,0.6966068148612976,0.32166433334350586
YIL172C,YDR130C,0,1.0099664,0.17828863859176636,0.6966068148612976,0.32176434993743896
YPL208W,YDL112W,1,1.0097479,0.17849846184253693,0.697604775428772,0.32176434993743896
YKR069W,YHR209W,1,1.0097336,0.17870819568634033,0.6986027956008911,0.32176434993743896
YKL004W,YIL072W,0,1.0086459,0.17866258323192596,0.6986027956008911,0.32186436653137207
YDR466W,YHR067W,0,1.0081681,0.17861700057983398,0.6986027956008911,0.3219643831253052
YHR181W,YOR044W,0,1.0081503,0.1785714328289032,0.6986027956008911,0.3220643997192383
YMR298W,YGR076C,0,1.0078202,0.1785258799791336,0.6986027956008911,0.3221644461154938
YDL067C,YJR068W,0,1.0073715,0.1784803718328476,0.6986027956008911,0.3222644627094269
YLR433C,YJL109C,0,1.0070487,0.17843487858772278,0.6986027956008911,0.32236447930336
YBL088C,YDR313C,0,1.006126,0.17838940024375916,0.6986027956008911,0.3224644958972931
YHR206W,YPL060W,0,1.0060042,0.17834395170211792,0.6986027956008911,0.3225645124912262
YNL206C,YLR221C,0,1.005869,0.17829851806163788,0.6986027956008911,0.3226645290851593
YJR160C,YLR074C,0,1.0055412,0.17825311422348022,0.6986027956008911,0.3227645456790924
YJL168C,YDL200C,1,1.0054708,0.17846232652664185,0.6996008157730103,0.3227645456790924
YHR028C,YPL143W,0,1.0052168,0.1784168928861618,0.6996008157730103,0.3228645622730255
YKR069W,YDR408C,1,1.0049797,0.1786259561777115,0.7005987763404846,0.3228645622730255
YDR242W,YNL301C,0,1.0047044,0.17858050763607025,0.7005987763404846,0.3229645788669586
YNL024C,YLR285W,1,1.0046903,0.178789421916008,0.7015967965126038,0.3229645788669586
YML124C,YPR102C,0,1.0046595,0.17874395847320557,0.7015967965126038,0.3230646252632141
YDR140W,YDR408C,1,1.0045028,0.17895272374153137,0.7025948166847229,0.3230646252632141
YGR263C,YOL103W,0,1.0041598,0.17890724539756775,0.7025948166847229,0.3231646418571472
YDL164C,YPL103C,0,1.0040163,0.17886178195476532,0.7025948166847229,0.3232646584510803
YGR001C,YDR410C,1,1.0039251,0.1790703535079956,0.703592836856842,0.3232646584510803
YML042W,YLR441C,0,1.0038626,0.17902489006519318,0.703592836856842,0.3233646750450134
YGL213C,YER056C-A,0,1.0035709,0.17897944152355194,0.703592836856842,0.32346469163894653
YNL092W,YDR140W,1,1.0029664,0.1791878193616867,0.7045907974243164,0.32346469163894653
YNL162W,YPL068C,0,1.0028976,0.17914235591888428,0.7045907974243164,0.32356470823287964
YMR316W,YIL078W,0,1.002019,0.17909690737724304,0.7045907974243164,0.32366472482681274
YHR076W,YIL004C,0,1.0015079,0.1790514886379242,0.7045907974243164,0.32376474142074585
YJR022W,YPL028W,0,1.0011524,0.17900608479976654,0.7045907974243164,0.32386478781700134
YNR008W,YLR207W,0,1.0006856,0.17896071076393127,0.7045907974243164,0.32396480441093445
YNR061C,YHL004W,0,1.0001124,0.1789153516292572,0.7045907974243164,0.32406482100486755
YJL097W,YER110C,0,0.9999004,0.17887002229690552,0.7045907974243164,0.32416483759880066
YMR128W,YOL018C,0,0.9997218,0.17882472276687622,0.7045907974243164,0.32426485419273376
YCR040W,YBL082C,0,0.9996212,0.17877943813800812,0.7045907974243164,0.32436487078666687
YCR072C,YPR192W,0,0.9992828,0.1787341833114624,0.7045907974243164,0.3244648873806
YDR270W,YML070W,0,0.9991184,0.17868894338607788,0.7045907974243164,0.3245649039745331
YNR040W,YPL048W,0,0.99815875,0.17864371836185455,0.7045907974243164,0.3246649205684662
YOL133W,YPR070W,0,0.9979479,0.1785985380411148,0.7045907974243164,0.3247649669647217
YMR166C,YDL129W,0,0.99777323,0.17855335772037506,0.7045907974243164,0.3248649835586548
YDR347W,YLR098C,0,0.9975596,0.1785082221031189,0.7045907974243164,0.3249650001525879
YDL205C,YPL026C,0,0.99754184,0.17846310138702393,0.7045907974243164,0.325065016746521
YMR017W,YOL140W,0,0.9970811,0.17841799557209015,0.7045907974243164,0.3251650333404541
YKR048C,YDR534C,0,0.99617416,0.17837291955947876,0.7045907974243164,0.3252650499343872
YBR291C,YDR523C,0,0.9960136,0.17832785844802856,0.7045907974243164,0.3253650665283203
YMR128W,YOL140W,0,0.9957569,0.17828282713890076,0.7045907974243164,0.3254650831222534
YLR106C,YGL155W,0,0.9957331,0.17823782563209534,0.7045907974243164,0.3255650997161865
YMR130W,YDR050C,0,0.9954162,0.1781928390264511,0.7045907974243164,0.325665146112442
YDL114W,YEL013W,0,0.9953731,0.17814786732196808,0.7045907974243164,0.3257651627063751
YJL101C,YOR337W,0,0.99533707,0.17810292541980743,0.7045907974243164,0.3258651793003082
YER174C,YLL011W,0,0.99509436,0.17805801331996918,0.7045907974243164,0.32596519589424133
YDL043C,YPL031C,0,0.9947056,0.17801311612129211,0.7045907974243164,0.32606521248817444
YDR044W,YML087C,0,0.9943612,0.17796823382377625,0.7045907974243164,0.32616522908210754
YJR009C,YJL189W,0,0.9938491,0.17792338132858276,0.7045907974243164,0.32626524567604065
YLR419W,YJR126C,0,0.9936555,0.17787855863571167,0.7045907974243164,0.32636526226997375
YDL210W,YMR285C,0,0.9935631,0.17783375084400177,0.7045907974243164,0.32646527886390686
YBR036C,YNL242W,0,0.99351054,0.17778897285461426,0.7045907974243164,0.32656532526016235
YBR036C,YPL059W,0,0.99344546,0.17774420976638794,0.7045907974243164,0.32666534185409546
YDR456W,YGR062C,0,0.9934016,0.177699476480484,0.7045907974243164,0.32676535844802856
YPL121C,YJL090C,0,0.9928673,0.17765475809574127,0.7045907974243164,0.32686537504196167
YKL183W,YPR054W,0,0.9918372,0.17761006951332092,0.7045907974243164,0.3269653916358948
YBR012W-A,YDR117C,0,0.99130994,0.17756539583206177,0.7045907974243164,0.3270654082298279
YFL029C,YGR101W,0,0.99105877,0.1775207370519638,0.7045907974243164,0.327165424823761
YCL055W,YDR116C,0,0.9906594,0.17747612297534943,0.7045907974243164,0.3272654414176941
YGR047C,YHR028C,0,0.99059874,0.17743150889873505,0.7045907974243164,0.3273654878139496
YJR160C,YNL227C,0,0.9903839,0.17738693952560425,0.7045907974243164,0.3274655044078827
YBR123C,YIL124W,0,0.9902349,0.17734237015247345,0.7045907974243164,0.3275655210018158
YEL054C,YOL120C,0,0.9896458,0.17729784548282623,0.7045907974243164,0.3276655375957489
YPL068C,YGR158C,0,0.98919004,0.17725332081317902,0.7045907974243164,0.327765554189682
YMR100W,YGR061C,0,0.98898536,0.17720884084701538,0.7045907974243164,0.3278655707836151
YOR120W,YER106W,0,0.9888925,0.17716436088085175,0.7045907974243164,0.3279655873775482
YGR223C,YGR156W,0,0.9886889,0.1771199256181717,0.7045907974243164,0.3280656039714813
YDR347W,YHR117W,0,0.98868257,0.17707549035549164,0.7045907974243164,0.32816562056541443
YJL153C,YHR136C,0,0.9871593,0.17703109979629517,0.7045907974243164,0.3282656669616699
YJR097W,YLR448W,0,0.9871567,0.1769867092370987,0.7045907974243164,0.328365683555603
YMR088C,YGR071C,0,0.9868093,0.1769423484802246,0.7045907974243164,0.32846570014953613
YJL170C,YBR241C,0,0.9867844,0.1768980175256729,0.7045907974243164,0.32856571674346924
YBR261C,YHR119W,1,0.9865692,0.17710420489311218,0.7055888175964355,0.32856571674346924
YCR098C,YMR165C,0,0.986378,0.1770598590373993,0.7055888175964355,0.32866573333740234
YLR419W,YNR045W,0,0.986306,0.1770155280828476,0.7055888175964355,0.32876574993133545
YOR391C,YHL004W,0,0.98628813,0.1769712120294571,0.7055888175964355,0.32886576652526855
YOR039W,YKR030W,0,0.9858915,0.17692692577838898,0.7055888175964355,0.32896578311920166
YNL191W,YNL268W,0,0.9855285,0.17688266932964325,0.7055888175964355,0.32906579971313477
YDR033W,YJL108C,0,0.98492426,0.17683841288089752,0.7055888175964355,0.32916584610939026
YHR116W,YER140W,0,0.98480946,0.17679420113563538,0.7055888175964355,0.32926586270332336
YLR127C,YGL090W,0,0.98412925,0.17675000429153442,0.7055888175964355,0.32936587929725647
YIL078W,YAL035W,0,0.98370975,0.17670582234859467,0.7055888175964355,0.3294658958911896
YER099C,YBL024W,0,0.9835461,0.1766616702079773,0.7055888175964355,0.3295659124851227
YDR536W,YDR134C,0,0.98319036,0.17661753296852112,0.7055888175964355,0.3296659290790558
YDR118W,YPR031W,0,0.98232085,0.17657342553138733,0.7055888175964355,0.3297659456729889
YDR533C,YMR281W,0,0.9822684,0.17652933299541473,0.7055888175964355,0.329865962266922
YBR237W,YGR292W,0,0.9821051,0.17648527026176453,0.7055888175964355,0.3299659788608551
YMR235C,YGR263C,0,0.9806208,0.1764412224292755,0.7055888175964355,0.3300660252571106
YJR158W,YER147C,0,0.9806014,0.1763972043991089,0.7055888175964355,0.3301660418510437
YOL100W,YEL059C-A,0,0.98054487,0.17635320127010345,0.7055888175964355,0.3302660584449768
YJL170C,YDR060W,0,0.98008066,0.1763092279434204,0.7055888175964355,0.3303660750389099
YJL041W,YIL111W,0,0.9796398,0.17626526951789856,0.7055888175964355,0.330466091632843
YER089C,YPR031W,0,0.9795316,0.1762213408946991,0.7055888175964355,0.3305661082267761
YOL127W,YAL025C,0,0.9790576,0.17617742717266083,0.7055888175964355,0.33066612482070923
YBL013W,YDR316W,1,0.97892314,0.1763826608657837,0.7065868377685547,0.33066612482070923
YOR143C,YHR017W,0,0.9782929,0.17633873224258423,0.7065868377685547,0.33076614141464233
YBL078C,YBR213W,0,0.97827727,0.17629481852054596,0.7065868377685547,0.3308661878108978
YDR329C,YLR459W,0,0.9782409,0.17625093460083008,0.7065868377685547,0.33096620440483093
YLR045C,YNL151C,0,0.9780871,0.1762070655822754,0.7065868377685547,0.33106622099876404
YLR154C,YNR047W,0,0.9778183,0.1761632263660431,0.7065868377685547,0.33116623759269714
YDL200C,YPL103C,0,0.9777929,0.17611940205097198,0.7065868377685547,0.33126625418663025
YOR246C,YLR306W,0,0.97725827,0.17607560753822327,0.7065868377685547,0.33136627078056335
YPL195W,YNL248C,0,0.97720224,0.17603182792663574,0.7065868377685547,0.33146628737449646
YEL061C,YNL268W,0,0.97696835,0.1759880632162094,0.7065868377685547,0.33156630396842957
YDR011W,YGL211W,0,0.97660094,0.17594432830810547,0.7065868377685547,0.33166632056236267
YIL034C,YMR198W,0,0.97642773,0.1759006232023239,0.7065868377685547,0.33176636695861816
YGR234W,YDR507C,0,0.97631055,0.17585693299770355,0.7065868377685547,0.33186638355255127
YCR077C,YOR242C,0,0.97604257,0.17581325769424438,0.7065868377685547,0.3319664001464844
YGL009C,YNR043W,0,0.97575265,0.1757696121931076,0.7065868377685547,0.3320664167404175
YBR041W,YGR241C,0,0.9756982,0.17572598159313202,0.7065868377685547,0.3321664333343506
YER147C,YLL035W,0,0.9751441,0.17568238079547882,0.7065868377685547,0.3322664499282837
YDL095W,YDR483W,0,0.9748948,0.17563879489898682,0.7065868377685547,0.3323664665222168
YDR436W,YGL157W,0,0.9747526,0.1755952388048172,0.7065868377685547,0.3324664831161499
YLR414C,YDR313C,0,0.9746335,0.17555169761180878,0.7065868377685547,0.332566499710083
YNL086W,YPR036W,0,0.9740389,0.17550818622112274,0.7065868377685547,0.3326665461063385
YHL040C,YLR038C,0,0.9737573,0.1754646897315979,0.7065868377685547,0.3327665627002716
YIR006C,YHL016C,0,0.97316724,0.17542120814323425,0.7065868377685547,0.3328665792942047
YML077W,YER053C,0,0.9726835,0.175377756357193,0.7065868377685547,0.3329665958881378
YDR253C,YLR318W,0,0.97244066,0.17533431947231293,0.7065868377685547,0.3330666124820709
YHR140W,YJL025W,0,0.97170264,0.17529091238975525,0.7065868377685547,0.33316662907600403
YMR287C,YDR288W,0,0.97161573,0.17524752020835876,0.7065868377685547,0.33326664566993713
YER025W,YBR040W,0,0.97156745,0.17520415782928467,0.7065868377685547,0.33336666226387024
YKL018W,YJL125C,1,0.97126096,0.17540821433067322,0.7075848579406738,0.33336666226387024
YGL089C,YHR147C,0,0.9710619,0.17536482214927673,0.7075848579406738,0.33346667885780334
YLR433C,YDR055W,0,0.9710427,0.17532145977020264,0.7075848579406738,0.33356672525405884
YKL154W,YNR045W,0,0.97081465,0.17527812719345093,0.7075848579406738,0.33366674184799194
YDL067C,YOR217W,0,0.9707995,0.17523479461669922,0.7075848579406738,0.33376675844192505
YDR052C,YPR047W,0,0.9705214,0.1751915067434311,0.7075848579406738,0.33386677503585815
YCL059C,YIL084C,0,0.96990067,0.17514821887016296,0.7075848579406738,0.33396679162979126
YGR241C,YHR171W,0,0.96952826,0.17510496079921722,0.7075848579406738,0.33406680822372437
YER036C,YHR147C,0,0.96915156,0.17506173253059387,0.7075848579406738,0.33416682481765747
YDR315C,YIL145C,0,0.96911246,0.1750185191631317,0.7075848579406738,0.3342668414115906
YLR201C,YGL003C,0,0.96902376,0.17497532069683075,0.7075848579406738,0.33436688780784607
YLR373C,YOR061W,0,0.9688609,0.17493215203285217,0.7075848579406738,0.3344669044017792
YDL114W,YPL091W,0,0.9686472,0.1748889982700348,0.7075848579406738,0.3345669209957123
YLR418C,YHR184W,0,0.9686238,0.1748458743095398,0.7075848579406738,0.3346669375896454
YHR206W,YLR276C,0,0.967449,0.174802765250206,0.7075848579406738,0.3347669541835785
YBR159W,YOR389W,0,0.9673125,0.1747596710920334,0.7075848579406738,0.3348669707775116
YOL003C,YBR030W,0,0.96717495,0.17471660673618317,0.7075848579406738,0.3349669873714447
YGL229C,YML048W,0,0.96715575,0.17467357218265533,0.7075848579406738,0.3350670039653778
YJL090C,YIR017C,0,0.96615034,0.1746305376291275,0.7075848579406738,0.3351670205593109
YMR042W,YGR262C,0,0.96603245,0.17458753287792206,0.7075848579406738,0.3352670669555664
YLR134W,YOR315W,0,0.9655878,0.174544557929039,0.7075848579406738,0.3353670835494995
YDR536W,YOL005C,0,0.96491724,0.17450159788131714,0.7075848579406738,0.3354671001434326
YMR016C,YDR166C,0,0.96458584,0.17445866763591766,0.7075848579406738,0.3355671167373657
YDL095W,YOL149W,0,0.9645367,0.1744157373905182,0.7075848579406738,0.33566713333129883
YKL109W,YDR487C,0,0.9641476,0.1743728518486023,0.7075848579406738,0.33576714992523193
YLR172C,YOR074C,1,0.9638751,0.17457585036754608,0.7085828185081482,0.33576714992523193
YCR096C,YKR050W,0,0.9637441,0.1745329350233078,0.7085828185081482,0.33586716651916504
YCR098C,YLR430W,0,0.96361154,0.1744900494813919,0.7085828185081482,0.33596718311309814
YKL089W,YBR122C,0,0.9635301,0.1744471788406372,0.7085828185081482,0.33606719970703125
YGL205W,YLR427W,0,0.9625979,0.1744043231010437,0.7085828185081482,0.33616724610328674
YBR133C,YPL017C,1,0.9624302,0.1746070683002472,0.7095808386802673,0.33616724610328674
YBR048W,YLR419W,0,0.962159,0.1745641976594925,0.7095808386802673,0.33626726269721985
YKL183W,YKL116C,0,0.9620176,0.17452135682106018,0.7095808386802673,0.33636727929115295
YHR101C,YJR025C,0,0.96196383,0.17447853088378906,0.7095808386802673,0.33646729588508606
YDL075W,YJL156C,0,0.96192294,0.17443571984767914,0.7095808386802673,0.33656731247901917
YPL160W,YPL103C,0,0.96172506,0.1743929386138916,0.7095808386802673,0.33666732907295227
YEL054C,YER030W,0,0.96168643,0.17435017228126526,0.7095808386802673,0.3367673456668854
YPL206C,YOL103W,0,0.96146065,0.1743074208498001,0.7095808386802673,0.3368673622608185
YKL109W,YGR076C,0,0.96119636,0.17426469922065735,0.7095808386802673,0.3369673788547516
YBR036C,YMR100W,0,0.96117216,0.17422200739383698,0.7095808386802673,0.3370674252510071
YDR248C,YNL301C,0,0.96092445,0.1741793304681778,0.7095808386802673,0.3371674418449402
YGL095C,YHR036W,0,0.9608851,0.1741366684436798,0.7095808386802673,0.3372674584388733
YHR184W,YJL056C,0,0.9606709,0.17409402132034302,0.7095808386802673,0.3373674750328064
YPR096C,YPL038W,0,0.959994,0.1740514039993286,0.7095808386802673,0.3374674916267395
YJR015W,YOR242C,0,0.95991796,0.1740088164806366,0.7095808386802673,0.3375675082206726
YOL093W,YOL125W,1,0.95967036,0.17421090602874756,0.7105788588523865,0.3375675082206726
YGR159C,YLR139C,0,0.95942193,0.17416830360889435,0.7105788588523865,0.3376675248146057
YHR092C,YOL117W,0,0.9592007,0.17412570118904114,0.7105788588523865,0.3377675414085388
YOL092W,YLR286C,0,0.9591376,0.17408312857151031,0.7105788588523865,0.3378675878047943
YDL007W,YGR071C,0,0.95909196,0.17404057085514069,0.7105788588523865,0.3379676043987274
YLR446W,YML088W,0,0.95907587,0.17399804294109344,0.7105788588523865,0.3380676209926605
YHR067W,YBR207W,0,0.95817405,0.1739555299282074,0.7105788588523865,0.33816763758659363
YDR228C,YIL138C,0,0.9577226,0.17391304671764374,0.7105788588523865,0.33826765418052673
YDR481C,YPL186C,0,0.9576872,0.17387057840824127,0.7105788588523865,0.33836767077445984
YOR348C,YMR201C,0,0.95742494,0.173828125,0.7105788588523865,0.33846768736839294
YER007W,YPL092W,0,0.9571255,0.17378570139408112,0.7105788588523865,0.33856770396232605
YHR207C,YBR030W,1,0.95705086,0.17398731410503387,0.7115768194198608,0.33856770396232605
YGL191W,YLR265C,0,0.9565194,0.1739448606967926,0.7115768194198608,0.33866772055625916
YJR139C,YAL008W,0,0.9564492,0.17390243709087372,0.7115768194198608,0.33876776695251465
YJR016C,YBR009C,0,0.9564131,0.17386002838611603,0.7115768194198608,0.33886778354644775
YPL220W,YJL025W,0,0.9562126,0.17381764948368073,0.7115768194198608,0.33896780014038086
YNL207W,YLR074C,0,0.95485586,0.17377528548240662,0.7115768194198608,0.33906781673431396
YDL166C,YJR015W,0,0.954717,0.1737329363822937,0.7115768194198608,0.33916783332824707
YER083C,YLR015W,0,0.95438176,0.17369061708450317,0.7115768194198608,0.3392678499221802
YBR261C,YKL155C,1,0.9539948,0.17389187216758728,0.71257483959198,0.3392678499221802
YDR448W,YLR099C,0,0.9539289,0.17384952306747437,0.71257483959198,0.3393678665161133
YDL080C,YOR233W,0,0.9537056,0.17380720376968384,0.71257483959198,0.3394678831100464
YLR266C,YPL019C,0,0.9535771,0.1737648993730545,0.71257483959198,0.3395678997039795
YDR481C,YBR105C,0,0.9530223,0.17372262477874756,0.71257483959198,0.339667946100235
YJL048C,YPL123C,0,0.952691,0.1736803650856018,0.71257483959198,0.3397679626941681
YLR106C,YHR161C,0,0.9526542,0.17363813519477844,0.71257483959198,0.3398679792881012
YJR022W,YBR084W,0,0.95232874,0.17359592020511627,0.71257483959198,0.3399679958820343
YHR070W,YPL017C,1,0.951556,0.17379678785800934,0.7135728597640991,0.3399679958820343
YCR072C,YPL177C,0,0.95153767,0.17375455796718597,0.7135728597640991,0.3400680124759674
YLR100W,YDR483W,0,0.9513213,0.1737123429775238,0.7135728597640991,0.3401680290699005
YMR130W,YPL022W,0,0.9507385,0.17367014288902283,0.7135728597640991,0.3402680456638336
YLR126C,YBR035C,0,0.9502235,0.17362797260284424,0.7135728597640991,0.3403680622577667
YCL063W,YIR006C,0,0.9500721,0.17358581721782684,0.7135728597640991,0.34046807885169983
YAR019C,YLR357W,0,0.9496892,0.17354369163513184,0.7135728597640991,0.3405681252479553
YBR175W,YNL128W,0,0.9493554,0.17350158095359802,0.7135728597640991,0.3406681418418884
YER174C,YOR061W,0,0.94921917,0.1734594851732254,0.7135728597640991,0.34076815843582153
YPL269W,YKL028W,0,0.94917744,0.17341741919517517,0.7135728597640991,0.34086817502975464
YNL292W,YJR126C,0,0.94883245,0.17337536811828613,0.7135728597640991,0.34096819162368774
YNL062C,YGL192W,1,0.9485591,0.173575758934021,0.7145708799362183,0.34096819162368774
YPR070W,YDR069C,0,0.9478343,0.17353369295597076,0.7145708799362183,0.34106820821762085
YLR286C,YGR071C,0,0.9477628,0.17349164187908173,0.7145708799362183,0.34116822481155396
YBR055C,YBR299W,0,0.94757706,0.17344960570335388,0.7145708799362183,0.34126824140548706
YMR287C,YEL015W,0,0.9471888,0.17340759932994843,0.7145708799362183,0.34136828780174255
YMR307W,YOR337W,0,0.9470925,0.17336562275886536,0.7145708799362183,0.34146830439567566
YKL018W,YDR257C,1,0.9469971,0.17356571555137634,0.7155688405036926,0.34146830439567566
YEL016C,YKL143W,0,0.94653016,0.17352372407913208,0.7155688405036926,0.34156832098960876
YDL085W,YBR097W,0,0.94604367,0.17348173260688782,0.7155688405036926,0.34166833758354187
YDR347W,YDR400W,0,0.9460338,0.17343977093696594,0.7155688405036926,0.341768354177475
YDR529C,YBR122C,0,0.94574004,0.17339782416820526,0.7155688405036926,0.3418683707714081
YOL133W,YHR160C,0,0.9455921,0.17335589230060577,0.7155688405036926,0.3419683873653412
YGR241C,YLR287C-A,0,0.94550675,0.17331399023532867,0.7155688405036926,0.3420684039592743
YFR037C,YAL043C,0,0.9452813,0.17327211797237396,0.7155688405036926,0.3421684205532074
YOL103W,YIL160C,0,0.94501907,0.17323024570941925,0.7155688405036926,0.3422684669494629
YBR251W,YOR221C,0,0.94486445,0.17318840324878693,0.7155688405036926,0.342368483543396
YBR158W,YDL141W,0,0.94468147,0.1731465756893158,0.7155688405036926,0.3424685001373291
YLR015W,YML060W,0,0.94438356,0.17310477793216705,0.7155688405036926,0.3425685167312622
YDR052C,YNL166C,0,0.94432706,0.1730629950761795,0.7155688405036926,0.3426685333251953
YPR118W,YPL017C,0,0.9441311,0.17302124202251434,0.7155688405036926,0.3427685499191284
YDR060W,YBL074C,0,0.94390804,0.17297948896884918,0.7155688405036926,0.3428685665130615
YDR071C,YPL092W,0,0.94338936,0.1729377657175064,0.7155688405036926,0.34296858310699463
YIL109C,YDR520C,0,0.9432228,0.17289607226848602,0.7155688405036926,0.34306859970092773
YGR061C,YOR270C,0,0.943181,0.17285439372062683,0.7155688405036926,0.3431686460971832
YMR042W,YDL180W,0,0.943059,0.17281273007392883,0.7155688405036926,0.34326866269111633
YGR104C,YHR025W,0,0.94291764,0.17277108132839203,0.7155688405036926,0.34336867928504944
YNL306W,YDR158W,0,0.9428237,0.1727294623851776,0.7155688405036926,0.34346869587898254
YAL013W,YNR016C,0,0.9424358,0.1726878583431244,0.7155688405036926,0.34356871247291565
YMR287C,YPL157W,0,0.9421695,0.17264628410339355,0.7155688405036926,0.34366872906684875
YHR117W,YMR204C,0,0.9420095,0.1726047247648239,0.7155688405036926,0.34376874566078186
YDR239C,YLR246W,0,0.9418244,0.17256318032741547,0.7155688405036926,0.34386876225471497
YDR447C,YBL037W,0,0.94169337,0.1725216507911682,0.7155688405036926,0.34396880865097046
YML116W,YDR534C,0,0.94155794,0.17248015105724335,0.7155688405036926,0.34406882524490356
YBR082C,YOL157C,0,0.94138366,0.17243866622447968,0.7155688405036926,0.34416884183883667
YIL109C,YNL135C,0,0.94125456,0.1723972111940384,0.7155688405036926,0.3442688584327698
YDR424C,YKL028W,0,0.9409912,0.1723557710647583,0.7155688405036926,0.3443688750267029
YNL063W,YER175C,1,0.9408365,0.17255467176437378,0.7165668606758118,0.3443688750267029
YHR105W,YJL153C,0,0.94070655,0.1725132167339325,0.7165668606758118,0.344468891620636
YDR056C,YPL172C,0,0.9404593,0.1724717766046524,0.7165668606758118,0.3445689082145691
YGR292W,YKL116C,0,0.93979007,0.1724303513765335,0.7165668606758118,0.3446689248085022
YMR043W,YDR130C,0,0.9397724,0.172388955950737,0.7165668606758118,0.3447689414024353
YIR017C,YOL002C,0,0.9393994,0.17234757542610168,0.7165668606758118,0.3448689877986908
YMR228W,YGL136C,1,0.9393031,0.17254619300365448,0.7175648808479309,0.3448689877986908
YOR315W,YOR332W,0,0.93906635,0.17250479757785797,0.7175648808479309,0.3449690043926239
YOR047C,YDR288W,0,0.938958,0.17246341705322266,0.7175648808479309,0.345069020986557
YOL003C,YAL035W,0,0.93876094,0.17242206633090973,0.7175648808479309,0.3451690375804901
YIR036C,YNR022C,0,0.9383343,0.172380730509758,0.7175648808479309,0.3452690541744232
YGL119W,YKL109W,0,0.9378572,0.17233940958976746,0.7175648808479309,0.3453690707683563
YPL026C,YOL056W,0,0.9376785,0.1722981035709381,0.7175648808479309,0.34546908736228943
YEL061C,YKL212W,0,0.9367108,0.17225682735443115,0.7175648808479309,0.34556910395622253
YKL156W,YKR050W,0,0.9366234,0.1722155660390854,0.7175648808479309,0.34566912055015564
YBL024W,YDR408C,1,0.93644744,0.17241379618644714,0.71856290102005,0.34566912055015564
YBR133C,YDR316W,1,0.93574816,0.17261192202568054,0.7195608615875244,0.34566912055015564
YLR074C,YLR433C,0,0.9355003,0.17257060110569,0.7195608615875244,0.34576916694641113
YPR047W,YDR320C,0,0.93522555,0.17252930998802185,0.7195608615875244,0.34586918354034424
YHR215W,YFR007W,0,0.93432194,0.1724880337715149,0.7195608615875244,0.34596920013427734
YHR013C,YDR252W,0,0.9342081,0.17244678735733032,0.7195608615875244,0.34606921672821045
YFL047W,YMR023C,0,0.93395394,0.17240554094314575,0.7195608615875244,0.34616923332214355
YIR036C,YML015C,0,0.9331872,0.17236433923244476,0.7195608615875244,0.34626924991607666
YIL109C,YHR117W,0,0.9330781,0.17232313752174377,0.7195608615875244,0.34636926651000977
YMR287C,YPL226W,0,0.93292755,0.17228196561336517,0.7195608615875244,0.34646928310394287
YML063W,YDR534C,0,0.932488,0.17224080860614777,0.7195608615875244,0.346569299697876
YLR238W,YMR071C,0,0.9323854,0.17219966650009155,0.7195608615875244,0.34666934609413147
YCR096C,YPL019C,0,0.9322979,0.17215855419635773,0.7195608615875244,0.3467693626880646
YOR182C,YLR427W,0,0.9322713,0.1721174567937851,0.7195608615875244,0.3468693792819977
YGL232W,YGL210W,0,0.93220955,0.17207637429237366,0.7195608615875244,0.3469693958759308
YBR087W,YGR262C,0,0.9322079,0.1720353066921234,0.7195608615875244,0.3470694124698639
YKL100C,YLR154C,0,0.93184584,0.17199426889419556,0.7195608615875244,0.347169429063797
YBR036C,YHR147C,0,0.9317928,0.1719532608985901,0.7195608615875244,0.3472694456577301
YHR028C,YPR031W,0,0.9291583,0.17191225290298462,0.7195608615875244,0.3473694622516632
YGL251C,YGR075C,0,0.92904395,0.17187127470970154,0.7195608615875244,0.3474695086479187
YDR532C,YDR503C,0,0.9289859,0.17183031141757965,0.7195608615875244,0.3475695252418518
YDR236C,YMR163C,0,0.9287854,0.17178937792778015,0.7195608615875244,0.3476695418357849
YER099C,YGL213C,0,0.92859286,0.17174844443798065,0.7195608615875244,0.347769558429718
YMR166C,YBR213W,0,0.9285497,0.17170755565166473,0.7195608615875244,0.3478695750236511
YNL024C,YBR271W,1,0.92852396,0.1719047576189041,0.7205588817596436,0.3478695750236511
YBR236C,YBR133C,1,0.92831415,0.17210188508033752,0.7215569019317627,0.3478695750236511
YBR291C,YCR054C,0,0.9276889,0.17206092178821564,0.7215569019317627,0.34796959161758423
YIL110W,YPL017C,1,0.9275294,0.1722579151391983,0.7225548624992371,0.34796959161758423
YGL021W,YDR074W,0,0.9262938,0.17221693694591522,0.7225548624992371,0.34806960821151733
YMR208W,YML095C,0,0.92621297,0.17217597365379333,0.7225548624992371,0.34816962480545044
YPL017C,YLR246W,0,0.9260102,0.17213504016399384,0.7225548624992371,0.34826964139938354
YLR450W,YER147C,0,0.9256678,0.17209412157535553,0.7225548624992371,0.34836968779563904
YMR221C,YMR285C,0,0.9242764,0.1720532327890396,0.7225548624992371,0.34846970438957214
YMR109W,YKL024C,0,0.92417496,0.1720123589038849,0.7225548624992371,0.34856972098350525
YGR047C,YBR048W,0,0.9228199,0.17197149991989136,0.7225548624992371,0.34866973757743835
YDR469W,YER175C,1,0.9224219,0.17216813564300537,0.7235528826713562,0.34866973757743835
YNR020C,YDR060W,0,0.92182475,0.17212726175785065,0.7235528826713562,0.34876975417137146
YCR053W,YDR047W,0,0.92165095,0.17208640277385712,0.7235528826713562,0.34886977076530457
YMR211W,YBR297W,0,0.92139727,0.17204555869102478,0.7235528826713562,0.34896978735923767
YOR116C,YOR057W,0,0.9207459,0.17200474441051483,0.7235528826713562,0.3490698039531708
YKL088W,YJR135C,0,0.9206881,0.17196394503116608,0.7235528826713562,0.3491698205471039
YKR061W,YDR238C,0,0.920638,0.1719231754541397,0.7235528826713562,0.3492698669433594
YLR285W,YDR198C,1,0.9198498,0.17211948335170746,0.7245509028434753,0.3492698669433594
YBR055C,YGR124W,0,0.9194353,0.1720786988735199,0.7245509028434753,0.3493698835372925
YGR026W,YPL092W,0,0.91890424,0.17203791439533234,0.7245509028434753,0.3494699001312256
YOR155C,YMR285C,0,0.9187344,0.17199715971946716,0.7245509028434753,0.3495699167251587
YDR071C,YER173W,0,0.9186495,0.17195641994476318,0.7245509028434753,0.3496699333190918
YDR479C,YPL149W,0,0.91860694,0.1719156950712204,0.7245509028434753,0.3497699499130249
YBL106C,YLR204W,0,0.9181245,0.171875,0.7245509028434753,0.349869966506958
YJL158C,YJL025W,0,0.9181035,0.1718343198299408,0.7245509028434753,0.3499699831008911
YOL064C,YJL056C,0,0.9180898,0.17179365456104279,0.7245509028434753,0.3500699996948242
YML116W,YBR159W,0,0.9179438,0.17175301909446716,0.7245509028434753,0.3501700460910797
YOR179C,YIR036C,0,0.91789883,0.17171239852905273,0.7245509028434753,0.3502700626850128
YBR299W,YAL025C,0,0.91723365,0.1716717928647995,0.7245509028434753,0.3503700792789459
YJL008C,YLR441C,0,0.91716295,0.17163120210170746,0.7245509028434753,0.35047009587287903
YOL065C,YDR320C,0,0.9168876,0.1715906411409378,0.7245509028434753,0.35057011246681213
YOR265W,YEL021W,0,0.9166545,0.17155009508132935,0.7245509028434753,0.35067012906074524
YDR318W,YBR251W,0,0.9164992,0.17150956392288208,0.7245509028434753,0.35077014565467834
YJR160C,YML063W,0,0.91631013,0.1714690625667572,0.7245509028434753,0.35087016224861145
YOR175C,YOR124C,0,0.91620785,0.17142857611179352,0.7245509028434753,0.35097020864486694
YPL195W,YKR038C,0,0.9158023,0.17138810455799103,0.7245509028434753,0.35107022523880005
YDR466W,YPR070W,0,0.91554075,0.17134764790534973,0.7245509028434753,0.35117024183273315
YBL054W,YPR186C,0,0.9153113,0.17130722105503082,0.7245509028434753,0.35127025842666626
YMR228W,YDR465C,1,0.91486627,0.1715027093887329,0.7255489230155945,0.35127025842666626
YHL016C,YLR430W,0,0.9147944,0.1714622676372528,0.7255489230155945,0.35137027502059937
YJL170C,YNL012W,0,0.91419715,0.1714218407869339,0.7255489230155945,0.35147029161453247
YOL117W,YOR369C,0,0.9141856,0.17138142883777618,0.7255489230155945,0.3515703082084656
YGL050W,YGR157W,1,0.913987,0.17157670855522156,0.7265468835830688,0.3515703082084656
YBL024W,YNL007C,0,0.91338676,0.17153628170490265,0.7265468835830688,0.3516703248023987
YDL069C,YOR244W,0,0.913384,0.17149588465690613,0.7265468835830688,0.3517703413963318
YDL033C,YDR279W,0,0.91196173,0.1714554876089096,0.7265468835830688,0.3518703877925873
YDL101C,YLR318W,0,0.9114521,0.17141512036323547,0.7265468835830688,0.3519704043865204
YCR098C,YOR070C,0,0.91099674,0.17137476801872253,0.7265468835830688,0.3520704209804535
YJL052W,YCR040W,0,0.9108761,0.1713344305753708,0.7265468835830688,0.3521704375743866
YOR047C,YPL092W,0,0.9108557,0.17129412293434143,0.7265468835830688,0.3522704541683197
YHR023W,YIL009C-A,0,0.9108239,0.17125381529331207,0.7265468835830688,0.3523704707622528
YAR015W,YDR298C,0,0.90982085,0.1712135523557663,0.7265468835830688,0.3524704873561859
YER091C,YDR257C,1,0.9083684,0.17140841484069824,0.727544903755188,0.3524704873561859
YJR065C,YPL111W,0,0.90758127,0.17136812210083008,0.727544903755188,0.352570503950119
YMR217W,YKR104W,0,0.90726835,0.1713278442621231,0.727544903755188,0.3526705205440521
YDL080C,YNR050C,0,0.90646774,0.17128759622573853,0.727544903755188,0.3527705669403076
YDL033C,YDL108W,0,0.9063936,0.17124736309051514,0.727544903755188,0.3528705835342407
YLR396C,YGL253W,0,0.9062986,0.17120714485645294,0.727544903755188,0.35297060012817383
YGL161C,YMR086W,0,0.9060938,0.17116694152355194,0.727544903755188,0.35307061672210693
YNL046W,YPR122W,0,0.9058382,0.17112676799297333,0.727544903755188,0.35317063331604004
YML027W,YDR031W,0,0.9055553,0.17108659446239471,0.727544903755188,0.35327064990997314
YJR104C,YMR235C,0,0.90553457,0.1710464507341385,0.727544903755188,0.35337066650390625
YLR090W,YML094W,0,0.90492076,0.17100633680820465,0.727544903755188,0.35347068309783936
YIL072W,YDR139C,0,0.9042714,0.1709662228822708,0.727544903755188,0.35357069969177246
YLR370C,YJR060W,0,0.9040471,0.17092613875865936,0.727544903755188,0.35367074608802795
YPL085W,YDR313C,0,0.90375763,0.1708860695362091,0.727544903755188,0.35377076268196106
YHR028C,YOR092W,0,0.9037054,0.17084603011608124,0.727544903755188,0.35387077927589417
YDL109C,YNL115C,0,0.90364987,0.17080599069595337,0.727544903755188,0.35397079586982727
YOL133W,YOR306C,0,0.90343004,0.1707659810781479,0.727544903755188,0.3540708124637604
YLR238W,YLR048W,0,0.9031926,0.1707260012626648,0.727544903755188,0.3541708290576935
YDR440W,YHR119W,1,0.9017231,0.17092016339302063,0.7285429239273071,0.3541708290576935
YML094W,YJR068W,0,0.9012049,0.17088015377521515,0.7285429239273071,0.3542708456516266
YER045C,YOL109W,0,0.9011813,0.17084015905857086,0.7285429239273071,0.3543708622455597
YBR240C,YJL136C,0,0.90048665,0.17080019414424896,0.7285429239273071,0.3544709086418152
YDR050C,YML095C,0,0.9002262,0.17076022922992706,0.7285429239273071,0.3545709252357483
YDL143W,YDR443C,0,0.90020233,0.17072029411792755,0.7285429239273071,0.3546709418296814
YDL033C,YOR201C,1,0.89938825,0.1709141880273819,0.7295409440994263,0.3546709418296814
YOR047C,YBL010C,0,0.8991793,0.1708742380142212,0.7295409440994263,0.3547709584236145
YOL103W,YLR038C,0,0.8990795,0.17083430290222168,0.7295409440994263,0.3548709750175476
YOL003C,YDL144C,0,0.8990461,0.17079439759254456,0.7295409440994263,0.3549709916114807
YGL222C,YER051W,0,0.898923,0.17075449228286743,0.7295409440994263,0.3550710082054138
YIR012W,YNL244C,0,0.89828974,0.1707146167755127,0.7295409440994263,0.3551710247993469
YMR094W,YAR018C,0,0.8981088,0.17067475616931915,0.7295409440994263,0.35527104139328003
YDR022C,YOL064C,0,0.898029,0.170634925365448,0.7295409440994263,0.3553710877895355
YOL007C,YHR036W,0,0.8978943,0.17059509456157684,0.7295409440994263,0.35547110438346863
YER153C,YNL096C,0,0.8976036,0.17055529356002808,0.7295409440994263,0.35557112097740173
YDR440W,YDR038C,0,0.89735216,0.1705155074596405,0.7295409440994263,0.35567113757133484
YGL120C,YDL065C,0,0.89645296,0.17047575116157532,0.7295409440994263,0.35577115416526794
YKR061W,YML048W,0,0.8964465,0.17043599486351013,0.7295409440994263,0.35587117075920105
YDL229W,YNL185C,0,0.8957216,0.17039626836776733,0.7295409440994263,0.35597118735313416
YJR121W,YJR135C,0,0.8955572,0.17035655677318573,0.7295409440994263,0.35607120394706726
YKR090W,YGR188C,0,0.89555675,0.1703168749809265,0.7295409440994263,0.35617122054100037
YDR046C,YDR139C,0,0.895423,0.1702771931886673,0.7295409440994263,0.35627126693725586
YMR221C,YDR510W,0,0.8951996,0.17023754119873047,0.7295409440994263,0.35637128353118896
YHL024W,YHR023W,0,0.894918,0.17019790410995483,0.7295409440994263,0.35647130012512207
YBL090W,YOR217W,0,0.8947609,0.1701582819223404,0.7295409440994263,0.3565713167190552
YLL001W,YDR436W,0,0.8944259,0.17011868953704834,0.7295409440994263,0.3566713333129883
YDL101C,YLR186W,0,0.893966,0.17007911205291748,0.7295409440994263,0.3567713499069214
YDR478W,YEL021W,0,0.89385563,0.17003954946994781,0.7295409440994263,0.3568713665008545
YLR364W,YPL154C,0,0.8935943,0.17000000178813934,0.7295409440994263,0.3569713830947876
YML054C,YDL030W,0,0.89311033,0.16996046900749207,0.7295409440994263,0.3570713996887207
YHR021C,YNR070W,0,0.89303046,0.16992096602916718,0.7295409440994263,0.3571714460849762
YPL019C,YKR050W,0,0.89262444,0.16988147795200348,0.7295409440994263,0.3572714626789093
YMR100W,YOL092W,0,0.89260584,0.16984200477600098,0.7295409440994263,0.3573714792728424
YOL100W,YGR061C,0,0.89222306,0.16980256140232086,0.7295409440994263,0.3574714958667755
YDL120W,YGR062C,0,0.8918436,0.16976311802864075,0.7295409440994263,0.3575715124607086
YJL052W,YPR070W,0,0.8918062,0.16972370445728302,0.7295409440994263,0.3576715290546417
YJR121W,YOL133W,0,0.89158636,0.1696843057870865,0.7295409440994263,0.35777154564857483
YPL149W,YKL042W,0,0.891437,0.16964492201805115,0.7295409440994263,0.35787156224250793
YML113W,YBR058C-A,0,0.8909643,0.1696055680513382,0.7295409440994263,0.3579716086387634
YHL044W,YDR507C,0,0.8906234,0.16956622898578644,0.7295409440994263,0.35807162523269653
YLL062C,YHR207C,1,0.89061433,0.16975881159305573,0.7305389046669006,0.35807162523269653
YNL330C,YFR006W,0,0.8906124,0.16971945762634277,0.7305389046669006,0.35817164182662964
YKL135C,YJL080C,0,0.89059275,0.16968011856079102,0.7305389046669006,0.35827165842056274
YKL004W,YNL077W,0,0.89053065,0.16964079439640045,0.7305389046669006,0.35837167501449585
YDR012W,YPR070W,0,0.89012104,0.16960148513317108,0.7305389046669006,0.35847169160842896
YOR332W,YMR017W,0,0.8894561,0.1695621907711029,0.7305389046669006,0.35857170820236206
YJR029W,YGR286C,0,0.8890026,0.16952292621135712,0.7305389046669006,0.35867172479629517
YLR134W,YOL005C,0,0.88899714,0.16948367655277252,0.7305389046669006,0.35877174139022827
YER147C,YGR158C,0,0.88880426,0.16944444179534912,0.7305389046669006,0.35887178778648376
YJR135C,YNL310C,0,0.88854057,0.1694052368402481,0.7305389046669006,0.35897180438041687
YDR448W,YPL089C,0,0.88816243,0.1693660318851471,0.7305389046669006,0.35907182097435
YGL021W,YOR069W,0,0.88650304,0.16932685673236847,0.7305389046669006,0.3591718375682831
YLR448W,YOL077C,0,0.8864209,0.16928769648075104,0.7305389046669006,0.3592718541622162
YBR133C,YDL200C,1,0.8863545,0.16947977244853973,0.7315369248390198,0.3592718541622162
YIL101C,YKL164C,0,0.8861448,0.1694405972957611,0.7315369248390198,0.3593718707561493
YDL143W,YNR070W,0,0.88586646,0.16940143704414368,0.7315369248390198,0.3594718873500824
YML054C,YHR036W,0,0.8841607,0.16936229169368744,0.7315369248390198,0.3595719039440155
YFL044C,YAL003W,0,0.8827794,0.1693231761455536,0.7315369248390198,0.3596719205379486
YJR129C,YDR198C,1,0.88276047,0.16951501369476318,0.7325349450111389,0.3596719205379486
YBL093C,YOR391C,0,0.8818507,0.16947586834430695,0.7325349450111389,0.3597719669342041
YER088C,YJR033C,0,0.8815331,0.1694367527961731,0.7325349450111389,0.3598719835281372
YNR011C,YHR186C,0,0.8811443,0.16939765214920044,0.7325349450111389,0.3599720001220703
YAL053W,YMR012W,0,0.8810867,0.16935856640338898,0.7325349450111389,0.3600720167160034
YOR315W,YJL062W,0,0.8800446,0.1693194955587387,0.7325349450111389,0.3601720333099365
YPL269W,YPL220W,0,0.8787424,0.16928043961524963,0.7325349450111389,0.36027204990386963
YOR348C,YJR126C,0,0.87852615,0.16924141347408295,0.7325349450111389,0.36037206649780273
YLR172C,YDR198C,1,0.8783184,0.16943292319774628,0.7335329055786133,0.36037206649780273
YPL022W,YLR172C,0,0.878,0.1693938672542572,0.7335329055786133,0.36047208309173584
YGL040C,YAL062W,0,0.877425,0.16935484111309052,0.7335329055786133,0.36057209968566895
YER114C,YLR237W,0,0.8771657,0.16931582987308502,0.7335329055786133,0.36067214608192444
YGR035C,YPL028W,0,0.8761607,0.16927683353424072,0.7335329055786133,0.36077216267585754
YAL041W,YKR038C,0,0.8759893,0.16923785209655762,0.7335329055786133,0.36087217926979065
YGR241C,YGR035C,0,0.87591714,0.1691989004611969,0.7335329055786133,0.36097219586372375
YMR166C,YLR396C,0,0.8755727,0.16915994882583618,0.7335329055786133,0.36107221245765686
YDR424C,YNL207W,0,0.8754753,0.16912102699279785,0.7335329055786133,0.36117222905158997
YLR038C,YGL251C,0,0.8751891,0.16908212006092072,0.7335329055786133,0.36127224564552307
YFR006W,YHR011W,0,0.8747038,0.16904324293136597,0.7335329055786133,0.3613722622394562
YDL190C,YFR041C,0,0.87414795,0.16900436580181122,0.7335329055786133,0.36147230863571167
YHR171W,YLR265C,0,0.8738732,0.16896551847457886,0.7335329055786133,0.3615723252296448
YKL028W,YPL026C,0,0.87361574,0.1689266860485077,0.7335329055786133,0.3616723418235779
YBR160W,YBL069W,0,0.873489,0.16888786852359772,0.7335329055786133,0.361772358417511
YDL067C,YMR221C,0,0.87281305,0.16884906589984894,0.7335329055786133,0.3618723750114441
YNL092W,YGR157W,1,0.87250787,0.16903996467590332,0.7345309257507324,0.3618723750114441
YDR342C,YDR368W,0,0.8724771,0.16900114715099335,0.7345309257507324,0.3619723916053772
YGR263C,YPL090C,0,0.8723892,0.16896234452724457,0.7345309257507324,0.3620724081993103
YKL018W,YHR207C,1,0.8723681,0.169153094291687,0.7355289459228516,0.3620724081993103
YGR001C,YNL289W,0,0.8723119,0.16911427676677704,0.7355289459228516,0.3621724247932434
YML125C,YDR128W,0,0.8714713,0.16907547414302826,0.7355289459228516,0.3622724413871765
YKR061W,YBR082C,0,0.8709169,0.16903670132160187,0.7355289459228516,0.362372487783432
YGL223C,YLR038C,0,0.8708227,0.16899794340133667,0.7355289459228516,0.3624725043773651
YOR150W,YAL058W,0,0.8707469,0.16895920038223267,0.7355289459228516,0.3625725209712982
YJL044C,YER044C,0,0.87071705,0.16892047226428986,0.7355289459228516,0.3626725375652313
YDR531W,YHR186C,0,0.8702906,0.16888175904750824,0.7355289459228516,0.36277255415916443
YBR133C,YDR410C,1,0.87026966,0.16907216608524323,0.7365269660949707,0.36277255415916443
YML054C,YPL174C,0,0.8696727,0.16903343796730042,0.7365269660949707,0.36287257075309753
YCL047C,YIL124W,0,0.86938864,0.16899473965168,0.7365269660949707,0.36297258734703064
YOL156W,YKL042W,0,0.8691154,0.16895604133605957,0.7365269660949707,0.36307260394096375
YOR278W,YOR092W,0,0.86850685,0.16891737282276154,0.7365269660949707,0.36317262053489685
YOL156W,YCL075W,0,0.8683143,0.1688787192106247,0.7365269660949707,0.36327266693115234
YJL046W,YDL164C,0,0.86830485,0.16884008049964905,0.7365269660949707,0.36337268352508545
YNL217W,YOR386W,0,0.86812717,0.1688014566898346,0.7365269660949707,0.36347270011901855
YGL173C,YER126C,0,0.86797875,0.16876286268234253,0.7365269660949707,0.36357271671295166
YKL056C,YOL056W,0,0.8678808,0.16872428357601166,0.7365269660949707,0.36367273330688477
YNL207W,YHR011W,0,0.86703503,0.16868571937084198,0.7365269660949707,0.36377274990081787
YOL127W,YDR362C,0,0.86703223,0.1686471700668335,0.7365269660949707,0.363872766494751
YDR425W,YDR288W,0,0.86677414,0.1686086356639862,0.7365269660949707,0.3639727830886841
YIR002C,YEL021W,0,0.86641455,0.1685701161623001,0.7365269660949707,0.3640727996826172
YNL162W,YNL129W,0,0.86625874,0.1685316264629364,0.7365269660949707,0.3641728460788727
YHR025W,YJR143C,0,0.8661585,0.1684931516647339,0.7365269660949707,0.3642728626728058
YHR021C,YMR264W,0,0.86585945,0.16845469176769257,0.7365269660949707,0.3643728792667389
YKL059C,YER020W,0,0.86553174,0.16841624677181244,0.7365269660949707,0.364472895860672
YLR459W,YHR117W,0,0.86524326,0.1683778166770935,0.7365269660949707,0.3645729124546051
YDL143W,YPR021C,0,0.86500347,0.16833941638469696,0.7365269660949707,0.3646729290485382
YGR058W,YHR116W,0,0.86473435,0.1683010309934616,0.7365269660949707,0.3647729456424713
YFL036W,YDR018C,0,0.8643767,0.16826266050338745,0.7365269660949707,0.3648729622364044
YMR127C,YIR009W,0,0.8637386,0.1682243049144745,0.7365269660949707,0.3649730086326599
YOR174W,YDL144C,0,0.8630458,0.16818596422672272,0.7365269660949707,0.365073025226593
YJL165C,YLR459W,0,0.86295456,0.16814763844013214,0.7365269660949707,0.3651730418205261
YGR286C,YBL055C,0,0.86286014,0.16810934245586395,0.7365269660949707,0.36527305841445923
YLR201C,YIR002C,0,0.86264783,0.16807106137275696,0.7365269660949707,0.36537307500839233
YBR205W,YGL009C,0,0.8626119,0.16803278028964996,0.7365269660949707,0.36547309160232544
YNR070W,YNL301C,0,0.8625914,0.16799454391002655,0.7365269660949707,0.36557310819625854
YLR204W,YER061C,0,0.86253756,0.16795630753040314,0.7365269660949707,0.36567312479019165
YKL089W,YNR061C,0,0.8622744,0.16791808605194092,0.7365269660949707,0.36577314138412476
YLR357W,YDL095W,0,0.8620453,0.1678798943758011,0.7365269660949707,0.36587318778038025
YGR047C,YNL206C,0,0.86172724,0.16784171760082245,0.7365269660949707,0.36597320437431335
YBR241C,YCL066W,0,0.86162657,0.1678035408258438,0.7365269660949707,0.36607322096824646
YFL047W,YBL023C,0,0.8609961,0.16776539385318756,0.7365269660949707,0.36617323756217957
YCR098C,YER044C,0,0.8608405,0.1677272766828537,0.7365269660949707,0.36627325415611267
YAR019C,YNL185C,0,0.8605084,0.16768915951251984,0.7365269660949707,0.3663732707500458
YBL061C,YNL012W,0,0.86042374,0.16765107214450836,0.7365269660949707,0.3664732873439789
YHR031C,YMR045C,0,0.8604222,0.1676129847764969,0.7365269660949707,0.366573303937912
YMR306W,YDR093W,0,0.8592874,0.1675749272108078,0.7365269660949707,0.3666733205318451
YJR022W,YER044C,0,0.8590633,0.1675368845462799,0.7365269660949707,0.3667733669281006
YNR008W,YDR390C,0,0.858977,0.1674988716840744,0.7365269660949707,0.3668733835220337
YLR170C,YJL156C,0,0.8579935,0.1674608588218689,0.7365269660949707,0.3669734001159668
YOR288C,YER106W,0,0.85790825,0.16742286086082458,0.7365269660949707,0.3670734167098999
YBR012W-A,YGR154C,0,0.8577871,0.16738489270210266,0.7365269660949707,0.367173433303833
YEL065W,YER113C,0,0.857199,0.16734693944454193,0.7365269660949707,0.3672734498977661
YNL306W,YDL056W,0,0.85683453,0.1673090010881424,0.7365269660949707,0.3673734664916992
YBR092C,YPR122W,0,0.8561985,0.16727107763290405,0.7365269660949707,0.3674734830856323
YMR037C,YBL010C,0,0.85591286,0.1672331690788269,0.7365269660949707,0.3675735294818878
YNL217W,YOR332W,0,0.8555769,0.16719529032707214,0.7365269660949707,0.3676735460758209
YMR166C,YDR283C,0,0.8555409,0.16715741157531738,0.7365269660949707,0.36777356266975403
YHR161C,YMR109W,0,0.8553694,0.167119562625885,0.7365269660949707,0.36787357926368713
YML094W,YER030W,0,0.8552756,0.16708172857761383,0.7365269660949707,0.36797359585762024
YJL041W,YJL125C,0,0.8550814,0.16704390943050385,0.7365269660949707,0.36807361245155334
YGL223C,YOR076C,0,0.85486525,0.16700610518455505,0.7365269660949707,0.36817362904548645
YKL089W,YJL052W,0,0.85357577,0.16696833074092865,0.7365269660949707,0.36827364563941956
YMR228W,YNL092W,1,0.85314554,0.16715675592422485,0.7375249266624451,0.36827364563941956
YLR201C,YPR096C,0,0.85276496,0.16711895167827606,0.7375249266624451,0.36837366223335266
YMR228W,YDL200C,1,0.8523342,0.16730725765228271,0.7385229468345642,0.36837366223335266
YJL080C,YLR306W,0,0.85220534,0.16726943850517273,0.7385229468345642,0.36847370862960815
YMR184W,YDR115W,0,0.8516988,0.16723163425922394,0.7385229468345642,0.36857372522354126
YPL106C,YML104C,0,0.8514549,0.16719385981559753,0.7385229468345642,0.36867374181747437
YMR042W,YLR448W,0,0.851422,0.16715608537197113,0.7385229468345642,0.36877375841140747
YLR327C,YER106W,0,0.8509699,0.16711834073066711,0.7385229468345642,0.3688737750053406
YML113W,YJR155W,0,0.8504792,0.1670806109905243,0.7385229468345642,0.3689737915992737
YML129C,YDR251W,0,0.8504207,0.16704289615154266,0.7385229468345642,0.3690738081932068
YBR142W,YML115C,0,0.85014325,0.16700519621372223,0.7385229468345642,0.3691738247871399
YCR098C,YDR390C,0,0.8500077,0.166967511177063,0.7385229468345642,0.369273841381073
YBR123C,YNL061W,0,0.849459,0.16692984104156494,0.7385229468345642,0.3693738877773285
YNL280C,YMR208W,0,0.8492777,0.16689220070838928,0.7385229468345642,0.3694739043712616
YCR009C,YCR040W,0,0.8491506,0.16685456037521362,0.7385229468345642,0.3695739209651947
YOR242C,YDR014W,0,0.84878594,0.16681694984436035,0.7385229468345642,0.3696739375591278
YJR134C,YML088W,0,0.8483747,0.16677935421466827,0.7385229468345642,0.3697739541530609
YGR063C,YLR032W,0,0.8478834,0.1667417734861374,0.7385229468345642,0.369873970746994
YMR208W,YEL002C,0,0.84782463,0.1667042076587677,0.7385229468345642,0.3699739873409271
YIL072W,YER153C,0,0.8477218,0.1666666716337204,0.7385229468345642,0.37007400393486023
YER148W,YGR274C,0,0.8475756,0.1666291356086731,0.7385229468345642,0.37017402052879333
YBR205W,YDL007W,0,0.84741515,0.16659162938594818,0.7385229468345642,0.37027406692504883
YLR096W,YNL162W,0,0.84722376,0.16655412316322327,0.7385229468345642,0.37037408351898193
YOR167C,YEL013W,0,0.8470772,0.16651664674282074,0.7385229468345642,0.37047410011291504
YOR143C,YPL258C,0,0.8466831,0.1664791852235794,0.7385229468345642,0.37057411670684814
YER025W,YNL166C,0,0.8465267,0.16644173860549927,0.7385229468345642,0.37067413330078125
YLR356W,YGR075C,0,0.846384,0.16640432178974152,0.7385229468345642,0.37077414989471436
YDR228C,YIL136W,0,0.84623677,0.16636690497398376,0.7385229468345642,0.37087416648864746
YMR043W,YPL038W,0,0.84607553,0.1663295179605484,0.7385229468345642,0.37097418308258057
YOL031C,YGR047C,0,0.84583074,0.16629213094711304,0.7385229468345642,0.37107422947883606
YKL018W,YML014W,1,0.84582347,0.1664794385433197,0.7395209670066833,0.37107422947883606
YER044C,YDR402C,0,0.84491795,0.16644205152988434,0.7395209670066833,0.37117424607276917
YKL178C,YHR129C,0,0.84490085,0.16640466451644897,0.7395209670066833,0.37127426266670227
YDL112W,YHR119W,1,0.8448731,0.1665918231010437,0.7405189871788025,0.37127426266670227
YOL030W,YMR051C,0,0.84450275,0.16655443608760834,0.7405189871788025,0.3713742792606354
YOR181W,YPL271W,0,0.84425807,0.16651704907417297,0.7405189871788025,0.3714742958545685
YDL204W,YOR151C,0,0.8440205,0.16647969186306,0.7405189871788025,0.3715743124485016
YGR047C,YNL191W,0,0.843412,0.16644234955310822,0.7405189871788025,0.3716743290424347
YER114C,YLR096W,0,0.8431521,0.16640502214431763,0.7405189871788025,0.3717743456363678
YML008C,YAR003W,1,0.8427345,0.16659192740917206,0.7415169477462769,0.3717743456363678
YOR391C,YHR011W,0,0.8423117,0.16655458509922028,0.7415169477462769,0.3718743622303009
YDR448W,YNL191W,0,0.84211653,0.1665172576904297,0.7415169477462769,0.3719744086265564
YNL311C,YML015C,0,0.84202427,0.1664799451828003,0.7415169477462769,0.3720744252204895
YFR015C,YHL047C,0,0.8419229,0.1664426475763321,0.7415169477462769,0.3721744418144226
YLR074C,YPR178W,0,0.84178203,0.16640537977218628,0.7415169477462769,0.3722744584083557
YKL155C,YDR408C,1,0.8416564,0.16659203171730042,0.742514967918396,0.3722744584083557
YJL221C,YDR116C,0,0.84160256,0.16655473411083221,0.742514967918396,0.3723744750022888
YGR026W,YGR001C,0,0.84153503,0.1665174514055252,0.742514967918396,0.3724744915962219
YLL013C,YGL009C,0,0.8414137,0.1664801985025406,0.742514967918396,0.37257450819015503
YDL030W,YBR241C,0,0.8412356,0.16644294559955597,0.742514967918396,0.37267452478408813
YER174C,YLR304C,0,0.84118706,0.16640572249889374,0.742514967918396,0.37277454137802124
YBR061C,YPL017C,1,0.8411737,0.16659213602542877,0.7435129880905151,0.37277454137802124
YBL106C,YJR097W,0,0.8409922,0.16655488312244415,0.7435129880905151,0.37287458777427673
YNL128W,YJL136C,0,0.84076333,0.16651766002178192,0.7435129880905151,0.37297460436820984
YHL040C,YBR273C,0,0.8406889,0.16648045182228088,0.7435129880905151,0.37307462096214294
YDR420W,YGR123C,0,0.8404774,0.16644325852394104,0.7435129880905151,0.37317463755607605
YGR223C,YNR022C,0,0.84046453,0.1664060801267624,0.7435129880905151,0.37327465415000916
YCR040W,YGL039W,0,0.83979017,0.16636891663074493,0.7435129880905151,0.37337467074394226
YER027C,YHR117W,0,0.83975315,0.16633176803588867,0.7435129880905151,0.37347468733787537
YGL168W,YKL164C,0,0.8389974,0.1662946492433548,0.7435129880905151,0.37357470393180847
YML074C,YGL141W,0,0.83815664,0.16625753045082092,0.7435129880905151,0.3736747205257416
YDR288W,YPR054W,0,0.8380477,0.16622044146060944,0.7435129880905151,0.37377476692199707
YNR016C,YBR283C,0,0.8375866,0.16618335247039795,0.7435129880905151,0.3738747835159302
YDR418W,YKL059C,0,0.8373294,0.16614629328250885,0.7435129880905151,0.3739748001098633
YJL170C,YNL136W,0,0.8365393,0.16610924899578094,0.7435129880905151,0.3740748167037964
YNL206C,YDR251W,0,0.8358231,0.16607221961021423,0.7435129880905151,0.3741748332977295
YDR479C,YBL022C,0,0.83575785,0.1660352200269699,0.7435129880905151,0.3742748498916626
YOL093W,YML014W,1,0.835666,0.1662210375070572,0.7445109486579895,0.3742748498916626
YKR062W,YMR128W,0,0.8356208,0.16618400812149048,0.7445109486579895,0.3743748664855957
YNL024C,YKR056W,1,0.8342935,0.1663697063922882,0.7455089688301086,0.3743748664855957
YMR166C,YKR058W,0,0.83389986,0.1663326621055603,0.7455089688301086,0.3744748830795288
YOL105C,YER051W,0,0.83388466,0.1662956327199936,0.7455089688301086,0.3745749294757843
YDR436W,YOR242C,0,0.83380336,0.16625861823558807,0.7455089688301086,0.3746749460697174
YNR070W,YLR099C,0,0.83315414,0.16622163355350494,0.7455089688301086,0.3747749626636505
YIL027C,YOR347C,0,0.8327138,0.16618464887142181,0.7455089688301086,0.3748749792575836
YPR036W,YDL109C,0,0.8324665,0.16614769399166107,0.7455089688301086,0.3749749958515167
YDR448W,YEL017C-A,0,0.83215356,0.16611073911190033,0.7455089688301086,0.37507501244544983
YGR058W,YHR184W,0,0.8321126,0.16607381403446198,0.7455089688301086,0.37517502903938293
YOL096C,YJL168C,1,0.831238,0.16625916957855225,0.7465069890022278,0.37517502903938293
YLL009C,YML063W,0,0.8310325,0.1662222295999527,0.7465069890022278,0.37527504563331604
YNL112W,YMR163C,0,0.83097667,0.16618528962135315,0.7465069890022278,0.37537506222724915
YDL166C,YGR274C,0,0.83081794,0.166148379445076,0.7465069890022278,0.37547510862350464
YPL103C,YDR298C,0,0.83037174,0.16611148416996002,0.7465069890022278,0.37557512521743774
YDL136W,YOL100W,0,0.8298329,0.16607460379600525,0.7465069890022278,0.37567514181137085
YAL053W,YDR380W,0,0.82976836,0.16603773832321167,0.7465069890022278,0.37577515840530396
YDR177W,YKL116C,0,0.82919264,0.16600088775157928,0.7465069890022278,0.37587517499923706
YJL073W,YBR035C,0,0.82908916,0.1659640520811081,0.7465069890022278,0.37597519159317017
YDL129W,YLR040C,0,0.82903075,0.1659272462129593,0.7465069890022278,0.37607520818710327
YFR041C,YPL060W,0,0.8287409,0.16589044034481049,0.7465069890022278,0.3761752247810364
YMR217W,YLL038C,0,0.828579,0.16585366427898407,0.7465069890022278,0.3762752413749695
YBR142W,YPL026C,0,0.8282234,0.16581688821315765,0.7465069890022278,0.376375287771225
YHR092C,YDL141W,0,0.82814467,0.16578014194965363,0.7465069890022278,0.3764753043651581
YNR020C,YDR483W,0,0.8279614,0.1657434105873108,0.7465069890022278,0.3765753209590912
YGL039W,YML091C,0,0.82731515,0.16570669412612915,0.7465069890022278,0.3766753375530243
YPL051W,YLR139C,0,0.82724476,0.1656699925661087,0.7465069890022278,0.3767753541469574
YDR424C,YMR282C,0,0.8266074,0.16563330590724945,0.7465069890022278,0.3768753707408905
YHL016C,YDR402C,0,0.82643837,0.1655966341495514,0.7465069890022278,0.3769753873348236
YIL171W,YNL119W,0,0.82614386,0.16555997729301453,0.7465069890022278,0.3770754039287567
YHR092C,YPL060W,0,0.8257169,0.16552335023880005,0.7465069890022278,0.3771754205226898
YBL075C,YGL009C,0,0.82531494,0.16548672318458557,0.7465069890022278,0.3772754669189453
YDR466W,YPL111W,0,0.8252148,0.16545012593269348,0.7465069890022278,0.3773754835128784
YER091C,YDL115C,0,0.82501596,0.1654135286808014,0.7465069890022278,0.3774755001068115
YEL013W,YDL204W,0,0.8248071,0.1653769612312317,0.7465069890022278,0.37757551670074463
YFL041W,YOR039W,0,0.82441646,0.16534040868282318,0.7465069890022278,0.37767553329467773
YDR231C,YJL062W,0,0.82408905,0.16530387103557587,0.7465069890022278,0.37777554988861084
YDL136W,YGR188C,0,0.82380027,0.16526734828948975,0.7465069890022278,0.37787556648254395
YMR188C,YPL033C,0,0.8233881,0.16523084044456482,0.7465069890022278,0.37797558307647705
YJR139C,YPL060W,0,0.8232528,0.1651943475008011,0.7465069890022278,0.37807562947273254
YDR140W,YHR209W,1,0.8229715,0.16537867486476898,0.7475050091743469,0.37807562947273254
YBR030W,YML088W,0,0.82293475,0.16534216701984406,0.7475050091743469,0.37817564606666565
YBR175W,YDL200C,1,0.8226607,0.1655263751745224,0.7485029697418213,0.37817564606666565
YMR130W,YIL138C,0,0.8223036,0.16548985242843628,0.7485029697418213,0.37827566266059875
YHR207C,YHR160C,0,0.82110304,0.16545334458351135,0.7485029697418213,0.37837567925453186
YIR002C,YBR142W,0,0.82078236,0.16541685163974762,0.7485029697418213,0.37847569584846497
YPL157W,YPL266W,1,0.82077616,0.16560088098049164,0.7495009899139404,0.37847569584846497
YHR105W,YER180C,0,0.81994647,0.1655643731355667,0.7495009899139404,0.37857571244239807
YJL157C,YFL029C,0,0.8197188,0.16552788019180298,0.7495009899139404,0.3786757290363312
YOR389W,YDR130C,0,0.8191629,0.16549140214920044,0.7495009899139404,0.3787757456302643
YNR061C,YGR035C,0,0.81910235,0.1654549390077591,0.7495009899139404,0.3788757622241974
YJL190C,YML048W,0,0.8188549,0.16541850566864014,0.7495009899139404,0.3789758086204529
YEL064C,YPL214C,0,0.81852466,0.16538207232952118,0.7495009899139404,0.379075825214386
YML042W,YML063W,0,0.8185191,0.1653456687927246,0.7495009899139404,0.3791758418083191
YFR037C,YBR082C,0,0.81823844,0.16530926525592804,0.7495009899139404,0.3792758584022522
YJR010C-A,YER007W,0,0.8180534,0.16527289152145386,0.7495009899139404,0.3793758749961853
YBR213W,YNL115C,0,0.81783795,0.16523651778697968,0.7495009899139404,0.3794758915901184
YNL162W,YML063W,0,0.8175369,0.16520017385482788,0.7495009899139404,0.3795759081840515
YDR420W,YPR047W,0,0.8171553,0.16516384482383728,0.7495009899139404,0.3796759247779846
YOR061W,YER126C,0,0.81677717,0.16512753069400787,0.7495009899139404,0.3797759413719177
YNL210W,YPL160W,0,0.81653345,0.16509123146533966,0.7495009899139404,0.3798759877681732
YJL168C,YLR285W,1,0.81638426,0.1652747243642807,0.7504990100860596,0.3798759877681732
YMR208W,YKL116C,0,0.81635255,0.1652384102344513,0.7504990100860596,0.3799760043621063
YDR288W,YOL077C,0,0.81616163,0.16520211100578308,0.7504990100860596,0.38007602095603943
YHR116W,YCL061C,0,0.81610173,0.16516582667827606,0.7504990100860596,0.38017603754997253
YML005W,YBR175W,1,0.81563455,0.16534914076328278,0.7514970302581787,0.38017603754997253
YOR373W,YGR002C,0,0.8152831,0.16531284153461456,0.7514970302581787,0.38027605414390564
YMR247C,YJR075W,0,0.8152809,0.16527655720710754,0.7514970302581787,0.38037607073783875
YJR145C,YDR379W,0,0.8152034,0.16524028778076172,0.7514970302581787,0.38047608733177185
YML094W,YIL026C,0,0.8150987,0.1652040332555771,0.7514970302581787,0.38057610392570496
YDR408C,YBR258C,1,0.81488985,0.16538715362548828,0.7524949908256531,0.38057610392570496
YKR094C,YDL056W,0,0.8148281,0.16535088419914246,0.7524949908256531,0.38067612051963806
YOR322C,YJR045C,0,0.81471306,0.16531462967395782,0.7524949908256531,0.38077616691589355
YBR214W,YDR055W,0,0.81449944,0.1652783900499344,0.7524949908256531,0.38087618350982666
YER036C,YML009C,0,0.8143626,0.16524216532707214,0.7524949908256531,0.38097620010375977
YGR063C,YIL160C,0,0.8141969,0.1652059555053711,0.7524949908256531,0.38107621669769287
YMR298W,YGR262C,0,0.8129821,0.16516977548599243,0.7524949908256531,0.381176233291626
YDL205C,YML087C,0,0.81288886,0.16513359546661377,0.7524949908256531,0.3812762498855591
YER029C,YKL183W,0,0.81262344,0.1650974452495575,0.7524949908256531,0.3813762664794922
YOR179C,YOR181W,0,0.8119044,0.16506129503250122,0.7524949908256531,0.3814762830734253
YPL022W,YGR191W,0,0.81170624,0.16502517461776733,0.7524949908256531,0.3815763294696808
YNL210W,YPL092W,0,0.81157017,0.16498905420303345,0.7524949908256531,0.3816763460636139
YIL172C,YKR105C,0,0.8113381,0.16495296359062195,0.7524949908256531,0.381776362657547
YCL055W,YLR467W,0,0.81118387,0.16491688787937164,0.7524949908256531,0.3818763792514801
YNL158W,YKL034W,0,0.81083447,0.16488082706928253,0.7524949908256531,0.3819763958454132
YMR056C,YOR369C,0,0.81078255,0.16484478116035461,0.7524949908256531,0.3820764124393463
YDL210W,YOR174W,0,0.8104084,0.1648087501525879,0.7524949908256531,0.3821764290332794
YOL138C,YMR056C,0,0.8103465,0.16477273404598236,0.7524949908256531,0.3822764456272125
YLR008C,YLR306W,0,0.81023914,0.16473673284053802,0.7524949908256531,0.38237646222114563
YGL035C,YPL155C,0,0.8095944,0.16470074653625488,0.7524949908256531,0.3824765086174011
YDR469W,YDR408C,1,0.80928415,0.16488316655158997,0.7534930109977722,0.3824765086174011
YGR188C,YKR097W,0,0.8089058,0.16484716534614563,0.7534930109977722,0.38257652521133423
YIR036C,YIL072W,0,0.8088168,0.1648111790418625,0.7534930109977722,0.38267654180526733
YJL129C,YGL185C,0,0.8085686,0.16477520763874054,0.7534930109977722,0.38277655839920044
YKL011C,YHR044C,0,0.8080619,0.16473925113677979,0.7534930109977722,0.38287657499313354
YHR172W,YKR097W,0,0.80782586,0.16470330953598022,0.7534930109977722,0.38297659158706665
YOL096C,YPL017C,1,0.80754143,0.1648854911327362,0.7544910311698914,0.38297659158706665
YKR014C,YBL090W,0,0.8074891,0.16484954953193665,0.7544910311698914,0.38307660818099976
YLR285W,YHR119W,1,0.80692595,0.16503161191940308,0.7554890513420105,0.38307660818099976
YJL170C,YPL038W,0,0.8060389,0.16499564051628113,0.7554890513420105,0.38317662477493286
YEL021W,YER184C,0,0.8060098,0.16495968401432037,0.7554890513420105,0.38327664136886597
YJL048C,YBR105C,0,0.80533814,0.1649237424135208,0.7554890513420105,0.38337668776512146
YOR036W,YOR242C,0,0.80525464,0.16488783061504364,0.7554890513420105,0.38347670435905457
YJR025C,YNL218W,0,0.80436754,0.16485191881656647,0.7554890513420105,0.38357672095298767
YDR329C,YDR107C,0,0.8043233,0.1648160219192505,0.7554890513420105,0.3836767375469208
YML015C,YCR004C,0,0.8041828,0.1647801548242569,0.7554890513420105,0.3837767541408539
YMR166C,YDR501W,0,0.8041679,0.1647442877292633,0.7554890513420105,0.383876770734787
YBL024W,YOL127W,0,0.8041279,0.1647084355354309,0.7554890513420105,0.3839767873287201
YMR142C,YOR369C,0,0.8040014,0.1646726131439209,0.7554890513420105,0.3840768039226532
YDR501W,YNR047W,0,0.8038627,0.16463680565357208,0.7554890513420105,0.3841768205165863
YDR248C,YBL037W,0,0.80373603,0.16460099816322327,0.7554890513420105,0.3842768669128418
YDR036C,YBR158W,0,0.8033282,0.16456522047519684,0.7554890513420105,0.3843768835067749
YDL141W,YNL039W,0,0.80290395,0.1645294427871704,0.7554890513420105,0.384476900100708
YER087C-A,YJL008C,0,0.80277365,0.16449369490146637,0.7554890513420105,0.3845769166946411
YKL156W,YER131W,0,0.80263394,0.16445796191692352,0.7554890513420105,0.3846769332885742
YGL232W,YCR037C,0,0.8022099,0.16442224383354187,0.7554890513420105,0.3847769498825073
YDR420W,YER153C,0,0.80210465,0.1643865406513214,0.7554890513420105,0.38487696647644043
YOL096C,YHR209W,1,0.8019912,0.1645679622888565,0.7564870119094849,0.38487696647644043
YBL024W,YPL157W,1,0.8017602,0.16474929451942444,0.757485032081604,0.38487696647644043
YNL213C,YCL050C,0,0.8008886,0.1647135466337204,0.757485032081604,0.38497698307037354
YFL004W,YDL204W,0,0.8006856,0.16467779874801636,0.757485032081604,0.38507702946662903
YDR139C,YJL056C,0,0.80057925,0.1646420806646347,0.757485032081604,0.38517704606056213
YDL101C,YOL156W,0,0.80052227,0.16460637748241425,0.757485032081604,0.38527706265449524
YNR020C,YOR120W,0,0.80015963,0.16457068920135498,0.757485032081604,0.38537707924842834
YGL229C,YPL214C,0,0.79940903,0.1645350158214569,0.757485032081604,0.38547709584236145
YIL072W,YAR007C,0,0.79926974,0.16449934244155884,0.757485032081604,0.38557711243629456
YIL004C,YBR040W,0,0.798985,0.16446369886398315,0.757485032081604,0.38567712903022766
YBR033W,YMR314W,0,0.79873973,0.16442807018756866,0.757485032081604,0.38577714562416077
YDR197W,YOL109W,0,0.7987006,0.16439245641231537,0.757485032081604,0.38587716221809387
YGL178W,YHR086W,0,0.7985776,0.16435685753822327,0.757485032081604,0.38597720861434937
YIL125W,YDL065C,0,0.79851943,0.16432128846645355,0.757485032081604,0.38607722520828247
YEL054C,YDL008W,0,0.79844546,0.16428571939468384,0.757485032081604,0.3861772418022156
YAL008W,YKL212W,0,0.7982843,0.16425016522407532,0.757485032081604,0.3862772583961487
YGL128C,YKR097W,0,0.79827434,0.164214625954628,0.757485032081604,0.3863772749900818
YBL064C,YEL002C,0,0.79810125,0.16417910158634186,0.757485032081604,0.3864772915840149
YIL070C,YAL003W,0,0.797581,0.16414359211921692,0.757485032081604,0.386577308177948
YDR228C,YAL044C,0,0.79612315,0.16410811245441437,0.757485032081604,0.3866773247718811
YGR088W,YIR015W,0,0.79590553,0.16407263278961182,0.757485032081604,0.3867773413658142
YDR388W,YPR047W,0,0.79578984,0.16403716802597046,0.757485032081604,0.3868773877620697
YML005W,YER082C,0,0.79536664,0.1640017330646515,0.757485032081604,0.3869774043560028
YOR201C,YHR171W,0,0.79463047,0.16396629810333252,0.757485032081604,0.3870774209499359
YNR043W,YGR071C,0,0.79423434,0.16393089294433594,0.757485032081604,0.387177437543869
YOR239W,YOL141W,1,0.79365575,0.1641114205121994,0.7584830522537231,0.387177437543869
YFL029C,YLR221C,0,0.7932756,0.16407600045204163,0.7584830522537231,0.3872774541378021
YDL190C,YEL059C-A,0,0.792888,0.16404058039188385,0.7584830522537231,0.38737747073173523
YAL034W-A,YGR194C,0,0.79260343,0.16400517523288727,0.7584830522537231,0.38747748732566833
YDR013W,YBR035C,0,0.7925815,0.16396979987621307,0.7584830522537231,0.38757750391960144
YFR041C,YPR031W,0,0.79240924,0.16393442451953888,0.7584830522537231,0.38767755031585693
YMR080C,YDR534C,0,0.79234576,0.16389907896518707,0.7584830522537231,0.38777756690979004
YMR306W,YLR385C,0,0.7921662,0.16386373341083527,0.7584830522537231,0.38787758350372314
YDL019C,YIL171W,0,0.79166836,0.16382841765880585,0.7584830522537231,0.38797760009765625
YBR289W,YKR059W,0,0.791579,0.16379310190677643,0.7584830522537231,0.38807761669158936
YIL004C,YMR204C,0,0.7910884,0.1637578159570694,0.7584830522537231,0.38817763328552246
YNR027W,YNL210W,0,0.7909706,0.16372253000736237,0.7584830522537231,0.38827764987945557
YMR257C,YLL001W,0,0.7909497,0.16368727385997772,0.7584830522537231,0.38837766647338867
YML005W,YPL157W,1,0.79077995,0.16386735439300537,0.7594810128211975,0.38837766647338867
YPR031W,YLL035W,0,0.7906137,0.16383208334445953,0.7594810128211975,0.3884776830673218
YLR459W,YCR040W,0,0.79041487,0.1637968122959137,0.7594810128211975,0.38857772946357727
YHL019C,YBR291C,0,0.7900434,0.16376157104969025,0.7594810128211975,0.3886777460575104
YBR261C,YHR207C,1,0.78881574,0.16394147276878357,0.7604790329933167,0.3886777460575104
YHR215W,YAR007C,0,0.7887827,0.16390621662139893,0.7604790329933167,0.3887777626514435
YDR418W,YKL181W,0,0.7886475,0.16387096047401428,0.7604790329933167,0.3888777792453766
YDR012W,YLR078C,0,0.78846663,0.16383573412895203,0.7604790329933167,0.3889777958393097
YDR014W,YER045C,0,0.7884389,0.16380052268505096,0.7604790329933167,0.3890778124332428
YJR066W,YOL147C,0,0.7883428,0.1637653112411499,0.7604790329933167,0.3891778290271759
YKL059C,YCR028C,0,0.78831357,0.16373012959957123,0.7604790329933167,0.389277845621109
YAL010C,YPL068C,0,0.78823,0.16369494795799255,0.7604790329933167,0.3893778622150421
YER114C,YFR037C,0,0.7881593,0.16365979611873627,0.7604790329933167,0.3894779086112976
YNR050C,YBL010C,0,0.7881098,0.16362464427947998,0.7604790329933167,0.3895779252052307
YHR206W,YCL050C,0,0.78775924,0.16358952224254608,0.7604790329933167,0.3896779417991638
YGL213C,YGL251C,0,0.787698,0.16355441510677338,0.7604790329933167,0.3897779583930969
YMR298W,YMR109W,0,0.78759104,0.16351930797100067,0.7604790329933167,0.38987797498703003
YGR029W,YJL041W,0,0.78753096,0.16348423063755035,0.7604790329933167,0.38997799158096313
YGL106W,YHL004W,0,0.7872266,0.16344916820526123,0.7604790329933167,0.39007800817489624
YML124C,YDR251W,0,0.7865895,0.1634141057729721,0.7604790329933167,0.39017802476882935
YJL106W,YDL130W-A,0,0.7860263,0.16337907314300537,0.7604790329933167,0.39027804136276245
YBR048W,YDR120C,0,0.785726,0.16334405541419983,0.7604790329933167,0.39037808775901794
YMR316W,YJR076C,0,0.78546286,0.1633090376853943,0.7604790329933167,0.39047810435295105
YLR364W,YPL090C,0,0.785195,0.16327404975891113,0.7604790329933167,0.39057812094688416
YHR105W,YOR326W,0,0.78505605,0.16323907673358917,0.7604790329933167,0.39067813754081726
YDR046C,YLR188W,0,0.7850508,0.1632041186094284,0.7604790329933167,0.39077815413475037
YNL280C,YHR184W,0,0.7850469,0.16316916048526764,0.7604790329933167,0.39087817072868347
YEL015W,YDR139C,0,0.7849924,0.16313423216342926,0.7604790329933167,0.3909781873226166
YKR059W,YOR217W,0,0.78425634,0.16309931874275208,0.7604790329933167,0.3910782039165497
YOL030W,YMR023C,0,0.7834998,0.1630644053220749,0.7604790329933167,0.3911782503128052
YLL062C,YPL214C,0,0.7834765,0.1630295217037201,0.7604790329933167,0.3912782669067383
YBR097W,YER089C,0,0.78322417,0.1629946529865265,0.7604790329933167,0.3913782835006714
YKL011C,YOL156W,0,0.7829579,0.16295979917049408,0.7604790329933167,0.3914783000946045
YOL152W,YFL041W,0,0.7825832,0.16292494535446167,0.7604790329933167,0.3915783166885376
YIL125W,YDR044W,0,0.78198713,0.16289012134075165,0.7604790329933167,0.3916783332824707
YLL013C,YOL103W,0,0.78173846,0.16285531222820282,0.7604790329933167,0.3917783498764038
YGR292W,YLR127C,0,0.7815282,0.16282051801681519,0.7604790329933167,0.3918783664703369
YKL155C,YLR015W,1,0.7801712,0.16299936175346375,0.7614770531654358,0.3918783664703369
YNL207W,YDR134C,0,0.7800437,0.16296453773975372,0.7614770531654358,0.39197838306427
YEL059C-A,YOR386W,0,0.7795648,0.1629297435283661,0.7614770531654358,0.3920784294605255
YHR215W,YOR337W,0,0.7791244,0.16289496421813965,0.7614770531654358,0.3921784460544586
YDR342C,YER030W,0,0.7782602,0.1628601849079132,0.7614770531654358,0.3922784626483917
YJL044C,YBR097W,0,0.77822,0.16282543540000916,0.7614770531654358,0.39237847924232483
YCL055W,YJR033C,0,0.7781399,0.1627907007932663,0.7614770531654358,0.39247849583625793
YEL021W,YDR390C,0,0.7780635,0.16275596618652344,0.7614770531654358,0.39257851243019104
YGL210W,YML125C,0,0.77776057,0.16272126138210297,0.7614770531654358,0.39267852902412415
YPL206C,YDR510W,0,0.7776644,0.1626865714788437,0.7614770531654358,0.39277854561805725
YDR297W,YJL121C,0,0.777605,0.1626518815755844,0.7614770531654358,0.39287856221199036
YOR239W,YOR074C,1,0.7769421,0.16283035278320312,0.7624750733375549,0.39287856221199036
YDL033C,YGL178W,0,0.77671343,0.16279564797878265,0.7624750733375549,0.39297860860824585
YOR182C,YFR006W,0,0.7766675,0.16276097297668457,0.7624750733375549,0.39307862520217896
YKL089W,YBL023C,0,0.776583,0.1627262979745865,0.7624750733375549,0.39317864179611206
YML106W,YMR012W,0,0.7764566,0.1626916527748108,0.7624750733375549,0.39327865839004517
YLR142W,YPL060W,0,0.7757711,0.1626570224761963,0.7624750733375549,0.39337867498397827
YML054C,YDR531W,0,0.77551264,0.1626223921775818,0.7624750733375549,0.3934786915779114
YFR008W,YOL007C,0,0.77505535,0.16258779168128967,0.7624750733375549,0.3935787081718445
YIR023W,YBL055C,0,0.7748287,0.16255319118499756,0.7624750733375549,0.3936787247657776
YBL103C,YPL017C,0,0.77467096,0.16251862049102783,0.7624750733375549,0.3937787413597107
YPL206C,YBR297W,0,0.77404004,0.1624840497970581,0.7624750733375549,0.3938787877559662
YOR306C,YNR047W,0,0.77361584,0.16244949400424957,0.7624750733375549,0.3939788043498993
YJL090C,YLR040C,0,0.7733311,0.16241496801376343,0.7624750733375549,0.3940788209438324
YCL055W,YAR003W,1,0.7733287,0.16259299218654633,0.7634730339050293,0.3940788209438324
YDL210W,YPL038W,0,0.77277356,0.1625584363937378,0.7634730339050293,0.3941788375377655
YHR207C,YJL148W,0,0.77249813,0.16252389550209045,0.7634730339050293,0.3942788541316986
YHR143W,YMR016C,0,0.7722412,0.1624893844127655,0.7634730339050293,0.3943788707256317
YKR014C,YMR023C,0,0.7717281,0.16245487332344055,0.7634730339050293,0.3944788873195648
YDR478W,YGR071C,0,0.7713997,0.1624203771352768,0.7634730339050293,0.3945789039134979
YNL306W,YGR124W,0,0.7712764,0.16238591074943542,0.7634730339050293,0.3946789503097534
YNL218W,YBR082C,0,0.77127284,0.16235144436359406,0.7634730339050293,0.3947789669036865
YDR077W,YGR188C,0,0.7704658,0.16231699287891388,0.7634730339050293,0.39487898349761963
YJR134C,YGR037C,0,0.7694469,0.1622825562953949,0.7634730339050293,0.39497900009155273
YJR158W,YPL031C,0,0.76922697,0.1622481495141983,0.7634730339050293,0.39507901668548584
YOL152W,YOR374W,0,0.7689828,0.1622137427330017,0.7634730339050293,0.39517903327941895
YDL019C,YGR035C,0,0.76863664,0.1621793508529663,0.7634730339050293,0.39527904987335205
YMR080C,YFR037C,0,0.7683499,0.1621449738740921,0.7634730339050293,0.39537906646728516
YBR261C,YML008C,1,0.76792824,0.1623225212097168,0.7644710540771484,0.39537906646728516
YML054C,YDR510W,0,0.76779926,0.1622881293296814,0.7644710540771484,0.39547908306121826
YIR002C,YPL172C,0,0.7677128,0.1622537523508072,0.7644710540771484,0.39557912945747375
YDR312W,YOL138C,0,0.7674208,0.16221940517425537,0.7644710540771484,0.39567914605140686
YDR065W,YGR075C,0,0.767382,0.16218505799770355,0.7644710540771484,0.39577916264533997
YAR010C,YER082C,0,0.7673619,0.16215072572231293,0.7644710540771484,0.39587917923927307
YBL075C,YDR107C,0,0.7661414,0.1621164083480835,0.7644710540771484,0.3959791958332062
YPR063C,YPL159C,0,0.76565266,0.16208210587501526,0.7644710540771484,0.3960792124271393
YNL063W,YMR321C,1,0.7655991,0.16225935518741608,0.7654690742492676,0.3960792124271393
YOR201C,YER044C,0,0.7653393,0.16222503781318665,0.7654690742492676,0.3961792290210724
YMR056C,YPR073C,0,0.76355624,0.1621907353401184,0.7654690742492676,0.3962792456150055
YOL096C,YLR285W,1,0.76335156,0.16236786544322968,0.7664670944213867,0.3962792456150055
YMR171C,YDL067C,0,0.7632491,0.16233354806900024,0.7664670944213867,0.3963792622089386
YKL017C,YAL058W,0,0.7626098,0.162299245595932,0.7664670944213867,0.3964793086051941
YGR104C,YGR086C,0,0.7620035,0.16226494312286377,0.7664670944213867,0.3965793251991272
YIL084C,YNL217W,0,0.76195097,0.16223067045211792,0.7664670944213867,0.3966793417930603
YHR081W,YDR014W,0,0.7619404,0.16219641268253326,0.7664670944213867,0.3967793583869934
YOR278W,YHR089C,0,0.76192075,0.1621621549129486,0.7664670944213867,0.3968793749809265
YER096W,YOL149W,0,0.7619134,0.16212792694568634,0.7664670944213867,0.3969793915748596
YHR046C,YHR089C,0,0.76176643,0.16209371387958527,0.7664670944213867,0.3970794081687927
YGL229C,YDR507C,0,0.76122135,0.1620595008134842,0.7664670944213867,0.39717942476272583
YDL051W,YLR265C,0,0.7611234,0.1620253175497055,0.7664670944213867,0.39727944135665894
YBL024W,YJR076C,0,0.7611186,0.16199113428592682,0.7664670944213867,0.39737948775291443
YOR369C,YJL008C,0,0.76099193,0.16195698082447052,0.7664670944213867,0.39747950434684753
YLR204W,YHL024W,0,0.7607829,0.16192282736301422,0.7664670944213867,0.39757952094078064
YBL093C,YJL019W,0,0.7607567,0.1618887037038803,0.7664670944213867,0.39767953753471375
YDR341C,YOR075W,0,0.7602852,0.1618545800447464,0.7664670944213867,0.39777955412864685
YDL108W,YDR047W,0,0.75992686,0.16182048618793488,0.7664670944213867,0.39787957072257996
YMR051C,YBR213W,0,0.75975806,0.16178639233112335,0.7664670944213867,0.39797958731651306
YDR379W,YIR002C,0,0.75956136,0.16175231337547302,0.7664670944213867,0.39807960391044617
YGL213C,YBR159W,0,0.7594872,0.1617182493209839,0.7664670944213867,0.39817965030670166
YPL271W,YOR070C,0,0.75919056,0.16168421506881714,0.7664670944213867,0.39827966690063477
YHR025W,YDR483W,0,0.7587738,0.1616501808166504,0.7664670944213867,0.39837968349456787
YDR071C,YMR023C,0,0.7586604,0.16161616146564484,0.7664670944213867,0.398479700088501
YMR297W,YLR045C,0,0.75836664,0.16158215701580048,0.7664670944213867,0.3985797166824341
YLR459W,YDR342C,0,0.75808555,0.1615481674671173,0.7664670944213867,0.3986797332763672
YDR479C,YKR097W,0,0.7578265,0.16151419281959534,0.7664670944213867,0.3987797498703003
YGR101W,YCR010C,0,0.75742686,0.16148023307323456,0.7664670944213867,0.3988797664642334
YDR118W,YNL061W,0,0.75715166,0.16144628822803497,0.7664670944213867,0.3989797830581665
YDL200C,YGL251C,0,0.7571209,0.16141235828399658,0.7664670944213867,0.399079829454422
YHR143W,YMR070W,0,0.757003,0.16137844324111938,0.7664670944213867,0.3991798460483551
YGR234W,YNL096C,0,0.7569134,0.16134454309940338,0.7664670944213867,0.3992798626422882
YDR128W,YPL026C,0,0.75620013,0.16131064295768738,0.7664670944213867,0.3993798792362213
YNL039W,YOR066W,0,0.7558792,0.16127677261829376,0.7664670944213867,0.3994798958301544
YMR142C,YDR279W,0,0.75586534,0.16124291718006134,0.7664670944213867,0.3995799124240875
YBL054W,YAL013W,0,0.7556411,0.16120906174182892,0.7664670944213867,0.39967992901802063
YDL060W,YBR105C,0,0.75523716,0.16117523610591888,0.7664670944213867,0.39977994561195374
YLR283W,YLL009C,0,0.75508344,0.16114142537117004,0.7664670944213867,0.39987996220588684
YAR007C,YDL184C,0,0.75503135,0.1611076146364212,0.7664670944213867,0.39998000860214233
YDL141W,YPL123C,0,0.7549476,0.16107381880283356,0.7664670944213867,0.40008002519607544
YMR282C,YPL060W,0,0.75473446,0.1610400527715683,0.7664670944213867,0.40018004179000854
YDR224C,YNL306W,0,0.75416845,0.16100628674030304,0.7664670944213867,0.40028005838394165
YIR002C,YLR212C,0,0.7540516,0.16097253561019897,0.7664670944213867,0.40038007497787476
YHR116W,YLR040C,0,0.7534817,0.1609388142824173,0.7664670944213867,0.40048009157180786
YOL156W,YBR283C,0,0.75325847,0.16090509295463562,0.7664670944213867,0.40058010816574097
YPL206C,YLR126C,0,0.75306123,0.16087138652801514,0.7664670944213867,0.4006801247596741
YER133W,YEL050C,0,0.75277525,0.16083769500255585,0.7664670944213867,0.4007801413536072
YML129C,YKL164C,0,0.7527203,0.16080401837825775,0.7664670944213867,0.40088018774986267
YNL242W,YKR059W,0,0.75262517,0.16077035665512085,0.7664670944213867,0.4009802043437958
YGL192W,YOR074C,1,0.7524079,0.16094599664211273,0.7674650549888611,0.4009802043437958
YDR126W,YBR291C,0,0.75223047,0.16091232001781464,0.7674650549888611,0.4010802209377289
YBR159W,YBR058C,0,0.7521469,0.16087865829467773,0.7674650549888611,0.401180237531662
YOR347C,YGL251C,0,0.7521188,0.16084501147270203,0.7674650549888611,0.4012802541255951
YMR016C,YDR060W,0,0.7521079,0.1608113795518875,0.7674650549888611,0.4013802707195282
YCR053W,YEL021W,0,0.75158346,0.160777747631073,0.7674650549888611,0.4014802873134613
YNR061C,YGR062C,0,0.7514809,0.16074414551258087,0.7674650549888611,0.4015803039073944
YBR061C,YHR207C,1,0.75136304,0.16091954708099365,0.7684630751609802,0.4015803039073944
YJR033C,YGR189C,0,0.7508833,0.16088591516017914,0.7684630751609802,0.4016803503036499
YDL138W,YMR188C,0,0.75081086,0.160852313041687,0.7684630751609802,0.401780366897583
YNL136W,YBR185C,0,0.7507984,0.16081871092319489,0.7684630751609802,0.4018803834915161
YCR081W,YLR357W,0,0.7505397,0.16078513860702515,0.7684630751609802,0.4019804000854492
YER140W,YOR092W,0,0.75052613,0.1607515662908554,0.7684630751609802,0.4020804166793823
YGR188C,YGL141W,0,0.75050384,0.16071800887584686,0.7684630751609802,0.40218043327331543
YNR043W,YLR430W,0,0.7502308,0.1606844812631607,0.7684630751609802,0.40228044986724854
YOR265W,YOL120C,0,0.7498649,0.16065095365047455,0.7684630751609802,0.40238046646118164
YLR283W,YBR237W,0,0.74976355,0.16061744093894958,0.7684630751609802,0.40248048305511475
YGL119W,YBR142W,0,0.7496457,0.16058394312858582,0.7684630751609802,0.40258052945137024
YDL136W,YDR011W,0,0.7493718,0.16055046021938324,0.7684630751609802,0.40268054604530334
YNL206C,YLR176C,0,0.7492531,0.16051699221134186,0.7684630751609802,0.40278056263923645
YDL033C,YBR251W,0,0.7489371,0.16048353910446167,0.7684630751609802,0.40288057923316956
YNL301C,YNL128W,0,0.7488387,0.16045010089874268,0.7684630751609802,0.40298059582710266
YMR290C,YPR168W,0,0.7481417,0.16041666269302368,0.7684630751609802,0.40308061242103577
YGR188C,YLR079W,0,0.7479734,0.16038325428962708,0.7684630751609802,0.40318062901496887
YLR204W,YGR262C,0,0.7474368,0.16034986078739166,0.7684630751609802,0.403280645608902
YFR015C,YKL028W,0,0.74740297,0.16031646728515625,0.7684630751609802,0.4033806622028351
YIL070C,YPR098C,0,0.7471425,0.16028310358524323,0.7684630751609802,0.4034807085990906
YBR236C,YJL168C,1,0.7469502,0.16045784950256348,0.7694610953330994,0.4034807085990906
YDR074W,YER091C,0,0.7466075,0.16042447090148926,0.7694610953330994,0.4035807251930237
YKL089W,YDR288W,0,0.74620444,0.16039109230041504,0.7694610953330994,0.4036807417869568
YLR459W,YOL152W,0,0.74581337,0.1603577435016632,0.7694610953330994,0.4037807583808899
YOL117W,YER044C,0,0.74577934,0.16032439470291138,0.7694610953330994,0.403880774974823
YDR236C,YEL015W,0,0.74577373,0.16029106080532074,0.7694610953330994,0.4039807915687561
YOL127W,YLR139C,0,0.74523824,0.1602577418088913,0.7694610953330994,0.4040808081626892
YBR264C,YPL028W,0,0.74490005,0.16022443771362305,0.7694610953330994,0.4041808247566223
YDR096W,YBR122C,0,0.7433403,0.160191148519516,0.7694610953330994,0.4042808413505554
YDR297W,YER110C,0,0.74280506,0.16015787422657013,0.7694610953330994,0.4043808877468109
YNL046W,YDR376W,0,0.74214834,0.16012461483478546,0.7694610953330994,0.404480904340744
YOL127W,YGL123W,0,0.74208426,0.1600913554430008,0.7694610953330994,0.4045809209346771
YJL125C,YMR204C,0,0.7415046,0.1600581258535385,0.7694610953330994,0.40468093752861023
YEL061C,YOL140W,0,0.7412198,0.16002491116523743,0.7694610953330994,0.40478095412254333
YLR238W,YIL101C,0,0.74047,0.15999169647693634,0.7694610953330994,0.40488097071647644
YDR033W,YDL056W,0,0.7404284,0.15995851159095764,0.7694610953330994,0.40498098731040955
YPL144W,YBR123C,0,0.7403205,0.15992532670497894,0.7694610953330994,0.40508100390434265
YBR158W,YBR166C,0,0.7399105,0.15989215672016144,0.7694610953330994,0.40518105030059814
YNL308C,YNR022C,0,0.7399022,0.15985900163650513,0.7694610953330994,0.40528106689453125
YJR145C,YJL189W,0,0.73947424,0.1598258763551712,0.7694610953330994,0.40538108348846436
YDL138W,YGL003C,0,0.7382937,0.15979275107383728,0.7694610953330994,0.40548110008239746
YOR069W,YER007W,0,0.7381563,0.15975964069366455,0.7694610953330994,0.40558111667633057
YBR176W,YPL030W,1,0.7374896,0.15993370115756989,0.7704590559005737,0.40558111667633057
YLL050C,YER089C,0,0.7372123,0.15990057587623596,0.7704590559005737,0.40568113327026367
YBR286W,YLR097C,0,0.7369497,0.15986746549606323,0.7704590559005737,0.4057811498641968
YGL249W,YDL205C,0,0.73646086,0.1598343700170517,0.7704590559005737,0.4058811664581299
YER029C,YER184C,0,0.7364133,0.15980128943920135,0.7704590559005737,0.405981183052063
YNL007C,YBR241C,0,0.7360562,0.159768208861351,0.7704590559005737,0.4060812294483185
YGL173C,YGR156W,0,0.7355543,0.15973515808582306,0.7704590559005737,0.4061812460422516
YER140W,YML005W,0,0.7354388,0.1597021073102951,0.7704590559005737,0.4062812626361847
YML054C,YDR443C,0,0.7351416,0.15966908633708954,0.7704590559005737,0.4063812792301178
YHL040C,YER020W,0,0.73509204,0.15963606536388397,0.7704590559005737,0.4064812958240509
YNL063W,YPL030W,1,0.73494655,0.15980979800224304,0.7714570760726929,0.4064812958240509
YGL120C,YBL023C,0,0.73491436,0.15977676212787628,0.7714570760726929,0.406581312417984
YDR165W,YPL017C,1,0.7348016,0.1599504053592682,0.772455096244812,0.406581312417984
YIL034C,YDL085W,0,0.7343233,0.15991735458374023,0.772455096244812,0.4066813290119171
YMR233W,YMR037C,0,0.7339432,0.15988431870937347,0.772455096244812,0.4067813456058502
YNL128W,YAL062W,0,0.73349,0.1598512977361679,0.772455096244812,0.4068813621997833
YBR035C,YMR208W,0,0.7331744,0.15981829166412354,0.772455096244812,0.4069814085960388
YJR010C-A,YJL090C,0,0.73233736,0.15978530049324036,0.772455096244812,0.4070814251899719
YML042W,YBR213W,0,0.732262,0.15975232422351837,0.772455096244812,0.40718144178390503
YNL292W,YDR044W,0,0.73199475,0.15971936285495758,0.772455096244812,0.40728145837783813
YNL330C,YLR370C,0,0.7308622,0.1596864014863968,0.772455096244812,0.40738147497177124
YNL292W,YOL056W,0,0.7304421,0.1596534699201584,0.772455096244812,0.40748149156570435
YIL034C,YLR343W,0,0.73026055,0.15962053835391998,0.772455096244812,0.40758150815963745
YMR289W,YBL064C,0,0.7298861,0.15958762168884277,0.772455096244812,0.40768152475357056
YPL157W,YEL065W,0,0.72988015,0.15955473482608795,0.772455096244812,0.40778157114982605
YMR016C,YMR312W,0,0.72960687,0.15952184796333313,0.772455096244812,0.40788158774375916
YML012W,YJR010C-A,0,0.72905904,0.1594889760017395,0.772455096244812,0.40798160433769226
YLR170C,YNR016C,0,0.72889805,0.15945611894130707,0.772455096244812,0.40808162093162537
YDL099W,YJL025W,0,0.7287334,0.15942327678203583,0.772455096244812,0.40818163752555847
YKL156W,YPR036W,0,0.72850746,0.15939044952392578,0.772455096244812,0.4082816541194916
YMR016C,YHR136C,0,0.72849464,0.15935762226581573,0.772455096244812,0.4083816707134247
YML040W,YMR088C,0,0.72784346,0.15932482481002808,0.772455096244812,0.4084816873073578
YDL137W,YPL271W,0,0.7278336,0.1592920422554016,0.772455096244812,0.4085817039012909
YEL013W,YLR154C,0,0.7275271,0.15925925970077515,0.772455096244812,0.4086817502975464
YOL139C,YMR022W,0,0.72709084,0.15922649204730988,0.772455096244812,0.4087817668914795
YLR015W,YOR337W,0,0.72708553,0.159193754196167,0.772455096244812,0.4088817834854126
YOR151C,YGL039W,0,0.72652185,0.1591610163450241,0.772455096244812,0.4089818000793457
YJL097W,YDR130C,0,0.72629374,0.15912829339504242,0.772455096244812,0.4090818166732788
YJL143W,YMR022W,0,0.7259799,0.15909558534622192,0.772455096244812,0.4091818332672119
YLR448W,YNL268W,0,0.7255892,0.15906289219856262,0.772455096244812,0.409281849861145
YAL035W,YGR200C,0,0.72533804,0.15903019905090332,0.772455096244812,0.4093818664550781
YLR286C,YLR327C,0,0.72516996,0.1589975357055664,0.772455096244812,0.40948188304901123
YPR049C,YLR221C,0,0.72503287,0.15896488726139069,0.772455096244812,0.4095819294452667
YLL013C,YAL044C,0,0.7249989,0.15893223881721497,0.772455096244812,0.40968194603919983
YFR015C,YBR009C,0,0.72497404,0.15889960527420044,0.772455096244812,0.40978196263313293
YLR139C,YDR507C,0,0.7239226,0.1588670015335083,0.772455096244812,0.40988197922706604
YKL034W,YBR213W,0,0.72368795,0.15883439779281616,0.772455096244812,0.40998199582099915
YGL223C,YFR041C,0,0.7233527,0.15880180895328522,0.772455096244812,0.41008201241493225
YLR238W,YDR018C,0,0.72201973,0.15876923501491547,0.772455096244812,0.41018202900886536
YHR116W,YBL090W,0,0.72162324,0.1587366759777069,0.772455096244812,0.41028204560279846
YMR184W,YBL061C,0,0.7214565,0.15870411694049835,0.772455096244812,0.41038206219673157
YBR176W,YHR044C,0,0.7208704,0.15867158770561218,0.772455096244812,0.41048210859298706
YJR110W,YDR511W,0,0.7208107,0.158639058470726,0.772455096244812,0.41058212518692017
YDR065W,YDR093W,0,0.72051245,0.15860655903816223,0.772455096244812,0.41068214178085327
YDR126W,YBR058C,0,0.720234,0.15857405960559845,0.772455096244812,0.4107821583747864
YKL034W,YBR164C,0,0.71983147,0.15854157507419586,0.772455096244812,0.4108821749687195
YGL120C,YDR393W,0,0.7193759,0.15850912034511566,0.772455096244812,0.4109821915626526
YKL108W,YLR265C,0,0.71932155,0.15847666561603546,0.772455096244812,0.4110822081565857
YDR086C,YGR156W,0,0.7192613,0.15844421088695526,0.772455096244812,0.4111822247505188
YGL249W,YLR154C,0,0.71912104,0.15841178596019745,0.772455096244812,0.4112822711467743
YGR047C,YER164W,0,0.71894544,0.15837937593460083,0.772455096244812,0.4113822877407074
YER087C-A,YPR021C,0,0.71884364,0.1583469659090042,0.772455096244812,0.4114823043346405
YOL030W,YAR010C,0,0.7187111,0.15831458568572998,0.772455096244812,0.4115823209285736
YGR035C,YDR436W,0,0.7186018,0.15828220546245575,0.772455096244812,0.4116823375225067
YER099C,YEL021W,0,0.71855557,0.1582498401403427,0.772455096244812,0.4117823541164398
YLL062C,YCR054C,0,0.7185467,0.15821750462055206,0.772455096244812,0.4118823707103729
YHR023W,YIR017C,0,0.7183861,0.1581851691007614,0.772455096244812,0.41198238730430603
YEL013W,YDR086C,0,0.7181663,0.15815283358097076,0.772455096244812,0.41208240389823914
YPL144W,YOL007C,0,0.71767205,0.1581205278635025,0.772455096244812,0.41218245029449463
YPL028W,YIL026C,0,0.7172289,0.15808823704719543,0.772455096244812,0.41228246688842773
YOR347C,YNR007C,0,0.7167842,0.15805594623088837,0.772455096244812,0.41238248348236084
YGR086C,YDR077W,0,0.71640116,0.1580236852169037,0.772455096244812,0.41248250007629395
YBR058C-A,YAL025C,0,0.716081,0.157991424202919,0.772455096244812,0.41258251667022705
YPR096C,YCR054C,0,0.7158631,0.15795917809009552,0.772455096244812,0.41268253326416016
YNL049C,YHR011W,0,0.7155867,0.15792694687843323,0.772455096244812,0.41278254985809326
YDL200C,YDR421W,0,0.71550477,0.15789473056793213,0.772455096244812,0.41288256645202637
YMR188C,YGR274C,0,0.715295,0.15786252915859222,0.772455096244812,0.4129825830459595
YER148W,YKL024C,0,0.715096,0.1578303426504135,0.772455096244812,0.41308262944221497
YDR481C,YKL140W,0,0.714853,0.157798171043396,0.772455096244812,0.41318264603614807
YML005W,YKL179C,0,0.71471786,0.15776599943637848,0.772455096244812,0.4132826626300812
YAL041W,YDR440W,0,0.71402043,0.15773384273052216,0.772455096244812,0.4133826792240143
YDL210W,YLR090W,0,0.71376,0.15770171582698822,0.772455096244812,0.4134826958179474
YMR204C,YIR009W,0,0.7131765,0.15766958892345428,0.772455096244812,0.4135827124118805
YOL093W,YML005W,1,0.71286684,0.15784114599227905,0.7734531164169312,0.4135827124118805
YBL103C,YMR257C,0,0.712605,0.15780900418758392,0.7734531164169312,0.4136827290058136
YFR041C,YJR033C,0,0.7125661,0.15777687728405,0.7734531164169312,0.4137827455997467
YMR306W,YLR427W,0,0.7124819,0.15774476528167725,0.7734531164169312,0.4138827621936798
YIL039W,YOR043W,0,0.71226376,0.1577126532793045,0.7734531164169312,0.4139828085899353
YMR100W,YMR282C,0,0.7121365,0.15768057107925415,0.7734531164169312,0.4140828251838684
YOR211C,YBL055C,0,0.7116119,0.1576484888792038,0.7734531164169312,0.4141828417778015
YNL280C,YPR184W,0,0.7116016,0.15761643648147583,0.7734531164169312,0.4142828583717346
YGL211W,YBL039C,0,0.71146536,0.15758438408374786,0.7734531164169312,0.4143828749656677
YMR307W,YBR087W,0,0.7113592,0.1575523465871811,0.7734531164169312,0.41448289155960083
YHR116W,YOR346W,0,0.71122986,0.1575203239917755,0.7734531164169312,0.41458290815353394
YBR299W,YGR014W,0,0.71119756,0.15748831629753113,0.7734531164169312,0.41468292474746704
YDR388W,YJL046W,0,0.7111487,0.15745632350444794,0.7734531164169312,0.41478297114372253
YDR443C,YDL112W,0,0.7109726,0.15742433071136475,0.7734531164169312,0.41488298773765564
YLR090W,YNR041C,0,0.7108579,0.15739236772060394,0.7734531164169312,0.41498300433158875
YDR270W,YJL129C,0,0.71079594,0.15736040472984314,0.7734531164169312,0.41508302092552185
YFR032C-A,YNL244C,0,0.7105818,0.15732845664024353,0.7734531164169312,0.41518303751945496
YDL127W,YOR150W,0,0.71040624,0.15729652345180511,0.7734531164169312,0.41528305411338806
YOL030W,YIL072W,0,0.71017945,0.1572646051645279,0.7734531164169312,0.41538307070732117
YBL024W,YCL054W,1,0.71007437,0.1574355810880661,0.7744510769844055,0.41538307070732117
YHR184W,YGR279C,0,0.70965827,0.15740364789962769,0.7744510769844055,0.4154830873012543
YHR101C,YOR127W,0,0.70955306,0.15737172961235046,0.7744510769844055,0.4155831038951874
YLR015W,YEL054C,0,0.70919615,0.15733982622623444,0.7744510769844055,0.41568315029144287
YGL223C,YGR035C,0,0.708521,0.1573079228401184,0.7744510769844055,0.415783166885376
YBR092C,YNL012W,0,0.7082339,0.15727604925632477,0.7744510769844055,0.4158831834793091
YMR306W,YGR014W,0,0.7081767,0.15724417567253113,0.7744510769844055,0.4159832000732422
YML125C,YJR135C,0,0.7079902,0.15721231698989868,0.7744510769844055,0.4160832166671753
YDR056C,YDR086C,0,0.7078659,0.15718047320842743,0.7744510769844055,0.4161832332611084
YPL157W,YCL055W,1,0.7078508,0.15735115110874176,0.7754490971565247,0.4161832332611084
YMR298W,YNL188W,0,0.70783573,0.15731929242610931,0.7754490971565247,0.4162832498550415
YMR088C,YJR126C,0,0.70754963,0.15728744864463806,0.7754490971565247,0.4163832664489746
YAL041W,YPL051W,0,0.7072969,0.157255619764328,0.7754490971565247,0.4164832830429077
YER091C,YBR185C,0,0.70724654,0.15722379088401794,0.7754490971565247,0.4165833294391632
YER056C-A,YGR158C,0,0.70717144,0.15719199180603027,0.7754490971565247,0.4166833460330963
YER061C,YLR287C-A,0,0.7066366,0.1571601927280426,0.7754490971565247,0.4167833626270294
YNL007C,YOR306C,0,0.7061079,0.15712840855121613,0.7754490971565247,0.4168833792209625
YNL092W,YDL200C,1,0.7059831,0.15729883313179016,0.7764471173286438,0.4168833792209625
YLR142W,YOR332W,0,0.70587546,0.1572670340538025,0.7764471173286438,0.41698339581489563
YDR400W,YNL101W,0,0.7058261,0.157235249876976,0.7764471173286438,0.41708341240882874
YIL004C,YOR224C,0,0.70568764,0.15720348060131073,0.7764471173286438,0.41718342900276184
YDR107C,YDL080C,0,0.70566064,0.15717171132564545,0.7764471173286438,0.41728344559669495
YCL075W,YAL062W,0,0.7056084,0.15713997185230255,0.7764471173286438,0.41738346219062805
YJL106W,YDR362C,0,0.7055878,0.15710823237895966,0.7764471173286438,0.41748350858688354
YGR274C,YDR247W,0,0.7054804,0.15707652270793915,0.7764471173286438,0.41758352518081665
YDL144C,YCR054C,0,0.7053327,0.15704481303691864,0.7764471173286438,0.41768354177474976
YLL013C,YER133W,0,0.7051442,0.15701311826705933,0.7764471173286438,0.41778355836868286
YOL152W,YOR036W,0,0.70502275,0.1569814383983612,0.7764471173286438,0.41788357496261597
YHR207C,YPR028W,0,0.70464057,0.15694977343082428,0.7764471173286438,0.4179835915565491
YML077W,YPL092W,0,0.7044391,0.15691810846328735,0.7764471173286438,0.4180836081504822
YOR037W,YNR022C,0,0.70442116,0.15688647329807281,0.7764471173286438,0.4181836247444153
YER025W,YMR247C,0,0.7043924,0.15685483813285828,0.7764471173286438,0.4182836711406708
YDR356W,YHR052W,0,0.70411676,0.15682321786880493,0.7764471173286438,0.4183836877346039
YNL049C,YER030W,0,0.7034113,0.15679161250591278,0.7764471173286438,0.418483704328537
YCR077C,YNL213C,0,0.70319116,0.15676002204418182,0.7764471173286438,0.4185837209224701
YML012W,YKR037C,0,0.70311564,0.15672844648361206,0.7764471173286438,0.4186837375164032
YDL231C,YGR292W,0,0.7030485,0.1566968709230423,0.7764471173286438,0.4187837541103363
YNR043W,YLR139C,0,0.7029029,0.15666532516479492,0.7764471173286438,0.4188837707042694
YPL172C,YDR487C,0,0.7016949,0.15663377940654755,0.7764471173286438,0.4189837872982025
YLL009C,YJR066W,0,0.7016363,0.15660224854946136,0.7764471173286438,0.4190838038921356
YKR056W,YPL017C,1,0.70159596,0.15677198767662048,0.7774451375007629,0.4190838038921356
YKL183W,YOR070C,0,0.7014324,0.1567404419183731,0.7774451375007629,0.4191838502883911
YNL242W,YLR448W,0,0.7012918,0.15670891106128693,0.7774451375007629,0.4192838668823242
YGR047C,YDL130W-A,0,0.7001622,0.15667739510536194,0.7774451375007629,0.4193838834762573
YDR013W,YDR103W,0,0.69959456,0.15664589405059814,0.7774451375007629,0.41948390007019043
YCR040W,YPL033C,0,0.6994888,0.15661439299583435,0.7774451375007629,0.41958391666412354
YPR063C,YKL178C,0,0.6991142,0.15658292174339294,0.7774451375007629,0.41968393325805664
YGR106C,YDR252W,0,0.6983872,0.15655145049095154,0.7774451375007629,0.41978394985198975
YDL229W,YMR285C,0,0.6982679,0.15651999413967133,0.7774451375007629,0.41988396644592285
YFL004W,YPL269W,0,0.6981754,0.1564885526895523,0.7774451375007629,0.41998398303985596
YMR100W,YLR048W,0,0.69781977,0.15645712614059448,0.7774451375007629,0.42008402943611145
YMR166C,YDR130C,0,0.6974035,0.15642569959163666,0.7774451375007629,0.42018404603004456
YGL161C,YDR177W,0,0.69734055,0.15639430284500122,0.7774451375007629,0.42028406262397766
YDR033W,YML048W,0,0.6973342,0.15636290609836578,0.7774451375007629,0.42038407921791077
YML040W,YMR071C,0,0.6969354,0.15633152425289154,0.7774451375007629,0.42048409581184387
YHL019C,YGR063C,0,0.69632095,0.1563001573085785,0.7774451375007629,0.420584112405777
YOL071W,YLL001W,0,0.6959492,0.15626880526542664,0.7774451375007629,0.4206841289997101
YKL173W,YNR050C,0,0.69592136,0.15623746812343597,0.7774451375007629,0.4207841455936432
YDL067C,YOR332W,0,0.69569135,0.1562061309814453,0.7774451375007629,0.4208841621875763
YDL019C,YGR189C,0,0.69523627,0.15617482364177704,0.7774451375007629,0.4209842085838318
YFL044C,YHR086W,0,0.6946812,0.15614351630210876,0.7774451375007629,0.4210842251777649
YNL311C,YNL112W,0,0.6946638,0.15611222386360168,0.7774451375007629,0.421184241771698
YHR109W,YHR209W,1,0.69462556,0.15628130733966827,0.7784430980682373,0.421184241771698
YKL089W,YNL308C,0,0.69400966,0.15625,0.7784430980682373,0.4212842583656311
YLR356W,YBL057C,0,0.69400585,0.15621870756149292,0.7784430980682373,0.4213842749595642
YGL035C,YOL002C,0,0.693664,0.15618743002414703,0.7784430980682373,0.4214842915534973
YJL219W,YJL102W,0,0.6935931,0.15615615248680115,0.7784430980682373,0.4215843081474304
YIL125W,YER007W,0,0.69344693,0.15612490475177765,0.7784430980682373,0.4216843247413635
YKL183W,YNL227C,0,0.6928308,0.15609365701675415,0.7784430980682373,0.421784371137619
YBL054W,YLR238W,0,0.69267076,0.15606242418289185,0.7784430980682373,0.4218843877315521
YNL146W,YIL124W,0,0.6924332,0.15603120625019073,0.7784430980682373,0.42198440432548523
YDR248C,YCL031C,0,0.6920525,0.15600000321865082,0.7784430980682373,0.42208442091941833
YDR388W,YJL080C,0,0.69168466,0.1559688001871109,0.7784430980682373,0.42218443751335144
YJR139C,YHR116W,0,0.69149625,0.15593762695789337,0.7784430980682373,0.42228445410728455
YNL166C,YDR166C,0,0.69098455,0.15590645372867584,0.7784430980682373,0.42238447070121765
YDR511W,YDR093W,0,0.6907992,0.1558752954006195,0.7784430980682373,0.42248448729515076
YKR038C,YPR070W,0,0.69078165,0.15584415197372437,0.7784430980682373,0.42258450388908386
YJL108C,YAL058W,0,0.69038826,0.15581302344799042,0.7784430980682373,0.42268455028533936
YER083C,YLR371W,0,0.69037735,0.15578190982341766,0.7784430980682373,0.42278456687927246
YBR036C,YDR044W,0,0.6903641,0.1557507961988449,0.7784430980682373,0.42288458347320557
YGR154C,YNL135C,0,0.69028103,0.15571969747543335,0.7784430980682373,0.42298460006713867
YKR014C,YJL048C,0,0.690246,0.15568862855434418,0.7784430980682373,0.4230846166610718
YJR134C,YLR099C,0,0.6901534,0.155657559633255,0.7784430980682373,0.4231846332550049
YDR074W,YDR318W,0,0.6898568,0.15562649071216583,0.7784430980682373,0.423284649848938
YPL174C,YHR136C,0,0.6898444,0.15559545159339905,0.7784430980682373,0.4233846664428711
YDR265W,YIR006C,0,0.6897245,0.15556441247463226,0.7784430980682373,0.4234846830368042
YNL166C,YDR510W,0,0.6896971,0.15553340315818787,0.7784430980682373,0.4235847294330597
YJR076C,YGR158C,0,0.6896769,0.15550239384174347,0.7784430980682373,0.4236847460269928
YIL090W,YOL120C,0,0.6896196,0.15547139942646027,0.7784430980682373,0.4237847626209259
YDR469W,YOL141W,1,0.6894378,0.15563969314098358,0.7794411182403564,0.4237847626209259
YJL033W,YNL046W,0,0.6892428,0.15560868382453918,0.7794411182403564,0.423884779214859
YML005W,YDL112W,1,0.68896466,0.15577688813209534,0.7804391384124756,0.423884779214859
YGL003C,YMR012W,0,0.6889517,0.15574586391448975,0.7804391384124756,0.4239847958087921
YNL024C,YGL192W,1,0.6888291,0.15591397881507874,0.78143709897995,0.4239847958087921
YFR015C,YJL056C,0,0.6879488,0.15588293969631195,0.78143709897995,0.4240848124027252
YBR286W,YDR270W,0,0.6879043,0.15585191547870636,0.78143709897995,0.4241848289966583
YMR088C,YDR466W,0,0.6876779,0.15582089126110077,0.78143709897995,0.42428484559059143
YNL308C,YJL090C,0,0.6875288,0.15578989684581757,0.78143709897995,0.42438486218452454
YFR041C,YIR023W,0,0.68747675,0.15575890243053436,0.78143709897995,0.42448490858078003
YMR023C,YGR116W,0,0.6874534,0.15572792291641235,0.78143709897995,0.42458492517471313
YGR274C,YPL111W,0,0.6873751,0.15569695830345154,0.78143709897995,0.42468494176864624
YDR118W,YDL180W,0,0.68723065,0.15566600859165192,0.78143709897995,0.42478495836257935
YIL150C,YIR006C,0,0.68717366,0.1556350588798523,0.78143709897995,0.42488497495651245
YOR039W,YHR186C,0,0.6859685,0.15560413897037506,0.78143709897995,0.42498499155044556
YPL028W,YOL140W,0,0.6859361,0.15557321906089783,0.78143709897995,0.42508500814437866
YPL090C,YJR045C,0,0.68586963,0.1555423140525818,0.78143709897995,0.42518502473831177
YBR158W,YKR058W,0,0.68568164,0.15551142394542694,0.78143709897995,0.42528507113456726
YGL128C,YMR012W,0,0.68555576,0.1554805338382721,0.78143709897995,0.42538508772850037
YGL021W,YBR231C,0,0.6853405,0.15544967353343964,0.78143709897995,0.42548510432243347
YKR061W,YDR032C,0,0.6853214,0.15541881322860718,0.78143709897995,0.4255851209163666
YNR040W,YOL125W,0,0.68510205,0.1553879678249359,0.78143709897995,0.4256851375102997
YBL093C,YMR204C,0,0.68487996,0.15535713732242584,0.78143709897995,0.4257851541042328
YLR212C,YIR006C,0,0.68399394,0.15532632172107697,0.78143709897995,0.4258851706981659
YDL129W,YAL043C,0,0.6839276,0.15529552102088928,0.78143709897995,0.425985187292099
YLR134W,YNL325C,0,0.6838562,0.1552647203207016,0.78143709897995,0.4260852038860321
YBL039C,YBL055C,0,0.6838514,0.1552339345216751,0.78143709897995,0.4261852502822876
YDL043C,YOR066W,0,0.68377787,0.155203178524971,0.78143709897995,0.4262852668762207
YCR009C,YDL204W,0,0.68370205,0.1551724076271057,0.78143709897995,0.4263852834701538
YBR240C,YPL186C,0,0.68365,0.1551416665315628,0.78143709897995,0.4264853000640869
YDL143W,YDR520C,0,0.68361336,0.1551109403371811,0.78143709897995,0.42658531665802
YGL059W,YHR011W,0,0.6835325,0.15508021414279938,0.78143709897995,0.4266853332519531
YGR054W,YMR184W,0,0.68346244,0.15504950284957886,0.78143709897995,0.42678534984588623
YIL145C,YKL059C,0,0.6833602,0.15501880645751953,0.78143709897995,0.42688536643981934
YLR142W,YER153C,0,0.6831079,0.1549881249666214,0.78143709897995,0.42698538303375244
YNL128W,YGR002C,0,0.68303305,0.15495745837688446,0.78143709897995,0.42708542943000793
YKL004W,YOR067C,0,0.68288535,0.15492679178714752,0.78143709897995,0.42718544602394104
YJL129C,YJL190C,0,0.6828478,0.15489614009857178,0.78143709897995,0.42728546261787415
YIL090W,YML048W,0,0.682373,0.15486550331115723,0.78143709897995,0.42738547921180725
YER099C,YLR038C,0,0.6821933,0.15483488142490387,0.78143709897995,0.42748549580574036
YOL005C,YGR002C,0,0.68208104,0.1548042744398117,0.78143709897995,0.42758551239967346
YFL044C,YGR075C,0,0.68180364,0.15477366745471954,0.78143709897995,0.42768552899360657
YNR070W,YPL092W,0,0.68155235,0.15474309027194977,0.78143709897995,0.4277855455875397
YML005W,YBR271W,1,0.681438,0.1549101024866104,0.7824351191520691,0.4277855455875397
YER070W,YNL306W,0,0.6813659,0.15487949550151825,0.7824351191520691,0.42788559198379517
YOR075W,YNL135C,0,0.6811994,0.15484890341758728,0.7824351191520691,0.42798560857772827
YOR037W,YLR032W,0,0.68118185,0.1548183262348175,0.7824351191520691,0.4280856251716614
YMR316W,YGL253W,0,0.6807562,0.15478776395320892,0.7824351191520691,0.4281856417655945
YFL004W,YMR281W,0,0.680716,0.15475720167160034,0.7824351191520691,0.4282856583595276
YLR126C,YCL027W,0,0.68065965,0.15472666919231415,0.7824351191520691,0.4283856749534607
YLL013C,YDR014W,0,0.6800919,0.15469613671302795,0.7824351191520691,0.4284856915473938
YML040W,YDL019C,0,0.67995965,0.15466561913490295,0.7824351191520691,0.4285857081413269
YMR257C,YJL136C,0,0.6796397,0.15463510155677795,0.7824351191520691,0.42868572473526
YDR121W,YDR320C,0,0.67957443,0.15460461378097534,0.7824351191520691,0.4287857711315155
YNR027W,YGR234W,0,0.67923445,0.15457412600517273,0.7824351191520691,0.4288857877254486
YNL063W,YOR074C,1,0.67908806,0.15474078059196472,0.7834331393241882,0.4288857877254486
YER088C,YDR368W,0,0.6790801,0.1547102928161621,0.7834331393241882,0.4289858043193817
YGL253W,YDR483W,0,0.67889583,0.1546798050403595,0.7834331393241882,0.4290858209133148
YEL064C,YKR048C,0,0.67883015,0.15464933216571808,0.7834331393241882,0.4291858375072479
YML012W,YJL136C,0,0.67761344,0.15461887419223785,0.7834331393241882,0.42928585410118103
YDR118W,YOR233W,0,0.677407,0.15458841621875763,0.7834331393241882,0.42938587069511414
YBL090W,YHR010W,0,0.6771274,0.1545579880475998,0.7834331393241882,0.42948588728904724
YEL015W,YDL130W-A,0,0.67684704,0.15452755987644196,0.7834331393241882,0.42958590388298035
YDR134C,YBL082C,0,0.6760685,0.1544971466064453,0.7834331393241882,0.42968595027923584
YNL242W,YFR003C,0,0.6760151,0.15446674823760986,0.7834331393241882,0.42978596687316895
YBR286W,YPR063C,0,0.67599744,0.15443634986877441,0.7834331393241882,0.42988598346710205
YGR106C,YLR371W,0,0.67544913,0.15440598130226135,0.7834331393241882,0.42998600006103516
YOL100W,YMR051C,0,0.6748938,0.1543756127357483,0.7834331393241882,0.43008601665496826
YAL053W,YKR105C,0,0.6748835,0.15434525907039642,0.7834331393241882,0.43018603324890137
YCR020C,YLR207W,0,0.67485565,0.15431492030620575,0.7834331393241882,0.4302860498428345
YKR061W,YJL090C,0,0.6746937,0.15428459644317627,0.7834331393241882,0.4303860664367676
YJR135C,YNL227C,0,0.6746735,0.1542542725801468,0.7834331393241882,0.4304860830307007
YAL041W,YOL123W,0,0.6745855,0.1542239636182785,0.7834331393241882,0.4305861294269562
YER053C,YLR265C,0,0.6741845,0.1541936695575714,0.7834331393241882,0.4306861460208893
YER082C,YJL190C,0,0.67400724,0.1541633903980255,0.7834331393241882,0.4307861626148224
YIL072W,YIL124W,0,0.6738693,0.1541331261396408,0.7834331393241882,0.4308861792087555
YOL152W,YDL060W,0,0.67380625,0.1541028618812561,0.7834331393241882,0.4309861958026886
YAR015W,YOL005C,0,0.67366886,0.1540726274251938,0.7834331393241882,0.4310862123966217
YDR253C,YPR132W,0,0.67308074,0.15404239296913147,0.7834331393241882,0.4311862289905548
YJR160C,YFL044C,0,0.67130977,0.15401215851306915,0.7834331393241882,0.4312862455844879
YER096W,YPL101W,0,0.6711083,0.15398195385932922,0.7834331393241882,0.4313862919807434
YPR184W,YCL050C,0,0.67089134,0.1539517492055893,0.7834331393241882,0.4314863085746765
YIL004C,YOR046C,0,0.6707083,0.15392157435417175,0.7834331393241882,0.4315863251686096
YBR175W,YIR015W,0,0.6704692,0.1538913995027542,0.7834331393241882,0.4316863417625427
YBR176W,YGL192W,1,0.6697745,0.15405723452568054,0.7844311594963074,0.4316863417625427
YDR436W,YPR096C,0,0.66968936,0.1540270447731018,0.7844311594963074,0.43178635835647583
YDL205C,YGL141W,0,0.6688414,0.15399686992168427,0.7844311594963074,0.43188637495040894
YFR037C,YOL071W,0,0.66818386,0.15396669507026672,0.7844311594963074,0.43198639154434204
YAL043C,YGL039W,0,0.6681118,0.15393655002117157,0.7844311594963074,0.43208640813827515
YML085C,YCR094W,0,0.66784304,0.15390640497207642,0.7844311594963074,0.43218642473220825
YDR012W,YAL058W,0,0.6677534,0.15387627482414246,0.7844311594963074,0.43228647112846375
YDL060W,YML037C,0,0.6675872,0.1538461595773697,0.7844311594963074,0.43238648772239685
YNL001W,YOR278W,0,0.6674983,0.15381604433059692,0.7844311594963074,0.43248650431632996
YBL061C,YNL325C,0,0.66712743,0.15378595888614655,0.7844311594963074,0.43258652091026306
YIL072W,YIL155C,0,0.6670903,0.15375587344169617,0.7844311594963074,0.43268653750419617
YCR009C,YDR533C,0,0.66701484,0.15372580289840698,0.7844311594963074,0.4327865540981293
YDR050C,YLR446W,0,0.6669559,0.1536957323551178,0.7844311594963074,0.4328865706920624
YMR235C,YDR013W,0,0.66661173,0.153665691614151,0.7844311594963074,0.4329865872859955
YEL013W,YGL227W,0,0.66659725,0.1536356508731842,0.7844311594963074,0.4330866038799286
YGL136C,YGR014W,0,0.6661779,0.1536056250333786,0.7844311594963074,0.4331866502761841
YIL070C,YJL065C,0,0.665814,0.1535756140947342,0.7844311594963074,0.4332866668701172
YDR356W,YPL143W,0,0.66561717,0.15354561805725098,0.7844311594963074,0.4333866834640503
YLR370C,YDL017W,0,0.66559595,0.15351562201976776,0.7844311594963074,0.4334867000579834
YLR304C,YNL101W,0,0.6655643,0.15348564088344574,0.7844311594963074,0.4335867166519165
YHR206W,YGR263C,0,0.66543454,0.1534556746482849,0.7844311594963074,0.4336867332458496
YBR024W,YLR414C,0,0.66539556,0.15342572331428528,0.7844311594963074,0.4337867498397827
YBR240C,YGL040C,0,0.6651929,0.15339578688144684,0.7844311594963074,0.4338867664337158
YIR015W,YPL111W,0,0.6649567,0.1533658504486084,0.7844311594963074,0.4339867830276489
YBR240C,YEL038W,0,0.66470283,0.15333592891693115,0.7844311594963074,0.4340868294239044
YAL020C,YNL129W,0,0.66467226,0.1533060222864151,0.7844311594963074,0.4341868460178375
YGR154C,YNL189W,0,0.66435647,0.15327613055706024,0.7844311594963074,0.43428686261177063
YNL129W,YER113C,0,0.66417766,0.15324625372886658,0.7844311594963074,0.43438687920570374
YML042W,YCL050C,0,0.6637524,0.1532163769006729,0.7844311594963074,0.43448689579963684
YDL006W,YGR220C,0,0.66365105,0.15318651497364044,0.7844311594963074,0.43458691239356995
YML040W,YEL054C,0,0.6635867,0.15315666794776917,0.7844311594963074,0.43468692898750305
YKL004W,YLR418C,0,0.66309255,0.1531268209218979,0.7844311594963074,0.43478694558143616
YJR029W,YNR041C,0,0.6625735,0.153097003698349,0.7844311594963074,0.43488699197769165
YBL075C,YDL060W,0,0.66254,0.1530671864748001,0.7844311594963074,0.43498700857162476
YDR130C,YNL268W,0,0.662321,0.15303738415241241,0.7844311594963074,0.43508702516555786
YMR098C,YDL130W,0,0.6617587,0.1530075967311859,0.7844311594963074,0.43518704175949097
YJR068W,YAL062W,0,0.6608234,0.1529778093099594,0.7844311594963074,0.4352870583534241
YDL195W,YDR116C,0,0.66075045,0.1529480516910553,0.7844311594963074,0.4353870749473572
YOL030W,YOL064C,0,0.6607474,0.15291829407215118,0.7844311594963074,0.4354870915412903
YPL177C,YJL097W,0,0.66047686,0.15288853645324707,0.7844311594963074,0.4355871081352234
YEL065W,YPL095C,0,0.6594343,0.15285880863666534,0.7844311594963074,0.4356871247291565
YLR459W,YPL033C,0,0.6585856,0.15282908082008362,0.7844311594963074,0.435787171125412
YCR077C,YKL143W,0,0.6585054,0.15279938280582428,0.7844311594963074,0.4358871877193451
YJL025W,YDR103W,0,0.65834177,0.15276968479156494,0.7844311594963074,0.4359872043132782
YKL017C,YNL096C,0,0.6581647,0.1527399867773056,0.7844311594963074,0.4360872209072113
YEL059C-A,YDR014W,0,0.65729,0.15271031856536865,0.7844311594963074,0.4361872375011444
YER056C-A,YDR447C,0,0.6560218,0.1526806503534317,0.7844311594963074,0.4362872540950775
YOR239W,YGL136C,1,0.65585333,0.15284521877765656,0.7854291200637817,0.4362872540950775
YGR058W,YNL151C,0,0.6551152,0.1528155356645584,0.7854291200637817,0.4363872706890106
YPL090C,YNR047W,0,0.6547936,0.15278586745262146,0.7854291200637817,0.4364872872829437
YPL214C,YPR096C,0,0.65478647,0.1527562141418457,0.7854291200637817,0.43658730387687683
YNL210W,YGR014W,0,0.65440243,0.15272656083106995,0.7854291200637817,0.4366873502731323
YOR181W,YGL040C,0,0.6541807,0.15269693732261658,0.7854291200637817,0.43678736686706543
YBR033W,YFL029C,0,0.6541696,0.1526673138141632,0.7854291200637817,0.43688738346099854
YIL090W,YDR387C,0,0.6541553,0.15263770520687103,0.7854291200637817,0.43698740005493164
YLR192C,YHR067W,0,0.65405065,0.15260811150074005,0.7854291200637817,0.43708741664886475
YGR101W,YBR105C,0,0.6538755,0.15257851779460907,0.7854291200637817,0.43718743324279785
YDL210W,YNL166C,0,0.65381604,0.15254893898963928,0.7854291200637817,0.43728744983673096
YJL072C,YDR236C,0,0.6535086,0.1525193750858307,0.7854291200637817,0.43738746643066406
YKR059W,YLR139C,0,0.65336806,0.1524898260831833,0.7854291200637817,0.43748748302459717
YHR117W,YHL016C,0,0.65331405,0.15246029198169708,0.7854291200637817,0.43758752942085266
YJL102W,YDR044W,0,0.65313685,0.15243075788021088,0.7854291200637817,0.43768754601478577
YGL213C,YJL189W,0,0.65304106,0.15240123867988586,0.7854291200637817,0.43778756260871887
YPR132W,YLR327C,0,0.65284914,0.15237173438072205,0.7854291200637817,0.437887579202652
YML054C,YBL017C,0,0.65255946,0.15234224498271942,0.7854291200637817,0.4379875957965851
YNR020C,YNL310C,0,0.65147597,0.1523127555847168,0.7854291200637817,0.4380876123905182
YJR025C,YOR257W,0,0.6513757,0.15228328108787537,0.7854291200637817,0.4381876289844513
YDR520C,YER112W,0,0.6505545,0.15225382149219513,0.7854291200637817,0.4382876455783844
YBL069W,YHR181W,0,0.65019643,0.1522243767976761,0.7854291200637817,0.4383876919746399
YML077W,YMR311C,0,0.65004677,0.15219493210315704,0.7854291200637817,0.438487708568573
YDR086C,YGR218W,0,0.6497289,0.1521655023097992,0.7854291200637817,0.4385877251625061
YMR235C,YGL123W,0,0.64968306,0.15213608741760254,0.7854291200637817,0.4386877417564392
YPL051W,YOL139C,0,0.64929265,0.15210668742656708,0.7854291200637817,0.4387877583503723
YBL024W,YBL055C,0,0.6490478,0.15207728743553162,0.7854291200637817,0.4388877749443054
YML110C,YDL200C,1,0.64897364,0.15224111080169678,0.7864271402359009,0.4388877749443054
YLR008C,YGL185C,0,0.6489653,0.15221171081066132,0.7864271402359009,0.4389877915382385
YGL106W,YDR055W,0,0.64887536,0.15218231081962585,0.7864271402359009,0.43908780813217163
YOR332W,YDR166C,0,0.64871264,0.1521529257297516,0.7864271402359009,0.43918782472610474
YLL038C,YFR008W,0,0.6485687,0.1521235555410385,0.7864271402359009,0.43928787112236023
YOL072W,YMR017W,0,0.64823806,0.15209418535232544,0.7864271402359009,0.43938788771629333
YJR075W,YML060W,0,0.647615,0.15206484496593475,0.7864271402359009,0.43948790431022644
YLR343W,YBL082C,0,0.6475713,0.15203550457954407,0.7864271402359009,0.43958792090415955
YKL183W,YLR079W,0,0.6468125,0.15200617909431458,0.7864271402359009,0.43968793749809265
YLR266C,YBR048W,0,0.64611155,0.15197685360908508,0.7864271402359009,0.43978795409202576
YMR166C,YJR135C,0,0.6459708,0.15194755792617798,0.7864271402359009,0.43988797068595886
YKR069W,YOR201C,1,0.6459548,0.15211105346679688,0.78742516040802,0.43988797068595886
YIL034C,YGR188C,0,0.64579713,0.15208172798156738,0.78742516040802,0.43998798727989197
YHR076W,YGR076C,0,0.6452515,0.15205241739749908,0.78742516040802,0.4400880038738251
YDR520C,YER164W,0,0.6445964,0.15202312171459198,0.78742516040802,0.44018805027008057
YDL043C,YAL003W,0,0.644364,0.15199384093284607,0.78742516040802,0.44028806686401367
YPR005C,YCL027W,0,0.64430815,0.15196456015110016,0.78742516040802,0.4403880834579468
YKL218C,YOL140W,0,0.64429235,0.15193529427051544,0.78742516040802,0.4404881000518799
YNR008W,YJL170C,0,0.6441069,0.15190604329109192,0.78742516040802,0.440588116645813
YPR098C,YML048W,0,0.64374846,0.1518768072128296,0.78742516040802,0.4406881332397461
YJR139C,YAR018C,0,0.64266104,0.15184757113456726,0.78742516040802,0.4407881498336792
YDL138W,YPL153C,0,0.642273,0.15181834995746613,0.78742516040802,0.4408881664276123
YKL198C,YDR252W,0,0.6415948,0.15178914368152618,0.78742516040802,0.4409881830215454
YMR080C,YDR107C,0,0.64146584,0.15175995230674744,0.78742516040802,0.4410882294178009
YMR088C,YMR037C,0,0.641408,0.15173077583312988,0.78742516040802,0.441188246011734
YIL026C,YPL095C,0,0.64108723,0.15170159935951233,0.78742516040802,0.4412882626056671
YBL013W,YML110C,1,0.6410362,0.1518646627664566,0.7884231805801392,0.4412882626056671
YIR012W,YDL080C,0,0.6410175,0.15183548629283905,0.7884231805801392,0.4413882791996002
YHR017W,YDR239C,0,0.6402715,0.1518063098192215,0.7884231805801392,0.4414882957935333
YDL166C,YCR077C,0,0.6398986,0.15177713334560394,0.7884231805801392,0.44158831238746643
YER148W,YKR037C,0,0.639491,0.15174798667430878,0.7884231805801392,0.44168832898139954
YLR127C,YDR507C,0,0.63908106,0.1517188400030136,0.7884231805801392,0.44178834557533264
YOR348C,YDR055W,0,0.63853425,0.15168970823287964,0.7884231805801392,0.44188839197158813
YLR419W,YPL220W,0,0.637865,0.15166059136390686,0.7884231805801392,0.44198840856552124
YDL069C,YOL109W,0,0.6376533,0.15163147449493408,0.7884231805801392,0.44208842515945435
YDR012W,YDR013W,0,0.6375287,0.1516023725271225,0.7884231805801392,0.44218844175338745
YMR217W,YNL188W,0,0.6369724,0.1515732854604721,0.7884231805801392,0.44228845834732056
YCR081W,YDL180W,0,0.6368262,0.1515442132949829,0.7884231805801392,0.44238847494125366
YDR322W,YOR120W,0,0.63613206,0.1515151560306549,0.7884231805801392,0.44248849153518677
YER096W,YDR077W,0,0.63589364,0.1514860987663269,0.7884231805801392,0.4425885081291199
YLR172C,YGL192W,1,0.6357228,0.15164877474308014,0.7894211411476135,0.4425885081291199
YKR090W,YMR257C,0,0.6356276,0.15161970257759094,0.7894211411476135,0.442688524723053
YIL074C,YJR121W,0,0.6355691,0.15159064531326294,0.7894211411476135,0.44278857111930847
YML116W,YLR318W,0,0.6353164,0.15156160295009613,0.7894211411476135,0.4428885877132416
YGL191W,YER088C,0,0.6352532,0.15153256058692932,0.7894211411476135,0.4429886043071747
YLR192C,YFR015C,0,0.6352494,0.1515035480260849,0.7894211411476135,0.4430886209011078
YHL019C,YLR357W,0,0.6350935,0.15147453546524048,0.7894211411476135,0.4431886374950409
YJL198W,YGR191W,0,0.6348528,0.15144552290439606,0.7894211411476135,0.443288654088974
YDR036C,YCL047C,0,0.6348503,0.15141654014587402,0.7894211411476135,0.4433886706829071
YBR240C,YCL059C,0,0.6348027,0.151387557387352,0.7894211411476135,0.4434886872768402
YOL100W,YGR194C,0,0.63475376,0.15135858952999115,0.7894211411476135,0.4435887038707733
YIL084C,YER164W,0,0.6343667,0.1513296365737915,0.7894211411476135,0.4436887502670288
YMR211W,YDR501W,0,0.63419914,0.15130068361759186,0.7894211411476135,0.4437887668609619
YJR075W,YMR292W,0,0.6341213,0.1512717604637146,0.7894211411476135,0.443888783454895
YGL232W,YDR503C,0,0.63407356,0.15124282240867615,0.7894211411476135,0.4439888000488281
YNL001W,YOR348C,0,0.63405555,0.15121391415596008,0.7894211411476135,0.44408881664276123
YGR159C,YNL212W,0,0.63374907,0.1511850208044052,0.7894211411476135,0.44418883323669434
YOR037W,YDR036C,0,0.6337043,0.15115612745285034,0.7894211411476135,0.44428884983062744
YBL017C,YBR299W,0,0.633666,0.15112724900245667,0.7894211411476135,0.44438886642456055
YAL043C,YLL011W,0,0.6332348,0.151098370552063,0.7894211411476135,0.44448888301849365
YGR295C,YGL157W,0,0.6329141,0.1510695219039917,0.7894211411476135,0.44458892941474915
YPR096C,YJL121C,0,0.63225836,0.1510406732559204,0.7894211411476135,0.44468894600868225
YMR036C,YOL080C,0,0.63207597,0.15101183950901031,0.7894211411476135,0.44478896260261536
YDR033W,YNL310C,0,0.6312486,0.15098300576210022,0.7894211411476135,0.44488897919654846
YDL043C,YFR041C,0,0.6311715,0.1509542018175125,0.7894211411476135,0.44498899579048157
YJR135C,YDL110C,0,0.6311491,0.1509253978729248,0.7894211411476135,0.4450890123844147
YBR175W,YMR045C,0,0.6309119,0.1508966088294983,0.7894211411476135,0.4451890289783478
YML034W,YIL160C,0,0.630585,0.15086781978607178,0.7894211411476135,0.4452890455722809
YJR104C,YML124C,0,0.62995416,0.15083906054496765,0.7894211411476135,0.4453890919685364
YMR302C,YPR096C,0,0.6293645,0.15081030130386353,0.7894211411476135,0.4454891085624695
YPR132W,YNL129W,0,0.62934226,0.1507815420627594,0.7894211411476135,0.4455891251564026
YGR104C,YMR022W,0,0.6287598,0.15075281262397766,0.7894211411476135,0.4456891417503357
YDR347W,YDR510W,0,0.62864834,0.15072408318519592,0.7894211411476135,0.4457891583442688
YDR532C,YAL025C,0,0.6286372,0.15069536864757538,0.7894211411476135,0.4458891749382019
YOL065C,YDL019C,0,0.62852174,0.15066666901111603,0.7894211411476135,0.445989191532135
YHR023W,YDL130W-A,0,0.6284916,0.15063796937465668,0.7894211411476135,0.4460892081260681
YDR118W,YBL037W,0,0.62803334,0.15060928463935852,0.7894211411476135,0.4461892247200012
YHR206W,YFL041W,0,0.627955,0.15058061480522156,0.7894211411476135,0.4462892711162567
YCR081W,YNL188W,0,0.62793374,0.1505519598722458,0.7894211411476135,0.4463892877101898
YOL007C,YFL037W,0,0.6277902,0.15052330493927002,0.7894211411476135,0.4464893043041229
YGR063C,YJL097W,0,0.6277374,0.15049467980861664,0.7894211411476135,0.44658932089805603
YIL171W,YER164W,0,0.62761664,0.15046603977680206,0.7894211411476135,0.44668933749198914
YGR058W,YGL031C,0,0.6273147,0.15043742954730988,0.7894211411476135,0.44678935408592224
YCR020C,YDR014W,0,0.6268398,0.1504088193178177,0.7894211411476135,0.44688937067985535
YML005W,YCL054W,1,0.62671465,0.150570347905159,0.7904191613197327,0.44688937067985535
YHR092C,YBR009C,0,0.6264091,0.15054172277450562,0.7904191613197327,0.44698938727378845
YGL161C,YJR134C,0,0.6262985,0.15051311254501343,0.7904191613197327,0.44708940386772156
YLR419W,YDR044W,0,0.6258346,0.15048451721668243,0.7904191613197327,0.44718945026397705
YDR533C,YNL046W,0,0.62578636,0.15045592188835144,0.7904191613197327,0.44728946685791016
YFL036W,YDR096W,0,0.62525517,0.15042735636234283,0.7904191613197327,0.44738948345184326
YMR235C,YCR096C,0,0.62523353,0.15039879083633423,0.7904191613197327,0.44748950004577637
YNL086W,YML106W,0,0.62436324,0.15037022531032562,0.7904191613197327,0.4475895166397095
YDL200C,YPR042C,0,0.62399596,0.1503416895866394,0.7904191613197327,0.4476895332336426
YML104C,YAR018C,0,0.62377393,0.15031315386295319,0.7904191613197327,0.4477895498275757
YDR236C,YMR303C,0,0.62285155,0.15028463304042816,0.7904191613197327,0.4478895664215088
YER091C,YBL069W,0,0.6228371,0.15025611221790314,0.7904191613197327,0.4479896128177643
YNL086W,YPL074W,0,0.6227599,0.1502276211977005,0.7904191613197327,0.4480896294116974
YJR110W,YML077W,0,0.62273365,0.15019913017749786,0.7904191613197327,0.4481896460056305
YOR036W,YPL269W,0,0.62270504,0.15017065405845642,0.7904191613197327,0.4482896625995636
YDR033W,YGR029W,0,0.6223477,0.15014217793941498,0.7904191613197327,0.4483896791934967
YHL019C,YGR124W,0,0.62233776,0.15011371672153473,0.7904191613197327,0.4484896957874298
YOR308C,YPL103C,0,0.62233204,0.15008527040481567,0.7904191613197327,0.4485897123813629
YBL024W,YCR039C,0,0.6221754,0.1500568389892578,0.7904191613197327,0.448689728975296
YKL179C,YDR507C,0,0.6214022,0.15002840757369995,0.7904191613197327,0.4487897455692291
YNR070W,YNL135C,0,0.6212002,0.15000000596046448,0.7904191613197327,0.4488897919654846
YCR081W,YGL155W,0,0.62110084,0.1499715894460678,0.7904191613197327,0.4489898085594177
YGR191W,YPR122W,0,0.62086225,0.14994320273399353,0.7904191613197327,0.44908982515335083
YDR050C,YDL017W,0,0.6206081,0.14991481602191925,0.7904191613197327,0.44918984174728394
YPR005C,YNL310C,0,0.6197934,0.14988644421100616,0.7904191613197327,0.44928985834121704
YMR297W,YGL141W,0,0.61942047,0.14985808730125427,0.7904191613197327,0.44938987493515015
YGL009C,YDR313C,0,0.6193195,0.14982974529266357,0.7904191613197327,0.44948989152908325
YJR135C,YOL071W,0,0.6189296,0.14980140328407288,0.7904191613197327,0.44958990812301636
YGL136C,YJR076C,0,0.61865646,0.14977307617664337,0.7904191613197327,0.44968992471694946
YGR088W,YPR096C,0,0.6183437,0.14974474906921387,0.7904191613197327,0.44978997111320496
YBL103C,YOR337W,0,0.6183185,0.14971645176410675,0.7904191613197327,0.44988998770713806
YIL171W,YBL037W,0,0.61799836,0.14968815445899963,0.7904191613197327,0.44999000430107117
YPL194W,YDR511W,0,0.61757386,0.14965985715389252,0.7904191613197327,0.4500900208950043
YPL208W,YOR239W,1,0.61734384,0.14982052147388458,0.7914171814918518,0.4500900208950043
YHR046C,YEL061C,0,0.6171135,0.14979222416877747,0.7914171814918518,0.4501900374889374
YGL211W,YPL174C,0,0.6170471,0.14976392686367035,0.7914171814918518,0.4502900540828705
YGR062C,YOR080W,0,0.6167757,0.14973564445972443,0.7914171814918518,0.4503900706768036
YLR238W,YMR127C,0,0.6166552,0.1497073769569397,0.7914171814918518,0.4504900872707367
YDL067C,YDR065W,0,0.61658686,0.14967912435531616,0.7914171814918518,0.4505901038646698
YGR292W,YGR220C,0,0.61634654,0.14965087175369263,0.7914171814918518,0.4506901502609253
YLR433C,YHR070W,0,0.616224,0.14962264895439148,0.7914171814918518,0.4507901668548584
YDR140W,YKL155C,1,0.61618644,0.14978305995464325,0.7924151420593262,0.4507901668548584
YDR469W,YML008C,1,0.6161323,0.14994341135025024,0.7934131622314453,0.4507901668548584
YER173W,YOR127W,0,0.615942,0.14991514384746552,0.7934131622314453,0.4508901834487915
YDR013W,YLR074C,0,0.6158988,0.1498868763446808,0.7934131622314453,0.4509902000427246
YHR109W,YDR257C,1,0.61571676,0.15004712343215942,0.7944111824035645,0.4509902000427246
YGL003C,YHR136C,0,0.6156826,0.1500188410282135,0.7944111824035645,0.4510902166366577
YER099C,YJL048C,0,0.6155052,0.14999057352542877,0.7944111824035645,0.4511902332305908
YJR143C,YCL031C,0,0.61550444,0.14996232092380524,0.7944111824035645,0.4512902498245239
YLR207W,YDR483W,0,0.6154798,0.1499340683221817,0.7944111824035645,0.45139026641845703
YDR003W,YCL047C,0,0.6146919,0.14990583062171936,0.7944111824035645,0.4514903128147125
YDL192W,YFL039C,0,0.6144063,0.1498776078224182,0.7944111824035645,0.45159032940864563
YKR062W,YDL108W,0,0.61412454,0.14984939992427826,0.7944111824035645,0.45169034600257874
YGR086C,YHR171W,0,0.61385167,0.1498211920261383,0.7944111824035645,0.45179036259651184
YDL099W,YJL125C,0,0.6134506,0.14979299902915955,0.7944111824035645,0.45189037919044495
YNL001W,YHR207C,0,0.6134451,0.14976482093334198,0.7944111824035645,0.45199039578437805
YLR373C,YDR022C,0,0.6133342,0.14973664283752441,0.7944111824035645,0.45209041237831116
YBR261C,YPL017C,1,0.61323816,0.1498965620994568,0.7954092025756836,0.45209041237831116
YDR342C,YIL138C,0,0.6131334,0.14986836910247803,0.7954092025756836,0.45219042897224426
YDR014W,YGR194C,0,0.612909,0.14984019100666046,0.7954092025756836,0.45229044556617737
YPL177C,YLR121C,0,0.61278313,0.1498120278120041,0.7954092025756836,0.45239049196243286
YJR075W,YLR032W,0,0.6127491,0.1497838795185089,0.7954092025756836,0.45249050855636597
YER133W,YDR318W,0,0.6126859,0.14975573122501373,0.7954092025756836,0.4525905251502991
YML129C,YOL117W,0,0.6123105,0.14972759783267975,0.7954092025756836,0.4526905417442322
YJR160C,YKL108W,0,0.61186576,0.14969947934150696,0.7954092025756836,0.4527905583381653
YER133W,YER131W,0,0.6117207,0.14967136085033417,0.7954092025756836,0.4528905749320984
YBR160W,YPL214C,0,0.61166793,0.14964325726032257,0.7954092025756836,0.4529905915260315
YML005W,YPL138C,1,0.6114376,0.14980289340019226,0.796407163143158,0.4529905915260315
YHR206W,YML088W,0,0.61129785,0.14977477490901947,0.796407163143158,0.4530906081199646
YML063W,YMR204C,0,0.6112024,0.14974667131900787,0.796407163143158,0.4531906247138977
YDR424C,YGL031C,0,0.61085826,0.14971856772899628,0.796407163143158,0.4532906711101532
YBR041W,YDR420W,0,0.61072,0.14969049394130707,0.796407163143158,0.4533906877040863
YER133W,YLR188W,0,0.60983866,0.14966242015361786,0.796407163143158,0.4534907042980194
YGR104C,YLR139C,0,0.6097249,0.14963434636592865,0.796407163143158,0.4535907208919525
YDR253C,YBR213W,0,0.6094627,0.14960630238056183,0.796407163143158,0.4536907374858856
YBR048W,YGR184C,0,0.60919034,0.149578258395195,0.796407163143158,0.4537907540798187
YDR524C,YPL160W,0,0.60899997,0.14955022931098938,0.796407163143158,0.45389077067375183
YDR388W,YGR014W,0,0.60896564,0.14952220022678375,0.796407163143158,0.45399078726768494
YPR132W,YDL141W,0,0.60878664,0.14949418604373932,0.796407163143158,0.45409080386161804
YJR155W,YPR021C,0,0.60860926,0.14946618676185608,0.796407163143158,0.45419085025787354
YDL127W,YOR391C,0,0.6081094,0.14943820238113403,0.796407163143158,0.45429086685180664
YLR439W,YAL008W,0,0.6080661,0.149410218000412,0.796407163143158,0.45439088344573975
YOR143C,YLR246W,0,0.6078748,0.14938224852085114,0.796407163143158,0.45449090003967285
YDR524C,YDR118W,0,0.6077644,0.14935429394245148,0.796407163143158,0.45459091663360596
YBR236C,YOL093W,1,0.6070169,0.14951346814632416,0.7974051833152771,0.45459091663360596
YPL074W,YLR172C,0,0.60701466,0.1494854986667633,0.7974051833152771,0.45469093322753906
YDL101C,YIL160C,0,0.6069396,0.14945754408836365,0.7974051833152771,0.45479094982147217
YOR175C,YCR077C,0,0.606553,0.149429589509964,0.7974051833152771,0.4548909664154053
YHR031C,YLR126C,0,0.60615426,0.14940164983272552,0.7974051833152771,0.45499101281166077
YBL024W,YLR188W,0,0.6057952,0.14937371015548706,0.7974051833152771,0.45509102940559387
YBL054W,YOR270C,0,0.6054015,0.14934580028057098,0.7974051833152771,0.455191045999527
YNL063W,YBL013W,1,0.6046756,0.14950476586818695,0.7984032034873962,0.455191045999527
YDR440W,YGR263C,0,0.6046248,0.1494768261909485,0.7984032034873962,0.4552910625934601
YKL178C,YPL271W,0,0.6044871,0.14944890141487122,0.7984032034873962,0.4553910791873932
YDL200C,YMR184W,0,0.60439676,0.14942099153995514,0.7984032034873962,0.4554910957813263
YDR425W,YMR042W,0,0.6041617,0.14939309656620026,0.7984032034873962,0.4555911123752594
YDL019C,YDL109C,0,0.604129,0.14936520159244537,0.7984032034873962,0.4556911289691925
YNL077W,YDR128W,0,0.6040805,0.14933732151985168,0.7984032034873962,0.4557911455631256
YBR133C,YER175C,1,0.6034276,0.14949607849121094,0.7994012236595154,0.4557911455631256
YLR201C,YML042W,0,0.60297054,0.14946818351745605,0.7994012236595154,0.4558911919593811
YAL034W-A,YNL146W,0,0.6029351,0.14944030344486237,0.7994012236595154,0.4559912085533142
YJR098C,YCR047C,0,0.60292906,0.14941242337226868,0.7994012236595154,0.4560912251472473
YJR097W,YNL101W,0,0.6025792,0.14938455820083618,0.7994012236595154,0.4561912417411804
YEL038W,YCR098C,0,0.6025651,0.14935670793056488,0.7994012236595154,0.4562912583351135
YHR076W,YOL156W,0,0.6021163,0.14932885766029358,0.7994012236595154,0.45639127492904663
YEL013W,YIL111W,0,0.6016108,0.14930102229118347,0.7994012236595154,0.45649129152297974
YJR145C,YGR188C,0,0.601582,0.14927320182323456,0.7994012236595154,0.45659130811691284
YNL001W,YPL051W,0,0.6012171,0.14924538135528564,0.7994012236595154,0.45669132471084595
YGL210W,YDL146W,0,0.60111016,0.14921759068965912,0.7994012236595154,0.45679137110710144
YKR009C,YOL157C,0,0.6006203,0.1491898000240326,0.7994012236595154,0.45689138770103455
YOL103W,YPL111W,0,0.60005456,0.14916200935840607,0.7994012236595154,0.45699140429496765
YJR015W,YLR176C,0,0.59970635,0.14913423359394073,0.7994012236595154,0.45709142088890076
YNL001W,YDR038C,0,0.5996645,0.1491064727306366,0.7994012236595154,0.45719143748283386
YHR027C,YPR186C,0,0.59954375,0.14907872676849365,0.7994012236595154,0.45729145407676697
YOR167C,YER173W,0,0.59947485,0.1490509808063507,0.7994012236595154,0.4573914706707001
YGL210W,YKL154W,0,0.5994555,0.14902324974536896,0.7994012236595154,0.4574914872646332
YKL018W,YKR069W,1,0.5992208,0.1491815447807312,0.8003991842269897,0.4574914872646332
YHR160C,YDR117C,0,0.59920895,0.14915379881858826,0.8003991842269897,0.4575915038585663
YKL155C,YAR003W,1,0.5991614,0.14931201934814453,0.8013972043991089,0.4575915038585663
YOL152W,YEL058W,0,0.5986188,0.1492842584848404,0.8013972043991089,0.4576915502548218
YGR001C,YCL050C,0,0.5981353,0.14925651252269745,0.8013972043991089,0.4577915668487549
YLL038C,YOL147C,0,0.597935,0.1492287665605545,0.8013972043991089,0.457891583442688
YNR043W,YCR037C,0,0.5977782,0.14920103549957275,0.8013972043991089,0.4579916000366211
YBR082C,YDR139C,0,0.5973828,0.1491733193397522,0.8013972043991089,0.4580916166305542
YAL023C,YLR385C,0,0.5967141,0.14914561808109283,0.8013972043991089,0.4581916332244873
YDR379W,YPR016C,0,0.5961587,0.14911791682243347,0.8013972043991089,0.4582916498184204
YJR060W,YNL012W,0,0.5961439,0.1490902304649353,0.8013972043991089,0.4583916664123535
YBR273C,YMR017W,0,0.5957463,0.14906255900859833,0.8013972043991089,0.458491712808609
YBR271W,YDL033C,1,0.5950639,0.14922049641609192,0.802395224571228,0.458491712808609
YOL120C,YLR246W,0,0.59503037,0.14919279515743256,0.802395224571228,0.4585917294025421
YNL129W,YCR028C,0,0.59469056,0.14916512370109558,0.802395224571228,0.4586917459964752
YHL044W,YPL038W,0,0.59466285,0.1491374522447586,0.802395224571228,0.4587917625904083
YLR364W,YPL121C,0,0.5944722,0.14910979568958282,0.802395224571228,0.45889177918434143
YGR295C,YBR160W,0,0.5941099,0.14908213913440704,0.802395224571228,0.45899179577827454
YGR159C,YPR042C,0,0.59349597,0.14905451238155365,0.802395224571228,0.45909181237220764
YJL158C,YOR211C,0,0.59310746,0.14902687072753906,0.802395224571228,0.45919182896614075
YHR167W,YER044C,0,0.5914975,0.14899925887584686,0.802395224571228,0.45929184556007385
YPL031C,YCR092C,0,0.59146494,0.14897164702415466,0.802395224571228,0.45939189195632935
YJR098C,YBR213W,0,0.5911741,0.14894405007362366,0.802395224571228,0.45949190855026245
YDR531W,YAL013W,0,0.5911407,0.14891646802425385,0.802395224571228,0.45959192514419556
YDL067C,YML095C,0,0.5910357,0.14888888597488403,0.802395224571228,0.45969194173812866
YDR347W,YMR208W,0,0.59065646,0.14886131882667542,0.802395224571228,0.45979195833206177
YFR005C,YLR010C,0,0.59060633,0.148833766579628,0.802395224571228,0.4598919749259949
YHR025W,YNR043W,0,0.59049,0.14880621433258057,0.802395224571228,0.459991991519928
YMR166C,YFL044C,0,0.5900296,0.14877867698669434,0.802395224571228,0.4600920081138611
YPR102C,YPL068C,0,0.58995444,0.1487511545419693,0.802395224571228,0.4601920247077942
YDR356W,YPL059W,0,0.58932036,0.14872364699840546,0.802395224571228,0.4602920711040497
YJR121W,YKR038C,0,0.5893168,0.1486961394548416,0.802395224571228,0.4603920876979828
YKR069W,YDL033C,1,0.58911985,0.14885355532169342,0.8033931851387024,0.4603920876979828
YBR133C,YGL136C,1,0.58869714,0.14901091158390045,0.8043912053108215,0.4603920876979828
YPL144W,YLL038C,0,0.58830124,0.14898335933685303,0.8043912053108215,0.4604921042919159
YJL065C,YDR421W,0,0.58793277,0.148955836892128,0.8043912053108215,0.460592120885849
YOL031C,YER120W,0,0.58781034,0.14892831444740295,0.8043912053108215,0.4606921374797821
YBR035C,YOR127W,0,0.58721054,0.14890079200267792,0.8043912053108215,0.4607921540737152
YOR175C,YHR117W,0,0.58718085,0.14887328445911407,0.8043912053108215,0.4608921706676483
YDR388W,YER053C,0,0.5870282,0.14884579181671143,0.8043912053108215,0.4609921872615814
YOR120W,YOR044W,0,0.5867831,0.14881831407546997,0.8043912053108215,0.4610922038555145
YCR039C,YPR019W,0,0.5867161,0.14879083633422852,0.8043912053108215,0.46119225025177
YPR098C,YOL018C,0,0.58652997,0.14876338839530945,0.8043912053108215,0.4612922668457031
YMR228W,YNL063W,1,0.5864245,0.1489204615354538,0.8053892254829407,0.4612922668457031
YIL034C,YOR348C,0,0.58638436,0.14889298379421234,0.8053892254829407,0.46139228343963623
YLR040C,YKL042W,0,0.5863473,0.14886552095413208,0.8053892254829407,0.46149230003356934
YDR236C,YIL138C,0,0.58606076,0.148838073015213,0.8053892254829407,0.46159231662750244
YBR087W,YPR019W,0,0.58590555,0.14881062507629395,0.8053892254829407,0.46169233322143555
YDR038C,YOR221C,0,0.5855542,0.14878319203853607,0.8053892254829407,0.46179234981536865
YLR318W,YPL111W,0,0.58555263,0.1487557590007782,0.8053892254829407,0.46189236640930176
YGR263C,YBR289W,0,0.58536255,0.14872834086418152,0.8053892254829407,0.46199241280555725
YEL013W,YDR096W,0,0.585291,0.14870093762874603,0.8053892254829407,0.46209242939949036
YDR318W,YNL217W,0,0.58522886,0.14867354929447174,0.8053892254829407,0.46219244599342346
YDR012W,YMR163C,0,0.5850119,0.14864616096019745,0.8053892254829407,0.46229246258735657
YNR008W,YML085C,0,0.5849746,0.14861878752708435,0.8053892254829407,0.4623924791812897
YOL127W,YJL221C,0,0.58492213,0.14859141409397125,0.8053892254829407,0.4624924957752228
YNL210W,YEL058W,0,0.5848722,0.14856407046318054,0.8053892254829407,0.4625925123691559
YMR316W,YNL191W,0,0.5847582,0.14853672683238983,0.8053892254829407,0.462692528963089
YOR348C,YMR086W,0,0.5846962,0.14850938320159912,0.8053892254829407,0.4627925455570221
YGR001C,YLL062C,1,0.5846894,0.14866605401039124,0.8063872456550598,0.4627925455570221
YOR389W,YHR099W,0,0.5843344,0.14863871037960052,0.8063872456550598,0.4628925919532776
YOR069W,YNL268W,0,0.58386034,0.14861136674880981,0.8063872456550598,0.4629926085472107
YBR041W,YGL035C,0,0.5836263,0.1485840380191803,0.8063872456550598,0.4630926251411438
YOL127W,YBR087W,0,0.5827931,0.14855672419071198,0.8063872456550598,0.4631926417350769
YNL292W,YDR447C,0,0.58264756,0.14852941036224365,0.8063872456550598,0.46329265832901
YNL149C,YKL116C,0,0.58222634,0.14850211143493652,0.8063872456550598,0.4633926749229431
YER153C,YOR374W,0,0.58214194,0.1484748274087906,0.8063872456550598,0.4634926915168762
YGL003C,YLR147C,0,0.5821246,0.14844754338264465,0.8063872456550598,0.4635927081108093
YER007W,YNL061W,0,0.58205,0.1484202742576599,0.8063872456550598,0.46369272470474243
YNL293W,YGR292W,0,0.5817453,0.14839302003383636,0.8063872456550598,0.4637927711009979
YIR006C,YMR223W,0,0.58159685,0.14836576581001282,0.8063872456550598,0.46389278769493103
YNR027W,YIR002C,0,0.58004636,0.14833854138851166,0.8063872456550598,0.46399280428886414
YOR167C,YER082C,0,0.57955766,0.1483113020658493,0.8063872456550598,0.46409282088279724
YBR296C,YNR070W,0,0.5791391,0.14828409254550934,0.8063872456550598,0.46419283747673035
YAL053W,YNR040W,0,0.5780068,0.14825688302516937,0.8063872456550598,0.46429285407066345
YNL136W,YHL016C,0,0.57796496,0.1482296884059906,0.8063872456550598,0.46439287066459656
YGL147C,YBR164C,0,0.577897,0.14820249378681183,0.8063872456550598,0.46449288725852966
YIL109C,YLL062C,0,0.57768047,0.14817531406879425,0.8063872456550598,0.46459290385246277
YBR271W,YHR207C,1,0.57742316,0.14833149313926697,0.8073852062225342,0.46459290385246277
YDL080C,YLR078C,0,0.57704896,0.1483043134212494,0.8073852062225342,0.46469295024871826
YMR247C,YDR055W,0,0.5768171,0.14827711880207062,0.8073852062225342,0.46479296684265137
YHL047C,YML088W,0,0.5763789,0.14824995398521423,0.8073852062225342,0.4648929834365845
YFR005C,YKL010C,0,0.5759933,0.14822278916835785,0.8073852062225342,0.4649930000305176
YMR166C,YDR238C,0,0.57580596,0.14819563925266266,0.8073852062225342,0.4650930166244507
YDR036C,YIR037W,0,0.57505864,0.14816850423812866,0.8073852062225342,0.4651930332183838
YER140W,YPL089C,0,0.5746061,0.14814136922359467,0.8073852062225342,0.4652930498123169
YER027C,YPL074W,0,0.574478,0.14811424911022186,0.8073852062225342,0.46539306640625
YNR001C,YMR071C,0,0.574439,0.14808712899684906,0.8073852062225342,0.4654931128025055
YGL232W,YMR139W,0,0.57434714,0.14806002378463745,0.8073852062225342,0.4655931293964386
YDR456W,YJR076C,0,0.57423514,0.14803293347358704,0.8073852062225342,0.4656931459903717
YGR002C,YDL184C,0,0.5740581,0.14800585806369781,0.8073852062225342,0.4657931625843048
YFR005C,YJR089W,0,0.5736955,0.1479787826538086,0.8073852062225342,0.4658931791782379
YJL221C,YJR143C,0,0.5732419,0.14795172214508057,0.8073852062225342,0.465993195772171
YHR092C,YKL143W,0,0.5731333,0.14792466163635254,0.8073852062225342,0.4660932123661041
YDL075W,YPL048W,0,0.5726501,0.1478976160287857,0.8073852062225342,0.46619322896003723
YKL100C,YIL115C,0,0.57093817,0.14787058532238007,0.8073852062225342,0.46629324555397034
YGL161C,YLR040C,0,0.5708427,0.14784356951713562,0.8073852062225342,0.46639329195022583
YML116W,YJR029W,0,0.5706803,0.14781655371189117,0.8073852062225342,0.46649330854415894
YBR237W,YLR418C,0,0.5706496,0.14778955280780792,0.8073852062225342,0.46659332513809204
YDR050C,YMR086W,0,0.5698723,0.14776255190372467,0.8073852062225342,0.46669334173202515
YHR021C,YKR094C,0,0.5697132,0.1477355808019638,0.8073852062225342,0.46679335832595825
YLR238W,YDL082W,0,0.56963086,0.14770859479904175,0.8073852062225342,0.46689337491989136
YBL022C,YGR188C,0,0.5695707,0.14768163859844208,0.8073852062225342,0.46699339151382446
YBR176W,YJL158C,0,0.5695329,0.1476546823978424,0.8073852062225342,0.46709340810775757
YGL223C,YJL052W,0,0.56936496,0.14762774109840393,0.8073852062225342,0.4671934247016907
YKL156W,YPR070W,0,0.5689725,0.14760079979896545,0.8073852062225342,0.46729347109794617
YLL062C,YML034W,0,0.56884104,0.14757387340068817,0.8073852062225342,0.4673934876918793
YDL069C,YDR126W,0,0.5687748,0.14754696190357208,0.8073852062225342,0.4674935042858124
YER133W,YJL153C,0,0.56865615,0.1475200653076172,0.8073852062225342,0.4675935208797455
YHR117W,YDR534C,0,0.5684312,0.1474931687116623,0.8073852062225342,0.4676935374736786
YNR011C,YIL051C,0,0.5666736,0.1474662721157074,0.8073852062225342,0.4677935540676117
YDL229W,YCR009C,0,0.5665484,0.1474394053220749,0.8073852062225342,0.4678935706615448
YGL205W,YJR059W,0,0.56645286,0.14741253852844238,0.8073852062225342,0.4679935872554779
YNL206C,YPL090C,0,0.565631,0.14738568663597107,0.8073852062225342,0.468093603849411
YOR278W,YBR040W,0,0.5655652,0.14735883474349976,0.8073852062225342,0.4681936502456665
YGR124W,YBR185C,0,0.5655304,0.14733199775218964,0.8073852062225342,0.4682936668395996
YDR479C,YNL242W,0,0.5653843,0.1473051756620407,0.8073852062225342,0.4683936834335327
YLR283W,YLL035W,0,0.5651107,0.14727835357189178,0.8073852062225342,0.4684937000274658
YBR213W,YPR021C,0,0.56484765,0.14725154638290405,0.8073852062225342,0.4685937166213989
YBR283C,YFL044C,0,0.5647982,0.14722475409507751,0.8073852062225342,0.46869373321533203
YDL115C,YCR004C,0,0.56404066,0.14719796180725098,0.8073852062225342,0.46879374980926514
YJR058C,YPR032W,0,0.56314725,0.14717118442058563,0.8073852062225342,0.46889376640319824
YMR307W,YDL008W,0,0.562991,0.14714442193508148,0.8073852062225342,0.46899381279945374
YGL050W,YBR176W,1,0.56288445,0.14729951322078705,0.8083832263946533,0.46899381279945374
YDR479C,YLR154C,0,0.5627032,0.1472727209329605,0.8083832263946533,0.46909382939338684
YOL065C,YNL101W,0,0.56263864,0.14724595844745636,0.8083832263946533,0.46919384598731995
YGL089C,YDR128W,0,0.5621001,0.1472191959619522,0.8083832263946533,0.46929386258125305
YJL101C,YNL289W,0,0.56191295,0.14719243347644806,0.8083832263946533,0.46939387917518616
YBL064C,YDL030W,0,0.5616926,0.1471657007932663,0.8083832263946533,0.46949389576911926
YBR166C,YCL047C,0,0.56160706,0.14713896811008453,0.8083832263946533,0.46959391236305237
YKL195W,YDR014W,0,0.5615772,0.14711223542690277,0.8083832263946533,0.4696939289569855
YML077W,YMR224C,0,0.5614813,0.1470855325460434,0.8083832263946533,0.4697939455509186
YKR104W,YOR322C,0,0.5613211,0.14705882966518402,0.8083832263946533,0.4698939919471741
YBR133C,YBR258C,1,0.56054765,0.1472136527299881,0.8093812465667725,0.4698939919471741
YGR047C,YCR040W,0,0.56001997,0.14718693494796753,0.8093812465667725,0.4699940085411072
YGR026W,YKL179C,0,0.5598863,0.14716023206710815,0.8093812465667725,0.4700940251350403
YBR176W,YJL125C,1,0.55847776,0.14731495082378387,0.8103792667388916,0.4700940251350403
YDR312W,YDL164C,0,0.5583846,0.1472882330417633,0.8103792667388916,0.4701940417289734
YGR184C,YJL189W,0,0.5583587,0.14726151525974274,0.8103792667388916,0.4702940583229065
YDR356W,YPR021C,0,0.5577728,0.14723481237888336,0.8103792667388916,0.4703940749168396
YIL125W,YPR036W,0,0.5574261,0.14720812439918518,0.8103792667388916,0.4704940915107727
YDR265W,YBR297W,0,0.5570857,0.147181436419487,0.8103792667388916,0.4705941081047058
YPR166C,YOR391C,0,0.55699795,0.14715476334095,0.8103792667388916,0.4706941246986389
YLR370C,YDL231C,0,0.5566401,0.14712810516357422,0.8103792667388916,0.4707941710948944
YLR204W,YHR147C,0,0.55648726,0.14710144698619843,0.8103792667388916,0.4708941876888275
YJR001W,YPL281C,0,0.55646753,0.14707480370998383,0.8103792667388916,0.4709942042827606
YPL143W,YLR433C,0,0.55637634,0.14704817533493042,0.8103792667388916,0.4710942208766937
YDR456W,YIR017C,0,0.5561432,0.14702154695987701,0.8103792667388916,0.47119423747062683
YGL232W,YJL102W,0,0.5561412,0.1469949334859848,0.8103792667388916,0.47129425406455994
YCR028C,YNL289W,0,0.55605215,0.1469683200120926,0.8103792667388916,0.47139427065849304
YGL089C,YMR080C,0,0.5558652,0.14694173634052277,0.8103792667388916,0.47149428725242615
YJR160C,YDR116C,0,0.55566484,0.14691513776779175,0.8103792667388916,0.47159433364868164
YMR264W,YJR066W,0,0.55550426,0.14688856899738312,0.8103792667388916,0.47169435024261475
YNR040W,YDL095W,0,0.5553694,0.1468620002269745,0.8103792667388916,0.47179436683654785
YNL311C,YIL111W,0,0.55471367,0.14683544635772705,0.8103792667388916,0.47189438343048096
YNL308C,YIL138C,0,0.55463165,0.14680889248847961,0.8103792667388916,0.47199440002441406
YER007W,YIR009W,0,0.55451745,0.14678235352039337,0.8103792667388916,0.47209441661834717
YPL271W,YDR046C,0,0.55373865,0.14675582945346832,0.8103792667388916,0.4721944332122803
YML116W,YDR228C,0,0.55321115,0.14672930538654327,0.8103792667388916,0.4722944498062134
YCL063W,YEL002C,0,0.5528739,0.14670279622077942,0.8103792667388916,0.4723944664001465
YAL035W,YDR298C,0,0.55277413,0.14667630195617676,0.8103792667388916,0.472494512796402
YOL123W,YOR092W,0,0.55273455,0.1466498076915741,0.8103792667388916,0.4725945293903351
YPL059W,YHR184W,0,0.5522771,0.14662332832813263,0.8103792667388916,0.4726945459842682
YDR270W,YMR289W,0,0.55154467,0.14659686386585236,0.8103792667388916,0.4727945625782013
YCL063W,YDR520C,0,0.55149883,0.14657039940357208,0.8103792667388916,0.4728945791721344
YNL128W,YHR181W,0,0.5509513,0.146543949842453,0.8103792667388916,0.4729945957660675
YOL092W,YOR092W,0,0.54976505,0.14651750028133392,0.8103792667388916,0.4730946123600006
YJL219W,YDR077W,0,0.5495179,0.14649106562137604,0.8103792667388916,0.4731946289539337
YGL128C,YLR419W,0,0.54925543,0.14646464586257935,0.8103792667388916,0.4732946455478668
YBL021C,YAR007C,0,0.54908717,0.14643822610378265,0.8103792667388916,0.4733946919441223
YDR408C,YGR157W,1,0.5486898,0.1465921401977539,0.811377227306366,0.4733946919441223
YIL084C,YGL141W,0,0.5485642,0.14656570553779602,0.811377227306366,0.4734947085380554
YDR510W,YLR186W,0,0.5481317,0.14653930068016052,0.811377227306366,0.4735947251319885
YER068W,YNL289W,0,0.5481182,0.14651288092136383,0.811377227306366,0.47369474172592163
YDR520C,YPR081C,0,0.54784125,0.14648649096488953,0.811377227306366,0.47379475831985474
YMR016C,YKL140W,0,0.5474431,0.14646010100841522,0.811377227306366,0.47389477491378784
YAL023C,YDR038C,0,0.54713833,0.14643371105194092,0.811377227306366,0.47399479150772095
YGR047C,YGR086C,0,0.54694706,0.146407350897789,0.811377227306366,0.47409480810165405
YOL064C,YPL085W,0,0.5469245,0.14638099074363708,0.811377227306366,0.47419482469558716
YHR140W,YKL195W,0,0.5467323,0.14635463058948517,0.811377227306366,0.47429487109184265
YPL144W,YCR072C,0,0.54642266,0.14632830023765564,0.811377227306366,0.47439488768577576
YNL091W,YER044C,0,0.5460583,0.14630195498466492,0.811377227306366,0.47449490427970886
YBR092C,YKR050W,0,0.54590803,0.14627563953399658,0.811377227306366,0.47459492087364197
YER007W,YBR030W,0,0.5457704,0.14624932408332825,0.811377227306366,0.4746949374675751
YBR009C,YPR031W,0,0.54559314,0.1462230235338211,0.811377227306366,0.4747949540615082
YBR176W,YIL125W,0,0.54526365,0.14619672298431396,0.811377227306366,0.4748949706554413
YDL067C,YDR228C,0,0.54439086,0.14617043733596802,0.811377227306366,0.4749949872493744
YPL095C,YER045C,0,0.5440916,0.14614416658878326,0.811377227306366,0.4750950336456299
YDL130W,YCL075W,0,0.5438339,0.1461178958415985,0.811377227306366,0.475195050239563
YHR116W,YDR055W,0,0.5436491,0.14609163999557495,0.811377227306366,0.4752950668334961
YPR156C,YGL227W,0,0.54332155,0.14606539905071259,0.811377227306366,0.4753950834274292
YKL088W,YLR147C,0,0.54318136,0.14603915810585022,0.811377227306366,0.4754951000213623
YJL153C,YJL008C,0,0.5428205,0.14601293206214905,0.811377227306366,0.4755951166152954
YBL088C,YJR134C,0,0.5426335,0.14598670601844788,0.811377227306366,0.4756951332092285
YNL322C,YOL139C,0,0.5423965,0.1459605097770691,0.811377227306366,0.4757951498031616
YPR184W,YBR122C,0,0.54210216,0.1459342986345291,0.811377227306366,0.4758951663970947
YML106W,YML015C,0,0.5417357,0.14590811729431152,0.811377227306366,0.4759952127933502
YCR077C,YDR297W,0,0.5412101,0.14588193595409393,0.811377227306366,0.4760952293872833
YAL043C,YMR312W,0,0.54113823,0.14585575461387634,0.811377227306366,0.47619524598121643
YDR469W,YBR175W,1,0.54086477,0.14600896835327148,0.8123752474784851,0.47619524598121643
YDL185W,YGR158C,0,0.54056245,0.1459827870130539,0.8123752474784851,0.47629526257514954
YKL178C,YNR040W,0,0.5404317,0.1459566056728363,0.8123752474784851,0.47639527916908264
YDR231C,YPL159C,0,0.54024154,0.1459304392337799,0.8123752474784851,0.47649529576301575
YIL072W,YKL195W,0,0.54018396,0.1459042876958847,0.8123752474784851,0.47659531235694885
YDR388W,YPL177C,0,0.54002124,0.1458781361579895,0.8123752474784851,0.47669532895088196
YCR028C,YLR430W,0,0.5389661,0.1458519995212555,0.8123752474784851,0.47679534554481506
YDR044W,YER112W,0,0.53878486,0.14582586288452148,0.8123752474784851,0.47689539194107056
YOL019W,YNL325C,0,0.53865653,0.14579975605010986,0.8123752474784851,0.47699540853500366
YGL119W,YJL125C,0,0.5384535,0.14577363431453705,0.8123752474784851,0.47709542512893677
YOR332W,YBL023C,0,0.5383815,0.14574754238128662,0.8123752474784851,0.4771954417228699
YDR533C,YBL057C,0,0.5383324,0.1457214504480362,0.8123752474784851,0.477295458316803
YGR154C,YLR045C,0,0.53828126,0.14569535851478577,0.8123752474784851,0.4773954749107361
YLR427W,YLR441C,0,0.5382722,0.14566929638385773,0.8123752474784851,0.4774954915046692
YNL308C,YHL047C,0,0.5382672,0.1456432342529297,0.8123752474784851,0.4775955080986023
YMR080C,YDR224C,0,0.5378223,0.14561717212200165,0.8123752474784851,0.4776955246925354
YGR058W,YER082C,0,0.5377241,0.1455911248922348,0.8123752474784851,0.4777955710887909
YMR281W,YBR097W,0,0.53763753,0.14556509256362915,0.8123752474784851,0.477895587682724
YDL166C,YLR010C,0,0.53758126,0.1455390602350235,0.8123752474784851,0.4779956042766571
YMR282C,YML009C,0,0.5375116,0.14551304280757904,0.8123752474784851,0.4780956208705902
YPL019C,YHL047C,0,0.53718156,0.14548704028129578,0.8123752474784851,0.4781956374645233
YGR220C,YCL047C,0,0.53706723,0.1454610377550125,0.8123752474784851,0.4782956540584564
YJL148W,YHR099W,0,0.53704274,0.14543505012989044,0.8123752474784851,0.4783956706523895
YDL141W,YJL065C,0,0.5367645,0.14540907740592957,0.8123752474784851,0.47849568724632263
YPR096C,YNL096C,0,0.53572756,0.1453831046819687,0.8123752474784851,0.4785957336425781
YGR191W,YBL061C,0,0.5355194,0.145357146859169,0.8123752474784851,0.47869575023651123
YCL069W,YHL047C,0,0.5352966,0.14533118903636932,0.8123752474784851,0.47879576683044434
YOR174W,YML091C,0,0.5352631,0.14530524611473083,0.8123752474784851,0.47889578342437744
YFL047W,YBR213W,0,0.53525794,0.14527931809425354,0.8123752474784851,0.47899580001831055
YOR175C,YDR436W,0,0.5352537,0.14525339007377625,0.8123752474784851,0.47909581661224365
YLR120C,YER045C,0,0.5349247,0.14522747695446014,0.8123752474784851,0.47919583320617676
YOR096W,YDR101C,0,0.534565,0.14520156383514404,0.8123752474784851,0.47929584980010986
YDR315C,YCL063W,0,0.53445274,0.14517568051815033,0.8123752474784851,0.47939586639404297
YNL158W,YNR040W,0,0.533769,0.14514978229999542,0.8123752474784851,0.47949591279029846
YJL157C,YLR266C,0,0.53360313,0.1451239138841629,0.8123752474784851,0.47959592938423157
YPL060W,YNR007C,0,0.5333677,0.14509804546833038,0.8123752474784851,0.4796959459781647
YDR529C,YMR022W,0,0.5332501,0.14507217705249786,0.8123752474784851,0.4797959625720978
YNL191W,YLR306W,0,0.5328562,0.14504632353782654,0.8123752474784851,0.4798959791660309
YHR140W,YGR188C,0,0.5326488,0.1450204849243164,0.8123752474784851,0.479995995759964
YNL291C,YLR221C,0,0.5326343,0.14499466121196747,0.8123752474784851,0.4800960123538971
YNL212W,YLL035W,0,0.53257805,0.14496883749961853,0.8123752474784851,0.4801960289478302
YER126C,YOL109W,0,0.5323872,0.1449430137872696,0.8123752474784851,0.4802960455417633
YDL137W,YLR467W,0,0.5321771,0.14491721987724304,0.8123752474784851,0.4803960919380188
YOL105C,YER088C,0,0.5321087,0.1448914259672165,0.8123752474784851,0.4804961085319519
YHR184W,YDL130W-A,0,0.5314941,0.14486563205718994,0.8123752474784851,0.480596125125885
YLR438C-A,YOR306C,0,0.5314833,0.14483985304832458,0.8123752474784851,0.4806961417198181
YPL172C,YCL047C,0,0.5311028,0.14481408894062042,0.8123752474784851,0.4807961583137512
YLR015W,YER045C,0,0.53108186,0.14478832483291626,0.8123752474784851,0.4808961749076843
YEL016C,YIL155C,0,0.53097874,0.1447625756263733,0.8123752474784851,0.48099619150161743
YBL064C,YPL089C,0,0.5303536,0.14473684132099152,0.8123752474784851,0.48109620809555054
YDR523C,YKL034W,0,0.53032523,0.14471110701560974,0.8123752474784851,0.48119622468948364
YNL086W,YNL129W,0,0.52940196,0.14468538761138916,0.8123752474784851,0.48129627108573914
YDR469W,YPL017C,1,0.5293555,0.1448373943567276,0.8133732676506042,0.48129627108573914
YKL100C,YLR446W,0,0.52921134,0.14481166005134583,0.8133732676506042,0.48139628767967224
YJR068W,YMR165C,0,0.5288761,0.14478592574596405,0.8133732676506042,0.48149630427360535
YGL120C,YOR278W,0,0.52847224,0.14476020634174347,0.8133732676506042,0.48159632086753845
YIR017C,YKL028W,0,0.5282064,0.14473450183868408,0.8133732676506042,0.48169633746147156
YML077W,YMR045C,0,0.5281737,0.1447088122367859,0.8133732676506042,0.48179635405540466
YCR010C,YAL003W,0,0.52809924,0.1446831226348877,0.8133732676506042,0.48189637064933777
YKL100C,YHL024W,0,0.5278934,0.1446574330329895,0.8133732676506042,0.4819963872432709
YGL168W,YGR191W,0,0.52787405,0.1446317583322525,0.8133732676506042,0.48209643363952637
YIL093C,YKL056C,0,0.5278621,0.1446060985326767,0.8133732676506042,0.4821964502334595
YLR450W,YDR390C,0,0.5264624,0.14458045363426208,0.8133732676506042,0.4822964668273926
YDR478W,YLR306W,0,0.52600557,0.14455480873584747,0.8133732676506042,0.4823964834213257
YLR467W,YOL109W,0,0.5256923,0.14452917873859406,0.8133732676506042,0.4824965000152588
YPL103C,YGL084C,0,0.5256254,0.14450354874134064,0.8133732676506042,0.4825965166091919
YIL051C,YOL092W,0,0.52559227,0.1444779336452484,0.8133732676506042,0.482696533203125
YML043C,YDR252W,0,0.52538604,0.1444523185491562,0.8133732676506042,0.4827965497970581
YAR010C,YIL115C,0,0.5248539,0.14442671835422516,0.8133732676506042,0.4828965663909912
YNL306W,YNR040W,0,0.5243351,0.14440113306045532,0.8133732676506042,0.4829966127872467
YGL021W,YJL046W,0,0.5233976,0.14437554776668549,0.8133732676506042,0.4830966293811798
YMR316W,YGR135W,0,0.52323866,0.14434997737407684,0.8133732676506042,0.4831966459751129
YJL158C,YDR523C,0,0.52304167,0.1443244218826294,0.8133732676506042,0.483296662569046
YGL090W,YHR081W,0,0.5230249,0.14429886639118195,0.8133732676506042,0.4833966791629791
YBL060W,YHR099W,0,0.5225907,0.1442733258008957,0.8133732676506042,0.48349669575691223
YFL039C,YBL090W,0,0.5225548,0.14424778521060944,0.8133732676506042,0.48359671235084534
YMR198W,YOL133W,0,0.5219956,0.14422225952148438,0.8133732676506042,0.48369672894477844
YMR036C,YKL143W,0,0.5219145,0.1441967487335205,0.8133732676506042,0.48379674553871155
YAL023C,YDL115C,0,0.5215568,0.14417123794555664,0.8133732676506042,0.48389679193496704
YOL138C,YGR123C,0,0.52139777,0.14414574205875397,0.8133732676506042,0.48399680852890015
YDR486C,YOR244W,0,0.52135885,0.1441202461719513,0.8133732676506042,0.48409682512283325
YPL154C,YNL189W,0,0.52037376,0.14409476518630981,0.8133732676506042,0.48419684171676636
YPL085W,YMR012W,0,0.52011436,0.14406929910182953,0.8133732676506042,0.48429685831069946
YDL200C,YKL017C,0,0.51979846,0.14404383301734924,0.8133732676506042,0.48439687490463257
YDR107C,YKL024C,0,0.519697,0.14401838183403015,0.8133732676506042,0.4844968914985657
YCR009C,YPL214C,0,0.5195609,0.14399293065071106,0.8133732676506042,0.4845969080924988
YDR478W,YGR200C,0,0.51911604,0.14396749436855316,0.8133732676506042,0.4846969246864319
YPR166C,YDL082W,0,0.51903987,0.14394207298755646,0.8133732676506042,0.4847969710826874
YEL016C,YPL033C,0,0.5189348,0.14391665160655975,0.8133732676506042,0.4848969876766205
YMR247C,YDR247W,0,0.51858366,0.14389124512672424,0.8133732676506042,0.4849970042705536
YJL097W,YBL082C,0,0.5181519,0.14386583864688873,0.8133732676506042,0.4850970208644867
YGL089C,YNR070W,0,0.51768154,0.14384044706821442,0.8133732676506042,0.4851970374584198
YHR143W,YKL116C,0,0.51760274,0.1438150703907013,0.8133732676506042,0.4852970540523529
YBR012W-A,YBL010C,0,0.5166788,0.14378969371318817,0.8133732676506042,0.485397070646286
YJL156C,YDL130W-A,0,0.5164973,0.14376433193683624,0.8133732676506042,0.4854970872402191
YPL206C,YDL006W,0,0.51607317,0.14373897016048431,0.8133732676506042,0.4855971336364746
YOR381W,YHR023W,0,0.51587874,0.14371363818645477,0.8133732676506042,0.4856971502304077
YIL074C,YDR510W,0,0.5157578,0.14368829131126404,0.8133732676506042,0.4857971668243408
YPL017C,YER053C,0,0.5153168,0.1436629593372345,0.8133732676506042,0.4858971834182739
YOR037W,YDR086C,0,0.5151014,0.14363764226436615,0.8133732676506042,0.48599720001220703
YKL155C,YBR133C,1,0.51482946,0.14378854632377625,0.8143712282180786,0.48599720001220703
YNR011C,YFL037W,0,0.5140671,0.1437632143497467,0.8143712282180786,0.48609721660614014
YML043C,YMR289W,0,0.5139656,0.14373788237571716,0.8143712282180786,0.48619723320007324
YDR055W,YOR244W,0,0.51380914,0.14371258020401,0.8143712282180786,0.48629724979400635
YAL041W,YDR400W,0,0.5136409,0.14368726313114166,0.8143712282180786,0.48639726638793945
YDR140W,YPL138C,1,0.5134769,0.143838033080101,0.8153692483901978,0.48639726638793945
YLR212C,YML037C,0,0.5130506,0.14381271600723267,0.8153692483901978,0.48649731278419495
YOR384W,YPL121C,0,0.51303864,0.14378739893436432,0.8153692483901978,0.48659732937812805
YIL078W,YJL097W,0,0.5129723,0.14376209676265717,0.8153692483901978,0.48669734597206116
YPL144W,YOL120C,0,0.5126911,0.1437368094921112,0.8153692483901978,0.48679736256599426
YHR046C,YGL185C,0,0.51266325,0.14371152222156525,0.8153692483901978,0.48689737915992737
YIL039W,YNL268W,0,0.5125137,0.14368624985218048,0.8153692483901978,0.4869973957538605
YOR057W,YER112W,0,0.51232415,0.14366097748279572,0.8153692483901978,0.4870974123477936
YEL065W,YDL017W,0,0.51228887,0.14363572001457214,0.8153692483901978,0.4871974289417267
YOR175C,YGR135W,0,0.5120912,0.14361047744750977,0.8153692483901978,0.4872974455356598
YML005W,YDL033C,1,0.51203877,0.14376097917556763,0.8163672685623169,0.4872974455356598
YGR223C,YGR062C,0,0.5118012,0.14373572170734406,0.8163672685623169,0.4873974919319153
YBL106C,YGR241C,0,0.51158184,0.14371046423912048,0.8163672685623169,0.4874975085258484
YIL070C,YOR124C,0,0.51124746,0.1436852216720581,0.8163672685623169,0.4875975251197815
YGL003C,YLR306W,0,0.5109113,0.14365999400615692,0.8163672685623169,0.4876975417137146
YIL101C,YIR015W,0,0.5106209,0.14363476634025574,0.8163672685623169,0.4877975583076477
YAR010C,YIR023W,0,0.51052284,0.14360955357551575,0.8163672685623169,0.4878975749015808
YER180C,YLR079W,0,0.51030177,0.14358434081077576,0.8163672685623169,0.4879975914955139
YMR166C,YML104C,0,0.5101091,0.14355914294719696,0.8163672685623169,0.488097608089447
YMR056C,YIL039W,0,0.5099352,0.14353395998477936,0.8163672685623169,0.4881976246833801
YPL028W,YPR054W,0,0.5095181,0.14350877702236176,0.8163672685623169,0.4882976710796356
YJL156C,YKR030W,0,0.5094844,0.14348359405994415,0.8163672685623169,0.4883976876735687
YBR296C,YNL292W,0,0.50871533,0.14345844089984894,0.8163672685623169,0.48849770426750183
YDR524C,YLR186W,0,0.50864464,0.14343328773975372,0.8163672685623169,0.48859772086143494
YOL071W,YGL084C,0,0.50860655,0.1434081345796585,0.8163672685623169,0.48869773745536804
YNL046W,YJR058C,0,0.50828743,0.1433829963207245,0.8163672685623169,0.48879775404930115
YOL067C,YGR106C,0,0.50814027,0.14335787296295166,0.8163672685623169,0.48889777064323425
YER087C-A,YBR175W,0,0.5080958,0.14333274960517883,0.8163672685623169,0.48899778723716736
YHR070W,YMR228W,1,0.5073307,0.14348283410072327,0.817365288734436,0.48899778723716736
YBR296C,YLR106C,0,0.50729054,0.14345769584178925,0.817365288734436,0.48909783363342285
YJR001W,YNL189W,0,0.50700706,0.14343257248401642,0.817365288734436,0.48919785022735596
YFR037C,YOR257W,0,0.5067751,0.14340746402740479,0.817365288734436,0.48929786682128906
YHL044W,YAR010C,0,0.5065115,0.14338235557079315,0.817365288734436,0.48939788341522217
YPL090C,YLR265C,0,0.5063259,0.1433572620153427,0.817365288734436,0.4894979000091553
YOR332W,YDR362C,0,0.5061073,0.14333216845989227,0.817365288734436,0.4895979166030884
YDR197W,YDR252W,0,0.50610304,0.14330708980560303,0.817365288734436,0.4896979331970215
YGL135W,YDR038C,0,0.50598806,0.14328201115131378,0.817365288734436,0.4897979497909546
YER180C,YDL065C,0,0.5059071,0.14325694739818573,0.817365288734436,0.4898979663848877
YML005W,YPL026C,0,0.5055204,0.14323189854621887,0.817365288734436,0.4899980127811432
YOR288C,YEL002C,0,0.5055127,0.14320684969425201,0.817365288734436,0.4900980293750763
YBL064C,YDR402C,0,0.5053883,0.14318181574344635,0.817365288734436,0.4901980459690094
YKR062W,YBL074C,0,0.5052015,0.14315679669380188,0.817365288734436,0.4902980625629425
YGR002C,YOL123W,0,0.5050047,0.1431317776441574,0.817365288734436,0.4903980791568756
YOR057W,YML048W,0,0.5048885,0.14310675859451294,0.817365288734436,0.4904980957508087
YGR088W,YDR388W,0,0.5048547,0.14308175444602966,0.817365288734436,0.4905981123447418
YLR134W,YHR129C,0,0.50478095,0.14305676519870758,0.817365288734436,0.4906981289386749
YDL141W,YBL082C,0,0.504291,0.1430317908525467,0.817365288734436,0.49079814553260803
YDL033C,YBL037W,0,0.5039707,0.1430068165063858,0.817365288734436,0.4908981919288635
YIL070C,YMR211W,0,0.5038099,0.14298184216022491,0.817365288734436,0.49099820852279663
YIL039W,YMR292W,0,0.50376725,0.14295688271522522,0.817365288734436,0.49109822511672974
YOL072W,YDL110C,0,0.50375575,0.14293193817138672,0.817365288734436,0.49119824171066284
YLR188W,YOR326W,0,0.50346214,0.14290699362754822,0.817365288734436,0.49129825830459595
YIL172C,YDR052C,0,0.50303817,0.1428820639848709,0.817365288734436,0.49139827489852905
YGL211W,YAL034W-A,0,0.5029309,0.1428571492433548,0.817365288734436,0.49149829149246216
YDR248C,YNL166C,0,0.502904,0.14283223450183868,0.817365288734436,0.49159830808639526
YJL046W,YPL103C,0,0.5027831,0.14280731976032257,0.817365288734436,0.49169835448265076
YDR486C,YCL050C,0,0.50277835,0.14278241991996765,0.817365288734436,0.49179837107658386
YDL229W,YBL021C,0,0.5026513,0.14275753498077393,0.817365288734436,0.49189838767051697
YDR022C,YMR094W,0,0.50256914,0.1427326649427414,0.817365288734436,0.4919984042644501
YKR061W,YMR224C,0,0.5023536,0.14270779490470886,0.817365288734436,0.4920984208583832
YPR016C,YOL140W,0,0.502342,0.14268292486667633,0.817365288734436,0.4921984374523163
YIL171W,YGR135W,0,0.5020207,0.142658069729805,0.817365288734436,0.4922984540462494
YKR037C,YLL022C,0,0.50146514,0.14263322949409485,0.817365288734436,0.4923984706401825
YGR263C,YNL210W,0,0.50088435,0.1426083892583847,0.817365288734436,0.4924984872341156
YMR006C,YGR188C,0,0.5007984,0.14258356392383575,0.817365288734436,0.4925985336303711
YEL013W,YLL035W,0,0.5000866,0.142558753490448,0.817365288734436,0.4926985502243042
YCR009C,YPL060W,0,0.49972385,0.14253394305706024,0.817365288734436,0.4927985668182373
YLR214W,YDL204W,0,0.49955207,0.14250913262367249,0.817365288734436,0.4928985834121704
YMR235C,YDL115C,0,0.49949795,0.14248433709144592,0.817365288734436,0.4929986000061035
YMR036C,YLR265C,0,0.49903,0.14245955646038055,0.817365288734436,0.4930986166000366
YBR258C,YDL200C,1,0.4984607,0.14260870218276978,0.8183632493019104,0.4930986166000366
YBL064C,YER147C,0,0.4983955,0.14258389174938202,0.8183632493019104,0.4931986331939697
YLR212C,YBL055C,0,0.49834406,0.14255911111831665,0.8183632493019104,0.49329864978790283
YIL111W,YOL019W,0,0.49815792,0.14253433048725128,0.8183632493019104,0.49339866638183594
YER147C,YOR043W,0,0.49763602,0.1425095647573471,0.8183632493019104,0.49349871277809143
YDR077W,YDR402C,0,0.49707323,0.14248479902744293,0.8183632493019104,0.49359872937202454
YOR046C,YBL069W,0,0.49701923,0.14246004819869995,0.8183632493019104,0.49369874596595764
YOL149W,YBL023C,0,0.49700528,0.14243529736995697,0.8183632493019104,0.49379876255989075
YER133W,YGL251C,0,0.4969526,0.14241056144237518,0.8183632493019104,0.49389877915382385
YBR012W-A,YGR184C,0,0.4968124,0.1423858255147934,0.8183632493019104,0.49399879574775696
YCR098C,YGR200C,0,0.4967308,0.1423611044883728,0.8183632493019104,0.49409881234169006
YPR192W,YER113C,0,0.49672633,0.1423363983631134,0.8183632493019104,0.49419882893562317
YLR304C,YIL026C,0,0.4964916,0.142311692237854,0.8183632493019104,0.4942988455295563
YMR051C,YKR050W,0,0.4959668,0.1422870010137558,0.8183632493019104,0.49439889192581177
YKL173W,YDR322W,0,0.495651,0.1422623246908188,0.8183632493019104,0.4944989085197449
YBR237W,YPL085W,0,0.4956063,0.14223764836788177,0.8183632493019104,0.494598925113678
YPR049C,YIL051C,0,0.49535716,0.14221297204494476,0.8183632493019104,0.4946989417076111
YMR006C,YBR123C,0,0.4949488,0.14218831062316895,0.8183632493019104,0.4947989583015442
YML070W,YPL153C,0,0.49457842,0.14216366410255432,0.8183632493019104,0.4948989748954773
YBL075C,YGL251C,0,0.4944862,0.1421390175819397,0.8183632493019104,0.4949989914894104
YGR154C,YPR054W,0,0.4943046,0.14211438596248627,0.8183632493019104,0.4950990080833435
YOL064C,YOR270C,0,0.4940316,0.14208975434303284,0.8183632493019104,0.495199054479599
YDR126W,YBR299W,0,0.49386764,0.1420651376247406,0.8183632493019104,0.4952990710735321
YGL128C,YDR134C,0,0.49363077,0.14204053580760956,0.8183632493019104,0.4953990876674652
YLR032W,YKL042W,0,0.4930591,0.14201593399047852,0.8183632493019104,0.4954991042613983
YGR026W,YIL101C,0,0.49295485,0.14199134707450867,0.8183632493019104,0.4955991208553314
YAR018C,YKL021C,0,0.49131817,0.14196676015853882,0.8183632493019104,0.4956991374492645
YDL095W,YMR071C,0,0.49112833,0.14194218814373016,0.8183632493019104,0.49579915404319763
YDR069C,YBR231C,0,0.4907207,0.1419176161289215,0.8183632493019104,0.49589917063713074
YOR201C,YDL141W,0,0.49020404,0.14189305901527405,0.8183632493019104,0.49599918723106384
YMR307W,YKL143W,0,0.49004126,0.14186851680278778,0.8183632493019104,0.49609923362731934
YER147C,YHR070W,0,0.49001002,0.1418439745903015,0.8183632493019104,0.49619925022125244
YML027W,YDR139C,0,0.48998803,0.14181943237781525,0.8183632493019104,0.49629926681518555
YCR020C,YOR373W,0,0.48996484,0.14179491996765137,0.8183632493019104,0.49639928340911865
YBR286W,YDR501W,0,0.48968536,0.1417704075574875,0.8183632493019104,0.49649930000305176
YKL154W,YNL129W,0,0.4891281,0.1417458951473236,0.8183632493019104,0.49659931659698486
YPL144W,YOR075W,0,0.4890465,0.14172139763832092,0.8183632493019104,0.49669933319091797
YGL222C,YMR184W,0,0.48887378,0.14169690012931824,0.8183632493019104,0.4967993497848511
YMR088C,YOR322C,0,0.48862273,0.14167243242263794,0.8183632493019104,0.4968993663787842
YJL157C,YLR343W,0,0.48860395,0.14164794981479645,0.8183632493019104,0.4969994127750397
YDR435C,YDL200C,1,0.48845923,0.14179620146751404,0.8193612694740295,0.4969994127750397
YHL008C,YJL190C,0,0.48825252,0.14177171885967255,0.8193612694740295,0.4970994293689728
YIR014W,YML074C,0,0.4880256,0.14174723625183105,0.8193612694740295,0.4971994459629059
YDR532C,YNL244C,0,0.48761863,0.14172276854515076,0.8193612694740295,0.497299462556839
YPL208W,YBL013W,1,0.4876092,0.1418709009885788,0.8203592896461487,0.497299462556839
YER029C,YAL021C,0,0.48737413,0.1418464183807373,0.8203592896461487,0.4973994791507721
YPR166C,YMR184W,0,0.48729247,0.141821950674057,0.8203592896461487,0.4974994957447052
YGL119W,YJL090C,0,0.4870637,0.1417974829673767,0.8203592896461487,0.4975995123386383
YNL217W,YLL022C,0,0.4868123,0.1417730301618576,0.8203592896461487,0.4976995289325714
YEL059C-A,YLR467W,0,0.48666233,0.1417485773563385,0.8203592896461487,0.4977995455265045
YDR443C,YOR306C,0,0.48618722,0.1417241394519806,0.8203592896461487,0.49789959192276
YFL047W,YLR357W,0,0.48574477,0.14169970154762268,0.8203592896461487,0.4979996085166931
YDL127W,YGR154C,0,0.48567134,0.14167527854442596,0.8203592896461487,0.4980996251106262
YGR047C,YMR128W,0,0.48517638,0.14165087044239044,0.8203592896461487,0.4981996417045593
YMR036C,YGR292W,0,0.48512173,0.14162646234035492,0.8203592896461487,0.49829965829849243
YDR257C,YBR258C,1,0.4850065,0.14177432656288147,0.8213573098182678,0.49829965829849243
YDR038C,YBL023C,0,0.48479587,0.14174991846084595,0.8213573098182678,0.49839967489242554
YMR235C,YAL010C,0,0.48455316,0.14172551035881042,0.8213573098182678,0.49849969148635864
YDL136W,YDR252W,0,0.48454058,0.1417011022567749,0.8213573098182678,0.49859970808029175
YGL232W,YKL108W,0,0.48443693,0.14167670905590057,0.8213573098182678,0.49869975447654724
YER147C,YIL155C,0,0.48388833,0.14165233075618744,0.8213573098182678,0.49879977107048035
YBL013W,YDR410C,1,0.48374188,0.14180003106594086,0.8223552703857422,0.49879977107048035
YJR013W,YOL072W,0,0.48359853,0.14177563786506653,0.8223552703857422,0.49889978766441345
YJR015W,YLR172C,0,0.48343867,0.1417512446641922,0.8223552703857422,0.49899980425834656
YPR063C,YOR057W,0,0.48326248,0.14172686636447906,0.8223552703857422,0.49909982085227966
YMR235C,YEL065W,0,0.48294538,0.14170248806476593,0.8223552703857422,0.49919983744621277
YNL001W,YJR104C,0,0.48284507,0.141678124666214,0.8223552703857422,0.4992998540401459
YGL021W,YMR257C,0,0.48259795,0.14165377616882324,0.8223552703857422,0.499399870634079
YPR019W,YMR012W,0,0.4819764,0.1416294276714325,0.8223552703857422,0.4994998872280121
YER088C,YFR005C,0,0.48178416,0.14160509407520294,0.8223552703857422,0.4995999336242676
YBR012W-A,YDR418W,0,0.48172456,0.1415807604789734,0.8223552703857422,0.4996999502182007
YBR048W,YCL050C,0,0.48169285,0.14155642688274384,0.8223552703857422,0.4997999668121338
YER114C,YHR081W,0,0.4801935,0.14153212308883667,0.8223552703857422,0.4998999834060669
YJR013W,YMR217W,0,0.4800954,0.1415078192949295,0.8223552703857422,0.5
YGR058W,YDL043C,0,0.47990847,0.14148351550102234,0.8223552703857422,0.5001000165939331
YLR106C,YDR128W,0,0.47951567,0.14145922660827637,0.8223552703857422,0.5002000331878662
YER099C,YLR318W,0,0.479442,0.1414349526166916,0.8223552703857422,0.5003000497817993
YGL021W,YNL098C,0,0.47933048,0.1414106786251068,0.8223552703857422,0.5004000663757324
YPL051W,YPL160W,0,0.47930163,0.14138640463352203,0.8223552703857422,0.5005000829696655
YJR097W,YKR030W,0,0.47926325,0.14136216044425964,0.8223552703857422,0.5006000995635986
YPL154C,YCL047C,0,0.4792089,0.14133790135383606,0.8223552703857422,0.5007001161575317
YGL147C,YGL123W,0,0.47867972,0.14131367206573486,0.8223552703857422,0.5008001327514648
YDL114W,YGR218W,0,0.47860777,0.14128944277763367,0.8223552703857422,0.5009002089500427
YHL032C,YMR022W,0,0.47860682,0.14126521348953247,0.8223552703857422,0.5010002255439758
YDR465C,YCL069W,0,0.47807473,0.14124099910259247,0.8223552703857422,0.5011002421379089
YNR016C,YLL038C,0,0.4780411,0.14121679961681366,0.8223552703857422,0.501200258731842
YJR135C,YML081C-A,0,0.47784323,0.14119260013103485,0.8223552703857422,0.5013002753257751
YFR037C,YNL188W,0,0.4774537,0.14116841554641724,0.8223552703857422,0.5014002919197083
YNL046W,YOR347C,0,0.4772964,0.14114423096179962,0.8223552703857422,0.5015003085136414
YJR060W,YPL172C,0,0.47697502,0.1411200612783432,0.8223552703857422,0.5016003251075745
YEL054C,YLR414C,0,0.4769091,0.14109589159488678,0.8223552703857422,0.5017003417015076
YJL106W,YER173W,0,0.47685832,0.14107173681259155,0.8223552703857422,0.5018003582954407
YBR240C,YOR131C,0,0.47672558,0.14104758203029633,0.8223552703857422,0.5019003748893738
YLR097C,YCL050C,0,0.47670066,0.1410234421491623,0.8223552703857422,0.5020003914833069
YBR012W-B,YNR047W,0,0.47648013,0.14099931716918945,0.8223552703857422,0.50210040807724
YDR329C,YIR017C,0,0.4763605,0.1409751921892166,0.8223552703857422,0.5022004246711731
YOL156W,YCR028C,0,0.4763567,0.14095108211040497,0.8223552703857422,0.5023004412651062
YLL009C,YGR106C,0,0.47634256,0.14092697203159332,0.8223552703857422,0.5024004578590393
YOL127W,YER164W,0,0.47607797,0.14090287685394287,0.8223552703857422,0.5025004744529724
YER061C,YEL016C,0,0.47602206,0.14087878167629242,0.8223552703857422,0.5026004910469055
YJL143W,YMR233W,0,0.47593015,0.14085470139980316,0.8223552703857422,0.5027005672454834
YGL039W,YMR022W,0,0.47582465,0.1408306211233139,0.8223552703857422,0.5028005838394165
YHR167W,YDR510W,0,0.47565955,0.14080655574798584,0.8223552703857422,0.5029006004333496
YNL077W,YAL003W,0,0.47494406,0.14078250527381897,0.8223552703857422,0.5030006170272827
YPL208W,YML008C,1,0.4744842,0.14092928171157837,0.8233532905578613,0.5030006170272827
YPR168W,YDL110C,0,0.47417682,0.1409052163362503,0.8233532905578613,0.5031006336212158
YIL074C,YFR006W,0,0.4740184,0.14088115096092224,0.8233532905578613,0.5032006502151489
YIR014W,YCR028C,0,0.47394556,0.14085710048675537,0.8233532905578613,0.503300666809082
YML070W,YDR252W,0,0.47385484,0.1408330500125885,0.8233532905578613,0.5034006834030151
YHR215W,YBR105C,0,0.47378403,0.14080901443958282,0.8233532905578613,0.5035006999969482
YGL137W,YKR050W,0,0.47307974,0.14078497886657715,0.8233532905578613,0.5036007165908813
YLR439W,YPL111W,0,0.47245806,0.14076095819473267,0.8233532905578613,0.5037007331848145
YJR097W,YBR040W,0,0.4722101,0.14073695242404938,0.8233532905578613,0.5038007497787476
YGL232W,YDR116C,0,0.47150272,0.1407129466533661,0.8233532905578613,0.5039007663726807
YGR026W,YGR241C,0,0.47139418,0.140688955783844,0.8233532905578613,0.5040007829666138
YHR171W,YBL037W,0,0.47107625,0.1406649649143219,0.8233532905578613,0.5041007995605469
YML012W,YLR221C,0,0.47092843,0.140640988945961,0.8233532905578613,0.50420081615448
YER027C,YCL027W,0,0.47062457,0.1406170129776001,0.8233532905578613,0.5043008327484131
YLR439W,YGR116W,0,0.47020513,0.1405930519104004,0.8233532905578613,0.504400908946991
YCL055W,YGL136C,1,0.46995395,0.14073948562145233,0.8243513107299805,0.504400908946991
YKL178C,YER133W,0,0.46962947,0.14071550965309143,0.8243513107299805,0.5045009255409241
YLR109W,YMR285C,0,0.4694243,0.14069153368473053,0.8243513107299805,0.5046009421348572
YJR145C,YMR100W,0,0.4694031,0.14066757261753082,0.8243513107299805,0.5047009587287903
YMR257C,YDR443C,0,0.46929032,0.1406436264514923,0.8243513107299805,0.5048009753227234
YBR012W-A,YBL060W,0,0.46878058,0.1406196802854538,0.8243513107299805,0.5049009919166565
YPL144W,YJL080C,0,0.46853638,0.14059574902057648,0.8243513107299805,0.5050010085105896
YJL165C,YPL153C,0,0.4681062,0.14057181775569916,0.8243513107299805,0.5051010251045227
YMR036C,YPL271W,0,0.467548,0.14054790139198303,0.8243513107299805,0.5052010416984558
YDR253C,YJL129C,0,0.46667343,0.1405239850282669,0.8243513107299805,0.5053010582923889
YPL148C,YLR098C,0,0.4659512,0.14050008356571198,0.8243513107299805,0.505401074886322
YFR006W,YDR115W,0,0.46590507,0.14047619700431824,0.8243513107299805,0.5055010914802551
YOR315W,YJL109C,0,0.4653365,0.1404523104429245,0.8243513107299805,0.5056011080741882
YDR060W,YER173W,0,0.46485454,0.14042842388153076,0.8243513107299805,0.5057011246681213
YBL022C,YLR357W,0,0.46475512,0.14040455222129822,0.8243513107299805,0.5058011412620544
YNL012W,YBR142W,0,0.4647327,0.14038069546222687,0.8243513107299805,0.5059011578559875
YGR188C,YLR327C,0,0.46425992,0.14035683870315552,0.8243513107299805,0.5060011744499207
YNL248C,YLR467W,0,0.46422595,0.14033299684524536,0.8243513107299805,0.5061011910438538
YDR379W,YCR077C,0,0.46418762,0.1403091549873352,0.8243513107299805,0.5062012672424316
YHR027C,YKL108W,0,0.4641329,0.14028532803058624,0.8243513107299805,0.5063012838363647
YNL325C,YLR079W,0,0.46406186,0.14026150107383728,0.8243513107299805,0.5064013004302979
YOL005C,YDR362C,0,0.46397692,0.1402376890182495,0.8243513107299805,0.506501317024231
YJR066W,YFR008W,0,0.46386635,0.14021389186382294,0.8243513107299805,0.5066013336181641
YBR176W,YPL017C,1,0.463798,0.1403598040342331,0.8253493309020996,0.5066013336181641
YFR032C-A,YJL125C,0,0.4637968,0.14033599197864532,0.8253493309020996,0.5067013502120972
YJL129C,YNL188W,0,0.46356255,0.14031217992305756,0.8253493309020996,0.5068013668060303
YEL017C-A,YPR070W,0,0.463525,0.14028838276863098,0.8253493309020996,0.5069013833999634
YHL036W,YPL186C,0,0.46328205,0.1402645856142044,0.8253493309020996,0.5070013999938965
YGR026W,YGL090W,0,0.46321172,0.14024080336093903,0.8253493309020996,0.5071014165878296
YGR101W,YMR311C,0,0.46311253,0.14021702110767365,0.8253493309020996,0.5072014331817627
YPL208W,YNL092W,1,0.46307355,0.14036276936531067,0.826347291469574,0.5072014331817627
YOR175C,YLR204W,0,0.4629364,0.1403389871120453,0.826347291469574,0.5073014497756958
YDL006W,YJL097W,0,0.46289486,0.1403152048587799,0.826347291469574,0.5074014663696289
YAR019C,YCL059C,0,0.4624644,0.14029142260551453,0.826347291469574,0.507501482963562
YDR424C,YDR117C,0,0.4624079,0.14026765525341034,0.826347291469574,0.5076014995574951
YLR238W,YEL059C-A,0,0.4616024,0.14024390280246735,0.826347291469574,0.5077015161514282
YOR356W,YGR037C,0,0.4612741,0.14022015035152435,0.826347291469574,0.5078015327453613
YDR052C,YLR403W,0,0.46081185,0.14019641280174255,0.826347291469574,0.5079016089439392
YBR214W,YJL108C,0,0.46055263,0.14017267525196075,0.826347291469574,0.5080016255378723
YNR011C,YNL213C,0,0.4603663,0.14014895260334015,0.826347291469574,0.5081016421318054
YDR379W,YBL021C,0,0.46018064,0.14012522995471954,0.826347291469574,0.5082016587257385
YER061C,YBR097W,0,0.45997125,0.14010152220726013,0.826347291469574,0.5083016753196716
YBR207W,YMR152W,0,0.45986235,0.14007781445980072,0.826347291469574,0.5084016919136047
YNL159C,YMR016C,0,0.45953065,0.1400541216135025,0.826347291469574,0.5085017085075378
YPL022W,YML074C,0,0.45928377,0.14003044366836548,0.826347291469574,0.508601725101471
YOR175C,YMR314W,0,0.45870388,0.14000676572322845,0.826347291469574,0.508701741695404
YMR088C,YOR066W,0,0.45861232,0.13998308777809143,0.826347291469574,0.5088017582893372
YMR100W,YMR312W,0,0.4583524,0.1399594247341156,0.826347291469574,0.5089017748832703
YHR117W,YBR299W,0,0.45817542,0.13993577659130096,0.826347291469574,0.5090017914772034
YOL138C,YNL151C,0,0.4575984,0.13991212844848633,0.826347291469574,0.5091018080711365
YKL198C,YER164W,0,0.45753932,0.13988849520683289,0.826347291469574,0.5092018246650696
YER096W,YGL227W,0,0.4570514,0.13986486196517944,0.826347291469574,0.5093018412590027
YMR163C,YER045C,0,0.45641798,0.1398412436246872,0.826347291469574,0.5094018578529358
YDL115C,YKL116C,0,0.4561742,0.13981762528419495,0.826347291469574,0.5095018744468689
YDL185W,YKL198C,0,0.45616782,0.1397940218448639,0.826347291469574,0.509601891040802
YPL106C,YPR028W,0,0.45607495,0.13977041840553284,0.826347291469574,0.5097019672393799
YLR427W,YDR032C,0,0.4554549,0.13974682986736298,0.826347291469574,0.509801983833313
YAL053W,YBL074C,0,0.45514375,0.1397232562303543,0.826347291469574,0.5099020004272461
YFL044C,YER020W,0,0.45498848,0.13969968259334564,0.826347291469574,0.5100020170211792
YDL056W,YDR032C,0,0.45459557,0.13967610895633698,0.826347291469574,0.5101020336151123
YHL040C,YKL156W,0,0.45440888,0.1396525502204895,0.826347291469574,0.5102020502090454
YIL034C,YLR192C,0,0.45409763,0.13962900638580322,0.826347291469574,0.5103020668029785
YBR061C,YBL013W,1,0.45323175,0.13977406919002533,0.8273453116416931,0.5103020668029785
YDR140W,YGR157W,1,0.45231718,0.13991908729076385,0.8283433318138123,0.5103020668029785
YMR080C,YHL044W,0,0.45121956,0.139895498752594,0.8283433318138123,0.5104020833969116
YOR037W,YJL101C,0,0.45118862,0.13987192511558533,0.8283433318138123,0.5105020999908447
YMR256C,YJR068W,0,0.45108002,0.13984835147857666,0.8283433318138123,0.5106021165847778
YPL271W,YFL044C,0,0.45066738,0.1398247927427292,0.8283433318138123,0.5107021331787109
YMR281W,YDL185W,0,0.45061058,0.1398012489080429,0.8283433318138123,0.510802149772644
YDR436W,YPL149W,0,0.45054883,0.13977770507335663,0.8283433318138123,0.5109021663665771
YDR050C,YKR058W,0,0.45047277,0.13975416123867035,0.8283433318138123,0.5110021829605103
YER111C,YDR362C,0,0.450455,0.13973063230514526,0.8283433318138123,0.5111021995544434
YMR165C,YOR217W,0,0.45035684,0.13970711827278137,0.8283433318138123,0.5112022161483765
YMR088C,YGR054W,0,0.44967705,0.13968360424041748,0.8283433318138123,0.5113022327423096
YLR221C,YOL007C,0,0.44957107,0.13966010510921478,0.8283433318138123,0.5114023089408875
YBR159W,YDR139C,0,0.44939363,0.13963660597801208,0.8283433318138123,0.5115023255348206
YAL010C,YIL171W,0,0.44918483,0.13961312174797058,0.8283433318138123,0.5116023421287537
YAL010C,YCL055W,0,0.44901025,0.13958963751792908,0.8283433318138123,0.5117023587226868
YPR186C,YDR116C,0,0.4489807,0.13956616818904877,0.8283433318138123,0.5118023753166199
YKL109W,YGR135W,0,0.4484355,0.13954269886016846,0.8283433318138123,0.511902391910553
YLR370C,YJL097W,0,0.44835967,0.13951924443244934,0.8283433318138123,0.5120024085044861
YBR299W,YDR483W,0,0.44815493,0.13949580490589142,0.8283433318138123,0.5121024250984192
YIL172C,YBR035C,0,0.44798833,0.1394723504781723,0.8283433318138123,0.5122024416923523
YBR207W,YOR386W,0,0.44794136,0.13944892585277557,0.8283433318138123,0.5123024582862854
YMR086W,YER020W,0,0.44742042,0.13942550122737885,0.8283433318138123,0.5124024748802185
YPR118W,YJL065C,0,0.44730765,0.13940207660198212,0.8283433318138123,0.5125024914741516
YLR286C,YPL172C,0,0.44690567,0.13937866687774658,0.8283433318138123,0.5126025080680847
YPR028W,YDR387C,0,0.44688112,0.13935527205467224,0.8283433318138123,0.5127025246620178
YMR042W,YMR221C,0,0.4461128,0.1393318772315979,0.8283433318138123,0.5128025412559509
YBR237W,YMR247C,0,0.4460302,0.13930849730968475,0.8283433318138123,0.512902557849884
YCL075W,YER082C,0,0.44588095,0.1392851173877716,0.8283433318138123,0.5130025744438171
YMR109W,YDR169C,0,0.4457243,0.13926175236701965,0.8283433318138123,0.5131025910377502
YMR098C,YOL064C,0,0.4456396,0.1392383873462677,0.8283433318138123,0.5132026672363281
YHR027C,YDR038C,0,0.4455303,0.13921502232551575,0.8283433318138123,0.5133026838302612
YJL157C,YLR207W,0,0.44460177,0.13919168710708618,0.8283433318138123,0.5134027004241943
YML085C,YIR009W,0,0.44456106,0.13916833698749542,0.8283433318138123,0.5135027170181274
YNL311C,YDL146W,0,0.44369262,0.13914501667022705,0.8283433318138123,0.5136027336120605
YOR269W,YDR313C,0,0.44311947,0.13912169635295868,0.8283433318138123,0.5137027502059937
YDR052C,YFL041W,0,0.4421379,0.1390983760356903,0.8283433318138123,0.5138027667999268
YLR276C,YJL121C,0,0.4420563,0.13907507061958313,0.8283433318138123,0.5139027833938599
YBL088C,YIR006C,0,0.4417945,0.13905176520347595,0.8283433318138123,0.514002799987793
YBR271W,YPL157W,1,0.44171888,0.13919597864151,0.8293412923812866,0.514002799987793
YPL091W,YOR288C,0,0.44162947,0.13917267322540283,0.8293412923812866,0.5141028165817261
YNL185C,YDR231C,0,0.44147032,0.13914936780929565,0.8293412923812866,0.5142028331756592
YOR181W,YOR014W,0,0.4414457,0.13912606239318848,0.8293412923812866,0.5143028497695923
YMR188C,YJR065C,0,0.44124585,0.1391027718782425,0.8293412923812866,0.5144028663635254
YJR098C,YLR212C,0,0.44080472,0.1390794962644577,0.8293412923812866,0.5145028829574585
YBR024W,YKR030W,0,0.44048637,0.1390562206506729,0.8293412923812866,0.5146028995513916
YNL128W,YKL042W,0,0.4404351,0.13903295993804932,0.8293412923812866,0.5147029161453247
YMR051C,YOL019W,0,0.44030982,0.13900969922542572,0.8293412923812866,0.5148029327392578
YML037C,YDR529C,0,0.44019514,0.13898645341396332,0.8293412923812866,0.5149030089378357
YLR201C,YDR169C,0,0.43946946,0.13896320760250092,0.8293412923812866,0.5150030255317688
YPL138C,YGL136C,1,0.4394099,0.13910716772079468,0.8303393125534058,0.5150030255317688
YHR031C,YOL138C,0,0.43871945,0.13908392190933228,0.8303393125534058,0.5151030421257019
YBL069W,YHR186C,0,0.43808466,0.13906067609786987,0.8303393125534058,0.515203058719635
YMR264W,YHR044C,0,0.43763465,0.13903743028640747,0.8303393125534058,0.5153030753135681
YMR036C,YOR288C,0,0.43737203,0.13901419937610626,0.8303393125534058,0.5154030919075012
YDR312W,YDL190C,0,0.43720084,0.13899098336696625,0.8303393125534058,0.5155031085014343
YLR078C,YAL058W,0,0.43669945,0.13896776735782623,0.8303393125534058,0.5156031250953674
YKL135C,YOR143C,0,0.43655664,0.13894455134868622,0.8303393125534058,0.5157031416893005
YDL019C,YMR017W,0,0.4364307,0.1389213502407074,0.8303393125534058,0.5158031582832336
YOL092W,YLR306W,0,0.43607146,0.13889816403388977,0.8303393125534058,0.5159031748771667
YPL186C,YOR044W,0,0.43534875,0.13887497782707214,0.8303393125534058,0.5160031914710999
YDR279W,YDL143W,0,0.4350235,0.1388518065214157,0.8303393125534058,0.516103208065033
YNL136W,YER153C,0,0.4349469,0.13882863521575928,0.8303393125534058,0.5162032246589661
YLR134W,YNL115C,0,0.43492377,0.13880547881126404,0.8303393125534058,0.5163032412528992
YCL031C,YMR150C,0,0.43479878,0.1387823224067688,0.8303393125534058,0.5164032578468323
YML125C,YCR075C,0,0.43438035,0.13875916600227356,0.8303393125534058,0.5165032744407654
YGL227W,YDR507C,0,0.43376756,0.1387360394001007,0.8303393125534058,0.5166032910346985
YLR086W,YIL171W,0,0.43364048,0.13871289789676666,0.8303393125534058,0.5167033672332764
YKL042W,YJL189W,0,0.43319243,0.138689786195755,0.8303393125534058,0.5168033838272095
YOL003C,YNL268W,0,0.43314785,0.13866665959358215,0.8303393125534058,0.5169034004211426
YMR233W,YDR358W,0,0.43259275,0.1386435627937317,0.8303393125534058,0.5170034170150757
YDL099W,YDR523C,0,0.4325264,0.13862046599388123,0.8303393125534058,0.5171034336090088
YNL242W,YBR214W,0,0.43209952,0.13859736919403076,0.8303393125534058,0.5172034502029419
YDL120W,YPL155C,0,0.4320147,0.1385742872953415,0.8303393125534058,0.517303466796875
YER025W,YLR441C,0,0.431731,0.13855120539665222,0.8303393125534058,0.5174034833908081
YHR067W,YDR298C,0,0.43167847,0.13852813839912415,0.8303393125534058,0.5175034999847412
YPL144W,YDR334W,0,0.43157595,0.13850507140159607,0.8303393125534058,0.5176035165786743
YDL185W,YMR204C,0,0.4313516,0.1384820193052292,0.8303393125534058,0.5177035331726074
YDL043C,YEL050C,0,0.43134373,0.1384589821100235,0.8303393125534058,0.5178035497665405
YBL064C,YPL092W,0,0.43121588,0.1384359449148178,0.8303393125534058,0.5179035663604736
YBR236C,YAR003W,1,0.4310487,0.13857926428318024,0.8313373327255249,0.5179035663604736
YBR012W-A,YJR060W,0,0.43091965,0.13855622708797455,0.8313373327255249,0.5180035829544067
YOR037W,YDL019C,0,0.43090248,0.13853317499160767,0.8313373327255249,0.5181035995483398
YER007W,YEL058W,0,0.43067604,0.13851013779640198,0.8313373327255249,0.518203616142273
YDR047W,YOR044W,0,0.43056744,0.13848711550235748,0.8313373327255249,0.518303632736206
YKL108W,YKL028W,0,0.43027252,0.138464093208313,0.8313373327255249,0.5184037089347839
YLR418C,YHR036W,0,0.43012905,0.1384410858154297,0.8313373327255249,0.518503725528717
YBR123C,YML070W,0,0.43009704,0.1384180784225464,0.8313373327255249,0.5186037421226501
YMR006C,YDR501W,0,0.42987764,0.13839508593082428,0.8313373327255249,0.5187037587165833
YNL046W,YML043C,0,0.4296742,0.13837209343910217,0.8313373327255249,0.5188037753105164
YBR240C,YDR456W,0,0.42938262,0.13834911584854126,0.8313373327255249,0.5189037919044495
YOR061W,YGR262C,0,0.42937797,0.13832613825798035,0.8313373327255249,0.5190038084983826
YMR235C,YCL027W,0,0.42855895,0.13830317556858063,0.8313373327255249,0.5191038250923157
YJL168C,YDL112W,1,0.42847425,0.13844621181488037,0.832335352897644,0.5191038250923157
YDR425W,YJR060W,0,0.4281869,0.13842323422431946,0.832335352897644,0.5192038416862488
YDR036C,YPR032W,0,0.4277243,0.13840027153491974,0.832335352897644,0.5193038582801819
YBL037W,YDR047W,0,0.42769706,0.13837730884552002,0.832335352897644,0.519403874874115
YMR256C,YNL289W,0,0.42750198,0.1383543461561203,0.832335352897644,0.5195038914680481
YLR192C,YPR096C,0,0.4273334,0.13833139836788177,0.832335352897644,0.5196039080619812
YIL009C-A,YGR061C,0,0.42708695,0.13830845057964325,0.832335352897644,0.5197039246559143
YPL138C,YDL200C,1,0.4269765,0.13845133781433105,0.8333333134651184,0.5197039246559143
YLR327C,YLR265C,0,0.42679274,0.13842837512493134,0.8333333134651184,0.5198039412498474
YPL121C,YDL099W,0,0.4266637,0.138405442237854,0.8333333134651184,0.5199039578437805
YNL291C,YHR215W,0,0.42652673,0.13838249444961548,0.8333333134651184,0.5200039744377136
YJL153C,YBL064C,0,0.4264472,0.13835957646369934,0.8333333134651184,0.5201039910316467
YCL066W,YJL189W,0,0.4264086,0.138336643576622,0.8333333134651184,0.5202040672302246
YDL101C,YCR047C,0,0.42572242,0.13831372559070587,0.8333333134651184,0.5203040838241577
YDR425W,YDL033C,0,0.42551118,0.13829082250595093,0.8333333134651184,0.5204041004180908
YPL214C,YER180C,0,0.42444932,0.13826791942119598,0.8333333134651184,0.5205041170120239
YDR117C,YLR120C,0,0.42401183,0.13824503123760223,0.8333333134651184,0.520604133605957
YMR016C,YHR101C,0,0.42399138,0.13822214305400848,0.8333333134651184,0.5207041501998901
YNL024C,YOR074C,1,0.4238184,0.138364776968956,0.8343313336372375,0.5207041501998901
YDR166C,YBL082C,0,0.4237489,0.13834188878536224,0.8343313336372375,0.5208041667938232
YGL135W,YMR247C,0,0.4236855,0.1383190006017685,0.8343313336372375,0.5209041833877563
YLR158C,YOR067C,0,0.4233573,0.13829611241817474,0.8343313336372375,0.5210041999816895
YMR056C,YPR036W,0,0.42320222,0.1382732391357422,0.8343313336372375,0.5211042165756226
YJR158W,YDR456W,0,0.42290205,0.13825036585330963,0.8343313336372375,0.5212042331695557
YCL063W,YBR048W,0,0.42264068,0.13822750747203827,0.8343313336372375,0.5213042497634888
YJL143W,YDR251W,0,0.42251623,0.1382046639919281,0.8343313336372375,0.5214042663574219
YDR288W,YOR044W,0,0.42221707,0.13818182051181793,0.8343313336372375,0.521504282951355
YKL021C,YPL204W,0,0.42187554,0.13815897703170776,0.8343313336372375,0.5216042995452881
YCL075W,YNR022C,0,0.42165518,0.1381361484527588,0.8343313336372375,0.5217043161392212
YDR315C,YBR105C,0,0.42155474,0.138113334774971,0.8343313336372375,0.5218043327331543
YLR238W,YBL060W,0,0.42150515,0.13809052109718323,0.8343313336372375,0.5219044089317322
YCR009C,YLR192C,0,0.4211933,0.13806770741939545,0.8343313336372375,0.5220044255256653
YHR070W,YNL063W,1,0.42113036,0.13821004331111908,0.8353293538093567,0.5220044255256653
YBL093C,YGR014W,0,0.42098552,0.1381872147321701,0.8353293538093567,0.5221044421195984
YBR237W,YPL031C,0,0.42085642,0.13816441595554352,0.8353293538093567,0.5222044587135315
YHR010W,YKL164C,0,0.42068917,0.13814160227775574,0.8353293538093567,0.5223044753074646
YKL088W,YJL056C,0,0.42025995,0.13811881840229034,0.8353293538093567,0.5224044919013977
YJR145C,YOR381W,0,0.4198739,0.13809601962566376,0.8353293538093567,0.5225045084953308
YOR181W,YER088C,0,0.41972232,0.13807323575019836,0.8353293538093567,0.5226045250892639
YIL070C,YER184C,0,0.41964948,0.13805046677589417,0.8353293538093567,0.522704541683197
YJL168C,YBR133C,1,0.41927058,0.13819260895252228,0.8363273739814758,0.522704541683197
YHR027C,YDL164C,0,0.41914952,0.13816982507705688,0.8363273739814758,0.5228045582771301
YER099C,YGL123W,0,0.41867632,0.13814705610275269,0.8363273739814758,0.5229045748710632
YEL054C,YJL056C,0,0.41823387,0.1381242722272873,0.8363273739814758,0.5230045914649963
YLR430W,YBL082C,0,0.41796124,0.1381015181541443,0.8363273739814758,0.5231046080589294
YNL311C,YMR152W,0,0.41786712,0.13807876408100128,0.8363273739814758,0.5232046246528625
YJR094W-A,YJL158C,0,0.41784763,0.13805601000785828,0.8363273739814758,0.5233046412467957
YOR182C,YGR234W,0,0.41780943,0.13803327083587646,0.8363273739814758,0.5234046578407288
YGL135W,YJL121C,0,0.41774535,0.13801054656505585,0.8363273739814758,0.5235046744346619
YDR107C,YFL044C,0,0.41768247,0.13798782229423523,0.8363273739814758,0.5236047506332397
YLR414C,YMR302C,0,0.41756243,0.1379650980234146,0.8363273739814758,0.5237047672271729
YOR389W,YDR420W,0,0.41746205,0.1379423886537552,0.8363273739814758,0.523804783821106
YMR289W,YGR002C,0,0.4173404,0.13791967928409576,0.8363273739814758,0.5239048004150391
YOR269W,YML087C,0,0.416866,0.13789698481559753,0.8363273739814758,0.5240048170089722
YOL031C,YKL178C,0,0.4167915,0.1378743052482605,0.8363273739814758,0.5241048336029053
YNL063W,YJL125C,1,0.41648746,0.13801611959934235,0.8373253345489502,0.5241048336029053
YHL040C,YNL207W,0,0.4162907,0.13799342513084412,0.8373253345489502,0.5242048501968384
YIR014W,YHL032C,0,0.41617042,0.1379707306623459,0.8373253345489502,0.5243048667907715
YDL120W,YDL007W,0,0.41595912,0.13794803619384766,0.8373253345489502,0.5244048833847046
YLR433C,YOR233W,0,0.41588122,0.13792537152767181,0.8373253345489502,0.5245048999786377
YIL004C,YMR017W,0,0.4156716,0.13790269196033478,0.8373253345489502,0.5246049165725708
YGL136C,YJR158W,0,0.4155255,0.13788002729415894,0.8373253345489502,0.5247049331665039
YOL103W,YDL030W,0,0.4150532,0.1378573775291443,0.8373253345489502,0.524804949760437
YFL036W,YNL242W,0,0.4149229,0.13783472776412964,0.8373253345489502,0.5249049663543701
YHR067W,YDL067C,0,0.41483152,0.13781209290027618,0.8373253345489502,0.5250049829483032
YNL206C,YBR213W,0,0.4147954,0.13778945803642273,0.8373253345489502,0.5251049995422363
YJL198W,YMR045C,0,0.41473812,0.13776683807373047,0.8373253345489502,0.5252050161361694
YPL144W,YCR037C,0,0.41400576,0.1377442181110382,0.8373253345489502,0.5253050327301025
YGL251C,YNR041C,0,0.4127912,0.13772159814834595,0.8373253345489502,0.5254051089286804
YDR096W,YGR154C,0,0.4126531,0.13769899308681488,0.8373253345489502,0.5255051255226135
YOR373W,YDR118W,0,0.41218102,0.137676402926445,0.8373253345489502,0.5256051421165466
YJR121W,YPL206C,0,0.41175586,0.13765381276607513,0.8373253345489502,0.5257051587104797
YNL158W,YEL002C,0,0.4112417,0.13763123750686646,0.8373253345489502,0.5258051753044128
YIL101C,YPR042C,0,0.41107917,0.13760866224765778,0.8373253345489502,0.525905191898346
YDL109C,YMR184W,0,0.411075,0.1375860869884491,0.8373253345489502,0.526005208492279
YDL114W,YJR126C,0,0.41106004,0.1375635415315628,0.8373253345489502,0.5261052250862122
YGR047C,YJL109C,0,0.410873,0.13754098117351532,0.8373253345489502,0.5262052416801453
YKL088W,YLR439W,0,0.4105779,0.13751843571662903,0.8373253345489502,0.5263052582740784
YFL036W,YKL195W,0,0.41032702,0.13749590516090393,0.8373253345489502,0.5264052748680115
YDR418W,YGL003C,0,0.41024154,0.13747337460517883,0.8373253345489502,0.5265052914619446
YIL150C,YLR096W,0,0.4099825,0.13745085895061493,0.8373253345489502,0.5266053080558777
YLR147C,YKR105C,0,0.4098255,0.13742834329605103,0.8373253345489502,0.5267053246498108
YKL140W,YER131W,0,0.40932304,0.13740582764148712,0.8373253345489502,0.5268053412437439
YLR373C,YJL097W,0,0.40932012,0.1373833268880844,0.8373253345489502,0.526905357837677
YMR297W,YCR039C,0,0.40924174,0.1373608410358429,0.8373253345489502,0.5270053744316101
YJL170C,YKL164C,0,0.40900832,0.13733835518360138,0.8373253345489502,0.527105450630188
YBR213W,YOR221C,0,0.40877223,0.13731586933135986,0.8373253345489502,0.5272054672241211
YJR033C,YDR130C,0,0.408453,0.13729339838027954,0.8373253345489502,0.5273054838180542
YGR292W,YIL138C,0,0.4077021,0.1372709423303604,0.8373253345489502,0.5274055004119873
YDR487C,YIL124W,0,0.4076813,0.13724848628044128,0.8373253345489502,0.5275055170059204
YKR014C,YPR047W,0,0.40683454,0.13722604513168335,0.8373253345489502,0.5276055335998535
YJR098C,YDR128W,0,0.4065475,0.13720360398292542,0.8373253345489502,0.5277055501937866
YPR073C,YGL155W,0,0.40610772,0.13718116283416748,0.8373253345489502,0.5278055667877197
YJR139C,YBL030C,0,0.40603793,0.13715873658657074,0.8373253345489502,0.5279055833816528
YIL051C,YKL198C,0,0.4054749,0.1371363252401352,0.8373253345489502,0.5280055999755859
YJR139C,YKL059C,0,0.40544313,0.13711391389369965,0.8373253345489502,0.528105616569519
YAL053W,YDR069C,0,0.4053998,0.1370915025472641,0.8373253345489502,0.5282056331634521
YGR063C,YPL281C,0,0.40530795,0.13706910610198975,0.8373253345489502,0.5283056497573853
YOR384W,YOR069W,0,0.4050821,0.1370467096567154,0.8373253345489502,0.5284056663513184
YLR285W,YDL033C,1,0.4049415,0.137187659740448,0.8383233547210693,0.5284056663513184
YJL198W,YKL059C,0,0.4046592,0.13716524839401245,0.8383233547210693,0.5285056829452515
YIL101C,YPR070W,0,0.40450817,0.1371428519487381,0.8383233547210693,0.5286056995391846
YDR120C,YPL138C,1,0.40438074,0.13728371262550354,0.8393213748931885,0.5286056995391846
YDR536W,YMR223W,0,0.40366,0.137261301279068,0.8393213748931885,0.5287057161331177
YNL268W,YNL339C,0,0.4035806,0.13723890483379364,0.8393213748931885,0.5288057327270508
YDR022C,YER045C,0,0.40349597,0.1372165083885193,0.8393213748931885,0.5289058089256287
YPL269W,YIL078W,0,0.40311098,0.13719412684440613,0.8393213748931885,0.5290058255195618
YDR501W,YOR221C,0,0.4023643,0.13717174530029297,0.8393213748931885,0.5291058421134949
YGL223C,YNL242W,0,0.40186626,0.137149378657341,0.8393213748931885,0.529205858707428
YBL106C,YNL331C,0,0.40177208,0.13712701201438904,0.8393213748931885,0.5293058753013611
YOR037W,YJL019W,0,0.4013967,0.13710466027259827,0.8393213748931885,0.5294058918952942
YDR315C,YLR048W,0,0.40130895,0.1370823085308075,0.8393213748931885,0.5295059084892273
YFR037C,YAL035W,0,0.40092963,0.13705997169017792,0.8393213748931885,0.5296059250831604
YIL126W,YGL059W,0,0.4004838,0.13703763484954834,0.8393213748931885,0.5297059416770935
YHR021C,YJL019W,0,0.40035403,0.13701531291007996,0.8393213748931885,0.5298059582710266
YKL088W,YBL055C,0,0.3999849,0.13699299097061157,0.8393213748931885,0.5299059748649597
YGL211W,YFR007W,0,0.39986908,0.13697068393230438,0.8393213748931885,0.5300059914588928
YJL121C,YCL050C,0,0.39955443,0.1369483768939972,0.8393213748931885,0.5301060080528259
YOR039W,YBL010C,0,0.3994096,0.1369260847568512,0.8393213748931885,0.530206024646759
YDR469W,YDL200C,1,0.39917284,0.1370665729045868,0.8403193354606628,0.530206024646759
YDR511W,YGL090W,0,0.3989138,0.1370442658662796,0.8403193354606628,0.5303060412406921
YGL137W,YLR079W,0,0.39876866,0.1370219737291336,0.8403193354606628,0.5304060578346252
YOR175C,YOR039W,0,0.3982886,0.1369996815919876,0.8403193354606628,0.5305060744285583
YIL039W,YNL101W,0,0.39821285,0.1369773894548416,0.8403193354606628,0.5306061506271362
YDR487C,YDR158W,0,0.3977993,0.1369551122188568,0.8403193354606628,0.5307061672210693
YJL052W,YJL108C,0,0.3975513,0.136932834982872,0.8403193354606628,0.5308061838150024
YNR061C,YNL149C,0,0.3973614,0.1369105726480484,0.8403193354606628,0.5309062004089355
YDL231C,YPL017C,0,0.39689893,0.1368883103132248,0.8403193354606628,0.5310062170028687
YFL047W,YCL061C,0,0.39664376,0.13686606287956238,0.8403193354606628,0.5311062335968018
YLR045C,YMR312W,0,0.3964532,0.13684381544589996,0.8403193354606628,0.5312062501907349
YCR094W,YOR246C,0,0.39575714,0.13682158291339874,0.8403193354606628,0.531306266784668
YIL074C,YJR059W,0,0.39426434,0.13679935038089752,0.8403193354606628,0.5314062833786011
YDR126W,YER007W,0,0.39413744,0.1367771327495575,0.8403193354606628,0.5315062999725342
YDR126W,YLR414C,0,0.39363778,0.13675491511821747,0.8403193354606628,0.5316063165664673
YJL153C,YBL074C,0,0.39335245,0.13673271238803864,0.8403193354606628,0.5317063331604004
YPR118W,YBL010C,0,0.39325655,0.1367105096578598,0.8403193354606628,0.5318063497543335
YNL293W,YEL002C,0,0.3931108,0.13668830692768097,0.8403193354606628,0.5319063663482666
YIR036C,YDR013W,0,0.39296806,0.13666611909866333,0.8403193354606628,0.5320063829421997
YEL059C-A,YIL101C,0,0.39270014,0.13664394617080688,0.8403193354606628,0.5321063995361328
YGL021W,YDR252W,0,0.39245653,0.13662177324295044,0.8403193354606628,0.5322064161300659
YJL044C,YDR169C,0,0.39240175,0.1365996152162552,0.8403193354606628,0.532306432723999
YOR244W,YOL056W,0,0.3923723,0.13657745718955994,0.8403193354606628,0.5324065089225769
YGR188C,YIL136W,0,0.39208192,0.13655529916286469,0.8403193354606628,0.53250652551651
YJL219W,YPL074W,0,0.39179355,0.13653315603733063,0.8403193354606628,0.5326065421104431
YER114C,YCR054C,0,0.3916862,0.13651102781295776,0.8403193354606628,0.5327065587043762
YNR070W,YBL082C,0,0.39120334,0.1364888995885849,0.8403193354606628,0.5328065752983093
YBL078C,YMR281W,0,0.39104408,0.13646677136421204,0.8403193354606628,0.5329065918922424
YIL078W,YPL149W,0,0.39095175,0.13644465804100037,0.8403193354606628,0.5330066084861755
YDL130W,YLR074C,0,0.390885,0.1364225596189499,0.8403193354606628,0.5331066250801086
YGR088W,YML091C,0,0.39063781,0.13640044629573822,0.8403193354606628,0.5332066416740417
YGR086C,YER045C,0,0.38999444,0.13637836277484894,0.8403193354606628,0.5333066582679749
YHR140W,YMR045C,0,0.38988256,0.13635627925395966,0.8403193354606628,0.533406674861908
YAL034W-A,YNR016C,0,0.38986474,0.13633419573307037,0.8403193354606628,0.5335066914558411
YBR283C,YER184C,0,0.38955492,0.13631212711334229,0.8403193354606628,0.5336067080497742
YJR015W,YLR109W,0,0.38926178,0.1362900584936142,0.8403193354606628,0.5337067246437073
YAR019C,YAR010C,0,0.38913834,0.1362680047750473,0.8403193354606628,0.5338067412376404
YDL138W,YGR156W,0,0.38905036,0.1362459510564804,0.8403193354606628,0.5339067578315735
YPR184W,YGR071C,0,0.38845408,0.1362239122390747,0.8403193354606628,0.5340067744255066
YBL054W,YGR262C,0,0.38794065,0.136201873421669,0.8403193354606628,0.5341068506240845
YDL205C,YGR189C,0,0.38768256,0.1361798495054245,0.8403193354606628,0.5342068672180176
YML116W,YDL017W,0,0.38749754,0.13615782558918,0.8403193354606628,0.5343068838119507
YMR257C,YIL072W,0,0.3874107,0.13613581657409668,0.8403193354606628,0.5344069004058838
YPR186C,YLR079W,0,0.38689893,0.13611380755901337,0.8403193354606628,0.5345069169998169
YPL160W,YJL062W,0,0.38683194,0.13609179854393005,0.8403193354606628,0.53460693359375
YOR242C,YLR176C,0,0.38665742,0.13606981933116913,0.8403193354606628,0.5347069501876831
YGL137W,YPL160W,0,0.38659388,0.136047825217247,0.8403193354606628,0.5348069667816162
YBR205W,YMR150C,0,0.38636565,0.13602584600448608,0.8403193354606628,0.5349069833755493
YDL007W,YBR245C,0,0.38623792,0.13600388169288635,0.8403193354606628,0.5350069999694824
YPR156C,YKL183W,0,0.3861323,0.13598191738128662,0.8403193354606628,0.5351070165634155
YOR037W,YJL065C,0,0.38609093,0.1359599530696869,0.8403193354606628,0.5352070331573486
YLR090W,YBR207W,0,0.3852743,0.13593800365924835,0.8403193354606628,0.5353070497512817
YJR158W,YIL124W,0,0.38517386,0.13591605424880981,0.8403193354606628,0.5354070663452148
YJR022W,YGL039W,0,0.38485754,0.13589411973953247,0.8403193354606628,0.535507082939148
YGL106W,YLR357W,0,0.3843643,0.13587220013141632,0.8403193354606628,0.535607099533081
YHR044C,YOL019W,0,0.38372797,0.13585028052330017,0.8403193354606628,0.5357071161270142
YDR531W,YDR298C,0,0.38368416,0.13582836091518402,0.8403193354606628,0.5358071327209473
YLR139C,YHR181W,0,0.38366377,0.13580645620822906,0.8403193354606628,0.5359072089195251
YKL178C,YKL183W,0,0.383659,0.1357845515012741,0.8403193354606628,0.5360072255134583
YDR288W,YLR306W,0,0.38285196,0.13576266169548035,0.8403193354606628,0.5361072421073914
YDR224C,YER030W,0,0.3826664,0.13574077188968658,0.8403193354606628,0.5362072587013245
YGL009C,YPR186C,0,0.38236064,0.13571889698505402,0.8403193354606628,0.5363072752952576
YOR039W,YDL017W,0,0.38227832,0.13569702208042145,0.8403193354606628,0.5364072918891907
YBR040W,YGL084C,0,0.3821144,0.13567514717578888,0.8403193354606628,0.5365073084831238
YOR063W,YDR393W,0,0.38142115,0.1356533020734787,0.8403193354606628,0.5366073250770569
YJR143C,YBR084W,0,0.38118863,0.13563144207000732,0.8403193354606628,0.53670734167099
YCR077C,YMR285C,0,0.3810913,0.13560959696769714,0.8403193354606628,0.5368073582649231
YDL075W,YJL102W,0,0.38096505,0.13558776676654816,0.8403193354606628,0.5369073748588562
YBR041W,YMR163C,0,0.38086945,0.13556593656539917,0.8403193354606628,0.5370073914527893
YGL040C,YER184C,0,0.38083017,0.13554410636425018,0.8403193354606628,0.5371074080467224
YLR134W,YHR086W,0,0.38069695,0.1355222910642624,0.8403193354606628,0.5372074246406555
YBR175W,YNL158W,0,0.38033146,0.1355004757642746,0.8403193354606628,0.5373074412345886
YLR127C,YPR047W,0,0.37994134,0.135478675365448,0.8403193354606628,0.5374074578285217
YNR040W,YPR168W,0,0.37945724,0.1354568898677826,0.8403193354606628,0.5375074744224548
YJL062W-A,YJR135C,0,0.37910843,0.1354351043701172,0.8403193354606628,0.5376075506210327
YER029C,YDR077W,0,0.37880164,0.13541331887245178,0.8403193354606628,0.5377075672149658
YDR448W,YLR430W,0,0.37865967,0.13539154827594757,0.8403193354606628,0.5378075838088989
YJR139C,YLR121C,0,0.3785805,0.13536977767944336,0.8403193354606628,0.537907600402832
YHR206W,YDR531W,0,0.3785296,0.13534802198410034,0.8403193354606628,0.5380076169967651
YER061C,YLR237W,0,0.3785258,0.13532626628875732,0.8403193354606628,0.5381076335906982
YPL144W,YBR207W,0,0.37849122,0.1353045105934143,0.8403193354606628,0.5382076501846313
YFL044C,YDR486C,0,0.3766088,0.13528276979923248,0.8403193354606628,0.5383076667785645
YAR019C,YDR224C,0,0.37640417,0.13526104390621185,0.8403193354606628,0.5384076833724976
YBL057C,YGR154C,0,0.37520748,0.13523931801319122,0.8403193354606628,0.5385076999664307
YJL121C,YDL112W,0,0.37509114,0.1352176070213318,0.8403193354606628,0.5386077165603638
YDR424C,YCR004C,0,0.37500608,0.13519589602947235,0.8403193354606628,0.5387077331542969
YHR046C,YPL033C,0,0.37485713,0.13517418503761292,0.8403193354606628,0.53880774974823
YIL090W,YJL136C,0,0.3747738,0.13515248894691467,0.8403193354606628,0.5389077663421631
YIL078W,YDR093W,0,0.37445676,0.13513079285621643,0.8403193354606628,0.5390077829360962
YOL065C,YGR295C,0,0.37436122,0.13510911166667938,0.8403193354606628,0.5391077995300293
YBR176W,YKR097W,0,0.3739496,0.13508743047714233,0.8403193354606628,0.5392078161239624
YNL311C,YKL198C,0,0.37373066,0.13506576418876648,0.8403193354606628,0.5393078327178955
YAR015W,YHR160C,0,0.37300223,0.13504411280155182,0.8403193354606628,0.5394079089164734
YDR495C,YLR450W,0,0.37295955,0.13502244651317596,0.8403193354606628,0.5395079255104065
YHR092C,YMR311C,0,0.3726865,0.1350007951259613,0.8403193354606628,0.5396079421043396
YMR256C,YBL055C,0,0.37248522,0.13497915863990784,0.8403193354606628,0.5397079586982727
YPL271W,YPL028W,0,0.37239122,0.13495752215385437,0.8403193354606628,0.5398079752922058
YMR098C,YJL101C,0,0.37234908,0.1349359005689621,0.8403193354606628,0.5399079918861389
YHR207C,YDL033C,1,0.3720951,0.13507451117038727,0.841317355632782,0.5399079918861389
YOR039W,YHR129C,0,0.37207144,0.1350528746843338,0.841317355632782,0.540008008480072
YIL126W,YER106W,0,0.371889,0.13503123819828033,0.841317355632782,0.5401080250740051
YIL115C,YLR010C,0,0.37159604,0.13500961661338806,0.841317355632782,0.5402080416679382
YEL061C,YJL190C,0,0.3713714,0.1349879950284958,0.841317355632782,0.5403080582618713
YGL168W,YGL084C,0,0.37071896,0.13496637344360352,0.841317355632782,0.5404080748558044
YGR188C,YBL023C,0,0.37052828,0.13494476675987244,0.841317355632782,0.5405080914497375
YJR134C,YKR009C,0,0.37041825,0.13492317497730255,0.841317355632782,0.5406081080436707
YPL138C,YDR257C,1,0.37036568,0.1350616067647934,0.8423153758049011,0.5406081080436707
YHR021C,YKL179C,0,0.37029624,0.13504000008106232,0.8423153758049011,0.5407081246376038
YML005W,YCL055W,1,0.3698532,0.1351783722639084,0.8433133959770203,0.5407081246376038
YDR363W-A,YKL183W,0,0.36972517,0.1351567506790161,0.8433133959770203,0.5408081412315369
YLR459W,YDR096W,0,0.3696592,0.13513512909412384,0.8433133959770203,0.54090815782547
YJR139C,YCL055W,0,0.36915344,0.13511352241039276,0.8433133959770203,0.5410081744194031
YPL157W,YBR030W,1,0.3690499,0.13525180518627167,0.8443113565444946,0.5410081744194031
YGL253W,YDL144C,0,0.36891943,0.1352301836013794,0.8443113565444946,0.541108250617981
YGL232W,YDR252W,0,0.36883098,0.13520856201648712,0.8443113565444946,0.5412082672119141
YLR096W,YNL077W,0,0.36846298,0.13518695533275604,0.8443113565444946,0.5413082838058472
YGL229C,YJR033C,0,0.3683415,0.13516536355018616,0.8443113565444946,0.5414083003997803
YML106W,YIL009C-A,0,0.36806625,0.13514377176761627,0.8443113565444946,0.5415083169937134
YER070W,YFL041W,0,0.36796755,0.1351221799850464,0.8443113565444946,0.5416083335876465
YJR010C-A,YDR483W,0,0.367707,0.1351006031036377,0.8443113565444946,0.5417083501815796
YDL229W,YMR287C,0,0.36729777,0.1350790411233902,0.8443113565444946,0.5418083667755127
YIR017C,YDR362C,0,0.36716342,0.1350574642419815,0.8443113565444946,0.5419083833694458
YML037C,YBR084W,0,0.36700296,0.1350359171628952,0.8443113565444946,0.5420083999633789
YDR242W,YOL140W,0,0.36684978,0.1350143700838089,0.8443113565444946,0.542108416557312
YPL138C,YER091C,1,0.36672622,0.13515238463878632,0.8453093767166138,0.542108416557312
YKR037C,YPR096C,0,0.36671448,0.13513082265853882,0.8453093767166138,0.5422084331512451
YDR022C,YDR368W,0,0.3666349,0.13510926067829132,0.8453093767166138,0.5423084497451782
YBR033W,YAL034W-A,0,0.36642498,0.13508771359920502,0.8453093767166138,0.5424084663391113
YGR263C,YLR086W,0,0.3660921,0.1350661814212799,0.8453093767166138,0.5425084829330444
YGL128C,YGR189C,0,0.36595273,0.1350446492433548,0.8453093767166138,0.5426084995269775
YKL059C,YCR010C,0,0.3653553,0.1350231170654297,0.8453093767166138,0.5427085161209106
YDL108W,YPL186C,0,0.3653404,0.13500159978866577,0.8453093767166138,0.5428085327148438
YJR066W,YBR291C,0,0.3652925,0.13498008251190186,0.8453093767166138,0.5429086089134216
YHR031C,YNR061C,0,0.36502844,0.13495856523513794,0.8453093767166138,0.5430086255073547
YMR306W,YPL159C,0,0.36471188,0.1349370777606964,0.8453093767166138,0.5431086421012878
YPL089C,YDR380W,0,0.364321,0.1349155753850937,0.8453093767166138,0.543208658695221
YDR219C,YDR330W,0,0.3641109,0.13489408791065216,0.8453093767166138,0.543308675289154
YLR188W,YFR007W,0,0.36364043,0.13487261533737183,0.8453093767166138,0.5434086918830872
YBR048W,YDR420W,0,0.36354417,0.1348511427640915,0.8453093767166138,0.5435087084770203
YJR098C,YGR154C,0,0.36347765,0.13482967019081116,0.8453093767166138,0.5436087250709534
YNL293W,YER083C,0,0.363401,0.13480821251869202,0.8453093767166138,0.5437087416648865
YOR182C,YBL061C,0,0.3630448,0.13478675484657288,0.8453093767166138,0.5438087582588196
YOR057W,YOR347C,0,0.36292028,0.13476531207561493,0.8453093767166138,0.5439087748527527
YDR074W,YDR503C,0,0.36248738,0.13474386930465698,0.8453093767166138,0.5440087914466858
YMR128W,YJL156C,0,0.36243117,0.13472244143486023,0.8453093767166138,0.5441088080406189
YBR251W,YKL056C,0,0.36221457,0.13470101356506348,0.8453093767166138,0.544208824634552
YCL069W,YLR074C,0,0.36220032,0.13467960059642792,0.8453093767166138,0.5443088412284851
YML012W,YDL127W,0,0.36202478,0.13465818762779236,0.8453093767166138,0.5444088578224182
YML054C,YDL006W,0,0.3619247,0.134636789560318,0.8453093767166138,0.5445088744163513
YER061C,YKL212W,0,0.36191827,0.13461539149284363,0.8453093767166138,0.5446089506149292
YHR207C,YCR047C,1,0.36181927,0.13475289940834045,0.8463073968887329,0.5446089506149292
YPR048W,YGL090W,0,0.36162925,0.1347314864397049,0.8463073968887329,0.5447089672088623
YLR381W,YDR368W,0,0.36160654,0.13471008837223053,0.8463073968887329,0.5448089838027954
YDR251W,YGR194C,0,0.36128926,0.13468869030475616,0.8463073968887329,0.5449090003967285
YNR008W,YER083C,0,0.36124015,0.134667307138443,0.8463073968887329,0.5450090169906616
YPL048W,YGR135W,0,0.3612277,0.13464592397212982,0.8463073968887329,0.5451090335845947
YJL046W,YGL227W,0,0.36102635,0.13462454080581665,0.8463073968887329,0.5452090501785278
YBL010C,YLR327C,0,0.35993445,0.13460317254066467,0.8463073968887329,0.5453090667724609
YDR054C,YFR007W,0,0.3591261,0.1345818191766739,0.8463073968887329,0.545409083366394
YOR181W,YDR134C,0,0.358832,0.1345604509115219,0.8463073968887329,0.5455090999603271
YOR356W,YPR081C,0,0.35808432,0.13453911244869232,0.8463073968887329,0.5456091165542603
YLR188W,YER131W,0,0.35805696,0.13451775908470154,0.8463073968887329,0.5457091331481934
YOR043W,YBR185C,0,0.3579901,0.13449643552303314,0.8463073968887329,0.5458091497421265
YDR503C,YDR093W,0,0.35782725,0.13447509706020355,0.8463073968887329,0.5459091663360596
YJL129C,YDL180W,0,0.3573982,0.13445378839969635,0.8463073968887329,0.5460091829299927
YDR487C,YDR313C,0,0.35722607,0.13443246483802795,0.8463073968887329,0.5461091995239258
YDR466W,YJL153C,0,0.35712677,0.13441115617752075,0.8463073968887329,0.5462092161178589
YMR023C,YER012W,0,0.35681236,0.13438986241817474,0.8463073968887329,0.546309232711792
YPL060W,YER153C,0,0.3567428,0.13436856865882874,0.8463073968887329,0.5464093089103699
YBR082C,YIR002C,0,0.356466,0.13434727489948273,0.8463073968887329,0.546509325504303
YNL242W,YBR160W,0,0.35634196,0.1343259960412979,0.8463073968887329,0.5466093420982361
YGL119W,YOR389W,0,0.35612267,0.1343047171831131,0.8463073968887329,0.5467093586921692
YNR045W,YML081C-A,0,0.35595882,0.13428345322608948,0.8463073968887329,0.5468093752861023
YLR266C,YOL005C,0,0.35587788,0.13426218926906586,0.8463073968887329,0.5469093918800354
YGL232W,YDL190C,0,0.35568452,0.13424094021320343,0.8463073968887329,0.5470094084739685
YDR096W,YMR017W,0,0.35494214,0.134219691157341,0.8463073968887329,0.5471094250679016
YMR264W,YMR306W,0,0.35485262,0.13419844210147858,0.8463073968887329,0.5472094416618347
YER027C,YFR007W,0,0.3546682,0.13417720794677734,0.8463073968887329,0.5473094582557678
YBL093C,YOR221C,0,0.35465306,0.1341559886932373,0.8463073968887329,0.5474094748497009
YDR329C,YAL043C,0,0.3543566,0.13413476943969727,0.8463073968887329,0.547509491443634
YOL125W,YDR402C,0,0.35423797,0.13411355018615723,0.8463073968887329,0.5476095080375671
YJL072C,YCR004C,0,0.3539871,0.13409234583377838,0.8463073968887329,0.5477095246315002
YBR176W,YAR003W,1,0.35395622,0.13422924280166626,0.847305417060852,0.5477095246315002
YNL292W,YHR099W,0,0.35358417,0.13420802354812622,0.847305417060852,0.5478095412254333
YBR123C,YCR098C,0,0.3529842,0.13418681919574738,0.847305417060852,0.5479095578193665
YEL054C,YML009C,0,0.3528422,0.13416561484336853,0.847305417060852,0.5480095744132996
YBR236C,YHR119W,1,0.3525318,0.13430242240428925,0.8483033776283264,0.5480095744132996
YML034W,YDR224C,0,0.35091084,0.1342812031507492,0.8483033776283264,0.5481096506118774
YHR025W,YPR070W,0,0.3504393,0.13425998389720917,0.8483033776283264,0.5482096672058105
YDR288W,YNL115C,0,0.34960914,0.13423879444599152,0.8483033776283264,0.5483096837997437
YMR287C,YGR062C,0,0.34944898,0.13421759009361267,0.8483033776283264,0.5484097003936768
YEL065W,YCR028C,0,0.34925008,0.13419640064239502,0.8483033776283264,0.5485097169876099
YMR130W,YMR094W,0,0.34912717,0.13417521119117737,0.8483033776283264,0.548609733581543
YDR038C,YBL010C,0,0.34907258,0.1341540366411209,0.8483033776283264,0.5487097501754761
YMR094W,YPL155C,0,0.34885532,0.13413287699222565,0.8483033776283264,0.5488097667694092
YOR124C,YMR282C,0,0.34867758,0.1341117024421692,0.8483033776283264,0.5489097833633423
YJR066W,YKL024C,0,0.34856832,0.13409055769443512,0.8483033776283264,0.5490097999572754
YDR469W,YBL013W,1,0.34828168,0.13422712683677673,0.8493013978004456,0.5490097999572754
YDR341C,YJR022W,0,0.34789765,0.13420596718788147,0.8493013978004456,0.5491098165512085
YGL229C,YNR016C,0,0.34767038,0.134184792637825,0.8493013978004456,0.5492098331451416
YBR258C,YHR119W,1,0.34735078,0.13432130217552185,0.8502994179725647,0.5492098331451416
YNL330C,YDL195W,0,0.34705067,0.1343001276254654,0.8502994179725647,0.5493098497390747
YLR048W,YHR052W,0,0.3467731,0.13427895307540894,0.8502994179725647,0.5494098663330078
YOL138C,YCR054C,0,0.3467499,0.13425779342651367,0.8502994179725647,0.5495098829269409
YDR283C,YML087C,0,0.3459661,0.1342366486787796,0.8502994179725647,0.549609899520874
YNL207W,YDR523C,0,0.34571886,0.13421550393104553,0.8502994179725647,0.5497099161148071
YJL056C,YDL112W,0,0.3457088,0.13419435918331146,0.8502994179725647,0.5498099327087402
YER068W,YDR003W,0,0.3456158,0.1341732293367386,0.8502994179725647,0.5499100089073181
YDR478W,YLR176C,0,0.34561062,0.1341520994901657,0.8502994179725647,0.5500100255012512
YMR297W,YDL065C,0,0.34538865,0.13413098454475403,0.8502994179725647,0.5501100420951843
YER036C,YER056C-A,0,0.3453703,0.13410986959934235,0.8502994179725647,0.5502100586891174
YPR049C,YFL041W,0,0.3452282,0.13408876955509186,0.8502994179725647,0.5503100752830505
YLR109W,YKL183W,0,0.34503192,0.13406766951084137,0.8502994179725647,0.5504100918769836
YHR092C,YPL090C,0,0.34486777,0.13404656946659088,0.8502994179725647,0.5505101084709167
YPL148C,YDR038C,0,0.34472257,0.1340254843235016,0.8502994179725647,0.5506101250648499
YHR031C,YDR315C,0,0.34464937,0.1340043991804123,0.8502994179725647,0.550710141658783
YMR166C,YHR099W,0,0.34422177,0.1339833289384842,0.8502994179725647,0.5508101582527161
YNR020C,YDR031W,0,0.3431893,0.1339622586965561,0.8502994179725647,0.5509101748466492
YGL213C,YBR175W,0,0.34306848,0.13394120335578918,0.8502994179725647,0.5510101914405823
YDR435C,YML110C,1,0.34288764,0.13407734036445618,0.8512973785400391,0.5510101914405823
YLR396C,YOR150W,0,0.34259093,0.13405627012252808,0.8512973785400391,0.5511102080345154
YKL173W,YGR200C,0,0.34248883,0.13403519988059998,0.8512973785400391,0.5512102246284485
YBR058C,YHL016C,0,0.34244496,0.13401414453983307,0.8512973785400391,0.5513102412223816
YER048W-A,YNL217W,0,0.34205973,0.13399308919906616,0.8512973785400391,0.5514102578163147
YPL154C,YDR362C,0,0.34204435,0.13397204875946045,0.8512973785400391,0.5515102744102478
YOL138C,YOL156W,0,0.3420049,0.13395100831985474,0.8512973785400391,0.5516103506088257
YKL178C,YLR287C-A,0,0.3416193,0.13392996788024902,0.8512973785400391,0.5517103672027588
YJR001W,YIL026C,0,0.34154814,0.1339089423418045,0.8512973785400391,0.5518103837966919
YJL046W,YDR014W,0,0.34114623,0.13388793170452118,0.8512973785400391,0.551910400390625
YPL143W,YER089C,0,0.34102166,0.13386692106723785,0.8512973785400391,0.5520104169845581
YMR228W,YDL014W,1,0.3405562,0.13400281965732574,0.8522953987121582,0.5520104169845581
YOR308C,YER112W,0,0.34002596,0.13398179411888123,0.8522953987121582,0.5521104335784912
YDR013W,YDR362C,0,0.3399151,0.1339607834815979,0.8522953987121582,0.5522104501724243
YBR159W,YCL031C,0,0.3398685,0.13393977284431458,0.8522953987121582,0.5523104667663574
YER161C,YAL035W,0,0.3394255,0.13391877710819244,0.8522953987121582,0.5524104833602905
YDR117C,YOL072W,0,0.33928722,0.13389776647090912,0.8522953987121582,0.5525104999542236
YJL219W,YBR024W,0,0.33844352,0.13387678563594818,0.8522953987121582,0.5526105165481567
YOL138C,YDR356W,0,0.33825117,0.13385580480098724,0.8522953987121582,0.5527105331420898
YLR381W,YAL058W,0,0.3379941,0.1338348239660263,0.8522953987121582,0.552810549736023
YMR088C,YGR062C,0,0.33753765,0.13381385803222656,0.8522953987121582,0.552910566329956
YDL229W,YNR008W,0,0.33750528,0.13379289209842682,0.8522953987121582,0.5530105829238892
YJR135C,YEL002C,0,0.337247,0.13377192616462708,0.8522953987121582,0.5531105995178223
YIL150C,YHR011W,0,0.33698702,0.13375097513198853,0.8522953987121582,0.5532106161117554
YLR096W,YDL180W,0,0.3365336,0.13373003900051117,0.8522953987121582,0.5533106327056885
YGL119W,YOR242C,0,0.33646435,0.1337091028690338,0.8522953987121582,0.5534107089042664
YOL156W,YKR030W,0,0.33627802,0.13368816673755646,0.8522953987121582,0.5535107254981995
YJR094W-A,YGR162W,0,0.33607012,0.1336672455072403,0.8522953987121582,0.5536107420921326
YIL051C,YMR302C,0,0.3360265,0.13364632427692413,0.8522953987121582,0.5537107586860657
YDL056W,YBL037W,0,0.33600283,0.13362541794776917,0.8522953987121582,0.5538107752799988
YGL210W,YBL037W,0,0.33542717,0.1336045116186142,0.8522953987121582,0.5539107918739319
YHL044W,YDL101C,0,0.33529776,0.13358360528945923,0.8522953987121582,0.554010808467865
YPL106C,YDR115W,0,0.33526385,0.13356271386146545,0.8522953987121582,0.5541108250617981
YOR067C,YGL123W,0,0.33401197,0.13354182243347168,0.8522953987121582,0.5542108416557312
YDL190C,YFL041W,0,0.33372694,0.1335209459066391,0.8522953987121582,0.5543108582496643
YPL208W,YCR047C,1,0.3336895,0.13365639746189117,0.8532934188842773,0.5543108582496643
YDR265W,YHR186C,0,0.333512,0.1336355060338974,0.8532934188842773,0.5544108748435974
YAR007C,YER113C,0,0.33310127,0.13361462950706482,0.8532934188842773,0.5545108914375305
YNR020C,YJL101C,0,0.33308697,0.13359375298023224,0.8532934188842773,0.5546109080314636
YNR011C,YJL109C,0,0.3329531,0.13357287645339966,0.8532934188842773,0.5547109246253967
YDR279W,YBL090W,0,0.3328352,0.13355201482772827,0.8532934188842773,0.5548109412193298
YIR015W,YKL056C,0,0.33261943,0.13353115320205688,0.8532934188842773,0.5549109578132629
YKL183W,YER044C,0,0.3323933,0.1335103064775467,0.8532934188842773,0.555010974407196
YJR013W,YMR026C,0,0.33226782,0.1334894597530365,0.8532934188842773,0.5551110506057739
YJR010C-A,YMR201C,0,0.33148634,0.1334686279296875,0.8532934188842773,0.555211067199707
YLR438C-A,YDL184C,0,0.3313614,0.1334477961063385,0.8532934188842773,0.5553110837936401
YDR534C,YJL189W,0,0.33129293,0.1334269642829895,0.8532934188842773,0.5554111003875732
YOR067C,YHR186C,0,0.33060318,0.1334061473608017,0.8532934188842773,0.5555111169815063
YJL080C,YOR221C,0,0.32953978,0.1333853304386139,0.8532934188842773,0.5556111335754395
YOR201C,YDL184C,0,0.329243,0.13336452841758728,0.8532934188842773,0.5557111501693726
YBL020W,YCR054C,0,0.32919657,0.13334372639656067,0.8532934188842773,0.5558111667633057
YDL192W,YDR239C,0,0.32903898,0.13332293927669525,0.8532934188842773,0.5559111833572388
YOR143C,YDR342C,0,0.3290075,0.13330215215682983,0.8532934188842773,0.5560111999511719
YPL111W,YCR010C,0,0.32857752,0.13328136503696442,0.8532934188842773,0.556111216545105
YBL022C,YDL146W,0,0.32811403,0.1332605928182602,0.8532934188842773,0.5562112331390381
YBR231C,YNL268W,0,0.3278898,0.13323983550071716,0.8532934188842773,0.5563112497329712
YOR373W,YGL003C,0,0.3277728,0.13321907818317413,0.8532934188842773,0.5564112663269043
YJR066W,YGR035C,0,0.32774144,0.1331983208656311,0.8532934188842773,0.5565112829208374
YDL166C,YJR098C,0,0.32763547,0.13317756354808807,0.8532934188842773,0.5566112995147705
YDR128W,YLR176C,0,0.32742327,0.13315683603286743,0.8532934188842773,0.5567113161087036
YDR318W,YDR342C,0,0.32668084,0.1331360936164856,0.8532934188842773,0.5568113327026367
YLR109W,YOL019W,0,0.32664287,0.13311536610126495,0.8532934188842773,0.5569114089012146
YML129C,YNL135C,0,0.3261248,0.1330946385860443,0.8532934188842773,0.5570114254951477
YPL017C,YLR318W,0,0.32604843,0.13307392597198486,0.8532934188842773,0.5571114420890808
YML116W,YDL130W-A,0,0.3259011,0.1330532282590866,0.8532934188842773,0.5572114586830139
YAL041W,YER112W,0,0.32584876,0.13303251564502716,0.8532934188842773,0.557311475276947
YCR098C,YOR290C,0,0.32525438,0.1330118179321289,0.8532934188842773,0.5574114918708801
YJR009C,YHR052W,0,0.325073,0.13299113512039185,0.8532934188842773,0.5575115084648132
YDL114W,YNL159C,0,0.32490975,0.13297045230865479,0.8532934188842773,0.5576115250587463
YOR356W,YOR057W,0,0.32443917,0.13294976949691772,0.8532934188842773,0.5577115416526794
YDL136W,YIL078W,0,0.32412702,0.13292910158634186,0.8532934188842773,0.5578115582466125
YLR098C,YPR005C,0,0.3239346,0.132908433675766,0.8532934188842773,0.5579115748405457
YDR479C,YLR099C,0,0.32381755,0.13288778066635132,0.8532934188842773,0.5580115914344788
YDR121W,YOL140W,0,0.32369983,0.13286712765693665,0.8532934188842773,0.5581116080284119
YGR292W,YMR086W,0,0.32346016,0.13284648954868317,0.8532934188842773,0.558211624622345
YBR286W,YOL018C,0,0.32286906,0.1328258514404297,0.8532934188842773,0.5583116412162781
YBR236C,YKL155C,1,0.3225745,0.13296054303646088,0.8542914390563965,0.5583116412162781
YMR098C,YOR290C,0,0.3222152,0.1329399049282074,0.8542914390563965,0.5584116578102112
YIL155C,YDR252W,0,0.32217228,0.13291925191879272,0.8542914390563965,0.5585116744041443
YMR070W,YAL003W,0,0.32146925,0.13289861381053925,0.8542914390563965,0.5586117506027222
YPL138C,YOR074C,1,0.32141626,0.13303321599960327,0.8552893996238708,0.5586117506027222
YKR069W,YAR003W,1,0.3209375,0.13316777348518372,0.85628741979599,0.5586117506027222
YOR096W,YNL162W,0,0.32083732,0.13314712047576904,0.85628741979599,0.5587117671966553
YMR287C,YOR143C,0,0.32071793,0.13312645256519318,0.85628741979599,0.5588117837905884
YCR039C,YCR081W,0,0.32020342,0.1331057995557785,0.85628741979599,0.5589118003845215
YLR318W,YLR045C,0,0.32000703,0.13308516144752502,0.85628741979599,0.5590118169784546
YML116W,YDR447C,0,0.3199473,0.13306452333927155,0.85628741979599,0.5591118335723877
YDR315C,YKL212W,0,0.31971508,0.13304388523101807,0.85628741979599,0.5592118501663208
YDR481C,YGR124W,0,0.31971484,0.13302326202392578,0.85628741979599,0.5593118667602539
YKL154W,YDR390C,0,0.31970626,0.1330026388168335,0.85628741979599,0.559411883354187
YOL127W,YAL034W-A,0,0.31946212,0.1329820156097412,0.85628741979599,0.5595118999481201
YJL044C,YER070W,0,0.31939787,0.13296140730381012,0.85628741979599,0.5596119165420532
YJR058C,YJL056C,0,0.3192656,0.13294081389904022,0.85628741979599,0.5597119331359863
YDR069C,YJR155W,0,0.3179384,0.13292022049427032,0.85628741979599,0.5598119497299194
YER068W,YKL164C,0,0.31775296,0.13289962708950043,0.85628741979599,0.5599119663238525
YHR028C,YBR166C,0,0.31773287,0.13287904858589172,0.85628741979599,0.5600119829177856
YGL206C,YPL226W,0,0.31730723,0.13285847008228302,0.85628741979599,0.5601119995117188
YKR014C,YGR241C,0,0.31711274,0.1328379064798355,0.85628741979599,0.5602120161056519
YDR239C,YMR004W,0,0.31691754,0.132817342877388,0.85628741979599,0.560312032699585
YJL048C,YLR238W,0,0.31633723,0.1327967792749405,0.85628741979599,0.5604121088981628
YBR286W,YDR054C,0,0.316185,0.13277623057365417,0.85628741979599,0.560512125492096
YJL165C,YDL130W,0,0.31613368,0.13275568187236786,0.85628741979599,0.560612142086029
YMR070W,YML081C-A,0,0.31612122,0.13273514807224274,0.85628741979599,0.5607121586799622
YER140W,YJL156C,0,0.31516445,0.13271461427211761,0.85628741979599,0.5608121752738953
YML104C,YER030W,0,0.31499434,0.1326940953731537,0.85628741979599,0.5609121918678284
YLR381W,YGR061C,0,0.3149554,0.13267357647418976,0.85628741979599,0.5610122084617615
YML037C,YOL117W,0,0.31481528,0.13265305757522583,0.85628741979599,0.5611122250556946
YPL111W,YDR044W,0,0.31472975,0.1326325535774231,0.85628741979599,0.5612122416496277
YLR090W,YML042W,0,0.31472224,0.13261204957962036,0.85628741979599,0.5613122582435608
YKL011C,YDR239C,0,0.31466258,0.13259156048297882,0.85628741979599,0.5614122748374939
YLR188W,YPL143W,0,0.31421494,0.13257107138633728,0.85628741979599,0.561512291431427
YNL217W,YER012W,0,0.31408244,0.13255059719085693,0.85628741979599,0.5616123080253601
YOL030W,YDL200C,0,0.3139981,0.1325301229953766,0.85628741979599,0.5617123246192932
YMR298W,YOR096W,0,0.31398714,0.13250964879989624,0.85628741979599,0.5618123412132263
YJR010C-A,YMR109W,0,0.31333393,0.1324891895055771,0.85628741979599,0.5619123578071594
YIR006C,YNL091W,0,0.31304115,0.13246873021125793,0.85628741979599,0.5620123744010925
YOR179C,YHR036W,0,0.31240106,0.13244828581809998,0.85628741979599,0.5621124505996704
YJL219W,YJR126C,0,0.31224585,0.13242784142494202,0.85628741979599,0.5622124671936035
YDR022C,YJL097W,0,0.312064,0.13240741193294525,0.85628741979599,0.5623124837875366
YFR032C-A,YNL227C,0,0.31203848,0.1323869824409485,0.85628741979599,0.5624125003814697
YBR084W,YLR010C,0,0.31182992,0.13236655294895172,0.85628741979599,0.5625125169754028
YDR424C,YJR068W,0,0.31181574,0.13234613835811615,0.85628741979599,0.5626125335693359
YCR040W,YJL190C,0,0.31134182,0.13232572376728058,0.85628741979599,0.562712550163269
YPL074W,YBL074C,0,0.31128013,0.1323053240776062,0.85628741979599,0.5628125667572021
YNL129W,YJL101C,0,0.31097424,0.13228492438793182,0.85628741979599,0.5629125833511353
YMR098C,YAL043C,0,0.3107518,0.13226452469825745,0.85628741979599,0.5630125999450684
YPL031C,YDR380W,0,0.3101247,0.13224413990974426,0.85628741979599,0.5631126165390015
YER051W,YBL082C,0,0.30982357,0.13222377002239227,0.85628741979599,0.5632126331329346
YPR049C,YNL149C,0,0.30963868,0.1322033852338791,0.85628741979599,0.5633126497268677
YLR370C,YGL168W,0,0.308537,0.1321830153465271,0.85628741979599,0.5634126663208008
YJR094W-A,YJL097W,0,0.30823493,0.1321626603603363,0.85628741979599,0.5635126829147339
YJR029W,YHR136C,0,0.3081451,0.1321423053741455,0.85628741979599,0.563612699508667
YDR479C,YNL101W,0,0.3079701,0.1321219652891159,0.85628741979599,0.5637127161026001
YJL097W,YOR211C,0,0.3075521,0.1321016103029251,0.85628741979599,0.563812792301178
YNL101W,YLR246W,0,0.30753595,0.1320812851190567,0.85628741979599,0.5639128088951111
YOR290C,YER012W,0,0.3075087,0.1320609450340271,0.85628741979599,0.5640128254890442
YOR308C,YGR106C,0,0.3073824,0.13204063475131989,0.85628741979599,0.5641128420829773
YNR008W,YDR074W,0,0.3072918,0.13202030956745148,0.85628741979599,0.5642128586769104
YBL074C,YIL026C,0,0.30714667,0.13199999928474426,0.85628741979599,0.5643128752708435
YDR520C,YOR337W,0,0.30701393,0.13197968900203705,0.85628741979599,0.5644128918647766
YIR012W,YLR010C,0,0.3069855,0.13195939362049103,0.85628741979599,0.5645129084587097
YPL026C,YPL033C,0,0.30677688,0.131939098238945,0.85628741979599,0.5646129250526428
YMR289W,YOL149W,0,0.30666316,0.13191881775856018,0.85628741979599,0.5647129416465759
YBL017C,YJR058C,0,0.3065319,0.13189853727817535,0.85628741979599,0.564812958240509
YEL017C-A,YKL143W,0,0.30585247,0.13187827169895172,0.85628741979599,0.5649129748344421
YBL093C,YDL127W,0,0.30530363,0.1318580061197281,0.85628741979599,0.5650129914283752
YFL036W,YER061C,0,0.30519432,0.13183774054050446,0.85628741979599,0.5651130080223083
YMR056C,YER091C,0,0.30448973,0.13181748986244202,0.85628741979599,0.5652130246162415
YPL089C,YLR265C,0,0.30422533,0.13179723918437958,0.85628741979599,0.5653130412101746
YIR014W,YOL105C,0,0.303061,0.13177698850631714,0.85628741979599,0.5654130578041077
YOL003C,YJR059W,0,0.3030581,0.1317567527294159,0.85628741979599,0.5655130743980408
YBR082C,YER045C,0,0.30267483,0.13173653185367584,0.85628741979599,0.5656131505966187
YIR006C,YDL184C,0,0.30266827,0.1317162960767746,0.85628741979599,0.5657131671905518
YML094W,YBR264C,0,0.30260462,0.13169609010219574,0.85628741979599,0.5658131837844849
YOR066W,YMR152W,0,0.30241168,0.1316758692264557,0.85628741979599,0.565913200378418
YIL113W,YGL141W,0,0.30193788,0.13165566325187683,0.85628741979599,0.5660132169723511
YML005W,YAR003W,1,0.30152398,0.13178889453411102,0.8572854399681091,0.5660132169723511
YDL115C,YDR402C,0,0.30132776,0.13176867365837097,0.8572854399681091,0.5661132335662842
YPL206C,YKR105C,0,0.29991007,0.13174846768379211,0.8572854399681091,0.5662132501602173
YDR368W,YDR421W,0,0.29965746,0.13172826170921326,0.8572854399681091,0.5663132667541504
YMR036C,YBR142W,0,0.29939228,0.1317080706357956,0.8572854399681091,0.5664132833480835
YOR308C,YAL043C,0,0.29929018,0.13168787956237793,0.8572854399681091,0.5665132999420166
YER099C,YLR134W,0,0.29919302,0.13166768848896027,0.8572854399681091,0.5666133165359497
YML074C,YBL022C,0,0.2985394,0.1316475123167038,0.8572854399681091,0.5667133331298828
YOR239W,YCR047C,1,0.2979493,0.13178056478500366,0.8582834601402283,0.5667133331298828
YNL301C,YAR007C,0,0.2974549,0.131760373711586,0.8582834601402283,0.5668133497238159
YBR050C,YOR290C,0,0.29724312,0.13174019753932953,0.8582834601402283,0.566913366317749
YMR188C,YBL010C,0,0.29719752,0.13172002136707306,0.8582834601402283,0.5670133829116821
YBL103C,YAL062W,0,0.2971354,0.1316998451948166,0.8582834601402283,0.5671133995056152
YBR286W,YER106W,0,0.29709893,0.1316796839237213,0.8582834601402283,0.5672134160995483
YKR105C,YAL025C,0,0.29680544,0.13165952265262604,0.8582834601402283,0.5673134922981262
YGL211W,YJL190C,0,0.29661644,0.13163937628269196,0.8582834601402283,0.5674135088920593
YJL065C,YKL028W,0,0.2964539,0.13161922991275787,0.8582834601402283,0.5675135254859924
YDR046C,YHR136C,0,0.29566258,0.1315990835428238,0.8582834601402283,0.5676135420799255
YMR036C,YAL035W,0,0.29545403,0.1315789520740509,0.8582834601402283,0.5677135586738586
YJL033W,YHR184W,0,0.29518437,0.13155882060527802,0.8582834601402283,0.5678135752677917
YDR495C,YMR012W,0,0.29505372,0.13153870403766632,0.8582834601402283,0.5679135918617249
YDL115C,YDR239C,0,0.29474002,0.13151858747005463,0.8582834601402283,0.568013608455658
YCR020C,YFR006W,0,0.29472542,0.13149847090244293,0.8582834601402283,0.5681136250495911
YMR088C,YMR204C,0,0.29450285,0.13147836923599243,0.8582834601402283,0.5682136416435242
YOR047C,YCR028C,0,0.29433042,0.13145826756954193,0.8582834601402283,0.5683136582374573
YNL001W,YLL038C,0,0.29391384,0.13143818080425262,0.8582834601402283,0.5684136748313904
YLR045C,YBR040W,0,0.29380357,0.13141809403896332,0.8582834601402283,0.5685136914253235
YKL010C,YHR117W,0,0.29356235,0.131398007273674,0.8582834601402283,0.5686137080192566
YHR207C,YCL054W,1,0.29296136,0.13153070211410522,0.8592814207077026,0.5686137080192566
YGR156W,YIL115C,0,0.29291958,0.13151061534881592,0.8592814207077026,0.5687137246131897
YLR373C,YOR120W,0,0.29232717,0.1314905285835266,0.8592814207077026,0.5688137412071228
YER048W-A,YER070W,0,0.29206938,0.1314704567193985,0.8592814207077026,0.5689137578010559
YJR033C,YPR070W,0,0.29200888,0.13145038485527039,0.8592814207077026,0.569013774394989
YBL064C,YLR109W,0,0.2917174,0.13143031299114227,0.8592814207077026,0.5691138505935669
YIL004C,YDR315C,0,0.29150188,0.13141025602817535,0.8592814207077026,0.5692138671875
YML040W,YKR062W,0,0.29024392,0.13139019906520844,0.8592814207077026,0.5693138837814331
YDR315C,YBR251W,0,0.2899335,0.1313701570034027,0.8592814207077026,0.5694139003753662
YMR166C,YLR418C,0,0.28973812,0.13135011494159698,0.8592814207077026,0.5695139169692993
YBR048W,YPL026C,0,0.28953934,0.13133007287979126,0.8592814207077026,0.5696139335632324
YIL009C-A,YDL184C,0,0.28948134,0.13131004571914673,0.8592814207077026,0.5697139501571655
YPR132W,YDR376W,0,0.28925443,0.1312900334596634,0.8592814207077026,0.5698139667510986
YBR198C,YGR184C,0,0.28899223,0.13127000629901886,0.8592814207077026,0.5699139833450317
YAL034W-A,YPL017C,0,0.28839582,0.13124999403953552,0.8592814207077026,0.5700139999389648
YDR056C,YGL222C,0,0.28821844,0.13122999668121338,0.8592814207077026,0.570114016532898
YPL148C,YDR228C,0,0.28767246,0.13120999932289124,0.8592814207077026,0.570214033126831
YKL164C,YPL026C,0,0.2874238,0.1311900019645691,0.8592814207077026,0.5703140497207642
YLR147C,YOR080W,0,0.28685528,0.13117001950740814,0.8592814207077026,0.5704140663146973
YIL051C,YGR220C,0,0.28668642,0.1311500370502472,0.8592814207077026,0.5705140829086304
YMR257C,YLR032W,0,0.28643364,0.13113006949424744,0.8592814207077026,0.5706140995025635
YNL292W,YJL121C,0,0.286384,0.13111010193824768,0.8592814207077026,0.5707141160964966
YOR116C,YGR009C,0,0.28605926,0.13109013438224792,0.8592814207077026,0.5708141922950745
YNL185C,YML060W,0,0.285594,0.13107018172740936,0.8592814207077026,0.5709142088890076
YIL109C,YDR054C,0,0.28542888,0.1310502290725708,0.8592814207077026,0.5710142254829407
YML027W,YPL060W,0,0.28513265,0.13103029131889343,0.8592814207077026,0.5711142420768738
YJR029W,YGL039W,0,0.2850079,0.13101035356521606,0.8592814207077026,0.5712142586708069
YIL072W,YJL106W,0,0.2843696,0.1309904158115387,0.8592814207077026,0.57131427526474
YNL242W,YBL064C,0,0.28430605,0.13097049295902252,0.8592814207077026,0.5714142918586731
YPL214C,YNL135C,0,0.28423554,0.13095057010650635,0.8592814207077026,0.5715143084526062
YDR018C,YNL244C,0,0.28416395,0.13093066215515137,0.8592814207077026,0.5716143250465393
YGL089C,YOR389W,0,0.28360695,0.1309107542037964,0.8592814207077026,0.5717143416404724
YGL089C,YJL121C,0,0.28348154,0.1308908462524414,0.8592814207077026,0.5718143582344055
YOL093W,YHR119W,1,0.28344846,0.13102294504642487,0.8602794408798218,0.5718143582344055
YBR176W,YKL155C,1,0.28317285,0.13115501403808594,0.8612774610519409,0.5718143582344055
YLR154C,YDR047W,0,0.28308618,0.13113509118556976,0.8612774610519409,0.5719143748283386
YOR391C,YPL111W,0,0.28275573,0.1311151683330536,0.8612774610519409,0.5720143914222717
YOL093W,YPL138C,1,0.28240657,0.1312471479177475,0.8622754216194153,0.5720143914222717
YNL046W,YDR120C,0,0.28228307,0.13122721016407013,0.8622754216194153,0.5721144080162048
YNL310C,YLR010C,0,0.28199822,0.13120728731155396,0.8622754216194153,0.5722144246101379
YPL028W,YNL339C,0,0.28143626,0.13118736445903778,0.8622754216194153,0.572314441204071
YMR088C,YBR012W-A,0,0.28140414,0.1311674565076828,0.8622754216194153,0.5724144577980042
YPL089C,YBR297W,0,0.28091913,0.13114753365516663,0.8622754216194153,0.5725144743919373
YDL164C,YDR103W,0,0.2803378,0.13112764060497284,0.8622754216194153,0.5726145505905151
YDL229W,YDR465C,0,0.279707,0.13110773265361786,0.8622754216194153,0.5727145671844482
YLR450W,YDL006W,0,0.279441,0.13108785450458527,0.8622754216194153,0.5728145837783813
YHL047C,YDR421W,0,0.27938598,0.13106796145439148,0.8622754216194153,0.5729146003723145
YOR046C,YPL103C,0,0.27849698,0.1310480833053589,0.8622754216194153,0.5730146169662476
YOR346W,YBL023C,0,0.2780168,0.1310282051563263,0.8622754216194153,0.5731146335601807
YPL068C,YER030W,0,0.27779865,0.1310083419084549,0.8622754216194153,0.5732146501541138
YMR036C,YPL068C,0,0.27779347,0.1309884786605835,0.8622754216194153,0.5733146667480469
YGL084C,YPL202C,0,0.27768987,0.1309686154127121,0.8622754216194153,0.57341468334198
YIL093C,YPR005C,0,0.27723354,0.1309487670660019,0.8622754216194153,0.5735146999359131
YGR001C,YBR176W,1,0.27684033,0.13108046352863312,0.8632734417915344,0.5735146999359131
YDL007W,YBL060W,0,0.27651018,0.13106060028076172,0.8632734417915344,0.5736147165298462
YOR182C,YLR032W,0,0.2764505,0.1310407519340515,0.8632734417915344,0.5737147331237793
YNL091W,YJL133W,0,0.276232,0.1310209035873413,0.8632734417915344,0.5738147497177124
YKL140W,YLR109W,0,0.27584875,0.1310010552406311,0.8632734417915344,0.5739147663116455
YER088C,YDR486C,0,0.27566117,0.1309812217950821,0.8632734417915344,0.5740147829055786
YDR501W,YIL126W,0,0.27565926,0.13096138834953308,0.8632734417915344,0.5741147994995117
YJL044C,YOL125W,0,0.2755258,0.13094156980514526,0.8632734417915344,0.5742148160934448
YGL213C,YLR418C,0,0.2751444,0.13092175126075745,0.8632734417915344,0.5743148922920227
YDL138W,YDR342C,0,0.27497417,0.13090193271636963,0.8632734417915344,0.5744149088859558
YOL003C,YGR292W,0,0.2744003,0.130882129073143,0.8632734417915344,0.5745149254798889
YIL115C,YDR047W,0,0.27395922,0.13086232542991638,0.8632734417915344,0.574614942073822
YGL191W,YPR036W,0,0.27311277,0.13084253668785095,0.8632734417915344,0.5747149586677551
YGL191W,YDR318W,0,0.2723137,0.13082274794578552,0.8632734417915344,0.5748149752616882
YDR242W,YGL251C,0,0.27225798,0.1308029592037201,0.8632734417915344,0.5749149918556213
YOL123W,YPR081C,0,0.2710638,0.13078318536281586,0.8632734417915344,0.5750150084495544
YDR495C,YOR233W,0,0.27103132,0.13076341152191162,0.8632734417915344,0.5751150250434875
YMR256C,YPR032W,0,0.27035576,0.13074365258216858,0.8632734417915344,0.5752150416374207
YIL101C,YGR075C,0,0.27004075,0.13072389364242554,0.8632734417915344,0.5753150582313538
YHR143W,YLR086W,0,0.26938444,0.1307041347026825,0.8632734417915344,0.5754150748252869
YLR170C,YLR097C,0,0.26924837,0.13068439066410065,0.8632734417915344,0.57551509141922
YGR241C,YFR007W,0,0.2691946,0.1306646466255188,0.8632734417915344,0.5756151080131531
YAR003W,YOR074C,1,0.26891786,0.13079595565795898,0.8642714619636536,0.5756151080131531
YGL135W,YJR060W,0,0.26858246,0.13077619671821594,0.8642714619636536,0.5757151246070862
YER083C,YPL157W,0,0.26828498,0.1307564526796341,0.8642714619636536,0.5758151412010193
YGR157W,YER175C,1,0.2676627,0.1308876872062683,0.8652694821357727,0.5758151412010193
YLR373C,YOR036W,0,0.2675199,0.13086792826652527,0.8652694821357727,0.5759151577949524
YNR070W,YBL010C,0,0.2672758,0.13084816932678223,0.8652694821357727,0.5760151743888855
YLR099C,YDR116C,0,0.26727003,0.13082842528820038,0.8652694821357727,0.5761152505874634
YLR139C,YLR099C,0,0.26663244,0.13080869615077972,0.8652694821357727,0.5762152671813965
YMR166C,YML015C,0,0.26538354,0.13078895211219788,0.8652694821357727,0.5763152837753296
YLR396C,YJR098C,0,0.26497597,0.13076923787593842,0.8652694821357727,0.5764153003692627
YLR439W,YNL188W,0,0.26493472,0.13074950873851776,0.8652694821357727,0.5765153169631958
YHL024W,YDR071C,0,0.2644062,0.1307297945022583,0.8652694821357727,0.5766153335571289
YKR062W,YDR130C,0,0.2642433,0.13071008026599884,0.8652694821357727,0.576715350151062
YHL036W,YDR400W,0,0.2639528,0.13069038093090057,0.8652694821357727,0.5768153667449951
YJR104C,YHR186C,0,0.26333195,0.1306706815958023,0.8652694821357727,0.5769153833389282
YDR265W,YNL213C,0,0.2632903,0.13065099716186523,0.8652694821357727,0.5770153999328613
YGL089C,YBR035C,0,0.2631685,0.13063131272792816,0.8652694821357727,0.5771154165267944
YDL210W,YFL029C,0,0.26285106,0.1306116282939911,0.8652694821357727,0.5772154331207275
YDL056W,YNL015W,0,0.26275647,0.1305919587612152,0.8652694821357727,0.5773154497146606
YNL242W,YDL127W,0,0.26261902,0.13057228922843933,0.8652694821357727,0.5774154663085938
YHR207C,YDL180W,0,0.2617836,0.13055263459682465,0.8652694821357727,0.5775154829025269
YHR027C,YLR418C,0,0.26167923,0.13053296506404877,0.8652694821357727,0.57761549949646
YMR298W,YLR439W,0,0.2612505,0.13051332533359528,0.8652694821357727,0.5777155160903931
YDR248C,YBL021C,0,0.26111704,0.13049368560314178,0.8652694821357727,0.577815592288971
YBR213W,YOR386W,0,0.26104575,0.1304740458726883,0.8652694821357727,0.577915608882904
YLR204W,YPR016C,0,0.26103586,0.1304544061422348,0.8652694821357727,0.5780156254768372
YOR175C,YFR008W,0,0.2609852,0.1304347813129425,0.8652694821357727,0.5781156420707703
YER161C,YJL108C,0,0.26092356,0.1304151564836502,0.8652694821357727,0.5782156586647034
YNL092W,YDL033C,1,0.2607956,0.1305459439754486,0.8662674427032471,0.5782156586647034
YHR143W,YNR022C,0,0.26067162,0.1305263191461563,0.8662674427032471,0.5783156752586365
YJL190C,YPL149W,0,0.26056802,0.130506694316864,0.8662674427032471,0.5784156918525696
YER068W,YKR030W,0,0.2602262,0.13048706948757172,0.8662674427032471,0.5785157084465027
YGR159C,YDR297W,0,0.26003206,0.1304674595594406,0.8662674427032471,0.5786157250404358
YCR047C,YBR105C,0,0.25979757,0.1304478496313095,0.8662674427032471,0.5787157416343689
YDR107C,YJR059W,0,0.25968897,0.1304282546043396,0.8662674427032471,0.578815758228302
YPR156C,YOL157C,0,0.2595591,0.1304086595773697,0.8662674427032471,0.5789157748222351
YNL311C,YLR381W,0,0.25939852,0.13038906455039978,0.8662674427032471,0.5790157914161682
YDR011W,YOL152W,0,0.2592221,0.13036948442459106,0.8662674427032471,0.5791158080101013
YOR066W,YMR012W,0,0.25897694,0.13034990429878235,0.8662674427032471,0.5792158246040344
YKR069W,YML008C,1,0.25894433,0.13048048317432404,0.8672654628753662,0.5792158246040344
YPR186C,YDL200C,0,0.25881332,0.13046088814735413,0.8672654628753662,0.5793158411979675
YCL063W,YPL074W,0,0.25873291,0.1304413080215454,0.8672654628753662,0.5794158577919006
YIR002C,YER120W,0,0.25863355,0.1304217278957367,0.8672654628753662,0.5795158743858337
YER068W,YML015C,0,0.25850618,0.13040216267108917,0.8672654628753662,0.5796159505844116
YGL136C,YPL026C,0,0.25828403,0.13038259744644165,0.8672654628753662,0.5797159671783447
YBR012W-A,YER173W,0,0.25827622,0.13036303222179413,0.8672654628753662,0.5798159837722778
YHR046C,YGR274C,0,0.25817335,0.1303434818983078,0.8672654628753662,0.5799160003662109
YOR096W,YLR414C,0,0.25795704,0.13032393157482147,0.8672654628753662,0.580016016960144
YER096W,YOR150W,0,0.25755095,0.13030439615249634,0.8672654628753662,0.5801160335540771
YGR223C,YIL171W,0,0.25720346,0.1302848607301712,0.8672654628753662,0.5802160501480103
YDR341C,YER089C,0,0.25718808,0.13026532530784607,0.8672654628753662,0.5803160667419434
YKR094C,YDR238C,0,0.25712824,0.13024580478668213,0.8672654628753662,0.5804160833358765
YJL133W,YOR306C,0,0.2568608,0.1302262842655182,0.8672654628753662,0.5805160999298096
YOR373W,YBR055C,0,0.2559982,0.13020677864551544,0.8672654628753662,0.5806161165237427
YOR290C,YDR387C,0,0.25588477,0.1301872730255127,0.8672654628753662,0.5807161331176758
YJL164C,YOR332W,0,0.25572526,0.13016776740550995,0.8672654628753662,0.5808161497116089
YPL019C,YER051W,0,0.2556206,0.1301482766866684,0.8672654628753662,0.580916166305542
YGL213C,YOR270C,0,0.25540715,0.13012878596782684,0.8672654628753662,0.5810161828994751
YMR211W,YDR318W,0,0.2547663,0.1301092952489853,0.8672654628753662,0.5811161994934082
YDL114W,YDR315C,0,0.25435942,0.13008981943130493,0.8672654628753662,0.5812162160873413
YMR130W,YML060W,0,0.2538525,0.13007034361362457,0.8672654628753662,0.5813162922859192
YML012W,YCR040W,0,0.253267,0.1300508826971054,0.8672654628753662,0.5814163088798523
YNL206C,YLR446W,0,0.25321674,0.13003142178058624,0.8672654628753662,0.5815163254737854
YOR265W,YDL146W,0,0.25299692,0.13001197576522827,0.8672654628753662,0.5816163420677185
YNL242W,YBR241C,0,0.2529586,0.1299925148487091,0.8672654628753662,0.5817163586616516
YLR078C,YPR021C,0,0.25279498,0.12997308373451233,0.8672654628753662,0.5818163752555847
YIR036C,YGR014W,0,0.25223058,0.12995363771915436,0.8672654628753662,0.5819163918495178
YKR014C,YDL033C,0,0.25191355,0.12993420660495758,0.8672654628753662,0.5820164084434509
YBR159W,YDR197W,0,0.25179952,0.129914790391922,0.8672654628753662,0.582116425037384
YFR006W,YBR251W,0,0.25163633,0.12989535927772522,0.8672654628753662,0.5822164416313171
YJL048C,YNR022C,0,0.25150692,0.12987595796585083,0.8672654628753662,0.5823164582252502
YOR265W,YPR102C,0,0.25133824,0.12985654175281525,0.8672654628753662,0.5824164748191833
YDR012W,YKR048C,0,0.25115043,0.12983714044094086,0.8672654628753662,0.5825164914131165
YDR242W,YOR346W,0,0.250955,0.12981775403022766,0.8672654628753662,0.5826165080070496
YPR184W,YIL126W,0,0.25086397,0.12979835271835327,0.8672654628753662,0.5827165246009827
YNL039W,YOL002C,0,0.25062925,0.12977896630764008,0.8672654628753662,0.5828165411949158
YOR061W,YIL113W,0,0.25015575,0.12975959479808807,0.8672654628753662,0.5829165577888489
YMR130W,YPL195W,0,0.250153,0.12974022328853607,0.8672654628753662,0.583016574382782
YOR257W,YOR290C,0,0.25014687,0.12972085177898407,0.8672654628753662,0.5831166505813599
YOR322C,YGR075C,0,0.25002772,0.12970149517059326,0.8672654628753662,0.583216667175293
YGL205W,YHL019C,0,0.24999698,0.12968213856220245,0.8672654628753662,0.5833166837692261
YGL123W,YMR071C,0,0.24998303,0.12966278195381165,0.8672654628753662,0.5834167003631592
YDR329C,YGR116W,0,0.24963062,0.12964344024658203,0.8672654628753662,0.5835167169570923
YDR315C,YAL034W-A,0,0.24941607,0.12962409853935242,0.8672654628753662,0.5836167335510254
YHR025W,YKL212W,0,0.24901347,0.129604771733284,0.8672654628753662,0.5837167501449585
YMR297W,YNR007C,0,0.24874122,0.12958544492721558,0.8672654628753662,0.5838167667388916
YER083C,YNR016C,0,0.24829398,0.12956611812114716,0.8672654628753662,0.5839167833328247
YJR098C,YAL034W-A,0,0.24723972,0.12954680621623993,0.8672654628753662,0.5840167999267578
YPL031C,YOR374W,0,0.24601258,0.1295274943113327,0.8672654628753662,0.5841168165206909
YOR174W,YNL188W,0,0.24595578,0.12950819730758667,0.8672654628753662,0.584216833114624
YMR142C,YNL244C,0,0.2456346,0.12948890030384064,0.8672654628753662,0.5843168497085571
YKL154W,YHR167W,0,0.24550404,0.1294696033000946,0.8672654628753662,0.5844168663024902
YHR027C,YMR224C,0,0.24542229,0.12945032119750977,0.8672654628753662,0.5845168828964233
YPR192W,YDR421W,0,0.24500363,0.12943103909492493,0.8672654628753662,0.5846168994903564
YOR181W,YPL059W,0,0.24482884,0.12941177189350128,0.8672654628753662,0.5847169160842896
YKR014C,YLR099C,0,0.24479531,0.12939248979091644,0.8672654628753662,0.5848169922828674
YJL121C,YER164W,0,0.24475305,0.129373237490654,0.8672654628753662,0.5849170088768005
YGL205W,YKR050W,0,0.2444659,0.12935397028923035,0.8672654628753662,0.5850170254707336
YHR140W,YKR050W,0,0.24404879,0.1293347179889679,0.8672654628753662,0.5851170420646667
YOR046C,YPL143W,0,0.24383833,0.12931548058986664,0.8672654628753662,0.5852170586585999
YJL080C,YOR326W,0,0.24379794,0.1292962282896042,0.8672654628753662,0.585317075252533
YPL157W,YDR198C,1,0.2436222,0.1294257640838623,0.8682634830474854,0.585317075252533
YDR363W-A,YDR088C,0,0.2428674,0.12940651178359985,0.8682634830474854,0.5854170918464661
YBL106C,YPL101W,0,0.24270083,0.1293872743844986,0.8682634830474854,0.5855171084403992
YML015C,YML063W,0,0.24263455,0.12936803698539734,0.8682634830474854,0.5856171250343323
YOR039W,YDR231C,0,0.24242915,0.12934879958629608,0.8682634830474854,0.5857171416282654
YBR159W,YGR218W,0,0.24220069,0.12932956218719482,0.8682634830474854,0.5858171582221985
YBR164C,YMR285C,0,0.24218477,0.12931033968925476,0.8682634830474854,0.5859171748161316
YPR096C,YPR016C,0,0.24216379,0.1292911320924759,0.8682634830474854,0.5860171914100647
YKR069W,YER175C,1,0.24206205,0.12942050397396088,0.8692615032196045,0.5860171914100647
YAL021C,YKL059C,0,0.24158616,0.1294012814760208,0.8692615032196045,0.5861172080039978
YBR024W,YMR109W,0,0.24105914,0.12938205897808075,0.8692615032196045,0.5862172245979309
YHR167W,YOL007C,0,0.2408325,0.12936283648014069,0.8692615032196045,0.586317241191864
YLR427W,YAL035W,0,0.2405333,0.12934362888336182,0.8692615032196045,0.5864172577857971
YGL039W,YGL227W,0,0.24034826,0.12932442128658295,0.8692615032196045,0.5865172743797302
YDL120W,YLR106C,0,0.2403176,0.12930522859096527,0.8692615032196045,0.5866173505783081
YDL137W,YDL204W,0,0.23992847,0.1292860358953476,0.8692615032196045,0.5867173671722412
YDR388W,YDL164C,0,0.23990335,0.12926684319972992,0.8692615032196045,0.5868173837661743
YIL109C,YOR066W,0,0.23971696,0.12924766540527344,0.8692615032196045,0.5869174003601074
YDR134C,YNR011C,0,0.2394032,0.12922848761081696,0.8692615032196045,0.5870174169540405
YDR038C,YLR265C,0,0.2385525,0.12920930981636047,0.8692615032196045,0.5871174335479736
YBR176W,YLR186W,0,0.23831744,0.12919014692306519,0.8692615032196045,0.5872174501419067
YDL114W,YGR191W,0,0.23821466,0.1291709989309311,0.8692615032196045,0.5873174667358398
YOR278W,YDR447C,0,0.23815845,0.1291518360376358,0.8692615032196045,0.587417483329773
YKL154W,YPL022W,0,0.2376848,0.1291326880455017,0.8692615032196045,0.587517499923706
YML015C,YER153C,0,0.2376541,0.1291135549545288,0.8692615032196045,0.5876175165176392
YOR384W,YKL034W,0,0.23736127,0.12909440696239471,0.8692615032196045,0.5877175331115723
YOR181W,YGL095C,0,0.23721577,0.129075288772583,0.8692615032196045,0.5878175497055054
YNL306W,YER091C,0,0.23696066,0.1290561556816101,0.8692615032196045,0.5879175662994385
YDR487C,YER012W,0,0.236735,0.1290370374917984,0.8692615032196045,0.5880175828933716
YPL091W,YPL206C,0,0.23667498,0.1290179193019867,0.8692615032196045,0.5881175994873047
YDL180W,YPR042C,0,0.23658384,0.12899881601333618,0.8692615032196045,0.5882176160812378
YLR015W,YHL004W,0,0.23655204,0.12897971272468567,0.8692615032196045,0.5883176922798157
YKL089W,YGR241C,0,0.23610292,0.12896060943603516,0.8692615032196045,0.5884177088737488
YDL085W,YOR014W,0,0.23605902,0.12894152104854584,0.8692615032196045,0.5885177254676819
YLR045C,YPL033C,0,0.23582532,0.12892243266105652,0.8692615032196045,0.588617742061615
YDR421W,YLR265C,0,0.23543482,0.1289033591747284,0.8692615032196045,0.5887177586555481
YDL067C,YPR073C,0,0.23474498,0.12888428568840027,0.8692615032196045,0.5888177752494812
YDL019C,YDL144C,0,0.23435937,0.12886521220207214,0.8692615032196045,0.5889177918434143
YKR050W,YGL059W,0,0.23426871,0.1288461536169052,0.8692615032196045,0.5890178084373474
YIL113W,YDR103W,0,0.23322262,0.12882709503173828,0.8692615032196045,0.5891178250312805
YDL120W,YDR334W,0,0.23279904,0.12880805134773254,0.8692615032196045,0.5892178416252136
YMR056C,YOR070C,0,0.23264284,0.1287889927625656,0.8692615032196045,0.5893178582191467
YDL101C,YHR092C,0,0.23232992,0.12876996397972107,0.8692615032196045,0.5894178748130798
YDR012W,YDL205C,0,0.23222636,0.12875092029571533,0.8692615032196045,0.5895178914070129
YKL018W,YPL138C,1,0.23218341,0.12887969613075256,0.8702594637870789,0.5895178914070129
YJR098C,YIL111W,0,0.23190449,0.12886065244674683,0.8702594637870789,0.589617908000946
YGL222C,YMR204C,0,0.23173715,0.1288416087627411,0.8702594637870789,0.5897179245948792
YDR424C,YPR049C,0,0.23149638,0.12882257997989655,0.8702594637870789,0.5898179411888123
YJL046W,YGL251C,0,0.23101492,0.128803551197052,0.8702594637870789,0.5899179577827454
YER096W,YDR420W,0,0.23099677,0.12878452241420746,0.8702594637870789,0.5900179743766785
YJR066W,YJL025W,0,0.23096232,0.1287655085325241,0.8702594637870789,0.5901180505752563
YIR006C,YPL068C,0,0.2306941,0.12874649465084076,0.8702594637870789,0.5902180671691895
YGL089C,YPR108W,0,0.23027833,0.1287274807691574,0.8702594637870789,0.5903180837631226
YDR283C,YMR071C,0,0.23022093,0.12870848178863525,0.8702594637870789,0.5904181003570557
YDL143W,YOL103W,0,0.23015113,0.1286894977092743,0.8702594637870789,0.5905181169509888
YOR369C,YPL149W,0,0.22978432,0.12867049872875214,0.8702594637870789,0.5906181335449219
YJL136C,YOL149W,0,0.22953464,0.12865151464939117,0.8702594637870789,0.590718150138855
YPL194W,YCL027W,0,0.22849692,0.1286325454711914,0.8702594637870789,0.5908181667327881
YLL009C,YOR155C,0,0.22801639,0.12861357629299164,0.8702594637870789,0.5909181833267212
YDR456W,YLR038C,0,0.22776566,0.12859460711479187,0.8702594637870789,0.5910181999206543
YGL211W,YLR318W,0,0.22761814,0.1285756379365921,0.8702594637870789,0.5911182165145874
YER111C,YDL008W,0,0.22759815,0.12855668365955353,0.8702594637870789,0.5912182331085205
YDR418W,YBL023C,0,0.22741581,0.12853772938251495,0.8702594637870789,0.5913182497024536
YJL143W,YHL040C,0,0.22696914,0.12851879000663757,0.8702594637870789,0.5914182662963867
YFR032C-A,YNR061C,0,0.2268704,0.1284998506307602,0.8702594637870789,0.5915182828903198
YDR532C,YML034W,0,0.2259015,0.128480926156044,0.8702594637870789,0.5916182994842529
YOR356W,YGR279C,0,0.22567378,0.12846198678016663,0.8702594637870789,0.591718316078186
YKL198C,YNL135C,0,0.22453482,0.12844306230545044,0.8702594637870789,0.5918183922767639
YPL208W,YCL055W,1,0.22401835,0.12857143580913544,0.871257483959198,0.5918183922767639
YPL121C,YHR067W,0,0.2239535,0.12855249643325806,0.871257483959198,0.591918408870697
YNR008W,YML034W,0,0.2238719,0.12853357195854187,0.871257483959198,0.5920184254646301
YHR119W,YPL017C,1,0.22370182,0.1286618560552597,0.8722555041313171,0.5920184254646301
YBR264C,YBR050C,0,0.22333093,0.12864291667938232,0.8722555041313171,0.5921184420585632
YOR315W,YCL063W,0,0.22321464,0.12862399220466614,0.8722555041313171,0.5922184586524963
YFR003C,YLR158C,0,0.22313537,0.12860506772994995,0.8722555041313171,0.5923184752464294
YCL063W,YPR032W,0,0.22302015,0.12858614325523376,0.8722555041313171,0.5924184918403625
YDR265W,YKR014C,0,0.22272344,0.12856721878051758,0.8722555041313171,0.5925185084342957
YDR435C,YML005W,1,0.22266598,0.12869539856910706,0.8732534646987915,0.5925185084342957
YPL194W,YLR127C,0,0.22223361,0.12867647409439087,0.8732534646987915,0.5926185250282288
YER070W,YLR327C,0,0.22167106,0.12865754961967468,0.8732534646987915,0.5927185416221619
YCR096C,YJL008C,0,0.22161649,0.1286386400461197,0.8732534646987915,0.592818558216095
YMR223W,YER164W,0,0.221483,0.1286197304725647,0.8732534646987915,0.5929185748100281
YBR024W,YCL069W,0,0.2212507,0.1286008208990097,0.8732534646987915,0.5930185914039612
YKL088W,YDR121W,0,0.22112049,0.1285819262266159,0.8732534646987915,0.5931186079978943
YIL074C,YCL047C,0,0.22085138,0.1285630315542221,0.8732534646987915,0.5932186245918274
YER088C,YDR390C,0,0.22074936,0.1285441517829895,0.8732534646987915,0.5933186411857605
YPL157W,YBR176W,1,0.22069807,0.12867215275764465,0.8742514848709106,0.5933186411857605
YPL220W,YLR078C,0,0.22064205,0.12865325808525085,0.8742514848709106,0.5934186577796936
YLR172C,YCL055W,1,0.22062816,0.12878119945526123,0.8752495050430298,0.5934186577796936
YBR012W-A,YBL069W,0,0.22054027,0.12876228988170624,0.8752495050430298,0.5935186743736267
YDR520C,YKR048C,0,0.22052307,0.12874339520931244,0.8752495050430298,0.5936187505722046
YPL028W,YBR040W,0,0.22034343,0.12872450053691864,0.8752495050430298,0.5937187671661377
YDR238C,YNL135C,0,0.22021304,0.12870560586452484,0.8752495050430298,0.5938187837600708
YGL090W,YBR122C,0,0.2200628,0.12868672609329224,0.8752495050430298,0.5939188003540039
YDL210W,YOL138C,0,0.21977194,0.12866784632205963,0.8752495050430298,0.594018816947937
YER087C-A,YER030W,0,0.21929704,0.12864896655082703,0.8752495050430298,0.5941188335418701
YBR176W,YER175C,1,0.21918695,0.12877677381038666,0.8762475252151489,0.5941188335418701
YAR019C,YDR288W,0,0.21880187,0.12875787913799286,0.8762475252151489,0.5942188501358032
YHR027C,YPL085W,0,0.21821402,0.12873899936676025,0.8762475252151489,0.5943188667297363
YJR097W,YEL016C,0,0.21801092,0.12872013449668884,0.8762475252151489,0.5944188833236694
YLR385C,YPL028W,0,0.217979,0.12870125472545624,0.8762475252151489,0.5945188999176025
YHR207C,YDL205C,0,0.2178879,0.12868240475654602,0.8762475252151489,0.5946189165115356
YJR135C,YMR312W,0,0.21784826,0.1286635398864746,0.8762475252151489,0.5947189331054688
YLR097C,YDR313C,0,0.21744122,0.1286446899175644,0.8762475252151489,0.5948189496994019
YDR103W,YOR221C,0,0.21742924,0.12862583994865417,0.8762475252151489,0.594918966293335
YOR143C,YGL031C,0,0.21731015,0.12860700488090515,0.8762475252151489,0.5950189828872681
YLR364W,YPR049C,0,0.21699615,0.12858816981315613,0.8762475252151489,0.5951189994812012
YNL291C,YER173W,0,0.21685551,0.1285693347454071,0.8762475252151489,0.5952190160751343
YGR106C,YNR016C,0,0.21666737,0.12855051457881927,0.8762475252151489,0.5953190922737122
YDR022C,YOR332W,0,0.21650173,0.12853169441223145,0.8762475252151489,0.5954191088676453
YLR086W,YCR047C,0,0.21635018,0.12851287424564362,0.8762475252151489,0.5955191254615784
YDR469W,YHR119W,1,0.21577956,0.12864042818546295,0.8772454857826233,0.5955191254615784
YLR201C,YGR001C,0,0.21534331,0.12862159311771393,0.8772454857826233,0.5956191420555115
YCR077C,YDR362C,0,0.21529342,0.1286027729511261,0.8772454857826233,0.5957191586494446
YAR019C,YLR172C,0,0.21508332,0.12858396768569946,0.8772454857826233,0.5958191752433777
YGR002C,YDR486C,0,0.21505661,0.12856516242027283,0.8772454857826233,0.5959191918373108
YKL059C,YMR208W,0,0.21503939,0.1285463571548462,0.8772454857826233,0.5960192084312439
YDR253C,YBL010C,0,0.21493818,0.12852756679058075,0.8772454857826233,0.596119225025177
YOR179C,YDR418W,0,0.21472718,0.1285087764263153,0.8772454857826233,0.5962192416191101
YOR228C,YDR330W,0,0.21409364,0.12848998606204987,0.8772454857826233,0.5963192582130432
YDR224C,YIR017C,0,0.21374603,0.12847121059894562,0.8772454857826233,0.5964192748069763
YOR337W,YHR129C,0,0.21356995,0.12845243513584137,0.8772454857826233,0.5965192914009094
YJL044C,YPR016C,0,0.21299307,0.12843365967273712,0.8772454857826233,0.5966193079948425
YBR236C,YDR410C,1,0.21286817,0.12856099009513855,0.8782435059547424,0.5966193079948425
YBR123C,YDL017W,0,0.21285541,0.1285422146320343,0.8782435059547424,0.5967193245887756
YBR283C,YML081C-A,0,0.2126685,0.12852343916893005,0.8782435059547424,0.5968193411827087
YMR080C,YPL149W,0,0.21229963,0.128504678606987,0.8782435059547424,0.5969193577766418
YNL242W,YGL251C,0,0.21146815,0.12848590314388275,0.8782435059547424,0.597019374370575
YPL271W,YOR290C,0,0.21128784,0.1284671574831009,0.8782435059547424,0.5971194505691528
YJR121W,YIL112W,0,0.21121939,0.12844839692115784,0.8782435059547424,0.5972194671630859
YPL271W,YGL249W,0,0.21098657,0.12842965126037598,0.8782435059547424,0.597319483757019
YMR042W,YMR285C,0,0.21089275,0.1284109205007553,0.8782435059547424,0.5974195003509521
YMR188C,YLR318W,0,0.21061997,0.12839217483997345,0.8782435059547424,0.5975195169448853
YMR221C,YNL012W,0,0.2103525,0.12837344408035278,0.8782435059547424,0.5976195335388184
YMR307W,YNR045W,0,0.2096949,0.1283547282218933,0.8782435059547424,0.5977195501327515
YDR388W,YER096W,0,0.20969306,0.12833601236343384,0.8782435059547424,0.5978195667266846
YDR022C,YGL222C,0,0.20960943,0.12831729650497437,0.8782435059547424,0.5979195833206177
YER133W,YJL080C,0,0.2087367,0.1282985806465149,0.8782435059547424,0.5980195999145508
YKR090W,YJR015W,0,0.20867486,0.1282798796892166,0.8782435059547424,0.5981196165084839
YJR015W,YOL007C,0,0.20840831,0.12826119363307953,0.8782435059547424,0.598219633102417
YMR188C,YPL258C,0,0.20833506,0.12824249267578125,0.8782435059547424,0.5983196496963501
YBR058C,YOR131C,0,0.20819898,0.12822380661964417,0.8782435059547424,0.5984196662902832
YMR127C,YML095C,0,0.20816232,0.12820513546466827,0.8782435059547424,0.5985196828842163
YER027C,YJL156C,0,0.20689712,0.1281864494085312,0.8782435059547424,0.5986196994781494
YOL156W,YDR031W,0,0.20678647,0.1281677782535553,0.8782435059547424,0.5987197160720825
YNL206C,YLR414C,0,0.20653401,0.1281491219997406,0.8782435059547424,0.5988197922706604
YBR273C,YCR075C,0,0.206232,0.1281304657459259,0.8782435059547424,0.5989198088645935
YFR008W,YIL113W,0,0.20604701,0.1281118094921112,0.8782435059547424,0.5990198254585266
YFL029C,YBL020W,0,0.20587297,0.1280931532382965,0.8782435059547424,0.5991198420524597
YGL106W,YPR047W,0,0.20583041,0.128074511885643,0.8782435059547424,0.5992198586463928
YEL059C-A,YLR010C,0,0.20578982,0.1280558854341507,0.8782435059547424,0.5993198752403259
YHR207C,YBR133C,1,0.20574094,0.12818273901939392,0.8792415261268616,0.5993198752403259
YDL108W,YLR139C,0,0.20547535,0.12816409766674042,0.8792415261268616,0.599419891834259
YDL201W,YBL013W,1,0.2052954,0.12829090654850006,0.8802395462989807,0.599419891834259
YBR058C,YDR503C,0,0.20506783,0.12827225029468536,0.8802395462989807,0.5995199084281921
YAL010C,YMR022W,0,0.20500328,0.12825359404087067,0.8802395462989807,0.5996199250221252
YPL144W,YNR011C,0,0.2049947,0.12823495268821716,0.8802395462989807,0.5997199416160583
YHR206W,YBL060W,0,0.20366125,0.12821631133556366,0.8802395462989807,0.5998199582099915
YMR264W,YHR186C,0,0.20334168,0.12819766998291016,0.8802395462989807,0.5999199748039246
YNL308C,YNL039W,0,0.20314057,0.12817904353141785,0.8802395462989807,0.6000199913978577
YHR116W,YMR201C,0,0.20308681,0.12816041707992554,0.8802395462989807,0.6001200079917908
YDR347W,YMR281W,0,0.20307703,0.12814180552959442,0.8802395462989807,0.6002200245857239
YJL073W,YGR194C,0,0.20296027,0.1281231790781021,0.8802395462989807,0.600320041179657
YPR047W,YPL103C,0,0.20286001,0.1281045824289322,0.8802395462989807,0.6004200577735901
YGR241C,YDR318W,0,0.20227595,0.12808597087860107,0.8802395462989807,0.6005200743675232
YDR093W,YHR036W,0,0.20203654,0.12806737422943115,0.8802395462989807,0.6006201505661011
YLR086W,YPR016C,0,0.20174433,0.12804877758026123,0.8802395462989807,0.6007201671600342
YJR016C,YLR357W,0,0.2015387,0.1280301958322525,0.8802395462989807,0.6008201837539673
YDL190C,YOL005C,0,0.20135458,0.12801161408424377,0.8802395462989807,0.6009202003479004
YFR037C,YOL065C,0,0.20123084,0.12799303233623505,0.8802395462989807,0.6010202169418335
YHL016C,YLR120C,0,0.20119391,0.1279744654893875,0.8802395462989807,0.6011202335357666
YPR118W,YDR529C,0,0.20082878,0.12795589864253998,0.8802395462989807,0.6012202501296997
YIL070C,YJL062W,0,0.20049919,0.12793733179569244,0.8802395462989807,0.6013202667236328
YBR033W,YHR172W,0,0.2003256,0.1279187798500061,0.8802395462989807,0.6014202833175659
YOR155C,YNL325C,0,0.20011745,0.12790022790431976,0.8802395462989807,0.601520299911499
YDL069C,YJR033C,0,0.20000477,0.12788169085979462,0.8802395462989807,0.6016203165054321
YBR024W,YHR099W,0,0.19993146,0.12786315381526947,0.8802395462989807,0.6017203330993652
YPL269W,YDL130W-A,0,0.19940825,0.12784461677074432,0.8802395462989807,0.6018203496932983
YBR087W,YDL095W,0,0.19934885,0.12782607972621918,0.8802395462989807,0.6019203662872314
YIR014W,YHR028C,0,0.19899504,0.12780755758285522,0.8802395462989807,0.6020203828811646
YJR009C,YLR176C,0,0.19854893,0.12778905034065247,0.8802395462989807,0.6021203994750977
YOR037W,YPL231W,0,0.19854875,0.1277705281972885,0.8802395462989807,0.6022204160690308
YER111C,YDL144C,0,0.19824095,0.12775202095508575,0.8802395462989807,0.6023204922676086
YHR153C,YOR043W,0,0.19816865,0.1277335286140442,0.8802395462989807,0.6024205088615417
YHL040C,YOR039W,0,0.1977429,0.12771503627300262,0.8802395462989807,0.6025205254554749
YLR126C,YPL059W,0,0.19743858,0.12769654393196106,0.8802395462989807,0.602620542049408
YER133W,YPL172C,0,0.19714473,0.1276780515909195,0.8802395462989807,0.6027205586433411
YPL028W,YEL058W,0,0.19672959,0.12765957415103912,0.8802395462989807,0.6028205752372742
YOL152W,YDR326C,0,0.19647129,0.12764109671115875,0.8802395462989807,0.6029205918312073
YCR047C,YHR099W,0,0.19626434,0.12762263417243958,0.8802395462989807,0.6030206084251404
YDR376W,YAR018C,0,0.1959803,0.1276041716337204,0.8802395462989807,0.6031206250190735
YOL103W,YPL026C,0,0.19596453,0.12758570909500122,0.8802395462989807,0.6032206416130066
YKR061W,YGL095C,0,0.19568254,0.12756726145744324,0.8802395462989807,0.6033206582069397
YLR045C,YOL109W,0,0.19389795,0.12754881381988525,0.8802395462989807,0.6034206748008728
YBR105C,YLR186W,0,0.1938165,0.12753036618232727,0.8802395462989807,0.6035206913948059
YML005W,YLR079W,0,0.19374849,0.12751193344593048,0.8802395462989807,0.603620707988739
YNL331C,YCR028C,0,0.19365378,0.1274935007095337,0.8802395462989807,0.6037207245826721
YJR145C,YML081C-A,0,0.19363107,0.1274750679731369,0.8802395462989807,0.6038207411766052
YER140W,YCL061C,0,0.19350968,0.1274566501379013,0.8802395462989807,0.6039207577705383
YGR262C,YFR007W,0,0.19337775,0.1274382323026657,0.8802395462989807,0.6040207743644714
YOR063W,YDL030W,0,0.19335563,0.12741981446743011,0.8802395462989807,0.6041208505630493
YGL003C,YDR169C,0,0.19326685,0.1274014115333557,0.8802395462989807,0.6042208671569824
YDR531W,YKR058W,0,0.19304301,0.1273830085992813,0.8802395462989807,0.6043208837509155
YOR167C,YNL149C,0,0.19287913,0.1273646205663681,0.8802395462989807,0.6044209003448486
YDR086C,YLL001W,0,0.19287358,0.1273462325334549,0.8802395462989807,0.6045209169387817
YHR067W,YPR031W,0,0.19251265,0.1273278445005417,0.8802395462989807,0.6046209335327148
YDR074W,YGL137W,0,0.19226979,0.12730947136878967,0.8802395462989807,0.604720950126648
YPR102C,YJL008C,0,0.19185449,0.12729109823703766,0.8802395462989807,0.604820966720581
YGL095C,YIR023W,0,0.19180433,0.12727272510528564,0.8802395462989807,0.6049209833145142
YFR005C,YBL057C,0,0.19142707,0.12725436687469482,0.8802395462989807,0.6050209999084473
YMR051C,YJR143C,0,0.19134347,0.127236008644104,0.8802395462989807,0.6051210165023804
YDR318W,YOL056W,0,0.19115771,0.12721765041351318,0.8802395462989807,0.6052210330963135
YDL231C,YDR376W,0,0.19103314,0.12719930708408356,0.8802395462989807,0.6053210496902466
YHR161C,YLR327C,0,0.19036002,0.12718096375465393,0.8802395462989807,0.6054210662841797
YNL280C,YOL157C,0,0.19004776,0.1271626353263855,0.8802395462989807,0.6055210828781128
YMR264W,YFR015C,0,0.18987264,0.12714429199695587,0.8802395462989807,0.6056210994720459
YER173W,YLR176C,0,0.18982862,0.12712597846984863,0.8802395462989807,0.605721116065979
YEL038W,YOR039W,0,0.18974699,0.1271076500415802,0.8802395462989807,0.6058211922645569
YIL070C,YEL058W,0,0.18927284,0.12708933651447296,0.8802395462989807,0.60592120885849
YDL019C,YHL004W,0,0.18926643,0.12707102298736572,0.8802395462989807,0.6060212254524231
YPR132W,YBL061C,0,0.18892075,0.12705272436141968,0.8802395462989807,0.6061212420463562
YHR172W,YLR318W,0,0.1887318,0.12703442573547363,0.8802395462989807,0.6062212586402893
YBR198C,YBL060W,0,0.18857394,0.1270161271095276,0.8802395462989807,0.6063212752342224
YDL109C,YIL155C,0,0.18823989,0.12699784338474274,0.8802395462989807,0.6064212918281555
YNL077W,YOR391C,0,0.1881349,0.12697955965995789,0.8802395462989807,0.6065213084220886
YJR135C,YJL073W,0,0.1880707,0.12696127593517303,0.8802395462989807,0.6066213250160217
YDR050C,YNR045W,0,0.18804576,0.12694300711154938,0.8802395462989807,0.6067213416099548
YKL173W,YGL178W,0,0.18803407,0.12692473828792572,0.8802395462989807,0.6068213582038879
YDL136W,YML085C,0,0.18724476,0.12690646946430206,0.8802395462989807,0.606921374797821
YIL101C,YOR242C,0,0.18621077,0.1268882155418396,0.8802395462989807,0.6070213913917542
YPL138C,YBR175W,1,0.18599428,0.12701380252838135,0.8812375068664551,0.6070213913917542
YER068W,YBR105C,0,0.18590333,0.12699554860591888,0.8812375068664551,0.6071214079856873
YAR015W,YPL091W,0,0.18548416,0.12697727978229523,0.8812375068664551,0.6072214245796204
YOR381W,YDR134C,0,0.18542178,0.12695902585983276,0.8812375068664551,0.6073214411735535
YPL089C,YER113C,0,0.1853704,0.1269407719373703,0.8812375068664551,0.6074214577674866
YNL159C,YDR247W,0,0.18499662,0.12692251801490784,0.8812375068664551,0.6075215339660645
YBR001C,YLL013C,0,0.18479712,0.12690427899360657,0.8812375068664551,0.6076215505599976
YOR057W,YBL037W,0,0.18386288,0.1268860399723053,0.8812375068664551,0.6077215671539307
YCL063W,YMR165C,0,0.1838542,0.12686781585216522,0.8812375068664551,0.6078215837478638
YDL137W,YFR015C,0,0.18349229,0.12684959173202515,0.8812375068664551,0.6079216003417969
YCR039C,YML070W,0,0.18316422,0.12683136761188507,0.8812375068664551,0.60802161693573
YHL047C,YMR127C,0,0.18315952,0.1268131583929062,0.8812375068664551,0.6081216335296631
YMR290C,YHR184W,0,0.1830491,0.1267949491739273,0.8812375068664551,0.6082216501235962
YBR160W,YER153C,0,0.18279405,0.12677673995494843,0.8812375068664551,0.6083216667175293
YKR061W,YDR228C,0,0.18274398,0.12675854563713074,0.8812375068664551,0.6084216833114624
YKL135C,YPR028W,0,0.1825863,0.12674035131931305,0.8812375068664551,0.6085216999053955
YGL035C,YJL221C,0,0.18225195,0.12672215700149536,0.8812375068664551,0.6086217164993286
YCL075W,YML087C,0,0.1818585,0.12670397758483887,0.8812375068664551,0.6087217330932617
YHL019C,YOR242C,0,0.18157275,0.12668579816818237,0.8812375068664551,0.6088217496871948
YCR092C,YMR184W,0,0.18156938,0.12666761875152588,0.8812375068664551,0.6089217662811279
YNR020C,YGL251C,0,0.1813161,0.12664945423603058,0.8812375068664551,0.609021782875061
YPL090C,YGR123C,0,0.18127628,0.12663128972053528,0.8812375068664551,0.6091217994689941
YHR140W,YER147C,0,0.18112369,0.12661314010620117,0.8812375068664551,0.6092218160629272
YJL165C,YLL022C,0,0.1808504,0.12659497559070587,0.8812375068664551,0.6093218922615051
YPR063C,YEL013W,0,0.18005325,0.12657684087753296,0.8812375068664551,0.6094219088554382
YKL059C,YDL130W-A,0,0.18002613,0.12655869126319885,0.8812375068664551,0.6095219254493713
YDL136W,YLR467W,0,0.17990471,0.12654055655002594,0.8812375068664551,0.6096219420433044
YGL168W,YDR047W,0,0.17989044,0.12652242183685303,0.8812375068664551,0.6097219586372375
YDR046C,YGL031C,0,0.17975347,0.1265043020248413,0.8812375068664551,0.6098219752311707
YNL129W,YGR075C,0,0.17886169,0.1264861822128296,0.8812375068664551,0.6099219918251038
YHR101C,YIR006C,0,0.17840593,0.12646806240081787,0.8812375068664551,0.6100220084190369
YGR088W,YGR241C,0,0.17822148,0.12644994258880615,0.8812375068664551,0.61012202501297
YPR036W,YNL244C,0,0.17819573,0.12643183767795563,0.8812375068664551,0.6102220416069031
YKL042W,YLR438C-A,0,0.17772143,0.1264137476682663,0.8812375068664551,0.6103220582008362
YMR316W,YPL031C,0,0.17759387,0.12639564275741577,0.8812375068664551,0.6104220747947693
YHR207C,YML037C,0,0.17751525,0.12637755274772644,0.8812375068664551,0.6105220913887024
YNL210W,YPL194W,0,0.17747445,0.1263594776391983,0.8812375068664551,0.6106221079826355
YLR045C,YDR486C,0,0.17744799,0.12634138762950897,0.8812375068664551,0.6107221245765686
YDL067C,YHR136C,0,0.17716776,0.12632331252098083,0.8812375068664551,0.6108221411705017
YDR529C,YFR006W,0,0.17659731,0.1263052523136139,0.8812375068664551,0.6109221577644348
YKL173W,YDL007W,0,0.17621656,0.12628719210624695,0.8812375068664551,0.6110222339630127
YGL168W,YNL212W,0,0.17615534,0.12626913189888,0.8812375068664551,0.6111222505569458
YBL013W,YBR258C,1,0.17614864,0.12639404833316803,0.8822355270385742,0.6111222505569458
YFR015C,YJR155W,0,0.17593221,0.1263759881258011,0.8822355270385742,0.6112222671508789
YJR110W,YDR479C,0,0.17560829,0.12635791301727295,0.8822355270385742,0.611322283744812
YOR061W,YER113C,0,0.17551278,0.126339852809906,0.8822355270385742,0.6114223003387451
YPR166C,YCR053W,0,0.17550652,0.12632180750370026,0.8822355270385742,0.6115223169326782
YGR009C,YLR099C,0,0.17494641,0.1263037621974945,0.8822355270385742,0.6116223335266113
YHR076W,YHL036W,0,0.17477451,0.12628571689128876,0.8822355270385742,0.6117223501205444
YBR156C,YPR031W,0,0.17375715,0.126267671585083,0.8822355270385742,0.6118223667144775
YDL200C,YER030W,0,0.17306556,0.12624964118003845,0.8822355270385742,0.6119223833084106
YDR495C,YDR060W,0,0.17280324,0.1262316107749939,0.8822355270385742,0.6120223999023438
YDR013W,YBL023C,0,0.17273663,0.12621359527111053,0.8822355270385742,0.6121224164962769
YKR037C,YJR126C,0,0.17250384,0.12619557976722717,0.8822355270385742,0.61222243309021
YDR456W,YMR289W,0,0.17189164,0.1261775642633438,0.8822355270385742,0.6123224496841431
YOR315W,YPR016C,0,0.17186417,0.12615954875946045,0.8822355270385742,0.6124224662780762
YPL208W,YHR070W,1,0.17159157,0.12628424167633057,0.8832335472106934,0.6124224662780762
YPL138C,YOL124C,1,0.17090495,0.1264089047908783,0.8842315077781677,0.6124224662780762
YJL153C,YDL099W,0,0.17064388,0.12639087438583374,0.8842315077781677,0.6125224828720093
YLR433C,YOL109W,0,0.17050706,0.12637284398078918,0.8842315077781677,0.6126224994659424
YOR061W,YOR389W,0,0.17004718,0.12635481357574463,0.8842315077781677,0.6127225160598755
YMR166C,YGL161C,0,0.16996183,0.12633679807186127,0.8842315077781677,0.6128225922584534
YGR058W,YPL017C,0,0.1699359,0.1263187974691391,0.8842315077781677,0.6129226088523865
YLR221C,YML081C-A,0,0.16983141,0.12630078196525574,0.8842315077781677,0.6130226254463196
YDL051W,YDR523C,0,0.16952516,0.12628278136253357,0.8842315077781677,0.6131226420402527
YHR215W,YER180C,0,0.16894443,0.1262647807598114,0.8842315077781677,0.6132226586341858
YMR142C,YGR220C,0,0.16886128,0.12624679505825043,0.8842315077781677,0.6133226752281189
YBR097W,YJR126C,0,0.16882606,0.12622880935668945,0.8842315077781677,0.613422691822052
YBR297W,YBR012W-B,0,0.16842423,0.12621082365512848,0.8842315077781677,0.6135227084159851
YOR384W,YDR523C,0,0.16833918,0.1261928528547287,0.8842315077781677,0.6136227250099182
YDR130C,YGR189C,0,0.16819991,0.12617488205432892,0.8842315077781677,0.6137227416038513
YPL174C,YER106W,0,0.16769563,0.12615691125392914,0.8842315077781677,0.6138227581977844
YDR532C,YJR025C,0,0.16755863,0.12613895535469055,0.8842315077781677,0.6139227747917175
YBR207W,YCR092C,0,0.16754247,0.12612099945545197,0.8842315077781677,0.6140227913856506
YMR086W,YDL115C,0,0.16690867,0.12610304355621338,0.8842315077781677,0.6141228079795837
YPL148C,YDR252W,0,0.16690822,0.126085102558136,0.8842315077781677,0.6142228245735168
YML015C,YAL062W,0,0.16686861,0.1260671615600586,0.8842315077781677,0.61432284116745
YGL120C,YBL069W,0,0.16672184,0.1260492205619812,0.8842315077781677,0.6144228577613831
YAL041W,YMR056C,0,0.16658793,0.126031294465065,0.8842315077781677,0.6145229339599609
YLR356W,YOL019W,0,0.16617866,0.1260133683681488,0.8842315077781677,0.614622950553894
YDR334W,YDR130C,0,0.1646427,0.1259954422712326,0.8842315077781677,0.6147229671478271
YER096W,YBR012W-B,0,0.16460527,0.1259775310754776,0.8842315077781677,0.6148229837417603
YDR326C,YKL198C,0,0.16426276,0.1259596198797226,0.8842315077781677,0.6149230003356934
YBR082C,YJR010C-A,0,0.16391005,0.12594172358512878,0.8842315077781677,0.6150230169296265
YBR123C,YBR241C,0,0.16337694,0.12592382729053497,0.8842315077781677,0.6151230335235596
YNL210W,YBR273C,0,0.16330831,0.12590593099594116,0.8842315077781677,0.6152230501174927
YCR040W,YDR380W,0,0.16324888,0.12588803470134735,0.8842315077781677,0.6153230667114258
YAL020C,YOR076C,0,0.16320829,0.12587015330791473,0.8842315077781677,0.6154230833053589
YOR257W,YNL166C,0,0.16272517,0.12585227191448212,0.8842315077781677,0.615523099899292
YDR248C,YDL080C,0,0.16258593,0.1258344054222107,0.8842315077781677,0.6156231164932251
YPL231W,YFR007W,0,0.16247578,0.12581652402877808,0.8842315077781677,0.6157231330871582
YPR036W,YIL111W,0,0.1624325,0.12579867243766785,0.8842315077781677,0.6158231496810913
YDR425W,YDR322W,0,0.16217716,0.12578080594539642,0.8842315077781677,0.6159231662750244
YJL019W,YGR154C,0,0.16146709,0.1257629543542862,0.8842315077781677,0.6160231828689575
YOR373W,YNL146W,0,0.16136406,0.12574510276317596,0.8842315077781677,0.6161231994628906
YIL074C,YLR120C,0,0.16114216,0.12572726607322693,0.8842315077781677,0.6162232160568237
YML063W,YCL050C,0,0.15975453,0.1257094144821167,0.8842315077781677,0.6163232922554016
YGL173C,YOR175C,0,0.15973969,0.12569159269332886,0.8842315077781677,0.6164233088493347
YOR391C,YLR433C,0,0.15922172,0.12567375600337982,0.8842315077781677,0.6165233254432678
YLR283W,YMR122W-A,0,0.15897937,0.12565593421459198,0.8842315077781677,0.6166233420372009
YNR016C,YNL101W,0,0.15870033,0.12563811242580414,0.8842315077781677,0.616723358631134
YJL158C,YNR040W,0,0.15844269,0.1256203055381775,0.8842315077781677,0.6168233752250671
YDR510W,YLR078C,0,0.15843911,0.12560249865055084,0.8842315077781677,0.6169233918190002
YOL077C,YGL031C,0,0.15807353,0.1255846917629242,0.8842315077781677,0.6170234084129333
YPR041W,YDR047W,0,0.15770896,0.12556689977645874,0.8842315077781677,0.6171234250068665
YIL034C,YMR023C,0,0.15692808,0.1255490928888321,0.8842315077781677,0.6172234416007996
YOL072W,YLR327C,0,0.15626942,0.12553131580352783,0.8842315077781677,0.6173234581947327
YKR090W,YER020W,0,0.15615512,0.12551352381706238,0.8842315077781677,0.6174234747886658
YBL106C,YDR044W,0,0.15614142,0.12549574673175812,0.8842315077781677,0.6175234913825989
YJR121W,YLR147C,0,0.1560965,0.12547798454761505,0.8842315077781677,0.617623507976532
YCR072C,YPR036W,0,0.15597425,0.1254602074623108,0.8842315077781677,0.6177235245704651
YFR037C,YLR430W,0,0.15582366,0.12544244527816772,0.8842315077781677,0.6178235411643982
YDR052C,YOR326W,0,0.1557865,0.12542468309402466,0.8842315077781677,0.6179235577583313
YML070W,YKL028W,0,0.15545411,0.12540693581104279,0.8842315077781677,0.6180236339569092
YGR220C,YER106W,0,0.15544473,0.1253891885280609,0.8842315077781677,0.6181236505508423
YDR341C,YIL084C,0,0.15514551,0.12537144124507904,0.8842315077781677,0.6182236671447754
YDL030W,YDR158W,0,0.15508221,0.12535370886325836,0.8842315077781677,0.6183236837387085
YPR166C,YER184C,0,0.15457846,0.12533597648143768,0.8842315077781677,0.6184237003326416
YIL074C,YCR096C,0,0.1544948,0.125318244099617,0.8842315077781677,0.6185237169265747
YNR011C,YPR005C,0,0.15428914,0.12530052661895752,0.8842315077781677,0.6186237335205078
YPL060W,YGL157W,0,0.15395625,0.12528280913829803,0.8842315077781677,0.6187237501144409
YER086W,YMR165C,0,0.15382789,0.12526509165763855,0.8842315077781677,0.618823766708374
YPL121C,YML115C,0,0.1537192,0.12524738907814026,0.8842315077781677,0.6189237833023071
YER184C,YPL186C,0,0.15369119,0.12522968649864197,0.8842315077781677,0.6190237998962402
YOR278W,YDL164C,0,0.15332113,0.12521198391914368,0.8842315077781677,0.6191238164901733
YDR126W,YGR116W,0,0.15328892,0.12519429624080658,0.8842315077781677,0.6192238330841064
YOL005C,YNL301C,0,0.15314455,0.12517660856246948,0.8842315077781677,0.6193238496780396
YJR097W,YJR029W,0,0.15313841,0.12515892088413239,0.8842315077781677,0.6194238662719727
YOL031C,YOR290C,0,0.1525413,0.12514124810695648,0.8842315077781677,0.6195238828659058
YPR156C,YGR135W,0,0.15228133,0.12512357532978058,0.8842315077781677,0.6196238994598389
YLR154C,YIL009C-A,0,0.15216695,0.12510590255260468,0.8842315077781677,0.619723916053772
YGR104C,YNL330C,0,0.15197475,0.12508824467658997,0.8842315077781677,0.6198239922523499
YNL291C,YDR014W,0,0.1518199,0.12507058680057526,0.8842315077781677,0.619924008846283
YOR175C,YGL084C,0,0.15177096,0.12505292892456055,0.8842315077781677,0.6200240254402161
YDL229W,YDR031W,0,0.1517166,0.12503528594970703,0.8842315077781677,0.6201240420341492
YOR181W,YGR075C,0,0.15143733,0.12501764297485352,0.8842315077781677,0.6202240586280823
YGR026W,YKL198C,0,0.15135993,0.125,0.8842315077781677,0.6203240752220154
YPR032W,YJL109C,0,0.15103512,0.12498236447572708,0.8842315077781677,0.6204240918159485
YKR094C,YGL003C,0,0.15072139,0.12496473640203476,0.8842315077781677,0.6205241084098816
YJR025C,YJL106W,0,0.15069823,0.12494711577892303,0.8842315077781677,0.6206241250038147
YLR371W,YOR080W,0,0.1505198,0.12492949515581131,0.8842315077781677,0.6207241415977478
YJR065C,YNL325C,0,0.14998515,0.12491188198328018,0.8842315077781677,0.6208241581916809
YPL214C,YGL155W,0,0.14991654,0.12489427626132965,0.8842315077781677,0.620924174785614
YDL195W,YLL050C,0,0.14967932,0.12487667053937912,0.8842315077781677,0.6210241913795471
YLR364W,YER036C,0,0.14924414,0.12485907226800919,0.8842315077781677,0.6211242079734802
YNL210W,YMR208W,0,0.14892845,0.12484148144721985,0.8842315077781677,0.6212242245674133
YLR147C,YIL090W,0,0.14885749,0.12482389062643051,0.8842315077781677,0.6213242411613464
YLR371W,YLR158C,0,0.14860125,0.12480630725622177,0.8842315077781677,0.6214242577552795
YLR238W,YNR061C,0,0.1480607,0.12478873133659363,0.8842315077781677,0.6215243339538574
YOR047C,YLR147C,0,0.14780171,0.12477115541696548,0.8842315077781677,0.6216243505477905
YMR016C,YLR343W,0,0.147491,0.12475358694791794,0.8842315077781677,0.6217243671417236
YDR501W,YGR279C,0,0.1466208,0.12473602592945099,0.8842315077781677,0.6218243837356567
YDR424C,YMR016C,0,0.14498271,0.12471846491098404,0.8842315077781677,0.6219244003295898
YCL069W,YER110C,0,0.14458604,0.12470091134309769,0.8842315077781677,0.622024416923523
YEL038W,YJL044C,0,0.14432885,0.12468336522579193,0.8842315077781677,0.622124433517456
YDR074W,YGL161C,0,0.14425717,0.12466581910848618,0.8842315077781677,0.6222244501113892
YDR418W,YLR327C,0,0.1441734,0.12464828044176102,0.8842315077781677,0.6223244667053223
YJL080C,YOL157C,0,0.14413454,0.12463074922561646,0.8842315077781677,0.6224244832992554
YJR076C,YGR075C,0,0.14397149,0.1246132180094719,0.8842315077781677,0.6225244998931885
YPL138C,YGL192W,1,0.14379056,0.12473632395267487,0.8852295279502869,0.6225244998931885
YNL330C,YIL070C,0,0.14336361,0.12471878528594971,0.8852295279502869,0.6226245164871216
YHL004W,YCL066W,0,0.14331345,0.12470125406980515,0.8852295279502869,0.6227245330810547
YDR265W,YNL077W,0,0.14318915,0.12468372285366058,0.8852295279502869,0.6228245496749878
YJL219W,YER027C,0,0.14295296,0.12466619908809662,0.8852295279502869,0.6229245662689209
YNL007C,YJR143C,0,0.14290018,0.12464867532253265,0.8852295279502869,0.623024582862854
YFR003C,YGL084C,0,0.14282005,0.12463116645812988,0.8852295279502869,0.6231245994567871
YGR006W,YJR068W,0,0.14276417,0.12461365759372711,0.8852295279502869,0.6232246160507202
YIL111W,YDR534C,0,0.14267977,0.12459614872932434,0.8852295279502869,0.6233246922492981
YML005W,YOR127W,0,0.14228325,0.12457865476608276,0.8852295279502869,0.6234247088432312
YHR116W,YDR134C,0,0.14207168,0.12456116080284119,0.8852295279502869,0.6235247254371643
YJL090C,YAL008W,0,0.14204423,0.12454366683959961,0.8852295279502869,0.6236247420310974
YDL144C,YBR105C,0,0.14183249,0.12452618032693863,0.8852295279502869,0.6237247586250305
YNL218W,YOR244W,0,0.14154394,0.12450870126485825,0.8852295279502869,0.6238247752189636
YMR171C,YKR094C,0,0.14150526,0.12449122965335846,0.8852295279502869,0.6239247918128967
YDR022C,YDR169C,0,0.14124669,0.12447375804185867,0.8852295279502869,0.6240248084068298
YDR247W,YKR030W,0,0.1411102,0.12445629388093948,0.8852295279502869,0.6241248250007629
YDL110C,YKL198C,0,0.1408877,0.1244388297200203,0.8852295279502869,0.624224841594696
YBR176W,YCL055W,1,0.14061262,0.12456165254116058,0.886227548122406,0.624224841594696
YOL100W,YNL091W,0,0.14052244,0.1245441809296608,0.886227548122406,0.6243248581886292
YOR174W,YPL143W,0,0.14045425,0.12452671676874161,0.886227548122406,0.6244248747825623
YEL017C-A,YGL178W,0,0.14032067,0.12450925260782242,0.886227548122406,0.6245248913764954
YOR037W,YGR009C,0,0.13990198,0.12449179589748383,0.886227548122406,0.6246249079704285
YBR236C,YGR157W,1,0.13983078,0.12461452186107635,0.8872255682945251,0.6246249079704285
YEL038W,YHR171W,0,0.1397322,0.12459705770015717,0.8872255682945251,0.6247249245643616
YGL095C,YKR009C,0,0.13971306,0.12457959353923798,0.8872255682945251,0.6248249411582947
YBR231C,YOL140W,0,0.1395454,0.12456214427947998,0.8872255682945251,0.6249249577522278
YDR533C,YFR006W,0,0.1392705,0.12454468756914139,0.8872255682945251,0.6250250339508057
YLR147C,YDR197W,0,0.13899817,0.12452724575996399,0.8872255682945251,0.6251250505447388
YDR410C,YHR119W,1,0.13871501,0.12464985996484756,0.8882235288619995,0.6251250505447388
YMR088C,YML077W,0,0.13782357,0.12463240325450897,0.8882235288619995,0.6252250671386719
YNL049C,YOR278W,0,0.13781746,0.12461495399475098,0.8882235288619995,0.625325083732605
YKL089W,YPL186C,0,0.136624,0.12459750473499298,0.8882235288619995,0.6254251003265381
YBR296C,YLR318W,0,0.13651283,0.12458007037639618,0.8882235288619995,0.6255251169204712
YPR166C,YCR075C,0,0.13642986,0.12456262856721878,0.8882235288619995,0.6256251335144043
YDR299W,YMR233W,0,0.13601671,0.12454520165920258,0.8882235288619995,0.6257251501083374
YKL212W,YLL022C,0,0.13595937,0.12452777475118637,0.8882235288619995,0.6258251667022705
YDR466W,YPL048W,0,0.1358888,0.12451035529375076,0.8882235288619995,0.6259251832962036
YKR090W,YDR128W,0,0.1355554,0.12449293583631516,0.8882235288619995,0.6260251998901367
YDL067C,YOR080W,0,0.13487567,0.12447552382946014,0.8882235288619995,0.6261252164840698
YHR044C,YIL115C,0,0.1348718,0.12445811927318573,0.8882235288619995,0.6262252330780029
YML005W,YBR176W,1,0.13449751,0.12458053976297379,0.8892215490341187,0.6262252330780029
YJR060W,YJR126C,0,0.13437857,0.12456312030553818,0.8892215490341187,0.626325249671936
YNR001C,YHL016C,0,0.13396578,0.12454570829868317,0.8892215490341187,0.6264252662658691
YJR135W-A,YNL135C,0,0.13375942,0.12452830374240875,0.8892215490341187,0.6265252828598022
YER027C,YBL057C,0,0.13336758,0.12451089918613434,0.8892215490341187,0.6266252994537354
YEL054C,YDR288W,0,0.13251008,0.12449350208044052,0.8892215490341187,0.6267253160476685
YMR188C,YIL112W,0,0.13248256,0.1244761124253273,0.8892215490341187,0.6268253922462463
YLR238W,YNR016C,0,0.13236256,0.12445872277021408,0.8892215490341187,0.6269254088401794
YKR061W,YAL058W,0,0.13187747,0.12444134056568146,0.8892215490341187,0.6270254254341125
YOR389W,YHR044C,0,0.13127793,0.12442396581172943,0.8892215490341187,0.6271254420280457
YGR101W,YIR015W,0,0.1309936,0.1244065910577774,0.8892215490341187,0.6272254586219788
YIL150C,YDR088C,0,0.13094881,0.12438922375440598,0.8892215490341187,0.6273254752159119
YAR019C,YOR332W,0,0.13086995,0.12437185645103455,0.8892215490341187,0.627425491809845
YGL089C,YJL046W,0,0.13067839,0.12435450404882431,0.8892215490341187,0.6275255084037781
YHL024W,YER061C,0,0.13053833,0.12433714419603348,0.8892215490341187,0.6276255249977112
YML104C,YBR283C,0,0.13030316,0.12431979924440384,0.8892215490341187,0.6277255415916443
YLR266C,YLR154C,0,0.13025333,0.1243024542927742,0.8892215490341187,0.6278255581855774
YDR481C,YJR013W,0,0.13019907,0.12428511679172516,0.8892215490341187,0.6279255747795105
YEL013W,YDL082W,0,0.12979668,0.12426777929067612,0.8892215490341187,0.6280255913734436
YJR139C,YMR086W,0,0.1295282,0.12425045669078827,0.8892215490341187,0.6281256079673767
YDL056W,YER147C,0,0.1295009,0.12423312664031982,0.8892215490341187,0.6282256245613098
YOR044W,YLR014C,0,0.12926526,0.12421581149101257,0.8892215490341187,0.6283256411552429
YKL100C,YHR171W,0,0.1290928,0.12419849634170532,0.8892215490341187,0.628425657749176
YLR038C,YHR117W,0,0.12832634,0.12418118119239807,0.8892215490341187,0.6285257339477539
YLL013C,YNR008W,0,0.12819643,0.12416388094425201,0.8892215490341187,0.628625750541687
YBR240C,YNL151C,0,0.12784182,0.12414658069610596,0.8892215490341187,0.6287257671356201
YDR270W,YMR150C,0,0.12707664,0.1241292804479599,0.8892215490341187,0.6288257837295532
YDL195W,YLR154C,0,0.12706906,0.12411199510097504,0.8892215490341187,0.6289258003234863
YDR117C,YPR019W,0,0.12640928,0.12409470975399017,0.8892215490341187,0.6290258169174194
YIL138C,YKL042W,0,0.12626858,0.12407742440700531,0.8892215490341187,0.6291258335113525
YKR069W,YKL155C,1,0.12543604,0.12419939041137695,0.8902195692062378,0.6291258335113525
YOR228C,YNL146W,0,0.12523049,0.12418209761381149,0.8902195692062378,0.6292258501052856
YDR038C,YLL038C,0,0.12487586,0.12416481226682663,0.8902195692062378,0.6293258666992188
YDL114W,YKL178C,0,0.124755785,0.12414752691984177,0.8902195692062378,0.6294258832931519
YLL009C,YMR264W,0,0.12459548,0.1241302564740181,0.8902195692062378,0.629525899887085
YER086W,YDR103W,0,0.12455957,0.12411297857761383,0.8902195692062378,0.6296259164810181
YIR017C,YMR017W,0,0.12429623,0.12409571558237076,0.8902195692062378,0.6297259330749512
YFL036W,YFL039C,0,0.12424028,0.12407845258712769,0.8902195692062378,0.6298259496688843
YML015C,YIL138C,0,0.12423225,0.12406119704246521,0.8902195692062378,0.6299259662628174
YPL138C,YDL112W,1,0.12422077,0.12418300658464432,0.8912175893783569,0.6299259662628174
YOR315W,YOR092W,0,0.12415929,0.12416573613882065,0.8912175893783569,0.6300259828567505
YJR060W,YLR318W,0,0.1239263,0.12414848059415817,0.8912175893783569,0.6301259994506836
YPL148C,YBR122C,0,0.123309806,0.1241312175989151,0.8912175893783569,0.6302260160446167
YFR037C,YNL325C,0,0.12326181,0.12411396950483322,0.8912175893783569,0.6303260922431946
YLR015W,YDR166C,0,0.12269299,0.12409672141075134,0.8912175893783569,0.6304261088371277
YER096W,YEL058W,0,0.122617915,0.12407948076725006,0.8912175893783569,0.6305261254310608
YGL227W,YLR306W,0,0.12252216,0.12406224012374878,0.8912175893783569,0.6306261420249939
YGL137W,YBR175W,0,0.12220426,0.1240450069308281,0.8912175893783569,0.630726158618927
YDR532C,YJL125C,0,0.12214501,0.124027781188488,0.8912175893783569,0.6308261752128601
YGL223C,YGR026W,0,0.12156887,0.12401055544614792,0.8912175893783569,0.6309261918067932
YOR348C,YPL059W,0,0.12127043,0.12399333715438843,0.8912175893783569,0.6310262084007263
YPL157W,YER089C,0,0.12007031,0.12397611886262894,0.8912175893783569,0.6311262249946594
YDR046C,YNL244C,0,0.11963649,0.12395890802145004,0.8912175893783569,0.6312262415885925
YGL119W,YLR439W,0,0.11910935,0.12394170463085175,0.8912175893783569,0.6313262581825256
YJR094W-A,YGR035C,0,0.118772894,0.12392450869083405,0.8912175893783569,0.6314262747764587
YIL138C,YPL092W,0,0.118664935,0.12390731275081635,0.8912175893783569,0.6315262913703918
YIL125W,YGL039W,0,0.11863026,0.12389012426137924,0.8912175893783569,0.631626307964325
YDR177W,YKR030W,0,0.11834617,0.12387293577194214,0.8912175893783569,0.6317263245582581
YDR056C,YOL018C,0,0.11816715,0.12385575473308563,0.8912175893783569,0.6318263411521912
YGL009C,YPL214C,0,0.11726789,0.12383858114480972,0.8912175893783569,0.6319263577461243
YMR235C,YDR510W,0,0.1171585,0.12382140755653381,0.8912175893783569,0.6320264339447021
YCR096C,YPL031C,0,0.11694628,0.1238042414188385,0.8912175893783569,0.6321264505386353
YJR126C,YLR010C,0,0.11680676,0.12378708273172379,0.8912175893783569,0.6322264671325684
YDL201W,YPL138C,1,0.11668025,0.12390852719545364,0.8922155499458313,0.6322264671325684
YML094W,YDL130W-A,0,0.116588846,0.12389135360717773,0.8922155499458313,0.6323264837265015
YJR104C,YDR510W,0,0.11642486,0.12387418746948242,0.8922155499458313,0.6324265003204346
YMR130W,YNR047W,0,0.11613496,0.12385702133178711,0.8922155499458313,0.6325265169143677
YNL185C,YNR001C,0,0.11549847,0.12383987009525299,0.8922155499458313,0.6326265335083008
YDL141W,YCR075C,0,0.11501221,0.12382271140813828,0.8922155499458313,0.6327265501022339
YLR142W,YOL003C,0,0.11483008,0.12380556762218475,0.8922155499458313,0.632826566696167
YMR004W,YJR058C,0,0.114161894,0.12378842383623123,0.8922155499458313,0.6329265832901001
YLR439W,YKL212W,0,0.11390248,0.1237712875008583,0.8922155499458313,0.6330265998840332
YGL141W,YML088W,0,0.11379467,0.12375415116548538,0.8922155499458313,0.6331266164779663
YJR158W,YDR322W,0,0.113211945,0.12373702228069305,0.8922155499458313,0.6332266330718994
YLR015W,YAL013W,0,0.113012746,0.12371990084648132,0.8922155499458313,0.6333266496658325
YMR142C,YOR175C,0,0.11253327,0.12370277941226959,0.8922155499458313,0.6334266662597656
YER025W,YKL183W,0,0.112309635,0.12368566542863846,0.8922155499458313,0.6335266828536987
YGR184C,YPL220W,0,0.111971095,0.12366855889558792,0.8922155499458313,0.6336266994476318
YOL103W,YHR064C,0,0.11194083,0.12365145236253738,0.8922155499458313,0.6337267160415649
YBL060W,YER164W,0,0.111745715,0.12363435328006744,0.8922155499458313,0.6338267922401428
YLR446W,YOR322C,0,0.11143853,0.1236172541975975,0.8922155499458313,0.6339268088340759
YDR363W-A,YER113C,0,0.11112507,0.12360016256570816,0.8922155499458313,0.634026825428009
YPL220W,YPL111W,0,0.110914946,0.12358307838439941,0.8922155499458313,0.6341268420219421
YPR102C,YLR467W,0,0.11079736,0.12356600165367126,0.8922155499458313,0.6342268586158752
YNL227C,YKL109W,0,0.110603854,0.12354892492294312,0.8922155499458313,0.6343268752098083
YCL063W,YMR109W,0,0.109966174,0.12353184819221497,0.8922155499458313,0.6344268918037415
YIL172C,YNL007C,0,0.10979019,0.12351478636264801,0.8922155499458313,0.6345269083976746
YER095W,YGL039W,0,0.1096649,0.12349771708250046,0.8922155499458313,0.6346269249916077
YJR013W,YGL090W,0,0.10863997,0.1234806627035141,0.8922155499458313,0.6347269415855408
YGR009C,YFR007W,0,0.10862373,0.12346360832452774,0.8922155499458313,0.6348269581794739
YKL011C,YOL157C,0,0.10838108,0.12344656139612198,0.8922155499458313,0.634926974773407
YML124C,YOR075W,0,0.108180955,0.12342951446771622,0.8922155499458313,0.6350269913673401
YMR036C,YMR224C,0,0.107998565,0.12341248244047165,0.8922155499458313,0.6351270079612732
YML116W,YDL115C,0,0.10779774,0.12339544296264648,0.8922155499458313,0.6352270245552063
YOR326W,YOR346W,0,0.107600644,0.12337841838598251,0.8922155499458313,0.6353270411491394
YER007W,YKR104W,0,0.107576266,0.12336139380931854,0.8922155499458313,0.6354270577430725
YDR033W,YBR164C,0,0.10757084,0.12334436923265457,0.8922155499458313,0.6355271339416504
YBR033W,YNL091W,0,0.10756615,0.1233273521065712,0.8922155499458313,0.6356271505355835
YNL063W,YML110C,1,0.10722925,0.12344827502965927,0.8932135701179504,0.6356271505355835
YDR077W,YPR031W,0,0.10717614,0.1234312504529953,0.8932135701179504,0.6357271671295166
YLR396C,YLR364W,0,0.10700792,0.12341423332691193,0.8932135701179504,0.6358271837234497
YLR396C,YGL003C,0,0.10700251,0.12339721620082855,0.8932135701179504,0.6359272003173828
YNL159C,YPR166C,0,0.106854424,0.12338020652532578,0.8932135701179504,0.6360272169113159
YNL046W,YOR150W,0,0.106793165,0.123363196849823,0.8932135701179504,0.636127233505249
YIL051C,YIL115C,0,0.106474265,0.12334619462490082,0.8932135701179504,0.6362272500991821
YOR179C,YLR467W,0,0.10640335,0.12332919985055923,0.8932135701179504,0.6363272666931152
YNL293W,YER045C,0,0.10619627,0.12331220507621765,0.8932135701179504,0.6364272832870483
YDR501W,YNL310C,0,0.105549335,0.12329521775245667,0.8932135701179504,0.6365272998809814
YAL053W,YLL022C,0,0.105429396,0.12327823787927628,0.8932135701179504,0.6366273164749146
YER173W,YDR054C,0,0.10537745,0.12326125800609589,0.8932135701179504,0.6367273330688477
YOL105C,YER114C,0,0.10442716,0.1232442855834961,0.8932135701179504,0.6368273496627808
YOL157C,YMR012W,0,0.10422951,0.1232273131608963,0.8932135701179504,0.6369273662567139
YHL047C,YFR006W,0,0.10400005,0.1232103556394577,0.8932135701179504,0.637027382850647
YDR270W,YLR204W,0,0.10375263,0.12319339066743851,0.8932135701179504,0.6371273994445801
YDR334W,YPR096C,0,0.10373284,0.1231764405965805,0.8932135701179504,0.6372274160385132
YPR178W,YIL111W,0,0.10367502,0.1231594905257225,0.8932135701179504,0.6373274922370911
YOL138C,YKL156W,0,0.10360496,0.1231425404548645,0.8932135701179504,0.6374275088310242
YNL077W,YFL044C,0,0.10335517,0.1231256052851677,0.8932135701179504,0.6375275254249573
YHR116W,YJR158W,0,0.10307029,0.12310866266489029,0.8932135701179504,0.6376275420188904
YER099C,YDR466W,0,0.10303962,0.12309173494577408,0.8932135701179504,0.6377275586128235
YGL229C,YOR080W,0,0.102984264,0.12307480722665787,0.8932135701179504,0.6378275752067566
YDL204W,YML088W,0,0.10275714,0.12305788695812225,0.8932135701179504,0.6379275918006897
YAL013W,YCR075C,0,0.1021909,0.12304096668958664,0.8932135701179504,0.6380276083946228
YNL322C,YOL120C,0,0.10207097,0.12302405387163162,0.8932135701179504,0.6381276249885559
YJL165C,YNL189W,0,0.101868585,0.1230071485042572,0.8932135701179504,0.638227641582489
YNL159C,YAR007C,0,0.10151829,0.12299024313688278,0.8932135701179504,0.6383276581764221
YKR059W,YJL025W,0,0.10150942,0.12297334522008896,0.8932135701179504,0.6384276747703552
YDR134C,YER070W,0,0.10118179,0.12295644730329514,0.8932135701179504,0.6385276913642883
YOR151C,YBL021C,0,0.100725695,0.12293955683708191,0.8932135701179504,0.6386277079582214
YLR099C,YOR070C,0,0.10010214,0.12292267382144928,0.8932135701179504,0.6387277245521545
YDL080C,YLR158C,0,0.10009973,0.12290579825639725,0.8932135701179504,0.6388277411460876
YPL031C,YDR177W,0,0.09944154,0.12288892269134521,0.8932135701179504,0.6389277577400208
YGL141W,YMR017W,0,0.09933755,0.12287204712629318,0.8932135701179504,0.6390278339385986
YIR006C,YKR009C,0,0.09902407,0.12285517901182175,0.8932135701179504,0.6391278505325317
YLR154C,YMR122W-A,0,0.09817012,0.12283831834793091,0.8932135701179504,0.6392278671264648
YER029C,YKR014C,0,0.09809546,0.12282146513462067,0.8932135701179504,0.639327883720398
YGL128C,YNL091W,0,0.09796049,0.12280461192131042,0.8932135701179504,0.639427900314331
YJR104C,YLR100W,0,0.097676784,0.12278775870800018,0.8932135701179504,0.6395279169082642
YDR055W,YML009C,0,0.09755583,0.12277092039585114,0.8932135701179504,0.6396279335021973
YER131W,YJL136C,0,0.09751041,0.12275408208370209,0.8932135701179504,0.6397279500961304
YLR343W,YGR062C,0,0.09729181,0.12273724377155304,0.8932135701179504,0.6398279666900635
YBL093C,YDR117C,0,0.09693535,0.12272042036056519,0.8932135701179504,0.6399279832839966
YMR071C,YLR265C,0,0.096925214,0.12270358949899673,0.8932135701179504,0.6400279998779297
YOL103W,YMR004W,0,0.09666632,0.12268677353858948,0.8932135701179504,0.6401280164718628
YHL032C,YLR172C,0,0.09607597,0.12266995757818222,0.8932135701179504,0.6402280330657959
YIL145C,YLR385C,0,0.0954019,0.12265314161777496,0.8932135701179504,0.640328049659729
YPL174C,YHR081W,0,0.094861805,0.1226363405585289,0.8932135701179504,0.6404280662536621
YDR231C,YGR154C,0,0.094443634,0.12261953949928284,0.8932135701179504,0.6405280828475952
YGL090W,YDL144C,0,0.093582496,0.12260273844003677,0.8932135701179504,0.6406280994415283
YPL121C,YIL155C,0,0.0935116,0.12258594483137131,0.8932135701179504,0.6407281160354614
YKR061W,YAL034W-A,0,0.09311885,0.12256915867328644,0.8932135701179504,0.6408281922340393
YGR086C,YNL213C,0,0.09303269,0.12255237251520157,0.8932135701179504,0.6409282088279724
YAR019C,YNL146W,0,0.092886135,0.1225355938076973,0.8932135701179504,0.6410282254219055
YBR264C,YER091C,0,0.09175427,0.12251882255077362,0.8932135701179504,0.6411282420158386
YPL231W,YGR156W,0,0.091521695,0.12250205129384995,0.8932135701179504,0.6412282586097717
YPR063C,YDR121W,0,0.09139225,0.12248528748750687,0.8932135701179504,0.6413282752037048
YOR179C,YOL133W,0,0.09127097,0.12246853113174438,0.8932135701179504,0.6414282917976379
YLR286C,YDR297W,0,0.091247365,0.1224517747759819,0.8932135701179504,0.641528308391571
YDL101C,YDR115W,0,0.09095679,0.12243501842021942,0.8932135701179504,0.6416283249855042
YDR536W,YDR251W,0,0.09093617,0.12241827696561813,0.8932135701179504,0.6417283415794373
YPL022W,YMR201C,0,0.090764746,0.12240152806043625,0.8932135701179504,0.6418283581733704
YJL156C,YLR441C,0,0.09062193,0.12238479405641556,0.8932135701179504,0.6419283747673035
YJL097W,YGR014W,0,0.09004648,0.12236806005239487,0.8932135701179504,0.6420283913612366
YDL138W,YCR098C,0,0.08960064,0.12235133349895477,0.8932135701179504,0.6421284079551697
YAL010C,YJL080C,0,0.08952807,0.12233460694551468,0.8932135701179504,0.6422284245491028
YPL206C,YEL002C,0,0.08948761,0.12231788784265518,0.8932135701179504,0.6423284411430359
YMR188C,YDL056W,0,0.08930306,0.12230117619037628,0.8932135701179504,0.642428457736969
YNL024C,YCR047C,1,0.0892701,0.12242109328508377,0.8942115902900696,0.642428457736969
YLR099C,YPL095C,0,0.08923043,0.12240437418222427,0.8942115902900696,0.6425285339355469
YJL153C,YML095C,0,0.08880091,0.12238765507936478,0.8942115902900696,0.64262855052948
YDL099W,YFR006W,0,0.088794306,0.12237093597650528,0.8942115902900696,0.6427285671234131
YER174C,YER184C,0,0.08871229,0.12235422432422638,0.8942115902900696,0.6428285837173462
YOR069W,YEL061C,0,0.0884756,0.12233752012252808,0.8942115902900696,0.6429286003112793
YKL155C,YBR175W,1,0.088144556,0.1224573403596878,0.8952096104621887,0.6429286003112793
YNL212W,YDL146W,0,0.08762087,0.12244062125682831,0.8952096104621887,0.6430286169052124
YER088C,YLR246W,0,0.08733773,0.12242390960454941,0.8952096104621887,0.6431286334991455
YNL330C,YGR241C,0,0.086867556,0.1224072054028511,0.8952096104621887,0.6432286500930786
YBR245C,YKR050W,0,0.0866577,0.1223905012011528,0.8952096104621887,0.6433286666870117
YDR536W,YCL057C-A,0,0.08632149,0.1223738044500351,0.8952096104621887,0.6434286832809448
YLR414C,YDL095W,0,0.086012214,0.12235711514949799,0.8952096104621887,0.6435286998748779
YPL154C,YGR218W,0,0.08590035,0.12234042584896088,0.8952096104621887,0.643628716468811
YMR307W,YLR147C,0,0.085633054,0.12232374399900436,0.8952096104621887,0.6437287330627441
YJR158W,YDR523C,0,0.08540921,0.12230706214904785,0.8952096104621887,0.6438287496566772
YPL271W,YOR337W,0,0.08504285,0.12229038774967194,0.8952096104621887,0.6439287662506104
YIR014W,YGR047C,0,0.08487484,0.12227372080087662,0.8952096104621887,0.6440287828445435
YDR177W,YIL115C,0,0.08483146,0.1222570538520813,0.8952096104621887,0.6441287994384766
YLR212C,YPL031C,0,0.084818885,0.12224039435386658,0.8952096104621887,0.6442288160324097
YMR287C,YOR066W,0,0.08452244,0.12222373485565186,0.8952096104621887,0.6443288922309875
YMR221C,YLR430W,0,0.08437748,0.12220708280801773,0.8952096104621887,0.6444289088249207
YDR242W,YOL007C,0,0.083691075,0.1221904382109642,0.8952096104621887,0.6445289254188538
YIL026C,YBR185C,0,0.08323912,0.12217379361391068,0.8952096104621887,0.6446289420127869
YOR175C,YMR204C,0,0.08265169,0.12215715646743774,0.8952096104621887,0.64472895860672
YGL206C,YKR097W,0,0.081390545,0.12214051932096481,0.8952096104621887,0.6448289752006531
YGL090W,YHR136C,0,0.08119796,0.12212389707565308,0.8952096104621887,0.6449289917945862
YER153C,YBL061C,0,0.08086778,0.12210726737976074,0.8952096104621887,0.6450290083885193
YKL183W,YMR303C,0,0.08070424,0.1220906525850296,0.8952096104621887,0.6451290249824524
YGR292W,YMR303C,0,0.08055638,0.12207403033971786,0.8952096104621887,0.6452290415763855
YDR420W,YMR303C,0,0.08037886,0.12205742299556732,0.8952096104621887,0.6453290581703186
YDR420W,YMR152W,0,0.08010368,0.12204081565141678,0.8952096104621887,0.6454290747642517
YDR532C,YDR120C,0,0.08009519,0.12202421575784683,0.8952096104621887,0.6455290913581848
YJL219W,YKL116C,0,0.079152346,0.12200761586427689,0.8952096104621887,0.6456291079521179
YML027W,YPL258C,0,0.079038754,0.12199102342128754,0.8952096104621887,0.645729124546051
YLR439W,YDR524C,0,0.078930214,0.12197443842887878,0.8952096104621887,0.6458291411399841
YDL069C,YOR381W,0,0.07887247,0.12195785343647003,0.8952096104621887,0.6459291577339172
YHR017W,YOR326W,0,0.0784664,0.12194127589464188,0.8952096104621887,0.6460292339324951
YMR130W,YNL191W,0,0.078436404,0.12192469835281372,0.8952096104621887,0.6461292505264282
YDL080C,YPL281C,0,0.07830651,0.12190812826156616,0.8952096104621887,0.6462292671203613
YHR143W,YOR347C,0,0.07822743,0.1218915581703186,0.8952096104621887,0.6463292837142944
YMR037C,YPR122W,0,0.07788421,0.12187500298023224,0.8952096104621887,0.6464293003082275
YOR124C,YDR507C,0,0.077840745,0.12185844033956528,0.8952096104621887,0.6465293169021606
YBR105C,YML048W,0,0.07761906,0.12184189260005951,0.8952096104621887,0.6466293334960938
YHR101C,YLR079W,0,0.07716623,0.12182534486055374,0.8952096104621887,0.6467293500900269
YDR425W,YDR134C,0,0.07691707,0.12180879712104797,0.8952096104621887,0.64682936668396
YOL003C,YEL059C-A,0,0.076894745,0.1217922642827034,0.8952096104621887,0.6469293832778931
YLR373C,YER133W,0,0.07651171,0.12177572399377823,0.8952096104621887,0.6470293998718262
YPR049C,YDR511W,0,0.07630998,0.12175919860601425,0.8952096104621887,0.6471294164657593
YPL106C,YLR098C,0,0.074894235,0.12174267321825027,0.8952096104621887,0.6472294330596924
YDL136W,YJL109C,0,0.074203745,0.1217261478304863,0.8952096104621887,0.6473294496536255
YMR122W-A,YGL031C,0,0.07405281,0.12170963734388351,0.8952096104621887,0.6474294662475586
YNL331C,YHR161C,0,0.07399054,0.12169311940670013,0.8952096104621887,0.6475294828414917
YDL141W,YDR231C,0,0.073688015,0.12167661637067795,0.8952096104621887,0.6476294994354248
YFL047W,YIL172C,0,0.07365675,0.12166011333465576,0.8952096104621887,0.6477295756340027
YJL052W,YBL057C,0,0.07364534,0.12164361029863358,0.8952096104621887,0.6478295922279358
YHR076W,YDR531W,0,0.073601395,0.12162712216377258,0.8952096104621887,0.6479296088218689
YDL231C,YBL064C,0,0.07304199,0.121610626578331,0.8952096104621887,0.648029625415802
YOL065C,YBR055C,0,0.071743354,0.1215941458940506,0.8952096104621887,0.6481296420097351
YDR197W,YNL325C,0,0.07152291,0.1215776652097702,0.8952096104621887,0.6482296586036682
YOR257W,YHR017W,0,0.07150717,0.12156118452548981,0.8952096104621887,0.6483296751976013
YJR015W,YJL133W,0,0.07113741,0.1215447187423706,0.8952096104621887,0.6484296917915344
YHR109W,YHR207C,1,0.070311055,0.12166373431682587,0.8962075710296631,0.6484296917915344
YIL093C,YAL012W,0,0.069980964,0.12164725363254547,0.8962075710296631,0.6485297083854675
YLR373C,YLR201C,0,0.069696024,0.12163077294826508,0.8962075710296631,0.6486297249794006
YNL158W,YCR037C,0,0.06913374,0.12161429971456528,0.8962075710296631,0.6487297415733337
YDL130W,YMR004W,0,0.06868528,0.12159783393144608,0.8962075710296631,0.6488297581672668
YLR381W,YMR224C,0,0.068662524,0.12158136814832687,0.8962075710296631,0.6489297747612
YER174C,YDR088C,0,0.06855239,0.12156490981578827,0.8962075710296631,0.6490297913551331
YER029C,YDR507C,0,0.06851339,0.12154845893383026,0.8962075710296631,0.6491298079490662
YOL096C,YDR435C,1,0.06819944,0.12166734039783478,0.8972055912017822,0.6491298079490662
YOL093W,YBR176W,1,0.068097666,0.1217861995100975,0.8982036113739014,0.6491298079490662
YNR011C,YDR362C,0,0.06723042,0.12176971882581711,0.8982036113739014,0.6492298245429993
YCR094W,YPR042C,0,0.06674586,0.12175324559211731,0.8982036113739014,0.6493298411369324
YNL330C,YPR042C,0,0.06643249,0.12173677980899811,0.8982036113739014,0.6494298577308655
YMR224C,YMR312W,0,0.06616858,0.1217203140258789,0.8982036113739014,0.6495299339294434
YNL331C,YJL221C,0,0.06616561,0.1217038556933403,0.8982036113739014,0.6496299505233765
YBL075C,YDR077W,0,0.06605351,0.1216873973608017,0.8982036113739014,0.6497299671173096
YGL223C,YPL160W,0,0.06594996,0.12167094647884369,0.8982036113739014,0.6498299837112427
YJR001W,YML095C,0,0.0655597,0.12165450304746628,0.8982036113739014,0.6499300003051758
YDR248C,YHL044W,0,0.06553425,0.12163805961608887,0.8982036113739014,0.6500300168991089
YDR265W,YCR092C,0,0.06536691,0.12162162363529205,0.8982036113739014,0.650130033493042
YNR020C,YJL121C,0,0.064977586,0.12160518765449524,0.8982036113739014,0.6502300500869751
YNL001W,YBR207W,0,0.0644189,0.12158875912427902,0.8982036113739014,0.6503300666809082
YOR373W,YER153C,0,0.06426318,0.1215723380446434,0.8982036113739014,0.6504300832748413
YNL049C,YPR073C,0,0.064172894,0.12155591696500778,0.8982036113739014,0.6505300998687744
YGL119W,YLR238W,0,0.064021036,0.12153950333595276,0.8982036113739014,0.6506301164627075
YFR037C,YOL100W,0,0.063612014,0.12152308970689774,0.8982036113739014,0.6507301330566406
YGL191W,YOL156W,0,0.06360917,0.12150668352842331,0.8982036113739014,0.6508301496505737
YLL013C,YEL017C-A,0,0.063061,0.12149027734994888,0.8982036113739014,0.6509301662445068
YJL168C,YDL033C,1,0.062352404,0.12160885334014893,0.8992015719413757,0.6509301662445068
YBR009C,YNL244C,0,0.06234978,0.1215924397110939,0.8992015719413757,0.6510301828384399
YML085C,YNL149C,0,0.06233464,0.12157603353261948,0.8992015719413757,0.651130199432373
YLL050C,YOR326W,0,0.062324062,0.12155963480472565,0.8992015719413757,0.6512302756309509
YPL106C,YPR042C,0,0.062100574,0.12154323607683182,0.8992015719413757,0.651330292224884
YLL062C,YGR157W,1,0.06195204,0.1216617226600647,0.9001995921134949,0.651330292224884
YGL223C,YPL148C,0,0.061876476,0.12164531648159027,0.9001995921134949,0.6514303088188171
YDL127W,YDR047W,0,0.061788097,0.12162891030311584,0.9001995921134949,0.6515303254127502
YBR237W,YPL048W,0,0.061614946,0.12161251157522202,0.9001995921134949,0.6516303420066833
YNL330C,YGL137W,0,0.06132333,0.12159612029790878,0.9001995921134949,0.6517303586006165
YOR182C,YNR047W,0,0.06104608,0.12157972902059555,0.9001995921134949,0.6518303751945496
YPR070W,YGR062C,0,0.060989216,0.12156334519386292,0.9001995921134949,0.6519303917884827
YLR015W,YOR244W,0,0.06041932,0.12154696136713028,0.9001995921134949,0.6520304083824158
YOL152W,YMR303C,0,0.060363367,0.12153058499097824,0.9001995921134949,0.6521304249763489
YJR098C,YLR467W,0,0.06005688,0.1215142160654068,0.9001995921134949,0.652230441570282
YCR072C,YDL030W,0,0.060049027,0.12149784713983536,0.9001995921134949,0.6523304581642151
YKL181W,YLR441C,0,0.05996658,0.12148147821426392,0.9001995921134949,0.6524304747581482
YNR061C,YLR318W,0,0.059854552,0.12146512418985367,0.9001995921134949,0.6525304913520813
YBR264C,YNL012W,0,0.05926247,0.12144877016544342,0.9001995921134949,0.6526305079460144
YPR192W,YDR120C,0,0.059149638,0.12143241614103317,0.9001995921134949,0.6527305245399475
YPL101W,YML063W,0,0.05913967,0.12141606956720352,0.9001995921134949,0.6528305411338806
YDR478W,YLR304C,0,0.05913557,0.12139973044395447,0.9001995921134949,0.6529305577278137
YMR042W,YKL179C,0,0.058548138,0.12138339132070541,0.9001995921134949,0.6530306339263916
YDR520C,YDR031W,0,0.058521613,0.12136705964803696,0.9001995921134949,0.6531306505203247
YOR039W,YER007W,0,0.058380082,0.1213507354259491,0.9001995921134949,0.6532306671142578
YDR050C,YPR098C,0,0.058332577,0.12133441120386124,0.9001995921134949,0.6533306837081909
YLR142W,YCL069W,0,0.05830364,0.12131808698177338,0.9001995921134949,0.653430700302124
YEL064C,YBL022C,0,0.057615593,0.12130177766084671,0.9001995921134949,0.6535307168960571
YGR223C,YLR121C,0,0.05749935,0.12128546088933945,0.9001995921134949,0.6536307334899902
YDR197W,YGR075C,0,0.057435676,0.12126915901899338,0.9001995921134949,0.6537307500839233
YGR188C,YOR326W,0,0.05743538,0.12125285714864731,0.9001995921134949,0.6538307666778564
YDL204W,YOL147C,0,0.05736956,0.12123656272888184,0.9001995921134949,0.6539307832717896
YDL195W,YPL177C,0,0.05651848,0.12122026830911636,0.9001995921134949,0.6540307998657227
YPL157W,YCR054C,0,0.05642222,0.12120397388935089,0.9001995921134949,0.6541308164596558
YPL148C,YIR002C,0,0.056319878,0.12118769437074661,0.9001995921134949,0.6542308330535889
YDR107C,YLR212C,0,0.056311294,0.12117141485214233,0.9001995921134949,0.654330849647522
YDR347W,YBR001C,0,0.055628315,0.12115513533353806,0.9001995921134949,0.6544308662414551
YER099C,YNL331C,0,0.05558513,0.12113886326551437,0.9001995921134949,0.6545308828353882
YCR077C,YAL044C,0,0.05508916,0.12112259864807129,0.9001995921134949,0.6546308994293213
YDR107C,YPL202C,0,0.05486308,0.1211063340306282,0.9001995921134949,0.6547309756278992
YBR036C,YDL144C,0,0.05434878,0.12109007686376572,0.9001995921134949,0.6548309922218323
YNL129W,YJL133W,0,0.05409552,0.12107382714748383,0.9001995921134949,0.6549310088157654
YPL194W,YBR084W,0,0.053912103,0.12105757743120193,0.9001995921134949,0.6550310254096985
YDR531W,YLR414C,0,0.053739652,0.12104132771492004,0.9001995921134949,0.6551310420036316
YDR358W,YGR075C,0,0.05346115,0.12102509289979935,0.9001995921134949,0.6552310585975647
YDL127W,YPR096C,0,0.053155705,0.12100885063409805,0.9001995921134949,0.6553310751914978
YMR080C,YLL011W,0,0.0530978,0.12099262326955795,0.9001995921134949,0.6554310917854309
YJL046W,YPL149W,0,0.052676722,0.12097639590501785,0.9001995921134949,0.655531108379364
YOR179C,YOL127W,0,0.05208628,0.12096016854047775,0.9001995921134949,0.6556311249732971
YMR188C,YMR302C,0,0.051752284,0.12094395607709885,0.9001995921134949,0.6557311415672302
YOL096C,YLL062C,1,0.051450565,0.12106180191040039,0.901197612285614,0.6557311415672302
YPL258C,YOR332W,0,0.051417917,0.12104557454586029,0.901197612285614,0.6558311581611633
YFR032C-A,YJL156C,0,0.051402315,0.12102935463190079,0.901197612285614,0.6559311747550964
YER070W,YHR140W,0,0.05121225,0.12101313471794128,0.901197612285614,0.6560311913490295
YDL141W,YBR245C,0,0.050673842,0.12099691480398178,0.901197612285614,0.6561312079429626
YJR060W,YJL148W,0,0.05054702,0.12098070979118347,0.901197612285614,0.6562312245368958
YPR102C,YJR143C,0,0.050338164,0.12096449732780457,0.901197612285614,0.6563312411308289
YGR006W,YOR043W,0,0.049941033,0.12094829976558685,0.901197612285614,0.656431257724762
YPR166C,YJR075W,0,0.049927518,0.12093210220336914,0.901197612285614,0.6565313339233398
YGR035C,YLR385C,0,0.049299434,0.12091590464115143,0.901197612285614,0.656631350517273
YGL021W,YIL051C,0,0.04926403,0.12089972198009491,0.901197612285614,0.656731367111206
YPR178W,YAR010C,0,0.04920295,0.1208835318684578,0.901197612285614,0.6568313837051392
YDR219C,YGL161C,0,0.0490039,0.12086735665798187,0.901197612285614,0.6569314002990723
YMR109W,YBR185C,0,0.04861608,0.12085118144750595,0.901197612285614,0.6570314168930054
YKL010C,YHR036W,0,0.048564777,0.12083500623703003,0.901197612285614,0.6571314334869385
YDL229W,YDL007W,0,0.048529804,0.1208188384771347,0.901197612285614,0.6572314500808716
YEL054C,YKL017C,0,0.04846008,0.12080267816781998,0.901197612285614,0.6573314666748047
YGR026W,YDR529C,0,0.048333228,0.12078651785850525,0.901197612285614,0.6574314832687378
YOR175C,YLR343W,0,0.047933146,0.12077036499977112,0.901197612285614,0.6575314998626709
YER068W,YCR028C,0,0.04772298,0.12075421214103699,0.901197612285614,0.657631516456604
YJL056C,YNL339C,0,0.047520712,0.12073806673288345,0.901197612285614,0.6577315330505371
YLR090W,YIL124W,0,0.04715249,0.12072192877531052,0.901197612285614,0.6578315496444702
YCR009C,YIL084C,0,0.046715677,0.12070579081773758,0.901197612285614,0.6579315662384033
YKL089W,YHR021C,0,0.046629936,0.12068965286016464,0.901197612285614,0.6580315828323364
YIL074C,YFR007W,0,0.045635298,0.1206735298037529,0.901197612285614,0.6581315994262695
YHL040C,YDR466W,0,0.045335785,0.12065739929676056,0.901197612285614,0.6582316756248474
YMR094W,YIR015W,0,0.045302168,0.12064128369092941,0.901197612285614,0.6583316922187805
YMR163C,YMR152W,0,0.044893637,0.12062516808509827,0.901197612285614,0.6584317088127136
YOL065C,YLR078C,0,0.0446672,0.12060905247926712,0.901197612285614,0.6585317254066467
YPL101W,YDR510W,0,0.044621095,0.12059295177459717,0.901197612285614,0.6586317420005798
YOR384W,YIL039W,0,0.04440388,0.12057684361934662,0.901197612285614,0.6587317585945129
YBR105C,YOR306C,0,0.044198617,0.12056075036525726,0.901197612285614,0.658831775188446
YDR117C,YDR031W,0,0.04395388,0.12054465711116791,0.901197612285614,0.6589317917823792
YCR020C,YER044C,0,0.04364015,0.12052856385707855,0.901197612285614,0.6590318083763123
YDR534C,YHR099W,0,0.043498904,0.1205124780535698,0.901197612285614,0.6591318249702454
YML014W,YHR119W,1,0.0433653,0.12062983959913254,0.9021956324577332,0.6591318249702454
YJL073W,YGL059W,0,0.043346718,0.12061373889446259,0.9021956324577332,0.6592318415641785
YDR425W,YGR189C,0,0.04332605,0.12059765309095383,0.9021956324577332,0.6593318581581116
YIR002C,YOL005C,0,0.043309137,0.12058156728744507,0.9021956324577332,0.6594318747520447
YCR096C,YMR281W,0,0.043207392,0.12056548148393631,0.9021956324577332,0.6595318913459778
YIL034C,YNL325C,0,0.043181017,0.12054940313100815,0.9021956324577332,0.6596319079399109
YAL008W,YMR022W,0,0.042994276,0.12053333222866058,0.9021956324577332,0.659731924533844
YOR116C,YDR534C,0,0.042967185,0.12051726132631302,0.9021956324577332,0.6598319411277771
YPR070W,YBL010C,0,0.042310342,0.12050119787454605,0.9021956324577332,0.6599319577217102
YLL009C,YML116W,0,0.042278066,0.12048514187335968,0.9021956324577332,0.6600320339202881
YGR188C,YER110C,0,0.042203173,0.12046908587217331,0.9021956324577332,0.6601320505142212
YJR097W,YDL192W,0,0.042158738,0.12045302987098694,0.9021956324577332,0.6602320671081543
YMR223W,YIL115C,0,0.04206942,0.12043698132038116,0.9021956324577332,0.6603320837020874
YBR012W-A,YOR046C,0,0.04155706,0.12042094022035599,0.9021956324577332,0.6604321002960205
YIL074C,YDR265W,0,0.04131648,0.12040489912033081,0.9021956324577332,0.6605321168899536
YOR155C,YGR220C,0,0.041011482,0.12038886547088623,0.9021956324577332,0.6606321334838867
YOR179C,YOR044W,0,0.040425673,0.12037283927202225,0.9021956324577332,0.6607321500778198
YFL029C,YPR005C,0,0.040354893,0.12035681307315826,0.9021956324577332,0.6608321666717529
YDL229W,YDR038C,0,0.040303305,0.12034078687429428,0.9021956324577332,0.660932183265686
YLL062C,YDR140W,1,0.040243596,0.12045787274837494,0.9031935930252075,0.660932183265686
YCR039C,YDR247W,0,0.040173784,0.12044183909893036,0.9031935930252075,0.6610321998596191
YJR016C,YKL195W,0,0.039854586,0.12042581290006638,0.9031935930252075,0.6611322164535522
YPR048W,YHR143W,0,0.03985426,0.12040979415178299,0.9031935930252075,0.6612322330474854
YPL206C,YER120W,0,0.03980124,0.1203937754034996,0.9031935930252075,0.6613322496414185
YPL214C,YPL095C,0,0.039256275,0.12037775665521622,0.9031935930252075,0.6614322662353516
YML015C,YMR289W,0,0.039124295,0.12036175280809402,0.9031935930252075,0.6615322828292847
YGL119W,YLR418C,0,0.038862213,0.12034574151039124,0.9031935930252075,0.6616322994232178
YER120W,YIL026C,0,0.038290054,0.12032974511384964,0.9031935930252075,0.6617323756217957
YDR424C,YDR421W,0,0.03820075,0.12031374871730804,0.9031935930252075,0.6618323922157288
YGR106C,YDR077W,0,0.038136587,0.12029775232076645,0.9031935930252075,0.6619324088096619
YKL089W,YLR038C,0,0.037671253,0.12028176337480545,0.9031935930252075,0.662032425403595
YLR364W,YOR075W,0,0.03748168,0.12026578187942505,0.9031935930252075,0.6621324419975281
YDR318W,YAL044C,0,0.03729348,0.12024980038404465,0.9031935930252075,0.6622324585914612
YMR228W,YMR321C,1,0.03728585,0.12036667764186859,0.9041916131973267,0.6622324585914612
YJR121W,YBR231C,0,0.037241563,0.12035068869590759,0.9041916131973267,0.6623324751853943
YGL173C,YMR307W,0,0.037177473,0.12033470720052719,0.9041916131973267,0.6624324917793274
YMR316W,YIL093C,0,0.03715788,0.12031872570514679,0.9041916131973267,0.6625325083732605
YOL018C,YER030W,0,0.036993757,0.12030275166034698,0.9041916131973267,0.6626325249671936
YOR308C,YDR288W,0,0.03657466,0.12028677761554718,0.9041916131973267,0.6627325415611267
YLR170C,YDR322W,0,0.03553158,0.12027081102132797,0.9041916131973267,0.6628325581550598
YPL148C,YPL154C,0,0.034786925,0.12025484442710876,0.9041916131973267,0.6629325747489929
YHR117W,YPR032W,0,0.034479067,0.12023888528347015,0.9041916131973267,0.663032591342926
YOL105C,YJL008C,0,0.034254864,0.12022293359041214,0.9041916131973267,0.6631326079368591
YER030W,YPL202C,0,0.033378497,0.12020698189735413,0.9041916131973267,0.6632326245307922
YAL023C,YLR439W,0,0.033191577,0.12019103020429611,0.9041916131973267,0.6633326411247253
YPR063C,YLR086W,0,0.032889485,0.1201750859618187,0.9041916131973267,0.6634326577186584
YDR239C,YLR318W,0,0.032614186,0.12015914916992188,0.9041916131973267,0.6635327339172363
YNL306W,YDL008W,0,0.032560945,0.12014321982860565,0.9041916131973267,0.6636327505111694
YDL033C,YKL183W,0,0.0323046,0.12012729048728943,0.9041916131973267,0.6637327671051025
YIL004C,YBL022C,0,0.032187194,0.1201113611459732,0.9041916131973267,0.6638327836990356
YDR410C,YDL033C,1,0.032128066,0.12022799253463745,0.9051896333694458,0.6638327836990356
YPL017C,YER175C,1,0.032073766,0.1203446015715599,0.9061876535415649,0.6638327836990356
YBR205W,YBL030C,0,0.031916976,0.12032864987850189,0.9061876535415649,0.6639328002929688
YGR241C,YDR069C,0,0.031849995,0.12031270563602448,0.9061876535415649,0.6640328168869019
YFL044C,YLR045C,0,0.031466946,0.12029676884412766,0.9061876535415649,0.664132833480835
YMR198W,YHR017W,0,0.03113468,0.12028083205223083,0.9061876535415649,0.6642328500747681
YHL040C,YJL090C,0,0.030983254,0.12026490271091461,0.9061876535415649,0.6643328666687012
YGR124W,YNL101W,0,0.03095512,0.12024897336959839,0.9061876535415649,0.6644328832626343
YOR066W,YDR044W,0,0.030942932,0.12023305147886276,0.9061876535415649,0.6645328998565674
YNL301C,YIL090W,0,0.030673489,0.12021712958812714,0.9061876535415649,0.6646329164505005
YOR373W,YOR374W,0,0.030633286,0.1202012151479721,0.9061876535415649,0.6647329330444336
YPL157W,YPR032W,0,0.029985964,0.12018530815839767,0.9061876535415649,0.6648329496383667
YOR116C,YLR265C,0,0.029739186,0.12016940116882324,0.9061876535415649,0.6649329662322998
YML085C,YEL061C,0,0.029423505,0.1201535016298294,0.9061876535415649,0.6650329828262329
YAL010C,YDR334W,0,0.02879116,0.12013760209083557,0.9061876535415649,0.665132999420166
YDR228C,YDR298C,0,0.028644845,0.12012171000242233,0.9061876535415649,0.6652330756187439
YML005W,YPL186C,0,0.028261095,0.1201058179140091,0.9061876535415649,0.665333092212677
YKR094C,YHR011W,0,0.028195515,0.12008993327617645,0.9061876535415649,0.6654331088066101
YPL091W,YDR046C,0,0.02818659,0.12007405608892441,0.9061876535415649,0.6655331254005432
YPL194W,YLR427W,0,0.028115645,0.12005817890167236,0.9061876535415649,0.6656331419944763
YOR373W,YIR036C,0,0.02773574,0.12004230916500092,0.9061876535415649,0.6657331585884094
YPR132W,YDR046C,0,0.027135283,0.12002643942832947,0.9061876535415649,0.6658331751823425
YFL041W,YDR118W,0,0.0270838,0.12001057714223862,0.9061876535415649,0.6659331917762756
YDL138W,YNL151C,0,0.026398435,0.11999471485614777,0.9061876535415649,0.6660332083702087
YDR379W,YLR427W,0,0.02528949,0.11997886002063751,0.9061876535415649,0.6661332249641418
YOL067C,YLR287C-A,0,0.024402753,0.11996300518512726,0.9061876535415649,0.666233241558075
YHR027C,YDR166C,0,0.024274573,0.1199471578001976,0.9061876535415649,0.6663332581520081
YOR182C,YJR060W,0,0.023992285,0.11993131786584854,0.9061876535415649,0.6664332747459412
YBR024W,YOR373W,0,0.02376701,0.11991547793149948,0.9061876535415649,0.6665332913398743
YGR054W,YBL055C,0,0.023326188,0.11989964544773102,0.9061876535415649,0.6666333079338074
YMR233W,YKL183W,0,0.023244634,0.11988381296396255,0.9061876535415649,0.6667333245277405
YGL211W,YML081C-A,0,0.023024648,0.11986798793077469,0.9061876535415649,0.6668333411216736
YAL021C,YLR433C,0,0.02280946,0.11985216289758682,0.9061876535415649,0.6669333577156067
YDR466W,YJL062W,0,0.02278988,0.11983634531497955,0.9061876535415649,0.6670334339141846
YIL051C,YOR036W,0,0.022199214,0.11982053518295288,0.9061876535415649,0.6671334505081177
YDR236C,YDR503C,0,0.022157252,0.11980472505092621,0.9061876535415649,0.6672334671020508
YPL148C,YGL173C,0,0.02214478,0.11978891491889954,0.9061876535415649,0.6673334836959839
YFL041W,YDR529C,0,0.021829963,0.11977311968803406,0.9061876535415649,0.667433500289917
YKR061W,YDL067C,0,0.021821573,0.11975731700658798,0.9061876535415649,0.6675335168838501
YOR155C,YDR069C,0,0.021690533,0.1197415292263031,0.9061876535415649,0.6676335334777832
YLR098C,YDL130W-A,0,0.021653965,0.11972574144601822,0.9061876535415649,0.6677335500717163
YPR186C,YPR192W,0,0.02134423,0.11970995366573334,0.9061876535415649,0.6678335666656494
YCR096C,YNL091W,0,0.020776257,0.11969417333602905,0.9061876535415649,0.6679335832595825
YJL158C,YOL077C,0,0.020355195,0.11967840045690536,0.9061876535415649,0.6680335998535156
YPL068C,YBR030W,0,0.020155132,0.11966262757778168,0.9061876535415649,0.6681336164474487
YBR159W,YOR076C,0,0.020054087,0.11964685469865799,0.9061876535415649,0.6682336330413818
YLR439W,YGR002C,0,0.019582555,0.1196310967206955,0.9061876535415649,0.6683336496353149
YDR532C,YOL138C,0,0.019501343,0.1196153312921524,0.9061876535415649,0.668433666229248
YGR047C,YHL016C,0,0.019279078,0.11959958076477051,0.9061876535415649,0.6685336828231812
YNL331C,YPR021C,0,0.019249305,0.11958383023738861,0.9061876535415649,0.6686336994171143
YML014W,YPL017C,1,0.018773124,0.11969976127147675,0.9071856141090393,0.6686336994171143
YDL195W,YNL289W,0,0.018537477,0.11968400329351425,0.9071856141090393,0.6687337756156921
YGR062C,YDR055W,0,0.018488154,0.11966824531555176,0.9071856141090393,0.6688337922096252
YHR031C,YER106W,0,0.018031165,0.11965249478816986,0.9071856141090393,0.6689338088035583
YMR016C,YLR010C,0,0.017652676,0.11963674426078796,0.9071856141090393,0.6690338253974915
YIL112W,YJL189W,0,0.017484143,0.11962100118398666,0.9071856141090393,0.6691338419914246
YGL168W,YGR086C,0,0.017467186,0.11960526555776596,0.9071856141090393,0.6692338585853577
YIL009C-A,YER044C,0,0.017432198,0.11958952993154526,0.9071856141090393,0.6693338751792908
YJR001W,YLR158C,0,0.01703398,0.11957379430532455,0.9071856141090393,0.6694338917732239
YEL058W,YMR045C,0,0.016691908,0.11955806612968445,0.9071856141090393,0.669533908367157
YIL101C,YMR204C,0,0.016565636,0.11954234540462494,0.9071856141090393,0.6696339249610901
YPL017C,YML074C,0,0.016281292,0.11952662467956543,0.9071856141090393,0.6697339415550232
YDR510W,YGL095C,0,0.016073614,0.11951091140508652,0.9071856141090393,0.6698339581489563
YKR062W,YJL106W,0,0.01550509,0.1194951981306076,0.9071856141090393,0.6699339747428894
YIL172C,YKL212W,0,0.0153764635,0.11947949230670929,0.9071856141090393,0.6700339913368225
YOL140W,YOR246C,0,0.015317574,0.11946379393339157,0.9071856141090393,0.6701340079307556
YDR501W,YIR009W,0,0.014955521,0.11944809556007385,0.9071856141090393,0.6702340245246887
YEL013W,YOR326W,0,0.014323354,0.11943239718675613,0.9071856141090393,0.6703340411186218
YGL206C,YLR010C,0,0.014180586,0.11941671371459961,0.9071856141090393,0.6704340577125549
YBR205W,YBR273C,0,0.013880357,0.11940102279186249,0.9071856141090393,0.6705341339111328
YPL174C,YNL268W,0,0.01333788,0.11938533931970596,0.9071856141090393,0.6706341505050659
YNR011C,YLR045C,0,0.01310204,0.11936966329813004,0.9071856141090393,0.670734167098999
YAL035W,YCR092C,0,0.0129329115,0.1193539947271347,0.9071856141090393,0.6708341836929321
YFL047W,YDR130C,0,0.012874797,0.11933831870555878,0.9071856141090393,0.6709342002868652
YJR104C,YLR032W,0,0.012729391,0.11932265758514404,0.9071856141090393,0.6710342168807983
YDL030W,YER106W,0,0.012279749,0.11930699646472931,0.9071856141090393,0.6711342334747314
YNL049C,YGL035C,0,0.011645749,0.11929133534431458,0.9071856141090393,0.6712342500686646
YDR069C,YMR071C,0,0.011558369,0.11927568912506104,0.9071856141090393,0.6713342666625977
YIL072W,YJL073W,0,0.011459023,0.1192600354552269,0.9071856141090393,0.6714342832565308
YMR223W,YHL016C,0,0.010657847,0.11924438923597336,0.9071856141090393,0.6715342998504639
YKL173W,YHR172W,0,0.01053305,0.11922875046730042,0.9071856141090393,0.671634316444397
YOL002C,YPL095C,0,0.010176912,0.11921311169862747,0.9071856141090393,0.6717343330383301
YNL128W,YHR036W,0,0.010076985,0.11919748038053513,0.9071856141090393,0.6718343496322632
YKL116C,YJL109C,0,0.009926155,0.11918185651302338,0.9071856141090393,0.6719343662261963
YPL059W,YDR088C,0,0.008763328,0.11916623264551163,0.9071856141090393,0.6720343828201294
YDR247W,YLR010C,0,0.008699834,0.11915060877799988,0.9071856141090393,0.6721343994140625
YNL046W,YNL158W,0,0.008448005,0.11913499236106873,0.9071856141090393,0.6722344756126404
YLR139C,YOL140W,0,0.0071157143,0.11911938339471817,0.9071856141090393,0.6723344922065735
YMR036C,YDL180W,0,0.006593883,0.11910377442836761,0.9071856141090393,0.6724345088005066
YML074C,YJR143C,0,0.006408207,0.11908817291259766,0.9071856141090393,0.6725345253944397
YHR143W,YOR043W,0,0.0063054413,0.1190725713968277,0.9071856141090393,0.6726345419883728
YKL088W,YHR129C,0,0.006291449,0.11905697733163834,0.9071856141090393,0.6727345585823059
YGR058W,YMR004W,0,0.005344674,0.11904138326644897,0.9071856141090393,0.672834575176239
YMR257C,YNL207W,0,0.005049132,0.11902579665184021,0.9071856141090393,0.6729345917701721
YNR008W,YOR265W,0,0.004961513,0.11901021003723145,0.9071856141090393,0.6730346083641052
YGL009C,YLR286C,0,0.004854515,0.11899463087320328,0.9071856141090393,0.6731346249580383
YIL109C,YLR106C,0,0.004420355,0.1189790591597557,0.9071856141090393,0.6732346415519714
YDL114W,YPR192W,0,0.0040920675,0.11896348744630814,0.9071856141090393,0.6733346581459045
YIL090W,YDR228C,0,0.0040479377,0.11894791573286057,0.9071856141090393,0.6734346747398376
YDR318W,YPR192W,0,0.0038671866,0.11893235892057419,0.9071856141090393,0.6735346913337708
YIL125W,YKR104W,0,0.0036238134,0.11891679465770721,0.9071856141090393,0.6736347079277039
YIR012W,YDR362C,0,0.0031983107,0.11890124529600143,0.9071856141090393,0.673734724521637
YDR425W,YOR389W,0,0.0031733215,0.11888568848371506,0.9071856141090393,0.6738347411155701
YLR396C,YLR450W,0,0.0031566694,0.11887014657258987,0.9071856141090393,0.6739347577095032
YPL121C,YDR177W,0,0.0030573457,0.11885460466146469,0.9071856141090393,0.674034833908081
YLR170C,YOR246C,0,0.0027714819,0.11883906275033951,0.9071856141090393,0.6741348505020142
YKR090W,YHL036W,0,0.0019215718,0.11882352828979492,0.9071856141090393,0.6742348670959473
YKL195W,YDR088C,0,0.0011545196,0.11880800127983093,0.9071856141090393,0.6743348836898804
YLR192C,YOR389W,0,0.0010771006,0.11879247426986694,0.9071856141090393,0.6744349002838135
YPR156C,YGL178W,0,0.0010420978,0.11877694725990295,0.9071856141090393,0.6745349168777466
YDR356W,YER131W,0,0.00080384314,0.11876143515110016,0.9071856141090393,0.6746349334716797
YJL170C,YDL108W,0,-0.00010320544,0.11874591559171677,0.9071856141090393,0.6747349500656128
YMR311C,YNR041C,0,-0.0005919859,0.11873041093349457,0.9071856141090393,0.6748349666595459
YDR532C,YOR067C,0,-0.00094889104,0.11871489882469177,0.9071856141090393,0.674934983253479
YIL078W,YEL015W,0,-0.0011234432,0.11869940161705017,0.9071856141090393,0.6750349998474121
YGL136C,YDR239C,0,-0.0012023449,0.11868390440940857,0.9071856141090393,0.6751350164413452
YLR385C,YDR390C,0,-0.001519978,0.11866840720176697,0.9071856141090393,0.6752350330352783
YDR466W,YIR006C,0,-0.0016234592,0.11865291744470596,0.9071856141090393,0.6753350496292114
YHR067W,YJL102W,0,-0.0018612146,0.11863743513822556,0.9071856141090393,0.6754350662231445
YPL089C,YMR051C,0,-0.0027892143,0.11862195283174515,0.9071856141090393,0.6755350828170776
YOR181W,YKR030W,0,-0.0028638616,0.11860647052526474,0.9071856141090393,0.6756350994110107
YML037C,YDR130C,0,-0.0028880686,0.11859099566936493,0.9071856141090393,0.6757351756095886
YDR466W,YDR055W,0,-0.0030236617,0.11857552826404572,0.9071856141090393,0.6758351922035217
YMR100W,YNR011C,0,-0.0030730888,0.1185600608587265,0.9071856141090393,0.6759352087974548
YMR247C,YPL153C,0,-0.0031328201,0.11854460090398788,0.9071856141090393,0.6760352253913879
YBR048W,YPL074W,0,-0.0037434995,0.11852914094924927,0.9071856141090393,0.676135241985321
YMR228W,YBR176W,1,-0.0040905923,0.11864406615495682,0.9081836342811584,0.676135241985321
YOR257W,YHL036W,0,-0.004919648,0.1186285987496376,0.9081836342811584,0.6762352585792542
YLR237W,YDR402C,0,-0.005003847,0.11861313879489899,0.9081836342811584,0.6763352751731873
YNL311C,YKL164C,0,-0.0050152093,0.11859767884016037,0.9081836342811584,0.6764352917671204
YPL194W,YOR066W,0,-0.0053454638,0.11858222633600235,0.9081836342811584,0.6765353083610535
YEL016C,YLR318W,0,-0.00534714,0.11856677383184433,0.9081836342811584,0.6766353249549866
YCL075W,YLR446W,0,-0.0054431707,0.1185513287782669,0.9081836342811584,0.6767353415489197
YPL226W,YMR163C,0,-0.0063706413,0.11853588372468948,0.9081836342811584,0.6768353581428528
YBR264C,YIL160C,0,-0.0066561997,0.11852044612169266,0.9081836342811584,0.6769353747367859
YHR031C,YDL095W,0,-0.006712228,0.11850501596927643,0.9081836342811584,0.677035391330719
YFR008W,YBR035C,0,-0.0068754554,0.1184895858168602,0.9081836342811584,0.6771354079246521
YFR032C-A,YGL040C,0,-0.0077183098,0.11847415566444397,0.9081836342811584,0.6772354245185852
YGR029W,YJL102W,0,-0.008357838,0.11845873296260834,0.9081836342811584,0.6773354411125183
YGR035C,YHR013C,0,-0.008628897,0.1184433177113533,0.9081836342811584,0.6774354577064514
YML113W,YAL043C,0,-0.008759305,0.11842790246009827,0.9081836342811584,0.6775355339050293
YMR281W,YDL180W,0,-0.008785322,0.11841249465942383,0.9081836342811584,0.6776355504989624
YDL210W,YNR011C,0,-0.008960061,0.11839708685874939,0.9081836342811584,0.6777355670928955
YBR058C,YJR126C,0,-0.00899668,0.11838168650865555,0.9081836342811584,0.6778355836868286
YHR167W,YOR242C,0,-0.009141967,0.1183662861585617,0.9081836342811584,0.6779356002807617
YDL190C,YLR109W,0,-0.010300621,0.11835089325904846,0.9081836342811584,0.6780356168746948
YPL208W,YLL062C,1,-0.010860853,0.11846554279327393,0.9091816544532776,0.6780356168746948
YKL154W,YDL067C,0,-0.011075519,0.11845013499259949,0.9091816544532776,0.6781356334686279
YLR283W,YLR327C,0,-0.011392884,0.11843473464250565,0.9091816544532776,0.678235650062561
YAL053W,YOL133W,0,-0.011501849,0.1184193417429924,0.9091816544532776,0.6783356666564941
YBR040W,YGR218W,0,-0.012068823,0.11840394884347916,0.9091816544532776,0.6784356832504272
YJR097W,YML115C,0,-0.012202024,0.11838856339454651,0.9091816544532776,0.6785356998443604
YMR282C,YIL084C,0,-0.01225128,0.11837317794561386,0.9091816544532776,0.6786357164382935
YAL010C,YAL008W,0,-0.012262717,0.11835779994726181,0.9091816544532776,0.6787357330322266
YJL198W,YKL183W,0,-0.012299538,0.11834242939949036,0.9091816544532776,0.6788357496261597
YKL109W,YJR058C,0,-0.012345746,0.1183270588517189,0.9091816544532776,0.6789357662200928
YPL103C,YJR135W-A,0,-0.012417324,0.11831168830394745,0.9091816544532776,0.6790357828140259
YDL192W,YMR285C,0,-0.012771726,0.11829632520675659,0.9091816544532776,0.679135799407959
YLR459W,YGL206C,0,-0.013446957,0.11828096956014633,0.9091816544532776,0.6792358756065369
YGR101W,YKR009C,0,-0.013710871,0.11826561391353607,0.9091816544532776,0.67933589220047
YPR122W,YDL184C,0,-0.013813227,0.11825025826692581,0.9091816544532776,0.6794359087944031
YJR134C,YLR357W,0,-0.013843946,0.11823491007089615,0.9091816544532776,0.6795359253883362
YDR050C,YCL069W,0,-0.014243603,0.11821956932544708,0.9091816544532776,0.6796359419822693
YDR376W,YPL092W,0,-0.014272444,0.11820422857999802,0.9091816544532776,0.6797359585762024
YEL061C,YDL082W,0,-0.014407486,0.11818889528512955,0.9091816544532776,0.6798359751701355
YGR218W,YGR061C,0,-0.014433399,0.11817356199026108,0.9091816544532776,0.6799359917640686
YOR391C,YPL068C,0,-0.014763445,0.1181582361459732,0.9091816544532776,0.6800360083580017
YER082C,YIL112W,0,-0.015161239,0.11814291030168533,0.9091816544532776,0.6801360249519348
YHL016C,YPL092W,0,-0.01528313,0.11812759190797806,0.9091816544532776,0.6802360415458679
YER087C-A,YER068W,0,-0.0153250545,0.11811228096485138,0.9091816544532776,0.680336058139801
YLR045C,YDR320C,0,-0.015587926,0.1180969700217247,0.9091816544532776,0.6804360747337341
YPL028W,YDR380W,0,-0.016269416,0.11808165907859802,0.9091816544532776,0.6805360913276672
YPR036W,YLR120C,0,-0.01627469,0.11806635558605194,0.9091816544532776,0.6806361079216003
YMR281W,YER007W,0,-0.018170282,0.11805105954408646,0.9091816544532776,0.6807361245155334
YPL143W,YOR211C,0,-0.018339455,0.11803576350212097,0.9091816544532776,0.6808361411094666
YLR038C,YDL008W,0,-0.018953145,0.11802046746015549,0.9091816544532776,0.6809361577033997
YOR269W,YLR265C,0,-0.019075625,0.1180051788687706,0.9091816544532776,0.6810362339019775
YJL108C,YNL101W,0,-0.019120261,0.11798989772796631,0.9091816544532776,0.6811362504959106
YHR207C,YOR306C,0,-0.019298732,0.11797461658716202,0.9091816544532776,0.6812362670898438
YHR021C,YOR174W,0,-0.01936894,0.11795934289693832,0.9091816544532776,0.6813362836837769
YDL075W,YBL010C,0,-0.019525275,0.11794406920671463,0.9091816544532776,0.68143630027771
YIL138C,YOL157C,0,-0.019684374,0.11792880296707153,0.9091816544532776,0.6815363168716431
YIL126W,YNL096C,0,-0.02052354,0.11791353672742844,0.9091816544532776,0.6816363334655762
YER027C,YIL126W,0,-0.020622239,0.11789827793836594,0.9091816544532776,0.6817363500595093
YOR075W,YLR467W,0,-0.021043986,0.11788301914930344,0.9091816544532776,0.6818363666534424
YDL195W,YER020W,0,-0.021202892,0.11786776781082153,0.9091816544532776,0.6819363832473755
YCR037C,YDR169C,0,-0.021216676,0.11785252392292023,0.9091816544532776,0.6820363998413086
YJL056C,YMR071C,0,-0.021586612,0.11783728003501892,0.9091816544532776,0.6821364164352417
YOR037W,YGL035C,0,-0.021693543,0.11782203614711761,0.9091816544532776,0.6822364330291748
YDL195W,YDL146W,0,-0.021777391,0.1178067997097969,0.9091816544532776,0.6823364496231079
YNL291C,YPR166C,0,-0.021797545,0.1177915707230568,0.9091816544532776,0.682436466217041
YLR439W,YDL109C,0,-0.022055157,0.11777634173631668,0.9091816544532776,0.6825364828109741
YJL065C,YKL109W,0,-0.022781387,0.11776112020015717,0.9091816544532776,0.6826364994049072
YHL024W,YDL185W,0,-0.023558408,0.11774589866399765,0.9091816544532776,0.6827365756034851
YOL138C,YHR184W,0,-0.024091482,0.11773067712783813,0.9091816544532776,0.6828365921974182
YDL204W,YPL026C,0,-0.0241407,0.11771547049283981,0.9091816544532776,0.6829366087913513
YOR257W,YFR005C,0,-0.024661377,0.1177002564072609,0.9091816544532776,0.6830366253852844
YOR326W,YML115C,0,-0.024810791,0.11768505722284317,0.9091816544532776,0.6831366419792175
YFR037C,YHR070W,0,-0.02481988,0.11766985058784485,0.9091816544532776,0.6832366585731506
YOR075W,YGL155W,0,-0.02493468,0.11765465885400772,0.9091816544532776,0.6833366751670837
YGR223C,YLR467W,0,-0.025528654,0.11763945966959,0.9091816544532776,0.6834366917610168
YLL038C,YGL155W,0,-0.025529578,0.11762427538633347,0.9091816544532776,0.68353670835495
YPL269W,YLR286C,0,-0.025827788,0.11760909110307693,0.9091816544532776,0.6836367249488831
YML116W,YJL156C,0,-0.026178293,0.1175939068198204,0.9091816544532776,0.6837367415428162
YMR171C,YCR075C,0,-0.026751861,0.11757872998714447,0.9091816544532776,0.6838367581367493
YDR279W,YOL007C,0,-0.026854672,0.11756355315446854,0.9091816544532776,0.6839367747306824
YLR008C,YBR033W,0,-0.027116515,0.1175483837723732,0.9091816544532776,0.6840367913246155
YBR240C,YBR055C,0,-0.028289825,0.11753322184085846,0.9091816544532776,0.6841368079185486
YFL036W,YLR414C,0,-0.028335378,0.11751805990934372,0.9091816544532776,0.6842368245124817
YLR127C,YPL092W,0,-0.02837418,0.11750290542840958,0.9091816544532776,0.6843368411064148
YDL069C,YBR198C,0,-0.028539546,0.11748775094747543,0.9091816544532776,0.6844368577003479
YOR150W,YCR037C,0,-0.028617144,0.11747259646654129,0.9091816544532776,0.6845369338989258
YER068W,YLR109W,0,-0.028646082,0.11745744943618774,0.9091816544532776,0.6846369504928589
YDL069C,YDL033C,0,-0.028771192,0.1174423098564148,0.9091816544532776,0.684736967086792
YJL165C,YPL048W,0,-0.02965951,0.11742717027664185,0.9091816544532776,0.6848369836807251
YIR006C,YGR295C,0,-0.029787391,0.1174120381474495,0.9091816544532776,0.6849370002746582
YGL253W,YKR037C,0,-0.030556485,0.11739690601825714,0.9091816544532776,0.6850370168685913
YBL075C,YLR097C,0,-0.03068275,0.11738178133964539,0.9091816544532776,0.6851370334625244
YBR240C,YLR214W,0,-0.03086131,0.11736665666103363,0.9091816544532776,0.6852370500564575
YDL069C,YDR236C,0,-0.030952558,0.11735153943300247,0.9091816544532776,0.6853370666503906
YPL074W,YNL212W,0,-0.03105013,0.11733642220497131,0.9091816544532776,0.6854370832443237
YDR248C,YHR147C,0,-0.031764403,0.11732131242752075,0.9091816544532776,0.6855370998382568
YLL001W,YKR048C,0,-0.0319587,0.11730621010065079,0.9091816544532776,0.6856371164321899
YDR318W,YER153C,0,-0.032058835,0.11729110032320023,0.9091816544532776,0.685737133026123
YAL034W-A,YDL075W,0,-0.03224048,0.11727600544691086,0.9091816544532776,0.6858371496200562
YCR077C,YFR007W,0,-0.033018798,0.11726091057062149,0.9091816544532776,0.6859371662139893
YOR278W,YER061C,0,-0.033196516,0.11724581569433212,0.9091816544532776,0.6860371828079224
YBR082C,YPL159C,0,-0.033814825,0.11723072826862335,0.9091816544532776,0.6861371994018555
YPR036W,YJR058C,0,-0.033975586,0.11721564829349518,0.9091816544532776,0.6862372756004333
YMR316W,YIR009W,0,-0.034252003,0.117200568318367,0.9091816544532776,0.6863372921943665
YHL047C,YPL258C,0,-0.034795947,0.11718548834323883,0.9091816544532776,0.6864373087882996
YDR018C,YDR118W,0,-0.035018772,0.11717041581869125,0.9091816544532776,0.6865373253822327
YDR356W,YDR169C,0,-0.035527512,0.11715535074472427,0.9091816544532776,0.6866373419761658
YMR070W,YDL095W,0,-0.035642266,0.1171402856707573,0.9091816544532776,0.6867373585700989
YLR283W,YDR402C,0,-0.035649076,0.11712522804737091,0.9091816544532776,0.686837375164032
YPL174C,YMR285C,0,-0.035745367,0.11711017042398453,0.9091816544532776,0.6869373917579651
YDL067C,YML081C-A,0,-0.03583072,0.11709511280059814,0.9091816544532776,0.6870374083518982
YLR373C,YPR178W,0,-0.03637386,0.11708007007837296,0.9091816544532776,0.6871374249458313
YNL146W,YHR129C,0,-0.036687568,0.11706501990556717,0.9091816544532776,0.6872374415397644
YHR161C,YJR029W,0,-0.03697268,0.11704997718334198,0.9091816544532776,0.6873374581336975
YGL035C,YGR076C,0,-0.037265316,0.11703494191169739,0.9091816544532776,0.6874374747276306
YHR161C,YPR192W,0,-0.037826404,0.1170199066400528,0.9091816544532776,0.6875374913215637
YAR007C,YGR062C,0,-0.038217008,0.1170048788189888,0.9091816544532776,0.6876375079154968
YPL138C,YHR119W,1,-0.038217917,0.11711827665567398,0.910179615020752,0.6876375079154968
YBR097W,YFL041W,0,-0.038736872,0.11710323393344879,0.910179615020752,0.6877375245094299
YDR456W,YMR311C,0,-0.038772702,0.1170881986618042,0.910179615020752,0.687837541103363
YNL049C,YIL009C-A,0,-0.038894966,0.1170731708407402,0.910179615020752,0.6879376173019409
YGL191W,YMR224C,0,-0.039058894,0.11705814301967621,0.910179615020752,0.688037633895874
YIL109C,YGR184C,0,-0.039359346,0.11704312264919281,0.910179615020752,0.6881376504898071
YLR418C,YML081C-A,0,-0.039503194,0.11702810227870941,0.910179615020752,0.6882376670837402
YHL024W,YKL195W,0,-0.03956008,0.11701308935880661,0.910179615020752,0.6883376836776733
YJL143W,YNR061C,0,-0.039853618,0.11699807643890381,0.910179615020752,0.6884377002716064
YAL041W,YBR035C,0,-0.040017173,0.1169830709695816,0.910179615020752,0.6885377168655396
YDL067C,YBR035C,0,-0.040100455,0.1169680655002594,0.910179615020752,0.6886377334594727
YMR297W,YBL021C,0,-0.041188516,0.11695306748151779,0.910179615020752,0.6887377500534058
YBR033W,YAL021C,0,-0.041381836,0.11693806946277618,0.910179615020752,0.6888377666473389
YKL059C,YLL035W,0,-0.041798696,0.11692307889461517,0.910179615020752,0.688937783241272
YPL106C,YNL289W,0,-0.042751364,0.11690808832645416,0.910179615020752,0.6890377998352051
YKL155C,YGL136C,1,-0.042862147,0.11702127754688263,0.9111776351928711,0.6890377998352051
YPR108W,YKL017C,0,-0.043283865,0.11700627952814102,0.9111776351928711,0.6891378164291382
YBL106C,YPL017C,0,-0.043507054,0.11699128895998001,0.9111776351928711,0.6892378330230713
YOR155C,YML091C,0,-0.04402706,0.116976298391819,0.9111776351928711,0.6893378496170044
YDR326C,YGR075C,0,-0.04518775,0.11696131527423859,0.9111776351928711,0.6894378662109375
YIL172C,YIL084C,0,-0.04663606,0.11694633215665817,0.9111776351928711,0.6895378828048706
YKL034W,YDR362C,0,-0.04663779,0.11693134903907776,0.9111776351928711,0.6896378993988037
YKR090W,YGR241C,0,-0.04702556,0.11691638082265854,0.9111776351928711,0.6897379755973816
YML070W,YAL012W,0,-0.04843945,0.11690140515565872,0.9111776351928711,0.6898379921913147
YBR237W,YNL136W,0,-0.04851245,0.1168864443898201,0.9111776351928711,0.6899380087852478
YBR205W,YBR009C,0,-0.048629627,0.11687147617340088,0.9111776351928711,0.6900380253791809
YDR126W,YDR055W,0,-0.048798062,0.11685652285814285,0.9111776351928711,0.690138041973114
YMR139W,YPR166C,0,-0.048824385,0.11684156954288483,0.9111776351928711,0.6902380585670471
YML063W,YKL116C,0,-0.04893984,0.1168266162276268,0.9111776351928711,0.6903380751609802
YOR143C,YLR381W,0,-0.049104318,0.11681167036294937,0.9111776351928711,0.6904380917549133
YJL062W-A,YHL036W,0,-0.049121574,0.11679672449827194,0.9111776351928711,0.6905381083488464
YDL108W,YNL191W,0,-0.04927426,0.11678178608417511,0.9111776351928711,0.6906381249427795
YNR040W,YMR311C,0,-0.049387023,0.11676684767007828,0.9111776351928711,0.6907381415367126
YHL044W,YDR326C,0,-0.049442194,0.11675191670656204,0.9111776351928711,0.6908381581306458
YGL035C,YNR020C,0,-0.049492404,0.1167369931936264,0.9111776351928711,0.6909381747245789
YDL190C,YKL010C,0,-0.049712792,0.11672206968069077,0.9111776351928711,0.691038191318512
YJL073W,YAL062W,0,-0.049762934,0.11670714616775513,0.9111776351928711,0.6911382079124451
YDL210W,YBR198C,0,-0.050407566,0.11669223010540009,0.9111776351928711,0.6912382245063782
YMR004W,YMR037C,0,-0.050623,0.11667731404304504,0.9111776351928711,0.6913382411003113
YAR003W,YDR410C,1,-0.05097554,0.11679018288850784,0.9121756553649902,0.6913382411003113
YCR096C,YLR172C,0,-0.05100526,0.1167752668261528,0.9121756553649902,0.6914383172988892
YMR016C,YOR257W,0,-0.051316336,0.11676035076379776,0.9121756553649902,0.6915383338928223
YEL013W,YDR134C,0,-0.051607713,0.11674543470144272,0.9121756553649902,0.6916383504867554
YLL013C,YDL138W,0,-0.05217479,0.11673052608966827,0.9121756553649902,0.6917383670806885
YLR170C,YGL059W,0,-0.052271537,0.11671561747789383,0.9121756553649902,0.6918383836746216
YJR045C,YLR438C-A,0,-0.05232179,0.11670071631669998,0.9121756553649902,0.6919384002685547
YDR425W,YLR446W,0,-0.052592687,0.11668581515550613,0.9121756553649902,0.6920384168624878
YFL036W,YOR120W,0,-0.052792706,0.11667092144489288,0.9121756553649902,0.6921384334564209
YDR486C,YML087C,0,-0.05285947,0.11665602773427963,0.9121756553649902,0.692238450050354
YGL173C,YDR440W,0,-0.052921683,0.11664114147424698,0.9121756553649902,0.6923384666442871
YPL138C,YER175C,1,-0.053083107,0.11675386130809784,0.9131736755371094,0.6923384666442871
YER068W,YIL084C,0,-0.053292796,0.11673896759748459,0.9131736755371094,0.6924384832382202
YDR329C,YIL074C,0,-0.05344399,0.11672407388687134,0.9131736755371094,0.6925384998321533
YDL195W,YDL108W,0,-0.053620193,0.11670918017625809,0.9131736755371094,0.6926385164260864
YDL190C,YKR009C,0,-0.053634025,0.11669430136680603,0.9131736755371094,0.6927385330200195
YKL140W,YJL052W,0,-0.05384404,0.11667941510677338,0.9131736755371094,0.6928385496139526
YFL036W,YCL050C,0,-0.05386849,0.11666454374790192,0.9131736755371094,0.6929385662078857
YMR247C,YOR070C,0,-0.053868935,0.11664966493844986,0.9131736755371094,0.6930385828018188
YHR206W,YMR314W,0,-0.054329082,0.116634801030159,0.9131736755371094,0.693138599395752
YPR098C,YIR009W,0,-0.054389175,0.11661993712186813,0.9131736755371094,0.6932386755943298
YMR045C,YKL116C,0,-0.05505053,0.11660507321357727,0.9131736755371094,0.6933386921882629
YER068W,YER174C,0,-0.055438757,0.116590216755867,0.9131736755371094,0.693438708782196
YJL044C,YOR217W,0,-0.05633363,0.11657536029815674,0.9131736755371094,0.6935387253761292
YLR032W,YNL212W,0,-0.056420177,0.11656051129102707,0.9131736755371094,0.6936387419700623
YOR037W,YOL007C,0,-0.056568623,0.1165456622838974,0.9131736755371094,0.6937387585639954
YDR128W,YPL092W,0,-0.056623682,0.11653082072734833,0.9131736755371094,0.6938387751579285
YHR153C,YLR121C,0,-0.057265222,0.11651597917079926,0.9131736755371094,0.6939387917518616
YGL210W,YHR013C,0,-0.05728601,0.11650114506483078,0.9131736755371094,0.6940388083457947
YDL127W,YHR117W,0,-0.0576158,0.1164863109588623,0.9131736755371094,0.6941388249397278
YJL156C,YJL008C,0,-0.058356687,0.11647148430347443,0.9131736755371094,0.6942388415336609
YDL007W,YGR241C,0,-0.05838695,0.11645666509866714,0.9131736755371094,0.694338858127594
YLR448W,YER164W,0,-0.059415802,0.11644184589385986,0.9131736755371094,0.6944388747215271
YLR370C,YJR065C,0,-0.059465423,0.11642702668905258,0.9131736755371094,0.6945388913154602
YNL210W,YOR244W,0,-0.05967485,0.1164122149348259,0.9131736755371094,0.6946389079093933
YBR133C,YDR408C,1,-0.05975046,0.11652461439371109,0.9141716361045837,0.6946389079093933
YLR096W,YBL060W,0,-0.060215697,0.11650979518890381,0.9141716361045837,0.6947389245033264
YBR022W,YDR334W,0,-0.060403064,0.11649497598409653,0.9141716361045837,0.6948389410972595
YMR221C,YER180C,0,-0.061599642,0.11648016422986984,0.9141716361045837,0.6949390172958374
YML015C,YDL184C,0,-0.06165705,0.11646535247564316,0.9141716361045837,0.6950390338897705
YHR147C,YDR507C,0,-0.061779816,0.11645054817199707,0.9141716361045837,0.6951390504837036
YGR159C,YGR279C,0,-0.06183791,0.11643574386835098,0.9141716361045837,0.6952390670776367
YMR287C,YGR286C,0,-0.06202731,0.11642094701528549,0.9141716361045837,0.6953390836715698
YGL211W,YHR023W,0,-0.06240794,0.11640615016222,0.9141716361045837,0.6954391002655029
YML054C,YPL059W,0,-0.06282149,0.11639136075973511,0.9141716361045837,0.695539116859436
YOL133W,YCR092C,0,-0.063619435,0.11637657135725021,0.9141716361045837,0.6956391334533691
YLR283W,YOL019W,0,-0.06368837,0.11636178940534592,0.9141716361045837,0.6957391500473022
YNR045W,YDR031W,0,-0.063708946,0.11634700745344162,0.9141716361045837,0.6958391666412354
YLR373C,YNR070W,0,-0.06383385,0.11633223295211792,0.9141716361045837,0.6959391832351685
YEL065W,YGR071C,0,-0.06400807,0.11631745845079422,0.9141716361045837,0.6960391998291016
YIR014W,YDR376W,0,-0.064202555,0.11630269140005112,0.9141716361045837,0.6961392164230347
YAR019C,YDR421W,0,-0.06424229,0.11628792434930801,0.9141716361045837,0.6962392330169678
YER029C,YGL003C,0,-0.06439628,0.11627316474914551,0.9141716361045837,0.6963392496109009
YDR288W,YHR129C,0,-0.064452395,0.116258405148983,0.9141716361045837,0.696439266204834
YOL007C,YGR218W,0,-0.06454706,0.11624365299940109,0.9141716361045837,0.6965392827987671
YKL089W,YDL127W,0,-0.06493686,0.11622890830039978,0.9141716361045837,0.6966392993927002
YOR174W,YOL157C,0,-0.06505908,0.11621415615081787,0.9141716361045837,0.6967393755912781
YIR006C,YIL155C,0,-0.06523129,0.11619941890239716,0.9141716361045837,0.6968393921852112
YJL219W,YGL161C,0,-0.065483585,0.11618467420339584,0.9141716361045837,0.6969394087791443
YJL106W,YOR150W,0,-0.06572874,0.11616994440555573,0.9141716361045837,0.6970394253730774
YNL330C,YOR228C,0,-0.0658222,0.1161552146077156,0.9141716361045837,0.6971394419670105
YGR071C,YDR054C,0,-0.06598957,0.11614048480987549,0.9141716361045837,0.6972394585609436
YMR264W,YIL138C,0,-0.06638696,0.11612576246261597,0.9141716361045837,0.6973394751548767
YMR282C,YMR314W,0,-0.06644128,0.11611104011535645,0.9141716361045837,0.6974394917488098
YHR044C,YMR311C,0,-0.06700055,0.11609632521867752,0.9141716361045837,0.6975395083427429
YML015C,YCL075W,0,-0.067650944,0.1160816103219986,0.9141716361045837,0.697639524936676
YGL249W,YOR070C,0,-0.06768207,0.11606690287590027,0.9141716361045837,0.6977395415306091
YHL008C,YPL143W,0,-0.067728564,0.11605219542980194,0.9141716361045837,0.6978395581245422
YKR090W,YEL015W,0,-0.067925505,0.11603749543428421,0.9141716361045837,0.6979395747184753
YDR071C,YNL301C,0,-0.06874977,0.11602280288934708,0.9141716361045837,0.6980395913124084
YOR182C,YMR071C,0,-0.069003224,0.11600810289382935,0.9141716361045837,0.6981396079063416
YGR159C,YML081C-A,0,-0.06933783,0.11599341779947281,0.9141716361045837,0.6982396245002747
YGL253W,YOL007C,0,-0.06956945,0.11597872525453568,0.9141716361045837,0.6983396410942078
YBR245C,YLL001W,0,-0.069716096,0.11596404761075974,0.9141716361045837,0.6984397172927856
YJL125C,YJR089W,0,-0.06988167,0.1159493699669838,0.9141716361045837,0.6985397338867188
YER161C,YBR040W,0,-0.06990822,0.11593469232320786,0.9141716361045837,0.6986397504806519
YJR160C,YJR058C,0,-0.07004472,0.11592002213001251,0.9141716361045837,0.698739767074585
YNL063W,YPL017C,1,-0.07014305,0.11603188514709473,0.9151696562767029,0.698739767074585
YML129C,YBL074C,0,-0.07080293,0.11601720750331879,0.9151696562767029,0.6988397836685181
YBL020W,YDR130C,0,-0.07105169,0.11600252985954285,0.9151696562767029,0.6989398002624512
YBR286W,YCR077C,0,-0.07113619,0.1159878596663475,0.9151696562767029,0.6990398168563843
YBL013W,YPL030W,1,-0.071532175,0.11609965562820435,0.916167676448822,0.6990398168563843
YNL213C,YPL155C,0,-0.07303043,0.1160849779844284,0.916167676448822,0.6991398334503174
YDL075W,YGR106C,0,-0.07318478,0.11607030034065247,0.916167676448822,0.6992398500442505
YJR076C,YMR285C,0,-0.073727526,0.11605562269687653,0.916167676448822,0.6993398666381836
YBL103C,YDR011W,0,-0.073866636,0.11604095250368118,0.916167676448822,0.6994398832321167
YFR032C-A,YHR129C,0,-0.07404745,0.11602628976106644,0.916167676448822,0.6995398998260498
YMR287C,YDL108W,0,-0.07426343,0.11601162701845169,0.916167676448822,0.6996399164199829
YER045C,YML088W,0,-0.07491799,0.11599696427583694,0.916167676448822,0.699739933013916
YER114C,YIL039W,0,-0.07502311,0.1159823089838028,0.916167676448822,0.6998399496078491
YGR104C,YOR014W,0,-0.07508338,0.11596766114234924,0.916167676448822,0.6999399662017822
YGL090W,YPL174C,0,-0.07562344,0.11595301330089569,0.916167676448822,0.7000399827957153
YDR363W-A,YPL204W,0,-0.07570484,0.11593836545944214,0.916167676448822,0.7001399993896484
YGL251C,YER153C,0,-0.07602118,0.11592372506856918,0.916167676448822,0.7002400755882263
YDR523C,YGR158C,0,-0.07729395,0.11590909212827682,0.916167676448822,0.7003400921821594
YGR026W,YDR501W,0,-0.077871576,0.11589445918798447,0.916167676448822,0.7004401087760925
YOR381W,YOR066W,0,-0.07826886,0.11587982624769211,0.916167676448822,0.7005401253700256
YIL027C,YHR017W,0,-0.078275904,0.11586520075798035,0.916167676448822,0.7006401419639587
YCR092C,YPL160W,0,-0.0783446,0.11585058271884918,0.916167676448822,0.7007401585578918
YLR459W,YPR186C,0,-0.07847355,0.11583596467971802,0.916167676448822,0.700840175151825
YER174C,YEL065W,0,-0.07857905,0.11582134664058685,0.916167676448822,0.7009401917457581
YPL138C,YDL014W,1,-0.07872388,0.1159328892827034,0.9171656966209412,0.7009401917457581
YDR329C,YIL136W,0,-0.079482734,0.11591826379299164,0.9171656966209412,0.7010402083396912
YHR109W,YGR157W,1,-0.07958828,0.1160297617316246,0.9181636571884155,0.7010402083396912
YLR139C,YLR265C,0,-0.07959263,0.11601512879133224,0.9181636571884155,0.7011402249336243
YIL171W,YPR054W,0,-0.07972352,0.11600050330162048,0.9181636571884155,0.7012402415275574
YCL063W,YDL030W,0,-0.07997567,0.11598587781190872,0.9181636571884155,0.7013402581214905
YMR043W,YDR421W,0,-0.08021103,0.11597125977277756,0.9181636571884155,0.7014402747154236
YHR116W,YJR010C-A,0,-0.08023824,0.11595664173364639,0.9181636571884155,0.7015402913093567
YJR104C,YDL144C,0,-0.080259725,0.11594203114509583,0.9181636571884155,0.7016403079032898
YKL178C,YDR376W,0,-0.080296874,0.11592742055654526,0.9181636571884155,0.7017403244972229
YHR206W,YGR014W,0,-0.08036537,0.11591280996799469,0.9181636571884155,0.701840341091156
YOR278W,YMR198W,0,-0.08047335,0.11589821428060532,0.9181636571884155,0.7019404172897339
YER086W,YDR483W,0,-0.080562964,0.11588361114263535,0.9181636571884155,0.702040433883667
YJR158W,YBR058C-A,0,-0.08087759,0.11586901545524597,0.9181636571884155,0.7021404504776001
YAL053W,YNL301C,0,-0.081052065,0.1158544272184372,0.9181636571884155,0.7022404670715332
YDR440W,YHR207C,1,-0.081242114,0.11596575379371643,0.9191616773605347,0.7022404670715332
YDL231C,YDL101C,0,-0.08136538,0.11595115065574646,0.9191616773605347,0.7023404836654663
YDR140W,YGL136C,1,-0.08141732,0.11606243997812271,0.9201596975326538,0.7023404836654663
YBL103C,YHR105W,0,-0.08147259,0.11604782938957214,0.9201596975326538,0.7024405002593994
YDR096W,YJR135W-A,0,-0.08164169,0.11603322625160217,0.9201596975326538,0.7025405168533325
YER056C-A,YDR283C,0,-0.08194518,0.1160186231136322,0.9201596975326538,0.7026405334472656
YPL091W,YKR062W,0,-0.08206588,0.11600402742624283,0.9201596975326538,0.7027405500411987
YDL229W,YMR037C,0,-0.0831168,0.11598943173885345,0.9201596975326538,0.7028405666351318
YGL185C,YPL038W,0,-0.083499596,0.11597484350204468,0.9201596975326538,0.7029405832290649
YLR040C,YOR043W,0,-0.08374421,0.1159602552652359,0.9201596975326538,0.703040599822998
YKL056C,YML081C-A,0,-0.084285334,0.11594567447900772,0.9201596975326538,0.7031406164169312
YOL117W,YLR176C,0,-0.084436454,0.11593109369277954,0.9201596975326538,0.7032406330108643
YHR215W,YPL269W,0,-0.08447037,0.11591652035713196,0.9201596975326538,0.7033406496047974
YGL229C,YDL095W,0,-0.08464573,0.11590194702148438,0.9201596975326538,0.7034406661987305
YGL178W,YPR021C,0,-0.08474609,0.11588738113641739,0.9201596975326538,0.7035406827926636
YHR046C,YDR388W,0,-0.08547585,0.1158728152513504,0.9201596975326538,0.7036406993865967
YJL165C,YPL031C,0,-0.08564083,0.11585825681686401,0.9201596975326538,0.7037407755851746
YGR088W,YAL034W-A,0,-0.08579045,0.11584369838237762,0.9201596975326538,0.7038407921791077
YJR126C,YBL082C,0,-0.08595075,0.11582914739847183,0.9201596975326538,0.7039408087730408
YKL173W,YMR208W,0,-0.08649336,0.11581459641456604,0.9201596975326538,0.7040408253669739
YGR263C,YMR098C,0,-0.08662556,0.11580005288124084,0.9201596975326538,0.704140841960907
YMR043W,YJR135C,0,-0.08676954,0.11578550934791565,0.9201596975326538,0.7042408585548401
YER114C,YDR529C,0,-0.086996436,0.11577096581459045,0.9201596975326538,0.7043408751487732
YGL147C,YEL061C,0,-0.08743537,0.11575643718242645,0.9201596975326538,0.7044408917427063
YFL029C,YDR400W,0,-0.08755724,0.11574190109968185,0.9201596975326538,0.7045409083366394
YBR237W,YOL100W,0,-0.087616876,0.11572737246751785,0.9201596975326538,0.7046409249305725
YMR086W,YOR337W,0,-0.08802728,0.11571285128593445,0.9201596975326538,0.7047409415245056
YML125C,YER030W,0,-0.08809477,0.11569833010435104,0.9201596975326538,0.7048409581184387
YKL011C,YJL156C,0,-0.088387705,0.11568381637334824,0.9201596975326538,0.7049409747123718
YCR020C,YLR381W,0,-0.08843238,0.11566930264234543,0.9201596975326538,0.7050409913063049
YHR206W,YER030W,0,-0.08903599,0.11565478891134262,0.9201596975326538,0.705141007900238
YER113C,YDR103W,0,-0.08905314,0.11564028263092041,0.9201596975326538,0.7052410244941711
YOR384W,YBL022C,0,-0.08914317,0.1156257838010788,0.9201596975326538,0.7053410410881042
YPL194W,YOL018C,0,-0.08925718,0.11561128497123718,0.9201596975326538,0.7054411172866821
YLR373C,YGR241C,0,-0.08940126,0.11559679359197617,0.9201596975326538,0.7055411338806152
YOR124C,YMR139W,0,-0.089433074,0.11558230221271515,0.9201596975326538,0.7056411504745483
YDR435C,YHR207C,1,-0.08962552,0.11569315940141678,0.9211576581001282,0.7056411504745483
YJR139C,YMR098C,0,-0.0896938,0.11567865312099457,0.9211576581001282,0.7057411670684814
YJR104C,YAL003W,0,-0.08987294,0.11566416174173355,0.9211576581001282,0.7058411836624146
YLR109W,YLL050C,0,-0.09029132,0.11564967036247253,0.9211576581001282,0.7059412002563477
YJR160C,YOL002C,0,-0.090385415,0.11563517898321152,0.9211576581001282,0.7060412168502808
YIR036C,YBR166C,0,-0.09126413,0.1156206950545311,0.9211576581001282,0.7061412334442139
YNL210W,YFR003C,0,-0.09141002,0.11560621112585068,0.9211576581001282,0.706241250038147
YKL140W,YJL041W,0,-0.091961816,0.11559173464775085,0.9211576581001282,0.7063412666320801
YGL168W,YEL016C,0,-0.092112616,0.11557725816965103,0.9211576581001282,0.7064412832260132
YCR077C,YOR347C,0,-0.09228864,0.1155627891421318,0.9211576581001282,0.7065412998199463
YHR207C,YIL064W,1,-0.09236408,0.11567351222038269,0.9221556782722473,0.7065412998199463
YOR347C,YPR192W,0,-0.09283474,0.11565902829170227,0.9221556782722473,0.7066413164138794
YMR036C,YAL062W,0,-0.0930433,0.11564455926418304,0.9221556782722473,0.7067413330078125
YML074C,YIL026C,0,-0.09356697,0.11563008278608322,0.9221556782722473,0.7068413496017456
YFL047W,YHR067W,0,-0.09372233,0.115615613758564,0.9221556782722473,0.7069413661956787
YJR029W,YCL047C,0,-0.093838885,0.11560115218162537,0.9221556782722473,0.7070413827896118
YAL010C,YPR118W,0,-0.0945878,0.11558669060468674,0.9221556782722473,0.7071413993835449
YKL178C,YGL123W,0,-0.09474005,0.11557222902774811,0.9221556782722473,0.7072414755821228
YOL003C,YJR060W,0,-0.09478943,0.11555778235197067,0.9221556782722473,0.7073414921760559
YNL015W,YOR346W,0,-0.094987914,0.11554332822561264,0.9221556782722473,0.707441508769989
YPL149W,YMR311C,0,-0.0952458,0.1155288815498352,0.9221556782722473,0.7075415253639221
YGR292W,YPL051W,0,-0.09539567,0.11551444232463837,0.9221556782722473,0.7076415419578552
YKL198C,YCL057C-A,0,-0.096432745,0.11550000309944153,0.9221556782722473,0.7077415585517883
YML085C,YLR446W,0,-0.096726425,0.11548556387424469,0.9221556782722473,0.7078415751457214
YNR061C,YIL009C-A,0,-0.09710553,0.11547113209962845,0.9221556782722473,0.7079415917396545
YHR067W,YDR115W,0,-0.097894356,0.11545670032501221,0.9221556782722473,0.7080416083335876
YGL147C,YLR221C,0,-0.09826118,0.11544227600097656,0.9221556782722473,0.7081416249275208
YGR274C,YOR092W,0,-0.09827678,0.11542785912752151,0.9221556782722473,0.7082416415214539
YKL017C,YDR252W,0,-0.098428905,0.11541344225406647,0.9221556782722473,0.708341658115387
YOL067C,YLR427W,0,-0.09869948,0.11539902538061142,0.9221556782722473,0.7084416747093201
YGR071C,YJL062W,0,-0.09935428,0.11538461595773697,0.9221556782722473,0.7085416913032532
YBR175W,YBR040W,0,-0.09943588,0.11537020653486252,0.9221556782722473,0.7086417078971863
YLR032W,YOR290C,0,-0.10072327,0.11535580456256866,0.9221556782722473,0.7087417244911194
YDR379W,YML015C,0,-0.10158488,0.11534140259027481,0.9221556782722473,0.7088417410850525
YNL306W,YDR487C,0,-0.102164626,0.11532700806856155,0.9221556782722473,0.7089418172836304
YBR033W,YKL135C,0,-0.10217974,0.1153126135468483,0.9221556782722473,0.7090418338775635
YML043C,YHL047C,0,-0.10234878,0.11529822647571564,0.9221556782722473,0.7091418504714966
YLR438C-A,YER089C,0,-0.10314639,0.11528383940458298,0.9221556782722473,0.7092418670654297
YOR074C,YPL017C,1,-0.105123624,0.1153942123055458,0.9231536984443665,0.7092418670654297
YML048W,YJL101C,0,-0.105262145,0.11537981778383255,0.9231536984443665,0.7093418836593628
YMR051C,YMR303C,0,-0.10533739,0.11536543071269989,0.9231536984443665,0.7094419002532959
YPL022W,YOR290C,0,-0.105395615,0.11535104364156723,0.9231536984443665,0.709541916847229
YKR037C,YOR120W,0,-0.105761655,0.11533665657043457,0.9231536984443665,0.7096419334411621
YEL016C,YIL111W,0,-0.10629842,0.11532227694988251,0.9231536984443665,0.7097419500350952
YDR320C-A,YBL061C,0,-0.10697912,0.11530790477991104,0.9231536984443665,0.7098419666290283
YML005W,YGL136C,1,-0.107069775,0.11541817337274551,0.9241517186164856,0.7098419666290283
YIL112W,YLR186W,0,-0.10725044,0.11540378630161285,0.9241517186164856,0.7099419832229614
YNL292W,YDR402C,0,-0.10726684,0.11538940668106079,0.9241517186164856,0.7100419998168945
YJL170C,YJR029W,0,-0.10740779,0.11537503451108932,0.9241517186164856,0.7101420164108276
YAL013W,YBR160W,0,-0.10761534,0.11536065489053726,0.9241517186164856,0.7102420330047607
YOR075W,YDR252W,0,-0.10788794,0.11534629017114639,0.9241517186164856,0.7103420495986938
YDL033C,YDR238C,0,-0.10844274,0.11533192545175552,0.9241517186164856,0.710442066192627
YMR298W,YJR066W,0,-0.1086286,0.11531756073236465,0.9241517186164856,0.7105420827865601
YJL168C,YPL138C,1,-0.10880111,0.11542771756649017,0.92514967918396,0.7105420827865601
YBL022C,YDR047W,0,-0.10915491,0.11541334539651871,0.92514967918396,0.7106420993804932
YIR036C,YBL057C,0,-0.10962178,0.11539898067712784,0.92514967918396,0.710742175579071
YKL089W,YNL001W,0,-0.10999067,0.11538461595773697,0.92514967918396,0.7108421921730042
YLR100W,YDR197W,0,-0.10999736,0.1153702586889267,0.92514967918396,0.7109422087669373
YJR110W,YDR177W,0,-0.110697836,0.11535590142011642,0.92514967918396,0.7110422253608704
YKR059W,YMR285C,0,-0.11112422,0.11534154415130615,0.92514967918396,0.7111422419548035
YCR020C,YMR017W,0,-0.11133855,0.11532719433307648,0.92514967918396,0.7112422585487366
YJR025C,YLR126C,0,-0.11150308,0.1153128519654274,0.92514967918396,0.7113422751426697
YJR098C,YDR436W,0,-0.1121452,0.11529850959777832,0.92514967918396,0.7114422917366028
YMR233W,YML037C,0,-0.11253476,0.11528416723012924,0.92514967918396,0.7115423083305359
YDL101C,YGR189C,0,-0.11285284,0.11526983231306076,0.92514967918396,0.711642324924469
YIL039W,YDR436W,0,-0.11334685,0.11525550484657288,0.92514967918396,0.7117423415184021
YER184C,YDR313C,0,-0.11397247,0.1152411699295044,0.92514967918396,0.7118423581123352
YER068W,YHL036W,0,-0.11397942,0.1152268499135971,0.92514967918396,0.7119423747062683
YNR011C,YPR047W,0,-0.11438191,0.11521252989768982,0.92514967918396,0.7120423913002014
YBR176W,YNL092W,1,-0.1146553,0.11532247811555862,0.9261476993560791,0.7120423913002014
YDR379W,YHR036W,0,-0.11500858,0.11530815064907074,0.9261476993560791,0.7121424078941345
YDL006W,YDR231C,0,-0.11515035,0.11529382318258286,0.9261476993560791,0.7122424244880676
YDR501W,YDR320C,0,-0.115603074,0.11527950316667557,0.9261476993560791,0.7123424410820007
YDR507C,YJL189W,0,-0.11603717,0.11526518315076828,0.9261476993560791,0.7124425172805786
YKL059C,YPL153C,0,-0.11611255,0.11525087058544159,0.9261476993560791,0.7125425338745117
YIL126W,YOR221C,0,-0.11622048,0.1152365580201149,0.9261476993560791,0.7126425504684448
YLR238W,YDL192W,0,-0.117072865,0.1152222529053688,0.9261476993560791,0.7127425670623779
YDL127W,YHL016C,0,-0.11722453,0.11520794779062271,0.9261476993560791,0.712842583656311
YLR204W,YGR035C,0,-0.11744705,0.11519364267587662,0.9261476993560791,0.7129426002502441
YKR014C,YPL026C,0,-0.117789954,0.11517934501171112,0.9261476993560791,0.7130426168441772
YCL027W,YGL095C,0,-0.11805869,0.11516505479812622,0.9261476993560791,0.7131426334381104
YOR037W,YGL251C,0,-0.1182232,0.11515076458454132,0.9261476993560791,0.7132426500320435
YHR207C,YPL017C,1,-0.11851488,0.115260548889637,0.9271457195281982,0.7132426500320435
YHR086W,YIL115C,0,-0.1187413,0.1152462437748909,0.9271457195281982,0.7133426666259766
YIL125W,YCL057C-A,0,-0.11883688,0.115231953561306,0.9271457195281982,0.7134426832199097
YDR270W,YIL126W,0,-0.119475335,0.1152176633477211,0.9271457195281982,0.7135426998138428
YPR102C,YJL080C,0,-0.11952678,0.1152033731341362,0.9271457195281982,0.7136427164077759
YER114C,YGR006W,0,-0.120626636,0.1151890903711319,0.9271457195281982,0.713742733001709
YOR257W,YPL174C,0,-0.12099379,0.1151748076081276,0.9271457195281982,0.7138427495956421
YBL075C,YLR385C,0,-0.12185684,0.11516053229570389,0.9271457195281982,0.7139427661895752
YDR056C,YBR082C,0,-0.12194745,0.11514625698328018,0.9271457195281982,0.7140427827835083
YIR037W,YOR131C,0,-0.12303184,0.11513198912143707,0.9271457195281982,0.7141427993774414
YDR242W,YBR205W,0,-0.12311192,0.11511772125959396,0.9271457195281982,0.7142428755760193
YPL022W,YPL258C,0,-0.1233768,0.11510345339775085,0.9271457195281982,0.7143428921699524
YGL119W,YDR032C,0,-0.123478025,0.11508920043706894,0.9271457195281982,0.7144429087638855
YIL150C,YLR450W,0,-0.12377906,0.11507494002580643,0.9271457195281982,0.7145429253578186
YDL069C,YHR160C,0,-0.12381379,0.11506068706512451,0.9271457195281982,0.7146429419517517
YDR219C,YNL166C,0,-0.12388407,0.1150464415550232,0.9271457195281982,0.7147429585456848
YML104C,YDR421W,0,-0.12401205,0.11503219604492188,0.9271457195281982,0.7148429751396179
YAL041W,YHL004W,0,-0.12409848,0.11501795053482056,0.9271457195281982,0.714942991733551
YKL011C,YPL026C,0,-0.12413546,0.11500371247529984,0.9271457195281982,0.7150430083274841
YMR171C,YPL154C,0,-0.12423429,0.11498948186635971,0.9271457195281982,0.7151430249214172
YBL093C,YDR356W,0,-0.124311686,0.11497524380683899,0.9271457195281982,0.7152430415153503
YKL198C,YDR044W,0,-0.12514018,0.11496102064847946,0.9271457195281982,0.7153430581092834
YLR098C,YJR126C,0,-0.1257147,0.11494679749011993,0.9271457195281982,0.7154430747032166
YJL168C,YLL062C,1,-0.12572142,0.11505629122257233,0.9281437397003174,0.7154430747032166
YDR529C,YLR276C,0,-0.12662892,0.1150420606136322,0.9281437397003174,0.7155430912971497
YJR009C,YIL078W,0,-0.12665346,0.11502783000469208,0.9281437397003174,0.7156431078910828
YBL057C,YPL111W,0,-0.1269842,0.11501360684633255,0.9281437397003174,0.7157431244850159
YLR086W,YDL006W,0,-0.12744296,0.11499938368797302,0.9281437397003174,0.715843141078949
YDR478W,YMR303C,0,-0.12773459,0.1149851605296135,0.9281437397003174,0.7159432172775269
YOR181W,YIR006C,0,-0.1280844,0.11497094482183456,0.9281437397003174,0.71604323387146
YBR273C,YPL172C,0,-0.12858093,0.11495673656463623,0.9281437397003174,0.7161432504653931
YML129C,YMR287C,0,-0.12881434,0.1149425283074379,0.9281437397003174,0.7162432670593262
YBR198C,YMR026C,0,-0.12923457,0.11492832750082016,0.9281437397003174,0.7163432836532593
YGL213C,YDL205C,0,-0.12943055,0.11491412669420242,0.9281437397003174,0.7164433002471924
YGL039W,YOR326W,0,-0.1301886,0.11489992588758469,0.9281437397003174,0.7165433168411255
YJL033W,YNL136W,0,-0.13081336,0.11488573253154755,0.9281437397003174,0.7166433334350586
YAR010C,YDR239C,0,-0.13299029,0.1148715391755104,0.9281437397003174,0.7167433500289917
YFL004W,YIL150C,0,-0.13305624,0.11485735327005386,0.9281437397003174,0.7168433666229248
YLR343W,YDL141W,0,-0.13320383,0.11484317481517792,0.9281437397003174,0.7169433832168579
YIL090W,YMR208W,0,-0.13393159,0.11482898890972137,0.9281437397003174,0.717043399810791
YNL063W,YCL055W,1,-0.13458188,0.11493827402591705,0.9291417002677917,0.717043399810791
YDR036C,YLR032W,0,-0.13471302,0.11492408066987991,0.9291417002677917,0.7171434164047241
YLR204W,YOR131C,0,-0.13491258,0.11490990221500397,0.9291417002677917,0.7172434329986572
YGR001C,YPL017C,1,-0.13510373,0.11501912772655487,0.9301397204399109,0.7172434329986572
YDR056C,YER161C,0,-0.13518526,0.11500493437051773,0.9301397204399109,0.7173434495925903
YCR075C,YDL095W,0,-0.13571726,0.11499074846506119,0.9301397204399109,0.7174434661865234
YDL080C,YLR045C,0,-0.13576081,0.11497656255960464,0.9301397204399109,0.7175434827804565
YGL119W,YJL062W-A,0,-0.13603078,0.1149623766541481,0.9301397204399109,0.7176434993743896
YNL166C,YCL069W,0,-0.13613649,0.11494819819927216,0.9301397204399109,0.7177435755729675
YKL011C,YBR273C,0,-0.13617162,0.1149340271949768,0.9301397204399109,0.7178435921669006
YER184C,YMR045C,0,-0.13623682,0.11491984874010086,0.9301397204399109,0.7179436087608337
YJR009C,YBR289W,0,-0.13629234,0.11490568518638611,0.9301397204399109,0.7180436253547668
YDL184C,YOR211C,0,-0.13722509,0.11489152163267136,0.9301397204399109,0.7181436419487
YGL213C,YOR131C,0,-0.13915241,0.1148773580789566,0.9301397204399109,0.7182436585426331
YOL096C,YKL018W,1,-0.1391589,0.11498644202947617,0.93113774061203,0.7182436585426331
YIL027C,YMR221C,0,-0.139274,0.11497227102518082,0.93113774061203,0.7183436751365662
YDR052C,YBL021C,0,-0.13977237,0.11495810747146606,0.93113774061203,0.7184436917304993
YDR117C,YPL214C,0,-0.14332542,0.11494394391775131,0.93113774061203,0.7185437083244324
YPR021C,YDR380W,0,-0.14337434,0.11492978781461716,0.93113774061203,0.7186437249183655
YJR066W,YJR126C,0,-0.1438101,0.114915631711483,0.93113774061203,0.7187437415122986
YDL120W,YNL015W,0,-0.14423898,0.11490147560834885,0.93113774061203,0.7188437581062317
YPL060W,YBL057C,0,-0.1449055,0.11488732695579529,0.93113774061203,0.7189437747001648
YPL085W,YDR436W,0,-0.14511898,0.11487318575382233,0.93113774061203,0.7190437912940979
YOR257W,YOR337W,0,-0.14514554,0.11485904455184937,0.93113774061203,0.719143807888031
YFL004W,YLR079W,0,-0.14569372,0.1148449033498764,0.93113774061203,0.7192438244819641
YLR304C,YLL038C,0,-0.14569846,0.11483076959848404,0.93113774061203,0.7193438410758972
YPL143W,YDL180W,0,-0.14609383,0.11481663584709167,0.93113774061203,0.7194439172744751
YER048W-A,YCR037C,0,-0.14693362,0.11480250954627991,0.93113774061203,0.7195439338684082
YLL038C,YDR169C,0,-0.1472362,0.11478838324546814,0.93113774061203,0.7196439504623413
YOR257W,YJL044C,0,-0.14728418,0.11477426439523697,0.93113774061203,0.7197439670562744
YDR118W,YIL113W,0,-0.14730133,0.1147601455450058,0.93113774061203,0.7198439836502075
YER068W,YKR037C,0,-0.14791912,0.11474603414535522,0.93113774061203,0.7199440002441406
YIL070C,YOL100W,0,-0.14814958,0.11473192274570465,0.93113774061203,0.7200440168380737
YAL010C,YCR054C,0,-0.14820206,0.11471781879663467,0.93113774061203,0.7201440334320068
YBR166C,YMR224C,0,-0.14968087,0.1147037148475647,0.93113774061203,0.7202440500259399
YPR049C,YER164W,0,-0.1508023,0.11468961089849472,0.93113774061203,0.720344066619873
YIL078W,YDR330W,0,-0.15105055,0.11467551440000534,0.93113774061203,0.7204440832138062
YLR266C,YLR201C,0,-0.15154327,0.11466142535209656,0.93113774061203,0.7205440998077393
YDR529C,YKR104W,0,-0.15158112,0.11464733630418777,0.93113774061203,0.7206441164016724
YOL138C,YDL136W,0,-0.15161264,0.11463324725627899,0.93113774061203,0.7207441329956055
YPR048W,YKL088W,0,-0.15166888,0.1146191656589508,0.93113774061203,0.7208441495895386
YDR283C,YDL108W,0,-0.15169725,0.11460508406162262,0.93113774061203,0.7209441661834717
YFL047W,YBR105C,0,-0.15184386,0.11459100991487503,0.93113774061203,0.7210441827774048
YBR123C,YLR318W,0,-0.15258011,0.11457693576812744,0.93113774061203,0.7211441993713379
YNL049C,YPR070W,0,-0.1530409,0.11456286907196045,0.93113774061203,0.7212442755699158
YDL190C,YPL085W,0,-0.15311089,0.11454880237579346,0.93113774061203,0.7213442921638489
YDR342C,YER113C,0,-0.1532229,0.11453474313020706,0.93113774061203,0.721444308757782
YMR088C,YOR270C,0,-0.15360735,0.11452068388462067,0.93113774061203,0.7215443253517151
YOL031C,YOR127W,0,-0.15375409,0.11450662463903427,0.93113774061203,0.7216443419456482
YNL039W,YIL126W,0,-0.15417983,0.11449257284402847,0.93113774061203,0.7217443585395813
YLR446W,YGL185C,0,-0.15444544,0.11447852849960327,0.93113774061203,0.7218443751335144
YGL106W,YNL149C,0,-0.15446238,0.11446448415517807,0.93113774061203,0.7219443917274475
YHL024W,YDR393W,0,-0.155471,0.11445043981075287,0.93113774061203,0.7220444083213806
YJL168C,YDR316W,1,-0.15549639,0.11455905437469482,0.9321357011795044,0.7220444083213806
YMR071C,YOR244W,0,-0.15595429,0.11454501003026962,0.9321357011795044,0.7221444249153137
YFR032C-A,YBR055C,0,-0.15605934,0.11453096568584442,0.9321357011795044,0.7222444415092468
YNL210W,YBR241C,0,-0.15682358,0.11451692134141922,0.9321357011795044,0.7223444581031799
YLR370C,YML005W,0,-0.15695773,0.11450288444757462,0.9321357011795044,0.722444474697113
YPL195W,YLR109W,0,-0.1570322,0.11448884755373001,0.9321357011795044,0.7225444912910461
YCR004C,YJR143C,0,-0.15721461,0.1144748106598854,0.9321357011795044,0.7226445078849792
YPL281C,YMR004W,0,-0.15826127,0.1144607812166214,0.9321357011795044,0.7227445244789124
YDR107C,YBR105C,0,-0.15831506,0.11444675922393799,0.9321357011795044,0.7228445410728455
YJL221C,YOL072W,0,-0.158707,0.11443273723125458,0.9321357011795044,0.7229446172714233
YDR134C,YIR023W,0,-0.15885437,0.11441871523857117,0.9321357011795044,0.7230446338653564
YOL030W,YOR127W,0,-0.15892227,0.11440470069646835,0.9321357011795044,0.7231446504592896
YBR123C,YAR018C,0,-0.1590066,0.11439069360494614,0.9321357011795044,0.7232446670532227
YFL002W-A,YER111C,0,-0.15985565,0.11437668651342392,0.9321357011795044,0.7233446836471558
YBR289W,YGR035C,0,-0.15989621,0.1143626794219017,0.9321357011795044,0.7234447002410889
YNL128W,YOL007C,0,-0.16097742,0.11434867978096008,0.9321357011795044,0.723544716835022
YAL021C,YJL189W,0,-0.16105378,0.11433468014001846,0.9321357011795044,0.7236447334289551
YOR257W,YPR070W,0,-0.16146493,0.11432068794965744,0.9321357011795044,0.7237447500228882
YOR346W,YMR311C,0,-0.16150416,0.11430669575929642,0.9321357011795044,0.7238447666168213
YMR289W,YFR008W,0,-0.1620318,0.1142927035689354,0.9321357011795044,0.7239447832107544
YOR315W,YKL143W,0,-0.1620441,0.11427872627973557,0.9321357011795044,0.7240447998046875
YDR447C,YOR244W,0,-0.16236265,0.11426474153995514,0.9321357011795044,0.7241448163986206
YPL106C,YML042W,0,-0.16242279,0.11425076425075531,0.9321357011795044,0.7242448329925537
YMR316W,YNL158W,0,-0.16263594,0.11423678696155548,0.9321357011795044,0.7243448495864868
YDL108W,YPL095C,0,-0.16367453,0.11422281712293625,0.9321357011795044,0.7244448661804199
YER126C,YML081C-A,0,-0.1640243,0.11420885473489761,0.9321357011795044,0.724544882774353
YMR051C,YIR015W,0,-0.16465929,0.11419489234685898,0.9321357011795044,0.7246448993682861
YMR290C,YDR363W-A,0,-0.16481549,0.11418092995882034,0.9321357011795044,0.724744975566864
YHL024W,YCR094W,0,-0.16553849,0.1141669750213623,0.9321357011795044,0.7248449921607971
YPL148C,YDR503C,0,-0.16603968,0.11415302008390427,0.9321357011795044,0.7249450087547302
YIL027C,YLR172C,0,-0.1665221,0.11413906514644623,0.9321357011795044,0.7250450253486633
YGL249W,YDR197W,0,-0.16670324,0.11412512511014938,0.9321357011795044,0.7251450419425964
YHR067W,YPR032W,0,-0.16712797,0.11411117762327194,0.9321357011795044,0.7252450585365295
YNL077W,YML081C-A,0,-0.16721696,0.1140972375869751,0.9321357011795044,0.7253450751304626
YML124C,YMR122W-A,0,-0.1673658,0.11408330500125885,0.9321357011795044,0.7254450917243958
YKR090W,YIL138C,0,-0.16755947,0.1140693724155426,0.9321357011795044,0.7255451083183289
YKL021C,YDR252W,0,-0.16758743,0.11405543982982635,0.9321357011795044,0.725645124912262
YGR184C,YDR420W,0,-0.16781245,0.1140415146946907,0.9321357011795044,0.7257451415061951
YOR384W,YPR047W,0,-0.16793962,0.11402758955955505,0.9321357011795044,0.7258451581001282
YGL141W,YLR430W,0,-0.1683929,0.114013671875,0.9321357011795044,0.7259451746940613
YER148W,YLL050C,0,-0.1686565,0.11399975419044495,0.9321357011795044,0.7260451912879944
YER148W,YMR071C,0,-0.16888484,0.11398584395647049,0.9321357011795044,0.7261452078819275
YOL093W,YLR015W,1,-0.16922154,0.11409395933151245,0.9331337213516235,0.7261452078819275
YOR265W,YDR252W,0,-0.16940252,0.1140800416469574,0.9331337213516235,0.7262452244758606
YML042W,YOR270C,0,-0.16976465,0.11406612396240234,0.9331337213516235,0.7263452410697937
YMR122W-A,YNL135C,0,-0.17047372,0.11405220627784729,0.9331337213516235,0.7264453172683716
YKL100C,YMR130W,0,-0.17102389,0.11403829604387283,0.9331337213516235,0.7265453338623047
YPL106C,YHR147C,0,-0.17102592,0.11402439326047897,0.9331337213516235,0.7266453504562378
YCR020C,YMR163C,0,-0.17128164,0.11401048302650452,0.9331337213516235,0.7267453670501709
YLR045C,YDR362C,0,-0.17128472,0.11399658769369125,0.9331337213516235,0.726845383644104
YGR058W,YBR273C,0,-0.17141147,0.11398269236087799,0.9331337213516235,0.7269454002380371
YDL200C,YOR332W,0,-0.17182878,0.11396879702806473,0.9331337213516235,0.7270454168319702
YGR223C,YOR043W,0,-0.17206678,0.11395490914583206,0.9331337213516235,0.7271454334259033
YNL136W,YNR045W,0,-0.17218493,0.1139410212635994,0.9331337213516235,0.7272454500198364
YBL020W,YOR270C,0,-0.1723069,0.11392713338136673,0.9331337213516235,0.7273454666137695
YGL137W,YDR093W,0,-0.17241831,0.11391325294971466,0.9331337213516235,0.7274454832077026
YDR533C,YHR101C,0,-0.17347652,0.11389937996864319,0.9331337213516235,0.7275454998016357
YDL200C,YCL031C,0,-0.17363174,0.11388550698757172,0.9331337213516235,0.7276455163955688
YJR098C,YDL146W,0,-0.17381018,0.11387163400650024,0.9331337213516235,0.727745532989502
YGL173C,YNR070W,0,-0.17399913,0.11385776847600937,0.9331337213516235,0.7278455495834351
YMR292W,YBR185C,0,-0.17416726,0.1138439029455185,0.9331337213516235,0.7279455661773682
YMR086W,YDR247W,0,-0.17449562,0.11383004486560822,0.9331337213516235,0.7280455827713013
YMR208W,YPL154C,0,-0.17481153,0.11381618678569794,0.9331337213516235,0.7281455993652344
YBL017C,YNR045W,0,-0.17528844,0.11380233615636826,0.9331337213516235,0.7282456755638123
YDR050C,YMR285C,0,-0.17685156,0.11378848552703857,0.9331337213516235,0.7283456921577454
YGR274C,YGR124W,0,-0.17722271,0.11377464234828949,0.9331337213516235,0.7284457087516785
YJR097W,YHR215W,0,-0.17747532,0.1137607991695404,0.9331337213516235,0.7285457253456116
YDR379W,YCL055W,0,-0.17852709,0.11374695599079132,0.9331337213516235,0.7286457419395447
YMR287C,YGL106W,0,-0.17864972,0.11373312026262283,0.9331337213516235,0.7287457585334778
YOL125W,YOR244W,0,-0.1798412,0.11371929198503494,0.9331337213516235,0.7288457751274109
YMR098C,YOL157C,0,-0.18004054,0.11370546370744705,0.9331337213516235,0.728945791721344
YDR128W,YAL003W,0,-0.18022387,0.11369163542985916,0.9331337213516235,0.7290458083152771
YGL161C,YGL141W,0,-0.18070978,0.11367781460285187,0.9331337213516235,0.7291458249092102
YDR247W,YOR322C,0,-0.1809188,0.11366399377584457,0.9331337213516235,0.7292458415031433
YJL106W,YAL058W,0,-0.18095155,0.11365017294883728,0.9331337213516235,0.7293458580970764
YOR043W,YGR218W,0,-0.18097717,0.11363636702299118,0.9331337213516235,0.7294458746910095
YOR096W,YBL020W,0,-0.18179052,0.11362255364656448,0.9331337213516235,0.7295458912849426
YDR052C,YKR030W,0,-0.1819334,0.11360874772071838,0.9331337213516235,0.7296459078788757
YDR198C,YDL033C,1,-0.18196428,0.11371643841266632,0.9341317415237427,0.7296459078788757
YEL013W,YLR438C-A,0,-0.18206157,0.11370262503623962,0.9341317415237427,0.7297459244728088
YER161C,YOR075W,0,-0.1823368,0.11368881165981293,0.9341317415237427,0.7298459410667419
YJL165C,YFR037C,0,-0.18274228,0.11367500573396683,0.9341317415237427,0.7299460172653198
YHL040C,YMR247C,0,-0.18286277,0.11366119980812073,0.9341317415237427,0.7300460338592529
YER096W,YER070W,0,-0.18325451,0.11364740133285522,0.9341317415237427,0.730146050453186
YOR322C,YDR368W,0,-0.1833464,0.11363360285758972,0.9341317415237427,0.7302460670471191
YDL033C,YJR135W-A,0,-0.18355304,0.11361981183290482,0.9341317415237427,0.7303460836410522
YML124C,YDR529C,0,-0.18469654,0.11360602080821991,0.9341317415237427,0.7304461002349854
YBR176W,YDL130W-A,0,-0.18484375,0.113592229783535,0.9341317415237427,0.7305461168289185
YDR128W,YLR357W,0,-0.18490359,0.1135784462094307,0.9341317415237427,0.7306461334228516
YBR175W,YDR103W,0,-0.18490511,0.11356467008590698,0.9341317415237427,0.7307461500167847
YPR063C,YER161C,0,-0.18497689,0.11355089396238327,0.9341317415237427,0.7308461666107178
YCL055W,YML110C,1,-0.18506305,0.11365842074155807,0.9351297616958618,0.7308461666107178
YHR109W,YNL063W,1,-0.18559332,0.11376591771841049,0.9361277222633362,0.7308461666107178
YIR012W,YDR288W,0,-0.18615668,0.11375211924314499,0.9361277222633362,0.7309461832046509
YOR288C,YKL116C,0,-0.18618563,0.11373832821846008,0.9361277222633362,0.731046199798584
YIR015W,YLR158C,0,-0.18641306,0.11372453719377518,0.9361277222633362,0.7311462163925171
YHR209W,YBR258C,1,-0.18704829,0.11383198201656342,0.9371257424354553,0.7311462163925171
YHR181W,YDR534C,0,-0.1871669,0.11381818354129791,0.9371257424354553,0.7312462329864502
YDR033W,YBL057C,0,-0.1872266,0.11380438506603241,0.9371257424354553,0.7313462495803833
YER030W,YIL124W,0,-0.18739359,0.1137905940413475,0.9371257424354553,0.7314462661743164
YPL138C,YBR258C,1,-0.18749464,0.11389797925949097,0.9381237626075745,0.7314462661743164
YBL030C,YKL198C,0,-0.18762954,0.11388418078422546,0.9381237626075745,0.7315462827682495
YNL049C,YKL028W,0,-0.18772756,0.11387038230895996,0.9381237626075745,0.7316463589668274
YLR459W,YIL115C,0,-0.18818867,0.11385659128427505,0.9381237626075745,0.7317463755607605
YDL204W,YER111C,0,-0.18829149,0.11384280025959015,0.9381237626075745,0.7318463921546936
YJL219W,YDL120W,0,-0.1883627,0.11382901668548584,0.9381237626075745,0.7319464087486267
YPR122W,YOR217W,0,-0.18869856,0.11381523311138153,0.9381237626075745,0.7320464253425598
YBR012W-A,YOR290C,0,-0.18884227,0.11380144953727722,0.9381237626075745,0.7321464419364929
YIL111W,YDR054C,0,-0.18907107,0.11378767341375351,0.9381237626075745,0.732246458530426
YHR025W,YHR023W,0,-0.18978128,0.1137739047408104,0.9381237626075745,0.7323464751243591
YNR050C,YHR171W,0,-0.19000082,0.11376013606786728,0.9381237626075745,0.7324464917182922
YGL191W,YPL149W,0,-0.19173683,0.11374636739492416,0.9381237626075745,0.7325465083122253
YNL242W,YLR032W,0,-0.19249333,0.11373260617256165,0.9381237626075745,0.7326465249061584
YMR208W,YOL007C,0,-0.19253707,0.11371884495019913,0.9381237626075745,0.7327465415000916
YHR011W,YMR012W,0,-0.19316249,0.1137050911784172,0.9381237626075745,0.7328465580940247
YKR058W,YNL325C,0,-0.19365874,0.11369133740663528,0.9381237626075745,0.7329465746879578
YNL129W,YCL066W,0,-0.19376393,0.11367759108543396,0.9381237626075745,0.7330465912818909
YOR047C,YMR026C,0,-0.19376442,0.11366384476423264,0.9381237626075745,0.733146607875824
YMR211W,YDR520C,0,-0.19381987,0.11365010589361191,0.9381237626075745,0.7332466244697571
YBL078C,YER044C,0,-0.19387488,0.11363636702299118,0.9381237626075745,0.7333466410636902
YER184C,YCR094W,0,-0.19436005,0.11362262815237045,0.9381237626075745,0.7334467172622681
YOR179C,YPL174C,0,-0.1945996,0.11360889673233032,0.9381237626075745,0.7335467338562012
YMR043W,YEL065W,0,-0.19486347,0.11359516531229019,0.9381237626075745,0.7336467504501343
YBR258C,YER175C,1,-0.19486465,0.11370227485895157,0.9391217827796936,0.7336467504501343
YMR264W,YOR080W,0,-0.19501096,0.11368853598833084,0.9391217827796936,0.7337467670440674
YOR228C,YDL109C,0,-0.19511479,0.11367479711771011,0.9391217827796936,0.7338467836380005
YDL069C,YDR376W,0,-0.19564427,0.11366107314825058,0.9391217827796936,0.7339468002319336
YDR511W,YGR006W,0,-0.19589245,0.11364734172821045,0.9391217827796936,0.7340468168258667
YLR032W,YJL133W,0,-0.19589296,0.11363361775875092,0.9391217827796936,0.7341468334197998
YLR418C,YMR022W,0,-0.19605704,0.11361990123987198,0.9391217827796936,0.7342468500137329
YPL269W,YJR033C,0,-0.19659394,0.11360618472099304,0.9391217827796936,0.734346866607666
YJR060W,YJR058C,0,-0.19686121,0.1135924682021141,0.9391217827796936,0.7344468832015991
YNL206C,YIL072W,0,-0.19704452,0.11357875913381577,0.9391217827796936,0.7345468997955322
YDR479C,YIL084C,0,-0.19724861,0.11356505006551743,0.9391217827796936,0.7346469163894653
YER048W-A,YOR233W,0,-0.19730267,0.11355134844779968,0.9391217827796936,0.7347469329833984
YPL271W,YMR122W-A,0,-0.19765015,0.11353764683008194,0.9391217827796936,0.7348469495773315
YIL074C,YMR165C,0,-0.19770691,0.1135239452123642,0.9391217827796936,0.7349469661712646
YCR039C,YHR129C,0,-0.19790515,0.11351025104522705,0.9391217827796936,0.7350469827651978
YGR058W,YMR256C,0,-0.19844535,0.1134965643286705,0.9391217827796936,0.7351470589637756
YER029C,YCR020C,0,-0.19849317,0.11348287761211395,0.9391217827796936,0.7352470755577087
YCR039C,YEL016C,0,-0.19986223,0.1134691908955574,0.9391217827796936,0.7353470921516418
YFL039C,YPR122W,0,-0.199938,0.11345551162958145,0.9391217827796936,0.735447108745575
YER068W,YBL069W,0,-0.2002699,0.1134418323636055,0.9391217827796936,0.7355471253395081
YMR233W,YBR097W,0,-0.20049642,0.11342816054821014,0.9391217827796936,0.7356471419334412
YDR224C,YKL042W,0,-0.20049976,0.11341448873281479,0.9391217827796936,0.7357471585273743
YJR139C,YLR459W,0,-0.2005983,0.11340081691741943,0.9391217827796936,0.7358471751213074
YER087C-A,YDR251W,0,-0.2007016,0.11338715255260468,0.9391217827796936,0.7359471917152405
YPL074W,YER045C,0,-0.20120572,0.11337349563837051,0.9391217827796936,0.7360472083091736
YDR056C,YDR529C,0,-0.20134833,0.11335983872413635,0.9391217827796936,0.7361472249031067
YKL140W,YLR126C,0,-0.20204699,0.11334618180990219,0.9391217827796936,0.7362472414970398
YKL059C,YGR124W,0,-0.20232324,0.11333253234624863,0.9391217827796936,0.7363472580909729
YDR170W-A,YML077W,0,-0.20245266,0.11331888288259506,0.9391217827796936,0.736447274684906
YIL070C,YDL195W,0,-0.20278524,0.1133052408695221,0.9391217827796936,0.7365472912788391
YJL019W,YIL072W,0,-0.20339333,0.11329159885644913,0.9391217827796936,0.7366473078727722
YBR123C,YKL140W,0,-0.2035602,0.11327795684337616,0.9391217827796936,0.7367473244667053
YHR143W,YLR147C,0,-0.2037116,0.11326432228088379,0.9391217827796936,0.7368473410606384
YDR265W,YOR150W,0,-0.20390883,0.11325069516897202,0.9391217827796936,0.7369474172592163
YCR039C,YFR006W,0,-0.20412824,0.11323706060647964,0.9391217827796936,0.7370474338531494
YER029C,YDR130C,0,-0.20424864,0.11322344094514847,0.9391217827796936,0.7371474504470825
YOL003C,YPL143W,0,-0.20434664,0.1132098138332367,0.9391217827796936,0.7372474670410156
YHR081W,YKL056C,0,-0.20487079,0.11319620162248611,0.9391217827796936,0.7373474836349487
YBL024W,YKL164C,0,-0.20499945,0.11318258196115494,0.9391217827796936,0.7374475002288818
YNL330C,YKR009C,0,-0.20504713,0.11316896975040436,0.9391217827796936,0.7375475168228149
YLR381W,YOL147C,0,-0.20551226,0.11315536499023438,0.9391217827796936,0.737647533416748
YEL061C,YJL056C,0,-0.20591867,0.11314176023006439,0.9391217827796936,0.7377475500106812
YJL041W,YPL111W,0,-0.20646724,0.11312815546989441,0.9391217827796936,0.7378475666046143
YML048W,YOR374W,0,-0.20679711,0.11311455816030502,0.9391217827796936,0.7379475831985474
YPR098C,YHL016C,0,-0.20750591,0.11310096085071564,0.9391217827796936,0.7380475997924805
YDL164C,YNL158W,0,-0.20785405,0.11308737099170685,0.9391217827796936,0.7381476163864136
YMR051C,YDL130W-A,0,-0.20841713,0.11307378113269806,0.9391217827796936,0.7382476329803467
YDR077W,YJR135W-A,0,-0.20846638,0.11306019127368927,0.9391217827796936,0.7383476495742798
YML027W,YDR288W,0,-0.2087222,0.11304660886526108,0.9391217827796936,0.7384476661682129
YJR145C,YCL050C,0,-0.20903435,0.11303303390741348,0.9391217827796936,0.738547682762146
YIL078W,YPR019W,0,-0.20953861,0.11301945894956589,0.9391217827796936,0.7386477589607239
YOR332W,YNL289W,0,-0.21045455,0.11300588399171829,0.9391217827796936,0.738747775554657
YMR264W,YDL099W,0,-0.21053337,0.1129923164844513,0.9391217827796936,0.7388477921485901
YDR248C,YMR150C,0,-0.21062961,0.1129787489771843,0.9391217827796936,0.7389478087425232
YBR156C,YMR312W,0,-0.21105114,0.1129651889204979,0.9391217827796936,0.7390478253364563
YLR237W,YJR058C,0,-0.21173228,0.11295162886381149,0.9391217827796936,0.7391478419303894
YBL103C,YJL108C,0,-0.21204579,0.11293806880712509,0.9391217827796936,0.7392478585243225
YDL190C,YLR045C,0,-0.21215346,0.11292451620101929,0.9391217827796936,0.7393478751182556
YKL059C,YDR047W,0,-0.21219537,0.11291096359491348,0.9391217827796936,0.7394478917121887
YMR036C,YJL056C,0,-0.21242274,0.11289741843938828,0.9391217827796936,0.7395479083061218
YIL009C-A,YPL172C,0,-0.21279317,0.11288388073444366,0.9391217827796936,0.7396479249000549
YMR127C,YHR010W,0,-0.21318638,0.11287033557891846,0.9391217827796936,0.739747941493988
YJR013W,YOL100W,0,-0.21318658,0.11285679787397385,0.9391217827796936,0.7398479580879211
YER161C,YAR010C,0,-0.21332966,0.11284326761960983,0.9391217827796936,0.7399479746818542
YGL229C,YDR071C,0,-0.21415165,0.11282973736524582,0.9391217827796936,0.7400479912757874
YKL140W,YMR109W,0,-0.21425547,0.1128162071108818,0.9391217827796936,0.7401480078697205
YOL138C,YHR010W,0,-0.21440773,0.11280268430709839,0.9391217827796936,0.7402480244636536
YPR049C,YHR023W,0,-0.21486677,0.11278916150331497,0.9391217827796936,0.7403480410575867
YGR026W,YDR534C,0,-0.21535808,0.11277564615011215,0.9391217827796936,0.7404481172561646
YBL030C,YPL103C,0,-0.21558213,0.11276213079690933,0.9391217827796936,0.7405481338500977
YGR274C,YMR094W,0,-0.216033,0.11274862289428711,0.9391217827796936,0.7406481504440308
YDL129W,YNL212W,0,-0.21613598,0.11273511499166489,0.9391217827796936,0.7407481670379639
YJL133W,YAL058W,0,-0.21618652,0.11272160708904266,0.9391217827796936,0.740848183631897
YEL038W,YDR510W,0,-0.21664679,0.11270810663700104,0.9391217827796936,0.7409482002258301
YJL062W-A,YNL162W,0,-0.21699537,0.11269461363554001,0.9391217827796936,0.7410482168197632
YJL156C,YBL055C,0,-0.21726346,0.11268111318349838,0.9391217827796936,0.7411482334136963
YBR156C,YHR207C,0,-0.21749984,0.11266762763261795,0.9391217827796936,0.7412482500076294
YLR371W,YKL195W,0,-0.21758096,0.11265413463115692,0.9391217827796936,0.7413482666015625
YEL038W,YDR117C,0,-0.21765804,0.11264064908027649,0.9391217827796936,0.7414482831954956
YLR127C,YPL017C,0,-0.2177223,0.11262717097997665,0.9391217827796936,0.7415482997894287
YDR231C,YJL056C,0,-0.21796282,0.11261369287967682,0.9391217827796936,0.7416483163833618
YLR154C,YGR002C,0,-0.21807334,0.11260021477937698,0.9391217827796936,0.7417483329772949
YOR075W,YNL213C,0,-0.2190507,0.11258674412965775,0.9391217827796936,0.741848349571228
YAL041W,YNL185C,0,-0.21908835,0.11257327347993851,0.9391217827796936,0.7419483661651611
YBL030C,YIL115C,0,-0.21918064,0.11255981028079987,0.9391217827796936,0.7420483827590942
YJR121W,YGL168W,0,-0.21937245,0.11254634708166122,0.9391217827796936,0.7421484589576721
YFL044C,YPL123C,0,-0.21962427,0.11253288388252258,0.9391217827796936,0.7422484755516052
YDR363W-A,YOR391C,0,-0.21964054,0.11251942813396454,0.9391217827796936,0.7423484921455383
YDL114W,YMR150C,0,-0.21991237,0.11250597983598709,0.9391217827796936,0.7424485087394714
YMR223W,YDR334W,0,-0.22012086,0.11249253153800964,0.9391217827796936,0.7425485253334045
YHR023W,YOR070C,0,-0.22033012,0.1124790832400322,0.9391217827796936,0.7426485419273376
YBL057C,YER112W,0,-0.22033983,0.11246564239263535,0.9391217827796936,0.7427485585212708
YBL030C,YDL080C,0,-0.22040181,0.1124522015452385,0.9391217827796936,0.7428485751152039
YPL022W,YBL060W,0,-0.22048075,0.11243876069784164,0.9391217827796936,0.742948591709137
YMR036C,YKR048C,0,-0.22111794,0.11242532730102539,0.9391217827796936,0.7430486083030701
YDR329C,YDL184C,0,-0.22121826,0.11241190135478973,0.9391217827796936,0.7431486248970032
YOR075W,YPR054W,0,-0.22130443,0.11239846795797348,0.9391217827796936,0.7432486414909363
YLR427W,YBR142W,0,-0.22130536,0.11238504946231842,0.9391217827796936,0.7433486580848694
YBR245C,YER051W,0,-0.22139141,0.11237162351608276,0.9391217827796936,0.7434486746788025
YBR097W,YLR446W,0,-0.22144583,0.1123582124710083,0.9391217827796936,0.7435486912727356
YPR042C,YLR014C,0,-0.22171347,0.11234479397535324,0.9391217827796936,0.7436487078666687
YDR003W,YKL042W,0,-0.22188377,0.11233138293027878,0.9391217827796936,0.7437487244606018
YDR363W-A,YJR155W,0,-0.22200017,0.11231797933578491,0.9391217827796936,0.7438487410545349
YDR347W,YDR219C,0,-0.22219977,0.11230456829071045,0.9391217827796936,0.7439488172531128
YER180C,YPR019W,0,-0.22234973,0.11229117214679718,0.9391217827796936,0.7440488338470459
YAL053W,YPR021C,0,-0.22270444,0.11227776855230331,0.9391217827796936,0.744148850440979
YER048W-A,YBR251W,0,-0.22301197,0.11226437240839005,0.9391217827796936,0.7442488670349121
YEL038W,YDR379W,0,-0.22338189,0.11225098371505737,0.9391217827796936,0.7443488836288452
YFL029C,YPL089C,0,-0.22344168,0.1122375950217247,0.9391217827796936,0.7444489002227783
YDR424C,YLR414C,0,-0.22354853,0.11222420632839203,0.9391217827796936,0.7445489168167114
YLR238W,YLR127C,0,-0.22359148,0.11221082508563995,0.9391217827796936,0.7446489334106445
YDR379W,YLR207W,0,-0.22414923,0.11219745129346848,0.9391217827796936,0.7447489500045776
YML018C,YAL020C,0,-0.22421,0.1121840700507164,0.9391217827796936,0.7448489665985107
YGR029W,YDL085W,0,-0.22435409,0.11217069625854492,0.9391217827796936,0.7449489831924438
YCR009C,YPL269W,0,-0.2245786,0.11215732991695404,0.9391217827796936,0.745048999786377
YMR224C,YDR534C,0,-0.22612071,0.11214396357536316,0.9391217827796936,0.7451490163803101
YML040W,YIL112W,0,-0.2263027,0.11213059723377228,0.9391217827796936,0.7452490329742432
YNL136W,YPL060W,0,-0.22662678,0.112117238342762,0.9391217827796936,0.7453490495681763
YOR384W,YGL227W,0,-0.22697358,0.1121038869023323,0.9391217827796936,0.7454490661621094
YJR158W,YOR211C,0,-0.22752458,0.11209052801132202,0.9391217827796936,0.7455490827560425
YNR070W,YLR318W,0,-0.22753613,0.11207717657089233,0.9391217827796936,0.7456491589546204
YPL111W,YCR075C,0,-0.22782686,0.11206383258104324,0.9391217827796936,0.7457491755485535
YNL242W,YGR062C,0,-0.22810644,0.11205048859119415,0.9391217827796936,0.7458491921424866
YNR008W,YOR131C,0,-0.22827123,0.11203714460134506,0.9391217827796936,0.7459492087364197
YDR315C,YDR418W,0,-0.2293482,0.11202380806207657,0.9391217827796936,0.7460492253303528
YBR158W,YDR069C,0,-0.22956409,0.11201047152280807,0.9391217827796936,0.7461492419242859
YJR121W,YMR201C,0,-0.23028293,0.11199714243412018,0.9391217827796936,0.746249258518219
YJL062W-A,YOL030W,0,-0.23069732,0.11198381334543228,0.9391217827796936,0.7463492751121521
YBR286W,YFL044C,0,-0.2317549,0.11197049170732498,0.9391217827796936,0.7464492917060852
YGR157W,YBR258C,1,-0.23177847,0.11207614839076996,0.940119743347168,0.7464492917060852
YJL065C,YER112W,0,-0.23180386,0.11206281185150146,0.940119743347168,0.7465493083000183
YGL147C,YPL090C,0,-0.23189674,0.11204948276281357,0.940119743347168,0.7466493248939514
YPR036W,YDR054C,0,-0.23203242,0.11203615367412567,0.940119743347168,0.7467493414878845
YEL016C,YJL052W,0,-0.23227932,0.11202283203601837,0.940119743347168,0.7468493580818176
YIL125W,YKR030W,0,-0.23306692,0.11200951039791107,0.940119743347168,0.7469493746757507
YNL158W,YOL149W,0,-0.23348044,0.11199619621038437,0.940119743347168,0.7470493912696838
YOL003C,YJL019W,0,-0.23361324,0.11198288202285767,0.940119743347168,0.7471494078636169
YCR009C,YIL034C,0,-0.23378713,0.11196956783533096,0.940119743347168,0.74724942445755
YLR266C,YMR045C,0,-0.23390351,0.11195626109838486,0.940119743347168,0.7473494410514832
YGL213C,YDR456W,0,-0.2340413,0.11194296181201935,0.940119743347168,0.747449517250061
YMR235C,YHR143W,0,-0.23408268,0.11192965507507324,0.940119743347168,0.7475495338439941
YJL143W,YMR297W,0,-0.2341426,0.11191636323928833,0.940119743347168,0.7476495504379272
YMR292W,YOR080W,0,-0.23428336,0.11190306395292282,0.940119743347168,0.7477495670318604
YOR384W,YMR217W,0,-0.23430678,0.11188977211713791,0.940119743347168,0.7478495836257935
YGR262C,YER184C,0,-0.23527683,0.1118764877319336,0.940119743347168,0.7479496002197266
YDL229W,YDL051W,0,-0.2352826,0.11186319589614868,0.940119743347168,0.7480496168136597
YNR061C,YDR128W,0,-0.2360478,0.11184991896152496,0.940119743347168,0.7481496334075928
YNL210W,YGL206C,0,-0.23664686,0.11183663457632065,0.940119743347168,0.7482496500015259
YDR056C,YPL159C,0,-0.23718119,0.11182336509227753,0.940119743347168,0.748349666595459
YBR245C,YKL034W,0,-0.23740722,0.11181008815765381,0.940119743347168,0.7484496831893921
YLR096W,YDR088C,0,-0.23765002,0.11179681867361069,0.940119743347168,0.7485496997833252
YHL047C,YOR270C,0,-0.23872818,0.11178354918956757,0.940119743347168,0.7486497163772583
YMR184W,YGR001C,0,-0.23913012,0.11177028715610504,0.940119743347168,0.7487497329711914
YBL061C,YOR270C,0,-0.23941186,0.11175703257322311,0.940119743347168,0.7488497495651245
YHL047C,YLL035W,0,-0.23957887,0.11174377053976059,0.940119743347168,0.7489497661590576
YEL002C,YPL153C,0,-0.23976712,0.11173051595687866,0.940119743347168,0.7490497827529907
YOR373W,YOR043W,0,-0.2397719,0.11171726882457733,0.940119743347168,0.7491498589515686
YDR466W,YEL061C,0,-0.24054882,0.111704021692276,0.940119743347168,0.7492498755455017
YAL023C,YER007W,0,-0.24070346,0.11169077455997467,0.940119743347168,0.7493498921394348
YHR013C,YGR075C,0,-0.2407652,0.11167753487825394,0.940119743347168,0.7494499087333679
YDL065C,YLR327C,0,-0.24123694,0.1116642951965332,0.940119743347168,0.749549925327301
YGR241C,YJL156C,0,-0.24167423,0.11165106296539307,0.940119743347168,0.7496499419212341
YDR022C,YLR078C,0,-0.24193144,0.11163783073425293,0.940119743347168,0.7497499585151672
YFR015C,YOR221C,0,-0.24227305,0.11162459850311279,0.940119743347168,0.7498499751091003
YAL043C,YJL136C,0,-0.24270125,0.11161137372255325,0.940119743347168,0.7499499917030334
YPL208W,YOR074C,1,-0.2427168,0.1117166206240654,0.9411177635192871,0.7499499917030334
YLR238W,YER131W,0,-0.24286725,0.11170338839292526,0.9411177635192871,0.7500500082969666
YDR071C,YDR096W,0,-0.24346957,0.11169015616178513,0.9411177635192871,0.7501500248908997
YLR418C,YPR184W,0,-0.24360351,0.11167693138122559,0.9411177635192871,0.7502500414848328
YHL044W,YOR076C,0,-0.24377307,0.11166370660066605,0.9411177635192871,0.7503500580787659
YBR286W,YIL112W,0,-0.24432494,0.1116504818201065,0.9411177635192871,0.750450074672699
YBR024W,YMR122W-A,0,-0.24443686,0.11163726449012756,0.9411177635192871,0.7505500912666321
YOL030W,YGR106C,0,-0.2444991,0.11162405461072922,0.9411177635192871,0.7506501078605652
YOR288C,YPR081C,0,-0.24451217,0.11161084473133087,0.9411177635192871,0.7507501244544983
YOR384W,YKL143W,0,-0.24475451,0.11159763485193253,0.9411177635192871,0.7508501410484314
YDR170W-A,YIL093C,0,-0.24495317,0.11158442497253418,0.9411177635192871,0.7509502172470093
YPR036W,YPL123C,0,-0.24522479,0.11157122254371643,0.9411177635192871,0.7510502338409424
YBL088C,YJL170C,0,-0.24536471,0.11155802756547928,0.9411177635192871,0.7511502504348755
YMR098C,YMR198W,0,-0.24583362,0.11154483258724213,0.9411177635192871,0.7512502670288086
YBR001C,YMR094W,0,-0.24584766,0.11153163760900497,0.9411177635192871,0.7513502836227417
YNR050C,YHR086W,0,-0.2459389,0.11151845008134842,0.9411177635192871,0.7514503002166748
YBR012W-A,YEL065W,0,-0.24612084,0.11150526255369186,0.9411177635192871,0.7515503168106079
YDR532C,YER087C-A,0,-0.24622343,0.11149207502603531,0.9411177635192871,0.751650333404541
YPR118W,YJR075W,0,-0.24634857,0.11147889494895935,0.9411177635192871,0.7517503499984741
YJL044C,YNL091W,0,-0.24648066,0.11146572232246399,0.9411177635192871,0.7518503665924072
YOL133W,YPL059W,0,-0.24661843,0.11145254969596863,0.9411177635192871,0.7519503831863403
YPR042C,YCL066W,0,-0.24667911,0.11143937706947327,0.9411177635192871,0.7520503997802734
YJL048C,YPL194W,0,-0.2469453,0.1114262118935585,0.9411177635192871,0.7521504163742065
YIL125W,YLR158C,0,-0.24709119,0.11141304671764374,0.9411177635192871,0.7522504329681396
YDL185W,YOR326W,0,-0.24712926,0.11139988154172897,0.9411177635192871,0.7523504495620728
YLR450W,YOR270C,0,-0.24749789,0.1113867238163948,0.9411177635192871,0.7524504661560059
YER029C,YDR071C,0,-0.2476253,0.11137356609106064,0.9411177635192871,0.752550482749939
YKL010C,YOR233W,0,-0.24773134,0.11136041581630707,0.9411177635192871,0.7526505589485168
YER106W,YER012W,0,-0.24832742,0.1113472655415535,0.9411177635192871,0.75275057554245
YLR212C,YJL101C,0,-0.24833132,0.11133412271738052,0.9411177635192871,0.7528505921363831
YPL074W,YGR002C,0,-0.24878486,0.11132097989320755,0.9411177635192871,0.7529506087303162
YOR201C,YNL322C,0,-0.24916218,0.11130783706903458,0.9411177635192871,0.7530506253242493
YBR156C,YIR002C,0,-0.24917878,0.1112947016954422,0.9411177635192871,0.7531506419181824
YPR063C,YGR156W,0,-0.24977952,0.11128156632184982,0.9411177635192871,0.7532506585121155
YOL067C,YLR015W,0,-0.2504484,0.11126843839883804,0.9411177635192871,0.7533506751060486
YBR198C,YNL185C,0,-0.25107312,0.11125531047582626,0.9411177635192871,0.7534506916999817
YMR166C,YLR439W,0,-0.25177574,0.11124218255281448,0.9411177635192871,0.7535507082939148
YNL136W,YDR231C,0,-0.25242138,0.1112290620803833,0.9411177635192871,0.7536507248878479
YJL125C,YPR122W,0,-0.25263435,0.11121594160795212,0.9411177635192871,0.753750741481781
YBL078C,YKL011C,0,-0.2529514,0.11120282858610153,0.9411177635192871,0.7538507580757141
YJL062W-A,YEL021W,0,-0.25371012,0.11118971556425095,0.9411177635192871,0.7539507746696472
YIR014W,YNL158W,0,-0.2537374,0.11117660999298096,0.9411177635192871,0.7540507912635803
YJL044C,YPL017C,0,-0.25439364,0.11116350442171097,0.9411177635192871,0.7541508078575134
YBR022W,YKL100C,0,-0.2545572,0.11115039885044098,0.9411177635192871,0.7542508244514465
YKR062W,YLR154C,0,-0.2561221,0.11113730072975159,0.9411177635192871,0.7543508410453796
YLR008C,YOR057W,0,-0.2566524,0.1111242026090622,0.9411177635192871,0.7544509172439575
YKL135C,YNR020C,0,-0.2574913,0.1111111119389534,0.9411177635192871,0.7545509338378906
YJR076C,YBL037W,0,-0.25769293,0.1110980212688446,0.9411177635192871,0.7546509504318237
YDL210W,YDR283C,0,-0.25812364,0.11108493059873581,0.9411177635192871,0.7547509670257568
YFL044C,YOL007C,0,-0.25831866,0.11107184737920761,0.9411177635192871,0.7548509836196899
YML027W,YOL138C,0,-0.2583903,0.11105877161026001,0.9411177635192871,0.754951000213623
YML005W,YOL141W,1,-0.25906503,0.11116344481706619,0.9421157836914062,0.754951000213623
YLR446W,YPL186C,0,-0.25942695,0.111150361597538,0.9421157836914062,0.7550510168075562
YHL040C,YAR019C,0,-0.25957876,0.1111372709274292,0.9421157836914062,0.7551510334014893
YMR306W,YBR289W,0,-0.25958908,0.111124187707901,0.9421157836914062,0.7552510499954224
YJR045C,YAL044C,0,-0.2595992,0.1111111119389534,0.9421157836914062,0.7553510665893555
YDR013W,YKL108W,0,-0.2599614,0.1110980361700058,0.9421157836914062,0.7554510831832886
YDR533C,YML048W,0,-0.26083386,0.1110849604010582,0.9421157836914062,0.7555510997772217
YGL089C,YOL152W,0,-0.26085562,0.11107189208269119,0.9421157836914062,0.7556511163711548
YGR263C,YPR031W,0,-0.26093954,0.11105882376432419,0.9421157836914062,0.7557511329650879
YNL322C,YER164W,0,-0.2616457,0.11104576289653778,0.9421157836914062,0.755851149559021
YDR329C,YDR326C,0,-0.26216173,0.11103269457817078,0.9421157836914062,0.7559511661529541
YHR076W,YJL102W,0,-0.26278406,0.11101964116096497,0.9421157836914062,0.7560511827468872
YLR418C,YDL204W,0,-0.26288852,0.11100658774375916,0.9421157836914062,0.7561512589454651
YDR466W,YJL025W,0,-0.26292992,0.11099353432655334,0.9421157836914062,0.7562512755393982
YDR038C,YJR065C,0,-0.2630212,0.11098048090934753,0.9421157836914062,0.7563512921333313
YLR283W,YDR368W,0,-0.26360133,0.11096743494272232,0.9421157836914062,0.7564513087272644
YOR257W,YGL227W,0,-0.2638603,0.1109543964266777,0.9421157836914062,0.7565513253211975
YGL095C,YPR032W,0,-0.26423478,0.11094135791063309,0.9421157836914062,0.7566513419151306
YLR238W,YCR081W,0,-0.26445568,0.11092831939458847,0.9421157836914062,0.7567513585090637
YBR033W,YBR289W,0,-0.26461938,0.11091528832912445,0.9421157836914062,0.7568513751029968
YHR021C,YKR030W,0,-0.26541317,0.11090225726366043,0.9421157836914062,0.7569513916969299
YFL004W,YKL164C,0,-0.26547527,0.11088922619819641,0.9421157836914062,0.757051408290863
YMR306W,YGL040C,0,-0.26601088,0.11087620258331299,0.9421157836914062,0.7571514248847961
YOR155C,YOR374W,0,-0.26606035,0.11086317896842957,0.9421157836914062,0.7572514414787292
YDR456W,YML063W,0,-0.26665008,0.11085016280412674,0.9421157836914062,0.7573514580726624
YNL001W,YNL213C,0,-0.26665568,0.11083714663982391,0.9421157836914062,0.7574514746665955
YOR265W,YER112W,0,-0.26667976,0.11082413792610168,0.9421157836914062,0.7575514912605286
YBR283C,YBR213W,0,-0.26678252,0.11081112921237946,0.9421157836914062,0.7576515078544617
YPR036W,YDR342C,0,-0.26705015,0.11079812049865723,0.9421157836914062,0.7577515244483948
YIR037W,YKL017C,0,-0.26737085,0.1107851192355156,0.9421157836914062,0.7578515410423279
YDL137W,YMR022W,0,-0.2674906,0.11077211797237396,0.9421157836914062,0.7579516172409058
YMR298W,YOR269W,0,-0.26763988,0.11075912415981293,0.9421157836914062,0.7580516338348389
YER068W,YNL012W,0,-0.26777565,0.11074613034725189,0.9421157836914062,0.758151650428772
YNL146W,YGR071C,0,-0.26780897,0.11073313653469086,0.9421157836914062,0.7582516670227051
YJR015W,YOL072W,0,-0.26800686,0.11072015017271042,0.9421157836914062,0.7583516836166382
YOL152W,YJR001W,0,-0.26892412,0.11070716381072998,0.9421157836914062,0.7584517002105713
YJL165C,YOR069W,0,-0.26901025,0.11069418489933014,0.9421157836914062,0.7585517168045044
YCR020C,YBL106C,0,-0.269185,0.1106812059879303,0.9421157836914062,0.7586517333984375
YOR211C,YDR031W,0,-0.26972657,0.11066822707653046,0.9421157836914062,0.7587517499923706
YOR347C,YHR181W,0,-0.26982403,0.11065525561571121,0.9421157836914062,0.7588517665863037
YFL047W,YPR054W,0,-0.26986533,0.11064228415489197,0.9421157836914062,0.7589517831802368
YJR009C,YNL212W,0,-0.2711947,0.11062932014465332,0.9421157836914062,0.7590517997741699
YJR015W,YAL058W,0,-0.2712267,0.11061635613441467,0.9421157836914062,0.759151816368103
YLR364W,YOR242C,0,-0.27190685,0.11060339957475662,0.9421157836914062,0.7592518329620361
YAL058W,YIR009W,0,-0.27209365,0.11059044301509857,0.9421157836914062,0.7593518495559692
YBL069W,YOL072W,0,-0.27214688,0.11057748645544052,0.9421157836914062,0.7594518661499023
YKR058W,YER051W,0,-0.27236676,0.11056453734636307,0.9421157836914062,0.7595518827438354
YHR171W,YDR421W,0,-0.27245,0.11055158823728561,0.9421157836914062,0.7596519589424133
YPR192W,YOL149W,0,-0.27376473,0.11053863912820816,0.9421157836914062,0.7597519755363464
YHR109W,YBR175W,1,-0.2737658,0.11064278334379196,0.9431137442588806,0.7597519755363464
YDR170W-A,YJR022W,0,-0.274334,0.11062982678413391,0.9431137442588806,0.7598519921302795
YML116W,YBR241C,0,-0.2751394,0.11061687767505646,0.9431137442588806,0.7599520087242126
YMR036C,YNL119W,0,-0.27536374,0.1106039360165596,0.9431137442588806,0.7600520253181458
YPR186C,YPL111W,0,-0.27537233,0.11059098690748215,0.9431137442588806,0.7601520419120789
YMR166C,YGR009C,0,-0.2757411,0.11057804524898529,0.9431137442588806,0.760252058506012
YKL004W,YJR076C,0,-0.2763703,0.11056511104106903,0.9431137442588806,0.7603520750999451
YHR209W,YGR157W,1,-0.27665508,0.11066916584968567,0.9441117644309998,0.7603520750999451
YPL059W,YDL200C,0,-0.27675962,0.11065621674060822,0.9441117644309998,0.7604520916938782
YHL004W,YNL339C,0,-0.27719837,0.11064327508211136,0.9441117644309998,0.7605521082878113
YMR198W,YAL013W,0,-0.2772023,0.1106303334236145,0.9441117644309998,0.7606521248817444
YGR184C,YDR402C,0,-0.2773078,0.11061739921569824,0.9441117644309998,0.7607521414756775
YLR418C,YLR427W,0,-0.278052,0.11060446500778198,0.9441117644309998,0.7608521580696106
YDR050C,YPL231W,0,-0.2781034,0.11059153825044632,0.9441117644309998,0.7609521746635437
YBL103C,YDR219C,0,-0.27810514,0.11057861149311066,0.9441117644309998,0.7610521912574768
YJL165C,YPL195W,0,-0.27833456,0.110565684735775,0.9441117644309998,0.7611522078514099
YNL242W,YDR503C,0,-0.27900046,0.11055276542901993,0.9441117644309998,0.761252224445343
YOL157C,YOR244W,0,-0.27936953,0.11053984612226486,0.9441117644309998,0.7613522410392761
YDR329C,YOR070C,0,-0.2794099,0.1105269342660904,0.9441117644309998,0.761452317237854
YOR155C,YDR077W,0,-0.27966696,0.11051402240991592,0.9441117644309998,0.7615523338317871
YDR219C,YBR097W,0,-0.2816406,0.11050111055374146,0.9441117644309998,0.7616523504257202
YFR032C-A,YBL055C,0,-0.28195077,0.11048820614814758,0.9441117644309998,0.7617523670196533
YPL271W,YDR320C-A,0,-0.28201902,0.11047530174255371,0.9441117644309998,0.7618523836135864
YGR274C,YBR122C,0,-0.28203893,0.11046239733695984,0.9441117644309998,0.7619524002075195
YNL291C,YFL037W,0,-0.28219497,0.11044950038194656,0.9441117644309998,0.7620524168014526
YOR288C,YLR079W,0,-0.2822845,0.11043661087751389,0.9441117644309998,0.7621524333953857
YDR388W,YPL194W,0,-0.28258413,0.11042372137308121,0.9441117644309998,0.7622524499893188
YOR151C,YMR042W,0,-0.28290033,0.11041083186864853,0.9441117644309998,0.762352466583252
YDR466W,YNL301C,0,-0.28304487,0.11039794236421585,0.9441117644309998,0.7624524831771851
YDR520C,YOR014W,0,-0.283252,0.11038506776094437,0.9441117644309998,0.7625524997711182
YPR063C,YJL148W,0,-0.28339767,0.11037218570709229,0.9441117644309998,0.7626525163650513
YLR439W,YGR295C,0,-0.2837271,0.1103593111038208,0.9441117644309998,0.7627525329589844
YLR427W,YER153C,0,-0.28459233,0.11034643650054932,0.9441117644309998,0.7628525495529175
YDR532C,YLR427W,0,-0.2847789,0.11033356934785843,0.9441117644309998,0.7629525661468506
YIR036C,YNL289W,0,-0.28504983,0.11032070219516754,0.9441117644309998,0.7630525827407837
YDL120W,YOR244W,0,-0.28506643,0.11030783504247665,0.9441117644309998,0.7631526589393616
YMR211W,YLR385C,0,-0.285229,0.11029497534036636,0.9441117644309998,0.7632526755332947
YJL041W,YMR311C,0,-0.2856389,0.11028211563825607,0.9441117644309998,0.7633526921272278
YCR028C,YMR224C,0,-0.28578317,0.11026926338672638,0.9441117644309998,0.7634527087211609
YGL223C,YPL106C,0,-0.28588355,0.11025641113519669,0.9441117644309998,0.763552725315094
YMR139W,YDR128W,0,-0.2863918,0.11024355888366699,0.9441117644309998,0.7636527419090271
YOR116C,YBR158W,0,-0.28703272,0.1102307140827179,0.9441117644309998,0.7637527585029602
YOR066W,YER147C,0,-0.28717387,0.1102178692817688,0.9441117644309998,0.7638527750968933
YOL100W,YKL059C,0,-0.28762174,0.1102050319314003,0.9441117644309998,0.7639527916908264
YDR170W-A,YGL210W,0,-0.28771904,0.1101921945810318,0.9441117644309998,0.7640528082847595
YGR026W,YPL194W,0,-0.287779,0.1101793646812439,0.9441117644309998,0.7641528248786926
YOR167C,YJR068W,0,-0.28905034,0.1101665273308754,0.9441117644309998,0.7642528414726257
YGR058W,YIR009W,0,-0.2890639,0.11015370488166809,0.9441117644309998,0.7643528580665588
YOR174W,YGL141W,0,-0.28908604,0.11014087498188019,0.9441117644309998,0.7644528746604919
YJR058C,YPR016C,0,-0.28925526,0.11012805253267288,0.9441117644309998,0.764552891254425
YJL170C,YKL042W,0,-0.2900554,0.11011523753404617,0.9441117644309998,0.7646529078483582
YMR122W-A,YOR211C,0,-0.29014635,0.11010242253541946,0.9441117644309998,0.7647529244422913
YMR042W,YFR005C,0,-0.2904879,0.11008960753679276,0.9441117644309998,0.7648529410362244
YBR123C,YJL136C,0,-0.2905408,0.11007679998874664,0.9441117644309998,0.7649530172348022
YAR019C,YAR018C,0,-0.2919251,0.11006399244070053,0.9441117644309998,0.7650530338287354
YOR124C,YNL166C,0,-0.29217935,0.11005118489265442,0.9441117644309998,0.7651530504226685
YDL130W,YBR231C,0,-0.2925926,0.1100383847951889,0.9441117644309998,0.7652530670166016
YLR373C,YOR322C,0,-0.29315585,0.11002558469772339,0.9441117644309998,0.7653530836105347
YER027C,YHR181W,0,-0.2933098,0.11001279205083847,0.9441117644309998,0.7654531002044678
YDR312W,YPR122W,0,-0.29394844,0.10999999940395355,0.9441117644309998,0.7655531167984009
YNL291C,YER112W,0,-0.29406118,0.10998721420764923,0.9441117644309998,0.765653133392334
YBR058C,YNL128W,0,-0.29426116,0.10997442156076431,0.9441117644309998,0.7657531499862671
YJL072C,YPR096C,0,-0.2945367,0.10996164381504059,0.9441117644309998,0.7658531665802002
YJR139C,YOR211C,0,-0.29468626,0.10994885861873627,0.9441117644309998,0.7659531831741333
YJR022W,YGR076C,0,-0.29500183,0.10993608087301254,0.9441117644309998,0.7660531997680664
YOR384W,YML009C,0,-0.2953806,0.10992331057786942,0.9441117644309998,0.7661532163619995
YDL137W,YBL061C,0,-0.29550207,0.10991054028272629,0.9441117644309998,0.7662532329559326
YMR051C,YOR120W,0,-0.29564574,0.10989776998758316,0.9441117644309998,0.7663532495498657
YLR266C,YPR168W,0,-0.29564777,0.10988500714302063,0.9441117644309998,0.7664532661437988
YOR143C,YPR073C,0,-0.29612696,0.1098722442984581,0.9441117644309998,0.7665532827377319
YPL059W,YDR139C,0,-0.2962293,0.10985948145389557,0.9441117644309998,0.7666533589363098
YDR242W,YKL116C,0,-0.2962519,0.10984672605991364,0.9441117644309998,0.7667533755302429
YPR049C,YDL080C,0,-0.29637164,0.1098339706659317,0.9441117644309998,0.766853392124176
YMR023C,YOR233W,0,-0.2969516,0.10982122272253036,0.9441117644309998,0.7669534087181091
YNL227C,YPR122W,0,-0.29696792,0.10980847477912903,0.9441117644309998,0.7670534253120422
YKL042W,YLR120C,0,-0.2970593,0.10979572683572769,0.9441117644309998,0.7671534419059753
YIL072W,YOR337W,0,-0.29710168,0.10978298634290695,0.9441117644309998,0.7672534584999084
YOR384W,YDR224C,0,-0.2971583,0.10977024585008621,0.9441117644309998,0.7673534750938416
YBR087W,YER051W,0,-0.29765412,0.10975751280784607,0.9441117644309998,0.7674534916877747
YPL051W,YHR081W,0,-0.29812133,0.10974477976560593,0.9441117644309998,0.7675535082817078
YPR063C,YLR343W,0,-0.298517,0.10973204672336578,0.9441117644309998,0.7676535248756409
YDL017W,YPR032W,0,-0.29866856,0.10971932113170624,0.9441117644309998,0.767753541469574
YBR159W,YDR501W,0,-0.29899484,0.10970659554004669,0.9441117644309998,0.7678535580635071
YNR008W,YNL242W,0,-0.30057788,0.10969387739896774,0.9441117644309998,0.7679535746574402
YGL253W,YER111C,0,-0.30081248,0.1096811592578888,0.9441117644309998,0.7680535912513733
YER053C,YML081C-A,0,-0.3014657,0.10966844111680984,0.9441117644309998,0.7681536078453064
YGR295C,YPL028W,0,-0.30258125,0.10965573042631149,0.9441117644309998,0.7682536244392395
YPL106C,YDL017W,0,-0.3031734,0.10964301973581314,0.9441117644309998,0.7683536410331726
YER087C-A,YLR134W,0,-0.30362827,0.10963031649589539,0.9441117644309998,0.7684537172317505
YMR086W,YJL101C,0,-0.30384588,0.10961761325597763,0.9441117644309998,0.7685537338256836
YER095W,YJR098C,0,-0.303968,0.10960491001605988,0.9441117644309998,0.7686537504196167
YLR364W,YLR192C,0,-0.30413336,0.10959221422672272,0.9441117644309998,0.7687537670135498
YNL136W,YGR001C,0,-0.30451554,0.10957951843738556,0.9441117644309998,0.7688537836074829
YOL007C,YBR231C,0,-0.30474687,0.109566830098629,0.9441117644309998,0.768953800201416
YHR101C,YDR356W,0,-0.30531335,0.10955414175987244,0.9441117644309998,0.7690538167953491
YGL213C,YFL036W,0,-0.30620793,0.10954145342111588,0.9441117644309998,0.7691538333892822
YJL165C,YML104C,0,-0.3066551,0.10952877253293991,0.9441117644309998,0.7692538499832153
YKL183W,YNL061W,0,-0.30790073,0.10951609164476395,0.9441117644309998,0.7693538665771484
YNL306W,YNL213C,0,-0.30825365,0.10950341820716858,0.9441117644309998,0.7694538831710815
YOL030W,YJL164C,0,-0.30865425,0.10949073731899261,0.9441117644309998,0.7695538997650146
YLR419W,YDR362C,0,-0.30880398,0.10947807133197784,0.9441117644309998,0.7696539163589478
YDR503C,YCL047C,0,-0.30938125,0.10946539789438248,0.9441117644309998,0.7697539329528809
YLR450W,YDL095W,0,-0.3100195,0.1094527393579483,0.9441117644309998,0.769853949546814
YGR076C,YPL149W,0,-0.3101263,0.10944007337093353,0.9441117644309998,0.7699539661407471
YDL007W,YNL189W,0,-0.31024176,0.10942741483449936,0.9441117644309998,0.7700539827346802
YCR096C,YEL016C,0,-0.31082606,0.10941475629806519,0.9441117644309998,0.7701540589332581
YMR297W,YPL085W,0,-0.31103462,0.10940210521221161,0.9441117644309998,0.7702540755271912
YNL024C,YDL033C,1,-0.31129763,0.10950508713722229,0.9451097846031189,0.7702540755271912
YLR170C,YOR143C,0,-0.31153354,0.10949242860078812,0.9451097846031189,0.7703540921211243
YMR316W,YGR002C,0,-0.3115374,0.10947977006435394,0.9451097846031189,0.7704541087150574
YJL106W,YER020W,0,-0.31222367,0.10946711152791977,0.9451097846031189,0.7705541253089905
YBR176W,YBR258C,1,-0.31251603,0.10957004129886627,0.946107804775238,0.7705541253089905
YDL190C,YMR165C,0,-0.31338423,0.1095573753118515,0.946107804775238,0.7706541419029236
YLL062C,YJL073W,0,-0.31339687,0.10954471677541733,0.946107804775238,0.7707541584968567
YJL198W,YCL069W,0,-0.31346554,0.10953206568956375,0.946107804775238,0.7708541750907898
YGL213C,YLR459W,0,-0.3135361,0.10951940715312958,0.946107804775238,0.7709541916847229
YDL101C,YHR207C,0,-0.31410596,0.109506756067276,0.946107804775238,0.771054208278656
YER044C,YLR121C,0,-0.31419876,0.10949411243200302,0.946107804775238,0.7711542248725891
YFL002W-A,YJL136C,0,-0.31432527,0.10948146134614944,0.946107804775238,0.7712542414665222
YIL150C,YDR326C,0,-0.31437337,0.10946882516145706,0.946107804775238,0.7713542580604553
YPR042C,YNL101W,0,-0.31455654,0.10945618152618408,0.946107804775238,0.7714542746543884
YHR021C,YJL129C,0,-0.31470054,0.1094435453414917,0.946107804775238,0.7715542912483215
YOR257W,YBR159W,0,-0.31493336,0.10943091660737991,0.946107804775238,0.7716543078422546
YDR532C,YER153C,0,-0.3152489,0.10941828042268753,0.946107804775238,0.7717543244361877
YOR356W,YNL151C,0,-0.31561604,0.10940565168857574,0.946107804775238,0.7718544006347656
YHL004W,YKL017C,0,-0.3165992,0.10939303040504456,0.946107804775238,0.7719544172286987
YLL001W,YAL012W,0,-0.3167143,0.10938040912151337,0.946107804775238,0.7720544338226318
YEL050C,YKL017C,0,-0.31687516,0.10936778783798218,0.946107804775238,0.7721544504165649
YOL064C,YNR045W,0,-0.31705308,0.10935517400503159,0.946107804775238,0.772254467010498
YBR264C,YER153C,0,-0.317751,0.109342560172081,0.946107804775238,0.7723544836044312
YIL172C,YKL042W,0,-0.3182456,0.109329953789711,0.946107804775238,0.7724545001983643
YBL017C,YJL073W,0,-0.31834397,0.1093173399567604,0.946107804775238,0.7725545167922974
YBR207W,YGR075C,0,-0.3187614,0.10930474102497101,0.946107804775238,0.7726545333862305
YNL012W,YMR312W,0,-0.31936514,0.10929213464260101,0.946107804775238,0.7727545499801636
YMR051C,YCL027W,0,-0.3194939,0.10927953571081161,0.946107804775238,0.7728545665740967
YDR265W,YCR094W,0,-0.31980515,0.10926694422960281,0.946107804775238,0.7729545831680298
YER174C,YDR320C-A,0,-0.3198859,0.10925435274839401,0.946107804775238,0.7730545997619629
YDL019C,YDR387C,0,-0.31997597,0.10924176126718521,0.946107804775238,0.773154616355896
YOR322C,YCL057C-A,0,-0.3210831,0.109229177236557,0.946107804775238,0.7732546329498291
YAL043C,YLR286C,0,-0.3219241,0.1092165932059288,0.946107804775238,0.7733546495437622
YOL072W,YIR009W,0,-0.32230008,0.1092040091753006,0.946107804775238,0.7734546661376953
YPR063C,YLR419W,0,-0.32268077,0.10919143259525299,0.946107804775238,0.7735546827316284
YPL194W,YGL155W,0,-0.3227058,0.10917885601520538,0.946107804775238,0.7736547589302063
YOR151C,YJR029W,0,-0.32273692,0.10916627943515778,0.946107804775238,0.7737547755241394
YKR104W,YER164W,0,-0.3233412,0.10915371030569077,0.946107804775238,0.7738547921180725
YGR035C,YBL057C,0,-0.3234409,0.10914114862680435,0.946107804775238,0.7739548087120056
YOL147C,YER020W,0,-0.3237319,0.10912857949733734,0.946107804775238,0.7740548253059387
YMR043W,YJL052W,0,-0.32508427,0.10911602526903152,0.946107804775238,0.7741548418998718
YIR014W,YKL135C,0,-0.32659978,0.10910346359014511,0.946107804775238,0.7742548584938049
YDL137W,YLR427W,0,-0.3268947,0.1090909093618393,0.946107804775238,0.774354875087738
YIL004C,YDR050C,0,-0.3272157,0.10907835513353348,0.946107804775238,0.7744548916816711
YOR257W,YLR158C,0,-0.3278247,0.10906580835580826,0.946107804775238,0.7745549082756042
YAL043C,YMR056C,0,-0.32787848,0.10905326157808304,0.946107804775238,0.7746549248695374
YIL172C,YLR266C,0,-0.32801706,0.10904071480035782,0.946107804775238,0.7747549414634705
YHR044C,YBR040W,0,-0.32933956,0.1090281754732132,0.946107804775238,0.7748549580574036
YNL301C,YDR055W,0,-0.32941443,0.10901563614606857,0.946107804775238,0.7749549746513367
YBR286W,YBL088C,0,-0.32967967,0.10900310426950455,0.946107804775238,0.7750549912452698
YDL130W,YDR071C,0,-0.3301828,0.10899057239294052,0.946107804775238,0.7751550078392029
YDR158W,YER106W,0,-0.3306917,0.1089780405163765,0.946107804775238,0.775255024433136
YKR059W,YJR068W,0,-0.33089462,0.10896551609039307,0.946107804775238,0.7753551006317139
YIL034C,YCL057C-A,0,-0.33239126,0.10895299166440964,0.946107804775238,0.775455117225647
YBL103C,YNL311C,0,-0.33297175,0.1089404746890068,0.946107804775238,0.7755551338195801
YHR206W,YOR346W,0,-0.333066,0.10892795771360397,0.946107804775238,0.7756551504135132
YDL108W,YMR311C,0,-0.33324814,0.10891544073820114,0.946107804775238,0.7757551670074463
YPL195W,YML081C-A,0,-0.3332554,0.1089029312133789,0.946107804775238,0.7758551836013794
YJL052W,YER030W,0,-0.3334823,0.10889042168855667,0.946107804775238,0.7759552001953125
YLR109W,YML115C,0,-0.33349836,0.10887791216373444,0.946107804775238,0.7760552167892456
YPR049C,YBL060W,0,-0.33407807,0.1088654100894928,0.946107804775238,0.7761552333831787
YDL229W,YPR063C,0,-0.3340987,0.10885290801525116,0.946107804775238,0.7762552499771118
YNL046W,YPL149W,0,-0.33827037,0.10884041339159012,0.946107804775238,0.7763552665710449
YDR071C,YOR070C,0,-0.3383159,0.10882791876792908,0.946107804775238,0.776455283164978
YDR052C,YML042W,0,-0.3383448,0.10881542414426804,0.946107804775238,0.7765552997589111
YNL206C,YPL195W,0,-0.33874553,0.10880293697118759,0.946107804775238,0.7766553163528442
YGR088W,YGR071C,0,-0.33902305,0.10879044979810715,0.946107804775238,0.7767553329467773
YGL003C,YGR162W,0,-0.34007788,0.1087779700756073,0.946107804775238,0.7768553495407104
YGR026W,YIR006C,0,-0.3401984,0.10876549035310745,0.946107804775238,0.7769553661346436
YJL065C,YHR017W,0,-0.3406248,0.1087530106306076,0.946107804775238,0.7770553827285767
YIL051C,YDR322W,0,-0.34087735,0.10874053835868835,0.946107804775238,0.7771554589271545
YCL055W,YNL146W,0,-0.3420663,0.1087280660867691,0.946107804775238,0.7772554755210876
YMR070W,YEL017C-A,0,-0.34280723,0.10871559381484985,0.946107804775238,0.7773554921150208
YFL041W,YOR120W,0,-0.34303954,0.1087031289935112,0.946107804775238,0.7774555087089539
YNL049C,YML116W,0,-0.3431667,0.10869066417217255,0.946107804775238,0.777555525302887
YBL075C,YPR156C,0,-0.3431881,0.10867820680141449,0.946107804775238,0.7776555418968201
YOR047C,YPL153C,0,-0.34325516,0.10866574943065643,0.946107804775238,0.7777555584907532
YDR265W,YML095C,0,-0.3434032,0.10865329205989838,0.946107804775238,0.7778555750846863
YOR063W,YGR218W,0,-0.34376645,0.10864084213972092,0.946107804775238,0.7779555916786194
YNL001W,YNL159C,0,-0.34383333,0.10862839221954346,0.946107804775238,0.7780556082725525
YEL015W,YJL190C,0,-0.34449744,0.1086159497499466,0.946107804775238,0.7781556248664856
YJL072C,YJL073W,0,-0.3452965,0.10860350728034973,0.946107804775238,0.7782556414604187
YKL173W,YKR050W,0,-0.3453142,0.10859106481075287,0.946107804775238,0.7783556580543518
YPL060W,YGL185C,0,-0.3456213,0.1085786297917366,0.946107804775238,0.7784556746482849
YGR106C,YOR369C,0,-0.34603167,0.10856619477272034,0.946107804775238,0.778555691242218
YDR531W,YDR334W,0,-0.34668416,0.10855375975370407,0.946107804775238,0.7786557078361511
YMR287C,YIL115C,0,-0.3472501,0.1085413321852684,0.946107804775238,0.7787557244300842
YPR132W,YNL098C,0,-0.3479514,0.10852890461683273,0.946107804775238,0.7788558006286621
YGR223C,YNL310C,0,-0.34896904,0.10851648449897766,0.946107804775238,0.7789558172225952
YBL103C,YGL128C,0,-0.3490274,0.10850406438112259,0.946107804775238,0.7790558338165283
YNL242W,YDR510W,0,-0.34908062,0.10849164426326752,0.946107804775238,0.7791558504104614
YLR126C,YDR231C,0,-0.34953356,0.10847923159599304,0.946107804775238,0.7792558670043945
YEL017C-A,YGL185C,0,-0.34959242,0.10846681892871857,0.946107804775238,0.7793558835983276
YHR143W,YER051W,0,-0.3503738,0.10845441371202469,0.946107804775238,0.7794559001922607
YLR419W,YAL058W,0,-0.3509559,0.10844200104475021,0.946107804775238,0.7795559167861938
YJR015W,YPL194W,0,-0.35151878,0.10842960327863693,0.946107804775238,0.779655933380127
YER029C,YJL008C,0,-0.3521806,0.10841719806194305,0.946107804775238,0.7797559499740601
YDR033W,YML009C,0,-0.35273474,0.10840480029582977,0.946107804775238,0.7798559665679932
YPL074W,YPR096C,0,-0.3529287,0.10839240998029709,0.946107804775238,0.7799559831619263
YPL068C,YPL155C,0,-0.35296696,0.1083800196647644,0.946107804775238,0.7800559997558594
YGR026W,YKL108W,0,-0.35348976,0.10836762934923172,0.946107804775238,0.7801560163497925
YCR096C,YOR150W,0,-0.35395664,0.10835523903369904,0.946107804775238,0.7802560329437256
YHR046C,YPL095C,0,-0.35454637,0.10834285616874695,0.946107804775238,0.7803560495376587
YPL269W,YNL188W,0,-0.3555568,0.10833047330379486,0.946107804775238,0.7804560661315918
YAL041W,YHR160C,0,-0.35622966,0.10831809788942337,0.946107804775238,0.7805560827255249
YJR009C,YGR076C,0,-0.35641038,0.10830572247505188,0.946107804775238,0.7806561589241028
YER083C,YMR045C,0,-0.35649127,0.10829335451126099,0.946107804775238,0.7807561755180359
YFR032C-A,YPL269W,0,-0.35703647,0.1082809790968895,0.946107804775238,0.780856192111969
YNL012W,YDR483W,0,-0.35769165,0.1082686185836792,0.946107804775238,0.7809562087059021
YDR315C,YKR050W,0,-0.35773373,0.1082562506198883,0.946107804775238,0.7810562252998352
YJR009C,YPR184W,0,-0.35850686,0.10824389010667801,0.946107804775238,0.7811562418937683
YDR288W,YHR036W,0,-0.35903484,0.10823152959346771,0.946107804775238,0.7812562584877014
YBR012W-A,YJR001W,0,-0.359647,0.10821917653083801,0.946107804775238,0.7813562750816345
YDR320C-A,YCR040W,0,-0.35991383,0.10820682346820831,0.946107804775238,0.7814562916755676
YMR100W,YKL195W,0,-0.36030626,0.10819447785615921,0.946107804775238,0.7815563082695007
YEL013W,YDL180W,0,-0.36031306,0.10818213224411011,0.946107804775238,0.7816563248634338
YAL013W,YLR403W,0,-0.36061364,0.108169786632061,0.946107804775238,0.7817563414573669
YML116W,YMR289W,0,-0.36072445,0.1081574410200119,0.946107804775238,0.7818563580513
YDR236C,YBR012W-B,0,-0.36187044,0.1081451028585434,0.946107804775238,0.7819563746452332
YLR188W,YBL060W,0,-0.3620354,0.10813277214765549,0.946107804775238,0.7820563912391663
YKL178C,YML012W,0,-0.36250895,0.10812044143676758,0.946107804775238,0.7821564078330994
YJR010C-A,YOR174W,0,-0.36294955,0.10810811072587967,0.946107804775238,0.7822564244270325
YPR186C,YPL103C,0,-0.36298257,0.10809578001499176,0.946107804775238,0.7823565006256104
YBR240C,YPR184W,0,-0.36405718,0.10808345675468445,0.946107804775238,0.7824565172195435
YDL065C,YMR184W,0,-0.36440003,0.10807113349437714,0.946107804775238,0.7825565338134766
YDR320C,YDR330W,0,-0.36458033,0.10805881768465042,0.946107804775238,0.7826565504074097
YML129C,YPL269W,0,-0.3649323,0.1080465018749237,0.946107804775238,0.7827565670013428
YHR207C,YER007W,0,-0.36546287,0.10803418606519699,0.946107804775238,0.7828565835952759
YMR256C,YDL056W,0,-0.36550844,0.10802187770605087,0.946107804775238,0.782956600189209
YIL027C,YDL205C,0,-0.36602432,0.10800956934690475,0.946107804775238,0.7830566167831421
YGL229C,YER161C,0,-0.36633253,0.10799726843833923,0.946107804775238,0.7831566333770752
YHR070W,YHR207C,1,-0.36634415,0.10809887200593948,0.9471057653427124,0.7831566333770752
YER161C,YJL109C,0,-0.3665282,0.10808656364679337,0.9471057653427124,0.7832566499710083
YMR127C,YBR283C,0,-0.36665314,0.10807424783706665,0.9471057653427124,0.7833566665649414
YAR007C,YKL028W,0,-0.3670323,0.10806194692850113,0.9471057653427124,0.7834566831588745
YML129C,YER029C,0,-0.36751336,0.10804963856935501,0.9471057653427124,0.7835566997528076
YER056C-A,YPL231W,0,-0.3681323,0.10803733766078949,0.9471057653427124,0.7836567163467407
YLR038C,YDL082W,0,-0.36842138,0.10802504420280457,0.9471057653427124,0.7837567329406738
YDR036C,YHR017W,0,-0.36918098,0.10801275074481964,0.9471057653427124,0.7838567495346069
YGL137W,YMR098C,0,-0.3693632,0.10800045728683472,0.9471057653427124,0.78395676612854
YDL080C,YKL034W,0,-0.3695432,0.10798816382884979,0.9471057653427124,0.7840567827224731
YAL043C,YER153C,0,-0.36982507,0.10797587782144547,0.9471057653427124,0.784156858921051
YDR315C,YGR194C,0,-0.36991912,0.10796359181404114,0.9471057653427124,0.7842568755149841
YJR094W-A,YOR067C,0,-0.37003696,0.10795131325721741,0.9471057653427124,0.7843568921089172
YLR370C,YJR139C,0,-0.3707012,0.10793903470039368,0.9471057653427124,0.7844569087028503
YDL210W,YHR017W,0,-0.37077355,0.10792676359415054,0.9471057653427124,0.7845569252967834
YGR262C,YLR265C,0,-0.37187165,0.10791448503732681,0.9471057653427124,0.7846569418907166
YIL115C,YGL155W,0,-0.37234652,0.10790221393108368,0.9471057653427124,0.7847569584846497
YDL136W,YLR381W,0,-0.3732674,0.10788995027542114,0.9471057653427124,0.7848569750785828
YDL120W,YLR078C,0,-0.37327498,0.1078776866197586,0.9471057653427124,0.7849569916725159
YGR058W,YFL041W,0,-0.37327576,0.10786542296409607,0.9471057653427124,0.785057008266449
YDR479C,YOL064C,0,-0.37451744,0.10785316675901413,0.9471057653427124,0.7851570248603821
YBR240C,YLR086W,0,-0.3749767,0.10784091055393219,0.9471057653427124,0.7852570414543152
YGR086C,YDR054C,0,-0.3751307,0.10782865434885025,0.9471057653427124,0.7853570580482483
YDR251W,YPL085W,0,-0.37518334,0.10781640559434891,0.9471057653427124,0.7854570746421814
YPR048W,YKR061W,0,-0.375934,0.10780415683984756,0.9471057653427124,0.7855570912361145
YGR104C,YKR061W,0,-0.37717402,0.10779191553592682,0.9471057653427124,0.7856571078300476
YPL031C,YOR322C,0,-0.3772846,0.10777967423200607,0.9471057653427124,0.7857571244239807
YCL055W,YPR192W,0,-0.37747657,0.10776743292808533,0.9471057653427124,0.7858572006225586
YLR134W,YDR402C,0,-0.3778695,0.10775519162416458,0.9471057653427124,0.7859572172164917
YBR159W,YGR086C,0,-0.3779626,0.10774295777082443,0.9471057653427124,0.7860572338104248
YEL016C,YER051W,0,-0.3794539,0.10773073136806488,0.9471057653427124,0.7861572504043579
YJR089W,YNR041C,0,-0.3796537,0.10771850496530533,0.9471057653427124,0.786257266998291
YKR090W,YOL065C,0,-0.379888,0.10770627856254578,0.9471057653427124,0.7863572835922241
YMR088C,YNL115C,0,-0.38041252,0.10769405215978622,0.9471057653427124,0.7864573001861572
YPL089C,YJL101C,0,-0.38071978,0.10768183320760727,0.9471057653427124,0.7865573167800903
YJL073W,YOR039W,0,-0.38093925,0.10766961425542831,0.9471057653427124,0.7866573333740234
YML037C,YPL174C,0,-0.38107687,0.10765740275382996,0.9471057653427124,0.7867573499679565
YEL017C-A,YOR246C,0,-0.3811443,0.1076451912522316,0.9471057653427124,0.7868573665618896
YDL192W,YML048W,0,-0.38135397,0.10763297975063324,0.9471057653427124,0.7869573831558228
YMR171C,YDL184C,0,-0.38158667,0.10762077569961548,0.9471057653427124,0.7870573997497559
YDR532C,YDL065C,0,-0.38177502,0.10760857164859772,0.9471057653427124,0.787157416343689
YJL062W-A,YPR102C,0,-0.38182575,0.10759637504816055,0.9471057653427124,0.7872574329376221
YPR178W,YCR010C,0,-0.3819961,0.10758417099714279,0.9471057653427124,0.7873574495315552
YOR224C,YMR045C,0,-0.3827232,0.10757198184728622,0.9471057653427124,0.7874574661254883
YBR245C,YBL082C,0,-0.38378072,0.10755978524684906,0.9471057653427124,0.7875574827194214
YGL205W,YPL177C,0,-0.38401234,0.10754759609699249,0.9471057653427124,0.7876575589179993
YML005W,YKR069W,1,-0.3844589,0.10764872282743454,0.9481037855148315,0.7876575589179993
YPL074W,YKR105C,0,-0.3845539,0.10763652622699738,0.9481037855148315,0.7877575755119324
YER061C,YGR008C,0,-0.38470113,0.10762433707714081,0.9481037855148315,0.7878575921058655
YNL210W,YBL060W,0,-0.38505995,0.10761214047670364,0.9481037855148315,0.7879576086997986
YBR012W-A,YOL103W,0,-0.38595748,0.10759995132684708,0.9481037855148315,0.7880576252937317
YKL100C,YDR483W,0,-0.3859902,0.1075877696275711,0.9481037855148315,0.7881576418876648
YER056C-A,YLR038C,0,-0.38630575,0.10757558792829514,0.9481037855148315,0.7882576584815979
YLR096W,YPR019W,0,-0.3863523,0.10756340622901917,0.9481037855148315,0.788357675075531
YEL021W,YOL007C,0,-0.38686734,0.10755123198032379,0.9481037855148315,0.7884576916694641
YHR129C,YER106W,0,-0.38739854,0.10753905028104782,0.9481037855148315,0.7885577082633972
YEL038W,YOR043W,0,-0.38743114,0.10752688348293304,0.9481037855148315,0.7886577248573303
YAL023C,YJL090C,0,-0.3876468,0.10751470923423767,0.9481037855148315,0.7887577414512634
YDR495C,YLR433C,0,-0.38774163,0.1075025424361229,0.9481037855148315,0.7888577580451965
YDR329C,YIL111W,0,-0.3879531,0.10749038308858871,0.9481037855148315,0.7889577746391296
YLR446W,YHR184W,0,-0.38835788,0.10747822374105453,0.9481037855148315,0.7890577912330627
YLR096W,YOL109W,0,-0.3889377,0.10746606439352036,0.9481037855148315,0.7891578078269958
YML037C,YLR430W,0,-0.38987237,0.10745390504598618,0.9481037855148315,0.789257824420929
YPL121C,YNR001C,0,-0.3906541,0.10744175314903259,0.9481037855148315,0.7893579006195068
YIL039W,YJR068W,0,-0.3914885,0.1074296087026596,0.9481037855148315,0.7894579172134399
YGL213C,YDR050C,0,-0.39151162,0.10741745680570602,0.9481037855148315,0.789557933807373
YJL221C,YOL123W,0,-0.3921824,0.10740531235933304,0.9481037855148315,0.7896579504013062
YNL046W,YIR009W,0,-0.39232916,0.10739317536354065,0.9481037855148315,0.7897579669952393
YEL064C,YAL008W,0,-0.39307606,0.10738103091716766,0.9481037855148315,0.7898579835891724
YDR320C-A,YOL123W,0,-0.3931936,0.10736889392137527,0.9481037855148315,0.7899580001831055
YHR092C,YHR025W,0,-0.39323282,0.10735676437616348,0.9481037855148315,0.7900580167770386
YHL044W,YLR427W,0,-0.39382577,0.10734463483095169,0.9481037855148315,0.7901580333709717
YER030W,YDR507C,0,-0.39394438,0.1073325052857399,0.9481037855148315,0.7902580499649048
YMR016C,YML081C-A,0,-0.3945527,0.1073203831911087,0.9481037855148315,0.7903580665588379
YGL232W,YBR159W,0,-0.39461374,0.10730825364589691,0.9481037855148315,0.790458083152771
YBR105C,YOL157C,0,-0.39539564,0.10729613900184631,0.9481037855148315,0.7905580997467041
YOR384W,YNL158W,0,-0.39558744,0.10728401690721512,0.9481037855148315,0.7906581163406372
YMR006C,YML015C,0,-0.3955893,0.10727190971374512,0.9481037855148315,0.7907581329345703
YML040W,YJR110W,0,-0.39604753,0.10725979506969452,0.9481037855148315,0.7908581495285034
YMR098C,YML104C,0,-0.39620548,0.10724768787622452,0.9481037855148315,0.7909581661224365
YML129C,YNR070W,0,-0.39652646,0.10723558068275452,0.9481037855148315,0.7910581827163696
YGR156W,YCL057C-A,0,-0.3970436,0.10722347348928452,0.9481037855148315,0.7911582589149475
YAL034W-A,YMR122W-A,0,-0.39739168,0.10721137374639511,0.9481037855148315,0.7912582755088806
YLR364W,YOR269W,0,-0.3980971,0.1071992814540863,0.9481037855148315,0.7913582921028137
YML074C,YLL022C,0,-0.39850646,0.1071871817111969,0.9481037855148315,0.7914583086967468
YNR050C,YOL072W,0,-0.39852965,0.10717508941888809,0.9481037855148315,0.7915583252906799
YGR274C,YLL001W,0,-0.39895403,0.10716299712657928,0.9481037855148315,0.791658341884613
YGR234W,YFR007W,0,-0.39925438,0.10715091228485107,0.9481037855148315,0.7917583584785461
YGR058W,YDL184C,0,-0.40029806,0.10713882744312286,0.9481037855148315,0.7918583750724792
YDR130C,YBL055C,0,-0.40081894,0.10712675005197525,0.9481037855148315,0.7919583916664124
YLR364W,YPL059W,0,-0.4019856,0.10711467266082764,0.9481037855148315,0.7920584082603455
YCL055W,YPL154C,0,-0.40246338,0.10710259526968002,0.9481037855148315,0.7921584248542786
YCL061C,YDR326C,0,-0.40313858,0.10709051787853241,0.9481037855148315,0.7922584414482117
YJR134C,YDR055W,0,-0.40340233,0.1070784479379654,0.9481037855148315,0.7923584580421448
YOR384W,YMR023C,0,-0.4035148,0.10706637799739838,0.9481037855148315,0.7924584746360779
YNL293W,YPL186C,0,-0.40361387,0.10705431550741196,0.9481037855148315,0.792558491230011
YBL103C,YLR265C,0,-0.40387118,0.10704225301742554,0.9481037855148315,0.7926585078239441
YER036C,YLR467W,0,-0.4043833,0.10703019052743912,0.9481037855148315,0.7927585244178772
YDR524C,YGR188C,0,-0.40507984,0.1070181354880333,0.9481037855148315,0.7928586006164551
YGL213C,YHR028C,0,-0.40534484,0.10700608044862747,0.9481037855148315,0.7929586172103882
YJL065C,YJR135W-A,0,-0.40595144,0.10699403285980225,0.9481037855148315,0.7930586338043213
YDL085W,YNL310C,0,-0.40605462,0.10698198527097702,0.9481037855148315,0.7931586503982544
YLR238W,YDR483W,0,-0.40607625,0.1069699376821518,0.9481037855148315,0.7932586669921875
YDL114W,YLR371W,0,-0.4062602,0.10695789009332657,0.9481037855148315,0.7933586835861206
YHR025W,YPL177C,0,-0.40644062,0.10694584995508194,0.9481037855148315,0.7934587001800537
YDR424C,YPL060W,0,-0.40695828,0.10693381726741791,0.9481037855148315,0.7935587167739868
YLR170C,YDR054C,0,-0.4070838,0.10692177712917328,0.9481037855148315,0.7936587333679199
YMR016C,YJL062W-A,0,-0.40726608,0.10690974444150925,0.9481037855148315,0.793758749961853
YOR181W,YIR002C,0,-0.407372,0.10689771920442581,0.9481037855148315,0.7938587665557861
YOL018C,YBR289W,0,-0.40742987,0.10688568651676178,0.9481037855148315,0.7939587831497192
YIL172C,YER012W,0,-0.40786964,0.10687366127967834,0.9481037855148315,0.7940587997436523
YDR466W,YBR273C,0,-0.40869588,0.1068616434931755,0.9481037855148315,0.7941588163375854
YBL078C,YAL034W-A,0,-0.40869796,0.10684962570667267,0.9481037855148315,0.7942588329315186
YPL031C,YKL059C,0,-0.40880388,0.10683760792016983,0.9481037855148315,0.7943588495254517
YHR028C,YOR217W,0,-0.40881604,0.10682559013366699,0.9481037855148315,0.7944588661193848
YKR030W,YMR285C,0,-0.40888506,0.10681357979774475,0.9481037855148315,0.7945588827133179
YJL072C,YDL109C,0,-0.4102562,0.1068015769124031,0.9481037855148315,0.7946589589118958
YGL021W,YDR107C,0,-0.41067278,0.10678956657648087,0.9481037855148315,0.7947589755058289
YOR063W,YDR478W,0,-0.4111659,0.10677756369113922,0.9481037855148315,0.794858992099762
YOL138C,YDL138W,0,-0.41129398,0.10676556825637817,0.9481037855148315,0.7949590086936951
YBR205W,YHR025W,0,-0.41146356,0.10675356537103653,0.9481037855148315,0.7950590252876282
YBR264C,YCL031C,0,-0.4115892,0.10674156993627548,0.9481037855148315,0.7951590418815613
YPR102C,YEL015W,0,-0.41162795,0.10672958195209503,0.9481037855148315,0.7952590584754944
YAL043C,YMR045C,0,-0.412409,0.10671759396791458,0.9481037855148315,0.7953590750694275
YKL135C,YDR031W,0,-0.4126743,0.10670560598373413,0.9481037855148315,0.7954590916633606
YBR245C,YKR009C,0,-0.41300082,0.10669361799955368,0.9481037855148315,0.7955591082572937
YPL091W,YDL144C,0,-0.41309798,0.10668163746595383,0.9481037855148315,0.7956591248512268
YBR082C,YGL106W,0,-0.41445804,0.10666966438293457,0.9481037855148315,0.7957591414451599
YML095C,YBR142W,0,-0.41455054,0.10665768384933472,0.9481037855148315,0.795859158039093
YOL105C,YJR158W,0,-0.41470933,0.10664571076631546,0.9481037855148315,0.7959591746330261
YFL036W,YOL133W,0,-0.4148817,0.1066337376832962,0.9481037855148315,0.7960591912269592
YLR446W,YNL248C,0,-0.41615134,0.10662177205085754,0.9481037855148315,0.7961592078208923
YBL061C,YPR081C,0,-0.4163627,0.10660980641841888,0.9481037855148315,0.7962592244148254
YOL127W,YLR010C,0,-0.41659093,0.10659784823656082,0.9481037855148315,0.7963593006134033
YBR175W,YBL013W,1,-0.4167195,0.10669808089733124,0.9491018056869507,0.7963593006134033
YLR090W,YGL009C,0,-0.41673118,0.10668611526489258,0.9491018056869507,0.7964593172073364
YNL159C,YCR077C,0,-0.41726696,0.10667414218187332,0.9491018056869507,0.7965593338012695
YMR130W,YLR154C,0,-0.41762102,0.10666218400001526,0.9491018056869507,0.7966593503952026
YJR145C,YDR448W,0,-0.41793954,0.1066502183675766,0.9491018056869507,0.7967593669891357
YPL091W,YIR009W,0,-0.41810614,0.10663826018571854,0.9491018056869507,0.7968593835830688
YMR264W,YJR059W,0,-0.41885293,0.10662630200386047,0.9491018056869507,0.796959400177002
YER148W,YFL002W-A,0,-0.41898566,0.10661435127258301,0.9491018056869507,0.7970594167709351
YER099C,YER007W,0,-0.41943777,0.10660240054130554,0.9491018056869507,0.7971594333648682
YCR096C,YBR009C,0,-0.41949338,0.10659044981002808,0.9491018056869507,0.7972594499588013
YLR318W,YPR032W,0,-0.41959846,0.10657850652933121,0.9491018056869507,0.7973594665527344
YMR224C,YPR021C,0,-0.42013764,0.10656656324863434,0.9491018056869507,0.7974594831466675
YOR381W,YBR012W-B,0,-0.4207335,0.10655461996793747,0.9491018056869507,0.7975594997406006
YDR038C,YGR075C,0,-0.42078686,0.1065426841378212,0.9491018056869507,0.7976595163345337
YDR107C,YDL017W,0,-0.42080015,0.10653074830770493,0.9491018056869507,0.7977595329284668
YPR019W,YER164W,0,-0.4209925,0.10651881992816925,0.9491018056869507,0.7978595495223999
YER091C,YLR099C,0,-0.4212641,0.10650688409805298,0.9491018056869507,0.797959566116333
YAL041W,YDR166C,0,-0.42140687,0.1064949631690979,0.9491018056869507,0.7980595827102661
YBL010C,YNL115C,0,-0.4215002,0.10648303478956223,0.9491018056869507,0.798159658908844
YDR388W,YOR174W,0,-0.42208678,0.10647111386060715,0.9491018056869507,0.7982596755027771
YJR139C,YJL102W,0,-0.4222688,0.10645919293165207,0.9491018056869507,0.7983596920967102
YAL043C,YLR357W,0,-0.42243546,0.10644727945327759,0.9491018056869507,0.7984597086906433
YNL191W,YJR135W-A,0,-0.4225219,0.1064353659749031,0.9491018056869507,0.7985597252845764
YPR186C,YGR135W,0,-0.42261314,0.10642345249652863,0.9491018056869507,0.7986597418785095
YDR520C,YGL084C,0,-0.4227525,0.10641154646873474,0.9491018056869507,0.7987597584724426
YMR139W,YOL030W,0,-0.4229018,0.10639964044094086,0.9491018056869507,0.7988597750663757
YDR358W,YCR040W,0,-0.42295492,0.10638774186372757,0.9491018056869507,0.7989597916603088
YKR090W,YMR165C,0,-0.42326236,0.10637583583593369,0.9491018056869507,0.7990598082542419
YDR501W,YNL188W,0,-0.42330253,0.106363944709301,0.9491018056869507,0.799159824848175
YNL280C,YNR020C,0,-0.42351794,0.10635204613208771,0.9491018056869507,0.7992598414421082
YPR063C,YHL047C,0,-0.42366743,0.10634015500545502,0.9491018056869507,0.7993598580360413
YMR306W,YJL108C,0,-0.4236741,0.10632826387882233,0.9491018056869507,0.7994598746299744
YAL041W,YDL017W,0,-0.4242037,0.10631638020277023,0.9491018056869507,0.7995598912239075
YBR286W,YOL019W,0,-0.42455357,0.10630449652671814,0.9491018056869507,0.7996599078178406
YAR010C,YDR055W,0,-0.42473948,0.10629261285066605,0.9491018056869507,0.7997599244117737
YOR151C,YOR374W,0,-0.4249658,0.10628073662519455,0.9491018056869507,0.7998600006103516
YDR251W,YLR158C,0,-0.4251367,0.10626886039972305,0.9491018056869507,0.7999600172042847
YHR181W,YOL109W,0,-0.42531794,0.10625698417425156,0.9491018056869507,0.8000600337982178
YOR043W,YJR135W-A,0,-0.42574543,0.10624511539936066,0.9491018056869507,0.8001600503921509
YMR088C,YML042W,0,-0.42614067,0.10623324662446976,0.9491018056869507,0.800260066986084
YDL205C,YCR054C,0,-0.42615974,0.10622137784957886,0.9491018056869507,0.8003600835800171
YDL164C,YOR075W,0,-0.42619646,0.10620951652526855,0.9491018056869507,0.8004601001739502
YOL064C,YOR244W,0,-0.4264158,0.10619765520095825,0.9491018056869507,0.8005601167678833
YLR090W,YGL059W,0,-0.42699885,0.10618579387664795,0.9491018056869507,0.8006601333618164
YNL291C,YPR019W,0,-0.42754143,0.10617394000291824,0.9491018056869507,0.8007601499557495
YDR071C,YHR010W,0,-0.42763096,0.10616208612918854,0.9491018056869507,0.8008601665496826
YBL010C,YBR231C,0,-0.42779773,0.10615023970603943,0.9491018056869507,0.8009601831436157
YMR257C,YBR122C,0,-0.42839926,0.10613839328289032,0.9491018056869507,0.8010601997375488
YER133W,YAL058W,0,-0.4287557,0.10612654685974121,0.9491018056869507,0.8011602163314819
YBL057C,YGR002C,0,-0.4289996,0.1061147078871727,0.9491018056869507,0.801260232925415
YLR385C,YDR120C,0,-0.42962986,0.10610286891460419,0.9491018056869507,0.8013602495193481
YDR388W,YPL022W,0,-0.43019003,0.10609102994203568,0.9491018056869507,0.8014602661132812
YGL211W,YML074C,0,-0.4304992,0.10607919842004776,0.9491018056869507,0.8015602827072144
YAL023C,YLR427W,0,-0.43072665,0.10606736689805984,0.9491018056869507,0.8016603589057922
YNL077W,YPR028W,0,-0.43123257,0.10605553537607193,0.9491018056869507,0.8017603754997253
YDR532C,YMR128W,0,-0.4312461,0.10604371130466461,0.9491018056869507,0.8018603920936584
YOL096C,YDL200C,1,-0.43141198,0.10614338517189026,0.9500998258590698,0.8018603920936584
YDR532C,YIR002C,0,-0.43208128,0.10613154619932175,0.9500998258590698,0.8019604086875916
YBR296C,YOR348C,0,-0.43214452,0.10611972212791443,0.9500998258590698,0.8020604252815247
YBR289W,YJL056C,0,-0.43226206,0.10610789060592651,0.9500998258590698,0.8021604418754578
YHR031C,YOL003C,0,-0.4341883,0.1060960665345192,0.9500998258590698,0.8022604584693909
YHR092C,YNR001C,0,-0.4343707,0.10608424246311188,0.9500998258590698,0.802360475063324
YKL140W,YJL170C,0,-0.4347998,0.10607242584228516,0.9500998258590698,0.8024604916572571
YER180C,YJL062W,0,-0.43497127,0.10606060922145844,0.9500998258590698,0.8025605082511902
YPL186C,YPL202C,0,-0.43568128,0.10604879260063171,0.9500998258590698,0.8026605248451233
YDR379W,YDL141W,0,-0.43622112,0.10603697597980499,0.9500998258590698,0.8027605414390564
YDR242W,YDR032C,0,-0.4366482,0.10602516680955887,0.9500998258590698,0.8028605580329895
YDR320C-A,YFL041W,0,-0.43841815,0.10601336508989334,0.9500998258590698,0.8029605746269226
YDR379W,YIR037W,0,-0.43932235,0.10600155591964722,0.9500998258590698,0.8030605912208557
YNR011C,YER153C,0,-0.4395874,0.10598975419998169,0.9500998258590698,0.8031606078147888
YGR263C,YDL101C,0,-0.44042188,0.10597795993089676,0.9500998258590698,0.8032606244087219
YHR116W,YPR166C,0,-0.44055992,0.10596616566181183,0.9500998258590698,0.8033607006072998
YOR217W,YER012W,0,-0.44150054,0.1059543713927269,0.9500998258590698,0.8034607172012329
YGL232W,YGL084C,0,-0.4422459,0.10594257712364197,0.9500998258590698,0.803560733795166
YDR320C,YLR327C,0,-0.44284213,0.10593079030513763,0.9500998258590698,0.8036607503890991
YPL195W,YHR140W,0,-0.4429906,0.1059190034866333,0.9500998258590698,0.8037607669830322
YPL195W,YJR135W-A,0,-0.44352454,0.10590721666812897,0.9500998258590698,0.8038607835769653
YDR052C,YDR456W,0,-0.4437878,0.10589543730020523,0.9500998258590698,0.8039608001708984
YDR466W,YNL096C,0,-0.44398677,0.1058836579322815,0.9500998258590698,0.8040608167648315
YPL051W,YJL133W,0,-0.44440132,0.10587188601493835,0.9500998258590698,0.8041608333587646
YDR531W,YOR211C,0,-0.44476706,0.10586011409759521,0.9500998258590698,0.8042608499526978
YGL123W,YLR438C-A,0,-0.4447801,0.10584834218025208,0.9500998258590698,0.8043608665466309
YBL103C,YIL126W,0,-0.44482023,0.10583657771348953,0.9500998258590698,0.804460883140564
YPR063C,YBR185C,0,-0.44499362,0.10582481324672699,0.9500998258590698,0.8045608997344971
YOR228C,YMR122W-A,0,-0.4457928,0.10581304877996445,0.9500998258590698,0.8046609163284302
YLR126C,YDR313C,0,-0.44580084,0.1058012917637825,0.9500998258590698,0.8047609329223633
YHR021C,YJR066W,0,-0.44587535,0.10578953474760056,0.9500998258590698,0.8048609495162964
YKR090W,YDR390C,0,-0.4478035,0.10577777773141861,0.9500998258590698,0.8049609661102295
YJL008C,YDR047W,0,-0.44813448,0.10576602816581726,0.9500998258590698,0.8050609827041626
YAL021C,YLL050C,0,-0.44852418,0.10575427860021591,0.9500998258590698,0.8051610589027405
YLR097C,YDR158W,0,-0.4489981,0.10574252903461456,0.9500998258590698,0.8052610754966736
YBR240C,YER048W-A,0,-0.44995576,0.10573078691959381,0.9500998258590698,0.8053610920906067
YPL194W,YBR058C,0,-0.45058048,0.10571904480457306,0.9500998258590698,0.8054611086845398
YDR326C,YBR213W,0,-0.45074195,0.10570730268955231,0.9500998258590698,0.8055611252784729
YBR176W,YOR074C,1,-0.45106876,0.10580659657716751,0.9510977864265442,0.8055611252784729
YEL038W,YDR320C-A,0,-0.4516284,0.10579484701156616,0.9510977864265442,0.805661141872406
YDL120W,YDR077W,0,-0.4517393,0.10578310489654541,0.9510977864265442,0.8057611584663391
YML005W,YJR135W-A,0,-0.45207894,0.10577136278152466,0.9510977864265442,0.8058611750602722
YLR446W,YMR165C,0,-0.45210797,0.1057596281170845,0.9510977864265442,0.8059611916542053
YHR076W,YLR090W,0,-0.45222503,0.10574789345264435,0.9510977864265442,0.8060612082481384
YGR274C,YML060W,0,-0.4524427,0.1057361587882042,0.9510977864265442,0.8061612248420715
YML040W,YBR105C,0,-0.4528489,0.10572443157434464,0.9510977864265442,0.8062612414360046
YDL114W,YPL177C,0,-0.45350772,0.10571270436048508,0.9510977864265442,0.8063612580299377
YMR198W,YGL090W,0,-0.45413107,0.10570097714662552,0.9510977864265442,0.8064612746238708
YHR028C,YPR122W,0,-0.45435494,0.10568924993276596,0.9510977864265442,0.806561291217804
YDR387C,YLR381W,0,-0.45448983,0.105677530169487,0.9510977864265442,0.8066613078117371
YEL058W,YDR169C,0,-0.45482206,0.10566581785678864,0.9510977864265442,0.8067613244056702
YOL072W,YCR028C,0,-0.4549073,0.10565410554409027,0.9510977864265442,0.806861400604248
YML005W,YER175C,1,-0.45528877,0.10575324296951294,0.9520958065986633,0.806861400604248
YDL030W,YOR069W,0,-0.45675302,0.10574152320623398,0.9520958065986633,0.8069614171981812
YPL269W,YML063W,0,-0.45708877,0.10572980344295502,0.9520958065986633,0.8070614337921143
YNR070W,YFL041W,0,-0.45785105,0.10571808367967606,0.9520958065986633,0.8071614503860474
YDR126W,YDR103W,0,-0.4579174,0.10570637136697769,0.9520958065986633,0.8072614669799805
YPL022W,YJL164C,0,-0.4581865,0.10569465905427933,0.9520958065986633,0.8073614835739136
YDL138W,YDR247W,0,-0.45864862,0.10568295419216156,0.9520958065986633,0.8074615001678467
YDR065W,YPR070W,0,-0.45903802,0.1056712418794632,0.9520958065986633,0.8075615167617798
YJR033C,YPR122W,0,-0.4592849,0.10565954446792603,0.9520958065986633,0.8076615333557129
YLR035C-A,YIR009W,0,-0.4599138,0.10564783960580826,0.9520958065986633,0.807761549949646
YHR172W,YIL112W,0,-0.46000147,0.10563614219427109,0.9520958065986633,0.8078615665435791
YBL101W-A,YKL164C,0,-0.460011,0.10562444478273392,0.9520958065986633,0.8079615831375122
YNL001W,YDR065W,0,-0.46017516,0.10561275482177734,0.9520958065986633,0.8080615997314453
YIL084C,YBL082C,0,-0.4601782,0.10560106486082077,0.9520958065986633,0.8081616163253784
YDR107C,YNL242W,0,-0.46067953,0.1055893748998642,0.9520958065986633,0.8082616329193115
YPR070W,YOR217W,0,-0.46072298,0.10557769238948822,0.9520958065986633,0.8083616495132446
YDR533C,YIR017C,0,-0.46089363,0.10556600987911224,0.9520958065986633,0.8084616661071777
YDR316W,YDL033C,1,-0.46107733,0.10566496849060059,0.9530938267707825,0.8084616661071777
YGR104C,YBL075C,0,-0.46162087,0.10565327852964401,0.9530938267707825,0.8085616827011108
YER088C,YOR066W,0,-0.4625377,0.10564159601926804,0.9530938267707825,0.8086617588996887
YBR283C,YCR075C,0,-0.46352476,0.10562990605831146,0.9530938267707825,0.8087617754936218
YPL148C,YNL046W,0,-0.4636628,0.10561822354793549,0.9530938267707825,0.8088617920875549
YPL206C,YGR218W,0,-0.46455133,0.1056065484881401,0.9530938267707825,0.808961808681488
YDR103W,YHL004W,0,-0.46597338,0.10559486597776413,0.9530938267707825,0.8090618252754211
YGL227W,YNR041C,0,-0.46602845,0.10558319836854935,0.9530938267707825,0.8091618418693542
YGL173C,YMR017W,0,-0.46663308,0.10557152330875397,0.9530938267707825,0.8092618584632874
YAL010C,YLR015W,0,-0.46715128,0.10555985569953918,0.9530938267707825,0.8093618750572205
YIL074C,YGR116W,0,-0.46773338,0.1055481880903244,0.9530938267707825,0.8094618916511536
YMR264W,YJR010C-A,0,-0.4677999,0.10553652048110962,0.9530938267707825,0.8095619082450867
YJR075W,YKR050W,0,-0.46784538,0.10552486032247543,0.9530938267707825,0.8096619248390198
YNL331C,YDR088C,0,-0.46804094,0.10551320016384125,0.9530938267707825,0.8097619414329529
YIR036C,YBL021C,0,-0.4681306,0.10550154745578766,0.9530938267707825,0.809861958026886
YJR145C,YJR134C,0,-0.4681449,0.10548989474773407,0.9530938267707825,0.8099619746208191
YLR467W,YPR054W,0,-0.4686485,0.10547824203968048,0.9530938267707825,0.8100619912147522
YMR043W,YLR433C,0,-0.46874076,0.10546658933162689,0.9530938267707825,0.8101620078086853
YIR036C,YBR231C,0,-0.46877104,0.1054549440741539,0.9530938267707825,0.8102620244026184
YDR056C,YOL002C,0,-0.46895283,0.1054433062672615,0.9530938267707825,0.8103621006011963
YJL165C,YOR014W,0,-0.46901882,0.10543166100978851,0.9530938267707825,0.8104621171951294
YBR245C,YOR369C,0,-0.46938747,0.10542002320289612,0.9530938267707825,0.8105621337890625
YER007W,YLR078C,0,-0.470627,0.10540838539600372,0.9530938267707825,0.8106621503829956
YLR403W,YCL057C-A,0,-0.47160077,0.10539675503969193,0.9530938267707825,0.8107621669769287
YOR384W,YDR379W,0,-0.4718027,0.10538512468338013,0.9530938267707825,0.8108621835708618
YMR150C,YNL244C,0,-0.47198147,0.10537349432706833,0.9530938267707825,0.8109622001647949
YEL064C,YDR507C,0,-0.4730909,0.10536187142133713,0.9530938267707825,0.811062216758728
YER068W,YGR218W,0,-0.47339672,0.10535024851560593,0.9530938267707825,0.8111622333526611
YFL004W,YMR223W,0,-0.47389233,0.10533862560987473,0.9530938267707825,0.8112622499465942
YNL159C,YBR058C,0,-0.4746861,0.10532701015472412,0.9530938267707825,0.8113622665405273
YDR478W,YOL109W,0,-0.4747101,0.10531539469957352,0.9530938267707825,0.8114622831344604
YOR076C,YOR270C,0,-0.47481924,0.10530377924442291,0.9530938267707825,0.8115622997283936
YDL200C,YOR069W,0,-0.47534072,0.1052921712398529,0.9530938267707825,0.8116623163223267
YLR008C,YBR176W,0,-0.4756018,0.1052805632352829,0.9530938267707825,0.8117623329162598
YER029C,YNR020C,0,-0.47619843,0.10526896268129349,0.9530938267707825,0.8118623495101929
YNL007C,YDR330W,0,-0.4767388,0.10525735467672348,0.9530938267707825,0.811962366104126
YGL137W,YDR330W,0,-0.47687662,0.10524575412273407,0.9530938267707825,0.8120623826980591
YER048W-A,YMR051C,0,-0.47835773,0.10523416101932526,0.9530938267707825,0.812162458896637
YOL141W,YPL017C,1,-0.47910738,0.10533274710178375,0.9540917873382568,0.812162458896637
YLR142W,YBR058C-A,0,-0.47999322,0.10532113909721375,0.9540917873382568,0.8122624754905701
YNL308C,YEL017C-A,0,-0.4800502,0.10530953854322433,0.9540917873382568,0.8123624920845032
YDL080C,YKL109W,0,-0.4814633,0.10529793798923492,0.9540917873382568,0.8124625086784363
YDR347W,YHL044W,0,-0.48179632,0.10528634488582611,0.9540917873382568,0.8125625252723694
YOL031C,YPL103C,0,-0.4832136,0.1052747517824173,0.9540917873382568,0.8126625418663025
YDR320C,YER020W,0,-0.48450935,0.10526315867900848,0.9540917873382568,0.8127625584602356
YMR086W,YLR032W,0,-0.48453778,0.10525156557559967,0.9540917873382568,0.8128625750541687
YKL173W,YMR004W,0,-0.48466676,0.10523997992277145,0.9540917873382568,0.8129625916481018
YOR039W,YGL095C,0,-0.48508513,0.10522840172052383,0.9540917873382568,0.8130626082420349
YOR369C,YCR037C,0,-0.48542088,0.10521681606769562,0.9540917873382568,0.813162624835968
YML054C,YKR090W,0,-0.48617095,0.105205237865448,0.9540917873382568,0.8132626414299011
YKL156W,YLR139C,0,-0.48652494,0.10519365966320038,0.9540917873382568,0.8133626580238342
YDR380W,YLR265C,0,-0.48729098,0.10518208891153336,0.9540917873382568,0.8134626746177673
YLL013C,YOL019W,0,-0.48731112,0.10517051815986633,0.9540917873382568,0.8135626912117004
YER131W,YLR127C,0,-0.48820537,0.10515894740819931,0.9540917873382568,0.8136627078056335
YER029C,YLR147C,0,-0.48845518,0.10514738410711288,0.9540917873382568,0.8137627243995667
YLL038C,YOL140W,0,-0.49023277,0.10513582080602646,0.9540917873382568,0.8138628005981445
YML034W,YCL055W,0,-0.49027735,0.10512425750494003,0.9540917873382568,0.8139628171920776
YDR363W-A,YJR134C,0,-0.49087292,0.1051127016544342,0.9540917873382568,0.8140628337860107
YAL021C,YCR094W,0,-0.4916855,0.10510114580392838,0.9540917873382568,0.8141628503799438
YJR104C,YDL180W,0,-0.49227184,0.10508958995342255,0.9540917873382568,0.814262866973877
YER025W,YFL002W-A,0,-0.4927128,0.10507804155349731,0.9540917873382568,0.8143628835678101
YMR312W,YPL103C,0,-0.49338317,0.10506649315357208,0.9540917873382568,0.8144629001617432
YHR076W,YPL155C,0,-0.49416548,0.10505494475364685,0.9540917873382568,0.8145629167556763
YGL128C,YMR201C,0,-0.4942196,0.10504340380430222,0.9540917873382568,0.8146629333496094
YPL091W,YLL001W,0,-0.49449492,0.10503186285495758,0.9540917873382568,0.8147629499435425
YAR015W,YPL174C,0,-0.49452263,0.10502032190561295,0.9540917873382568,0.8148629665374756
YDL109C,YPL149W,0,-0.49464166,0.10500878840684891,0.9540917873382568,0.8149629831314087
YOL030W,YML074C,0,-0.4947616,0.10499725490808487,0.9540917873382568,0.8150629997253418
YOL138C,YNL101W,0,-0.49482995,0.10498572140932083,0.9540917873382568,0.8151630163192749
YLR048W,YKR048C,0,-0.49528414,0.10497419536113739,0.9540917873382568,0.815263032913208
YGR058W,YJR155W,0,-0.49596018,0.10496266931295395,0.9540917873382568,0.8153630495071411
YNR061C,YHL047C,0,-0.4960832,0.1049511507153511,0.9540917873382568,0.8154630661010742
YHR207C,YBL013W,1,-0.4970867,0.10504939407110214,0.955089807510376,0.8154630661010742
YPL111W,YPL092W,0,-0.4972666,0.1050378680229187,0.955089807510376,0.8155631422996521
YGR263C,YJR058C,0,-0.4976557,0.10502634197473526,0.955089807510376,0.8156631588935852
YIL172C,YJL221C,0,-0.4979785,0.10501481592655182,0.955089807510376,0.8157631754875183
YAL013W,YPR073C,0,-0.49889094,0.10500328987836838,0.955089807510376,0.8158631920814514
YDR248C,YFL002W-A,0,-0.499009,0.10499177128076553,0.955089807510376,0.8159632086753845
YBL103C,YDR531W,0,-0.50087744,0.10498025268316269,0.955089807510376,0.8160632252693176
YDR248C,YPL159C,0,-0.50104755,0.10496874153614044,0.955089807510376,0.8161632418632507
YBR198C,YGL178W,0,-0.50109637,0.1049572303891182,0.955089807510376,0.8162632584571838
YCL075W,YLR207W,0,-0.50113225,0.10494571924209595,0.955089807510376,0.8163632750511169
YDR315C,YDR387C,0,-0.5016113,0.1049342080950737,0.955089807510376,0.81646329164505
YPL138C,YOL141W,1,-0.5024335,0.10503233969211578,0.9560878276824951,0.81646329164505
YDR523C,YDR047W,0,-0.5024759,0.10502082854509354,0.9560878276824951,0.8165633082389832
YHR105W,YML005W,0,-0.50268024,0.10500931739807129,0.9560878276824951,0.8166633248329163
YIL109C,YAL034W-A,0,-0.5028325,0.10499780625104904,0.9560878276824951,0.8167633414268494
YMR282C,YPR178W,0,-0.5028745,0.10498630255460739,0.9560878276824951,0.8168633580207825
YDL101C,YER091C,0,-0.50299305,0.10497479885816574,0.9560878276824951,0.8169633746147156
YJR076C,YOR346W,0,-0.504472,0.10496329516172409,0.9560878276824951,0.8170633912086487
YIL109C,YCL061C,0,-0.504488,0.10495179891586304,0.9560878276824951,0.8171634078025818
YBL060W,YPL258C,0,-0.5050903,0.10494030267000198,0.9560878276824951,0.8172634243965149
YIR002C,YNL185C,0,-0.5051362,0.10492880642414093,0.9560878276824951,0.8173635005950928
YAL020C,YGR075C,0,-0.50548625,0.10491731762886047,0.9560878276824951,0.8174635171890259
YER048W-A,YPL026C,0,-0.5065627,0.10490582883358002,0.9560878276824951,0.817563533782959
YLR188W,YLR427W,0,-0.5066186,0.10489434003829956,0.9560878276824951,0.8176635503768921
YDL138W,YDR031W,0,-0.5067202,0.1048828586935997,0.9560878276824951,0.8177635669708252
YMR314W,YLR207W,0,-0.5070437,0.10487137734889984,0.9560878276824951,0.8178635835647583
YNR007C,YLR079W,0,-0.5078883,0.10485989600419998,0.9560878276824951,0.8179636001586914
YER174C,YGL090W,0,-0.5079168,0.10484842211008072,0.9560878276824951,0.8180636167526245
YBL060W,YJR022W,0,-0.5082225,0.10483694821596146,0.9560878276824951,0.8181636333465576
YLR127C,YLR176C,0,-0.5086944,0.1048254743218422,0.9560878276824951,0.8182636499404907
YPL194W,YDR055W,0,-0.5103327,0.10481400787830353,0.9560878276824951,0.8183636665344238
YOR039W,YCR037C,0,-0.51033384,0.10480254143476486,0.9560878276824951,0.8184636831283569
YNL330C,YKL212W,0,-0.51063645,0.1047910749912262,0.9560878276824951,0.81856369972229
YEL064C,YNL188W,0,-0.5107782,0.10477961599826813,0.9560878276824951,0.8186637163162231
YCR075C,YER030W,0,-0.51184106,0.10476815700531006,0.9560878276824951,0.8187637329101562
YPR192W,YLR306W,0,-0.51192343,0.10475669801235199,0.9560878276824951,0.8188637495040894
YJR013W,YGR234W,0,-0.5119322,0.10474524646997452,0.9560878276824951,0.8189637660980225
YNL136W,YNL191W,0,-0.5126061,0.10473379492759705,0.9560878276824951,0.8190638422966003
YPR028W,YNL339C,0,-0.5127246,0.10472234338521957,0.9560878276824951,0.8191638588905334
YMR171C,YOR127W,0,-0.513062,0.1047108992934227,0.9560878276824951,0.8192638754844666
YKR090W,YDR443C,0,-0.51309437,0.10469945520162582,0.9560878276824951,0.8193638920783997
YOR151C,YOR075W,0,-0.5132102,0.10468801110982895,0.9560878276824951,0.8194639086723328
YKR090W,YAR018C,0,-0.5136682,0.10467657446861267,0.9560878276824951,0.8195639252662659
YBL017C,YLR439W,0,-0.51382965,0.10466513782739639,0.9560878276824951,0.819663941860199
YOR326W,YER012W,0,-0.5142673,0.10465370118618011,0.9560878276824951,0.8197639584541321
YGR035C,YEL016C,0,-0.5145059,0.10464227199554443,0.9560878276824951,0.8198639750480652
YOR381W,YOL157C,0,-0.5146634,0.10463084280490875,0.9560878276824951,0.8199639916419983
YHR116W,YGL249W,0,-0.5147059,0.10461941361427307,0.9560878276824951,0.8200640082359314
YMR316W,YLL062C,0,-0.51491404,0.10460799187421799,0.9560878276824951,0.8201640248298645
YLR266C,YIL084C,0,-0.5151737,0.1045965701341629,0.9560878276824951,0.8202640414237976
YOR131C,YMR045C,0,-0.51535,0.10458515584468842,0.9560878276824951,0.8203640580177307
YLL062C,YPR005C,0,-0.51667356,0.10457373410463333,0.9560878276824951,0.8204640746116638
YPL031C,YFR008W,0,-0.51677644,0.10456231981515884,0.9560878276824951,0.8205640912055969
YDR014W,YDR054C,0,-0.517395,0.10455091297626495,0.9560878276824951,0.82066410779953
YJR010C-A,YPR054W,0,-0.5178174,0.10453949868679047,0.9560878276824951,0.8207641243934631
YHL047C,YLR045C,0,-0.5179255,0.10452809929847717,0.9560878276824951,0.820864200592041
YDL007W,YDR318W,0,-0.51829904,0.10451669245958328,0.9560878276824951,0.8209642171859741
YHR031C,YDR318W,0,-0.5184391,0.10450529307126999,0.9560878276824951,0.8210642337799072
YLR283W,YMR100W,0,-0.5192782,0.1044938936829567,0.9560878276824951,0.8211642503738403
YDR531W,YDL204W,0,-0.51950186,0.1044824942946434,0.9560878276824951,0.8212642669677734
YCR020C,YJL219W,0,-0.51980555,0.1044711023569107,0.9560878276824951,0.8213642835617065
YBR237W,YOR217W,0,-0.5200075,0.10445971041917801,0.9560878276824951,0.8214643001556396
YGL137W,YGR086C,0,-0.52184653,0.10444831848144531,0.9560878276824951,0.8215643167495728
YPL091W,YBL093C,0,-0.5222793,0.10443693399429321,0.9560878276824951,0.8216643333435059
YLL013C,YPR021C,0,-0.52256423,0.10442554950714111,0.9560878276824951,0.821764349937439
YDL130W,YPL111W,0,-0.52268106,0.10441417247056961,0.9560878276824951,0.8218643665313721
YJR058C,YPL214C,0,-0.5231425,0.10440278798341751,0.9560878276824951,0.8219643831253052
YCR039C,YOR150W,0,-0.52361155,0.10439141094684601,0.9560878276824951,0.8220643997192383
YDR400W,YDR380W,0,-0.52375525,0.1043800413608551,0.9560878276824951,0.8221644163131714
YDR170W-A,YER007W,0,-0.52405095,0.1043686643242836,0.9560878276824951,0.8222644329071045
YMR042W,YOR233W,0,-0.52405477,0.10435730218887329,0.9560878276824951,0.8223644495010376
YER087C-A,YPR098C,0,-0.524582,0.10434593260288239,0.9560878276824951,0.8224644660949707
YBR289W,YLL050C,0,-0.52460223,0.10433457046747208,0.9560878276824951,0.8225645422935486
YDR283C,YMR285C,0,-0.5249711,0.10432320833206177,0.9560878276824951,0.8226645588874817
YDR298C,YER012W,0,-0.525514,0.10431184619665146,0.9560878276824951,0.8227645754814148
YDR479C,YBR166C,0,-0.5267826,0.10430049151182175,0.9560878276824951,0.8228645920753479
YDL136W,YDR047W,0,-0.5275281,0.10428913682699203,0.9560878276824951,0.822964608669281
YLR126C,YLR306W,0,-0.5280326,0.10427778214216232,0.9560878276824951,0.8230646252632141
YML124C,YDR054C,0,-0.5280478,0.10426643490791321,0.9560878276824951,0.8231646418571472
YDL019C,YOR043W,0,-0.5284437,0.10425508767366409,0.9560878276824951,0.8232646584510803
YKR090W,YBR012W-B,0,-0.5286293,0.10424374043941498,0.9560878276824951,0.8233646750450134
YNL086W,YER012W,0,-0.528889,0.10423240065574646,0.9560878276824951,0.8234646916389465
YNR027W,YCR039C,0,-0.5294194,0.10422106087207794,0.9560878276824951,0.8235647082328796
YHR186C,YOR246C,0,-0.5295967,0.10420972108840942,0.9560878276824951,0.8236647248268127
YBR159W,YKR009C,0,-0.5300531,0.1041983887553215,0.9560878276824951,0.8237647414207458
YNL128W,YGR006W,0,-0.530796,0.10418705642223358,0.9560878276824951,0.823864758014679
YEL017C-A,YNL213C,0,-0.5317318,0.10417573153972626,0.9560878276824951,0.8239647746086121
YDL006W,YJR076C,0,-0.5327961,0.10416439920663834,0.9560878276824951,0.8240647912025452
YHR052W,YCL057C-A,0,-0.5330111,0.10415307432413101,0.9560878276824951,0.8241648077964783
YBL075C,YBR058C,0,-0.5331498,0.10414175689220428,0.9560878276824951,0.8242648243904114
YJL129C,YCR028C,0,-0.53369164,0.10413043200969696,0.9560878276824951,0.8243649005889893
YHR092C,YIR006C,0,-0.5338351,0.10411911457777023,0.9560878276824951,0.8244649171829224
YOL067C,YIL160C,0,-0.5338471,0.1041078045964241,0.9560878276824951,0.8245649337768555
YGR184C,YML048W,0,-0.5345858,0.10409648716449738,0.9560878276824951,0.8246649503707886
YGL222C,YLR121C,0,-0.53475523,0.10408517718315125,0.9560878276824951,0.8247649669647217
YJR094W-A,YLR221C,0,-0.5348485,0.10407387465238571,0.9560878276824951,0.8248649835586548
YBL093C,YBR048W,0,-0.53522736,0.10406256467103958,0.9560878276824951,0.8249650001525879
YMR142C,YJR029W,0,-0.5355242,0.10405126214027405,0.9560878276824951,0.825065016746521
YJL165C,YIL160C,0,-0.5361303,0.10403996706008911,0.9560878276824951,0.8251650333404541
YML077W,YPR192W,0,-0.536361,0.10402866452932358,0.9560878276824951,0.8252650499343872
YMR130W,YBL090W,0,-0.53690296,0.10401736944913864,0.9560878276824951,0.8253650665283203
YLL050C,YKL042W,0,-0.53801763,0.1040060818195343,0.9560878276824951,0.8254650831222534
YKL089W,YNL310C,0,-0.5385216,0.10399478673934937,0.9560878276824951,0.8255650997161865
YKL004W,YNL046W,0,-0.5390358,0.10398349910974503,0.9560878276824951,0.8256651163101196
YML012W,YNL098C,0,-0.5393829,0.10397221893072128,0.9560878276824951,0.8257651329040527
YDR022C,YDR329C,0,-0.5398712,0.10396093130111694,0.9560878276824951,0.8258651494979858
YDR251W,YDR044W,0,-0.54045844,0.1039496511220932,0.9560878276824951,0.825965166091919
YOL031C,YPR192W,0,-0.54077053,0.10393837839365005,0.9560878276824951,0.8260652422904968
YML040W,YBR122C,0,-0.5416354,0.10392709821462631,0.9560878276824951,0.8261652588844299
YNL311C,YBL075C,0,-0.54201734,0.10391582548618317,0.9560878276824951,0.826265275478363
YJR104C,YPL231W,0,-0.54224753,0.10390455275774002,0.9560878276824951,0.8263652920722961
YKL212W,YGR135W,0,-0.54302645,0.10389328747987747,0.9560878276824951,0.8264653086662292
YOL065C,YJR059W,0,-0.5436577,0.10388202220201492,0.9560878276824951,0.8265653252601624
YPR098C,YAR018C,0,-0.54430115,0.10387075692415237,0.9560878276824951,0.8266653418540955
YLR170C,YGR274C,0,-0.5445399,0.10385949909687042,0.9560878276824951,0.8267653584480286
YDL109C,YNL007C,0,-0.54472744,0.10384824126958847,0.9560878276824951,0.8268653750419617
YKR037C,YIL112W,0,-0.5447404,0.10383698344230652,0.9560878276824951,0.8269653916358948
YGR058W,YAR015W,0,-0.54505974,0.10382572561502457,0.9560878276824951,0.8270654082298279
YJL090C,YCR081W,0,-0.54591346,0.10381447523832321,0.9560878276824951,0.827165424823761
YJL168C,YAR003W,1,-0.5469846,0.10391158610582352,0.9570858478546143,0.827165424823761
YBR291C,YJR089W,0,-0.5475193,0.10390032827854156,0.9570858478546143,0.8272654414176941
YBL093C,YPR019W,0,-0.548865,0.10388907045125961,0.9570858478546143,0.8273654580116272
YOR151C,YOR150W,0,-0.5489165,0.10387781262397766,0.9570858478546143,0.8274654746055603
YGL222C,YNL217W,0,-0.5496454,0.1038665622472763,0.9570858478546143,0.8275654911994934
YBR205W,YDR529C,0,-0.5519009,0.10385531932115555,0.9570858478546143,0.8276655077934265
YDR533C,YNL136W,0,-0.5527354,0.1038440689444542,0.9570858478546143,0.8277655243873596
YGL168W,YLR438C-A,0,-0.55295956,0.10383282601833344,0.9570858478546143,0.8278656005859375
YGL206C,YML091C,0,-0.5532924,0.10382159054279327,0.9570858478546143,0.8279656171798706
YGR088W,YDR054C,0,-0.5539127,0.10381034761667252,0.9570858478546143,0.8280656337738037
YMR247C,YDL080C,0,-0.5541914,0.10379911214113235,0.9570858478546143,0.8281656503677368
YLR318W,YDR443C,0,-0.55422366,0.1037878766655922,0.9570858478546143,0.8282656669616699
YDR088C,YDR320C,0,-0.5545111,0.10377664864063263,0.9570858478546143,0.828365683555603
YBR237W,YOR046C,0,-0.55534095,0.10376542061567307,0.9570858478546143,0.8284657001495361
YDL069C,YOR257W,0,-0.55579597,0.1037541925907135,0.9570858478546143,0.8285657167434692
YKL140W,YBR166C,0,-0.5559328,0.10374297201633453,0.9570858478546143,0.8286657333374023
YMR098C,YPL031C,0,-0.55595744,0.10373174399137497,0.9570858478546143,0.8287657499313354
YMR070W,YNL012W,0,-0.55685014,0.1037205308675766,0.9570858478546143,0.8288657665252686
YDR387C,YDR158W,0,-0.5569674,0.10370931029319763,0.9570858478546143,0.8289657831192017
YOR257W,YKR030W,0,-0.55700195,0.10369809716939926,0.9570858478546143,0.8290657997131348
YGL206C,YLR381W,0,-0.5582285,0.10368688404560089,0.9570858478546143,0.8291658163070679
YNR008W,YKR014C,0,-0.5583166,0.10367567837238312,0.9570858478546143,0.829265832901001
YIR014W,YPL095C,0,-0.55923826,0.10366446524858475,0.9570858478546143,0.8293658494949341
YER087C-A,YDL120W,0,-0.560365,0.10365326702594757,0.9570858478546143,0.8294658660888672
YJL198W,YDR044W,0,-0.56036794,0.1036420613527298,0.9570858478546143,0.8295659422874451
YEL064C,YIL051C,0,-0.56044763,0.10363086313009262,0.9570858478546143,0.8296659588813782
YIL172C,YJL090C,0,-0.56068915,0.10361966490745544,0.9570858478546143,0.8297659754753113
YJR016C,YBL061C,0,-0.5609317,0.10360846668481827,0.9570858478546143,0.8298659920692444
YJR066W,YNL213C,0,-0.56158596,0.10359727591276169,0.9570858478546143,0.8299660086631775
YPR054W,YGR116W,0,-0.5622609,0.10358608514070511,0.9570858478546143,0.8300660252571106
YIL138C,YML091C,0,-0.56320304,0.10357490181922913,0.9570858478546143,0.8301660418510437
YJR110W,YNL339C,0,-0.56383896,0.10356371849775314,0.9570858478546143,0.8302660584449768
YLR418C,YOR347C,0,-0.5639946,0.10355253517627716,0.9570858478546143,0.8303660750389099
YDR448W,YER153C,0,-0.5641338,0.10354135185480118,0.9570858478546143,0.830466091632843
YOR278W,YPL231W,0,-0.56434596,0.10353017598390579,0.9570858478546143,0.8305661082267761
YJL133W,YMR285C,0,-0.5645393,0.1035190001130104,0.9570858478546143,0.8306661248207092
YJL048C,YDL080C,0,-0.5655235,0.10350782424211502,0.9570858478546143,0.8307661414146423
YMR139W,YOR257W,0,-0.56605196,0.10349665582180023,0.9570858478546143,0.8308661580085754
YDL190C,YMR198W,0,-0.5662468,0.10348548740148544,0.9570858478546143,0.8309661746025085
YLR170C,YLR201C,0,-0.56668645,0.10347431898117065,0.9570858478546143,0.8310661911964417
YLR364W,YPL160W,0,-0.5670108,0.10346315801143646,0.9570858478546143,0.8311662077903748
YOR322C,YOR014W,0,-0.56724995,0.10345199704170227,0.9570858478546143,0.8312662243843079
YPL022W,YHL036W,0,-0.5683566,0.10344083607196808,0.9570858478546143,0.8313663005828857
YNL159C,YPL121C,0,-0.5683778,0.10342968255281448,0.9570858478546143,0.8314663171768188
YLR098C,YCR092C,0,-0.5702772,0.10341852903366089,0.9570858478546143,0.831566333770752
YGR088W,YPL214C,0,-0.57038236,0.1034073755145073,0.9570858478546143,0.8316663503646851
YLR188W,YPL204W,0,-0.57052106,0.1033962294459343,0.9570858478546143,0.8317663669586182
YOR384W,YGR292W,0,-0.5708179,0.1033850833773613,0.9570858478546143,0.8318663835525513
YDR228C,YER012W,0,-0.5709582,0.1033739373087883,0.9570858478546143,0.8319664001464844
YHR067W,YGR076C,0,-0.5716012,0.1033627912402153,0.9570858478546143,0.8320664167404175
YDR363W-A,YOL140W,0,-0.57165605,0.1033516526222229,0.9570858478546143,0.8321664333343506
YNL322C,YFR008W,0,-0.5716817,0.1033405140042305,0.9570858478546143,0.8322664499282837
YMR094W,YJR033C,0,-0.5717106,0.1033293828368187,0.9570858478546143,0.8323664665222168
YLR370C,YIL138C,0,-0.5717959,0.10331825166940689,0.9570858478546143,0.8324664831161499
YKL179C,YDL056W,0,-0.57304275,0.10330712050199509,0.9570858478546143,0.832566499710083
YPR102C,YLR446W,0,-0.57311827,0.10329599678516388,0.9570858478546143,0.8326665163040161
YHR039C-B,YJL056C,0,-0.5734497,0.10328486561775208,0.9570858478546143,0.8327665328979492
YPL195W,YIL171W,0,-0.5741843,0.10327374190092087,0.9570858478546143,0.8328665494918823
YNL092W,YHR207C,1,-0.5748137,0.103370301425457,0.9580838084220886,0.8328665494918823
YLR459W,YHR025W,0,-0.5753635,0.1033591702580452,0.9580838084220886,0.8329665660858154
YER133W,YCL061C,0,-0.57616043,0.10334804654121399,0.9580838084220886,0.8330666422843933
YLR172C,YDR362C,0,-0.5763505,0.10333692282438278,0.9580838084220886,0.8331666588783264
YOR057W,YLR158C,0,-0.5765716,0.10332579910755157,0.9580838084220886,0.8332666754722595
YDL101C,YCR004C,0,-0.57672614,0.10331468284130096,0.9580838084220886,0.8333666920661926
YGL213C,YBR082C,0,-0.576812,0.10330355912446976,0.9580838084220886,0.8334667086601257
YHR076W,YLR418C,0,-0.5770146,0.10329245030879974,0.9580838084220886,0.8335667252540588
YLR414C,YER089C,0,-0.577267,0.10328133404254913,0.9580838084220886,0.8336667418479919
YBR058C,YLR078C,0,-0.57763153,0.10327022522687912,0.9580838084220886,0.833766758441925
YER088C,YPL220W,0,-0.5782282,0.1032591164112091,0.9580838084220886,0.8338667750358582
YER027C,YIR002C,0,-0.5785871,0.10324800759553909,0.9580838084220886,0.8339667916297913
YOL071W,YDR166C,0,-0.57913095,0.10323690623044968,0.9580838084220886,0.8340668082237244
YNL086W,YDL120W,0,-0.5797977,0.10322580486536026,0.9580838084220886,0.8341668248176575
YGR274C,YKR030W,0,-0.5798828,0.10321471095085144,0.9580838084220886,0.8342668414115906
YJR098C,YGR001C,0,-0.58008724,0.10320360958576202,0.9580838084220886,0.8343668580055237
YJR135C,YDR093W,0,-0.5804912,0.1031925156712532,0.9580838084220886,0.8344668745994568
YPR063C,YEL065W,0,-0.5813634,0.10318142920732498,0.9580838084220886,0.8345668911933899
YDR069C,YDR487C,0,-0.58200294,0.10317033529281616,0.9580838084220886,0.834666907787323
YDR270W,YMR100W,0,-0.58224064,0.10315924882888794,0.9580838084220886,0.8347669243812561
YER025W,YLR086W,0,-0.58275884,0.10314816981554031,0.9580838084220886,0.834867000579834
YPR048W,YPL074W,0,-0.5828028,0.10313708335161209,0.9580838084220886,0.8349670171737671
YOL123W,YLR327C,0,-0.5836437,0.10312600433826447,0.9580838084220886,0.8350670337677002
YPR048W,YJR135W-A,0,-0.5840502,0.10311493277549744,0.9580838084220886,0.8351670503616333
YPR049C,YNL301C,0,-0.5844633,0.10310385376214981,0.9580838084220886,0.8352670669555664
YGR274C,YMR037C,0,-0.5852773,0.10309278219938278,0.9580838084220886,0.8353670835494995
YNR001C,YGR124W,0,-0.58543986,0.10308171063661575,0.9580838084220886,0.8354671001434326
YML125C,YPR108W,0,-0.5868447,0.10307064652442932,0.9580838084220886,0.8355671167373657
YBR264C,YPR184W,0,-0.586983,0.10305958241224289,0.9580838084220886,0.8356671333312988
YNL158W,YBL022C,0,-0.58714986,0.10304851830005646,0.9580838084220886,0.8357671499252319
YPR178W,YPL085W,0,-0.5888644,0.10303746163845062,0.9580838084220886,0.835867166519165
YEL059C-A,YIL171W,0,-0.5889983,0.10302639752626419,0.9580838084220886,0.8359671831130981
YBL064C,YDR393W,0,-0.5898573,0.10301534831523895,0.9580838084220886,0.8360671997070312
YPR156C,YJR001W,0,-0.58999306,0.10300429165363312,0.9580838084220886,0.8361672163009644
YNL128W,YNL091W,0,-0.5902053,0.10299324244260788,0.9580838084220886,0.8362672328948975
YPR021C,YCL066W,0,-0.59099346,0.10298219323158264,0.9580838084220886,0.8363672494888306
YDR418W,YKL143W,0,-0.59111154,0.1029711440205574,0.9580838084220886,0.8364672660827637
YLR035C-A,YPL269W,0,-0.5930691,0.10296010226011276,0.9580838084220886,0.8365673422813416
YOR096W,YJR135W-A,0,-0.5938391,0.10294906049966812,0.9580838084220886,0.8366673588752747
YER068W,YER089C,0,-0.5943736,0.10293802618980408,0.9580838084220886,0.8367673754692078
YBL103C,YPR096C,0,-0.5947782,0.10292698442935944,0.9580838084220886,0.8368673920631409
YBR176W,YKR009C,0,-0.5950324,0.10291595011949539,0.9580838084220886,0.836967408657074
YKL011C,YMR109W,0,-0.59573233,0.10290492326021194,0.9580838084220886,0.8370674252510071
YDR503C,YDR400W,0,-0.59580857,0.1028938889503479,0.9580838084220886,0.8371674418449402
YNL136W,YMR152W,0,-0.59686077,0.10288286209106445,0.9580838084220886,0.8372674584388733
YPR049C,YPR073C,0,-0.59742177,0.102871835231781,0.9580838084220886,0.8373674750328064
YDL136W,YLR450W,0,-0.5981996,0.10286081582307816,0.9580838084220886,0.8374674916267395
YMR171C,YGR286C,0,-0.5983376,0.1028497964143753,0.9580838084220886,0.8375675082206726
YHR117W,YJR135W-A,0,-0.59879786,0.10283877700567245,0.9580838084220886,0.8376675248146057
YIL070C,YNL339C,0,-0.5988555,0.1028277650475502,0.9580838084220886,0.8377675414085388
YOR308C,YGL211W,0,-0.59929436,0.10281675308942795,0.9580838084220886,0.8378675580024719
YDL120W,YOR322C,0,-0.60069734,0.1028057411313057,0.9580838084220886,0.837967574596405
YDR334W,YDR421W,0,-0.6008473,0.10279472917318344,0.9580838084220886,0.8380675911903381
YKR090W,YDR003W,0,-0.6020837,0.10278372466564178,0.9580838084220886,0.8381676077842712
YOR057W,YER184C,0,-0.6022516,0.10277272015810013,0.9580838084220886,0.8382676243782043
YFR003C,YOL157C,0,-0.6027039,0.10276172310113907,0.9580838084220886,0.8383677005767822
YMR088C,YLR287C-A,0,-0.6027995,0.10275072604417801,0.9580838084220886,0.8384677171707153
YOR182C,YOL072W,0,-0.6028376,0.10273972898721695,0.9580838084220886,0.8385677337646484
YJR010C-A,YNL101W,0,-0.6039708,0.10272873193025589,0.9580838084220886,0.8386677503585815
YPL138C,YBL013W,1,-0.604656,0.10282474011182785,0.9590818285942078,0.8386677503585815
YDR534C,YAL025C,0,-0.6056414,0.1028137356042862,0.9590818285942078,0.8387677669525146
YMR088C,YDR387C,0,-0.6064882,0.10280273854732513,0.9590818285942078,0.8388677835464478
YHL047C,YBR012W-B,0,-0.60721254,0.10279174149036407,0.9590818285942078,0.8389678001403809
YKR014C,YDR393W,0,-0.60820514,0.10278075188398361,0.9590818285942078,0.839067816734314
YBR240C,YPL060W,0,-0.60935867,0.10276975482702255,0.9590818285942078,0.8391678333282471
YJL164C,YDR387C,0,-0.61072874,0.10275876522064209,0.9590818285942078,0.8392678499221802
YJR143C,YKL042W,0,-0.61111784,0.10274778306484222,0.9590818285942078,0.8393678665161133
YBL103C,YDL190C,0,-0.61124074,0.10273679345846176,0.9590818285942078,0.8394678831100464
YPR063C,YBR012W-B,0,-0.61133766,0.10272581875324249,0.9590818285942078,0.8395678997039795
YDR478W,YPR192W,0,-0.61184824,0.10271483659744263,0.9590818285942078,0.8396679162979126
YKL088W,YLR188W,0,-0.61199886,0.10270385444164276,0.9590818285942078,0.8397679328918457
YBR237W,YML077W,0,-0.612495,0.10269287973642349,0.9590818285942078,0.8398679494857788
YJL165C,YML042W,0,-0.6125665,0.10268191248178482,0.9590818285942078,0.8399679660797119
YML094W,YLR098C,0,-0.6128382,0.10267093777656555,0.9590818285942078,0.8400680422782898
YFR032C-A,YJL062W,0,-0.6129011,0.10265997052192688,0.9590818285942078,0.8401680588722229
YKL183W,YDR055W,0,-0.6130425,0.10264900326728821,0.9590818285942078,0.840268075466156
YNR008W,YLR099C,0,-0.61349446,0.10263804346323013,0.9590818285942078,0.8403680920600891
YJR001W,YMR071C,0,-0.6135738,0.10262708365917206,0.9590818285942078,0.8404681086540222
YGL136C,YFL002W-A,0,-0.6136007,0.10261612385511398,0.9590818285942078,0.8405681252479553
YDR503C,YJL102W,0,-0.6139906,0.10260516405105591,0.9590818285942078,0.8406681418418884
YBR245C,YER030W,0,-0.61502856,0.10259421169757843,0.9590818285942078,0.8407681584358215
YGL253W,YLL022C,0,-0.6150334,0.10258325934410095,0.9590818285942078,0.8408681750297546
YGR088W,YJR098C,0,-0.61576444,0.10257231444120407,0.9590818285942078,0.8409681916236877
YBR012W-A,YOR150W,0,-0.61632395,0.10256136953830719,0.9590818285942078,0.8410682082176208
YPL206C,YBR207W,0,-0.61658394,0.10255042463541031,0.9590818285942078,0.841168224811554
YGR088W,YOR131C,0,-0.617164,0.10253947973251343,0.9590818285942078,0.8412682414054871
YDL127W,YER180C,0,-0.6171865,0.10252854228019714,0.9590818285942078,0.8413682579994202
YOR096W,YML015C,0,-0.6172455,0.10251760482788086,0.9590818285942078,0.8414682745933533
YML074C,YOR075W,0,-0.6177239,0.10250666737556458,0.9590818285942078,0.8415682911872864
YMR122W-A,YBR030W,0,-0.61902815,0.10249573737382889,0.9590818285942078,0.8416683077812195
YLR304C,YOR014W,0,-0.6198635,0.1024847999215126,0.9590818285942078,0.8417683243751526
YBR207W,YDL146W,0,-0.6205318,0.10247387737035751,0.9590818285942078,0.8418684005737305
YJL108C,YDR261W-B,0,-0.6207712,0.10246294736862183,0.9590818285942078,0.8419684171676636
YPL091W,YDL030W,0,-0.62088823,0.10245202481746674,0.9590818285942078,0.8420684337615967
YDR052C,YER007W,0,-0.6209783,0.10244110226631165,0.9590818285942078,0.8421684503555298
YKL199C,YKL158W,0,-0.6210992,0.10243018716573715,0.9590818285942078,0.8422684669494629
YLR008C,YEL065W,0,-0.62138134,0.10241927206516266,0.9590818285942078,0.842368483543396
YOR076C,YGL095C,0,-0.6221237,0.10240835696458817,0.9590818285942078,0.8424685001373291
YNL077W,YHR184W,0,-0.622787,0.10239744186401367,0.9590818285942078,0.8425685167312622
YKR105C,YJL189W,0,-0.62282324,0.10238653421401978,0.9590818285942078,0.8426685333251953
YBR041W,YDR320C-A,0,-0.6236846,0.10237562656402588,0.9590818285942078,0.8427685499191284
YFL002W-A,YGR162W,0,-0.624256,0.10236471891403198,0.9590818285942078,0.8428685665130615
YLR142W,YNR011C,0,-0.6249163,0.10235381871461868,0.9590818285942078,0.8429685831069946
YDR046C,YAL021C,0,-0.6253222,0.10234291851520538,0.9590818285942078,0.8430685997009277
YMR100W,YJL156C,0,-0.6253691,0.10233201831579208,0.9590818285942078,0.8431686162948608
YNR011C,YNL325C,0,-0.62591016,0.10232112556695938,0.9590818285942078,0.843268632888794
YPR005C,YGL090W,0,-0.62617433,0.10231023281812668,0.9590818285942078,0.843368649482727
YDR320C-A,YNL128W,0,-0.6262376,0.10229934006929398,0.9590818285942078,0.8434686660766602
YBR258C,YPL017C,1,-0.62718034,0.10239489376544952,0.9600798487663269,0.8434686660766602
YBR087W,YLR419W,0,-0.6274424,0.10238399356603622,0.9600798487663269,0.843568742275238
YCL055W,YKL010C,0,-0.6279234,0.10237310081720352,0.9600798487663269,0.8436687588691711
YDR316W-A,YDR503C,0,-0.62803257,0.10236220806837082,0.9600798487663269,0.8437687754631042
YIL150C,YPL269W,0,-0.62847435,0.10235131531953812,0.9600798487663269,0.8438687920570374
YDR170W-A,YGL251C,0,-0.6302918,0.10234042257070541,0.9600798487663269,0.8439688086509705
YGR272C,YDL017W,0,-0.6312147,0.10232953727245331,0.9600798487663269,0.8440688252449036
YMR042W,YIL072W,0,-0.6314691,0.1023186519742012,0.9600798487663269,0.8441688418388367
YDL120W,YMR184W,0,-0.63291806,0.1023077741265297,0.9600798487663269,0.8442688584327698
YML104C,YBL074C,0,-0.6331958,0.10229689627885818,0.9600798487663269,0.8443688750267029
YBR033W,YMR257C,0,-0.63357055,0.10228601843118668,0.9600798487663269,0.844468891620636
YDR170W-A,YLR385C,0,-0.6337578,0.10227514058351517,0.9600798487663269,0.8445689082145691
YML034W,YJR135C,0,-0.6338422,0.10226427018642426,0.9600798487663269,0.8446689248085022
YAL021C,YJL065C,0,-0.63386816,0.10225339978933334,0.9600798487663269,0.8447689414024353
YNL077W,YER120W,0,-0.6344272,0.10224253684282303,0.9600798487663269,0.8448689579963684
YJL165C,YPR028W,0,-0.63486457,0.10223166644573212,0.9600798487663269,0.8449689745903015
YIL072W,YDR420W,0,-0.6348973,0.1022208034992218,0.9600798487663269,0.8450689911842346
YEL015W,YKL059C,0,-0.6353512,0.10220994800329208,0.9600798487663269,0.8451690077781677
YGL003C,YEL016C,0,-0.6364842,0.10219908505678177,0.9600798487663269,0.8452690243721008
YDL129W,YLR147C,0,-0.6368813,0.10218822956085205,0.9600798487663269,0.8453691005706787
YDL146W,YER012W,0,-0.63740426,0.10217737406492233,0.9600798487663269,0.8454691171646118
YGL249W,YIL136W,0,-0.63745487,0.10216652601957321,0.9600798487663269,0.8455691337585449
YJR013W,YOR182C,0,-0.63942945,0.10215567797422409,0.9600798487663269,0.845669150352478
YIL093C,YOR221C,0,-0.6408605,0.10214482992887497,0.9600798487663269,0.8457691669464111
YMR171C,YJR139C,0,-0.6411553,0.10213398188352585,0.9600798487663269,0.8458691835403442
YNL136W,YNL227C,0,-0.64116365,0.10212314128875732,0.9600798487663269,0.8459692001342773
YDR532C,YMR247C,0,-0.6413864,0.1021123006939888,0.9600798487663269,0.8460692167282104
YPL101W,YAR044W,0,-0.64161205,0.10210146754980087,0.9600798487663269,0.8461692333221436
YPL101W,YOL072W,0,-0.641914,0.10209062695503235,0.9600798487663269,0.8462692499160767
YMR287C,YJL056C,0,-0.64241093,0.10207979381084442,0.9600798487663269,0.8463692665100098
YJR015W,YER051W,0,-0.6426482,0.10206896811723709,0.9600798487663269,0.8464692831039429
YDL099W,YDR313C,0,-0.64283365,0.10205813497304916,0.9600798487663269,0.846569299697876
YJL044C,YMR312W,0,-0.6432165,0.10204730927944183,0.9600798487663269,0.8466693162918091
YMR100W,YPL123C,0,-0.6439143,0.1020364835858345,0.9600798487663269,0.8467693328857422
YJR094W-A,YAL021C,0,-0.6443889,0.10202566534280777,0.9600798487663269,0.8468693494796753
YLR032W,YLR381W,0,-0.64451087,0.10201484709978104,0.9600798487663269,0.8469693660736084
YCR039C,YOL064C,0,-0.64489233,0.1020040288567543,0.9600798487663269,0.8470694422721863
YBL106C,YLR403W,0,-0.64510226,0.10199321806430817,0.9600798487663269,0.8471694588661194
YDR036C,YGL155W,0,-0.6452453,0.10198239982128143,0.9600798487663269,0.8472694754600525
YJR160C,YPL149W,0,-0.6455013,0.1019715890288353,0.9600798487663269,0.8473694920539856
YNL188W,YGR116W,0,-0.6455426,0.10196078568696976,0.9600798487663269,0.8474695086479187
YHR207C,YHR171W,0,-0.64578265,0.10194998234510422,0.9600798487663269,0.8475695252418518
YAL010C,YJR098C,0,-0.6474039,0.10193917900323868,0.9600798487663269,0.8476695418357849
YOR037W,YML005W,0,-0.6487868,0.10192837566137314,0.9600798487663269,0.847769558429718
YER120W,YJR135W-A,0,-0.6505165,0.1019175723195076,0.9600798487663269,0.8478695750236511
YGR058W,YLR207W,0,-0.6507699,0.10190677642822266,0.9600798487663269,0.8479695916175842
YHR206W,YIL172C,0,-0.6510352,0.10189598798751831,0.9600798487663269,0.8480696082115173
YHR105W,YNL325C,0,-0.6514871,0.10188519209623337,0.9600798487663269,0.8481696248054504
YCR072C,YPL231W,0,-0.65351677,0.10187440365552902,0.9600798487663269,0.8482696413993835
YDR107C,YER111C,0,-0.65415365,0.10186361521482468,0.9600798487663269,0.8483696579933167
YDL069C,YLR364W,0,-0.6541563,0.10185283422470093,0.9600798487663269,0.8484696745872498
YDR358W,YDR501W,0,-0.6557136,0.10184205323457718,0.9600798487663269,0.8485696911811829
YIR015W,YIL126W,0,-0.65629894,0.10183127224445343,0.9600798487663269,0.848669707775116
YER053C,YFL037W,0,-0.6573587,0.10182049125432968,0.9600798487663269,0.8487697243690491
YLR170C,YPR031W,0,-0.6596027,0.10180971771478653,0.9600798487663269,0.848869800567627
YNL311C,YKR061W,0,-0.65983766,0.10179894417524338,0.9600798487663269,0.8489698171615601
YOR174W,YNL015W,0,-0.6600949,0.10178817063570023,0.9600798487663269,0.8490698337554932
YOR131C,YJL101C,0,-0.660814,0.10177740454673767,0.9600798487663269,0.8491698503494263
YOR343W-A,YGR262C,0,-0.6609021,0.10176663845777512,0.9600798487663269,0.8492698669433594
YOL127W,YIL084C,0,-0.661382,0.10175587236881256,0.9600798487663269,0.8493698835372925
YDR093W,YOR043W,0,-0.66173035,0.10174510627985,0.9600798487663269,0.8494699001312256
YDL195W,YHR186C,0,-0.6619344,0.10173434764146805,0.9600798487663269,0.8495699167251587
YFL002W-A,YMR312W,0,-0.6620207,0.10172358900308609,0.9600798487663269,0.8496699333190918
YFR032C-A,YMR098C,0,-0.6622817,0.10171283781528473,0.9600798487663269,0.8497699499130249
YMR109W,YLR246W,0,-0.6625087,0.10170207917690277,0.9600798487663269,0.849869966506958
YLR134W,YPL195W,0,-0.6626405,0.101691335439682,0.9600798487663269,0.8499699831008911
YDL229W,YJL190C,0,-0.6629786,0.10168058425188065,0.9600798487663269,0.8500699996948242
YPL017C,YDL065C,0,-0.66298604,0.10166984051465988,0.9600798487663269,0.8501700162887573
YBR055C,YKL116C,0,-0.66299415,0.10165909677743912,0.9600798487663269,0.8502700328826904
YMR100W,YPL048W,0,-0.6636852,0.10164835304021835,0.9600798487663269,0.8503700494766235
YGR029W,YNR007C,0,-0.66369367,0.10163760930299759,0.9600798487663269,0.8504700660705566
YOL096C,YBR176W,1,-0.66389406,0.1017325147986412,0.961077868938446,0.8504700660705566
YNL330C,YOL105C,0,-0.66427046,0.10172177106142044,0.961077868938446,0.8505701422691345
YGR047C,YGL178W,0,-0.66477937,0.10171102732419968,0.961077868938446,0.8506701588630676
YOR076C,YDR288W,0,-0.6649583,0.10170028358697891,0.961077868938446,0.8507701754570007
YDR251W,YJL156C,0,-0.66593283,0.10168954730033875,0.961077868938446,0.8508701920509338
YMR022W,YMR311C,0,-0.66635925,0.10167881101369858,0.961077868938446,0.8509702086448669
YDR242W,YDR510W,0,-0.6670071,0.10166807472705841,0.961077868938446,0.8510702252388
YPL220W,YGR071C,0,-0.66710573,0.10165733844041824,0.961077868938446,0.8511702418327332
YJL102W,YIR009W,0,-0.6676336,0.10164660960435867,0.961077868938446,0.8512702584266663
YGR241C,YNL091W,0,-0.668196,0.1016358807682991,0.961077868938446,0.8513702750205994
YFL047W,YDL138W,0,-0.6684749,0.10162515938282013,0.961077868938446,0.8514702916145325
YCR009C,YDL101C,0,-0.6687493,0.10161443799734116,0.961077868938446,0.8515703082084656
YDR170W-A,YDR503C,0,-0.6690266,0.10160371661186218,0.961077868938446,0.8516703248023987
YGR063C,YBL101W-A,0,-0.6692047,0.10159299522638321,0.961077868938446,0.8517703413963318
YDR424C,YPL257W-A,0,-0.6697662,0.10158228129148483,0.961077868938446,0.8518703579902649
YDR320C-A,YGL249W,0,-0.6706006,0.10157156735658646,0.961077868938446,0.851970374584198
YPL106C,YML077W,0,-0.6710153,0.10156085342168808,0.961077868938446,0.8520703911781311
YIR015W,YNL101W,0,-0.6713537,0.1015501394867897,0.961077868938446,0.8521704077720642
YOL067C,YDR330W,0,-0.6715669,0.10153943300247192,0.961077868938446,0.8522704243659973
YNR008W,YLL050C,0,-0.6721906,0.10152872651815414,0.961077868938446,0.8523705005645752
YGL232W,YIL138C,0,-0.6725993,0.10151802748441696,0.961077868938446,0.8524705171585083
YCR096C,YDR052C,0,-0.6730376,0.10150732845067978,0.961077868938446,0.8525705337524414
YNL291C,YHR023W,0,-0.6733898,0.1014966294169426,0.961077868938446,0.8526705503463745
YOR096W,YER133W,0,-0.67357194,0.10148593038320541,0.961077868938446,0.8527705669403076
YDL195W,YDL085W,0,-0.67456084,0.10147523880004883,0.961077868938446,0.8528705835342407
YLR207W,YPL123C,0,-0.6749022,0.10146454721689224,0.961077868938446,0.8529706001281738
YMR264W,YDR466W,0,-0.67515045,0.10145385563373566,0.961077868938446,0.8530706167221069
YGR008C,YLR121C,0,-0.67590576,0.10144317150115967,0.961077868938446,0.85317063331604
YEL050C,YLR403W,0,-0.67600995,0.10143248736858368,0.961077868938446,0.8532706499099731
YBR289W,YJL221C,0,-0.6762359,0.10142180323600769,0.961077868938446,0.8533706665039062
YBL013W,YGR157W,1,-0.6765571,0.10151642560958862,0.9620758295059204,0.8533706665039062
YPR156C,YGR218W,0,-0.6767465,0.10150574147701263,0.9620758295059204,0.8534706830978394
YHR017W,YBR164C,0,-0.67707163,0.10149504989385605,0.9620758295059204,0.8535706996917725
YOL100W,YOR244W,0,-0.67715716,0.10148436576128006,0.9620758295059204,0.8536707162857056
YPR102C,YER112W,0,-0.6778588,0.10147368162870407,0.9620758295059204,0.8537707328796387
YDR466W,YDR363W-A,0,-0.6779795,0.10146300494670868,0.9620758295059204,0.8538707494735718
YNL136W,YBR273C,0,-0.6783038,0.10145232826471329,0.9620758295059204,0.8539707660675049
YGL191W,YCL057C-A,0,-0.6787652,0.1014416515827179,0.9620758295059204,0.8540708422660828
YLR170C,YNR008W,0,-0.67894244,0.1014309749007225,0.9620758295059204,0.8541708588600159
YPR049C,YOR386W,0,-0.6804484,0.10142030566930771,0.9620758295059204,0.854270875453949
YCL057C-A,YJL189W,0,-0.68093884,0.10140963643789291,0.9620758295059204,0.8543708920478821
YER161C,YGR262C,0,-0.6819247,0.10139896720647812,0.9620758295059204,0.8544709086418152
YLR086W,YCR081W,0,-0.68193436,0.10138830542564392,0.9620758295059204,0.8545709252357483
YLR396C,YPR032W,0,-0.6821318,0.10137764364480972,0.9620758295059204,0.8546709418296814
YML054C,YKL173W,0,-0.6825304,0.10136698186397552,0.9620758295059204,0.8547709584236145
YGR272C,YDR103W,0,-0.68258315,0.10135632753372192,0.9620758295059204,0.8548709750175476
YOR386W,YPL103C,0,-0.68302566,0.10134566575288773,0.9620758295059204,0.8549709916114807
YJR098C,YPL195W,0,-0.6830637,0.10133501887321472,0.9620758295059204,0.8550710082054138
YNL212W,YGR218W,0,-0.6835062,0.10132436454296112,0.9620758295059204,0.8551710247993469
YPL101W,YGL123W,0,-0.6841516,0.10131371766328812,0.9620758295059204,0.85527104139328
YJL052W,YPR047W,0,-0.68451875,0.10130307078361511,0.9620758295059204,0.8553710579872131
YHR031C,YDR170W-A,0,-0.68676215,0.10129242390394211,0.9620758295059204,0.8554710745811462
YLR448W,YLR186W,0,-0.6868497,0.1012817844748497,0.9620758295059204,0.8555710911750793
YOR373W,YMR221C,0,-0.68736595,0.1012711450457573,0.9620758295059204,0.8556711077690125
YJL136C,YCR040W,0,-0.68746907,0.10126050561666489,0.9620758295059204,0.8557711839675903
YIL074C,YGR154C,0,-0.68840003,0.10124986618757248,0.9620758295059204,0.8558712005615234
YJR009C,YOR181W,0,-0.690122,0.10123923420906067,0.9620758295059204,0.8559712171554565
YKR014C,YBL093C,0,-0.6902427,0.10122860223054886,0.9620758295059204,0.8560712337493896
YPL074W,YDR326C,0,-0.6912076,0.10121797770261765,0.9620758295059204,0.8561712503433228
YML005W,YNL063W,1,-0.69138205,0.10131233930587769,0.9630738496780396,0.8561712503433228
YLR418C,YNL146W,0,-0.69409925,0.10130169987678528,0.9630738496780396,0.8562712669372559
YIL111W,YJL056C,0,-0.6945349,0.10129106789827347,0.9630738496780396,0.856371283531189
YER048W-A,YHR147C,0,-0.6950416,0.10128043591976166,0.9630738496780396,0.8564713001251221
YNR011C,YOR075W,0,-0.69512844,0.10126981139183044,0.9630738496780396,0.8565713167190552
YPR005C,YGL251C,0,-0.69560105,0.10125917941331863,0.9630738496780396,0.8566713333129883
YGR223C,YML085C,0,-0.69611,0.10124855488538742,0.9630738496780396,0.8567713499069214
YDL069C,YEL065W,0,-0.69611853,0.1012379378080368,0.9630738496780396,0.8568713665008545
YBR082C,YML070W,0,-0.6966985,0.10122731328010559,0.9630738496780396,0.8569713830947876
YJL221C,YGR218W,0,-0.69735986,0.10121669620275497,0.9630738496780396,0.8570713996887207
YJR010C-A,YCR040W,0,-0.69743973,0.10120608657598495,0.9630738496780396,0.8571714162826538
YDR315C,YJR025C,0,-0.697624,0.10119546949863434,0.9630738496780396,0.8572714328765869
YIL113W,YOR043W,0,-0.6980063,0.10118485987186432,0.9630738496780396,0.85737144947052
YDL164C,YBR058C-A,0,-0.69841367,0.1011742502450943,0.9630738496780396,0.8574714660644531
YAL023C,YPR178W,0,-0.69918525,0.10116364061832428,0.9630738496780396,0.857571542263031
YDR379W,YGL141W,0,-0.70008135,0.10115303844213486,0.9630738496780396,0.8576715588569641
YOR076C,YGR006W,0,-0.7001963,0.10114243626594543,0.9630738496780396,0.8577715754508972
YEL016C,YDR402C,0,-0.70024127,0.10113184154033661,0.9630738496780396,0.8578715920448303
YLR467W,YMR311C,0,-0.7012665,0.10112123936414719,0.9630738496780396,0.8579716086387634
YDR170W-A,YIL074C,0,-0.70137566,0.10111064463853836,0.9630738496780396,0.8580716252326965
YHR143W,YGL136C,0,-0.7017028,0.10110004991292953,0.9630738496780396,0.8581716418266296
YOR036W,YGR154C,0,-0.7019588,0.1010894626379013,0.9630738496780396,0.8582716584205627
YPL160W,YPL026C,0,-0.70231146,0.10107887536287308,0.9630738496780396,0.8583716750144958
YGR241C,YKR048C,0,-0.70231754,0.10106828808784485,0.9630738496780396,0.858471691608429
YML129C,YER174C,0,-0.70295864,0.10105770081281662,0.9630738496780396,0.8585717082023621
YGR101W,YER045C,0,-0.70377433,0.10104712098836899,0.9630738496780396,0.8586717247962952
YCL061C,YMR292W,0,-0.7037961,0.10103654116392136,0.9630738496780396,0.8587717413902283
YJL090C,YER161C,0,-0.7039555,0.10102596133947372,0.9630738496780396,0.8588717579841614
YNL331C,YLR337W,0,-0.7042791,0.10101538896560669,0.9630738496780396,0.8589717745780945
YPL091W,YNL289W,0,-0.7043371,0.10100481659173965,0.9630738496780396,0.8590717911720276
YDL231C,YBR058C-A,0,-0.7045384,0.10099424421787262,0.9630738496780396,0.8591718077659607
YOR069W,YOR127W,0,-0.7048722,0.10098367184400558,0.9630738496780396,0.8592718839645386
YGL206C,YIL112W,0,-0.7054469,0.10097310692071915,0.9630738496780396,0.8593719005584717
YKR059W,YIL126W,0,-0.7056108,0.10096254199743271,0.9630738496780396,0.8594719171524048
YPL085W,YBR297W,0,-0.7078262,0.10095198452472687,0.9630738496780396,0.8595719337463379
YML085C,YER106W,0,-0.7084946,0.10094141960144043,0.9630738496780396,0.859671950340271
YBR213W,YBR058C-A,0,-0.7089858,0.10093086212873459,0.9630738496780396,0.8597719669342041
YHR101C,YER020W,0,-0.70921403,0.10092031210660934,0.9630738496780396,0.8598719835281372
YJL198W,YKL164C,0,-0.70928794,0.1009097546339035,0.9630738496780396,0.8599720001220703
YOL003C,YHR023W,0,-0.7099046,0.10089920461177826,0.9630738496780396,0.8600720167160034
YDR198C,YOR240W,1,-0.71093494,0.10099320113658905,0.9640718698501587,0.8600720167160034
YNR027W,YGL003C,0,-0.71210426,0.10098264366388321,0.9640718698501587,0.8601720333099365
YIL034C,YDR503C,0,-0.71222824,0.10097209364175797,0.9640718698501587,0.8602720499038696
YDL014W,YOR240W,1,-0.7125969,0.10106605291366577,0.9650698900222778,0.8602720499038696
YDR056C,YGL249W,0,-0.7127946,0.10105548799037933,0.9650698900222778,0.8603720664978027
YDR170W-A,YGL003C,0,-0.71424776,0.10104493051767349,0.9650698900222778,0.8604720830917358
YKR014C,YOL002C,0,-0.71425575,0.10103437304496765,0.9650698900222778,0.860572099685669
YBR024W,YLR427W,0,-0.71514475,0.10102382302284241,0.9650698900222778,0.860672116279602
YBR123C,YPR192W,0,-0.71538824,0.10101326555013657,0.9650698900222778,0.8607721328735352
YPL159C,YJR059W,0,-0.71626955,0.10100271552801132,0.9650698900222778,0.8608721494674683
YDR236C,YLR438C-A,0,-0.7185575,0.10099216550588608,0.9650698900222778,0.8609721660614014
YHL040C,YBR097W,0,-0.7185784,0.10098162293434143,0.9650698900222778,0.8610722422599792
YPL269W,YCL061C,0,-0.71882975,0.10097107291221619,0.9650698900222778,0.8611722588539124
YCR096C,YNL189W,0,-0.7189199,0.10096053779125214,0.9650698900222778,0.8612722754478455
YDL067C,YPL281C,0,-0.7190055,0.10094999521970749,0.9650698900222778,0.8613722920417786
YOL007C,YLR079W,0,-0.72110635,0.10093946009874344,0.9650698900222778,0.8614723086357117
YBL106C,YDR238C,0,-0.72116673,0.10092892497777939,0.9650698900222778,0.8615723252296448
YPR118W,YCR075C,0,-0.72137475,0.10091838985681534,0.9650698900222778,0.8616723418235779
YMR051C,YMR037C,0,-0.7215382,0.10090785473585129,0.9650698900222778,0.861772358417511
YJL157C,YDR128W,0,-0.7216286,0.10089732706546783,0.9650698900222778,0.8618723750114441
YPR132W,YMR311C,0,-0.72236145,0.10088679939508438,0.9650698900222778,0.8619723916053772
YOR288C,YOR240W,0,-0.72327906,0.10087627917528152,0.9650698900222778,0.8620724081993103
YMR264W,YPL194W,0,-0.72357863,0.10086575895547867,0.9650698900222778,0.8621724247932434
YMR127C,YGR262C,0,-0.7247543,0.10085523873567581,0.9650698900222778,0.8622724413871765
YKR104W,YBR251W,0,-0.7255224,0.10084471851587296,0.9650698900222778,0.8623724579811096
YDR060W,YGR279C,0,-0.7257317,0.1008342057466507,0.9650698900222778,0.8624724745750427
YLR035C-A,YBR185C,0,-0.72590065,0.10082368552684784,0.9650698900222778,0.8625724911689758
YML116W,YOR228C,0,-0.7260718,0.10081318020820618,0.9650698900222778,0.8626725077629089
YOL067C,YIR009W,0,-0.72748953,0.10080266743898392,0.9650698900222778,0.8627725839614868
YIL113W,YGR075C,0,-0.7289712,0.10079216212034225,0.9650698900222778,0.8628726005554199
YPL177C,YDR013W,0,-0.72930914,0.10078165680170059,0.9650698900222778,0.862972617149353
YLR186W,YDL008W,0,-0.72989535,0.10077115148305893,0.9650698900222778,0.8630726337432861
YLR035C-A,YNL129W,0,-0.73032385,0.10076065361499786,0.9650698900222778,0.8631726503372192
YNR061C,YNL212W,0,-0.73082006,0.1007501557469368,0.9650698900222778,0.8632726669311523
YBL075C,YLR086W,0,-0.73120904,0.10073965787887573,0.9650698900222778,0.8633726835250854
YKR062W,YGR295C,0,-0.73167974,0.10072916746139526,0.9650698900222778,0.8634727001190186
YGL213C,YLR265C,0,-0.73168653,0.1007186770439148,0.9650698900222778,0.8635727167129517
YDR047W,YGR218W,0,-0.73205215,0.10070818662643433,0.9650698900222778,0.8636727333068848
YDR533C,YIL009C-A,0,-0.73212,0.10069769620895386,0.9650698900222778,0.8637727499008179
YBR261C,YDR198C,1,-0.73219615,0.100791335105896,0.9660678505897522,0.8637727499008179
YJL165C,YER164W,0,-0.73313636,0.10078084468841553,0.9660678505897522,0.863872766494751
YOL071W,YHR186C,0,-0.73317266,0.10077035427093506,0.9660678505897522,0.8639727830886841
YBR024W,YBR207W,0,-0.7343671,0.10075986385345459,0.9660678505897522,0.8640727996826172
YJL129C,YDL030W,0,-0.73469704,0.10074937343597412,0.9660678505897522,0.8641728162765503
YHL024W,YPL031C,0,-0.73492676,0.10073889046907425,0.9660678505897522,0.8642728328704834
YDL101C,YNR007C,0,-0.7350425,0.10072840750217438,0.9660678505897522,0.8643728494644165
YER056C-A,YLR265C,0,-0.73579854,0.1007179245352745,0.9660678505897522,0.8644728660583496
YLR098C,YPL017C,0,-0.7363847,0.10070744901895523,0.9660678505897522,0.8645729422569275
YDR050C,YJR134C,0,-0.7366998,0.10069697350263596,0.9660678505897522,0.8646729588508606
YOR175C,YOR343W-A,0,-0.7370855,0.10068649798631668,0.9660678505897522,0.8647729754447937
YKL010C,YMR184W,0,-0.7371959,0.100676029920578,0.9660678505897522,0.8648729920387268
YLR370C,YLR246W,0,-0.73733395,0.10066555440425873,0.9660678505897522,0.8649730086326599
YPL195W,YOR217W,0,-0.73768693,0.10065508633852005,0.9660678505897522,0.865073025226593
YJL046W,YCL050C,0,-0.7377246,0.10064462572336197,0.9660678505897522,0.8651730418205261
YHR160C,YKL198C,0,-0.73783815,0.10063416510820389,0.9660678505897522,0.8652730584144592
YLR127C,YAR044W,0,-0.7380473,0.10062369704246521,0.9660678505897522,0.8653730750083923
YNL039W,YEL061C,0,-0.73891103,0.10061324387788773,0.9660678505897522,0.8654730916023254
YGL210W,YJL097W,0,-0.7390333,0.10060278326272964,0.9660678505897522,0.8655731081962585
YNL293W,YLR337W,0,-0.73971385,0.10059233009815216,0.9660678505897522,0.8656731247901917
YMR130W,YOL133W,0,-0.7415881,0.10058187693357468,0.9660678505897522,0.8657731413841248
YBL075C,YCR092C,0,-0.7415929,0.10057143121957779,0.9660678505897522,0.8658731579780579
YBR207W,YAL044C,0,-0.74339944,0.1005609780550003,0.9660678505897522,0.865973174571991
YLR038C,YKL042W,0,-0.7438827,0.10055053234100342,0.9660678505897522,0.8660731911659241
YGR274C,YPL095C,0,-0.7439815,0.10054009407758713,0.9660678505897522,0.8661732077598572
YDR050C,YDR011W,0,-0.7446152,0.10052964836359024,0.9660678505897522,0.8662732839584351
YGL035C,YPL103C,0,-0.7459806,0.10051921010017395,0.9660678505897522,0.8663733005523682
YJL033W,YKR048C,0,-0.7473059,0.10050877183675766,0.9660678505897522,0.8664733171463013
YIL034C,YDR166C,0,-0.7475002,0.10049834102392197,0.9660678505897522,0.8665733337402344
YDR115W,YDR486C,0,-0.74775845,0.10048790276050568,0.9660678505897522,0.8666733503341675
YLR286C,YIR009W,0,-0.7485271,0.10047747194766998,0.9660678505897522,0.8667733669281006
YNR050C,YER164W,0,-0.7494072,0.10046704858541489,0.9660678505897522,0.8668733835220337
YMR208W,YLR079W,0,-0.75004804,0.1004566177725792,0.9660678505897522,0.8669734001159668
YDR529C,YBL061C,0,-0.75039256,0.1004461944103241,0.9660678505897522,0.8670734167098999
YNR020C,YLR120C,0,-0.7505353,0.1004357784986496,0.9660678505897522,0.867173433303833
YLL050C,YNR007C,0,-0.7518143,0.1004253551363945,0.9660678505897522,0.8672734498977661
YOR069W,YLR337W,0,-0.7524043,0.10041493922472,0.9660678505897522,0.8673734664916992
YOL138C,YOR391C,0,-0.7526074,0.1004045233130455,0.9660678505897522,0.8674734830856323
YDR320C-A,YOL080C,0,-0.7529174,0.100394107401371,0.9660678505897522,0.8675734996795654
YPL195W,YBR299W,0,-0.7535905,0.1003836989402771,0.9660678505897522,0.8676735162734985
YGL161C,YFL002W-A,0,-0.7538794,0.1003732904791832,0.9660678505897522,0.8677735328674316
YLR356W,YLR078C,0,-0.7539293,0.1003628820180893,0.9660678505897522,0.8678735494613647
YPL074W,YPL090C,0,-0.75484306,0.10035248100757599,0.9660678505897522,0.8679735660552979
YEL015W,YLR032W,0,-0.7549252,0.10034207254648209,0.9660678505897522,0.8680736422538757
YDL192W,YLR221C,0,-0.756072,0.10033167153596878,0.9660678505897522,0.8681736588478088
YFL029C,YPL202C,0,-0.75678223,0.10032127797603607,0.9660678505897522,0.8682736754417419
YGL253W,YLR172C,0,-0.7569378,0.10031088441610336,0.9660678505897522,0.868373692035675
YOR075W,YDR054C,0,-0.7576086,0.10030048340559006,0.9660678505897522,0.8684737086296082
YDL120W,YER088C,0,-0.7577863,0.10029009729623795,0.9660678505897522,0.8685737252235413
YOL067C,YBL074C,0,-0.7578916,0.10027970373630524,0.9660678505897522,0.8686737418174744
YGR262C,YAR044W,0,-0.758565,0.10026931762695312,0.9660678505897522,0.8687737584114075
YDR356W,YAL012W,0,-0.75995153,0.10025893151760101,0.9660678505897522,0.8688737750053406
YMR171C,YJR001W,0,-0.76020527,0.1002485528588295,0.9660678505897522,0.8689737915992737
YOR069W,YPL202C,0,-0.7602803,0.10023816674947739,0.9660678505897522,0.8690738081932068
YJR145C,YNL091W,0,-0.7605799,0.10022778809070587,0.9660678505897522,0.8691738247871399
YLR446W,YGR184C,0,-0.7609921,0.10021741688251495,0.9660678505897522,0.869273841381073
YKL056C,YCL057C-A,0,-0.76181287,0.10020703822374344,0.9660678505897522,0.8693738579750061
YGR295C,YDL130W-A,0,-0.7620815,0.10019666701555252,0.9660678505897522,0.8694738745689392
YML040W,YLR097C,0,-0.76330996,0.1001862958073616,0.9660678505897522,0.8695738911628723
YMR264W,YIL160C,0,-0.76391846,0.10017593204975128,0.9660678505897522,0.8696739077568054
YIL138C,YIL155C,0,-0.76420456,0.10016556084156036,0.9660678505897522,0.8697739839553833
YHL044W,YKL088W,0,-0.764757,0.10015519708395004,0.9660678505897522,0.8698740005493164
YMR264W,YPR042C,0,-0.76504767,0.10014484077692032,0.9660678505897522,0.8699740171432495
YAR015W,YPL257W-A,0,-0.76635236,0.10013447701931,0.9660678505897522,0.8700740337371826
YPL257W-A,YLR078C,0,-0.76666385,0.10012412071228027,0.9660678505897522,0.8701740503311157
YPL194W,YJR089W,0,-0.7666855,0.10011376440525055,0.9660678505897522,0.8702740669250488
YDR036C,YDR380W,0,-0.767294,0.10010341554880142,0.9660678505897522,0.8703740835189819
YLR126C,YPL103C,0,-0.7677872,0.1000930592417717,0.9660678505897522,0.870474100112915
YER147C,YDR247W,0,-0.76794213,0.10008271038532257,0.9660678505897522,0.8705741167068481
YMR122W-A,YGL141W,0,-0.7680216,0.10007236897945404,0.9660678505897522,0.8706741333007812
YGL222C,YDL130W-A,0,-0.7691435,0.10006202012300491,0.9660678505897522,0.8707741498947144
YDL019C,YDR320C-A,0,-0.769304,0.10005167871713638,0.9660678505897522,0.8708741664886475
YPR019W,YGL084C,0,-0.7694282,0.10004133731126785,0.9660678505897522,0.8709741830825806
YDL056W,YLR337W,0,-0.7721208,0.10003100335597992,0.9660678505897522,0.8710741996765137
YDR456W,YER096W,0,-0.77229595,0.10002066195011139,0.9660678505897522,0.8711742162704468
YPL257W-A,YHR181W,0,-0.77498275,0.10001032799482346,0.9660678505897522,0.8712742328643799
YFL041W,YDL200C,0,-0.7750284,0.10000000149011612,0.9660678505897522,0.871374249458313
YDR520C,YML115C,0,-0.7762832,0.09998966753482819,0.9660678505897522,0.8714742660522461
YHR184W,YCR054C,0,-0.77678674,0.09997934103012085,0.9660678505897522,0.871574342250824
YLR035C-A,YHL019C,0,-0.7769282,0.09996901452541351,0.9660678505897522,0.8716743588447571
YOL138C,YLR098C,0,-0.77805704,0.09995869547128677,0.9660678505897522,0.8717743754386902
YGL173C,YEL021W,0,-0.7788339,0.09994837641716003,0.9660678505897522,0.8718743920326233
YOR315W,YLR127C,0,-0.77914155,0.0999380573630333,0.9660678505897522,0.8719744086265564
YNL098C,YER184C,0,-0.77934283,0.09992773830890656,0.9660678505897522,0.8720744252204895
YBR012W-A,YJR143C,0,-0.77969015,0.09991742670536041,0.9660678505897522,0.8721744418144226
YOR096W,YGR106C,0,-0.7799178,0.09990710765123367,0.9660678505897522,0.8722744584083557
YPL174C,YPR073C,0,-0.7805974,0.09989680349826813,0.9660678505897522,0.8723744750022888
YIL090W,YDR054C,0,-0.78103817,0.09988649189472198,0.9660678505897522,0.8724744915962219
YOR381W,YDL130W-A,0,-0.7820465,0.09987618774175644,0.9660678505897522,0.872574508190155
YLR035C-A,YBR030W,0,-0.7826328,0.0998658835887909,0.9660678505897522,0.8726745247840881
YPL089C,YLR381W,0,-0.7832983,0.09985557943582535,0.9660678505897522,0.8727745413780212
YPR096C,YPR021C,0,-0.78345305,0.0998452827334404,0.9660678505897522,0.8728745579719543
YJR009C,YDR128W,0,-0.7835212,0.09983498603105545,0.9660678505897522,0.8729745745658875
YER088C,YOL002C,0,-0.78372115,0.0998246893286705,0.9660678505897522,0.8730745911598206
YOL105C,YPL103C,0,-0.7839386,0.09981439262628555,0.9660678505897522,0.8731746077537537
YML054C,YBR041W,0,-0.78515846,0.0998041033744812,0.9660678505897522,0.8732746839523315
YPR118W,YDR096W,0,-0.7855838,0.09979381412267685,0.9660678505897522,0.8733747005462646
YKL199C,YGL003C,0,-0.7870835,0.0997835248708725,0.9660678505897522,0.8734747171401978
YJL056C,YLR120C,0,-0.78780526,0.09977324306964874,0.9660678505897522,0.8735747337341309
YOR037W,YMR130W,0,-0.7891378,0.09976296126842499,0.9660678505897522,0.873674750328064
YJR029W,YPL160W,0,-0.78979856,0.09975267946720123,0.9660678505897522,0.8737747669219971
YGR029W,YDR055W,0,-0.7899737,0.09974239766597748,0.9660678505897522,0.8738747835159302
YFL029C,YLR414C,0,-0.7901014,0.09973212331533432,0.9660678505897522,0.8739748001098633
YOR373W,YGR184C,0,-0.79101783,0.09972184896469116,0.9660678505897522,0.8740748167037964
YOR096W,YCR096C,0,-0.7927005,0.099711574614048,0.9660678505897522,0.8741748332977295
YKR014C,YHR039C-B,0,-0.7927947,0.09970130771398544,0.9660678505897522,0.8742748498916626
YLR396C,YDR320C,0,-0.79293334,0.09969104081392288,0.9660678505897522,0.8743748664855957
YLL062C,YMR071C,0,-0.79444265,0.09968077391386032,0.9660678505897522,0.8744748830795288
YER086W,YIL009C-A,0,-0.79461294,0.09967050701379776,0.9660678505897522,0.8745748996734619
YIL004C,YDR116C,0,-0.79542196,0.0996602475643158,0.9660678505897522,0.874674916267395
YDL190C,YBL022C,0,-0.79558504,0.09964998811483383,0.9660678505897522,0.8747749328613281
YGR026W,YPL022W,0,-0.79610604,0.09963972866535187,0.9660678505897522,0.8748749494552612
YDL138W,YDR288W,0,-0.7971306,0.0996294766664505,0.9660678505897522,0.8749749660491943
YDR011W,YER147C,0,-0.79810494,0.09961922466754913,0.9660678505897522,0.8750750422477722
YAL043C,YCR094W,0,-0.7988227,0.09960897266864777,0.9660678505897522,0.8751750588417053
YOR348C,YOR290C,0,-0.799401,0.0995987206697464,0.9660678505897522,0.8752750754356384
YDL229W,YHR039C-B,0,-0.7994769,0.09958847612142563,0.9660678505897522,0.8753750920295715
YKR062W,YGR272C,0,-0.79956925,0.09957823157310486,0.9660678505897522,0.8754751086235046
YOR036W,YDL180W,0,-0.7996147,0.09956798702478409,0.9660678505897522,0.8755751252174377
YML104C,YHR023W,0,-0.79969555,0.09955774992704391,0.9660678505897522,0.8756751418113708
YER091C,YER175C,1,-0.7996967,0.09965035319328308,0.9670658707618713,0.8756751418113708
YPR042C,YMR165C,0,-0.80039257,0.09964010119438171,0.9670658707618713,0.875775158405304
YNL311C,YPL281C,0,-0.8011446,0.09962985664606094,0.9670658707618713,0.8758751749992371
YDR531W,YDR529C,0,-0.8020432,0.09961961209774017,0.9670658707618713,0.8759751915931702
YPR137C-B,YGR262C,0,-0.8032952,0.099609375,0.9670658707618713,0.8760752081871033
YDR456W,YIL051C,0,-0.80353,0.09959913790225983,0.9670658707618713,0.8761752247810364
YGL106W,YIL115C,0,-0.8035565,0.09958890080451965,0.9670658707618713,0.8762752413749695
YAL013W,YIL051C,0,-0.8036039,0.09957866370677948,0.9670658707618713,0.8763752579689026
YDR170W-A,YMR221C,0,-0.80399364,0.0995684340596199,0.9670658707618713,0.8764752745628357
YPL257W-A,YJL190C,0,-0.8058178,0.09955820441246033,0.9670658707618713,0.8765752911567688
YCR077C,YMR311C,0,-0.8063603,0.09954797476530075,0.9670658707618713,0.8766753077507019
YLR266C,YML070W,0,-0.8065817,0.09953775256872177,0.9670658707618713,0.8767753839492798
YOL064C,YER020W,0,-0.8065867,0.09952753037214279,0.9670658707618713,0.8768754005432129
YGR218W,YGL059W,0,-0.80698955,0.09951730817556381,0.9670658707618713,0.876975417137146
YLR098C,YER088C,0,-0.80794424,0.09950708597898483,0.9670658707618713,0.8770754337310791
YDR316W-A,YBL082C,0,-0.80847114,0.09949687123298645,0.9670658707618713,0.8771754503250122
YKL034W,YDR510W,0,-0.80901456,0.09948665648698807,0.9670658707618713,0.8772754669189453
YOR174W,YGL227W,0,-0.80914515,0.09947644174098969,0.9670658707618713,0.8773754835128784
YKR059W,YKL017C,0,-0.8095326,0.0994662269949913,0.9670658707618713,0.8774755001068115
YDL137W,YBR176W,0,-0.8119615,0.09945601969957352,0.9670658707618713,0.8775755167007446
YKL089W,YFL029C,0,-0.8127908,0.09944581240415573,0.9670658707618713,0.8776755332946777
YBL021C,YEL002C,0,-0.8129287,0.09943560510873795,0.9670658707618713,0.8777755498886108
YOR069W,YOR270C,0,-0.8149982,0.09942540526390076,0.9670658707618713,0.877875566482544
YOL065C,YDR387C,0,-0.8155138,0.09941520541906357,0.9670658707618713,0.877975583076477
YMR298W,YDR483W,0,-0.81731236,0.09940500557422638,0.9670658707618713,0.8780755996704102
YBR283C,YNL188W,0,-0.81810683,0.09939481317996979,0.9670658707618713,0.8781756162643433
YER161C,YAL008W,0,-0.8183945,0.0993846133351326,0.9670658707618713,0.8782756328582764
YJR158W,YPL257W-A,0,-0.8191008,0.09937442094087601,0.9670658707618713,0.8783756494522095
YGR154C,YCL057C-A,0,-0.81933266,0.09936423599720001,0.9670658707618713,0.8784756660461426
YJR025C,YDR251W,0,-0.8193846,0.09935404360294342,0.9670658707618713,0.8785757422447205
YMR098C,YMR037C,0,-0.81987554,0.09934385865926743,0.9670658707618713,0.8786757588386536
YLR192C,YPL028W,0,-0.8198889,0.09933367371559143,0.9670658707618713,0.8787757754325867
YJL046W,YPL060W,0,-0.82009375,0.09932349622249603,0.9670658707618713,0.8788757920265198
YNL331C,YIR015W,0,-0.820094,0.09931331127882004,0.9670658707618713,0.8789758086204529
YOL103W,YOR211C,0,-0.8204116,0.09930313378572464,0.9670658707618713,0.879075825214386
YJL019W,YLR438C-A,0,-0.8207639,0.09929296374320984,0.9670658707618713,0.8791758418083191
YKR037C,YGL031C,0,-0.8208697,0.09928278625011444,0.9670658707618713,0.8792758584022522
YKL158W,YKR097W,0,-0.82095045,0.09927261620759964,0.9670658707618713,0.8793758749961853
YBR237W,YKL010C,0,-0.8210837,0.09926244616508484,0.9670658707618713,0.8794758915901184
YML012W,YLL022C,0,-0.8215851,0.09925227612257004,0.9670658707618713,0.8795759081840515
YNL063W,YBR258C,1,-0.82182956,0.09934452921152115,0.9680638909339905,0.8795759081840515
YLR035C-A,YOL123W,0,-0.822338,0.09933435916900635,0.9680638909339905,0.8796759247779846
YNL158W,YIR015W,0,-0.8228232,0.09932418912649155,0.9680638909339905,0.8797759413719177
YHR105W,YMR086W,0,-0.8248778,0.09931401908397675,0.9680638909339905,0.8798759579658508
YOR381W,YNL310C,0,-0.82537305,0.09930384904146194,0.9680638909339905,0.8799759745597839
YFR003C,YOL117W,0,-0.8255709,0.09929368644952774,0.9680638909339905,0.880075991153717
YBR245C,YMR109W,0,-0.8265341,0.09928352385759354,0.9680638909339905,0.8801760077476501
YEL058W,YER045C,0,-0.82883734,0.09927336126565933,0.9680638909339905,0.880276083946228
YNL061W,YMR122W-A,0,-0.8296385,0.09926319867372513,0.9680638909339905,0.8803761005401611
YBR176W,YHL004W,0,-0.83085936,0.09925304353237152,0.9680638909339905,0.8804761171340942
YIL026C,YDR166C,0,-0.8327233,0.09924288839101791,0.9680638909339905,0.8805761337280273
YDR320C-A,YGR035C,0,-0.8329962,0.0992327332496643,0.9680638909339905,0.8806761503219604
YMR221C,YDR093W,0,-0.8332458,0.0992225855588913,0.9680638909339905,0.8807761669158936
YKL088W,YJR025C,0,-0.8334949,0.09921243786811829,0.9680638909339905,0.8808761835098267
YDR107C,YOR043W,0,-0.8347189,0.09920229017734528,0.9680638909339905,0.8809762001037598
YPR063C,YLR172C,0,-0.83510876,0.09919214993715286,0.9680638909339905,0.8810762166976929
YBR082C,YPR081C,0,-0.83577245,0.09918200224637985,0.9680638909339905,0.881176233291626
YBR022W,YPL111W,0,-0.83609307,0.09917186200618744,0.9680638909339905,0.8812762498855591
YMR316W,YNL311C,0,-0.8361369,0.09916172921657562,0.9680638909339905,0.8813762664794922
YLR419W,YEL017C-A,0,-0.837717,0.09915158897638321,0.9680638909339905,0.8814762830734253
YHR076W,YDR534C,0,-0.838462,0.09914145618677139,0.9680638909339905,0.8815762996673584
YBR001C,YOL157C,0,-0.8389113,0.09913132339715958,0.9680638909339905,0.8816763162612915
YOR356W,YOR265W,0,-0.8393302,0.09912119060754776,0.9680638909339905,0.8817763328552246
YPR070W,YER126C,0,-0.84013623,0.09911106526851654,0.9680638909339905,0.8818763494491577
YDR251W,YGL059W,0,-0.8407219,0.09910093992948532,0.9680638909339905,0.8819763660430908
YOR240W,YBR207W,0,-0.8411022,0.0990908145904541,0.9680638909339905,0.8820764422416687
YLR154C,YJL121C,0,-0.8411794,0.09908069670200348,0.9680638909339905,0.8821764588356018
YBR240C,YPL281C,0,-0.8415013,0.09907057136297226,0.9680638909339905,0.8822764754295349
YDL007W,YLL050C,0,-0.84162974,0.09906046092510223,0.9680638909339905,0.882376492023468
YHR206W,YDR288W,0,-0.84178144,0.09905034303665161,0.9680638909339905,0.8824765086174011
YLR238W,YKL158W,0,-0.84198403,0.09904022514820099,0.9680638909339905,0.8825765252113342
YMR086W,YPL103C,0,-0.8421479,0.09903011471033096,0.9680638909339905,0.8826765418052673
YAL010C,YNR045W,0,-0.84246355,0.09902001172304153,0.9680638909339905,0.8827765583992004
YER087C-A,YGR218W,0,-0.842886,0.09900990128517151,0.9680638909339905,0.8828765749931335
YDR011W,YJR135C,0,-0.8431148,0.09899979829788208,0.9680638909339905,0.8829765915870667
YBR058C,YDR169C,0,-0.8465628,0.09898969531059265,0.9680638909339905,0.8830766081809998
YOL018C,YDR261W-B,0,-0.8482032,0.09897959232330322,0.9680638909339905,0.8831766247749329
YOL072W,YLR337W,0,-0.8504107,0.0989694893360138,0.9680638909339905,0.883276641368866
YDR379W,YPR042C,0,-0.85100806,0.09895939379930496,0.9680638909339905,0.8833766579627991
YMR307W,YJR089W,0,-0.8516161,0.09894929826259613,0.9680638909339905,0.8834766745567322
YGR223C,YDR077W,0,-0.85163516,0.0989392101764679,0.9680638909339905,0.8835766911506653
YDR316W-A,YNL119W,0,-0.85196966,0.09892911463975906,0.9680638909339905,0.8836767077445984
YJR094W-A,YOL002C,0,-0.85221297,0.09891902655363083,0.9680638909339905,0.8837767839431763
YOR057W,YGR184C,0,-0.8526487,0.09890894591808319,0.9680638909339905,0.8838768005371094
YDR242W,YMR071C,0,-0.8527925,0.09889885783195496,0.9680638909339905,0.8839768171310425
YER095W,YDR052C,0,-0.8535719,0.09888877719640732,0.9680638909339905,0.8840768337249756
YMR122W-A,YJR135W-A,0,-0.8542867,0.09887869656085968,0.9680638909339905,0.8841768503189087
YEL013W,YIL026C,0,-0.8546346,0.09886861592531204,0.9680638909339905,0.8842768669128418
YFL002W-A,YDR038C,0,-0.8546796,0.098858542740345,0.9680638909339905,0.8843768835067749
YKR048C,YHR064C,0,-0.8547438,0.09884846955537796,0.9680638909339905,0.884476900100708
YLR381W,YLR306W,0,-0.8550885,0.09883839637041092,0.9680638909339905,0.8845769166946411
YGL089C,YNR020C,0,-0.8552078,0.09882832318544388,0.9680638909339905,0.8846769332885742
YMR316W,YMR045C,0,-0.8573223,0.09881825745105743,0.9680638909339905,0.8847769498825073
YER114C,YER088C,0,-0.85790396,0.09880819171667099,0.9680638909339905,0.8848769664764404
YHL019C,YOR057W,0,-0.85846514,0.09879812598228455,0.9680638909339905,0.8849769830703735
YER161C,YOR069W,0,-0.8593196,0.0987880602478981,0.9680638909339905,0.8850769996643066
YKL100C,YGR009C,0,-0.8603975,0.09877800196409225,0.9680638909339905,0.8851770162582397
YML043C,YMR198W,0,-0.86137336,0.09876794368028641,0.9680638909339905,0.8852770328521729
YNL039W,YPR005C,0,-0.8616161,0.09875789284706116,0.9680638909339905,0.885377049446106
YDL101C,YDR507C,0,-0.8618551,0.09874783456325531,0.9680638909339905,0.8854770660400391
YOR069W,YGR135W,0,-0.8620506,0.09873778373003006,0.9680638909339905,0.8855771422386169
YDR170W-A,YBL022C,0,-0.8621884,0.09872773289680481,0.9680638909339905,0.88567715883255
YNL291C,YBR245C,0,-0.86271846,0.09871768951416016,0.9680638909339905,0.8857771754264832
YBR176W,YDR358W,0,-0.8628537,0.0987076386809349,0.9680638909339905,0.8858771920204163
YMR298W,YPL121C,0,-0.86338097,0.09869759529829025,0.9680638909339905,0.8859772086143494
YPR186C,YIL084C,0,-0.8635896,0.0986875593662262,0.9680638909339905,0.8860772252082825
YHR161C,YDR387C,0,-0.86403286,0.09867751598358154,0.9680638909339905,0.8861772418022156
YOR240W,YLR078C,0,-0.8640972,0.09866748005151749,0.9680638909339905,0.8862772583961487
YLR356W,YGR154C,0,-0.86466604,0.09865744411945343,0.9680638909339905,0.8863772749900818
YHL008C,YDR393W,0,-0.86473083,0.09864740818738937,0.9680638909339905,0.8864772915840149
YHR017W,YNL212W,0,-0.8654116,0.09863737970590591,0.9680638909339905,0.886577308177948
YER048W-A,YGL123W,0,-0.86616355,0.09862735122442245,0.9680638909339905,0.8866773247718811
YIL039W,YIL113W,0,-0.8684571,0.098617322742939,0.9680638909339905,0.8867773413658142
YER131W,YPL257W-A,0,-0.8693809,0.09860730171203613,0.9680638909339905,0.8868773579597473
YIL039W,YOR343W-A,0,-0.8701288,0.09859727323055267,0.9680638909339905,0.8869773745536804
YOR124C,YLR079W,0,-0.8711276,0.09858725219964981,0.9680638909339905,0.8870773911476135
YLR109W,YLR237W,0,-0.8716156,0.09857723861932755,0.9680638909339905,0.8871774077415466
YNL077W,YML070W,0,-0.8729598,0.09856721758842468,0.9680638909339905,0.8872774839401245
YKR048C,YGR037C,0,-0.87344855,0.09855720400810242,0.9680638909339905,0.8873775005340576
YPL143W,YPL174C,0,-0.8747129,0.09854719042778015,0.9680638909339905,0.8874775171279907
YDR236C,YOL064C,0,-0.87516034,0.09853717684745789,0.9680638909339905,0.8875775337219238
YBR156C,YOR246C,0,-0.87583536,0.09852717071771622,0.9680638909339905,0.8876775503158569
YGL119W,YFL029C,0,-0.87590474,0.09851716458797455,0.9680638909339905,0.88777756690979
YPL059W,YDR047W,0,-0.87678015,0.09850715845823288,0.9680638909339905,0.8878775835037231
YLR204W,YML104C,0,-0.87702507,0.09849715977907181,0.9680638909339905,0.8879776000976562
YMR297W,YPL033C,0,-0.87719995,0.09848715364933014,0.9680638909339905,0.8880776166915894
YHR013C,YOR014W,0,-0.8785645,0.09847715497016907,0.9680638909339905,0.8881776332855225
YER027C,YPL022W,0,-0.88165945,0.09846716374158859,0.9680638909339905,0.8882776498794556
YMR037C,YNR007C,0,-0.8822071,0.09845716506242752,0.9680638909339905,0.8883776664733887
YNL062C,YOR240W,1,-0.88292414,0.09854866564273834,0.9690618515014648,0.8883776664733887
YMR139W,YDR251W,0,-0.8830708,0.09853866696357727,0.9690618515014648,0.8884776830673218
YMR292W,YIL126W,0,-0.88435876,0.0985286682844162,0.9690618515014648,0.8885776996612549
YGR026W,YOR373W,0,-0.88445896,0.09851866960525513,0.9690618515014648,0.888677716255188
YPL089C,YBL101W-A,0,-0.88479465,0.09850867092609406,0.9690618515014648,0.8887777328491211
YOR069W,YHL016C,0,-0.8850008,0.09849867969751358,0.9690618515014648,0.8888777494430542
YIR002C,YLR207W,0,-0.8853248,0.0984886884689331,0.9690618515014648,0.8889777660369873
YNR008W,YER096W,0,-0.8854874,0.09847870469093323,0.9690618515014648,0.8890778422355652
YNR011C,YML115C,0,-0.8867403,0.09846871346235275,0.9690618515014648,0.8891778588294983
YBR022W,YJL153C,0,-0.8874398,0.09845872968435287,0.9690618515014648,0.8892778754234314
YKL199C,YMR285C,0,-0.88751155,0.098448745906353,0.9690618515014648,0.8893778920173645
YOL077C,YGR272C,0,-0.8875918,0.09843876957893372,0.9690618515014648,0.8894779086112976
YJL046W,YER048W-A,0,-0.8880367,0.09842878580093384,0.9690618515014648,0.8895779252052307
YOL127W,YOR343W-A,0,-0.8881617,0.09841880947351456,0.9690618515014648,0.8896779417991638
YGL003C,YMR314W,0,-0.8886619,0.09840884059667587,0.9690618515014648,0.8897779583930969
YBR159W,YIL111W,0,-0.88973784,0.09839886426925659,0.9690618515014648,0.88987797498703
YDR334W,YCL031C,0,-0.8897607,0.09838889539241791,0.9690618515014648,0.8899779915809631
YLR035C-A,YDR247W,0,-0.8897734,0.09837892651557922,0.9690618515014648,0.8900780081748962
YPR070W,YJR089W,0,-0.89074475,0.09836895763874054,0.9690618515014648,0.8901780247688293
YLR086W,YDR283C,0,-0.8909042,0.09835899621248245,0.9690618515014648,0.8902780413627625
YJL090C,YPR073C,0,-0.89240277,0.09834903478622437,0.9690618515014648,0.8903780579566956
YPR063C,YOL123W,0,-0.8939125,0.09833907335996628,0.9690618515014648,0.8904780745506287
YDR425W,YBR207W,0,-0.89396363,0.09832911193370819,0.9690618515014648,0.8905780911445618
YMR100W,YNL146W,0,-0.89405483,0.0983191579580307,0.9690618515014648,0.8906781077384949
YER111C,YBL101W-A,0,-0.8948457,0.09830920398235321,0.9690618515014648,0.8907781839370728
YHR207C,YNL063W,1,-0.8959915,0.09840048849582672,0.970059871673584,0.8907781839370728
YOL141W,YOR240W,1,-0.8966728,0.09849175065755844,0.9710578918457031,0.8907781839370728
YIL027C,YER088C,0,-0.89743865,0.09848178178071976,0.9710578918457031,0.8908782005310059
YML116W,YPL123C,0,-0.89760864,0.09847181290388107,0.9710578918457031,0.890978217124939
YDR055W,YDR054C,0,-0.8980048,0.09846185147762299,0.9710578918457031,0.8910782337188721
YDR334W,YLR403W,0,-0.89845186,0.0984518900513649,0.9710578918457031,0.8911782503128052
YDL109C,YGR272C,0,-0.9005803,0.09844192862510681,0.9710578918457031,0.8912782669067383
YBL064C,YOL133W,0,-0.9007042,0.09843196719884872,0.9710578918457031,0.8913782835006714
YMR036C,YIL101C,0,-0.9010601,0.09842201322317123,0.9710578918457031,0.8914783000946045
YLL009C,YJR025C,0,-0.90119314,0.09841205924749374,0.9710578918457031,0.8915783166885376
YER173W,YDR380W,0,-0.90159434,0.09840210527181625,0.9710578918457031,0.8916783332824707
YJR029W,YLR327C,0,-0.9016342,0.09839215129613876,0.9710578918457031,0.8917783498764038
YHR067W,YNL098C,0,-0.9023347,0.09838220477104187,0.9710578918457031,0.8918783664703369
YHR039C-B,YCR053W,0,-0.90306306,0.09837225824594498,0.9710578918457031,0.89197838306427
YFL041W,YLR265C,0,-0.90349466,0.09836231172084808,0.9710578918457031,0.8920783996582031
YDR065W,YDR393W,0,-0.903602,0.09835237264633179,0.9710578918457031,0.8921784162521362
YDL109C,YDR523C,0,-0.903664,0.0983424261212349,0.9710578918457031,0.8922784328460693
YCR020C,YCR054C,0,-0.90378135,0.0983324944972992,0.9710578918457031,0.8923784494400024
YOR343W-A,YGL040C,0,-0.9039976,0.0983225554227829,0.9710578918457031,0.8924784660339355
YLR086W,YIL155C,0,-0.9047074,0.0983126163482666,0.9710578918457031,0.8925785422325134
YMR122W-A,YHR181W,0,-0.9059786,0.0983026847243309,0.9710578918457031,0.8926785588264465
YLR126C,YPL095C,0,-0.9064915,0.0982927605509758,0.9710578918457031,0.8927785754203796
YDR011W,YMR017W,0,-0.90649915,0.0982828289270401,0.9710578918457031,0.8928785920143127
YBR022W,YDR380W,0,-0.90656286,0.098272904753685,0.9710578918457031,0.8929786086082458
YFL036W,YOR356W,0,-0.90672964,0.0982629805803299,0.9710578918457031,0.893078625202179
YOR075W,YBL037W,0,-0.9077128,0.09825305640697479,0.9710578918457031,0.8931786417961121
YGL206C,YDR393W,0,-0.9084703,0.09824313223361969,0.9710578918457031,0.8932786583900452
YHR161C,YOL072W,0,-0.9088405,0.09823321551084518,0.9710578918457031,0.8933786749839783
YDL120W,YER048W-A,0,-0.9089057,0.09822329878807068,0.9710578918457031,0.8934786915779114
YDR316W-A,YHL004W,0,-0.9101793,0.09821338206529617,0.9710578918457031,0.8935787081718445
YNR045W,YHR039C-B,0,-0.9104789,0.09820347279310226,0.9710578918457031,0.8936787247657776
YPL231W,YMR045C,0,-0.91072375,0.09819356352090836,0.9710578918457031,0.8937787413597107
YIL115C,YNL101W,0,-0.9108872,0.09818365424871445,0.9710578918457031,0.8938787579536438
YOR192C-A,YMR256C,0,-0.9115314,0.09817374497652054,0.9710578918457031,0.8939787745475769
YDR265W,YDL185W,0,-0.9119706,0.09816384315490723,0.9710578918457031,0.89407879114151
YGL211W,YAR044W,0,-0.91250116,0.09815394133329391,0.9710578918457031,0.8941788077354431
YGR009C,YMR303C,0,-0.91337293,0.0981440395116806,0.9710578918457031,0.894278883934021
YOR066W,YAR007C,0,-0.9140252,0.09813413769006729,0.9710578918457031,0.8943789005279541
YPL111W,YPL123C,0,-0.91410637,0.09812424331903458,0.9710578918457031,0.8944789171218872
YKL199C,YPL060W,0,-0.91428304,0.09811434894800186,0.9710578918457031,0.8945789337158203
YOR373W,YLR035C-A,0,-0.9147545,0.09810445457696915,0.9710578918457031,0.8946789503097534
YIL138C,YGR135W,0,-0.9153707,0.09809456765651703,0.9710578918457031,0.8947789669036865
YGL232W,YHR039C-B,0,-0.91554624,0.09808468073606491,0.9710578918457031,0.8948789834976196
YJR110W,YER164W,0,-0.91674095,0.09807479381561279,0.9710578918457031,0.8949790000915527
YIR014W,YBR289W,0,-0.9167803,0.09806490689516068,0.9710578918457031,0.8950790166854858
YBL101W-A,YGL227W,0,-0.9168443,0.09805501997470856,0.9710578918457031,0.895179033279419
YJR139C,YJL153C,0,-0.9183747,0.09804514050483704,0.9710578918457031,0.895279049873352
YGL090W,YOR070C,0,-0.91878873,0.09803526103496552,0.9710578918457031,0.8953790664672852
YPR049C,YNL213C,0,-0.9197899,0.09802538901567459,0.9710578918457031,0.8954790830612183
YDR334W,YOR150W,0,-0.92006963,0.09801550954580307,0.9710578918457031,0.8955790996551514
YMR306W,YDR118W,0,-0.9201464,0.09800563752651215,0.9710578918457031,0.8956791162490845
YNL218W,YDR034C-C,0,-0.92145246,0.09799577295780182,0.9710578918457031,0.8957791328430176
YGL119W,YDR047W,0,-0.92190236,0.0979859009385109,0.9710578918457031,0.8958791494369507
YDR248C,YJR135W-A,0,-0.92340606,0.09797603636980057,0.9710578918457031,0.8959792256355286
YDR170W-A,YDR421W,0,-0.92389596,0.09796617180109024,0.9710578918457031,0.8960792422294617
YMR297W,YGR027W-B,0,-0.9243068,0.09795630723237991,0.9710578918457031,0.8961792588233948
YPR158C-D,YOR217W,0,-0.92461103,0.09794645011425018,0.9710578918457031,0.8962792754173279
YHR039C-B,YGL059W,0,-0.92482096,0.09793658554553986,0.9710578918457031,0.896379292011261
YPL157W,YOR240W,1,-0.9254609,0.09802737832069397,0.9720559120178223,0.896379292011261
YKL178C,YKL158W,0,-0.92566234,0.09801751375198364,0.9720559120178223,0.8964793086051941
YAL034W-A,YDR523C,0,-0.9256913,0.09800764918327332,0.9720559120178223,0.8965793251991272
YDR197W,YLR078C,0,-0.9259719,0.09799778461456299,0.9720559120178223,0.8966793417930603
YJR066W,YEL058W,0,-0.9259971,0.09798792749643326,0.9720559120178223,0.8967793583869934
YKL199C,YER088C,0,-0.9266256,0.09797807037830353,0.9720559120178223,0.8968793749809265
YMR198W,YCR039C,0,-0.9269224,0.0979682132601738,0.9720559120178223,0.8969793915748596
YLR373C,YNL007C,0,-0.9278974,0.09795836359262466,0.9720559120178223,0.8970794081687927
YDL080C,YIR023W,0,-0.9280253,0.09794851392507553,0.9720559120178223,0.8971794247627258
YOR047C,YOR240W,0,-0.9280414,0.0979386642575264,0.9720559120178223,0.8972794413566589
YLR109W,YAL062W,0,-0.92891335,0.09792881458997726,0.9720559120178223,0.897379457950592
YDR341C,YLR038C,0,-0.92983955,0.09791897237300873,0.9720559120178223,0.8974794745445251
YMR171C,YER020W,0,-0.93014663,0.09790913015604019,0.9720559120178223,0.8975794911384583
YDR219C,YAL044C,0,-0.9310989,0.09789928793907166,0.9720559120178223,0.8976795077323914
YDR270W,YKL010C,0,-0.93159825,0.09788944572210312,0.9720559120178223,0.8977795839309692
YJR009C,YDR047W,0,-0.93408453,0.09787961095571518,0.9720559120178223,0.8978796005249023
YNL311C,YDR242W,0,-0.93411,0.09786977618932724,0.9720559120178223,0.8979796171188354
YNR008W,YAR044W,0,-0.934609,0.0978599414229393,0.9720559120178223,0.8980796337127686
YPR156C,YPL177C,0,-0.93490016,0.09785011410713196,0.9720559120178223,0.8981796503067017
YGL173C,YNL306W,0,-0.93509305,0.09784027934074402,0.9720559120178223,0.8982796669006348
YMR109W,YHL016C,0,-0.9359619,0.09783045202493668,0.9720559120178223,0.8983796834945679
YHL009W-B,YOL147C,0,-0.936209,0.09782063215970993,0.9720559120178223,0.898479700088501
YOR240W,YJR059W,0,-0.93712646,0.09781080484390259,0.9720559120178223,0.8985797166824341
YKL059C,YGL185C,0,-0.937299,0.09780098497867584,0.9720559120178223,0.8986797332763672
YBL101W-A,YDR507C,0,-0.93777573,0.0977911651134491,0.9720559120178223,0.8987797498703003
YER048W-A,YBR097W,0,-0.9401847,0.09778134524822235,0.9720559120178223,0.8988797664642334
YKR014C,YKL140W,0,-0.94030744,0.0977715328335762,0.9720559120178223,0.8989797830581665
YJL143W,YJR045C,0,-0.9406111,0.09776172041893005,0.9720559120178223,0.8990797996520996
YHR017W,YDR069C,0,-0.941567,0.0977519080042839,0.9720559120178223,0.8991798162460327
YKL011C,YGR272C,0,-0.9421407,0.09774209558963776,0.9720559120178223,0.8992798328399658
YJR015W,YDR077W,0,-0.94466597,0.0977322906255722,0.9720559120178223,0.8993798494338989
YDR283C,YPL085W,0,-0.9453633,0.09772248566150665,0.9720559120178223,0.8994799256324768
YER083C,YER159C-A,0,-0.9476617,0.0977126806974411,0.9720559120178223,0.8995799422264099
YOR381W,YPL095C,0,-0.9478381,0.09770287573337555,0.9720559120178223,0.899679958820343
YHR101C,YGR076C,0,-0.9488875,0.0976930782198906,0.9720559120178223,0.8997799754142761
YER111C,YIL124W,0,-0.94919866,0.09768328070640564,0.9720559120178223,0.8998799920082092
YIR017C,YHR039C-B,0,-0.9512716,0.09767348319292068,0.9720559120178223,0.8999800086021423
YDR379W,YER184C,0,-0.9516714,0.09766369313001633,0.9720559120178223,0.9000800251960754
YKL108W,YLR186W,0,-0.95274436,0.09765390306711197,0.9720559120178223,0.9001800417900085
YJR075W,YPR096C,0,-0.9528907,0.09764411300420761,0.9720559120178223,0.9002800583839417
YJR033C,YJL156C,0,-0.9530097,0.09763432294130325,0.9720559120178223,0.9003800749778748
YBR033W,YPL269W,0,-0.9534717,0.0976245328783989,0.9720559120178223,0.9004800915718079
YMR221C,YHR039C-B,0,-0.95380086,0.09761475026607513,0.9720559120178223,0.900580108165741
YAL043C,YOR391C,0,-0.95439863,0.09760496765375137,0.9720559120178223,0.9006801247596741
YDR170W-A,YIL125W,0,-0.95442086,0.09759519249200821,0.9720559120178223,0.9007801413536072
YML040W,YHR039C-B,0,-0.95531934,0.09758540987968445,0.9720559120178223,0.9008801579475403
YER083C,YLR188W,0,-0.95555526,0.09757563471794128,0.9720559120178223,0.9009801745414734
YPL022W,YNL128W,0,-0.9556275,0.09756585955619812,0.9720559120178223,0.9010801911354065
YOR151C,YMR122W-A,0,-0.95619965,0.09755609184503555,0.9720559120178223,0.9011802077293396
YDR320C-A,YGL059W,0,-0.9563567,0.09754631668329239,0.9720559120178223,0.9012802839279175
YHR027C,YNL136W,0,-0.95687604,0.09753654897212982,0.9720559120178223,0.9013803005218506
YGR223C,YDR251W,0,-0.95722586,0.09752678126096725,0.9720559120178223,0.9014803171157837
YOR343W-A,YOR246C,0,-0.95944124,0.09751702100038528,0.9720559120178223,0.9015803337097168
YJR001W,YFL044C,0,-0.95946777,0.09750726073980331,0.9720559120178223,0.9016803503036499
YIR014W,YFR008W,0,-0.9600453,0.09749750047922134,0.9720559120178223,0.901780366897583
YPR102C,YPL149W,0,-0.9618521,0.09748774021863937,0.9720559120178223,0.9018803834915161
YOL019W,YPL103C,0,-0.962081,0.0974779799580574,0.9720559120178223,0.9019804000854492
YJL080C,YHR186C,0,-0.96234816,0.09746822714805603,0.9720559120178223,0.9020804166793823
YDR270W,YPL143W,0,-0.962349,0.09745847433805466,0.9720559120178223,0.9021804332733154
YOR192C-B,YBR175W,0,-0.9626407,0.09744872152805328,0.9720559120178223,0.9022804498672485
YDR128W,YJR143C,0,-0.9638061,0.09743897616863251,0.9720559120178223,0.9023804664611816
YDR071C,YER112W,0,-0.964933,0.09742923080921173,0.9720559120178223,0.9024804830551147
YDR466W,YJR075W,0,-0.9650449,0.09741948544979095,0.9720559120178223,0.9025804996490479
YDR376W,YGR027W-B,0,-0.96604174,0.09740974009037018,0.9720559120178223,0.902680516242981
YIL009C-A,YPR108W,0,-0.96647924,0.09740000218153,0.9720559120178223,0.9027805328369141
YOR240W,YDR342C,0,-0.9669286,0.09739026427268982,0.9720559120178223,0.9028805494308472
YER083C,YPL204W,0,-0.9679211,0.09738052636384964,0.9720559120178223,0.902980625629425
YDR341C,YPL257W-A,0,-0.96795136,0.09737078845500946,0.9720559120178223,0.9030806422233582
YKL178C,YOR014W,0,-0.96978104,0.09736105799674988,0.9720559120178223,0.9031806588172913
YNL012W,YPR081C,0,-0.9700751,0.0973513275384903,0.9720559120178223,0.9032806754112244
YML077W,YMR163C,0,-0.97045165,0.09734159708023071,0.9720559120178223,0.9033806920051575
YLR371W,YIL115C,0,-0.9706536,0.09733186662197113,0.9720559120178223,0.9034807085990906
YGR009C,YFL039C,0,-0.9709818,0.09732214361429214,0.9720559120178223,0.9035807251930237
YDR379W,YML091C,0,-0.97137254,0.09731242060661316,0.9720559120178223,0.9036807417869568
YPL074W,YOR290C,0,-0.9714468,0.09730269759893417,0.9720559120178223,0.9037807583808899
YDR242W,YOL072W,0,-0.9719295,0.09729297459125519,0.9720559120178223,0.903880774974823
YOR057W,YPL155C,0,-0.97317344,0.0972832590341568,0.9720559120178223,0.9039807915687561
YPR108W,YOR211C,0,-0.97321695,0.09727354347705841,0.9720559120178223,0.9040808081626892
YGL119W,YIL136W,0,-0.9732602,0.09726382791996002,0.9720559120178223,0.9041808247566223
YDL143W,YKL034W,0,-0.97326595,0.09725411981344223,0.9720559120178223,0.9042808413505554
YMR316W,YGL251C,0,-0.9737897,0.09724441170692444,0.9720559120178223,0.9043808579444885
YDR418W,YGR272C,0,-0.9740936,0.09723470360040665,0.9720559120178223,0.9044808745384216
YNL280C,YGR272C,0,-0.97469395,0.09722499549388885,0.9720559120178223,0.9045808911323547
YNL136W,YJL008C,0,-0.9747382,0.09721528738737106,0.9720559120178223,0.9046809077262878
YLR283W,YNL331C,0,-0.9752258,0.09720558673143387,0.9720559120178223,0.9047809839248657
YHR025W,YBL101W-A,0,-0.9759084,0.09719588607549667,0.9720559120178223,0.9048810005187988
YJL048C,YAR044W,0,-0.97642857,0.09718619287014008,0.9720559120178223,0.9049810171127319
YHL009W-B,YOR150W,0,-0.9767752,0.09717649221420288,0.9720559120178223,0.905081033706665
YHL024W,YNL213C,0,-0.9775606,0.09716679900884628,0.9720559120178223,0.9051810503005981
YLR035C-A,YLR014C,0,-0.9777604,0.09715710580348969,0.9720559120178223,0.9052810668945312
YDR126W,YCL057C-A,0,-0.97799087,0.09714742004871368,0.9720559120178223,0.9053810834884644
YBL061C,YPL154C,0,-0.978773,0.09713772684335709,0.9720559120178223,0.9054811000823975
YPL106C,YBR123C,0,-0.982333,0.09712804108858109,0.9720559120178223,0.9055811166763306
YDR096W,YGL251C,0,-0.9826208,0.09711835533380508,0.9720559120178223,0.9056811332702637
YNL158W,YLR337W,0,-0.98301214,0.09710867702960968,0.9720559120178223,0.9057811498641968
YLR142W,YPL026C,0,-0.9837999,0.09709899127483368,0.9720559120178223,0.9058811664581299
YNR020C,YER044C,0,-0.98454005,0.09708931297063828,0.9720559120178223,0.905981183052063
YER068W,YBL022C,0,-0.98524064,0.09707963466644287,0.9720559120178223,0.9060811996459961
YER159C-A,YIL111W,0,-0.9870774,0.09706996381282806,0.9720559120178223,0.9061812162399292
YDR316W-A,YCL063W,0,-0.9872166,0.09706028550863266,0.9720559120178223,0.9062812328338623
YPL074W,YJL108C,0,-0.98813564,0.09705061465501785,0.9720559120178223,0.9063812494277954
YHR039C-B,YDR055W,0,-0.98818463,0.09704095125198364,0.9720559120178223,0.9064813256263733
YMR297W,YER174C,0,-0.988307,0.09703128039836884,0.9720559120178223,0.9065813422203064
YFR032C-A,YMR256C,0,-0.98854905,0.09702161699533463,0.9720559120178223,0.9066813588142395
YGL227W,YDR103W,0,-0.9903564,0.09701195359230042,0.9720559120178223,0.9067813754081726
YDL099W,YGR027W-B,0,-0.9906656,0.0970022901892662,0.9720559120178223,0.9068813920021057
YDL137W,YHL016C,0,-0.9911775,0.09699263423681259,0.9720559120178223,0.9069814085960388
YMR088C,YGL089C,0,-0.9916242,0.09698297083377838,0.9720559120178223,0.9070814251899719
YGL229C,YNL054W-B,0,-0.99176145,0.09697331488132477,0.9720559120178223,0.907181441783905
YMR302C,YDR251W,0,-0.99208075,0.09696366637945175,0.9720559120178223,0.9072814583778381
YBR176W,YGR062C,0,-0.9956718,0.09695401042699814,0.9720559120178223,0.9073814749717712
YNL210W,YPL257W-A,0,-0.99634916,0.09694436192512512,0.9720559120178223,0.9074814915657043
YLR035C-A,YER164W,0,-0.99660736,0.0969347134232521,0.9720559120178223,0.9075815081596375
YOR343W-A,YPL038W,0,-0.9967597,0.09692506492137909,0.9720559120178223,0.9076815247535706
YOR240W,YML110C,1,-0.9971876,0.09701492637395859,0.9730538725852966,0.9076815247535706
YKL199C,YGR061C,0,-0.99725854,0.09700527042150497,0.9730538725852966,0.9077815413475037
YBL037W,YGR272C,0,-0.99734694,0.09699562191963196,0.9730538725852966,0.9078815579414368
YDR261W-B,YBL057C,0,-0.99815816,0.09698597341775894,0.9730538725852966,0.9079815745353699
YPL022W,YMR022W,0,-0.9984753,0.09697632491588593,0.9730538725852966,0.908081591129303
YOL067C,YDR376W,0,-0.9986706,0.0969666838645935,0.9730538725852966,0.9081816077232361
YBL101W-A,YGR191W,0,-0.9989801,0.09695704281330109,0.9730538725852966,0.908281683921814
YLR427W,YMR037C,0,-0.9990667,0.09694740176200867,0.9730538725852966,0.9083817005157471
YKL156W,YGR272C,0,-0.999121,0.09693776071071625,0.9730538725852966,0.9084817171096802
YJR076C,YFL044C,0,-0.9992654,0.09692812711000443,0.9730538725852966,0.9085817337036133
YOR290C,YKL158W,0,-1.0006034,0.096918486058712,0.9730538725852966,0.9086817502975464
YLR371W,YHR181W,0,-1.0007021,0.09690885245800018,0.9730538725852966,0.9087817668914795
YKL010C,YOR043W,0,-1.0013933,0.09689922630786896,0.9730538725852966,0.9088817834854126
YML040W,YBR241C,0,-1.001525,0.09688959270715714,0.9730538725852966,0.9089818000793457
YAR015W,YLR035C-A,0,-1.0022365,0.09687996655702591,0.9730538725852966,0.9090818166732788
YDR074W,YDL101C,0,-1.0023419,0.09687034040689468,0.9730538725852966,0.9091818332672119
YIL009C-A,YHR140W,0,-1.0029639,0.09686072170734406,0.9730538725852966,0.909281849861145
YHR116W,YDL095W,0,-1.0029991,0.09685109555721283,0.9730538725852966,0.9093818664550781
YPL281C,YJR135W-A,0,-1.0030768,0.0968414768576622,0.9730538725852966,0.9094818830490112
YIR002C,YGR071C,0,-1.0031552,0.09683185815811157,0.9730538725852966,0.9095818996429443
YER148W,YCL057C-A,0,-1.0031761,0.09682224690914154,0.9730538725852966,0.9096819162368774
YPR005C,YPR178W,0,-1.0032307,0.09681262820959091,0.9730538725852966,0.9097819328308105
YLR127C,YPL257W-A,0,-1.0047965,0.09680301696062088,0.9730538725852966,0.9098819494247437
YPL149W,YDL008W,0,-1.0061201,0.09679340571165085,0.9730538725852966,0.9099820256233215
YGL223C,YDR170W-A,0,-1.0073861,0.09678380191326141,0.9730538725852966,0.9100820422172546
YDR316W-A,YDR101C,0,-1.0075291,0.09677419066429138,0.9730538725852966,0.9101820588111877
YOR240W,YJL125C,1,-1.0086493,0.09686383605003357,0.9740518927574158,0.9101820588111877
YMR247C,YBR273C,0,-1.0093665,0.09685422480106354,0.9740518927574158,0.9102820754051208
YHR031C,YBR245C,0,-1.009406,0.0968446135520935,0.9740518927574158,0.910382091999054
YDR120C,YOR240W,1,-1.0117797,0.09693422168493271,0.9750499129295349,0.910382091999054
YMR257C,YKL158W,0,-1.0120498,0.09692460298538208,0.9750499129295349,0.9104821085929871
YOR308C,YOR217W,0,-1.0124401,0.09691499173641205,0.9750499129295349,0.9105821251869202
YLR414C,YKL109W,0,-1.0135391,0.09690537303686142,0.9750499129295349,0.9106821417808533
YKR038C,YPR192W,0,-1.0144116,0.09689576178789139,0.9750499129295349,0.9107821583747864
YKL179C,YPL153C,0,-1.0147244,0.09688615798950195,0.9750499129295349,0.9108821749687195
YNL054W-B,YGL106W,0,-1.0158812,0.09687654674053192,0.9750499129295349,0.9109821915626526
YKR094C,YPL174C,0,-1.0159994,0.09686694294214249,0.9750499129295349,0.9110822081565857
YLL038C,YDR393W,0,-1.0162978,0.09685733914375305,0.9750499129295349,0.9111822247505188
YIL074C,YDR071C,0,-1.018752,0.09684774279594421,0.9750499129295349,0.9112822413444519
YPR137C-B,YHL040C,0,-1.0188892,0.09683813899755478,0.9750499129295349,0.911382257938385
YHR028C,YKL218C,0,-1.0192169,0.09682854264974594,0.9750499129295349,0.9114822745323181
YPR132W,YHL008C,0,-1.0196333,0.0968189463019371,0.9750499129295349,0.9115822911262512
YDR329C,YKL158W,0,-1.0204188,0.09680935740470886,0.9750499129295349,0.9116823077201843
YDR170W-A,YOR270C,0,-1.0205734,0.09679976105690002,0.9750499129295349,0.9117823839187622
YPL074W,YKL195W,0,-1.0235981,0.09679017215967178,0.9750499129295349,0.9118824005126953
YPL281C,YDL109C,0,-1.0237617,0.09678058326244354,0.9750499129295349,0.9119824171066284
YLR266C,YPL154C,0,-1.0240449,0.0967710018157959,0.9750499129295349,0.9120824337005615
YIR017C,YAR044W,0,-1.0246477,0.09676141291856766,0.9750499129295349,0.9121824502944946
YLR364W,YPR158C-D,0,-1.0253804,0.09675183147192001,0.9750499129295349,0.9122824668884277
YOR192C-A,YER012W,0,-1.0273544,0.09674225002527237,0.9750499129295349,0.9123824834823608
YMR023C,YCL057C-A,0,-1.0278023,0.09673267602920532,0.9750499129295349,0.912482500076294
YDL201W,YOR240W,1,-1.0283316,0.0968220978975296,0.976047933101654,0.912482500076294
YDL231C,YLL001W,0,-1.0292706,0.09681250900030136,0.976047933101654,0.912582516670227
YOR240W,YIL110W,1,-1.0296404,0.09690190851688385,0.9770458936691284,0.912582516670227
YOR192C-A,YDR071C,0,-1.0296758,0.09689231961965561,0.9770458936691284,0.9126825332641602
YDR022C,YOR014W,0,-1.0300857,0.09688273072242737,0.9770458936691284,0.9127825498580933
YPL085W,YPR122W,0,-1.0300937,0.09687314182519913,0.9770458936691284,0.9128825664520264
YJL153C,YDR054C,0,-1.0301219,0.09686356037855148,0.9770458936691284,0.9129825830459595
YLR170C,YOL071W,0,-1.0306623,0.09685397893190384,0.9770458936691284,0.9130825996398926
YNL213C,YNR047W,0,-1.0310357,0.0968443974852562,0.9770458936691284,0.9131826162338257
YJL073W,YML060W,0,-1.0315793,0.09683481603860855,0.9770458936691284,0.9132826328277588
YKL088W,YCR028C,0,-1.0318886,0.0968252420425415,0.9770458936691284,0.9133826494216919
YKR048C,YDR077W,0,-1.032145,0.09681566804647446,0.9770458936691284,0.9134827256202698
YHL009W-B,YPL022W,0,-1.0328804,0.09680609405040741,0.9770458936691284,0.9135827422142029
YOR228C,YPL033C,0,-1.0340989,0.09679652005434036,0.9770458936691284,0.913682758808136
YDL210W,YBR035C,0,-1.0342597,0.09678695350885391,0.9770458936691284,0.9137827754020691
YHR109W,YOR240W,1,-1.0352535,0.09687623381614685,0.9780439138412476,0.9137827754020691
YOR257W,YHL016C,0,-1.0360682,0.0968666598200798,0.9780439138412476,0.9138827919960022
YOR343W-A,YBR142W,0,-1.0367336,0.09685708582401276,0.9780439138412476,0.9139828085899353
YOR240W,YNL115C,0,-1.038414,0.09684751182794571,0.9780439138412476,0.9140828251838684
YMR036C,YJL129C,0,-1.0384623,0.09683794528245926,0.9780439138412476,0.9141828417778015
YLR237W,YPL033C,0,-1.0389066,0.09682837873697281,0.9780439138412476,0.9142828583717346
YOR322C,YOL056W,0,-1.0397607,0.09681881219148636,0.9780439138412476,0.9143828749656677
YHR023W,YPR178W,0,-1.0403805,0.09680924564599991,0.9780439138412476,0.9144828915596008
YGL136C,YEL065W,0,-1.0410376,0.09679968655109406,0.9780439138412476,0.9145829081535339
YER087C-A,YOR174W,0,-1.0411327,0.0967901200056076,0.9780439138412476,0.914682924747467
YER087C-A,YOR014W,0,-1.0419741,0.09678056836128235,0.9780439138412476,0.9147829413414001
YBR159W,YDR436W,0,-1.0421062,0.0967710092663765,0.9780439138412476,0.9148829579353333
YLR385C,YDR210W-B,0,-1.0424879,0.09676145017147064,0.9780439138412476,0.9149829745292664
YFR037C,YIL138C,0,-1.0424972,0.09675189852714539,0.9780439138412476,0.9150829911231995
YOR192C-A,YOR244W,0,-1.043042,0.09674234688282013,0.9780439138412476,0.9151830077171326
YKL178C,YIL124W,0,-1.0431437,0.09673280268907547,0.9780439138412476,0.9152830839157104
YLR459W,YLR035C-A,0,-1.0431993,0.09672325104475021,0.9780439138412476,0.9153831005096436
YER131W,YHR039C-B,0,-1.0439763,0.09671370685100555,0.9780439138412476,0.9154831171035767
YGL232W,YKL199C,0,-1.0449585,0.0967041626572609,0.9780439138412476,0.9155831336975098
YDL030W,YOR067C,0,-1.0450753,0.09669462591409683,0.9780439138412476,0.9156831502914429
YJR001W,YOR244W,0,-1.0455078,0.09668508172035217,0.9780439138412476,0.915783166885376
YHR161C,YAR010C,0,-1.0463908,0.09667554497718811,0.9780439138412476,0.9158831834793091
YJL008C,YGR272C,0,-1.0475378,0.09666600823402405,0.9780439138412476,0.9159832000732422
YDR247W,YGR002C,0,-1.0489311,0.09665647149085999,0.9780439138412476,0.9160832166671753
YGL223C,YPR168W,0,-1.050371,0.09664694219827652,0.9780439138412476,0.9161832332611084
YOR192C-A,YCR094W,0,-1.050896,0.09663741290569305,0.9780439138412476,0.9162832498550415
YFR015C,YDR483W,0,-1.0513356,0.09662788361310959,0.9780439138412476,0.9163832664489746
YDL056W,YHR039C-B,0,-1.0515072,0.09661835432052612,0.9780439138412476,0.9164832830429077
YDR257C,YOR240W,1,-1.0515229,0.09670741111040115,0.9790419340133667,0.9164832830429077
YDR510W,YOR014W,0,-1.0517135,0.09669788181781769,0.9790419340133667,0.9165832996368408
YJR110W,YBL010C,0,-1.0518323,0.09668835252523422,0.9790419340133667,0.9166833162307739
YPL111W,YPR021C,0,-1.0519714,0.09667882323265076,0.9790419340133667,0.916783332824707
YML042W,YHR039C-B,0,-1.0522598,0.09666929394006729,0.9790419340133667,0.9168833494186401
YDL190C,YMR314W,0,-1.055094,0.09665977209806442,0.9790419340133667,0.916983425617218
YER095W,YEL002C,0,-1.0577422,0.09665024280548096,0.9790419340133667,0.9170834422111511
YMR235C,YAR044W,0,-1.0579329,0.09664072841405869,0.9790419340133667,0.9171834588050842
YOR155C,YFL044C,0,-1.0579566,0.09663120657205582,0.9790419340133667,0.9172834753990173
YCR020C,YKL028W,0,-1.058154,0.09662168473005295,0.9790419340133667,0.9173834919929504
YHL008C,YBL101W-A,0,-1.0587785,0.09661217033863068,0.9790419340133667,0.9174835085868835
YDL033C,YOR240W,1,-1.0593028,0.09670113027095795,0.9800398945808411,0.9174835085868835
YJR022W,YPR108W,0,-1.0597783,0.09669160842895508,0.9800398945808411,0.9175835251808167
YOR192C-B,YDL051W,0,-1.0599788,0.0966820940375328,0.9800398945808411,0.9176835417747498
YHL008C,YGR274C,0,-1.0619373,0.09667257219552994,0.9800398945808411,0.9177835583686829
YBL103C,YLR032W,0,-1.06284,0.09666305780410767,0.9800398945808411,0.917883574962616
YDR170W-A,YBR156C,0,-1.0653021,0.0966535434126854,0.9800398945808411,0.9179835915565491
YGR062C,YDR034C-C,0,-1.0659883,0.09664402902126312,0.9800398945808411,0.9180836081504822
YDR481C,YOR343W-A,0,-1.0671772,0.09663452208042145,0.9800398945808411,0.9181836247444153
YBR286W,YLR414C,0,-1.0680981,0.09662501513957977,0.9800398945808411,0.9182836413383484
YPL144W,YOR192C-B,0,-1.0691179,0.0966155081987381,0.9800398945808411,0.9183836579322815
YOR278W,YNR047W,0,-1.0696404,0.09660600125789642,0.9800398945808411,0.9184836745262146
YML129C,YML094W,0,-1.0703118,0.09659650176763535,0.9800398945808411,0.9185836911201477
YDR425W,YDL080C,0,-1.0709727,0.09658699482679367,0.9800398945808411,0.9186837077140808
YGR071C,YCR092C,0,-1.0710871,0.09657749533653259,0.9800398945808411,0.9187837839126587
YLR396C,YJR126C,0,-1.0713719,0.09656800329685211,0.9800398945808411,0.9188838005065918
YLR127C,YJL056C,0,-1.0716604,0.09655850380659103,0.9800398945808411,0.9189838171005249
YOL064C,YOR343W-A,0,-1.0718888,0.09654901176691055,0.9800398945808411,0.919083833694458
YBR286W,YOR039W,0,-1.0718955,0.09653951972723007,0.9800398945808411,0.9191838502883911
YDL143W,YBL101W-A,0,-1.0730448,0.09653002768754959,0.9800398945808411,0.9192838668823242
YDR210W-B,YCR037C,0,-1.0732553,0.09652054309844971,0.9800398945808411,0.9193838834762573
YOR347C,YOR343W-A,0,-1.0736583,0.09651105850934982,0.9800398945808411,0.9194839000701904
YNR008W,YOR343W-A,0,-1.073779,0.09650157392024994,0.9800398945808411,0.9195839166641235
YCR020C,YDR436W,0,-1.0741827,0.09649208933115005,0.9800398945808411,0.9196839332580566
YLR418C,YGL258W-A,0,-1.0748678,0.09648261219263077,0.9800398945808411,0.9197839498519897
YDR242W,YCR029C-A,0,-1.0748678,0.09647312760353088,0.9800398945808411,0.9198839664459229
YOR240W,YKL195W,0,-1.0748678,0.0964636579155922,0.9800398945808411,0.919983983039856
YHR214W-G,YCR075C,0,-1.0748678,0.0964541807770729,0.9800398945808411,0.9200839996337891
YKL158W,YPL153C,0,-1.0748678,0.09644470363855362,0.9800398945808411,0.9201840162277222
YBR058C,YCL048W-A,0,-1.0748678,0.09643523395061493,0.9800398945808411,0.9202840328216553
YBR105C,YOR396W,0,-1.0748678,0.09642576426267624,0.9800398945808411,0.9203840494155884
YDL038C,YPR184W,0,-1.0748678,0.09641630202531815,0.9800398945808411,0.9204841256141663
YPL194W,YGL258W-A,0,-1.0748678,0.09640683233737946,0.9800398945808411,0.9205841422080994
YFL029C,YGR272C,0,-1.0748678,0.09639737010002136,0.9800398945808411,0.9206841588020325
YDL038C,YDL109C,0,-1.0748678,0.09638790786266327,0.9800398945808411,0.9207841753959656
YCR029C-A,YKL156W,0,-1.0748678,0.09637844562530518,0.9800398945808411,0.9208841919898987
YHR031C,YPL189C-A,0,-1.0748678,0.09636899083852768,0.9800398945808411,0.9209842085838318
YKL199C,YOR356W,0,-1.0748678,0.09635953605175018,0.9800398945808411,0.9210842251777649
YGR088W,YAR070W-A,0,-1.0748678,0.09635008126497269,0.9800398945808411,0.921184241771698
YPL096C-A,YNL112W,0,-1.0748678,0.09634062647819519,0.9800398945808411,0.9212842583656311
YDL038C,YIL145C,0,-1.0748678,0.0963311716914177,0.9800398945808411,0.9213842749595642
YGL258W-A,YDR197W,0,-1.0748678,0.0963217243552208,0.9800398945808411,0.9214842915534973
YDL109C,YOR396W,0,-1.0748678,0.0963122770190239,0.9800398945808411,0.9215843081474304
YHR025W,YAR070W-A,0,-1.0748678,0.09630283713340759,0.9800398945808411,0.9216843247413635
YCR029C-A,YPL017C,0,-1.0748678,0.0962933897972107,0.9800398945808411,0.9217843413352966
YPL096C-A,YDR534C,0,-1.0748678,0.09628394991159439,0.9800398945808411,0.9218843579292297
YLR312C-B,YGR200C,0,-1.0748678,0.09627451002597809,0.9800398945808411,0.9219843745231628
YDR320C-A,YOR396W,0,-1.0748678,0.09626507014036179,0.9800398945808411,0.922084391117096
YAR044W,YJL109C,0,-1.0748678,0.09625563770532608,0.9800398945808411,0.922184407711029
YDL038C,YGR008C,0,-1.0748678,0.09624620527029037,0.9800398945808411,0.9222844839096069
YPR070W,YBL101W-A,0,-1.0748678,0.09623677283525467,0.9800398945808411,0.92238450050354
YKL135C,YOR396W,0,-1.0748678,0.09622734040021896,0.9800398945808411,0.9224845170974731
YHR214W-G,YKL143W,0,-1.0748678,0.09621790796518326,0.9800398945808411,0.9225845336914062
YDR531W,YHR214W-G,0,-1.0748678,0.09620848298072815,0.9800398945808411,0.9226845502853394
YOR348C,YCL048W-A,0,-1.0748678,0.09619905799627304,0.9800398945808411,0.9227845668792725
YIL150C,YDL038C,0,-1.0748678,0.09618963301181793,0.9800398945808411,0.9228845834732056
YLR008C,YCR029C-A,0,-1.0748678,0.09618021547794342,0.9800398945808411,0.9229846000671387
YLR414C,YHR214W-G,0,-1.0748678,0.09617079794406891,0.9800398945808411,0.9230846166610718
YCR029C-A,YGR037C,0,-1.0748678,0.0961613804101944,0.9800398945808411,0.9231846332550049
YHL040C,YLR337W,0,-1.0748678,0.09615196287631989,0.9800398945808411,0.923284649848938
YLR312C-B,YPL123C,0,-1.0748678,0.09614255279302597,0.9800398945808411,0.9233846664428711
YPL096C-A,YPL174C,0,-1.0748678,0.09613313525915146,0.9800398945808411,0.9234846830368042
YLR312C-B,YJR013W,0,-1.0748678,0.09612372517585754,0.9800398945808411,0.9235846996307373
YCL031C,YLR337W,0,-1.0748678,0.09611432254314423,0.9800398945808411,0.9236847162246704
YCL048W-A,YGL084C,0,-1.0748678,0.09610491245985031,0.9800398945808411,0.9237847328186035
YEL038W,YHR214W-G,0,-1.0748678,0.096095509827137,0.9800398945808411,0.9238847494125366
YDL038C,YOL120C,0,-1.0748678,0.09608610719442368,0.9800398945808411,0.9239848256111145
YPL231W,YAR070W-A,0,-1.0748678,0.09607670456171036,0.9800398945808411,0.9240848422050476
YLR312C-B,YAL062W,0,-1.0748678,0.09606730937957764,0.9800398945808411,0.9241848587989807
YDR283C,YOR396W,0,-1.0748678,0.09605790674686432,0.9800398945808411,0.9242848753929138
YPL189C-A,YDR177W,0,-1.0748678,0.0960485115647316,0.9800398945808411,0.9243848919868469
YLR127C,YHR214W-G,0,-1.0748678,0.09603911638259888,0.9800398945808411,0.92448490858078
YDR424C,YPL096C-A,0,-1.0748678,0.09602972865104675,0.9800398945808411,0.9245849251747131
YDL120W,YPL189C-A,0,-1.0748678,0.09602034091949463,0.9800398945808411,0.9246849417686462
YCR029C-A,YPL038W,0,-1.0748678,0.0960109531879425,0.9800398945808411,0.9247849583625793
YCL048W-A,YDR486C,0,-1.0748678,0.09600156545639038,0.9800398945808411,0.9248849749565125
YER086W,YCL048W-A,0,-1.0748678,0.09599217772483826,0.9800398945808411,0.9249849915504456
YLR427W,YPL189C-A,0,-1.0748678,0.09598279744386673,0.9800398945808411,0.9250850081443787
YCL048W-A,YHR039C-B,0,-1.0748678,0.0959734171628952,0.9800398945808411,0.9251850247383118
YCR029C-A,YHR044C,0,-1.0748678,0.09596403688192368,0.9800398945808411,0.9252850413322449
YHR214W-G,YDL095W,0,-1.0748678,0.09595466405153275,0.9800398945808411,0.925385057926178
YCL061C,YBL101W-A,0,-1.0748678,0.09594528377056122,0.9800398945808411,0.9254850745201111
YLR312C-B,YNR061C,0,-1.0748678,0.09593591094017029,0.9800398945808411,0.9255850911140442
YHR039C-B,YDL184C,0,-1.0748678,0.09592653810977936,0.9800398945808411,0.9256851077079773
YLR312C-B,YGR194C,0,-1.0748678,0.09591717272996902,0.9800398945808411,0.9257851839065552
YPL096C-A,YOR244W,0,-1.0748678,0.0959077998995781,0.9800398945808411,0.9258852005004883
YCL048W-A,YBR213W,0,-1.0748678,0.09589843451976776,0.9800398945808411,0.9259852170944214
YDR388W,YAR070W-A,0,-1.0748678,0.09588907659053802,0.9800398945808411,0.9260852336883545
YBL101W-A,YMR122W-A,0,-1.0748678,0.09587971121072769,0.9800398945808411,0.9261852502822876
YHR206W,YHR214W-G,0,-1.0748678,0.09587035328149796,0.9800398945808411,0.9262852668762207
YBR012W-A,YHR214W-G,0,-1.0748678,0.09586099535226822,0.9800398945808411,0.9263852834701538
YLR312C-B,YNL159C,0,-1.0748678,0.09585163742303848,0.9800398945808411,0.9264853000640869
YHR214W-G,YML115C,0,-1.0748678,0.09584227949380875,0.9800398945808411,0.92658531665802
YGL258W-A,YMR292W,0,-1.0748678,0.0958329290151596,0.9800398945808411,0.9266853332519531
YLR312C-B,YOL080C,0,-1.0748678,0.09582357853651047,0.9800398945808411,0.9267853498458862
YCR029C-A,YDL110C,0,-1.0748678,0.09581422805786133,0.9800398945808411,0.9268853664398193
YJL033W,YPL189C-A,0,-1.0748678,0.09580487757921219,0.9800398945808411,0.9269853830337524
YDL205C,YAR070W-A,0,-1.0748678,0.09579553455114365,0.9800398945808411,0.9270853996276855
YDR440W,YHR214W-G,0,-1.0748678,0.0957861915230751,0.9800398945808411,0.9271854162216187
YDL038C,YLR038C,0,-1.0748678,0.09577684849500656,0.9800398945808411,0.9272854328155518
YIL093C,YHR214W-G,0,-1.0748678,0.09576750546693802,0.9800398945808411,0.9273854494094849
YPL189C-A,YDL130W-A,0,-1.0748678,0.09575816988945007,0.9800398945808411,0.9274855256080627
YLR312C-B,YDL231C,0,-1.0748678,0.09574882686138153,0.9800398945808411,0.9275855422019958
YDR363W-A,YGL258W-A,0,-1.0748678,0.09573949128389359,0.9800398945808411,0.927685558795929
YJL198W,YCL048W-A,0,-1.0748678,0.09573016315698624,0.9800398945808411,0.9277855753898621
YPL144W,YDL038C,0,-1.0748678,0.09572082757949829,0.9800398945808411,0.9278855919837952
YGR047C,YHR214W-G,0,-1.0748678,0.09571149945259094,0.9800398945808411,0.9279856085777283
YCL048W-A,YJL190C,0,-1.0748678,0.0957021713256836,0.9800398945808411,0.9280856251716614
YDR065W,YPL189C-A,0,-1.0748678,0.09569285064935684,0.9800398945808411,0.9281856417655945
YBL101W-A,YDL184C,0,-1.0748678,0.0956835225224495,0.9800398945808411,0.9282856583595276
YMR201C,YOR240W,0,-1.0748678,0.09567420184612274,0.9800398945808411,0.9283856749534607
YLR312C-B,YNL292W,0,-1.0748678,0.09566488116979599,0.9800398945808411,0.9284856915473938
YDR532C,YCL048W-A,0,-1.0748678,0.09565556049346924,0.9800398945808411,0.9285857081413269
YPL189C-A,YIL039W,0,-1.0748678,0.09564624726772308,0.9800398945808411,0.92868572473526
YDL038C,YAL058W,0,-1.0748678,0.09563692659139633,0.9800398945808411,0.9287857413291931
YER087C-A,YLR337W,0,-1.0748678,0.09562762081623077,0.9800398945808411,0.9288857579231262
YOR396W,YER053C,0,-1.0748678,0.09561830759048462,0.9800398945808411,0.9289857745170593
YPL189C-A,YAL035W,0,-1.0748678,0.09560899436473846,0.9800398945808411,0.9290857911109924
YPL096C-A,YER106W,0,-1.0748678,0.0955996885895729,0.9800398945808411,0.9291858077049255
YDR052C,YDR320C-A,0,-1.0748678,0.09559038281440735,0.9800398945808411,0.9292858839035034
YAR070W-A,YGR189C,0,-1.0748678,0.09558107703924179,0.9800398945808411,0.9293859004974365
YCL048W-A,YDR510W,0,-1.0748678,0.09557177871465683,0.9800398945808411,0.9294859170913696
YHR039C-B,YMR312W,0,-1.0748678,0.09556247293949127,0.9800398945808411,0.9295859336853027
YLR312C-B,YOR211C,0,-1.0748678,0.09555317461490631,0.9800398945808411,0.9296859502792358
YGR154C,YOR396W,0,-1.0748678,0.09554388374090195,0.9800398945808411,0.929785966873169
YLR312C-B,YPL022W,0,-1.0748678,0.09553458541631699,0.9800398945808411,0.929885983467102
YCR029C-A,YDR169C,0,-1.0748678,0.09552529454231262,0.9800398945808411,0.9299860000610352
YMR042W,YGL258W-A,0,-1.0748678,0.09551600366830826,0.9800398945808411,0.9300860166549683
YPL096C-A,YHR023W,0,-1.0748678,0.0955067127943039,0.9800398945808411,0.9301860332489014
YML104C,YDL038C,0,-1.0748678,0.09549742192029953,0.9800398945808411,0.9302860498428345
YOR322C,YOR396W,0,-1.0748678,0.09548813849687576,0.9800398945808411,0.9303860664367676
YER148W,YDL038C,0,-1.0748678,0.095478855073452,0.9800398945808411,0.9304860830307007
YCL048W-A,YJL102W,0,-1.0748678,0.09546957165002823,0.9800398945808411,0.9305860996246338
YCL048W-A,YDR376W,0,-1.0748678,0.09546028822660446,0.9800398945808411,0.9306861162185669
YNL325C,YAR070W-A,0,-1.0748678,0.09545101225376129,0.9800398945808411,0.9307861328125
YDL038C,YGL229C,0,-1.0748678,0.09544173628091812,0.9800398945808411,0.9308861494064331
YPL160W,YAR070W-A,0,-1.0748678,0.09543246030807495,0.9800398945808411,0.930986225605011
YOR396W,YBR231C,0,-1.0748678,0.09542318433523178,0.9800398945808411,0.9310862421989441
YDL130W-A,YKL158W,0,-1.0748678,0.09541391581296921,0.9800398945808411,0.9311862587928772
YNL308C,YDL038C,0,-1.0748678,0.09540464729070663,0.9800398945808411,0.9312862753868103
YML124C,YAR070W-A,0,-1.0748678,0.09539537876844406,0.9800398945808411,0.9313862919807434
YGL258W-A,YOR337W,0,-1.0748678,0.09538611024618149,0.9800398945808411,0.9314863085746765
YCL048W-A,YGL147C,0,-1.0748678,0.09537684172391891,0.9800398945808411,0.9315863251686096
YCL048W-A,YGL249W,0,-1.0748678,0.09536758065223694,0.9800398945808411,0.9316863417625427
YCL048W-A,YPL017C,0,-1.0748678,0.09535831958055496,0.9800398945808411,0.9317863583564758
YDL038C,YJL090C,0,-1.0748678,0.09534906595945358,0.9800398945808411,0.9318863749504089
YPR132W,YOR396W,0,-1.0748678,0.0953398048877716,0.9800398945808411,0.931986391544342
YDR510W,YOR396W,0,-1.0748678,0.09533055126667023,0.9800398945808411,0.9320864081382751
YCR029C-A,YNR040W,0,-1.0748678,0.09532129764556885,0.9800398945808411,0.9321864247322083
YPL189C-A,YEL015W,0,-1.0748678,0.09531204402446747,0.9800398945808411,0.9322864413261414
YKL199C,YGR292W,0,-1.0748678,0.09530279785394669,0.9800398945808411,0.9323864579200745
YCR029C-A,YBR267W,0,-1.0748678,0.0952935442328453,0.9800398945808411,0.9324864745140076
YEL058W,YOR396W,0,-1.0748678,0.09528429806232452,0.9800398945808411,0.9325864911079407
YLR312C-B,YPL257W-A,0,-1.0748678,0.09527505934238434,0.9800398945808411,0.9326865077018738
YCR029C-A,YPL214C,0,-1.0748678,0.09526581317186356,0.9800398945808411,0.9327865839004517
YHR214W-G,YBR241C,0,-1.0748678,0.09525657445192337,0.9800398945808411,0.9328866004943848
YDR022C,YCR029C-A,0,-1.0748678,0.09524733573198318,0.9800398945808411,0.9329866170883179
YKR037C,YGL258W-A,0,-1.0748678,0.095238097012043,0.9800398945808411,0.933086633682251
YIL070C,YOR396W,0,-1.0748678,0.09522885829210281,0.9800398945808411,0.9331866502761841
YBL106C,YCR029C-A,0,-1.0748678,0.09521962702274323,0.9800398945808411,0.9332866668701172
YPL195W,YDL038C,0,-1.0748678,0.09521039575338364,0.9800398945808411,0.9333866834640503
YOR396W,YDR313C,0,-1.0748678,0.09520116448402405,0.9800398945808411,0.9334867000579834
YFL041W,YPL189C-A,0,-1.0748678,0.09519193321466446,0.9800398945808411,0.9335867166519165
YBL020W,YOR396W,0,-1.0748678,0.09518270939588547,0.9800398945808411,0.9336867332458496
YPL189C-A,YDR288W,0,-1.0748678,0.09517348557710648,0.9800398945808411,0.9337867498397827
YOL127W,YHR214W-G,0,-1.0748678,0.09516426175832748,0.9800398945808411,0.9338867664337158
YEL017C-A,YPL096C-A,0,-1.0748678,0.09515503793954849,0.9800398945808411,0.9339867830276489
YER161C,YGL258W-A,0,-1.0748678,0.0951458215713501,0.9800398945808411,0.934086799621582
YOR192C-B,YJL062W-A,0,-1.0748678,0.0951365977525711,0.9800398945808411,0.9341868162155151
YOR343W-A,YGL258W-A,0,-1.0748678,0.09512738883495331,0.9800398945808411,0.9342868328094482
YBR198C,YHR214W-G,0,-1.0748678,0.09511817246675491,0.9800398945808411,0.9343868494033813
YHR039C-B,YDL112W,0,-1.0748678,0.09510895609855652,0.9800398945808411,0.9344869256019592
YOR396W,YNL115C,0,-1.0748678,0.09509974718093872,0.9800398945808411,0.9345869421958923
YEL059C-A,YGL258W-A,0,-1.0748678,0.09509053826332092,0.9800398945808411,0.9346869587898254
YCR029C-A,YJL189W,0,-1.0748678,0.09508132934570312,0.9800398945808411,0.9347869753837585
YDL038C,YKR030W,0,-1.0748678,0.09507212787866592,0.9800398945808411,0.9348869919776917
YLR414C,YPL096C-A,0,-1.0748678,0.09506292641162872,0.9800398945808411,0.9349870085716248
YLR312C-B,YBR176W,0,-1.0748678,0.09505372494459152,0.9800398945808411,0.9350870251655579
YML125C,YPL189C-A,0,-1.0748678,0.09504452347755432,0.9800398945808411,0.935187041759491
YPL096C-A,YDR318W,0,-1.0748678,0.09503532201051712,0.9800398945808411,0.9352870583534241
YAR070W-A,YKL164C,0,-1.0748678,0.09502612799406052,0.9800398945808411,0.9353870749473572
YOL156W,YOR396W,0,-1.0748678,0.09501693397760391,0.9800398945808411,0.9354870915412903
YCL048W-A,YPL220W,0,-1.0748678,0.09500773996114731,0.9800398945808411,0.9355871081352234
YLR312C-B,YBR299W,0,-1.0748678,0.0949985459446907,0.9800398945808411,0.9356871247291565
YDL038C,YLR385C,0,-1.0748678,0.0949893593788147,0.9800398945808411,0.9357871413230896
YBR245C,YKL158W,0,-1.0748678,0.09498017281293869,0.9800398945808411,0.9358871579170227
YDR320C-A,YHR039C-B,0,-1.0748678,0.09497098624706268,0.9800398945808411,0.9359871745109558
YLR439W,YGL258W-A,0,-1.0748678,0.09496179968118668,0.9800398945808411,0.9360871911048889
YDL205C,YGL258W-A,0,-1.0748678,0.09495262056589127,0.9800398945808411,0.936187207698822
YCR029C-A,YAR070W-A,0,-1.0748678,0.09494344145059586,0.9800398945808411,0.9362872838973999
YGL258W-A,YOR244W,0,-1.0748678,0.09493426233530045,0.9800398945808411,0.936387300491333
YEL016C,YHR214W-G,0,-1.0748678,0.09492508322000504,0.9800398945808411,0.9364873170852661
YBL030C,YAR070W-A,0,-1.0748678,0.09491591155529022,0.9800398945808411,0.9365873336791992
YOR037W,YCR029C-A,0,-1.0748678,0.09490673989057541,0.9800398945808411,0.9366873502731323
YKL154W,YPL189C-A,0,-1.0748678,0.0948975682258606,0.9800398945808411,0.9367873668670654
YKL154W,YPL096C-A,0,-1.0748678,0.09488839656114578,0.9800398945808411,0.9368873834609985
YER133W,YGL258W-A,0,-1.0748678,0.09487922489643097,0.9800398945808411,0.9369874000549316
YGL128C,YCL048W-A,0,-1.0748678,0.09487006068229675,0.9800398945808411,0.9370874166488647
YHR214W-G,YML095C,0,-1.0748678,0.09486089646816254,0.9800398945808411,0.9371874332427979
YHR214W-G,YKL059C,0,-1.0748678,0.09485173225402832,0.9800398945808411,0.937287449836731
YGL137W,YPL189C-A,0,-1.0748678,0.0948425754904747,0.9800398945808411,0.9373874664306641
YDL200C,YOR396W,0,-1.0748678,0.09483341127634048,0.9800398945808411,0.9374874830245972
YHR214W-G,YGL031C,0,-1.0748678,0.09482425451278687,0.9800398945808411,0.9375874996185303
YLR381W,YLR337W,0,-1.0748678,0.09481509774923325,0.9800398945808411,0.9376875162124634
YLR312C-B,YKL028W,0,-1.0748678,0.09480594843626022,0.9800398945808411,0.9377875328063965
YPL096C-A,YOR069W,0,-1.0748678,0.0947967916727066,0.9800398945808411,0.9378875494003296
YJL133W,YAR070W-A,0,-1.0748678,0.09478764235973358,0.9800398945808411,0.9379876255989075
YAR070W-A,YNL244C,0,-1.0748678,0.09477849304676056,0.9800398945808411,0.9380876421928406
YGL258W-A,YMR150C,0,-1.0748678,0.09476935118436813,0.9800398945808411,0.9381876587867737
YHR214W-G,YBL023C,0,-1.0748678,0.09476020187139511,0.9800398945808411,0.9382876753807068
YPL096C-A,YOR036W,0,-1.0748678,0.09475106000900269,0.9800398945808411,0.9383876919746399
YDR242W,YLR337W,0,-1.0748678,0.09474191814661026,0.9800398945808411,0.938487708568573
YPL189C-A,YGR061C,0,-1.0748678,0.09473278373479843,0.9800398945808411,0.9385877251625061
YER056C-A,YPL096C-A,0,-1.0748678,0.094723641872406,0.9800398945808411,0.9386877417564392
YCL048W-A,YPL096C-A,0,-1.0748678,0.09471450746059418,0.9800398945808411,0.9387877583503723
YML124C,YPL189C-A,0,-1.0748678,0.09470537304878235,0.9800398945808411,0.9388877749443054
YDR093W,YAR044W,0,-1.0748678,0.09469623863697052,0.9800398945808411,0.9389877915382385
YLR312C-B,YOR343W-A,0,-1.0748678,0.09468711167573929,0.9800398945808411,0.9390878081321716
YBR156C,YGL258W-A,0,-1.0748678,0.09467797726392746,0.9800398945808411,0.9391878247261047
YKL199C,YFL002W-A,0,-1.0748678,0.09466885030269623,0.9800398945808411,0.9392878413200378
YCR029C-A,YLR287C-A,0,-1.0748678,0.094659723341465,0.9800398945808411,0.939387857913971
YJL170C,YHR214W-G,0,-1.0748678,0.09465060383081436,0.9800398945808411,0.939487874507904
YPL096C-A,YBL055C,0,-1.0748678,0.09464147686958313,0.9800398945808411,0.9395878911018372
YJL044C,YPL096C-A,0,-1.0748678,0.0946323573589325,0.9800398945808411,0.939687967300415
YBL103C,YJR025C,0,-1.0756214,0.09462323784828186,0.9800398945808411,0.9397879838943481
YPR137C-B,YNL301C,0,-1.0761262,0.09461412578821182,0.9800398945808411,0.9398880004882812
YGL003C,YGR184C,0,-1.076707,0.09460500627756119,0.9800398945808411,0.9399880170822144
YGR009C,YDR128W,0,-1.0769233,0.09459589421749115,0.9800398945808411,0.9400880336761475
YIL034C,YJL072C,0,-1.0770326,0.09458678215742111,0.9800398945808411,0.9401880502700806
YDR065W,YJL156C,0,-1.0773125,0.09457767754793167,0.9800398945808411,0.9402880668640137
YLR204W,YPL257W-A,0,-1.077871,0.09456856548786163,0.9800398945808411,0.9403880834579468
YJL108C,YJR155W,0,-1.0779006,0.09455946087837219,0.9800398945808411,0.9404881000518799
YBL103C,YGL136C,0,-1.0788468,0.09455035626888275,0.9800398945808411,0.940588116645813
YML054C,YDR393W,0,-1.0790579,0.09454125165939331,0.9800398945808411,0.9406881332397461
YER161C,YDR326C,0,-1.0806333,0.09453215450048447,0.9800398945808411,0.9407881498336792
YGL168W,YPR028W,0,-1.0810195,0.09452304989099503,0.9800398945808411,0.9408881664276123
YJL106W,YIL009C-A,0,-1.0815945,0.09451395273208618,0.9800398945808411,0.9409881830215454
YBR012W-A,YIL111W,0,-1.0819434,0.09450486302375793,0.9800398945808411,0.9410881996154785
YDR251W,YPR019W,0,-1.0839428,0.09449576586484909,0.9800398945808411,0.9411882162094116
YML116W,YHL004W,0,-1.0839906,0.09448667615652084,0.9800398945808411,0.9412882328033447
YDR329C,YNL212W,0,-1.0845574,0.0944775864481926,0.9800398945808411,0.9413882493972778
YKL199C,YOR143C,0,-1.0858616,0.09446849673986435,0.9800398945808411,0.9414883255958557
YDR388W,YLR099C,0,-1.085923,0.0944594070315361,0.9800398945808411,0.9415883421897888
YPR158C-D,YDR320C,0,-1.0859479,0.09445032477378845,0.9800398945808411,0.9416883587837219
YHR215W,YHR136C,0,-1.0863726,0.0944412350654602,0.9800398945808411,0.941788375377655
YAL010C,YLL062C,0,-1.0884255,0.09443216025829315,0.9800398945808411,0.9418883919715881
YPR158C-D,YDL056W,0,-1.0889522,0.0944230780005455,0.9800398945808411,0.9419884085655212
YDR299W,YMR122W-A,0,-1.0893724,0.09441399574279785,0.9800398945808411,0.9420884251594543
YDL108W,YGR006W,0,-1.090063,0.0944049209356308,0.9800398945808411,0.9421884417533875
YLR371W,YDR501W,0,-1.0919988,0.09439584612846375,0.9800398945808411,0.9422884583473206
YOR389W,YDL110C,0,-1.0923728,0.09438677132129669,0.9800398945808411,0.9423884749412537
YDR013W,YKR104W,0,-1.0931439,0.09437770396471024,0.9800398945808411,0.9424884915351868
YKL179C,YGR272C,0,-1.0933994,0.09436863660812378,0.9800398945808411,0.9425885081291199
YDL080C,YGL084C,0,-1.0935329,0.09435956925153732,0.9800398945808411,0.942688524723053
YLR096W,YMR201C,0,-1.094048,0.09435050189495087,0.9800398945808411,0.9427885413169861
YLR120C,YPR019W,0,-1.094449,0.09434143453836441,0.9800398945808411,0.9428885579109192
YDR270W,YMR070W,0,-1.0949364,0.09433237463235855,0.9800398945808411,0.9429885745048523
YMR139W,YDR261W-B,0,-1.0956876,0.09432331472635269,0.9800398945808411,0.9430885910987854
YJR158W,YLR035C-A,0,-1.0960398,0.09431425482034683,0.9800398945808411,0.9431886672973633
YDR046C,YBR058C-A,0,-1.0964085,0.09430519491434097,0.9800398945808411,0.9432886838912964
YBR012W-A,YDR288W,0,-1.0967112,0.09429614245891571,0.9800398945808411,0.9433887004852295
YMR088C,YFR015C,0,-1.0974759,0.09428708255290985,0.9800398945808411,0.9434887170791626
YBR022W,YDR342C,0,-1.0978416,0.09427803009748459,0.9800398945808411,0.9435887336730957
YER025W,YDR034C-C,0,-1.0983591,0.09426898509263992,0.9800398945808411,0.9436887502670288
YJR121W,YNL054W-B,0,-1.1010346,0.09425993263721466,0.9800398945808411,0.9437887668609619
YPL138C,YHR209W,1,-1.1013527,0.09434686601161957,0.9810379147529602,0.9437887668609619
YCR047C,YOR240W,1,-1.1014304,0.09443378448486328,0.9820359349250793,0.9437887668609619
YGL229C,YHR039C-B,0,-1.102444,0.09442471712827682,0.9820359349250793,0.943888783454895
YJR013W,YFL002W-A,0,-1.1025369,0.09441565722227097,0.9820359349250793,0.9439888000488281
YLR396C,YKL173W,0,-1.1025591,0.0944065973162651,0.9820359349250793,0.9440888166427612
YCR009C,YNL159C,0,-1.1039183,0.09439754486083984,0.9820359349250793,0.9441888332366943
YER025W,YCL057C-A,0,-1.1048843,0.09438849240541458,0.9820359349250793,0.9442888498306274
YJL219W,YPL033C,0,-1.1057717,0.09437943249940872,0.9820359349250793,0.9443888664245605
YDR316W-A,YLR357W,0,-1.1058277,0.09437038749456406,0.9820359349250793,0.9444888830184937
YPL231W,YOR246C,0,-1.1070294,0.0943613350391388,0.9820359349250793,0.9445888996124268
YHR184W,YLR318W,0,-1.1072516,0.09435229003429413,0.9820359349250793,0.9446889162063599
YKL199C,YNL136W,0,-1.1080797,0.09434323757886887,0.9820359349250793,0.944788932800293
YOR069W,YNL129W,0,-1.110185,0.0943341925740242,0.9820359349250793,0.9448889493942261
YML005W,YOR240W,1,-1.1111175,0.09442101418972015,0.9830339550971985,0.9448889493942261
YHR021C,YBL101W-A,0,-1.1118703,0.09441196173429489,0.9830339550971985,0.944989025592804
YPR158C-D,YOR369C,0,-1.112843,0.09440291672945023,0.9830339550971985,0.9450890421867371
YNL001W,YMR233W,0,-1.1135627,0.09439386427402496,0.9830339550971985,0.9451890587806702
YOR332W,YPR021C,0,-1.1146672,0.0943848192691803,0.9830339550971985,0.9452890753746033
YIL113W,YDR486C,0,-1.1155206,0.09437578171491623,0.9830339550971985,0.9453890919685364
YMR247C,YEL050C,0,-1.1166017,0.09436673671007156,0.9830339550971985,0.9454891085624695
YIL145C,YHR039C-B,0,-1.1167153,0.0943576991558075,0.9830339550971985,0.9455891251564026
YDR329C,YOR240W,0,-1.1172861,0.09434866160154343,0.9830339550971985,0.9456891417503357
YIL109C,YOR075W,0,-1.1184491,0.09433962404727936,0.9830339550971985,0.9457891583442688
YDR420W,YML081C-A,0,-1.1193209,0.09433058649301529,0.9830339550971985,0.9458891749382019
YPL148C,YDR096W,0,-1.1203794,0.09432155638933182,0.9830339550971985,0.945989191532135
YNL159C,YDR117C,0,-1.1220409,0.09431252628564835,0.9830339550971985,0.9460892081260681
YOR343W-A,YJL056C,0,-1.1225307,0.09430349618196487,0.9830339550971985,0.9461892247200012
YAL041W,YJL156C,0,-1.1228974,0.0942944660782814,0.9830339550971985,0.9462892413139343
YKL173W,YDR326C,0,-1.1236414,0.09428544342517853,0.9830339550971985,0.9463892579078674
YJL044C,YLR419W,0,-1.1238784,0.09427641332149506,0.9830339550971985,0.9464892745018005
YIL109C,YKL059C,0,-1.1239796,0.09426739066839218,0.9830339550971985,0.9465892910957336
YGL128C,YHR101C,0,-1.124369,0.0942583754658699,0.9830339550971985,0.9466893672943115
YFL002W-A,YCR092C,0,-1.124861,0.09424935281276703,0.9830339550971985,0.9467893838882446
YPL091W,YNL212W,0,-1.1250945,0.09424033761024475,0.9830339550971985,0.9468894004821777
YPL257W-A,YPL160W,0,-1.1266817,0.09423132240772247,0.9830339550971985,0.9469894170761108
YCR009C,YFL039C,0,-1.1268078,0.0942223072052002,0.9830339550971985,0.947089433670044
YDR341C,YOR343W-A,0,-1.1278299,0.09421329200267792,0.9830339550971985,0.947189450263977
YBR022W,YLR337W,0,-1.1280731,0.09420428425073624,0.9830339550971985,0.9472894668579102
YOL125W,YOR240W,1,-1.1294328,0.09429090470075607,0.9840319156646729,0.9472894668579102
YNR043W,YDR034C-C,0,-1.1298814,0.0942818894982338,0.9840319156646729,0.9473894834518433
YDR529C,YDR507C,0,-1.1304885,0.09427287429571152,0.9840319156646729,0.9474895000457764
YPR081C,YKL158W,0,-1.1304915,0.09426385909318924,0.9840319156646729,0.9475895166397095
YPR042C,YPL092W,0,-1.1313219,0.09425485134124756,0.9840319156646729,0.9476895332336426
YPL206C,YAL012W,0,-1.1314777,0.09424584358930588,0.9840319156646729,0.9477895498275757
YKL199C,YJL108C,0,-1.1315923,0.0942368358373642,0.9840319156646729,0.9478895664215088
YLR074C,YHR039C-B,0,-1.1322292,0.09422782808542252,0.9840319156646729,0.9479895830154419
YBR245C,YDR069C,0,-1.1328865,0.09421882778406143,0.9840319156646729,0.948089599609375
YHL009W-B,YLR096W,0,-1.1334618,0.09420982003211975,0.9840319156646729,0.9481896162033081
YIR037W,YBL101W-A,0,-1.1345178,0.09420081973075867,0.9840319156646729,0.9482896327972412
YER048W-A,YKL010C,0,-1.1355356,0.09419181942939758,0.9840319156646729,0.9483896493911743
YOR343W-A,YHL016C,0,-1.1363622,0.0941828265786171,0.9840319156646729,0.9484897255897522
YKL199C,YOR240W,0,-1.1366204,0.09417382627725601,0.9840319156646729,0.9485897421836853
YDR316W-A,YGL161C,0,-1.1387099,0.09416483342647552,0.9840319156646729,0.9486897587776184
YDR034C-C,YFL037W,0,-1.1404337,0.09415584057569504,0.9840319156646729,0.9487897753715515
YOR192C-A,YBR009C,0,-1.1414012,0.09414685517549515,0.9840319156646729,0.9488897919654846
YPL257W-A,YNL213C,0,-1.14141,0.09413786232471466,0.9840319156646729,0.9489898085594177
YLL038C,YMR051C,0,-1.1421528,0.09412887692451477,0.9840319156646729,0.9490898251533508
YOR067C,YGR272C,0,-1.1428908,0.09411989152431488,0.9840319156646729,0.9491898417472839
YDL065C,YDR390C,0,-1.143357,0.09411090612411499,0.9840319156646729,0.949289858341217
YEL038W,YOL030W,0,-1.1445729,0.0941019281744957,0.9840319156646729,0.9493898749351501
YNL129W,YPR168W,0,-1.1453642,0.0940929502248764,0.9840319156646729,0.9494898915290833
YKL034W,YPR108W,0,-1.1454115,0.09408397227525711,0.9840319156646729,0.9495899081230164
YER161C,YNL101W,0,-1.1465303,0.09407499432563782,0.9840319156646729,0.9496899247169495
YNL146W,YGL185C,0,-1.1475662,0.09406601637601852,0.9840319156646729,0.9497899413108826
YML116W,YGL095C,0,-1.1480209,0.09405704587697983,0.9840319156646729,0.9498899579048157
YDR316W-A,YBR082C,0,-1.1488177,0.09404807537794113,0.9840319156646729,0.9499899744987488
YKR104W,YIR023W,0,-1.1490886,0.09403910487890244,0.9840319156646729,0.9500899910926819
YOR151C,YOR240W,0,-1.1492119,0.09403013437986374,0.9840319156646729,0.9501900672912598
YMR282C,YDR034C-C,0,-1.1500825,0.09402117133140564,0.9840319156646729,0.9502900838851929
YKL199C,YJR015W,0,-1.1524719,0.09401220083236694,0.9840319156646729,0.950390100479126
YPL085W,YAL012W,0,-1.1525892,0.09400323778390884,0.9840319156646729,0.9504901170730591
YMR321C,YOR240W,1,-1.1527656,0.09408961236476898,0.985029935836792,0.9504901170730591
YCL075W,YLR337W,0,-1.153095,0.09408064186573029,0.985029935836792,0.9505901336669922
YOR240W,YPL017C,1,-1.153364,0.09416698664426804,0.9860279560089111,0.9505901336669922
YKL042W,YDR034C-C,0,-1.1533712,0.09415800869464874,0.9860279560089111,0.9506901502609253
YOR192C-A,YOR332W,0,-1.1534278,0.09414903819561005,0.9860279560089111,0.9507901668548584
YJR098C,YGR037C,0,-1.1539696,0.09414006769657135,0.9860279560089111,0.9508901834487915
YDR170W-A,YOL140W,0,-1.1539793,0.09413109719753265,0.9860279560089111,0.9509902000427246
YOL152W,YOR322C,0,-1.1541109,0.09412212669849396,0.9860279560089111,0.9510902166366577
YHR039C-B,YNL244C,0,-1.1558989,0.09411316365003586,0.9860279560089111,0.9511902332305908
YOL067C,YOR228C,0,-1.1570021,0.09410420060157776,0.9860279560089111,0.9512902498245239
YER088C,YLR448W,0,-1.1581537,0.09409523755311966,0.9860279560089111,0.951390266418457
YMR022W,YKL158W,0,-1.1592271,0.09408627450466156,0.9860279560089111,0.9514902830123901
YOR192C-A,YEL002C,0,-1.1603048,0.09407731890678406,0.9860279560089111,0.9515902996063232
YDR236C,YFL044C,0,-1.1605375,0.09406836330890656,0.9860279560089111,0.9516903162002563
YDR261W-B,YPL154C,0,-1.1620337,0.09405940771102905,0.9860279560089111,0.9517903327941895
YJR110W,YLR396C,0,-1.1621348,0.09405045211315155,0.9860279560089111,0.9518903493881226
YBR033W,YER048W-A,0,-1.1621913,0.09404149651527405,0.9860279560089111,0.9519904255867004
YMR257C,YHR023W,0,-1.1639982,0.09403254836797714,0.9860279560089111,0.9520904421806335
YMR221C,YBL101W-A,0,-1.1642348,0.09402360022068024,0.9860279560089111,0.9521904587745667
YOR192C-B,YHR017W,0,-1.1646599,0.09401465207338333,0.9860279560089111,0.9522904753684998
YBL103C,YDR326C,0,-1.165431,0.09400571137666702,0.9860279560089111,0.9523904919624329
YNL210W,YJR158W,0,-1.1663388,0.09399676322937012,0.9860279560089111,0.952490508556366
YHR207C,YOL141W,1,-1.1685135,0.09408295154571533,0.9870259761810303,0.952490508556366
YAL053W,YOR228C,0,-1.1696395,0.09407400339841843,0.9870259761810303,0.9525905251502991
YPL106C,YOR092W,0,-1.1726102,0.09406505525112152,0.9870259761810303,0.9526905417442322
YHL009W-B,YDL065C,0,-1.1728653,0.09405610710382462,0.9870259761810303,0.9527905583381653
YFL002W-A,YDR363W-A,0,-1.1732043,0.0940471664071083,0.9870259761810303,0.9528905749320984
YNL063W,YBR175W,1,-1.1734489,0.09413331001996994,0.9880239367485046,0.9528905749320984
YIL109C,YAL053W,0,-1.173688,0.09412436187267303,0.9880239367485046,0.9529905915260315
YDR236C,YOR092W,0,-1.1737233,0.09411541372537613,0.9880239367485046,0.9530906081199646
YGR241C,YAR044W,0,-1.1749375,0.09410646557807922,0.9880239367485046,0.9531906247138977
YDR283C,YER045C,0,-1.1767796,0.09409751743078232,0.9880239367485046,0.9532906413078308
YAR010C,YGR272C,0,-1.1768458,0.09408857673406601,0.9880239367485046,0.9533906579017639
YOR384W,YAR044W,0,-1.1768708,0.0940796360373497,0.9880239367485046,0.953490674495697
YDR532C,YDR034C-C,0,-1.1769457,0.09407069534063339,0.9880239367485046,0.9535906910896301
YDR529C,YGR189C,0,-1.1786433,0.09406175464391708,0.9880239367485046,0.953690767288208
YDR038C,YBR058C-A,0,-1.1791049,0.09405282139778137,0.9880239367485046,0.9537907838821411
YHR039C-B,YPR031W,0,-1.1795048,0.09404388815164566,0.9880239367485046,0.9538908004760742
YKL158W,YPR019W,0,-1.1800767,0.09403495490550995,0.9880239367485046,0.9539908170700073
YPR158C-D,YEL058W,0,-1.1805695,0.09402602165937424,0.9880239367485046,0.9540908336639404
YIL160C,YGR189C,0,-1.1808474,0.09401709586381912,0.9880239367485046,0.9541908502578735
YDR316W-A,YDR486C,0,-1.1809179,0.09400817006826401,0.9880239367485046,0.9542908668518066
YOL147C,YDR034C-C,0,-1.1809396,0.0939992368221283,0.9880239367485046,0.9543908834457397
YBR264C,YOR014W,0,-1.181185,0.09399031847715378,0.9880239367485046,0.9544909000396729
YJL219W,YFR008W,0,-1.1831032,0.09398139268159866,0.9880239367485046,0.954590916633606
YOR061W,YMR285C,0,-1.1831094,0.09397247433662415,0.9880239367485046,0.9546909332275391
YAR015W,YOR384W,0,-1.1834948,0.09396355599164963,0.9880239367485046,0.9547909498214722
YBL013W,YOR240W,1,-1.1835243,0.09404954314231873,0.9890219569206238,0.9547909498214722
YBL022C,YDR393W,0,-1.1855584,0.09404061734676361,0.9890219569206238,0.9548909664154053
YBR166C,YPL257W-A,0,-1.1856991,0.0940316915512085,0.9890219569206238,0.9549909830093384
YBL106C,YBL101W-A,0,-1.1859084,0.09402277320623398,0.9890219569206238,0.9550909996032715
YPL273W,YOR240W,1,-1.1859564,0.0941087156534195,0.9900199770927429,0.9550909996032715
YJR022W,YNL212W,0,-1.1867555,0.09409978985786438,0.9900199770927429,0.9551910161972046
YNL213C,YBR012W-B,0,-1.1869668,0.09409086406230927,0.9900199770927429,0.9552910327911377
YLR090W,YLL050C,0,-1.1871129,0.09408194571733475,0.9900199770927429,0.9553910493850708
YDR440W,YOR240W,1,-1.1874071,0.09416785091161728,0.9910179376602173,0.9553910493850708
YKL183W,YJL158C,0,-1.1895741,0.09415892511606216,0.9910179376602173,0.9554911255836487
YER053C,YGR272C,0,-1.1896948,0.09414999186992645,0.9910179376602173,0.9555911421775818
YPR158C-D,YGL249W,0,-1.1899182,0.09414106607437134,0.9910179376602173,0.9556911587715149
YOR257W,YPL160W,0,-1.191586,0.09413214772939682,0.9910179376602173,0.955791175365448
YKL156W,YPL204W,0,-1.1927118,0.0941232219338417,0.9910179376602173,0.9558911919593811
YLR418C,YOR192C-A,0,-1.1933588,0.09411430358886719,0.9910179376602173,0.9559912085533142
YAL034W-A,YBL101W-A,0,-1.1957865,0.09410538524389267,0.9910179376602173,0.9560912251472473
YHL009W-B,YGR286C,0,-1.1971763,0.09409646689891815,0.9910179376602173,0.9561912417411804
YLR170C,YER048W-A,0,-1.19953,0.09408754855394363,0.9910179376602173,0.9562912583351135
YER159C-A,YGR027W-B,0,-1.2005074,0.09407863765954971,0.9910179376602173,0.9563912749290466
YDR358W,YDR486C,0,-1.2033426,0.09406972676515579,0.9910179376602173,0.9564912915229797
YKR059W,YAR044W,0,-1.2034152,0.09406081587076187,0.9910179376602173,0.9565913081169128
YJR158W,YOR240W,0,-1.2036551,0.09405190497636795,0.9910179376602173,0.956691324710846
YOR265W,YOL156W,0,-1.2037364,0.09404299408197403,0.9910179376602173,0.956791341304779
YER095W,YBL101W-A,0,-1.203932,0.0940340906381607,0.9910179376602173,0.9568913578987122
YDR011W,YOL064C,0,-1.2042294,0.09402518719434738,0.9910179376602173,0.9569913744926453
YOR192C-A,YLR172C,0,-1.2045009,0.09401628375053406,0.9910179376602173,0.9570913910865784
YHL024W,YKL158W,0,-1.2045131,0.09400738775730133,0.9910179376602173,0.9571914672851562
YML115C,YER112W,0,-1.2045307,0.093998484313488,0.9910179376602173,0.9572914838790894
YJR134C,YIL126W,0,-1.2049052,0.09398958832025528,0.9910179376602173,0.9573915004730225
YML015C,YJR089W,0,-1.2049716,0.09398069232702255,0.9910179376602173,0.9574915170669556
YLR373C,YMR165C,0,-1.2049952,0.09397179633378983,0.9910179376602173,0.9575915336608887
YMR211W,YOR346W,0,-1.2058097,0.0939629077911377,0.9910179376602173,0.9576915502548218
YGL222C,YLR045C,0,-1.2065157,0.09395401924848557,0.9910179376602173,0.9577915668487549
YNL049C,YIL160C,0,-1.2099321,0.09394513070583344,0.9910179376602173,0.957891583442688
YOR076C,YOR014W,0,-1.2118005,0.0939362421631813,0.9910179376602173,0.9579916000366211
YNL322C,YDR326C,0,-1.2127175,0.09392735362052917,0.9910179376602173,0.9580916166305542
YLR286C,YAL003W,0,-1.2134447,0.09391847252845764,0.9910179376602173,0.9581916332244873
YJR010C-A,YLR467W,0,-1.2136503,0.09390959143638611,0.9910179376602173,0.9582916498184204
YPL257W-A,YPL092W,0,-1.2136796,0.09390071034431458,0.9910179376602173,0.9583916664123535
YOR037W,YGR272C,0,-1.214081,0.09389182925224304,0.9910179376602173,0.9584916830062866
YDL136W,YCR096C,0,-1.2156872,0.0938829556107521,0.9910179376602173,0.9585916996002197
YFL047W,YNL054W-B,0,-1.2163659,0.09387408196926117,0.9910179376602173,0.9586917161941528
YGR263C,YIL113W,0,-1.2164028,0.09386520832777023,0.9910179376602173,0.9587917327880859
YGR274C,YBL101W-A,0,-1.2165011,0.0938563346862793,0.9910179376602173,0.958891749382019
YNL092W,YOR240W,1,-1.2172793,0.09394197165966034,0.9920159578323364,0.958891749382019
YML129C,YDR261W-B,0,-1.2194906,0.0939330905675888,0.9920159578323364,0.9589918255805969
YEL013W,YBL101W-A,0,-1.2208643,0.09392421692609787,0.9920159578323364,0.95909184217453
YOR127W,YPL033C,0,-1.221218,0.09391534328460693,0.9920159578323364,0.9591918587684631
YBL061C,YJR059W,0,-1.2216048,0.093906469643116,0.9920159578323364,0.9592918753623962
YLR238W,YOL019W,0,-1.2219108,0.09389760345220566,0.9920159578323364,0.9593918919563293
YGL120C,YGR027W-B,0,-1.2219685,0.09388872981071472,0.9920159578323364,0.9594919085502625
YHL009W-B,YOR356W,0,-1.2222747,0.09387986361980438,0.9920159578323364,0.9595919251441956
YBL017C,YPR054W,0,-1.2233133,0.09387099742889404,0.9920159578323364,0.9596919417381287
YML043C,YKL158W,0,-1.223966,0.0938621312379837,0.9920159578323364,0.9597919583320618
YGL095C,YLR337W,0,-1.2246258,0.09385327249765396,0.9920159578323364,0.9598919749259949
YPR102C,YLR306W,0,-1.2252756,0.09384441375732422,0.9920159578323364,0.959991991519928
YLR127C,YER020W,0,-1.2254089,0.09383555501699448,0.9920159578323364,0.9600920081138611
YDR313C,YKL158W,0,-1.2254286,0.09382669627666473,0.9920159578323364,0.9601920247077942
YER113C,YKL158W,0,-1.2261583,0.09381783753633499,0.9920159578323364,0.9602920413017273
YKR069W,YOR240W,1,-1.2264398,0.09390336275100708,0.9930139780044556,0.9602920413017273
YDR140W,YOR240W,1,-1.2272409,0.09398886561393738,0.9940119981765747,0.9602920413017273
YGR272C,YNR047W,0,-1.2275032,0.09397999942302704,0.9940119981765747,0.9603920578956604
YKL179C,YMR224C,0,-1.2279428,0.0939711257815361,0.9940119981765747,0.9604920744895935
YPL257W-A,YAR007C,0,-1.2284313,0.09396226704120636,0.9940119981765747,0.9605920910835266
YBR133C,YOR240W,1,-1.22971,0.09404773265123367,0.9950099587440491,0.9605920910835266
YOR036W,YDR210W-B,0,-1.2297741,0.09403885900974274,0.9950099587440491,0.9606921672821045
YBL061C,YAR044W,0,-1.2308563,0.0940299928188324,0.9950099587440491,0.9607921838760376
YPL257W-A,YNL325C,0,-1.2309097,0.09402112662792206,0.9950099587440491,0.9608922004699707
YGR047C,YDL144C,0,-1.231578,0.09401226043701172,0.9950099587440491,0.9609922170639038
YBL030C,YKL109W,0,-1.2322582,0.09400339424610138,0.9950099587440491,0.9610922336578369
YJL101C,YGR272C,0,-1.2328056,0.09399453550577164,0.9950099587440491,0.96119225025177
YHL047C,YGR037C,0,-1.2333039,0.0939856693148613,0.9950099587440491,0.9612922668457031
YJR029W,YBL010C,0,-1.2336097,0.09397681057453156,0.9950099587440491,0.9613922834396362
YOL117W,YKL158W,0,-1.2337644,0.09396795183420181,0.9950099587440491,0.9614923000335693
YDR425W,YKR105C,0,-1.2339884,0.09395910054445267,0.9950099587440491,0.9615923166275024
YGR104C,YPR137C-B,0,-1.2340661,0.09395024180412292,0.9950099587440491,0.9616923332214355
YJR009C,YNL039W,0,-1.2345473,0.09394139051437378,0.9950099587440491,0.9617923498153687
YDR425W,YNL158W,0,-1.2346314,0.09393253922462463,0.9950099587440491,0.9618923664093018
YDR210W-B,YOR374W,0,-1.2350811,0.09392369538545609,0.9950099587440491,0.9619923830032349
YBR001C,YBL074C,0,-1.2361859,0.09391484409570694,0.9950099587440491,0.962092399597168
YGL040C,YGR135W,0,-1.236813,0.09390600025653839,0.9950099587440491,0.9621924161911011
YDR261W-B,YML037C,0,-1.2374803,0.09389715641736984,0.9950099587440491,0.9622924327850342
YJR110W,YLR035C-A,0,-1.2383136,0.0938883125782013,0.9950099587440491,0.9623924493789673
YLR459W,YDR210W-B,0,-1.2384394,0.09387947618961334,0.9950099587440491,0.9624925255775452
YMR235C,YKL158W,0,-1.2394109,0.0938706323504448,0.9950099587440491,0.9625925421714783
YER048W-A,YPL220W,0,-1.2405866,0.09386179596185684,0.9950099587440491,0.9626925587654114
YGR272C,YMR303C,0,-1.241495,0.09385295957326889,0.9950099587440491,0.9627925753593445
YNL330C,YOR014W,0,-1.2415744,0.09384412318468094,0.9950099587440491,0.9628925919532776
YIL009C-A,YDR400W,0,-1.2417866,0.09383529424667358,0.9950099587440491,0.9629926085472107
YHR171W,YKL158W,0,-1.2418934,0.09382646530866623,0.9950099587440491,0.9630926251411438
YOL100W,YNL007C,0,-1.2428377,0.09381763637065887,0.9950099587440491,0.9631926417350769
YGR058W,YDL130W-A,0,-1.2440103,0.09380880743265152,0.9950099587440491,0.96329265832901
YBR214W,YGL095C,0,-1.2477309,0.09379997849464417,0.9950099587440491,0.9633926749229431
YPL257W-A,YPL048W,0,-1.2482013,0.09379115700721741,0.9950099587440491,0.9634926915168762
YOR192C-A,YLR433C,0,-1.2484843,0.09378233551979065,0.9950099587440491,0.9635927081108093
YCR096C,YLR337W,0,-1.2499714,0.09377351403236389,0.9950099587440491,0.9636927247047424
YGL192W,YOR240W,1,-1.2509776,0.0938587412238121,0.9960079789161682,0.9636927247047424
YFR032C-A,YPR166C,0,-1.2512635,0.09384991228580475,0.9960079789161682,0.9637927412986755
YPR158C-D,YLR032W,0,-1.2513355,0.09384109079837799,0.9960079789161682,0.9638927578926086
YPL177C,YPL074W,0,-1.2514931,0.09383226931095123,0.9960079789161682,0.9639927744865417
YOL105C,YLR430W,0,-1.2515662,0.09382344782352448,0.9960079789161682,0.9640927910804749
YPL195W,YJL156C,0,-1.2535354,0.09381462633609772,0.9960079789161682,0.9641928672790527
YLR170C,YJL221C,0,-1.2550228,0.09380581229925156,0.9960079789161682,0.9642928838729858
YMR281W,YBR082C,0,-1.2564417,0.0937969908118248,0.9960079789161682,0.964392900466919
YPL208W,YOR240W,1,-1.2564644,0.09388215094804764,0.9970059990882874,0.964392900466919
YBL101W-A,YMR017W,0,-1.2565225,0.09387332946062088,0.9970059990882874,0.964492917060852
YHR181W,YLR265C,0,-1.2565743,0.09386451542377472,0.9970059990882874,0.9645929336547852
YOR043W,YAR044W,0,-1.2570995,0.09385569393634796,0.9970059990882874,0.9646929502487183
YJL106W,YOR240W,0,-1.2592741,0.0938468798995018,0.9970059990882874,0.9647929668426514
YOR069W,YGL227W,0,-1.2595941,0.09383805841207504,0.9970059990882874,0.9648929834365845
YPL257W-A,YIL136W,0,-1.2606015,0.09382924437522888,0.9970059990882874,0.9649930000305176
YHR044C,YLR306W,0,-1.2625539,0.09382043778896332,0.9970059990882874,0.9650930166244507
YNL158W,YGL185C,0,-1.2638419,0.09381162375211716,0.9970059990882874,0.9651930332183838
YML005W,YDL099W,0,-1.2639998,0.09380281716585159,0.9970059990882874,0.9652930498123169
YCR077C,YOR343W-A,0,-1.2657189,0.09379401057958603,0.9970059990882874,0.96539306640625
YGR029W,YKR014C,0,-1.2683846,0.09378520399332047,0.9970059990882874,0.9654930830001831
YOR192C-A,YPL174C,0,-1.2686788,0.0937763974070549,0.9970059990882874,0.9655930995941162
YFL002W-A,YLR433C,0,-1.268776,0.09376759827136993,0.9970059990882874,0.9656931161880493
YPR192W,YDR252W,0,-1.2703975,0.09375879913568497,0.9970059990882874,0.9657931327819824
YMR198W,YOR290C,0,-1.2704787,0.09375,0.9970059990882874,0.9658931493759155
YNL306W,YGR027W-B,0,-1.2736263,0.09374120086431503,0.9970059990882874,0.9659932255744934
YFL002W-A,YKR058W,0,-1.2737982,0.09373240917921066,0.9970059990882874,0.9660932421684265
YHR207C,YOR075W,0,-1.2745591,0.09372361749410629,0.9970059990882874,0.9661932587623596
YOR192C-A,YOR076C,0,-1.2748266,0.09371481835842133,0.9970059990882874,0.9662932753562927
YHR028C,YIR006C,0,-1.2774858,0.09370603412389755,0.9970059990882874,0.9663932919502258
YCR009C,YDR117C,0,-1.2777401,0.09369724243879318,0.9970059990882874,0.9664933085441589
YIR015W,YOR322C,0,-1.2779926,0.09368845820426941,0.9970059990882874,0.966593325138092
YDL030W,YBL022C,0,-1.2788427,0.09367966651916504,0.9970059990882874,0.9666933417320251
YIL072W,YDR034C-C,0,-1.2791384,0.09367088973522186,0.9970059990882874,0.9667933583259583
YFL002W-A,YDR247W,0,-1.2791537,0.09366210550069809,0.9970059990882874,0.9668933749198914
YPR178W,YKL017C,0,-1.281124,0.09365332126617432,0.9970059990882874,0.9669933915138245
YOR192C-B,YOR246C,0,-1.2812599,0.09364454448223114,0.9970059990882874,0.9670934081077576
YBR245C,YMR224C,0,-1.281583,0.09363576769828796,0.9970059990882874,0.9671934247016907
YGL168W,YLR467W,0,-1.281746,0.09362699091434479,0.9970059990882874,0.9672934412956238
YOR192C-B,YLR201C,0,-1.2841473,0.09361821413040161,0.9970059990882874,0.9673934578895569
YNL007C,YKL017C,0,-1.2841884,0.09360944479703903,0.9970059990882874,0.96749347448349
YNL054W-B,YJR143C,0,-1.2864479,0.09360067546367645,0.9970059990882874,0.9675934910774231
YDR316W-A,YHL024W,0,-1.2886796,0.09359190613031387,0.9970059990882874,0.967693567276001
YPL159C,YLR078C,0,-1.2896694,0.0935831367969513,0.9970059990882874,0.9677935838699341
YDR380W,YOR044W,0,-1.2902404,0.09357437491416931,0.9970059990882874,0.9678936004638672
YFL002W-A,YLR467W,0,-1.2913812,0.09356560558080673,0.9970059990882874,0.9679936170578003
YCR096C,YMR152W,0,-1.2926188,0.09355684369802475,0.9970059990882874,0.9680936336517334
YJL221C,YNR040W,0,-1.2929119,0.09354808181524277,0.9970059990882874,0.9681936502456665
YNL054W-B,YGR234W,0,-1.2936046,0.09353932738304138,0.9970059990882874,0.9682936668395996
YPL257W-A,YLR430W,0,-1.2937036,0.0935305655002594,0.9970059990882874,0.9683936834335327
YLR127C,YMR285C,0,-1.2941253,0.09352181106805801,0.9970059990882874,0.9684937000274658
YGL106W,YAL058W,0,-1.2970108,0.09351305663585663,0.9970059990882874,0.9685937166213989
YMR233W,YDR117C,0,-1.297102,0.09350430220365524,0.9970059990882874,0.968693733215332
YJL165C,YMR287C,0,-1.2980195,0.09349555522203445,0.9970059990882874,0.9687937498092651
YNL101W,YDR034C-C,0,-1.2998563,0.09348680824041367,0.9970059990882874,0.9688937664031982
YJR033C,YKL212W,0,-1.2999486,0.09347805380821228,0.9970059990882874,0.9689937829971313
YPR158C-D,YAL058W,0,-1.3016899,0.09346931427717209,0.9970059990882874,0.9690937995910645
YPL194W,YIL084C,0,-1.3017384,0.0934605672955513,0.9970059990882874,0.9691938161849976
YOR257W,YML088W,0,-1.3028272,0.09345182776451111,0.9970059990882874,0.9692938327789307
YPR137C-B,YBR036C,0,-1.3049406,0.09344308078289032,0.9970059990882874,0.9693938493728638
YNL049C,YDR219C,0,-1.3059379,0.09343434125185013,0.9970059990882874,0.9694939255714417
YPL257W-A,YFL039C,0,-1.306922,0.09342560917139053,0.9970059990882874,0.9695939421653748
YIR014W,YOR069W,0,-1.3079022,0.09341686964035034,0.9970059990882874,0.9696939587593079
YFL002W-A,YDR228C,0,-1.3090593,0.09340813755989075,0.9970059990882874,0.969793975353241
YDR316W-A,YHR171W,0,-1.3102365,0.09339939802885056,0.9970059990882874,0.9698939919471741
YCR020C,YKR050W,0,-1.3104877,0.09339067339897156,0.9970059990882874,0.9699940085411072
YNL191W,YDR034C-C,0,-1.310513,0.09338194131851196,0.9970059990882874,0.9700940251350403
YMR122W-A,YDR088C,0,-1.3123357,0.09337320923805237,0.9970059990882874,0.9701940417289734
YDL195W,YFR008W,0,-1.3137238,0.09336448460817337,0.9970059990882874,0.9702940583229065
YOR043W,YLR078C,0,-1.313778,0.09335575997829437,0.9970059990882874,0.9703940749168396
YDR046C,YDR356W,0,-1.3142488,0.09334703534841537,0.9970059990882874,0.9704940915107727
YDR503C,YGR135W,0,-1.3170158,0.09333831816911697,0.9970059990882874,0.9705941081047058
YDR316W-A,YDL180W,0,-1.317104,0.09332959353923798,0.9970059990882874,0.9706941246986389
YDR436W,YER045C,0,-1.3174618,0.09332087635993958,0.9970059990882874,0.970794141292572
YGR104C,YOR192C-B,0,-1.3196722,0.09331215918064117,0.9970059990882874,0.9708941578865051
YBR156C,YJR033C,0,-1.3203365,0.09330344945192337,0.9970059990882874,0.9709941744804382
YER159C-A,YOR127W,0,-1.3210181,0.09329473227262497,0.9970059990882874,0.9710941910743713
YDR316W-A,YAL062W,0,-1.3211359,0.09328602254390717,0.9970059990882874,0.9711942672729492
YIL009C-A,YMR004W,0,-1.3219974,0.09327731281518936,0.9970059990882874,0.9712942838668823
YJL097W,YGR027W-B,0,-1.322795,0.09326860308647156,0.9970059990882874,0.9713943004608154
YJL046W,YKL059C,0,-1.3231947,0.09325989335775375,0.9970059990882874,0.9714943170547485
YMR247C,YDR065W,0,-1.3233927,0.09325119107961655,0.9970059990882874,0.9715943336486816
YDR261W-B,YMR045C,0,-1.3238786,0.09324248880147934,0.9970059990882874,0.9716943502426147
YPR156C,YKL010C,0,-1.3244307,0.09323378652334213,0.9970059990882874,0.9717943668365479
YPR137C-B,YNR007C,0,-1.325736,0.09322508424520493,0.9970059990882874,0.971894383430481
YOR192C-A,YEL065W,0,-1.3262514,0.09321638196706772,0.9970059990882874,0.9719944000244141
YNL330C,YPR158C-D,0,-1.3266746,0.09320768713951111,0.9970059990882874,0.9720944166183472
YDR316W-A,YDR060W,0,-1.3276818,0.0931989923119545,0.9970059990882874,0.9721944332122803
YOR192C-B,YDR536W,0,-1.328374,0.09319029748439789,0.9970059990882874,0.9722944498062134
YDR261W-B,YBR297W,0,-1.3330951,0.09318160265684128,0.9970059990882874,0.9723944664001465
YDR210W-B,YOL147C,0,-1.3352953,0.09317291527986526,0.9970059990882874,0.9724944829940796
YDR210W-B,YNL015W,0,-1.3357579,0.09316422790288925,0.9970059990882874,0.9725944995880127
YBR082C,YDR288W,0,-1.3359451,0.09315554052591324,0.9970059990882874,0.9726945161819458
YPR158C-D,YPL214C,0,-1.3400944,0.09314685314893723,0.9970059990882874,0.9727945327758789
YDL190C,YER012W,0,-1.3403994,0.09313816577196121,0.9970059990882874,0.972894549369812
YLR287C-A,YMR022W,0,-1.3428615,0.0931294858455658,0.9970059990882874,0.9729946255683899
YOR192C-B,YKR038C,0,-1.3432304,0.09312080591917038,0.9970059990882874,0.973094642162323
YDL099W,YDR115W,0,-1.3443143,0.09311212599277496,0.9970059990882874,0.9731946587562561
YDR388W,YPL257W-A,0,-1.3450814,0.09310344606637955,0.9970059990882874,0.9732946753501892
YDL115C,YDL065C,0,-1.3456384,0.09309477359056473,0.9970059990882874,0.9733946919441223
YOR348C,YPL074W,0,-1.3468658,0.09308610111474991,0.9970059990882874,0.9734947085380554
YPR137C-B,YKR014C,0,-1.3474139,0.09307742118835449,0.9970059990882874,0.9735947251319885
YKR090W,YLR127C,0,-1.3484098,0.09306875616312027,0.9970059990882874,0.9736947417259216
YOR192C-B,YPL123C,0,-1.349575,0.09306008368730545,0.9970059990882874,0.9737947583198547
YLR396C,YDR334W,0,-1.3497704,0.09305141866207123,0.9970059990882874,0.9738947749137878
YLR098C,YMR224C,0,-1.354348,0.09304274618625641,0.9970059990882874,0.973994791507721
YIR014W,YMR287C,0,-1.3564801,0.09303408116102219,0.9970059990882874,0.974094808101654
YER159C-A,YNL339C,0,-1.3595668,0.09302542358636856,0.9970059990882874,0.9741948246955872
YPR137C-B,YDR231C,0,-1.3641046,0.09301675856113434,0.9970059990882874,0.9742948412895203
YDR248C,YER159C-A,0,-1.3658701,0.09300810098648071,0.9970059990882874,0.9743948578834534
YOR192C-B,YBR097W,0,-1.3689787,0.09299944341182709,0.9970059990882874,0.9744948744773865
YPL177C,YJR126C,0,-1.3692493,0.09299078583717346,0.9970059990882874,0.9745948910713196
YPR137C-B,YBR092C,0,-1.3693897,0.09298212826251984,0.9970059990882874,0.9746949672698975
YNL054W-B,YIR023W,0,-1.3710071,0.09297347813844681,0.9970059990882874,0.9747949838638306
YPL091W,YDR032C,0,-1.3738087,0.09296482056379318,0.9970059990882874,0.9748950004577637
YHR171W,YFL044C,0,-1.3794861,0.09295617043972015,0.9970059990882874,0.9749950170516968
YHL009W-B,YGL227W,0,-1.3797,0.09294752776622772,0.9970059990882874,0.9750950336456299
YCL055W,YPR073C,0,-1.3803693,0.0929388776421547,0.9970059990882874,0.975195050239563
YER159C-A,YPL123C,0,-1.380887,0.09293023496866226,0.9970059990882874,0.9752950668334961
YML091C,YJR126C,0,-1.3833371,0.09292159229516983,0.9970059990882874,0.9753950834274292
YBL103C,YHR167W,0,-1.3842939,0.0929129496216774,0.9970059990882874,0.9754951000213623
YNL054W-B,YGL227W,0,-1.3866464,0.09290430694818497,0.9970059990882874,0.9755951166152954
YDL101C,YFR041C,0,-1.3884162,0.09289566427469254,0.9970059990882874,0.9756951332092285
YDR069C,YMR109W,0,-1.3885761,0.0928870290517807,0.9970059990882874,0.9757951498031616
YHL040C,YLR212C,0,-1.3887874,0.09287839382886887,0.9970059990882874,0.9758951663970947
YGL136C,YER012W,0,-1.3908683,0.09286975860595703,0.9970059990882874,0.9759951829910278
YBR240C,YHL009W-B,0,-1.3912703,0.0928611233830452,0.9970059990882874,0.9760951995849609
YOR288C,YDR011W,0,-1.3912774,0.09285249561071396,0.9970059990882874,0.976195216178894
YIR014W,YGL021W,0,-1.3924279,0.09284386783838272,0.9970059990882874,0.9762952327728271
YIR002C,YLR078C,0,-1.3935257,0.09283524006605148,0.9970059990882874,0.9763952493667603
YDR466W,YAL003W,0,-1.3936886,0.09282661229372025,0.9970059990882874,0.9764953255653381
YDL120W,YKR014C,0,-1.3937656,0.09281798452138901,0.9970059990882874,0.9765953421592712
YLR438C-A,YBR012W-B,0,-1.3960425,0.09280936419963837,0.9970059990882874,0.9766953587532043
YMR247C,YJR135W-A,0,-1.3967961,0.09280074387788773,0.9970059990882874,0.9767953753471375
YER174C,YKL034W,0,-1.3989104,0.09279212355613708,0.9970059990882874,0.9768953919410706
YOR192C-A,YBL010C,0,-1.3997422,0.09278350323438644,0.9970059990882874,0.9769954085350037
YPR158C-D,YDL008W,0,-1.400254,0.0927748903632164,0.9970059990882874,0.9770954251289368
YNL242W,YPL019C,0,-1.4003011,0.09276627004146576,0.9970059990882874,0.9771954417228699
YMR316W,YMR281W,0,-1.4009279,0.09275765717029572,0.9970059990882874,0.977295458316803
YLR035C-A,YNL091W,0,-1.4012104,0.09274905174970627,0.9970059990882874,0.9773954749107361
YPR070W,YPL092W,0,-1.4019927,0.09274043887853622,0.9970059990882874,0.9774954915046692
YJL073W,YER147C,0,-1.4021093,0.09273182600736618,0.9970059990882874,0.9775955080986023
YPR137C-B,YDL060W,0,-1.4029055,0.09272322058677673,0.9970059990882874,0.9776955246925354
YGR026W,YNL242W,0,-1.4036251,0.09271461516618729,0.9970059990882874,0.9777955412864685
YPL258C,YJL065C,0,-1.4038255,0.09270600974559784,0.9970059990882874,0.9778955578804016
YPL257W-A,YGL095C,0,-1.4057683,0.09269741177558899,0.9970059990882874,0.9779955744743347
YDR069C,YOR131C,0,-1.4060608,0.09268881380558014,0.9970059990882874,0.9780955910682678
YBL017C,YBL030C,0,-1.4067677,0.09268020838499069,0.9970059990882874,0.9781956672668457
YPL089C,YER020W,0,-1.4077276,0.09267161041498184,0.9970059990882874,0.9782956838607788
YDR469W,YPL138C,1,-1.4088008,0.0927557721734047,0.9980040192604065,0.9782956838607788
YDR052C,YDR523C,0,-1.4093909,0.09274717420339584,0.9980040192604065,0.9783957004547119
YLR418C,YPR036W,0,-1.4096531,0.0927385687828064,0.9980040192604065,0.978495717048645
YGL206C,YER112W,0,-1.412104,0.09272997081279755,0.9980040192604065,0.9785957336425781
YIR014W,YAR019C,0,-1.4125342,0.0927213728427887,0.9980040192604065,0.9786957502365112
YPR137C-B,YOL030W,0,-1.4126071,0.09271277487277985,0.9980040192604065,0.9787957668304443
YDR036C,YGR027W-B,0,-1.4132947,0.09270418435335159,0.9980040192604065,0.9788957834243774
YDR236C,YBR058C-A,0,-1.4137731,0.09269558638334274,0.9980040192604065,0.9789958000183105
YJR029W,YDR330W,0,-1.4146746,0.09268699586391449,0.9980040192604065,0.9790958166122437
YLR090W,YFL002W-A,0,-1.4149289,0.09267840534448624,0.9980040192604065,0.9791958332061768
YMR264W,YNL054W-B,0,-1.4151567,0.09266981482505798,0.9980040192604065,0.9792958498001099
YDR507C,YOR244W,0,-1.4165269,0.09266123175621033,0.9980040192604065,0.979395866394043
YPR178W,YBR245C,0,-1.4168462,0.09265264868736267,0.9980040192604065,0.9794958829879761
YOR174W,YNL054W-B,0,-1.4218699,0.09264405816793442,0.9980040192604065,0.9795958995819092
YKL108W,YML060W,0,-1.4242014,0.09263548254966736,0.9980040192604065,0.9796959161758423
YMR109W,YOL007C,0,-1.4247278,0.0926268994808197,0.9980040192604065,0.9797959327697754
YMR264W,YOR381W,0,-1.4259752,0.09261831641197205,0.9980040192604065,0.9798960089683533
YJL153C,YOR322C,0,-1.4275441,0.09260974079370499,0.9980040192604065,0.9799960255622864
YMR298W,YNR007C,0,-1.427736,0.09260116517543793,0.9980040192604065,0.9800960421562195
YPR158C-D,YEL021W,0,-1.432329,0.09259258955717087,0.9980040192604065,0.9801960587501526
YDR219C,YAL023C,0,-1.4326242,0.0925840213894844,0.9980040192604065,0.9802960753440857
YDR316W-A,YJL025W,0,-1.4335393,0.09257544577121735,0.9980040192604065,0.9803960919380188
YDR316W-A,YNR045W,0,-1.4346765,0.09256687760353088,0.9980040192604065,0.9804961085319519
YGR154C,YDR077W,0,-1.4400176,0.09255830943584442,0.9980040192604065,0.980596125125885
YMR171C,YOL072W,0,-1.4404966,0.09254974871873856,0.9980040192604065,0.9806961417198181
YDR261W-B,YGL084C,0,-1.4409,0.0925411805510521,0.9980040192604065,0.9807961583137512
YJR110W,YDR128W,0,-1.4413632,0.09253261983394623,0.9980040192604065,0.9808961749076843
YBL057C,YDR510W,0,-1.4418787,0.09252405911684036,0.9980040192604065,0.9809961915016174
YBR041W,YDR334W,0,-1.4437244,0.0925154983997345,0.9980040192604065,0.9810962080955505
YKL183W,YCL057C-A,0,-1.4458207,0.09250693768262863,0.9980040192604065,0.9811962246894836
YGR292W,YHR140W,0,-1.447829,0.09249838441610336,0.9980040192604065,0.9812962412834167
YBR033W,YEL061C,0,-1.4504387,0.0924898236989975,0.9980040192604065,0.9813962578773499
YPL089C,YGR027W-B,0,-1.4517509,0.09248127043247223,0.9980040192604065,0.981496274471283
YJR075W,YMR204C,0,-1.4550635,0.09247271716594696,0.9980040192604065,0.9815962910652161
YGL157W,YLR176C,0,-1.4558214,0.09246417135000229,0.9980040192604065,0.981696367263794
YCR039C,YOR131C,0,-1.4559187,0.09245561808347702,0.9980040192604065,0.981796383857727
YPL048W,YOL002C,0,-1.4568985,0.09244707226753235,0.9980040192604065,0.9818964004516602
YOR192C-A,YOL123W,0,-1.4569845,0.09243852645158768,0.9980040192604065,0.9819964170455933
YKR062W,YIL084C,0,-1.457139,0.092429980635643,0.9980040192604065,0.9820964336395264
YGL229C,YDR261W-B,0,-1.4597278,0.09242144227027893,0.9980040192604065,0.9821964502334595
YNL054W-B,YGR071C,0,-1.459859,0.09241290390491486,0.9980040192604065,0.9822964668273926
YDR388W,YDR261W-B,0,-1.4605516,0.09240435808897018,0.9980040192604065,0.9823964834213257
YHR153C,YLR459W,0,-1.4620951,0.0923958271741867,0.9980040192604065,0.9824965000152588
YBR245C,YAL044C,0,-1.4673475,0.09238728880882263,0.9980040192604065,0.9825965166091919
YLR090W,YIR036C,0,-1.4689246,0.09237875044345856,0.9980040192604065,0.982696533203125
YPR137C-B,YDL129W,0,-1.4699496,0.09237021952867508,0.9980040192604065,0.9827965497970581
YLR035C-A,YDR322W,0,-1.4716226,0.0923616886138916,0.9980040192604065,0.9828965663909912
YOL100W,YPL257W-A,0,-1.4722654,0.09235315769910812,0.9980040192604065,0.9829965829849243
YBR097W,YDR166C,0,-1.4725142,0.09234462678432465,0.9980040192604065,0.9830965995788574
YGR027W-B,YOR080W,0,-1.4726813,0.09233610332012177,0.9980040192604065,0.9831966161727905
YLR214W,YDR034C-C,0,-1.4739176,0.09232757985591888,0.9980040192604065,0.9832966327667236
YNL054W-B,YLR327C,0,-1.478655,0.092319056391716,0.9980040192604065,0.9833967089653015
YOR290C,YIR023W,0,-1.4795755,0.09231053292751312,0.9980040192604065,0.9834967255592346
YDR316W-A,YER095W,0,-1.4809228,0.09230200946331024,0.9980040192604065,0.9835967421531677
YJL108C,YDR077W,0,-1.4830798,0.09229349344968796,0.9980040192604065,0.9836967587471008
YJR110W,YKL173W,0,-1.4859989,0.09228497743606567,0.9980040192604065,0.9837967753410339
YBL061C,YPR122W,0,-1.4892932,0.09227646142244339,0.9980040192604065,0.983896791934967
YMR247C,YDR034C-C,0,-1.4894975,0.0922679454088211,0.9980040192604065,0.9839968085289001
YLR170C,YDR034C-C,0,-1.4897478,0.09225943684577942,0.9980040192604065,0.9840968251228333
YLR035C-A,YNL301C,0,-1.4901494,0.09225092083215714,0.9980040192604065,0.9841968417167664
YML005W,YPL017C,1,-1.4918238,0.09233465790748596,0.9990019798278809,0.9841968417167664
YHR140W,YPL204W,0,-1.4919717,0.09232614189386368,0.9990019798278809,0.9842968583106995
YGR006W,YER012W,0,-1.4935243,0.0923176258802414,0.9990019798278809,0.9843968749046326
YER051W,YPL202C,0,-1.4939573,0.09230910986661911,0.9990019798278809,0.9844968914985657
YBR022W,YDR046C,0,-1.4953997,0.09230060130357742,0.9990019798278809,0.9845969080924988
YBR022W,YNR007C,0,-1.4958116,0.09229209274053574,0.9990019798278809,0.9846969246864319
YNL207W,YMR122W-A,0,-1.4983872,0.09228358417749405,0.9990019798278809,0.984796941280365
YPL019C,YGR027W-B,0,-1.4992741,0.09227507561445236,0.9990019798278809,0.9848969578742981
YOR192C-B,YOR381W,0,-1.4999951,0.09226656705141068,0.9990019798278809,0.9849969744682312
YBL103C,YDL185W,0,-1.5042309,0.09225806593894958,0.9990019798278809,0.9850969910621643
YIL009C-A,YGR006W,0,-1.504668,0.0922495648264885,0.9990019798278809,0.9851970672607422
YPL106C,YEL015W,0,-1.5061702,0.0922410637140274,0.9990019798278809,0.9852970838546753
YER048W-A,YNL146W,0,-1.5062051,0.09223256260156631,0.9990019798278809,0.9853971004486084
YOR182C,YBL057C,0,-1.5090823,0.09222406148910522,0.9990019798278809,0.9854971170425415
YIL034C,YOR221C,0,-1.5115906,0.09221556782722473,0.9990019798278809,0.9855971336364746
YPR158C-D,YPR108W,0,-1.5118912,0.09220707416534424,0.9990019798278809,0.9856971502304077
YLR035C-A,YLR099C,0,-1.5119636,0.09219858050346375,0.9990019798278809,0.9857971668243408
YJL041W,YER089C,0,-1.5160798,0.09219008684158325,0.9990019798278809,0.9858971834182739
YPR158C-D,YOR356W,0,-1.5161308,0.09218160063028336,0.9990019798278809,0.985997200012207
YOR036W,YNL310C,0,-1.5165135,0.09217311441898346,0.9990019798278809,0.9860972166061401
YOR192C-B,YAL062W,0,-1.518927,0.09216462820768356,0.9990019798278809,0.9861972332000732
YKL178C,YKR104W,0,-1.5234598,0.09215614199638367,0.9990019798278809,0.9862972497940063
YEL016C,YCR075C,0,-1.5262429,0.09214765578508377,0.9990019798278809,0.9863972663879395
YBR164C,YDR115W,0,-1.5287253,0.09213917702436447,0.9990019798278809,0.9864972829818726
YPR158C-D,YJL025W,0,-1.5337871,0.09213069826364517,0.9990019798278809,0.9865972995758057
YPR156C,YDR031W,0,-1.5339704,0.09212221950292587,0.9990019798278809,0.9866973161697388
YOR192C-B,YMR100W,0,-1.5365869,0.09211374074220657,0.9990019798278809,0.9867973327636719
YOR192C-B,YKR009C,0,-1.5389073,0.09210526198148727,0.9990019798278809,0.9868974089622498
YDR520C,YDL109C,0,-1.5403695,0.09209679067134857,0.9990019798278809,0.9869974255561829
YKL140W,YBR009C,0,-1.5412021,0.09208831936120987,0.9990019798278809,0.987097442150116
YMR122W-A,YNL268W,0,-1.5415581,0.09207984805107117,0.9990019798278809,0.9871974587440491
YPR137C-B,YOR211C,0,-1.5433439,0.09207137674093246,0.9990019798278809,0.9872974753379822
YOR124C,YJR098C,0,-1.5474101,0.09206290543079376,0.9990019798278809,0.9873974919319153
YBR237W,YJL156C,0,-1.5537609,0.09205444157123566,0.9990019798278809,0.9874975085258484
YER159C-A,YML074C,0,-1.5601895,0.09204597771167755,0.9990019798278809,0.9875975251197815
YHL009W-B,YPL074W,0,-1.5631924,0.09203751385211945,0.9990019798278809,0.9876975417137146
YER159C-A,YML060W,0,-1.5689785,0.09202904999256134,0.9990019798278809,0.9877975583076477
YDR239C,YOR044W,0,-1.5697306,0.09202059358358383,0.9990019798278809,0.9878975749015808
YHL009W-B,YBL074C,0,-1.5700783,0.09201213717460632,0.9990019798278809,0.9879975914955139
YOR290C,YPL026C,0,-1.5702196,0.09200367331504822,0.9990019798278809,0.988097608089447
YJL156C,YPL214C,0,-1.5718662,0.0919952243566513,0.9990019798278809,0.9881976246833801
YDR210W-B,YML042W,0,-1.5799716,0.0919867679476738,0.9990019798278809,0.9882976412773132
YML106W,YDR261W-B,0,-1.5803733,0.09197831153869629,0.9990019798278809,0.9883976578712463
YOR192C-B,YHR161C,0,-1.5810434,0.09196986258029938,0.9990019798278809,0.9884976744651794
YHR076W,YMR139W,0,-1.5874202,0.09196141362190247,0.9990019798278809,0.9885976910591125
YOR192C-B,YDR210W-B,0,-1.5895125,0.09195296466350555,0.9990019798278809,0.9886977672576904
YAR010C,YOR386W,0,-1.5915639,0.09194452315568924,0.9990019798278809,0.9887977838516235
YOR384W,YHL019C,0,-1.5923506,0.09193607419729233,0.9990019798278809,0.9888978004455566
YOR192C-B,YER153C,0,-1.5963119,0.09192763268947601,0.9990019798278809,0.9889978170394897
YBR033W,YER159C-A,0,-1.6012031,0.0919191911816597,0.9990019798278809,0.9890978336334229
YNL054W-B,YLR357W,0,-1.6032075,0.09191074967384338,0.9990019798278809,0.989197850227356
YNL322C,YNL339C,0,-1.6071686,0.09190231561660767,0.9990019798278809,0.9892978668212891
YJL164C,YPR108W,0,-1.6072048,0.09189387410879135,0.9990019798278809,0.9893978834152222
YER159C-A,YMR314W,0,-1.6098566,0.09188544005155563,0.9990019798278809,0.9894979000091553
YEL002C,YGR218W,0,-1.612214,0.09187700599431992,0.9990019798278809,0.9895979166030884
YOR192C-B,YER140W,0,-1.6134036,0.0918685719370842,0.9990019798278809,0.9896979331970215
YHL009W-B,YIL112W,0,-1.6134712,0.09186014533042908,0.9990019798278809,0.9897979497909546
YPR178W,YDL110C,0,-1.6138631,0.09185171872377396,0.9990019798278809,0.9898979663848877
YPR158C-D,YFL039C,0,-1.6233941,0.09184328466653824,0.9990019798278809,0.9899979829788208
YJR104C,YOR192C-B,0,-1.6234087,0.09183486551046371,0.9990019798278809,0.9900979995727539
YMR303C,YGL059W,0,-1.6263822,0.0918264389038086,0.9990019798278809,0.990198016166687
YDR363W-A,YPR028W,0,-1.6270318,0.09181801229715347,0.9990019798278809,0.9902980327606201
YDR036C,YDL099W,0,-1.6271819,0.09180959314107895,0.9990019798278809,0.990398108959198
YDR013W,YDR261W-B,0,-1.6276768,0.09180117398500443,0.9990019798278809,0.9904981255531311
YIL126W,YML115C,0,-1.6325942,0.0917927548289299,0.9990019798278809,0.9905981421470642
YHL009W-B,YCR094W,0,-1.637165,0.09178433567285538,0.9990019798278809,0.9906981587409973
YOR257W,YDL007W,0,-1.6385869,0.09177592396736145,0.9990019798278809,0.9907981753349304
YBR058C,YJL041W,0,-1.6387173,0.09176751226186752,0.9990019798278809,0.9908981919288635
YER159C-A,YIR009W,0,-1.6421058,0.0917591005563736,0.9990019798278809,0.9909982085227966
YER159C-A,YOR257W,0,-1.6421744,0.09175068885087967,0.9990019798278809,0.9910982251167297
YIR014W,YNL331C,0,-1.6528935,0.09174227714538574,0.9990019798278809,0.9911982417106628
YBL017C,YPR108W,0,-1.6558328,0.09173387289047241,0.9990019798278809,0.991298258304596
YPR137C-B,YOR381W,0,-1.6574293,0.09172546863555908,0.9990019798278809,0.991398274898529
YIL034C,YPR158C-D,0,-1.6598086,0.09171706438064575,0.9990019798278809,0.9914982914924622
YDR531W,YER133W,0,-1.6616079,0.09170866012573242,0.9990019798278809,0.9915983080863953
YAL041W,YIR023W,0,-1.6641479,0.09170025587081909,0.9990019798278809,0.9916983246803284
YGL206C,YDR069C,0,-1.6642382,0.09169185906648636,0.9990019798278809,0.9917983412742615
YDR533C,YDL065C,0,-1.6670332,0.09168345481157303,0.9990019798278809,0.9918983578681946
YMR139W,YBR058C,0,-1.6670834,0.09167506545782089,0.9990019798278809,0.9919983744621277
YPL177C,YER089C,0,-1.6765445,0.09166666865348816,0.9990019798278809,0.9920983910560608
YNL210W,YOR211C,0,-1.6771864,0.09165827184915543,0.9990019798278809,0.9921984672546387
YMR086W,YDR034C-C,0,-1.6787387,0.09164988249540329,0.9990019798278809,0.9922984838485718
YAL044C,YDR393W,0,-1.6810333,0.09164149314165115,0.9990019798278809,0.9923985004425049
YMR036C,YER012W,0,-1.6836149,0.09163310378789902,0.9990019798278809,0.992498517036438
YKL017C,YER012W,0,-1.6945939,0.09162471443414688,0.9990019798278809,0.9925985336303711
YPL231W,YNL054W-B,0,-1.695846,0.09161632508039474,0.9990019798278809,0.9926985502243042
YDR261W-B,YNL007C,0,-1.7075322,0.0916079431772232,0.9990019798278809,0.9927985668182373
YMR171C,YCL050C,0,-1.7086748,0.09159956127405167,0.9990019798278809,0.9928985834121704
YNL136W,YGR218W,0,-1.710826,0.09159117937088013,0.9990019798278809,0.9929986000061035
YPR158C-D,YLR327C,0,-1.711997,0.09158279746770859,0.9990019798278809,0.9930986166000366
YDR228C,YOR337W,0,-1.7123324,0.09157442301511765,0.9990019798278809,0.9931986331939697
YLR446W,YGR071C,0,-1.713245,0.0915660411119461,0.9990019798278809,0.9932986497879028
YBR097W,YJL190C,0,-1.7168885,0.09155766665935516,0.9990019798278809,0.9933986663818359
YMR188C,YBR035C,0,-1.7206784,0.09154929220676422,0.9990019798278809,0.993498682975769
YLL013C,YCR092C,0,-1.7279513,0.09154092520475388,0.9990019798278809,0.9935986995697021
YER159C-A,YML115C,0,-1.7289784,0.09153255075216293,0.9990019798278809,0.9936987161636353
YER159C-A,YJL136C,0,-1.7359587,0.09152418375015259,0.9990019798278809,0.9937987327575684
YER159C-A,YDR121W,0,-1.7471547,0.09151581674814224,0.9990019798278809,0.9938988089561462
YJR110W,YER114C,0,-1.7505118,0.0915074497461319,0.9990019798278809,0.9939988255500793
YMR098C,YPR019W,0,-1.7563021,0.09149908274412155,0.9990019798278809,0.9940988421440125
YOR278W,YJR126C,0,-1.7565536,0.0914907231926918,0.9990019798278809,0.9941988587379456
YER159C-A,YMR211W,0,-1.7575157,0.09148236364126205,0.9990019798278809,0.9942988753318787
YDL056W,YPL174C,0,-1.7626116,0.0914740040898323,0.9990019798278809,0.9943988919258118
YER159C-A,YJL072C,0,-1.7656268,0.09146564453840256,0.9990019798278809,0.9944989085197449
YDR013W,YLR207W,0,-1.7669048,0.09145728498697281,0.9990019798278809,0.994598925113678
YGR027W-B,YOL056W,0,-1.7693275,0.09144893288612366,0.9990019798278809,0.9946989417076111
YER159C-A,YAL053W,0,-1.7775455,0.0914405807852745,0.9990019798278809,0.9947989583015442
YJL019W,YHR023W,0,-1.777751,0.09143222868442535,0.9990019798278809,0.9948989748954773
YGL089C,YMR184W,0,-1.7796159,0.0914238765835762,0.9990019798278809,0.9949989914894104
YPR049C,YDR330W,0,-1.7796469,0.09141552448272705,0.9990019798278809,0.9950990080833435
YHL009W-B,YLR403W,0,-1.7819456,0.0914071798324585,0.9990019798278809,0.9951990246772766
YDR034C-C,YHR129C,0,-1.7862438,0.09139882773160934,0.9990019798278809,0.9952990412712097
YKL089W,YLR045C,0,-1.7885413,0.09139048308134079,0.9990019798278809,0.9953990578651428
YER088C,YOR174W,0,-1.7908474,0.09138214588165283,0.9990019798278809,0.9954990744590759
YPR108W,YLR120C,0,-1.7909501,0.09137380123138428,0.9990019798278809,0.995599091053009
YPR132W,YEL065W,0,-1.7944798,0.09136546403169632,0.9990019798278809,0.9956991672515869
YER159C-A,YGL155W,0,-1.7955598,0.09135712683200836,0.9990019798278809,0.99579918384552
YIL126W,YJL133W,0,-1.7978753,0.0913487896323204,0.9990019798278809,0.9958992004394531
YOR036W,YGL185C,0,-1.7983475,0.09134045243263245,0.9990019798278809,0.9959992170333862
YPL031C,YMR012W,0,-1.7998317,0.09133211523294449,0.9990019798278809,0.9960992336273193
YJR058C,YNL189W,0,-1.8001373,0.09132378548383713,0.9990019798278809,0.9961992502212524
YNL146W,YPR122W,0,-1.8027706,0.09131545573472977,0.9990019798278809,0.9962992668151855
YHL009W-B,YKL028W,0,-1.8256705,0.0913071259856224,0.9990019798278809,0.9963992834091187
YBR176W,YBL013W,1,-1.8290082,0.09139000624418259,1.0,0.9963992834091187
YIR017C,YMR022W,0,-1.8499137,0.09138166904449463,1.0,0.9964993000030518
YOL064C,YMR311C,0,-1.881242,0.09137333929538727,1.0,0.9965993165969849
YER068W,YDL080C,0,-1.8832473,0.09136500209569931,1.0,0.996699333190918
YMR247C,YOL157C,0,-1.8867483,0.09135667234659195,1.0,0.9967993497848511
YLR419W,YKL164C,0,-1.9419246,0.09134834259748459,1.0,0.9968993663787842
YPR019W,YKL017C,0,-1.9492363,0.09134002029895782,1.0,0.9969993829727173
YDR224C,YBR009C,0,-1.952282,0.09133169054985046,1.0,0.9970993995666504
YCR039C,YLR127C,0,-1.9651266,0.0913233682513237,1.0,0.9971994161605835
YKL004W,YDR224C,0,-1.9745854,0.09131504595279694,1.0,0.9972994327545166
YDR440W,YDR014W,0,-2.0005944,0.09130672365427017,1.0,0.9973995089530945
YPL194W,YPR168W,0,-2.0185573,0.091298408806324,1.0,0.9974995255470276
YKL140W,YGR223C,0,-2.027954,0.09129008650779724,1.0,0.9975995421409607
YJL165C,YJL102W,0,-2.0322762,0.09128177165985107,1.0,0.9976995587348938
YLR287C-A,YBL057C,0,-2.0491397,0.09127345681190491,1.0,0.9977995753288269
YER133W,YPR122W,0,-2.078658,0.09126514196395874,1.0,0.99789959192276
YLR170C,YLR045C,0,-2.0938344,0.09125682711601257,1.0,0.9979996085166931
YDR356W,YDR443C,0,-2.0952837,0.091248519718647,1.0,0.9980996251106262
YNL128W,YOR337W,0,-2.0970612,0.09124021232128143,1.0,0.9981996417045593
YER133W,YCL050C,0,-2.102076,0.09123190492391586,1.0,0.9982996582984924
YIL009C-A,YPR054W,0,-2.1069915,0.09122359752655029,1.0,0.9983996748924255
YER068W,YMR022W,0,-2.110723,0.09121529012918472,1.0,0.9984996914863586
YPL031C,YPR178W,0,-2.1182728,0.09120699018239975,1.0,0.9985997080802917
YDL007W,YKL010C,0,-2.121799,0.09119869023561478,1.0,0.9986997246742249
YLR038C,YDR483W,0,-2.1682916,0.0911903902888298,1.0,0.998799741268158
YGL206C,YGR116W,0,-2.1827395,0.09118209034204483,1.0,0.9988997578620911
YMR314W,YOR039W,0,-2.1926627,0.09117379784584045,1.0,0.9989997744560242
YML048W,YDR368W,0,-2.200659,0.09116549789905548,1.0,0.9990997910499573
YPL022W,YNL012W,0,-2.228662,0.0911572054028511,1.0,0.9991998672485352
YMR139W,YPR178W,0,-2.2602353,0.09114891290664673,1.0,0.9992998838424683
YGL185C,YNR007C,0,-2.2692308,0.09114062041044235,1.0,0.9993999004364014
YDR388W,YMR165C,0,-2.277008,0.09113233536481857,1.0,0.9994999170303345
YBR273C,YOR221C,0,-2.2796497,0.0911240428686142,1.0,0.9995999336242676
YJL129C,YER106W,0,-2.5523677,0.09111575782299042,1.0,0.9996999502182007
YMR071C,YER012W,0,-2.6148133,0.09110747277736664,1.0,0.9997999668121338
YPL231W,YNL091W,0,-2.6171136,0.09109918773174286,1.0,0.9998999834060669
YPL089C,YOR346W,0,-2.6627555,0.09109091013669968,1.0,1.0
