Gene A,Gene B,Label,Score,Precision,Recall,False Positive Rate
YNL142W,YHL007C,1,41.430992,1.0,0.0009980039903894067,0.0
YNL001W,YBR066C,1,37.798298,1.0,0.0019960079807788134,0.0
YNL119W,YKL185W,1,36.78504,1.0,0.002994012087583542,0.0
YOR032C,YNL119W,1,35.829155,1.0,0.003992015961557627,0.0
YNL142W,YNL001W,1,35.36221,1.0,0.004990019835531712,0.0
YNL142W,YER113C,1,35.353516,1.0,0.005988024175167084,0.0
YBR066C,YER149C,1,35.28028,1.0,0.006986028049141169,0.0
YNL119W,YER020W,1,34.974167,1.0,0.007984031923115253,0.0
YMR316W,YLL021W,1,34.617004,1.0,0.008982036262750626,0.0
YLR083C,YMR316W,1,34.323708,1.0,0.009980039671063423,0.0
YOR315W,YNL098C,1,34.08944,1.0,0.010978044010698795,0.0
YNL119W,YCR038C,1,34.06636,1.0,0.011976048350334167,0.0
YER113C,YMR238W,1,33.996014,1.0,0.012974051758646965,0.0
YLR083C,YDR251W,1,33.531906,1.0,0.013972056098282337,0.0
YHR143W,YMR016C,1,33.066666,1.0,0.014970059506595135,0.0
YJR147W,YOR315W,1,32.8609,1.0,0.015968063846230507,0.0
YNL119W,YHR111W,1,32.718075,1.0,0.016966067254543304,0.0
YNL142W,YNL298W,1,32.485962,1.0,0.01796407252550125,0.0
YLR083C,YMR238W,1,32.151394,1.0,0.01896207593381405,0.0
YOR315W,YER020W,1,31.856266,1.0,0.019960079342126846,0.0
YHR143W,YNL079C,1,31.055143,1.0,0.020958084613084793,0.0
YMR016C,YDL024C,1,30.998383,1.0,0.02195608802139759,0.0
YNL119W,YKL043W,1,30.968987,1.0,0.022954091429710388,0.0
YJR153W,YBR066C,1,30.906012,1.0,0.023952096700668335,0.0
YLR083C,YNL098C,1,30.790081,1.0,0.024950100108981133,0.0
YLR083C,YJR147W,1,30.699558,1.0,0.02594810351729393,0.0
YNL001W,YKL043W,1,30.473537,1.0,0.026946106925606728,0.0
YHR143W,YOR032C,1,30.461407,1.0,0.027944112196564674,0.0
YER177W,YLL021W,1,30.21943,1.0,0.028942115604877472,0.0
YCR093W,YMR238W,1,30.105366,1.0,0.02994011901319027,0.0
YDL024C,YNL079C,1,30.041477,1.0,0.030938124284148216,0.0
YLR083C,YHR111W,1,29.975893,1.0,0.031936127692461014,0.0
YHR143W,YNL001W,1,29.806606,1.0,0.03293413296341896,0.0
YLR083C,YMR016C,1,29.766235,1.0,0.03393213450908661,0.0
YOR032C,YER109C,1,29.734056,1.0,0.034930139780044556,0.0
YNL142W,YMR316W,1,29.706825,1.0,0.0359281450510025,0.0
YLR083C,YKL048C,1,29.68203,1.0,0.03692614659667015,0.0
YOR032C,YNL001W,1,29.53533,1.0,0.0379241518676281,0.0
YHR143W,YER149C,1,29.498135,1.0,0.038922157138586044,0.0
YER020W,YHR011W,1,29.439928,1.0,0.03992015868425369,0.0
YNL001W,YDL024C,1,29.392763,1.0,0.04091816395521164,0.0
YBR066C,YCR038C,1,29.264423,1.0,0.041916169226169586,0.0
YKL149C,YBR066C,1,28.983337,1.0,0.042914170771837234,0.0
YLR009W,YKL185W,0,28.8801,0.9772727489471436,0.042914170771837234,0.00010002000635722652
YKL043W,YNL138W,1,28.861948,0.9777777791023254,0.04391217604279518,0.00010002000635722652
YMR016C,YLR313C,1,28.67718,0.97826087474823,0.04491018131375313,0.00010002000635722652
YNL001W,YMR238W,1,28.664791,0.978723406791687,0.045908182859420776,0.00010002000635722652
YNL119W,YDR379W,1,28.635193,0.9791666865348816,0.04690618813037872,0.00010002000635722652
YDL024C,YMR238W,1,28.544544,0.9795918464660645,0.04790419340133667,0.00010002000635722652
YNL079C,YKL185W,1,28.483906,0.9800000190734863,0.04890219494700432,0.00010002000635722652
YDR251W,YIL131C,1,28.483448,0.9803921580314636,0.049900200217962265,0.00010002000635722652
YMR316W,YNL079C,1,28.482815,0.9807692170143127,0.05089820176362991,0.00010002000635722652
YGL229C,YMR269W,0,28.398046,0.9622641801834106,0.05089820176362991,0.00020004001271445304
YNL001W,YPL115C,1,28.362766,0.9629629850387573,0.05189620703458786,0.00020004001271445304
YNL119W,YKL048C,1,28.312012,0.9636363387107849,0.05289421230554581,0.00020004001271445304
YHR143W,YLR353W,1,28.20523,0.9642857313156128,0.053892213851213455,0.00020004001271445304
YBR066C,YNL068C,1,28.183083,0.9649122953414917,0.0548902191221714,0.00020004001271445304
YNL119W,YNL138W,1,28.135025,0.9655172228813171,0.05588822439312935,0.00020004001271445304
YMR016C,YER177W,1,28.121052,0.9661017060279846,0.056886225938797,0.00020004001271445304
YLR083C,YBR083W,1,28.088413,0.9666666388511658,0.057884231209754944,0.00020004001271445304
YPL021W,YDR099W,1,27.963314,0.9672130942344666,0.05888223648071289,0.00020004001271445304
YLR313C,YER113C,1,27.933273,0.9677419066429138,0.05988023802638054,0.00020004001271445304
YNL079C,YDR107C,1,27.749718,0.9682539701461792,0.060878243297338486,0.00020004001271445304
YAL056W,YBR066C,1,27.688854,0.96875,0.06187624856829643,0.00020004001271445304
YNL119W,YMR238W,1,27.645817,0.9692307710647583,0.06287425011396408,0.00020004001271445304
YDL024C,YER118C,1,27.621151,0.9696969985961914,0.06387225538492203,0.00020004001271445304
YCR093W,YKL185W,1,27.52354,0.9701492786407471,0.06487026065587997,0.00020004001271445304
YMR136W,YIL133C,0,27.520233,0.9558823704719543,0.06487026065587997,0.0003000600263476372
YOR032C,YBR066C,1,27.503819,0.95652174949646,0.06586826592683792,0.0003000600263476372
YPL021W,YER177W,1,27.503532,0.9571428298950195,0.06686626374721527,0.0003000600263476372
YOR315W,YHR011W,1,27.500408,0.9577465057373047,0.06786426901817322,0.0003000600263476372
YER177W,YOR315W,1,27.409014,0.9583333134651184,0.06886227428913116,0.0003000600263476372
YBR066C,YMR238W,1,27.383974,0.9589040875434875,0.06986027956008911,0.0003000600263476372
YHR143W,YCR038C,1,27.380672,0.9594594836235046,0.07085828483104706,0.0003000600263476372
YER177W,YER113C,1,27.362331,0.9599999785423279,0.071856290102005,0.0003000600263476372
YHR143W,YDR043C,1,27.332039,0.9605262875556946,0.07285428792238235,0.0003000600263476372
YNL001W,YGL190C,1,27.272923,0.9610389471054077,0.0738522931933403,0.0003000600263476372
YPL021W,YNL079C,1,27.265415,0.9615384340286255,0.07485029846429825,0.0003000600263476372
YMR016C,YKL185W,1,27.195509,0.9620253443717957,0.0758483037352562,0.0003000600263476372
YNL119W,YDR107C,1,27.181316,0.9624999761581421,0.07684630900621414,0.0003000600263476372
YDL024C,YKL185W,1,27.156494,0.9629629850387573,0.07784431427717209,0.0003000600263476372
YJR153W,YNL079C,1,27.144531,0.9634146094322205,0.07884231209754944,0.0003000600263476372
YCR038C,YNL138W,1,27.141617,0.9638554453849792,0.07984031736850739,0.0003000600263476372
YCR093W,YNL119W,1,27.089615,0.9642857313156128,0.08083832263946533,0.0003000600263476372
YNL001W,YNL138W,1,27.044252,0.9647058844566345,0.08183632791042328,0.0003000600263476372
YOR032C,YNL298W,1,27.033293,0.9651162624359131,0.08283433318138123,0.0003000600263476372
YJR147W,YNL079C,1,26.997227,0.9655172228813171,0.08383233845233917,0.0003000600263476372
YMR238W,YNL298W,1,26.993696,0.9659090638160706,0.08483033627271652,0.0003000600263476372
YNL079C,YNL298W,1,26.975735,0.966292142868042,0.08582834154367447,0.0003000600263476372
YOR032C,YLR353W,1,26.933752,0.9666666388511658,0.08682634681463242,0.0003000600263476372
YOR032C,YHR084W,1,26.780354,0.9670329689979553,0.08782435208559036,0.0003000600263476372
YHR143W,YKL048C,1,26.754402,0.967391312122345,0.08882235735654831,0.0003000600263476372
YNL001W,YLR313C,1,26.681892,0.9677419066429138,0.08982036262750626,0.0003000600263476372
YNL001W,YDR107C,1,26.640755,0.9680851101875305,0.0908183604478836,0.0003000600263476372
YER149C,YER020W,1,26.573986,0.9684210419654846,0.09181636571884155,0.0003000600263476372
YOR127W,YER177W,1,26.567343,0.96875,0.0928143709897995,0.0003000600263476372
YBR037C,YNL151C,0,26.416119,0.9587628841400146,0.0928143709897995,0.0004000800254289061
YBR066C,YNL271C,1,26.399235,0.9591836929321289,0.09381237626075745,0.0004000800254289061
YHR111W,YLR353W,1,26.38594,0.9595959782600403,0.0948103815317154,0.0004000800254289061
YOR032C,YER149C,1,26.363522,0.9599999785423279,0.09580838680267334,0.0004000800254289061
YLR083C,YDR379W,1,26.347979,0.9603960514068604,0.09680638462305069,0.0004000800254289061
YJR147W,YHR011W,1,26.298933,0.9607843160629272,0.09780438989400864,0.0004000800254289061
YLR083C,YHR143W,1,26.29527,0.9611650705337524,0.09880239516496658,0.0004000800254289061
YHR143W,YHR111W,1,26.256405,0.9615384340286255,0.09980040043592453,0.0004000800254289061
YCR093W,YHR111W,1,26.212036,0.961904764175415,0.10079840570688248,0.0004000800254289061
YNL142W,YHR011W,1,26.196007,0.9622641801834106,0.10179640352725983,0.0004000800254289061
YNL142W,YBR066C,1,26.097916,0.9626168012619019,0.10279440879821777,0.0004000800254289061
YOR127W,YER020W,1,26.096987,0.9629629850387573,0.10379241406917572,0.0004000800254289061
YKL043W,YNL079C,1,26.068138,0.963302731513977,0.10479041934013367,0.0004000800254289061
YLR083C,YNL079C,1,26.014542,0.9636363387107849,0.10578842461109161,0.0004000800254289061
YJR147W,YLR353W,1,26.009491,0.9639639854431152,0.10678642988204956,0.0004000800254289061
YER177W,YIR019C,1,25.951395,0.9642857313156128,0.10778442770242691,0.0004000800254289061
YDR379W,YLR353W,1,25.856773,0.9646017551422119,0.10878243297338486,0.0004000800254289061
YER109C,YNL142W,1,25.713573,0.9649122953414917,0.1097804382443428,0.0004000800254289061
YNL001W,YMR316W,1,25.700909,0.9652174115180969,0.11077844351530075,0.0004000800254289061
YHR111W,YNL098C,1,25.69857,0.9655172228813171,0.1117764487862587,0.0004000800254289061
YNL142W,YNL271C,1,25.681437,0.9658119678497314,0.11277445405721664,0.0004000800254289061
YHR011W,YKL185W,1,25.668278,0.9661017060279846,0.113772451877594,0.0004000800254289061
YCR093W,YJR153W,1,25.652752,0.9663865566253662,0.11477045714855194,0.0004000800254289061
YJR147W,YDR043C,1,25.637352,0.9666666388511658,0.11576846241950989,0.0004000800254289061
YLR083C,YCR093W,1,25.570679,0.9669421315193176,0.11676646769046783,0.0004000800254289061
YER109C,YER177W,1,25.562683,0.9672130942344666,0.11776447296142578,0.0004000800254289061
YKL185W,YNL298W,1,25.542202,0.9674796462059021,0.11876247823238373,0.0004000800254289061
YLR083C,YKL043W,1,25.539833,0.9677419066429138,0.11976047605276108,0.0004000800254289061
YHR143W,YMR316W,1,25.49019,0.9679999947547913,0.12075848132371902,0.0004000800254289061
YNL119W,YIR019C,1,25.482792,0.9682539701461792,0.12175648659467697,0.0004000800254289061
YHR111W,YKL185W,1,25.452698,0.9685039520263672,0.12275449186563492,0.0004000800254289061
YLR313C,YMR238W,1,25.378035,0.96875,0.12375249713659286,0.0004000800254289061
YHR111W,YNL079C,1,25.31904,0.9689922332763672,0.12475050240755081,0.0004000800254289061
YOR032C,YCR093W,1,25.127071,0.9692307710647583,0.12574850022792816,0.0004000800254289061
YNL271C,YOR315W,1,25.118996,0.9694656729698181,0.1267465054988861,0.0004000800254289061
YNL001W,YIR019C,1,25.094162,0.9696969985961914,0.12774451076984406,0.0004000800254289061
YMR238W,YER020W,1,24.973112,0.969924807548523,0.128742516040802,0.0004000800254289061
YMR316W,YKL048C,1,24.958874,0.9701492786407471,0.12974052131175995,0.0004000800254289061
YAL041W,YJR147W,1,24.905125,0.970370352268219,0.1307385265827179,0.0004000800254289061
YAL056W,YNL079C,1,24.833065,0.970588207244873,0.13173653185367584,0.0004000800254289061
YDR392W,YNL119W,1,24.827065,0.970802903175354,0.1327345371246338,0.0004000800254289061
YNL330C,YMR316W,0,24.825565,0.9637681245803833,0.1327345371246338,0.000500100024510175
YER177W,YIL131C,1,24.823343,0.9640287756919861,0.13373252749443054,0.000500100024510175
YJR147W,YNL098C,1,24.620724,0.9642857313156128,0.1347305327653885,0.000500100024510175
YNL142W,YNL098C,1,24.522457,0.9645389914512634,0.13572853803634644,0.000500100024510175
YLL021W,YHR011W,1,24.52087,0.9647887349128723,0.13672654330730438,0.000500100024510175
YCR093W,YLR353W,1,24.474085,0.9650349617004395,0.13772454857826233,0.000500100024510175
YMR238W,YHR011W,1,24.453537,0.9652777910232544,0.13872255384922028,0.000500100024510175
YCR038C,YLL021W,1,24.349007,0.9655172228813171,0.13972055912017822,0.000500100024510175
YBR066C,YHR011W,1,24.33601,0.965753436088562,0.14071856439113617,0.000500100024510175
YDR165W,YML042W,0,24.33272,0.9591836929321289,0.14071856439113617,0.0006001200526952744
YDR251W,YNL298W,1,24.332075,0.9594594836235046,0.14171656966209412,0.0006001200526952744
YER113C,YER020W,1,24.324238,0.9597315192222595,0.14271457493305206,0.0006001200526952744
YKL043W,YHR011W,1,24.194317,0.9599999785423279,0.14371258020401,0.0006001200526952744
YDL143W,YNL142W,0,24.148771,0.9536423683166504,0.14371258020401,0.0007001400226727128
YMR316W,YNL271C,1,24.121838,0.9539473652839661,0.14471058547496796,0.0007001400226727128
YDR392W,YOR315W,1,24.112358,0.9542483687400818,0.1457085758447647,0.0007001400226727128
YPL021W,YMR238W,1,24.07691,0.9545454382896423,0.14670658111572266,0.0007001400226727128
YOR315W,YER113C,1,24.062183,0.9548386931419373,0.1477045863866806,0.0007001400226727128
YJR153W,YHR011W,1,24.045433,0.9551281929016113,0.14870259165763855,0.0007001400226727128
YER177W,YNL298W,1,24.02447,0.9554139971733093,0.1497005969285965,0.0007001400226727128
YMR016C,YKL048C,1,24.012882,0.9556962251663208,0.15069860219955444,0.0007001400226727128
YPL115C,YER020W,1,24.007107,0.955974817276001,0.1516966074705124,0.0007001400226727128
YBR066C,YNL079C,1,23.98481,0.956250011920929,0.15269461274147034,0.0007001400226727128
YBR066C,YHR073W,1,23.974401,0.95652174949646,0.15369261801242828,0.0007001400226727128
YCR093W,YHR011W,1,23.954796,0.9567901492118835,0.15469062328338623,0.0007001400226727128
YHR143W,YNL068C,1,23.94852,0.9570552110671997,0.15568862855434418,0.0007001400226727128
YER091C,YNL012W,0,23.934967,0.9512194991111755,0.15568862855434418,0.0008001600508578122
YDL024C,YNL098C,1,23.934618,0.9515151381492615,0.15668663382530212,0.0008001600508578122
YDR251W,YNL068C,1,23.924715,0.9518072009086609,0.15768462419509888,0.0008001600508578122
YPL021W,YNL298W,1,23.85822,0.9520958065986633,0.15868262946605682,0.0008001600508578122
YGL190C,YNL119W,1,23.837317,0.9523809552192688,0.15968063473701477,0.0008001600508578122
YAL056W,YOR315W,1,23.823467,0.9526627063751221,0.16067864000797272,0.0008001600508578122
YNL142W,YNL138W,1,23.814703,0.9529411792755127,0.16167664527893066,0.0008001600508578122
YMR016C,YHR011W,1,23.807318,0.9532163739204407,0.1626746505498886,0.0008001600508578122
YER177W,YNL068C,1,23.728779,0.9534883499145508,0.16367265582084656,0.0008001600508578122
YNL098C,YDR107C,1,23.66549,0.9537572264671326,0.1646706610918045,0.0008001600508578122
YHR143W,YAL041W,1,23.65841,0.954023003578186,0.16566866636276245,0.0008001600508578122
YLL021W,YER020W,1,23.650208,0.954285740852356,0.1666666716337204,0.0008001600508578122
YNL271C,YNL298W,1,23.650059,0.9545454382896423,0.16766467690467834,0.0008001600508578122
YJR147W,YER113C,1,23.634417,0.9548022747039795,0.1686626672744751,0.0008001600508578122
YER109C,YER020W,1,23.630226,0.9550561904907227,0.16966067254543304,0.0008001600508578122
YNL142W,YER118C,1,23.619556,0.9553072452545166,0.170658677816391,0.0008001600508578122
YHR143W,YKL149C,1,23.581642,0.9555555582046509,0.17165668308734894,0.0008001600508578122
YBR066C,YER113C,1,23.567114,0.9558011293411255,0.17265468835830688,0.0008001600508578122
YNL142W,YHR073W,1,23.559265,0.9560439586639404,0.17365269362926483,0.0008001600508578122
YER109C,YNL119W,1,23.537432,0.9562841653823853,0.17465069890022278,0.0008001600508578122
YMR016C,YIR019C,1,23.514095,0.95652174949646,0.17564870417118073,0.0008001600508578122
YPL021W,YBR066C,1,23.508686,0.9567567706108093,0.17664670944213867,0.0008001600508578122
YHR143W,YOR315W,1,23.447052,0.9569892287254333,0.17764471471309662,0.0008001600508578122
YGL190C,YHR111W,1,23.424011,0.9572192430496216,0.17864271998405457,0.0008001600508578122
YDR379W,YKL185W,1,23.421528,0.957446813583374,0.1796407252550125,0.0008001600508578122
YDR379W,YER020W,1,23.421375,0.9576719403266907,0.18063871562480927,0.0008001600508578122
YPR010C,YOR313C,0,23.413277,0.9526315927505493,0.18063871562480927,0.0009001800208352506
YDL024C,YER020W,1,23.397472,0.9528796076774597,0.1816367208957672,0.0009001800208352506
YLR313C,YKL043W,1,23.381168,0.953125,0.18263472616672516,0.0009001800208352506
YJR147W,YNL138W,1,23.324678,0.9533678889274597,0.1836327314376831,0.0009001800208352506
YOR032C,YER020W,1,23.284653,0.9536082744598389,0.18463073670864105,0.0009001800208352506
YCR093W,YOR315W,1,23.247528,0.9538461565971375,0.185628741979599,0.0009001800208352506
YBR066C,YDL035C,1,23.22606,0.954081654548645,0.18662674725055695,0.0009001800208352506
YPL021W,YLR353W,1,23.210423,0.9543147087097168,0.1876247525215149,0.0009001800208352506
YHR143W,YHR105W,0,23.166565,0.9494949579238892,0.1876247525215149,0.00100020004902035
YCR093W,YNL098C,1,23.128162,0.9497487545013428,0.18862275779247284,0.00100020004902035
YOR032C,YMR316W,1,23.12475,0.949999988079071,0.1896207630634308,0.00100020004902035
YPL061W,YPR194C,0,23.062294,0.9452736377716064,0.1896207630634308,0.0011002200189977884
YOR032C,YDL024C,1,23.043545,0.9455445408821106,0.19061876833438873,0.0011002200189977884
YLR353W,YHR011W,1,23.010773,0.9458128213882446,0.19161677360534668,0.0011002200189977884
YDR392W,YKL185W,1,22.918179,0.9460784196853638,0.19261476397514343,0.0011002200189977884
YCR038C,YHR073W,1,22.914314,0.9463414549827576,0.19361276924610138,0.0011002200189977884
YNL001W,YDL035C,1,22.899424,0.946601927280426,0.19461077451705933,0.0011002200189977884
YJR153W,YER113C,1,22.886522,0.9468598961830139,0.19560877978801727,0.0011002200189977884
YNL066W,YJR036C,0,22.814861,0.942307710647583,0.19560877978801727,0.0012002401053905487
YKL149C,YMR238W,1,22.749908,0.9425837397575378,0.19660678505897522,0.0012002401053905487
YLR353W,YNL098C,1,22.696487,0.9428571462631226,0.19760479032993317,0.0012002401053905487
YNL301C,YMR169C,0,22.649899,0.9383886456489563,0.19760479032993317,0.0013002600753679872
YGR200C,YOL147C,0,22.646664,0.9339622855186462,0.19760479032993317,0.0014002800453454256
YOR127W,YDR251W,1,22.628689,0.934272289276123,0.1986027956008911,0.0014002800453454256
YOR032C,YNL197C,1,22.628008,0.9345794320106506,0.19960080087184906,0.0014002800453454256
YCR038C,YER113C,1,22.599487,0.934883713722229,0.200598806142807,0.0014002800453454256
YDL035C,YLR353W,1,22.58051,0.9351851940155029,0.20159681141376495,0.0014002800453454256
YMR316W,YKL043W,1,22.578241,0.9354838728904724,0.2025948166847229,0.0014002800453454256
YAL056W,YJR147W,1,22.495241,0.9357798099517822,0.20359280705451965,0.0014002800453454256
YCR038C,YNL098C,1,22.461287,0.9360730648040771,0.2045908123254776,0.0014002800453454256
YPL021W,YDR107C,1,22.41053,0.9363636374473572,0.20558881759643555,0.0014002800453454256
YJR147W,YKL043W,1,22.394957,0.9366515874862671,0.2065868228673935,0.0014002800453454256
YEL070W,YDR384C,0,22.375206,0.9324324131011963,0.2065868228673935,0.001500300015322864
YKL149C,YNL079C,1,22.371756,0.9327354431152344,0.20758482813835144,0.001500300015322864
YCR038C,YPL115C,1,22.316204,0.9330357313156128,0.2085828334093094,0.001500300015322864
YNL271C,YHR011W,1,22.303139,0.9333333373069763,0.20958083868026733,0.001500300015322864
YPL021W,YER113C,1,22.256643,0.9336283206939697,0.21057884395122528,0.001500300015322864
YHR143W,YOR127W,1,22.246372,0.933920681476593,0.21157684922218323,0.001500300015322864
YHR143W,YNL271C,1,22.23103,0.9342105388641357,0.21257485449314117,0.001500300015322864
YHL007C,YMR238W,1,22.223537,0.9344978332519531,0.21357285976409912,0.001500300015322864
YMR316W,YMR238W,1,22.210888,0.9347826242446899,0.21457086503505707,0.001500300015322864
YML011C,YLR289W,0,22.185913,0.9307359457015991,0.21457086503505707,0.0016003201017156243
YMR016C,YPL115C,1,22.133461,0.931034505367279,0.21556885540485382,0.0016003201017156243
YHR011W,YNL298W,1,22.1059,0.9313304424285889,0.21656686067581177,0.0016003201017156243
YDL137W,YLR045C,0,22.101366,0.9273504018783569,0.21656686067581177,0.0017003400716930628
YPR143W,YLR286C,0,22.09001,0.9234042763710022,0.21656686067581177,0.0018003600416705012
YOR315W,YLR353W,1,22.05392,0.9237288236618042,0.21756486594676971,0.0018003600416705012
YMR237W,YDL024C,0,22.045208,0.9198312163352966,0.21756486594676971,0.0019003801280632615
YER177W,YLR313C,1,22.017277,0.9201680421829224,0.21856287121772766,0.0019003801280632615
YKL043W,YDR107C,1,21.97633,0.9205020666122437,0.2195608764886856,0.0019003801280632615
YDL024C,YHR011W,1,21.973616,0.9208333492279053,0.22055888175964355,0.0019003801280632615
YHR143W,YDR251W,1,21.968908,0.9211618304252625,0.2215568870306015,0.0019003801280632615
YNL271C,YNL119W,1,21.942009,0.9214876294136047,0.22255489230155945,0.0019003801280632615
YPL021W,YKL185W,1,21.931137,0.9218106865882874,0.2235528975725174,0.0019003801280632615
YCR038C,YHR011W,1,21.92815,0.9221311211585999,0.22455090284347534,0.0019003801280632615
YHL011C,YMR275C,0,21.906734,0.918367326259613,0.22455090284347534,0.0020004000980407
YLR353W,YDR107C,1,21.855453,0.9186992049217224,0.2255489081144333,0.0020004000980407
YAL041W,YOR315W,1,21.80579,0.9190283417701721,0.22654691338539124,0.0020004000980407
YMR169C,YBR267W,0,21.778284,0.9153226017951965,0.22654691338539124,0.0021004201844334602
YAL041W,YER113C,1,21.749489,0.9156626462936401,0.227544903755188,0.0021004201844334602
YER109C,YJR147W,1,21.68865,0.9160000085830688,0.22854290902614594,0.0021004201844334602
YKL043W,YHR073W,1,21.67846,0.9163346886634827,0.22954091429710388,0.0021004201844334602
YAL056W,YKL149C,1,21.666214,0.9166666865348816,0.23053891956806183,0.0021004201844334602
YHR143W,YPL021W,1,21.656883,0.9169960618019104,0.23153692483901978,0.0021004201844334602
YCR038C,YDR107C,1,21.602234,0.9173228144645691,0.23253493010997772,0.0021004201844334602
YJR153W,YIR019C,1,21.507423,0.9176470637321472,0.23353293538093567,0.0021004201844334602
YLR353W,YIR019C,1,21.483322,0.91796875,0.23453094065189362,0.0021004201844334602
YER177W,YNL271C,1,21.45065,0.9182879328727722,0.23552894592285156,0.0021004201844334602
YNL142W,YLR353W,1,21.431665,0.9186046719551086,0.2365269511938095,0.0021004201844334602
YPL115C,YDR107C,1,21.408752,0.9189189076423645,0.23752495646476746,0.0021004201844334602
YCR093W,YIR019C,1,21.393833,0.9192307591438293,0.2385229468345642,0.0021004201844334602
YER177W,YHR111W,1,21.350304,0.9195402264595032,0.23952095210552216,0.0021004201844334602
YMR016C,YDR392W,1,21.30907,0.919847309589386,0.2405189573764801,0.0021004201844334602
YER149C,YPL115C,1,21.301228,0.9201520681381226,0.24151696264743805,0.0021004201844334602
YIL131C,YKL185W,1,21.26902,0.9204545617103577,0.242514967918396,0.0021004201844334602
YAL008W,YOR271C,0,21.242588,0.9169811606407166,0.242514967918396,0.002200440037995577
YDL024C,YNL068C,1,21.24165,0.9172932505607605,0.24351297318935394,0.002200440037995577
YJR052W,YDR146C,0,21.240553,0.9138576984405518,0.24351297318935394,0.002300460124388337
YML073C,YLR107W,0,21.185215,0.9104477763175964,0.24351297318935394,0.0024004802107810974
YNL001W,YNL271C,1,21.181149,0.910780668258667,0.2445109784603119,0.0024004802107810974
YMR016C,YAL056W,1,21.149582,0.9111111164093018,0.24550898373126984,0.0024004802107810974
YMR238W,YDR107C,1,21.14355,0.9114391207695007,0.24650698900222778,0.0024004802107810974
YER177W,YNL001W,1,21.076843,0.9117646813392639,0.24750499427318573,0.0024004802107810974
YOR032C,YKL149C,1,21.067307,0.9120879173278809,0.24850299954414368,0.0024004802107810974
YIL131C,YIR019C,1,21.021538,0.9124087691307068,0.24950100481510162,0.0024004802107810974
YNL001W,YDR379W,1,21.004913,0.9127272963523865,0.25049901008605957,0.0024004802107810974
YOR032C,YCR038C,1,20.990173,0.9130434989929199,0.2514970004558563,0.0024004802107810974
YHR073W,YKL048C,1,20.960896,0.9133573770523071,0.25249502062797546,0.0024004802107810974
YNL142W,YDR379W,1,20.94713,0.9136690497398376,0.2534930109977722,0.0024004802107810974
YMR016C,YDL035C,1,20.93855,0.9139785170555115,0.25449103116989136,0.0024004802107810974
YHR143W,YDR392W,1,20.9358,0.9142857193946838,0.2554890215396881,0.0024004802107810974
YER109C,YDL024C,1,20.931992,0.9145907759666443,0.25648701190948486,0.0024004802107810974
YDR251W,YER149C,1,20.923752,0.914893627166748,0.257485032081604,0.0024004802107810974
YHR073W,YMR238W,1,20.921423,0.9151943325996399,0.25848302245140076,0.0024004802107810974
YER020W,YDL208W,0,20.920424,0.9119718074798584,0.25848302245140076,0.002500500064343214
YPL021W,YER178W,0,20.907738,0.9087719321250916,0.25848302245140076,0.0026005201507359743
YJR153W,YPL115C,1,20.901924,0.9090909361839294,0.2594810426235199,0.0026005201507359743
YNL001W,YER020W,1,20.901901,0.9094076752662659,0.26047903299331665,0.0026005201507359743
YER149C,YDL024C,1,20.888874,0.9097222089767456,0.2614770531654358,0.0026005201507359743
YKL149C,YNL119W,1,20.862202,0.9100345969200134,0.26247504353523254,0.0026005201507359743
YJR153W,YLR353W,1,20.839798,0.9103448390960693,0.2634730637073517,0.0026005201507359743
YKL043W,YER113C,1,20.832722,0.9106529355049133,0.26447105407714844,0.0026005201507359743
YNL079C,YIR019C,1,20.827127,0.9109588861465454,0.2654690742492676,0.0026005201507359743
YMR016C,YER109C,1,20.816124,0.9112628102302551,0.26646706461906433,0.0026005201507359743
YOR127W,YNL068C,1,20.810156,0.9115646481513977,0.2674650549888611,0.0026005201507359743
YPL106C,YCR094W,0,20.795422,0.9084745645523071,0.2674650549888611,0.002700540004298091
YER177W,YJR153W,1,20.794527,0.9087837934494019,0.2684630751609802,0.002700540004298091
YHR143W,YDR107C,1,20.791325,0.9090909361839294,0.269461065530777,0.002700540004298091
YOR127W,YJR153W,1,20.788395,0.9093959927558899,0.2704590857028961,0.002700540004298091
YBR029C,YOL117W,0,20.762756,0.9063544869422913,0.2704590857028961,0.002800560090690851
YPL021W,YPL115C,1,20.760746,0.9066666960716248,0.27145707607269287,0.002800560090690851
YDR251W,YDL024C,1,20.751896,0.9069767594337463,0.272455096244812,0.002800560090690851
YMR016C,YNL001W,1,20.735048,0.9072847962379456,0.27345308661460876,0.002800560090690851
YLR313C,YHR073W,1,20.713978,0.9075907468795776,0.2744511067867279,0.002800560090690851
YHR143W,YMR012W,0,20.684961,0.9046052694320679,0.2744511067867279,0.0029005801770836115
YMR016C,YER149C,1,20.679585,0.9049180150032043,0.27544909715652466,0.0029005801770836115
YKL048C,YMR049C,0,20.679296,0.9019607901573181,0.27544909715652466,0.003000600030645728
YLR083C,YER109C,1,20.675343,0.9022801518440247,0.2764471173286438,0.003000600030645728
YMR016C,YDR251W,1,20.665771,0.9025974273681641,0.27744510769844055,0.003000600030645728
YHR111W,YMR238W,1,20.662441,0.9029126167297363,0.2784431278705597,0.003000600030645728
YGR055W,YER177W,0,20.655216,0.8999999761581421,0.2784431278705597,0.0031006201170384884
YHR073W,YKL185W,1,20.632076,0.9003215432167053,0.27944111824035645,0.0031006201170384884
YPL186C,YKL078W,0,20.623405,0.8974359035491943,0.27944111824035645,0.0032006402034312487
YER177W,YHR073W,1,20.620321,0.8977635502815247,0.2804391086101532,0.0032006402034312487
YGL059W,YDR021W,0,20.55337,0.8949044346809387,0.2804391086101532,0.0033006600569933653
YDR353W,YKL178C,0,20.52086,0.8920634984970093,0.2804391086101532,0.0034006801433861256
YNL001W,YDR251W,1,20.519997,0.892405092716217,0.28143712878227234,0.0034006801433861256
YGL190C,YHR011W,1,20.473345,0.8927444815635681,0.2824351191520691,0.0034006801433861256
YNL079C,YNL098C,1,20.45233,0.893081784248352,0.28343313932418823,0.0034006801433861256
YNL001W,YHR111W,1,20.425201,0.8934169411659241,0.284431129693985,0.0034006801433861256
YNL001W,YHR073W,1,20.422642,0.893750011920929,0.2854291498661041,0.0034006801433861256
YPL021W,YOR315W,1,20.418571,0.8940809965133667,0.2864271402359009,0.0034006801433861256
YIL053W,YOL011W,0,20.397093,0.8913043737411499,0.2864271402359009,0.003500700229778886
YKL048C,YOR315W,1,20.333014,0.891640841960907,0.28742516040802,0.003500700229778886
YBL068W,YDL110C,0,20.28935,0.8888888955116272,0.28742516040802,0.0036007200833410025
YNL142W,YKL043W,1,20.281654,0.8892307877540588,0.2884231507778168,0.0036007200833410025
YOR335C,YCL035C,0,20.278233,0.8865030407905579,0.2884231507778168,0.0037007401697337627
YNL271C,YER020W,1,20.27529,0.8868501782417297,0.2894211709499359,0.0037007401697337627
YOR032C,YDR251W,1,20.267872,0.8871951103210449,0.29041916131973267,0.0037007401697337627
YER177W,YKL185W,1,20.240559,0.8875380158424377,0.2914171516895294,0.0037007401697337627
YNR060W,YJL196C,0,20.229694,0.8848484754562378,0.2914171516895294,0.003800760256126523
YNL271C,YJR147W,1,20.127329,0.8851963877677917,0.29241517186164856,0.003800760256126523
YCR093W,YNL298W,1,20.115128,0.8855421543121338,0.2934131622314453,0.003800760256126523
YER109C,YKL043W,1,20.109375,0.8858858942985535,0.29441118240356445,0.003800760256126523
YJR153W,YAL056W,1,20.060417,0.886227548122406,0.2954091727733612,0.003800760256126523
YPR001W,YGR167W,0,20.047606,0.8835821151733398,0.2954091727733612,0.0039007801096886396
YER149C,YMR238W,1,20.037777,0.8839285969734192,0.29640719294548035,0.0039007801096886396
YOR127W,YNL138W,1,20.02753,0.8842729926109314,0.2974051833152771,0.0039007801096886396
YPL021W,YAL056W,1,19.987736,0.8846153616905212,0.29840320348739624,0.0039007801096886396
YPL021W,YIR019C,1,19.986423,0.8849557638168335,0.299401193857193,0.0039007801096886396
YPL115C,YNL068C,1,19.97559,0.8852941393852234,0.30039921402931213,0.0039007801096886396
YJR153W,YNL119W,1,19.957573,0.8856304883956909,0.3013972043991089,0.0039007801096886396
YKL043W,YPL115C,1,19.931896,0.8859649300575256,0.30239519476890564,0.0039007801096886396
YNL119W,YDL035C,1,19.930733,0.8862974047660828,0.3033932149410248,0.0039007801096886396
YPL115C,YNL138W,1,19.914635,0.8866279125213623,0.30439120531082153,0.0039007801096886396
YOR127W,YOR016C,0,19.88628,0.8840579986572266,0.30439120531082153,0.0040008001960814
YMR016C,YKL149C,1,19.821177,0.884393036365509,0.3053892254829407,0.0040008001960814
YLR083C,YDR043C,1,19.801376,0.8847262263298035,0.3063872158527374,0.0040008001960814
YPL021W,YDR379W,1,19.799744,0.8850574493408203,0.30738523602485657,0.0040008001960814
YCR093W,YKL048C,1,19.792974,0.8853868246078491,0.3083832263946533,0.0040008001960814
YDR251W,YHR011W,1,19.789167,0.8857142925262451,0.30938124656677246,0.0040008001960814
YMR316W,YNL119W,1,19.770306,0.8860399127006531,0.3103792369365692,0.0040008001960814
YLR313C,YHR111W,1,19.756172,0.8863636255264282,0.31137725710868835,0.0040008001960814
YGL200C,YDL003W,0,19.753181,0.8838527202606201,0.31137725710868835,0.0041008200496435165
YOR127W,YHR011W,1,19.748005,0.8841807842254639,0.3123752474784851,0.0041008200496435165
YDR392W,YCR093W,1,19.743504,0.8845070600509644,0.31337326765060425,0.0041008200496435165
YNL142W,YDR043C,1,19.740509,0.8848314881324768,0.314371258020401,0.0041008200496435165
YMR316W,YDR107C,1,19.729591,0.8851540684700012,0.31536924839019775,0.0041008200496435165
YGL190C,YKL048C,1,19.723722,0.8854748606681824,0.3163672685623169,0.0041008200496435165
YKL043W,YNL098C,1,19.720112,0.8857938647270203,0.31736525893211365,0.0041008200496435165
YKL043W,YKL185W,1,19.712488,0.8861111402511597,0.3183632791042328,0.0041008200496435165
YER109C,YNL271C,1,19.710035,0.886426568031311,0.31936126947402954,0.0041008200496435165
YKL048C,YIR019C,1,19.685793,0.8867403268814087,0.3203592896461487,0.0041008200496435165
YOR032C,YDL035C,1,19.636127,0.8870523571968079,0.32135728001594543,0.0041008200496435165
YOR127W,YNL142W,1,19.621765,0.8873626589775085,0.3223553001880646,0.0041008200496435165
YPL115C,YER113C,1,19.591663,0.8876712322235107,0.32335329055786133,0.0041008200496435165
YER177W,YHR011W,1,19.570251,0.8879781365394592,0.32435131072998047,0.0041008200496435165
YPL094C,YDL210W,0,19.547935,0.8855586051940918,0.32435131072998047,0.0042008403688669205
YDR392W,YLR313C,1,19.522816,0.885869562625885,0.3253493010997772,0.0042008403688669205
YER109C,YLR353W,1,19.521149,0.8861788511276245,0.326347291469574,0.0042008403688669205
YPL021W,YHR011W,1,19.514345,0.8864864706993103,0.3273453116416931,0.0042008403688669205
YAL056W,YHR011W,1,19.472946,0.8867924809455872,0.32834330201148987,0.0042008403688669205
YNL119W,YNL298W,1,19.459696,0.8870967626571655,0.329341322183609,0.0042008403688669205
YEL070W,YBL024W,0,19.453136,0.8847184777259827,0.329341322183609,0.004300860222429037
YDR516C,YDL149W,0,19.406624,0.8823529481887817,0.329341322183609,0.004400880075991154
YDR365C,YEL041W,0,19.403261,0.8799999952316284,0.329341322183609,0.004500900395214558
YML042W,YGL106W,0,19.397541,0.8776595592498779,0.329341322183609,0.004600920248776674
YHL007C,YER020W,1,19.372437,0.8779841065406799,0.33033931255340576,0.004600920248776674
YOR032C,YHR011W,1,19.368835,0.8783068656921387,0.3313373327255249,0.004600920248776674
YMR016C,YHR111W,1,19.342518,0.8786279559135437,0.33233532309532166,0.004600920248776674
YPL115C,YMR238W,1,19.319641,0.878947377204895,0.3333333432674408,0.004600920248776674
YPL021W,YAL041W,1,19.311884,0.8792650699615479,0.33433133363723755,0.004600920248776674
YDR477W,YJR147W,1,19.296383,0.8795811533927917,0.3353293538093567,0.004600920248776674
YOL020W,YCR005C,0,19.292355,0.877284586429596,0.3353293538093567,0.004700940102338791
YNL079C,YER113C,1,19.283785,0.8776041865348816,0.33632734417915344,0.004700940102338791
YGL190C,YMR238W,1,19.267685,0.8779220581054688,0.3373253345489502,0.004700940102338791
YBR066C,YDR107C,1,19.257576,0.878238320350647,0.33832335472106934,0.004700940102338791
YKL048C,YMR238W,1,19.249413,0.8785529732704163,0.3393213450908661,0.004700940102338791
YBR066C,YDR043C,1,19.241257,0.8788659572601318,0.34031936526298523,0.004700940102338791
YKL149C,YDL035C,1,19.231073,0.8791773915290833,0.341317355632782,0.004700940102338791
YFL021W,YOR236W,0,19.227308,0.8769230842590332,0.341317355632782,0.004800960421562195
YDR403W,YNL236W,0,19.21858,0.8746802806854248,0.341317355632782,0.0049009802751243114
YLR313C,YDL035C,1,19.21597,0.875,0.3423153758049011,0.0049009802751243114
YDR251W,YLR313C,1,19.208197,0.8753180503845215,0.3433133661746979,0.0049009802751243114
YKL048C,YKL185W,1,19.191025,0.875634491443634,0.344311386346817,0.0049009802751243114
YPL021W,YGL190C,1,19.185913,0.8759493827819824,0.34530937671661377,0.0049009802751243114
YOR032C,YMR238W,1,19.182981,0.8762626051902771,0.3463073968887329,0.0049009802751243114
YDL035C,YNL079C,1,19.154072,0.8765742778778076,0.34730538725852966,0.0049009802751243114
YKR079C,YGL205W,0,19.152313,0.8743718862533569,0.34730538725852966,0.005001000128686428
YCR093W,YAL056W,1,19.084778,0.8746867179870605,0.3483034074306488,0.005001000128686428
YER109C,YNL098C,1,19.0769,0.875,0.34930139780044556,0.005001000128686428
YLR353W,YKL185W,1,19.032013,0.8753117322921753,0.3502993881702423,0.005001000128686428
YKL048C,YNL098C,1,19.031113,0.8756219148635864,0.35129740834236145,0.005001000128686428
YLR441C,YPL137C,0,19.019665,0.8734491467475891,0.35129740834236145,0.005101019982248545
YHR084W,YBR066C,1,18.979988,0.8737623691558838,0.3522953987121582,0.005101019982248545
YNL098C,YKL185W,1,18.965202,0.8740741014480591,0.35329341888427734,0.005101019982248545
YMR016C,YOR127W,1,18.952374,0.8743842244148254,0.3542914092540741,0.005101019982248545
YDR069C,YOL052C,0,18.949848,0.872235894203186,0.3542914092540741,0.005201040301471949
YHR084W,YDR107C,1,18.939932,0.8725489974021912,0.35528942942619324,0.005201040301471949
YMR184W,YNR003C,0,18.92458,0.8704156279563904,0.35528942942619324,0.005301060155034065
YKL149C,YHR073W,1,18.898766,0.8707317113876343,0.35628741979599,0.005301060155034065
YER113C,YIR019C,1,18.883064,0.871046245098114,0.35728543996810913,0.005301060155034065
YJR153W,YKL149C,1,18.879086,0.8713592290878296,0.3582834303379059,0.005301060155034065
YKL149C,YNL098C,1,18.85722,0.8716707229614258,0.359281450510025,0.005301060155034065
YKL043W,YNL298W,1,18.85663,0.8719806671142578,0.3602794408798218,0.005301060155034065
YDL024C,YIR019C,1,18.83488,0.8722891807556152,0.36127743124961853,0.005301060155034065
YER149C,YIR019C,1,18.809166,0.8725961446762085,0.36227545142173767,0.005301060155034065
YPL273W,YHR109W,0,18.806196,0.8705036044120789,0.36227545142173767,0.005401080008596182
YLR083C,YAL056W,1,18.801754,0.8708133697509766,0.3632734417915344,0.005401080008596182
YOR127W,YKL185W,1,18.792011,0.8711217045783997,0.36427146196365356,0.005401080008596182
YER109C,YNL079C,1,18.76783,0.8714285492897034,0.3652694523334503,0.005401080008596182
YER149C,YOR315W,1,18.75006,0.8717339634895325,0.36626747250556946,0.005401080008596182
YGL051W,YJL001W,0,18.675198,0.8696682453155518,0.36626747250556946,0.005501100327819586
YLR313C,YHR011W,1,18.625292,0.8699763417243958,0.3672654628753662,0.005501100327819586
YMR020W,YMR145C,0,18.61131,0.8679245114326477,0.3672654628753662,0.005601120181381702
YIL037C,YJR048W,0,18.60398,0.8658823370933533,0.3672654628753662,0.005701140034943819
YCR098C,YKL004W,0,18.560162,0.8638497591018677,0.3672654628753662,0.005801160354167223
YML027W,YOR273C,0,18.517277,0.8618267178535461,0.3672654628753662,0.00590118020772934
YER177W,YAL041W,1,18.49906,0.8621495366096497,0.36826348304748535,0.00590118020772934
YNR048W,YDR050C,0,18.496273,0.8601398468017578,0.36826348304748535,0.006001200061291456
YOR032C,YER118C,1,18.493183,0.8604651093482971,0.3692614734172821,0.006001200061291456
YER118C,YDR043C,1,18.492847,0.860788881778717,0.37025949358940125,0.006001200061291456
YHR006W,YGL147C,0,18.48299,0.8587962985038757,0.37025949358940125,0.00610122038051486
YDR379W,YIL131C,1,18.441986,0.8591223955154419,0.371257483959198,0.00610122038051486
YMR238W,YNL138W,1,18.433323,0.8594470024108887,0.37225547432899475,0.00610122038051486
YMR016C,YCR038C,1,18.419462,0.8597701191902161,0.3732534945011139,0.00610122038051486
YNR001C,YHR046C,0,18.410185,0.857798159122467,0.3732534945011139,0.006201240234076977
YJL198W,YNL293W,0,18.405277,0.8558352589607239,0.3732534945011139,0.006301260087639093
YLR313C,YER149C,1,18.398132,0.8561643958091736,0.37425148487091064,0.006301260087639093
YDR392W,YNL138W,1,18.395966,0.8564920425415039,0.3752495050430298,0.006301260087639093
YDR477W,YJR153W,1,18.394463,0.8568181991577148,0.37624749541282654,0.006301260087639093
YPL101W,YIL136W,0,18.38038,0.8548752665519714,0.37624749541282654,0.006401280406862497
YMR316W,YDL035C,1,18.354067,0.8552036285400391,0.3772455155849457,0.006401280406862497
YHR143W,YKL185W,1,18.348925,0.8555305004119873,0.37824350595474243,0.006401280406862497
YJR153W,YER118C,1,18.325706,0.8558558821678162,0.3792415261268616,0.006401280406862497
YNR057C,YOL020W,0,18.313486,0.8539325594902039,0.3792415261268616,0.006501300260424614
YMR284W,YIL052C,0,18.308693,0.8520179390907288,0.3792415261268616,0.006601320113986731
YNL271C,YDR107C,1,18.28243,0.8523489832878113,0.3802395164966583,0.006601320113986731
YLR083C,YOR127W,1,18.270592,0.8526785969734192,0.38123753666877747,0.006601320113986731
YMR038C,YMR081C,0,18.270279,0.8507795333862305,0.38123753666877747,0.0067013404332101345
YAL056W,YNL098C,1,18.245083,0.851111114025116,0.3822355270385742,0.0067013404332101345
YER149C,YJR147W,1,18.225964,0.8514412641525269,0.38323354721069336,0.0067013404332101345
YDR251W,YKL048C,1,18.224049,0.8517699241638184,0.3842315375804901,0.0067013404332101345
YNR007C,YLR167W,0,18.190685,0.8498896360397339,0.3842315375804901,0.006801360286772251
YNL079C,YMR238W,1,18.089382,0.850220263004303,0.38522952795028687,0.006801360286772251
YGR258C,YJR075W,0,18.055092,0.8483516573905945,0.38522952795028687,0.006901380140334368
YCR072C,YNL297C,0,18.050728,0.8464912176132202,0.38522952795028687,0.007001400459557772
YKL043W,YOR315W,1,18.040089,0.8468271493911743,0.386227548122406,0.007001400459557772
YER177W,YNL142W,1,18.036556,0.847161591053009,0.38722553849220276,0.007001400459557772
YKL185W,YDR107C,1,18.03586,0.8474945425987244,0.3882235586643219,0.007001400459557772
YLR083C,YNL068C,1,18.031841,0.8478260636329651,0.38922154903411865,0.007001400459557772
YDR043C,YNL068C,1,18.007198,0.8481561541557312,0.3902195692062378,0.007001400459557772
YKL149C,YCR038C,1,17.995697,0.8484848737716675,0.39121755957603455,0.007001400459557772
YNL142W,YKL149C,1,17.982729,0.8488121032714844,0.3922155797481537,0.007001400459557772
YNL079C,YNL138W,1,17.980078,0.8491379022598267,0.39321357011795044,0.007001400459557772
YKL048C,YDR107C,1,17.976425,0.8494623899459839,0.3942115902900696,0.007001400459557772
YOR127W,YOR315W,1,17.968616,0.8497853875160217,0.39520958065986633,0.007001400459557772
YPL021W,YJR153W,1,17.96294,0.8501070737838745,0.3962075710296631,0.007001400459557772
YAL056W,YNL001W,1,17.961061,0.8504273295402527,0.3972055912017822,0.007001400459557772
YDR251W,YER020W,1,17.958435,0.8507462739944458,0.398203581571579,0.007001400459557772
YGR189C,YHR099W,0,17.949318,0.848936140537262,0.398203581571579,0.007101420313119888
YMR016C,YLL021W,1,17.940184,0.8492568731307983,0.3992016017436981,0.007101420313119888
YOR026W,YDL137W,0,17.936712,0.8474576473236084,0.3992016017436981,0.007201440166682005
YJR153W,YDR107C,1,17.929993,0.8477801084518433,0.4001995921134949,0.007201440166682005
YGL190C,YDR107C,1,17.922005,0.8481012582778931,0.401197612285614,0.007201440166682005
YOR127W,YKL149C,1,17.90585,0.848421037197113,0.40219560265541077,0.007201440166682005
YDL076C,YGR260W,0,17.851717,0.8466386795043945,0.40219560265541077,0.007301460485905409
YHR058C,YDL055C,0,17.84863,0.8448637127876282,0.40219560265541077,0.0074014803394675255
YKL043W,YNL068C,1,17.844898,0.8451882600784302,0.4031936228275299,0.0074014803394675255
YNL271C,YIR019C,1,17.83284,0.8455114960670471,0.40419161319732666,0.0074014803394675255
YOR032C,YIL131C,1,17.831167,0.8458333611488342,0.4051896333694458,0.0074014803394675255
YMR287C,YMR301C,0,17.817291,0.8440748453140259,0.4051896333694458,0.007501500193029642
YPL021W,YOR032C,1,17.79459,0.8443983197212219,0.40618762373924255,0.007501500193029642
YAL056W,YDL024C,1,17.778788,0.8447204828262329,0.4071856141090393,0.007501500193029642
YPL021W,YDL035C,1,17.775166,0.8450413346290588,0.40818363428115845,0.007501500193029642
YNL142W,YHR084W,1,17.741951,0.8453608155250549,0.4091816246509552,0.007501500193029642
YNL081C,YLR099C,0,17.703966,0.8436213731765747,0.4091816246509552,0.007601520512253046
YLL034C,YOL117W,0,17.702728,0.8418891429901123,0.4091816246509552,0.007701540365815163
YBR066C,YFR032C-A,0,17.65628,0.8401639461517334,0.4091816246509552,0.007801560219377279
YNL271C,YLL021W,1,17.638666,0.8404908180236816,0.41017964482307434,0.007801560219377279
YDR379W,YMR238W,1,17.636372,0.8408163189888,0.4111776351928711,0.007801560219377279
YPR057W,YDR379W,0,17.578402,0.8391038775444031,0.4111776351928711,0.007901580072939396
YNL119W,YNL068C,1,17.561255,0.8394308686256409,0.41217565536499023,0.007901580072939396
YOR032C,YKL043W,1,17.559877,0.8397566080093384,0.413173645734787,0.007901580072939396
YDR251W,YKL185W,1,17.548883,0.840080976486206,0.41417166590690613,0.007901580072939396
YMR316W,YAL041W,1,17.542484,0.8404040336608887,0.4151696562767029,0.007901580072939396
YGL171W,YBR162C,0,17.528313,0.8387096524238586,0.4151696562767029,0.0080016003921628
YOR032C,YAL056W,1,17.52715,0.8390341997146606,0.416167676448822,0.0080016003921628
YDL035C,YMR238W,1,17.501717,0.8393574357032776,0.4171656668186188,0.0080016003921628
YDR379W,YNL068C,1,17.489513,0.8396793603897095,0.4181636869907379,0.0080016003921628
YER131W,YHR030C,0,17.443958,0.8379999995231628,0.4181636869907379,0.008101620711386204
YGL190C,YLR353W,1,17.439636,0.8383233547210693,0.41916167736053467,0.008101620711386204
YLR313C,YCR038C,1,17.437637,0.8386453986167908,0.4201596677303314,0.008101620711386204
YHR010W,YOR009W,0,17.428984,0.8369781374931335,0.4201596677303314,0.008201640099287033
YJR153W,YDR379W,1,17.407177,0.8373016119003296,0.42115768790245056,0.008201640099287033
YJR153W,YLR313C,1,17.393095,0.8376237750053406,0.4221556782722473,0.008201640099287033
YKL149C,YKL043W,1,17.389143,0.8379446864128113,0.42315369844436646,0.008201640099287033
YHR073W,YNL098C,1,17.316248,0.8382642865180969,0.4241516888141632,0.008201640099287033
YNL098C,YNL138W,1,17.290083,0.8385826945304871,0.42514970898628235,0.008201640099287033
YDR178W,YGR113W,0,17.284277,0.8369351625442505,0.42514970898628235,0.008301660418510437
YKL149C,YOR315W,1,17.257023,0.8372548818588257,0.4261476993560791,0.008301660418510437
YOR127W,YNL298W,1,17.254923,0.8375734090805054,0.42714571952819824,0.008301660418510437
YOR127W,YDR392W,1,17.253166,0.837890625,0.428143709897995,0.008301660418510437
YNL001W,YER113C,1,17.240467,0.8382066488265991,0.42914173007011414,0.008301660418510437
YER109C,YNL068C,1,17.228405,0.838521420955658,0.4301397204399109,0.008301660418510437
YOR127W,YLL021W,1,17.225475,0.8388349413871765,0.43113771080970764,0.008301660418510437
YIR012W,YIL119C,0,17.212433,0.8372092843055725,0.43113771080970764,0.008401680737733841
YDR379W,YDR107C,1,17.161804,0.8375241756439209,0.4321357309818268,0.008401680737733841
YMR016C,YAL041W,1,17.133099,0.837837815284729,0.43313372135162354,0.008401680737733841
YHR143W,YGL190C,1,17.12513,0.8381502628326416,0.4341317415237427,0.008401680737733841
YNL138W,YNL068C,1,17.054913,0.8384615182876587,0.43512973189353943,0.008401680737733841
YDL035C,YKL043W,1,17.030586,0.8387715816497803,0.43612775206565857,0.008401680737733841
YMR316W,YDL024C,1,16.963997,0.8390804529190063,0.4371257424354553,0.008401680737733841
YDR379W,YKL043W,1,16.949625,0.8393881320953369,0.43812376260757446,0.008401680737733841
YOR096W,YCL069W,0,16.927052,0.8377862572669983,0.43812376260757446,0.00850170012563467
YLR045C,YMR025W,0,16.91068,0.8361904621124268,0.43812376260757446,0.008601720444858074
YDL024C,YHR073W,1,16.888546,0.8365018963813782,0.4391217529773712,0.008601720444858074
YDR144C,YDR313C,0,16.868624,0.8349146246910095,0.4391217529773712,0.008701740764081478
YHR073W,YDR107C,1,16.825338,0.8352272510528564,0.44011977314949036,0.008701740764081478
YAL056W,YMR316W,1,16.800762,0.8355387449264526,0.4411177635192871,0.008701740764081478
YGL259W,YIL020C,0,16.791441,0.8339622616767883,0.4411177635192871,0.008801760151982307
YPL021W,YIL131C,1,16.782438,0.83427494764328,0.44211575388908386,0.008801760151982307
YDR392W,YDR251W,1,16.778938,0.8345864415168762,0.443113774061203,0.008801760151982307
YBR066C,YBR261C,0,16.75835,0.8330206274986267,0.443113774061203,0.008901780471205711
YNL302C,YDR323C,0,16.742666,0.8314606547355652,0.443113774061203,0.009001800790429115
YDR304C,YJL214W,0,16.726461,0.8299065232276917,0.443113774061203,0.009101820178329945
YKL024C,YLR004C,0,16.71428,0.8283582329750061,0.443113774061203,0.009201840497553349
YER115C,YLR382C,0,16.67657,0.826815664768219,0.443113774061203,0.009301860816776752
YAL041W,YJR153W,1,16.673786,0.8271375298500061,0.44411176443099976,0.009301860816776752
YKL149C,YLR353W,1,16.665932,0.8274582624435425,0.4451097846031189,0.009301860816776752
YLR362W,YBR066C,1,16.664469,0.8277778029441833,0.44610777497291565,0.009301860816776752
YDR165W,YIL136W,0,16.639257,0.8262476921081543,0.44610777497291565,0.009401880204677582
YGR288W,YLR206W,0,16.624409,0.8247232437133789,0.44610777497291565,0.009501900523900986
YOL147C,YLR045C,0,16.621916,0.8232043981552124,0.44610777497291565,0.00960192084312439
YPL115C,YKL048C,1,16.620943,0.8235294222831726,0.4471057951450348,0.00960192084312439
YHL011C,YLR289W,0,16.619305,0.8220183253288269,0.4471057951450348,0.009701940231025219
YJL153C,YDL145C,0,16.59076,0.8205128312110901,0.4471057951450348,0.009801960550248623
YJR153W,YCR038C,1,16.587564,0.8208409547805786,0.44810378551483154,0.009801960550248623
YBR034C,YGL251C,0,16.58318,0.819343090057373,0.44810378551483154,0.009901979938149452
YOR313C,YEL001C,0,16.58089,0.817850649356842,0.44810378551483154,0.010002000257372856
YLR083C,YPR057W,0,16.580261,0.8163636326789856,0.44810378551483154,0.01010202057659626
YDR392W,YNL098C,1,16.570343,0.8166969418525696,0.4491018056869507,0.01010202057659626
YGL229C,YHR149C,0,16.427277,0.8152173757553101,0.4491018056869507,0.01020203996449709
YDR247W,YKL078W,0,16.42663,0.8137432336807251,0.4491018056869507,0.010302060283720493
YKL149C,YDR379W,1,16.420864,0.8140794038772583,0.45009979605674744,0.010302060283720493
YER145C,YBL052C,0,16.419586,0.8126125931739807,0.45009979605674744,0.010402080602943897
YNL103W,YOL064C,0,16.412066,0.8111510872840881,0.45009979605674744,0.010502099990844727
YDL035C,YDL024C,1,16.398727,0.8114901185035706,0.4510978162288666,0.010502099990844727
YBR001C,YOR271C,0,16.388634,0.8100358247756958,0.4510978162288666,0.01060212031006813
YOR127W,YLR353W,1,16.375889,0.8103756904602051,0.45209580659866333,0.01060212031006813
YOR227W,YMR238W,0,16.370224,0.8089285492897034,0.45209580659866333,0.010702140629291534
YAL060W,YDR075W,0,16.367163,0.8074866533279419,0.45209580659866333,0.010802160017192364
YNL119W,YDR334W,0,16.351875,0.8060498237609863,0.45209580659866333,0.010902180336415768
YHR111W,YPL115C,1,16.351303,0.8063943386077881,0.45309382677078247,0.010902180336415768
YLR353W,YNL298W,1,16.334457,0.8067376017570496,0.4540918171405792,0.010902180336415768
YNR060W,YKR077W,0,16.305931,0.8053097128868103,0.4540918171405792,0.011002200655639172
YOR315W,YKL185W,1,16.300476,0.8056536912918091,0.455089807510376,0.011002200655639172
YOR127W,YMR238W,1,16.299927,0.8059964776039124,0.4560878276824951,0.011002200655639172
YBR202W,YDR297W,0,16.295652,0.8045774698257446,0.4560878276824951,0.011102220043540001
YCR038C,YKL048C,1,16.291924,0.8049209117889404,0.45708581805229187,0.011102220043540001
YNL142W,YIL131C,1,16.291458,0.8052631616592407,0.458083838224411,0.011102220043540001
YBR031W,YHR030C,0,16.243298,0.803852915763855,0.458083838224411,0.011202240362763405
YLR229C,YDL024C,1,16.228943,0.8041958212852478,0.45908182859420776,0.011202240362763405
YOR212W,YBR240C,0,16.223137,0.8027923107147217,0.45908182859420776,0.011302260681986809
YDR392W,YMR316W,1,16.21327,0.803135871887207,0.4600798487663269,0.011302260681986809
YER177W,YDL035C,1,16.202766,0.8034782409667969,0.46107783913612366,0.011302260681986809
YOR014W,YDR087C,0,16.187948,0.8020833134651184,0.46107783913612366,0.011402280069887638
YMR195W,YNL182C,0,16.187885,0.8006932139396667,0.46107783913612366,0.011502300389111042
YKL009W,YML061C,0,16.178545,0.7993079423904419,0.46107783913612366,0.011602320708334446
YPR118W,YHL035C,0,16.159286,0.7979274392127991,0.46107783913612366,0.011702340096235275
YDR379W,YPL115C,1,16.153938,0.798275887966156,0.4620758593082428,0.011702340096235275
YER109C,YLL021W,1,16.15373,0.7986230850219727,0.46307384967803955,0.011702340096235275
YER127W,YDL024C,0,16.15152,0.7972508668899536,0.46307384967803955,0.01180236041545868
YJR147W,YDL138W,0,16.149607,0.7958833575248718,0.46307384967803955,0.011902380734682083
YBL072C,YOR393W,0,16.13667,0.7945205569267273,0.46307384967803955,0.012002400122582912
YCR093W,YKL149C,1,16.12775,0.7948718070983887,0.4640718698501587,0.012002400122582912
YGL190C,YER149C,1,16.125923,0.7952218651771545,0.46506986021995544,0.012002400122582912
YNL078W,YMR304W,0,16.112421,0.7938671112060547,0.46506986021995544,0.012102420441806316
YHR073W,YIL131C,1,16.107788,0.7942177057266235,0.4660678505897522,0.012102420441806316
YOR127W,YHR084W,1,16.104427,0.7945670485496521,0.46706587076187134,0.012102420441806316
YPL115C,YHR011W,1,16.101501,0.7949152588844299,0.4680638611316681,0.012102420441806316
YLR010C,YDR176W,0,16.072582,0.7935702204704285,0.4680638611316681,0.01220244076102972
YPL021W,YLR313C,1,16.06506,0.7939189076423645,0.46906188130378723,0.01220244076102972
YJR153W,YER149C,1,16.03821,0.7942664623260498,0.470059871673584,0.01220244076102972
YMR290C,YMR297W,0,16.026726,0.7929292917251587,0.470059871673584,0.01230246014893055
YBL072C,YNL210W,0,16.0185,0.7915966510772705,0.470059871673584,0.012402480468153954
YJR132W,YER150W,0,16.01192,0.7902684807777405,0.470059871673584,0.012502500787377357
YML074C,YLR395C,0,16.009869,0.7889447212219238,0.470059871673584,0.012602520175278187
YMR146C,YOL009C,0,15.99724,0.7876254320144653,0.470059871673584,0.01270254049450159
YDR251W,YPL115C,1,15.973252,0.7879799604415894,0.4710578918457031,0.01270254049450159
YPL004C,YER049W,0,15.958265,0.7866666913032532,0.4710578918457031,0.012802560813724995
YDR345C,YMR177W,0,15.957139,0.7853577136993408,0.4710578918457031,0.012902580201625824
YNR016C,YOR254C,0,15.955759,0.7840531468391418,0.4710578918457031,0.013002600520849228
YBR107C,YJL196C,0,15.908946,0.7827529311180115,0.4710578918457031,0.013102620840072632
YMR316W,YPL115C,1,15.8959,0.7831125855445862,0.4720558822154999,0.013102620840072632
YER118C,YHR011W,1,15.880209,0.7834710478782654,0.473053902387619,0.013102620840072632
YBR083W,YDL024C,1,15.853007,0.7838283777236938,0.47405189275741577,0.013102620840072632
YML043C,YPL116W,0,15.850913,0.782537043094635,0.47405189275741577,0.013202640227973461
YLR068W,YNL012W,0,15.84443,0.78125,0.47405189275741577,0.013302660547196865
YML021C,YJR119C,0,15.838959,0.779967188835144,0.47405189275741577,0.013402680866420269
YDR456W,YOL147C,0,15.826458,0.7786885499954224,0.47405189275741577,0.013502700254321098
YCR038C,YDL035C,1,15.813978,0.7790507078170776,0.4750499129295349,0.013502700254321098
YLR192C,YDR410C,0,15.796744,0.7777777910232544,0.4750499129295349,0.013602720573544502
YJR143C,YOR273C,0,15.758938,0.7765089869499207,0.4750499129295349,0.013702740892767906
YBR080C,YMR242C,0,15.751741,0.7752442955970764,0.4750499129295349,0.013802760280668736
YNL012W,YNL301C,0,15.747025,0.7739837169647217,0.4750499129295349,0.01390278059989214
YPL115C,YLL021W,1,15.724726,0.774350643157959,0.47604790329933167,0.01390278059989214
YNL142W,YAL041W,1,15.717159,0.7747163772583008,0.4770458936691284,0.01390278059989214
YPL021W,YCR038C,1,15.705309,0.7750809192657471,0.47804391384124756,0.01390278059989214
YER109C,YDR107C,1,15.6825905,0.7754442691802979,0.4790419042110443,0.01390278059989214
YDR392W,YDL035C,1,15.654512,0.7758064270019531,0.48003992438316345,0.01390278059989214
YNL073W,YDR257C,0,15.652105,0.7745571732521057,0.48003992438316345,0.014002800919115543
YKL149C,YNL068C,1,15.63812,0.7749196290969849,0.4810379147529602,0.014002800919115543
YMR316W,YHR073W,1,15.624675,0.7752808928489685,0.48203593492507935,0.014002800919115543
YMR211W,YMR136W,0,15.612453,0.7740384340286255,0.48203593492507935,0.014102820307016373
YOR002W,YMR006C,0,15.566846,0.7728000283241272,0.48203593492507935,0.014202840626239777
YDL035C,YHR011W,1,15.560232,0.7731629610061646,0.4830339252948761,0.014202840626239777
YNL325C,YLR134W,0,15.5473795,0.7719298005104065,0.4830339252948761,0.01430286094546318
YMR308C,YIR032C,0,15.546304,0.7707006335258484,0.4830339252948761,0.01440288033336401
YDL189W,YMR055C,0,15.544062,0.7694753408432007,0.4830339252948761,0.014502900652587414
YEL065W,YLL006W,0,15.543137,0.7682539820671082,0.4830339252948761,0.014602920971810818
YIL123W,YNR060W,0,15.540448,0.7670364379882812,0.4830339252948761,0.014702940359711647
YBR146W,YDL101C,0,15.521894,0.7658227682113647,0.4830339252948761,0.014802960678935051
YDL035C,YIR019C,1,15.496134,0.7661927342414856,0.48403194546699524,0.014802960678935051
YAL041W,YKL185W,1,15.475788,0.7665615081787109,0.485029935836792,0.014802960678935051
YNL271C,YNL068C,1,15.43941,0.7669291496276855,0.48602795600891113,0.014802960678935051
YOR127W,YCR038C,1,15.428093,0.7672955989837646,0.4870259463787079,0.014802960678935051
YOR030W,YHR011W,1,15.425928,0.767660915851593,0.488023966550827,0.014802960678935051
YPL058C,YBR131W,0,15.412819,0.7664576768875122,0.488023966550827,0.014902980998158455
YBR060C,YDL110C,0,15.390588,0.7652581930160522,0.488023966550827,0.015003000386059284
YER007C-A,YKL048C,0,15.357023,0.7640625238418579,0.488023966550827,0.015103020705282688
YGR046W,YNL175C,0,15.301666,0.7628704905509949,0.488023966550827,0.015203041024506092
YLR175W,YAL041W,0,15.275372,0.7616822719573975,0.488023966550827,0.015303060412406921
YNL271C,YNL079C,1,15.255443,0.7620528936386108,0.4890219569206238,0.015303060412406921
YDR379W,YLL021W,1,15.235377,0.7624223828315735,0.49001994729042053,0.015303060412406921
YPL058C,YCR072C,0,15.232548,0.7612403035163879,0.49001994729042053,0.015403080731630325
YHR143W,YGL003C,0,15.212215,0.7600619196891785,0.49001994729042053,0.01550310105085373
YHR111W,YNL298W,1,15.211438,0.760432779788971,0.4910179674625397,0.01550310105085373
YAL041W,YIL131C,1,15.205623,0.7608024477958679,0.4920159578323364,0.01550310105085373
YOR380W,YOR002W,0,15.201584,0.7596302032470703,0.4920159578323364,0.015603120438754559
YKL149C,YDR107C,1,15.1996975,0.7599999904632568,0.49301397800445557,0.015603120438754559
YKL132C,YJL073W,0,15.108131,0.758832573890686,0.49301397800445557,0.015703139826655388
YKR057W,YER104W,0,15.10144,0.7576687335968018,0.49301397800445557,0.015803160145878792
YMR169C,YDR224C,0,15.101235,0.7565084099769592,0.49301397800445557,0.015903180465102196
YPR007C,YGR082W,0,15.097469,0.7553516626358032,0.49301397800445557,0.0160032007843256
YAL056W,YAL041W,1,15.079869,0.7557252049446106,0.4940119683742523,0.0160032007843256
YLR409C,YMR241W,0,15.065262,0.7545731663703918,0.4940119683742523,0.016103221103549004
YLR403W,YOR310C,0,15.049617,0.7534246444702148,0.4940119683742523,0.016203241422772408
YNL271C,YLR353W,1,15.022201,0.7537993788719177,0.49500998854637146,0.016203241422772408
YDR432W,YBR066C,1,15.007096,0.7541729807853699,0.4960079789161682,0.016203241422772408
YNL119W,YGR238C,0,15.006491,0.7530303001403809,0.4960079789161682,0.016303259879350662
YNR044W,YGR118W,0,14.990287,0.7518910765647888,0.4960079789161682,0.016403280198574066
YDR251W,YMR238W,1,14.988707,0.7522658705711365,0.49700599908828735,0.016403280198574066
YOR032C,YJR153W,1,14.971274,0.7526395320892334,0.4980039894580841,0.016403280198574066
YHR184W,YHR011W,0,14.968954,0.7515060305595398,0.4980039894580841,0.01650330051779747
YNL271C,YKL043W,1,14.965188,0.7518796920776367,0.49900200963020325,0.01650330051779747
YBR059C,YER082C,0,14.942492,0.7507507801055908,0.49900200963020325,0.016603320837020874
YOR192C,YPR132W,0,14.933538,0.7496252059936523,0.49900200963020325,0.016703341156244278
YDR392W,YOR032C,1,14.922207,0.75,0.5,0.016703341156244278
YCR065W,YHR158C,0,14.911767,0.7488788962364197,0.5,0.016803361475467682
YKL149C,YDL024C,1,14.910231,0.7492537498474121,0.5009980201721191,0.016803361475467682
YDR256C,YER014W,0,14.875299,0.7481371164321899,0.5009980201721191,0.016903379932045937
YJL136C,YGL035C,0,14.853047,0.7470238208770752,0.5009980201721191,0.01700340025126934
YGR288W,YNL079C,0,14.845301,0.7459138035774231,0.5009980201721191,0.017103420570492744
YER109C,YGL190C,1,14.824884,0.7462908029556274,0.5019959807395935,0.017103420570492744
YCR065W,YLR025W,0,14.820674,0.7451851963996887,0.5019959807395935,0.01720344088971615
YAL038W,YLR023C,0,14.804354,0.7440828680992126,0.5019959807395935,0.017303461208939552
YMR316W,YDL061C,0,14.796494,0.7429837584495544,0.5019959807395935,0.017403481528162956
YPL115C,YNL298W,1,14.774995,0.7433628439903259,0.5029940009117126,0.017403481528162956
YNL298W,YPL115C,1,14.774995,0.7437407970428467,0.5039920210838318,0.017403481528162956
YJR153W,YMR041C,0,14.769663,0.7426470518112183,0.5039920210838318,0.01750349998474121
YDL120W,YDL080C,0,14.764027,0.7415565252304077,0.5039920210838318,0.017603520303964615
YLL011W,YLR371W,0,14.758158,0.740469217300415,0.5039920210838318,0.01770354062318802
YKL043W,YBR175W,0,14.749227,0.7393850684165955,0.5039920210838318,0.017803560942411423
YFR019W,YDR107C,0,14.728308,0.738304078578949,0.5039920210838318,0.017903581261634827
YIL112W,YLR213C,0,14.724769,0.7372262477874756,0.5039920210838318,0.01800360158085823
YDR432W,YER149C,1,14.714095,0.737609326839447,0.5049900412559509,0.01800360158085823
YKL198C,YLR313C,0,14.679926,0.7365356683731079,0.5049900412559509,0.018103620037436485
YBR045C,YHR197W,0,14.677242,0.7354651093482971,0.5049900412559509,0.01820364035665989
YLR330W,YDR086C,0,14.664309,0.7343976497650146,0.5049900412559509,0.018303660675883293
YOL012C,YDR523C,0,14.660053,0.7333333492279053,0.5049900412559509,0.018403680995106697
YCR093W,YNL271C,1,14.65343,0.7337192296981812,0.5059880018234253,0.018403680995106697
YER109C,YKL149C,1,14.652008,0.7341040372848511,0.5069860219955444,0.018403680995106697
YDL018C,YOR054C,0,14.604436,0.7330447435379028,0.5069860219955444,0.0185037013143301
YLR362W,YIR019C,1,14.59878,0.7334293723106384,0.5079840421676636,0.0185037013143301
YDR392W,YNL079C,1,14.590123,0.7338129281997681,0.5089820623397827,0.0185037013143301
YJR153W,YKL048C,1,14.571235,0.7341954112052917,0.5099800229072571,0.0185037013143301
YDL035C,YNL138W,1,14.565205,0.7345767617225647,0.5109780430793762,0.0185037013143301
YCR093W,YHL007C,1,14.554736,0.7349570393562317,0.5119760632514954,0.0185037013143301
YLR099C,YDL202W,0,14.547271,0.733905553817749,0.5119760632514954,0.018603721633553505
YDR379W,YNR003C,0,14.546322,0.7328571677207947,0.5119760632514954,0.01870374009013176
YDL120W,YJL214W,0,14.54629,0.7318117022514343,0.5119760632514954,0.018803760409355164
YKL144C,YBR240C,0,14.544878,0.7307692170143127,0.5119760632514954,0.018903780728578568
YDL110C,YDR086C,0,14.532771,0.7297297120094299,0.5119760632514954,0.01900380104780197
YNL197C,YLR313C,1,14.515306,0.7301136255264282,0.5129740238189697,0.01900380104780197
YER149C,YKL048C,1,14.486109,0.7304964661598206,0.5139720439910889,0.01900380104780197
YJR073C,YHR088W,0,14.479149,0.7294617295265198,0.5139720439910889,0.019103821367025375
YDL154W,YAR018C,0,14.449937,0.7284299731254578,0.5139720439910889,0.01920384168624878
YOR127W,YAL041W,1,14.445404,0.7288135886192322,0.514970064163208,0.01920384168624878
YCR093W,YLL021W,1,14.436935,0.7291960716247559,0.5159680843353271,0.01920384168624878
YER091C,YPL156C,0,14.429737,0.7281690239906311,0.5159680843353271,0.019303860142827034
YLL021W,YNL079C,1,14.428697,0.7285513281822205,0.5169660449028015,0.019303860142827034
YER109C,YNL298W,1,14.419794,0.7289325594902039,0.5179640650749207,0.019303860142827034
YGR177C,YKL124W,0,14.417896,0.7279102206230164,0.5179640650749207,0.019403880462050438
YAL028W,YML097C,0,14.414738,0.7268907427787781,0.5179640650749207,0.019503900781273842
YPL105C,YDR435C,0,14.405413,0.725874125957489,0.5179640650749207,0.019603921100497246
YLR059C,YJR097W,0,14.404087,0.7248603105545044,0.5179640650749207,0.01970394141972065
YHR143W,YPL148C,0,14.403281,0.723849356174469,0.5179640650749207,0.019803959876298904
YHL007C,YPL115C,1,14.374713,0.7242339849472046,0.5189620852470398,0.019803959876298904
YER038C,YBL039C,0,14.368969,0.7232267260551453,0.5189620852470398,0.01990398019552231
YDR432W,YIL131C,1,14.355083,0.7236111164093018,0.5199601054191589,0.01990398019552231
YBR092C,YJR160C,0,14.289843,0.7226074934005737,0.5199601054191589,0.020004000514745712
YDL015C,YOR381W,0,14.276159,0.7216066718101501,0.5199601054191589,0.020104020833969116
YOR067C,YER151C,0,14.260438,0.7206085920333862,0.5199601054191589,0.02020404115319252
YOR127W,YNL287W,0,14.259852,0.719613254070282,0.5199601054191589,0.020304061472415924
YDR392W,YKL048C,1,14.25605,0.7200000286102295,0.5209580659866333,0.020304061472415924
YDR379W,YNL098C,1,14.229865,0.7203856706619263,0.5219560861587524,0.020304061472415924
YCR093W,YDR379W,1,14.227713,0.7207702994346619,0.5229541063308716,0.020304061472415924
YNL123W,YLR327C,0,14.217653,0.7197802066802979,0.5229541063308716,0.02040407992899418
YER056C,YHR190W,0,14.209052,0.7187928557395935,0.5229541063308716,0.020504100248217583
YDL035C,YNL068C,1,14.199994,0.7191780805587769,0.523952066898346,0.020504100248217583
YER177W,YHL007C,1,14.165208,0.7195622324943542,0.5249500870704651,0.020504100248217583
YOR371C,YIR019C,1,14.150507,0.7199453711509705,0.5259481072425842,0.020504100248217583
YLR435W,YKR027W,0,14.146053,0.7189631462097168,0.5259481072425842,0.020604120567440987
YDR245W,YNL192W,0,14.139107,0.7179836630821228,0.5259481072425842,0.02070414088666439
YMR316W,YER118C,1,14.137503,0.718367338180542,0.5269461274147034,0.02070414088666439
YNL001W,YLR312C-B,1,14.106116,0.71875,0.5279440879821777,0.02070414088666439
YKL048C,YNL068C,1,14.097753,0.719131588935852,0.5289421081542969,0.02070414088666439
YHR111W,YHR011W,1,14.097023,0.7195122241973877,0.529940128326416,0.02070414088666439
YHR010W,YDL170W,0,14.092049,0.7185385823249817,0.529940128326416,0.020804161205887794
YER109C,YHR073W,1,14.081993,0.7189189195632935,0.5309381484985352,0.020804161205887794
YLR333C,YOL043C,0,14.081352,0.7179487347602844,0.5309381484985352,0.0209041815251112
YGR161C,YGR063C,0,14.057175,0.7169811129570007,0.5309381484985352,0.021004199981689453
YDL035C,YER118C,1,14.021382,0.7173620462417603,0.5319361090660095,0.021004199981689453
YOR371C,YHR011W,1,14.006075,0.7177419066429138,0.5329341292381287,0.021004199981689453
YJR153W,YNL197C,1,13.999954,0.718120813369751,0.5339321494102478,0.021004199981689453
YER015W,YLR347C,0,13.999547,0.7171581983566284,0.5339321494102478,0.021104220300912857
YDR261C,YGL136C,0,13.994837,0.7161981463432312,0.5339321494102478,0.02120424062013626
YDR392W,YIL131C,1,13.992718,0.7165775299072266,0.5349301099777222,0.02120424062013626
YKL048C,YLL021W,1,13.989449,0.7169559597969055,0.5359281301498413,0.02120424062013626
YDR074W,YBR043C,0,13.985167,0.7160000205039978,0.5359281301498413,0.021304260939359665
YOL023W,YJL008C,0,13.979374,0.7150465846061707,0.5359281301498413,0.02140428125858307
YMR026C,YGL237C,0,13.978846,0.7140957713127136,0.5359281301498413,0.021504301577806473
YJL156C,YML011C,0,13.970709,0.7131474018096924,0.5359281301498413,0.021604320034384727
YLL031C,YJL130C,0,13.961703,0.7122015953063965,0.5359281301498413,0.02170434035360813
YER177W,YNL138W,1,13.943457,0.7125827670097351,0.5369261503219604,0.02170434035360813
YOR371C,YJR147W,1,13.935068,0.7129629850387573,0.5379241704940796,0.02170434035360813
YGR212W,YHL047C,0,13.897786,0.7120211124420166,0.5379241704940796,0.021804360672831535
YLR004C,YDR146C,0,13.889755,0.7110818028450012,0.5379241704940796,0.02190438099205494
YHR084W,YIR019C,1,13.874974,0.7114624381065369,0.538922131061554,0.02190438099205494
YAL003W,YKL103C,0,13.868341,0.7105262875556946,0.538922131061554,0.022004401311278343
YHR143W,YHL007C,1,13.834307,0.7109066843986511,0.5399201512336731,0.022004401311278343
YOR030W,YIR019C,1,13.811113,0.7112860679626465,0.5409181714057922,0.022004401311278343
YIR009W,YDR353W,0,13.793554,0.7103538513183594,0.5409181714057922,0.022104421630501747
YMR322C,YOR310C,0,13.780233,0.7094240784645081,0.5409181714057922,0.022204440087080002
YPR001W,YOR207C,0,13.723183,0.7084967494010925,0.5409181714057922,0.022304460406303406
YLR276C,YER051W,0,13.710655,0.707571804523468,0.5409181714057922,0.02240448072552681
YBR257W,YDL215C,0,13.707176,0.7066493034362793,0.5409181714057922,0.022504501044750214
YDR002W,YDL024C,0,13.706848,0.7057291865348816,0.5409181714057922,0.022604521363973618
YLR313C,YNL079C,1,13.69846,0.7061118483543396,0.5419161915779114,0.022604521363973618
YBR037C,YLL002W,0,13.686725,0.7051948308944702,0.5419161915779114,0.02270454168319702
YNL001W,YBR083W,1,13.660297,0.7055771946907043,0.5429141521453857,0.02270454168319702
YHR073W,YHR011W,1,13.658424,0.7059585452079773,0.5439121723175049,0.02270454168319702
YOR063W,YMR276W,0,13.653497,0.7050452828407288,0.5439121723175049,0.022804560139775276
YMR238W,YIL131C,1,13.651208,0.7054263353347778,0.544910192489624,0.022804560139775276
YDR245W,YKL007W,0,13.651131,0.7045161128044128,0.544910192489624,0.02290458045899868
YBR185C,YOL010W,0,13.649321,0.7036082744598389,0.544910192489624,0.023004600778222084
YAL028W,YOL093W,0,13.642689,0.7027027010917664,0.544910192489624,0.023104621097445488
YMR032W,YER044C,0,13.639662,0.7017995119094849,0.544910192489624,0.023204641416668892
YNL218W,YLR289W,0,13.626935,0.7008985877037048,0.544910192489624,0.023304661735892296
YGL120C,YGL251C,0,13.62047,0.699999988079071,0.544910192489624,0.02340468019247055
YOR180C,YPL094C,0,13.587559,0.6991037130355835,0.544910192489624,0.023504700511693954
YBR020W,YNL138W,0,13.576389,0.6982097029685974,0.544910192489624,0.02360472083091736
YDR392W,YLL021W,1,13.573239,0.6985951662063599,0.5459082126617432,0.02360472083091736
YDR251W,YHR073W,1,13.551174,0.6989796161651611,0.5469061732292175,0.02360472083091736
YKL017C,YIR019C,0,13.538815,0.6980891823768616,0.5469061732292175,0.023704741150140762
YDR392W,YDR379W,1,13.529282,0.6984732747077942,0.5479041934013367,0.023704741150140762
YOL019W,YNR020C,0,13.51804,0.6975857615470886,0.5479041934013367,0.023804761469364166
YCR091W,YDR299W,0,13.4998865,0.6967005133628845,0.5479041934013367,0.02390478178858757
YDR091C,YIL160C,0,13.495649,0.6958174705505371,0.5479041934013367,0.024004800245165825
YHR084W,YNL138W,1,13.494121,0.6962025165557861,0.5489022135734558,0.024004800245165825
YLR229C,YJR147W,1,13.485508,0.6965866088867188,0.5499001741409302,0.024004800245165825
YDR261C,YDR465C,0,13.459486,0.6957070827484131,0.5499001741409302,0.02410482056438923
YDR055W,YHL011C,0,13.457155,0.6948297619819641,0.5499001741409302,0.024204840883612633
YOR127W,YHR073W,1,13.437376,0.6952140927314758,0.5508981943130493,0.024204840883612633
YAL041W,YDR107C,1,13.433693,0.6955974698066711,0.5518962144851685,0.024204840883612633
YJR158W,YGR106C,0,13.426936,0.6947236061096191,0.5518962144851685,0.024304861202836037
YHL028W,YKR059W,0,13.401411,0.6938519477844238,0.5518962144851685,0.02440488152205944
YNL102W,YFL011W,0,13.380109,0.6929824352264404,0.5518962144851685,0.024504901841282845
YER149C,YNL298W,1,13.349486,0.6933667063713074,0.5528942346572876,0.024504901841282845
YDR432W,YMR316W,1,13.348913,0.6937500238418579,0.553892195224762,0.024504901841282845
YER117W,YOR244W,0,13.330392,0.6928839087486267,0.553892195224762,0.0246049202978611
YER131W,YPL213W,0,13.319754,0.6920199394226074,0.553892195224762,0.024704940617084503
YBL056W,YMR225C,0,13.306128,0.6911581754684448,0.553892195224762,0.024804960936307907
YMR296C,YBR089C-A,0,13.279899,0.6902984976768494,0.553892195224762,0.02490498125553131
YKL166C,YAL051W,0,13.266081,0.6894409656524658,0.553892195224762,0.025005001574754715
YNL248C,YOR147W,0,13.262537,0.6885855793952942,0.553892195224762,0.02510502189397812
YER096W,YKL006W,0,13.246314,0.6877323389053345,0.553892195224762,0.025205040350556374
YDL035C,YHR073W,1,13.2409725,0.6881188154220581,0.5548902153968811,0.025205040350556374
YHR084W,YHR011W,1,13.237825,0.6885043382644653,0.5558882355690002,0.025205040350556374
YOR096W,YIR019C,0,13.219954,0.6876543164253235,0.5558882355690002,0.025305060669779778
YGL253W,YNL218W,0,13.216719,0.6868064403533936,0.5558882355690002,0.02540508098900318
YPL115C,YGL026C,0,13.190562,0.685960590839386,0.5558882355690002,0.025505101308226585
YLR287C-A,YNR008W,0,13.187448,0.6851168274879456,0.5558882355690002,0.02560512162744999
YNL142W,YHR031C,0,13.181598,0.684275209903717,0.5558882355690002,0.025705141946673393
YOR070C,YHR147C,0,13.162088,0.6834355592727661,0.5558882355690002,0.025805160403251648
YOR030W,YHR073W,1,13.157372,0.6838235259056091,0.5568862557411194,0.025805160403251648
YLR318W,YHR149C,0,13.156277,0.6829865574836731,0.5568862557411194,0.025905180722475052
YBR189W,YOL125W,0,13.144178,0.6821516156196594,0.5568862557411194,0.026005201041698456
YBL054W,YNL135C,0,13.143145,0.6813187003135681,0.5568862557411194,0.02610522136092186
YBL068W,YMR313C,0,13.1122265,0.6804878115653992,0.5568862557411194,0.026205241680145264
YDR197W,YNL001W,0,13.111868,0.6796589493751526,0.5568862557411194,0.02630526013672352
YHR175W,YPL116W,0,13.106138,0.6788321137428284,0.5568862557411194,0.026405280455946922
YFL047W,YPL033C,0,13.09762,0.6780073046684265,0.5568862557411194,0.026505300775170326
YHR158C,YNL335W,0,13.088318,0.6771844625473022,0.5568862557411194,0.02660532109439373
YHL015W,YER104W,0,13.0355835,0.6763636469841003,0.5568862557411194,0.026705341413617134
YGR225W,YOL020W,0,13.021056,0.675544798374176,0.5568862557411194,0.026805361732840538
YLR361C,YDR429C,0,13.01754,0.6747279167175293,0.5568862557411194,0.026905380189418793
YKL048C,YIL131C,1,13.015906,0.6751207709312439,0.5578842163085938,0.026905380189418793
YCR010C,YLL035W,0,12.999519,0.6743063926696777,0.5578842163085938,0.027005400508642197
YDL024C,YIL131C,1,12.993954,0.6746987700462341,0.5588822364807129,0.027005400508642197
YBR087W,YKL126W,0,12.989467,0.6738868951797485,0.5588822364807129,0.0271054208278656
YOL042W,YFL011W,0,12.984808,0.6730769276618958,0.5588822364807129,0.027205441147089005
YNL294C,YDR044W,0,12.974283,0.6722689270973206,0.5588822364807129,0.02730546146631241
YLR083C,YDR477W,1,12.958973,0.6726618409156799,0.559880256652832,0.02730546146631241
YJL073W,YDR168W,0,12.928059,0.6718562841415405,0.559880256652832,0.027405481785535812
YOR315W,YAL011W,0,12.919493,0.6710526347160339,0.559880256652832,0.027505500242114067
YPL115C,YHR073W,1,12.916337,0.6714456677436829,0.5608782172203064,0.027505500242114067
YGL183C,YER167W,0,12.89287,0.6706444025039673,0.5608782172203064,0.02760552056133747
YMR316W,YHL007C,1,12.872766,0.671036958694458,0.5618762373924255,0.02760552056133747
YOR243C,YOL154W,0,12.868798,0.6702380776405334,0.5618762373924255,0.027705540880560875
YMR012W,YMR303C,0,12.857066,0.6694411635398865,0.5618762373924255,0.02780556119978428
YOR127W,YER109C,1,12.8567915,0.6698337197303772,0.5628742575645447,0.02780556119978428
YNL096C,YLR118C,0,12.855839,0.6690391302108765,0.5628742575645447,0.027905581519007683
YHR184W,YBR283C,0,12.851788,0.6682464480400085,0.5628742575645447,0.028005601838231087
YNL172W,YGR061C,0,12.834273,0.6674556136131287,0.5628742575645447,0.02810562029480934
YIL022W,YMR275C,0,12.822805,0.6666666865348816,0.5628742575645447,0.028205640614032745
YHR161C,YNR038W,0,12.802927,0.6658795475959778,0.5628742575645447,0.02830566093325615
YLR409C,YER167W,0,12.799558,0.6650943160057068,0.5628742575645447,0.028405681252479553
YDR368W,YOR098C,0,12.797668,0.6643109321594238,0.5628742575645447,0.028505701571702957
YLR010C,YPR125W,0,12.772777,0.6635293960571289,0.5628742575645447,0.02860572189092636
YML059C,YHL004W,0,12.740128,0.662749707698822,0.5628742575645447,0.028705740347504616
YDR429C,YAL016W,0,12.727602,0.6619718074798584,0.5628742575645447,0.02880576066672802
YER017C,YNL135C,0,12.720938,0.6611957550048828,0.5628742575645447,0.028905780985951424
YML042W,YOR252W,0,12.704895,0.6604215502738953,0.5628742575645447,0.029005801305174828
YGR288W,YJR031C,0,12.704546,0.659649133682251,0.5628742575645447,0.02910582162439823
YDL035C,YNL098C,1,12.700371,0.6600467562675476,0.5638722777366638,0.02910582162439823
YPL061W,YLR382C,0,12.689166,0.65927654504776,0.5638722777366638,0.029205841943621635
YHR111W,YMR123W,0,12.654025,0.6585081815719604,0.5638722777366638,0.02930586040019989
YPL021W,YDR392W,1,12.634133,0.6589056849479675,0.5648702383041382,0.02930586040019989
YHR073W,YNL079C,1,12.630362,0.6593023538589478,0.5658682584762573,0.02930586040019989
YDL055C,YLR008C,0,12.6277075,0.6585366129875183,0.5658682584762573,0.029405880719423294
YML051W,YPL252C,0,12.61833,0.6577726006507874,0.5658682584762573,0.029505901038646698
YOR078W,YOR032C,0,12.605727,0.6570104360580444,0.5658682584762573,0.029605921357870102
YBL091C,YJL166W,0,12.600437,0.65625,0.5658682584762573,0.029705941677093506
YIL072W,YNL182C,0,12.596233,0.6554913520812988,0.5658682584762573,0.02980596199631691
YAL038W,YJL200C,0,12.596135,0.6547344326972961,0.5658682584762573,0.029905980452895164
YEL024W,YGR204W,0,12.574653,0.6539792418479919,0.5658682584762573,0.03000600077211857
YDR145W,YEL041W,0,12.557056,0.6532257795333862,0.5658682584762573,0.030106021091341972
YDR251W,YNL138W,1,12.519118,0.6536248326301575,0.5668662786483765,0.030106021091341972
YOR032C,YHL007C,1,12.514709,0.6540229916572571,0.5678642988204956,0.030106021091341972
YDR477W,YNL119W,1,12.51464,0.6544201970100403,0.56886225938797,0.030106021091341972
YDL022W,YPR128C,0,12.494203,0.6536697149276733,0.56886225938797,0.030206041410565376
YDR501W,YEL058W,0,12.4897375,0.6529209613800049,0.56886225938797,0.03030606172978878
YNL298W,YNL068C,1,12.485905,0.6533181071281433,0.5698602795600891,0.03030606172978878
YHR106W,YOL104C,0,12.48322,0.652571439743042,0.5698602795600891,0.030406082049012184
YOL124C,YGR124W,0,12.483201,0.6518265008926392,0.5698602795600891,0.03050610050559044
YOR145C,YGR070W,0,12.477932,0.65108323097229,0.5698602795600891,0.030606120824813843
YGL190C,YDL035C,1,12.476671,0.6514806151390076,0.5708582997322083,0.030606120824813843
YER113C,YGL198W,0,12.470149,0.6507394909858704,0.5708582997322083,0.030706141144037247
YDL216C,YHL011C,0,12.407393,0.6499999761581421,0.5708582997322083,0.03080616146326065
YGL107C,YCR094W,0,12.392187,0.6492621898651123,0.5708582997322083,0.030906181782484055
YJL106W,YOR206W,0,12.390075,0.6485260725021362,0.5708582997322083,0.03100620210170746
YHL007C,YLR313C,1,12.388815,0.6489241123199463,0.5718562602996826,0.03100620210170746
YBR189W,YDR533C,0,12.376898,0.6481900215148926,0.5718562602996826,0.031106220558285713
YLR106C,YHR142W,0,12.371492,0.6474575996398926,0.5718562602996826,0.031206240877509117
YKL210W,YOL122C,0,12.3644905,0.6467268466949463,0.5718562602996826,0.03130626305937767
YLR183C,YMR020W,0,12.358082,0.6459977626800537,0.5718562602996826,0.031406279653310776
YDR002W,YDR390C,0,12.351041,0.6452702879905701,0.5718562602996826,0.03150629997253418
YER091C,YDR195W,0,12.350176,0.6445444226264954,0.5718562602996826,0.031606320291757584
YOR341W,YMR094W,0,12.348802,0.6438202261924744,0.5718562602996826,0.03170634061098099
YJR153W,YDL075W,0,12.34455,0.6430976390838623,0.5718562602996826,0.03180636093020439
YNL259C,YDL021W,0,12.34374,0.6423766613006592,0.5718562602996826,0.031906381249427795
YDR373W,YDR144C,0,12.338415,0.6416573524475098,0.5718562602996826,0.0320064015686512
YFL014W,YML074C,0,12.334142,0.6409395933151245,0.5718562602996826,0.0321064218878746
YOR209C,YGR154C,0,12.333561,0.6402234435081482,0.5718562602996826,0.03220644220709801
YIL131C,YNL138W,1,12.330654,0.640625,0.5728542804718018,0.03220644220709801
YAL041W,YCR038C,1,12.329372,0.6410256624221802,0.5738523006439209,0.03220644220709801
YJL129C,YAL062W,0,12.325875,0.6403117775917053,0.5738523006439209,0.03230646252632141
YOL023W,YOL104C,0,12.3246975,0.6395995616912842,0.5738523006439209,0.032406482845544815
YNR037C,YKL129C,0,12.324017,0.6388888955116272,0.5738523006439209,0.03250649943947792
YBR296C,YMR215W,0,12.321316,0.6381797790527344,0.5738523006439209,0.032606519758701324
YML047C,YKL206C,0,12.311901,0.6374722719192505,0.5738523006439209,0.03270654007792473
YMR137C,YLR276C,0,12.308559,0.6367663145065308,0.5738523006439209,0.03280656039714813
YDL154W,YDR454C,0,12.301643,0.63606196641922,0.5738523006439209,0.032906580716371536
YMR186W,YKL185W,0,12.29265,0.6353591084480286,0.5738523006439209,0.03300660103559494
YDR099W,YNL298W,1,12.292348,0.6357616186141968,0.57485032081604,0.03300660103559494
YDR087C,YMR312W,0,12.2668915,0.6350606679916382,0.57485032081604,0.033106621354818344
YDL039C,YGR263C,0,12.2664175,0.634361207485199,0.57485032081604,0.03320664167404175
YGL190C,YDR379W,1,12.251044,0.6347634792327881,0.5758482813835144,0.03320664167404175
YBR196C,YBL063W,0,12.249359,0.6340659260749817,0.5758482813835144,0.03330666199326515
YDR379W,YNL298W,1,12.241207,0.634467601776123,0.5768463015556335,0.03330666199326515
YGR158C,YDL130W-A,0,12.240099,0.6337719559669495,0.5768463015556335,0.033406682312488556
YPR111W,YIL133C,0,12.22998,0.6330777406692505,0.5768463015556335,0.03350670263171196
YAL041W,YDR043C,1,12.221524,0.6334792375564575,0.5778443217277527,0.03350670263171196
YBL087C,YPL223C,0,12.216493,0.6327868700027466,0.5778443217277527,0.033606722950935364
YPL021W,YDR043C,1,12.214497,0.6331877708435059,0.5788423418998718,0.033606722950935364
YLL021W,YLR353W,1,12.2138405,0.6335877776145935,0.5798403024673462,0.033606722950935364
YOR127W,YLR313C,1,12.210735,0.6339869499206543,0.5808383226394653,0.033606722950935364
YFR031C,YOR272W,0,12.203158,0.6332970857620239,0.5808383226394653,0.03370673954486847
YNL068C,YDR273W,0,12.181286,0.6326087117195129,0.5808383226394653,0.03380675986409187
YER165W,YDL106C,0,12.178505,0.6319218277931213,0.5808383226394653,0.03390678018331528
YDR448W,YJR048W,0,12.175506,0.6312364339828491,0.5808383226394653,0.03400680050253868
YNL325C,YER178W,0,12.173705,0.6305525302886963,0.5808383226394653,0.034106820821762085
YLL021W,YNL068C,1,12.172957,0.6309523582458496,0.5818363428115845,0.034106820821762085
YLR327C,YHR149C,0,12.155245,0.63027024269104,0.5818363428115845,0.03420684114098549
YHR143W,YKR099W,0,12.145342,0.6295896172523499,0.5818363428115845,0.03430686146020889
YDR251W,YDL035C,1,12.142778,0.6299892067909241,0.5828343033790588,0.03430686146020889
YDR392W,YKL043W,1,12.141494,0.6303879022598267,0.583832323551178,0.03430686146020889
YDR256C,YLL024C,0,12.101815,0.6297093629837036,0.583832323551178,0.0344068817794323
YBR040W,YCL054W,0,12.100874,0.6290322542190552,0.583832323551178,0.0345069020986557
YHR089C,YCL064C,0,12.09904,0.6283566355705261,0.583832323551178,0.034606922417879105
YDR379W,YNL079C,1,12.097401,0.6287553906440735,0.5848303437232971,0.034606922417879105
YPR132W,YJL212C,0,12.05783,0.6280814409255981,0.5848303437232971,0.03470694273710251
YOR182C,YER013W,0,12.053776,0.6274089813232422,0.5848303437232971,0.03480696305632591
YNL142W,YJL095W,0,12.05234,0.6267379522323608,0.5848303437232971,0.03490697965025902
YBR033W,YLR154C,0,12.052067,0.6260683536529541,0.5848303437232971,0.03500699996948242
YMR097C,YNL210W,0,12.026155,0.625400185585022,0.5848303437232971,0.035107020288705826
YPR128C,YBR214W,0,12.025326,0.6247334480285645,0.5848303437232971,0.03520704060792923
YLR313C,YLL021W,1,12.014356,0.6251330971717834,0.5858283638954163,0.03520704060792923
YLR313C,YKL048C,1,12.007961,0.6255319118499756,0.5868263244628906,0.03520704060792923
YIL112W,YOR129C,0,12.002228,0.6248671412467957,0.5868263244628906,0.035307060927152634
YAL041W,YDL035C,1,11.968483,0.6252654194831848,0.5878243446350098,0.035307060927152634
YKL172W,YGL129C,0,11.966722,0.6246023178100586,0.5878243446350098,0.03540708124637604
YFR052W,YHR061C,0,11.959247,0.6239407062530518,0.5878243446350098,0.03550710156559944
YHR154W,YAL003W,0,11.956558,0.62328040599823,0.5878243446350098,0.035607121884822845
YOL004W,YER029C,0,11.955099,0.6226215362548828,0.5878243446350098,0.03570714220404625
YIR017C,YFL038C,0,11.954771,0.6219640970230103,0.5878243446350098,0.03580716252326965
YCL066W,YGL232W,0,11.938889,0.6213080286979675,0.5878243446350098,0.03590718284249306
YMR127C,YBR054W,0,11.927119,0.6206533312797546,0.5878243446350098,0.03600720316171646
YJL034W,YDL227C,0,11.923135,0.6200000047683716,0.5878243446350098,0.03610721975564957
YDR496C,YPR036W,0,11.920387,0.6193480491638184,0.5878243446350098,0.03620724007487297
YKR103W,YNL007C,0,11.913322,0.618697464466095,0.5878243446350098,0.036307260394096375
YLR129W,YJR153W,0,11.912285,0.6180482506752014,0.5878243446350098,0.03640728071331978
YBR066C,YMR164C,1,11.910622,0.6184486150741577,0.5888223648071289,0.03640728071331978
YPL174C,YDR492W,0,11.887348,0.6178010702133179,0.5888223648071289,0.03650730103254318
YDR251W,YDR379W,1,11.886904,0.6182008385658264,0.589820384979248,0.03650730103254318
YGR154C,YKL079W,0,11.886589,0.6175548434257507,0.589820384979248,0.036607321351766586
YDR392W,YER149C,1,11.886284,0.6179540753364563,0.5908183455467224,0.036607321351766586
YOR341W,YEL041W,0,11.880852,0.6173096895217896,0.5908183455467224,0.03670734167098999
YDL059C,YDL008W,0,11.874792,0.6166666746139526,0.5908183455467224,0.036807361990213394
YMR313C,YGL027C,0,11.86198,0.6160249710083008,0.5908183455467224,0.0369073823094368
YJL065C,YLL055W,0,11.860623,0.6153846383094788,0.5908183455467224,0.0370074026286602
YHL040C,YMR322C,0,11.855681,0.614745557308197,0.5908183455467224,0.037107422947883606
YDR477W,YMR016C,1,11.849572,0.615145206451416,0.5918163657188416,0.037107422947883606
YHL016C,YKR007W,0,11.848536,0.614507794380188,0.5918163657188416,0.03720744326710701
YOR337W,YOR306C,0,11.842065,0.6138716340065002,0.5918163657188416,0.037307459861040115
YNL290W,YBL093C,0,11.840081,0.6132368445396423,0.5918163657188416,0.03740748018026352
YDR465C,YBR299W,0,11.837563,0.6126033067703247,0.5918163657188416,0.03750750049948692
YPL258C,YBR029C,0,11.835327,0.6119710803031921,0.5918163657188416,0.03760752081871033
YBR214W,YGR229C,0,11.834229,0.6113402247428894,0.5918163657188416,0.03770754113793373
YBR040W,YLR452C,0,11.82514,0.610710620880127,0.5918163657188416,0.037807561457157135
YBR002C,YJR126C,0,11.823032,0.6100823283195496,0.5918163657188416,0.03790758177638054
YDR477W,YLL021W,1,11.809702,0.6104830503463745,0.5928143858909607,0.03790758177638054
YGL103W,YFR024C-A,0,11.809267,0.6098562479019165,0.5928143858909607,0.03800760209560394
YOR025W,YPL091W,0,11.79772,0.6092307567596436,0.5928143858909607,0.03810762241482735
YDL190C,YNL062C,0,11.776793,0.6086065769195557,0.5928143858909607,0.03820764273405075
YHL007C,YIR019C,1,11.773975,0.6090071797370911,0.5938123464584351,0.03820764273405075
YER109C,YPL115C,1,11.755907,0.6094069480895996,0.5948103666305542,0.03820764273405075
YLR249W,YOR265W,0,11.754009,0.6087844967842102,0.5948103666305542,0.038307663053274155
YBR158W,YKL179C,0,11.74404,0.6081632375717163,0.5948103666305542,0.03840768337249756
YPL090C,YER015W,0,11.738959,0.6075433492660522,0.5948103666305542,0.038507699966430664
YDR297W,YDL113C,0,11.701388,0.6069246530532837,0.5948103666305542,0.03860772028565407
YOL061W,YDL117W,0,11.692296,0.6063072085380554,0.5948103666305542,0.03870774060487747
YNL306W,YNR043W,0,11.683815,0.6056910753250122,0.5948103666305542,0.038807760924100876
YDR392W,YHR011W,1,11.676612,0.6060913801193237,0.5958083868026733,0.038807760924100876
YDR532C,YKR104W,0,11.671906,0.6054766774177551,0.5958083868026733,0.03890778124332428
YGR055W,YDR044W,0,11.668997,0.6048632264137268,0.5958083868026733,0.039007801562547684
YPL253C,YLR244C,0,11.651281,0.6042510271072388,0.5958083868026733,0.03910782188177109
YOR065W,YKL174C,0,11.648474,0.6036400198936462,0.5958083868026733,0.03920784220099449
YML005W,YLR348C,0,11.6443205,0.6030303239822388,0.5958083868026733,0.039307862520217896
YGL028C,YLR098C,0,11.643059,0.6024218201637268,0.5958083868026733,0.0394078828394413
YOR209C,YMR171C,0,11.637182,0.6018145084381104,0.5958083868026733,0.0395079031586647
YDL198C,YNL244C,0,11.6089,0.6012084484100342,0.5958083868026733,0.03960791975259781
YIL049W,YBR083W,1,11.607788,0.6016096472740173,0.5968064069747925,0.03960791975259781
YHR143W,YER108C,1,11.594397,0.6020100712776184,0.5978043675422668,0.03960791975259781
YDR101C,YLR313C,0,11.5862,0.6014056205749512,0.5978043675422668,0.03970794007182121
YAR015W,YDL135C,0,11.583179,0.6008024215698242,0.5978043675422668,0.03980796039104462
YDR158W,YML109W,0,11.582409,0.6002004146575928,0.5978043675422668,0.03990798071026802
YDR358W,YDL227C,0,11.577023,0.5995995998382568,0.5978043675422668,0.040008001029491425
YDR251W,YHR084W,1,11.573634,0.6000000238418579,0.598802387714386,0.040008001029491425
YAR007C,YJL130C,0,11.5685425,0.5994005799293518,0.598802387714386,0.04010802134871483
YER063W,YBR030W,0,11.562027,0.598802387714386,0.598802387714386,0.04020804166793823
YFL001W,YJL214W,0,11.554361,0.5982053875923157,0.598802387714386,0.040308061987161636
YKL201C,YDR071C,0,11.551901,0.5976095795631409,0.598802387714386,0.04040808230638504
YHL007C,YCR038C,1,11.536635,0.5980099439620972,0.5998004078865051,0.04040808230638504
YGR292W,YBL021C,0,11.526695,0.5974155068397522,0.5998004078865051,0.040508102625608444
YBR158W,YOR032C,0,11.526519,0.5968222618103027,0.5998004078865051,0.04060812294483185
YGR208W,YML061C,0,11.511974,0.596230149269104,0.5998004078865051,0.04070814326405525
YOR172W,YGR185C,0,11.508664,0.5956392288208008,0.5998004078865051,0.04080815985798836
YLR249W,YIL046W,0,11.506739,0.5950495004653931,0.5998004078865051,0.04090818017721176
YCL048W,YOR313C,0,11.50173,0.5944609045982361,0.5998004078865051,0.041008200496435165
YPR005C,YMR088C,0,11.494271,0.5938735008239746,0.5998004078865051,0.04110822081565857
YOR340C,YPL131W,0,11.486231,0.5932872891426086,0.5998004078865051,0.04120824113488197
YLR343W,YHR089C,0,11.479546,0.5927021503448486,0.5998004078865051,0.04130826145410538
YIL007C,YNL142W,0,11.479002,0.5921182036399841,0.5998004078865051,0.04140828177332878
YER155C,YLR439W,0,11.475037,0.5915354490280151,0.5998004078865051,0.041508302092552185
YAL015C,YKR085C,0,11.469665,0.5909537672996521,0.5998004078865051,0.04160832241177559
YHR147C,YLR306W,0,11.453413,0.5903732776641846,0.5998004078865051,0.04170834273099899
YGL233W,YNL182C,0,11.447993,0.5897939205169678,0.5998004078865051,0.0418083630502224
YOR187W,YJL083W,0,11.439827,0.5892156958580017,0.5998004078865051,0.0419083833694458
YBR010W,YGL251C,0,11.438802,0.5886386036872864,0.5998004078865051,0.042008399963378906
YDR110W,YMR313C,0,11.432846,0.5880626440048218,0.5998004078865051,0.04210842028260231
YGL144C,YDR372C,0,11.429237,0.5874877572059631,0.5998004078865051,0.042208440601825714
YKL017C,YMR261C,0,11.422505,0.5869140625,0.5998004078865051,0.04230846092104912
YPL176C,YKL003C,0,11.403298,0.5863414406776428,0.5998004078865051,0.04240848124027252
YDR012W,YJR049C,0,11.402317,0.5857699513435364,0.5998004078865051,0.042508501559495926
YGL147C,YDR039C,0,11.385113,0.5851995944976807,0.5998004078865051,0.04260852187871933
YKR103W,YLR047C,0,11.373714,0.5846303701400757,0.5998004078865051,0.042708542197942734
YPL018W,YDR045C,0,11.37163,0.5840622186660767,0.5998004078865051,0.04280856251716614
YGL203C,YAL053W,0,11.364713,0.5834951400756836,0.5998004078865051,0.04290858283638954
YOR324C,YMR312W,0,11.336339,0.5829291939735413,0.5998004078865051,0.043008603155612946
YLL033W,YBR010W,0,11.335435,0.5823643207550049,0.5998004078865051,0.04310862347483635
YGL171W,YGL027C,0,11.334945,0.5818005800247192,0.5998004078865051,0.043208640068769455
YDR189W,YCR046C,0,11.331116,0.5812379121780396,0.5998004078865051,0.04330866038799286
YPR133W-A,YLR234W,0,11.31568,0.5806763172149658,0.5998004078865051,0.04340868070721626
YBR158W,YLR167W,0,11.311887,0.5801158547401428,0.5998004078865051,0.04350870102643967
YOR059C,YDL095W,0,11.308445,0.579556405544281,0.5998004078865051,0.04360872134566307
YBR091C,YDR054C,0,11.308344,0.5789980888366699,0.5998004078865051,0.043708741664886475
YAL015C,YOR337W,0,11.303532,0.57844078540802,0.5998004078865051,0.04380876198410988
YDR310C,YJL130C,0,11.298567,0.5778846144676208,0.5998004078865051,0.04390878230333328
YOL007C,YBR072W,0,11.29281,0.5773295164108276,0.5998004078865051,0.044008802622556686
YER109C,YDR432W,1,11.28874,0.5777351260185242,0.6007984280586243,0.044008802622556686
YPL188W,YER179W,0,11.271854,0.5771812200546265,0.6007984280586243,0.04410882294178009
YHL015W,YGR075C,0,11.270022,0.5766283273696899,0.6007984280586243,0.044208843261003494
YLR362W,YLR313C,1,11.267509,0.577033519744873,0.6017963886260986,0.044208843261003494
YKL134C,YOL152W,0,11.266128,0.576481819152832,0.6017963886260986,0.0443088635802269
YDR323C,YJL143W,0,11.264066,0.5759312510490417,0.6017963886260986,0.044408880174160004
YKL149C,YIL131C,1,11.262839,0.5763359069824219,0.6027944087982178,0.044408880174160004
YHR028C,YKL048C,0,11.256589,0.5757864713668823,0.6027944087982178,0.04450890049338341
YHL035C,YBR195C,0,11.256531,0.5752381086349487,0.6027944087982178,0.04460892081260681
YOR049C,YBR283C,0,11.254679,0.5746907591819763,0.6027944087982178,0.044708941131830215
YKL043W,YDR043C,1,11.246151,0.5750950574874878,0.6037924289703369,0.044708941131830215
YGR271W,YIL093C,0,11.243813,0.5745489001274109,0.6037924289703369,0.04480896145105362
YGR029W,YMR038C,0,11.22839,0.5740038156509399,0.6037924289703369,0.04490898177027702
YLR401C,YHR073W,0,11.225701,0.5734597444534302,0.6037924289703369,0.04500900208950043
YGL144C,YFL045C,0,11.220238,0.5729166865348816,0.6037924289703369,0.04510902240872383
YPR192W,YDR190C,0,11.219102,0.5723746418952942,0.6037924289703369,0.045209042727947235
YGR077C,YER014C-A,0,11.208429,0.5718336701393127,0.6037924289703369,0.04530906304717064
YIL160C,YIL142W,0,11.206314,0.5712936520576477,0.6037924289703369,0.04540908336639404
YDR099W,YDL024C,1,11.20514,0.5716981291770935,0.6047903895378113,0.04540908336639404
YOR206W,YMR008C,0,11.193836,0.571159303188324,0.6047903895378113,0.04550909996032715
YER070W,YDL231C,0,11.18775,0.5706214904785156,0.6047903895378113,0.04560912027955055
YLR362W,YLL021W,1,11.180948,0.5710253715515137,0.6057884097099304,0.04560912027955055
YDR092W,YKL060C,0,11.177063,0.5704887509346008,0.6057884097099304,0.045709140598773956
YDR033W,YER051W,0,11.168153,0.5699530243873596,0.6057884097099304,0.04580916091799736
YPL235W,YPL110C,0,11.158096,0.5694183707237244,0.6057884097099304,0.045909181237220764
YBR230C,YFL001W,0,11.1552925,0.5688847303390503,0.6057884097099304,0.04600920155644417
YOR391C,YMR303C,0,11.136426,0.5683520436286926,0.6057884097099304,0.04610922187566757
YBR083W,YLR313C,1,11.128861,0.5687558650970459,0.6067864298820496,0.04610922187566757
YDR159W,YKR059W,0,11.1288595,0.568224310874939,0.6067864298820496,0.046209242194890976
YNL339C,YPL203W,0,11.126284,0.5676937699317932,0.6067864298820496,0.04630926251411438
YDR268W,YNL151C,0,11.121798,0.5671641826629639,0.6067864298820496,0.046409282833337784
YKL089W,YNL284C,0,11.115868,0.5666356086730957,0.6067864298820496,0.04650930315256119
YLR183C,YPL194W,0,11.098125,0.566107988357544,0.6067864298820496,0.04660932347178459
YCL026C-B,YJL194W,0,11.090786,0.5655813813209534,0.6067864298820496,0.0467093400657177
YPL092W,YAL062W,0,11.088853,0.565055787563324,0.6067864298820496,0.0468093603849411
YNL197C,YER020W,1,11.088095,0.5654596090316772,0.6077844500541687,0.0468093603849411
YHL036W,YDR414C,0,11.0821085,0.5649350881576538,0.6077844500541687,0.046909380704164505
YNR052C,YKR007W,0,11.081119,0.5644115209579468,0.6077844500541687,0.04700940102338791
YPL104W,YBR067C,0,11.078093,0.5638889074325562,0.6077844500541687,0.04710942134261131
YDR371W,YDR507C,0,11.07379,0.5633672475814819,0.6077844500541687,0.04720944166183472
YER174C,YJR009C,0,11.071728,0.5628466010093689,0.6077844500541687,0.04730946198105812
YDR059C,YLR115W,0,11.065741,0.5623268485069275,0.6077844500541687,0.047409482300281525
YOR315W,YCL026C-B,0,11.061455,0.5618081092834473,0.6077844500541687,0.04750950261950493
YLR237W,YOR326W,0,11.048187,0.5612903237342834,0.6077844500541687,0.04760952293872833
YER074W,YEL041W,0,11.03212,0.560773491859436,0.6077844500541687,0.047709543257951736
YDR226W,YOR016C,0,11.029731,0.560257613658905,0.6077844500541687,0.04780956357717514
YPL021W,YJR126C,0,11.02815,0.5597426295280457,0.6077844500541687,0.047909580171108246
YDR043C,YDR107C,1,11.020632,0.5601469278335571,0.6087824106216431,0.047909580171108246
YPL115C,YGR260W,0,11.020592,0.5596330165863037,0.6087824106216431,0.04800960049033165
YPL154C,YGL123W,0,11.017479,0.5591200590133667,0.6087824106216431,0.048109620809555054
YLR048W,YFR040W,0,11.008772,0.5586080551147461,0.6087824106216431,0.04820964112877846
YGR262C,YHL024W,0,11.008123,0.5580970048904419,0.6087824106216431,0.04830966144800186
YLR258W,YKL006W,0,11.001459,0.5575868487358093,0.6087824106216431,0.048409681767225266
YOR261C,YKL056C,0,10.984356,0.5570776462554932,0.6087824106216431,0.04850970208644867
YLR367W,YBR301W,0,10.981413,0.5565693378448486,0.6087824106216431,0.04860972240567207
YLL021W,YDR043C,1,10.979585,0.5569735765457153,0.6097804307937622,0.04860972240567207
YMR105C,YLR147C,0,10.975564,0.556466281414032,0.6097804307937622,0.04870974272489548
YER149C,YDR379W,1,10.972437,0.5568698644638062,0.6107784509658813,0.04870974272489548
YML042W,YNL283C,0,10.959,0.5563636422157288,0.6107784509658813,0.04880976304411888
YHR143W,YLR221C,0,10.955707,0.555858314037323,0.6107784509658813,0.048909783363342285
YCL008C,YHR148W,0,10.947634,0.5553538799285889,0.6107784509658813,0.04900980368256569
YHR143W,YER118C,1,10.945063,0.5557570457458496,0.6117764711380005,0.04900980368256569
YGR189C,YIL018W,0,10.943849,0.5552536249160767,0.6117764711380005,0.049109820276498795
YLR061W,YMR261C,0,10.939574,0.5547511577606201,0.6117764711380005,0.0492098405957222
YBR158W,YKL004W,0,10.926226,0.5542495250701904,0.6117764711380005,0.0493098609149456
YGL147C,YOR036W,0,10.924917,0.5537488460540771,0.6117764711380005,0.049409881234169006
YDL065C,YBR029C,0,10.922146,0.5532491207122803,0.6117764711380005,0.04950990155339241
YHR036W,YDL075W,0,10.919782,0.5527502298355103,0.6117764711380005,0.049609921872615814
YPL244C,YJR022W,0,10.918329,0.5522522330284119,0.6117764711380005,0.04970994219183922
YER109C,YDR043C,1,10.917957,0.5526552796363831,0.6127744317054749,0.04970994219183922
YDR329C,YJR025C,0,10.890731,0.5521582961082458,0.6127744317054749,0.04980996251106262
YMR088C,YGL162W,0,10.8883,0.5516621470451355,0.6127744317054749,0.049909982830286026
YPR188C,YAL028W,0,10.88587,0.5511669516563416,0.6127744317054749,0.05001000314950943
YMR274C,YJR048W,0,10.885601,0.5506726503372192,0.6127744317054749,0.050110023468732834
YAL012W,YLR163C,0,10.884992,0.5501791834831238,0.6127744317054749,0.05021004378795624
YOR143C,YGR008C,0,10.879429,0.5496866703033447,0.6127744317054749,0.05031006038188934
YPL179W,YML094W,0,10.879293,0.5491949915885925,0.6127744317054749,0.05041008070111275
YER096W,YPL208W,0,10.87468,0.548704206943512,0.6127744317054749,0.05051010102033615
YLR167W,YPR054W,0,10.866649,0.5482142567634583,0.6127744317054749,0.050610121339559555
YBR058C-A,YCL032W,0,10.86228,0.547725260257721,0.6127744317054749,0.05071014165878296
YLL011W,YHR161C,0,10.858334,0.5472370982170105,0.6127744317054749,0.05081016197800636
YOR192C,YPL050C,0,10.83933,0.5467497706413269,0.6127744317054749,0.05091018229722977
YOL020W,YDR005C,0,10.830667,0.5462633371353149,0.6127744317054749,0.05101020261645317
YNL325C,YOL101C,0,10.822989,0.5457777976989746,0.6127744317054749,0.051110222935676575
YLL001W,YBR023C,0,10.816305,0.5452930927276611,0.6127744317054749,0.05121024325489998
YMR179W,YGR214W,0,10.807547,0.5448092222213745,0.6127744317054749,0.05131026357412338
YFR001W,YNR074C,0,10.806185,0.5443262457847595,0.6127744317054749,0.051410283893346786
YLR362W,YDR251W,1,10.805949,0.5447298288345337,0.613772451877594,0.051410283893346786
YER149C,YNL068C,1,10.803676,0.5451327562332153,0.6147704720497131,0.051410283893346786
YIR031C,YPL033C,0,10.79544,0.5446507334709167,0.6147704720497131,0.05151030048727989
YOR253W,YOL052C-A,0,10.779635,0.5441696047782898,0.6147704720497131,0.051610320806503296
YGL190C,YNL271C,1,10.771641,0.5445719361305237,0.6157684922218323,0.051610320806503296
YLR083C,YNL197C,1,10.769657,0.5449735522270203,0.6167664527893066,0.051610320806503296
YGL189C,YNL156C,0,10.76722,0.5444933772087097,0.6167664527893066,0.0517103411257267
YNL268W,YDR069C,0,10.7576885,0.5440140962600708,0.6167664527893066,0.051810361444950104
YIL070C,YIR011C,0,10.74893,0.5435356497764587,0.6167664527893066,0.05191038176417351
YPR001W,YHR013C,0,10.748174,0.5430579781532288,0.6167664527893066,0.05201040208339691
YMR204C,YKL081W,0,10.747748,0.5425812005996704,0.6167664527893066,0.052110422402620316
YMR227C,YOL129W,0,10.745323,0.5421052575111389,0.6167664527893066,0.05221044272184372
YOR034C,YMR230W,0,10.731327,0.5416301488876343,0.6167664527893066,0.05231046304106712
YNL197C,YNL098C,1,10.726422,0.5420315265655518,0.6177644729614258,0.05231046304106712
YGR084C,YMR237W,0,10.71785,0.5415573120117188,0.6177644729614258,0.05241048336029053
YIL020C,YHR037W,0,10.704884,0.5410839319229126,0.6177644729614258,0.05251050367951393
YMR169C,YMR145C,0,10.698311,0.5406113266944885,0.6177644729614258,0.05261052027344704
YEL065W,YKR034W,0,10.696805,0.5401396155357361,0.6177644729614258,0.05271054059267044
YEL070W,YHR030C,0,10.69561,0.5396686792373657,0.6177644729614258,0.052810560911893845
YPR159W,YPR152C,0,10.694532,0.5391985774040222,0.6177644729614258,0.05291058123111725
YBR083W,YIR019C,1,10.694239,0.5395996570587158,0.6187624931335449,0.05291058123111725
YOR298W,YAL041W,0,10.689799,0.539130449295044,0.6187624931335449,0.05301060155034065
YDR268W,YKR100C,0,10.678289,0.5386620163917542,0.6187624931335449,0.053110621869564056
YGR086C,YHL034C,0,10.675592,0.5381944179534912,0.6187624931335449,0.05321064218878746
YIL013C,YOL011W,0,10.667879,0.5377276539802551,0.6187624931335449,0.053310662508010864
YBL080C,YDL024C,0,10.667711,0.5372617244720459,0.6187624931335449,0.05341068282723427
YML041C,YGR200C,0,10.666487,0.536796510219574,0.6187624931335449,0.05351070314645767
YPL033C,YHR044C,0,10.655228,0.5363321900367737,0.6187624931335449,0.053610723465681076
YKL217W,YNL016W,0,10.655087,0.5358686447143555,0.6187624931335449,0.05371074378490448
YCR012W,YMR228W,0,10.646391,0.5354058742523193,0.6187624931335449,0.053810760378837585
YOR299W,YLR214W,0,10.644386,0.5349439382553101,0.6187624931335449,0.05391078069806099
YKL180W,YJR010W,0,10.633649,0.5344827771186829,0.6187624931335449,0.05401080101728439
YJR004C,YHR066W,0,10.623611,0.5340223908424377,0.6187624931335449,0.0541108213365078
YER056C,YLR008C,0,10.619875,0.5335628390312195,0.6187624931335449,0.0542108416557312
YCR047C,YBR072W,0,10.613665,0.5331040620803833,0.6187624931335449,0.054310861974954605
YER178W,YHR073W,0,10.612749,0.5326460599899292,0.6187624931335449,0.05441088229417801
YBL069W,YMR006C,0,10.603163,0.5321888327598572,0.6187624931335449,0.05451090261340141
YPL194W,YGR106C,0,10.598297,0.531732439994812,0.6187624931335449,0.05461092293262482
YJR103W,YKL185W,0,10.589228,0.5312767624855042,0.6187624931335449,0.05471094325184822
YNR031C,YLR363C,0,10.583695,0.5308219194412231,0.6187624931335449,0.054810963571071625
YMR100W,YPL078C,0,10.582754,0.5303678512573242,0.6187624931335449,0.05491098389029503
YMR041C,YDR390C,0,10.569998,0.5299145579338074,0.6187624931335449,0.055011000484228134
YHR211W,YNR001C,0,10.558237,0.5294619798660278,0.6187624931335449,0.05511102080345154
YNL192W,YDR086C,0,10.556757,0.5290102362632751,0.6187624931335449,0.05521104112267494
YNL233W,YOR079C,0,10.54906,0.5285592675209045,0.6187624931335449,0.055311061441898346
YHR013C,YNL133C,0,10.547315,0.5281090140342712,0.6187624931335449,0.05541108176112175
YLR300W,YNL188W,0,10.543211,0.5276595950126648,0.6187624931335449,0.055511102080345154
YFR001W,YGL053W,0,10.532272,0.5272108912467957,0.6187624931335449,0.05561112239956856
YOL123W,YOR019W,0,10.531009,0.5267629623413086,0.6187624931335449,0.05571114271879196
YER044C-A,YMR186W,0,10.524245,0.5263158082962036,0.6187624931335449,0.055811163038015366
YOR172W,YOR045W,0,10.524185,0.5258693695068359,0.6187624931335449,0.05591118335723877
YNL259C,YGL170C,0,10.520252,0.5254237055778503,0.6187624931335449,0.05601120367646217
YJL155C,YLR121C,0,10.510841,0.5249788165092468,0.6187624931335449,0.05611122399568558
YDR146C,YJL083W,0,10.505381,0.5245347023010254,0.6187624931335449,0.05621124058961868
YHR111W,YLR312C-B,1,10.503298,0.5249366164207458,0.6197604537010193,0.05621124058961868
YNL282W,YHR142W,0,10.496755,0.5244932174682617,0.6197604537010193,0.05631126090884209
YGL027C,YDR439W,0,10.496235,0.5240506529808044,0.6197604537010193,0.05641128122806549
YMR234W,YFR014C,0,10.495074,0.5236087441444397,0.6197604537010193,0.056511301547288895
YMR300C,YBR020W,0,10.486718,0.5231676697731018,0.6197604537010193,0.0566113218665123
YPR188C,YOL136C,0,10.484837,0.5227272510528564,0.6197604537010193,0.0567113421857357
YKR099W,YML129C,0,10.472783,0.5222876071929932,0.6197604537010193,0.056811362504959106
YGR020C,YOR322C,0,10.468181,0.521848738193512,0.6197604537010193,0.05691138282418251
YNL197C,YHR111W,1,10.460895,0.522250235080719,0.6207584738731384,0.05691138282418251
YER178W,YLR347C,0,10.459717,0.5218120813369751,0.6207584738731384,0.057011403143405914
YLL040C,YOR347C,0,10.447519,0.5213747024536133,0.6207584738731384,0.05711142346262932
YLR312C-B,YHR011W,1,10.418702,0.5217755436897278,0.6217564940452576,0.05711142346262932
YBR182C,YDR188W,0,10.415506,0.521338939666748,0.6217564940452576,0.05721144378185272
YHR185C,YDR175C,0,10.41078,0.5209029912948608,0.6217564940452576,0.057311464101076126
YDL035C,YDR224C,0,10.4012985,0.5204678177833557,0.6217564940452576,0.05741148069500923
YAL041W,YKL048C,1,10.393422,0.5208681225776672,0.6227545142173767,0.05741148069500923
YPL127C,YDL215C,0,10.392367,0.5204337239265442,0.6227545142173767,0.057511501014232635
YJR101W,YDL215C,0,10.363324,0.5199999809265137,0.6227545142173767,0.05761152133345604
YNL328C,YPR169W,0,10.359997,0.5195670127868652,0.6227545142173767,0.05771154165267944
YMR101C,YKL164C,0,10.359036,0.5191347599029541,0.6227545142173767,0.05781156197190285
YLR186W,YER060W-A,0,10.334478,0.5187032222747803,0.6227545142173767,0.05791158229112625
YFL049W,YGL037C,0,10.334077,0.5182723999023438,0.6227545142173767,0.058011602610349655
YBR085W,YJL079C,0,10.33393,0.5178423523902893,0.6227545142173767,0.05811162292957306
YPL112C,YMR012W,0,10.332853,0.5174129605293274,0.6227545142173767,0.05821164324879646
YOR308C,YGL076C,0,10.32649,0.5169842839241028,0.6227545142173767,0.05831166356801987
YLR427W,YIL061C,0,10.325008,0.5165562629699707,0.6227545142173767,0.05841168388724327
YPL021W,YER118C,1,10.315607,0.5169561505317688,0.6237524747848511,0.05841168388724327
YKL024C,YMR008C,0,10.309063,0.5165289044380188,0.6237524747848511,0.058511700481176376
YGR061C,YKL042W,0,10.307327,0.5161023736000061,0.6237524747848511,0.05861172080039978
YBR286W,YJL048C,0,10.302906,0.5156765580177307,0.6237524747848511,0.058711741119623184
YEL027W,YHR150W,0,10.2957115,0.5152514576911926,0.6237524747848511,0.05881176143884659
YJR127C,YDR108W,0,10.293327,0.5148270130157471,0.6237524747848511,0.05891178175806999
YDR384C,YPR155C,0,10.291962,0.5144032835960388,0.6237524747848511,0.059011802077293396
YNR030W,YLR215C,0,10.2917595,0.5139802694320679,0.6237524747848511,0.0591118223965168
YDR477W,YIL131C,1,10.280244,0.514379620552063,0.6247504949569702,0.0591118223965168
YJL191W,YNL158W,0,10.278221,0.5139573216438293,0.6247504949569702,0.059211842715740204
YBR177C,YPR168W,0,10.2703495,0.5135356783866882,0.6247504949569702,0.05931186303496361
YDL046W,YJL148W,0,10.268033,0.5131147503852844,0.6247504949569702,0.05941188335418701
YBL005W,YBR183W,0,10.263432,0.5126945376396179,0.6247504949569702,0.059511903673410416
YAL028W,YDL229W,0,10.253794,0.512274980545044,0.6247504949569702,0.05961192399263382
YOR195W,YLR185W,0,10.244025,0.5118560791015625,0.6247504949569702,0.059711940586566925
YDR407C,YNL132W,0,10.2365265,0.5114378929138184,0.6247504949569702,0.05981196090579033
YJL056C,YIL069C,0,10.2163315,0.5110204219818115,0.6247504949569702,0.05991198122501373
YDR099W,YPL115C,1,10.215625,0.5114192366600037,0.6257485151290894,0.05991198122501373
YLR263W,YDR487C,0,10.213333,0.5110024213790894,0.6257485151290894,0.06001200154423714
YPL063W,YLR151C,0,10.210803,0.5105863213539124,0.6257485151290894,0.06011202186346054
YIL049W,YKL048C,1,10.209778,0.5109845399856567,0.6267465353012085,0.06011202186346054
YGL026C,YDR461W,0,10.209147,0.5105690956115723,0.6267465353012085,0.060212042182683945
YJR092W,YER090W,0,10.205961,0.5101543664932251,0.6267465353012085,0.06031206250190735
YLR362W,YOR032C,1,10.203185,0.510551929473877,0.6277444958686829,0.06031206250190735
YJL141C,YJL170C,0,10.201752,0.5101378560066223,0.6277444958686829,0.06041208282113075
YHR036W,YPL273W,0,10.198808,0.509724497795105,0.6277444958686829,0.060512103140354156
YKL164C,YDL142C,0,10.196911,0.5093117356300354,0.6277444958686829,0.06061212345957756
YKL001C,YDR003W,0,10.1598625,0.5088996887207031,0.6277444958686829,0.060712143778800964
YBR105C,YLR344W,0,10.157202,0.5084882974624634,0.6277444958686829,0.06081216409802437
YPR159W,YPL059W,0,10.152121,0.5080775618553162,0.6277444958686829,0.060912180691957474
YCR012W,YBR121C,0,10.14589,0.5076674818992615,0.6277444958686829,0.06101220101118088
YPL021W,YIL154C,0,10.141596,0.5072580575942993,0.6277444958686829,0.06111222133040428
YHR113W,YKL052C,0,10.137325,0.5068492889404297,0.6277444958686829,0.061212241649627686
YPR190C,YNL025C,0,10.134398,0.5064412355422974,0.6277444958686829,0.06131226196885109
YBL068W,YPR111W,0,10.132387,0.5060337781906128,0.6277444958686829,0.06141228228807449
YLR029C,YIL120W,0,10.130705,0.5056270360946655,0.6277444958686829,0.0615123026072979
YDR099W,YHR011W,1,10.128216,0.5060241222381592,0.628742516040802,0.0615123026072979
YDR440W,YNL239W,0,10.103121,0.5056179761886597,0.628742516040802,0.0616123229265213
YJR041C,YER046W,0,10.102851,0.5052124857902527,0.628742516040802,0.061712343245744705
YGR189C,YMR136W,0,10.100023,0.504807710647583,0.628742516040802,0.06181236356496811
YNL221C,YPR159W,0,10.096526,0.5044035315513611,0.628742516040802,0.06191238388419151
YKL022C,YGR008C,0,10.090031,0.5040000081062317,0.628742516040802,0.06201240420341492
YIL014W,YMR145C,0,10.086109,0.5035971403121948,0.628742516040802,0.06211242079734802
YCL057W,YLR284C,0,10.075499,0.5031948685646057,0.628742516040802,0.062212441116571426
YPL028W,YML102W,0,10.068989,0.5027933120727539,0.628742516040802,0.06231246143579483
YLR304C,YEL058W,0,10.06114,0.5023923516273499,0.628742516040802,0.062412481755018234
YLL034C,YBR119W,0,10.0581875,0.5019920468330383,0.628742516040802,0.06251250207424164
YMR016C,YLR312C-B,1,10.055081,0.5023885369300842,0.6297405362129211,0.06251250207424164
YGL189C,YGL073W,0,10.053122,0.5019888877868652,0.6297405362129211,0.06261252611875534
YIL064W,YJL001W,0,10.050865,0.501589834690094,0.6297405362129211,0.06271254271268845
YOR294W,YCR075C,0,10.048758,0.5011914372444153,0.6297405362129211,0.06281255930662155
YML031W,YBL075C,0,10.04801,0.5007936358451843,0.6297405362129211,0.06291258335113525
YGL127C,YNL301C,0,10.041607,0.5003964900970459,0.6297405362129211,0.06301259994506836
YEL002C,YPL252C,0,10.022345,0.5,0.6297405362129211,0.06311262398958206
YDL130W,YIL056W,0,10.011288,0.49960410594940186,0.6297405362129211,0.06321264058351517
YML104C,YGL053W,0,10.005475,0.49920886754989624,0.6297405362129211,0.06331266462802887
YLR181C,YPR017C,0,9.980928,0.4988142251968384,0.6297405362129211,0.06341268122196198
YGL126W,YDR320C,0,9.976783,0.49842020869255066,0.6297405362129211,0.06351270526647568
YOR266W,YGR211W,0,9.970367,0.49802684783935547,0.6297405362129211,0.06361272186040878
YAL054C,YDR081C,0,9.953087,0.49763408303260803,0.6297405362129211,0.06371274590492249
YHR110W,YHR064C,0,9.9472885,0.49724191427230835,0.6297405362129211,0.06381276249885559
YNL238W,YLR080W,0,9.940313,0.4968504011631012,0.6297405362129211,0.0639127790927887
YGR191W,YNL291C,0,9.940304,0.4964594841003418,0.6297405362129211,0.0640128031373024
YKL192C,YHR142W,0,9.940178,0.49606919288635254,0.6297405362129211,0.0641128197312355
YKL198C,YDR404C,0,9.939314,0.49567949771881104,0.6297405362129211,0.0642128437757492
YGR044C,YNL292W,0,9.9375515,0.4952904284000397,0.6297405362129211,0.06431286036968231
YBL078C,YCR028C,0,9.936705,0.49490195512771606,0.6297405362129211,0.06441288441419601
YMR015C,YLL008W,0,9.93494,0.4945141077041626,0.6297405362129211,0.06451290100812912
YKL043W,YAL062W,0,9.929181,0.4941268563270569,0.6297405362129211,0.06461292505264282
YAL059W,YFR030W,0,9.908188,0.4937402307987213,0.6297405362129211,0.06471294164657593
YML036W,YNL031C,0,9.898229,0.4933541715145111,0.6297405362129211,0.06481296569108963
YML011C,YBR033W,0,9.897696,0.49296873807907104,0.6297405362129211,0.06491298228502274
YLR158C,YBR233W-A,0,9.892967,0.4925839304924011,0.6297405362129211,0.06501299887895584
YAL034W-A,YBR121C,0,9.886055,0.49219968914985657,0.6297405362129211,0.06511302292346954
YOR068C,YDL045W-A,0,9.883708,0.49181604385375977,0.6297405362129211,0.06521303951740265
YLR362W,YMR016C,1,9.881899,0.49221184849739075,0.6307384967803955,0.06521303951740265
YGR286C,YNL297C,0,9.877332,0.4918287992477417,0.6307384967803955,0.06531306356191635
YPR068C,YDR469W,0,9.865604,0.4914463460445404,0.6307384967803955,0.06541308015584946
YBR040W,YPR072W,0,9.860445,0.49106448888778687,0.6307384967803955,0.06551310420036316
YLR134W,YER184C,0,9.855892,0.4906832277774811,0.6307384967803955,0.06561312079429626
YNL001W,YER108C,1,9.850279,0.49107834696769714,0.6317365169525146,0.06561312079429626
YGL147C,YIL138C,0,9.847498,0.4906976819038391,0.6317365169525146,0.06571314483880997
YKL026C,YLR347C,0,9.839619,0.49031758308410645,0.6317365169525146,0.06581316143274307
YCR093W,YOL120C,0,9.83089,0.48993808031082153,0.6317365169525146,0.06591318547725677
YOL142W,YLR142W,0,9.830088,0.4895591735839844,0.6317365169525146,0.06601320207118988
YPL198W,YMR234W,0,9.824425,0.4891808331012726,0.6317365169525146,0.06611322611570358
YFL039C,YOR060C,0,9.82272,0.48880308866500854,0.6317365169525146,0.06621324270963669
YDL030W,YNL102W,0,9.822327,0.48842594027519226,0.6317365169525146,0.0663132593035698
YAR002C-A,YDR375C,0,9.81548,0.48804935812950134,0.6317365169525146,0.0664132833480835
YOR221C,YLR092W,0,9.81163,0.4876733422279358,0.6317365169525146,0.0665132999420166
YBL052C,YMR158W,0,9.808052,0.487297922372818,0.6317365169525146,0.0666133239865303
YHR084W,YHR073W,1,9.797221,0.48769229650497437,0.6327345371246338,0.0666133239865303
YPL022W,YIL137C,0,9.796246,0.48731744289398193,0.6327345371246338,0.06671334058046341
YOR127W,YNL197C,1,9.795099,0.48771122097969055,0.6337325572967529,0.06671334058046341
YLR115W,YER036C,0,9.794697,0.4873369038105011,0.6337325572967529,0.06681336462497711
YJL153C,YNR035C,0,9.79216,0.4869631826877594,0.6337325572967529,0.06691338121891022
YML074C,YLR188W,0,9.791027,0.48659002780914307,0.6337325572967529,0.06701340526342392
YMR115W,YOR071C,0,9.782358,0.4862174689769745,0.6337325572967529,0.06711342185735703
YER154W,YBR128C,0,9.782305,0.4858454465866089,0.6337325572967529,0.06721344590187073
YHR084W,YER149C,1,9.781052,0.4862385392189026,0.6347305178642273,0.06721344590187073
YDR099W,YLL021W,1,9.773827,0.48663100600242615,0.6357285380363464,0.06721344590187073
YKL180W,YKL032C,0,9.745127,0.4862595498561859,0.6357285380363464,0.06731346249580383
YMR019W,YGR008C,0,9.742703,0.48588863015174866,0.6357285380363464,0.06741347908973694
YIR025W,YNL182C,0,9.720991,0.48551830649375916,0.6357285380363464,0.06751350313425064
YPR005C,YEL040W,0,9.718054,0.48514851927757263,0.6357285380363464,0.06761351972818375
YNL127W,YOR136W,0,9.702129,0.4847792983055115,0.6357285380363464,0.06771354377269745
YGL233W,YOL120C,0,9.70068,0.4844106435775757,0.6357285380363464,0.06781356036663055
YBR168W,YJL198W,0,9.698683,0.48404255509376526,0.6357285380363464,0.06791358441114426
YMR153W,YKR007W,0,9.691119,0.4836750328540802,0.6357285380363464,0.06801360100507736
YHR143W,YNL197C,1,9.68784,0.48406675457954407,0.6367265582084656,0.06801360100507736
YKL087C,YNL210W,0,9.675554,0.483699768781662,0.6367265582084656,0.06811362504959106
YLR068W,YMR264W,0,9.670944,0.4833333194255829,0.6367265582084656,0.06821364164352417
YBR168W,YOR084W,0,9.664663,0.48296743631362915,0.6367265582084656,0.06831366568803787
YHR143W,YEL013W,0,9.663689,0.4826021194458008,0.6367265582084656,0.06841368228197098
YBR291C,YLR185W,0,9.663378,0.4822373390197754,0.6367265582084656,0.06851370632648468
YIL076W,YGL107C,0,9.662843,0.48187312483787537,0.6367265582084656,0.06861372292041779
YDL170W,YJL006C,0,9.662659,0.4815094470977783,0.6367265582084656,0.06871373951435089
YER118C,YKL185W,1,9.662168,0.4819004535675049,0.6377245783805847,0.06871373951435089
YDR318W,YDR496C,0,9.649937,0.4815373122692108,0.6377245783805847,0.0688137635588646
YJL080C,YDR200C,0,9.648727,0.4811747074127197,0.6377245783805847,0.0689137801527977
YDR318W,YBR023C,0,9.635492,0.4808126389980316,0.6377245783805847,0.0690138041973114
YLR258W,YLR151C,0,9.635221,0.48045113682746887,0.6377245783805847,0.0691138207912445
YKR094C,YGL111W,0,9.63163,0.4800901710987091,0.6377245783805847,0.06921384483575821
YPL060W,YBL087C,0,9.626578,0.4797297418117523,0.6377245783805847,0.06931386142969131
YPR068C,YML021C,0,9.625414,0.4793698489665985,0.6377245783805847,0.06941388547420502
YDR498C,YER095W,0,9.615331,0.4790104925632477,0.6377245783805847,0.06951390206813812
YDL127W,YML009C,0,9.612192,0.47865167260169983,0.6377245783805847,0.06961392611265182
YMR274C,YCL032W,0,9.611469,0.47829341888427734,0.6377245783805847,0.06971394270658493
YML125C,YPL183C,0,9.604285,0.47793567180633545,0.6377245783805847,0.06981395930051804
YOL121C,YPR194C,0,9.595699,0.47757846117019653,0.6377245783805847,0.06991398334503174
YEL041W,YOR079C,0,9.588968,0.477221816778183,0.6377245783805847,0.07001399993896484
YDL159W,YLL021W,1,9.575858,0.4776119291782379,0.6387225389480591,0.07001399993896484
YDR256C,YMR239C,0,9.571838,0.47725579142570496,0.6387225389480591,0.07011402398347855
YLR362W,YGL190C,1,9.567554,0.47764530777931213,0.6397205591201782,0.07011402398347855
YOL009C,YDR470C,0,9.552347,0.4772896468639374,0.6397205591201782,0.07021404057741165
YOR069W,YOL052C-A,0,9.538715,0.4769345223903656,0.6397205591201782,0.07031406462192535
YER150W,YMR049C,0,9.536601,0.4765799343585968,0.6397205591201782,0.07041408121585846
YLR286C,YDL035C,0,9.536156,0.4762258529663086,0.6397205591201782,0.07051410526037216
YOR032C,YDR432W,1,9.524238,0.47661471366882324,0.6407185792922974,0.07051410526037216
YML106W,YDL216C,0,9.5239105,0.4762611389160156,0.6407185792922974,0.07061412185430527
YER185W,YFL045C,0,9.522312,0.4759080708026886,0.6407185792922974,0.07071414589881897
YDR099W,YLR313C,1,9.520451,0.4762963056564331,0.6417165398597717,0.07071414589881897
YKL134C,YLL051C,0,9.506725,0.47594374418258667,0.6417165398597717,0.07081416249275208
YOR294W,YNR030W,0,9.506275,0.4755917191505432,0.6417165398597717,0.07091418653726578
YDL093W,YBR207W,0,9.503402,0.47524020075798035,0.6417165398597717,0.07101420313119888
YBR175W,YBL038W,0,9.50251,0.47488921880722046,0.6417165398597717,0.07111421972513199
YBR196C,YAL020C,0,9.502296,0.47453874349594116,0.6417165398597717,0.07121424376964569
YMR211W,YPR031W,0,9.480257,0.47418880462646484,0.6417165398597717,0.0713142603635788
YOR233W,YHR044C,0,9.47645,0.47383934259414673,0.6417165398597717,0.0714142844080925
YBR066C,YER108C,1,9.472399,0.47422680258750916,0.6427145600318909,0.0714142844080925
YOL156W,YLR293C,0,9.449804,0.47387784719467163,0.6427145600318909,0.0715143010020256
YCL043C,YHR120W,0,9.443909,0.4735293984413147,0.6427145600318909,0.0716143250465393
YPL254W,YDL019C,0,9.43549,0.47318148612976074,0.6427145600318909,0.07171434164047241
YGL026C,YBR022W,0,9.433973,0.4728340804576874,0.6427145600318909,0.07181436568498611
YHR014W,YMR026C,0,9.428886,0.4724871516227722,0.6427145600318909,0.07191438227891922
YML102W,YPL200W,0,9.424998,0.47214075922966003,0.6427145600318909,0.07201440632343292
YGL103W,YPL203W,0,9.423824,0.47179487347602844,0.6427145600318909,0.07211442291736603
YPR057W,YKR038C,0,9.423294,0.47144949436187744,0.6427145600318909,0.07221443951129913
YLR362W,YPL021W,1,9.417185,0.4718361496925354,0.64371258020401,0.07221443951129913
YKR103W,YDR308C,0,9.413904,0.4714912176132202,0.64371258020401,0.07231446355581284
YDR151C,YDR402C,0,9.413262,0.471146821975708,0.64371258020401,0.07241448014974594
YLR134W,YOR219C,0,9.409568,0.4708029329776764,0.64371258020401,0.07251450419425964
YPL176C,YOR272W,0,9.3972435,0.470459520816803,0.64371258020401,0.07261452078819275
YBR223C,YNL280C,0,9.396851,0.47011661529541016,0.64371258020401,0.07271454483270645
YLR348C,YDL061C,0,9.394691,0.4697742164134979,0.64371258020401,0.07281456142663956
YMR246W,YLR186W,0,9.390756,0.4694323241710663,0.64371258020401,0.07291458547115326
YMR164C,YCR038C,1,9.390553,0.4698181748390198,0.6447106003761292,0.07291458547115326
YBR278W,YMR312W,0,9.368744,0.46947672963142395,0.6447106003761292,0.07301460206508636
YLR411W,YCL031C,0,9.367842,0.4691357910633087,0.6447106003761292,0.07311462610960007
YNL259C,YLL002W,0,9.362684,0.4687953591346741,0.6447106003761292,0.07321464270353317
YOR253W,YMR232W,0,9.360689,0.46845540404319763,0.6447106003761292,0.07331465929746628
YKL129C,YDR246W,0,9.346439,0.4681159555912018,0.6447106003761292,0.07341468334197998
YIL039W,YKL060C,0,9.338621,0.46777698397636414,0.6447106003761292,0.07351469993591309
YLR401C,YJR052W,0,9.338243,0.4674384891986847,0.6447106003761292,0.07361472398042679
YDR353W,YLR316C,0,9.333025,0.46710050106048584,0.6447106003761292,0.0737147405743599
YPR122W,YER089C,0,9.331404,0.4667630195617676,0.6447106003761292,0.0738147646188736
YIL070C,YMR172W,0,9.317978,0.46642598509788513,0.6447106003761292,0.0739147812128067
YJR126C,YJL200C,0,9.308858,0.4660894572734833,0.6447106003761292,0.0740148052573204
YBR275C,YPL017C,0,9.305227,0.465753436088562,0.6447106003761292,0.07411482185125351
YDR018C,YGR024C,0,9.301744,0.46541786193847656,0.6447106003761292,0.07421484589576721
YDR496C,YMR025W,0,9.2939415,0.4650827944278717,0.6447106003761292,0.07431486248970032
YDR533C,YLR315W,0,9.286142,0.46474820375442505,0.6447106003761292,0.07441488653421402
YDR384C,YOL093W,0,9.284474,0.4644140899181366,0.6447106003761292,0.07451490312814713
YDR098C,YNR019W,0,9.275895,0.46408045291900635,0.6447106003761292,0.07461491972208023
YML070W,YGL083W,0,9.272078,0.4637473225593567,0.6447106003761292,0.07471494376659393
YML027W,YAR042W,0,9.268142,0.46341463923454285,0.6447106003761292,0.07481496036052704
YHR036W,YLR384C,0,9.266336,0.4630824327468872,0.6447106003761292,0.07491498440504074
YHL007C,YGL190C,1,9.260292,0.4634670615196228,0.6457085609436035,0.07491498440504074
YOR176W,YGR154C,0,9.254671,0.463135302066803,0.6457085609436035,0.07501500099897385
YKL048C,YDR043C,1,9.23549,0.46351930499076843,0.6467065811157227,0.07501500099897385
YDR531W,YPL092W,0,9.2285,0.4631879925727844,0.6467065811157227,0.07511502504348755
YOR174W,YHR193C,0,9.209104,0.4628571569919586,0.6467065811157227,0.07521504163742065
YIL173W,YHR170W,0,9.197123,0.46252676844596863,0.6467065811157227,0.07531506568193436
YOR189W,YOL052C-A,0,9.191933,0.46219685673713684,0.6467065811157227,0.07541508227586746
YMR032W,YER177W,0,9.189379,0.46186742186546326,0.6467065811157227,0.07551510632038116
YKR009C,YLR409C,0,9.18825,0.4615384638309479,0.6467065811157227,0.07561512291431427
YGR205W,YNL218W,0,9.176672,0.4612099528312683,0.6467065811157227,0.07571513950824738
YAL019W,YER062C,0,9.1694145,0.46088194847106934,0.6467065811157227,0.07581516355276108
YIL053W,YGL025C,0,9.16305,0.4605543613433838,0.6467065811157227,0.07591518014669418
YOR389W,YJR150C,0,9.152906,0.46022728085517883,0.6467065811157227,0.07601520419120789
YBR061C,YGL225W,0,9.147691,0.4599006474018097,0.6467065811157227,0.07611522078514099
YDR477W,YNL138W,1,9.142591,0.46028369665145874,0.6477046012878418,0.07611522078514099
YKR103W,YLR009W,0,9.138321,0.459957480430603,0.6477046012878418,0.0762152448296547
YDR364C,YPR159W,0,9.134886,0.4596317410469055,0.6477046012878418,0.0763152614235878
YDR451C,YDR247W,0,9.130901,0.4593064486980438,0.6477046012878418,0.0764152854681015
YER091C,YPR149W,0,9.127604,0.45898160338401794,0.6477046012878418,0.0765153020620346
YEL044W,YML054C,0,9.116747,0.45865723490715027,0.6477046012878418,0.07661532610654831
YBR052C,YPL172C,0,9.10477,0.4583333432674408,0.6477046012878418,0.07671534270048141
YBL079W,YKL197C,0,9.103374,0.45800986886024475,0.6477046012878418,0.07681536674499512
YKR009C,YHR089C,0,9.095381,0.4576868712902069,0.6477046012878418,0.07691538333892822
YJL052W,YNR008W,0,9.071599,0.45736435055732727,0.6477046012878418,0.07701539993286133
YBR010W,YMR013C,0,9.070474,0.45704224705696106,0.6477046012878418,0.07711542397737503
YOR237W,YKL040C,0,9.070282,0.45672062039375305,0.6477046012878418,0.07721544057130814
YCL036W,YLL003W,0,9.066341,0.45639944076538086,0.6477046012878418,0.07731546461582184
YDL035C,YER108C,1,9.063688,0.45678144693374634,0.6487026214599609,0.07731546461582184
YOR382W,YML100W,0,9.056229,0.4564606845378876,0.6487026214599609,0.07741548120975494
YHR089C,YNR006W,0,9.043484,0.45614033937454224,0.6487026214599609,0.07751550525426865
YBR230C,YKR020W,0,9.040073,0.4558204710483551,0.6487026214599609,0.07761552184820175
YOR030W,YOR315W,1,9.038018,0.45620182156562805,0.6497005820274353,0.07761552184820175
YNL079C,YBR211C,0,9.035531,0.45588234066963196,0.6497005820274353,0.07771554589271545
YER123W,YNL263C,0,9.034272,0.45556333661079407,0.6497005820274353,0.07781556248664856
YLR214W,YLR384C,0,9.0307045,0.4552447497844696,0.6497005820274353,0.07791558653116226
YPL206C,YMR234W,0,9.0223675,0.45492660999298096,0.6497005820274353,0.07801560312509537
YLR043C,YPL155C,0,9.022156,0.4546089470386505,0.6497005820274353,0.07811561971902847
YNL318C,YGR081C,0,9.011415,0.4542917013168335,0.6497005820274353,0.07821564376354218
YER165W,YLR309C,0,9.0046015,0.4539749026298523,0.6497005820274353,0.07831566035747528
YKL090W,YOL056W,0,9.003769,0.4536585509777069,0.6497005820274353,0.07841568440198898
YER113C,YLR384C,0,8.990894,0.45334261655807495,0.6497005820274353,0.07851570099592209
YDR219C,YKL174C,0,8.976988,0.4530271291732788,0.6497005820274353,0.07861572504043579
YIR037W,YER063W,0,8.967166,0.4527120888233185,0.6497005820274353,0.0787157416343689
YNL251C,YBR264C,0,8.961367,0.45239749550819397,0.6497005820274353,0.0788157656788826
YFR001W,YJR059W,0,8.959349,0.4520833194255829,0.6497005820274353,0.0789157822728157
YBR196C,YDR173C,0,8.947541,0.4517695903778076,0.6497005820274353,0.0790158063173294
YPL209C,YDR116C,0,8.9468,0.45145630836486816,0.6497005820274353,0.07911582291126251
YNL310C,YDL190C,0,8.934012,0.45114344358444214,0.6497005820274353,0.07921583950519562
YBL061C,YPR160W,0,8.929887,0.45083102583885193,0.6497005820274353,0.07931586354970932
YGL051W,YOR298W,0,8.929383,0.45051902532577515,0.6497005820274353,0.07941588014364243
YDR092W,YLR404W,0,8.919555,0.4502074718475342,0.6497005820274353,0.07951590418815613
YML027W,YJR068W,0,8.918018,0.44989633560180664,0.6497005820274353,0.07961592078208923
YIL011W,YJL072C,0,8.914904,0.4495856463909149,0.6497005820274353,0.07971594482660294
YOR008C,YLR139C,0,8.914011,0.4492753744125366,0.6497005820274353,0.07981596142053604
YGL222C,YJR025C,0,8.911425,0.44896551966667175,0.6497005820274353,0.07991598546504974
YDR343C,YKL078W,0,8.90859,0.4486561119556427,0.6497005820274353,0.08001600205898285
YHL007C,YKL185W,1,8.90155,0.4490358233451843,0.6506986021995544,0.08001600205898285
YGR255C,YGR103W,0,8.887696,0.4487267732620239,0.6506986021995544,0.08011602610349655
YNL240C,YAL016W,0,8.8867855,0.44841817021369934,0.6506986021995544,0.08021604269742966
YLR097C,YEL021W,0,8.880585,0.4481099545955658,0.6506986021995544,0.08031606674194336
YOR297C,YLR080W,0,8.869936,0.44780218601226807,0.6506986021995544,0.08041608333587646
YPL186C,YDL166C,0,8.862803,0.44749486446380615,0.6506986021995544,0.08051609992980957
YDR508C,YLR016C,0,8.857376,0.4471879303455353,0.6506986021995544,0.08061612397432327
YDR392W,YER118C,1,8.85419,0.44756683707237244,0.6516966223716736,0.08061612397432327
YLR430W,YKL060C,0,8.853205,0.4472602605819702,0.6516966223716736,0.08071614056825638
YDR099W,YDR379W,1,8.848973,0.447638601064682,0.652694582939148,0.08071614056825638
YNR019W,YMR276W,0,8.84179,0.4473324120044708,0.652694582939148,0.08081616461277008
YOR009W,YNR008W,0,8.838434,0.44702666997909546,0.652694582939148,0.08091618120670319
YGR211W,YMR133W,0,8.837534,0.44672131538391113,0.652694582939148,0.08101620525121689
YMR184W,YBL075C,0,8.8333025,0.44641637802124023,0.652694582939148,0.08111622184515
YLR304C,YMR205C,0,8.831538,0.44611185789108276,0.652694582939148,0.0812162458896637
YNL085W,YHR109W,0,8.830706,0.4458077847957611,0.652694582939148,0.0813162624835968
YBL098W,YDL060W,0,8.830195,0.4455040991306305,0.652694582939148,0.0814162865281105
YDR478W,YNL301C,0,8.817757,0.4452008306980133,0.652694582939148,0.08151630312204361
YDL231C,YJR052W,0,8.81419,0.44489794969558716,0.652694582939148,0.08161631971597672
YDR494W,YAL060W,0,8.81197,0.4445955157279968,0.652694582939148,0.08171634376049042
YER060W-A,YGL014W,0,8.810294,0.44429346919059753,0.652694582939148,0.08181636035442352
YBR129C,YOR230W,0,8.808334,0.44399183988571167,0.652694582939148,0.08191638439893723
YMR164C,YNL068C,1,8.804905,0.4443690776824951,0.6536926031112671,0.08191638439893723
YBR287W,YNL244C,0,8.801771,0.4440678060054779,0.6536926031112671,0.08201640099287033
YDR515W,YER114C,0,8.793349,0.4437669515609741,0.6536926031112671,0.08211642503738403
YGL051W,YLR293C,0,8.78945,0.4434664845466614,0.6536926031112671,0.08221644163131714
YDR064W,YPL027W,0,8.773933,0.44316643476486206,0.6536926031112671,0.08231646567583084
YER098W,YDL171C,0,8.769595,0.44286680221557617,0.6536926031112671,0.08241648226976395
YDR167W,YPL060W,0,8.768536,0.4425675570964813,0.6536926031112671,0.08251650631427765
YOR337W,YJR123W,0,8.7649555,0.4422687292098999,0.6536926031112671,0.08261652290821075
YLR359W,YML051W,0,8.762305,0.4419703185558319,0.6536926031112671,0.08271654695272446
YOR393W,YDR259C,0,8.761282,0.44167229533195496,0.6536926031112671,0.08281656354665756
YJL106W,YGL232W,0,8.760252,0.44137465953826904,0.6536926031112671,0.08291658014059067
YOL086C,YGL061C,0,8.754548,0.44107744097709656,0.6536926031112671,0.08301660418510437
YDR381W,YKL185W,0,8.754534,0.4407806098461151,0.6536926031112671,0.08311662077903748
YDR342C,YBR081C,0,8.752664,0.4404841959476471,0.6536926031112671,0.08321664482355118
YJR150C,YJL121C,0,8.751915,0.4401881694793701,0.6536926031112671,0.08331666141748428
YHR206W,YLR268W,0,8.733585,0.4398925304412842,0.6536926031112671,0.08341668546199799
YOR090C,YIL148W,0,8.73324,0.43959730863571167,0.6536926031112671,0.08351670205593109
YDR117C,YDL035C,0,8.716028,0.4393024742603302,0.6536926031112671,0.0836167261004448
YOR096W,YOL136C,0,8.715754,0.43900805711746216,0.6536926031112671,0.0837167426943779
YGL027C,YCR005C,0,8.715295,0.43871399760246277,0.6536926031112671,0.0838167667388916
YJL106W,YMR203W,0,8.709799,0.4384203553199768,0.6536926031112671,0.08391678333282471
YHR027C,YGR085C,0,8.705748,0.4381271004676819,0.6536926031112671,0.08401679992675781
YLR324W,YMR123W,0,8.702699,0.437834233045578,0.6536926031112671,0.08411682397127151
YFR038W,YKL062W,0,8.702641,0.43754175305366516,0.6536926031112671,0.08421684056520462
YER142C,YDR172W,0,8.701475,0.43724966049194336,0.6536926031112671,0.08431686460971832
YKL048C,YJL179W,0,8.700161,0.436957985162735,0.6536926031112671,0.08441688120365143
YGR056W,YOL120C,0,8.699853,0.43666666746139526,0.6536926031112671,0.08451690524816513
YDR004W,YPR194C,0,8.693983,0.4363757371902466,0.6536926031112671,0.08461692184209824
YGL246C,YPL155C,0,8.69302,0.43608522415161133,0.6536926031112671,0.08471694588661194
YLL043W,YJL170C,0,8.692364,0.4357950687408447,0.6536926031112671,0.08481696248054504
YER113C,YJL062W,0,8.688696,0.43550533056259155,0.6536926031112671,0.08491698652505875
YMR289W,YLR219W,0,8.679221,0.43521595001220703,0.6536926031112671,0.08501700311899185
YMR065W,YMR169C,0,8.676155,0.43492695689201355,0.6536926031112671,0.08511701971292496
YEL070W,YLR244C,0,8.66746,0.4346383512020111,0.6536926031112671,0.08521704375743866
YDR128W,YMR025W,0,8.665856,0.4343501329421997,0.6536926031112671,0.08531706035137177
YLR357W,YMR159C,0,8.66356,0.43406230211257935,0.6536926031112671,0.08541708439588547
YKL124W,YHR051W,0,8.661484,0.43377482891082764,0.6536926031112671,0.08551710098981857
YDR528W,YOL026C,0,8.657812,0.43348774313926697,0.6536926031112671,0.08561712503433228
YDR328C,YKL179C,0,8.656503,0.43320104479789734,0.6536926031112671,0.08571714162826538
YHL044W,YDR279W,0,8.654973,0.43291473388671875,0.6536926031112671,0.08581716567277908
YER099C,YDR517W,0,8.6306095,0.4326288104057312,0.6536926031112671,0.08591718226671219
YBL025W,YIL011W,0,8.628131,0.4323432445526123,0.6536926031112671,0.08601720631122589
YHR024C,YEL059C-A,0,8.626235,0.43205803632736206,0.6536926031112671,0.086117222905159
YLL040C,YNR035C,0,8.6249,0.43177324533462524,0.6536926031112671,0.0862172469496727
YDR477W,YKL043W,1,8.6213455,0.4321475625038147,0.6546906232833862,0.0862172469496727
YKR093W,YHR039C-A,0,8.617523,0.43186306953430176,0.6546906232833862,0.0863172635436058
YMR218C,YJL062W,0,8.612417,0.43157893419265747,0.6546906232833862,0.08641728013753891
YLR054C,YJL110C,0,8.612111,0.4312951862812042,0.6546906232833862,0.08651730418205261
YNL282W,YKL178C,0,8.610353,0.431011825799942,0.6546906232833862,0.08661732077598572
YAR019C,YNL207W,0,8.604181,0.43072882294654846,0.6546906232833862,0.08671734482049942
YDR285W,YJL149W,0,8.598169,0.43044620752334595,0.6546906232833862,0.08681736141443253
YKL191W,YOR099W,0,8.596247,0.4301639199256897,0.6546906232833862,0.08691738545894623
YLR362W,YMR316W,1,8.594704,0.4305373430252075,0.6556886434555054,0.08691738545894623
YDL112W,YGR112W,0,8.593458,0.4302554130554199,0.6556886434555054,0.08701740205287933
YPL271W,YKL054C,0,8.5932665,0.4299738109111786,0.6556886434555054,0.08711742609739304
YDR356W,YIR019C,0,8.590551,0.4296925961971283,0.6556886434555054,0.08721744269132614
YBR083W,YLR353W,1,8.584649,0.4300653636455536,0.6566866040229797,0.08721744269132614
YLR460C,YGL061C,0,8.58116,0.4297844469547272,0.6566866040229797,0.08731746673583984
YKR014C,YJL079C,0,8.579328,0.4295039176940918,0.6566866040229797,0.08741748332977295
YKL043W,YER108C,1,8.573524,0.42987605929374695,0.6576846241950989,0.08741748332977295
YMR016C,YNR017W,0,8.569388,0.42959582805633545,0.6576846241950989,0.08751749992370605
YKL195W,YDL160C,0,8.563764,0.4293159544467926,0.6576846241950989,0.08761752396821976
YGL095C,YCR065W,0,8.5609665,0.4290364682674408,0.6576846241950989,0.08771754056215286
YER145C,YDR137W,0,8.560702,0.42875730991363525,0.6576846241950989,0.08781756460666656
YDL112W,YLL057C,0,8.559867,0.42847853899002075,0.6576846241950989,0.08791758120059967
YHR084W,YBR083W,1,8.556908,0.4288499057292938,0.658682644367218,0.08791758120059967
YDR362C,YER044C,0,8.556372,0.4285714328289032,0.658682644367218,0.08801760524511337
YER108C,YMR238W,1,8.556209,0.4289422333240509,0.6596806645393372,0.08801760524511337
YNL244C,YAL056W,0,8.553676,0.42866405844688416,0.6596806645393372,0.08811762183904648
YIL069C,YMR117C,0,8.543026,0.42838627099990845,0.6596806645393372,0.08821764588356018
YKR101W,YDR002W,0,8.5422735,0.428108811378479,0.6596806645393372,0.08831766247749329
YLR362W,YNL098C,1,8.540847,0.4284789562225342,0.6606786251068115,0.08831766247749329
YMR246W,YHR142W,0,8.528425,0.428201824426651,0.6606786251068115,0.08841768652200699
YER127W,YER063W,0,8.525396,0.4279250204563141,0.6606786251068115,0.0885177031159401
YDR100W,YER082C,0,8.521869,0.4276485741138458,0.6606786251068115,0.0886177271604538
YOL031C,YLR047C,0,8.519575,0.4273724853992462,0.6606786251068115,0.0887177437543869
YGR167W,YIL148W,0,8.508515,0.42709678411483765,0.6606786251068115,0.08881776034832001
YLR147C,YDL210W,0,8.496641,0.42682141065597534,0.6606786251068115,0.08891778439283371
YPL021W,YJL143W,0,8.49612,0.4265463948249817,0.6606786251068115,0.08901780098676682
YFL017W-A,YAR033W,0,8.494324,0.4262717366218567,0.6606786251068115,0.08911782503128052
YPL179W,YLR440C,0,8.491819,0.42599743604660034,0.6606786251068115,0.08921784162521362
YDR087C,YJL003W,0,8.48926,0.42572346329689026,0.6606786251068115,0.08931786566972733
YLR194C,YIL132C,0,8.487373,0.4254498779773712,0.6606786251068115,0.08941788226366043
YOR030W,YKL043W,1,8.484528,0.42581889033317566,0.6616766452789307,0.08941788226366043
YOR347C,YGL227W,0,8.483803,0.4255455732345581,0.6616766452789307,0.08951790630817413
YLR120C,YDR165W,0,8.480887,0.4252726137638092,0.6616766452789307,0.08961792290210724
YER088C,YFR030W,0,8.476589,0.42500001192092896,0.6616766452789307,0.08971794694662094
YJL034W,YJL044C,0,8.471516,0.42472773790359497,0.6616766452789307,0.08981796354055405
YER126C,YER175C,0,8.467348,0.42445582151412964,0.6616766452789307,0.08991798013448715
YJR094W-A,YAL011W,0,8.466747,0.42418426275253296,0.6616766452789307,0.09001800417900085
YNR024W,YPL096W,0,8.456327,0.42391303181648254,0.6616766452789307,0.09011802077293396
YBR118W,YNR002C,0,8.438718,0.4236421585083008,0.6616766452789307,0.09021804481744766
YJR009C,YGL014W,0,8.434168,0.42337164282798767,0.6616766452789307,0.09031806141138077
YJL191W,YGL251C,0,8.429538,0.4231014549732208,0.6616766452789307,0.09041808545589447
YOR008C,YNL244C,0,8.423859,0.42283162474632263,0.6616766452789307,0.09051810204982758
YGL026C,YKL026C,0,8.4189415,0.4225621521472931,0.6616766452789307,0.09061812609434128
YJL056C,YGR295C,0,8.417834,0.4222930073738098,0.6616766452789307,0.09071814268827438
YOR316C,YIL018W,0,8.409806,0.4220241904258728,0.6616766452789307,0.09081816673278809
YHR148W,YMR020W,0,8.388018,0.42175573110580444,0.6616766452789307,0.09091818332672119
YLR078C,YNL133C,0,8.38522,0.42148759961128235,0.6616766452789307,0.0910181999206543
YPR005C,YNL301C,0,8.384028,0.4212198257446289,0.6616766452789307,0.091118223965168
YGL016W,YAL011W,0,8.38237,0.42095237970352173,0.6616766452789307,0.0912182405591011
YLR248W,YNR057C,0,8.379522,0.4206852912902832,0.6616766452789307,0.09131826460361481
YOR206W,YLR312C-B,0,8.3768425,0.42041853070259094,0.6616766452789307,0.09141828119754791
YPR118W,YJR151C,0,8.3709955,0.42015209794044495,0.6616766452789307,0.09151830524206161
YDR345C,YBL039C,0,8.358441,0.4198859930038452,0.6616766452789307,0.09161832183599472
YPL120W,YDR297W,0,8.356345,0.41962024569511414,0.6616766452789307,0.09171834588050842
YDR343C,YFR041C,0,8.355331,0.4193548262119293,0.6616766452789307,0.09181836247444153
YDR300C,YIL144W,0,8.355027,0.41908976435661316,0.6616766452789307,0.09191838651895523
YFR024C-A,YGL173C,0,8.348678,0.41882503032684326,0.6616766452789307,0.09201840311288834
YBR083W,YER113C,1,8.346935,0.4191919267177582,0.6626746654510498,0.09201840311288834
YMR164C,YNL271C,1,8.34579,0.4195583462715149,0.6636726260185242,0.09201840311288834
YDR246W,YHR193C,0,8.342099,0.4192938208580017,0.6636726260185242,0.09211842715740204
YNL325C,YPL144W,0,8.336567,0.4190296232700348,0.6636726260185242,0.09221844375133514
YBR222C,YHR143W,0,8.33271,0.41876575350761414,0.6636726260185242,0.09231846034526825
YCR011C,YCL063W,0,8.329859,0.41850221157073975,0.6636726260185242,0.09241848438978195
YER150W,YGR276C,0,8.328175,0.4182389974594116,0.6636726260185242,0.09251850098371506
YOL123W,YGL227W,0,8.325895,0.41797611117362976,0.6636726260185242,0.09261852502822876
YKL103C,YGL053W,0,8.321556,0.41771358251571655,0.6636726260185242,0.09271854162216187
YJL087C,YOR004W,0,8.32087,0.4174513518810272,0.6636726260185242,0.09281856566667557
YOR156C,YLR055C,0,8.319002,0.41718944907188416,0.6636726260185242,0.09291858226060867
YNR013C,YDL138W,0,8.315643,0.41692790389060974,0.6636726260185242,0.09301860630512238
YGR180C,YGL068W,0,8.315189,0.4166666567325592,0.6636726260185242,0.09311862289905548
YOR371C,YLR313C,1,8.314145,0.4170319437980652,0.6646706461906433,0.09311862289905548
YHR148W,YJL025W,0,8.306496,0.41677096486091614,0.6646706461906433,0.09321864694356918
YMR211W,YER110C,0,8.304515,0.41651031374931335,0.6646706461906433,0.09331866353750229
YPL105C,YOR285W,0,8.295841,0.41624999046325684,0.6646706461906433,0.0934186801314354
YJL108C,YPR137W,0,8.293873,0.4159899950027466,0.6646706461906433,0.0935187041759491
YJR131W,YDR358W,0,8.292093,0.4157303273677826,0.6646706461906433,0.0936187207698822
YPL127C,YKL064W,0,8.291324,0.41547098755836487,0.6646706461906433,0.0937187448143959
YMR195W,YMR242C,0,8.290139,0.4152119755744934,0.6646706461906433,0.09381876140832901
YCR038C,YCR021C,0,8.28986,0.4149532616138458,0.6646706461906433,0.09391878545284271
YAL012W,YBL055C,0,8.287769,0.4146949052810669,0.6646706461906433,0.09401880204677582
YDR353W,YPR134W,0,8.286801,0.41443684697151184,0.6646706461906433,0.09411882609128952
YKL140W,YBR093C,0,8.283671,0.41417911648750305,0.6646706461906433,0.09421884268522263
YNR052C,YOR096W,0,8.278418,0.41392168402671814,0.6646706461906433,0.09431886672973633
YIL019W,YGR174C,0,8.276953,0.4136646091938019,0.6646706461906433,0.09441888332366943
YHR036W,YJR065C,0,8.276276,0.4134078323841095,0.6646706461906433,0.09451890736818314
YDL209C,YHR161C,0,8.268266,0.413151353597641,0.6646706461906433,0.09461892396211624
YLR362W,YDR099W,1,8.263012,0.41351518034935,0.6656686663627625,0.09461892396211624
YDL127W,YER159C,0,8.260767,0.41325896978378296,0.6656686663627625,0.09471894055604935
YCL063W,YJL148W,0,8.256968,0.4130030870437622,0.6656686663627625,0.09481896460056305
YCR026C,YBR261C,0,8.25116,0.4127475321292877,0.6656686663627625,0.09491898119449615
YBL072C,YNL041C,0,8.250962,0.4124922752380371,0.6656686663627625,0.09501900523900986
YGL222C,YGR084C,0,8.242511,0.4122373163700104,0.6656686663627625,0.09511902183294296
YDR213W,YAR018C,0,8.242409,0.4119827151298523,0.6656686663627625,0.09521904587745667
YGL141W,YMR239C,0,8.24192,0.4117283821105957,0.6656686663627625,0.09531906247138977
YKL026C,YGL186C,0,8.238548,0.41147440671920776,0.6656686663627625,0.09541908651590347
YML116W,YLR040C,0,8.236881,0.4112207293510437,0.6656686663627625,0.09551910310983658
YBR175W,YMR233W,0,8.235244,0.4109673500061035,0.6656686663627625,0.09561912715435028
YDR341C,YCR093W,0,8.226702,0.4107142984867096,0.6656686663627625,0.09571914374828339
YDL030W,YDR078C,0,8.225359,0.41046154499053955,0.6656686663627625,0.09581916034221649
YBR006W,YGR124W,0,8.223103,0.4102090895175934,0.6656686663627625,0.0959191843867302
YHR105W,YDR418W,0,8.2219095,0.4099569618701935,0.6656686663627625,0.0960192009806633
YMR101C,YPL226W,0,8.219396,0.40970516204833984,0.6656686663627625,0.096119225025177
YIL022W,YHR154W,0,8.218068,0.4094536602497101,0.6656686663627625,0.09621924161911011
YOR315W,YGR229C,0,8.217878,0.4092024564743042,0.6656686663627625,0.09631926566362381
YHR089C,YNL049C,0,8.216436,0.4089515507221222,0.6656686663627625,0.09641928225755692
YLR194C,YLR381W,0,8.208463,0.40870097279548645,0.6656686663627625,0.09651930630207062
YGR220C,YIL002C,0,8.198787,0.4084506928920746,0.6656686663627625,0.09661932289600372
YHR046C,YDL240W,0,8.194866,0.408200740814209,0.6656686663627625,0.09671934694051743
YLR318W,YJL058C,0,8.192252,0.4079510569572449,0.6656686663627625,0.09681936353445053
YGR222W,YBR162C,0,8.1915455,0.407701700925827,0.6656686663627625,0.09691938757896423
YOR224C,YGR138C,0,8.182055,0.40745264291763306,0.6656686663627625,0.09701940417289734
YMR139W,YCL034W,0,8.1787405,0.40720391273498535,0.6656686663627625,0.09711942076683044
YGR266W,YML095C,0,8.173153,0.40695545077323914,0.6656686663627625,0.09721944481134415
YIL135C,YNL206C,0,8.173088,0.4067073166370392,0.6656686663627625,0.09731946140527725
YAL056W,YIL131C,1,8.172888,0.4070688486099243,0.6666666865348816,0.09731946140527725
YNL271C,YOR030W,1,8.17232,0.407429963350296,0.667664647102356,0.09731946140527725
YHL007C,YOR315W,1,8.171325,0.4077906310558319,0.6686626672744751,0.09731946140527725
YIL115C,YDR418W,0,8.170844,0.4075425863265991,0.6686626672744751,0.09741948544979095
YPL133C,YNL302C,0,8.164075,0.4072948396205902,0.6686626672744751,0.09751950204372406
YNR060W,YOL105C,0,8.157532,0.4070473909378052,0.6686626672744751,0.09761952608823776
YLR197W,YGR014W,0,8.15695,0.406800240278244,0.6686626672744751,0.09771954268217087
YKL032C,YHR030C,0,8.1564,0.40655338764190674,0.6686626672744751,0.09781956672668457
YOR030W,YER020W,1,8.15535,0.40691328048706055,0.6696606874465942,0.09781956672668457
YDL159W,YOR127W,1,8.1536045,0.40727272629737854,0.6706587076187134,0.09781956672668457
YNL068C,YJL190C,0,8.150219,0.4070260524749756,0.6706587076187134,0.09791958332061768
YDR411C,YBL085W,0,8.14734,0.4067796468734741,0.6706587076187134,0.09801960736513138
YDR317W,YBR296C,0,8.13399,0.4065335690975189,0.6706587076187134,0.09811962395906448
YDR368W,YPR190C,0,8.122964,0.4062877893447876,0.6706587076187134,0.09821964055299759
YER063W,YNR004W,0,8.113786,0.40604230761528015,0.6706587076187134,0.09831966459751129
YPL021W,YMR164C,1,8.108697,0.40640097856521606,0.6716566681861877,0.09831966459751129
YLR083C,YHL007C,1,8.108641,0.40675920248031616,0.6726546883583069,0.09831966459751129
YMR319C,YIL135C,0,8.105925,0.40651386976242065,0.6726546883583069,0.0984196811914444
YNL138W-A,YMR264W,0,8.103527,0.406268835067749,0.6726546883583069,0.0985197052359581
YNL268W,YOL065C,0,8.1026,0.40602409839630127,0.6726546883583069,0.0986197218298912
YGR155W,YDR528W,0,8.10021,0.4057796597480774,0.6726546883583069,0.09871974587440491
YCL004W,YNR050C,0,8.096313,0.405535489320755,0.6726546883583069,0.09881976246833801
YOR155C,YOL072W,0,8.0925,0.4052916467189789,0.6726546883583069,0.09891978651285172
YLR318W,YJR050W,0,8.090374,0.40504807233810425,0.6726546883583069,0.09901980310678482
YOL123W,YOR374W,0,8.090025,0.4048047959804535,0.6726546883583069,0.09911982715129852
YPL269W,YLR150W,0,8.087523,0.4045618176460266,0.6726546883583069,0.09921984374523163
YDR461W,YDR386W,0,8.082407,0.4043191373348236,0.6726546883583069,0.09931986033916473
YER025W,YDL127W,0,8.079241,0.4040767252445221,0.6726546883583069,0.09941988438367844
YGR113W,YFR014C,0,8.0753765,0.40383464097976685,0.6726546883583069,0.09951990097761154
YBR031W,YIL153W,0,8.06932,0.4035928249359131,0.6726546883583069,0.09961992502212524
YGR193C,YNL001W,0,8.06683,0.4033512771129608,0.6726546883583069,0.09971994161605835
YGR006W,YDL208W,0,8.062924,0.4031100571155548,0.6726546883583069,0.09981996566057205
YER020W,YLR312C-B,1,8.0624695,0.4034668207168579,0.673652708530426,0.09981996566057205
YNR057C,YEL016C,0,8.061363,0.4032258093357086,0.673652708530426,0.09991998225450516
YPL221W,YKL058W,0,8.058154,0.4029850661754608,0.673652708530426,0.10002000629901886
YOL104C,YBR059C,0,8.057608,0.4027446210384369,0.673652708530426,0.10012002289295197
YNL304W,YLR270W,0,8.056097,0.40250447392463684,0.673652708530426,0.10022004693746567
YHR011W,YPL281C,0,8.046062,0.4022645950317383,0.673652708530426,0.10032006353139877
YHR009C,YGR083C,0,8.036758,0.4020250141620636,0.673652708530426,0.10042008757591248
YMR300C,YIL124W,0,8.035226,0.4017857015132904,0.673652708530426,0.10052010416984558
YKL002W,YAR031W,0,8.032965,0.4015466868877411,0.673652708530426,0.10062012076377869
YMR072W,YDR003W,0,8.03167,0.40130797028541565,0.673652708530426,0.10072014480829239
YKL089W,YKR056W,0,8.026514,0.4010695219039917,0.673652708530426,0.1008201614022255
YPL083C,YHR207C,0,8.025274,0.40083134174346924,0.673652708530426,0.1009201854467392
YGR224W,YAL026C,0,8.025067,0.40059345960617065,0.673652708530426,0.1010202020406723
YDR246W,YBR160W,0,8.023987,0.40035587549209595,0.673652708530426,0.101120226085186
YPL127C,YNL216W,0,8.016966,0.40011855959892273,0.673652708530426,0.10122024267911911
YLR037C,YIL111W,0,8.009195,0.399881511926651,0.673652708530426,0.10132026672363281
YDR477W,YHR011W,1,8.001024,0.4002368152141571,0.6746506690979004,0.10132026672363281
YPR169W,YLR350W,0,7.989157,0.4000000059604645,0.6746506690979004,0.10142028331756592
YOR313C,YGL171W,0,7.9863477,0.39976346492767334,0.6746506690979004,0.10152030736207962
YOR384W,YOL112W,0,7.9754663,0.3995271921157837,0.6746506690979004,0.10162032395601273
YDR477W,YPL115C,1,7.973543,0.39988186955451965,0.6756486892700195,0.10162032395601273
YER139C,YHR142W,0,7.95695,0.3996458053588867,0.6756486892700195,0.10172034054994583
YML101C,YNL096C,0,7.9480114,0.39941003918647766,0.6756486892700195,0.10182036459445953
YJR149W,YLR058C,0,7.9478006,0.3991745412349701,0.6756486892700195,0.10192038118839264
YGL018C,YOL103W,0,7.943369,0.398939311504364,0.6756486892700195,0.10202040523290634
YLR193C,YFL061W,0,7.935398,0.3987043499946594,0.6756486892700195,0.10212042182683945
YNL227C,YOL112W,0,7.9305162,0.3984696865081787,0.6756486892700195,0.10222044587135315
YKL056C,YHR060W,0,7.9169497,0.3982352912425995,0.6756486892700195,0.10232046246528625
YLR186W,YLR167W,0,7.9119873,0.39800116419792175,0.6756486892700195,0.10242048650979996
YDR248C,YBR301W,0,7.9111214,0.3977673351764679,0.6756486892700195,0.10252050310373306
YOL040C,YDL035C,0,7.910735,0.3975337743759155,0.6756486892700195,0.10262052714824677
YDL171C,YDR471W,0,7.9038515,0.39730048179626465,0.6756486892700195,0.10272054374217987
YAL063C,YKL132C,0,7.8993077,0.39706745743751526,0.6756486892700195,0.10282056778669357
YPL115C,YOR063W,0,7.88978,0.39683470129966736,0.6756486892700195,0.10292058438062668
YDR405W,YCL043C,0,7.8817186,0.39660221338272095,0.6756486892700195,0.10302060097455978
YLR120C,YPL064C,0,7.875894,0.3963700234889984,0.6756486892700195,0.10312062501907349
YMR308C,YMR156C,0,7.869542,0.39613810181617737,0.6756486892700195,0.10322064161300659
YKL043W,YLR312C-B,1,7.8639455,0.39649122953414917,0.6766467094421387,0.10322064161300659
YNL015W,YMR203W,0,7.8627186,0.39625948667526245,0.6766467094421387,0.1033206656575203
YLR039C,YFR001W,0,7.86271,0.3960280418395996,0.6766467094421387,0.1034206822514534
YPL094C,YGL158W,0,7.86036,0.39579683542251587,0.6766467094421387,0.1035207062959671
YDR099W,YER020W,1,7.85902,0.3961493670940399,0.6776447296142578,0.1035207062959671
YNL015W,YNL221C,0,7.8551836,0.3959183692932129,0.6776447296142578,0.10362072288990021
YEL038W,YFL036W,0,7.852627,0.39568763971328735,0.6776447296142578,0.10372074693441391
YPL188W,YIL111W,0,7.8503795,0.3954571783542633,0.6776447296142578,0.10382076352834702
YLL034C,YJR033C,0,7.8305874,0.39522701501846313,0.6776447296142578,0.10392078757286072
YNL138W,YCL017C,0,7.8302264,0.39499709010124207,0.6776447296142578,0.10402080416679382
YJL057C,YJL143W,0,7.8296027,0.3947674334049225,0.6776447296142578,0.10412082076072693
YBR146W,YDR451C,0,7.8244452,0.3945380449295044,0.6776447296142578,0.10422084480524063
YHL007C,YHR011W,1,7.8240123,0.3948896527290344,0.6786426901817322,0.10422084480524063
YNL263C,YDR086C,0,7.8237543,0.39466047286987305,0.6786426901817322,0.10432086139917374
YKL020C,YMR131C,0,7.819682,0.39443156123161316,0.6786426901817322,0.10442088544368744
YDR300C,YBL014C,0,7.8095613,0.3942028880119324,0.6786426901817322,0.10452090203762054
YDR481C,YLR285W,0,7.8026447,0.39397451281547546,0.6786426901817322,0.10462092608213425
YPR180W,YNL278W,0,7.801667,0.39374637603759766,0.6786426901817322,0.10472094267606735
YNL073W,YGR008C,0,7.795685,0.39351850748062134,0.6786426901817322,0.10482096672058105
YLR213C,YDR127W,0,7.7877216,0.3932909071445465,0.6786426901817322,0.10492098331451416
YER113C,YBR237W,0,7.7872577,0.39306357502937317,0.6786426901817322,0.10502100735902786
YLR039C,YLR172C,0,7.782522,0.3928365111351013,0.6786426901817322,0.10512102395296097
YGR036C,YNL244C,0,7.77275,0.39260968565940857,0.6786426901817322,0.10522104054689407
YKL043W,YDR238C,0,7.7707663,0.3923831582069397,0.6786426901817322,0.10532106459140778
YDL159W,YNL271C,1,7.765305,0.3927335739135742,0.6796407103538513,0.10532106459140778
YJL059W,YLR316C,0,7.7623158,0.3925071954727173,0.6796407103538513,0.10542108118534088
YNL262W,YDR235W,0,7.7587914,0.39228111505508423,0.6796407103538513,0.10552110522985458
YGL205W,YDR404C,0,7.756175,0.3920552730560303,0.6796407103538513,0.10562112182378769
YMR316W,YNL129W,0,7.7545986,0.3918296992778778,0.6796407103538513,0.10572114586830139
YGR104C,YKR030W,0,7.7481346,0.39160436391830444,0.6796407103538513,0.1058211624622345
YDR351W,YGR244C,0,7.7343245,0.39137929677963257,0.6796407103538513,0.1059211865067482
YER118C,YIR019C,1,7.7331305,0.39172887802124023,0.6806387305259705,0.1059211865067482
YBR189W,YJR119C,0,7.730926,0.3915040194988251,0.6806387305259705,0.1060212031006813
YHL015W,YER173W,0,7.730716,0.391279399394989,0.6806387305259705,0.10612122714519501
YJL094C,YPL235W,0,7.7285147,0.39105504751205444,0.6806387305259705,0.10622124373912811
YKR020W,YOR204W,0,7.7234273,0.390830934047699,0.6806387305259705,0.10632126778364182
YBR036C,YMR163C,0,7.710145,0.390607088804245,0.6806387305259705,0.10642128437757492
YDL056W,YIR005W,0,7.706918,0.3903835117816925,0.6806387305259705,0.10652130097150803
YGL223C,YMR142C,0,7.7062397,0.3901601731777191,0.6806387305259705,0.10662132501602173
YOR032C,YLR007W,0,7.694507,0.3899371027946472,0.6806387305259705,0.10672134160995483
YGR288W,YEL038W,0,7.6863565,0.3897142708301544,0.6806387305259705,0.10682136565446854
YOR168W,YBR297W,0,7.681357,0.3894917070865631,0.6806387305259705,0.10692138224840164
YBR082C,YLR172C,0,7.677844,0.3892694115638733,0.6806387305259705,0.10702140629291534
YOL031C,YPR028W,0,7.6745095,0.3890473544597626,0.6806387305259705,0.10712142288684845
YBR002C,YAR042W,0,7.6712265,0.38882553577423096,0.6806387305259705,0.10722144693136215
YBR162W-A,YJR059W,0,7.66549,0.38860398530960083,0.6806387305259705,0.10732146352529526
YGL067W,YOR043W,0,7.6613326,0.3883826732635498,0.6806387305259705,0.10742148756980896
YJL219W,YDL006W,0,7.6581717,0.38816162943840027,0.6806387305259705,0.10752150416374207
YNR060W,YOL030W,0,7.646868,0.3879408538341522,0.6806387305259705,0.10762152075767517
YNL147W,YBR067C,0,7.6463537,0.3877202868461609,0.6806387305259705,0.10772154480218887
YKR053C,YOR260W,0,7.643297,0.38749998807907104,0.6806387305259705,0.10782156139612198
YLR054C,YOR054C,0,7.622922,0.3872799575328827,0.6806387305259705,0.10792158544063568
YJL041W,YDR400W,0,7.622585,0.38706016540527344,0.6806387305259705,0.10802160203456879
YHR139C,YLR313C,0,7.621599,0.3868406116962433,0.6806387305259705,0.10812162607908249
YCR096C,YNL188W,0,7.62112,0.3866213262081146,0.6806387305259705,0.1082216426730156
YPL131W,YJL214W,0,7.620022,0.38640227913856506,0.6806387305259705,0.1083216667175293
YOR032C,YBR183W,0,7.6155453,0.3861834704875946,0.6806387305259705,0.1084216833114624
YOR206W,YJL094C,0,7.6067514,0.38596490025520325,0.6806387305259705,0.1085217073559761
YMR193W,YDL097C,0,7.602259,0.3857465982437134,0.6806387305259705,0.10862172394990921
YLR316C,YBR282W,0,7.59462,0.3855285346508026,0.6806387305259705,0.10872174799442291
YJL011C,YBR121C,0,7.5929866,0.38531073927879333,0.6806387305259705,0.10882176458835602
YLL051C,YCR106W,0,7.581463,0.38509318232536316,0.6806387305259705,0.10892178118228912
YNR053C,YPR016C,0,7.578117,0.3848758339881897,0.6806387305259705,0.10902180522680283
YHR181W,YJL167W,0,7.574506,0.3846587836742401,0.6806387305259705,0.10912182182073593
YBR069C,YFR029W,0,7.5743427,0.38444194197654724,0.6806387305259705,0.10922184586524963
YPL027W,YDL136W,0,7.5738497,0.38422533869743347,0.6806387305259705,0.10932186245918274
YHL011C,YDR436W,0,7.565252,0.3840090036392212,0.6806387305259705,0.10942188650369644
YKL013C,YGL251C,0,7.5626926,0.383792906999588,0.6806387305259705,0.10952190309762955
YLR411W,YNL142W,0,7.55824,0.38357704877853394,0.6806387305259705,0.10962192714214325
YDR477W,YNL142W,1,7.554765,0.38392356038093567,0.6816367506980896,0.10962192714214325
YLR430W,YIL125W,0,7.5505657,0.38370785117149353,0.6816367506980896,0.10972194373607635
YGL098W,YGL031C,0,7.550102,0.3834924101829529,0.6816367506980896,0.10982196778059006
YNR010W,YKL010C,0,7.5491724,0.38327720761299133,0.6816367506980896,0.10992198437452316
YLR130C,YAR018C,0,7.5483384,0.3830622434616089,0.6816367506980896,0.11002200096845627
YDR536W,YDR086C,0,7.547055,0.38284754753112793,0.6816367506980896,0.11012202501296997
YDL159W,YOR032C,1,7.5451965,0.3831932842731476,0.682634711265564,0.11012202501296997
YJR143C,YPL004C,0,7.5389485,0.38297873735427856,0.682634711265564,0.11022204160690308
YLR390W,YGR118W,0,7.5327883,0.38276439905166626,0.682634711265564,0.11032206565141678
YDL045C,YMR274C,0,7.532262,0.38255032896995544,0.682634711265564,0.11042208224534988
YGR143W,YML011C,0,7.528043,0.38233649730682373,0.682634711265564,0.11052210628986359
YER025W,YDL139C,0,7.5273137,0.3821229040622711,0.682634711265564,0.11062212288379669
YLR120C,YPL138C,0,7.5263443,0.3819095492362976,0.682634711265564,0.1107221469283104
YLR246W,YGL210W,0,7.5230823,0.3816964328289032,0.682634711265564,0.1108221635222435
YHR209W,YPL224C,0,7.521449,0.3814835548400879,0.682634711265564,0.1109221875667572
YDR448W,YIL136W,0,7.51557,0.3812709152698517,0.682634711265564,0.11102220416069031
YLR353W,YIL131C,1,7.508464,0.38161560893058777,0.6836327314376831,0.11102220416069031
YIL068C,YJR070C,0,7.5081744,0.3814031183719635,0.6836327314376831,0.11112222075462341
YCR065W,YEL054C,0,7.5060863,0.38119086623191833,0.6836327314376831,0.11122224479913712
YCL001W,YOR182C,0,7.498553,0.38097885251045227,0.6836327314376831,0.11132226139307022
YLR312C-B,YDR107C,1,7.495241,0.3813229501247406,0.6846307516098022,0.11132226139307022
YMR016C,YBR083W,1,7.4902334,0.3816666603088379,0.6856287717819214,0.11132226139307022
YAR044W,YKR053C,0,7.489168,0.381454735994339,0.6856287717819214,0.11142228543758392
YKL205W,YPL004C,0,7.4847903,0.3812430500984192,0.6856287717819214,0.11152230203151703
YDR111C,YMR307W,0,7.4711647,0.3810316026210785,0.6856287717819214,0.11162232607603073
YDR392W,YHR111W,1,7.4622774,0.381374716758728,0.6866267323493958,0.11162232607603073
YKL201C,YOL056W,0,7.4618344,0.38116344809532166,0.6866267323493958,0.11172234266996384
YNL197C,YOR315W,1,7.4617567,0.381506085395813,0.6876247525215149,0.11172234266996384
YDR062W,YDR534C,0,7.4590673,0.38129496574401855,0.6876247525215149,0.11182236671447754
YIL106W,YGL162W,0,7.454678,0.3810840845108032,0.6876247525215149,0.11192238330841064
YOL133W,YPL065W,0,7.4543047,0.3808734118938446,0.6876247525215149,0.11202240735292435
YLR333C,YGR095C,0,7.443775,0.3806629776954651,0.6876247525215149,0.11212242394685745
YDR508C,YOR089C,0,7.439339,0.3804527819156647,0.6876247525215149,0.11222244799137115
YER098W,YHR185C,0,7.434251,0.38024282455444336,0.6876247525215149,0.11232246458530426
YMR207C,YJL178C,0,7.4326296,0.38003310561180115,0.6876247525215149,0.11242248117923737
YGR189C,YPL064C,0,7.4296846,0.37982359528541565,0.6876247525215149,0.11252250522375107
YDR091C,YBR281C,0,7.428732,0.37961432337760925,0.6876247525215149,0.11262252181768417
YAL059W,YGL158W,0,7.4263754,0.37940528988838196,0.6876247525215149,0.11272254586219788
YDR438W,YMR238W,0,7.421501,0.3791964650154114,0.6876247525215149,0.11282256245613098
YNL142W,YGR138C,0,7.421403,0.3789879083633423,0.6876247525215149,0.11292258650064468
YBR222C,YGR170W,0,7.419552,0.3787795603275299,0.6876247525215149,0.11302260309457779
YLR353W,YLR312C-B,1,7.419168,0.3791208863258362,0.688622772693634,0.11302260309457779
YPL133C,YGR239C,0,7.416189,0.37891268730163574,0.688622772693634,0.11312262713909149
YNL078W,YJR070C,0,7.413507,0.3787047266960144,0.688622772693634,0.1132226437330246
YDR091C,YOR308C,0,7.407961,0.3784969747066498,0.688622772693634,0.1133226677775383
YOR084W,YMR055C,0,7.4078712,0.37828946113586426,0.688622772693634,0.1134226843714714
YDR421W,YIL142W,0,7.4045095,0.37808218598365784,0.688622772693634,0.11352270096540451
YDL024C,YLR312C-B,1,7.402283,0.3784227967262268,0.6896207332611084,0.11352270096540451
YDR144C,YBR055C,0,7.399155,0.37821564078330994,0.6896207332611084,0.11362272500991821
YGL191W,YJR083C,0,7.398362,0.37800875306129456,0.6896207332611084,0.11372274160385132
YPL115C,YIL131C,1,7.3960066,0.37834882736206055,0.6906187534332275,0.11372274160385132
YMR112C,YFR007W,0,7.3909945,0.3781420886516571,0.6906187534332275,0.11382276564836502
YLR102C,YDR429C,0,7.390813,0.3779355585575104,0.6906187534332275,0.11392278224229813
YNL175C,YPL193W,0,7.3887568,0.37772926688194275,0.6906187534332275,0.11402280628681183
YBR243C,YOR151C,0,7.388363,0.37752318382263184,0.6906187534332275,0.11412282288074493
YGL209W,YMR308C,0,7.3877034,0.3773173391819,0.6906187534332275,0.11422284692525864
YLR006C,YDR236C,0,7.387404,0.3771117031574249,0.6906187534332275,0.11432286351919174
YKL043W,YGL205W,0,7.3865223,0.37690630555152893,0.6906187534332275,0.11442288756370544
YDR432W,YER113C,1,7.3857403,0.3772455155849457,0.6916167736053467,0.11442288756370544
YEL002C,YDL130W-A,0,7.381484,0.3770402669906616,0.6916167736053467,0.11452290415763855
YMR318C,YGR156W,0,7.3784556,0.3768352270126343,0.6916167736053467,0.11462292820215225
YDL043C,YDR322W,0,7.3706756,0.37663042545318604,0.6916167736053467,0.11472294479608536
YLR221C,YGL147C,0,7.3628144,0.3764258623123169,0.6916167736053467,0.11482296139001846
YPL101W,YJR104C,0,7.359082,0.37622150778770447,0.6916167736053467,0.11492298543453217
YGR204W,YJR160C,0,7.355731,0.37601736187934875,0.6916167736053467,0.11502300202846527
YLR120C,YJR158W,0,7.3521934,0.37581345438957214,0.6916167736053467,0.11512302607297897
YOR129C,YMR322C,0,7.3511934,0.37560975551605225,0.6916167736053467,0.11522304266691208
YDR529C,YLR448W,0,7.3473682,0.37540629506111145,0.6916167736053467,0.11532306671142578
YLR175W,YDR127W,0,7.34263,0.37520304322242737,0.6916167736053467,0.11542308330535889
YDR492W,YJR068W,0,7.342415,0.375,0.6916167736053467,0.11552310734987259
YNR060W,YMR242C,0,7.3370757,0.37479719519615173,0.6916167736053467,0.1156231239438057
YDR129C,YKR049C,0,7.3340425,0.3745945990085602,0.6916167736053467,0.1157231479883194
YPR035W,YBR192W,0,7.3300667,0.37439221143722534,0.6916167736053467,0.1158231645822525
YER022W,YJL189W,0,7.324459,0.3741900622844696,0.6916167736053467,0.11592318117618561
YKL164C,YPL141C,0,7.3228846,0.3739881217479706,0.6916167736053467,0.11602320522069931
YGR082W,YMR094W,0,7.313845,0.37378641963005066,0.6916167736053467,0.11612322181463242
YDR285W,YPL220W,0,7.310126,0.37358489632606506,0.6916167736053467,0.11622324585914612
YOR120W,YNL287W,0,7.307013,0.37338361144065857,0.6916167736053467,0.11632326245307922
YBR182C,YLR079W,0,7.3003216,0.3731825649738312,0.6916167736053467,0.11642328649759293
YNR006W,YPR137W,0,7.299718,0.3729816973209381,0.6916167736053467,0.11652330309152603
YJL157C,YDL061C,0,7.298764,0.37278106808662415,0.6916167736053467,0.11662332713603973
YPL149W,YOR048C,0,7.2986336,0.3725806474685669,0.6916167736053467,0.11672334372997284
YLL045C,YGL226W,0,7.297363,0.37238043546676636,0.6916167736053467,0.11682336777448654
YDR318W,YDL145C,0,7.292676,0.3721804618835449,0.6916167736053467,0.11692338436841965
YGR224W,YBR040W,0,7.286581,0.3719806671142578,0.6916167736053467,0.11702340096235275
YDR103W,YIL013C,0,7.285107,0.3717811107635498,0.6916167736053467,0.11712342500686646
YPL022W,YCR016W,0,7.2820263,0.3715817630290985,0.6916167736053467,0.11722344160079956
YPL156C,YJL214W,0,7.281155,0.37138262391090393,0.6916167736053467,0.11732346564531326
YOL098C,YGL169W,0,7.277768,0.37118372321128845,0.6916167736053467,0.11742348223924637
YER108C,YHR011W,1,7.2714634,0.37152034044265747,0.6926147937774658,0.11742348223924637
YOR143C,YMR168C,0,7.2602763,0.37132155895233154,0.6926147937774658,0.11752350628376007
YBR037C,YPL042C,0,7.2570696,0.37112298607826233,0.6926147937774658,0.11762352287769318
YER108C,YIR019C,1,7.253383,0.37145912647247314,0.6936127543449402,0.11762352287769318
YGL084C,YMR036C,0,7.2522945,0.3712606728076935,0.6936127543449402,0.11772354692220688
YDL038C,YLR212C,0,7.2428827,0.3710624575614929,0.6936127543449402,0.11782356351613998
YLL057C,YOL052C,0,7.2356787,0.3708644509315491,0.6936127543449402,0.11792358756065369
YJR083C,YNR003C,0,7.2305174,0.37066665291786194,0.6936127543449402,0.11802360415458679
YLR120C,YDR532C,0,7.225573,0.3704690933227539,0.6936127543449402,0.1181236281991005
YPL087W,YHR153C,0,7.2165747,0.3702717125415802,0.6936127543449402,0.1182236447930336
YJR073C,YLR327C,0,7.2133336,0.3700745403766632,0.6936127543449402,0.1183236613869667
YER023W,YOL007C,0,7.212247,0.3698776066303253,0.6936127543449402,0.11842368543148041
YMR241W,YBL014C,0,7.200037,0.36968085169792175,0.6936127543449402,0.11852370202541351
YDR518W,YGR075C,0,7.1940503,0.3694843053817749,0.6936127543449402,0.11862372606992722
YNL151C,YDR242W,0,7.1918006,0.36928799748420715,0.6936127543449402,0.11872374266386032
YLR043C,YPR083W,0,7.1873846,0.36909186840057373,0.6936127543449402,0.11882376670837402
YJL080C,YGL226W,0,7.186498,0.3688959777355194,0.6936127543449402,0.11892378330230713
YMR240C,YDR281C,0,7.185624,0.3687002658843994,0.6936127543449402,0.11902380734682083
YIL049W,YER149C,1,7.18522,0.369035005569458,0.6946107745170593,0.11902380734682083
YLR414C,YNL227C,0,7.1790533,0.36883941292762756,0.6946107745170593,0.11912382394075394
YOL059W,YIR026C,0,7.1698775,0.3686440587043762,0.6946107745170593,0.11922384798526764
YPL027W,YGR089W,0,7.1692877,0.3684489130973816,0.6946107745170593,0.11932386457920074
YJR151C,YGR078C,0,7.1631675,0.3682539761066437,0.6946107745170593,0.11942388117313385
YHL038C,YOR306C,0,7.1573095,0.3680592179298401,0.6946107745170593,0.11952390521764755
YDR395W,YDR273W,0,7.1454983,0.3678646981716156,0.6946107745170593,0.11962392181158066
YHR150W,YDL061C,0,7.139,0.36767035722732544,0.6946107745170593,0.11972394585609436
YMR125W,YDR005C,0,7.138997,0.3674762547016144,0.6946107745170593,0.11982396245002747
YBL034C,YGL137W,0,7.13676,0.36728233098983765,0.6946107745170593,0.11992398649454117
YOR381W,YGR244C,0,7.1298437,0.3670886158943176,0.6946107745170593,0.12002400308847427
YOR191W,YPL200W,0,7.1295652,0.3668951094150543,0.6946107745170593,0.12012402713298798
YKL034W,YLL018C-A,0,7.1257877,0.36670178174972534,0.6946107745170593,0.12022404372692108
YDR046C,YPL100W,0,7.124527,0.36650869250297546,0.6946107745170593,0.12032406777143478
YDR188W,YMR091C,0,7.1197166,0.3663157820701599,0.6946107745170593,0.12042408436536789
YPL149W,YMR246W,0,7.1156917,0.3661230802536011,0.6946107745170593,0.12052410840988159
YPR143W,YKL194C,0,7.1136365,0.36593058705329895,0.6946107745170593,0.1206241250038147
YNL294C,YPL206C,0,7.1099596,0.36573830246925354,0.6946107745170593,0.1207241415977478
YEL036C,YPL235W,0,7.1055336,0.36554622650146484,0.6946107745170593,0.1208241656422615
YLR229C,YIR019C,1,7.103117,0.36587926745414734,0.6956087946891785,0.1208241656422615
YGL120C,YOR180C,0,7.101384,0.3656873106956482,0.6956087946891785,0.12092418223619461
YDL078C,YFL038C,0,7.100975,0.3654955327510834,0.6956087946891785,0.12102420628070831
YNL061W,YER142C,0,7.0861425,0.36530399322509766,0.6956087946891785,0.12112422287464142
YOR034C,YDL141W,0,7.0856323,0.36511263251304626,0.6956087946891785,0.12122424691915512
YKL087C,YOR085W,0,7.0841837,0.3649214804172516,0.6956087946891785,0.12132426351308823
YBL098W,YLR390W,0,7.0830927,0.36473050713539124,0.6956087946891785,0.12142428755760193
YAL015C,YDR025W,0,7.0813375,0.3645397424697876,0.6956087946891785,0.12152430415153503
YJR153W,YIL131C,1,7.0792103,0.36487191915512085,0.6966068148612976,0.12152430415153503
YDL245C,YOR098C,0,7.0770283,0.36468130350112915,0.6966068148612976,0.12162432819604874
YLL040C,YER020W,0,7.07626,0.3644908666610718,0.6966068148612976,0.12172434478998184
YDR448W,YBR052C,0,7.074743,0.3643006384372711,0.6966068148612976,0.12182436138391495
YGR170W,YDR021W,0,7.070263,0.3641105890274048,0.6966068148612976,0.12192438542842865
YPL021W,YER108C,1,7.066022,0.3644421398639679,0.697604775428772,0.12192438542842865
YNL314W,YER177W,0,7.0657926,0.3642522096633911,0.697604775428772,0.12202440202236176
YLR466W,YDL017W,0,7.064577,0.36406248807907104,0.697604775428772,0.12212442606687546
YBL041W,YAL056W,0,7.0638523,0.3638729751110077,0.697604775428772,0.12222444266080856
YGL051W,YKR056W,0,7.0630035,0.36368367075920105,0.697604775428772,0.12232446670532227
YDR381W,YDL247W,0,7.0522,0.36349454522132874,0.697604775428772,0.12242448329925537
YBR084W,YKR104W,0,7.044918,0.36330559849739075,0.697604775428772,0.12252450734376907
YHR167W,YGL051W,0,7.035573,0.36311689019203186,0.697604775428772,0.12262452393770218
YOR319W,YDR086C,0,7.026348,0.3629283607006073,0.697604775428772,0.12272454798221588
YNL185C,YPR134W,0,7.0255804,0.36274001002311707,0.697604775428772,0.12282456457614899
YOR191W,YDL047W,0,7.0251694,0.36255186796188354,0.697604775428772,0.12292458862066269
YAL058W,YGL076C,0,7.023874,0.36236390471458435,0.697604775428772,0.1230246052145958
YER190W,YGL205W,0,7.0225673,0.36217617988586426,0.697604775428772,0.1231246218085289
YML031W,YKL090W,0,7.0203266,0.3619886040687561,0.697604775428772,0.1232246458530426
YNL073W,YOL109W,0,7.0162477,0.36180123686790466,0.697604775428772,0.12332466244697571
YIL074C,YLR044C,0,7.016197,0.36161407828330994,0.697604775428772,0.12342468649148941
YDR422C,YMR159C,0,7.010316,0.36142709851264954,0.697604775428772,0.12352470308542252
YLR029C,YGL191W,0,7.0083094,0.36124029755592346,0.697604775428772,0.12362472712993622
YHL016C,YDR238C,0,7.0034065,0.3610537052154541,0.697604775428772,0.12372474372386932
YPR180W,YJL186W,0,7.000358,0.36086732149124146,0.697604775428772,0.12382476776838303
YLR229C,YER118C,1,6.998696,0.3611971139907837,0.6986027956008911,0.12382476776838303
YGR175C,YOL117W,0,6.9959507,0.3610108196735382,0.6986027956008911,0.12392478436231613
YGL225W,YKL005C,0,6.9931836,0.36082473397254944,0.6986027956008911,0.12402480840682983
YDR531W,YLR386W,0,6.990468,0.3606388568878174,0.6986027956008911,0.12412482500076294
YDR138W,YLR187W,0,6.9897146,0.36045312881469727,0.6986027956008911,0.12422484159469604
YJR133W,YJR109C,0,6.9891596,0.36026763916015625,0.6986027956008911,0.12432486563920975
YOL002C,YGL259W,0,6.987905,0.3600822985172272,0.6986027956008911,0.12442488223314285
YNL098C,YLR312C-B,1,6.9876385,0.36041131615638733,0.6996008157730103,0.12442488223314285
YOR136W,YDR407C,0,6.987566,0.3602260947227478,0.6996008157730103,0.12452490627765656
YDL077C,YIL019W,0,6.9834113,0.360041081905365,0.6996008157730103,0.12462492287158966
YKL069W,YDR322W,0,6.980658,0.3598562777042389,0.6996008157730103,0.12472494691610336
YKL210W,YOR278W,0,6.978726,0.35967162251472473,0.6996008157730103,0.12482496351003647
YDL076C,YKL060C,0,6.978385,0.3594871759414673,0.6996008157730103,0.12492498755455017
YGR104C,YLR009W,0,6.977668,0.35930290818214417,0.6996008157730103,0.12502500414848328
YIL109C,YJR068W,0,6.9752336,0.35911884903907776,0.6996008157730103,0.12512502074241638
YAL041W,YOR030W,1,6.973016,0.35944700241088867,0.7005987763404846,0.12512502074241638
YMR224C,YJL001W,0,6.9718714,0.3592630624771118,0.7005987763404846,0.12522505223751068
YDR284C,YKL135C,0,6.970343,0.3590792715549469,0.7005987763404846,0.1253250688314438
YMR089C,YDR263C,0,6.9677386,0.3588957190513611,0.7005987763404846,0.1254250854253769
YDR449C,YLL006W,0,6.9654903,0.3587123155593872,0.7005987763404846,0.12552510201931
YOL138C,YDL061C,0,6.9625645,0.35852912068367004,0.7005987763404846,0.1256251186132431
YBR078W,YOL065C,0,6.962234,0.3583461046218872,0.7005987763404846,0.1257251501083374
YKL199C,YDL101C,0,6.958019,0.3581632673740387,0.7005987763404846,0.1258251667022705
YHR146W,YDR304C,0,6.9569445,0.3579806089401245,0.7005987763404846,0.1259251832962036
YIL026C,YIL156W,0,6.955741,0.35779815912246704,0.7005987763404846,0.12602519989013672
YLR191W,YHL021C,0,6.9519854,0.3576158881187439,0.7005987763404846,0.12612523138523102
YPR171W,YIL087C,0,6.950576,0.3574337959289551,0.7005987763404846,0.12622524797916412
YKL034W,YEL038W,0,6.948328,0.357251912355423,0.7005987763404846,0.12632526457309723
YLR362W,YDR379W,1,6.9405756,0.357578843832016,0.7015967965126038,0.12632526457309723
YBL054W,YHR119W,0,6.9289417,0.35739704966545105,0.7015967965126038,0.12642528116703033
YNR060W,YOR089C,0,6.9259458,0.35721543431282043,0.7015967965126038,0.12652529776096344
YDL055C,YDL135C,0,6.925577,0.35703402757644653,0.7015967965126038,0.12662532925605774
YLR127C,YKR053C,0,6.9250603,0.35685279965400696,0.7015967965126038,0.12672534584999084
YBR296C,YDR512C,0,6.9234266,0.3566717505455017,0.7015967965126038,0.12682536244392395
YHR153C,YPR072W,0,6.920843,0.3564908802509308,0.7015967965126038,0.12692537903785706
YJL021C,YER180C,0,6.9182143,0.3563101887702942,0.7015967965126038,0.12702541053295135
YOR091W,YKL217W,0,6.91426,0.3561296761035919,0.7015967965126038,0.12712542712688446
YIL027C,YLR293C,0,6.909444,0.35594937205314636,0.7015967965126038,0.12722544372081757
YER185W,YNL202W,0,6.907317,0.35576921701431274,0.7015967965126038,0.12732546031475067
YJR009C,YBR264C,0,6.900238,0.35558927059173584,0.7015967965126038,0.12742549180984497
YJL078C,YMR049C,0,6.898222,0.35540950298309326,0.7015967965126038,0.12752550840377808
YMR269W,YML049C,0,6.884944,0.355229914188385,0.7015967965126038,0.12762552499771118
YDR432W,YIR019C,1,6.880727,0.35555556416511536,0.7025948166847229,0.12762552499771118
YLR086W,YNR043W,0,6.8787827,0.35537606477737427,0.7025948166847229,0.1277255415916443
YIL090W,YDR528W,0,6.877292,0.3551967740058899,0.7025948166847229,0.1278255581855774
YKL189W,YDL160C,0,6.871081,0.35501766204833984,0.7025948166847229,0.1279255896806717
YGL158W,YDL154W,0,6.8693643,0.35483869910240173,0.7025948166847229,0.1280256062746048
YBR036C,YDR200C,0,6.8637033,0.35465994477272034,0.7025948166847229,0.1281256228685379
YLR219W,YNL242W,0,6.8580627,0.35448136925697327,0.7025948166847229,0.128225639462471
YMR022W,YOL045W,0,6.8573895,0.3543029725551605,0.7025948166847229,0.1283256709575653
YPL153C,YGR234W,0,6.855933,0.3541247546672821,0.7025948166847229,0.1284256875514984
YER118C,YIL131C,1,6.85309,0.35444948077201843,0.703592836856842,0.1284256875514984
YMR198W,YPR111W,0,6.850051,0.3542713522911072,0.703592836856842,0.12852570414543152
YGL196W,YIR014W,0,6.8499756,0.35409343242645264,0.703592836856842,0.12862572073936462
YDR218C,YOL101C,0,6.848665,0.35391566157341003,0.703592836856842,0.12872575223445892
YJR147W,YER118C,1,6.8485537,0.3542398512363434,0.7045907974243164,0.12872575223445892
YBR066C,YLR312C-B,1,6.845283,0.3545636832714081,0.7055888175964355,0.12872575223445892
YEL001C,YBR156C,0,6.845032,0.35438597202301025,0.7055888175964355,0.12882576882839203
YDR456W,YMR184W,0,6.842707,0.35420840978622437,0.7055888175964355,0.12892578542232513
YER096W,YOL147C,0,6.8398438,0.3540310561656952,0.7055888175964355,0.12902580201625824
YLR029C,YJR055W,0,6.8396196,0.35385385155677795,0.7055888175964355,0.12912581861019135
YHR167W,YBL014C,0,6.837988,0.35367682576179504,0.7055888175964355,0.12922585010528564
YNR030W,YJL103C,0,6.835004,0.35350000858306885,0.7055888175964355,0.12932586669921875
YML027W,YNL131W,0,6.83119,0.3533233404159546,0.7055888175964355,0.12942588329315186
YCR038C,YER118C,1,6.8262143,0.3536463677883148,0.7065868377685547,0.12942588329315186
YDR440W,YDR018C,0,6.825613,0.3534697890281677,0.7065868377685547,0.12952589988708496
YDR456W,YFL001W,0,6.8210363,0.35329341888427734,0.7065868377685547,0.12962593138217926
YDR317W,YNL251C,0,6.8197513,0.3531171977519989,0.7065868377685547,0.12972594797611237
YPR162C,YOR230W,0,6.8175144,0.3529411852359772,0.7065868377685547,0.12982596457004547
YKL206C,YOL066C,0,6.816039,0.3527653217315674,0.7065868377685547,0.12992598116397858
YHR073W,YLR312C-B,1,6.8136673,0.3530876636505127,0.7075848579406738,0.12992598116397858
YDR395W,YIR011C,0,6.812698,0.35291188955307007,0.7075848579406738,0.13002599775791168
YOL042W,YLR390W-A,0,6.805866,0.35273632407188416,0.7075848579406738,0.13012602925300598
YOR030W,YLR312C-B,1,6.8029423,0.35305818915367126,0.7085828185081482,0.13012602925300598
YMR205C,YPL091W,0,6.802318,0.3528827130794525,0.7085828185081482,0.1302260458469391
YNL214W,YER049W,0,6.794152,0.3527074158191681,0.7085828185081482,0.1303260624408722
YML027W,YMR183C,0,6.7898073,0.3525322675704956,0.7085828185081482,0.1304260790348053
YJL012C,YNR020C,0,6.7829113,0.35235732793807983,0.7085828185081482,0.1305261105298996
YNL163C,YJL071W,0,6.7824993,0.352182537317276,0.7085828185081482,0.1306261271238327
YIL167W,YLR017W,0,6.7798457,0.3520079255104065,0.7085828185081482,0.1307261437177658
YGR179C,YMR022W,0,6.7788506,0.3518334925174713,0.7085828185081482,0.1308261603116989
YLR058C,YNL001W,0,6.7775917,0.35165923833847046,0.7085828185081482,0.1309261918067932
YDL106C,YMR239C,0,6.7773604,0.35148516297340393,0.7085828185081482,0.13102620840072632
YOL092W,YOL076W,0,6.7735972,0.35131123661994934,0.7085828185081482,0.13112622499465942
YOL095C,YDR304C,0,6.773126,0.3511374890804291,0.7085828185081482,0.13122624158859253
YPL186C,YOR323C,0,6.7713885,0.35096392035484314,0.7085828185081482,0.13132625818252563
YOL142W,YOL108C,0,6.771084,0.35079050064086914,0.7085828185081482,0.13142628967761993
YMR076C,YOL019W,0,6.766254,0.35061728954315186,0.7085828185081482,0.13152630627155304
YMR105C,YBL026W,0,6.765506,0.3504442274570465,0.7085828185081482,0.13162632286548615
YPR111W,YLR079W,0,6.76506,0.3502713441848755,0.7085828185081482,0.13172633945941925
YJR110W,YKL053C-A,0,6.762945,0.3500986099243164,0.7085828185081482,0.13182637095451355
YDL240W,YDL008W,0,6.7561474,0.34992608428001404,0.7085828185081482,0.13192638754844666
YDR213W,YLR394W,0,6.7460175,0.3497537076473236,0.7085828185081482,0.13202640414237976
YNL111C,YDR524C,0,6.7403393,0.3495814800262451,0.7085828185081482,0.13212642073631287
YNL298W,YJL186W,0,6.7398567,0.34940946102142334,0.7085828185081482,0.13222645223140717
YLR343W,YIR031C,0,6.73748,0.3492375910282135,0.7085828185081482,0.13232646882534027
YDR477W,YLR313C,1,6.7350264,0.3495575189590454,0.7095808386802673,0.13232646882534027
YOR349W,YBR182C,0,6.734252,0.34938573837280273,0.7095808386802673,0.13242648541927338
YJL098W,YJL170C,0,6.732444,0.3492141366004944,0.7095808386802673,0.13252650201320648
YLR060W,YPL049C,0,6.731867,0.34904271364212036,0.7095808386802673,0.1326265186071396
YIL051C,YLR160C,0,6.7293854,0.3488714396953583,0.7095808386802673,0.1327265501022339
YNL202W,YKR036C,0,6.7230268,0.3487003445625305,0.7095808386802673,0.132826566696167
YMR208W,YLR213C,0,6.7219367,0.3485293984413147,0.7095808386802673,0.1329265832901001
YHR084W,YJR153W,1,6.7212086,0.3488486111164093,0.7105788588523865,0.1329265832901001
YIL088C,YBR211C,0,6.7171135,0.34867775440216064,0.7105788588523865,0.1330265998840332
YCL018W,YFL005W,0,6.7129707,0.3485071063041687,0.7105788588523865,0.1331266313791275
YDR530C,YLR147C,0,6.7092986,0.3483366072177887,0.7105788588523865,0.1332266479730606
YJR050W,YNL007C,0,6.7061396,0.34816625714302063,0.7105788588523865,0.1333266645669937
YLR383W,YAL002W,0,6.704294,0.3479960858821869,0.7105788588523865,0.13342668116092682
YGR155W,YIL119C,0,6.697563,0.3478260934352875,0.7105788588523865,0.13352671265602112
YPL101W,YLR206W,0,6.69382,0.34765625,0.7105788588523865,0.13362672924995422
YLR096W,YOL117W,0,6.691924,0.34748658537864685,0.7105788588523865,0.13372674584388733
YMR211W,YGL010W,0,6.6893654,0.34731706976890564,0.7105788588523865,0.13382676243782043
YFL014W,YML057W,0,6.6874795,0.34714773297309875,0.7105788588523865,0.13392677903175354
YGL067W,YDR038C,0,6.6868706,0.3469785451889038,0.7105788588523865,0.13402681052684784
YER041W,YOR048C,0,6.686759,0.3468095362186432,0.7105788588523865,0.13412682712078094
YPL137C,YNR008W,0,6.6807337,0.3466407060623169,0.7105788588523865,0.13422684371471405
YCR093W,YIL131C,1,6.6798687,0.34695863723754883,0.7115768194198608,0.13422684371471405
YIL125W,YKL082C,0,6.673457,0.3467898964881897,0.7115768194198608,0.13432686030864716
YDR083W,YGR204W,0,6.672493,0.3466213047504425,0.7115768194198608,0.13442689180374146
YKR035W-A,YPL231W,0,6.6722207,0.34645286202430725,0.7115768194198608,0.13452690839767456
YDR432W,YLR312C-B,1,6.6703415,0.3467702865600586,0.71257483959198,0.13452690839767456
YJL025W,YNL135C,0,6.6699724,0.3466019332408905,0.71257483959198,0.13462692499160767
YBR066C,YDR099W,1,6.665517,0.3469189703464508,0.7135728597640991,0.13462692499160767
YMR008C,YBR195C,0,6.656616,0.34675073623657227,0.7135728597640991,0.13472694158554077
YGL009C,YOL093W,0,6.646236,0.34658265113830566,0.7135728597640991,0.13482695817947388
YPL127C,YPL043W,0,6.643547,0.346414715051651,0.7135728597640991,0.13492698967456818
YLL027W,YER090W,0,6.6409197,0.34624698758125305,0.7135728597640991,0.13502700626850128
YBR030W,YCL017C,0,6.640663,0.34607937932014465,0.7135728597640991,0.1351270228624344
YHR136C,YOR330C,0,6.638935,0.3459119498729706,0.7135728597640991,0.1352270394563675
YER109C,YHR084W,1,6.6384993,0.3462282419204712,0.7145708799362183,0.1352270394563675
YHL017W,YPL178W,0,6.635178,0.3460609018802643,0.7145708799362183,0.1353270709514618
YBL054W,YDR276C,0,6.6349845,0.3458937108516693,0.7145708799362183,0.1354270875453949
YPL033C,YOR351C,0,6.6347685,0.34572669863700867,0.7145708799362183,0.135527104139328
YDR326C,YPL130W,0,6.6332726,0.34555983543395996,0.7145708799362183,0.1356271207332611
YDL245C,YER178W,0,6.630818,0.3453931510448456,0.7145708799362183,0.1357271522283554
YIL070C,YLR386W,0,6.6289473,0.34522661566734314,0.7145708799362183,0.1358271688222885
YNL110C,YER106W,0,6.626771,0.34506022930145264,0.7145708799362183,0.13592718541622162
YOR030W,YDL024C,1,6.624402,0.3453757166862488,0.7155688405036926,0.13592718541622162
YDL095W,YDR414C,0,6.6220264,0.3452094495296478,0.7155688405036926,0.13602720201015472
YMR016C,YHR084W,1,6.6116037,0.34552454948425293,0.7165668606758118,0.13602720201015472
YDR251W,YBR121C,0,6.607312,0.34535834193229675,0.7165668606758118,0.13612721860408783
YMR122W-A,YDR013W,0,6.6055956,0.3451923131942749,0.7165668606758118,0.13622725009918213
YOR341W,YFL014W,0,6.6055493,0.345026433467865,0.7165668606758118,0.13632726669311523
YCL067C,YMR177W,0,6.6046276,0.344860702753067,0.7165668606758118,0.13642728328704834
YNL197C,YNL298W,1,6.602905,0.34517523646354675,0.7175648808479309,0.13642728328704834
YGL190C,YLR060W,0,6.602461,0.34500959515571594,0.7175648808479309,0.13652729988098145
YIL047C,YHR067W,0,6.597574,0.34484413266181946,0.7175648808479309,0.13662733137607574
YOR334W,YGR070W,0,6.596636,0.3446788191795349,0.7175648808479309,0.13672734797000885
YMR164C,YNL098C,1,6.5916085,0.34499281644821167,0.71856290102005,0.13672734797000885
YLR229C,YKL185W,1,6.5889387,0.34530651569366455,0.7195608615875244,0.13672734797000885
YGR178C,YKL048C,0,6.585926,0.34514120221138,0.7195608615875244,0.13682736456394196
YGR281W,YFR031C,0,6.5842986,0.3449760675430298,0.7195608615875244,0.13692738115787506
YDR099W,YER113C,1,6.576739,0.34528934955596924,0.7205588817596436,0.13692738115787506
YDR515W,YGL051W,0,6.557453,0.3451242744922638,0.7205588817596436,0.13702741265296936
YBL072C,YCR105W,0,6.556654,0.3449593782424927,0.7205588817596436,0.13712742924690247
YCR093W,YLR312C-B,1,6.556097,0.3452722132205963,0.7215569019317627,0.13712742924690247
YJR073C,YER020W,0,6.5543866,0.34510740637779236,0.7215569019317627,0.13722744584083557
YPR148C,YOR260W,0,6.554264,0.34494274854660034,0.7215569019317627,0.13732746243476868
YBR030W,YLL013C,0,6.55312,0.34477826952934265,0.7215569019317627,0.13742747902870178
YPR118W,YIL132C,0,6.552614,0.3446139097213745,0.7215569019317627,0.13752751052379608
YLR313C,YIL131C,1,6.5515347,0.3449261486530304,0.7225548624992371,0.13752751052379608
YGR175C,YJR035W,0,6.5444527,0.3447619080543518,0.7225548624992371,0.1376275271177292
YMR208W,YDL166C,0,6.5348825,0.34459781646728516,0.7225548624992371,0.1377275437116623
YNR011C,YPR120C,0,6.5341277,0.34443387389183044,0.7225548624992371,0.1378275603055954
YBL041W,YBR024W,0,6.532142,0.34427008032798767,0.7225548624992371,0.1379275918006897
YGL104C,YGL162W,0,6.527131,0.3441064655780792,0.7225548624992371,0.1380276083946228
YHL007C,YDR043C,1,6.5267763,0.3444180488586426,0.7235528826713562,0.1380276083946228
YFR040W,YBR030W,0,6.5257196,0.3442545235157013,0.7235528826713562,0.1381276249885559
YGL190C,YDR043C,1,6.525428,0.3445657193660736,0.7245509028434753,0.1381276249885559
YLR213C,YDL084W,0,6.524604,0.3444022834300995,0.7245509028434753,0.138227641582489
YDR383C,YOR187W,0,6.522538,0.3442389667034149,0.7245509028434753,0.13832765817642212
YJR150C,YGR106C,0,6.51453,0.3440758287906647,0.7245509028434753,0.13842768967151642
YPL106C,YMR098C,0,6.511327,0.34391283988952637,0.7245509028434753,0.13852770626544952
YOR313C,YER130C,0,6.5104933,0.34375,0.7245509028434753,0.13862772285938263
YKL182W,YHR067W,0,6.509364,0.34358730912208557,0.7245509028434753,0.13872773945331573
YDR055W,YPL160W,0,6.507146,0.34342479705810547,0.7245509028434753,0.13882777094841003
YDR099W,YMR238W,1,6.506752,0.3437352180480957,0.7255489230155945,0.13882777094841003
YFL029C,YDR312W,0,6.502852,0.3435727655887604,0.7255489230155945,0.13892778754234314
YMR128W,YBR276C,0,6.4991684,0.3434104919433594,0.7255489230155945,0.13902780413627625
YBL054W,YKL134C,0,6.4914145,0.3432483375072479,0.7255489230155945,0.13912782073020935
YMR164C,YDR099W,1,6.4904294,0.34355828166007996,0.7265468835830688,0.13912782073020935
YOR371C,YBR083W,1,6.489724,0.3438679277896881,0.727544903755188,0.13912782073020935
YPL233W,YLR353W,0,6.4856424,0.34370580315589905,0.727544903755188,0.13922785222530365
YGL158W,YBR291C,0,6.482496,0.3435438275337219,0.727544903755188,0.13932786881923676
YIL049W,YOR371C,1,6.480912,0.34385302662849426,0.7285429239273071,0.13932786881923676
YJL008C,YKR049C,0,6.4782386,0.3436911404132843,0.7285429239273071,0.13942788541316986
YAL043C,YIL148W,0,6.475667,0.3435294032096863,0.7285429239273071,0.13952790200710297
YLR299W,YMR312W,0,6.4697485,0.3433678150177002,0.7285429239273071,0.13962791860103607
YJL158C,YNL001W,0,6.459923,0.34320640563964844,0.7285429239273071,0.13972795009613037
YDR368W,YBR072W,0,6.457857,0.34304511547088623,0.7285429239273071,0.13982796669006348
YOL132W,YGL251C,0,6.4567394,0.34288397431373596,0.7285429239273071,0.13992798328399658
YPR031W,YKL171W,0,6.4552593,0.34272301197052,0.7285429239273071,0.1400279998779297
YHR017W,YPL130W,0,6.45409,0.34256216883659363,0.7285429239273071,0.140128031373024
YBR245C,YBL026W,0,6.451393,0.34240150451660156,0.7285429239273071,0.1402280479669571
YER109C,YOR030W,1,6.446992,0.34270980954170227,0.7295409440994263,0.1402280479669571
YHR096C,YOR079C,0,6.4436817,0.342549204826355,0.7295409440994263,0.1403280645608902
YGR238C,YDR127W,0,6.4372535,0.34238874912261963,0.7295409440994263,0.1404280811548233
YER025W,YNL129W,0,6.434951,0.3422284722328186,0.7295409440994263,0.1405281126499176
YOR086C,YGR178C,0,6.4320364,0.34206831455230713,0.7295409440994263,0.1406281292438507
YDR477W,YDR379W,1,6.429447,0.34237605333328247,0.7305389046669006,0.1406281292438507
YER108C,YLR353W,1,6.422326,0.34268349409103394,0.7315369248390198,0.1406281292438507
YPR006C,YDL097C,0,6.4086294,0.34252336621284485,0.7315369248390198,0.1407281458377838
YBL054W,YPL010W,0,6.404667,0.3423633873462677,0.7315369248390198,0.14082816243171692
YGL026C,YJR109C,0,6.40051,0.3422035574913025,0.7315369248390198,0.14092817902565002
YCL063W,YGR174C,0,6.3992043,0.3420438766479492,0.7315369248390198,0.14102821052074432
YAL041W,YER149C,1,6.394906,0.3423507511615753,0.7325349450111389,0.14102821052074432
YIL049W,YNL197C,1,6.3919964,0.3426573574542999,0.7335329055786133,0.14102821052074432
YJL156C,YNL073W,0,6.391169,0.34249767661094666,0.7335329055786133,0.14112822711467743
YBR208C,YPL203W,0,6.3872147,0.3423381447792053,0.7335329055786133,0.14122824370861053
YNL172W,YDL240W,0,6.3833785,0.3421787619590759,0.7335329055786133,0.14132826030254364
YPL133C,YIL136W,0,6.375827,0.34201955795288086,0.7335329055786133,0.14142829179763794
YEL002C,YDR201W,0,6.3745365,0.34186047315597534,0.7335329055786133,0.14152830839157104
YLL013C,YDR350C,0,6.373927,0.34170153737068176,0.7335329055786133,0.14162832498550415
YIL051C,YOR257W,0,6.3721275,0.3415427505970001,0.7335329055786133,0.14172834157943726
YPL180W,YIL144W,0,6.3714085,0.3413841128349304,0.7335329055786133,0.14182837307453156
YDR022C,YOL065C,0,6.3541436,0.34122562408447266,0.7335329055786133,0.14192838966846466
YBL030C,YPR111W,0,6.3538857,0.34106728434562683,0.7335329055786133,0.14202840626239777
YNL197C,YNL068C,1,6.353141,0.34137290716171265,0.7345309257507324,0.14202840626239777
YDL080C,YDR116C,0,6.351182,0.341214656829834,0.7345309257507324,0.14212842285633087
YGR058W,YMR215W,0,6.349828,0.3410565257072449,0.7345309257507324,0.14222843945026398
YOR181W,YLL043W,0,6.3474293,0.3408985733985901,0.7345309257507324,0.14232847094535828
YDR399W,YGR063C,0,6.3462763,0.34074074029922485,0.7345309257507324,0.14242848753929138
YNL217W,YDR375C,0,6.3436623,0.34058305621147156,0.7345309257507324,0.1425285041332245
YHR215W,YNR022C,0,6.334179,0.3404255211353302,0.7345309257507324,0.1426285207271576
YDR019C,YCR058C,0,6.333538,0.3402681350708008,0.7345309257507324,0.1427285522222519
YER007C-A,YBR067C,0,6.3322716,0.3401108980178833,0.7345309257507324,0.142828568816185
YPR152C,YBR207W,0,6.3308744,0.33995380997657776,0.7345309257507324,0.1429285854101181
YKR105C,YFR006W,0,6.3306026,0.33979687094688416,0.7345309257507324,0.1430286020040512
YIL147C,YOR332W,0,6.329259,0.3396400511264801,0.7345309257507324,0.14312861859798431
YLR403W,YOR074C,0,6.316404,0.339483380317688,0.7345309257507324,0.1432286500930786
YDR233C,YPR152C,0,6.3119926,0.3393268883228302,0.7345309257507324,0.14332866668701172
YOR019W,YJR097W,0,6.30948,0.33917051553726196,0.7345309257507324,0.14342868328094482
YHL038C,YDR372C,0,6.3092437,0.33901429176330566,0.7345309257507324,0.14352869987487793
YHR046C,YLR312C-B,0,6.308818,0.3388581871986389,0.7345309257507324,0.14362873136997223
YDL059C,YIL113W,0,6.30871,0.3387022614479065,0.7345309257507324,0.14372874796390533
YIL049W,YHR073W,1,6.3065605,0.3390064537525177,0.7355289459228516,0.14372874796390533
YDR372C,YMR177W,0,6.3046656,0.33885058760643005,0.7355289459228516,0.14382876455783844
YDL159W,YNL119W,1,6.3008366,0.3391544222831726,0.7365269660949707,0.14382876455783844
YLR364W,YJR052W,0,6.300481,0.33899861574172974,0.7365269660949707,0.14392878115177155
YMR127C,YOL147C,0,6.298766,0.3388429880142212,0.7365269660949707,0.14402881264686584
YCL018W,YCL050C,0,6.2940187,0.3386874794960022,0.7365269660949707,0.14412882924079895
YOR221C,YKR061W,0,6.29272,0.33853211998939514,0.7365269660949707,0.14422884583473206
YCL075W,YOL065C,0,6.2885103,0.33837687969207764,0.7365269660949707,0.14432886242866516
YGR143W,YDR107C,0,6.2791147,0.33822181820869446,0.7365269660949707,0.14442887902259827
YDR060W,YJL157C,0,6.2724767,0.33806687593460083,0.7365269660949707,0.14452891051769257
YOR180C,YOR063W,0,6.269563,0.33791208267211914,0.7365269660949707,0.14462892711162567
YDL159W,YAL056W,1,6.2631288,0.3382151126861572,0.7375249266624451,0.14462892711162567
YJL183W,YDR127W,0,6.2614646,0.3380603790283203,0.7375249266624451,0.14472894370555878
YDL030W,YOR182C,0,6.2602983,0.33790579438209534,0.7375249266624451,0.14482896029949188
YNL159C,YLR048W,0,6.2565746,0.3377513587474823,0.7375249266624451,0.14492899179458618
YBR162W-A,YOR233W,0,6.2546215,0.3375970721244812,0.7375249266624451,0.1450290083885193
YDL039C,YMR128W,0,6.2544084,0.33744293451309204,0.7375249266624451,0.1451290249824524
YHR028C,YMR015C,0,6.2541137,0.33728891611099243,0.7375249266624451,0.1452290415763855
YMR240C,YHR079C-B,0,6.2520447,0.33713504672050476,0.7375249266624451,0.1453290730714798
YGL158W,YHR164C,0,6.25105,0.33698129653930664,0.7375249266624451,0.1454290896654129
YIL070C,YDR238C,0,6.2503204,0.33682772517204285,0.7375249266624451,0.145529106259346
YJL124C,YLR344W,0,6.248611,0.3366742730140686,0.7375249266624451,0.1456291228532791
YDL035C,YOR030W,1,6.2379503,0.3369763195514679,0.7385229468345642,0.1456291228532791
YJL034W,YDR129C,0,6.237225,0.3368229269981384,0.7385229468345642,0.14572913944721222
YGR155W,YPR032W,0,6.236433,0.3366697132587433,0.7385229468345642,0.14582917094230652
YDR076W,YGL251C,0,6.2363944,0.3365165889263153,0.7385229468345642,0.14592918753623962
YOR337W,YIR005W,0,6.231499,0.33636364340782166,0.7385229468345642,0.14602920413017273
YOL138C,YJR032W,0,6.227602,0.33621081709861755,0.7385229468345642,0.14612922072410583
YPL177C,YJR065C,0,6.225073,0.3360581398010254,0.7385229468345642,0.14622925221920013
YPR028W,YNL129W,0,6.2238884,0.3359055817127228,0.7385229468345642,0.14632926881313324
YNL048W,YDL078C,0,6.2234135,0.3357531726360321,0.7385229468345642,0.14642928540706635
YJL129C,YNL135C,0,6.2227936,0.33560091257095337,0.7385229468345642,0.14652930200099945
YPL106C,YML092C,0,6.220458,0.3354487717151642,0.7385229468345642,0.14662931859493256
YJR021C,YDR148C,0,6.2193108,0.33529677987098694,0.7385229468345642,0.14672935009002686
YNL138W,YDR179C,0,6.212029,0.33514493703842163,0.7385229468345642,0.14682936668395996
YHR215W,YOR355W,0,6.2056475,0.3349932134151459,0.7385229468345642,0.14692938327789307
YMR235C,YMR298W,0,6.198333,0.33484163880348206,0.7385229468345642,0.14702939987182617
YJL110C,YLL003W,0,6.1978397,0.3346901834011078,0.7385229468345642,0.14712943136692047
YCL048W,YJR102C,0,6.1977797,0.33453887701034546,0.7385229468345642,0.14722944796085358
YNR072W,YCL059C,0,6.197362,0.33438771963119507,0.7385229468345642,0.14732946455478668
YBR180W,YKL024C,0,6.1946087,0.33423668146133423,0.7385229468345642,0.1474294811487198
YFL047W,YBL021C,0,6.194186,0.3340857923030853,0.7385229468345642,0.1475295126438141
YBR009C,YLR427W,0,6.1927805,0.333935022354126,0.7385229468345642,0.1476295292377472
YDR212W,YLR007W,0,6.1921906,0.33378440141677856,0.7385229468345642,0.1477295458316803
YLR033W,YNL210W,0,6.1902103,0.3336338996887207,0.7385229468345642,0.1478295624256134
YPL113C,YNL145W,0,6.1816683,0.3334835469722748,0.7385229468345642,0.1479295790195465
YER041W,YDR177W,0,6.177251,0.3333333432674408,0.7385229468345642,0.1480296105146408
YMR012W,YBR128C,0,6.1761913,0.33318325877189636,0.7385229468345642,0.1481296271085739
YOR201C,YOR285W,0,6.1721735,0.3330332934856415,0.7385229468345642,0.14822964370250702
YDL078C,YOR351C,0,6.1703873,0.33288347721099854,0.7385229468345642,0.14832966029644012
YIL094C,YBR208C,0,6.1679378,0.33273380994796753,0.7385229468345642,0.14842969179153442
YER126C,YEL019C,0,6.1591225,0.3325842618942261,0.7385229468345642,0.14852970838546753
YBR205W,YBR264C,0,6.1548047,0.33243486285209656,0.7385229468345642,0.14862972497940063
YNR060W,YMR061W,0,6.154517,0.3322855830192566,0.7385229468345642,0.14872974157333374
YBR114W,YER087C-B,0,6.1495895,0.33213645219802856,0.7385229468345642,0.14882977306842804
YOL023W,YNR006W,0,6.1457224,0.3319874405860901,0.7385229468345642,0.14892978966236115
YDR261C,YDL070W,0,6.139904,0.33183857798576355,0.7385229468345642,0.14902980625629425
YBL005W,YDR167W,0,6.13569,0.33168983459472656,0.7385229468345642,0.14912982285022736
YLR370C,YHR060W,0,6.1281967,0.3315412104129791,0.7385229468345642,0.14922983944416046
YIL053W,YGR211W,0,6.1258984,0.33139273524284363,0.7385229468345642,0.14932987093925476
YDR146C,YDL102W,0,6.125861,0.33124440908432007,0.7385229468345642,0.14942988753318787
YDL159W,YDR392W,1,6.1258025,0.33154362440109253,0.7395209670066833,0.14942988753318787
YLR300W,YEL043W,0,6.1204596,0.33139535784721375,0.7395209670066833,0.14952990412712097
YBR093C,YGL227W,0,6.1203485,0.3312472105026245,0.7395209670066833,0.14962992072105408
YJR073C,YNL206C,0,6.1194277,0.33109918236732483,0.7395209670066833,0.14972995221614838
YMR188C,YPL161C,0,6.1181173,0.3309513032436371,0.7395209670066833,0.14982996881008148
YLL009C,YBL074C,0,6.1167116,0.3308035731315613,0.7395209670066833,0.1499299854040146
YDR318W,YER031C,0,6.1154213,0.330655962228775,0.7395209670066833,0.1500300019979477
YEL030W,YNL080C,0,6.1141453,0.3305084705352783,0.7395209670066833,0.1501300185918808
YGL172W,YCR081W,0,6.108573,0.33036112785339355,0.7395209670066833,0.1502300500869751
YBL023C,YJR135W-A,0,6.1041036,0.33021390438079834,0.7395209670066833,0.1503300666809082
YLR092W,YOR353C,0,6.1012554,0.33006682991981506,0.7395209670066833,0.1504300832748413
YOR298W,YGR171C,0,6.099969,0.32991984486579895,0.7395209670066833,0.15053009986877441
YDR383C,YPR030W,0,6.096263,0.32977303862571716,0.7395209670066833,0.1506301313638687
YML132W,YPL183W-A,0,6.089621,0.32962632179260254,0.7395209670066833,0.15073014795780182
YER017C,YPR138C,0,6.0853662,0.32947975397109985,0.7395209670066833,0.15083016455173492
YJL058C,YBR237W,0,6.0851555,0.3293333351612091,0.7395209670066833,0.15093018114566803
YOR044W,YGL259W,0,6.082468,0.3291870355606079,0.7395209670066833,0.15103021264076233
YGL210W,YLR075W,0,6.079448,0.32904085516929626,0.7395209670066833,0.15113022923469543
YPR143W,YGR252W,0,6.0778112,0.32889479398727417,0.7395209670066833,0.15123024582862854
YML116W,YDR003W,0,6.076317,0.328748881816864,0.7395209670066833,0.15133026242256165
YDR343C,YHL004W,0,6.0736246,0.3286031186580658,0.7395209670066833,0.15143027901649475
YGL095C,YJL190C,0,6.073026,0.32845744490623474,0.7395209670066833,0.15153031051158905
YDL171C,YDR160W,0,6.071653,0.3283119201660156,0.7395209670066833,0.15163032710552216
YHR143W,YOR371C,1,6.07084,0.3286093771457672,0.7405189871788025,0.15163032710552216
YNR028W,YMR237W,0,6.0601006,0.32846391201019287,0.7405189871788025,0.15173034369945526
YKL195W,YAL019W,0,6.059098,0.32831859588623047,0.7405189871788025,0.15183036029338837
YJR010C-A,YPL176C,0,6.058813,0.32817336916923523,0.7405189871788025,0.15193039178848267
YPR067W,YMR086W,0,6.055437,0.32802829146385193,0.7405189871788025,0.15203040838241577
YOR224C,YDR254W,0,6.053081,0.3278833329677582,0.7405189871788025,0.15213042497634888
YLR442C,YJL108C,0,6.049676,0.32773852348327637,0.7405189871788025,0.15223044157028198
YER068W,YNL167C,0,6.047497,0.3275938332080841,0.7405189871788025,0.15233047306537628
YOR124C,YPL280W,0,6.0461507,0.3274492621421814,0.7405189871788025,0.1524304896593094
YPL254W,YDR159W,0,6.043906,0.32730481028556824,0.7405189871788025,0.1525305062532425
YLR467W,YNL208W,0,6.0429955,0.327160507440567,0.7405189871788025,0.1526305228471756
YBR086C,YGR286C,0,6.040966,0.32701629400253296,0.7405189871788025,0.1527305394411087
YDL087C,YML092C,0,6.0368977,0.3268722593784332,0.7405189871788025,0.152830570936203
YIL131C,YNL298W,1,6.0365734,0.32716864347457886,0.7415169477462769,0.152830570936203
YLR103C,YDL110C,0,6.028821,0.3270246386528015,0.7415169477462769,0.1529305875301361
YJR004C,YLR186W,0,6.023616,0.3268807828426361,0.7415169477462769,0.1530306041240692
YCR018C,YNR050C,0,6.0232472,0.32673701643943787,0.7415169477462769,0.15313062071800232
YKL013C,YLR134W,0,6.0229845,0.32659339904785156,0.7415169477462769,0.15323065221309662
YHR143W,YDR099W,1,6.0171533,0.3268892765045166,0.742514967918396,0.15323065221309662
YNL001W,YHL007C,1,6.014581,0.32718488574028015,0.7435129880905151,0.15323065221309662
YDR477W,YKL149C,1,6.011586,0.3274802565574646,0.7445109486579895,0.15323065221309662
YCR024C,YHR004C,0,6.011457,0.32733654975891113,0.7445109486579895,0.15333066880702972
YMR078C,YDR320C-A,0,6.0104737,0.3271929919719696,0.7445109486579895,0.15343068540096283
YAL056W,YLR312C-B,1,6.0041666,0.3274879455566406,0.7455089688301086,0.15343068540096283
YBR158W,YHR067W,0,6.0008683,0.32734444737434387,0.7455089688301086,0.15353070199489594
YOL064C,YHR088W,0,5.996176,0.3272010385990143,0.7455089688301086,0.15363073348999023
YLR191W,YLR131C,0,5.9956293,0.32705777883529663,0.7455089688301086,0.15373075008392334
YKL009W,YKR053C,0,5.9939837,0.3269146680831909,0.7455089688301086,0.15383076667785645
YER088C,YMR055C,0,5.992859,0.32677164673805237,0.7455089688301086,0.15393078327178955
YKL119C,YIL170W,0,5.985258,0.32662877440452576,0.7455089688301086,0.15403079986572266
YBR005W,YLR153C,0,5.98508,0.3264860212802887,0.7455089688301086,0.15413083136081696
YGL172W,YEL041W,0,5.978442,0.3263433873653412,0.7455089688301086,0.15423084795475006
YER149C,YIL131C,1,5.9773054,0.3266375660896301,0.7465069890022278,0.15423084795475006
YBL025W,YKL181W,0,5.97572,0.3264949917793274,0.7465069890022278,0.15433086454868317
YDR320C,YKL032C,0,5.9751925,0.3263525366783142,0.7465069890022278,0.15443088114261627
YLL048C,YML124C,0,5.970744,0.3262102007865906,0.7465069890022278,0.15453091263771057
YHR111W,YIL131C,1,5.9687614,0.3265039324760437,0.7475050091743469,0.15453091263771057
YBR043C,YOR285W,0,5.9684744,0.32636165618896484,0.7475050091743469,0.15463092923164368
YNL073W,YNL098C,0,5.9675574,0.32621949911117554,0.7475050091743469,0.15473094582557678
YDR018C,YHR070W,0,5.9638014,0.32607749104499817,0.7475050091743469,0.1548309624195099
YOL086C,YNL079C,0,5.961437,0.32593560218811035,0.7475050091743469,0.154930979013443
YHR010W,YER044C-A,0,5.958234,0.3257938325405121,0.7475050091743469,0.1550310105085373
YOL117W,YMR063W,0,5.953843,0.32565218210220337,0.7475050091743469,0.1551310271024704
YFL025C,YDR247W,0,5.9506063,0.3255106508731842,0.7475050091743469,0.1552310436964035
YKL180W,YKL099C,0,5.9457645,0.3253692388534546,0.7475050091743469,0.1553310602903366
YCR012W,YML060W,0,5.9410925,0.3252279758453369,0.7475050091743469,0.1554310917854309
YJR021C,YER012W,0,5.9389496,0.3250868022441864,0.7475050091743469,0.155531108379364
YNL135C,YER053C,0,5.9315715,0.3249457776546478,0.7475050091743469,0.15563112497329712
YKR009C,YNL248C,0,5.931019,0.3248048424720764,0.7475050091743469,0.15573114156723022
YGL189C,YJL103C,0,5.929203,0.32466405630111694,0.7475050091743469,0.15583117306232452
YML052W,YLR289W,0,5.9270678,0.324523389339447,0.7475050091743469,0.15593118965625763
YDR499W,YDR177W,0,5.9238243,0.32438284158706665,0.7475050091743469,0.15603120625019073
YPR175W,YDR055W,0,5.919531,0.32424241304397583,0.7475050091743469,0.15613122284412384
YNL068C,YBR003W,0,5.916545,0.32410213351249695,0.7475050091743469,0.15623123943805695
YEL040W,YFR015C,0,5.9159136,0.32396194338798523,0.7475050091743469,0.15633127093315125
YBR086C,YOL045W,0,5.911932,0.32382187247276306,0.7475050091743469,0.15643128752708435
YCR058C,YIL046W,0,5.910882,0.32368195056915283,0.7475050091743469,0.15653130412101746
YNL163C,YJL108C,0,5.9102664,0.32354211807250977,0.7475050091743469,0.15663132071495056
YOL090W,YJL144W,0,5.909399,0.32340240478515625,0.7475050091743469,0.15673135221004486
YDR501W,YCR098C,0,5.9090366,0.3232628405094147,0.7475050091743469,0.15683136880397797
YBR185C,YOL125W,0,5.905458,0.32312339544296265,0.7475050091743469,0.15693138539791107
YJL174W,YDR246W,0,5.9039493,0.3229840397834778,0.7475050091743469,0.15703140199184418
YOL100W,YNL130C,0,5.903442,0.32284483313560486,0.7475050091743469,0.15713143348693848
YGR144W,YER031C,0,5.900364,0.3227057158946991,0.7475050091743469,0.15723145008087158
YBR093C,YDL072C,0,5.88847,0.3225667476654053,0.7475050091743469,0.1573314666748047
YBL078C,YBR060C,0,5.8803625,0.322427898645401,0.7475050091743469,0.1574314832687378
YLR361C,YPR134W,0,5.879342,0.3222891688346863,0.7475050091743469,0.1575314998626709
YLR085C,YGL259W,0,5.877833,0.3221505284309387,0.7475050091743469,0.1576315313577652
YHR073W,YDR043C,1,5.872159,0.322441965341568,0.7485029697418213,0.1576315313577652
YDR501W,YMR125W,0,5.866297,0.3223033845424652,0.7485029697418213,0.1577315479516983
YPR135W,YDR172W,0,5.8646526,0.32216495275497437,0.7485029697418213,0.1578315645456314
YLR304C,YGR024C,0,5.8622108,0.3220266103744507,0.7485029697418213,0.15793158113956451
YPL159C,YOL155C,0,5.859557,0.32188841700553894,0.7485029697418213,0.1580316126346588
YOR032C,YOR030W,1,5.8593636,0.32217931747436523,0.7495009899139404,0.1580316126346588
YOR355W,YHR118C,0,5.857214,0.3220411539077759,0.7495009899139404,0.15813162922859192
YOR127W,YOR030W,1,5.855551,0.3223317563533783,0.7504990100860596,0.15813162922859192
YML031W,YIR038C,0,5.8543224,0.3221936523914337,0.7504990100860596,0.15823164582252502
YDR477W,YDR392W,1,5.8503704,0.32248392701148987,0.7514970302581787,0.15823164582252502
YDR508C,YCL034W,0,5.844015,0.32234588265419006,0.7514970302581787,0.15833166241645813
YGR077C,YOR347C,0,5.8428745,0.3222079575061798,0.7514970302581787,0.15843167901039124
YLR414C,YDR418W,0,5.84079,0.3220701515674591,0.7514970302581787,0.15853171050548553
YDR393W,YPR163C,0,5.838845,0.32193243503570557,0.7514970302581787,0.15863172709941864
YLR404W,YDR044W,0,5.8322563,0.32179486751556396,0.7514970302581787,0.15873174369335175
YKL009W,YBR272C,0,5.825548,0.3216574192047119,0.7514970302581787,0.15883176028728485
YLR190W,YLR391W,0,5.8252563,0.321520060300827,0.7514970302581787,0.15893179178237915
YLR142W,YAR015W,0,5.823694,0.3213828504085541,0.7514970302581787,0.15903180837631226
YNL199C,YDR087C,0,5.823103,0.3212457299232483,0.7514970302581787,0.15913182497024536
YPL110C,YDL202W,0,5.8228884,0.32110872864723206,0.7514970302581787,0.15923184156417847
YOR257W,YNR047W,0,5.8183746,0.32097187638282776,0.7514970302581787,0.15933187305927277
YIL088C,YBR052C,0,5.817077,0.3208351135253906,0.7514970302581787,0.15943188965320587
YLR208W,YOR032C,0,5.816597,0.32069846987724304,0.7514970302581787,0.15953190624713898
YDR196C,YJL071W,0,5.814826,0.320561945438385,0.7514970302581787,0.15963192284107208
YDR435C,YKL010C,0,5.8129253,0.32042554020881653,0.7514970302581787,0.1597319394350052
YIR039C,YIL142W,0,5.810869,0.3202892243862152,0.7514970302581787,0.1598319709300995
YPL106C,YOR351C,0,5.8090115,0.32015305757522583,0.7514970302581787,0.1599319875240326
YJR094W-A,YIL170W,0,5.8032913,0.320017009973526,0.7514970302581787,0.1600320041179657
YPL145C,YDL136W,0,5.802846,0.31988105177879333,0.7514970302581787,0.1601320207118988
YPL196W,YPL082C,0,5.801131,0.3197452127933502,0.7514970302581787,0.1602320522069931
YKL198C,YDR325W,0,5.8003516,0.31960949301719666,0.7514970302581787,0.1603320688009262
YHR036W,YHR129C,0,5.800318,0.31947392225265503,0.7514970302581787,0.16043208539485931
YBR275C,YBR093C,0,5.792478,0.3193384110927582,0.7514970302581787,0.16053210198879242
YER159C,YOL043C,0,5.79013,0.31920304894447327,0.7514970302581787,0.16063213348388672
YIL112W,YIL020C,0,5.789754,0.3190678060054779,0.7514970302581787,0.16073215007781982
YLR318W,YOL076W,0,5.787401,0.3189326524734497,0.7514970302581787,0.16083216667175293
YDR392W,YNL197C,1,5.781684,0.31922098994255066,0.7524949908256531,0.16083216667175293
YHL006C,YOR168W,0,5.7808943,0.31908589601516724,0.7524949908256531,0.16093218326568604
YKR071C,YJL214W,0,5.778295,0.31895092129707336,0.7524949908256531,0.16103219985961914
YOR347C,YJL045W,0,5.776792,0.31881606578826904,0.7524949908256531,0.16113223135471344
YBL023C,YOR016C,0,5.771881,0.3186813294887543,0.7524949908256531,0.16123224794864655
YFL021W,YAL039C,0,5.7718244,0.31854668259620667,0.7524949908256531,0.16133226454257965
YCR038C,YOL121C,0,5.770354,0.3184121549129486,0.7524949908256531,0.16143228113651276
YNL149C,YJL170C,0,5.7693853,0.3182777464389801,0.7524949908256531,0.16153231263160706
YHL006C,YPR120C,0,5.768914,0.31814345717430115,0.7524949908256531,0.16163232922554016
YER005W,YMR238W,0,5.767512,0.31800928711891174,0.7524949908256531,0.16173234581947327
YHR147C,YPL033C,0,5.762472,0.3178752064704895,0.7524949908256531,0.16183236241340637
YJL221C,YLL066C,0,5.7575746,0.3177412450313568,0.7524949908256531,0.16193239390850067
YLR300W,YDR503C,0,5.754757,0.31760740280151367,0.7524949908256531,0.16203241050243378
YGL205W,YGR063C,0,5.75465,0.3174736797809601,0.7524949908256531,0.16213242709636688
YGL051W,YDL142C,0,5.753867,0.31734007596969604,0.7524949908256531,0.1622324436903
YDR477W,YNL068C,1,5.751965,0.3176272511482239,0.7534930109977722,0.1622324436903
YNL206C,YMR013C,0,5.7504864,0.3174937069416046,0.7534930109977722,0.1623324602842331
YPL083C,YLR450W,0,5.749057,0.3173602223396301,0.7534930109977722,0.1624324917793274
YJL097W,YKL185W,0,5.7334914,0.3172268867492676,0.7534930109977722,0.1625325083732605
YML099C,YGR129W,0,5.7321105,0.3170936703681946,0.7534930109977722,0.1626325249671936
YBL020W,YPL126W,0,5.7311244,0.31696054339408875,0.7534930109977722,0.1627325415611267
YBR010W,YIL009C-A,0,5.72682,0.31682753562927246,0.7534930109977722,0.162832573056221
YKL015W,YGR156W,0,5.723936,0.31669461727142334,0.7534930109977722,0.1629325896501541
YGL028C,YHR008C,0,5.723282,0.31656184792518616,0.7534930109977722,0.16303260624408722
YPR175W,YJR119C,0,5.7177467,0.31642916798591614,0.7534930109977722,0.16313262283802032
YIR015W,YNL086W,0,5.7171984,0.31629660725593567,0.7534930109977722,0.16323263943195343
YDL029W,YJL048C,0,5.7168355,0.31616416573524475,0.7534930109977722,0.16333267092704773
YBR177C,YPL038W,0,5.7158556,0.316031813621521,0.7534930109977722,0.16343268752098083
YJR005W,YDR279W,0,5.7155566,0.3158995807170868,0.7534930109977722,0.16353270411491394
YIL131C,YHR011W,1,5.7019105,0.31618568301200867,0.7544910311698914,0.16353270411491394
YNR028W,YNR050C,0,5.6961327,0.31605350971221924,0.7544910311698914,0.16363272070884705
YNL135C,YDL138W,0,5.6914463,0.315921425819397,0.7544910311698914,0.16373275220394135
YDL081C,YGR218W,0,5.6911163,0.31578946113586426,0.7544910311698914,0.16383276879787445
YLL051C,YIL046W,0,5.688564,0.3156576156616211,0.7544910311698914,0.16393278539180756
YLR100W,YDL139C,0,5.6881504,0.3155258893966675,0.7544910311698914,0.16403280198574066
YGR184C,YIL087C,0,5.683749,0.31539425253868103,0.7544910311698914,0.16413283348083496
YNL219C,YEL020W-A,0,5.6835885,0.31526270508766174,0.7544910311698914,0.16423285007476807
YMR274C,YMR304W,0,5.6818023,0.3151313066482544,0.7544910311698914,0.16433286666870117
YBR271W,YLR167W,0,5.678288,0.3149999976158142,0.7544910311698914,0.16443288326263428
YDL170W,YLR239C,0,5.6779785,0.3148688077926636,0.7544910311698914,0.16453289985656738
YDR376W,YMR308C,0,5.6774664,0.3147377073764801,0.7544910311698914,0.16463293135166168
YGL046W,YNL218W,0,5.676858,0.31460675597190857,0.7544910311698914,0.1647329479455948
YEL005C,YDR276C,0,5.671715,0.3144758641719818,0.7544910311698914,0.1648329645395279
YNL216W,YAR018C,0,5.6700034,0.314345121383667,0.7544910311698914,0.164932981133461
YPL021W,YKL007W,0,5.669276,0.31421446800231934,0.7544910311698914,0.1650330126285553
YDR490C,YJR097W,0,5.6682897,0.31408393383026123,0.7544910311698914,0.1651330292224884
YCR058C,YOR089C,0,5.665438,0.3139534890651703,0.7544910311698914,0.1652330458164215
YCR091W,YPL280W,0,5.66519,0.3138231635093689,0.7544910311698914,0.16533306241035461
YMR230W,YLR360W,0,5.662676,0.31369295716285706,0.7544910311698914,0.1654330939054489
YLR364W,YER108C,0,5.662321,0.3135628402233124,0.7544910311698914,0.16553311049938202
YBL030C,YOL028C,0,5.6592226,0.31343284249305725,0.7544910311698914,0.16563312709331512
YDR135C,YER013W,0,5.659173,0.3133029341697693,0.7544910311698914,0.16573314368724823
YOR273C,YDR399W,0,5.65849,0.3131731450557709,0.7544910311698914,0.16583316028118134
YPL280W,YPL051W,0,5.656889,0.313043475151062,0.7544910311698914,0.16593319177627563
YGR191W,YLR414C,0,5.656554,0.3129138946533203,0.7544910311698914,0.16603320837020874
YOR113W,YJR025C,0,5.655735,0.31278443336486816,0.7544910311698914,0.16613322496414185
YER101C,YJL073W,0,5.652227,0.31265509128570557,0.7544910311698914,0.16623324155807495
YGL256W,YKL190W,0,5.6516,0.31252583861351013,0.7544910311698914,0.16633327305316925
YDR115W,YOR338W,0,5.651355,0.31239670515060425,0.7544910311698914,0.16643328964710236
YOL121C,YBR090C-A,0,5.649211,0.3122676610946655,0.7544910311698914,0.16653330624103546
YNR027W,YMR012W,0,5.6491303,0.31213873624801636,0.7544910311698914,0.16663332283496857
YMR200W,YDR322W,0,5.647971,0.31200990080833435,0.7544910311698914,0.16673333942890167
YLL045C,YFR019W,0,5.6474047,0.3118811845779419,0.7544910311698914,0.16683337092399597
YIL064W,YMR163C,0,5.645236,0.311752587556839,0.7544910311698914,0.16693338751792908
YOR027W,YGR101W,0,5.6402082,0.31162407994270325,0.7544910311698914,0.16703340411186218
YBR120C,YBR264C,0,5.639266,0.31149566173553467,0.7544910311698914,0.1671334207057953
YOR377W,YDR378C,0,5.6373014,0.311367392539978,0.7544910311698914,0.1672334522008896
YDR451C,YDR320C,0,5.633383,0.31123918294906616,0.7544910311698914,0.1673334687948227
YKL016C,YER148W,0,5.627345,0.31111112236976624,0.7544910311698914,0.1674334853887558
YDR499W,YDR527W,0,5.6249423,0.3109831213951111,0.7544910311698914,0.1675335019826889
YML009C,YLR188W,0,5.621633,0.31085526943206787,0.7544910311698914,0.1676335334777832
YER102W,YJL166W,0,5.6213846,0.3107275068759918,0.7544910311698914,0.1677335500717163
YKR096W,YML128C,0,5.6182737,0.31059983372688293,0.7544910311698914,0.16783356666564941
YMR065W,YCR052W,0,5.617738,0.3104722797870636,0.7544910311698914,0.16793358325958252
YOR172W,YMR182C,0,5.6177073,0.3103448152542114,0.7544910311698914,0.16803359985351562
YOR132W,YMR094W,0,5.6175795,0.3102174699306488,0.7544910311698914,0.16813363134860992
YIL135C,YLR175W,0,5.615288,0.31009024381637573,0.7544910311698914,0.16823364794254303
YDR144C,YDR482C,0,5.6114254,0.3099631071090698,0.7544910311698914,0.16833366453647614
YMR078C,YBR233W-A,0,5.607825,0.3098360598087311,0.7544910311698914,0.16843368113040924
YOL145C,YAL053W,0,5.6075706,0.3097091317176819,0.7544910311698914,0.16853371262550354
YBL079W,YER149C,0,5.6051393,0.30958232283592224,0.7544910311698914,0.16863372921943665
YOR030W,YNL138W,1,5.603525,0.30986490845680237,0.7554890513420105,0.16863372921943665
YMR229C,YOR127W,0,5.5957637,0.3097381293773651,0.7554890513420105,0.16873374581336975
YIL038C,YJR070C,0,5.5956907,0.309611439704895,0.7554890513420105,0.16883376240730286
YCR040W,YLR028C,0,5.592397,0.3094848692417145,0.7554890513420105,0.16893379390239716
YMR053C,YDR002W,0,5.5887585,0.3093583881855011,0.7554890513420105,0.16903381049633026
YDR036C,YFL018W-A,0,5.5886126,0.30923202633857727,0.7554890513420105,0.16913382709026337
YIR032C,YKL158W,0,5.583896,0.3091057538986206,0.7554890513420105,0.16923384368419647
YBL010C,YOL084W,0,5.582321,0.3089796006679535,0.7554890513420105,0.16933386027812958
YOR167C,YPL130W,0,5.582062,0.30885353684425354,0.7554890513420105,0.16943389177322388
YKL043W,YGR292W,0,5.577116,0.30872756242752075,0.7554890513420105,0.16953390836715698
YBL017C,YOR227W,0,5.5756006,0.3086017072200775,0.7554890513420105,0.1696339249610901
YMR071C,YNL214W,0,5.5729694,0.30847597122192383,0.7554890513420105,0.1697339415550232
YMR105C,YGR212W,0,5.5697904,0.3083502948284149,0.7554890513420105,0.1698339730501175
YDL145C,YPR008W,0,5.569506,0.30822476744651794,0.7554890513420105,0.1699339896440506
YMR071C,YBR289W,0,5.5642905,0.30809929966926575,0.7554890513420105,0.1700340062379837
YPL193W,YOR045W,0,5.5640163,0.3079739511013031,0.7554890513420105,0.1701340228319168
YNL038W,YDR310C,0,5.561469,0.30784872174263,0.7554890513420105,0.17023403942584991
YJL124C,YPR120C,0,5.561348,0.3077235817909241,0.7554890513420105,0.1703340709209442
YOR086C,YKL013C,0,5.5581007,0.3075985312461853,0.7554890513420105,0.17043408751487732
YMR217W,YDR419W,0,5.557049,0.3074735999107361,0.7554890513420105,0.17053410410881042
YDL087C,YMR055C,0,5.5529423,0.30734875798225403,0.7554890513420105,0.17063412070274353
YDR534C,YDR052C,0,5.5473785,0.3072240352630615,0.7554890513420105,0.17073415219783783
YER113C,YIL131C,1,5.547138,0.3075050711631775,0.7564870119094849,0.17073415219783783
YDL231C,YOR004W,0,5.5458574,0.3073803782463074,0.7564870119094849,0.17083416879177094
YOL076W,YOL010W,0,5.54452,0.3072557747364044,0.7564870119094849,0.17093418538570404
YHL007C,YKL043W,1,5.5418444,0.30753645300865173,0.757485032081604,0.17093418538570404
YMR207C,YLR438C-A,0,5.539948,0.30741190910339355,0.757485032081604,0.17103420197963715
YFR032C-A,YCR107W,0,5.5399437,0.30728745460510254,0.757485032081604,0.17113423347473145
YGR058W,YML004C,0,5.5394545,0.3071630895137787,0.757485032081604,0.17123425006866455
YBR166C,YNL007C,0,5.5353475,0.3070388436317444,0.757485032081604,0.17133426666259766
YDR101C,YPL156C,0,5.5252743,0.30691468715667725,0.757485032081604,0.17143428325653076
YCL059C,YHR172W,0,5.522636,0.30679062008857727,0.757485032081604,0.17153429985046387
YDR379W,YER108C,1,5.522374,0.30707070231437683,0.7584830522537231,0.17153429985046387
YDR466W,YMR267W,0,5.521105,0.30694669485092163,0.7584830522537231,0.17163433134555817
YLR288C,YJL069C,0,5.5157814,0.3068227767944336,0.7584830522537231,0.17173434793949127
YDR088C,YKL180W,0,5.5149026,0.3066989481449127,0.7584830522537231,0.17183436453342438
YJL089W,YOL020W,0,5.514185,0.3065752387046814,0.7584830522537231,0.17193438112735748
YLR004C,YIL120W,0,5.5132008,0.30645161867141724,0.7584830522537231,0.17203441262245178
YOL059W,YLR385C,0,5.512416,0.30632808804512024,0.7584830522537231,0.1721344292163849
YPL061W,YNL167C,0,5.5120287,0.3062046766281128,0.7584830522537231,0.172234445810318
YGL205W,YDR238C,0,5.505874,0.3060813546180725,0.7584830522537231,0.1723344624042511
YIL120W,YGL068W,0,5.5036464,0.3059581220149994,0.7584830522537231,0.1724344938993454
YHL007C,YLL021W,1,5.4975576,0.30623742938041687,0.7594810128211975,0.1724344938993454
YHL015W,YNL180C,0,5.4909725,0.30611422657966614,0.7594810128211975,0.1725345104932785
YJR140C,YNL066W,0,5.487982,0.30599114298820496,0.7594810128211975,0.1726345270872116
YOR074C,YNL158W,0,5.4814587,0.3058681786060333,0.7594810128211975,0.17273454368114471
YJR052W,YER062C,0,5.4783382,0.30574527382850647,0.7594810128211975,0.17283456027507782
YER113C,YOL103W,0,5.477992,0.30562248826026917,0.7594810128211975,0.17293459177017212
YOR346W,YLR075W,0,5.4773293,0.305499792098999,0.7594810128211975,0.17303460836410522
YHR084W,YLR312C-B,1,5.476958,0.30577850341796875,0.7604790329933167,0.17303460836410522
YGR085C,YDR388W,0,5.4761343,0.305655837059021,0.7604790329933167,0.17313462495803833
YNR027W,YOR285W,0,5.4755197,0.3055332899093628,0.7604790329933167,0.17323464155197144
YOL061W,YMR055C,0,5.474687,0.30541083216667175,0.7604790329933167,0.17333467304706573
YDR400W,YNL297C,0,5.471146,0.3052884638309479,0.7604790329933167,0.17343468964099884
YJL072C,YML028W,0,5.470656,0.30516618490219116,0.7604790329933167,0.17353470623493195
YBR090C-A,YLR239C,0,5.46466,0.305044025182724,0.7604790329933167,0.17363472282886505
YPL115C,YER118C,1,5.464634,0.30532214045524597,0.7614770531654358,0.17363472282886505
YDR423C,YAL019W,0,5.463547,0.3052000105381012,0.7614770531654358,0.17373475432395935
YNL027W,YPL131W,0,5.4586205,0.3050779700279236,0.7614770531654358,0.17383477091789246
YNL318C,YBR085W,0,5.458571,0.3049560487270355,0.7614770531654358,0.17393478751182556
YHR110W,YGL205W,0,5.4563627,0.30483418703079224,0.7614770531654358,0.17403480410575867
YMR313C,YER126C,0,5.4560013,0.3047124743461609,0.7614770531654358,0.17413482069969177
YOR176W,YEL058W,0,5.4538684,0.3045908212661743,0.7614770531654358,0.17423485219478607
YBR078W,YLR067C,0,5.4508057,0.3044692873954773,0.7614770531654358,0.17433486878871918
YLL019C,YLR276C,0,5.450388,0.30434781312942505,0.7614770531654358,0.17443488538265228
YOR308C,YHR147C,0,5.449402,0.30422648787498474,0.7614770531654358,0.1745349019765854
YDL018C,YDR353W,0,5.4400883,0.3041052222251892,0.7614770531654358,0.1746349334716797
YPL040C,YMR234W,0,5.4378753,0.3039840757846832,0.7614770531654358,0.1747349500656128
YDR403W,YPR190C,0,5.4273357,0.303862988948822,0.7614770531654358,0.1748349666595459
YMR164C,YKL185W,1,5.420884,0.3041401207447052,0.7624750733375549,0.1748349666595459
YIL072W,YFR015C,0,5.4164505,0.30401909351348877,0.7624750733375549,0.174934983253479
YLR404W,YMR172W,0,5.413894,0.3038981556892395,0.7624750733375549,0.1750349998474121
YDR432W,YLL021W,1,5.413268,0.3041749596595764,0.7634730339050293,0.1750349998474121
YGL016W,YFL048C,0,5.41224,0.30405405163764954,0.7634730339050293,0.1751350313425064
YER056C,YGL205W,0,5.4101267,0.3039332628250122,0.7634730339050293,0.17523504793643951
YPL196W,YLR160C,0,5.406583,0.30381256341934204,0.7634730339050293,0.17533506453037262
YBR083W,YLR312C-B,1,5.4007235,0.30408892035484314,0.7644710540771484,0.17533506453037262
YMR182C,YBR024W,0,5.3990564,0.30396825075149536,0.7644710540771484,0.17543508112430573
YDL100C,YCL026C-B,0,5.3940268,0.30384767055511475,0.7644710540771484,0.17553511261940002
YOR240W,YKR061W,0,5.3907433,0.3037272095680237,0.7644710540771484,0.17563512921333313
YMR164C,YNL138W,1,5.39007,0.30400317907333374,0.7654690742492676,0.17563512921333313
YOR127W,YKL006W,0,5.389983,0.3038827180862427,0.7654690742492676,0.17573514580726624
YOR308C,YNL288W,0,5.3865423,0.30376237630844116,0.7654690742492676,0.17583516240119934
YDL035C,YDR013W,0,5.3860354,0.3036421239376068,0.7654690742492676,0.17593519389629364
YPR016C,YJL078C,0,5.385397,0.3035219609737396,0.7654690742492676,0.17603521049022675
YDR463W,YLR141W,0,5.384841,0.3034018874168396,0.7654690742492676,0.17613522708415985
YER155C,YER014C-A,0,5.3817143,0.3032819330692291,0.7654690742492676,0.17623524367809296
YKL210W,YJR022W,0,5.37976,0.3031620681285858,0.7654690742492676,0.17633526027202606
YPL163C,YDL017W,0,5.3785715,0.3030422627925873,0.7654690742492676,0.17643529176712036
YDR402C,YMR321C,0,5.375704,0.3029225766658783,0.7654690742492676,0.17653530836105347
YOR126C,YOR175C,0,5.375657,0.30280300974845886,0.7654690742492676,0.17663532495498657
YFR047C,YGL151W,0,5.3740354,0.3026835024356842,0.7654690742492676,0.17673534154891968
YHR069C,YDR530C,0,5.3731585,0.3025641143321991,0.7654690742492676,0.17683537304401398
YPL174C,YMR117C,0,5.373049,0.30244478583335876,0.7654690742492676,0.17693538963794708
YOL121C,YML006C,0,5.370591,0.302325576543808,0.7654690742492676,0.1770354062318802
YJL216C,YPL226W,0,5.3702602,0.30220645666122437,0.7654690742492676,0.1771354228258133
YOR243C,YHL047C,0,5.369879,0.3020874261856079,0.7654690742492676,0.1772354543209076
YHR146W,YDR523C,0,5.3594646,0.301968514919281,0.7654690742492676,0.1773354709148407
YBR084W,YDL115C,0,5.352068,0.3018496632575989,0.7654690742492676,0.1774354875087738
YLR323C,YPL223C,0,5.349391,0.3017309308052063,0.7654690742492676,0.1775355041027069
YAL034W-A,YGR212W,0,5.3440905,0.3016122579574585,0.7654690742492676,0.17763552069664001
YNL197C,YKL185W,1,5.3394327,0.30188679695129395,0.7664670944213867,0.17763552069664001
YGL103W,YCR018C,0,5.3320675,0.3017681837081909,0.7664670944213867,0.17773555219173431
YGR004W,YOR177C,0,5.33063,0.30164965987205505,0.7664670944213867,0.17783556878566742
YDR362C,YFL001W,0,5.3274,0.30153122544288635,0.7664670944213867,0.17793558537960052
YOR258W,YPR167C,0,5.3268185,0.3014128804206848,0.7664670944213867,0.17803560197353363
YFR036W,YDR265W,0,5.325743,0.30129462480545044,0.7664670944213867,0.17813563346862793
YKR048C,YDL247W,0,5.324945,0.3011764585971832,0.7664670944213867,0.17823565006256104
YDL225W,YPR063C,0,5.315813,0.30105841159820557,0.7664670944213867,0.17833566665649414
YMR164C,YER113C,1,5.3135786,0.3013322949409485,0.7674650549888611,0.17833566665649414
YHR009C,YDR309C,0,5.311961,0.3012142479419708,0.7674650549888611,0.17843568325042725
YLR220W,YPL098C,0,5.310132,0.3010963201522827,0.7674650549888611,0.17853569984436035
YLR362W,YER108C,1,5.3092995,0.30136987566947937,0.7684630751609802,0.17853569984436035
YOR127W,YER108C,1,5.3091516,0.3016431927680969,0.7694610953330994,0.17853569984436035
YOR298W,YDL245C,0,5.306531,0.3015252351760864,0.7694610953330994,0.17863573133945465
YMR269W,YGR030C,0,5.3030157,0.3014073371887207,0.7694610953330994,0.17873574793338776
YOR116C,YOR158W,0,5.298096,0.30128955841064453,0.7694610953330994,0.17883576452732086
YGR211W,YPR083W,0,5.2964673,0.3011718690395355,0.7694610953330994,0.17893578112125397
YHR010W,YNL061W,0,5.2941403,0.3010542690753937,0.7694610953330994,0.17903581261634827
YEL012W,YER111C,0,5.288919,0.300936758518219,0.7694610953330994,0.17913582921028137
YAL040C,YER177W,0,5.2873707,0.30081936717033386,0.7694610953330994,0.17923584580421448
YDR189W,YER150W,0,5.281818,0.3007020354270935,0.7694610953330994,0.17933586239814758
YJL003W,YNR038W,0,5.280397,0.3005847930908203,0.7694610953330994,0.17943589389324188
YLR429W,YDR532C,0,5.2754903,0.3004676401615143,0.7694610953330994,0.179535910487175
YER149C,YOR030W,1,5.2674193,0.30074015259742737,0.7704590559005737,0.179535910487175
YML042W,YGR083C,0,5.264041,0.3006230592727661,0.7704590559005737,0.1796359270811081
YCR047C,YMR097C,0,5.263634,0.30050602555274963,0.7704590559005737,0.1797359436750412
YDR329C,YLR058C,0,5.2616444,0.3003891110420227,0.7704590559005737,0.1798359602689743
YMR220W,YGR103W,0,5.2599335,0.30027225613594055,0.7704590559005737,0.1799359917640686
YDR372C,YDL227C,0,5.2582693,0.30015552043914795,0.7704590559005737,0.1800360083580017
YGR036C,YOR061W,0,5.257816,0.3000388741493225,0.7704590559005737,0.18013602495193481
YAL060W,YDR018C,0,5.2515736,0.29992228746414185,0.7704590559005737,0.18023604154586792
YLR213C,YGR214W,0,5.250069,0.29980581998825073,0.7704590559005737,0.18033607304096222
YCR024C,YIL056W,0,5.2470617,0.2996894419193268,0.7704590559005737,0.18043608963489532
YLR017W,YBL047C,0,5.2452765,0.29957315325737,0.7704590559005737,0.18053610622882843
YJR004C,YLR268W,0,5.2382092,0.29945695400238037,0.7704590559005737,0.18063612282276154
YIL074C,YJL187C,0,5.2291965,0.2993408441543579,0.7704590559005737,0.18073615431785583
YOR087W,YPL210C,0,5.221857,0.2992247939109802,0.7704590559005737,0.18083617091178894
YDR371W,YML028W,0,5.2191954,0.2991088628768921,0.7704590559005737,0.18093618750572205
YKR102W,YLR312C-B,0,5.217688,0.2989930212497711,0.7704590559005737,0.18103620409965515
YJR127C,YCR005C,0,5.215457,0.2988772690296173,0.7704590559005737,0.18113622069358826
YGL031C,YLR032W,0,5.213646,0.29876160621643066,0.7704590559005737,0.18123625218868256
YDR341C,YPL214C,0,5.2123833,0.2986460328102112,0.7704590559005737,0.18133626878261566
YOR092W,YMR274C,0,5.212361,0.29853054881095886,0.7704590559005737,0.18143628537654877
YMR176W,YOR330C,0,5.2121754,0.2984151542186737,0.7704590559005737,0.18153630197048187
YDR393W,YGL210W,0,5.212174,0.2982998490333557,0.7704590559005737,0.18163633346557617
YJR001W,YPL157W,0,5.2098327,0.2981846332550049,0.7704590559005737,0.18173635005950928
YJL164C,YNR008W,0,5.2044773,0.2980695068836212,0.7704590559005737,0.18183636665344238
YAL053W,YER087W,0,5.2023106,0.2979544699192047,0.7704590559005737,0.1819363832473755
YPR111W,YBL090W,0,5.2007747,0.297839492559433,0.7704590559005737,0.1820363998413086
YKL191W,YIL101C,0,5.199766,0.2977246344089508,0.7704590559005737,0.1821364313364029
YMR318C,YOR156C,0,5.1979017,0.2976098656654358,0.7704590559005737,0.182236447930336
YMR152W,YMR183C,0,5.1969166,0.29749518632888794,0.7704590559005737,0.1823364645242691
YLR213C,YHR079C-B,0,5.194284,0.29738059639930725,0.7704590559005737,0.1824364811182022
YHL036W,YLR325C,0,5.1890163,0.29726606607437134,0.7704590559005737,0.1825365126132965
YGL016W,YJL194W,0,5.187698,0.297151654958725,0.7704590559005737,0.18263652920722961
YBL005W-B,YPR167C,0,5.1876516,0.2970373332500458,0.7704590559005737,0.18273654580116272
YLR229C,YKL043W,1,5.1855555,0.29730769991874695,0.7714570760726929,0.18273654580116272
YBR100W,YOR265W,0,5.182026,0.29719337821006775,0.7714570760726929,0.18283656239509583
YLR203C,YNL293W,0,5.18064,0.2970791757106781,0.7714570760726929,0.18293659389019012
YOR330C,YPL175W,0,5.1802645,0.2969650328159332,0.7714570760726929,0.18303661048412323
YPL027W,YIR023W,0,5.1777673,0.2968510091304779,0.7714570760726929,0.18313662707805634
YHR039C-B,YKR066C,0,5.174589,0.29673704504966736,0.7714570760726929,0.18323664367198944
YLL050C,YBL051C,0,5.1701727,0.296623170375824,0.7714570760726929,0.18333666026592255
YJR001W,YLR115W,0,5.169321,0.29650938510894775,0.7714570760726929,0.18343669176101685
YML036W,YJR131W,0,5.1686153,0.2963957190513611,0.7714570760726929,0.18353670835494995
YDR026C,YIL107C,0,5.1652136,0.2962821125984192,0.7714570760726929,0.18363672494888306
YGL127C,YLL057C,0,5.1647615,0.29616859555244446,0.7714570760726929,0.18373674154281616
YJL196C,YAL011W,0,5.163823,0.2960551381111145,0.7714570760726929,0.18383677303791046
YER088C,YHR157W,0,5.1635323,0.2959417998790741,0.7714570760726929,0.18393678963184357
YGL016W,YAR042W,0,5.160201,0.29582855105400085,0.7714570760726929,0.18403680622577667
YNL298W,YEL058W,0,5.1581573,0.2957153916358948,0.7714570760726929,0.18413682281970978
YKL002W,YBL026W,0,5.1559496,0.29560229182243347,0.7714570760726929,0.18423685431480408
YDR534C,YFL014W,0,5.154805,0.2954893112182617,0.7714570760726929,0.18433687090873718
YBR131W,YKR044W,0,5.150091,0.29537639021873474,0.7714570760726929,0.1844368875026703
YDR468C,YOR212W,0,5.147188,0.2952635586261749,0.7714570760726929,0.1845369040966034
YNL119W,YDL204W,0,5.146634,0.2951508164405823,0.7714570760726929,0.1846369206905365
YMR034C,YBL106C,0,5.1465364,0.2950381636619568,0.7714570760726929,0.1847369521856308
YOR182C,YDL139C,0,5.1409826,0.29492560029029846,0.7714570760726929,0.1848369687795639
YER125W,YCR035C,0,5.1372795,0.2948131263256073,0.7714570760726929,0.184936985373497
YBR153W,YMR118C,0,5.1372194,0.2947007119655609,0.7714570760726929,0.18503700196743011
YGR006W,YPR191W,0,5.1335974,0.2945884168148041,0.7714570760726929,0.18513703346252441
YNL271C,YNL278W,0,5.1328306,0.294476181268692,0.7714570760726929,0.18523705005645752
YPL129W,YCL029C,0,5.1323147,0.2943640649318695,0.7714570760726929,0.18533706665039062
YDR477W,YHR111W,1,5.1311793,0.2946326732635498,0.772455096244812,0.18533706665039062
YIL076W,YLR139C,0,5.130532,0.2945205569267273,0.772455096244812,0.18543708324432373
YLR305C,YCL055W,0,5.126997,0.29440852999687195,0.772455096244812,0.18553711473941803
YGR029W,YIL109C,0,5.126128,0.29429659247398376,0.772455096244812,0.18563713133335114
YAL060W,YDR464W,0,5.1242666,0.29418471455574036,0.772455096244812,0.18573714792728424
YDL143W,YDR078C,0,5.1223526,0.2940729558467865,0.772455096244812,0.18583716452121735
YOR194C,YNL086W,0,5.1203194,0.2939612567424774,0.772455096244812,0.18593718111515045
YOR181W,YBR299W,0,5.1201363,0.2938496470451355,0.772455096244812,0.18603721261024475
YNL078W,YHR111W,0,5.1165276,0.29373812675476074,0.772455096244812,0.18613722920417786
YLR370C,YGR271W,0,5.1126075,0.29362669587135315,0.772455096244812,0.18623724579811096
YKR068C,YJR025C,0,5.111538,0.2935153543949127,0.772455096244812,0.18633726239204407
YDL115C,YHR023W,0,5.111368,0.29340410232543945,0.772455096244812,0.18643729388713837
YDR410C,YHR023W,0,5.1113453,0.29329290986061096,0.772455096244812,0.18653731048107147
YMR233W,YGL167C,0,5.109348,0.29318180680274963,0.772455096244812,0.18663732707500458
YPR119W,YDL123W,0,5.1076255,0.29307079315185547,0.772455096244812,0.18673734366893768
YBL113C,YHR073W,0,5.1039977,0.29295986890792847,0.772455096244812,0.1868373602628708
YGL209W,YLR353W,0,5.1019826,0.29284903407096863,0.772455096244812,0.1869373917579651
YNL084C,YGL173C,0,5.10053,0.29273828864097595,0.772455096244812,0.1870374083518982
YDR528W,YLR176C,0,5.096423,0.29262760281562805,0.772455096244812,0.1871374249458313
YJL066C,YBR045C,0,5.089232,0.2925170063972473,0.772455096244812,0.1872374415397644
YLR134W,YOL010W,0,5.0890355,0.29240649938583374,0.772455096244812,0.1873374730348587
YOR266W,YBR301W,0,5.0863724,0.29229608178138733,0.772455096244812,0.1874374896287918
YDR076W,YGR118W,0,5.086279,0.2921857237815857,0.772455096244812,0.18753750622272491
YNL121C,YLR093C,0,5.0796013,0.2920754849910736,0.772455096244812,0.18763752281665802
YGL092W,YPR035W,0,5.0794497,0.2919653058052063,0.772455096244812,0.18773755431175232
YLR363C,YIL130W,0,5.0788784,0.29185521602630615,0.772455096244812,0.18783757090568542
YIL004C,YGL173C,0,5.0773497,0.2917451858520508,0.772455096244812,0.18793758749961853
YDR169C,YMR238W,0,5.077128,0.29163527488708496,0.772455096244812,0.18803760409355164
YDL170W,YIL120W,0,5.0764575,0.2915254235267639,0.772455096244812,0.18813762068748474
YKL003C,YBL031W,0,5.071116,0.29141566157341003,0.772455096244812,0.18823765218257904
YKL015W,YJL130C,0,5.0691276,0.2913059890270233,0.772455096244812,0.18833766877651215
YDL200C,YPR137W,0,5.0670195,0.29119637608528137,0.772455096244812,0.18843768537044525
YHR111W,YER108C,1,5.062475,0.2914629578590393,0.7734531164169312,0.18843768537044525
YDL225W,YLR145W,0,5.0576715,0.29135337471961975,0.7734531164169312,0.18853770196437836
YGL051W,YER087C-A,0,5.0552387,0.29124388098716736,0.7734531164169312,0.18863773345947266
YDR043C,YHR011W,1,5.0547423,0.29151013493537903,0.7744510769844055,0.18863773345947266
YPR156C,YDR047W,0,5.052801,0.291400671005249,0.7744510769844055,0.18873775005340576
YML013W,YDR086C,0,5.0514793,0.2912912964820862,0.7744510769844055,0.18883776664733887
YPR010C,YJL101C,0,5.0510607,0.2911819815635681,0.7744510769844055,0.18893778324127197
YPR135W,YPL056C,0,5.0504313,0.2910727560520172,0.7744510769844055,0.18903781473636627
YNL197C,YER108C,1,5.0449104,0.29133859276771545,0.7754490971565247,0.18903781473636627
YMR274C,YHR142W,0,5.0444107,0.29122939705848694,0.7754490971565247,0.18913783133029938
YOL156W,YCR005C,0,5.0426483,0.2911202609539032,0.7754490971565247,0.18923784792423248
YMR127C,YDR050C,0,5.0392447,0.291011244058609,0.7754490971565247,0.1893378645181656
YNL142W,YIL049W,1,5.0372972,0.2912766635417938,0.7764471173286438,0.1893378645181656
YEL005C,YMR198W,0,5.0344076,0.291167676448822,0.7764471173286438,0.1894378811120987
YFL035C-B,YCL017C,0,5.033695,0.291058748960495,0.7764471173286438,0.189537912607193
YGL062W,YGL092W,0,5.028554,0.29094988107681274,0.7764471173286438,0.1896379292011261
YNL096C,YDR176W,0,5.028488,0.29084113240242004,0.7764471173286438,0.1897379457950592
YLR190W,YNL301C,0,5.0271406,0.2907324433326721,0.7764471173286438,0.1898379623889923
YGR142W,YNR067C,0,5.0254784,0.29062384366989136,0.7764471173286438,0.1899379938840866
YNL020C,YMR143W,0,5.023801,0.29051530361175537,0.7764471173286438,0.19003801047801971
YNL051W,YFL035C-B,0,5.0228634,0.29040688276290894,0.7764471173286438,0.19013802707195282
YGR263C,YER151C,0,5.019162,0.2902985215187073,0.7764471173286438,0.19023804366588593
YDR402C,YHR044C,0,5.016131,0.2901902198791504,0.7764471173286438,0.19033806025981903
YOR224C,YBL017C,0,5.01604,0.29008203744888306,0.7764471173286438,0.19043809175491333
YML097C,YPL180W,0,5.0149755,0.2899739146232605,0.7764471173286438,0.19053810834884644
YGR158C,YBL060W,0,5.013029,0.2898658812046051,0.7764471173286438,0.19063812494277954
YOR078W,YNL328C,0,5.0120134,0.2897579073905945,0.7764471173286438,0.19073814153671265
YHR013C,YDR390C,0,5.007696,0.289650022983551,0.7764471173286438,0.19083817303180695
YGL144C,YDL035C,0,5.006652,0.28954222798347473,0.7764471173286438,0.19093818962574005
YBR040W,YPL064C,0,5.004407,0.2894345223903656,0.7764471173286438,0.19103820621967316
YOL002C,YAR027W,0,5.003188,0.28932687640190125,0.7764471173286438,0.19113822281360626
YLR432W,YDR265W,0,5.002569,0.28921931982040405,0.7764471173286438,0.19123825430870056
YOL071W,YJL143W,0,4.9993153,0.289111852645874,0.7764471173286438,0.19133827090263367
YCR098C,YGR143W,0,4.99175,0.28900444507598877,0.7764471173286438,0.19143828749656677
YHR146W,YCR055C,0,4.9881763,0.2888971269130707,0.7764471173286438,0.19153830409049988
YDR086C,YDL141W,0,4.985837,0.28878989815711975,0.7764471173286438,0.19163832068443298
YNL044W,YDL184C,0,4.9847174,0.288682758808136,0.7764471173286438,0.19173835217952728
YGL213C,YNL076W,0,4.984044,0.288575679063797,0.7764471173286438,0.1918383687734604
YBR005W,YBR172C,0,4.9823933,0.2884686589241028,0.7764471173286438,0.1919383853673935
YPL004C,YGR027C,0,4.9800816,0.2883617579936981,0.7764471173286438,0.1920384019613266
YHL007C,YNL271C,1,4.9789333,0.28862541913986206,0.7774451375007629,0.1920384019613266
YJR032W,YER108C,0,4.975791,0.2885185182094574,0.7774451375007629,0.1921384334564209
YOR396W,YOL152W,0,4.9755697,0.2884117066860199,0.7774451375007629,0.192238450050354
YCR011C,YCR093W,0,4.9703074,0.2883049547672272,0.7774451375007629,0.1923384666442871
YKL063C,YKR019C,0,4.964517,0.2881982922554016,0.7774451375007629,0.19243848323822021
YKL108W,YHR047C,0,4.9641333,0.2880917191505432,0.7774451375007629,0.19253851473331451
YKR031C,YDR437W,0,4.96117,0.2879852056503296,0.7774451375007629,0.19263853132724762
YLR220W,YNR035C,0,4.9607296,0.28787878155708313,0.7774451375007629,0.19273854792118073
YLR246W,YDR323C,0,4.9494443,0.28777244687080383,0.7774451375007629,0.19283856451511383
YMR038C,YJR055W,0,4.946598,0.2876661717891693,0.7774451375007629,0.19293858110904694
YJL035C,YMR232W,0,4.9450836,0.28755998611450195,0.7774451375007629,0.19303861260414124
YGR056W,YNL016W,0,4.9420166,0.28745386004447937,0.7774451375007629,0.19313862919807434
YOR254C,YGR174C,0,4.9411693,0.28734785318374634,0.7774451375007629,0.19323864579200745
YNL238W,YGL171W,0,4.940906,0.2872418761253357,0.7774451375007629,0.19333866238594055
YDR466W,YOR098C,0,4.940475,0.2871360182762146,0.7774451375007629,0.19343869388103485
YIR031C,YPL271W,0,4.9402237,0.2870302200317383,0.7774451375007629,0.19353871047496796
YPL021W,YLR220W,0,4.93445,0.28692448139190674,0.7774451375007629,0.19363872706890106
YPL231W,YDR086C,0,4.9319563,0.28681886196136475,0.7774451375007629,0.19373874366283417
YOL031C,YPL226W,0,4.9304748,0.28671327233314514,0.7774451375007629,0.19383877515792847
YLR343W,YBR156C,0,4.9283066,0.2866078019142151,0.7774451375007629,0.19393879175186157
YCL047C,YLR377C,0,4.927675,0.2865023910999298,0.7774451375007629,0.19403880834579468
YJR121W,YLR268W,0,4.923028,0.2863970696926117,0.7774451375007629,0.19413882493972778
YML031W,YLR323C,0,4.9179873,0.28629180788993835,0.7774451375007629,0.1942388415336609
YMR316W,YKR071C,0,4.9135327,0.2861866354942322,0.7774451375007629,0.1943388730287552
YNL309W,YFR024C,0,4.9046016,0.2860815227031708,0.7774451375007629,0.1944388896226883
YGL155W,YGL205W,0,4.903489,0.28597649931907654,0.7774451375007629,0.1945389062166214
YER040W,YFR015C,0,4.9026556,0.28587156534194946,0.7774451375007629,0.1946389228105545
YLR411W,YER125W,0,4.901861,0.28576669096946716,0.7774451375007629,0.1947389543056488
YGL183C,YLL043W,0,4.901434,0.285661906003952,0.7774451375007629,0.1948389708995819
YNL223W,YDR101C,0,4.899371,0.28555718064308167,0.7774451375007629,0.19493898749351501
YGL174W,YDR390C,0,4.8974113,0.28545254468917847,0.7774451375007629,0.19503900408744812
YHL047C,YJL214W,0,4.895755,0.28534799814224243,0.7774451375007629,0.19513902068138123
YHR194W,YNL208W,0,4.895601,0.28524351119995117,0.7774451375007629,0.19523905217647552
YMR179W,YLR292C,0,4.893388,0.2851390838623047,0.7774451375007629,0.19533906877040863
YOR066W,YGR086C,0,4.8883386,0.28503474593162537,0.7774451375007629,0.19543908536434174
YGR170W,YCR092C,0,4.887951,0.2849304974079132,0.7774451375007629,0.19553910195827484
YOR384W,YAR002C-A,0,4.8874865,0.2848263382911682,0.7774451375007629,0.19563913345336914
YGR070W,YOR142W,0,4.8823447,0.2847222089767456,0.7774451375007629,0.19573915004730225
YBR188C,YLL053C,0,4.87893,0.28461819887161255,0.7774451375007629,0.19583916664123535
YBL017C,YNL172W,0,4.873629,0.28451424837112427,0.7774451375007629,0.19593918323516846
YGR292W,YKL182W,0,4.872178,0.28441035747528076,0.7774451375007629,0.19603921473026276
YGR009C,YER126C,0,4.8710623,0.2843065559864044,0.7774451375007629,0.19613923132419586
YER056C-A,YLL026W,0,4.8709116,0.28420284390449524,0.7774451375007629,0.19623924791812897
YCR011C,YDR002W,0,4.8690543,0.28409919142723083,0.7774451375007629,0.19633926451206207
YEL037C,YOL011W,0,4.8579826,0.2839956283569336,0.7774451375007629,0.19643928110599518
YMR276W,YLL066C,0,4.857601,0.28389212489128113,0.7774451375007629,0.19653931260108948
YDR383C,YJL189W,0,4.853119,0.2837887108325958,0.7774451375007629,0.19663932919502258
YDR398W,YGR156W,0,4.850547,0.2836853563785553,0.7774451375007629,0.1967393457889557
YDR144C,YNR067C,0,4.849397,0.28358209133148193,0.7774451375007629,0.1968393623828888
YLR183C,YOR194C,0,4.848921,0.28347888588905334,0.7774451375007629,0.1969393938779831
YLL003W,YHR109W,0,4.846843,0.2833757698535919,0.7774451375007629,0.1970394104719162
YDR477W,YNL098C,1,4.8466973,0.2836363613605499,0.7784430980682373,0.1970394104719162
YLL031C,YBR196C,0,4.8463135,0.2835332751274109,0.7784430980682373,0.1971394270658493
YLL045C,YDR270W,0,4.844979,0.28343021869659424,0.7784430980682373,0.1972394436597824
YHR158C,YNL092W,0,4.839216,0.28332728147506714,0.7784430980682373,0.1973394751548767
YPL207W,YKL182W,0,4.835465,0.2832244038581848,0.7784430980682373,0.19743949174880981
YOR032C,YLR229C,1,4.8342247,0.2834845781326294,0.7794411182403564,0.19743949174880981
YPL078C,YOL011W,0,4.827262,0.28338170051574707,0.7794411182403564,0.19753950834274292
YLR170C,YLR006C,0,4.8259726,0.2832789123058319,0.7794411182403564,0.19763952493667603
YOL084W,YGR234W,0,4.8241243,0.2831762135028839,0.7794411182403564,0.19773954153060913
YPR016C,YIL160C,0,4.823016,0.2830735743045807,0.7794411182403564,0.19783957302570343
YLR305C,YER161C,0,4.8215466,0.28297102451324463,0.7794411182403564,0.19793958961963654
YKL090W,YOR016C,0,4.821109,0.28286853432655334,0.7794411182403564,0.19803960621356964
YJR049C,YEL040W,0,4.8176675,0.28276610374450684,0.7794411182403564,0.19813962280750275
YLR059C,YIL115C,0,4.815382,0.2826637625694275,0.7794411182403564,0.19823965430259705
YLR129W,YGR035C,0,4.812826,0.2825615108013153,0.7794411182403564,0.19833967089653015
YKL192C,YBR162W-A,0,4.8122964,0.2824593186378479,0.7794411182403564,0.19843968749046326
YKR095W-A,YOR311C,0,4.81174,0.28235718607902527,0.7794411182403564,0.19853970408439636
YLR266C,YER044C-A,0,4.8085947,0.2822551429271698,0.7794411182403564,0.19863972067832947
YNR044W,YKL171W,0,4.8080063,0.2821531891822815,0.7794411182403564,0.19873975217342377
YDL235C,YML085C,0,4.8076425,0.28205129504203796,0.7794411182403564,0.19883976876735687
YBR042C,YNL188W,0,4.8059993,0.2819494605064392,0.7794411182403564,0.19893978536128998
YKL210W,YBR120C,0,4.8052797,0.2818477153778076,0.7794411182403564,0.19903980195522308
YKR066C,YHR129C,0,4.8028927,0.2817460298538208,0.7794411182403564,0.19913983345031738
YIL120W,YPL017C,0,4.7997885,0.28164443373680115,0.7794411182403564,0.1992398500442505
YEL030W,YLR292C,0,4.799295,0.28154289722442627,0.7794411182403564,0.1993398666381836
YDR128W,YMR195W,0,4.7977986,0.28144145011901855,0.7794411182403564,0.1994398832321167
YMR164C,YMR238W,1,4.7956605,0.2817002832889557,0.7804391384124756,0.1994398832321167
YOR025W,YNL135C,0,4.7924147,0.281598836183548,0.7804391384124756,0.199539914727211
YGL046W,YBR067C,0,4.784969,0.2814974784851074,0.7804391384124756,0.1996399313211441
YOL009C,YJL110C,0,4.7822595,0.28139618039131165,0.7804391384124756,0.1997399479150772
YNL078W,YKL200C,0,4.781852,0.28129497170448303,0.7804391384124756,0.19983996450901031
YIL039W,YCR097WB,0,4.774726,0.2811938226222992,0.7804391384124756,0.19993998110294342
YDL231C,YDR054C,0,4.7730417,0.28109273314476013,0.7804391384124756,0.20004001259803772
YGL129C,YPL198W,0,4.7705107,0.28099173307418823,0.7804391384124756,0.20014002919197083
YOR313C,YIL042C,0,4.7700505,0.2808907926082611,0.7804391384124756,0.20024004578590393
YJR010C-A,YNL231C,0,4.7574005,0.28078994154930115,0.7804391384124756,0.20034006237983704
YDR076W,YIR002C,0,4.7566886,0.28068915009498596,0.7804391384124756,0.20044009387493134
YOL038W,YCL029C,0,4.755082,0.28058844804763794,0.7804391384124756,0.20054011046886444
YDL047W,YDR100W,0,4.7494717,0.2804878056049347,0.7804391384124756,0.20064012706279755
YBR083W,YLR229C,1,4.747156,0.2807457745075226,0.78143709897995,0.20064012706279755
YML039W,YBL076C,0,4.745983,0.2806451618671417,0.78143709897995,0.20074014365673065
YIL150C,YMR243C,0,4.745142,0.28054460883140564,0.78143709897995,0.20084017515182495
YLR304C,YBR020W,0,4.728206,0.28044411540031433,0.78143709897995,0.20094019174575806
YLR248W,YCL074W,0,4.7265987,0.2803437113761902,0.78143709897995,0.20104020833969116
YBR172C,YDR503C,0,4.7193265,0.2802433669567108,0.78143709897995,0.20114022493362427
YMR035W,YGL236C,0,4.717943,0.2801431119441986,0.78143709897995,0.20124024152755737
YKL129C,YGR180C,0,4.717442,0.2800429165363312,0.78143709897995,0.20134027302265167
YML042W,YCR030C,0,4.7155766,0.2799428105354309,0.78143709897995,0.20144028961658478
YOR269W,YNL048W,0,4.7085705,0.279842734336853,0.78143709897995,0.20154030621051788
YCR029C-A,YPL200W,0,4.7071247,0.2797427773475647,0.78143709897995,0.201640322804451
YER139C,YDR050C,0,4.705716,0.27964285016059875,0.78143709897995,0.2017403542995453
YER030W,YMR232W,0,4.7056856,0.2795430123806,0.78143709897995,0.2018403708934784
YOR032C,YER133W,0,4.7001243,0.27944326400756836,0.78143709897995,0.2019403874874115
YLR020C,YKL158W,0,4.6993895,0.2793435752391815,0.78143709897995,0.2020404040813446
YOR274W,YDR471W,0,4.6974816,0.27924394607543945,0.78143709897995,0.2021404206752777
YPR110C,YLL022C,0,4.697412,0.27914437651634216,0.78143709897995,0.202240452170372
YDR044W,YBR109C,0,4.694634,0.27904489636421204,0.78143709897995,0.20234046876430511
YDL061C,YGL010W,0,4.6946306,0.2789455056190491,0.78143709897995,0.20244048535823822
YBR078W,YHR037W,0,4.694235,0.2788461446762085,0.78143709897995,0.20254050195217133
YOR237W,YDR172W,0,4.6941996,0.2787468731403351,0.78143709897995,0.20264053344726562
YOR240W,YPR149W,0,4.6905413,0.27864769101142883,0.78143709897995,0.20274055004119873
YML080W,YGL067W,0,4.6902294,0.27854856848716736,0.78143709897995,0.20284056663513184
YHR009C,YNL246W,0,4.690197,0.27844950556755066,0.78143709897995,0.20294058322906494
YPL258C,YMR290C,0,4.6885333,0.27835050225257874,0.78143709897995,0.20304061472415924
YHR096C,YGR216C,0,4.6849527,0.278251588344574,0.78143709897995,0.20314063131809235
YDR376W,YNL102W,0,4.684724,0.2781527638435364,0.78143709897995,0.20324064791202545
YHR080C,YDR018C,0,4.682436,0.27805396914482117,0.78143709897995,0.20334066450595856
YPL153C,YLL002W,0,4.680669,0.2779552638530731,0.78143709897995,0.20344068109989166
YPR105C,YBR074W,0,4.680278,0.27785664796829224,0.78143709897995,0.20354071259498596
YPL163C,YDR040C,0,4.6784325,0.27775806188583374,0.78143709897995,0.20364072918891907
YDR347W,YDL095W,0,4.6751842,0.2776595652103424,0.78143709897995,0.20374074578285217
YOL023W,YJL081C,0,4.673109,0.27756115794181824,0.78143709897995,0.20384076237678528
YDR482C,YIL030C,0,4.6696625,0.27746278047561646,0.78143709897995,0.20394079387187958
YDR368W,YMR143W,0,4.666252,0.27736449241638184,0.78143709897995,0.20404081046581268
YOL069W,YPL130W,0,4.665227,0.2772662937641144,0.78143709897995,0.2041408270597458
YER091C,YBR276C,0,4.6646132,0.2771681547164917,0.78143709897995,0.2042408436536789
YNL197C,YNL271C,1,4.6622987,0.2774239182472229,0.7824351191520691,0.2042408436536789
YDR111C,YDR103W,0,4.6603785,0.2773257791996002,0.7824351191520691,0.2043408751487732
YGR245C,YJL090C,0,4.651838,0.2772277295589447,0.7824351191520691,0.2044408917427063
YNL314W,YIL133C,0,4.6489196,0.27712973952293396,0.7824351191520691,0.2045409083366394
YBR093C,YKL217W,0,4.6482472,0.277031809091568,0.7824351191520691,0.2046409249305725
YEL005C,YNL248C,0,4.644393,0.2769339382648468,0.7824351191520691,0.20474094152450562
YCR054C,YGR189C,0,4.643997,0.2768361568450928,0.7824351191520691,0.20484097301959991
YOR168W,YJL090C,0,4.6390095,0.2767384350299835,0.7824351191520691,0.20494098961353302
YPR119W,YLL034C,0,4.638115,0.27664080262184143,0.7824351191520691,0.20504100620746613
YOR377W,YAR027W,0,4.6368356,0.27654320001602173,0.7824351191520691,0.20514102280139923
YIR015W,YKL064W,0,4.6344695,0.2764456868171692,0.7824351191520691,0.20524105429649353
YDL192W,YML047C,0,4.634158,0.2763482630252838,0.7824351191520691,0.20534107089042664
YLL033W,YKL093W,0,4.6294045,0.2762508690357208,0.7824351191520691,0.20544108748435974
YLR293C,YKL109W,0,4.62926,0.276153564453125,0.7824351191520691,0.20554110407829285
YHR148W,YAR002C-A,0,4.6287017,0.27605634927749634,0.7824351191520691,0.20564113557338715
YLL013C,YJR005W,0,4.6276693,0.27595916390419006,0.7824351191520691,0.20574115216732025
YOR008C,YPR131C,0,4.618137,0.27586206793785095,0.7824351191520691,0.20584116876125336
YFR033C,YNL049C,0,4.6165576,0.2757650315761566,0.7824351191520691,0.20594118535518646
YER176W,YDL021W,0,4.6153426,0.27566808462142944,0.7824351191520691,0.20604120194911957
YLR056W,YDL247W,0,4.6136107,0.27557116746902466,0.7824351191520691,0.20614123344421387
YER190W,YLL013C,0,4.600147,0.27547433972358704,0.7824351191520691,0.20624125003814697
YMR276W,YOL011W,0,4.5994644,0.2753776013851166,0.7824351191520691,0.20634126663208008
YLR038C,YNL239W,0,4.5989704,0.2752808928489685,0.7824351191520691,0.20644128322601318
YKL009W,YJR075W,0,4.5970755,0.2751842737197876,0.7824351191520691,0.20654131472110748
YGL078C,YER108C,0,4.592847,0.27508771419525146,0.7824351191520691,0.2066413313150406
YIL108W,YGL107C,0,4.5870886,0.2749912440776825,0.7824351191520691,0.2067413479089737
YDR516C,YCR040W,0,4.5846443,0.2748948037624359,0.7824351191520691,0.2068413645029068
YDR309C,YDR248C,0,4.5797076,0.2747984528541565,0.7824351191520691,0.2069413810968399
YBR114W,YMR261C,0,4.574338,0.27470216155052185,0.7824351191520691,0.2070414125919342
YBR067C,YBR072W,0,4.5719843,0.27460595965385437,0.7824351191520691,0.2071414291858673
YOR371C,YHR073W,1,4.5708923,0.2748599350452423,0.7834331393241882,0.2071414291858673
YJR009C,YEL030W,0,4.5680666,0.27476373314857483,0.7834331393241882,0.20724144577980042
YJL097W,YPL214C,0,4.568031,0.2746675908565521,0.7834331393241882,0.20734146237373352
YPL127C,YHL011C,0,4.5678277,0.2745715379714966,0.7834331393241882,0.20744149386882782
YDR432W,YNL138W,1,4.567731,0.27482518553733826,0.7844311594963074,0.20744149386882782
YDR083W,YER036C,0,4.5604844,0.2747291028499603,0.7844311594963074,0.20754151046276093
YER007C-A,YJL143W,0,4.556665,0.27463310956954956,0.7844311594963074,0.20764152705669403
YCR098C,YCL024W,0,4.5543494,0.27453720569610596,0.7844311594963074,0.20774154365062714
YGR262C,YGL018C,0,4.5538254,0.27444133162498474,0.7844311594963074,0.20784157514572144
YPL280W,YPR190C,0,4.539791,0.2743455469608307,0.7844311594963074,0.20794159173965454
YLR118C,YDL202W,0,4.532874,0.2742498219013214,0.7844311594963074,0.20804160833358765
YDL045C,YBL076C,0,4.5326424,0.2741541564464569,0.7844311594963074,0.20814162492752075
YBR111W-A,YIL137C,0,4.5322104,0.27405858039855957,0.7844311594963074,0.20824164152145386
YDR229W,YIL005W,0,4.5253305,0.273963063955307,0.7844311594963074,0.20834167301654816
YBL098W,YFR008W,0,4.524808,0.2738676071166992,0.7844311594963074,0.20844168961048126
YDR009W,YLR192C,0,4.5247736,0.2737722098827362,0.7844311594963074,0.20854170620441437
YKL099C,YBR238C,0,4.5226955,0.27367687225341797,0.7844311594963074,0.20864172279834747
YMR256C,YML096W,0,4.522251,0.2735816240310669,0.7844311594963074,0.20874175429344177
YNL306W,YLR105C,0,4.5217934,0.2734864354133606,0.7844311594963074,0.20884177088737488
YGR118W,YBR160W,0,4.5175676,0.2733913064002991,0.7844311594963074,0.20894178748130798
YEL032W,YHR193C,0,4.5135994,0.2732962369918823,0.7844311594963074,0.2090418040752411
YKL132C,YPR184W,0,4.51085,0.27320125699043274,0.7844311594963074,0.2091418355703354
YBR243C,YDR439W,0,4.5018597,0.27310633659362793,0.7844311594963074,0.2092418521642685
YNL330C,YLR433C,0,4.497758,0.2730114758014679,0.7844311594963074,0.2093418687582016
YMR207C,YLL008W,0,4.496586,0.27291667461395264,0.7844311594963074,0.2094418853521347
YHR084W,YER108C,1,4.492016,0.27316904067993164,0.7854291200637817,0.2094418853521347
YGR113W,YEL031W,0,4.491674,0.2730742394924164,0.7854291200637817,0.2095419019460678
YKL205W,YDL166C,0,4.4905586,0.2729795277118683,0.7854291200637817,0.2096419334411621
YDL160C,YDR435C,0,4.490129,0.27288487553596497,0.7854291200637817,0.20974195003509521
YDR495C,YMR234W,0,4.488386,0.2727902829647064,0.7854291200637817,0.20984196662902832
YGL203C,YBR100W,0,4.4854245,0.27269577980041504,0.7854291200637817,0.20994198322296143
YDR465C,YDR487C,0,4.4804068,0.27260130643844604,0.7854291200637817,0.21004201471805573
YKR002W,YDR481C,0,4.4780655,0.2725069224834442,0.7854291200637817,0.21014203131198883
YGL009C,YDR177W,0,4.477522,0.27241259813308716,0.7854291200637817,0.21024204790592194
YBR066C,YJL206C,0,4.4760294,0.2723183333873749,0.7854291200637817,0.21034206449985504
YKL048C,YNL212W,0,4.4757376,0.27222415804862976,0.7854291200637817,0.21044208109378815
YKR009C,YDL121C,0,4.4740233,0.27213001251220703,0.7854291200637817,0.21054211258888245
YDR520C,YGR162W,0,4.4729586,0.27203595638275146,0.7854291200637817,0.21064212918281555
YBR049C,YBL047C,0,4.472207,0.2719419598579407,0.7854291200637817,0.21074214577674866
YER139C,YIL119C,0,4.4677567,0.27184802293777466,0.7854291200637817,0.21084216237068176
YAL056W,YER118C,1,4.4670534,0.27209943532943726,0.7864271402359009,0.21084216237068176
YDL121C,YJR110W,0,4.4616737,0.27200552821159363,0.7864271402359009,0.21094219386577606
YDR529C,YOL010W,0,4.457119,0.2719116508960724,0.7864271402359009,0.21104221045970917
YPL115C,YLR312C-B,1,4.456913,0.2721628248691559,0.78742516040802,0.21104221045970917
YOR174W,YLL034C,0,4.4549255,0.27206897735595703,0.78742516040802,0.21114222705364227
YFR005C,YJR096W,0,4.4548383,0.27197518944740295,0.78742516040802,0.21124224364757538
YNL230C,YBR049C,0,4.454781,0.27188146114349365,0.78742516040802,0.21134227514266968
YJL189W,YCR105W,0,4.4537826,0.2717877924442291,0.78742516040802,0.21144229173660278
YKL200C,YBL024W,0,4.4471636,0.27169421315193176,0.78742516040802,0.2115423083305359
YPR143W,YPL179W,0,4.443391,0.2716006934642792,0.78742516040802,0.211642324924469
YLR191W,YPR138C,0,4.4415717,0.27150723338127136,0.78742516040802,0.2117423415184021
YBR100W,YDL227C,0,4.437803,0.2714138329029083,0.78742516040802,0.2118423730134964
YGR052W,YHL032C,0,4.4335423,0.27132049202919006,0.78742516040802,0.2119423896074295
YMR228W,YPL065W,0,4.4317665,0.27122724056243896,0.78742516040802,0.2120424062013626
YKL141W,YLR264W,0,4.4254704,0.27113401889801025,0.78742516040802,0.21214242279529572
YEL058W,YMR136W,0,4.4253383,0.2710408866405487,0.78742516040802,0.21224245429039001
YGR080W,YOR167C,0,4.424972,0.27094781398773193,0.78742516040802,0.21234247088432312
YDL055C,YCL035C,0,4.422611,0.27085480093955994,0.78742516040802,0.21244248747825623
YER088C,YJR028W,0,4.421962,0.2707618474960327,0.78742516040802,0.21254250407218933
YLR015W,YLR190W,0,4.4214854,0.27066895365715027,0.78742516040802,0.21264253556728363
YER033C,YJL176C,0,4.4161954,0.2705761194229126,0.78742516040802,0.21274255216121674
YPR175W,YNL153C,0,4.4161015,0.2704833745956421,0.78742516040802,0.21284256875514984
YNL238W,YJR143C,0,4.4158306,0.27039068937301636,0.78742516040802,0.21294258534908295
YMR127C,YDR077W,0,4.415275,0.270298033952713,0.78742516040802,0.21304260194301605
YHL040C,YNL207W,0,4.4152646,0.27020546793937683,0.78742516040802,0.21314263343811035
YNL048W,YPL161C,0,4.4147515,0.2701129615306854,0.78742516040802,0.21324265003204346
YKL119C,YLR118C,0,4.4144754,0.2700205445289612,0.78742516040802,0.21334266662597656
YJR034W,YNL216W,0,4.414238,0.2699281573295593,0.78742516040802,0.21344268321990967
YDR337W,YJR126C,0,4.414053,0.26983582973480225,0.78742516040802,0.21354271471500397
YGL021W,YLR391W-A,0,4.4118404,0.26974359154701233,0.78742516040802,0.21364273130893707
YMR037C,YOR079C,0,4.408719,0.2696514129638672,0.78742516040802,0.21374274790287018
YGR253C,YLR391W,0,4.4079013,0.26955926418304443,0.78742516040802,0.21384276449680328
YMR229C,YGL213C,0,4.40729,0.26946720480918884,0.78742516040802,0.21394279599189758
YHR011W,YNL191W,0,4.4055524,0.269375205039978,0.78742516040802,0.2140428125858307
YMR026C,YDL055C,0,4.3996806,0.269283264875412,0.78742516040802,0.2141428291797638
YER068W,YOR272W,0,4.3928585,0.2691914141178131,0.78742516040802,0.2142428457736969
YCL051W,YMR036C,0,4.3915033,0.2690995931625366,0.78742516040802,0.21434286236763
YNL111C,YJL019W,0,4.3881297,0.2690078318119049,0.78742516040802,0.2144428938627243
YPL021W,YLR312C-B,1,4.3826194,0.26925697922706604,0.7884231805801392,0.2144428938627243
YKL033W,YER031C,0,4.382417,0.2691652476787567,0.7884231805801392,0.2145429104566574
YML101C,YJL008C,0,4.381347,0.26907357573509216,0.7884231805801392,0.21464292705059052
YKL042W,YOR222W,0,4.38119,0.2689819633960724,0.7884231805801392,0.21474294364452362
YDR033W,YJR092W,0,4.3811436,0.2688904106616974,0.7884231805801392,0.21484297513961792
YBR066C,YKL069W,0,4.3767643,0.26879891753196716,0.7884231805801392,0.21494299173355103
YNR006W,YML045W,0,4.375373,0.2687074840068817,0.7884231805801392,0.21504300832748413
YKL088W,YCR004C,0,4.372571,0.26861611008644104,0.7884231805801392,0.21514302492141724
YFL005W,YPR080W,0,4.366047,0.26852482557296753,0.7884231805801392,0.21524304151535034
YMR071C,YBR237W,0,4.3642626,0.2684335708618164,0.7884231805801392,0.21534307301044464
YDL159W,YDR477W,1,4.362717,0.268682062625885,0.7894211411476135,0.21534307301044464
YHR002W,YLR347C,0,4.3610945,0.2685908377170563,0.7894211411476135,0.21544308960437775
YFR047C,YHL035C,0,4.3569393,0.2684996724128723,0.7894211411476135,0.21554310619831085
YDR412W,YER179W,0,4.3545666,0.26840853691101074,0.7894211411476135,0.21564312279224396
YLR039C,YKR059W,0,4.3531747,0.26831749081611633,0.7894211411476135,0.21574315428733826
YOR117W,YGL226W,0,4.3514495,0.2682265043258667,0.7894211411476135,0.21584317088127136
YOR391C,YDR252W,0,4.347211,0.26813560724258423,0.7894211411476135,0.21594318747520447
YDR222W,YHR041C,0,4.346706,0.26804473996162415,0.7894211411476135,0.21604320406913757
YKL173W,YER068W,0,4.3456736,0.26795393228530884,0.7894211411476135,0.21614323556423187
YGR143W,YBR145W,0,4.3404307,0.2678631842136383,0.7894211411476135,0.21624325215816498
YLR440C,YER108C,0,4.340175,0.26777252554893494,0.7894211411476135,0.21634326875209808
YKL024C,YKL081W,0,4.3399177,0.26768189668655396,0.7894211411476135,0.2164432853460312
YGL119W,YGL050W,0,4.3372574,0.26759132742881775,0.7894211411476135,0.2165433019399643
YOR192C,YFR047C,0,4.3338804,0.2675008475780487,0.7894211411476135,0.2166433334350586
YLR305C,YMR224C,0,4.3337555,0.26741042733192444,0.7894211411476135,0.2167433500289917
YHR082C,YGR263C,0,4.3286734,0.26732003688812256,0.7894211411476135,0.2168433666229248
YHR111W,YPL082C,0,4.327465,0.26722973585128784,0.7894211411476135,0.2169433832168579
YGL120C,YLR004C,0,4.3248806,0.2671394944190979,0.7894211411476135,0.2170434147119522
YDR059C,YOR206W,0,4.3227453,0.26704928278923035,0.7894211411476135,0.21714343130588531
YNL202W,YDR170C,0,4.319938,0.26695916056632996,0.7894211411476135,0.21724344789981842
YOR030W,YNL068C,1,4.3155546,0.26720649003982544,0.7904191613197327,0.21724344789981842
YMR016C,YOR030W,1,4.313738,0.2674536108970642,0.7914171814918518,0.21724344789981842
YBR105C,YJL109C,0,4.3118896,0.26736345887184143,0.7914171814918518,0.21734346449375153
YDL189W,YKL060C,0,4.3043013,0.26727333664894104,0.7914171814918518,0.21744349598884583
YLR385C,YCL036W,0,4.3038926,0.2671832740306854,0.7914171814918518,0.21754351258277893
YBR024W,YBR123C,0,4.3018436,0.267093300819397,0.7914171814918518,0.21764352917671204
YFL047W,YGL025C,0,4.301335,0.2670033574104309,0.7914171814918518,0.21774354577064514
YMR097C,YGR138C,0,4.297694,0.266913503408432,0.7914171814918518,0.21784356236457825
YPL083C,YGL070C,0,4.2970753,0.2668236792087555,0.7914171814918518,0.21794359385967255
YBL035C,YBL093C,0,4.2970257,0.26673394441604614,0.7914171814918518,0.21804361045360565
YNL001W,YIL131C,1,4.2948203,0.26698049902915955,0.7924151420593262,0.21804361045360565
YJL153C,YCL005W-A,0,4.290315,0.2668907642364502,0.7924151420593262,0.21814362704753876
YOR338W,YPL200W,0,4.290105,0.2668010890483856,0.7924151420593262,0.21824364364147186
YOR098C,YIL134W,0,4.289585,0.26671144366264343,0.7924151420593262,0.21834367513656616
YJR147W,YGL216W,0,4.2868996,0.2666218876838684,0.7924151420593262,0.21844369173049927
YFR010W,YKR019C,0,4.2843895,0.26653239130973816,0.7924151420593262,0.21854370832443237
YMR097C,YLR055C,0,4.283419,0.2664429545402527,0.7924151420593262,0.21864372491836548
YHL007C,YLR312C-B,1,4.281996,0.2666890323162079,0.7934131622314453,0.21864372491836548
YIL076W,YJL090C,0,4.2796335,0.2665995955467224,0.7934131622314453,0.21874374151229858
YEL052W,YOR306C,0,4.2787867,0.2665102183818817,0.7934131622314453,0.21884377300739288
YLR061W,YKL201C,0,4.2787685,0.2664209008216858,0.7934131622314453,0.218943789601326
YJL033W,YCL001W,0,4.275194,0.26633167266845703,0.7934131622314453,0.2190438061952591
YDR218C,YMR001C,0,4.272064,0.26624247431755066,0.7934131622314453,0.2191438227891922
YNL027W,YDR146C,0,4.270364,0.26615333557128906,0.7934131622314453,0.2192438542842865
YLR164W,YOL125W,0,4.2698293,0.26606425642967224,0.7934131622314453,0.2193438708782196
YHR079C-B,YDR384C,0,4.267557,0.2659752368927002,0.7934131622314453,0.2194438874721527
YOR032C,YDR099W,1,4.2617145,0.26622074842453003,0.7944111824035645,0.2194438874721527
YKL189W,YBR207W,0,4.261429,0.266131728887558,0.7944111824035645,0.21954390406608582
YLR176C,YHR001W-A,0,4.2583632,0.2660427689552307,0.7944111824035645,0.21964393556118011
YOL123W,YER020W,0,4.2559295,0.2659538984298706,0.7944111824035645,0.21974395215511322
YLL035W,YDR531W,0,4.25543,0.2658650577068329,0.7944111824035645,0.21984396874904633
YHR074W,YPR196W,0,4.254876,0.26577630639076233,0.7944111824035645,0.21994398534297943
YAL021C,YGR202C,0,4.254629,0.26568758487701416,0.7944111824035645,0.22004400193691254
YJL066C,YDR300C,0,4.2540836,0.26559892296791077,0.7944111824035645,0.22014403343200684
YOR273C,YER111C,0,4.253455,0.26551035046577454,0.7944111824035645,0.22024405002593994
YGR058W,YOR242C,0,4.249604,0.2654218077659607,0.7944111824035645,0.22034406661987305
YCL003W,YBR237W,0,4.24895,0.2653333246707916,0.7944111824035645,0.22044408321380615
YMR164C,YLR353W,1,4.2487974,0.26557815074920654,0.7954092025756836,0.22044408321380615
YKL166C,YIR025W,0,4.2486334,0.2654896676540375,0.7954092025756836,0.22054411470890045
YOR382W,YGL135W,0,4.246399,0.26540127396583557,0.7954092025756836,0.22064413130283356
YBL063W,YPL173W,0,4.2435517,0.26531291007995605,0.7954092025756836,0.22074414789676666
YDR126W,YLR286C,0,4.2428956,0.2652246356010437,0.7954092025756836,0.22084416449069977
YLR359W,YDR140W,0,4.2416415,0.26513639092445374,0.7954092025756836,0.22094419598579407
YPL004C,YMR207C,0,4.241603,0.26504823565483093,0.7954092025756836,0.22104421257972717
YPR024W,YNL221C,0,4.2345576,0.2649601101875305,0.7954092025756836,0.22114422917366028
YDR268W,YKL178C,0,4.231894,0.2648720443248749,0.7954092025756836,0.22124424576759338
YOR279C,YJL186W,0,4.2291727,0.2647840678691864,0.7954092025756836,0.2213442623615265
YBR055C,YBR295W,0,4.225132,0.2646961212158203,0.7954092025756836,0.2214442938566208
YLR248W,YMR159C,0,4.224999,0.264608234167099,0.7954092025756836,0.2215443104505539
YLR172C,YDL148C,0,4.224845,0.26452040672302246,0.7954092025756836,0.221644327044487
YLR043C,YDR492W,0,4.223008,0.2644326388835907,0.7954092025756836,0.2217443436384201
YBR066C,YOR030W,1,4.2195163,0.26467663049697876,0.796407163143158,0.2217443436384201
YFR050C,YMR303C,0,4.2172184,0.264588862657547,0.796407163143158,0.2218443751335144
YDR456W,YOR099W,0,4.216032,0.26450115442276,0.796407163143158,0.2219443917274475
YER082C,YBR233W-A,0,4.20442,0.2644135057926178,0.796407163143158,0.22204440832138062
YKL140W,YDR532C,0,4.200878,0.26432594656944275,0.796407163143158,0.22214442491531372
YHL038C,YGL061C,0,4.198694,0.2642384171485901,0.796407163143158,0.22224444150924683
YDL082W,YPL175W,0,4.1967807,0.2641509473323822,0.796407163143158,0.22234447300434113
YDR100W,YOL078W,0,4.191789,0.2640635371208191,0.796407163143158,0.22244448959827423
YJL212C,YGR135W,0,4.1879377,0.26397618651390076,0.796407163143158,0.22254450619220734
YCR029C-A,YMR127C,0,4.176281,0.2638888955116272,0.796407163143158,0.22264452278614044
YNL092W,YLR190W,0,4.168689,0.2638016641139984,0.796407163143158,0.22274455428123474
YPR132W,YCL018W,0,4.1661673,0.263714462518692,0.796407163143158,0.22284457087516785
YJL190C,YMR204C,0,4.165025,0.2636273503303528,0.796407163143158,0.22294458746910095
YMR269W,YGR047C,0,4.164264,0.2635402977466583,0.796407163143158,0.22304460406303406
YMR097C,YBL031W,0,4.1633573,0.26345327496528625,0.796407163143158,0.22314463555812836
YDR328C,YBL034C,0,4.163103,0.26336634159088135,0.796407163143158,0.22324465215206146
YBR015C,YKL010C,0,4.1527596,0.26327943801879883,0.796407163143158,0.22334466874599457
YML060W,YMR322C,0,4.151306,0.26319262385368347,0.796407163143158,0.22344468533992767
YER087C-B,YKL166C,0,4.1487837,0.2631058394908905,0.796407163143158,0.22354470193386078
YGR094W,YAL020C,0,4.148716,0.2630191147327423,0.796407163143158,0.22364473342895508
YIL068C,YIL019W,0,4.148666,0.2629324495792389,0.796407163143158,0.22374475002288818
YLR337C,YMR048W,0,4.148102,0.26284584403038025,0.796407163143158,0.2238447666168213
YHR081W,YDR310C,0,4.1412582,0.2627592980861664,0.796407163143158,0.2239447832107544
YIL006W,YKL200C,0,4.1371136,0.2626728117465973,0.796407163143158,0.2240448147058487
YCL064C,YGL116W,0,4.13468,0.262586385011673,0.796407163143158,0.2241448312997818
YOL038W,YMR238W,0,4.1320915,0.26249998807907104,0.796407163143158,0.2242448478937149
YKL199C,YCR029C-A,0,4.128069,0.2624136805534363,0.796407163143158,0.224344864487648
YGL209W,YCR091W,0,4.1268554,0.2623274028301239,0.796407163143158,0.2244448959827423
YCR037C,YOL141W,0,4.123666,0.2622412145137787,0.796407163143158,0.22454491257667542
YPL098C,YHR073W,0,4.123116,0.26215505599975586,0.796407163143158,0.22464492917060852
YGR191W,YPL155C,0,4.120326,0.2620689570903778,0.796407163143158,0.22474494576454163
YIR011C,YDL117W,0,4.1203175,0.26198291778564453,0.796407163143158,0.22484496235847473
YML031W,YNL159C,0,4.119323,0.26189693808555603,0.796407163143158,0.22494499385356903
YPL021W,YDR432W,1,4.1177807,0.26213911175727844,0.7974051833152771,0.22494499385356903
YJL178C,YOL026C,0,4.114249,0.26205313205718994,0.7974051833152771,0.22504501044750214
YJR147W,YJL157C,0,4.1096315,0.2619672119617462,0.7974051833152771,0.22514502704143524
YFL037W,YDR365C,0,4.109226,0.26188135147094727,0.7974051833152771,0.22524504363536835
YJR045C,YHR160C,0,4.1073914,0.2617955505847931,0.7974051833152771,0.22534507513046265
YJR041C,YLR120C,0,4.1071544,0.2617097795009613,0.7974051833152771,0.22544509172439575
YNL102W,YJL025W,0,4.1038094,0.2616240978240967,0.7974051833152771,0.22554510831832886
YBL022C,YGL026C,0,4.1019382,0.26153847575187683,0.7974051833152771,0.22564512491226196
YJL006C,YPL126W,0,4.1010866,0.26145288348197937,0.7974051833152771,0.22574515640735626
YLR097C,YKR105C,0,4.09585,0.2613673508167267,0.7974051833152771,0.22584517300128937
YKR028W,YIL061C,0,4.0946264,0.2612818777561188,0.7974051833152771,0.22594518959522247
YBR243C,YDL111C,0,4.0856447,0.26119646430015564,0.7974051833152771,0.22604520618915558
YBR182C,YPL017C,0,4.0851793,0.2611111104488373,0.7974051833152771,0.22614522278308868
YCR077C,YBL024W,0,4.08278,0.2610258162021637,0.7974051833152771,0.22624525427818298
YOR290C,YJR123W,0,4.08147,0.2609405517578125,0.7974051833152771,0.2263452708721161
YDR515W,YLR313C,0,4.078766,0.26085537672042847,0.7974051833152771,0.2264452874660492
YBR083W,YMR238W,1,4.078146,0.2610965967178345,0.7984032034873962,0.2264452874660492
YHR117W,YML028W,0,4.074563,0.26101142168045044,0.7984032034873962,0.2265453040599823
YHR140W,YMR215W,0,4.073011,0.2609262764453888,0.7984032034873962,0.2266453355550766
YMR313C,YCR105W,0,4.072876,0.2608412206172943,0.7984032034873962,0.2267453521490097
YER155C,YER033C,0,4.067687,0.2607561945915222,0.7984032034873962,0.2268453687429428
YFR050C,YBL090W,0,4.0671506,0.2606712281703949,0.7984032034873962,0.22694538533687592
YLR321C,YLR172C,0,4.0667124,0.26058632135391235,0.7984032034873962,0.22704540193080902
YDL015C,YOR349W,0,4.065856,0.2605014741420746,0.7984032034873962,0.22714543342590332
YIR005W,YNL153C,0,4.06273,0.2604166567325592,0.7984032034873962,0.22724545001983643
YFL021W,YLR228C,0,4.060354,0.260331928730011,0.7984032034873962,0.22734546661376953
YMR037C,YER177W,0,4.0576925,0.26024723052978516,0.7984032034873962,0.22744548320770264
YFR007W,YBR251W,0,4.055977,0.2601625919342041,0.7984032034873962,0.22754551470279694
YDR490C,YPL051W,0,4.054736,0.2600780129432678,0.7984032034873962,0.22764553129673004
YDL245C,YIL137C,0,4.0518837,0.2599934935569763,0.7984032034873962,0.22774554789066315
YFL035C,YEL015W,0,4.051617,0.2599090337753296,0.7984032034873962,0.22784556448459625
YHR171W,YLR347C,0,4.0427856,0.25982460379600525,0.7984032034873962,0.22794559597969055
YJR140C,YLR363C,0,4.040717,0.25974026322364807,0.7984032034873962,0.22804561257362366
YBL026W,YMR257C,0,4.038475,0.2596559524536133,0.7984032034873962,0.22814562916755676
YDR356W,YNL025C,0,4.0372205,0.25957170128822327,0.7984032034873962,0.22824564576148987
YBR254C,YOR002W,0,4.0344677,0.259487509727478,0.7984032034873962,0.22834566235542297
YPR161C,YMR006C,0,4.032299,0.25940337777137756,0.7984032034873962,0.22844569385051727
YDR059C,YML082W,0,4.030856,0.2593192756175995,0.7984032034873962,0.22854571044445038
YPL133C,YOR285W,0,4.026633,0.2592352628707886,0.7984032034873962,0.22864572703838348
YEL036C,YMR264W,0,4.0240536,0.25915127992630005,0.7984032034873962,0.2287457436323166
YKR083C,YMR006C,0,4.0236416,0.2590673565864563,0.7984032034873962,0.2288457751274109
YDL006W,YPR133C,0,4.023496,0.2589834928512573,0.7984032034873962,0.228945791721344
YHR206W,YDL145C,0,4.0234137,0.2588996887207031,0.7984032034873962,0.2290458083152771
YBR149W,YAL054C,0,4.0225544,0.2588159143924713,0.7984032034873962,0.2291458249092102
YMR122W-A,YDR377W,0,4.018859,0.2587321996688843,0.7984032034873962,0.2292458564043045
YNL163C,YER154W,0,4.0155973,0.2586485743522644,0.7984032034873962,0.2293458729982376
YGL190C,YOR335C,0,4.0089746,0.2585649788379669,0.7984032034873962,0.22944588959217072
YKL196C,YIL130W,0,4.0083923,0.2584814131259918,0.7984032034873962,0.22954590618610382
YCR045C,YPL105C,0,4.007203,0.2583979368209839,0.7984032034873962,0.22964592278003693
YER025W,YNL077W,0,3.9997602,0.25831449031829834,0.7984032034873962,0.22974595427513123
YKL192C,YIR017C,0,3.9964957,0.25823110342025757,0.7984032034873962,0.22984597086906433
YBR276C,YJR025C,0,3.9930565,0.2581477761268616,0.7984032034873962,0.22994598746299744
YNR071C,YDL160C,0,3.9919848,0.25806450843811035,0.7984032034873962,0.23004600405693054
YJR150C,YBR129C,0,3.9903347,0.2579813003540039,0.7984032034873962,0.23014603555202484
YKR105C,YPR063C,0,3.9885604,0.25789812207221985,0.7984032034873962,0.23024605214595795
YGR239C,YPL220W,0,3.9867518,0.25781500339508057,0.7984032034873962,0.23034606873989105
YOR290C,YDR281C,0,3.9841366,0.25773194432258606,0.7984032034873962,0.23044608533382416
YPR191W,YOR068C,0,3.9819894,0.25764894485473633,0.7984032034873962,0.23054610192775726
YLR403W,YML124C,0,3.9763145,0.25756600499153137,0.7984032034873962,0.23064613342285156
YNL006W,YOL093W,0,3.9705682,0.2574830949306488,0.7984032034873962,0.23074615001678467
YLR343W,YDL204W,0,3.9697828,0.257400244474411,0.7984032034873962,0.23084616661071777
YNL101W,YER137C,0,3.9674892,0.257317453622818,0.7984032034873962,0.23094618320465088
YER190W,YHR193C,0,3.9661179,0.25723472237586975,0.7984032034873962,0.23104621469974518
YOR090C,YDR179C,0,3.9592643,0.2571520507335663,0.7984032034873962,0.23114623129367828
YLR224W,YDL069C,0,3.9585638,0.2570694088935852,0.7984032034873962,0.2312462478876114
YER109C,YHR139C,0,3.9577684,0.2569868266582489,0.7984032034873962,0.2313462644815445
YPR024W,YNL210W,0,3.9570956,0.2569043040275574,0.7984032034873962,0.2314462959766388
YNL294C,YOR124C,0,3.9541628,0.2568218410015106,0.7984032034873962,0.2315463125705719
YDL120W,YOR158W,0,3.9538093,0.25673940777778625,0.7984032034873962,0.231646329164505
YOR240W,YBR187W,0,3.9533508,0.25665703415870667,0.7984032034873962,0.2317463457584381
YOR227W,YER051W,0,3.9451532,0.25657472014427185,0.7984032034873962,0.23184636235237122
YFL041W,YGL031C,0,3.9421153,0.2564924657344818,0.7984032034873962,0.23194639384746552
YIL167W,YIL017W,0,3.9400544,0.25641027092933655,0.7984032034873962,0.23204641044139862
YNL142W,YDR099W,1,3.93884,0.2566485106945038,0.7994012236595154,0.23204641044139862
YDR368W,YGR159C,0,3.938444,0.2565663158893585,0.7994012236595154,0.23214642703533173
YPL210C,YLR347C,0,3.9377909,0.25648415088653564,0.7994012236595154,0.23224644362926483
YDR410C,YHR052W,0,3.9372478,0.25640204548835754,0.7994012236595154,0.23234647512435913
YML115C,YDR386W,0,3.934679,0.2563199996948242,0.7994012236595154,0.23244649171829224
YDL078C,YHR193C,0,3.933606,0.25623801350593567,0.7994012236595154,0.23254650831222534
YMR195W,YOR274W,0,3.9332175,0.2561560571193695,0.7994012236595154,0.23264652490615845
YPL156C,YKL158W,0,3.932004,0.2560741603374481,0.7994012236595154,0.23274655640125275
YNL273W,YEL002C,0,3.9314418,0.2559923231601715,0.7994012236595154,0.23284657299518585
YPL146C,YER175C,0,3.9304552,0.2559105455875397,0.7994012236595154,0.23294658958911896
YDL072C,YKL060C,0,3.9297352,0.2558287978172302,0.7994012236595154,0.23304660618305206
YER159C,YLR188W,0,3.9288213,0.25574713945388794,0.7994012236595154,0.23314662277698517
YCL025C,YKL174C,0,3.927316,0.25566551089286804,0.7994012236595154,0.23324665427207947
YCL008C,YMR233W,0,3.9253883,0.25558391213417053,0.7994012236595154,0.23334667086601257
YFL037W,YNL136W,0,3.9214468,0.2555024027824402,0.7994012236595154,0.23344668745994568
YML097C,YOL003C,0,3.9210775,0.2554209232330322,0.7994012236595154,0.23354670405387878
YOR175C,YIL138C,0,3.9203103,0.25533950328826904,0.7994012236595154,0.23364673554897308
YDL171C,YOR227W,0,3.9190412,0.25525811314582825,0.7994012236595154,0.2337467521429062
YJL178C,YOR142W,0,3.9170902,0.2551768124103546,0.7994012236595154,0.2338467687368393
YKL210W,YDR412W,0,3.9165266,0.25509554147720337,0.7994012236595154,0.2339467853307724
YDR470C,YGR120C,0,3.9151692,0.2550143301486969,0.7994012236595154,0.2340468019247055
YOR009W,YDR172W,0,3.9134035,0.2549331784248352,0.7994012236595154,0.2341468334197998
YPL094C,YAL023C,0,3.9124422,0.2548520565032959,0.7994012236595154,0.2342468500137329
YNL217W,YLL066C,0,3.9119973,0.25477099418640137,0.7994012236595154,0.23434686660766602
YBL026W,YDL227C,0,3.911694,0.2546899914741516,0.7994012236595154,0.23444688320159912
YHR084W,YCR038C,1,3.9112089,0.2549268901348114,0.8003991842269897,0.23444688320159912
YIL088C,YPL127C,0,3.9110262,0.25484588742256165,0.8003991842269897,0.23454691469669342
YHL007C,YMR164C,1,3.9082756,0.2550825774669647,0.8013972043991089,0.23454691469669342
YGR171C,YOL053C-A,0,3.9078655,0.25500157475471497,0.8013972043991089,0.23464693129062653
YCR093W,YOR030W,1,3.897803,0.2552380859851837,0.802395224571228,0.23464693129062653
YDR289C,YPR200C,0,3.8952157,0.25515708327293396,0.802395224571228,0.23474694788455963
YIL088C,YKL145W,0,3.8934407,0.255076140165329,0.802395224571228,0.23484696447849274
YJL141C,YKL174C,0,3.890569,0.2549952566623688,0.802395224571228,0.23494699597358704
YGL062W,YDR023W,0,3.8904104,0.25491440296173096,0.802395224571228,0.23504701256752014
YOL052C-A,YPL018W,0,3.8894007,0.2548336088657379,0.802395224571228,0.23514702916145325
YNL298W,YCL016C,0,3.8889625,0.25475284457206726,0.802395224571228,0.23524704575538635
YPR068C,YDR453C,0,3.888853,0.25467216968536377,0.802395224571228,0.23534706234931946
YJL106W,YDL141W,0,3.8864737,0.25459152460098267,0.802395224571228,0.23544709384441376
YKL155C,YCL027W,0,3.8863306,0.25451090931892395,0.802395224571228,0.23554711043834686
YBR164C,YNL227C,0,3.8850038,0.2544303834438324,0.802395224571228,0.23564712703227997
YLR223C,YLR385C,0,3.8849146,0.25434988737106323,0.802395224571228,0.23574714362621307
YJL168C,YLR357W,0,3.883854,0.25426945090293884,0.802395224571228,0.23584717512130737
YHR084W,YNL197C,1,3.879408,0.2545052170753479,0.8033931851387024,0.23584717512130737
YER028C,YDL140C,0,3.8782358,0.2544247806072235,0.8033931851387024,0.23594719171524048
YER142C,YOL092W,0,3.8740218,0.2543444037437439,0.8033931851387024,0.23604720830917358
YHR059W,YBR175W,0,3.873293,0.25426405668258667,0.8033931851387024,0.2361472249031067
YIL011W,YOR283W,0,3.869916,0.2541837692260742,0.8033931851387024,0.236247256398201
YOL138C,YNR021W,0,3.866394,0.25410354137420654,0.8033931851387024,0.2363472729921341
YJR016C,YDL211C,0,3.8662858,0.25402334332466125,0.8033931851387024,0.2364472895860672
YDR508C,YLR040C,0,3.86405,0.25394320487976074,0.8033931851387024,0.2365473061800003
YNL062C,YNL293W,0,3.8634782,0.253863126039505,0.8033931851387024,0.2366473227739334
YIL139C,YMR276W,0,3.8614616,0.25378310680389404,0.8033931851387024,0.2367473542690277
YPR095C,YKL067W,0,3.857686,0.25370311737060547,0.8033931851387024,0.23684737086296082
YOR086C,YPL099C,0,3.8514497,0.25362318754196167,0.8033931851387024,0.23694738745689392
YKL161C,YPL177C,0,3.849202,0.25354331731796265,0.8033931851387024,0.23704740405082703
YDR111C,YPL002C,0,3.8481092,0.253463476896286,0.8033931851387024,0.23714743554592133
YDL074C,YNL032W,0,3.8379002,0.25338369607925415,0.8033931851387024,0.23724745213985443
YLR448W,YMR173W,0,3.8376184,0.25330397486686707,0.8033931851387024,0.23734746873378754
YKL052C,YMR311C,0,3.8357437,0.25322428345680237,0.8033931851387024,0.23744748532772064
YFR007W,YHR206W,0,3.835148,0.25314465165138245,0.8033931851387024,0.23754751682281494
YMR165C,YPL098C,0,3.8341682,0.2530650794506073,0.8033931851387024,0.23764753341674805
YLR419W,YGR241C,0,3.8336663,0.25298553705215454,0.8033931851387024,0.23774755001068115
YDR359C,YCL003W,0,3.833169,0.25290605425834656,0.8033931851387024,0.23784756660461426
YPR186C,YBR118W,0,3.8327615,0.25282663106918335,0.8033931851387024,0.23794758319854736
YER108C,YNL068C,1,3.8308637,0.2530612349510193,0.8043912053108215,0.23794758319854736
YDL120W,YMR205C,0,3.8304622,0.2529817819595337,0.8043912053108215,0.23804761469364166
YDR530C,YDL102W,0,3.829282,0.25290241837501526,0.8043912053108215,0.23814763128757477
YNR070W,YGR281W,0,3.8283188,0.2528230845928192,0.8043912053108215,0.23824764788150787
YMR296C,YKL174C,0,3.828014,0.25274381041526794,0.8043912053108215,0.23834766447544098
YLR025W,YDR169C,0,3.826768,0.25266456604003906,0.8043912053108215,0.23844769597053528
YJL178C,YKL200C,0,3.8238592,0.25258541107177734,0.8043912053108215,0.23854771256446838
YDR128W,YDR077W,0,3.8192375,0.2525062561035156,0.8043912053108215,0.2386477291584015
YBL007C,YHR096C,0,3.8176937,0.25242719054222107,0.8043912053108215,0.2387477457523346
YNL061W,YMR180C,0,3.8134243,0.2523481547832489,0.8043912053108215,0.2388477623462677
YML027W,YER031C,0,3.808147,0.2522691786289215,0.8043912053108215,0.238947793841362
YLR109W,YCR028C,0,3.8080623,0.2521902322769165,0.8043912053108215,0.2390478104352951
YBR050C,YKR034W,0,3.807982,0.2521113455295563,0.8043912053108215,0.2391478270292282
YHL003C,YFL054C,0,3.803389,0.2520325183868408,0.8043912053108215,0.23924784362316132
YBL100W-B,YBL088C,0,3.8014207,0.25195372104644775,0.8043912053108215,0.23934787511825562
YDL166C,YMR036C,0,3.7990923,0.25187501311302185,0.8043912053108215,0.23944789171218872
YOR380W,YJR153W,0,3.7980154,0.25179630517959595,0.8043912053108215,0.23954790830612183
YOR026W,YLR131C,0,3.7944956,0.2517176866531372,0.8043912053108215,0.23964792490005493
YOR381W,YMR232W,0,3.7927494,0.25163909792900085,0.8043912053108215,0.23974795639514923
YMR072W,YIL069C,0,3.7900271,0.2515605390071869,0.8043912053108215,0.23984797298908234
YLR115W,YDR392W,0,3.7888412,0.2514820694923401,0.8043912053108215,0.23994798958301544
YNL015W,YLR460C,0,3.787321,0.2514036297798157,0.8043912053108215,0.24004800617694855
YOL142W,YLR283W,0,3.7870765,0.25132521986961365,0.8043912053108215,0.24014802277088165
YNL068C,YOR226C,0,3.7870557,0.2512468695640564,0.8043912053108215,0.24024805426597595
YMR296C,YPL240C,0,3.7854698,0.2511685788631439,0.8043912053108215,0.24034807085990906
YPL131W,YOR110W,0,3.784174,0.2510903477668762,0.8043912053108215,0.24044808745384216
YPL194W,YGR120C,0,3.7840695,0.2510121464729309,0.8043912053108215,0.24054810404777527
YCR065W,YDL015C,0,3.783188,0.25093400478363037,0.8043912053108215,0.24064813554286957
YMR016C,YMR164C,1,3.7816017,0.2511671483516693,0.8053892254829407,0.24064813554286957
YIL120W,YJL109C,0,3.7772398,0.2510889768600464,0.8053892254829407,0.24074815213680267
YMR089C,YFL018W-A,0,3.7759943,0.2510108947753906,0.8053892254829407,0.24084816873073578
YNL189W,YPL210C,0,3.7758849,0.25093284249305725,0.8053892254829407,0.24094818532466888
YNL080C,YDR044W,0,3.773532,0.25085482001304626,0.8053892254829407,0.24104821681976318
YKL119C,YEL017C-A,0,3.7725677,0.25077688694000244,0.8053892254829407,0.2411482334136963
YLR446W,YHR039C-A,0,3.7723598,0.250698983669281,0.8053892254829407,0.2412482500076294
YOR132W,YIR032C,0,3.7692962,0.25062111020088196,0.8053892254829407,0.2413482666015625
YKL054C,YIR012W,0,3.768579,0.2505432963371277,0.8053892254829407,0.2414482831954956
YNL055C,YBR299W,0,3.7646296,0.2504655420780182,0.8053892254829407,0.2415483146905899
YNL149C,YDR313C,0,3.757309,0.25038784742355347,0.8053892254829407,0.241648331284523
YBR065C,YJR101W,0,3.753343,0.25031018257141113,0.8053892254829407,0.24174834787845612
YIL095W,YDR116C,0,3.7486548,0.2502325475215912,0.8053892254829407,0.24184836447238922
YDR122W,YKL048C,0,3.7483582,0.2501550018787384,0.8053892254829407,0.24194839596748352
YER108C,YIL131C,1,3.7457747,0.25038737058639526,0.8063872456550598,0.24194839596748352
YCR039C,YOR358W,0,3.745509,0.2503097951412201,0.8063872456550598,0.24204841256141663
YDR099W,YNL098C,1,3.744214,0.25054195523262024,0.8073852062225342,0.24204841256141663
YOR187W,YJL194W,0,3.7423503,0.25046440958976746,0.8073852062225342,0.24214842915534973
YDR175C,YLR417W,0,3.7413416,0.2503868639469147,0.8073852062225342,0.24224844574928284
YBR035C,YFR045W,0,3.7397003,0.25030940771102905,0.8073852062225342,0.24234846234321594
YMR100W,YGR124W,0,3.7363074,0.2502319812774658,0.8073852062225342,0.24244849383831024
YDL209C,YBR023C,0,3.7361484,0.25015461444854736,0.8073852062225342,0.24254851043224335
YPL123C,YER071C,0,3.7356696,0.2500772774219513,0.8073852062225342,0.24264852702617645
YEL029C,YJL062W,0,3.725984,0.25,0.8073852062225342,0.24274854362010956
YLR370C,YNR030W,0,3.7255712,0.2499227672815323,0.8073852062225342,0.24284857511520386
YLR403W,YGR241C,0,3.7238944,0.24984557926654816,0.8073852062225342,0.24294859170913696
YGR296W,YML098W,0,3.7224493,0.2497684508562088,0.8073852062225342,0.24304860830307007
YOR071C,YJR145C,0,3.7190435,0.24969135224819183,0.8073852062225342,0.24314862489700317
YOR384W,YMR156C,0,3.7174058,0.24961431324481964,0.8073852062225342,0.24324865639209747
YIL118W,YML004C,0,3.7163486,0.24953731894493103,0.8073852062225342,0.24334867298603058
YJL003W,YKL052C,0,3.7162423,0.249460369348526,0.8073852062225342,0.24344868957996368
YHR211W,YDR224C,0,3.7158465,0.24938347935676575,0.8073852062225342,0.2435487061738968
YKL192C,YLR093C,0,3.7142806,0.24930661916732788,0.8073852062225342,0.2436487227678299
YJR009C,YLR383W,0,3.7130346,0.2492298185825348,0.8073852062225342,0.2437487542629242
YNL078W,YOL070C,0,3.7104974,0.24915306270122528,0.8073852062225342,0.2438487708568573
YDR371W,YGR179C,0,3.705925,0.24907635152339935,0.8073852062225342,0.2439487874507904
YOR011W,YLR061W,0,3.7041364,0.248999685049057,0.8073852062225342,0.2440488040447235
YKR099W,YLR396C,0,3.7023823,0.24892307817935944,0.8073852062225342,0.2441488355398178
YCR065W,YPL130W,0,3.7014613,0.24884651601314545,0.8073852062225342,0.24424885213375092
YIL006W,YOR180C,0,3.7002208,0.24876998364925385,0.8073852062225342,0.24434886872768402
YKL056C,YCR028C,0,3.6996794,0.24869351089000702,0.8073852062225342,0.24444888532161713
YBL034C,YOL043C,0,3.6864376,0.24861708283424377,0.8073852062225342,0.24454891681671143
YIL128W,YJR135C,0,3.685348,0.2485406994819641,0.8073852062225342,0.24464893341064453
YOR113W,YGR167W,0,3.6825356,0.24846437573432922,0.8073852062225342,0.24474895000457764
YDR477W,YER108C,1,3.6808033,0.24869512021541595,0.8083832263946533,0.24474895000457764
YMR297W,YIL109C,0,3.679778,0.24861878156661987,0.8083832263946533,0.24484896659851074
YNL096C,YLR145W,0,3.6780913,0.24854250252246857,0.8083832263946533,0.24494898319244385
YIL019W,YBR023C,0,3.6776936,0.24846625328063965,0.8083832263946533,0.24504901468753815
YDL108W,YNR043W,0,3.6728957,0.2483900636434555,0.8083832263946533,0.24514903128147125
YLR229C,YER108C,1,3.6724358,0.24862048029899597,0.8093812465667725,0.24514903128147125
YDR373W,YLR085C,0,3.6724112,0.24854429066181183,0.8093812465667725,0.24524904787540436
YOR145C,YPL218W,0,3.6620388,0.24846813082695007,0.8093812465667725,0.24534906446933746
YAL048C,YKR094C,0,3.6596975,0.2483920305967331,0.8093812465667725,0.24544909596443176
YBR082C,YNL176C,0,3.6586666,0.2483159899711609,0.8093812465667725,0.24554911255836487
YJR065C,YNR032C-A,0,3.6579206,0.24823997914791107,0.8093812465667725,0.24564912915229797
YDL159W,YDR251W,1,3.657496,0.2484700083732605,0.8103792667388916,0.24564912915229797
YOR332W,YKL143W,0,3.655882,0.24839399755001068,0.8103792667388916,0.24574914574623108
YFR003C,YNL210W,0,3.6549945,0.24831804633140564,0.8103792667388916,0.24584917724132538
YGL064C,YBR043C,0,3.6541243,0.24824212491512299,0.8103792667388916,0.24594919383525848
YJL053W,YHR120W,0,3.653324,0.2481662631034851,0.8103792667388916,0.2460492104291916
YLR447C,YDR131C,0,3.6523461,0.24809043109416962,0.8103792667388916,0.2461492270231247
YKR094C,YML096W,0,3.6476026,0.2480146586894989,0.8103792667388916,0.2462492436170578
YBR260C,YKR027W,0,3.6475797,0.24793893098831177,0.8103792667388916,0.2463492751121521
YGL030W,YKL203C,0,3.6444921,0.24786324799060822,0.8103792667388916,0.2464492917060852
YEL019C,YDL061C,0,3.6438684,0.24778760969638824,0.8103792667388916,0.2465493083000183
YCR045C,YJL194W,0,3.6433942,0.24771201610565186,0.8103792667388916,0.24664932489395142
YAL058W,YMR123W,0,3.638884,0.24763646721839905,0.8103792667388916,0.24674935638904572
YDR165W,YLR067C,0,3.637575,0.24756097793579102,0.8103792667388916,0.24684937298297882
YDR438W,YKL132C,0,3.6369507,0.24748551845550537,0.8103792667388916,0.24694938957691193
YER014W,YCL057C-A,0,3.63546,0.2474101185798645,0.8103792667388916,0.24704940617084503
YKL180W,YER070W,0,3.6282578,0.24733474850654602,0.8103792667388916,0.24714942276477814
YHR066W,YOR124C,0,3.6265512,0.24725943803787231,0.8103792667388916,0.24724945425987244
YMR097C,YOL152W,0,3.6264658,0.2471841722726822,0.8103792667388916,0.24734947085380554
YMR203W,YNL304W,0,3.6253042,0.24710895121097565,0.8103792667388916,0.24744948744773865
YLR129W,YML100W,0,3.6241798,0.24703377485275269,0.8103792667388916,0.24754950404167175
YDR448W,YPR017C,0,3.6187456,0.2469586431980133,0.8103792667388916,0.24764953553676605
YJL056C,YKR100C,0,3.6136293,0.2468835562467575,0.8103792667388916,0.24774955213069916
YDR494W,YMR094W,0,3.6131942,0.2468085139989853,0.8103792667388916,0.24784956872463226
YKL015W,YDR476C,0,3.6114545,0.24673351645469666,0.8103792667388916,0.24794958531856537
YHR017W,YEL052W,0,3.6067433,0.2466585636138916,0.8103792667388916,0.24804961681365967
YER126C,YBL091C-A,0,3.6051917,0.24658365547657013,0.8103792667388916,0.24814963340759277
YGR014W,YPR102C,0,3.6041346,0.24650880694389343,0.8103792667388916,0.24824965000152588
YGL126W,YCR097WB,0,3.6016912,0.24643398821353912,0.8103792667388916,0.24834966659545898
YPL218W,YGL238W,0,3.5996335,0.2463592290878296,0.8103792667388916,0.2484496831893921
YJL025W,YHR002W,0,3.5936413,0.24628449976444244,0.8103792667388916,0.2485497146844864
YIL047C,YPR006C,0,3.5907369,0.24620983004570007,0.8103792667388916,0.2486497312784195
YGL194C,YOR219C,0,3.5881279,0.2461351901292801,0.8103792667388916,0.2487497478723526
YJL127C,YGL005C,0,3.5863693,0.24606060981750488,0.8103792667388916,0.2488497644662857
YMR146C,YNL188W,0,3.5774317,0.24598605930805206,0.8103792667388916,0.24894979596138
YDL039C,YLR239C,0,3.5741017,0.24591156840324402,0.8103792667388916,0.2490498125553131
YHR059W,YKL082C,0,3.5695639,0.24583712220191956,0.8103792667388916,0.24914982914924622
YLR300W,YOR340C,0,3.5684304,0.24576270580291748,0.8103792667388916,0.24924984574317932
YBL056W,YDR174W,0,3.568112,0.24568834900856018,0.8103792667388916,0.24934987723827362
YNR071C,YDR078C,0,3.5664363,0.24561403691768646,0.8103792667388916,0.24944989383220673
YKR057W,YDR322W,0,3.565907,0.24553976953029633,0.8103792667388916,0.24954991042613983
YDR251W,YLR229C,1,3.5634782,0.24576783180236816,0.811377227306366,0.24954991042613983
YEL040W,YKL158W,0,3.5632477,0.24569356441497803,0.811377227306366,0.24964992702007294
YNL145W,YMR009W,0,3.562224,0.24561934173107147,0.811377227306366,0.24974994361400604
YOR279C,YNR038W,0,3.559033,0.2455451488494873,0.811377227306366,0.24984997510910034
YDR092W,YNL191W,0,3.558704,0.2454710155725479,0.811377227306366,0.24994999170303345
YML058W-A,YLL002W,0,3.5564704,0.2453969269990921,0.811377227306366,0.25005000829696655
YKL189W,YLR025W,0,3.5547185,0.24532286822795868,0.811377227306366,0.25015002489089966
YCL016C,YBR072W,0,3.554105,0.24524886906147003,0.811377227306366,0.25025004148483276
YNL164C,YEL016C,0,3.5525475,0.24517491459846497,0.811377227306366,0.25035005807876587
YCR080W,YNL048W,0,3.548483,0.2451009899377823,0.811377227306366,0.25045010447502136
YGL115W,YBR081C,0,3.5468533,0.24502712488174438,0.811377227306366,0.25055012106895447
YNL239W,YOL043C,0,3.5442455,0.24495330452919006,0.811377227306366,0.2506501376628876
YPL157W,YBR283C,0,3.5429196,0.24487951397895813,0.811377227306366,0.2507501542568207
YBL041W,YOR085W,0,3.5425482,0.24480578303337097,0.811377227306366,0.2508501708507538
YMR112C,YGL129C,0,3.541115,0.2447320818901062,0.811377227306366,0.2509501874446869
YGL194C,YPL239W,0,3.5386338,0.2446584403514862,0.811377227306366,0.25105020403862
YDR126W,YLR191W,0,3.5355191,0.2445848435163498,0.811377227306366,0.2511502206325531
YGL126W,YER093C,0,3.53379,0.24451127648353577,0.811377227306366,0.2512502372264862
YEL050C,YLR396C,0,3.533187,0.24443776905536652,0.811377227306366,0.2513502836227417
YML071C,YPR137W,0,3.5306244,0.24436429142951965,0.811377227306366,0.2514503002166748
YHR156C,YCL055W,0,3.523306,0.24429085850715637,0.811377227306366,0.2515503168106079
YOR335C,YDR497C,0,3.5224247,0.24421748518943787,0.811377227306366,0.251650333404541
YDR501W,YLR433C,0,3.5210974,0.24414414167404175,0.811377227306366,0.2517503499984741
YNR060W,YLR347C,0,3.5206618,0.2440708428621292,0.811377227306366,0.2518503665924072
YJL170C,YJR048W,0,3.5194979,0.24399760365486145,0.811377227306366,0.25195038318634033
YKL043W,YNL232W,0,3.5183449,0.24392439424991608,0.811377227306366,0.25205039978027344
YBR095C,YIL126W,0,3.5166311,0.24385122954845428,0.811377227306366,0.25215041637420654
YDL100C,YBR089C-A,0,3.5137973,0.24377810955047607,0.811377227306366,0.25225046277046204
YOR244W,YNL001W,0,3.5133862,0.24370503425598145,0.811377227306366,0.25235047936439514
YGL190C,YCR005C,0,3.507115,0.2436320036649704,0.811377227306366,0.25245049595832825
YMR237W,YLR154C,0,3.5071084,0.24355901777744293,0.811377227306366,0.25255051255226135
YLR459W,YIR017C,0,3.506252,0.24348607659339905,0.811377227306366,0.25265052914619446
YGL090W,YJR042W,0,3.5042992,0.24341318011283875,0.811377227306366,0.25275054574012756
YHL040C,YLR391W-A,0,3.504251,0.24334031343460083,0.811377227306366,0.25285056233406067
YLL034C,YDL205C,0,3.5036936,0.2432675063610077,0.811377227306366,0.2529505789279938
YDL127W,YLL055W,0,3.5034237,0.24319472908973694,0.811377227306366,0.2530505955219269
YLR264W,YGL035C,0,3.5025792,0.24312201142311096,0.811377227306366,0.2531506419181824
YML106W,YGL021W,0,3.5022182,0.24304932355880737,0.811377227306366,0.2532506585121155
YDR478W,YDR383C,0,3.5018551,0.24297669529914856,0.811377227306366,0.2533506751060486
YCR077C,YGL123W,0,3.5002348,0.24290409684181213,0.811377227306366,0.2534506916999817
YFL054C,YDR425W,0,3.4996705,0.2428315430879593,0.811377227306366,0.2535507082939148
YHR118C,YNR015W,0,3.4981604,0.24275903403759003,0.811377227306366,0.2536507248878479
YDR140W,YPR168W,0,3.4970617,0.24268656969070435,0.811377227306366,0.253750741481781
YNL084C,YBR031W,0,3.4959602,0.24261415004730225,0.811377227306366,0.2538507580757141
YJL008C,YCL005W-A,0,3.4933314,0.24254176020622253,0.811377227306366,0.2539508044719696
YPR105C,YMR182C,0,3.4896326,0.2424694299697876,0.811377227306366,0.2540508210659027
YHR029C,YOR127W,0,3.487742,0.24239714443683624,0.811377227306366,0.2541508376598358
YOR266W,YKL021C,0,3.4876266,0.24232488870620728,0.811377227306366,0.2542508542537689
YDR317W,YCL057C-A,0,3.4873726,0.2422526776790619,0.811377227306366,0.254350870847702
YMR086W,YPL173W,0,3.4862785,0.24218051135540009,0.811377227306366,0.25445088744163513
YDR088C,YMR272C,0,3.4853475,0.24210840463638306,0.811377227306366,0.25455090403556824
YCL061C,YGR084C,0,3.4851248,0.24203632771968842,0.811377227306366,0.25465092062950134
YPR047W,YGL240W,0,3.4785335,0.24196428060531616,0.811377227306366,0.25475093722343445
YPL038W,YCL005W-A,0,3.4745078,0.24189229309558868,0.811377227306366,0.25485098361968994
YKL190W,YER071C,0,3.4722486,0.2418203502893448,0.811377227306366,0.25495100021362305
YDR062W,YFL010W-A,0,3.469805,0.24174843728542328,0.811377227306366,0.25505101680755615
YIL034C,YPL200W,0,3.4662259,0.24167656898498535,0.811377227306366,0.25515103340148926
YDR099W,YCR038C,1,3.465434,0.2419019341468811,0.8123752474784851,0.25515103340148926
YBR188C,YLR377C,0,3.4633045,0.24183006584644318,0.8123752474784851,0.25525104999542236
YMR175W,YNL029C,0,3.461174,0.24175824224948883,0.8123752474784851,0.25535106658935547
YLR061W,YPL147W,0,3.4578867,0.24168646335601807,0.8123752474784851,0.2554510831832886
YER087C-A,YOR356W,0,3.4575706,0.24161472916603088,0.8123752474784851,0.2555510997772217
YLR160C,YMR217W,0,3.4559875,0.2415430247783661,0.8123752474784851,0.2556511163711548
YBR048W,YDL164C,0,3.4559562,0.24147137999534607,0.8123752474784851,0.2557511627674103
YLR265C,YDR111C,0,3.4554164,0.24139976501464844,0.8123752474784851,0.2558511793613434
YPL093W,YBR166C,0,3.453681,0.2413281947374344,0.8123752474784851,0.2559511959552765
YBR180W,YDL247W,0,3.4527197,0.24125666916370392,0.8123752474784851,0.2560512125492096
YMR142C,YBR299W,0,3.4515884,0.24118518829345703,0.8123752474784851,0.2561512291431427
YGL172W,YPR184W,0,3.4498303,0.24111373722553253,0.8123752474784851,0.2562512457370758
YFL045C,YDL093W,0,3.4477677,0.2410423457622528,0.8123752474784851,0.2563512623310089
YLR038C,YKL001C,0,3.4441323,0.24097098410129547,0.8123752474784851,0.256451278924942
YKL149C,YOR030W,1,3.4436536,0.24119561910629272,0.8133732676506042,0.256451278924942
YDL149W,YPL099C,0,3.4423532,0.2411242574453354,0.8133732676506042,0.2565512955188751
YJR053W,YCR063W,0,3.440558,0.24105294048786163,0.8133732676506042,0.2566513419151306
YER115C,YAL013W,0,3.4378335,0.24098166823387146,0.8133732676506042,0.2567513585090637
YGR258C,YDR471W,0,3.4370944,0.24091044068336487,0.8133732676506042,0.2568513751029968
YMR078C,YKL206C,0,3.435564,0.24083924293518066,0.8133732676506042,0.25695139169692993
YNR045W,YBR005W,0,3.4353848,0.24076808989048004,0.8133732676506042,0.25705140829086304
YCR029C-A,YCR092C,0,3.4302025,0.240696981549263,0.8133732676506042,0.25715142488479614
YER149C,YGL237C,0,3.4285533,0.24062591791152954,0.8133732676506042,0.25725144147872925
YJL087C,YDR200C,0,3.4269388,0.24055489897727966,0.8133732676506042,0.25735145807266235
YDR410C,YNL262W,0,3.4237795,0.24048392474651337,0.8133732676506042,0.25745150446891785
YDL084W,YLR299W,0,3.423531,0.24041298031806946,0.8133732676506042,0.25755152106285095
YJR151C,YDR464W,0,3.4233346,0.24034208059310913,0.8133732676506042,0.25765153765678406
YDR172W,YDL072C,0,3.4229584,0.24027122557163239,0.8133732676506042,0.25775155425071716
YGL098W,YHL025W,0,3.4228876,0.24020041525363922,0.8133732676506042,0.25785157084465027
YBR145W,YGL259W,0,3.4227033,0.24012963473796844,0.8133732676506042,0.2579515874385834
YDL070W,YGL243W,0,3.4186718,0.24005891382694244,0.8133732676506042,0.2580516040325165
YDR515W,YCR018C,0,3.4150534,0.23998822271823883,0.8133732676506042,0.2581516206264496
YLR127C,YKR083C,0,3.4133406,0.2399175763130188,0.8133732676506042,0.2582516372203827
YGL064C,YNL271C,0,3.4068003,0.23984697461128235,0.8133732676506042,0.2583516836166382
YML100W,YHR030C,0,3.4062223,0.2397764027118683,0.8133732676506042,0.2584517002105713
YGR113W,YEL050C,0,3.4059253,0.2397058755159378,0.8133732676506042,0.2585517168045044
YJL097W,YPL224C,0,3.405882,0.2396354079246521,0.8133732676506042,0.2586517333984375
YHR158C,YGR262C,0,3.4052863,0.2395649552345276,0.8133732676506042,0.2587517499923706
YHR143W,YOR287C,0,3.40513,0.23949456214904785,0.8133732676506042,0.2588517665863037
YNR018W,YGL136C,0,3.4041436,0.2394242137670517,0.8133732676506042,0.2589517831802368
YML045W,YBR123C,0,3.4038534,0.23935389518737793,0.8133732676506042,0.2590517997741699
YNL289W,YDL069C,0,3.4007099,0.23928362131118774,0.8133732676506042,0.259151816368103
YDR466W,YJR123W,0,3.400116,0.23921337723731995,0.8133732676506042,0.2592518627643585
YHR084W,YIL131C,1,3.3978567,0.23943662643432617,0.8143712282180786,0.2592518627643585
YPL106C,YMR160W,0,3.3977537,0.23936638236045837,0.8143712282180786,0.2593518793582916
YML016C,YPR007C,0,3.3959332,0.23929618299007416,0.8143712282180786,0.25945189595222473
YEL070W,YPR073C,0,3.3956614,0.23922602832317352,0.8143712282180786,0.25955191254615784
YML059C,YIL144W,0,3.395443,0.23915591835975647,0.8143712282180786,0.25965192914009094
YDR044W,YMR006C,0,3.3918836,0.239085853099823,0.8143712282180786,0.25975194573402405
YOR301W,YOR179C,0,3.3891776,0.23901581764221191,0.8143712282180786,0.25985196232795715
YNL123W,YHL016C,0,3.384367,0.2389458268880844,0.8143712282180786,0.25995197892189026
YLR367W,YPR162C,0,3.3831923,0.2388758808374405,0.8143712282180786,0.26005199551582336
YLR026C,YLR452C,0,3.376752,0.23880596458911896,0.8143712282180786,0.26015204191207886
YMR081C,YER061C,0,3.3765259,0.2387361079454422,0.8143712282180786,0.26025205850601196
YLR305C,YDL205C,0,3.3686128,0.23866628110408783,0.8143712282180786,0.26035207509994507
YGR143W,YNR002C,0,3.3614523,0.23859648406505585,0.8143712282180786,0.2604520916938782
YGL084C,YER007W,0,3.36129,0.23852674663066864,0.8143712282180786,0.2605521082878113
YDR284C,YAL010C,0,3.3600967,0.23845703899860382,0.8143712282180786,0.2606521248817444
YMR306W,YMR059W,0,3.3600078,0.23838737607002258,0.8143712282180786,0.2607521414756775
YOR301W,YCL064C,0,3.3594208,0.23831775784492493,0.8143712282180786,0.2608521580696106
YPL239W,YNL130C,0,3.3593564,0.23824816942214966,0.8143712282180786,0.2609522044658661
YKL205W,YDR528W,0,3.3593554,0.23817864060401917,0.8143712282180786,0.2610522210597992
YGL046W,YDL018C,0,3.3585784,0.23810912668704987,0.8143712282180786,0.2611522376537323
YDR343C,YJL071W,0,3.3558936,0.23803967237472534,0.8143712282180786,0.2612522542476654
YJR147W,YOR030W,1,3.355179,0.238261878490448,0.8153692483901978,0.2612522542476654
YLR278C,YBR282W,0,3.351654,0.23819242417812347,0.8153692483901978,0.2613522708415985
YDR421W,YFL011W,0,3.3505995,0.23812299966812134,0.8153692483901978,0.2614522874355316
YFL035C-A,YCR020C,0,3.3455596,0.23805361986160278,0.8153692483901978,0.2615523040294647
YHR153C,YOR357C,0,3.3454351,0.23798426985740662,0.8153692483901978,0.2616523206233978
YDR195W,YBL090W,0,3.3440266,0.23791496455669403,0.8153692483901978,0.26175233721733093
YDL114W,YPL203W,0,3.3429728,0.23784570395946503,0.8153692483901978,0.2618523836135864
YIL042C,YNL063W,0,3.341772,0.2377764880657196,0.8153692483901978,0.26195240020751953
YDR283C,YML023C,0,3.3407412,0.23770730197429657,0.8153692483901978,0.26205241680145264
YOR355W,YHR037W,0,3.3394175,0.23763816058635712,0.8153692483901978,0.26215243339538574
YBR254C,YMR001C,0,3.3356075,0.23756906390190125,0.8153692483901978,0.26225244998931885
YOL132W,YKL135C,0,3.3345208,0.23749999701976776,0.8153692483901978,0.26235246658325195
YDL217C,YJL141C,0,3.3323908,0.23743097484111786,0.8153692483901978,0.26245248317718506
YOL095C,YLR316C,0,3.3301086,0.23736199736595154,0.8153692483901978,0.26255249977111816
YJR133W,YJL141C,0,3.3300352,0.2372930645942688,0.8153692483901978,0.26265251636505127
YIL173W,YLR061W,0,3.3280208,0.23722416162490845,0.8153692483901978,0.26275256276130676
YLR157C,YNL085W,0,3.3256712,0.23715530335903168,0.8153692483901978,0.26285257935523987
YOR391C,YBR299W,0,3.3249807,0.2370864748954773,0.8153692483901978,0.262952595949173
YKR028W,YLR154C,0,3.3246257,0.2370176911354065,0.8153692483901978,0.2630526125431061
YPR006C,YOR061W,0,3.3231654,0.23694895207881927,0.8153692483901978,0.2631526291370392
YNR041C,YEL013W,0,3.3163319,0.23688025772571564,0.8153692483901978,0.2632526457309723
YCL050C,YOL105C,0,3.3148656,0.2368115931749344,0.8153692483901978,0.2633526623249054
YFL018W-A,YOR123C,0,3.3148358,0.23674297332763672,0.8153692483901978,0.2634526789188385
YGL031C,YEL018W,0,3.3145084,0.23667439818382263,0.8153692483901978,0.263552725315094
YER126C,YMR241W,0,3.3143885,0.23660585284233093,0.8153692483901978,0.2636527419090271
YOR124C,YBL020W,0,3.3123984,0.23653735220432281,0.8153692483901978,0.2637527585029602
YPR034W,YDR090C,0,3.307839,0.23646888136863708,0.8153692483901978,0.2638527750968933
YGR029W,YMR078C,0,3.307297,0.23640047013759613,0.8153692483901978,0.2639527916908264
YML073C,YDL225W,0,3.304911,0.23633207380771637,0.8153692483901978,0.2640528082847595
YEL043W,YER138C,0,3.3010767,0.23626373708248138,0.8153692483901978,0.2641528248786926
YDR329C,YMR117C,0,3.2999995,0.2361954301595688,0.8153692483901978,0.26425284147262573
YGL093W,YKL114C,0,3.2961297,0.23612716794013977,0.8153692483901978,0.26435285806655884
YOR026W,YJR084W,0,3.2949524,0.23605893552303314,0.8153692483901978,0.26445290446281433
YER098W,YLR380W,0,3.2925901,0.2359907627105713,0.8153692483901978,0.26455292105674744
YBR276C,YBR054W,0,3.291061,0.23592260479927063,0.8153692483901978,0.26465293765068054
YLR312C-B,YAL008W,0,3.2896018,0.23585450649261475,0.8153692483901978,0.26475295424461365
YFL029C,YNL190W,0,3.2886467,0.23578643798828125,0.8153692483901978,0.26485297083854675
YGL191W,YCL032W,0,3.285794,0.23571841418743134,0.8153692483901978,0.26495298743247986
YOR371C,YDR043C,1,3.2849374,0.23593884706497192,0.8163672685623169,0.26495298743247986
YMR322C,YBR005W,0,3.2835412,0.235870823264122,0.8163672685623169,0.26505300402641296
YOR371C,YLR312C-B,1,3.2793262,0.23609109222888947,0.817365288734436,0.26505300402641296
YNL188W,YJR123W,0,3.27782,0.23602305352687836,0.817365288734436,0.26515302062034607
YLR238W,YDL067C,0,3.274637,0.23595505952835083,0.817365288734436,0.2652530372142792
YDR451C,YEL040W,0,3.2730002,0.2358870953321457,0.817365288734436,0.26535308361053467
YKL199C,YCR098C,0,3.271133,0.23581917583942413,0.817365288734436,0.2654531002044678
YOR117W,YLR352W,0,3.2706494,0.23575130105018616,0.817365288734436,0.2655531167984009
YDL159W,YOR315W,1,3.27015,0.23597122728824615,0.8183632493019104,0.2655531167984009
YML037C,YOR138C,0,3.2661572,0.23590333759784698,0.8183632493019104,0.265653133392334
YGR179C,YMR203W,0,3.2631254,0.2358354926109314,0.8183632493019104,0.2657531499862671
YOR047C,YIL134W,0,3.2622437,0.2357676774263382,0.8183632493019104,0.2658531665802002
YDR107C,YOR147W,0,3.260744,0.23569990694522858,0.8183632493019104,0.2659531831741333
YDL195W,YML049C,0,3.2573986,0.23563218116760254,0.8183632493019104,0.2660531997680664
YIR031C,YIL048W,0,3.256156,0.23556450009346008,0.8183632493019104,0.2661532163619995
YGL190C,YER108C,1,3.2521505,0.23578403890132904,0.8193612694740295,0.2661532163619995
YDR099W,YDR043C,1,3.2475114,0.23600344359874725,0.8203592896461487,0.2661532163619995
YJR052W,YKR095W,0,3.2448497,0.23593570291996002,0.8203592896461487,0.266253262758255
YNL197C,YER149C,1,3.2427247,0.2361549437046051,0.8213573098182678,0.266253262758255
YAL021C,YGL129C,0,3.2424154,0.23608720302581787,0.8213573098182678,0.2663532793521881
YDL170W,YKL165C,0,3.239645,0.23601950705051422,0.8213573098182678,0.2664532959461212
YAL031C,YMR036C,0,3.2394938,0.23595184087753296,0.8213573098182678,0.2665533125400543
YEL056W,YPR154W,0,3.23368,0.23588420450687408,0.8213573098182678,0.2666533291339874
YOR011W,YNL101W,0,3.2295995,0.2358166128396988,0.8213573098182678,0.26675334572792053
YDL077C,YFR005C,0,3.2256393,0.23574906587600708,0.8213573098182678,0.26685336232185364
YAL058W,YML073C,0,3.2250187,0.23568156361579895,0.8213573098182678,0.26695337891578674
YER142C,YNL121C,0,3.2242227,0.2356140911579132,0.8213573098182678,0.26705342531204224
YML027W,YJL189W,0,3.2224102,0.23554664850234985,0.8213573098182678,0.26715344190597534
YHR171W,YMR204C,0,3.218591,0.23547925055027008,0.8213573098182678,0.26725345849990845
YAL044C,YHL021C,0,3.2184548,0.2354118973016739,0.8213573098182678,0.26735347509384155
YJL174W,YDL217C,0,3.2148213,0.23534457385540009,0.8213573098182678,0.26745349168777466
YML124C,YOL109W,0,3.2104907,0.23527729511260986,0.8213573098182678,0.26755350828170776
YMR164C,YJR147W,1,3.2086253,0.23549585044384003,0.8223552703857422,0.26755350828170776
YOR075W,YJR073C,0,3.203539,0.2354285717010498,0.8223552703857422,0.26765352487564087
YNL122C,YGR005C,0,3.2012835,0.23536132276058197,0.8223552703857422,0.267753541469574
YPL214C,YDL031W,0,3.199246,0.23529411852359772,0.8223552703857422,0.2678535580635071
YBR158W,YNR050C,0,3.19883,0.23522694408893585,0.8223552703857422,0.2679536044597626
YGL209W,YOR267C,0,3.1987166,0.23515981435775757,0.8223552703857422,0.2680536210536957
YDR320C,YDL045W-A,0,3.1986325,0.23509272933006287,0.8223552703857422,0.2681536376476288
YML059C,YPL002C,0,3.1975207,0.23502567410469055,0.8223552703857422,0.2682536542415619
YER165W,YGL147C,0,3.1972237,0.23495864868164062,0.8223552703857422,0.268353670835495
YNL102W,YBR301W,0,3.1956239,0.23489168286323547,0.8223552703857422,0.2684536874294281
YNR011C,YPR111W,0,3.1943762,0.23482473194599152,0.8223552703857422,0.2685537040233612
YBR112C,YOR047C,0,3.1916714,0.23475784063339233,0.8223552703857422,0.2686537206172943
YNR044W,YHR060W,0,3.1911893,0.23469096422195435,0.8223552703857422,0.2687537372112274
YAL034W-A,YNL079C,0,3.184968,0.23462414741516113,0.8223552703857422,0.2688537836074829
YEL052W,YDL003W,0,3.1824067,0.2345573604106903,0.8223552703857422,0.268953800201416
YDR421W,YJL173C,0,3.173552,0.23449060320854187,0.8223552703857422,0.2690538167953491
YMR250W,YLR459W,0,3.172718,0.23442389070987701,0.8223552703857422,0.2691538333892822
YNL025C,YHR109W,0,3.1716697,0.23435722291469574,0.8223552703857422,0.26925384998321533
YBR036C,YBR123C,0,3.1695075,0.23429058492183685,0.8223552703857422,0.26935386657714844
YFR005C,YGL148W,0,3.1619213,0.23422399163246155,0.8223552703857422,0.26945388317108154
YNL247W,YDR369C,0,3.1610425,0.23415742814540863,0.8223552703857422,0.26955389976501465
YDL038C,YAR018C,0,3.159737,0.2340909093618393,0.8223552703857422,0.26965391635894775
YDR451C,YHR150W,0,3.1594427,0.23402442038059235,0.8223552703857422,0.26975396275520325
YNR053C,YBL057C,0,3.1587744,0.23395797610282898,0.8223552703857422,0.26985397934913635
YNR015W,YIL137C,0,3.149706,0.2338915765285492,0.8223552703857422,0.26995399594306946
YLR312C-B,YNL068C,1,3.149335,0.23410896956920624,0.8233532905578613,0.26995399594306946
YNL202W,YJL024C,0,3.1489692,0.23404255509376526,0.8233532905578613,0.27005401253700256
YHR167W,YLL043W,0,3.147814,0.23397617042064667,0.8233532905578613,0.27015402913093567
YIL109C,YIL170W,0,3.147794,0.23390984535217285,0.8233532905578613,0.2702540457248688
YJL001W,YCL069W,0,3.1474218,0.23384353518486023,0.8233532905578613,0.2703540623188019
YOR174W,YKL001C,0,3.1471903,0.2337772697210312,0.8233532905578613,0.270454078912735
YHR092C,YJR138W,0,3.1453514,0.23371104896068573,0.8233532905578613,0.2705541253089905
YGR253C,YDR369C,0,3.1433177,0.23364485800266266,0.8233532905578613,0.2706541419029236
YGL046W,YCL029C,0,3.1420963,0.23357871174812317,0.8233532905578613,0.2707541584968567
YNL147W,YBR072W,0,3.1419482,0.23351259529590607,0.8233532905578613,0.2708541750907898
YOL026C,YER086W,0,3.1408498,0.23344652354717255,0.8233532905578613,0.2709541916847229
YOR274W,YER038C,0,3.1408012,0.2333804816007614,0.8233532905578613,0.271054208278656
YOR239W,YGL093W,0,3.1392431,0.23331448435783386,0.8233532905578613,0.2711542248725891
YHR039C-B,YDR410C,0,3.138194,0.2332485169172287,0.8233532905578613,0.2712542414665222
YGL046W,YDR003W,0,3.133944,0.23318259418010712,0.8233532905578613,0.2713542580604553
YBL061C,YOL103W,0,3.1339102,0.23311670124530792,0.8233532905578613,0.2714543044567108
YPL090C,YGL087C,0,3.1312723,0.2330508530139923,0.8233532905578613,0.2715543210506439
YLR362W,YNL298W,1,3.1260052,0.23326744139194489,0.8243513107299805,0.2715543210506439
YKL134C,YGR193C,0,3.122315,0.23320157825946808,0.8243513107299805,0.271654337644577
YDR534C,YDL209C,0,3.1194406,0.23313575983047485,0.8243513107299805,0.27175435423851013
YGR286C,YPL141C,0,3.1193461,0.23306997120380402,0.8243513107299805,0.27185437083244324
YDL154W,YCR097WB,0,3.1176202,0.23300422728061676,0.8243513107299805,0.27195438742637634
YHR204W,YIL078W,0,3.1165085,0.23293852806091309,0.8243513107299805,0.27205440402030945
YPL010W,YNL059C,0,3.1163068,0.2328728437423706,0.8243513107299805,0.27215442061424255
YDR470C,YBR211C,0,3.1154282,0.2328072190284729,0.8243513107299805,0.27225443720817566
YER106W,YJR026W,0,3.1115046,0.23274162411689758,0.8243513107299805,0.27235448360443115
YFR024C,YOL010W,0,3.1069856,0.23267605900764465,0.8243513107299805,0.27245450019836426
YPR021C,YLR395C,0,3.1034799,0.2326105386018753,0.8243513107299805,0.27255451679229736
YBR158W,YLR020C,0,3.1001077,0.23254504799842834,0.8243513107299805,0.27265453338623047
YHR175W,YPR198W,0,3.09915,0.23247960209846497,0.8243513107299805,0.2727545499801636
YOR157C,YKL028W,0,3.0941668,0.23241418600082397,0.8243513107299805,0.2728545665740967
YJL190C,YPR149W,0,3.0930607,0.23234879970550537,0.8243513107299805,0.2729545831680298
YBL055C,YBR131W,0,3.0927317,0.23228345811367035,0.8243513107299805,0.2730545997619629
YCR029C-A,YGR089W,0,3.0920482,0.2322181612253189,0.8243513107299805,0.273154616355896
YCL066W,YHR120W,0,3.0861428,0.23215289413928986,0.8243513107299805,0.2732546627521515
YFR016C,YBL087C,0,3.0853488,0.23208767175674438,0.8243513107299805,0.2733546793460846
YGR254W,YAL062W,0,3.0841522,0.2320224791765213,0.8243513107299805,0.2734546959400177
YDL243C,YNL016W,0,3.080214,0.2319573163986206,0.8243513107299805,0.2735547125339508
YMR235C,YJR052W,0,3.075768,0.2318921983242035,0.8243513107299805,0.2736547291278839
YNL246W,YHR005C,0,3.074883,0.23182711005210876,0.8243513107299805,0.273754745721817
YBR168W,YHR092C,0,3.0710301,0.23176206648349762,0.8243513107299805,0.2738547623157501
YDR402C,YKL150W,0,3.0710168,0.23169705271720886,0.8243513107299805,0.2739547789096832
YHR206W,YOL005C,0,3.0679789,0.2316320836544037,0.8243513107299805,0.2740548253059387
YHR204W,YOR129C,0,3.0666595,0.2315671443939209,0.8243513107299805,0.2741548418998718
YNL119W,YOR030W,1,3.0655913,0.23178251087665558,0.8253493309020996,0.2741548418998718
YGL216W,YMR264W,0,3.065342,0.2317175716161728,0.8253493309020996,0.27425485849380493
YCL005W-A,YDL140C,0,3.0627995,0.2316526621580124,0.8253493309020996,0.27435487508773804
YOL031C,YNR031C,0,3.0568914,0.23158779740333557,0.8253493309020996,0.27445489168167114
YJL008C,YOR347C,0,3.0555508,0.23152296245098114,0.8253493309020996,0.27455490827560425
YNR041C,YER168C,0,3.0542946,0.2314581573009491,0.8253493309020996,0.27465492486953735
YGL205W,YLR015W,0,3.0540519,0.23139339685440063,0.8253493309020996,0.27475494146347046
YNR004W,YLR467W,0,3.0528717,0.23132866621017456,0.8253493309020996,0.27485495805740356
YDR285W,YNL322C,0,3.0484555,0.23126398026943207,0.8253493309020996,0.27495500445365906
YBR142W,YDR523C,0,3.048415,0.23119932413101196,0.8253493309020996,0.27505502104759216
YEL058W,YJL026W,0,3.043913,0.23113471269607544,0.8253493309020996,0.27515503764152527
YLR120C,YCR040W,0,3.039734,0.2310701310634613,0.8253493309020996,0.2752550542354584
YBR089C-A,YLR371W,0,3.038052,0.23100557923316956,0.8253493309020996,0.2753550708293915
YCR053W,YGR008C,0,3.0377152,0.2309410721063614,0.8253493309020996,0.2754550874233246
YLR312C-B,YNL107W,0,3.0370793,0.2308766096830368,0.8253493309020996,0.2755551040172577
YHR028C,YCR094W,0,3.0354507,0.2308121621608734,0.8253493309020996,0.2756551206111908
YGR214W,YCR052W,0,3.0352302,0.2307477742433548,0.8253493309020996,0.2757551372051239
YLR092W,YHR001W-A,0,3.032734,0.23068340122699738,0.8253493309020996,0.2758551836013794
YCL012W,YBR183W,0,3.0310574,0.23061907291412354,0.8253493309020996,0.2759552001953125
YMR304W,YDR238C,0,3.0299492,0.23055477440357208,0.8253493309020996,0.2760552167892456
YOL086C,YNL301C,0,3.0296075,0.2304905205965042,0.8253493309020996,0.2761552333831787
YLR096W,YDR441C,0,3.0281649,0.23042629659175873,0.8253493309020996,0.2762552499771118
YOR180C,YLR017W,0,3.023832,0.23036211729049683,0.8253493309020996,0.2763552665710449
YKL199C,YDR033W,0,3.0196273,0.2302979677915573,0.8253493309020996,0.276455283164978
YBR301W,YBL031W,0,3.018354,0.23023384809494019,0.8253493309020996,0.27655529975891113
YAR044W,YGR083C,0,3.015983,0.23016977310180664,0.8253493309020996,0.27665531635284424
YBR037C,YCR053W,0,3.015379,0.23010572791099548,0.8253493309020996,0.27675536274909973
YGR070W,YFL010W-A,0,3.0138307,0.2300417274236679,0.8253493309020996,0.27685537934303284
YLR357W,YGR208W,0,3.0136075,0.22997775673866272,0.8253493309020996,0.27695539593696594
YGR155W,YHR114W,0,3.0129888,0.22991381585597992,0.8253493309020996,0.27705541253089905
YDR490C,YOR237W,0,3.0083303,0.2298499196767807,0.8253493309020996,0.27715542912483215
YOL102C,YLR165C,0,3.007346,0.22978605329990387,0.8253493309020996,0.27725544571876526
YBR223C,YDL141W,0,3.0058992,0.22972221672534943,0.8253493309020996,0.27735546231269836
YOR240W,YMR163C,0,3.0043068,0.22965842485427856,0.8253493309020996,0.27745547890663147
YKL116C,YFR015C,0,3.004242,0.2295946627855301,0.8253493309020996,0.27755552530288696
YBR158W,YDR313C,0,3.003931,0.2295309454202652,0.8253493309020996,0.27765554189682007
YGL195W,YGR254W,0,3.0014477,0.2294672578573227,0.8253493309020996,0.2777555584907532
YDR062W,YNL046W,0,3.001019,0.22940360009670258,0.8253493309020996,0.2778555750846863
YLR418C,YGL136C,0,2.999167,0.22933998703956604,0.8253493309020996,0.2779555916786194
YBL103C,YJR102C,0,2.9968505,0.2292764037847519,0.8253493309020996,0.2780556082725525
YBL079W,YGR239C,0,2.9967995,0.22921286523342133,0.8253493309020996,0.2781556248664856
YBR153W,YPL031C,0,2.9922562,0.22914934158325195,0.8253493309020996,0.2782556414604187
YGL216W,YDR013W,0,2.99222,0.22908587753772736,0.8253493309020996,0.2783556580543518
YIR018W,YMR097C,0,2.991635,0.22902242839336395,0.8253493309020996,0.2784557044506073
YPL093W,YDR118W,0,2.9812686,0.22895902395248413,0.8253493309020996,0.2785557210445404
YHR184W,YDR297W,0,2.9788773,0.2288956493139267,0.8253493309020996,0.2786557376384735
YBL030C,YJR155W,0,2.978835,0.22883231937885284,0.8253493309020996,0.2787557542324066
YOR380W,YGL018C,0,2.977993,0.22876901924610138,0.8253493309020996,0.2788557708263397
YGR180C,YDL107W,0,2.9775941,0.2287057489156723,0.8253493309020996,0.2789557874202728
YGR246C,YIL053W,0,2.977,0.2286425232887268,0.8253493309020996,0.27905580401420593
YIL088C,YGL058W,0,2.9764066,0.2285793274641037,0.8253493309020996,0.27915582060813904
YOL092W,YPL130W,0,2.9761026,0.22851616144180298,0.8253493309020996,0.27925583720207214
YGR007W,YBR118W,0,2.9715528,0.22845304012298584,0.8253493309020996,0.27935588359832764
YMR287C,YDR430C,0,2.9664621,0.2283899486064911,0.8253493309020996,0.27945590019226074
YPR141C,YBL088C,0,2.9653745,0.22832688689231873,0.8253493309020996,0.27955591678619385
YKL085W,YOR240W,0,2.9653244,0.22826386988162994,0.8253493309020996,0.27965593338012695
YOR060C,YFR037C,0,2.9651344,0.22820088267326355,0.8253493309020996,0.27975594997406006
YAL008W,YLR348C,0,2.9649992,0.22813792526721954,0.8253493309020996,0.27985596656799316
YGR255C,YNR010W,0,2.9644184,0.22807501256465912,0.8253493309020996,0.27995598316192627
YDR243C,YNR013C,0,2.9642463,0.22801212966442108,0.8253493309020996,0.2800559997558594
YFR052W,YPR071W,0,2.9581456,0.22794927656650543,0.8253493309020996,0.2801560163497925
YPL141C,YFL056C,0,2.9581268,0.22788646817207336,0.8253493309020996,0.280256062746048
YKL217W,YHR193C,0,2.957361,0.22782368957996368,0.8253493309020996,0.2803560793399811
YNL162W,YKR007W,0,2.9552932,0.2277609407901764,0.8253493309020996,0.2804560959339142
YDR397C,YNL107W,0,2.9548216,0.22769823670387268,0.8253493309020996,0.2805561125278473
YOR156C,YDR248C,0,2.9513624,0.22763556241989136,0.8253493309020996,0.2806561291217804
YDR368W,YDR246W,0,2.9500704,0.22757291793823242,0.8253493309020996,0.2807561457157135
YHR021C,YKL026C,0,2.9498158,0.22751031816005707,0.8253493309020996,0.2808561623096466
YOL151W,YDR304C,0,2.9487412,0.2274477481842041,0.8253493309020996,0.2809561789035797
YBR111W-A,YKR020W,0,2.946848,0.22738520801067352,0.8253493309020996,0.2810562252998352
YLR059C,YOR180C,0,2.946331,0.22732269763946533,0.8253493309020996,0.2811562418937683
YBL052C,YNL218W,0,2.9451036,0.22726023197174072,0.8253493309020996,0.2812562584877014
YLR309C,YDR045C,0,2.9427767,0.2271977961063385,0.8253493309020996,0.2813562750816345
YHR008C,YPR080W,0,2.9403448,0.22713540494441986,0.8253493309020996,0.2814562916755676
YMR230W,YKL097W-A,0,2.939459,0.2270730435848236,0.8253493309020996,0.28155630826950073
YOL031C,YJL149W,0,2.9392452,0.22701071202754974,0.8253493309020996,0.28165632486343384
YPL155C,YMR238W,0,2.9381614,0.22694841027259827,0.8253493309020996,0.28175634145736694
YLR276C,YNL166C,0,2.9378548,0.22688613831996918,0.8253493309020996,0.28185635805130005
YKL059C,YMR117C,0,2.9368994,0.22682391107082367,0.8253493309020996,0.28195640444755554
YIR006C,YER159C,0,2.9366863,0.22676172852516174,0.8253493309020996,0.28205642104148865
YOR355W,YMR086W,0,2.9361575,0.226699560880661,0.8253493309020996,0.28215643763542175
YBR035C,YPL001W,0,2.936134,0.22663743793964386,0.8253493309020996,0.28225645422935486
YML080W,YIL069C,0,2.9357538,0.2265753448009491,0.8253493309020996,0.28235647082328796
YNR070W,YOR288C,0,2.9353824,0.22651328146457672,0.8253493309020996,0.28245648741722107
YDR463W,YDR130C,0,2.9330087,0.22645126283168793,0.8253493309020996,0.2825565040111542
YMR164C,YDR379W,1,2.932952,0.2266630232334137,0.826347291469574,0.2825565040111542
YPR110C,YNL122C,0,2.9304144,0.2266009896993637,0.826347291469574,0.2826565206050873
YGR255C,YCL036W,0,2.929387,0.2265389859676361,0.826347291469574,0.2827565371990204
YJL013C,YDR404C,0,2.9290745,0.2264770269393921,0.826347291469574,0.2828565835952759
YBR093C,YPL175W,0,2.9226828,0.22641509771347046,0.826347291469574,0.282956600189209
YGL195W,YMR237W,0,2.9189954,0.22635319828987122,0.826347291469574,0.2830566167831421
YDL159W,YNL001W,1,2.9170125,0.22656463086605072,0.8273453116416931,0.2830566167831421
YGL223C,YJR051W,0,2.9167948,0.22650273144245148,0.8273453116416931,0.2831566333770752
YLR357W,YLR176C,0,2.9162042,0.22644086182117462,0.8273453116416931,0.2832566499710083
YBR153W,YOR209C,0,2.9160967,0.22637902200222015,0.8273453116416931,0.2833566665649414
YIL006W,YPL097W,0,2.913571,0.22631722688674927,0.8273453116416931,0.2834566831588745
YCR038C,YER104W,0,2.9133527,0.22625546157360077,0.8273453116416931,0.2835566997528076
YMR223W,YNL302C,0,2.909057,0.22619372606277466,0.8273453116416931,0.2836567461490631
YMR234W,YGL135W,0,2.9088578,0.22613202035427094,0.8273453116416931,0.2837567627429962
YEL050C,YML087C,0,2.9080405,0.2260703593492508,0.8273453116416931,0.2838567793369293
YDR107C,YFL025C,0,2.9080124,0.22600872814655304,0.8273453116416931,0.2839567959308624
YGR238C,YGR075C,0,2.900648,0.22594712674617767,0.8273453116416931,0.28405681252479553
YFL035C,YFL026W,0,2.8962748,0.2258855551481247,0.8273453116416931,0.28415682911872864
YKL009W,YOR116C,0,2.8955054,0.2258240282535553,0.8273453116416931,0.28425684571266174
YNL084C,YMR012W,0,2.8939295,0.2257625311613083,0.8273453116416931,0.28435686230659485
YLR052W,YDR200C,0,2.8886292,0.22570106387138367,0.8273453116416931,0.28445687890052795
YER150W,YKR104W,0,2.8871927,0.22563962638378143,0.8273453116416931,0.28455692529678345
YOR320C,YDR498C,0,2.8856802,0.22557823359966278,0.8273453116416931,0.28465694189071655
YBR040W,YBL088C,0,2.884819,0.22551687061786652,0.8273453116416931,0.28475695848464966
YDR430C,YJR107W,0,2.8809147,0.22545553743839264,0.8273453116416931,0.28485697507858276
YMR123W,YLR075W,0,2.878992,0.22539423406124115,0.8273453116416931,0.28495699167251587
YLR352W,YDR322W,0,2.8782504,0.22533297538757324,0.8273453116416931,0.285057008266449
YCL051W,YDR189W,0,2.8779712,0.22527174651622772,0.8273453116416931,0.2851570248603821
YDR392W,YDR099W,1,2.8738961,0.22548221051692963,0.8283433318138123,0.2851570248603821
YNL038W,YNL216W,0,2.8716593,0.2254209667444229,0.8283433318138123,0.2852570414543152
YMR153W,YDR437W,0,2.8706155,0.22535976767539978,0.8283433318138123,0.2853570580482483
YGR161C,YML070W,0,2.868174,0.22529858350753784,0.8283433318138123,0.2854571044445038
YFR006W,YMR306W,0,2.8659682,0.22523744404315948,0.8283433318138123,0.2855571210384369
YER051W,YNL006W,0,2.8582516,0.2251763492822647,0.8283433318138123,0.28565713763237
YDR477W,YKL048C,1,2.8582046,0.22538650035858154,0.8293412923812866,0.28565713763237
YIL094C,YOR175C,0,2.8578954,0.22532537579536438,0.8293412923812866,0.2857571542263031
YDR118W,YDR398W,0,2.8548117,0.2252642959356308,0.8293412923812866,0.2858571708202362
YJL053W,YML085C,0,2.854796,0.2252032458782196,0.8293412923812866,0.2859571874141693
YBR022W,YGL259W,0,2.8545115,0.225142240524292,0.8293412923812866,0.2860572040081024
YPR046W,YAR015W,0,2.854151,0.22508125007152557,0.8293412923812866,0.2861572206020355
YOR270C,YDR005C,0,2.851285,0.22502030432224274,0.8293412923812866,0.28625723719596863
YMR188C,YBR145W,0,2.84547,0.2249593883752823,0.8293412923812866,0.2863572835922241
YPR021C,YAL033W,0,2.8453913,0.22489851713180542,0.8293412923812866,0.2864573001861572
YLR258W,YBL026W,0,2.844144,0.22483766078948975,0.8293412923812866,0.28655731678009033
YNR057C,YCR018C,0,2.8436172,0.22477684915065765,0.8293412923812866,0.28665733337402344
YAL007C,YBR233W-A,0,2.8419359,0.22471606731414795,0.8293412923812866,0.28675734996795654
YPL040C,YKL206C,0,2.8417354,0.22465531527996063,0.8293412923812866,0.28685736656188965
YLR010C,YBL021C,0,2.8371925,0.2245945930480957,0.8293412923812866,0.28695738315582275
YMR001C,YLR391W-A,0,2.8350167,0.22453391551971436,0.8293412923812866,0.28705739974975586
YDR301W,YDR165W,0,2.8308265,0.2244732528924942,0.8293412923812866,0.28715744614601135
YGL162W,YIL062C,0,2.8298604,0.22441263496875763,0.8293412923812866,0.28725746273994446
YKR075C,YMR081C,0,2.8293662,0.22435204684734344,0.8293412923812866,0.28735747933387756
YPR156C,YDL146W,0,2.827542,0.22429150342941284,0.8293412923812866,0.28745749592781067
YMR268W-A,YOL002C,0,2.8258085,0.22423097491264343,0.8293412923812866,0.2875575125217438
YMR054W,YLR288C,0,2.822659,0.2241704910993576,0.8293412923812866,0.2876575291156769
YDR298C,YMR160W,0,2.8223782,0.22411003708839417,0.8293412923812866,0.28775754570961
YML058W-A,YML060W,0,2.8204038,0.2240496128797531,0.8293412923812866,0.2878575623035431
YCR054C,YIL037C,0,2.8181746,0.22398921847343445,0.8293412923812866,0.2879575788974762
YDR477W,YER113C,1,2.8082924,0.2241983264684677,0.8303393125534058,0.2879575788974762
YLL045C,YMR087W,0,2.8080578,0.22413793206214905,0.8303393125534058,0.2880576252937317
YDL100C,YBR195C,0,2.8067775,0.22407756745815277,0.8303393125534058,0.2881576418876648
YDR356W,YBR100W,0,2.8051405,0.22401723265647888,0.8303393125534058,0.2882576584815979
YOR039W,YOL071W,0,2.8050604,0.22395692765712738,0.8303393125534058,0.288357675075531
YMR076C,YLR337W,0,2.8032956,0.22389666736125946,0.8303393125534058,0.2884576916694641
YNL310C,YGL223C,0,2.8002343,0.22383642196655273,0.8303393125534058,0.2885577082633972
YJR066W,YDR498C,0,2.7979412,0.2237762212753296,0.8303393125534058,0.2886577248573303
YEL002C,YPL092W,0,2.79496,0.22371605038642883,0.8303393125534058,0.2887577414512634
YCR107W,YPL002C,0,2.7919402,0.22365590929985046,0.8303393125534058,0.28885775804519653
YCL052C,YLR006C,0,2.7919028,0.22359581291675568,0.8303393125534058,0.288957804441452
YCR038C,YPL214C,0,2.7913835,0.22353573143482208,0.8303393125534058,0.28905782103538513
YBL052C,YPR155C,0,2.7904568,0.22347569465637207,0.8303393125534058,0.28915783762931824
YDR405W,YBR301W,0,2.7904534,0.22341568768024445,0.8303393125534058,0.28925785422325134
YOR008C,YMR150C,0,2.7871876,0.2233557105064392,0.8303393125534058,0.28935787081718445
YKR057W,YCR097WB,0,2.7863946,0.22329576313495636,0.8303393125534058,0.28945788741111755
YLR314C,YBR295W,0,2.78297,0.2232358455657959,0.8303393125534058,0.28955790400505066
YIL136W,YLR315W,0,2.7777247,0.22317597270011902,0.8303393125534058,0.28965792059898376
YOR323C,YPL075W,0,2.7765348,0.22311611473560333,0.8303393125534058,0.28975793719291687
YDL159W,YDL024C,1,2.7765224,0.22332440316677094,0.8313373327255249,0.28975793719291687
YDR392W,YMR164C,1,2.7729225,0.223532572388649,0.832335352897644,0.28975793719291687
YLR187W,YAR031W,0,2.7725878,0.22347266972064972,0.832335352897644,0.28985798358917236
YGR266W,YPL172C,0,2.7707448,0.22341281175613403,0.832335352897644,0.28995800018310547
YLL040C,YMR063W,0,2.7698636,0.22335296869277954,0.832335352897644,0.2900580167770386
YIL079C,YGL172W,0,2.7685916,0.22329317033290863,0.832335352897644,0.2901580333709717
YHR058C,YDL185W,0,2.765661,0.2232334017753601,0.832335352897644,0.2902580499649048
YGR056W,YOL154W,0,2.7652183,0.22317366302013397,0.832335352897644,0.2903580665588379
YGR282C,YHR006W,0,2.7649984,0.22311396896839142,0.832335352897644,0.290458083152771
YAR031W,YJL149W,0,2.7647946,0.22305428981781006,0.832335352897644,0.2905580997467041
YBR015C,YDR308C,0,2.7582736,0.22299465537071228,0.832335352897644,0.2906581461429596
YGL190C,YCL036W,0,2.7571912,0.2229350507259369,0.832335352897644,0.2907581627368927
YKL203C,YJL180C,0,2.7554326,0.2228754609823227,0.832335352897644,0.2908581793308258
YPL111W,YPL161C,0,2.7535148,0.22281591594219208,0.832335352897644,0.2909581959247589
YDR055W,YBR212W,0,2.7508953,0.22275641560554504,0.832335352897644,0.291058212518692
YMR054W,YCR058C,0,2.7507558,0.2226969301700592,0.832335352897644,0.2911582291126251
YDR389W,YGR014W,0,2.750711,0.22263747453689575,0.832335352897644,0.2912582457065582
YMR125W,YCR009C,0,2.7480865,0.22257806360721588,0.832335352897644,0.29135826230049133
YLR337W,YKR030W,0,2.7473001,0.2225186824798584,0.832335352897644,0.29145827889442444
YDR248C,YOL120C,0,2.7455611,0.2224593162536621,0.832335352897644,0.29155832529067993
YLR029C,YFR018C,0,2.744347,0.2223999947309494,0.832335352897644,0.29165834188461304
YER028C,YER082C,0,2.7442114,0.22234070301055908,0.832335352897644,0.29175835847854614
YNL214W,YDR347W,0,2.7378397,0.22228145599365234,0.832335352897644,0.29185837507247925
YDR531W,YDL040C,0,2.7359014,0.2222222238779068,0.832335352897644,0.29195839166641235
YER190W,YPR138C,0,2.7309566,0.22216302156448364,0.832335352897644,0.29205840826034546
YMR176W,YBR188C,0,2.7307396,0.22210386395454407,0.832335352897644,0.29215842485427856
YGR105W,YPR083W,0,2.730564,0.22204472124576569,0.832335352897644,0.29225844144821167
YKL034W,YKL156W,0,2.7283945,0.2219856232404709,0.832335352897644,0.2923584580421448
YML100W,YFR024C,0,2.72787,0.22192655503749847,0.832335352897644,0.29245850443840027
YOR334W,YPR194C,0,2.7274554,0.22186751663684845,0.832335352897644,0.2925585210323334
YGL078C,YJL178C,0,2.7270236,0.2218085080385208,0.832335352897644,0.2926585376262665
YDL033C,YDR196C,0,2.7267685,0.22174952924251556,0.832335352897644,0.2927585542201996
YHR153C,YFL037W,0,2.7235684,0.2216905951499939,0.832335352897644,0.2928585708141327
YNL010W,YKR061W,0,2.718481,0.22163167595863342,0.832335352897644,0.2929585874080658
YPL269W,YKR093W,0,2.7146409,0.22157280147075653,0.832335352897644,0.2930586040019989
YNL259C,YCR055C,0,2.711321,0.22151394188404083,0.832335352897644,0.293158620595932
YDR151C,YJL198W,0,2.7111254,0.22145512700080872,0.832335352897644,0.2932586371898651
YDR128W,YOR253W,0,2.7109091,0.221396341919899,0.832335352897644,0.2933586835861206
YDL166C,YOR204W,0,2.7101839,0.22133758664131165,0.832335352897644,0.2934587001800537
YOR244W,YPR036W,0,2.7083807,0.2212788611650467,0.832335352897644,0.2935587167739868
YHR156C,YGL039W,0,2.7077103,0.22122016549110413,0.832335352897644,0.2936587333679199
YFL035C-A,YPL065W,0,2.7074225,0.22116149961948395,0.832335352897644,0.293758749961853
YMR078C,YIL033C,0,2.7042766,0.22110286355018616,0.832335352897644,0.29385876655578613
YJL029C,YLR344W,0,2.7040448,0.22104425728321075,0.832335352897644,0.29395878314971924
YDL035C,YDR043C,1,2.7039704,0.22125066816806793,0.8333333134651184,0.29395878314971924
YHL007C,YBR083W,1,2.701778,0.22145695984363556,0.8343313336372375,0.29395878314971924
YIL145C,YDR175C,0,2.697874,0.22139830887317657,0.8343313336372375,0.29405879974365234
YPR168W,YKL154W,0,2.6950092,0.22133968770503998,0.8343313336372375,0.29415884613990784
YDL018C,YLR391W-A,0,2.6938906,0.22128109633922577,0.8343313336372375,0.29425886273384094
YKL119C,YOR355W,0,2.6927168,0.22122254967689514,0.8343313336372375,0.29435887932777405
YPL254W,YBR248C,0,2.6926792,0.2211640179157257,0.8343313336372375,0.29445889592170715
YDR144C,YOR180C,0,2.6921847,0.22110553085803986,0.8343313336372375,0.29455891251564026
YFL049W,YBL112C,0,2.6918902,0.2210470587015152,0.8343313336372375,0.29465892910957336
YLR229C,YHR111W,1,2.6908188,0.22125297784805298,0.8353293538093567,0.29465892910957336
YDL083C,YHR090C,0,2.6890025,0.22119450569152832,0.8353293538093567,0.29475894570350647
YHL036W,YPL042C,0,2.688912,0.22113606333732605,0.8353293538093567,0.2948589622974396
YDR135C,YPR096C,0,2.6881037,0.22107765078544617,0.8353293538093567,0.2949589788913727
YPR108W,YPR133W-A,0,2.681507,0.22101928293704987,0.8353293538093567,0.2950590252876282
YNL273W,YLR212C,0,2.6772587,0.22096092998981476,0.8353293538093567,0.2951590418815613
YPL113C,YNL016W,0,2.6769304,0.22090260684490204,0.8353293538093567,0.2952590584754944
YLR295C,YIL106W,0,2.674837,0.2208443284034729,0.8353293538093567,0.2953590750694275
YKR009C,YBL035C,0,2.6730285,0.22078606486320496,0.8353293538093567,0.2954590916633606
YMR246W,YDR254W,0,2.672932,0.2207278460264206,0.8353293538093567,0.2955591082572937
YGR103W,YDR065W,0,2.670014,0.22066965699195862,0.8353293538093567,0.2956591248512268
YGL148W,YIL170W,0,2.6684284,0.22061149775981903,0.8353293538093567,0.2957591414451599
YDL012C,YEL013W,0,2.6673203,0.22055335342884064,0.8353293538093567,0.295859158039093
YOR327C,YIL042C,0,2.66607,0.22049525380134583,0.8353293538093567,0.2959592044353485
YGR191W,YMR098C,0,2.6645665,0.2204371839761734,0.8353293538093567,0.2960592210292816
YIL049W,YLR353W,1,2.664219,0.22064244747161865,0.8363273739814758,0.2960592210292816
YGL225W,YNR043W,0,2.6609807,0.22058436274528503,0.8363273739814758,0.2961592376232147
YDR099W,YDL035C,1,2.6600113,0.22078947722911835,0.8373253345489502,0.2961592376232147
YMR098C,YLL021W,0,2.6597648,0.22073139250278473,0.8373253345489502,0.2962592542171478
YDR516C,YLR447C,0,2.659177,0.2206733226776123,0.8373253345489502,0.29635927081108093
YEL052W,YFR018C,0,2.6582766,0.22061529755592346,0.8373253345489502,0.29645928740501404
YFL041W,YML133C,0,2.6542685,0.220557302236557,0.8373253345489502,0.29655930399894714
YER108C,YDR043C,1,2.6538076,0.22076214849948883,0.8383233547210693,0.29655930399894714
YHL031C,YHR149C,0,2.6521478,0.22070415318012238,0.8383233547210693,0.29665932059288025
YKL191W,YPR046W,0,2.646033,0.22064617276191711,0.8383233547210693,0.29675933718681335
YNL095C,YAL003W,0,2.645179,0.22058823704719543,0.8383233547210693,0.29685938358306885
YDR072C,YER044C,0,2.6445143,0.22053031623363495,0.8383233547210693,0.29695940017700195
YJL127C,YCL055W,0,2.6441553,0.22047244012355804,0.8383233547210693,0.29705941677093506
YGR169C,YJR036C,0,2.643175,0.22041459381580353,0.8383233547210693,0.29715943336486816
YDR165W,YCR020C,0,2.6431408,0.2203567624092102,0.8383233547210693,0.29725944995880127
YOR057W,YDR023W,0,2.642129,0.22029897570610046,0.8383233547210693,0.2973594665527344
YNL023C,YFL035C,0,2.641232,0.2202412188053131,0.8383233547210693,0.2974594831466675
YHR201C,YGR244C,0,2.6366606,0.22018349170684814,0.8383233547210693,0.2975594997406006
YOL123W,YOR292C,0,2.6262243,0.22012577950954437,0.8383233547210693,0.2976595461368561
YDR218C,YPL281C,0,2.625744,0.22006811201572418,0.8383233547210693,0.2977595627307892
YMR118C,YGR081C,0,2.6254628,0.22001047432422638,0.8383233547210693,0.2978595793247223
YMR208W,YNL218W,0,2.625242,0.21995286643505096,0.8383233547210693,0.2979595959186554
YJL059W,YDR457W,0,2.6240406,0.21989528834819794,0.8383233547210693,0.2980596125125885
YML081W,YDR039C,0,2.624022,0.2198377400636673,0.8383233547210693,0.2981596291065216
YLR306W,YPL013C,0,2.6212435,0.21978022158145905,0.8383233547210693,0.2982596457004547
YKL017C,YDL017W,0,2.6192064,0.21972273290157318,0.8383233547210693,0.2983596622943878
YDL206W,YMR026C,0,2.6185179,0.2196652740240097,0.8383233547210693,0.2984596788883209
YMR311C,YHR030C,0,2.6149426,0.21960784494876862,0.8383233547210693,0.2985597252845764
YMR183C,YBR097W,0,2.61444,0.21955044567584991,0.8383233547210693,0.2986597418785095
YDR217C,YLR312C-B,0,2.6123834,0.2194930762052536,0.8383233547210693,0.2987597584724426
YFL049W,YJR123W,0,2.611659,0.21943573653697968,0.8383233547210693,0.29885977506637573
YMR122W-A,YHR132C,0,2.6094604,0.21937842667102814,0.8383233547210693,0.29895979166030884
YER025W,YPR072W,0,2.6025524,0.219321146607399,0.8383233547210693,0.29905980825424194
YIL154C,YLR373C,0,2.5983155,0.21926389634609222,0.8383233547210693,0.29915982484817505
YOL009C,YHR020W,0,2.5982063,0.21920667588710785,0.8383233547210693,0.29925984144210815
YOR039W,YMR298W,0,2.5966468,0.21914948523044586,0.8383233547210693,0.29935985803604126
YDL185W,YCR107W,0,2.5958884,0.21909232437610626,0.8383233547210693,0.29945990443229675
YDR353W,YKL045W,0,2.5952907,0.21903520822525024,0.8383233547210693,0.29955992102622986
YLR014C,YDR533C,0,2.593699,0.21897810697555542,0.8383233547210693,0.29965993762016296
YOR240W,YMR297W,0,2.5912848,0.21892103552818298,0.8383233547210693,0.29975995421409607
YDR494W,YAR018C,0,2.5910332,0.21886399388313293,0.8383233547210693,0.2998599708080292
YDR373W,YHR185C,0,2.5884323,0.21880698204040527,0.8383233547210693,0.2999599874019623
YOR389W,YNL123W,0,2.5865228,0.21875,0.8383233547210693,0.3000600039958954
YNL292W,YIL017W,0,2.5861068,0.21869304776191711,0.8383233547210693,0.3001600205898285
YDR263C,YNR030W,0,2.5854287,0.21863612532615662,0.8383233547210693,0.3002600371837616
YMR313C,YBL091C-A,0,2.5849102,0.2185792326927185,0.8383233547210693,0.3003600835800171
YMR164C,YGL190C,1,2.5843213,0.21878251433372498,0.8393213748931885,0.3003600835800171
YHL007C,YNL119W,1,2.5819583,0.2189856916666031,0.8403193354606628,0.3003600835800171
YBR295W,YBL020W,0,2.581257,0.2189287543296814,0.8403193354606628,0.3004601001739502
YPL094C,YJL056C,0,2.576938,0.2188718467950821,0.8403193354606628,0.3005601167678833
YOR393W,YOR147W,0,2.5735838,0.21881496906280518,0.8403193354606628,0.3006601333618164
YCL014W,YMR223W,0,2.5735185,0.21875812113285065,0.8403193354606628,0.3007601499557495
YAL068C,YFL025C,0,2.5718536,0.2187013030052185,0.8403193354606628,0.3008601665496826
YPL146C,YEL001C,0,2.5711503,0.21864451467990875,0.8403193354606628,0.3009601831436157
YFL010W-A,YGL200C,0,2.568045,0.2185877412557602,0.8403193354606628,0.30106019973754883
YDL159W,YLR312C-B,1,2.5679693,0.21879054605960846,0.841317355632782,0.30106019973754883
YKR002W,YOL117W,0,2.5660644,0.2187337875366211,0.841317355632782,0.3011602461338043
YBR086C,YNL063W,0,2.564285,0.21867704391479492,0.841317355632782,0.3012602627277374
YLR068W,YGL073W,0,2.561023,0.21862033009529114,0.841317355632782,0.30136027932167053
YJR006W,YDR470C,0,2.558733,0.21856364607810974,0.841317355632782,0.30146029591560364
YJR126C,YKR019C,0,2.5581424,0.21850699186325073,0.841317355632782,0.30156031250953674
YGL092W,YPR080W,0,2.554453,0.2184503823518753,0.841317355632782,0.30166032910346985
YDR071C,YDR512C,0,2.5542612,0.21839378774166107,0.841317355632782,0.30176034569740295
YEL001C,YCR004C,0,2.554186,0.21833722293376923,0.841317355632782,0.30186036229133606
YDR028C,YDR512C,0,2.5522199,0.21828068792819977,0.841317355632782,0.30196037888526917
YGL139W,YLR020C,0,2.5512261,0.2182241827249527,0.841317355632782,0.30206042528152466
YDL045C,YHR030C,0,2.5401957,0.21816770732402802,0.841317355632782,0.30216044187545776
YHL047C,YDR420W,0,2.53964,0.21811126172542572,0.841317355632782,0.30226045846939087
YNL221C,YHR139C,0,2.5394225,0.21805483102798462,0.841317355632782,0.302360475063324
YBR145W,YKL135C,0,2.5394096,0.2179984450340271,0.841317355632782,0.3024604916572571
YMR208W,YGL120C,0,2.538927,0.21794208884239197,0.841317355632782,0.3025605082511902
YDR453C,YPR189W,0,2.5380797,0.21788576245307922,0.841317355632782,0.3026605248451233
YNL291C,YDR356W,0,2.5355496,0.21782945096492767,0.841317355632782,0.3027605414390564
YGL027C,YGR260W,0,2.5331717,0.2177731841802597,0.841317355632782,0.3028605580329895
YLR109W,YBL085W,0,2.5323005,0.21771694719791412,0.841317355632782,0.302960604429245
YMR016C,YNL197C,1,2.531582,0.21791893243789673,0.8423153758049011,0.302960604429245
YBR083W,YNL068C,1,2.5304413,0.21812079846858978,0.8433133959770203,0.302960604429245
YGR184C,YGL205W,0,2.5292344,0.21806451678276062,0.8433133959770203,0.3030606210231781
YIL109C,YNL065W,0,2.5276284,0.21800824999809265,0.8433133959770203,0.3031606376171112
YDR498C,YKL143W,0,2.5264204,0.21795202791690826,0.8433133959770203,0.3032606542110443
YMR228W,YKL206C,0,2.526158,0.21789582073688507,0.8433133959770203,0.3033606708049774
YPL200W,YPL006W,0,2.524704,0.21783964335918427,0.8433133959770203,0.3034606873989105
YDR429C,YLR251W,0,2.5237906,0.21778351068496704,0.8433133959770203,0.30356070399284363
YPL186C,YOR322C,0,2.521605,0.217727392911911,0.8433133959770203,0.30366072058677673
YCL054W,YBR218C,0,2.518672,0.21767130494117737,0.8433133959770203,0.3037607669830322
YDR347W,YER171W,0,2.518023,0.2176152467727661,0.8433133959770203,0.30386078357696533
YNL190W,YIL093C,0,2.5178587,0.21755921840667725,0.8433133959770203,0.30396080017089844
YEL001C,YFR029W,0,2.5170884,0.21750321984291077,0.8433133959770203,0.30406081676483154
YMR284W,YLR284C,0,2.516889,0.21744725108146667,0.8433133959770203,0.30416083335876465
YLR120C,YDR345C,0,2.5151193,0.21739129722118378,0.8433133959770203,0.30426084995269775
YJL149W,YLR093C,0,2.5139656,0.21733538806438446,0.8433133959770203,0.30436086654663086
YBR129C,YLR050C,0,2.5104623,0.21727950870990753,0.8433133959770203,0.30446088314056396
YGR037C,YPR021C,0,2.5093737,0.2172236442565918,0.8433133959770203,0.30456089973449707
YNL068C,YBR153W,0,2.5065966,0.21716782450675964,0.8433133959770203,0.30466094613075256
YAL020C,YDR190C,0,2.506551,0.21711201965808868,0.8433133959770203,0.30476096272468567
YDL047W,YJL065C,0,2.5056696,0.2170562595129013,0.8433133959770203,0.3048609793186188
YJL033W,YER019C-A,0,2.5050416,0.21700051426887512,0.8433133959770203,0.3049609959125519
YHR209W,YOR275C,0,2.5044823,0.21694479882717133,0.8433133959770203,0.305061012506485
YDL018C,YPR008W,0,2.50252,0.21688911318778992,0.8433133959770203,0.3051610291004181
YOR359W,YCR020C,0,2.5024872,0.2168334573507309,0.8433133959770203,0.3052610456943512
YIL101C,YGL174W,0,2.497193,0.21677783131599426,0.8433133959770203,0.3053610622882843
YGR255C,YNR061C,0,2.4968336,0.21672223508358002,0.8433133959770203,0.3054610788822174
YBR035C,YKL185W,0,2.495986,0.21666666865348816,0.8433133959770203,0.3055611252784729
YOL157C,YLR185W,0,2.4927087,0.2166111320257187,0.8433133959770203,0.305661141872406
YGL063W,YFL035C,0,2.4896836,0.2165556102991104,0.8433133959770203,0.3057611584663391
YLR427W,YKL158W,0,2.4867156,0.21650013327598572,0.8433133959770203,0.3058611750602722
YJR104C,YKL054C,0,2.4848979,0.21644467115402222,0.8433133959770203,0.3059611916542053
YGL212W,YBL103C,0,2.4843264,0.2163892388343811,0.8433133959770203,0.3060612082481384
YKL048C,YHR005C-A,0,2.4836755,0.21633385121822357,0.8433133959770203,0.30616122484207153
YDR052C,YMR276W,0,2.4825344,0.21627847850322723,0.8433133959770203,0.30626124143600464
YER023W,YMR150C,0,2.4804845,0.21622313559055328,0.8433133959770203,0.30636125802993774
YJR076C,YDR150W,0,2.4803832,0.21616782248020172,0.8433133959770203,0.30646130442619324
YPL156C,YCL031C,0,2.479911,0.21611253917217255,0.8433133959770203,0.30656132102012634
YER148W,YPL173W,0,2.479695,0.21605727076530457,0.8433133959770203,0.30666133761405945
YMR127C,YPL248C,0,2.4785686,0.21600204706192017,0.8433133959770203,0.30676135420799255
YLR191W,YKL161C,0,2.4772964,0.21594683825969696,0.8433133959770203,0.30686137080192566
YMR054W,YGL174W,0,2.4754648,0.21589167416095734,0.8433133959770203,0.30696138739585876
YLL045C,YIL132C,0,2.475328,0.2158365249633789,0.8433133959770203,0.30706140398979187
YPL001W,YPL141C,0,2.4720569,0.21578140556812286,0.8433133959770203,0.307161420583725
YER155C,YDR447C,0,2.4686108,0.2157263159751892,0.8433133959770203,0.30726146697998047
YOL086C,YDL210W,0,2.4676442,0.21567125618457794,0.8433133959770203,0.3073614835739136
YPL101W,YDR134C,0,2.4672112,0.21561622619628906,0.8433133959770203,0.3074615001678467
YOR089C,YNR002C,0,2.463838,0.21556122601032257,0.8433133959770203,0.3075615167617798
YMR246W,YBR213W,0,2.462444,0.21550625562667847,0.8433133959770203,0.3076615333557129
YOR377W,YDR387C,0,2.4619312,0.21545130014419556,0.8433133959770203,0.307761549949646
YGR076C,YML082W,0,2.4604683,0.21539637446403503,0.8433133959770203,0.3078615665435791
YEL043W,YJL072C,0,2.4581137,0.2153414934873581,0.8433133959770203,0.3079615831375122
YNL010W,YNR008W,0,2.457846,0.21528662741184235,0.8433133959770203,0.3080615997314453
YKR037C,YGR084C,0,2.4566798,0.215231791138649,0.8433133959770203,0.3081616461277008
YDR297W,YLL055W,0,2.4562407,0.21517698466777802,0.8433133959770203,0.3082616627216339
YAL060W,YGL251C,0,2.4558463,0.21512219309806824,0.8433133959770203,0.308361679315567
YDL074C,YAL041W,0,2.4543915,0.21506744623184204,0.8433133959770203,0.3084616959095001
YOL138C,YMR218C,0,2.4525397,0.21501272916793823,0.8433133959770203,0.3085617125034332
YDR392W,YLR312C-B,1,2.45048,0.21521241962909698,0.8443113565444946,0.3085617125034332
YOL051W,YCR072C,0,2.449289,0.21515768766403198,0.8443113565444946,0.30866172909736633
YBR086C,YKR030W,0,2.4491682,0.21510297060012817,0.8443113565444946,0.30876174569129944
YLL061W,YJL025W,0,2.448234,0.21504829823970795,0.8443113565444946,0.30886176228523254
YDR533C,YNL001W,0,2.4475145,0.2149936407804489,0.8443113565444946,0.30896177887916565
YMR272C,YDR013W,0,2.4443321,0.21493902802467346,0.8443113565444946,0.30906182527542114
YKR089C,YFL026W,0,2.443852,0.2148844301700592,0.8443113565444946,0.30916184186935425
YDL216C,YMR186W,0,2.4436142,0.21482986211776733,0.8443113565444946,0.30926185846328735
YOR335C,YPL189C-A,0,2.4424,0.21477532386779785,0.8443113565444946,0.30936187505722046
YKL090W,YDR273W,0,2.441577,0.21472081542015076,0.8443113565444946,0.30946189165115356
YER007W,YDR176W,0,2.4403982,0.21466632187366486,0.8443113565444946,0.30956190824508667
YEL041W,YDR273W,0,2.4402654,0.21461187303066254,0.8443113565444946,0.3096619248390198
YPL143W,YCR097WB,0,2.4399552,0.2145574390888214,0.8443113565444946,0.3097619414329529
YDR226W,YEL037C,0,2.4393744,0.21450304985046387,0.8443113565444946,0.309861958026886
YGR170W,YPL235W,0,2.4386191,0.21444867551326752,0.8443113565444946,0.3099620044231415
YLR466W,YJL060W,0,2.4368396,0.21439431607723236,0.8443113565444946,0.3100620210170746
YPL254W,YLR078C,0,2.435742,0.2143400013446808,0.8443113565444946,0.3101620376110077
YOL065C,YIL033C,0,2.434691,0.2142857164144516,0.8443113565444946,0.3102620542049408
YOR269W,YLR348C,0,2.4250422,0.2142314463853836,0.8443113565444946,0.3103620707988739
YLL029W,YPL189W,0,2.4226606,0.2141772210597992,0.8443113565444946,0.310462087392807
YLL061W,YNL218W,0,2.4223166,0.21412301063537598,0.8443113565444946,0.3105621039867401
YIL035C,YKL200C,0,2.4210765,0.21406883001327515,0.8443113565444946,0.3106621205806732
YHL007C,YHR084W,1,2.4206824,0.21426764130592346,0.8453093767166138,0.3106621205806732
YGR082W,YPL100W,0,2.4181497,0.21421346068382263,0.8453093767166138,0.3107621669769287
YGR271W,YNR015W,0,2.4145713,0.214159294962883,0.8453093767166138,0.3108621835708618
YCL066W,YFR053C,0,2.4120884,0.21410515904426575,0.8453093767166138,0.3109622001647949
YLR291C,YDR350C,0,2.411232,0.2140510529279709,0.8453093767166138,0.311062216758728
YPL221W,YOL120C,0,2.4101021,0.21399696171283722,0.8453093767166138,0.31116223335266113
YOR324C,YPL049C,0,2.4096432,0.21394291520118713,0.8453093767166138,0.31126224994659424
YBL078C,YLL024C,0,2.4094622,0.21388888359069824,0.8453093767166138,0.31136226654052734
YHR069C,YLR329W,0,2.4083858,0.21383489668369293,0.8453093767166138,0.31146228313446045
YIL106W,YMR074C,0,2.4074059,0.21378092467784882,0.8453093767166138,0.31156229972839355
YJL136C,YOR047C,0,2.405633,0.2137269675731659,0.8453093767166138,0.31166234612464905
YMR172W,YER090W,0,2.4028747,0.21367305517196655,0.8453093767166138,0.31176236271858215
YPR125W,YCR053W,0,2.3950188,0.2136191725730896,0.8453093767166138,0.31186237931251526
YIL056W,YNL304W,0,2.3931034,0.21356530487537384,0.8453093767166138,0.31196239590644836
YLR337W,YER045C,0,2.3906217,0.21351146697998047,0.8453093767166138,0.31206241250038147
YOR254C,YKL150W,0,2.3850007,0.21345765888690948,0.8453093767166138,0.3121624290943146
YIL154C,YJL194W,0,2.384684,0.2134038805961609,0.8453093767166138,0.3122624456882477
YGL168W,YGR188C,0,2.3809083,0.21335013210773468,0.8453093767166138,0.3123624622821808
YKR054C,YNL085W,0,2.3788128,0.21329639852046967,0.8453093767166138,0.3124624788761139
YLR098C,YIR038C,0,2.3779886,0.21324269473552704,0.8453093767166138,0.3125625252723694
YKR075C,YGR253C,0,2.3762624,0.2131890207529068,0.8453093767166138,0.3126625418663025
YOR168W,YDR131C,0,2.3746243,0.21313537657260895,0.8453093767166138,0.3127625584602356
YHR079C-B,YDR177W,0,2.374116,0.21308176219463348,0.8453093767166138,0.3128625750541687
YNL078W,YJR053W,0,2.3735447,0.2130281627178192,0.8453093767166138,0.3129625916481018
YOL028C,YGL236C,0,2.372864,0.21297460794448853,0.8453093767166138,0.3130626082420349
YFR031C-A,YKR096W,0,2.3722148,0.21292106807231903,0.8453093767166138,0.313162624835968
YJR063W,YNR072W,0,2.369143,0.21286755800247192,0.8453093767166138,0.3132626414299011
YDR117C,YNL137C,0,2.3630004,0.2128140777349472,0.8453093767166138,0.31336265802383423
YJL141C,YHR210C,0,2.357761,0.21276061236858368,0.8453093767166138,0.3134627044200897
YKR102W,YKL002W,0,2.354544,0.21270717680454254,0.8453093767166138,0.3135627210140228
YGL095C,YGR085C,0,2.353408,0.21265378594398499,0.8453093767166138,0.31366273760795593
YMR017W,YKL097W-A,0,2.3517928,0.21260039508342743,0.8453093767166138,0.31376275420188904
YKR068C,YBR243C,0,2.351099,0.21254704892635345,0.8453093767166138,0.31386277079582214
YLR054C,YDR297W,0,2.3468592,0.21249373257160187,0.8453093767166138,0.31396278738975525
YDL134C,YNL066W,0,2.3464289,0.21244043111801147,0.8453093767166138,0.31406280398368835
YPL043W,YLR460C,0,2.3379395,0.21238715946674347,0.8453093767166138,0.31416282057762146
YDR468C,YFL001W,0,2.337871,0.21233391761779785,0.8453093767166138,0.31426286697387695
YNL051W,YHR008C,0,2.3368788,0.21228070557117462,0.8453093767166138,0.31436288356781006
YPR143W,YER053C,0,2.3358696,0.21222750842571259,0.8453093767166138,0.31446290016174316
YMR160W,YBL112C,0,2.3343024,0.21217435598373413,0.8453093767166138,0.31456291675567627
YGL026C,YDR179C,0,2.3327904,0.21212121844291687,0.8453093767166138,0.3146629333496094
YCR047C,YOR228C,0,2.3259144,0.2120680958032608,0.8453093767166138,0.3147629499435425
YBL021C,YDR065W,0,2.3241415,0.21201501786708832,0.8453093767166138,0.3148629665374756
YKL079W,YHR117W,0,2.3229074,0.21196195483207703,0.8453093767166138,0.3149629831314087
YEL027W,YGL151W,0,2.3216853,0.21190893650054932,0.8453093767166138,0.3150629997253418
YNL149C,YJL052W,0,2.320063,0.2118559330701828,0.8453093767166138,0.3151630461215973
YIL173W,YKR062W,0,2.3172038,0.21180294454097748,0.8453093767166138,0.3152630627155304
YOR075W,YJR050W,0,2.3155227,0.21175000071525574,0.8453093767166138,0.3153630793094635
YPL253C,YGL123W,0,2.3122427,0.2116970717906952,0.8453093767166138,0.3154630959033966
YDL055C,YIL069C,0,2.3117566,0.21164417266845703,0.8453093767166138,0.3155631124973297
YPR067W,YER190W,0,2.3115342,0.21159130334854126,0.8453093767166138,0.3156631290912628
YEL021W,YOL103W,0,2.3111324,0.21153846383094788,0.8453093767166138,0.3157631456851959
YMR276W,YNR072W,0,2.309797,0.21148563921451569,0.8453093767166138,0.31586316227912903
YJL225C,YDR139C,0,2.3076944,0.21143284440040588,0.8453093767166138,0.31596317887306213
YCR080W,YGL170C,0,2.3018992,0.21138007938861847,0.8453093767166138,0.3160632252693176
YKR075C,YOR103C,0,2.2967649,0.21132734417915344,0.8453093767166138,0.31616324186325073
YLR039C,YOL043C,0,2.2960227,0.2112746387720108,0.8453093767166138,0.31626325845718384
YDR204W,YPL064C,0,2.2952924,0.21122194826602936,0.8453093767166138,0.31636327505111694
YDR014W,YCL003W,0,2.2940464,0.2111692875623703,0.8453093767166138,0.31646329164505005
YNL302C,YOL104C,0,2.293209,0.21111665666103363,0.8453093767166138,0.31656330823898315
YCL052C,YMR306W,0,2.2896996,0.21106404066085815,0.8453093767166138,0.31666332483291626
YHR148W,YGL094C,0,2.2883196,0.21101145446300507,0.8453093767166138,0.31676334142684937
YHR041C,YDR420W,0,2.2877162,0.21095889806747437,0.8453093767166138,0.31686335802078247
YOR337W,YPR035W,0,2.286007,0.21090637147426605,0.8453093767166138,0.31696340441703796
YMR230W,YEL001C,0,2.2857933,0.21085387468338013,0.8453093767166138,0.31706342101097107
YEL044W,YGL205W,0,2.2840528,0.2108013927936554,0.8453093767166138,0.3171634376049042
YDR315C,YLR435W,0,2.2756822,0.21074894070625305,0.8453093767166138,0.3172634541988373
YER142C,YBR261C,0,2.2756386,0.2106965184211731,0.8453093767166138,0.3173634707927704
YDL036C,YGR218W,0,2.2755637,0.21064411103725433,0.8453093767166138,0.3174634873867035
YDL019C,YLR391W-A,0,2.2746663,0.21059174835681915,0.8453093767166138,0.3175635039806366
YDR301W,YBL025W,0,2.2743282,0.21053940057754517,0.8453093767166138,0.3176635205745697
YIR036C,YCR016W,0,2.2741332,0.21048708260059357,0.8453093767166138,0.3177635669708252
YDL112W,YDR023W,0,2.2731624,0.21043477952480316,0.8453093767166138,0.3178635835647583
YOR249C,YFR030W,0,2.2727904,0.21038250625133514,0.8453093767166138,0.3179636001586914
YOR327C,YKL183W,0,2.2717624,0.2103302776813507,0.8453093767166138,0.3180636167526245
YDR065W,YER175C,0,2.2709491,0.21027804911136627,0.8453093767166138,0.3181636333465576
YNL221C,YKR007W,0,2.2644565,0.21022586524486542,0.8453093767166138,0.3182636499404907
YGR189C,YCL029C,0,2.2559133,0.21017369627952576,0.8453093767166138,0.31836366653442383
YEL022W,YJL186W,0,2.2553654,0.21012155711650848,0.8453093767166138,0.31846368312835693
YGR292W,YPR072W,0,2.252676,0.2100694477558136,0.8453093767166138,0.31856369972229004
YBR177C,YDR470C,0,2.2506433,0.2100173532962799,0.8453093767166138,0.31866374611854553
YDL154W,YML128C,0,2.2485013,0.2099652886390686,0.8453093767166138,0.31876376271247864
YDL175C,YMR131C,0,2.2481425,0.2099132537841797,0.8453093767166138,0.31886377930641174
YIR025W,YLL055W,0,2.2479148,0.20986124873161316,0.8453093767166138,0.31896379590034485
YEL038W,YJR126C,0,2.2476964,0.20980925858020782,0.8453093767166138,0.31906381249427795
YGR097W,YER044C,0,2.2476168,0.20975729823112488,0.8453093767166138,0.31916382908821106
YLR329W,YOR311C,0,2.2448862,0.20970536768436432,0.8453093767166138,0.31926384568214417
YOL107W,YBL093C,0,2.2447662,0.20965346693992615,0.8453093767166138,0.31936386227607727
YPL146C,YLL003W,0,2.2413733,0.20960158109664917,0.8453093767166138,0.3194638788700104
YGL168W,YKR095W-A,0,2.240756,0.20954972505569458,0.8453093767166138,0.31956392526626587
YML070W,YER120W,0,2.23977,0.20949789881706238,0.8453093767166138,0.319663941860199
YPL157W,YGR044C,0,2.2380104,0.20944608747959137,0.8453093767166138,0.3197639584541321
YMR270C,YCL063W,0,2.2372055,0.20939432084560394,0.8453093767166138,0.3198639750480652
YJR052W,YGR071C,0,2.2356594,0.20934255421161652,0.8453093767166138,0.3199639916419983
YGR178C,YOR057W,0,2.23514,0.20929083228111267,0.8453093767166138,0.3200640082359314
YLR404W,YER130C,0,2.234688,0.20923912525177002,0.8453093767166138,0.3201640248298645
YOR304W,YPL259C,0,2.2340457,0.20918744802474976,0.8453093767166138,0.3202640414237976
YER123W,YBL088C,0,2.2327673,0.20913580060005188,0.8453093767166138,0.3203640580177307
YBR009C,YDR077W,0,2.2317748,0.2090841829776764,0.8453093767166138,0.3204641044139862
YCL047C,YDR545W,0,2.2266636,0.2090325802564621,0.8453093767166138,0.3205641210079193
YNL183C,YML124C,0,2.2237782,0.2089810073375702,0.8453093767166138,0.3206641376018524
YAR002C-A,YBL060W,0,2.2220862,0.20892944931983948,0.8453093767166138,0.3207641541957855
YNL103W,YDL128W,0,2.2218218,0.20887792110443115,0.8453093767166138,0.32086417078971863
YDR395W,YDL072C,0,2.2215059,0.20882642269134521,0.8453093767166138,0.32096418738365173
YLR315W,YNL261W,0,2.2205777,0.20877495408058167,0.8453093767166138,0.32106420397758484
YOR290C,YIL124W,0,2.2203379,0.2087235152721405,0.8453093767166138,0.32116422057151794
YDR256C,YMR049C,0,2.2202067,0.20867209136486053,0.8453093767166138,0.32126426696777344
YOR308C,YDR002W,0,2.2156606,0.20862068235874176,0.8453093767166138,0.32136428356170654
YPL028W,YKL175W,0,2.211099,0.20856931805610657,0.8453093767166138,0.32146430015563965
YGL106W,YKL096W-A,0,2.2106586,0.20851796865463257,0.8453093767166138,0.32156431674957275
YOR258W,YLR154C,0,2.2092907,0.20846664905548096,0.8453093767166138,0.32166433334350586
YNL077W,YDL097C,0,2.201241,0.20841535925865173,0.8453093767166138,0.32176434993743896
YPL140C,YBR189W,0,2.2012248,0.2083640843629837,0.8453093767166138,0.32186436653137207
YER088C,YML021C,0,2.199901,0.20831283926963806,0.8453093767166138,0.3219643831253052
YGR113W,YBR189W,0,2.1989017,0.2082616239786148,0.8453093767166138,0.3220643997192383
YDR013W,YLR040C,0,2.1946898,0.20821042358875275,0.8453093767166138,0.3221644461154938
YFL035C,YMR049C,0,2.192896,0.20815925300121307,0.8453093767166138,0.3222644627094269
YNL138W-A,YHR119W,0,2.1927443,0.2081081122159958,0.8453093767166138,0.32236447930336
YHR020W,YMR045C,0,2.1921897,0.2080569863319397,0.8453093767166138,0.3224644958972931
YGL089C,YLR007W,0,2.1878476,0.208005890250206,0.8453093767166138,0.3225645124912262
YDR144C,YNL094W,0,2.1876726,0.20795482397079468,0.8453093767166138,0.3226645290851593
YOR065W,YER111C,0,2.186852,0.20790378749370575,0.8453093767166138,0.3227645456790924
YLR304C,YDR367W,0,2.184272,0.20785276591777802,0.8453093767166138,0.3228645622730255
YLR120C,YKR078W,0,2.1842,0.20780175924301147,0.8453093767166138,0.3229645788669586
YJR112W,YPR054W,0,2.1798348,0.20775079727172852,0.8453093767166138,0.3230646252632141
YIL051C,YDR101C,0,2.1776056,0.20769985020160675,0.8453093767166138,0.3231646418571472
YER164W,YBL103C,0,2.1771,0.20764893293380737,0.8453093767166138,0.3232646584510803
YDR520C,YGR034W,0,2.175773,0.20759804546833038,0.8453093767166138,0.3233646750450134
YGR143W,YDR422C,0,2.1756732,0.2075471729040146,0.8453093767166138,0.32346469163894653
YHR167W,YLR438C-A,0,2.1753778,0.20749633014202118,0.8453093767166138,0.32356470823287964
YPR133W-A,YPL189C-A,0,2.1750197,0.20744550228118896,0.8453093767166138,0.32366472482681274
YMR296C,YKR052C,0,2.169612,0.20739470422267914,0.8453093767166138,0.32376474142074585
YOL098C,YPR196W,0,2.1681437,0.2073439359664917,0.8453093767166138,0.32386478781700134
YHR161C,YJR015W,0,2.1676407,0.20729319751262665,0.8453093767166138,0.32396480441093445
YOR301W,YGL026C,0,2.1676223,0.2072424739599228,0.8453093767166138,0.32406482100486755
YIL173W,YOL011W,0,2.1671534,0.20719178020954132,0.8453093767166138,0.32416483759880066
YLR009W,YHR197W,0,2.164594,0.20714111626148224,0.8453093767166138,0.32426485419273376
YLR054C,YHR118C,0,2.1645024,0.20709046721458435,0.8453093767166138,0.32436487078666687
YOL129W,YOR260W,0,2.1607022,0.20703984797000885,0.8453093767166138,0.3244648873806
YAR035W,YLR023C,0,2.1587982,0.20698924362659454,0.8453093767166138,0.3245649039745331
YDR432W,YKL043W,1,2.158604,0.20718298852443695,0.8463073968887329,0.3245649039745331
YOR348C,YER091C,0,2.1562498,0.20713238418102264,0.8463073968887329,0.3246649205684662
YNL281W,YFL011W-A,0,2.1539721,0.20708180963993073,0.8463073968887329,0.3247649669647217
YNL289W,YJL167W,0,2.1526594,0.20703125,0.8463073968887329,0.3248649835586548
YAL002W,YDR476C,0,2.1516056,0.20698072016239166,0.8463073968887329,0.3249650001525879
YOL103W,YHR023W,0,2.151553,0.20693020522594452,0.8463073968887329,0.325065016746521
YPR067W,YGR271W,0,2.1510222,0.20687972009181976,0.8463073968887329,0.3251650333404541
YDL084W,YAR042W,0,2.1492305,0.2068292647600174,0.8463073968887329,0.3252650499343872
YMR164C,YHR111W,1,2.148685,0.20702268183231354,0.847305417060852,0.3252650499343872
YML012W,YBR233W-A,0,2.146955,0.20697221159934998,0.847305417060852,0.3253650665283203
YPL068C,YHR139C,0,2.1465836,0.2069217711687088,0.847305417060852,0.3254650831222534
YDR457W,YPL022W,0,2.14425,0.20687134563922882,0.847305417060852,0.3255650997161865
YOR069W,YDL130W-A,0,2.1441228,0.20682094991207123,0.847305417060852,0.325665146112442
YLL041C,YLR234W,0,2.1428363,0.20677058398723602,0.847305417060852,0.3257651627063751
YPL171C,YDR205W,0,2.1425056,0.206720232963562,0.847305417060852,0.3258651793003082
YKL033W,YLR390W-A,0,2.140247,0.2066699117422104,0.847305417060852,0.32596519589424133
YDR341C,YOR142W,0,2.1401093,0.20661962032318115,0.847305417060852,0.32606521248817444
YFR033C,YGR239C,0,2.1398065,0.2065693438053131,0.847305417060852,0.32616522908210754
YOL071W,YDL117W,0,2.136464,0.20651909708976746,0.847305417060852,0.32626524567604065
YFR037C,YGL014W,0,2.1352406,0.206468865275383,0.847305417060852,0.32636526226997375
YGR086C,YPR096C,0,2.1323733,0.20641867816448212,0.847305417060852,0.32646527886390686
YER063W,YPL116W,0,2.1323078,0.20636849105358124,0.847305417060852,0.32656532526016235
YML076C,YDR536W,0,2.129282,0.20631834864616394,0.847305417060852,0.32666534185409546
YDR139C,YJL214W,0,2.1271174,0.20626822113990784,0.847305417060852,0.32676535844802856
YBR146W,YML013W,0,2.1260204,0.20621812343597412,0.847305417060852,0.32686537504196167
YJL094C,YBL088C,0,2.125999,0.2061680406332016,0.847305417060852,0.3269653916358948
YOL144W,YHR207C,0,2.1254005,0.20611798763275146,0.847305417060852,0.3270654082298279
YMR153W,YPR046W,0,2.1202765,0.20606796443462372,0.847305417060852,0.327165424823761
YDR059C,YOR323C,0,2.1172948,0.20601795613765717,0.847305417060852,0.3272654414176941
YOR061W,YBR081C,0,2.116227,0.205967977643013,0.847305417060852,0.3273654878139496
YJL179W,YDL211C,0,2.1156137,0.20591801404953003,0.847305417060852,0.3274655044078827
YPL151C,YBR069C,0,2.1151738,0.20586809515953064,0.847305417060852,0.3275655210018158
YIL123W,YKR061W,0,2.1125724,0.20581817626953125,0.847305417060852,0.3276655375957489
YGR032W,YOR334W,0,2.1096728,0.20576830208301544,0.847305417060852,0.327765554189682
YJL106W,YHL032C,0,2.1096444,0.20571844279766083,0.847305417060852,0.3278655707836151
YDR228C,YLR299W,0,2.1074615,0.2056685984134674,0.847305417060852,0.3279655873775482
YDL045W-A,YDR434W,0,2.1056342,0.20561879873275757,0.847305417060852,0.3280656039714813
YDL245C,YGR024C,0,2.1010494,0.20556901395320892,0.847305417060852,0.32816562056541443
YKL099C,YER060W-A,0,2.099259,0.20551924407482147,0.847305417060852,0.3282656669616699
YJL173C,YPL074W,0,2.0989523,0.2054695039987564,0.847305417060852,0.328365683555603
YHR027C,YPR131C,0,2.0984027,0.20541979372501373,0.847305417060852,0.32846570014953613
YOR138C,YCR063W,0,2.097981,0.20537009835243225,0.847305417060852,0.32856571674346924
YNL137C,YPL059W,0,2.096899,0.20532043278217316,0.847305417060852,0.32866573333740234
YNL128W,YNL206C,0,2.0953274,0.20527079701423645,0.847305417060852,0.32876574993133545
YGR077C,YNL065W,0,2.0947738,0.20522117614746094,0.847305417060852,0.32886576652526855
YMR164C,YNL119W,1,2.087217,0.20541323721408844,0.8483033776283264,0.32886576652526855
YFL035C-B,YDR168W,0,2.0860064,0.20536361634731293,0.8483033776283264,0.32896578311920166
YNL117W,YDR140W,0,2.082959,0.2053140103816986,0.8483033776283264,0.32906579971313477
YDR406W,YOR182C,0,2.081109,0.20526443421840668,0.8483033776283264,0.32916584610939026
YAL002W,YBL074C,0,2.0768275,0.20521487295627594,0.8483033776283264,0.32926586270332336
YPL011C,YFL035C,0,2.0759954,0.2051653414964676,0.8483033776283264,0.32936587929725647
YDR534C,YGR017W,0,2.072268,0.20511582493782043,0.8483033776283264,0.3294658958911896
YLR183C,YCR036W,0,2.0705216,0.20506633818149567,0.8483033776283264,0.3295659124851227
YBR162C,YDR407C,0,2.0697458,0.2050168812274933,0.8483033776283264,0.3296659290790558
YDR251W,YLR312C-B,1,2.0695627,0.20520858466625214,0.8493013978004456,0.3296659290790558
YOL157C,YMR008C,0,2.0685449,0.20515911281108856,0.8493013978004456,0.3297659456729889
YDR046C,YOR373W,0,2.0681105,0.20510967075824738,0.8493013978004456,0.329865962266922
YBR090C-A,YER013W,0,2.0673153,0.20506024360656738,0.8493013978004456,0.3299659788608551
YAR002C-A,YIL118W,0,2.0669537,0.20501084625720978,0.8493013978004456,0.3300660252571106
YJR140C,YBL088C,0,2.0651171,0.20496146380901337,0.8493013978004456,0.3301660418510437
YGR143W,YBR121C,0,2.0642128,0.20491211116313934,0.8493013978004456,0.3302660584449768
YGR255C,YPR096C,0,2.0637267,0.2048627883195877,0.8493013978004456,0.3303660750389099
YBR175W,YGL238W,0,2.0635877,0.20481348037719727,0.8493013978004456,0.330466091632843
YHR214C-B,YHR076W,0,2.0607648,0.2047642022371292,0.8493013978004456,0.3305661082267761
YBR097W,YDR093W,0,2.055598,0.20471493899822235,0.8493013978004456,0.33066612482070923
YDR300C,YHR035W,0,2.0551167,0.20466570556163788,0.8493013978004456,0.33076614141464233
YOR172W,YFR037C,0,2.0549579,0.2046164870262146,0.8493013978004456,0.3308661878108978
YFR032C-A,YBL024W,0,2.0549552,0.2045673131942749,0.8493013978004456,0.33096620440483093
YJR078W,YNL176C,0,2.051986,0.2045181393623352,0.8493013978004456,0.33106622099876404
YOR046C,YBR198C,0,2.0511672,0.2044690102338791,0.8493013978004456,0.33116623759269714
YAR044W,YGL226W,0,2.0502124,0.20441989600658417,0.8493013978004456,0.33126625418663025
YPR007C,YNR038W,0,2.0486426,0.20437079668045044,0.8493013978004456,0.33136627078056335
YJL164C,YML095C,0,2.0485802,0.2043217271566391,0.8493013978004456,0.33146628737449646
YNR011C,YBL088C,0,2.0483007,0.20427268743515015,0.8493013978004456,0.33156630396842957
YHR039C-B,YNL081C,0,2.0477488,0.2042236626148224,0.8493013978004456,0.33166632056236267
YBR150C,YNL163C,0,2.044162,0.20417466759681702,0.8493013978004456,0.33176636695861816
YLR263W,YKL096W-A,0,2.0433455,0.20412568747997284,0.8493013978004456,0.33186638355255127
YOR261C,YOR045W,0,2.0424104,0.20407673716545105,0.8493013978004456,0.3319664001464844
YHR069C,YBL031W,0,2.0411706,0.20402781665325165,0.8493013978004456,0.3320664167404175
YJR060W,YIR032C,0,2.0397205,0.20397891104221344,0.8493013978004456,0.3321664333343506
YMR038C,YDR076W,0,2.038136,0.20393002033233643,0.8493013978004456,0.3322664499282837
YDR019C,YNL208W,0,2.0377753,0.203881174325943,0.8493013978004456,0.3323664665222168
YML086C,YGR075C,0,2.0373712,0.20383232831954956,0.8493013978004456,0.3324664831161499
YDL100C,YFL001W,0,2.0349765,0.2037835270166397,0.8493013978004456,0.332566499710083
YBR052C,YKL040C,0,2.0343966,0.20373474061489105,0.8493013978004456,0.3326665461063385
YMR297W,YDL017W,0,2.0342448,0.2036859691143036,0.8493013978004456,0.3327665627002716
YBR010W,YOR167C,0,2.030996,0.2036372274160385,0.8493013978004456,0.3328665792942047
YDR494W,YBR092C,0,2.029984,0.20358851552009583,0.8493013978004456,0.3329665958881378
YIL090W,YDR498C,0,2.0263824,0.20353981852531433,0.8493013978004456,0.3330666124820709
YIL139C,YER129W,0,2.0258272,0.20349115133285522,0.8493013978004456,0.33316662907600403
YML080W,YIL142W,0,2.025662,0.2034424990415573,0.8493013978004456,0.33326664566993713
YNL243W,YJR131W,0,2.0242596,0.2033938765525818,0.8493013978004456,0.33336666226387024
YGR029W,YNR072W,0,2.0211177,0.20334528386592865,0.8493013978004456,0.33346667885780334
YCR045C,YMR013C,0,2.0204427,0.2032967060804367,0.8493013978004456,0.33356672525405884
YKL201C,YER013W,0,2.0191624,0.20324814319610596,0.8493013978004456,0.33366674184799194
YDR435C,YDR169C,0,2.0189388,0.2031996250152588,0.8493013978004456,0.33376675844192505
YLL012W,YBL047C,0,2.0187817,0.20315110683441162,0.8493013978004456,0.33386677503585815
YPL214C,YBR291C,0,2.0177329,0.20310261845588684,0.8493013978004456,0.33396679162979126
YOL122C,YBR045C,0,2.0157197,0.20305415987968445,0.8493013978004456,0.33406680822372437
YML047C,YOR148C,0,2.0143971,0.20300573110580444,0.8493013978004456,0.33416682481765747
YER081W,YLR382C,0,2.0123117,0.20295731723308563,0.8493013978004456,0.3342668414115906
YGR295C,YGL076C,0,2.0100126,0.20290891826152802,0.8493013978004456,0.33436688780784607
YNL185C,YLR419W,0,2.005067,0.20286054909229279,0.8493013978004456,0.3344669044017792
YDR034C,YML128C,0,2.005066,0.20281219482421875,0.8493013978004456,0.3345669209957123
YHL031C,YJR016C,0,1.99938,0.2027638852596283,0.8493013978004456,0.3346669375896454
YDR424C,YJR025C,0,1.9981935,0.20271557569503784,0.8493013978004456,0.3347669541835785
YLR019W,YDL119C,0,1.9969296,0.20266729593276978,0.8493013978004456,0.3348669707775116
YIL112W,YGL220W,0,1.9945271,0.2026190459728241,0.8493013978004456,0.3349669873714447
YMR268W-A,YDR322W,0,1.9939512,0.2025708109140396,0.8493013978004456,0.3350670039653778
YLR004C,YOR175C,0,1.9913949,0.20252260565757751,0.8493013978004456,0.3351670205593109
YNL189W,YFL018W-A,0,1.9905589,0.2024744302034378,0.8493013978004456,0.3352670669555664
YGL127C,YGR075C,0,1.9896591,0.2024262547492981,0.8493013978004456,0.3353670835494995
YKR069W,YER117W,0,1.9845283,0.20237812399864197,0.8493013978004456,0.3354671001434326
YOL023W,YMR171C,0,1.9839525,0.20233000814914703,0.8493013978004456,0.3355671167373657
YLR466W,YHL008C,0,1.9826415,0.2022819072008133,0.8493013978004456,0.33566713333129883
YPR118W,YKL056C,0,1.9817439,0.20223383605480194,0.8493013978004456,0.33576714992523193
YGL060W,YGL014W,0,1.9810764,0.20218579471111298,0.8493013978004456,0.33586716651916504
YDR088C,YNR061C,0,1.9804881,0.2021377682685852,0.8493013978004456,0.33596718311309814
YNR004W,YMR177W,0,1.9787152,0.20208977162837982,0.8493013978004456,0.33606719970703125
YHL044W,YML034W,0,1.9768844,0.20204178988933563,0.8493013978004456,0.33616724610328674
YNL217W,YIL153W,0,1.9755943,0.20199382305145264,0.8493013978004456,0.33626726269721985
YPL021W,YIL049W,1,1.9747324,0.20218320190906525,0.8502994179725647,0.33626726269721985
YLR318W,YGL189C,0,1.9705849,0.20213523507118225,0.8502994179725647,0.33636727929115295
YDR088C,YIL171W,0,1.968817,0.20208728313446045,0.8502994179725647,0.33646729588508606
YNR004W,YGR112W,0,1.9684618,0.20203936100006104,0.8502994179725647,0.33656731247901917
YOR207C,YER161C,0,1.9680035,0.201991468667984,0.8502994179725647,0.33666732907295227
YPL188W,YLR417W,0,1.9656497,0.20194359123706818,0.8502994179725647,0.3367673456668854
YDL006W,YDL003W,0,1.9653561,0.20189572870731354,0.8502994179725647,0.3368673622608185
YML113W,YMR232W,0,1.9640619,0.2018478959798813,0.8502994179725647,0.3369673788547516
YJL101C,YLR130C,0,1.9628587,0.20180009305477142,0.8502994179725647,0.3370674252510071
YOR298W,YDR268W,0,1.9602818,0.20175230503082275,0.8502994179725647,0.3371674418449402
YOR157C,YJL110C,0,1.9584488,0.20170454680919647,0.8502994179725647,0.3372674584388733
YJL003W,YBR248C,0,1.9553087,0.20165680348873138,0.8502994179725647,0.3373674750328064
YDR364C,YMR045C,0,1.9533675,0.20160908997058868,0.8502994179725647,0.3374674916267395
YOL053C-A,YGL070C,0,1.9518898,0.20156139135360718,0.8502994179725647,0.3375675082206726
YOR380W,YER185W,0,1.9505119,0.20151372253894806,0.8502994179725647,0.3376675248146057
YER091C,YGR123C,0,1.9489114,0.20146606862545013,0.8502994179725647,0.3377675414085388
YOL156W,YCR053W,0,1.946671,0.2014184445142746,0.8502994179725647,0.3378675878047943
YFR006W,YLR333C,0,1.946554,0.20137083530426025,0.8502994179725647,0.3379676043987274
YIL049W,YBR066C,1,1.9460387,0.20155954360961914,0.8512973785400391,0.3379676043987274
YNR016C,YOR232W,0,1.9452399,0.2015119343996048,0.8512973785400391,0.3380676209926605
YOR048C,YFR030W,0,1.9395826,0.20146434009075165,0.8512973785400391,0.33816763758659363
YNL063W,YKR056W,0,1.9394464,0.2014167606830597,0.8512973785400391,0.33826765418052673
YBR162W-A,YBR282W,0,1.9381727,0.20136921107769012,0.8512973785400391,0.33836767077445984
YBL089W,YNL207W,0,1.9366419,0.20132169127464294,0.8512973785400391,0.33846768736839294
YGR035C,YPR030W,0,1.932328,0.20127418637275696,0.8512973785400391,0.33856770396232605
YLR287C-A,YNL271C,0,1.9314094,0.20122671127319336,0.8512973785400391,0.33866772055625916
YDL038C,YPR030W,0,1.9292195,0.20117925107479095,0.8512973785400391,0.33876776695251465
YGL090W,YKR088C,0,1.927228,0.20113180577754974,0.8512973785400391,0.33886778354644775
YMR118C,YBL038W,0,1.9267012,0.20108439028263092,0.8512973785400391,0.33896780014038086
YPR060C,YOR011W,0,1.924952,0.20103700459003448,0.8512973785400391,0.33906781673431396
YKR006C,YER159C,0,1.9193627,0.20098963379859924,0.8512973785400391,0.33916783332824707
YHR153C,YMR273C,0,1.9174343,0.2009422779083252,0.8512973785400391,0.3392678499221802
YJL124C,YJR123W,0,1.9169931,0.20089496672153473,0.8512973785400391,0.3393678665161133
YOL142W,YGR005C,0,1.9157667,0.20084765553474426,0.8512973785400391,0.3394678831100464
YML086C,YOL053C-A,0,1.9139991,0.20080037415027618,0.8512973785400391,0.3395678997039795
YKR072C,YLR270W,0,1.9102609,0.2007531225681305,0.8512973785400391,0.339667946100235
YPL258C,YKL005C,0,1.9070803,0.200705885887146,0.8512973785400391,0.3397679626941681
YLR229C,YER113C,1,1.9064683,0.20089390873908997,0.8522953987121582,0.3397679626941681
YHR148W,YDL133C-A,0,1.9062625,0.20084665715694427,0.8522953987121582,0.3398679792881012
YPL174C,YHR056C,0,1.904696,0.20079943537712097,0.8522953987121582,0.3399679958820343
YHR171W,YGL004C,0,1.9007945,0.20075222849845886,0.8522953987121582,0.3400680124759674
YLR429W,YER148W,0,1.9007094,0.20070505142211914,0.8522953987121582,0.3401680290699005
YNL322C,YFR001W,0,1.9000509,0.2006578892469406,0.8522953987121582,0.3402680456638336
YLR131C,YCR086W,0,1.8998975,0.20061075687408447,0.8522953987121582,0.3403680622577667
YJR098C,YFL025C,0,1.8949952,0.20056363940238953,0.8522953987121582,0.34046807885169983
YLL040C,YLR306W,0,1.8938314,0.20051655173301697,0.8522953987121582,0.3405681252479553
YCL034W,YMR276W,0,1.8904641,0.2004694789648056,0.8522953987121582,0.3406681418418884
YKL081W,YLR337W,0,1.8878491,0.20042243599891663,0.8522953987121582,0.34076815843582153
YCR054C,YMR114C,0,1.8856208,0.20037540793418884,0.8522953987121582,0.34086817502975464
YLL022C,YKL182W,0,1.884898,0.20032840967178345,0.8522953987121582,0.34096819162368774
YDR014W,YNL335W,0,1.8845522,0.20028142631053925,0.8522953987121582,0.34106820821762085
YDR477W,YOR315W,1,1.8841401,0.20046892762184143,0.8532934188842773,0.34106820821762085
YLR088W,YOR045W,0,1.8840578,0.20042194426059723,0.8532934188842773,0.34116822481155396
YOL009C,YLR333C,0,1.8784354,0.20037497580051422,0.8532934188842773,0.34126824140548706
YBL005W,YDR130C,0,1.878283,0.2003280222415924,0.8532934188842773,0.34136828780174255
YML132W,YJR048W,0,1.8772926,0.20028109848499298,0.8532934188842773,0.34146830439567566
YEL064C,YNL080C,0,1.8772098,0.20023418962955475,0.8532934188842773,0.34156832098960876
YDR200C,YLR460C,0,1.8739998,0.2001873105764389,0.8532934188842773,0.34166833758354187
YGR282C,YNL194C,0,1.8731241,0.20014044642448425,0.8532934188842773,0.341768354177475
YLR343W,YOR189W,0,1.8730203,0.200093612074852,0.8532934188842773,0.3418683707714081
YLL057C,YKR096W,0,1.8715854,0.20004679262638092,0.8532934188842773,0.3419683873653412
YKR085C,YFL047W,0,1.8715287,0.20000000298023224,0.8532934188842773,0.3420684039592743
YLR427W,YNL095C,0,1.8711113,0.19995322823524475,0.8532934188842773,0.3421684205532074
YIL083C,YML043C,0,1.8710241,0.19990648329257965,0.8532934188842773,0.3422684669494629
YBR035C,YIL101C,0,1.8702762,0.19985975325107574,0.8532934188842773,0.342368483543396
YIL123W,YPL173W,0,1.8639793,0.19981303811073303,0.8532934188842773,0.3424685001373291
YKL141W,YBR119W,0,1.8628954,0.1997663527727127,0.8532934188842773,0.3425685167312622
YNL243W,YOR359W,0,1.8606831,0.19971969723701477,0.8532934188842773,0.3426685333251953
YGL192W,YLR075W,0,1.8604414,0.19967305660247803,0.8532934188842773,0.3427685499191284
YIL123W,YNR045W,0,1.8589149,0.19962643086910248,0.8532934188842773,0.3428685665130615
YNL117W,YCL074W,0,1.8568385,0.19957983493804932,0.8532934188842773,0.34296858310699463
YNL102W,YML124C,0,1.8561666,0.19953325390815735,0.8532934188842773,0.34306859970092773
YBR002C,YJL206C,0,1.8544369,0.19948670268058777,0.8532934188842773,0.3431686460971832
YBR060C,YLR079W,0,1.8538392,0.19944016635417938,0.8532934188842773,0.34326866269111633
YMR071C,YLR005W,0,1.8534168,0.19939365983009338,0.8532934188842773,0.34336867928504944
YPL195W,YPL214C,0,1.8515687,0.19934716820716858,0.8532934188842773,0.34346869587898254
YGR170W,YBR075W,0,1.8490131,0.19930070638656616,0.8532934188842773,0.34356871247291565
YJR045C,YIL020C,0,1.848448,0.19925425946712494,0.8532934188842773,0.34366872906684875
YDR477W,YLR312C-B,1,1.8482177,0.1994408220052719,0.8542914390563965,0.34366872906684875
YHR014W,YKL006W,0,1.8449664,0.1993943601846695,0.8542914390563965,0.34376874566078186
YOR143C,YLL033W,0,1.8370283,0.19934792816638947,0.8542914390563965,0.34386876225471497
YDL120W,YLR154W-A,0,1.8361089,0.19930151104927063,0.8542914390563965,0.34396880865097046
YCR010C,YBR024W,0,1.833461,0.19925512373447418,0.8542914390563965,0.34406882524490356
YNR044W,YKL103C,0,1.8318106,0.19920875132083893,0.8542914390563965,0.34416884183883667
YDR253C,YHR207C,0,1.8317442,0.19916239380836487,0.8542914390563965,0.3442688584327698
YCL059C,YBR231C,0,1.8275995,0.1991160660982132,0.8542914390563965,0.3443688750267029
YBR146W,YLR435W,0,1.8270192,0.1990697681903839,0.8542914390563965,0.344468891620636
YOR357C,YCL066W,0,1.8265109,0.19902348518371582,0.8542914390563965,0.3445689082145691
YFR007W,YLL026W,0,1.8264854,0.19897721707820892,0.8542914390563965,0.3446689248085022
YOL053C-A,YDL087C,0,1.8219097,0.19893097877502441,0.8542914390563965,0.3447689414024353
YNL233W,YJR158W,0,1.8212167,0.1988847553730011,0.8542914390563965,0.3448689877986908
YFR025C,YGL139W,0,1.821143,0.19883856177330017,0.8542914390563965,0.3449690043926239
YBR213W,YCR004C,0,1.8209398,0.19879238307476044,0.8542914390563965,0.345069020986557
YIL036W,YJR034W,0,1.8199934,0.1987462341785431,0.8542914390563965,0.3451690375804901
YJL156C,YHL035C,0,1.8198843,0.19870010018348694,0.8542914390563965,0.3452690541744232
YML051W,YDR498C,0,1.8189462,0.19865398108959198,0.8542914390563965,0.3453690707683563
YPL195W,YOR046C,0,1.817846,0.1986078917980194,0.8542914390563965,0.34546908736228943
YKR035W-A,YLR353W,0,1.8176037,0.19856181740760803,0.8542914390563965,0.34556910395622253
YBR212W,YBR295W,0,1.8170695,0.19851577281951904,0.8542914390563965,0.34566912055015564
YKL138C-A,YNL135C,0,1.8128426,0.19846974313259125,0.8542914390563965,0.34576916694641113
YOL108C,YJL166W,0,1.8125931,0.19842374324798584,0.8542914390563965,0.34586918354034424
YDR368W,YDL114W,0,1.8114605,0.19837775826454163,0.8542914390563965,0.34596920013427734
YBR042C,YMR313C,0,1.8103034,0.1983317881822586,0.8542914390563965,0.34606921672821045
YGL120C,YLL006W,0,1.8102937,0.19828584790229797,0.8542914390563965,0.34616923332214355
YOR212W,YLL003W,0,1.8075075,0.19823992252349854,0.8542914390563965,0.34626924991607666
YDL082W,YMR109W,0,1.7994735,0.19819402694702148,0.8542914390563965,0.34636926651000977
YIR039C,YLR154W-A,0,1.7944623,0.19814814627170563,0.8542914390563965,0.34646928310394287
YDL015C,YIL144W,0,1.792861,0.19810229539871216,0.8542914390563965,0.346569299697876
YIL088C,YAL051W,0,1.7878993,0.19805645942687988,0.8542914390563965,0.34666934609413147
YPR119W,YJL001W,0,1.7873268,0.1980106383562088,0.8542914390563965,0.3467693626880646
YDR023W,YJR138W,0,1.7869233,0.1979648470878601,0.8542914390563965,0.3468693792819977
YDR091C,YNR031C,0,1.7854741,0.1979190707206726,0.8542914390563965,0.3469693958759308
YJR051W,YKL154W,0,1.7847552,0.1978733241558075,0.8542914390563965,0.3470694124698639
YNL318C,YJR096W,0,1.7835801,0.19782759249210358,0.8542914390563965,0.347169429063797
YHR122W,YFR015C,0,1.7773454,0.19778189063072205,0.8542914390563965,0.3472694456577301
YGR205W,YJR138W,0,1.7764643,0.1977362036705017,0.8542914390563965,0.3473694622516632
YLR301W,YBR208C,0,1.7762194,0.19769053161144257,0.8542914390563965,0.3474695086479187
YBR066C,YNL197C,1,1.7759211,0.19787578284740448,0.8552893996238708,0.3474695086479187
YOR145C,YDL211C,0,1.7721565,0.19783009588718414,0.8552893996238708,0.3475695252418518
YER102W,YJR045C,0,1.7691443,0.1977844387292862,0.8552893996238708,0.3476695418357849
YDR285W,YIL019W,0,1.7660735,0.19773881137371063,0.8552893996238708,0.347769558429718
YJL080C,YHR001W-A,0,1.764674,0.19769319891929626,0.8552893996238708,0.3478695750236511
YGL209W,YPL234C,0,1.7641315,0.1976476013660431,0.8552893996238708,0.34796959161758423
YNL322C,YPL059W,0,1.7623867,0.1976020336151123,0.8552893996238708,0.34806960821151733
YBR023C,YEL069C,0,1.7562532,0.1975564807653427,0.8552893996238708,0.34816962480545044
YNL286W,YKL170W,0,1.7542955,0.19751094281673431,0.8552893996238708,0.34826964139938354
YKR103W,YDR387C,0,1.7539303,0.1974654346704483,0.8552893996238708,0.34836968779563904
YGL090W,YBR055C,0,1.7522919,0.19741995632648468,0.8552893996238708,0.34846970438957214
YMR256C,YCL061C,0,1.7512953,0.19737447798252106,0.8552893996238708,0.34856972098350525
YGR161C-D,YLR333C,0,1.7510943,0.19732902944087982,0.8552893996238708,0.34866973757743835
YLR192C,YDR261C-D,0,1.7475955,0.19728361070156097,0.8552893996238708,0.34876975417137146
YCR047C,YER038C,0,1.7398739,0.19723820686340332,0.8552893996238708,0.34886977076530457
YMR262W,YJL101C,0,1.7390388,0.19719281792640686,0.8552893996238708,0.34896978735923767
YGL225W,YKR088C,0,1.7371188,0.1971474587917328,0.8552893996238708,0.3490698039531708
YAL056W,YIL049W,1,1.7364501,0.19733211398124695,0.85628741979599,0.3490698039531708
YGR012W,YER179W,0,1.7364132,0.19728673994541168,0.85628741979599,0.3491698205471039
YIL049W,YJR153W,1,1.735105,0.1974712610244751,0.8572854399681091,0.3491698205471039
YHL009W-B,YGL191W,0,1.732845,0.19742587208747864,0.8572854399681091,0.3492698669433594
YBR283C,YLR075W,0,1.7318726,0.19738051295280457,0.8572854399681091,0.3493698835372925
YCR039C,YGL216W,0,1.7295308,0.1973351687192917,0.8572854399681091,0.3494699001312256
YER127W,YGL142C,0,1.726624,0.1972898542881012,0.8572854399681091,0.3495699167251587
YAL003W,YHR202W,0,1.724533,0.1972445398569107,0.8572854399681091,0.3496699333190918
YDR098C,YDL095W,0,1.7236681,0.1971992701292038,0.8572854399681091,0.3497699499130249
YML132W,YDR219C,0,1.7216077,0.1971540004014969,0.8572854399681091,0.349869966506958
YOL124C,YJL206C,0,1.7212297,0.19710876047611237,0.8572854399681091,0.3499699831008911
YJR073C,YLR377C,0,1.7207642,0.19706355035305023,0.8572854399681091,0.3500699996948242
YPR125W,YHR079C-B,0,1.7195246,0.1970183551311493,0.8572854399681091,0.3501700460910797
YER033C,YGR165W,0,1.7190781,0.19697317481040955,0.8572854399681091,0.3502700626850128
YKL149C,YMR164C,1,1.7161837,0.19715726375579834,0.8582834601402283,0.3502700626850128
YHR020W,YOL093W,0,1.7155524,0.1971120834350586,0.8582834601402283,0.3503700792789459
YGR063C,YDL072C,0,1.7139642,0.19706691801548004,0.8582834601402283,0.35047009587287903
YER036C,YLR394W,0,1.7115031,0.19702176749706268,0.8582834601402283,0.35057011246681213
YML051W,YDL160C,0,1.7108603,0.19697663187980652,0.8582834601402283,0.35067012906074524
YMR276W,YGL004C,0,1.7107255,0.19693152606487274,0.8582834601402283,0.35077014565467834
YDL091C,YMR215W,0,1.7061257,0.19688645005226135,0.8582834601402283,0.35087016224861145
YDL060W,YOR373W,0,1.7054987,0.19684138894081116,0.8582834601402283,0.35097020864486694
YMR230W,YFR053C,0,1.7018039,0.19679634273052216,0.8582834601402283,0.35107022523880005
YPL100W,YGR123C,0,1.7017624,0.19675131142139435,0.8582834601402283,0.35117024183273315
YLR304C,YER068W,0,1.6998241,0.19670630991458893,0.8582834601402283,0.35127025842666626
YPR175W,YJR130C,0,1.6974862,0.1966613382101059,0.8582834601402283,0.35137027502059937
YAL041W,YDR099W,1,1.6958237,0.19684499502182007,0.8592814207077026,0.35137027502059937
YMR285C,YLR363C,0,1.6954465,0.19679999351501465,0.8592814207077026,0.35147029161453247
YLL055W,YOR272W,0,1.6947745,0.19675502181053162,0.8592814207077026,0.3515703082084656
YNL238W,YER014W,0,1.690176,0.19671007990837097,0.8592814207077026,0.3516703248023987
YDR064W,YDR108W,0,1.6898885,0.19666513800621033,0.8592814207077026,0.3517703413963318
YBL078C,YIR002C,0,1.6806717,0.19662022590637207,0.8592814207077026,0.3518703877925873
YKL095W,YNL271C,0,1.6805291,0.1965753436088562,0.8592814207077026,0.3519704043865204
YFL035C,YOL090W,0,1.6794813,0.19653047621250153,0.8592814207077026,0.3520704209804535
YNR006W,YKL143W,0,1.6789563,0.19648562371730804,0.8592814207077026,0.3521704375743866
YLR385C,YNL070W,0,1.6783494,0.19644080102443695,0.8592814207077026,0.3522704541683197
YDL225W,YAL033W,0,1.6778975,0.19639597833156586,0.8592814207077026,0.3523704707622528
YOR075W,YGL084C,0,1.6773636,0.19635120034217834,0.8592814207077026,0.3524704873561859
YDR036C,YGL211W,0,1.6766368,0.19630642235279083,0.8592814207077026,0.352570503950119
YOR086C,YMR049C,0,1.6744664,0.1962616890668869,0.8592814207077026,0.3526705205440521
YCR080W,YGL206C,0,1.6740317,0.19621695578098297,0.8592814207077026,0.3527705669403076
YAR033W,YNR017W,0,1.6715623,0.19617225229740143,0.8592814207077026,0.3528705835342407
YOR338W,YBL020W,0,1.6705558,0.19612756371498108,0.8592814207077026,0.35297060012817383
YOR346W,YNL137C,0,1.667707,0.19608289003372192,0.8592814207077026,0.35307061672210693
YFL048C,YOR157C,0,1.6642196,0.19603824615478516,0.8592814207077026,0.35317063331604004
YHL007C,YNL298W,1,1.6640034,0.196221262216568,0.8602794408798218,0.35317063331604004
YER007C-A,YNL091W,0,1.662943,0.19617660343647003,0.8602794408798218,0.35327064990997314
YMR306W,YGR101W,0,1.6614475,0.19613197445869446,0.8602794408798218,0.35337066650390625
YDR177W,YNR043W,0,1.6586393,0.19608734548091888,0.8602794408798218,0.35347068309783936
YGL049C,YMR321C,0,1.6564726,0.1960427612066269,0.8602794408798218,0.35357069969177246
YLR259C,YDR168W,0,1.6533347,0.1959981769323349,0.8602794408798218,0.35367074608802795
YOL052C,YOL057W,0,1.651788,0.1959536224603653,0.8602794408798218,0.35377076268196106
YOL121C,YOR147W,0,1.648967,0.19590909779071808,0.8602794408798218,0.35387077927589417
YKR066C,YPL103C,0,1.6488146,0.19586457312107086,0.8602794408798218,0.35397079586982727
YCL075W,YKL194C,0,1.647656,0.19582007825374603,0.8602794408798218,0.3540708124637604
YLR439W,YMR125W,0,1.6469402,0.1957756131887436,0.8602794408798218,0.3541708290576935
YDR429C,YNL318C,0,1.6432592,0.19573114812374115,0.8602794408798218,0.3542708456516266
YLR359W,YBL060W,0,1.6401775,0.1956867128610611,0.8602794408798218,0.3543708622455597
YCR047C,YDR283C,0,1.6389875,0.19564230740070343,0.8602794408798218,0.3544709086418152
YOR030W,YIL131C,1,1.6381602,0.19582481682300568,0.8612774610519409,0.3544709086418152
YML031W,YHR168W,0,1.6379949,0.19578039646148682,0.8612774610519409,0.3545709252357483
YJL136C,YAL038W,0,1.6362327,0.19573599100112915,0.8612774610519409,0.3546709418296814
YOR343W-A,YKL081W,0,1.6346544,0.19569161534309387,0.8612774610519409,0.3547709584236145
YNL138W-A,YML009C,0,1.6324887,0.1956472396850586,0.8612774610519409,0.3548709750175476
YNL307C,YNL094W,0,1.6304588,0.1956028938293457,0.8612774610519409,0.3549709916114807
YGR222W,YGR061C,0,1.6271937,0.1955585777759552,0.8612774610519409,0.3550710082054138
YIL013C,YOL065C,0,1.6264364,0.1955142766237259,0.8612774610519409,0.3551710247993469
YMR193W,YPL059W,0,1.6238079,0.19546999037265778,0.8612774610519409,0.35527104139328003
YOR061W,YNL331C,0,1.6231722,0.19542571902275085,0.8612774610519409,0.3553710877895355
YNR001C,YDR263C,0,1.6224513,0.19538147747516632,0.8612774610519409,0.35547110438346863
YKL199C,YGR263C,0,1.6219592,0.19533725082874298,0.8612774610519409,0.35557112097740173
YML096W,YDR032C,0,1.618578,0.19529305398464203,0.8612774610519409,0.35567113757133484
YFL035C-A,YCR105W,0,1.6184775,0.19524887204170227,0.8612774610519409,0.35577115416526794
YHR009C,YJL098W,0,1.61339,0.1952047049999237,0.8612774610519409,0.35587117075920105
YPL122C,YDR169C,0,1.6121997,0.19516056776046753,0.8612774610519409,0.35597118735313416
YNL173C,YGR142W,0,1.6115823,0.19511643052101135,0.8612774610519409,0.35607120394706726
YFL041W,YPL078C,0,1.6108599,0.19507233798503876,0.8612774610519409,0.35617122054100037
YPL036W,YPL210C,0,1.6072196,0.19502824544906616,0.8612774610519409,0.35627126693725586
YMR128W,YML096W,0,1.6066871,0.19498418271541595,0.8612774610519409,0.35637128353118896
YCR080W,YBR091C,0,1.6053357,0.19494013488292694,0.8612774610519409,0.35647130012512207
YBR012W-A,YOR383C,0,1.6048998,0.19489611685276031,0.8612774610519409,0.3565713167190552
YER023W,YLR383W,0,1.6043031,0.19485211372375488,0.8612774610519409,0.3566713333129883
YOR297C,YAL044C,0,1.6032585,0.19480812549591064,0.8612774610519409,0.3567713499069214
YOL100W,YBR093C,0,1.6019679,0.1947641670703888,0.8612774610519409,0.3568713665008545
YAL003W,YMR281W,0,1.5995991,0.19472022354602814,0.8612774610519409,0.3569713830947876
YDR432W,YLR353W,1,1.5989456,0.19490186870098114,0.8622754216194153,0.3569713830947876
YMR235C,YML032C,0,1.5951941,0.1948579102754593,0.8622754216194153,0.3570713996887207
YDR122W,YNL178W,0,1.5938991,0.19481398165225983,0.8622754216194153,0.3571714460849762
YNL219C,YOR018W,0,1.5864807,0.19477006793022156,0.8622754216194153,0.3572714626789093
YNL062C,YLR157C,0,1.5849023,0.19472616910934448,0.8622754216194153,0.3573714792728424
YOL116W,YIL056W,0,1.5842286,0.1946822851896286,0.8622754216194153,0.3574714958667755
YIL113W,YLR098C,0,1.5835432,0.1946384310722351,0.8622754216194153,0.3575715124607086
YJL178C,YPL231W,0,1.5801544,0.1945945918560028,0.8622754216194153,0.3576715290546417
YMR195W,YNR061C,0,1.5792615,0.1945507824420929,0.8622754216194153,0.35777154564857483
YDR456W,YGL064C,0,1.5779841,0.19450697302818298,0.8622754216194153,0.35787156224250793
YGR292W,YIL132C,0,1.5756928,0.19446319341659546,0.8622754216194153,0.3579716086387634
YHR106W,YPL002C,0,1.5747724,0.19441944360733032,0.8622754216194153,0.35807162523269653
YKR055W,YKL126W,0,1.5745789,0.19437570869922638,0.8622754216194153,0.35817164182662964
YDL095W,YPR057W,0,1.5730819,0.19433198869228363,0.8622754216194153,0.35827165842056274
YDR296W,YMR046C,0,1.5719666,0.19428828358650208,0.8622754216194153,0.35837167501449585
YOL086C,YOR081C,0,1.5689049,0.1942446082830429,0.8622754216194153,0.35847169160842896
YHR118C,YPR168W,0,1.5685759,0.19420094788074493,0.8622754216194153,0.35857170820236206
YJL181W,YPR180W,0,1.5683273,0.19415730237960815,0.8622754216194153,0.35867172479629517
YER095W,YNR040W,0,1.5633459,0.19411368668079376,0.8622754216194153,0.35877174139022827
YLR300W,YBR168W,0,1.5609949,0.19407008588314056,0.8622754216194153,0.35887178778648376
YLL004W,YPL131W,0,1.5605114,0.19402649998664856,0.8622754216194153,0.35897180438041687
YOR356W,YNL288W,0,1.5581114,0.19398294389247894,0.8622754216194153,0.35907182097435
YIR039C,YJL141C,0,1.5560914,0.19393938779830933,0.8622754216194153,0.3591718375682831
YKR095W-A,YDL097C,0,1.5554363,0.1938958764076233,0.8622754216194153,0.3592718541622162
YMR192W,YGR071C,0,1.5539445,0.19385236501693726,0.8622754216194153,0.3593718707561493
YGL155W,YOR319W,0,1.5532544,0.1938088834285736,0.8622754216194153,0.3594718873500824
YHR133C,YDR261C-D,0,1.5526867,0.19376541674137115,0.8622754216194153,0.3595719039440155
YHL006C,YDR261C-D,0,1.5506544,0.1937219798564911,0.8622754216194153,0.3596719205379486
YGL205W,YKL062W,0,1.5498285,0.19367854297161102,0.8622754216194153,0.3597719669342041
YLR229C,YNL079C,1,1.5497671,0.1938592493534088,0.8632734417915344,0.3597719669342041
YOL138C,YIR038C,0,1.5487056,0.19381581246852875,0.8632734417915344,0.3598719835281372
YMR017W,YKL063C,0,1.5466524,0.19377240538597107,0.8632734417915344,0.3599720001220703
YER154W,YJL110C,0,1.5444759,0.1937289983034134,0.8632734417915344,0.3600720167160034
YKL155C,YNL107W,0,1.5433853,0.1936856210231781,0.8632734417915344,0.3601720333099365
YGR104C,YLL050C,0,1.5433567,0.193642258644104,0.8632734417915344,0.36027204990386963
YLR306W,YLR145W,0,1.5413916,0.1935989260673523,0.8632734417915344,0.36037206649780273
YDR406W,YNL339C,0,1.5398171,0.19355560839176178,0.8632734417915344,0.36047208309173584
YER131W,YIL035C,0,1.5381546,0.19351230561733246,0.8632734417915344,0.36057209968566895
YNL238W,YJR006W,0,1.5347459,0.19346901774406433,0.8632734417915344,0.36067214608192444
YML042W,YLR096W,0,1.5329857,0.1934257596731186,0.8632734417915344,0.36077216267585754
YDL081C,YOL002C,0,1.5323188,0.19338251650333405,0.8632734417915344,0.36087217926979065
YLR381W,YDR438W,0,1.5304166,0.1933392882347107,0.8632734417915344,0.36097219586372375
YBR230C,YKL042W,0,1.5302078,0.19329608976840973,0.8632734417915344,0.36107221245765686
YML016C,YJL181W,0,1.5292797,0.19325290620326996,0.8632734417915344,0.36117222905158997
YLR430W,YPL214C,0,1.5216335,0.19320973753929138,0.8632734417915344,0.36127224564552307
YGR027W-B,YHR113W,0,1.5213487,0.1931665986776352,0.8632734417915344,0.3613722622394562
YMR268W-A,YNL107W,0,1.5208178,0.193123459815979,0.8632734417915344,0.36147230863571167
YKL199C,YER087C-B,0,1.5183871,0.1930803507566452,0.8632734417915344,0.3615723252296448
YNL015W,YNL024C,0,1.5168262,0.1930372714996338,0.8632734417915344,0.3616723418235779
YKL119C,YHL032C,0,1.5149153,0.19299419224262238,0.8632734417915344,0.361772358417511
YCR045C,YOR048C,0,1.5141802,0.19295114278793335,0.8632734417915344,0.3618723750114441
YDL200C,YDR060W,0,1.5138508,0.1929081231355667,0.8632734417915344,0.3619723916053772
YMR186W,YKL006C-A,0,1.5134889,0.19286510348320007,0.8632734417915344,0.3620724081993103
YPR168W,YMR257C,0,1.5127212,0.19282211363315582,0.8632734417915344,0.3621724247932434
YHL050C,YFR049W,0,1.5118595,0.19277913868427277,0.8632734417915344,0.3622724413871765
YBR105C,YML109W,0,1.5117389,0.1927361786365509,0.8632734417915344,0.362372487783432
YOR176W,YOR001W,0,1.5086738,0.19269324839115143,0.8632734417915344,0.3624725043773651
YFL013C,YER155C,0,1.5083208,0.19265033304691315,0.8632734417915344,0.3625725209712982
YPL111W,YPR026W,0,1.5057902,0.19260743260383606,0.8632734417915344,0.3626725375652313
YLR441C,YOR343W-B,0,1.5053887,0.19256456196308136,0.8632734417915344,0.36277255415916443
YKL197C,YNL287W,0,1.5047786,0.19252170622348785,0.8632734417915344,0.36287257075309753
YPL090C,YHR047C,0,1.5045055,0.19247886538505554,0.8632734417915344,0.36297258734703064
YGL209W,YBR231C,0,1.5030202,0.19243603944778442,0.8632734417915344,0.36307260394096375
YGL064C,YNL062C,0,1.5015138,0.1923932433128357,0.8632734417915344,0.36317262053489685
YMR146C,YIL115C,0,1.5007718,0.19235046207904816,0.8632734417915344,0.36327266693115234
YHL007C,YNL197C,1,1.4999988,0.19253000617027283,0.8642714619636536,0.36327266693115234
YBR268W,YPR131C,0,1.4994187,0.1924872249364853,0.8642714619636536,0.36337268352508545
YCL060C,YPR036W,0,1.4988451,0.19244444370269775,0.8642714619636536,0.36347270011901855
YPL140C,YPR102C,0,1.4974437,0.1924016922712326,0.8642714619636536,0.36357271671295166
YJL153C,YNL288W,0,1.4973772,0.19235895574092865,0.8642714619636536,0.36367273330688477
YOR239W,YHL035C,0,1.4955628,0.1923162341117859,0.8642714619636536,0.36377274990081787
YDR218C,YPR021C,0,1.4955257,0.19227352738380432,0.8642714619636536,0.363872766494751
YLR163C,YKL206C,0,1.4951516,0.19223085045814514,0.8642714619636536,0.3639727830886841
YKR064W,YOR156C,0,1.4916708,0.19218818843364716,0.8642714619636536,0.3640727996826172
YLR192C,YOL026C,0,1.4910762,0.19214555621147156,0.8642714619636536,0.3641728460788727
YDR251W,YCR055C,0,1.4893541,0.19210292398929596,0.8642714619636536,0.3642728626728058
YLR249W,YOR343W-B,0,1.4891201,0.19206032156944275,0.8642714619636536,0.3643728792667389
YBL013W,YDR041W,0,1.4887855,0.19201773405075073,0.8642714619636536,0.364472895860672
YNL273W,YKL100C,0,1.485244,0.1919751763343811,0.8642714619636536,0.3645729124546051
YNL197C,YLL021W,1,1.4844167,0.19215425848960876,0.8652694821357727,0.3645729124546051
YDR210W-B,YER111C,0,1.4818993,0.19211167097091675,0.8652694821357727,0.3646729290485382
YAR033W,YJR034W,0,1.4787216,0.19206911325454712,0.8652694821357727,0.3647729456424713
YIR002C,YOR386W,0,1.476977,0.19202658534049988,0.8652694821357727,0.3648729622364044
YER109C,YGR283C,0,1.4738774,0.19198405742645264,0.8652694821357727,0.3649730086326599
YML109W,YHR170W,0,1.4736813,0.19194155931472778,0.8652694821357727,0.365073025226593
YIL139C,YPR158W-B,0,1.4723864,0.19189907610416412,0.8652694821357727,0.3651730418205261
YIL036W,YGL173C,0,1.4669626,0.19185660779476166,0.8652694821357727,0.36527305841445923
YBR094W,YGR056W,0,1.4658378,0.19181415438652039,0.8652694821357727,0.36537307500839233
YDR379W,YNL176C,0,1.4596548,0.1917717307806015,0.8652694821357727,0.36547309160232544
YOR254C,YDR390C,0,1.4563252,0.1917293220758438,0.8652694821357727,0.36557310819625854
YOR019W,YNR015W,0,1.456287,0.19168692827224731,0.8652694821357727,0.36567312479019165
YER118C,YNL138W,1,1.4542212,0.19186560809612274,0.8662674427032471,0.36567312479019165
YDR253C,YBR020W,0,1.4532797,0.19182319939136505,0.8662674427032471,0.36577314138412476
YDR494W,YCL027W,0,1.4531323,0.19178082048892975,0.8662674427032471,0.36587318778038025
YIL021W,YLR190W,0,1.4521155,0.19173845648765564,0.8662674427032471,0.36597320437431335
YDL120W,YKL069W,0,1.4495474,0.19169610738754272,0.8662674427032471,0.36607322096824646
YNL055C,YFR014C,0,1.4476714,0.1916537880897522,0.8662674427032471,0.36617323756217957
YOR151C,YLL006W,0,1.4473083,0.19161148369312286,0.8662674427032471,0.36627325415611267
YLR131C,YLR224W,0,1.4470755,0.19156919419765472,0.8662674427032471,0.3663732707500458
YIL150C,YMR093W,0,1.4469414,0.19152691960334778,0.8662674427032471,0.3664732873439789
YDL084W,YDR210W-B,0,1.4463658,0.19148467481136322,0.8662674427032471,0.366573303937912
YHL011C,YOR304C-A,0,1.4438332,0.19144243001937866,0.8662674427032471,0.3666733205318451
YML106W,YPR137C-B,0,1.4435266,0.1914002150297165,0.8662674427032471,0.3667733669281006
YKR094C,YOL103W-B,0,1.4429564,0.1913580298423767,0.8662674427032471,0.3668733835220337
YMR315W,YDL138W,0,1.4424753,0.19131584465503693,0.8662674427032471,0.3669734001159668
YBR230C,YDL240W,0,1.4419596,0.19127368927001953,0.8662674427032471,0.3670734167098999
YNR052C,YDL120W,0,1.4418949,0.19123154878616333,0.8662674427032471,0.367173433303833
YDL159W,YER109C,1,1.437177,0.19140969216823578,0.8672654628753662,0.367173433303833
YOR391C,YIL167W,0,1.4357228,0.19136753678321838,0.8672654628753662,0.3672734498977661
YER068W,YDL124W,0,1.4338654,0.19132541120052338,0.8672654628753662,0.3673734664916992
YMR230W,YEL039C,0,1.433482,0.19128328561782837,0.8672654628753662,0.3674734830856323
YCR012W,YLR325C,0,1.4300257,0.19124118983745575,0.8672654628753662,0.3675735294818878
YOR177C,YBR195C,0,1.4290292,0.19119912385940552,0.8672654628753662,0.3676735460758209
YMR089C,YDR262W,0,1.4274133,0.19115705788135529,0.8672654628753662,0.36777356266975403
YNL142W,YER053C,0,1.4268911,0.19111502170562744,0.8672654628753662,0.36787357926368713
YJL033W,YDR065W,0,1.425077,0.1910730004310608,0.8672654628753662,0.36797359585762024
YJL101C,YDL072C,0,1.4226389,0.19103099405765533,0.8672654628753662,0.36807361245155334
YFL014W,YNL288W,0,1.4163699,0.19098901748657227,0.8672654628753662,0.36817362904548645
YPR171W,YPR138C,0,1.4156642,0.1909470409154892,0.8672654628753662,0.36827364563941956
YPL231W,YIL009C-A,0,1.4155245,0.19090509414672852,0.8672654628753662,0.36837366223335266
YOR177C,YIL132C,0,1.4152199,0.19086316227912903,0.8672654628753662,0.36847370862960815
YGL222C,YLR328W,0,1.4141699,0.19082126021385193,0.8672654628753662,0.36857372522354126
YBR208C,YKR059W,0,1.4117936,0.19077935814857483,0.8672654628753662,0.36867374181747437
YIL022W,YIL156W,0,1.4089193,0.19073748588562012,0.8672654628753662,0.36877375841140747
YBL008W,YMR133W,0,1.4071026,0.1906956285238266,0.8672654628753662,0.3688737750053406
YPR171W,YPL141C,0,1.4070437,0.19065380096435547,0.8672654628753662,0.3689737915992737
YGR282C,YJR138W,0,1.4062346,0.19061197340488434,0.8672654628753662,0.3690738081932068
YDR088C,YAR044W,0,1.4027704,0.1905701756477356,0.8672654628753662,0.3691738247871399
YGR292W,YKL109W,0,1.4024104,0.19052839279174805,0.8672654628753662,0.369273841381073
YFR050C,YDR454C,0,1.3980088,0.1904866248369217,0.8672654628753662,0.3693738877773285
YDR090C,YDR021W,0,1.3978144,0.19044488668441772,0.8672654628753662,0.3694739043712616
YOL023W,YJL216C,0,1.3975382,0.19040314853191376,0.8672654628753662,0.3695739209651947
YPL036W,YER051W,0,1.3933835,0.19036144018173218,0.8672654628753662,0.3696739375591278
YAL015C,YJR126C,0,1.3916866,0.19031976163387299,0.8672654628753662,0.3697739541530609
YER022W,YLR045C,0,1.3913662,0.1902780830860138,0.8672654628753662,0.369873970746994
YDR337W,YCR094W,0,1.3894694,0.190236434340477,0.8672654628753662,0.3699739873409271
YAL048C,YKL203C,0,1.3808405,0.19019478559494019,0.8672654628753662,0.37007400393486023
YDR403W,YDR218C,0,1.377206,0.19015316665172577,0.8672654628753662,0.37017402052879333
YOR048C,YLR363C,0,1.3763704,0.19011157751083374,0.8672654628753662,0.37027406692504883
YPL122C,YDR393W,0,1.3758714,0.1900699883699417,0.8672654628753662,0.37037408351898193
YNL243W,YNL059C,0,1.374315,0.19002842903137207,0.8672654628753662,0.37047410011291504
YNL008C,YPL028W,0,1.3733592,0.18998688459396362,0.8672654628753662,0.37057411670684814
YDR317W,YNL247W,0,1.3675402,0.18994535505771637,0.8672654628753662,0.37067413330078125
YBL008W,YLR396C,0,1.3654611,0.1899038404226303,0.8672654628753662,0.37077414989471436
YJR126C,YOR054C,0,1.3650873,0.18986235558986664,0.8672654628753662,0.37087416648864746
YDR353W,YDR262W,0,1.3646048,0.18982088565826416,0.8672654628753662,0.37097418308258057
YOR380W,YPL001W,0,1.3636087,0.18977943062782288,0.8672654628753662,0.37107422947883606
YBR034C,YGL096W,0,1.3614678,0.18973799049854279,0.8672654628753662,0.37117424607276917
YLR160C,YLR107W,0,1.3609693,0.18969658017158508,0.8672654628753662,0.37127426266670227
YDR497C,YER153C,0,1.3599105,0.18965516984462738,0.8672654628753662,0.3713742792606354
YLR360W,YPR055W,0,1.3574785,0.18961378931999207,0.8672654628753662,0.3714742958545685
YPR187W,YBR131W,0,1.356913,0.18957242369651794,0.8672654628753662,0.3715743124485016
YIL051C,YER137C-A,0,1.3566204,0.18953107297420502,0.8672654628753662,0.3716743290424347
YER113C,YLR197W,0,1.3559803,0.18948975205421448,0.8672654628753662,0.3717743456363678
YJL114W,YHR092C,0,1.3544078,0.18944844603538513,0.8672654628753662,0.3718743622303009
YKR077W,YDL069C,0,1.3543539,0.18940715491771698,0.8672654628753662,0.3719744086265564
YLR447C,YGL004C,0,1.3543195,0.18936587870121002,0.8672654628753662,0.3720744252204895
YGR158C,YOR049C,0,1.3529874,0.18932461738586426,0.8672654628753662,0.3721744418144226
YNL159C,YIL138C,0,1.3516005,0.18928338587284088,0.8672654628753662,0.3722744584083557
YJR132W,YLR115W,0,1.3508875,0.1892421543598175,0.8672654628753662,0.3723744750022888
YGR279C,YCL005W-A,0,1.3473778,0.18920095264911652,0.8672654628753662,0.3724744915962219
YHR082C,YBR091C,0,1.3471775,0.18915978074073792,0.8672654628753662,0.37257450819015503
YIL049W,YLL021W,1,1.3462706,0.18933624029159546,0.8682634830474854,0.37257450819015503
YPR198W,YOR283W,0,1.345972,0.18929503858089447,0.8682634830474854,0.37267452478408813
YDL038C,YHR067W,0,1.3444697,0.18925386667251587,0.8682634830474854,0.37277454137802124
YDL022W,YGR292W,0,1.3420863,0.18921269476413727,0.8682634830474854,0.37287458777427673
YDR261C,YNL098C,0,1.3409711,0.18917155265808105,0.8682634830474854,0.37297460436820984
YDL227C,YIL017W,0,1.3406247,0.18913044035434723,0.8682634830474854,0.37307462096214294
YML037C,YPR171W,0,1.3394253,0.1890893280506134,0.8682634830474854,0.37317463755607605
YGL225W,YOR142W-B,0,1.3393986,0.18904824554920197,0.8682634830474854,0.37327465415000916
YPL186C,YPR021C,0,1.3367802,0.18900716304779053,0.8682634830474854,0.37337467074394226
YCL025C,YKR026C,0,1.335669,0.18896611034870148,0.8682634830474854,0.37347468733787537
YDR169C,YNL339C,0,1.3342919,0.18892508745193481,0.8682634830474854,0.37357470393180847
YHR041C,YLL004W,0,1.329656,0.18888406455516815,0.8682634830474854,0.3736747205257416
YPR096C,YDR279W,0,1.3293289,0.18884307146072388,0.8682634830474854,0.37377476692199707
YDR508C,YIL038C,0,1.3283786,0.1888020783662796,0.8682634830474854,0.3738747835159302
YDL036C,YPL189C-A,0,1.3279068,0.18876111507415771,0.8682634830474854,0.3739748001098633
YMR301C,YDL247W,0,1.3258364,0.18872016668319702,0.8682634830474854,0.3740748167037964
YFL017W-A,YLR347C,0,1.3222227,0.18867924809455872,0.8682634830474854,0.3741748332977295
YMR099C,YNR071C,0,1.3219502,0.1886383295059204,0.8682634830474854,0.3742748498916626
YNL041C,YLR096W,0,1.3219446,0.1885974407196045,0.8682634830474854,0.3743748664855957
YER190W,YER179W,0,1.3189286,0.18855656683444977,0.8682634830474854,0.3744748830795288
YGR223C,YOR008C,0,1.3188006,0.18851570785045624,0.8682634830474854,0.3745749294757843
YOR264W,YDR301W,0,1.3178139,0.1884748637676239,0.8682634830474854,0.3746749460697174
YJR150C,YFL005W,0,1.3131539,0.18843404948711395,0.8682634830474854,0.3747749626636505
YJL080C,YDR398W,0,1.3127375,0.1883932501077652,0.8682634830474854,0.3748749792575836
YGR161C-D,YGR001C,0,1.310842,0.18835245072841644,0.8682634830474854,0.3749749958515167
YOL029C,YLR157C,0,1.3097403,0.18831168115139008,0.8682634830474854,0.37507501244544983
YDR130C,YLR009W,0,1.309603,0.1882709413766861,0.8682634830474854,0.37517502903938293
YHR110W,YGL163C,0,1.3093344,0.18823020160198212,0.8682634830474854,0.37527504563331604
YDR520C,YDR465C,0,1.3090562,0.18818949162960052,0.8682634830474854,0.37537506222724915
YJL096W,YGL107C,0,1.3085222,0.18814878165721893,0.8682634830474854,0.37547510862350464
YHR215W,YHR109W,0,1.3053266,0.18810810148715973,0.8682634830474854,0.37557512521743774
YNR060W,YPL178W,0,1.3051043,0.1880674511194229,0.8682634830474854,0.37567514181137085
YPL007C,YBR170C,0,1.30488,0.1880268007516861,0.8682634830474854,0.37577515840530396
YJL029C,YLR024C,0,1.3048793,0.18798616528511047,0.8682634830474854,0.37587517499923706
YJR143C,YIL068C,0,1.3035967,0.18794555962085724,0.8682634830474854,0.37597519159317017
YHR214C-C,YML081C-A,0,1.3033516,0.1879049688577652,0.8682634830474854,0.37607520818710327
YER103W,YAR018C,0,1.3033249,0.18786439299583435,0.8682634830474854,0.3761752247810364
YCL026C-B,YNL056W,0,1.3023552,0.1878238320350647,0.8682634830474854,0.3762752413749695
YKR083C,YNL160W,0,1.2979546,0.18778330087661743,0.8682634830474854,0.376375287771225
YMR208W,YOL121C,0,1.2961364,0.18774276971817017,0.8682634830474854,0.3764753043651581
YGL049C,YMR234W,0,1.2954545,0.1877022683620453,0.8682634830474854,0.3765753209590912
YMR176W,YLL017W,0,1.2944086,0.1876617819070816,0.8682634830474854,0.3766753375530243
YJR053W,YLR151C,0,1.2937883,0.1876213103532791,0.8682634830474854,0.3767753541469574
YLR037C,YPL141C,0,1.2930485,0.18758085370063782,0.8682634830474854,0.3768753707408905
YGL190C,YLR028C,0,1.2919252,0.18754041194915771,0.8682634830474854,0.3769753873348236
YIR015W,YJL200C,0,1.2882086,0.1875,0.8682634830474854,0.3770754039287567
YJR009C,YDL185W,0,1.2843933,0.18745960295200348,0.8682634830474854,0.3771754205226898
YLR026C,YNR020C,0,1.2821425,0.18741922080516815,0.8682634830474854,0.3772754669189453
YER056C,YMR133W,0,1.2795582,0.18737885355949402,0.8682634830474854,0.3773754835128784
YGR220C,YDR316W-B,0,1.2794456,0.18733850121498108,0.8682634830474854,0.3774755001068115
YFR006W,YAL035W,0,1.2770488,0.18729816377162933,0.8682634830474854,0.37757551670074463
YGR161C,YHR214C-C,0,1.2749556,0.18725785613059998,0.8682634830474854,0.37767553329467773
YLR266C,YKL158W,0,1.2725855,0.1872175633907318,0.8682634830474854,0.37777554988861084
YCR093W,YNL197C,1,1.272167,0.1873924285173416,0.8692615032196045,0.37777554988861084
YDL047W,YDR261W-B,0,1.2697883,0.18735212087631226,0.8692615032196045,0.37787556648254395
YKL059C,YLR389C,0,1.2681086,0.1873118281364441,0.8692615032196045,0.37797558307647705
YIL070C,YOL103W-B,0,1.264665,0.18727155029773712,0.8692615032196045,0.37807562947273254
YOR143C,YOR182C,0,1.2640018,0.18723130226135254,0.8692615032196045,0.37817564606666565
YOR086C,YLR042C,0,1.263653,0.18719105422496796,0.8692615032196045,0.37827566266059875
YDR110W,YGL078C,0,1.2627407,0.18715083599090576,0.8692615032196045,0.37837567925453186
YPR005C,YKR048C,0,1.2624676,0.18711063265800476,0.8692615032196045,0.37847569584846497
YFR005C,YDR219C,0,1.2588817,0.18707044422626495,0.8692615032196045,0.37857571244239807
YMR061W,YFR015C,0,1.257938,0.18703027069568634,0.8692615032196045,0.3786757290363312
YHL044W,YOR316C,0,1.2493029,0.18699012696743011,0.8692615032196045,0.3787757456302643
YFL010W-A,YLR283W,0,1.2489784,0.1869499832391739,0.8692615032196045,0.3788757622241974
YPL031C,YDL229W,0,1.2478256,0.18690986931324005,0.8692615032196045,0.3789758086204529
YGL115W,YNL271C,0,1.2427154,0.1868697702884674,0.8692615032196045,0.379075825214386
YMR070W,YDR054C,0,1.2384596,0.18682968616485596,0.8692615032196045,0.3791758418083191
YPR002W,YIL072W,0,1.236392,0.1867896169424057,0.8692615032196045,0.3792758584022522
YOL072W,YDL148C,0,1.2326798,0.18674957752227783,0.8692615032196045,0.3793758749961853
YPR155C,YHR132C,0,1.2324418,0.18670953810214996,0.8692615032196045,0.3794758915901184
YGR123C,YKR100C,0,1.2311763,0.18666952848434448,0.8692615032196045,0.3795759081840515
YOR008C,YER051W,0,1.2281361,0.1866295337677002,0.8692615032196045,0.3796759247779846
YAL022C,YER090W,0,1.2275366,0.1865895390510559,0.8692615032196045,0.3797759413719177
YMR075W,YOR127W,0,1.2261621,0.1865495890378952,0.8692615032196045,0.3798759877681732
YFL002W-B,YLR042C,0,1.2259877,0.1865096390247345,0.8692615032196045,0.3799760043621063
YGR032W,YNL147W,0,1.2247088,0.18646970391273499,0.8692615032196045,0.38007602095603943
YHR077C,YFL001W,0,1.2240617,0.18642979860305786,0.8692615032196045,0.38017603754997253
YLR414C,YJL167W,0,1.221494,0.18638989329338074,0.8692615032196045,0.38027605414390564
YDR423C,YJR060W,0,1.2210559,0.186350017786026,0.8692615032196045,0.38037607073783875
YKR048C,YER007W,0,1.2205901,0.18631015717983246,0.8692615032196045,0.38047608733177185
YFL057C,YHR017W,0,1.2193875,0.1862703114748001,0.8692615032196045,0.38057610392570496
YER005W,YKR026C,0,1.2155693,0.18623049557209015,0.8692615032196045,0.38067612051963806
YJL045W,YLR316C,0,1.215345,0.1861906796693802,0.8692615032196045,0.38077616691589355
YMR045C,YKL175W,0,1.2122681,0.18615089356899261,0.8692615032196045,0.38087618350982666
YIR019C,YJR068W,0,1.2096337,0.18611110746860504,0.8692615032196045,0.38097620010375977
YDR432W,YOR030W,1,1.2089503,0.18628498911857605,0.8702594637870789,0.38097620010375977
YIL070C,YLR227W-B,0,1.208374,0.18624518811702728,0.8702594637870789,0.38107621669769287
YGL127C,YOR098C,0,1.2079074,0.1862054169178009,0.8702594637870789,0.381176233291626
YFL002W-B,YGR285C,0,1.2061696,0.1861656755208969,0.8702594637870789,0.3812762498855591
YNL131W,YDR257C,0,1.1998825,0.18612593412399292,0.8702594637870789,0.3813762664794922
YHR205W,YFL035C,0,1.1973917,0.18608620762825012,0.8702594637870789,0.3814762830734253
YML031W,YPL110C,0,1.1969154,0.1860465109348297,0.8702594637870789,0.3815763294696808
YBL007C,YJL058C,0,1.1960998,0.1860068291425705,0.8702594637870789,0.3816763460636139
YNL080C,YAL033W,0,1.1955284,0.18596716225147247,0.8702594637870789,0.381776362657547
YOR308C,YHR037W,0,1.1935674,0.18592751026153564,0.8702594637870789,0.3818763792514801
YGL161C,YJL133W,0,1.1900108,0.18588787317276,0.8702594637870789,0.3819763958454132
YGR175C,YLR207W,0,1.1900095,0.18584825098514557,0.8702594637870789,0.3820764124393463
YGR113W,YPL121C,0,1.1872828,0.18580865859985352,0.8702594637870789,0.3821764290332794
YIR032C,YMR298W,0,1.1867365,0.18576906621456146,0.8702594637870789,0.3822764456272125
YJR121W,YHR085W,0,1.184802,0.1857295036315918,0.8702594637870789,0.38237646222114563
YPL085W,YGR134W,0,1.1826808,0.18568995594978333,0.8702594637870789,0.3824765086174011
YGR058W,YOR129C,0,1.1820774,0.18565040826797485,0.8702594637870789,0.38257652521133423
YER125W,YFR032C-A,0,1.1812152,0.18561090528964996,0.8702594637870789,0.38267654180526733
YER154W,YGL067W,0,1.1810768,0.18557140231132507,0.8702594637870789,0.38277655839920044
YDR134C,YFL045C,0,1.180719,0.18553191423416138,0.8702594637870789,0.38287657499313354
YHR020W,YOR338W,0,1.1784767,0.18549244105815887,0.8702594637870789,0.38297659158706665
YOL103W-A,YLR348C,0,1.1779672,0.18545299768447876,0.8702594637870789,0.38307660818099976
YHR190W,YNL086W,0,1.1765708,0.18541356921195984,0.8702594637870789,0.38317662477493286
YIL112W,YNL221C,0,1.1746454,0.1853741556406021,0.8702594637870789,0.38327664136886597
YPR187W,YOR059C,0,1.1726849,0.18533475697040558,0.8702594637870789,0.38337668776512146
YPR174C,YDR093W,0,1.171764,0.18529537320137024,0.8702594637870789,0.38347670435905457
YOR034C,YHR002W,0,1.1714119,0.1852560043334961,0.8702594637870789,0.38357672095298767
YNL051W,YJR098C,0,1.1688089,0.18521665036678314,0.8702594637870789,0.3836767375469208
YIL049W,YLR312C-B,1,1.167999,0.1853896826505661,0.871257483959198,0.3836767375469208
YOR247W,YHR175W,0,1.1658198,0.18535031378269196,0.871257483959198,0.3837767541408539
YPL113C,YBL091C-A,0,1.1656258,0.1853109747171402,0.871257483959198,0.383876770734787
YBR276C,YOR271C,0,1.1652997,0.18527165055274963,0.871257483959198,0.3839767873287201
YHR197W,YOR109W,0,1.1643779,0.18523234128952026,0.871257483959198,0.3840768039226532
YPR100W,YIL069C,0,1.1595393,0.1851930469274521,0.871257483959198,0.3841768205165863
YDL184C,YFR027W,0,1.1592563,0.1851537674665451,0.871257483959198,0.3842768669128418
YMR303C,YOL010W,0,1.1588959,0.18511450290679932,0.871257483959198,0.3843768835067749
YGL030W,YER148W,0,1.1574892,0.18507525324821472,0.871257483959198,0.384476900100708
YOL057W,YJL011C,0,1.1571645,0.18503603339195251,0.871257483959198,0.3845769166946411
YER031C,YER072W,0,1.1565468,0.1849968284368515,0.871257483959198,0.3846769332885742
YGR142W,YDR195W,0,1.1557562,0.1849576234817505,0.871257483959198,0.3847769498825073
YLR227W-A,YJL174W,0,1.1543502,0.18491844832897186,0.871257483959198,0.38487696647644043
YIL017W,YJR135C,0,1.1528875,0.18487928807735443,0.871257483959198,0.38497698307037354
YML027W,YHL032C,0,1.1507288,0.1848401427268982,0.871257483959198,0.38507702946662903
YKR103W,YGR174C,0,1.1497152,0.18480101227760315,0.871257483959198,0.38517704606056213
YLR381W,YML099C,0,1.1467865,0.1847619116306305,0.871257483959198,0.38527706265449524
YLR291C,YOL052C,0,1.1439564,0.18472281098365784,0.871257483959198,0.38537707924842834
YBR153W,YFL035C-A,0,1.1429398,0.18468372523784637,0.871257483959198,0.38547709584236145
YDR248C,YNL210W,0,1.1418381,0.1846446692943573,0.871257483959198,0.38557711243629456
YML073C,YER017C,0,1.1384764,0.18460562825202942,0.871257483959198,0.38567712903022766
YLR448W,YEL012W,0,1.1376183,0.18456660211086273,0.871257483959198,0.38577714562416077
YNL052W,YBR075W,0,1.1358784,0.18452759087085724,0.871257483959198,0.38587716221809387
YPL257W-B,YPL218W,0,1.135041,0.18448859453201294,0.871257483959198,0.38597720861434937
YMR077C,YJR028W,0,1.1347451,0.18444961309432983,0.871257483959198,0.38607722520828247
YKL218C,YMR314W,0,1.1340247,0.18441064655780792,0.871257483959198,0.3861772418022156
YCR044C,YDR482C,0,1.133917,0.1843716949224472,0.871257483959198,0.3862772583961487
YMR237W,YKL117W,0,1.1335058,0.18433277308940887,0.871257483959198,0.3863772749900818
YLR258W,YOR265W,0,1.1326005,0.18429385125637054,0.871257483959198,0.3864772915840149
YBR022W,YML102W,0,1.1324289,0.1842549592256546,0.871257483959198,0.386577308177948
YLR287C-A,YBL008W,0,1.1306409,0.18421608209609985,0.871257483959198,0.3866773247718811
YMR240C,YDR367W,0,1.1298438,0.1841772198677063,0.871257483959198,0.3867773413658142
YJL041W,YPL259C,0,1.1267562,0.18413837254047394,0.871257483959198,0.3868773877620697
YBL072C,YER190W,0,1.1257508,0.18409954011440277,0.871257483959198,0.3869774043560028
YNR055C,YPR158W-B,0,1.124601,0.1840607225894928,0.871257483959198,0.3870774209499359
YHR138C,YIL030C,0,1.1241194,0.18402191996574402,0.871257483959198,0.387177437543869
YHR058C,YEL050C,0,1.1218567,0.18398314714431763,0.871257483959198,0.3872774541378021
YJL034W,YNL287W,0,1.1215295,0.18394437432289124,0.871257483959198,0.38737747073173523
YLL057C,YDR018C,0,1.118462,0.18390563130378723,0.871257483959198,0.38747748732566833
YOR269W,YEL048C,0,1.1182157,0.18386688828468323,0.871257483959198,0.38757750391960144
YLR266C,YIL094C,0,1.1171435,0.1838281750679016,0.871257483959198,0.38767755031585693
YPR180W,YEL017C-A,0,1.1154728,0.1837894767522812,0.871257483959198,0.38777756690979004
YDR356W,YBR267W,0,1.11453,0.18375079333782196,0.871257483959198,0.38787758350372314
YCR044C,YAR019C,0,1.1138972,0.18371212482452393,0.871257483959198,0.38797760009765625
YJL129C,YJL044C,0,1.1104605,0.18367347121238708,0.871257483959198,0.38807761669158936
YJL212C,YJR135C,0,1.1070073,0.18363483250141144,0.871257483959198,0.38817763328552246
YOR324C,YGR271W,0,1.1061351,0.18359620869159698,0.871257483959198,0.38827764987945557
YCR098C,YPR204W,0,1.1059397,0.18355761468410492,0.871257483959198,0.38837766647338867
YPL031C,YOR310C,0,1.1050445,0.18351902067661285,0.871257483959198,0.3884776830673218
YNL189W,YJL165C,0,1.1041442,0.18348045647144318,0.871257483959198,0.38857772946357727
YMR130W,YLR329W,0,1.103791,0.1834418922662735,0.871257483959198,0.3886777460575104
YGR097W,YLR147C,0,1.1021098,0.1834033578634262,0.871257483959198,0.3887777626514435
YPL145C,YLR419W,0,1.1016967,0.1833648383617401,0.871257483959198,0.3888777792453766
YDR036C,YHR090C,0,1.0997169,0.1833263337612152,0.871257483959198,0.3889777958393097
YNL162W,YDL184C,0,1.0991778,0.1832878440618515,0.871257483959198,0.3890778124332428
YNR018W,YGR027W-B,0,1.0987486,0.183249369263649,0.871257483959198,0.3891778290271759
YNL183C,YGR008C,0,1.0980427,0.18321090936660767,0.871257483959198,0.389277845621109
YPL281C,YBR240C,0,1.0942509,0.18317246437072754,0.871257483959198,0.3893778622150421
YDL038C,YER143W,0,1.0941337,0.1831340491771698,0.871257483959198,0.3894779086112976
YOR346W,YKL110C,0,1.0926385,0.18309563398361206,0.871257483959198,0.3895779252052307
YBR095C,YER138C,0,1.0925883,0.1830572485923767,0.871257483959198,0.3896779417991638
YDL082W,YER031C,0,1.0908453,0.18301886320114136,0.871257483959198,0.3897779583930969
YFR006W,YGR161C-D,0,1.0889864,0.1829805076122284,0.871257483959198,0.38987797498703003
YDL133C-A,YDL040C,0,1.0875942,0.18294216692447662,0.871257483959198,0.38997799158096313
YIR015W,YBR078W,0,1.0864403,0.18290384113788605,0.871257483959198,0.39007800817489624
YPR141C,YLR207W,0,1.0850973,0.18286551535129547,0.871257483959198,0.39017802476882935
YDR088C,YKR068C,0,1.0850521,0.18282721936702728,0.871257483959198,0.39027804136276245
YDL206W,YHR077C,0,1.0835268,0.1827889382839203,0.871257483959198,0.39037808775901794
YJR009C,YLR154W-C,0,1.0811083,0.18275068700313568,0.871257483959198,0.39047810435295105
YFR033C,YER056C-A,0,1.0799756,0.18271243572235107,0.871257483959198,0.39057812094688416
YCR047C,YCR086W,0,1.0778348,0.18267419934272766,0.871257483959198,0.39067813754081726
YCR107W,YHR004C,0,1.077346,0.18263597786426544,0.871257483959198,0.39077815413475037
YBR128C,YLL029W,0,1.0766943,0.1825977861881256,0.871257483959198,0.39087817072868347
YHR084W,YKL048C,1,1.0764321,0.18276871740818024,0.8722555041313171,0.39087817072868347
YDL075W,YNL213C,0,1.0754657,0.1827305108308792,0.8722555041313171,0.3909781873226166
YBR128C,YLR121C,0,1.0741357,0.18269230425357819,0.8722555041313171,0.3910782039165497
YBR005W,YIR012W,0,1.0725694,0.18265412747859955,0.8722555041313171,0.3911782503128052
YHL009W-B,YLR023C,0,1.0718243,0.1826159656047821,0.8722555041313171,0.3912782669067383
YLR187W,YLR143W,0,1.0692359,0.18257781863212585,0.8722555041313171,0.3913782835006714
YPL157W,YMR273C,0,1.0684325,0.1825396865606308,0.8722555041313171,0.3914783000946045
YGL225W,YDR261C-D,0,1.0680131,0.18250156939029694,0.8722555041313171,0.3915783166885376
YMR118C,YJL006C,0,1.0677757,0.18246346712112427,0.8722555041313171,0.3916783332824707
YKL218C,YJR120W,0,1.0663073,0.1824253797531128,0.8722555041313171,0.3917783498764038
YER155C,YDL117W,0,1.065828,0.1823873072862625,0.8722555041313171,0.3918783664703369
YKL069W,YFR027W,0,1.0596071,0.18234926462173462,0.8722555041313171,0.39197838306427
YGL241W,YNL314W,0,1.058896,0.18231122195720673,0.8722555041313171,0.3920784294605255
YDR532C,YIL109C,0,1.0571132,0.18227319419384003,0.8722555041313171,0.3921784460544586
YDR217C,YFR031C-A,0,1.0565839,0.18223519623279572,0.8722555041313171,0.3922784626483917
YLR200W,YGL226C-A,0,1.0559126,0.1821972131729126,0.8722555041313171,0.39237847924232483
YDR093W,YJL052W,0,1.0540347,0.18215923011302948,0.8722555041313171,0.39247849583625793
YLR359W,YDR482C,0,1.053756,0.18212127685546875,0.8722555041313171,0.39257851243019104
YDL206W,YER044C,0,1.0515649,0.1820833384990692,0.8722555041313171,0.39267852902412415
YLR410W-A,YDL091C,0,1.0489991,0.18204540014266968,0.8722555041313171,0.39277854561805725
YKL132C,YEL031W,0,1.0471436,0.18200749158859253,0.8722555041313171,0.39287856221199036
YIL173W,YEL040W,0,1.0420982,0.18196959793567657,0.8722555041313171,0.39297860860824585
YPL156C,YDR260C,0,1.0399421,0.18193171918392181,0.8722555041313171,0.39307862520217896
YNL138W,YLR289W,0,1.0385566,0.18189385533332825,0.8722555041313171,0.39317864179611206
YER048W-A,YNL282W,0,1.0352215,0.18185600638389587,0.8722555041313171,0.39327865839004517
YLR442C,YMR159C,0,1.0349429,0.1818181872367859,0.8722555041313171,0.39337867498397827
YDR046C,YDR138W,0,1.0332447,0.1817803680896759,0.8722555041313171,0.3934786915779114
YBR208C,YDL123W,0,1.0320241,0.1817425638437271,0.8722555041313171,0.3935787081718445
YJL174W,YJL045W,0,1.0302875,0.18170477449893951,0.8722555041313171,0.3936787247657776
YJR096W,YJR033C,0,1.0284743,0.1816670149564743,0.8722555041313171,0.3937787413597107
YMR318C,YOR142W-B,0,1.0278015,0.1816292554140091,0.8722555041313171,0.3938787877559662
YPR019W,YDR021W,0,1.0226343,0.18159152567386627,0.8722555041313171,0.3939788043498993
YGR185C,YKL029C,0,1.0164456,0.18155379593372345,0.8722555041313171,0.3940788209438324
YMR001C,YAL011W,0,1.0150733,0.18151609599590302,0.8722555041313171,0.3941788375377655
YDR036C,YJL133W,0,1.0127873,0.18147841095924377,0.8722555041313171,0.3942788541316986
YNL164C,YDR098C-B,0,1.0111989,0.18144072592258453,0.8722555041313171,0.3943788707256317
YDL114W,YOR317W,0,1.0102293,0.18140307068824768,0.8722555041313171,0.3944788873195648
YLR427W,YMR019W,0,1.0077243,0.18136543035507202,0.8722555041313171,0.3945789039134979
YHR011W,YDR210C-D,0,1.0073901,0.18132780492305756,0.8722555041313171,0.3946789503097534
YPL139C,YML077W,0,1.0066848,0.18129019439220428,0.8722555041313171,0.3947789669036865
YHR215W,YLR390W,0,1.0042684,0.1812525987625122,0.8722555041313171,0.39487898349761963
YHR041C,YDR098C-B,0,1.002728,0.18121501803398132,0.8722555041313171,0.39497900009155273
YOR192C,YJL109C,0,1.0026889,0.18117745220661163,0.8722555041313171,0.39507901668548584
YJL216C,YMR272C,0,1.0026233,0.18113990128040314,0.8722555041313171,0.39517903327941895
YPL087W,YDR165W,0,1.002552,0.18110236525535583,0.8722555041313171,0.39527904987335205
YHR035W,YDR081C,0,1.0015528,0.18106484413146973,0.8722555041313171,0.39537906646728516
YER114C,YDL135C,0,1.0007874,0.1810273379087448,0.8722555041313171,0.39547908306121826
YER101C,YML132W,0,0.99939704,0.1809898465871811,0.8722555041313171,0.39557912945747375
YHR146W,YOR138C,0,0.9931357,0.18095238506793976,0.8722555041313171,0.39567914605140686
YDR483W,YIL140W,0,0.9918827,0.18091492354869843,0.8722555041313171,0.39577916264533997
YLR106C,YBR075W,0,0.99180174,0.1808774769306183,0.8722555041313171,0.39587917923927307
YPR070W,YML054C,0,0.9912145,0.18084006011486053,0.8722555041313171,0.3959791958332062
YLR160C,YER108C,0,0.9906806,0.18080264329910278,0.8722555041313171,0.3960792124271393
YNL052W,YLR130C,0,0.98882675,0.18076525628566742,0.8722555041313171,0.3961792290210724
YDR254W,YGR161W-A,0,0.9869435,0.18072786927223206,0.8722555041313171,0.3962792456150055
YDR098C-B,YFL026W,0,0.9869435,0.18069051206111908,0.8722555041313171,0.3963792622089386
YDL144C,YIL084C,0,0.9869344,0.1806531697511673,0.8722555041313171,0.3964793086051941
YOL103W-A,YPR030W,0,0.9853245,0.18061582744121552,0.8722555041313171,0.3965793251991272
YPL276W,YJL072C,0,0.98100454,0.18057851493358612,0.8722555041313171,0.3966793417930603
YDR393W,YER087W,0,0.9809917,0.18054121732711792,0.8722555041313171,0.3967793583869934
YJL206C,YIL033C,0,0.98060524,0.18050391972064972,0.8722555041313171,0.3968793749809265
YNL283C,YDR105C,0,0.9804899,0.1804666519165039,0.8722555041313171,0.3969793915748596
YNL138W-A,YPR161C,0,0.9788787,0.1804293990135193,0.8722555041313171,0.3970794081687927
YLR102C,YDR261W-A,0,0.97876465,0.18039216101169586,0.8722555041313171,0.39717942476272583
YAL034W-A,YJL112W,0,0.9772118,0.18035493791103363,0.8722555041313171,0.39727944135665894
YNL208W,YDR434W,0,0.9758645,0.1803177297115326,0.8722555041313171,0.39737948775291443
YIR002C,YGR109W-A,0,0.9754045,0.18028052151203156,0.8722555041313171,0.39747950434684753
YPR067W,YNL098C,0,0.97529507,0.1802433431148529,0.8722555041313171,0.39757952094078064
YGR181W,YLR109W,0,0.97323436,0.18020617961883545,0.8722555041313171,0.39767953753471375
YOR066W,YDL195W,0,0.9732089,0.1801690310239792,0.8722555041313171,0.39777955412864685
YNR021W,YLR188W,0,0.97265846,0.18013189733028412,0.8722555041313171,0.39787957072257996
YKL108W,YCL060C,0,0.9709719,0.18009479343891144,0.8722555041313171,0.39797958731651306
YEL006W,YCL069W,0,0.9695219,0.18005768954753876,0.8722555041313171,0.39807960391044617
YDR529C,YBL023C,0,0.9679991,0.18002060055732727,0.8722555041313171,0.39817965030670166
YPR049C,YBR205W,0,0.9671078,0.17998352646827698,0.8722555041313171,0.39827966690063477
YML106W,YGR161C-D,0,0.9661417,0.17994646728038788,0.8722555041313171,0.39837968349456787
YKL199C,YDL208W,0,0.9658488,0.17990942299365997,0.8722555041313171,0.398479700088501
YGR076C,YER014C-A,0,0.96360135,0.17987240850925446,0.8722555041313171,0.3985797166824341
YMR296C,YLR350W,0,0.9627774,0.17983539402484894,0.8722555041313171,0.3986797332763672
YHL034C,YDR285W,0,0.96125257,0.17979839444160461,0.8722555041313171,0.3987797498703003
YPL257W-A,YBR192W,0,0.960355,0.17976140975952148,0.8722555041313171,0.3988797664642334
YBR281C,YGL067W,0,0.9590502,0.17972445487976074,0.8722555041313171,0.3989797830581665
YPR194C,YBR183W,0,0.95760417,0.1796875,0.8722555041313171,0.399079829454422
YPR154W,YFR034C,0,0.9553153,0.17965056002140045,0.8722555041313171,0.3991798460483551
YJL144W,YNL029C,0,0.9540746,0.1796136498451233,0.8722555041313171,0.3992798626422882
YOR380W,YMR168C,0,0.95170134,0.17957673966884613,0.8722555041313171,0.3993798792362213
YMR289W,YHR118C,0,0.9515695,0.17953985929489136,0.8722555041313171,0.3994798958301544
YJR155W,YLL014W,0,0.9507716,0.17950297892093658,0.8722555041313171,0.3995799124240875
YIR005W,YPL235W,0,0.9495828,0.179466113448143,0.8722555041313171,0.39967992901802063
YHR084W,YKL043W,1,0.945876,0.17963457107543945,0.8732534646987915,0.39967992901802063
YKR031C,YDR478W,0,0.94498104,0.17959770560264587,0.8732534646987915,0.39977994561195374
YJR118C,YGL174W,0,0.94405395,0.1795608401298523,0.8732534646987915,0.39987996220588684
YML021C,YKL014C,0,0.94387573,0.1795240044593811,0.8732534646987915,0.39998000860214233
YDR117C,YNL129W,0,0.9415638,0.1794871836900711,0.8732534646987915,0.40008002519607544
YEL056W,YKL161C,0,0.94112736,0.1794503629207611,0.8732534646987915,0.40018004179000854
YDR536W,YHR039C-A,0,0.9393388,0.1794135719537735,0.8732534646987915,0.40028005838394165
YHL003C,YOR147W,0,0.9371094,0.17937679588794708,0.8732534646987915,0.40038007497787476
YDR146C,YKL194C,0,0.9365741,0.17934003472328186,0.8732534646987915,0.40048009157180786
YDR330W,YER060W-A,0,0.93512726,0.17930327355861664,0.8732534646987915,0.40058010816574097
YPL137C,YGL135W,0,0.93399996,0.1792665421962738,0.8732534646987915,0.4006801247596741
YJL024C,YGR071C,0,0.9318316,0.17922982573509216,0.8732534646987915,0.4007801413536072
YPR204W,YMR081C,0,0.93169224,0.17919312417507172,0.8732534646987915,0.40088018774986267
YBR087W,YDR289C,0,0.9293994,0.17915642261505127,0.8732534646987915,0.4009802043437958
YNR041C,YDR210C-D,0,0.9277923,0.1791197508573532,0.8732534646987915,0.4010802209377289
YML102W,YGL141W,0,0.9240575,0.17908309400081635,0.8732534646987915,0.401180237531662
YDR270W,YBR075W,0,0.9226463,0.17904645204544067,0.8732534646987915,0.4012802541255951
YPL188W,YGL116W,0,0.91754204,0.1790098249912262,0.8732534646987915,0.4013802707195282
YHR153C,YML070W,0,0.9157052,0.17897319793701172,0.8732534646987915,0.4014802873134613
YCL060C,YEL017C-A,0,0.91444564,0.17893660068511963,0.8732534646987915,0.4015803039073944
YDR389W,YGR112W,0,0.9143533,0.17890001833438873,0.8732534646987915,0.4016803503036499
YGL195W,YFL054C,0,0.9138191,0.17886345088481903,0.8732534646987915,0.401780366897583
YGR184C,YDR248C,0,0.9129176,0.17882689833641052,0.8732534646987915,0.4018803834915161
YPR158W-B,YLR086W,0,0.91258824,0.1787903606891632,0.8732534646987915,0.4019804000854492
YIL150C,YLL043W,0,0.9108868,0.1787538230419159,0.8732534646987915,0.4020804166793823
YDR178W,YLR234W,0,0.9095526,0.17871731519699097,0.8732534646987915,0.40218043327331543
YGL090W,YJL019W,0,0.9078845,0.17868082225322723,0.8732534646987915,0.40228044986724854
YLR098C,YBR211C,0,0.9065205,0.1786443442106247,0.8732534646987915,0.40238046646118164
YDR134C,YBL039C,0,0.90574545,0.17860788106918335,0.8732534646987915,0.40248048305511475
YCR040W,YDL120W,0,0.90440285,0.1785714328289032,0.8732534646987915,0.40258052945137024
YDR466W,YNR071C,0,0.9042554,0.17853499948978424,0.8732534646987915,0.40268054604530334
YMR086W,YLL009C,0,0.9037176,0.17849856615066528,0.8732534646987915,0.40278056263923645
YBR188C,YPR102C,0,0.9011185,0.1784621626138687,0.8732534646987915,0.40288057923316956
YDR270W,YOR251C,0,0.90091634,0.17842577397823334,0.8732534646987915,0.40298059582710266
YOL018C,YCR080W,0,0.90036386,0.17838940024375916,0.8732534646987915,0.40308061242103577
YKR031C,YNL073W,0,0.89862204,0.17835304141044617,0.8732534646987915,0.40318062901496887
YLR381W,YJL114W,0,0.89716756,0.17831669747829437,0.8732534646987915,0.403280645608902
YCL005W-A,YJR138W,0,0.8959123,0.17828035354614258,0.8732534646987915,0.4033806622028351
YER113C,YER060W-A,0,0.89525044,0.17824403941631317,0.8732534646987915,0.4034807085990906
YBL034C,YML104C,0,0.8947238,0.17820774018764496,0.8732534646987915,0.4035807251930237
YLR115W,YOR271C,0,0.8942407,0.17817145586013794,0.8732534646987915,0.4036807417869568
YMR227C,YLR459W,0,0.88963413,0.17813518643379211,0.8732534646987915,0.4037807583808899
YBR218C,YDL111C,0,0.8885474,0.1780989170074463,0.8732534646987915,0.403880774974823
YMR203W,YPR043W,0,0.8839147,0.17806267738342285,0.8732534646987915,0.4039807915687561
YIL009W,YFL018W-A,0,0.88331777,0.1780264526605606,0.8732534646987915,0.4040808081626892
YOR150W,YML021C,0,0.88250756,0.17799024283885956,0.8732534646987915,0.4041808247566223
YKR048C,YPL056C,0,0.88161343,0.1779540330171585,0.8732534646987915,0.4042808413505554
YNL061W,YER131W,0,0.8815778,0.17791785299777985,0.8732534646987915,0.4043808877468109
YPL148C,YGR085C,0,0.881038,0.17788168787956238,0.8732534646987915,0.404480904340744
YJR034W,YEL041W,0,0.8801595,0.1778455227613449,0.8732534646987915,0.4045809209346771
YOR258W,YGL148W,0,0.8799337,0.17780938744544983,0.8732534646987915,0.40468093752861023
YJL062W-A,YDL215C,0,0.87956357,0.17777326703071594,0.8732534646987915,0.40478095412254333
YDR138W,YNL248C,0,0.87915766,0.17773714661598206,0.8732534646987915,0.40488097071647644
YGR046W,YKL192C,0,0.87806165,0.17770105600357056,0.8732534646987915,0.40498098731040955
YKL144C,YJR033C,0,0.8780577,0.17766498029232025,0.8732534646987915,0.40508100390434265
YOL069W,YCR009C,0,0.8762406,0.17762890458106995,0.8732534646987915,0.40518105030059814
YKL198C,YGR204W,0,0.8755889,0.17759285867214203,0.8732534646987915,0.40528106689453125
YJR046W,YDL038C,0,0.8695795,0.1775568127632141,0.8732534646987915,0.40538108348846436
YJL062W-A,YJL164C,0,0.8668995,0.17752079665660858,0.8732534646987915,0.40548110008239746
YDR381W,YCR097WB,0,0.8668351,0.17748478055000305,0.8732534646987915,0.40558111667633057
YDR189W,YLR237W,0,0.8665427,0.1774487942457199,0.8732534646987915,0.40568113327026367
YDR451C,YLR330W,0,0.86551404,0.17741280794143677,0.8732534646987915,0.4057811498641968
YDR247W,YDR372C,0,0.86417186,0.177376851439476,0.8732534646987915,0.4058811664581299
YNL238W,YOR254C,0,0.86407995,0.17734089493751526,0.8732534646987915,0.405981183052063
YDR495C,YAL051W,0,0.86400956,0.1773049682378769,0.8732534646987915,0.4060812294483185
YLR380W,YDL148C,0,0.86387575,0.17726904153823853,0.8732534646987915,0.4061812460422516
YMR223W,YNL289W,0,0.8619643,0.17723314464092255,0.8732534646987915,0.4062812626361847
YGL119W,YOR363C,0,0.85681885,0.17719724774360657,0.8732534646987915,0.4063812792301178
YHR108W,YNL137C,0,0.8553493,0.17716136574745178,0.8732534646987915,0.4064812958240509
YKL150W,YAL007C,0,0.8523936,0.1771254986524582,0.8732534646987915,0.406581312417984
YIL140W,YBR267W,0,0.8514215,0.177089661359787,0.8732534646987915,0.4066813290119171
YIR014W,YAL016W,0,0.84922975,0.17705382406711578,0.8732534646987915,0.4067813456058502
YMR127C,YBR241C,0,0.8490845,0.17701800167560577,0.8732534646987915,0.4068813621997833
YLR327C,YOR378W,0,0.84852856,0.17698219418525696,0.8732534646987915,0.4069814085960388
YOL092W,YLR075W,0,0.84748065,0.17694641649723053,0.8732534646987915,0.4070814251899719
YHR174W,YDR118W,0,0.843331,0.1769106388092041,0.8732534646987915,0.40718144178390503
YML055W,YGR142W,0,0.83701044,0.17687487602233887,0.8732534646987915,0.40728145837783813
YFR021W,YKL190W,0,0.8365741,0.17683912813663483,0.8732534646987915,0.40738147497177124
YLR237W,YHR150W,0,0.83647597,0.17680339515209198,0.8732534646987915,0.40748149156570435
YPL153C,YLR074C,0,0.83242655,0.17676767706871033,0.8732534646987915,0.40758150815963745
YJR096W,YPL006W,0,0.8322089,0.17673197388648987,0.8732534646987915,0.40768152475357056
YDR378C,YNL137C,0,0.8295478,0.1766962856054306,0.8732534646987915,0.40778157114982605
YPL257W-A,YGL107C,0,0.82790804,0.17666061222553253,0.8732534646987915,0.40788158774375916
YHL031C,YBR023C,0,0.8271996,0.17662495374679565,0.8732534646987915,0.40798160433769226
YNL190W,YAL010C,0,0.82709706,0.17658931016921997,0.8732534646987915,0.40808162093162537
YPL104W,YLR145W,0,0.82653,0.1765536665916443,0.8732534646987915,0.40818163752555847
YDL138W,YCL059C,0,0.82558906,0.176518052816391,0.8732534646987915,0.4082816541194916
YFL035C,YJR034W,0,0.82454544,0.1764824539422989,0.8732534646987915,0.4083816707134247
YDR233C,YHR140W,0,0.8232938,0.17644686996936798,0.8732534646987915,0.4084816873073578
YBR181C,YLR131C,0,0.8222631,0.17641128599643707,0.8732534646987915,0.4085817039012909
YDL195W,YMR275C,0,0.8221519,0.17637573182582855,0.8732534646987915,0.4086817502975464
YDR034C-C,YML104C,0,0.8214138,0.17634019255638123,0.8732534646987915,0.4087817668914795
YBR072W,YDL136W,0,0.82124317,0.1763046532869339,0.8732534646987915,0.4088817834854126
YHR214W,YMR159C,0,0.82099503,0.17626914381980896,0.8732534646987915,0.4089818000793457
YPL156C,YER148W,0,0.8172436,0.17623363435268402,0.8732534646987915,0.4090818166732788
YPR003C,YNL147W,0,0.815724,0.17619815468788147,0.8732534646987915,0.4091818332672119
YAL019W,YLR154W-A,0,0.8126496,0.17616267502307892,0.8732534646987915,0.409281849861145
YGR007W,YDL060W,0,0.81103057,0.17612721025943756,0.8732534646987915,0.4093818664550781
YDL235C,YLR364W,0,0.8099984,0.1760917752981186,0.8732534646987915,0.40948188304901123
YML058W-A,YDR367W,0,0.809103,0.17605634033679962,0.8732534646987915,0.4095819294452667
YHL007C,YLR353W,1,0.80586916,0.1762220859527588,0.8742514848709106,0.4095819294452667
YAR009C,YLR190W,0,0.80566233,0.17618665099143982,0.8742514848709106,0.40968194603919983
YNL284C,YOL003C,0,0.80477583,0.17615121603012085,0.8742514848709106,0.40978196263313293
YJL090C,YOR016C,0,0.80240774,0.17611579596996307,0.8742514848709106,0.40988197922706604
YGL076C,YPR137C-A,0,0.80142736,0.17608040571212769,0.8742514848709106,0.40998199582099915
YLR073C,YHL009W-B,0,0.8012861,0.1760450154542923,0.8742514848709106,0.41008201241493225
YBR248C,YDR248C,0,0.8008916,0.1760096400976181,0.8742514848709106,0.41018202900886536
YGR161W-B,YGR129W,0,0.8006016,0.1759742796421051,0.8742514848709106,0.41028204560279846
YOR089C,YPR137C-B,0,0.80007446,0.1759389489889145,0.8742514848709106,0.41038206219673157
YDR248C,YPL175W,0,0.800066,0.17590361833572388,0.8742514848709106,0.41048210859298706
YDR210C-D,YPR120C,0,0.79907346,0.17586830258369446,0.8742514848709106,0.41058212518692017
YOR070C,YPR137C-B,0,0.7990532,0.17583300173282623,0.8742514848709106,0.41068214178085327
YPL257W-B,YFL002W-B,0,0.79879725,0.1757977157831192,0.8742514848709106,0.4107821583747864
YOR142W-A,YDL028C,0,0.7984643,0.17576244473457336,0.8742514848709106,0.4108821749687195
YLR172C,YLR395C,0,0.79820514,0.17572718858718872,0.8742514848709106,0.4109821915626526
YGR109W-B,YBR142W,0,0.79819083,0.17569193243980408,0.8742514848709106,0.4110822081565857
YKL010C,YKL185W,0,0.79815036,0.17565670609474182,0.8742514848709106,0.4111822247505188
YGR161W-B,YER012W,0,0.798037,0.17562149465084076,0.8742514848709106,0.4112822711467743
YDR107C,YDR261C-D,0,0.79514897,0.1755862832069397,0.8742514848709106,0.4113822877407074
YLR078C,YHR214C-C,0,0.7951114,0.17555110156536102,0.8742514848709106,0.4114823043346405
YCR065W,YJR135C,0,0.79265547,0.17551593482494354,0.8742514848709106,0.4115823209285736
YGR017W,YGR109W-B,0,0.79100406,0.17548076808452606,0.8742514848709106,0.4116823375225067
YLR223C,YBR243C,0,0.7907999,0.17544563114643097,0.8742514848709106,0.4117823541164398
YMR183C,YOR142W-B,0,0.78954595,0.17541049420833588,0.8742514848709106,0.4118823707103729
YFL002W-B,YBR214W,0,0.7867751,0.17537537217140198,0.8742514848709106,0.41198238730430603
YML057W,YPL126W,0,0.7857746,0.17534026503562927,0.8742514848709106,0.41208240389823914
YGL063W,YDR483W,0,0.7840575,0.17530518770217896,0.8742514848709106,0.41218245029449463
YMR302C,YNL180C,0,0.7824503,0.17527011036872864,0.8742514848709106,0.41228246688842773
YDR392W,YER108C,1,0.7821798,0.17543508112430573,0.8752495050430298,0.41228246688842773
YLR410W-B,YNL284C,0,0.77987635,0.1754000037908554,0.8752495050430298,0.41238248348236084
YLR441C,YPR137C-A,0,0.77898616,0.1753649264574051,0.8752495050430298,0.41248250007629395
YLR227W-A,YGL083W,0,0.7788247,0.17532986402511597,0.8752495050430298,0.41258251667022705
YML030W,YBR231C,0,0.7781512,0.17529481649398804,0.8752495050430298,0.41268253326416016
YDR332W,YGR027W-B,0,0.77644205,0.1752597987651825,0.8752495050430298,0.41278254985809326
YBR291C,YDR416W,0,0.7722371,0.17522478103637695,0.8752495050430298,0.41288256645202637
YPL209C,YPR158W-B,0,0.77125025,0.1751897782087326,0.8752495050430298,0.4129825830459595
YDR473C,YPR158W-B,0,0.77089083,0.17515479028224945,0.8752495050430298,0.41308262944221497
YLR227W-A,YDR235W,0,0.7677469,0.1751198023557663,0.8752495050430298,0.41318264603614807
YDR145W,YOR123C,0,0.76737136,0.17508484423160553,0.8752495050430298,0.4132826626300812
YNL308C,YNL292W,0,0.76423234,0.17504990100860596,0.8752495050430298,0.4133826792240143
YGR199W,YBL020W,0,0.7632254,0.17501497268676758,0.8752495050430298,0.4134826958179474
YAL003W,YCR105W,0,0.7629628,0.1749800443649292,0.8752495050430298,0.4135827124118805
YEL061C,YNL288W,0,0.76243985,0.1749451458454132,0.8752495050430298,0.4136827290058136
YML037C,YKL052C,0,0.76170915,0.17491024732589722,0.8752495050430298,0.4137827455997467
YOR192C-B,YBR093C,0,0.76160765,0.1748753786087036,0.8752495050430298,0.4138827621936798
YDR365W-A,YLR451W,0,0.76037526,0.17484050989151,0.8752495050430298,0.4139828085899353
YOR091W,YER159C-A,0,0.76001203,0.1748056560754776,0.8752495050430298,0.4140828251838684
YDR028C,YMR006C,0,0.7596165,0.17477083206176758,0.8752495050430298,0.4141828417778015
YNL079C,YLR154W-A,0,0.75861585,0.17473600804805756,0.8752495050430298,0.4142828583717346
YLR044C,YOR304W,0,0.757957,0.17470119893550873,0.8752495050430298,0.4143828749656677
YDR365W-A,YNL151C,0,0.755699,0.1746664047241211,0.8752495050430298,0.41448289155960083
YNL044W,YPL002C,0,0.755384,0.17463162541389465,0.8752495050430298,0.41458290815353394
YMR156C,YJL065C,0,0.75391066,0.1745968610048294,0.8752495050430298,0.41468292474746704
YJL110C,YER087W,0,0.7527298,0.17456209659576416,0.8752495050430298,0.41478297114372253
YOR355W,YFL054C,0,0.75206625,0.1745273619890213,0.8752495050430298,0.41488298773765564
YMR316W,YLR014C,0,0.75041926,0.17449264228343964,0.8752495050430298,0.41498300433158875
YDL159W,YAL041W,1,0.7503336,0.17465685307979584,0.8762475252151489,0.41498300433158875
YDR222W,YBL069W,0,0.74995226,0.17462211847305298,0.8762475252151489,0.41508302092552185
YER159C-A,YLR185W,0,0.74867564,0.1745873987674713,0.8762475252151489,0.41518303751945496
YDR429C,YKL114C,0,0.7482904,0.17455267906188965,0.8762475252151489,0.41528305411338806
YPR097W,YLR103C,0,0.74732804,0.17451798915863037,0.8762475252151489,0.41538307070732117
YGL126W,YDL038C,0,0.74656135,0.1744833141565323,0.8762475252151489,0.4154830873012543
YOR192C-B,YBR192W,0,0.74500513,0.1744486391544342,0.8762475252151489,0.4155831038951874
YHR061C,YNL052W,0,0.7439962,0.17441397905349731,0.8762475252151489,0.41568315029144287
YLR109W,YAL020C,0,0.74294996,0.1743793487548828,0.8762475252151489,0.415783166885376
YFL002W-B,YIR019C,0,0.7428627,0.1743447184562683,0.8762475252151489,0.4158831834793091
YDR226W,YPL221W,0,0.74200255,0.174310103058815,0.8762475252151489,0.4159832000732422
YKL180W,YGL087C,0,0.74079573,0.1742755025625229,0.8762475252151489,0.4160832166671753
YBR141C,YDR372C,0,0.74032164,0.17424091696739197,0.8762475252151489,0.4161832332611084
YDR283C,YJR158W,0,0.7384976,0.17420634627342224,0.8762475252151489,0.4162832498550415
YER179W,YER036C,0,0.73668647,0.1741717904806137,0.8762475252151489,0.4163832664489746
YBL093C,YOR285W,0,0.7362312,0.17413724958896637,0.8762475252151489,0.4164832830429077
YLR427W,YDR430C,0,0.73409945,0.17410272359848022,0.8762475252151489,0.4165833294391632
YDL059C,YJL213W,0,0.72971094,0.17406819760799408,0.8762475252151489,0.4166833460330963
YNL273W,YGR024C,0,0.72787964,0.17403370141983032,0.8762475252151489,0.4167833626270294
YHR066W,YJR029W,0,0.72729886,0.17399920523166656,0.8762475252151489,0.4168833792209625
YPL257W-B,YLR459W,0,0.72728646,0.1739647388458252,0.8762475252151489,0.41698339581489563
YOL142W,YPR189W,0,0.72463477,0.17393027245998383,0.8762475252151489,0.41708341240882874
YNR055C,YCR096C,0,0.7227068,0.17389582097530365,0.8762475252151489,0.41718342900276184
YNL284C-B,YPR137C-B,0,0.7224159,0.17386138439178467,0.8762475252151489,0.41728344559669495
YAL021C,YDR471W,0,0.71994084,0.17382696270942688,0.8762475252151489,0.41738346219062805
YHR039C-B,YJL129C,0,0.7183129,0.17379255592823029,0.8762475252151489,0.41748350858688354
YCL057W,YPL051W,0,0.71732926,0.17375816404819489,0.8762475252151489,0.41758352518081665
YMR019W,YMR296C,0,0.7160467,0.17372378706932068,0.8762475252151489,0.41768354177474976
YLR227W-A,YER070W,0,0.71368057,0.17368941009044647,0.8762475252151489,0.41778355836868286
YDL102W,YLR337W,0,0.7130851,0.17365506291389465,0.8762475252151489,0.41788357496261597
YPL099C,YLR008C,0,0.712333,0.17362073063850403,0.8762475252151489,0.4179835915565491
YMR101C,YPR158C-D,0,0.7117088,0.1735863983631134,0.8762475252151489,0.4180836081504822
YER174C,YDL082W,0,0.7093896,0.17355208098888397,0.8762475252151489,0.4181836247444153
YPL119C,YNL007C,0,0.70806324,0.17351779341697693,0.8762475252151489,0.4182836711406708
YGL192W,YCL060C,0,0.70657915,0.17348350584506989,0.8762475252151489,0.4183836877346039
YIR017C,YDR434W,0,0.7046919,0.17344923317432404,0.8762475252151489,0.418483704328537
YKL158W,YMR273C,0,0.7009457,0.17341497540473938,0.8762475252151489,0.4185837209224701
YCR096C,YPL220W,0,0.6975767,0.17338073253631592,0.8762475252151489,0.4186837375164032
YBR028C,YDL003W,0,0.6970248,0.17334648966789246,0.8762475252151489,0.4187837541103363
YDR087C,YER159C-A,0,0.69656605,0.17331227660179138,0.8762475252151489,0.4188837707042694
YOL103W-A,YDR137W,0,0.696276,0.1732780784368515,0.8762475252151489,0.4189837872982025
YPL021W,YGL226C-A,0,0.6945399,0.17324388027191162,0.8762475252151489,0.4190838038921356
YER068W,YER161C,0,0.69294405,0.17320971190929413,0.8762475252151489,0.4191838502883911
YBR254C,YDR261W-A,0,0.6893859,0.17317554354667664,0.8762475252151489,0.4192838668823242
YDL205C,YPR137C-A,0,0.6893859,0.17314139008522034,0.8762475252151489,0.4193838834762573
YNL103W,YPR137C-B,0,0.68829024,0.17310725152492523,0.8762475252151489,0.41948390007019043
YBR182C,YEL059C-A,0,0.6877359,0.17307312786579132,0.8762475252151489,0.41958391666412354
YPL129W,YJR133W,0,0.68767965,0.1730390191078186,0.8762475252151489,0.41968393325805664
YOR324C,YNL263C,0,0.68733793,0.17300492525100708,0.8762475252151489,0.41978394985198975
YCR053W,YJL212C,0,0.6864337,0.17297084629535675,0.8762475252151489,0.41988396644592285
YDR039C,YPR137C-B,0,0.6864288,0.17293676733970642,0.8762475252151489,0.41998398303985596
YFL049W,YGR161W-B,0,0.6849343,0.17290271818637848,0.8762475252151489,0.42008402943611145
YPR171W,YDR107C,0,0.68244517,0.17286866903305054,0.8762475252151489,0.42018404603004456
YML071C,YGR241C,0,0.68201834,0.17283464968204498,0.8762475252151489,0.42028406262397766
YKR071C,YHL019C,0,0.68175447,0.17280063033103943,0.8762475252151489,0.42038407921791077
YLR246W,YGR040W,0,0.67988837,0.17276662588119507,0.8762475252151489,0.42048409581184387
YGR143W,YGR274C,0,0.6789011,0.1727326363325119,0.8762475252151489,0.420584112405777
YKR007W,YAL010C,0,0.6763471,0.17269866168498993,0.8762475252151489,0.4206841289997101
YGR109W-A,YBR033W,0,0.67524195,0.17266470193862915,0.8762475252151489,0.4207841455936432
YJL106W,YOL086W-A,0,0.67361385,0.17263075709342957,0.8762475252151489,0.4208841621875763
YDR316W-B,YEL039C,0,0.6734165,0.17259681224822998,0.8762475252151489,0.4209842085838318
YDR098C-B,YGR217W,0,0.6734165,0.17256289720535278,0.8762475252151489,0.4210842251777649
YMR080C,YJL098W,0,0.6720212,0.17252898216247559,0.8762475252151489,0.421184241771698
YJL216C,YNL054W-B,0,0.67089444,0.17249508202075958,0.8762475252151489,0.4212842583656311
YBL007C,YFL002W-B,0,0.6708491,0.17246121168136597,0.8762475252151489,0.4213842749595642
YDL081C,YNL280C,0,0.6695449,0.17242734134197235,0.8762475252151489,0.4214842915534973
YGL185C,YGR161C-D,0,0.6690026,0.17239348590373993,0.8762475252151489,0.4215843081474304
YLR263W,YJR158W,0,0.6677195,0.1723596453666687,0.8762475252151489,0.4216843247413635
YOL098C,YKR035W-A,0,0.6675904,0.17232580482959747,0.8762475252151489,0.421784371137619
YDR239C,YLL014W,0,0.66591597,0.17229199409484863,0.8762475252151489,0.4218843877315521
YFL066C,YLR189C,0,0.6637999,0.172258198261261,0.8762475252151489,0.42198440432548523
YGR161W-A,YJL186W,0,0.66351926,0.17222440242767334,0.8762475252151489,0.42208442091941833
YJR104C,YLR158C,0,0.6622524,0.1721906214952469,0.8762475252151489,0.42218443751335144
YDL159W,YER113C,1,0.66087186,0.17235293984413147,0.8772454857826233,0.42218443751335144
YDR513W,YKL048C,0,0.6590507,0.17231915891170502,0.8772454857826233,0.42228445410728455
YDR432W,YKL048C,1,0.6577941,0.17248137295246124,0.8782435059547424,0.42228445410728455
YLL048C,YBL011W,0,0.65645206,0.1724475771188736,0.8782435059547424,0.42238447070121765
YNL078W,YPL226W,0,0.65638137,0.17241379618644714,0.8782435059547424,0.42248448729515076
YGR262C,YBR005W,0,0.6554918,0.1723800152540207,0.8782435059547424,0.42258450388908386
YPL001W,YBR131W,0,0.6548667,0.17234626412391663,0.8782435059547424,0.42268455028533936
YHR160C,YHR079C,0,0.65410155,0.17231251299381256,0.8782435059547424,0.42278456687927246
YDR103W,YDL133C-A,0,0.65176255,0.1722787767648697,0.8782435059547424,0.42288458347320557
YDR099W,YNL068C,1,0.64970624,0.1724407970905304,0.8792415261268616,0.42288458347320557
YBR240C,YER104W,0,0.6494334,0.17240704596042633,0.8792415261268616,0.42298460006713867
YPL225W,YOL010W,0,0.6465521,0.17237330973148346,0.8792415261268616,0.4230846166610718
YNL041C,YDR414C,0,0.64638984,0.17233958840370178,0.8792415261268616,0.4231846332550049
YER031C,YJL149W,0,0.6460904,0.1723058819770813,0.8792415261268616,0.423284649848938
YGR009C,YDR261W-A,0,0.6451192,0.172272190451622,0.8792415261268616,0.4233846664428711
YLR283W,YGL137W,0,0.64450675,0.1722385138273239,0.8792415261268616,0.4234846830368042
YDR456W,YOR299W,0,0.6437478,0.172204852104187,0.8792415261268616,0.4235847294330597
YPL083C,YKL045W,0,0.6429677,0.1721711903810501,0.8792415261268616,0.4236847460269928
YML074C,YPR031W,0,0.64252365,0.1721375584602356,0.8792415261268616,0.4237847626209259
YAL063C,YHR088W,0,0.6415274,0.17210392653942108,0.8792415261268616,0.423884779214859
YLL027W,YDR210C-D,0,0.6396569,0.17207030951976776,0.8792415261268616,0.4239847958087921
YKL144C,YPL175W,0,0.6386284,0.17203670740127563,0.8792415261268616,0.4240848124027252
YHR111W,YAL010C,0,0.63800114,0.1720031201839447,0.8792415261268616,0.4241848289966583
YOR343W-A,YGR083C,0,0.632669,0.17196954786777496,0.8792415261268616,0.42428484559059143
YFL035C-A,YGL191W,0,0.6321152,0.17193599045276642,0.8792415261268616,0.42438486218452454
YCL012W,YDL110C,0,0.63170534,0.17190243303775787,0.8792415261268616,0.42448490858078003
YBR082C,YDR304C,0,0.63061625,0.17186890542507172,0.8792415261268616,0.42458492517471313
YER056C-A,YOR079C,0,0.63046014,0.17183537781238556,0.8792415261268616,0.42468494176864624
YOR179C,YMR287C,0,0.6288494,0.1718018651008606,0.8792415261268616,0.42478495836257935
YMR226C,YHR108W,0,0.6278555,0.17176838219165802,0.8792415261268616,0.42488497495651245
YDR126W,YDR415C,0,0.6262522,0.17173489928245544,0.8792415261268616,0.42498499155044556
YPL233W,YNL278W,0,0.6259851,0.17170141637325287,0.8792415261268616,0.42508500814437866
YDR204W,YPR137C-B,0,0.62281454,0.17166796326637268,0.8792415261268616,0.42518502473831177
YOR373W,YNL167C,0,0.6227653,0.1716345250606537,0.8792415261268616,0.42528507113456726
YAL043C,YDL145C,0,0.6222707,0.1716010868549347,0.8792415261268616,0.42538508772850037
YML085C,YHR193C,0,0.6210985,0.17156767845153809,0.8792415261268616,0.42548510432243347
YJL187C,YGR174C,0,0.62096775,0.17153427004814148,0.8792415261268616,0.4255851209163666
YPL168W,YOR020C,0,0.62048626,0.17150087654590607,0.8792415261268616,0.4256851375102997
YDL029W,YMR228W,0,0.6197512,0.17146749794483185,0.8792415261268616,0.4257851541042328
YLR090W,YER149C,0,0.61585176,0.17143413424491882,0.8792415261268616,0.4258851706981659
YML076C,YJL109C,0,0.6155113,0.171400785446167,0.8792415261268616,0.425985187292099
YOR343W-B,YMR063W,0,0.6127876,0.17136743664741516,0.8792415261268616,0.4260852038860321
YOL103W-A,YMR243C,0,0.61268544,0.17133411765098572,0.8792415261268616,0.4261852502822876
YPL087W,YHR129C,0,0.61092895,0.17130079865455627,0.8792415261268616,0.4262852668762207
YEL070W,YGL236C,0,0.6108905,0.17126749455928802,0.8792415261268616,0.4263852834701538
YMR285C,YHR165C,0,0.6103604,0.17123420536518097,0.8792415261268616,0.4264853000640869
YLR286C,YNL054W-B,0,0.60777485,0.1712009310722351,0.8792415261268616,0.42658531665802
YLR234W,YAL056W,0,0.6074128,0.17116767168045044,0.8792415261268616,0.4266853332519531
YIL088C,YKL190W,0,0.6061845,0.17113442718982697,0.8792415261268616,0.42678534984588623
YJR054W,YHR047C,0,0.6056253,0.1711011826992035,0.8792415261268616,0.42688536643981934
YJL035C,YOL103W-B,0,0.60548186,0.1710679680109024,0.8792415261268616,0.42698538303375244
YPL196W,YNL284C-B,0,0.60432017,0.17103475332260132,0.8792415261268616,0.42708542943000793
YBR185C,YDR372C,0,0.6037266,0.17100155353546143,0.8792415261268616,0.42718544602394104
YPR158W-B,YFL056C,0,0.6034068,0.17096836864948273,0.8792415261268616,0.42728546261787415
YDR373W,YFL010W-A,0,0.6023256,0.17093519866466522,0.8792415261268616,0.42738547921180725
YEL062W,YDR098C-B,0,0.6021105,0.1709020435810089,0.8792415261268616,0.42748549580574036
YNL284C-B,YGR089W,0,0.60030997,0.1708688884973526,0.8792415261268616,0.42758551239967346
YGR104C,YGR161W-A,0,0.59944236,0.17083576321601868,0.8792415261268616,0.42768552899360657
YAR042W,YGR221C,0,0.59806687,0.17080263793468475,0.8792415261268616,0.4277855455875397
YNL051W,YMR286W,0,0.5971624,0.17076952755451202,0.8792415261268616,0.42788559198379517
YGR161C-D,YEL022W,0,0.596197,0.1707364320755005,0.8792415261268616,0.42798560857772827
YAL021C,YLL017W,0,0.59515244,0.17070335149765015,0.8792415261268616,0.4280856251716614
YDR178W,YOL139C,0,0.5947746,0.170670285820961,0.8792415261268616,0.4281856417655945
YDR285W,YDR281C,0,0.59474885,0.17063722014427185,0.8792415261268616,0.4282856583595276
YCL063W,YJR138W,0,0.594434,0.1706041842699051,0.8792415261268616,0.4283856749534607
YDR477W,YNL298W,1,0.5927768,0.17076475918293,0.8802395462989807,0.4283856749534607
YGR225W,YJL196C,0,0.59276485,0.17073170840740204,0.8802395462989807,0.4284856915473938
YER147C,YPL257W-A,0,0.59218204,0.17069865763187408,0.8802395462989807,0.4285857081413269
YGL212W,YJR126C,0,0.5919237,0.17066563665866852,0.8802395462989807,0.42868572473526
YPR158C-C,YBR261C,0,0.5917783,0.17063261568546295,0.8802395462989807,0.4287857711315155
YBR192W,YLL021W,0,0.59123605,0.17059960961341858,0.8802395462989807,0.4288857877254486
YDR041W,YMR175W,0,0.59075016,0.1705666184425354,0.8802395462989807,0.4289858043193817
YFL002W-B,YOR194C,0,0.5893352,0.17053364217281342,0.8802395462989807,0.4290858209133148
YDL121C,YDR234W,0,0.5886519,0.17050068080425262,0.8802395462989807,0.4291858375072479
YOR315W,YJL179W,0,0.5883049,0.17046771943569183,0.8802395462989807,0.42928585410118103
YGR058W,YPL056C,0,0.5848911,0.17043478786945343,0.8802395462989807,0.42938587069511414
YHR140W,YJR059W,0,0.58345,0.17040185630321503,0.8802395462989807,0.42948588728904724
YLR426W,YDR365W-A,0,0.5825472,0.17036893963813782,0.8802395462989807,0.42958590388298035
YNL054W-A,YPL156C,0,0.5825472,0.1703360378742218,0.8802395462989807,0.42968595027923584
YBL078C,YHR129C,0,0.5817132,0.17030315101146698,0.8802395462989807,0.42978596687316895
YPR100W,YGR109W-A,0,0.58137214,0.17027026414871216,0.8802395462989807,0.42988598346710205
YOR057W,YPR041W,0,0.58135945,0.17023740708827972,0.8802395462989807,0.42998600006103516
YBR202W,YOR249C,0,0.5781019,0.1702045500278473,0.8802395462989807,0.43008601665496826
YHR058C,YIL022W,0,0.5763501,0.17017170786857605,0.8802395462989807,0.43018603324890137
YPR158C-C,YJR138W,0,0.5757048,0.1701388955116272,0.8802395462989807,0.4302860498428345
YFL035C,YOR038C,0,0.57136863,0.17010606825351715,0.8802395462989807,0.4303860664367676
YOR221C,YOL103W-B,0,0.57077014,0.1700732707977295,0.8802395462989807,0.4304860830307007
YJR022W,YHR201C,0,0.5704447,0.17004048824310303,0.8802395462989807,0.4305861294269562
YDL146W,YOL154W,0,0.57036453,0.17000770568847656,0.8802395462989807,0.4306861460208893
YAL031C,YHR005C,0,0.5702699,0.16997495293617249,0.8802395462989807,0.4307861626148224
YDR211W,YOL103W-B,0,0.5701572,0.1699422001838684,0.8802395462989807,0.4308861792087555
YDR079W,YOR265W,0,0.5699804,0.16990946233272552,0.8802395462989807,0.4309861958026886
YLR227W-A,YPL049C,0,0.5695493,0.16987673938274384,0.8802395462989807,0.4310862123966217
YJR149W,YCL054W,0,0.5691897,0.16984401643276215,0.8802395462989807,0.4311862289905548
YJL213W,YOL082W,0,0.5691178,0.16981132328510284,0.8802395462989807,0.4312862455844879
YKL141W,YGL123W,0,0.56732726,0.16977863013744354,0.8802395462989807,0.4313862919807434
YGR180C,YNR021W,0,0.5671127,0.16974595189094543,0.8802395462989807,0.4314863085746765
YDR256C,YIR014W,0,0.56695956,0.16971330344676971,0.8802395462989807,0.4315863251686096
YIL094C,YNL054W-B,0,0.5648716,0.1696806401014328,0.8802395462989807,0.4316863417625427
YDR233C,YOR192C-A,0,0.56401,0.16964800655841827,0.8802395462989807,0.43178635835647583
YGL009C,YDL223C,0,0.5639472,0.16961538791656494,0.8802395462989807,0.43188637495040894
YGR143W,YGR109W-B,0,0.56269985,0.1695827692747116,0.8802395462989807,0.43198639154434204
YNR016C,YDL043C,0,0.56219006,0.16955018043518066,0.8802395462989807,0.43208640813827515
YLR291C,YLR164W,0,0.5614464,0.16951759159564972,0.8802395462989807,0.43218642473220825
YDR296W,YGL157W,0,0.5609684,0.16948501765727997,0.8802395462989807,0.43228647112846375
YBR191W,YJR028W,0,0.56004375,0.16945244371891022,0.8802395462989807,0.43238648772239685
YAL068C,YGL220W,0,0.55797136,0.16941989958286285,0.8802395462989807,0.43248650431632996
YDL164C,YDR517W,0,0.5574918,0.16938737034797668,0.8802395462989807,0.43258652091026306
YDR079W,YFL002W-A,0,0.5561655,0.16935484111309052,0.8802395462989807,0.43268653750419617
YBL026W,YAL035W,0,0.5544994,0.16932232677936554,0.8802395462989807,0.4327865540981293
YDR110W,YGL168W,0,0.5537012,0.16928982734680176,0.8802395462989807,0.4328865706920624
YDL006W,YPR137C-B,0,0.5528559,0.16925734281539917,0.8802395462989807,0.4329865872859955
YOL155C,YER159C,0,0.5527023,0.16922485828399658,0.8802395462989807,0.4330866038799286
YGR046W,YPL140C,0,0.55220145,0.16919240355491638,0.8802395462989807,0.4331866502761841
YCR065W,YIL172C,0,0.55213785,0.16915994882583618,0.8802395462989807,0.4332866668701172
YHR136C,YBR162W-A,0,0.55028045,0.16912752389907837,0.8802395462989807,0.4333866834640503
YHR138C,YCR016W,0,0.5475768,0.16909509897232056,0.8802395462989807,0.4334867000579834
YNL078W,YDR176W,0,0.5448817,0.16906267404556274,0.8802395462989807,0.4335867166519165
YIL049W,YOR030W,1,0.54287964,0.1692219227552414,0.8812375068664551,0.4335867166519165
YKL161C,YAL053W,0,0.5418731,0.16918949782848358,0.8812375068664551,0.4336867332458496
YLR385C,YLR130C,0,0.5408574,0.16915708780288696,0.8812375068664551,0.4337867498397827
YML031W,YER048W-A,0,0.5384082,0.16912469267845154,0.8812375068664551,0.4338867664337158
YDR365W-A,YOR038C,0,0.5379685,0.1690922975540161,0.8812375068664551,0.4339867830276489
YCL008C,YMR239C,0,0.53674614,0.16905993223190308,0.8812375068664551,0.4340868294239044
YAL048C,YER070W,0,0.5349841,0.16902756690979004,0.8812375068664551,0.4341868460178375
YDR030C,YGL115W,0,0.5329712,0.1689952164888382,0.8812375068664551,0.43428686261177063
YOR126C,YOR142W-B,0,0.53267395,0.16896288096904755,0.8812375068664551,0.43438687920570374
YPL223C,YHR070W,0,0.5319575,0.1689305454492569,0.8812375068664551,0.43448689579963684
YMR098C,YOR142W-B,0,0.53143954,0.16889823973178864,0.8812375068664551,0.43458691239356995
YDR316W-B,YML109W,0,0.53123,0.16886593401432037,0.8812375068664551,0.43468692898750305
YBR202W,YOR037W,0,0.52983093,0.1688336580991745,0.8812375068664551,0.43478694558143616
YDR447C,YGL219C,0,0.5283083,0.16880138218402863,0.8812375068664551,0.43488699197769165
YPR141C,YDR261C-D,0,0.52779937,0.16876910626888275,0.8812375068664551,0.43498700857162476
YFL002W-B,YER095W,0,0.5271904,0.16873686015605927,0.8812375068664551,0.43508702516555786
YJL059W,YCL012W,0,0.52714086,0.16870462894439697,0.8812375068664551,0.43518704175949097
YOR192C-B,YDL123W,0,0.5263821,0.16867239773273468,0.8812375068664551,0.4352870583534241
YJL012C,YDR436W,0,0.5258149,0.16864018142223358,0.8812375068664551,0.4353870749473572
YPL056C,YBR089C-A,0,0.5255899,0.16860798001289368,0.8812375068664551,0.4354870915412903
YOR330C,YIL072W,0,0.52355623,0.16857579350471497,0.8812375068664551,0.4355871081352234
YCR012W,YBR191W,0,0.5210141,0.16854362189769745,0.8812375068664551,0.4356871247291565
YDR473C,YPR158C-C,0,0.5194367,0.16851145029067993,0.8812375068664551,0.435787171125412
YER007W,YPR158W-B,0,0.5178273,0.1684792935848236,0.8812375068664551,0.4358871877193451
YER012W,YOR142W-B,0,0.5155405,0.16844715178012848,0.8812375068664551,0.4359872043132782
YNR004W,YLL043W,0,0.51483977,0.16841502487659454,0.8812375068664551,0.4360872209072113
YHR081W,YAL023C,0,0.51458883,0.1683829128742218,0.8812375068664551,0.4361872375011444
YOR343W-B,YLR219W,0,0.5142932,0.16835081577301025,0.8812375068664551,0.4362872540950775
YBR030W,YDR387C,0,0.51390266,0.1683187186717987,0.8812375068664551,0.4363872706890106
YBR112C,YIL046W,0,0.5136113,0.16828663647174835,0.8812375068664551,0.4364872872829437
YPL011C,YMR284W,0,0.5127131,0.1682545691728592,0.8812375068664551,0.43658730387687683
YJR131W,YDR404C,0,0.5115552,0.16822251677513123,0.8812375068664551,0.4366873502731323
YLR103C,YFR024C,0,0.5102782,0.16819047927856445,0.8812375068664551,0.43678736686706543
YBR052C,YHR044C,0,0.5100634,0.16815844178199768,0.8812375068664551,0.43688738346099854
YLR260W,YER180C,0,0.50973713,0.1681264340877533,0.8812375068664551,0.43698740005493164
YPL036W,YOR142W-A,0,0.50911486,0.1680944263935089,0.8812375068664551,0.43708741664886475
YKL043W,YOR142W-B,0,0.50902456,0.16806243360042572,0.8812375068664551,0.43718743324279785
YPL195W,YOL103W-A,0,0.5086975,0.16803044080734253,0.8812375068664551,0.43728744983673096
YBR040W,YDR098C-B,0,0.5070852,0.16799847781658173,0.8812375068664551,0.43738746643066406
YML052W,YPR048W,0,0.50646675,0.16796651482582092,0.8812375068664551,0.43748748302459717
YMR040W,YLR309C,0,0.50498796,0.1679345816373825,0.8812375068664551,0.43758752942085266
YOR338W,YFL002W-B,0,0.5049598,0.1679026484489441,0.8812375068664551,0.43768754601478577
YHR136C,YNL016W,0,0.5046227,0.16787071526050568,0.8812375068664551,0.43778756260871887
YHR197W,YGR078C,0,0.5036861,0.16783881187438965,0.8812375068664551,0.437887579202652
YBR188C,YCL059C,0,0.5028167,0.16780692338943481,0.8812375068664551,0.4379875957965851
YPL150W,YNL322C,0,0.5026792,0.16777503490447998,0.8812375068664551,0.4380876123905182
YGL222C,YDR284C,0,0.5021436,0.16774316132068634,0.8812375068664551,0.4381876289844513
YDR034C-C,YOR001W,0,0.49886292,0.1677113026380539,0.8812375068664551,0.4382876455783844
YOR346W,YGR060W,0,0.49877185,0.16767945885658264,0.8812375068664551,0.4383876919746399
YLR389C,YER184C,0,0.49760455,0.1676476150751114,0.8812375068664551,0.438487708568573
YML120C,YLR427W,0,0.49750173,0.16761578619480133,0.8812375068664551,0.4385877251625061
YLL067C,YDR365W-A,0,0.49648604,0.16758398711681366,0.8812375068664551,0.4386877417564392
YDR435C,YDL035C,0,0.49576285,0.167552188038826,0.8812375068664551,0.4387877583503723
YPL159C,YLR283W,0,0.49365532,0.16752038896083832,0.8812375068664551,0.4388877749443054
YPL160W,YCR046C,0,0.49315965,0.16748861968517303,0.8812375068664551,0.4389877915382385
YOL103W,YKL053C-A,0,0.4897238,0.16745685040950775,0.8812375068664551,0.43908780813217163
YFR038W,YJL148W,0,0.48696244,0.16742511093616486,0.8812375068664551,0.43918782472610474
YDR210C-D,YPR032W,0,0.48566815,0.16739337146282196,0.8812375068664551,0.43928787112236023
YKR075C,YLR143W,0,0.48517445,0.16736163198947906,0.8812375068664551,0.43938788771629333
YIL087C,YOL154W,0,0.485072,0.16732992231845856,0.8812375068664551,0.43948790431022644
YGR017W,YDL105W,0,0.48348543,0.16729821264743805,0.8812375068664551,0.43958792090415955
YBL010C,YDR316W-A,0,0.4799916,0.16726653277873993,0.8812375068664551,0.43968793749809265
YLR106C,YAL024C,0,0.47925508,0.1672348529100418,0.8812375068664551,0.43978795409202576
YIL098C,YDR365W-A,0,0.47773644,0.16720318794250488,0.8812375068664551,0.43988797068595886
YKR034W,YDR322W,0,0.47641343,0.16717152297496796,0.8812375068664551,0.43998798727989197
YMR077C,YIL087C,0,0.47580034,0.16713988780975342,0.8812375068664551,0.4400880038738251
YOL107W,YJR118C,0,0.47480336,0.16710825264453888,0.8812375068664551,0.44018805027008057
YPR002W,YBL020W,0,0.47286248,0.16707663238048553,0.8812375068664551,0.44028806686401367
YDR158W,YDL085W,0,0.4725101,0.16704502701759338,0.8812375068664551,0.4403880834579468
YPR097W,YDR365W-A,0,0.4664262,0.16701343655586243,0.8812375068664551,0.4404881000518799
YJL196C,YOR091W,0,0.46414733,0.16698184609413147,0.8812375068664551,0.440588116645813
YIL007C,YDR296W,0,0.46033335,0.1669502705335617,0.8812375068664551,0.4406881332397461
YHR009C,YGL210W,0,0.46022004,0.16691870987415314,0.8812375068664551,0.4407881498336792
YIL004C,YOL145C,0,0.45971563,0.16688716411590576,0.8812375068664551,0.4408881664276123
YGR161C-D,YJR006W,0,0.45830497,0.16685563325881958,0.8812375068664551,0.4409881830215454
YDL130W,YDR451C,0,0.45749214,0.1668241024017334,0.8812375068664551,0.4410882294178009
YIL049W,YER113C,1,0.4561216,0.16698148846626282,0.8822355270385742,0.4410882294178009
YDR261W-B,YKL045W,0,0.45598817,0.16694995760917664,0.8822355270385742,0.441188246011734
YCL012W,YJR160C,0,0.4557225,0.16691842675209045,0.8822355270385742,0.4412882626056671
YBR188C,YHL009W-B,0,0.4536472,0.16688691079616547,0.8822355270385742,0.4413882791996002
YGR010W,YOR142W-B,0,0.4536472,0.16685540974140167,0.8822355270385742,0.4414882957935333
YHL008C,YJL189W,0,0.45277965,0.16682392358779907,0.8822355270385742,0.44158831238746643
YJL181W,YOR192C-A,0,0.4515776,0.16679245233535767,0.8822355270385742,0.44168832898139954
YOR343W-A,YOL123W,0,0.45029452,0.16676098108291626,0.8822355270385742,0.44178834557533264
YNL189W,YDR261C-D,0,0.45003834,0.16672953963279724,0.8822355270385742,0.44188839197158813
YNL328C,YDR316W-B,0,0.44952774,0.16669809818267822,0.8822355270385742,0.44198840856552124
YGR177C,YNL054W-B,0,0.44826692,0.1666666716337204,0.8822355270385742,0.44208842515945435
YHL009W-B,YPR032W,0,0.44726437,0.16663524508476257,0.8822355270385742,0.44218844175338745
YKR066C,YJL012C-A,0,0.44645953,0.16660384833812714,0.8822355270385742,0.44228845834732056
YDR067C,YOL103W-A,0,0.44042897,0.1665724515914917,0.8822355270385742,0.44238847494125366
YNL288W,YDR261W-A,0,0.44038498,0.16654106974601746,0.8822355270385742,0.44248849153518677
YBR049C,YDR285W,0,0.43878907,0.1665097028017044,0.8822355270385742,0.4425885081291199
YGR161W-A,YLR074C,0,0.43680325,0.16647833585739136,0.8822355270385742,0.442688524723053
YDR316W-A,YLL012W,0,0.43607396,0.1664469987154007,0.8822355270385742,0.44278857111930847
YGR161W-A,YJL121C,0,0.43574005,0.16641566157341003,0.8822355270385742,0.4428885877132416
YGL144C,YHR008C,0,0.43441355,0.16638433933258057,0.8822355270385742,0.4429886043071747
YNL054W-A,YGR109W-B,0,0.4335007,0.1663530319929123,0.8822355270385742,0.4430886209011078
YDL220C,YOR343W-B,0,0.42980015,0.16632172465324402,0.8822355270385742,0.4431886374950409
YOR343W-A,YEL036C,0,0.4290015,0.16629044711589813,0.8822355270385742,0.443288654088974
YMR076C,YKL181W,0,0.42852458,0.16625916957855225,0.8822355270385742,0.4433886706829071
YMR296C,YGL071W,0,0.42790976,0.16622790694236755,0.8822355270385742,0.4434886872768402
YAR044W,YPL056C,0,0.42626458,0.16619665920734406,0.8822355270385742,0.4435887038707733
YLR227W-A,YPL146C,0,0.42196828,0.16616541147232056,0.8822355270385742,0.4436887502670288
YLL050C,YBL038W,0,0.42167914,0.16613417863845825,0.8822355270385742,0.4437887668609619
YLR410W-A,YHR030C,0,0.42131722,0.16610297560691833,0.8822355270385742,0.443888783454895
YLR418C,YLR075W,0,0.4206534,0.16607175767421722,0.8822355270385742,0.4439888000488281
YBL023C,YJL167W,0,0.42007038,0.1660405695438385,0.8822355270385742,0.44408881664276123
YOR384W,YML133C,0,0.41981137,0.16600939631462097,0.8822355270385742,0.44418883323669434
YDR261C-D,YNL242W,0,0.4192505,0.16597822308540344,0.8822355270385742,0.44428884983062744
YGR109W-A,YEL061C,0,0.41698286,0.1659470647573471,0.8822355270385742,0.44438886642456055
YGL064C,YNL284C-B,0,0.41622323,0.16591592133045197,0.8822355270385742,0.44448888301849365
YML016C,YPL065W,0,0.41312915,0.16588477790355682,0.8822355270385742,0.44458892941474915
YER145C,YOR180C,0,0.41266233,0.16585366427898407,0.8822355270385742,0.44468894600868225
YLR260W,YAL033W,0,0.4112203,0.16582255065441132,0.8822355270385742,0.44478896260261536
YML095C,YAL062W,0,0.4109371,0.16579145193099976,0.8822355270385742,0.44488897919654846
YPL196W,YGL169W,0,0.4084146,0.1657603532075882,0.8822355270385742,0.44498899579048157
YDR234W,YDL184C,0,0.40513778,0.16572928428649902,0.8822355270385742,0.4450890123844147
YJL005W,YKL186C,0,0.40411338,0.16569821536540985,0.8822355270385742,0.4451890289783478
YDR233C,YNR016C,0,0.4028016,0.16566716134548187,0.8822355270385742,0.4452890455722809
YDR273W,YDR261W-A,0,0.40279484,0.1656361222267151,0.8822355270385742,0.4453890919685364
YHL050C,YDR210W-B,0,0.40232956,0.1656050980091095,0.8822355270385742,0.4454891085624695
YIL037C,YGR193C,0,0.40174174,0.1655740737915039,0.8822355270385742,0.4455891251564026
YMR071C,YNR041C,0,0.40135586,0.1655430644750595,0.8822355270385742,0.4456891417503357
YGR097W,YPR158W-B,0,0.40063953,0.1655120700597763,0.8822355270385742,0.4457891583442688
YFL044C,YLR371W,0,0.40015697,0.1654810905456543,0.8822355270385742,0.4458891749382019
YER176W,YKR007W,0,0.3998658,0.16545012593269348,0.8822355270385742,0.445989191532135
YGL249W,YHR172W,0,0.39974385,0.16541916131973267,0.8822355270385742,0.4460892081260681
YGR245C,YPR011C,0,0.39684775,0.16538821160793304,0.8822355270385742,0.4461892247200012
YDR316W-A,YOR322C,0,0.39579624,0.16535727679729462,0.8822355270385742,0.4462892711162567
YPR047W,YDL134C-A,0,0.39456615,0.16532635688781738,0.8822355270385742,0.4463892877101898
YPR049C,YOR123C,0,0.3939978,0.16529543697834015,0.8822355270385742,0.4464893043041229
YOL090W,YER130C,0,0.39346823,0.1652645319700241,0.8822355270385742,0.44658932089805603
YBR214W,YPR080W,0,0.3933192,0.16523364186286926,0.8822355270385742,0.44668933749198914
YDL078C,YKL158W,0,0.39297986,0.1652027666568756,0.8822355270385742,0.44678935408592224
YPR030W,YKL155C,0,0.39292365,0.16517189145088196,0.8822355270385742,0.44688937067985535
YOL080C,YJL143W,0,0.392865,0.1651410460472107,0.8822355270385742,0.44698938727378845
YKR104W,YFL002W-A,0,0.39036998,0.16511020064353943,0.8822355270385742,0.44708940386772156
YNL054W,YDR105C,0,0.38894898,0.16507937014102936,0.8822355270385742,0.44718945026397705
YIL147C,YGL246C,0,0.38877106,0.1650485396385193,0.8822355270385742,0.44728946685791016
YDR257C,YKR038C,0,0.38845915,0.1650177389383316,0.8822355270385742,0.44738948345184326
YJR101W,YDR050C,0,0.3883202,0.16498693823814392,0.8822355270385742,0.44748950004577637
YDR034C-C,YPR054W,0,0.3880613,0.16495615243911743,0.8822355270385742,0.4475895166397095
YMR322C,YGL241W,0,0.3859836,0.16492536664009094,0.8822355270385742,0.4476895332336426
YLR306W,YOR142W-A,0,0.38535118,0.16489461064338684,0.8822355270385742,0.4477895498275757
YNL041C,YIL046W,0,0.38399625,0.16486385464668274,0.8822355270385742,0.4478895664215088
YPL257W-A,YDR517W,0,0.38366857,0.16483311355113983,0.8822355270385742,0.4479896128177643
YDR190C,YLR154W-A,0,0.38189507,0.16480238735675812,0.8822355270385742,0.4480896294116974
YDR520C,YOR242C,0,0.3811419,0.1647716611623764,0.8822355270385742,0.4481896460056305
YGL209W,YDR440W,0,0.38082016,0.16474096477031708,0.8822355270385742,0.4482896625995636
YLL011W,YDR451C,0,0.38060752,0.16471026837825775,0.8822355270385742,0.4483896791934967
YPL027W,YPR158C-D,0,0.3789947,0.16467958688735962,0.8822355270385742,0.4484896957874298
YKL166C,YPR102C,0,0.37813908,0.1646489053964615,0.8822355270385742,0.4485897123813629
YPL257W-B,YDR103W,0,0.37658787,0.16461825370788574,0.8822355270385742,0.448689728975296
YGR199W,YOR142W-B,0,0.3748328,0.16458760201931,0.8822355270385742,0.4487897455692291
YCL057W,YLR314C,0,0.3747046,0.16455696523189545,0.8822355270385742,0.4488897919654846
YER040W,YDR261W-A,0,0.3746894,0.1645263284444809,0.8822355270385742,0.4489898085594177
YDR365W-A,YNL024C,0,0.3729629,0.16449572145938873,0.8822355270385742,0.44908982515335083
YGR222W,YER159C-A,0,0.37267545,0.16446511447429657,0.8822355270385742,0.44918984174728394
YOR335C,YFL035C,0,0.37132186,0.1644345223903656,0.8822355270385742,0.44928985834121704
YPL113C,YDR285W,0,0.37046164,0.16440394520759583,0.8822355270385742,0.44938987493515015
YHL011C,YDL138W,0,0.36928827,0.16437336802482605,0.8822355270385742,0.44948989152908325
YOR142W-B,YPR055W,0,0.36846903,0.16434282064437866,0.8822355270385742,0.44958990812301636
YMR149W,YLR460C,0,0.36834756,0.16431227326393127,0.8822355270385742,0.44968992471694946
YKR078W,YDL040C,0,0.3678224,0.1642817258834839,0.8822355270385742,0.44978997111320496
YBL052C,YER063W,0,0.36684173,0.1642512083053589,0.8822355270385742,0.44988998770713806
YLR098C,YLR206W,0,0.36602277,0.1642206907272339,0.8822355270385742,0.44999000430107117
YBL106C,YGR063C,0,0.36537886,0.16419018805027008,0.8822355270385742,0.4500900208950043
YOR299W,YOL086W-A,0,0.3651517,0.16415970027446747,0.8822355270385742,0.4501900374889374
YEL032W,YLR401C,0,0.36271662,0.16412922739982605,0.8822355270385742,0.4502900540828705
YDR150W,YDR262W,0,0.36153156,0.16409875452518463,0.8822355270385742,0.4503900706768036
YGR009C,YPL082C,0,0.36117107,0.1640682965517044,0.8822355270385742,0.4504900872707367
YER030W,YJR029W,0,0.3600604,0.16403785347938538,0.8822355270385742,0.4505901038646698
YDR432W,YNL298W,1,0.35977578,0.16419294476509094,0.8832335472106934,0.4505901038646698
YNL054W-A,YKL088W,0,0.35922974,0.16416248679161072,0.8832335472106934,0.4506901502609253
YOR273C,YOR192C-A,0,0.35617834,0.1641320437192917,0.8832335472106934,0.4507901668548584
YDR456W,YGR161W-B,0,0.35426268,0.16410161554813385,0.8832335472106934,0.4508901834487915
YJR153W,YGL035C,0,0.35315132,0.164071187376976,0.8832335472106934,0.4509902000427246
YFL066C,YPR035W,0,0.35289478,0.16404077410697937,0.8832335472106934,0.4510902166366577
YLR410W-B,YFL056C,0,0.35176927,0.16401037573814392,0.8832335472106934,0.4511902332305908
YOR297C,YNL330C,0,0.35122356,0.16397999227046967,0.8832335472106934,0.4512902498245239
YBR202W,YDR098C-B,0,0.35114083,0.1639496088027954,0.8832335472106934,0.45139026641845703
YOR382W,YGL238W,0,0.3493659,0.16391924023628235,0.8832335472106934,0.4514903128147125
YIL088C,YOR343W-B,0,0.3470907,0.16388888657093048,0.8832335472106934,0.45159032940864563
YCL025C,YCL057C-A,0,0.34660035,0.1638585478067398,0.8832335472106934,0.45169034600257874
YDR470C,YMR315W,0,0.34617198,0.16382820904254913,0.8832335472106934,0.45179036259651184
YGR027W-B,YMR160W,0,0.3458438,0.16379788517951965,0.8832335472106934,0.45189037919044495
YEL065W,YDR316W-B,0,0.34525985,0.16376757621765137,0.8832335472106934,0.45199039578437805
YMR220W,YJL124C,0,0.34422505,0.16373728215694427,0.8832335472106934,0.45209041237831116
YMR127C,YDR210W-B,0,0.34379196,0.16370698809623718,0.8832335472106934,0.45219042897224426
YJL057C,YPR137C-A,0,0.34276235,0.16367670893669128,0.8832335472106934,0.45229044556617737
YDR197W,YDR023W,0,0.34201312,0.16364644467830658,0.8832335472106934,0.45239049196243286
YMR099C,YPL160W,0,0.33965546,0.16361619532108307,0.8832335472106934,0.45249050855636597
YPR191W,YOR018W,0,0.3391958,0.16358594596385956,0.8832335472106934,0.4525905251502991
YBL037W,YPR158C-C,0,0.33808756,0.16355572640895844,0.8832335472106934,0.4526905417442322
YPR158C-C,YJR034W,0,0.33727175,0.16352549195289612,0.8832335472106934,0.4527905583381653
YLR191W,YGR188C,0,0.33720088,0.1634952872991562,0.8832335472106934,0.4528905749320984
YDL144C,YNL054W-A,0,0.3349774,0.16346509754657745,0.8832335472106934,0.4529905915260315
YKL081W,YCR097WB,0,0.3338203,0.16343490779399872,0.8832335472106934,0.4530906081199646
YEL056W,YMR182C,0,0.33327663,0.16340473294258118,0.8832335472106934,0.4531906247138977
YDR170W-A,YDR047W,0,0.3323842,0.16337455809116364,0.8832335472106934,0.4532906711101532
YMR276W,YNL176C,0,0.33187234,0.16334441304206848,0.8832335472106934,0.4533906877040863
YJL056C,YHR210C,0,0.32906798,0.16331426799297333,0.8832335472106934,0.4534907042980194
YOR025W,YOR192C-A,0,0.32903367,0.16328413784503937,0.8832335472106934,0.4535907208919525
YBR260C,YML067C,0,0.32888037,0.1632540076971054,0.8832335472106934,0.4536907374858856
YMR285C,YOR142W-B,0,0.3261738,0.16322390735149384,0.8832335472106934,0.4537907540798187
YOL084W,YKL103C,0,0.3259164,0.16319380700588226,0.8832335472106934,0.45389077067375183
YDR057W,YLR185W,0,0.32552674,0.16316372156143188,0.8832335472106934,0.45399078726768494
YOR192C-B,YHR197W,0,0.32392636,0.1631336361169815,0.8832335472106934,0.45409080386161804
YKR038C,YIL017W,0,0.32259917,0.16310358047485352,0.8832335472106934,0.45419085025787354
YGR031C-A,YLR292C,0,0.32064965,0.16307352483272552,0.8832335472106934,0.45429086685180664
YER002W,YGR031C-A,0,0.31798154,0.16304348409175873,0.8832335472106934,0.45439088344573975
YEL027W,YDR170W-A,0,0.31689602,0.16301344335079193,0.8832335472106934,0.45449090003967285
YDR411C,YJR050W,0,0.31638163,0.16298343241214752,0.8832335472106934,0.45459091663360596
YKL033W,YGL169W,0,0.3159231,0.1629534214735031,0.8832335472106934,0.45469093322753906
YPR158C-C,YEL051W,0,0.31526458,0.1629234105348587,0.8832335472106934,0.45479094982147217
YPL111W,YNR048W,0,0.31456488,0.16289342939853668,0.8832335472106934,0.4548909664154053
YKL099C,YNL210W,0,0.3133759,0.16286344826221466,0.8832335472106934,0.45499101281166077
YHR058C,YHL004W,0,0.3109368,0.16283348202705383,0.8832335472106934,0.45509102940559387
YLR410W-B,YHR156C,0,0.30980423,0.1628035306930542,0.8832335472106934,0.455191045999527
YLR227W-B,YBL058W,0,0.30967236,0.16277359426021576,0.8832335472106934,0.4552910625934601
YGR027W-B,YGR235C,0,0.30955034,0.16274365782737732,0.8832335472106934,0.4553910791873932
YPR204W,YOL026C,0,0.30871516,0.16271373629570007,0.8832335472106934,0.4554910957813263
YGL195W,YML088W,0,0.30811366,0.16268382966518402,0.8832335472106934,0.4555911123752594
YKL016C,YFL047W,0,0.30559462,0.16265392303466797,0.8832335472106934,0.4556911289691925
YJL087C,YBL026W,0,0.30530006,0.1626240313053131,0.8832335472106934,0.4557911455631256
YPL021W,YPL123C,0,0.3035174,0.16259415447711945,0.8832335472106934,0.4558911919593811
YBR082C,YGL191W,0,0.3030887,0.16256429255008698,0.8832335472106934,0.4559912085533142
YDR034C-C,YPL049C,0,0.30259737,0.1625344306230545,0.8832335472106934,0.4560912251472473
YLR256W-A,YMR228W,0,0.3018217,0.16250458359718323,0.8832335472106934,0.4561912417411804
YHR209W,YKL182W,0,0.30151927,0.16247475147247314,0.8832335472106934,0.4562912583351135
YDR356W,YPR054W,0,0.30127344,0.16244493424892426,0.8832335472106934,0.45639127492904663
YBL088C,YLR435W,0,0.30106503,0.16241511702537537,0.8832335472106934,0.45649129152297974
YDR014W,YDR098C-B,0,0.30091068,0.16238531470298767,0.8832335472106934,0.45659130811691284
YDR059C,YMR220W,0,0.29907376,0.16235552728176117,0.8832335472106934,0.45669132471084595
YGR044C,YLR395C,0,0.29857582,0.16232575476169586,0.8832335472106934,0.45679137110710144
YOL156W,YOR192C-A,0,0.29633054,0.16229598224163055,0.8832335472106934,0.45689138770103455
YOR228C,YGL212W,0,0.2942474,0.16226622462272644,0.8832335472106934,0.45699140429496765
YPL068C,YML133C,0,0.29352948,0.16223648190498352,0.8832335472106934,0.45709142088890076
YKL108W,YDR098C-A,0,0.29091018,0.1622067391872406,0.8832335472106934,0.45719143748283386
YKL074C,YCL017C,0,0.28989965,0.16217702627182007,0.8832335472106934,0.45729145407676697
YOR343W-A,YOR290C,0,0.2895739,0.16214731335639954,0.8832335472106934,0.4573914706707001
YPR105C,YHR214C-C,0,0.28859466,0.162117600440979,0.8832335472106934,0.4574914872646332
YJL213W,YPL257W-A,0,0.2870873,0.16208791732788086,0.8832335472106934,0.4575915038585663
YGL019W,YBR156C,0,0.28700033,0.16205823421478271,0.8832335472106934,0.4576915502548218
YPR148C,YPR031W,0,0.2862146,0.16202856600284576,0.8832335472106934,0.4577915668487549
YLR194C,YJL168C,0,0.28381813,0.1619988977909088,0.8832335472106934,0.457891583442688
YOR371C,YDR099W,1,0.28364128,0.1621522754430771,0.8842315077781677,0.457891583442688
YPL104W,YIL038C,0,0.28226697,0.16212259232997894,0.8842315077781677,0.4579916000366211
YAL059W,YLR350W,0,0.28173715,0.16209293901920319,0.8842315077781677,0.4580916166305542
YDR098C-A,YMR136W,0,0.28129214,0.16206328570842743,0.8842315077781677,0.4581916332244873
YLR083C,YPL139C,0,0.28020328,0.16203364729881287,0.8842315077781677,0.4582916498184204
YLR256W-A,YNL250W,0,0.27927077,0.1620040237903595,0.8842315077781677,0.4583916664123535
YPL059W,YPR055W,0,0.2778386,0.16197440028190613,0.8842315077781677,0.458491712808609
YLR256W-A,YBR086C,0,0.27506262,0.16194480657577515,0.8842315077781677,0.4585917294025421
YGR031C-A,YIL138C,0,0.27435654,0.16191519796848297,0.8842315077781677,0.4586917459964752
YLR256W-A,YPR006C,0,0.27322775,0.16188561916351318,0.8842315077781677,0.4587917625904083
YML102W,YER087C-A,0,0.2729962,0.1618560403585434,0.8842315077781677,0.45889177918434143
YOR019W,YPL131W,0,0.2708956,0.161826491355896,0.8842315077781677,0.45899179577827454
YER030W,YLR154W-A,0,0.269404,0.1617969274520874,0.8842315077781677,0.45909181237220764
YOR217W,YDR079W,0,0.26896298,0.1617673933506012,0.8842315077781677,0.45919182896614075
YHR201C,YIR032C,0,0.26805863,0.161737859249115,0.8842315077781677,0.45929184556007385
YLR097C,YDR301W,0,0.26734543,0.16170834004878998,0.8842315077781677,0.45939189195632935
YDL033C,YDL008W,0,0.26707223,0.16167883574962616,0.8842315077781677,0.45949190855026245
YDR483W,YNL118C,0,0.26560807,0.16164933145046234,0.8842315077781677,0.45959192514419556
YOR036W,YPL126W,0,0.26532555,0.16161984205245972,0.8842315077781677,0.45969194173812866
YLR004C,YOR192C-A,0,0.26499012,0.1615903675556183,0.8842315077781677,0.45979195833206177
YPL115C,YOL086W-A,0,0.26456907,0.16156090795993805,0.8842315077781677,0.4598919749259949
YGR031C-A,YOL112W,0,0.2627243,0.1615314483642578,0.8842315077781677,0.459991991519928
YLR227W-A,YBR212W,0,0.2600238,0.16150200366973877,0.8842315077781677,0.4600920081138611
YFL011W,YER159C-A,0,0.258472,0.16147257387638092,0.8842315077781677,0.4601920247077942
YJR117W,YER159C-A,0,0.25805783,0.16144314408302307,0.8842315077781677,0.4602920711040497
YDR317W,YLR227W-B,0,0.2558781,0.16141372919082642,0.8842315077781677,0.4603920876979828
YIR005W,YKL007W,0,0.2546423,0.16138432919979095,0.8842315077781677,0.4604921042919159
YGR031C-A,YHL016C,0,0.2546123,0.1613549441099167,0.8842315077781677,0.460592120885849
YBL005W-B,YFR001W,0,0.25451753,0.16132555902004242,0.8842315077781677,0.4606921374797821
YLL022C,YDR098C-B,0,0.25432563,0.16129618883132935,0.8842315077781677,0.4607921540737152
YPL040C,YLR321C,0,0.25417164,0.16126683354377747,0.8842315077781677,0.4608921706676483
YAL034W-A,YDL197C,0,0.2536427,0.16123749315738678,0.8842315077781677,0.4609921872615814
YDL109C,YER061C,0,0.25177345,0.1612081527709961,0.8842315077781677,0.4610922038555145
YJL153C,YDR050C,0,0.25131756,0.1611788272857666,0.8842315077781677,0.46119225025177
YDL117W,YCR097WB,0,0.24985033,0.1611495018005371,0.8842315077781677,0.4612922668457031
YOR138C,YLR214W,0,0.24905324,0.16112020611763,0.8842315077781677,0.46139228343963623
YOR192C-A,YLR452C,0,0.24785388,0.1610909104347229,0.8842315077781677,0.46149230003356934
YBR066C,YDR518W,0,0.24642888,0.161061629652977,0.8842315077781677,0.46159231662750244
YPL048W,YHR070W,0,0.24637336,0.16103234887123108,0.8842315077781677,0.46169233322143555
YML097C,YOR136W,0,0.24599522,0.16100308299064636,0.8842315077781677,0.46179234981536865
YOR192C-B,YNL032W,0,0.24519262,0.16097383201122284,0.8842315077781677,0.46189236640930176
YGR097W,YGR180C,0,0.24496949,0.1609445959329605,0.8842315077781677,0.46199241280555725
YBL054W,YLL062C,0,0.24467278,0.16091535985469818,0.8842315077781677,0.46209242939949036
YML073C,YNR061C,0,0.24424374,0.16088613867759705,0.8842315077781677,0.46219244599342346
YPR186C,YGR167W,0,0.24419658,0.1608569324016571,0.8842315077781677,0.46229246258735657
YDR222W,YMR006C,0,0.24118447,0.16082774102687836,0.8842315077781677,0.4623924791812897
YNR024W,YPL257W-A,0,0.24083051,0.1607985496520996,0.8842315077781677,0.4624924957752228
YBR159W,YAL053W,0,0.24054939,0.16076937317848206,0.8842315077781677,0.4625925123691559
YGR027W-B,YDL028C,0,0.239678,0.1607401967048645,0.8842315077781677,0.462692528963089
YPR158C-C,YLR263W,0,0.23868456,0.16071105003356934,0.8842315077781677,0.4627925455570221
YPL111W,YNL164C,0,0.23864284,0.16068190336227417,0.8842315077781677,0.4628925919532776
YER118C,YLR312C-B,1,0.23630595,0.16083408892154694,0.8852295279502869,0.4628925919532776
YDR244W,YPL189C-A,0,0.23503679,0.16080492734909058,0.8852295279502869,0.4629926085472107
YAL048C,YDL029W,0,0.2344681,0.1607757806777954,0.8852295279502869,0.4630926251411438
YDR144C,YDL087C,0,0.23440087,0.16074664890766144,0.8852295279502869,0.4631926417350769
YER040W,YGL067W,0,0.23431736,0.16071751713752747,0.8852295279502869,0.46329265832901
YIL049W,YNL298W,1,0.23312625,0.1608695685863495,0.886227548122406,0.46329265832901
YHL028W,YGL243W,0,0.23205733,0.16084042191505432,0.886227548122406,0.4633926749229431
YDL080C,YER125W,0,0.23178437,0.16081130504608154,0.886227548122406,0.4634926915168762
YGL189C,YJL133W,0,0.23121533,0.16078218817710876,0.886227548122406,0.4635927081108093
YLR367W,YLR256W-A,0,0.23112503,0.160753071308136,0.886227548122406,0.46369272470474243
YLR227W-B,YHL035C,0,0.22782849,0.1607239842414856,0.886227548122406,0.4637927711009979
YNL284C-B,YNL121C,0,0.22671846,0.1606948971748352,0.886227548122406,0.46389278769493103
YPL257W-B,YPL082C,0,0.226344,0.160665825009346,0.886227548122406,0.46399280428886414
YDL160C,YDR263C,0,0.22613454,0.1606367528438568,0.886227548122406,0.46409282088279724
YPR071W,YPR019W,0,0.22602376,0.16060771048069,0.886227548122406,0.46419283747673035
YPL001W,YGR217W,0,0.22520417,0.1605786681175232,0.886227548122406,0.46429285407066345
YLR227W-A,YDR273W,0,0.22519535,0.16054962575435638,0.886227548122406,0.46439287066459656
YIL038C,YOR142W-B,0,0.22413242,0.16052061319351196,0.886227548122406,0.46449288725852966
YJL165C,YDL017W,0,0.22297439,0.16049160063266754,0.886227548122406,0.46459290385246277
YGL027C,YHR005C,0,0.2222477,0.16046258807182312,0.886227548122406,0.46469295024871826
YGR004W,YER178W,0,0.22131133,0.1604336053133011,0.886227548122406,0.46479296684265137
YDR055W,YKL054C,0,0.21860647,0.16040462255477905,0.886227548122406,0.4648929834365845
YLR410W-B,YDR135C,0,0.218579,0.1603756546974182,0.886227548122406,0.4649930000305176
YIL173W,YDR520C,0,0.217942,0.16034670174121857,0.886227548122406,0.4650930166244507
YGR017W,YER159C-A,0,0.2161561,0.16031774878501892,0.886227548122406,0.4651930332183838
YER184C,YNL054W-B,0,0.21588619,0.16028881072998047,0.886227548122406,0.4652930498123169
YDR410C,YER137C-A,0,0.21559407,0.1602598875761032,0.886227548122406,0.46539306640625
YOL012C,YJL087C,0,0.21531004,0.16023096442222595,0.886227548122406,0.4654931128025055
YNL092W,YLR209C,0,0.21498999,0.1602020561695099,0.886227548122406,0.4655931293964386
YMR017W,YER137C-A,0,0.21392092,0.16017316281795502,0.886227548122406,0.4656931459903717
YOR287C,YGR279C,0,0.21211581,0.16014426946640015,0.886227548122406,0.4657931625843048
YLR115W,YKL089W,0,0.21200258,0.16011540591716766,0.886227548122406,0.4658931791782379
YML116W,YDR210W-B,0,0.21112448,0.160086527466774,0.886227548122406,0.465993195772171
YCL012W,YLR085C,0,0.20926231,0.1600576788187027,0.886227548122406,0.4660932123661041
YKL206C,YNL055C,0,0.20798075,0.1600288301706314,0.886227548122406,0.46619322896003723
YDR210C-C,YMR301C,0,0.20784545,0.1599999964237213,0.886227548122406,0.46629324555397034
YML071C,YGR165W,0,0.20680147,0.1599711775779724,0.886227548122406,0.46639329195022583
YKL156W,YNL054W-A,0,0.20521702,0.1599423587322235,0.886227548122406,0.46649330854415894
YNL310C,YLR301W,0,0.20500064,0.1599135547876358,0.886227548122406,0.46659332513809204
YGR109W-A,YJR096W,0,0.20467705,0.1598847657442093,0.886227548122406,0.46669334173202515
YIL138C,YDR454C,0,0.20336774,0.15985599160194397,0.886227548122406,0.46679335832595825
YPR021C,YPR158W-B,0,0.20312734,0.15982721745967865,0.886227548122406,0.46689337491989136
YKL087C,YER137C-A,0,0.20143485,0.15979845821857452,0.886227548122406,0.46699339151382446
YOR192C-A,YDR334W,0,0.20122743,0.1597696989774704,0.886227548122406,0.46709340810775757
YBR050C,YER159C-A,0,0.20096391,0.15974095463752747,0.886227548122406,0.4671934247016907
YPR158W-B,YDL076C,0,0.20062558,0.15971222519874573,0.886227548122406,0.46729347109794617
YLR410W-A,YBR069C,0,0.19954193,0.15968351066112518,0.886227548122406,0.4673934876918793
YPL127C,YDR098C-A,0,0.19929835,0.15965479612350464,0.886227548122406,0.4674935042858124
YPL214C,YPR158C-D,0,0.19899184,0.1596260964870453,0.886227548122406,0.4675935208797455
YCR035C,YIL170W,0,0.19876742,0.15959741175174713,0.886227548122406,0.4676935374736786
YDR320C,YML009C,0,0.19855118,0.15956872701644897,0.886227548122406,0.4677935540676117
YOL103W-B,YBL101W-B,0,0.19834319,0.1595400720834732,0.886227548122406,0.4678935706615448
YBL051C,YDR014W-A,0,0.19834319,0.15951140224933624,0.886227548122406,0.4679935872554779
YCL048W-A,YGL003C,0,0.19834319,0.15948276221752167,0.886227548122406,0.468093603849411
YDR034C-C,YBL101W-B,0,0.19834319,0.1594541221857071,0.886227548122406,0.4681936502456665
YML045W-A,YDR389W,0,0.19834319,0.1594254970550537,0.886227548122406,0.4682936668395996
YKL109W,YBR200W-A,0,0.19834319,0.15939687192440033,0.886227548122406,0.4683936834335327
YGL046W,YDL114W,0,0.19834319,0.15936827659606934,0.886227548122406,0.4684937000274658
YDR210W-C,YPL248C,0,0.19834319,0.15933966636657715,0.886227548122406,0.4685937166213989
YKL029C,YNL284C-A,0,0.19834319,0.15931108593940735,0.886227548122406,0.46869373321533203
YDR131C,YKL200C,0,0.19834319,0.15928250551223755,0.886227548122406,0.46879374980926514
YER053C-A,YDR025W,0,0.19834319,0.15925393998622894,0.886227548122406,0.46889376640319824
YDL006W,YBR200W-A,0,0.19834319,0.15922538936138153,0.886227548122406,0.46899381279945374
YDR283C,YAR070W-A,0,0.19834319,0.15919683873653412,0.886227548122406,0.46909382939338684
YPL147W,YDR014W-A,0,0.19834319,0.1591683030128479,0.886227548122406,0.46919384598731995
YOR343C-A,YJL183W,0,0.19834319,0.15913978219032288,0.886227548122406,0.46929386258125305
YLR035C-A,YCL003W,0,0.19834319,0.15911127626895905,0.886227548122406,0.46939387917518616
YFL035C,YGR012W,0,0.19834319,0.15908277034759521,0.886227548122406,0.46949389576911926
YDR403W,YNL284C-A,0,0.19834319,0.15905427932739258,0.886227548122406,0.46959391236305237
YKL173W,YAR070W-A,0,0.19834319,0.15902578830718994,0.886227548122406,0.4696939289569855
YBL029C-A,YMR043W,0,0.19834319,0.1589973121881485,0.886227548122406,0.4697939455509186
YLR207W,YJL133C-A,0,0.19834319,0.15896885097026825,0.886227548122406,0.4698939919471741
YGL258W-A,YNL218W,0,0.19834319,0.1589404046535492,0.886227548122406,0.4699940085411072
YGR189C,YCL048W-A,0,0.19834319,0.15891195833683014,0.886227548122406,0.4700940251350403
YMR262W,YKR095W-A,0,0.19834319,0.15888352692127228,0.886227548122406,0.4701940417289734
YKR099W,YNL284C-A,0,0.19834319,0.15885509550571442,0.886227548122406,0.4702940583229065
YBR287W,YBL029C-A,0,0.19834319,0.15882667899131775,0.886227548122406,0.4703940749168396
YBL029C-A,YFR037C,0,0.19834319,0.15879827737808228,0.886227548122406,0.4704940915107727
YOL076W,YDR014W-A,0,0.19834319,0.158769890666008,0.886227548122406,0.4705941081047058
YFL035C,YGR001C,0,0.19834319,0.15874150395393372,0.886227548122406,0.4706941246986389
YER155C,YGR161W-B,0,0.19834319,0.15871313214302063,0.886227548122406,0.4707941710948944
YBL029C-A,YCL060C,0,0.19834319,0.15868477523326874,0.886227548122406,0.4708941876888275
YJL114W,YNL284C-A,0,0.19834319,0.15865641832351685,0.886227548122406,0.4709942042827606
YER101C,YML045W-A,0,0.19834319,0.15862807631492615,0.886227548122406,0.4710942208766937
YGL186C,YJL133C-A,0,0.19834319,0.15859974920749664,0.886227548122406,0.47119423747062683
YDR517W,YNL284C-A,0,0.19834319,0.15857142210006714,0.886227548122406,0.47129425406455994
YBL101W-A,YGL084C,0,0.19834319,0.15854310989379883,0.886227548122406,0.47139427065849304
YER053C-A,YNL236W,0,0.19834319,0.1585148125886917,0.886227548122406,0.47149428725242615
YGR031C-A,YDR261C-D,0,0.19834319,0.1584865301847458,0.886227548122406,0.47159433364868164
YJL114W,YDR210W-C,0,0.19834319,0.15845824778079987,0.886227548122406,0.47169435024261475
YMR213W,YBL101W-B,0,0.19834319,0.15842998027801514,0.886227548122406,0.47179436683654785
YGR109W-B,YDL227C,0,0.19834319,0.1584017127752304,0.886227548122406,0.47189438343048096
YKL061W,YBL101W-B,0,0.19834319,0.15837346017360687,0.886227548122406,0.47199440002441406
YMR023C,YOR343C-A,0,0.19834319,0.15834522247314453,0.886227548122406,0.47209441661834717
YCL048W-A,YDR273W,0,0.19834319,0.1583169847726822,0.886227548122406,0.4721944332122803
YHR184W,YDR381C-A,0,0.19834319,0.15828877687454224,0.886227548122406,0.4722944498062134
YBL106C,YBL101W-B,0,0.19834319,0.1582605540752411,0.886227548122406,0.4723944664001465
YNL095C,YFR024C,0,0.19834319,0.15823236107826233,0.886227548122406,0.472494512796402
YGL147C,YJL133C-A,0,0.19834319,0.15820416808128357,0.886227548122406,0.4725945293903351
YJR055W,YCL048W-A,0,0.19834319,0.158175989985466,0.886227548122406,0.4726945459842682
YDR217C,YDR014W-A,0,0.19834319,0.15814781188964844,0.886227548122406,0.4727945625782013
YDR210W-B,YJR092W,0,0.19834319,0.15811966359615326,0.886227548122406,0.4728945791721344
YGL258W-A,YNL156C,0,0.19834319,0.15809151530265808,0.886227548122406,0.4729945957660675
YDL084W,YBR200W-A,0,0.19834319,0.1580633670091629,0.886227548122406,0.4730946123600006
YDR365W-A,YDL227C,0,0.19834319,0.15803523361682892,0.886227548122406,0.4731946289539337
YDR381C-A,YFL001W,0,0.19834319,0.15800711512565613,0.886227548122406,0.4732946455478668
YIL101C,YNL284C-A,0,0.19834319,0.15797901153564453,0.886227548122406,0.4733946919441223
YGR161W-B,YCL005W-A,0,0.19834319,0.15795090794563293,0.886227548122406,0.4734947085380554
YOL051W,YCL048W-A,0,0.19834319,0.15792281925678253,0.886227548122406,0.4735947251319885
YLR312C-B,YOR304C-A,0,0.19834319,0.15789473056793213,0.886227548122406,0.47369474172592163
YER178W,YAR070W-A,0,0.19834319,0.1578666716814041,0.886227548122406,0.47379475831985474
YBR118W,YDR014W-A,0,0.19834319,0.1578386127948761,0.886227548122406,0.47389477491378784
YML018C,YCR055C,0,0.19834319,0.15781055390834808,0.886227548122406,0.47399479150772095
YJR139C,YHR214W-G,0,0.19834319,0.15778250992298126,0.886227548122406,0.47409480810165405
YBL101W-A,YMR033W,0,0.19834319,0.15775448083877563,0.886227548122406,0.47419482469558716
YLR024C,YDR381C-A,0,0.19834319,0.1577264666557312,0.886227548122406,0.47429487109184265
YGR161C-D,YDR435C,0,0.19834319,0.15769845247268677,0.886227548122406,0.47439488768577576
YDL038C,YFL054C,0,0.19834319,0.15767045319080353,0.886227548122406,0.47449490427970886
YER184C,YFR024C,0,0.19834319,0.15764246881008148,0.886227548122406,0.47459492087364197
YOR369C,YDR014W-A,0,0.19834319,0.15761448442935944,0.886227548122406,0.4746949374675751
YOR320C,YBR200W-A,0,0.19834319,0.15758651494979858,0.886227548122406,0.4747949540615082
YMR130W,YFL035C-A,0,0.19834319,0.15755854547023773,0.886227548122406,0.4748949706554413
YCR080W,YOL103W-B,0,0.19834319,0.15753060579299927,0.886227548122406,0.4749949872493744
YER053C-A,YLR118C,0,0.19834319,0.1575026661157608,0.886227548122406,0.4750950336456299
YDR210W-C,YDR139C,0,0.19834319,0.15747472643852234,0.886227548122406,0.475195050239563
YDR440W,YER053C-A,0,0.19834319,0.15744680166244507,0.886227548122406,0.4752950668334961
YOR027W,YCL048W-A,0,0.19834319,0.157418891787529,0.886227548122406,0.4753950834274292
YLR187W,YCL048W-A,0,0.19834319,0.1573909968137741,0.886227548122406,0.4754951000213623
YDR014W-A,YDR420W,0,0.19834319,0.15736310184001923,0.886227548122406,0.4755951166152954
YGR184C,YNL284C-A,0,0.19834319,0.15733522176742554,0.886227548122406,0.4756951332092285
YLR127C,YDR381C-A,0,0.19834319,0.15730735659599304,0.886227548122406,0.4757951498031616
YML045W-A,YOR306C,0,0.19834319,0.15727949142456055,0.886227548122406,0.4758951663970947
YHR090C,YJL133C-A,0,0.19834319,0.15725164115428925,0.886227548122406,0.4759952127933502
YHR122W,YIL017W,0,0.19834319,0.15722379088401794,0.886227548122406,0.4760952293872833
YML037C,YCL005W-A,0,0.19834319,0.15719597041606903,0.886227548122406,0.47619524598121643
YBL101W-A,YJL046W,0,0.19834319,0.15716813504695892,0.886227548122406,0.47629526257514954
YER053C-A,YLR185W,0,0.19834319,0.1571403294801712,0.886227548122406,0.47639527916908264
YPR188C,YDR014W-A,0,0.19834319,0.15711252391338348,0.886227548122406,0.47649529576301575
YBR141C,YCL026C-B,0,0.19834319,0.15708473324775696,0.886227548122406,0.47659531235694885
YDR316W-A,YFR024C,0,0.19834319,0.15705695748329163,0.886227548122406,0.47669532895088196
YDR288W,YCL048W-A,0,0.19834319,0.1570291817188263,0.886227548122406,0.47679534554481506
YBR211C,YAR070W-A,0,0.19834319,0.15700142085552216,0.886227548122406,0.47689539194107056
YOR343C-A,YGL198W,0,0.19834319,0.15697365999221802,0.886227548122406,0.47699540853500366
YHR214W-G,YNL151C,0,0.19834319,0.15694591403007507,0.886227548122406,0.47709542512893677
YER053C-A,YPL134C,0,0.19834319,0.15691818296909332,0.886227548122406,0.4771954417228699
YBL101W-A,YGR081C,0,0.19834319,0.15689046680927277,0.886227548122406,0.477295458316803
YML132W,YPL189C-A,0,0.19834319,0.1568627506494522,0.886227548122406,0.4773954749107361
YML045W-A,YJL140W,0,0.19834319,0.15683503448963165,0.886227548122406,0.4774954915046692
YCR029C-A,YJL114W,0,0.19834319,0.15680734813213348,0.886227548122406,0.4775955080986023
YER053C-A,YPR199C,0,0.19834319,0.15677966177463531,0.886227548122406,0.4776955246925354
YML045W-A,YPR035W,0,0.19834319,0.15675199031829834,0.886227548122406,0.4777955710887909
YGL258W-A,YMR098C,0,0.19834319,0.15672431886196136,0.886227548122406,0.477895587682724
YMR201C,YAR070W-A,0,0.19834319,0.15669666230678558,0.886227548122406,0.4779956042766571
YBL101W-A,YFL044C,0,0.19834319,0.156669020652771,0.886227548122406,0.4780956208705902
YBR141C,YER108C,0,0.19834319,0.1566413789987564,0.886227548122406,0.4781956374645233
YFL035C-A,YMR074C,0,0.19834319,0.15661375224590302,0.886227548122406,0.4782956540584564
YER053C-A,YNL280C,0,0.19834319,0.15658614039421082,0.886227548122406,0.4783956706523895
YJL012C,YML045W-A,0,0.19834319,0.15655852854251862,0.886227548122406,0.47849568724632263
YML058W-A,YGL258W-A,0,0.19834319,0.1565309315919876,0.886227548122406,0.4785957336425781
YMR307W,YBR200W-A,0,0.19834319,0.1565033495426178,0.886227548122406,0.47869575023651123
YKR049C,YAR070W-A,0,0.19834319,0.15647576749324799,0.886227548122406,0.47879576683044434
YKL149C,YGL258W-A,0,0.19834319,0.15644820034503937,0.886227548122406,0.47889578342437744
YJL030W,YDR210W-C,0,0.19834319,0.15642064809799194,0.886227548122406,0.47899580001831055
YLL004W,YNL284C-A,0,0.19834319,0.15639309585094452,0.886227548122406,0.47909581661224365
YNL284C-A,YBR023C,0,0.19834319,0.1563655585050583,0.886227548122406,0.47919583320617676
YKR006C,YDR381C-A,0,0.19834319,0.15633802115917206,0.886227548122406,0.47929584980010986
YKR085C,YNL284C-A,0,0.19834319,0.15631051361560822,0.886227548122406,0.47939586639404297
YOL030W,YBL101W-B,0,0.19834319,0.15628300607204437,0.886227548122406,0.47949591279029846
YML045W-A,YKL015W,0,0.19834319,0.15625549852848053,0.886227548122406,0.47959592938423157
YOR228C,YKR095W-A,0,0.19834319,0.15622800588607788,0.886227548122406,0.4796959459781647
YNR072W,YHR214W-G,0,0.19834319,0.15620052814483643,0.886227548122406,0.4797959625720978
YHR020W,YLR337W,0,0.19834319,0.15617305040359497,0.886227548122406,0.4798959791660309
YKR105C,YBL101W-A,0,0.19834319,0.1561456024646759,0.886227548122406,0.479995995759964
YOL155C,YJR102C,0,0.19743186,0.15611813962459564,0.886227548122406,0.4800960123538971
YJL129C,YNL258C,0,0.19579029,0.15609070658683777,0.886227548122406,0.4801960289478302
YJL062W-A,YDR054C,0,0.19403484,0.1560632735490799,0.886227548122406,0.4802960455417633
YNL236W,YBR241C,0,0.19398385,0.15603584051132202,0.886227548122406,0.4803960919380188
YGR229C,YBR231C,0,0.19324309,0.15600843727588654,0.886227548122406,0.4804961085319519
YOR382W,YOL086W-A,0,0.19166902,0.15598103404045105,0.886227548122406,0.480596125125885
YLL038C,YMR036C,0,0.19065642,0.15595363080501556,0.886227548122406,0.4806961417198181
YBR173C,YMR177W,0,0.18977293,0.15592625737190247,0.886227548122406,0.4807961583137512
YJL212C,YBL093C,0,0.18582034,0.15589886903762817,0.886227548122406,0.4808961749076843
YER149C,YMR114C,0,0.18569753,0.15587151050567627,0.886227548122406,0.48099619150161743
YDR144C,YNR033W,0,0.1838634,0.15584415197372437,0.886227548122406,0.48109620809555054
YDR284C,YGR169C,0,0.18288767,0.15581680834293365,0.886227548122406,0.48119622468948364
YDL175C,YDR003W,0,0.18284649,0.15578947961330414,0.886227548122406,0.48129627108573914
YPL004C,YBR115C,0,0.1827792,0.15576215088367462,0.886227548122406,0.48139628767967224
YNL197C,YHR073W,1,0.18254614,0.1559102088212967,0.8872255682945251,0.48139628767967224
YIL053W,YML074C,0,0.18055749,0.15588286519050598,0.8872255682945251,0.48149630427360535
YGR171C,YPR148C,0,0.1784249,0.15585553646087646,0.8872255682945251,0.48159632086753845
YMR217W,YKR036C,0,0.17583156,0.15582822263240814,0.8872255682945251,0.48169633746147156
YGR006W,YOL152W,0,0.17459407,0.15580090880393982,0.8872255682945251,0.48179635405540466
YMR270C,YOR264W,0,0.17451155,0.1557736098766327,0.8872255682945251,0.48189637064933777
YGL139W,YER137C,0,0.17412347,0.15574632585048676,0.8872255682945251,0.4819963872432709
YAL011W,YIL118W,0,0.1732761,0.15571904182434082,0.8872255682945251,0.48209643363952637
YGR253C,YHR067W,0,0.17076418,0.15569177269935608,0.8872255682945251,0.4821964502334595
YDL029W,YPL056C,0,0.16830689,0.15566450357437134,0.8872255682945251,0.4822964668273926
YNL197C,YLR229C,1,0.16425994,0.1558123230934143,0.8882235288619995,0.4822964668273926
YLR037C,YDR170W-A,0,0.16401687,0.15578505396842957,0.8882235288619995,0.4823964834213257
YLR154W-A,YNL176C,0,0.16397141,0.15575778484344482,0.8882235288619995,0.4824965000152588
YMR143W,YNR038W,0,0.1637069,0.15573053061962128,0.8882235288619995,0.4825965166091919
YBR274W,YOL069W,0,0.1625427,0.15570329129695892,0.8882235288619995,0.482696533203125
YML015C,YNL263C,0,0.16164625,0.15567605197429657,0.8882235288619995,0.4827965497970581
YLR362W,YKL048C,1,0.1611681,0.1558237075805664,0.8892215490341187,0.4827965497970581
YLR223C,YIL087C,0,0.16000551,0.15579646825790405,0.8892215490341187,0.4828965663909912
YDR270W,YDL061C,0,0.15976986,0.1557692289352417,0.8892215490341187,0.4829966127872467
YDR511W,YGL212W,0,0.15967727,0.15574200451374054,0.8892215490341187,0.4830966293811798
YPR154W,YML088W,0,0.159531,0.15571478009223938,0.8892215490341187,0.4831966459751129
YDR424C,YDR326C,0,0.15457988,0.15568757057189941,0.8892215490341187,0.483296662569046
YOR096W,YMR241W,0,0.15423907,0.15566037595272064,0.8892215490341187,0.4833966791629791
YGR009C,YGL251C,0,0.15411776,0.15563318133354187,0.8892215490341187,0.48349669575691223
YER007C-A,YLL006W,0,0.15298033,0.1556060016155243,0.8892215490341187,0.48359671235084534
YLR360W,YBR214W,0,0.15162212,0.1555788367986679,0.8892215490341187,0.48369672894477844
YDL111C,YGR027C,0,0.1513272,0.15555167198181152,0.8892215490341187,0.48379674553871155
YLR363C,YCL017C,0,0.151321,0.15552452206611633,0.8892215490341187,0.48389679193496704
YLL026W,YGL219C,0,0.14933121,0.15549738705158234,0.8892215490341187,0.48399680852890015
YMR269W,YER087W,0,0.14809734,0.15547025203704834,0.8892215490341187,0.48409682512283325
YBL054W,YDR065W,0,0.14438987,0.15544313192367554,0.8892215490341187,0.48419684171676636
YGR122W,YIL093C,0,0.14392118,0.15541601181030273,0.8892215490341187,0.48429685831069946
YOR279C,YLR045C,0,0.14007586,0.15538890659809113,0.8892215490341187,0.48439687490463257
YJL053W,YDR018C,0,0.13913262,0.1553618162870407,0.8892215490341187,0.4844968914985657
YLR106C,YJL178C,0,0.13180292,0.1553347259759903,0.8892215490341187,0.4845969080924988
YJL001W,YNL055C,0,0.13048577,0.15530765056610107,0.8892215490341187,0.4846969246864319
YJL141C,YJL085W,0,0.1277098,0.15528059005737305,0.8892215490341187,0.4847969710826874
YOR086C,YDR050C,0,0.12741584,0.15525352954864502,0.8892215490341187,0.4848969876766205
YLR414C,YNL339C,0,0.1261217,0.15522648394107819,0.8892215490341187,0.4849970042705536
YLR024C,YDR065W,0,0.12088281,0.15519943833351135,0.8892215490341187,0.4850970208644867
YDR055W,YGR052W,0,0.12061423,0.1551724076271057,0.8892215490341187,0.4851970374584198
YPR148C,YAR002C-A,0,0.12054178,0.15514539182186127,0.8892215490341187,0.4852970540523529
YDR090C,YHR047C,0,0.11931524,0.15511839091777802,0.8892215490341187,0.485397070646286
YEL064C,YGL237C,0,0.118950486,0.15509139001369476,0.8892215490341187,0.4854970872402191
YBR223C,YDR115W,0,0.118471324,0.1550643891096115,0.8892215490341187,0.4855971336364746
YGR058W,YIL106W,0,0.114356995,0.15503741800785065,0.8892215490341187,0.4856971502304077
YPL209C,YOR383C,0,0.111374885,0.1550104320049286,0.8892215490341187,0.4857971668243408
YLR295C,YCR055C,0,0.11047596,0.15498347580432892,0.8892215490341187,0.4858971834182739
YDL070W,YFR027W,0,0.10893088,0.15495651960372925,0.8892215490341187,0.48599720001220703
YDR138W,YKL173W,0,0.108447075,0.15492957830429077,0.8892215490341187,0.48609721660614014
YLR193C,YBR118W,0,0.10544506,0.1549026370048523,0.8892215490341187,0.48619723320007324
YFR013W,YER072W,0,0.1045084,0.154875710606575,0.8892215490341187,0.48629724979400635
YDR482C,YOR079C,0,0.10367155,0.15484879910945892,0.8892215490341187,0.48639726638793945
YGR162W,YLR212C,0,0.10330452,0.15482188761234283,0.8892215490341187,0.48649731278419495
YJR009C,YPR134W,0,0.103075504,0.15479499101638794,0.8892215490341187,0.48659732937812805
YHR014W,YBR075W,0,0.10306516,0.15476810932159424,0.8892215490341187,0.48669734597206116
YBR118W,YOR353C,0,0.10179293,0.15474122762680054,0.8892215490341187,0.48679736256599426
YHR215W,YHR074W,0,0.100247264,0.15471436083316803,0.8892215490341187,0.48689737915992737
YDR466W,YDR071C,0,0.09996873,0.15468749403953552,0.8892215490341187,0.4869973957538605
YOR025W,YNL098C,0,0.0971483,0.1546606421470642,0.8892215490341187,0.4870974123477936
YDR092W,YER060W,0,0.094136596,0.1546338051557541,0.8892215490341187,0.4871974289417267
YFL047W,YLR154W-C,0,0.09404637,0.15460696816444397,0.8892215490341187,0.4872974455356598
YDL225W,YHR132C,0,0.09250915,0.15458014607429504,0.8892215490341187,0.4873974919319153
YDL031W,YDR367W,0,0.09021955,0.1545533388853073,0.8892215490341187,0.4874975085258484
YMR316W,YER184C,0,0.08851896,0.15452653169631958,0.8892215490341187,0.4875975251197815
YLR186W,YJL062W-A,0,0.0875604,0.15449973940849304,0.8892215490341187,0.4876975417137146
YGR295C,YLL053C,0,0.08581054,0.1544729471206665,0.8892215490341187,0.4877975583076477
YJL062W-A,YLR073C,0,0.08544469,0.15444618463516235,0.8892215490341187,0.4878975749015808
YOR090C,YNL247W,0,0.08251126,0.154419407248497,0.8892215490341187,0.4879975914955139
YGL216W,YMR186W,0,0.08047581,0.15439265966415405,0.8892215490341187,0.488097608089447
YBR114W,YGR129W,0,0.07871735,0.1543658971786499,0.8892215490341187,0.4881976246833801
YDR167W,YOR310C,0,0.07813823,0.15433916449546814,0.8892215490341187,0.4882976710796356
YML076C,YOL126C,0,0.07669866,0.15431243181228638,0.8892215490341187,0.4883976876735687
YNR072W,YGR239C,0,0.07592416,0.1542857140302658,0.8892215490341187,0.48849770426750183
YMR192W,YEL022W,0,0.075022995,0.15425899624824524,0.8892215490341187,0.48859772086143494
YOR176W,YER110C,0,0.07402623,0.15423229336738586,0.8892215490341187,0.48869773745536804
YLR301W,YOR157C,0,0.0737396,0.15420560538768768,0.8892215490341187,0.48879775404930115
YHR214C-B,YMR177W,0,0.073180825,0.1541789174079895,0.8892215490341187,0.48889777064323425
YDL033C,YOR267C,0,0.070257664,0.15415224432945251,0.8892215490341187,0.48899778723716736
YOR371C,YDR379W,1,0.06977433,0.1542985588312149,0.8902195692062378,0.48899778723716736
YMR099C,YGR004W,0,0.068272665,0.15427187085151672,0.8902195692062378,0.48909783363342285
YNL020C,YPR120C,0,0.06750414,0.15424519777297974,0.8902195692062378,0.48919785022735596
YKL189W,YMR097C,0,0.06675267,0.15421853959560394,0.8902195692062378,0.48929786682128906
YLR061W,YLR182W,0,0.06635904,0.15419188141822815,0.8902195692062378,0.48939788341522217
YML047C,YKL022C,0,0.06571603,0.15416522324085236,0.8902195692062378,0.4894979000091553
YGR003W,YIL009W,0,0.065540195,0.15413857996463776,0.8902195692062378,0.4895979166030884
YDR444W,YOL056W,0,0.065211,0.15411195158958435,0.8902195692062378,0.4896979331970215
YMR019W,YOL156W,0,0.06520921,0.15408533811569214,0.8902195692062378,0.4897979497909546
YFR010W,YGR283C,0,0.06218201,0.15405872464179993,0.8902195692062378,0.4898979663848877
YBR271W,YDL114W,0,0.059996426,0.1540321260690689,0.8902195692062378,0.4899980127811432
YJL066C,YER023W,0,0.058841944,0.1540055274963379,0.8902195692062378,0.4900980293750763
YMR205C,YML107C,0,0.0571239,0.15397894382476807,0.8902195692062378,0.4901980459690094
YDL047W,YBR093C,0,0.054867685,0.15395236015319824,0.8902195692062378,0.4902980625629425
YPL148C,YFL001W,0,0.05471307,0.1539257913827896,0.8902195692062378,0.4903980791568756
YPL149W,YDL141W,0,0.05334866,0.15389923751354218,0.8902195692062378,0.4904980957508087
YMR160W,YPR046W,0,0.053139716,0.15387269854545593,0.8902195692062378,0.4905981123447418
YGR185C,YNR044W,0,0.05217576,0.1538461595773697,0.8902195692062378,0.4906981289386749
YMR164C,YLR229C,1,0.050652564,0.15399207174777985,0.8912175893783569,0.4906981289386749
YDL198C,YNL153C,0,0.04998371,0.1539655178785324,0.8912175893783569,0.49079814553260803
YCL075W,YGR083C,0,0.049504787,0.15393897891044617,0.8912175893783569,0.4908981919288635
YAR009C,YGR012W,0,0.048454165,0.15391243994235992,0.8912175893783569,0.49099820852279663
YML061C,YPL274W,0,0.047199845,0.15388591587543488,0.8912175893783569,0.49109822511672974
YPL160W,YDR419W,0,0.043284535,0.15385940670967102,0.8912175893783569,0.49119824171066284
YCR058C,YNL246W,0,0.0425151,0.15383289754390717,0.8912175893783569,0.49129825830459595
YIL008W,YEL050C,0,0.041253537,0.1538064032793045,0.8912175893783569,0.49139827489852905
YPL169C,YAL016W,0,0.04051137,0.15377992391586304,0.8912175893783569,0.49149829149246216
YKL089W,YHL026C,0,0.040338397,0.15375344455242157,0.8912175893783569,0.49159830808639526
YJR078W,YDR116C,0,0.037014246,0.1537269800901413,0.8912175893783569,0.49169835448265076
YML080W,YBR213W,0,0.036564827,0.15370051562786102,0.8912175893783569,0.49179837107658386
YKR088C,YOR099W,0,0.036267355,0.15367406606674194,0.8912175893783569,0.49189838767051697
YGR288W,YHR009C,0,0.031003356,0.15364763140678406,0.8912175893783569,0.4919984042644501
YLR209C,YER090W,0,0.030986309,0.15362119674682617,0.8912175893783569,0.4920984208583832
YPL022W,YJR092W,0,0.029748231,0.15359477698802948,0.8912175893783569,0.4921984374523163
YGR122W,YGR279C,0,0.02925308,0.1535683572292328,0.8912175893783569,0.4922984540462494
YNR001C,YEL032W,0,0.028945208,0.1535419523715973,0.8912175893783569,0.4923984706401825
YDR369C,YPL013C,0,0.028923213,0.15351556241512299,0.8912175893783569,0.4924984872341156
YOL059W,YHR079C,0,0.02826351,0.15348917245864868,0.8912175893783569,0.4925985336303711
YML036W,YLR059C,0,0.02667588,0.15346279740333557,0.8912175893783569,0.4926985502243042
YMR229C,YBR121C,0,0.02543404,0.15343642234802246,0.8912175893783569,0.4927985668182373
YMR094W,YJR096W,0,0.02484268,0.15341006219387054,0.8912175893783569,0.4928985834121704
YDL101C,YKL217W,0,0.022208035,0.15338371694087982,0.8912175893783569,0.4929986000061035
YDL159W,YOR371C,1,0.020574927,0.1535291075706482,0.8922155499458313,0.4929986000061035
YOR294W,YOL105C,0,0.018767059,0.15350274741649628,0.8922155499458313,0.4930986166000366
YNL197C,YER113C,1,0.017518252,0.15364806354045868,0.8932135701179504,0.4930986166000366
YCR011C,YNL182C,0,0.015300602,0.15362168848514557,0.8932135701179504,0.4931986331939697
YNL024C,YMR180C,0,0.0145337805,0.15359532833099365,0.8932135701179504,0.49329864978790283
YGR031C-A,YNR010W,0,0.0136820935,0.15356898307800293,0.8932135701179504,0.49339866638183594
YER038C,YDR263C,0,0.013333082,0.1535426378250122,0.8932135701179504,0.49349871277809143
YGR156W,YJR096W,0,0.013037264,0.15351629257202148,0.8932135701179504,0.49359872937202454
YNR048W,YGR077C,0,0.013011873,0.15348996222019196,0.8932135701179504,0.49369874596595764
YLR429W,YPR068C,0,0.01095736,0.15346364676952362,0.8932135701179504,0.49379876255989075
YDR300C,YBR176W,0,0.0037609339,0.15343734622001648,0.8932135701179504,0.49389877915382385
YBR150C,YCL075W,0,0.0020125508,0.15341104567050934,0.8932135701179504,0.49399879574775696
YOR330C,YDR356W,0,0.0016204119,0.1533847451210022,0.8932135701179504,0.49409881234169006
YLR048W,YMR149W,0,0.0015454888,0.15335845947265625,0.8932135701179504,0.49419882893562317
YNL244C,YMR036C,0,-0.0028304756,0.1533321887254715,0.8932135701179504,0.4942988455295563
YDR422C,YDR487C,0,-0.0064168572,0.15330593287944794,0.8932135701179504,0.49439889192581177
YLR189C,YLL043W,0,-0.009043038,0.15327967703342438,0.8932135701179504,0.4944989085197449
YMR211W,YPL051W,0,-0.009205364,0.15325342118740082,0.8932135701179504,0.494598925113678
YOL029C,YHL011C,0,-0.010614276,0.15322718024253845,0.8932135701179504,0.4946989417076111
YKL022C,YHR101C,0,-0.011297464,0.15320095419883728,0.8932135701179504,0.4947989583015442
YGR058W,YEL031W,0,-0.011584699,0.1531747430562973,0.8932135701179504,0.4948989748954773
YDR373W,YGL027C,0,-0.011808693,0.15314853191375732,0.8932135701179504,0.4949989914894104
YCL004W,YAL053W,0,-0.01390785,0.15312232077121735,0.8932135701179504,0.4950990080833435
YOR337W,YLR285W,0,-0.014860958,0.15309613943099976,0.8932135701179504,0.495199054479599
YML125C,YBL026W,0,-0.015226722,0.15306994318962097,0.8932135701179504,0.4952990710735321
YGR185C,YHR157W,0,-0.017063022,0.15304377675056458,0.8932135701179504,0.4953990876674652
YAR033W,YHR052W,0,-0.017445385,0.15301761031150818,0.8932135701179504,0.4954991042613983
YBR146W,YPR161C,0,-0.01976502,0.15299145877361298,0.8932135701179504,0.4955991208553314
YBL030C,YDR443C,0,-0.026646703,0.15296530723571777,0.8932135701179504,0.4956991374492645
YGR179C,YER106W,0,-0.029632568,0.15293917059898376,0.8932135701179504,0.49579915404319763
YHR214W,YGL021W,0,-0.031706803,0.15291303396224976,0.8932135701179504,0.49589917063713074
YML088W,YMR177W,0,-0.03429389,0.15288691222667694,0.8932135701179504,0.49599918723106384
YNL250W,YIL108W,0,-0.03544253,0.15286080539226532,0.8932135701179504,0.49609923362731934
YLR345W,YDL074C,0,-0.035996675,0.1528346985578537,0.8932135701179504,0.49619925022125244
YNL066W,YDR243C,0,-0.036274076,0.15280860662460327,0.8932135701179504,0.49629926681518555
YHR204W,YKL006C-A,0,-0.03666854,0.15278251469135284,0.8932135701179504,0.49639928340911865
YOL140W,YGR075C,0,-0.037278116,0.1527564376592636,0.8932135701179504,0.49649930000305176
YJR063W,YAL017W,0,-0.03805828,0.15273037552833557,0.8932135701179504,0.49659931659698486
YMR192W,YEL064C,0,-0.038642645,0.15270431339740753,0.8932135701179504,0.49669933319091797
YLR035C-A,YHR120W,0,-0.039366983,0.15267826616764069,0.8932135701179504,0.4967993497848511
YNL202W,YNL250W,0,-0.042000055,0.15265221893787384,0.8932135701179504,0.4968993663787842
YGL051W,YIL113W,0,-0.042447984,0.1526261866092682,0.8932135701179504,0.4969994127750397
YOR127W,YOR283W,0,-0.04254347,0.15260016918182373,0.8932135701179504,0.4970994293689728
YLR193C,YER095W,0,-0.043146014,0.15257415175437927,0.8932135701179504,0.4971994459629059
YAL041W,YNL197C,1,-0.04689019,0.15271858870983124,0.8942115902900696,0.4971994459629059
YIL095W,YPL224C,0,-0.048594356,0.15269257128238678,0.8942115902900696,0.497299462556839
YGR060W,YPL139C,0,-0.049411535,0.15266655385494232,0.8942115902900696,0.4973994791507721
YLR244C,YJR050W,0,-0.050321728,0.15264055132865906,0.8942115902900696,0.4974994957447052
YBR214W,YJL060W,0,-0.051235363,0.1526145488023758,0.8942115902900696,0.4975995123386383
YDR351W,YHR029C,0,-0.051958084,0.15258856117725372,0.8942115902900696,0.4976995289325714
YBL022C,YNL208W,0,-0.052723706,0.15256257355213165,0.8942115902900696,0.4977995455265045
YKL126W,YLL006W,0,-0.053554446,0.15253660082817078,0.8942115902900696,0.49789959192276
YPR108W,YIR015W,0,-0.05520439,0.1525106430053711,0.8942115902900696,0.4979996085166931
YHR036W,YBR141C,0,-0.055827454,0.1524846851825714,0.8942115902900696,0.4980996251106262
YCR075C,YCR018C,0,-0.06968701,0.15245874226093292,0.8942115902900696,0.4981996417045593
YOR103C,YDL110C,0,-0.07933015,0.15243279933929443,0.8942115902900696,0.49829965829849243
YOR340C,YKL085W,0,-0.081424594,0.15240687131881714,0.8942115902900696,0.49839967489242554
YEL054C,YDR170W-A,0,-0.08274599,0.15238095819950104,0.8942115902900696,0.49849969148635864
YLR160C,YPL178W,0,-0.08276415,0.15235504508018494,0.8942115902900696,0.49859970808029175
YPL082C,YLR092W,0,-0.083601594,0.15232914686203003,0.8942115902900696,0.49869975447654724
YJL108C,YPL065W,0,-0.08372599,0.15230324864387512,0.8942115902900696,0.49879977107048035
YML023C,YBR096W,0,-0.08485776,0.1522773653268814,0.8942115902900696,0.49889978766441345
YMR139W,YNL263C,0,-0.08732639,0.1522514820098877,0.8942115902900696,0.49899980425834656
YCL034W,YNL289W,0,-0.08811253,0.15222561359405518,0.8942115902900696,0.49909982085227966
YNR052C,YHR079C,0,-0.090017915,0.15219976007938385,0.8942115902900696,0.49919983744621277
YPR143W,YDR301W,0,-0.09034634,0.15217390656471252,0.8942115902900696,0.4992998540401459
YPR043W,YJL186W,0,-0.091205716,0.1521480679512024,0.8942115902900696,0.499399870634079
YNL010W,YML115C,0,-0.09138185,0.15212224423885345,0.8942115902900696,0.4994998872280121
YIL094C,YDR228C,0,-0.09179044,0.15209642052650452,0.8942115902900696,0.4995999336242676
YDR309C,YOL096C,0,-0.09552634,0.15207059681415558,0.8942115902900696,0.4996999502182007
YAL015C,YPR180W,0,-0.096580625,0.15204480290412903,0.8942115902900696,0.4997999668121338
YPL049C,YBL024W,0,-0.096856356,0.15201900899410248,0.8942115902900696,0.4998999834060669
YAL058W,YBL090W,0,-0.09779954,0.15199321508407593,0.8942115902900696,0.5
YKR078W,YJL058C,0,-0.101222456,0.15196743607521057,0.8942115902900696,0.5001000165939331
YGL194C,YML102W,0,-0.10303837,0.1519416719675064,0.8942115902900696,0.5002000331878662
YOR191W,YNL130C,0,-0.10516405,0.15191590785980225,0.8942115902900696,0.5003000497817993
YKL205W,YNL166C,0,-0.106924355,0.15189014375209808,0.8942115902900696,0.5004000663757324
YOL157C,YNL160W,0,-0.10858683,0.1518644094467163,0.8942115902900696,0.5005000829696655
YIL049W,YNL271C,1,-0.11010027,0.15200813114643097,0.8952096104621887,0.5005000829696655
YML034W,YOR287C,0,-0.11030951,0.151982381939888,0.8952096104621887,0.5006000995635986
YNL240C,YPR071W,0,-0.112728074,0.15195663273334503,0.8952096104621887,0.5007001161575317
YOL095C,YBR212W,0,-0.11438584,0.15193089842796326,0.8952096104621887,0.5008001327514648
YDL061C,YHR052W,0,-0.11470896,0.15190516412258148,0.8952096104621887,0.5009002089500427
YDR207C,YDR362C,0,-0.11484501,0.1518794447183609,0.8952096104621887,0.5010002255439758
YDR510W,YDL107W,0,-0.11529347,0.1518537402153015,0.8952096104621887,0.5011002421379089
YOR230W,YLR309C,0,-0.11588049,0.15182803571224213,0.8952096104621887,0.501200258731842
YDR499W,YKR095W,0,-0.118032575,0.15180233120918274,0.8952096104621887,0.5013002753257751
YGL005C,YLR158C,0,-0.11820774,0.15177665650844574,0.8952096104621887,0.5014002919197083
YLR411W,YBR181C,0,-0.119955584,0.15175096690654755,0.8952096104621887,0.5015003085136414
YDL171C,YMR301C,0,-0.12095025,0.15172530710697174,0.8952096104621887,0.5016003251075745
YFL049W,YLR005W,0,-0.12265694,0.15169964730739594,0.8952096104621887,0.5017003417015076
YMR019W,YFR024C-A,0,-0.12347141,0.15167398750782013,0.8952096104621887,0.5018003582954407
YLR312W-A,YIL048W,0,-0.12370342,0.1516483575105667,0.8952096104621887,0.5019003748893738
YML086C,YNL282W,0,-0.12605798,0.1516227126121521,0.8952096104621887,0.5020003914833069
YHR153C,YMR223W,0,-0.1262232,0.15159709751605988,0.8952096104621887,0.50210040807724
YFR008W,YIL160C,0,-0.12657642,0.15157148241996765,0.8952096104621887,0.5022004246711731
YDL130W-A,YJL143W,0,-0.13082755,0.15154586732387543,0.8952096104621887,0.5023004412651062
YLL045C,YDR512C,0,-0.13160026,0.1515202671289444,0.8952096104621887,0.5024004578590393
YPR133W-A,YBR153W,0,-0.13430142,0.15149468183517456,0.8952096104621887,0.5025004744529724
YNR052C,YLR201C,0,-0.13694239,0.15146909654140472,0.8952096104621887,0.5026004910469055
YDR079W,YPL204W,0,-0.13985299,0.15144352614879608,0.8952096104621887,0.5027005672454834
YOR262W,YKL138C,0,-0.14138567,0.15141795575618744,0.8952096104621887,0.5028005838394165
YMR186W,YML107C,0,-0.14182183,0.15139240026474,0.8952096104621887,0.5029006004333496
YIL011W,YLR276C,0,-0.1421215,0.15136685967445374,0.8952096104621887,0.5030006170272827
YDR434W,YPL116W,0,-0.14561051,0.15134131908416748,0.8952096104621887,0.5031006336212158
YGR103W,YDR297W,0,-0.14807773,0.15131579339504242,0.8952096104621887,0.5032006502151489
YMR125W,YKL040C,0,-0.14821786,0.15129026770591736,0.8952096104621887,0.503300666809082
YHR039C-B,YNL175C,0,-0.14843969,0.1512647569179535,0.8952096104621887,0.5034006834030151
YHR185C,YLR020C,0,-0.14894003,0.15123924612998962,0.8952096104621887,0.5035006999969482
YDL127W,YDR093W,0,-0.15508713,0.15121375024318695,0.8952096104621887,0.5036007165908813
YJL046W,YML009C,0,-0.15732834,0.15118826925754547,0.8952096104621887,0.5037007331848145
YLR333C,YML112W,0,-0.15900898,0.151162788271904,0.8952096104621887,0.5038007497787476
YBR049C,YOR359W,0,-0.15905645,0.1511373221874237,0.8952096104621887,0.5039007663726807
YCR038C,YKL194C,0,-0.15926999,0.15111185610294342,0.8952096104621887,0.5040007829666138
YGL178W,YJR027W,0,-0.1610558,0.15108640491962433,0.8952096104621887,0.5041007995605469
YKR008W,YOR110W,0,-0.16157055,0.15106096863746643,0.8952096104621887,0.50420081615448
YOR278W,YCL059C,0,-0.16384327,0.15103553235530853,0.8952096104621887,0.5043008327484131
YEL053C,YNL190W,0,-0.16606918,0.15101009607315063,0.8952096104621887,0.504400908946991
YLL031C,YCL055W,0,-0.16805613,0.15098468959331512,0.8952096104621887,0.5045009255409241
YDR087C,YPR019W,0,-0.16856265,0.15095926821231842,0.8952096104621887,0.5046009421348572
YGR085C,YLL016W,0,-0.16860068,0.1509338766336441,0.8952096104621887,0.5047009587287903
YOR014W,YJR133W,0,-0.169076,0.1509084850549698,0.8952096104621887,0.5048009753227234
YJR026W,YGL010W,0,-0.1695628,0.15088309347629547,0.8952096104621887,0.5049009919166565
YBL064C,YCR105W,0,-0.17631218,0.15085771679878235,0.8952096104621887,0.5050010085105896
YNL180C,YPL085W,0,-0.17674917,0.15083235502243042,0.8952096104621887,0.5051010251045227
YPL075W,YOL045W,0,-0.17690837,0.1508069932460785,0.8952096104621887,0.5052010416984558
YJL194W,YOL103W,0,-0.17953306,0.15078164637088776,0.8952096104621887,0.5053010582923889
YDR427W,YHR117W,0,-0.1805582,0.15075629949569702,0.8952096104621887,0.505401074886322
YDR437W,YPR011C,0,-0.18136418,0.15073096752166748,0.8952096104621887,0.5055010914802551
YOR341W,YDL197C,0,-0.18248272,0.15070565044879913,0.8952096104621887,0.5056011080741882
YOL108C,YJR092W,0,-0.18306017,0.1506803333759308,0.8952096104621887,0.5057011246681213
YOL076W,YLR023C,0,-0.18328774,0.15065501630306244,0.8952096104621887,0.5058011412620544
YJR121W,YML030W,0,-0.18493122,0.15062972903251648,0.8952096104621887,0.5059011578559875
YJL029C,YBR271W,0,-0.18868563,0.15060442686080933,0.8952096104621887,0.5060011744499207
YIL112W,YIL011W,0,-0.18897176,0.15057915449142456,0.8952096104621887,0.5061011910438538
YGL172W,YAR031W,0,-0.18917304,0.1505538821220398,0.8952096104621887,0.5062012672424316
YOR259C,YNL001W,0,-0.19268668,0.15052860975265503,0.8952096104621887,0.5063012838363647
YPL129W,YOL155C,0,-0.19514501,0.15050335228443146,0.8952096104621887,0.5064013004302979
YGR143W,YCL068C,0,-0.19665766,0.15047810971736908,0.8952096104621887,0.506501317024231
YKL217W,YER014C-A,0,-0.19792041,0.1504528671503067,0.8952096104621887,0.5066013336181641
YJL114W,YNL079C,0,-0.20088315,0.15042763948440552,0.8952096104621887,0.5067013502120972
YHR165C,YNL029C,0,-0.20312569,0.15040241181850433,0.8952096104621887,0.5068013668060303
YOR396W,YLL009C,0,-0.20376492,0.15037719905376434,0.8952096104621887,0.5069013833999634
YIR039C,YOR038C,0,-0.20410621,0.15035200119018555,0.8952096104621887,0.5070013999938965
YDR212W,YMR269W,0,-0.20453793,0.15032680332660675,0.8952096104621887,0.5071014165878296
YMR256C,YOR396W,0,-0.20701444,0.15030160546302795,0.8952096104621887,0.5072014331817627
YNL131W,YER029C,0,-0.20883405,0.15027642250061035,0.8952096104621887,0.5073014497756958
YLL057C,YOL124C,0,-0.20905727,0.15025125443935394,0.8952096104621887,0.5074014663696289
YEL006W,YPL097W,0,-0.20933253,0.15022608637809753,0.8952096104621887,0.507501482963562
YCL068C,YHR035W,0,-0.21132316,0.15020093321800232,0.8952096104621887,0.5076014995574951
YPR073C,YMR261C,0,-0.21244323,0.1501757949590683,0.8952096104621887,0.5077015161514282
YER174C,YBL039C,0,-0.21350646,0.15015065670013428,0.8952096104621887,0.5078015327453613
YMR220W,YDR320C-A,0,-0.21361205,0.15012551844120026,0.8952096104621887,0.5079016089439392
YHR033W,YNL192W,0,-0.2146172,0.15010039508342743,0.8952096104621887,0.5080016255378723
YDR497C,YMR241W,0,-0.2152704,0.1500752866268158,0.8952096104621887,0.5081016421318054
YPL204W,YMR150C,0,-0.21675509,0.15005017817020416,0.8952096104621887,0.5082016587257385
YML127W,YDR545W,0,-0.21793714,0.15002508461475372,0.8952096104621887,0.5083016753196716
YDR363W-A,YLL051C,0,-0.21938005,0.15000000596046448,0.8952096104621887,0.5084016919136047
YGL213C,YLR214W,0,-0.21958971,0.14997492730617523,0.8952096104621887,0.5085017085075378
YMR229C,YNL239W,0,-0.22328615,0.149949848651886,0.8952096104621887,0.508601725101471
YOL054W,YGL014W,0,-0.22354472,0.14992478489875793,0.8952096104621887,0.508701741695404
YOR209C,YMR043W,0,-0.22553575,0.14989973604679108,0.8952096104621887,0.5088017582893372
YGR076C,YCR080W,0,-0.2255547,0.14987468719482422,0.8952096104621887,0.5089017748832703
YBR043C,YPL223C,0,-0.2266072,0.14984965324401855,0.8952096104621887,0.5090017914772034
YGL046W,YCR014C,0,-0.22755918,0.1498246192932129,0.8952096104621887,0.5091018080711365
YDR353W,YJR094W-A,0,-0.22860861,0.14979960024356842,0.8952096104621887,0.5092018246650696
YDR284C,YGL030W,0,-0.22920612,0.14977458119392395,0.8952096104621887,0.5093018412590027
YPL144W,YDR532C,0,-0.22956443,0.14974957704544067,0.8952096104621887,0.5094018578529358
YGR004W,YIL148W,0,-0.2303482,0.1497245877981186,0.8952096104621887,0.5095018744468689
YDR087C,YHL025W,0,-0.23187047,0.1496995985507965,0.8952096104621887,0.509601891040802
YHR170W,YFR014C,0,-0.23362637,0.14967462420463562,0.8952096104621887,0.5097019672393799
YJR073C,YDR100W,0,-0.23388922,0.14964964985847473,0.8952096104621887,0.509801983833313
YOR227W,YLR054C,0,-0.23572934,0.14962469041347504,0.8952096104621887,0.5099020004272461
YPR108W,YCR029C-A,0,-0.23923507,0.14959973096847534,0.8952096104621887,0.5100020170211792
YCR054C,YJR054W,0,-0.2413311,0.14957478642463684,0.8952096104621887,0.5101020336151123
YGR080W,YCR002C,0,-0.24228704,0.14954985678195953,0.8952096104621887,0.5102020502090454
YOR019W,YGR014W,0,-0.24654093,0.14952492713928223,0.8952096104621887,0.5103020668029785
YNL194C,YOR109W,0,-0.24661967,0.14949999749660492,0.8952096104621887,0.5104020833969116
YDR501W,YPR184W,0,-0.24790406,0.1494750827550888,0.8952096104621887,0.5105020999908447
YLR411W,YAL017W,0,-0.24973238,0.1494501829147339,0.8952096104621887,0.5106021165847778
YBR275C,YMR194W,0,-0.2506977,0.14942528307437897,0.8952096104621887,0.5107021331787109
YJL019W,YBL024W,0,-0.25133437,0.14940039813518524,0.8952096104621887,0.510802149772644
YDR195W,YMR247C,0,-0.25170052,0.14937551319599152,0.8952096104621887,0.5109021663665771
YHL012W,YML061C,0,-0.25258547,0.14935064315795898,0.8952096104621887,0.5110021829605103
YHR184W,YER151C,0,-0.25319046,0.14932578802108765,0.8952096104621887,0.5111021995544434
YPR073C,YGR055W,0,-0.25425577,0.1493009328842163,0.8952096104621887,0.5112022161483765
YOR047C,YOR291W,0,-0.2591306,0.14927609264850616,0.8952096104621887,0.5113022327423096
YNL115C,YNL262W,0,-0.26110852,0.14925125241279602,0.8952096104621887,0.5114023089408875
YNL206C,YFL038C,0,-0.2614106,0.14922641217708588,0.8952096104621887,0.5115023255348206
YDR358W,YNR040W,0,-0.26278389,0.14920160174369812,0.8952096104621887,0.5116023421287537
YPR034W,YLR187W,0,-0.26540196,0.14917677640914917,0.8952096104621887,0.5117023587226868
YMR130W,YDR384C,0,-0.26573718,0.1491519808769226,0.8952096104621887,0.5118023753166199
YMR136W,YFL026W,0,-0.26697302,0.14912718534469604,0.8952096104621887,0.511902391910553
YER002W,YPL175W,0,-0.2680115,0.14910238981246948,0.8952096104621887,0.5120024085044861
YJL212C,YML023C,0,-0.26810807,0.1490776091814041,0.8952096104621887,0.5121024250984192
YPL033C,YDR246W,0,-0.26991224,0.14905284345149994,0.8952096104621887,0.5122024416923523
YLL011W,YML124C,0,-0.2721126,0.14902807772159576,0.8952096104621887,0.5123024582862854
YOR176W,YJL054W,0,-0.27257025,0.14900332689285278,0.8952096104621887,0.5124024748802185
YGR097W,YMR211W,0,-0.27442515,0.1489785760641098,0.8952096104621887,0.5125024914741516
YIL004C,YIL038C,0,-0.27491584,0.14895384013652802,0.8952096104621887,0.5126025080680847
YNL311C,YOL002C,0,-0.27604342,0.14892910420894623,0.8952096104621887,0.5127025246620178
YPL231W,YER167W,0,-0.27749708,0.14890438318252563,0.8952096104621887,0.5128025412559509
YBR083W,YNL138W,1,-0.27751923,0.1490456461906433,0.8962075710296631,0.5128025412559509
YLR268W,YDR188W,0,-0.2777617,0.14902091026306152,0.8962075710296631,0.512902557849884
YDR292C,YDR297W,0,-0.27914166,0.14899618923664093,0.8962075710296631,0.5130025744438171
YBR114W,YJR158W,0,-0.27938175,0.14897146821022034,0.8962075710296631,0.5131025910377502
YLR448W,YDL134C-A,0,-0.2811304,0.14894676208496094,0.8962075710296631,0.5132026672363281
YDR276C,YPL083C,0,-0.2863542,0.14892205595970154,0.8962075710296631,0.5133026838302612
YKR078W,YKL042W,0,-0.2866922,0.14889736473560333,0.8962075710296631,0.5134027004241943
YDR262W,YBR289W,0,-0.28756568,0.14887267351150513,0.8962075710296631,0.5135027170181274
YAL041W,YLR229C,1,-0.29002994,0.14901375770568848,0.8972055912017822,0.5135027170181274
YDR261C,YNL308C,0,-0.29020196,0.14898906648159027,0.8972055912017822,0.5136027336120605
YPL221W,YJL078C,0,-0.29564047,0.14896437525749207,0.8972055912017822,0.5137027502059937
YJR001W,YDR131C,0,-0.2963112,0.14893969893455505,0.8972055912017822,0.5138027667999268
YHR202W,YPL110C,0,-0.29641077,0.14891502261161804,0.8972055912017822,0.5139027833938599
YBR012W-A,YHR023W,0,-0.29672474,0.14889036118984222,0.8972055912017822,0.514002799987793
YPR017C,YKR095W-A,0,-0.29678124,0.1488656997680664,0.8972055912017822,0.5141028165817261
YER126C,YNL132W,0,-0.2977876,0.14884105324745178,0.8972055912017822,0.5142028331756592
YPL276W,YMR076C,0,-0.29882407,0.14881642162799835,0.8972055912017822,0.5143028497695923
YER014W,YHR197W,0,-0.2989501,0.14879179000854492,0.8972055912017822,0.5144028663635254
YPR186C,YKL015W,0,-0.3003512,0.14876717329025269,0.8972055912017822,0.5145028829574585
YOR244W,YLR452C,0,-0.3008021,0.14874255657196045,0.8972055912017822,0.5146028995513916
YDR211W,YNL158W,0,-0.30153275,0.1487179547548294,0.8972055912017822,0.5147029161453247
YDR298C,YEL069C,0,-0.30212897,0.14869335293769836,0.8972055912017822,0.5148029327392578
YLR442C,YNR043W,0,-0.3031391,0.14866876602172852,0.8972055912017822,0.5149030089378357
YHL036W,YOR018W,0,-0.30805248,0.14864417910575867,0.8972055912017822,0.5150030255317688
YKL119C,YNL029C,0,-0.30866873,0.14861960709095,0.8972055912017822,0.5151030421257019
YAR033W,YNR059W,0,-0.30912322,0.14859503507614136,0.8972055912017822,0.515203058719635
YHR046C,YNL194C,0,-0.3113923,0.1485704779624939,0.8972055912017822,0.5153030753135681
YDR421W,YDR038C,0,-0.31397277,0.14854593575000763,0.8972055912017822,0.5154030919075012
YPL050C,YFL017W-A,0,-0.316055,0.14852139353752136,0.8972055912017822,0.5155031085014343
YDL099W,YJL121C,0,-0.31625128,0.1484968662261963,0.8972055912017822,0.5156031250953674
YNL259C,YDR229W,0,-0.31813705,0.14847233891487122,0.8972055912017822,0.5157031416893005
YPR003C,YOR207C,0,-0.32451028,0.14844782650470734,0.8972055912017822,0.5158031582832336
YDL065C,YIL172C,0,-0.32496953,0.14842331409454346,0.8972055912017822,0.5159031748771667
YAL056W,YMR164C,1,-0.3250323,0.14856387674808502,0.8982036113739014,0.5159031748771667
YJR053W,YBR142W,0,-0.32504547,0.14853936433792114,0.8982036113739014,0.5160031914710999
YLR052W,YBR205W,0,-0.32523626,0.14851485192775726,0.8982036113739014,0.516103208065033
YIL139C,YEL006W,0,-0.3252987,0.14849035441875458,0.8982036113739014,0.5162032246589661
YML086C,YDR531W,0,-0.3298023,0.1484658569097519,0.8982036113739014,0.5163032412528992
YOR209C,YLR404W,0,-0.32991183,0.1484413594007492,0.8982036113739014,0.5164032578468323
YPL276W,YBR065C,0,-0.33043563,0.1484168916940689,0.8982036113739014,0.5165032744407654
YIL111W,YOL072W,0,-0.33049357,0.14839240908622742,0.8982036113739014,0.5166032910346985
YGL098W,YMR165C,0,-0.33052903,0.1483679562807083,0.8982036113739014,0.5167033672332764
YMR050C,YDR527W,0,-0.33105093,0.1483435034751892,0.8982036113739014,0.5168033838272095
YBR082C,YJL079C,0,-0.33245993,0.1483190506696701,0.8982036113739014,0.5169034004211426
YGL098W,YGR008C,0,-0.3326491,0.1482946127653122,0.8982036113739014,0.5170034170150757
YOR258W,YML096W,0,-0.33613896,0.14827017486095428,0.8982036113739014,0.5171034336090088
YLR083C,YMR164C,1,-0.33694553,0.14841046929359436,0.8992015719413757,0.5171034336090088
YCL060C,YJL048C,0,-0.33747143,0.14838603138923645,0.8992015719413757,0.5172034502029419
YGL112C,YIL172C,0,-0.33931252,0.14836159348487854,0.8992015719413757,0.517303466796875
YML071C,YMR081C,0,-0.34023315,0.14833717048168182,0.8992015719413757,0.5174034833908081
YOR371C,YER020W,1,-0.34031016,0.14847736060619354,0.9001995921134949,0.5174034833908081
YHR165C,YOR251C,0,-0.34316808,0.14845292270183563,0.9001995921134949,0.5175034999847412
YEL070W,YIL064W,0,-0.3452325,0.14842849969863892,0.9001995921134949,0.5176035165786743
YFL033C,YHR175W,0,-0.3454554,0.1484040766954422,0.9001995921134949,0.5177035331726074
YGL090W,YDR399W,0,-0.34805447,0.14837966859340668,0.9001995921134949,0.5178035497665405
YPR073C,YPR046W,0,-0.3491032,0.14835526049137115,0.9001995921134949,0.5179035663604736
YDR009W,YMR180C,0,-0.34993517,0.14833086729049683,0.9001995921134949,0.5180035829544067
YJR117W,YGR135W,0,-0.35299647,0.1483064740896225,0.9001995921134949,0.5181035995483398
YNL199C,YJL216C,0,-0.35348418,0.14828209578990936,0.9001995921134949,0.518203616142273
YAL058W,YOR326W,0,-0.3541534,0.14825773239135742,0.9001995921134949,0.518303632736206
YML132W,YNL103W,0,-0.3558941,0.1482333540916443,0.9001995921134949,0.5184037089347839
YPR043W,YMR051C,0,-0.3569858,0.14820900559425354,0.9001995921134949,0.518503725528717
YDR046C,YJR123W,0,-0.35729885,0.1481846570968628,0.9001995921134949,0.5186037421226501
YDR150W,YAR035W,0,-0.35748485,0.14816030859947205,0.9001995921134949,0.5187037587165833
YNR016C,YOL080C,0,-0.3578988,0.1481359899044037,0.9001995921134949,0.5188037753105164
YGL223C,YBR237W,0,-0.35803026,0.14811165630817413,0.9001995921134949,0.5189037919044495
YLL045C,YGR274C,0,-0.36064738,0.14808733761310577,0.9001995921134949,0.5190038084983826
YER002W,YGR216C,0,-0.36315477,0.1480630338191986,0.9001995921134949,0.5191038250923157
YLR073C,YDR228C,0,-0.36447906,0.14803873002529144,0.9001995921134949,0.5192038416862488
YDR033W,YHR193C,0,-0.3648243,0.14801444113254547,0.9001995921134949,0.5193038582801819
YBR153W,YPL210C,0,-0.36618137,0.1479901522397995,0.9001995921134949,0.519403874874115
YGR286C,YLR014C,0,-0.3665287,0.14796587824821472,0.9001995921134949,0.5195038914680481
YLR129W,YCL050C,0,-0.36866623,0.14794160425662994,0.9001995921134949,0.5196039080619812
YNL039W,YFL010W-A,0,-0.37141317,0.14791734516620636,0.9001995921134949,0.5197039246559143
YPR204W,YOR257W,0,-0.3723817,0.14789310097694397,0.9001995921134949,0.5198039412498474
YOR143C,YDR424C,0,-0.37306762,0.14786885678768158,0.9001995921134949,0.5199039578437805
YOL123W,YJR054W,0,-0.3736418,0.1478446125984192,0.9001995921134949,0.5200039744377136
YLR419W,YCL057C-A,0,-0.3745278,0.147820383310318,0.9001995921134949,0.5201039910316467
YBL013W,YPL130W,0,-0.37899023,0.147796168923378,0.9001995921134949,0.5202040672302246
YGL094C,YBR119W,0,-0.3808,0.147771954536438,0.9001995921134949,0.5203040838241577
YBR275C,YNL036W,0,-0.38576072,0.14774775505065918,0.9001995921134949,0.5204041004180908
YMR217W,YPL141C,0,-0.38603413,0.14772355556488037,0.9001995921134949,0.5205041170120239
YLL053C,YEL013W,0,-0.38628376,0.14769935607910156,0.9001995921134949,0.520604133605957
YDR482C,YOL147C,0,-0.38830686,0.14767518639564514,0.9001995921134949,0.5207041501998901
YOR301W,YOR129C,0,-0.3894504,0.14765100181102753,0.9001995921134949,0.5208041667938232
YJR092W,YHR181W,0,-0.3908291,0.1476268470287323,0.9001995921134949,0.5209041833877563
YKL108W,YJL208C,0,-0.3909084,0.14760267734527588,0.9001995921134949,0.5210041999816895
YNL180C,YPR054W,0,-0.39285916,0.14757853746414185,0.9001995921134949,0.5211042165756226
YPL150W,YKL051W,0,-0.39589947,0.1475543975830078,0.9001995921134949,0.5212042331695557
YKR052C,YML109W,0,-0.4016379,0.14753025770187378,0.9001995921134949,0.5213042497634888
YCL034W,YKL062W,0,-0.40326798,0.14750613272190094,0.9001995921134949,0.5214042663574219
YDR358W,YKL126W,0,-0.4040916,0.1474820077419281,0.9001995921134949,0.521504282951355
YNL298W,YBR156C,0,-0.40471324,0.14745789766311646,0.9001995921134949,0.5216042995452881
YJL117W,YDR361C,0,-0.40504193,0.147433802485466,0.9001995921134949,0.5217043161392212
YBR150C,YFR021W,0,-0.40543234,0.14740970730781555,0.9001995921134949,0.5218043327331543
YAL021C,YJL183W,0,-0.40708852,0.1473856270313263,0.9001995921134949,0.5219044089317322
YFL054C,YCL039W,0,-0.40723482,0.14736154675483704,0.9001995921134949,0.5220044255256653
YAL015C,YML056C,0,-0.41140866,0.14733746647834778,0.9001995921134949,0.5221044421195984
YPR106W,YBL100W-B,0,-0.4120779,0.14731340110301971,0.9001995921134949,0.5222044587135315
YIL128W,YIL159W,0,-0.41252255,0.14728935062885284,0.9001995921134949,0.5223044753074646
YNL318C,YPR046W,0,-0.4137817,0.14726530015468597,0.9001995921134949,0.5224044919013977
YEL018W,YDL247W,0,-0.4147787,0.1472412645816803,0.9001995921134949,0.5225045084953308
YGL225W,YLR131C,0,-0.41724625,0.14721722900867462,0.9001995921134949,0.5226045250892639
YBL076C,YIL075C,0,-0.4177215,0.14719320833683014,0.9001995921134949,0.522704541683197
YPR071W,YGL210W,0,-0.41875026,0.14716920256614685,0.9001995921134949,0.5228045582771301
YNL118C,YOR084W,0,-0.41878366,0.14714518189430237,0.9001995921134949,0.5229045748710632
YIL113W,YDL216C,0,-0.41894996,0.14712119102478027,0.9001995921134949,0.5230045914649963
YOR240W,YFR015C,0,-0.4192876,0.14709720015525818,0.9001995921134949,0.5231046080589294
YML092C,YER153C,0,-0.4209249,0.14707320928573608,0.9001995921134949,0.5232046246528625
YHL007C,YOR371C,1,-0.42407763,0.14721226692199707,0.901197612285614,0.5232046246528625
YOR275C,YDR460W,0,-0.42532027,0.14718826115131378,0.901197612285614,0.5233046412467957
YER174C,YGL059W,0,-0.4253798,0.1471642702817917,0.901197612285614,0.5234046578407288
YLR203C,YGR035C,0,-0.42737538,0.1471402943134308,0.901197612285614,0.5235046744346619
YBR168W,YGR255C,0,-0.42745817,0.14711631834506989,0.901197612285614,0.5236047506332397
YER046W,YAL007C,0,-0.42873383,0.14709235727787018,0.901197612285614,0.5237047672271729
YDL144C,YNL159C,0,-0.43089116,0.14706841111183167,0.901197612285614,0.523804783821106
YGL064C,YOL157C,0,-0.4324997,0.14704445004463196,0.901197612285614,0.5239048004150391
YLR109W,YJR147W,0,-0.43301982,0.14702051877975464,0.901197612285614,0.5240048170089722
YOL135C,YMR225C,0,-0.434442,0.14699658751487732,0.901197612285614,0.5241048336029053
YPR166C,YEL031W,0,-0.43981832,0.14697265625,0.901197612285614,0.5242048501968384
YDR337W,YER117W,0,-0.4451682,0.14694873988628387,0.901197612285614,0.5243048667907715
YML058W-A,YDR013W,0,-0.44537747,0.14692482352256775,0.901197612285614,0.5244048833847046
YFR033C,YMR172W,0,-0.44579148,0.14690092206001282,0.901197612285614,0.5245048999786377
YBR296C,YGL004C,0,-0.4459045,0.14687703549861908,0.901197612285614,0.5246049165725708
YML040W,YGL070C,0,-0.4469093,0.14685314893722534,0.901197612285614,0.5247049331665039
YML120C,YCL060C,0,-0.44947565,0.1468292623758316,0.901197612285614,0.524804949760437
YHL015W,YOL096C,0,-0.44974792,0.14680539071559906,0.901197612285614,0.5249049663543701
YJR107W,YDL069C,0,-0.45118004,0.1467815339565277,0.901197612285614,0.5250049829483032
YJR121W,YLR214W,0,-0.45120484,0.14675767719745636,0.901197612285614,0.5251049995422363
YLR017W,YBR012W-B,0,-0.45254302,0.1467338353395462,0.901197612285614,0.5252050161361694
YML045W,YGL050W,0,-0.45262024,0.14670999348163605,0.901197612285614,0.5253050327301025
YLL002W,YIL177C,0,-0.455146,0.14668616652488708,0.901197612285614,0.5254051089286804
YIL115C,YNL160W,0,-0.45881784,0.14666233956813812,0.901197612285614,0.5255051255226135
YDR367W,YCR004C,0,-0.4618674,0.14663851261138916,0.901197612285614,0.5256051421165466
YPR034W,YKL203C,0,-0.46437737,0.14661471545696259,0.901197612285614,0.5257051587104797
YBR028C,YGR180C,0,-0.46481553,0.14659090340137482,0.901197612285614,0.5258051753044128
YIL156W,YJL167W,0,-0.46518254,0.14656712114810944,0.901197612285614,0.525905191898346
YLR442C,YHR101C,0,-0.46731865,0.14654332399368286,0.901197612285614,0.526005208492279
YDR178W,YAL068C,0,-0.46784773,0.14651955664157867,0.901197612285614,0.5261052250862122
YML098W,YDR065W,0,-0.46892953,0.1464957892894745,0.901197612285614,0.5262052416801453
YMR218C,YKL039W,0,-0.46991098,0.1464720219373703,0.901197612285614,0.5263052582740784
YPR188C,YDR405W,0,-0.47294527,0.1464482694864273,0.901197612285614,0.5264052748680115
YDL180W,YOL111C,0,-0.47307807,0.14642451703548431,0.901197612285614,0.5265052914619446
YBL052C,YOR382W,0,-0.47566852,0.14640077948570251,0.901197612285614,0.5266053080558777
YNL207W,YDR021W,0,-0.4760728,0.14637704193592072,0.901197612285614,0.5267053246498108
YKL179C,YLR352W,0,-0.47918075,0.1463533192873001,0.901197612285614,0.5268053412437439
YNL330C,YOL144W,0,-0.48033184,0.1463296115398407,0.901197612285614,0.526905357837677
YPR001W,YJR102C,0,-0.4815454,0.1463059037923813,0.901197612285614,0.5270053744316101
YHR164C,YHR079C,0,-0.48290825,0.14628219604492188,0.901197612285614,0.527105450630188
YNL259C,YFR053C,0,-0.48361433,0.14625850319862366,0.901197612285614,0.5272054672241211
YIL049W,YMR238W,1,-0.4837415,0.14639675617218018,0.9021956324577332,0.5272054672241211
YDR483W,YBR155W,0,-0.4848707,0.14637306332588196,0.9021956324577332,0.5273054838180542
YGR188C,YNL308C,0,-0.4868399,0.14634935557842255,0.9021956324577332,0.5274055004119873
YPL144W,YDR301W,0,-0.48722756,0.14632567763328552,0.9021956324577332,0.5275055170059204
YDL192W,YNL107W,0,-0.48855805,0.1463019847869873,0.9021956324577332,0.5276055335998535
YCL068C,YOR158W,0,-0.48889685,0.14627832174301147,0.9021956324577332,0.5277055501937866
YMR289W,YEL043W,0,-0.48954907,0.14625465869903564,0.9021956324577332,0.5278055667877197
YMR207C,YKL181W,0,-0.49040776,0.14623099565505981,0.9021956324577332,0.5279055833816528
YGR212W,YLR118C,0,-0.49064153,0.14620734751224518,0.9021956324577332,0.5280055999755859
YGL170C,YLL009C,0,-0.4919899,0.14618369936943054,0.9021956324577332,0.528105616569519
YKL006W,YOR283W,0,-0.494065,0.1461600661277771,0.9021956324577332,0.5282056331634521
YBR009C,YKL064W,0,-0.49674797,0.14613643288612366,0.9021956324577332,0.5283056497573853
YGL078C,YPR005C,0,-0.49695837,0.1461128145456314,0.9021956324577332,0.5284056663513184
YFR019W,YFL002W-A,0,-0.49700838,0.14608921110630035,0.9021956324577332,0.5285056829452515
YGR283C,YPR134W,0,-0.4978028,0.1460656076669693,0.9021956324577332,0.5286056995391846
YLR035C-A,YGL098W,0,-0.49876118,0.14604200422763824,0.9021956324577332,0.5287057161331177
YDR227W,YKL145W,0,-0.5007789,0.14601841568946838,0.9021956324577332,0.5288057327270508
YLL001W,YNL239W,0,-0.50100964,0.14599482715129852,0.9021956324577332,0.5289058089256287
YDL119C,YAL019W,0,-0.5013189,0.14597125351428986,0.9021956324577332,0.5290058255195618
YJR151C,YJR097W,0,-0.5026638,0.14594769477844238,0.9021956324577332,0.5291058421134949
YPL031C,YIL096C,0,-0.50466627,0.1459241360425949,0.9021956324577332,0.529205858707428
YLL057C,YPR011C,0,-0.5059361,0.14590057730674744,0.9021956324577332,0.5293058753013611
YCR081W,YJL186W,0,-0.5069382,0.14587703347206116,0.9021956324577332,0.5294058918952942
YMR321C,YOL096C,0,-0.5072503,0.14585350453853607,0.9021956324577332,0.5295059084892273
YNL172W,YNL122C,0,-0.5097107,0.145829975605011,0.9021956324577332,0.5296059250831604
YER145C,YHR066W,0,-0.5109793,0.1458064466714859,0.9021956324577332,0.5297059416770935
YLL002W,YAL029C,0,-0.5136886,0.145782932639122,0.9021956324577332,0.5298059582710266
YLR193C,YDR018C,0,-0.5150877,0.1457594335079193,0.9021956324577332,0.5299059748649597
YLR126C,YPL095C,0,-0.5164386,0.1457359343767166,0.9021956324577332,0.5300059914588928
YGR268C,YLR276C,0,-0.5175531,0.1457124501466751,0.9021956324577332,0.5301060080528259
YLR325C,YGL006W,0,-0.5195439,0.1456889659166336,0.9021956324577332,0.530206024646759
YDR381W,YBL076C,0,-0.52086425,0.1456654816865921,0.9021956324577332,0.5303060412406921
YNL214W,YNR050C,0,-0.5209478,0.1456420123577118,0.9021956324577332,0.5304060578346252
YCL043C,YDL145C,0,-0.52106184,0.14561855792999268,0.9021956324577332,0.5305060744285583
YDR023W,YNL055C,0,-0.5222086,0.14559510350227356,0.9021956324577332,0.5306061506271362
YMR210W,YOR283W,0,-0.5241726,0.14557166397571564,0.9021956324577332,0.5307061672210693
YKR069W,YGL120C,0,-0.5270828,0.14554822444915771,0.9021956324577332,0.5308061838150024
YKR037C,YGL236C,0,-0.5279396,0.1455247849225998,0.9021956324577332,0.5309062004089355
YDR239C,YFL054C,0,-0.5282905,0.14550137519836426,0.9021956324577332,0.5310062170028687
YCR054C,YML081C-A,0,-0.52931565,0.14547795057296753,0.9021956324577332,0.5311062335968018
YPL188W,YOR048C,0,-0.5301765,0.145454540848732,0.9021956324577332,0.5312062501907349
YLL048C,YKL088W,0,-0.5311754,0.14543114602565765,0.9021956324577332,0.531306266784668
YOL082W,YKR061W,0,-0.531227,0.1454077512025833,0.9021956324577332,0.5314062833786011
YER123W,YBL103C,0,-0.53180313,0.14538437128067017,0.9021956324577332,0.5315062999725342
YDR430C,YNR040W,0,-0.53185976,0.14536099135875702,0.9021956324577332,0.5316063165664673
YDR520C,YFR001W,0,-0.53431845,0.14533762633800507,0.9021956324577332,0.5317063331604004
YNL119W,YLR229C,1,-0.53514636,0.14547500014305115,0.9031935930252075,0.5317063331604004
YAL012W,YAR044W,0,-0.535638,0.145451620221138,0.9031935930252075,0.5318063497543335
YAL031C,YDR350C,0,-0.5373393,0.14542825520038605,0.9031935930252075,0.5319063663482666
YDR520C,YOR124C,0,-0.5387584,0.1454048901796341,0.9031935930252075,0.5320063829421997
YNL223W,YGL157W,0,-0.5413644,0.14538152515888214,0.9031935930252075,0.5321063995361328
YIL112W,YBR294W,0,-0.54147536,0.14535817503929138,0.9031935930252075,0.5322064161300659
YOL104C,YJR119C,0,-0.5433776,0.14533482491970062,0.9031935930252075,0.532306432723999
YPL103C,YDR093W,0,-0.5445741,0.14531148970127106,0.9031935930252075,0.5324065089225769
YOR291W,YDR252W,0,-0.544907,0.14528816938400269,0.9031935930252075,0.53250652551651
YOR346W,YEL053C,0,-0.5464885,0.14526484906673431,0.9031935930252075,0.5326065421104431
YPL214C,YPL172C,0,-0.5498663,0.14524152874946594,0.9031935930252075,0.5327065587043762
YDL115C,YOR285W,0,-0.5554017,0.14521822333335876,0.9031935930252075,0.5328065752983093
YHL044W,YOR291W,0,-0.55582076,0.14519493281841278,0.9031935930252075,0.5329065918922424
YBR182C,YPL220W,0,-0.55731004,0.1451716423034668,0.9031935930252075,0.5330066084861755
YJR053W,YDR213W,0,-0.5579513,0.1451483517885208,0.9031935930252075,0.5331066250801086
YOR287C,YAR010C,0,-0.5593735,0.14512507617473602,0.9031935930252075,0.5332066416740417
YOR126C,YOL065C,0,-0.5620339,0.14510181546211243,0.9031935930252075,0.5333066582679749
YLR384C,YJR109C,0,-0.5653571,0.14507855474948883,0.9031935930252075,0.533406674861908
YMR235C,YFR024C,0,-0.56853795,0.14505529403686523,0.9031935930252075,0.5335066914558411
YPR002W,YBL064C,0,-0.56981933,0.14503204822540283,0.9031935930252075,0.5336067080497742
YLR182W,YDL225W,0,-0.569892,0.14500881731510162,0.9031935930252075,0.5337067246437073
YLR142W,YJR009C,0,-0.5737022,0.14498558640480042,0.9031935930252075,0.5338067412376404
YIR014W,YBR295W,0,-0.5747869,0.1449623554944992,0.9031935930252075,0.5339067578315735
YLR097C,YLR093C,0,-0.57921374,0.1449391394853592,0.9031935930252075,0.5340067744255066
YFL029C,YLR079W,0,-0.57987297,0.14491593837738037,0.9031935930252075,0.5341068506240845
YKR066C,YML041C,0,-0.58311534,0.14489273726940155,0.9031935930252075,0.5342068672180176
YDL195W,YPR043W,0,-0.58400947,0.14486953616142273,0.9031935930252075,0.5343068838119507
YLR244C,YBR091C,0,-0.5851439,0.1448463499546051,0.9031935930252075,0.5344069004058838
YLL041C,YLR263W,0,-0.586879,0.14482317864894867,0.9031935930252075,0.5345069169998169
YDR031W,YAL023C,0,-0.5872091,0.14480000734329224,0.9031935930252075,0.53460693359375
YDR507C,YML094W,0,-0.58726597,0.1447768360376358,0.9031935930252075,0.5347069501876831
YML015C,YGL198W,0,-0.5873959,0.14475367963314056,0.9031935930252075,0.5348069667816162
YGL170C,YHL032C,0,-0.5879965,0.14473052322864532,0.9031935930252075,0.5349069833755493
YLR390W,YMR094W,0,-0.5937012,0.14470738172531128,0.9031935930252075,0.5350069999694824
YIL125W,YMR025W,0,-0.5959914,0.14468425512313843,0.9031935930252075,0.5351070165634155
YCL048W,YDR081C,0,-0.597425,0.14466112852096558,0.9031935930252075,0.5352070331573486
YMR026C,YDR392W,0,-0.6012024,0.14463800191879272,0.9031935930252075,0.5353070497512817
YPL096W,YHR064C,0,-0.60184073,0.14461489021778107,0.9031935930252075,0.5354070663452148
YJR066W,YPL089C,0,-0.602556,0.1445917934179306,0.9031935930252075,0.535507082939148
YJR126C,YMR225C,0,-0.6036542,0.14456869661808014,0.9031935930252075,0.535607099533081
YKL077W,YHR147C,0,-0.6045793,0.14454559981822968,0.9031935930252075,0.5357071161270142
YNL076W,YIL069C,0,-0.6053152,0.1445225179195404,0.9031935930252075,0.5358071327209473
YKL020C,YER053C,0,-0.60656583,0.14449943602085114,0.9031935930252075,0.5359072089195251
YDR513W,YLR386W,0,-0.6069608,0.14447636902332306,0.9031935930252075,0.5360072255134583
YKR078W,YHR156C,0,-0.60805005,0.14445331692695618,0.9031935930252075,0.5361072421073914
YJL216C,YIL172C,0,-0.60832095,0.1444302648305893,0.9031935930252075,0.5362072587013245
YOL055C,YDL060W,0,-0.6100454,0.1444072127342224,0.9031935930252075,0.5363072752952576
YLR364W,YGR180C,0,-0.61173654,0.14438417553901672,0.9031935930252075,0.5364072918891907
YKL034W,YCL057C-A,0,-0.6159704,0.14436113834381104,0.9031935930252075,0.5365073084831238
YDR443C,YMR051C,0,-0.61910796,0.14433811604976654,0.9031935930252075,0.5366073250770569
YKL061W,YGR216C,0,-0.6216447,0.14431510865688324,0.9031935930252075,0.53670734167099
YDL074C,YJR040W,0,-0.62347394,0.14429208636283875,0.9031935930252075,0.5368073582649231
YPL209C,YBR107C,0,-0.62485325,0.14426909387111664,0.9031935930252075,0.5369073748588562
YHR089C,YHR120W,0,-0.62510645,0.14424610137939453,0.9031935930252075,0.5370073914527893
YGL246C,YER167W,0,-0.62576234,0.14422310888767242,0.9031935930252075,0.5371074080467224
YCL026C-B,YCR106W,0,-0.6259761,0.1442001312971115,0.9031935930252075,0.5372074246406555
YBR080C,YDR315C,0,-0.6281903,0.1441771537065506,0.9031935930252075,0.5373074412345886
YLR286C,YCL044C,0,-0.63050735,0.14415419101715088,0.9031935930252075,0.5374074578285217
YOR389W,YFR021W,0,-0.6321501,0.14413122832775116,0.9031935930252075,0.5375074744224548
YOL098C,YNL274C,0,-0.63777447,0.14410828053951263,0.9031935930252075,0.5376075506210327
YDR492W,YLR283W,0,-0.6407932,0.1440853327512741,0.9031935930252075,0.5377075672149658
YBL098W,YDR427W,0,-0.6431271,0.14406239986419678,0.9031935930252075,0.5378075838088989
YPL094C,YPL178W,0,-0.6472742,0.14403946697711945,0.9031935930252075,0.537907600402832
YMR164C,YER149C,1,-0.651208,0.1441756784915924,0.9041916131973267,0.537907600402832
YDL243C,YLR259C,0,-0.65240157,0.14415274560451508,0.9041916131973267,0.5380076169967651
YHR010W,YPR166C,0,-0.6552243,0.14412981271743774,0.9041916131973267,0.5381076335906982
YDR297W,YHR077C,0,-0.655383,0.1441068798303604,0.9041916131973267,0.5382076501846313
YGR177C,YKL170W,0,-0.6574651,0.14408397674560547,0.9041916131973267,0.5383076667785645
YDR126W,YOR131C,0,-0.6580322,0.14406105875968933,0.9041916131973267,0.5384076833724976
YDR432W,YDR107C,1,-0.662918,0.14419713616371155,0.9051896333694458,0.5384076833724976
YOL051W,YER087W,0,-0.6671325,0.1441742181777954,0.9051896333694458,0.5385076999664307
YGL126W,YIL095W,0,-0.6694267,0.14415130019187927,0.9051896333694458,0.5386077165603638
YLR037C,YLR293C,0,-0.6699976,0.14412839710712433,0.9051896333694458,0.5387077331542969
YML063W,YMR241W,0,-0.6709914,0.14410549402236938,0.9051896333694458,0.53880774974823
YIL048W,YLR295C,0,-0.6736847,0.14408260583877563,0.9051896333694458,0.5389077663421631
YLR170C,YEL001C,0,-0.67546546,0.14405971765518188,0.9051896333694458,0.5390077829360962
YNL161W,YNL280C,0,-0.67706096,0.14403684437274933,0.9051896333694458,0.5391077995300293
YBR153W,YKL212W,0,-0.6774292,0.14401397109031677,0.9051896333694458,0.5392078161239624
YFL061W,YOL061W,0,-0.6781483,0.1439911127090454,0.9051896333694458,0.5393078327178955
YOR116C,YNR003C,0,-0.68108475,0.14396825432777405,0.9051896333694458,0.5394079089164734
YEL070W,YMR152W,0,-0.6820775,0.14394541084766388,0.9051896333694458,0.5395079255104065
YMR023C,YLR329W,0,-0.6828253,0.1439225673675537,0.9051896333694458,0.5396079421043396
YCL064C,YIL043C,0,-0.68839765,0.14389972388744354,0.9051896333694458,0.5397079586982727
YLR362W,YIL049W,1,-0.6923604,0.14403553307056427,0.9061876535415649,0.5397079586982727
YDL109C,YIL076W,0,-0.6956364,0.1440126895904541,0.9061876535415649,0.5398079752922058
YIL115C,YLR017W,0,-0.6967145,0.14398984611034393,0.9061876535415649,0.5399079918861389
YLL011W,YEL022W,0,-0.6979046,0.14396701753139496,0.9061876535415649,0.540008008480072
YOR373W,YKL028W,0,-0.6981809,0.14394420385360718,0.9061876535415649,0.5401080250740051
YBL061C,YNL293W,0,-0.69993246,0.1439213752746582,0.9061876535415649,0.5402080416679382
YLR083C,YOR371C,1,-0.7002409,0.14405705034732819,0.9071856141090393,0.5402080416679382
YIR039C,YJL225C,0,-0.70428216,0.1440342217683792,0.9071856141090393,0.5403080582618713
YOL121C,YKL010C,0,-0.7048346,0.14401140809059143,0.9071856141090393,0.5404080748558044
YLR010C,YMR275C,0,-0.705053,0.14398859441280365,0.9071856141090393,0.5405080914497375
YKR102W,YKL145W,0,-0.7065634,0.14396579563617706,0.9071856141090393,0.5406081080436707
YPR149W,YLL050C,0,-0.7070105,0.14394299685955048,0.9071856141090393,0.5407081246376038
YMR235C,YPL017C,0,-0.7090442,0.1439201980829239,0.9071856141090393,0.5408081412315369
YDR375C,YFL054C,0,-0.71134245,0.1438974142074585,0.9071856141090393,0.54090815782547
YPR002W,YBR245C,0,-0.7135807,0.1438746452331543,0.9071856141090393,0.5410081744194031
YER147C,YLR309C,0,-0.71511966,0.1438518762588501,0.9071856141090393,0.541108250617981
YGL058W,YGL168W,0,-0.715704,0.1438291072845459,0.9071856141090393,0.5412082672119141
YLL027W,YHR150W,0,-0.7184473,0.1438063532114029,0.9071856141090393,0.5413082838058472
YNL197C,YDR379W,1,-0.7198477,0.14394178986549377,0.9081836342811584,0.5413082838058472
YGR191W,YJR065C,0,-0.7205899,0.14391902089118958,0.9081836342811584,0.5414083003997803
YML097C,YNR008W,0,-0.7209711,0.14389626681804657,0.9081836342811584,0.5415083169937134
YDL056W,YMR217W,0,-0.72225606,0.14387351274490356,0.9081836342811584,0.5416083335876465
YMR284W,YDR226W,0,-0.72516406,0.14385077357292175,0.9081836342811584,0.5417083501815796
YDL144C,YKL005C,0,-0.72571623,0.14382803440093994,0.9081836342811584,0.5418083667755127
YIL172C,YIL156W,0,-0.73042,0.14380531013011932,0.9081836342811584,0.5419083833694458
YJL098W,YNR013C,0,-0.7311808,0.1437825858592987,0.9081836342811584,0.5420083999633789
YBR050C,YHR202W,0,-0.7321143,0.14375987648963928,0.9081836342811584,0.542108416557312
YOL135C,YBR271W,0,-0.73585576,0.14373716711997986,0.9081836342811584,0.5422084331512451
YOR074C,YJR094W-A,0,-0.7369044,0.14371447265148163,0.9081836342811584,0.5423084497451782
YLR208W,YJR103W,0,-0.7397958,0.1436917781829834,0.9081836342811584,0.5424084663391113
YPL058C,YJL108C,0,-0.7398641,0.14366908371448517,0.9081836342811584,0.5425084829330444
YAL040C,YJL058C,0,-0.73990226,0.14364640414714813,0.9081836342811584,0.5426084995269775
YMR233W,YOL121C,0,-0.7401826,0.1436237394809723,0.9081836342811584,0.5427085161209106
YGL163C,YLL003W,0,-0.7414311,0.14360107481479645,0.9081836342811584,0.5428085327148438
YBR082C,YIL096C,0,-0.7423257,0.1435784101486206,0.9081836342811584,0.5429086089134216
YDR363W-A,YLR212C,0,-0.7426344,0.14355576038360596,0.9081836342811584,0.5430086255073547
YBR037C,YAL022C,0,-0.74334085,0.1435331255197525,0.9081836342811584,0.5431086421012878
YHL024W,YPR028W,0,-0.7446308,0.14351049065589905,0.9081836342811584,0.543208658695221
YML036W,YOR027W,0,-0.74570465,0.1434878557920456,0.9081836342811584,0.543308675289154
YKR096W,YKL006W,0,-0.74605167,0.14346523582935333,0.9081836342811584,0.5434086918830872
YOL126C,YLR284C,0,-0.74818957,0.14344261586666107,0.9081836342811584,0.5435087084770203
YOL100W,YHR079C,0,-0.7523744,0.14342001080513,0.9081836342811584,0.5436087250709534
YMR221C,YER138C,0,-0.7528194,0.14339742064476013,0.9081836342811584,0.5437087416648865
YOR207C,YER111C,0,-0.7548253,0.14337481558322906,0.9081836342811584,0.5438087582588196
YBL011W,YDR054C,0,-0.7560669,0.14335224032402039,0.9081836342811584,0.5439087748527527
YOR068C,YGR254W,0,-0.75626117,0.1433296650648117,0.9081836342811584,0.5440087914466858
YEL070W,YHR109W,0,-0.75928307,0.14330708980560303,0.9081836342811584,0.5441088080406189
YHR214W,YFL010W-A,0,-0.76055443,0.14328452944755554,0.9081836342811584,0.544208824634552
YGL231C,YDR270W,0,-0.7606792,0.14326196908950806,0.9081836342811584,0.5443088412284851
YDR451C,YCL034W,0,-0.76091003,0.14323940873146057,0.9081836342811584,0.5444088578224182
YNL214W,YPR162C,0,-0.7613212,0.14321687817573547,0.9081836342811584,0.5445088744163513
YKR066C,YBR233W-A,0,-0.7642981,0.14319433271884918,0.9081836342811584,0.5446089506149292
YLR295C,YLR085C,0,-0.7645402,0.14317180216312408,0.9081836342811584,0.5447089672088623
YPR057W,YER061C,0,-0.7661888,0.14314928650856018,0.9081836342811584,0.5448089838027954
YDR019C,YLR337W,0,-0.76664495,0.14312677085399628,0.9081836342811584,0.5449090003967285
YOR334W,YNL046W,0,-0.7679119,0.14310425519943237,0.9081836342811584,0.5450090169906616
YBL052C,YKR027W,0,-0.7711288,0.14308175444602966,0.9081836342811584,0.5451090335845947
YMR153W,YNR004W,0,-0.77164537,0.14305926859378815,0.9081836342811584,0.5452090501785278
YLR200W,YDL211C,0,-0.77214825,0.14303678274154663,0.9081836342811584,0.5453090667724609
YOR176W,YLR337W,0,-0.77275944,0.14301429688930511,0.9081836342811584,0.545409083366394
YKL191W,YGR156W,0,-0.7732902,0.1429918259382248,0.9081836342811584,0.5455090999603271
YML039W,YJL094C,0,-0.7752851,0.14296936988830566,0.9081836342811584,0.5456091165542603
YJL197W,YHR005C-A,0,-0.7755824,0.14294689893722534,0.9081836342811584,0.5457091331481934
YBL082C,YKL103C,0,-0.7776621,0.1429244577884674,0.9081836342811584,0.5458091497421265
YBL113C,YFL025C,0,-0.778102,0.14290201663970947,0.9081836342811584,0.5459091663360596
YNL054W,YLR207W,0,-0.7818025,0.14287957549095154,0.9081836342811584,0.5460091829299927
YBL103C,YPL235W,0,-0.7831261,0.1428571492433548,0.9081836342811584,0.5461091995239258
YHL044W,YLR259C,0,-0.7839401,0.14283472299575806,0.9081836342811584,0.5462092161178589
YPL112C,YMR025W,0,-0.7846695,0.14281229674816132,0.9081836342811584,0.546309232711792
YER109C,YER137C,0,-0.78476155,0.14278990030288696,0.9081836342811584,0.5464093089103699
YKL013C,YJL140W,0,-0.7874179,0.14276748895645142,0.9081836342811584,0.546509325504303
YJR075W,YFL005W,0,-0.78901273,0.14274509251117706,0.9081836342811584,0.5466093420982361
YOR182C,YOR271C,0,-0.79014605,0.1427227109670639,0.9081836342811584,0.5467093586921692
YNL246W,YIL148W,0,-0.79553366,0.14270032942295074,0.9081836342811584,0.5468093752861023
YLR301W,YOR279C,0,-0.7981379,0.14267796277999878,0.9081836342811584,0.5469093918800354
YLR284C,YDL123W,0,-0.79988045,0.14265558123588562,0.9081836342811584,0.5470094084739685
YIL047C,YHR051W,0,-0.80243057,0.14263322949409485,0.9081836342811584,0.5471094250679016
YNL239W,YJR015W,0,-0.8051955,0.14261087775230408,0.9081836342811584,0.5472094416618347
YHR204W,YGL085W,0,-0.8072589,0.1425885260105133,0.9081836342811584,0.5473094582557678
YGL126W,YBR078W,0,-0.80898225,0.14256618916988373,0.9081836342811584,0.5474094748497009
YEL048C,YNL162W,0,-0.8123185,0.14254385232925415,0.9081836342811584,0.547509491443634
YNL164C,YDR350C,0,-0.81562376,0.14252153038978577,0.9081836342811584,0.5476095080375671
YNL325C,YGR255C,0,-0.8173941,0.14249922335147858,0.9081836342811584,0.5477095246315002
YPL135W,YGL148W,0,-0.8193221,0.1424769014120102,0.9081836342811584,0.5478095412254333
YOR346W,YJL058C,0,-0.8198272,0.1424546092748642,0.9081836342811584,0.5479095578193665
YJR098C,YER159C,0,-0.8212282,0.142432302236557,0.9081836342811584,0.5480095744132996
YLL029W,YIR017C,0,-0.8230202,0.142410010099411,0.9081836342811584,0.5481096506118774
YMR319C,YNL112W,0,-0.82762,0.1423877328634262,0.9081836342811584,0.5482096672058105
YLR343W,YPL130W,0,-0.8310076,0.1423654556274414,0.9081836342811584,0.5483096837997437
YCL043C,YJR126C,0,-0.8320794,0.1423431932926178,0.9081836342811584,0.5484097003936768
YDR523C,YGL186C,0,-0.8345183,0.1423209309577942,0.9081836342811584,0.5485097169876099
YOL003C,YKL064W,0,-0.83566326,0.14229866862297058,0.9081836342811584,0.548609733581543
YJR032W,YDR472W,0,-0.8359721,0.14227642118930817,0.9081836342811584,0.5487097501754761
YBL069W,YGL014W,0,-0.8362965,0.14225418865680695,0.9081836342811584,0.5488097667694092
YDR440W,YDL045W-A,0,-0.83638024,0.14223194122314453,0.9081836342811584,0.5489097833633423
YDR126W,YMR250W,0,-0.83725643,0.1422097235918045,0.9081836342811584,0.5490097999572754
YML040W,YHR052W,0,-0.83726203,0.14218750596046448,0.9081836342811584,0.5491098165512085
YGR006W,YPL223C,0,-0.83781433,0.14216528832912445,0.9081836342811584,0.5492098331451416
YGR185C,YFR040W,0,-0.8385154,0.14214308559894562,0.9081836342811584,0.5493098497390747
YHL044W,YKL129C,0,-0.84016573,0.14212088286876678,0.9081836342811584,0.5494098663330078
YKR077W,YOR251C,0,-0.8414171,0.14209869503974915,0.9081836342811584,0.5495098829269409
YHR117W,YLL012W,0,-0.8429545,0.1420765072107315,0.9081836342811584,0.549609899520874
YDR444W,YML074C,0,-0.84512603,0.14205431938171387,0.9081836342811584,0.5497099161148071
YDR169C,YHR023W,0,-0.84771276,0.14203214645385742,0.9081836342811584,0.5498099327087402
YKR031C,YOL112W,0,-0.8486538,0.14200998842716217,0.9081836342811584,0.5499100089073181
YLR224W,YDR021W,0,-0.8496877,0.14198783040046692,0.9081836342811584,0.5500100255012512
YGR159C,YFL002W-A,0,-0.85000604,0.14196567237377167,0.9081836342811584,0.5501100420951843
YIL004C,YER083C,0,-0.8510088,0.1419435292482376,0.9081836342811584,0.5502100586891174
YIR018W,YGL094C,0,-0.8528747,0.14192140102386475,0.9081836342811584,0.5503100752830505
YMR149W,YJL082W,0,-0.85523355,0.14189927279949188,0.9081836342811584,0.5504100918769836
YER165W,YDR296W,0,-0.85562545,0.14187714457511902,0.9081836342811584,0.5505101084709167
YMR274C,YBR078W,0,-0.85669464,0.14185503125190735,0.9081836342811584,0.5506101250648499
YOL107W,YLR357W,0,-0.8586867,0.14183291792869568,0.9081836342811584,0.550710141658783
YIL056W,YMR243C,0,-0.8587587,0.1418108195066452,0.9081836342811584,0.5508101582527161
YLR187W,YJR040W,0,-0.85909015,0.14178872108459473,0.9081836342811584,0.5509101748466492
YDR103W,YDR257C,0,-0.8675033,0.14176663756370544,0.9081836342811584,0.5510101914405823
YFL039C,YDR397C,0,-0.8722789,0.14174455404281616,0.9081836342811584,0.5511102080345154
YPR003C,YIL013C,0,-0.8723614,0.14172247052192688,0.9081836342811584,0.5512102246284485
YCL047C,YHL017W,0,-0.8727069,0.1417004019021988,0.9081836342811584,0.5513102412223816
YLR059C,YCR047C,0,-0.8759166,0.1416783481836319,0.9081836342811584,0.5514102578163147
YOR179C,YNL073W,0,-0.87604856,0.141656294465065,0.9081836342811584,0.5515102744102478
YOR059C,YDR090C,0,-0.87667865,0.1416342407464981,0.9081836342811584,0.5516103506088257
YBR111W-A,YDR251W,0,-0.877426,0.1416122019290924,0.9081836342811584,0.5517103672027588
YDR170W-A,YER140W,0,-0.8777397,0.1415901631116867,0.9081836342811584,0.5518103837966919
YMR270C,YJR121W,0,-0.8804139,0.1415681391954422,0.9081836342811584,0.551910400390625
YMR303C,YDR195W,0,-0.88164693,0.1415461152791977,0.9081836342811584,0.5520104169845581
YDR251W,YML012W,0,-0.88258046,0.14152410626411438,0.9081836342811584,0.5521104335784912
YMR176W,YMR156C,0,-0.884084,0.14150209724903107,0.9081836342811584,0.5522104501724243
YKL140W,YOR265W,0,-0.8853179,0.14148010313510895,0.9081836342811584,0.5523104667663574
YPR046W,YIR005W,0,-0.88609225,0.14145810902118683,0.9081836342811584,0.5524104833602905
YLR187W,YKL056C,0,-0.8883419,0.1414361149072647,0.9081836342811584,0.5525104999542236
YML056C,YGL083W,0,-0.88923615,0.14141413569450378,0.9081836342811584,0.5526105165481567
YMR201C,YLL014W,0,-0.8894336,0.14139217138290405,0.9081836342811584,0.5527105331420898
YDL144C,YDR118W,0,-0.89045423,0.14137020707130432,0.9081836342811584,0.552810549736023
YGL104C,YDR256C,0,-0.8909884,0.1413482427597046,0.9081836342811584,0.552910566329956
YPL050C,YPL193W,0,-0.8999984,0.14132629334926605,0.9081836342811584,0.5530105829238892
YJL179W,YDL107W,0,-0.90260214,0.14130434393882751,0.9081836342811584,0.5531105995178223
YPL174C,YIL120W,0,-0.9043072,0.14128240942955017,0.9081836342811584,0.5532106161117554
YFL066C,YOR355W,0,-0.9047146,0.14126047492027283,0.9081836342811584,0.5533106327056885
YKL080W,YNL248C,0,-0.9093468,0.14123855531215668,0.9081836342811584,0.5534107089042664
YER142C,YLR026C,0,-0.90945673,0.14121663570404053,0.9081836342811584,0.5535107254981995
YPL218W,YIL078W,0,-0.9105746,0.14119473099708557,0.9081836342811584,0.5536107420921326
YPL149W,YDR138W,0,-0.9117905,0.14117282629013062,0.9081836342811584,0.5537107586860657
YOR257W,YOL111C,0,-0.915593,0.14115092158317566,0.9081836342811584,0.5538107752799988
YAL017W,YPL063W,0,-0.91874725,0.1411290317773819,0.9081836342811584,0.5539107918739319
YHR002W,YBR141C,0,-0.9188875,0.14110714197158813,0.9081836342811584,0.554010808467865
YHR146W,YEL036C,0,-0.9207322,0.14108526706695557,0.9081836342811584,0.5541108250617981
YPL001W,YCR002C,0,-0.92202014,0.1410634070634842,0.9081836342811584,0.5542108416557312
YJR082C,YLL035W,0,-0.9223627,0.14104153215885162,0.9081836342811584,0.5543108582496643
YDL065C,YBR081C,0,-0.922665,0.14101968705654144,0.9081836342811584,0.5544108748435974
YGL147C,YNL181W,0,-0.92564553,0.14099782705307007,0.9081836342811584,0.5545108914375305
YGR167W,YBR012W-A,0,-0.927035,0.1409759819507599,0.9081836342811584,0.5546109080314636
YLR390W,YKL135C,0,-0.92736316,0.1409541517496109,0.9081836342811584,0.5547109246253967
YLL016W,YMR009W,0,-0.9274969,0.14093232154846191,0.9081836342811584,0.5548109412193298
YPR002W,YDL220C,0,-0.9286263,0.14091049134731293,0.9081836342811584,0.5549109578132629
YJR120W,YML011C,0,-0.93056047,0.14088867604732513,0.9081836342811584,0.555010974407196
YDL192W,YHR031C,0,-0.93266606,0.14086687564849854,0.9081836342811584,0.5551110506057739
YCR029C-A,YPL110C,0,-0.933749,0.14084507524967194,0.9081836342811584,0.555211067199707
YCL066W,YML129C,0,-0.93524635,0.14082327485084534,0.9081836342811584,0.5553110837936401
YOR380W,YGL212W,0,-0.9352702,0.14080148935317993,0.9081836342811584,0.5554111003875732
YDR072C,YJR133W,0,-0.9353879,0.14077970385551453,0.9081836342811584,0.5555111169815063
YKL129C,YER090W,0,-0.9356736,0.14075793325901031,0.9081836342811584,0.5556111335754395
YLR220W,YEL053C,0,-0.9376093,0.1407361626625061,0.9081836342811584,0.5557111501693726
YAL022C,YBR257W,0,-0.9416238,0.1407143920660019,0.9081836342811584,0.5558111667633057
YGL249W,YMR097C,0,-0.9426726,0.14069263637065887,0.9081836342811584,0.5559111833572388
YCR045C,YBR041W,0,-0.94270337,0.14067089557647705,0.9081836342811584,0.5560111999511719
YHR214W,YML049C,0,-0.9439398,0.14064915478229523,0.9081836342811584,0.556111216545105
YML041C,YHR132C,0,-0.9443538,0.1406274139881134,0.9081836342811584,0.5562112331390381
YDR318W,YMR215W,0,-0.9468592,0.14060568809509277,0.9081836342811584,0.5563112497329712
YOR044W,YBR156C,0,-0.9472921,0.14058396220207214,0.9081836342811584,0.5564112663269043
YML124C,YCR072C,0,-0.9482392,0.1405622512102127,0.9081836342811584,0.5565112829208374
YGR017W,YNL262W,0,-0.9483877,0.14054054021835327,0.9081836342811584,0.5566112995147705
YDR189W,YPR072W,0,-0.9496985,0.14051884412765503,0.9081836342811584,0.5567113161087036
YGL028C,YNL056W,0,-0.950508,0.1404971480369568,0.9081836342811584,0.5568113327026367
YGL104C,YKL140W,0,-0.9541329,0.14047545194625854,0.9081836342811584,0.5569114089012146
YJL082W,YNL317W,0,-0.9557579,0.1404537707567215,0.9081836342811584,0.5570114254951477
YNL041C,YLR090W,0,-0.9578837,0.14043210446834564,0.9081836342811584,0.5571114420890808
YBL034C,YPL161C,0,-0.9580867,0.1404104232788086,0.9081836342811584,0.5572114586830139
YKR085C,YPL120W,0,-0.96171415,0.14038877189159393,0.9081836342811584,0.557311475276947
YLR016C,YOR038C,0,-0.9620834,0.14036712050437927,0.9081836342811584,0.5574114918708801
YBR180W,YOL032W,0,-0.96350205,0.1403454691171646,0.9081836342811584,0.5575115084648132
YCR018C,YPL178W,0,-0.9639593,0.14032381772994995,0.9081836342811584,0.5576115250587463
YBL052C,YPL178W,0,-0.9651023,0.14030219614505768,0.9081836342811584,0.5577115416526794
YNL331C,YGL206C,0,-0.9667421,0.1402805596590042,0.9081836342811584,0.5578115582466125
YIL171W,YHL035C,0,-0.96736205,0.14025893807411194,0.9081836342811584,0.5579115748405457
YCL048W,YDR415C,0,-0.9687442,0.14023733139038086,0.9081836342811584,0.5580115914344788
YER109C,YBR083W,1,-0.97179943,0.14036980271339417,0.9091816544532776,0.5580115914344788
YOL004W,YER178W,0,-0.9718324,0.1403481811285019,0.9091816544532776,0.5581116080284119
YOR195W,YNR008W,0,-0.97285753,0.14032655954360962,0.9091816544532776,0.558211624622345
YDR238C,YDL140C,0,-0.9740889,0.14030493795871735,0.9091816544532776,0.5583116412162781
YIR014W,YCR106W,0,-0.97442997,0.14028333127498627,0.9091816544532776,0.5584116578102112
YIL145C,YBR299W,0,-0.9748702,0.14026173949241638,0.9091816544532776,0.5585116744041443
YLR134W,YHR117W,0,-0.97500944,0.1402401477098465,0.9091816544532776,0.5586117506027222
YLR208W,YDR224C,0,-0.97595555,0.1402185559272766,0.9091816544532776,0.5587117671966553
YOR182C,YKL040C,0,-0.97621906,0.14019697904586792,0.9091816544532776,0.5588117837905884
YHL006C,YIL172C,0,-0.97744364,0.14017541706562042,0.9091816544532776,0.5589118003845215
YDR375C,YBR119W,0,-0.9813814,0.14015384018421173,0.9091816544532776,0.5590118169784546
YBR010W,YPL221W,0,-0.9849831,0.14013229310512543,0.9091816544532776,0.5591118335723877
YNL027W,YCL063W,0,-0.98508185,0.14011073112487793,0.9091816544532776,0.5592118501663208
YOR355W,YBR041W,0,-0.9853819,0.14008918404579163,0.9091816544532776,0.5593118667602539
YDR386W,YLR440C,0,-0.9860441,0.14006765186786652,0.9091816544532776,0.559411883354187
YHR175W,YLR313C,0,-0.9878402,0.1400461196899414,0.9091816544532776,0.5595118999481201
YDR003W,YKL170W,0,-0.9881892,0.1400245875120163,0.9091816544532776,0.5596119165420532
YLR086W,YJR160C,0,-0.9883197,0.14000307023525238,0.9091816544532776,0.5597119331359863
YPL122C,YHR012W,0,-0.99287,0.13998156785964966,0.9091816544532776,0.5598119497299194
YNL309W,YDL227C,0,-0.9953759,0.13996005058288574,0.9091816544532776,0.5599119663238525
YGR254W,YIL018W,0,-0.9984698,0.1399385631084442,0.9091816544532776,0.5600119829177856
YHR139C,YNL212W,0,-0.9992051,0.1399170607328415,0.9091816544532776,0.5601119995117188
YEL061C,YGR244C,0,-1.0002087,0.13989557325839996,0.9091816544532776,0.5602120161056519
YMR051C,YOR116C,0,-1.0006065,0.13987410068511963,0.9091816544532776,0.560312032699585
YDR268W,YDR076W,0,-1.0022341,0.1398526281118393,0.9091816544532776,0.5604121088981628
YDR079W,YPL183W-A,0,-1.0041649,0.13983115553855896,0.9091816544532776,0.560512125492096
YBL010C,YNL180C,0,-1.0058322,0.13980969786643982,0.9091816544532776,0.560612142086029
YIL080W,YIL048W,0,-1.0059212,0.13978824019432068,0.9091816544532776,0.5607121586799622
YDL198C,YEL041W,0,-1.0070219,0.13976679742336273,0.9091816544532776,0.5608121752738953
YOL149W,YHR140W,0,-1.0077431,0.13974535465240479,0.9091816544532776,0.5609121918678284
YLR019W,YCL025C,0,-1.0083152,0.13972392678260803,0.9091816544532776,0.5610122084617615
YMR080C,YMR198W,0,-1.0087024,0.13970249891281128,0.9091816544532776,0.5611122250556946
YHL038C,YJL001W,0,-1.0087945,0.13968108594417572,0.9091816544532776,0.5612122416496277
YDR262W,YHR207C,0,-1.011275,0.13965967297554016,0.9091816544532776,0.5613122582435608
YCR031C,YGR204W,0,-1.0115893,0.1396382600069046,0.9091816544532776,0.5614122748374939
YMR088C,YER129W,0,-1.0118983,0.13961686193943024,0.9091816544532776,0.561512291431427
YGR266W,YNL210W,0,-1.0122718,0.13959546387195587,0.9091816544532776,0.5616123080253601
YKR061W,YDR441C,0,-1.0128186,0.1395740807056427,0.9091816544532776,0.5617123246192932
YDR386W,YMR036C,0,-1.0129113,0.13955269753932953,0.9091816544532776,0.5618123412132263
YNR045W,YBR299W,0,-1.0132644,0.13953131437301636,0.9091816544532776,0.5619123578071594
YDR110W,YDR261C,0,-1.0161228,0.13950996100902557,0.9091816544532776,0.5620123744010925
YBR082C,YFL038C,0,-1.0175931,0.1394885927438736,0.9091816544532776,0.5621124505996704
YLR113W,YPL082C,0,-1.018893,0.1394672393798828,0.9091816544532776,0.5622124671936035
YML027W,YDR444W,0,-1.0205202,0.13944588601589203,0.9091816544532776,0.5623124837875366
YFL035C,YDR369C,0,-1.0214797,0.13942454755306244,0.9091816544532776,0.5624125003814697
YOR371C,YDR107C,1,-1.0217364,0.13955622911453247,0.910179615020752,0.5624125003814697
YAL015C,YGR235C,0,-1.0221915,0.13953489065170288,0.910179615020752,0.5625125169754028
YMR127C,YJL019W,0,-1.0232568,0.1395135372877121,0.910179615020752,0.5626125335693359
YNL197C,YNL119W,1,-1.0258803,0.13964514434337616,0.9111776351928711,0.5626125335693359
YDR247W,YJR026W,0,-1.0262771,0.13962379097938538,0.9111776351928711,0.562712550163269
YKR085C,YDR310C,0,-1.0282218,0.1396024525165558,0.9111776351928711,0.5628125667572021
YMR204C,YOL011W,0,-1.0300593,0.139581099152565,0.9111776351928711,0.5629125833511353
YEL029C,YNR032C-A,0,-1.0338936,0.1395597606897354,0.9111776351928711,0.5630125999450684
YHR080C,YOL064C,0,-1.0342593,0.13953843712806702,0.9111776351928711,0.5631126165390015
YEL016C,YGR283C,0,-1.035809,0.13951711356639862,0.9111776351928711,0.5632126331329346
YDR056C,YHR172W,0,-1.0371437,0.13949580490589142,0.9111776351928711,0.5633126497268677
YMR213W,YIR023W,0,-1.0373335,0.13947448134422302,0.9111776351928711,0.5634126663208008
YGR120C,YLR067C,0,-1.0394313,0.13945318758487701,0.9111776351928711,0.5635126829147339
YDL180W,YDR439W,0,-1.0397675,0.139431893825531,0.9111776351928711,0.563612699508667
YBR122C,YLR451W,0,-1.0440174,0.139410600066185,0.9111776351928711,0.5637127161026001
YDR432W,YKL185W,1,-1.0462024,0.13954198360443115,0.9121756553649902,0.5637127161026001
YJR054W,YDL076C,0,-1.0463009,0.13952068984508514,0.9121756553649902,0.563812792301178
YGL090W,YER159C,0,-1.0509753,0.13949939608573914,0.9121756553649902,0.5639128088951111
YGR174C,YCL035C,0,-1.0510635,0.13947810232639313,0.9121756553649902,0.5640128254890442
YNL117W,YOL129W,0,-1.054563,0.1394568234682083,0.9121756553649902,0.5641128420829773
YOR136W,YNL283C,0,-1.0553342,0.1394355446100235,0.9121756553649902,0.5642128586769104
YAR042W,YKL174C,0,-1.0554596,0.13941428065299988,0.9121756553649902,0.5643128752708435
YEL038W,YLR147C,0,-1.0565722,0.13939301669597626,0.9121756553649902,0.5644128918647766
YDR410C,YLR151C,0,-1.0572617,0.13937175273895264,0.9121756553649902,0.5645129084587097
YIL154C,YOR285W,0,-1.0587797,0.1393505036830902,0.9121756553649902,0.5646129250526428
YOR228C,YOR158W,0,-1.060601,0.13932926952838898,0.9121756553649902,0.5647129416465759
YOR148C,YGR072W,0,-1.0608792,0.13930803537368774,0.9121756553649902,0.564812958240509
YOR247W,YER002W,0,-1.0611832,0.1392868012189865,0.9121756553649902,0.5649129748344421
YJR035W,YLR289W,0,-1.0651091,0.13926558196544647,0.9121756553649902,0.5650129914283752
YGR034W,YNL309W,0,-1.0652852,0.13924436271190643,0.9121756553649902,0.5651130080223083
YDL127W,YKR028W,0,-1.0663228,0.1392231583595276,0.9121756553649902,0.5652130246162415
YNL239W,YJL214W,0,-1.069204,0.13920195400714874,0.9121756553649902,0.5653130412101746
YMR194W,YPR086W,0,-1.0699073,0.1391807496547699,0.9121756553649902,0.5654130578041077
YMR033W,YKL134C,0,-1.0710363,0.13915956020355225,0.9121756553649902,0.5655130743980408
YNL161W,YDR390C,0,-1.0722847,0.1391383707523346,0.9121756553649902,0.5656131505966187
YBL037W,YMR183C,0,-1.072345,0.13911719620227814,0.9121756553649902,0.5657131671905518
YLL027W,YGL180W,0,-1.0725318,0.13909602165222168,0.9121756553649902,0.5658131837844849
YLR304C,YNL098C,0,-1.0733413,0.13907486200332642,0.9121756553649902,0.565913200378418
YMR176W,YHR046C,0,-1.0764899,0.13905370235443115,0.9121756553649902,0.5660132169723511
YGL244W,YMR228W,0,-1.0773499,0.13903255760669708,0.9121756553649902,0.5661132335662842
YBR037C,YLR011W,0,-1.0798813,0.139011412858963,0.9121756553649902,0.5662132501602173
YNL052W,YLR333C,0,-1.087697,0.13899026811122894,0.9121756553649902,0.5663132667541504
YMR313C,YML094W,0,-1.0913482,0.13896913826465607,0.9121756553649902,0.5664132833480835
YBR230C,YPR057W,0,-1.0946212,0.1389480084180832,0.9121756553649902,0.5665132999420166
YLR315W,YLR007W,0,-1.0963103,0.1389268934726715,0.9121756553649902,0.5666133165359497
YPL186C,YLR001C,0,-1.0964658,0.13890577852725983,0.9121756553649902,0.5667133331298828
YMR221C,YDR441C,0,-1.0978937,0.13888466358184814,0.9121756553649902,0.5668133497238159
YMR112C,YHL050C,0,-1.0990396,0.13886356353759766,0.9121756553649902,0.566913366317749
YLR154C,YLR228C,0,-1.1002575,0.13884247839450836,0.9121756553649902,0.5670133829116821
YPL143W,YOR211C,0,-1.100405,0.13882137835025787,0.9121756553649902,0.5671133995056152
YGR088W,YJL181W,0,-1.1035439,0.13880030810832977,0.9121756553649902,0.5672134160995483
YGR058W,YDL124W,0,-1.1046108,0.13877922296524048,0.9121756553649902,0.5673134922981262
YPL119C,YOR068C,0,-1.104928,0.13875815272331238,0.9121756553649902,0.5674135088920593
YOR269W,YCR036W,0,-1.1055667,0.13873709738254547,0.9121756553649902,0.5675135254859924
YLR109W,YLR309C,0,-1.1065644,0.13871604204177856,0.9121756553649902,0.5676135420799255
YOR084W,YBR261C,0,-1.1067531,0.13869498670101166,0.9121756553649902,0.5677135586738586
YHL031C,YLR214W,0,-1.1093531,0.13867394626140594,0.9121756553649902,0.5678135752677917
YHR009C,YDR383C,0,-1.1098145,0.13865290582180023,0.9121756553649902,0.5679135918617249
YBL055C,YMR065W,0,-1.1099138,0.1386318802833557,0.9121756553649902,0.568013608455658
YHL028W,YNL230C,0,-1.1114234,0.1386108547449112,0.9121756553649902,0.5681136250495911
YPL183W-A,YDR471W,0,-1.1133044,0.13858984410762787,0.9121756553649902,0.5682136416435242
YHR167W,YMR150C,0,-1.1194046,0.13856883347034454,0.9121756553649902,0.5683136582374573
YNL258C,YOL071W,0,-1.119623,0.13854782283306122,0.9121756553649902,0.5684136748313904
YJR155W,YLR347C,0,-1.1211054,0.1385268270969391,0.9121756553649902,0.5685136914253235
YOR334W,YDL217C,0,-1.1222796,0.13850583136081696,0.9121756553649902,0.5686137080192566
YKL124W,YOL078W,0,-1.1225278,0.13848485052585602,0.9121756553649902,0.5687137246131897
YOL157C,YHR008C,0,-1.1253068,0.13846386969089508,0.9121756553649902,0.5688137412071228
YKL218C,YML040W,0,-1.1287395,0.13844288885593414,0.9121756553649902,0.5689137578010559
YBL100W-B,YOR045W,0,-1.1289079,0.1384219229221344,0.9121756553649902,0.569013774394989
YPL150W,YML042W,0,-1.1302744,0.13840097188949585,0.9121756553649902,0.5691138505935669
YGR282C,YPR120C,0,-1.1303234,0.1383800208568573,0.9121756553649902,0.5692138671875
YER147C,YNR021W,0,-1.1311598,0.13835906982421875,0.9121756553649902,0.5693138837814331
YOL138C,YMR281W,0,-1.1360979,0.1383381187915802,0.9121756553649902,0.5694139003753662
YNL027W,YNL167C,0,-1.136527,0.13831719756126404,0.9121756553649902,0.5695139169692993
YPL183C,YPR137W,0,-1.1377138,0.13829626142978668,0.9121756553649902,0.5696139335632324
YDR078C,YOL078W,0,-1.1390489,0.13827534019947052,0.9121756553649902,0.5697139501571655
YJL171C,YMR053C,0,-1.1402534,0.13825441896915436,0.9121756553649902,0.5698139667510986
YOR322C,YMR094W,0,-1.1404221,0.1382335126399994,0.9121756553649902,0.5699139833450317
YBR271W,YER117W,0,-1.1441469,0.13821260631084442,0.9121756553649902,0.5700139999389648
YEL044W,YGL067W,0,-1.1448133,0.13819171488285065,0.9121756553649902,0.570114016532898
YPL176C,YEL039C,0,-1.1458781,0.13817082345485687,0.9121756553649902,0.570214033126831
YCR057C,YCR018C,0,-1.146018,0.1381499469280243,0.9121756553649902,0.5703140497207642
YMR233W,YNR055C,0,-1.1481894,0.13812905550003052,0.9121756553649902,0.5704140663146973
YLR345W,YGR081C,0,-1.1524488,0.13810819387435913,0.9121756553649902,0.5705140829086304
YAR009C,YPR114W,0,-1.1530282,0.13808731734752655,0.9121756553649902,0.5706140995025635
YGL231C,YDR052C,0,-1.1533232,0.13806647062301636,0.9121756553649902,0.5707141160964966
YML005W,YJR058C,0,-1.1565833,0.13804560899734497,0.9121756553649902,0.5708141922950745
YGL049C,YBR046C,0,-1.1593595,0.13802476227283478,0.9121756553649902,0.5709142088890076
YHR205W,YOL155C,0,-1.1610484,0.13800393044948578,0.9121756553649902,0.5710142254829407
YJL005W,YLR092W,0,-1.1613631,0.13798309862613678,0.9121756553649902,0.5711142420768738
YDR405W,YNL250W,0,-1.1622875,0.13796226680278778,0.9121756553649902,0.5712142586708069
YOL059W,YJR053W,0,-1.1641358,0.13794144988059998,0.9121756553649902,0.57131427526474
YDR253C,YOR212W,0,-1.1664596,0.13792063295841217,0.9121756553649902,0.5714142918586731
YKR075C,YLR417W,0,-1.1702745,0.13789981603622437,0.9121756553649902,0.5715143084526062
YBR060C,YLR292C,0,-1.1763186,0.13787901401519775,0.9121756553649902,0.5716143250465393
YDL130W,YJL072C,0,-1.1775517,0.13785822689533234,0.9121756553649902,0.5717143416404724
YJL216C,YDR407C,0,-1.1775751,0.13783742487430573,0.9121756553649902,0.5718143582344055
YLR157C,YHR067W,0,-1.1831439,0.1378166526556015,0.9121756553649902,0.5719143748283386
YHR059W,YGR263C,0,-1.1849313,0.13779586553573608,0.9121756553649902,0.5720143914222717
YMR207C,YDL097C,0,-1.185857,0.13777509331703186,0.9121756553649902,0.5721144080162048
YOL031C,YDL018C,0,-1.1863568,0.13775433599948883,0.9121756553649902,0.5722144246101379
YBL075C,YOL111C,0,-1.1868354,0.1377335786819458,0.9121756553649902,0.572314441204071
YDL029W,YBR121C,0,-1.1873405,0.13771282136440277,0.9121756553649902,0.5724144577980042
YJL216C,YDR303C,0,-1.1884216,0.13769207894802094,0.9121756553649902,0.5725144743919373
YDR531W,YHR064C,0,-1.1910295,0.1376713365316391,0.9121756553649902,0.5726145505905151
YDR457W,YBR129C,0,-1.1920197,0.13765060901641846,0.9121756553649902,0.5727145671844482
YOL149W,YDR384C,0,-1.1923288,0.13762988150119781,0.9121756553649902,0.5728145837783813
YMR146C,YLR164W,0,-1.1946582,0.13760915398597717,0.9121756553649902,0.5729146003723145
YOR273C,YDR188W,0,-1.1953213,0.13758844137191772,0.9121756553649902,0.5730146169662476
YDR238C,YHR149C,0,-1.1959572,0.13756772875785828,0.9121756553649902,0.5731146335601807
YJR098C,YDR231C,0,-1.1970844,0.13754703104496002,0.9121756553649902,0.5732146501541138
YFL047W,YDR188W,0,-1.2005032,0.13752633333206177,0.9121756553649902,0.5733146667480469
YDR253C,YIL177C,0,-1.2043691,0.1375056356191635,0.9121756553649902,0.57341468334198
YDR444W,YOR288C,0,-1.2044015,0.13748495280742645,0.9121756553649902,0.5735146999359131
YLL011W,YGR268C,0,-1.2048783,0.13746428489685059,0.9121756553649902,0.5736147165298462
YBR278W,YOR386W,0,-1.2059155,0.13744360208511353,0.9121756553649902,0.5737147331237793
YMR304W,YNL304W,0,-1.2059971,0.13742294907569885,0.9121756553649902,0.5738147497177124
YOR150W,YGL112C,0,-1.2077789,0.13740228116512299,0.9121756553649902,0.5739147663116455
YIL014W,YDR205W,0,-1.2093823,0.1373816281557083,0.9121756553649902,0.5740147829055786
YDR330W,YLR404W,0,-1.2127612,0.13736099004745483,0.9121756553649902,0.5741147994995117
YDR453C,YPL150W,0,-1.217947,0.13734035193920135,0.9121756553649902,0.5742148160934448
YMR297W,YLR105C,0,-1.2183418,0.13731971383094788,0.9121756553649902,0.5743148922920227
YKR078W,YPR030W,0,-1.2185246,0.1372990906238556,0.9121756553649902,0.5744149088859558
YNL172W,YLR260W,0,-1.2224404,0.1372784674167633,0.9121756553649902,0.5745149254798889
YKL077W,YOR290C,0,-1.2228383,0.13725784420967102,0.9121756553649902,0.574614942073822
YIR018W,YBR155W,0,-1.2268369,0.13723723590373993,0.9121756553649902,0.5747149586677551
YLR223C,YJR022W,0,-1.2275897,0.13721662759780884,0.9121756553649902,0.5748149752616882
YDR486C,YFL037W,0,-1.2281766,0.13719603419303894,0.9121756553649902,0.5749149918556213
YBR286W,YBL026W,0,-1.2322211,0.13717544078826904,0.9121756553649902,0.5750150084495544
YDR260C,YDL148C,0,-1.232475,0.13715486228466034,0.9121756553649902,0.5751150250434875
YJL134W,YDL047W,0,-1.2327507,0.13713428378105164,0.9121756553649902,0.5752150416374207
YCR005C,YHL021C,0,-1.2327833,0.13711370527744293,0.9121756553649902,0.5753150582313538
YLR419W,YBR023C,0,-1.2332413,0.13709314167499542,0.9121756553649902,0.5754150748252869
YDR019C,YPL113C,0,-1.2353997,0.1370725780725479,0.9121756553649902,0.57551509141922
YNL061W,YDL022W,0,-1.2358115,0.1370520293712616,0.9121756553649902,0.5756151080131531
YDR139C,YHR207C,0,-1.2358764,0.13703148066997528,0.9121756553649902,0.5757151246070862
YNL038W,YLR007W,0,-1.2361457,0.13701094686985016,0.9121756553649902,0.5758151412010193
YKR088C,YGR145W,0,-1.2364494,0.13699041306972504,0.9121756553649902,0.5759151577949524
YJR054W,YPL134C,0,-1.2406371,0.13696987926959991,0.9121756553649902,0.5760151743888855
YMR318C,YOR373W,0,-1.2414668,0.136949360370636,0.9121756553649902,0.5761152505874634
YGR205W,YPR199C,0,-1.2435777,0.13692884147167206,0.9121756553649902,0.5762152671813965
YIL068C,YHR088W,0,-1.2435834,0.13690832257270813,0.9121756553649902,0.5763152837753296
YGR035C,YBR299W,0,-1.2444843,0.1368878185749054,0.9121756553649902,0.5764153003692627
YDR378C,YNL176C,0,-1.2463477,0.13686732947826385,0.9121756553649902,0.5765153169631958
YBR257W,YJR065C,0,-1.249107,0.13684684038162231,0.9121756553649902,0.5766153335571289
YPR108W,YPL113C,0,-1.2491322,0.13682635128498077,0.9121756553649902,0.576715350151062
YCL074W,YGR014W,0,-1.2496601,0.13680586218833923,0.9121756553649902,0.5768153667449951
YNL268W,YJL072C,0,-1.2606497,0.1367853879928589,0.9121756553649902,0.5769153833389282
YJR028W,YOR363C,0,-1.2614272,0.13676492869853973,0.9121756553649902,0.5770153999328613
YIL090W,YPL120W,0,-1.2626966,0.13674446940422058,0.9121756553649902,0.5771154165267944
YOR075W,YKL013C,0,-1.2674458,0.13672401010990143,0.9121756553649902,0.5772154331207275
YDR515W,YKL024C,0,-1.2687907,0.13670356571674347,0.9121756553649902,0.5773154497146606
YDR134C,YDR497C,0,-1.2692854,0.1366831213235855,0.9121756553649902,0.5774154663085938
YML021C,YHR211W,0,-1.2701478,0.13666267693042755,0.9121756553649902,0.5775154829025269
YML034W,YDL055C,0,-1.2706707,0.1366422474384308,0.9121756553649902,0.57761549949646
YOL069W,YPR005C,0,-1.2729125,0.13662181794643402,0.9121756553649902,0.5777155160903931
YAR033W,YLR433C,0,-1.2741963,0.13660140335559845,0.9121756553649902,0.577815592288971
YOR358W,YPR063C,0,-1.2768717,0.13658098876476288,0.9121756553649902,0.577915608882904
YCR065W,YDR265W,0,-1.2770847,0.1365605890750885,0.9121756553649902,0.5780156254768372
YJR006W,YNL322C,0,-1.2783954,0.13654018938541412,0.9121756553649902,0.5781156420707703
YJL166W,YEL013W,0,-1.2785343,0.13651978969573975,0.9121756553649902,0.5782156586647034
YKL081W,YDR093W,0,-1.281757,0.13649940490722656,0.9121756553649902,0.5783156752586365
YKL197C,YMR173W,0,-1.286095,0.13647902011871338,0.9121756553649902,0.5784156918525696
YJR027W,YOL045W,0,-1.2862039,0.1364586502313614,0.9121756553649902,0.5785157084465027
YGR202C,YNR022C,0,-1.28847,0.1364382803440094,0.9121756553649902,0.5786157250404358
YGL227W,YMR015C,0,-1.2885668,0.1364179104566574,0.9121756553649902,0.5787157416343689
YIL139C,YOL012C,0,-1.2887626,0.1363975554704666,0.9121756553649902,0.578815758228302
YDR373W,YLR196W,0,-1.2903116,0.13637720048427582,0.9121756553649902,0.5789157748222351
YJR010C-A,YPL006W,0,-1.2903744,0.13635686039924622,0.9121756553649902,0.5790157914161682
YKL196C,YDR407C,0,-1.2957144,0.1363365203142166,0.9121756553649902,0.5791158080101013
YJR078W,YPL001W,0,-1.2988181,0.136316180229187,0.9121756553649902,0.5792158246040344
YDL043C,YLR201C,0,-1.2999358,0.1362958550453186,0.9121756553649902,0.5793158411979675
YLL001W,YJL165C,0,-1.3009443,0.1362755298614502,0.9121756553649902,0.5794158577919006
YIL115C,YCR053W,0,-1.3013568,0.13625521957874298,0.9121756553649902,0.5795158743858337
YDR395W,YIL047C,0,-1.3025978,0.13623490929603577,0.9121756553649902,0.5796159505844116
YHR214C-B,YAL039C,0,-1.3033657,0.13621459901332855,0.9121756553649902,0.5797159671783447
YOR236W,YAR033W,0,-1.3036367,0.13619430363178253,0.9121756553649902,0.5798159837722778
YKL061W,YDR164C,0,-1.303948,0.1361740231513977,0.9121756553649902,0.5799160003662109
YPL137C,YPR036W,0,-1.3075902,0.13615372776985168,0.9121756553649902,0.580016016960144
YNL046W,YLL053C,0,-1.3078189,0.13613344728946686,0.9121756553649902,0.5801160335540771
YIL047C,YGL076C,0,-1.3081267,0.13611318171024323,0.9121756553649902,0.5802160501480103
YIL011W,YHR108W,0,-1.3093784,0.1360929161310196,0.9121756553649902,0.5803160667419434
YKL172W,YEL020W-A,0,-1.3094811,0.13607265055179596,0.9121756553649902,0.5804160833358765
YOL121C,YBR131W,0,-1.3095791,0.13605239987373352,0.9121756553649902,0.5805160999298096
YLR362W,YDR043C,1,-1.3100176,0.13618098199367523,0.9131736755371094,0.5805160999298096
YMR090W,YPL049C,0,-1.3114958,0.1361607164144516,0.9131736755371094,0.5806161165237427
YMR109W,YKL145W,0,-1.3117704,0.13614045083522797,0.9131736755371094,0.5807161331176758
YER142C,YPR144C,0,-1.3126376,0.13612020015716553,0.9131736755371094,0.5808161497116089
YGR254W,YKR053C,0,-1.3131353,0.1360999494791031,0.9131736755371094,0.580916166305542
YPL074W,YDR039C,0,-1.3145264,0.13607971370220184,0.9131736755371094,0.5810161828994751
YEL043W,YML092C,0,-1.3170995,0.1360594779253006,0.9131736755371094,0.5811161994934082
YDR390C,YMR025W,0,-1.3173566,0.13603925704956055,0.9131736755371094,0.5812162160873413
YHR174W,YOR326W,0,-1.3183436,0.1360190212726593,0.9131736755371094,0.5813162922859192
YBR275C,YJR006W,0,-1.3204287,0.13599881529808044,0.9131736755371094,0.5814163088798523
YMR034C,YMR125W,0,-1.3206946,0.1359785944223404,0.9131736755371094,0.5815163254737854
YHR140W,YPL082C,0,-1.3207526,0.13595838844776154,0.9131736755371094,0.5816163420677185
YLR360W,YLR390W-A,0,-1.3212514,0.13593819737434387,0.9131736755371094,0.5817163586616516
YPL087W,YIR004W,0,-1.3213983,0.1359180063009262,0.9131736755371094,0.5818163752555847
YMR005W,YEL041W,0,-1.3219736,0.13589781522750854,0.9131736755371094,0.5819163918495178
YNL251C,YLR139C,0,-1.3287299,0.13587763905525208,0.9131736755371094,0.5820164084434509
YMR032W,YDL121C,0,-1.331635,0.1358574628829956,0.9131736755371094,0.582116425037384
YBR086C,YPR063C,0,-1.3318653,0.13583728671073914,0.9131736755371094,0.5822164416313171
YPL122C,YBR029C,0,-1.3335326,0.13581712543964386,0.9131736755371094,0.5823164582252502
YDR432W,YER118C,1,-1.3362875,0.1359453797340393,0.9141716361045837,0.5823164582252502
YPL099C,YBR281C,0,-1.3363442,0.13592521846294403,0.9141716361045837,0.5824164748191833
YHR169W,YJR059W,0,-1.3365232,0.13590504229068756,0.9141716361045837,0.5825164914131165
YFR003C,YNL190W,0,-1.342965,0.13588488101959229,0.9141716361045837,0.5826165080070496
YER149C,YML096W,0,-1.3434613,0.1358647346496582,0.9141716361045837,0.5827165246009827
YGR118W,YNL055C,0,-1.3534539,0.13584457337856293,0.9141716361045837,0.5828165411949158
YJL095W,YMR166C,0,-1.3560033,0.13582444190979004,0.9141716361045837,0.5829165577888489
YKL095W,YIL004C,0,-1.3573916,0.13580429553985596,0.9141716361045837,0.583016574382782
YNL306W,YAL011W,0,-1.3579398,0.13578416407108307,0.9141716361045837,0.5831166505813599
YCR024C,YFR014C,0,-1.3584685,0.13576404750347137,0.9141716361045837,0.583216667175293
YCR040W,YOR175C,0,-1.3623544,0.13574393093585968,0.9141716361045837,0.5833166837692261
YGR105W,YOR335C,0,-1.3631283,0.13572381436824799,0.9141716361045837,0.5834167003631592
YMR256C,YBR028C,0,-1.3643351,0.1357036978006363,0.9141716361045837,0.5835167169570923
YEL030W,YAL038W,0,-1.3650074,0.1356835961341858,0.9141716361045837,0.5836167335510254
YNL149C,YPR042C,0,-1.367618,0.13566350936889648,0.9141716361045837,0.5837167501449585
YNL131W,YBR006W,0,-1.3687695,0.13564342260360718,0.9141716361045837,0.5838167667388916
YCR093W,YHR027C,0,-1.3688984,0.13562333583831787,0.9141716361045837,0.5839167833328247
YJR133W,YKR028W,0,-1.3695862,0.13560326397418976,0.9141716361045837,0.5840167999267578
YDR421W,YHR037W,0,-1.3698027,0.13558319211006165,0.9141716361045837,0.5841168165206909
YDR460W,YNL065W,0,-1.3716812,0.13556312024593353,0.9141716361045837,0.584216833114624
YJL062W,YNL288W,0,-1.3742054,0.1355430632829666,0.9141716361045837,0.5843168497085571
YHR190W,YLR337W,0,-1.3755147,0.1355230063199997,0.9141716361045837,0.5844168663024902
YDR421W,YDR367W,0,-1.3781103,0.13550296425819397,0.9141716361045837,0.5845168828964233
YDR341C,YNL310C,0,-1.3809208,0.13548292219638824,0.9141716361045837,0.5846168994903564
YLR121C,YBR055C,0,-1.3829768,0.13546288013458252,0.9141716361045837,0.5847169160842896
YJL089W,YGL067W,0,-1.3835891,0.135442852973938,0.9141716361045837,0.5848169922828674
YML047C,YLR207W,0,-1.3870116,0.13542282581329346,0.9141716361045837,0.5849170088768005
YML081W,YKR104W,0,-1.3877125,0.13540281355381012,0.9141716361045837,0.5850170254707336
YMR077C,YDR289C,0,-1.388428,0.13538280129432678,0.9141716361045837,0.5851170420646667
YDR330W,YDL180W,0,-1.3892373,0.13536278903484344,0.9141716361045837,0.5852170586585999
YKL199C,YML009C,0,-1.3898216,0.1353427916765213,0.9141716361045837,0.585317075252533
YNL330C,YGL198W,0,-1.391759,0.13532279431819916,0.9141716361045837,0.5854170918464661
YKL196C,YLR092W,0,-1.3928034,0.1353028118610382,0.9141716361045837,0.5855171084403992
YJL033W,YKR104W,0,-1.3946748,0.13528282940387726,0.9141716361045837,0.5856171250343323
YHR092C,YCR094W,0,-1.3983293,0.1352628469467163,0.9141716361045837,0.5857171416282654
YPR155C,YIL013C,0,-1.4007825,0.13524287939071655,0.9141716361045837,0.5858171582221985
YML034W,YCR092C,0,-1.402527,0.1352229118347168,0.9141716361045837,0.5859171748161316
YHR014W,YEL002C,0,-1.4025965,0.13520295917987823,0.9141716361045837,0.5860171914100647
YDL121C,YBL103C,0,-1.4042863,0.13518299162387848,0.9141716361045837,0.5861172080039978
YIL147C,YIL107C,0,-1.4063561,0.1351630538702011,0.9141716361045837,0.5862172245979309
YBR271W,YER060W,0,-1.4065962,0.13514311611652374,0.9141716361045837,0.586317241191864
YDR499W,YFR041C,0,-1.4066954,0.13512317836284637,0.9141716361045837,0.5864172577857971
YBR003W,YNL274C,0,-1.4115443,0.135103240609169,0.9141716361045837,0.5865172743797302
YMR261C,YDR410C,0,-1.4133847,0.13508331775665283,0.9141716361045837,0.5866173505783081
YOR060C,YPL038W,0,-1.4156306,0.13506340980529785,0.9141716361045837,0.5867173671722412
YGR170W,YJL180C,0,-1.4168868,0.13504348695278168,0.9141716361045837,0.5868173837661743
YMR035W,YOL158C,0,-1.4186916,0.1350235790014267,0.9141716361045837,0.5869174003601074
YPR143W,YPL156C,0,-1.4187021,0.1350036859512329,0.9141716361045837,0.5870174169540405
YFL039C,YMR145C,0,-1.4222062,0.13498379290103912,0.9141716361045837,0.5871174335479736
YDR429C,YFL001W,0,-1.4223685,0.13496389985084534,0.9141716361045837,0.5872174501419067
YFR006W,YMR235C,0,-1.4235032,0.13494402170181274,0.9141716361045837,0.5873174667358398
YHR089C,YNL156C,0,-1.4237438,0.13492414355278015,0.9141716361045837,0.587417483329773
YML047C,YHL008C,0,-1.4237481,0.13490426540374756,0.9141716361045837,0.587517499923706
YDR177W,YEL022W,0,-1.4244072,0.13488440215587616,0.9141716361045837,0.5876175165176392
YPL074W,YDR205W,0,-1.4252636,0.13486455380916595,0.9141716361045837,0.5877175331115723
YPL213W,YAL017W,0,-1.4256883,0.13484469056129456,0.9141716361045837,0.5878175497055054
YLR439W,YBR131W,0,-1.427059,0.13482484221458435,0.9141716361045837,0.5879175662994385
YDR456W,YOR124C,0,-1.429521,0.13480500876903534,0.9141716361045837,0.5880175828933716
YMR109W,YAL020C,0,-1.4300973,0.13478516042232513,0.9141716361045837,0.5881175994873047
YIL167W,YEL024W,0,-1.4306477,0.13476534187793732,0.9141716361045837,0.5882176160812378
YHR133C,YMR046C,0,-1.431301,0.1347455084323883,0.9141716361045837,0.5883176922798157
YHL044W,YPL226W,0,-1.4317467,0.1347256898880005,0.9141716361045837,0.5884177088737488
YJR089W,YMR110C,0,-1.4320902,0.13470588624477386,0.9141716361045837,0.5885177254676819
YDR315C,YLL012W,0,-1.4323263,0.13468608260154724,0.9141716361045837,0.588617742061615
YMR292W,YJL003W,0,-1.4344676,0.13466627895832062,0.9141716361045837,0.5887177586555481
YPL099C,YDL055C,0,-1.4346621,0.134646475315094,0.9141716361045837,0.5888177752494812
YLL027W,YMR088C,0,-1.4362696,0.13462668657302856,0.9141716361045837,0.5889177918434143
YHR194W,YDR503C,0,-1.4365903,0.13460691273212433,0.9141716361045837,0.5890178084373474
YMR228W,YCL003W,0,-1.4377704,0.1345871239900589,0.9141716361045837,0.5891178250312805
YDR022C,YBR081C,0,-1.4383454,0.13456735014915466,0.9141716361045837,0.5892178416252136
YNL282W,YPL134C,0,-1.4395741,0.13454759120941162,0.9141716361045837,0.5893178582191467
YDL101C,YMR061W,0,-1.4421114,0.13452783226966858,0.9141716361045837,0.5894178748130798
YML039W,YLR163C,0,-1.4450996,0.13450807332992554,0.9141716361045837,0.5895178914070129
YNR004W,YPR137W,0,-1.4460588,0.1344883292913437,0.9141716361045837,0.589617908000946
YER164W,YHR164C,0,-1.448692,0.13446858525276184,0.9141716361045837,0.5897179245948792
YMR034C,YBL103C,0,-1.4488049,0.13444884121418,0.9141716361045837,0.5898179411888123
YML099C,YDR438W,0,-1.4495697,0.13442911207675934,0.9141716361045837,0.5899179577827454
YNL063W,YER071C,0,-1.4502791,0.13440939784049988,0.9141716361045837,0.5900179743766785
YNR004W,YNL293W,0,-1.4535877,0.13438966870307922,0.9141716361045837,0.5901180505752563
YDL065C,YLR306W,0,-1.4542258,0.13436995446681976,0.9141716361045837,0.5902180671691895
YBR180W,YGR101W,0,-1.4600708,0.1343502551317215,0.9141716361045837,0.5903180837631226
YNL267W,YBR218C,0,-1.4628052,0.13433054089546204,0.9141716361045837,0.5904181003570557
YPR049C,YKL172W,0,-1.4666756,0.13431085646152496,0.9141716361045837,0.5905181169509888
YOL142W,YEL032W,0,-1.46879,0.1342911571264267,0.9141716361045837,0.5906181335449219
YKR102W,YGR225W,0,-1.469271,0.13427147269248962,0.9141716361045837,0.590718150138855
YJL004C,YEL022W,0,-1.4706256,0.13425178825855255,0.9141716361045837,0.5908181667327881
YMR099C,YGR295C,0,-1.4727783,0.13423211872577667,0.9141716361045837,0.5909181833267212
YCR092C,YPL189C-A,0,-1.4755279,0.1342124491930008,0.9141716361045837,0.5910181999206543
YDR520C,YER063W,0,-1.4758916,0.1341927945613861,0.9141716361045837,0.5911182165145874
YML021C,YPR021C,0,-1.4762564,0.13417313992977142,0.9141716361045837,0.5912182331085205
YNL039W,YJR102C,0,-1.4773993,0.13415348529815674,0.9141716361045837,0.5913182497024536
YMR217W,YCR092C,0,-1.4790269,0.13413384556770325,0.9141716361045837,0.5914182662963867
YLR364W,YHL021C,0,-1.479465,0.13411420583724976,0.9141716361045837,0.5915182828903198
YPR154W,YER153C,0,-1.4824911,0.13409456610679626,0.9141716361045837,0.5916182994842529
YGL253W,YPR036W,0,-1.483522,0.13407494127750397,0.9141716361045837,0.591718316078186
YMR012W,YGL226C-A,0,-1.4871876,0.13405531644821167,0.9141716361045837,0.5918183922767639
YKL172W,YJR052W,0,-1.4898694,0.13403570652008057,0.9141716361045837,0.591918408870697
YBR107C,YDL230W,0,-1.4904768,0.13401609659194946,0.9141716361045837,0.5920184254646301
YGL085W,YGL211W,0,-1.4968491,0.13399648666381836,0.9141716361045837,0.5921184420585632
YNL046W,YCL066W,0,-1.4971052,0.13397689163684845,0.9141716361045837,0.5922184586524963
YMR070W,YPL117C,0,-1.4977196,0.13395729660987854,0.9141716361045837,0.5923184752464294
YML013W,YOR099W,0,-1.4979,0.13393771648406982,0.9141716361045837,0.5924184918403625
YPL117C,YHL019C,0,-1.5050399,0.13391812145709991,0.9141716361045837,0.5925185084342957
YNR032C-A,YLR067C,0,-1.5067823,0.1338985562324524,0.9141716361045837,0.5926185250282288
YBR020W,YPL248C,0,-1.5080013,0.13387897610664368,0.9141716361045837,0.5927185416221619
YDR098C,YJR107W,0,-1.5085691,0.13385942578315735,0.9141716361045837,0.592818558216095
YML031W,YLR330W,0,-1.508681,0.13383986055850983,0.9141716361045837,0.5929185748100281
YKL063C,YDR350C,0,-1.5112572,0.1338203102350235,0.9141716361045837,0.5930185914039612
YGR171C,YNL210W,0,-1.5112932,0.13380075991153717,0.9141716361045837,0.5931186079978943
YAL041W,YER118C,1,-1.5118394,0.13392727077007294,0.9151696562767029,0.5931186079978943
YNR017W,YLR206W,0,-1.5123501,0.13390770554542542,0.9151696562767029,0.5932186245918274
YMR026C,YOR124C,0,-1.5129349,0.1338881552219391,0.9151696562767029,0.5933186411857605
YCL008C,YDR100W,0,-1.5130752,0.13386861979961395,0.9151696562767029,0.5934186577796936
YKR068C,YOL120C,0,-1.513262,0.13384906947612762,0.9151696562767029,0.5935186743736267
YBL093C,YBR289W,0,-1.5156004,0.1338295340538025,0.9151696562767029,0.5936187505722046
YLR024C,YDR531W,0,-1.5166682,0.13381001353263855,0.9151696562767029,0.5937187671661377
YJL052W,YDR057W,0,-1.5172167,0.1337904930114746,0.9151696562767029,0.5938187837600708
YMR224C,YBR128C,0,-1.5177884,0.13377097249031067,0.9151696562767029,0.5939188003540039
YGL189C,YIL142W,0,-1.5193893,0.13375145196914673,0.9151696562767029,0.594018816947937
YOR193W,YGL244W,0,-1.5199609,0.13373194634914398,0.9151696562767029,0.5941188335418701
YIL068C,YKL010C,0,-1.5203979,0.13371245563030243,0.9151696562767029,0.5942188501358032
YDR040C,YIR005W,0,-1.5213377,0.13369296491146088,0.9151696562767029,0.5943188667297363
YIL142W,YLL021W,0,-1.521683,0.13367347419261932,0.9151696562767029,0.5944188833236694
YMR227C,YMR322C,0,-1.5228692,0.13365398347377777,0.9151696562767029,0.5945188999176025
YDL192W,YIR038C,0,-1.5247924,0.1336345076560974,0.9151696562767029,0.5946189165115356
YIL167W,YNL208W,0,-1.5262755,0.13361503183841705,0.9151696562767029,0.5947189331054688
YCR024C,YMR233W,0,-1.5295823,0.1335955709218979,0.9151696562767029,0.5948189496994019
YOR249C,YOL090W,0,-1.5308609,0.13357611000537872,0.9151696562767029,0.594918966293335
YKR099W,YGL141W,0,-1.5327072,0.13355664908885956,0.9151696562767029,0.5950189828872681
YER184C,YJL095W,0,-1.5327448,0.1335372030735016,0.9151696562767029,0.5951189994812012
YOL122C,YDR422C,0,-1.53387,0.13351775705814362,0.9151696562767029,0.5952190160751343
YJL149W,YPR036W,0,-1.5376375,0.13349832594394684,0.9151696562767029,0.5953190922737122
YNL119W,YER118C,1,-1.5392408,0.13362444937229156,0.916167676448822,0.5953190922737122
YGR101W,YHR165C,0,-1.5395392,0.1336050033569336,0.916167676448822,0.5954191088676453
YKL001C,YML048W,0,-1.5402391,0.13358555734157562,0.916167676448822,0.5955191254615784
YBL014C,YPL225W,0,-1.5436064,0.13356612622737885,0.916167676448822,0.5956191420555115
YLR115W,YHR002W,0,-1.5436839,0.13354669511318207,0.916167676448822,0.5957191586494446
YFR008W,YML045W,0,-1.5479934,0.13352727890014648,0.916167676448822,0.5958191752433777
YPR098C,YCL025C,0,-1.5520813,0.1335078477859497,0.916167676448822,0.5959191918373108
YOR089C,YOR351C,0,-1.5544933,0.13348844647407532,0.916167676448822,0.5960192084312439
YEL036C,YMR296C,0,-1.555186,0.13346903026103973,0.916167676448822,0.596119225025177
YDR072C,YJR075W,0,-1.5561719,0.13344962894916534,0.916167676448822,0.5962192416191101
YPR108W,YOR275C,0,-1.5597036,0.13343022763729095,0.916167676448822,0.5963192582130432
YER046W,YJL121C,0,-1.5638456,0.13341084122657776,0.916167676448822,0.5964192748069763
YDR523C,YOL078W,0,-1.5655534,0.13339145481586456,0.916167676448822,0.5965192914009094
YJR052W,YLL003W,0,-1.5668241,0.13337208330631256,0.916167676448822,0.5966193079948425
YKR020W,YKL001C,0,-1.5680476,0.13335269689559937,0.916167676448822,0.5967193245887756
YOR264W,YJR015W,0,-1.5684829,0.13333334028720856,0.916167676448822,0.5968193411827087
YKL180W,YNL095C,0,-1.5689127,0.13331396877765656,0.916167676448822,0.5969193577766418
YNR002C,YNL050C,0,-1.5736017,0.13329461216926575,0.916167676448822,0.597019374370575
YFL049W,YPR063C,0,-1.5752528,0.13327525556087494,0.916167676448822,0.5971194505691528
YML031W,YAL012W,0,-1.5753379,0.13325591385364532,0.916167676448822,0.5972194671630859
YDR138W,YOR338W,0,-1.5798953,0.1332365721464157,0.916167676448822,0.597319483757019
YOR034C,YGR103W,0,-1.5801125,0.1332172453403473,0.916167676448822,0.5974195003509521
YKL110C,YPR155C,0,-1.5835333,0.13319790363311768,0.916167676448822,0.5975195169448853
YGL200C,YPL049C,0,-1.5838788,0.13317859172821045,0.916167676448822,0.5976195335388184
YPL119C,YPL240C,0,-1.5851337,0.13315926492214203,0.916167676448822,0.5977195501327515
YPR097W,YBL093C,0,-1.585378,0.1331399530172348,0.916167676448822,0.5978195667266846
YHL007C,YDR379W,1,-1.5856098,0.1332656592130661,0.9171656966209412,0.5978195667266846
YKL085W,YDR234W,0,-1.5869257,0.13324633240699768,0.9171656966209412,0.5979195833206177
YPL083C,YLR005W,0,-1.5875036,0.13322702050209045,0.9171656966209412,0.5980195999145508
YDL106C,YJL156C,0,-1.5892594,0.13320770859718323,0.9171656966209412,0.5981196165084839
YML073C,YLR096W,0,-1.5913492,0.1331884115934372,0.9171656966209412,0.598219633102417
YPL280W,YMR180C,0,-1.5988417,0.13316909968852997,0.9171656966209412,0.5983196496963501
YPL011C,YJR028W,0,-1.6007303,0.13314981758594513,0.9171656966209412,0.5984196662902832
YGL063W,YOR253W,0,-1.6048964,0.1331305205821991,0.9171656966209412,0.5985196828842163
YKR062W,YPL065W,0,-1.6050076,0.13311123847961426,0.9171656966209412,0.5986196994781494
YHR064C,YPR198W,0,-1.6052269,0.13309195637702942,0.9171656966209412,0.5987197160720825
YKR002W,YKL150W,0,-1.610208,0.13307268917560577,0.9171656966209412,0.5988197922706604
YDR337W,YNR050C,0,-1.6105342,0.13305342197418213,0.9171656966209412,0.5989198088645935
YNR018W,YGR167W,0,-1.6134677,0.13303416967391968,0.9171656966209412,0.5990198254585266
YGL070C,YIR012W,0,-1.6148326,0.13301490247249603,0.9171656966209412,0.5991198420524597
YML120C,YDR236C,0,-1.6153183,0.13299566507339478,0.9171656966209412,0.5992198586463928
YJL136C,YOL030W,0,-1.6156392,0.13297641277313232,0.9171656966209412,0.5993198752403259
YDR023W,YLR337W,0,-1.6184751,0.13295717537403107,0.9171656966209412,0.599419891834259
YGL049C,YEL018W,0,-1.618575,0.1329379379749298,0.9171656966209412,0.5995199084281921
YER029C,YDR479C,0,-1.6189017,0.13291871547698975,0.9171656966209412,0.5996199250221252
YML127W,YDR179C,0,-1.6206126,0.13289949297904968,0.9171656966209412,0.5997199416160583
YGR081C,YHL032C,0,-1.6210141,0.13288027048110962,0.9171656966209412,0.5998199582099915
YHR148W,YLR197W,0,-1.6211586,0.13286106288433075,0.9171656966209412,0.5999199748039246
YOR155C,YPL176C,0,-1.6227031,0.13284185528755188,0.9171656966209412,0.6000199913978577
YMR087W,YFL045C,0,-1.6252793,0.1328226625919342,0.9171656966209412,0.6001200079917908
YKL093W,YGR235C,0,-1.627452,0.13280346989631653,0.9171656966209412,0.6002200245857239
YLR427W,YML082W,0,-1.6293333,0.13278427720069885,0.9171656966209412,0.600320041179657
YLR460C,YPL202C,0,-1.6310687,0.13276509940624237,0.9171656966209412,0.6004200577735901
YJL208C,YBR240C,0,-1.6320827,0.1327459216117859,0.9171656966209412,0.6005200743675232
YDR158W,YHR033W,0,-1.6322173,0.1327267438173294,0.9171656966209412,0.6006201505661011
YBR172C,YDL227C,0,-1.6356626,0.13270758092403412,0.9171656966209412,0.6007201671600342
YGL112C,YOR080W,0,-1.637322,0.13268841803073883,0.9171656966209412,0.6008201837539673
YPR162C,YDL099W,0,-1.6396822,0.13266927003860474,0.9171656966209412,0.6009202003479004
YFL037W,YPL157W,0,-1.6400685,0.13265012204647064,0.9171656966209412,0.6010202169418335
YMR149W,YPR063C,0,-1.6405406,0.13263097405433655,0.9171656966209412,0.6011202335357666
YKL087C,YOR204W,0,-1.6410269,0.13261182606220245,0.9171656966209412,0.6012202501296997
YLL050C,YHR170W,0,-1.6446764,0.13259269297122955,0.9171656966209412,0.6013202667236328
YML041C,YDR243C,0,-1.6472685,0.13257357478141785,0.9171656966209412,0.6014202833175659
YJL117W,YJL125C,0,-1.6483065,0.13255445659160614,0.9171656966209412,0.601520299911499
YJR066W,YCR107W,0,-1.6486852,0.13253533840179443,0.9171656966209412,0.6016203165054321
YOR101W,YOR369C,0,-1.6498557,0.13251622021198273,0.9171656966209412,0.6017203330993652
YMR233W,YGR061C,0,-1.6529438,0.13249711692333221,0.9171656966209412,0.6018203496932983
YGL063W,YKL056C,0,-1.6533942,0.1324780136346817,0.9171656966209412,0.6019203662872314
YLR383W,YDR065W,0,-1.655947,0.13245892524719238,0.9171656966209412,0.6020203828811646
YDR341C,YNL292W,0,-1.6561873,0.13243983685970306,0.9171656966209412,0.6021203994750977
YBR050C,YLR439W,0,-1.6570277,0.13242074847221375,0.9171656966209412,0.6022204160690308
YML021C,YLR329W,0,-1.6572573,0.13240167498588562,0.9171656966209412,0.6023204922676086
YOR068C,YLR209C,0,-1.6612089,0.1323826014995575,0.9171656966209412,0.6024205088615417
YCR024C,YKL020C,0,-1.662349,0.13236352801322937,0.9171656966209412,0.6025205254554749
YLR035C-A,YCR014C,0,-1.6632588,0.13234446942806244,0.9171656966209412,0.602620542049408
YDR516C,YIL177C,0,-1.6652794,0.1323254108428955,0.9171656966209412,0.6027205586433411
YLL014W,YOR127W,0,-1.6654084,0.13230636715888977,0.9171656966209412,0.6028205752372742
YFL017W-A,YCR016W,0,-1.6664789,0.13228732347488403,0.9171656966209412,0.6029205918312073
YPL196W,YJL085W,0,-1.6667154,0.1322682797908783,0.9171656966209412,0.6030206084251404
YMR020W,YKL060C,0,-1.6677032,0.13224925100803375,0.9171656966209412,0.6031206250190735
YOR039W,YBL024W,0,-1.6689968,0.1322302222251892,0.9171656966209412,0.6032206416130066
YPL031C,YAL016W,0,-1.6692816,0.13221119344234467,0.9171656966209412,0.6033206582069397
YEL038W,YDR131C,0,-1.6712922,0.13219217956066132,0.9171656966209412,0.6034206748008728
YDR217C,YGL085W,0,-1.67132,0.13217316567897797,0.9171656966209412,0.6035206913948059
YOR155C,YJL173C,0,-1.6750904,0.13215415179729462,0.9171656966209412,0.603620707988739
YDR245W,YGL126W,0,-1.6771446,0.13213515281677246,0.9171656966209412,0.6037207245826721
YKL017C,YOL151W,0,-1.6772937,0.1321161538362503,0.9171656966209412,0.6038207411766052
YOL095C,YOR016C,0,-1.6774485,0.13209716975688934,0.9171656966209412,0.6039207577705383
YNR033W,YOR138C,0,-1.6793804,0.13207818567752838,0.9171656966209412,0.6040207743644714
YML018C,YJL124C,0,-1.6812578,0.13205920159816742,0.9171656966209412,0.6041208505630493
YML091C,YOL125W,0,-1.6825818,0.13204023241996765,0.9171656966209412,0.6042208671569824
YLR088W,YNL231C,0,-1.6849091,0.13202126324176788,0.9171656966209412,0.6043208837509155
YJR134C,YJL121C,0,-1.6855227,0.13200229406356812,0.9171656966209412,0.6044209003448486
YLR078C,YNR003C,0,-1.6873021,0.13198333978652954,0.9171656966209412,0.6045209169387817
YIL004C,YGL219C,0,-1.6876415,0.13196438550949097,0.9171656966209412,0.6046209335327148
YLL011W,YNL189W,0,-1.6897957,0.1319454461336136,0.9171656966209412,0.604720950126648
YAL056W,YGR106C,0,-1.6906005,0.1319265067577362,0.9171656966209412,0.604820966720581
YPR003C,YNR015W,0,-1.6910527,0.13190756738185883,0.9171656966209412,0.6049209833145142
YOL145C,YLR175W,0,-1.6915376,0.13188862800598145,0.9171656966209412,0.6050209999084473
YIL128W,YKR038C,0,-1.694936,0.13186970353126526,0.9171656966209412,0.6051210165023804
YAL035W,YNL132W,0,-1.6973853,0.13185079395771027,0.9171656966209412,0.6052210330963135
YPL007C,YER090W,0,-1.6992364,0.13183186948299408,0.9171656966209412,0.6053210496902466
YKL069W,YBL047C,0,-1.7003576,0.1318129599094391,0.9171656966209412,0.6054210662841797
YGL113W,YBR211C,0,-1.70537,0.1317940652370453,0.9171656966209412,0.6055210828781128
YGL127C,YNL096C,0,-1.7067103,0.1317751705646515,0.9171656966209412,0.6056210994720459
YPL173W,YDL069C,0,-1.7072912,0.1317562758922577,0.9171656966209412,0.605721116065979
YOR091W,YCR107W,0,-1.7088332,0.1317373812198639,0.9171656966209412,0.6058211922645569
YLR193C,YDR334W,0,-1.709343,0.1317185014486313,0.9171656966209412,0.60592120885849
YLR229C,YOR030W,1,-1.7115971,0.1318429410457611,0.9181636571884155,0.60592120885849
YBR245C,YDR388W,0,-1.7182851,0.1318240463733673,0.9181636571884155,0.6060212254524231
YJL110C,YOR285W,0,-1.7253878,0.1318051517009735,0.9181636571884155,0.6061212420463562
YDR432W,YIL049W,1,-1.7262932,0.13192951679229736,0.9191616773605347,0.6061212420463562
YMR163C,YML096W,0,-1.7290342,0.13191062211990356,0.9191616773605347,0.6062212586402893
YLR433C,YAL051W,0,-1.7293317,0.13189174234867096,0.9191616773605347,0.6063212752342224
YMR183C,YBR212W,0,-1.7347274,0.13187284767627716,0.9191616773605347,0.6064212918281555
YNL246W,YOR159C,0,-1.7353064,0.13185396790504456,0.9191616773605347,0.6065213084220886
YDR490C,YMR026C,0,-1.7368461,0.13183510303497314,0.9191616773605347,0.6066213250160217
YOL098C,YDR196C,0,-1.7369567,0.13181622326374054,0.9191616773605347,0.6067213416099548
YBL028C,YEL017C-A,0,-1.7380891,0.13179737329483032,0.9191616773605347,0.6068213582038879
YDL051W,YLR433C,0,-1.7387469,0.1317785084247589,0.9191616773605347,0.606921374797821
YDR273W,YJL011C,0,-1.7405549,0.1317596584558487,0.9191616773605347,0.6070213913917542
YDL030W,YGL157W,0,-1.7435212,0.13174080848693848,0.9191616773605347,0.6071214079856873
YGR191W,YBR101C,0,-1.7442684,0.13172197341918945,0.9191616773605347,0.6072214245796204
YNR050C,YNL287W,0,-1.7488185,0.13170313835144043,0.9191616773605347,0.6073214411735535
YLR238W,YGR221C,0,-1.7521962,0.1316843032836914,0.9191616773605347,0.6074214577674866
YBR238C,YOR148C,0,-1.753128,0.13166546821594238,0.9191616773605347,0.6075215339660645
YDL159W,YHR073W,1,-1.7535733,0.13178959488868713,0.9201596975326538,0.6075215339660645
YNL115C,YJR021C,0,-1.756352,0.1317707598209381,0.9201596975326538,0.6076215505599976
YKL191W,YJL176C,0,-1.7574166,0.1317519247531891,0.9201596975326538,0.6077215671539307
YIL072W,YDL105W,0,-1.7575779,0.13173310458660126,0.9201596975326538,0.6078215837478638
YOL142W,YJR132W,0,-1.7577169,0.13171428442001343,0.9201596975326538,0.6079216003417969
YLR055C,YCR094W,0,-1.7585945,0.1316954791545868,0.9201596975326538,0.60802161693573
YOR250C,YER113C,0,-1.7588005,0.13167665898799896,0.9201596975326538,0.6081216335296631
YLR097C,YDR534C,0,-1.7592704,0.13165785372257233,0.9201596975326538,0.6082216501235962
YKL119C,YKL006C-A,0,-1.7593675,0.13163906335830688,0.9201596975326538,0.6083216667175293
YOL023W,YEL013W,0,-1.7620605,0.13162027299404144,0.9201596975326538,0.6084216833114624
YOR355W,YDR082W,0,-1.7627413,0.131601482629776,0.9201596975326538,0.6085216999053955
YMR137C,YGL205W,0,-1.7636092,0.13158270716667175,0.9201596975326538,0.6086217164993286
YER100W,YGL021W,0,-1.7652978,0.1315639317035675,0.9201596975326538,0.6087217330932617
YPL096W,YKL140W,0,-1.7656804,0.13154515624046326,0.9201596975326538,0.6088217496871948
YHR009C,YDR236C,0,-1.7668376,0.1315263956785202,0.9201596975326538,0.6089217662811279
YMR075W,YEL039C,0,-1.7694566,0.13150763511657715,0.9201596975326538,0.609021782875061
YDR246W,YOR043W,0,-1.7697085,0.1314888745546341,0.9201596975326538,0.6091217994689941
YML063W,YLR263W,0,-1.771107,0.13147012889385223,0.9201596975326538,0.6092218160629272
YLL004W,YJR120W,0,-1.7715476,0.13145138323307037,0.9201596975326538,0.6093218922615051
YLL011W,YGL168W,0,-1.7734991,0.1314326375722885,0.9201596975326538,0.6094219088554382
YLR327C,YBR233W-A,0,-1.7761661,0.13141390681266785,0.9201596975326538,0.6095219254493713
YOR066W,YOR349W,0,-1.7765796,0.13139517605304718,0.9201596975326538,0.6096219420433044
YBR112C,YOL151W,0,-1.7775546,0.1313764601945877,0.9201596975326538,0.6097219586372375
YEL043W,YDR177W,0,-1.7794181,0.13135774433612823,0.9201596975326538,0.6098219752311707
YDR392W,YBR083W,1,-1.7802544,0.13148148357868195,0.9211576581001282,0.6098219752311707
YHR064C,YBR299W,0,-1.7816353,0.13146275281906128,0.9211576581001282,0.6099219918251038
YML106W,YLR167W,0,-1.7820807,0.1314440369606018,0.9211576581001282,0.6100220084190369
YCR057C,YOR334W,0,-1.7822101,0.13142532110214233,0.9211576581001282,0.61012202501297
YOR034C,YFR031C,0,-1.7827263,0.13140660524368286,0.9211576581001282,0.6102220416069031
YOL026C,YCL027W,0,-1.7845619,0.13138790428638458,0.9211576581001282,0.6103220582008362
YMR078C,YNL119W,0,-1.7849218,0.1313692033290863,0.9211576581001282,0.6104220747947693
YBR289W,YDL067C,0,-1.7853013,0.13135050237178802,0.9211576581001282,0.6105220913887024
YHR006W,YDR257C,0,-1.7882168,0.13133181631565094,0.9211576581001282,0.6106221079826355
YMR149W,YNR008W,0,-1.7896638,0.13131313025951385,0.9211576581001282,0.6107221245765686
YLR333C,YAL011W,0,-1.7923688,0.13129445910453796,0.9211576581001282,0.6108221411705017
YLR446W,YNL308C,0,-1.7942573,0.13127577304840088,0.9211576581001282,0.6109221577644348
YBR059C,YJL079C,0,-1.7943645,0.13125711679458618,0.9211576581001282,0.6110222339630127
YOL135C,YOR136W,0,-1.7954551,0.1312384456396103,0.9211576581001282,0.6111222505569458
YML021C,YNL038W,0,-1.7960784,0.1312197893857956,0.9211576581001282,0.6112222671508789
YPL099C,YGR263C,0,-1.7989457,0.1312011331319809,0.9211576581001282,0.611322283744812
YHR179W,YMR225C,0,-1.800539,0.1311824917793274,0.9211576581001282,0.6114223003387451
YDR159W,YGL137W,0,-1.8069093,0.1311638504266739,0.9211576581001282,0.6115223169326782
YLR333C,YMR307W,0,-1.807601,0.13114520907402039,0.9211576581001282,0.6116223335266113
YPR186C,YFR045W,0,-1.8079029,0.13112658262252808,0.9211576581001282,0.6117223501205444
YML092C,YMR159C,0,-1.8081403,0.13110795617103577,0.9211576581001282,0.6118223667144775
YMR243C,YGR134W,0,-1.8106806,0.13108932971954346,0.9211576581001282,0.6119223833084106
YLR367W,YPL244C,0,-1.8115435,0.13107071816921234,0.9211576581001282,0.6120223999023438
YJR145C,YFL005W,0,-1.8145301,0.13105210661888123,0.9211576581001282,0.6121224164962769
YPL076W,YGR138C,0,-1.8159313,0.1310335099697113,0.9211576581001282,0.61222243309021
YLR426W,YMR247C,0,-1.8159802,0.1310148984193802,0.9211576581001282,0.6123224496841431
YDL047W,YML097C,0,-1.8166777,0.13099631667137146,0.9211576581001282,0.6124224662780762
YIL126W,YOR388C,0,-1.8169125,0.13097772002220154,0.9211576581001282,0.6125224828720093
YGL104C,YHR214C-B,0,-1.8181396,0.1309591382741928,0.9211576581001282,0.6126224994659424
YLL040C,YER007C-A,0,-1.8206809,0.13094055652618408,0.9211576581001282,0.6127225160598755
YCL018W,YCL039W,0,-1.8210806,0.13092198967933655,0.9211576581001282,0.6128225922584534
YGR159C,YDR229W,0,-1.8210952,0.130903422832489,0.9211576581001282,0.6129226088523865
YIL070C,YOL029C,0,-1.8224212,0.13088485598564148,0.9211576581001282,0.6130226254463196
YKL038W,YDR296W,0,-1.8237319,0.13086630403995514,0.9211576581001282,0.6131226420402527
YBL014C,YLL014W,0,-1.8261665,0.1308477520942688,0.9211576581001282,0.6132226586341858
YGL112C,YNL138W,0,-1.8279839,0.13082920014858246,0.9211576581001282,0.6133226752281189
YBL005W,YDR022C,0,-1.8293356,0.1308106631040573,0.9211576581001282,0.613422691822052
YPR024W,YLR288C,0,-1.829424,0.13079212605953217,0.9211576581001282,0.6135227084159851
YHR171W,YNL084C,0,-1.8302746,0.13077358901500702,0.9211576581001282,0.6136227250099182
YHR194W,YGR244C,0,-1.8316817,0.13075506687164307,0.9211576581001282,0.6137227416038513
YBR222C,YNL180C,0,-1.8338091,0.1307365447282791,0.9211576581001282,0.6138227581977844
YAL056W,YBR083W,1,-1.8344655,0.13085965812206268,0.9221556782722473,0.6138227581977844
YLR430W,YDL080C,0,-1.8372827,0.13084112107753754,0.9221556782722473,0.6139227747917175
YPL083C,YMR182C,0,-1.8379004,0.13082259893417358,0.9221556782722473,0.6140227913856506
YJL053W,YER089C,0,-1.8381709,0.13080407679080963,0.9221556782722473,0.6141228079795837
YDL206W,YBR059C,0,-1.8410783,0.13078556954860687,0.9221556782722473,0.6142228245735168
YLR229C,YHR011W,1,-1.8416344,0.13090857863426208,0.9231536984443665,0.6142228245735168
YPL117C,YLR370C,0,-1.843423,0.13089005649089813,0.9231536984443665,0.61432284116745
YGL089C,YAL039C,0,-1.8434374,0.13087153434753418,0.9231536984443665,0.6144228577613831
YOR172W,YPL051W,0,-1.8460903,0.13085302710533142,0.9231536984443665,0.6145229339599609
YKL218C,YDR252W,0,-1.8460982,0.13083450496196747,0.9231536984443665,0.614622950553894
YMR192W,YPL273W,0,-1.8469493,0.1308160126209259,0.9231536984443665,0.6147229671478271
YHR117W,YCL057C-A,0,-1.8479831,0.13079750537872314,0.9231536984443665,0.6148229837417603
YLR035C-A,YDL139C,0,-1.8490839,0.13077901303768158,0.9231536984443665,0.6149230003356934
YNR011C,YHR002W,0,-1.8505778,0.1307605355978012,0.9231536984443665,0.6150230169296265
YBR146W,YDL078C,0,-1.8546631,0.13074204325675964,0.9231536984443665,0.6151230335235596
YER091C,YMR273C,0,-1.8558749,0.13072356581687927,0.9231536984443665,0.6152230501174927
YCL047C,YBL047C,0,-1.8570646,0.1307051032781601,0.9231536984443665,0.6153230667114258
YGR184C,YNL218W,0,-1.8602964,0.13068664073944092,0.9231536984443665,0.6154230833053589
YMR239C,YDL205C,0,-1.8624244,0.13066817820072174,0.9231536984443665,0.615523099899292
YBR083W,YNL298W,1,-1.8641295,0.13079096376895905,0.9241517186164856,0.615523099899292
YNL291C,YIL118W,0,-1.8654296,0.13077248632907867,0.9241517186164856,0.6156231164932251
YMR302C,YFR015C,0,-1.8655889,0.1307540237903595,0.9241517186164856,0.6157231330871582
YLR426W,YJR029W,0,-1.8666697,0.13073556125164032,0.9241517186164856,0.6158231496810913
YLL061W,YNL290W,0,-1.8703502,0.13071711361408234,0.9241517186164856,0.6159231662750244
YLL033W,YOR195W,0,-1.8734514,0.13069866597652435,0.9241517186164856,0.6160231828689575
YPR110C,YML059C,0,-1.8739169,0.13068021833896637,0.9241517186164856,0.6161231994628906
YNL202W,YDR507C,0,-1.8771455,0.1306617707014084,0.9241517186164856,0.6162232160568237
YDR456W,YGR017W,0,-1.8791256,0.1306433379650116,0.9241517186164856,0.6163232922554016
YNR016C,YDR371W,0,-1.879844,0.1306249052286148,0.9241517186164856,0.6164233088493347
YJR103W,YPR152C,0,-1.8810351,0.1306064873933792,0.9241517186164856,0.6165233254432678
YGL172W,YGL226C-A,0,-1.8830909,0.13058806955814362,0.9241517186164856,0.6166233420372009
YDR014W,YOR228C,0,-1.8892376,0.13056965172290802,0.9241517186164856,0.616723358631134
YPL138C,YLL055W,0,-1.8909473,0.13055124878883362,0.9241517186164856,0.6168233752250671
YIL088C,YMR226C,0,-1.8913298,0.13053284585475922,0.9241517186164856,0.6169233918190002
YLR038C,YOL029C,0,-1.891864,0.13051444292068481,0.9241517186164856,0.6170234084129333
YMR204C,YDR392W,0,-1.8942708,0.1304960548877716,0.9241517186164856,0.6171234250068665
YHR153C,YNL308C,0,-1.8956068,0.1304776668548584,0.9241517186164856,0.6172234416007996
YLR345W,YDR116C,0,-1.8966621,0.1304592788219452,0.9241517186164856,0.6173234581947327
YOR294W,YOR363C,0,-1.8987398,0.13044090569019318,0.9241517186164856,0.6174234747886658
YBR175W,YDR448W,0,-1.899791,0.13042253255844116,0.9241517186164856,0.6175234913825989
YPR091C,YMR049C,0,-1.9006495,0.13040417432785034,0.9241517186164856,0.617623507976532
YOR001W,YJR109C,0,-1.9019063,0.13038580119609833,0.9241517186164856,0.6177235245704651
YLR300W,YNL206C,0,-1.9022653,0.1303674429655075,0.9241517186164856,0.6178235411643982
YML127W,YDR265W,0,-1.9048536,0.13034909963607788,0.9241517186164856,0.6179235577583313
YBR052C,YGL189C,0,-1.9052922,0.13033075630664825,0.9241517186164856,0.6180236339569092
YOL138C,YMR182C,0,-1.9061439,0.13031241297721863,0.9241517186164856,0.6181236505508423
YNL007C,YLR299W,0,-1.9076672,0.130294069647789,0.9241517186164856,0.6182236671447754
YDR300C,YDL123W,0,-1.9115977,0.13027574121952057,0.9241517186164856,0.6183236837387085
YNL207W,YBL090W,0,-1.9125079,0.13025741279125214,0.9241517186164856,0.6184237003326416
YPL050C,YKL132C,0,-1.9154456,0.1302390992641449,0.9241517186164856,0.6185237169265747
YDR369C,YIL109C,0,-1.9192054,0.13022078573703766,0.9241517186164856,0.6186237335205078
YGL198W,YOR310C,0,-1.9196988,0.13020247220993042,0.9241517186164856,0.6187237501144409
YOR226C,YLR395C,0,-1.9211335,0.13018417358398438,0.9241517186164856,0.618823766708374
YOL126C,YLR118C,0,-1.9222524,0.13016587495803833,0.9241517186164856,0.6189237833023071
YGR036C,YFR029W,0,-1.9246895,0.13014757633209229,0.9241517186164856,0.6190237998962402
YIL134W,YOR079C,0,-1.925945,0.13012929260730743,0.9241517186164856,0.6191238164901733
YOR098C,YNR035C,0,-1.9284506,0.13011100888252258,0.9241517186164856,0.6192238330841064
YGR075C,YMR114C,0,-1.9290974,0.13009272515773773,0.9241517186164856,0.6193238496780396
YLR088W,YMR243C,0,-1.9300919,0.13007444143295288,0.9241517186164856,0.6194238662719727
YBR271W,YGL249W,0,-1.9320977,0.13005617260932922,0.9241517186164856,0.6195238828659058
YLR181C,YIL035C,0,-1.9369711,0.13003791868686676,0.9241517186164856,0.6196238994598389
YOR230W,YOR079C,0,-1.9371295,0.1300196647644043,0.9241517186164856,0.619723916053772
YNL049C,YJL149W,0,-1.9381244,0.13000141084194183,0.9241517186164856,0.6198239922523499
YHR084W,YDR099W,1,-1.9391891,0.13012352585792542,0.92514967918396,0.6198239922523499
YGL049C,YNL038W,0,-1.9400307,0.13010525703430176,0.92514967918396,0.619924008846283
YKR078W,YPL116W,0,-1.9412752,0.1300870031118393,0.92514967918396,0.6200240254402161
YBR101C,YML133C,0,-1.9441345,0.13006874918937683,0.92514967918396,0.6201240420341492
YBR058C-A,YDL105W,0,-1.9448197,0.13005051016807556,0.92514967918396,0.6202240586280823
YPL042C,YPL176C,0,-1.9503021,0.1300322562456131,0.92514967918396,0.6203240752220154
YNL159C,YOR069W,0,-1.9504712,0.13001403212547302,0.92514967918396,0.6204240918159485
YNL273W,YDL247W,0,-1.9524566,0.12999579310417175,0.92514967918396,0.6205241084098816
YGR191W,YGR276C,0,-1.9559689,0.12997756898403168,0.92514967918396,0.6206241250038147
YPL106C,YKL134C,0,-1.9579389,0.1299593448638916,0.92514967918396,0.6207241415977478
YIL173W,YOR156C,0,-1.9593682,0.12994112074375153,0.92514967918396,0.6208241581916809
YPL159C,YGR224W,0,-1.9631075,0.12992291152477264,0.92514967918396,0.620924174785614
YDR359C,YMR050C,0,-1.9643017,0.12990470230579376,0.92514967918396,0.6210241913795471
YCL048W,YJL187C,0,-1.9647703,0.12988650798797607,0.92514967918396,0.6211242079734802
YPL098C,YDR071C,0,-1.9654806,0.1298683136701584,0.92514967918396,0.6212242245674133
YLL043W,YPR091C,0,-1.9689565,0.1298501193523407,0.92514967918396,0.6213242411613464
YDR421W,YLR121C,0,-1.9698043,0.1298319399356842,0.92514967918396,0.6214242577552795
YJL178C,YNL314W,0,-1.9736819,0.12981374561786652,0.92514967918396,0.6215243339538574
YLR301W,YDR418W,0,-1.9737406,0.12979558110237122,0.92514967918396,0.6216243505477905
YGR088W,YNL232W,0,-1.9739895,0.12977740168571472,0.92514967918396,0.6217243671417236
YPR155C,YDR454C,0,-1.9762982,0.12975923717021942,0.92514967918396,0.6218243837356567
YNL095C,YER125W,0,-1.9770681,0.12974107265472412,0.92514967918396,0.6219244003295898
YCR037C,YPR134W,0,-1.9770936,0.12972292304039001,0.92514967918396,0.622024416923523
YNL151C,YPL051W,0,-1.9774717,0.1297047734260559,0.92514967918396,0.622124433517456
YDL109C,YCR045C,0,-1.9781222,0.1296866238117218,0.92514967918396,0.6222244501113892
YNL292W,YNL322C,0,-1.9811258,0.1296684890985489,0.92514967918396,0.6223244667053223
YDL119C,YHR170W,0,-1.9822184,0.12965035438537598,0.92514967918396,0.6224244832992554
YDR421W,YBL023C,0,-1.9846687,0.12963221967220306,0.92514967918396,0.6225244998931885
YGR155W,YBR160W,0,-1.9864053,0.12961409986019135,0.92514967918396,0.6226245164871216
YLR014C,YIL130W,0,-1.987072,0.12959598004817963,0.92514967918396,0.6227245330810547
YMR076C,YKR056W,0,-1.9882095,0.1295778602361679,0.92514967918396,0.6228245496749878
YKR055W,YIL027C,0,-1.9883404,0.12955975532531738,0.92514967918396,0.6229245662689209
YOR204W,YDR246W,0,-1.9900925,0.12954165041446686,0.92514967918396,0.623024582862854
YKL119C,YGR285C,0,-1.9922025,0.12952354550361633,0.92514967918396,0.6231245994567871
YOR209C,YLR085C,0,-1.9964006,0.129505455493927,0.92514967918396,0.6232246160507202
YDR373W,YOR148C,0,-1.9968144,0.12948736548423767,0.92514967918396,0.6233246922492981
YGL244W,YKR014C,0,-1.9968739,0.12946927547454834,0.92514967918396,0.6234247088432312
YOR009W,YIL106W,0,-1.9969265,0.1294512003660202,0.92514967918396,0.6235247254371643
YBL005W,YKL206C,0,-1.9969921,0.12943312525749207,0.92514967918396,0.6236247420310974
YBR260C,YMR061W,0,-1.9982078,0.12941505014896393,0.92514967918396,0.6237247586250305
YKL140W,YBL025W,0,-2.0026433,0.12939698994159698,0.92514967918396,0.6238247752189636
YPR048W,YOR353C,0,-2.0028598,0.12937892973423004,0.92514967918396,0.6239247918128967
YOL157C,YOL032W,0,-2.0069153,0.1293608695268631,0.92514967918396,0.6240248084068298
YKL144C,YOR043W,0,-2.007207,0.12934282422065735,0.92514967918396,0.6241248250007629
YAL003W,YMR307W,0,-2.0075274,0.1293247789144516,0.92514967918396,0.624224841594696
YDR390C,YOL043C,0,-2.0085564,0.12930673360824585,0.92514967918396,0.6243248581886292
YBR177C,YNL242W,0,-2.008738,0.1292887032032013,0.92514967918396,0.6244248747825623
YGR251W,YJR126C,0,-2.008977,0.12927067279815674,0.92514967918396,0.6245248913764954
YDR140W,YIL170W,0,-2.0108316,0.12925264239311218,0.92514967918396,0.6246249079704285
YIL048W,YIL021W,0,-2.0114753,0.12923462688922882,0.92514967918396,0.6247249245643616
YDL029W,YOR109W,0,-2.0132143,0.12921661138534546,0.92514967918396,0.6248249411582947
YPR017C,YDR447C,0,-2.014306,0.1291986107826233,0.92514967918396,0.6249249577522278
YNL172W,YPL060W,0,-2.016469,0.12918059527873993,0.92514967918396,0.6250250339508057
YLL045C,YPL059W,0,-2.017637,0.12916260957717896,0.92514967918396,0.6251250505447388
YGL096W,YGL238W,0,-2.0196738,0.1291446089744568,0.92514967918396,0.6252250671386719
YNL101W,YNL283C,0,-2.0198605,0.1291266232728958,0.92514967918396,0.625325083732605
YHR066W,YDL051W,0,-2.0209377,0.12910863757133484,0.92514967918396,0.6254251003265381
YJL098W,YOL005C,0,-2.0220795,0.12909065186977386,0.92514967918396,0.6255251169204712
YOR074C,YOR151C,0,-2.0226898,0.12907268106937408,0.92514967918396,0.6256251335144043
YDR410C,YER053C,0,-2.023336,0.1290547102689743,0.92514967918396,0.6257251501083374
YML063W,YJR028W,0,-2.0290813,0.12903675436973572,0.92514967918396,0.6258251667022705
YER126C,YMR013C,0,-2.0302496,0.12901878356933594,0.92514967918396,0.6259251832962036
YOR308C,YHR025W,0,-2.0364392,0.12900082767009735,0.92514967918396,0.6260251998901367
YMR312W,YKL041W,0,-2.0366414,0.12898288667201996,0.92514967918396,0.6261252164840698
YLR287C-A,YLR058C,0,-2.0418122,0.12896494567394257,0.92514967918396,0.6262252330780029
YPL163C,YBR208C,0,-2.0431042,0.12894700467586517,0.92514967918396,0.626325249671936
YHR036W,YDR309C,0,-2.0444365,0.12892906367778778,0.92514967918396,0.6264252662658691
YCR039C,YLR115W,0,-2.0461776,0.12891113758087158,0.92514967918396,0.6265252828598022
YBR028C,YJR118C,0,-2.0463748,0.12889321148395538,0.92514967918396,0.6266252994537354
YBL056W,YGL200C,0,-2.0464258,0.12887530028820038,0.92514967918396,0.6267253160476685
YDL029W,YOR211C,0,-2.046701,0.12885737419128418,0.92514967918396,0.6268253922462463
YMR156C,YOR037W,0,-2.0497217,0.12883947789669037,0.92514967918396,0.6269254088401794
YGL078C,YGR268C,0,-2.0500202,0.12882156670093536,0.92514967918396,0.6270254254341125
YJR078W,YJR045C,0,-2.050467,0.12880367040634155,0.92514967918396,0.6271254420280457
YIR018W,YDR219C,0,-2.0537632,0.12878577411174774,0.92514967918396,0.6272254586219788
YMR193W,YLR292C,0,-2.0542002,0.12876787781715393,0.92514967918396,0.6273254752159119
YDL159W,YBR083W,1,-2.0543065,0.12888889014720917,0.9261476993560791,0.6273254752159119
YIR018W,YOR157C,0,-2.054763,0.12887099385261536,0.9261476993560791,0.627425491809845
YBR240C,YGL198W,0,-2.0565193,0.12885309755802155,0.9261476993560791,0.6275255084037781
YOR044W,YOR048C,0,-2.057802,0.12883520126342773,0.9261476993560791,0.6276255249977112
YER115C,YFR045W,0,-2.0599866,0.12881731986999512,0.9261476993560791,0.6277255415916443
YPL011C,YOR151C,0,-2.0633914,0.1287994384765625,0.9261476993560791,0.6278255581855774
YER068W,YOR106W,0,-2.064137,0.12878157198429108,0.9261476993560791,0.6279255747795105
YKL212W,YDR116C,0,-2.065256,0.12876370549201965,0.9261476993560791,0.6280255913734436
YGR184C,YJR076C,0,-2.0663261,0.12874583899974823,0.9261476993560791,0.6281256079673767
YOR292C,YPL098C,0,-2.0695097,0.1287279725074768,0.9261476993560791,0.6282256245613098
YCR044C,YNL151C,0,-2.070644,0.12871012091636658,0.9261476993560791,0.6283256411552429
YPL096W,YMR314W,0,-2.0752053,0.12869226932525635,0.9261476993560791,0.628425657749176
YBR149W,YDR082W,0,-2.0763948,0.1286744326353073,0.9261476993560791,0.6285257339477539
YIL049W,YKL043W,1,-2.0766287,0.12879523634910583,0.9271457195281982,0.6285257339477539
YDR456W,YCL067C,0,-2.079127,0.1287773847579956,0.9271457195281982,0.628625750541687
YDR039C,YJL200C,0,-2.0808291,0.12875953316688538,0.9271457195281982,0.6287257671356201
YIL142W,YMR273C,0,-2.0809748,0.12874168157577515,0.9271457195281982,0.6288257837295532
YPR111W,YML042W,0,-2.0815036,0.1287238448858261,0.9271457195281982,0.6289258003234863
YDR421W,YLR019W,0,-2.083609,0.12870600819587708,0.9271457195281982,0.6290258169174194
YJR132W,YEL048C,0,-2.0839853,0.12868818640708923,0.9271457195281982,0.6291258335113525
YIL006W,YNR045W,0,-2.084402,0.1286703646183014,0.9271457195281982,0.6292258501052856
YML055W,YJR149W,0,-2.085349,0.12865254282951355,0.9271457195281982,0.6293258666992188
YGL183C,YMR090W,0,-2.087519,0.1286347210407257,0.9271457195281982,0.6294258832931519
YGL203C,YPL239W,0,-2.088704,0.12861691415309906,0.9271457195281982,0.629525899887085
YPR046W,YLL016W,0,-2.0904455,0.1285991072654724,0.9271457195281982,0.6296259164810181
YER142C,YPL235W,0,-2.091132,0.12858131527900696,0.9271457195281982,0.6297259330749512
YNL167C,YDR476C,0,-2.0923204,0.1285635232925415,0.9271457195281982,0.6298259496688843
YPL004C,YCL057C-A,0,-2.0933154,0.12854573130607605,0.9271457195281982,0.6299259662628174
YKL017C,YDL080C,0,-2.0945582,0.1285279542207718,0.9271457195281982,0.6300259828567505
YBR294W,YJR135W-A,0,-2.0947778,0.12851016223430634,0.9271457195281982,0.6301259994506836
YLL027W,YPR016C,0,-2.0963519,0.12849240005016327,0.9271457195281982,0.6302260160446167
YML030W,YGR264C,0,-2.0979347,0.128474622964859,0.9271457195281982,0.6303260922431946
YMR130W,YDR105C,0,-2.0983284,0.12845686078071594,0.9271457195281982,0.6304261088371277
YBR001C,YKR093W,0,-2.1042829,0.12843909859657288,0.9271457195281982,0.6305261254310608
YGL249W,YJL065C,0,-2.1059346,0.1284213364124298,0.9271457195281982,0.6306261420249939
YML004C,YGR134W,0,-2.1073468,0.12840358912944794,0.9271457195281982,0.630726158618927
YNR048W,YHR027C,0,-2.1096947,0.12838584184646606,0.9271457195281982,0.6308261752128601
YGL178W,YOR349W,0,-2.110787,0.12836810946464539,0.9271457195281982,0.6309261918067932
YLR190W,YKL194C,0,-2.1112552,0.1283503770828247,0.9271457195281982,0.6310262084007263
YIL155C,YBL020W,0,-2.115967,0.12833264470100403,0.9271457195281982,0.6311262249946594
YNL136W,YCR105W,0,-2.1164377,0.12831491231918335,0.9271457195281982,0.6312262415885925
YPL176C,YPL082C,0,-2.116929,0.12829719483852386,0.9271457195281982,0.6313262581825256
YDR003W,YLR096W,0,-2.118073,0.12827947735786438,0.9271457195281982,0.6314262747764587
YOR388C,YLR207W,0,-2.1200573,0.1282617747783661,0.9271457195281982,0.6315262913703918
YDL074C,YIL034C,0,-2.120609,0.1282440572977066,0.9271457195281982,0.631626307964325
YMR221C,YKL150W,0,-2.1212428,0.1282263696193695,0.9271457195281982,0.6317263245582581
YLR127C,YDR498C,0,-2.121448,0.12820866703987122,0.9271457195281982,0.6318263411521912
YDL077C,YML042W,0,-2.1222827,0.12819097936153412,0.9271457195281982,0.6319263577461243
YIL173W,YLR321C,0,-2.1280746,0.12817329168319702,0.9271457195281982,0.6320264339447021
YBR031W,YGR221C,0,-2.1290565,0.12815560400485992,0.9271457195281982,0.6321264505386353
YHR119W,YBR074W,0,-2.129763,0.12813793122768402,0.9271457195281982,0.6322264671325684
YCL043C,YCR002C,0,-2.1298382,0.12812025845050812,0.9271457195281982,0.6323264837265015
YKL074C,YMR038C,0,-2.1309848,0.12810258567333221,0.9271457195281982,0.6324265003204346
YNL217W,YLL016W,0,-2.1311135,0.1280849277973175,0.9271457195281982,0.6325265169143677
YPR175W,YPR137W,0,-2.1330168,0.1280672699213028,0.9271457195281982,0.6326265335083008
YPR194C,YDL160C,0,-2.1333914,0.12804962694644928,0.9271457195281982,0.6327265501022339
YOR116C,YNL160W,0,-2.1341794,0.12803196907043457,0.9271457195281982,0.632826566696167
YGL040C,YIL007C,0,-2.1377075,0.12801432609558105,0.9271457195281982,0.6329265832901001
YKL038W,YBR271W,0,-2.1390166,0.12799669802188873,0.9271457195281982,0.6330265998840332
YLR244C,YOR175C,0,-2.139959,0.12797905504703522,0.9271457195281982,0.6331266164779663
YBR005W,YER175C,0,-2.1405237,0.1279614269733429,0.9271457195281982,0.6332266330718994
YEL070W,YMR315W,0,-2.1410851,0.12794381380081177,0.9271457195281982,0.6333266496658325
YLR327C,YAL002W,0,-2.1447327,0.12792618572711945,0.9271457195281982,0.6334266662597656
YOL080C,YEL032W,0,-2.149572,0.12790857255458832,0.9271457195281982,0.6335266828536987
YLR009W,YFR032C-A,0,-2.1534848,0.12789097428321838,0.9271457195281982,0.6336266994476318
YOR241W,YLL016W,0,-2.1550522,0.12787336111068726,0.9271457195281982,0.6337267160415649
YOR320C,YLR011W,0,-2.1555376,0.12785576283931732,0.9271457195281982,0.6338267922401428
YER115C,YKL130C,0,-2.1576035,0.12783817946910858,0.9271457195281982,0.6339268088340759
YNR018W,YLR029C,0,-2.1591983,0.12782058119773865,0.9271457195281982,0.634026825428009
YDL121C,YHR103W,0,-2.1597855,0.1278029978275299,0.9271457195281982,0.6341268420219421
YBR084W,YOL055C,0,-2.168892,0.12778541445732117,0.9271457195281982,0.6342268586158752
YNL176C,YKL186C,0,-2.1720452,0.12776784598827362,0.9271457195281982,0.6343268752098083
YPR001W,YJL011C,0,-2.172323,0.12775027751922607,0.9271457195281982,0.6344268918037415
YGL216W,YLR278C,0,-2.1725693,0.12773270905017853,0.9271457195281982,0.6345269083976746
YHR029C,YKL109W,0,-2.1729999,0.12771515548229218,0.9271457195281982,0.6346269249916077
YLL002W,YDL060W,0,-2.1737583,0.12769760191440582,0.9271457195281982,0.6347269415855408
YHR064C,YIL033C,0,-2.1745076,0.12768004834651947,0.9271457195281982,0.6348269581794739
YBR036C,YGL093W,0,-2.1747751,0.12766249477863312,0.9271457195281982,0.634926974773407
YLR017W,YNL280C,0,-2.1751988,0.12764495611190796,0.9271457195281982,0.6350269913673401
YCL052C,YDR545W,0,-2.1755362,0.1276274174451828,0.9271457195281982,0.6351270079612732
YFR033C,YIL128W,0,-2.1775918,0.12760989367961884,0.9271457195281982,0.6352270245552063
YLR098C,YDR018C,0,-2.1797068,0.12759236991405487,0.9271457195281982,0.6353270411491394
YML058W-A,YMR077C,0,-2.181467,0.1275748461484909,0.9271457195281982,0.6354270577430725
YGL144C,YHR175W,0,-2.1850772,0.12755732238292694,0.9271457195281982,0.6355271339416504
YGL192W,YGL014W,0,-2.1855543,0.12753981351852417,0.9271457195281982,0.6356271505355835
YNL213C,YOR272W,0,-2.1861463,0.1275223046541214,0.9271457195281982,0.6357271671295166
YFR016C,YPL140C,0,-2.188073,0.12750481069087982,0.9271457195281982,0.6358271837234497
YGL200C,YFL004W,0,-2.1896124,0.12748730182647705,0.9271457195281982,0.6359272003173828
YMR163C,YGL068W,0,-2.1896796,0.12746980786323547,0.9271457195281982,0.6360272169113159
YLR343W,YNL297C,0,-2.1900768,0.1274523288011551,0.9271457195281982,0.636127233505249
YBR145W,YMR076C,0,-2.1929955,0.1274348348379135,0.9271457195281982,0.6362272500991821
YMR313C,YEL001C,0,-2.194478,0.12741737067699432,0.9271457195281982,0.6363272666931152
YAL030W,YIL106W,0,-2.1947975,0.12739989161491394,0.9271457195281982,0.6364272832870483
YGL095C,YHR140W,0,-2.1953783,0.12738242745399475,0.9271457195281982,0.6365272998809814
YGR143W,YPL234C,0,-2.1991463,0.12736496329307556,0.9271457195281982,0.6366273164749146
YBR185C,YJL033W,0,-2.1999583,0.12734749913215637,0.9271457195281982,0.6367273330688477
YDR160W,YNL091W,0,-2.2037416,0.12733004987239838,0.9271457195281982,0.6368273496627808
YMR221C,YPL043W,0,-2.2042727,0.12731260061264038,0.9271457195281982,0.6369273662567139
YPR132W,YPL131W,0,-2.2059171,0.12729515135288239,0.9271457195281982,0.637027382850647
YGR225W,YIL150C,0,-2.208121,0.1272777020931244,0.9271457195281982,0.6371273994445801
YKL077W,YGL163C,0,-2.2094474,0.1272602677345276,0.9271457195281982,0.6372274160385132
YIL035C,YDR086C,0,-2.2191026,0.12724284827709198,0.9271457195281982,0.6373274922370911
YOL098C,YLR142W,0,-2.2245197,0.12722541391849518,0.9271457195281982,0.6374275088310242
YGR105W,YDL190C,0,-2.224675,0.12720799446105957,0.9271457195281982,0.6375275254249573
YPL225W,YFL038C,0,-2.2248352,0.12719057500362396,0.9271457195281982,0.6376275420188904
YAR009C,YBR037C,0,-2.224957,0.12717317044734955,0.9271457195281982,0.6377275586128235
YER171W,YGL030W,0,-2.2253094,0.12715576589107513,0.9271457195281982,0.6378275752067566
YIL080W,YJL004C,0,-2.2254686,0.12713836133480072,0.9271457195281982,0.6379275918006897
YBL028C,YOR175C,0,-2.2261055,0.1271209567785263,0.9271457195281982,0.6380276083946228
YLR019W,YGR122W,0,-2.2276425,0.12710356712341309,0.9271457195281982,0.6381276249885559
YIL173W,YKR002W,0,-2.2278123,0.12708617746829987,0.9271457195281982,0.638227641582489
YOR046C,YDL012C,0,-2.2328455,0.12706880271434784,0.9271457195281982,0.6383276581764221
YMR016C,YDR432W,1,-2.2334242,0.12718819081783295,0.9281437397003174,0.6383276581764221
YGR205W,YBR125C,0,-2.2342813,0.12717078626155853,0.9281437397003174,0.6384276747703552
YJL176C,YNL081C,0,-2.2402482,0.1271534115076065,0.9281437397003174,0.6385276913642883
YPR046W,YDL129W,0,-2.240487,0.1271360218524933,0.9281437397003174,0.6386277079582214
YIL026C,YGL220W,0,-2.2419016,0.12711864709854126,0.9281437397003174,0.6387277245521545
YKR105C,YOL140W,0,-2.2460825,0.12710127234458923,0.9281437397003174,0.6388277411460876
YNL192W,YPL231W,0,-2.246317,0.1270838975906372,0.9281437397003174,0.6389277577400208
YJL011C,YDL003W,0,-2.249799,0.12706653773784637,0.9281437397003174,0.6390278339385986
YOL071W,YGL021W,0,-2.2547154,0.12704917788505554,0.9281437397003174,0.6391278505325317
YDR003W,YAL011W,0,-2.2559266,0.1270318329334259,0.9281437397003174,0.6392278671264648
YPL027W,YLR032W,0,-2.2601495,0.12701447308063507,0.9281437397003174,0.639327883720398
YMR160W,YGR154C,0,-2.262651,0.12699712812900543,0.9281437397003174,0.639427900314331
YDR443C,YPL177C,0,-2.26408,0.126979798078537,0.9281437397003174,0.6395279169082642
YGL185C,YMR211W,0,-2.2652433,0.12696245312690735,0.9281437397003174,0.6396279335021973
YNL173C,YJL144W,0,-2.2662973,0.1269451230764389,0.9281437397003174,0.6397279500961304
YML057W,YER095W,0,-2.2665067,0.12692780792713165,0.9281437397003174,0.6398279666900635
YNL273W,YOR043W,0,-2.2668288,0.1269104778766632,0.9281437397003174,0.6399279832839966
YMR099C,YKR101W,0,-2.267999,0.12689316272735596,0.9281437397003174,0.6400279998779297
YGR020C,YLR039C,0,-2.2712657,0.1268758475780487,0.9281437397003174,0.6401280164718628
YNL214W,YBR046C,0,-2.2743685,0.12685854732990265,0.9281437397003174,0.6402280330657959
YGR252W,YBR096W,0,-2.274891,0.1268412470817566,0.9281437397003174,0.640328049659729
YJR104C,YJL155C,0,-2.2757154,0.12682394683361053,0.9281437397003174,0.6404280662536621
YLL062C,YER138C,0,-2.276472,0.12680664658546448,0.9281437397003174,0.6405280828475952
YBR155W,YPL173W,0,-2.2791176,0.12678936123847961,0.9281437397003174,0.6406280994415283
YPR098C,YCR031C,0,-2.2815475,0.12677207589149475,0.9281437397003174,0.6407281160354614
YDL170W,YLR126C,0,-2.2881684,0.12675480544567108,0.9281437397003174,0.6408281922340393
YDL146W,YOR147W,0,-2.2900586,0.1267375349998474,0.9281437397003174,0.6409282088279724
YDL040C,YAL062W,0,-2.2908843,0.12672026455402374,0.9281437397003174,0.6410282254219055
YPR133C,YDR320C-A,0,-2.2948022,0.12670299410820007,0.9281437397003174,0.6411282420158386
YGR281W,YDR367W,0,-2.2985187,0.1266857385635376,0.9281437397003174,0.6412282586097717
YPR186C,YPR034W,0,-2.2986417,0.12666848301887512,0.9281437397003174,0.6413282752037048
YJL165C,YOR119C,0,-2.3004022,0.12665122747421265,0.9281437397003174,0.6414282917976379
YKR075C,YHL004W,0,-2.3028293,0.12663398683071136,0.9281437397003174,0.641528308391571
YDL083C,YBR012W-B,0,-2.3037891,0.12661674618721008,0.9281437397003174,0.6416283249855042
YAL041W,YLR075W,0,-2.3050175,0.1265995055437088,0.9281437397003174,0.6417283415794373
YML030W,YAL033W,0,-2.3054655,0.1265822798013687,0.9281437397003174,0.6418283581733704
YLL031C,YJL081C,0,-2.3157659,0.12656505405902863,0.9281437397003174,0.6419283747673035
YJR104C,YBR145W,0,-2.3168075,0.12654782831668854,0.9281437397003174,0.6420283913612366
YLR200W,YLR348C,0,-2.3185267,0.12653061747550964,0.9281437397003174,0.6421284079551697
YDR074W,YGL018C,0,-2.3208942,0.12651340663433075,0.9281437397003174,0.6422284245491028
YML132W,YJR107W,0,-2.3213007,0.12649619579315186,0.9281437397003174,0.6423284411430359
YGR058W,YLR224W,0,-2.3220634,0.12647898495197296,0.9281437397003174,0.642428457736969
YMR046C,YBL075C,0,-2.3231697,0.12646178901195526,0.9281437397003174,0.6425285339355469
YKL020C,YDR131C,0,-2.3252034,0.12644459307193756,0.9281437397003174,0.64262855052948
YOR271C,YBR160W,0,-2.3254075,0.12642741203308105,0.9281437397003174,0.6427285671234131
YJR013W,YLR092W,0,-2.3288085,0.12641021609306335,0.9281437397003174,0.6428285837173462
YHR092C,YBR041W,0,-2.3308768,0.12639303505420685,0.9281437397003174,0.6429286003112793
YML115C,YBR038W,0,-2.3314462,0.12637586891651154,0.9281437397003174,0.6430286169052124
YOL121C,YMR051C,0,-2.3315792,0.12635870277881622,0.9281437397003174,0.6431286334991455
YIL147C,YJR046W,0,-2.3332345,0.1263415366411209,0.9281437397003174,0.6432286500930786
YMR243C,YPR190C,0,-2.3332396,0.1263243705034256,0.9281437397003174,0.6433286666870117
YLL031C,YLR139C,0,-2.3364906,0.12630720436573029,0.9281437397003174,0.6434286832809448
YLR204W,YBR030W,0,-2.3378413,0.12629005312919617,0.9281437397003174,0.6435286998748779
YMR128W,YOR254C,0,-2.3381596,0.12627291679382324,0.9281437397003174,0.643628716468811
YFR021W,YLR172C,0,-2.3381884,0.12625576555728912,0.9281437397003174,0.6437287330627441
YML063W,YIL075C,0,-2.339333,0.1262386292219162,0.9281437397003174,0.6438287496566772
YEL056W,YER117W,0,-2.3396726,0.12622149288654327,0.9281437397003174,0.6439287662506104
YHL006C,YBR243C,0,-2.340916,0.12620437145233154,0.9281437397003174,0.6440287828445435
YKL217W,YJR027W,0,-2.3427467,0.1261872500181198,0.9281437397003174,0.6441287994384766
YFL054C,YDR168W,0,-2.3449469,0.12617012858390808,0.9281437397003174,0.6442288160324097
YGR258C,YFR053C,0,-2.345479,0.12615300714969635,0.9281437397003174,0.6443288922309875
YMR224C,YLR260W,0,-2.3455076,0.1261359006166458,0.9281437397003174,0.6444289088249207
YNL027W,YML051W,0,-2.3459427,0.12611879408359528,0.9281437397003174,0.6445289254188538
YOR266W,YJL153C,0,-2.3470037,0.12610168755054474,0.9281437397003174,0.6446289420127869
YMR130W,YNL132W,0,-2.34804,0.1260845959186554,0.9281437397003174,0.64472895860672
YOR292C,YIL130W,0,-2.350463,0.12606750428676605,0.9281437397003174,0.6448289752006531
YCR039C,YDR536W,0,-2.3540518,0.1260504275560379,0.9281437397003174,0.6449289917945862
YPL273W,YBR096W,0,-2.3551345,0.12603333592414856,0.9281437397003174,0.6450290083885193
YPL011C,YNL153C,0,-2.3566213,0.1260162591934204,0.9281437397003174,0.6451290249824524
YDR469W,YHR047C,0,-2.356701,0.12599918246269226,0.9281437397003174,0.6452290415763855
YKR009C,YKL129C,0,-2.3568835,0.1259821206331253,0.9281437397003174,0.6453290581703186
YNL223W,YML005W,0,-2.357037,0.12596505880355835,0.9281437397003174,0.6454290747642517
YIL094C,YAL007C,0,-2.3611102,0.1259479969739914,0.9281437397003174,0.6455290913581848
YLR073C,YGL220W,0,-2.3618813,0.12593093514442444,0.9281437397003174,0.6456291079521179
YPR043W,YLL066C,0,-2.3710353,0.12591388821601868,0.9281437397003174,0.645729124546051
YDR178W,YHR205W,0,-2.3731842,0.12589684128761292,0.9281437397003174,0.6458291411399841
YMR164C,YIL131C,1,-2.3752027,0.12601515650749207,0.9291417002677917,0.6458291411399841
YML016C,YGL198W,0,-2.3768368,0.1259981095790863,0.9291417002677917,0.6459291577339172
YOR038C,YNL274C,0,-2.3775387,0.12598106265068054,0.9291417002677917,0.6460292339324951
YJL069C,YDR224C,0,-2.3805194,0.12596401572227478,0.9291417002677917,0.6461292505264282
YHR204W,YHR158C,0,-2.3841295,0.12594696879386902,0.9291417002677917,0.6462292671203613
YKL009W,YNL132W,0,-2.385333,0.12592993676662445,0.9291417002677917,0.6463292837142944
YDR432W,YOR315W,1,-2.3902135,0.12604814767837524,0.9301397204399109,0.6463292837142944
YDR050C,YEL017C-A,0,-2.3912656,0.12603110074996948,0.9301397204399109,0.6464293003082275
YBR180W,YOR265W,0,-2.394969,0.12601406872272491,0.9301397204399109,0.6465293169021606
YER147C,YML047C,0,-2.3957767,0.12599702179431915,0.9301397204399109,0.6466293334960938
YML051W,YLR100W,0,-2.3973212,0.12597998976707458,0.9301397204399109,0.6467293500900269
YPR143W,YER096W,0,-2.3983164,0.1259629726409912,0.9301397204399109,0.64682936668396
YBR222C,YBR159W,0,-2.4005775,0.12594594061374664,0.9301397204399109,0.6469293832778931
YNR055C,YMR204C,0,-2.4006562,0.12592892348766327,0.9301397204399109,0.6470293998718262
YHR119W,YPL252C,0,-2.4018455,0.1259119212627411,0.9301397204399109,0.6471294164657593
YLR097C,YPL091W,0,-2.4034796,0.12589490413665771,0.9301397204399109,0.6472294330596924
YML039W,YBL069W,0,-2.4041033,0.12587790191173553,0.9301397204399109,0.6473294496536255
YLR126C,YGR061C,0,-2.405519,0.12586089968681335,0.9301397204399109,0.6474294662475586
YGL195W,YFL057C,0,-2.4055548,0.12584391236305237,0.9301397204399109,0.6475294828414917
YML087C,YGR260W,0,-2.4079323,0.12582692503929138,0.9301397204399109,0.6476294994354248
YDR105C,YLR438C-A,0,-2.4080145,0.1258099377155304,0.9301397204399109,0.6477295756340027
YDR082W,YBR040W,0,-2.4082985,0.1257929503917694,0.9301397204399109,0.6478295922279358
YDR410C,YKL096W-A,0,-2.4083552,0.12577597796916962,0.9301397204399109,0.6479296088218689
YJR094W-A,YFL038C,0,-2.4084146,0.12575900554656982,0.9301397204399109,0.648029625415802
YNL008C,YCR096C,0,-2.4088469,0.12574203312397003,0.9301397204399109,0.6481296420097351
YGL003C,YDR279W,0,-2.4108188,0.12572507560253143,0.9301397204399109,0.6482296586036682
YJR031C,YHR020W,0,-2.413083,0.12570811808109283,0.9301397204399109,0.6483296751976013
YNL267W,YDR244W,0,-2.414623,0.12569116055965424,0.9301397204399109,0.6484296917915344
YCR016W,YPR122W,0,-2.4162815,0.12567421793937683,0.9301397204399109,0.6485297083854675
YNL233W,YDL017W,0,-2.4166322,0.12565727531909943,0.9301397204399109,0.6486297249794006
YBR193C,YBR278W,0,-2.4177084,0.12564033269882202,0.9301397204399109,0.6487297415733337
YHL004W,YHR002W,0,-2.418803,0.1256234049797058,0.9301397204399109,0.6488297581672668
YML051W,YJL071W,0,-2.4188797,0.1256064623594284,0.9301397204399109,0.6489297747612
YPR024W,YGR012W,0,-2.4190083,0.1255895495414734,0.9301397204399109,0.6490297913551331
YNR060W,YGL039W,0,-2.419574,0.12557262182235718,0.9301397204399109,0.6491298079490662
YDR392W,YOR030W,1,-2.4235513,0.12569041550159454,0.93113774061203,0.6491298079490662
YPL068C,YPR047W,0,-2.4240494,0.12567348778247833,0.93113774061203,0.6492298245429993
YCL054W,YBR192W,0,-2.4241383,0.12565656006336212,0.93113774061203,0.6493298411369324
YIL051C,YDL243C,0,-2.425212,0.1256396472454071,0.93113774061203,0.6494298577308655
YDR212W,YMR051C,0,-2.4283779,0.1256227344274521,0.93113774061203,0.6495299339294434
YHR146W,YML096W,0,-2.430437,0.12560582160949707,0.93113774061203,0.6496299505233765
YGR005C,YNL092W,0,-2.432652,0.12558890879154205,0.93113774061203,0.6497299671173096
YJL136C,YHR169W,0,-2.4370084,0.12557201087474823,0.93113774061203,0.6498299837112427
YGL085W,YGL019W,0,-2.437827,0.1255551129579544,0.93113774061203,0.6499300003051758
YOR243C,YCL068C,0,-2.4384193,0.12553821504116058,0.93113774061203,0.6500300168991089
YHR168W,YFR027W,0,-2.438957,0.12552131712436676,0.93113774061203,0.650130033493042
YDR222W,YER161C,0,-2.4447575,0.12550443410873413,0.93113774061203,0.6502300500869751
YDL159W,YMR164C,1,-2.4494095,0.12562206387519836,0.9321357011795044,0.6502300500869751
YGR026W,YML045W,0,-2.450616,0.12560516595840454,0.9321357011795044,0.6503300666809082
YIL145C,YKR026C,0,-2.457235,0.12558826804161072,0.9321357011795044,0.6504300832748413
YBL091C,YDR092W,0,-2.4574,0.1255713850259781,0.9321357011795044,0.6505300998687744
YGR060W,YBR089C-A,0,-2.4598703,0.12555451691150665,0.9321357011795044,0.6506301164627075
YML060W,YIL061C,0,-2.4605527,0.12553763389587402,0.9321357011795044,0.6507301330566406
YDR381W,YDR297W,0,-2.4620633,0.1255207657814026,0.9321357011795044,0.6508301496505737
YOL140W,YGR116W,0,-2.4630277,0.12550389766693115,0.9321357011795044,0.6509301662445068
YOL084W,YJL179W,0,-2.4640124,0.12548702955245972,0.9321357011795044,0.6510301828384399
YOR087W,YGR167W,0,-2.4649634,0.12547017633914948,0.9321357011795044,0.651130199432373
YDL047W,YKL203C,0,-2.4660184,0.12545332312583923,0.9321357011795044,0.6512302756309509
YCL067C,YIR014W,0,-2.4666812,0.125436469912529,0.9321357011795044,0.651330292224884
YHL006C,YHR092C,0,-2.4689825,0.12541963160037994,0.9321357011795044,0.6514303088188171
YIR004W,YER019C-A,0,-2.474165,0.1254027932882309,0.9321357011795044,0.6515303254127502
YER114C,YIL075C,0,-2.4743848,0.12538595497608185,0.9321357011795044,0.6516303420066833
YMR159C,YER071C,0,-2.4744098,0.125369131565094,0.9321357011795044,0.6517303586006165
YMR215W,YNL049C,0,-2.4804924,0.12535230815410614,0.9321357011795044,0.6518303751945496
YKL119C,YMR276W,0,-2.4805052,0.1253354847431183,0.9321357011795044,0.6519303917884827
YDL144C,YNL162W,0,-2.4819517,0.12531866133213043,0.9321357011795044,0.6520304083824158
YDL100C,YBL103C,0,-2.483695,0.12530185282230377,0.9321357011795044,0.6521304249763489
YBL017C,YOL069W,0,-2.485373,0.1252850443124771,0.9321357011795044,0.652230441570282
YAL059W,YMR045C,0,-2.4874072,0.12526823580265045,0.9321357011795044,0.6523304581642151
YPL173W,YHR210C,0,-2.4910145,0.12525144219398499,0.9321357011795044,0.6524304747581482
YJR140C,YJR134C,0,-2.4912868,0.12523464858531952,0.9321357011795044,0.6525304913520813
YCR057C,YPL161C,0,-2.4938796,0.12521785497665405,0.9321357011795044,0.6526305079460144
YPR071W,YKR020W,0,-2.4949186,0.12520107626914978,0.9321357011795044,0.6527305245399475
YIL094C,YDR456W,0,-2.4962234,0.1251842975616455,0.9321357011795044,0.6528305411338806
YDR444W,YHR114W,0,-2.4963624,0.12516751885414124,0.9321357011795044,0.6529305577278137
YER149C,YOL104C,0,-2.4974818,0.12515074014663696,0.9321357011795044,0.6530306339263916
YDR005C,YPL013C,0,-2.499383,0.12513397634029388,0.9321357011795044,0.6531306505203247
YNL127W,YLR284C,0,-2.5004146,0.1251172125339508,0.9321357011795044,0.6532306671142578
YDL019C,YHR140W,0,-2.501277,0.12510044872760773,0.9321357011795044,0.6533306837081909
YPL103C,YJL072C,0,-2.5029368,0.12508369982242584,0.9321357011795044,0.653430700302124
YBR050C,YLR382C,0,-2.504147,0.12506695091724396,0.9321357011795044,0.6535307168960571
YJL013C,YDL138W,0,-2.504249,0.12505020201206207,0.9321357011795044,0.6536307334899902
YFR006W,YDR135C,0,-2.5060458,0.12503346800804138,0.9321357011795044,0.6537307500839233
YGR046W,YGL115W,0,-2.5070434,0.1250167340040207,0.9321357011795044,0.6538307666778564
YDL100C,YFL039C,0,-2.511053,0.125,0.9321357011795044,0.6539307832717896
YDR287W,YPL145C,0,-2.512969,0.1249832734465599,0.9321357011795044,0.6540307998657227
YDL047W,YOR142W,0,-2.5133915,0.12496655434370041,0.9321357011795044,0.6541308164596558
YAL058W,YBL060W,0,-2.514285,0.12494983524084091,0.9321357011795044,0.6542308330535889
YMR285C,YDR309C,0,-2.515768,0.12493311613798141,0.9321357011795044,0.654330849647522
YMR194W,YDR054C,0,-2.5160604,0.12491641193628311,0.9321357011795044,0.6544308662414551
YPL096W,YNL278W,0,-2.5185807,0.12489970773458481,0.9321357011795044,0.6545308828353882
YPL010W,YBR118W,0,-2.5207338,0.1248830035328865,0.9321357011795044,0.6546308994293213
YBR291C,YNL153C,0,-2.5216491,0.1248663067817688,0.9321357011795044,0.6547309756278992
YHR122W,YDR003W,0,-2.525213,0.12484961748123169,0.9321357011795044,0.6548309922218323
YPR105C,YBL069W,0,-2.5253336,0.12483293563127518,0.9321357011795044,0.6549310088157654
YJL128C,YKL212W,0,-2.5254269,0.12481625378131866,0.9321357011795044,0.6550310254096985
YKL180W,YIL148W,0,-2.528642,0.12479957193136215,0.9321357011795044,0.6551310420036316
YML132W,YDR310C,0,-2.530028,0.12478289753198624,0.9321357011795044,0.6552310585975647
YNL217W,YER029C,0,-2.5323763,0.12476623058319092,0.9321357011795044,0.6553310751914978
YCL008C,YOR116C,0,-2.5335445,0.1247495636343956,0.9321357011795044,0.6554310917854309
YLR370C,YBR120C,0,-2.5360034,0.12473290413618088,0.9321357011795044,0.655531108379364
YNR037C,YFR031C-A,0,-2.5370932,0.12471625208854675,0.9321357011795044,0.6556311249732971
YOR043W,YDR420W,0,-2.5379417,0.12469960004091263,0.9321357011795044,0.6557311415672302
YHR059W,YKL109W,0,-2.5392823,0.1246829554438591,0.9321357011795044,0.6558311581611633
YGL089C,YNL110C,0,-2.5396793,0.12466631084680557,0.9321357011795044,0.6559311747550964
YKR075C,YJR005W,0,-2.5421658,0.12464967370033264,0.9321357011795044,0.6560311913490295
YFL005W,YOL112W,0,-2.5425546,0.12463303655385971,0.9321357011795044,0.6561312079429626
YBL056W,YNL206C,0,-2.5434804,0.12461641430854797,0.9321357011795044,0.6562312245368958
YHR020W,YIL011W,0,-2.5438793,0.12459978461265564,0.9321357011795044,0.6563312411308289
YDR432W,YDR251W,1,-2.544592,0.12471655011177063,0.9331337213516235,0.6563312411308289
YFL066C,YMR171C,0,-2.5446427,0.1246999204158783,0.9331337213516235,0.656431257724762
YMR118C,YJL171C,0,-2.5484686,0.12468329071998596,0.9331337213516235,0.6565313339233398
YBR192W,YJL095W,0,-2.5493202,0.12466666847467422,0.9331337213516235,0.656631350517273
YNL066W,YJL212C,0,-2.5496407,0.12465004622936249,0.9331337213516235,0.656731367111206
YDR222W,YOR288C,0,-2.551712,0.12463343143463135,0.9331337213516235,0.6568313837051392
YBL010C,YDR439W,0,-2.552362,0.12461681663990021,0.9331337213516235,0.6569314002990723
YDR424C,YHR110W,0,-2.552567,0.12460021674633026,0.9331337213516235,0.6570314168930054
YGR178C,YGL213C,0,-2.5556054,0.12458360940217972,0.9331337213516235,0.6571314334869385
YBR214W,YLR394W,0,-2.555708,0.12456700950860977,0.9331337213516235,0.6572314500808716
YBR009C,YPR114W,0,-2.5583904,0.12455041706562042,0.9331337213516235,0.6573314666748047
YLR258W,YOR159C,0,-2.5600986,0.12453383207321167,0.9331337213516235,0.6574314832687378
YOL142W,YBR218C,0,-2.5640326,0.12451724708080292,0.9331337213516235,0.6575314998626709
YJR058C,YDR303C,0,-2.564342,0.12450066208839417,0.9331337213516235,0.657631516456604
YNL238W,YFR032C-A,0,-2.566723,0.1244840919971466,0.9331337213516235,0.6577315330505371
YGL067W,YOR242C,0,-2.5696254,0.12446752190589905,0.9331337213516235,0.6578315496444702
YIL083C,YNL146W,0,-2.5706663,0.12445095181465149,0.9331337213516235,0.6579315662384033
YKR006C,YLR167W,0,-2.5734096,0.12443438917398453,0.9331337213516235,0.6580315828323364
YDL129W,YHR207C,0,-2.5741448,0.12441783398389816,0.9331337213516235,0.6581315994262695
YDL217C,YKR031C,0,-2.5773046,0.1244012787938118,0.9331337213516235,0.6582316756248474
YLR426W,YLR277C,0,-2.578657,0.12438473105430603,0.9331337213516235,0.6583316922187805
YLR200W,YOR292C,0,-2.5822484,0.12436818331480026,0.9331337213516235,0.6584317088127136
YER055C,YHR109W,0,-2.5861807,0.12435164302587509,0.9331337213516235,0.6585317254066467
YOR091W,YMR088C,0,-2.5875728,0.12433510273694992,0.9331337213516235,0.6586317420005798
YOL018C,YLR061W,0,-2.5883899,0.12431857734918594,0.9331337213516235,0.6587317585945129
YDL195W,YJL085W,0,-2.5900936,0.12430204451084137,0.9331337213516235,0.658831775188446
YCL047C,YMR302C,0,-2.5964067,0.12428552657365799,0.9331337213516235,0.6589317917823792
YDR228C,YBR241C,0,-2.597117,0.12426900863647461,0.9331337213516235,0.6590318083763123
YIL026C,YJL098W,0,-2.6027884,0.12425249069929123,0.9331337213516235,0.6591318249702454
YGL249W,YPR111W,0,-2.6027944,0.12423598021268845,0.9331337213516235,0.6592318415641785
YAL056W,YPL017C,0,-2.603932,0.12421947717666626,0.9331337213516235,0.6593318581581116
YKL192C,YHR005C-A,0,-2.6048064,0.12420297414064407,0.9331337213516235,0.6594318747520447
YGL071W,YKL185W,0,-2.6064858,0.12418647855520248,0.9331337213516235,0.6595318913459778
YOR264W,YPR122W,0,-2.6065164,0.12416999042034149,0.9331337213516235,0.6596319079399109
YOR089C,YDR168W,0,-2.6074133,0.1241535022854805,0.9331337213516235,0.659731924533844
YGL116W,YNL024C,0,-2.6078358,0.1241370141506195,0.9331337213516235,0.6598319411277771
YNL330C,YDL121C,0,-2.6108289,0.12412053346633911,0.9331337213516235,0.6599319577217102
YDR536W,YDR038C,0,-2.612282,0.12410406023263931,0.9331337213516235,0.6600320339202881
YDR490C,YER091C,0,-2.6139321,0.12408759444952011,0.9331337213516235,0.6601320505142212
YIL006W,YDL215C,0,-2.614818,0.12407112866640091,0.9331337213516235,0.6602320671081543
YOR258W,YHL026C,0,-2.6185567,0.12405466288328171,0.9331337213516235,0.6603320837020874
YKL080W,YDR320C,0,-2.6186228,0.1240382045507431,0.9331337213516235,0.6604321002960205
YCR012W,YJR098C,0,-2.620376,0.1240217536687851,0.9331337213516235,0.6605321168899536
YPR096C,YGL093W,0,-2.6213236,0.12400530278682709,0.9331337213516235,0.6606321334838867
YOR117W,YJL124C,0,-2.6214852,0.12398885935544968,0.9331337213516235,0.6607321500778198
YPL089C,YGL107C,0,-2.6215377,0.12397242337465286,0.9331337213516235,0.6608321666717529
YMR262W,YBR264C,0,-2.621542,0.12395598739385605,0.9331337213516235,0.660932183265686
YLR026C,YLR055C,0,-2.6218803,0.12393955141305923,0.9331337213516235,0.6610321998596191
YOR298W,YGR120C,0,-2.622579,0.12392313033342361,0.9331337213516235,0.6611322164535522
YDL095W,YOL045W,0,-2.6228685,0.123906709253788,0.9331337213516235,0.6612322330474854
YJL106W,YMR160W,0,-2.6254935,0.12389028817415237,0.9331337213516235,0.6613322496414185
YDR092W,YPL065W,0,-2.6261883,0.12387387454509735,0.9331337213516235,0.6614322662353516
YGR003W,YPL194W,0,-2.6275578,0.12385746091604233,0.9331337213516235,0.6615322828292847
YDR166C,YKL130C,0,-2.6280556,0.1238410621881485,0.9331337213516235,0.6616322994232178
YLL067C,YMR081C,0,-2.6298413,0.12382465600967407,0.9331337213516235,0.6617323756217957
YJR052W,YDR312W,0,-2.6298778,0.12380826473236084,0.9331337213516235,0.6618323922157288
YPR149W,YGR014W,0,-2.6302056,0.12379187345504761,0.9331337213516235,0.6619324088096619
YFL029C,YNL086W,0,-2.6311874,0.12377548217773438,0.9331337213516235,0.662032425403595
YFR006W,YJL004C,0,-2.6375768,0.12375909835100174,0.9331337213516235,0.6621324419975281
YOR228C,YJL085W,0,-2.6387343,0.1237427219748497,0.9331337213516235,0.6622324585914612
YGL095C,YDR036C,0,-2.6412458,0.12372634559869766,0.9331337213516235,0.6623324751853943
YHR035W,YGL123W,0,-2.6422365,0.12370997667312622,0.9331337213516235,0.6624324917793274
YGR017W,YER133W,0,-2.6446621,0.12369360774755478,0.9331337213516235,0.6625325083732605
YCL051W,YBL074C,0,-2.6461608,0.12367724627256393,0.9331337213516235,0.6626325249671936
YLR103C,YPL248C,0,-2.6462197,0.12366089224815369,0.9331337213516235,0.6627325415611267
YDL114W,YJR130C,0,-2.6463673,0.12364453822374344,0.9331337213516235,0.6628325581550598
YLR401C,YLR352W,0,-2.6474285,0.12362819164991379,0.9331337213516235,0.6629325747489929
YBL005W-B,YKL197C,0,-2.6497774,0.12361184507608414,0.9331337213516235,0.663032591342926
YMR315W,YGL240W,0,-2.6505663,0.12359550595283508,0.9331337213516235,0.6631326079368591
YFL047W,YGL253W,0,-2.6511312,0.12357916682958603,0.9331337213516235,0.6632326245307922
YDL121C,YER083C,0,-2.652669,0.12356283515691757,0.9331337213516235,0.6633326411247253
YPL122C,YDR427W,0,-2.6528492,0.12354651093482971,0.9331337213516235,0.6634326577186584
YBR155W,YDR523C,0,-2.65358,0.12353018671274185,0.9331337213516235,0.6635327339172363
YBR245C,YHR073W,0,-2.6547651,0.12351386994123459,0.9331337213516235,0.6636327505111694
YJR089W,YLL016W,0,-2.6552227,0.12349755316972733,0.9331337213516235,0.6637327671051025
YJL046W,YMR172W,0,-2.656548,0.12348124384880066,0.9331337213516235,0.6638327836990356
YGL203C,YBL076C,0,-2.6586978,0.12346494197845459,0.9331337213516235,0.6639328002929688
YDR400W,YJR149W,0,-2.66118,0.12344864010810852,0.9331337213516235,0.6640328168869019
YOL100W,YML104C,0,-2.66264,0.12343234568834305,0.9331337213516235,0.664132833480835
YBR198C,YML074C,0,-2.6629574,0.12341605126857758,0.9331337213516235,0.6642328500747681
YDR364C,YPR166C,0,-2.6641088,0.1233997642993927,0.9331337213516235,0.6643328666687012
YNL119W,YOR001W,0,-2.6647923,0.12338347733020782,0.9331337213516235,0.6644328832626343
YNL135C,YKL026C,0,-2.6650672,0.12336719781160355,0.9331337213516235,0.6645328998565674
YOR258W,YKL117W,0,-2.6655865,0.12335092574357986,0.9331337213516235,0.6646329164505005
YBL061C,YGR169C,0,-2.666006,0.12333465367555618,0.9331337213516235,0.6647329330444336
YDL100C,YER145C,0,-2.667983,0.1233183890581131,0.9331337213516235,0.6648329496383667
YDR495C,YIL108W,0,-2.6687052,0.12330212444067001,0.9331337213516235,0.6649329662322998
YFL013C,YDL143W,0,-2.6736546,0.12328586727380753,0.9331337213516235,0.6650329828262329
YDL144C,YPL169C,0,-2.6744564,0.12326961010694504,0.9331337213516235,0.665132999420166
YOL031C,YER140W,0,-2.676966,0.12325336039066315,0.9331337213516235,0.6652330756187439
YDR534C,YGL049C,0,-2.6786423,0.12323711812496185,0.9331337213516235,0.665333092212677
YKR028W,YKR093W,0,-2.6808536,0.12322087585926056,0.9331337213516235,0.6654331088066101
YMR054W,YCL003W,0,-2.6809163,0.12320464104413986,0.9331337213516235,0.6655331254005432
YDL065C,YHR190W,0,-2.6816409,0.12318840622901917,0.9331337213516235,0.6656331419944763
YDR256C,YMR093W,0,-2.6817093,0.12317217886447906,0.9331337213516235,0.6657331585884094
YDL006W,YML059C,0,-2.6818485,0.12315595149993896,0.9331337213516235,0.6658331751823425
YDR031W,YPL208W,0,-2.6834254,0.12313973158597946,0.9331337213516235,0.6659331917762756
YHR143W,YPL240C,0,-2.6902633,0.12312351912260056,0.9331337213516235,0.6660332083702087
YAR010C,YDR081C,0,-2.6934614,0.12310730665922165,0.9331337213516235,0.6661332249641418
YDR318W,YGR009C,0,-2.6943119,0.12309110164642334,0.9331337213516235,0.666233241558075
YIL049W,YNL119W,1,-2.6972044,0.12320652604103088,0.9341317415237427,0.666233241558075
YOR299W,YMR311C,0,-2.6990235,0.12319031357765198,0.9341317415237427,0.6663332581520081
YDL084W,YIL126W,0,-2.6990492,0.12317410111427307,0.9341317415237427,0.6664332747459412
YLR293C,YGR204W,0,-2.699682,0.12315789610147476,0.9341317415237427,0.6665332913398743
YBR114W,YER139C,0,-2.6998305,0.12314169108867645,0.9341317415237427,0.6666333079338074
YML081C-A,YLR201C,0,-2.7002926,0.12312549352645874,0.9341317415237427,0.6667333245277405
YDR211W,YBL100W-B,0,-2.7115977,0.12310929596424103,0.9341317415237427,0.6668333411216736
YBR080C,YIL048W,0,-2.7118275,0.12309310585260391,0.9341317415237427,0.6669333577156067
YJL162C,YDR031W,0,-2.7130272,0.1230769231915474,0.9341317415237427,0.6670334339141846
YHR154W,YNL304W,0,-2.7144697,0.12306074053049088,0.9341317415237427,0.6671334505081177
YFL041W,YER145C,0,-2.7166777,0.12304456532001495,0.9341317415237427,0.6672334671020508
YLR185W,YDR045C,0,-2.7173119,0.12302839010953903,0.9341317415237427,0.6673334836959839
YBR066C,YBR083W,1,-2.7181284,0.12314364314079285,0.9351297616958618,0.6673334836959839
YDR381W,YLR113W,0,-2.7293577,0.12312746047973633,0.9351297616958618,0.667433500289917
YLR118C,YGL232W,0,-2.7301505,0.1231112852692604,0.9351297616958618,0.6675335168838501
YEL029C,YKL186C,0,-2.7316766,0.12309511005878448,0.9351297616958618,0.6676335334777832
YHR118C,YER061C,0,-2.7347894,0.12307894229888916,0.9351297616958618,0.6677335500717163
YPR204W,YNL055C,0,-2.7353935,0.12306278198957443,0.9351297616958618,0.6678335666656494
YDL076C,YNL301C,0,-2.739449,0.1230466216802597,0.9351297616958618,0.6679335832595825
YPR071W,YHR037W,0,-2.74012,0.12303046137094498,0.9351297616958618,0.6680335998535156
YBL091C,YJL221C,0,-2.7410612,0.12301430851221085,0.9351297616958618,0.6681336164474487
YBR095C,YCR097WB,0,-2.7416358,0.12299816310405731,0.9351297616958618,0.6682336330413818
YGR035C,YKR050W,0,-2.7426338,0.12298201769590378,0.9351297616958618,0.6683336496353149
YOR016C,YDL229W,0,-2.7436857,0.12296587973833084,0.9351297616958618,0.668433666229248
YNL183C,YPR127W,0,-2.7443604,0.1229497417807579,0.9351297616958618,0.6685336828231812
YOL138C,YGL203C,0,-2.7470698,0.12293361127376556,0.9351297616958618,0.6686336994171143
YOL066C,YDR479C,0,-2.7499323,0.12291748821735382,0.9351297616958618,0.6687337756156921
YJR052W,YOL155C,0,-2.7506227,0.12290136516094208,0.9351297616958618,0.6688337922096252
YML031W,YPL063W,0,-2.7507062,0.12288524955511093,0.9351297616958618,0.6689338088035583
YOL069W,YBR283C,0,-2.7511168,0.12286913394927979,0.9351297616958618,0.6690338253974915
YCR054C,YDL240W,0,-2.752255,0.12285302579402924,0.9351297616958618,0.6691338419914246
YBR222C,YFL010W-A,0,-2.7545903,0.12283691763877869,0.9351297616958618,0.6692338585853577
YJL219W,YDR350C,0,-2.7568889,0.12282081693410873,0.9351297616958618,0.6693338751792908
YPL011C,YHL050C,0,-2.7571747,0.12280471622943878,0.9351297616958618,0.6694338917732239
YNL049C,YPR057W,0,-2.7574284,0.12278862297534943,0.9351297616958618,0.669533908367157
YIL093C,YGL021W,0,-2.758365,0.12277253717184067,0.9351297616958618,0.6696339249610901
YER176W,YOR239W,0,-2.7607262,0.12275645136833191,0.9351297616958618,0.6697339415550232
YPR098C,YPL119C,0,-2.7615843,0.12274037301540375,0.9351297616958618,0.6698339581489563
YLR016C,YNL091W,0,-2.7638235,0.12272429466247559,0.9351297616958618,0.6699339747428894
YBR185C,YML076C,0,-2.7640526,0.12270822376012802,0.9351297616958618,0.6700339913368225
YJR132W,YGR262C,0,-2.7649171,0.12269216030836105,0.9351297616958618,0.6701340079307556
YLR120C,YER178W,0,-2.7654471,0.12267609685659409,0.9351297616958618,0.6702340245246887
YHR077C,YLL013C,0,-2.7690945,0.12266003340482712,0.9351297616958618,0.6703340411186218
YFL033C,YMR076C,0,-2.7691402,0.12264397740364075,0.9351297616958618,0.6704340577125549
YGL087C,YJL189W,0,-2.7712488,0.12262792885303497,0.9351297616958618,0.6705341339111328
YGL083W,YLL017W,0,-2.7729526,0.1226118803024292,0.9351297616958618,0.6706341505050659
YJL198W,YCR063W,0,-2.7783282,0.12259583920240402,0.9351297616958618,0.670734167098999
YJR143C,YLR448W,0,-2.7784817,0.12257979810237885,0.9351297616958618,0.6708341836929321
YDR448W,YGR285C,0,-2.7785397,0.12256376445293427,0.9351297616958618,0.6709342002868652
YNL310C,YPL180W,0,-2.7819955,0.12254773825407028,0.9351297616958618,0.6710342168807983
YJR028W,YAL041W,0,-2.7826006,0.1225317120552063,0.9351297616958618,0.6711342334747314
YKR064W,YLR446W,0,-2.785429,0.12251569330692291,0.9351297616958618,0.6712342500686646
YIL083C,YMR242C,0,-2.7884622,0.12249967455863953,0.9351297616958618,0.6713342666625977
YLR203C,YMR237W,0,-2.7922626,0.12248366326093674,0.9351297616958618,0.6714342832565308
YLR448W,YJL083W,0,-2.793633,0.12246765196323395,0.9351297616958618,0.6715342998504639
YGR177C,YDL205C,0,-2.796453,0.12245164811611176,0.9351297616958618,0.671634316444397
YOR098C,YIL005W,0,-2.8074868,0.12243564426898956,0.9351297616958618,0.6717343330383301
YOR048C,YPL100W,0,-2.808543,0.12241964787244797,0.9351297616958618,0.6718343496322632
YMR300C,YPR037C,0,-2.8105536,0.12240365892648697,0.9351297616958618,0.6719343662261963
YKL085W,YJR025C,0,-2.8107991,0.12238766998052597,0.9351297616958618,0.6720343828201294
YJL046W,YLR167W,0,-2.8116386,0.12237168848514557,0.9351297616958618,0.6721343994140625
YBR271W,YDR309C,0,-2.8149266,0.12235570698976517,0.9351297616958618,0.6722344756126404
YLR170C,YDL045W-A,0,-2.817615,0.12233973294496536,0.9351297616958618,0.6723344922065735
YNL251C,YNR013C,0,-2.8197594,0.12232375890016556,0.9351297616958618,0.6724345088005066
YGR026W,YPR070W,0,-2.8199105,0.12230779230594635,0.9351297616958618,0.6725345253944397
YJL041W,YJL069C,0,-2.821087,0.12229183316230774,0.9351297616958618,0.6726345419883728
YIL171W,YGR254W,0,-2.8230195,0.12227587401866913,0.9351297616958618,0.6727345585823059
YHR164C,YGL151W,0,-2.8249187,0.12225991487503052,0.9351297616958618,0.672834575176239
YNL192W,YBL057C,0,-2.8250966,0.1222439631819725,0.9351297616958618,0.6729345917701721
YIL167W,YKL186C,0,-2.8275099,0.12222801893949509,0.9351297616958618,0.6730346083641052
YBL013W,YLR172C,0,-2.8284094,0.12221207469701767,0.9351297616958618,0.6731346249580383
YLR433C,YHR117W,0,-2.8314462,0.12219613790512085,0.9351297616958618,0.6732346415519714
YDL091C,YBR211C,0,-2.8333735,0.12218020856380463,0.9351297616958618,0.6733346581459045
YJL004C,YMR056C,0,-2.8344312,0.1221642792224884,0.9351297616958618,0.6734346747398376
YER106W,YLR460C,0,-2.8352408,0.12214834988117218,0.9351297616958618,0.6735346913337708
YNL246W,YLR371W,0,-2.8374496,0.12213242799043655,0.9351297616958618,0.6736347079277039
YDR473C,YLR278C,0,-2.8380313,0.12211651355028152,0.9351297616958618,0.673734724521637
YHL040C,YDR212W,0,-2.8395624,0.1221005991101265,0.9351297616958618,0.6738347411155701
YLR043C,YDR079W,0,-2.843811,0.12208469212055206,0.9351297616958618,0.6739347577095032
YGR036C,YOR057W,0,-2.8455575,0.12206878513097763,0.9351297616958618,0.674034833908081
YGL076C,YPR137W,0,-2.8456388,0.1220528855919838,0.9351297616958618,0.6741348505020142
YDR002W,YCR004C,0,-2.8499477,0.12203698605298996,0.9351297616958618,0.6742348670959473
YCR045C,YLR373C,0,-2.8528256,0.12202109396457672,0.9351297616958618,0.6743348836898804
YGR155W,YDR511W,0,-2.8536315,0.12200520932674408,0.9351297616958618,0.6744349002838135
YOL135C,YKR093W,0,-2.855198,0.12198932468891144,0.9351297616958618,0.6745349168777466
YHR058C,YJL176C,0,-2.8554468,0.1219734475016594,0.9351297616958618,0.6746349334716797
YLR363C,YMR022W,0,-2.8578074,0.12195757031440735,0.9351297616958618,0.6747349500656128
YER101C,YMR180C,0,-2.859582,0.1219417005777359,0.9351297616958618,0.6748349666595459
YGR056W,YNL070W,0,-2.859601,0.12192583084106445,0.9351297616958618,0.674934983253479
YBR022W,YER140W,0,-2.8613687,0.1219099685549736,0.9351297616958618,0.6750349998474121
YNL051W,YDR040C,0,-2.861671,0.12189410626888275,0.9351297616958618,0.6751350164413452
YHL028W,YBL005W-B,0,-2.8630114,0.1218782514333725,0.9351297616958618,0.6752350330352783
YBL112C,YDR093W,0,-2.8687549,0.12186240404844284,0.9351297616958618,0.6753350496292114
YMR205C,YLR105C,0,-2.8687828,0.12184655666351318,0.9351297616958618,0.6754350662231445
YMR205C,YBR096W,0,-2.8688226,0.12183070927858353,0.9351297616958618,0.6755350828170776
YBL021C,YMR142C,0,-2.86906,0.12181486934423447,0.9351297616958618,0.6756350994110107
YNL202W,YNL291C,0,-2.8708653,0.121799036860466,0.9351297616958618,0.6757351756095886
YPR002W,YLR209C,0,-2.871077,0.12178320437669754,0.9351297616958618,0.6758351922035217
YOR347C,YJR010W,0,-2.8712916,0.12176737934350967,0.9351297616958618,0.6759352087974548
YPR114W,YGR089W,0,-2.8717594,0.1217515617609024,0.9351297616958618,0.6760352253913879
YDR253C,YDR093W,0,-2.8719535,0.12173574417829514,0.9351297616958618,0.676135241985321
YER083C,YER027C,0,-2.8733566,0.12171992659568787,0.9351297616958618,0.6762352585792542
YCR054C,YML006C,0,-2.8815317,0.1217041164636612,0.9351297616958618,0.6763352751731873
YDR260C,YAL026C,0,-2.8825314,0.12168831378221512,0.9351297616958618,0.6764352917671204
YGR161C,YPL113C,0,-2.88284,0.12167251110076904,0.9351297616958618,0.6765353083610535
YDR498C,YDR201W,0,-2.8863573,0.12165671586990356,0.9351297616958618,0.6766353249549866
YLR362W,YHR073W,1,-2.8896568,0.12177073955535889,0.9361277222633362,0.6766353249549866
YNL045W,YEL015W,0,-2.8936424,0.12175492942333221,0.9361277222633362,0.6767353415489197
YHR041C,YOR201C,0,-2.8950174,0.12173912674188614,0.9361277222633362,0.6768353581428528
YDL084W,YDL076C,0,-2.8974626,0.12172333151102066,0.9361277222633362,0.6769353747367859
YOL102C,YPR180W,0,-2.8974957,0.12170753628015518,0.9361277222633362,0.677035391330719
YOR009W,YMR315W,0,-2.8990045,0.1216917484998703,0.9361277222633362,0.6771354079246521
YJL034W,YFL010W-A,0,-2.9037647,0.12167596071958542,0.9361277222633362,0.6772354245185852
YLR380W,YHR150W,0,-2.9038198,0.12166018038988113,0.9361277222633362,0.6773354411125183
YER087C-B,YGR235C,0,-2.9056714,0.12164440751075745,0.9361277222633362,0.6774354577064514
YOR117W,YBR181C,0,-2.908094,0.12162862718105316,0.9361277222633362,0.6775355339050293
YGL171W,YBR118W,0,-2.911851,0.12161286175251007,0.9361277222633362,0.6776355504989624
YNL268W,YDR308C,0,-2.9140768,0.12159709632396698,0.9361277222633362,0.6777355670928955
YKL099C,YNR047W,0,-2.9142137,0.12158133834600449,0.9361277222633362,0.6778355836868286
YER149C,YKL041W,0,-2.9145286,0.12156558036804199,0.9361277222633362,0.6779356002807617
YML041C,YNL094W,0,-2.9156861,0.1215498223900795,0.9361277222633362,0.6780356168746948
YOR066W,YOR259C,0,-2.919786,0.1215340793132782,0.9361277222633362,0.6781356334686279
YPL100W,YPL013C,0,-2.9210954,0.1215183287858963,0.9361277222633362,0.678235650062561
YER093C,YJL060W,0,-2.9223495,0.1215025931596756,0.9361277222633362,0.6783356666564941
YDL144C,YPL004C,0,-2.923392,0.1214868575334549,0.9361277222633362,0.6784356832504272
YLR337C,YMR295C,0,-2.9237769,0.12147112190723419,0.9361277222633362,0.6785356998443604
YML040W,YML097C,0,-2.9243848,0.12145539373159409,0.9361277222633362,0.6786357164382935
YPR161C,YOR252W,0,-2.924559,0.12143966555595398,0.9361277222633362,0.6787357330322266
YDR482C,YJR130C,0,-2.9265716,0.12142394483089447,0.9361277222633362,0.6788357496261597
YNL297C,YCR004C,0,-2.929431,0.12140823155641556,0.9361277222633362,0.6789357662200928
YOL043C,YLR040C,0,-2.9299774,0.12139251828193665,0.9361277222633362,0.6790357828140259
YPL233W,YLR016C,0,-2.9348543,0.12137681245803833,0.9361277222633362,0.679135799407959
YLR010C,YIL154C,0,-2.9357908,0.12136110663414001,0.9361277222633362,0.6792358756065369
YGR101W,YJL079C,0,-2.9377584,0.1213454082608223,0.9361277222633362,0.67933589220047
YKR026C,YDR361C,0,-2.9377966,0.12132970988750458,0.9361277222633362,0.6794359087944031
YGL229C,YIL172C,0,-2.9429452,0.12131401896476746,0.9361277222633362,0.6795359253883362
YER099C,YLR055C,0,-2.9448378,0.12129833549261093,0.9361277222633362,0.6796359419822693
YDR397C,YKL145W,0,-2.9470134,0.12128264456987381,0.9361277222633362,0.6797359585762024
YPR204W,YJL058C,0,-2.9477558,0.12126696854829788,0.9361277222633362,0.6798359751701355
YOR177C,YHR118C,0,-2.948204,0.12125129252672195,0.9361277222633362,0.6799359917640686
YNL115C,YKL089W,0,-2.9486825,0.12123562395572662,0.9361277222633362,0.6800360083580017
YDR466W,YCR010C,0,-2.9490633,0.12121995538473129,0.9361277222633362,0.6801360249519348
YDL159W,YLR353W,1,-2.9497313,0.12133350223302841,0.9371257424354553,0.6801360249519348
YDR033W,YIL120W,0,-2.951453,0.12131782621145248,0.9371257424354553,0.6802360415458679
YMR176W,YML116W,0,-2.956863,0.12130215764045715,0.9371257424354553,0.680336058139801
YOR371C,YER113C,1,-2.960024,0.1214156523346901,0.9381237626075745,0.680336058139801
YPR081C,YDR395W,0,-2.9613087,0.12139997631311417,0.9381237626075745,0.6804360747337341
YGR268C,YDR023W,0,-2.9624102,0.12138430029153824,0.9381237626075745,0.6805360913276672
YLL013C,YGR235C,0,-2.9633577,0.12136862426996231,0.9381237626075745,0.6806361079216003
YJL024C,YDR262W,0,-2.9652839,0.12135295569896698,0.9381237626075745,0.6807361245155334
YPL019C,YER138C,0,-2.9705586,0.12133729457855225,0.9381237626075745,0.6808361411094666
YDR011W,YGR274C,0,-2.972992,0.12132163345813751,0.9381237626075745,0.6809361577033997
YJL103C,YHR070W,0,-2.9733107,0.12130597233772278,0.9381237626075745,0.6810362339019775
YGL144C,YJR054W,0,-2.9750705,0.12129032611846924,0.9381237626075745,0.6811362504959106
YOR389W,YBR115C,0,-2.9751291,0.1212746724486351,0.9381237626075745,0.6812362670898438
YBR189W,YOR116C,0,-2.9760294,0.12125902622938156,0.9381237626075745,0.6813362836837769
YIR031C,YHR214C-B,0,-2.9781017,0.12124338746070862,0.9381237626075745,0.68143630027771
YML116W,YKL117W,0,-2.9790921,0.12122775614261627,0.9381237626075745,0.6815363168716431
YMR312W,YER153C,0,-2.979208,0.12121212482452393,0.9381237626075745,0.6816363334655762
YNR024W,YGL223C,0,-2.9827242,0.12119649350643158,0.9381237626075745,0.6817363500595093
YER040W,YNL190W,0,-2.9841967,0.12118086963891983,0.9381237626075745,0.6818363666534424
YJR096W,YCR009C,0,-2.984616,0.12116524577140808,0.9381237626075745,0.6819363832473755
YDL243C,YPR149W,0,-2.9897027,0.12114962935447693,0.9381237626075745,0.6820363998413086
YBR029C,YJR033C,0,-2.991209,0.12113402038812637,0.9381237626075745,0.6821364164352417
YMR093W,YNL096C,0,-2.9919286,0.12111841142177582,0.9381237626075745,0.6822364330291748
YDL117W,YLR371W,0,-2.9955444,0.12110280990600586,0.9381237626075745,0.6823364496231079
YHR118C,YFL005W,0,-2.9968185,0.1210872083902359,0.9381237626075745,0.682436466217041
YNL135C,YML113W,0,-2.9977841,0.12107161432504654,0.9381237626075745,0.6825364828109741
YKL061W,YNL131W,0,-2.9996042,0.12105602025985718,0.9381237626075745,0.6826364994049072
YOR127W,YIL049W,1,-3.0004704,0.12116920202970505,0.9391217827796936,0.6826364994049072
YLR052W,YDR151C,0,-3.0018125,0.12115360051393509,0.9391217827796936,0.6827365756034851
YOR228C,YDL067C,0,-3.0061433,0.12113799899816513,0.9391217827796936,0.6828365921974182
YGL142C,YDL115C,0,-3.0061543,0.12112241238355637,0.9391217827796936,0.6829366087913513
YLR304C,YDL076C,0,-3.0061772,0.121106818318367,0.9391217827796936,0.6830366253852844
YIL047C,YNL045W,0,-3.0079315,0.12109123915433884,0.9391217827796936,0.6831366419792175
YNL290W,YDR229W,0,-3.008607,0.12107565253973007,0.9391217827796936,0.6832366585731506
YKR061W,YPR035W,0,-3.0119505,0.1210600808262825,0.9391217827796936,0.6833366751670837
YNL289W,YCL031C,0,-3.0163927,0.12104450911283493,0.9391217827796936,0.6834366917610168
YJL024C,YPL065W,0,-3.0177574,0.12102893739938736,0.9391217827796936,0.68353670835495
YMR168C,YGL076C,0,-3.01806,0.12101337313652039,0.9391217827796936,0.6836367249488831
YNL001W,YOR371C,1,-3.0183258,0.12112639844417572,0.940119743347168,0.6836367249488831
YJL046W,YJL149W,0,-3.0190961,0.12111082673072815,0.940119743347168,0.6837367415428162
YCL044C,YDR279W,0,-3.0198112,0.12109525501728058,0.940119743347168,0.6838367581367493
YJR147W,YJR098C,0,-3.0235915,0.1210796907544136,0.940119743347168,0.6839367747306824
YKR014C,YOL111C,0,-3.0256493,0.12106413394212723,0.940119743347168,0.6840367913246155
YJL034W,YCL032W,0,-3.025727,0.12104857712984085,0.940119743347168,0.6841368079185486
YPR184W,YGL004C,0,-3.027418,0.12103302031755447,0.940119743347168,0.6842368245124817
YDR292C,YJL065C,0,-3.0281544,0.1210174709558487,0.940119743347168,0.6843368411064148
YPR174C,YNL055C,0,-3.0315144,0.12100192904472351,0.940119743347168,0.6844368577003479
YPL225W,YDR259C,0,-3.0351887,0.12098638713359833,0.940119743347168,0.6845369338989258
YLR367W,YDL105W,0,-3.035426,0.12097084522247314,0.940119743347168,0.6846369504928589
YDL087C,YML006C,0,-3.035673,0.12095531821250916,0.940119743347168,0.684736967086792
YKL032C,YBR251W,0,-3.0363464,0.12093978375196457,0.940119743347168,0.6848369836807251
YLR019W,YBR212W,0,-3.036457,0.12092426419258118,0.940119743347168,0.6849370002746582
YFL048C,YBR159W,0,-3.037522,0.12090873718261719,0.940119743347168,0.6850370168685913
YFR018C,YOR043W,0,-3.0390606,0.12089322507381439,0.940119743347168,0.6851370334625244
YKL165C,YDR129C,0,-3.039259,0.1208777129650116,0.940119743347168,0.6852370500564575
YDR256C,YHR033W,0,-3.0428548,0.1208622008562088,0.940119743347168,0.6853370666503906
YKL059C,YGL025C,0,-3.0437508,0.1208466961979866,0.940119743347168,0.6854370832443237
YDR040C,YJL004C,0,-3.0451164,0.120831198990345,0.940119743347168,0.6855370998382568
YBL068W,YHR041C,0,-3.0458803,0.1208157017827034,0.940119743347168,0.6856371164321899
YGR155W,YML037C,0,-3.0468864,0.1208002045750618,0.940119743347168,0.685737133026123
YCL047C,YPR034W,0,-3.0474777,0.1207847148180008,0.940119743347168,0.6858371496200562
YHR052W,YHR142W,0,-3.0477266,0.12076923251152039,0.940119743347168,0.6859371662139893
YDR283C,YJL103C,0,-3.051145,0.12075375020503998,0.940119743347168,0.6860371828079224
YKR031C,YML099C,0,-3.0540788,0.12073827534914017,0.940119743347168,0.6861371994018555
YNL284C,YNL006W,0,-3.0592837,0.12072280049324036,0.940119743347168,0.6862372756004333
YJR126C,YNL208W,0,-3.0614254,0.12070733308792114,0.940119743347168,0.6863372921943665
YGL233W,YJL048C,0,-3.0626419,0.12069186568260193,0.940119743347168,0.6864373087882996
YKL196C,YEL017C-A,0,-3.064597,0.12067640572786331,0.940119743347168,0.6865373253822327
YDR387C,YOR106W,0,-3.0648456,0.1206609457731247,0.940119743347168,0.6866373419761658
YLR113W,YHR064C,0,-3.0654666,0.12064549326896667,0.940119743347168,0.6867373585700989
YMR153W,YDR397C,0,-3.066935,0.12063004076480865,0.940119743347168,0.686837375164032
YNL240C,YIL160C,0,-3.0686479,0.12061459571123123,0.940119743347168,0.6869373917579651
YBR010W,YLR337W,0,-3.069995,0.1205991581082344,0.940119743347168,0.6870374083518982
YJL072C,YBR160W,0,-3.0722742,0.12058372050523758,0.940119743347168,0.6871374249458313
YML056C,YDR021W,0,-3.072644,0.12056828290224075,0.940119743347168,0.6872374415397644
YJL213W,YLL009C,0,-3.0738308,0.12055285274982452,0.940119743347168,0.6873374581336975
YHR086W,YDL227C,0,-3.0749173,0.12053743004798889,0.940119743347168,0.6874374747276306
YLR367W,YPR016C,0,-3.075999,0.12052200734615326,0.940119743347168,0.6875374913215637
YDR134C,YNL287W,0,-3.0772767,0.12050658464431763,0.940119743347168,0.6876375079154968
YAL015C,YDR096W,0,-3.081419,0.12049117684364319,0.940119743347168,0.6877375245094299
YDR120C,YBR115C,0,-3.0815692,0.12047576159238815,0.940119743347168,0.687837541103363
YLR291C,YJR102C,0,-3.0818572,0.12046036124229431,0.940119743347168,0.6879376173019409
YLR097C,YMR225C,0,-3.083843,0.12044495344161987,0.940119743347168,0.688037633895874
YHL050C,YBR267W,0,-3.0913973,0.12042956054210663,0.940119743347168,0.6881376504898071
YGL083W,YBR207W,0,-3.0939865,0.12041416019201279,0.940119743347168,0.6882376670837402
YLL061W,YLR418C,0,-3.095956,0.12039877474308014,0.940119743347168,0.6883376836776733
YIR015W,YOR306C,0,-3.0961938,0.12038338929414749,0.940119743347168,0.6884377002716064
YOL149W,YJL155C,0,-3.0980878,0.12036800384521484,0.940119743347168,0.6885377168655396
YKL194C,YOR054C,0,-3.0987167,0.12035262584686279,0.940119743347168,0.6886377334594727
YIL107C,YNR022C,0,-3.098843,0.12033724784851074,0.940119743347168,0.6887377500534058
YMR080C,YDR146C,0,-3.0998845,0.12032187730073929,0.940119743347168,0.6888377666473389
YOR092W,YNL251C,0,-3.1024208,0.12030651420354843,0.940119743347168,0.688937783241272
YBL098W,YER038C,0,-3.1047635,0.12029115110635757,0.940119743347168,0.6890377998352051
YGL213C,YOR061W,0,-3.1048136,0.12027578800916672,0.940119743347168,0.6891378164291382
YCR045C,YPR005C,0,-3.1061811,0.12026043981313705,0.940119743347168,0.6892378330230713
YLR037C,YKR094C,0,-3.1090336,0.1202450841665268,0.940119743347168,0.6893378496170044
YER019C-A,YHR088W,0,-3.1125524,0.12022973597049713,0.940119743347168,0.6894378662109375
YNL036W,YNL175C,0,-3.113803,0.12021439522504807,0.940119743347168,0.6895378828048706
YPL061W,YDL184C,0,-3.1138496,0.120199054479599,0.940119743347168,0.6896378993988037
YBR191W,YFR018C,0,-3.1147106,0.12018372118473053,0.940119743347168,0.6897379755973816
YKL062W,YER095W,0,-3.118443,0.12016838788986206,0.940119743347168,0.6898379921913147
YMR081C,YPR199C,0,-3.120625,0.12015306204557419,0.940119743347168,0.6899380087852478
YOL031C,YKR083C,0,-3.124687,0.12013773620128632,0.940119743347168,0.6900380253791809
YLR276C,YLR459W,0,-3.1291852,0.12012241780757904,0.940119743347168,0.690138041973114
YFL049W,YOR226C,0,-3.1298907,0.12010709941387177,0.940119743347168,0.6902380585670471
YML124C,YDL225W,0,-3.1305807,0.12009178847074509,0.940119743347168,0.6903380751609802
YBL057C,YJL054W,0,-3.1362348,0.120076484978199,0.940119743347168,0.6904380917549133
YOL108C,YKL088W,0,-3.1392932,0.12006117403507233,0.940119743347168,0.6905381083488464
YJR075W,YOL070C,0,-3.1394897,0.12004587799310684,0.940119743347168,0.6906381249427795
YGR258C,YHR119W,0,-3.139566,0.12003058195114136,0.940119743347168,0.6907381415367126
YKR064W,YCR092C,0,-3.1405792,0.12001528590917587,0.940119743347168,0.6908381581306458
YHR214W,YLR258W,0,-3.1434512,0.11999999731779099,0.940119743347168,0.6909381747245789
YNL061W,YOR378W,0,-3.143804,0.1199847161769867,0.940119743347168,0.691038191318512
YIR025W,YER031C,0,-3.1453724,0.1199694350361824,0.940119743347168,0.6911382079124451
YOR279C,YIL046W,0,-3.146793,0.11995416134595871,0.940119743347168,0.6912382245063782
YOR085W,YNL246W,0,-3.1469874,0.11993888765573502,0.940119743347168,0.6913382411003113
YGR012W,YPR102C,0,-3.146992,0.11992361396551132,0.940119743347168,0.6914383172988892
YKR066C,YGR135W,0,-3.1478581,0.11990834772586823,0.940119743347168,0.6915383338928223
YBL055C,YHR211W,0,-3.150971,0.11989308893680573,0.940119743347168,0.6916383504867554
YEL061C,YMR046C,0,-3.1512454,0.11987783014774323,0.940119743347168,0.6917383670806885
YKL126W,YPL259C,0,-3.151402,0.11986257880926132,0.940119743347168,0.6918383836746216
YNL219C,YPR019W,0,-3.1523876,0.11984732747077942,0.940119743347168,0.6919384002685547
YOR324C,YBR128C,0,-3.1524723,0.11983208358287811,0.940119743347168,0.6920384168624878
YPL099C,YPL002C,0,-3.1549494,0.1198168396949768,0.940119743347168,0.6921384334564209
YHR201C,YJL081C,0,-3.1555066,0.1198016032576561,0.940119743347168,0.692238450050354
YOR145C,YBR052C,0,-3.1555588,0.11978636682033539,0.940119743347168,0.6923384666442871
YDR328C,YMR156C,0,-3.156186,0.11977113783359528,0.940119743347168,0.6924384832382202
YOL149W,YBR010W,0,-3.1606612,0.11975590884685516,0.940119743347168,0.6925384998321533
YDR490C,YPL078C,0,-3.1612515,0.11974068731069565,0.940119743347168,0.6926385164260864
YER023W,YHR047C,0,-3.161614,0.11972547322511673,0.940119743347168,0.6927385330200195
YDR226W,YLR394W,0,-3.1640806,0.11971025913953781,0.940119743347168,0.6928385496139526
YDR342C,YGL004C,0,-3.1646268,0.11969504505395889,0.940119743347168,0.6929385662078857
YML096W,YCR030C,0,-3.1661267,0.11967983841896057,0.940119743347168,0.6930385828018188
YDL119C,YNL166C,0,-3.1688304,0.11966463178396225,0.940119743347168,0.693138599395752
YDL022W,YLR333C,0,-3.1691537,0.11964943259954453,0.940119743347168,0.6932386755943298
YDR359C,YER175C,0,-3.169582,0.1196342408657074,0.940119743347168,0.6933386921882629
YHR033W,YFR037C,0,-3.1702924,0.11961904913187027,0.940119743347168,0.693438708782196
YDR019C,YHR175W,0,-3.1715565,0.11960385739803314,0.940119743347168,0.6935387253761292
YDR310C,YDR195W,0,-3.173941,0.11958867311477661,0.940119743347168,0.6936387419700623
YDR052C,YIL035C,0,-3.174058,0.11957349628210068,0.940119743347168,0.6937387585639954
YIR005W,YPL167C,0,-3.1751194,0.11955831944942474,0.940119743347168,0.6938387751579285
YEL029C,YCL016C,0,-3.181715,0.1195431500673294,0.940119743347168,0.6939387917518616
YDR014W,YMR172W,0,-3.1819637,0.11952798068523407,0.940119743347168,0.6940388083457947
YOL126C,YER177W,0,-3.1846862,0.11951281130313873,0.940119743347168,0.6941388249397278
YGL233W,YER140W,0,-3.1864228,0.11949765682220459,0.940119743347168,0.6942388415336609
YDR228C,YDR093W,0,-3.1868706,0.11948249489068985,0.940119743347168,0.694338858127594
YKR053C,YBR291C,0,-3.188415,0.1194673404097557,0.940119743347168,0.6944388747215271
YKL022C,YJL082W,0,-3.1888142,0.11945219337940216,0.940119743347168,0.6945388913154602
YLR068W,YAR010C,0,-3.1890182,0.11943704634904861,0.940119743347168,0.6946389079093933
YHR202W,YDR075W,0,-3.1898904,0.11942190676927567,0.940119743347168,0.6947389245033264
YNL271C,YJL065C,0,-3.1901877,0.11940676718950272,0.940119743347168,0.6948389410972595
YCL001W,YBR016W,0,-3.19071,0.11939163506031036,0.940119743347168,0.6949390172958374
YLR109W,YGL018C,0,-3.1922996,0.11937650293111801,0.940119743347168,0.6950390338897705
YDR103W,YCL057W,0,-3.1931949,0.11936137825250626,0.940119743347168,0.6951390504837036
YCR092C,YKL041W,0,-3.1933043,0.1193462535738945,0.940119743347168,0.6952390670776367
YDR091C,YHR201C,0,-3.1979237,0.11933113634586334,0.940119743347168,0.6953390836715698
YOR270C,YKL052C,0,-3.1997447,0.11931601911783218,0.940119743347168,0.6954391002655029
YER127W,YER030W,0,-3.201135,0.11930090934038162,0.940119743347168,0.695539116859436
YAL043C,YEL043W,0,-3.2021303,0.11928580701351166,0.940119743347168,0.6956391334533691
YNL151C,YDR032C,0,-3.2032394,0.1192707046866417,0.940119743347168,0.6957391500473022
YMR075W,YGR012W,0,-3.2047079,0.11925560235977173,0.940119743347168,0.6958391666412354
YLR293C,YNL167C,0,-3.2058647,0.11924050748348236,0.940119743347168,0.6959391832351685
YOL031C,YNL029C,0,-3.2064183,0.119225412607193,0.940119743347168,0.6960391998291016
YJL012C,YDR257C,0,-3.2084785,0.11921032518148422,0.940119743347168,0.6961392164230347
YJR009C,YPL119C,0,-3.2124283,0.11919524520635605,0.940119743347168,0.6962392330169678
YLR447C,YMR056C,0,-3.217366,0.11918016523122787,0.940119743347168,0.6963392496109009
YLR439W,YOL112W,0,-3.2176428,0.1191650852560997,0.940119743347168,0.696439266204834
YBR094W,YAL029C,0,-3.2198758,0.11915001273155212,0.940119743347168,0.6965392827987671
YER164W,YOR194C,0,-3.220005,0.11913494020700455,0.940119743347168,0.6966392993927002
YPL168W,YJL112W,0,-3.222502,0.11911987513303757,0.940119743347168,0.6967393755912781
YJL156C,YOL056W,0,-3.2239652,0.11910481750965118,0.940119743347168,0.6968393921852112
YFR008W,YNL267W,0,-3.2265267,0.1190897598862648,0.940119743347168,0.6969394087791443
YIL094C,YCR030C,0,-3.2297616,0.11907470971345901,0.940119743347168,0.6970394253730774
YDL159W,YDR099W,1,-3.23001,0.11918604373931885,0.9411177635192871,0.6970394253730774
YIL147C,YLR187W,0,-3.2318318,0.11917098611593246,0.9411177635192871,0.6971394419670105
YNL227C,YJL110C,0,-3.233054,0.11915592849254608,0.9411177635192871,0.6972394585609436
YPR046W,YBL038W,0,-3.2355444,0.1191408708691597,0.9411177635192871,0.6973394751548767
YMR208W,YOR335C,0,-3.2362576,0.11912582069635391,0.9411177635192871,0.6974394917488098
YML067C,YML112W,0,-3.2370884,0.11911077797412872,0.9411177635192871,0.6975395083427429
YMR282C,YOL003C,0,-3.2373967,0.11909572780132294,0.9411177635192871,0.697639524936676
YMR198W,YGL240W,0,-3.2376237,0.11908069252967834,0.9411177635192871,0.6977395415306091
YNR035C,YGR089W,0,-3.2385976,0.11906565725803375,0.9411177635192871,0.6978395581245422
YBR034C,YGL168W,0,-3.23994,0.11905062198638916,0.9411177635192871,0.6979395747184753
YOR249C,YNR037C,0,-3.2403934,0.11903559416532516,0.9411177635192871,0.6980395913124084
YML036W,YML101C,0,-3.2456248,0.11902057379484177,0.9411177635192871,0.6981396079063416
YAL044C,YEL017C-A,0,-3.2464588,0.11900555342435837,0.9411177635192871,0.6982396245002747
YDR244W,YER096W,0,-3.2497725,0.11899053305387497,0.9411177635192871,0.6983396410942078
YPR178W,YDR513W,0,-3.250102,0.11897552013397217,0.9411177635192871,0.6984397172927856
YGL120C,YDR231C,0,-3.2533023,0.11896051466464996,0.9411177635192871,0.6985397338867188
YFL029C,YMR061W,0,-3.2634416,0.11894550919532776,0.9411177635192871,0.6986397504806519
YJL125C,YLL013C,0,-3.267939,0.11893051117658615,0.9411177635192871,0.698739767074585
YPR073C,YKL013C,0,-3.2709527,0.11891551315784454,0.9411177635192871,0.6988397836685181
YOR346W,YIL138C,0,-3.2713354,0.11890051513910294,0.9411177635192871,0.6989398002624512
YOR297C,YMR098C,0,-3.2735395,0.11888552457094193,0.9411177635192871,0.6990398168563843
YOR068C,YFR029W,0,-3.274477,0.11887054145336151,0.9411177635192871,0.6991398334503174
YMR153W,YKL079W,0,-3.275568,0.1188555583357811,0.9411177635192871,0.6992398500442505
YHR138C,YAL008W,0,-3.279055,0.11884058266878128,0.9411177635192871,0.6993398666381836
YNL096C,YER052C,0,-3.2807853,0.11882560700178146,0.9411177635192871,0.6994398832321167
YJR060W,YCL029C,0,-3.2834442,0.11881063133478165,0.9411177635192871,0.6995398998260498
YIL123W,YBR122C,0,-3.2839382,0.11879566311836243,0.9411177635192871,0.6996399164199829
YBR162W-A,YPR028W,0,-3.2843232,0.1187807023525238,0.9411177635192871,0.699739933013916
YOR069W,YDR011W,0,-3.2849553,0.11876574158668518,0.9411177635192871,0.6998399496078491
YGL028C,YBR159W,0,-3.2918365,0.11875078827142715,0.9411177635192871,0.6999399662017822
YOR066W,YGL116W,0,-3.2955008,0.11873583495616913,0.9411177635192871,0.7000399827957153
YKL061W,YDR371W,0,-3.2959714,0.1187208890914917,0.9411177635192871,0.7001399993896484
YER048W-A,YIL042C,0,-3.2973046,0.11870594322681427,0.9411177635192871,0.7002400755882263
YDR372C,YMR114C,0,-3.2986703,0.11869099736213684,0.9411177635192871,0.7003400921821594
YPR097W,YBR211C,0,-3.299405,0.1186760663986206,0.9411177635192871,0.7004401087760925
YFR050C,YOR382W,0,-3.2995338,0.11866112798452377,0.9411177635192871,0.7005401253700256
YCR096C,YCL027W,0,-3.301232,0.11864619702100754,0.9411177635192871,0.7006401419639587
YML005W,YLR098C,0,-3.301434,0.1186312735080719,0.9411177635192871,0.7007401585578918
YMR319C,YBL069W,0,-3.3020003,0.11861634999513626,0.9411177635192871,0.700840175151825
YML040W,YMR037C,0,-3.3031168,0.11860143393278122,0.9411177635192871,0.7009401917457581
YLR016C,YAR010C,0,-3.3038473,0.11858651787042618,0.9411177635192871,0.7010402083396912
YML036W,YDR179C,0,-3.3080065,0.11857160925865173,0.9411177635192871,0.7011402249336243
YPR127W,YDR083W,0,-3.3152204,0.11855670064687729,0.9411177635192871,0.7012402415275574
YOR308C,YBR170C,0,-3.3160486,0.11854179948568344,0.9411177635192871,0.7013402581214905
YMR211W,YKL059C,0,-3.3178816,0.1185268983244896,0.9411177635192871,0.7014402747154236
YMR070W,YHR088W,0,-3.3201573,0.11851200461387634,0.9411177635192871,0.7015402913093567
YMR168C,YGR235C,0,-3.3231602,0.11849711090326309,0.9411177635192871,0.7016403079032898
YLR417W,YKR030W,0,-3.3241272,0.11848222464323044,0.9411177635192871,0.7017403244972229
YER081W,YPL220W,0,-3.3254855,0.11846733838319778,0.9411177635192871,0.701840341091156
YFL066C,YOL122C,0,-3.3280501,0.11845245212316513,0.9411177635192871,0.7019404172897339
YBR080C,YBR162C,0,-3.3283875,0.11843758076429367,0.9411177635192871,0.702040433883667
YGR020C,YPL001W,0,-3.328551,0.11842270195484161,0.9411177635192871,0.7021404504776001
YPR030W,YDR003W,0,-3.3285813,0.11840783804655075,0.9411177635192871,0.7022404670715332
YBR037C,YKL217W,0,-3.3352776,0.11839296668767929,0.9411177635192871,0.7023404836654663
YLR330W,YOR019W,0,-3.338234,0.11837811022996902,0.9411177635192871,0.7024405002593994
YOR326W,YOL003C,0,-3.3392434,0.11836324632167816,0.9411177635192871,0.7025405168533325
YML067C,YGR239C,0,-3.344842,0.1183483898639679,0.9411177635192871,0.7026405334472656
YDL100C,YDL019C,0,-3.3526225,0.11833354085683823,0.9411177635192871,0.7027405500411987
YIL070C,YCR011C,0,-3.352782,0.11831869184970856,0.9411177635192871,0.7028405666351318
YMR221C,YPL194W,0,-3.3542328,0.11830385029315948,0.9411177635192871,0.7029405832290649
YLR200W,YHR165C,0,-3.3549402,0.11828900873661041,0.9411177635192871,0.703040599822998
YHR205W,YFL014W,0,-3.3598588,0.11827417463064194,0.9411177635192871,0.7031406164169312
YOR224C,YDR469W,0,-3.3620515,0.11825934052467346,0.9411177635192871,0.7032406330108643
YNL122C,YKL069W,0,-3.3664947,0.11824451386928558,0.9411177635192871,0.7033406496047974
YMR015C,YFL002W-A,0,-3.371656,0.1182296872138977,0.9411177635192871,0.7034406661987305
YCR038C,YLR278C,0,-3.3739312,0.11821486800909042,0.9411177635192871,0.7035406827926636
YOL138C,YNL191W,0,-3.3741536,0.11820004880428314,0.9411177635192871,0.7036406993865967
YOR180C,YLR460C,0,-3.3741717,0.11818523705005646,0.9411177635192871,0.7037407755851746
YDR197W,YGL031C,0,-3.3752651,0.11817042529582977,0.9411177635192871,0.7038407921791077
YML011C,YPR072W,0,-3.375564,0.11815562099218369,0.9411177635192871,0.7039408087730408
YAL044C,YPR047W,0,-3.3780217,0.1181408166885376,0.9411177635192871,0.7040408253669739
YBL026W,YHR076W,0,-3.3786197,0.1181260198354721,0.9411177635192871,0.704140841960907
YDR244W,YGL106W,0,-3.379311,0.11811122298240662,0.9411177635192871,0.7042408585548401
YNL010W,YNL182C,0,-3.3807569,0.11809643357992172,0.9411177635192871,0.7043408751487732
YHR059W,YBR029C,0,-3.3842666,0.11808164417743683,0.9411177635192871,0.7044408917427063
YHR214W,YLL035W,0,-3.3901873,0.11806686222553253,0.9411177635192871,0.7045409083366394
YFR008W,YFL054C,0,-3.3904564,0.11805208027362823,0.9411177635192871,0.7046409249305725
YCL074W,YGL220W,0,-3.3911111,0.11803729832172394,0.9411177635192871,0.7047409415245056
YEL001C,YPR180W,0,-3.3922894,0.11802253127098083,0.9411177635192871,0.7048409581184387
YJR066W,YLR134W,0,-3.392591,0.11800775676965714,0.9411177635192871,0.7049409747123718
YLR165C,YJL090C,0,-3.3942366,0.11799298971891403,0.9411177635192871,0.7050409913063049
YOL140W,YAR009C,0,-3.396601,0.11797823011875153,0.9411177635192871,0.705141007900238
YHR017W,YNL212W,0,-3.3986173,0.11796347051858902,0.9411177635192871,0.7052410244941711
YPL225W,YBR046C,0,-3.3991303,0.11794871836900711,0.9411177635192871,0.7053410410881042
YMR306W,YDR358W,0,-3.400028,0.1179339662194252,0.9411177635192871,0.7054411172866821
YFL021W,YDL030W,0,-3.4009595,0.11791922152042389,0.9411177635192871,0.7055411338806152
YGL049C,YBL088C,0,-3.402937,0.11790447682142258,0.9411177635192871,0.7056411504745483
YDR501W,YNR043W,0,-3.4047203,0.11788973957300186,0.9411177635192871,0.7057411670684814
YMR256C,YML012W,0,-3.4065328,0.11787500232458115,0.9411177635192871,0.7058411836624146
YHR215W,YOR065W,0,-3.407279,0.11786026507616043,0.9411177635192871,0.7059412002563477
YDR495C,YMR314W,0,-3.4106247,0.11784553527832031,0.9411177635192871,0.7060412168502808
YEL027W,YDR416W,0,-3.413515,0.11783081293106079,0.9411177635192871,0.7061412334442139
YNL199C,YJL170C,0,-3.4165206,0.11781609058380127,0.9411177635192871,0.706241250038147
YDL098C,YKL039W,0,-3.4184937,0.11780137568712234,0.9411177635192871,0.7063412666320801
YDR151C,YJL125C,0,-3.4203446,0.11778666079044342,0.9411177635192871,0.7064412832260132
YGR144W,YJR027W,0,-3.4215117,0.1177719458937645,0.9411177635192871,0.7065412998199463
YPR006C,YDL074C,0,-3.4217515,0.11775724589824677,0.9411177635192871,0.7066413164138794
YGR040W,YNL160W,0,-3.4238102,0.11774253845214844,0.9411177635192871,0.7067413330078125
YBR294W,YIL106W,0,-3.4248614,0.1177278384566307,0.9411177635192871,0.7068413496017456
YCL051W,YER177W,0,-3.4295647,0.11771314591169357,0.9411177635192871,0.7069413661956787
YDR379W,YDR043C,1,-3.4382732,0.11782326549291611,0.9421157836914062,0.7069413661956787
YOL051W,YPL171C,0,-3.4385896,0.11780855804681778,0.9421157836914062,0.7070413827896118
YDR341C,YBL022C,0,-3.4398727,0.11779385805130005,0.9421157836914062,0.7071413993835449
YOR174W,YDL197C,0,-3.44071,0.11777916550636292,0.9421157836914062,0.7072414755821228
YBR188C,YDR151C,0,-3.4421153,0.11776447296142578,0.9421157836914062,0.7073414921760559
YDR443C,YJR029W,0,-3.4424505,0.11774978041648865,0.9421157836914062,0.707441508769989
YEL044W,YJL186W,0,-3.4429948,0.11773509532213211,0.9421157836914062,0.7075415253639221
YGL045W,YOR251C,0,-3.4496531,0.11772041767835617,0.9421157836914062,0.7076415419578552
YLR033W,YDR397C,0,-3.4543023,0.11770573258399963,0.9421157836914062,0.7077415585517883
YMR220W,YOR267C,0,-3.4550672,0.11769106239080429,0.9421157836914062,0.7078415751457214
YDL166C,YOR356W,0,-3.4562771,0.11767639219760895,0.9421157836914062,0.7079415917396545
YJR029W,YML129C,0,-3.4576492,0.1176617220044136,0.9421157836914062,0.7080416083335876
YPR204W,YJL194W,0,-3.4583836,0.11764705926179886,0.9421157836914062,0.7081416249275208
YGR080W,YOR222W,0,-3.4601085,0.11763239651918411,0.9421157836914062,0.7082416415214539
YLR115W,YDL180W,0,-3.4639785,0.11761774122714996,0.9421157836914062,0.708341658115387
YHL011C,YKR019C,0,-3.4655,0.11760308593511581,0.9421157836914062,0.7084416747093201
YBL055C,YJL097W,0,-3.4690118,0.11758843809366226,0.9421157836914062,0.7085416913032532
YFL013C,YNR044W,0,-3.474202,0.1175737977027893,0.9421157836914062,0.7086417078971863
YNL310C,YPR105C,0,-3.47503,0.11755914986133575,0.9421157836914062,0.7087417244911194
YGR220C,YCR028C,0,-3.475375,0.1175445169210434,0.9421157836914062,0.7088417410850525
YLR090W,YNL322C,0,-3.476678,0.11752988398075104,0.9421157836914062,0.7089418172836304
YMR035W,YOR089C,0,-3.48114,0.11751525104045868,0.9421157836914062,0.7090418338775635
YDR332W,YDR334W,0,-3.4813135,0.11750062555074692,0.9421157836914062,0.7091418504714966
YOR150W,YPL018W,0,-3.4819155,0.11748600006103516,0.9421157836914062,0.7092418670654297
YDL170W,YMR043W,0,-3.4828255,0.11747138202190399,0.9421157836914062,0.7093418836593628
YKL074C,YNL158W,0,-3.483585,0.11745676398277283,0.9421157836914062,0.7094419002532959
YER139C,YIL033C,0,-3.4848125,0.11744215339422226,0.9421157836914062,0.709541916847229
YKL087C,YNL219C,0,-3.4853659,0.11742754280567169,0.9421157836914062,0.7096419334411621
YMR016C,YDR099W,1,-3.4881349,0.11753731220960617,0.9431137442588806,0.7096419334411621
YPL061W,YKL042W,0,-3.4896739,0.117522694170475,0.9431137442588806,0.7097419500350952
YMR152W,YNL158W,0,-3.489822,0.11750808358192444,0.9431137442588806,0.7098419666290283
YHR113W,YNR004W,0,-3.4930615,0.11749347299337387,0.9431137442588806,0.7099419832229614
YLR403W,YIL047C,0,-3.49329,0.1174788698554039,0.9431137442588806,0.7100419998168945
YKL172W,YKL156W,0,-3.4933553,0.11746426671743393,0.9431137442588806,0.7101420164108276
YMR272C,YPR030W,0,-3.4941602,0.11744966357946396,0.9431137442588806,0.7102420330047607
YBL025W,YMR063W,0,-3.4963906,0.11743506789207458,0.9431137442588806,0.7103420495986938
YDR205W,YBR241C,0,-3.5039399,0.11742047965526581,0.9431137442588806,0.710442066192627
YBR072W,YPL193W,0,-3.5055633,0.11740589141845703,0.9431137442588806,0.7105420827865601
YPR100W,YMR226C,0,-3.5056543,0.11739130318164825,0.9431137442588806,0.7106420993804932
YDR120C,YBL090W,0,-3.5058885,0.11737672239542007,0.9431137442588806,0.710742175579071
YLR306W,YBL057C,0,-3.5066903,0.11736214905977249,0.9431137442588806,0.7108421921730042
YPR125W,YKL129C,0,-3.5067568,0.11734757572412491,0.9431137442588806,0.7109422087669373
YPL004C,YDL007W,0,-3.507827,0.11733300238847733,0.9431137442588806,0.7110422253608704
YHR066W,YFR031C,0,-3.5080924,0.11731843650341034,0.9431137442588806,0.7111422419548035
YDR373W,YKR096W,0,-3.51198,0.11730387061834335,0.9431137442588806,0.7112422585487366
YEL051W,YDR279W,0,-3.5127916,0.11728931218385696,0.9431137442588806,0.7113422751426697
YOL108C,YGL161C,0,-3.5149994,0.11727476119995117,0.9431137442588806,0.7114422917366028
YMR302C,YPR006C,0,-3.5157053,0.11726020276546478,0.9431137442588806,0.7115423083305359
YGL163C,YJR045C,0,-3.5166786,0.11724565923213959,0.9431137442588806,0.711642324924469
YOR206W,YCL054W,0,-3.5171022,0.11723111569881439,0.9431137442588806,0.7117423415184021
YDL235C,YGR285C,0,-3.517974,0.1172165721654892,0.9431137442588806,0.7118423581123352
YOR389W,YOL112W,0,-3.5235848,0.1172020360827446,0.9431137442588806,0.7119423747062683
YGR155W,YIL171W,0,-3.5256498,0.1171875,0.9431137442588806,0.7120423913002014
YJL125C,YNR022C,0,-3.5265434,0.117172971367836,0.9431137442588806,0.7121424078941345
YMR048W,YOL093W,0,-3.5276227,0.117158442735672,0.9431137442588806,0.7122424244880676
YFL021W,YNL138W,0,-3.5293214,0.11714392155408859,0.9431137442588806,0.7123424410820007
YBL098W,YCR081W,0,-3.5327835,0.11712940037250519,0.9431137442588806,0.7124425172805786
YPL206C,YGR118W,0,-3.5333474,0.11711488664150238,0.9431137442588806,0.7125425338745117
YDL019C,YJL214W,0,-3.5333507,0.11710037291049957,0.9431137442588806,0.7126425504684448
YNL095C,YHL027W,0,-3.5389442,0.11708586663007736,0.9431137442588806,0.7127425670623779
YDR510W,YDR021W,0,-3.5389752,0.11707136034965515,0.9431137442588806,0.712842583656311
YIL094C,YJR160C,0,-3.5397542,0.11705685406923294,0.9431137442588806,0.7129426002502441
YOR257W,YOL070C,0,-3.5398607,0.11704235523939133,0.9431137442588806,0.7130426168441772
YBL079W,YGR229C,0,-3.5430992,0.11702786386013031,0.9431137442588806,0.7131426334381104
YNL115C,YGR143W,0,-3.5454364,0.1170133724808693,0.9431137442588806,0.7132426500320435
YOR215C,YDR420W,0,-3.55144,0.11699888855218887,0.9431137442588806,0.7133426666259766
YIL021W,YNL191W,0,-3.5514789,0.11698440462350845,0.9431137442588806,0.7134426832199097
YGL172W,YJL096W,0,-3.5542827,0.11696992069482803,0.9431137442588806,0.7135426998138428
YGL163C,YLR050C,0,-3.555169,0.11695544421672821,0.9431137442588806,0.7136427164077759
YFL010W-A,YOL010W,0,-3.5552073,0.11694097518920898,0.9431137442588806,0.713742733001709
YML081W,YOL054W,0,-3.5561743,0.11692650616168976,0.9431137442588806,0.7138427495956421
YNR004W,YDR213W,0,-3.5616825,0.11691203713417053,0.9431137442588806,0.7139427661895752
YER099C,YJL143W,0,-3.5642145,0.1168975755572319,0.9431137442588806,0.7140427827835083
YNL001W,YJL079C,0,-3.5660727,0.11688311398029327,0.9431137442588806,0.7141427993774414
YNL115C,YLL014W,0,-3.5661416,0.11686865985393524,0.9431137442588806,0.7142428755760193
YDR518W,YGR078C,0,-3.5696445,0.1168542131781578,0.9431137442588806,0.7143428921699524
YAR007C,YJL001W,0,-3.5713563,0.11683975905179977,0.9431137442588806,0.7144429087638855
YNR053C,YDR381W,0,-3.5714436,0.11682531982660294,0.9431137442588806,0.7145429253578186
YPL093W,YER179W,0,-3.5758052,0.1168108806014061,0.9431137442588806,0.7146429419517517
YJL181W,YOR257W,0,-3.5762534,0.11679644137620926,0.9431137442588806,0.7147429585456848
YGL213C,YFR021W,0,-3.5784838,0.11678200960159302,0.9431137442588806,0.7148429751396179
YMR195W,YOR061W,0,-3.5797033,0.11676757782697678,0.9431137442588806,0.714942991733551
YMR292W,YGR169C,0,-3.580429,0.11675315350294113,0.9431137442588806,0.7150430083274841
YBL005W,YIL006W,0,-3.583515,0.11673872917890549,0.9431137442588806,0.7151430249214172
YLR060W,YHR169W,0,-3.5898852,0.11672430485486984,0.9431137442588806,0.7152430415153503
YPL153C,YER167W,0,-3.5919232,0.11670989543199539,0.9431137442588806,0.7153430581092834
YNL185C,YLR377C,0,-3.5920458,0.11669547855854034,0.9431137442588806,0.7154430747032166
YGR258C,YPL121C,0,-3.5922232,0.1166810691356659,0.9431137442588806,0.7155430912971497
YMR176W,YGR260W,0,-3.597995,0.11666666716337204,0.9431137442588806,0.7156431078910828
YPL149W,YLR088W,0,-3.5979962,0.11665226519107819,0.9431137442588806,0.7157431244850159
YNL197C,YDL035C,1,-3.6028907,0.11676129698753357,0.9441117644309998,0.7157431244850159
YKL196C,YKR096W,0,-3.6038535,0.11674688756465912,0.9441117644309998,0.715843141078949
YMR072W,YLR067C,0,-3.6061769,0.11673247814178467,0.9441117644309998,0.7159432172775269
YKL132C,YLR270W,0,-3.606425,0.11671807616949081,0.9441117644309998,0.71604323387146
YDR342C,YGL167C,0,-3.6066613,0.11670367419719696,0.9441117644309998,0.7161432504653931
YML096W,YDL210W,0,-3.6074133,0.1166892796754837,0.9441117644309998,0.7162432670593262
YOL116W,YBR208C,0,-3.609294,0.11667489260435104,0.9441117644309998,0.7163432836532593
YML016C,YPL134C,0,-3.6101556,0.11666049808263779,0.9441117644309998,0.7164433002471924
YKL061W,YPL174C,0,-3.6120026,0.11664611846208572,0.9441117644309998,0.7165433168411255
YDR096W,YKL135C,0,-3.6139762,0.11663173139095306,0.9441117644309998,0.7166433334350586
YFR037C,YDL093W,0,-3.6234899,0.1166173592209816,0.9441117644309998,0.7167433500289917
YBR222C,YOR228C,0,-3.6277938,0.11660297960042953,0.9441117644309998,0.7168433666229248
YDR393W,YLR289W,0,-3.6290731,0.11658861488103867,0.9441117644309998,0.7169433832168579
YBR159W,YDR190C,0,-3.6325593,0.1165742427110672,0.9441117644309998,0.717043399810791
YOR131C,YOR036W,0,-3.6343675,0.11655987799167633,0.9441117644309998,0.7171434164047241
YBL092W,YIL043C,0,-3.6345453,0.11654552072286606,0.9441117644309998,0.7172434329986572
YKR062W,YEL053C,0,-3.635586,0.11653116345405579,0.9441117644309998,0.7173434495925903
YHR101C,YHR117W,0,-3.6365108,0.11651681363582611,0.9441117644309998,0.7174434661865234
YMR139W,YEL039C,0,-3.6368685,0.11650246381759644,0.9441117644309998,0.7175434827804565
YGR026W,YFL002W-A,0,-3.6407185,0.11648811399936676,0.9441117644309998,0.7176434993743896
YNL194C,YNR030W,0,-3.6407614,0.11647377163171768,0.9441117644309998,0.7177435755729675
YJL216C,YDL043C,0,-3.6414537,0.1164594367146492,0.9441117644309998,0.7178435921669006
YDR468C,YJL189W,0,-3.6506953,0.11644510179758072,0.9441117644309998,0.7179436087608337
YHR211W,YJR112W,0,-3.6511202,0.11643076688051224,0.9441117644309998,0.7180436253547668
YHR086W,YKL058W,0,-3.6531436,0.11641643941402435,0.9441117644309998,0.7181436419487
YGR194C,YEL002C,0,-3.6541972,0.11640211939811707,0.9441117644309998,0.7182436585426331
YDR079W,YNR022C,0,-3.6543894,0.11638779193162918,0.9441117644309998,0.7183436751365662
YDL100C,YER120W,0,-3.6556685,0.11637347936630249,0.9441117644309998,0.7184436917304993
YER055C,YMR308C,0,-3.6565528,0.1163591668009758,0.9441117644309998,0.7185437083244324
YAL063C,YNL302C,0,-3.6607022,0.11634485423564911,0.9441117644309998,0.7186437249183655
YDR448W,YLR433C,0,-3.6608555,0.11633054912090302,0.9441117644309998,0.7187437415122986
YHR006W,YBR069C,0,-3.6618786,0.11631624400615692,0.9441117644309998,0.7188437581062317
YER131W,YNL317W,0,-3.6636426,0.11630193889141083,0.9441117644309998,0.7189437747001648
YEL065W,YMR237W,0,-3.6652043,0.11628764867782593,0.9441117644309998,0.7190437912940979
YBR080C,YGR001C,0,-3.666114,0.11627335101366043,0.9441117644309998,0.719143807888031
YBR065C,YOR244W,0,-3.6695468,0.11625906080007553,0.9441117644309998,0.7192438244819641
YJR149W,YBR257W,0,-3.6704414,0.11624477803707123,0.9441117644309998,0.7193438410758972
YDR495C,YBR052C,0,-3.6735337,0.11623049527406693,0.9441117644309998,0.7194439172744751
YHR185C,YMR145C,0,-3.675336,0.11621621251106262,0.9441117644309998,0.7195439338684082
YIL027C,YOR267C,0,-3.6775193,0.11620193719863892,0.9441117644309998,0.7196439504623413
YDR453C,YPL095C,0,-3.6784608,0.1161876693367958,0.9441117644309998,0.7197439670562744
YMR240C,YKL129C,0,-3.6825123,0.1161734014749527,0.9441117644309998,0.7198439836502075
YHL007C,YNL068C,1,-3.6834593,0.11628192663192749,0.9451097846031189,0.7198439836502075
YMR228W,YJR065C,0,-3.687936,0.11626765131950378,0.9451097846031189,0.7199440002441406
YMR210W,YDL154W,0,-3.6925077,0.11625337600708008,0.9451097846031189,0.7200440168380737
YIR039C,YGL053W,0,-3.6933148,0.11623910814523697,0.9451097846031189,0.7201440334320068
YDL060W,YPL173W,0,-3.6950436,0.11622484028339386,0.9451097846031189,0.7202440500259399
YLL001W,YNL146W,0,-3.6956596,0.11621057987213135,0.9451097846031189,0.720344066619873
YBR159W,YGR047C,0,-3.6959884,0.11619631946086884,0.9451097846031189,0.7204440832138062
YML049C,YNR008W,0,-3.697466,0.11618206650018692,0.9451097846031189,0.7205440998077393
YNL290W,YOL057W,0,-3.698553,0.116167813539505,0.9451097846031189,0.7206441164016724
YML016C,YOR261C,0,-3.7001464,0.11615356057882309,0.9451097846031189,0.7207441329956055
YMR146C,YOL078W,0,-3.708904,0.11613931506872177,0.9451097846031189,0.7208441495895386
YDR235W,YDR127W,0,-3.7130537,0.11612507700920105,0.9451097846031189,0.7209441661834717
YMR200W,YLR080W,0,-3.7133043,0.11611083894968033,0.9451097846031189,0.7210441827774048
YIL155C,YNL214W,0,-3.7151875,0.1160966008901596,0.9451097846031189,0.7211441993713379
YDR478W,YLR145W,0,-3.7153482,0.11608237028121948,0.9451097846031189,0.7212442755699158
YGR032W,YOR353C,0,-3.718995,0.11606814712285995,0.9451097846031189,0.7213442921638489
YPL018W,YAL056W,0,-3.723652,0.11605392396450043,0.9451097846031189,0.721444308757782
YGL027C,YDR169C,0,-3.7236857,0.1160397008061409,0.9451097846031189,0.7215443253517151
YDL033C,YBL082C,0,-3.7259212,0.11602548509836197,0.9451097846031189,0.7216443419456482
YBL076C,YGL148W,0,-3.7291014,0.11601126939058304,0.9451097846031189,0.7217443585395813
YIL109C,YDR472W,0,-3.7293985,0.1159970611333847,0.9451097846031189,0.7218443751335144
YNL280C,YNL212W,0,-3.730276,0.11598285287618637,0.9451097846031189,0.7219443917274475
YOL090W,YGR167W,0,-3.731072,0.11596865206956863,0.9451097846031189,0.7220444083213806
YCR093W,YEL020W-A,0,-3.7326984,0.1159544512629509,0.9451097846031189,0.7221444249153137
YPR118W,YLR105C,0,-3.7336018,0.11594025790691376,0.9451097846031189,0.7222444415092468
YNL328C,YLR016C,0,-3.7337313,0.11592606455087662,0.9451097846031189,0.7223444581031799
YGR010W,YGR005C,0,-3.734237,0.11591187119483948,0.9451097846031189,0.722444474697113
YBR128C,YML092C,0,-3.7347815,0.11589768528938293,0.9451097846031189,0.7225444912910461
YLR348C,YBL039C,0,-3.7355087,0.11588350683450699,0.9451097846031189,0.7226445078849792
YOR267C,YKL126W,0,-3.7363796,0.11586932837963104,0.9451097846031189,0.7227445244789124
YBR159W,YFL047W,0,-3.7406986,0.1158551499247551,0.9451097846031189,0.7228445410728455
YBL085W,YPL141C,0,-3.7427511,0.11584097892045975,0.9451097846031189,0.7229446172714233
YER028C,YDL112W,0,-3.7441022,0.1158268079161644,0.9451097846031189,0.7230446338653564
YNL246W,YDL093W,0,-3.745178,0.11581264436244965,0.9451097846031189,0.7231446504592896
YOR217W,YJL101C,0,-3.7456546,0.1157984808087349,0.9451097846031189,0.7232446670532227
YAL016W,YKL028W,0,-3.746747,0.11578432470560074,0.9451097846031189,0.7233446836471558
YER048W-A,YOR187W,0,-3.7468145,0.11577016860246658,0.9451097846031189,0.7234447002410889
YLR249W,YNL112W,0,-3.750258,0.11575601994991302,0.9451097846031189,0.723544716835022
YDL166C,YAR027W,0,-3.7510443,0.11574187129735947,0.9451097846031189,0.7236447334289551
YMR076C,YNL208W,0,-3.7513096,0.1157277300953865,0.9451097846031189,0.7237447500228882
YJL208C,YKL087C,0,-3.752118,0.11571358889341354,0.9451097846031189,0.7238447666168213
YFL017W-A,YGR229C,0,-3.752627,0.11569944769144058,0.9451097846031189,0.7239447832107544
YPL254W,YIL136W,0,-3.7577295,0.11568531394004822,0.9451097846031189,0.7240447998046875
YCR087C-A,YIL002C,0,-3.757864,0.11567118763923645,0.9451097846031189,0.7241448163986206
YHR154W,YOR308C,0,-3.759914,0.11565706133842468,0.9451097846031189,0.7242448329925537
YHR066W,YOR116C,0,-3.7622695,0.11564293503761292,0.9451097846031189,0.7243448495864868
YFL041W,YOR070C,0,-3.7630177,0.11562881618738174,0.9451097846031189,0.7244448661804199
YAR015W,YOR038C,0,-3.764235,0.11561469733715057,0.9451097846031189,0.724544882774353
YFL048C,YDL097C,0,-3.7647803,0.1156005859375,0.9451097846031189,0.7246448993682861
YDL051W,YIL115C,0,-3.7649746,0.11558647453784943,0.9451097846031189,0.724744975566864
YDR432W,YNL098C,1,-3.7655876,0.11569441109895706,0.946107804775238,0.724744975566864
YGL095C,YEL061C,0,-3.7667308,0.11568029224872589,0.946107804775238,0.7248449921607971
YKL141W,YGR030C,0,-3.7713597,0.11566618084907532,0.946107804775238,0.7249450087547302
YIL108W,YDR196C,0,-3.7755003,0.11565206944942474,0.946107804775238,0.7250450253486633
YFR016C,YDR481C,0,-3.7763262,0.11563795804977417,0.946107804775238,0.7251450419425964
YNL080C,YER052C,0,-3.7766945,0.1156238541007042,0.946107804775238,0.7252450585365295
YIR009W,YDR308C,0,-3.7812018,0.11560975760221481,0.946107804775238,0.7253450751304626
YDL056W,YLL050C,0,-3.78122,0.11559566110372543,0.946107804775238,0.7254450917243958
YGR161C,YOL147C,0,-3.7820587,0.11558156460523605,0.946107804775238,0.7255451083183289
YPL111W,YHR114W,0,-3.785583,0.11556747555732727,0.946107804775238,0.725645124912262
YHR168W,YLL009C,0,-3.7860699,0.11555338650941849,0.946107804775238,0.7257451415061951
YFR036W,YLR344W,0,-3.7913797,0.1155393049120903,0.946107804775238,0.7258451581001282
YLR014C,YMR295C,0,-3.7948027,0.11552522331476212,0.946107804775238,0.7259451746940613
YLR192C,YNL188W,0,-3.7953372,0.11551114916801453,0.946107804775238,0.7260451912879944
YNL189W,YMR005W,0,-3.7960324,0.11549707502126694,0.946107804775238,0.7261452078819275
YNL159C,YGR104C,0,-3.7982082,0.11548300832509995,0.946107804775238,0.7262452244758606
YML077W,YOR242C,0,-3.7990732,0.11546894162893295,0.946107804775238,0.7263452410697937
YDR363W-A,YKL048C,0,-3.7999701,0.11545487493276596,0.946107804775238,0.7264453172683716
YOR155C,YOL062C,0,-3.8016,0.11544081568717957,0.946107804775238,0.7265453338623047
YNL190W,YDR527W,0,-3.8019736,0.11542676389217377,0.946107804775238,0.7266453504562378
YGL087C,YNR067C,0,-3.802896,0.11541271209716797,0.946107804775238,0.7267453670501709
YPL206C,YGR061C,0,-3.8052306,0.11539866030216217,0.946107804775238,0.726845383644104
YHL040C,YHR041C,0,-3.8068502,0.11538461595773697,0.946107804775238,0.7269454002380371
YNR006W,YMR109W,0,-3.808029,0.11537057161331177,0.946107804775238,0.7270454168319702
YPR178W,YBR168W,0,-3.8091955,0.11535653471946716,0.946107804775238,0.7271454334259033
YOR131C,YML109W,0,-3.8095202,0.11534249782562256,0.946107804775238,0.7272454500198364
YDL081C,YCR058C,0,-3.8114743,0.11532846838235855,0.946107804775238,0.7273454666137695
YBR168W,YDR498C,0,-3.815108,0.11531443893909454,0.946107804775238,0.7274454832077026
YAL041W,YOR371C,1,-3.8160386,0.11542204022407532,0.9471057653427124,0.7274454832077026
YBR086C,YNL049C,0,-3.8185806,0.11540800333023071,0.9471057653427124,0.7275454998016357
YJL196C,YIL138C,0,-3.8191166,0.11539396643638611,0.9471057653427124,0.7276455163955688
YIR014W,YNR017W,0,-3.8212976,0.1153799369931221,0.9471057653427124,0.727745532989502
YGR001C,YGR129W,0,-3.821661,0.11536591500043869,0.9471057653427124,0.7278455495834351
YCR098C,YLR348C,0,-3.8226488,0.11535189300775528,0.9471057653427124,0.7279455661773682
YLR181C,YOR212W,0,-3.8243008,0.11533787101507187,0.9471057653427124,0.7280455827713013
YIL153W,YGR112W,0,-3.8255434,0.11532385647296906,0.9471057653427124,0.7281455993652344
YGL194C,YER068W,0,-3.8290944,0.11530984193086624,0.9471057653427124,0.7282456755638123
YHR002W,YPR133C,0,-3.829106,0.11529583483934402,0.9471057653427124,0.7283456921577454
YJR001W,YER095W,0,-3.8297887,0.11528182774782181,0.9471057653427124,0.7284457087516785
YGL144C,YNR047W,0,-3.8298113,0.11526782810688019,0.9471057653427124,0.7285457253456116
YDL077C,YOR081C,0,-3.8323803,0.11525382846593857,0.9471057653427124,0.7286457419395447
YOR287C,YMR159C,0,-3.8326662,0.11523982882499695,0.9471057653427124,0.7287457585334778
YGR167W,YBR282W,0,-3.8340995,0.11522583663463593,0.9471057653427124,0.7288457751274109
YBR038W,YIR019C,0,-3.834406,0.1152118518948555,0.9471057653427124,0.728945791721344
YKR096W,YKL171W,0,-3.834591,0.11519786715507507,0.9471057653427124,0.7290458083152771
YPR095C,YJR026W,0,-3.8359046,0.11518388241529465,0.9471057653427124,0.7291458249092102
YLR323C,YKL058W,0,-3.8395486,0.11516990512609482,0.9471057653427124,0.7292458415031433
YPL196W,YMR166C,0,-3.8405104,0.11515592783689499,0.9471057653427124,0.7293458580970764
YKL077W,YDR217C,0,-3.845703,0.11514195799827576,0.9471057653427124,0.7294458746910095
YLR441C,YDR468C,0,-3.8467665,0.11512798815965652,0.9471057653427124,0.7295458912849426
YPR108W,YMR319C,0,-3.847103,0.11511402577161789,0.9471057653427124,0.7296459078788757
YMR284W,YKL041W,0,-3.8495102,0.11510006338357925,0.9471057653427124,0.7297459244728088
YHR076W,YMR074C,0,-3.8508148,0.11508610099554062,0.9471057653427124,0.7298459410667419
YJR092W,YGL136C,0,-3.8514953,0.11507214605808258,0.9471057653427124,0.7299460172653198
YPR073C,YOR351C,0,-3.8535767,0.11505819857120514,0.9471057653427124,0.7300460338592529
YGR220C,YEL054C,0,-3.8558013,0.1150442510843277,0.9471057653427124,0.730146050453186
YAL059W,YDR229W,0,-3.8572955,0.11503030359745026,0.9471057653427124,0.7302460670471191
YDR164C,YCR014C,0,-3.8578868,0.11501636356115341,0.9471057653427124,0.7303460836410522
YAR002C-A,YOL147C,0,-3.8588343,0.11500242352485657,0.9471057653427124,0.7304461002349854
YEL061C,YGR205W,0,-3.8589144,0.11498849093914032,0.9471057653427124,0.7305461168289185
YHR002W,YHR047C,0,-3.8598802,0.11497455835342407,0.9471057653427124,0.7306461334228516
YGR017W,YLR386W,0,-3.8618753,0.11496063321828842,0.9471057653427124,0.7307461500167847
YPL254W,YJR055W,0,-3.8646476,0.11494670808315277,0.9471057653427124,0.7308461666107178
YHR105W,YKL052C,0,-3.8682044,0.11493278294801712,0.9471057653427124,0.7309461832046509
YLR015W,YML088W,0,-3.8688822,0.11491886526346207,0.9471057653427124,0.731046199798584
YNL119W,YIL131C,1,-3.8691225,0.11502603441476822,0.9481037855148315,0.731046199798584
YNL190W,YCR009C,0,-3.8705587,0.11501210927963257,0.9481037855148315,0.7311462163925171
YGL083W,YFR045W,0,-3.8714113,0.11499818414449692,0.9481037855148315,0.7312462329864502
YDR364C,YIL061C,0,-3.8715203,0.11498426645994186,0.9481037855148315,0.7313462495803833
YOR389W,YJR005W,0,-3.8721159,0.11497034877538681,0.9481037855148315,0.7314462661743164
YER164W,YJL024C,0,-3.872237,0.11495643854141235,0.9481037855148315,0.7315462827682495
YJR004C,YPL087W,0,-3.8749428,0.1149425283074379,0.9481037855148315,0.7316463589668274
YDL209C,YGR200C,0,-3.8778155,0.11492862552404404,0.9481037855148315,0.7317463755607605
YDR468C,YMR194W,0,-3.8784354,0.11491472274065018,0.9481037855148315,0.7318463921546936
YGR099W,YMR061W,0,-3.8875608,0.11490081995725632,0.9481037855148315,0.7319464087486267
YJL125C,YGR145W,0,-3.8910723,0.11488692462444305,0.9481037855148315,0.7320464253425598
YPL174C,YJL083W,0,-3.8973403,0.11487303674221039,0.9481037855148315,0.7321464419364929
YAL058W,YNR035C,0,-3.9012883,0.11485914885997772,0.9481037855148315,0.732246458530426
YOR074C,YGR170W,0,-3.902801,0.11484526097774506,0.9481037855148315,0.7323464751243591
YIL069C,YLR172C,0,-3.9063597,0.11483138054609299,0.9481037855148315,0.7324464917182922
YPR110C,YMR051C,0,-3.9067745,0.11481750011444092,0.9481037855148315,0.7325465083122253
YGR222W,YKL058W,0,-3.9079728,0.11480362713336945,0.9481037855148315,0.7326465249061584
YOR078W,YGR122W,0,-3.9085374,0.11478975415229797,0.9481037855148315,0.7327465415000916
YDR108W,YGR027C,0,-3.9098666,0.1147758886218071,0.9481037855148315,0.7328465580940247
YBR086C,YAL040C,0,-3.910397,0.11476202309131622,0.9481037855148315,0.7329465746879578
YDL112W,YLR028C,0,-3.9130113,0.11474815756082535,0.9481037855148315,0.7330465912818909
YKL042W,YLR047C,0,-3.915834,0.11473429948091507,0.9481037855148315,0.733146607875824
YNL180C,YOR219C,0,-3.915935,0.11472044140100479,0.9481037855148315,0.7332466244697571
YIL014W,YGR251W,0,-3.9186387,0.11470659077167511,0.9481037855148315,0.7333466410636902
YOR194C,YNL231C,0,-3.9191499,0.11469274759292603,0.9481037855148315,0.7334467172622681
YOR297C,YJR054W,0,-3.9195848,0.11467889696359634,0.9481037855148315,0.7335467338562012
YDR523C,YBL075C,0,-3.9205022,0.11466505378484726,0.9481037855148315,0.7336467504501343
YDR411C,YOR306C,0,-3.92106,0.11465121805667877,0.9481037855148315,0.7337467670440674
YIL006W,YOR043W,0,-3.9228966,0.11463738232851028,0.9481037855148315,0.7338467836380005
YDR318W,YPL150W,0,-3.9262266,0.1146235540509224,0.9481037855148315,0.7339468002319336
YOR063W,YPL161C,0,-3.929415,0.1146097257733345,0.9481037855148315,0.7340468168258667
YBL060W,YNL261W,0,-3.9296725,0.11459589749574661,0.9481037855148315,0.7341468334197998
YDR406W,YDR328C,0,-3.933636,0.11458207666873932,0.9481037855148315,0.7342468500137329
YCL057W,YDR378C,0,-3.935571,0.11456825584173203,0.9481037855148315,0.734346866607666
YEL065W,YAL024C,0,-3.9384496,0.11455444246530533,0.9481037855148315,0.7344468832015991
YGR040W,YIL137C,0,-3.9391518,0.11454062908887863,0.9481037855148315,0.7345468997955322
YJR084W,YPL056C,0,-3.9397674,0.11452682316303253,0.9481037855148315,0.7346469163894653
YHR204W,YNL317W,0,-3.940824,0.11451301723718643,0.9481037855148315,0.7347469329833984
YDR369C,YBR026C,0,-3.9429326,0.11449921876192093,0.9481037855148315,0.7348469495773315
YDL030W,YEL038W,0,-3.9530191,0.11448542028665543,0.9481037855148315,0.7349469661712646
YOR251C,YFL001W,0,-3.9555225,0.11447162181138992,0.9481037855148315,0.7350469827651978
YCR052W,YER175C,0,-3.956794,0.11445783078670502,0.9481037855148315,0.7351470589637756
YMR297W,YMR321C,0,-3.960426,0.11444403976202011,0.9481037855148315,0.7352470755577087
YPR113W,YBR212W,0,-3.9611044,0.1144302561879158,0.9481037855148315,0.7353470921516418
YGL112C,YJR040W,0,-3.9623177,0.11441647261381149,0.9481037855148315,0.735447108745575
YBR182C,YDL149W,0,-3.9625754,0.11440269649028778,0.9481037855148315,0.7355471253395081
YOL140W,YDR078C,0,-3.9704068,0.11438892036676407,0.9481037855148315,0.7356471419334412
YHR140W,YMR056C,0,-3.9745624,0.11437515169382095,0.9481037855148315,0.7357471585273743
YKL206C,YIL033C,0,-3.977333,0.11436138302087784,0.9481037855148315,0.7358471751213074
YOR129C,YIL039W,0,-3.9828842,0.11434761434793472,0.9481037855148315,0.7359471917152405
YHL008C,YBR115C,0,-3.9868205,0.1143338531255722,0.9481037855148315,0.7360472083091736
YGR004W,YMR022W,0,-3.9900985,0.11432009935379028,0.9481037855148315,0.7361472249031067
YER143W,YDL123W,0,-3.9902146,0.11430633813142776,0.9481037855148315,0.7362472414970398
YOR228C,YBR045C,0,-3.9972363,0.11429259181022644,0.9481037855148315,0.7363472580909729
YPL248C,YDL067C,0,-3.997654,0.11427883803844452,0.9481037855148315,0.736447274684906
YKL138C,YMR037C,0,-4.0036087,0.1142650917172432,0.9481037855148315,0.7365472912788391
YDR276C,YNL160W,0,-4.0052414,0.11425135284662247,0.9481037855148315,0.7366473078727722
YOL152W,YDR464W,0,-4.005645,0.11423761397600174,0.9481037855148315,0.7367473244667053
YDR364C,YOR353C,0,-4.0059447,0.11422387510538101,0.9481037855148315,0.7368473410606384
YLR118C,YCL035C,0,-4.0089965,0.11421014368534088,0.9481037855148315,0.7369474172592163
YBR245C,YLL016W,0,-4.0095105,0.11419641971588135,0.9481037855148315,0.7370474338531494
YBR083W,YDR107C,1,-4.0115027,0.11430288106203079,0.9491018056869507,0.7370474338531494
YLR442C,YMR233W,0,-4.013361,0.11428914964199066,0.9491018056869507,0.7371474504470825
YPL011C,YKL189W,0,-4.0149946,0.11427541822195053,0.9491018056869507,0.7372474670410156
YDR312W,YDR407C,0,-4.015215,0.1142616868019104,0.9491018056869507,0.7373474836349487
YDR497C,YFL057C,0,-4.0156274,0.11424795538187027,0.9491018056869507,0.7374475002288818
YIL049W,YCR038C,1,-4.0157766,0.11435435712337494,0.9500998258590698,0.7374475002288818
YKR085C,YDR092W,0,-4.016946,0.11434061825275421,0.9500998258590698,0.7375475168228149
YGL106W,YJL121C,0,-4.0173864,0.11432688683271408,0.9500998258590698,0.737647533416748
YLR127C,YOR381W,0,-4.0183907,0.11431316286325455,0.9500998258590698,0.7377475500106812
YBR274W,YMR175W,0,-4.020092,0.11429943889379501,0.9500998258590698,0.7378475666046143
YBR061C,YBR279W,0,-4.0202274,0.11428571492433548,0.9500998258590698,0.7379475831985474
YKL210W,YKR064W,0,-4.0211596,0.11427199840545654,0.9500998258590698,0.7380475997924805
YLR219W,YDR248C,0,-4.021544,0.1142582818865776,0.9500998258590698,0.7381476163864136
YFR052W,YOR369C,0,-4.022668,0.11424457281827927,0.9500998258590698,0.7382476329803467
YBR159W,YHR108W,0,-4.0268793,0.11423086374998093,0.9500998258590698,0.7383476495742798
YDR435C,YER153C,0,-4.0289536,0.11421715468168259,0.9500998258590698,0.7384476661682129
YBR095C,YLL008W,0,-4.0307446,0.11420345306396484,0.9500998258590698,0.738547682762146
YJR089W,YGR057C,0,-4.030942,0.1141897588968277,0.9500998258590698,0.7386477589607239
YPL027W,YHR008C,0,-4.0362644,0.11417606472969055,0.9500998258590698,0.738747775554657
YHR082C,YLR105C,0,-4.036973,0.1141623705625534,0.9500998258590698,0.7388477921485901
YLR286C,YMR050C,0,-4.047694,0.11414868384599686,0.9500998258590698,0.7389478087425232
YGR185C,YKL007W,0,-4.048337,0.11413499712944031,0.9500998258590698,0.7390478253364563
YAL015C,YML096W,0,-4.0486164,0.11412131041288376,0.9500998258590698,0.7391478419303894
YBR192W,YBR261C,0,-4.0510902,0.1141076385974884,0.9500998258590698,0.7392478585243225
YGR029W,YLR129W,0,-4.053375,0.11409395933151245,0.9500998258590698,0.7393478751182556
YPL204W,YLR145W,0,-4.053725,0.1140802875161171,0.9500998258590698,0.7394478917121887
YHR214W,YCR036W,0,-4.05442,0.11406661570072174,0.9500998258590698,0.7395479083061218
YIL056W,YDR517W,0,-4.0564857,0.11405295133590698,0.9500998258590698,0.7396479249000549
YOL020W,YGR204W,0,-4.0578136,0.11403929442167282,0.9500998258590698,0.739747941493988
YDR227W,YMR019W,0,-4.0669203,0.11402563005685806,0.9500998258590698,0.7398479580879211
YCR039C,YEL029C,0,-4.0698786,0.1140119731426239,0.9500998258590698,0.7399479746818542
YLR172C,YMR117C,0,-4.077663,0.11399832367897034,0.9500998258590698,0.7400479912757874
YBR192W,YBR125C,0,-4.07927,0.11398467421531677,0.9500998258590698,0.7401480078697205
YOR269W,YIL068C,0,-4.0839167,0.11397102475166321,0.9500998258590698,0.7402480244636536
YBR042C,YPR191W,0,-4.0885763,0.11395738273859024,0.9500998258590698,0.7403480410575867
YKR038C,YBR195C,0,-4.0906296,0.11394374817609787,0.9500998258590698,0.7404481172561646
YML013W,YCR002C,0,-4.0918627,0.1139301136136055,0.9500998258590698,0.7405481338500977
YLR078C,YOL071W,0,-4.095269,0.11391647905111313,0.9500998258590698,0.7406481504440308
YCL047C,YFL001W,0,-4.0978723,0.11390284448862076,0.9500998258590698,0.7407481670379639
YJR076C,YPL007C,0,-4.098272,0.11388922482728958,0.9500998258590698,0.740848183631897
YHR036W,YNL110C,0,-4.099122,0.11387559771537781,0.9500998258590698,0.7409482002258301
YOR391C,YOL004W,0,-4.101759,0.11386197805404663,0.9500998258590698,0.7410482168197632
YJR143C,YDR234W,0,-4.105198,0.11384835839271545,0.9500998258590698,0.7411482334136963
YGL040C,YDR300C,0,-4.106517,0.11383474618196487,0.9500998258590698,0.7412482500076294
YDL043C,YMR312W,0,-4.108121,0.11382114142179489,0.9500998258590698,0.7413482666015625
YER093C,YDR517W,0,-4.1088653,0.11380752921104431,0.9500998258590698,0.7414482831954956
YDL159W,YDR043C,1,-4.1093636,0.11391346156597137,0.9510977864265442,0.7414482831954956
YBL061C,YJL130C,0,-4.109962,0.1138998419046402,0.9510977864265442,0.7415482997894287
YDR364C,YHR006W,0,-4.1111355,0.11388622969388962,0.9510977864265442,0.7416483163833618
YOR150W,YNL020C,0,-4.113164,0.11387262493371964,0.9510977864265442,0.7417483329772949
YNR037C,YKL117W,0,-4.116309,0.11385902017354965,0.9510977864265442,0.741848349571228
YJR055W,YNL024C,0,-4.1168947,0.11384541541337967,0.9510977864265442,0.7419483661651611
YLR061W,YPL210C,0,-4.11951,0.11383181810379028,0.9510977864265442,0.7420483827590942
YER113C,YLR348C,0,-4.119638,0.1138182282447815,0.9510977864265442,0.7421484589576721
YGL103W,YDR079W,0,-4.1227913,0.11380463093519211,0.9510977864265442,0.7422484755516052
YIR015W,YCR014C,0,-4.1230545,0.11379104107618332,0.9510977864265442,0.7423484921455383
YPL151C,YJR134C,0,-4.1237574,0.11377745866775513,0.9510977864265442,0.7424485087394714
YKR085C,YDR383C,0,-4.12549,0.11376387625932693,0.9510977864265442,0.7425485253334045
YGL168W,YOL093W,0,-4.1278777,0.11375030130147934,0.9510977864265442,0.7426485419273376
YLL061W,YJL179W,0,-4.128196,0.11373672634363174,0.9510977864265442,0.7427485585212708
YGR170W,YOR236W,0,-4.128662,0.11372315138578415,0.9510977864265442,0.7428485751152039
YBR028C,YJR035W,0,-4.129693,0.11370958387851715,0.9510977864265442,0.742948591709137
YDR083W,YLR395C,0,-4.134248,0.11369601637125015,0.9510977864265442,0.7430486083030701
YER162C,YNL188W,0,-4.1357493,0.11368244886398315,0.9510977864265442,0.7431486248970032
YLR115W,YLR382C,0,-4.136185,0.11366889625787735,0.9510977864265442,0.7432486414909363
YHL038C,YCR092C,0,-4.1413,0.11365533620119095,0.9510977864265442,0.7433486580848694
YKR009C,YBR261C,0,-4.143817,0.11364178359508514,0.9510977864265442,0.7434486746788025
YMR089C,YKR026C,0,-4.1465907,0.11362823098897934,0.9510977864265442,0.7435486912727356
YML125C,YGL105W,0,-4.1482663,0.11361468583345413,0.9510977864265442,0.7436487078666687
YJL112W,YBR166C,0,-4.1500735,0.11360114067792892,0.9510977864265442,0.7437487244606018
YPR143W,YNL078W,0,-4.1508923,0.11358760297298431,0.9510977864265442,0.7438487410545349
YGL194C,YLR196W,0,-4.1518354,0.1135740652680397,0.9510977864265442,0.7439488172531128
YFR013W,YIL126W,0,-4.1539993,0.11356053501367569,0.9510977864265442,0.7440488338470459
YOR150W,YOR158W,0,-4.1546974,0.11354700475931168,0.9510977864265442,0.744148850440979
YDR195W,YJR028W,0,-4.155602,0.11353347450494766,0.9510977864265442,0.7442488670349121
YLR276C,YLR251W,0,-4.159027,0.11351995170116425,0.9510977864265442,0.7443488836288452
YDR090C,YGL025C,0,-4.159472,0.11350642889738083,0.9510977864265442,0.7444489002227783
YER142C,YNL051W,0,-4.160331,0.11349291354417801,0.9510977864265442,0.7445489168167114
YDL171C,YHR060W,0,-4.162528,0.11347939819097519,0.9510977864265442,0.7446489334106445
YLR364W,YGL136C,0,-4.164974,0.11346589028835297,0.9510977864265442,0.7447489500045776
YLR025W,YGR056W,0,-4.1651564,0.11345238238573074,0.9510977864265442,0.7448489665985107
YBL056W,YJR126C,0,-4.1689262,0.11343887448310852,0.9510977864265442,0.7449489831924438
YLR142W,YIR023W,0,-4.1693892,0.1134253740310669,0.9510977864265442,0.745048999786377
YNL189W,YHL015W,0,-4.170558,0.11341187357902527,0.9510977864265442,0.7451490163803101
YHL008C,YMR086W,0,-4.170623,0.11339838057756424,0.9510977864265442,0.7452490329742432
YLL004W,YGR252W,0,-4.1721735,0.11338488757610321,0.9510977864265442,0.7453490495681763
YMR149W,YMR275C,0,-4.1722116,0.11337140202522278,0.9510977864265442,0.7454490661621094
YDL184C,YBR081C,0,-4.172377,0.11335791647434235,0.9510977864265442,0.7455490827560425
YOL052C-A,YPL098C,0,-4.1757374,0.11334443092346191,0.9510977864265442,0.7456491589546204
YGL203C,YIL148W,0,-4.1776056,0.11333095282316208,0.9510977864265442,0.7457491755485535
YDR376W,YHR056C,0,-4.1807075,0.11331748217344284,0.9510977864265442,0.7458491921424866
YDL060W,YNL283C,0,-4.1807218,0.113304004073143,0.9510977864265442,0.7459492087364197
YOR026W,YPR026W,0,-4.1818876,0.11329054087400436,0.9510977864265442,0.7460492253303528
YPR141C,YJL101C,0,-4.187034,0.11327707022428513,0.9510977864265442,0.7461492419242859
YMR188C,YGR224W,0,-4.188283,0.11326360702514648,0.9510977864265442,0.746249258518219
YFL066C,YNL123W,0,-4.1914034,0.11325015127658844,0.9510977864265442,0.7463492751121521
YGR296W,YLR395C,0,-4.194163,0.1132366955280304,0.9510977864265442,0.7464492917060852
YKL051W,YNL178W,0,-4.198154,0.11322323977947235,0.9510977864265442,0.7465493083000183
YOR030W,YNL098C,1,-4.1987104,0.11332858353853226,0.9520958065986633,0.7465493083000183
YHR119W,YMR002W,0,-4.1988425,0.11331512033939362,0.9520958065986633,0.7466493248939514
YHR073W,YER118C,1,-4.2002497,0.11342042684555054,0.9530938267707825,0.7466493248939514
YLR073C,YMR041C,0,-4.202221,0.1134069561958313,0.9530938267707825,0.7467493414878845
YDL159W,YMR016C,1,-4.202962,0.11351223289966583,0.9540917873382568,0.7467493414878845
YOR299W,YNL076W,0,-4.2046824,0.113498754799366,0.9540917873382568,0.7468493580818176
YHR080C,YGR252W,0,-4.206206,0.11348527669906616,0.9540917873382568,0.7469493746757507
YML099C,YPL225W,0,-4.20971,0.11347181349992752,0.9540917873382568,0.7470493912696838
YBR278W,YJR160C,0,-4.2141595,0.11345834285020828,0.9540917873382568,0.7471494078636169
YJR147W,YGR263C,0,-4.2161036,0.11344487965106964,0.9540917873382568,0.74724942445755
YJR032W,YPL085W,0,-4.2247353,0.113431416451931,0.9540917873382568,0.7473494410514832
YLR015W,YLL014W,0,-4.2273316,0.11341796070337296,0.9540917873382568,0.747449517250061
YHR116W,YDR262W,0,-4.227819,0.11340450495481491,0.9540917873382568,0.7475495338439941
YKR034W,YMR201C,0,-4.2303567,0.11339105665683746,0.9540917873382568,0.7476495504379272
YMR232W,YDR081C,0,-4.2306404,0.11337760835886002,0.9540917873382568,0.7477495670318604
YBR038W,YLR196W,0,-4.232381,0.11336416751146317,0.9540917873382568,0.7478495836257935
YMR319C,YOR332W,0,-4.235198,0.11335072666406631,0.9540917873382568,0.7479496002197266
YNL268W,YMR046C,0,-4.2355943,0.11333728581666946,0.9540917873382568,0.7480496168136597
YKL002W,YML015C,0,-4.2390227,0.11332385241985321,0.9540917873382568,0.7481496334075928
YNL227C,YOR239W,0,-4.241706,0.11331041902303696,0.9540917873382568,0.7482496500015259
YBL103C,YJR109C,0,-4.244607,0.1132969930768013,0.9540917873382568,0.748349666595459
YEL002C,YBR089C-A,0,-4.248397,0.11328356713056564,0.9540917873382568,0.7484496831893921
YOR127W,YBR083W,1,-4.2484126,0.11338862776756287,0.955089807510376,0.7484496831893921
YNL294C,YDL202W,0,-4.248425,0.11337519437074661,0.955089807510376,0.7485496997833252
YBR264C,YDR127W,0,-4.250045,0.11336176097393036,0.955089807510376,0.7486497163772583
YJL181W,YGR027C,0,-4.2535753,0.1133483350276947,0.955089807510376,0.7487497329711914
YER184C,YLR206W,0,-4.2546854,0.11333490908145905,0.955089807510376,0.7488497495651245
YER041W,YPR152C,0,-4.2562513,0.11332149058580399,0.955089807510376,0.7489497661590576
YCL051W,YHR186C,0,-4.2602453,0.11330807209014893,0.955089807510376,0.7490497827529907
YER060W-A,YDL202W,0,-4.2622337,0.11329466104507446,0.955089807510376,0.7491498589515686
YJR110W,YOR242C,0,-4.2623434,0.11328125,0.955089807510376,0.7492498755455017
YLR220W,YNL031C,0,-4.2629623,0.11326783895492554,0.955089807510376,0.7493498921394348
YDR110W,YBR248C,0,-4.2636433,0.11325443536043167,0.955089807510376,0.7494499087333679
YPR187W,YNL246W,0,-4.2648115,0.1132410392165184,0.955089807510376,0.749549925327301
YGR056W,YFL025C,0,-4.26989,0.11322763562202454,0.955089807510376,0.7496499419212341
YDR233C,YMR314W,0,-4.270253,0.11321424692869186,0.955089807510376,0.7497499585151672
YPL143W,YJL148W,0,-4.272617,0.1132008507847786,0.955089807510376,0.7498499751091003
YGL206C,YNL287W,0,-4.2730465,0.11318746209144592,0.955089807510376,0.7499499917030334
YJL005W,YER062C,0,-4.273614,0.11317408084869385,0.955089807510376,0.7500500082969666
YIL098C,YMR227C,0,-4.2744665,0.11316069215536118,0.955089807510376,0.7501500248908997
YOL138C,YDR390C,0,-4.27462,0.1131473183631897,0.955089807510376,0.7502500414848328
YJR009C,YDR148C,0,-4.2761836,0.11313393712043762,0.955089807510376,0.7503500580787659
YDR508C,YHR114W,0,-4.277813,0.11312057077884674,0.955089807510376,0.750450074672699
YLR005W,YNL085W,0,-4.278327,0.11310719698667526,0.955089807510376,0.7505500912666321
YKR062W,YOL096C,0,-4.2792344,0.11309383064508438,0.955089807510376,0.7506501078605652
YLR113W,YLL012W,0,-4.280136,0.1130804643034935,0.955089807510376,0.7507501244544983
YPR017C,YBL026W,0,-4.2815843,0.11306710541248322,0.955089807510376,0.7508501410484314
YER164W,YDR500C,0,-4.2844086,0.11305375397205353,0.955089807510376,0.7509502172470093
YDR470C,YNL056W,0,-4.2844315,0.11304039508104324,0.955089807510376,0.7510502338409424
YML115C,YHR105W,0,-4.2877,0.11302704364061356,0.955089807510376,0.7511502504348755
YPR041W,YLR163C,0,-4.287968,0.11301369965076447,0.955089807510376,0.7512502670288086
YGR220C,YGL092W,0,-4.2893887,0.11300035566091537,0.955089807510376,0.7513502836227417
YIL160C,YPR030W,0,-4.29324,0.11298701167106628,0.955089807510376,0.7514503002166748
YKL205W,YMR228W,0,-4.2943926,0.11297367513179779,0.955089807510376,0.7515503168106079
YMR183C,YNL132W,0,-4.296253,0.1129603385925293,0.955089807510376,0.751650333404541
YOR264W,YPL113C,0,-4.298451,0.1129470095038414,0.955089807510376,0.7517503499984741
YJR078W,YOR142W,0,-4.2999115,0.1129336804151535,0.955089807510376,0.7518503665924072
YJL156C,YEL036C,0,-4.3044076,0.1129203513264656,0.955089807510376,0.7519503831863403
YMR213W,YDR347W,0,-4.3073864,0.1129070296883583,0.955089807510376,0.7520503997802734
YBL013W,YCL054W,0,-4.307538,0.1128937155008316,0.955089807510376,0.7521504163742065
YDR115W,YPL183W-A,0,-4.3100877,0.1128803938627243,0.955089807510376,0.7522504329681396
YER087C-B,YGR007W,0,-4.3110065,0.1128670796751976,0.955089807510376,0.7523504495620728
YDR120C,YIL076W,0,-4.3135834,0.1128537729382515,0.955089807510376,0.7524504661560059
YDR422C,YPR149W,0,-4.316292,0.11284046620130539,0.955089807510376,0.752550482749939
YLR229C,YLR353W,1,-4.3171024,0.112945057451725,0.9560878276824951,0.752550482749939
YBR086C,YCR096C,0,-4.3172617,0.1129317432641983,0.9560878276824951,0.7526505589485168
YDR028C,YBR087W,0,-4.317391,0.1129184365272522,0.9560878276824951,0.75275057554245
YER032W,YMR275C,0,-4.31772,0.11290512979030609,0.9560878276824951,0.7528505921363831
YPL028W,YLL040C,0,-4.3233547,0.11289182305335999,0.9560878276824951,0.7529506087303162
YOR266W,YMR188C,0,-4.3233767,0.11287852376699448,0.9560878276824951,0.7530506253242493
YJR026W,YIL043C,0,-4.324047,0.11286522448062897,0.9560878276824951,0.7531506419181824
YDL046W,YLR395C,0,-4.3257723,0.11285192519426346,0.9560878276824951,0.7532506585121155
YDR444W,YCR026C,0,-4.3259134,0.11283863335847855,0.9560878276824951,0.7533506751060486
YKL001C,YGL014W,0,-4.3294554,0.11282534152269363,0.9560878276824951,0.7534506916999817
YLR120C,YPR024W,0,-4.3301287,0.11281205713748932,0.9560878276824951,0.7535507082939148
YIL154C,YGL167C,0,-4.338666,0.112798772752285,0.9560878276824951,0.7536507248878479
YIL049W,YER020W,1,-4.3396244,0.11290322244167328,0.9570858478546143,0.7536507248878479
YPR161C,YKL144C,0,-4.340933,0.11288993805646896,0.9570858478546143,0.753750741481781
YBR271W,YLR147C,0,-4.341028,0.11287664622068405,0.9570858478546143,0.7538507580757141
YKL130C,YER048W-A,0,-4.341642,0.11286336183547974,0.9570858478546143,0.7539507746696472
YNR018W,YPR037C,0,-4.342983,0.11285008490085602,0.9570858478546143,0.7540507912635803
YCR037C,YBL057C,0,-4.343403,0.1128368079662323,0.9570858478546143,0.7541508078575134
YOR172W,YBL056W,0,-4.3441725,0.11282353103160858,0.9570858478546143,0.7542508244514465
YHL008C,YER099C,0,-4.345672,0.11281025409698486,0.9570858478546143,0.7543508410453796
YMR114C,YBR231C,0,-4.3473263,0.11279699206352234,0.9570858478546143,0.7544509172439575
YJR063W,YJL058C,0,-4.3489,0.11278372257947922,0.9570858478546143,0.7545509338378906
YDR421W,YLR278C,0,-4.353489,0.1127704605460167,0.9570858478546143,0.7546509504318237
YNL191W,YBR267W,0,-4.3552246,0.11275719851255417,0.9570858478546143,0.7547509670257568
YJL141C,YDR252W,0,-4.35705,0.11274394392967224,0.9570858478546143,0.7548509836196899
YDL081C,YDR013W,0,-4.357686,0.11273068934679031,0.9570858478546143,0.754951000213623
YDR383C,YOL124C,0,-4.3578615,0.11271744221448898,0.9570858478546143,0.7550510168075562
YBR272C,YGR204W,0,-4.360819,0.11270419508218765,0.9570858478546143,0.7551510334014893
YBR083W,YHR073W,1,-4.3622365,0.112808458507061,0.9580838084220886,0.7551510334014893
YJR140C,YDR195W,0,-4.3692856,0.11279520392417908,0.9580838084220886,0.7552510499954224
YNL010W,YJR052W,0,-4.373943,0.11278195679187775,0.9580838084220886,0.7553510665893555
YNL102W,YDL107W,0,-4.3741856,0.11276870965957642,0.9580838084220886,0.7554510831832886
YHR092C,YPL177C,0,-4.375905,0.11275546252727509,0.9580838084220886,0.7555510997772217
YBL005W-B,YNL176C,0,-4.37859,0.11274222284555435,0.9580838084220886,0.7556511163711548
YOR207C,YNL056W,0,-4.3786135,0.11272898316383362,0.9580838084220886,0.7557511329650879
YNL115C,YGR241C,0,-4.3797827,0.11271574348211288,0.9580838084220886,0.755851149559021
YBR164C,YBR122C,0,-4.381035,0.11270251125097275,0.9580838084220886,0.7559511661529541
YDR118W,YOL165C,0,-4.382609,0.11268928647041321,0.9580838084220886,0.7560511827468872
YJL019W,YBL028C,0,-4.3844204,0.11267605423927307,0.9580838084220886,0.7561512589454651
YDL036C,YCL039W,0,-4.384838,0.11266282945871353,0.9580838084220886,0.7562512755393982
YOL126C,YBR289W,0,-4.3856883,0.11264961212873459,0.9580838084220886,0.7563512921333313
YLL040C,YGL151W,0,-4.3861384,0.11263639479875565,0.9580838084220886,0.7564513087272644
YPL004C,YCR077C,0,-4.3930545,0.1126231849193573,0.9580838084220886,0.7565513253211975
YDR440W,YPL083C,0,-4.3946896,0.11260996758937836,0.9580838084220886,0.7566513419151306
YNL267W,YPL100W,0,-4.397294,0.11259676516056061,0.9580838084220886,0.7567513585090637
YDR222W,YNR008W,0,-4.3996496,0.11258355528116226,0.9580838084220886,0.7568513751029968
YNR006W,YPL204W,0,-4.4018497,0.11257035285234451,0.9580838084220886,0.7569513916969299
YLR413W,YLL006W,0,-4.4020987,0.11255715787410736,0.9580838084220886,0.757051408290863
YDL170W,YJL062W,0,-4.4030933,0.11254396289587021,0.9580838084220886,0.7571514248847961
YHR175W,YLR067C,0,-4.403697,0.11253076791763306,0.9580838084220886,0.7572514414787292
YNL317W,YOR038C,0,-4.408101,0.1125175803899765,0.9580838084220886,0.7573514580726624
YMR210W,YMR090W,0,-4.410198,0.11250439286231995,0.9580838084220886,0.7574514746665955
YPR175W,YJR143C,0,-4.4117265,0.11249121278524399,0.9580838084220886,0.7575514912605286
YDR477W,YDR432W,1,-4.412738,0.11259519308805466,0.9590818285942078,0.7575514912605286
YML037C,YPR114W,0,-4.413092,0.1125820055603981,0.9590818285942078,0.7576515078544617
YER100W,YHR096C,0,-4.416868,0.11256881803274155,0.9590818285942078,0.7577515244483948
YMR001C,YDR532C,0,-4.41731,0.11255563050508499,0.9590818285942078,0.7578515410423279
YDL198C,YCR035C,0,-4.4174523,0.11254245042800903,0.9590818285942078,0.7579516172409058
YLR362W,YER118C,1,-4.422001,0.11264637112617493,0.9600798487663269,0.7579516172409058
YLR141W,YPL100W,0,-4.4220304,0.11263318359851837,0.9600798487663269,0.7580516338348389
YDR026C,YBR268W,0,-4.423661,0.11261999607086182,0.9600798487663269,0.758151650428772
YLR121C,YDL140C,0,-4.4262266,0.11260681599378586,0.9600798487663269,0.7582516670227051
YNL115C,YJL112W,0,-4.426361,0.1125936359167099,0.9600798487663269,0.7583516836166382
YDR483W,YER139C,0,-4.4291115,0.11258045583963394,0.9600798487663269,0.7584517002105713
YMR208W,YGR044C,0,-4.4323196,0.11256728321313858,0.9600798487663269,0.7585517168045044
YLR304C,YIL132C,0,-4.4333086,0.11255411058664322,0.9600798487663269,0.7586517333984375
YHR089C,YLR183C,0,-4.437811,0.11254094541072845,0.9600798487663269,0.7587517499923706
YDL076C,YLL053C,0,-4.439248,0.11252778023481369,0.9600798487663269,0.7588517665863037
YOR175C,YDR257C,0,-4.441429,0.11251462250947952,0.9600798487663269,0.7589517831802368
YAL021C,YIR005W,0,-4.4430504,0.11250146478414536,0.9600798487663269,0.7590517997741699
YGR010W,YNL010W,0,-4.4464874,0.11248830705881119,0.9600798487663269,0.759151816368103
YHR138C,YHR197W,0,-4.4504795,0.11247515678405762,0.9600798487663269,0.7592518329620361
YDR411C,YGR075C,0,-4.4539785,0.11246200650930405,0.9600798487663269,0.7593518495559692
YIL098C,YMR182C,0,-4.4565816,0.11244886368513107,0.9600798487663269,0.7594518661499023
YIR031C,YDR118W,0,-4.4568806,0.1124357208609581,0.9600798487663269,0.7595518827438354
YNL178W,YLR075W,0,-4.457111,0.11242257803678513,0.9600798487663269,0.7596519589424133
YIL004C,YJR034W,0,-4.457195,0.11240944266319275,0.9600798487663269,0.7597519755363464
YMR160W,YGL136C,0,-4.4611955,0.11239630728960037,0.9600798487663269,0.7598519921302795
YBL037W,YJR104C,0,-4.463092,0.11238317936658859,0.9600798487663269,0.7599520087242126
YKL078W,YER089C,0,-4.464013,0.11237005144357681,0.9600798487663269,0.7600520253181458
YDL171C,YFL061W,0,-4.466817,0.11235692352056503,0.9600798487663269,0.7601520419120789
YOL067C,YMR015C,0,-4.469082,0.11234380304813385,0.9600798487663269,0.760252058506012
YLR193C,YLR215C,0,-4.4715824,0.11233069002628326,0.9600798487663269,0.7603520750999451
YDR213W,YDL202W,0,-4.4724455,0.11231756955385208,0.9600798487663269,0.7604520916938782
YPR036W,YOL065C,0,-4.4745946,0.1123044565320015,0.9600798487663269,0.7605521082878113
YHR046C,YDR513W,0,-4.475644,0.1122913509607315,0.9600798487663269,0.7606521248817444
YGR054W,YMR025W,0,-4.476052,0.11227824538946152,0.9600798487663269,0.7607521414756775
YJL196C,YMR049C,0,-4.476402,0.11226513981819153,0.9600798487663269,0.7608521580696106
YKL085W,YGR122W,0,-4.4791102,0.11225204169750214,0.9600798487663269,0.7609521746635437
YKL180W,YJL144W,0,-4.4857736,0.11223894357681274,0.9600798487663269,0.7610521912574768
YLR370C,YLR228C,0,-4.486017,0.11222585290670395,0.9600798487663269,0.7611522078514099
YIL079C,YPL146C,0,-4.4899836,0.11221276223659515,0.9600798487663269,0.761252224445343
YDR041W,YKL080W,0,-4.4933853,0.11219967156648636,0.9600798487663269,0.7613522410392761
YCR035C,YOL056W,0,-4.4935107,0.11218658834695816,0.9600798487663269,0.761452317237854
YDL091C,YGR026W,0,-4.494533,0.11217350512742996,0.9600798487663269,0.7615523338317871
YJR075W,YKR006C,0,-4.499861,0.11216042935848236,0.9600798487663269,0.7616523504257202
YOR151C,YMR009W,0,-4.501898,0.11214735358953476,0.9600798487663269,0.7617523670196533
YGL196W,YFL054C,0,-4.502034,0.11213427782058716,0.9600798487663269,0.7618523836135864
YLR345W,YOL135C,0,-4.5062265,0.11212120950222015,0.9600798487663269,0.7619524002075195
YOL023W,YDR235W,0,-4.507169,0.11210814863443375,0.9600798487663269,0.7620524168014526
YBR173C,YER036C,0,-4.5097895,0.11209508031606674,0.9600798487663269,0.7621524333953857
YIL080W,YBL005W-B,0,-4.510208,0.11208201944828033,0.9600798487663269,0.7622524499893188
YKR079C,YLL018C-A,0,-4.510222,0.11206896603107452,0.9600798487663269,0.762352466583252
YDL159W,YDR379W,1,-4.512072,0.11217239499092102,0.961077868938446,0.762352466583252
YPR068C,YJL186W,0,-4.5160728,0.11215932667255402,0.961077868938446,0.7624524831771851
YGR082W,YEL024W,0,-4.520049,0.11214626580476761,0.961077868938446,0.7625524997711182
YBR084W,YLR020C,0,-4.5202093,0.1121332123875618,0.961077868938446,0.7626525163650513
YLR238W,YLR215C,0,-4.5213737,0.11212015151977539,0.961077868938446,0.7627525329589844
YGL236C,YGL107C,0,-4.5242953,0.11210709810256958,0.961077868938446,0.7628525495529175
YGL059W,YPL121C,0,-4.5250254,0.11209405213594437,0.961077868938446,0.7629525661468506
YNL039W,YOR356W,0,-4.525073,0.11208100616931915,0.961077868938446,0.7630525827407837
YDL209C,YGL183C,0,-4.5275407,0.11206796020269394,0.961077868938446,0.7631526589393616
YNL046W,YJL078C,0,-4.5275707,0.11205492168664932,0.961077868938446,0.7632526755332947
YDL059C,YPL144W,0,-4.5316,0.1120418831706047,0.961077868938446,0.7633526921272278
YNL084C,YAR042W,0,-4.5325785,0.11202885210514069,0.961077868938446,0.7634527087211609
YOR026W,YOR179C,0,-4.537369,0.11201582103967667,0.961077868938446,0.763552725315094
YAL015C,YHR149C,0,-4.537874,0.11200278997421265,0.961077868938446,0.7636527419090271
YPR174C,YOR288C,0,-4.539926,0.11198976635932922,0.961077868938446,0.7637527585029602
YDL098C,YEL015W,0,-4.540324,0.1119767427444458,0.961077868938446,0.7638527750968933
YOL059W,YNL217W,0,-4.541616,0.11196372658014297,0.961077868938446,0.7639527916908264
YBR281C,YOR265W,0,-4.543506,0.11195071041584015,0.961077868938446,0.7640528082847595
YGL158W,YMR023C,0,-4.5440583,0.11193769425153732,0.961077868938446,0.7641528248786926
YHR175W,YGR264C,0,-4.5448895,0.1119246855378151,0.961077868938446,0.7642528414726257
YGR238C,YKR030W,0,-4.5449343,0.11191167682409286,0.961077868938446,0.7643528580665588
YGL062W,YGR218W,0,-4.5526705,0.11189867556095123,0.961077868938446,0.7644528746604919
YPR024W,YGL225W,0,-4.5532722,0.1118856742978096,0.961077868938446,0.764552891254425
YMR210W,YKR052C,0,-4.5558944,0.11187267303466797,0.961077868938446,0.7646529078483582
YJL006C,YLR121C,0,-4.5564632,0.11185967922210693,0.961077868938446,0.7647529244422913
YNL292W,YDR469W,0,-4.5571475,0.1118466928601265,0.961077868938446,0.7648529410362244
YJL173C,YDR129C,0,-4.5579276,0.11183369904756546,0.961077868938446,0.7649530172348022
YNR019W,YPL028W,0,-4.559161,0.11182071268558502,0.961077868938446,0.7650530338287354
YER171W,YOR271C,0,-4.565365,0.11180773377418518,0.961077868938446,0.7651530504226685
YDL070W,YDR060W,0,-4.566291,0.11179475486278534,0.961077868938446,0.7652530670166016
YJR082C,YER022W,0,-4.5671644,0.1117817759513855,0.961077868938446,0.7653530836105347
YMR188C,YIL106W,0,-4.5735292,0.11176880449056625,0.961077868938446,0.7654531002044678
YOR217W,YBR264C,0,-4.578349,0.11175583302974701,0.961077868938446,0.7655531167984009
YPL050C,YIL087C,0,-4.583452,0.11174286156892776,0.961077868938446,0.765653133392334
YDR164C,YOR233W,0,-4.5840116,0.11172989755868912,0.961077868938446,0.7657531499862671
YMR070W,YLR058C,0,-4.5851493,0.11171694099903107,0.961077868938446,0.7658531665802002
YJL190C,YML100W,0,-4.5855675,0.11170397698879242,0.961077868938446,0.7659531831741333
YNL307C,YBL028C,0,-4.5883226,0.11169102042913437,0.961077868938446,0.7660531997680664
YLR078C,YPR190C,0,-4.5917587,0.11167807132005692,0.961077868938446,0.7661532163619995
YOL135C,YER177W,0,-4.5923343,0.11166512221097946,0.961077868938446,0.7662532329559326
YCR077C,YBR109C,0,-4.59445,0.11165217310190201,0.961077868938446,0.7663532495498657
YGR034W,YLR118C,0,-4.5985622,0.11163923144340515,0.961077868938446,0.7664532661437988
YPR031W,YBR267W,0,-4.6001134,0.1116262897849083,0.961077868938446,0.7665532827377319
YPR081C,YDL204W,0,-4.6019006,0.11161335557699203,0.961077868938446,0.7666533589363098
YNR031C,YJR028W,0,-4.6019993,0.11160041391849518,0.961077868938446,0.7667533755302429
YDL145C,YOR337W,0,-4.6050806,0.11158748716115952,0.961077868938446,0.766853392124176
YGR222W,YOR106W,0,-4.605695,0.11157456040382385,0.961077868938446,0.7669534087181091
YPL225W,YCL027W,0,-4.6080513,0.11156163364648819,0.961077868938446,0.7670534253120422
YGL136C,YOL057W,0,-4.6093626,0.11154870688915253,0.961077868938446,0.7671534419059753
YGR208W,YIL108W,0,-4.6109786,0.11153578758239746,0.961077868938446,0.7672534584999084
YGL169W,YDR090C,0,-4.615502,0.11152287572622299,0.961077868938446,0.7673534750938416
YDL033C,YJL183W,0,-4.6162014,0.11150995641946793,0.961077868938446,0.7674534916877747
YOR177C,YOL032W,0,-4.617491,0.11149704456329346,0.961077868938446,0.7675535082817078
YDL208W,YHR023W,0,-4.6209908,0.11148414015769958,0.961077868938446,0.7676535248756409
YBL030C,YNR033W,0,-4.6213465,0.11147123575210571,0.961077868938446,0.767753541469574
YKR031C,YBL035C,0,-4.6235795,0.11145833134651184,0.961077868938446,0.7678535580635071
YNL115C,YOL003C,0,-4.6265297,0.11144543439149857,0.961077868938446,0.7679535746574402
YGL139W,YLL051C,0,-4.6280694,0.11143253743648529,0.961077868938446,0.7680535912513733
YPR184W,YER138C,0,-4.628754,0.11141964793205261,0.961077868938446,0.7681536078453064
YBL013W,YER056C-A,0,-4.629621,0.11140675842761993,0.961077868938446,0.7682536244392395
YPL213W,YGR145W,0,-4.6306148,0.11139386892318726,0.961077868938446,0.7683536410331726
YOR071C,YDR235W,0,-4.632095,0.11138098686933517,0.961077868938446,0.7684537172317505
YGR009C,YDR438W,0,-4.6324873,0.1113681048154831,0.961077868938446,0.7685537338256836
YGR010W,YOR142W,0,-4.6347504,0.11135523021221161,0.961077868938446,0.7686537504196167
YBR086C,YPL147W,0,-4.636508,0.11134234815835953,0.961077868938446,0.7687537670135498
YMR076C,YOR124C,0,-4.6365232,0.11132948100566864,0.961077868938446,0.7688537836074829
YBR107C,YGR193C,0,-4.6402473,0.11131661385297775,0.961077868938446,0.768953800201416
YLR359W,YER090W,0,-4.640797,0.11130374670028687,0.961077868938446,0.7690538167953491
YPR143W,YLL014W,0,-4.640827,0.11129087954759598,0.961077868938446,0.7691538333892822
YPR024W,YOR044W,0,-4.641485,0.11127801984548569,0.961077868938446,0.7692538499832153
YDL031W,YNR043W,0,-4.641785,0.111265167593956,0.961077868938446,0.7693538665771484
YHR099W,YDR441C,0,-4.6430874,0.1112523078918457,0.961077868938446,0.7694538831710815
YML039W,YNL231C,0,-4.6495643,0.1112394630908966,0.961077868938446,0.7695538997650146
YLL061W,YLR467W,0,-4.651724,0.11122661083936691,0.961077868938446,0.7696539163589478
YDR040C,YHR157W,0,-4.6551247,0.11121376603841782,0.961077868938446,0.7697539329528809
YIL007C,YFR031C,0,-4.658414,0.11120092123746872,0.961077868938446,0.769853949546814
YDR318W,YGL025C,0,-4.6586742,0.11118808388710022,0.961077868938446,0.7699539661407471
YHR021C,YDR345C,0,-4.659927,0.11117524653673172,0.961077868938446,0.7700539827346802
YOR357C,YNL278W,0,-4.668395,0.11116241663694382,0.961077868938446,0.7701540589332581
YDR468C,YOL012C,0,-4.6757197,0.11114958673715591,0.961077868938446,0.7702540755271912
YOR061W,YNL041C,0,-4.6789126,0.11113675683736801,0.961077868938446,0.7703540921211243
YGR020C,YGL158W,0,-4.685716,0.1111239343881607,0.961077868938446,0.7704541087150574
YER142C,YDR081C,0,-4.686329,0.1111111119389534,0.961077868938446,0.7705541253089905
YNL221C,YHR179W,0,-4.688203,0.1110982894897461,0.961077868938446,0.7706541419029236
YHR209W,YMR289W,0,-4.690159,0.11108547449111938,0.961077868938446,0.7707541584968567
YPL028W,YNR022C,0,-4.6952534,0.11107266694307327,0.961077868938446,0.7708541750907898
YNL115C,YGL171W,0,-4.6993036,0.11105985194444656,0.961077868938446,0.7709541916847229
YDL043C,YLR452C,0,-4.6999197,0.11104704439640045,0.961077868938446,0.771054208278656
YJL196C,YOR310C,0,-4.7006025,0.11103424429893494,0.961077868938446,0.7711542248725891
YER063W,YBR295W,0,-4.704835,0.11102144420146942,0.961077868938446,0.7712542414665222
YGL059W,YGL039W,0,-4.705115,0.1110086441040039,0.961077868938446,0.7713542580604553
YCR091W,YBR123C,0,-4.707016,0.11099585145711899,0.961077868938446,0.7714542746543884
YGL051W,YHR204W,0,-4.7072034,0.11098305881023407,0.961077868938446,0.7715542912483215
YKL165C,YJR065C,0,-4.7132816,0.11097026616334915,0.961077868938446,0.7716543078422546
YBL056W,YCL064C,0,-4.7134705,0.11095748096704483,0.961077868938446,0.7717543244361877
YDR088C,YER062C,0,-4.713537,0.1109447032213211,0.961077868938446,0.7718544006347656
YOL138C,YAL058W,0,-4.7167277,0.11093191802501678,0.961077868938446,0.7719544172286987
YBR175W,YNL107W,0,-4.718831,0.11091914027929306,0.961077868938446,0.7720544338226318
YIL088C,YLR056W,0,-4.7198944,0.11090636998414993,0.961077868938446,0.7721544504165649
YML127W,YOR271C,0,-4.721108,0.1108935996890068,0.961077868938446,0.772254467010498
YMR078C,YLR212C,0,-4.7248755,0.11088082939386368,0.961077868938446,0.7723544836044312
YER185W,YDL114W,0,-4.7256737,0.11086806654930115,0.961077868938446,0.7724545001983643
YLR448W,YNR055C,0,-4.7262287,0.11085530370473862,0.961077868938446,0.7725545167922974
YPL144W,YDR315C,0,-4.7275534,0.11084254086017609,0.961077868938446,0.7726545333862305
YPL215W,YER029C,0,-4.735679,0.11082978546619415,0.961077868938446,0.7727545499801636
YOR330C,YDR039C,0,-4.737164,0.11081703007221222,0.961077868938446,0.7728545665740967
YIL078W,YJL194W,0,-4.738561,0.11080428212881088,0.961077868938446,0.7729545831680298
YPR118W,YML006C,0,-4.738807,0.11079153418540955,0.961077868938446,0.7730545997619629
YHR086W,YDR507C,0,-4.740914,0.11077878624200821,0.961077868938446,0.773154616355896
YPL188W,YCL054W,0,-4.741354,0.11076604574918747,0.961077868938446,0.7732546329498291
YDL210W,YLL012W,0,-4.7451987,0.11075330525636673,0.961077868938446,0.7733546495437622
YBR078W,YNL181W,0,-4.7461805,0.11074057221412659,0.961077868938446,0.7734546661376953
YFR040W,YML067C,0,-4.747109,0.11072783917188644,0.961077868938446,0.7735546827316284
YER103W,YGL137W,0,-4.75095,0.1107151061296463,0.961077868938446,0.7736547589302063
YHR215W,YPL138C,0,-4.751622,0.11070238053798676,0.961077868938446,0.7737547755241394
YPL146C,YER167W,0,-4.7555904,0.11068965494632721,0.961077868938446,0.7738547921180725
YJL053W,YJL090C,0,-4.7559214,0.11067693680524826,0.961077868938446,0.7739548087120056
YBR105C,YHR077C,0,-4.7583017,0.11066421866416931,0.961077868938446,0.7740548253059387
YJR066W,YER133W,0,-4.7602577,0.11065150052309036,0.961077868938446,0.7741548418998718
YER130C,YNR032C-A,0,-4.76062,0.11063878983259201,0.961077868938446,0.7742548584938049
YNL268W,YDR404C,0,-4.761484,0.11062607914209366,0.961077868938446,0.774354875087738
YOR143C,YNL314W,0,-4.7630095,0.1106133684515953,0.961077868938446,0.7744548916816711
YOR358W,YMR298W,0,-4.765769,0.11060066521167755,0.961077868938446,0.7745549082756042
YHR138C,YPR111W,0,-4.7685914,0.1105879619717598,0.961077868938446,0.7746549248695374
YEL002C,YOL100W,0,-4.770872,0.11057526618242264,0.961077868938446,0.7747549414634705
YBR083W,YER149C,1,-4.7746463,0.11067738384008408,0.9620758295059204,0.7747549414634705
YER029C,YGR193C,0,-4.7755504,0.11066467314958572,0.9620758295059204,0.7748549580574036
YKL171W,YGL035C,0,-4.7772694,0.11065197736024857,0.9620758295059204,0.7749549746513367
YGR193C,YCL024W,0,-4.777858,0.11063927412033081,0.9620758295059204,0.7750549912452698
YDR368W,YGR218W,0,-4.7780538,0.11062657833099365,0.9620758295059204,0.7751550078392029
YKL119C,YER178W,0,-4.778594,0.1106138825416565,0.9620758295059204,0.775255024433136
YLR212C,YAR010C,0,-4.7811575,0.11060119420289993,0.9620758295059204,0.7753551006317139
YMR127C,YNL339C,0,-4.7844863,0.11058850586414337,0.9620758295059204,0.775455117225647
YOR278W,YBR248C,0,-4.789697,0.11057581752538681,0.9620758295059204,0.7755551338195801
YMR176W,YGR245C,0,-4.7931,0.11056313663721085,0.9620758295059204,0.7756551504135132
YHR193C,YBR282W,0,-4.797331,0.11055045574903488,0.9620758295059204,0.7757551670074463
YOR177C,YPR133C,0,-4.7979784,0.11053778231143951,0.9620758295059204,0.7758551836013794
YGR143W,YKL093W,0,-4.7983475,0.11052510887384415,0.9620758295059204,0.7759552001953125
YLR039C,YFL014W,0,-4.798564,0.11051243543624878,0.9620758295059204,0.7760552167892456
YLL011W,YBR271W,0,-4.7988634,0.11049976944923401,0.9620758295059204,0.7761552333831787
YJL192C,YEL032W,0,-4.8016768,0.11048710346221924,0.9620758295059204,0.7762552499771118
YOR297C,YDR244W,0,-4.803566,0.11047444492578506,0.9620758295059204,0.7763552665710449
YKL144C,YJL090C,0,-4.8075576,0.11046178638935089,0.9620758295059204,0.776455283164978
YHL024W,YDR039C,0,-4.810413,0.11044912785291672,0.9620758295059204,0.7765552997589111
YCL061C,YDR495C,0,-4.8142767,0.11043647676706314,0.9620758295059204,0.7766553163528442
YBR222C,YPL157W,0,-4.8143473,0.11042382568120956,0.9620758295059204,0.7767553329467773
YKL088W,YIL009C-A,0,-4.816521,0.11041118204593658,0.9620758295059204,0.7768553495407104
YPL120W,YNL280C,0,-4.8171716,0.11039853096008301,0.9620758295059204,0.7769553661346436
YMR203W,YNL181W,0,-4.8178654,0.11038589477539062,0.9620758295059204,0.7770553827285767
YDR405W,YBR189W,0,-4.8217597,0.11037325114011765,0.9620758295059204,0.7771554589271545
YKR077W,YNR040W,0,-4.826706,0.11036061495542526,0.9620758295059204,0.7772554755210876
YJR045C,YDL067C,0,-4.8278513,0.11034798622131348,0.9620758295059204,0.7773554921150208
YMR037C,YIL138C,0,-4.830005,0.11033535748720169,0.9620758295059204,0.7774555087089539
YLR213C,YLL066C,0,-4.830057,0.1103227287530899,0.9620758295059204,0.777555525302887
YOR258W,YBR237W,0,-4.832546,0.11031010746955872,0.9620758295059204,0.7776555418968201
YLR425W,YER098W,0,-4.832693,0.11029748618602753,0.9620758295059204,0.7777555584907532
YGR279C,YIL062C,0,-4.833189,0.11028486490249634,0.9620758295059204,0.7778555750846863
YGR112W,YJR096W,0,-4.836036,0.11027225106954575,0.9620758295059204,0.7779555916786194
YPR097W,YDR444W,0,-4.8408394,0.11025963723659515,0.9620758295059204,0.7780556082725525
YCR093W,YIL049W,1,-4.8409505,0.11036138981580734,0.9630738496780396,0.7780556082725525
YHL008C,YEL017C-A,0,-4.842763,0.11034876853227615,0.9630738496780396,0.7781556248664856
YHR002W,YDR359C,0,-4.8458805,0.11033615469932556,0.9630738496780396,0.7782556414604187
YJR034W,YPR189W,0,-4.847278,0.11032354086637497,0.9630738496780396,0.7783556580543518
YOR182C,YGR084C,0,-4.8478794,0.11031092703342438,0.9630738496780396,0.7784556746482849
YGR103W,YPL220W,0,-4.8498025,0.11029832065105438,0.9630738496780396,0.778555691242218
YHR129C,YJL095W,0,-4.8512554,0.11028571426868439,0.9630738496780396,0.7786557078361511
YOR304C-A,YCR004C,0,-4.852814,0.11027311533689499,0.9630738496780396,0.7787557244300842
YMR112C,YBR181C,0,-4.8589535,0.110260508954525,0.9630738496780396,0.7788558006286621
YOL107W,YGR089W,0,-4.8600664,0.11024791747331619,0.9630738496780396,0.7789558172225952
YOR316C,YAR010C,0,-4.861953,0.1102353185415268,0.9630738496780396,0.7790558338165283
YGL211W,YLR386W,0,-4.862935,0.110222727060318,0.9630738496780396,0.7791558504104614
YJL103C,YLR289W,0,-4.86671,0.11021014302968979,0.9630738496780396,0.7792558670043945
YNL059C,YPR180W,0,-4.870063,0.11019755899906158,0.9630738496780396,0.7793558835983276
YLL011W,YMR145C,0,-4.873354,0.11018497496843338,0.9630738496780396,0.7794559001922607
YKL077W,YKR056W,0,-4.8749237,0.11017239093780518,0.9630738496780396,0.7795559167861938
YPL175W,YDL142C,0,-4.877316,0.11015981435775757,0.9630738496780396,0.779655933380127
YDL143W,YER127W,0,-4.878518,0.11014724522829056,0.9630738496780396,0.7797559499740601
YNR031C,YPR137W,0,-4.879645,0.11013467609882355,0.9630738496780396,0.7798559665679932
YEL006W,YLR192C,0,-4.8813868,0.11012210696935654,0.9630738496780396,0.7799559831619263
YFL026W,YNL129W,0,-4.8823214,0.11010953783988953,0.9630738496780396,0.7800559997558594
YLR345W,YBR196C,0,-4.885623,0.11009697616100311,0.9630738496780396,0.7801560163497925
YNL232W,YJR051W,0,-4.8863153,0.1100844144821167,0.9630738496780396,0.7802560329437256
YLL033W,YGL206C,0,-4.8884687,0.11007186025381088,0.9630738496780396,0.7803560495376587
YNL051W,YDR351W,0,-4.8919296,0.11005930602550507,0.9630738496780396,0.7804560661315918
YOL133W,YJL124C,0,-4.8926497,0.11004675924777985,0.9630738496780396,0.7805560827255249
YBL028C,YEL029C,0,-4.897439,0.11003420501947403,0.9630738496780396,0.7806561589241028
YGR295C,YGL060W,0,-4.9012237,0.1100216656923294,0.9630738496780396,0.7807561755180359
YDR159W,YJL103C,0,-4.9032817,0.11000911891460419,0.9630738496780396,0.780856192111969
YDR515W,YPR105C,0,-4.904807,0.10999657958745956,0.9630738496780396,0.7809562087059021
YMR195W,YDR422C,0,-4.9055114,0.10998404026031494,0.9630738496780396,0.7810562252998352
YLR413W,YDR213W,0,-4.907256,0.10997150838375092,0.9630738496780396,0.7811562418937683
YAL015C,YDL022W,0,-4.9116173,0.10995897650718689,0.9630738496780396,0.7812562584877014
YGR161C,YPL179W,0,-4.91217,0.10994645208120346,0.9630738496780396,0.7813562750816345
YMR098C,YER090W,0,-4.9125147,0.10993392765522003,0.9630738496780396,0.7814562916755676
YIL113W,YDR235W,0,-4.918569,0.1099214032292366,0.9630738496780396,0.7815563082695007
YGR062C,YDR166C,0,-4.9221325,0.10990888625383377,0.9630738496780396,0.7816563248634338
YBL091C-A,YLR201C,0,-4.9227133,0.10989636927843094,0.9630738496780396,0.7817563414573669
YLR001C,YOR310C,0,-4.923479,0.1098838523030281,0.9630738496780396,0.7818563580513
YMR035W,YGL003C,0,-4.924777,0.10987134277820587,0.9630738496780396,0.7819563746452332
YGL147C,YHR005C,0,-4.9250145,0.10985883325338364,0.9630738496780396,0.7820563912391663
YOR261C,YKL010C,0,-4.9273777,0.109846331179142,0.9630738496780396,0.7821564078330994
YJR026W,YJR029W,0,-4.935877,0.10983382910490036,0.9630738496780396,0.7822564244270325
YBL091C,YKL054C,0,-4.9402003,0.10982132703065872,0.9630738496780396,0.7823565006256104
YJL057C,YFR034C,0,-4.941386,0.10980883240699768,0.9630738496780396,0.7824565172195435
YHL032C,YGR235C,0,-4.9416018,0.10979633778333664,0.9630738496780396,0.7825565338134766
YNR011C,YGR162W,0,-4.946012,0.1097838431596756,0.9630738496780396,0.7826565504074097
YMR002W,YLR207W,0,-4.948303,0.10977135598659515,0.9630738496780396,0.7827565670013428
YLR059C,YML087C,0,-4.949239,0.10975886881351471,0.9630738496780396,0.7828565835952759
YOL123W,YOR287C,0,-4.9502826,0.10974638909101486,0.9630738496780396,0.782956600189209
YER008C,YOR126C,0,-4.952362,0.10973390936851501,0.9630738496780396,0.7830566167831421
YGL163C,YJR119C,0,-4.9533863,0.10972142964601517,0.9630738496780396,0.7831566333770752
YER184C,YDR025W,0,-4.9549975,0.10970895737409592,0.9630738496780396,0.7832566499710083
YJL178C,YNR002C,0,-4.9576187,0.10969648510217667,0.9630738496780396,0.7833566665649414
YER164W,YDR386W,0,-4.9591084,0.10968402028083801,0.9630738496780396,0.7834566831588745
YGR026W,YKR052C,0,-4.959991,0.10967155545949936,0.9630738496780396,0.7835566997528076
YGR193C,YJL024C,0,-4.961993,0.1096590906381607,0.9630738496780396,0.7836567163467407
YGL063W,YFR041C,0,-4.963909,0.10964663326740265,0.9630738496780396,0.7837567329406738
YJR101W,YJR010W,0,-4.9642963,0.10963417589664459,0.9630738496780396,0.7838567495346069
YDL015C,YPL096C-A,0,-4.96546,0.10962171852588654,0.9630738496780396,0.78395676612854
YIL080W,YDR003W,0,-4.9657297,0.10960926860570908,0.9630738496780396,0.7840567827224731
YJR104C,YBL112C,0,-4.966979,0.10959681868553162,0.9630738496780396,0.784156858921051
YHL050C,YJL085W,0,-4.970204,0.10958437621593475,0.9630738496780396,0.7842568755149841
YGL040C,YIL133C,0,-4.9744124,0.10957193374633789,0.9630738496780396,0.7843568921089172
YDR120C,YDR075W,0,-4.9768496,0.10955949127674103,0.9630738496780396,0.7844569087028503
YGR253C,YLR433C,0,-4.9771495,0.10954705625772476,0.9630738496780396,0.7845569252967834
YIL136W,YOR158W,0,-4.979513,0.1095346212387085,0.9630738496780396,0.7846569418907166
YPL096W,YGR216C,0,-4.9832315,0.10952218621969223,0.9630738496780396,0.7847569584846497
YDR088C,YGR113W,0,-4.989213,0.10950975865125656,0.9630738496780396,0.7848569750785828
YKL149C,YNL197C,1,-4.989615,0.10961080342531204,0.9640718698501587,0.7848569750785828
YHL038C,YLR026C,0,-4.990414,0.10959836840629578,0.9640718698501587,0.7849569916725159
YDR166C,YFR045W,0,-4.9920297,0.10958593338727951,0.9640718698501587,0.785057008266449
YKL129C,YDR487C,0,-4.993571,0.10957350581884384,0.9640718698501587,0.7851570248603821
YKR009C,YIL172C,0,-4.9961653,0.10956107825040817,0.9640718698501587,0.7852570414543152
YMR149W,YLR192C,0,-4.997076,0.1095486506819725,0.9640718698501587,0.7853570580482483
YDR109C,YBR243C,0,-4.9999456,0.10953623056411743,0.9640718698501587,0.7854570746421814
YLL034C,YDR434W,0,-5.00143,0.10952381044626236,0.9640718698501587,0.7855570912361145
YNL041C,YMR063W,0,-5.0054235,0.10951139032840729,0.9640718698501587,0.7856571078300476
YHR175W,YLR283W,0,-5.0112247,0.10949897766113281,0.9640718698501587,0.7857571244239807
YBL079W,YJL208C,0,-5.0118012,0.10948657244443893,0.9640718698501587,0.7858572006225586
YOR075W,YHL035C,0,-5.013796,0.10947415977716446,0.9640718698501587,0.7859572172164917
YNL297C,YMR201C,0,-5.0190163,0.10946175456047058,0.9640718698501587,0.7860572338104248
YJR089W,YDR270W,0,-5.020073,0.1094493567943573,0.9640718698501587,0.7861572504043579
YPL101W,YNR072W,0,-5.0208087,0.10943695157766342,0.9640718698501587,0.786257266998291
YER005W,YGL178W,0,-5.0270357,0.10942456126213074,0.9640718698501587,0.7863572835922241
YJL221C,YPL223C,0,-5.0312886,0.10941216349601746,0.9640718698501587,0.7864573001861572
YPL111W,YDR381W,0,-5.032606,0.10939977318048477,0.9640718698501587,0.7865573167800903
YKL029C,YOR351C,0,-5.03458,0.10938738286495209,0.9640718698501587,0.7866573333740234
YNL054W,YPL180W,0,-5.0405703,0.109375,0.9640718698501587,0.7867573499679565
YJR066W,YJR149W,0,-5.044883,0.10936261713504791,0.9640718698501587,0.7868573665618896
YGR105W,YLR103C,0,-5.0450954,0.10935023427009583,0.9640718698501587,0.7869573831558228
YJR066W,YNL167C,0,-5.045822,0.10933785885572433,0.9640718698501587,0.7870573997497559
YBR095C,YJL187C,0,-5.046289,0.10932548344135284,0.9640718698501587,0.787157416343689
YMR020W,YCR077C,0,-5.046691,0.10931311547756195,0.9640718698501587,0.7872574329376221
YAL068C,YLR075W,0,-5.0470657,0.10930074751377106,0.9640718698501587,0.7873574495315552
YDL170W,YML096W,0,-5.049762,0.10928837954998016,0.9640718698501587,0.7874574661254883
YLR183C,YGL107C,0,-5.058139,0.10927601903676987,0.9640718698501587,0.7875574827194214
YPL198W,YNR021W,0,-5.059914,0.10926365852355957,0.9640718698501587,0.7876575589179993
YJR025C,YBR091C,0,-5.0617285,0.10925129801034927,0.9640718698501587,0.7877575755119324
YER162C,YIR011C,0,-5.0651293,0.10923894494771957,0.9640718698501587,0.7878575921058655
YOR371C,YER149C,1,-5.065203,0.10933966189622879,0.9650698900222778,0.7878575921058655
YER044C-A,YER106W,0,-5.0654206,0.1093273013830185,0.9650698900222778,0.7879576086997986
YIL075C,YPR055W,0,-5.0686493,0.1093149483203888,0.9650698900222778,0.7880576252937317
YGL095C,YOR351C,0,-5.0698447,0.1093025878071785,0.9650698900222778,0.7881576418876648
YBL017C,YER142C,0,-5.071851,0.1092902347445488,0.9650698900222778,0.7882576584815979
YDR253C,YPL202C,0,-5.0719886,0.1092778816819191,0.9650698900222778,0.788357675075531
YDR318W,YDR055W,0,-5.072471,0.10926553606987,0.9650698900222778,0.7884576916694641
YER123W,YOR193W,0,-5.074891,0.10925319045782089,0.9650698900222778,0.7885577082633972
YLR299W,YLR151C,0,-5.0761595,0.10924085229635239,0.9650698900222778,0.7886577248573303
YBL100W-B,YOR047C,0,-5.076727,0.10922850668430328,0.9650698900222778,0.7887577414512634
YDR212W,YOL045W,0,-5.0769587,0.10921617597341537,0.9650698900222778,0.7888577580451965
YDL159W,YLR313C,1,-5.0778103,0.10931677371263504,0.9660678505897522,0.7888577580451965
YCL001W,YDL012C,0,-5.077863,0.10930442810058594,0.9660678505897522,0.7889577746391296
YDR440W,YDR234W,0,-5.079269,0.10929208248853683,0.9660678505897522,0.7890577912330627
YBL088C,YJL166W,0,-5.0804467,0.10927974432706833,0.9660678505897522,0.7891578078269958
YLR315W,YLR209C,0,-5.0832386,0.10926741361618042,0.9660678505897522,0.789257824420929
YDR306C,YMR204C,0,-5.086415,0.10925507545471191,0.9660678505897522,0.7893579006195068
YPL209C,YDL190C,0,-5.0864534,0.1092427521944046,0.9660678505897522,0.7894579172134399
YCR039C,YOR119C,0,-5.0883107,0.1092304214835167,0.9660678505897522,0.789557933807373
YHR179W,YBR012W-B,0,-5.0940065,0.10921809822320938,0.9660678505897522,0.7896579504013062
YKL079W,YJR151C,0,-5.096358,0.10920577496290207,0.9660678505897522,0.7897579669952393
YOR233W,YLR390W-A,0,-5.0976534,0.10919345915317535,0.9660678505897522,0.7898579835891724
YDL149W,YNR059W,0,-5.0997877,0.10918114334344864,0.9660678505897522,0.7899580001831055
YDR144C,YBR029C,0,-5.10396,0.10916882753372192,0.9660678505897522,0.7900580167770386
YDR381W,YJR096W,0,-5.1053295,0.1091565191745758,0.9660678505897522,0.7901580333709717
YHR136C,YHR210C,0,-5.107197,0.10914421081542969,0.9660678505897522,0.7902580499649048
YFR040W,YER175C,0,-5.109158,0.10913190245628357,0.9660678505897522,0.7903580665588379
YGR156W,YPL177C,0,-5.110505,0.10911960154771805,0.9660678505897522,0.790458083152771
YMR282C,YOL105C,0,-5.111354,0.10910730063915253,0.9660678505897522,0.7905580997467041
YOR298W,YDR031W,0,-5.111821,0.1090950071811676,0.9660678505897522,0.7906581163406372
YDR011W,YDL142C,0,-5.113082,0.10908271372318268,0.9660678505897522,0.7907581329345703
YOR071C,YDR177W,0,-5.117337,0.10907042026519775,0.9660678505897522,0.7908581495285034
YDR212W,YDR313C,0,-5.1225457,0.10905813425779343,0.9660678505897522,0.7909581661224365
YHR133C,YDR262W,0,-5.125002,0.1090458482503891,0.9660678505897522,0.7910581827163696
YPL038W,YOR221C,0,-5.125884,0.10903356969356537,0.9660678505897522,0.7911582589149475
YKL016C,YAL062W,0,-5.127044,0.10902128368616104,0.9660678505897522,0.7912582755088806
YBL055C,YOR246C,0,-5.1291933,0.10900901257991791,0.9660678505897522,0.7913582921028137
YKL165C,YDL107W,0,-5.130355,0.10899673402309418,0.9660678505897522,0.7914583086967468
YML125C,YJL212C,0,-5.1304502,0.10898446291685104,0.9660678505897522,0.7915583252906799
YJL225C,YDL190C,0,-5.133486,0.10897219181060791,0.9660678505897522,0.791658341884613
YHL026C,YBR192W,0,-5.137364,0.10895992815494537,0.9660678505897522,0.7917583584785461
YGR258C,YJR033C,0,-5.1421256,0.10894766449928284,0.9660678505897522,0.7918583750724792
YGL115W,YLR032W,0,-5.145658,0.1089354008436203,0.9660678505897522,0.7919583916664124
YGR054W,YKR027W,0,-5.1544104,0.10892314463853836,0.9660678505897522,0.7920584082603455
YOR074C,YEL065W,0,-5.154833,0.10891088843345642,0.9660678505897522,0.7921584248542786
YGL112C,YCR026C,0,-5.157554,0.10889863967895508,0.9660678505897522,0.7922584414482117
YJR150C,YNL055C,0,-5.1591945,0.10888639092445374,0.9660678505897522,0.7923584580421448
YEL058W,YPL259C,0,-5.1592455,0.10887414216995239,0.9660678505897522,0.7924584746360779
YNL051W,YDR469W,0,-5.1599197,0.10886190086603165,0.9660678505897522,0.792558491230011
YJR108W,YDR434W,0,-5.160242,0.1088496595621109,0.9660678505897522,0.7926585078239441
YBR208C,YJL109C,0,-5.1606607,0.10883741825819016,0.9660678505897522,0.7927585244178772
YER123W,YNL328C,0,-5.160731,0.10882518440485,0.9660678505897522,0.7928586006164551
YPR091C,YKL090W,0,-5.1644955,0.10881295055150986,0.9660678505897522,0.7929586172103882
YDR483W,YKL109W,0,-5.168014,0.10880071669816971,0.9660678505897522,0.7930586338043213
YER056C,YPL168W,0,-5.168398,0.10878849029541016,0.9660678505897522,0.7931586503982544
YBR150C,YOL032W,0,-5.1704893,0.1087762638926506,0.9660678505897522,0.7932586669921875
YDR494W,YDL240W,0,-5.170763,0.10876404494047165,0.9660678505897522,0.7933586835861206
YER145C,YGL142C,0,-5.170803,0.1087518259882927,0.9660678505897522,0.7934587001800537
YKR069W,YDL059C,0,-5.172475,0.10873960703611374,0.9660678505897522,0.7935587167739868
YDR532C,YBL093C,0,-5.1768904,0.10872739553451538,0.9660678505897522,0.7936587333679199
YDR438W,YHR202W,0,-5.177409,0.10871518403291702,0.9660678505897522,0.793758749961853
YML082W,YGL148W,0,-5.179063,0.10870297253131866,0.9660678505897522,0.7938587665557861
YMR032W,YDR243C,0,-5.1798115,0.1086907684803009,0.9660678505897522,0.7939587831497192
YGR286C,YHR006W,0,-5.186217,0.10867856442928314,0.9660678505897522,0.7940587997436523
YHR116W,YMR048W,0,-5.1879797,0.10866636782884598,0.9660678505897522,0.7941588163375854
YLR448W,YPR114W,0,-5.1896334,0.10865417122840881,0.9660678505897522,0.7942588329315186
YLR203C,YGL232W,0,-5.1931515,0.10864197462797165,0.9660678505897522,0.7943588495254517
YHR024C,YPL116W,0,-5.195682,0.10862978547811508,0.9660678505897522,0.7944588661193848
YOR264W,YIL093C,0,-5.2037954,0.10861759632825851,0.9660678505897522,0.7945588827133179
YGL058W,YPL258C,0,-5.2067337,0.10860540717840195,0.9660678505897522,0.7946589589118958
YDR018C,YBL075C,0,-5.2079625,0.10859322547912598,0.9660678505897522,0.7947589755058289
YDR342C,YGL061C,0,-5.2185826,0.10858104377985,0.9660678505897522,0.794858992099762
YDL054C,YML077W,0,-5.2208285,0.10856886208057404,0.9660678505897522,0.7949590086936951
YCR072C,YCL004W,0,-5.222932,0.10855668783187866,0.9660678505897522,0.7950590252876282
YMR313C,YDR310C,0,-5.2235126,0.10854451358318329,0.9660678505897522,0.7951590418815613
YDR082W,YMR040W,0,-5.228449,0.10853234678506851,0.9660678505897522,0.7952590584754944
YOR236W,YML057W,0,-5.2326117,0.10852017998695374,0.9660678505897522,0.7953590750694275
YNL212W,YDL215C,0,-5.2327404,0.10850801318883896,0.9660678505897522,0.7954590916633606
YIL145C,YFR010W,0,-5.232991,0.10849585384130478,0.9660678505897522,0.7955591082572937
YBR268W,YOR136W,0,-5.237638,0.1084836944937706,0.9660678505897522,0.7956591248512268
YLR396C,YJR010W,0,-5.237817,0.10847153514623642,0.9660678505897522,0.7957591414451599
YOR264W,YHR023W,0,-5.239127,0.10845938324928284,0.9660678505897522,0.795859158039093
YDR399W,YDL028C,0,-5.2393703,0.10844723135232925,0.9660678505897522,0.7959591746330261
YLR283W,YGL141W,0,-5.239813,0.10843508690595627,0.9660678505897522,0.7960591912269592
YML015C,YPL155C,0,-5.2398653,0.10842294245958328,0.9660678505897522,0.7961592078208923
YLL018C,YML082W,0,-5.241375,0.1084107980132103,0.9660678505897522,0.7962592244148254
YNL149C,YIL096C,0,-5.2423906,0.10839865356683731,0.9660678505897522,0.7963593006134033
YOR335C,YNL181W,0,-5.2460966,0.10838651657104492,0.9660678505897522,0.7964593172073364
YPL168W,YHR076W,0,-5.2466545,0.10837438702583313,0.9660678505897522,0.7965593338012695
YBR015C,YIL128W,0,-5.2501087,0.10836225003004074,0.9660678505897522,0.7966593503952026
YOL149W,YOL157C,0,-5.2615848,0.10835012048482895,0.9660678505897522,0.7967593669891357
YNL001W,YLL008W,0,-5.261647,0.10833799839019775,0.9660678505897522,0.7968593835830688
YML030W,YNL175C,0,-5.266098,0.10832587629556656,0.9660678505897522,0.796959400177002
YBR112C,YLR134W,0,-5.267076,0.10831375420093536,0.9660678505897522,0.7970594167709351
YOR067C,YFR030W,0,-5.2715673,0.10830163210630417,0.9660678505897522,0.7971594333648682
YBR043C,YDR100W,0,-5.274377,0.10828951746225357,0.9660678505897522,0.7972594499588013
YHR012W,YDR507C,0,-5.2753754,0.10827740281820297,0.9660678505897522,0.7973594665527344
YPL129W,YMR049C,0,-5.27809,0.10826529562473297,0.9660678505897522,0.7974594831466675
YBR083W,YLL021W,1,-5.278776,0.1083650216460228,0.9670658707618713,0.7974594831466675
YDR116C,YBR016W,0,-5.2791624,0.1083528995513916,0.9670658707618713,0.7975594997406006
YPR155C,YBL038W,0,-5.279253,0.108340784907341,0.9670658707618713,0.7976595163345337
YER118C,YNL068C,1,-5.2796183,0.10844046622514725,0.9680638909339905,0.7976595163345337
YBR196C,YNL045W,0,-5.2855296,0.10842835158109665,0.9680638909339905,0.7977595329284668
YJR052W,YBL051C,0,-5.285719,0.10841622948646545,0.9680638909339905,0.7978595495223999
YDR110W,YDL208W,0,-5.2861295,0.10840411484241486,0.9680638909339905,0.797959566116333
YOR162C,YGL027C,0,-5.2868385,0.10839200019836426,0.9680638909339905,0.7980595827102661
YBR083W,YDL035C,1,-5.288578,0.10849162191152573,0.9690618515014648,0.7980595827102661
YJL089W,YMR316W,0,-5.290698,0.10847949981689453,0.9690618515014648,0.798159658908844
YDR364C,YDL093W,0,-5.291952,0.10846738517284393,0.9690618515014648,0.7982596755027771
YDR436W,YJL085W,0,-5.2950025,0.10845526307821274,0.9690618515014648,0.7983596920967102
YLR244C,YOR092W,0,-5.2959604,0.10844315588474274,0.9690618515014648,0.7984597086906433
YIL080W,YER185W,0,-5.2963343,0.10843104124069214,0.9690618515014648,0.7985597252845764
YLR381W,YOL069W,0,-5.3004065,0.10841893404722214,0.9690618515014648,0.7986597418785095
YHR021C,YMR038C,0,-5.301551,0.10840683430433273,0.9690618515014648,0.7987597584724426
YDR304C,YLL003W,0,-5.30336,0.10839473456144333,0.9690618515014648,0.7988597750663757
YKL054C,YDR353W,0,-5.303405,0.10838263481855392,0.9690618515014648,0.7989597916603088
YHL019C,YER062C,0,-5.3062854,0.10837053507566452,0.9690618515014648,0.7990598082542419
YDR059C,YEL006W,0,-5.3073187,0.10835844278335571,0.9690618515014648,0.799159824848175
YCL025C,YCR086W,0,-5.3091516,0.1083463504910469,0.9690618515014648,0.7992598414421082
YIR039C,YBL034C,0,-5.309445,0.1083342656493187,0.9690618515014648,0.7993598580360413
YMR002W,YDL240W,0,-5.310753,0.10832218080759048,0.9690618515014648,0.7994598746299744
YER100W,YDR375C,0,-5.3112407,0.10831009596586227,0.9690618515014648,0.7995598912239075
YDR345C,YOL078W,0,-5.311466,0.10829801112413406,0.9690618515014648,0.7996599078178406
YDR067C,YMR230W,0,-5.3122487,0.10828593373298645,0.9690618515014648,0.7997599244117737
YKL218C,YLR060W,0,-5.313316,0.10827386379241943,0.9690618515014648,0.7998600006103516
YIL147C,YDR103W,0,-5.31524,0.10826179385185242,0.9690618515014648,0.7999600172042847
YLR219W,YER167W,0,-5.3183455,0.1082497239112854,0.9690618515014648,0.8000600337982178
YGL116W,YJL130C,0,-5.3190246,0.10823765397071838,0.9690618515014648,0.8001600503921509
YLR237W,YNL317W,0,-5.3262196,0.10822559148073196,0.9690618515014648,0.800260066986084
YBL060W,YNL283C,0,-5.326927,0.10821352899074554,0.9690618515014648,0.8003600835800171
YPL105C,YLL012W,0,-5.3365707,0.10820147395133972,0.9690618515014648,0.8004601001739502
YBL013W,YLR181C,0,-5.3389015,0.1081894114613533,0.9690618515014648,0.8005601167678833
YKR002W,YLL041C,0,-5.342991,0.10817736387252808,0.9690618515014648,0.8006601333618164
YOL072W,YKL201C,0,-5.349988,0.10816530883312225,0.9690618515014648,0.8007601499557495
YKL195W,YML061C,0,-5.3528767,0.10815326124429703,0.9690618515014648,0.8008601665496826
YNL146W,YML054C,0,-5.353675,0.1081412211060524,0.9690618515014648,0.8009601831436157
YBR003W,YFL014W,0,-5.3555393,0.10812917351722717,0.9690618515014648,0.8010601997375488
YDR430C,YDR195W,0,-5.3578444,0.10811713337898254,0.9690618515014648,0.8011602163314819
YGL142C,YLR283W,0,-5.359959,0.10810510069131851,0.9690618515014648,0.801260232925415
YDL109C,YKL218C,0,-5.361297,0.10809306800365448,0.9690618515014648,0.8013602495193481
YOR046C,YMR123W,0,-5.364941,0.10808103531599045,0.9690618515014648,0.8014602661132812
YGL186C,YGR135W,0,-5.3665676,0.10806900262832642,0.9690618515014648,0.8015602827072144
YOR195W,YNL160W,0,-5.366626,0.10805697739124298,0.9690618515014648,0.8016603589057922
YBR271W,YMR198W,0,-5.366763,0.10804495215415955,0.9690618515014648,0.8017603754997253
YBR022W,YGR060W,0,-5.370088,0.10803293436765671,0.9690618515014648,0.8018603920936584
YOR212W,YPL139C,0,-5.3806176,0.10802091658115387,0.9690618515014648,0.8019604086875916
YFL037W,YHR044C,0,-5.3806295,0.10800889879465103,0.9690618515014648,0.8020604252815247
YCR036W,YMR042W,0,-5.3820276,0.10799688845872879,0.9690618515014648,0.8021604418754578
YDR167W,YDR170W-A,0,-5.3864875,0.10798487812280655,0.9690618515014648,0.8022604584693909
YPR175W,YDR415C,0,-5.3873835,0.10797286778688431,0.9690618515014648,0.802360475063324
YBL057C,YIL109C,0,-5.391619,0.10796086490154266,0.9690618515014648,0.8024604916572571
YNR019W,YNL098C,0,-5.3924723,0.10794886201620102,0.9690618515014648,0.8025605082511902
YBR286W,YMR295C,0,-5.3944874,0.10793685913085938,0.9690618515014648,0.8026605248451233
YGL064C,YGL233W,0,-5.3949127,0.10792486369609833,0.9690618515014648,0.8027605414390564
YCR093W,YPR194C,0,-5.3985066,0.10791286826133728,0.9690618515014648,0.8028605580329895
YGR296W,YMR125W,0,-5.402634,0.10790088027715683,0.9690618515014648,0.8029605746269226
YGL071W,YPR091C,0,-5.4066105,0.10788889229297638,0.9690618515014648,0.8030605912208557
YBL005W,YKL171W,0,-5.4114385,0.10787690430879593,0.9690618515014648,0.8031606078147888
YNL173C,YOR246C,0,-5.4121447,0.10786491632461548,0.9690618515014648,0.8032606244087219
YCR045C,YGL037C,0,-5.414222,0.10785293579101562,0.9690618515014648,0.8033607006072998
YHR009C,YAR015W,0,-5.414369,0.10784096270799637,0.9690618515014648,0.8034607172012329
YKL034W,YKL053C-A,0,-5.415599,0.10782898217439651,0.9690618515014648,0.803560733795166
YOR090C,YOL043C,0,-5.4162455,0.10781700909137726,0.9690618515014648,0.8036607503890991
YKL168C,YPR184W,0,-5.416755,0.1078050434589386,0.9690618515014648,0.8037607669830322
YPL163C,YGL073W,0,-5.4170732,0.10779307037591934,0.9690618515014648,0.8038607835769653
YKL130C,YMR223W,0,-5.418833,0.10778110474348068,0.9690618515014648,0.8039608001708984
YHR172W,YPR190C,0,-5.421135,0.10776914656162262,0.9690618515014648,0.8040608167648315
YEL012W,YOR045W,0,-5.4239197,0.10775718837976456,0.9690618515014648,0.8041608333587646
YEL027W,YPR125W,0,-5.42437,0.1077452301979065,0.9690618515014648,0.8042608499526978
YKR079C,YDR262W,0,-5.4313097,0.10773327201604843,0.9690618515014648,0.8043608665466309
YBR222C,YPR154W,0,-5.432232,0.10772132128477097,0.9690618515014648,0.804460883140564
YOR038C,YKL028W,0,-5.43268,0.1077093705534935,0.9690618515014648,0.8045608997344971
YDL106C,YNL146W,0,-5.4337597,0.10769742727279663,0.9690618515014648,0.8046609163284302
YKL212W,YHR076W,0,-5.4394293,0.10768548399209976,0.9690618515014648,0.8047609329223633
YGR116W,YDR375C,0,-5.4480214,0.1076735407114029,0.9690618515014648,0.8048609495162964
YPL089C,YPR063C,0,-5.4507318,0.10766160488128662,0.9690618515014648,0.8049609661102295
YMR217W,YKR090W,0,-5.4519644,0.10764966905117035,0.9690618515014648,0.8050609827041626
YNL197C,YER118C,1,-5.4576573,0.10774858295917511,0.970059871673584,0.8050609827041626
YLR249W,YIL172C,0,-5.4580092,0.10773664712905884,0.970059871673584,0.8051610589027405
YOL122C,YDR281C,0,-5.4585886,0.10772470384836197,0.970059871673584,0.8052610754966736
YIL107C,YBR272C,0,-5.4618692,0.1077127680182457,0.970059871673584,0.8053610920906067
YDR030C,YNL137C,0,-5.469755,0.10770083218812943,0.970059871673584,0.8054611086845398
YMR315W,YOR271C,0,-5.4713154,0.10768889635801315,0.970059871673584,0.8055611252784729
YLR068W,YBL010C,0,-5.4725,0.10767696797847748,0.970059871673584,0.805661141872406
YFR033C,YBR182C,0,-5.4733725,0.1076650395989418,0.970059871673584,0.8057611584663391
YIL115C,YPR173C,0,-5.47605,0.10765311866998672,0.970059871673584,0.8058611750602722
YDL210W,YDL215C,0,-5.479358,0.10764119774103165,0.970059871673584,0.8059611916542053
YKL165C,YBR129C,0,-5.4793835,0.10762927681207657,0.970059871673584,0.8060612082481384
YER048W-A,YDR224C,0,-5.4816236,0.10761736333370209,0.970059871673584,0.8061612248420715
YDL127W,YBR264C,0,-5.488334,0.1076054498553276,0.970059871673584,0.8062612414360046
YBR260C,YPL145C,0,-5.4884048,0.10759353637695312,0.970059871673584,0.8063612580299377
YLR306W,YPR134W,0,-5.4925766,0.10758163034915924,0.970059871673584,0.8064612746238708
YIL076W,YOR363C,0,-5.4941635,0.10756972432136536,0.970059871673584,0.806561291217804
YJL128C,YOL062C,0,-5.495539,0.10755781829357147,0.970059871673584,0.8066613078117371
YLR196W,YLR285W,0,-5.4985056,0.10754591971635818,0.970059871673584,0.8067613244056702
YPL196W,YBR275C,0,-5.4992685,0.1075340211391449,0.970059871673584,0.806861400604248
YJL019W,YNL278W,0,-5.502778,0.10752212256193161,0.970059871673584,0.8069614171981812
YJL112W,YLR154C,0,-5.5033407,0.10751023143529892,0.970059871673584,0.8070614337921143
YJL141C,YGL227W,0,-5.506158,0.10749834030866623,0.970059871673584,0.8071614503860474
YPL098C,YLR055C,0,-5.509689,0.10748645663261414,0.970059871673584,0.8072614669799805
YLR100W,YJR026W,0,-5.5107694,0.10747456550598145,0.970059871673584,0.8073614835739136
YKL119C,YPR043W,0,-5.514476,0.10746268928050995,0.970059871673584,0.8074615001678467
YBL037W,YPL178W,0,-5.516987,0.10745080560445786,0.970059871673584,0.8075615167617798
YHR103W,YDR148C,0,-5.5235195,0.10743892937898636,0.970059871673584,0.8076615333557129
YKL063C,YFL026W,0,-5.5273886,0.10742705315351486,0.970059871673584,0.807761549949646
YBR254C,YAL002W,0,-5.528596,0.10741518437862396,0.970059871673584,0.8078615665435791
YEL027W,YPL096C-A,0,-5.5325613,0.10740331560373306,0.970059871673584,0.8079615831375122
YDL030W,YGL144C,0,-5.5328355,0.10739144682884216,0.970059871673584,0.8080615997314453
YJR104C,YPR055W,0,-5.540019,0.10737958550453186,0.970059871673584,0.8081616163253784
YEL059C-A,YJR068W,0,-5.5404983,0.10736772418022156,0.970059871673584,0.8082616329193115
YIR009W,YEL044W,0,-5.5440254,0.10735586285591125,0.970059871673584,0.8083616495132446
YOR228C,YGR229C,0,-5.5445013,0.10734400898218155,0.970059871673584,0.8084616661071777
YPR030W,YLR158C,0,-5.546955,0.10733215510845184,0.970059871673584,0.8085616827011108
YGL142C,YGL233W,0,-5.548574,0.10732030123472214,0.970059871673584,0.8086617588996887
YDL006W,YDR322W,0,-5.549522,0.10730845481157303,0.970059871673584,0.8087617754936218
YOL102C,YHR067W,0,-5.5530133,0.10729660838842392,0.970059871673584,0.8088617920875549
YPR080W,YJR083C,0,-5.555131,0.10728476941585541,0.970059871673584,0.808961808681488
YGL026C,YNL293W,0,-5.55631,0.1072729304432869,0.970059871673584,0.8090618252754211
YGL095C,YER126C,0,-5.5585966,0.10726109147071838,0.970059871673584,0.8091618418693542
YPL138C,YNR038W,0,-5.5587173,0.10724925249814987,0.970059871673584,0.8092618584632874
YOR359W,YHR039C-A,0,-5.560852,0.10723742097616196,0.970059871673584,0.8093618750572205
YMR149W,YNL280C,0,-5.5619526,0.10722558945417404,0.970059871673584,0.8094618916511536
YIL042C,YER103W,0,-5.5621977,0.10721376538276672,0.970059871673584,0.8095619082450867
YBL030C,YNR032C-A,0,-5.5676556,0.1072019413113594,0.970059871673584,0.8096619248390198
YIL087C,YGR169C,0,-5.568696,0.10719011723995209,0.970059871673584,0.8097619414329529
YNL219C,YDR350C,0,-5.570559,0.10717830061912537,0.970059871673584,0.809861958026886
YKR059W,YNL073W,0,-5.573655,0.10716648399829865,0.970059871673584,0.8099619746208191
YDL012C,YLR007W,0,-5.575148,0.10715466737747192,0.970059871673584,0.8100619912147522
YGL210W,YCL039W,0,-5.576335,0.1071428582072258,0.970059871673584,0.8101620078086853
YPR143W,YLL008W,0,-5.57799,0.10713104903697968,0.970059871673584,0.8102620244026184
YNL024C,YIL118W,0,-5.5787134,0.10711923986673355,0.970059871673584,0.8103621006011963
YBR273C,YDR361C,0,-5.5813656,0.10710743814706802,0.970059871673584,0.8104621171951294
YDR369C,YGR106C,0,-5.584692,0.1070956364274025,0.970059871673584,0.8105621337890625
YJL024C,YMR239C,0,-5.586754,0.10708383470773697,0.970059871673584,0.8106621503829956
YBR010W,YAL039C,0,-5.5917683,0.10707204043865204,0.970059871673584,0.8107621669769287
YBR247C,YCL039W,0,-5.5922623,0.10706024616956711,0.970059871673584,0.8108621835708618
YLR043C,YGL238W,0,-5.595052,0.10704845935106277,0.970059871673584,0.8109622001647949
YMR059W,YJR048W,0,-5.59609,0.10703667253255844,0.970059871673584,0.811062216758728
YGL085W,YKL134C,0,-5.60277,0.10702488571405411,0.970059871673584,0.8111622333526611
YNL070W,YNL176C,0,-5.605234,0.10701309889554977,0.970059871673584,0.8112622499465942
YDL012C,YDR513W,0,-5.6061106,0.10700131952762604,0.970059871673584,0.8113622665405273
YKR105C,YMR125W,0,-5.606771,0.1069895401597023,0.970059871673584,0.8114622831344604
YOR327C,YDL076C,0,-5.6071196,0.10697776824235916,0.970059871673584,0.8115622997283936
YJR063W,YJR151C,0,-5.6115923,0.10696599632501602,0.970059871673584,0.8116623163223267
YLR197W,YER089C,0,-5.6125507,0.10695422440767288,0.970059871673584,0.8117623329162598
YMR002W,YJR033C,0,-5.6139755,0.10694245994091034,0.970059871673584,0.8118623495101929
YML106W,YGL014W,0,-5.6152773,0.1069306954741478,0.970059871673584,0.811962366104126
YKL196C,YDR437W,0,-5.615668,0.10691893100738525,0.970059871673584,0.8120623826980591
YDR200C,YIR023W,0,-5.616047,0.10690717399120331,0.970059871673584,0.812162458896637
YDR332W,YNL251C,0,-5.6181073,0.10689541697502136,0.970059871673584,0.8122624754905701
YMR241W,YOR369C,0,-5.624412,0.10688365995883942,0.970059871673584,0.8123624920845032
YDR076W,YCR063W,0,-5.629056,0.10687191039323807,0.970059871673584,0.8124625086784363
YGL172W,YLR189C,0,-5.629723,0.10686016082763672,0.970059871673584,0.8125625252723694
YFR016C,YEL044W,0,-5.6297874,0.10684841126203537,0.970059871673584,0.8126625418663025
YLR103C,YOR116C,0,-5.6318264,0.10683666914701462,0.970059871673584,0.8127625584602356
YMR072W,YPR160W,0,-5.634594,0.10682492703199387,0.970059871673584,0.8128625750541687
YDR483W,YPL096C-A,0,-5.63864,0.10681318491697311,0.970059871673584,0.8129625916481018
YPL144W,YPL169C,0,-5.641115,0.10680145025253296,0.970059871673584,0.8130626082420349
YDR064W,YMR221C,0,-5.6431875,0.1067897155880928,0.970059871673584,0.813162624835968
YML018C,YDR222W,0,-5.644297,0.10677798837423325,0.970059871673584,0.8132626414299011
YKL108W,YOR068C,0,-5.646884,0.10676625370979309,0.970059871673584,0.8133626580238342
YKR054C,YIL160C,0,-5.647829,0.10675453394651413,0.970059871673584,0.8134626746177673
YMR016C,YGR169C,0,-5.6498265,0.10674280673265457,0.970059871673584,0.8135626912117004
YER030W,YKR077W,0,-5.6545887,0.10673108696937561,0.970059871673584,0.8136627078056335
YIL072W,YIL153W,0,-5.6548686,0.10671936720609665,0.970059871673584,0.8137627243995667
YPR002W,YDL189W,0,-5.656055,0.10670765489339828,0.970059871673584,0.8138628005981445
YHR113W,YDR362C,0,-5.659282,0.10669593513011932,0.970059871673584,0.8139628171920776
YGR144W,YDR261C,0,-5.6610823,0.10668423026800156,0.970059871673584,0.8140628337860107
YHR024C,YCR077C,0,-5.6643167,0.10667251795530319,0.970059871673584,0.8141628503799438
YNL189W,YPL262W,0,-5.6722984,0.10666081309318542,0.970059871673584,0.814262866973877
YCL047C,YDR248C,0,-5.676094,0.10664910823106766,0.970059871673584,0.8143628835678101
YML081C-A,YDL160C,0,-5.6772776,0.10663741081953049,0.970059871673584,0.8144629001617432
YOR076C,YNL261W,0,-5.678403,0.10662571340799332,0.970059871673584,0.8145629167556763
YHR089C,YHR052W,0,-5.6785164,0.10661401599645615,0.970059871673584,0.8146629333496094
YDR033W,YJR028W,0,-5.680829,0.10660232603549957,0.970059871673584,0.8147629499435425
YGL120C,YIL109C,0,-5.6833653,0.106590636074543,0.970059871673584,0.8148629665374756
YGR122W,YLR417W,0,-5.683755,0.10657894611358643,0.970059871673584,0.8149629831314087
YHR082C,YJL186W,0,-5.687607,0.10656726360321045,0.970059871673584,0.8150629997253418
YBR159W,YIL096C,0,-5.6879845,0.10655558109283447,0.970059871673584,0.8151630163192749
YDR067C,YJR042W,0,-5.6880074,0.1065438985824585,0.970059871673584,0.815263032913208
YOR209C,YCR086W,0,-5.6912613,0.10653222352266312,0.970059871673584,0.8153630495071411
YBR131W,YIL034C,0,-5.693354,0.10652054846286774,0.970059871673584,0.8154630661010742
YJL096W,YJL140W,0,-5.6936297,0.10650887340307236,0.970059871673584,0.8155631422996521
YCR021C,YML109W,0,-5.697935,0.10649720579385757,0.970059871673584,0.8156631588935852
YPL112C,YGL018C,0,-5.699464,0.10648553818464279,0.970059871673584,0.8157631754875183
YAL048C,YAL062W,0,-5.7088184,0.1064738780260086,0.970059871673584,0.8158631920814514
YOR264W,YDR108W,0,-5.715393,0.10646221041679382,0.970059871673584,0.8159632086753845
YOR324C,YNL217W,0,-5.718281,0.10645055025815964,0.970059871673584,0.8160632252693176
YMR125W,YIL034C,0,-5.7212343,0.10643889755010605,0.970059871673584,0.8161632418632507
YML067C,YDR005C,0,-5.72346,0.10642724484205246,0.970059871673584,0.8162632584571838
YKR035W-A,YJR110W,0,-5.7241187,0.10641559213399887,0.970059871673584,0.8163632750511169
YDR110W,YDR472W,0,-5.7242393,0.10640393942594528,0.970059871673584,0.81646329164505
YMR300C,YCL069W,0,-5.724943,0.10639229416847229,0.970059871673584,0.8165633082389832
YDR478W,YOR019W,0,-5.73046,0.1063806489109993,0.970059871673584,0.8166633248329163
YDR173C,YLL017W,0,-5.7319164,0.1063690111041069,0.970059871673584,0.8167633414268494
YOR340C,YBL079W,0,-5.732377,0.10635736584663391,0.970059871673584,0.8168633580207825
YGR200C,YJL112W,0,-5.733623,0.10634573549032211,0.970059871673584,0.8169633746147156
YHR110W,YBL057C,0,-5.7343264,0.10633409768342972,0.970059871673584,0.8170633912086487
YOR247W,YOR117W,0,-5.737932,0.10632246732711792,0.970059871673584,0.8171634078025818
YGR200C,YHR052W,0,-5.740417,0.10631083697080612,0.970059871673584,0.8172634243965149
YOR338W,YEL012W,0,-5.7435484,0.10629921406507492,0.970059871673584,0.8173635005950928
YKL024C,YML077W,0,-5.745371,0.10628759115934372,0.970059871673584,0.8174635171890259
YDL190C,YDL142C,0,-5.747498,0.10627596825361252,0.970059871673584,0.817563533782959
YBR001C,YJL073W,0,-5.747796,0.10626434534788132,0.970059871673584,0.8176635503768921
YML051W,YDR078C,0,-5.750496,0.10625272989273071,0.970059871673584,0.8177635669708252
YOR027W,YDL171C,0,-5.7574406,0.1062411218881607,0.970059871673584,0.8178635835647583
YIL039W,YDR362C,0,-5.761344,0.1062295064330101,0.970059871673584,0.8179636001586914
YHR027C,YDR002W,0,-5.7632008,0.1062178984284401,0.970059871673584,0.8180636167526245
YDR312W,YLR384C,0,-5.764818,0.10620629042387009,0.970059871673584,0.8181636333465576
YMR227C,YMR223W,0,-5.7655306,0.10619468986988068,0.970059871673584,0.8182636499404907
YDR059C,YER071C,0,-5.7671933,0.10618308931589127,0.970059871673584,0.8183636665344238
YNL197C,YMR238W,1,-5.768417,0.10628072172403336,0.9710578918457031,0.8183636665344238
YHL007C,YLR229C,1,-5.7698097,0.10637833178043365,0.9720559120178223,0.8183636665344238
YOR388C,YMR091C,0,-5.76986,0.10636671632528305,0.9720559120178223,0.8184636831283569
YOR075W,YHR056C,0,-5.7703,0.10635510087013245,0.9720559120178223,0.81856369972229
YBL085W,YBR218C,0,-5.770939,0.10634348541498184,0.9720559120178223,0.8186637163162231
YLR220W,YJR029W,0,-5.771451,0.10633187741041183,0.9720559120178223,0.8187637329101562
YDL091C,YOL056W,0,-5.7783346,0.10632026940584183,0.9720559120178223,0.8188637495040894
YER087C-B,YMR159C,0,-5.7806373,0.10630866885185242,0.9720559120178223,0.8189637660980225
YGL096W,YMR250W,0,-5.781357,0.10629706084728241,0.9720559120178223,0.8190638422966003
YLL040C,YER171W,0,-5.7815084,0.1062854677438736,0.9720559120178223,0.8191638588905334
YPL168W,YER060W,0,-5.7823043,0.10627386718988419,0.9720559120178223,0.8192638754844666
YKL099C,YDR361C,0,-5.784916,0.10626227408647537,0.9720559120178223,0.8193638920783997
YHR033W,YGR129W,0,-5.78536,0.10625068098306656,0.9720559120178223,0.8194639086723328
YMR213W,YOR091W,0,-5.7867255,0.10623909533023834,0.9720559120178223,0.8195639252662659
YIL049W,YER118C,1,-5.789908,0.1063365712761879,0.9730538725852966,0.8195639252662659
YNL185C,YEL024W,0,-5.7926135,0.10632497072219849,0.9730538725852966,0.819663941860199
YKL210W,YNL112W,0,-5.79432,0.10631337761878967,0.9730538725852966,0.8197639584541321
YGL244W,YPL148C,0,-5.7950993,0.10630178451538086,0.9730538725852966,0.8198639750480652
YOR025W,YMR308C,0,-5.796733,0.10629019886255264,0.9730538725852966,0.8199639916419983
YDR122W,YGL005C,0,-5.7970896,0.10627861320972443,0.9730538725852966,0.8200640082359314
YGR263C,YKL117W,0,-5.797784,0.10626702755689621,0.9730538725852966,0.8201640248298645
YBR131W,YER133W,0,-5.7983303,0.10625544935464859,0.9730538725852966,0.8202640414237976
YMR221C,YMR269W,0,-5.7990694,0.10624387115240097,0.9730538725852966,0.8203640580177307
YGL085W,YCR030C,0,-5.8146443,0.10623229295015335,0.9730538725852966,0.8204640746116638
YNL121C,YDL123W,0,-5.8165503,0.10622072219848633,0.9730538725852966,0.8205640912055969
YEL038W,YHR088W,0,-5.8202305,0.1062091514468193,0.9730538725852966,0.82066410779953
YPL209C,YLR015W,0,-5.823792,0.10619758069515228,0.9730538725852966,0.8207641243934631
YOR241W,YIL138C,0,-5.8313828,0.10618601739406586,0.9730538725852966,0.820864200592041
YNR022C,YBR074W,0,-5.8338714,0.10617445409297943,0.9730538725852966,0.8209642171859741
YOL092W,YCR020C,0,-5.8345737,0.106162890791893,0.9730538725852966,0.8210642337799072
YIL053W,YIL120W,0,-5.8354273,0.10615133494138718,0.9730538725852966,0.8211642503738403
YLR068W,YLR147C,0,-5.835531,0.10613977909088135,0.9730538725852966,0.8212642669677734
YNL020C,YKL090W,0,-5.8405647,0.10612822324037552,0.9730538725852966,0.8213642835617065
YAR031W,YDR188W,0,-5.8439627,0.10611667484045029,0.9730538725852966,0.8214643001556396
YGR037C,YDL085W,0,-5.8461404,0.10610512644052505,0.9730538725852966,0.8215643167495728
YNL318C,YDL138W,0,-5.8499613,0.10609357804059982,0.9730538725852966,0.8216643333435059
YMR153W,YLR096W,0,-5.8516417,0.10608203709125519,0.9730538725852966,0.821764349937439
YHR171W,YKL172W,0,-5.85294,0.10607049614191055,0.9730538725852966,0.8218643665313721
YDR423C,YPR141C,0,-5.859447,0.10605895519256592,0.9730538725852966,0.8219643831253052
YDL142C,YDR047W,0,-5.8598013,0.10604742169380188,0.9730538725852966,0.8220643997192383
YOL123W,YOR222W,0,-5.8637247,0.10603588819503784,0.9730538725852966,0.8221644163131714
YDR011W,YHR027C,0,-5.8771925,0.1060243546962738,0.9730538725852966,0.8222644329071045
YDR098C,YOR067C,0,-5.877651,0.10601282864809036,0.9730538725852966,0.8223644495010376
YOR262W,YMR198W,0,-5.878229,0.10600130259990692,0.9730538725852966,0.8224644660949707
YLR191W,YGR035C,0,-5.878969,0.10598978400230408,0.9730538725852966,0.8225645422935486
YCR037C,YOL145C,0,-5.8826523,0.10597825795412064,0.9730538725852966,0.8226645588874817
YLR237W,YGL241W,0,-5.8847446,0.10596673935651779,0.9730538725852966,0.8227645754814148
YDR306C,YLR246W,0,-5.884932,0.10595522820949554,0.9730538725852966,0.8228645920753479
YHR150W,YKL069W,0,-5.8859262,0.1059437170624733,0.9730538725852966,0.822964608669281
YHR020W,YOR327C,0,-5.886715,0.10593220591545105,0.9730538725852966,0.8230646252632141
YLL048C,YOR193W,0,-5.8897324,0.1059206947684288,0.9730538725852966,0.8231646418571472
YOR316C,YDR312W,0,-5.8947954,0.10590919107198715,0.9730538725852966,0.8232646584510803
YKR077W,YER106W,0,-5.8976707,0.1058976873755455,0.9730538725852966,0.8233646750450134
YML049C,YIL118W,0,-5.8979964,0.10588618367910385,0.9730538725852966,0.8234646916389465
YKR055W,YMR020W,0,-5.9008746,0.1058746874332428,0.9730538725852966,0.8235647082328796
YPR160W,YLR386W,0,-5.9015265,0.10586319118738174,0.9730538725852966,0.8236647248268127
YAL029C,YPL135W,0,-5.901889,0.10585170239210129,0.9730538725852966,0.8237647414207458
YDR174W,YBR131W,0,-5.9033003,0.10584020614624023,0.9730538725852966,0.823864758014679
YDR486C,YIL034C,0,-5.9036255,0.10582871735095978,0.9730538725852966,0.8239647746086121
YDL033C,YJR092W,0,-5.90699,0.10581723600625992,0.9730538725852966,0.8240647912025452
YKL014C,YDR047W,0,-5.9098864,0.10580575466156006,0.9730538725852966,0.8241648077964783
YJL060W,YPL180W,0,-5.914293,0.1057942733168602,0.9730538725852966,0.8242648243904114
YPL010W,YNL218W,0,-5.9166293,0.10578279197216034,0.9730538725852966,0.8243649005889893
YAL058W,YKL164C,0,-5.921548,0.10577131807804108,0.9730538725852966,0.8244649171829224
YDR298C,YAL024C,0,-5.922906,0.10575984418392181,0.9730538725852966,0.8245649337768555
YML051W,YER090W,0,-5.923229,0.10574837028980255,0.9730538725852966,0.8246649503707886
YHR086W,YDR179C,0,-5.923632,0.10573690384626389,0.9730538725852966,0.8247649669647217
YMR054W,YML109W,0,-5.924325,0.10572543740272522,0.9730538725852966,0.8248649835586548
YBR202W,YDR224C,0,-5.9254913,0.10571397840976715,0.9730538725852966,0.8249650001525879
YHR140W,YPR128C,0,-5.92631,0.10570251196622849,0.9730538725852966,0.825065016746521
YHR118C,YOL103W,0,-5.9303846,0.10569106042385101,0.9730538725852966,0.8251650333404541
YDR251W,YBR083W,1,-5.932002,0.10578799247741699,0.9740518927574158,0.8251650333404541
YOR070C,YIL130W,0,-5.932637,0.10577652603387833,0.9740518927574158,0.8252650499343872
YDR364C,YLR270W,0,-5.9344215,0.10576505959033966,0.9740518927574158,0.8253650665283203
YJR027W,YIL002C,0,-5.935242,0.10575360059738159,0.9740518927574158,0.8254650831222534
YBR080C,YLR025W,0,-5.9358206,0.10574214160442352,0.9740518927574158,0.8255650997161865
YOL031C,YOR089C,0,-5.9371166,0.10573069006204605,0.9740518927574158,0.8256651163101196
YLR001C,YNL016W,0,-5.938423,0.10571923851966858,0.9740518927574158,0.8257651329040527
YAL030W,YGL200C,0,-5.9388843,0.10570778697729111,0.9740518927574158,0.8258651494979858
YIL107C,YLR042C,0,-5.9404087,0.10569634288549423,0.9740518927574158,0.825965166091919
YGR159C,YOL078W,0,-5.941674,0.10568489134311676,0.9740518927574158,0.8260652422904968
YHR214C-B,YBR299W,0,-5.9447527,0.10567345470190048,0.9740518927574158,0.8261652588844299
YIL113W,YKL013C,0,-5.947803,0.10566201061010361,0.9740518927574158,0.826265275478363
YDR170C,YPL002C,0,-5.9500217,0.10565057396888733,0.9740518927574158,0.8263652920722961
YMR218C,YNL156C,0,-5.950205,0.10563913732767105,0.9740518927574158,0.8264653086662292
YIR011C,YMR114C,0,-5.954836,0.10562770813703537,0.9740518927574158,0.8265653252601624
YML030W,YLL053C,0,-5.957152,0.10561627894639969,0.9740518927574158,0.8266653418540955
YPL262W,YNL032W,0,-5.9590435,0.10560484975576401,0.9740518927574158,0.8267653584480286
YDR297W,YML113W,0,-5.9645934,0.10559342056512833,0.9740518927574158,0.8268653750419617
YPR188C,YOR044W,0,-5.9690266,0.10558199882507324,0.9740518927574158,0.8269653916358948
YMR227C,YDR040C,0,-5.9743576,0.10557057708501816,0.9740518927574158,0.8270654082298279
YJL156C,YJR075W,0,-5.9750624,0.10555916279554367,0.9740518927574158,0.827165424823761
YHR061C,YJL212C,0,-5.9823437,0.10554774850606918,0.9740518927574158,0.8272654414176941
YNL298W,YKR038C,0,-5.983157,0.1055363342165947,0.9740518927574158,0.8273654580116272
YDR253C,YJR006W,0,-5.9880104,0.10552491992712021,0.9740518927574158,0.8274654746055603
YPR037C,YJR151C,0,-5.990571,0.10551351308822632,0.9740518927574158,0.8275654911994934
YLR367W,YDR404C,0,-5.9935546,0.10550210624933243,0.9740518927574158,0.8276655077934265
YDR151C,YBR155W,0,-5.9946527,0.10549070686101913,0.9740518927574158,0.8277655243873596
YDL036C,YDL120W,0,-5.999548,0.10547930747270584,0.9740518927574158,0.8278656005859375
YDR004W,YMR077C,0,-6.000382,0.10546790808439255,0.9740518927574158,0.8279656171798706
YEL012W,YMR036C,0,-6.0018234,0.10545650869607925,0.9740518927574158,0.8280656337738037
YJL181W,YMR215W,0,-6.0069766,0.10544511675834656,0.9740518927574158,0.8281656503677368
YBR015C,YDL099W,0,-6.007673,0.10543372482061386,0.9740518927574158,0.8282656669616699
YHR066W,YOR193W,0,-6.008209,0.10542234033346176,0.9740518927574158,0.828365683555603
YBR107C,YNL181W,0,-6.009095,0.10541094839572906,0.9740518927574158,0.8284657001495361
YPR068C,YOR271C,0,-6.00956,0.10539957135915756,0.9740518927574158,0.8285657167434692
YNL233W,YDL065C,0,-6.009824,0.10538818687200546,0.9740518927574158,0.8286657333374023
YJR027W,YML067C,0,-6.010648,0.10537680983543396,0.9740518927574158,0.8287657499313354
YHL007C,YKL048C,1,-6.010749,0.10547339171171188,0.9750499129295349,0.8287657499313354
YDR473C,YNL259C,0,-6.0131464,0.10546199977397919,0.9750499129295349,0.8288657665252686
YBR050C,YAL025C,0,-6.0164866,0.10545062273740768,0.9750499129295349,0.8289657831192017
YPL180W,YBR261C,0,-6.02499,0.10543923825025558,0.9750499129295349,0.8290657997131348
YGR222W,YNL182C,0,-6.0251465,0.10542786121368408,0.9750499129295349,0.8291658163070679
YMR211W,YER089C,0,-6.029447,0.10541648417711258,0.9750499129295349,0.829265832901001
YDR207C,YKR096W,0,-6.0322857,0.10540511459112167,0.9750499129295349,0.8293658494949341
YBR065C,YHR074W,0,-6.0392275,0.10539374500513077,0.9750499129295349,0.8294658660888672
YNL118C,YER139C,0,-6.040191,0.10538237541913986,0.9750499129295349,0.8295659422874451
YFL048C,YGL006W,0,-6.042897,0.10537100583314896,0.9750499129295349,0.8296659588813782
YPL089C,YKL129C,0,-6.043022,0.10535964369773865,0.9750499129295349,0.8297659754753113
YKL165C,YDL134C,0,-6.0470095,0.10534828901290894,0.9750499129295349,0.8298659920692444
YER050C,YFL026W,0,-6.0509176,0.10533692687749863,0.9750499129295349,0.8299660086631775
YLR150W,YBR091C,0,-6.051078,0.10532557219266891,0.9750499129295349,0.8300660252571106
YGL095C,YLR154C,0,-6.051141,0.1053142175078392,0.9750499129295349,0.8301660418510437
YDR227W,YBL026W,0,-6.0590734,0.10530287027359009,0.9750499129295349,0.8302660584449768
YLL061W,YNL073W,0,-6.060643,0.10529151558876038,0.9750499129295349,0.8303660750389099
YOL019W,YDR517W,0,-6.064183,0.10528017580509186,0.9750499129295349,0.830466091632843
YLR438C-A,YGR078C,0,-6.0711617,0.10526882857084274,0.9750499129295349,0.8305661082267761
YPR186C,YNL023C,0,-6.079327,0.10525748878717422,0.9750499129295349,0.8306661248207092
YPR133C,YPR070W,0,-6.0835886,0.1052461490035057,0.9750499129295349,0.8307661414146423
YDR389W,YJR102C,0,-6.084828,0.10523480921983719,0.9750499129295349,0.8308661580085754
YOR304W,YPL056C,0,-6.086026,0.10522347688674927,0.9750499129295349,0.8309661746025085
YGL200C,YDL111C,0,-6.0867467,0.10521214455366135,0.9750499129295349,0.8310661911964417
YOL141W,YMR286W,0,-6.089587,0.10520081967115402,0.9750499129295349,0.8311662077903748
YKL150W,YPR072W,0,-6.0929456,0.1051894947886467,0.9750499129295349,0.8312662243843079
YGR286C,YNL314W,0,-6.0933056,0.10517816990613937,0.9750499129295349,0.8313663005828857
YOL140W,YBR247C,0,-6.0968475,0.10516684502363205,0.9750499129295349,0.8314663171768188
YBL056W,YER100W,0,-6.0969753,0.10515552759170532,0.9750499129295349,0.831566333770752
YBL078C,YDR096W,0,-6.098895,0.1051442101597786,0.9750499129295349,0.8316663503646851
YOR351C,YNL056W,0,-6.1014,0.10513289272785187,0.9750499129295349,0.8317663669586182
YDL180W,YNL073W,0,-6.106786,0.10512158274650574,0.9750499129295349,0.8318663835525513
YPR106W,YGR089W,0,-6.1118155,0.1051102727651596,0.9750499129295349,0.8319664001464844
YOR076C,YHR067W,0,-6.11211,0.10509897023439407,0.9750499129295349,0.8320664167404175
YML009C,YOR363C,0,-6.117724,0.10508766025304794,0.9750499129295349,0.8321664333343506
YGR037C,YPL220W,0,-6.1183057,0.10507635772228241,0.9750499129295349,0.8322664499282837
YIL090W,YKR071C,0,-6.119568,0.10506506264209747,0.9750499129295349,0.8323664665222168
YKR099W,YKL063C,0,-6.119868,0.10505376011133194,0.9750499129295349,0.8324664831161499
YNL173C,YMR207C,0,-6.1199284,0.105042465031147,0.9750499129295349,0.832566499710083
YGR082W,YEL032W,0,-6.120106,0.10503117740154266,0.9750499129295349,0.8326665163040161
YLR411W,YBR029C,0,-6.120866,0.10501988977193832,0.9750499129295349,0.8327665328979492
YPR156C,YOR311C,0,-6.1215954,0.10500860214233398,0.9750499129295349,0.8328665494918823
YOL023W,YER062C,0,-6.122078,0.10499731451272964,0.9750499129295349,0.8329665660858154
YGL122C,YGL226W,0,-6.127089,0.1049860268831253,0.9750499129295349,0.8330666422843933
YKL174C,YDL141W,0,-6.129643,0.10497474670410156,0.9750499129295349,0.8331666588783264
YIL049W,YLR229C,1,-6.1298075,0.10507090389728546,0.976047933101654,0.8331666588783264
YOL080C,YGR101W,0,-6.13323,0.10505961626768112,0.976047933101654,0.8332666754722595
YPR173C,YPL002C,0,-6.140128,0.10504833608865738,0.976047933101654,0.8333666920661926
YNL112W,YNL191W,0,-6.142885,0.10503705590963364,0.976047933101654,0.8334667086601257
YBL103C,YOR351C,0,-6.1437755,0.1050257757306099,0.976047933101654,0.8335667252540588
YPL105C,YGL148W,0,-6.148756,0.10501449555158615,0.976047933101654,0.8336667418479919
YGL246C,YLR268W,0,-6.15574,0.105003222823143,0.976047933101654,0.833766758441925
YML081W,YGL216W,0,-6.1572456,0.10499195009469986,0.976047933101654,0.8338667750358582
YML034W,YBR081C,0,-6.1627827,0.10498067736625671,0.976047933101654,0.8339667916297913
YPL105C,YBL038W,0,-6.1654673,0.10496941208839417,0.976047933101654,0.8340668082237244
YOR059C,YGL172W,0,-6.1657896,0.10495814681053162,0.976047933101654,0.8341668248176575
YGL119W,YGL005C,0,-6.1667256,0.10494688153266907,0.976047933101654,0.8342668414115906
YDL130W-A,YER154W,0,-6.168227,0.10493562370538712,0.976047933101654,0.8343668580055237
YJL004C,YOR315W,0,-6.1690493,0.10492436587810516,0.976047933101654,0.8344668745994568
YBL055C,YMR201C,0,-6.1712494,0.10491310805082321,0.976047933101654,0.8345668911933899
YER112W,YHR077C,0,-6.1733108,0.10490185767412186,0.976047933101654,0.834666907787323
YFR025C,YCR026C,0,-6.174692,0.1048906072974205,0.976047933101654,0.8347669243812561
YPR034W,YOR239W,0,-6.1768064,0.10487935692071915,0.976047933101654,0.834867000579834
YJL221C,YIL136W,0,-6.179631,0.10486811399459839,0.976047933101654,0.8349670171737671
YDL112W,YGL073W,0,-6.1796536,0.10485686361789703,0.976047933101654,0.8350670337677002
YMR139W,YDR440W,0,-6.1835175,0.10484562814235687,0.976047933101654,0.8351670503616333
YBL022C,YKL143W,0,-6.1887455,0.10483438521623611,0.976047933101654,0.8352670669555664
YDR261C,YDL029W,0,-6.1903915,0.10482314974069595,0.976047933101654,0.8353670835494995
YOR275C,YHR090C,0,-6.1913276,0.10481191426515579,0.976047933101654,0.8354671001434326
YJR046W,YBR074W,0,-6.1941776,0.10480068624019623,0.976047933101654,0.8355671167373657
YFL013C,YJL080C,0,-6.1989822,0.10478945821523666,0.976047933101654,0.8356671333312988
YDL127W,YPL203W,0,-6.2065344,0.1047782301902771,0.976047933101654,0.8357671499252319
YPR182W,YDL072C,0,-6.2104955,0.10476700961589813,0.976047933101654,0.835867166519165
YBL100W-B,YGL068W,0,-6.2120357,0.10475578159093857,0.976047933101654,0.8359671831130981
YCL064C,YDL227C,0,-6.2150507,0.1047445610165596,0.976047933101654,0.8360671997070312
YOL151W,YHR114W,0,-6.215511,0.10473334789276123,0.976047933101654,0.8361672163009644
YOR101W,YLR425W,0,-6.2167454,0.10472213476896286,0.976047933101654,0.8362672328948975
YER023W,YFR010W,0,-6.220075,0.10471092164516449,0.976047933101654,0.8363672494888306
YAL017W,YDR398W,0,-6.2270765,0.10469970852136612,0.976047933101654,0.8364672660827637
YDR308C,YDR213W,0,-6.228069,0.10468850284814835,0.976047933101654,0.8365673422813416
YHR174W,YMR168C,0,-6.2310195,0.10467729717493057,0.976047933101654,0.8366673588752747
YLL040C,YBL051C,0,-6.2381563,0.1046660989522934,0.976047933101654,0.8367673754692078
YDR039C,YFL044C,0,-6.2420754,0.10465489327907562,0.976047933101654,0.8368673920631409
YIL113W,YPL097W,0,-6.246456,0.10464369505643845,0.976047933101654,0.836967408657074
YDL106C,YJR015W,0,-6.2477074,0.10463250428438187,0.976047933101654,0.8370674252510071
YHR197W,YOR252W,0,-6.2483454,0.10462130606174469,0.976047933101654,0.8371674418449402
YAR033W,YIL154C,0,-6.24983,0.10461011528968811,0.976047933101654,0.8372674584388733
YOR080W,YER068W,0,-6.259193,0.10459893196821213,0.976047933101654,0.8373674750328064
YDR033W,YDR304C,0,-6.262796,0.10458774119615555,0.976047933101654,0.8374674916267395
YPR178W,YMR020W,0,-6.2664766,0.10457655787467957,0.976047933101654,0.8375675082206726
YPL100W,YDL140C,0,-6.271703,0.10456538200378418,0.976047933101654,0.8376675248146057
YNL236W,YOR299W,0,-6.2722654,0.1045541986823082,0.976047933101654,0.8377675414085388
YOR380W,YNL031C,0,-6.2732854,0.10454302281141281,0.976047933101654,0.8378675580024719
YBR015C,YML049C,0,-6.2817945,0.10453185439109802,0.976047933101654,0.837967574596405
YBR271W,YMR243C,0,-6.2881145,0.10452067852020264,0.976047933101654,0.8380675911903381
YBR230C,YNR074C,0,-6.2892118,0.10450951009988785,0.976047933101654,0.8381676077842712
YOR027W,YDR078C,0,-6.2927737,0.10449834167957306,0.976047933101654,0.8382676243782043
YHL044W,YHR089C,0,-6.2938075,0.10448718070983887,0.976047933101654,0.8383677005767822
YML076C,YPL082C,0,-6.299428,0.10447601974010468,0.976047933101654,0.8384677171707153
YMR223W,YKL154W,0,-6.3046474,0.10446485877037048,0.976047933101654,0.8385677337646484
YPL101W,YLR079W,0,-6.3048058,0.10445369780063629,0.976047933101654,0.8386677503585815
YNL147W,YGL226W,0,-6.3057017,0.1044425442814827,0.976047933101654,0.8387677669525146
YDR135C,YMR006C,0,-6.3072367,0.1044313907623291,0.976047933101654,0.8388677835464478
YGR221C,YGL226C-A,0,-6.3095922,0.1044202446937561,0.976047933101654,0.8389678001403809
YDL074C,YIR014W,0,-6.31243,0.1044090986251831,0.976047933101654,0.839067816734314
YER008C,YMR094W,0,-6.31474,0.10439795255661011,0.976047933101654,0.8391678333282471
YHR164C,YPL274W,0,-6.3168178,0.10438680648803711,0.976047933101654,0.8392678499221802
YCL004W,YCL039W,0,-6.3222017,0.10437566787004471,0.976047933101654,0.8393678665161133
YGL192W,YNL314W,0,-6.3256273,0.10436452925205231,0.976047933101654,0.8394678831100464
YHR204W,YBR231C,0,-6.326744,0.1043533906340599,0.976047933101654,0.8395678997039795
YER033C,YOR060C,0,-6.330854,0.1043422594666481,0.976047933101654,0.8396679162979126
YJL134W,YGL192W,0,-6.3329782,0.1043311282992363,0.976047933101654,0.8397679328918457
YLR060W,YBR101C,0,-6.3382,0.1043199971318245,0.976047933101654,0.8398679494857788
YDR358W,YBL057C,0,-6.3396444,0.10430887341499329,0.976047933101654,0.8399679660797119
YCL036W,YNL231C,0,-6.3398576,0.10429774969816208,0.976047933101654,0.8400680422782898
YHL003C,YFR045W,0,-6.347475,0.10428662598133087,0.976047933101654,0.8401680588722229
YER007W,YLL018C-A,0,-6.34789,0.10427550971508026,0.976047933101654,0.840268075466156
YMR262W,YKR006C,0,-6.3511677,0.10426439344882965,0.976047933101654,0.8403680920600891
YCL050C,YDR334W,0,-6.3536716,0.10425327718257904,0.976047933101654,0.8404681086540222
YAR007C,YHR085W,0,-6.3542786,0.10424216836690903,0.976047933101654,0.8405681252479553
YDR345C,YNL096C,0,-6.3558865,0.10423105955123901,0.976047933101654,0.8406681418418884
YLR300W,YGL213C,0,-6.356955,0.104219950735569,0.976047933101654,0.8407681584358215
YOR382W,YDR320C-A,0,-6.357666,0.10420884191989899,0.976047933101654,0.8408681750297546
YDL143W,YJR010W,0,-6.3577824,0.10419774055480957,0.976047933101654,0.8409681916236877
YLR120C,YNL158W,0,-6.358755,0.10418663918972015,0.976047933101654,0.8410682082176208
YPL093W,YHR066W,0,-6.3589945,0.10417554527521133,0.976047933101654,0.841168224811554
YER178W,YLR299W,0,-6.360674,0.10416445136070251,0.976047933101654,0.8412682414054871
YLR191W,YDR407C,0,-6.36163,0.1041533574461937,0.976047933101654,0.8413682579994202
YMR112C,YKR044W,0,-6.365093,0.10414226353168488,0.976047933101654,0.8414682745933533
YER109C,YLR229C,1,-6.3699975,0.1042376458644867,0.9770458936691284,0.8414682745933533
YER101C,YER120W,0,-6.3710628,0.10422655194997787,0.9770458936691284,0.8415682911872864
YOR257W,YER052C,0,-6.3725004,0.10421545803546906,0.9770458936691284,0.8416683077812195
YJR063W,YJL133W,0,-6.379184,0.10420436412096024,0.9770458936691284,0.8417683243751526
YDR453C,YJL108C,0,-6.3816476,0.10419327020645142,0.9770458936691284,0.8418684005737305
YHL011C,YDR279W,0,-6.382229,0.1041821837425232,0.9770458936691284,0.8419684171676636
YHR006W,YFR003C,0,-6.3847094,0.10417109727859497,0.9770458936691284,0.8420684337615967
YDR384C,YNL339C,0,-6.3849635,0.10416001826524734,0.9770458936691284,0.8421684503555298
YOR079C,YFL004W,0,-6.3852158,0.10414893925189972,0.9770458936691284,0.8422684669494629
YPR187W,YML092C,0,-6.3857126,0.1041378602385521,0.9770458936691284,0.842368483543396
YJL189W,YOR038C,0,-6.3865805,0.10412678122520447,0.9770458936691284,0.8424685001373291
YBR166C,YMR281W,0,-6.3873634,0.10411570966243744,0.9770458936691284,0.8425685167312622
YLR109W,YOR351C,0,-6.3901916,0.10410463809967041,0.9770458936691284,0.8426685333251953
YGL192W,YDR300C,0,-6.3966227,0.10409356653690338,0.9770458936691284,0.8427685499191284
YOR150W,YHR029C,0,-6.400496,0.10408250242471695,0.9770458936691284,0.8428685665130615
YIR037W,YGL144C,0,-6.412341,0.10407143831253052,0.9770458936691284,0.8429685831069946
YPL050C,YBR086C,0,-6.414645,0.10406037420034409,0.9770458936691284,0.8430685997009277
YIL069C,YGR106C,0,-6.423299,0.10404931753873825,0.9770458936691284,0.8431686162948608
YMR004W,YNL045W,0,-6.424545,0.10403826087713242,0.9770458936691284,0.843268632888794
YKL135C,YNL091W,0,-6.426323,0.10402720421552658,0.9770458936691284,0.843368649482727
YBR268W,YPL148C,0,-6.427169,0.10401614755392075,0.9770458936691284,0.8434686660766602
YDR040C,YDR479C,0,-6.4300942,0.10400509834289551,0.9770458936691284,0.843568742275238
YLL001W,YPR100W,0,-6.4327254,0.10399404913187027,0.9770458936691284,0.8436687588691711
YEL056W,YGL005C,0,-6.4356155,0.10398300737142563,0.9770458936691284,0.8437687754631042
YDR082W,YIL034C,0,-6.435623,0.10397196561098099,0.9770458936691284,0.8438687920570374
YOL135C,YOR098C,0,-6.4362397,0.10396092385053635,0.9770458936691284,0.8439688086509705
YHR051W,YKL109W,0,-6.437804,0.1039498820900917,0.9770458936691284,0.8440688252449036
YLL034C,YOR383C,0,-6.443367,0.10393884778022766,0.9770458936691284,0.8441688418388367
YCR045C,YCL052C,0,-6.443741,0.10392781347036362,0.9770458936691284,0.8442688584327698
YPL048W,YBL056W,0,-6.4479713,0.10391677916049957,0.9770458936691284,0.8443688750267029
YDL102W,YBR295W,0,-6.449244,0.10390575230121613,0.9770458936691284,0.844468891620636
YCL075W,YDR397C,0,-6.4500303,0.10389472544193268,0.9770458936691284,0.8445689082145691
YGR223C,YML032C,0,-6.4508677,0.10388369858264923,0.9770458936691284,0.8446689248085022
YMR233W,YLR276C,0,-6.4526033,0.10387267917394638,0.9770458936691284,0.8447689414024353
YGR032W,YPR111W,0,-6.4624376,0.10386165976524353,0.9770458936691284,0.8448689579963684
YBL076C,YPR144C,0,-6.4626284,0.10385064035654068,0.9770458936691284,0.8449689745903015
YDL143W,YDR056C,0,-6.4693823,0.10383962839841843,0.9770458936691284,0.8450689911842346
YOL124C,YKL069W,0,-6.4699187,0.10382861644029617,0.9770458936691284,0.8451690077781677
YPL215W,YEL052W,0,-6.4744277,0.10381760448217392,0.9770458936691284,0.8452690243721008
YJR010C-A,YDR039C,0,-6.4795465,0.10380659252405167,0.9770458936691284,0.8453691005706787
YHR056C,YER153C,0,-6.486979,0.10379558801651001,0.9770458936691284,0.8454691171646118
YOR191W,YGR244C,0,-6.4872184,0.10378458350896835,0.9770458936691284,0.8455691337585449
YOR262W,YIL124W,0,-6.4874125,0.1037735864520073,0.9770458936691284,0.845669150352478
YDR062W,YOR131C,0,-6.489399,0.10376258939504623,0.9770458936691284,0.8457691669464111
YPL017C,YHR067W,0,-6.4921865,0.10375159233808517,0.9770458936691284,0.8458691835403442
YKR052C,YDR379W,0,-6.502511,0.10374059528112411,0.9770458936691284,0.8459692001342773
YDR091C,YPL117C,0,-6.5037374,0.10372960567474365,0.9770458936691284,0.8460692167282104
YPR114W,YLR201C,0,-6.5065594,0.10371861606836319,0.9770458936691284,0.8461692333221436
YER151C,YLL021W,0,-6.5090647,0.10370762646198273,0.9770458936691284,0.8462692499160767
YER115C,YGR288W,0,-6.5113177,0.10369664430618286,0.9770458936691284,0.8463692665100098
YJR140C,YDL074C,0,-6.5125475,0.103685662150383,0.9770458936691284,0.8464692831039429
YGL216W,YKL067W,0,-6.5259147,0.10367467999458313,0.9770458936691284,0.846569299697876
YJL060W,YDR148C,0,-6.5261707,0.10366370528936386,0.9770458936691284,0.8466693162918091
YDR447C,YBR123C,0,-6.52684,0.103652723133564,0.9770458936691284,0.8467693328857422
YFL029C,YFR001W,0,-6.5378017,0.10364175587892532,0.9770458936691284,0.8468693494796753
YMR295C,YOR310C,0,-6.539398,0.10363078117370605,0.9770458936691284,0.8469693660736084
YIL048W,YBR006W,0,-6.5425863,0.10361981391906738,0.9770458936691284,0.8470694422721863
YAL003W,YDL076C,0,-6.54393,0.10360884666442871,0.9770458936691284,0.8471694588661194
YLR248W,YJR040W,0,-6.550618,0.10359788686037064,0.9770458936691284,0.8472694754600525
YER164W,YBL024W,0,-6.559525,0.10358691960573196,0.9770458936691284,0.8473694920539856
YBL051C,YKR030W,0,-6.570946,0.10357595980167389,0.9770458936691284,0.8474695086479187
YDR490C,YCL034W,0,-6.5774107,0.10356500744819641,0.9770458936691284,0.8475695252418518
YNL268W,YPL113C,0,-6.5848083,0.10355404764413834,0.9770458936691284,0.8476695418357849
YDR337W,YKL206C,0,-6.585108,0.10354309529066086,0.9770458936691284,0.847769558429718
YPR100W,YBR026C,0,-6.585222,0.10353215038776398,0.9770458936691284,0.8478695750236511
YGL171W,YPR037C,0,-6.585747,0.1035211980342865,0.9770458936691284,0.8479695916175842
YML074C,YDR414C,0,-6.5884733,0.10351025313138962,0.9770458936691284,0.8480696082115173
YDR150W,YDR219C,0,-6.591464,0.10349931567907333,0.9770458936691284,0.8481696248054504
YML076C,YDR240C,0,-6.609927,0.10348837077617645,0.9770458936691284,0.8482696413993835
YGR194C,YJR098C,0,-6.611763,0.10347743332386017,0.9770458936691284,0.8483696579933167
YGL192W,YFR049W,0,-6.613448,0.10346649587154388,0.9770458936691284,0.8484696745872498
YBR268W,YDR469W,0,-6.619315,0.1034555658698082,0.9770458936691284,0.8485696911811829
YEL001C,YCR009C,0,-6.6197195,0.10344463586807251,0.9770458936691284,0.848669707775116
YJR143C,YGR217W,0,-6.621793,0.10343370586633682,0.9770458936691284,0.8487697243690491
YDL192W,YGR191W,0,-6.6240716,0.10342277586460114,0.9770458936691284,0.848869800567627
YBR028C,YKL078W,0,-6.6378093,0.10341185331344604,0.9770458936691284,0.8489698171615601
YPL262W,YOR327C,0,-6.63792,0.10340093076229095,0.9770458936691284,0.8490698337554932
YDR211W,YDR343C,0,-6.6397576,0.10339000821113586,0.9770458936691284,0.8491698503494263
YBR058C,YOL116W,0,-6.640951,0.10337909311056137,0.9770458936691284,0.8492698669433594
YDR375C,YLL014W,0,-6.640986,0.10336817800998688,0.9770458936691284,0.8493698835372925
YIL101C,YBR295W,0,-6.6415935,0.10335726290941238,0.9770458936691284,0.8494699001312256
YDL082W,YJR031C,0,-6.6458635,0.10334635525941849,0.9770458936691284,0.8495699167251587
YNL248C,YNR003C,0,-6.6464806,0.10333544760942459,0.9770458936691284,0.8496699333190918
YGR162W,YOL057W,0,-6.6513567,0.1033245399594307,0.9770458936691284,0.8497699499130249
YDR415C,YLR100W,0,-6.6533656,0.1033136323094368,0.9770458936691284,0.849869966506958
YLR073C,YLL006W,0,-6.6548815,0.1033027321100235,0.9770458936691284,0.8499699831008911
YDL144C,YLR263W,0,-6.666287,0.1032918319106102,0.9770458936691284,0.8500699996948242
YNL159C,YDL046W,0,-6.6695986,0.1032809391617775,0.9770458936691284,0.8501700162887573
YER017C,YGL076C,0,-6.6719522,0.1032700389623642,0.9770458936691284,0.8502700328826904
YGR220C,YLR427W,0,-6.675214,0.1032591462135315,0.9770458936691284,0.8503700494766235
YMR192W,YGL161C,0,-6.678923,0.10324826091527939,0.9770458936691284,0.8504700660705566
YDL189W,YMR314W,0,-6.6857214,0.10323737561702728,0.9770458936691284,0.8505701422691345
YPL221W,YMR281W,0,-6.6860905,0.10322649031877518,0.9770458936691284,0.8506701588630676
YDL197C,YLR277C,0,-6.6866307,0.10321560502052307,0.9770458936691284,0.8507701754570007
YMR311C,YNL274C,0,-6.687647,0.10320471972227097,0.9770458936691284,0.8508701920509338
YOR373W,YFR014C,0,-6.6958504,0.10319384187459946,0.9770458936691284,0.8509702086448669
YMR008C,YLR277C,0,-6.7004733,0.10318297147750854,0.9770458936691284,0.8510702252388
YCL034W,YML004C,0,-6.704524,0.10317209362983704,0.9770458936691284,0.8511702418327332
YHR084W,YDR379W,1,-6.7149773,0.10326659679412842,0.9780439138412476,0.8511702418327332
YKL020C,YJL003W,0,-6.715676,0.10325571894645691,0.9780439138412476,0.8512702584266663
YKL026C,YHR077C,0,-6.718692,0.1032448410987854,0.9780439138412476,0.8513702750205994
YDR287W,YNL259C,0,-6.7342615,0.10323396325111389,0.9780439138412476,0.8514702916145325
YJL127C,YNL008C,0,-6.737359,0.10322308540344238,0.9780439138412476,0.8515703082084656
YGR245C,YPR102C,0,-6.7374024,0.10321221500635147,0.9780439138412476,0.8516703248023987
YLL033W,YLR228C,0,-6.7380843,0.10320134460926056,0.9780439138412476,0.8517703413963318
YOR243C,YBR273C,0,-6.7381573,0.10319048166275024,0.9780439138412476,0.8518703579902649
YLR347C,YPL173W,0,-6.739653,0.10317961871623993,0.9780439138412476,0.851970374584198
YNL111C,YNL151C,0,-6.741557,0.10316875576972961,0.9780439138412476,0.8520703911781311
YPL186C,YLR383W,0,-6.7545843,0.1031578928232193,0.9780439138412476,0.8521704077720642
YKL156W,YMR059W,0,-6.7570267,0.10314703732728958,0.9780439138412476,0.8522704243659973
YJL173C,YHR067W,0,-6.7572227,0.10313618183135986,0.9780439138412476,0.8523705005645752
YER143W,YLR394W,0,-6.7630005,0.10312532633543015,0.9780439138412476,0.8524705171585083
YCL067C,YNL194C,0,-6.7630444,0.10311447829008102,0.9780439138412476,0.8525705337524414
YMR127C,YJL072C,0,-6.7639513,0.1031036302447319,0.9780439138412476,0.8526705503463745
YBR164C,YOL111C,0,-6.765987,0.10309278219938278,0.9780439138412476,0.8527705669403076
YMR004W,YOR109W,0,-6.7662516,0.10308194160461426,0.9780439138412476,0.8528705835342407
YLR451W,YJR059W,0,-6.7673244,0.10307110100984573,0.9780439138412476,0.8529706001281738
YNL239W,YBR231C,0,-6.7685814,0.10306026041507721,0.9780439138412476,0.8530706167221069
YPR048W,YDR168W,0,-6.7688713,0.10304941982030869,0.9780439138412476,0.85317063331604
YNL227C,YER040W,0,-6.7694874,0.10303858667612076,0.9780439138412476,0.8532706499099731
YGR010W,YKL140W,0,-6.7734675,0.10302775353193283,0.9780439138412476,0.8533706665039062
YGR171C,YGL068W,0,-6.773962,0.1030169278383255,0.9780439138412476,0.8534706830978394
YIL090W,YJL109C,0,-6.779215,0.10300609469413757,0.9780439138412476,0.8535706996917725
YKR031C,YNL271C,0,-6.7881002,0.10299526900053024,0.9780439138412476,0.8536707162857056
YPL177C,YNL287W,0,-6.788274,0.10298445075750351,0.9780439138412476,0.8537707328796387
YLR193C,YGR217W,0,-6.7903624,0.10297362506389618,0.9780439138412476,0.8538707494735718
YBR065C,YDR469W,0,-6.790469,0.10296280682086945,0.9780439138412476,0.8539707660675049
YAL035W,YOR159C,0,-6.795901,0.10295198857784271,0.9780439138412476,0.8540708422660828
YKL130C,YJL078C,0,-6.8010883,0.10294117778539658,0.9780439138412476,0.8541708588600159
YDL108W,YBL023C,0,-6.8015556,0.10293036699295044,0.9780439138412476,0.854270875453949
YDR328C,YML085C,0,-6.802333,0.1029195562005043,0.9780439138412476,0.8543708920478821
YOR371C,YKL048C,1,-6.8028793,0.10301375389099121,0.9790419340133667,0.8543708920478821
YPR037C,YJL085W,0,-6.811387,0.10300294309854507,0.9790419340133667,0.8544709086418152
YDR381W,YJR028W,0,-6.8134136,0.10299212485551834,0.9790419340133667,0.8545709252357483
YNL227C,YGR193C,0,-6.8154473,0.1029813140630722,0.9790419340133667,0.8546709418296814
YDR440W,YNL029C,0,-6.8193903,0.10297050327062607,0.9790419340133667,0.8547709584236145
YIL108W,YHL027W,0,-6.8241863,0.10295969992876053,0.9790419340133667,0.8548709750175476
YNL298W,YDR347W,0,-6.82479,0.10294888913631439,0.9790419340133667,0.8549709916114807
YPL001W,YPL203W,0,-6.8265104,0.10293809324502945,0.9790419340133667,0.8550710082054138
YDR470C,YKL186C,0,-6.8287554,0.10292728990316391,0.9790419340133667,0.8551710247993469
YOR075W,YHR005C-A,0,-6.8365917,0.10291649401187897,0.9790419340133667,0.85527104139328
YJR004C,YOL100W,0,-6.8394737,0.10290569812059402,0.9790419340133667,0.8553710579872131
YGR161C,YIL134W,0,-6.8422375,0.10289490222930908,0.9790419340133667,0.8554710745811462
YEL054C,YNL246W,0,-6.846402,0.10288411378860474,0.9790419340133667,0.8555710911750793
YGR029W,YDR315C,0,-6.848111,0.10287332534790039,0.9790419340133667,0.8556711077690125
YCR057C,YPR063C,0,-6.850107,0.10286253690719604,0.9790419340133667,0.8557711839675903
YOL004W,YGR047C,0,-6.8505325,0.1028517484664917,0.9790419340133667,0.8558712005615234
YER056C-A,YDR399W,0,-6.852113,0.10284096747636795,0.9790419340133667,0.8559712171554565
YHR207C,YDR479C,0,-6.8522115,0.1028301864862442,0.9790419340133667,0.8560712337493896
YJL125C,YKL134C,0,-6.853921,0.10281941294670105,0.9790419340133667,0.8561712503433228
YDR067C,YJL133W,0,-6.854338,0.1028086319565773,0.9790419340133667,0.8562712669372559
YJR052W,YJR094W-A,0,-6.8565063,0.10279786586761475,0.9790419340133667,0.856371283531189
YDL108W,YBR301W,0,-6.861063,0.1027870923280716,0.9790419340133667,0.8564713001251221
YDR287W,YLR345W,0,-6.864197,0.10277632623910904,0.9790419340133667,0.8565713167190552
YHR076W,YKL040C,0,-6.867899,0.10276555269956589,0.9790419340133667,0.8566713333129883
YJL046W,YBR029C,0,-6.870371,0.10275479406118393,0.9790419340133667,0.8567713499069214
YGR177C,YLR459W,0,-6.8726025,0.10274402797222137,0.9790419340133667,0.8568713665008545
YLR025W,YGL094C,0,-6.8729367,0.10273326933383942,0.9790419340133667,0.8569713830947876
YKL005C,YOR148C,0,-6.8776207,0.10272251069545746,0.9790419340133667,0.8570713996887207
YDR406W,YCL066W,0,-6.8787007,0.1027117595076561,0.9790419340133667,0.8571714162826538
YMR208W,YPL274W,0,-6.88554,0.10270100831985474,0.9790419340133667,0.8572714328765869
YHL040C,YLR197W,0,-6.8858576,0.10269025713205338,0.9790419340133667,0.85737144947052
YDR533C,YKL168C,0,-6.890506,0.10267950594425201,0.9790419340133667,0.8574714660644531
YBL113C,YMR275C,0,-6.8908825,0.10266876220703125,0.9790419340133667,0.857571542263031
YBR287W,YNL156C,0,-6.8949947,0.10265801846981049,0.9790419340133667,0.8576715588569641
YLR229C,YHR073W,1,-6.897991,0.10275191068649292,0.9800398945808411,0.8576715588569641
YHR069C,YMR240C,0,-6.899166,0.10274115949869156,0.9800398945808411,0.8577715754508972
YJR055W,YOR076C,0,-6.9066753,0.1027304083108902,0.9800398945808411,0.8578715920448303
YIL094C,YOR227W,0,-6.906743,0.10271966457366943,0.9800398945808411,0.8579716086387634
YPR010C,YGL223C,0,-6.9100075,0.10270892083644867,0.9800398945808411,0.8580716252326965
YGL050W,YMR063W,0,-6.9130373,0.1026981770992279,0.9800398945808411,0.8581716418266296
YOL055C,YGL223C,0,-6.913231,0.10268744081258774,0.9800398945808411,0.8582716584205627
YGR266W,YLR277C,0,-6.9179077,0.10267670452594757,0.9800398945808411,0.8583716750144958
YDR289C,YDR313C,0,-6.918779,0.1026659682393074,0.9800398945808411,0.858471691608429
YPR067W,YKL174C,0,-6.9234743,0.10265523940324783,0.9800398945808411,0.8585717082023621
YKL022C,YGL139W,0,-6.9261737,0.10264451056718826,0.9800398945808411,0.8586717247962952
YLR109W,YIL021W,0,-6.9268856,0.10263378173112869,0.9800398945808411,0.8587717413902283
YDL208W,YNL156C,0,-6.9302807,0.10262305289506912,0.9800398945808411,0.8588717579841614
YOR357C,YFR034C,0,-6.9352813,0.10261233150959015,0.9800398945808411,0.8589717745780945
YIR009W,YBR087W,0,-6.9354734,0.10260161012411118,0.9800398945808411,0.8590717911720276
YNL049C,YPL180W,0,-6.9384346,0.1025908887386322,0.9800398945808411,0.8591718077659607
YJL110C,YIL142W,0,-6.940094,0.10258017480373383,0.9800398945808411,0.8592718839645386
YFL061W,YLL055W,0,-6.9426603,0.10256946086883545,0.9800398945808411,0.8593719005584717
YJR060W,YLL022C,0,-6.9474792,0.10255874693393707,0.9800398945808411,0.8594719171524048
YCR011C,YHL047C,0,-6.9519796,0.1025480404496193,0.9800398945808411,0.8595719337463379
YLR097C,YJL208C,0,-6.952265,0.10253732651472092,0.9800398945808411,0.859671950340271
YGR223C,YDR256C,0,-6.9543304,0.10252662003040314,0.9800398945808411,0.8597719669342041
YBR260C,YCL050C,0,-6.9577923,0.10251592099666595,0.9800398945808411,0.8598719835281372
YJL174W,YGL142C,0,-6.961808,0.10250522196292877,0.9800398945808411,0.8599720001220703
YPR133C,YIL034C,0,-6.965443,0.10249452292919159,0.9800398945808411,0.8600720167160034
YOR207C,YBR271W,0,-6.969466,0.1024838238954544,0.9800398945808411,0.8601720333099365
YCL067C,YOL051W,0,-6.9777412,0.10247313231229782,0.9800398945808411,0.8602720499038696
YOR138C,YHR210C,0,-6.9839344,0.10246244072914124,0.9800398945808411,0.8603720664978027
YBL013W,YNL263C,0,-6.9851227,0.10245174914598465,0.9800398945808411,0.8604720830917358
YKL063C,YGR072W,0,-6.9881773,0.10244105756282806,0.9800398945808411,0.860572099685669
YMR319C,YMR123W,0,-6.9893446,0.10243037343025208,0.9800398945808411,0.860672116279602
YPL129W,YDR361C,0,-6.9915876,0.10241968929767609,0.9800398945808411,0.8607721328735352
YEL006W,YDR481C,0,-6.994876,0.1024090126156807,0.9800398945808411,0.8608721494674683
YLR203C,YIL130W,0,-7.0004883,0.1023983284831047,0.9800398945808411,0.8609721660614014
YJR031C,YMR261C,0,-7.001151,0.10238765180110931,0.9800398945808411,0.8610722422599792
YPL068C,YLR014C,0,-7.0044413,0.10237698256969452,0.9800398945808411,0.8611722588539124
YLR441C,YDR117C,0,-7.0046635,0.10236630588769913,0.9800398945808411,0.8612722754478455
YOR241W,YKR031C,0,-7.006069,0.10235563665628433,0.9800398945808411,0.8613722920417786
YKR068C,YGL076C,0,-7.011945,0.10234497487545013,0.9800398945808411,0.8614723086357117
YNL232W,YML113W,0,-7.0123177,0.10233430564403534,0.9800398945808411,0.8615723252296448
YPR132W,YDR240C,0,-7.0153313,0.10232364386320114,0.9800398945808411,0.8616723418235779
YFR013W,YIL056W,0,-7.017137,0.10231298208236694,0.9800398945808411,0.861772358417511
YPL226W,YNR022C,0,-7.0194416,0.10230232030153275,0.9800398945808411,0.8618723750114441
YBR198C,YPL172C,0,-7.0195055,0.10229166597127914,0.9800398945808411,0.8619723916053772
YMR250W,YDR116C,0,-7.0198717,0.10228101164102554,0.9800398945808411,0.8620724081993103
YPL026C,YOR187W,0,-7.020691,0.10227035731077194,0.9800398945808411,0.8621724247932434
YJL073W,YDL189W,0,-7.020936,0.10225971043109894,0.9800398945808411,0.8622724413871765
YPR105C,YDR448W,0,-7.0212183,0.10224906355142593,0.9800398945808411,0.8623724579811096
YBL092W,YPL013C,0,-7.0212827,0.10223841667175293,0.9800398945808411,0.8624724745750427
YLL011W,YKR093W,0,-7.022051,0.10222777724266052,0.9800398945808411,0.8625724911689758
YMR163C,YER019C-A,0,-7.0228624,0.10221713036298752,0.9800398945808411,0.8626725077629089
YGR113W,YJR089W,0,-7.0254984,0.10220649093389511,0.9800398945808411,0.8627725839614868
YMR035W,YPL119C,0,-7.027408,0.1021958589553833,0.9800398945808411,0.8628726005554199
YDR334W,YLR438C-A,0,-7.031123,0.10218522697687149,0.9800398945808411,0.862972617149353
YGR224W,YKL015W,0,-7.035458,0.10217459499835968,0.9800398945808411,0.8630726337432861
YGR184C,YAL010C,0,-7.049688,0.10216396301984787,0.9800398945808411,0.8631726503372192
YMR070W,YFR013W,0,-7.051894,0.10215333104133606,0.9800398945808411,0.8632726669311523
YGL127C,YGR170W,0,-7.052413,0.10214270651340485,0.9800398945808411,0.8633726835250854
YLR362W,YIL131C,1,-7.053372,0.10223609209060669,0.9810379147529602,0.8633726835250854
YLR324W,YPL065W,0,-7.0582905,0.10222546011209488,0.9810379147529602,0.8634727001190186
YBR055C,YGR162W,0,-7.0602856,0.10221482813358307,0.9810379147529602,0.8635727167129517
YDR028C,YDR190C,0,-7.061161,0.10220420360565186,0.9810379147529602,0.8636727333068848
YJL066C,YDL123W,0,-7.0648785,0.10219357162714005,0.9810379147529602,0.8637727499008179
YFL021W,YHR008C,0,-7.067134,0.10218295454978943,0.9810379147529602,0.863872766494751
YJR041C,YOR378W,0,-7.0695343,0.10217233002185822,0.9810379147529602,0.8639727830886841
YAL054C,YOR363C,0,-7.0718827,0.1021617129445076,0.9810379147529602,0.8640727996826172
YBR283C,YKL181W,0,-7.0727777,0.10215109586715698,0.9810379147529602,0.8641728162765503
YBR222C,YDR530C,0,-7.0729494,0.10214047878980637,0.9810379147529602,0.8642728328704834
YML034W,YIL167W,0,-7.0746264,0.10212986916303635,0.9810379147529602,0.8643728494644165
YEL024W,YPL038W,0,-7.075798,0.10211925953626633,0.9810379147529602,0.8644728660583496
YOR063W,YBR212W,0,-7.077272,0.10210864990949631,0.9810379147529602,0.8645729422569275
YER015W,YKL067W,0,-7.0805154,0.10209804773330688,0.9810379147529602,0.8646729588508606
YJL112W,YJL005W,0,-7.0817475,0.10208744555711746,0.9810379147529602,0.8647729754447937
YOR026W,YDR098C,0,-7.082282,0.10207684338092804,0.9810379147529602,0.8648729920387268
YKR007W,YJL102W,0,-7.0860624,0.10206624120473862,0.9810379147529602,0.8649730086326599
YML057W,YHR090C,0,-7.088142,0.10205564647912979,0.9810379147529602,0.865073025226593
YER087C-B,YGL070C,0,-7.088788,0.10204505175352097,0.9810379147529602,0.8651730418205261
YLR127C,YMR097C,0,-7.0902677,0.10203446447849274,0.9810379147529602,0.8652730584144592
YLR025W,YOR216C,0,-7.090312,0.10202386975288391,0.9810379147529602,0.8653730750083923
YOR001W,YKL190W,0,-7.1020365,0.10201328247785568,0.9810379147529602,0.8654730916023254
YHR013C,YMR308C,0,-7.1045904,0.10200269520282745,0.9810379147529602,0.8655731081962585
YDL029W,YDR248C,0,-7.106289,0.10199211537837982,0.9810379147529602,0.8656731247901917
YKL203C,YOR353C,0,-7.1064177,0.10198153555393219,0.9810379147529602,0.8657731413841248
YOL062C,YNL218W,0,-7.1079392,0.10197095572948456,0.9810379147529602,0.8658731579780579
YKR054C,YPL149W,0,-7.109718,0.10196037590503693,0.9810379147529602,0.865973174571991
YHL024W,YDR353W,0,-7.111272,0.10194980353116989,0.9810379147529602,0.8660731911659241
YMR275C,YDL045W-A,0,-7.114942,0.10193923115730286,0.9810379147529602,0.8661732077598572
YOR380W,YEL006W,0,-7.1157537,0.10192865878343582,0.9810379147529602,0.8662732839584351
YDR028C,YMR229C,0,-7.117745,0.10191809386014938,0.9810379147529602,0.8663733005523682
YHR167W,YDR131C,0,-7.122506,0.10190752893686295,0.9810379147529602,0.8664733171463013
YMR164C,YDL035C,1,-7.1272616,0.10200062394142151,0.9820359349250793,0.8664733171463013
YOR060C,YER040W,0,-7.128961,0.10199005156755447,0.9820359349250793,0.8665733337402344
YMR125W,YGR078C,0,-7.1305637,0.10197947919368744,0.9820359349250793,0.8666733503341675
YER070W,YBR299W,0,-7.1307063,0.101968914270401,0.9820359349250793,0.8667733669281006
YBR175W,YHR156C,0,-7.1336575,0.10195834934711456,0.9820359349250793,0.8668733835220337
YOL098C,YDL007W,0,-7.1347623,0.10194778442382812,0.9820359349250793,0.8669734001159668
YER081W,YHR096C,0,-7.138006,0.10193721950054169,0.9820359349250793,0.8670734167098999
YPL215W,YPL144W,0,-7.1391706,0.10192666202783585,0.9820359349250793,0.867173433303833
YDR364C,YCR036W,0,-7.1453705,0.10191610455513,0.9820359349250793,0.8672734498977661
YDR072C,YOR291W,0,-7.1503267,0.10190555453300476,0.9820359349250793,0.8673734664916992
YNL121C,YNL025C,0,-7.1522036,0.10189499706029892,0.9820359349250793,0.8674734830856323
YGR238C,YPR055W,0,-7.1522837,0.10188444703817368,0.9820359349250793,0.8675734996795654
YGL126W,YJR006W,0,-7.156884,0.10187389701604843,0.9820359349250793,0.8676735162734985
YPL215W,YLR389C,0,-7.1626387,0.10186335444450378,0.9820359349250793,0.8677735328674316
YNL023C,YCR086W,0,-7.1730003,0.10185281187295914,0.9820359349250793,0.8678735494613647
YML061C,YNL218W,0,-7.1731853,0.10184226930141449,0.9820359349250793,0.8679735660552979
YCR036W,YBL035C,0,-7.1760254,0.10183172672986984,0.9820359349250793,0.8680736422538757
YNR053C,YOR290C,0,-7.179288,0.10182119160890579,0.9820359349250793,0.8681736588478088
YCR012W,YDR487C,0,-7.182474,0.10181065648794174,0.9820359349250793,0.8682736754417419
YKR096W,YIL030C,0,-7.1848316,0.10180012136697769,0.9820359349250793,0.868373692035675
YOL059W,YBR238C,0,-7.203141,0.10178959369659424,0.9820359349250793,0.8684737086296082
YGL119W,YBR245C,0,-7.204255,0.10177906602621078,0.9820359349250793,0.8685737252235413
YJL196C,YKL154W,0,-7.206182,0.10176853835582733,0.9820359349250793,0.8686737418174744
YLR037C,YOR142W,0,-7.206515,0.10175801813602448,0.9820359349250793,0.8687737584114075
YLR126C,YDR465C,0,-7.2070436,0.10174749046564102,0.9820359349250793,0.8688737750053406
YOR228C,YLR404W,0,-7.207204,0.10173697024583817,0.9820359349250793,0.8689737915992737
YER005W,YDR135C,0,-7.2127485,0.1017264574766159,0.9820359349250793,0.8690738081932068
YHR058C,YER060W,0,-7.213681,0.10171593725681305,0.9820359349250793,0.8691738247871399
YIL043C,YFR053C,0,-7.217804,0.10170542448759079,0.9820359349250793,0.869273841381073
YBR254C,YPL085W,0,-7.2188587,0.10169491171836853,0.9820359349250793,0.8693738579750061
YGL064C,YMR165C,0,-7.2196097,0.10168440639972687,0.9820359349250793,0.8694738745689392
YML034W,YIL142W,0,-7.220551,0.1016739010810852,0.9820359349250793,0.8695738911628723
YDR309C,YGR254W,0,-7.222471,0.10166339576244354,0.9820359349250793,0.8696739077568054
YGR017W,YMR220W,0,-7.225339,0.10165289044380188,0.9820359349250793,0.8697739839553833
YMR146C,YFR003C,0,-7.2276373,0.10164239257574081,0.9820359349250793,0.8698740005493164
YIL026C,YHR074W,0,-7.2310915,0.10163189470767975,0.9820359349250793,0.8699740171432495
YEL065W,YBR049C,0,-7.2331233,0.10162139683961868,0.9820359349250793,0.8700740337371826
YHR002W,YGR200C,0,-7.2369614,0.10161090642213821,0.9820359349250793,0.8701740503311157
YPR007C,YDR398W,0,-7.2406664,0.10160041600465775,0.9820359349250793,0.8702740669250488
YNL294C,YPL096W,0,-7.2477217,0.10158992558717728,0.9820359349250793,0.8703740835189819
YKL180W,YDL072C,0,-7.249839,0.10157943516969681,0.9820359349250793,0.870474100112915
YOR224C,YLR344W,0,-7.2499666,0.10156895220279694,0.9820359349250793,0.8705741167068481
YDR135C,YOL111C,0,-7.250072,0.10155846923589706,0.9820359349250793,0.8706741333007812
YOR232W,YKL183W,0,-7.2522774,0.10154798626899719,0.9820359349250793,0.8707741498947144
YLR260W,YJL011C,0,-7.25716,0.10153751075267792,0.9820359349250793,0.8708741664886475
YBR231C,YPL200W,0,-7.262128,0.10152703523635864,0.9820359349250793,0.8709741830825806
YLR266C,YDR330W,0,-7.2677703,0.10151655972003937,0.9820359349250793,0.8710741996765137
YPR007C,YMR182C,0,-7.274458,0.10150608420372009,0.9820359349250793,0.8711742162704468
YGL096W,YML023C,0,-7.2781425,0.10149561613798141,0.9820359349250793,0.8712742328643799
YJR082C,YCL063W,0,-7.278981,0.10148514807224274,0.9820359349250793,0.871374249458313
YOL139C,YNR032C-A,0,-7.2796373,0.10147468000650406,0.9820359349250793,0.8714742660522461
YGR113W,YEL038W,0,-7.2813797,0.10146421939134598,0.9820359349250793,0.871574342250824
YOR162C,YML011C,0,-7.2823133,0.1014537587761879,0.9820359349250793,0.8716743588447571
YOR151C,YOL077C,0,-7.28386,0.10144329816102982,0.9820359349250793,0.8717743754386902
YDR033W,YBL020W,0,-7.2885065,0.10143284499645233,0.9820359349250793,0.8718743920326233
YLR203C,YDL045W-A,0,-7.2899494,0.10142238438129425,0.9820359349250793,0.8719744086265564
YIL039W,YLR056W,0,-7.290422,0.10141193121671677,0.9820359349250793,0.8720744252204895
YOR326W,YDR235W,0,-7.296963,0.10140148550271988,0.9820359349250793,0.8721744418144226
YLR238W,YDR472W,0,-7.298743,0.1013910323381424,0.9820359349250793,0.8722744584083557
YPR017C,YOL062C,0,-7.305666,0.10138058662414551,0.9820359349250793,0.8723744750022888
YMR274C,YJL072C,0,-7.310411,0.10137014836072922,0.9820359349250793,0.8724744915962219
YNL147W,YMR077C,0,-7.3128214,0.10135970264673233,0.9820359349250793,0.872574508190155
YBR065C,YDL045W-A,0,-7.313454,0.10134926438331604,0.9820359349250793,0.8726745247840881
YML125C,YMR276W,0,-7.313937,0.10133882611989975,0.9820359349250793,0.8727745413780212
YDL112W,YOR326W,0,-7.3151746,0.10132838785648346,0.9820359349250793,0.8728745579719543
YFL021W,YGR193C,0,-7.32042,0.10131795704364777,0.9820359349250793,0.8729745745658875
YJR055W,YER096W,0,-7.322467,0.10130752623081207,0.9820359349250793,0.8730745911598206
YKL195W,YLR187W,0,-7.3298283,0.10129709541797638,0.9820359349250793,0.8731746077537537
YOR347C,YJR051W,0,-7.331298,0.10128667205572128,0.9820359349250793,0.8732746839523315
YPL213W,YIL072W,0,-7.332759,0.10127624869346619,0.9820359349250793,0.8733747005462646
YFR016C,YMR213W,0,-7.333707,0.10126582533121109,0.9820359349250793,0.8734747171401978
YER131W,YJR060W,0,-7.3358364,0.101255401968956,0.9820359349250793,0.8735747337341309
YLR102C,YJL213W,0,-7.33894,0.1012449860572815,0.9820359349250793,0.873674750328064
YDR358W,YKR072C,0,-7.3439183,0.101234570145607,0.9820359349250793,0.8737747669219971
YJR143C,YGR072W,0,-7.3523536,0.1012241542339325,0.9820359349250793,0.8738747835159302
YLR459W,YPL013C,0,-7.355584,0.101213738322258,0.9820359349250793,0.8739748001098633
YNL309W,YOR322C,0,-7.356619,0.10120332986116409,0.9820359349250793,0.8740748167037964
YDR151C,YDR005C,0,-7.357709,0.10119292140007019,0.9820359349250793,0.8741748332977295
YIL139C,YDR093W,0,-7.3650746,0.10118252038955688,0.9820359349250793,0.8742748498916626
YBR061C,YML045W,0,-7.366684,0.10117211937904358,0.9820359349250793,0.8743748664855957
YDR060W,YIL018W,0,-7.3675995,0.10116171836853027,0.9820359349250793,0.8744748830795288
YDR034C,YLR314C,0,-7.370104,0.10115131735801697,0.9820359349250793,0.8745748996734619
YKL038W,YGR088W,0,-7.3735676,0.10114091634750366,0.9820359349250793,0.874674916267395
YCR072C,YIL134W,0,-7.377111,0.10113052278757095,0.9820359349250793,0.8747749328613281
YDR510W,YDR392W,0,-7.379507,0.10112012922763824,0.9820359349250793,0.8748749494552612
YOR065W,YPR155C,0,-7.3797507,0.10110974311828613,0.9820359349250793,0.8749749660491943
YEL006W,YBL011W,0,-7.3833847,0.10109934955835342,0.9820359349250793,0.8750750422477722
YLR247C,YPL004C,0,-7.3835745,0.10108896344900131,0.9820359349250793,0.8751750588417053
YGR218W,YKL041W,0,-7.385242,0.1010785847902298,0.9820359349250793,0.8752750754356384
YDR403W,YMR287C,0,-7.3891277,0.10106819868087769,0.9820359349250793,0.8753750920295715
YBR095C,YPL126W,0,-7.390933,0.10105782002210617,0.9820359349250793,0.8754751086235046
YKR068C,YNL121C,0,-7.3952775,0.10104744136333466,0.9820359349250793,0.8755751252174377
YGR246C,YIR039C,0,-7.397168,0.10103707015514374,0.9820359349250793,0.8756751418113708
YLR097C,YPL208W,0,-7.3993263,0.10102669149637222,0.9820359349250793,0.875775158405304
YBL025W,YCR004C,0,-7.402705,0.1010163202881813,0.9820359349250793,0.8758751749992371
YBL022C,YPR133C,0,-7.4085402,0.10100595653057098,0.9820359349250793,0.8759751915931702
YPL151C,YDR045C,0,-7.410618,0.10099558532238007,0.9820359349250793,0.8760752081871033
YCL061C,YDL140C,0,-7.416258,0.10098522156476974,0.9820359349250793,0.8761752247810364
YPL113C,YML028W,0,-7.4165454,0.10097485780715942,0.9820359349250793,0.8762752413749695
YDL144C,YMR224C,0,-7.4170456,0.1009645015001297,0.9820359349250793,0.8763752579689026
YDR332W,YLR098C,0,-7.417104,0.10095413774251938,0.9820359349250793,0.8764752745628357
YDR381W,YDR069C,0,-7.419515,0.10094378143548965,0.9820359349250793,0.8765752911567688
YMR301C,YKL174C,0,-7.4224634,0.10093343257904053,0.9820359349250793,0.8766753077507019
YOR096W,YMR002W,0,-7.426808,0.1009230762720108,0.9820359349250793,0.8767753839492798
YKL021C,YML098W,0,-7.4273195,0.10091272741556168,0.9820359349250793,0.8768754005432129
YOL040C,YDR083W,0,-7.4287424,0.10090237855911255,0.9820359349250793,0.876975417137146
YOR228C,YOL090W,0,-7.432414,0.10089202970266342,0.9820359349250793,0.8770754337310791
YPL100W,YLR107W,0,-7.433316,0.10088168829679489,0.9820359349250793,0.8771754503250122
YCR045C,YGL172W,0,-7.4333925,0.10087134689092636,0.9820359349250793,0.8772754669189453
YDL149W,YDR148C,0,-7.4374266,0.10086100548505783,0.9820359349250793,0.8773754835128784
YBL058W,YNL212W,0,-7.4393115,0.1008506715297699,0.9820359349250793,0.8774755001068115
YMR176W,YAL031C,0,-7.4424653,0.10084033757448196,0.9820359349250793,0.8775755167007446
YOR027W,YGR212W,0,-7.4438686,0.10083000361919403,0.9820359349250793,0.8776755332946777
YGR101W,YNR010W,0,-7.444747,0.1008196696639061,0.9820359349250793,0.8777755498886108
YOR066W,YLR312W-A,0,-7.445519,0.10080934315919876,0.9820359349250793,0.877875566482544
YDR296W,YDR031W,0,-7.4586086,0.10079901665449142,0.9820359349250793,0.877975583076477
YJL171C,YER022W,0,-7.461872,0.10078869014978409,0.9820359349250793,0.8780755996704102
YIL150C,YDR429C,0,-7.4688554,0.10077837109565735,0.9820359349250793,0.8781756162643433
YPL244C,YAL023C,0,-7.470319,0.10076805204153061,0.9820359349250793,0.8782756328582764
YPR132W,YPR169W,0,-7.4724708,0.10075773298740387,0.9820359349250793,0.8783756494522095
YDL243C,YHR001W-A,0,-7.4732,0.10074741393327713,0.9820359349250793,0.8784756660461426
YBR275C,YML116W,0,-7.473819,0.10073710232973099,0.9820359349250793,0.8785757422447205
YJR063W,YNL153C,0,-7.4749527,0.10072679072618484,0.9820359349250793,0.8786757588386536
YLR324W,YGL061C,0,-7.479446,0.1007164791226387,0.9820359349250793,0.8787757754325867
YIL011W,YMR051C,0,-7.479563,0.10070617496967316,0.9820359349250793,0.8788757920265198
YPR110C,YDR422C,0,-7.4823503,0.10069586336612701,0.9820359349250793,0.8789758086204529
YCR075C,YKR028W,0,-7.489735,0.10068555921316147,0.9820359349250793,0.879075825214386
YJL013C,YPL233W,0,-7.4906254,0.10067526251077652,0.9820359349250793,0.8791758418083191
YMR243C,YGL137W,0,-7.4923143,0.10066495835781097,0.9820359349250793,0.8792758584022522
YGL059W,YDR262W,0,-7.4948378,0.10065466165542603,0.9820359349250793,0.8793758749961853
YPR005C,YJR021C,0,-7.4953437,0.10064437240362167,0.9820359349250793,0.8794758915901184
YDR513W,YDR228C,0,-7.4991093,0.10063407570123672,0.9820359349250793,0.8795759081840515
YHR101C,YGR241C,0,-7.500967,0.10062378644943237,0.9820359349250793,0.8796759247779846
YML081C-A,YOR158W,0,-7.5113096,0.10061349719762802,0.9820359349250793,0.8797759413719177
YDR145W,YAL025C,0,-7.5123467,0.10060320794582367,0.9820359349250793,0.8798759579658508
YNL091W,YOL127W,0,-7.5137196,0.10059292614459991,0.9820359349250793,0.8799759745597839
YJR031C,YMR166C,0,-7.5156717,0.10058264434337616,0.9820359349250793,0.880075991153717
YPR043W,YBL011W,0,-7.518292,0.1005723625421524,0.9820359349250793,0.8801760077476501
YDR456W,YLR075W,0,-7.521881,0.10056208819150925,0.9820359349250793,0.880276083946228
YOR371C,YNL119W,1,-7.527172,0.1006539985537529,0.9830339550971985,0.880276083946228
YNL115C,YOR124C,0,-7.530115,0.10064370930194855,0.9830339550971985,0.8803761005401611
YHR057C,YGL168W,0,-7.541091,0.10063342750072479,0.9830339550971985,0.8804761171340942
YJR015W,YER151C,0,-7.5430245,0.10062314569950104,0.9830339550971985,0.8805761337280273
YIL052C,YDR270W,0,-7.5465803,0.10061287134885788,0.9830339550971985,0.8806761503219604
YHR009C,YKL192C,0,-7.5483303,0.10060259699821472,0.9830339550971985,0.8807761669158936
YDL045C,YBL075C,0,-7.549411,0.10059232264757156,0.9830339550971985,0.8808761835098267
YJL006C,YBR198C,0,-7.5497856,0.1005820482969284,0.9830339550971985,0.8809762001037598
YLR370C,YLR011W,0,-7.552565,0.10057178139686584,0.9830339550971985,0.8810762166976929
YGR017W,YPL144W,0,-7.560496,0.10056151449680328,0.9830339550971985,0.881176233291626
YMR250W,YMR304W,0,-7.563204,0.10055124759674072,0.9830339550971985,0.8812762498855591
YOL040C,YBR273C,0,-7.56328,0.10054098069667816,0.9830339550971985,0.8813762664794922
YPL131W,YKL170W,0,-7.5637703,0.1005307212471962,0.9830339550971985,0.8814762830734253
YBL068W,YBR172C,0,-7.5649505,0.10052046179771423,0.9830339550971985,0.8815762996673584
YLR266C,YER061C,0,-7.5650525,0.10051020234823227,0.9830339550971985,0.8816763162612915
YMR183C,YDL128W,0,-7.5664997,0.1004999503493309,0.9830339550971985,0.8817763328552246
YMR072W,YLR295C,0,-7.566744,0.10048969835042953,0.9830339550971985,0.8818763494491577
YOL124C,YPL038W,0,-7.569504,0.10047944635152817,0.9830339550971985,0.8819763660430908
YOR298W,YHL004W,0,-7.5703955,0.1004691943526268,0.9830339550971985,0.8820764422416687
YGL161C,YDR242W,0,-7.5722837,0.10045894980430603,0.9830339550971985,0.8821764588356018
YMR296C,YJL083W,0,-7.579999,0.10044870525598526,0.9830339550971985,0.8822764754295349
YLR191W,YEL022W,0,-7.59259,0.10043846070766449,0.9830339550971985,0.882376492023468
YML070W,YIL034C,0,-7.5974283,0.10042822360992432,0.9830339550971985,0.8824765086174011
YIL124W,YGL136C,0,-7.6071644,0.10041798651218414,0.9830339550971985,0.8825765252113342
YNL185C,YPL145C,0,-7.6168323,0.10040774941444397,0.9830339550971985,0.8826765418052673
YJL066C,YHR039C-A,0,-7.6208687,0.1003975123167038,0.9830339550971985,0.8827765583992004
YPL011C,YMR091C,0,-7.626938,0.10038728266954422,0.9830339550971985,0.8828765749931335
YDR253C,YNL214W,0,-7.627944,0.10037705302238464,0.9830339550971985,0.8829765915870667
YML021C,YIL154C,0,-7.6319504,0.10036682337522507,0.9830339550971985,0.8830766081809998
YEL036C,YOL122C,0,-7.633403,0.10035659372806549,0.9830339550971985,0.8831766247749329
YOR174W,YNR003C,0,-7.6383777,0.10034637153148651,0.9830339550971985,0.883276641368866
YIL052C,YBR245C,0,-7.638444,0.10033614933490753,0.9830339550971985,0.8833766579627991
YKL038W,YMR180C,0,-7.644644,0.10032593458890915,0.9830339550971985,0.8834766745567322
YDR477W,YNL197C,1,-7.645387,0.10041755437850952,0.9840319156646729,0.8834766745567322
YDL216C,YDR511W,0,-7.6511116,0.10040733218193054,0.9840319156646729,0.8835766911506653
YDR096W,YMR180C,0,-7.6547875,0.10039710998535156,0.9840319156646729,0.8836767077445984
YLR150W,YHR008C,0,-7.666745,0.10038688778877258,0.9840319156646729,0.8837767839431763
YPR168W,YJL198W,0,-7.6728826,0.1003766655921936,0.9840319156646729,0.8838768005371094
YDL065C,YLR382C,0,-7.673045,0.10036645084619522,0.9840319156646729,0.8839768171310425
YER056C,YIL144W,0,-7.675158,0.10035623610019684,0.9840319156646729,0.8840768337249756
YMR198W,YPL098C,0,-7.677842,0.10034602135419846,0.9840319156646729,0.8841768503189087
YER100W,YCR091W,0,-7.6780977,0.10033580660820007,0.9840319156646729,0.8842768669128418
YGR143W,YGL141W,0,-7.6798444,0.10032559931278229,0.9840319156646729,0.8843768835067749
YGR118W,YJL095W,0,-7.6854353,0.1003153920173645,0.9840319156646729,0.884476900100708
YOR060C,YPL074W,0,-7.6892295,0.10030518472194672,0.9840319156646729,0.8845769166946411
YGL216W,YNR002C,0,-7.689608,0.10029498487710953,0.9840319156646729,0.8846769332885742
YBR080C,YAL031C,0,-7.691308,0.10028478503227234,0.9840319156646729,0.8847769498825073
YCR037C,YPL269W,0,-7.6930933,0.10027458518743515,0.9840319156646729,0.8848769664764404
YHR171W,YGL203C,0,-7.703069,0.10026438534259796,0.9840319156646729,0.8849769830703735
YPL119C,YLR214W,0,-7.707197,0.10025419294834137,0.9840319156646729,0.8850769996643066
YDR062W,YHR120W,0,-7.712729,0.10024400055408478,0.9840319156646729,0.8851770162582397
YDR103W,YOR283W,0,-7.7131968,0.10023380815982819,0.9840319156646729,0.8852770328521729
YKR055W,YDR219C,0,-7.722761,0.10022362321615219,0.9840319156646729,0.885377049446106
YIL007C,YLR078C,0,-7.7244506,0.1002134382724762,0.9840319156646729,0.8854770660400391
YNL331C,YMR304W,0,-7.7254257,0.1002032533288002,0.9840319156646729,0.8855771422386169
YPR042C,YER074W,0,-7.726577,0.1001930683851242,0.9840319156646729,0.88567715883255
YML016C,YLR305C,0,-7.7323895,0.10018289089202881,0.9840319156646729,0.8857771754264832
YNL151C,YDR367W,0,-7.736292,0.10017271339893341,0.9840319156646729,0.8858771920204163
YHR146W,YOR182C,0,-7.7392645,0.10016253590583801,0.9840319156646729,0.8859772086143494
YIR026C,YNL317W,0,-7.749563,0.10015235841274261,0.9840319156646729,0.8860772252082825
YBR087W,YMR290C,0,-7.7540274,0.10014218837022781,0.9840319156646729,0.8861772418022156
YKL079W,YJR109C,0,-7.758605,0.10013201832771301,0.9840319156646729,0.8862772583961487
YGL147C,YGL137W,0,-7.758682,0.10012185573577881,0.9840319156646729,0.8863772749900818
YIL133C,YKL028W,0,-7.7606187,0.10011168569326401,0.9840319156646729,0.8864772915840149
YJR033C,YGR095C,0,-7.7670336,0.1001015231013298,0.9840319156646729,0.886577308177948
YBR037C,YBR130C,0,-7.7672367,0.1000913605093956,0.9840319156646729,0.8866773247718811
YJL187C,YAL019W,0,-7.7685585,0.10008120536804199,0.9840319156646729,0.8867773413658142
YLR380W,YMR026C,0,-7.7689037,0.10007104277610779,0.9840319156646729,0.8868773579597473
YNR006W,YLR327C,0,-7.7723646,0.10006088763475418,0.9840319156646729,0.8869773745536804
YNL102W,YGR252W,0,-7.775943,0.10005073249340057,0.9840319156646729,0.8870773911476135
YKL138C,YOR291W,0,-7.789213,0.10004058480262756,0.9840319156646729,0.8871774077415466
YOR349W,YNL206C,0,-7.7893724,0.10003043711185455,0.9840319156646729,0.8872774839401245
YDR173C,YEL018W,0,-7.7939434,0.10002028942108154,0.9840319156646729,0.8873775005340576
YOR039W,YHR169W,0,-7.7941427,0.10001014173030853,0.9840319156646729,0.8874775171279907
YJR052W,YGL186C,0,-7.797657,0.10000000149011612,0.9840319156646729,0.8875775337219238
YJL004C,YBR081C,0,-7.7976623,0.0999898612499237,0.9840319156646729,0.8876775503158569
YGR032W,YDL007W,0,-7.798273,0.09997972100973129,0.9840319156646729,0.88777756690979
YGL128C,YCL044C,0,-7.799282,0.09996958076953888,0.9840319156646729,0.8878775835037231
YOR150W,YOL120C,0,-7.804544,0.09995944797992706,0.9840319156646729,0.8879776000976562
YNR035C,YDR479C,0,-7.809902,0.09994931519031525,0.9840319156646729,0.8880776166915894
YLR283W,YJR126C,0,-7.814388,0.09993918240070343,0.9840319156646729,0.8881776332855225
YGR165W,YMR061W,0,-7.815048,0.09992905706167221,0.9840319156646729,0.8882776498794556
YJR025C,YDR032C,0,-7.8175306,0.09991893172264099,0.9840319156646729,0.8883776664733887
YOR241W,YLR386W,0,-7.8216763,0.09990880638360977,0.9840319156646729,0.8884776830673218
YGL129C,YPL100W,0,-7.8276644,0.09989868104457855,0.9840319156646729,0.8885776996612549
YOL009C,YMR009W,0,-7.828087,0.09988856315612793,0.9840319156646729,0.888677716255188
YMR075W,YOR098C,0,-7.8304005,0.09987844526767731,0.9840319156646729,0.8887777328491211
YLR441C,YLR438C-A,0,-7.8315625,0.09986832737922668,0.9840319156646729,0.8888777494430542
YNL101W,YCL017C,0,-7.831703,0.09985821694135666,0.9840319156646729,0.8889777660369873
YGL093W,YDR236C,0,-7.832055,0.09984809905290604,0.9840319156646729,0.8890778422355652
YBR083W,YNL098C,1,-7.83239,0.0999392494559288,0.985029935836792,0.8890778422355652
YDR098C,YMR008C,0,-7.8355103,0.09992913156747818,0.985029935836792,0.8891778588294983
YDL134C,YKL100C,0,-7.850371,0.09991901367902756,0.985029935836792,0.8892778754234314
YLR183C,YOR076C,0,-7.850619,0.09990889579057693,0.985029935836792,0.8893778920173645
YJL110C,YPL167C,0,-7.851969,0.09989878535270691,0.985029935836792,0.8894779086112976
YDL175C,YNR007C,0,-7.8527985,0.09988867491483688,0.985029935836792,0.8895779252052307
YGR017W,YDR087C,0,-7.8545856,0.09987856447696686,0.985029935836792,0.8896779417991638
YLL027W,YHR081W,0,-7.854743,0.09986846148967743,0.985029935836792,0.8897779583930969
YPR067W,YCR047C,0,-7.8548036,0.099858358502388,0.985029935836792,0.88987797498703
YPL122C,YOR079C,0,-7.855159,0.09984825551509857,0.985029935836792,0.8899779915809631
YGL062W,YFL057C,0,-7.855565,0.09983815252780914,0.985029935836792,0.8900780081748962
YCL031C,YFL026W,0,-7.856029,0.09982805699110031,0.985029935836792,0.8901780247688293
YLR115W,YKR095W,0,-7.8569145,0.09981796145439148,0.985029935836792,0.8902780413627625
YKL077W,YKL190W,0,-7.864545,0.09980786591768265,0.985029935836792,0.8903780579566956
YLL048C,YAR042W,0,-7.8820724,0.09979777783155441,0.985029935836792,0.8904780745506287
YGL122C,YNL292W,0,-7.887278,0.09978768229484558,0.985029935836792,0.8905780911445618
YIL014W,YOR239W,0,-7.8905783,0.09977760165929794,0.985029935836792,0.8906781077384949
YNL335W,YDL024C,0,-7.890897,0.09976751357316971,0.985029935836792,0.8907781839370728
YDR432W,YMR164C,1,-7.894043,0.09985850006341934,0.9860279560089111,0.8907781839370728
YJR149W,YJL048C,0,-7.8995266,0.09984841197729111,0.9860279560089111,0.8908782005310059
YML032C,YOR147W,0,-7.9038906,0.09983831644058228,0.9860279560089111,0.890978217124939
YOL055C,YPL060W,0,-7.9054646,0.09982822835445404,0.9860279560089111,0.8910782337188721
YDR515W,YOL154W,0,-7.9068356,0.0998181477189064,0.9860279560089111,0.8911782503128052
YLR181C,YDL095W,0,-7.908252,0.09980805963277817,0.9860279560089111,0.8912782669067383
YKL094W,YJL065C,0,-7.917935,0.09979797899723053,0.9860279560089111,0.8913782835006714
YKL196C,YPR174C,0,-7.9180956,0.09978789836168289,0.9860279560089111,0.8914783000946045
YJL181W,YGR085C,0,-7.920041,0.09977782517671585,0.9860279560089111,0.8915783166885376
YNR052C,YGR081C,0,-7.9216704,0.09976774454116821,0.9860279560089111,0.8916783332824707
YOR382W,YLL053C,0,-7.9223313,0.09975767135620117,0.9860279560089111,0.8917783498764038
YKL180W,YPL090C,0,-7.9231205,0.09974760562181473,0.9860279560089111,0.8918783664703369
YBL079W,YOL009C,0,-7.923808,0.09973753243684769,0.9860279560089111,0.89197838306427
YLL031C,YBL075C,0,-7.9267063,0.09972746670246124,0.9860279560089111,0.8920783996582031
YDR145W,YAL035W,0,-7.928394,0.0997174009680748,0.9860279560089111,0.8921784162521362
YBL014C,YOR267C,0,-7.9376893,0.09970733523368835,0.9860279560089111,0.8922784328460693
YOR217W,YDR310C,0,-7.93969,0.09969727694988251,0.9860279560089111,0.8923784494400024
YDR483W,YIR006C,0,-7.942526,0.09968721866607666,0.9860279560089111,0.8924784660339355
YNL247W,YNL292W,0,-7.9428325,0.09967716038227081,0.9860279560089111,0.8925785422325134
YLR265C,YCL017C,0,-7.9592195,0.09966710209846497,0.9860279560089111,0.8926785588264465
YGR009C,YDR448W,0,-7.960517,0.09965705126523972,0.9860279560089111,0.8927785754203796
YGR080W,YLR438C-A,0,-7.960687,0.09964700043201447,0.9860279560089111,0.8928785920143127
YMR065W,YDL142C,0,-7.9615145,0.09963694959878922,0.9860279560089111,0.8929786086082458
YLR083C,YDR432W,1,-7.9663925,0.09972774237394333,0.9870259761810303,0.8929786086082458
YJR149W,YNL212W,0,-7.9670763,0.09971768409013748,0.9870259761810303,0.893078625202179
YMR012W,YLR164W,0,-7.974127,0.09970763325691223,0.9870259761810303,0.8931786417961121
YOR384W,YML016C,0,-7.978442,0.09969758242368698,0.9870259761810303,0.8932786583900452
YDR529C,YOR004W,0,-7.9805393,0.09968753159046173,0.9870259761810303,0.8933786749839783
YMR298W,YBR187W,0,-7.9864664,0.09967748075723648,0.9870259761810303,0.8934786915779114
YCL067C,YNL308C,0,-7.9877925,0.09966743737459183,0.9870259761810303,0.8935787081718445
YJL102W,YGL094C,0,-7.990162,0.09965739399194717,0.9870259761810303,0.8936787247657776
YPL130W,YCL035C,0,-7.9915566,0.09964735805988312,0.9870259761810303,0.8937787413597107
YGR075C,YDL069C,0,-8.002845,0.09963731467723846,0.9870259761810303,0.8938787579536438
YBR118W,YMR303C,0,-8.004696,0.09962727874517441,0.9870259761810303,0.8939787745475769
YJR001W,YLR107W,0,-8.009436,0.09961724281311035,0.9870259761810303,0.89407879114151
YNL149C,YPL117C,0,-8.011552,0.09960721433162689,0.9870259761810303,0.8941788077354431
YJR112W,YER082C,0,-8.015228,0.09959717839956284,0.9870259761810303,0.894278883934021
YIL019W,YCL039W,0,-8.023045,0.09958714991807938,0.9870259761810303,0.8943789005279541
YFR040W,YGL061C,0,-8.027411,0.09957712143659592,0.9870259761810303,0.8944789171218872
YDR398W,YJR057W,0,-8.038126,0.09956710040569305,0.9870259761810303,0.8945789337158203
YAL030W,YOL003C,0,-8.039601,0.09955707937479019,0.9870259761810303,0.8946789503097534
YPR081C,YML107C,0,-8.048474,0.09954705834388733,0.9870259761810303,0.8947789669036865
YAL022C,YGR216C,0,-8.056179,0.09953703731298447,0.9870259761810303,0.8948789834976196
YKL017C,YDR407C,0,-8.058368,0.0995270237326622,0.9870259761810303,0.8949790000915527
YMR139W,YDL142C,0,-8.058586,0.09951700270175934,0.9870259761810303,0.8950790166854858
YMR290C,YMR235C,0,-8.060043,0.09950698912143707,0.9870259761810303,0.895179033279419
YFR052W,YGL243W,0,-8.063881,0.0994969829916954,0.9870259761810303,0.895279049873352
YPR199C,YDR476C,0,-8.066001,0.09948697686195374,0.9870259761810303,0.8953790664672852
YDR358W,YMR086W,0,-8.074283,0.09947696328163147,0.9870259761810303,0.8954790830612183
YDR069C,YHL016C,0,-8.077879,0.0994669646024704,0.9870259761810303,0.8955790996551514
YNL048W,YKL170W,0,-8.078669,0.09945695847272873,0.9870259761810303,0.8956791162490845
YJL174W,YDR122W,0,-8.078921,0.09944695979356766,0.9870259761810303,0.8957791328430176
YEL001C,YOR106W,0,-8.0843725,0.09943696111440659,0.9870259761810303,0.8958791494369507
YKR102W,YOR079C,0,-8.086305,0.09942696243524551,0.9870259761810303,0.8959792256355286
YKL009W,YDR500C,0,-8.087462,0.09941697120666504,0.9870259761810303,0.8960792422294617
YIL008W,YDL040C,0,-8.092594,0.09940697252750397,0.9870259761810303,0.8961792588233948
YCR096C,YGR180C,0,-8.094674,0.09939698129892349,0.9870259761810303,0.8962792754173279
YJL109C,YMR142C,0,-8.101782,0.09938699752092361,0.9870259761810303,0.896379292011261
YLR411W,YCL016C,0,-8.103263,0.09937700629234314,0.9870259761810303,0.8964793086051941
YHR158C,YDR365C,0,-8.105755,0.09936702251434326,0.9870259761810303,0.8965793251991272
YMR012W,YHR051W,0,-8.108503,0.09935703873634338,0.9870259761810303,0.8966793417930603
YOR065W,YOR054C,0,-8.1093,0.0993470624089241,0.9870259761810303,0.8967793583869934
YLR212C,YJR065C,0,-8.117148,0.09933708608150482,0.9870259761810303,0.8968793749809265
YDR158W,YJR057W,0,-8.124591,0.09932710975408554,0.9870259761810303,0.8969793915748596
YBL007C,YER088C,0,-8.126608,0.09931713342666626,0.9870259761810303,0.8970794081687927
YFL013C,YNL294C,0,-8.132364,0.09930715709924698,0.9870259761810303,0.8971794247627258
YDR410C,YGL014W,0,-8.135811,0.0992971882224083,0.9870259761810303,0.8972794413566589
YDR115W,YHL008C,0,-8.137068,0.09928721934556961,0.9870259761810303,0.897379457950592
YLL050C,YDL083C,0,-8.142301,0.09927725046873093,0.9870259761810303,0.8974794745445251
YML005W,YGL244W,0,-8.143822,0.09926728904247284,0.9870259761810303,0.8975794911384583
YLR190W,YPR055W,0,-8.146501,0.09925732761621475,0.9870259761810303,0.8976795077323914
YLR418C,YGL027C,0,-8.148058,0.09924736618995667,0.9870259761810303,0.8977795839309692
YCR092C,YJR112W,0,-8.148499,0.09923740476369858,0.9870259761810303,0.8978796005249023
YDR059C,YGR258C,0,-8.155508,0.09922745078802109,0.9870259761810303,0.8979796171188354
YDL059C,YJL025W,0,-8.157218,0.0992174968123436,0.9870259761810303,0.8980796337127686
YKL088W,YOR158W,0,-8.161448,0.09920754283666611,0.9870259761810303,0.8981796503067017
YDL070W,YFR041C,0,-8.170322,0.09919759631156921,0.9870259761810303,0.8982796669006348
YER005W,YKR002W,0,-8.172179,0.09918764233589172,0.9870259761810303,0.8983796834945679
YDR082W,YJR150C,0,-8.17371,0.09917769581079483,0.9870259761810303,0.898479700088501
YLR260W,YDL204W,0,-8.177471,0.09916774928569794,0.9870259761810303,0.8985797166824341
YDR440W,YDL216C,0,-8.1783495,0.09915781021118164,0.9870259761810303,0.8986797332763672
YDR342C,YDR122W,0,-8.179481,0.09914787113666534,0.9870259761810303,0.8987797498703003
YLR356W,YIL075C,0,-8.180147,0.09913793206214905,0.9870259761810303,0.8988797664642334
YCL047C,YBR214W,0,-8.188494,0.09912799298763275,0.9870259761810303,0.8989797830581665
YBR268W,YDR447C,0,-8.19081,0.09911806136369705,0.9870259761810303,0.8990797996520996
YMR026C,YHR070W,0,-8.197969,0.09910812973976135,0.9870259761810303,0.8991798162460327
YGR070W,YPR134W,0,-8.208015,0.09909819811582565,0.9870259761810303,0.8992798328399658
YNL258C,YJL133W,0,-8.212976,0.09908826649188995,0.9870259761810303,0.8993798494338989
YDR284C,YNR011C,0,-8.214799,0.09907834231853485,0.9870259761810303,0.8994799256324768
YOR059C,YOR262W,0,-8.215818,0.09906841814517975,0.9870259761810303,0.8995799422264099
YMR070W,YBR026C,0,-8.216932,0.09905849397182465,0.9870259761810303,0.899679958820343
YBR275C,YGL168W,0,-8.2198715,0.09904856979846954,0.9870259761810303,0.8997799754142761
YMR188C,YDL129W,0,-8.225669,0.09903865307569504,0.9870259761810303,0.8998799920082092
YBR080C,YMR298W,0,-8.2320595,0.09902873635292053,0.9870259761810303,0.8999800086021423
YNL131W,YNL031C,0,-8.2414875,0.09901881963014603,0.9870259761810303,0.9000800251960754
YLR419W,YLR377C,0,-8.241504,0.09900891035795212,0.9870259761810303,0.9001800417900085
YGL155W,YKL116C,0,-8.243092,0.09899900108575821,0.9870259761810303,0.9002800583839417
YPL144W,YDL115C,0,-8.24349,0.0989890918135643,0.9870259761810303,0.9003800749778748
YGL151W,YJR117W,0,-8.244786,0.09897918254137039,0.9870259761810303,0.9004800915718079
YDR328C,YBL090W,0,-8.244814,0.09896928071975708,0.9870259761810303,0.900580108165741
YJR108W,YGR072W,0,-8.2451725,0.09895937889814377,0.9870259761810303,0.9006801247596741
YKR036C,YNL284C,0,-8.247513,0.09894947707653046,0.9870259761810303,0.9007801413536072
YLR134W,YNL107W,0,-8.254529,0.09893957525491714,0.9870259761810303,0.9008801579475403
YMR143W,YKL117W,0,-8.255951,0.09892968088388443,0.9870259761810303,0.9009801745414734
YDR056C,YHR051W,0,-8.268543,0.09891978651285172,0.9870259761810303,0.9010801911354065
YGR143W,YPR071W,0,-8.272885,0.098909892141819,0.9870259761810303,0.9011802077293396
YGL246C,YMR301C,0,-8.2755575,0.09889999777078629,0.9870259761810303,0.9012802839279175
YNL281W,YGR144W,0,-8.289719,0.09889011085033417,0.9870259761810303,0.9013803005218506
YER140W,YNR022C,0,-8.293317,0.09888022392988205,0.9870259761810303,0.9014803171157837
YGL216W,YDR176W,0,-8.295411,0.09887033700942993,0.9870259761810303,0.9015803337097168
YDR407C,YGL237C,0,-8.30138,0.09886045753955841,0.9870259761810303,0.9016803503036499
YOL108C,YBR046C,0,-8.30909,0.09885057806968689,0.9870259761810303,0.901780366897583
YDR389W,YPL116W,0,-8.313313,0.09884069859981537,0.9870259761810303,0.9018803834915161
YJL179W,YMR091C,0,-8.315435,0.09883081912994385,0.9870259761810303,0.9019804000854492
YBL035C,YGR263C,0,-8.316615,0.09882093966007233,0.9870259761810303,0.9020804166793823
YOR157C,YPL103C,0,-8.323428,0.0988110676407814,0.9870259761810303,0.9021804332733154
YMR033W,YKR056W,0,-8.329625,0.09880119562149048,0.9870259761810303,0.9022804498672485
YGL120C,YKR038C,0,-8.33671,0.09879133105278015,0.9870259761810303,0.9023804664611816
YER190W,YPL017C,0,-8.341074,0.09878145903348923,0.9870259761810303,0.9024804830551147
YHL011C,YJL173C,0,-8.34268,0.0987715944647789,0.9870259761810303,0.9025804996490479
YDR019C,YPR030W,0,-8.344757,0.09876172989606857,0.9870259761810303,0.902680516242981
YPL120W,YDR176W,0,-8.345527,0.09875187277793884,0.9870259761810303,0.9027805328369141
YCR010C,YKR058W,0,-8.346872,0.09874201565980911,0.9870259761810303,0.9028805494308472
YLR097C,YLR164W,0,-8.357396,0.09873215854167938,0.9870259761810303,0.902980625629425
YDR531W,YKL040C,0,-8.357592,0.09872230142354965,0.9870259761810303,0.9030806422233582
YPL075W,YAL019W,0,-8.360412,0.09871244430541992,0.9870259761810303,0.9031806588172913
YDR430C,YPR173C,0,-8.368135,0.09870259463787079,0.9870259761810303,0.9032806754112244
YPL004C,YML045W,0,-8.370748,0.09869274497032166,0.9870259761810303,0.9033806920051575
YKR054C,YNL123W,0,-8.389883,0.09868289530277252,0.9870259761810303,0.9034807085990906
YDL101C,YLR223C,0,-8.393036,0.09867305308580399,0.9870259761810303,0.9035807251930237
YDL075W,YGR118W,0,-8.393293,0.09866321086883545,0.9870259761810303,0.9036807417869568
YPL093W,YGR185C,0,-8.394124,0.09865336865186691,0.9870259761810303,0.9037807583808899
YBR276C,YDR281C,0,-8.40394,0.09864352643489838,0.9870259761810303,0.903880774974823
YOR119C,YPL065W,0,-8.408701,0.09863369166851044,0.9870259761810303,0.9039807915687561
YNL161W,YMR143W,0,-8.412367,0.0986238569021225,0.9870259761810303,0.9040808081626892
YBR274W,YPL149W,0,-8.416119,0.09861402213573456,0.9870259761810303,0.9041808247566223
YBR193C,YOR138C,0,-8.422646,0.09860418736934662,0.9870259761810303,0.9042808413505554
YIR039C,YIL137C,0,-8.425721,0.09859436005353928,0.9870259761810303,0.9043808579444885
YNL133C,YCR086W,0,-8.428764,0.09858453273773193,0.9870259761810303,0.9044808745384216
YBR030W,YNR020C,0,-8.442266,0.09857470542192459,0.9870259761810303,0.9045808911323547
YLR266C,YLR268W,0,-8.443931,0.09856487810611725,0.9870259761810303,0.9046809077262878
YNL055C,YPR102C,0,-8.446566,0.0985550582408905,0.9870259761810303,0.9047809839248657
YPL155C,YPR047W,0,-8.452762,0.09854523837566376,0.9870259761810303,0.9048810005187988
YLR409C,YOR116C,0,-8.455062,0.09853541851043701,0.9870259761810303,0.9049810171127319
YGR052W,YPL203W,0,-8.455268,0.09852560609579086,0.9870259761810303,0.905081033706665
YGL178W,YPL130W,0,-8.458406,0.09851578623056412,0.9870259761810303,0.9051810503005981
YML059C,YLR417W,0,-8.460537,0.09850597381591797,0.9870259761810303,0.9052810668945312
YMR128W,YOR195W,0,-8.464069,0.09849616885185242,0.9870259761810303,0.9053810834884644
YIL011W,YCR046C,0,-8.465255,0.09848635643720627,0.9870259761810303,0.9054811000823975
YLR213C,YCR004C,0,-8.472507,0.09847655147314072,0.9870259761810303,0.9055811166763306
YPR187W,YML074C,0,-8.485231,0.09846674650907516,0.9870259761810303,0.9056811332702637
YFL025C,YMR159C,0,-8.487953,0.09845694154500961,0.9870259761810303,0.9057811498641968
YFR052W,YPL221W,0,-8.492662,0.09844714403152466,0.9870259761810303,0.9058811664581299
YOR371C,YNL197C,1,-8.502468,0.09853687882423401,0.9880239367485046,0.9058811664581299
YOR348C,YCR005C,0,-8.504847,0.09852706640958786,0.9880239367485046,0.905981183052063
YKR054C,YNL133C,0,-8.508829,0.0985172688961029,0.9880239367485046,0.9060811996459961
YNL308C,YGR169C,0,-8.509452,0.09850746393203735,0.9880239367485046,0.9061812162399292
YML109W,YBR016W,0,-8.512432,0.0984976589679718,0.9880239367485046,0.9062812328338623
YDR377W,YGL107C,0,-8.515179,0.09848786145448685,0.9880239367485046,0.9063812494277954
YKL077W,YNL023C,0,-8.521212,0.09847806394100189,0.9880239367485046,0.9064813256263733
YPR070W,YGR106C,0,-8.52214,0.09846827387809753,0.9880239367485046,0.9065813422203064
YBR202W,YNL259C,0,-8.52359,0.09845847636461258,0.9880239367485046,0.9066813588142395
YDR515W,YGL107C,0,-8.523947,0.09844868630170822,0.9880239367485046,0.9067813754081726
YGR020C,YBL076C,0,-8.524284,0.09843889623880386,0.9880239367485046,0.9068813920021057
YML040W,YER022W,0,-8.541136,0.0984291136264801,0.9880239367485046,0.9069814085960388
YNL032W,YKL045W,0,-8.546185,0.09841932356357574,0.9880239367485046,0.9070814251899719
YPL085W,YGR078C,0,-8.547233,0.09840954095125198,0.9880239367485046,0.907181441783905
YMR061W,YKL010C,0,-8.547387,0.09839975833892822,0.9880239367485046,0.9072814583778381
YPR188C,YDL208W,0,-8.556347,0.09838998317718506,0.9880239367485046,0.9073814749717712
YDL051W,YLR384C,0,-8.564523,0.0983802080154419,0.9880239367485046,0.9074814915657043
YMR043W,YGL006W,0,-8.574333,0.09837043285369873,0.9880239367485046,0.9075815081596375
YBR271W,YNL110C,0,-8.577137,0.09836065769195557,0.9880239367485046,0.9076815247535706
YLR043C,YKR094C,0,-8.578716,0.0983508825302124,0.9880239367485046,0.9077815413475037
YDR204W,YNL132W,0,-8.581477,0.09834111481904984,0.9880239367485046,0.9078815579414368
YPL098C,YGR024C,0,-8.583258,0.09833134710788727,0.9880239367485046,0.9079815745353699
YIL167W,YMR081C,0,-8.586362,0.0983215793967247,0.9880239367485046,0.908081591129303
YJR032W,YJR013W,0,-8.607794,0.09831181913614273,0.9880239367485046,0.9081816077232361
YDR179C,YGR057C,0,-8.61478,0.09830205887556076,0.9880239367485046,0.908281683921814
YGR161C,YDR096W,0,-8.61562,0.09829229861497879,0.9880239367485046,0.9083817005157471
YNR037C,YIL061C,0,-8.621681,0.09828253835439682,0.9880239367485046,0.9084817171096802
YIL113W,YFL044C,0,-8.622646,0.09827277809381485,0.9880239367485046,0.9085817337036133
YOR150W,YGR084C,0,-8.624582,0.09826302528381348,0.9880239367485046,0.9086817502975464
YMR319C,YOL067C,0,-8.625623,0.0982532724738121,0.9880239367485046,0.9087817668914795
YOR297C,YFR018C,0,-8.637447,0.09824352711439133,0.9880239367485046,0.9088817834854126
YHL019C,YKL186C,0,-8.643,0.09823377430438995,0.9880239367485046,0.9089818000793457
YPR098C,YPL141C,0,-8.644403,0.09822402894496918,0.9880239367485046,0.9090818166732788
YMR188C,YER111C,0,-8.651396,0.0982142835855484,0.9880239367485046,0.9091818332672119
YPL262W,YIL009C-A,0,-8.656286,0.09820454567670822,0.9880239367485046,0.909281849861145
YMR153W,YIL039W,0,-8.657021,0.09819480031728745,0.9880239367485046,0.9093818664550781
YDR468C,YDR130C,0,-8.660891,0.09818506240844727,0.9880239367485046,0.9094818830490112
YEL027W,YGL031C,0,-8.663163,0.09817532449960709,0.9880239367485046,0.9095818996429443
YBR274W,YPR135W,0,-8.67084,0.0981655940413475,0.9880239367485046,0.9096819162368774
YDR494W,YDR276C,0,-8.672887,0.09815585613250732,0.9880239367485046,0.9097819328308105
YOR145C,YMR025W,0,-8.672987,0.09814612567424774,0.9880239367485046,0.9098819494247437
YJL156C,YEL038W,0,-8.676621,0.09813640266656876,0.9880239367485046,0.9099820256233215
YDR530C,YAL029C,0,-8.685333,0.09812667220830917,0.9880239367485046,0.9100820422172546
YMR285C,YIL090W,0,-8.690407,0.09811694920063019,0.9880239367485046,0.9101820588111877
YOR290C,YDR247W,0,-8.690666,0.0981072261929512,0.9880239367485046,0.9102820754051208
YGR020C,YFL005W,0,-8.691249,0.09809750318527222,0.9880239367485046,0.910382091999054
YIL123W,YDR130C,0,-8.697554,0.09808778017759323,0.9880239367485046,0.9104821085929871
YOR290C,YNL271C,0,-8.7030945,0.09807806462049484,0.9880239367485046,0.9105821251869202
YPR049C,YLR289W,0,-8.703209,0.09806834906339645,0.9880239367485046,0.9106821417808533
YLL002W,YER143W,0,-8.707811,0.09805863350629807,0.9880239367485046,0.9107821583747864
YPL153C,YPL022W,0,-8.720867,0.09804892539978027,0.9880239367485046,0.9108821749687195
YGR246C,YER114C,0,-8.721377,0.09803921729326248,0.9880239367485046,0.9109821915626526
YOR129C,YGR217W,0,-8.723131,0.09802950918674469,0.9880239367485046,0.9110822081565857
YNL066W,YER062C,0,-8.723567,0.0980198010802269,0.9880239367485046,0.9111822247505188
YCR054C,YMR127C,0,-8.72971,0.0980101004242897,0.9880239367485046,0.9112822413444519
YMR308C,YOL067C,0,-8.734767,0.09800039231777191,0.9880239367485046,0.911382257938385
YAR031W,YAL017W,0,-8.740171,0.09799069911241531,0.9880239367485046,0.9114822745323181
YDL082W,YNL096C,0,-8.740385,0.09798099845647812,0.9880239367485046,0.9115822911262512
YDL075W,YER161C,0,-8.742474,0.09797129780054092,0.9880239367485046,0.9116823077201843
YLR364W,YDR069C,0,-8.743083,0.09796160459518433,0.9880239367485046,0.9117823839187622
YGL213C,YDR393W,0,-8.746172,0.09795191138982773,0.9880239367485046,0.9118824005126953
YJR045C,YML048W,0,-8.747024,0.09794222563505173,0.9880239367485046,0.9119824171066284
YER168C,YPL173W,0,-8.748519,0.09793253242969513,0.9880239367485046,0.9120824337005615
YML009C,YMR041C,0,-8.750184,0.09792284667491913,0.9880239367485046,0.9121824502944946
YFR047C,YLL009C,0,-8.759222,0.09791316092014313,0.9880239367485046,0.9122824668884277
YBR168W,YEL041W,0,-8.773319,0.09790348261594772,0.9880239367485046,0.9123824834823608
YGR175C,YLR295C,0,-8.773507,0.09789379686117172,0.9880239367485046,0.912482500076294
YGR288W,YGR004W,0,-8.777922,0.09788411855697632,0.9880239367485046,0.912582516670227
YDR111C,YMR009W,0,-8.786475,0.09787444025278091,0.9880239367485046,0.9126825332641602
YNR004W,YDR454C,0,-8.791529,0.09786476939916611,0.9880239367485046,0.9127825498580933
YDR497C,YJL141C,0,-8.794652,0.0978550985455513,0.9880239367485046,0.9128825664520264
YKL144C,YNL219C,0,-8.802431,0.09784542769193649,0.9880239367485046,0.9129825830459595
YHR146W,YBR247C,0,-8.813487,0.09783575683832169,0.9880239367485046,0.9130825996398926
YDR245W,YMR311C,0,-8.8142605,0.09782608598470688,0.9880239367485046,0.9131826162338257
YMR308C,YHL050C,0,-8.815035,0.09781642258167267,0.9880239367485046,0.9132826328277588
YER115C,YOR311C,0,-8.819723,0.09780675917863846,0.9880239367485046,0.9133826494216919
YGR296W,YFR001W,0,-8.820734,0.09779709577560425,0.9880239367485046,0.9134827256202698
YER123W,YPR011C,0,-8.83858,0.09778743237257004,0.9880239367485046,0.9135827422142029
YGR070W,YML023C,0,-8.841336,0.09777777642011642,0.9880239367485046,0.913682758808136
YMR203W,YJR013W,0,-8.841825,0.09776812046766281,0.9880239367485046,0.9137827754020691
YDR395W,YHR110W,0,-8.842026,0.0977584645152092,0.9880239367485046,0.9138827919960022
YKR064W,YGR253C,0,-8.843903,0.09774881601333618,0.9880239367485046,0.9139828085899353
YDL043C,YAL010C,0,-8.845015,0.09773916751146317,0.9880239367485046,0.9140828251838684
YOR044W,YJL112W,0,-8.84654,0.09772951900959015,0.9880239367485046,0.9141828417778015
YGR062C,YNL199C,0,-8.847627,0.09771987050771713,0.9880239367485046,0.9142828583717346
YIL112W,YPR057W,0,-8.849317,0.09771022200584412,0.9880239367485046,0.9143828749656677
YOR070C,YMR165C,0,-8.856897,0.0977005809545517,0.9880239367485046,0.9144828915596008
YOR075W,YIR036C,0,-8.865816,0.09769093990325928,0.9880239367485046,0.9145829081535339
YIL084C,YOR317W,0,-8.866474,0.09768129885196686,0.9880239367485046,0.914682924747467
YBR095C,YBR222C,0,-8.86722,0.09767166525125504,0.9880239367485046,0.9147829413414001
YHL038C,YPL120W,0,-8.873769,0.09766203165054321,0.9880239367485046,0.9148829579353333
YIL136W,YLR107W,0,-8.880241,0.09765239804983139,0.9880239367485046,0.9149829745292664
YNL142W,YOR030W,1,-8.881561,0.09774139523506165,0.9890219569206238,0.9149829745292664
YDL015C,YNL163C,0,-8.885891,0.09773175418376923,0.9890219569206238,0.9150829911231995
YDR052C,YGL236C,0,-8.889814,0.0977221205830574,0.9890219569206238,0.9151830077171326
YDR495C,YDR139C,0,-8.894932,0.09771247953176498,0.9890219569206238,0.9152830839157104
YPL122C,YOL149W,0,-8.898152,0.09770284593105316,0.9890219569206238,0.9153831005096436
YLR052W,YMR246W,0,-8.908521,0.09769321978092194,0.9890219569206238,0.9154831171035767
YLR141W,YNR003C,0,-8.911972,0.09768358618021011,0.9890219569206238,0.9155831336975098
YPL127C,YKL194C,0,-8.915491,0.09767396003007889,0.9890219569206238,0.9156831502914429
YPL196W,YPR005C,0,-8.923585,0.09766433387994766,0.9890219569206238,0.915783166885376
YIL006W,YKL088W,0,-8.93103,0.09765470772981644,0.9890219569206238,0.9158831834793091
YLL011W,YLR193C,0,-8.933101,0.09764508903026581,0.9890219569206238,0.9159832000732422
YPL087W,YMR213W,0,-8.935789,0.09763547033071518,0.9890219569206238,0.9160832166671753
YOR216C,YGR238C,0,-8.940378,0.09762585163116455,0.9890219569206238,0.9161832332611084
YGR010W,YDR050C,0,-8.943205,0.09761623293161392,0.9890219569206238,0.9162832498550415
YPL042C,YHR024C,0,-8.946364,0.09760662168264389,0.9890219569206238,0.9163832664489746
YER052C,YPR055W,0,-8.949272,0.09759700298309326,0.9890219569206238,0.9164832830429077
YLR364W,YDR437W,0,-8.953924,0.09758739173412323,0.9890219569206238,0.9165832996368408
YML015C,YIL022W,0,-8.959985,0.0975777879357338,0.9890219569206238,0.9166833162307739
YNL294C,YAL016W,0,-8.965406,0.09756817668676376,0.9890219569206238,0.916783332824707
YGR088W,YNL101W,0,-8.97616,0.09755857288837433,0.9890219569206238,0.9168833494186401
YHR129C,YDR273W,0,-8.980737,0.0975489690899849,0.9890219569206238,0.916983425617218
YKL196C,YMR211W,0,-8.991011,0.09753937274217606,0.9890219569206238,0.9170834422111511
YNL029C,YKL058W,0,-8.993596,0.09752976894378662,0.9890219569206238,0.9171834588050842
YIL143C,YGL006W,0,-8.994773,0.09752017259597778,0.9890219569206238,0.9172834753990173
YJR066W,YPR160W,0,-9.000364,0.09751057624816895,0.9890219569206238,0.9173834919929504
YBR287W,YLR390W-A,0,-9.002278,0.0975009873509407,0.9890219569206238,0.9174835085868835
YIL021W,YHR172W,0,-9.004238,0.09749139100313187,0.9890219569206238,0.9175835251808167
YIL139C,YJR101W,0,-9.0055275,0.09748180210590363,0.9890219569206238,0.9176835417747498
YHR165C,YHR149C,0,-9.009428,0.09747221320867538,0.9890219569206238,0.9177835583686829
YOR288C,YLR157C,0,-9.0102005,0.09746262431144714,0.9890219569206238,0.917883574962616
YPL209C,YDL216C,0,-9.014008,0.0974530428647995,0.9890219569206238,0.9179835915565491
YNL133C,YGL061C,0,-9.016635,0.09744346141815186,0.9890219569206238,0.9180836081504822
YDR318W,YGL050W,0,-9.017137,0.09743387997150421,0.9890219569206238,0.9181836247444153
YOR046C,YDR045C,0,-9.019057,0.09742429852485657,0.9890219569206238,0.9182836413383484
YPL091W,YMR177W,0,-9.019366,0.09741472452878952,0.9890219569206238,0.9183836579322815
YMR301C,YDR081C,0,-9.020188,0.09740515053272247,0.9890219569206238,0.9184836745262146
YDR031W,YER038C,0,-9.024512,0.09739557653665543,0.9890219569206238,0.9185836911201477
YCR005C,YLL009C,0,-9.025629,0.09738600999116898,0.9890219569206238,0.9186837077140808
YCR044C,YGR040W,0,-9.029548,0.09737643599510193,0.9890219569206238,0.9187837839126587
YDR115W,YBR049C,0,-9.03964,0.09736686944961548,0.9890219569206238,0.9188838005065918
YDL209C,YLR127C,0,-9.054094,0.09735730290412903,0.9890219569206238,0.9189838171005249
YKL082C,YGR078C,0,-9.059755,0.09734774380922318,0.9890219569206238,0.919083833694458
YER030W,YGR078C,0,-9.06319,0.09733817726373672,0.9890219569206238,0.9191838502883911
YPR034W,YLR219W,0,-9.069181,0.09732861816883087,0.9890219569206238,0.9192838668823242
YML070W,YDR285W,0,-9.080183,0.09731905907392502,0.9890219569206238,0.9193838834762573
YPR049C,YDL017W,0,-9.086829,0.09730950742959976,0.9890219569206238,0.9194839000701904
YLR380W,YBL106C,0,-9.094221,0.09729994833469391,0.9890219569206238,0.9195839166641235
YKR085C,YEL052W,0,-9.109493,0.09729039669036865,0.9890219569206238,0.9196839332580566
YDR189W,YMR237W,0,-9.114876,0.0972808450460434,0.9890219569206238,0.9197839498519897
YGL089C,YOL043C,0,-9.122519,0.09727130085229874,0.9890219569206238,0.9198839664459229
YNL084C,YKL135C,0,-9.123489,0.09726174920797348,0.9890219569206238,0.919983983039856
YBR112C,YHR046C,0,-9.12718,0.09725220501422882,0.9890219569206238,0.9200839996337891
YDR332W,YJL078C,0,-9.130198,0.09724266827106476,0.9890219569206238,0.9201840162277222
YMR240C,YGR134W,0,-9.134407,0.0972331240773201,0.9890219569206238,0.9202840328216553
YGL222C,YPL043W,0,-9.141197,0.09722358733415604,0.9890219569206238,0.9203840494155884
YLR025W,YNL328C,0,-9.1433735,0.09721405059099197,0.9890219569206238,0.9204841256141663
YKL054C,YJL164C,0,-9.153489,0.09720451384782791,0.9890219569206238,0.9205841422080994
YDR287W,YPR200C,0,-9.15567,0.09719497710466385,0.9890219569206238,0.9206841588020325
YCL052C,YBL069W,0,-9.1577835,0.09718544781208038,0.9890219569206238,0.9207841753959656
YHR057C,YLR327C,0,-9.158613,0.09717591851949692,0.9890219569206238,0.9208841919898987
YOR371C,YNL098C,1,-9.163233,0.09726443886756897,0.9900199770927429,0.9208841919898987
YGL174W,YGR221C,0,-9.16534,0.09725490212440491,0.9900199770927429,0.9209842085838318
YPL146C,YGR165W,0,-9.167796,0.09724536538124084,0.9900199770927429,0.9210842251777649
YLR001C,YBL087C,0,-9.172453,0.09723583608865738,0.9900199770927429,0.921184241771698
YBL013W,YKL191W,0,-9.173115,0.09722630679607391,0.9900199770927429,0.9212842583656311
YIL005W,YJR138W,0,-9.185263,0.09721677750349045,0.9900199770927429,0.9213842749595642
YOR357C,YPL214C,0,-9.186583,0.09720724821090698,0.9900199770927429,0.9214842915534973
YOR148C,YOR283W,0,-9.19828,0.09719772636890411,0.9900199770927429,0.9215843081474304
YAL028W,YBL035C,0,-9.226199,0.09718820452690125,0.9900199770927429,0.9216843247413635
YOR358W,YEL017C-A,0,-9.227026,0.09717868268489838,0.9900199770927429,0.9217843413352966
YCL052C,YOR151C,0,-9.227251,0.09716916084289551,0.9900199770927429,0.9218843579292297
YNL115C,YHR012W,0,-9.234752,0.09715964645147324,0.9900199770927429,0.9219843745231628
YIL049W,YDR043C,1,-9.235107,0.09724806249141693,0.9910179376602173,0.9219843745231628
YKL054C,YOL139C,0,-9.237717,0.09723854064941406,0.9910179376602173,0.922084391117096
YJR076C,YMR076C,0,-9.243697,0.0972290188074112,0.9910179376602173,0.922184407711029
YML106W,YCR005C,0,-9.244996,0.09721950441598892,0.9910179376602173,0.9222844839096069
YER081W,YOR349W,0,-9.253209,0.09720998257398605,0.9910179376602173,0.92238450050354
YLR058C,YMR032W,0,-9.259624,0.09720046818256378,0.9910179376602173,0.9224845170974731
YHR033W,YOR158W,0,-9.261776,0.09719095379114151,0.9910179376602173,0.9225845336914062
YDR263C,YLR007W,0,-9.264114,0.09718144685029984,0.9910179376602173,0.9226845502853394
YLR325C,YBR078W,0,-9.267724,0.09717193245887756,0.9910179376602173,0.9227845668792725
YEL062W,YNL232W,0,-9.28059,0.09716242551803589,0.9910179376602173,0.9228845834732056
YML018C,YHR170W,0,-9.284022,0.09715291857719421,0.9910179376602173,0.9229846000671387
YNL307C,YBR251W,0,-9.291473,0.09714341908693314,0.9910179376602173,0.9230846166610718
YMR235C,YDR257C,0,-9.294098,0.09713391214609146,0.9910179376602173,0.9231846332550049
YPR105C,YLR153C,0,-9.29431,0.09712441265583038,0.9910179376602173,0.923284649848938
YJR104C,YNL052W,0,-9.296236,0.0971149131655693,0.9910179376602173,0.9233846664428711
YDR466W,YOR311C,0,-9.31424,0.09710542112588882,0.9910179376602173,0.9234846830368042
YML056C,YDR482C,0,-9.316629,0.09709592163562775,0.9910179376602173,0.9235846996307373
YBR049C,YNL091W,0,-9.319519,0.09708642959594727,0.9910179376602173,0.9236847162246704
YER093C,YJR046W,0,-9.320036,0.09707693755626678,0.9910179376602173,0.9237847328186035
YGR080W,YGR089W,0,-9.324067,0.0970674455165863,0.9910179376602173,0.9238847494125366
YOL149W,YMR019W,0,-9.324665,0.09705796092748642,0.9910179376602173,0.9239848256111145
YNL311C,YPL172C,0,-9.327501,0.09704847633838654,0.9910179376602173,0.9240848422050476
YBL030C,YHR184W,0,-9.327624,0.09703899174928665,0.9910179376602173,0.9241848587989807
YGR217W,YNR002C,0,-9.331349,0.09702950716018677,0.9910179376602173,0.9242848753929138
YBR185C,YDR012W,0,-9.33308,0.09702003002166748,0.9910179376602173,0.9243848919868469
YJL013C,YHR002W,0,-9.335823,0.0970105528831482,0.9910179376602173,0.92448490858078
YOL138C,YJL024C,0,-9.346575,0.0970010757446289,0.9910179376602173,0.9245849251747131
YGR010W,YER178W,0,-9.356441,0.09699159860610962,0.9910179376602173,0.9246849417686462
YGR061C,YJL001W,0,-9.363207,0.09698212891817093,0.9910179376602173,0.9247849583625793
YDR520C,YDR086C,0,-9.366746,0.09697265923023224,0.9910179376602173,0.9248849749565125
YLR154C,YOR271C,0,-9.378609,0.09696318954229355,0.9910179376602173,0.9249849915504456
YGR199W,YNL132W,0,-9.378632,0.09695371985435486,0.9910179376602173,0.9250850081443787
YDR435C,YPL224C,0,-9.384146,0.09694425761699677,0.9910179376602173,0.9251850247383118
YDR091C,YGL030W,0,-9.391796,0.09693478792905807,0.9910179376602173,0.9252850413322449
YPL106C,YGL035C,0,-9.398951,0.09692533314228058,0.9910179376602173,0.925385057926178
YBR169C,YNR035C,0,-9.412371,0.09691587090492249,0.9910179376602173,0.9254850745201111
YML107C,YCL059C,0,-9.41434,0.09690640866756439,0.9910179376602173,0.9255850911140442
YDL074C,YPL097W,0,-9.437601,0.0968969538807869,0.9910179376602173,0.9256851077079773
YLR357W,YPR135W,0,-9.439358,0.0968874990940094,0.9910179376602173,0.9257851839065552
YJL072C,YKL003C,0,-9.440443,0.0968780517578125,0.9910179376602173,0.9258852005004883
YOL102C,YLR181C,0,-9.444145,0.096868596971035,0.9910179376602173,0.9259852170944214
YPL258C,YNL156C,0,-9.444311,0.0968591496348381,0.9910179376602173,0.9260852336883545
YMR004W,YEL059C-A,0,-9.458284,0.0968497022986412,0.9910179376602173,0.9261852502822876
YKR089C,YJL165C,0,-9.460511,0.0968402549624443,0.9910179376602173,0.9262852668762207
YGL163C,YOR311C,0,-9.462054,0.096830815076828,0.9910179376602173,0.9263852834701538
YCR054C,YDR390C,0,-9.464313,0.0968213751912117,0.9910179376602173,0.9264853000640869
YNL008C,YGR054W,0,-9.467514,0.0968119353055954,0.9910179376602173,0.92658531665802
YGL063W,YJR055W,0,-9.469203,0.0968024954199791,0.9910179376602173,0.9266853332519531
YKL198C,YML049C,0,-9.470667,0.09679306298494339,0.9910179376602173,0.9267853498458862
YJR104C,YPR184W,0,-9.478041,0.09678362309932709,0.9910179376602173,0.9268853664398193
YFR052W,YER007C-A,0,-9.478666,0.09677419066429138,0.9910179376602173,0.9269853830337524
YCL039W,YGR229C,0,-9.48568,0.09676476567983627,0.9910179376602173,0.9270853996276855
YCR011C,YJR005W,0,-9.496027,0.09675533324480057,0.9910179376602173,0.9271854162216187
YDR137W,YDR281C,0,-9.502403,0.09674590826034546,0.9910179376602173,0.9272854328155518
YOR150W,YOL045W,0,-9.503212,0.09673648327589035,0.9910179376602173,0.9273854494094849
YIL154C,YGR030C,0,-9.504046,0.09672705829143524,0.9910179376602173,0.9274855256080627
YDL170W,YIL130W,0,-9.505785,0.09671764075756073,0.9910179376602173,0.9275855422019958
YOR191W,YOR159C,0,-9.506643,0.09670822322368622,0.9910179376602173,0.927685558795929
YOR098C,YPR063C,0,-9.511708,0.0966988056898117,0.9910179376602173,0.9277855753898621
YMR184W,YKL053C-A,0,-9.51247,0.0966893881559372,0.9910179376602173,0.9278855919837952
YNL180C,YOR358W,0,-9.517016,0.09667997062206268,0.9910179376602173,0.9279856085777283
YPL254W,YNL217W,0,-9.518509,0.09667056053876877,0.9910179376602173,0.9280856251716614
YLR090W,YPR180W,0,-9.520472,0.09666115045547485,0.9910179376602173,0.9281856417655945
YDL100C,YBR272C,0,-9.522395,0.09665174037218094,0.9910179376602173,0.9282856583595276
YNR041C,YDL061C,0,-9.523356,0.09664233773946762,0.9910179376602173,0.9283856749534607
YBR212W,YBR231C,0,-9.524516,0.0966329276561737,0.9910179376602173,0.9284856915473938
YGR020C,YNL288W,0,-9.528809,0.09662352502346039,0.9910179376602173,0.9285857081413269
YBR009C,YPR131C,0,-9.534681,0.09661412984132767,0.9910179376602173,0.92868572473526
YJR054W,YNL146W,0,-9.538387,0.09660472720861435,0.9910179376602173,0.9287857413291931
YKL180W,YGL094C,0,-9.547,0.09659533202648163,0.9910179376602173,0.9288857579231262
YLR350W,YBR231C,0,-9.550257,0.09658593684434891,0.9910179376602173,0.9289857745170593
YPL262W,YDR498C,0,-9.560391,0.09657654166221619,0.9910179376602173,0.9290857911109924
YGR024C,YFR031C,0,-9.561922,0.09656714648008347,0.9910179376602173,0.9291858077049255
YPL218W,YNL301C,0,-9.562145,0.09655775874853134,0.9910179376602173,0.9292858839035034
YPL214C,YDR205W,0,-9.56637,0.09654837101697922,0.9910179376602173,0.9293859004974365
YBR002C,YCL055W,0,-9.570963,0.0965389832854271,0.9910179376602173,0.9294859170913696
YKL022C,YDL099W,0,-9.572355,0.09652960300445557,0.9910179376602173,0.9295859336853027
YJL157C,YLR396C,0,-9.572746,0.09652021527290344,0.9910179376602173,0.9296859502792358
YDR122W,YGL205W,0,-9.595983,0.09651083499193192,0.9910179376602173,0.929785966873169
YMR194W,YPL273W,0,-9.603765,0.09650145471096039,0.9910179376602173,0.929885983467102
YLR248W,YHR150W,0,-9.605259,0.09649208188056946,0.9910179376602173,0.9299860000610352
YGR202C,YHR090C,0,-9.613568,0.09648270159959793,0.9910179376602173,0.9300860166549683
YOL018C,YDR483W,0,-9.617146,0.096473328769207,0.9910179376602173,0.9301860332489014
YML005W,YNL282W,0,-9.619122,0.09646395593881607,0.9910179376602173,0.9302860498428345
YAL017W,YMR173W,0,-9.620712,0.09645459055900574,0.9910179376602173,0.9303860664367676
YDR072C,YBL069W,0,-9.62641,0.09644521772861481,0.9910179376602173,0.9304860830307007
YHL031C,YJL183W,0,-9.630592,0.09643585234880447,0.9910179376602173,0.9305860996246338
YMR023C,YMR005W,0,-9.643423,0.09642648696899414,0.9910179376602173,0.9306861162185669
YIL118W,YNL132W,0,-9.644534,0.0964171290397644,0.9910179376602173,0.9307861328125
YBL068W,YER151C,0,-9.648838,0.09640776365995407,0.9910179376602173,0.9308861494064331
YDR005C,YKL053C-A,0,-9.649357,0.09639840573072433,0.9910179376602173,0.930986225605011
YBR114W,YDR276C,0,-9.656494,0.0963890478014946,0.9910179376602173,0.9310862421989441
YKL191W,YDR013W,0,-9.65795,0.09637969732284546,0.9910179376602173,0.9311862587928772
YIL160C,YER022W,0,-9.662141,0.09637033939361572,0.9910179376602173,0.9312862753868103
YLL033W,YMR125W,0,-9.663594,0.09636098891496658,0.9910179376602173,0.9313862919807434
YNR016C,YMR043W,0,-9.670798,0.09635163843631744,0.9910179376602173,0.9314863085746765
YNL328C,YML129C,0,-9.672465,0.0963422879576683,0.9910179376602173,0.9315863251686096
YGL128C,YDR118W,0,-9.672535,0.09633294492959976,0.9910179376602173,0.9316863417625427
YDR403W,YMR137C,0,-9.697392,0.09632360190153122,0.9910179376602173,0.9317863583564758
YPL244C,YPR144C,0,-9.701368,0.09631425887346268,0.9910179376602173,0.9318863749504089
YHR017W,YBR211C,0,-9.701625,0.09630491584539413,0.9910179376602173,0.931986391544342
YBL017C,YHR175W,0,-9.710455,0.09629558026790619,0.9910179376602173,0.9320864081382751
YCR028C,YKL174C,0,-9.712877,0.09628623723983765,0.9910179376602173,0.9321864247322083
YBL055C,YLR248W,0,-9.714718,0.0962769016623497,0.9910179376602173,0.9322864413261414
YNL110C,YML023C,0,-9.715354,0.09626757353544235,0.9910179376602173,0.9323864579200745
YDR424C,YFL026W,0,-9.718727,0.0962582379579544,0.9910179376602173,0.9324864745140076
YFL048C,YIL075C,0,-9.72632,0.09624890983104706,0.9910179376602173,0.9325864911079407
YNR018W,YGL078C,0,-9.73682,0.09623958170413971,0.9910179376602173,0.9326865077018738
YJR010C-A,YDR479C,0,-9.7416935,0.09623025357723236,0.9910179376602173,0.9327865839004517
YAL019W,YOL032W,0,-9.746822,0.09622093290090561,0.9910179376602173,0.9328866004943848
YLL062C,YOL165C,0,-9.749763,0.09621160477399826,0.9910179376602173,0.9329866170883179
YDL209C,YBR299W,0,-9.753588,0.09620228409767151,0.9910179376602173,0.933086633682251
YJR032W,YDL123W,0,-9.763594,0.09619297087192535,0.9910179376602173,0.9331866502761841
YMR290C,YJR070C,0,-9.780533,0.0961836501955986,0.9910179376602173,0.9332866668701172
YKL124W,YML004C,0,-9.785645,0.09617433696985245,0.9910179376602173,0.9333866834640503
YKR059W,YPR091C,0,-9.791199,0.09616502374410629,0.9910179376602173,0.9334867000579834
YIL046W,YIR023W,0,-9.791542,0.09615571051836014,0.9910179376602173,0.9335867166519165
YOR068C,YGR030C,0,-9.792015,0.09614639729261398,0.9910179376602173,0.9336867332458496
YER173W,YPL223C,0,-9.795823,0.09613709151744843,0.9910179376602173,0.9337867498397827
YOL086C,YDR375C,0,-9.79712,0.09612778574228287,0.9910179376602173,0.9338867664337158
YIL154C,YDR378C,0,-9.801261,0.09611847996711731,0.9910179376602173,0.9339867830276489
YER099C,YPR191W,0,-9.802858,0.09610917419195175,0.9910179376602173,0.934086799621582
YJL179W,YJL090C,0,-9.807109,0.09609987586736679,0.9910179376602173,0.9341868162155151
YGR178C,YMR229C,0,-9.80714,0.09609057754278183,0.9910179376602173,0.9342868328094482
YHR169W,YER161C,0,-9.811197,0.09608127921819687,0.9910179376602173,0.9343868494033813
YBR052C,YGL237C,0,-9.821542,0.09607198089361191,0.9910179376602173,0.9344869256019592
YLR113W,YGL039W,0,-9.823996,0.09606269001960754,0.9910179376602173,0.9345869421958923
YML081C-A,YNR002C,0,-9.833114,0.09605339169502258,0.9910179376602173,0.9346869587898254
YLR120C,YNR033W,0,-9.837881,0.09604410827159882,0.9910179376602173,0.9347869753837585
YBR188C,YDR298C,0,-9.839819,0.09603481739759445,0.9910179376602173,0.9348869919776917
YOR086C,YML070W,0,-9.844412,0.09602552652359009,0.9910179376602173,0.9349870085716248
YPL119C,YFR049W,0,-9.853205,0.09601624310016632,0.9910179376602173,0.9350870251655579
YLR390W,YMR169C,0,-9.854708,0.09600695967674255,0.9910179376602173,0.935187041759491
YKL011C,YOR252W,0,-9.857469,0.09599767625331879,0.9910179376602173,0.9352870583534241
YBL076C,YPL151C,0,-9.862933,0.09598840028047562,0.9910179376602173,0.9353870749473572
YAL056W,YGR061C,0,-9.864872,0.09597912430763245,0.9910179376602173,0.9354870915412903
YKL074C,YMR239C,0,-9.865829,0.09596984833478928,0.9910179376602173,0.9355871081352234
YML041C,YJL164C,0,-9.890329,0.0959605723619461,0.9910179376602173,0.9356871247291565
YIL173W,YER190W,0,-9.892105,0.09595129638910294,0.9910179376602173,0.9357871413230896
YJL196C,YER052C,0,-9.893686,0.09594202786684036,0.9910179376602173,0.9358871579170227
YOR126C,YGR104C,0,-9.897385,0.09593275934457779,0.9910179376602173,0.9359871745109558
YJL155C,YPL148C,0,-9.902913,0.09592349082231522,0.9910179376602173,0.9360871911048889
YKL186C,YDR479C,0,-9.91316,0.09591422975063324,0.9910179376602173,0.936187207698822
YML074C,YBR237W,0,-9.91334,0.09590496122837067,0.9910179376602173,0.9362872838973999
YKR094C,YDL208W,0,-9.928934,0.09589570015668869,0.9910179376602173,0.936387300491333
YBR065C,YKL087C,0,-9.929661,0.09588643908500671,0.9910179376602173,0.9364873170852661
YOR327C,YJR112W,0,-9.940643,0.09587718546390533,0.9910179376602173,0.9365873336791992
YCR092C,YOL052C,0,-9.941767,0.09586793184280396,0.9910179376602173,0.9366873502731323
YKR053C,YPL135W,0,-9.942942,0.09585867077112198,0.9910179376602173,0.9367873668670654
YOR215C,YLR325C,0,-9.947319,0.0958494171500206,0.9910179376602173,0.9368873834609985
YJR143C,YPR125W,0,-9.961893,0.09584017097949982,0.9910179376602173,0.9369874000549316
YPL010W,YGR216C,0,-9.971268,0.09583091735839844,0.9910179376602173,0.9370874166488647
YHL007C,YER118C,1,-9.972125,0.09591817110776901,0.9920159578323364,0.9370874166488647
YJR082C,YDR166C,0,-9.982827,0.09590891748666763,0.9920159578323364,0.9371874332427979
YNL251C,YLR347C,0,-9.988757,0.09589966386556625,0.9920159578323364,0.937287449836731
YKL135C,YOL066C,0,-9.990485,0.09589041024446487,0.9920159578323364,0.9373874664306641
YPR192W,YKR049C,0,-9.99076,0.09588116407394409,0.9920159578323364,0.9374874830245972
YOR253W,YOL092W,0,-9.995738,0.09587191045284271,0.9920159578323364,0.9375874996185303
YPL258C,YBL038W,0,-9.998556,0.09586266428232193,0.9920159578323364,0.9376875162124634
YIL128W,YDL141W,0,-10.006503,0.09585342556238174,0.9920159578323364,0.9377875328063965
YDR246W,YBR283C,0,-10.009256,0.09584417939186096,0.9920159578323364,0.9378875494003296
YDR495C,YIL153W,0,-10.016564,0.09583494067192078,0.9920159578323364,0.9379876255989075
YER025W,YIL096C,0,-10.01832,0.09582570195198059,0.9920159578323364,0.9380876421928406
YNR055C,YPL239W,0,-10.035124,0.0958164632320404,0.9920159578323364,0.9381876587867737
YBR087W,YOR260W,0,-10.039423,0.09580723196268082,0.9920159578323364,0.9382876753807068
YKL059C,YDR283C,0,-10.040264,0.09579799324274063,0.9920159578323364,0.9383876919746399
YDR251W,YOR371C,1,-10.048859,0.09588512778282166,0.9930139780044556,0.9383876919746399
YJL112W,YDR169C,0,-10.060547,0.09587588906288147,0.9930139780044556,0.938487708568573
YHR024C,YAL053W,0,-10.066405,0.09586665034294128,0.9930139780044556,0.9385877251625061
YOR380W,YER015W,0,-10.076374,0.0958574190735817,0.9930139780044556,0.9386877417564392
YNL159C,YGR204W,0,-10.091066,0.0958481878042221,0.9930139780044556,0.9387877583503723
YNL027W,YNL026W,0,-10.095629,0.09583894908428192,0.9930139780044556,0.9388877749443054
YOR120W,YGL068W,0,-10.09724,0.09582972526550293,0.9930139780044556,0.9389877915382385
YPR110C,YBR159W,0,-10.103691,0.09582049399614334,0.9930139780044556,0.9390878081321716
YJL141C,YJL133W,0,-10.108297,0.09581126272678375,0.9930139780044556,0.9391878247261047
YDR436W,YNL167C,0,-10.117145,0.09580203890800476,0.9930139780044556,0.9392878413200378
YLR357W,YOL105C,0,-10.123602,0.09579281508922577,0.9930139780044556,0.939387857913971
YNL306W,YAR019C,0,-10.127878,0.09578359872102737,0.9930139780044556,0.939487874507904
YGR077C,YMR137C,0,-10.128158,0.09577437490224838,0.9930139780044556,0.9395878911018372
YER143W,YNL103W,0,-10.1295185,0.09576515853404999,0.9930139780044556,0.939687967300415
YOR257W,YOR382W,0,-10.1370735,0.09575594216585159,0.9930139780044556,0.9397879838943481
YDL012C,YDL097C,0,-10.139721,0.0957467257976532,0.9930139780044556,0.9398880004882812
YLR223C,YJR158W,0,-10.14125,0.0957375168800354,0.9930139780044556,0.9399880170822144
YNL267W,YKL173W,0,-10.158405,0.0957283079624176,0.9930139780044556,0.9400880336761475
YER033C,YDR200C,0,-10.162205,0.0957190990447998,0.9930139780044556,0.9401880502700806
YLR025W,YJL078C,0,-10.162962,0.095709890127182,0.9930139780044556,0.9402880668640137
YJL041W,YOL111C,0,-10.178865,0.09570068120956421,0.9930139780044556,0.9403880834579468
YKR068C,YCR011C,0,-10.18137,0.09569147974252701,0.9930139780044556,0.9404881000518799
YBR177C,YMR145C,0,-10.186427,0.09568227827548981,0.9930139780044556,0.940588116645813
YGL073W,YIL156W,0,-10.199224,0.0956730768084526,0.9930139780044556,0.9406881332397461
YER171W,YPR162C,0,-10.200861,0.0956638753414154,0.9930139780044556,0.9407881498336792
YDR372C,YIL138C,0,-10.202667,0.0956546813249588,0.9930139780044556,0.9408881664276123
YJL004C,YEL013W,0,-10.2028055,0.0956454873085022,0.9930139780044556,0.9409881830215454
YKL016C,YML086C,0,-10.215498,0.0956362932920456,0.9930139780044556,0.9410881996154785
YDR120C,YDR121W,0,-10.220608,0.09562709927558899,0.9930139780044556,0.9411882162094116
YGR208W,YOR311C,0,-10.224327,0.09561791270971298,0.9930139780044556,0.9412882328033447
YBL098W,YKR030W,0,-10.230448,0.09560872614383698,0.9930139780044556,0.9413882493972778
YMR292W,YPL145C,0,-10.230997,0.09559953957796097,0.9930139780044556,0.9414883255958557
YMR285C,YBR286W,0,-10.23505,0.09559035301208496,0.9930139780044556,0.9415883421897888
YOR384W,YKL020C,0,-10.240767,0.09558117389678955,0.9930139780044556,0.9416883587837219
YOL070C,YHR060W,0,-10.242851,0.09557199478149414,0.9930139780044556,0.941788375377655
YLR204W,YPR166C,0,-10.249477,0.09556281566619873,0.9930139780044556,0.9418883919715881
YOL072W,YGL094C,0,-10.25878,0.09555363655090332,0.9930139780044556,0.9419884085655212
YOR371C,YNL068C,1,-10.260968,0.09564048051834106,0.9940119981765747,0.9419884085655212
YMR019W,YGL093W,0,-10.279854,0.09563130140304565,0.9940119981765747,0.9420884251594543
YKL108W,YKR101W,0,-10.281294,0.09562212228775024,0.9940119981765747,0.9421884417533875
YNL214W,YDR524C,0,-10.301033,0.09561294317245483,0.9940119981765747,0.9422884583473206
YER096W,YLL009C,0,-10.3054695,0.09560376405715942,0.9940119981765747,0.9423884749412537
YDR429C,YMR315W,0,-10.308638,0.09559458494186401,0.9940119981765747,0.9424884915351868
YKR083C,YER022W,0,-10.313238,0.0955854132771492,0.9940119981765747,0.9425885081291199
YBR183W,YNL208W,0,-10.320263,0.09557624161243439,0.9940119981765747,0.942688524723053
YKL029C,YML100W,0,-10.324368,0.09556706994771957,0.9940119981765747,0.9427885413169861
YLL061W,YMR097C,0,-10.331913,0.09555789828300476,0.9940119981765747,0.9428885579109192
YER055C,YMR043W,0,-10.333032,0.09554873406887054,0.9940119981765747,0.9429885745048523
YNR048W,YMR087W,0,-10.337408,0.09553956985473633,0.9940119981765747,0.9430885910987854
YNL259C,YGR285C,0,-10.353552,0.09553040564060211,0.9940119981765747,0.9431886672973633
YPR143W,YGL071W,0,-10.365309,0.0955212414264679,0.9940119981765747,0.9432886838912964
YGL060W,YNL293W,0,-10.366325,0.09551208466291428,0.9940119981765747,0.9433887004852295
YOL026C,YBR273C,0,-10.366671,0.09550292789936066,0.9940119981765747,0.9434887170791626
YMR023C,YCR014C,0,-10.392986,0.09549377113580704,0.9940119981765747,0.9435887336730957
YGL155W,YDR168W,0,-10.401456,0.09548461437225342,0.9940119981765747,0.9436887502670288
YML061C,YLR209C,0,-10.403856,0.0954754576086998,0.9940119981765747,0.9437887668609619
YJR075W,YLR299W,0,-10.407148,0.09546630829572678,0.9940119981765747,0.943888783454895
YDR067C,YPR120C,0,-10.411013,0.09545715898275375,0.9940119981765747,0.9439888000488281
YBL057C,YNL025C,0,-10.418091,0.09544800966978073,0.9940119981765747,0.9440888166427612
YDR432W,YDR099W,1,-10.436707,0.09553468972444534,0.9950099587440491,0.9440888166427612
YDR207C,YJL186W,0,-10.440064,0.09552553296089172,0.9950099587440491,0.9441888332366943
YHR103W,YKL004W,0,-10.453403,0.0955163836479187,0.9950099587440491,0.9442888498306274
YLL033W,YCL069W,0,-10.460266,0.09550723433494568,0.9950099587440491,0.9443888664245605
YMR020W,YIL043C,0,-10.460638,0.09549808502197266,0.9950099587440491,0.9444888830184937
YGL064C,YDR512C,0,-10.463081,0.09548893570899963,0.9950099587440491,0.9445888996124268
YOL135C,YDR177W,0,-10.467369,0.09547979384660721,0.9950099587440491,0.9446889162063599
YOR060C,YKR036C,0,-10.46834,0.09547065198421478,0.9950099587440491,0.944788932800293
YMR131C,YBR055C,0,-10.48078,0.09546151012182236,0.9950099587440491,0.9448889493942261
YBR180W,YIL167W,0,-10.49083,0.09545236825942993,0.9950099587440491,0.944989025592804
YDL007W,YHR114W,0,-10.492034,0.0954432338476181,0.9950099587440491,0.9450890421867371
YMR115W,YDR071C,0,-10.493294,0.09543409943580627,0.9950099587440491,0.9451890587806702
YOR059C,YJL044C,0,-10.528553,0.09542496502399445,0.9950099587440491,0.9452890753746033
YML116W,YOR265W,0,-10.52898,0.09541583061218262,0.9950099587440491,0.9453890919685364
YBR198C,YJL143W,0,-10.533658,0.09540669620037079,0.9950099587440491,0.9454891085624695
YPL143W,YGL151W,0,-10.540497,0.09539756923913956,0.9950099587440491,0.9455891251564026
YBR083W,YDR043C,1,-10.562772,0.09548411518335342,0.9960079789161682,0.9455891251564026
YPR111W,YCR052W,0,-10.566909,0.0954749807715416,0.9960079789161682,0.9456891417503357
YBL025W,YPL202C,0,-10.5713625,0.09546585381031036,0.9960079789161682,0.9457891583442688
YDR276C,YOR191W,0,-10.574738,0.09545671939849854,0.9960079789161682,0.9458891749382019
YPL043W,YLR285W,0,-10.576475,0.0954475924372673,0.9960079789161682,0.945989191532135
YPL091W,YDR454C,0,-10.584974,0.09543846547603607,0.9960079789161682,0.9460892081260681
YDR495C,YLR309C,0,-10.592642,0.09542933851480484,0.9960079789161682,0.9461892247200012
YML031W,YNL137C,0,-10.606828,0.09542021155357361,0.9960079789161682,0.9462892413139343
YOR320C,YCL052C,0,-10.62164,0.09541109204292297,0.9960079789161682,0.9463892579078674
YDL065C,YPL235W,0,-10.635302,0.09540197253227234,0.9960079789161682,0.9464892745018005
YDR463W,YJL125C,0,-10.63612,0.0953928530216217,0.9960079789161682,0.9465892910957336
YMR250W,YPL076W,0,-10.642202,0.09538373351097107,0.9960079789161682,0.9466893672943115
YPR060C,YDR139C,0,-10.6436205,0.09537462145090103,0.9960079789161682,0.9467893838882446
YHR201C,YBR169C,0,-10.645319,0.0953655019402504,0.9960079789161682,0.9468894004821777
YOR279C,YDR069C,0,-10.646099,0.09535638988018036,0.9960079789161682,0.9469894170761108
YIL147C,YPL207W,0,-10.664185,0.09534728527069092,0.9960079789161682,0.947089433670044
YLR165C,YML054C,0,-10.667353,0.09533817321062088,0.9960079789161682,0.947189450263977
YGR221C,YER089C,0,-10.670994,0.09532906860113144,0.9960079789161682,0.9472894668579102
YBR155W,YNL024C,0,-10.672649,0.095319963991642,0.9960079789161682,0.9473894834518433
YDR395W,YMR145C,0,-10.673045,0.09531085938215256,0.9960079789161682,0.9474895000457764
YPR156C,YLR384C,0,-10.673778,0.09530175477266312,0.9960079789161682,0.9475895166397095
YDL018C,YLR383W,0,-10.680481,0.09529265761375427,0.9960079789161682,0.9476895332336426
YHR051W,YDL046W,0,-10.681257,0.09528356045484543,0.9960079789161682,0.9477895498275757
YMR038C,YOL042W,0,-10.685312,0.09527446329593658,0.9960079789161682,0.9478895664215088
YPL262W,YGR244C,0,-10.690039,0.09526536613702774,0.9960079789161682,0.9479895830154419
YOR316C,YLR268W,0,-10.701887,0.0952562764286995,0.9960079789161682,0.948089599609375
YPR034W,YJR083C,0,-10.704321,0.09524718672037125,0.9960079789161682,0.9481896162033081
YGL019W,YCR020C,0,-10.705442,0.095238097012043,0.9960079789161682,0.9482896327972412
YPR001W,YDR387C,0,-10.706332,0.09522900730371475,0.9960079789161682,0.9483896493911743
YJL176C,YPR184W,0,-10.716168,0.0952199250459671,0.9960079789161682,0.9484897255897522
YPR108W,YGL139W,0,-10.720419,0.09521083533763885,0.9960079789161682,0.9485897421836853
YNL153C,YEL015W,0,-10.723858,0.0952017530798912,0.9960079789161682,0.9486897587776184
YLR048W,YDR483W,0,-10.725377,0.09519267827272415,0.9960079789161682,0.9487897753715515
YPL178W,YBR029C,0,-10.740112,0.0951835960149765,0.9960079789161682,0.9488897919654846
YIL107C,YJL045W,0,-10.761784,0.09517452120780945,0.9960079789161682,0.9489898085594177
YLR165C,YER168C,0,-10.76503,0.0951654464006424,0.9960079789161682,0.9490898251533508
YLR026C,YAL026C,0,-10.772451,0.09515637159347534,0.9960079789161682,0.9491898417472839
YIL101C,YGR193C,0,-10.772913,0.09514729678630829,0.9960079789161682,0.949289858341217
YKL195W,YJR133W,0,-10.796143,0.09513822942972183,0.9960079789161682,0.9493898749351501
YBR061C,YHR025W,0,-10.798704,0.09512915462255478,0.9960079789161682,0.9494898915290833
YDL164C,YJR158W,0,-10.808036,0.09512009471654892,0.9960079789161682,0.9495899081230164
YGR082W,YHL004W,0,-10.818518,0.09511102735996246,0.9960079789161682,0.9496899247169495
YHR171W,YBR107C,0,-10.82907,0.09510196000337601,0.9960079789161682,0.9497899413108826
YDR120C,YNR024W,0,-10.834715,0.09509290009737015,0.9960079789161682,0.9498899579048157
YPR133C,YHR067W,0,-10.845711,0.09508384019136429,0.9960079789161682,0.9499899744987488
YOR060C,YDR358W,0,-10.851836,0.09507478028535843,0.9960079789161682,0.9500899910926819
YGR080W,YDL008W,0,-10.8589115,0.09506572782993317,0.9960079789161682,0.9501900672912598
YBR191W,YDL198C,0,-10.862614,0.0950566753745079,0.9960079789161682,0.9502900838851929
YOL018C,YDL209C,0,-10.872892,0.09504761546850204,0.9960079789161682,0.950390100479126
YDL101C,YGR229C,0,-10.873941,0.09503857046365738,0.9960079789161682,0.9504901170730591
YDR400W,YHR133C,0,-10.875494,0.09502951800823212,0.9960079789161682,0.9505901336669922
YCL063W,YMR059W,0,-10.875733,0.09502047300338745,0.9960079789161682,0.9506901502609253
YLR080W,YJL212C,0,-10.876005,0.09501142054796219,0.9960079789161682,0.9507901668548584
YDR529C,YOR349W,0,-10.884701,0.09500238299369812,0.9960079789161682,0.9508901834487915
YBR040W,YPL280W,0,-10.887955,0.09499333798885345,0.9960079789161682,0.9509902000427246
YPR178W,YHR017W,0,-10.914175,0.09498429298400879,0.9960079789161682,0.9510902166366577
YGR063C,YNR032C-A,0,-10.918407,0.09497525542974472,0.9960079789161682,0.9511902332305908
YDR470C,YMR267W,0,-10.919994,0.09496621787548065,0.9960079789161682,0.9512902498245239
YOR120W,YBR125C,0,-10.922145,0.09495718032121658,0.9960079789161682,0.951390266418457
YBL035C,YDR022C,0,-10.937323,0.09494815021753311,0.9960079789161682,0.9514902830123901
YGR155W,YLL029W,0,-10.954429,0.09493912011384964,0.9960079789161682,0.9515902996063232
YPL244C,YGR083C,0,-10.960953,0.09493009001016617,0.9960079789161682,0.9516903162002563
YDL185W,YDR545W,0,-10.963663,0.0949210599064827,0.9960079789161682,0.9517903327941895
YIR039C,YJR089W,0,-10.967403,0.09491202980279922,0.9960079789161682,0.9518903493881226
YDL033C,YBL031W,0,-10.989058,0.09490300714969635,0.9960079789161682,0.9519904255867004
YGR060W,YBR207W,0,-10.991212,0.09489398449659348,0.9960079789161682,0.9520904421806335
YML076C,YGL061C,0,-10.993622,0.0948849618434906,0.9960079789161682,0.9521904587745667
YDR100W,YOL111C,0,-11.040023,0.09487593919038773,0.9960079789161682,0.9522904753684998
YDL102W,YDR487C,0,-11.05482,0.09486691653728485,0.9960079789161682,0.9523904919624329
YOR357C,YKL154W,0,-11.055711,0.09485790133476257,0.9960079789161682,0.952490508556366
YDR403W,YML021C,0,-11.059086,0.0948488861322403,0.9960079789161682,0.9525905251502991
YDR364C,YMR039C,0,-11.079205,0.09483987092971802,0.9960079789161682,0.9526905417442322
YOL102C,YOR382W,0,-11.079898,0.09483086317777634,0.9960079789161682,0.9527905583381653
YJL165C,YER045C,0,-11.0873,0.09482185542583466,0.9960079789161682,0.9528905749320984
YHL025W,YPR055W,0,-11.092312,0.09481284767389297,0.9960079789161682,0.9529905915260315
YOL077C,YCR096C,0,-11.106207,0.0948038399219513,0.9960079789161682,0.9530906081199646
YPL196W,YER050C,0,-11.108263,0.09479483217000961,0.9960079789161682,0.9531906247138977
YDR453C,YOR278W,0,-11.114975,0.09478583186864853,0.9960079789161682,0.9532906413078308
YHR201C,YPL157W,0,-11.121811,0.09477683156728745,0.9960079789161682,0.9533906579017639
YIL101C,YPL202C,0,-11.130849,0.09476783126592636,0.9960079789161682,0.953490674495697
YOL135C,YDL077C,0,-11.1401415,0.09475883096456528,0.9960079789161682,0.9535906910896301
YJR150C,YOL054W,0,-11.1407995,0.0947498306632042,0.9960079789161682,0.953690767288208
YEL027W,YLR167W,0,-11.147536,0.0947408378124237,0.9960079789161682,0.9537907838821411
YGR017W,YJR112W,0,-11.152416,0.09473184496164322,0.9960079789161682,0.9538908004760742
YCL039W,YEL013W,0,-11.153605,0.09472285211086273,0.9960079789161682,0.9539908170700073
YLR038C,YML009C,0,-11.156094,0.09471386671066284,0.9960079789161682,0.9540908336639404
YML097C,YIL034C,0,-11.165053,0.09470488131046295,0.9960079789161682,0.9541908502578735
YDR245W,YPL093W,0,-11.171171,0.09469588845968246,0.9960079789161682,0.9542908668518066
YBR114W,YMR247C,0,-11.176737,0.09468691051006317,0.9960079789161682,0.9543908834457397
YER012W,YKL067W,0,-11.187403,0.09467792510986328,0.9960079789161682,0.9544909000396729
YGR262C,YBR029C,0,-11.189411,0.09466893970966339,0.9960079789161682,0.954590916633606
YMR211W,YLR348C,0,-11.192124,0.0946599617600441,0.9960079789161682,0.9546909332275391
YPR160W,YDR359C,0,-11.200149,0.0946509838104248,0.9960079789161682,0.9547909498214722
YHL036W,YHR161C,0,-11.200659,0.09464201331138611,0.9960079789161682,0.9548909664154053
YDL074C,YHR081W,0,-11.210886,0.09463303536176682,0.9960079789161682,0.9549909830093384
YDL130W,YNL242W,0,-11.217898,0.09462406486272812,0.9960079789161682,0.9550909996032715
YOL031C,YHR142W,0,-11.220156,0.09461509436368942,0.9960079789161682,0.9551910161972046
YNR048W,YBR297W,0,-11.226764,0.09460612386465073,0.9960079789161682,0.9552910327911377
YCL034W,YML129C,0,-11.229696,0.09459715336561203,0.9960079789161682,0.9553910493850708
YNL217W,YDR169C,0,-11.231332,0.09458819031715393,0.9960079789161682,0.9554911255836487
YPR199C,YNL261W,0,-11.233509,0.09457922726869583,0.9960079789161682,0.9555911421775818
YML018C,YMR239C,0,-11.233688,0.09457026422023773,0.9960079789161682,0.9556911587715149
YGR054W,YLR011W,0,-11.251745,0.09456130117177963,0.9960079789161682,0.955791175365448
YKL016C,YMR169C,0,-11.254139,0.09455234557390213,0.9960079789161682,0.9558911919593811
YCL034W,YDL128W,0,-11.254784,0.09454338997602463,0.9960079789161682,0.9559912085533142
YOR371C,YLR229C,1,-11.255642,0.09462915360927582,0.9970059990882874,0.9559912085533142
YLR219W,YNL251C,0,-11.270391,0.09462019056081772,0.9970059990882874,0.9560912251472473
YCL063W,YGL105W,0,-11.271117,0.09461123496294022,0.9970059990882874,0.9561912417411804
YNL243W,YHR193C,0,-11.279911,0.09460227191448212,0.9970059990882874,0.9562912583351135
YGR268C,YNL101W,0,-11.282608,0.09459331631660461,0.9970059990882874,0.9563912749290466
YHR033W,YGR008C,0,-11.2885065,0.09458436071872711,0.9970059990882874,0.9564912915229797
YLR107W,YPL123C,0,-11.295822,0.09457540512084961,0.9970059990882874,0.9565913081169128
YOR212W,YNL024C,0,-11.298887,0.0945664495229721,0.9970059990882874,0.956691324710846
YLR258W,YDL067C,0,-11.3158045,0.0945575013756752,0.9970059990882874,0.956791341304779
YML034W,YMR308C,0,-11.318362,0.0945485532283783,0.9970059990882874,0.9568913578987122
YLL026W,YGR072W,0,-11.319824,0.09453960508108139,0.9970059990882874,0.9569913744926453
YJL134W,YKL010C,0,-11.327452,0.09453065693378448,0.9970059990882874,0.9570913910865784
YGR129W,YHL019C,0,-11.344868,0.09452171623706818,0.9970059990882874,0.9571914672851562
YOR254C,YPR072W,0,-11.34816,0.09451277554035187,0.9970059990882874,0.9572914838790894
YLR200W,YER053C,0,-11.351225,0.09450383484363556,0.9970059990882874,0.9573915004730225
YGR268C,YGR129W,0,-11.35709,0.09449489414691925,0.9970059990882874,0.9574915170669556
YGL107C,YDR057W,0,-11.370972,0.09448595345020294,0.9970059990882874,0.9575915336608887
YBL079W,YJL029C,0,-11.374968,0.09447702020406723,0.9970059990882874,0.9576915502548218
YOR258W,YML006C,0,-11.376803,0.09446808695793152,0.9970059990882874,0.9577915668487549
YHL011C,YHR076W,0,-11.383216,0.0944591537117958,0.9970059990882874,0.957891583442688
YBR080C,YOR308C,0,-11.383243,0.0944502204656601,0.9970059990882874,0.9579916000366211
YEL041W,YOR158W,0,-11.399075,0.09444129467010498,0.9970059990882874,0.9580916166305542
YOR123C,YNL274C,0,-11.399572,0.09443236887454987,0.9970059990882874,0.9581916332244873
YKR071C,YMR039C,0,-11.404125,0.09442344307899475,0.9970059990882874,0.9582916498184204
YBL017C,YKL114C,0,-11.4189205,0.09441451728343964,0.9970059990882874,0.9583916664123535
YNL061W,YOL005C,0,-11.419216,0.09440559148788452,0.9970059990882874,0.9584916830062866
YBL057C,YGR024C,0,-11.422102,0.09439667314291,0.9970059990882874,0.9585916996002197
YBL028C,YKR056W,0,-11.441738,0.09438775479793549,0.9970059990882874,0.9586917161941528
YGL084C,YJL167W,0,-11.469925,0.09437883645296097,0.9970059990882874,0.9587917327880859
YKL022C,YPR189W,0,-11.475964,0.09436992555856705,0.9970059990882874,0.958891749382019
YOR044W,YCL052C,0,-11.478376,0.09436100721359253,0.9970059990882874,0.9589918255805969
YDR069C,YNR047W,0,-11.489363,0.09435209631919861,0.9970059990882874,0.95909184217453
YKR031C,YOR219C,0,-11.503075,0.09434318542480469,0.9970059990882874,0.9591918587684631
YMR282C,YDR296W,0,-11.507343,0.09433427453041077,0.9970059990882874,0.9592918753623962
YFR037C,YDR054C,0,-11.513985,0.09432537108659744,0.9970059990882874,0.9593918919563293
YJL080C,YNL023C,0,-11.515158,0.09431646764278412,0.9970059990882874,0.9594919085502625
YBR166C,YDR476C,0,-11.519433,0.0943075641989708,0.9970059990882874,0.9595919251441956
YJL141C,YOR109W,0,-11.523813,0.09429866075515747,0.9970059990882874,0.9596919417381287
YGR214W,YBL092W,0,-11.531982,0.09428975731134415,0.9970059990882874,0.9597919583320618
YPR031W,YKR093W,0,-11.53963,0.09428086131811142,0.9970059990882874,0.9598919749259949
YLR266C,YGL087C,0,-11.542378,0.09427196532487869,0.9970059990882874,0.959991991519928
YFL014W,YDL031W,0,-11.543374,0.09426306933164597,0.9970059990882874,0.9600920081138611
YPL258C,YDR284C,0,-11.548506,0.09425417333841324,0.9970059990882874,0.9601920247077942
YDR079W,YJR049C,0,-11.554328,0.09424528479576111,0.9970059990882874,0.9602920413017273
YMR026C,YDL205C,0,-11.561903,0.09423639625310898,0.9970059990882874,0.9603920578956604
YOR039W,YGL163C,0,-11.5758705,0.09422750771045685,0.9970059990882874,0.9604920744895935
YML061C,YPL085W,0,-11.57682,0.09421861916780472,0.9970059990882874,0.9605920910835266
YPL149W,YBR162W-A,0,-11.584457,0.09420973062515259,0.9970059990882874,0.9606921672821045
YOL124C,YJL183W,0,-11.587382,0.09420084953308105,0.9970059990882874,0.9607921838760376
YER164W,YDR378C,0,-11.593395,0.09419196844100952,0.9970059990882874,0.9608922004699707
YCR044C,YNR006W,0,-11.594688,0.09418308734893799,0.9970059990882874,0.9609922170639038
YLR248W,YNL129W,0,-11.599908,0.09417420625686646,0.9970059990882874,0.9610922336578369
YIL119C,YDR479C,0,-11.606342,0.09416533261537552,0.9970059990882874,0.96119225025177
YNR018W,YOL120C,0,-11.631215,0.09415645897388458,0.9970059990882874,0.9612922668457031
YPL112C,YLR248W,0,-11.653042,0.09414758533239365,0.9970059990882874,0.9613922834396362
YPR080W,YGR030C,0,-11.656796,0.09413871169090271,0.9970059990882874,0.9614923000335693
YIL007C,YMR173W,0,-11.669023,0.09412983804941177,0.9970059990882874,0.9615923166275024
YNL330C,YEL044W,0,-11.669392,0.09412097185850143,0.9970059990882874,0.9616923332214355
YER048W-A,YER104W,0,-11.676989,0.0941121056675911,0.9970059990882874,0.9617923498153687
YLL027W,YBR089C-A,0,-11.679277,0.09410323947668076,0.9970059990882874,0.9618923664093018
YKL124W,YGR274C,0,-11.689478,0.09409437328577042,0.9970059990882874,0.9619923830032349
YDR515W,YDR482C,0,-11.693304,0.09408551454544067,0.9970059990882874,0.962092399597168
YFR033C,YLR153C,0,-11.700145,0.09407665580511093,0.9970059990882874,0.9621924161911011
YOR338W,YMR215W,0,-11.727524,0.09406779706478119,0.9970059990882874,0.9622924327850342
YAL060W,YDR320C-A,0,-11.729752,0.09405893832445145,0.9970059990882874,0.9623924493789673
YGR129W,YMR020W,0,-11.732807,0.0940500870347023,0.9970059990882874,0.9624925255775452
YMR276W,YNL297C,0,-11.734743,0.09404122829437256,0.9970059990882874,0.9625925421714783
YBL052C,YDL139C,0,-11.743675,0.09403237700462341,0.9970059990882874,0.9626925587654114
YNL133C,YKL150W,0,-11.74712,0.09402352571487427,0.9970059990882874,0.9627925753593445
YOR025W,YDL120W,0,-11.767158,0.09401468187570572,0.9970059990882874,0.9628925919532776
YER142C,YHR103W,0,-11.779288,0.09400583058595657,0.9970059990882874,0.9629926085472107
YLR425W,YOR011W,0,-11.791878,0.09399698674678802,0.9970059990882874,0.9630926251411438
YIR011C,YMR281W,0,-11.797338,0.09398814290761948,0.9970059990882874,0.9631926417350769
YPR086W,YBR130C,0,-11.81117,0.09397930651903152,0.9970059990882874,0.96329265832901
YNL223W,YBL035C,0,-11.8173065,0.09397046267986298,0.9970059990882874,0.9633926749229431
YCL050C,YFL026W,0,-11.832944,0.09396162629127502,0.9970059990882874,0.9634926915168762
YOR059C,YEL016C,0,-11.8414,0.09395278990268707,0.9970059990882874,0.9635927081108093
YDR423C,YNL191W,0,-11.846034,0.09394395351409912,0.9970059990882874,0.9636927247047424
YLL019C,YOR317W,0,-11.846365,0.09393511712551117,0.9970059990882874,0.9637927412986755
YPL214C,YBR181C,0,-11.856139,0.09392628818750381,0.9970059990882874,0.9638927578926086
YDL047W,YER060W,0,-11.896194,0.09391745924949646,0.9970059990882874,0.9639927744865417
YFL029C,YJL179W,0,-11.901099,0.0939086303114891,0.9970059990882874,0.9640927910804749
YMR128W,YJR005W,0,-11.907746,0.09389980137348175,0.9970059990882874,0.9641928672790527
YDR259C,YBR282W,0,-11.929169,0.09389097988605499,0.9970059990882874,0.9642928838729858
YGL196W,YLR115W,0,-11.934222,0.09388215094804764,0.9970059990882874,0.964392900466919
YJL127C,YIL142W,0,-11.937437,0.09387332946062088,0.9970059990882874,0.964492917060852
YNR033W,YOR159C,0,-11.938475,0.09386451542377472,0.9970059990882874,0.9645929336547852
YOR219C,YNL322C,0,-11.948534,0.09385569393634796,0.9970059990882874,0.9646929502487183
YOR143C,YOR265W,0,-11.957293,0.0938468798995018,0.9970059990882874,0.9647929668426514
YLR142W,YGL219C,0,-11.96316,0.09383805841207504,0.9970059990882874,0.9648929834365845
YMR176W,YLR170C,0,-11.966773,0.09382924437522888,0.9970059990882874,0.9649930000305176
YNL041C,YDR234W,0,-11.976624,0.09382043778896332,0.9970059990882874,0.9650930166244507
YBR001C,YPR149W,0,-12.015114,0.09381162375211716,0.9970059990882874,0.9651930332183838
YDL101C,YOL108C,0,-12.0253315,0.09380281716585159,0.9970059990882874,0.9652930498123169
YJL073W,YHR024C,0,-12.034328,0.09379401057958603,0.9970059990882874,0.96539306640625
YDR204W,YJL144W,0,-12.042865,0.09378520399332047,0.9970059990882874,0.9654930830001831
YGL219C,YCR009C,0,-12.050675,0.0937763974070549,0.9970059990882874,0.9655930995941162
YKL011C,YDR235W,0,-12.059675,0.09376759827136993,0.9970059990882874,0.9656931161880493
YCR047C,YKL021C,0,-12.0599985,0.09375879913568497,0.9970059990882874,0.9657931327819824
YPL271W,YPL203W,0,-12.064461,0.09375,0.9970059990882874,0.9658931493759155
YGR161C,YGR088W,0,-12.065575,0.09374120086431503,0.9970059990882874,0.9659932255744934
YDR166C,YOR254C,0,-12.067265,0.09373240917921066,0.9970059990882874,0.9660932421684265
YHR103W,YCR030C,0,-12.086144,0.09372361749410629,0.9970059990882874,0.9661932587623596
YGR006W,YNR074C,0,-12.095043,0.09371481835842133,0.9970059990882874,0.9662932753562927
YOR291W,YDR487C,0,-12.110338,0.09370603412389755,0.9970059990882874,0.9663932919502258
YHR089C,YBR145W,0,-12.113854,0.09369724243879318,0.9970059990882874,0.9664933085441589
YMR281W,YKL174C,0,-12.121699,0.09368845820426941,0.9970059990882874,0.966593325138092
YOR182C,YDR002W,0,-12.135338,0.09367966651916504,0.9970059990882874,0.9666933417320251
YOR380W,YJR050W,0,-12.1503,0.09367088973522186,0.9970059990882874,0.9667933583259583
YIL155C,YDR273W,0,-12.15922,0.09366210550069809,0.9970059990882874,0.9668933749198914
YHR175W,YDR204W,0,-12.17015,0.09365332126617432,0.9970059990882874,0.9669933915138245
YHR167W,YBR059C,0,-12.179291,0.09364454448223114,0.9970059990882874,0.9670934081077576
YLR389C,YDR257C,0,-12.179699,0.09363576769828796,0.9970059990882874,0.9671934247016907
YGR220C,YPL153C,0,-12.190806,0.09362699091434479,0.9970059990882874,0.9672934412956238
YDR167W,YKR030W,0,-12.191509,0.09361821413040161,0.9970059990882874,0.9673934578895569
YNL290W,YDL108W,0,-12.191826,0.09360944479703903,0.9970059990882874,0.96749347448349
YDL143W,YOL123W,0,-12.207025,0.09360067546367645,0.9970059990882874,0.9675934910774231
YGR218W,YOL065C,0,-12.213332,0.09359190613031387,0.9970059990882874,0.967693567276001
YDR082W,YER151C,0,-12.220711,0.0935831367969513,0.9970059990882874,0.9677935838699341
YHR146W,YNL283C,0,-12.230048,0.09357437491416931,0.9970059990882874,0.9678936004638672
YMR246W,YIR023W,0,-12.257804,0.09356560558080673,0.9970059990882874,0.9679936170578003
YER171W,YPR190C,0,-12.274817,0.09355684369802475,0.9970059990882874,0.9680936336517334
YNL246W,YBR170C,0,-12.286795,0.09354808181524277,0.9970059990882874,0.9681936502456665
YBR001C,YKL041W,0,-12.344696,0.09353932738304138,0.9970059990882874,0.9682936668395996
YBR035C,YOR002W,0,-12.353592,0.0935305655002594,0.9970059990882874,0.9683936834335327
YFL005W,YBR295W,0,-12.362581,0.09352181106805801,0.9970059990882874,0.9684937000274658
YMR075W,YIR005W,0,-12.38298,0.09351305663585663,0.9970059990882874,0.9685937166213989
YLR367W,YPL013C,0,-12.393301,0.09350430220365524,0.9970059990882874,0.968693733215332
YDR166C,YGL223C,0,-12.409874,0.09349555522203445,0.9970059990882874,0.9687937498092651
YOR207C,YPR042C,0,-12.415205,0.09348680824041367,0.9970059990882874,0.9688937664031982
YBR083W,YKL048C,1,-12.424877,0.09357162564992905,0.9980040192604065,0.9688937664031982
YPL122C,YJR060W,0,-12.4368725,0.09356287121772766,0.9980040192604065,0.9689937829971313
YHR110W,YKL129C,0,-12.43689,0.09355412423610687,0.9980040192604065,0.9690937995910645
YGR010W,YDL047W,0,-12.445535,0.09354536980390549,0.9980040192604065,0.9691938161849976
YLR304C,YBR089C-A,0,-12.468864,0.0935366228222847,0.9980040192604065,0.9692938327789307
YOR211C,YOL109W,0,-12.492245,0.09352786839008331,0.9980040192604065,0.9693938493728638
YLR466W,YIL118W,0,-12.524319,0.09351912140846252,0.9980040192604065,0.9694939255714417
YOR132W,YJL167W,0,-12.551376,0.09351038187742233,0.9980040192604065,0.9695939421653748
YKL002W,YDL138W,0,-12.563759,0.09350163489580154,0.9980040192604065,0.9696939587593079
YJL156C,YDL148C,0,-12.572062,0.09349289536476135,0.9980040192604065,0.969793975353241
YML113W,YNL339C,0,-12.575207,0.09348415583372116,0.9980040192604065,0.9698939919471741
YLL048C,YGR238C,0,-12.589251,0.09347541630268097,0.9980040192604065,0.9699940085411072
YER062C,YDR252W,0,-12.599075,0.09346667677164078,0.9980040192604065,0.9700940251350403
YDR503C,YNL317W,0,-12.616135,0.09345794469118118,0.9980040192604065,0.9701940417289734
YOR236W,YLR251W,0,-12.673363,0.09344921261072159,0.9980040192604065,0.9702940583229065
YPR073C,YKL040C,0,-12.6804695,0.093440480530262,0.9980040192604065,0.9703940749168396
YBR146W,YCL008C,0,-12.697711,0.0934317484498024,0.9980040192604065,0.9704940915107727
YDR092W,YDR108W,0,-12.707354,0.0934230163693428,0.9980040192604065,0.9705941081047058
YML047C,YDR263C,0,-12.719217,0.0934142917394638,0.9980040192604065,0.9706941246986389
YGR191W,YML097C,0,-12.726669,0.09340556710958481,0.9980040192604065,0.970794141292572
YGL136C,YOL056W,0,-12.742859,0.09339684247970581,0.9980040192604065,0.9708941578865051
YHR081W,YDL007W,0,-12.743141,0.09338811784982681,0.9980040192604065,0.9709941744804382
YPL060W,YNL059C,0,-12.74806,0.09337940067052841,0.9980040192604065,0.9710941910743713
YKL016C,YFR013W,0,-12.768118,0.09337068349123001,0.9980040192604065,0.9711942672729492
YOL069W,YML012W,0,-12.780363,0.09336196631193161,0.9980040192604065,0.9712942838668823
YOR236W,YDL204W,0,-12.798913,0.09335324913263321,0.9980040192604065,0.9713943004608154
YGR076C,YKL002W,0,-12.802911,0.09334453195333481,0.9980040192604065,0.9714943170547485
YPR118W,YJR140C,0,-12.81867,0.093335822224617,0.9980040192604065,0.9715943336486816
YDL216C,YBR101C,0,-12.86194,0.0933271124958992,0.9980040192604065,0.9716943502426147
YDR533C,YDR365C,0,-12.871495,0.0933184027671814,0.9980040192604065,0.9717943668365479
YOL121C,YHR103W,0,-12.876068,0.09330969303846359,0.9980040192604065,0.971894383430481
YLR074C,YOR242C,0,-12.908157,0.09330099076032639,0.9980040192604065,0.9719944000244141
YOR124C,YKL174C,0,-12.931897,0.09329228103160858,0.9980040192604065,0.9720944166183472
YGL196W,YCL057W,0,-12.960007,0.09328357875347137,0.9980040192604065,0.9721944332122803
YIL143C,YKL109W,0,-12.965733,0.09327488392591476,0.9980040192604065,0.9722944498062134
YKR102W,YMR292W,0,-12.9745655,0.09326618164777756,0.9980040192604065,0.9723944664001465
YER050C,YBR089C-A,0,-12.977949,0.09325748682022095,0.9980040192604065,0.9724944829940796
YDR055W,YDL078C,0,-13.023062,0.09324878454208374,0.9980040192604065,0.9725944995880127
YMR201C,YKL190W,0,-13.023557,0.09324008971452713,0.9980040192604065,0.9726945161819458
YDR091C,YLL051C,0,-13.035332,0.09323140233755112,0.9980040192604065,0.9727945327758789
YLR025W,YLR312W-A,0,-13.062611,0.0932227075099945,0.9980040192604065,0.972894549369812
YOL165C,YER110C,0,-13.068062,0.0932140201330185,0.9980040192604065,0.9729946255683899
YML125C,YMR022W,0,-13.07309,0.09320533275604248,0.9980040192604065,0.973094642162323
YIR038C,YGL223C,0,-13.093272,0.09319664537906647,0.9980040192604065,0.9731946587562561
YKR089C,YHR161C,0,-13.102346,0.09318795800209045,0.9980040192604065,0.9732946753501892
YER173W,YFR030W,0,-13.104463,0.09317927807569504,0.9980040192604065,0.9733946919441223
YLR203C,YLR186W,0,-13.125057,0.09317059814929962,0.9980040192604065,0.9734947085380554
YNL164C,YJR097W,0,-13.147259,0.0931619182229042,0.9980040192604065,0.9735947251319885
YER142C,YML042W,0,-13.149264,0.09315323829650879,0.9980040192604065,0.9736947417259216
YKL020C,YOR020C,0,-13.15339,0.09314455837011337,0.9980040192604065,0.9737947583198547
YGL040C,YHR142W,0,-13.158756,0.09313588589429855,0.9980040192604065,0.9738947749137878
YBL055C,YML009C,0,-13.169027,0.09312721341848373,0.9980040192604065,0.973994791507721
YBR049C,YJL005W,0,-13.179816,0.09311854094266891,0.9980040192604065,0.974094808101654
YDL220C,YJL096W,0,-13.190977,0.0931098684668541,0.9980040192604065,0.9741948246955872
YNL147W,YMR074C,0,-13.211855,0.09310120344161987,0.9980040192604065,0.9742948412895203
YHL024W,YNL218W,0,-13.225836,0.09309253096580505,0.9980040192604065,0.9743948578834534
YNR006W,YBR169C,0,-13.260912,0.09308386594057083,0.9980040192604065,0.9744948744773865
YHR211W,YOR020C,0,-13.263119,0.0930752083659172,0.9980040192604065,0.9745948910713196
YDR150W,YPR072W,0,-13.273512,0.09306654334068298,0.9980040192604065,0.9746949672698975
YPR143W,YGR202C,0,-13.281252,0.09305787831544876,0.9980040192604065,0.9747949838638306
YIL139C,YDL110C,0,-13.2868,0.09304922074079514,0.9980040192604065,0.9748950004577637
YEL044W,YNL006W,0,-13.300695,0.09304056316614151,0.9980040192604065,0.9749950170516968
YOR244W,YKL010C,0,-13.31592,0.09303191304206848,0.9980040192604065,0.9750950336456299
YOL108C,YIL008W,0,-13.354374,0.09302325546741486,0.9980040192604065,0.975195050239563
YMR300C,YNL207W,0,-13.372646,0.09301460534334183,0.9980040192604065,0.9752950668334961
YGR169C,YER045C,0,-13.42686,0.0930059552192688,0.9980040192604065,0.9753950834274292
YPR073C,YDR150W,0,-13.445782,0.09299730509519577,0.9980040192604065,0.9754951000213623
YGR020C,YGL253W,0,-13.448738,0.09298865497112274,0.9980040192604065,0.9755951166152954
YJL003W,YLR394W,0,-13.455666,0.09298001229763031,0.9980040192604065,0.9756951332092285
YPL146C,YHR076W,0,-13.462719,0.09297136217355728,0.9980040192604065,0.9757951498031616
YGR185C,YPL040C,0,-13.512442,0.09296271950006485,0.9980040192604065,0.9758951663970947
YGR080W,YIL021W,0,-13.5178795,0.09295408427715302,0.9980040192604065,0.9759951829910278
YOL071W,YIR017C,0,-13.522694,0.09294544160366058,0.9980040192604065,0.9760951995849609
YMR308C,YBL075C,0,-13.523216,0.09293680638074875,0.9980040192604065,0.976195216178894
YBR222C,YDR297W,0,-13.536507,0.09292816370725632,0.9980040192604065,0.9762952327728271
YML067C,YBR016W,0,-13.541783,0.09291952848434448,0.9980040192604065,0.9763952493667603
YLR103C,YDR219C,0,-13.555315,0.09291090071201324,0.9980040192604065,0.9764953255653381
YGR036C,YKL129C,0,-13.5657015,0.09290226548910141,0.9980040192604065,0.9765953421592712
YMR292W,YNR037C,0,-13.575608,0.09289363771677017,0.9980040192604065,0.9766953587532043
YPR187W,YOR109W,0,-13.596581,0.09288500994443893,0.9980040192604065,0.9767953753471375
YOR254C,YNL077W,0,-13.604412,0.0928763821721077,0.9980040192604065,0.9768953919410706
YHR204W,YLR100W,0,-13.635998,0.09286775439977646,0.9980040192604065,0.9769954085350037
YIL036W,YMR009W,0,-13.649234,0.09285913407802582,0.9980040192604065,0.9770954251289368
YGL027C,YJL186W,0,-13.650939,0.09285051375627518,0.9980040192604065,0.9771954417228699
YKL156W,YOL121C,0,-13.687819,0.09284189343452454,0.9980040192604065,0.977295458316803
YMR070W,YKL039W,0,-13.691009,0.0928332731127739,0.9980040192604065,0.9773954749107361
YLR193C,YGR080W,0,-13.700199,0.09282465279102325,0.9980040192604065,0.9774954915046692
YPR154W,YGL216W,0,-13.706465,0.09281603991985321,0.9980040192604065,0.9775955080986023
YKR089C,YNL107W,0,-13.726797,0.09280742704868317,0.9980040192604065,0.9776955246925354
YML015C,YFR001W,0,-13.736811,0.09279881417751312,0.9980040192604065,0.9777955412864685
YGL076C,YFR032C-A,0,-13.743046,0.09279020130634308,0.9980040192604065,0.9778955578804016
YKL182W,YJL079C,0,-13.745201,0.09278158843517303,0.9980040192604065,0.9779955744743347
YMR061W,YER013W,0,-13.745983,0.09277298301458359,0.9980040192604065,0.9780955910682678
YOL082W,YGR154C,0,-13.7617,0.09276437759399414,0.9980040192604065,0.9781956672668457
YAL015C,YIL136W,0,-13.767643,0.0927557721734047,0.9980040192604065,0.9782956838607788
YJL129C,YDR511W,0,-13.787624,0.09274717420339584,0.9980040192604065,0.9783957004547119
YBR273C,YMR228W,0,-13.793928,0.0927385687828064,0.9980040192604065,0.978495717048645
YLR441C,YOR002W,0,-13.8110075,0.09272997081279755,0.9980040192604065,0.9785957336425781
YDR091C,YIL108W,0,-13.8861885,0.0927213728427887,0.9980040192604065,0.9786957502365112
YLR068W,YAL034W-A,0,-13.891959,0.09271277487277985,0.9980040192604065,0.9787957668304443
YER142C,YBR156C,0,-13.914656,0.09270418435335159,0.9980040192604065,0.9788957834243774
YGR158C,YIL021W,0,-13.921314,0.09269558638334274,0.9980040192604065,0.9789958000183105
YFR052W,YML051W,0,-13.921888,0.09268699586391449,0.9980040192604065,0.9790958166122437
YOR270C,YLR348C,0,-13.930111,0.09267840534448624,0.9980040192604065,0.9791958332061768
YDR167W,YGR081C,0,-13.933056,0.09266981482505798,0.9980040192604065,0.9792958498001099
YER101C,YHL024W,0,-13.933345,0.09266123175621033,0.9980040192604065,0.979395866394043
YLR113W,YEL012W,0,-13.95241,0.09265264868736267,0.9980040192604065,0.9794958829879761
YDR466W,YPL134C,0,-13.970104,0.09264405816793442,0.9980040192604065,0.9795958995819092
YDR270W,YBL085W,0,-13.991768,0.09263548254966736,0.9980040192604065,0.9796959161758423
YHR119W,YLR270W,0,-13.997438,0.0926268994808197,0.9980040192604065,0.9797959327697754
YDR381W,YOR158W,0,-14.002699,0.09261831641197205,0.9980040192604065,0.9798960089683533
YIL134W,YLR394W,0,-14.007849,0.09260974079370499,0.9980040192604065,0.9799960255622864
YIL008W,YHR081W,0,-14.0147915,0.09260116517543793,0.9980040192604065,0.9800960421562195
YPR049C,YGL129C,0,-14.042406,0.09259258955717087,0.9980040192604065,0.9801960587501526
YDR005C,YJR068W,0,-14.049347,0.0925840213894844,0.9980040192604065,0.9802960753440857
YOR192C,YGR086C,0,-14.056526,0.09257544577121735,0.9980040192604065,0.9803960919380188
YBL038W,YKR100C,0,-14.066261,0.09256687760353088,0.9980040192604065,0.9804961085319519
YDL145C,YDR148C,0,-14.088291,0.09255830943584442,0.9980040192604065,0.980596125125885
YGL141W,YKL150W,0,-14.129656,0.09254974871873856,0.9980040192604065,0.9806961417198181
YLL019C,YIL107C,0,-14.153924,0.0925411805510521,0.9980040192604065,0.9807961583137512
YPL280W,YKL170W,0,-14.171344,0.09253261983394623,0.9980040192604065,0.9808961749076843
YIL007C,YOL042W,0,-14.202265,0.09252405911684036,0.9980040192604065,0.9809961915016174
YBR273C,YLR451W,0,-14.209008,0.0925154983997345,0.9980040192604065,0.9810962080955505
YOL028C,YDL097C,0,-14.231499,0.09250693768262863,0.9980040192604065,0.9811962246894836
YOR002W,YOR079C,0,-14.236781,0.09249838441610336,0.9980040192604065,0.9812962412834167
YGR295C,YLR127C,0,-14.242455,0.0924898236989975,0.9980040192604065,0.9813962578773499
YCR047C,YOR253W,0,-14.262874,0.09248127043247223,0.9980040192604065,0.981496274471283
YPL174C,YCL034W,0,-14.269253,0.09247271716594696,0.9980040192604065,0.9815962910652161
YER056C,YMR203W,0,-14.305606,0.09246417135000229,0.9980040192604065,0.981696367263794
YML040W,YJR029W,0,-14.3201885,0.09245561808347702,0.9980040192604065,0.981796383857727
YGR208W,YHR197W,0,-14.335123,0.09244707226753235,0.9980040192604065,0.9818964004516602
YPR154W,YLR007W,0,-14.347294,0.09243852645158768,0.9980040192604065,0.9819964170455933
YLR189C,YGR169C,0,-14.361273,0.092429980635643,0.9980040192604065,0.9820964336395264
YPR057W,YOR004W,0,-14.370731,0.09242144227027893,0.9980040192604065,0.9821964502334595
YJR031C,YDR288W,0,-14.380827,0.09241290390491486,0.9980040192604065,0.9822964668273926
YKL040C,YDR045C,0,-14.381041,0.09240435808897018,0.9980040192604065,0.9823964834213257
YKL021C,YDR078C,0,-14.396719,0.0923958271741867,0.9980040192604065,0.9824965000152588
YOR374W,YDR313C,0,-14.400349,0.09238728880882263,0.9980040192604065,0.9825965166091919
YOR217W,YER143W,0,-14.431252,0.09237875044345856,0.9980040192604065,0.982696533203125
YOR298W,YDR044W,0,-14.445335,0.09237021952867508,0.9980040192604065,0.9827965497970581
YNL311C,YDL110C,0,-14.456768,0.0923616886138916,0.9980040192604065,0.9828965663909912
YDR287W,YBR264C,0,-14.473165,0.09235315769910812,0.9980040192604065,0.9829965829849243
YDL160C,YIL143C,0,-14.479321,0.09234462678432465,0.9980040192604065,0.9830965995788574
YDL033C,YER153C,0,-14.480455,0.09233610332012177,0.9980040192604065,0.9831966161727905
YDL166C,YBR218C,0,-14.534266,0.09232757985591888,0.9980040192604065,0.9832966327667236
YOL030W,YBR119W,0,-14.565393,0.092319056391716,0.9980040192604065,0.9833967089653015
YBR083W,YNL271C,1,-14.595406,0.09240284562110901,0.9990019798278809,0.9833967089653015
YGL087C,YLR154C,0,-14.611018,0.09239431470632553,0.9990019798278809,0.9834967255592346
YDR395W,YJR057W,0,-14.635563,0.09238578379154205,0.9990019798278809,0.9835967421531677
YDR178W,YBR231C,0,-14.653254,0.09237726032733917,0.9990019798278809,0.9836967587471008
YMR004W,YOR323C,0,-14.659536,0.09236873686313629,0.9990019798278809,0.9837967753410339
YFL014W,YKL003C,0,-14.684137,0.09236021339893341,0.9990019798278809,0.983896791934967
YBR109C,YGR106C,0,-14.738602,0.09235168993473053,0.9990019798278809,0.9839968085289001
YDL197C,YNL280C,0,-14.773468,0.09234317392110825,0.9990019798278809,0.9840968251228333
YML057W,YJR051W,0,-14.779272,0.09233465790748596,0.9990019798278809,0.9841968417167664
YNL012W,YER143W,0,-14.808179,0.09232614189386368,0.9990019798278809,0.9842968583106995
YJL034W,YGR005C,0,-14.837357,0.0923176258802414,0.9990019798278809,0.9843968749046326
YJL003W,YFL056C,0,-14.842396,0.09230910986661911,0.9990019798278809,0.9844968914985657
YPL226W,YIR038C,0,-14.851909,0.09230060130357742,0.9990019798278809,0.9845969080924988
YOR101W,YDL180W,0,-14.881784,0.09229209274053574,0.9990019798278809,0.9846969246864319
YGL256W,YBR241C,0,-14.922379,0.09228358417749405,0.9990019798278809,0.984796941280365
YER167W,YBR212W,0,-14.947531,0.09227507561445236,0.9990019798278809,0.9848969578742981
YHL031C,YCL036W,0,-14.956926,0.09226656705141068,0.9990019798278809,0.9849969744682312
YBR120C,YKL150W,0,-14.960609,0.09225806593894958,0.9990019798278809,0.9850969910621643
YOL123W,YJL208C,0,-14.972682,0.0922495648264885,0.9990019798278809,0.9851970672607422
YHR154W,YGL216W,0,-14.978095,0.0922410637140274,0.9990019798278809,0.9852970838546753
YBL014C,YDR240C,0,-14.996578,0.09223256260156631,0.9990019798278809,0.9853971004486084
YNL236W,YKR044W,0,-15.024192,0.09222406148910522,0.9990019798278809,0.9854971170425415
YMR256C,YLR134W,0,-15.028223,0.09221556782722473,0.9990019798278809,0.9855971336364746
YOR057W,YLR277C,0,-15.031765,0.09220707416534424,0.9990019798278809,0.9856971502304077
YER029C,YIL019W,0,-15.042007,0.09219858050346375,0.9990019798278809,0.9857971668243408
YIR012W,YBR238C,0,-15.056889,0.09219008684158325,0.9990019798278809,0.9858971834182739
YLR343W,YBR024W,0,-15.057545,0.09218160063028336,0.9990019798278809,0.985997200012207
YPR070W,YNL056W,0,-15.077566,0.09217311441898346,0.9990019798278809,0.9860972166061401
YOR324C,YDL021W,0,-15.125991,0.09216462820768356,0.9990019798278809,0.9861972332000732
YKR089C,YOR217W,0,-15.136073,0.09215614199638367,0.9990019798278809,0.9862972497940063
YFR024C-A,YML128C,0,-15.153362,0.09214765578508377,0.9990019798278809,0.9863972663879395
YJL034W,YDR496C,0,-15.160521,0.09213917702436447,0.9990019798278809,0.9864972829818726
YOL149W,YHR052W,0,-15.162335,0.09213069826364517,0.9990019798278809,0.9865972995758057
YBR083W,YDR379W,1,-15.20282,0.09221424907445908,1.0,0.9865972995758057
YGR120C,YGL093W,0,-15.24955,0.09220576286315918,1.0,0.9866973161697388
YMR318C,YPR128C,0,-15.260082,0.09219727665185928,1.0,0.9867973327636719
YPR105C,YPL176C,0,-15.260159,0.09218879044055939,1.0,0.9868974089622498
YMR193W,YGL236C,0,-15.31163,0.09218031167984009,1.0,0.9869974255561829
YGL089C,YMR169C,0,-15.311932,0.09217183291912079,1.0,0.987097442150116
YNR053C,YBL056W,0,-15.3525305,0.09216335415840149,1.0,0.9871974587440491
YKR052C,YDR312W,0,-15.361073,0.09215487539768219,1.0,0.9872974753379822
YOL123W,YFL029C,0,-15.373683,0.09214640408754349,1.0,0.9873974919319153
YBR001C,YGL191W,0,-15.377998,0.09213793277740479,1.0,0.9874975085258484
YPR187W,YJR094W-A,0,-15.384314,0.09212946146726608,1.0,0.9875975251197815
YGR004W,YIL042C,0,-15.385487,0.09212099015712738,1.0,0.9876975417137146
YOL059W,YPL160W,0,-15.404255,0.09211251884698868,1.0,0.9877975583076477
YKR089C,YKR097W,0,-15.416177,0.09210405498743057,1.0,0.9878975749015808
YOL129W,YPL001W,0,-15.419437,0.09209559112787247,1.0,0.9879975914955139
YBR049C,YHR060W,0,-15.4267645,0.09208712726831436,1.0,0.988097608089447
YDR377W,YJL045W,0,-15.436905,0.09207866340875626,1.0,0.9881976246833801
YLR223C,YLR427W,0,-15.451717,0.09207019954919815,1.0,0.9882976412773132
YDL030W,YLL008W,0,-15.453852,0.09206174314022064,1.0,0.9883976578712463
YPL169C,YMR286W,0,-15.469952,0.09205328673124313,1.0,0.9884976744651794
YER029C,YJR033C,0,-15.4797125,0.09204483032226562,1.0,0.9885976910591125
YIL027C,YNL091W,0,-15.480638,0.09203637391328812,1.0,0.9886977672576904
YMR158W,YFR049W,0,-15.504315,0.09202791750431061,1.0,0.9887977838516235
YDR326C,YKL129C,0,-15.542022,0.0920194685459137,1.0,0.9888978004455566
YJR103W,YJL024C,0,-15.555252,0.09201101958751678,1.0,0.9889978170394897
YNL246W,YDR380W,0,-15.556751,0.09200257062911987,1.0,0.9890978336334229
YHR006W,YKR049C,0,-15.593504,0.09199412167072296,1.0,0.989197850227356
YDR169C,YHR090C,0,-15.614316,0.09198568016290665,1.0,0.9892978668212891
YGL171W,YBR273C,0,-15.623222,0.09197723865509033,1.0,0.9893978834152222
YLR265C,YDR507C,0,-15.629776,0.09196878969669342,1.0,0.9894979000091553
YFL014W,YHR157W,0,-15.639269,0.0919603556394577,1.0,0.9895979166030884
YBR034C,YKL156W,0,-15.711975,0.09195191413164139,1.0,0.9896979331970215
YOL102C,YGL037C,0,-15.756907,0.09194347262382507,1.0,0.9897979497909546
YKR088C,YNL191W,0,-15.772709,0.09193503856658936,1.0,0.9898979663848877
YOR025W,YMR287C,0,-15.774578,0.09192660450935364,1.0,0.9899979829788208
YNL239W,YKR093W,0,-15.8618965,0.09191817045211792,1.0,0.9900979995727539
YBR260C,YHR116W,0,-15.880544,0.0919097438454628,1.0,0.990198016166687
YML076C,YNR015W,0,-15.92461,0.09190130978822708,1.0,0.9902980327606201
YLR038C,YGR080W,0,-15.93051,0.09189288318157196,1.0,0.990398108959198
YJL053W,YMR200W,0,-15.967763,0.09188445657491684,1.0,0.9904981255531311
YDR069C,YJL166W,0,-16.050419,0.09187602996826172,1.0,0.9905981421470642
YNL062C,YNL056W,0,-16.055378,0.0918676108121872,1.0,0.9906981587409973
YDR033W,YML129C,0,-16.08783,0.09185918420553207,1.0,0.9907981753349304
YDL082W,YOR080W,0,-16.091778,0.09185076504945755,1.0,0.9908981919288635
YFL013C,YHR106W,0,-16.110636,0.09184234589338303,1.0,0.9909982085227966
YFR040W,YER022W,0,-16.164589,0.0918339267373085,1.0,0.9910982251167297
YOR011W,YML112W,0,-16.242815,0.09182551503181458,1.0,0.9911982417106628
YBR114W,YDR358W,0,-16.285128,0.09181709587574005,1.0,0.991298258304596
YIL128W,YDL197C,0,-16.349262,0.09180868417024612,1.0,0.991398274898529
YEL062W,YBR193C,0,-16.364544,0.0918002724647522,1.0,0.9914982914924622
YNL232W,YGL141W,0,-16.402771,0.09179186820983887,1.0,0.9915983080863953
YDR364C,YIL113W,0,-16.408257,0.09178345650434494,1.0,0.9916983246803284
YDL200C,YER027C,0,-16.433283,0.09177505224943161,1.0,0.9917983412742615
YLR337C,YOR116C,0,-16.43851,0.09176664799451828,1.0,0.9918983578681946
YHL036W,YLR170C,0,-16.441355,0.09175824373960495,1.0,0.9919983744621277
YGR283C,YJL148W,0,-16.48598,0.09174983948469162,1.0,0.9920983910560608
YJR073C,YMR056C,0,-16.51695,0.09174144268035889,1.0,0.9921984672546387
YOR299W,YDR173C,0,-16.660852,0.09173303842544556,1.0,0.9922984838485718
YBR274W,YOR327C,0,-16.670399,0.09172464162111282,1.0,0.9923985004425049
YGR208W,YDR195W,0,-16.730238,0.09171624481678009,1.0,0.992498517036438
YMR022W,YML112W,0,-16.750147,0.09170785546302795,1.0,0.9925985336303711
YGR081C,YDR487C,0,-16.782799,0.09169945865869522,1.0,0.9926985502243042
YMR097C,YNL166C,0,-16.841854,0.09169106930494308,1.0,0.9927985668182373
YLR466W,YLR248W,0,-16.926727,0.09168267995119095,1.0,0.9928985834121704
YML091C,YGR162W,0,-17.007248,0.09167429059743881,1.0,0.9929986000061035
YER068W,YPR080W,0,-17.021992,0.09166590124368668,1.0,0.9930986166000366
YLR380W,YBR058C,0,-17.028591,0.09165751934051514,1.0,0.9931986331939697
YMR256C,YDR031W,0,-17.083881,0.0916491374373436,1.0,0.9932986497879028
YJL033W,YBL093C,0,-17.090345,0.09164075553417206,1.0,0.9933986663818359
YHR106W,YJL003W,0,-17.09296,0.09163237363100052,1.0,0.993498682975769
YOL084W,YBR268W,0,-17.215004,0.09162399172782898,1.0,0.9935986995697021
YBR268W,YKL001C,0,-17.220373,0.09161561727523804,1.0,0.9936987161636353
YFL013C,YER040W,0,-17.333513,0.0916072428226471,1.0,0.9937987327575684
YGL096W,YDR169C,0,-17.392288,0.09159886837005615,1.0,0.9938988089561462
YGL009C,YHR146W,0,-17.41349,0.09159049391746521,1.0,0.9939988255500793
YPR186C,YGL060W,0,-17.423203,0.09158211946487427,1.0,0.9940988421440125
YCR092C,YPR008W,0,-17.46306,0.09157375246286392,1.0,0.9941988587379456
YML009C,YJL045W,0,-17.495062,0.09156538546085358,1.0,0.9942988753318787
YPL059W,YDR265W,0,-17.588306,0.09155701845884323,1.0,0.9943988919258118
YBL026W,YOR004W,0,-17.667887,0.09154865145683289,1.0,0.9944989085197449
YNL110C,YNL156C,0,-17.671436,0.09154029190540314,1.0,0.994598925113678
YLR032W,YPL100W,0,-17.684402,0.09153192490339279,1.0,0.9946989417076111
YGR005C,YER022W,0,-17.824255,0.09152356535196304,1.0,0.9947989583015442
YBR092C,YGL093W,0,-17.956257,0.0915152058005333,1.0,0.9948989748954773
YPL090C,YOR096W,0,-18.028168,0.09150684624910355,1.0,0.9949989914894104
YDR179C,YFL036W,0,-18.060452,0.0914984941482544,1.0,0.9950990080833435
YOR341W,YIL021W,0,-18.077305,0.09149014204740524,1.0,0.9951990246772766
YJL072C,YLR228C,0,-18.113203,0.0914817824959755,1.0,0.9952990412712097
YPL137C,YML101C,0,-18.1204,0.09147343784570694,1.0,0.9953990578651428
YOL145C,YDR003W,0,-18.291603,0.09146508574485779,1.0,0.9954990744590759
YDR400W,YLR370C,0,-18.33967,0.09145673364400864,1.0,0.995599091053009
YML011C,YPR155C,0,-18.356867,0.09144838899374008,1.0,0.9956991672515869
YGR167W,YGL093W,0,-18.39206,0.09144004434347153,1.0,0.99579918384552
YPR037C,YPL224C,0,-18.399372,0.09143169969320297,1.0,0.9958992004394531
YOR297C,YJL045W,0,-18.404633,0.09142335504293442,1.0,0.9959992170333862
YPL210C,YDL117W,0,-18.427494,0.09141501784324646,1.0,0.9960992336273193
YGR032W,YDR423C,0,-18.492569,0.0914066806435585,1.0,0.9961992502212524
YGR234W,YHR052W,0,-18.664085,0.09139834344387054,1.0,0.9962992668151855
YNL306W,YBR170C,0,-18.763481,0.09139000624418259,1.0,0.9963992834091187
YPR108W,YNL314W,0,-18.87043,0.09138166904449463,1.0,0.9964993000030518
YMR002W,YDR380W,0,-18.921543,0.09137333929538727,1.0,0.9965993165969849
YOR287C,YHR088W,0,-19.008776,0.09136500209569931,1.0,0.996699333190918
YDR234W,YKL040C,0,-19.05001,0.09135667234659195,1.0,0.9967993497848511
YDR173C,YNR022C,0,-19.074614,0.09134834259748459,1.0,0.9968993663787842
YBR272C,YML011C,0,-19.378849,0.09134002029895782,1.0,0.9969993829727173
YDL231C,YLR176C,0,-19.417976,0.09133169054985046,1.0,0.9970993995666504
YPR178W,YGR080W,0,-19.9318,0.0913233682513237,1.0,0.9971994161605835
YGR246C,YOR317W,0,-19.98851,0.09131504595279694,1.0,0.9972994327545166
YGL087C,YDL215C,0,-20.085466,0.09130672365427017,1.0,0.9973995089530945
YJL102W,YDR313C,0,-20.14647,0.091298408806324,1.0,0.9974995255470276
YOR269W,YDR168W,0,-20.152752,0.09129008650779724,1.0,0.9975995421409607
YOL052C-A,YKL175W,0,-20.198792,0.09128177165985107,1.0,0.9976995587348938
YMR004W,YDR231C,0,-20.220707,0.09127345681190491,1.0,0.9977995753288269
YIL101C,YIL046W,0,-20.252747,0.09126514196395874,1.0,0.99789959192276
YHL036W,YGL093W,0,-20.269123,0.09125682711601257,1.0,0.9979996085166931
YML101C,YMR281W,0,-20.278069,0.091248519718647,1.0,0.9980996251106262
YLR370C,YLR188W,0,-20.383297,0.09124021232128143,1.0,0.9981996417045593
YMR071C,YGR245C,0,-20.56614,0.09123190492391586,1.0,0.9982996582984924
YNL172W,YJL140W,0,-20.663363,0.09122359752655029,1.0,0.9983996748924255
YLL001W,YKL109W,0,-20.773312,0.09121529012918472,1.0,0.9984996914863586
YLR038C,YMR145C,0,-21.04303,0.09120699018239975,1.0,0.9985997080802917
YLR359W,YNL081C,0,-21.26971,0.09119869023561478,1.0,0.9986997246742249
YHR175W,YDR148C,0,-21.273956,0.0911903902888298,1.0,0.998799741268158
YLR466W,YOR216C,0,-21.374481,0.09118209034204483,1.0,0.9988997578620911
YOR059C,YIL134W,0,-21.527405,0.09117379784584045,1.0,0.9989997744560242
YMR139W,YLR188W,0,-21.688133,0.09116549789905548,1.0,0.9990997910499573
YMR208W,YNL156C,0,-21.725128,0.0911572054028511,1.0,0.9991998672485352
YKL033W,YJL140W,0,-22.463078,0.09114891290664673,1.0,0.9992998838424683
YGR088W,YML041C,0,-22.584679,0.09114062041044235,1.0,0.9993999004364014
YBL022C,YBR248C,0,-23.803875,0.09113233536481857,1.0,0.9994999170303345
YBR065C,YLR189C,0,-23.893957,0.0911240428686142,1.0,0.9995999336242676
YIL155C,YPL271W,0,-24.572666,0.09111575782299042,1.0,0.9996999502182007
YMR105C,YNL331C,0,-25.122282,0.09110747277736664,1.0,0.9997999668121338
YBR170C,YNR043W,0,-25.923119,0.09109918773174286,1.0,0.9998999834060669
YEL062W,YMR180C,0,-26.584484,0.09109091013669968,1.0,1.0
