Gene A,Gene B,Label,Score,Precision,Recall,False Positive Rate
YPR103W,YLR025W,1,2.0400097,1.0,0.001422475092113018,0.0
YPR103W,YOR259C,1,1.7804608,1.0,0.002844950184226036,0.0
YGR253C,YOR259C,1,1.6767842,1.0,0.004267425276339054,0.0
YOR259C,YBR173C,1,1.6275909,1.0,0.005689900368452072,0.0
YFR052W,YOR259C,1,1.6269813,1.0,0.00711237546056509,0.0
YMR276W,YPR103W,1,1.3620908,1.0,0.008534850552678108,0.0
YCL052C,YGR253C,1,1.2914255,1.0,0.009957325644791126,0.0
YPR103W,YGR048W,1,1.0449128,1.0,0.011379800736904144,0.0
YIL007C,YGR253C,1,1.0444806,1.0,0.012802275829017162,0.0
YOR259C,YGR048W,1,1.0366452,1.0,0.01422475092113018,0.0
YDL126C,YOR259C,1,1.0112952,1.0,0.015647226944565773,0.0
YGR253C,YLR025W,1,0.87485814,1.0,0.017069701105356216,0.0
YHR200W,YFR052W,1,0.8455397,1.0,0.01849217712879181,0.0
YGR253C,YGR048W,1,0.8136722,1.0,0.019914651289582253,0.0
YPR103W,YGR253C,1,0.7989528,1.0,0.021337127313017845,0.0
YIL007C,YGR048W,1,0.7306222,1.0,0.02275960147380829,0.0
YCL052C,YPR103W,1,0.69891113,1.0,0.02418207749724388,0.0
YML092C,YOR259C,1,0.6811794,1.0,0.025604551658034325,0.0
YIL007C,YPR103W,1,0.6546793,1.0,0.027027027681469917,0.0
YPR103W,YBR173C,1,0.5989024,1.0,0.02844950184226036,0.0
YHR200W,YOR259C,1,0.59042376,1.0,0.029871977865695953,0.0
YDL126C,YLR025W,1,0.4634266,1.0,0.031294453889131546,0.0
YCL052C,YGR048W,1,0.45995867,1.0,0.03271692618727684,0.0
YML092C,YLR025W,1,0.45882207,1.0,0.03413940221071243,0.0
YIL007C,YOR259C,1,0.4428171,1.0,0.035561878234148026,0.0
YOR259C,YLR025W,1,0.42277908,1.0,0.03698435425758362,0.0
YPR103W,YML092C,1,0.37529176,1.0,0.03840682655572891,0.0
YPR103W,YFR052W,1,0.30794728,1.0,0.039829302579164505,0.0
YDL126C,YIL007C,1,0.29586488,1.0,0.0412517786026001,0.0
YGR253C,YBR173C,1,0.29067567,1.0,0.04267425462603569,0.0
YPR103W,YHR200W,1,0.27743584,1.0,0.044096726924180984,0.0
YML092C,YGR253C,1,0.17629173,1.0,0.04551920294761658,0.0
YIR011C,YBR173C,1,0.14676344,1.0,0.04694167897105217,0.0
YHR200W,YBR173C,1,0.13996577,1.0,0.04836415499448776,0.0
YLR025W,YBR173C,1,0.10183233,1.0,0.04978662729263306,0.0
YDL126C,YCL052C,1,0.04098853,1.0,0.05120910331606865,0.0
YCL052C,YOR259C,1,0.035120245,1.0,0.05263157933950424,0.0
YDL126C,YBR173C,1,0.009823795,1.0,0.054054055362939835,0.0
YCL052C,YFR052W,1,0.004668411,1.0,0.05547652766108513,0.0
YIL007C,YHR200W,1,-0.0004501976,1.0,0.05689900368452072,0.0
YDL126C,YGR048W,1,-0.0071538724,1.0,0.058321479707956314,0.0
YDL126C,YML092C,1,-0.060380522,1.0,0.05974395573139191,0.0
YBR290W,YIR011C,1,-0.10023236,1.0,0.0611664280295372,0.0
YMR276W,YFR052W,1,-0.103166044,1.0,0.06258890777826309,0.0
YMR276W,YBR173C,1,-0.10491353,1.0,0.06401138007640839,0.0
YIL007C,YFR052W,1,-0.120557785,1.0,0.06543385237455368,0.0
YGR253C,YML088W,1,-0.14505929,1.0,0.06685633212327957,0.0
YCL052C,YLR025W,1,-0.18483192,1.0,0.06827880442142487,0.0
YOR259C,YIR011C,1,-0.18674958,1.0,0.06970127671957016,0.0
YFR052W,YLR025W,1,-0.1909945,1.0,0.07112375646829605,0.0
YBR290W,YGR048W,1,-0.21432006,1.0,0.07254622876644135,0.0
YIL007C,YBR173C,1,-0.22223413,1.0,0.07396870851516724,0.0
YMR276W,YOR259C,1,-0.249399,1.0,0.07539118081331253,0.0
YGR167W,YPL206C,0,-0.37739825,0.9814814925193787,0.07539118081331253,0.00014224751794245094
YMR119W,YCL052C,1,-0.4527815,0.9818181991577148,0.07681365311145782,0.00014224751794245094
YDL126C,YGR253C,1,-0.45856136,0.9821428656578064,0.07823613286018372,0.00014224751794245094
YIL007C,YLR025W,1,-0.4609697,0.9824561476707458,0.07965860515832901,0.00014224751794245094
YMR276W,YML092C,1,-0.46510756,0.982758641242981,0.0810810774564743,0.00014224751794245094
YML092C,YGR048W,1,-0.5469727,0.9830508232116699,0.0825035572052002,0.00014224751794245094
YBR290W,YBR173C,1,-0.5569752,0.9833333492279053,0.08392602950334549,0.00014224751794245094
YCL052C,YML092C,1,-0.5847174,0.9836065769195557,0.08534850925207138,0.00014224751794245094
YOR259C,YML088W,1,-0.58833593,0.9838709831237793,0.08677098155021667,0.00014224751794245094
YDR294C,YOR336W,0,-0.60459834,0.9682539701461792,0.08677098155021667,0.0002844950358849019
YPR103W,YIR011C,1,-0.6110933,0.96875,0.08819345384836197,0.0002844950358849019
YBR290W,YLR025W,1,-0.6426061,0.9692307710647583,0.08961593359708786,0.0002844950358849019
YMR276W,YGR253C,1,-0.65659255,0.9696969985961914,0.09103840589523315,0.0002844950358849019
YPR103W,YML088W,1,-0.69215125,0.9701492786407471,0.09246088564395905,0.0002844950358849019
YBR290W,YPR103W,1,-0.7076215,0.970588207244873,0.09388335794210434,0.0002844950358849019
YBR290W,YML092C,1,-0.7175192,0.9710144996643066,0.09530583024024963,0.0002844950358849019
YML088W,YBR173C,1,-0.7669233,0.9714285731315613,0.09672830998897552,0.0002844950358849019
YIL007C,YCL052C,1,-0.7699769,0.9718309640884399,0.09815078228712082,0.0002844950358849019
YGR253C,YFR052W,1,-0.7726819,0.9722222089767456,0.09957325458526611,0.0002844950358849019
YIL007C,YMR214W,1,-0.78146225,0.9726027250289917,0.100995734333992,0.0002844950358849019
YGR048W,YBR173C,1,-0.857482,0.9729729890823364,0.1024182066321373,0.0002844950358849019
YBR290W,YGR253C,1,-0.89031833,0.9733333587646484,0.10384068638086319,0.0002844950358849019
YCL052C,YML088W,1,-0.9059287,0.9736841917037964,0.10526315867900848,0.0002844950358849019
YDR221W,YDR329C,0,-0.9349125,0.9610389471054077,0.10526315867900848,0.0004267425392754376
YMR276W,YGR048W,1,-0.9426149,0.9615384340286255,0.10668563097715378,0.0004267425392754376
YAL031C,YOR162C,0,-0.97766095,0.949367105960846,0.10668563097715378,0.0005689900717698038
YDR054C,YCL052C,1,-0.9817515,0.949999988079071,0.10810811072587967,0.0005689900717698038
YBR290W,YCL052C,1,-0.9871809,0.9506173133850098,0.10953058302402496,0.0005689900717698038
YLR025W,YML088W,1,-0.99860066,0.9512194991111755,0.11095305532217026,0.0005689900717698038
YFR052W,YGR048W,1,-1.0057912,0.9518072009086609,0.11237553507089615,0.0005689900717698038
YHR200W,YGR048W,1,-1.010669,0.9523809552192688,0.11379800736904144,0.0005689900717698038
YIR011C,YML088W,1,-1.0670539,0.9529411792755127,0.11522048711776733,0.0005689900717698038
YCL052C,YBR173C,1,-1.0839994,0.9534883499145508,0.11664295941591263,0.0005689900717698038
YDL126C,YPR103W,1,-1.0980456,0.954023003578186,0.11806543171405792,0.0005689900717698038
YGR253C,YMR214W,1,-1.1193426,0.9545454382896423,0.11948791146278381,0.0005689900717698038
YFR052W,YIR011C,1,-1.12948,0.9550561904907227,0.12091038376092911,0.0005689900717698038
YMR276W,YLR025W,1,-1.1734657,0.9555555582046509,0.1223328560590744,0.0005689900717698038
YGR048W,YML088W,1,-1.1739236,0.9560439586639404,0.12375533580780029,0.0005689900717698038
YDL126C,YFR052W,1,-1.177005,0.95652174949646,0.12517781555652618,0.0005689900717698038
YGL058W,YIR011C,1,-1.1907252,0.9569892287254333,0.12660028040409088,0.0005689900717698038
YIR011C,YGR048W,1,-1.2197906,0.957446813583374,0.12802276015281677,0.0005689900717698038
YML092C,YHR200W,1,-1.2431412,0.9578947424888611,0.12944523990154266,0.0005689900717698038
YIL007C,YML092C,1,-1.2517172,0.9583333134651184,0.13086770474910736,0.0005689900717698038
YHR200W,YLR025W,1,-1.2525412,0.9587628841400146,0.13229018449783325,0.0005689900717698038
YML092C,YIR011C,1,-1.2535537,0.9591836929321289,0.13371266424655914,0.0005689900717698038
YFR052W,YML088W,1,-1.2977481,0.9595959782600403,0.13513512909412384,0.0005689900717698038
YLR207W,YCL052C,1,-1.3037251,0.9599999785423279,0.13655760884284973,0.0005689900717698038
YLR207W,YGR253C,1,-1.3212397,0.9603960514068604,0.13798008859157562,0.0005689900717698038
YBR290W,YDL126C,1,-1.3410282,0.9607843160629272,0.13940255343914032,0.0005689900717698038
YGL190C,YAL016W,0,-1.3432505,0.9514563083648682,0.13940255343914032,0.000711237546056509
YGR253C,YIR011C,1,-1.3868675,0.9519230723381042,0.1408250331878662,0.000711237546056509
YIL007C,YML088W,1,-1.3913342,0.9523809552192688,0.1422475129365921,0.000711237546056509
YBR290W,YHR200W,1,-1.4337714,0.9528301954269409,0.143669992685318,0.000711237546056509
YDL126C,YIR011C,1,-1.45226,0.9532710313796997,0.1450924575328827,0.000711237546056509
YML092C,YBR173C,1,-1.4739367,0.9537037014961243,0.14651493728160858,0.000711237546056509
YGL058W,YLR025W,1,-1.4875844,0.9541284441947937,0.14793741703033447,0.000711237546056509
YLR025W,YIR011C,1,-1.543041,0.9545454382896423,0.14935988187789917,0.000711237546056509
YCL052C,YMR214W,1,-1.5434952,0.954954981803894,0.15078236162662506,0.000711237546056509
YDL126C,YML088W,1,-1.584106,0.9553571343421936,0.15220484137535095,0.000711237546056509
YBR290W,YML088W,1,-1.5914173,0.9557521939277649,0.15362730622291565,0.000711237546056509
YGL130W,YPR178W,0,-1.5936608,0.9473684430122375,0.15362730622291565,0.0008534850785508752
YDL126C,YMR276W,1,-1.6164848,0.947826087474823,0.15504978597164154,0.0008534850785508752
YCL052C,YML013W,1,-1.6343318,0.9482758641242981,0.15647226572036743,0.0008534850785508752
YJL073W,YGR253C,1,-1.6823976,0.9487179517745972,0.15789473056793213,0.0008534850785508752
YDR054C,YIR011C,1,-1.6892852,0.9491525292396545,0.15931721031665802,0.0008534850785508752
YOL049W,YBR014C,0,-1.694526,0.9411764740943909,0.15931721031665802,0.0009957326110452414
YBR290W,YFR052W,1,-1.7313432,0.9416666626930237,0.1607396900653839,0.0009957326110452414
YPL046C,YLR025W,1,-1.753716,0.942148745059967,0.1621621549129486,0.0009957326110452414
YDR265W,YGR002C,0,-1.7570027,0.9344262480735779,0.1621621549129486,0.0011379801435396075
YGR253C,YHR200W,1,-1.7672946,0.934959352016449,0.1635846346616745,0.0011379801435396075
YDR295C,YJR050W,0,-1.7738651,0.9274193644523621,0.1635846346616745,0.0012802275596186519
YML125C,YCR009C,0,-1.8023869,0.9200000166893005,0.1635846346616745,0.001422475092113018
YBR290W,YIL007C,1,-1.808043,0.920634925365448,0.1650071144104004,0.001422475092113018
YBR290W,YGL058W,1,-1.8539249,0.9212598204612732,0.16642959415912628,0.001422475092113018
YDR388W,YGL207W,0,-1.8656855,0.9140625,0.16642959415912628,0.0015647226246073842
YNL230C,YCL052C,1,-1.8802946,0.9147287011146545,0.16785205900669098,0.0015647226246073842
YIR011C,YDR260C,1,-1.9229841,0.9153845906257629,0.16927453875541687,0.0015647226246073842
YMR029C,YGL124C,0,-1.9229915,0.9083969593048096,0.16927453875541687,0.0017069701571017504
YML092C,YMR214W,1,-1.9316825,0.9090909361839294,0.17069701850414276,0.0017069701571017504
YCL052C,YHR200W,1,-1.9380697,0.9097744226455688,0.17211948335170746,0.0017069701571017504
YMR214W,YLR025W,1,-1.9417464,0.9104477763175964,0.17354196310043335,0.0017069701571017504
YJR083C,YKL196C,0,-1.9570761,0.9037036895751953,0.17354196310043335,0.0018492176895961165
YJL036W,YGR186W,0,-1.9656811,0.8970588445663452,0.17354196310043335,0.0019914652220904827
YPR103W,YMR214W,1,-1.9778824,0.8978102207183838,0.17496444284915924,0.0019914652220904827
YMR276W,YIL007C,1,-1.98,0.8985507488250732,0.17638690769672394,0.0019914652220904827
YMR276W,YHR200W,1,-1.9891973,0.8992805480957031,0.17780938744544983,0.0019914652220904827
YMR276W,YCL052C,1,-2.0038786,0.8999999761581421,0.17923186719417572,0.0019914652220904827
YOR336W,YDR484W,0,-2.0175755,0.8936170339584351,0.17923186719417572,0.002133712638169527
YGL166W,YLR240W,0,-2.0234187,0.8873239159584045,0.17923186719417572,0.002275960287079215
YBR290W,YMR276W,1,-2.0332825,0.8881118893623352,0.18065433204174042,0.002275960287079215
YJL073W,YCL052C,1,-2.0429406,0.8888888955116272,0.1820768117904663,0.002275960287079215
YLR025W,YPL176C,1,-2.059809,0.8896551728248596,0.1834992915391922,0.002275960287079215
YLR207W,YIL007C,1,-2.0605,0.8904109597206116,0.1849217712879181,0.002275960287079215
YBR290W,YOR259C,1,-2.0651817,0.8911564350128174,0.1863442361354828,0.002275960287079215
YFL029C,YML057W,0,-2.0719087,0.8851351141929626,0.1863442361354828,0.0024182077031582594
YMR214W,YIR011C,1,-2.1007488,0.8859060406684875,0.18776671588420868,0.0024182077031582594
YLR025W,YGR048W,1,-2.110852,0.8866666555404663,0.18918919563293457,0.0024182077031582594
YDR182W,YBL040C,0,-2.1128807,0.8807947039604187,0.18918919563293457,0.0025604551192373037
YGL130W,YOR244W,0,-2.1181028,0.875,0.18918919563293457,0.0027027027681469917
YPL140C,YOR069W,0,-2.1371162,0.8692810535430908,0.18918919563293457,0.002844950184226036
YBR102C,YDR388W,0,-2.141258,0.8636363744735718,0.18918919563293457,0.002987197833135724
YIL007C,YGL058W,1,-2.1429987,0.8645161390304565,0.19061166048049927,0.002987197833135724
YLR207W,YGR048W,1,-2.1641953,0.8653846383094788,0.19203414022922516,0.002987197833135724
YOL130W,YPL232W,0,-2.174672,0.8598726391792297,0.19203414022922516,0.0031294452492147684
YFR052W,YMR214W,1,-2.1858525,0.8607594966888428,0.19345661997795105,0.0031294452492147684
YDL126C,YHR200W,1,-2.1983905,0.8616352081298828,0.19487908482551575,0.0031294452492147684
YHR200W,YML013W,1,-2.2003458,0.862500011920929,0.19630156457424164,0.0031294452492147684
YMR276W,YBR082C,1,-2.2223012,0.8633540272712708,0.19772404432296753,0.0031294452492147684
YMR119W,YLR025W,1,-2.2265325,0.8641975522041321,0.19914650917053223,0.0031294452492147684
YGR167W,YOL072W,0,-2.2533908,0.8588957190513611,0.19914650917053223,0.0032716926652938128
YNL027W,YKL015W,0,-2.2548425,0.8536585569381714,0.19914650917053223,0.0034139403142035007
YBR199W,YBR279W,0,-2.2660365,0.8484848737716675,0.19914650917053223,0.003556187730282545
YML092C,YML088W,1,-2.266171,0.849397599697113,0.20056898891925812,0.003556187730282545
YMR119W,YBR290W,1,-2.2975137,0.8502994179725647,0.201991468667984,0.003556187730282545
YMR119W,YGR048W,1,-2.2982585,0.851190447807312,0.2034139335155487,0.003556187730282545
YAL009W,YCL032W,0,-2.3082464,0.8461538553237915,0.2034139335155487,0.003698435379192233
YGL240W,YGR048W,1,-2.3108313,0.8470588326454163,0.2048364132642746,0.003698435379192233
YHR200W,YIR011C,1,-2.3144677,0.847953200340271,0.2062588930130005,0.003698435379192233
YMR029C,YMR149W,0,-2.317465,0.8430232405662537,0.2062588930130005,0.0038406827952712774
YDR265W,YJL093C,0,-2.3216572,0.8381502628326416,0.2062588930130005,0.003982930444180965
YMR119W,YML088W,1,-2.321677,0.8390804529190063,0.20768137276172638,0.003982930444180965
YJL091C,YHR012W,0,-2.3287327,0.8342857360839844,0.20768137276172638,0.00412517786026001
YBL050W,YGL059W,0,-2.350457,0.8295454382896423,0.20768137276172638,0.004267425276339054
YPL008W,YOL138C,0,-2.3564594,0.8248587846755981,0.20768137276172638,0.0044096726924180984
YMR214W,YBR173C,1,-2.3587494,0.8258426785469055,0.20910383760929108,0.0044096726924180984
YIR011C,YBR082C,1,-2.3689458,0.826815664768219,0.21052631735801697,0.0044096726924180984
YDR294C,YOR162C,0,-2.373541,0.8222222328186035,0.21052631735801697,0.00455192057415843
YMR119W,YPR103W,1,-2.386268,0.8232043981552124,0.21194879710674286,0.00455192057415843
YNL183C,YDR128W,0,-2.4246967,0.8186812996864319,0.21194879710674286,0.0046941679902374744
YPL046C,YCL052C,1,-2.4277103,0.8196721076965332,0.21337126195430756,0.0046941679902374744
YLR028C,YER170W,0,-2.428837,0.8152173757553101,0.21337126195430756,0.004836415406316519
YML013W,YGR048W,1,-2.4313085,0.816216230392456,0.21479374170303345,0.004836415406316519
YBR290W,YBR082C,1,-2.4323952,0.8172042965888977,0.21621622145175934,0.004836415406316519
YMR119W,YOR259C,1,-2.4380481,0.8181818127632141,0.21763868629932404,0.004836415406316519
YML092C,YDR363W-A,1,-2.4531627,0.8191489577293396,0.21906116604804993,0.004836415406316519
YML092C,YFR052W,1,-2.4597394,0.820105791091919,0.22048364579677582,0.004836415406316519
YLR207W,YOR259C,1,-2.4610124,0.821052610874176,0.22190611064434052,0.004836415406316519
YDR435C,YOR124C,0,-2.469206,0.8167539238929749,0.22190611064434052,0.004978662822395563
YML110C,YLR005W,0,-2.4704406,0.8125,0.22190611064434052,0.0051209102384746075
YDL126C,YBR082C,1,-2.4716675,0.8134714961051941,0.2233285903930664,0.0051209102384746075
YIL007C,YDR260C,1,-2.4737914,0.8144329786300659,0.2247510701417923,0.0051209102384746075
YLR207W,YBR173C,1,-2.4798877,0.8153846263885498,0.226173534989357,0.0051209102384746075
YGR167W,YHR104W,0,-2.4800255,0.8112244606018066,0.226173534989357,0.005263158120214939
YOR197W,YNL026W,0,-2.490134,0.807106614112854,0.226173534989357,0.0054054055362939835
YBR290W,YDR054C,1,-2.4961607,0.808080792427063,0.22759601473808289,0.0054054055362939835
YDR388W,YCL032W,0,-2.503632,0.80402010679245,0.22759601473808289,0.005547652952373028
YNL236W,YJL036W,0,-2.509907,0.800000011920929,0.22759601473808289,0.005689900368452072
YLR085C,YNL183C,0,-2.511794,0.7960199117660522,0.22759601473808289,0.0058321477845311165
YBR290W,YMR214W,1,-2.516504,0.7970296740531921,0.22901849448680878,0.0058321477845311165
YMR119W,YGR253C,1,-2.518699,0.7980295419692993,0.23044097423553467,0.0058321477845311165
YDL195W,YJL036W,0,-2.521188,0.7941176295280457,0.23044097423553467,0.005974395666271448
YDR142C,YDR320C,0,-2.545212,0.790243923664093,0.23044097423553467,0.0061166430823504925
YNL099C,YPL120W,0,-2.54609,0.7864077687263489,0.23044097423553467,0.006258890498429537
YDL126C,YJL073W,1,-2.5482595,0.7874395847320557,0.23186343908309937,0.006258890498429537
YIL065C,YDR092W,0,-2.5627954,0.7836538553237915,0.23186343908309937,0.006401137914508581
YDL126C,YMR214W,1,-2.5804746,0.7846890091896057,0.23328591883182526,0.006401137914508581
YDR118W,YLR025W,1,-2.5840104,0.7857142686843872,0.23470839858055115,0.006401137914508581
YMR029C,YDR311W,0,-2.589319,0.7819905281066895,0.23470839858055115,0.0065433853305876255
YDL188C,YDR388W,0,-2.6102345,0.7783018946647644,0.23470839858055115,0.006685633212327957
YGR132C,YJL054W,0,-2.6125531,0.7746478915214539,0.23470839858055115,0.0068278806284070015
YNR010W,YHR012W,0,-2.6416783,0.7710280418395996,0.23470839858055115,0.006970128044486046
YPL046C,YGR253C,1,-2.642764,0.7720929980278015,0.23613086342811584,0.006970128044486046
YDL161W,YLR100W,0,-2.6451473,0.7685185074806213,0.23613086342811584,0.00711237546056509
YML013W,YDR260C,1,-2.6536796,0.7695852518081665,0.23755334317684174,0.00711237546056509
YDR054C,YGL058W,1,-2.6710465,0.7706422209739685,0.23897582292556763,0.00711237546056509
YMR119W,YBR173C,1,-2.6754456,0.7716894745826721,0.24039828777313232,0.00711237546056509
YIL007C,YDR363W-A,1,-2.6769366,0.7727272510528564,0.24182076752185822,0.00711237546056509
YDR260C,YML088W,1,-2.6781347,0.773755669593811,0.2432432472705841,0.00711237546056509
YDL126C,YDR363W-A,1,-2.6839406,0.7747747898101807,0.2446657121181488,0.00711237546056509
YDR329C,YDR510W,0,-2.6857154,0.7713004350662231,0.2446657121181488,0.0072546228766441345
YMR119W,YML092C,1,-2.686176,0.7723214030265808,0.2460881918668747,0.0072546228766441345
YLR028C,YDR217C,0,-2.7004285,0.7688888907432556,0.2460881918668747,0.007396870758384466
YLR207W,YLR025W,1,-2.7082074,0.769911527633667,0.24751067161560059,0.007396870758384466
YML071C,YJR050W,0,-2.7087739,0.7665198445320129,0.24751067161560059,0.0075391181744635105
YMR276W,YLR207W,1,-2.7105138,0.7675438523292542,0.24893313646316528,0.0075391181744635105
YPL046C,YGR048W,1,-2.715737,0.7685589790344238,0.25035563111305237,0.0075391181744635105
YLR207W,YHR200W,1,-2.7161915,0.769565224647522,0.25177809596061707,0.0075391181744635105
YLR260W,YER162C,0,-2.7221,0.7662337422370911,0.25177809596061707,0.007681365590542555
YDL161W,YBL064C,0,-2.7231433,0.7629310488700867,0.25177809596061707,0.007823613472282887
YGL180W,YKL103C,0,-2.729466,0.7596566677093506,0.25177809596061707,0.00796586088836193
YPR081C,YOR069W,0,-2.7308385,0.7564102411270142,0.25177809596061707,0.008108108304440975
YLR028C,YBR214W,0,-2.732371,0.7531914710998535,0.25177809596061707,0.00825035572052002
YBR221C,YOL055C,0,-2.7358444,0.75,0.25177809596061707,0.008392603136599064
YDL126C,YGL058W,1,-2.735955,0.7510548233985901,0.25320056080818176,0.008392603136599064
YKL103C,YPR178W,0,-2.7399483,0.7478991746902466,0.25320056080818176,0.008534850552678108
YML013W,YLR025W,1,-2.7407396,0.7489539980888367,0.25462305545806885,0.008534850552678108
YMR298W,YDR092W,0,-2.745052,0.7458333373069763,0.25462305545806885,0.008677097968757153
YPR103W,YML013W,1,-2.7622654,0.7468879818916321,0.25604552030563354,0.008677097968757153
YPL046C,YIL007C,1,-2.7626307,0.7479338645935059,0.25746798515319824,0.008677097968757153
YKL007W,YNL314W,0,-2.7865322,0.7448559403419495,0.25746798515319824,0.008819345384836197
YLR254C,YML095C,0,-2.7936494,0.7418032884597778,0.25746798515319824,0.008961592800915241
YDL188C,YPL120W,0,-2.7937298,0.7387754917144775,0.25746798515319824,0.00910384114831686
YGR295C,YAL009W,0,-2.794008,0.7357723712921143,0.25746798515319824,0.009246088564395905
YGL058W,YGR048W,1,-2.7958574,0.7368420958518982,0.2588904798030853,0.009246088564395905
YJR084W,YNL183C,0,-2.79792,0.7338709831237793,0.2588904798030853,0.009388335980474949
YBR109C,YDR231C,0,-2.7999918,0.7309237122535706,0.2588904798030853,0.009530583396553993
YDR054C,YOR259C,1,-2.802829,0.7319999933242798,0.26031294465065,0.009530583396553993
YLR370C,YLR284C,0,-2.8048851,0.7290836572647095,0.26031294465065,0.009672830812633038
YLR207W,YPR103W,1,-2.8078816,0.7301587462425232,0.2617354094982147,0.009672830812633038
YLR100W,YBR103W,0,-2.8186858,0.7272727489471436,0.2617354094982147,0.009815078228712082
YDR511W,YDR510W,0,-2.8197834,0.7244094610214233,0.2617354094982147,0.009957325644791126
YJL073W,YLR025W,1,-2.8213475,0.7254902124404907,0.2631579041481018,0.009957325644791126
YJL073W,YGR048W,1,-2.8228798,0.7265625,0.2645803689956665,0.009957325644791126
YOR259C,YML013W,1,-2.8292453,0.7276264429092407,0.2660028338432312,0.009957325644791126
YJL019W,YOR195W,0,-2.8372085,0.7248061895370483,0.2660028338432312,0.01009957306087017
YER162C,YKR055W,0,-2.8392298,0.7220077514648438,0.2660028338432312,0.010241820476949215
YML057W,YIL138C,0,-2.8417637,0.7192307710647583,0.2660028338432312,0.01038406789302826
YIL065C,YAL016W,0,-2.8522909,0.7164750695228577,0.2660028338432312,0.010526316240429878
YLR207W,YML013W,1,-2.859856,0.7175572514533997,0.2674253284931183,0.010526316240429878
YOR036W,YFR029W,0,-2.862582,0.7148289084434509,0.2674253284931183,0.010668563656508923
YER017C,YDL161W,0,-2.8826382,0.7121211886405945,0.2674253284931183,0.010810811072587967
YDR054C,YGR253C,1,-2.8830786,0.7132075428962708,0.268847793340683,0.010810811072587967
YOR036W,YBR214W,0,-2.8872664,0.7105262875556946,0.268847793340683,0.010953058488667011
YFR052W,YBR173C,1,-2.8918746,0.7116104960441589,0.2702702581882477,0.010953058488667011
YDR054C,YML092C,1,-2.896354,0.7126865386962891,0.27169275283813477,0.010953058488667011
YKL007W,YNL147W,0,-2.897517,0.7100371718406677,0.27169275283813477,0.011095305904746056
YPL100W,YOR324C,0,-2.9035256,0.7074074149131775,0.27169275283813477,0.0112375533208251
YBR290W,YDR260C,1,-2.9111304,0.7084870934486389,0.27311521768569946,0.0112375533208251
YNR010W,YMR316W,0,-2.9113014,0.7058823704719543,0.27311521768569946,0.011379800736904144
YPR178W,YDR137W,0,-2.9119856,0.7032967209815979,0.27311521768569946,0.011522048152983189
YMR298W,YHR083W,0,-2.9131203,0.7007299065589905,0.27311521768569946,0.011664295569062233
YDR054C,YLR025W,1,-2.9216232,0.7018181681632996,0.27453768253326416,0.011664295569062233
YLR207W,YIR011C,1,-2.9231696,0.7028985619544983,0.27596017718315125,0.011664295569062233
YMR119W,YHR200W,1,-2.923787,0.7039711475372314,0.27738264203071594,0.011664295569062233
YBL038W,YDR419W,0,-2.924803,0.701438844203949,0.27738264203071594,0.011806542985141277
YOL072W,YLR240W,0,-2.9314497,0.698924720287323,0.27738264203071594,0.011948791332542896
YDL095W,YDR137W,0,-2.9535553,0.6964285969734192,0.27738264203071594,0.01209103874862194
YBR102C,YKR031C,0,-2.9553015,0.6939501762390137,0.27738264203071594,0.012233286164700985
YBR243C,YDR331W,0,-2.958048,0.6914893388748169,0.27738264203071594,0.01237553358078003
YGR253C,YDR260C,1,-2.9600527,0.6925795078277588,0.27880510687828064,0.01237553358078003
YAL031C,YGL062W,0,-2.9628408,0.6901408433914185,0.27880510687828064,0.012517780996859074
YFR052W,YML013W,1,-2.9666784,0.6912280917167664,0.2802276015281677,0.012517780996859074
YDL126C,YLR207W,1,-2.9694974,0.692307710647583,0.2816500663757324,0.012517780996859074
YCR009C,YLR369W,0,-2.975458,0.6898954510688782,0.2816500663757324,0.012660028412938118
YGL058W,YPL176C,1,-2.9859364,0.6909722089767456,0.2830725610256195,0.012660028412938118
YDL099W,YGR033C,0,-2.9861917,0.6885812878608704,0.2830725610256195,0.012802275829017162
YFR024C-A,YBR103W,0,-2.9903514,0.6862068772315979,0.2830725610256195,0.012944523245096207
YMR119W,YIL007C,1,-2.9953673,0.6872852444648743,0.2844950258731842,0.012944523245096207
YNL230C,YGR048W,1,-2.9968758,0.6883561611175537,0.2859174907207489,0.012944523245096207
YJL073W,YIR011C,1,-2.9972818,0.6894198060035706,0.287339985370636,0.012944523245096207
YFL029C,YCR009C,0,-2.998461,0.6870748400688171,0.287339985370636,0.013086770661175251
YMR276W,YML013W,1,-3.0014603,0.68813556432724,0.2887624502182007,0.013086770661175251
YNL322C,YKR048C,0,-3.004276,0.6858108043670654,0.2887624502182007,0.013229018077254295
YJL073W,YIL007C,1,-3.0125115,0.6868686676025391,0.2901849150657654,0.013229018077254295
YDR054C,YGR048W,1,-3.012963,0.6879194378852844,0.29160740971565247,0.013229018077254295
YML057W,YGL122C,0,-3.0235364,0.6856187582015991,0.29160740971565247,0.013371266424655914
YCL052C,YPL176C,1,-3.0286083,0.6866666674613953,0.29302987456321716,0.013371266424655914
YOR336W,YDR100W,0,-3.038676,0.684385359287262,0.29302987456321716,0.013513513840734959
YJR083C,YBL103C,0,-3.0391104,0.6821191906929016,0.29302987456321716,0.013655761256814003
YMR276W,YIR011C,1,-3.042753,0.6831682920455933,0.29445233941078186,0.013655761256814003
YJR083C,YLR181C,0,-3.0451632,0.6809210777282715,0.29445233941078186,0.013798008672893047
YPL046C,YML088W,1,-3.0520313,0.6819671988487244,0.29587483406066895,0.013798008672893047
YLR028C,YGL025C,0,-3.05748,0.6797385811805725,0.29587483406066895,0.013940256088972092
YKL117W,YBR228W,0,-3.0785587,0.6775244474411011,0.29587483406066895,0.014082503505051136
YBR177C,YLR354C,0,-3.079704,0.6753246784210205,0.29587483406066895,0.01422475092113018
YDL099W,YGR133W,0,-3.079774,0.6731391549110413,0.29587483406066895,0.014366998337209225
YJR005W,YLR389C,0,-3.0828922,0.6709677577018738,0.29587483406066895,0.014509245753288269
YFL029C,YGR005C,0,-3.0994792,0.6688103079795837,0.29587483406066895,0.014651493169367313
YDR363W-A,YBR173C,1,-3.112519,0.6698718070983887,0.29729729890823364,0.014651493169367313
YBR290W,YDR363W-A,1,-3.114992,0.6709265112876892,0.29871976375579834,0.014651493169367313
YGL058W,YOR259C,1,-3.121358,0.6719745397567749,0.3001422584056854,0.014651493169367313
YNL183C,YKR003W,0,-3.1221933,0.6698412895202637,0.3001422584056854,0.014793741516768932
YJR005W,YGL190C,0,-3.1298008,0.6677215099334717,0.3001422584056854,0.014935988932847977
YPL023C,YOR036W,0,-3.1317432,0.6656151413917542,0.3001422584056854,0.015078236348927021
YDR363W-A,YML088W,1,-3.132651,0.6666666865348816,0.3015647232532501,0.015078236348927021
YNL230C,YIL007C,1,-3.1340797,0.667711615562439,0.3029871881008148,0.015078236348927021
YDR118W,YML088W,1,-3.134208,0.668749988079071,0.3044096827507019,0.015078236348927021
YJR005W,YJR040W,0,-3.1426277,0.6666666865348816,0.3044096827507019,0.015220483765006065
YMR214W,YGR048W,1,-3.1557596,0.6677018404006958,0.3058321475982666,0.015220483765006065
YIL013C,YJL141C,0,-3.1572425,0.6656346917152405,0.3058321475982666,0.01536273118108511
YMR068W,YDR351W,0,-3.1632774,0.6635802388191223,0.3058321475982666,0.015504978597164154
YDR118W,YOR259C,1,-3.173075,0.6646153926849365,0.3072546124458313,0.015504978597164154
YDR054C,YMR214W,1,-3.1795313,0.6656441688537598,0.3086771070957184,0.015504978597164154
YBR290W,YJL073W,1,-3.1812572,0.6666666865348816,0.3100995719432831,0.015504978597164154
YAL032C,YLR240W,0,-3.1858804,0.6646341681480408,0.3100995719432831,0.015647226944565773
YCL052C,YGL058W,1,-3.1870985,0.6656534671783447,0.3115220367908478,0.015647226944565773
YER107C,YPL206C,0,-3.1900692,0.6636363863945007,0.3115220367908478,0.015789473429322243
YJR057W,YGR028W,0,-3.1964536,0.6616314053535461,0.3115220367908478,0.01593172177672386
YIL065C,YKR049C,0,-3.196573,0.6596385836601257,0.3115220367908478,0.01607396826148033
YJL073W,YML092C,1,-3.2014682,0.6606606841087341,0.31294453144073486,0.01607396826148033
YHR102W,YDR137W,0,-3.2040951,0.658682644367218,0.31294453144073486,0.01621621660888195
YJR059W,YDR320C,0,-3.2052033,0.6567164063453674,0.31294453144073486,0.01635846309363842
YCL052C,YDR260C,1,-3.2052608,0.6577380895614624,0.31436699628829956,0.01635846309363842
YKR003W,YNL236W,0,-3.206763,0.6557863354682922,0.31436699628829956,0.01650071144104004
YOR259C,YDR260C,1,-3.2071264,0.6568047404289246,0.31578946113586426,0.01650071144104004
YHR115C,YGR023W,0,-3.2177465,0.6548672318458557,0.31578946113586426,0.01664295792579651
YJR050W,YDR183W,0,-3.2265198,0.6529411673545837,0.31578946113586426,0.016785206273198128
YER017C,YIL039W,0,-3.2299135,0.6510263681411743,0.31578946113586426,0.016927454620599747
YMR316W,YPL120W,0,-3.2300093,0.6491228342056274,0.31578946113586426,0.017069701105356216
YMR035W,YLR254C,0,-3.2357252,0.647230327129364,0.31578946113586426,0.017211949452757835
YOR037W,YBL056W,0,-3.2359266,0.645348846912384,0.31578946113586426,0.017354195937514305
YHR115C,YLR113W,0,-3.2405453,0.643478274345398,0.31578946113586426,0.017496444284915924
YFL029C,YHR102W,0,-3.245593,0.6416184902191162,0.31578946113586426,0.017638690769672394
YPL176C,YML088W,1,-3.2478368,0.6426513195037842,0.31721195578575134,0.017638690769672394
YHR044C,YPL206C,0,-3.253669,0.6408045887947083,0.31721195578575134,0.017780939117074013
YLR220W,YEL058W,0,-3.2592967,0.6389684677124023,0.31721195578575134,0.017923185601830482
YHR174W,YJL052W,0,-3.2641628,0.6371428370475769,0.31721195578575134,0.0180654339492321
YDR096W,YAL016W,0,-3.2667472,0.6353276371955872,0.31721195578575134,0.01820768229663372
YKL189W,YJR050W,0,-3.2764711,0.6335227489471436,0.31721195578575134,0.01834992878139019
YKL007W,YDR351W,0,-3.2774959,0.6317280530929565,0.31721195578575134,0.01849217712879181
YPL046C,YBR173C,1,-3.2779217,0.6327683329582214,0.31863442063331604,0.01849217712879181
YML051W,YLR181C,0,-3.2783334,0.6309859156608582,0.31863442063331604,0.01863442361354828
YMR224C,YDL010W,0,-3.2790005,0.6292135119438171,0.31863442063331604,0.018776671960949898
YML092C,YGL058W,1,-3.2794588,0.6302521228790283,0.32005688548088074,0.018776671960949898
YPL008W,YGR028W,0,-3.282734,0.6284916400909424,0.32005688548088074,0.018918918445706367
YCR002C,YOR197W,0,-3.285979,0.6267409324645996,0.32005688548088074,0.019061166793107986
YLR207W,YMR214W,1,-3.2996259,0.6277777552604675,0.3214793801307678,0.019061166793107986
YNL331C,YJL036W,0,-3.3100026,0.6260387897491455,0.3214793801307678,0.019203413277864456
YBR221C,YDR100W,0,-3.3116949,0.6243094205856323,0.3214793801307678,0.019345661625266075
YPL046C,YIR011C,1,-3.3117402,0.6253443360328674,0.3229018449783325,0.019345661625266075
YGL122C,YAL016W,0,-3.3134387,0.6236263513565063,0.3229018449783325,0.019487908110022545
YDR085C,YGL166W,0,-3.3169224,0.6219177842140198,0.3229018449783325,0.019630156457424164
YMR119W,YFR052W,1,-3.317298,0.6229507923126221,0.3243243098258972,0.019630156457424164
YEL058W,YDR329C,0,-3.317827,0.6212534308433533,0.3243243098258972,0.019772404804825783
YBR290W,YNL230C,1,-3.3260834,0.6222826242446899,0.3257468044757843,0.019772404804825783
YMR316W,YBL056W,0,-3.3267324,0.6205962300300598,0.3257468044757843,0.019914651289582253
YOR320C,YBR010W,0,-3.329439,0.6189188957214355,0.3257468044757843,0.02005689963698387
YBL040C,YGL104C,0,-3.33473,0.6172506809234619,0.3257468044757843,0.02019914612174034
YGR253C,YGL058W,1,-3.3441594,0.6182795763015747,0.327169269323349,0.02019914612174034
YJL155C,YDR137W,0,-3.3596075,0.6166219711303711,0.327169269323349,0.02034139446914196
YBR290W,YML013W,1,-3.360179,0.6176470518112183,0.3285917639732361,0.02034139446914196
YHR115C,YPL120W,0,-3.3604386,0.6159999966621399,0.3285917639732361,0.02048364095389843
YBR039W,YAL016W,0,-3.3682427,0.6143617033958435,0.3285917639732361,0.02062588930130005
YKR049C,YFR010W,0,-3.369889,0.6127321124076843,0.3285917639732361,0.02076813578605652
YDR315C,YOL060C,0,-3.371895,0.6111111044883728,0.3285917639732361,0.020910384133458138
YDL095W,YMR236W,0,-3.3727763,0.6094986796379089,0.3285917639732361,0.021052632480859756
YOR259C,YMR214W,1,-3.3728337,0.6105263233184814,0.3300142288208008,0.021052632480859756
YER170W,YAL009W,0,-3.374437,0.6089239120483398,0.3300142288208008,0.021194878965616226
YBR082C,YML088W,1,-3.379866,0.6099476218223572,0.3314366936683655,0.021194878965616226
YLR260W,YDR407C,0,-3.3810916,0.6083551049232483,0.3314366936683655,0.021337127313017845
YGR104C,YBR293W,0,-3.388636,0.6067708134651184,0.3314366936683655,0.021479373797774315
YJL073W,YPR103W,1,-3.3900697,0.6077921986579895,0.33285918831825256,0.021479373797774315
YMR298W,YBR216C,0,-3.3932197,0.606217622756958,0.33285918831825256,0.021621622145175934
YGR253C,YPL176C,1,-3.3969667,0.6072351336479187,0.33428165316581726,0.021621622145175934
YIL007C,YML013W,1,-3.3973489,0.6082473993301392,0.33570411801338196,0.021621622145175934
YLR295C,YBR102C,0,-3.39813,0.6066837906837463,0.33570411801338196,0.021763868629932404
YCL052C,YIR011C,1,-3.4000437,0.607692301273346,0.33712661266326904,0.021763868629932404
YML095C,YNL107W,0,-3.4038036,0.6061381101608276,0.33712661266326904,0.021906116977334023
YHR200W,YML088W,1,-3.4038885,0.6071428656578064,0.33854907751083374,0.021906116977334023
YKL189W,YDR470C,0,-3.4041111,0.605597972869873,0.33854907751083374,0.022048363462090492
YDL126C,YDR260C,1,-3.4044247,0.606598973274231,0.33997154235839844,0.022048363462090492
YHR063C,YML055W,0,-3.413163,0.6050633192062378,0.33997154235839844,0.02219061180949211
YER105C,YER123W,0,-3.419067,0.6035353541374207,0.33997154235839844,0.02233285829424858
YKL146W,YDR288W,0,-3.419282,0.6020151376724243,0.33997154235839844,0.0224751066416502
YJL073W,YMR214W,1,-3.4214396,0.6030150651931763,0.3413940370082855,0.0224751066416502
YDR085C,YDR288W,0,-3.4248655,0.6015037298202515,0.3413940370082855,0.02261735498905182
YFL029C,YOR197W,0,-3.427701,0.6000000238418579,0.3413940370082855,0.02275960147380829
YGR104C,YKL196C,0,-3.4299083,0.5985037684440613,0.3413940370082855,0.022901849821209908
YDR260C,YBR173C,1,-3.43347,0.5995025038719177,0.3428165018558502,0.022901849821209908
YGL254W,YJL036W,0,-3.4466734,0.5980148911476135,0.3428165018558502,0.023044096305966377
YJR084W,YLR254C,0,-3.4518588,0.5965346693992615,0.3428165018558502,0.023186344653367996
YMR316W,YAL009W,0,-3.4521472,0.595061719417572,0.3428165018558502,0.023328591138124466
YER105C,YDR137W,0,-3.4528,0.5935960412025452,0.3428165018558502,0.023470839485526085
YOL012C,YOR336W,0,-3.4532437,0.5921375751495361,0.3428165018558502,0.023613085970282555
YFR029W,YIL068C,0,-3.4545372,0.5906862616539001,0.3428165018558502,0.023755334317684174
YGL223C,YNR010W,0,-3.4556558,0.5892420411109924,0.3428165018558502,0.023897582665085793
YMR188C,YPR139C,0,-3.4559853,0.5878048539161682,0.3428165018558502,0.024039829149842262
YGL003C,YNL230C,1,-3.4593642,0.5888077616691589,0.3442389667034149,0.024039829149842262
YJR040W,YKL015W,0,-3.4612055,0.5873786211013794,0.3442389667034149,0.02418207749724388
YDR260C,YGR048W,1,-3.4632168,0.5883777141571045,0.345661461353302,0.02418207749724388
YER017C,YFR003C,0,-3.4694695,0.5869565010070801,0.345661461353302,0.02432432398200035
YHL019C,YBR167C,0,-3.4831402,0.5855421423912048,0.345661461353302,0.02446657232940197
YMR298W,YPL112C,0,-3.495467,0.5841346383094788,0.345661461353302,0.02460881881415844
YDR435C,YMR059W,0,-3.4981725,0.5827338099479675,0.345661461353302,0.02475106716156006
YDR320C,YJL054W,0,-3.5042408,0.5813397169113159,0.345661461353302,0.02489331364631653
YPL161C,YKL064W,0,-3.5072446,0.5799522399902344,0.345661461353302,0.025035561993718147
YDL168W,YPL232W,0,-3.5107493,0.5785714387893677,0.345661461353302,0.025177808478474617
YPL022W,YBR198C,0,-3.5129282,0.5771971344947815,0.345661461353302,0.025320056825876236
YLR100W,YDR084C,0,-3.513379,0.5758293867111206,0.345661461353302,0.025462305173277855
YDL095W,YPL120W,0,-3.5145664,0.5744680762290955,0.345661461353302,0.025604551658034325
YLR085C,YOR185C,0,-3.517885,0.573113203048706,0.345661461353302,0.025746800005435944
YGL223C,YPL224C,0,-3.517924,0.5717647075653076,0.345661461353302,0.025889046490192413
YJR005W,YPL023C,0,-3.522002,0.5704225301742554,0.345661461353302,0.026031294837594032
YPL215W,YGL124C,0,-3.5221875,0.5690866708755493,0.345661461353302,0.026173541322350502
YKL189W,YER162C,0,-3.522691,0.5677570104598999,0.345661461353302,0.02631578966975212
YJL073W,YOR259C,1,-3.5269039,0.5687645673751831,0.3470839262008667,0.02631578966975212
YHR200W,YBR082C,1,-3.5292354,0.569767415523529,0.3485063910484314,0.02631578966975212
YOR161C,YLR090W,0,-3.5293043,0.5684455037117004,0.3485063910484314,0.02645803615450859
YFL055W,YML057W,0,-3.5335658,0.5671296119689941,0.3485063910484314,0.02660028450191021
YPR103W,YGL058W,1,-3.5358796,0.568129301071167,0.3499288856983185,0.02660028450191021
YOR322C,YBL051C,0,-3.5365827,0.5668202638626099,0.3499288856983185,0.02674253284931183
YBR179C,YOR155C,0,-3.538708,0.565517246723175,0.3499288856983185,0.0268847793340683
YKR003W,YEL058W,0,-3.5419102,0.5642201900482178,0.3499288856983185,0.027027027681469917
YFL016C,YKR031C,0,-3.54372,0.5629290342330933,0.3499288856983185,0.027169274166226387
YLR284C,YER107C,0,-3.5441525,0.5616438388824463,0.3499288856983185,0.027311522513628006
YAL058W,YIL007C,1,-3.5490658,0.5626423954963684,0.3513513505458832,0.027311522513628006
YMR150C,YMR060C,0,-3.5493143,0.5613636374473572,0.3513513505458832,0.027453768998384476
YBR290W,YLR207W,1,-3.5527518,0.5623582601547241,0.3527738153934479,0.027453768998384476
YGL025C,YLR240W,0,-3.5531435,0.5610859990119934,0.3527738153934479,0.027596017345786095
YHR083W,YHR012W,0,-3.557761,0.5598194003105164,0.3527738153934479,0.027738263830542564
YGR253C,YML013W,1,-3.5581634,0.5608108043670654,0.35419631004333496,0.027738263830542564
YBR005W,YOR124C,0,-3.5590725,0.5595505833625793,0.35419631004333496,0.027880512177944183
YML102W,YMR177W,0,-3.5600443,0.5582959651947021,0.35419631004333496,0.028022760525345802
YCL029C,YDL168W,0,-3.5636852,0.5570470094680786,0.35419631004333496,0.028165007010102272
YGR253C,YBR082C,1,-3.5660837,0.5580357313156128,0.35561877489089966,0.028165007010102272
YDR054C,YMR276W,1,-3.5665667,0.5590200424194336,0.35704123973846436,0.028165007010102272
YPR081C,YHR058C,0,-3.5684025,0.5577777624130249,0.35704123973846436,0.02830725535750389
YGL058W,YBR173C,1,-3.5684469,0.5587583184242249,0.35846373438835144,0.02830725535750389
YFL056C,YPR057W,0,-3.5688417,0.5575221180915833,0.35846373438835144,0.02844950184226036
YDR228C,YMR313C,0,-3.5697587,0.556291401386261,0.35846373438835144,0.02859175018966198
YPL233W,YGR275W,0,-3.570904,0.5550661087036133,0.35846373438835144,0.02873399667441845
YOL086C,YOR234C,0,-3.5712848,0.5538461804389954,0.35846373438835144,0.02887624502182007
YNL230C,YOR259C,1,-3.5738614,0.5548245906829834,0.35988619923591614,0.02887624502182007
YPL023C,YBR198C,0,-3.5773165,0.5536105036735535,0.35988619923591614,0.029018491506576538
YIL007C,YIR011C,1,-3.5788667,0.5545851588249207,0.36130866408348083,0.029018491506576538
YDR260C,YBR082C,1,-3.580426,0.5555555820465088,0.3627311587333679,0.029018491506576538
YGR170W,YGL059W,0,-3.5835407,0.554347813129425,0.3627311587333679,0.029160739853978157
YDL137W,YOR069W,0,-3.5924065,0.5531453490257263,0.3627311587333679,0.029302986338734627
YMR119W,YDL126C,1,-3.5964253,0.5541125535964966,0.3641536235809326,0.029302986338734627
YKR065C,YDR388W,0,-3.5967176,0.5529157519340515,0.3641536235809326,0.029445234686136246
YJR089W,YLR240W,0,-3.5978744,0.5517241358757019,0.3641536235809326,0.029587483033537865
YDR228C,YBL061C,0,-3.5991037,0.550537645816803,0.3641536235809326,0.029729729518294334
YFL029C,YNL322C,0,-3.603575,0.54935622215271,0.3641536235809326,0.029871977865695953
YJL054W,YBL067C,0,-3.605337,0.5481798648834229,0.3641536235809326,0.030014224350452423
YOR259C,YBR082C,1,-3.6125891,0.5491452813148499,0.3655760884284973,0.030014224350452423
YDR054C,YPL176C,1,-3.6128442,0.5501065850257874,0.3669985830783844,0.030014224350452423
YGR133W,YGR104C,0,-3.6142838,0.5489361882209778,0.3669985830783844,0.030156472697854042
YMR119W,YIR011C,1,-3.615772,0.549893856048584,0.3684210479259491,0.030156472697854042
YPL100W,YPL023C,0,-3.6185668,0.5487288236618042,0.3684210479259491,0.030298719182610512
YML125C,YMR039C,0,-3.6194189,0.5475687384605408,0.3684210479259491,0.03044096753001213
YPL078C,YGL207W,0,-3.6220622,0.5464134812355042,0.3684210479259491,0.0305832140147686
YAL058W,YML088W,1,-3.625715,0.5473684072494507,0.3698435425758362,0.0305832140147686
YLR025W,YBR082C,1,-3.6258738,0.5483193397521973,0.3712660074234009,0.0305832140147686
YAL009W,YBR216C,0,-3.626811,0.5471698045730591,0.3712660074234009,0.03072546236217022
YJR040W,YKL064W,0,-3.6301317,0.5460250973701477,0.3712660074234009,0.03086771070957184
YBL040C,YHR181W,0,-3.632453,0.5448851585388184,0.3712660074234009,0.031009957194328308
YKR003W,YBL056W,0,-3.635465,0.543749988079071,0.3712660074234009,0.031152205541729927
YKL146W,YOR336W,0,-3.6396687,0.542619526386261,0.3712660074234009,0.031294453889131546
YJR089W,YBL038W,0,-3.6415975,0.5414937734603882,0.3712660074234009,0.031436700373888016
YGL223C,YLR332W,0,-3.6444557,0.5403726696968079,0.3712660074234009,0.031578946858644485
YOR322C,YNL257C,0,-3.647757,0.53925621509552,0.3712660074234009,0.031721193343400955
YLR207W,YPL176C,1,-3.6486685,0.5402061939239502,0.3726884722709656,0.031721193343400955
YOR037W,YOL065C,0,-3.6522746,0.5390946269035339,0.3726884722709656,0.03186344355344772
YLR459W,YJL141C,0,-3.6538408,0.5379877090454102,0.3726884722709656,0.03200569003820419
YER107C,YNL015W,0,-3.6550772,0.5368852615356445,0.3726884722709656,0.03214793652296066
YBL056W,YLR090W,0,-3.6570487,0.5357873439788818,0.3726884722709656,0.03229018673300743
YPL028W,YMR024W,0,-3.6582718,0.5346938967704773,0.3726884722709656,0.0324324332177639
YML102W,YJR040W,0,-3.6604085,0.5336048603057861,0.3726884722709656,0.03257467970252037
YPL046C,YDR363W-A,1,-3.6656897,0.5345528721809387,0.37411096692085266,0.03257467970252037
YMR149W,YIL138C,0,-3.6657033,0.5334685444831848,0.37411096692085266,0.03271692618727684
YGL166W,YGR005C,0,-3.6677291,0.5323886871337891,0.37411096692085266,0.03285917639732361
YML092C,YBR082C,1,-3.6689496,0.5333333611488342,0.37553343176841736,0.03285917639732361
YAL058W,YML013W,1,-3.6758368,0.5342742204666138,0.37695589661598206,0.03285917639732361
YGL190C,YBL038W,0,-3.67715,0.5331991910934448,0.37695589661598206,0.03300142288208008
YPL005W,YDL010W,0,-3.6775343,0.5321285128593445,0.37695589661598206,0.03314366936683655
YGL223C,YLR240W,0,-3.6783452,0.531062126159668,0.37695589661598206,0.03328591585159302
YPR128C,YLR295C,0,-3.6800969,0.5299999713897705,0.37695589661598206,0.033428166061639786
YGL058W,YML013W,1,-3.6840746,0.5309381484985352,0.37837839126586914,0.033428166061639786
YJL101C,YPL138C,0,-3.6893919,0.5298804640769958,0.37837839126586914,0.033570412546396255
YML013W,YBR173C,1,-3.6901362,0.5308151245117188,0.37980085611343384,0.033570412546396255
YGL240W,YIR011C,1,-3.6943533,0.5317460298538208,0.38122332096099854,0.033570412546396255
YDR054C,YDR260C,1,-3.6985085,0.5326732397079468,0.3826458156108856,0.033570412546396255
YPL078C,YOR162C,0,-3.6993573,0.5316205620765686,0.3826458156108856,0.033712659031152725
YDL161W,YBR268W,0,-3.7023132,0.5305719971656799,0.3826458156108856,0.03385490924119949
YHR175W,YOR069W,0,-3.7063878,0.5295275449752808,0.3826458156108856,0.03399715572595596
YPL176C,YGR048W,1,-3.7178254,0.5304518938064575,0.3840682804584503,0.03399715572595596
YPL196W,YKR100C,0,-3.7289178,0.529411792755127,0.3840682804584503,0.03413940221071243
YBR290W,YAL058W,1,-3.7290463,0.5303326845169067,0.385490745306015,0.03413940221071243
YDR073W,YLR130C,0,-3.7301285,0.529296875,0.385490745306015,0.0342816486954689
YNL230C,YFR052W,1,-3.7326531,0.5302144289016724,0.3869132399559021,0.0342816486954689
YJR021C,YDL047W,0,-3.7340536,0.5291828513145447,0.3869132399559021,0.03442389890551567
YDR118W,YPR103W,1,-3.735908,0.5300970673561096,0.3883357048034668,0.03442389890551567
YDR118W,YIR011C,1,-3.7456267,0.5310077667236328,0.3897581696510315,0.03442389890551567
YLR231C,YBR222C,0,-3.7513545,0.5299806594848633,0.3897581696510315,0.03456614539027214
YPL046C,YPR103W,1,-3.7530892,0.530888020992279,0.3911806643009186,0.03456614539027214
YGL190C,YDR265W,0,-3.7552278,0.5298651456832886,0.3911806643009186,0.03470839187502861
YBR210W,YGL022W,0,-3.7565236,0.5288461446762085,0.3911806643009186,0.03485063835978508
YJL073W,YBR173C,1,-3.760123,0.5297504663467407,0.3926031291484833,0.03485063835978508
YJR084W,YPL233W,0,-3.76961,0.5287356376647949,0.3926031291484833,0.03499288856983185
YMR281W,YGR104C,0,-3.770892,0.5277246832847595,0.3926031291484833,0.03513513505458832
YMR276W,YGL058W,1,-3.7715247,0.5286259651184082,0.394025593996048,0.03513513505458832
YPL266W,YOR372C,0,-3.7756314,0.5276190638542175,0.394025593996048,0.03527738153934479
YKR003W,YBL050W,0,-3.779105,0.5266159772872925,0.394025593996048,0.035419631749391556
YDR084C,YOL138C,0,-3.780246,0.5256167054176331,0.394025593996048,0.035561878234148026
YDR322W,YBR014C,0,-3.7823753,0.5246211886405945,0.394025593996048,0.035704124718904495
YBR198C,YFR003C,0,-3.7852557,0.5236294865608215,0.394025593996048,0.035846371203660965
YIL007C,YPL176C,1,-3.7854874,0.5245283246040344,0.39544808864593506,0.035846371203660965
YJR126C,YOL138C,0,-3.7867143,0.5235404968261719,0.39544808864593506,0.03598862141370773
YBR109C,YPL209C,0,-3.7873473,0.5225563645362854,0.39544808864593506,0.0361308678984642
YMR281W,YJR050W,0,-3.7882388,0.5215759873390198,0.39544808864593506,0.03627311438322067
YLR207W,YFR052W,1,-3.7899108,0.5224719047546387,0.39687055349349976,0.03627311438322067
YML006C,YMR076C,0,-3.7900562,0.5214953422546387,0.39687055349349976,0.03641536459326744
YKL058W,YOL102C,0,-3.7914374,0.52052241563797,0.39687055349349976,0.03655761107802391
YMR214W,YBR082C,1,-3.795534,0.5214152932167053,0.39829301834106445,0.03655761107802391
YAL058W,YIR011C,1,-3.7959638,0.5223048329353333,0.39971551299095154,0.03655761107802391
YBL038W,YBR167C,0,-3.7969737,0.521335780620575,0.39971551299095154,0.03669985756278038
YOL065C,YJL141C,0,-3.7977135,0.520370364189148,0.39971551299095154,0.03684210404753685
YBR102C,YOL126C,0,-3.798082,0.5194085240364075,0.39971551299095154,0.03698435425758362
YER166W,YBR010W,0,-3.8046582,0.5184502005577087,0.39971551299095154,0.03712660074234009
YPR037C,YIL138C,0,-3.804786,0.5174953937530518,0.39971551299095154,0.03726884722709656
YDL126C,YNL230C,1,-3.80492,0.5183823704719543,0.40113797783851624,0.03726884722709656
YOR259C,YPL176C,1,-3.8062084,0.5192660689353943,0.40256044268608093,0.03726884722709656
YIR004W,YJL091C,0,-3.8086135,0.5183150172233582,0.40256044268608093,0.03741109371185303
YDL192W,YER165W,0,-3.810593,0.5173674821853638,0.40256044268608093,0.037553343921899796
YDR294C,YDR372C,0,-3.8125174,0.5164233446121216,0.40256044268608093,0.037695590406656265
YLR207W,YDR260C,1,-3.813866,0.5173041820526123,0.403982937335968,0.037695590406656265
YLR207W,YML092C,1,-3.815585,0.5181818008422852,0.4054054021835327,0.037695590406656265
YMR008C,YKL117W,0,-3.8163419,0.517241358757019,0.4054054021835327,0.037837836891412735
YFR052W,YBR082C,1,-3.8166416,0.5181159377098083,0.4068278670310974,0.037837836891412735
YPL119C,YJR059W,0,-3.8186905,0.517179012298584,0.4068278670310974,0.0379800871014595
YPL127C,YPR051W,0,-3.818758,0.5162454843521118,0.4068278670310974,0.03812233358621597
YML013W,YIR011C,1,-3.8188152,0.5171171426773071,0.4082503616809845,0.03812233358621597
YLR206W,YCR039C,0,-3.8193285,0.5161870718002319,0.4082503616809845,0.03826458007097244
YOR336W,YDR510W,0,-3.8193996,0.5152603387832642,0.4082503616809845,0.03840682655572891
YLR207W,YML088W,1,-3.8243394,0.5161290168762207,0.4096728265285492,0.03840682655572891
YOR293W,YGL189C,0,-3.8254364,0.5152057409286499,0.4096728265285492,0.03854907676577568
YDR054C,YBR082C,1,-3.8324516,0.5160714387893677,0.4110952913761139,0.03854907676577568
YMR186W,YDR533C,0,-3.833296,0.5151515007019043,0.4110952913761139,0.03869132325053215
YDR054C,YPR103W,1,-3.8375118,0.5160142183303833,0.412517786026001,0.03869132325053215
YPL046C,YBR082C,1,-3.8416762,0.5168738961219788,0.4139402508735657,0.03869132325053215
YDR118W,YCL052C,1,-3.8444939,0.5177304744720459,0.41536274552345276,0.03869132325053215
YNL230C,YHR200W,1,-3.8466866,0.5185840725898743,0.41678521037101746,0.03869132325053215
YCR088W,YOR197W,0,-3.8474677,0.517667829990387,0.41678521037101746,0.03883356973528862
YJR138W,YOR127W,0,-3.8478236,0.5167548656463623,0.41678521037101746,0.03897581622004509
YDR191W,YLR371W,0,-3.8483613,0.5158450603485107,0.41678521037101746,0.03911806643009186
YLR207W,YJL073W,1,-3.8502357,0.5166959762573242,0.41820767521858215,0.03911806643009186
YKL007W,YGR275W,0,-3.851292,0.5157894492149353,0.41820767521858215,0.03926031291484833
YGL180W,YBR058C,0,-3.8536375,0.5148861408233643,0.41820767521858215,0.0394025593996048
YGR140W,YFR010W,0,-3.8541167,0.5139859914779663,0.41820767521858215,0.039544809609651566
YPL233W,YOR103C,0,-3.855758,0.5130890011787415,0.41820767521858215,0.039687056094408035
YOR239W,YOR197W,0,-3.8562367,0.5121951103210449,0.41820767521858215,0.039829302579164505
YDL099W,YHR181W,0,-3.8566315,0.5113043189048767,0.41820767521858215,0.039971549063920975
YOR080W,YGL145W,0,-3.856693,0.5104166865348816,0.41820767521858215,0.04011379927396774
YMR298W,YML072C,0,-3.8615165,0.5095320343971252,0.41820767521858215,0.04025604575872421
YFL029C,YOL055C,0,-3.8625896,0.508650541305542,0.41820767521858215,0.04039829224348068
YOL139C,YPR102C,0,-3.8648522,0.5077720284461975,0.41820767521858215,0.04054053872823715
YBR290W,YPL176C,1,-3.8732026,0.5086206793785095,0.41963016986846924,0.04054053872823715
YGR036C,YPL206C,0,-3.8734515,0.5077452659606934,0.41963016986846924,0.04068278893828392
YNL123W,YDL105W,0,-3.874513,0.506872832775116,0.41963016986846924,0.04082503542304039
YDR118W,YGR048W,1,-3.8804414,0.5077186822891235,0.42105263471603394,0.04082503542304039
YKL146W,YNL139C,0,-3.8808813,0.5068492889404297,0.42105263471603394,0.04096728190779686
YDR182W,YLR181C,0,-3.8817074,0.5059829354286194,0.42105263471603394,0.04110953211784363
YDR440W,YOL012C,0,-3.8824217,0.5051194429397583,0.42105263471603394,0.0412517786026001
YNL183C,YFL005W,0,-3.8832486,0.504258930683136,0.42105263471603394,0.04139402508735657
YDR243C,YAL016W,0,-3.88625,0.5034013390541077,0.42105263471603394,0.04153627157211304
YJL073W,YFR052W,1,-3.888868,0.5042445063591003,0.42247509956359863,0.04153627157211304
YLR165C,YGR258C,0,-3.8893368,0.503389835357666,0.42247509956359863,0.041678521782159805
YDR085C,YGR133W,0,-3.8907363,0.5025380849838257,0.42247509956359863,0.041820768266916275
YNL027W,YKL042W,0,-3.890741,0.5016891956329346,0.42247509956359863,0.041963014751672745
YIR011C,YPL176C,1,-3.8912895,0.502529501914978,0.4238975942134857,0.041963014751672745
YPL005W,YDL195W,0,-3.8917077,0.5016834735870361,0.4238975942134857,0.04210526496171951
YNL091W,YDR128W,0,-3.8918645,0.5008403658866882,0.4238975942134857,0.04224751144647598
YGR033C,YOL006C,0,-3.894057,0.5,0.4238975942134857,0.04238975793123245
YKL117W,YKL094W,0,-3.8952582,0.4991624653339386,0.4238975942134857,0.04253200441598892
YJR057W,YDR228C,0,-3.8981757,0.49832776188850403,0.4238975942134857,0.04267425462603569
YKL146W,YIL147C,0,-3.9024994,0.4974958300590515,0.4238975942134857,0.04281650111079216
YOR324C,YAL016W,0,-3.9035985,0.49666666984558105,0.4238975942134857,0.04295874759554863
YLR028C,YBR245C,0,-3.9041958,0.49584025144577026,0.4238975942134857,0.0431009940803051
YNL214W,YOL138C,0,-3.9046507,0.49501660466194153,0.4238975942134857,0.04324324429035187
YNL071W,YDR397C,0,-3.9055104,0.49419569969177246,0.4238975942134857,0.04338549077510834
YKR055W,YDL195W,0,-3.905539,0.4933774769306183,0.4238975942134857,0.04352773725986481
YJL101C,YKL064W,0,-3.9068696,0.4925619959831238,0.4238975942134857,0.043669987469911575
YMR276W,YJL073W,1,-3.9076996,0.49339935183525085,0.4253200590610504,0.043669987469911575
YHR118C,YDL168W,0,-3.9130273,0.49258649349212646,0.4253200590610504,0.043812233954668045
YIL043C,YNL031C,0,-3.9153397,0.49177631735801697,0.4253200590610504,0.043954480439424515
YER178W,YLR181C,0,-3.9158015,0.4909687936306,0.4253200590610504,0.044096726924180984
YGL003C,YMR276W,1,-3.9162943,0.49180328845977783,0.4267425239086151,0.044096726924180984
YGL126W,YHR012W,0,-3.9198365,0.49099835753440857,0.4267425239086151,0.04423897713422775
YDR137W,YOR086C,0,-3.9274867,0.4901960790157318,0.4267425239086151,0.04438122361898422
YGR178C,YKL117W,0,-3.9277244,0.48939642310142517,0.4267425239086151,0.04452347010374069
YJR140C,YGL236C,0,-3.929124,0.48859935998916626,0.4267425239086151,0.04466571658849716
YPL215W,YPL083C,0,-3.9298325,0.4878048896789551,0.4267425239086151,0.04480796679854393
YER017C,YKR085C,0,-3.9298909,0.48701298236846924,0.4267425239086151,0.0449502132833004
YAL058W,YCL052C,1,-3.9304113,0.48784440755844116,0.4281650185585022,0.0449502132833004
YGR167W,YJL222W,0,-3.9314349,0.4870550036430359,0.4281650185585022,0.04509245976805687
YOR197W,YLL006W,0,-3.9348886,0.48626816272735596,0.4281650185585022,0.04523470997810364
YMR119W,YJL073W,1,-3.9354653,0.48709678649902344,0.4295874834060669,0.04523470997810364
YML092C,YML013W,1,-3.937285,0.48792269825935364,0.4310099482536316,0.04523470997810364
YBR102C,YDR217C,0,-3.9377027,0.4871382713317871,0.4310099482536316,0.04537695646286011
YML013W,YML088W,1,-3.939235,0.48796147108078003,0.4324324429035187,0.04537695646286011
YMR068W,YML051W,0,-3.939746,0.4871794879436493,0.4324324429035187,0.04551920294761658
YOL054W,YKL028W,0,-3.9398072,0.4864000082015991,0.4324324429035187,0.04566144943237305
YJL157C,YML027W,0,-3.9417212,0.48562300205230713,0.4324324429035187,0.045803699642419815
YNL007C,YOL072W,0,-3.9429736,0.4848484992980957,0.4324324429035187,0.045945946127176285
YFL016C,YBL051C,0,-3.946974,0.48407644033432007,0.4324324429035187,0.046088192611932755
YLR370C,YBR221C,0,-3.9474044,0.4833068251609802,0.4324324429035187,0.04623044282197952
YER166W,YML072C,0,-3.9489596,0.48253968358039856,0.4324324429035187,0.04637268930673599
YGL058W,YFR052W,1,-3.9494536,0.48335975408554077,0.4338549077510834,0.04637268930673599
YHR129C,YAL009W,0,-3.952267,0.48259493708610535,0.4338549077510834,0.04651493579149246
YPR051W,YML059C,0,-3.9530332,0.4818325340747833,0.4338549077510834,0.04665718227624893
YGR295C,YMR293C,0,-3.9586945,0.4810725450515747,0.4338549077510834,0.0467994324862957
YGR036C,YJR084W,0,-3.961081,0.4803149700164795,0.4338549077510834,0.04694167897105217
YOR086C,YDR128W,0,-3.9635055,0.4795597493648529,0.4338549077510834,0.04708392545580864
YOL054W,YPR056W,0,-3.9642923,0.47880691289901733,0.4338549077510834,0.04722617194056511
YDL095W,YKL196C,0,-3.9643815,0.4780564308166504,0.4338549077510834,0.04736842215061188
YDL088C,YMR316W,0,-3.9646375,0.4773083031177521,0.4338549077510834,0.04751066863536835
YJR084W,YCR020C,0,-3.9692476,0.4765625,0.4338549077510834,0.04765291512012482
YLR459W,YDR243C,0,-3.974005,0.47581902146339417,0.4338549077510834,0.047795165330171585
YER141W,YDR295C,0,-3.974825,0.47507786750793457,0.4338549077510834,0.047937411814928055
YKR102W,YDR259C,0,-3.9759686,0.4743390381336212,0.4338549077510834,0.048079658299684525
YLR285W,YKR003W,0,-3.9763477,0.4736024737358093,0.4338549077510834,0.048221904784440994
YMR039C,YHR012W,0,-3.978176,0.4728682041168213,0.4338549077510834,0.04836415499448776
YOL054W,YKL117W,0,-3.9789515,0.4721362292766571,0.4338549077510834,0.04850640147924423
YBR290W,YPL046C,1,-3.9811246,0.47295209765434265,0.43527737259864807,0.04850640147924423
YLR260W,YJR051W,0,-3.9825146,0.4722222089767456,0.43527737259864807,0.0486486479640007
YGL240W,YHR200W,1,-3.9836729,0.47303542494773865,0.43669986724853516,0.0486486479640007
YCR088W,YBR077C,0,-3.9837215,0.4723076820373535,0.43669986724853516,0.04879089444875717
YKL170W,YMR158W,0,-3.9853847,0.47158217430114746,0.43669986724853516,0.04893314465880394
YML102W,YGL124C,0,-3.98959,0.4708589017391205,0.43669986724853516,0.04907539114356041
YCL038C,YOR036W,0,-3.9900844,0.4701378345489502,0.43669986724853516,0.04921763762831688
YHR034C,YIL068C,0,-3.99097,0.4694189727306366,0.43669986724853516,0.04935988783836365
YGR295C,YMR298W,0,-3.9955375,0.4687022864818573,0.43669986724853516,0.04950213432312012
YJR084W,YGR178C,0,-3.9996378,0.4679878056049347,0.43669986724853516,0.04964438080787659
YMR044W,YDR452W,0,-4.0009904,0.4672755002975464,0.43669986724853516,0.04978662729263306
YGR098C,YMR024W,0,-4.0019956,0.46656534075737,0.43669986724853516,0.049928877502679825
YPL123C,YFR003C,0,-4.003867,0.4658573567867279,0.43669986724853516,0.050071123987436295
YML051W,YAL048C,0,-4.0071774,0.46515151858329773,0.43669986724853516,0.050213370472192764
YPL233W,YIL013C,0,-4.0113177,0.4644477963447571,0.43669986724853516,0.050355616956949234
YGR170W,YAL016W,0,-4.013928,0.46374621987342834,0.43669986724853516,0.050497867166996
YBR089C-A,YLR360W,0,-4.014844,0.46304675936698914,0.43669986724853516,0.05064011365175247
YCL052C,YBR082C,1,-4.0152397,0.46385541558265686,0.43812233209609985,0.05064011365175247
YHR104W,YJR126C,0,-4.01524,0.46315789222717285,0.43812233209609985,0.05078236013650894
YBR279W,YDR470C,0,-4.016291,0.462462455034256,0.43812233209609985,0.05092461034655571
YNL230C,YGR253C,1,-4.018175,0.46326836943626404,0.43954479694366455,0.05092461034655571
YGR028W,YKL015W,0,-4.0188127,0.46257483959198,0.43954479694366455,0.05106685683131218
YPR037C,YHR063C,0,-4.0192666,0.46188339591026306,0.43954479694366455,0.05120910331606865
YBL019W,YDR047W,0,-4.0207586,0.4611940383911133,0.43954479694366455,0.05135134980082512
YDR118W,YML092C,1,-4.025147,0.46199703216552734,0.44096729159355164,0.05135134980082512
YOR320C,YBR245C,0,-4.027833,0.4613095223903656,0.44096729159355164,0.05149360001087189
YBR057C,YCL004W,0,-4.0313373,0.4606240689754486,0.44096729159355164,0.05163584649562836
YKL117W,YOR270C,0,-4.0318265,0.459940642118454,0.44096729159355164,0.05177809298038483
YBL105C,YER104W,0,-4.034003,0.4592592716217041,0.44096729159355164,0.051920343190431595
YIL112W,YLR354C,0,-4.0346704,0.4585798680782318,0.44096729159355164,0.052062589675188065
YLR078C,YOR124C,0,-4.0357842,0.4579025208950043,0.44096729159355164,0.052204836159944534
YDR315C,YNL015W,0,-4.037812,0.4572271406650543,0.44096729159355164,0.052347082644701004
YDR098C,YOR124C,0,-4.0395427,0.45655375719070435,0.44096729159355164,0.05248933285474777
YLR295C,YNL201C,0,-4.0440154,0.45588234066963196,0.44096729159355164,0.05263157933950424
YAL016W,YPR139C,0,-4.0450587,0.45521292090415955,0.44096729159355164,0.05277382582426071
YGL191W,YDR221W,0,-4.0453186,0.4545454680919647,0.44096729159355164,0.05291607230901718
YGR206W,YJR126C,0,-4.0455365,0.4538799524307251,0.44096729159355164,0.05305832251906395
YPR057W,YBR133C,0,-4.0465093,0.4532163739204407,0.44096729159355164,0.05320056900382042
YBL040C,YPR139C,0,-4.046572,0.45255473256111145,0.44096729159355164,0.05334281548857689
YKL194C,YOR069W,0,-4.047062,0.4518950581550598,0.44096729159355164,0.05348506569862366
YKL182W,YGL077C,0,-4.048754,0.4512372612953186,0.44096729159355164,0.05362731218338013
YDL088C,YMR236W,0,-4.0493784,0.4505814015865326,0.44096729159355164,0.0537695586681366
YKL103C,YKL064W,0,-4.049971,0.449927419424057,0.44096729159355164,0.053911805152893066
YJR057W,YBR014C,0,-4.05007,0.4492753744125366,0.44096729159355164,0.054054055362939835
YIL026C,YNL214W,0,-4.051733,0.4486251771450043,0.44096729159355164,0.054196301847696304
YMR023C,YDR320C,0,-4.052781,0.44797688722610474,0.44096729159355164,0.054338548332452774
YPL215W,YNL216W,0,-4.053503,0.44733044505119324,0.44096729159355164,0.054480794817209244
YMR214W,YDR260C,1,-4.05388,0.44812679290771484,0.44238975644111633,0.054480794817209244
YJR140C,YGR033C,0,-4.054779,0.44748201966285706,0.44238975644111633,0.05462304502725601
YNL185C,YGR033C,0,-4.056491,0.4468390941619873,0.44238975644111633,0.05476529151201248
YHR204W,YFR052W,1,-4.0573153,0.44763270020484924,0.44381222128868103,0.05476529151201248
YAL058W,YLR025W,1,-4.058051,0.4484240710735321,0.4452347159385681,0.05476529151201248
YBR078W,YHL033C,0,-4.059227,0.4477825462818146,0.4452347159385681,0.05490753799676895
YDR363W-A,YGR048W,1,-4.0602093,0.44857141375541687,0.4466571807861328,0.05490753799676895
YJL089W,YDR092W,0,-4.0620484,0.44793152809143066,0.4466571807861328,0.05504978820681572
YPL145C,YOR195W,0,-4.06449,0.4472934603691101,0.4466571807861328,0.05519203469157219
YDR320C-A,YPL085W,0,-4.066832,0.4466571807861328,0.4466571807861328,0.05533428117632866
YCL038C,YDL168W,0,-4.0672793,0.44602271914482117,0.4466571807861328,0.05547652766108513
YER141W,YBL011W,0,-4.0684667,0.44539007544517517,0.4466571807861328,0.0556187778711319
YNL026W,YJR126C,0,-4.071354,0.44475921988487244,0.4466571807861328,0.05576102435588837
YDL161W,YFL016C,0,-4.074539,0.4441301226615906,0.4466571807861328,0.055903270840644836
YGL257C,YOR069W,0,-4.075568,0.443502813577652,0.4466571807861328,0.056045521050691605
YKL103C,YMR298W,0,-4.0765014,0.44287729263305664,0.4466571807861328,0.056187767535448074
YNL048W,YDL130W-A,0,-4.076636,0.4422535300254822,0.4466571807861328,0.056330014020204544
YIL026C,YPL140C,0,-4.077286,0.4416314959526062,0.4466571807861328,0.056472260504961014
YKL007W,YPL215W,0,-4.077598,0.4410112500190735,0.4466571807861328,0.05661451071500778
YJL073W,YHR200W,1,-4.0783696,0.4417952299118042,0.4480796456336975,0.05661451071500778
YGR036C,YKL170W,0,-4.078494,0.44117647409439087,0.4480796456336975,0.05675675719976425
YGL240W,YFR052W,1,-4.0790052,0.4419580399990082,0.4495021402835846,0.05675675719976425
YAL058W,YGR253C,1,-4.079571,0.4427374303340912,0.4509246051311493,0.05675675719976425
YML013W,YPL176C,1,-4.080943,0.4435146450996399,0.452347069978714,0.05675675719976425
YBR177C,YER013W,0,-4.0836406,0.44289693236351013,0.452347069978714,0.05689900368452072
YNL161W,YPL232W,0,-4.0859056,0.44228094816207886,0.452347069978714,0.05704125016927719
YJR010C-A,YIL138C,0,-4.0862403,0.4416666626930237,0.452347069978714,0.05718350037932396
YOR244W,YML095C,0,-4.086682,0.441054105758667,0.452347069978714,0.05732574686408043
YJL060W,YPL083C,0,-4.0871687,0.440443217754364,0.452347069978714,0.0574679933488369
YER125W,YBR058C,0,-4.09021,0.43983402848243713,0.452347069978714,0.05761024355888367
YBR010W,YMR241W,0,-4.090937,0.43922650814056396,0.452347069978714,0.05775249004364014
YBR179C,YIL147C,0,-4.092933,0.4386206865310669,0.452347069978714,0.057894736528396606
YBR102C,YOR161C,0,-4.094399,0.43801653385162354,0.452347069978714,0.058036983013153076
YJR140C,YGL025C,0,-4.095493,0.4374140202999115,0.452347069978714,0.058179233223199844
YDR294C,YDR510W,0,-4.0959954,0.4368131756782532,0.452347069978714,0.058321479707956314
YFR029W,YBR077C,0,-4.0990844,0.43621399998664856,0.452347069978714,0.058463726192712784
YJL073W,YML013W,1,-4.1043496,0.4369862973690033,0.4537695646286011,0.058463726192712784
YCL052C,YDR363W-A,1,-4.1046133,0.4377565085887909,0.45519202947616577,0.058463726192712784
YLR260W,YDL200C,0,-4.104881,0.437158465385437,0.45519202947616577,0.058605972677469254
YLR113W,YOR086C,0,-4.105224,0.43656206130981445,0.45519202947616577,0.05874822288751602
YLR131C,YER154W,0,-4.1060367,0.4359672963619232,0.45519202947616577,0.05889046937227249
YER170W,YGL130W,0,-4.108599,0.4353741407394409,0.45519202947616577,0.05903271585702896
YLR025W,YDR260C,1,-4.109414,0.43614131212234497,0.45661452412605286,0.05903271585702896
YDL095W,YPR182W,0,-4.1101,0.4355495274066925,0.45661452412605286,0.05917496606707573
YGL240W,YGR253C,1,-4.111199,0.4363143742084503,0.45803698897361755,0.05917496606707573
YPL145C,YDR435C,0,-4.111798,0.4357239603996277,0.45803698897361755,0.0593172125518322
YBL019W,YBR293W,0,-4.115186,0.4351351261138916,0.45803698897361755,0.05945945903658867
YOR311C,YMR076C,0,-4.117431,0.43454790115356445,0.45803698897361755,0.05960170552134514
YDR440W,YBR133C,0,-4.1179795,0.43396225571632385,0.45803698897361755,0.05974395573139191
YGR167W,YGL137W,0,-4.119729,0.4333781898021698,0.45803698897361755,0.059886202216148376
YGL130W,YKR100C,0,-4.1242223,0.4327957034111023,0.45803698897361755,0.060028448700904846
YGL058W,YMR214W,1,-4.1250796,0.43355703353881836,0.45945945382118225,0.060028448700904846
YJR059W,YDL103C,0,-4.1278996,0.4329758584499359,0.45945945382118225,0.060170695185661316
YCR002C,YNR010W,0,-4.130359,0.43239626288414,0.45945945382118225,0.060312945395708084
YJR040W,YCL040W,0,-4.131165,0.4318181872367859,0.45945945382118225,0.060455191880464554
YDR351W,YBR014C,0,-4.134166,0.4312416613101959,0.45945945382118225,0.060597438365221024
YBL005W,YER162C,0,-4.134256,0.43066665530204773,0.45945945382118225,0.06073968857526779
YGL240W,YMR276W,1,-4.135565,0.4314247667789459,0.46088194847106934,0.06073968857526779
YDR118W,YMR119W,1,-4.1359015,0.43218085169792175,0.46230441331863403,0.06073968857526779
YNL138W,YJL054W,0,-4.1361327,0.4316069185733795,0.46230441331863403,0.06088193506002426
YNL331C,YBR279W,0,-4.136457,0.43103447556495667,0.46230441331863403,0.06102418154478073
YLR016C,YLR005W,0,-4.1379914,0.430463582277298,0.46230441331863403,0.0611664280295372
YGL240W,YOR259C,1,-4.139438,0.43121692538261414,0.46372687816619873,0.0611664280295372
YMR312W,YBL067C,0,-4.1400943,0.4306472837924957,0.46372687816619873,0.06130867823958397
YDR118W,YML013W,1,-4.142776,0.4313984215259552,0.4651493728160858,0.06130867823958397
YJR155W,YJR084W,0,-4.143828,0.4308300316333771,0.4651493728160858,0.06145092472434044
YJR105W,YLR209C,0,-4.144716,0.4302631616592407,0.4651493728160858,0.06159317120909691
YJR140C,YMR008C,0,-4.147286,0.42969775199890137,0.4651493728160858,0.06173542141914368
YMR276W,YDR363W-A,1,-4.151408,0.43044620752334595,0.4665718376636505,0.06173542141914368
YPL233W,YIL068C,0,-4.1516414,0.4298820495605469,0.4665718376636505,0.061877667903900146
YGR098C,YIL138C,0,-4.1534066,0.4293193817138672,0.4665718376636505,0.062019914388656616
YMR281W,YJL019W,0,-4.1537547,0.4287581741809845,0.4665718376636505,0.062162160873413086
YCR088W,YDL047W,0,-4.1540046,0.4281984269618988,0.4665718376636505,0.062304411083459854
YNL201C,YDR527W,0,-4.157469,0.4276401698589325,0.4665718376636505,0.062446657568216324
YLR131C,YDR331W,0,-4.1596975,0.4270833432674408,0.4665718376636505,0.06258890777826309
YBR109C,YFL016C,0,-4.1618333,0.4265279471874237,0.4665718376636505,0.06273115426301956
YJL101C,YAL009W,0,-4.1620355,0.4259740114212036,0.4665718376636505,0.06287340074777603
YJR057W,YLR260W,0,-4.1630654,0.4254215359687805,0.4665718376636505,0.0630156472325325
YDR221W,YMR216C,0,-4.1633644,0.42487046122550964,0.4665718376636505,0.06315789371728897
YNL230C,YLR207W,1,-4.16386,0.42561447620391846,0.4679943025112152,0.06315789371728897
YMR150C,YDR092W,0,-4.165574,0.4250645935535431,0.4679943025112152,0.06330014020204544
YDL088C,YDR533C,0,-4.1678057,0.42451614141464233,0.4679943025112152,0.06344238668680191
YBR039W,YGR095C,0,-4.1712604,0.4239690601825714,0.4679943025112152,0.06358464062213898
YDR452W,YGL104C,0,-4.1722426,0.4234234094619751,0.4679943025112152,0.06372688710689545
YGL240W,YML013W,1,-4.174792,0.4241645336151123,0.4694167971611023,0.06372688710689545
YOR324C,YMR224C,0,-4.175145,0.4236200153827667,0.4694167971611023,0.06386913359165192
YDR054C,YBR173C,1,-4.1752987,0.42435896396636963,0.470839262008667,0.06386913359165192
YAL048C,YKL103C,0,-4.1760163,0.42381560802459717,0.470839262008667,0.06401138007640839
YDR118W,YGL003C,1,-4.1762247,0.42455244064331055,0.4722617268562317,0.06401138007640839
YBR038W,YIR004W,0,-4.176624,0.4240102171897888,0.4722617268562317,0.06415362656116486
YJR057W,YDR113C,0,-4.182407,0.4234693944454193,0.4722617268562317,0.06429587304592133
YLR399C,YOL060C,0,-4.182569,0.42292994260787964,0.4722617268562317,0.0644381195306778
YHR154W,YBR127C,0,-4.1826024,0.4223918616771698,0.4722617268562317,0.06458037346601486
YNL139C,YBL061C,0,-4.183097,0.4218551516532898,0.4722617268562317,0.06472261995077133
YPL019C,YFR003C,0,-4.183824,0.42131978273391724,0.4722617268562317,0.0648648664355278
YOR098C,YNL113W,0,-4.1843066,0.4207858145236969,0.4722617268562317,0.06500711292028427
YBR211C,YPR178W,0,-4.18706,0.4202531576156616,0.4722617268562317,0.06514935940504074
YMR276W,YML088W,1,-4.188555,0.4209860861301422,0.4736842215061188,0.06514935940504074
YGL104C,YDR372C,0,-4.1885934,0.4204545319080353,0.4736842215061188,0.06529160588979721
YDR118W,YGR253C,1,-4.190377,0.42118537425994873,0.47510668635368347,0.06529160588979721
YPR068C,YFR003C,0,-4.197649,0.42065492272377014,0.47510668635368347,0.06543385237455368
YDR118W,YIL007C,1,-4.19854,0.42138364911079407,0.47652915120124817,0.06543385237455368
YAL048C,YAL016W,0,-4.200578,0.42085427045822144,0.47652915120124817,0.06557609885931015
YHR063C,YNL138W,0,-4.2007675,0.42032623291015625,0.47652915120124817,0.06571835279464722
YBR010W,YAL016W,0,-4.2010517,0.4197995066642761,0.47652915120124817,0.06586059927940369
YMR167W,YDR470C,0,-4.201258,0.41927409172058105,0.47652915120124817,0.06600284576416016
YCR002C,YBR198C,0,-4.203593,0.41874998807907104,0.47652915120124817,0.06614509224891663
YDR118W,YLR207W,1,-4.2040777,0.41947564482688904,0.47795164585113525,0.06614509224891663
YAL058W,YBR082C,1,-4.2049,0.42019951343536377,0.47937411069869995,0.06614509224891663
YML092C,YDR260C,1,-4.2072916,0.42092153429985046,0.48079657554626465,0.06614509224891663
YJL073W,YML088W,1,-4.2081447,0.4216417968273163,0.48221907019615173,0.06614509224891663
YJR083C,YDR435C,0,-4.208407,0.42111802101135254,0.48221907019615173,0.0662873387336731
YDR320C-A,YLL045C,0,-4.2124805,0.42059552669525146,0.48221907019615173,0.06642958521842957
YIL065C,YIL026C,0,-4.214488,0.42007434368133545,0.48221907019615173,0.06657183170318604
YNL147W,YPR056W,0,-4.2149234,0.4195544421672821,0.48221907019615173,0.0667140856385231
YJR084W,YLR329W,0,-4.2159734,0.4190358519554138,0.48221907019615173,0.06685633212327957
YFR052W,YDR260C,1,-4.217584,0.4197530746459961,0.48364153504371643,0.06685633212327957
YFL056C,YDL154W,0,-4.222153,0.419235497713089,0.48364153504371643,0.06699857860803604
YAL054C,YJR084W,0,-4.2230887,0.41871920228004456,0.48364153504371643,0.06714082509279251
YML102W,YLR016C,0,-4.2269616,0.4182041883468628,0.48364153504371643,0.06728307157754898
YDL188C,YMR313C,0,-4.2280602,0.4176904261112213,0.48364153504371643,0.06742531806230545
YBL019W,YOR299W,0,-4.230186,0.4171779155731201,0.48364153504371643,0.06756756454706192
YJL036W,YLR090W,0,-4.2307773,0.4166666567325592,0.48364153504371643,0.06770981848239899
YLR423C,YOL102C,0,-4.2308164,0.41615667939186096,0.48364153504371643,0.06785206496715546
YGR075C,YHR012W,0,-4.2309966,0.4156479239463806,0.48364153504371643,0.06799431145191193
YDL117W,YIL068C,0,-4.231566,0.41514042019844055,0.48364153504371643,0.0681365579366684
YDL200C,YHR037W,0,-4.233587,0.4146341383457184,0.48364153504371643,0.06827880442142487
YHR204W,YHR200W,1,-4.2338247,0.4153471291065216,0.48506399989128113,0.06827880442142487
YMR068W,YGR101W,0,-4.2359424,0.4148418605327606,0.48506399989128113,0.06842105090618134
YDL105W,YNL099C,0,-4.235954,0.41433778405189514,0.48506399989128113,0.0685632973909378
YDR158W,YER005W,0,-4.2384987,0.41383495926856995,0.48506399989128113,0.06870555132627487
YNR017W,YDR347W,0,-4.248157,0.41333332657814026,0.48506399989128113,0.06884779781103134
YNR030W,YAL016W,0,-4.2487464,0.41283291578292847,0.48506399989128113,0.06899004429578781
YNL230C,YMR214W,1,-4.249848,0.4135429263114929,0.4864864945411682,0.06899004429578781
YIR015W,YJR066W,0,-4.2510753,0.41304346919059753,0.4864864945411682,0.06913229078054428
YML071C,YLR240W,0,-4.2512336,0.41254523396492004,0.4864864945411682,0.06927453726530075
YMR119W,YLR207W,1,-4.2525454,0.4132530093193054,0.4879089593887329,0.06927453726530075
YPL078C,YOR086C,0,-4.252645,0.41275572776794434,0.4879089593887329,0.06941678375005722
YDR322W,YLR090W,0,-4.254476,0.41225960850715637,0.4879089593887329,0.06955903023481369
YBR211C,YHR044C,0,-4.256229,0.4117647111415863,0.4879089593887329,0.06970127671957016
YDR137W,YHR083W,0,-4.25773,0.41127097606658936,0.4879089593887329,0.06984353065490723
YPL161C,YOR270C,0,-4.258637,0.4107784330844879,0.4879089593887329,0.0699857771396637
YHR098C,YBR216C,0,-4.2615476,0.410287082195282,0.4879089593887329,0.07012802362442017
YHR115C,YCR020C,0,-4.2632923,0.40979689359664917,0.4879089593887329,0.07027027010917664
YGL180W,YLR005W,0,-4.2642846,0.4093078672885895,0.4879089593887329,0.0704125165939331
YJR040W,YBR293W,0,-4.267635,0.4088200330734253,0.4879089593887329,0.07055476307868958
YJR057W,YBR179C,0,-4.2678413,0.40833333134651184,0.4879089593887329,0.07069700956344604
YPL078C,YLR181C,0,-4.272184,0.4078477919101715,0.4879089593887329,0.07083926349878311
YMR039C,YGR005C,0,-4.273471,0.4073634147644043,0.4879089593887329,0.07098150998353958
YMR316W,YER104W,0,-4.2755837,0.4068801999092102,0.4879089593887329,0.07112375646829605
YKR048C,YIR015W,0,-4.2776284,0.40639811754226685,0.4879089593887329,0.07126600295305252
YPL151C,YDR388W,0,-4.279016,0.4059171676635742,0.4879089593887329,0.07140824943780899
YKL007W,YDR494W,0,-4.281824,0.4054373502731323,0.4879089593887329,0.07155049592256546
YNR016C,YOL012C,0,-4.2827187,0.40495866537094116,0.4879089593887329,0.07169274240732193
YNL185C,YFL005W,0,-4.28337,0.4044811427593231,0.4879089593887329,0.071834996342659
YDR054C,YML013W,1,-4.2833943,0.4051825702190399,0.4893314242362976,0.071834996342659
YPR103W,YDR260C,1,-4.2833996,0.4058823585510254,0.4907539188861847,0.071834996342659
YKL103C,YEL019C,0,-4.2845497,0.4054054021835327,0.4907539188861847,0.07197724282741547
YLR078C,YGR206W,0,-4.2853303,0.40492957830429077,0.4907539188861847,0.07211948931217194
YBR245C,YBL103C,0,-4.2865286,0.4044548571109772,0.4907539188861847,0.0722617357969284
YCL004W,YPL120W,0,-4.286944,0.4039812684059143,0.4907539188861847,0.07240398228168488
YJR084W,YJR021C,0,-4.288348,0.4035087823867798,0.4907539188861847,0.07254622876644135
YDR155C,YLR113W,0,-4.289842,0.4030373692512512,0.4907539188861847,0.07268847525119781
YGL130W,YCL040W,0,-4.291631,0.4025670886039734,0.4907539188861847,0.07283072918653488
YDR054C,YIL007C,1,-4.29201,0.4032633900642395,0.4921763837337494,0.07283072918653488
YPL224C,YBL038W,0,-4.292321,0.4027939438819885,0.4921763837337494,0.07297297567129135
YPL100W,YPL186C,0,-4.293733,0.4023255705833435,0.4921763837337494,0.07311522215604782
YDR118W,YHR200W,1,-4.294081,0.4030197560787201,0.4935988485813141,0.07311522215604782
YOR127W,YOL072W,0,-4.2944055,0.40255221724510193,0.4935988485813141,0.07325746864080429
YJR089W,YER175C,0,-4.2947907,0.4020857512950897,0.4935988485813141,0.07339971512556076
YDR347W,YMR241W,0,-4.294967,0.40162035822868347,0.4935988485813141,0.07354196161031723
YKL007W,YPL145C,0,-4.2992287,0.40115606784820557,0.4935988485813141,0.0736842080950737
YBR135W,YLR305C,0,-4.300861,0.4006928503513336,0.4935988485813141,0.07382645457983017
YPL008W,YOR371C,0,-4.300902,0.40023067593574524,0.4935988485813141,0.07396870851516724
YHR115C,YMR188C,0,-4.3012156,0.3997695744037628,0.4935988485813141,0.0741109549999237
YJR140C,YIL068C,0,-4.301623,0.39930954575538635,0.4935988485813141,0.07425320148468018
YBL050W,YKL028W,0,-4.3023496,0.39885056018829346,0.4935988485813141,0.07439544796943665
YJL073W,YDR363W-A,1,-4.305049,0.3995407521724701,0.49502134323120117,0.07439544796943665
YDR054C,YFR052W,1,-4.3065543,0.4002293646335602,0.49644380807876587,0.07439544796943665
YMR158W,YBR168W,0,-4.309315,0.39977091550827026,0.49644380807876587,0.07453769445419312
YLR085C,YJL089W,0,-4.309835,0.3993135094642639,0.49644380807876587,0.07467994093894958
YJR138W,YPL224C,0,-4.310636,0.39885714650154114,0.49644380807876587,0.07482218742370605
YLR371W,YOR229W,0,-4.316751,0.39840182662010193,0.49644380807876587,0.07496444135904312
YMR038C,YDL161W,0,-4.3169475,0.3979475498199463,0.49644380807876587,0.07510668784379959
YGL236C,YBL052C,0,-4.32133,0.3974943161010742,0.49644380807876587,0.07524893432855606
YDL017W,YDR295C,0,-4.3226447,0.39704209566116333,0.49644380807876587,0.07539118081331253
YDR085C,YOR069W,0,-4.323919,0.396590918302536,0.49644380807876587,0.075533427298069
YGL003C,YML013W,1,-4.325152,0.39727583527565,0.49786627292633057,0.075533427298069
YAL058W,YBR173C,1,-4.325214,0.3979591727256775,0.49928876757621765,0.075533427298069
YOR336W,YLR165C,0,-4.3260264,0.39750850200653076,0.49928876757621765,0.07567567378282547
YHR175W,YER123W,0,-4.3272834,0.3970588147640228,0.49928876757621765,0.07581792026758194
YNL326C,YBL050W,0,-4.327755,0.39661017060279846,0.49928876757621765,0.075960174202919
YDL161W,YLR043C,0,-4.3291216,0.3961625397205353,0.49928876757621765,0.07610242068767548
YPL173W,YBR254C,0,-4.329306,0.3957158923149109,0.49928876757621765,0.07624466717243195
YBR039W,YDR183W,0,-4.332272,0.3952702581882477,0.49928876757621765,0.07638691365718842
YOR244W,YDR311W,0,-4.337648,0.39482563734054565,0.49928876757621765,0.07652916014194489
YCL018W,YJR010C-A,0,-4.338255,0.3943820297718048,0.49928876757621765,0.07667140662670135
YNL230C,YLR025W,1,-4.3387065,0.395061731338501,0.5007112622261047,0.07667140662670135
YOL130W,YKL007W,0,-4.3434176,0.39461883902549744,0.5007112622261047,0.07681365311145782
YGR140W,YML025C,0,-4.343983,0.3941769301891327,0.5007112622261047,0.0769558995962143
YHR129C,YBR102C,0,-4.346396,0.39373600482940674,0.5007112622261047,0.07709815353155136
YBR021W,YER005W,0,-4.3481073,0.39329609274864197,0.5007112622261047,0.07724040001630783
YPL215W,YDR142C,0,-4.3486485,0.3928571343421936,0.5007112622261047,0.0773826465010643
YEL058W,YJR126C,0,-4.3517413,0.3924191892147064,0.5007112622261047,0.07752489298582077
YBR109C,YNL199C,0,-4.352706,0.39198216795921326,0.5007112622261047,0.07766713947057724
YDR183W,YDR100W,0,-4.3580127,0.3915461599826813,0.5007112622261047,0.07780938595533371
YMR188C,YDR142C,0,-4.3588924,0.3911111056804657,0.5007112622261047,0.07795163244009018
YNL230C,YBR173C,1,-4.360248,0.3917869031429291,0.5021337270736694,0.07795163244009018
YLR459W,YER105C,0,-4.3612533,0.3913525640964508,0.5021337270736694,0.07809388637542725
YLR354C,YBR058C,0,-4.3614926,0.39091914892196655,0.5021337270736694,0.07823613286018372
YNL230C,YML092C,1,-4.3628607,0.39159291982650757,0.5035561919212341,0.07823613286018372
YHR107C,YDR329C,0,-4.3637834,0.3911602199077606,0.5035561919212341,0.07837837934494019
YER088C,YBR214W,0,-4.3648534,0.3907284736633301,0.5035561919212341,0.07852062582969666
YBR290W,YDR002W,1,-4.367074,0.39140021800994873,0.5049786567687988,0.07852062582969666
YLR136C,YPL120W,0,-4.367202,0.3909691572189331,0.5049786567687988,0.07866287231445312
YGL025C,YER104W,0,-4.3673635,0.3905390501022339,0.5049786567687988,0.0788051187992096
YMR044W,YGR091W,0,-4.3695183,0.3901098966598511,0.5049786567687988,0.07894736528396606
YDL099W,YOR326W,0,-4.3696895,0.3896816670894623,0.5049786567687988,0.07908961921930313
YFR024C-A,YGL045W,0,-4.3700285,0.3892543911933899,0.5049786567687988,0.0792318657040596
YHR115C,YBR102C,0,-4.370542,0.3888280391693115,0.5049786567687988,0.07937411218881607
YOR069W,YHR105W,0,-4.370605,0.3884026110172272,0.5049786567687988,0.07951635867357254
YML095C,YIR022W,0,-4.370691,0.38797813653945923,0.5049786567687988,0.07965860515832901
YOL055C,YMR293C,0,-4.370806,0.3875545859336853,0.5049786567687988,0.07980085164308548
YDR197W,YPL085W,0,-4.3727922,0.3871319591999054,0.5049786567687988,0.07994309812784195
YOR311C,YBR279W,0,-4.3741827,0.3867102265357971,0.5049786567687988,0.08008535206317902
YJL172W,YBL102W,0,-4.3754416,0.38628944754600525,0.5049786567687988,0.08022759854793549
YPL171C,YJR110W,0,-4.3761034,0.385869562625885,0.5049786567687988,0.08036984503269196
YKL064W,YGR178C,0,-4.3783054,0.3854506015777588,0.5049786567687988,0.08051209151744843
YGL003C,YJL073W,1,-4.379312,0.3861171305179596,0.5064011216163635,0.08051209151744843
YMR029C,YFL037W,0,-4.380113,0.3856987953186035,0.5064011216163635,0.0806543380022049
YJR014W,YDR372C,0,-4.38075,0.38528138399124146,0.5064011216163635,0.08079658448696136
YPL161C,YNL304W,0,-4.380991,0.384864866733551,0.5064011216163635,0.08093883097171783
YDR118W,YBR290W,1,-4.381067,0.38552916049957275,0.5078235864639282,0.08093883097171783
YOR195W,YDR172W,0,-4.3817716,0.38511326909065247,0.5078235864639282,0.0810810774564743
YBR109C,YDL229W,0,-4.3820224,0.3846982717514038,0.5078235864639282,0.08122333139181137
YGR028W,YNL007C,0,-4.3841786,0.3842841684818268,0.5078235864639282,0.08136557787656784
YBR179C,YDR452W,0,-4.3841987,0.3838709592819214,0.5078235864639282,0.08150782436132431
YDR494W,YDL195W,0,-4.3844123,0.3834586441516876,0.5078235864639282,0.08165007084608078
YLR399C,YKL184W,0,-4.3857603,0.3830472230911255,0.5078235864639282,0.08179231733083725
YKR085C,YOR373W,0,-4.390408,0.3826366662979126,0.5078235864639282,0.08193456381559372
YBR102C,YOR137C,0,-4.3908067,0.38222697377204895,0.5078235864639282,0.08207681030035019
YDR118W,YFR052W,1,-4.391127,0.38288769125938416,0.5092461109161377,0.08207681030035019
YMR188C,YDR240C,0,-4.3947215,0.38247862458229065,0.5092461109161377,0.08221906423568726
YHR200W,YMR214W,1,-4.3947577,0.38313767313957214,0.5106685757637024,0.08221906423568726
YLR459W,YJL106W,0,-4.394796,0.3827292025089264,0.5106685757637024,0.08236131072044373
YLR459W,YGR104C,0,-4.395961,0.38232162594795227,0.5106685757637024,0.0825035572052002
YOR039W,YJL039C,0,-4.3965764,0.381914883852005,0.5106685757637024,0.08264580368995667
YFL037W,YPL120W,0,-4.396958,0.38150903582572937,0.5106685757637024,0.08278805017471313
YJR084W,YDL105W,0,-4.397951,0.3811040222644806,0.5106685757637024,0.0829302966594696
YDR096W,YMR139W,0,-4.398075,0.38069990277290344,0.5106685757637024,0.08307254314422607
YIR004W,YPL206C,0,-4.399754,0.38029661774635315,0.5106685757637024,0.08321479707956314
YMR285C,YKL117W,0,-4.3999405,0.3798941671848297,0.5106685757637024,0.08335704356431961
YHR204W,YOR259C,1,-4.400045,0.38054966926574707,0.5120910406112671,0.08335704356431961
YJL039C,YER095W,0,-4.4008493,0.3801478445529938,0.5120910406112671,0.08349929004907608
YDL200C,YDL098C,0,-4.4014235,0.37974682450294495,0.5120910406112671,0.08364153653383255
YOR293W,YJL130C,0,-4.405356,0.37934666872024536,0.5120910406112671,0.08378378301858902
YGL257C,YDR494W,0,-4.411137,0.378947377204895,0.5120910406112671,0.08392602950334549
YOL126C,YNL015W,0,-4.412036,0.37854889035224915,0.5120910406112671,0.08406827598810196
YMR285C,YJR021C,0,-4.414532,0.3781512677669525,0.5120910406112671,0.08421052992343903
YBR082C,YBR173C,1,-4.4153323,0.3788037896156311,0.5135135054588318,0.08421052992343903
YOR326W,YFR003C,0,-4.416071,0.37840670347213745,0.5135135054588318,0.0843527764081955
YDR320C-A,YPR056W,0,-4.4169273,0.37801048159599304,0.5135135054588318,0.08449502289295197
YHR181W,YDR407C,0,-4.419829,0.3776150643825531,0.5135135054588318,0.08463726937770844
YOR324C,YGL254W,0,-4.4198523,0.37722048163414,0.5135135054588318,0.0847795158624649
YLR231C,YAL039C,0,-4.425736,0.3768267333507538,0.5135135054588318,0.08492176234722137
YOL136C,YJR007W,0,-4.4268737,0.376433789730072,0.5135135054588318,0.08506400883197784
YBR038W,YGR245C,0,-4.4270153,0.3760416805744171,0.5135135054588318,0.08520625531673431
YPR081C,YLL027W,0,-4.4289966,0.3756503760814667,0.5135135054588318,0.08534850925207138
YDR197W,YAL002W,0,-4.433373,0.3752598762512207,0.5135135054588318,0.08549075573682785
YFR010W,YML025C,0,-4.4356985,0.3748702108860016,0.5135135054588318,0.08563300222158432
YDR320C,YER005W,0,-4.4393735,0.37448132038116455,0.5135135054588318,0.08577524870634079
YNL147W,YPL206C,0,-4.4400735,0.37409326434135437,0.5135135054588318,0.08591749519109726
YBR021W,YML104C,0,-4.4430346,0.37370601296424866,0.5135135054588318,0.08605974167585373
YOR161C,YBR077C,0,-4.4430842,0.373319536447525,0.5135135054588318,0.0862019881606102
YAL058W,YPR103W,1,-4.443196,0.37396693229675293,0.5149359703063965,0.0862019881606102
YDR116C,YOR353C,0,-4.444329,0.37358102202415466,0.5149359703063965,0.08634424209594727
YMR060C,YNL222W,0,-4.44476,0.3731958866119385,0.5149359703063965,0.08648648858070374
YDR238C,YFR010W,0,-4.444967,0.37281152606010437,0.5149359703063965,0.0866287350654602
YBR179C,YBR167C,0,-4.4457994,0.37242797017097473,0.5149359703063965,0.08677098155021667
YOL051W,YNL007C,0,-4.44631,0.37204521894454956,0.5149359703063965,0.08691322803497314
YGR154C,YBR057C,0,-4.4482617,0.37166324257850647,0.5149359703063965,0.08705547451972961
YMR119W,YDR363W-A,1,-4.4493732,0.372307687997818,0.5163584351539612,0.08705547451972961
YDR118W,YDR363W-A,1,-4.4497743,0.37295082211494446,0.5177809596061707,0.08705547451972961
YHR156C,YDR388W,0,-4.450578,0.37256908416748047,0.5177809596061707,0.08719772100448608
YDR435C,YLR389C,0,-4.4514923,0.37218815088272095,0.5177809596061707,0.08733997493982315
YBR243C,YLR242C,0,-4.453065,0.3718079626560211,0.5177809596061707,0.08748222142457962
YKR048C,YKL028W,0,-4.453385,0.37142857909202576,0.5177809596061707,0.08762446790933609
YLR433C,YLR206W,0,-4.453565,0.3710499405860901,0.5177809596061707,0.08776671439409256
YDR424C,YBR221C,0,-4.4558845,0.3706721067428589,0.5177809596061707,0.08790896087884903
YDR419W,YLR360W,0,-4.4563193,0.3702950179576874,0.5177809596061707,0.0880512073636055
YOR324C,YKL015W,0,-4.456437,0.36991870403289795,0.5177809596061707,0.08819345384836197
YLR100W,YDR295C,0,-4.4574485,0.3695431351661682,0.5177809596061707,0.08833570778369904
YOR274W,YDR240C,0,-4.4577537,0.36916837096214294,0.5177809596061707,0.0884779542684555
YNL027W,YBR127C,0,-4.4598975,0.368794322013855,0.5177809596061707,0.08862020075321198
YBL038W,YKL170W,0,-4.4606543,0.3684210479259491,0.5177809596061707,0.08876244723796844
YBR199W,YBR293W,0,-4.463778,0.3680485486984253,0.5177809596061707,0.08890469372272491
YGR140W,YMR162C,0,-4.4658117,0.3676767647266388,0.5177809596061707,0.08904694020748138
YML072C,YJL222W,0,-4.467576,0.3673057556152344,0.5177809596061707,0.08918918669223785
YPR128C,YBR199W,0,-4.4675846,0.36693549156188965,0.5177809596061707,0.08933143317699432
YER178W,YIR022W,0,-4.46892,0.3665659725666046,0.5177809596061707,0.08947368711233139
YKL189W,YDR104C,0,-4.4695053,0.3661971688270569,0.5177809596061707,0.08961593359708786
YNL049C,YNL044W,0,-4.470458,0.36582913994789124,0.5177809596061707,0.08975818008184433
YPL137C,YBR216C,0,-4.471069,0.3654618561267853,0.5177809596061707,0.0899004265666008
YDR511W,YHR205W,0,-4.4711566,0.3650952875614166,0.5177809596061707,0.09004267305135727
YDR221W,YDR084C,0,-4.4712014,0.36472946405410767,0.5177809596061707,0.09018491953611374
YOL130W,YGL223C,0,-4.4716907,0.364364355802536,0.5177809596061707,0.09032716602087021
YNL230C,YIR011C,1,-4.4743533,0.36500000953674316,0.5192034244537354,0.09032716602087021
YMR211W,YBL067C,0,-4.4753356,0.3646353781223297,0.5192034244537354,0.09046941995620728
YIL026C,YMR076C,0,-4.479625,0.36427146196365356,0.5192034244537354,0.09061166644096375
YHR116W,YLR181C,0,-4.479993,0.3639082610607147,0.5192034244537354,0.09075391292572021
YOR142W,YOL072W,0,-4.481236,0.36354580521583557,0.5192034244537354,0.09089615941047668
YPR102C,YDL229W,0,-4.4818597,0.3631840944290161,0.5192034244537354,0.09103840589523315
YNL071W,YHR083W,0,-4.4828734,0.3628230690956116,0.5192034244537354,0.09118065237998962
YKL125W,YKR100C,0,-4.488584,0.36246275901794434,0.5192034244537354,0.0913228988647461
YPL005W,YDR524C,0,-4.4888186,0.3621031641960144,0.5192034244537354,0.09146515280008316
YBR199W,YGL045W,0,-4.492459,0.36174431443214417,0.5192034244537354,0.09160739928483963
YJL184W,YDR470C,0,-4.4929385,0.36138615012168884,0.5192034244537354,0.0917496457695961
YDR118W,YMR214W,1,-4.494093,0.36201781034469604,0.5206258893013,0.0917496457695961
YBL090W,YER162C,0,-4.4943004,0.36166009306907654,0.5206258893013,0.09189189225435257
YBR037C,YMR236W,0,-4.4950933,0.36130306124687195,0.5206258893013,0.09203413873910904
YMR119W,YGL058W,1,-4.497032,0.3619329333305359,0.5220483541488647,0.09203413873910904
YFL025C,YML013W,1,-4.4973426,0.36256158351898193,0.5234708189964294,0.09203413873910904
YPR057W,YKL094W,0,-4.497517,0.36220473051071167,0.5234708189964294,0.09217638522386551
YOR080W,YDR510W,0,-4.5004277,0.3618485629558563,0.5234708189964294,0.09231863170862198
YCR002C,YJR014W,0,-4.501508,0.3614931106567383,0.5234708189964294,0.09246088564395905
YJR040W,YLL006W,0,-4.50203,0.36113837361335754,0.5234708189964294,0.09260313212871552
YMR059W,YNL202W,0,-4.502122,0.3607843220233917,0.5234708189964294,0.09274537861347198
YHR200W,YDR363W-A,1,-4.5029387,0.36141037940979004,0.5248933434486389,0.09274537861347198
YDL099W,YOR137C,0,-4.5041175,0.36105674505233765,0.5248933434486389,0.09288762509822845
YDL154W,YGR101W,0,-4.5042806,0.36070382595062256,0.5248933434486389,0.09302987158298492
YMR186W,YML125C,0,-4.507204,0.3603515625,0.5248933434486389,0.0931721180677414
YDL243C,YJL203W,0,-4.5073996,0.36000001430511475,0.5248933434486389,0.09331436455249786
YOR161C,YHR105W,0,-4.5097136,0.359649121761322,0.5248933434486389,0.09345661103725433
YBR132C,YDL168W,0,-4.5107007,0.3592989146709442,0.5248933434486389,0.0935988649725914
YML057W,YDR155C,0,-4.5107474,0.3589494228363037,0.5248933434486389,0.09374111145734787
YDL188C,YLR090W,0,-4.511269,0.35860058665275574,0.5248933434486389,0.09388335794210434
YBL038W,YER013W,0,-4.5137744,0.3582524359226227,0.5248933434486389,0.09402560442686081
YDR424C,YEL020W-A,0,-4.5139666,0.35790494084358215,0.5248933434486389,0.09416785091161728
YOR058C,YPL253C,0,-4.5159082,0.35755813121795654,0.5248933434486389,0.09431009739637375
YGR258C,YFL036W,0,-4.5173,0.35721200704574585,0.5248933434486389,0.09445234388113022
YOL077W-A,YNL244C,0,-4.5189157,0.3568665385246277,0.5248933434486389,0.09459459781646729
YDR331W,YKR031C,0,-4.519078,0.35652172565460205,0.5248933434486389,0.09473684430122375
YLR028C,YDR238C,0,-4.5198855,0.35617759823799133,0.5248933434486389,0.09487909078598022
YGL003C,YCL052C,1,-4.5204997,0.3567984700202942,0.5263158082962036,0.09487909078598022
YHR115C,YIR033W,0,-4.5207877,0.3564547300338745,0.5263158082962036,0.0950213372707367
YLR078C,YMR236W,0,-4.5208,0.35611164569854736,0.5263158082962036,0.09516358375549316
YLR078C,YER005W,0,-4.5209537,0.35576921701431274,0.5263158082962036,0.09530583024024963
YMR119W,YBR082C,1,-4.5247107,0.3563880920410156,0.5277382731437683,0.09530583024024963
YDR054C,YLR207W,1,-4.5257096,0.3570057451725006,0.529160737991333,0.09530583024024963
YHR175W,YBR279W,0,-4.5271688,0.35666346549987793,0.529160737991333,0.0954480767250061
YNL123W,YDR452W,0,-4.528487,0.3563218414783478,0.529160737991333,0.09559033066034317
YPL145C,YOL102C,0,-4.529346,0.35598087310791016,0.529160737991333,0.09573257714509964
YDR231C,YNL201C,0,-4.5304837,0.3556405305862427,0.529160737991333,0.09587482362985611
YER168C,YMR044W,0,-4.5307994,0.3553008735179901,0.529160737991333,0.09601707011461258
YGL145W,YBR216C,0,-4.5336595,0.3549618422985077,0.529160737991333,0.09615931659936905
YGL045W,YGR104C,0,-4.534371,0.3546234369277954,0.529160737991333,0.09630156308412552
YPL151C,YPL123C,0,-4.535347,0.35428571701049805,0.529160737991333,0.09644380956888199
YCR088W,YGL180W,0,-4.5361266,0.3539486229419708,0.529160737991333,0.09658605605363846
YPR103W,YBR082C,1,-4.5382485,0.3545627295970917,0.5305832028388977,0.09658605605363846
YBR279W,YFL036W,0,-4.540024,0.3542260229587555,0.5305832028388977,0.09672830998897552
YBR199W,YDL130W-A,0,-4.5402017,0.35388994216918945,0.5305832028388977,0.096870556473732
YLR028C,YJR043C,0,-4.540437,0.35355451703071594,0.5305832028388977,0.09701280295848846
YDR383C,YGR091W,0,-4.5412245,0.3532196879386902,0.5305832028388977,0.09715504944324493
YOR037W,YML055W,0,-4.54252,0.35288551449775696,0.5305832028388977,0.0972972959280014
YMR044W,YJL212C,0,-4.5425763,0.35255199670791626,0.5305832028388977,0.09743954241275787
YPL078C,YER123W,0,-4.543448,0.3522190749645233,0.5305832028388977,0.09758178889751434
YHR118C,YOR162C,0,-4.5473704,0.3518867790699005,0.5305832028388977,0.09772404283285141
YAL058W,YOR259C,1,-4.54818,0.3524976372718811,0.5320056676864624,0.09772404283285141
YGL003C,YIL007C,1,-4.549917,0.3531073331832886,0.5334281921386719,0.09772404283285141
YOR197W,YER125W,0,-4.554001,0.3527751564979553,0.5334281921386719,0.09786628931760788
YMR068W,YMR298W,0,-4.5545716,0.3524436056613922,0.5334281921386719,0.09800853580236435
YOL130W,YIR004W,0,-4.5583544,0.35211268067359924,0.5334281921386719,0.09815078228712082
YIL007C,YDR143C,1,-4.5592484,0.3527204394340515,0.5348506569862366,0.09815078228712082
YDR054C,YML088W,1,-4.559873,0.35332709550857544,0.5362731218338013,0.09815078228712082
YIL106W,YDR265W,0,-4.5598984,0.35299625992774963,0.5362731218338013,0.09829302877187729
YMR224C,YFL037W,0,-4.5601106,0.35266605019569397,0.5362731218338013,0.09843527525663376
YIL138C,YBR254C,0,-4.5607104,0.35233643651008606,0.5362731218338013,0.09857752174139023
YBR210W,YMR285C,0,-4.561779,0.3520074784755707,0.5362731218338013,0.0987197756767273
YNL199C,YJL052W,0,-4.562825,0.35167911648750305,0.5362731218338013,0.09886202216148376
YDR294C,YHR121W,0,-4.56295,0.3513513505458832,0.5362731218338013,0.09900426864624023
YCR088W,YER105C,0,-4.563977,0.35102421045303345,0.5362731218338013,0.0991465151309967
YKL019W,YKL218C,0,-4.566727,0.35069766640663147,0.5362731218338013,0.09928876161575317
YLR370C,YDR318W,0,-4.5667996,0.35037174820899963,0.5362731218338013,0.09943100810050964
YNR016C,YER123W,0,-4.568213,0.35004642605781555,0.5362731218338013,0.09957325458526611
YDR054C,YDL126C,1,-4.569159,0.350649356842041,0.537695586681366,0.09957325458526611
YOR322C,YDR320C,0,-4.569352,0.3503243625164032,0.537695586681366,0.09971550852060318
YDL137W,YGR140W,0,-4.5699773,0.3499999940395355,0.537695586681366,0.09985775500535965
YML071C,YER123W,0,-4.572922,0.3496762216091156,0.537695586681366,0.10000000149011612
YMR033W,YGL012W,0,-4.5733294,0.34935304522514343,0.537695586681366,0.10014224797487259
YDR118W,YMR276W,1,-4.573583,0.349953830242157,0.5391180515289307,0.10014224797487259
YGL223C,YLR354C,0,-4.5737653,0.3496309816837311,0.5391180515289307,0.10028449445962906
YMR033W,YBR254C,0,-4.5755644,0.3493087589740753,0.5391180515289307,0.10042674094438553
YDR318W,YJL036W,0,-4.575587,0.3489871025085449,0.5391180515289307,0.100568987429142
YPL234C,YJL130C,0,-4.5772624,0.3486660420894623,0.5391180515289307,0.10071123391389847
YGR206W,YNL201C,0,-4.578548,0.3483455777168274,0.5391180515289307,0.10085348784923553
YKR048C,YDR259C,0,-4.5792675,0.34802570939064026,0.5391180515289307,0.100995734333992
YLR117C,YMR008C,0,-4.5796704,0.3477064073085785,0.5391180515289307,0.10113798081874847
YGL155W,YGR212W,0,-4.580199,0.34738773107528687,0.5391180515289307,0.10128022730350494
YJR140C,YJL121C,0,-4.5833974,0.3470695912837982,0.5391180515289307,0.10142247378826141
YGL058W,YDR260C,1,-4.584147,0.34766697883605957,0.5405405163764954,0.10142247378826141
YHR098C,YLR251W,0,-4.5849204,0.3473491668701172,0.5405405163764954,0.10156472027301788
YDR424C,YDL240W,0,-4.5849895,0.34703195095062256,0.5405405163764954,0.10170696675777435
YMR281W,YBL061C,0,-4.5856996,0.3467153310775757,0.5405405163764954,0.10184922069311142
YOR233W,YOL006C,0,-4.5858684,0.3463992774486542,0.5405405163764954,0.10199146717786789
YEL061C,YMR268C,0,-4.587065,0.34608379006385803,0.5405405163764954,0.10213371366262436
YGL003C,YDR260C,1,-4.5897064,0.34667879343032837,0.5419630408287048,0.10213371366262436
YHR104W,YDL188C,0,-4.591349,0.3463636338710785,0.5419630408287048,0.10227596014738083
YDL126C,YGL240W,1,-4.592406,0.34695732593536377,0.5433855056762695,0.10227596014738083
YFR029W,YBR293W,0,-4.5925317,0.34664246439933777,0.5433855056762695,0.1024182066321373
YFL055W,YAL016W,0,-4.593023,0.3463281989097595,0.5433855056762695,0.10256045311689377
YBL056W,YDR419W,0,-4.593036,0.34601449966430664,0.5433855056762695,0.10270269960165024
YMR316W,YBR214W,0,-4.594612,0.3457013666629791,0.5433855056762695,0.1028449535369873
YLR284C,YDL103C,0,-4.5968447,0.345388799905777,0.5433855056762695,0.10298720002174377
YPL046C,YMR214W,1,-4.598457,0.34598013758659363,0.5448079705238342,0.10298720002174377
YPR081C,YGR258C,0,-4.598757,0.34566786885261536,0.5448079705238342,0.10312944650650024
YBR268W,YOR195W,0,-4.5998178,0.34535616636276245,0.5448079705238342,0.10327169299125671
YLR028C,YOR230W,0,-4.6004386,0.3450450599193573,0.5448079705238342,0.10341393947601318
YJR050W,YDR113C,0,-4.6004534,0.34473446011543274,0.5448079705238342,0.10355618596076965
YML059C,YMR194W,0,-4.600947,0.34442445635795593,0.5448079705238342,0.10369843244552612
YOR036W,YMR263W,0,-4.6032567,0.3441150188446045,0.5448079705238342,0.10384068638086319
YOR037W,YDR191W,0,-4.604438,0.34380611777305603,0.5448079705238342,0.10398293286561966
YBL050W,YMR293C,0,-4.6049976,0.34349775314331055,0.5448079705238342,0.10412517935037613
YBL061C,YCR073C,0,-4.605223,0.34318995475769043,0.5448079705238342,0.1042674258351326
YMR316W,YIR033W,0,-4.6053863,0.3428827226161957,0.5448079705238342,0.10440967231988907
YJL091C,YPL140C,0,-4.6068263,0.3425760269165039,0.5448079705238342,0.10455191880464554
YML104C,YBL038W,0,-4.607406,0.3422698974609375,0.5448079705238342,0.10469416528940201
YJR005W,YLR423C,0,-4.6089177,0.3419642746448517,0.5448079705238342,0.10483641177415848
YIL099W,YFR010W,0,-4.609104,0.34165921807289124,0.5448079705238342,0.10497866570949554
YLR078C,YBR077C,0,-4.610049,0.34135472774505615,0.5448079705238342,0.10512091219425201
YBL019W,YBR221C,0,-4.610291,0.34105074405670166,0.5448079705238342,0.10526315867900848
YML055W,YDR104C,0,-4.61241,0.34074732661247253,0.5448079705238342,0.10540540516376495
YOL130W,YLL024C,0,-4.61311,0.3404444456100464,0.5448079705238342,0.10554765164852142
YGR253C,YDR131C,1,-4.6137557,0.34103021025657654,0.5462304353713989,0.10554765164852142
YER017C,YJL168C,0,-4.6167703,0.3407275974750519,0.5462304353713989,0.1056898981332779
YMR038C,YOL006C,0,-4.616956,0.3404255211353302,0.5462304353713989,0.10583214461803436
YBR039W,YJL076W,0,-4.617123,0.3401240110397339,0.5462304353713989,0.10597439855337143
YDL047W,YMR149W,0,-4.6185284,0.33982300758361816,0.5462304353713989,0.1061166450381279
YPL005W,YPL137C,0,-4.620889,0.3395225405693054,0.5462304353713989,0.10625889152288437
YFL025C,YIL007C,1,-4.622787,0.3401060104370117,0.5476529002189636,0.10625889152288437
YDR092W,YLR360W,0,-4.623243,0.33980581164360046,0.5476529002189636,0.10640113800764084
YKL073W,YGR133W,0,-4.624021,0.3395061790943146,0.5476529002189636,0.10654338449239731
YPL046C,YOR259C,1,-4.624693,0.3400880992412567,0.5490753650665283,0.10654338449239731
YDR228C,YGR104C,0,-4.6254077,0.3397887349128723,0.5490753650665283,0.10668563097715378
YMR162C,YNL138W,0,-4.6263127,0.3394898772239685,0.5490753650665283,0.10682787746191025
YDL240W,YLR357W,0,-4.626639,0.3391915559768677,0.5490753650665283,0.10697013139724731
YPL173W,YNL055C,0,-4.6275835,0.3388937711715698,0.5490753650665283,0.10711237788200378
YNL037C,YAL047C,0,-4.631577,0.33859649300575256,0.5490753650665283,0.10725462436676025
YDR085C,YHR107C,0,-4.6350417,0.3382997512817383,0.5490753650665283,0.10739687085151672
YFL057C,YGL124C,0,-4.6361094,0.3380035161972046,0.5490753650665283,0.1075391173362732
YIR033W,YLL006W,0,-4.63642,0.3377077877521515,0.5490753650665283,0.10768136382102966
YHL048W,YJR126C,0,-4.638146,0.33741259574890137,0.5490753650665283,0.10782361030578613
YLR305C,YPL207W,0,-4.638199,0.33711791038513184,0.5490753650665283,0.1079658642411232
YIL068C,YMR149W,0,-4.6405554,0.3368237316608429,0.5490753650665283,0.10810811072587967
YOL139C,YML059C,0,-4.6407094,0.33653008937835693,0.5490753650665283,0.10825035721063614
YPR081C,YDR104C,0,-4.641072,0.3362369239330292,0.5490753650665283,0.10839260369539261
YCR069W,YDR137W,0,-4.6444907,0.3359442949295044,0.5490753650665283,0.10853485018014908
YDR182W,YOR080W,0,-4.6454296,0.3356521725654602,0.5490753650665283,0.10867709666490555
YPL046C,YFR052W,1,-4.6470857,0.3362293541431427,0.5504978895187378,0.10867709666490555
YLL006W,YMR059W,0,-4.6480393,0.3359375,0.5504978895187378,0.10881934314966202
YBR057C,YOR162C,0,-4.650618,0.3356461524963379,0.5504978895187378,0.10896158963441849
YKL170W,YCR009C,0,-4.65212,0.335355281829834,0.5504978895187378,0.10910384356975555
YGL058W,YML088W,1,-4.652559,0.335930734872818,0.5519203543663025,0.10910384356975555
YBL038W,YDR265W,0,-4.652655,0.3356401324272156,0.5519203543663025,0.10924609005451202
YDR231C,YOR295W,0,-4.6530623,0.33535003662109375,0.5519203543663025,0.1093883365392685
YDR047W,YGL168W,0,-4.6539326,0.3350604474544525,0.5519203543663025,0.10953058302402496
YGR132C,YOL006C,0,-4.655869,0.33477136492729187,0.5519203543663025,0.10967282950878143
YBL064C,YHR098C,0,-4.656386,0.33448275923728943,0.5519203543663025,0.1098150759935379
YKL146W,YOL023W,0,-4.661557,0.3341946601867676,0.5519203543663025,0.10995732247829437
YJR051W,YBR168W,0,-4.663447,0.3339070677757263,0.5519203543663025,0.11009957641363144
YJR155W,YPL022W,0,-4.663709,0.33361995220184326,0.5519203543663025,0.11024182289838791
YDR054C,YNL230C,1,-4.6644454,0.3341924250125885,0.5533428192138672,0.11024182289838791
YLR088W,YML095C,0,-4.6659427,0.33390557765960693,0.5533428192138672,0.11038406938314438
YGL240W,YPR103W,1,-4.666343,0.33447685837745667,0.5547652840614319,0.11038406938314438
YLR078C,YJR057W,0,-4.66771,0.3341902196407318,0.5547652840614319,0.11052631586790085
YFR032C-A,YBL011W,0,-4.669107,0.33390411734580994,0.5547652840614319,0.11066856235265732
YNL183C,YMR293C,0,-4.6705823,0.33361849188804626,0.5547652840614319,0.11081080883741379
YMR060C,YBR077C,0,-4.672026,0.3333333432674408,0.5547652840614319,0.11095305532217026
YOL095C,YBR089C-A,0,-4.6736693,0.33304867148399353,0.5547652840614319,0.11109530925750732
YGR098C,YIL147C,0,-4.6737714,0.33276450634002686,0.5547652840614319,0.1112375557422638
YPL100W,YDR243C,0,-4.674586,0.3324808180332184,0.5547652840614319,0.11137980222702026
YJL060W,YGR133W,0,-4.6757236,0.3321976065635681,0.5547652840614319,0.11152204871177673
YBL056W,YNL236W,0,-4.6764536,0.33191490173339844,0.5547652840614319,0.1116642951965332
YMR214W,YML088W,1,-4.676729,0.3324829936027527,0.5561877489089966,0.1116642951965332
YJR083C,YGR178C,0,-4.6778727,0.3322004973888397,0.5561877489089966,0.11180654168128967
YBR228W,YLR090W,0,-4.680124,0.33191850781440735,0.5561877489089966,0.11194878816604614
YBR109C,YLR285W,0,-4.6815133,0.3316369950771332,0.5561877489089966,0.11209104210138321
YDL017W,YLR360W,0,-4.6833634,0.3313559293746948,0.5561877489089966,0.11223328858613968
YER154W,YDR484W,0,-4.686939,0.33107537031173706,0.5561877489089966,0.11237553507089615
YHR061C,YDL227C,0,-4.687346,0.3307952582836151,0.5561877489089966,0.11251778155565262
YLR209C,YPR139C,0,-4.6876264,0.33051565289497375,0.5561877489089966,0.11266002804040909
YDL126C,YML013W,1,-4.6918817,0.3310810923576355,0.5576102137565613,0.11266002804040909
YKL146W,YBR020W,0,-4.6928544,0.33080169558525085,0.5576102137565613,0.11280227452516556
YER107C,YDR388W,0,-4.6930017,0.3305227756500244,0.5576102137565613,0.11294452100992203
YNL314W,YLR005W,0,-4.6932445,0.3302443027496338,0.5576102137565613,0.1130867674946785
YEL019C,YDR510W,0,-4.695911,0.32996633648872375,0.5576102137565613,0.11322902143001556
YGL240W,YDR260C,1,-4.6968493,0.3305298686027527,0.5590327382087708,0.11322902143001556
YOR299W,YKL189W,0,-4.69873,0.33025211095809937,0.5590327382087708,0.11337126791477203
YHL048W,YFR003C,0,-4.700312,0.32997480034828186,0.5590327382087708,0.1135135143995285
YAL039C,YIL065C,0,-4.701613,0.32969799637794495,0.5590327382087708,0.11365576088428497
YBR103W,YJL089W,0,-4.703124,0.32942163944244385,0.5590327382087708,0.11379800736904144
YOR299W,YOR226C,0,-4.7039046,0.32914572954177856,0.5590327382087708,0.11394025385379791
YCR068W,YLR315W,0,-4.705833,0.3288702964782715,0.5590327382087708,0.11408250033855438
YDR197W,YBR202W,0,-4.709004,0.3285953104496002,0.5590327382087708,0.11422475427389145
YOR173W,YDR092W,0,-4.7102947,0.32832080125808716,0.5590327382087708,0.11436700075864792
YGL240W,YML092C,1,-4.7105823,0.32888147234916687,0.5604552030563354,0.11436700075864792
YBR268W,YOR045W,0,-4.713221,0.3286071717739105,0.5604552030563354,0.11450924724340439
YIL043C,YGR295C,0,-4.7132382,0.3283333480358124,0.5604552030563354,0.11465149372816086
YPR128C,YJL093C,0,-4.713856,0.32805994153022766,0.5604552030563354,0.11479374021291733
YGR098C,YJL130C,0,-4.714389,0.32778701186180115,0.5604552030563354,0.1149359866976738
YBL005W,YPR140W,0,-4.714787,0.32751455903053284,0.5604552030563354,0.11507823318243027
YDR182W,YGR184C,0,-4.71645,0.32724252343177795,0.5604552030563354,0.11522048711776733
YKR003W,YER123W,0,-4.716744,0.3269709646701813,0.5604552030563354,0.1153627336025238
YJL073W,YDR260C,1,-4.7177324,0.32752901315689087,0.5618776679039001,0.1153627336025238
YFR024C-A,YOR193W,0,-4.7204127,0.3272576630115509,0.5618776679039001,0.11550498008728027
YHR194W,YMR285C,0,-4.720415,0.32698675990104675,0.5618776679039001,0.11564722657203674
YBR222C,YOL136C,0,-4.720706,0.3267163038253784,0.5618776679039001,0.11578947305679321
YML110C,YEL027W,0,-4.7217665,0.3264462947845459,0.5618776679039001,0.11593171954154968
YLR052W,YOR086C,0,-4.722261,0.3261767029762268,0.5618776679039001,0.11607396602630615
YPL046C,YGL058W,1,-4.722889,0.32673266530036926,0.5633001327514648,0.11607396602630615
YGL003C,YIR011C,1,-4.7232175,0.3272877037525177,0.5647225975990295,0.11607396602630615
YHR083W,YIR022W,0,-4.7236915,0.3270181119441986,0.5647225975990295,0.11621621251106262
YOL051W,YHR012W,0,-4.7237935,0.32674896717071533,0.5647225975990295,0.11635846644639969
YBR018C,YKL189W,0,-4.7238827,0.32648026943206787,0.5647225975990295,0.11650071293115616
YCR002C,YJL101C,0,-4.7240243,0.32621198892593384,0.5647225975990295,0.11664295941591263
YNL230C,YDR260C,1,-4.7240615,0.32676517963409424,0.566145122051239,0.11664295941591263
YDR363W-A,YIR011C,1,-4.7254076,0.327317476272583,0.5675675868988037,0.11664295941591263
YMR225C,YMR059W,0,-4.728051,0.3270491659641266,0.5675675868988037,0.1167852059006691
YML092C,YDR002W,1,-4.7281747,0.3276003301143646,0.5689900517463684,0.1167852059006691
YLR113W,YHR181W,0,-4.7286983,0.3273322284221649,0.5689900517463684,0.11692745238542557
YBR177C,YJR059W,0,-4.729016,0.3270646035671234,0.5689900517463684,0.11706969887018204
YOL065C,YMR201C,0,-4.729613,0.32679739594459534,0.5689900517463684,0.11721194535493851
YBR290W,YGL240W,1,-4.729965,0.32734695076942444,0.5704125165939331,0.11721194535493851
YNL138W,YJL093C,0,-4.730588,0.3270799219608307,0.5704125165939331,0.11735419929027557
YJR057W,YNL199C,0,-4.730643,0.32681336998939514,0.5704125165939331,0.11749644577503204
YFL029C,YHR024C,0,-4.732421,0.326547235250473,0.5704125165939331,0.11763869225978851
YFL056C,YJR059W,0,-4.733348,0.32628151774406433,0.5704125165939331,0.11778093874454498
YGL226C-A,YGR183C,0,-4.73376,0.32601624727249146,0.5704125165939331,0.11792318522930145
YER105C,YOR353C,0,-4.73476,0.3257514238357544,0.5704125165939331,0.11806543171405792
YLR229C,YGL130W,0,-4.735559,0.32548701763153076,0.5704125165939331,0.11820767819881439
YNR041C,YIL138C,0,-4.735798,0.32522302865982056,0.5704125165939331,0.11834993213415146
YDR533C,YBL051C,0,-4.7359366,0.32495948672294617,0.5704125165939331,0.11849217861890793
YEL058W,YLR090W,0,-4.7366643,0.3246963620185852,0.5704125165939331,0.1186344251036644
YDL126C,YAL058W,1,-4.7392664,0.3252427279949188,0.5718349814414978,0.1186344251036644
YDR243C,YPL019C,0,-4.740104,0.3249797821044922,0.5718349814414978,0.11877667158842087
YPL176C,YBR082C,1,-4.740134,0.32552504539489746,0.5732574462890625,0.11877667158842087
YOR103C,YDR092W,0,-4.7408576,0.32526230812072754,0.5732574462890625,0.11891891807317734
YMR044W,YBL068W,0,-4.741099,0.32499998807907104,0.5732574462890625,0.11906116455793381
YDR524C,YAL009W,0,-4.741224,0.32473811507225037,0.5732574462890625,0.11920341104269028
YLR100W,YJL093C,0,-4.7425294,0.3244766592979431,0.5732574462890625,0.11934566497802734
YFL005W,YDR381W,0,-4.7426343,0.3242156207561493,0.5732574462890625,0.11948791146278381
YPL140C,YAL009W,0,-4.743688,0.3239549696445465,0.5732574462890625,0.11963015794754028
YNL230C,YPL176C,1,-4.7447877,0.3244979977607727,0.574679970741272,0.11963015794754028
YOL049W,YNL021W,0,-4.744971,0.32423755526542664,0.574679970741272,0.11977240443229675
YBR245C,YOR372C,0,-4.7450714,0.3239775598049164,0.574679970741272,0.11991465091705322
YBR135W,YDR100W,0,-4.746513,0.32371795177459717,0.574679970741272,0.12005689740180969
YML031W,YHR012W,0,-4.747172,0.3234587609767914,0.574679970741272,0.12019914388656616
YOL055C,YJL093C,0,-4.7473626,0.323199987411499,0.574679970741272,0.12034139037132263
YMR214W,YPL176C,1,-4.7507076,0.32374101877212524,0.5761024355888367,0.12034139037132263
YAL039C,YDR265W,0,-4.752649,0.3234824240207672,0.5761024355888367,0.1204836443066597
YGR061C,YOL077W-A,0,-4.7535043,0.323224276304245,0.5761024355888367,0.12062589079141617
YDR085C,YIL026C,0,-4.753735,0.3229665160179138,0.5761024355888367,0.12076813727617264
YLR117C,YDR183W,0,-4.7538204,0.32270917296409607,0.5761024355888367,0.12091038376092911
YLR284C,YLR130C,0,-4.75417,0.32245221734046936,0.5761024355888367,0.12105263024568558
YAL058W,YGL058W,1,-4.754626,0.3229912519454956,0.5775249004364014,0.12105263024568558
YHR024C,YDL010W,0,-4.7557893,0.3227345049381256,0.5775249004364014,0.12119487673044205
YOR037W,YLR090W,0,-4.7574553,0.32247814536094666,0.5775249004364014,0.12133712321519852
YGL257C,YNL326C,0,-4.757749,0.3222222328186035,0.5775249004364014,0.12147937715053558
YDL154W,YDR084C,0,-4.7605553,0.3219667077064514,0.5775249004364014,0.12162162363529205
YJL172W,YFL005W,0,-4.760928,0.32171157002449036,0.5775249004364014,0.12176387012004852
YJL101C,YNL206C,0,-4.7630215,0.3214568495750427,0.5775249004364014,0.12190611660480499
YOL077W-A,YOR069W,0,-4.763346,0.3212025463581085,0.5775249004364014,0.12204836308956146
YDR234W,YLR448W,0,-4.763987,0.32094863057136536,0.5775249004364014,0.12219060957431793
YGL168W,YDR265W,0,-4.7642136,0.32069510221481323,0.5775249004364014,0.1223328560590744
YLR113W,YIL026C,0,-4.7649827,0.32044199109077454,0.5775249004364014,0.12247510999441147
YGL137W,YMR183C,0,-4.765392,0.3201892673969269,0.5775249004364014,0.12261735647916794
YMR119W,YMR214W,1,-4.7657905,0.3207249939441681,0.5789473652839661,0.12261735647916794
YDL243C,YNL007C,0,-4.7685313,0.32047244906425476,0.5789473652839661,0.12275960296392441
YBR177C,YGR186W,0,-4.7688947,0.32022029161453247,0.5789473652839661,0.12290184944868088
YGL040C,YPR056W,0,-4.769283,0.3199685513973236,0.5789473652839661,0.12304409593343735
YLR423C,YNL322C,0,-4.769509,0.3197171986103058,0.5789473652839661,0.12318634241819382
YBL019W,YOL095C,0,-4.7696567,0.319466233253479,0.5789473652839661,0.12332858890295029
YPL008W,YGL122C,0,-4.7713904,0.31921568512916565,0.5789473652839661,0.12347084283828735
YER168C,YDR452W,0,-4.7714715,0.31896552443504333,0.5789473652839661,0.12361308932304382
YPL234C,YPR074C,0,-4.771526,0.31871575117111206,0.5789473652839661,0.12375533580780029
YAL048C,YAL047C,0,-4.7717824,0.3184663653373718,0.5789473652839661,0.12389758229255676
YOR371C,YGL145W,0,-4.7735,0.31821736693382263,0.5789473652839661,0.12403982877731323
YBR082C,YGR048W,1,-4.773521,0.3187499940395355,0.5803698301315308,0.12403982877731323
YLR131C,YHR181W,0,-4.7748766,0.31850117444992065,0.5803698301315308,0.1241820752620697
YDR231C,YGR239C,0,-4.7752986,0.3182527422904968,0.5803698301315308,0.12432432174682617
YER044C-A,YLL006W,0,-4.7755075,0.31800466775894165,0.5803698301315308,0.12446656823158264
YLR370C,YHR105W,0,-4.776712,0.3177570104598999,0.5803698301315308,0.12460882216691971
YOR299W,YLR337C,0,-4.777456,0.3175097405910492,0.5803698301315308,0.12475106865167618
YGR189C,YDL095W,0,-4.7776113,0.31726282835006714,0.5803698301315308,0.12489331513643265
YOR103C,YDR100W,0,-4.7797904,0.3170163035392761,0.5803698301315308,0.12503556907176971
YLR433C,YDR113C,0,-4.781853,0.31677019596099854,0.5803698301315308,0.12517781555652618
YFL056C,YJL072C,0,-4.7825117,0.3165244460105896,0.5803698301315308,0.12532006204128265
YCR073C,YGR002C,0,-4.7840896,0.3162790834903717,0.5803698301315308,0.12546230852603912
YDR270W,YBL005W,0,-4.784441,0.31603407859802246,0.5803698301315308,0.1256045550107956
YCL038C,YKR003W,0,-4.7877116,0.31578946113586426,0.5803698301315308,0.12574680149555206
YJL155C,YOL006C,0,-4.789416,0.3155452311038971,0.5803698301315308,0.12588904798030853
YMR298W,YPR047W,0,-4.7895446,0.31530138850212097,0.5803698301315308,0.126031294465065
YOR264W,YDL043C,0,-4.7903504,0.3150579035282135,0.5803698301315308,0.12617354094982147
YGL190C,YCL018W,0,-4.7917233,0.31481480598449707,0.5803698301315308,0.12631578743457794
YNL147W,YMR139W,0,-4.795746,0.3145720958709717,0.5803698301315308,0.1264580339193344
YGL166W,YPL173W,0,-4.797486,0.31432974338531494,0.5803698301315308,0.12660028040409088
YJL095W,YBR177C,0,-4.799022,0.31408774852752686,0.5803698301315308,0.12674252688884735
YLR319C,YGR101W,0,-4.7990336,0.3138461410999298,0.5803698301315308,0.12688477337360382
YOR299W,YDR318W,0,-4.799622,0.3136049211025238,0.5803698301315308,0.1270270198583603
YPL046C,YML092C,1,-4.8030806,0.31413209438323975,0.5817922949790955,0.1270270198583603
YDR347W,YBR083W,0,-4.805264,0.3138910233974457,0.5817922949790955,0.12716928124427795
YDR511W,YLR016C,0,-4.8056326,0.31365031003952026,0.5817922949790955,0.12731152772903442
YPL120W,YML025C,0,-4.8057075,0.3134099543094635,0.5817922949790955,0.1274537742137909
YML031W,YGL025C,0,-4.805983,0.3131699860095978,0.5817922949790955,0.12759602069854736
YNL322C,YDR238C,0,-4.806783,0.3129303753376007,0.5817922949790955,0.12773826718330383
YJL091C,YOR142W,0,-4.806997,0.3126911222934723,0.5817922949790955,0.1278805136680603
YLR355C,YBR103W,0,-4.8076005,0.3124522566795349,0.5817922949790955,0.12802276015281677
YGL077C,YDR381W,0,-4.8101525,0.3122137486934662,0.5817922949790955,0.12816500663757324
YIL026C,YOL006C,0,-4.8126483,0.3119755983352661,0.5817922949790955,0.1283072531223297
YML022W,YGR020C,0,-4.8133254,0.3117378056049347,0.5817922949790955,0.12844949960708618
YNL230C,YPR103W,1,-4.81354,0.31226199865341187,0.5832148194313049,0.12844949960708618
YJL212C,YML015C,0,-4.8138094,0.3120243549346924,0.5832148194313049,0.12859174609184265
YDR294C,YNL326C,0,-4.8138895,0.31178706884384155,0.5832148194313049,0.12873399257659912
YPL151C,YMR039C,0,-4.8151126,0.3115501403808594,0.5832148194313049,0.1288762390613556
YDR295C,YBR152W,0,-4.8153048,0.31131359934806824,0.5832148194313049,0.12901848554611206
YFR052W,YDR363W-A,1,-4.81759,0.3118361234664917,0.5846372842788696,0.12901848554611206
YKR100C,YFR003C,0,-4.8180404,0.3115997016429901,0.5846372842788696,0.12916074693202972
YJR057W,YBR133C,0,-4.819361,0.3113636374473572,0.5846372842788696,0.1293029934167862
YDR334W,YKR062W,0,-4.819506,0.3111279308795929,0.5846372842788696,0.12944523990154266
YML006C,YBR195C,0,-4.8196125,0.31089258193969727,0.5846372842788696,0.12958748638629913
YLR231C,YIL068C,0,-4.820862,0.3106575906276703,0.5846372842788696,0.1297297328710556
YGL191W,YLR357W,0,-4.8211684,0.31042295694351196,0.5846372842788696,0.12987197935581207
YMR198W,YOR193W,0,-4.821253,0.3101886808872223,0.5846372842788696,0.13001422584056854
YDL069C,YBL090W,0,-4.8217244,0.30995476245880127,0.5846372842788696,0.130156472325325
YDL195W,YLR389C,0,-4.8218665,0.3097211718559265,0.5846372842788696,0.13029871881008148
YBL038W,YDR501W,0,-4.823811,0.3094879388809204,0.5846372842788696,0.13044096529483795
YPL028W,YBR077C,0,-4.8257136,0.30925509333610535,0.5846372842788696,0.13058321177959442
YDR363W-A,YDR260C,1,-4.826595,0.3097744286060333,0.5860597491264343,0.13058321177959442
YCL032W,YGR033C,0,-4.8299427,0.3095417022705078,0.5860597491264343,0.1307254582643509
YJL014W,YHR024C,0,-4.8299594,0.30930930376052856,0.5860597491264343,0.13086770474910736
YBR057C,YBR167C,0,-4.832954,0.30907726287841797,0.5860597491264343,0.13100995123386383
YHR175W,YDR452W,0,-4.839071,0.308845579624176,0.5860597491264343,0.1311521977186203
YGR005C,YDR470C,0,-4.839188,0.30861422419548035,0.5860597491264343,0.13129445910453796
YGL190C,YDR104C,0,-4.8465466,0.3083832263946533,0.5860597491264343,0.13143670558929443
YOL072W,YIL138C,0,-4.84946,0.30815258622169495,0.5860597491264343,0.1315789520740509
YFL029C,YGL137W,0,-4.849646,0.30792227387428284,0.5860597491264343,0.13172119855880737
YER017C,YPL233W,0,-4.8509536,0.3076923191547394,0.5860597491264343,0.13186344504356384
YBR245C,YMR076C,0,-4.8520236,0.3074626922607422,0.5860597491264343,0.1320056915283203
YLR210W,YOL012C,0,-4.8521905,0.30723339319229126,0.5860597491264343,0.13214793801307678
YDR118W,YDL126C,1,-4.8524175,0.3077496290206909,0.587482213973999,0.13214793801307678
YFL025C,YCL052C,1,-4.853107,0.3082650899887085,0.5889046788215637,0.13214793801307678
YBR058C,YIR018W,0,-4.8544893,0.3080357015132904,0.5889046788215637,0.13229018449783325
YBR010W,YMR044W,0,-4.8559275,0.30780670046806335,0.5889046788215637,0.13243243098258972
YMR119W,YDR054C,1,-4.8565345,0.30832093954086304,0.5903271436691284,0.13243243098258972
YOR103C,YDL168W,0,-4.8568807,0.30809205770492554,0.5903271436691284,0.1325746774673462
YOR236W,YNL201C,0,-4.8570466,0.3078635036945343,0.5903271436691284,0.13271692395210266
YHR115C,YMR183C,0,-4.857946,0.30763527750968933,0.5903271436691284,0.13285917043685913
YNL023C,YJL036W,0,-4.85837,0.307407408952713,0.5903271436691284,0.1330014169216156
YNL199C,YOR069W,0,-4.860418,0.30717986822128296,0.5903271436691284,0.13314366340637207
YDR511W,YCR075C,0,-4.861525,0.30695265531539917,0.5903271436691284,0.13328592479228973
YAL058W,YGR048W,1,-4.8639493,0.3074648976325989,0.5917496681213379,0.13328592479228973
YDR073W,YPL139C,0,-4.8668084,0.30723780393600464,0.5917496681213379,0.1334281712770462
YGR089W,YGR002C,0,-4.8670616,0.30701106786727905,0.5917496681213379,0.13357041776180267
YBR131W,YGL045W,0,-4.867981,0.30678465962409973,0.5917496681213379,0.13371266424655914
YCL038C,YFL029C,0,-4.869618,0.3065585792064667,0.5917496681213379,0.1338549107313156
YOL023W,YIL006W,0,-4.870181,0.30633285641670227,0.5917496681213379,0.13399715721607208
YJL091C,YKL103C,0,-4.870316,0.30610743165016174,0.5917496681213379,0.13413940370082855
YDR363W-A,YBR082C,1,-4.870746,0.3066176474094391,0.5931721329689026,0.13413940370082855
YDR231C,YBR221C,0,-4.871366,0.3063923716545105,0.5931721329689026,0.13428165018558502
YKL125W,YMR236W,0,-4.8715477,0.3061673939228058,0.5931721329689026,0.1344238966703415
YNL005C,YLR154C,0,-4.871803,0.3059427738189697,0.5931721329689026,0.13456614315509796
YDR142C,YDR419W,0,-4.8721557,0.30571848154067993,0.5931721329689026,0.13470838963985443
YOL156W,YNL037C,0,-4.8730693,0.3054945170879364,0.5931721329689026,0.1348506361246109
YIL007C,YDR131C,1,-4.876299,0.3060029149055481,0.5945945978164673,0.1348506361246109
YBR057C,YKL125W,0,-4.8763585,0.3057790696620941,0.5945945978164673,0.13499288260936737
YNL031C,YAL017W,0,-4.876806,0.3055555522441864,0.5945945978164673,0.13513512909412384
YML102W,YPL155C,0,-4.8800597,0.30533236265182495,0.5945945978164673,0.1352773755788803
YMR213W,YML055W,0,-4.8801646,0.30510950088500977,0.5945945978164673,0.13541963696479797
YMR044W,YDL043C,0,-4.8810163,0.30488693714141846,0.5945945978164673,0.13556188344955444
YNL027W,YLR254C,0,-4.8819885,0.3046647310256958,0.5945945978164673,0.1357041299343109
YMR033W,YMR296C,0,-4.8836083,0.304442822933197,0.5945945978164673,0.13584637641906738
YNL091W,YDR484W,0,-4.8844476,0.3042212426662445,0.5945945978164673,0.13598862290382385
YER104W,YIL138C,0,-4.8855863,0.30399999022483826,0.5945945978164673,0.13613086938858032
YLR005W,YOL102C,0,-4.8880696,0.30377906560897827,0.5945945978164673,0.1362731158733368
YBR179C,YKR031C,0,-4.8882594,0.30355846881866455,0.5945945978164673,0.13641536235809326
YMR068W,YPL032C,0,-4.8885794,0.3033381700515747,0.5945945978164673,0.13655760884284973
YBR254C,YKL094W,0,-4.8894796,0.30311819911003113,0.5945945978164673,0.1366998553276062
YER166W,YNL169C,0,-4.8894825,0.3028985559940338,0.5945945978164673,0.13684210181236267
YBR039W,YHR055C,0,-4.891029,0.3026792109012604,0.5945945978164673,0.13698434829711914
YHR204W,YML092C,1,-4.892011,0.30318379402160645,0.596017062664032,0.13698434829711914
YHR104W,YIL138C,0,-4.8925147,0.30296456813812256,0.596017062664032,0.1371265947818756
YEL058W,YAR003W,0,-4.896085,0.30274567008018494,0.596017062664032,0.13726884126663208
YBR037C,YAR003W,0,-4.896507,0.3025270700454712,0.596017062664032,0.13741110265254974
YOR037W,YMR281W,0,-4.898681,0.3023087978363037,0.596017062664032,0.1375533491373062
YDR424C,YBR167C,0,-4.899141,0.3020908534526825,0.596017062664032,0.13769559562206268
YDR085C,YJL072C,0,-4.899678,0.30187320709228516,0.596017062664032,0.13783784210681915
YJR089W,YLR284C,0,-4.9011817,0.3016558587551117,0.596017062664032,0.13798008859157562
YNR016C,YBR038W,0,-4.9023805,0.3014388382434845,0.596017062664032,0.1381223350763321
YLR209C,YML095C,0,-4.9057307,0.30122214555740356,0.596017062664032,0.13826458156108856
YLR110C,YGR074W,0,-4.905789,0.3010057508945465,0.596017062664032,0.13840682804584503
YLR116W,YBL067C,0,-4.9060783,0.30078965425491333,0.596017062664032,0.1385490745306015
YLR210W,YPR051W,0,-4.907255,0.3005738854408264,0.596017062664032,0.13869132101535797
YBL035C,YDL103C,0,-4.907942,0.3003584146499634,0.596017062664032,0.13883356750011444
YMR039C,YDR484W,0,-4.909188,0.3001432716846466,0.596017062664032,0.1389758139848709
YNL326C,YPL212C,0,-4.910253,0.2999284267425537,0.596017062664032,0.13911806046962738
YNR041C,YKR039W,0,-4.9103417,0.2997138798236847,0.596017062664032,0.13926030695438385
YFL050C,YJL093C,0,-4.910518,0.29949963092803955,0.596017062664032,0.13940255343914032
YJR021C,YFR003C,0,-4.9117403,0.2992857098579407,0.596017062664032,0.13954481482505798
YDR085C,YNL071W,0,-4.9121346,0.2990720868110657,0.596017062664032,0.13968706130981445
YDL192W,YOR098C,0,-4.9129887,0.29885876178741455,0.596017062664032,0.13982930779457092
YJR005W,YER095W,0,-4.9131265,0.2986457645893097,0.596017062664032,0.1399715542793274
YFL025C,YOR259C,1,-4.913388,0.29914531111717224,0.5974395275115967,0.1399715542793274
YKR049C,YDR128W,0,-4.9135804,0.29893237352371216,0.5974395275115967,0.14011380076408386
YOR244W,YIL065C,0,-4.9138384,0.29871976375579834,0.5974395275115967,0.14025604724884033
YMR119W,YMR276W,1,-4.9157624,0.29921820759773254,0.5988619923591614,0.14025604724884033
YLR332W,YPL083C,0,-4.916523,0.2990056872367859,0.5988619923591614,0.1403982937335968
YLR370C,YGR101W,0,-4.917035,0.2987934648990631,0.5988619923591614,0.14054054021835327
YMR024W,YOL072W,0,-4.919121,0.2985815703868866,0.5988619923591614,0.14068278670310974
YOL130W,YGL016W,0,-4.919714,0.2983699440956116,0.5988619923591614,0.1408250331878662
YMR150C,YNL091W,0,-4.9197984,0.2981586456298828,0.5988619923591614,0.14096727967262268
YPR068C,YHR194W,0,-4.9202137,0.29794761538505554,0.5988619923591614,0.14110952615737915
YFR024C-A,YPR047W,0,-4.920858,0.29773691296577454,0.5988619923591614,0.14125177264213562
YBR039W,YDR295C,0,-4.925201,0.2975265085697174,0.5988619923591614,0.1413940191268921
YGL003C,YPR103W,1,-4.925238,0.298022598028183,0.6002845168113708,0.1413940191268921
YGL180W,YDR182W,0,-4.928684,0.297812283039093,0.6002845168113708,0.14153628051280975
YNL055C,YMR139W,0,-4.929574,0.29760226607322693,0.6002845168113708,0.14167852699756622
YDR424C,YKL170W,0,-4.9311156,0.29739251732826233,0.6002845168113708,0.1418207734823227
YOR039W,YPR182W,0,-4.9312434,0.297183096408844,0.6002845168113708,0.14196301996707916
YLR260W,YIL167W,0,-4.931359,0.29697397351264954,0.6002845168113708,0.14210526645183563
YHR041C,YIL039W,0,-4.93138,0.29676511883735657,0.6002845168113708,0.1422475129365921
YDR221W,YHR102W,0,-4.9335103,0.2965565621852875,0.6002845168113708,0.14238975942134857
YCR046C,YAL047C,0,-4.933681,0.29634830355644226,0.6002845168113708,0.14253200590610504
YIL106W,YPL173W,0,-4.937445,0.2961403429508209,0.6002845168113708,0.1426742523908615
YKL170W,YNL026W,0,-4.939486,0.29593268036842346,0.6002845168113708,0.14281649887561798
YOR032C,YLL006W,0,-4.9409876,0.2957252860069275,0.6002845168113708,0.14295874536037445
YDR320C-A,YDL154W,0,-4.9410543,0.2955182194709778,0.6002845168113708,0.14310099184513092
YLR207W,YGL058W,1,-4.941113,0.29601120948791504,0.6017069816589355,0.14310099184513092
YPL280W,YLR005W,0,-4.943359,0.2958042025566101,0.6017069816589355,0.1432432383298874
YLR423C,YOL065C,0,-4.944777,0.29559749364852905,0.6017069816589355,0.14338548481464386
YBL105C,YDL010W,0,-4.9459453,0.2953910529613495,0.6017069816589355,0.14352773129940033
YAL058W,YML092C,1,-4.9463377,0.2958827614784241,0.6031294465065002,0.14352773129940033
YJR089W,YPL151C,0,-4.9494414,0.29567644000053406,0.6031294465065002,0.143669992685318
YGL022W,YJL093C,0,-4.9496565,0.29547038674354553,0.6031294465065002,0.14381223917007446
YHR204W,YGR253C,1,-4.953386,0.2959609925746918,0.6045519113540649,0.14381223917007446
YGL003C,YMR214W,1,-4.953572,0.2964509427547455,0.6059743762016296,0.14381223917007446
YDR054C,YDR002W,1,-4.954156,0.2969402074813843,0.6073968410491943,0.14381223917007446
YDR452W,YPL232W,0,-4.9544053,0.2967338562011719,0.6073968410491943,0.14395448565483093
YLR260W,YPL171C,0,-4.9546256,0.29652777314186096,0.6073968410491943,0.1440967321395874
YBR089C-A,YIL138C,0,-4.956555,0.2963219881057739,0.6073968410491943,0.14423897862434387
YNL147W,YPL120W,0,-4.957434,0.29611650109291077,0.6073968410491943,0.14438122510910034
YHR107C,YHR104W,0,-4.957775,0.2959112823009491,0.6073968410491943,0.1445234715938568
YAL009W,YDR259C,0,-4.9582996,0.2957063615322113,0.6073968410491943,0.14466571807861328
YLR028C,YMR267W,0,-4.958497,0.2955017387866974,0.6073968410491943,0.14480796456336975
YOL139C,YLR448W,0,-4.959364,0.29529738426208496,0.6073968410491943,0.14495021104812622
YAL031C,YPL140C,0,-4.9594073,0.295093297958374,0.6073968410491943,0.1450924575328827
YGR132C,YGR104C,0,-4.967974,0.29488950967788696,0.6073968410491943,0.14523470401763916
YLR085C,YMR094W,0,-4.968085,0.2946859896183014,0.6073968410491943,0.14537695050239563
YER174C,YBR199W,0,-4.9691978,0.2944827675819397,0.6073968410491943,0.1455191969871521
YLR043C,YBR058C,0,-4.970019,0.2942798137664795,0.6073968410491943,0.14566145837306976
YGL130W,YMR281W,0,-4.9714627,0.2940771281719208,0.6073968410491943,0.14580370485782623
YOR025W,YMR224C,0,-4.972098,0.29387474060058594,0.6073968410491943,0.1459459513425827
YNL199C,YBR057C,0,-4.9721513,0.2936726212501526,0.6073968410491943,0.14608819782733917
YDL243C,YML071C,0,-4.974994,0.2934707999229431,0.6073968410491943,0.14623044431209564
YGL058W,YHR200W,1,-4.9763446,0.29395604133605957,0.6088193655014038,0.14623044431209564
YOR142W,YLR130C,0,-4.9787946,0.2937542796134949,0.6088193655014038,0.1463726907968521
YKL117W,YLR043C,0,-4.9794707,0.29355281591415405,0.6088193655014038,0.14651493728160858
YML125C,YDL140C,0,-4.9797726,0.2933516204357147,0.6088193655014038,0.14665718376636505
YBR135W,YBR199W,0,-4.9859095,0.2931506931781769,0.6088193655014038,0.14679943025112152
YGL130W,YML011C,0,-4.987202,0.2929500341415405,0.6088193655014038,0.146941676735878
YOR127W,YHR167W,0,-4.9880614,0.29274964332580566,0.6088193655014038,0.14708392322063446
YDR118W,YPL176C,1,-4.9890485,0.29323309659957886,0.6102418303489685,0.14708392322063446
YDR217C,YGL137W,0,-4.9890924,0.29303279519081116,0.6102418303489685,0.14722616970539093
YBR168W,YMR236W,0,-4.9900556,0.29283276200294495,0.6102418303489685,0.1473684161901474
YHR063C,YNL236W,0,-4.9906793,0.2926330268383026,0.6102418303489685,0.14751066267490387
YJL091C,YBR077C,0,-4.9913216,0.2924335300922394,0.6102418303489685,0.14765290915966034
YNL023C,YGR104C,0,-4.9928,0.2922343313694,0.6102418303489685,0.147795170545578
YOR018W,YKL125W,0,-4.9937634,0.29203540086746216,0.6102418303489685,0.14793741703033447
YGR140W,YPL028W,0,-4.9976106,0.2918367385864258,0.6102418303489685,0.14807966351509094
YHR107C,YPR178W,0,-4.998627,0.2916383445262909,0.6102418303489685,0.1482219099998474
YCR039C,YDL195W,0,-4.999227,0.2914402186870575,0.6102418303489685,0.14836415648460388
YDL137W,YBR177C,0,-4.999353,0.2912423610687256,0.6102418303489685,0.14850640296936035
YLR423C,YDR128W,0,-4.999557,0.29104477167129517,0.6102418303489685,0.14864864945411682
YKL103C,YMR167W,0,-5.003882,0.29084745049476624,0.6102418303489685,0.1487908959388733
YBR039W,YCR075C,0,-5.0039563,0.2906503975391388,0.6102418303489685,0.14893314242362976
YDR260C,YPL176C,1,-5.005223,0.2911306619644165,0.6116642951965332,0.14893314242362976
YLR116W,YDR128W,0,-5.0067506,0.2909336984157562,0.6116642951965332,0.14907538890838623
YMR033W,YBR135W,0,-5.0071793,0.29073697328567505,0.6116642951965332,0.1492176353931427
YHL019C,YER013W,0,-5.007381,0.29054054617881775,0.6116642951965332,0.14935988187789917
YDL137W,YJL058C,0,-5.010037,0.29034435749053955,0.6116642951965332,0.14950212836265564
YCR088W,YLR260W,0,-5.01125,0.29014843702316284,0.6116642951965332,0.1496443748474121
YHR104W,YPL058C,0,-5.0117106,0.2899527847766876,0.6116642951965332,0.14978662133216858
YPR068C,YML125C,0,-5.0120425,0.2897574007511139,0.6116642951965332,0.14992888271808624
YOL086C,YPL137C,0,-5.0136905,0.28956228494644165,0.6116642951965332,0.1500711292028427
YEL019C,YLR254C,0,-5.0139794,0.2893674373626709,0.6116642951965332,0.15021337568759918
YIL019W,YBR222C,0,-5.014215,0.28917282819747925,0.6116642951965332,0.15035562217235565
YLR100W,YER178W,0,-5.0146604,0.2889784872531891,0.6116642951965332,0.15049786865711212
YIL112W,YGR104C,0,-5.0146785,0.2887844145298004,0.6116642951965332,0.1506401151418686
YPL209C,YMR188C,0,-5.015123,0.28859061002731323,0.6116642951965332,0.15078236162662506
YMR076C,YGR197C,0,-5.015205,0.28839704394340515,0.6116642951965332,0.15092460811138153
YIL090W,YMR296C,0,-5.0154576,0.28820374608039856,0.6116642951965332,0.151066854596138
YOR373W,YIL138C,0,-5.016429,0.28801071643829346,0.6116642951965332,0.15120910108089447
YPR128C,YOR058C,0,-5.0194173,0.28781792521476746,0.6116642951965332,0.15135134756565094
YHR156C,YNL214W,0,-5.020926,0.28762543201446533,0.6116642951965332,0.1514935940504074
YBR021W,YOL010W,0,-5.021249,0.2874331474304199,0.6116642951965332,0.15163584053516388
YLR394W,YPL173W,0,-5.021468,0.2872411608695984,0.6116642951965332,0.15177808701992035
YKR085C,YKR055W,0,-5.021725,0.28704941272735596,0.6116642951965332,0.151920348405838
YJR084W,YJR140C,0,-5.022469,0.2868579030036926,0.6116642951965332,0.15206259489059448
YNL230C,YHR204W,1,-5.0261874,0.28733333945274353,0.6130867600440979,0.15206259489059448
YBR037C,YOR353C,0,-5.0293665,0.28714191913604736,0.6130867600440979,0.15220484137535095
YGL003C,YBR173C,1,-5.0306373,0.2876165211200714,0.6145092248916626,0.15220484137535095
YBR210W,YMR225C,0,-5.032455,0.28742516040802,0.6145092248916626,0.15234708786010742
YLR100W,YJL002C,0,-5.0343537,0.28723403811454773,0.6145092248916626,0.1524893343448639
YBR214W,YGR005C,0,-5.035014,0.28704318404197693,0.6145092248916626,0.15263158082962036
YBR135W,YGL104C,0,-5.035553,0.2868525981903076,0.6145092248916626,0.15277382731437683
YFL025C,YBR173C,1,-5.037243,0.28732579946517944,0.6159317493438721,0.15277382731437683
YER141W,YMR313C,0,-5.0382953,0.2871352732181549,0.6159317493438721,0.1529160737991333
YNL139C,YJR014W,0,-5.0385137,0.2869449853897095,0.6159317493438721,0.15305832028388977
YPR057W,YKL058W,0,-5.039389,0.2867549657821655,0.6159317493438721,0.15320056676864624
YLR078C,YOR129C,0,-5.0396833,0.2865651845932007,0.6159317493438721,0.1533428132534027
YMR285C,YLR090W,0,-5.0397534,0.28637567162513733,0.6159317493438721,0.15348505973815918
YGR140W,YPR182W,0,-5.0401883,0.2861863970756531,0.6159317493438721,0.15362730622291565
YMR276W,YDR260C,1,-5.0405974,0.2866578698158264,0.6173542141914368,0.15362730622291565
YBR125C,YPL085W,0,-5.0421968,0.28646865487098694,0.6173542141914368,0.15376955270767212
YBL105C,YDR104C,0,-5.042956,0.28627967834472656,0.6173542141914368,0.1539117991924286
YHR200W,YDR260C,1,-5.0432677,0.2867501676082611,0.6187766790390015,0.1539117991924286
YDR315C,YDL200C,0,-5.045936,0.2865612506866455,0.6187766790390015,0.15405406057834625
YER166W,YOR195W,0,-5.0477133,0.2863726019859314,0.6187766790390015,0.15419630706310272
YBL061C,YCL032W,0,-5.0478244,0.2861842215061188,0.6187766790390015,0.1543385535478592
YNL216W,YBR254C,0,-5.0485396,0.28599604964256287,0.6187766790390015,0.15448080003261566
YJL014W,YBR198C,0,-5.048815,0.28580814599990845,0.6187766790390015,0.15462304651737213
YJR059W,YHR205W,0,-5.050369,0.28562048077583313,0.6187766790390015,0.1547652930021286
YMR119W,YPL046C,1,-5.0509734,0.2860892415046692,0.6201991438865662,0.1547652930021286
YPL215W,YKR062W,0,-5.050986,0.28590163588523865,0.6201991438865662,0.15490753948688507
YKR003W,YNL216W,0,-5.051722,0.2857142984867096,0.6201991438865662,0.15504978597164154
YLR165C,YBR050C,0,-5.053126,0.28552716970443726,0.6201991438865662,0.155192032456398
YIR023W,YNL037C,0,-5.0535536,0.2853403091430664,0.6201991438865662,0.15533427894115448
YPL233W,YER105C,0,-5.0541987,0.28515368700027466,0.6201991438865662,0.15547652542591095
YPL234C,YOL124C,0,-5.0549026,0.2849673330783844,0.6201991438865662,0.15561877191066742
YHR116W,YNL027W,0,-5.05538,0.28478118777275085,0.6201991438865662,0.1557610183954239
YDL079C,YDR259C,0,-5.055631,0.2845953106880188,0.6201991438865662,0.15590326488018036
YMR267W,YIL147C,0,-5.0561624,0.28440964221954346,0.6201991438865662,0.15604552626609802
YBR135W,YER166W,0,-5.0563745,0.2842242419719696,0.6201991438865662,0.1561877727508545
YDR309C,YLR354C,0,-5.058204,0.28403908014297485,0.6201991438865662,0.15633001923561096
YNL326C,YMR008C,0,-5.058335,0.2838541567325592,0.6201991438865662,0.15647226572036743
YBR179C,YHR121W,0,-5.058764,0.28366947174072266,0.6201991438865662,0.1566145122051239
YCL052C,YDR002W,1,-5.059055,0.28413525223731995,0.6216216087341309,0.1566145122051239
YFR029W,YBR198C,0,-5.059176,0.2839506268501282,0.6216216087341309,0.15675675868988037
YDR424C,YLR332W,0,-5.0611196,0.2837662398815155,0.6216216087341309,0.15689900517463684
YJL060W,YNL123W,0,-5.0634193,0.28358209133148193,0.6216216087341309,0.1570412516593933
YOL126C,YBR279W,0,-5.0646224,0.28339818120002747,0.6216216087341309,0.15718349814414978
YLR117C,YDL140C,0,-5.066148,0.2832145094871521,0.6216216087341309,0.15732574462890625
YLR229C,YDR407C,0,-5.066384,0.28303107619285583,0.6216216087341309,0.15746799111366272
YOL051W,YEL053C,0,-5.066508,0.28284791111946106,0.6216216087341309,0.1576102375984192
YER165W,YPR043W,0,-5.066567,0.282664954662323,0.6216216087341309,0.15775248408317566
YDR524C,YIR015W,0,-5.0671134,0.28248223662376404,0.6216216087341309,0.15789473056793213
YNL023C,YMR216C,0,-5.0685816,0.2822997272014618,0.6216216087341309,0.1580369770526886
YPL028W,YBL038W,0,-5.073816,0.28211748600006104,0.6216216087341309,0.15817923843860626
YPL046C,YDR260C,1,-5.074311,0.2825806438922882,0.6230440735816956,0.15817923843860626
YMR276W,YNL230C,1,-5.0746474,0.2830432057380676,0.624466598033905,0.15817923843860626
YDR440W,YNL236W,0,-5.0756254,0.28286081552505493,0.624466598033905,0.15832148492336273
YCL038C,YOR336W,0,-5.076657,0.2826786935329437,0.624466598033905,0.1584637314081192
YLR220W,YLR459W,0,-5.077636,0.28249678015708923,0.624466598033905,0.15860597789287567
YDR252W,YGR002C,0,-5.078176,0.28231510519981384,0.624466598033905,0.15874822437763214
YMR214W,YML013W,1,-5.0806212,0.2827763557434082,0.6258890628814697,0.15874822437763214
YNL214W,YER125W,0,-5.0811944,0.2825947403907776,0.6258890628814697,0.1588904708623886
YER107C,YOR336W,0,-5.081494,0.2824133634567261,0.6258890628814697,0.15903271734714508
YIR004W,YBR222C,0,-5.082109,0.2822321951389313,0.6258890628814697,0.15917496383190155
YOR236W,YOR270C,0,-5.0831037,0.28205129504203796,0.6258890628814697,0.15931721031665802
YLR231C,YCR009C,0,-5.084631,0.28187060356140137,0.6258890628814697,0.1594594568014145
YML057W,YGL209W,0,-5.086472,0.28169015049934387,0.6258890628814697,0.15960170328617096
YBR102C,YDL195W,0,-5.087084,0.2815099060535431,0.6258890628814697,0.15974394977092743
YDL079C,YHR083W,0,-5.087095,0.2813299298286438,0.6258890628814697,0.1598861962556839
YPR081C,YMR268C,0,-5.0872946,0.2811501622200012,0.6258890628814697,0.16002844274044037
YML006C,YBR254C,0,-5.0880947,0.28097063302993774,0.6258890628814697,0.16017070412635803
YDR197W,YJL054W,0,-5.0892425,0.280791312456131,0.6258890628814697,0.1603129506111145
YGR028W,YJL141C,0,-5.0896993,0.2806122303009033,0.6258890628814697,0.16045519709587097
YGR275W,YLR360W,0,-5.090223,0.28043338656425476,0.6258890628814697,0.16059744358062744
YPL266W,YBR127C,0,-5.0911098,0.2802547812461853,0.6258890628814697,0.1607396900653839
YCR088W,YHR044C,0,-5.0932746,0.28007638454437256,0.6258890628814697,0.16088193655014038
YOR264W,YJL129C,0,-5.093427,0.2798982262611389,0.6258890628814697,0.16102418303489685
YFL025C,YIR011C,1,-5.0935946,0.2803560197353363,0.6273115277290344,0.16102418303489685
YGL240W,YIL007C,1,-5.093756,0.28081321716308594,0.6287339925765991,0.16102418303489685
YNL214W,YOR129C,0,-5.096379,0.28063490986824036,0.6287339925765991,0.16116642951965332
YOR374W,YNR030W,0,-5.0967965,0.2804568409919739,0.6287339925765991,0.1613086760044098
YOR239W,YBR146W,0,-5.097031,0.2802790105342865,0.6287339925765991,0.16145092248916626
YKR065C,YGR258C,0,-5.097388,0.28010138869285583,0.6287339925765991,0.16159316897392273
YGL254W,YJL106W,0,-5.0981765,0.2799240052700043,0.6287339925765991,0.1617354154586792
YGR075C,YBR125C,0,-5.0984526,0.2797468304634094,0.6287339925765991,0.16187766194343567
YNL053W,YPL083C,0,-5.098476,0.2795698940753937,0.6287339925765991,0.16201990842819214
YMR186W,YMR236W,0,-5.0989943,0.27939316630363464,0.6287339925765991,0.1621621549129486
YCR068W,YNL304W,0,-5.099612,0.2792166769504547,0.6287339925765991,0.16230441629886627
YOL101C,YLR315W,0,-5.0996976,0.2790403962135315,0.6287339925765991,0.16244666278362274
YBR243C,YLR433C,0,-5.100271,0.2788643538951874,0.6287339925765991,0.1625889092683792
YAL031C,YNL206C,0,-5.102173,0.2786885201931,0.6287339925765991,0.16273115575313568
YDR118W,YDR260C,1,-5.102691,0.2791430354118347,0.6301564574241638,0.16273115575313568
YGR295C,YJL054W,0,-5.1029,0.2789672613143921,0.6301564574241638,0.16287340223789215
YIL065C,YIL039W,0,-5.1030602,0.2787916958332062,0.6301564574241638,0.16301564872264862
YCR088W,YIL043C,0,-5.1043057,0.278616338968277,0.6301564574241638,0.1631578952074051
YLR110C,YLR130C,0,-5.1044497,0.2784412205219269,0.6301564574241638,0.16330014169216156
YHR107C,YGL001C,0,-5.1045256,0.2782663404941559,0.6301564574241638,0.16344238817691803
YOR299W,YLR389C,0,-5.105431,0.2780916392803192,0.6301564574241638,0.1635846346616745
YPR033C,YNL216W,0,-5.105558,0.27791717648506165,0.6301564574241638,0.16372688114643097
YOR142W,YML031W,0,-5.1056194,0.2777429521083832,0.6301564574241638,0.16386912763118744
YDR047W,YHR058C,0,-5.1057124,0.2775689363479614,0.6301564574241638,0.1640113741159439
YLL027W,YDR334W,0,-5.1066165,0.2773951292037964,0.6301564574241638,0.16415362060070038
YDR511W,YPL022W,0,-5.1073747,0.27722153067588806,0.6301564574241638,0.16429588198661804
YDR452W,YAL002W,0,-5.1096787,0.27704814076423645,0.6301564574241638,0.1644381284713745
YMR162C,YOL102C,0,-5.109925,0.27687498927116394,0.6301564574241638,0.16458037495613098
YDL017W,YNL107W,0,-5.1102614,0.27670204639434814,0.6301564574241638,0.16472262144088745
YMR213W,YNL169C,0,-5.1108522,0.27652934193611145,0.6301564574241638,0.16486486792564392
YDL069C,YOR086C,0,-5.1116004,0.2763568162918091,0.6301564574241638,0.1650071144104004
YNL222W,YLR360W,0,-5.113142,0.2761845290660858,0.6301564574241638,0.16514936089515686
YPL231W,YIL138C,0,-5.1148834,0.27601245045661926,0.6301564574241638,0.16529160737991333
YBR214W,YLL028W,0,-5.115618,0.2758406102657318,0.6301564574241638,0.1654338538646698
YML057W,YLR136C,0,-5.1157475,0.2756689488887787,0.6301564574241638,0.16557610034942627
YGR295C,YHR175W,0,-5.1170597,0.27549752593040466,0.6301564574241638,0.16571834683418274
YNL257C,YDL130W-A,0,-5.1171937,0.27532628178596497,0.6301564574241638,0.1658605933189392
YMR224C,YIL006W,0,-5.1196427,0.27515527606010437,0.6301564574241638,0.16600283980369568
YDR318W,YBR050C,0,-5.1224694,0.2749844789505005,0.6301564574241638,0.16614508628845215
YOL051W,YLR369W,0,-5.123151,0.2748138904571533,0.6301564574241638,0.16628733277320862
YNL091W,YLL024C,0,-5.1239133,0.27464351058006287,0.6301564574241638,0.16642959415912628
YDR116C,YPL173W,0,-5.1243644,0.2744733691215515,0.6301564574241638,0.16657184064388275
YOL126C,YMR313C,0,-5.125911,0.2743034064769745,0.6301564574241638,0.16671408712863922
YER166W,YPL253C,0,-5.1262827,0.2741336524486542,0.6301564574241638,0.1668563336133957
YMR224C,YDR116C,0,-5.129576,0.27396413683891296,0.6301564574241638,0.16699858009815216
YAL058W,YHR204W,1,-5.1300054,0.2744128406047821,0.6315789222717285,0.16699858009815216
YOR351C,YNL091W,0,-5.130076,0.2742433547973633,0.6315789222717285,0.16714082658290863
YBR125C,YLR337C,0,-5.132137,0.27407407760620117,0.6315789222717285,0.1672830730676651
YLR220W,YOL136C,0,-5.1339827,0.2739050090312958,0.6315789222717285,0.16742531955242157
YML013W,YDR363W-A,1,-5.1358542,0.27435263991355896,0.633001446723938,0.16742531955242157
YBR173C,YDR131C,1,-5.1372104,0.27479976415634155,0.6344239115715027,0.16742531955242157
YER154W,YMR139W,0,-5.137809,0.2746305465698242,0.6344239115715027,0.16756756603717804
YJR140C,YPL206C,0,-5.13841,0.2744615375995636,0.6344239115715027,0.1677098125219345
YHR204W,YML013W,1,-5.1386614,0.2749077379703522,0.6358463764190674,0.1677098125219345
YIL106W,YMR293C,0,-5.1434827,0.27473878860473633,0.6358463764190674,0.16785205900669098
YBR195C,YIR015W,0,-5.1437383,0.2745700180530548,0.6358463764190674,0.16799430549144745
YIL043C,YKR003W,0,-5.144377,0.2744014859199524,0.6358463764190674,0.16813655197620392
YMR214W,YDR363W-A,1,-5.1452947,0.274846613407135,0.6372688412666321,0.16813655197620392
YJR084W,YOL155C,0,-5.146054,0.274678111076355,0.6372688412666321,0.1682787984609604
YMR076C,YOR127W,0,-5.146547,0.27450981736183167,0.6372688412666321,0.16842105984687805
YLR399C,YOL067C,0,-5.146579,0.2743417024612427,0.6372688412666321,0.16856330633163452
YMR188C,YNL240C,0,-5.146628,0.2741737961769104,0.6372688412666321,0.168705552816391
YNL071W,YGR091W,0,-5.1476235,0.2740061283111572,0.6372688412666321,0.16884779930114746
YFR027W,YLR354C,0,-5.1499505,0.2738386392593384,0.6372688412666321,0.16899004578590393
YGR132C,YBR127C,0,-5.1536345,0.27367135882377625,0.6372688412666321,0.1691322922706604
YDL229W,YEL020W-A,0,-5.155829,0.2735042870044708,0.6372688412666321,0.16927453875541687
YMR211W,YDR516C,0,-5.1558833,0.27333739399909973,0.6372688412666321,0.16941678524017334
YER166W,YBR216C,0,-5.1561832,0.27317073941230774,0.6372688412666321,0.1695590317249298
YOL077W-A,YGR036C,0,-5.156656,0.2730042636394501,0.6372688412666321,0.16970127820968628
YHR058C,YNL202W,0,-5.1569633,0.2728379964828491,0.6372688412666321,0.16984352469444275
YPR128C,YDR331W,0,-5.157193,0.2726719379425049,0.6372688412666321,0.16998577117919922
YOR039W,YOR045W,0,-5.159159,0.27250608801841736,0.6372688412666321,0.1701280176639557
YDR116C,YBL050W,0,-5.1598153,0.27234041690826416,0.6372688412666321,0.17027026414871216
YGL040C,YMR182C,0,-5.161131,0.27217498421669006,0.6372688412666321,0.17041251063346863
YLR242C,YOL125W,0,-5.1612773,0.2720097005367279,0.6372688412666321,0.1705547720193863
YDL088C,YNL169C,0,-5.162023,0.27184465527534485,0.6372688412666321,0.17069701850414276
YNL005C,YMR236W,0,-5.163359,0.2716798186302185,0.6372688412666321,0.17083926498889923
YPL215W,YHR024C,0,-5.164332,0.2715151607990265,0.6372688412666321,0.1709815114736557
YOR058C,YNL201C,0,-5.164664,0.2713506817817688,0.6372688412666321,0.17112375795841217
YMR044W,YGL104C,0,-5.1647315,0.2711864411830902,0.6372688412666321,0.17126600444316864
YLR370C,YMR268C,0,-5.1660094,0.27102237939834595,0.6372688412666321,0.1714082509279251
YFR027W,YPL022W,0,-5.1660295,0.2708585262298584,0.6372688412666321,0.17155049741268158
YKL182W,YDR243C,0,-5.166571,0.2706948518753052,0.6372688412666321,0.17169274389743805
YBR177C,YDR191W,0,-5.1674495,0.27053138613700867,0.6372688412666321,0.17183499038219452
YLL006W,YLR130C,0,-5.1675973,0.27036812901496887,0.6372688412666321,0.171977236866951
YNL230C,YML013W,1,-5.1715283,0.2708081901073456,0.6386913061141968,0.171977236866951
YMR228W,YOL138C,0,-5.174061,0.2706449627876282,0.6386913061141968,0.17211948335170746
YJL039C,YOR208W,0,-5.1742797,0.2704819142818451,0.6386913061141968,0.17226172983646393
YBR135W,YDL200C,0,-5.1751437,0.2703190743923187,0.6386913061141968,0.1724039763212204
YDR516C,YMR188C,0,-5.175485,0.2701564431190491,0.6386913061141968,0.17254623770713806
YLR016C,YBL103C,0,-5.1760564,0.26999399065971375,0.6386913061141968,0.17268848419189453
YGL155W,YMR149W,0,-5.1762195,0.26983171701431274,0.6386913061141968,0.172830730676651
YML071C,YJR126C,0,-5.177112,0.26966968178749084,0.6386913061141968,0.17297297716140747
YNL314W,YBR214W,0,-5.1780076,0.2695077955722809,0.6386913061141968,0.17311522364616394
YDR143C,YBR082C,1,-5.178763,0.26994600892066956,0.6401137709617615,0.17311522364616394
YKR039W,YDR481C,0,-5.1800156,0.26978418231010437,0.6401137709617615,0.1732574701309204
YAL009W,YJL222W,0,-5.181457,0.2696225345134735,0.6401137709617615,0.17339971661567688
YBL035C,YMR267W,0,-5.182102,0.269461065530777,0.6401137709617615,0.17354196310043335
YGR213C,YPR139C,0,-5.183369,0.26929983496665955,0.6401137709617615,0.17368420958518982
YOR336W,YDR494W,0,-5.1859035,0.26913875341415405,0.6401137709617615,0.1738264560699463
YLR423C,YPL028W,0,-5.1867166,0.2689778804779053,0.6401137709617615,0.17396870255470276
YKL184W,YAL016W,0,-5.1887035,0.2688172161579132,0.6401137709617615,0.17411094903945923
YOR080W,YNL026W,0,-5.188952,0.26865673065185547,0.6401137709617615,0.1742531955242157
YNL099C,YML095C,0,-5.1901565,0.26849642395973206,0.6401137709617615,0.17439544200897217
YJR066W,YBR058C,0,-5.1907716,0.26833632588386536,0.6401137709617615,0.17453768849372864
YBR214W,YBR293W,0,-5.1924105,0.268176406621933,0.6401137709617615,0.1746799498796463
YER154W,YPR139C,0,-5.192907,0.26801666617393494,0.6401137709617615,0.17482219636440277
YLL018C-A,YKL125W,0,-5.194656,0.2678571343421936,0.6401137709617615,0.17496444284915924
YHL048W,YCR020C,0,-5.1950607,0.267697811126709,0.6401137709617615,0.1751066893339157
YPL233W,YBL011W,0,-5.19512,0.2675386369228363,0.6401137709617615,0.17524893581867218
YDR118W,YBR173C,1,-5.1961675,0.2679738700389862,0.641536295413971,0.17524893581867218
YDR527W,YOR195W,0,-5.198602,0.2678147256374359,0.641536295413971,0.17539118230342865
YHR204W,YIR011C,1,-5.200928,0.2682492434978485,0.6429587602615356,0.17539118230342865
YBR089C-A,YBL035C,0,-5.2014832,0.268090158700943,0.6429587602615356,0.17553342878818512
YDR363W-A,YLR025W,1,-5.2017393,0.26852402091026306,0.6443812251091003,0.17553342878818512
YML051W,YJR031C,0,-5.202089,0.26836493611335754,0.6443812251091003,0.1756756752729416
YCR039C,YER095W,0,-5.2058396,0.26820603013038635,0.6443812251091003,0.17581792175769806
YHL048W,YBL061C,0,-5.206658,0.2680473327636719,0.6443812251091003,0.17596016824245453
YJL155C,YGL104C,0,-5.206985,0.2678888142108917,0.6443812251091003,0.176102414727211
YJR138W,YIL106W,0,-5.2076488,0.2677305042743683,0.6443812251091003,0.17624466121196747
YDR424C,YBR230C,0,-5.2089677,0.2675723433494568,0.6443812251091003,0.17638690769672394
YDL154W,YBR228W,0,-5.2121572,0.267414391040802,0.6443812251091003,0.1765291541814804
YDR155C,YGL040C,0,-5.213433,0.26725664734840393,0.6443812251091003,0.17667141556739807
YNL230C,YML088W,1,-5.2145457,0.26768869161605835,0.645803689956665,0.17667141556739807
YDR054C,YJL073W,1,-5.2149787,0.2681201994419098,0.6472261548042297,0.17667141556739807
YNL326C,YHR105W,0,-5.217498,0.2679623067378998,0.6472261548042297,0.17681366205215454
YBR243C,YOR151C,0,-5.217745,0.2678045928478241,0.6472261548042297,0.176955908536911
YLR231C,YJL054W,0,-5.217754,0.26764705777168274,0.6472261548042297,0.17709815502166748
YER015W,YBR037C,0,-5.218268,0.2674897015094757,0.6472261548042297,0.17724040150642395
YGL003C,YOR259C,1,-5.219854,0.2679201066493988,0.6486486196517944,0.17724040150642395
YPR057W,YNL240C,0,-5.222776,0.26776278018951416,0.6486486196517944,0.17738264799118042
YGR181W,YPR133W-A,0,-5.22366,0.26760563254356384,0.6486486196517944,0.1775248944759369
YNL147W,YNL257C,0,-5.22455,0.26744869351387024,0.6486486196517944,0.17766714096069336
YPR001W,YCR075C,0,-5.2252803,0.2672919034957886,0.6486486196517944,0.17780938744544983
YDR116C,YJL039C,0,-5.225336,0.2671353220939636,0.6486486196517944,0.1779516339302063
YLR085C,YGL168W,0,-5.2258396,0.266978919506073,0.6486486196517944,0.17809388041496277
YMR035W,YGR075C,0,-5.2271495,0.2668226957321167,0.6486486196517944,0.17823612689971924
YPL133C,YBL102W,0,-5.2280803,0.2666666805744171,0.6486486196517944,0.1783783733844757
YNL257C,YIL039W,0,-5.2287717,0.26651081442832947,0.6486486196517944,0.17852061986923218
YDR288W,YDL130W-A,0,-5.2298203,0.26635512709617615,0.6486486196517944,0.17866286635398865
YML104C,YJL025W,0,-5.2298493,0.26619964838027954,0.6486486196517944,0.1788051277399063
YCR068W,YOL028C,0,-5.230617,0.26604434847831726,0.6486486196517944,0.17894737422466278
YGR124W,YOR069W,0,-5.2307024,0.2658892273902893,0.6486486196517944,0.17908962070941925
YLR207W,YDR143C,1,-5.232266,0.2663170099258423,0.6500711441040039,0.17908962070941925
YBR175W,YBR293W,0,-5.233217,0.2661619186401367,0.6500711441040039,0.17923186719417572
YML071C,YFL005W,0,-5.236201,0.2660069763660431,0.6500711441040039,0.1793741136789322
YPR182W,YPL234C,0,-5.2363825,0.2658522427082062,0.6500711441040039,0.17951636016368866
YMR189W,YOL138C,0,-5.2376523,0.2656976878643036,0.6500711441040039,0.17965860664844513
YKR100C,YBR152W,0,-5.239466,0.26554328203201294,0.6500711441040039,0.1798008531332016
YPL176C,YBR173C,1,-5.240075,0.26596981287002563,0.6514936089515686,0.1798008531332016
YDR197W,YAL017W,0,-5.240559,0.2658154368400574,0.6514936089515686,0.17994309961795807
YER095W,YGR186W,0,-5.2408166,0.26566123962402344,0.6514936089515686,0.18008534610271454
YHR194W,YLR130C,0,-5.242965,0.2655072510242462,0.6514936089515686,0.180227592587471
YGL040C,YLR043C,0,-5.2434373,0.26535341143608093,0.6514936089515686,0.18036983907222748
YER017C,YMR162C,0,-5.2435317,0.26519978046417236,0.6514936089515686,0.18051208555698395
YBL040C,YNL021W,0,-5.244746,0.26504629850387573,0.6514936089515686,0.18065433204174042
YDR118W,YNL230C,1,-5.245226,0.26547136902809143,0.6529160737991333,0.18065433204174042
YOR039W,YGR095C,0,-5.2453227,0.2653179168701172,0.6529160737991333,0.18079659342765808
YEL053C,YMR228W,0,-5.246179,0.26516464352607727,0.6529160737991333,0.18093883991241455
YMR060C,YAL047C,0,-5.2472568,0.2650115489959717,0.6529160737991333,0.18108108639717102
YLR116W,YPL072W,0,-5.2480493,0.2648586332798004,0.6529160737991333,0.1812233328819275
YML104C,YDR100W,0,-5.2492223,0.2647058963775635,0.6529160737991333,0.18136557936668396
YDR118W,YBR082C,1,-5.2494936,0.2651296854019165,0.654338538646698,0.18136557936668396
YDR118W,YDR054C,1,-5.250839,0.26555299758911133,0.6557610034942627,0.18136557936668396
YCR075C,YER154W,0,-5.25118,0.26540011167526245,0.6557610034942627,0.18150782585144043
YOL054W,YOR208W,0,-5.2524304,0.2652474045753479,0.6557610034942627,0.1816500723361969
YOR326W,YBR279W,0,-5.2530093,0.2650948762893677,0.6557610034942627,0.18179231882095337
YPR103W,YPL176C,1,-5.25302,0.2655172348022461,0.6571835279464722,0.18179231882095337
YBR109C,YNL021W,0,-5.2540298,0.26536473631858826,0.6571835279464722,0.18193456530570984
YHL048W,YBR133C,0,-5.2540574,0.26521238684654236,0.6571835279464722,0.1820768117904663
YGL077C,YGL028C,0,-5.256073,0.2650602459907532,0.6571835279464722,0.18221905827522278
YGR154C,YOR086C,0,-5.256428,0.2649082541465759,0.6571835279464722,0.18236130475997925
YBR010W,YDL084W,0,-5.2564983,0.264756441116333,0.6571835279464722,0.18250355124473572
YLR459W,YDL171C,0,-5.2571626,0.2646048069000244,0.6571835279464722,0.1826457977294922
YPL255W,YJR053W,0,-5.257417,0.26445335149765015,0.6571835279464722,0.18278804421424866
YDL069C,YMR158W,0,-5.2574177,0.2643020451068878,0.6571835279464722,0.18293030560016632
YBR221C,YOR208W,0,-5.258455,0.2641509473323822,0.6571835279464722,0.1830725520849228
YDR320C-A,YLR332W,0,-5.2587924,0.2639999985694885,0.6571835279464722,0.18321479856967926
YDR365C,YOL010W,0,-5.2602463,0.2638492286205292,0.6571835279464722,0.18335704505443573
YMR198W,YPL196W,0,-5.2619224,0.26369863748550415,0.6571835279464722,0.1834992915391922
YJL058C,YAL002W,0,-5.2628703,0.26354819536209106,0.6571835279464722,0.18364153802394867
YNL161W,YOL072W,0,-5.2632318,0.2633979618549347,0.6571835279464722,0.18378378450870514
YCL004W,YFL005W,0,-5.2647166,0.26324787735939026,0.6571835279464722,0.1839260309934616
YDR511W,YJL203W,0,-5.265745,0.26309794187545776,0.6571835279464722,0.18406827747821808
YGL003C,YGR048W,1,-5.266187,0.2635173499584198,0.6586059927940369,0.18406827747821808
YCL029C,YDR383C,0,-5.2670474,0.2633674740791321,0.6586059927940369,0.18421052396297455
YGL240W,YCL052C,1,-5.2673793,0.263786256313324,0.6600284576416016,0.18421052396297455
YBR177C,YMR150C,0,-5.2682137,0.26363635063171387,0.6600284576416016,0.18435277044773102
YBL019W,YJR057W,0,-5.2684216,0.2634866535663605,0.6600284576416016,0.1844950169324875
YBR039W,YDR311W,0,-5.269941,0.263337105512619,0.6600284576416016,0.18463726341724396
YDR440W,YJR010C-A,0,-5.2703724,0.2631877362728119,0.6600284576416016,0.18477950990200043
YMR177W,YBR005W,0,-5.2727427,0.2630385458469391,0.6600284576416016,0.1849217712879181
YMR008C,YDR334W,0,-5.272911,0.2628895044326782,0.6600284576416016,0.18506401777267456
YOR371C,YLR360W,0,-5.273314,0.2627406716346741,0.6600284576416016,0.18520626425743103
YDL069C,YOR336W,0,-5.274025,0.2625919580459595,0.6600284576416016,0.1853485107421875
YHR174W,YDR388W,0,-5.2743893,0.2624434530735016,0.6600284576416016,0.18549075722694397
YDR197W,YDR294C,0,-5.275165,0.26229506731033325,0.6600284576416016,0.18563300371170044
YBL019W,YLR136C,0,-5.2758675,0.26214689016342163,0.6600284576416016,0.1857752501964569
YPL005W,YDR533C,0,-5.2782683,0.26199886202812195,0.6600284576416016,0.18591749668121338
YDL240W,YDR116C,0,-5.2788286,0.2618510127067566,0.6600284576416016,0.18605974316596985
YBR135W,YER123W,0,-5.279078,0.26170334219932556,0.6600284576416016,0.18620198965072632
YDR510W,YPR140W,0,-5.2793717,0.26155582070350647,0.6600284576416016,0.1863442361354828
YBR195C,YER005W,0,-5.281174,0.2614084482192993,0.6600284576416016,0.18648648262023926
YBL019W,YLR394W,0,-5.2818174,0.2612612545490265,0.6600284576416016,0.18662872910499573
YGL003C,YFR052W,1,-5.283485,0.26167699694633484,0.6614509224891663,0.18662872910499573
YPR047W,YIL147C,0,-5.2836504,0.261529803276062,0.6614509224891663,0.1867709755897522
YDR142C,YGL062W,0,-5.2846074,0.2613827884197235,0.6614509224891663,0.18691322207450867
YBL019W,YEL059C-A,0,-5.2855244,0.26123595237731934,0.6614509224891663,0.18705548346042633
YNL031C,YHR012W,0,-5.286106,0.2610892653465271,0.6614509224891663,0.1871977299451828
YDL017W,YDR155C,0,-5.286307,0.2609427571296692,0.6614509224891663,0.18733997642993927
YML013W,YBR082C,1,-5.287172,0.26135727763175964,0.662873387336731,0.18733997642993927
YNR030W,YOL028C,0,-5.2871966,0.26121076941490173,0.662873387336731,0.18748222291469574
YGL190C,YLR240W,0,-5.2881417,0.26106444001197815,0.662873387336731,0.1876244693994522
YBL040C,YBR089C-A,0,-5.2882953,0.2609182596206665,0.662873387336731,0.18776671588420868
YJL121C,YNL138W,0,-5.2883086,0.2607722580432892,0.662873387336731,0.18790896236896515
YJR057W,YDR243C,0,-5.28925,0.2606264054775238,0.662873387336731,0.18805120885372162
YOL067C,YIL068C,0,-5.289911,0.26048070192337036,0.662873387336731,0.1881934553384781
YLL001W,YDR073W,0,-5.2899575,0.26033520698547363,0.662873387336731,0.18833570182323456
YNR041C,YFL003C,0,-5.2905345,0.26018983125686646,0.662873387336731,0.18847794830799103
YOR193W,YDL103C,0,-5.293357,0.2600446343421936,0.662873387336731,0.1886201947927475
YDR183W,YER125W,0,-5.2938533,0.2598996162414551,0.662873387336731,0.18876244127750397
YOR025W,YBR089C-A,0,-5.294711,0.2597547471523285,0.662873387336731,0.18890468776226044
YGL240W,YML088W,1,-5.2955384,0.26016712188720703,0.6642958521842957,0.18890468776226044
YLR291C,YLR240W,0,-5.2964187,0.26002228260040283,0.6642958521842957,0.1890469342470169
YLR136C,YJR126C,0,-5.297563,0.2598775625228882,0.6642958521842957,0.18918919563293457
YKL152C,YDR320C,0,-5.2986374,0.25973305106163025,0.6642958521842957,0.18933144211769104
YLR210W,YBR199W,0,-5.29917,0.25958865880966187,0.6642958521842957,0.1894736886024475
YLR167W,YOR270C,0,-5.2993264,0.2594444453716278,0.6642958521842957,0.18961593508720398
YCR065W,YJR140C,0,-5.300648,0.2593003809452057,0.6642958521842957,0.18975818157196045
YGR183C,YDR510W,0,-5.301083,0.2591564953327179,0.6642958521842957,0.18990042805671692
YBL040C,YGL059W,0,-5.302766,0.25901275873184204,0.6642958521842957,0.1900426745414734
YHR102W,YBL061C,0,-5.3053393,0.2588691711425781,0.6642958521842957,0.19018492102622986
YJR063W,YOR270C,0,-5.3058214,0.25872576236724854,0.6642958521842957,0.19032716751098633
YOR208W,YNL206C,0,-5.3063626,0.2585825026035309,0.6642958521842957,0.1904694139957428
YDR243C,YHR143W-A,0,-5.3078985,0.25843939185142517,0.6642958521842957,0.19061166048049927
YMR121C,YDR238C,0,-5.3088527,0.2582964599132538,0.6642958521842957,0.19075390696525574
YGL187C,YPR139C,0,-5.309317,0.25815367698669434,0.6642958521842957,0.1908961534500122
YHR059W,YLR154C,0,-5.309731,0.2580110430717468,0.6642958521842957,0.19103839993476868
YGL223C,YNL314W,0,-5.310575,0.25786858797073364,0.6642958521842957,0.19118066132068634
YMR060C,YBL050W,0,-5.311395,0.2577262818813324,0.6642958521842957,0.1913229078054428
YGR074W,YDR320C,0,-5.3123155,0.2575841248035431,0.6642958521842957,0.19146515429019928
YLR078C,YGR178C,0,-5.3130755,0.2574421167373657,0.6642958521842957,0.19160740077495575
YPR128C,YDR116C,0,-5.315389,0.2573002874851227,0.6642958521842957,0.19174964725971222
YEL019C,YGR091W,0,-5.315513,0.2571585774421692,0.6642958521842957,0.1918918937444687
YLR332W,YFL036W,0,-5.315677,0.25701704621315,0.6642958521842957,0.19203414022922516
YML059C,YJR014W,0,-5.316875,0.2568756937980652,0.6642958521842957,0.19217638671398163
YOR173W,YBR117C,0,-5.317644,0.2567344605922699,0.6642958521842957,0.1923186331987381
YGR036C,YLR043C,0,-5.3177648,0.25659340620040894,0.6642958521842957,0.19246087968349457
YLR210W,YKR031C,0,-5.317865,0.2564525008201599,0.6642958521842957,0.19260312616825104
YDR155C,YGR005C,0,-5.3179955,0.2563117444515228,0.6642958521842957,0.1927453726530075
YFR027W,YLL006W,0,-5.3200665,0.2561711370944977,0.6642958521842957,0.19288761913776398
YHR059W,YKR025W,0,-5.320595,0.25603070855140686,0.6642958521842957,0.19302986562252045
YAL039C,YOL055C,0,-5.3208594,0.2558903992176056,0.6642958521842957,0.19317211210727692
YDR155C,YHR024C,0,-5.3214097,0.25575026869773865,0.6642958521842957,0.19331437349319458
YMR033W,YOL065C,0,-5.322848,0.25561028718948364,0.6642958521842957,0.19345661997795105
YPL227C,YHL048W,0,-5.323071,0.2554704546928406,0.6642958521842957,0.19359886646270752
YMR313C,YMR293C,0,-5.324429,0.25533077120780945,0.6642958521842957,0.193741112947464
YPR103W,YDR363W-A,1,-5.3261156,0.25573769211769104,0.6657183766365051,0.193741112947464
YDR116C,YDL140C,0,-5.3262954,0.2555980384349823,0.6657183766365051,0.19388335943222046
YDR098C,YMR150C,0,-5.3270025,0.2554585039615631,0.6657183766365051,0.19402560591697693
YHR059W,YHR181W,0,-5.3277326,0.25531914830207825,0.6657183766365051,0.1941678524017334
YDR098C,YOR086C,0,-5.328528,0.2551799416542053,0.6657183766365051,0.19431009888648987
YOR037W,YPL072W,0,-5.3294845,0.25504088401794434,0.6657183766365051,0.19445234537124634
YPR001W,YDR388W,0,-5.330137,0.2549019753932953,0.6657183766365051,0.1945945918560028
YBR202W,YHR072W-A,0,-5.3302703,0.2547631859779358,0.6657183766365051,0.19473683834075928
YOL095C,YAR003W,0,-5.330563,0.254624605178833,0.6657183766365051,0.19487908482551575
YHR104W,YNL021W,0,-5.3308296,0.2544861435890198,0.6657183766365051,0.19502133131027222
YNL053W,YML025C,0,-5.3310823,0.2543478310108185,0.6657183766365051,0.1951635777950287
YNL031C,YGR101W,0,-5.331405,0.2542096674442291,0.6657183766365051,0.19530583918094635
YPL209C,YGR104C,0,-5.3332987,0.2540716528892517,0.6657183766365051,0.19544808566570282
YNL230C,YDR363W-A,1,-5.333533,0.254476398229599,0.6671408414840698,0.19544808566570282
YBL038W,YGL122C,0,-5.3338857,0.2543383836746216,0.6671408414840698,0.1955903321504593
YER166W,YLR312W-A,0,-5.33489,0.2542005479335785,0.6671408414840698,0.19573257863521576
YPL268W,YDR320C,0,-5.3374515,0.25406283140182495,0.6671408414840698,0.19587482511997223
YBR089C-A,YMR183C,0,-5.3377566,0.25392529368400574,0.6671408414840698,0.1960170716047287
YMR068W,YMR044W,0,-5.339441,0.2537878751754761,0.6671408414840698,0.19615931808948517
YGR206W,YNL206C,0,-5.3395324,0.25365063548088074,0.6671408414840698,0.19630156457424164
YPR128C,YGR132C,0,-5.340773,0.25351351499557495,0.6671408414840698,0.1964438110589981
YIR015W,YOR010C,0,-5.341306,0.2533765435218811,0.6671408414840698,0.19658605754375458
YDR452W,YBR228W,0,-5.3413796,0.2532397508621216,0.6671408414840698,0.19672830402851105
YMR199W,YML008C,0,-5.34168,0.2531030774116516,0.6671408414840698,0.19687055051326752
YER174C,YIL138C,0,-5.342186,0.2529665529727936,0.6671408414840698,0.197012796998024
YGL040C,YNL201C,0,-5.3423433,0.2528301775455475,0.6671408414840698,0.19715504348278046
YDL079C,YDL188C,0,-5.343058,0.25269395112991333,0.6671408414840698,0.19729728996753693
YBL068W,YHR088W,0,-5.3432426,0.2525579035282135,0.6671408414840698,0.1974395513534546
YIL099W,YAL011W,0,-5.3444915,0.25242194533348083,0.6671408414840698,0.19758179783821106
YJL060W,YOL102C,0,-5.344547,0.2522861659526825,0.6671408414840698,0.19772404432296753
YER017C,YOR371C,0,-5.3450265,0.2521505355834961,0.6671408414840698,0.197866290807724
YBR210W,YMR267W,0,-5.3459487,0.25201505422592163,0.6671408414840698,0.19800853729248047
YOR195W,YGR020C,0,-5.346665,0.2518796920776367,0.6671408414840698,0.19815078377723694
YMR162C,YHR205W,0,-5.347709,0.25174450874328613,0.6671408414840698,0.1982930302619934
YBR254C,YER005W,0,-5.3484607,0.2516094446182251,0.6671408414840698,0.19843527674674988
YJL095W,YPL232W,0,-5.3488297,0.251474529504776,0.6671408414840698,0.19857752323150635
YOL077W-A,YEL058W,0,-5.349303,0.25133976340293884,0.6671408414840698,0.19871976971626282
YBL051C,YFR003C,0,-5.3495917,0.2512051463127136,0.6671408414840698,0.1988620162010193
YMR256C,YOL049W,0,-5.3497148,0.25107067823410034,0.6671408414840698,0.19900426268577576
YOR234C,YDR086C,0,-5.350147,0.2509363293647766,0.6671408414840698,0.19914650917053223
YNL021W,YBL103C,0,-5.350995,0.2508021295070648,0.6671408414840698,0.1992887556552887
YBR298C,YDR484W,0,-5.3522806,0.25066807866096497,0.6671408414840698,0.19943101704120636
YPL119C,YDL200C,0,-5.3531947,0.25053417682647705,0.6671408414840698,0.19957326352596283
YDR191W,YNL026W,0,-5.353662,0.2504004240036011,0.6671408414840698,0.1997155100107193
YNR072W,YOR137C,0,-5.35423,0.25026682019233704,0.6671408414840698,0.19985775649547577
YMR298W,YNL016W,0,-5.355844,0.25013333559036255,0.6671408414840698,0.20000000298023224
YCL011C,YDL105W,0,-5.355929,0.25,0.6671408414840698,0.2001422494649887
YLR165C,YOL006C,0,-5.356467,0.2498668134212494,0.6671408414840698,0.20028449594974518
YLR100W,YML072C,0,-5.357281,0.24973376095294952,0.6671408414840698,0.20042674243450165
YDR295C,YHR058C,0,-5.3576045,0.2496008574962616,0.6671408414840698,0.20056898891925812
YOR324C,YBR279W,0,-5.3576407,0.24946808815002441,0.6671408414840698,0.2007112354040146
YIR033W,YIR018W,0,-5.3582397,0.24933545291423798,0.6671408414840698,0.20085348188877106
YGR154C,YMR201C,0,-5.3626285,0.24920298159122467,0.6671408414840698,0.20099572837352753
YOR100C,YGR258C,0,-5.3639455,0.24907062947750092,0.6671408414840698,0.201137974858284
YER107C,YLR312W-A,0,-5.3655624,0.2489384263753891,0.6671408414840698,0.20128022134304047
YBR021W,YHR205W,0,-5.366737,0.24880637228488922,0.6671408414840698,0.20142246782779694
YKL078W,YOL012C,0,-5.3671203,0.2486744374036789,0.6671408414840698,0.2015647292137146
YBL056W,YLR329W,0,-5.367419,0.2485426664352417,0.6671408414840698,0.20170697569847107
YNR012W,YOL028C,0,-5.3676324,0.24841101467609406,0.6671408414840698,0.20184922218322754
YPL046C,YLR207W,1,-5.3678727,0.24880889058113098,0.6685633063316345,0.20184922218322754
YMR119W,YDR260C,1,-5.3709755,0.24920634925365448,0.6699857711791992,0.20184922218322754
YDL099W,YDR322W,0,-5.3716626,0.2490745633840561,0.6699857711791992,0.201991468667984
YBR020W,YGL145W,0,-5.3720145,0.24894291162490845,0.6699857711791992,0.20213371515274048
YBR167C,YOL138C,0,-5.3723836,0.24881140887737274,0.6699857711791992,0.20227596163749695
YER170W,YJR059W,0,-5.3737955,0.24868004024028778,0.6699857711791992,0.20241820812225342
YGR181W,YPL183W-A,0,-5.3741508,0.24854880571365356,0.6699857711791992,0.2025604546070099
YJR094C,YMR313C,0,-5.375546,0.2484177201986313,0.6699857711791992,0.20270270109176636
YBR245C,YLR451W,0,-5.375647,0.24828676879405975,0.6699857711791992,0.20284494757652283
YNL015W,YGR178C,0,-5.3773293,0.24815595149993896,0.6699857711791992,0.2029871940612793
YGR167W,YNL326C,0,-5.3773637,0.24802528321743011,0.6699857711791992,0.20312944054603577
YGL003C,YDR143C,1,-5.377772,0.2484210580587387,0.6714082360267639,0.20312944054603577
YIL112W,YPL234C,0,-5.3795977,0.24829037487506866,0.6714082360267639,0.20327168703079224
YJL060W,YIR018W,0,-5.3796387,0.24815982580184937,0.6714082360267639,0.2034139335155487
YHR200W,YPL176C,1,-5.382402,0.24855491518974304,0.6728307008743286,0.2034139335155487
YDL171C,YEL019C,0,-5.38265,0.24842436611652374,0.6728307008743286,0.20355619490146637
YLR459W,YJL184W,0,-5.38302,0.24829396605491638,0.6728307008743286,0.20369844138622284
YHR013C,YER154W,0,-5.385751,0.24816370010375977,0.6728307008743286,0.2038406878709793
YNL123W,YDL103C,0,-5.387132,0.2480335533618927,0.6728307008743286,0.20398293435573578
YBR125C,YPL234C,0,-5.3873153,0.24790357053279877,0.6728307008743286,0.20412518084049225
YHR072W-A,YGL226C-A,0,-5.3874707,0.24777370691299438,0.6728307008743286,0.20426742732524872
YCR002C,YGR185C,0,-5.387585,0.24764397740364075,0.6728307008743286,0.2044096738100052
YCL029C,YGR091W,0,-5.3878946,0.24751439690589905,0.6728307008743286,0.20455192029476166
YDR047W,YLR240W,0,-5.388926,0.2473849356174469,0.6728307008743286,0.20469416677951813
YOL136C,YDL103C,0,-5.3892345,0.2472556233406067,0.6728307008743286,0.2048364132642746
YOR232W,YNL326C,0,-5.3893156,0.24712643027305603,0.6728307008743286,0.20497865974903107
YLR284C,YDR075W,0,-5.3893843,0.2469973862171173,0.6728307008743286,0.20512090623378754
YMR158W,YHR069C,0,-5.3897853,0.24686847627162933,0.6728307008743286,0.205263152718544
YFL025C,YML088W,1,-5.389956,0.24726134538650513,0.6742532253265381,0.205263152718544
YLR433C,YGR295C,0,-5.3901525,0.24713243544101715,0.6742532253265381,0.20540539920330048
YML125C,YOR353C,0,-5.3902564,0.24700364470481873,0.6742532253265381,0.20554764568805695
YML027W,YNR021W,0,-5.390512,0.24687500298023224,0.6742532253265381,0.2056899070739746
YFL056C,YOL125W,0,-5.393484,0.2467464804649353,0.6742532253265381,0.20583215355873108
YDR435C,YDR311W,0,-5.394069,0.2466181069612503,0.6742532253265381,0.20597440004348755
YML059C,YEL058W,0,-5.394281,0.24648985266685486,0.6742532253265381,0.20611664652824402
YPL161C,YBR131W,0,-5.395593,0.24636174738407135,0.6742532253265381,0.2062588930130005
YIR011C,YDR002W,1,-5.3983593,0.2467532455921173,0.6756756901741028,0.2062588930130005
YCR002C,YNL147W,0,-5.3984437,0.2466251254081726,0.6756756901741028,0.20640113949775696
YGR074W,YKL184W,0,-5.398751,0.24649713933467865,0.6756756901741028,0.20654338598251343
YGL236C,YNL091W,0,-5.3991957,0.24636928737163544,0.6756756901741028,0.2066856324672699
YOR142W,YPR133W-A,0,-5.3995585,0.24624156951904297,0.6756756901741028,0.20682787895202637
YBR199W,YDL095W,0,-5.4004817,0.24611398577690125,0.6756756901741028,0.20697012543678284
YHR175W,YAL048C,0,-5.4007783,0.24598653614521027,0.6756756901741028,0.2071123719215393
YBR245C,YIR034C,0,-5.402351,0.24585922062397003,0.6756756901741028,0.20725461840629578
YDR158W,YBL067C,0,-5.402409,0.24573202431201935,0.6756756901741028,0.20739686489105225
YLR131C,YMR006C,0,-5.403526,0.2456049621105194,0.6756756901741028,0.20753911137580872
YGL077C,YBL011W,0,-5.4056144,0.24547803401947021,0.6756756901741028,0.20768137276172638
YLR210W,YNL044W,0,-5.40642,0.24535124003887177,0.6756756901741028,0.20782361924648285
YNL015W,YPL232W,0,-5.407407,0.24522458016872406,0.6756756901741028,0.20796586573123932
YOR322C,YIL006W,0,-5.4074855,0.2450980395078659,0.6756756901741028,0.2081081122159958
YGL240W,YGL058W,1,-5.408583,0.24548736214637756,0.6770981550216675,0.2081081122159958
YDR365C,YBR222C,0,-5.4088173,0.2453608214855194,0.6770981550216675,0.20825035870075226
YGR214W,YPR074C,0,-5.4088597,0.245234414935112,0.6770981550216675,0.20839260518550873
YOL012C,YOL065C,0,-5.4101405,0.24510814249515533,0.6770981550216675,0.2085348516702652
YIL079C,YFR010W,0,-5.4104505,0.24498198926448822,0.6770981550216675,0.20867709815502167
YML125C,YMR008C,0,-5.414532,0.24485597014427185,0.6770981550216675,0.20881934463977814
YEL019C,YGL025C,0,-5.415374,0.24473007023334503,0.6770981550216675,0.2089615911245346
YMR029C,YOR274W,0,-5.4154477,0.24460431933403015,0.6770981550216675,0.20910383760929108
YOR244W,YFR024C-A,0,-5.4157314,0.24447868764400482,0.6770981550216675,0.20924608409404755
YEL058W,YLR357W,0,-5.4165955,0.24435319006443024,0.6770981550216675,0.20938833057880402
YLR242C,YGR023W,0,-5.4168525,0.2442278116941452,0.6770981550216675,0.20953057706356049
YBR038W,YGR074W,0,-5.4170957,0.2441025674343109,0.6770981550216675,0.20967282354831696
YNL161W,YNR072W,0,-5.4185767,0.24397744238376617,0.6770981550216675,0.20981508493423462
YNR030W,YNL071W,0,-5.4187713,0.24385246634483337,0.6770981550216675,0.2099573314189911
YNL257C,YJL222W,0,-5.4188294,0.24372759461402893,0.6770981550216675,0.21009957790374756
YBR179C,YGL022W,0,-5.419459,0.24360287189483643,0.6770981550216675,0.21024182438850403
YCR002C,YLL027W,0,-5.4208937,0.24347825348377228,0.6770981550216675,0.2103840708732605
YOR232W,YML038C,0,-5.4209123,0.24335378408432007,0.6770981550216675,0.21052631735801697
YLR284C,YKL194C,0,-5.4234023,0.2432294338941574,0.6770981550216675,0.21066856384277344
YGL126W,YJL036W,0,-5.423709,0.2431052029132843,0.6770981550216675,0.2108108103275299
YGL001C,YEL059C-A,0,-5.4243283,0.24298110604286194,0.6770981550216675,0.21095305681228638
YOL023W,YDL240W,0,-5.425302,0.24285714328289032,0.6770981550216675,0.21109530329704285
YDR311W,YDR470C,0,-5.4275784,0.24273329973220825,0.6770981550216675,0.21123754978179932
YJR050W,YOL102C,0,-5.4282317,0.24260957539081573,0.6770981550216675,0.2113797962665558
YDR252W,YBR221C,0,-5.4289823,0.24248598515987396,0.6770981550216675,0.21152204275131226
YCL029C,YDL124W,0,-5.42938,0.24236252903938293,0.6770981550216675,0.21166428923606873
YDR221W,YGR183C,0,-5.430619,0.24223919212818146,0.6770981550216675,0.2118065506219864
YIR004W,YNL113W,0,-5.4309573,0.24211597442626953,0.6770981550216675,0.21194879710674286
YLR220W,YOR005C,0,-5.4315276,0.24199287593364716,0.6770981550216675,0.21209104359149933
YOR239W,YNL027W,0,-5.4322324,0.24186991155147552,0.6770981550216675,0.2122332900762558
YLR207W,YHR204W,1,-5.433043,0.24225495755672455,0.6785206198692322,0.2122332900762558
YGL003C,YHR204W,1,-5.4331927,0.24263960123062134,0.6799430847167969,0.2122332900762558
YNL161W,YNL123W,0,-5.433511,0.24251648783683777,0.6799430847167969,0.21237553656101227
YIL007C,YBR082C,1,-5.4342017,0.24290060997009277,0.6813655495643616,0.21237553656101227
YKL146W,YDL099W,0,-5.4344068,0.2427774965763092,0.6813655495643616,0.21251778304576874
YBL105C,YMR149W,0,-5.4348164,0.24265450239181519,0.6813655495643616,0.2126600295305252
YGL226C-A,YGR186W,0,-5.435105,0.2425316423177719,0.6813655495643616,0.21280227601528168
YJL101C,YPL232W,0,-5.435126,0.2424089014530182,0.6813655495643616,0.21294452250003815
YDL192W,YIL138C,0,-5.43525,0.2422862946987152,0.6813655495643616,0.21308676898479462
YDL154W,YOR124C,0,-5.4368353,0.24216380715370178,0.6813655495643616,0.2132290154695511
YAL058W,YFR052W,1,-5.4378285,0.24254673719406128,0.682788074016571,0.2132290154695511
YDR331W,YDR395W,0,-5.4381547,0.24242424964904785,0.682788074016571,0.21337126195430756
YIL106W,YDL140C,0,-5.4382043,0.24230186641216278,0.682788074016571,0.21351350843906403
YJL073W,YBR082C,1,-5.43934,0.24268415570259094,0.6842105388641357,0.21351350843906403
YNR017W,YDR484W,0,-5.439669,0.24256177246570587,0.6842105388641357,0.2136557549238205
YKR048C,YDR104C,0,-5.440228,0.24243952333927155,0.6842105388641357,0.21379800140857697
YCL026C-A,YJR014W,0,-5.440477,0.24231737852096558,0.6842105388641357,0.21394026279449463
YLR312W-A,YBR014C,0,-5.441541,0.24219536781311035,0.6842105388641357,0.2140825092792511
YGL058W,YDR002W,1,-5.441837,0.2425767481327057,0.6856330037117004,0.2140825092792511
YFR024C-A,YOR161C,0,-5.442538,0.24245472252368927,0.6856330037117004,0.21422475576400757
YFR029W,YFL005W,0,-5.4443116,0.2423328310251236,0.6856330037117004,0.21436700224876404
YJL014W,YBR168W,0,-5.44609,0.24221105873584747,0.6856330037117004,0.2145092487335205
YOR173W,YOR226C,0,-5.446242,0.2420894056558609,0.6856330037117004,0.21465149521827698
YDR424C,YNL107W,0,-5.446362,0.24196787178516388,0.6856330037117004,0.21479374170303345
YOL065C,YLR371W,0,-5.446448,0.2418464571237564,0.6856330037117004,0.21493598818778992
YLR357W,YOR069W,0,-5.4492855,0.24172517657279968,0.6856330037117004,0.2150782346725464
YNR010W,YGR197C,0,-5.4494185,0.2416040152311325,0.6856330037117004,0.21522048115730286
YBR210W,YNL044W,0,-5.4508195,0.24148297309875488,0.6856330037117004,0.21536272764205933
YDR533C,YML011C,0,-5.451031,0.2413620501756668,0.6856330037117004,0.2155049741268158
YOL051W,YDR243C,0,-5.452257,0.2412412464618683,0.6856330037117004,0.21564722061157227
YFL055W,YDR523C,0,-5.454139,0.24112056195735931,0.6856330037117004,0.21578946709632874
YGL240W,YLR025W,1,-5.4556603,0.24150000512599945,0.6870554685592651,0.21578946709632874
YKR049C,YMR186W,0,-5.456186,0.24137930572032928,0.6870554685592651,0.2159317284822464
YLR025W,YDR002W,1,-5.4573255,0.24175824224948883,0.6884779334068298,0.2159317284822464
YOR336W,YMR267W,0,-5.4608126,0.24163754284381866,0.6884779334068298,0.21607397496700287
YPL140C,YPL104W,0,-5.4625773,0.24151696264743805,0.6884779334068298,0.21621622145175934
YGR028W,YBL052C,0,-5.46258,0.24139650166034698,0.6884779334068298,0.2163584679365158
YMR211W,YDR295C,0,-5.4630914,0.24127617478370667,0.6884779334068298,0.21650071442127228
YDL047W,YHR106W,0,-5.4632044,0.2411559522151947,0.6884779334068298,0.21664296090602875
YLR399C,YOR162C,0,-5.4632297,0.24103586375713348,0.6884779334068298,0.21678520739078522
YKL194C,YGL145W,0,-5.463296,0.24091587960720062,0.6884779334068298,0.2169274538755417
YCR028C-A,YMR216C,0,-5.4634376,0.2407960146665573,0.6884779334068298,0.21706970036029816
YML051W,YMR186W,0,-5.4634805,0.24067628383636475,0.6884779334068298,0.21721194684505463
YDR197W,YBL005W,0,-5.4650784,0.24055665731430054,0.6884779334068298,0.2173541933298111
YGR098C,YGR154C,0,-5.4651103,0.24043716490268707,0.6884779334068298,0.21749643981456757
YAR050W,YML072C,0,-5.466273,0.24031777679920197,0.6884779334068298,0.21763868629932404
YDR331W,YBR245C,0,-5.466415,0.2401985079050064,0.6884779334068298,0.2177809327840805
YGL003C,YAL058W,1,-5.4676576,0.2405754029750824,0.6899003982543945,0.2177809327840805
YHR143W-A,YDR045C,0,-5.4678206,0.24045611917972565,0.6899003982543945,0.21792317926883698
YBR039W,YDL095W,0,-5.468982,0.24033696949481964,0.6899003982543945,0.21806544065475464
YLR117C,YPL028W,0,-5.4690027,0.240217924118042,0.6899003982543945,0.2182076871395111
YML102W,YDR104C,0,-5.472173,0.2400990128517151,0.6899003982543945,0.21834993362426758
YHR118C,YPL022W,0,-5.4731736,0.23998020589351654,0.6899003982543945,0.21849218010902405
YBR243C,YOR195W,0,-5.473186,0.23986151814460754,0.6899003982543945,0.21863442659378052
YLR025W,YDR131C,1,-5.47451,0.2402372658252716,0.691322922706604,0.21863442659378052
YNL071W,YNL072W,0,-5.474548,0.2401185780763626,0.691322922706604,0.218776673078537
YOR353C,YKL058W,0,-5.475547,0.23999999463558197,0.691322922706604,0.21891891956329346
YOR142W,YKL170W,0,-5.4764233,0.23988154530525208,0.691322922706604,0.21906116604804993
YCL052C,YDR131C,1,-5.477332,0.24025653302669525,0.6927453875541687,0.21906116604804993
YKL125W,YLR130C,0,-5.4786777,0.24013806879520416,0.6927453875541687,0.2192034125328064
YGR178C,YGR239C,0,-5.4787116,0.24001970887184143,0.6927453875541687,0.21934565901756287
YHR175W,YGL059W,0,-5.479741,0.23990148305892944,0.6927453875541687,0.21948790550231934
YAL031C,YNL304W,0,-5.4804606,0.2397833615541458,0.6927453875541687,0.2196301519870758
YBR228W,YDL098C,0,-5.4812355,0.23966535925865173,0.6927453875541687,0.21977239847183228
YBR089C-A,YPL232W,0,-5.481248,0.239547461271286,0.6927453875541687,0.21991464495658875
YBR279W,YHR034C,0,-5.481342,0.23942969739437103,0.6927453875541687,0.2200569063425064
YOR239W,YDL154W,0,-5.4814725,0.2393120378255844,0.6927453875541687,0.22019915282726288
YPL101W,YGL257C,0,-5.4828095,0.23919449746608734,0.6927453875541687,0.22034139931201935
YGL025C,YDR183W,0,-5.483261,0.23907707631587982,0.6927453875541687,0.22048364579677582
YNL240C,YML015C,0,-5.48366,0.23895975947380066,0.6927453875541687,0.2206258922815323
YLR354C,YLR043C,0,-5.4836984,0.23884257674217224,0.6927453875541687,0.22076813876628876
YER107C,YDR092W,0,-5.484341,0.238725483417511,0.6927453875541687,0.22091038525104523
YNR072W,YJL036W,0,-5.4846873,0.23860852420330048,0.6927453875541687,0.2210526317358017
YCR065W,YGL226C-A,0,-5.484837,0.23849166929721832,0.6927453875541687,0.22119487822055817
YKR065C,YNL222W,0,-5.4848924,0.23837493360042572,0.6927453875541687,0.22133712470531464
YOR173W,YAL048C,0,-5.487608,0.23825831711292267,0.6927453875541687,0.2214793711900711
YLR423C,YLR284C,0,-5.4883733,0.23814180493354797,0.6927453875541687,0.22162161767482758
YDR047W,YGR089W,0,-5.4883957,0.23802541196346283,0.6927453875541687,0.22176386415958405
YJR094C,YKL094W,0,-5.4891562,0.23790913820266724,0.6927453875541687,0.22190611064434052
YJR069C,YKR100C,0,-5.489675,0.23779296875,0.6927453875541687,0.22204835712909698
YDR054C,YPL046C,1,-5.4909773,0.2381649613380432,0.6941678524017334,0.22204835712909698
YDR334W,YHR106W,0,-5.491277,0.23804877698421478,0.6941678524017334,0.22219061851501465
YNR030W,YCL004W,0,-5.49166,0.2379327118396759,0.6941678524017334,0.22233286499977112
YDR397C,YGL137W,0,-5.4929442,0.23781676590442657,0.6941678524017334,0.2224751114845276
YAL058W,YMR276W,1,-5.494041,0.2381880134344101,0.6955903172492981,0.2224751114845276
YNL021W,YNL304W,0,-5.4945335,0.23807205259799957,0.6955903172492981,0.22261735796928406
YMR188C,YNL053W,0,-5.4950876,0.2379562109708786,0.6955903172492981,0.22275960445404053
YGR036C,YEL058W,0,-5.4956517,0.237840473651886,0.6955903172492981,0.222901850938797
YDR347W,YMR183C,0,-5.4965286,0.23772484064102173,0.6955903172492981,0.22304409742355347
YLR117C,YDL210W,0,-5.4967566,0.23760932683944702,0.6955903172492981,0.22318634390830994
YLR231C,YDR113C,0,-5.4971895,0.23749393224716187,0.6955903172492981,0.2233285903930664
YBL019W,YBR279W,0,-5.4980464,0.23737864196300507,0.6955903172492981,0.22347083687782288
YFL025C,YLR025W,1,-5.5000653,0.2377486675977707,0.6970127820968628,0.22347083687782288
YDR383C,YLR251W,0,-5.500468,0.2376333624124527,0.6970127820968628,0.22361308336257935
YOR372C,YLR357W,0,-5.5016694,0.23751817643642426,0.6970127820968628,0.22375532984733582
YNR010W,YHR143W-A,0,-5.501936,0.23740309476852417,0.6970127820968628,0.22389757633209229
YLR113W,YGL189C,0,-5.5028625,0.23728813230991364,0.6970127820968628,0.22403982281684875
YOR080W,YOR336W,0,-5.503384,0.23717328906059265,0.6970127820968628,0.22418208420276642
YER088C,YCR009C,0,-5.503831,0.23705853521823883,0.6970127820968628,0.2243243306875229
YBR179C,YDR228C,0,-5.505093,0.23694390058517456,0.6970127820968628,0.22446657717227936
YFL025C,YDR363W-A,1,-5.506061,0.2373127043247223,0.6984353065490723,0.22446657717227936
YFL029C,YGL254W,0,-5.5064683,0.23719806969165802,0.6984353065490723,0.22460882365703583
YDL161W,YOR372C,0,-5.5070004,0.2370835393667221,0.6984353065490723,0.2247510701417923
YBR077C,YGL022W,0,-5.507416,0.23696911334991455,0.6984353065490723,0.22489331662654877
YJL091C,YPL112C,0,-5.507762,0.23685480654239655,0.6984353065490723,0.22503556311130524
YPL173W,YPL253C,0,-5.507901,0.2367406040430069,0.6984353065490723,0.2251778095960617
YBR038W,YOR212W,0,-5.5090947,0.2366265058517456,0.6984353065490723,0.22532005608081818
YNL139C,YPL138C,0,-5.5091405,0.23651252686977386,0.6984353065490723,0.22546230256557465
YJR005W,YBR018C,0,-5.511343,0.23639865219593048,0.6984353065490723,0.22560454905033112
YNL236W,YML072C,0,-5.51249,0.23628489673137665,0.6984353065490723,0.22574679553508759
YNL048W,YDR397C,0,-5.5132985,0.23617123067378998,0.6984353065490723,0.22588904201984406
YOR098C,YHR154W,0,-5.5143847,0.23605769872665405,0.6984353065490723,0.22603128850460052
YBR057C,YDL095W,0,-5.5145135,0.2359442561864853,0.6984353065490723,0.226173534989357
YCR039C,YNL072W,0,-5.5145707,0.23583093285560608,0.6984353065490723,0.22631579637527466
YKL189W,YNL202W,0,-5.5194974,0.23571771383285522,0.6984353065490723,0.22645804286003113
YPR057W,YLR071C,0,-5.5204463,0.23560459911823273,0.6984353065490723,0.2266002893447876
YJR084W,YHR080C,0,-5.521266,0.23549160361289978,0.6984353065490723,0.22674253582954407
YPL280W,YMR285C,0,-5.5222564,0.2353787124156952,0.6984353065490723,0.22688478231430054
YNL230C,YPL046C,1,-5.5228705,0.23574508726596832,0.699857771396637,0.22688478231430054
YJL073W,YPL176C,1,-5.5230784,0.2361111044883728,0.7012802362442017,0.22688478231430054
YGL240W,YBR173C,1,-5.5231986,0.23647677898406982,0.7027027010917664,0.22688478231430054
YPL155C,YGL104C,0,-5.523311,0.23636363446712494,0.7027027010917664,0.227027028799057
YDL137W,YOR095C,0,-5.523458,0.2362505942583084,0.7027027010917664,0.22716927528381348
YJR138W,YBR077C,0,-5.5261564,0.23613767325878143,0.7027027010917664,0.22731152176856995
YHL019C,YMR213W,0,-5.526692,0.23602484166622162,0.7027027010917664,0.22745376825332642
YNL183C,YML059C,0,-5.527459,0.23591212928295135,0.7027027010917664,0.22759601473808289
YOR259C,YDR363W-A,1,-5.5276017,0.23627685010433197,0.704125165939331,0.22759601473808289
YPL101W,YIR015W,0,-5.528497,0.2361641228199005,0.704125165939331,0.22773826122283936
YDL240W,YDR381W,0,-5.5292954,0.2360514998435974,0.704125165939331,0.22788050770759583
YDL047W,YMR099C,0,-5.5296874,0.23593899607658386,0.704125165939331,0.2280227541923523
YMR119W,YGL003C,1,-5.5305157,0.23630300164222717,0.7055476307868958,0.2280227541923523
YBL038W,YJL109C,0,-5.5316978,0.23619048297405243,0.7055476307868958,0.22816500067710876
YMR119W,YNL230C,1,-5.5320306,0.23655402660369873,0.7069701552391052,0.22816500067710876
YPL046C,YDR131C,1,-5.5329413,0.23691722750663757,0.7083926200866699,0.22816500067710876
YGL055W,YBR216C,0,-5.533429,0.2368045598268509,0.7083926200866699,0.22830726206302643
YHR121W,YJL222W,0,-5.533549,0.23669201135635376,0.7083926200866699,0.2284495085477829
YMR162C,YBR057C,0,-5.533812,0.23657956719398499,0.7083926200866699,0.22859175503253937
YLR206W,YKR100C,0,-5.5354285,0.23646724224090576,0.7083926200866699,0.22873400151729584
YPR051W,YBL056W,0,-5.5359845,0.2363550066947937,0.7083926200866699,0.2288762480020523
YML042W,YKR102W,0,-5.5361967,0.2362428903579712,0.7083926200866699,0.22901849448680878
YDR191W,YFR024C-A,0,-5.536259,0.23613086342811584,0.7083926200866699,0.22916074097156525
YER166W,YHR034C,0,-5.5389977,0.23601895570755005,0.7083926200866699,0.22930298745632172
YPL019C,YMR293C,0,-5.5396647,0.2359071522951126,0.7083926200866699,0.22944523394107819
YDR054C,YAL058W,1,-5.5398164,0.23626893758773804,0.7098150849342346,0.22944523394107819
YLL027W,YBR175W,0,-5.5405707,0.2361571192741394,0.7098150849342346,0.22958748042583466
YDR524C,YOR195W,0,-5.5406766,0.23604540526866913,0.7098150849342346,0.22972972691059113
YDR096W,YPR178W,0,-5.5406966,0.2359338104724884,0.7098150849342346,0.2298719733953476
YDR383C,YFR010W,0,-5.5415254,0.23582230508327484,0.7098150849342346,0.23001421988010406
YDR318W,YNL169C,0,-5.541997,0.23571091890335083,0.7098150849342346,0.23015646636486053
YJR097W,YLR139C,0,-5.5437827,0.23559962213039398,0.7098150849342346,0.230298712849617
YLR117C,YHR205W,0,-5.5439763,0.23548844456672668,0.7098150849342346,0.23044097423553467
YEL022W,YCL004W,0,-5.545112,0.23537735641002655,0.7098150849342346,0.23058322072029114
YLR284C,YOL155C,0,-5.545167,0.23526638746261597,0.7098150849342346,0.2307254672050476
YDL088C,YDL244W,0,-5.546454,0.23515550792217255,0.7098150849342346,0.23086771368980408
YLR451W,YMR293C,0,-5.548246,0.23504474759101868,0.7098150849342346,0.23100996017456055
YHL019C,YDR047W,0,-5.5489254,0.23493409156799316,0.7098150849342346,0.23115220665931702
YDR320C,YOR010C,0,-5.5489893,0.23482352495193481,0.7098150849342346,0.2312944531440735
YGL223C,YKR039W,0,-5.549769,0.23471307754516602,0.7098150849342346,0.23143669962882996
YOR254C,YLR305C,0,-5.5506063,0.23460271954536438,0.7098150849342346,0.23157894611358643
YLR005W,YJR019C,0,-5.550845,0.2344924807548523,0.7098150849342346,0.2317211925983429
YDR501W,YNL222W,0,-5.555041,0.23438234627246857,0.7098150849342346,0.23186343908309937
YOL012C,YMR296C,0,-5.556803,0.234272301197052,0.7098150849342346,0.23200568556785583
YPL280W,YDR137W,0,-5.5575585,0.2341623604297638,0.7098150849342346,0.2321479320526123
YOR320C,YKL015W,0,-5.557751,0.23405253887176514,0.7098150849342346,0.23229017853736877
YKL073W,YOR230W,0,-5.558146,0.23394280672073364,0.7098150849342346,0.23243242502212524
YPL081W,YOR270C,0,-5.558334,0.2338331788778305,0.7098150849342346,0.2325746864080429
YDL079C,YPL252C,0,-5.559831,0.23372365534305573,0.7098150849342346,0.23271693289279938
YGR295C,YDL098C,0,-5.5611653,0.2336142361164093,0.7098150849342346,0.23285917937755585
YHR121W,YDR419W,0,-5.561873,0.23350490629673004,0.7098150849342346,0.23300142586231232
YDR085C,YNL044W,0,-5.5621734,0.23339569568634033,0.7098150849342346,0.2331436723470688
YNL091W,YKR003W,0,-5.562202,0.23328658938407898,0.7098150849342346,0.23328591883182526
YJL157C,YDL084W,0,-5.56302,0.2331775724887848,0.7098150849342346,0.23342816531658173
YJR140C,YPL232W,0,-5.5640216,0.23306865990161896,0.7098150849342346,0.2335704118013382
YIL112W,YKL176C,0,-5.5642524,0.23295985162258148,0.7098150849342346,0.23371265828609467
YGL189C,YGL049C,0,-5.5643735,0.23285114765167236,0.7098150849342346,0.23385490477085114
YKR085C,YCL004W,0,-5.565471,0.2327425330877304,0.7098150849342346,0.2339971512556076
YJL014W,YLR459W,0,-5.5656548,0.232634037733078,0.7098150849342346,0.23413939774036407
YBR290W,YDR131C,1,-5.5660353,0.23299160599708557,0.7112375497817993,0.23413939774036407
YDR054C,YGL003C,1,-5.5662107,0.23334886133670807,0.712660014629364,0.23413939774036407
YGL012W,YGL016W,0,-5.5668683,0.23324021697044373,0.712660014629364,0.23428164422512054
YNL230C,YJL073W,1,-5.5678096,0.2335970252752304,0.7140824794769287,0.23428164422512054
YNR041C,YFL005W,0,-5.567823,0.23348836600780487,0.7140824794769287,0.23442389070987701
YFR032C-A,YIL039W,0,-5.5684133,0.23337982594966888,0.7140824794769287,0.23456615209579468
YBR010W,YER165W,0,-5.5695777,0.23327137529850006,0.7140824794769287,0.23470839858055115
YML015C,YGR005C,0,-5.5702047,0.2331630289554596,0.7140824794769287,0.23485064506530762
YLR131C,YNL257C,0,-5.570932,0.23305478692054749,0.7140824794769287,0.2349928915500641
YJL060W,YMR186W,0,-5.5713058,0.23294663429260254,0.7140824794769287,0.23513513803482056
YOR039W,YOR018W,0,-5.5723977,0.23283858597278595,0.7140824794769287,0.23527738451957703
YHR194W,YGR023W,0,-5.572528,0.23273064196109772,0.7140824794769287,0.2354196310043335
YEL019C,YIL121W,0,-5.5735693,0.23262280225753784,0.7140824794769287,0.23556187748908997
YGL257C,YNL055C,0,-5.5764246,0.23251505196094513,0.7140824794769287,0.23570412397384644
YPL127C,YNL139C,0,-5.5768094,0.23240740597248077,0.7140824794769287,0.2358463704586029
YKL176C,YGR271C-A,0,-5.576882,0.23229986429214478,0.7140824794769287,0.23598861694335938
YGL171W,YDR334W,0,-5.577352,0.23219241201877594,0.7140824794769287,0.23613086342811584
YCR068W,YNL107W,0,-5.577802,0.23208506405353546,0.7140824794769287,0.23627310991287231
YMR068W,YNL099C,0,-5.5784364,0.23197782039642334,0.7140824794769287,0.23641535639762878
YDR294C,YKL125W,0,-5.578448,0.23187066614627838,0.7140824794769287,0.23655760288238525
YLR002C,YHR072W-A,0,-5.579222,0.23176361620426178,0.7140824794769287,0.23669986426830292
YDR424C,YPL207W,0,-5.5798173,0.23165667057037354,0.7140824794769287,0.2368421107530594
YOR036W,YER125W,0,-5.579867,0.23154981434345245,0.7140824794769287,0.23698435723781586
YBR211C,YLR008C,0,-5.582007,0.23144306242465973,0.7140824794769287,0.23712660372257233
YDR399W,YGR094W,0,-5.5838594,0.23133639991283417,0.7140824794769287,0.2372688502073288
YLR332W,YHR012W,0,-5.5851417,0.23122984170913696,0.7140824794769287,0.23741109669208527
YGR154C,YGL226C-A,0,-5.5853477,0.23112338781356812,0.7140824794769287,0.23755334317684174
YMR267W,YDL168W,0,-5.5854135,0.23101702332496643,0.7140824794769287,0.2376955896615982
YCL004W,YAL009W,0,-5.586212,0.2309107631444931,0.7140824794769287,0.23783783614635468
YCR002C,YDL017W,0,-5.58623,0.23080459237098694,0.7140824794769287,0.23798008263111115
YGL223C,YHR063C,0,-5.5863585,0.23069852590560913,0.7140824794769287,0.23812232911586761
YLR274W,YNR010W,0,-5.5874133,0.23059256374835968,0.7140824794769287,0.23826457560062408
YLR319C,YOR208W,0,-5.5876355,0.2304866909980774,0.7140824794769287,0.23840682208538055
YDL117W,YIL167W,0,-5.5877357,0.23038090765476227,0.7140824794769287,0.23854906857013702
YML011C,YLR005W,0,-5.5887246,0.2302752286195755,0.7140824794769287,0.2386913299560547
YPR037C,YJL203W,0,-5.588986,0.2301696538925171,0.7140824794769287,0.23883357644081116
YML006C,YLR371W,0,-5.5895905,0.23006416857242584,0.7140824794769287,0.23897582292556763
YPL085W,YLR005W,0,-5.5897403,0.22995877265930176,0.7140824794769287,0.2391180694103241
YNL005C,YCR028C-A,0,-5.5905375,0.22985348105430603,0.7140824794769287,0.23926031589508057
YBR179C,YHR104W,0,-5.5906925,0.22974827885627747,0.7140824794769287,0.23940256237983704
YLR139C,YER123W,0,-5.5908494,0.22964318096637726,0.7140824794769287,0.2395448088645935
YBR230C,YNL216W,0,-5.59228,0.2295381873846054,0.7140824794769287,0.23968705534934998
YBL102W,YHR106W,0,-5.5925593,0.22943326830863953,0.7140824794769287,0.23982930183410645
YML104C,YMR228W,0,-5.5930266,0.229328453540802,0.7140824794769287,0.23997154831886292
YLR131C,YOR373W,0,-5.5955815,0.22922374308109283,0.7140824794769287,0.24011379480361938
YBR038W,YLL014W,0,-5.597422,0.22911912202835083,0.7140824794769287,0.24025604128837585
YNL227C,YDR347W,0,-5.5986276,0.22901460528373718,0.7140824794769287,0.24039828777313232
YLR100W,YAL031C,0,-5.599036,0.2289101630449295,0.7140824794769287,0.2405405342578888
YNL322C,YHR037W,0,-5.599526,0.22880584001541138,0.7140824794769287,0.24068278074264526
YPL161C,YDR198C,0,-5.600109,0.22870159149169922,0.7140824794769287,0.24082504212856293
YPL023C,YNL216W,0,-5.600282,0.22859744727611542,0.7140824794769287,0.2409672886133194
YBR202W,YLR291C,0,-5.600582,0.22849340736865997,0.7140824794769287,0.24110953509807587
YGL003C,YPL046C,1,-5.600972,0.22884440422058105,0.7155050039291382,0.24110953509807587
YDL154W,YBL064C,0,-5.600976,0.22874033451080322,0.7155050039291382,0.24125178158283234
YBR177C,YHR034C,0,-5.6049123,0.22863636910915375,0.7155050039291382,0.2413940280675888
YGL223C,YMR186W,0,-5.605619,0.22853247821331024,0.7155050039291382,0.24153627455234528
YFR052W,YPL176C,1,-5.60579,0.2288828343153,0.7169274687767029,0.24153627455234528
YHR204W,YLR025W,1,-5.607145,0.22923286259174347,0.7183499336242676,0.24153627455234528
YLR002C,YDR172W,0,-5.6081357,0.2291288524866104,0.7183499336242676,0.24167852103710175
YGR295C,YMR312W,0,-5.610002,0.2290249466896057,0.7183499336242676,0.24182076752185822
YDL154W,YGL137W,0,-5.6100416,0.22892113029956818,0.7183499336242676,0.24196301400661469
YMR149W,YNR024W,0,-5.610474,0.2288174033164978,0.7183499336242676,0.24210526049137115
YDR156W,YER056C-A,0,-5.6113396,0.2287137657403946,0.7183499336242676,0.24224750697612762
YBR244W,YJR019C,0,-5.6138263,0.22861023247241974,0.7183499336242676,0.2423897534608841
YNL099C,YMR267W,0,-5.6148486,0.22850678861141205,0.7183499336242676,0.24253199994564056
YPL137C,YOL155C,0,-5.614966,0.22840343415737152,0.7183499336242676,0.24267424643039703
YHR059W,YIR033W,0,-5.6151114,0.22830018401145935,0.7183499336242676,0.2428165078163147
YLR394W,YBL103C,0,-5.6154823,0.22819702327251434,0.7183499336242676,0.24295875430107117
YGR061C,YDR424C,0,-5.61591,0.2280939519405365,0.7183499336242676,0.24310100078582764
YLL011W,YKR079C,0,-5.615935,0.22799097001552582,0.7183499336242676,0.2432432472705841
YOL126C,YLR369W,0,-5.6164002,0.2278880923986435,0.7183499336242676,0.24338549375534058
YBR221C,YPL207W,0,-5.6167026,0.22778528928756714,0.7183499336242676,0.24352774024009705
YGL191W,YMR167W,0,-5.616763,0.22768259048461914,0.7183499336242676,0.24366998672485352
YMR068W,YOR142W,0,-5.616778,0.2275799959897995,0.7183499336242676,0.24381223320960999
YLR357W,YDR494W,0,-5.6195087,0.22747747600078583,0.7183499336242676,0.24395447969436646
YDR320C-A,YPL140C,0,-5.6196537,0.2273750603199005,0.7183499336242676,0.24409672617912292
YJR021C,YKL184W,0,-5.6208096,0.22727273404598236,0.7183499336242676,0.2442389726638794
YDR424C,YAL017W,0,-5.622497,0.22717049717903137,0.7183499336242676,0.24438121914863586
YHR058C,YLR251W,0,-5.624178,0.22706834971904755,0.7183499336242676,0.24452346563339233
YCR068W,YHR058C,0,-5.624209,0.22696629166603088,0.7183499336242676,0.2446657121181488
YDL099W,YIR004W,0,-5.6245465,0.22686433792114258,0.7183499336242676,0.24480795860290527
YGR142W,YJL108C,0,-5.624557,0.22676245868206024,0.7183499336242676,0.24495021998882294
YPL101W,YIL006W,0,-5.624661,0.22666068375110626,0.7183499336242676,0.2450924664735794
YNL240C,YDR470C,0,-5.625361,0.22655899822711945,0.7183499336242676,0.24523471295833588
YBR037C,YLR430W,0,-5.6290812,0.2264574021100998,0.7183499336242676,0.24537695944309235
YGL040C,YKL125W,0,-5.631552,0.2263558954000473,0.7183499336242676,0.24551920592784882
YER166W,YHR098C,0,-5.631824,0.22625447809696198,0.7183499336242676,0.24566145241260529
YML092C,YPL176C,1,-5.632528,0.2266009896993637,0.7197723984718323,0.24566145241260529
YFL055W,YBR211C,0,-5.632632,0.2264995574951172,0.7197723984718323,0.24580369889736176
YHR181W,YBR127C,0,-5.6353965,0.22639821469783783,0.7197723984718323,0.24594594538211823
YOR058C,YHR104W,0,-5.635403,0.22629696130752563,0.7197723984718323,0.2460881918668747
YFL056C,YLL006W,0,-5.6354737,0.2261957973241806,0.7197723984718323,0.24623043835163116
YAL054C,YCR039C,0,-5.635507,0.22609472274780273,0.7197723984718323,0.24637268483638763
YGL003C,YGR253C,1,-5.6355653,0.22644037008285522,0.721194863319397,0.24637268483638763
YDL126C,YGL003C,1,-5.6357303,0.22678571939468384,0.7226173281669617,0.24637268483638763
YFL025C,YFR052W,1,-5.6365085,0.2271307408809662,0.7240398526191711,0.24637268483638763
YNL037C,YNL216W,0,-5.6383233,0.2270294427871704,0.7240398526191711,0.2465149313211441
YDR320C-A,YAL048C,0,-5.640123,0.2269282191991806,0.7240398526191711,0.24665717780590057
YML042W,YBL050W,0,-5.6407366,0.22682709991931915,0.7240398526191711,0.24679942429065704
YER105C,YJR021C,0,-5.640803,0.22672605514526367,0.7240398526191711,0.2469416856765747
YKR049C,YOR197W,0,-5.6411633,0.22662511467933655,0.7240398526191711,0.24708393216133118
YBL056W,YIL006W,0,-5.64193,0.2265242487192154,0.7240398526191711,0.24722617864608765
YBR089C-A,YOR270C,0,-5.64327,0.2264234870672226,0.7240398526191711,0.24736842513084412
YIL043C,YOR153W,0,-5.6433005,0.22632281482219696,0.7240398526191711,0.24751067161560059
YDR351W,YDL047W,0,-5.6434174,0.2262222170829773,0.7240398526191711,0.24765291810035706
YGR142W,YOR274W,0,-5.6442394,0.226121723651886,0.7240398526191711,0.24779516458511353
YDL140C,YDR494W,0,-5.647102,0.22602131962776184,0.7240398526191711,0.24793741106987
YNL161W,YOR193W,0,-5.647989,0.22592099010944366,0.7240398526191711,0.24807965755462646
YHR024C,YDR183W,0,-5.6506166,0.22582076489925385,0.7240398526191711,0.24822190403938293
YAL058W,YDR002W,1,-5.6506696,0.2261640727519989,0.7254623174667358,0.24822190403938293
YDR158W,YMR216C,0,-5.6526856,0.2260638326406479,0.7254623174667358,0.2483641505241394
YPR057W,YDR259C,0,-5.652785,0.22596366703510284,0.7254623174667358,0.24850639700889587
YLR130C,YOL138C,0,-5.65282,0.22586359083652496,0.7254623174667358,0.24864864349365234
YDR116C,YPL234C,0,-5.6528287,0.22576361894607544,0.7254623174667358,0.2487908899784088
YDR430C,YHR072W-A,0,-5.653192,0.22566372156143188,0.7254623174667358,0.24893313646316528
YJL172W,YBL005W,0,-5.6532836,0.2255639135837555,0.7254623174667358,0.24907539784908295
YNL027W,YCL018W,0,-5.653531,0.22546419501304626,0.7254623174667358,0.24921764433383942
YFR027W,YGR213C,0,-5.653811,0.2253645658493042,0.7254623174667358,0.2493598908185959
YML031W,YKR062W,0,-5.6559,0.2252650111913681,0.7254623174667358,0.24950213730335236
YDL240W,YPR114W,0,-5.657866,0.22516556084156036,0.7254623174667358,0.24964438378810883
YBL005W,YOR353C,0,-5.6603293,0.2250661998987198,0.7254623174667358,0.2497866302728653
YNL169C,YBL056W,0,-5.661273,0.22496691346168518,0.7254623174667358,0.24992887675762177
YPL233W,YBL103C,0,-5.6614184,0.22486773133277893,0.7254623174667358,0.25007113814353943
YDR511W,YNR021W,0,-5.6615777,0.22476862370967865,0.7254623174667358,0.2502133846282959
YMR023C,YML015C,0,-5.662068,0.22466960549354553,0.7254623174667358,0.25035563111305237
YOL054W,YML055W,0,-5.6623483,0.22457067668437958,0.7254623174667358,0.25049787759780884
YFL050C,YOR324C,0,-5.6630964,0.2244718372821808,0.7254623174667358,0.2506401240825653
YMR316W,YJR110W,0,-5.664939,0.22437307238578796,0.7254623174667358,0.2507823705673218
YPR081C,YPL280W,0,-5.66552,0.2242744117975235,0.7254623174667358,0.25092461705207825
YOR232W,YJR041C,0,-5.6677084,0.224175825715065,0.7254623174667358,0.2510668635368347
YDL154W,YPL133C,0,-5.6696496,0.22407732903957367,0.7254623174667358,0.2512091100215912
YMR198W,YJL129C,0,-5.669927,0.2239789217710495,0.7254623174667358,0.25135135650634766
YDL126C,YDR002W,1,-5.6708736,0.22431957721710205,0.7268847823143005,0.25135135650634766
YDR143C,YLR025W,1,-5.6711793,0.22465993463993073,0.7283072471618652,0.25135135650634766
YLL024C,YBR216C,0,-5.6711874,0.224561408162117,0.7283072471618652,0.2514936029911041
YPR037C,YNR003C,0,-5.6715345,0.22446295619010925,0.7283072471618652,0.2516358494758606
YDR221W,YJR094C,0,-5.6716237,0.22436459362506866,0.7283072471618652,0.25177809596061707
YLR017W,YPR182W,0,-5.672523,0.22426632046699524,0.7283072471618652,0.25192034244537354
YML051W,YJR138W,0,-5.672953,0.22416812181472778,0.7283072471618652,0.25206258893013
YMR256C,YBL002W,0,-5.673621,0.22407002747058868,0.7283072471618652,0.2522048354148865
YDR383C,YAL032C,0,-5.6743255,0.22397200763225555,0.7283072471618652,0.25234708189964294
YNL027W,YLR451W,0,-5.6753516,0.2238740772008896,0.7283072471618652,0.2524893283843994
YOR254C,YDR470C,0,-5.675457,0.2237762212753296,0.7283072471618652,0.2526315748691559
YBL050W,YBR175W,0,-5.6754637,0.22367846965789795,0.7283072471618652,0.25277382135391235
YLR423C,YDR311W,0,-5.675569,0.22358079254627228,0.7283072471618652,0.2529160678386688
YPL119C,YDR383C,0,-5.6757226,0.22348318994045258,0.7283072471618652,0.2530583143234253
YPL101W,YGR089W,0,-5.6760383,0.22338569164276123,0.7283072471618652,0.25320056080818176
YBR135W,YMR039C,0,-5.6761575,0.22328826785087585,0.7283072471618652,0.25334280729293823
YDR533C,YPL233W,0,-5.676245,0.22319093346595764,0.7283072471618652,0.2534850537776947
YLR357W,YOR086C,0,-5.676954,0.2230936884880066,0.7283072471618652,0.25362730026245117
YGL226C-A,YDR484W,0,-5.6789737,0.2229965180158615,0.7283072471618652,0.25376954674720764
YER162C,YER005W,0,-5.680984,0.2228994369506836,0.7283072471618652,0.2539117932319641
YHR204W,YBR173C,1,-5.682203,0.22323760390281677,0.7297297120094299,0.2539117932319641
YDR009W,YLR254C,0,-5.682732,0.22314049303531647,0.7297297120094299,0.2540540397167206
YML027W,YCR043C,0,-5.683745,0.22304347157478333,0.7297297120094299,0.25419631600379944
YGR178C,YPL083C,0,-5.684201,0.22294653952121735,0.7297297120094299,0.2543385624885559
YOR018W,YHR069C,0,-5.684233,0.22284969687461853,0.7297297120094299,0.2544808089733124
YLR433C,YGL025C,0,-5.686374,0.22275292873382568,0.7297297120094299,0.25462305545806885
YDR318W,YFR010W,0,-5.6871085,0.22265625,0.7297297120094299,0.2547653019428253
YPL078C,YJL002C,0,-5.687754,0.22255964577198029,0.7297297120094299,0.2549075484275818
YPL145C,YGR181W,0,-5.688895,0.22246314585208893,0.7297297120094299,0.25504979491233826
YDR322W,YNR024W,0,-5.6890626,0.22236670553684235,0.7297297120094299,0.2551920413970947
YMR296C,YKL196C,0,-5.6899076,0.22227036952972412,0.7297297120094299,0.2553342878818512
YPL101W,YDR221W,0,-5.6913147,0.22217410802841187,0.7297297120094299,0.25547653436660767
YIL090W,YNL049C,0,-5.6914,0.22207792103290558,0.7297297120094299,0.25561878085136414
YIL068C,YJL222W,0,-5.6922526,0.22198182344436646,0.7297297120094299,0.2557610273361206
YOR039W,YDR527W,0,-5.6925635,0.2218858152627945,0.7297297120094299,0.2559032738208771
YJL010C,YOL055C,0,-5.6927233,0.2217898815870285,0.7297297120094299,0.25604552030563354
YDR231C,YOR005C,0,-5.6927996,0.22169403731822968,0.7297297120094299,0.25618776679039
YDR252W,YLR240W,0,-5.693092,0.22159826755523682,0.7297297120094299,0.2563300132751465
YKL218C,YMR149W,0,-5.69406,0.22150258719921112,0.7297297120094299,0.25647225975990295
YHL019C,YOL095C,0,-5.694178,0.2214069962501526,0.7297297120094299,0.2566145062446594
YDR288W,YNL091W,0,-5.696325,0.22131147980690002,0.7297297120094299,0.2567567527294159
YAL031C,YCL018W,0,-5.6968102,0.22121603786945343,0.7297297120094299,0.25689899921417236
YDL200C,YBR103W,0,-5.696888,0.221120685338974,0.7297297120094299,0.25704124569892883
YMR216C,YOR045W,0,-5.698062,0.22102542221546173,0.7297297120094299,0.2571834921836853
YFL025C,YGR048W,1,-5.6983323,0.22136089205741882,0.7311521768569946,0.2571834921836853
YCR039C,YBL027W,0,-5.6986375,0.22126559913158417,0.7311521768569946,0.2573257386684418
YAL039C,YIL106W,0,-5.6989903,0.22117039561271667,0.7311521768569946,0.25746798515319824
YOR372C,YFR010W,0,-5.699456,0.22107526659965515,0.7311521768569946,0.2576102316379547
YBR037C,YJR019C,0,-5.6997876,0.2209802269935608,0.7311521768569946,0.2577524781227112
YMR213W,YDL098C,0,-5.7003284,0.2208852618932724,0.7311521768569946,0.25789472460746765
YPL123C,YLR378C,0,-5.7003965,0.22079037129878998,0.7311521768569946,0.2580369710922241
YJR089W,YJL019W,0,-5.700995,0.22069557011127472,0.7311521768569946,0.2581792175769806
YDR524C,YGL187C,0,-5.7010255,0.22060085833072662,0.7311521768569946,0.25832149386405945
YMR162C,YPL224C,0,-5.7010646,0.2205062210559845,0.7311521768569946,0.2584637403488159
YOL132W,YLR113W,0,-5.7021656,0.22041165828704834,0.7311521768569946,0.2586059868335724
YHL048W,YHR105W,0,-5.7025685,0.22031718492507935,0.7311521768569946,0.25874823331832886
YOL077W-A,YJR140C,0,-5.702863,0.22022278606891632,0.7311521768569946,0.2588904798030853
YKR048C,YLR316C,0,-5.703151,0.22012847661972046,0.7311521768569946,0.2590327262878418
YLR393W,YGL190C,0,-5.7048,0.22003424167633057,0.7311521768569946,0.25917497277259827
YIR034C,YFL005W,0,-5.7055306,0.21994009613990784,0.7311521768569946,0.25931721925735474
YMR183C,YLR240W,0,-5.706228,0.21984602510929108,0.7311521768569946,0.2594594657421112
YDR494W,YKL058W,0,-5.7072988,0.21975202858448029,0.7311521768569946,0.2596017122268677
YPR037C,YER015W,0,-5.709471,0.21965812146663666,0.7311521768569946,0.25974395871162415
YMR198W,YPR051W,0,-5.7107296,0.219564288854599,0.7311521768569946,0.2598862051963806
YGR227W,YOR137C,0,-5.712132,0.2194705307483673,0.7311521768569946,0.2600284516811371
YMR194W,YDR100W,0,-5.7127795,0.21937686204910278,0.7311521768569946,0.26017069816589355
YMR296C,YMR225C,0,-5.716243,0.21928328275680542,0.7311521768569946,0.26031294465065
YDR158W,YBL038W,0,-5.716338,0.21918976306915283,0.7311521768569946,0.2604551911354065
YPL268W,YHR143W-A,0,-5.7163916,0.2190963327884674,0.7311521768569946,0.26059743762016296
YJL129C,YPL207W,0,-5.716454,0.21900297701358795,0.7311521768569946,0.26073968410491943
YMR094W,YGR104C,0,-5.716456,0.21890971064567566,0.7311521768569946,0.2608819305896759
YNL322C,YJL089W,0,-5.7184005,0.21881651878356934,0.7311521768569946,0.2610241770744324
YBR244W,YKL064W,0,-5.7185745,0.21872340142726898,0.7311521768569946,0.26116642355918884
YLR459W,YEL055C,0,-5.718593,0.2186303734779358,0.7311521768569946,0.2613086700439453
YER178W,YJL052W,0,-5.7191052,0.21853742003440857,0.7311521768569946,0.2614509165287018
YML008C,YDR158W,0,-5.719826,0.21844454109668732,0.7311521768569946,0.26159316301345825
YNL023C,YGR192C,0,-5.7206807,0.21835173666477203,0.7311521768569946,0.2617354094982147
YEL019C,YOL028C,0,-5.721348,0.2182590216398239,0.7311521768569946,0.2618776559829712
YOR185C,YOL095C,0,-5.721849,0.21816638112068176,0.7311521768569946,0.26201990246772766
YPL008W,YPL268W,0,-5.7219834,0.21807383000850677,0.7311521768569946,0.26216214895248413
YJR059W,YLR251W,0,-5.7240424,0.21798133850097656,0.7311521768569946,0.2623043954372406
YMR276W,YMR214W,1,-5.724561,0.2183128446340561,0.7325747013092041,0.2623043954372406
YDR533C,YJR014W,0,-5.725145,0.21822033822536469,0.7325747013092041,0.26244667172431946
YCR088W,YPR051W,0,-5.726165,0.21812790632247925,0.7325747013092041,0.2625889182090759
YDL126C,YPL176C,1,-5.7265496,0.21845893561840057,0.7339971661567688,0.2625889182090759
YDR533C,YMR059W,0,-5.727825,0.21836648881435394,0.7339971661567688,0.2627311646938324
YJR040W,YLR043C,0,-5.728235,0.21827411651611328,0.7339971661567688,0.26287341117858887
YMR158W,YGR152C,0,-5.7283626,0.2181818187236786,0.7339971661567688,0.26301565766334534
YDL243C,YNR024W,0,-5.728822,0.21808959543704987,0.7339971661567688,0.2631579041481018
YMR285C,YCR073C,0,-5.729124,0.2179974615573883,0.7339971661567688,0.2633001506328583
YCR075C,YDR259C,0,-5.7297583,0.21790540218353271,0.7339971661567688,0.26344239711761475
YOL095C,YBR146W,0,-5.7305036,0.2178134173154831,0.7339971661567688,0.2635846436023712
YNL169C,YDR334W,0,-5.7314277,0.21772152185440063,0.7339971661567688,0.2637268900871277
YLR293C,YMR188C,0,-5.7320285,0.21762968599796295,0.7339971661567688,0.26386913657188416
YOR080W,YMR216C,0,-5.7321124,0.21753793954849243,0.7339971661567688,0.2640113830566406
YER162C,YBR005W,0,-5.732867,0.21744626760482788,0.7339971661567688,0.2641536295413971
YGL254W,YIL167W,0,-5.733378,0.2173546701669693,0.7339971661567688,0.26429587602615356
YHL019C,YOL012C,0,-5.734098,0.21726316213607788,0.7339971661567688,0.26443812251091003
YOR119C,YJR010C-A,0,-5.734196,0.21717171370983124,0.7339971661567688,0.2645803689956665
YGL003C,YHR200W,1,-5.734368,0.21750105917453766,0.7354196310043335,0.2645803689956665
YGL130W,YOL006C,0,-5.734717,0.21740958094596863,0.7354196310043335,0.264722615480423
YPL231W,YHR154W,0,-5.7380657,0.21731820702552795,0.7354196310043335,0.26486486196517944
YIL106W,YLR020C,0,-5.738791,0.21722689270973206,0.7354196310043335,0.2650071084499359
YAL048C,YGR206W,0,-5.7389035,0.21713565289974213,0.7354196310043335,0.2651493549346924
YBR202W,YDL154W,0,-5.7389894,0.21704450249671936,0.7354196310043335,0.26529160141944885
YHR034C,YER123W,0,-5.739532,0.21695342659950256,0.7354196310043335,0.2654338479042053
YJR083C,YOR226C,0,-5.7404056,0.21686241030693054,0.7354196310043335,0.2655760943889618
YAL058W,YHR200W,1,-5.7406826,0.21719077229499817,0.7368420958518982,0.2655760943889618
YHR044C,YDL084W,0,-5.743015,0.21709974110126495,0.7368420958518982,0.26571834087371826
YDR123C,YBR222C,0,-5.7433553,0.2170087993144989,0.7368420958518982,0.26586058735847473
YNL199C,YLR139C,0,-5.743368,0.21691791713237762,0.7368420958518982,0.2660028338432312
YJL159W,YCR009C,0,-5.743958,0.2168271243572235,0.7368420958518982,0.26614508032798767
YGL045W,YOR162C,0,-5.7462707,0.21673640608787537,0.7368420958518982,0.26628732681274414
YOR208W,YDR217C,0,-5.7462783,0.2166457623243332,0.7368420958518982,0.2664295732975006
YBR290W,YGL003C,1,-5.750379,0.21697324514389038,0.7382645606994629,0.2664295732975006
YKL103C,YDR217C,0,-5.750466,0.21688257157802582,0.7382645606994629,0.26657184958457947
YMR119W,YPL176C,1,-5.750687,0.21720969676971436,0.7396870851516724,0.26657184958457947
YMR188C,YPR043W,0,-5.7509336,0.2171189934015274,0.7396870851516724,0.26671409606933594
YLR346C,YMR099C,0,-5.7511973,0.21702837944030762,0.7396870851516724,0.2668563425540924
YGL001C,YDR381W,0,-5.7512736,0.2169378399848938,0.7396870851516724,0.2669985890388489
YJL101C,YER178W,0,-5.7513757,0.21684737503528595,0.7396870851516724,0.26714083552360535
YOR311C,YKL218C,0,-5.7516513,0.21675698459148407,0.7396870851516724,0.2672830820083618
YKL176C,YDR351W,0,-5.7519417,0.21666666865348816,0.7396870851516724,0.2674253284931183
YER154W,YPR133W-A,0,-5.7522407,0.21657642722129822,0.7396870851516724,0.26756757497787476
YOL077W-A,YOR212W,0,-5.7524095,0.21648626029491425,0.7396870851516724,0.2677098214626312
YPR033C,YOR313C,0,-5.752481,0.21639616787433624,0.7396870851516724,0.2678520679473877
YAL048C,YOR127W,0,-5.7525187,0.2163061499595642,0.7396870851516724,0.26799431443214417
YAL048C,YGR104C,0,-5.753058,0.21621622145175934,0.7396870851516724,0.26813656091690063
YPL101W,YOR018W,0,-5.753528,0.21612635254859924,0.7396870851516724,0.2682788074016571
YPR051W,YKL194C,0,-5.753961,0.21603655815124512,0.7396870851516724,0.2684210538864136
YCR068W,YPL078C,0,-5.7540584,0.21594683825969696,0.7396870851516724,0.26856330037117004
YGR295C,YDR424C,0,-5.7551017,0.21585720777511597,0.7396870851516724,0.2687055468559265
YAL058W,YGL240W,1,-5.7570295,0.21618257462978363,0.7411095499992371,0.2687055468559265
YAR050W,YAL017W,0,-5.7587714,0.21609291434288025,0.7411095499992371,0.268847793340683
YER044C-A,YLR005W,0,-5.759029,0.21600331366062164,0.7411095499992371,0.26899003982543945
YEL053C,YOR036W,0,-5.7597914,0.2159138023853302,0.7411095499992371,0.2691322863101959
YPL280W,YBR216C,0,-5.7605414,0.21582435071468353,0.7411095499992371,0.2692745327949524
YGR197C,YBL067C,0,-5.7625775,0.21573498845100403,0.7411095499992371,0.26941677927970886
YHR055C,YBR010W,0,-5.7629538,0.2156457006931305,0.7411095499992371,0.26955902576446533
YGR253C,YDR002W,1,-5.7642713,0.2159702181816101,0.7425320148468018,0.26955902576446533
YAL058W,YDR363W-A,1,-5.765288,0.21629445254802704,0.7439544796943665,0.26955902576446533
YLL006W,YNL053W,0,-5.76592,0.21620504558086395,0.7439544796943665,0.2697012722492218
YOR324C,YGR023W,0,-5.766645,0.21611569821834564,0.7439544796943665,0.26984351873397827
YKL184W,YPL253C,0,-5.7670217,0.2160264402627945,0.7439544796943665,0.26998576521873474
YDR534C,YOR069W,0,-5.768188,0.21593724191188812,0.7439544796943665,0.2701280117034912
YCL029C,YBR167C,0,-5.768254,0.21584811806678772,0.7439544796943665,0.2702702581882477
YFR001W,YKR059W,0,-5.769421,0.2157590687274933,0.7439544796943665,0.27041250467300415
YPL005W,YGL180W,0,-5.7695136,0.21567010879516602,0.7439544796943665,0.2705547511577606
YPL123C,YKL218C,0,-5.7695985,0.21558120846748352,0.7439544796943665,0.2706970274448395
YPL085W,YMR099C,0,-5.7701054,0.215492382645607,0.7439544796943665,0.27083927392959595
YJL073W,YGL058W,1,-5.771312,0.2158154845237732,0.7453769445419312,0.27083927392959595
YLR154C,YGR186W,0,-5.7719893,0.21572664380073547,0.7453769445419312,0.2709815204143524
YOR212W,YJL109C,0,-5.772229,0.21563786268234253,0.7453769445419312,0.2711237668991089
YPL146C,YFR010W,0,-5.772351,0.21554915606975555,0.7453769445419312,0.27126601338386536
YFL055W,YGL223C,0,-5.773254,0.21546052396297455,0.7453769445419312,0.2714082598686218
YLR175W,YML059C,0,-5.774283,0.2153719663619995,0.7453769445419312,0.2715505063533783
YLR433C,YNL214W,0,-5.774631,0.21528348326683044,0.7453769445419312,0.27169275283813477
YCR068W,YLR240W,0,-5.774937,0.21519507467746735,0.7453769445419312,0.27183499932289124
YGR239C,YOR127W,0,-5.7764287,0.21510672569274902,0.7453769445419312,0.2719772458076477
YDR294C,YER160C,0,-5.7765985,0.21501846611499786,0.7453769445419312,0.2721194922924042
YGL240W,YNL230C,1,-5.776786,0.21534045040607452,0.7467994093894958,0.2721194922924042
YCR046C,YJL054W,0,-5.7767873,0.21525214612483978,0.7467994093894958,0.27226173877716064
YDR118W,YHR204W,1,-5.777786,0.2155737727880478,0.7482219338417053,0.27226173877716064
YER166W,YOR295W,0,-5.7785006,0.21548545360565186,0.7482219338417053,0.2724039852619171
YFL016C,YPL207W,0,-5.779119,0.2153972089290619,0.7482219338417053,0.2725462317466736
YIL019W,YBR254C,0,-5.779161,0.2153090536594391,0.7482219338417053,0.27268847823143005
YNR017W,YLR312W-A,0,-5.779696,0.21522094309329987,0.7482219338417053,0.2728307247161865
YMR268C,YJL121C,0,-5.7806597,0.2151329219341278,0.7482219338417053,0.272972971200943
YJR083C,YER088C,0,-5.7811837,0.21504497528076172,0.7482219338417053,0.27311521768569946
YJR138W,YIL013C,0,-5.7813582,0.2149570882320404,0.7482219338417053,0.27325746417045593
YPL008W,YBR057C,0,-5.7814097,0.21486927568912506,0.7482219338417053,0.2733997106552124
YLR229C,YMR216C,0,-5.7817864,0.21478153765201569,0.7482219338417053,0.27354195713996887
YOR320C,YGL104C,0,-5.7818313,0.21469387412071228,0.7482219338417053,0.27368420362472534
YBR179C,YJR014W,0,-5.782218,0.21460628509521484,0.7482219338417053,0.2738264501094818
YGL226C-A,YNL339C,0,-5.783192,0.21451875567436218,0.7482219338417053,0.2739686965942383
YER088C,YGR192C,0,-5.783213,0.21443131566047668,0.7482219338417053,0.27411094307899475
YDR331W,YHR181W,0,-5.783281,0.21434393525123596,0.7482219338417053,0.2742531895637512
YOR058C,YDR383C,0,-5.784966,0.21425661444664001,0.7482219338417053,0.2743954360485077
YDR294C,YPL058C,0,-5.785897,0.21416938304901123,0.7482219338417053,0.27453768253326416
YBR125C,YKR100C,0,-5.7860856,0.21408221125602722,0.7482219338417053,0.27467992901802063
YDR096W,YOR119C,0,-5.786806,0.21399511396884918,0.7482219338417053,0.2748222053050995
YOR058C,YEL055C,0,-5.7868104,0.2139080911874771,0.7482219338417053,0.27496445178985596
YHR204W,YGR048W,1,-5.788054,0.21422764658927917,0.74964439868927,0.27496445178985596
YDR047W,YNL044W,0,-5.788217,0.21414059400558472,0.74964439868927,0.2751066982746124
YJL095W,YMR039C,0,-5.788854,0.21405361592769623,0.74964439868927,0.2752489447593689
YOR232W,YDR073W,0,-5.7897305,0.2139667123556137,0.74964439868927,0.27539119124412537
YML031W,YPL234C,0,-5.789758,0.21387986838817596,0.74964439868927,0.27553343772888184
YGR095C,YOR162C,0,-5.7908382,0.2137930989265442,0.74964439868927,0.2756756842136383
YIL015W,YCR102C,0,-5.791136,0.21370640397071838,0.74964439868927,0.2758179306983948
YMR198W,YMR150C,0,-5.7920203,0.21361978352069855,0.74964439868927,0.27596017718315125
YMR224C,YNL044W,0,-5.7926087,0.2135332226753235,0.74964439868927,0.2761024236679077
YKR049C,YBR244W,0,-5.792914,0.2134467363357544,0.74964439868927,0.2762446701526642
YMR214W,YDR131C,1,-5.793204,0.2137651890516281,0.7510668635368347,0.2762446701526642
YHR034C,YKR062W,0,-5.794881,0.21367867290973663,0.7510668635368347,0.27638691663742065
YML055W,YKL166C,0,-5.7959237,0.21359223127365112,0.7510668635368347,0.2765291631221771
YGR154C,YDR104C,0,-5.796091,0.21350586414337158,0.7510668635368347,0.2766714096069336
YER154W,YMR076C,0,-5.796205,0.21341955661773682,0.7510668635368347,0.27681365609169006
YFL055W,YHL048W,0,-5.7969475,0.2133333384990692,0.7510668635368347,0.27695590257644653
YLR106C,YOR232W,0,-5.797034,0.2132471799850464,0.7510668635368347,0.277098149061203
YOL086C,YPR043W,0,-5.7983155,0.21316108107566833,0.7510668635368347,0.2772403955459595
YCL018W,YJR043C,0,-5.799523,0.21307505667209625,0.7510668635368347,0.27738264203071594
YPL231W,YMR296C,0,-5.7999725,0.21298910677433014,0.7510668635368347,0.2775248885154724
YLR274W,YPR140W,0,-5.8014793,0.21290323138237,0.7510668635368347,0.2776671350002289
YML057W,YPL186C,0,-5.803317,0.21281741559505463,0.7510668635368347,0.27780938148498535
YHL048W,YNR021W,0,-5.804344,0.21273167431354523,0.7510668635368347,0.2779516279697418
YKL182W,YMR150C,0,-5.8051953,0.2126459926366806,0.7510668635368347,0.2780938744544983
YLR131C,YDL112W,0,-5.8060074,0.21256038546562195,0.7510668635368347,0.27823612093925476
YOL023W,YOR372C,0,-5.8067193,0.21247485280036926,0.7510668635368347,0.27837836742401123
YLR274W,YOR322C,0,-5.8074174,0.21238937973976135,0.7510668635368347,0.2785206139087677
YLR355C,YCR046C,0,-5.8075833,0.2123039811849594,0.7510668635368347,0.27866286039352417
YGR132C,YMR263W,0,-5.8085904,0.21221864223480225,0.7510668635368347,0.27880510687828064
YER017C,YLR251W,0,-5.8086386,0.21213339269161224,0.7510668635368347,0.2789473831653595
YOL155C,YOR228C,0,-5.8110404,0.21204818785190582,0.7510668635368347,0.27908962965011597
YML071C,YBL103C,0,-5.81109,0.21196307241916656,0.7510668635368347,0.27923187613487244
YCR065W,YDR045C,0,-5.81191,0.21187801659107208,0.7510668635368347,0.2793741226196289
YER141W,YER154W,0,-5.8122144,0.21179302036762238,0.7510668635368347,0.2795163691043854
YFL025C,YGL003C,1,-5.8122435,0.2121090590953827,0.7524893283843994,0.2795163691043854
YDR243C,YGL126W,0,-5.8130393,0.2120240479707718,0.7524893283843994,0.27965861558914185
YLR312W-A,YDR388W,0,-5.813105,0.21193909645080566,0.7524893283843994,0.2798008620738983
YOR151C,YLR240W,0,-5.8146496,0.2118542194366455,0.7524893283843994,0.2799431085586548
YOL049W,YCL018W,0,-5.815744,0.21176941692829132,0.7524893283843994,0.28008535504341125
YMR211W,YBR222C,0,-5.8160267,0.2116846740245819,0.7524893283843994,0.2802276015281677
YMR119W,YML013W,1,-5.8169284,0.21199999749660492,0.7539117932319641,0.2802276015281677
YJL106W,YBR199W,0,-5.8191733,0.21191523969173431,0.7539117932319641,0.2803698480129242
YGL240W,YMR214W,1,-5.8192315,0.21223022043704987,0.7553342580795288,0.2803698480129242
YLR100W,YBR152W,0,-5.819651,0.21214543282985687,0.7553342580795288,0.28051209449768066
YJL019W,YDL188C,0,-5.8208175,0.21206070482730865,0.7553342580795288,0.28065434098243713
YBR290W,YHR204W,1,-5.821586,0.21237525343894958,0.7567567825317383,0.28065434098243713
YKR059W,YML025C,0,-5.821957,0.21229049563407898,0.7567567825317383,0.2807965874671936
YPL083C,YJL222W,0,-5.822899,0.21220582723617554,0.7567567825317383,0.2809388339519501
YDR435C,YDR077W,0,-5.825079,0.21212121844291687,0.7567567825317383,0.28108108043670654
YGL124C,YBR050C,0,-5.825913,0.21203666925430298,0.7567567825317383,0.281223326921463
YKR003W,YMR241W,0,-5.826281,0.21195219457149506,0.7567567825317383,0.2813655734062195
YOL067C,YDR484W,0,-5.826715,0.2118677794933319,0.7567567825317383,0.28150781989097595
YJR040W,YOR010C,0,-5.8272333,0.21178343892097473,0.7567567825317383,0.2816500663757324
YMR213W,YLR237W,0,-5.827271,0.21169915795326233,0.7567567825317383,0.2817923128604889
YAL016W,YOR270C,0,-5.829725,0.2116149514913559,0.7567567825317383,0.28193455934524536
YDL171C,YDR084C,0,-5.831511,0.21153081953525543,0.7567567825317383,0.28207680583000183
YLR254C,YGL062W,0,-5.832624,0.21144674718379974,0.7567567825317383,0.2822190523147583
YOR005C,YGR023W,0,-5.832648,0.21136273443698883,0.7567567825317383,0.28236129879951477
YCR020C,YNL202W,0,-5.8336997,0.2112787961959839,0.7567567825317383,0.28250354528427124
YOR197W,YDR075W,0,-5.834234,0.21119491755962372,0.7567567825317383,0.2826457917690277
YDL192W,YGL145W,0,-5.8349667,0.21111111342906952,0.7567567825317383,0.2827880382537842
YOR161C,YPL232W,0,-5.835561,0.2110273689031601,0.7567567825317383,0.28293028473854065
YLL052C,YOR162C,0,-5.8371897,0.21094369888305664,0.7567567825317383,0.2830725610256195
YPR033C,YDL095W,0,-5.8373656,0.21086008846759796,0.7567567825317383,0.283214807510376
YER141W,YJR094W-A,0,-5.838801,0.21077655255794525,0.7567567825317383,0.28335705399513245
YOL065C,YHR205W,0,-5.8388124,0.21069307625293732,0.7567567825317383,0.2834993004798889
YMR044W,YPR043W,0,-5.8388844,0.21060965955257416,0.7567567825317383,0.2836415469646454
YNL065W,YMR188C,0,-5.839412,0.21052631735801697,0.7567567825317383,0.28378379344940186
YNL021W,YPR178W,0,-5.839798,0.21044303476810455,0.7567567825317383,0.2839260399341583
YLR210W,YOL028C,0,-5.8404098,0.2103598266839981,0.7567567825317383,0.2840682864189148
YDR270W,YGL166W,0,-5.8412127,0.21027667820453644,0.7567567825317383,0.28421053290367126
YMR280C,YOR236W,0,-5.842088,0.21019360423088074,0.7567567825317383,0.28435277938842773
YMR024W,YJR043C,0,-5.8424134,0.2101105898618698,0.7567567825317383,0.2844950258731842
YPL093W,YNR021W,0,-5.842805,0.21002763509750366,0.7567567825317383,0.2846372723579407
YPL145C,YDR092W,0,-5.84281,0.20994475483894348,0.7567567825317383,0.28477951884269714
YPL227C,YJL091C,0,-5.8428416,0.20986193418502808,0.7567567825317383,0.2849217653274536
YDR073W,YOR270C,0,-5.8435698,0.20977917313575745,0.7567567825317383,0.2850640118122101
YPR178W,YDR100W,0,-5.843702,0.20969648659229279,0.7567567825317383,0.28520625829696655
YFL010W-A,YPL234C,0,-5.8443103,0.2096138745546341,0.7567567825317383,0.285348504781723
YDR452W,YGR170W,0,-5.844772,0.20953130722045898,0.7567567825317383,0.2854907512664795
YBR010W,YDR465C,0,-5.845452,0.20944881439208984,0.7567567825317383,0.28563299775123596
YLL006W,YPL171C,0,-5.8455195,0.20936639606952667,0.7567567825317383,0.28577524423599243
YDR320C-A,YPL155C,0,-5.845779,0.20928402245044708,0.7567567825317383,0.2859174907207489
YBR039W,YOR270C,0,-5.845848,0.20920172333717346,0.7567567825317383,0.28605973720550537
YGR028W,YKL218C,0,-5.8458533,0.2091194987297058,0.7567567825317383,0.28620198369026184
YMR296C,YCR009C,0,-5.8465323,0.20903733372688293,0.7567567825317383,0.2863442301750183
YDR511W,YFL010W-A,0,-5.848226,0.20895522832870483,0.7567567825317383,0.2864864766597748
YER017C,YOL077W-A,0,-5.8485327,0.2088731825351715,0.7567567825317383,0.28662872314453125
YLR210W,YJL019W,0,-5.849357,0.20879121124744415,0.7567567825317383,0.2867709696292877
YMR268C,YOL138C,0,-5.8499274,0.20870929956436157,0.7567567825317383,0.2869132161140442
YPL078C,YML104C,0,-5.8499703,0.20862744748592377,0.7567567825317383,0.28705546259880066
YML025C,YPL183W-A,0,-5.850053,0.20854566991329193,0.7567567825317383,0.2871977388858795
YGR258C,YLR378C,0,-5.8503876,0.20846395194530487,0.7567567825317383,0.287339985370636
YLR210W,YKR078W,0,-5.851008,0.20838229358196259,0.7567567825317383,0.28748223185539246
YDR118W,YJL073W,1,-5.8510213,0.2086922526359558,0.758179247379303,0.28748223185539246
YGR195W,YPR182W,0,-5.8514853,0.20861056447029114,0.758179247379303,0.2876244783401489
YMR094W,YBR268W,0,-5.8521256,0.20852895081043243,0.758179247379303,0.2877667248249054
YBL002W,YLR312W-A,0,-5.852755,0.2084473967552185,0.758179247379303,0.28790897130966187
YDL079C,YOR229W,0,-5.8527956,0.20836591720581055,0.758179247379303,0.28805121779441833
YJL073W,YDR143C,1,-5.8528438,0.20867526531219482,0.7596017122268677,0.28805121779441833
YDL154W,YBR077C,0,-5.853651,0.20859375596046448,0.7596017122268677,0.2881934642791748
YLR116W,YNL183C,0,-5.853777,0.2085123062133789,0.7596017122268677,0.2883357107639313
YJR089W,YOR127W,0,-5.8542147,0.2084309160709381,0.7596017122268677,0.28847795724868774
YFL025C,YBR082C,1,-5.8543916,0.2087397575378418,0.7610241770744324,0.28847795724868774
YBR177C,YNL139C,0,-5.854922,0.2086583524942398,0.7610241770744324,0.2886202037334442
YER044C-A,YIL068C,0,-5.855019,0.2085769921541214,0.7610241770744324,0.2887624502182007
YML008C,YBL103C,0,-5.8555245,0.20849570631980896,0.7610241770744324,0.28890469670295715
YLR274W,YDL047W,0,-5.856403,0.2084144949913025,0.7610241770744324,0.2890469431877136
YPL224C,YML072C,0,-5.8564878,0.2083333283662796,0.7610241770744324,0.2891891896724701
YKL176C,YNL339C,0,-5.856784,0.20825223624706268,0.7610241770744324,0.28933143615722656
YDR385W,YDR096W,0,-5.857158,0.20817120373249054,0.7610241770744324,0.28947368264198303
YDR294C,YOL023W,0,-5.8586774,0.20809023082256317,0.7610241770744324,0.2896159291267395
YBR244W,YPL123C,0,-5.8589892,0.20800933241844177,0.7610241770744324,0.28975817561149597
YDL200C,YLR357W,0,-5.859513,0.20792849361896515,0.7610241770744324,0.28990042209625244
YJR094C,YCR009C,0,-5.8596916,0.2078477144241333,0.7610241770744324,0.2900426685810089
YDR351W,YDR334W,0,-5.8610506,0.20776699483394623,0.7610241770744324,0.2901849150657654
YLR231C,YGR170W,0,-5.8612275,0.20768633484840393,0.7610241770744324,0.29032716155052185
YNL161W,YLR088W,0,-5.862601,0.2076057493686676,0.7610241770744324,0.2904694080352783
YIR023W,YDR315C,0,-5.863185,0.20752520859241486,0.7610241770744324,0.2906116545200348
YHL048W,YBL056W,0,-5.8632307,0.20744474232196808,0.7610241770744324,0.29075390100479126
YKR102W,YLR260W,0,-5.8635616,0.20736433565616608,0.7610241770744324,0.29089614748954773
YLR378C,YDR084C,0,-5.864465,0.20728400349617004,0.7610241770744324,0.2910383939743042
YPL104W,YOR137C,0,-5.8663487,0.2072037160396576,0.7610241770744324,0.29118064045906067
YDR430C,YGL145W,0,-5.866469,0.2071235030889511,0.7610241770744324,0.2913229167461395
YBR177C,YHR154W,0,-5.866927,0.2070433497428894,0.7610241770744324,0.291465163230896
YHL048W,YKR095W-A,0,-5.86723,0.20696325600147247,0.7610241770744324,0.29160740971565247
YHR059W,YPL023C,0,-5.8673644,0.20688322186470032,0.7610241770744324,0.29174965620040894
YDR516C,YHR083W,0,-5.8686094,0.20680324733257294,0.7610241770744324,0.2918919026851654
YHR024C,YKR095W-A,0,-5.87291,0.20672333240509033,0.7610241770744324,0.2920341491699219
YGL240W,YJL073W,1,-5.873997,0.20702974498271942,0.7624466419219971,0.2920341491699219
YHR058C,YPL019C,0,-5.8740335,0.20694980025291443,0.7624466419219971,0.29217639565467834
YDR231C,YGL001C,0,-5.875199,0.2068699300289154,0.7624466419219971,0.2923186421394348
YDR085C,YNL304W,0,-5.8753133,0.20679011940956116,0.7624466419219971,0.2924608886241913
YNL199C,YFL016C,0,-5.8757887,0.20671036839485168,0.7624466419219971,0.29260313510894775
YFL057C,YHR205W,0,-5.8762336,0.20663069188594818,0.7624466419219971,0.2927453815937042
YJR014W,YDL180W,0,-5.876985,0.20655106008052826,0.7624466419219971,0.2928876280784607
YNL071W,YLR357W,0,-5.877773,0.2064714878797531,0.7624466419219971,0.29302987456321716
YDL088C,YDL154W,0,-5.880057,0.20639199018478394,0.7624466419219971,0.29317212104797363
YGR091W,YIR003W,0,-5.8801136,0.20631255209445953,0.7624466419219971,0.2933143675327301
YBR173C,YDR002W,1,-5.8807592,0.20661793649196625,0.7638691067695618,0.2933143675327301
YJL203W,YLR020C,0,-5.881183,0.20653846859931946,0.7638691067695618,0.2934566140174866
YMR300C,YJR140C,0,-5.8813148,0.20645906031131744,0.7638691067695618,0.29359886050224304
YOR193W,YDR073W,0,-5.8818445,0.2063797116279602,0.7638691067695618,0.2937411069869995
YPL140C,YLR071C,0,-5.8825197,0.20630042254924774,0.7638691067695618,0.293883353471756
YIR004W,YOR311C,0,-5.8839602,0.20622119307518005,0.7638691067695618,0.29402559995651245
YKL156W,YDR381W,0,-5.8850265,0.20614203810691833,0.7638691067695618,0.2941678464412689
YBR268W,YMR149W,0,-5.8854547,0.2060629278421402,0.7638691067695618,0.2943100929260254
YPL100W,YNR003C,0,-5.8856435,0.20598389208316803,0.7638691067695618,0.29445233941078186
YOR116C,YGL189C,0,-5.885813,0.20590490102767944,0.7638691067695618,0.29459458589553833
YLR207W,YDR363W-A,1,-5.8872256,0.20620927214622498,0.7652916312217712,0.29459458589553833
YGR213C,YMR099C,0,-5.8885865,0.2061302661895752,0.7652916312217712,0.2947368323802948
YNL023C,YJR043C,0,-5.8888106,0.2060513198375702,0.7652916312217712,0.29487907886505127
YFL025C,YLR207W,1,-5.889869,0.2063552886247635,0.7667140960693359,0.29487907886505127
YPR051W,YNL015W,0,-5.891587,0.2062763124704361,0.7667140960693359,0.29502132534980774
YNL199C,YDR045C,0,-5.8918633,0.20619739592075348,0.7667140960693359,0.2951635718345642
YBR243C,YGL012W,0,-5.8918815,0.20611855387687683,0.7667140960693359,0.2953058183193207
YMR177W,YML045W,0,-5.8919435,0.20603975653648376,0.7667140960693359,0.29544806480407715
YEL058W,YNL007C,0,-5.8926697,0.20596101880073547,0.7667140960693359,0.295590341091156
YCR068W,YML071C,0,-5.893828,0.20588235557079315,0.7667140960693359,0.2957325875759125
YDR318W,YOL006C,0,-5.895128,0.2058037370443344,0.7667140960693359,0.29587483406066895
YDR424C,YGL104C,0,-5.898558,0.20572519302368164,0.7667140960693359,0.2960170805454254
YOL065C,YPL130W,0,-5.9010787,0.20564669370651245,0.7667140960693359,0.2961593270301819
YLR378C,YOL006C,0,-5.901445,0.20556826889514923,0.7667140960693359,0.29630157351493835
YDL227C,YBR146W,0,-5.902954,0.2054899036884308,0.7667140960693359,0.2964438199996948
YOR173W,YBR228W,0,-5.903477,0.20541158318519592,0.7667140960693359,0.2965860664844513
YBL071W-A,YGR275W,0,-5.9037232,0.20533333718776703,0.7667140960693359,0.29672831296920776
YPR081C,YMR076C,0,-5.903928,0.20525513589382172,0.7667140960693359,0.29687055945396423
YNL037C,YJR007W,0,-5.9043174,0.20517700910568237,0.7667140960693359,0.2970128059387207
YFL056C,YHR118C,0,-5.9058204,0.2050989419221878,0.7667140960693359,0.2971550524234772
YDR331W,YKL194C,0,-5.905931,0.20502091944217682,0.7667140960693359,0.29729729890823364
YPR047W,YPL151C,0,-5.9059744,0.2049429714679718,0.7667140960693359,0.2974395453929901
YLR370C,YML025C,0,-5.9060636,0.20486506819725037,0.7667140960693359,0.2975817918777466
YEL027W,YEL053C,0,-5.9069276,0.2047872394323349,0.7667140960693359,0.29772403836250305
YMR213W,YCL018W,0,-5.9072886,0.20470945537090302,0.7667140960693359,0.2978662848472595
YBR132C,YNL206C,0,-5.90745,0.2046317458152771,0.7667140960693359,0.298008531332016
YLR060W,YNL183C,0,-5.907701,0.20455408096313477,0.7667140960693359,0.29815077781677246
YMR198W,YDR045C,0,-5.9083896,0.2044764757156372,0.7667140960693359,0.29829302430152893
YPL268W,YDL095W,0,-5.9087825,0.20439894497394562,0.7667140960693359,0.2984352707862854
YIL065C,YDR047W,0,-5.909866,0.2043214589357376,0.7667140960693359,0.29857751727104187
YOL065C,YOL136C,0,-5.916392,0.20424403250217438,0.7667140960693359,0.29871976375579834
YGR258C,YDL119C,0,-5.916946,0.20416666567325592,0.7667140960693359,0.2988620102405548
YBR133C,YGR183C,0,-5.917826,0.20408935844898224,0.7667140960693359,0.2990042567253113
YDR397C,YER005W,0,-5.9185934,0.20401211082935333,0.7667140960693359,0.29914650321006775
YOR322C,YIR034C,0,-5.9188857,0.2039349228143692,0.7667140960693359,0.2992887496948242
YKL176C,YLR354C,0,-5.9190755,0.20385779440402985,0.7667140960693359,0.2994309961795807
YPL137C,YGR095C,0,-5.919128,0.20378072559833527,0.7667140960693359,0.29957324266433716
YBL105C,YNL049C,0,-5.9197493,0.20370370149612427,0.7667140960693359,0.299715518951416
YOL077W-A,YKL064W,0,-5.919864,0.20362675189971924,0.7667140960693359,0.2998577654361725
YLR116W,YNL202W,0,-5.920892,0.2035498470067978,0.7667140960693359,0.30000001192092896
YJR010C-A,YPL138C,0,-5.9209437,0.20347300171852112,0.7667140960693359,0.3001422584056854
YNL202W,YDR259C,0,-5.921118,0.20339623093605042,0.7667140960693359,0.3002845048904419
YHR069C,YML055W,0,-5.9213204,0.2033195048570633,0.7667140960693359,0.30042675137519836
YBR039W,YDL180W,0,-5.921866,0.20324283838272095,0.7667140960693359,0.30056899785995483
YDR288W,YER095W,0,-5.92254,0.20316623151302338,0.7667140960693359,0.3007112443447113
YML059C,YJR041C,0,-5.9233136,0.2030896693468094,0.7667140960693359,0.3008534908294678
YDR533C,YDL154W,0,-5.9235044,0.20301318168640137,0.7667140960693359,0.30099573731422424
YJR050W,YDR523C,0,-5.9237227,0.20293675363063812,0.7667140960693359,0.3011379837989807
YER105C,YEL020W-A,0,-5.9239035,0.20286037027835846,0.7667140960693359,0.3012802302837372
YNL123W,YOR229W,0,-5.924271,0.20278404653072357,0.7667140960693359,0.30142247676849365
YDR054C,YDR363W-A,1,-5.92447,0.20308387279510498,0.7681365609169006,0.30142247676849365
YMR213W,YEL061C,0,-5.9250755,0.2030075192451477,0.7681365609169006,0.3015647232532501
YPL173W,YOR162C,0,-5.926374,0.2029312252998352,0.7681365609169006,0.3017069697380066
YLR433C,YDR347W,0,-5.926585,0.20285499095916748,0.7681365609169006,0.30184921622276306
YML051W,YIR022W,0,-5.9275928,0.20277881622314453,0.7681365609169006,0.30199146270751953
YIL079C,YGR227W,0,-5.9289985,0.20270270109176636,0.7681365609169006,0.302133709192276
YPL028W,YHR059W,0,-5.929709,0.20262664556503296,0.7681365609169006,0.30227595567703247
YDR142C,YOR129C,0,-5.9300814,0.20255063474178314,0.7681365609169006,0.30241820216178894
YDR533C,YPL112C,0,-5.930552,0.2024746835231781,0.7681365609169006,0.3025604486465454
YPL193W,YOR313C,0,-5.9310946,0.20239880681037903,0.7681365609169006,0.3027026951313019
YCR069W,YBR245C,0,-5.9313493,0.20232297480106354,0.7681365609169006,0.30284494161605835
YDR260C,YDR002W,1,-5.931358,0.202621728181839,0.7695590257644653,0.30284494161605835
YDL137W,YML011C,0,-5.932215,0.2025458663702011,0.7695590257644653,0.3029871881008148
YML006C,YIR018W,0,-5.9323096,0.202470064163208,0.7695590257644653,0.3031294345855713
YIL138C,YPL207W,0,-5.93255,0.2023943066596985,0.7695590257644653,0.30327168107032776
YKL007W,YLR384C,0,-5.93317,0.20231862366199493,0.7695590257644653,0.30341392755508423
YOR005C,YOR274W,0,-5.9340186,0.20224298536777496,0.7695590257644653,0.3035561740398407
YPL078C,YDR025W,0,-5.934213,0.20216740667819977,0.7695590257644653,0.30369842052459717
YOR236W,YLR346C,0,-5.9343452,0.20209188759326935,0.7695590257644653,0.303840696811676
YGR140W,YGR184C,0,-5.934553,0.2020164281129837,0.7695590257644653,0.3039829432964325
YFL037W,YCR102C,0,-5.934567,0.20194102823734283,0.7695590257644653,0.30412518978118896
YKR039W,YMR285C,0,-5.9349513,0.20186567306518555,0.7695590257644653,0.30426743626594543
YKR065C,YJR014W,0,-5.9349732,0.20179037749767303,0.7695590257644653,0.3044096827507019
YNL107W,YLR130C,0,-5.9349775,0.2017151415348053,0.7695590257644653,0.3045519292354584
YNL201C,YOR151C,0,-5.9352107,0.20163995027542114,0.7695590257644653,0.30469417572021484
YPL046C,YJL073W,1,-5.935881,0.20193740725517273,0.77098149061203,0.30469417572021484
YDR299W,YLR291C,0,-5.9366345,0.20186220109462738,0.77098149061203,0.3048364222049713
YMR177W,YHR167W,0,-5.937437,0.2017870396375656,0.77098149061203,0.3049786686897278
YEL059C-A,YNR024W,0,-5.9375873,0.20171195268630981,0.77098149061203,0.30512091517448425
YGR152C,YBR254C,0,-5.9378166,0.2016369104385376,0.77098149061203,0.3052631616592407
YCR088W,YJL121C,0,-5.9400606,0.20156191289424896,0.77098149061203,0.3054054081439972
YJL092W,YAL009W,0,-5.9402084,0.2014869898557663,0.77098149061203,0.30554765462875366
YCL011C,YPL145C,0,-5.940456,0.2014121115207672,0.77098149061203,0.30568990111351013
YDR385W,YGR089W,0,-5.940707,0.2013372927904129,0.77098149061203,0.3058321475982666
YLR295C,YJL036W,0,-5.9409294,0.20126253366470337,0.77098149061203,0.30597439408302307
YMR162C,YBR228W,0,-5.9410057,0.20118781924247742,0.77098149061203,0.30611664056777954
YMR167W,YGR075C,0,-5.9420815,0.20111317932605743,0.77098149061203,0.306258887052536
YOR032C,YDR198C,0,-5.9421077,0.20103856921195984,0.77098149061203,0.3064011335372925
YGL049C,YBR058C,0,-5.9431396,0.2009640336036682,0.77098149061203,0.30654338002204895
YJL014W,YBR016W,0,-5.943485,0.20088954269886017,0.77098149061203,0.3066856265068054
YOR193W,YGL049C,0,-5.9451804,0.2008151113986969,0.77098149061203,0.3068278729915619
YDR217C,YKL042W,0,-5.9458356,0.2007407397031784,0.77098149061203,0.30697011947631836
YGL236C,YML059C,0,-5.9461703,0.2006664127111435,0.77098149061203,0.30711236596107483
YGR170W,YBR050C,0,-5.9490585,0.20059216022491455,0.77098149061203,0.3072546124458313
YCL024W,YCR043C,0,-5.949608,0.200517937541008,0.77098149061203,0.30739685893058777
YOL012C,YMR059W,0,-5.949962,0.2004437893629074,0.77098149061203,0.30753910541534424
YDL137W,YLR319C,0,-5.94998,0.2003696858882904,0.77098149061203,0.3076813519001007
YGL226C-A,YDR372C,0,-5.9504485,0.20029564201831818,0.77098149061203,0.3078235983848572
YLR399C,YPL079W,0,-5.9506474,0.20022164285182953,0.77098149061203,0.30796587467193604
YJR083C,YKL152C,0,-5.951375,0.20014770328998566,0.77098149061203,0.3081081211566925
YLR008C,YGR275W,0,-5.9517508,0.20007382333278656,0.77098149061203,0.308250367641449
YGL180W,YNL072W,0,-5.9517617,0.20000000298023224,0.77098149061203,0.30839261412620544
YDR064W,YMR241W,0,-5.951818,0.1999262273311615,0.77098149061203,0.3085348606109619
YAL058W,YJL073W,1,-5.9520416,0.2002212405204773,0.7724039554595947,0.3085348606109619
YGL130W,YMR158W,0,-5.952294,0.20014743506908417,0.7724039554595947,0.3086771070957184
YBL042C,YMR268W-A,0,-5.952652,0.20007368922233582,0.7724039554595947,0.30881935358047485
YOR372C,YDL043C,0,-5.9549417,0.20000000298023224,0.7724039554595947,0.3089616000652313
YBL103C,YML027W,0,-5.9556403,0.19992636144161224,0.7724039554595947,0.3091038465499878
YLR370C,YGR124W,0,-5.9570417,0.19985277950763702,0.7724039554595947,0.30924609303474426
YER141W,YKR025W,0,-5.957186,0.19977924227714539,0.7724039554595947,0.30938833951950073
YHR102W,YOR129C,0,-5.9575944,0.19970577955245972,0.7724039554595947,0.3095305860042572
YLR071C,YMR268W-A,0,-5.957727,0.19963234663009644,0.7724039554595947,0.30967283248901367
YIL112W,YBR089C-A,0,-5.958248,0.19955898821353912,0.7724039554595947,0.30981507897377014
YGL077C,YHR001W-A,0,-5.958311,0.1994856745004654,0.7724039554595947,0.3099573254585266
YGL122C,YGL207W,0,-5.959292,0.19941240549087524,0.7724039554595947,0.3100995719432831
YER056C,YGL209W,0,-5.959594,0.19933921098709106,0.7724039554595947,0.31024181842803955
YCR046C,YHR001W-A,0,-5.9600115,0.19926606118679047,0.7724039554595947,0.310384064912796
YGL191W,YJL033W,0,-5.960053,0.19919295608997345,0.7724039554595947,0.3105263113975525
YNL061W,YLR139C,0,-5.962175,0.1991199105978012,0.7724039554595947,0.31066855788230896
YGL058W,YDR131C,1,-5.9635673,0.1994134932756424,0.7738264799118042,0.31066855788230896
YDL240W,YOR069W,0,-5.9647317,0.19934041798114777,0.7738264799118042,0.31081080436706543
YOR045W,YJL129C,0,-5.964806,0.1992674022912979,0.7738264799118042,0.3109530508518219
YDR270W,YJR066W,0,-5.965547,0.19919443130493164,0.7738264799118042,0.31109529733657837
YAL048C,YOR371C,0,-5.9656053,0.19912151992321014,0.7738264799118042,0.31123754382133484
YGL240W,YBR082C,1,-5.9666114,0.19941456615924835,0.7752489447593689,0.31123754382133484
YDR085C,YML125C,0,-5.9668756,0.19934162497520447,0.7752489447593689,0.3113797903060913
YFL025C,YGR253C,1,-5.9685693,0.1996343731880188,0.7766714096069336,0.3113797903060913
YJL208C,YDL112W,0,-5.9686413,0.19956140220165253,0.7766714096069336,0.3115220367908478
YJR057W,YHR003C,0,-5.9686627,0.19948849081993103,0.7766714096069336,0.31166428327560425
YGR213C,YDR407C,0,-5.9686847,0.1994156390428543,0.7766714096069336,0.3118065297603607
YBR198C,YJR019C,0,-5.9688945,0.19934283196926117,0.7766714096069336,0.3119487762451172
YJL091C,YOL072W,0,-5.969656,0.1992700695991516,0.7766714096069336,0.31209105253219604
YLR209C,YEL059C-A,0,-5.969859,0.19919736683368683,0.7766714096069336,0.3122332990169525
YOR239W,YPR047W,0,-5.9703593,0.19912472367286682,0.7766714096069336,0.312375545501709
YML011C,YML100W,0,-5.9708285,0.1990521401166916,0.7766714096069336,0.31251779198646545
YPL137C,YGR275W,0,-5.9710016,0.19897958636283875,0.7766714096069336,0.3126600384712219
YML051W,YLR315W,0,-5.9716744,0.19890710711479187,0.7766714096069336,0.3128022849559784
YIR011C,YDR131C,1,-5.971778,0.19919884204864502,0.7780938744544983,0.3128022849559784
YBL005W,YHL044W,0,-5.9723926,0.19912631809711456,0.7780938744544983,0.31294453144073486
YKL053C-A,YMR228W,0,-5.9730678,0.19905385375022888,0.7780938744544983,0.31308677792549133
YDR270W,YFR024C-A,0,-5.974621,0.19898144900798798,0.7780938744544983,0.3132290244102478
YBR131W,YLR332W,0,-5.974848,0.19890908896923065,0.7780938744544983,0.3133712708950043
YPR182W,YLR337C,0,-5.9753785,0.1988367885351181,0.7780938744544983,0.31351351737976074
YAL031C,YBR244W,0,-5.9754214,0.19876453280448914,0.7780938744544983,0.3136557638645172
YBR018C,YNL026W,0,-5.9756513,0.19869233667850494,0.7780938744544983,0.3137980103492737
YDR322W,YBR028C,0,-5.9761825,0.19862018525600433,0.7780938744544983,0.31394025683403015
YML006C,YBR028C,0,-5.976584,0.1985480934381485,0.7780938744544983,0.3140825033187866
YHR061C,YJL106W,0,-5.977262,0.19847604632377625,0.7780938744544983,0.3142247498035431
YCR089W,YBR175W,0,-5.977454,0.19840405881404877,0.7780938744544983,0.31436699628829956
YOR039W,YDL240W,0,-5.9780645,0.19833213090896606,0.7780938744544983,0.31450924277305603
YIL015W,YHR048W,0,-5.978874,0.19826023280620575,0.7780938744544983,0.3146514892578125
YOR232W,YBL011W,0,-5.9806786,0.1981884092092514,0.7780938744544983,0.31479373574256897
YPL119C,YJL108C,0,-5.980806,0.19811663031578064,0.7780938744544983,0.31493598222732544
YGR036C,YNL161W,0,-5.9812613,0.19804489612579346,0.7780938744544983,0.3150782287120819
YMR285C,YLR337C,0,-5.9822507,0.19797322154045105,0.7780938744544983,0.3152204751968384
YBR195C,YOR313C,0,-5.9830556,0.19790159165859222,0.7780938744544983,0.31536272168159485
YKL138C-A,YBR050C,0,-5.984667,0.19783002138137817,0.7780938744544983,0.3155049681663513
YGR133W,YDR419W,0,-5.984986,0.1977584958076477,0.7780938744544983,0.3156472146511078
YLR139C,YOR162C,0,-5.985188,0.197687029838562,0.7780938744544983,0.31578946113586426
YGL130W,YLR052W,0,-5.985392,0.1976156085729599,0.7780938744544983,0.3159317076206207
YOR119C,YJL093C,0,-5.985908,0.19754424691200256,0.7780938744544983,0.3160739541053772
YHR013C,YMR316W,0,-5.9867353,0.1974729299545288,0.7780938744544983,0.31621623039245605
YER122C,YCR035C,0,-5.9870963,0.19740165770053864,0.7780938744544983,0.3163584768772125
YKL192C,YHR003C,0,-5.987792,0.19733044505119324,0.7780938744544983,0.316500723361969
YJL079C,YMR183C,0,-5.989085,0.19725929200649261,0.7780938744544983,0.31664296984672546
YOR127W,YCR073C,0,-5.9902425,0.19718816876411438,0.7780938744544983,0.31678521633148193
YJL168C,YHR105W,0,-5.99048,0.19711712002754211,0.7780938744544983,0.3169274628162384
YDL243C,YJL025W,0,-5.9911427,0.19704611599445343,0.7780938744544983,0.3170697093009949
YOL156W,YHR072W-A,0,-5.991565,0.19697515666484833,0.7780938744544983,0.31721195578575134
YMR236W,YDR259C,0,-5.99281,0.1969042420387268,0.7780938744544983,0.3173542022705078
YGR192C,YMR313C,0,-5.992951,0.19683338701725006,0.7780938744544983,0.3174964487552643
YOR259C,YDR131C,1,-5.993602,0.19712230563163757,0.779516339302063,0.3174964487552643
YLR260W,YMR216C,0,-5.994144,0.19705142080783844,0.779516339302063,0.31763869524002075
YDR527W,YBR214W,0,-5.9944434,0.19698059558868408,0.779516339302063,0.3177809417247772
YFL025C,YDL126C,1,-5.9946017,0.19726912677288055,0.7809388041496277,0.3177809417247772
YML042W,YOR037W,0,-5.9953046,0.1971982717514038,0.7809388041496277,0.3179231882095337
YLL012W,YHR003C,0,-5.9960427,0.19712746143341064,0.7809388041496277,0.31806543469429016
YML088W,YDR002W,1,-5.9987326,0.19741564989089966,0.7823613286018372,0.31806543469429016
YCR057C,YKL117W,0,-5.9996924,0.1973448097705841,0.7823613286018372,0.31820768117904663
YCL029C,YML055W,0,-5.9999185,0.19727402925491333,0.7823613286018372,0.3183499276638031
YNL015W,YOR010C,0,-6.0004907,0.19720329344272614,0.7823613286018372,0.31849217414855957
YGL191W,YGR091W,0,-6.000573,0.19713261723518372,0.7823613286018372,0.31863442063331604
YBR279W,YDL229W,0,-6.001218,0.19706198573112488,0.7823613286018372,0.3187766671180725
YDR221W,YCR073C,0,-6.001321,0.19699139893054962,0.7823613286018372,0.318918913602829
YOL067C,YGL137W,0,-6.0019393,0.19692087173461914,0.7823613286018372,0.31906116008758545
YJR051W,YLR316C,0,-6.002181,0.19685038924217224,0.7823613286018372,0.3192034065723419
YML075C,YBL038W,0,-6.004256,0.19677996635437012,0.7823613286018372,0.3193456530570984
YBR038W,YNL147W,0,-6.004824,0.19670958817005157,0.7823613286018372,0.31948789954185486
YGR124W,YGL190C,0,-6.0058064,0.1966392546892166,0.7823613286018372,0.31963014602661133
YDR047W,YPL139C,0,-6.007164,0.19656898081302643,0.7823613286018372,0.3197723925113678
YMR267W,YKL028W,0,-6.007377,0.19649875164031982,0.7823613286018372,0.31991463899612427
YER162C,YGL022W,0,-6.0074883,0.1964285671710968,0.7823613286018372,0.32005688548088074
YOR005C,YML043C,0,-6.0085673,0.19635844230651855,0.7823613286018372,0.3201991319656372
YHR055C,YKR031C,0,-6.0087485,0.1962883621454239,0.7823613286018372,0.32034140825271606
YOR119C,YLR316C,0,-6.0087724,0.196218341588974,0.7823613286018372,0.32048365473747253
YER168C,YGR154C,0,-6.0104985,0.1961483657360077,0.7823613286018372,0.320625901222229
YOL132W,YAL048C,0,-6.010834,0.19607843458652496,0.7823613286018372,0.3207681477069855
YHR204W,YIL007C,1,-6.010879,0.19636493921279907,0.7837837934494019,0.3207681477069855
YGR154C,YOR048C,0,-6.011725,0.19629497826099396,0.7837837934494019,0.32091039419174194
YGL190C,YDR086C,0,-6.0125318,0.19622507691383362,0.7837837934494019,0.3210526406764984
YJL121C,YLR264W,0,-6.0131783,0.19615522027015686,0.7837837934494019,0.3211948871612549
YKL125W,YBR127C,0,-6.0132136,0.19608540832996368,0.7837837934494019,0.32133713364601135
YBR230C,YKR065C,0,-6.013963,0.19601565599441528,0.7837837934494019,0.3214793801307678
YCL011C,YNL139C,0,-6.0143,0.19594594836235046,0.7837837934494019,0.3216216266155243
YDR086C,YKL166C,0,-6.0151877,0.19587628543376923,0.7837837934494019,0.32176387310028076
YMR256C,YDR385W,0,-6.0162635,0.19580668210983276,0.7837837934494019,0.32190611958503723
YKR065C,YHR203C,0,-6.0165334,0.19573712348937988,0.7837837934494019,0.3220483660697937
YPL046C,YHR200W,1,-6.0171227,0.19602273404598236,0.7852062582969666,0.3220483660697937
YHR055C,YOR162C,0,-6.0174217,0.1959531456232071,0.7852062582969666,0.32219061255455017
YAL017W,YGR213C,0,-6.019138,0.1958836019039154,0.7852062582969666,0.32233285903930664
YJR084W,YER160C,0,-6.0194983,0.1958141177892685,0.7852062582969666,0.3224751055240631
YHR106W,YPR003C,0,-6.019564,0.19574467837810516,0.7852062582969666,0.3226173520088196
YLR295C,YHR061C,0,-6.01966,0.1956752985715866,0.7852062582969666,0.32275959849357605
YBR132C,YPL253C,0,-6.0198145,0.19560594856739044,0.7852062582969666,0.3229018449783325
YHR044C,YCL011C,0,-6.02005,0.19553665816783905,0.7852062582969666,0.323044091463089
YGR098C,YBR298C,0,-6.020715,0.19546742737293243,0.7852062582969666,0.32318633794784546
YHR013C,YBR133C,0,-6.0212317,0.1953982263803482,0.7852062582969666,0.32332858443260193
YDR440W,YPL138C,0,-6.0223536,0.19532908499240875,0.7852062582969666,0.3234708309173584
YPL196W,YHL008C,0,-6.022649,0.19525998830795288,0.7852062582969666,0.32361307740211487
YGL236C,YGR183C,0,-6.023314,0.19519095122814178,0.7852062582969666,0.32375532388687134
YDR294C,YLL014W,0,-6.023393,0.19512194395065308,0.7852062582969666,0.3238975703716278
YDR137W,YPL019C,0,-6.0240192,0.19505299627780914,0.7852062582969666,0.3240398168563843
YDR331W,YNL091W,0,-6.0242887,0.19498410820960999,0.7852062582969666,0.32418206334114075
YOR322C,YGR075C,0,-6.0246043,0.19491524994373322,0.7852062582969666,0.3243243098258972
YFL025C,YPR103W,1,-6.0248733,0.19519942998886108,0.7866287231445312,0.3243243098258972
YDR054C,YHR204W,1,-6.025967,0.19548341631889343,0.788051187992096,0.3243243098258972
YPL255W,YHR120W,0,-6.026168,0.1954144686460495,0.788051187992096,0.3244665861129761
YJL095W,YBR179C,0,-6.0265927,0.19534555077552795,0.788051187992096,0.32460883259773254
YKR102W,YMR121C,0,-6.026891,0.19527670741081238,0.788051187992096,0.324751079082489
YOR374W,YPL209C,0,-6.0278277,0.1952078938484192,0.788051187992096,0.3248933255672455
YJL208C,YIR015W,0,-6.0278935,0.19513913989067078,0.788051187992096,0.32503557205200195
YLL001W,YOR129C,0,-6.0281262,0.19507041573524475,0.788051187992096,0.3251778185367584
YLR110C,YNL183C,0,-6.028305,0.1950017660856247,0.788051187992096,0.3253200650215149
YGR098C,YBL103C,0,-6.028508,0.19493314623832703,0.788051187992096,0.32546231150627136
YOL077C,YMR188C,0,-6.0285144,0.19486458599567413,0.788051187992096,0.32560455799102783
YMR023C,YPL032C,0,-6.028996,0.19479605555534363,0.788051187992096,0.3257468044757843
YHR034C,YLR378C,0,-6.0296025,0.1947275996208191,0.788051187992096,0.32588905096054077
YNL161W,YBR228W,0,-6.029995,0.19465917348861694,0.788051187992096,0.32603129744529724
YCR075C,YGR132C,0,-6.030401,0.19459079205989838,0.788051187992096,0.3261735439300537
YLR459W,YPL104W,0,-6.030953,0.19452247023582458,0.788051187992096,0.3263157904148102
YOR264W,YDR265W,0,-6.0316772,0.19445419311523438,0.788051187992096,0.32645803689956665
YJL108C,YBR058C,0,-6.0317254,0.19438596069812775,0.788051187992096,0.3266002833843231
YGL003C,YGL240W,1,-6.0319505,0.19466853141784668,0.7894737124443054,0.3266002833843231
YMR186W,YGR028W,0,-6.0324492,0.19460028409957886,0.7894737124443054,0.3267425298690796
YCL052C,YDR143C,1,-6.0333953,0.1948825865983963,0.7908961772918701,0.3267425298690796
YPL255W,YMR059W,0,-6.0353856,0.1948142945766449,0.7908961772918701,0.32688477635383606
YML011C,YPL123C,0,-6.0365996,0.19474606215953827,0.7908961772918701,0.32702702283859253
YGL191W,YML095C,0,-6.037786,0.19467787444591522,0.7908961772918701,0.327169269323349
YNL049C,YHR167W,0,-6.0390854,0.19460973143577576,0.7908961772918701,0.32731151580810547
YFL010W-A,YDL200C,0,-6.039423,0.19454163312911987,0.7908961772918701,0.32745376229286194
YGL003C,YDR363W-A,1,-6.039788,0.19482336938381195,0.7923186421394348,0.32745376229286194
YOL051W,YMR039C,0,-6.040484,0.19475524127483368,0.7923186421394348,0.3275960087776184
YHR044C,YJL121C,0,-6.0405145,0.19468717277050018,0.7923186421394348,0.3277382552623749
YKL028W,YJL093C,0,-6.0410314,0.19461914896965027,0.7923186421394348,0.32788050174713135
YNR072W,YHR181W,0,-6.0418286,0.19455116987228394,0.7923186421394348,0.3280227482318878
YOR254C,YML072C,0,-6.042235,0.19448323547840118,0.7923186421394348,0.3281649947166443
YNL099C,YGL189C,0,-6.0422454,0.1944153606891632,0.7923186421394348,0.32830724120140076
YNR010W,YJL113W,0,-6.0424733,0.19434751570224762,0.7923186421394348,0.3284494876861572
YPL112C,YDR104C,0,-6.045297,0.1942797303199768,0.7923186421394348,0.3285917639732361
YDR501W,YOR137C,0,-6.0463033,0.19421198964118958,0.7923186421394348,0.32873401045799255
YPL275W,YNL304W,0,-6.0467877,0.19414430856704712,0.7923186421394348,0.328876256942749
YDL192W,YNL199C,0,-6.0470123,0.19407665729522705,0.7923186421394348,0.3290185034275055
YGR253C,YDR363W-A,1,-6.047315,0.19435736536979675,0.7937411069869995,0.3290185034275055
YFL050C,YLL001W,0,-6.0473757,0.1942896991968155,0.7937411069869995,0.32916074991226196
YDL069C,YBR111W-A,0,-6.0473866,0.19422206282615662,0.7937411069869995,0.32930299639701843
YMR033W,YGL122C,0,-6.0478816,0.19415448606014252,0.7937411069869995,0.3294452428817749
YOL023W,YLR305C,0,-6.0479,0.194086953997612,0.7937411069869995,0.32958748936653137
YDR085C,YGL046W,0,-6.049109,0.19401946663856506,0.7937411069869995,0.32972973585128784
YDL195W,YNL222W,0,-6.0492835,0.1939520388841629,0.7937411069869995,0.3298719823360443
YBR243C,YDR073W,0,-6.0495267,0.19388464093208313,0.7937411069869995,0.3300142288208008
YPL028W,YBL035C,0,-6.049653,0.19381730258464813,0.7937411069869995,0.33015647530555725
YLL018C-A,YDR320C-A,0,-6.050688,0.19374999403953552,0.7937411069869995,0.3302987217903137
YOL126C,YBL011W,0,-6.0524383,0.1936827450990677,0.7937411069869995,0.3304409682750702
YML006C,YPR133W-A,0,-6.0527067,0.19361554086208344,0.7937411069869995,0.33058321475982666
YJL076W,YCR073C,0,-6.052732,0.19354838132858276,0.7937411069869995,0.33072546124458313
YPR051W,YGR181W,0,-6.0539184,0.19348128139972687,0.7937411069869995,0.3308677077293396
YLR394W,YIL006W,0,-6.055862,0.19341421127319336,0.7937411069869995,0.33100995421409607
YFL056C,YER141W,0,-6.0559673,0.19334720075130463,0.7937411069869995,0.33115220069885254
YBR038W,YOR254C,0,-6.0563545,0.19328022003173828,0.7937411069869995,0.331294447183609
YAL047C,YGL059W,0,-6.0585375,0.1932132989168167,0.7937411069869995,0.3314366936683655
YPL155C,YHR121W,0,-6.0587354,0.19314642250537872,0.7937411069869995,0.33157894015312195
YOR264W,YHR072W-A,0,-6.0606823,0.19307959079742432,0.7937411069869995,0.3317211866378784
YML088W,YDR131C,1,-6.0609097,0.19335870444774628,0.7951635718345642,0.3317211866378784
YCL029C,YGR020C,0,-6.0638905,0.19329184293746948,0.7951635718345642,0.3318634331226349
YKL166C,YDR100W,0,-6.0646005,0.19322502613067627,0.7951635718345642,0.33200567960739136
YNL071W,YNL222W,0,-6.0648665,0.19315825402736664,0.7951635718345642,0.3321479260921478
YDL088C,YLR165C,0,-6.065271,0.19309154152870178,0.7951635718345642,0.3322901725769043
YKL007W,YGL016W,0,-6.0672927,0.19302485883235931,0.7951635718345642,0.33243241906166077
YLR285W,YDL180W,0,-6.067479,0.19295823574066162,0.7951635718345642,0.33257466554641724
YOR195W,YDR297W,0,-6.069058,0.19289164245128632,0.7951635718345642,0.3327169418334961
YJR089W,YDR198C,0,-6.0701194,0.1928251087665558,0.7951635718345642,0.33285918831825256
YPL227C,YCL004W,0,-6.070768,0.19275861978530884,0.7951635718345642,0.33300143480300903
YGL223C,YDL124W,0,-6.070911,0.19269217550754547,0.7951635718345642,0.3331436812877655
YPL275W,YOR337W,0,-6.0713115,0.19262577593326569,0.7951635718345642,0.333285927772522
YOL156W,YJL222W,0,-6.073297,0.19255942106246948,0.7951635718345642,0.33342817425727844
YPL217C,YMR267W,0,-6.073506,0.19249311089515686,0.7951635718345642,0.3335704207420349
YPR047W,YJL010C,0,-6.073848,0.19242684543132782,0.7951635718345642,0.3337126672267914
YLR110C,YPR137W,0,-6.0739093,0.19236063957214355,0.7951635718345642,0.33385491371154785
YPR056W,YBR139W,0,-6.0740876,0.19229446351528168,0.7951635718345642,0.3339971601963043
YMR076C,YGL028C,0,-6.074474,0.19222833216190338,0.7951635718345642,0.3341394066810608
YPL232W,YIL006W,0,-6.0746927,0.19216226041316986,0.7951635718345642,0.33428165316581726
YEL027W,YDR407C,0,-6.07589,0.19209621846675873,0.7951635718345642,0.33442389965057373
YGR167W,YMR183C,0,-6.076142,0.19203023612499237,0.7951635718345642,0.3345661461353302
YCR058C,YNR012W,0,-6.0767126,0.1919642835855484,0.7951635718345642,0.33470839262008667
YDR419W,YNL049C,0,-6.0768104,0.1918983906507492,0.7951635718345642,0.33485063910484314
YBR177C,YHR041C,0,-6.077095,0.1918325275182724,0.7951635718345642,0.3349928855895996
YHR005C-A,YDR501W,0,-6.077228,0.19176672399044037,0.7951635718345642,0.3351351320743561
YPL155C,YNL147W,0,-6.0773406,0.19170096516609192,0.7951635718345642,0.33527737855911255
YDR073W,YBL067C,0,-6.077807,0.19163523614406586,0.7951635718345642,0.335419625043869
YHR143W-A,YMR268W-A,0,-6.0782833,0.19156956672668457,0.7951635718345642,0.3355618715286255
YOR173W,YDL010W,0,-6.079963,0.19150394201278687,0.7951635718345642,0.33570411801338196
YDL195W,YBL067C,0,-6.0817056,0.19143836200237274,0.7951635718345642,0.3358463644981384
YLR389C,YDL124W,0,-6.081801,0.191372811794281,0.7951635718345642,0.3359886109828949
YDL161W,YOR373W,0,-6.081984,0.19130732119083405,0.7951635718345642,0.33613085746765137
YDR054C,YDR131C,1,-6.082639,0.19158399105072021,0.7965860366821289,0.33613085746765137
YDL227C,YGR206W,0,-6.082659,0.19151847064495087,0.7965860366821289,0.33627310395240784
YJL079C,YLR357W,0,-6.083433,0.1914529949426651,0.7965860366821289,0.3364153504371643
YGL049C,YGR020C,0,-6.0840116,0.19138756394386292,0.7965860366821289,0.3365575969219208
YOR025W,YML104C,0,-6.0844913,0.1913221776485443,0.7965860366821289,0.33669984340667725
YDR397C,YOR018W,0,-6.084782,0.1912568360567093,0.7965860366821289,0.3368421196937561
YJR089W,YGR212W,0,-6.0850625,0.19119153916835785,0.7965860366821289,0.3369843661785126
YLR078C,YMR023C,0,-6.0859714,0.19112628698349,0.7965860366821289,0.33712661266326904
YDR106W,YCR039C,0,-6.087502,0.19106106460094452,0.7965860366821289,0.3372688591480255
YPL275W,YMR121C,0,-6.0888124,0.19099590182304382,0.7965860366821289,0.337411105632782
YFR001W,YNL016W,0,-6.089676,0.1909307837486267,0.7965860366821289,0.33755335211753845
YJR140C,YKR059W,0,-6.0898685,0.19086571037769318,0.7965860366821289,0.3376955986022949
YJR021C,YBL067C,0,-6.090324,0.19080068171024323,0.7965860366821289,0.3378378450870514
YBR168W,YPL123C,0,-6.090753,0.19073569774627686,0.7965860366821289,0.33798009157180786
YOR127W,YMR060C,0,-6.0914016,0.19067075848579407,0.7965860366821289,0.33812233805656433
YNL021W,YBR279W,0,-6.091853,0.19060584902763367,0.7965860366821289,0.3382645845413208
YKR085C,YOL072W,0,-6.093059,0.19054099917411804,0.7965860366821289,0.33840683102607727
YLR206W,YBR127C,0,-6.0955777,0.190476194024086,0.7965860366821289,0.33854907751083374
YPR001W,YNL007C,0,-6.0961823,0.19041141867637634,0.7965860366821289,0.3386913239955902
YLR399C,YDR025W,0,-6.097067,0.19034670293331146,0.7965860366821289,0.3388335704803467
YIL112W,YPL112C,0,-6.0972915,0.19028203189373016,0.7965860366821289,0.33897581696510315
YDL079C,YOR124C,0,-6.097524,0.19021739065647125,0.7965860366821289,0.3391180634498596
YOR374W,YIL039W,0,-6.0980163,0.19015279412269592,0.7965860366821289,0.3392603099346161
YML013W,YDR131C,1,-6.0982637,0.19042770564556122,0.7980085611343384,0.3392603099346161
YHR118C,YNR003C,0,-6.1005445,0.1903630793094635,0.7980085611343384,0.33940255641937256
YCL024W,YBR103W,0,-6.1011724,0.19029851257801056,0.7980085611343384,0.33954480290412903
YLR017W,YBR028C,0,-6.102243,0.19023397564888,0.7980085611343384,0.3396870493888855
YKL019W,YPR133W-A,0,-6.1026163,0.19016949832439423,0.7980085611343384,0.33982929587364197
YML051W,YNL216W,0,-6.1049504,0.19010505080223083,0.7980085611343384,0.33997154235839844
YPR103W,YDR131C,1,-6.105816,0.19037941098213196,0.7994310259819031,0.33997154235839844
YBR177C,YGR002C,0,-6.1067615,0.19031493365764618,0.7994310259819031,0.3401137888431549
YGL045W,YOL102C,0,-6.107027,0.19025050103664398,0.7994310259819031,0.3402560353279114
YBR202W,YCR028C-A,0,-6.1077766,0.19018612802028656,0.7994310259819031,0.34039828181266785
YDR054C,YHR200W,1,-6.108084,0.19046008586883545,0.8008534908294678,0.34039828181266785
YLR329W,YFL005W,0,-6.1082454,0.19039566814899445,0.8008534908294678,0.3405405282974243
YOR236W,YOR274W,0,-6.1084027,0.19033131003379822,0.8008534908294678,0.3406827747821808
YDL243C,YCL024W,0,-6.108489,0.19026698172092438,0.8008534908294678,0.34082502126693726
YBR100W,YPL112C,0,-6.108505,0.19020269811153412,0.8008534908294678,0.3409672975540161
YNR003C,YKL117W,0,-6.110126,0.19013847410678864,0.8008534908294678,0.3411095440387726
YNL072W,YDR104C,0,-6.11043,0.19007427990436554,0.8008534908294678,0.34125179052352905
YPR033C,YMR268W-A,0,-6.1105742,0.19001013040542603,0.8008534908294678,0.3413940370082855
YIL007C,YDR002W,1,-6.1106334,0.19028340280056,0.8022759556770325,0.3413940370082855
YMR068W,YGR074W,0,-6.1107073,0.1902192234992981,0.8022759556770325,0.341536283493042
YGL254W,YNL208W,0,-6.111072,0.19015508890151978,0.8022759556770325,0.34167852997779846
YLR229C,YGR091W,0,-6.1120424,0.19009099900722504,0.8022759556770325,0.34182077646255493
YLR312W-A,YGL122C,0,-6.1130123,0.19002695381641388,0.8022759556770325,0.3419630229473114
YMR281W,YJL121C,0,-6.1137476,0.1899629533290863,0.8022759556770325,0.34210526943206787
YML104C,YOL054W,0,-6.1138825,0.18989898264408112,0.8022759556770325,0.34224751591682434
YLL028W,YPL252C,0,-6.114215,0.1898350715637207,0.8022759556770325,0.3423897624015808
YGR132C,YOL125W,0,-6.114669,0.18977120518684387,0.8022759556770325,0.3425320088863373
YDL126C,YPL046C,1,-6.1152015,0.19004373252391815,0.8036984205245972,0.3425320088863373
YBR102C,YIR034C,0,-6.1156106,0.18997982144355774,0.8036984205245972,0.34267425537109375
YEL059C-A,YNL107W,0,-6.115999,0.1899159699678421,0.8036984205245972,0.3428165018558502
YCR068W,YDR516C,0,-6.116587,0.18985214829444885,0.8036984205245972,0.3429587483406067
YDR481C,YJR043C,0,-6.1172786,0.18978837132453918,0.8036984205245972,0.34310099482536316
YHR055C,YJL213W,0,-6.1179485,0.1897246539592743,0.8036984205245972,0.34324324131011963
YCL038C,YJL095W,0,-6.118322,0.1896609663963318,0.8036984205245972,0.3433854877948761
YMR285C,YDR494W,0,-6.1186385,0.18959730863571167,0.8036984205245972,0.34352773427963257
YER055C,YJR050W,0,-6.1191373,0.18953371047973633,0.8036984205245972,0.34366998076438904
YMR119W,YDR143C,1,-6.1196795,0.18980549275875092,0.8051208853721619,0.34366998076438904
YLR002C,YPR080W,0,-6.1202908,0.18974186480045319,0.8051208853721619,0.3438122272491455
YHR204W,YBR082C,1,-6.1206,0.19001340866088867,0.8065434098243713,0.3438122272491455
YPL196W,YIR003W,0,-6.12069,0.18994975090026855,0.8065434098243713,0.343954473733902
YNL015W,YOR214C,0,-6.120831,0.18988613784313202,0.8065434098243713,0.34409672021865845
YPL145C,YDR238C,0,-6.1219606,0.18982256948947906,0.8065434098243713,0.3442389667034149
YPR133W-A,YNR021W,0,-6.122499,0.1897590309381485,0.8065434098243713,0.3443812131881714
YCR039C,YJL203W,0,-6.1229415,0.1896955519914627,0.8065434098243713,0.34452345967292786
YDL095W,YDL010W,0,-6.1235986,0.1896321028470993,0.8065434098243713,0.3446657061576843
YML095C,YGL022W,0,-6.125606,0.18956871330738068,0.8065434098243713,0.3448079526424408
YCL024W,YEL055C,0,-6.1262,0.18950535356998444,0.8065434098243713,0.34495019912719727
YGL012W,YAL016W,0,-6.1263843,0.18944203853607178,0.8065434098243713,0.3450924754142761
YMR044W,YGL246C,0,-6.1264644,0.1893787533044815,0.8065434098243713,0.3452347218990326
YDR331W,YMR268W-A,0,-6.1271214,0.189315527677536,0.8065434098243713,0.34537696838378906
YOL077W-A,YCR075C,0,-6.1273026,0.1892523318529129,0.8065434098243713,0.34551921486854553
YDL240W,YDR265W,0,-6.1279197,0.18918919563293457,0.8065434098243713,0.345661461353302
YLR088W,YOR119C,0,-6.1281857,0.18912608921527863,0.8065434098243713,0.34580370783805847
YBL040C,YOR185C,0,-6.128493,0.18906302750110626,0.8065434098243713,0.34594595432281494
YML092C,YDR131C,1,-6.129488,0.18933333456516266,0.807965874671936,0.34594595432281494
YJL106W,YNL053W,0,-6.1296897,0.1892702430486679,0.807965874671936,0.3460882008075714
YLR017W,YCR009C,0,-6.1306243,0.18920719623565674,0.807965874671936,0.3462304472923279
YGL226C-A,YOR049C,0,-6.131456,0.18914419412612915,0.807965874671936,0.34637269377708435
YPL209C,YGR206W,0,-6.1334343,0.18908122181892395,0.807965874671936,0.3465149402618408
YEL027W,YDR100W,0,-6.1340423,0.18901830911636353,0.807965874671936,0.3466571867465973
YKR100C,YMR293C,0,-6.1349177,0.1889554262161255,0.807965874671936,0.34679943323135376
YLR028C,YKL200C,0,-6.1349263,0.18889258801937103,0.807965874671936,0.34694167971611023
YGL168W,YBR222C,0,-6.136078,0.18882979452610016,0.807965874671936,0.3470839262008667
YBR037C,YGL028C,0,-6.136145,0.18876703083515167,0.807965874671936,0.34722617268562317
YHR204W,YCL052C,1,-6.13644,0.1890365481376648,0.8093883395195007,0.34722617268562317
YBL090W,YGL145W,0,-6.1364455,0.18897376954555511,0.8093883395195007,0.34736841917037964
YMR213W,YPL145C,0,-6.137193,0.18891102075576782,0.8093883395195007,0.3475106656551361
YOR371C,YKR078W,0,-6.1388,0.1888483166694641,0.8093883395195007,0.3476529121398926
YDL243C,YKL216W,0,-6.1392903,0.18878567218780518,0.8093883395195007,0.34779515862464905
YMR044W,YDR265W,0,-6.1397243,0.18872305750846863,0.8093883395195007,0.3479374051094055
YGL003C,YLR025W,1,-6.139848,0.18899203836917877,0.8108108043670654,0.3479374051094055
YPL255W,YDR317W,0,-6.1401305,0.18892939388751984,0.8108108043670654,0.348079651594162
YGL246C,YAL002W,0,-6.140595,0.18886679410934448,0.8108108043670654,0.34822189807891846
YLR274W,YJL121C,0,-6.140615,0.1888042390346527,0.8108108043670654,0.3483641445636749
YDR142C,YHR080C,0,-6.1411295,0.18874172866344452,0.8108108043670654,0.3485063910484314
YGL236C,YMR293C,0,-6.141223,0.18867924809455872,0.8108108043670654,0.34864863753318787
YER154W,YKR095W-A,0,-6.143482,0.1886168122291565,0.8108108043670654,0.34879088401794434
YLL006W,YDR172W,0,-6.1440077,0.18855442106723785,0.8108108043670654,0.3489331305027008
YLR229C,YOR322C,0,-6.1448855,0.1884920597076416,0.8108108043670654,0.3490753769874573
YML051W,YHR118C,0,-6.145285,0.18842975795269012,0.8108108043670654,0.34921765327453613
YDR073W,YLR090W,0,-6.1464458,0.18836748600006104,0.8108108043670654,0.3493598997592926
YDR265W,YDL140C,0,-6.147103,0.18830525875091553,0.8108108043670654,0.3495021462440491
YKL212W,YPR088C,0,-6.1471114,0.1882430613040924,0.8108108043670654,0.34964439272880554
YDR118W,YGL240W,1,-6.147178,0.18851105868816376,0.8122332692146301,0.34964439272880554
YBR222C,YCR057C,0,-6.147244,0.18844884634017944,0.8122332692146301,0.349786639213562
YPL137C,YNL201C,0,-6.1478705,0.18838666379451752,0.8122332692146301,0.3499288856983185
YOL130W,YDR262W,0,-6.148851,0.18832454085350037,0.8122332692146301,0.35007113218307495
YLR359W,YOR234C,0,-6.149016,0.1882624477148056,0.8122332692146301,0.3502133786678314
YNL331C,YGL104C,0,-6.1491733,0.18820039927959442,0.8122332692146301,0.3503556251525879
YMR224C,YKL028W,0,-6.1516333,0.18813838064670563,0.8122332692146301,0.35049787163734436
YBR221C,YLR020C,0,-6.1522,0.1880764216184616,0.8122332692146301,0.35064011812210083
YGL022W,YIR026C,0,-6.1524653,0.18801449239253998,0.8122332692146301,0.3507823646068573
YGL190C,YOR048C,0,-6.153054,0.18795259296894073,0.8122332692146301,0.35092461109161377
YGL130W,YKR025W,0,-6.1542478,0.18789075314998627,0.8122332692146301,0.35106685757637024
YKR085C,YOR153W,0,-6.1543813,0.1878289431333542,0.8122332692146301,0.3512091040611267
YLR293C,YJL054W,0,-6.1544805,0.1877671778202057,0.8122332692146301,0.3513513505458832
YGL148W,YKL138C-A,0,-6.154626,0.18770545721054077,0.8122332692146301,0.35149359703063965
YJL172W,YMR167W,0,-6.1551976,0.18764376640319824,0.8122332692146301,0.3516358435153961
YPL275W,YOR326W,0,-6.1554713,0.1875821352005005,0.8122332692146301,0.3517780900001526
YLR359W,YLR052W,0,-6.155701,0.18752051889896393,0.8122332692146301,0.35192033648490906
YNL230C,YBR082C,1,-6.155757,0.187787264585495,0.8136557340621948,0.35192033648490906
YPR178W,YDL180W,0,-6.1595435,0.18772563338279724,0.8136557340621948,0.3520625829696655
YER141W,YMR167W,0,-6.162216,0.18766404688358307,0.8136557340621948,0.352204829454422
YDR299W,YJR007W,0,-6.163979,0.18760249018669128,0.8136557340621948,0.35234707593917847
YFL025C,YML092C,1,-6.1642933,0.1878688484430313,0.8150782585144043,0.35234707593917847
YMR006C,YHR154W,0,-6.1643023,0.18780727684497833,0.8150782585144043,0.35248932242393494
YPL209C,YKR048C,0,-6.1643147,0.18774573504924774,0.8150782585144043,0.3526315689086914
YBR168W,YLL012W,0,-6.166877,0.18768423795700073,0.8150782585144043,0.3527738153934479
YJR094C,YPL130W,0,-6.167504,0.1876227855682373,0.8150782585144043,0.35291606187820435
YGL016W,YMR024W,0,-6.168116,0.18756137788295746,0.8150782585144043,0.3530583083629608
YDR054C,YGL240W,1,-6.1684813,0.1878272294998169,0.816500723361969,0.3530583083629608
YDL171C,YDL055C,0,-6.1702495,0.18776577711105347,0.816500723361969,0.3532005548477173
YBR005W,YJL141C,0,-6.17063,0.18770438432693481,0.816500723361969,0.35334283113479614
YKR034W,YGL122C,0,-6.1714053,0.18764302134513855,0.816500723361969,0.3534850776195526
YMR033W,YOL023W,0,-6.172649,0.18758170306682587,0.816500723361969,0.3536273241043091
YGL062W,YGL126W,0,-6.173466,0.18752041459083557,0.816500723361969,0.35376957058906555
YDR009W,YDL103C,0,-6.1739554,0.18745917081832886,0.816500723361969,0.353911817073822
YBR131W,YJL130C,0,-6.17425,0.18739797174930573,0.816500723361969,0.3540540635585785
YML102W,YEL027W,0,-6.174912,0.18733681738376617,0.816500723361969,0.35419631004333496
YER056C,YNL015W,0,-6.1752563,0.187275692820549,0.816500723361969,0.35433855652809143
YGL003C,YPL176C,1,-6.1752915,0.18754076957702637,0.8179231882095337,0.35433855652809143
YJL058C,YPL155C,0,-6.175443,0.18747961521148682,0.8179231882095337,0.3544808030128479
YOR153W,YCR058C,0,-6.175989,0.18741852045059204,0.8179231882095337,0.35462304949760437
YBL103C,YPL186C,0,-6.176098,0.18735744059085846,0.8179231882095337,0.35476529598236084
YHR204W,YPR103W,1,-6.177475,0.18762214481830597,0.8193456530570984,0.35476529598236084
YER170W,YNL055C,0,-6.177776,0.1875610500574112,0.8193456530570984,0.3549075424671173
YGL012W,YKL058W,0,-6.178824,0.1875,0.8193456530570984,0.3550497889518738
YLR384C,YBR028C,0,-6.1790605,0.1874389797449112,0.8193456530570984,0.35519203543663025
YMR023C,YOR129C,0,-6.1790614,0.18737800419330597,0.8193456530570984,0.3553342819213867
YDR098C,YPL104W,0,-6.1791587,0.18731707334518433,0.8193456530570984,0.3554765284061432
YOR244W,YKL166C,0,-6.1791987,0.18725617229938507,0.8193456530570984,0.35561877489089966
YGR227W,YOR185C,0,-6.179353,0.1871953159570694,0.8193456530570984,0.35576102137565613
YLR293C,YJR007W,0,-6.1802697,0.1871345043182373,0.8193456530570984,0.3559032678604126
YPL005W,YOR058C,0,-6.1808267,0.1870737224817276,0.8193456530570984,0.35604551434516907
YIL106W,YGL028C,0,-6.1812596,0.18701298534870148,0.8193456530570984,0.35618776082992554
YDL010W,YJL213W,0,-6.181605,0.18695229291915894,0.8193456530570984,0.356330007314682
YNR030W,YER175C,0,-6.181979,0.18689163029193878,0.8193456530570984,0.3564722537994385
YOL054W,YPL193W,0,-6.1826167,0.1868310123682022,0.8193456530570984,0.35661450028419495
YOR037W,YDR533C,0,-6.1839414,0.18677042424678802,0.8193456530570984,0.3567567467689514
YBR133C,YLR136C,0,-6.184345,0.18670988082885742,0.8193456530570984,0.3568989932537079
YGL168W,YIL167W,0,-6.184592,0.1866493821144104,0.8193456530570984,0.35704123973846436
YKL073W,YPL085W,0,-6.1850915,0.18658892810344696,0.8193456530570984,0.3571834862232208
YKL200C,YOL067C,0,-6.185123,0.1865285038948059,0.8193456530570984,0.3573257327079773
YML104C,YMR263W,0,-6.1856465,0.18646810948848724,0.8193456530570984,0.35746800899505615
YGL226C-A,YDR113C,0,-6.1857305,0.18640775978565216,0.8193456530570984,0.3576102554798126
YAR050W,YMR229C,0,-6.186791,0.18634745478630066,0.8193456530570984,0.3577525019645691
YDL126C,YDR131C,1,-6.1869125,0.186610609292984,0.8207681179046631,0.3577525019645691
YJR051W,YGR203W,0,-6.1869764,0.18655027449131012,0.8207681179046631,0.35789474844932556
YNL169C,YKL156W,0,-6.187833,0.1864899843931198,0.8207681179046631,0.35803699493408203
YOR320C,YDR315C,0,-6.1900086,0.1864297240972519,0.8207681179046631,0.3581792414188385
YLL024C,YPL183W-A,0,-6.190289,0.18636950850486755,0.8207681179046631,0.35832148790359497
YKR048C,YMR201C,0,-6.1903276,0.1863093376159668,0.8207681179046631,0.35846373438835144
YPR192W,YJR066W,0,-6.190403,0.18624919652938843,0.8207681179046631,0.3586059808731079
YDL130W-A,YER005W,0,-6.1904054,0.18618910014629364,0.8207681179046631,0.3587482273578644
YPL079W,YBR028C,0,-6.1920233,0.18612903356552124,0.8207681179046631,0.35889047384262085
YLL006W,YHL008C,0,-6.192183,0.18606901168823242,0.8207681179046631,0.3590327203273773
YBR111W-A,YOL055C,0,-6.192803,0.186009019613266,0.8207681179046631,0.3591749668121338
YOR039W,YHR121W,0,-6.19329,0.18594908714294434,0.8207681179046631,0.35931721329689026
YOL067C,YHR080C,0,-6.193343,0.18588916957378387,0.8207681179046631,0.35945945978164673
YGL022W,YJL141C,0,-6.194463,0.1858293116092682,0.8207681179046631,0.3596017062664032
YOR274W,YHR072W-A,0,-6.194564,0.1857694834470749,0.8207681179046631,0.35974395275115967
YPR037C,YMR216C,0,-6.196862,0.18570968508720398,0.8207681179046631,0.35988619923591614
YJL019W,YPL151C,0,-6.1970363,0.18564993143081665,0.8207681179046631,0.3600284457206726
YDR075W,YDR104C,0,-6.1975045,0.1855902224779129,0.8207681179046631,0.3601706922054291
YBL050W,YCR045C,0,-6.197799,0.18553054332733154,0.8207681179046631,0.36031293869018555
YJR057W,YJL129C,0,-6.198194,0.18547090888023376,0.8207681179046631,0.360455185174942
YHR143W-A,YNL208W,0,-6.1994386,0.18541130423545837,0.8207681179046631,0.3605974316596985
YPR110C,YML055W,0,-6.1999555,0.18535174429416656,0.8207681179046631,0.36073967814445496
YDR516C,YJL091C,0,-6.2006874,0.18529222905635834,0.8207681179046631,0.3608819246292114
YER141W,YGL062W,0,-6.201093,0.1852327436208725,0.8207681179046631,0.3610241711139679
YOL095C,YNL227C,0,-6.2013717,0.18517330288887024,0.8207681179046631,0.36116641759872437
YDR295C,YGL236C,0,-6.2015443,0.18511389195919037,0.8207681179046631,0.36130866408348083
YGR189C,YMR268W-A,0,-6.2020946,0.18505452573299408,0.8207681179046631,0.3614509105682373
YPL176C,YDR002W,1,-6.2021403,0.185315802693367,0.8221905827522278,0.3614509105682373
YJL018W,YLR237W,0,-6.2026258,0.18525640666484833,0.8221905827522278,0.36159318685531616
YBR131W,YBR100W,0,-6.2028804,0.18519705533981323,0.8221905827522278,0.36173543334007263
YBR268W,YDR092W,0,-6.2034564,0.18513773381710052,0.8221905827522278,0.3618776798248291
YIR034C,YAL016W,0,-6.204391,0.1850784569978714,0.8221905827522278,0.36201992630958557
YMR300C,YGL012W,0,-6.204451,0.18501920998096466,0.8221905827522278,0.36216217279434204
YDL188C,YJR019C,0,-6.2047105,0.1849599927663803,0.8221905827522278,0.3623044192790985
YGL223C,YDR383C,0,-6.2055516,0.18490083515644073,0.8221905827522278,0.362446665763855
YDR243C,YGR184C,0,-6.206373,0.18484170734882355,0.8221905827522278,0.36258891224861145
YCR045C,YDL118W,0,-6.2066836,0.18478260934352875,0.8221905827522278,0.3627311587333679
YOR372C,YLR315W,0,-6.2072625,0.18472355604171753,0.8221905827522278,0.3628734052181244
YJL073W,YHR204W,1,-6.208184,0.184984028339386,0.8236131072044373,0.3628734052181244
YMR316W,YLL034C,0,-6.2083817,0.18492494523525238,0.8236131072044373,0.36301565170288086
YKR100C,YHR106W,0,-6.208552,0.18486590683460236,0.8236131072044373,0.36315789818763733
YGL187C,YDR470C,0,-6.2087765,0.18480689823627472,0.8236131072044373,0.3633001446723938
YER055C,YPR114W,0,-6.2087793,0.18474791944026947,0.8236131072044373,0.36344239115715027
YDR385W,YDR172W,0,-6.208965,0.184689000248909,0.8236131072044373,0.36358463764190674
YDR123C,YPL019C,0,-6.209661,0.18463009595870972,0.8236131072044373,0.3637268841266632
YBR210W,YOL132W,0,-6.2098975,0.1845712512731552,0.8236131072044373,0.3638691306114197
YHR200W,YDR131C,1,-6.209986,0.18483109772205353,0.825035572052002,0.3638691306114197
YGL122C,YDR372C,0,-6.2106147,0.18477222323417664,0.825035572052002,0.36401137709617615
YBL002W,YPR043W,0,-6.2116456,0.18471337854862213,0.825035572052002,0.3641536235809326
YDL043C,YKR079C,0,-6.2117157,0.18465456366539001,0.825035572052002,0.3642958700656891
YGR005C,YEL020W-A,0,-6.2120724,0.18459579348564148,0.825035572052002,0.36443811655044556
YLL024C,YPL186C,0,-6.2126803,0.18453706800937653,0.825035572052002,0.364580363035202
YMR285C,YPR043W,0,-6.212745,0.18447837233543396,0.825035572052002,0.3647226095199585
YCR002C,YOR195W,0,-6.2138424,0.18441970646381378,0.825035572052002,0.36486485600471497
YOL077C,YKL117W,0,-6.213988,0.18436110019683838,0.825035572052002,0.36500710248947144
YOR375C,YER095W,0,-6.2140326,0.18430250883102417,0.825035572052002,0.3651493489742279
YEL061C,YJR094W-A,0,-6.2145734,0.18424396216869354,0.825035572052002,0.3652915954589844
YML051W,YMR183C,0,-6.2146096,0.1841854602098465,0.825035572052002,0.36543384194374084
YER141W,YOL055C,0,-6.215365,0.18412698805332184,0.825035572052002,0.3655760884284973
YPL046C,YDR002W,1,-6.2156034,0.18438591063022614,0.8264580368995667,0.3655760884284973
YCR035C,YLR181C,0,-6.216549,0.1843274086713791,0.8264580368995667,0.36571836471557617
YDR299W,YKR048C,0,-6.2166877,0.18426895141601562,0.8264580368995667,0.36586061120033264
YOR151C,YKL042W,0,-6.2174296,0.18421052396297455,0.8264580368995667,0.3660028576850891
YLR210W,YDR452W,0,-6.217501,0.18415214121341705,0.8264580368995667,0.3661451041698456
YBR268W,YCR035C,0,-6.217529,0.18409378826618195,0.8264580368995667,0.36628735065460205
YLR131C,YBR028C,0,-6.2182217,0.18403548002243042,0.8264580368995667,0.3664295971393585
YGL240W,YPL176C,1,-6.2183614,0.18429385125637054,0.8278805017471313,0.3664295971393585
YBR279W,YIL083C,0,-6.2191634,0.18423551321029663,0.8278805017471313,0.366571843624115
YBR131W,YKL170W,0,-6.21921,0.1841772198677063,0.8278805017471313,0.36671409010887146
YGR142W,YPL253C,0,-6.2197337,0.18411895632743835,0.8278805017471313,0.36685633659362793
YJR057W,YDR317W,0,-6.219998,0.1840607225894928,0.8278805017471313,0.3669985830783844
YGR185C,YNR021W,0,-6.220103,0.18400253355503082,0.8278805017471313,0.36714082956314087
YLR359W,YGL012W,0,-6.220112,0.18394437432289124,0.8278805017471313,0.36728307604789734
YGL003C,YLR207W,1,-6.2201505,0.18420220911502838,0.829302966594696,0.36728307604789734
YML071C,YDR424C,0,-6.2201924,0.1841440349817276,0.829302966594696,0.3674253225326538
YHR059W,YMR149W,0,-6.220383,0.1840858906507492,0.829302966594696,0.3675675690174103
YLR423C,YPL207W,0,-6.221245,0.1840277761220932,0.829302966594696,0.36770981550216675
YMR119W,YDR002W,1,-6.2235427,0.1842852681875229,0.8307254910469055,0.36770981550216675
YKL184W,YDR115W,0,-6.225757,0.1842271238565445,0.8307254910469055,0.3678520619869232
YDR182W,YOR232W,0,-6.2262864,0.18416903913021088,0.8307254910469055,0.3679943084716797
YCL024W,YGR178C,0,-6.226363,0.18411096930503845,0.8307254910469055,0.36813655495643616
YDR197W,YOR351C,0,-6.2268195,0.1840529441833496,0.8307254910469055,0.3682788014411926
YPL255W,YGR132C,0,-6.2272863,0.18399496376514435,0.8307254910469055,0.3684210479259491
YDR534C,YPR182W,0,-6.2276454,0.18393701314926147,0.8307254910469055,0.36856329441070557
YHR063C,YNL304W,0,-6.2284074,0.183879092335701,0.8307254910469055,0.36870554089546204
YAL032C,YNL072W,0,-6.2285905,0.18382121622562408,0.8307254910469055,0.3688477873802185
YMR059W,YNL049C,0,-6.2288814,0.18376336991786957,0.8307254910469055,0.368990033864975
YOR212W,YAL011W,0,-6.230106,0.18370556831359863,0.8307254910469055,0.36913228034973145
YDL105W,YMR076C,0,-6.2321486,0.18364779651165009,0.8307254910469055,0.3692745268344879
YGR108W,YLR384C,0,-6.2325115,0.18359006941318512,0.8307254910469055,0.3694167733192444
YMR119W,YAL058W,1,-6.2342515,0.1838466376066208,0.8321479558944702,0.3694167733192444
YBR243C,YPL079W,0,-6.2343345,0.18378888070583344,0.8321479558944702,0.36955901980400085
YEL027W,YDL043C,0,-6.234938,0.18373115360736847,0.8321479558944702,0.3697012662887573
YER107C,YML075C,0,-6.234964,0.18367347121238708,0.8321479558944702,0.3698435425758362
YKL184W,YLR369W,0,-6.235026,0.1836158186197281,0.8321479558944702,0.36998578906059265
YFL016C,YOR049C,0,-6.235464,0.18355821073055267,0.8321479558944702,0.3701280355453491
YDR217C,YOR230W,0,-6.2357774,0.18350063264369965,0.8321479558944702,0.3702702820301056
YCR069W,YBR228W,0,-6.2358336,0.183443084359169,0.8321479558944702,0.37041252851486206
YGR095C,YLR139C,0,-6.236004,0.18338558077812195,0.8321479558944702,0.37055477499961853
YLR113W,YGR002C,0,-6.237058,0.18332810699939728,0.8321479558944702,0.370697021484375
YOR058C,YHR105W,0,-6.23718,0.1832706779241562,0.8321479558944702,0.37083926796913147
YGR108W,YPR010C,0,-6.237935,0.1832132786512375,0.8321479558944702,0.37098151445388794
YLR393W,YPR051W,0,-6.237943,0.18315592408180237,0.8321479558944702,0.3711237609386444
YHR104W,YGR033C,0,-6.239008,0.18309858441352844,0.8321479558944702,0.3712660074234009
YNL053W,YPL232W,0,-6.2396836,0.1830413043498993,0.8321479558944702,0.37140825390815735
YBR133C,YDL140C,0,-6.241003,0.18298405408859253,0.8321479558944702,0.3715505003929138
YEL022W,YLR139C,0,-6.241402,0.18292683362960815,0.8321479558944702,0.3716927468776703
YBR100W,YMR121C,0,-6.2419925,0.18286964297294617,0.8321479558944702,0.37183499336242676
YPR068C,YDL043C,0,-6.243232,0.18281249701976776,0.8321479558944702,0.3719772398471832
YIR023W,YPR051W,0,-6.2437367,0.18275539577007294,0.8321479558944702,0.3721194863319397
YMR032W,YIR018W,0,-6.2441936,0.1826983094215393,0.8321479558944702,0.37226173281669617
YER017C,YDL134C-A,0,-6.245041,0.18264126777648926,0.8321479558944702,0.37240397930145264
YNL031C,YOL155C,0,-6.2462163,0.1825842708349228,0.8321479558944702,0.3725462257862091
YBR211C,YLR316C,0,-6.246261,0.1825273036956787,0.8321479558944702,0.3726884722709656
YLR399C,YKL094W,0,-6.246569,0.18247036635875702,0.8321479558944702,0.37283071875572205
YIL015W,YBR131W,0,-6.247434,0.1824134737253189,0.8321479558944702,0.3729729652404785
YLL006W,YJL089W,0,-6.2481427,0.18235661089420319,0.8321479558944702,0.373115211725235
YNL199C,YJR066W,0,-6.2487407,0.18229977786540985,0.8321479558944702,0.37325745820999146
YBL005W-B,YLR346C,0,-6.2487845,0.1822429895401001,0.8321479558944702,0.3733997046947479
YBR195C,YOL125W,0,-6.2493124,0.18218623101711273,0.8321479558944702,0.3735419511795044
YCR020C,YNR012W,0,-6.249461,0.18212951719760895,0.8321479558944702,0.37368419766426086
YJR040W,YCR035C,0,-6.25017,0.18207283318042755,0.8321479558944702,0.37382644414901733
YGR154C,YDR238C,0,-6.2505774,0.18201617896556854,0.8321479558944702,0.3739687204360962
YFR052W,YDR002W,1,-6.251107,0.1822706013917923,0.8335704207420349,0.3739687204360962
YDR098C,YNL037C,0,-6.25155,0.1822139322757721,0.8335704207420349,0.37411096692085266
YML072C,YDR259C,0,-6.2517924,0.18215729296207428,0.8335704207420349,0.37425321340560913
YKR065C,YEL020W-A,0,-6.251995,0.18210068345069885,0.8335704207420349,0.3743954598903656
YJL212C,YOR193W,0,-6.252601,0.182044118642807,0.8335704207420349,0.37453770637512207
YOL010W,YBR127C,0,-6.2532225,0.18198758363723755,0.8335704207420349,0.37467995285987854
YDR322W,YIL068C,0,-6.253573,0.18193107843399048,0.8335704207420349,0.374822199344635
YNL326C,YJL025W,0,-6.253855,0.181874617934227,0.8335704207420349,0.3749644458293915
YFR052W,YDR131C,1,-6.2540574,0.182128444314003,0.8349928855895996,0.3749644458293915
YAL059W,YDR494W,0,-6.254728,0.18207195401191711,0.8349928855895996,0.37510669231414795
YLR028C,YFR024C,0,-6.254929,0.18201550841331482,0.8349928855895996,0.3752489387989044
YHR120W,YPR139C,0,-6.2550683,0.18195907771587372,0.8349928855895996,0.3753911852836609
YOR098C,YJL093C,0,-6.2564354,0.1819026917219162,0.8349928855895996,0.37553343176841736
YFL025C,YPL046C,1,-6.2568607,0.18215613067150116,0.8364153504371643,0.37553343176841736
YHR204W,YDR002W,1,-6.257234,0.18240942060947418,0.837837815284729,0.37553343176841736
YPL233W,YKL218C,0,-6.257543,0.1823529452085495,0.837837815284729,0.37567567825317383
YML059C,YNL138W,0,-6.259153,0.1822964996099472,0.837837815284729,0.3758179247379303
YMR313C,YKL058W,0,-6.2595468,0.1822400987148285,0.837837815284729,0.37596017122268677
YOR182C,YPR074C,0,-6.259733,0.18218372762203217,0.837837815284729,0.37610241770744324
YOL086C,YNL027W,0,-6.2607703,0.18212740123271942,0.837837815284729,0.3762446641921997
YDR329C,YHL008C,0,-6.2618012,0.18207110464572906,0.837837815284729,0.3763869106769562
YGL236C,YDR484W,0,-6.2626247,0.1820148378610611,0.837837815284729,0.37652915716171265
YBR243C,YLR017W,0,-6.2634053,0.18195860087871552,0.837837815284729,0.3766714036464691
YOL002C,YGR133W,0,-6.263747,0.18190240859985352,0.837837815284729,0.3768136501312256
YKL042W,YJR019C,0,-6.2637515,0.1818462461233139,0.837837815284729,0.37695589661598206
YPL161C,YML045W,0,-6.2642694,0.18179012835025787,0.837837815284729,0.3770981431007385
YPL133C,YBR175W,0,-6.2646885,0.18173402547836304,0.837837815284729,0.377240389585495
YCR057C,YBR216C,0,-6.2647076,0.18167798221111298,0.837837815284729,0.37738263607025146
YLR220W,YHR012W,0,-6.2667904,0.1816219538450241,0.837837815284729,0.37752488255500793
YDR516C,YDR009W,0,-6.2669296,0.18156597018241882,0.837837815284729,0.3776671290397644
YKL166C,YOR162C,0,-6.267012,0.18151001632213593,0.837837815284729,0.3778093755245209
YJL172W,YOR236W,0,-6.268444,0.18145409226417542,0.837837815284729,0.37795162200927734
YOR080W,YOR371C,0,-6.270332,0.1813982129096985,0.837837815284729,0.3780938684940338
YFL003C,YBL052C,0,-6.271011,0.18134236335754395,0.837837815284729,0.37823614478111267
YLR085C,YDL119C,0,-6.2710323,0.1812865436077118,0.837837815284729,0.37837839126586914
YPL123C,YHL008C,0,-6.271188,0.18123076856136322,0.837837815284729,0.3785206377506256
YGR192C,YBL067C,0,-6.27165,0.18117502331733704,0.837837815284729,0.3786628842353821
YDR259C,YBL100W-B,0,-6.2724695,0.18111930787563324,0.837837815284729,0.37880513072013855
YKR048C,YLR002C,0,-6.2732687,0.18106363713741302,0.837837815284729,0.378947377204895
YCR009C,YLR346C,0,-6.273966,0.1810079962015152,0.837837815284729,0.3790896236896515
YGL187C,YGL012W,0,-6.2741795,0.18095238506793976,0.837837815284729,0.37923187017440796
YHR034C,YMR236W,0,-6.2744865,0.1808968037366867,0.837837815284729,0.37937411665916443
YMR119W,YFL025C,1,-6.2747645,0.18114829063415527,0.8392603397369385,0.37937411665916443
YIR034C,YGL207W,0,-6.274792,0.18109269440174103,0.8392603397369385,0.3795163631439209
YLR389C,YGL022W,0,-6.2763476,0.18103712797164917,0.8392603397369385,0.37965860962867737
YOL067C,YDL118W,0,-6.277027,0.1809815913438797,0.8392603397369385,0.37980085611343384
YCR070W,YHR105W,0,-6.278374,0.1809260994195938,0.8392603397369385,0.3799431025981903
YLR052W,YBR111W-A,0,-6.2787814,0.1808706372976303,0.8392603397369385,0.3800853490829468
YMR280C,YPL139C,0,-6.279185,0.1808152049779892,0.8392603397369385,0.38022759556770325
YPL231W,YGL040C,0,-6.2800784,0.18075980246067047,0.8392603397369385,0.3803698420524597
YGR088W,YML095C,0,-6.2802267,0.18070444464683533,0.8392603397369385,0.3805120885372162
YJL018W,YOR195W,0,-6.281018,0.18064911663532257,0.8392603397369385,0.38065433502197266
YLR242C,YGL025C,0,-6.2813935,0.1805938184261322,0.8392603397369385,0.3807965815067291
YKR056W,YLR240W,0,-6.28152,0.18053855001926422,0.8392603397369385,0.3809388279914856
YDR231C,YOR080W,0,-6.281785,0.18048332631587982,0.8392603397369385,0.38108107447624207
YLR242C,YDR331W,0,-6.2819953,0.1804281324148178,0.8392603397369385,0.38122332096099854
YDL171C,YBR089C-A,0,-6.2826824,0.18037296831607819,0.8392603397369385,0.381365567445755
YML102W,YDR191W,0,-6.2831626,0.18031784892082214,0.8392603397369385,0.3815078139305115
YKL182W,YPL231W,0,-6.2832584,0.1802627593278885,0.8392603397369385,0.38165006041526794
YFR027W,YOR274W,0,-6.283315,0.18020769953727722,0.8392603397369385,0.3817923069000244
YHR129C,YBL067C,0,-6.2835746,0.18015266954898834,0.8392603397369385,0.3819345533847809
YLR242C,YPL079W,0,-6.2836094,0.18009768426418304,0.8392603397369385,0.38207679986953735
YOR039W,YJL222W,0,-6.2853274,0.18004272878170013,0.8392603397369385,0.3822190463542938
YIL079C,YCR058C,0,-6.2855687,0.1799878031015396,0.8392603397369385,0.3823613226413727
YMR280C,YOL072W,0,-6.2860427,0.17993290722370148,0.8392603397369385,0.38250356912612915
YCR002C,YPR033C,0,-6.286757,0.17987805604934692,0.8392603397369385,0.3826458156108856
YGL130W,YOR195W,0,-6.2873535,0.17982321977615356,0.8392603397369385,0.3827880620956421
YFL003C,YJL168C,0,-6.2881446,0.1797684282064438,0.8392603397369385,0.38293030858039856
YKR003W,YKR079C,0,-6.288289,0.1797136813402176,0.8392603397369385,0.38307255506515503
YLR370C,YLR378C,0,-6.2886024,0.1796589493751526,0.8392603397369385,0.3832148015499115
YMR281W,YDR527W,0,-6.2894235,0.17960426211357117,0.8392603397369385,0.38335704803466797
YBR211C,YGR075C,0,-6.2917004,0.17954960465431213,0.8392603397369385,0.38349929451942444
YNL048W,YER122C,0,-6.2922726,0.1794949769973755,0.8392603397369385,0.3836415410041809
YFR052W,YDR143C,1,-6.295044,0.17974452674388885,0.8406828045845032,0.3836415410041809
YMR224C,YBR057C,0,-6.295279,0.17968986928462982,0.8406828045845032,0.3837837874889374
YNL015W,YGL025C,0,-6.295392,0.17963525652885437,0.8406828045845032,0.38392603397369385
YOR226C,YNL326C,0,-6.2955565,0.1795806735754013,0.8406828045845032,0.3840682804584503
YJL108C,YDL210W,0,-6.2958603,0.17952612042427063,0.8406828045845032,0.3842105269432068
YLR060W,YDL118W,0,-6.2958617,0.17947161197662354,0.8406828045845032,0.38435277342796326
YJR007W,YBL067C,0,-6.2967143,0.17941711843013763,0.8406828045845032,0.3844950199127197
YPR047W,YDR137W,0,-6.2968173,0.17936266958713531,0.8406828045845032,0.3846372663974762
YPL005W,YOR371C,0,-6.297294,0.17930825054645538,0.8406828045845032,0.38477951288223267
YPL119C,YDR494W,0,-6.2977962,0.17925386130809784,0.8406828045845032,0.38492175936698914
YIL090W,YPL093W,0,-6.299095,0.17919951677322388,0.8406828045845032,0.3850640058517456
YKR034W,YMR211W,0,-6.299933,0.1791452020406723,0.8406828045845032,0.3852062523365021
YDR118W,YDR143C,1,-6.3002286,0.17939393222332,0.8421052694320679,0.3852062523365021
YOR032C,YJR010C-A,0,-6.3003697,0.17933958768844604,0.8421052694320679,0.38534849882125854
YGR104C,YDL118W,0,-6.300789,0.17928528785705566,0.8421052694320679,0.385490745306015
YFL025C,YNL230C,1,-6.3009744,0.17953374981880188,0.8435277342796326,0.385490745306015
YDL099W,YPR110C,0,-6.301156,0.1794794201850891,0.8435277342796326,0.3856329917907715
YLR210W,YDR096W,0,-6.302612,0.17942512035369873,0.8435277342796326,0.38577523827552795
YJL036W,YEL059C-A,0,-6.302997,0.17937083542346954,0.8435277342796326,0.3859174847602844
YDR501W,YGR095C,0,-6.3031397,0.17931659519672394,0.8435277342796326,0.3860597312450409
YGL236C,YMR268W-A,0,-6.303576,0.17926239967346191,0.8435277342796326,0.38620197772979736
YAR044W,YBR198C,0,-6.3036246,0.17920821905136108,0.8435277342796326,0.38634422421455383
YHR129C,YLL023C,0,-6.304295,0.17915408313274384,0.8435277342796326,0.3864865005016327
YHR167W,YBL005W-B,0,-6.3050294,0.17909997701644897,0.8435277342796326,0.38662874698638916
YPL275W,YIL068C,0,-6.305177,0.1790459007024765,0.8435277342796326,0.38677099347114563
YDR118W,YGL058W,1,-6.305407,0.179293692111969,0.8449501991271973,0.38677099347114563
YPL207W,YJL109C,0,-6.305777,0.17923958599567413,0.8449501991271973,0.3869132399559021
YKR102W,YAL002W,0,-6.3061533,0.17918552458286285,0.8449501991271973,0.38705548644065857
YMR280C,YDR452W,0,-6.307165,0.17913147807121277,0.8449501991271973,0.38719773292541504
YNL322C,YKR078W,0,-6.3078723,0.17907747626304626,0.8449501991271973,0.3873399794101715
YNR030W,YGL189C,0,-6.309036,0.17902350425720215,0.8449501991271973,0.387482225894928
YCR070W,YIL019W,0,-6.3111296,0.17896956205368042,0.8449501991271973,0.38762447237968445
YOR320C,YLR354C,0,-6.311753,0.17891566455364227,0.8449501991271973,0.3877667188644409
YOR326W,YPL151C,0,-6.3124785,0.17886178195476532,0.8449501991271973,0.3879089653491974
YOR336W,YBR139W,0,-6.3125463,0.17880794405937195,0.8449501991271973,0.38805121183395386
YOR374W,YML015C,0,-6.3130136,0.17875413596630096,0.8449501991271973,0.3881934583187103
YDR395W,YGR184C,0,-6.313701,0.17870035767555237,0.8449501991271973,0.3883357048034668
YPR057W,YDL124W,0,-6.3152266,0.17864660918712616,0.8449501991271973,0.38847795128822327
YGR192C,YOR214C,0,-6.315825,0.17859290540218353,0.8449501991271973,0.38862019777297974
YPL127C,YLL027W,0,-6.315841,0.1785392314195633,0.8449501991271973,0.3887624442577362
YKL019W,YIL177C,0,-6.3161206,0.17848557233810425,0.8449501991271973,0.3889046907424927
YDR452W,YKL166C,0,-6.3162837,0.17843195796012878,0.8449501991271973,0.38904693722724915
YLR433C,YOL095C,0,-6.3169827,0.1783783733844757,0.8449501991271973,0.3891891837120056
YMR211W,YOR371C,0,-6.3171287,0.1783248335123062,0.8449501991271973,0.3893314301967621
YHR044C,YOL132W,0,-6.3178487,0.1782713085412979,0.8449501991271973,0.38947367668151855
YPL145C,YDR527W,0,-6.3182244,0.1782178282737732,0.8449501991271973,0.389615923166275
YGR028W,YJR041C,0,-6.3183136,0.17816436290740967,0.8449501991271973,0.3897581696510315
YLR220W,YAL002W,0,-6.318961,0.17811094224452972,0.8449501991271973,0.38990041613578796
YGL257C,YPL130W,0,-6.3189845,0.17805755138397217,0.8449501991271973,0.39004266262054443
YPR051W,YMR263W,0,-6.320094,0.178004190325737,0.8449501991271973,0.3901849091053009
YOR236W,YKL194C,0,-6.3205695,0.1779508739709854,0.8449501991271973,0.3903271555900574
YPL046C,YPL176C,1,-6.320687,0.17819707095623016,0.846372663974762,0.3903271555900574
YBR125C,YGL049C,0,-6.3209853,0.178143709897995,0.846372663974762,0.39046940207481384
YDL105W,YPL141C,0,-6.3213105,0.1780903935432434,0.846372663974762,0.3906116783618927
YNL055C,YKL212W,0,-6.321324,0.1780371069908142,0.846372663974762,0.39075392484664917
YKR095W-A,YGR020C,0,-6.3222466,0.1779838502407074,0.846372663974762,0.39089617133140564
YOR185C,YLL027W,0,-6.3223796,0.17793062329292297,0.846372663974762,0.3910384178161621
YIL015W,YLR229C,0,-6.322531,0.17787742614746094,0.846372663974762,0.3911806643009186
YCR088W,YOR018W,0,-6.3229456,0.17782427370548248,0.846372663974762,0.39132291078567505
YOL101C,YEL059C-A,0,-6.323566,0.17777113616466522,0.846372663974762,0.3914651572704315
YMR224C,YGL022W,0,-6.324386,0.17771804332733154,0.846372663974762,0.391607403755188
YPL193W,YBL100W-B,0,-6.3244348,0.17766498029232025,0.846372663974762,0.39174965023994446
YIL019W,YPL193W,0,-6.3246827,0.17761194705963135,0.846372663974762,0.3918918967247009
YKR085C,YNL096C,0,-6.3251443,0.17755894362926483,0.846372663974762,0.3920341432094574
YFL010W-A,YGL160W,0,-6.3259234,0.1775059700012207,0.846372663974762,0.39217638969421387
YAL040C,YKR031C,0,-6.326564,0.17745302617549896,0.846372663974762,0.39231863617897034
YBR037C,YGR020C,0,-6.3269105,0.1774001121520996,0.846372663974762,0.3924608826637268
YMR228W,YIR003W,0,-6.3284783,0.17734724283218384,0.846372663974762,0.3926031291484833
YGR200C,YLR052W,0,-6.3289943,0.17729440331459045,0.846372663974762,0.39274537563323975
YGL257C,YGR132C,0,-6.3292966,0.17724157869815826,0.846372663974762,0.3928876221179962
YBL100W-B,YBR141C,0,-6.329351,0.17718879878520966,0.846372663974762,0.3930298686027527
YGR275W,YPL072W,0,-6.329457,0.17713604867458344,0.846372663974762,0.39317211508750916
YBR132C,YER168C,0,-6.330193,0.1770833283662796,0.846372663974762,0.3933143615722656
YFR029W,YGL137W,0,-6.330804,0.17703065276145935,0.846372663974762,0.3934566080570221
YDR085C,YDR494W,0,-6.332386,0.1769779920578003,0.846372663974762,0.39359885454177856
YER013W,YPR182W,0,-6.3324347,0.17692536115646362,0.846372663974762,0.39374110102653503
YNL230C,YGL058W,1,-6.3331523,0.1771700382232666,0.8477951884269714,0.39374110102653503
YML011C,YBR111W-A,0,-6.333302,0.17711737751960754,0.8477951884269714,0.3938833475112915
YDR317W,YBR245C,0,-6.3351502,0.17706476151943207,0.8477951884269714,0.394025593996048
YMR285C,YLR354C,0,-6.3364577,0.17701217532157898,0.8477951884269714,0.39416784048080444
YDR077W,YAR044W,0,-6.336554,0.17695961892604828,0.8477951884269714,0.3943100869655609
YCR046C,YPL032C,0,-6.336791,0.17690709233283997,0.8477951884269714,0.3944523334503174
YOL060C,YDR240C,0,-6.3368783,0.17685459554195404,0.8477951884269714,0.39459457993507385
YGL166W,YKR102W,0,-6.337241,0.1768021285533905,0.8477951884269714,0.3947368562221527
YLR100W,YOL132W,0,-6.3378806,0.17674970626831055,0.8477951884269714,0.3948791027069092
YMR059W,YGR125W,0,-6.338053,0.17669729888439178,0.8477951884269714,0.39502134919166565
YLL027W,YER178W,0,-6.340169,0.1766449362039566,0.8477951884269714,0.3951635956764221
YNL257C,YLR020C,0,-6.3401933,0.17659258842468262,0.8477951884269714,0.3953058421611786
YDR494W,YBR141C,0,-6.340944,0.1765402853488922,0.8477951884269714,0.39544808864593506
YNR072W,YGR212W,0,-6.341055,0.1764880120754242,0.8477951884269714,0.39559033513069153
YBR010W,YGR203W,0,-6.341661,0.17643575370311737,0.8477951884269714,0.395732581615448
YPL209C,YDL079C,0,-6.3417435,0.17638354003429413,0.8477951884269714,0.39587482810020447
YLR401C,YMR225C,0,-6.342108,0.17633135616779327,0.8477951884269714,0.39601707458496094
YGR088W,YOR008C-A,0,-6.3424406,0.1762792021036148,0.8477951884269714,0.3961593210697174
YJL018W,YGL049C,0,-6.343214,0.17622707784175873,0.8477951884269714,0.3963015675544739
YJR097W,YPR178W,0,-6.3433046,0.17617499828338623,0.8477951884269714,0.39644381403923035
YBR202W,YAL017W,0,-6.345779,0.17612293362617493,0.8477951884269714,0.3965860605239868
YGR154C,YFR024C-A,0,-6.347367,0.176070898771286,0.8477951884269714,0.3967283070087433
YGL122C,YBL105C,0,-6.3475895,0.17601890861988068,0.8477951884269714,0.39687055349349976
YDR315C,YLR389C,0,-6.347661,0.17596693336963654,0.8477951884269714,0.3970127999782562
YDR494W,YGL145W,0,-6.347816,0.17591498792171478,0.8477951884269714,0.3971550464630127
YBR057C,YHR167W,0,-6.348178,0.1758630871772766,0.8477951884269714,0.39729729294776917
YAL040C,YOR372C,0,-6.349708,0.17581121623516083,0.8477951884269714,0.39743953943252563
YCR089W,YLR139C,0,-6.351362,0.17575936019420624,0.8477951884269714,0.3975817859172821
YGL190C,YPL233W,0,-6.351999,0.17570754885673523,0.8477951884269714,0.3977240324020386
YER160C,YHR048W,0,-6.352268,0.1756557673215866,0.8477951884269714,0.39786627888679504
YPR037C,YOR230W,0,-6.353268,0.17560400068759918,0.8477951884269714,0.3980085253715515
YGL003C,YML088W,1,-6.353303,0.17584683001041412,0.8492176532745361,0.3980085253715515
YOR233W,YCR058C,0,-6.353541,0.1757950484752655,0.8492176532745361,0.398150771856308
YPL028W,YLR346C,0,-6.3552494,0.17574329674243927,0.8492176532745361,0.39829301834106445
YLR393W,YFL036W,0,-6.3555393,0.17569158971309662,0.8492176532745361,0.3984352648258209
YBR133C,YPR133W-A,0,-6.3559995,0.17563989758491516,0.8492176532745361,0.3985775113105774
YDR440W,YPL209C,0,-6.3560777,0.1755882352590561,0.8492176532745361,0.39871975779533386
YGR154C,YJL025W,0,-6.356257,0.1755366027355194,0.8492176532745361,0.3988620340824127
YLR319C,YDL119C,0,-6.3574705,0.1754850149154663,0.8492176532745361,0.3990042805671692
YNL240C,YJL129C,0,-6.35749,0.1754334419965744,0.8492176532745361,0.39914652705192566
YHR061C,YOL028C,0,-6.3580947,0.17538189888000488,0.8492176532745361,0.39928877353668213
YER141W,YDR527W,0,-6.358273,0.17533040046691895,0.8492176532745361,0.3994310200214386
YDR158W,YLR337C,0,-6.3587866,0.1752789169549942,0.8492176532745361,0.39957326650619507
YGL040C,YHR121W,0,-6.3593163,0.17522747814655304,0.8492176532745361,0.39971551299095154
YGR133W,YBR139W,0,-6.3598456,0.17517605423927307,0.8492176532745361,0.399857759475708
YBR243C,YGR197C,0,-6.360558,0.17512467503547668,0.8492176532745361,0.4000000059604645
YIL065C,YBR010W,0,-6.3612523,0.1750733107328415,0.8492176532745361,0.40014225244522095
YBR298C,YMR216C,0,-6.3619485,0.17502199113368988,0.8492176532745361,0.4002844989299774
YPL231W,YOL095C,0,-6.3625197,0.17497068643569946,0.8492176532745361,0.4004267454147339
YPR033C,YJR050W,0,-6.3627477,0.17491942644119263,0.8492176532745361,0.40056899189949036
YBR152W,YJR110W,0,-6.362802,0.17486819624900818,0.8492176532745361,0.4007112383842468
YPL019C,YIL083C,0,-6.3630247,0.17481698095798492,0.8492176532745361,0.4008534848690033
YHR013C,YHR024C,0,-6.363213,0.17476581037044525,0.8492176532745361,0.40099573135375977
YHR194W,YER125W,0,-6.3633437,0.17471465468406677,0.8492176532745361,0.40113797783851624
YPR037C,YNL201C,0,-6.3653355,0.17466354370117188,0.8492176532745361,0.4012802243232727
YOR336W,YPR007C,0,-6.365532,0.17461246252059937,0.8492176532745361,0.4014224708080292
YDL117W,YGL137W,0,-6.365871,0.17456139624118805,0.8492176532745361,0.40156471729278564
YBL050W,YBL100W-B,0,-6.366836,0.17451037466526031,0.8492176532745361,0.4017069637775421
YGR227W,YOR313C,0,-6.3672147,0.17445938289165497,0.8492176532745361,0.4018492102622986
YHR170W,YBR005W,0,-6.367607,0.174408420920372,0.8492176532745361,0.40199145674705505
YER168C,YLR251W,0,-6.368104,0.17435747385025024,0.8492176532745361,0.4021337032318115
YNL230C,YDR143C,1,-6.368693,0.1745985448360443,0.8506401181221008,0.4021337032318115
YCR009C,YBR111W-A,0,-6.3687377,0.17454758286476135,0.8506401181221008,0.402275949716568
YHR012W,YMR099C,0,-6.3701787,0.17449665069580078,0.8506401181221008,0.40241819620132446
YNL327W,YML015C,0,-6.3703628,0.1744457483291626,0.8506401181221008,0.40256044268608093
YOL002C,YMR224C,0,-6.370398,0.1743948608636856,0.8506401181221008,0.4027026891708374
YER165W,YOR313C,0,-6.3708487,0.1743440181016922,0.8506401181221008,0.40284493565559387
YLR206W,YHR154W,0,-6.3710947,0.17429320514202118,0.8506401181221008,0.40298721194267273
YER069W,YLR110C,0,-6.372001,0.17424242198467255,0.8506401181221008,0.4031294584274292
YOR103C,YBL011W,0,-6.372662,0.1741916686296463,0.8506401181221008,0.40327170491218567
YOL156W,YJR019C,0,-6.373042,0.17414094507694244,0.8506401181221008,0.40341395139694214
YGR023W,YKR100C,0,-6.3732057,0.17409025132656097,0.8506401181221008,0.4035561978816986
YDR252W,YMR121C,0,-6.373677,0.1740395873785019,0.8506401181221008,0.4036984443664551
YPL171C,YDR228C,0,-6.374098,0.173988938331604,0.8506401181221008,0.40384069085121155
YOL065C,YLR154C,0,-6.3745036,0.1739383339881897,0.8506401181221008,0.403982937335968
YLR291C,YBL071W-A,0,-6.374541,0.17388775944709778,0.8506401181221008,0.4041251838207245
YGL003C,YGL058W,1,-6.3748813,0.17412790656089783,0.8520625829696655,0.4041251838207245
YBR210W,YBR195C,0,-6.374935,0.17407730221748352,0.8520625829696655,0.40426743030548096
YOL101C,YGR028W,0,-6.375176,0.1740267276763916,0.8520625829696655,0.4044096767902374
YGL040C,YHR156C,0,-6.3752956,0.17397618293762207,0.8520625829696655,0.4045519232749939
YBR202W,YHR102W,0,-6.3758264,0.17392566800117493,0.8520625829696655,0.40469416975975037
YBR199W,YCL018W,0,-6.3766127,0.17387518286705017,0.8520625829696655,0.40483641624450684
YAL031C,YNL185C,0,-6.376636,0.1738247275352478,0.8520625829696655,0.4049786627292633
YJL106W,YEL053C,0,-6.377085,0.17377430200576782,0.8520625829696655,0.4051209092140198
YGR214W,YBR016W,0,-6.378692,0.17372389137744904,0.8520625829696655,0.40526315569877625
YLR052W,YAL032C,0,-6.3792357,0.17367352545261383,0.8520625829696655,0.4054054021835327
YMR033W,YPL275W,0,-6.3809466,0.173623189330101,0.8520625829696655,0.4055476486682892
YDR363W-A,YDR131C,1,-6.381845,0.17386265099048615,0.8534850478172302,0.4055476486682892
YLR319C,YHR001W-A,0,-6.382025,0.17381228506565094,0.8534850478172302,0.40568989515304565
YNL111C,YKL094W,0,-6.3827314,0.17376194894313812,0.8534850478172302,0.4058321416378021
YGL254W,YOR195W,0,-6.3829226,0.1737116426229477,0.8534850478172302,0.4059743881225586
YBR135W,YNL257C,0,-6.383899,0.17366136610507965,0.8534850478172302,0.40611663460731506
YMR268C,YIR022W,0,-6.384108,0.1736111044883728,0.8534850478172302,0.40625888109207153
YAR015W,YBR198C,0,-6.3842278,0.17356088757514954,0.8534850478172302,0.406401127576828
YPL130W,YLR354C,0,-6.3851733,0.17351070046424866,0.8534850478172302,0.4065433740615845
YLR220W,YOL139C,0,-6.3856025,0.17346054315567017,0.8534850478172302,0.40668562054634094
YMR119W,YGL240W,1,-6.386063,0.17369942367076874,0.8549075126647949,0.40668562054634094
YNL227C,YBR293W,0,-6.387128,0.17364923655986786,0.8549075126647949,0.4068278670310974
YGR167W,YDR262W,0,-6.387732,0.17359907925128937,0.8549075126647949,0.4069701135158539
YGR289C,YGL257C,0,-6.38862,0.17354895174503326,0.8549075126647949,0.40711238980293274
YMR099C,YMR293C,0,-6.3898854,0.17349883913993835,0.8549075126647949,0.4072546362876892
YJL172W,YDR440W,0,-6.3899446,0.17344877123832703,0.8549075126647949,0.4073968827724457
YKL212W,YLR139C,0,-6.3918443,0.17339873313903809,0.8549075126647949,0.40753912925720215
YPL139C,YNL044W,0,-6.392099,0.17334870994091034,0.8549075126647949,0.4076813757419586
YDR143C,YIR011C,1,-6.392753,0.17358708381652832,0.8563300371170044,0.4076813757419586
YJR050W,YDR217C,0,-6.3930974,0.17353704571723938,0.8563300371170044,0.4078236222267151
YHR044C,YGR154C,0,-6.394012,0.17348703742027283,0.8563300371170044,0.40796586871147156
YCL038C,YBR010W,0,-6.3940797,0.17343704402446747,0.8563300371170044,0.408108115196228
YML006C,YDL112W,0,-6.3951497,0.1733870953321457,0.8563300371170044,0.4082503616809845
YPL104W,YKR095W-A,0,-6.39517,0.1733371764421463,0.8563300371170044,0.40839260816574097
YGL001C,YGL257C,0,-6.3962445,0.1732872724533081,0.8563300371170044,0.40853485465049744
YJL091C,YDL119C,0,-6.397336,0.1732374131679535,0.8563300371170044,0.4086771011352539
YML104C,YAR003W,0,-6.397593,0.17318756878376007,0.8563300371170044,0.4088193476200104
YPL133C,YGL137W,0,-6.398502,0.17313776910305023,0.8563300371170044,0.40896159410476685
YNL201C,YOR116C,0,-6.399181,0.1730879843235016,0.8563300371170044,0.4091038405895233
YDR106W,YDL124W,0,-6.3996153,0.17303822934627533,0.8563300371170044,0.4092460870742798
YNL201C,YDR484W,0,-6.399731,0.17298850417137146,0.8563300371170044,0.40938833355903625
YNL138W,YER160C,0,-6.4003477,0.17293880879878998,0.8563300371170044,0.4095305800437927
YIR015W,YDR104C,0,-6.4008965,0.17288914322853088,0.8563300371170044,0.4096728265285492
YEL027W,YPL137C,0,-6.4015965,0.17283950746059418,0.8563300371170044,0.40981507301330566
YLR088W,YOL067C,0,-6.4028106,0.17278990149497986,0.8563300371170044,0.40995731949806213
YOR193W,YJL216C,0,-6.403011,0.17274031043052673,0.8563300371170044,0.4100995659828186
YDR158W,YGL257C,0,-6.403053,0.1726907640695572,0.8563300371170044,0.4102418124675751
YCL004W,YIL099W,0,-6.403497,0.17264123260974884,0.8563300371170044,0.41038405895233154
YHR115C,YPL028W,0,-6.4036727,0.17259174585342407,0.8563300371170044,0.410526305437088
YDL210W,YJL213W,0,-6.404056,0.1725422739982605,0.8563300371170044,0.4106685519218445
YDR228C,YNL208W,0,-6.404063,0.1724928319454193,0.8563300371170044,0.41081079840660095
YDL137W,YGR094W,0,-6.4046154,0.1724434196949005,0.8563300371170044,0.4109530448913574
YLR231C,YJL002C,0,-6.4077983,0.1723940372467041,0.8563300371170044,0.4110952913761139
YJL019W,YMR268W-A,0,-6.4085655,0.17234468460083008,0.8563300371170044,0.41123756766319275
YHR013C,YJL109C,0,-6.4087763,0.17229536175727844,0.8563300371170044,0.4113798141479492
YKL218C,YPL139C,0,-6.4093676,0.1722460687160492,0.8563300371170044,0.4115220606327057
YDR234W,YPL093W,0,-6.410122,0.17219679057598114,0.8563300371170044,0.41166430711746216
YNR016C,YOR116C,0,-6.410959,0.17214755713939667,0.8563300371170044,0.41180655360221863
YGL155W,YGR206W,0,-6.411526,0.1720983386039734,0.8563300371170044,0.4119488000869751
YPL023C,YPL233W,0,-6.414252,0.1720491498708725,0.8563300371170044,0.41209104657173157
YJL095W,YPR003C,0,-6.4152355,0.1720000058412552,0.8563300371170044,0.41223329305648804
YBL064C,YLR237W,0,-6.4163165,0.17195087671279907,0.8563300371170044,0.4123755395412445
YDR096W,YBR230C,0,-6.4166064,0.17190177738666534,0.8563300371170044,0.412517786026001
YML100W,YPL253C,0,-6.4178853,0.1718526929616928,0.8563300371170044,0.41266003251075745
YDR231C,YJL222W,0,-6.418155,0.17180365324020386,0.8563300371170044,0.4128022789955139
YCL026C-A,YOL049W,0,-6.418333,0.1717546433210373,0.8563300371170044,0.4129445254802704
YBR083W,YJL113W,0,-6.4189434,0.17170564830303192,0.8563300371170044,0.41308677196502686
YNL147W,YGR091W,0,-6.419541,0.17165668308734894,0.8563300371170044,0.4132290184497833
YMR024W,YLR357W,0,-6.420316,0.17160774767398834,0.8563300371170044,0.4133712649345398
YBR133C,YOR208W,0,-6.4210663,0.17155884206295013,0.8563300371170044,0.41351351141929626
YJL058C,YOR036W,0,-6.4216948,0.17150996625423431,0.8563300371170044,0.41365575790405273
YOL155C,YBL011W,0,-6.421768,0.17146112024784088,0.8563300371170044,0.4137980043888092
YNL161W,YDR381W,0,-6.4219065,0.17141230404376984,0.8563300371170044,0.4139402508735657
YPL078C,YNR056C,0,-6.422268,0.17136350274085999,0.8563300371170044,0.41408249735832214
YPR001W,YKL184W,0,-6.4223537,0.17131474614143372,0.8563300371170044,0.4142247438430786
YGL183C,YMR225C,0,-6.422389,0.17126600444316864,0.8563300371170044,0.4143669903278351
YOR337W,YBR058C,0,-6.422957,0.17121729254722595,0.8563300371170044,0.41450923681259155
YCR065W,YLR052W,0,-6.4231906,0.17116861045360565,0.8563300371170044,0.414651483297348
YLR181C,YKR078W,0,-6.4236617,0.17111995816230774,0.8563300371170044,0.4147937297821045
YKL182W,YJR051W,0,-6.42374,0.17107132077217102,0.8563300371170044,0.41493597626686096
YBR175W,YML100W,0,-6.424863,0.17102272808551788,0.8563300371170044,0.41507822275161743
YNL021W,YLR389C,0,-6.426393,0.17097415030002594,0.8563300371170044,0.4152204692363739
YMR188C,YHL044W,0,-6.4273095,0.17092561721801758,0.8563300371170044,0.41536274552345276
YPL018W,YAL017W,0,-6.4283614,0.1708770990371704,0.8563300371170044,0.41550499200820923
YFL011W,YPL193W,0,-6.4295545,0.17082861065864563,0.8563300371170044,0.4156472384929657
YOL054W,YIL006W,0,-6.4296956,0.17078013718128204,0.8563300371170044,0.41578948497772217
YDR329C,YNL216W,0,-6.429817,0.17073170840740204,0.8563300371170044,0.41593173146247864
YOR058C,YEL048C,0,-6.43005,0.17068329453468323,0.8563300371170044,0.4160739779472351
YDR523C,YER160C,0,-6.4304523,0.170634925365448,0.8563300371170044,0.4162162244319916
YJL106W,YHR080C,0,-6.431091,0.17058657109737396,0.8563300371170044,0.41635847091674805
YGL022W,YDR407C,0,-6.4316278,0.17053824663162231,0.8563300371170044,0.4165007174015045
YLR165C,YJR014W,0,-6.4318757,0.17048995196819305,0.8563300371170044,0.416642963886261
YJR140C,YPL112C,0,-6.432674,0.170441672205925,0.8563300371170044,0.41678521037101746
YLR116W,YDR243C,0,-6.432877,0.1703934371471405,0.8563300371170044,0.4169274568557739
YGL190C,YCL040W,0,-6.435573,0.1703452169895172,0.8563300371170044,0.4170697033405304
YBR102C,YCR062W,0,-6.4371877,0.1702970266342163,0.8563300371170044,0.41721194982528687
YOR098C,YDR086C,0,-6.43833,0.1702488660812378,0.8563300371170044,0.41735419631004333
YGL003C,YDR131C,1,-6.4385877,0.17048345506191254,0.8577525019645691,0.41735419631004333
YBL035C,YOR214C,0,-6.4386454,0.17043527960777283,0.8577525019645691,0.4174964427947998
YPL232W,YOR010C,0,-6.439203,0.1703871190547943,0.8577525019645691,0.4176386892795563
YML011C,YPL186C,0,-6.4393334,0.17033898830413818,0.8577525019645691,0.41778093576431274
YJR069C,YHR118C,0,-6.439649,0.17029087245464325,0.8577525019645691,0.4179231822490692
YBR199W,YKL212W,0,-6.441096,0.1702428013086319,0.8577525019645691,0.4180654287338257
YLR293C,YDL095W,0,-6.441567,0.17019474506378174,0.8577525019645691,0.41820767521858215
YLR459W,YOR295W,0,-6.4417634,0.17014673352241516,0.8577525019645691,0.4183499217033386
YOR322C,YJR014W,0,-6.442925,0.17009873688220978,0.8577525019645691,0.4184921681880951
YHR175W,YLL012W,0,-6.4435143,0.1700507551431656,0.8577525019645691,0.41863441467285156
YJL025W,YCR043C,0,-6.443689,0.17000281810760498,0.8577525019645691,0.41877666115760803
YPL078C,YOL136C,0,-6.4445987,0.16995491087436676,0.8577525019645691,0.4189189076423645
YDR009W,YDR183W,0,-6.4450517,0.16990701854228973,0.8577525019645691,0.41906115412712097
YOR264W,YPR080W,0,-6.445515,0.1698591560125351,0.8577525019645691,0.41920340061187744
YHR005C-A,YOL055C,0,-6.4456167,0.16981132328510284,0.8577525019645691,0.4193456470966339
YKR095W-A,YCR020C,0,-6.445631,0.16976352035999298,0.8577525019645691,0.41948792338371277
YCR009C,YBR152W,0,-6.445766,0.1697157323360443,0.8577525019645691,0.41963016986846924
YFL057C,YOR100C,0,-6.4462695,0.16966797411441803,0.8577525019645691,0.4197724163532257
YJR031C,YGR089W,0,-6.446694,0.16962026059627533,0.8577525019645691,0.4199146628379822
YGR088W,YIL083C,0,-6.4481378,0.16957254707813263,0.8577525019645691,0.42005690932273865
YDR385W,YHL044W,0,-6.4482465,0.1695248782634735,0.8577525019645691,0.4201991558074951
YMR276W,YHR204W,1,-6.4490485,0.16975829005241394,0.8591749668121338,0.4201991558074951
YJR057W,YOR193W,0,-6.449515,0.16971059143543243,0.8591749668121338,0.4203414022922516
YJL208C,YOR214C,0,-6.449734,0.16966292262077332,0.8591749668121338,0.42048364877700806
YAL058W,YDR260C,1,-6.450496,0.16989609599113464,0.8605974316596985,0.42048364877700806
YIL099W,YFR006W,0,-6.450548,0.16984839737415314,0.8605974316596985,0.4206258952617645
YOR240W,YIL015W,0,-6.4514823,0.16980072855949402,0.8605974316596985,0.420768141746521
YAR044W,YLR020C,0,-6.4521384,0.1697530895471573,0.8605974316596985,0.42091038823127747
YBL040C,YDR086C,0,-6.4521384,0.16970546543598175,0.8605974316596985,0.42105263471603394
YNL099C,YBR139W,0,-6.4521737,0.1696578860282898,0.8605974316596985,0.4211948812007904
YDR118W,YPL046C,1,-6.4526677,0.1698906570672989,0.8620198965072632,0.4211948812007904
YDR527W,YOR214C,0,-6.453232,0.16984304785728455,0.8620198965072632,0.4213371276855469
YDR424C,YBL100W-B,0,-6.453773,0.1697954535484314,0.8620198965072632,0.42147937417030334
YLR384C,YPR056W,0,-6.4551034,0.16974790394306183,0.8620198965072632,0.4216216206550598
YBR214W,YBL005W-B,0,-6.455603,0.16970036923885345,0.8620198965072632,0.4217638671398163
YFL025C,YHR200W,1,-6.455819,0.16993281245231628,0.8634423613548279,0.4217638671398163
YCR068W,YFL003C,0,-6.456204,0.16988524794578552,0.8634423613548279,0.42190611362457275
YGR253C,YDR143C,1,-6.456482,0.17011751234531403,0.8648648858070374,0.42190611362457275
YOR374W,YJR057W,0,-6.4576163,0.17006993293762207,0.8648648858070374,0.4220483601093292
YDR047W,YLR389C,0,-6.458525,0.1700223684310913,0.8648648858070374,0.4221906065940857
YJR057W,YPR133W-A,0,-6.4590826,0.16997483372688293,0.8648648858070374,0.42233285307884216
YMR032W,YJR010W,0,-6.4594207,0.16992732882499695,0.8648648858070374,0.42247509956359863
YOL136C,YPR043W,0,-6.4596677,0.16987985372543335,0.8648648858070374,0.4226173460483551
YMR008C,YLR389C,0,-6.459861,0.16983240842819214,0.8648648858070374,0.4227595925331116
YNR016C,YMR182C,0,-6.4598994,0.16978497803211212,0.8648648858070374,0.42290183901786804
YPL275W,YGR074W,0,-6.459927,0.1697375774383545,0.8648648858070374,0.4230440855026245
YGL062W,YDR217C,0,-6.4607854,0.16969020664691925,0.8648648858070374,0.423186331987381
YNL023C,YLR136C,0,-6.4612093,0.1696428507566452,0.8648648858070374,0.42332857847213745
YAL048C,YBL005W-B,0,-6.4618077,0.16959553956985474,0.8648648858070374,0.4234708249568939
YJR050W,YHL044W,0,-6.4620724,0.16954824328422546,0.8648648858070374,0.4236131012439728
YDR430C,YOL080C,0,-6.462173,0.16950097680091858,0.8648648858070374,0.42375534772872925
YOR240W,YPR010C,0,-6.46238,0.16945374011993408,0.8648648858070374,0.4238975942134857
YDR092W,YIL083C,0,-6.4624248,0.16940651834011078,0.8648648858070374,0.4240398406982422
YDL069C,YEL061C,0,-6.463557,0.16935932636260986,0.8648648858070374,0.42418208718299866
YMR128W,YKL094W,0,-6.4639745,0.16931216418743134,0.8648648858070374,0.4243243336677551
YMR268W-A,YIR018W,0,-6.4653087,0.1692650318145752,0.8648648858070374,0.4244665801525116
YDL168W,YML045W,0,-6.4656863,0.16921792924404144,0.8648648858070374,0.42460882663726807
YOR039W,YOR322C,0,-6.466123,0.16917084157466888,0.8648648858070374,0.42475107312202454
YHR055C,YNL147W,0,-6.467687,0.1691237837076187,0.8648648858070374,0.424893319606781
YGR088W,YDL154W,0,-6.468677,0.16907675564289093,0.8648648858070374,0.4250355660915375
YJR057W,YDL117W,0,-6.4687567,0.16902974247932434,0.8648648858070374,0.42517781257629395
YGL130W,YEL020W-A,0,-6.469776,0.16898277401924133,0.8648648858070374,0.4253200590610504
YDL192W,YCR080W,0,-6.470303,0.16893582046031952,0.8648648858070374,0.4254623055458069
YLR284C,YBR111W-A,0,-6.4704337,0.1688888818025589,0.8648648858070374,0.42560455203056335
YGL145W,YML100W,0,-6.4704685,0.16884198784828186,0.8648648858070374,0.4257467985153198
YGR140W,YGL059W,0,-6.4709134,0.16879510879516602,0.8648648858070374,0.4258890450000763
YHR069C,YGL104C,0,-6.47126,0.16874825954437256,0.8648648858070374,0.42603129148483276
YDL043C,YNL208W,0,-6.473576,0.1687014400959015,0.8648648858070374,0.42617353796958923
YPL005W,YBR198C,0,-6.4743724,0.1686546504497528,0.8648648858070374,0.4263157844543457
YMR281W,YLR315W,0,-6.4758644,0.16860787570476532,0.8648648858070374,0.4264580309391022
YMR213W,YPR139C,0,-6.4767814,0.16856113076210022,0.8648648858070374,0.42660027742385864
YDR085C,YML045W,0,-6.477464,0.1685144156217575,0.8648648858070374,0.4267425239086151
YOL086C,YBL011W,0,-6.477893,0.168467715382576,0.8648648858070374,0.4268847703933716
YGR048W,YDR131C,1,-6.478316,0.16869805753231049,0.866287350654602,0.4268847703933716
YGR200C,YDR470C,0,-6.4787946,0.16865134239196777,0.866287350654602,0.42702701687812805
YOR018W,YPL162C,0,-6.4788747,0.16860465705394745,0.866287350654602,0.4271692633628845
YDR073W,YDR240C,0,-6.4793477,0.16855798661708832,0.866287350654602,0.427311509847641
YDL098C,YOR129C,0,-6.4796996,0.16851134598255157,0.866287350654602,0.42745375633239746
YML024W,YPR182W,0,-6.4797335,0.16846473515033722,0.866287350654602,0.42759600281715393
YCR035C,YLR035C-A,0,-6.4803605,0.16841813921928406,0.866287350654602,0.4277382791042328
YHR079C-B,YBR037C,0,-6.480765,0.16837157309055328,0.866287350654602,0.42788052558898926
YOR240W,YLR284C,0,-6.483382,0.1683250367641449,0.866287350654602,0.4280227720737457
YJL092W,YER105C,0,-6.484719,0.1682785302400589,0.866287350654602,0.4281650185585022
YJL058C,YHR106W,0,-6.4848027,0.1682320386171341,0.866287350654602,0.42830726504325867
YDL161W,YJL216C,0,-6.48486,0.16818557679653168,0.866287350654602,0.42844951152801514
YGR088W,YNL216W,0,-6.4853067,0.16813914477825165,0.866287350654602,0.4285917580127716
YFR001W,YFL016C,0,-6.4854894,0.168092742562294,0.866287350654602,0.4287340044975281
YBR211C,YLR293C,0,-6.4870715,0.16804635524749756,0.866287350654602,0.42887625098228455
YBR021W,YDR395W,0,-6.487128,0.1679999977350235,0.866287350654602,0.429018497467041
YML057W,YHR167W,0,-6.48747,0.16795367002487183,0.866287350654602,0.4291607439517975
YDR465C,YJR010C-A,0,-6.4875493,0.16790735721588135,0.866287350654602,0.42930299043655396
YAL054C,YKR031C,0,-6.488252,0.16786107420921326,0.866287350654602,0.4294452369213104
YGR167W,YBR244W,0,-6.4884553,0.16781482100486755,0.866287350654602,0.4295874834060669
YDL161W,YGR203W,0,-6.488511,0.16776859760284424,0.866287350654602,0.42972972989082336
YDR143C,YGR048W,1,-6.4899464,0.1679977923631668,0.8677098155021667,0.42972972989082336
YOL101C,YNL185C,0,-6.49021,0.1679515391588211,0.8677098155021667,0.42987197637557983
YBR210W,YGR186W,0,-6.4905715,0.1679053157567978,0.8677098155021667,0.4300142228603363
YDR085C,YDL079C,0,-6.490845,0.16785910725593567,0.8677098155021667,0.4301564693450928
YML051W,YHR001W-A,0,-6.491758,0.16781292855739594,0.8677098155021667,0.43029871582984924
YCR028C-A,YBR016W,0,-6.4924355,0.1677667796611786,0.8677098155021667,0.4304409623146057
YJL073W,YDR002W,1,-6.4924808,0.1679956018924713,0.8691322803497314,0.4304409623146057
YMR229C,YKR078W,0,-6.492995,0.16794942319393158,0.8691322803497314,0.4305832087993622
YBL038W,YAR003W,0,-6.4933,0.16790327429771423,0.8691322803497314,0.43072545528411865
YPR192W,YGR167W,0,-6.494905,0.16785714030265808,0.8691322803497314,0.4308677017688751
YKL138C-A,YOR270C,0,-6.495182,0.16781103610992432,0.8691322803497314,0.4310099482536316
YIL065C,YLL028W,0,-6.495958,0.16776496171951294,0.8691322803497314,0.43115219473838806
YBR146W,YBR230C,0,-6.4959903,0.16771891713142395,0.8691322803497314,0.43129444122314453
YCR088W,YBR089C-A,0,-6.4961925,0.16767288744449615,0.8691322803497314,0.431436687707901
YLR451W,YJL129C,0,-6.496387,0.16762688755989075,0.8691322803497314,0.43157893419265747
YLR117C,YIL138C,0,-6.497089,0.16758091747760773,0.8691322803497314,0.43172118067741394
YMR280C,YDR347W,0,-6.4978533,0.1675349622964859,0.8691322803497314,0.4318634569644928
YDR009W,YLR332W,0,-6.4982257,0.16748903691768646,0.8691322803497314,0.43200570344924927
YBR211C,YHL044W,0,-6.4983277,0.1674431413412094,0.8691322803497314,0.43214794993400574
YOR299W,YDR045C,0,-6.4990544,0.16739726066589355,0.8691322803497314,0.4322901964187622
YER170W,YNL216W,0,-6.500114,0.16735140979290009,0.8691322803497314,0.4324324429035187
YNL027W,YML006C,0,-6.500398,0.167305588722229,0.8691322803497314,0.43257468938827515
YEL019C,YOR270C,0,-6.500454,0.16725978255271912,0.8691322803497314,0.4327169358730316
YBR082C,YDR131C,1,-6.500914,0.16748768091201782,0.8705547451972961,0.4327169358730316
YDR210W-B,YER160C,0,-6.501515,0.16744185984134674,0.8705547451972961,0.4328591823577881
YMR060C,YFR006W,0,-6.5024333,0.16739606857299805,0.8705547451972961,0.43300142884254456
YDR322W,YBL051C,0,-6.5030117,0.16735029220581055,0.8705547451972961,0.433143675327301
YLR401C,YPL207W,0,-6.5030284,0.16730453073978424,0.8705547451972961,0.4332859218120575
YER044C-A,YFL037W,0,-6.5030518,0.16725881397724152,0.8705547451972961,0.43342816829681396
YMR267W,YGR125W,0,-6.5030904,0.16721311211585999,0.8705547451972961,0.43357041478157043
YDL188C,YGR203W,0,-6.503157,0.16716744005680084,0.8705547451972961,0.4337126612663269
YBR039W,YLL011W,0,-6.5042324,0.1671217978000641,0.8705547451972961,0.4338549077510834
YJL018W,YPR102C,0,-6.504321,0.16707617044448853,0.8705547451972961,0.43399715423583984
YNL031C,YGR178C,0,-6.505187,0.16703057289123535,0.8705547451972961,0.4341394007205963
YDL126C,YDR143C,1,-6.5060353,0.16725784540176392,0.8719772696495056,0.4341394007205963
YBR018C,YDR452W,0,-6.5065293,0.16721221804618835,0.8719772696495056,0.4342816472053528
YOR375C,YIR018W,0,-6.5073824,0.16716662049293518,0.8719772696495056,0.43442389369010925
YGR124W,YCL018W,0,-6.507941,0.1671210527420044,0.8719772696495056,0.4345661401748657
YHR175W,YPL275W,0,-6.508022,0.1670754998922348,0.8719772696495056,0.4347083866596222
YDR297W,YPL032C,0,-6.508639,0.1670299768447876,0.8719772696495056,0.43485063314437866
YPL275W,YDR243C,0,-6.509178,0.1669844686985016,0.8719772696495056,0.43499287962913513
YPL275W,YER056C-A,0,-6.509332,0.16693900525569916,0.8719772696495056,0.4351351261138916
YER165W,YDR137W,0,-6.510464,0.16689354181289673,0.8719772696495056,0.43527737259864807
YBR020W,YBR058C,0,-6.510635,0.16684812307357788,0.8719772696495056,0.43541961908340454
YEL059C-A,YLR130C,0,-6.511008,0.16680271923542023,0.8719772696495056,0.435561865568161
YNR030W,YNR041C,0,-6.5119996,0.16675734519958496,0.8719772696495056,0.4357041120529175
YKL152C,YGR186W,0,-6.512444,0.1667119860649109,0.8719772696495056,0.43584635853767395
YJR040W,YPL234C,0,-6.5125036,0.1666666716337204,0.8719772696495056,0.4359886348247528
YNR012W,YDL180W,0,-6.5125155,0.1666213572025299,0.8719772696495056,0.4361308813095093
YNL091W,YOR049C,0,-6.514257,0.166576087474823,0.8719772696495056,0.43627312779426575
YKR039W,YPL162C,0,-6.514263,0.16653083264827728,0.8719772696495056,0.4364153742790222
YLR312W-A,YLR254C,0,-6.5148263,0.16648560762405396,0.8719772696495056,0.4365576207637787
YER095W,YCR073C,0,-6.515389,0.16644039750099182,0.8719772696495056,0.43669986724853516
YJL018W,YOR127W,0,-6.51605,0.16639521718025208,0.8719772696495056,0.4368421137332916
YDL192W,YMR023C,0,-6.516869,0.16635006666183472,0.8719772696495056,0.4369843602180481
YLL018C-A,YLL011W,0,-6.5169644,0.16630493104457855,0.8719772696495056,0.43712660670280457
YMR162C,YNR003C,0,-6.517101,0.16625982522964478,0.8719772696495056,0.43726885318756104
YGR108W,YBR100W,0,-6.51757,0.1662147492170334,0.8719772696495056,0.4374110996723175
YER015W,YER104W,0,-6.5186667,0.1661696881055832,0.8719772696495056,0.437553346157074
YFL010W-A,YOR127W,0,-6.519117,0.16612465679645538,0.8719772696495056,0.43769559264183044
YNL096C,YML072C,0,-6.5191584,0.16607965528964996,0.8719772696495056,0.4378378391265869
YML024W,YDR510W,0,-6.5196476,0.16603466868400574,0.8719772696495056,0.4379800856113434
YNL327W,YCL074W,0,-6.51982,0.1659897118806839,0.8719772696495056,0.43812233209609985
YFL035C,YBR293W,0,-6.5199485,0.16594476997852325,0.8719772696495056,0.4382645785808563
YCR043C,YPL162C,0,-6.5203996,0.165899857878685,0.8719772696495056,0.4384068250656128
YJL018W,YGR183C,0,-6.52041,0.16585497558116913,0.8719772696495056,0.43854907155036926
YKL176C,YFL035C,0,-6.520651,0.16581012308597565,0.8719772696495056,0.43869131803512573
YKL218C,YNL304W,0,-6.5209007,0.16576528549194336,0.8719772696495056,0.4388335645198822
YLL001W,YJL033W,0,-6.5211115,0.16572046279907227,0.8719772696495056,0.43897581100463867
YNL026W,YER160C,0,-6.5215287,0.16567566990852356,0.8719772696495056,0.43911805748939514
YMR182C,YDL229W,0,-6.5217214,0.16563090682029724,0.8719772696495056,0.4392603039741516
YER165W,YBR058C,0,-6.522486,0.1655861735343933,0.8719772696495056,0.4394025504589081
YJL213W,YPL183W-A,0,-6.5236716,0.16554145514965057,0.8719772696495056,0.43954479694366455
YPL280W,YGL145W,0,-6.5239816,0.16549676656723022,0.8719772696495056,0.439687043428421
YDR155C,YML059C,0,-6.5239825,0.16545209288597107,0.8719772696495056,0.4398292899131775
YOL060C,YJL093C,0,-6.524048,0.1654074490070343,0.8719772696495056,0.43997153639793396
YGR154C,YIL013C,0,-6.5243144,0.16536282002925873,0.8719772696495056,0.4401138126850128
YJL168C,YOR008C-A,0,-6.5248165,0.16531823575496674,0.8719772696495056,0.4402560591697693
YIR015W,YDR092W,0,-6.5254583,0.16527365148067474,0.8719772696495056,0.44039830565452576
YFL050C,YBR167C,0,-6.5256553,0.16522911190986633,0.8719772696495056,0.4405405521392822
YGL025C,YMR268W-A,0,-6.525724,0.16518458724021912,0.8719772696495056,0.4406827986240387
YDR198C,YIL083C,0,-6.525824,0.1651400923728943,0.8719772696495056,0.44082504510879517
YDR288W,YOR008C-A,0,-6.5265536,0.16509561240673065,0.8719772696495056,0.44096729159355164
YMR035W,YGR183C,0,-6.5286617,0.1650511622428894,0.8719772696495056,0.4411095380783081
YGL187C,YJL129C,0,-6.528689,0.16500672698020935,0.8719772696495056,0.4412517845630646
YLR071C,YHL008C,0,-6.5288663,0.16496232151985168,0.8719772696495056,0.44139403104782104
YBR100W,YOR137C,0,-6.5289683,0.1649179458618164,0.8719772696495056,0.4415362775325775
YML059C,YMR229C,0,-6.529041,0.16487358510494232,0.8719772696495056,0.441678524017334
YNL005C,YDL210W,0,-6.5290704,0.16482925415039062,0.8719772696495056,0.44182077050209045
YDR424C,YOR353C,0,-6.5300612,0.16478495299816132,0.8719772696495056,0.4419630169868469
YCL040W,YKR100C,0,-6.5302467,0.1647406667470932,0.8719772696495056,0.4421052634716034
YFL011W,YOR086C,0,-6.530408,0.16469639539718628,0.8719772696495056,0.44224750995635986
YDL171C,YOR228C,0,-6.530468,0.16465216875076294,0.8719772696495056,0.44238975644111633
YNL037C,YLR043C,0,-6.5308156,0.1646079421043396,0.8719772696495056,0.4425320029258728
YPL112C,YNL216W,0,-6.531058,0.16456376016139984,0.8719772696495056,0.4426742494106293
YIL090W,YNL202W,0,-6.5313916,0.16451959311962128,0.8719772696495056,0.44281649589538574
YOR375C,YPL104W,0,-6.5318046,0.1644754558801651,0.8719772696495056,0.4429587423801422
YDL098C,YKL216W,0,-6.5326023,0.16443133354187012,0.8719772696495056,0.4431009888648987
YDR270W,YLR016C,0,-6.533141,0.16438724100589752,0.8719772696495056,0.44324323534965515
YHR175W,YER175C,0,-6.533419,0.16434316337108612,0.8719772696495056,0.4433854818344116
YGR098C,YLR346C,0,-6.533455,0.1642991155385971,0.8719772696495056,0.4435277283191681
YPL231W,YOR372C,0,-6.5335164,0.16425509750843048,0.8719772696495056,0.44366997480392456
YBR210W,YPL162C,0,-6.5336747,0.16421109437942505,0.8719772696495056,0.44381222128868103
YBR021W,YER174C,0,-6.534288,0.1641671061515808,0.8719772696495056,0.4439544677734375
YLR274W,YDL118W,0,-6.535198,0.16412316262722015,0.8719772696495056,0.44409671425819397
YAL058W,YLR207W,1,-6.5353317,0.16434688866138458,0.8733997344970703,0.44409671425819397
YBR152W,YPR074C,0,-6.536197,0.16430291533470154,0.8733997344970703,0.4442389905452728
YNL206C,YLR139C,0,-6.536199,0.1642589569091797,0.8733997344970703,0.4443812370300293
YCR080W,YOR212W,0,-6.536348,0.16421502828598022,0.8733997344970703,0.44452348351478577
YPR037C,YAR050W,0,-6.5365634,0.16417112946510315,0.8733997344970703,0.44466572999954224
YBR133C,YNR017W,0,-6.5373397,0.16412724554538727,0.8733997344970703,0.4448079764842987
YDR494W,YGR195W,0,-6.5377073,0.16408337652683258,0.8733997344970703,0.4449502229690552
YMR032W,YJL093C,0,-6.538067,0.16403953731060028,0.8733997344970703,0.44509246945381165
YKL103C,YMR216C,0,-6.5387406,0.16399572789669037,0.8733997344970703,0.4452347159385681
YKR085C,YOL006C,0,-6.5412574,0.16395193338394165,0.8733997344970703,0.4453769624233246
YPR068C,YOL028C,0,-6.5423408,0.16390816867351532,0.8733997344970703,0.44551920890808105
YDL079C,YLR165C,0,-6.542861,0.16386441886425018,0.8733997344970703,0.4456614553928375
YMR199W,YJR110W,0,-6.5435863,0.16382069885730743,0.8733997344970703,0.445803701877594
YDR331W,YOR119C,0,-6.544273,0.16377700865268707,0.8733997344970703,0.44594594836235046
YBR202W,YDR183W,0,-6.5443463,0.1637333333492279,0.8733997344970703,0.44608819484710693
YBL035C,YJR019C,0,-6.5446305,0.16368968784809113,0.8733997344970703,0.4462304413318634
YCR002C,YKR102W,0,-6.5451493,0.16364605724811554,0.8733997344970703,0.4463726878166199
YMR006C,YDR523C,0,-6.54589,0.16360245645046234,0.8733997344970703,0.44651493430137634
YMR296C,YEL053C,0,-6.5472016,0.16355887055397034,0.8733997344970703,0.4466571807861328
YIR015W,YER150W,0,-6.5474257,0.16351531445980072,0.8733997344970703,0.4467994272708893
YER174C,YNL147W,0,-6.547666,0.1634717732667923,0.8733997344970703,0.44694167375564575
YNL216W,YGR186W,0,-6.5478816,0.16342826187610626,0.8733997344970703,0.4470839202404022
YGR140W,YOL138C,0,-6.5482297,0.16338478028774261,0.8733997344970703,0.4472261667251587
YBR089C-A,YCR009C,0,-6.548239,0.16334131360054016,0.8733997344970703,0.44736841320991516
YHR129C,YMR149W,0,-6.5482564,0.1632978767156601,0.8733997344970703,0.44751065969467163
YDR252W,YJL129C,0,-6.54826,0.16325445473194122,0.8733997344970703,0.4476529061794281
YCR089W,YML006C,0,-6.5482802,0.16321106255054474,0.8733997344970703,0.44779515266418457
YOR058C,YOR324C,0,-6.5498405,0.16316768527030945,0.8733997344970703,0.44793739914894104
YOR058C,YDR197W,0,-6.550046,0.16312433779239655,0.8733997344970703,0.4480796456336975
YGL168W,YFL016C,0,-6.5509143,0.16308100521564484,0.8733997344970703,0.448221892118454
YGR095C,YLR360W,0,-6.5510364,0.16303770244121552,0.8733997344970703,0.44836416840553284
YDR331W,YKL200C,0,-6.551215,0.16299442946910858,0.8733997344970703,0.4485064148902893
YMR267W,YDL010W,0,-6.5517325,0.16295117139816284,0.8733997344970703,0.4486486613750458
YLL012W,YPR114W,0,-6.55217,0.1629079282283783,0.8733997344970703,0.44879090785980225
YHR143W-A,YGR002C,0,-6.55223,0.16286471486091614,0.8733997344970703,0.4489331543445587
YGR036C,YAL032C,0,-6.5532603,0.16282153129577637,0.8733997344970703,0.4490754008293152
YHR129C,YDR351W,0,-6.556633,0.1627783626317978,0.8733997344970703,0.44921764731407166
YDL047W,YPR003C,0,-6.556916,0.1627352237701416,0.8733997344970703,0.4493598937988281
YML095C,YGR125W,0,-6.557819,0.1626920998096466,0.8733997344970703,0.4495021402835846
YGR183C,YDL195W,0,-6.557833,0.162649005651474,0.8733997344970703,0.44964438676834106
YLR305C,YAR003W,0,-6.5581,0.16260592639446259,0.8733997344970703,0.44978663325309753
YPL123C,YLR371W,0,-6.5583363,0.16256287693977356,0.8733997344970703,0.449928879737854
YDR317W,YPL145C,0,-6.5583777,0.16251985728740692,0.8733997344970703,0.4500711262226105
YPL005W,YNL314W,0,-6.558618,0.16247685253620148,0.8733997344970703,0.45021337270736694
YDR397C,YBR222C,0,-6.55899,0.16243386268615723,0.8733997344970703,0.4503556191921234
YER166W,YHR037W,0,-6.559222,0.16239090263843536,0.8733997344970703,0.4504978656768799
YPR081C,YOR153W,0,-6.559644,0.1623479574918747,0.8733997344970703,0.45064011216163635
YJL060W,YKR025W,0,-6.5597105,0.1623050421476364,0.8733997344970703,0.4507823586463928
YKL007W,YOL132W,0,-6.5603137,0.16226215660572052,0.8733997344970703,0.4509246051311493
YJR066W,YDL124W,0,-6.560508,0.16221928596496582,0.8733997344970703,0.45106685161590576
YHR037W,YMR183C,0,-6.5612016,0.1621764451265335,0.8733997344970703,0.45120909810066223
YLR085C,YJR053W,0,-6.5612836,0.1621336191892624,0.8733997344970703,0.4513513445854187
YIR033W,YLR071C,0,-6.5614653,0.16209080815315247,0.8733997344970703,0.45149359107017517
YHR194W,YOL054W,0,-6.561471,0.16204802691936493,0.8733997344970703,0.45163583755493164
YFL011W,YNR072W,0,-6.5620723,0.16200527548789978,0.8733997344970703,0.4517780840396881
YKL015W,YMR121C,0,-6.5621433,0.16196253895759583,0.8733997344970703,0.4519203305244446
YOR036W,YDR501W,0,-6.5625477,0.16191983222961426,0.8733997344970703,0.45206257700920105
YGR140W,YML027W,0,-6.5633435,0.16187714040279388,0.8733997344970703,0.4522048234939575
YCR039C,YJL208C,0,-6.5650067,0.1618344783782959,0.8733997344970703,0.452347069978714
YNL015W,YNR021W,0,-6.5650554,0.1617918312549591,0.8733997344970703,0.45248934626579285
YCR089W,YMR285C,0,-6.5651784,0.1617492139339447,0.8733997344970703,0.4526315927505493
YOL077W-A,YGL183C,0,-6.5656476,0.1617066115140915,0.8733997344970703,0.4527738392353058
YJR040W,YGL209W,0,-6.56753,0.16166403889656067,0.8733997344970703,0.45291608572006226
YLR393W,YBL051C,0,-6.567922,0.16162148118019104,0.8733997344970703,0.4530583322048187
YGR206W,YMR263W,0,-6.5691047,0.1615789532661438,0.8733997344970703,0.4532005786895752
YDL117W,YHR044C,0,-6.569199,0.16153644025325775,0.8733997344970703,0.45334282517433167
YCR088W,YOR240W,0,-6.569292,0.1614939570426941,0.8733997344970703,0.45348507165908813
YMR276W,YPL046C,1,-6.569454,0.16171443462371826,0.874822199344635,0.45348507165908813
YBR057C,YLL023C,0,-6.5698543,0.16167192161083221,0.874822199344635,0.4536273181438446
YGL240W,YDR143C,1,-6.569978,0.16189225018024445,0.8762446641921997,0.4536273181438446
YCR070W,YBR179C,0,-6.5708904,0.161849707365036,0.8762446641921997,0.4537695646286011
YHR194W,YNR012W,0,-6.5726557,0.16180719435214996,0.8762446641921997,0.45391181111335754
YKR048C,YMR059W,0,-6.572705,0.1617647111415863,0.8762446641921997,0.454054057598114
YGR186W,YLR346C,0,-6.573038,0.16172224283218384,0.8762446641921997,0.4541963040828705
YNL111C,YHR005C-A,0,-6.5731378,0.16167978942394257,0.8762446641921997,0.45433855056762695
YBR078W,YFL052W,0,-6.5735154,0.16163736581802368,0.8762446641921997,0.4544807970523834
YML022W,YER105C,0,-6.5736814,0.161594957113266,0.8762446641921997,0.4546230435371399
YJR040W,YDR318W,0,-6.573938,0.1615525782108307,0.8762446641921997,0.45476529002189636
YEL022W,YLR332W,0,-6.5741963,0.16151022911071777,0.8762446641921997,0.45490753650665283
YPL081W,YHL008C,0,-6.574205,0.16146789491176605,0.8762446641921997,0.4550497829914093
YOR322C,YFL003C,0,-6.575241,0.16142557561397552,0.8762446641921997,0.45519202947616577
YCR069W,YOL155C,0,-6.5753226,0.16138328611850739,0.8762446641921997,0.45533427596092224
YHR107C,YCR102C,0,-6.575743,0.16134101152420044,0.8762446641921997,0.4554765224456787
YBR078W,YDR316W-B,0,-6.5760303,0.16129876673221588,0.8762446641921997,0.4556187689304352
YGR212W,YKR062W,0,-6.576452,0.1612565517425537,0.8762446641921997,0.45576101541519165
YKL078W,YJL121C,0,-6.5772934,0.16121433675289154,0.8762446641921997,0.4559032618999481
YGR061C,YGR167W,0,-6.577822,0.16117216646671295,0.8762446641921997,0.4560455083847046
YLR206W,YDR322W,0,-6.577867,0.16112999618053436,0.8762446641921997,0.45618775486946106
YHR044C,YDR128W,0,-6.5786014,0.16108787059783936,0.8762446641921997,0.45633000135421753
YBL040C,YKR078W,0,-6.579079,0.16104574501514435,0.8762446641921997,0.456472247838974
YOR372C,YNL091W,0,-6.579313,0.16100366413593292,0.8762446641921997,0.45661452412605286
YJR069C,YER154W,0,-6.5793757,0.1609615832567215,0.8762446641921997,0.4567567706108093
YGL016W,YKL194C,0,-6.579778,0.16091954708099365,0.8762446641921997,0.4568990170955658
YAL039C,YOL002C,0,-6.5801024,0.1608775109052658,0.8762446641921997,0.45704126358032227
YMR256C,YDR501W,0,-6.580579,0.16083550453186035,0.8762446641921997,0.45718351006507874
YDR470C,YNR073C,0,-6.580822,0.16079352796077728,0.8762446641921997,0.4573257565498352
YCR070W,YDR265W,0,-6.5814977,0.1607515662908554,0.8762446641921997,0.4574680030345917
YHR170W,YPL032C,0,-6.5816474,0.16070961952209473,0.8762446641921997,0.45761024951934814
YOR320C,YMR313C,0,-6.5816493,0.16066770255565643,0.8762446641921997,0.4577524960041046
YGR098C,YER110C,0,-6.5820003,0.16062581539154053,0.8762446641921997,0.4578947424888611
YGR061C,YBR133C,0,-6.5837283,0.16058394312858582,0.8762446641921997,0.45803698897361755
YFL035C,YKR100C,0,-6.5839057,0.1605420857667923,0.8762446641921997,0.458179235458374
YHR012W,YPR098C,0,-6.584038,0.16050025820732117,0.8762446641921997,0.4583214819431305
YLR165C,YJL089W,0,-6.585187,0.16045844554901123,0.8762446641921997,0.45846372842788696
YCR070W,YMR285C,0,-6.585255,0.16041666269302368,0.8762446641921997,0.45860597491264343
YPR192W,YPL141C,0,-6.5870004,0.16037490963935852,0.8762446641921997,0.4587482213973999
YGL183C,YGR033C,0,-6.588118,0.16033315658569336,0.8762446641921997,0.45889046788215637
YBR245C,YCR073C,0,-6.5888667,0.16029143333435059,0.8762446641921997,0.45903271436691284
YNL113W,YBR152W,0,-6.5890536,0.1602497398853302,0.8762446641921997,0.4591749608516693
YMR150C,YEL059C-A,0,-6.589496,0.160208061337471,0.8762446641921997,0.4593172073364258
YMR119W,YDR131C,1,-6.589522,0.16042642295360565,0.8776671290397644,0.4593172073364258
YJL076W,YGL171W,0,-6.590286,0.16038471460342407,0.8776671290397644,0.45945945382118225
YBR038W,YER122C,0,-6.5905747,0.16034303605556488,0.8776671290397644,0.4596017003059387
YDR309C,YNL185C,0,-6.591638,0.16030137240886688,0.8776671290397644,0.4597439467906952
YLR274W,YDL105W,0,-6.591945,0.16025973856449127,0.8776671290397644,0.45988619327545166
YEL019C,YLR346C,0,-6.592001,0.16021811962127686,0.8776671290397644,0.46002843976020813
YAL031C,YBR100W,0,-6.592132,0.16017653048038483,0.8776671290397644,0.4601706862449646
YJR021C,YML043C,0,-6.5928693,0.160134956240654,0.8776671290397644,0.46031293272972107
YOR324C,YER150W,0,-6.5931363,0.16009341180324554,0.8776671290397644,0.46045517921447754
YHR174W,YLR020C,0,-6.5931816,0.1600518822669983,0.8776671290397644,0.460597425699234
YGL168W,YCR058C,0,-6.593204,0.16001036763191223,0.8776671290397644,0.4607396721839905
YDR191W,YJL018W,0,-6.5936365,0.15996888279914856,0.8776671290397644,0.46088194847106934
YDR334W,YPR003C,0,-6.5954833,0.15992742776870728,0.8776671290397644,0.4610241949558258
YCL018W,YMR228W,0,-6.595529,0.15988598763942719,0.8776671290397644,0.4611664414405823
YOR259C,YDR143C,1,-6.595695,0.16010363399982452,0.8790895938873291,0.4611664414405823
YGL045W,YER160C,0,-6.596624,0.16006216406822205,0.8790895938873291,0.46130868792533875
YDR106W,YLR229C,0,-6.598495,0.16002070903778076,0.8790895938873291,0.4614509344100952
YKL184W,YDL229W,0,-6.5985913,0.15997928380966187,0.8790895938873291,0.4615931808948517
YIL079C,YDR329C,0,-6.5986714,0.15993788838386536,0.8790895938873291,0.46173542737960815
YHR175W,YEL020W-A,0,-6.5993004,0.15989650785923004,0.8790895938873291,0.4618776738643646
YOR236W,YDL195W,0,-6.599403,0.15985514223575592,0.8790895938873291,0.4620199203491211
YMR213W,YOR162C,0,-6.599648,0.1598138064146042,0.8790895938873291,0.46216216683387756
YHR194W,YKL028W,0,-6.5999713,0.15977248549461365,0.8790895938873291,0.46230441331863403
YGL236C,YGR275W,0,-6.60033,0.1597311943769455,0.8790895938873291,0.4624466598033905
YER017C,YJL222W,0,-6.60047,0.15968991816043854,0.8790895938873291,0.462588906288147
YOL102C,YBR139W,0,-6.6005044,0.15964867174625397,0.8790895938873291,0.46273115277290344
YNL099C,YEL048C,0,-6.6016374,0.1596074402332306,0.8790895938873291,0.4628733992576599
YLR117C,YLL023C,0,-6.602063,0.1595662236213684,0.8790895938873291,0.4630156457424164
YML024W,YLR035C-A,0,-6.60224,0.1595250368118286,0.8790895938873291,0.46315789222717285
YCR058C,YBR228W,0,-6.60226,0.15948386490345,0.8790895938873291,0.4633001387119293
YGL189C,YJL129C,0,-6.602326,0.1594427227973938,0.8790895938873291,0.4634423851966858
YMR225C,YLL012W,0,-6.602411,0.15940159559249878,0.8790895938873291,0.46358463168144226
YCR058C,YLR130C,0,-6.603422,0.15936049818992615,0.8790895938873291,0.46372687816619873
YHR024C,YMR099C,0,-6.6041026,0.1593194156885147,0.8790895938873291,0.4638691246509552
YGR036C,YCR080W,0,-6.6041703,0.15927834808826447,0.8790895938873291,0.46401137113571167
YGR133W,YBR141C,0,-6.6049476,0.1592373102903366,0.8790895938873291,0.46415361762046814
YDR533C,YKL064W,0,-6.6049705,0.15919628739356995,0.8790895938873291,0.4642958641052246
YKL189W,YFL037W,0,-6.6050897,0.15915529429912567,0.8790895938873291,0.4644381105899811
YLL018C-A,YJR043C,0,-6.6052322,0.1591143161058426,0.8790895938873291,0.46458035707473755
YLL045C,YCR062W,0,-6.60531,0.1590733528137207,0.8790895938873291,0.464722603559494
YPR043W,YOR313C,0,-6.6084056,0.1590324193239212,0.8790895938873291,0.4648648500442505
YMR006C,YBR154C,0,-6.608498,0.1589915156364441,0.8790895938873291,0.46500712633132935
YPL104W,YDL119C,0,-6.608591,0.15895061194896698,0.8790895938873291,0.4651493728160858
YMR228W,YBL100W-B,0,-6.6087594,0.15890973806381226,0.8790895938873291,0.4652916193008423
YHR175W,YOR195W,0,-6.608786,0.15886889398097992,0.8790895938873291,0.46543386578559875
YDL240W,YCR080W,0,-6.6091914,0.15882806479930878,0.8790895938873291,0.4655761122703552
YGR275W,YDR372C,0,-6.6096654,0.15878725051879883,0.8790895938873291,0.4657183587551117
YAL040C,YJL222W,0,-6.6098695,0.15874646604061127,0.8790895938873291,0.46586060523986816
YJR089W,YPR003C,0,-6.6108966,0.1587056964635849,0.8790895938873291,0.46600285172462463
YNR030W,YMR060C,0,-6.6122155,0.15866495668888092,0.8790895938873291,0.4661450982093811
YNL071W,YCR028C-A,0,-6.612364,0.15862423181533813,0.8790895938873291,0.4662873446941376
YGL191W,YKR034W,0,-6.6128554,0.15858352184295654,0.8790895938873291,0.46642959117889404
YML006C,YLR251W,0,-6.61297,0.15854284167289734,0.8790895938873291,0.4665718376636505
YLR106C,YJL113W,0,-6.6133847,0.15850217640399933,0.8790895938873291,0.466714084148407
YLR028C,YCR045C,0,-6.614251,0.1584615409374237,0.8790895938873291,0.46685633063316345
YKL200C,YBR167C,0,-6.614736,0.15842092037200928,0.8790895938873291,0.4669985771179199
YJL212C,YKL058W,0,-6.6156583,0.15838031470775604,0.8790895938873291,0.4671408236026764
YLR210W,YHR059W,0,-6.616588,0.1583397388458252,0.8790895938873291,0.46728307008743286
YER122C,YNL091W,0,-6.6166797,0.15829917788505554,0.8790895938873291,0.46742531657218933
YHR143W-A,YPR133W-A,0,-6.616778,0.15825864672660828,0.8790895938873291,0.4675675630569458
YPL224C,YDR210W-B,0,-6.6190186,0.1582181304693222,0.8790895938873291,0.46770980954170227
YMR094W,YFR029W,0,-6.6191497,0.15817762911319733,0.8790895938873291,0.46785205602645874
YDR002W,YDR131C,1,-6.621027,0.1583930402994156,0.8805121183395386,0.46785205602645874
YNL021W,YMR228W,0,-6.621131,0.15835252404212952,0.8805121183395386,0.4679943025112152
YDL017W,YNR021W,0,-6.6219535,0.15831202268600464,0.8805121183395386,0.4681365489959717
YBR102C,YHR167W,0,-6.622653,0.15827153623104095,0.8805121183395386,0.46827879548072815
YGR124W,YFL052W,0,-6.6229444,0.15823107957839966,0.8805121183395386,0.4684210419654846
YER056C-A,YCR062W,0,-6.623108,0.15819065272808075,0.8805121183395386,0.4685632884502411
YGL148W,YNL326C,0,-6.623482,0.15815022587776184,0.8805121183395386,0.46870553493499756
YBR293W,YER160C,0,-6.6238427,0.15810982882976532,0.8805121183395386,0.46884778141975403
YML110C,YDR123C,0,-6.624142,0.1580694615840912,0.8805121183395386,0.4689900279045105
YFL025C,YGL240W,1,-6.6245217,0.15828439593315125,0.8819345831871033,0.4689900279045105
YLR332W,YIL083C,0,-6.624581,0.15824399888515472,0.8819345831871033,0.46913230419158936
YMR213W,YMR211W,0,-6.6251373,0.1582036167383194,0.8819345831871033,0.4692745506763458
YOR240W,YOL060C,0,-6.625285,0.15816326439380646,0.8819345831871033,0.4694167971611023
YNL021W,YDR322W,0,-6.625741,0.1581229269504547,0.8819345831871033,0.46955904364585876
YLR433C,YDL171C,0,-6.6261,0.15808260440826416,0.8819345831871033,0.46970129013061523
YML013W,YDR002W,1,-6.6261244,0.15829722583293915,0.883357048034668,0.46970129013061523
YKL156W,YDL229W,0,-6.62651,0.1582568734884262,0.883357048034668,0.4698435366153717
YER174C,YLR005W,0,-6.626945,0.15821656584739685,0.883357048034668,0.4699857831001282
YGL040C,YCR035C,0,-6.6277375,0.1581762582063675,0.883357048034668,0.47012802958488464
YMR316W,YGL168W,0,-6.6290774,0.15813598036766052,0.883357048034668,0.4702702760696411
YLL012W,YPR003C,0,-6.630236,0.15809571743011475,0.883357048034668,0.4704125225543976
YFR032C-A,YPR140W,0,-6.6308417,0.15805548429489136,0.883357048034668,0.47055476903915405
YGL025C,YBR139W,0,-6.631061,0.15801526606082916,0.883357048034668,0.4706970155239105
YER154W,YJL079C,0,-6.631232,0.15797506272792816,0.883357048034668,0.470839262008667
YFL035C,YDR501W,0,-6.6314764,0.15793488919734955,0.883357048034668,0.47098150849342346
YPL081W,YDR494W,0,-6.6320624,0.15789473056793213,0.883357048034668,0.47112375497817993
YBR083W,YPL252C,0,-6.6322694,0.1578546017408371,0.883357048034668,0.4712660014629364
YBL105C,YPR003C,0,-6.6330853,0.15781448781490326,0.883357048034668,0.47140824794769287
YAR044W,YJL109C,0,-6.6333632,0.15777438879013062,0.883357048034668,0.47155049443244934
YPL275W,YOR306C,0,-6.634169,0.15773431956768036,0.883357048034668,0.4716927409172058
YCR046C,YLL011W,0,-6.6342816,0.1576942652463913,0.883357048034668,0.4718349874019623
YNL327W,YDR115W,0,-6.635601,0.15765422582626343,0.883357048034668,0.47197723388671875
YGL226C-A,YBL005W-B,0,-6.6357284,0.15761421620845795,0.883357048034668,0.4721194803714752
YAL059W,YDR238C,0,-6.6361814,0.15757422149181366,0.883357048034668,0.4722617268562317
YPL275W,YIR026C,0,-6.636642,0.15753424167633057,0.883357048034668,0.47240397334098816
YLR312W-A,YMR059W,0,-6.637585,0.15749429166316986,0.883357048034668,0.47254621982574463
YLR131C,YJR041C,0,-6.637868,0.15745435655117035,0.883357048034668,0.4726884663105011
YEL019C,YDR262W,0,-6.638065,0.15741445124149323,0.883357048034668,0.47283071279525757
YFL003C,YIL177C,0,-6.638079,0.1573745608329773,0.883357048034668,0.47297295928001404
YJR069C,YDR465C,0,-6.6382165,0.15733468532562256,0.883357048034668,0.4731152057647705
YGL025C,YNL339C,0,-6.6386433,0.1572948396205902,0.883357048034668,0.47325748205184937
YKL053C-A,YKL028W,0,-6.63865,0.15725499391555786,0.883357048034668,0.47339972853660583
YMR006C,YER074W,0,-6.6391892,0.1572151929140091,0.883357048034668,0.4735419750213623
YEL027W,YDL171C,0,-6.639465,0.15717539191246033,0.883357048034668,0.4736842215061188
YGL077C,YDL119C,0,-6.639771,0.15713562071323395,0.883357048034668,0.47382646799087524
YNL061W,YHR003C,0,-6.640401,0.15709587931632996,0.883357048034668,0.4739687144756317
YNR016C,YDR388W,0,-6.6413636,0.15705615282058716,0.883357048034668,0.4741109609603882
YJR016C,YDL118W,0,-6.641911,0.15701644122600555,0.883357048034668,0.47425320744514465
YPL233W,YPL139C,0,-6.6421247,0.15697674453258514,0.883357048034668,0.4743954539299011
YFR027W,YDR086C,0,-6.6425157,0.15693707764148712,0.883357048034668,0.4745377004146576
YPR033C,YHR012W,0,-6.6427283,0.1568974256515503,0.883357048034668,0.47467994689941406
YKR065C,YCR045C,0,-6.643233,0.15685778856277466,0.883357048034668,0.47482219338417053
YJR126C,YDR115W,0,-6.6444125,0.1568181812763214,0.883357048034668,0.474964439868927
YFL050C,YJL095W,0,-6.644933,0.15677858889102936,0.883357048034668,0.47510668635368347
YDL244W,YLR136C,0,-6.6458535,0.1567390263080597,0.883357048034668,0.47524893283843994
YNL099C,YMR268W-A,0,-6.647481,0.15669946372509003,0.883357048034668,0.4753911793231964
YDR534C,YGL137W,0,-6.647873,0.15665994584560394,0.883357048034668,0.4755334258079529
YIR004W,YNL096C,0,-6.648726,0.15662042796611786,0.883357048034668,0.47567567229270935
YNL147W,YIL006W,0,-6.650203,0.15658093988895416,0.883357048034668,0.4758179187774658
YDL099W,YMR268W-A,0,-6.650475,0.15654146671295166,0.883357048034668,0.4759601652622223
YBR082C,YDR002W,1,-6.6510324,0.1567540317773819,0.8847795128822327,0.4759601652622223
YLR028C,YBR100W,0,-6.65265,0.1567145437002182,0.8847795128822327,0.47610241174697876
YJL076W,YDR077W,0,-6.652701,0.1566750556230545,0.8847795128822327,0.47624465823173523
YER170W,YBR131W,0,-6.6527295,0.1566356122493744,0.8847795128822327,0.4763869047164917
YGL046W,YEL020W-A,0,-6.6531563,0.15659616887569427,0.8847795128822327,0.47652915120124817
YER074W,YLR005W,0,-6.653728,0.15655675530433655,0.8847795128822327,0.47667139768600464
YFL056C,YLR316C,0,-6.654374,0.15651735663414001,0.8847795128822327,0.4768136441707611
YLL027W,YJL089W,0,-6.6556196,0.15647798776626587,0.8847795128822327,0.4769558906555176
YMR276W,YDR143C,1,-6.655744,0.15669013559818268,0.8862019777297974,0.4769558906555176
YPL280W,YPR137C-B,0,-6.6559024,0.15665073692798615,0.8862019777297974,0.47709813714027405
YEL061C,YKR095W-A,0,-6.6559167,0.156611368060112,0.8862019777297974,0.4772403836250305
YER013W,YJL093C,0,-6.6565013,0.15657199919223785,0.8862019777297974,0.4773826599121094
YLL027W,YBR268W,0,-6.657198,0.1565326601266861,0.8862019777297974,0.47752490639686584
YNL053W,YIR022W,0,-6.6578565,0.15649333596229553,0.8862019777297974,0.4776671528816223
YHR058C,YIL121W,0,-6.657935,0.15645404160022736,0.8862019777297974,0.4778093993663788
YNL314W,YJR031C,0,-6.6582775,0.15641476213932037,0.8862019777297974,0.47795164585113525
YOL086C,YBL105C,0,-6.658619,0.15637549757957458,0.8862019777297974,0.4780938923358917
YEL027W,YLR459W,0,-6.6587768,0.15633626282215118,0.8862019777297974,0.4782361388206482
YDL069C,YDL047W,0,-6.659387,0.15629704296588898,0.8862019777297974,0.47837838530540466
YER166W,YOR155C,0,-6.6597266,0.15625783801078796,0.8862019777297974,0.47852063179016113
YMR188C,YPL196W,0,-6.6604943,0.15621866285800934,0.8862019777297974,0.4786628782749176
YLR131C,YNL199C,0,-6.6612067,0.1561794877052307,0.8862019777297974,0.4788051247596741
YJL002C,YPL193W,0,-6.6618257,0.15614035725593567,0.8862019777297974,0.47894737124443054
YIL006W,YPL206C,0,-6.6623077,0.15610122680664062,0.8862019777297974,0.479089617729187
YBR021W,YPR080W,0,-6.662356,0.15606212615966797,0.8862019777297974,0.4792318642139435
YMR128W,YFL016C,0,-6.662851,0.1560230404138565,0.8862019777297974,0.47937411069869995
YFL035C,YPL234C,0,-6.6632633,0.15598396956920624,0.8862019777297974,0.4795163571834564
YPL275W,YKL170W,0,-6.6640534,0.15594492852687836,0.8862019777297974,0.4796586036682129
YHR204W,YGL058W,1,-6.664055,0.15615615248680115,0.8876244425773621,0.4796586036682129
YOR239W,YJL157C,0,-6.666012,0.15611708164215088,0.8876244425773621,0.47980085015296936
YGL012W,YMR188C,0,-6.6663246,0.156078040599823,0.8876244425773621,0.47994309663772583
YEL053C,YJL113W,0,-6.667958,0.1560390144586563,0.8876244425773621,0.4800853431224823
YPL005W,YBR254C,0,-6.667978,0.15600000321865082,0.8876244425773621,0.48022758960723877
YJL076W,YLR002C,0,-6.6680846,0.15596100687980652,0.8876244425773621,0.48036983609199524
YKR031C,YPL162C,0,-6.669206,0.1559220403432846,0.8876244425773621,0.4805120825767517
YAR050W,YAL009W,0,-6.6692166,0.1558830887079239,0.8876244425773621,0.4806543290615082
YHR013C,YDL055C,0,-6.6693106,0.15584415197372437,0.8876244425773621,0.48079657554626465
YLR207W,YDR131C,1,-6.6697545,0.15605492889881134,0.8890469670295715,0.48079657554626465
YMR280C,YIL039W,0,-6.6700077,0.15601597726345062,0.8890469670295715,0.4809388220310211
YLR399C,YGR189C,0,-6.6703234,0.1559770405292511,0.8890469670295715,0.4810810685157776
YOR185C,YJL018W,0,-6.670634,0.15593811869621277,0.8890469670295715,0.48122331500053406
YFR024C,YLR020C,0,-6.6714272,0.15589922666549683,0.8890469670295715,0.4813655614852905
YML008C,YGR203W,0,-6.6735845,0.15586034953594208,0.8890469670295715,0.4815078377723694
YKL138C-A,YGR197C,0,-6.674414,0.15582148730754852,0.8890469670295715,0.48165008425712585
YPL100W,YBR141C,0,-6.6746144,0.15578265488147736,0.8890469670295715,0.4817923307418823
YMR068W,YKL194C,0,-6.675154,0.15574383735656738,0.8890469670295715,0.4819345772266388
YDR322W,YOR137C,0,-6.6755204,0.1557050347328186,0.8890469670295715,0.48207682371139526
YPL123C,YPL234C,0,-6.6755433,0.15566624701023102,0.8890469670295715,0.48221907019615173
YLR355C,YMR008C,0,-6.6756496,0.15562748908996582,0.8890469670295715,0.4823613166809082
YDR294C,YCL018W,0,-6.6758327,0.15558874607086182,0.8890469670295715,0.4825035631656647
YDL126C,YHR204W,1,-6.6764507,0.15579891204833984,0.8904694318771362,0.4825035631656647
YLR370C,YHR080C,0,-6.677013,0.15576013922691345,0.8904694318771362,0.48264580965042114
YGL240W,YLR207W,1,-6.677674,0.15597015619277954,0.8918918967247009,0.48264580965042114
YKR065C,YBR214W,0,-6.6777625,0.15593135356903076,0.8918918967247009,0.4827880561351776
YGL046W,YGR185C,0,-6.6780767,0.15589259564876556,0.8918918967247009,0.4829303026199341
YAL059W,YGR094W,0,-6.67987,0.15585383772850037,0.8918918967247009,0.48307254910469055
YOR240W,YMR211W,0,-6.6799293,0.15581510961055756,0.8918918967247009,0.483214795589447
YOL155C,YOR045W,0,-6.6817884,0.15577639639377594,0.8918918967247009,0.4833570420742035
YKL138C-A,YPL023C,0,-6.6820655,0.15573769807815552,0.8918918967247009,0.48349928855895996
YNL199C,YNL244C,0,-6.682079,0.15569902956485748,0.8918918967247009,0.48364153504371643
YPL186C,YLR346C,0,-6.6825366,0.15566037595272064,0.8918918967247009,0.4837837815284729
YJL106W,YAR044W,0,-6.68286,0.155621737241745,0.8918918967247009,0.48392602801322937
YPL255W,YHR107C,0,-6.6839137,0.15558312833309174,0.8918918967247009,0.48406827449798584
YCR070W,YAL048C,0,-6.6842017,0.15554453432559967,0.8918918967247009,0.4842105209827423
YDL171C,YJL093C,0,-6.6847486,0.1555059552192688,0.8918918967247009,0.4843527674674988
YLL001W,YBR100W,0,-6.6850004,0.15546739101409912,0.8918918967247009,0.48449501395225525
YGL012W,YOR124C,0,-6.6858273,0.15542885661125183,0.8918918967247009,0.4846372604370117
YLR131C,YFR027W,0,-6.685867,0.15539033710956573,0.8918918967247009,0.4847795069217682
YLR284C,YBR021W,0,-6.6866665,0.15535183250904083,0.8918918967247009,0.48492175340652466
YNL111C,YDR262W,0,-6.6873016,0.15531335771083832,0.8918918967247009,0.48506399989128113
YFL057C,YAL032C,0,-6.68813,0.1552748829126358,0.8918918967247009,0.4852062463760376
YPL022W,YDR128W,0,-6.688672,0.15523643791675568,0.8918918967247009,0.48534849286079407
YOR337W,YGL059W,0,-6.6889653,0.15519802272319794,0.8918918967247009,0.48549073934555054
YLR394W,YMR059W,0,-6.6898475,0.1551596075296402,0.8918918967247009,0.4856330156326294
YOL049W,YGR027C,0,-6.690059,0.15512122213840485,0.8918918967247009,0.48577526211738586
YPL215W,YMR201C,0,-6.6902065,0.15508286654949188,0.8918918967247009,0.48591750860214233
YNR017W,YDR183W,0,-6.6905103,0.15504451096057892,0.8918918967247009,0.4860597550868988
YPL275W,YLR315W,0,-6.6913033,0.15500618517398834,0.8918918967247009,0.4862020015716553
YNL023C,YIL006W,0,-6.691694,0.15496787428855896,0.8918918967247009,0.48634424805641174
YPL145C,YBR111W-A,0,-6.692308,0.15492957830429077,0.8918918967247009,0.4864864945411682
YHR058C,YOR119C,0,-6.6925135,0.15489129722118378,0.8918918967247009,0.4866287410259247
YER069W,YCR070W,0,-6.692514,0.15485304594039917,0.8918918967247009,0.48677098751068115
YMR281W,YJR051W,0,-6.6938972,0.15481480956077576,0.8918918967247009,0.4869132339954376
YNL110C,YGR125W,0,-6.6942124,0.15477660298347473,0.8918918967247009,0.4870554804801941
YKL176C,YNL053W,0,-6.6942563,0.1547383964061737,0.8918918967247009,0.48719772696495056
YGR075C,YIL147C,0,-6.694609,0.15470021963119507,0.8918918967247009,0.48733997344970703
YJR053W,YJL039C,0,-6.694856,0.15466205775737762,0.8918918967247009,0.4874822199344635
YMR312W,YGR002C,0,-6.695026,0.15462392568588257,0.8918918967247009,0.48762446641921997
YDL112W,YHR106W,0,-6.695798,0.1545857936143875,0.8918918967247009,0.48776671290397644
YGR295C,YLL001W,0,-6.696155,0.15454769134521484,0.8918918967247009,0.4879089593887329
YOL077W-A,YPR047W,0,-6.6964793,0.15450960397720337,0.8918918967247009,0.4880512058734894
YDR085C,YML006C,0,-6.6968665,0.15447154641151428,0.8918918967247009,0.48819345235824585
YDL069C,YDR073W,0,-6.6979156,0.1544335037469864,0.8918918967247009,0.4883356988430023
YDL105W,YPL072W,0,-6.698289,0.1543954759836197,0.8918918967247009,0.4884779453277588
YFR032C-A,YPR137W,0,-6.699488,0.15435746312141418,0.8918918967247009,0.48862019181251526
YPL046C,YML013W,1,-6.6996627,0.15456558763980865,0.8933143615722656,0.48862019181251526
YFR024C,YBR014C,0,-6.6999383,0.15452755987644196,0.8933143615722656,0.48876243829727173
YJL014W,YKL189W,0,-6.7003713,0.15448954701423645,0.8933143615722656,0.4889046847820282
YMR239C,YBR127C,0,-6.700991,0.15445154905319214,0.8933143615722656,0.48904693126678467
YJL106W,YLR020C,0,-6.7011323,0.15441356599330902,0.8933143615722656,0.48918917775154114
YHR205W,YER160C,0,-6.7011585,0.1543756127357483,0.8933143615722656,0.4893314242362976
YMR039C,YAR044W,0,-6.7017236,0.15433767437934875,0.8933143615722656,0.4894736707210541
YGR108W,YFL003C,0,-6.702209,0.1542997509241104,0.8933143615722656,0.48961591720581055
YHR204W,YDR363W-A,1,-6.70239,0.15450748801231384,0.8947368264198303,0.48961591720581055
YBR020W,YEL048C,0,-6.7024846,0.1544695496559143,0.8947368264198303,0.4897581934928894
YLR254C,YDL124W,0,-6.7025685,0.15443162620067596,0.8947368264198303,0.4899004399776459
YHR174W,YBL056W,0,-6.7027164,0.15439371764659882,0.8947368264198303,0.49004268646240234
YOL049W,YBR141C,0,-6.7030187,0.15435582399368286,0.8947368264198303,0.4901849329471588
YER013W,YJL222W,0,-6.703215,0.1543179601430893,0.8947368264198303,0.4903271794319153
YOR039W,YGR245C,0,-6.7039933,0.15428011119365692,0.8947368264198303,0.49046942591667175
YGL046W,YKR062W,0,-6.7045193,0.15424227714538574,0.8947368264198303,0.4906116724014282
YNL257C,YDL098C,0,-6.704554,0.15420445799827576,0.8947368264198303,0.4907539188861847
YEL027W,YOL138C,0,-6.7047896,0.15416666865348816,0.8947368264198303,0.49089616537094116
YMR211W,YOR320C,0,-6.705388,0.15412889420986176,0.8947368264198303,0.49103841185569763
YDR424C,YML045W,0,-6.705793,0.15409113466739655,0.8947368264198303,0.4911806583404541
YML031W,YHR079C-B,0,-6.706142,0.15405339002609253,0.8947368264198303,0.49132290482521057
YLR295C,YJL060W,0,-6.7063155,0.1540156751871109,0.8947368264198303,0.49146515130996704
YJR057W,YDL240W,0,-6.7064977,0.15397797524929047,0.8947368264198303,0.4916073977947235
YMR006C,YPR137W,0,-6.7068853,0.15394029021263123,0.8947368264198303,0.49174964427948
YDL105W,YMR121C,0,-6.7073054,0.15390262007713318,0.8947368264198303,0.49189189076423645
YDL171C,YBR125C,0,-6.7083707,0.15386496484279633,0.8947368264198303,0.4920341372489929
YMR267W,YFR032C-A,0,-6.7087655,0.15382733941078186,0.8947368264198303,0.4921763837337494
YCR089W,YCL011C,0,-6.7088294,0.1537897288799286,0.8947368264198303,0.49231863021850586
YOR151C,YGL207W,0,-6.7092266,0.1537521332502365,0.8947368264198303,0.49246087670326233
YPL005W,YNL005C,0,-6.710465,0.15371456742286682,0.8947368264198303,0.4926031231880188
YEL059C-A,YGL022W,0,-6.7105036,0.15367701649665833,0.8947368264198303,0.49274536967277527
YGR095C,YMR183C,0,-6.7106113,0.15363946557044983,0.8947368264198303,0.49288761615753174
YMR011W,YAL017W,0,-6.7112374,0.15360195934772491,0.8947368264198303,0.4930298626422882
YHR001W-A,YHR079C-B,0,-6.711536,0.153564453125,0.8947368264198303,0.4931721091270447
YHR156C,YGR125W,0,-6.7117662,0.15352697670459747,0.8947368264198303,0.49331435561180115
YDR270W,YFL016C,0,-6.7123504,0.15348950028419495,0.8947368264198303,0.4934566020965576
YPL232W,YPL257W-B,0,-6.712689,0.153452068567276,0.8947368264198303,0.4935988485813141
YGL180W,YMR023C,0,-6.7133145,0.15341463685035706,0.8947368264198303,0.49374109506607056
YLR355C,YOR153W,0,-6.7133484,0.1533772200345993,0.8947368264198303,0.4938833713531494
YOR371C,YBL100W-B,0,-6.713734,0.15333983302116394,0.8947368264198303,0.4940256178379059
YLR451W,YOR232W,0,-6.7144747,0.15330246090888977,0.8947368264198303,0.49416786432266235
YML006C,YER165W,0,-6.7147317,0.1532651036977768,0.8947368264198303,0.4943101108074188
YMR268C,YEL048C,0,-6.714851,0.1532277762889862,0.8947368264198303,0.4944523572921753
YOR173W,YJR043C,0,-6.7150373,0.15319044888019562,0.8947368264198303,0.49459460377693176
YMR276W,YDR131C,1,-6.715182,0.1533966362476349,0.896159291267395,0.49459460377693176
YER015W,YGR183C,0,-6.7158966,0.1533592939376831,0.896159291267395,0.49473685026168823
YFL050C,YLR459W,0,-6.7161107,0.1533219814300537,0.896159291267395,0.4948790967464447
YDR511W,YGR132C,0,-6.716934,0.15328466892242432,0.896159291267395,0.49502134323120117
YHR005C-A,YBL005W-B,0,-6.716978,0.1532473862171173,0.896159291267395,0.49516358971595764
YMR280C,YGL166W,0,-6.7182527,0.1532101184129715,0.896159291267395,0.4953058362007141
YBR131W,YNL107W,0,-6.7197523,0.15317286550998688,0.896159291267395,0.4954480826854706
YNL005C,YAR044W,0,-6.720235,0.15313562750816345,0.896159291267395,0.49559032917022705
YOR244W,YCR080W,0,-6.720404,0.15309841930866241,0.896159291267395,0.4957325756549835
YNL185C,YJL141C,0,-6.720472,0.15306122601032257,0.896159291267395,0.49587482213974
YNL015W,YOR313C,0,-6.7206235,0.15302404761314392,0.896159291267395,0.49601706862449646
YOR336W,YIL069C,0,-6.721869,0.15298688411712646,0.896159291267395,0.49615931510925293
YDR351W,YDR086C,0,-6.721916,0.1529497504234314,0.896159291267395,0.4963015615940094
YNR041C,YDR228C,0,-6.7223697,0.15291261672973633,0.896159291267395,0.49644380807876587
YGR088W,YGR275W,0,-6.723351,0.15287551283836365,0.896159291267395,0.49658605456352234
YDL171C,YLR360W,0,-6.7237163,0.15283842384815216,0.896159291267395,0.4967283010482788
YMR044W,YDL208W,0,-6.724114,0.15280136466026306,0.896159291267395,0.4968705475330353
YDL137W,YKL146W,0,-6.724315,0.15276430547237396,0.896159291267395,0.49701279401779175
YBR152W,YKL218C,0,-6.7246513,0.15272727608680725,0.896159291267395,0.4971550405025482
YKR102W,YLR167W,0,-6.725495,0.15269026160240173,0.896159291267395,0.4972972869873047
YJR057W,YOL023W,0,-6.7259374,0.1526532620191574,0.896159291267395,0.49743953347206116
YFL025C,YDR260C,1,-6.7270355,0.15285852551460266,0.8975818157196045,0.49743953347206116
YLR394W,YER154W,0,-6.727077,0.15282151103019714,0.8975818157196045,0.4975817799568176
YNR016C,YNL326C,0,-6.727079,0.15278449654579163,0.8975818157196045,0.4977240264415741
YGR089W,YER154W,0,-6.727704,0.1527475118637085,0.8975818157196045,0.49786627292633057
YGR184C,YGL059W,0,-6.7277155,0.15271055698394775,0.8975818157196045,0.4980085492134094
YLR423C,YDR385W,0,-6.7277713,0.152673602104187,0.8975818157196045,0.4981507956981659
YEL020W-A,YML025C,0,-6.727914,0.15263667702674866,0.8975818157196045,0.49829304218292236
YBR131W,YBR111W-A,0,-6.728063,0.1525997519493103,0.8975818157196045,0.49843528866767883
YKR034W,YCL074W,0,-6.7286267,0.15256285667419434,0.8975818157196045,0.4985775351524353
YDR115W,YLR035C-A,0,-6.7289696,0.15252599120140076,0.8975818157196045,0.4987197816371918
YPL215W,YDL134C-A,0,-6.729054,0.15248912572860718,0.8975818157196045,0.49886202812194824
YOR240W,YDR265W,0,-6.7291527,0.152452290058136,0.8975818157196045,0.4990042746067047
YOR080W,YGR023W,0,-6.729324,0.1524154543876648,0.8975818157196045,0.4991465210914612
YPL018W,YPL275W,0,-6.729577,0.152378648519516,0.8975818157196045,0.49928876757621765
YOL080C,YCR043C,0,-6.7296147,0.15234185755252838,0.8975818157196045,0.4994310140609741
YOR234C,YAR044W,0,-6.7298517,0.15230509638786316,0.8975818157196045,0.4995732605457306
YKL138C-A,YNL016W,0,-6.7300835,0.15226833522319794,0.8975818157196045,0.49971550703048706
YIL068C,YPL130W,0,-6.7303724,0.1522316038608551,0.8975818157196045,0.49985775351524353
YIL065C,YOR228C,0,-6.730628,0.15219488739967346,0.8975818157196045,0.5
YPL253C,YHL044W,0,-6.730703,0.15215818583965302,0.8975818157196045,0.5001422762870789
YBR195C,YML038C,0,-6.7308702,0.15212149918079376,0.8975818157196045,0.5002844929695129
YKR055W,YNL072W,0,-6.731219,0.1520848423242569,0.8975818157196045,0.5004267692565918
YNR016C,YPL275W,0,-6.731332,0.15204818546772003,0.8975818157196045,0.5005689859390259
YAL058W,YPL046C,1,-6.7320447,0.1522524654865265,0.8990042805671692,0.5005689859390259
YEL055C,YDL043C,0,-6.7323117,0.15221579372882843,0.8990042805671692,0.5007112622261047
YAL059W,YER125W,0,-6.7336426,0.15217915177345276,0.8990042805671692,0.5008534789085388
YLL052C,YOR116C,0,-6.734632,0.1521425098180771,0.8990042805671692,0.5009957551956177
YEL027W,YNR017W,0,-6.735243,0.1521058976650238,0.8990042805671692,0.5011379718780518
YKL138C-A,YGR178C,0,-6.735585,0.1520693004131317,0.8990042805671692,0.5012802481651306
YPL151C,YER175C,0,-6.7357006,0.15203271806240082,0.8990042805671692,0.5014224648475647
YPL140C,YAR044W,0,-6.73719,0.15199615061283112,0.8990042805671692,0.5015647411346436
YMR044W,YDL119C,0,-6.7373757,0.1519596129655838,0.8990042805671692,0.5017069578170776
YDL017W,YPL183W-A,0,-6.7374463,0.1519230753183365,0.8990042805671692,0.5018492341041565
YOR236W,YIR018W,0,-6.737471,0.15188656747341156,0.8990042805671692,0.5019914507865906
YPL008W,YBR028C,0,-6.737868,0.15185007452964783,0.8990042805671692,0.5021337270736694
YER175C,YBL005W-B,0,-6.7392793,0.1518135964870453,0.8990042805671692,0.5022759437561035
YMR239C,YGR203W,0,-6.7395186,0.15177713334560394,0.8990042805671692,0.5024182200431824
YPL140C,YBR268W,0,-6.7407074,0.15174070000648499,0.8990042805671692,0.5025604367256165
YHR088W,YKR031C,0,-6.741135,0.15170426666736603,0.8990042805671692,0.5027027130126953
YBR038W,YMR060C,0,-6.741538,0.15166786313056946,0.8990042805671692,0.5028449296951294
YNR016C,YJL222W,0,-6.741575,0.15163147449493408,0.8990042805671692,0.5029872059822083
YLR052W,YDR523C,0,-6.742003,0.1515951007604599,0.8990042805671692,0.5031294226646423
YER170W,YNR017W,0,-6.7425957,0.1515587568283081,0.8990042805671692,0.5032716989517212
YOR244W,YER104W,0,-6.742608,0.1515224128961563,0.8990042805671692,0.5034139156341553
YMR300C,YNL091W,0,-6.743052,0.1514860987663269,0.8990042805671692,0.5035561919212341
YKR034W,YCR058C,0,-6.743156,0.1514497995376587,0.8990042805671692,0.5036984086036682
YMR214W,YDR002W,1,-6.7432632,0.15165309607982635,0.9004267454147339,0.5036984086036682
YER044C-A,YEL059C-A,0,-6.7433085,0.15161676704883575,0.9004267454147339,0.5038406848907471
YLR315W,YHL044W,0,-6.7439404,0.15158045291900635,0.9004267454147339,0.5039829015731812
YKL019W,YBR083W,0,-6.744938,0.15154416859149933,0.9004267454147339,0.50412517786026
YOR100C,YDL047W,0,-6.7461514,0.1515078991651535,0.9004267454147339,0.5042674541473389
YNL240C,YLR251W,0,-6.7465553,0.15147164463996887,0.9004267454147339,0.504409670829773
YOL012C,YNR012W,0,-6.746816,0.15143540501594543,0.9004267454147339,0.5045519471168518
YKL192C,YJL018W,0,-6.7474484,0.1513991802930832,0.9004267454147339,0.5046941637992859
YDL192W,YPR080W,0,-6.7474513,0.15136298537254333,0.9004267454147339,0.5048364400863647
YHR072W-A,YHR003C,0,-6.747709,0.15132680535316467,0.9004267454147339,0.5049786567687988
YGL168W,YNR021W,0,-6.7479906,0.151290625333786,0.9004267454147339,0.5051209330558777
YOR320C,YOR234C,0,-6.7482266,0.15125447511672974,0.9004267454147339,0.5052631497383118
YFL035C,YGL124C,0,-6.7486873,0.15121833980083466,0.9004267454147339,0.5054054260253906
YDL117W,YFL052W,0,-6.749471,0.15118223428726196,0.9004267454147339,0.5055476427078247
YDL227C,YBL039C,0,-6.7497478,0.15114612877368927,0.9004267454147339,0.5056899189949036
YDR198C,YDR262W,0,-6.74982,0.15111005306243896,0.9004267454147339,0.5058321356773376
YEL058W,YAR044W,0,-6.749848,0.15107399225234985,0.9004267454147339,0.5059744119644165
YGL046W,YDR381W,0,-6.750178,0.15103793144226074,0.9004267454147339,0.5061166286468506
YGL126W,YBR058C,0,-6.7503996,0.1510019153356552,0.9004267454147339,0.5062589049339294
YPR128C,YOR353C,0,-6.750604,0.15096589922904968,0.9004267454147339,0.5064011216163635
YDL079C,YDR084C,0,-6.7509665,0.15092989802360535,0.9004267454147339,0.5065433979034424
YCR088W,YLR088W,0,-6.7511497,0.1508939266204834,0.9004267454147339,0.5066856145858765
YFL010W-A,YNR041C,0,-6.7513633,0.15085795521736145,0.9004267454147339,0.5068278908729553
YKR095W-A,YOL006C,0,-6.7520914,0.1508220136165619,0.9004267454147339,0.5069701075553894
YBR131W,YOL067C,0,-6.752111,0.15078608691692352,0.9004267454147339,0.5071123838424683
YHR055C,YOL067C,0,-6.7523713,0.15075017511844635,0.9004267454147339,0.5072546005249023
YDR430C,YHR003C,0,-6.7530313,0.15071429312229156,0.9004267454147339,0.5073968768119812
YKL200C,YLR378C,0,-6.7536283,0.15067841112613678,0.9004267454147339,0.5075390934944153
YGR023W,YPL133C,0,-6.7537465,0.1506425440311432,0.9004267454147339,0.5076813697814941
YDL243C,YNL061W,0,-6.753865,0.15060670673847198,0.9004267454147339,0.5078235864639282
YEL059C-A,YGR271C-A,0,-6.754334,0.15057088434696198,0.9004267454147339,0.5079658627510071
YFR024C,YGL171W,0,-6.7543645,0.15053507685661316,0.9004267454147339,0.5081080794334412
YGL001C,YMR183C,0,-6.7546096,0.15049928426742554,0.9004267454147339,0.50825035572052
YPR037C,YER110C,0,-6.75495,0.1504635065793991,0.9004267454147339,0.5083926320075989
YDL243C,YBR050C,0,-6.7551017,0.15042775869369507,0.9004267454147339,0.508534848690033
YBR230C,YNL206C,0,-6.75522,0.15039201080799103,0.9004267454147339,0.5086771249771118
YNL185C,YBL050W,0,-6.7556577,0.15035629272460938,0.9004267454147339,0.5088193416595459
YKR085C,YOR036W,0,-6.755676,0.15032058954238892,0.9004267454147339,0.5089616179466248
YDR198C,YDR100W,0,-6.7560344,0.15028490126132965,0.9004267454147339,0.5091038346290588
YJL036W,YCR080W,0,-6.756271,0.15024922788143158,0.9004267454147339,0.5092461109161377
YNL048W,YKR095W-A,0,-6.7582603,0.1502135694026947,0.9004267454147339,0.5093883275985718
YGR227W,YDL154W,0,-6.758344,0.1501779407262802,0.9004267454147339,0.5095306038856506
YDR143C,YBR173C,1,-6.7590375,0.1503795087337494,0.9018492102622986,0.5095306038856506
YDR234W,YBR016W,0,-6.7600985,0.1503438502550125,0.9018492102622986,0.5096728205680847
YBR109C,YLR312W-A,0,-6.7608204,0.15030820667743683,0.9018492102622986,0.5098150968551636
YMR316W,YDR025W,0,-6.7610254,0.15027257800102234,0.9018492102622986,0.5099573135375977
YGL155W,YER137C-A,0,-6.762027,0.15023696422576904,0.9018492102622986,0.5100995898246765
YHR156C,YPL257W-B,0,-6.762172,0.15020138025283813,0.9018492102622986,0.5102418065071106
YJR105W,YPL255W,0,-6.762217,0.15016579627990723,0.9018492102622986,0.5103840827941895
YMR032W,YOL080C,0,-6.762963,0.1501302421092987,0.9018492102622986,0.5105262994766235
YPL140C,YGR023W,0,-6.7633133,0.15009470283985138,0.9018492102622986,0.5106685757637024
YKL182W,YBR028C,0,-6.7636595,0.15005917847156525,0.9018492102622986,0.5108107924461365
YKR039W,YNL049C,0,-6.763684,0.1500236690044403,0.9018492102622986,0.5109530687332153
YLR209C,YPL162C,0,-6.764352,0.14998817443847656,0.9018492102622986,0.5110952854156494
YGR289C,YLR209C,0,-6.7644944,0.149952694773674,0.9018492102622986,0.5112375617027283
YJR007W,YLR035C-A,0,-6.7649045,0.14991724491119385,0.9018492102622986,0.5113797783851624
YPL008W,YCL024W,0,-6.765087,0.14988179504871368,0.9018492102622986,0.5115220546722412
YJR053W,YJL018W,0,-6.7650976,0.1498463749885559,0.9018492102622986,0.5116642713546753
YKL200C,YNL053W,0,-6.765126,0.14981096982955933,0.9018492102622986,0.5118065476417542
YAR044W,YNL304W,0,-6.765138,0.14977557957172394,0.9018492102622986,0.5119487643241882
YBR014C,YOR214C,0,-6.765539,0.14974020421504974,0.9018492102622986,0.5120910406112671
YGR140W,YJL025W,0,-6.7660527,0.14970484375953674,0.9018492102622986,0.5122332572937012
YHR005C-A,YCR058C,0,-6.766396,0.14966949820518494,0.9018492102622986,0.51237553358078
YBR021W,YBR230C,0,-6.766886,0.14963418245315552,0.9018492102622986,0.5125178098678589
YMR158W,YOL124C,0,-6.768275,0.1495988667011261,0.9018492102622986,0.512660026550293
YOL124C,YIL039W,0,-6.7690883,0.14956358075141907,0.9018492102622986,0.5128023028373718
YCR080W,YIL138C,0,-6.769122,0.14952829480171204,0.9018492102622986,0.5129445195198059
YDR234W,YMR268C,0,-6.769241,0.1494930386543274,0.9018492102622986,0.5130867958068848
YAL058W,YNL230C,1,-6.769381,0.1496935337781906,0.9032716751098633,0.5130867958068848
YKR034W,YJL216C,0,-6.7698755,0.14965826272964478,0.9032716751098633,0.5132290124893188
YDR064W,YFL052W,0,-6.771382,0.14962299168109894,0.9032716751098633,0.5133712887763977
YMR094W,YMR167W,0,-6.7715716,0.1495877504348755,0.9032716751098633,0.5135135054588318
YPL138C,YGL160W,0,-6.7718577,0.14955252408981323,0.9032716751098633,0.5136557817459106
YPL268W,YPR074C,0,-6.77209,0.14951731264591217,0.9032716751098633,0.5137979984283447
YLR312W-A,YOR124C,0,-6.7727275,0.1494821161031723,0.9032716751098633,0.5139402747154236
YJR016C,YCR062W,0,-6.772837,0.14944693446159363,0.9032716751098633,0.5140824913978577
YJL058C,YCL074W,0,-6.772879,0.14941176772117615,0.9032716751098633,0.5142247676849365
YBR221C,YPR140W,0,-6.7733407,0.14937661588191986,0.9032716751098633,0.5143669843673706
YGL209W,YNL208W,0,-6.773904,0.14934147894382477,0.9032716751098633,0.5145092606544495
YKL170W,YNL339C,0,-6.774077,0.14930637180805206,0.9032716751098633,0.5146514773368835
YLR295C,YGR020C,0,-6.774955,0.14927127957344055,0.9032716751098633,0.5147937536239624
YLL001W,YOR293W,0,-6.775007,0.14923618733882904,0.9032716751098633,0.5149359703063965
YPL078C,YNL110C,0,-6.7758937,0.14920112490653992,0.9032716751098633,0.5150782465934753
YOR185C,YIR015W,0,-6.7759748,0.149166077375412,0.9032716751098633,0.5152204632759094
YBR179C,YPL162C,0,-6.7761426,0.14913104474544525,0.9032716751098633,0.5153627395629883
YBR221C,YBR141C,0,-6.776486,0.1490960270166397,0.9032716751098633,0.5155049562454224
YPL018W,YAL009W,0,-6.7766585,0.14906103909015656,0.9032716751098633,0.5156472325325012
YDL069C,YGL189C,0,-6.7770276,0.1490260511636734,0.9032716751098633,0.5157894492149353
YMR094W,YDR198C,0,-6.7784677,0.14899107813835144,0.9032716751098633,0.5159317255020142
YGR098C,YNL236W,0,-6.7797084,0.14895613491535187,0.9032716751098633,0.5160739421844482
YNL021W,YGL226C-A,0,-6.780784,0.1489212065935135,0.9032716751098633,0.5162162184715271
YKL007W,YGR125W,0,-6.7810163,0.1488862782716751,0.9032716751098633,0.5163584351539612
YFR024C,YDL208W,0,-6.781718,0.14885137975215912,0.9032716751098633,0.51650071144104
YMR256C,YPL257W-B,0,-6.781946,0.14881649613380432,0.9032716751098633,0.5166429877281189
YMR280C,YGR185C,0,-6.783155,0.14878162741661072,0.9032716751098633,0.516785204410553
YOR375C,YJR016C,0,-6.7833724,0.1487467736005783,0.9032716751098633,0.5169274806976318
YOL010W,YJL216C,0,-6.7835217,0.1487119495868683,0.9032716751098633,0.5170696973800659
YCL018W,YER137C-A,0,-6.784245,0.14867712557315826,0.9032716751098633,0.5172119736671448
YGL209W,YFL035C,0,-6.784423,0.14864231646060944,0.9032716751098633,0.5173541903495789
YJL091C,YGL226C-A,0,-6.785105,0.148607537150383,0.9032716751098633,0.5174964666366577
YIL069C,YOR214C,0,-6.788218,0.14857277274131775,0.9032716751098633,0.5176386833190918
YPL146C,YCR043C,0,-6.7887197,0.1485380083322525,0.9032716751098633,0.5177809596061707
YER088C,YPL232W,0,-6.789009,0.14850327372550964,0.9032716751098633,0.5179231762886047
YKL200C,YBR146W,0,-6.7895365,0.14846855401992798,0.9032716751098633,0.5180654525756836
YIL112W,YOR212W,0,-6.789909,0.1484338492155075,0.9032716751098633,0.5182076692581177
YLR399C,YIL019W,0,-6.789927,0.14839915931224823,0.9032716751098633,0.5183499455451965
YCR069W,YLR291C,0,-6.791216,0.14836448431015015,0.9032716751098633,0.5184921622276306
YER125W,YDL119C,0,-6.79136,0.14832982420921326,0.9032716751098633,0.5186344385147095
YMR149W,YIR018W,0,-6.7914515,0.14829519391059875,0.9032716751098633,0.5187766551971436
YOR240W,YBR050C,0,-6.7916365,0.14826056361198425,0.9032716751098633,0.5189189314842224
YDL240W,YNL214W,0,-6.7920547,0.14822596311569214,0.9032716751098633,0.5190611481666565
YCR058C,YMR236W,0,-6.792214,0.14819136261940002,0.9032716751098633,0.5192034244537354
YLR131C,YBL113C,0,-6.7926593,0.1481567919254303,0.9032716751098633,0.5193456411361694
YKR100C,YDR115W,0,-6.7929306,0.14812223613262177,0.9032716751098633,0.5194879174232483
YDR155C,YAR050W,0,-6.793098,0.14808768033981323,0.9032716751098633,0.5196301341056824
YPL104W,YOL010W,0,-6.7932973,0.1480531543493271,0.9032716751098633,0.5197724103927612
YGL183C,YNL107W,0,-6.7933106,0.14801864326000214,0.9032716751098633,0.5199146270751953
YNL071W,YGL209W,0,-6.7942357,0.14798414707183838,0.9032716751098633,0.5200569033622742
YOR155C,YHL008C,0,-6.7943583,0.147949680685997,0.9032716751098633,0.5201991200447083
YGR023W,YER125W,0,-6.7945294,0.14791521430015564,0.9032716751098633,0.5203413963317871
YNL005C,YJR007W,0,-6.795476,0.14788076281547546,0.9032716751098633,0.5204836130142212
YKR049C,YGL168W,0,-6.7957134,0.14784632623195648,0.9032716751098633,0.5206258893013
YKL200C,YNL061W,0,-6.797072,0.1478119194507599,0.9032716751098633,0.5207681655883789
YLR110C,YKR055W,0,-6.7974124,0.1477775126695633,0.9032716751098633,0.520910382270813
YKR102W,YLR052W,0,-6.797725,0.1477431356906891,0.9032716751098633,0.5210526585578918
YKR003W,YCL074W,0,-6.79783,0.14770877361297607,0.9032716751098633,0.5211948752403259
YER122C,YGR285C,0,-6.7979474,0.14767441153526306,0.9032716751098633,0.5213371515274048
YOR259C,YDR002W,1,-6.798448,0.14787258207798004,0.904694139957428,0.5213371515274048
YDR098C,YJR014W,0,-6.7988324,0.14783822000026703,0.904694139957428,0.5214793682098389
YMR280C,YLR042C,0,-6.799253,0.14780385792255402,0.904694139957428,0.5216216444969177
YMR285C,YCR035C,0,-6.7992697,0.1477695107460022,0.904694139957428,0.5217638611793518
YOL124C,YHL008C,0,-6.799704,0.14773519337177277,0.904694139957428,0.5219061374664307
YLR207W,YBR082C,1,-6.7997108,0.14793311059474945,0.9061166644096375,0.5219061374664307
YOR226C,YBL005W,0,-6.7997904,0.14789876341819763,0.9061166644096375,0.5220483541488647
YDL079C,YHR079C-B,0,-6.799833,0.147864431142807,0.9061166644096375,0.5221906304359436
YLR165C,YML025C,0,-6.79988,0.14783012866973877,0.9061166644096375,0.5223328471183777
YGL012W,YJL091C,0,-6.800404,0.14779582619667053,0.9061166644096375,0.5224751234054565
YNL053W,YDR351W,0,-6.800483,0.1477615386247635,0.9061166644096375,0.5226173400878906
YMR268C,YML027W,0,-6.8008094,0.14772726595401764,0.9061166644096375,0.5227596163749695
YLR116W,YLR346C,0,-6.8019533,0.14769302308559418,0.9061166644096375,0.5229018330574036
YOR320C,YBR111W-A,0,-6.802173,0.14765878021717072,0.9061166644096375,0.5230441093444824
YHR120W,YBR168W,0,-6.8029027,0.14762456715106964,0.9061166644096375,0.5231863260269165
YLR113W,YPR133W-A,0,-6.803659,0.14759035408496857,0.9061166644096375,0.5233286023139954
YJL106W,YFR024C,0,-6.8041887,0.14755617082118988,0.9061166644096375,0.5234708189964294
YOL102C,YLR042C,0,-6.8049297,0.1475220024585724,0.9061166644096375,0.5236130952835083
YHR200W,YDR143C,1,-6.8057437,0.1477193832397461,0.9075391292572021,0.5236130952835083
YMR290C,YOR119C,0,-6.8059883,0.1476851850748062,0.9075391292572021,0.5237553119659424
YOR270C,YPL257W-B,0,-6.8064113,0.14765100181102753,0.9075391292572021,0.5238975882530212
YOL139C,YLR332W,0,-6.806896,0.14761684834957123,0.9075391292572021,0.5240398049354553
YDL140C,YEL048C,0,-6.807713,0.14758269488811493,0.9075391292572021,0.5241820812225342
YOR236W,YBR198C,0,-6.807786,0.14754857122898102,0.9075391292572021,0.5243242979049683
YJL095W,YLR357W,0,-6.8081384,0.1475144475698471,0.9075391292572021,0.5244665741920471
YFL035C,YER125W,0,-6.808202,0.14748035371303558,0.9075391292572021,0.5246087908744812
YOL002C,YCR080W,0,-6.808351,0.14744627475738525,0.9075391292572021,0.5247510671615601
YMR316W,YER110C,0,-6.8089843,0.14741219580173492,0.9075391292572021,0.5248933434486389
YGL124C,YBR016W,0,-6.809942,0.14737814664840698,0.9075391292572021,0.525035560131073
YBR210W,YPR035W,0,-6.80996,0.14734411239624023,0.9075391292572021,0.5251778364181519
YKR062W,YGR125W,0,-6.8100057,0.14731009304523468,0.9075391292572021,0.5253200531005859
YBR135W,YNL236W,0,-6.810266,0.14727608859539032,0.9075391292572021,0.5254623293876648
YFR032C-A,YGL137W,0,-6.8108525,0.14724209904670715,0.9075391292572021,0.5256045460700989
YGR133W,YPL257W-B,0,-6.8119817,0.14720812439918518,0.9075391292572021,0.5257468223571777
YHR107C,YEL019C,0,-6.812131,0.1471741646528244,0.9075391292572021,0.5258890390396118
YMR128W,YIR003W,0,-6.8122354,0.14714021980762482,0.9075391292572021,0.5260313153266907
YGR200C,YOL125W,0,-6.812537,0.14710628986358643,0.9075391292572021,0.5261735320091248
YGR091W,YPR074C,0,-6.812883,0.14707238972187042,0.9075391292572021,0.5263158082962036
YHL019C,YPL072W,0,-6.814079,0.14703848958015442,0.9075391292572021,0.5264580249786377
YLR315W,YNR073C,0,-6.8145194,0.1470046043395996,0.9075391292572021,0.5266003012657166
YPR081C,YCL074W,0,-6.8146276,0.1469707489013672,0.9075391292572021,0.5267425179481506
YMR189W,YBL005W-B,0,-6.816424,0.14693689346313477,0.9075391292572021,0.5268847942352295
YNL227C,YLR035C-A,0,-6.816434,0.14690306782722473,0.9075391292572021,0.5270270109176636
YJL018W,YPR133W-A,0,-6.8166456,0.1468692421913147,0.9075391292572021,0.5271692872047424
YGL145W,YER159C-A,0,-6.8167505,0.14683544635772705,0.9075391292572021,0.5273115038871765
YPL101W,YDL124W,0,-6.817582,0.1468016505241394,0.9075391292572021,0.5274537801742554
YGL130W,YCR080W,0,-6.8179317,0.14676788449287415,0.9075391292572021,0.5275959968566895
YGL045W,YLR035C-A,0,-6.817985,0.14673413336277008,0.9075391292572021,0.5277382731437683
YLR165C,YDR115W,0,-6.8180594,0.1467003971338272,0.9075391292572021,0.5278804898262024
YCR080W,YGR002C,0,-6.8184037,0.14666666090488434,0.9075391292572021,0.5280227661132812
YML095C,YML027W,0,-6.818443,0.14663295447826385,0.9075391292572021,0.5281649827957153
YDR318W,YLR346C,0,-6.8187356,0.14659926295280457,0.9075391292572021,0.5283072590827942
YHR154W,YPR056W,0,-6.8199925,0.14656558632850647,0.9075391292572021,0.5284494757652283
YMR280C,YJR110W,0,-6.820351,0.14653192460536957,0.9075391292572021,0.5285917520523071
YAR050W,YPR068C,0,-6.820811,0.14649827778339386,0.9075391292572021,0.5287339687347412
YGR140W,YPR114W,0,-6.821264,0.14646464586257935,0.9075391292572021,0.5288762450218201
YHR044C,YDR334W,0,-6.8213735,0.14643102884292603,0.9075391292572021,0.5290185213088989
YBR290W,YFL025C,1,-6.8215547,0.14662688970565796,0.9089615941047668,0.5290185213088989
YPL079W,YBL052C,0,-6.8216586,0.14659325778484344,0.9089615941047668,0.529160737991333
YGL028C,YGR161C-C,0,-6.822063,0.14655962586402893,0.9089615941047668,0.5293030142784119
YJR138W,YOR373W,0,-6.822699,0.1465260237455368,0.9089615941047668,0.529445230960846
YDR297W,YLR240W,0,-6.8228326,0.14649243652820587,0.9089615941047668,0.5295875072479248
YJR083C,YLR357W,0,-6.8228693,0.14645886421203613,0.9089615941047668,0.5297297239303589
YGL028C,YCR080W,0,-6.8230786,0.1464252918958664,0.9089615941047668,0.5298720002174377
YFL025C,YDR054C,1,-6.823836,0.14662085473537445,0.9103840589523315,0.5298720002174377
YBR291C,YCL018W,0,-6.825479,0.14658726751804352,0.9103840589523315,0.5300142168998718
YKR078W,YLR035C-A,0,-6.826229,0.14655369520187378,0.9103840589523315,0.5301564931869507
YOL067C,YOR313C,0,-6.826542,0.14652015268802643,0.9103840589523315,0.5302987098693848
YML024W,YER159C-A,0,-6.8267345,0.14648661017417908,0.9103840589523315,0.5304409861564636
YHR059W,YDL180W,0,-6.8268437,0.14645308256149292,0.9103840589523315,0.5305832028388977
YAL017W,YHR003C,0,-6.8291874,0.14641958475112915,0.9103840589523315,0.5307254791259766
YJR053W,YLR251W,0,-6.829503,0.14638608694076538,0.9103840589523315,0.5308676958084106
YKR095W-A,YNL139C,0,-6.829793,0.146352618932724,0.9103840589523315,0.5310099720954895
YBR100W,YBL090W,0,-6.8311763,0.1463191658258438,0.9103840589523315,0.5311521887779236
YGR186W,YJR066W,0,-6.831395,0.14628571271896362,0.9103840589523315,0.5312944650650024
YGR089W,YLR035C-A,0,-6.8328466,0.14625228941440582,0.9103840589523315,0.5314366817474365
YGR213C,YOL067C,0,-6.8332458,0.14621886610984802,0.9103840589523315,0.5315789580345154
YKR062W,YGL160W,0,-6.833266,0.1461854726076126,0.9103840589523315,0.5317211747169495
YGR245C,YOR214C,0,-6.8348927,0.1461520940065384,0.9103840589523315,0.5318634510040283
YGL254W,YCR058C,0,-6.8353906,0.14611871540546417,0.9103840589523315,0.5320056676864624
YOL010W,YHL009W-B,0,-6.837112,0.14608536660671234,0.9103840589523315,0.5321479439735413
YIL013C,YHR181W,0,-6.837257,0.1460520327091217,0.9103840589523315,0.5322901606559753
YMR119W,YHR204W,1,-6.837541,0.14624686539173126,0.9118065237998962,0.5322901606559753
YLR384C,YBR168W,0,-6.838053,0.14621350169181824,0.9118065237998962,0.5324324369430542
YKR102W,YER137C-A,0,-6.838471,0.1461801528930664,0.9118065237998962,0.5325746536254883
YPR007C,YAR044W,0,-6.8385634,0.14614683389663696,0.9118065237998962,0.5327169299125671
YLR355C,YGL049C,0,-6.838963,0.14611351490020752,0.9118065237998962,0.5328591465950012
YIL079C,YKR102W,0,-6.8393254,0.14608022570610046,0.9118065237998962,0.5330014228820801
YGL166W,YHR041C,0,-6.8396816,0.1460469365119934,0.9118065237998962,0.5331436991691589
YMR300C,YGL016W,0,-6.840097,0.14601366221904755,0.9118065237998962,0.533285915851593
YLR393W,YAL059W,0,-6.8401284,0.14598041772842407,0.9118065237998962,0.5334281921386719
YER168C,YPR098C,0,-6.8407283,0.1459471732378006,0.9118065237998962,0.533570408821106
YLR329W,YPR007C,0,-6.8419576,0.1459139585494995,0.9118065237998962,0.5337126851081848
YLR028C,YMR121C,0,-6.842145,0.14588074386119843,0.9118065237998962,0.5338549017906189
YJR105W,YPL209C,0,-6.8432527,0.14584755897521973,0.9118065237998962,0.5339971780776978
YJR105W,YPL133C,0,-6.843696,0.14581437408924103,0.9118065237998962,0.5341393947601318
YML057W,YJL076W,0,-6.843946,0.14578121900558472,0.9118065237998962,0.5342816710472107
YGL122C,YIR022W,0,-6.8440037,0.1457480639219284,0.9118065237998962,0.5344238877296448
YJR105W,YML102W,0,-6.844255,0.14571493864059448,0.9118065237998962,0.5345661640167236
YJL092W,YKR025W,0,-6.8443174,0.14568181335926056,0.9118065237998962,0.5347083806991577
YMR285C,YHR080C,0,-6.844324,0.14564871788024902,0.9118065237998962,0.5348506569862366
YML027W,YGR285C,0,-6.8446493,0.1456156224012375,0.9118065237998962,0.5349928736686707
YBR018C,YAR044W,0,-6.8447123,0.14558255672454834,0.9118065237998962,0.5351351499557495
YJR105W,YPR007C,0,-6.845517,0.14554950594902039,0.9118065237998962,0.5352773666381836
YPL140C,YDR217C,0,-6.845672,0.14551645517349243,0.9118065237998962,0.5354196429252625
YBR169C,YHR003C,0,-6.845699,0.14548343420028687,0.9118065237998962,0.5355618596076965
YGL046W,YPL139C,0,-6.846625,0.1454504132270813,0.9118065237998962,0.5357041358947754
YLR220W,YIL177C,0,-6.846718,0.14541742205619812,0.9118065237998962,0.5358463525772095
YBR077C,YPR137C-B,0,-6.846801,0.14538444578647614,0.9118065237998962,0.5359886288642883
YOR098C,YHR001W-A,0,-6.847693,0.14535146951675415,0.9118065237998962,0.5361308455467224
YFR024C,YDR501W,0,-6.8478494,0.14531852304935455,0.9118065237998962,0.5362731218338013
YLR017W,YDL134C-A,0,-6.84817,0.14528559148311615,0.9118065237998962,0.5364153385162354
YDR156W,YNL007C,0,-6.84836,0.14525265991687775,0.9118065237998962,0.5365576148033142
YOR005C,YDR045C,0,-6.8489733,0.14521975815296173,0.9118065237998962,0.5366998314857483
YNL048W,YNL201C,0,-6.8503194,0.14518685638904572,0.9118065237998962,0.5368421077728271
YML031W,YBL027W,0,-6.8505635,0.1451539844274521,0.9118065237998962,0.5369843244552612
YNL055C,YGL028C,0,-6.8506327,0.14512112736701965,0.9118065237998962,0.5371266007423401
YDL069C,YHR203C,0,-6.8510613,0.14508827030658722,0.9118065237998962,0.537268877029419
YDR260C,YDR131C,1,-6.8516974,0.14528173208236694,0.9132290482521057,0.537268877029419
YOR239W,YCR080W,0,-6.852492,0.1452488750219345,0.9132290482521057,0.537411093711853
YIL043C,YLR035C-A,0,-6.852654,0.14521601796150208,0.9132290482521057,0.5375533699989319
YNL326C,YDR104C,0,-6.852837,0.14518317580223083,0.9132290482521057,0.537695586681366
YKL138C-A,YMR167W,0,-6.8531766,0.1451503485441208,0.9132290482521057,0.5378378629684448
YCR070W,YJL172W,0,-6.854041,0.14511753618717194,0.9132290482521057,0.5379800796508789
YDL069C,YOR008C-A,0,-6.854257,0.14508473873138428,0.9132290482521057,0.5381223559379578
YJL018W,YEL020W-A,0,-6.8542695,0.145051971077919,0.9132290482521057,0.5382645726203918
YLR332W,YDL208W,0,-6.854662,0.14501920342445374,0.9132290482521057,0.5384068489074707
YOR240W,YCR058C,0,-6.8548107,0.14498645067214966,0.9132290482521057,0.5385490655899048
YOL006C,YBR028C,0,-6.8555374,0.14495371282100677,0.9132290482521057,0.5386913418769836
YLR242C,YCR075C,0,-6.8555665,0.14492098987102509,0.9132290482521057,0.5388335585594177
YHR005C-A,YBL100W-B,0,-6.8559227,0.1448882818222046,0.9132290482521057,0.5389758348464966
YML102W,YDR259C,0,-6.8565745,0.1448555886745453,0.9132290482521057,0.5391180515289307
YJL129C,YHR003C,0,-6.8570547,0.14482292532920837,0.9132290482521057,0.5392603278160095
YKL170W,YLR240W,0,-6.857281,0.14479026198387146,0.9132290482521057,0.5394025444984436
YDR265W,YGR213C,0,-6.8573766,0.14475761353969574,0.9132290482521057,0.5395448207855225
YDR265W,YDR465C,0,-6.857586,0.1447249799966812,0.9132290482521057,0.5396870374679565
YFL005W,YOR229W,0,-6.857654,0.14469236135482788,0.9132290482521057,0.5398293137550354
YHR205W,YGR192C,0,-6.8579698,0.14465975761413574,0.9132290482521057,0.5399715304374695
YLR088W,YHL009W-B,0,-6.8581157,0.1446271687746048,0.9132290482521057,0.5401138067245483
YML042W,YOL136C,0,-6.858931,0.14459459483623505,0.9132290482521057,0.5402560234069824
YML025C,YPR137C-B,0,-6.859189,0.1445620357990265,0.9132290482521057,0.5403982996940613
YBR244W,YOL126C,0,-6.860393,0.14452949166297913,0.9132290482521057,0.5405405163764954
YDR073W,YLR346C,0,-6.860453,0.14449696242809296,0.9132290482521057,0.5406827926635742
YJL058C,YHL008C,0,-6.8611093,0.14446444809436798,0.9132290482521057,0.5408250093460083
YPR001W,YNL222W,0,-6.8611245,0.1444319486618042,0.9132290482521057,0.5409672856330872
YEL054C,YHL033C,0,-6.861256,0.1443994641304016,0.9132290482521057,0.5411095023155212
YOR240W,YBR039W,0,-6.863076,0.14436699450016022,0.9132290482521057,0.5412517786026001
YJL018W,YMR023C,0,-6.8642716,0.14433453977108002,0.9132290482521057,0.541394054889679
YDL161W,YDR381W,0,-6.8647623,0.14430208504199982,0.9132290482521057,0.541536271572113
YKL125W,YJL129C,0,-6.864813,0.144269660115242,0.9132290482521057,0.5416785478591919
YLR291C,YPL162C,0,-6.865255,0.14423725008964539,0.9132290482521057,0.541820764541626
YAL011W,YEL048C,0,-6.8667173,0.14420485496520996,0.9132290482521057,0.5419630408287048
YBR127C,YKR078W,0,-6.867403,0.14417247474193573,0.9132290482521057,0.5421052575111389
YPL046C,YDR143C,1,-6.8680816,0.1443646103143692,0.9146515130996704,0.5421052575111389
YLR110C,YKL138C-A,0,-6.868237,0.14433221518993378,0.9146515130996704,0.5422475337982178
YHR174W,YFL005W,0,-6.868533,0.14429982006549835,0.9146515130996704,0.5423897504806519
YLR371W,YBR214W,0,-6.868837,0.14426743984222412,0.9146515130996704,0.5425320267677307
YIL015W,YHR079C-B,0,-6.8695936,0.14423508942127228,0.9146515130996704,0.5426742434501648
YOR233W,YDR064W,0,-6.869677,0.14420273900032043,0.9146515130996704,0.5428165197372437
YGL183C,YIL177C,0,-6.8697295,0.14417040348052979,0.9146515130996704,0.5429587364196777
YNR016C,YEL020W-A,0,-6.870093,0.14413808286190033,0.9146515130996704,0.5431010127067566
YLR291C,YJR041C,0,-6.870395,0.14410577714443207,0.9146515130996704,0.5432432293891907
YKR102W,YPL186C,0,-6.8705907,0.144073486328125,0.9146515130996704,0.5433855056762695
YOR236W,YJL039C,0,-6.870729,0.14404122531414032,0.9146515130996704,0.5435277223587036
YDR106W,YDR309C,0,-6.871863,0.14400896430015564,0.9146515130996704,0.5436699986457825
YIL079C,YDR316W-B,0,-6.8719506,0.14397671818733215,0.9146515130996704,0.5438122153282166
YGL046W,YGR285C,0,-6.873009,0.14394448697566986,0.9146515130996704,0.5439544916152954
YPL196W,YGR027W-B,0,-6.873333,0.14391227066516876,0.9146515130996704,0.5440967082977295
YOL132W,YDR115W,0,-6.874335,0.14388006925582886,0.9146515130996704,0.5442389845848083
YLR210W,YJR041C,0,-6.874796,0.14384786784648895,0.9146515130996704,0.5443812012672424
YML104C,YGR091W,0,-6.874815,0.14381569623947144,0.9146515130996704,0.5445234775543213
YCL024W,YOL010W,0,-6.87489,0.1437835395336151,0.9146515130996704,0.5446656942367554
YNL091W,YIL167W,0,-6.874986,0.14375139772891998,0.9146515130996704,0.5448079705238342
YBR039W,YOL156W,0,-6.874991,0.14371927082538605,0.9146515130996704,0.5449501872062683
YIL079C,YDR388W,0,-6.875563,0.1436871439218521,0.9146515130996704,0.5450924634933472
YLR100W,YML024W,0,-6.8756156,0.14365504682064056,0.9146515130996704,0.5452346801757812
YMR281W,YNR012W,0,-6.8756256,0.1436229646205902,0.9146515130996704,0.5453769564628601
YJL155C,YNR024W,0,-6.8761783,0.14359088242053986,0.9146515130996704,0.545519232749939
YMR263W,YHL008C,0,-6.8763027,0.1435588300228119,0.9146515130996704,0.545661449432373
YGL209W,YPL186C,0,-6.8769,0.14352679252624512,0.9146515130996704,0.5458037257194519
YOR236W,YHR079C-B,0,-6.8770385,0.14349475502967834,0.9146515130996704,0.545945942401886
YJL025W,YPL083C,0,-6.8774185,0.14346273243427277,0.9146515130996704,0.5460882186889648
YNL055C,YHL044W,0,-6.8790236,0.14343073964118958,0.9146515130996704,0.5462304353713989
YPL078C,YLR002C,0,-6.8795705,0.14339874684810638,0.9146515130996704,0.5463727116584778
YGL122C,YPR133W-A,0,-6.8803678,0.14336678385734558,0.9146515130996704,0.5465149283409119
YPL032C,YLR035C-A,0,-6.8804803,0.14333482086658478,0.9146515130996704,0.5466572046279907
YOL012C,YMR313C,0,-6.880507,0.14330287277698517,0.9146515130996704,0.5467994213104248
YOR374W,YGL045W,0,-6.881176,0.14327093958854675,0.9146515130996704,0.5469416975975037
YAR044W,YIL039W,0,-6.882108,0.14323902130126953,0.9146515130996704,0.5470839142799377
YMR225C,YGR239C,0,-6.882261,0.1432071328163147,0.9146515130996704,0.5472261905670166
YMR186W,YBR146W,0,-6.8826833,0.14317524433135986,0.9146515130996704,0.5473684072494507
YGR033C,YCR102C,0,-6.882777,0.14314337074756622,0.9146515130996704,0.5475106835365295
YOR229W,YDR316W-B,0,-6.8840547,0.14311151206493378,0.9146515130996704,0.5476529002189636
YAL048C,YJR007W,0,-6.884899,0.14307966828346252,0.9146515130996704,0.5477951765060425
YMR300C,YDR100W,0,-6.884989,0.14304782450199127,0.9146515130996704,0.5479373931884766
YIL090W,YOR161C,0,-6.88562,0.1430160105228424,0.9146515130996704,0.5480796694755554
YDR317W,YER074W,0,-6.8857455,0.14298421144485474,0.9146515130996704,0.5482218861579895
YMR229C,YDR494W,0,-6.885806,0.14295242726802826,0.9146515130996704,0.5483641624450684
YHR175W,YGL016W,0,-6.886316,0.14292064309120178,0.9146515130996704,0.5485063791275024
YPL266W,YPR047W,0,-6.886991,0.1428888887166977,0.9146515130996704,0.5486486554145813
YPL133C,YKR055W,0,-6.8876987,0.1428571492433548,0.9146515130996704,0.5487908720970154
YJR097W,YOL125W,0,-6.888024,0.1428254097700119,0.9146515130996704,0.5489331483840942
YER122C,YJL121C,0,-6.8890834,0.1427937000989914,0.9146515130996704,0.5490753650665283
YGL166W,YJR031C,0,-6.889478,0.1427619904279709,0.9146515130996704,0.5492176413536072
YDL079C,YLR116W,0,-6.889598,0.14273029565811157,0.9146515130996704,0.5493598580360413
YFL050C,YOR086C,0,-6.8900666,0.14269863069057465,0.9146515130996704,0.5495021343231201
YHR104W,YLR371W,0,-6.8901706,0.14266696572303772,0.9146515130996704,0.549644410610199
YDR320C-A,YLL014W,0,-6.890937,0.142635315656662,0.9146515130996704,0.5497866272926331
YNR056C,YLR284C,0,-6.8909774,0.14260368049144745,0.9146515130996704,0.5499289035797119
YDR182W,YJL184W,0,-6.8913937,0.1425720602273941,0.9146515130996704,0.550071120262146
YDR430C,YBR028C,0,-6.8914304,0.14254045486450195,0.9146515130996704,0.5502133965492249
YNR056C,YJR021C,0,-6.8923526,0.142508864402771,0.9146515130996704,0.5503556132316589
YGR142W,YDL069C,0,-6.8924937,0.14247728884220123,0.9146515130996704,0.5504978895187378
YBR028C,YNL054W-B,0,-6.8925166,0.14244572818279266,0.9146515130996704,0.5506401062011719
YPL255W,YFR024C,0,-6.8927684,0.1424141675233841,0.9146515130996704,0.5507823824882507
YKR049C,YBR066C,0,-6.8928504,0.1423826366662979,0.9146515130996704,0.5509245991706848
YJR040W,YDR240C,0,-6.893015,0.14235112071037292,0.9146515130996704,0.5510668754577637
YHR041C,YDL180W,0,-6.8934655,0.14231960475444794,0.9146515130996704,0.5512090921401978
YBR100W,YMR236W,0,-6.8942847,0.14228811860084534,0.9146515130996704,0.5513513684272766
YBR175W,YPR003C,0,-6.894368,0.14225663244724274,0.9146515130996704,0.5514935851097107
YHR107C,YJR031C,0,-6.8943844,0.14222517609596252,0.9146515130996704,0.5516358613967896
YDL084W,YGR005C,0,-6.894631,0.1421937197446823,0.9146515130996704,0.5517780780792236
YHR174W,YJR050W,0,-6.894915,0.1421622782945633,0.9146515130996704,0.5519203543663025
YJL155C,YPL234C,0,-6.8951516,0.14213085174560547,0.9146515130996704,0.5520625710487366
YGL209W,YGR049W,0,-6.895161,0.14209944009780884,0.9146515130996704,0.5522048473358154
YBR132C,YIL006W,0,-6.8952937,0.1420680582523346,0.9146515130996704,0.5523470640182495
YJR031C,YGR161C-C,0,-6.89571,0.14203666150569916,0.9146515130996704,0.5524893403053284
YBR211C,YOL139C,0,-6.896254,0.1420052945613861,0.9146515130996704,0.5526315569877625
YJR005W,YBR154C,0,-6.896322,0.14197394251823425,0.9146515130996704,0.5527738332748413
YOR375C,YEL048C,0,-6.89646,0.1419426053762436,0.9146515130996704,0.5529160499572754
YOL065C,YMR268W-A,0,-6.8965616,0.14191128313541412,0.9146515130996704,0.5530583262443542
YLR090W,YBR028C,0,-6.8969,0.14187996089458466,0.9146515130996704,0.5532005429267883
YFR024C,YGR005C,0,-6.8976035,0.14184866845607758,0.9146515130996704,0.5533428192138672
YGR095C,YHR105W,0,-6.897776,0.1418173760175705,0.9146515130996704,0.5534850358963013
YPL275W,YOR237W,0,-6.898023,0.1417861133813858,0.9146515130996704,0.5536273121833801
YGL254W,YER159C-A,0,-6.8982825,0.1417548507452011,0.9146515130996704,0.553769588470459
YKR055W,YLR035C-A,0,-6.8987756,0.1417236030101776,0.9146515130996704,0.5539118051528931
YBR100W,YDR527W,0,-6.899571,0.1416923701763153,0.9146515130996704,0.5540540814399719
YJL072C,YBL113C,0,-6.899574,0.1416611522436142,0.9146515130996704,0.554196298122406
YMR268C,YNR003C,0,-6.8999557,0.14162994921207428,0.9146515130996704,0.5543385744094849
YPL005W,YLR231C,0,-6.9002237,0.14159876108169556,0.9146515130996704,0.554480791091919
YFR010W,YJL109C,0,-6.900513,0.14156758785247803,0.9146515130996704,0.5546230673789978
YAL058W,YPL176C,1,-6.900645,0.1417565494775772,0.9160739779472351,0.5546230673789978
YHR041C,YLR337C,0,-6.9007764,0.1417253464460373,0.9160739779472351,0.5547652840614319
YHR005C-A,YBR141C,0,-6.900912,0.14169417321681976,0.9160739779472351,0.5549075603485107
YJL060W,YNL216W,0,-6.9009314,0.14166299998760223,0.9160739779472351,0.5550497770309448
YDR118W,YDR002W,1,-6.901255,0.1418517678976059,0.9174964427947998,0.5550497770309448
YOR240W,YPL133C,0,-6.9013944,0.14182057976722717,0.9174964427947998,0.5551920533180237
YDL180W,YGL160W,0,-6.9015875,0.14178940653800964,0.9174964427947998,0.5553342700004578
YIL043C,YJR094W-A,0,-6.9018235,0.1417582482099533,0.9174964427947998,0.5554765462875366
YBL019W,YMR268W-A,0,-6.9018855,0.14172708988189697,0.9174964427947998,0.5556187629699707
YPR103W,YDR002W,1,-6.9022646,0.14191563427448273,0.9189189076423645,0.5556187629699707
YOR236W,YFL035C,0,-6.902427,0.1418844759464264,0.9189189076423645,0.5557610392570496
YKL138C-A,YHL033C,0,-6.902498,0.14185331761837006,0.9189189076423645,0.5559032559394836
YER056C,YDL171C,0,-6.903364,0.14182217419147491,0.9189189076423645,0.5560455322265625
YBR177C,YDR435C,0,-6.903569,0.14179104566574097,0.9189189076423645,0.5561877489089966
YLR078C,YLR042C,0,-6.9037395,0.1417599320411682,0.9189189076423645,0.5563300251960754
YMR033W,YIL015W,0,-6.903945,0.14172883331775665,0.9189189076423645,0.5564722418785095
YML006C,YPR137W,0,-6.9041476,0.1416977345943451,0.9189189076423645,0.5566145181655884
YHR107C,YOR214C,0,-6.905027,0.14166666567325592,0.9189189076423645,0.5567567348480225
YNR030W,YJL113W,0,-6.9051957,0.14163561165332794,0.9189189076423645,0.5568990111351013
YHR059W,YKR078W,0,-6.9052997,0.14160455763339996,0.9189189076423645,0.5570412278175354
YMR280C,YMR158W,0,-6.9055343,0.14157353341579437,0.9189189076423645,0.5571835041046143
YBR133C,YNL208W,0,-6.906109,0.14154250919818878,0.9189189076423645,0.5573257207870483
YHR154W,YPL138C,0,-6.906417,0.14151149988174438,0.9189189076423645,0.5574679970741272
YAL040C,YEL020W-A,0,-6.9066167,0.14148050546646118,0.9189189076423645,0.5576102137565613
YER141W,YOR119C,0,-6.9074993,0.14144952595233917,0.9189189076423645,0.5577524900436401
YIL147C,YDR381W,0,-6.9081473,0.14141856133937836,0.9189189076423645,0.557894766330719
YMR198W,YHR058C,0,-6.908564,0.14138761162757874,0.9189189076423645,0.5580369830131531
YKR049C,YNL005C,0,-6.909199,0.1413566768169403,0.9189189076423645,0.5581792593002319
YMR189W,YBL105C,0,-6.9097753,0.14132574200630188,0.9189189076423645,0.558321475982666
YNR030W,YMR312W,0,-6.91016,0.14129483699798584,0.9189189076423645,0.5584637522697449
YJR010W,YDL047W,0,-6.910344,0.141263946890831,0.9189189076423645,0.558605968952179
YAL040C,YKR048C,0,-6.9112687,0.14123305678367615,0.9189189076423645,0.5587482452392578
YOR173W,YGL126W,0,-6.911329,0.1412021815776825,0.9189189076423645,0.5588904619216919
YER104W,YOL006C,0,-6.911527,0.14117132127285004,0.9189189076423645,0.5590327382087708
YHR044C,YDR262W,0,-6.9116178,0.14114049077033997,0.9189189076423645,0.5591749548912048
YLR113W,YLR139C,0,-6.911636,0.1411096602678299,0.9189189076423645,0.5593172311782837
YBL019W,YHR013C,0,-6.911755,0.14107884466648102,0.9189189076423645,0.5594594478607178
YMR094W,YPL123C,0,-6.911983,0.14104802906513214,0.9189189076423645,0.5596017241477966
YNR056C,YPL173W,0,-6.912754,0.14101724326610565,0.9189189076423645,0.5597439408302307
YML008C,YHR079C-B,0,-6.9128356,0.14098647236824036,0.9189189076423645,0.5598862171173096
YMR158W,YNL113W,0,-6.913197,0.14095570147037506,0.9189189076423645,0.5600284337997437
YDR047W,YGR161C-C,0,-6.9133725,0.14092496037483215,0.9189189076423645,0.5601707100868225
YDR397C,YDR351W,0,-6.913547,0.14089421927928925,0.9189189076423645,0.5603129267692566
YLR399C,YDR316W-B,0,-6.913941,0.14086349308490753,0.9189189076423645,0.5604552030563354
YPL193W,YOR192C-B,0,-6.913941,0.140832781791687,0.9189189076423645,0.5605974197387695
YLR312W-A,YNL222W,0,-6.914043,0.14080208539962769,0.9189189076423645,0.5607396960258484
YBR021W,YNL107W,0,-6.915138,0.14077140390872955,0.9189189076423645,0.5608819127082825
YEL058W,YGR181W,0,-6.9151998,0.14074073731899261,0.9189189076423645,0.5610241889953613
YDR385W,YNL099C,0,-6.9155374,0.14071008563041687,0.9189189076423645,0.5611664056777954
YFL056C,YPR137C-B,0,-6.91608,0.14067944884300232,0.9189189076423645,0.5613086819648743
YOR240W,YOL080C,0,-6.9163833,0.14064881205558777,0.9189189076423645,0.5614508986473083
YOR375C,YER125W,0,-6.9164176,0.1406182050704956,0.9189189076423645,0.5615931749343872
YOR037W,YHR059W,0,-6.9168897,0.14058759808540344,0.9189189076423645,0.5617353916168213
YLR028C,YCR089W,0,-6.9169917,0.14055700600147247,0.9189189076423645,0.5618776679039001
YNL227C,YLR316C,0,-6.918183,0.1405264288187027,0.9189189076423645,0.562019944190979
YDR516C,YDR316W-B,0,-6.9183598,0.14049586653709412,0.9189189076423645,0.5621621608734131
YMR139W,YIR003W,0,-6.918571,0.14046531915664673,0.9189189076423645,0.5623044371604919
YKR049C,YLR451W,0,-6.918708,0.14043478667736053,0.9189189076423645,0.562446653842926
YMR033W,YJL106W,0,-6.919555,0.14040425419807434,0.9189189076423645,0.5625889301300049
YBR211C,YER154W,0,-6.919649,0.14037375152111053,0.9189189076423645,0.562731146812439
YDR397C,YDR288W,0,-6.919686,0.14034324884414673,0.9189189076423645,0.5628734230995178
YBR010W,YOL072W,0,-6.920567,0.1403127759695053,0.9189189076423645,0.5630156397819519
YIL013C,YGR104C,0,-6.920737,0.1402823030948639,0.9189189076423645,0.5631579160690308
YPL266W,YBR195C,0,-6.9209332,0.14025184512138367,0.9189189076423645,0.5633001327514648
YBR210W,YKL125W,0,-6.9219694,0.14022140204906464,0.9189189076423645,0.5634424090385437
YOR039W,YDR210W-B,0,-6.922435,0.1401909738779068,0.9189189076423645,0.5635846257209778
YGR213C,YDR316W-B,0,-6.9230037,0.14016056060791016,0.9189189076423645,0.5637269020080566
YHR041C,YGR161C-C,0,-6.9231653,0.1401301473379135,0.9189189076423645,0.5638691186904907
YML110C,YJL108C,0,-6.9235425,0.14009976387023926,0.9189189076423645,0.5640113949775696
YDL227C,YMR006C,0,-6.9241834,0.140069380402565,0.9189189076423645,0.5641536116600037
YBL005W-B,YNL054W-B,0,-6.9245453,0.14003902673721313,0.9189189076423645,0.5642958879470825
YNL016W,YBR028C,0,-6.924623,0.14000867307186127,0.9189189076423645,0.5644381046295166
YGL122C,YLL023C,0,-6.924728,0.1399783343076706,0.9189189076423645,0.5645803809165955
YPL255W,YHR063C,0,-6.9248924,0.1399480104446411,0.9189189076423645,0.5647225975990295
YBL090W,YJL109C,0,-6.9249883,0.13991770148277283,0.9189189076423645,0.5648648738861084
YBR109C,YNR012W,0,-6.925067,0.13988739252090454,0.9189189076423645,0.5650070905685425
YLR110C,YHR120W,0,-6.9256644,0.13985711336135864,0.9189189076423645,0.5651493668556213
YDR407C,YPR137C-B,0,-6.9256806,0.13982683420181274,0.9189189076423645,0.5652915835380554
YDR294C,YDR009W,0,-6.9257584,0.13979658484458923,0.9189189076423645,0.5654338598251343
YDR501W,YLR378C,0,-6.9259295,0.13976633548736572,0.9189189076423645,0.5655760765075684
YJR016C,YDR137W,0,-6.9259953,0.1397361010313034,0.9189189076423645,0.5657183527946472
YLR433C,YJL222W,0,-6.9271235,0.13970588147640228,0.9189189076423645,0.5658605694770813
YPR007C,YDR198C,0,-6.928005,0.13967567682266235,0.9189189076423645,0.5660028457641602
YGL191W,YKR081C,0,-6.9288754,0.13964548707008362,0.9189189076423645,0.566145122051239
YBR279W,YDR261C-C,0,-6.9290786,0.13961529731750488,0.9189189076423645,0.5662873387336731
YIL106W,YML059C,0,-6.9291177,0.13958513736724854,0.9189189076423645,0.566429615020752
YGR140W,YAR044W,0,-6.9292397,0.1395549774169922,0.9189189076423645,0.566571831703186
YOR293W,YKR031C,0,-6.931783,0.13952483236789703,0.9189189076423645,0.5667141079902649
YBL051C,YPR137C-B,0,-6.931925,0.13949470221996307,0.9189189076423645,0.566856324672699
YDR143C,YDR363W-A,1,-6.932233,0.13968048989772797,0.9203413724899292,0.566856324672699
YHR069C,YMR263W,0,-6.9330525,0.13965032994747162,0.9203413724899292,0.5669986009597778
YOR161C,YHL008C,0,-6.9332204,0.13962019979953766,0.9203413724899292,0.5671408176422119
YGL130W,YBL005W-B,0,-6.933709,0.1395900696516037,0.9203413724899292,0.5672830939292908
YLR359W,YCR080W,0,-6.9340787,0.13955996930599213,0.9203413724899292,0.5674253106117249
YOR230W,YIR018W,0,-6.934149,0.13952986896038055,0.9203413724899292,0.5675675868988037
YBL068W,YDR198C,0,-6.9341626,0.13949978351593018,0.9203413724899292,0.5677098035812378
YLR378C,YKL218C,0,-6.9343295,0.139469712972641,0.9203413724899292,0.5678520798683167
YPR139C,YBR016W,0,-6.9347568,0.139439657330513,0.9203413724899292,0.5679942965507507
YHR079C-B,YJL109C,0,-6.935514,0.1394096165895462,0.9203413724899292,0.5681365728378296
YKR049C,YML055W,0,-6.9358563,0.1393795758485794,0.9203413724899292,0.5682787895202637
YLR060W,YMR236W,0,-6.936586,0.139349564909935,0.9203413724899292,0.5684210658073425
YOR155C,YHR005C-A,0,-6.9365993,0.1393195539712906,0.9203413724899292,0.5685632824897766
YJL121C,YDR316W-B,0,-6.936916,0.13928955793380737,0.9203413724899292,0.5687055587768555
YMR183C,YMR268W-A,0,-6.9370036,0.13925957679748535,0.9203413724899292,0.5688477754592896
YJL172W,YOR373W,0,-6.9375553,0.13922961056232452,0.9203413724899292,0.5689900517463684
YFR024C,YDR142C,0,-6.938309,0.1391996592283249,0.9203413724899292,0.5691322684288025
YDR385W,YER137C-A,0,-6.939798,0.13916970789432526,0.9203413724899292,0.5692745447158813
YGL171W,YPL183W-A,0,-6.9403443,0.139139786362648,0.9203413724899292,0.5694167613983154
YCR068W,YJL172W,0,-6.9411097,0.13910986483097076,0.9203413724899292,0.5695590376853943
YNL037C,YCR080W,0,-6.941124,0.1390799582004547,0.9203413724899292,0.5697012543678284
YFL011W,YIR022W,0,-6.941694,0.13905008137226105,0.9203413724899292,0.5698435306549072
YDL099W,YER055C,0,-6.941716,0.13902020454406738,0.9203413724899292,0.5699857473373413
YBL040C,YGL028C,0,-6.941898,0.13899032771587372,0.9203413724899292,0.5701280236244202
YLR401C,YJL018W,0,-6.9421825,0.13896048069000244,0.9203413724899292,0.570270299911499
YDR430C,YPL032C,0,-6.942224,0.13893064856529236,0.9203413724899292,0.5704125165939331
YOL101C,YBL005W-B,0,-6.942248,0.13890081644058228,0.9203413724899292,0.570554792881012
YAL054C,YKL103C,0,-6.943587,0.1388709992170334,0.9203413724899292,0.570697009563446
YDR351W,YER160C,0,-6.9442096,0.1388411968946457,0.9203413724899292,0.5708392858505249
YJL157C,YJL113W,0,-6.944403,0.1388114094734192,0.9203413724899292,0.570981502532959
YDL243C,YKR085C,0,-6.944526,0.13878163695335388,0.9203413724899292,0.5711237788200378
YKL138C-A,YDR116C,0,-6.9450507,0.13875187933444977,0.9203413724899292,0.5712659955024719
YJR010W,YER137C-A,0,-6.9458175,0.13872212171554565,0.9203413724899292,0.5714082717895508
YDR143C,YML013W,1,-6.946101,0.13890674710273743,0.9217638969421387,0.5714082717895508
YHR013C,YDR318W,0,-6.946362,0.1388769894838333,0.9217638969421387,0.5715504884719849
YOL139C,YKL216W,0,-6.9469433,0.1388472318649292,0.9217638969421387,0.5716927647590637
YOR161C,YLR251W,0,-6.9472938,0.13881747424602509,0.9217638969421387,0.5718349814414978
YOL132W,YNL326C,0,-6.947386,0.13878774642944336,0.9217638969421387,0.5719772577285767
YJL208C,YLR316C,0,-6.9479175,0.13875803351402283,0.9217638969421387,0.5721194744110107
YML038C,YDR261C-C,0,-6.9490743,0.1387283205986023,0.9217638969421387,0.5722617506980896
YGR061C,YDR128W,0,-6.9491262,0.13869863748550415,0.9217638969421387,0.5724039673805237
YBR268W,YJR066W,0,-6.949713,0.138668954372406,0.9217638969421387,0.5725462436676025
YKR034W,YDR261C-C,0,-6.949927,0.13863928616046906,0.9217638969421387,0.5726884603500366
YLL018C-A,YEL027W,0,-6.9507055,0.1386096328496933,0.9217638969421387,0.5728307366371155
YPL233W,YDR023W,0,-6.950805,0.13857997953891754,0.9217638969421387,0.5729729533195496
YCL040W,YNL147W,0,-6.9509044,0.13855035603046417,0.9217638969421387,0.5731152296066284
YHL033C,YIL138C,0,-6.9515567,0.1385207325220108,0.9217638969421387,0.5732574462890625
YJR105W,YDL134C-A,0,-6.9515834,0.13849112391471863,0.9217638969421387,0.5733997225761414
YPL151C,YLR378C,0,-6.9517727,0.13846154510974884,0.9217638969421387,0.5735419392585754
YGR142W,YML031W,0,-6.952452,0.13843196630477905,0.9217638969421387,0.5736842155456543
YJL168C,YDR523C,0,-6.95297,0.13840238749980927,0.9217638969421387,0.5738264322280884
YBR020W,YDR096W,0,-6.953453,0.13837283849716187,0.9217638969421387,0.5739687085151672
YDR231C,YGR161C-C,0,-6.9534726,0.13834328949451447,0.9217638969421387,0.5741109251976013
YGL254W,YLR020C,0,-6.9535832,0.13831377029418945,0.9217638969421387,0.5742532014846802
YLR110C,YBR100W,0,-6.953945,0.13828425109386444,0.9217638969421387,0.574395477771759
YNR056C,YDR259C,0,-6.954031,0.13825474679470062,0.9217638969421387,0.5745376944541931
YBR100W,YPR007C,0,-6.9543986,0.138225257396698,0.9217638969421387,0.574679970741272
YIL147C,YER175C,0,-6.954468,0.13819578289985657,0.9217638969421387,0.574822187423706
YFL025C,YDR131C,1,-6.9546733,0.1383795291185379,0.9231863617897034,0.574822187423706
YDR113C,YNR003C,0,-6.9555554,0.13835002481937408,0.9231863617897034,0.5749644637107849
YCR070W,YNL169C,0,-6.9569044,0.13832055032253265,0.9231863617897034,0.575106680393219
YER013W,YOR214C,0,-6.957069,0.13829107582569122,0.9231863617897034,0.5752489566802979
YNR056C,YGL130W,0,-6.9576726,0.138261616230011,0.9231863617897034,0.5753911733627319
YLR389C,YPL162C,0,-6.9577374,0.13823215663433075,0.9231863617897034,0.5755334496498108
YLR284C,YGL046W,0,-6.9577684,0.1382027268409729,0.9231863617897034,0.5756756663322449
YLR131C,YJR126C,0,-6.958673,0.13817329704761505,0.9231863617897034,0.5758179426193237
YGL240W,YDR363W-A,1,-6.9595895,0.1383567452430725,0.9246088266372681,0.5758179426193237
YPR178W,YGR027W-B,0,-6.9598875,0.13832730054855347,0.9246088266372681,0.5759601593017578
YNL111C,YDL180W,0,-6.9602933,0.13829787075519562,0.9246088266372681,0.5761024355888367
YBR109C,YJL109C,0,-6.960441,0.13826845586299896,0.9246088266372681,0.5762446522712708
YGR195W,YIR003W,0,-6.9612155,0.1382390409708023,0.9246088266372681,0.5763869285583496
YNL199C,YMR023C,0,-6.962456,0.13820965588092804,0.9246088266372681,0.5765291452407837
YDR516C,YLR312W-A,0,-6.9626384,0.13818027079105377,0.9246088266372681,0.5766714215278625
YDR191W,YPR133W-A,0,-6.9631586,0.1381509006023407,0.9246088266372681,0.5768136382102966
YPR182W,YOR212W,0,-6.963204,0.13812154531478882,0.9246088266372681,0.5769559144973755
YNL099C,YKR025W,0,-6.9632235,0.13809220492839813,0.9246088266372681,0.5770981311798096
YKR102W,YKR095W-A,0,-6.9633574,0.13806286454200745,0.9246088266372681,0.5772404074668884
YOR058C,YIR033W,0,-6.9646354,0.13803355395793915,0.9246088266372681,0.5773826241493225
YDR158W,YAR044W,0,-6.9651713,0.13800424337387085,0.9246088266372681,0.5775249004364014
YPL280W,YGR027W-B,0,-6.9656796,0.13797494769096375,0.9246088266372681,0.5776671171188354
YDR309C,YJR138W,0,-6.9659424,0.13794566690921783,0.9246088266372681,0.5778093934059143
YDR009W,YKR085C,0,-6.9663935,0.13791640102863312,0.9246088266372681,0.5779516100883484
YDL079C,YGR023W,0,-6.966418,0.1378871500492096,0.9246088266372681,0.5780938863754272
YMR177W,YGL236C,0,-6.9668193,0.13785789906978607,0.9246088266372681,0.5782361030578613
YDR262W,YKR078W,0,-6.9674053,0.13782866299152374,0.9246088266372681,0.5783783793449402
YAR050W,YGR206W,0,-6.9676147,0.1377994418144226,0.9246088266372681,0.578520655632019
YML075C,YER178W,0,-6.9689345,0.13777023553848267,0.9246088266372681,0.5786628723144531
YDR009W,YCL018W,0,-6.968975,0.13774104416370392,0.9246088266372681,0.578805148601532
YNL206C,YPR133W-A,0,-6.9693117,0.13771186769008636,0.9246088266372681,0.5789473652839661
YBR050C,YFR006W,0,-6.9695206,0.1376826912164688,0.9246088266372681,0.5790896415710449
YGR154C,YPL257W-B,0,-6.9695725,0.13765352964401245,0.9246088266372681,0.579231858253479
YJR105W,YOR295W,0,-6.969801,0.13762439787387848,0.9246088266372681,0.5793741345405579
YLL018C-A,YPL028W,0,-6.9699306,0.1375952512025833,0.9246088266372681,0.5795163512229919
YCR062W,YIR003W,0,-6.970224,0.13756613433361053,0.9246088266372681,0.5796586275100708
YOR086C,YDR210W-B,0,-6.9718137,0.13753703236579895,0.9246088266372681,0.5798008441925049
YDL200C,YDR381W,0,-6.9719224,0.13750793039798737,0.9246088266372681,0.5799431204795837
YIL147C,YDR210W-B,0,-6.972594,0.13747884333133698,0.9246088266372681,0.5800853371620178
YOR142W,YHR088W,0,-6.972686,0.13744977116584778,0.9246088266372681,0.5802276134490967
YER110C,YPR043W,0,-6.9729915,0.13742071390151978,0.9246088266372681,0.5803698301315308
YPR081C,YER159C-A,0,-6.9731016,0.13739167153835297,0.9246088266372681,0.5805121064186096
YPL255W,YJL113W,0,-6.9732327,0.13736264407634735,0.9246088266372681,0.5806543231010437
YKR039W,YEL055C,0,-6.973306,0.13733361661434174,0.9246088266372681,0.5807965993881226
YIL083C,YJL113W,0,-6.9734273,0.13730460405349731,0.9246088266372681,0.5809388160705566
YOL132W,YCR062W,0,-6.9734426,0.1372756063938141,0.9246088266372681,0.5810810923576355
YJL002C,YDR297W,0,-6.9736075,0.13724662363529205,0.9246088266372681,0.5812233090400696
YNL054W-B,YPR137C-B,0,-6.9742804,0.13721764087677002,0.9246088266372681,0.5813655853271484
YDR365C,YDL118W,0,-6.974523,0.13718868792057037,0.9246088266372681,0.5815078020095825
YOR005C,YCL074W,0,-6.9759398,0.13715973496437073,0.9246088266372681,0.5816500782966614
YDR009W,YPR081C,0,-6.976072,0.13713079690933228,0.9246088266372681,0.5817922949790955
YER095W,YGL171W,0,-6.976315,0.13710187375545502,0.9246088266372681,0.5819345712661743
YLR384C,YOL126C,0,-6.9763165,0.13707296550273895,0.9246088266372681,0.5820767879486084
YGR005C,YPL257W-B,0,-6.976587,0.13704407215118408,0.9246088266372681,0.5822190642356873
YER095W,YGR203W,0,-6.9771743,0.1370151787996292,0.9246088266372681,0.5823612809181213
YBR078W,YGR089W,0,-6.977427,0.13698630034923553,0.9246088266372681,0.5825035572052002
YEL027W,YML011C,0,-6.977484,0.13695743680000305,0.9246088266372681,0.582645833492279
YBR078W,YFR001W,0,-6.9779477,0.13692858815193176,0.9246088266372681,0.5827880501747131
YJL129C,YLR337C,0,-6.9787645,0.13689975440502167,0.9246088266372681,0.582930326461792
YDR047W,YJL018W,0,-6.9797406,0.13687092065811157,0.9246088266372681,0.5830725431442261
YPL005W,YPL257W-B,0,-6.980232,0.13684210181236267,0.9246088266372681,0.5832148194313049
YLR222C,YBL113C,0,-6.9806223,0.13681329786777496,0.9246088266372681,0.583357036113739
YLR355C,YHL009W-B,0,-6.981925,0.13678450882434845,0.9246088266372681,0.5834993124008179
YEL053C,YHR041C,0,-6.9821153,0.13675573468208313,0.9246088266372681,0.583641529083252
YAL054C,YGL025C,0,-6.9822397,0.1367269605398178,0.9246088266372681,0.5837838053703308
YDR172W,YIL177C,0,-6.9828944,0.13669821619987488,0.9246088266372681,0.5839260220527649
YDL119C,YDR316W-B,0,-6.982913,0.13666947185993195,0.9246088266372681,0.5840682983398438
YML055W,YLR090W,0,-6.9829926,0.1366407424211502,0.9246088266372681,0.5842105150222778
YJR016C,YBL113C,0,-6.9831214,0.13661202788352966,0.9246088266372681,0.5843527913093567
YMR024W,YLR315W,0,-6.983228,0.13658331334590912,0.9246088266372681,0.5844950079917908
YDR096W,YBR028C,0,-6.983257,0.13655462861061096,0.9246088266372681,0.5846372842788696
YHR013C,YDR084C,0,-6.983559,0.1365259438753128,0.9246088266372681,0.5847795009613037
YJL076W,YDR494W,0,-6.9836984,0.13649727404117584,0.9246088266372681,0.5849217772483826
YDL043C,YLR430W,0,-6.983888,0.13646861910820007,0.9246088266372681,0.5850639939308167
YOR351C,YBR100W,0,-6.984199,0.1364399641752243,0.9246088266372681,0.5852062702178955
YGL077C,YML024W,0,-6.984339,0.13641133904457092,0.9246088266372681,0.5853484869003296
YHR063C,YDR261C-C,0,-6.9844003,0.13638271391391754,0.9246088266372681,0.5854907631874084
YHR034C,YBR028C,0,-6.985102,0.13635410368442535,0.9246088266372681,0.5856329798698425
YPL275W,YPL093W,0,-6.98524,0.13632550835609436,0.9246088266372681,0.5857752561569214
YMR201C,YOR119C,0,-6.9854984,0.13629691302776337,0.9246088266372681,0.5859174728393555
YDR123C,YJL129C,0,-6.985837,0.13626834750175476,0.9246088266372681,0.5860597491264343
YCL024W,YBR230C,0,-6.985975,0.13623978197574615,0.9246088266372681,0.5862019658088684
YNL053W,YOL028C,0,-6.986633,0.13621123135089874,0.9246088266372681,0.5863442420959473
YFL035C,YOR095C,0,-6.986723,0.13618269562721252,0.9246088266372681,0.5864864587783813
YBL090W,YKL218C,0,-6.9869437,0.1361541748046875,0.9246088266372681,0.5866287350654602
YFR024C-A,YLL023C,0,-6.9883194,0.13612565398216248,0.9246088266372681,0.5867709517478943
YJL089W,YGR161C-C,0,-6.988452,0.13609714806079865,0.9246088266372681,0.5869132280349731
YOR230W,YLR035C-A,0,-6.9885826,0.136068657040596,0.9246088266372681,0.587055504322052
YGL166W,YGR027W-B,0,-6.989025,0.13604018092155457,0.9246088266372681,0.5871977210044861
YOL060C,YGL226C-A,0,-6.9890475,0.13601171970367432,0.9246088266372681,0.5873399972915649
YOL095C,YGL055W,0,-6.989058,0.13598325848579407,0.9246088266372681,0.587482213973999
YPL138C,YBR016W,0,-6.9891357,0.1359548270702362,0.9246088266372681,0.5876244902610779
YOR264W,YNL304W,0,-6.9894576,0.13592639565467834,0.9246088266372681,0.587766706943512
YNL230C,YDR131C,1,-6.990417,0.13610704243183136,0.9260312914848328,0.587766706943512
YMR285C,YCR045C,0,-6.9905686,0.1360785961151123,0.9260312914848328,0.5879089832305908
YGL190C,YGR161C-C,0,-6.991413,0.13605014979839325,0.9260312914848328,0.5880511999130249
YCL011C,YHL008C,0,-6.9914184,0.13602173328399658,0.9260312914848328,0.5881934762001038
YPL212C,YPL207W,0,-6.99169,0.13599331676959991,0.9260312914848328,0.5883356928825378
YCL038C,YOR214C,0,-6.9919114,0.13596491515636444,0.9260312914848328,0.5884779691696167
YPL255W,YGR089W,0,-6.992329,0.13593652844429016,0.9260312914848328,0.5886201858520508
YML075C,YNL054W-B,0,-6.9926133,0.13590814173221588,0.9260312914848328,0.5887624621391296
YDR524C,YFL011W,0,-6.993046,0.1358797699213028,0.9260312914848328,0.5889046788215637
YOR375C,YER056C-A,0,-6.993258,0.1358514130115509,0.9260312914848328,0.5890469551086426
YDL161W,YER150W,0,-6.9933734,0.1358230710029602,0.9260312914848328,0.5891891717910767
YGR023W,YJL002C,0,-6.9934297,0.1357947438955307,0.9260312914848328,0.5893314480781555
YGR213C,YDR261C-C,0,-6.9941473,0.1357664167881012,0.9260312914848328,0.5894736647605896
YOL102C,YOR008C-A,0,-6.99488,0.13573811948299408,0.9260312914848328,0.5896159410476685
YNL091W,YBR005W,0,-6.9955134,0.13570982217788696,0.9260312914848328,0.5897581577301025
YLR359W,YMR281W,0,-6.9955907,0.13568153977394104,0.9260312914848328,0.5899004340171814
YLL024C,YDR210W-B,0,-6.9961715,0.13565325736999512,0.9260312914848328,0.5900426506996155
YJL092W,YOR127W,0,-6.99644,0.13562500476837158,0.9260312914848328,0.5901849269866943
YGR200C,YBL064C,0,-6.997394,0.13559675216674805,0.9260312914848328,0.5903271436691284
YNL331C,YMR032W,0,-6.997426,0.1355685144662857,0.9260312914848328,0.5904694199562073
YPL255W,YDR243C,0,-6.9975,0.13554029166698456,0.9260312914848328,0.5906116366386414
YLL001W,YCR062W,0,-6.9988666,0.1355120688676834,0.9260312914848328,0.5907539129257202
YJL129C,YER005W,0,-6.9994607,0.13548387587070465,0.9260312914848328,0.5908961296081543
YPL196W,YBR037C,0,-6.999657,0.1354556828737259,0.9260312914848328,0.5910384058952332
YBR221C,YNL054W-B,0,-7.0003495,0.13542750477790833,0.9260312914848328,0.591180682182312
YLR071C,YER159C-A,0,-7.000609,0.13539934158325195,0.9260312914848328,0.5913228988647461
YLR254C,YDL112W,0,-7.0006657,0.13537117838859558,0.9260312914848328,0.591465175151825
YLR401C,YPR080W,0,-7.000898,0.1353430300951004,0.9260312914848328,0.591607391834259
YJL121C,YGR161C-C,0,-7.0009036,0.13531489670276642,0.9260312914848328,0.5917496681213379
YHR062C,YLL014W,0,-7.0011387,0.13528677821159363,0.9260312914848328,0.591891884803772
YGR061C,YJL157C,0,-7.0015807,0.13525867462158203,0.9260312914848328,0.5920341610908508
YML042W,YJL054W,0,-7.0022526,0.13523057103157043,0.9260312914848328,0.5921763777732849
YJR155W,YDR372C,0,-7.0025105,0.13520249724388123,0.9260312914848328,0.5923186540603638
YNL326C,YDL112W,0,-7.00263,0.13517442345619202,0.9260312914848328,0.5924608707427979
YMR224C,YHR120W,0,-7.0027432,0.1351463496685028,0.9260312914848328,0.5926031470298767
YOL155C,YER154W,0,-7.003039,0.135118305683136,0.9260312914848328,0.5927453637123108
YDR347W,YGL046W,0,-7.0032797,0.13509026169776917,0.9260312914848328,0.5928876399993896
YJL060W,YIL177C,0,-7.0033045,0.13506224751472473,0.9260312914848328,0.5930298566818237
YMR094W,YJR051W,0,-7.0035787,0.1350342184305191,0.9260312914848328,0.5931721329689026
YBR089C-A,YHR072W-A,0,-7.003631,0.13500621914863586,0.9260312914848328,0.5933143496513367
YJL172W,YDR316W-B,0,-7.0036535,0.13497823476791382,0.9260312914848328,0.5934566259384155
YGL168W,YML045W,0,-7.00418,0.13495025038719177,0.9260312914848328,0.5935988426208496
YDR265W,YLL034C,0,-7.0044847,0.13492228090763092,0.9260312914848328,0.5937411189079285
YML027W,YGL160W,0,-7.0045905,0.13489432632923126,0.9260312914848328,0.5938833355903625
YBR199W,YGL209W,0,-7.0049386,0.1348663717508316,0.9260312914848328,0.5940256118774414
YBR100W,YPL083C,0,-7.0058174,0.13483844697475433,0.9260312914848328,0.5941678285598755
YNL113W,YPL252C,0,-7.006105,0.13481052219867706,0.9260312914848328,0.5943101048469543
YKL064W,YGR195W,0,-7.006992,0.134782612323761,0.9260312914848328,0.5944523215293884
YBR132C,YJL019W,0,-7.007069,0.1347547024488449,0.9260312914848328,0.5945945978164673
YJR094W-A,YOR228C,0,-7.0071816,0.13472682237625122,0.9260312914848328,0.5947368144989014
YMR011W,YKR085C,0,-7.008405,0.13469894230365753,0.9260312914848328,0.5948790907859802
YBR146W,YOR212W,0,-7.00852,0.13467107713222504,0.9260312914848328,0.5950213074684143
YOR048C,YKL042W,0,-7.0086718,0.13464322686195374,0.9260312914848328,0.5951635837554932
YLR240W,YNR021W,0,-7.0087857,0.13461539149284363,0.9260312914848328,0.595305860042572
YML057W,YDR261C-C,0,-7.0089464,0.13458755612373352,0.9260312914848328,0.5954480767250061
YAL040C,YDR424C,0,-7.0089884,0.1345597356557846,0.9260312914848328,0.595590353012085
YGL226C-A,YBL105C,0,-7.010068,0.1345319300889969,0.9260312914848328,0.595732569694519
YKL170W,YCR020C,0,-7.01022,0.13450413942337036,0.9260312914848328,0.5958748459815979
YBL019W,YDL118W,0,-7.0105634,0.13447634875774384,0.9260312914848328,0.596017062664032
YBL051C,YGR125W,0,-7.010985,0.1344485729932785,0.9260312914848328,0.5961593389511108
YJR010C-A,YGL207W,0,-7.011512,0.13442081212997437,0.9260312914848328,0.5963015556335449
YLR242C,YCL032W,0,-7.0119786,0.13439306616783142,0.9260312914848328,0.5964438319206238
YLR394W,YNL055C,0,-7.012154,0.13436532020568848,0.9260312914848328,0.5965860486030579
YIL069C,YLR130C,0,-7.014095,0.13433760404586792,0.9260312914848328,0.5967283248901367
YLR423C,YCR028C-A,0,-7.014732,0.13430988788604736,0.9260312914848328,0.5968705415725708
YMR035W,YGL055W,0,-7.014885,0.1342821717262268,0.9260312914848328,0.5970128178596497
YHR115C,YOR343C-B,0,-7.0149407,0.13425448536872864,0.9260312914848328,0.5971550345420837
YIL177C,YOR343C-B,0,-7.0149407,0.13422679901123047,0.9260312914848328,0.5972973108291626
YPR128C,YDR210W-C,0,-7.0149407,0.1341991275548935,0.9260312914848328,0.5974395275115967
YOR005C,YOR343C-B,0,-7.0149407,0.1341714709997177,0.9260312914848328,0.5975818037986755
YKR095W-A,YFR006W,0,-7.0149407,0.13414382934570312,0.9260312914848328,0.5977240204811096
YNL216W,YOR343C-B,0,-7.0149407,0.13411618769168854,0.9260312914848328,0.5978662967681885
YIL043C,YOR343C-B,0,-7.0149407,0.13408857583999634,0.9260312914848328,0.5980085134506226
YGL046W,YDR261C-C,0,-7.0149407,0.13406094908714294,0.9260312914848328,0.5981507897377014
YNL023C,YOR343C-B,0,-7.0149407,0.13403335213661194,0.9260312914848328,0.5982930064201355
YNL185C,YDR210W-C,0,-7.0149407,0.13400577008724213,0.9260312914848328,0.5984352827072144
YAR044W,YGR027W-B,0,-7.0149407,0.13397818803787231,0.9260312914848328,0.5985774993896484
YBL071W-A,YHR080C,0,-7.0149407,0.1339506208896637,0.9260312914848328,0.5987197756767273
YBR111W-A,YIL083C,0,-7.0149407,0.13392305374145508,0.9260312914848328,0.5988619923591614
YHR079C-B,YGR027W-B,0,-7.0149407,0.13389551639556885,0.9260312914848328,0.5990042686462402
YKL152C,YOR343C-B,0,-7.0149407,0.13386797904968262,0.9260312914848328,0.5991464853286743
YBR111W-A,YML045W,0,-7.0149407,0.13384045660495758,0.9260312914848328,0.5992887616157532
YPL023C,YOR343C-B,0,-7.0149407,0.13381294906139374,0.9260312914848328,0.599431037902832
YDR294C,YDR210W-C,0,-7.0149407,0.1337854564189911,0.9260312914848328,0.5995732545852661
YKL138C-A,YCL074W,0,-7.0149407,0.13375796377658844,0.9260312914848328,0.599715530872345
YBL113C,YCR062W,0,-7.0149407,0.13373048603534698,0.9260312914848328,0.599857747554779
YOR310C,YOR343C-B,0,-7.0149407,0.13370302319526672,0.9260312914848328,0.6000000238418579
YGR095C,YOR343C-B,0,-7.0149407,0.13367556035518646,0.9260312914848328,0.600142240524292
YKL042W,YDR210W-C,0,-7.0149407,0.1336481273174286,0.9260312914848328,0.6002845168113708
YPL232W,YDR210W-C,0,-7.0149407,0.13362069427967072,0.9260312914848328,0.6004267334938049
YDR320C-A,YBL005W-B,0,-7.0149407,0.13359327614307404,0.9260312914848328,0.6005690097808838
YGL022W,YDR210W-C,0,-7.0149407,0.13356585800647736,0.9260312914848328,0.6007112264633179
YKL094W,YOR343C-B,0,-7.0149407,0.13353845477104187,0.9260312914848328,0.6008535027503967
YGL046W,YER137C-A,0,-7.0149407,0.13351108133792877,0.9260312914848328,0.6009957194328308
YGL045W,YDR210W-C,0,-7.0149407,0.13348369300365448,0.9260312914848328,0.6011379957199097
YOR124C,YOR343C-B,0,-7.0149407,0.13345633447170258,0.9260312914848328,0.6012802124023438
YLR240W,YOR343C-B,0,-7.0149407,0.13342897593975067,0.9260312914848328,0.6014224886894226
YHL009W-B,YIL039W,0,-7.0152316,0.13340163230895996,0.9260312914848328,0.6015647053718567
YDL188C,YHL044W,0,-7.0163484,0.13337430357933044,0.9260312914848328,0.6017069816589355
YDR501W,YLR346C,0,-7.0163693,0.13334698975086212,0.9260312914848328,0.6018491983413696
YJR094C,YHR001W-A,0,-7.0169654,0.1333196759223938,0.9260312914848328,0.6019914746284485
YLR337C,YDR210W-B,0,-7.017565,0.13329237699508667,0.9260312914848328,0.6021336913108826
YGR213C,YOR045W,0,-7.0177703,0.13326509296894073,0.9260312914848328,0.6022759675979614
YAL009W,YOR192C-B,0,-7.0182586,0.133237823843956,0.9260312914848328,0.6024181842803955
YMR312W,YHR194W,0,-7.0185657,0.13321055471897125,0.9260312914848328,0.6025604605674744
YGL028C,YDR320C,0,-7.018711,0.1331833004951477,0.9260312914848328,0.6027026772499084
YGR075C,YOR129C,0,-7.0191274,0.13315606117248535,0.9260312914848328,0.6028449535369873
YLL018C-A,YMR224C,0,-7.0199914,0.1331288367509842,0.9260312914848328,0.6029871702194214
YNL327W,YPR137C-B,0,-7.019999,0.13310161232948303,0.9260312914848328,0.6031294465065002
YDR106W,YOR124C,0,-7.020382,0.13307440280914307,0.9260312914848328,0.6032716631889343
YDR365C,YDR316W-B,0,-7.0211062,0.1330472081899643,0.9260312914848328,0.6034139394760132
YLR139C,YDL112W,0,-7.021129,0.13302002847194672,0.9260312914848328,0.603556215763092
YPR140W,YPL253C,0,-7.0214047,0.13299284875392914,0.9260312914848328,0.6036984324455261
YKR078W,YPR137C-B,0,-7.022564,0.13296568393707275,0.9260312914848328,0.603840708732605
YNL331C,YGR161C-C,0,-7.022644,0.13293853402137756,0.9260312914848328,0.6039829254150391
YPR128C,YNR021W,0,-7.0233464,0.13291139900684357,0.9260312914848328,0.6041252017021179
YMR211W,YAR044W,0,-7.0248427,0.13288426399230957,0.9260312914848328,0.604267418384552
YGR295C,YGR197C,0,-7.02517,0.13285714387893677,0.9260312914848328,0.6044096946716309
YML100W,YGR161C-C,0,-7.026034,0.13283003866672516,0.9260312914848328,0.6045519113540649
YPL275W,YMR035W,0,-7.0269437,0.13280293345451355,0.9260312914848328,0.6046941876411438
YAL058W,YMR214W,1,-7.0280375,0.13297981023788452,0.9274537563323975,0.6046941876411438
YLR319C,YHR069C,0,-7.028071,0.13295269012451172,0.9274537563323975,0.6048364043235779
YOL136C,YPR110C,0,-7.0286117,0.1329255849123001,0.9274537563323975,0.6049786806106567
YGL012W,YFR024C,0,-7.0290656,0.1328984946012497,0.9274537563323975,0.6051208972930908
YPL171C,YER159C-A,0,-7.0292315,0.13287140429019928,0.9274537563323975,0.6052631735801697
YIL043C,YNL054W-B,0,-7.0296063,0.13284432888031006,0.9274537563323975,0.6054053902626038
YPR033C,YMR236W,0,-7.0297694,0.13281726837158203,0.9274537563323975,0.6055476665496826
YFL016C,YER137C-A,0,-7.029916,0.1327902227640152,0.9274537563323975,0.6056898832321167
YPL266W,YHR205W,0,-7.0299444,0.13276319205760956,0.9274537563323975,0.6058321595191956
YGR189C,YDR481C,0,-7.0307083,0.13273616135120392,0.9274537563323975,0.6059743762016296
YOL086C,YNR073C,0,-7.0312037,0.13270914554595947,0.9274537563323975,0.6061166524887085
YNL185C,YNL123W,0,-7.031818,0.13268212974071503,0.9274537563323975,0.6062588691711426
YKR055W,YFL052W,0,-7.032188,0.13265514373779297,0.9274537563323975,0.6064011454582214
YLR285W,YDR045C,0,-7.0333905,0.1326281577348709,0.9274537563323975,0.6065433621406555
YBR020W,YER159C-A,0,-7.03405,0.13260118663311005,0.9274537563323975,0.6066856384277344
YER104W,YHR003C,0,-7.0345206,0.13257421553134918,0.9274537563323975,0.6068278551101685
YER069W,YIL177C,0,-7.0345263,0.1325472593307495,0.9274537563323975,0.6069701313972473
YDR228C,YMR121C,0,-7.0349236,0.13252031803131104,0.9274537563323975,0.6071123480796814
YMR228W,YHL009W-B,0,-7.0349736,0.13249339163303375,0.9274537563323975,0.6072546243667603
YCR075C,YHL009W-B,0,-7.035882,0.13246648013591766,0.9274537563323975,0.6073968410491943
YLR116W,YGR275W,0,-7.035914,0.13243956863880157,0.9274537563323975,0.6075391173362732
YDR054C,YDR143C,1,-7.036658,0.13261575996875763,0.9288762211799622,0.6075391173362732
YGR108W,YDR261C-C,0,-7.037621,0.13258883357048035,0.9288762211799622,0.607681393623352
YER137C-A,YFL052W,0,-7.037978,0.13256192207336426,0.9288762211799622,0.6078236103057861
YDR320C-A,YJL092W,0,-7.0381045,0.13253501057624817,0.9288762211799622,0.607965886592865
YML031W,YHL009W-B,0,-7.0388494,0.13250811398029327,0.9288762211799622,0.6081081032752991
YDR265W,YGR161C-C,0,-7.039498,0.13248123228549957,0.9288762211799622,0.6082503795623779
YGR124W,YKL138C-A,0,-7.0395026,0.13245436549186707,0.9288762211799622,0.608392596244812
YOR320C,YDL168W,0,-7.040469,0.13242749869823456,0.9288762211799622,0.6085348725318909
YPL137C,YER159C-A,0,-7.0407434,0.13240064680576324,0.9288762211799622,0.608677089214325
YLR028C,YER137C-A,0,-7.0408673,0.13237380981445312,0.9288762211799622,0.6088193655014038
YGR104C,YLR035C-A,0,-7.041725,0.132346972823143,0.9288762211799622,0.6089615821838379
YNL123W,YDR261C-C,0,-7.0426993,0.13232016563415527,0.9288762211799622,0.6091038584709167
YML006C,YOR008C-A,0,-7.043069,0.13229335844516754,0.9288762211799622,0.6092460751533508
YPL266W,YER056C,0,-7.0430818,0.1322665512561798,0.9288762211799622,0.6093883514404297
YMR199W,YLR315W,0,-7.0433316,0.13223977386951447,0.9288762211799622,0.6095305681228638
YMR068W,YBR202W,0,-7.043449,0.13221299648284912,0.9288762211799622,0.6096728444099426
YDR316W-B,YGR161C-C,0,-7.0436416,0.13218623399734497,0.9288762211799622,0.6098150610923767
YJR063W,YFL037W,0,-7.043945,0.13215948641300201,0.9288762211799622,0.6099573373794556
YDL192W,YPL209C,0,-7.044204,0.13213273882865906,0.9288762211799622,0.6100995540618896
YHR044C,YFR027W,0,-7.0443797,0.1321060061454773,0.9288762211799622,0.6102418303489685
YOL086C,YIL147C,0,-7.0444007,0.13207928836345673,0.9288762211799622,0.6103840470314026
YDR309C,YBR222C,0,-7.044434,0.13205258548259735,0.9288762211799622,0.6105263233184814
YJL129C,YDR261C-C,0,-7.044603,0.13202588260173798,0.9288762211799622,0.6106685400009155
YLR357W,YLL014W,0,-7.0446963,0.1319991946220398,0.9288762211799622,0.6108108162879944
YBR020W,YJL091C,0,-7.045256,0.1319725215435028,0.9288762211799622,0.6109530329704285
YMR183C,YPL186C,0,-7.0453963,0.13194584846496582,0.9288762211799622,0.6110953092575073
YMR276W,YDR002W,1,-7.0457163,0.13212120532989502,0.9302987456321716,0.6110953092575073
YAL054C,YPR003C,0,-7.0458474,0.13209453225135803,0.9302987456321716,0.6112375259399414
YEL027W,YGR170W,0,-7.0459933,0.13206784427165985,0.9302987456321716,0.6113798022270203
YNL037C,YER159C-A,0,-7.0461893,0.13204118609428406,0.9302987456321716,0.6115220189094543
YDL088C,YNL054W-B,0,-7.0464563,0.13201452791690826,0.9302987456321716,0.6116642951965332
YLR110C,YOR233W,0,-7.0474677,0.13198788464069366,0.9302987456321716,0.6118065714836121
YGR101W,YOL124C,0,-7.0475307,0.13196125626564026,0.9302987456321716,0.6119487881660461
YBL042C,YDR261C-C,0,-7.0476174,0.13193464279174805,0.9302987456321716,0.612091064453125
YOR311C,YJR014W,0,-7.0479016,0.13190802931785583,0.9302987456321716,0.6122332811355591
YOL067C,YLR346C,0,-7.048366,0.13188143074512482,0.9302987456321716,0.6123755574226379
YPL130W,YLR090W,0,-7.049087,0.1318548321723938,0.9302987456321716,0.612517774105072
YFR001W,YNL185C,0,-7.049609,0.13182826340198517,0.9302987456321716,0.6126600503921509
YNR072W,YOR212W,0,-7.0497775,0.13180169463157654,0.9302987456321716,0.612802267074585
YMR236W,YNL054W-B,0,-7.050013,0.1317751407623291,0.9302987456321716,0.6129445433616638
YDR228C,YBR221C,0,-7.0502124,0.13174858689308167,0.9302987456321716,0.6130867600440979
YBR290W,YDR143C,1,-7.050513,0.13192346692085266,0.9317212104797363,0.6130867600440979
YLR430W,YAR003W,0,-7.0509534,0.13189689815044403,0.9317212104797363,0.6132290363311768
YBL002W,YDL079C,0,-7.0511193,0.1318703442811966,0.9317212104797363,0.6133712530136108
YEL019C,YPR137C-B,0,-7.0516615,0.13184380531311035,0.9317212104797363,0.6135135293006897
YDL112W,YLR130C,0,-7.051812,0.1318172663450241,0.9317212104797363,0.6136557459831238
YDL103C,YGR271C-A,0,-7.0518737,0.13179074227809906,0.9317212104797363,0.6137980222702026
YML055W,YBR016W,0,-7.0518937,0.1317642331123352,0.9317212104797363,0.6139402389526367
YGR245C,YGR161C-C,0,-7.0520124,0.13173772394657135,0.9317212104797363,0.6140825152397156
YDR299W,YIL065C,0,-7.0525956,0.13171124458312988,0.9317212104797363,0.6142247319221497
YGR152C,YLR337C,0,-7.0533547,0.13168476521968842,0.9317212104797363,0.6143670082092285
YML075C,YGR132C,0,-7.053435,0.13165828585624695,0.9317212104797363,0.6145092248916626
YFL056C,YER159C-A,0,-7.0538087,0.13163183629512787,0.9317212104797363,0.6146515011787415
YGL226C-A,YNL054W-B,0,-7.054191,0.1316053867340088,0.9317212104797363,0.6147937178611755
YDR510W,YOR295W,0,-7.0552793,0.1315789520740509,0.9317212104797363,0.6149359941482544
YFR032C-A,YLL024C,0,-7.055303,0.13155251741409302,0.9317212104797363,0.6150782108306885
YNL048W,YCL029C,0,-7.055341,0.13152609765529633,0.9317212104797363,0.6152204871177673
YGR245C,YCL074W,0,-7.0560975,0.13149969279766083,0.9317212104797363,0.6153627038002014
YGL236C,YDR210W-B,0,-7.0574546,0.13147330284118652,0.9317212104797363,0.6155049800872803
YPL275W,YOR142W,0,-7.0581436,0.13144691288471222,0.9317212104797363,0.6156471967697144
YJL141C,YER137C-A,0,-7.0591793,0.1314205527305603,0.9317212104797363,0.6157894730567932
YKL166C,YDR316W-B,0,-7.05933,0.1313941776752472,0.9317212104797363,0.6159317493438721
YNL096C,YDR261C-C,0,-7.0594296,0.13136783242225647,0.9317212104797363,0.6160739660263062
YHR104W,YJR010W,0,-7.0597353,0.13134148716926575,0.9317212104797363,0.616216242313385
YHR005C-A,YPL212C,0,-7.0601125,0.13131515681743622,0.9317212104797363,0.6163584589958191
YNR072W,YHR063C,0,-7.060574,0.13128884136676788,0.9317212104797363,0.616500735282898
YER159C-A,YLL014W,0,-7.061231,0.13126252591609955,0.9317212104797363,0.616642951965332
YDR156W,YLR448W,0,-7.061323,0.1312362253665924,0.9317212104797363,0.6167852282524109
YDR234W,YLR312W-A,0,-7.0613837,0.13120993971824646,0.9317212104797363,0.616927444934845
YKL146W,YBL100W-B,0,-7.061889,0.1311836540699005,0.9317212104797363,0.6170697212219238
YMR211W,YOR295W,0,-7.0620046,0.13115738332271576,0.9317212104797363,0.6172119379043579
YJL076W,YDL130W-A,0,-7.062181,0.1311311274766922,0.9317212104797363,0.6173542141914368
YDR494W,YKR078W,0,-7.0622716,0.13110488653182983,0.9317212104797363,0.6174964308738708
YFL011W,YMR313C,0,-7.062341,0.13107864558696747,0.9317212104797363,0.6176387071609497
YNR072W,YJL019W,0,-7.062964,0.1310524195432663,0.9317212104797363,0.6177809238433838
YPL008W,YDR210W-B,0,-7.063392,0.13102620840072632,0.9317212104797363,0.6179232001304626
YDL229W,YJR110W,0,-7.0634108,0.13099999725818634,0.9317212104797363,0.6180654168128967
YJR053W,YOR137C,0,-7.064262,0.13097380101680756,0.9317212104797363,0.6182076930999756
YJL106W,YER095W,0,-7.065436,0.13094761967658997,0.9317212104797363,0.6183499097824097
YMR256C,YEL020W-A,0,-7.0656414,0.13092145323753357,0.9317212104797363,0.6184921860694885
YKR056W,YPL253C,0,-7.0660243,0.13089528679847717,0.9317212104797363,0.6186344027519226
YJL184W,YBR028C,0,-7.066365,0.13086913526058197,0.9317212104797363,0.6187766790390015
YGL190C,YPL141C,0,-7.0665374,0.13084298372268677,0.9317212104797363,0.6189188957214355
YGR098C,YER159C-A,0,-7.067165,0.13081686198711395,0.9317212104797363,0.6190611720085144
YLR167W,YGR161C-C,0,-7.068334,0.13079074025154114,0.9317212104797363,0.6192033886909485
YGR124W,YDR430C,0,-7.0684037,0.13076461851596832,0.9317212104797363,0.6193456649780273
YPL127C,YGR184C,0,-7.068457,0.1307385265827179,0.9317212104797363,0.6194878816604614
YGL187C,YER174C,0,-7.0685534,0.13071243464946747,0.9317212104797363,0.6196301579475403
YBR146W,YMR076C,0,-7.0686326,0.13068635761737823,0.9317212104797363,0.6197723746299744
YOR320C,YAR044W,0,-7.0695004,0.130660280585289,0.9317212104797363,0.6199146509170532
YNL202W,YER159C-A,0,-7.0699515,0.13063421845436096,0.9317212104797363,0.6200569272041321
YER088C,YFL003C,0,-7.0710588,0.13060817122459412,0.9317212104797363,0.6201991438865662
YPL083C,YPR003C,0,-7.0715885,0.13058213889598846,0.9317212104797363,0.620341420173645
YHR083W,YER160C,0,-7.071855,0.1305561065673828,0.9317212104797363,0.6204836368560791
YHR072W-A,YHR083W,0,-7.0719132,0.13053008913993835,0.9317212104797363,0.620625913143158
YGR061C,YER107C,0,-7.0722785,0.1305040866136551,0.9317212104797363,0.620768129825592
YGR206W,YBL051C,0,-7.072346,0.13047808408737183,0.9317212104797363,0.6209104061126709
YIL079C,YHR102W,0,-7.072539,0.13045209646224976,0.9317212104797363,0.621052622795105
YDR155C,YPR074C,0,-7.0729113,0.13042612373828888,0.9317212104797363,0.6211948990821838
YPL079W,YHR079C-B,0,-7.072935,0.1304001659154892,0.9317212104797363,0.6213371157646179
YBR038W,YBR293W,0,-7.0731683,0.13037420809268951,0.9317212104797363,0.6214793920516968
YMR039C,YDL119C,0,-7.0735474,0.13034826517105103,0.9317212104797363,0.6216216087341309
YBL068W,YOR008C-A,0,-7.074255,0.13032232224941254,0.9317212104797363,0.6217638850212097
YLR355C,YJR021C,0,-7.0744185,0.13029639422893524,0.9317212104797363,0.6219061017036438
YHR143W-A,YDR115W,0,-7.074934,0.13027048110961914,0.9317212104797363,0.6220483779907227
YOR234C,YDR470C,0,-7.0757747,0.13024458289146423,0.9317212104797363,0.6221905946731567
YGR101W,YPR137C-B,0,-7.075934,0.13021868467330933,0.9317212104797363,0.6223328709602356
YDR075W,YDR261C-C,0,-7.0763044,0.1301928013563156,0.9317212104797363,0.6224750876426697
YNL202W,YJR014W,0,-7.0763297,0.1301669329404831,0.9317212104797363,0.6226173639297485
YLR165C,YER159C-A,0,-7.0763507,0.13014106452465057,0.9317212104797363,0.6227595806121826
YGR152C,YEL048C,0,-7.076824,0.13011521100997925,0.9317212104797363,0.6229018568992615
YKR034W,YGR197C,0,-7.077158,0.13008937239646912,0.9317212104797363,0.6230440735816956
YBL071W-A,YLR354C,0,-7.0781436,0.13006354868412018,0.9317212104797363,0.6231863498687744
YGL130W,YPR074C,0,-7.0795894,0.13003772497177124,0.9317212104797363,0.6233285665512085
YPL280W,YBR127C,0,-7.080069,0.1300119161605835,0.9317212104797363,0.6234708428382874
YOR371C,YGR027W-B,0,-7.080319,0.12998610734939575,0.9317212104797363,0.6236130595207214
YPL173W,YHL009W-B,0,-7.080608,0.1299603134393692,0.9317212104797363,0.6237553358078003
YER110C,YDR261C-C,0,-7.081265,0.12993453443050385,0.9317212104797363,0.6238975524902344
YMR008C,YPL257W-B,0,-7.081964,0.12990877032279968,0.9317212104797363,0.6240398287773132
YMR229C,YPR114W,0,-7.082216,0.12988300621509552,0.9317212104797363,0.6241821050643921
YDR452W,YPR110C,0,-7.082755,0.12985725700855255,0.9317212104797363,0.6243243217468262
YBL064C,YFL036W,0,-7.0833745,0.12983152270317078,0.9317212104797363,0.624466598033905
YOR320C,YOR233W,0,-7.083883,0.129805788397789,0.9317212104797363,0.6246088147163391
YGR027C,YML038C,0,-7.08403,0.12978006899356842,0.9317212104797363,0.624751091003418
YFR001W,YPL120W,0,-7.084482,0.12975436449050903,0.9317212104797363,0.624893307685852
YDR156W,YPR137C-B,0,-7.0845094,0.12972865998744965,0.9317212104797363,0.6250355839729309
YJL216C,YNL054W-B,0,-7.0849385,0.12970297038555145,0.9317212104797363,0.625177800655365
YLR110C,YDR073W,0,-7.0856214,0.12967729568481445,0.9317212104797363,0.6253200769424438
YNR072W,YER154W,0,-7.0859036,0.12965162098407745,0.9317212104797363,0.6254622936248779
YKL078W,YML038C,0,-7.086659,0.12962596118450165,0.9317212104797363,0.6256045699119568
YGL187C,YCR028C-A,0,-7.0875998,0.12960031628608704,0.9317212104797363,0.6257467865943909
YNL185C,YCR009C,0,-7.08766,0.12957467138767242,0.9317212104797363,0.6258890628814697
YBR175W,YER137C-A,0,-7.087726,0.1295490562915802,0.9317212104797363,0.6260312795639038
YER154W,YDL210W,0,-7.0877757,0.12952342629432678,0.9317212104797363,0.6261735558509827
YPL133C,YDL124W,0,-7.0881457,0.12949782609939575,0.9317212104797363,0.6263157725334167
YLR110C,YLR043C,0,-7.0883584,0.12947222590446472,0.9317212104797363,0.6264580488204956
YBR230C,YGR027W-B,0,-7.0883803,0.12944664061069489,0.9317212104797363,0.6266002655029297
YAR050W,YLR088W,0,-7.0884213,0.12942107021808624,0.9317212104797363,0.6267425417900085
YER125W,YLR042C,0,-7.0887575,0.1293954998254776,0.9317212104797363,0.6268847584724426
YBR066C,YOR353C,0,-7.0893817,0.12936994433403015,0.9317212104797363,0.6270270347595215
YGR133W,YGR271C-A,0,-7.089868,0.1293443888425827,0.9317212104797363,0.6271692514419556
YML059C,YER159C-A,0,-7.0902705,0.12931884825229645,0.9317212104797363,0.6273115277290344
YIL079C,YPL137C,0,-7.0906196,0.1292933225631714,0.9317212104797363,0.6274537444114685
YPL008W,YPL257W-B,0,-7.090998,0.12926781177520752,0.9317212104797363,0.6275960206985474
YDR452W,YLR042C,0,-7.0916743,0.12924230098724365,0.9317212104797363,0.6277382373809814
YIL099W,YGL059W,0,-7.0924363,0.12921680510044098,0.9317212104797363,0.6278805136680603
YKR081C,YCR102C,0,-7.092729,0.1291913241147995,0.9317212104797363,0.6280227303504944
YER088C,YPL019C,0,-7.0935493,0.12916584312915802,0.9317212104797363,0.6281650066375732
YDR299W,YPL120W,0,-7.09371,0.12914037704467773,0.9317212104797363,0.6283072829246521
YGR167W,YPL058C,0,-7.093817,0.12911492586135864,0.9317212104797363,0.6284494996070862
YJR057W,YHL008C,0,-7.093986,0.12908947467803955,0.9317212104797363,0.628591775894165
YKL053C-A,YDR210W-B,0,-7.0940456,0.12906403839588165,0.9317212104797363,0.6287339925765991
YCR045C,YPR003C,0,-7.094108,0.12903861701488495,0.9317212104797363,0.628876268863678
YJR089W,YNL169C,0,-7.09508,0.12901319563388824,0.9317212104797363,0.6290184855461121
YPL078C,YBR139W,0,-7.096996,0.12898778915405273,0.9317212104797363,0.6291607618331909
YNL304W,YDR261C-C,0,-7.097617,0.12896239757537842,0.9317212104797363,0.629302978515625
YER137C-A,YPR098C,0,-7.0977983,0.1289370059967041,0.9317212104797363,0.6294452548027039
YGL012W,YJR014W,0,-7.098985,0.12891162931919098,0.9317212104797363,0.6295874714851379
YER137C-A,YMR293C,0,-7.0990644,0.12888626754283905,0.9317212104797363,0.6297297477722168
YER069W,YCL032W,0,-7.0991344,0.12886090576648712,0.9317212104797363,0.6298719644546509
YPL100W,YDR234W,0,-7.099344,0.1288355588912964,0.9317212104797363,0.6300142407417297
YOR119C,YGL160W,0,-7.099401,0.12881022691726685,0.9317212104797363,0.6301564574241638
YPL234C,YGR161C-C,0,-7.099788,0.1287848949432373,0.9317212104797363,0.6302987337112427
YOR032C,YBL005W-B,0,-7.0998187,0.12875957787036896,0.9317212104797363,0.6304409503936768
YIR023W,YHR003C,0,-7.099833,0.1287342756986618,0.9317212104797363,0.6305832266807556
YPL252C,YDL119C,0,-7.100591,0.12870897352695465,0.9317212104797363,0.6307254433631897
YPL019C,YPR137C-B,0,-7.100946,0.1286836862564087,0.9317212104797363,0.6308677196502686
YGR124W,YNL322C,0,-7.1029196,0.12865841388702393,0.9317212104797363,0.6310099363327026
YLR220W,YBR214W,0,-7.103097,0.12863315641880035,0.9317212104797363,0.6311522126197815
YDR524C,YDR158W,0,-7.103421,0.12860789895057678,0.9317212104797363,0.6312944293022156
YGL001C,YER137C-A,0,-7.1035223,0.1285826414823532,0.9317212104797363,0.6314367055892944
YNL113W,YOR192C-B,0,-7.1038284,0.12855741381645203,0.9317212104797363,0.6315789222717285
YPL155C,YLR332W,0,-7.1040487,0.12853218615055084,0.9317212104797363,0.6317211985588074
YKR102W,YDL043C,0,-7.105106,0.12850695848464966,0.9317212104797363,0.6318634152412415
YLR260W,YLL034C,0,-7.106533,0.12848176062107086,0.9317212104797363,0.6320056915283203
YNL185C,YPR137C-B,0,-7.106672,0.12845656275749207,0.9317212104797363,0.6321479082107544
YOR100C,YNL071W,0,-7.1069365,0.12843137979507446,0.9317212104797363,0.6322901844978333
YBL090W,YBR139W,0,-7.1070814,0.12840619683265686,0.9317212104797363,0.6324324607849121
YLR264W,YHR080C,0,-7.1083207,0.12838102877140045,0.9317212104797363,0.6325746774673462
YGR140W,YER137C-A,0,-7.109385,0.12835587561130524,0.9317212104797363,0.632716953754425
YML095C,YDR316W-B,0,-7.1112666,0.12833072245121002,0.9317212104797363,0.6328591704368591
YEL020W-A,YNL054W-B,0,-7.111325,0.128305584192276,0.9317212104797363,0.633001446723938
YOL139C,YPL196W,0,-7.111591,0.12828046083450317,0.9317212104797363,0.6331436634063721
YKL007W,YGR192C,0,-7.111745,0.12825533747673035,0.9317212104797363,0.6332859396934509
YDR481C,YBR141C,0,-7.1117625,0.1282302290201187,0.9317212104797363,0.633428156375885
YDL243C,YOR049C,0,-7.1119103,0.12820513546466827,0.9317212104797363,0.6335704326629639
YKL078W,YPR133W-A,0,-7.112466,0.12818004190921783,0.9317212104797363,0.633712649345398
YBR038W,YGR075C,0,-7.113067,0.1281549632549286,0.9317212104797363,0.6338549256324768
YML110C,YFR029W,0,-7.113393,0.12812988460063934,0.9317212104797363,0.6339971423149109
YOR310C,YPL232W,0,-7.11392,0.12810483574867249,0.9317212104797363,0.6341394186019897
YDR265W,YPR080W,0,-7.1143374,0.12807978689670563,0.9317212104797363,0.6342816352844238
YOR039W,YGL160W,0,-7.11501,0.12805473804473877,0.9317212104797363,0.6344239115715027
YJL203W,YEL059C-A,0,-7.1153603,0.1280297040939331,0.9317212104797363,0.6345661282539368
YDR533C,YLR042C,0,-7.1155524,0.12800468504428864,0.9317212104797363,0.6347084045410156
YNL327W,YNL185C,0,-7.1156716,0.12797968089580536,0.9317212104797363,0.6348506212234497
YOR299W,YKL138C-A,0,-7.1162877,0.12795467674732208,0.9317212104797363,0.6349928975105286
YPL193W,YOR008C-A,0,-7.116402,0.1279296875,0.9317212104797363,0.6351351141929626
YNL111C,YBR089C-A,0,-7.1164117,0.1279047131538391,0.9317212104797363,0.6352773904800415
YGL012W,YGR027W-B,0,-7.116493,0.12787973880767822,0.9317212104797363,0.6354196071624756
YAL059W,YEL054C,0,-7.1167884,0.12785477936267853,0.9317212104797363,0.6355618834495544
YOL132W,YML125C,0,-7.1168528,0.12782981991767883,0.9317212104797363,0.6357041001319885
YGL240W,YPL046C,1,-7.1176677,0.12800000607967377,0.933143675327301,0.6357041001319885
YHR175W,YGR161C-C,0,-7.117721,0.12797503173351288,0.933143675327301,0.6358463764190674
YNL048W,YIR023W,0,-7.1183224,0.12795007228851318,0.933143675327301,0.6359885931015015
YDL244W,YGR161C-C,0,-7.1184926,0.1279251128435135,0.933143675327301,0.6361308693885803
YNL021W,YNL240C,0,-7.118632,0.127900168299675,0.933143675327301,0.6362730860710144
YBL105C,YDL124W,0,-7.118804,0.12787523865699768,0.933143675327301,0.6364153623580933
YMR149W,YCR102C,0,-7.1194177,0.12785032391548157,0.933143675327301,0.6365576386451721
YMR177W,YBL052C,0,-7.1205144,0.12782540917396545,0.933143675327301,0.6366998553276062
YJR110W,YHR105W,0,-7.1211905,0.12780050933361053,0.933143675327301,0.6368421316146851
YPR128C,YBR175W,0,-7.121636,0.12777560949325562,0.933143675327301,0.6369843482971191
YBR298C,YIL069C,0,-7.1229186,0.1277507245540619,0.933143675327301,0.637126624584198
YBR010W,YML011C,0,-7.1229386,0.12772585451602936,0.933143675327301,0.6372688412666321
YHR116W,YNL054W-B,0,-7.123051,0.12770099937915802,0.933143675327301,0.6374111175537109
YOL126C,YBL100W-B,0,-7.1234536,0.12767614424228668,0.933143675327301,0.637553334236145
YDR217C,YLL014W,0,-7.1234756,0.12765128910541534,0.933143675327301,0.6376956105232239
YER055C,YBR016W,0,-7.125647,0.1276264637708664,0.933143675327301,0.637837827205658
YKR034W,YML072C,0,-7.125662,0.12760163843631744,0.933143675327301,0.6379801034927368
YGR074W,YDR261C-C,0,-7.126218,0.1275768131017685,0.933143675327301,0.6381223201751709
YLR459W,YJR007W,0,-7.1262927,0.12755201756954193,0.933143675327301,0.6382645964622498
YOL095C,YDL229W,0,-7.1271205,0.12752722203731537,0.933143675327301,0.6384068131446838
YER170W,YOR116C,0,-7.1272607,0.1275024265050888,0.933143675327301,0.6385490894317627
YJR059W,YNL054W-B,0,-7.12816,0.12747764587402344,0.933143675327301,0.6386913061141968
YBR103W,YPR114W,0,-7.1282845,0.12745288014411926,0.933143675327301,0.6388335824012756
YOR353C,YCL074W,0,-7.1295576,0.12742812931537628,0.933143675327301,0.6389757990837097
YJR007W,YPR137C-B,0,-7.129667,0.1274033784866333,0.933143675327301,0.6391180753707886
YBR038W,YHL048W,0,-7.1301713,0.1273786425590515,0.933143675327301,0.6392602920532227
YLR242C,YOR151C,0,-7.1303024,0.12735390663146973,0.933143675327301,0.6394025683403015
YPL138C,YCL074W,0,-7.1311235,0.12732918560504913,0.933143675327301,0.6395447850227356
YBL052C,YLR237W,0,-7.1311774,0.12730447947978973,0.933143675327301,0.6396870613098145
YAL011W,YOR008C-A,0,-7.131601,0.12727978825569153,0.933143675327301,0.6398292779922485
YJR110W,YPR098C,0,-7.1318398,0.12725509703159332,0.933143675327301,0.6399715542793274
YDR383C,YDL118W,0,-7.13192,0.12723040580749512,0.933143675327301,0.6401137709617615
YPL232W,YHR003C,0,-7.1324253,0.1272057443857193,0.933143675327301,0.6402560472488403
YNL037C,YPR137W,0,-7.133974,0.12718108296394348,0.933143675327301,0.6403982639312744
YLL014W,YPL141C,0,-7.134087,0.12715642154216766,0.933143675327301,0.6405405402183533
YDR511W,YNL054W-B,0,-7.1340923,0.12713178992271423,0.933143675327301,0.6406828165054321
YGL077C,YOR192C-B,0,-7.134873,0.1271071434020996,0.933143675327301,0.6408250331878662
YJL092W,YKR062W,0,-7.134997,0.12708252668380737,0.933143675327301,0.6409673094749451
YLR370C,YPR137W,0,-7.135052,0.12705790996551514,0.933143675327301,0.6411095261573792
YDR385W,YDR407C,0,-7.135323,0.1270333081483841,0.933143675327301,0.641251802444458
YDR116C,YBR293W,0,-7.1354365,0.12700870633125305,0.933143675327301,0.6413940191268921
YKL007W,YER137C-A,0,-7.1357946,0.1269841343164444,0.933143675327301,0.641536295413971
YGR094W,YIL177C,0,-7.136605,0.12695954740047455,0.933143675327301,0.641678512096405
YNL147W,YHR088W,0,-7.1366696,0.1269349902868271,0.933143675327301,0.6418207883834839
YKL019W,YHR041C,0,-7.137031,0.12691043317317963,0.933143675327301,0.641963005065918
YJR059W,YDR023W,0,-7.1375,0.12688587605953217,0.933143675327301,0.6421052813529968
YGL183C,YMR228W,0,-7.138551,0.1268613487482071,0.933143675327301,0.6422474980354309
YPL176C,YDR131C,1,-7.13869,0.1270301640033722,0.9345661401748657,0.6422474980354309
YMR276W,YPL176C,1,-7.1389313,0.12719891965389252,0.9359886050224304,0.6422474980354309
YER095W,YDL210W,0,-7.139217,0.12717433273792267,0.9359886050224304,0.6423897743225098
YER141W,YML051W,0,-7.1395793,0.127149760723114,0.9359886050224304,0.6425319910049438
YDR299W,YNL139C,0,-7.1396756,0.12712518870830536,0.9359886050224304,0.6426742672920227
YOR371C,YKL212W,0,-7.139751,0.1271006315946579,0.9359886050224304,0.6428164839744568
YNL072W,YJR019C,0,-7.1399417,0.12707608938217163,0.9359886050224304,0.6429587602615356
YJL168C,YER160C,0,-7.1404986,0.12705154716968536,0.9359886050224304,0.6431009769439697
YDR399W,YPR137C-B,0,-7.141948,0.1270270198583603,0.9359886050224304,0.6432432532310486
YOR374W,YOR058C,0,-7.1421695,0.1270025074481964,0.9359886050224304,0.6433854699134827
YKR049C,YKR078W,0,-7.142327,0.12697799503803253,0.9359886050224304,0.6435277462005615
YOR244W,YPL183W-A,0,-7.1425734,0.12695349752902985,0.9359886050224304,0.6436699628829956
YHR120W,YDL244W,0,-7.1426806,0.12692901492118835,0.9359886050224304,0.6438122391700745
YER122C,YMR008C,0,-7.143169,0.12690453231334686,0.9359886050224304,0.6439544558525085
YMR189W,YOR311C,0,-7.1436305,0.12688006460666656,0.9359886050224304,0.6440967321395874
YPL138C,YDR395W,0,-7.1437063,0.12685559689998627,0.9359886050224304,0.6442389488220215
YGR295C,YML100W,0,-7.1441145,0.12683114409446716,0.9359886050224304,0.6443812251091003
YLR401C,YKL117W,0,-7.1444583,0.12680670619010925,0.9359886050224304,0.6445234417915344
YOR274W,YMR293C,0,-7.1446824,0.12678226828575134,0.9359886050224304,0.6446657180786133
YAL048C,YJL025W,0,-7.1455617,0.12675784528255463,0.9359886050224304,0.6448079943656921
YBR168W,YHR003C,0,-7.1468244,0.1267334371805191,0.9359886050224304,0.6449502110481262
YLR293C,YGL137W,0,-7.147369,0.12670902907848358,0.9359886050224304,0.6450924873352051
YLR060W,YMR268C,0,-7.1495223,0.12668463587760925,0.9359886050224304,0.6452347040176392
YLL018C-A,YGR089W,0,-7.1499352,0.12666025757789612,0.9359886050224304,0.645376980304718
YDR295C,YLL011W,0,-7.1499743,0.12663587927818298,0.9359886050224304,0.6455191969871521
YOR374W,YDL180W,0,-7.1509023,0.12661150097846985,0.9359886050224304,0.645661473274231
YDR113C,YJL052W,0,-7.1510673,0.1265871524810791,0.9359886050224304,0.645803689956665
YGL058W,YBR082C,1,-7.151403,0.12675514817237854,0.9374110698699951,0.645803689956665
YKL146W,YJL216C,0,-7.151696,0.1267307698726654,0.9374110698699951,0.6459459662437439
YNL091W,YBR028C,0,-7.152109,0.12670640647411346,0.9374110698699951,0.646088182926178
YKR048C,YJL109C,0,-7.1527762,0.12668204307556152,0.9374110698699951,0.6462304592132568
YNR021W,YOR192C-B,0,-7.15302,0.12665769457817078,0.9374110698699951,0.6463726758956909
YBR291C,YFL005W,0,-7.1530776,0.12663336098194122,0.9374110698699951,0.6465149521827698
YMR038C,YPR074C,0,-7.153476,0.12660902738571167,0.9374110698699951,0.6466571688652039
YOR037W,YIR018W,0,-7.153768,0.1265847086906433,0.9374110698699951,0.6467994451522827
YER154W,YDR388W,0,-7.154259,0.12656040489673615,0.9374110698699951,0.6469416618347168
YFL025C,YPL176C,1,-7.1545615,0.1267281174659729,0.9388335943222046,0.6469416618347168
YKR049C,YGR154C,0,-7.1546106,0.12670378386974335,0.9388335943222046,0.6470839381217957
YKR102W,YDR238C,0,-7.155289,0.126679465174675,0.9388335943222046,0.6472261548042297
YMR199W,YLR394W,0,-7.1570716,0.12665514647960663,0.9388335943222046,0.6473684310913086
YKL170W,YDR481C,0,-7.157415,0.12663085758686066,0.9388335943222046,0.6475106477737427
YCL024W,YKL028W,0,-7.157537,0.1266065537929535,0.9388335943222046,0.6476529240608215
YMR068W,YCR046C,0,-7.15802,0.1265822798013687,0.9388335943222046,0.6477951407432556
YGL001C,YDR128W,0,-7.158491,0.12655800580978394,0.9388335943222046,0.6479374170303345
YDR320C,YDR262W,0,-7.1585903,0.12653374671936035,0.9388335943222046,0.6480796337127686
YLL018C-A,YPR140W,0,-7.159855,0.12650948762893677,0.9388335943222046,0.6482219099998474
YIL019W,YPL162C,0,-7.1601486,0.12648524343967438,0.9388335943222046,0.6483641266822815
YKL184W,YOR192C-B,0,-7.1602693,0.12646101415157318,0.9388335943222046,0.6485064029693604
YHR044C,YNL031C,0,-7.1612296,0.12643678486347198,0.9388335943222046,0.6486486196517944
YBL040C,YLR430W,0,-7.1622972,0.12641257047653198,0.9388335943222046,0.6487908959388733
YNL110C,YDL124W,0,-7.162708,0.12638835608959198,0.9388335943222046,0.6489331722259521
YGL077C,YKR059W,0,-7.163468,0.12636415660381317,0.9388335943222046,0.6490753889083862
YLR355C,YNL061W,0,-7.165109,0.12633997201919556,0.9388335943222046,0.6492176651954651
YCR075C,YKR095W-A,0,-7.16695,0.12631578743457794,0.9388335943222046,0.6493598818778992
YOL139C,YOR045W,0,-7.1672597,0.12629161775112152,0.9388335943222046,0.649502158164978
YMR011W,YMR060C,0,-7.167444,0.1262674629688263,0.9388335943222046,0.6496443748474121
YAL039C,YIL147C,0,-7.1676545,0.12624330818653107,0.9388335943222046,0.649786651134491
YHR037W,YFL052W,0,-7.1676974,0.12621916830539703,0.9388335943222046,0.649928867816925
YMR199W,YGL122C,0,-7.1681113,0.126195028424263,0.9388335943222046,0.6500711441040039
YPR081C,YJL141C,0,-7.168484,0.12617090344429016,0.9388335943222046,0.650213360786438
YLR316C,YPR003C,0,-7.1689973,0.12614679336547852,0.9388335943222046,0.6503556370735168
YMR128W,YOR270C,0,-7.169295,0.12612268328666687,0.9388335943222046,0.6504978537559509
YPL193W,YLL014W,0,-7.1695127,0.12609858810901642,0.9388335943222046,0.6506401300430298
YHR001W-A,YER159C-A,0,-7.1700177,0.12607449293136597,0.9388335943222046,0.6507823467254639
YGL209W,YDL010W,0,-7.1712403,0.1260504275560379,0.9388335943222046,0.6509246230125427
YER013W,YPL083C,0,-7.1712694,0.12602634727954865,0.9388335943222046,0.6510668396949768
YPL127C,YBL100W-B,0,-7.1716614,0.12600229680538177,0.9388335943222046,0.6512091159820557
YLR210W,YLR315W,0,-7.171969,0.1259782463312149,0.9388335943222046,0.6513513326644897
YBR050C,YLR316C,0,-7.172709,0.12595419585704803,0.9388335943222046,0.6514936089515686
YLR210W,YDR465C,0,-7.1730146,0.12593016028404236,0.9388335943222046,0.6516358256340027
YGL045W,YGR195W,0,-7.173328,0.12590613961219788,0.9388335943222046,0.6517781019210815
YGL209W,YNL236W,0,-7.1735997,0.1258821338415146,0.9388335943222046,0.6519203186035156
YDR106W,YKR078W,0,-7.1756415,0.1258581280708313,0.9388335943222046,0.6520625948905945
YAL039C,YBR127C,0,-7.1769767,0.125834122300148,0.9388335943222046,0.6522048115730286
YOR098C,YBR058C,0,-7.1785913,0.1258101463317871,0.9388335943222046,0.6523470878601074
YOL049W,YFL011W,0,-7.179381,0.1257861703634262,0.9388335943222046,0.6524893045425415
YKR034W,YKL138C-A,0,-7.179403,0.1257621943950653,0.9388335943222046,0.6526315808296204
YGL055W,YBR168W,0,-7.1806655,0.1257382333278656,0.9388335943222046,0.6527737975120544
YHR034C,YNL072W,0,-7.1807866,0.1257142871618271,0.9388335943222046,0.6529160737991333
YPL196W,YHR041C,0,-7.181271,0.12569034099578857,0.9388335943222046,0.6530583500862122
YGR183C,YCR043C,0,-7.182423,0.12566640973091125,0.9388335943222046,0.6532005667686462
YHR200W,YDR002W,1,-7.183328,0.12583285570144653,0.9402560591697693,0.6532005667686462
YBR230C,YOR182C,0,-7.1835065,0.12580890953540802,0.9402560591697693,0.6533428430557251
YJL092W,YGR074W,0,-7.1836977,0.1257849633693695,0.9402560591697693,0.6534850597381592
YFL010W-A,YFL052W,0,-7.1842036,0.1257610321044922,0.9402560591697693,0.653627336025238
YMR280C,YJR016C,0,-7.184733,0.12573711574077606,0.9402560591697693,0.6537695527076721
YOR025W,YIL138C,0,-7.185274,0.12571319937705994,0.9402560591697693,0.653911828994751
YCR057C,YKL094W,0,-7.1853585,0.125689297914505,0.9402560591697693,0.6540540456771851
YPR035W,YMR298W,0,-7.1854672,0.12566539645195007,0.9402560591697693,0.6541963219642639
YLR071C,YNL222W,0,-7.1859736,0.12564150989055634,0.9402560591697693,0.654338538646698
YJL208C,YLL024C,0,-7.1864066,0.1256176382303238,0.9402560591697693,0.6544808149337769
YLR264W,YPR137C-B,0,-7.187227,0.12559376657009125,0.9402560591697693,0.6546230316162109
YLR210W,YJL172W,0,-7.187553,0.1255699098110199,0.9402560591697693,0.6547653079032898
YBR078W,YHR063C,0,-7.188561,0.12554605305194855,0.9402560591697693,0.6549075245857239
YPL028W,YPL231W,0,-7.188619,0.1255222111940384,0.9402560591697693,0.6550498008728027
YJL039C,YGL246C,0,-7.189326,0.12549838423728943,0.9402560591697693,0.6551920175552368
YFR032C-A,YGR002C,0,-7.1897025,0.12547455728054047,0.9402560591697693,0.6553342938423157
YGR075C,YMR194W,0,-7.190649,0.1254507452249527,0.9402560591697693,0.6554765105247498
YDR143C,YMR214W,1,-7.19105,0.12561669945716858,0.941678524017334,0.6554765105247498
YER044C-A,YLR346C,0,-7.191995,0.12559287250041962,0.941678524017334,0.6556187868118286
YLL045C,YPL232W,0,-7.1933174,0.12556904554367065,0.941678524017334,0.6557610034942627
YNL072W,YOR230W,0,-7.1939225,0.12554523348808289,0.941678524017334,0.6559032797813416
YGL187C,YGR152C,0,-7.194022,0.12552142143249512,0.941678524017334,0.6560454964637756
YCR065W,YGL183C,0,-7.1952014,0.12549762427806854,0.941678524017334,0.6561877727508545
YDR155C,YMR162C,0,-7.196379,0.12547384202480316,0.941678524017334,0.6563299894332886
YGR061C,YNR012W,0,-7.1974955,0.12545005977153778,0.941678524017334,0.6564722657203674
YOR233W,YOR214C,0,-7.197893,0.1254262924194336,0.941678524017334,0.6566144824028015
YFL025C,YJL073W,1,-7.198585,0.1255919635295868,0.9431009888648987,0.6566144824028015
YNR010W,YGL183C,0,-7.199054,0.1255681812763214,0.9431009888648987,0.6567567586898804
YHR013C,YBR222C,0,-7.199132,0.12554439902305603,0.9431009888648987,0.6568989753723145
YNL244C,YLL023C,0,-7.1994,0.12552063167095184,0.9431009888648987,0.6570412516593933
YLR291C,YLR209C,0,-7.1994147,0.12549687922000885,0.9431009888648987,0.6571835279464722
YFL057C,YOR151C,0,-7.1994386,0.12547312676906586,0.9431009888648987,0.6573257446289062
YPR133W-A,YBL005W-B,0,-7.19952,0.12544938921928406,0.9431009888648987,0.6574680209159851
YER055C,YGR185C,0,-7.199803,0.12542565166950226,0.9431009888648987,0.6576102375984192
YOR311C,YPR140W,0,-7.1999183,0.12540192902088165,0.9431009888648987,0.657752513885498
YDR309C,YJL109C,0,-7.1999927,0.12537822127342224,0.9431009888648987,0.6578947305679321
YCL004W,YOR116C,0,-7.200234,0.12535451352596283,0.9431009888648987,0.658037006855011
YOR129C,YPL206C,0,-7.2002783,0.12533080577850342,0.9431009888648987,0.6581792235374451
YBL035C,YGR203W,0,-7.200627,0.1253071278333664,0.9431009888648987,0.6583214998245239
YDL244W,YGL104C,0,-7.200709,0.12528344988822937,0.9431009888648987,0.658463716506958
YDL240W,YHL008C,0,-7.201333,0.12525977194309235,0.9431009888648987,0.6586059927940369
YHR204W,YDR143C,1,-7.2031116,0.12542501091957092,0.9445234537124634,0.6586059927940369
YIL006W,YNR024W,0,-7.20377,0.1254013180732727,0.9445234537124634,0.658748209476471
YGL049C,YDR120C,0,-7.205254,0.12537764012813568,0.9445234537124634,0.6588904857635498
YMR229C,YML025C,0,-7.2053375,0.12535397708415985,0.9445234537124634,0.6590327024459839
YLR160C,YGL137W,0,-7.205889,0.12533031404018402,0.9445234537124634,0.6591749787330627
YLR131C,YCL032W,0,-7.2061725,0.12530666589736938,0.9445234537124634,0.6593171954154968
YNL005C,YHR069C,0,-7.2064166,0.12528301775455475,0.9445234537124634,0.6594594717025757
YGR200C,YAL016W,0,-7.2066054,0.1252593845129013,0.9445234537124634,0.6596016883850098
YOL126C,YHR088W,0,-7.206639,0.12523576617240906,0.9445234537124634,0.6597439646720886
YLR329W,YGR005C,0,-7.2076273,0.1252121478319168,0.9445234537124634,0.6598861813545227
YJL213W,YPL141C,0,-7.208573,0.12518854439258575,0.9445234537124634,0.6600284576416016
YOR232W,YPL022W,0,-7.2087474,0.1251649409532547,0.9445234537124634,0.6601706743240356
YAL059W,YLR316C,0,-7.2104154,0.12514135241508484,0.9445234537124634,0.6603129506111145
YOR025W,YGR027C,0,-7.211876,0.12511776387691498,0.9445234537124634,0.6604551672935486
YGR140W,YHR048W,0,-7.21199,0.1250941902399063,0.9445234537124634,0.6605974435806274
YJR097W,YLR240W,0,-7.2128096,0.12507063150405884,0.9445234537124634,0.6607396602630615
YGL122C,YOR228C,0,-7.2131543,0.12504708766937256,0.9445234537124634,0.6608819365501404
YPL255W,YER074W,0,-7.2138553,0.12502352893352509,0.9445234537124634,0.6610241532325745
YDR106W,YCR065W,0,-7.2149816,0.125,0.9445234537124634,0.6611664295196533
YNL111C,YNL201C,0,-7.215041,0.12497647106647491,0.9445234537124634,0.6613087058067322
YCR028C-A,YBR293W,0,-7.2152343,0.12495295703411102,0.9445234537124634,0.6614509224891663
YMR198W,YGR178C,0,-7.2152944,0.12492944300174713,0.9445234537124634,0.6615931987762451
YBR169C,YBR293W,0,-7.216801,0.12490594387054443,0.9445234537124634,0.6617354154586792
YDR113C,YGR170W,0,-7.216829,0.12488245218992233,0.9445234537124634,0.6618776917457581
YGR275W,YGR125W,0,-7.216939,0.12485896795988083,0.9445234537124634,0.6620199084281921
YIL019W,YBL002W,0,-7.2169414,0.12483549863100052,0.9445234537124634,0.662162184715271
YER122C,YKR078W,0,-7.2169585,0.12481202930212021,0.9445234537124634,0.6623044013977051
YPL079W,YPR003C,0,-7.218433,0.12478857487440109,0.9445234537124634,0.6624466776847839
YBR125C,YOR228C,0,-7.218977,0.12476512789726257,0.9445234537124634,0.662588894367218
YML092C,YDR143C,1,-7.219216,0.12492954730987549,0.9459459185600281,0.662588894367218
YIL079C,YDR470C,0,-7.219414,0.12490608543157578,0.9459459185600281,0.6627311706542969
YMR194W,YMR236W,0,-7.2203336,0.12488263100385666,0.9459459185600281,0.662873387336731
YCL038C,YNL240C,0,-7.2204576,0.12485918402671814,0.9459459185600281,0.6630156636238098
YDR234W,YNL005C,0,-7.221371,0.12483574450016022,0.9459459185600281,0.6631578803062439
YOR240W,YDR309C,0,-7.222057,0.12481231242418289,0.9459459185600281,0.6633001565933228
YOR058C,YPL019C,0,-7.2222323,0.12478888779878616,0.9459459185600281,0.6634423732757568
YLR181C,YOR228C,0,-7.222524,0.12476547807455063,0.9459459185600281,0.6635846495628357
YGL166W,YPL101W,0,-7.2234344,0.12474207580089569,0.9459459185600281,0.6637268662452698
YLL052C,YBR020W,0,-7.223662,0.12471868097782135,0.9459459185600281,0.6638691425323486
YCR046C,YDR234W,0,-7.2246103,0.1246952936053276,0.9459459185600281,0.6640113592147827
YBL068W,YPL232W,0,-7.225273,0.12467191368341446,0.9459459185600281,0.6641536355018616
YMR167W,YKL216W,0,-7.22535,0.1246485486626625,0.9459459185600281,0.6642958521842957
YLR329W,YHL044W,0,-7.225506,0.12462519109249115,0.9459459185600281,0.6644381284713745
YGL148W,YDR351W,0,-7.2260423,0.1246018335223198,0.9459459185600281,0.6645803451538086
YAL039C,YLR285W,0,-7.2269416,0.12457849085330963,0.9459459185600281,0.6647226214408875
YDR440W,YGR020C,0,-7.2269692,0.12455516308546066,0.9459459185600281,0.6648648381233215
YKL078W,YER160C,0,-7.2270203,0.1245318353176117,0.9459459185600281,0.6650071144104004
YOR295W,YER123W,0,-7.227444,0.12450852245092392,0.9459459185600281,0.6651493310928345
YHR107C,YNL111C,0,-7.2274528,0.12448520958423615,0.9459459185600281,0.6652916073799133
YOR037W,YKR056W,0,-7.2279058,0.12446191161870956,0.9459459185600281,0.6654338836669922
YMR139W,YPR114W,0,-7.2279654,0.12443862110376358,0.9459459185600281,0.6655761003494263
YKL200C,YGR132C,0,-7.2294793,0.1244153380393982,0.9459459185600281,0.6657183766365051
YGL025C,YPL141C,0,-7.2305264,0.124392069876194,0.9459459185600281,0.6658605933189392
YJL159W,YGR104C,0,-7.2315965,0.12436880171298981,0.9459459185600281,0.6660028696060181
YNL123W,YKR095W-A,0,-7.2321014,0.12434554845094681,0.9459459185600281,0.6661450862884521
YML071C,YEL048C,0,-7.2334113,0.1243223026394844,0.9459459185600281,0.666287362575531
YOL136C,YKL166C,0,-7.233728,0.1242990642786026,0.9459459185600281,0.6664295792579651
YOL054W,YFL037W,0,-7.2366166,0.12427583336830139,0.9459459185600281,0.666571855545044
YBR132C,YBR298C,0,-7.237293,0.12425261735916138,0.9459459185600281,0.666714072227478
YIR018W,YCR043C,0,-7.2385416,0.12422940135002136,0.9459459185600281,0.6668563485145569
YOR049C,YOR254C,0,-7.2398877,0.12420620024204254,0.9459459185600281,0.666998565196991
YDR128W,YPL141C,0,-7.241101,0.12418300658464432,0.9459459185600281,0.6671408414840698
YGL012W,YMR228W,0,-7.2417564,0.12415982037782669,0.9459459185600281,0.6672830581665039
YBR195C,YHR205W,0,-7.241863,0.12413664162158966,0.9459459185600281,0.6674253344535828
YOR173W,YNL304W,0,-7.2429495,0.12411347776651382,0.9459459185600281,0.6675675511360168
YLR430W,YHL008C,0,-7.2432547,0.12409031391143799,0.9459459185600281,0.6677098274230957
YOL012C,YBR152W,0,-7.2434826,0.12406716495752335,0.9459459185600281,0.6678520441055298
YNL037C,YMR008C,0,-7.2441792,0.1240440234541893,0.9459459185600281,0.6679943203926086
YGR104C,YGR125W,0,-7.2455797,0.12402088940143585,0.9459459185600281,0.6681365370750427
YKR100C,YHL044W,0,-7.246109,0.123997762799263,0.9459459185600281,0.6682788133621216
YFL029C,YCL024W,0,-7.2468014,0.12397464364767075,0.9459459185600281,0.6684210300445557
YJL010C,YKL216W,0,-7.2468224,0.12395153939723969,0.9459459185600281,0.6685633063316345
YHR062C,YLR042C,0,-7.2477336,0.12392843514680862,0.9459459185600281,0.6687055230140686
YKL192C,YLR165C,0,-7.2478423,0.12390534579753876,0.9459459185600281,0.6688477993011475
YML071C,YNR021W,0,-7.248406,0.12388226389884949,0.9459459185600281,0.6689900159835815
YOR208W,YBL005W-B,0,-7.2519927,0.12385918945074081,0.9459459185600281,0.6691322922706604
YHR104W,YLR430W,0,-7.252238,0.12383612990379333,0.9459459185600281,0.6692745089530945
YPL133C,YDR045C,0,-7.2523985,0.12381307035684586,0.9459459185600281,0.6694167852401733
YLR052W,YPL093W,0,-7.2531,0.12379002571105957,0.9459459185600281,0.6695590615272522
YHR194W,YDR452W,0,-7.253283,0.12376698106527328,0.9459459185600281,0.6697012782096863
YOR351C,YNL257C,0,-7.2537074,0.1237439513206482,0.9459459185600281,0.6698435544967651
YBL090W,YHR105W,0,-7.2547092,0.1237209290266037,0.9459459185600281,0.6699857711791992
YBR179C,YER175C,0,-7.254989,0.1236979141831398,0.9459459185600281,0.6701280474662781
YMR290C,YHL044W,0,-7.255022,0.1236749142408371,0.9459459185600281,0.6702702641487122
YDR395W,YLR316C,0,-7.255193,0.1236519142985344,0.9459459185600281,0.670412540435791
YHR059W,YPR178W,0,-7.255376,0.12362892925739288,0.9459459185600281,0.6705547571182251
YDR533C,YKR025W,0,-7.2561884,0.12360595166683197,0.9459459185600281,0.670697033405304
YDR470C,YJR041C,0,-7.256807,0.12358297407627106,0.9459459185600281,0.670839250087738
YGR214W,YML024W,0,-7.2574706,0.12356001138687134,0.9459459185600281,0.6709815263748169
YLR312W-A,YMR293C,0,-7.2574835,0.12353706359863281,0.9459459185600281,0.671123743057251
YKL152C,YDR494W,0,-7.257781,0.12351411581039429,0.9459459185600281,0.6712660193443298
YLR131C,YKL189W,0,-7.258041,0.12349118292331696,0.9459459185600281,0.6714082360267639
YOR374W,YDL098C,0,-7.2601924,0.12346825003623962,0.9459459185600281,0.6715505123138428
YKR102W,YPL162C,0,-7.2603207,0.12344533205032349,0.9459459185600281,0.6716927289962769
YOR306C,YCR009C,0,-7.260551,0.12342242151498795,0.9459459185600281,0.6718350052833557
YMR280C,YPR102C,0,-7.2614202,0.123399518430233,0.9459459185600281,0.6719772219657898
YFL050C,YDR100W,0,-7.262961,0.12337662279605865,0.9459459185600281,0.6721194982528687
YLL018C-A,YKR034W,0,-7.2638526,0.1233537346124649,0.9459459185600281,0.6722617149353027
YGL240W,YDR131C,1,-7.2642837,0.12351632118225098,0.9473684430122375,0.6722617149353027
YLR231C,YDR228C,0,-7.26479,0.12349341809749603,0.9473684430122375,0.6724039912223816
YMR068W,YNL016W,0,-7.2649627,0.12347052246332169,0.9473684430122375,0.6725462079048157
YPL018W,YIR004W,0,-7.2652955,0.12344763427972794,0.9473684430122375,0.6726884841918945
YOL101C,YDL124W,0,-7.265695,0.12342476099729538,0.9473684430122375,0.6728307008743286
YLR399C,YOL124C,0,-7.266123,0.12340188771486282,0.9473684430122375,0.6729729771614075
YOR299W,YPR133W-A,0,-7.2674155,0.12337902933359146,0.9473684430122375,0.6731151938438416
YOR234C,YLR005W,0,-7.267422,0.1233561784029007,0.9473684430122375,0.6732574701309204
YOL086C,YPL023C,0,-7.2682133,0.12333333492279053,0.9473684430122375,0.6733996868133545
YER017C,YML045W,0,-7.269133,0.12331049889326096,0.9473684430122375,0.6735419631004333
YPR010C,YMR216C,0,-7.2701216,0.12328767031431198,0.9473684430122375,0.6736842393875122
YKL053C-A,YOR010C,0,-7.271018,0.1232648491859436,0.9473684430122375,0.6738264560699463
YER069W,YDL140C,0,-7.2714133,0.12324204295873642,0.9473684430122375,0.6739687323570251
YJL159W,YDR533C,0,-7.271491,0.12321924418210983,0.9473684430122375,0.6741109490394592
YGL045W,YBL067C,0,-7.2715883,0.12319644540548325,0.9473684430122375,0.6742532253265381
YPR051W,YDR075W,0,-7.271633,0.12317366153001785,0.9473684430122375,0.6743954420089722
YDL192W,YKL028W,0,-7.2716584,0.12315088510513306,0.9473684430122375,0.674537718296051
YOL002C,YJL213W,0,-7.2719674,0.12312811613082886,0.9473684430122375,0.6746799349784851
YER122C,YPL085W,0,-7.272495,0.12310536205768585,0.9473684430122375,0.674822211265564
YBR245C,YER056C-A,0,-7.2726827,0.12308260798454285,0.9473684430122375,0.674964427947998
YPL008W,YNL199C,0,-7.272741,0.12305986881256104,0.9473684430122375,0.6751067042350769
YFL011W,YDR104C,0,-7.272816,0.12303712964057922,0.9473684430122375,0.675248920917511
YLR251W,YNR021W,0,-7.27286,0.1230144053697586,0.9473684430122375,0.6753911972045898
YMR256C,YJR070C,0,-7.2729363,0.12299168854951859,0.9473684430122375,0.6755334138870239
YCL011C,YGR094W,0,-7.2732124,0.12296897917985916,0.9473684430122375,0.6756756901741028
YGL148W,YBR014C,0,-7.2735353,0.12294627726078033,0.9473684430122375,0.6758179068565369
YDL137W,YHR194W,0,-7.2745395,0.1229235902428627,0.9473684430122375,0.6759601831436157
YMR038C,YDR023W,0,-7.2748075,0.12290090322494507,0.9473684430122375,0.6761023998260498
YBR222C,YOR018W,0,-7.2750154,0.12287823110818863,0.9473684430122375,0.6762446761131287
YMR256C,YGR192C,0,-7.275575,0.12285555899143219,0.9473684430122375,0.6763868927955627
YML006C,YDL119C,0,-7.275701,0.12283290177583694,0.9473684430122375,0.6765291690826416
YDR452W,YOR182C,0,-7.276301,0.1228102520108223,0.9473684430122375,0.6766713857650757
YDR098C,YIL177C,0,-7.27669,0.12278760969638824,0.9473684430122375,0.6768136620521545
YBR077C,YEL048C,0,-7.277234,0.12276497483253479,0.9473684430122375,0.6769558787345886
YBR214W,YDL229W,0,-7.2781634,0.12274235486984253,0.9473684430122375,0.6770981550216675
YER122C,YMR035W,0,-7.2781844,0.12271973490715027,0.9473684430122375,0.6772403717041016
YDR419W,YNL113W,0,-7.2785664,0.1226971223950386,0.9473684430122375,0.6773826479911804
YFL056C,YGL040C,0,-7.2794046,0.12267452478408813,0.9473684430122375,0.6775248646736145
YOR234C,YBR058C,0,-7.2802362,0.12265193462371826,0.9473684430122375,0.6776671409606934
YFL025C,YGL058W,1,-7.2815766,0.12281347811222076,0.9487909078598022,0.6776671409606934
YLR371W,YPL141C,0,-7.282588,0.1227908656001091,0.9487909078598022,0.6778094172477722
YLR357W,YBR169C,0,-7.2829657,0.12276826798915863,0.9487909078598022,0.6779516339302063
YLL027W,YLL024C,0,-7.2830133,0.12274567782878876,0.9487909078598022,0.6780939102172852
YER069W,YNL304W,0,-7.2846513,0.12272308766841888,0.9487909078598022,0.6782361268997192
YDR118W,YFL025C,1,-7.285394,0.12288447469472885,0.9502133727073669,0.6782361268997192
YDR481C,YIL006W,0,-7.2863708,0.12286186963319778,0.9502133727073669,0.6783784031867981
YIL079C,YGR167W,0,-7.2880163,0.12283927947282791,0.9502133727073669,0.6785206198692322
YGR213C,YHR041C,0,-7.2883477,0.12281669676303864,0.9502133727073669,0.678662896156311
YAR050W,YNL236W,0,-7.2903066,0.12279411405324936,0.9502133727073669,0.6788051128387451
YNL065W,YJL141C,0,-7.2905746,0.12277154624462128,0.9502133727073669,0.678947389125824
YBR010W,YOR230W,0,-7.2908955,0.12274898588657379,0.9502133727073669,0.6790896058082581
YOL126C,YCL032W,0,-7.2914114,0.1227264404296875,0.9502133727073669,0.6792318820953369
YIR022W,YJR019C,0,-7.291891,0.12270389497280121,0.9502133727073669,0.679374098777771
YKL078W,YMR162C,0,-7.2921853,0.12268135696649551,0.9502133727073669,0.6795163750648499
YOR080W,YMR268C,0,-7.293039,0.12265883386135101,0.9502133727073669,0.6796585917472839
YJR053W,YHL044W,0,-7.2932963,0.12263631075620651,0.9502133727073669,0.6798008680343628
YAL040C,YDL118W,0,-7.2947016,0.1226138025522232,0.9502133727073669,0.6799430847167969
YOR237W,YJL159W,0,-7.2951818,0.1225913017988205,0.9502133727073669,0.6800853610038757
YOR193W,YJL130C,0,-7.2975564,0.12256880849599838,0.9502133727073669,0.6802275776863098
YLR274W,YOR173W,0,-7.2976623,0.12254632264375687,0.9502133727073669,0.6803698539733887
YDR397C,YGR203W,0,-7.297783,0.12252384424209595,0.9502133727073669,0.6805120706558228
YDR252W,YPR033C,0,-7.298002,0.12250137329101562,0.9502133727073669,0.6806543469429016
YKR062W,YNL208W,0,-7.2988715,0.1224789172410965,0.9502133727073669,0.6807965636253357
YOL132W,YER095W,0,-7.299314,0.12245646119117737,0.9502133727073669,0.6809388399124146
YNL044W,YCL074W,0,-7.299602,0.12243402004241943,0.9502133727073669,0.6810810565948486
YBL027W,YDL119C,0,-7.299917,0.1224115788936615,0.9502133727073669,0.6812233328819275
YKR039W,YNL138W,0,-7.300014,0.12238915264606476,0.9502133727073669,0.6813655495643616
YLR242C,YHR001W-A,0,-7.300125,0.12236673384904861,0.9502133727073669,0.6815078258514404
YDR424C,YPL171C,0,-7.3003592,0.12234432250261307,0.9502133727073669,0.6816500425338745
YOL086C,YNL322C,0,-7.3005095,0.12232191860675812,0.9502133727073669,0.6817923188209534
YDR527W,YDL098C,0,-7.3014297,0.12229952216148376,0.9502133727073669,0.6819345951080322
YPL252C,YNR021W,0,-7.3023286,0.1222771406173706,0.9502133727073669,0.6820768117904663
YLR433C,YBR133C,0,-7.3024592,0.12225475907325745,0.9502133727073669,0.6822190880775452
YOR270C,YML027W,0,-7.3034883,0.12223238497972488,0.9502133727073669,0.6823613047599792
YKR049C,YKL094W,0,-7.3046675,0.12221002578735352,0.9502133727073669,0.6825035810470581
YAL048C,YGR074W,0,-7.305084,0.12218767404556274,0.9502133727073669,0.6826457977294922
YGL166W,YLR316C,0,-7.30533,0.12216532230377197,0.9502133727073669,0.682788074016571
YPL227C,YDR407C,0,-7.3061643,0.1221429854631424,0.9502133727073669,0.6829302906990051
YOR173W,YOR229W,0,-7.306477,0.12212065607309341,0.9502133727073669,0.683072566986084
YLR254C,YGR239C,0,-7.3067,0.12209833413362503,0.9502133727073669,0.6832147836685181
YOL077C,YKR085C,0,-7.30687,0.12207602709531784,0.9502133727073669,0.6833570599555969
YDL105W,YOL102C,0,-7.306997,0.12205372005701065,0.9502133727073669,0.683499276638031
YGR195W,YLL023C,0,-7.308332,0.12203142046928406,0.9502133727073669,0.6836415529251099
YGL145W,YPR098C,0,-7.308761,0.12200913578271866,0.9502133727073669,0.683783769607544
YLR430W,YBR028C,0,-7.3088646,0.12198685109615326,0.9502133727073669,0.6839260458946228
YDR025W,YDL118W,0,-7.3091207,0.12196458131074905,0.9502133727073669,0.6840682625770569
YER088C,YAL047C,0,-7.309341,0.12194231152534485,0.9502133727073669,0.6842105388641357
YML110C,YPR010C,0,-7.3094344,0.12192005664110184,0.9502133727073669,0.6843527555465698
YJL184W,YMR201C,0,-7.3095813,0.12189780920743942,0.9502133727073669,0.6844950318336487
YLR371W,YGR271C-A,0,-7.3097205,0.1218755692243576,0.9502133727073669,0.6846372485160828
YHR121W,YDL244W,0,-7.3103013,0.12185333669185638,0.9502133727073669,0.6847795248031616
YOR208W,YNR073C,0,-7.310869,0.12183111160993576,0.9502133727073669,0.6849217414855957
YKL053C-A,YPL079W,0,-7.3110766,0.12180890142917633,0.9502133727073669,0.6850640177726746
YKL019W,YEL054C,0,-7.3113036,0.1217866912484169,0.9502133727073669,0.6852062344551086
YGR133W,YKL019W,0,-7.311573,0.12176448851823807,0.9502133727073669,0.6853485107421875
YOR230W,YML025C,0,-7.3119473,0.12174230068922043,0.9502133727073669,0.6854907274246216
YPL207W,YDR128W,0,-7.3123326,0.12172012031078339,0.9502133727073669,0.6856330037117004
YJR094C,YDR156W,0,-7.3130755,0.12169793993234634,0.9502133727073669,0.6857752203941345
YDR399W,YOR311C,0,-7.314036,0.1216757744550705,0.9502133727073669,0.6859174966812134
YJR089W,YHR005C-A,0,-7.3140955,0.12165361642837524,0.9502133727073669,0.6860597729682922
YPR103W,YDR143C,1,-7.3150935,0.12181355059146881,0.9516358375549316,0.6860597729682922
YOR232W,YPL252C,0,-7.315268,0.12179137021303177,0.9516358375549316,0.6862019896507263
YHR102W,YPL234C,0,-7.3154364,0.12176920473575592,0.9516358375549316,0.6863442659378052
YKL078W,YDR501W,0,-7.3160853,0.12174703925848007,0.9516358375549316,0.6864864826202393
YNR016C,YPR035W,0,-7.3166256,0.12172488868236542,0.9516358375549316,0.6866287589073181
YOL023W,YMR183C,0,-7.3166275,0.12170274555683136,0.9516358375549316,0.6867709755897522
YDR399W,YGR023W,0,-7.319408,0.1216806098818779,0.9516358375549316,0.686913251876831
YER166W,YEL054C,0,-7.3207755,0.12165848165750504,0.9516358375549316,0.6870554685592651
YAL059W,YFR006W,0,-7.321243,0.12163636088371277,0.9516358375549316,0.687197744846344
YJR097W,YDR073W,0,-7.3213005,0.1216142550110817,0.9516358375549316,0.6873399615287781
YML042W,YLR285W,0,-7.3223405,0.12159214913845062,0.9516358375549316,0.6874822378158569
YNL169C,YHR167W,0,-7.322739,0.12157005071640015,0.9516358375549316,0.687624454498291
YBR230C,YKR025W,0,-7.3228865,0.12154796719551086,0.9516358375549316,0.6877667307853699
YDR155C,YBR268W,0,-7.3232465,0.12152588367462158,0.9516358375549316,0.687908947467804
YOR374W,YAL040C,0,-7.3244452,0.1215038150548935,0.9516358375549316,0.6880512237548828
YMR068W,YCR102C,0,-7.325376,0.121481753885746,0.9516358375549316,0.6881934404373169
YMR032W,YJR126C,0,-7.3287425,0.12145969271659851,0.9516358375549316,0.6883357167243958
YER044C-A,YGL226C-A,0,-7.329206,0.12143764644861221,0.9516358375549316,0.6884779334068298
YNR016C,YJR089W,0,-7.330278,0.12141560763120651,0.9516358375549316,0.6886202096939087
YNL244C,YOL028C,0,-7.330464,0.12139357626438141,0.9516358375549316,0.6887624263763428
YPL078C,YHR003C,0,-7.330792,0.1213715523481369,0.9516358375549316,0.6889047026634216
YNL053W,YDR023W,0,-7.330853,0.12134953588247299,0.9516358375549316,0.6890469193458557
YGL187C,YPR043W,0,-7.3322043,0.12132752686738968,0.9516358375549316,0.6891891956329346
YBR268W,YNL061W,0,-7.332314,0.12130553275346756,0.9516358375549316,0.6893314123153687
YKR025W,YGR005C,0,-7.3324666,0.12128353863954544,0.9516358375549316,0.6894736886024475
YLL052C,YCL004W,0,-7.3327165,0.12126155197620392,0.9516358375549316,0.6896159052848816
YDR182W,YDR365C,0,-7.332905,0.12123958021402359,0.9516358375549316,0.6897581815719604
YCL026C-A,YMR099C,0,-7.3331347,0.12121760845184326,0.9516358375549316,0.6899003982543945
YAL040C,YBL002W,0,-7.3344674,0.12119565159082413,0.9516358375549316,0.6900426745414734
YKL152C,YDL168W,0,-7.335111,0.12117370218038559,0.9516358375549316,0.6901849508285522
YJR050W,YGL183C,0,-7.3351307,0.12115176022052765,0.9516358375549316,0.6903271675109863
YNL065W,YOL125W,0,-7.3366303,0.12112981826066971,0.9516358375549316,0.6904694437980652
YLR254C,YLL012W,0,-7.3368134,0.12110789120197296,0.9516358375549316,0.6906116604804993
YKL184W,YGR192C,0,-7.336868,0.12108597159385681,0.9516358375549316,0.6907539367675781
YGR142W,YBR179C,0,-7.3374405,0.12106405943632126,0.9516358375549316,0.6908961534500122
YER055C,YIL026C,0,-7.337543,0.1210421547293663,0.9516358375549316,0.6910384297370911
YDR123C,YLR360W,0,-7.337997,0.12102025747299194,0.9516358375549316,0.6911806464195251
YPL173W,YHR106W,0,-7.3381166,0.12099837511777878,0.9516358375549316,0.691322922706604
YCR028C-A,YCR045C,0,-7.338736,0.12097649276256561,0.9516358375549316,0.6914651393890381
YHR116W,YGR152C,0,-7.3391685,0.12095461785793304,0.9516358375549316,0.6916074156761169
YLR206W,YLR264W,0,-7.339406,0.12093275785446167,0.9516358375549316,0.691749632358551
YMR150C,YER110C,0,-7.339642,0.1209108978509903,0.9516358375549316,0.6918919086456299
YOR098C,YLL014W,0,-7.340868,0.12088905274868011,0.9516358375549316,0.692034125328064
YLR393W,YGL160W,0,-7.3413005,0.12086720764636993,0.9516358375549316,0.6921764016151428
YKL078W,YGR154C,0,-7.343207,0.12084537744522095,0.9516358375549316,0.6923186182975769
YOR151C,YLR378C,0,-7.343785,0.12082354724407196,0.9516358375549316,0.6924608945846558
YOR374W,YMR316W,0,-7.344938,0.12080173194408417,0.9516358375549316,0.6926031112670898
YJR066W,YBL113C,0,-7.345028,0.12077992409467697,0.9516358375549316,0.6927453875541687
YKR048C,YPR110C,0,-7.346748,0.12075812369585037,0.9516358375549316,0.6928876042366028
YFL050C,YBR141C,0,-7.347265,0.12073633074760437,0.9516358375549316,0.6930298805236816
YOL139C,YPL162C,0,-7.34767,0.12071454524993896,0.9516358375549316,0.6931720972061157
YKL152C,YBR298C,0,-7.3481793,0.12069276720285416,0.9516358375549316,0.6933143734931946
YHR088W,YLR197W,0,-7.3487263,0.12067099660634995,0.9516358375549316,0.6934565901756287
YDL130W-A,YBR175W,0,-7.3493967,0.12064923346042633,0.9516358375549316,0.6935988664627075
YOR010C,YPR139C,0,-7.3497205,0.12062747776508331,0.9516358375549316,0.6937410831451416
YIL121W,YPL252C,0,-7.3527303,0.12060572952032089,0.9516358375549316,0.6938833594322205
YHR088W,YPL206C,0,-7.353902,0.12058399617671967,0.9516358375549316,0.6940255761146545
YBR018C,YCR043C,0,-7.354599,0.12056226283311844,0.9516358375549316,0.6941678524017334
YDR399W,YOL028C,0,-7.355235,0.12054053694009781,0.9516358375549316,0.6943101286888123
YHR024C,YOL080C,0,-7.355477,0.12051882594823837,0.9516358375549316,0.6944523453712463
YMR023C,YBR066C,0,-7.3557363,0.12049711495637894,0.9516358375549316,0.6945946216583252
YGR048W,YDR002W,1,-7.3558173,0.12065549939870834,0.9530583024024963,0.6945946216583252
YNL327W,YFR010W,0,-7.356934,0.12063378095626831,0.9530583024024963,0.6947368383407593
YNL227C,YBR083W,0,-7.3577046,0.12061206251382828,0.9530583024024963,0.6948791146278381
YER122C,YJL109C,0,-7.3591223,0.12059035152196884,0.9530583024024963,0.6950213313102722
YDL240W,YLR222C,0,-7.362319,0.1205686554312706,0.9530583024024963,0.6951636075973511
YDR221W,YOL067C,0,-7.362348,0.12054695934057236,0.9530583024024963,0.6953058242797852
YOR080W,YDL140C,0,-7.362798,0.12052527070045471,0.9530583024024963,0.695448100566864
YDL079C,YDL043C,0,-7.3637395,0.12050359696149826,0.9530583024024963,0.6955903172492981
YDR012W,YJR007W,0,-7.3658395,0.1204819306731224,0.9530583024024963,0.695732593536377
YNL201C,YIR026C,0,-7.366488,0.12046026438474655,0.9530583024024963,0.695874810218811
YLR430W,YGR074W,0,-7.366682,0.12043861299753189,0.9530583024024963,0.6960170865058899
YAL058W,YDR143C,1,-7.3698936,0.12059669196605682,0.954480767250061,0.6960170865058899
YML072C,YDL119C,0,-7.3699203,0.12057502567768097,0.954480767250061,0.696159303188324
YER056C,YBR016W,0,-7.370131,0.12055335938930511,0.954480767250061,0.6963015794754028
YDR309C,YMR099C,0,-7.37124,0.12053170800209045,0.954480767250061,0.6964437961578369
YHR058C,YMR268C,0,-7.3732343,0.1205100566148758,0.954480767250061,0.6965860724449158
YCR089W,YDL208W,0,-7.373509,0.12048842012882233,0.954480767250061,0.6967282891273499
YDL119C,YGR203W,0,-7.374206,0.12046678364276886,0.954480767250061,0.6968705654144287
YJL033W,YNL031C,0,-7.3743043,0.12044516205787659,0.954480767250061,0.6970127820968628
YLR085C,YGL226C-A,0,-7.3745666,0.12042354792356491,0.954480767250061,0.6971550583839417
YBR198C,YBR139W,0,-7.3751965,0.12040194123983383,0.954480767250061,0.6972972750663757
YCR065W,YLR346C,0,-7.375671,0.12038033455610275,0.954480767250061,0.6974395513534546
YPL022W,YLR154C,0,-7.3768353,0.12035874277353287,0.954480767250061,0.6975817680358887
YJL129C,YER160C,0,-7.378121,0.12033715844154358,0.954480767250061,0.6977240443229675
YAL009W,YDR262W,0,-7.379811,0.12031558156013489,0.954480767250061,0.6978662610054016
YKL152C,YNR012W,0,-7.3804708,0.1202940121293068,0.954480767250061,0.6980085372924805
YPR192W,YLR378C,0,-7.380841,0.1202724501490593,0.954480767250061,0.6981507539749146
YOR018W,YMR229C,0,-7.381078,0.1202508956193924,0.954480767250061,0.6982930302619934
YLR008C,YPR178W,0,-7.381094,0.12022934854030609,0.954480767250061,0.6984353065490723
YIR034C,YEL020W-A,0,-7.382815,0.12020780891180038,0.954480767250061,0.6985775232315063
YBR146W,YOR124C,0,-7.3830814,0.12018627673387527,0.954480767250061,0.6987197995185852
YPL028W,YBR141C,0,-7.383793,0.12016475945711136,0.954480767250061,0.6988620162010193
YIL019W,YOR320C,0,-7.3849244,0.12014324218034744,0.954480767250061,0.6990042924880981
YJR016C,YPR043W,0,-7.38497,0.12012173235416412,0.954480767250061,0.6991465091705322
YGL058W,YDR363W-A,1,-7.385119,0.1202792227268219,0.9559032917022705,0.6991465091705322
YDL105W,YGL126W,0,-7.3852787,0.12025769799947739,0.9559032917022705,0.6992887854576111
YBR177C,YDL208W,0,-7.385545,0.12023618072271347,0.9559032917022705,0.6994310021400452
YDL161W,YDR115W,0,-7.3857265,0.12021467089653015,0.9559032917022705,0.699573278427124
YJL060W,YKL152C,0,-7.3865314,0.12019316852092743,0.9559032917022705,0.6997154951095581
YGL240W,YHR204W,1,-7.386764,0.12035050243139267,0.9573257565498352,0.6997154951095581
YIL043C,YPL123C,0,-7.387002,0.12032898515462875,0.9573257565498352,0.699857771396637
YBL005W,YGL145W,0,-7.388102,0.12030747532844543,0.9573257565498352,0.699999988079071
YOR193W,YBL067C,0,-7.3882194,0.12028597295284271,0.9573257565498352,0.7001422643661499
YAL039C,YOL155C,0,-7.389131,0.12026447802782059,0.9573257565498352,0.700284481048584
YHR102W,YDR025W,0,-7.3893414,0.12024299055337906,0.9573257565498352,0.7004267573356628
YBR066C,YKL196C,0,-7.3897657,0.12022151052951813,0.9573257565498352,0.7005689740180969
YIR023W,YMR268C,0,-7.3903127,0.12020003795623779,0.9573257565498352,0.7007112503051758
YGR208W,YNL007C,0,-7.391184,0.12017857283353806,0.9573257565498352,0.7008534669876099
YIL079C,YNL055C,0,-7.391193,0.12015711516141891,0.9573257565498352,0.7009957432746887
YDR317W,YNL208W,0,-7.391412,0.12013566493988037,0.9573257565498352,0.7011379599571228
YGR185C,YBL113C,0,-7.39146,0.12011422216892242,0.9573257565498352,0.7012802362442017
YCL026C-A,YDR309C,0,-7.3918934,0.12009279429912567,0.9573257565498352,0.7014224529266357
YLL018C-A,YMR228W,0,-7.392788,0.12007136642932892,0.9573257565498352,0.7015647292137146
YLR399C,YFR024C-A,0,-7.3930683,0.12004994601011276,0.9573257565498352,0.7017069458961487
YIR015W,YIL177C,0,-7.394488,0.1200285330414772,0.9573257565498352,0.7018492221832275
YLR222C,YGR203W,0,-7.395849,0.12000713497400284,0.9573257565498352,0.7019914388656616
YOR037W,YMR011W,0,-7.396483,0.11998573690652847,0.9573257565498352,0.7021337151527405
YNL111C,YDR435C,0,-7.3973794,0.1199643462896347,0.9573257565498352,0.7022759318351746
YDR243C,YGR091W,0,-7.398065,0.11994297057390213,0.9573257565498352,0.7024182081222534
YIL079C,YOL095C,0,-7.3986874,0.11992159485816956,0.9573257565498352,0.7025604844093323
YBR243C,YML045W,0,-7.3988633,0.11990023404359818,0.9573257565498352,0.7027027010917664
YPL275W,YCR045C,0,-7.3995366,0.1198788732290268,0.9573257565498352,0.7028449773788452
YGR295C,YCR065W,0,-7.40049,0.11985752731561661,0.9573257565498352,0.7029871940612793
YER013W,YNL016W,0,-7.4011035,0.11983618140220642,0.9573257565498352,0.7031294703483582
YPL253C,YOR229W,0,-7.4020996,0.11981485038995743,0.9573257565498352,0.7032716870307922
YLR242C,YBR066C,0,-7.402594,0.11979351937770844,0.9573257565498352,0.7034139633178711
YKR100C,YGR020C,0,-7.4028783,0.11977220326662064,0.9573257565498352,0.7035561800003052
YGL040C,YCR043C,0,-7.4036946,0.11975088715553284,0.9573257565498352,0.703698456287384
YPR102C,YDL112W,0,-7.403698,0.11972958594560623,0.9573257565498352,0.7038406729698181
YPL266W,YJL052W,0,-7.4041853,0.11970829218626022,0.9573257565498352,0.703982949256897
YLR088W,YLR448W,0,-7.4053354,0.11968699842691422,0.9573257565498352,0.704125165939331
YDL137W,YNL322C,0,-7.405354,0.1196657195687294,0.9573257565498352,0.7042674422264099
YOR244W,YPL130W,0,-7.4060483,0.11964444816112518,0.9573257565498352,0.704409658908844
YDR158W,YLR071C,0,-7.4086957,0.11962317675352097,0.9573257565498352,0.7045519351959229
YOR375C,YNR017W,0,-7.409081,0.11960192024707794,0.9573257565498352,0.7046941518783569
YIL026C,YGR203W,0,-7.4091034,0.11958067119121552,0.9573257565498352,0.7048364281654358
YPL100W,YKR079C,0,-7.4096756,0.11955942213535309,0.9573257565498352,0.7049786448478699
YDR315C,YDR115W,0,-7.409973,0.11953818798065186,0.9573257565498352,0.7051209211349487
YBL090W,YDL118W,0,-7.4107623,0.11951696127653122,0.9573257565498352,0.7052631378173828
YGR167W,YNL244C,0,-7.411115,0.11949574202299118,0.9573257565498352,0.7054054141044617
YNL326C,YGR183C,0,-7.4112515,0.11947452276945114,0.9573257565498352,0.7055476307868958
YNL027W,YLR401C,0,-7.411771,0.1194533184170723,0.9573257565498352,0.7056899070739746
YDR075W,YBL068W,0,-7.412147,0.11943212151527405,0.9573257565498352,0.7058321237564087
YOR116C,YHR041C,0,-7.412164,0.1194109320640564,0.9573257565498352,0.7059744000434875
YKL053C-A,YNL016W,0,-7.41237,0.11938974261283875,0.9573257565498352,0.7061166167259216
YCR046C,YGR104C,0,-7.412923,0.11936856806278229,0.9573257565498352,0.7062588930130005
YBR058C,YLR042C,0,-7.413013,0.11934740096330643,0.9573257565498352,0.7064011096954346
YJR083C,YGR185C,0,-7.4132123,0.11932624131441116,0.9573257565498352,0.7065433859825134
YBR199W,YLR448W,0,-7.4150286,0.1193050891160965,0.9573257565498352,0.7066856622695923
YLR394W,YPL162C,0,-7.4150815,0.11928394436836243,0.9573257565498352,0.7068278789520264
YDR322W,YOR018W,0,-7.415791,0.11926280707120895,0.9573257565498352,0.7069701552391052
YHR194W,YML025C,0,-7.4175377,0.11924166977405548,0.9573257565498352,0.7071123719215393
YJR094W-A,YDR320C,0,-7.4179673,0.1192205473780632,0.9573257565498352,0.7072546482086182
YFR024C-A,YOL124C,0,-7.4186254,0.11919943243265152,0.9573257565498352,0.7073968648910522
YPR010C,YGR214W,0,-7.4190273,0.11917832493782043,0.9573257565498352,0.7075391411781311
YJL039C,YDL210W,0,-7.4197073,0.11915722489356995,0.9573257565498352,0.7076813578605652
YNL048W,YGL183C,0,-7.4199724,0.11913613229990005,0.9573257565498352,0.707823634147644
YGL246C,YBR141C,0,-7.4211535,0.11911504715681076,0.9573257565498352,0.7079658508300781
YNL021W,YNL227C,0,-7.421202,0.11909396201372147,0.9573257565498352,0.708108127117157
YDR419W,YGR185C,0,-7.421347,0.11907289177179337,0.9573257565498352,0.7082503437995911
YHR204W,YPL176C,1,-7.4217343,0.11922872811555862,0.9587482213973999,0.7082503437995911
YDR481C,YDR075W,0,-7.4222293,0.11920764297246933,0.9587482213973999,0.7083926200866699
YMR032W,YDL154W,0,-7.422544,0.11918655782938004,0.9587482213973999,0.708534836769104
YMR044W,YOR310C,0,-7.4231296,0.11916548758745193,0.9587482213973999,0.7086771130561829
YGR189C,YGR104C,0,-7.423181,0.11914442479610443,0.9587482213973999,0.7088193297386169
YPL266W,YMR298W,0,-7.425449,0.11912336200475693,0.9587482213973999,0.7089616060256958
YDR363W-A,YPL176C,1,-7.426469,0.11927902698516846,0.9601706862449646,0.7089616060256958
YBL105C,YNL016W,0,-7.4271965,0.11925794929265976,0.9601706862449646,0.7091038227081299
YOR173W,YGR154C,0,-7.429436,0.11923688650131226,0.9601706862449646,0.7092460989952087
YLR220W,YIR023W,0,-7.429705,0.11921582370996475,0.9601706862449646,0.7093883156776428
YOL010W,YDL119C,0,-7.43005,0.11919477581977844,0.9601706862449646,0.7095305919647217
YHR203C,YJR010C-A,0,-7.4304895,0.11917372792959213,0.9601706862449646,0.7096728086471558
YDR265W,YLL011W,0,-7.4321465,0.11915269494056702,0.9601706862449646,0.7098150849342346
YDR365C,YDR435C,0,-7.432939,0.1191316619515419,0.9601706862449646,0.7099573016166687
YAL054C,YLR043C,0,-7.4329667,0.11911064386367798,0.9601706862449646,0.7100995779037476
YPL119C,YKL152C,0,-7.4331183,0.11908962577581406,0.9601706862449646,0.7102417945861816
YJL033W,YDR334W,0,-7.433638,0.11906861513853073,0.9601706862449646,0.7103840708732605
YGR075C,YKR025W,0,-7.4346023,0.1190476194024086,0.9601706862449646,0.7105262875556946
YJR040W,YKR079C,0,-7.4346104,0.11902662366628647,0.9601706862449646,0.7106685638427734
YJR084W,YKL212W,0,-7.4347997,0.11900564283132553,0.9601706862449646,0.7108108401298523
YGL025C,YLR042C,0,-7.4348207,0.1189846619963646,0.9601706862449646,0.7109530568122864
YCR002C,YBR028C,0,-7.435202,0.11896369606256485,0.9601706862449646,0.7110953330993652
YDR172W,YKL028W,0,-7.435777,0.1189427301287651,0.9601706862449646,0.7112375497817993
YGL058W,YDR143C,1,-7.4358163,0.11909795552492142,0.9615931510925293,0.7112375497817993
YAL059W,YJR010C-A,0,-7.437569,0.11907697468996048,0.9615931510925293,0.7113798260688782
YOR233W,YDR435C,0,-7.43768,0.11905600875616074,0.9615931510925293,0.7115220427513123
YBR177C,YAR050W,0,-7.4377184,0.11903504282236099,0.9615931510925293,0.7116643190383911
YGL236C,YJL079C,0,-7.4392633,0.11901408433914185,0.9615931510925293,0.7118065357208252
YER162C,YHR041C,0,-7.439381,0.1189931333065033,0.9615931510925293,0.711948812007904
YGR183C,YGR203W,0,-7.44063,0.11897218972444534,0.9615931510925293,0.7120910286903381
YHR024C,YDL119C,0,-7.4409485,0.11895126104354858,0.9615931510925293,0.712233304977417
YHR005C-A,YNL055C,0,-7.441058,0.11893033236265182,0.9615931510925293,0.7123755216598511
YDL105W,YDR297W,0,-7.441173,0.11890941113233566,0.9615931510925293,0.7125177979469299
YLR090W,YHR003C,0,-7.4420786,0.1188884973526001,0.9615931510925293,0.712660014629364
YDL099W,YBR154C,0,-7.4421735,0.11886759102344513,0.9615931510925293,0.7128022909164429
YDR064W,YJL129C,0,-7.4436088,0.11884669214487076,0.9615931510925293,0.712944507598877
YGL003C,YBR082C,1,-7.444653,0.11900158226490021,0.9630156755447388,0.712944507598877
YAL011W,YPL162C,0,-7.4452796,0.11898066848516464,0.9630156755447388,0.7130867838859558
YPL145C,YGR094W,0,-7.4455385,0.11895976215600967,0.9630156755447388,0.7132290005683899
YDR123C,YJL039C,0,-7.4463224,0.1189388632774353,0.9630156755447388,0.7133712768554688
YML051W,YPR102C,0,-7.446462,0.11891797184944153,0.9630156755447388,0.7135134935379028
YKR034W,YIL006W,0,-7.446831,0.11889708787202835,0.9630156755447388,0.7136557698249817
YJL208C,YPL139C,0,-7.4473405,0.11887620389461517,0.9630156755447388,0.7137979865074158
YJL184W,YNL031C,0,-7.447455,0.11885533481836319,0.9630156755447388,0.7139402627944946
YOR374W,YNL023C,0,-7.449427,0.1188344731926918,0.9630156755447388,0.7140824794769287
YOL049W,YOR048C,0,-7.450072,0.11881361901760101,0.9630156755447388,0.7142247557640076
YIL019W,YOR228C,0,-7.450315,0.11879277229309082,0.9630156755447388,0.7143669724464417
YOL130W,YML022W,0,-7.451255,0.11877193301916122,0.9630156755447388,0.7145092487335205
YEL027W,YDR435C,0,-7.4515924,0.11875109374523163,0.9630156755447388,0.7146514654159546
YOR375C,YOR119C,0,-7.452128,0.11873026937246323,0.9630156755447388,0.7147937417030334
YPL255W,YER056C,0,-7.452337,0.11870945245027542,0.9630156755447388,0.7149360179901123
YDR385W,YDR064W,0,-7.4524016,0.11868864297866821,0.9630156755447388,0.7150782346725464
YJR053W,YLR369W,0,-7.4526525,0.118667833507061,0.9630156755447388,0.7152205109596252
YAR003W,YLL014W,0,-7.452761,0.11864703893661499,0.9630156755447388,0.7153627276420593
YLR291C,YJR031C,0,-7.453345,0.11862625181674957,0.9630156755447388,0.7155050039291382
YER056C,YDR397C,0,-7.453849,0.11860546469688416,0.9630156755447388,0.7156472206115723
YPL019C,YOL138C,0,-7.455651,0.11858469247817993,0.9630156755447388,0.7157894968986511
YOR324C,YCR043C,0,-7.4581075,0.11856392025947571,0.9630156755447388,0.7159317135810852
YDR329C,YCR057C,0,-7.4618506,0.11854316294193268,0.9630156755447388,0.7160739898681641
YLR319C,YCR046C,0,-7.4619484,0.11852240562438965,0.9630156755447388,0.7162162065505981
YOL086C,YMR006C,0,-7.462545,0.11850166320800781,0.9630156755447388,0.716358482837677
YPL207W,YJL216C,0,-7.462548,0.11848092079162598,0.9630156755447388,0.7165006995201111
YIL015W,YDL105W,0,-7.463056,0.11846019327640533,0.9630156755447388,0.7166429758071899
YGR108W,YEL022W,0,-7.46314,0.11843946576118469,0.9630156755447388,0.716785192489624
YGL003C,YDR002W,1,-7.4632072,0.11859367042779922,0.9644381403923035,0.716785192489624
YFL025C,YMR276W,1,-7.463865,0.11874781548976898,0.9658606052398682,0.716785192489624
YOR032C,YDR172W,0,-7.464948,0.11872705072164536,0.9658606052398682,0.7169274687767029
YLR154C,YGR152C,0,-7.465573,0.11870629340410233,0.9658606052398682,0.717069685459137
YLR197W,YML045W,0,-7.4661345,0.11868554353713989,0.9658606052398682,0.7172119617462158
YHR005C-A,YPR137W,0,-7.4667516,0.11866480112075806,0.9658606052398682,0.7173541784286499
YOL054W,YLR357W,0,-7.4684877,0.11864406615495682,0.9658606052398682,0.7174964547157288
YOR100C,YDR527W,0,-7.4687696,0.11862333863973618,0.9658606052398682,0.7176386713981628
YJL095W,YFR006W,0,-7.469332,0.11860261857509613,0.9658606052398682,0.7177809476852417
YHR059W,YDL124W,0,-7.469583,0.11858190596103668,0.9658606052398682,0.7179231643676758
YDL088C,YGL028C,0,-7.4696274,0.11856120079755783,0.9658606052398682,0.7180654406547546
YML100W,YMR293C,0,-7.4699273,0.11854050308465958,0.9658606052398682,0.7182076573371887
YNL099C,YFL005W,0,-7.4707103,0.11851981282234192,0.9658606052398682,0.7183499336242676
YPL005W,YHR118C,0,-7.470857,0.11849913001060486,0.9658606052398682,0.7184921503067017
YDL192W,YLR369W,0,-7.4714637,0.1184784471988678,0.9658606052398682,0.7186344265937805
YBR179C,YCR073C,0,-7.471914,0.11845777928829193,0.9658606052398682,0.7187766432762146
YPL081W,YBR037C,0,-7.472486,0.11843711882829666,0.9658606052398682,0.7189189195632935
YIR034C,YER044C-A,0,-7.472754,0.11841646581888199,0.9658606052398682,0.7190611958503723
YDR430C,YPR010C,0,-7.4735255,0.11839581280946732,0.9658606052398682,0.7192034125328064
YHR116W,YPR007C,0,-7.473695,0.11837517470121384,0.9658606052398682,0.7193456888198853
YNR016C,YER088C,0,-7.4737678,0.11835454404354095,0.9658606052398682,0.7194879055023193
YER056C,YKL194C,0,-7.4748154,0.11833391338586807,0.9658606052398682,0.7196301817893982
YOL130W,YGR258C,0,-7.4751935,0.11831329762935638,0.9658606052398682,0.7197723984718323
YLR423C,YBR127C,0,-7.475285,0.1182926818728447,0.9658606052398682,0.7199146747589111
YGR098C,YLR008C,0,-7.4765334,0.1182720810174942,0.9658606052398682,0.7200568914413452
YDR399W,YLR222C,0,-7.4779086,0.11825148016214371,0.9658606052398682,0.7201991677284241
YJL073W,YDR131C,1,-7.478207,0.11840501427650452,0.9672830700874329,0.7201991677284241
YML006C,YFR001W,0,-7.4793935,0.11838439851999283,0.9672830700874329,0.7203413844108582
YMR296C,YPL151C,0,-7.479992,0.11836379766464233,0.9672830700874329,0.720483660697937
YOL101C,YPL196W,0,-7.4810686,0.11834319680929184,0.9672830700874329,0.7206258773803711
YLR002C,YHL044W,0,-7.482036,0.11832260340452194,0.9672830700874329,0.72076815366745
YGL189C,YKL156W,0,-7.4824543,0.11830201745033264,0.9672830700874329,0.720910370349884
YOR375C,YJL091C,0,-7.482531,0.11828143894672394,0.9672830700874329,0.7210526466369629
YDR085C,YJL121C,0,-7.4825788,0.11826086789369583,0.9672830700874329,0.721194863319397
YGR002C,YOR228C,0,-7.482845,0.11824030429124832,0.9672830700874329,0.7213371396064758
YJR007W,YBL113C,0,-7.4833274,0.11821974813938141,0.9672830700874329,0.7214793562889099
YDR315C,YOR129C,0,-7.483816,0.11819919943809509,0.9672830700874329,0.7216216325759888
YLR242C,YML011C,0,-7.4841676,0.11817865818738937,0.9672830700874329,0.7217638492584229
YDR533C,YGR023W,0,-7.484184,0.11815812438726425,0.9672830700874329,0.7219061255455017
YGL155W,YPR137W,0,-7.4856963,0.11813759803771973,0.9672830700874329,0.7220483422279358
YIL043C,YOL126C,0,-7.4859595,0.1181170716881752,0.9672830700874329,0.7221906185150146
YOR098C,YMR313C,0,-7.4862943,0.11809656023979187,0.9672830700874329,0.7223328351974487
YFL011W,YDL112W,0,-7.486366,0.11807605624198914,0.9672830700874329,0.7224751114845276
YLR355C,YGL059W,0,-7.4873185,0.1180555522441864,0.9672830700874329,0.7226173281669617
YJL025W,YKL166C,0,-7.487345,0.11803506314754486,0.9672830700874329,0.7227596044540405
YPR081C,YKL218C,0,-7.487654,0.11801458150148392,0.9672830700874329,0.7229018211364746
YHR059W,YER044C-A,0,-7.4882417,0.11799409985542297,0.9672830700874329,0.7230440974235535
YJR138W,YLR346C,0,-7.488384,0.11797363311052322,0.9672830700874329,0.7231863737106323
YJL203W,YLL012W,0,-7.4899387,0.11795316636562347,0.9672830700874329,0.7233285903930664
YPL227C,YPR068C,0,-7.490841,0.11793270707130432,0.9672830700874329,0.7234708666801453
YPR037C,YHR062C,0,-7.4915066,0.11791226267814636,0.9672830700874329,0.7236130833625793
YOR037W,YDL227C,0,-7.49299,0.1178918182849884,0.9672830700874329,0.7237553596496582
YLR116W,YJL213W,0,-7.4934235,0.11787138134241104,0.9672830700874329,0.7238975763320923
YBR298C,YPR182W,0,-7.493849,0.11785095185041428,0.9672830700874329,0.7240398526191711
YNL201C,YNL339C,0,-7.4951673,0.11783052980899811,0.9672830700874329,0.7241820693016052
YNL147W,YGR208W,0,-7.495756,0.11781011521816254,0.9672830700874329,0.7243243455886841
YLR378C,YBL100W-B,0,-7.495834,0.11778970807790756,0.9672830700874329,0.7244665622711182
YMR198W,YGR170W,0,-7.495851,0.11776930838823318,0.9672830700874329,0.724608838558197
YMR290C,YLR357W,0,-7.4959254,0.1177489161491394,0.9672830700874329,0.7247510552406311
YNR016C,YGR125W,0,-7.4963274,0.11772853136062622,0.9672830700874329,0.72489333152771
YGR258C,YFR032C-A,0,-7.4970455,0.11770815402269363,0.9672830700874329,0.725035548210144
YPR051W,YJL203W,0,-7.4971147,0.11768778413534164,0.9672830700874329,0.7251778244972229
YLR260W,YJL010C,0,-7.497178,0.11766741424798965,0.9672830700874329,0.725320041179657
YDL010W,YPL183W-A,0,-7.5010147,0.11764705926179886,0.9672830700874329,0.7254623174667358
YLR220W,YOR137C,0,-7.502256,0.11762671172618866,0.9672830700874329,0.7256045341491699
YDR143C,YDR260C,1,-7.502728,0.11777931451797485,0.9687055349349976,0.7256045341491699
YOR098C,YKL184W,0,-7.502749,0.11775895208120346,0.9687055349349976,0.7257468104362488
YOR197W,YJR094W-A,0,-7.5058675,0.11773858964443207,0.9687055349349976,0.7258890271186829
YCR002C,YPL018W,0,-7.506052,0.11771823465824127,0.9687055349349976,0.7260313034057617
YDR534C,YDR501W,0,-7.5066533,0.11769789457321167,0.9687055349349976,0.7261735200881958
YER104W,YCR102C,0,-7.5076265,0.11767755448818207,0.9687055349349976,0.7263157963752747
YOL010W,YJL109C,0,-7.509347,0.11765722185373306,0.9687055349349976,0.7264580130577087
YPL018W,YDL117W,0,-7.5096574,0.11763689666986465,0.9687055349349976,0.7266002893447876
YOR173W,YOR025W,0,-7.510782,0.11761657893657684,0.9687055349349976,0.7267425060272217
YAL039C,YOR326W,0,-7.5113044,0.11759626865386963,0.9687055349349976,0.7268847823143005
YML008C,YPR003C,0,-7.511379,0.11757596582174301,0.9687055349349976,0.7270269989967346
YGL104C,YBR141C,0,-7.5119,0.11755567044019699,0.9687055349349976,0.7271692752838135
YPL275W,YGL104C,0,-7.512667,0.11753538250923157,0.9687055349349976,0.7273115515708923
YML008C,YCR075C,0,-7.5129213,0.11751510202884674,0.9687055349349976,0.7274537682533264
YER055C,YNL240C,0,-7.5130744,0.11749482154846191,0.9687055349349976,0.7275960445404053
YGR140W,YJL213W,0,-7.513566,0.11747455596923828,0.9687055349349976,0.7277382612228394
YHR204W,YDR260C,1,-7.5164037,0.11762677133083344,0.9701279997825623,0.7277382612228394
YGR101W,YDL112W,0,-7.5177407,0.11760648339986801,0.9701279997825623,0.7278805375099182
YDR494W,YLR222C,0,-7.518718,0.11758621037006378,0.9701279997825623,0.7280227541923523
YGL166W,YPR133W-A,0,-7.520477,0.11756593734025955,0.9701279997825623,0.7281650304794312
YKR048C,YJL108C,0,-7.5205035,0.11754567176103592,0.9701279997825623,0.7283072471618652
YDL161W,YLL028W,0,-7.5209355,0.11752542108297348,0.9701279997825623,0.7284495234489441
YJL108C,YOR119C,0,-7.521149,0.11750517040491104,0.9701279997825623,0.7285917401313782
YFL025C,YDR002W,1,-7.52128,0.11765719205141068,0.9715505242347717,0.7285917401313782
YDR430C,YOL101C,0,-7.523332,0.11763692647218704,0.9715505242347717,0.728734016418457
YMR032W,YER005W,0,-7.5236177,0.117616668343544,0.9715505242347717,0.7288762331008911
YDR511W,YOR193W,0,-7.524668,0.11759641766548157,0.9715505242347717,0.72901850938797
YER055C,YPL112C,0,-7.525043,0.11757617443799973,0.9715505242347717,0.729160726070404
YPL162C,YPR114W,0,-7.525125,0.11755593866109848,0.9715505242347717,0.7293030023574829
YER166W,YML011C,0,-7.527138,0.11753571033477783,0.9715505242347717,0.729445219039917
YIL138C,YNR021W,0,-7.527704,0.11751548200845718,0.9715505242347717,0.7295874953269958
YJR063W,YGL137W,0,-7.5280204,0.11749526858329773,0.9715505242347717,0.7297297120094299
YBR245C,YDR023W,0,-7.528277,0.11747506260871887,0.9715505242347717,0.7298719882965088
YNR072W,YOR153W,0,-7.528292,0.11745485663414001,0.9715505242347717,0.7300142049789429
YCL018W,YDR481C,0,-7.528963,0.11743466556072235,0.9715505242347717,0.7301564812660217
YLR399C,YBR050C,0,-7.530896,0.11741447448730469,0.9715505242347717,0.7302986979484558
YNL110C,YHR080C,0,-7.5309596,0.11739429086446762,0.9715505242347717,0.7304409742355347
YER044C-A,YOR151C,0,-7.5314846,0.11737412214279175,0.9715505242347717,0.7305831909179688
YJL172W,YGR089W,0,-7.532372,0.11735395342111588,0.9715505242347717,0.7307254672050476
YGR132C,YGL104C,0,-7.5334387,0.1173337921500206,0.9715505242347717,0.7308676838874817
YLR430W,YLR020C,0,-7.5334716,0.11731363832950592,0.9715505242347717,0.7310099601745605
YLR113W,YJR010C-A,0,-7.53358,0.11729349195957184,0.9715505242347717,0.7311521768569946
YAR015W,YPL234C,0,-7.534096,0.11727335304021835,0.9715505242347717,0.7312944531440735
YDL227C,YHR041C,0,-7.534507,0.11725322157144547,0.9715505242347717,0.7314367294311523
YMR296C,YBL090W,0,-7.534737,0.11723309010267258,0.9715505242347717,0.7315789461135864
YPL104W,YGL045W,0,-7.5355315,0.11721297353506088,0.9715505242347717,0.7317212224006653
YMR213W,YFR032C-A,0,-7.5374484,0.11719286441802979,0.9715505242347717,0.7318634390830994
YER015W,YGR020C,0,-7.537953,0.11717275530099869,0.9715505242347717,0.7320057153701782
YLR160C,YBR083W,0,-7.5388627,0.11715266108512878,0.9715505242347717,0.7321479320526123
YPR007C,YGL045W,0,-7.539748,0.11713256686925888,0.9715505242347717,0.7322902083396912
YLR113W,YOR293W,0,-7.5397725,0.11711248010396957,0.9715505242347717,0.7324324250221252
YNL230C,YDR002W,1,-7.5404572,0.11726384609937668,0.9729729890823364,0.7324324250221252
YDL192W,YBR198C,0,-7.5406322,0.11724374443292618,0.9729729890823364,0.7325747013092041
YGL236C,YPL206C,0,-7.540673,0.11722365021705627,0.9729729890823364,0.7327169179916382
YML031W,YPL139C,0,-7.542476,0.11720356345176697,0.9729729890823364,0.732859194278717
YBR131W,YOR295W,0,-7.5429277,0.11718348413705826,0.9729729890823364,0.7330014109611511
YBL105C,YER074W,0,-7.543448,0.11716341227293015,0.9729729890823364,0.73314368724823
YNL027W,YGR152C,0,-7.5434804,0.11714334785938263,0.9729729890823364,0.7332859039306641
YLL028W,YDL210W,0,-7.545349,0.11712329089641571,0.9729729890823364,0.7334281802177429
YOR254C,YGR005C,0,-7.5467787,0.11710323393344879,0.9729729890823364,0.733570396900177
YDR116C,YGR104C,0,-7.547274,0.11708319187164307,0.9729729890823364,0.7337126731872559
YLR393W,YHR059W,0,-7.5474877,0.11706314980983734,0.9729729890823364,0.7338548898696899
YDR023W,YNL257C,0,-7.5482793,0.11704312264919281,0.9729729890823364,0.7339971661567688
YMR116C,YGR020C,0,-7.549459,0.11702309548854828,0.9729729890823364,0.7341393828392029
YNL023C,YFL052W,0,-7.5494876,0.11700307577848434,0.9729729890823364,0.7342816591262817
YCR020C,YDR297W,0,-7.550818,0.1169830709695816,0.9729729890823364,0.7344238758087158
YDR113C,YDL124W,0,-7.5508547,0.11696306616067886,0.9729729890823364,0.7345661520957947
YLR393W,YJL052W,0,-7.551478,0.11694306880235672,0.9729729890823364,0.7347083687782288
YLR175W,YBR141C,0,-7.552048,0.11692307889461517,0.9729729890823364,0.7348506450653076
YOR311C,YDR334W,0,-7.552506,0.11690309643745422,0.9729729890823364,0.7349928617477417
YGL077C,YIL106W,0,-7.5526032,0.11688311398029327,0.9729729890823364,0.7351351380348206
YGL077C,YOL136C,0,-7.5533032,0.11686314642429352,0.9729729890823364,0.7352773547172546
YML104C,YJL212C,0,-7.5535994,0.11684318631887436,0.9729729890823364,0.7354196310043335
YGL124C,YLR139C,0,-7.553629,0.1168232262134552,0.9729729890823364,0.7355619072914124
YPL268W,YDR115W,0,-7.5538936,0.11680328100919724,0.9729729890823364,0.7357041239738464
YDR452W,YPR003C,0,-7.5539937,0.11678333580493927,0.9729729890823364,0.7358464002609253
YLR113W,YOR063W,0,-7.5545335,0.1167633980512619,0.9729729890823364,0.7359886169433594
YMR199W,YMR035W,0,-7.5556493,0.11674347519874573,0.9729729890823364,0.7361308932304382
YIL099W,YDR395W,0,-7.5556808,0.11672355234622955,0.9729729890823364,0.7362731099128723
YBR018C,YMR149W,0,-7.5561314,0.11670363694429398,0.9729729890823364,0.7364153861999512
YJR007W,YDR372C,0,-7.5566545,0.116683728992939,0.9729729890823364,0.7365576028823853
YNR041C,YGL040C,0,-7.557424,0.11666382104158401,0.9729729890823364,0.7366998791694641
YBR243C,YLR175W,0,-7.5587163,0.11664392799139023,0.9729729890823364,0.7368420958518982
YLR393W,YJL054W,0,-7.559116,0.11662404239177704,0.9729729890823364,0.736984372138977
YHR061C,YER095W,0,-7.559278,0.11660415679216385,0.9729729890823364,0.7371265888214111
YJL076W,YJL222W,0,-7.559535,0.11658428609371185,0.9729729890823364,0.73726886510849
YPL255W,YBR198C,0,-7.5597086,0.11656441539525986,0.9729729890823364,0.7374110817909241
YPL018W,YEL048C,0,-7.560154,0.11654455959796906,0.9729729890823364,0.7375533580780029
YGL062W,YBR254C,0,-7.56051,0.11652470380067825,0.9729729890823364,0.737695574760437
YGL016W,YFR032C-A,0,-7.560576,0.11650485545396805,0.9729729890823364,0.7378378510475159
YDR143C,YDR002W,1,-7.562464,0.11665531247854233,0.9743954539299011,0.7378378510475159
YLR090W,YJL213W,0,-7.563312,0.11663544923067093,0.9743954539299011,0.73798006772995
YPL193W,YDL119C,0,-7.563337,0.11661559343338013,0.9743954539299011,0.7381223440170288
YDR317W,YKL212W,0,-7.5634065,0.11659574508666992,0.9743954539299011,0.7382645606994629
YOR195W,YNR021W,0,-7.5643287,0.11657590419054031,0.9743954539299011,0.7384068369865417
YDR395W,YLR360W,0,-7.564367,0.1165560632944107,0.9743954539299011,0.7385490536689758
YNL161W,YNL044W,0,-7.565372,0.11653623729944229,0.9743954539299011,0.7386913299560547
YHR170W,YFR010W,0,-7.5654907,0.11651641130447388,0.9743954539299011,0.7388335466384888
YMR280C,YHR034C,0,-7.5660667,0.11649660021066666,0.9743954539299011,0.7389758229255676
YOL086C,YPL255W,0,-7.5661116,0.11647678911685944,0.9743954539299011,0.7391180396080017
YPL104W,YLL024C,0,-7.568008,0.11645698547363281,0.9743954539299011,0.7392603158950806
YAL009W,YOR337W,0,-7.5687814,0.11643718928098679,0.9743954539299011,0.7394025325775146
YBR131W,YMR213W,0,-7.569011,0.11641740053892136,0.9743954539299011,0.7395448088645935
YFL055W,YLR316C,0,-7.571962,0.11639761924743652,0.9743954539299011,0.7396870851516724
YOR039W,YCR073C,0,-7.5721393,0.11637784540653229,0.9743954539299011,0.7398293018341064
YGR142W,YFR001W,0,-7.572315,0.11635807901620865,0.9743954539299011,0.7399715781211853
YFL010W-A,YIL026C,0,-7.573601,0.11633831262588501,0.9743954539299011,0.7401137948036194
YHR005C-A,YDR128W,0,-7.574028,0.11631856113672256,0.9743954539299011,0.7402560710906982
YKL053C-A,YDR297W,0,-7.5766244,0.11629880964756012,0.9743954539299011,0.7403982877731323
YGR289C,YOR063W,0,-7.576837,0.11627907305955887,0.9743954539299011,0.7405405640602112
YKL146W,YPL079W,0,-7.576845,0.11625933647155762,0.9743954539299011,0.7406827807426453
YNR003C,YOR228C,0,-7.576854,0.11623960733413696,0.9743954539299011,0.7408250570297241
YBR154C,YML025C,0,-7.5774684,0.1162198856472969,0.9743954539299011,0.7409672737121582
YDR077W,YDL210W,0,-7.5778213,0.11620017141103745,0.9743954539299011,0.7411095499992371
YLR254C,YLR264W,0,-7.5795946,0.11618046462535858,0.9743954539299011,0.7412517666816711
YDR322W,YNL099C,0,-7.579759,0.11616075783967972,0.9743954539299011,0.74139404296875
YGR132C,YML024W,0,-7.58043,0.11614106595516205,0.9743954539299011,0.7415362596511841
YJR005W,YCR045C,0,-7.5807867,0.11612137407064438,0.9743954539299011,0.7416785359382629
YOL155C,YML059C,0,-7.5815253,0.1161016970872879,0.9743954539299011,0.741820752620697
YAR050W,YMR167W,0,-7.581572,0.11608202010393143,0.9743954539299011,0.7419630289077759
YMR032W,YDL130W-A,0,-7.5820727,0.11606235057115555,0.9743954539299011,0.74210524559021
YGR213C,YBL103C,0,-7.583367,0.11604268848896027,0.9743954539299011,0.7422475218772888
YLR284C,YPR110C,0,-7.583855,0.11602303385734558,0.9743954539299011,0.7423897385597229
YKL078W,YJL222W,0,-7.585287,0.11600338667631149,0.9743954539299011,0.7425320148468018
YLL018C-A,YGR075C,0,-7.585596,0.115983746945858,0.9743954539299011,0.7426742315292358
YNR041C,YOR008C-A,0,-7.5861716,0.11596410721540451,0.9743954539299011,0.7428165078163147
YJL060W,YJR063W,0,-7.587401,0.11594448238611221,0.9743954539299011,0.7429587244987488
YMR198W,YGR192C,0,-7.587889,0.11592485755681992,0.9743954539299011,0.7431010007858276
YLR002C,YFR032C-A,0,-7.5883923,0.11590524762868881,0.9743954539299011,0.7432432174682617
YGR295C,YNL096C,0,-7.588434,0.11588563770055771,0.9743954539299011,0.7433854937553406
YOR153W,YGR170W,0,-7.5887876,0.1158660352230072,0.9743954539299011,0.7435277104377747
YOR374W,YDR372C,0,-7.5892777,0.11584644019603729,0.9743954539299011,0.7436699867248535
YDL043C,YOL102C,0,-7.589321,0.11582685261964798,0.9743954539299011,0.7438122630119324
YDL069C,YML024W,0,-7.589639,0.11580727249383926,0.9743954539299011,0.7439544796943665
YGR088W,YDR096W,0,-7.5907006,0.11578769236803055,0.9743954539299011,0.7440967559814453
YLR220W,YLL001W,0,-7.59121,0.11576812714338303,0.9743954539299011,0.7442389726638794
YNL065W,YGL040C,0,-7.5919156,0.1157485619187355,0.9743954539299011,0.7443812489509583
YDR407C,YOR129C,0,-7.5931993,0.11572901159524918,0.9743954539299011,0.7445234656333923
YHL019C,YCR065W,0,-7.5939684,0.11570946127176285,0.9743954539299011,0.7446657419204712
YBR221C,YNL026W,0,-7.594299,0.11568991839885712,0.9743954539299011,0.7448079586029053
YNL031C,YGL160W,0,-7.5953107,0.11567038297653198,0.9743954539299011,0.7449502348899841
YER170W,YGL180W,0,-7.5964,0.11565085500478745,0.9743954539299011,0.7450924515724182
YOR324C,YGR186W,0,-7.5975294,0.11563132703304291,0.9743954539299011,0.7452347278594971
YPR128C,YMR239C,0,-7.5980315,0.11561181396245956,0.9743954539299011,0.7453769445419312
YBR020W,YOR237W,0,-7.598269,0.11559230834245682,0.9743954539299011,0.74551922082901
YFL005W,YOL124C,0,-7.600116,0.11557280272245407,0.9743954539299011,0.7456614375114441
YNL065W,YPL138C,0,-7.600563,0.11555330455303192,0.9743954539299011,0.745803713798523
YER162C,YFL052W,0,-7.60135,0.11553381383419037,0.9743954539299011,0.745945930480957
YDR317W,YJR097W,0,-7.602785,0.11551433056592941,0.9743954539299011,0.7460882067680359
YDL229W,YBR293W,0,-7.6029625,0.11549485474824905,0.9743954539299011,0.74623042345047
YJR016C,YLR285W,0,-7.6034565,0.11547538638114929,0.9743954539299011,0.7463726997375488
YGL104C,YJL141C,0,-7.603824,0.11545592546463013,0.9743954539299011,0.7465149164199829
YHR001W-A,YHL044W,0,-7.6040053,0.11543646454811096,0.9743954539299011,0.7466571927070618
YGR208W,YDR395W,0,-7.6050086,0.11541701853275299,0.9743954539299011,0.7467994093894958
YOR173W,YLR451W,0,-7.605949,0.11539757251739502,0.9743954539299011,0.7469416856765747
YMR183C,YOR229W,0,-7.6061244,0.11537813395261765,0.9743954539299011,0.7470839023590088
YGR167W,YEL048C,0,-7.607033,0.11535871028900146,0.9743954539299011,0.7472261786460876
YER160C,YNR073C,0,-7.607948,0.11533927917480469,0.9743954539299011,0.7473683953285217
YMR162C,YOR337W,0,-7.6080317,0.1153198629617691,0.9743954539299011,0.7475106716156006
YGR200C,YEL059C-A,0,-7.6085157,0.11530045419931412,0.9743954539299011,0.7476528882980347
YAR050W,YJL208C,0,-7.6089926,0.11528105288743973,0.9743954539299011,0.7477951645851135
YPL280W,YDR347W,0,-7.60959,0.11526165157556534,0.9743954539299011,0.7479374408721924
YNL327W,YLR316C,0,-7.609621,0.11524225771427155,0.9743954539299011,0.7480796575546265
YPL161C,YIL090W,0,-7.609762,0.11522287875413895,0.9743954539299011,0.7482219338417053
YLR160C,YGL155W,0,-7.610043,0.11520349979400635,0.9743954539299011,0.7483641505241394
YFR027W,YGL028C,0,-7.6105857,0.11518412828445435,0.9743954539299011,0.7485064268112183
YLR284C,YGL028C,0,-7.6109953,0.11516476422548294,0.9743954539299011,0.7486486434936523
YOR239W,YLR139C,0,-7.611759,0.11514540016651154,0.9743954539299011,0.7487909197807312
YER162C,YBR016W,0,-7.6121545,0.11512605100870132,0.9743954539299011,0.7489331364631653
YER178W,YLR020C,0,-7.612271,0.11510670185089111,0.9743954539299011,0.7490754127502441
YOR195W,YOR228C,0,-7.6131845,0.1150873675942421,0.9743954539299011,0.7492176294326782
YBL051C,YLR354C,0,-7.615061,0.11506803333759308,0.9743954539299011,0.7493599057197571
YLR131C,YLR160C,0,-7.6154284,0.11504870653152466,0.9743954539299011,0.7495021224021912
YGR023W,YPR080W,0,-7.6163607,0.11502938717603683,0.9743954539299011,0.74964439868927
YDR096W,YEL048C,0,-7.6169777,0.11501007527112961,0.9743954539299011,0.7497866153717041
YDR191W,YNL208W,0,-7.6173244,0.11499077081680298,0.9743954539299011,0.749928891658783
YKR079C,YKL094W,0,-7.6176,0.11497146636247635,0.9743954539299011,0.750071108341217
YOL095C,YER150W,0,-7.617776,0.11495217680931091,0.9743954539299011,0.7502133846282959
YLR088W,YOR098C,0,-7.617782,0.11493288725614548,0.9743954539299011,0.75035560131073
YAL011W,YPR056W,0,-7.6178637,0.11491360515356064,0.9743954539299011,0.7504978775978088
YHR204W,YMR214W,1,-7.6184607,0.11506205797195435,0.9758179187774658,0.7504978775978088
YER069W,YLR260W,0,-7.619188,0.11504276096820831,0.9758179187774658,0.7506400942802429
YPL233W,YGR203W,0,-7.620849,0.11502347141504288,0.9758179187774658,0.7507823705673218
YOL130W,YPL151C,0,-7.6209197,0.11500418931245804,0.9758179187774658,0.7509245872497559
YHR204W,YDR131C,1,-7.6218457,0.11515253037214279,0.9772403836250305,0.7509245872497559
YPL231W,YMR099C,0,-7.622217,0.11513323336839676,0.9772403836250305,0.7510668635368347
YHR116W,YDL229W,0,-7.623184,0.11511394381523132,0.9772403836250305,0.7512090802192688
YJL168C,YLR020C,0,-7.623217,0.11509465426206589,0.9772403836250305,0.7513513565063477
YDR143C,YDR131C,1,-7.623313,0.11524288356304169,0.9786628484725952,0.7513513565063477
YEL055C,YJL141C,0,-7.6265836,0.11522357910871506,0.9786628484725952,0.7514935731887817
YML043C,YAL009W,0,-7.627442,0.11520428955554962,0.9786628484725952,0.7516358494758606
YCR088W,YIL167W,0,-7.6274934,0.11518500000238419,0.9786628484725952,0.7517780661582947
YDR294C,YMR011W,0,-7.6288185,0.11516571789979935,0.9786628484725952,0.7519203424453735
YDL069C,YPR114W,0,-7.6293464,0.1151464432477951,0.9786628484725952,0.7520625591278076
YGL040C,YDL208W,0,-7.6295714,0.11512717604637146,0.9786628484725952,0.7522048354148865
YOR306C,YLR312W-A,0,-7.62994,0.11510791629552841,0.9786628484725952,0.7523471117019653
YNL091W,YNL208W,0,-7.6303515,0.11508865654468536,0.9786628484725952,0.7524893283843994
YLR293C,YJR050W,0,-7.632099,0.11506941169500351,0.9786628484725952,0.7526316046714783
YNL206C,YDR086C,0,-7.6325545,0.11505016684532166,0.9786628484725952,0.7527738213539124
YJL095W,YNL049C,0,-7.633408,0.1150309294462204,0.9786628484725952,0.7529160976409912
YER141W,YAL059W,0,-7.6344676,0.11501169949769974,0.9786628484725952,0.7530583143234253
YER015W,YDR435C,0,-7.636568,0.11499247699975967,0.9786628484725952,0.7532005906105042
YJL212C,YDR115W,0,-7.6366096,0.11497326195240021,0.9786628484725952,0.7533428072929382
YJL019W,YPL171C,0,-7.637277,0.11495405435562134,0.9786628484725952,0.7534850835800171
YER110C,YKL053C-A,0,-7.6392436,0.11493484675884247,0.9786628484725952,0.7536273002624512
YOL080C,YOL028C,0,-7.6397295,0.11491565406322479,0.9786628484725952,0.75376957654953
YNR056C,YLL028W,0,-7.639877,0.11489646136760712,0.9786628484725952,0.7539117932319641
YJR057W,YKL182W,0,-7.6400967,0.11487727612257004,0.9786628484725952,0.754054069519043
YLR229C,YLR378C,0,-7.640427,0.11485809832811356,0.9786628484725952,0.754196286201477
YNL123W,YBR230C,0,-7.64059,0.11483892798423767,0.9786628484725952,0.7543385624885559
YGL003C,YML092C,1,-7.6408772,0.11498665064573288,0.9800853729248047,0.7543385624885559
YGL016W,YMR099C,0,-7.641788,0.1149674654006958,0.9800853729248047,0.75448077917099
YMR116C,YOR193W,0,-7.643826,0.11494828015565872,0.9800853729248047,0.7546230554580688
YML042W,YOL156W,0,-7.643981,0.11492910981178284,0.9800853729248047,0.7547652721405029
YJR031C,YOR336W,0,-7.6459794,0.11490993946790695,0.9800853729248047,0.7549075484275818
YOR226C,YEL053C,0,-7.6461487,0.11489077657461166,0.9800853729248047,0.7550497651100159
YLR207W,YDR002W,1,-7.6471043,0.11503834277391434,0.9815078377723694,0.7550497651100159
YDR430C,YOL051W,0,-7.648474,0.11501917243003845,0.9815078377723694,0.7551920413970947
YKR049C,YLR430W,0,-7.6489606,0.11500000208616257,0.9815078377723694,0.7553342580795288
YDL098C,YFL052W,0,-7.650377,0.11498083919286728,0.9815078377723694,0.7554765343666077
YJL060W,YDR297W,0,-7.6506886,0.11496167629957199,0.9815078377723694,0.7556187510490417
YGL191W,YJR063W,0,-7.6508346,0.1149425283074379,0.9815078377723694,0.7557610273361206
YLR295C,YCR069W,0,-7.6520767,0.1149233877658844,0.9815078377723694,0.7559032440185547
YGR142W,YOL095C,0,-7.652387,0.1149042472243309,0.9815078377723694,0.7560455203056335
YJR016C,YLR354C,0,-7.6533318,0.114885114133358,0.9815078377723694,0.7561877369880676
YLR399C,YDR533C,0,-7.6535983,0.1148659884929657,0.9815078377723694,0.7563300132751465
YOR137C,YGR181W,0,-7.653752,0.11484687030315399,0.9815078377723694,0.7564722895622253
YNL110C,YDL055C,0,-7.653932,0.11482775956392288,0.9815078377723694,0.7566145062446594
YOR371C,YIL177C,0,-7.6551533,0.11480864882469177,0.9815078377723694,0.7567567825317383
YDL103C,YEL054C,0,-7.6571455,0.11478955298662186,0.9815078377723694,0.7568989992141724
YLR401C,YGR285C,0,-7.6572175,0.11477045714855194,0.9815078377723694,0.7570412755012512
YMR256C,YDL195W,0,-7.657724,0.11475136876106262,0.9815078377723694,0.7571834921836853
YJR063W,YJR010C-A,0,-7.6597114,0.1147322878241539,0.9815078377723694,0.7573257684707642
YAR015W,YLR433C,0,-7.6604257,0.11471321433782578,0.9815078377723694,0.7574679851531982
YAL058W,YDR131C,1,-7.6610737,0.11486037075519562,0.9829303026199341,0.7574679851531982
YDL069C,YKL189W,0,-7.6614356,0.1148412823677063,0.9829303026199341,0.7576102614402771
YCL024W,YNL208W,0,-7.6616473,0.11482220143079758,0.9829303026199341,0.7577524781227112
YHR194W,YJR063W,0,-7.6617875,0.11480312049388885,0.9829303026199341,0.75789475440979
YGR186W,YDR381W,0,-7.6640334,0.11478405445814133,0.9829303026199341,0.7580369710922241
YCR068W,YMR150C,0,-7.6643977,0.1147649884223938,0.9829303026199341,0.758179247379303
YIR034C,YBR028C,0,-7.6658454,0.11474592983722687,0.9829303026199341,0.7583214640617371
YMR186W,YER013W,0,-7.668056,0.11472687870264053,0.9829303026199341,0.7584637403488159
YLR220W,YLR346C,0,-7.669851,0.1147078350186348,0.9829303026199341,0.75860595703125
YHR121W,YBL051C,0,-7.6699486,0.11468879878520966,0.9829303026199341,0.7587482333183289
YLL045C,YMR216C,0,-7.6713204,0.11466976255178452,0.9829303026199341,0.7588904500007629
YDR365C,YBR102C,0,-7.672054,0.11465074121952057,0.9829303026199341,0.7590327262878418
YML043C,YBR169C,0,-7.672445,0.11463171988725662,0.9829303026199341,0.7591749429702759
YLR231C,YPL252C,0,-7.6741915,0.11461270600557327,0.9829303026199341,0.7593172192573547
YFL036W,YGR208W,0,-7.678102,0.11459369957447052,0.9829303026199341,0.7594594359397888
YBR169C,YBR254C,0,-7.6787295,0.11457470059394836,0.9829303026199341,0.7596017122268677
YLR237W,YFL052W,0,-7.679541,0.11455570161342621,0.9829303026199341,0.7597439289093018
YOR098C,YCR020C,0,-7.6804295,0.11453671753406525,0.9829303026199341,0.7598862051963806
YOR100C,YFR029W,0,-7.6805325,0.11451773345470428,0.9829303026199341,0.7600284218788147
YGR075C,YGR074W,0,-7.6812215,0.11449875682592392,0.9829303026199341,0.7601706981658936
YCR028C-A,YIL177C,0,-7.681251,0.11447978764772415,0.9829303026199341,0.7603129148483276
YDR534C,YBR154C,0,-7.682608,0.11446082592010498,0.9829303026199341,0.7604551911354065
YHR055C,YPL127C,0,-7.6835814,0.1144418716430664,0.9829303026199341,0.7605974674224854
YBR018C,YJL010C,0,-7.6848865,0.11442291736602783,0.9829303026199341,0.7607396841049194
YPL085W,YGR192C,0,-7.685649,0.11440397053956985,0.9829303026199341,0.7608819603919983
YMR256C,YLR378C,0,-7.686351,0.11438503861427307,0.9829303026199341,0.7610241770744324
YBL068W,YIR018W,0,-7.688139,0.11436610668897629,0.9829303026199341,0.7611664533615112
YPL193W,YOR230W,0,-7.68839,0.1143471822142601,0.9829303026199341,0.7613086700439453
YDR123C,YIR033W,0,-7.68846,0.11432825773954391,0.9829303026199341,0.7614509463310242
YHR203C,YGL126W,0,-7.6896625,0.11430934816598892,0.9829303026199341,0.7615931630134583
YDL161W,YHR062C,0,-7.6899247,0.11429043859243393,0.9829303026199341,0.7617354393005371
YJL058C,YPL145C,0,-7.69004,0.11427153646945953,0.9829303026199341,0.7618776559829712
YJR007W,YIL083C,0,-7.691564,0.11425264179706573,0.9829303026199341,0.76201993227005
YNR017W,YLR106C,0,-7.6920524,0.11423375457525253,0.9829303026199341,0.7621621489524841
YOR048C,YJL216C,0,-7.692067,0.11421487480401993,0.9829303026199341,0.762304425239563
YOR233W,YKL196C,0,-7.692756,0.11419600248336792,0.9829303026199341,0.7624466419219971
YIL015W,YDR197W,0,-7.693195,0.11417713016271591,0.9829303026199341,0.7625889182090759
YDR270W,YJL109C,0,-7.6933184,0.1141582652926445,0.9829303026199341,0.76273113489151
YOR185C,YJR097W,0,-7.693767,0.11413941532373428,0.9829303026199341,0.7628734111785889
YER162C,YDR025W,0,-7.697188,0.11412055790424347,0.9829303026199341,0.763015627861023
YDR501W,YLR071C,0,-7.6982346,0.11410171538591385,0.9829303026199341,0.7631579041481018
YBR057C,YIL121W,0,-7.698483,0.11408288031816483,0.9829303026199341,0.7633001208305359
YPR178W,YML027W,0,-7.698631,0.1140640452504158,0.9829303026199341,0.7634423971176147
YDR238C,YIL177C,0,-7.6989255,0.11404522508382797,0.9829303026199341,0.7635846138000488
YPL224C,YEL020W-A,0,-7.699972,0.11402640491724014,0.9829303026199341,0.7637268900871277
YPR192W,YBL061C,0,-7.7001953,0.11400759220123291,0.9829303026199341,0.7638691067695618
YNR016C,YBR146W,0,-7.7019796,0.11398877948522568,0.9829303026199341,0.7640113830566406
YPR128C,YGR285C,0,-7.702786,0.11396998167037964,0.9829303026199341,0.7641535997390747
YKL192C,YPL207W,0,-7.703015,0.1139511838555336,0.9829303026199341,0.7642958760261536
YDL079C,YOR063W,0,-7.7040296,0.11393240094184875,0.9829303026199341,0.7644380927085876
YLR088W,YJL213W,0,-7.707379,0.11391361802816391,0.9829303026199341,0.7645803689956665
YDL069C,YGL045W,0,-7.707667,0.11389484256505966,0.9829303026199341,0.7647226452827454
YLR401C,YER105C,0,-7.7082133,0.11387607455253601,0.9829303026199341,0.7648648619651794
YOL060C,YHR194W,0,-7.708583,0.11385730654001236,0.9829303026199341,0.7650071382522583
YMR229C,YFR003C,0,-7.708609,0.1138385534286499,0.9829303026199341,0.7651493549346924
YJL058C,YDR385W,0,-7.708841,0.11381980031728745,0.9829303026199341,0.7652916312217712
YML102W,YLR139C,0,-7.7092853,0.11380105465650558,0.9829303026199341,0.7654338479042053
YDL137W,YDL119C,0,-7.709419,0.11378231644630432,0.9829303026199341,0.7655761241912842
YOR264W,YER104W,0,-7.709902,0.11376358568668365,0.9829303026199341,0.7657183408737183
YER088C,YJL121C,0,-7.7102575,0.11374485492706299,0.9829303026199341,0.7658606171607971
YLR110C,YGR167W,0,-7.711173,0.11372613906860352,0.9829303026199341,0.7660028338432312
YLL034C,YGR002C,0,-7.711285,0.11370742321014404,0.9829303026199341,0.7661451101303101
YJR043C,YPR043W,0,-7.7115817,0.11368871480226517,0.9829303026199341,0.7662873268127441
YIL043C,YKR102W,0,-7.711973,0.11367001384496689,0.9829303026199341,0.766429603099823
YKL212W,YPR139C,0,-7.7130923,0.11365131288766861,0.9829303026199341,0.7665718197822571
YMR201C,YPR182W,0,-7.7172647,0.11363262683153152,0.9829303026199341,0.7667140960693359
YHR069C,YJL222W,0,-7.717991,0.11361394077539444,0.9829303026199341,0.76685631275177
YOL132W,YDR381W,0,-7.718224,0.11359526216983795,0.9829303026199341,0.7669985890388489
YPR178W,YNR021W,0,-7.718624,0.11357659101486206,0.9829303026199341,0.767140805721283
YBR018C,YHR080C,0,-7.718668,0.11355792731046677,0.9829303026199341,0.7672830820083618
YPL145C,YLR116W,0,-7.719975,0.11353927105665207,0.9829303026199341,0.7674252986907959
YOL132W,YKL028W,0,-7.7208033,0.11352061480283737,0.9829303026199341,0.7675675749778748
YPR010C,YJR014W,0,-7.722214,0.11350197345018387,0.9829303026199341,0.7677097916603088
YPL234C,YBR028C,0,-7.722312,0.11348333209753036,0.9829303026199341,0.7678520679473877
YNL240C,YML072C,0,-7.723297,0.11346469819545746,0.9829303026199341,0.7679942846298218
YBR016W,YNL208W,0,-7.723681,0.11344606429338455,0.9829303026199341,0.7681365609169006
YLR078C,YPR003C,0,-7.7236834,0.11342744529247284,0.9829303026199341,0.7682787775993347
YHR013C,YNL227C,0,-7.7238336,0.11340882629156113,0.9829303026199341,0.7684210538864136
YKR085C,YKL212W,0,-7.7240005,0.11339022219181061,0.9829303026199341,0.7685632705688477
YJR016C,YDR073W,0,-7.725001,0.11337161809206009,0.9829303026199341,0.7687055468559265
YNL326C,YGL062W,0,-7.726216,0.11335302144289017,0.9829303026199341,0.7688478231430054
YGL166W,YPL127C,0,-7.728552,0.11333442479372025,0.9829303026199341,0.7689900398254395
YOR236W,YHL044W,0,-7.7286673,0.11331584304571152,0.9829303026199341,0.7691323161125183
YDR143C,YPL176C,1,-7.730628,0.11346122622489929,0.9843527674674988,0.7691323161125183
YLR401C,YGR271C-A,0,-7.7308455,0.11344262212514877,0.9843527674674988,0.7692745327949524
YMR068W,YER056C,0,-7.7320323,0.11342402547597885,0.9843527674674988,0.7694168090820312
YOL067C,YPL234C,0,-7.7324576,0.11340544372797012,0.9843527674674988,0.7695590257644653
YNL023C,YDR217C,0,-7.732989,0.1133868619799614,0.9843527674674988,0.7697013020515442
YHR120W,YPL171C,0,-7.7330937,0.11336828023195267,0.9843527674674988,0.7698435187339783
YHR001W-A,YDR240C,0,-7.733478,0.11334971338510513,0.9843527674674988,0.7699857950210571
YDR501W,YJL222W,0,-7.7338567,0.1133311465382576,0.9843527674674988,0.7701280117034912
YOL132W,YER074W,0,-7.7352777,0.11331259459257126,0.9843527674674988,0.7702702879905701
YLR106C,YOR095C,0,-7.735396,0.11329404264688492,0.9843527674674988,0.7704125046730042
YCR046C,YDR465C,0,-7.7354608,0.11327549815177917,0.9843527674674988,0.770554780960083
YHR129C,YLR357W,0,-7.735515,0.11325695365667343,0.9843527674674988,0.7706969976425171
YBR291C,YER104W,0,-7.7357197,0.11323842406272888,0.9843527674674988,0.770839273929596
YHR041C,YNR073C,0,-7.736441,0.11321989446878433,0.9843527674674988,0.77098149061203
YLR210W,YBR195C,0,-7.7376323,0.11320137232542038,0.9843527674674988,0.7711237668991089
YDR440W,YPL112C,0,-7.737996,0.11318285763263702,0.9843527674674988,0.771265983581543
YOR326W,YPL183W-A,0,-7.739053,0.11316435039043427,0.9843527674674988,0.7714082598686218
YDL084W,YCR045C,0,-7.7393494,0.1131458505988121,0.9843527674674988,0.7715504765510559
YLR384C,YLR251W,0,-7.739357,0.11312735080718994,0.9843527674674988,0.7716927528381348
YHR088W,YGL160W,0,-7.740223,0.11310885846614838,0.9843527674674988,0.7718349695205688
YER056C,YOR375C,0,-7.740401,0.11309037357568741,0.9843527674674988,0.7719772458076477
YHR129C,YMR038C,0,-7.7410755,0.11307189613580704,0.9843527674674988,0.7721194624900818
YJL159W,YHR170W,0,-7.7442727,0.11305342614650726,0.9843527674674988,0.7722617387771606
YOR295W,YCR045C,0,-7.745636,0.11303495615720749,0.9843527674674988,0.7724039554595947
YBR243C,YMR068W,0,-7.745906,0.11301649361848831,0.9843527674674988,0.7725462317466736
YFR029W,YIL083C,0,-7.7483487,0.11299803853034973,0.9843527674674988,0.7726884484291077
YNL327W,YLR106C,0,-7.7484136,0.11297959089279175,0.9843527674674988,0.7728307247161865
YML042W,YJL222W,0,-7.750264,0.11296115070581436,0.9843527674674988,0.7729730010032654
YDR120C,YBR016W,0,-7.751653,0.11294271051883698,0.9843527674674988,0.7731152176856995
YGR192C,YKR079C,0,-7.7531238,0.11292428523302078,0.9843527674674988,0.7732574939727783
YJR019C,YOR229W,0,-7.7534003,0.11290585994720459,0.9843527674674988,0.7733997106552124
YGR295C,YOL124C,0,-7.7539353,0.112887442111969,0.9843527674674988,0.7735419869422913
YIL068C,YPL072W,0,-7.7544293,0.1128690242767334,0.9843527674674988,0.7736842036247253
YAL054C,YKL152C,0,-7.7560325,0.112850621342659,0.9843527674674988,0.7738264799118042
YOL060C,YPL253C,0,-7.757146,0.1128322184085846,0.9843527674674988,0.7739686965942383
YBR135W,YDR399W,0,-7.7579255,0.11281382292509079,0.9843527674674988,0.7741109728813171
YNL322C,YGR152C,0,-7.7582955,0.11279543489217758,0.9843527674674988,0.7742531895637512
YAL039C,YDL244W,0,-7.758743,0.11277705430984497,0.9843527674674988,0.7743954658508301
YNL147W,YDR120C,0,-7.759048,0.11275867372751236,0.9843527674674988,0.7745376825332642
YNR016C,YJL141C,0,-7.7612185,0.11274030804634094,0.9843527674674988,0.774679958820343
YLL034C,YDL140C,0,-7.7613297,0.11272194236516953,0.9843527674674988,0.7748221755027771
YOR264W,YHR001W-A,0,-7.7614684,0.1127035841345787,0.9843527674674988,0.774964451789856
YNL061W,YGR208W,0,-7.763711,0.11268523335456848,0.9843527674674988,0.77510666847229
YPL280W,YPL155C,0,-7.7644644,0.11266688257455826,0.9843527674674988,0.7752489447593689
YER125W,YGL028C,0,-7.7646685,0.11264854669570923,0.9843527674674988,0.775391161441803
YMR186W,YKR056W,0,-7.765067,0.1126302108168602,0.9843527674674988,0.7755334377288818
YML031W,YNL304W,0,-7.766079,0.11261188238859177,0.9843527674674988,0.7756756544113159
YBR050C,YER150W,0,-7.766913,0.11259355396032333,0.9843527674674988,0.7758179306983948
YOR374W,YMR280C,0,-7.7671638,0.1125752404332161,0.9843527674674988,0.7759601473808289
YMR213W,YHR061C,0,-7.7678466,0.11255692690610886,0.9843527674674988,0.7761024236679077
YAL040C,YMR023C,0,-7.768358,0.11253862082958221,0.9843527674674988,0.7762446403503418
YML008C,YNL007C,0,-7.76859,0.11252032220363617,0.9843527674674988,0.7763869166374207
YNL110C,YGL160W,0,-7.7700653,0.11250203102827072,0.9843527674674988,0.7765291333198547
YPL231W,YPL081W,0,-7.7702746,0.11248374730348587,0.9843527674674988,0.7766714096069336
YOL139C,YGL124C,0,-7.772748,0.11246546357870102,0.9843527674674988,0.7768136262893677
YAR050W,YOL102C,0,-7.772802,0.11244718730449677,0.9843527674674988,0.7769559025764465
YLR043C,YBR139W,0,-7.7733445,0.11242891848087311,0.9843527674674988,0.7770981788635254
YHR005C-A,YJR094W-A,0,-7.7735343,0.11241065710783005,0.9843527674674988,0.7772403955459595
YML075C,YPL162C,0,-7.776979,0.11239239573478699,0.9843527674674988,0.7773826718330383
YPL231W,YGR005C,0,-7.777742,0.11237414926290512,0.9843527674674988,0.7775248885154724
YPL233W,YEL054C,0,-7.778828,0.11235590279102325,0.9843527674674988,0.7776671648025513
YNR016C,YOR037W,0,-7.779265,0.11233766376972198,0.9843527674674988,0.7778093814849854
YBL068W,YGR208W,0,-7.780068,0.11231943219900131,0.9843527674674988,0.7779516577720642
YGR108W,YAR050W,0,-7.7815223,0.11230120062828064,0.9843527674674988,0.7780938744544983
YOR351C,YCR057C,0,-7.782952,0.11228297650814056,0.9843527674674988,0.7782361507415771
YBR089C-A,YHR001W-A,0,-7.783344,0.11226475983858109,0.9843527674674988,0.7783783674240112
YIL079C,YHR058C,0,-7.783767,0.1122465506196022,0.9843527674674988,0.7785206437110901
YPL005W,YNL053W,0,-7.783977,0.11222834885120392,0.9843527674674988,0.7786628603935242
YFR027W,YFL003C,0,-7.7842116,0.11221014708280563,0.9843527674674988,0.778805136680603
YJL130C,YLL023C,0,-7.7850647,0.11219196021556854,0.9843527674674988,0.7789473533630371
YDR534C,YBR195C,0,-7.7855077,0.11217377334833145,0.9843527674674988,0.779089629650116
YFL025C,YAL058W,1,-7.785831,0.11231766641139984,0.9857752323150635,0.779089629650116
YJL010C,YJR059W,0,-7.7870107,0.11229946464300156,0.9857752323150635,0.77923184633255
YNL023C,YGR095C,0,-7.7877483,0.11228127032518387,0.9857752323150635,0.7793741226196289
YDR501W,YOL124C,0,-7.789047,0.11226308345794678,0.9857752323150635,0.779516339302063
YDR118W,YAL058W,1,-7.789718,0.11240686476230621,0.9871976971626282,0.779516339302063
YNL065W,YER165W,0,-7.7906923,0.11238866299390793,0.9871976971626282,0.7796586155891418
YCL040W,YLR154C,0,-7.791221,0.11237046867609024,0.9871976971626282,0.7798008322715759
YBR195C,YGR125W,0,-7.7919765,0.11235227435827255,0.9871976971626282,0.7799431085586548
YMR300C,YMR035W,0,-7.7937326,0.11233408749103546,0.9871976971626282,0.7800853252410889
YNL005C,YGR245C,0,-7.794636,0.11231590807437897,0.9871976971626282,0.7802276015281677
YBR228W,YML045W,0,-7.7952504,0.11229773610830307,0.9871976971626282,0.7803698182106018
YLR181C,YPL141C,0,-7.7958217,0.11227956414222717,0.9871976971626282,0.7805120944976807
YMR316W,YBR028C,0,-7.795997,0.11226140707731247,0.9871976971626282,0.7806543111801147
YFL057C,YOR244W,0,-7.7988405,0.11224325001239777,0.9871976971626282,0.7807965874671936
YBR131W,YBR146W,0,-7.7991004,0.11222510039806366,0.9871976971626282,0.7809388041496277
YBL005W,YKL125W,0,-7.799385,0.11220695078372955,0.9871976971626282,0.7810810804367065
YPL005W,YCR102C,0,-7.7998195,0.11218881607055664,0.9871976971626282,0.7812233567237854
YAL040C,YDR217C,0,-7.799952,0.11217068135738373,0.9871976971626282,0.7813655734062195
YJL010C,YGR033C,0,-7.8006763,0.11215255409479141,0.9871976971626282,0.7815078496932983
YER141W,YGR152C,0,-7.8019447,0.1121344342827797,0.9871976971626282,0.7816500663757324
YGR061C,YOR010C,0,-7.8040557,0.11211631447076797,0.9871976971626282,0.7817923426628113
YGR289C,YBL113C,0,-7.8043694,0.11209820955991745,0.9871976971626282,0.7819345593452454
YHR058C,YCR043C,0,-7.8059525,0.11208010464906693,0.9871976971626282,0.7820768356323242
YAL031C,YDR012W,0,-7.8062487,0.112062007188797,0.9871976971626282,0.7822190523147583
YOR233W,YDR297W,0,-7.8068953,0.11204391717910767,0.9871976971626282,0.7823613286018372
YFL010W-A,YDR156W,0,-7.807305,0.11202582716941833,0.9871976971626282,0.7825035452842712
YNL185C,YJL108C,0,-7.808557,0.1120077446103096,0.9871976971626282,0.7826458215713501
YIL090W,YBR117C,0,-7.8090587,0.11198966950178146,0.9871976971626282,0.7827880382537842
YJL025W,YBR214W,0,-7.8099284,0.11197160184383392,0.9871976971626282,0.782930314540863
YPR033C,YIR018W,0,-7.810765,0.11195354163646698,0.9871976971626282,0.7830725312232971
YMR186W,YPL212C,0,-7.811012,0.11193548142910004,0.9871976971626282,0.783214807510376
YKL192C,YER044C-A,0,-7.81198,0.11191743612289429,0.9871976971626282,0.7833570241928101
YCR069W,YHR005C-A,0,-7.8134017,0.11189939081668854,0.9871976971626282,0.7834993004798889
YBL039C,YPR098C,0,-7.817229,0.11188134551048279,0.9871976971626282,0.783641517162323
YJR005W,YKR079C,0,-7.820294,0.11186331510543823,0.9871976971626282,0.7837837934494019
YPL146C,YHL008C,0,-7.822571,0.11184528470039368,0.9871976971626282,0.7839260101318359
YGL191W,YHR104W,0,-7.8227186,0.11182726174592972,0.9871976971626282,0.7840682864189148
YOL080C,YMR183C,0,-7.822821,0.11180924624204636,0.9871976971626282,0.7842105031013489
YHR107C,YJR041C,0,-7.8231835,0.11179123818874359,0.9871976971626282,0.7843527793884277
YGR140W,YNL304W,0,-7.8234777,0.11177323013544083,0.9871976971626282,0.7844949960708618
YBR268W,YJL036W,0,-7.8242474,0.11175523698329926,0.9871976971626282,0.7846372723579407
YFL010W-A,YMR224C,0,-7.8249106,0.11173724383115768,0.9871976971626282,0.7847794890403748
YKL152C,YBL052C,0,-7.8250217,0.11171925067901611,0.9871976971626282,0.7849217653274536
YDR419W,YJL168C,0,-7.8250737,0.11170127242803574,0.9871976971626282,0.7850639820098877
YNL322C,YPL183W-A,0,-7.8251343,0.11168329417705536,0.9871976971626282,0.7852062582969666
YOL065C,YHR041C,0,-7.8296695,0.11166532337665558,0.9871976971626282,0.7853485345840454
YGL001C,YGR002C,0,-7.83037,0.1116473600268364,0.9871976971626282,0.7854907512664795
YDR363W-A,YDR002W,1,-7.831002,0.1117902547121048,0.9886202216148376,0.7854907512664795
YNL053W,YPL032C,0,-7.8322062,0.11177227646112442,0.9886202216148376,0.7856330275535583
YOR005C,YML006C,0,-7.835421,0.11175429821014404,0.9886202216148376,0.7857752442359924
YMR182C,YJL213W,0,-7.8361526,0.11173633486032486,0.9886202216148376,0.7859175205230713
YDR262W,YML045W,0,-7.8364167,0.11171837151050568,0.9886202216148376,0.7860597372055054
YOR239W,YHR001W-A,0,-7.837077,0.11170041561126709,0.9886202216148376,0.7862020134925842
YPR043W,YMR039C,0,-7.8387475,0.1116824671626091,0.9886202216148376,0.7863442301750183
YDR524C,YLR384C,0,-7.8415136,0.11166452616453171,0.9886202216148376,0.7864865064620972
YDR231C,YJR069C,0,-7.842254,0.11164658516645432,0.9886202216148376,0.7866287231445312
YGR152C,YHR106W,0,-7.842361,0.11162865161895752,0.9886202216148376,0.7867709994316101
YMR228W,YDR288W,0,-7.8424077,0.11161072552204132,0.9886202216148376,0.7869132161140442
YLL052C,YLR312W-A,0,-7.842477,0.11159280687570572,0.9886202216148376,0.787055492401123
YKR081C,YJL129C,0,-7.8448205,0.11157488822937012,0.9886202216148376,0.7871977090835571
YLL018C-A,YOR151C,0,-7.8455276,0.11155698448419571,0.9886202216148376,0.787339985370636
YBR066C,YHR003C,0,-7.847097,0.1115390807390213,0.9886202216148376,0.7874822020530701
YFL010W-A,YJL025W,0,-7.847104,0.11152118444442749,0.9886202216148376,0.7876244783401489
YMR032W,YMR177W,0,-7.848847,0.11150328814983368,0.9886202216148376,0.787766695022583
YDL099W,YOR063W,0,-7.8491793,0.11148539930582047,0.9886202216148376,0.7879089713096619
YBR291C,YJR094C,0,-7.849486,0.11146752536296844,0.9886202216148376,0.788051187992096
YKR039W,YHR156C,0,-7.850059,0.11144964396953583,0.9886202216148376,0.7881934642791748
YML008C,YBR154C,0,-7.8502674,0.1114317774772644,0.9886202216148376,0.7883356809616089
YKL166C,YBR028C,0,-7.850598,0.11141391843557358,0.9886202216148376,0.7884779572486877
YOR299W,YNL123W,0,-7.8508,0.11139605939388275,0.9886202216148376,0.7886201739311218
YOR320C,YDR383C,0,-7.8519144,0.11137820780277252,0.9886202216148376,0.7887624502182007
YHR062C,YGR271C-A,0,-7.851918,0.11136035621166229,0.9886202216148376,0.7889046669006348
YLR100W,YLR167W,0,-7.85209,0.11134251952171326,0.9886202216148376,0.7890469431877136
YML015C,YHR048W,0,-7.8538303,0.11132468283176422,0.9886202216148376,0.7891891598701477
YFL036W,YLR264W,0,-7.85448,0.11130685359239578,0.9886202216148376,0.7893314361572266
YHR104W,YBR050C,0,-7.855945,0.11128903180360794,0.9886202216148376,0.7894737124443054
YMR198W,YMR032W,0,-7.8569536,0.1112712100148201,0.9886202216148376,0.7896159291267395
YBR244W,YDR311W,0,-7.85811,0.11125340312719345,0.9886202216148376,0.7897582054138184
YPL173W,YOR310C,0,-7.8589163,0.1112355962395668,0.9886202216148376,0.7899004220962524
YBR038W,YKR102W,0,-7.859787,0.11121779680252075,0.9886202216148376,0.7900426983833313
YGL155W,YNR012W,0,-7.861411,0.1111999973654747,0.9886202216148376,0.7901849150657654
YOL132W,YLR312W-A,0,-7.861504,0.11118221282958984,0.9886202216148376,0.7903271913528442
YAL059W,YDR259C,0,-7.861959,0.11116442829370499,0.9886202216148376,0.7904694080352783
YJR063W,YFL005W,0,-7.863173,0.11114665120840073,0.9886202216148376,0.7906116843223572
YLR242C,YDR365C,0,-7.8643785,0.11112887412309647,0.9886202216148376,0.7907539010047913
YNL021W,YIL083C,0,-7.866107,0.1111111119389534,0.9886202216148376,0.7908961772918701
YMR290C,YDR100W,0,-7.866252,0.11109334975481033,0.9886202216148376,0.7910383939743042
YJL039C,YPL171C,0,-7.8669415,0.11107559502124786,0.9886202216148376,0.7911806702613831
YOR244W,YOL080C,0,-7.8673735,0.11105784773826599,0.9886202216148376,0.7913228869438171
YER154W,YLR251W,0,-7.8679824,0.11104010045528412,0.9886202216148376,0.791465163230896
YFR024C-A,YLR002C,0,-7.8707952,0.11102236062288284,0.9886202216148376,0.7916073799133301
YNL201C,YDR465C,0,-7.8743644,0.11100462824106216,0.9886202216148376,0.7917496562004089
YOL126C,YCR102C,0,-7.875668,0.11098690330982208,0.9886202216148376,0.791891872882843
YJR140C,YLR167W,0,-7.875783,0.1109691858291626,0.9886202216148376,0.7920341491699219
YHR116W,YHR048W,0,-7.875883,0.11095146834850311,0.9886202216148376,0.792176365852356
YEL054C,YFL005W,0,-7.8759584,0.11093375831842422,0.9886202216148376,0.7923186421394348
YBR021W,YDR012W,0,-7.8762364,0.11091605573892593,0.9886202216148376,0.7924608588218689
YGR027C,YGL137W,0,-7.8770676,0.11089835315942764,0.9886202216148376,0.7926031351089478
YJL101C,YLR154C,0,-7.8770742,0.11088066548109055,0.9886202216148376,0.7927453517913818
YLR312W-A,YHR062C,0,-7.8796115,0.11086297780275345,0.9886202216148376,0.7928876280784607
YJR089W,YDR156W,0,-7.8803663,0.11084529757499695,0.9886202216148376,0.7930298447608948
YBR037C,YLR139C,0,-7.8804436,0.11082761734724045,0.9886202216148376,0.7931721210479736
YJL010C,YAL009W,0,-7.8805575,0.11080995202064514,0.9886202216148376,0.7933143377304077
YPL083C,YLR237W,0,-7.882899,0.11079228669404984,0.9886202216148376,0.7934566140174866
YFR001W,YAL002W,0,-7.8835816,0.11077462881803513,0.9886202216148376,0.7935988903045654
YOR182C,YEL020W-A,0,-7.8838234,0.11075697094202042,0.9886202216148376,0.7937411069869995
YBR268W,YPL186C,0,-7.8844943,0.1107393279671669,0.9886202216148376,0.7938833832740784
YER110C,YMR121C,0,-7.88551,0.11072168499231339,0.9886202216148376,0.7940255999565125
YGL209W,YDR523C,0,-7.886478,0.11070404946804047,0.9886202216148376,0.7941678762435913
YJR041C,YHR080C,0,-7.8881927,0.11068641394376755,0.9886202216148376,0.7943100929260254
YLL001W,YLR100W,0,-7.88825,0.11066879332065582,0.9886202216148376,0.7944523692131042
YMR158W,YBR117C,0,-7.8897395,0.1106511726975441,0.9886202216148376,0.7945945858955383
YML008C,YOR155C,0,-7.8899302,0.11063355952501297,0.9886202216148376,0.7947368621826172
YOL155C,YNL110C,0,-7.890208,0.11061594635248184,0.9886202216148376,0.7948790788650513
YFL036W,YER150W,0,-7.8944707,0.11059834808111191,0.9886202216148376,0.7950213551521301
YBR244W,YGL016W,0,-7.8952003,0.11058074980974197,0.9886202216148376,0.7951635718345642
YDR100W,YNL339C,0,-7.895349,0.11056315898895264,0.9886202216148376,0.7953058481216431
YFL036W,YML027W,0,-7.8967533,0.1105455681681633,0.9886202216148376,0.7954480648040771
YLR312W-A,YMR006C,0,-7.8990674,0.11052799224853516,0.9886202216148376,0.795590341091156
YPL275W,YJL089W,0,-7.8992543,0.11051041632890701,0.9886202216148376,0.7957325577735901
YDR511W,YJL106W,0,-7.8994727,0.11049284785985947,0.9886202216148376,0.795874834060669
YOL077C,YJR051W,0,-7.899525,0.11047527939081192,0.9886202216148376,0.796017050743103
YLR154C,YPL019C,0,-7.8997664,0.11045772582292557,0.9886202216148376,0.7961593270301819
YIL106W,YPR102C,0,-7.8997993,0.11044017225503922,0.9886202216148376,0.796301543712616
YGL016W,YJL072C,0,-7.900313,0.11042262613773346,0.9886202216148376,0.7964438199996948
YNR056C,YOR018W,0,-7.9006605,0.1104050800204277,0.9886202216148376,0.7965860366821289
YJL033W,YNR072W,0,-7.900821,0.11038754880428314,0.9886202216148376,0.7967283129692078
YNL199C,YPL155C,0,-7.9010873,0.11037001758813858,0.9886202216148376,0.7968705296516418
YFL003C,YGR245C,0,-7.901118,0.11035249382257462,0.9886202216148376,0.7970128059387207
YDR440W,YJL076W,0,-7.901168,0.11033497750759125,0.9886202216148376,0.7971550226211548
YML110C,YOR228C,0,-7.904108,0.11031746119260788,0.9886202216148376,0.7972972989082336
YAL002W,YFR006W,0,-7.9043527,0.11029995232820511,0.9886202216148376,0.7974395155906677
YER095W,YPL183W-A,0,-7.9059663,0.11028245091438293,0.9886202216148376,0.7975817918777466
YDR365C,YGR186W,0,-7.907504,0.11026494950056076,0.9886202216148376,0.7977240681648254
YNL185C,YBL113C,0,-7.907898,0.11024746298789978,0.9886202216148376,0.7978662848472595
YER110C,YBR279W,0,-7.9095783,0.1102299764752388,0.9886202216148376,0.7980085611343384
YHR013C,YDR435C,0,-7.910359,0.11021249741315842,0.9886202216148376,0.7981507778167725
YNR003C,YGR271C-A,0,-7.912608,0.11019501835107803,0.9886202216148376,0.7982930541038513
YLR295C,YDR533C,0,-7.9149375,0.11017755419015884,0.9886202216148376,0.7984352707862854
YMR128W,YPR140W,0,-7.9164042,0.11016009002923965,0.9886202216148376,0.7985775470733643
YDR523C,YDR128W,0,-7.9169893,0.11014263331890106,0.9886202216148376,0.7987197637557983
YGR195W,YAR003W,0,-7.9180756,0.11012517660856247,0.9886202216148376,0.7988620400428772
YPL161C,YHR154W,0,-7.9187493,0.11010773479938507,0.9886202216148376,0.7990042567253113
YDR527W,YPR010C,0,-7.919961,0.11009029299020767,0.9886202216148376,0.7991465330123901
YMR023C,YDR262W,0,-7.9211874,0.11007285118103027,0.9886202216148376,0.7992887496948242
YJR010W,YNL201C,0,-7.921787,0.11005542427301407,0.9886202216148376,0.7994310259819031
YBR245C,YLR042C,0,-7.9229107,0.11003799736499786,0.9886202216148376,0.7995732426643372
YGL148W,YLL023C,0,-7.9233913,0.11002057790756226,0.9886202216148376,0.799715518951416
YPR010C,YBL102W,0,-7.924335,0.11000316590070724,0.9886202216148376,0.7998577356338501
YOR324C,YBR195C,0,-7.9251866,0.10998575389385223,0.9886202216148376,0.800000011920929
YGL012W,YGR212W,0,-7.925222,0.10996835678815842,0.9886202216148376,0.800142228603363
YOR306C,YJL036W,0,-7.925251,0.1099509596824646,0.9886202216148376,0.8002845048904419
YJR005W,YDL227C,0,-7.9254956,0.10993356257677078,0.9886202216148376,0.800426721572876
YPL119C,YKL156W,0,-7.9256163,0.10991618037223816,0.9886202216148376,0.8005689978599548
YPL231W,YGR289C,0,-7.9276814,0.10989879816770554,0.9886202216148376,0.8007112145423889
YGR167W,YJL025W,0,-7.92798,0.10988142341375351,0.9886202216148376,0.8008534908294678
YMR213W,YIL069C,0,-7.9282804,0.10986405611038208,0.9886202216148376,0.8009957075119019
YPL140C,YER013W,0,-7.9284863,0.10984668880701065,0.9886202216148376,0.8011379837989807
YBR038W,YPR081C,0,-7.928782,0.10982932895421982,0.9886202216148376,0.8012802004814148
YML006C,YGR213C,0,-7.9288826,0.10981197655200958,0.9886202216148376,0.8014224767684937
YPR192W,YGR075C,0,-7.9290357,0.10979463160037994,0.9886202216148376,0.8015646934509277
YBR109C,YLR167W,0,-7.9297547,0.1097772866487503,0.9886202216148376,0.8017069697380066
YKL152C,YHR203C,0,-7.930172,0.10975994914770126,0.9886202216148376,0.8018492460250854
YHR013C,YER005W,0,-7.9307933,0.10974261909723282,0.9886202216148376,0.8019914627075195
YPR033C,YDR322W,0,-7.931437,0.10972528904676437,0.9886202216148376,0.8021337389945984
YML043C,YPR003C,0,-7.932669,0.10970797389745712,0.9886202216148376,0.8022759556770325
YAL039C,YBL039C,0,-7.933252,0.10969065874814987,0.9886202216148376,0.8024182319641113
YPL093W,YPR133W-A,0,-7.9337068,0.10967334359884262,0.9886202216148376,0.8025604486465454
YAL011W,YOL124C,0,-7.9339385,0.10965604335069656,0.9886202216148376,0.8027027249336243
YDR098C,YGL077C,0,-7.935356,0.1096387431025505,0.9886202216148376,0.8028449416160583
YLR008C,YDR320C,0,-7.935801,0.10962145030498505,0.9886202216148376,0.8029872179031372
YLL018C-A,YDL105W,0,-7.9359565,0.10960416495800018,0.9886202216148376,0.8031294345855713
YGR227W,YNL208W,0,-7.935991,0.10958687961101532,0.9886202216148376,0.8032717108726501
YDR085C,YKL156W,0,-7.941545,0.10956960171461105,0.9886202216148376,0.8034139275550842
YPR043W,YKL184W,0,-7.9417443,0.10955233126878738,0.9886202216148376,0.8035562038421631
YJL184W,YDL229W,0,-7.9417744,0.10953506827354431,0.9886202216148376,0.8036984205245972
YDR023W,YBR058C,0,-7.9457746,0.10951780527830124,0.9886202216148376,0.803840696811676
YLR116W,YHR062C,0,-7.946667,0.10950054973363876,0.9886202216148376,0.8039829134941101
YHR104W,YIL099W,0,-7.946764,0.10948330163955688,0.9886202216148376,0.804125189781189
YPR192W,YIL019W,0,-7.9471736,0.1094660609960556,0.9886202216148376,0.804267406463623
YDR399W,YHR048W,0,-7.948031,0.10944882035255432,0.9886202216148376,0.8044096827507019
YOL010W,YPL120W,0,-7.9482746,0.10943158715963364,0.9886202216148376,0.804551899433136
YHR116W,YJL109C,0,-7.949727,0.10941435396671295,0.9886202216148376,0.8046941757202148
YLR160C,YNR017W,0,-7.9498496,0.10939713567495346,0.9886202216148376,0.8048363924026489
YOL156W,YKL216W,0,-7.9506946,0.10937991738319397,0.9886202216148376,0.8049786686897278
YOL124C,YOR124C,0,-7.9529862,0.10936270654201508,0.9886202216148376,0.8051208853721619
YDR118W,YDR131C,1,-7.953793,0.10950282961130142,0.9900426864624023,0.8051208853721619
YBR038W,YKR100C,0,-7.956454,0.10948560386896133,0.9900426864624023,0.8052631616592407
YEL054C,YBR254C,0,-7.9593177,0.10946838557720184,0.9900426864624023,0.8054053783416748
YOR237W,YIR033W,0,-7.959969,0.10945117473602295,0.9900426864624023,0.8055476546287537
YOL132W,YER105C,0,-7.9603996,0.10943396389484406,0.9900426864624023,0.8056898713111877
YGR295C,YLL028W,0,-7.9605255,0.10941676050424576,0.9900426864624023,0.8058321475982666
YGR295C,YIL069C,0,-7.9608808,0.10939955711364746,0.9900426864624023,0.8059744238853455
YJL052W,YLR346C,0,-7.9614487,0.10938236862421036,0.9900426864624023,0.8061166405677795
YML075C,YGR075C,0,-7.961904,0.10936518013477325,0.9900426864624023,0.8062589168548584
YJR070C,YJL076W,0,-7.9633303,0.10934799909591675,0.9900426864624023,0.8064011335372925
YLR359W,YEL055C,0,-7.9638724,0.10933081805706024,0.9900426864624023,0.8065434098243713
YLR160C,YDR073W,0,-7.966553,0.10931365191936493,0.9900426864624023,0.8066856265068054
YMR029C,YBR154C,0,-7.967038,0.10929648578166962,0.9900426864624023,0.8068279027938843
YFL011W,YPR043W,0,-7.967996,0.1092793196439743,0.9900426864624023,0.8069701194763184
YEL058W,YNL096C,0,-7.9682794,0.10926216840744019,0.9900426864624023,0.8071123957633972
YOR153W,YLR165C,0,-7.9699144,0.10924501717090607,0.9900426864624023,0.8072546124458313
YPL217C,YDR158W,0,-7.9718633,0.10922787338495255,0.9900426864624023,0.8073968887329102
YGR088W,YBL090W,0,-7.972648,0.10921072959899902,0.9900426864624023,0.8075391054153442
YGR061C,YDR533C,0,-7.973098,0.1091936007142067,0.9900426864624023,0.8076813817024231
YPL112C,YGR185C,0,-7.9744015,0.10917647182941437,0.9900426864624023,0.8078235983848572
YMR211W,YPR003C,0,-7.976199,0.10915935039520264,0.9900426864624023,0.807965874671936
YNR003C,YDR023W,0,-7.976917,0.1091422289609909,0.9900426864624023,0.8081080913543701
YDR106W,YKL064W,0,-7.9769697,0.10912511497735977,0.9900426864624023,0.808250367641449
YLR274W,YGR208W,0,-7.977933,0.10910800844430923,0.9900426864624023,0.8083925843238831
YLL052C,YLR071C,0,-7.978099,0.1090909093618393,0.9900426864624023,0.8085348606109619
YIL015W,YNL007C,0,-7.978124,0.10907381027936935,0.9900426864624023,0.808677077293396
YGR027C,YIL138C,0,-7.978358,0.10905671864748001,0.9900426864624023,0.8088193535804749
YJR105W,YNL112W,0,-7.978494,0.10903963446617126,0.9900426864624023,0.8089615702629089
YDR252W,YDR516C,0,-7.9789267,0.10902255773544312,0.9900426864624023,0.8091038465499878
YNL216W,YDR012W,0,-7.9791393,0.10900548100471497,0.9900426864624023,0.8092460632324219
YNL099C,YHR037W,0,-7.980374,0.10898841172456741,0.9900426864624023,0.8093883395195007
YDL117W,YHR120W,0,-7.980963,0.10897134989500046,0.9900426864624023,0.8095305562019348
YJR053W,YKL053C-A,0,-7.9813046,0.1089542880654335,0.9900426864624023,0.8096728324890137
YLR291C,YOR151C,0,-7.981897,0.10893723368644714,0.9900426864624023,0.8098150491714478
YFL050C,YGL168W,0,-7.9825435,0.10892018675804138,0.9900426864624023,0.8099573254585266
YMR006C,YKL156W,0,-7.9829,0.10890314728021622,0.9900426864624023,0.8100996017456055
YLR071C,YDR045C,0,-7.9833665,0.10888610780239105,0.9900426864624023,0.8102418184280396
YMR162C,YMR312W,0,-7.9835696,0.10886907577514648,0.9900426864624023,0.8103840947151184
YBR102C,YBL002W,0,-7.9837966,0.10885205119848251,0.9900426864624023,0.8105263113975525
YPL227C,YER175C,0,-7.9848,0.10883502662181854,0.9900426864624023,0.8106685876846313
YHL033C,YGR208W,0,-7.9865584,0.10881800949573517,0.9900426864624023,0.8108108043670654
YMR300C,YLR284C,0,-7.986611,0.10880099982023239,0.9900426864624023,0.8109530806541443
YDL188C,YNL044W,0,-7.9870677,0.10878399759531021,0.9900426864624023,0.8110952973365784
YMR006C,YPL141C,0,-7.9880443,0.10876699537038803,0.9900426864624023,0.8112375736236572
YNL327W,YDR318W,0,-7.988215,0.10875000059604645,0.9900426864624023,0.8113797903060913
YBR021W,YPR007C,0,-7.9885993,0.10873301327228546,0.9900426864624023,0.8115220665931702
YBL027W,YHR203C,0,-7.9913087,0.10871602594852448,0.9900426864624023,0.8116642832756042
YIL083C,YNR021W,0,-7.9914517,0.10869904607534409,0.9900426864624023,0.8118065595626831
YDR113C,YNL072W,0,-7.991571,0.1086820736527443,0.9900426864624023,0.8119487762451172
YOR244W,YCR073C,0,-7.9929194,0.1086651086807251,0.9900426864624023,0.812091052532196
YHR204W,YML088W,1,-7.9934745,0.10880424827337265,0.991465151309967,0.812091052532196
YEL020W-A,YGL145W,0,-7.9944816,0.10878726094961166,0.991465151309967,0.8122332692146301
YBR078W,YGL209W,0,-7.9957995,0.10877028852701187,0.991465151309967,0.812375545501709
YDR385W,YPL196W,0,-7.9964633,0.10875331610441208,0.991465151309967,0.8125177621841431
YOL065C,YBR152W,0,-7.997646,0.10873635113239288,0.991465151309967,0.8126600384712219
YNL111C,YLL006W,0,-8.001278,0.10871938616037369,0.991465151309967,0.812802255153656
YDR240C,YOL102C,0,-8.001461,0.10870243608951569,0.991465151309967,0.8129445314407349
YFL010W-A,YLL027W,0,-8.002917,0.10868548601865768,0.991465151309967,0.813086748123169
YDR318W,YDR023W,0,-8.003142,0.10866853594779968,0.991465151309967,0.8132290244102478
YCR088W,YHR041C,0,-8.003528,0.10865160077810287,0.991465151309967,0.8133712410926819
YGL254W,YDR023W,0,-8.004062,0.10863466560840607,0.991465151309967,0.8135135173797607
YML042W,YNL240C,0,-8.006533,0.10861773043870926,0.991465151309967,0.8136557340621948
YGL148W,YIR023W,0,-8.008162,0.10860081017017365,0.991465151309967,0.8137980103492737
YLR005W,YOL124C,0,-8.009069,0.10858388990163803,0.991465151309967,0.8139402270317078
YLR131C,YPL186C,0,-8.010548,0.10856697708368301,0.991465151309967,0.8140825033187866
YJR069C,YDL084W,0,-8.011169,0.1085500717163086,0.991465151309967,0.8142247796058655
YPL217C,YAL011W,0,-8.011531,0.10853316634893417,0.991465151309967,0.8143669962882996
YGL122C,YOL124C,0,-8.012262,0.10851626843214035,0.991465151309967,0.8145092725753784
YBL019W,YDR297W,0,-8.012429,0.10849937796592712,0.991465151309967,0.8146514892578125
YBR131W,YNL044W,0,-8.012472,0.1084824874997139,0.991465151309967,0.8147937655448914
YLL034C,YOR045W,0,-8.012859,0.10846561193466187,0.991465151309967,0.8149359822273254
YER015W,YOR270C,0,-8.012878,0.10844872891902924,0.991465151309967,0.8150782585144043
YPL005W,YJL072C,0,-8.013065,0.1084318608045578,0.991465151309967,0.8152204751968384
YOR233W,YGL062W,0,-8.013174,0.10841499269008636,0.991465151309967,0.8153627514839172
YCL038C,YJL089W,0,-8.013365,0.10839813202619553,0.991465151309967,0.8155049681663513
YGR258C,YMR229C,0,-8.014517,0.10838127881288528,0.991465151309967,0.8156472444534302
YBL035C,YOR229W,0,-8.015362,0.10836442559957504,0.991465151309967,0.8157894611358643
YJL159W,YOR230W,0,-8.016797,0.1083475798368454,0.991465151309967,0.8159317374229431
YDR221W,YGL160W,0,-8.018835,0.10833074152469635,0.991465151309967,0.8160739541053772
YER069W,YHR098C,0,-8.0191555,0.1083139106631279,0.991465151309967,0.816216230392456
YNL214W,YPR110C,0,-8.01971,0.10829707980155945,0.991465151309967,0.8163584470748901
YER170W,YLR295C,0,-8.021353,0.1082802563905716,0.991465151309967,0.816500723361969
YLL018C-A,YJL091C,0,-8.021605,0.10826343297958374,0.991465151309967,0.8166429400444031
YLL027W,YDR465C,0,-8.024123,0.10824662446975708,0.991465151309967,0.8167852163314819
YDR047W,YGR245C,0,-8.025536,0.10822981595993042,0.991465151309967,0.816927433013916
YFL003C,YNL072W,0,-8.026817,0.10821300745010376,0.991465151309967,0.8170697093009949
YGL155W,YGR005C,0,-8.028065,0.1081962138414383,0.991465151309967,0.817211925983429
YGR212W,YLR369W,0,-8.028204,0.10817942023277283,0.991465151309967,0.8173542022705078
YOL086C,YML027W,0,-8.028599,0.10816263407468796,0.991465151309967,0.8174964189529419
YPL217C,YML057W,0,-8.028907,0.10814584791660309,0.991465151309967,0.8176386952400208
YOR236W,YGL001C,0,-8.029562,0.10812906920909882,0.991465151309967,0.8177809119224548
YMR290C,YDR238C,0,-8.030441,0.10811229795217514,0.991465151309967,0.8179231882095337
YBL040C,YDR087C,0,-8.03075,0.10809553414583206,0.991465151309967,0.8180654048919678
YCL038C,YIL099W,0,-8.031558,0.10807877033948898,0.991465151309967,0.8182076811790466
YBR039W,YBR298C,0,-8.032228,0.1080620139837265,0.991465151309967,0.8183499574661255
YFL010W-A,YBL002W,0,-8.033822,0.10804526507854462,0.991465151309967,0.8184921741485596
YER056C,YNL072W,0,-8.033903,0.10802851617336273,0.991465151309967,0.8186344504356384
YCL004W,YOR182C,0,-8.034643,0.10801177471876144,0.991465151309967,0.8187766671180725
YCL018W,YOR306C,0,-8.036667,0.10799504071474075,0.991465151309967,0.8189189434051514
YGR140W,YDR191W,0,-8.039394,0.10797831416130066,0.991465151309967,0.8190611600875854
YMR029C,YMR032W,0,-8.040417,0.10796158760786057,0.991465151309967,0.8192034363746643
YLR295C,YER088C,0,-8.04044,0.10794486850500107,0.991465151309967,0.8193456530570984
YPL083C,YDR297W,0,-8.041325,0.10792814940214157,0.991465151309967,0.8194879293441772
YDR317W,YJL010C,0,-8.042134,0.10791143774986267,0.991465151309967,0.8196301460266113
YPL019C,YLR020C,0,-8.042223,0.10789473354816437,0.991465151309967,0.8197724223136902
YML022W,YGR028W,0,-8.042408,0.10787803679704666,0.991465151309967,0.8199146389961243
YPL255W,YIL019W,0,-8.043249,0.10786134004592896,0.991465151309967,0.8200569152832031
YDL140C,YMR059W,0,-8.044523,0.10784465074539185,0.991465151309967,0.8201991319656372
YOR239W,YHR205W,0,-8.044796,0.10782796889543533,0.991465151309967,0.8203414082527161
YLR197W,YOR086C,0,-8.045658,0.10781129449605942,0.991465151309967,0.8204836249351501
YOR324C,YBR028C,0,-8.045673,0.1077946200966835,0.991465151309967,0.820625901222229
YMR023C,YGR023W,0,-8.047125,0.10777795314788818,0.991465151309967,0.8207681179046631
YBR066C,YGR095C,0,-8.0488205,0.10776128619909286,0.991465151309967,0.8209103941917419
YLR009W,YIR026C,0,-8.052171,0.10774462670087814,0.991465151309967,0.821052610874176
YAL040C,YJR138W,0,-8.055233,0.10772797465324402,0.991465151309967,0.8211948871612549
YOL130W,YMR280C,0,-8.057699,0.10771133005619049,0.991465151309967,0.821337103843689
YFL011W,YPL081W,0,-8.058275,0.10769468545913696,0.991465151309967,0.8214793801307678
YGR289C,YHR143W-A,0,-8.058498,0.10767804831266403,0.991465151309967,0.8216215968132019
YDR297W,YDL010W,0,-8.059531,0.1076614111661911,0.991465151309967,0.8217638731002808
YOR119C,YDL229W,0,-8.060145,0.10764478892087936,0.991465151309967,0.8219060897827148
YFL036W,YGR285C,0,-8.061569,0.10762816667556763,0.991465151309967,0.8220483660697937
YDL069C,YGL236C,0,-8.062016,0.10761155188083649,0.991465151309967,0.8221905827522278
YMR035W,YFR006W,0,-8.064425,0.10759493708610535,0.991465151309967,0.8223328590393066
YLR370C,YPL093W,0,-8.067143,0.1075783297419548,0.991465151309967,0.8224751353263855
YML022W,YMR298W,0,-8.067617,0.10756172984838486,0.991465151309967,0.8226173520088196
YFL011W,YLL011W,0,-8.067928,0.10754512995481491,0.991465151309967,0.8227596282958984
YPL078C,YML024W,0,-8.069649,0.10752853751182556,0.991465151309967,0.8229018449783325
YBR244W,YDR395W,0,-8.07067,0.10751195251941681,0.991465151309967,0.8230441212654114
YCL026C-A,YOR372C,0,-8.073168,0.10749537497758865,0.991465151309967,0.8231863379478455
YNR041C,YGR245C,0,-8.073738,0.1074787974357605,0.991465151309967,0.8233286142349243
YMR121C,YHR106W,0,-8.075456,0.10746222734451294,0.991465151309967,0.8234708309173584
YKL194C,YLR264W,0,-8.076775,0.10744565725326538,0.991465151309967,0.8236131072044373
YNL113W,YAL047C,0,-8.076956,0.10742910206317902,0.991465151309967,0.8237553238868713
YLR264W,YPL083C,0,-8.0770235,0.10741254687309265,0.991465151309967,0.8238976001739502
YOL023W,YBR005W,0,-8.077833,0.10739599168300629,0.991465151309967,0.8240398168563843
YNL123W,YBR083W,0,-8.078634,0.10737945139408112,0.991465151309967,0.8241820931434631
YIL043C,YAL059W,0,-8.078819,0.10736291110515594,0.991465151309967,0.8243243098258972
YFL057C,YOL139C,0,-8.079932,0.10734637081623077,0.991465151309967,0.8244665861129761
YBR291C,YDR297W,0,-8.082018,0.1073298454284668,0.991465151309967,0.8246088027954102
YPL209C,YJL212C,0,-8.08213,0.10731332004070282,0.991465151309967,0.824751079082489
YGR028W,YBR154C,0,-8.082247,0.10729679465293884,0.991465151309967,0.8248932957649231
YDR238C,YBR117C,0,-8.082911,0.10728028416633606,0.991465151309967,0.825035572052002
YDR197W,YBL027W,0,-8.084346,0.10726377367973328,0.991465151309967,0.825177788734436
YJR138W,YLR430W,0,-8.085625,0.10724727064371109,0.991465151309967,0.8253200650215149
YJL106W,YMR158W,0,-8.085773,0.1072307676076889,0.991465151309967,0.825462281703949
YNR017W,YOR036W,0,-8.086151,0.10721427202224731,0.991465151309967,0.8256045579910278
YHR174W,YOR153W,0,-8.087612,0.10719778388738632,0.991465151309967,0.8257467746734619
YCR089W,YER013W,0,-8.087774,0.10718130320310593,0.991465151309967,0.8258890509605408
YPR137W,YBR152W,0,-8.08815,0.10716482251882553,0.991465151309967,0.8260312676429749
YGL001C,YPL171C,0,-8.088358,0.10714834928512573,0.991465151309967,0.8261735439300537
YER015W,YHR063C,0,-8.088442,0.10713187605142593,0.991465151309967,0.8263157606124878
YGL180W,YGL171W,0,-8.089678,0.10711541771888733,0.991465151309967,0.8264580368995667
YDR385W,YLL006W,0,-8.089737,0.10709895193576813,0.991465151309967,0.8266003131866455
YBR083W,YGR125W,0,-8.0907755,0.10708250105381012,0.991465151309967,0.8267425298690796
YFR029W,YPR114W,0,-8.091137,0.10706605017185211,0.991465151309967,0.8268848061561584
YDR331W,YBR244W,0,-8.091269,0.1070496067404747,0.991465151309967,0.8270270228385925
YNL065W,YGL246C,0,-8.092408,0.10703317075967789,0.991465151309967,0.8271692991256714
YER055C,YGR183C,0,-8.092954,0.10701673477888107,0.991465151309967,0.8273115158081055
YDR385W,YKL184W,0,-8.093004,0.10700030624866486,0.991465151309967,0.8274537920951843
YKR034W,YHR156C,0,-8.095187,0.10698388516902924,0.991465151309967,0.8275960087776184
YLR370C,YHR048W,0,-8.095188,0.10696746408939362,0.991465151309967,0.8277382850646973
YLR110C,YLR100W,0,-8.095951,0.10695105046033859,0.991465151309967,0.8278805017471313
YER168C,YBL002W,0,-8.096359,0.10693464428186417,0.991465151309967,0.8280227780342102
YMR229C,YMR060C,0,-8.099997,0.10691823810338974,0.991465151309967,0.8281649947166443
YPL217C,YOR080W,0,-8.100311,0.10690183937549591,0.991465151309967,0.8283072710037231
YCL024W,YLR222C,0,-8.102296,0.10688544809818268,0.991465151309967,0.8284494876861572
YHR001W-A,YBR154C,0,-8.102547,0.10686905682086945,0.991465151309967,0.8285917639732361
YCL004W,YMR239C,0,-8.102959,0.10685267299413681,0.991465151309967,0.8287339806556702
YBR133C,YDR086C,0,-8.103365,0.10683629661798477,0.991465151309967,0.828876256942749
YJL101C,YJR016C,0,-8.105816,0.10681992024183273,0.991465151309967,0.8290184736251831
YOL139C,YDR372C,0,-8.107774,0.10680355131626129,0.991465151309967,0.829160749912262
YIL147C,YLL012W,0,-8.111082,0.10678718984127045,0.991465151309967,0.829302966594696
YOL155C,YPL196W,0,-8.111252,0.1067708358168602,0.991465151309967,0.8294452428817749
YIL079C,YPR192W,0,-8.112749,0.10675448179244995,0.991465151309967,0.829587459564209
YMR158W,YHL033C,0,-8.1139145,0.1067381352186203,0.991465151309967,0.8297297358512878
YDR315C,YGR094W,0,-8.113964,0.10672178864479065,0.991465151309967,0.8298719525337219
YHR083W,YML027W,0,-8.115203,0.1067054495215416,0.991465151309967,0.8300142288208008
YLR384C,YLR360W,0,-8.116925,0.10668911784887314,0.991465151309967,0.8301564455032349
YHR143W-A,YDR510W,0,-8.116969,0.10667278617620468,0.991465151309967,0.8302987217903137
YBR039W,YOR208W,0,-8.11714,0.10665646195411682,0.991465151309967,0.8304409384727478
YAL047C,YDR086C,0,-8.119105,0.10664014518260956,0.991465151309967,0.8305832147598267
YBR245C,YLR002C,0,-8.119884,0.10662383586168289,0.991465151309967,0.8307254910469055
YPL268W,YGR208W,0,-8.120026,0.10660752654075623,0.991465151309967,0.8308677077293396
YNR056C,YDR182W,0,-8.120134,0.10659122467041016,0.991465151309967,0.8310099840164185
YML042W,YPL212C,0,-8.120399,0.10657492280006409,0.991465151309967,0.8311522006988525
YKR085C,YCR020C,0,-8.121076,0.10655862838029861,0.991465151309967,0.8312944769859314
YJR083C,YJR016C,0,-8.121162,0.10654234141111374,0.991465151309967,0.8314366936683655
YDL117W,YOL125W,0,-8.122636,0.10652606189250946,0.991465151309967,0.8315789699554443
YDL043C,YGR185C,0,-8.123783,0.10650978237390518,0.991465151309967,0.8317211866378784
YMR094W,YGR186W,0,-8.124004,0.1064935028553009,0.991465151309967,0.8318634629249573
YOR127W,YNL222W,0,-8.12426,0.10647723823785782,0.991465151309967,0.8320056796073914
YFR032C-A,YPL186C,0,-8.124636,0.10646097362041473,0.991465151309967,0.8321479558944702
YLR264W,YBR083W,0,-8.125191,0.10644471645355225,0.991465151309967,0.8322901725769043
YER055C,YBL103C,0,-8.125729,0.10642845928668976,0.991465151309967,0.8324324488639832
YDL140C,YPL072W,0,-8.127555,0.10641221702098846,0.991465151309967,0.8325746655464172
YDL043C,YDR012W,0,-8.12797,0.10639596730470657,0.991465151309967,0.8327169418334961
YMR121C,YGR214W,0,-8.12895,0.10637973248958588,0.991465151309967,0.8328591585159302
YHR170W,YMR182C,0,-8.12977,0.10636349767446518,0.991465151309967,0.833001434803009
YEL055C,YPL032C,0,-8.130592,0.10634727030992508,0.991465151309967,0.8331436514854431
YGR124W,YDR156W,0,-8.13149,0.10633104294538498,0.991465151309967,0.833285927772522
YLR106C,YPL196W,0,-8.134554,0.10631482303142548,0.991465151309967,0.833428144454956
YBR228W,YNR012W,0,-8.136427,0.10629861056804657,0.991465151309967,0.8335704207420349
YMR167W,YGR213C,0,-8.137367,0.10628240555524826,0.991465151309967,0.833712637424469
YNL005C,YDR064W,0,-8.139444,0.10626620054244995,0.991465151309967,0.8338549137115479
YGR124W,YMR068W,0,-8.140657,0.10625000298023224,0.991465151309967,0.8339971303939819
YNL111C,YOR373W,0,-8.142036,0.10623380541801453,0.991465151309967,0.8341394066810608
YGL183C,YMR285C,0,-8.142908,0.10621761530637741,0.991465151309967,0.8342816233634949
YPL227C,YLL027W,0,-8.143578,0.10620143264532089,0.991465151309967,0.8344238996505737
YMR011W,YKL103C,0,-8.143926,0.10618524998426437,0.991465151309967,0.8345661163330078
YJR155W,YCR028C-A,0,-8.144846,0.10616907477378845,0.991465151309967,0.8347083926200867
YKL152C,YNL257C,0,-8.145563,0.10615290701389313,0.991465151309967,0.8348506689071655
YHR174W,YPL193W,0,-8.147313,0.1061367467045784,0.991465151309967,0.8349928855895996
YOR336W,YDR234W,0,-8.147476,0.10612058639526367,0.991465151309967,0.8351351618766785
YDR399W,YFL037W,0,-8.147817,0.10610443353652954,0.991465151309967,0.8352773785591125
YGL012W,YGL160W,0,-8.149806,0.10608828067779541,0.991465151309967,0.8354196548461914
YOL130W,YDR259C,0,-8.1508465,0.10607213526964188,0.991465151309967,0.8355618715286255
YML104C,YNL206C,0,-8.153745,0.10605599731206894,0.991465151309967,0.8357041478157043
YJR010W,YOR086C,0,-8.15745,0.106039859354496,0.991465151309967,0.8358463644981384
YAR015W,YER165W,0,-8.158603,0.10602372884750366,0.991465151309967,0.8359886407852173
YDR098C,YJL159W,0,-8.159148,0.10600760579109192,0.991465151309967,0.8361308574676514
YAR015W,YDL229W,0,-8.159381,0.10599148273468018,0.991465151309967,0.8362731337547302
YBL090W,YGR049W,0,-8.161749,0.10597536712884903,0.991465151309967,0.8364153504371643
YIL079C,YNL314W,0,-8.163541,0.10595925897359848,0.991465151309967,0.8365576267242432
YOR151C,YHR041C,0,-8.163995,0.10594315081834793,0.991465151309967,0.8366998434066772
YGR101W,YEL054C,0,-8.168079,0.10592705011367798,0.991465151309967,0.8368421196937561
YOR080W,YPR074C,0,-8.169137,0.10591095685958862,0.991465151309967,0.8369843363761902
YFR001W,YDL195W,0,-8.169326,0.10589486360549927,0.991465151309967,0.837126612663269
YML104C,YML100W,0,-8.170193,0.10587877780199051,0.991465151309967,0.8372688293457031
YGR049W,YFR010W,0,-8.175171,0.10586269944906235,0.991465151309967,0.837411105632782
YLR016C,YGL028C,0,-8.176543,0.10584662109613419,0.991465151309967,0.8375533223152161
YOL139C,YNR021W,0,-8.177415,0.10583055019378662,0.991465151309967,0.8376955986022949
YOL049W,YBR072W,0,-8.178125,0.10581448674201965,0.991465151309967,0.837837815284729
YLR043C,YNL208W,0,-8.178841,0.10579842329025269,0.991465151309967,0.8379800915718079
YLR136C,YJL130C,0,-8.179888,0.10578236728906631,0.991465151309967,0.8381223082542419
YGL001C,YOL101C,0,-8.180048,0.10576631128787994,0.991465151309967,0.8382645845413208
YIL147C,YLR042C,0,-8.180787,0.10575026273727417,0.991465151309967,0.8384068012237549
YCL026C-A,YOR229W,0,-8.181997,0.10573422163724899,0.991465151309967,0.8385490775108337
YMR011W,YDR465C,0,-8.186415,0.10571818798780441,0.991465151309967,0.8386912941932678
YMR035W,YGL209W,0,-8.187167,0.10570215433835983,0.991465151309967,0.8388335704803467
YPR051W,YLL028W,0,-8.190336,0.10568612813949585,0.991465151309967,0.8389758467674255
YDL098C,YDL112W,0,-8.190424,0.10567010194063187,0.991465151309967,0.8391180634498596
YIR034C,YBL051C,0,-8.190426,0.10565408319234848,0.991465151309967,0.8392603397369385
YGR023W,YGR258C,0,-8.192626,0.10563807189464569,0.991465151309967,0.8394025564193726
YFR027W,YJL076W,0,-8.193166,0.1056220605969429,0.991465151309967,0.8395448327064514
YGR108W,YPR080W,0,-8.194111,0.1056060642004013,0.991465151309967,0.8396870493888855
YGR124W,YNL021W,0,-8.194492,0.10559006035327911,0.991465151309967,0.8398293256759644
YHR059W,YDL119C,0,-8.194626,0.10557407140731812,0.991465151309967,0.8399715423583984
YHR062C,YJL089W,0,-8.195145,0.10555808246135712,0.991465151309967,0.8401138186454773
YNL185C,YGR197C,0,-8.195561,0.10554209351539612,0.991465151309967,0.8402560353279114
YCL018W,YPL058C,0,-8.196104,0.10552611947059631,0.991465151309967,0.8403983116149902
YML102W,YDR331W,0,-8.197117,0.10551014542579651,0.991465151309967,0.8405405282974243
YBL027W,YMR183C,0,-8.197445,0.1054941713809967,0.991465151309967,0.8406828045845032
YPR037C,YJL025W,0,-8.197714,0.1054782047867775,0.991465151309967,0.8408250212669373
YLR393W,YKR039W,0,-8.197802,0.10546224564313889,0.991465151309967,0.8409672975540161
YJL168C,YJR007W,0,-8.19993,0.10544629395008087,0.991465151309967,0.8411095142364502
YBR291C,YDL130W-A,0,-8.20361,0.10543034225702286,0.991465151309967,0.841251790523529
YGR061C,YGR189C,0,-8.20426,0.10541439801454544,0.991465151309967,0.8413940072059631
YMR239C,YGR275W,0,-8.204948,0.10539846122264862,0.991465151309967,0.841536283493042
YLR357W,YHR048W,0,-8.205301,0.1053825244307518,0.991465151309967,0.8416785001754761
YBL105C,YGL171W,0,-8.206335,0.10536658763885498,0.991465151309967,0.8418207764625549
YER088C,YDR317W,0,-8.206382,0.10535066574811935,0.991465151309967,0.841962993144989
YMR199W,YDR191W,0,-8.210416,0.10533474385738373,0.991465151309967,0.8421052694320679
YPL266W,YDR516C,0,-8.210472,0.1053188294172287,0.991465151309967,0.842247486114502
YOL023W,YPL141C,0,-8.211015,0.10530291497707367,0.991465151309967,0.8423897624015808
YMR256C,YHR175W,0,-8.2117605,0.10528700798749924,0.991465151309967,0.8425319790840149
YDR465C,YGR020C,0,-8.214134,0.1052711084485054,0.991465151309967,0.8426742553710938
YPL227C,YOR295W,0,-8.215245,0.10525520890951157,0.991465151309967,0.8428164720535278
YHR055C,YGR275W,0,-8.215338,0.10523931682109833,0.991465151309967,0.8429587483406067
YBR298C,YBR117C,0,-8.218523,0.10522343218326569,0.991465151309967,0.8431010246276855
YDR399W,YJL052W,0,-8.219847,0.10520754754543304,0.991465151309967,0.8432432413101196
YMR267W,YHR106W,0,-8.221122,0.105191670358181,0.991465151309967,0.8433855175971985
YFL011W,YLR332W,0,-8.223983,0.10517579317092896,0.991465151309967,0.8435277342796326
YCR088W,YER056C-A,0,-8.224351,0.1051599308848381,0.991465151309967,0.8436700105667114
YGR108W,YGL254W,0,-8.22519,0.10514406114816666,0.991465151309967,0.8438122272491455
YDL137W,YMR201C,0,-8.22527,0.1051282063126564,0.991465151309967,0.8439545035362244
YDR385W,YOL060C,0,-8.225943,0.10511235147714615,0.991465151309967,0.8440967202186584
YER056C,YGL040C,0,-8.226653,0.10509650409221649,0.991465151309967,0.8442389965057373
YER056C-A,YPR140W,0,-8.226833,0.10508065670728683,0.991465151309967,0.8443812131881714
YER088C,YGL246C,0,-8.230291,0.10506481677293777,0.991465151309967,0.8445234894752502
YDL227C,YPL139C,0,-8.230846,0.10504898428916931,0.991465151309967,0.8446657061576843
YNL331C,YJR041C,0,-8.231282,0.10503315180540085,0.991465151309967,0.8448079824447632
YLR359W,YLR071C,0,-8.234527,0.10501732677221298,0.991465151309967,0.8449501991271973
YNL257C,YKR056W,0,-8.234528,0.10500150918960571,0.991465151309967,0.8450924754142761
YLR359W,YNL055C,0,-8.235834,0.10498569160699844,0.991465151309967,0.8452346920967102
YBR139W,YCR043C,0,-8.23596,0.10496988147497177,0.991465151309967,0.8453769683837891
YIL015W,YBR154C,0,-8.237346,0.1049540713429451,0.991465151309967,0.8455191850662231
YLR220W,YER074W,0,-8.237742,0.10493826866149902,0.991465151309967,0.845661461353302
YLR295C,YOR049C,0,-8.239731,0.10492247343063354,0.991465151309967,0.8458036780357361
YHR194W,YKR085C,0,-8.241986,0.10490668565034866,0.991465151309967,0.8459459543228149
YNR041C,YKL019W,0,-8.241993,0.10489089787006378,0.991465151309967,0.846088171005249
YER168C,YDR262W,0,-8.242231,0.1048751100897789,0.991465151309967,0.8462304472923279
YGL183C,YML024W,0,-8.242239,0.10485933721065521,0.991465151309967,0.846372663974762
YDR383C,YDL084W,0,-8.242752,0.10484356433153152,0.991465151309967,0.8465149402618408
YIL015W,YMR194W,0,-8.243223,0.10482779145240784,0.991465151309967,0.8466571569442749
YMR189W,YGL028C,0,-8.243815,0.10481203347444534,0.991465151309967,0.8467994332313538
YML042W,YOR270C,0,-8.245994,0.10479626804590225,0.991465151309967,0.8469416499137878
YJL095W,YOL155C,0,-8.246626,0.10478051751852036,0.991465151309967,0.8470839262008667
YMR300C,YAL009W,0,-8.247483,0.10476476699113846,0.991465151309967,0.8472262024879456
YOR374W,YGL049C,0,-8.250008,0.10474902391433716,0.991465151309967,0.8473684191703796
YBR177C,YBR154C,0,-8.250505,0.10473328083753586,0.991465151309967,0.8475106954574585
YNL061W,YIL006W,0,-8.250568,0.10471754521131516,0.991465151309967,0.8476529121398926
YBR020W,YDR158W,0,-8.251184,0.10470181703567505,0.991465151309967,0.8477951884269714
YLR260W,YPL079W,0,-8.253634,0.10468608886003494,0.991465151309967,0.8479374051094055
YLR060W,YLR260W,0,-8.255531,0.10467036813497543,0.991465151309967,0.8480796813964844
YFR029W,YLL024C,0,-8.255543,0.10465465486049652,0.991465151309967,0.8482218980789185
YLL024C,YIL006W,0,-8.255959,0.10463894158601761,0.991465151309967,0.8483641743659973
YOR037W,YLR139C,0,-8.256723,0.1046232357621193,0.991465151309967,0.8485063910484314
YMR229C,YLL023C,0,-8.258054,0.10460753738880157,0.991465151309967,0.8486486673355103
YGR295C,YPL028W,0,-8.258212,0.10459183901548386,0.991465151309967,0.8487908840179443
YNL112W,YCR020C,0,-8.259056,0.10457614064216614,0.991465151309967,0.8489331603050232
YIL065C,YNL061W,0,-8.259128,0.10456045717000961,0.991465151309967,0.8490753769874573
YHR098C,YIL147C,0,-8.261142,0.10454477369785309,0.991465151309967,0.8492176532745361
YDR012W,YBR254C,0,-8.2612,0.10452909767627716,0.991465151309967,0.8493598699569702
YNL065W,YFR027W,0,-8.263234,0.10451342165470123,0.991465151309967,0.8495021462440491
YKR049C,YFR032C-A,0,-8.264141,0.1044977530837059,0.991465151309967,0.8496443629264832
YAL017W,YNL113W,0,-8.265387,0.10448208451271057,0.991465151309967,0.849786639213562
YML022W,YCR020C,0,-8.268572,0.10446642339229584,0.991465151309967,0.8499288558959961
YOR351C,YGR023W,0,-8.270136,0.1044507697224617,0.991465151309967,0.850071132183075
YPL046C,YHR204W,1,-8.27083,0.1045849546790123,0.9928876161575317,0.850071132183075
YLR285W,YNR003C,0,-8.270922,0.10456928610801697,0.9928876161575317,0.850213348865509
YPR051W,YJL079C,0,-8.271059,0.10455362498760223,0.9928876161575317,0.8503556251525879
YNL206C,YLL012W,0,-8.273697,0.1045379638671875,0.9928876161575317,0.850497841835022
YDR047W,YIR034C,0,-8.274731,0.10452231019735336,0.9928876161575317,0.8506401181221008
YBR018C,YDL112W,0,-8.275324,0.10450666397809982,0.9928876161575317,0.8507823348045349
YLR399C,YMR290C,0,-8.275748,0.10449101775884628,0.9928876161575317,0.8509246110916138
YDR098C,YGR195W,0,-8.277715,0.10447537899017334,0.9928876161575317,0.8510668277740479
YBR154C,YAL016W,0,-8.28058,0.1044597402215004,0.9928876161575317,0.8512091040611267
YBR133C,YPR010C,0,-8.284973,0.10444410890340805,0.9928876161575317,0.8513513803482056
YGL254W,YNL113W,0,-8.285471,0.1044284850358963,0.9928876161575317,0.8514935970306396
YER056C,YDL112W,0,-8.286492,0.10441286116838455,0.9928876161575317,0.8516358733177185
YPR178W,YDR023W,0,-8.286785,0.1043972447514534,0.9928876161575317,0.8517780900001526
YBR018C,YDR128W,0,-8.287697,0.10438163578510284,0.9928876161575317,0.8519203662872314
YHR088W,YBR139W,0,-8.287884,0.10436602681875229,0.9928876161575317,0.8520625829696655
YHR061C,YOR036W,0,-8.289417,0.10435042530298233,0.9928876161575317,0.8522048592567444
YJR059W,YKL156W,0,-8.290283,0.10433483123779297,0.9928876161575317,0.8523470759391785
YDR087C,YNL339C,0,-8.292111,0.10431923717260361,0.9928876161575317,0.8524893522262573
YDL208W,YGR185C,0,-8.292585,0.10430364310741425,0.9928876161575317,0.8526315689086914
YOR080W,YOL155C,0,-8.294096,0.10428806394338608,0.9928876161575317,0.8527738451957703
YJR069C,YDR510W,0,-8.294128,0.10427248477935791,0.9928876161575317,0.8529160618782043
YLR401C,YAL048C,0,-8.299188,0.10425690561532974,0.9928876161575317,0.8530583381652832
YGL022W,YLR237W,0,-8.299237,0.10424134135246277,0.9928876161575317,0.8532005548477173
YJR069C,YOL023W,0,-8.299683,0.1042257696390152,0.9928876161575317,0.8533428311347961
YJR069C,YKR085C,0,-8.299923,0.10421021282672882,0.9928876161575317,0.8534850478172302
YER141W,YKL078W,0,-8.303622,0.10419465601444244,0.9928876161575317,0.8536273241043091
YDL192W,YPL058C,0,-8.303922,0.10417910665273666,0.9928876161575317,0.8537695407867432
YER178W,YNL202W,0,-8.30431,0.10416355729103088,0.9928876161575317,0.853911817073822
YOR313C,YOR010C,0,-8.305539,0.1041480153799057,0.9928876161575317,0.8540540337562561
YMR300C,YHR205W,0,-8.305884,0.10413248091936111,0.9928876161575317,0.854196310043335
YIL019W,YDR092W,0,-8.307537,0.10411694645881653,0.9928876161575317,0.854338526725769
YLR315W,YOL124C,0,-8.308418,0.10410141944885254,0.9928876161575317,0.8544808030128479
YNL061W,YLL023C,0,-8.311087,0.10408589243888855,0.9928876161575317,0.854623019695282
YLL052C,YKR003W,0,-8.3113365,0.10407037287950516,0.9928876161575317,0.8547652959823608
YML022W,YMR011W,0,-8.312485,0.10405486077070236,0.9928876161575317,0.8549075126647949
YDL192W,YER044C-A,0,-8.312851,0.10403934866189957,0.9928876161575317,0.8550497889518738
YIL121W,YER125W,0,-8.313226,0.10402384400367737,0.9928876161575317,0.8551920056343079
YBR195C,YIL006W,0,-8.314622,0.10400834679603577,0.9928876161575317,0.8553342819213867
YJL058C,YHR005C-A,0,-8.316418,0.10399284958839417,0.9928876161575317,0.8554765582084656
YJL052W,YML027W,0,-8.317129,0.10397735983133316,0.9928876161575317,0.8556187748908997
YOR137C,YLL012W,0,-8.31724,0.10396187007427216,0.9928876161575317,0.8557610511779785
YOR239W,YPL058C,0,-8.317984,0.10394638776779175,0.9928876161575317,0.8559032678604126
YOR173W,YFR032C-A,0,-8.318062,0.10393091291189194,0.9928876161575317,0.8560455441474915
YAR050W,YGL171W,0,-8.321603,0.10391543805599213,0.9928876161575317,0.8561877608299255
YGR095C,YPL139C,0,-8.321617,0.10389997065067291,0.9928876161575317,0.8563300371170044
YLR448W,YDR092W,0,-8.321752,0.1038845032453537,0.9928876161575317,0.8564722537994385
YJL033W,YNL322C,0,-8.326773,0.10386905074119568,0.9928876161575317,0.8566145300865173
YGL166W,YFR032C-A,0,-8.32799,0.10385359078645706,0.9928876161575317,0.8567567467689514
YAL017W,YGL171W,0,-8.328899,0.10383814573287964,0.9928876161575317,0.8568990230560303
YDR252W,YGR178C,0,-8.330145,0.10382270067930222,0.9928876161575317,0.8570412397384644
YPL233W,YBL027W,0,-8.332162,0.10380725562572479,0.9928876161575317,0.8571835160255432
YGL223C,YPR051W,0,-8.332208,0.10379181802272797,0.9928876161575317,0.8573257327079773
YMR229C,YIL006W,0,-8.334375,0.10377638787031174,0.9928876161575317,0.8574680089950562
YJL072C,YKR079C,0,-8.3356695,0.1037609651684761,0.9928876161575317,0.8576102256774902
YMR267W,YNL208W,0,-8.33686,0.10374554246664047,0.9928876161575317,0.8577525019645691
YGR027C,YOL028C,0,-8.344223,0.10373011976480484,0.9928876161575317,0.8578947186470032
YFL025C,YMR214W,1,-8.345154,0.10386329889297485,0.9943100810050964,0.8578947186470032
YPL212C,YBL103C,0,-8.347234,0.10384786874055862,0.9943100810050964,0.858036994934082
YJR083C,YER055C,0,-8.348398,0.1038324385881424,0.9943100810050964,0.8581792116165161
YKR039W,YHR106W,0,-8.349518,0.10381702333688736,0.9943100810050964,0.858321487903595
YDR299W,YFL029C,0,-8.349949,0.10380160063505173,0.9943100810050964,0.858463704586029
YFL025C,YHR204W,1,-8.350061,0.10393466800451279,0.9957325458526611,0.858463704586029
YLL011W,YJL093C,0,-8.350877,0.10391923785209656,0.9957325458526611,0.8586059808731079
YLR242C,YDL055C,0,-8.351109,0.10390381515026093,0.9957325458526611,0.858748197555542
YBR057C,YDR465C,0,-8.352319,0.10388839244842529,0.9957325458526611,0.8588904738426208
YPL085W,YGR094W,0,-8.352832,0.10387297719717026,0.9957325458526611,0.8590326905250549
YLR242C,YFL011W,0,-8.357417,0.10385756939649582,0.9957325458526611,0.8591749668121338
YBL064C,YHL044W,0,-8.357696,0.10384216159582138,0.9957325458526611,0.8593171834945679
YPL227C,YER104W,0,-8.357731,0.10382676124572754,0.9957325458526611,0.8594594597816467
YOR306C,YHR098C,0,-8.359761,0.1038113608956337,0.9957325458526611,0.8596017360687256
YDR309C,YOL126C,0,-8.360027,0.10379596799612045,0.9957325458526611,0.8597439527511597
YDL137W,YHR116W,0,-8.360283,0.10378057509660721,0.9957325458526611,0.8598862290382385
YIL019W,YJR059W,0,-8.36055,0.10376519709825516,0.9957325458526611,0.8600284457206726
YOR173W,YMR011W,0,-8.363363,0.10374981164932251,0.9957325458526611,0.8601707220077515
YER110C,YPR133W-A,0,-8.364485,0.10373444110155106,0.9957325458526611,0.8603129386901855
YDR270W,YDR262W,0,-8.366825,0.1037190705537796,0.9957325458526611,0.8604552149772644
YMR024W,YOR010C,0,-8.367133,0.10370370000600815,0.9957325458526611,0.8605974316596985
YGR142W,YPL266W,0,-8.367653,0.10368834435939789,0.9957325458526611,0.8607397079467773
YER178W,YLL028W,0,-8.367691,0.10367298871278763,0.9957325458526611,0.8608819246292114
YNR041C,YLL034C,0,-8.368225,0.10365763306617737,0.9957325458526611,0.8610242009162903
YMR008C,YCR043C,0,-8.370474,0.1036422848701477,0.9957325458526611,0.8611664175987244
YHR062C,YDR372C,0,-8.372576,0.10362694412469864,0.9957325458526611,0.8613086938858032
YMR189W,YIL083C,0,-8.372912,0.10361160337924957,0.9957325458526611,0.8614509105682373
YMR296C,YGL183C,0,-8.37332,0.1035962700843811,0.9957325458526611,0.8615931868553162
YDR087C,YLR360W,0,-8.375109,0.10358094424009323,0.9957325458526611,0.8617354035377502
YKL182W,YCR073C,0,-8.375395,0.10356561839580536,0.9957325458526611,0.8618776798248291
YJR016C,YDR183W,0,-8.381704,0.10355029255151749,0.9957325458526611,0.8620198965072632
YOR005C,YPR010C,0,-8.384304,0.10353498160839081,0.9957325458526611,0.862162172794342
YFL010W-A,YMR188C,0,-8.384572,0.10351967066526413,0.9957325458526611,0.8623043894767761
YGL166W,YIR026C,0,-8.385356,0.10350435972213745,0.9957325458526611,0.862446665763855
YLR401C,YJR019C,0,-8.38649,0.10348905622959137,0.9957325458526611,0.8625888824462891
YKR025W,YPR137W,0,-8.387077,0.10347376018762589,0.9957325458526611,0.8627311587333679
YPL231W,YDL154W,0,-8.388615,0.103458471596241,0.9957325458526611,0.862873375415802
YNL053W,YBL027W,0,-8.390584,0.10344318300485611,0.9957325458526611,0.8630156517028809
YLR355C,YAL032C,0,-8.391018,0.10342789441347122,0.9957325458526611,0.8631578683853149
YKR034W,YOR254C,0,-8.391549,0.10341261327266693,0.9957325458526611,0.8633001446723938
YEL020W-A,YHR106W,0,-8.391942,0.10339733958244324,0.9957325458526611,0.8634423613548279
YHL019C,YMR229C,0,-8.394729,0.10338207334280014,0.9957325458526611,0.8635846376419067
YOR374W,YGR154C,0,-8.394856,0.10336680710315704,0.9957325458526611,0.8637269139289856
YPL217C,YLR042C,0,-8.395142,0.10335154086351395,0.9957325458526611,0.8638691306114197
YPR010C,YOR162C,0,-8.397257,0.10333628207445145,0.9957325458526611,0.8640114068984985
YNR017W,YDR128W,0,-8.3986435,0.10332103073596954,0.9957325458526611,0.8641536235809326
YBR210W,YGR289C,0,-8.399351,0.10330578684806824,0.9957325458526611,0.8642958998680115
YJL157C,YEL059C-A,0,-8.40069,0.10329054296016693,0.9957325458526611,0.8644381165504456
YHR061C,YGR027C,0,-8.401298,0.10327529907226562,0.9957325458526611,0.8645803928375244
YBR177C,YOR337W,0,-8.403782,0.10326007008552551,0.9957325458526611,0.8647226095199585
YNL112W,YOR162C,0,-8.404289,0.1032448410987854,0.9957325458526611,0.8648648858070374
YPR033C,YGL171W,0,-8.405356,0.10322961211204529,0.9957325458526611,0.8650071024894714
YDR191W,YPR033C,0,-8.409548,0.10321439057588577,0.9957325458526611,0.8651493787765503
YBL005W,YHR167W,0,-8.4110985,0.10319917649030685,0.9957325458526611,0.8652915954589844
YGR075C,YJL079C,0,-8.412437,0.10318396240472794,0.9957325458526611,0.8654338717460632
YPL280W,YLR332W,0,-8.417536,0.10316875576972961,0.9957325458526611,0.8655760884284973
YPR081C,YPL104W,0,-8.417827,0.10315354913473129,0.9957325458526611,0.8657183647155762
YNL053W,YOR161C,0,-8.417937,0.10313834995031357,0.9957325458526611,0.8658605813980103
YGL187C,YLR451W,0,-8.419804,0.10312315821647644,0.9957325458526611,0.8660028576850891
YIL019W,YBL105C,0,-8.420878,0.10310796648263931,0.9957325458526611,0.8661450743675232
YDR143C,YML088W,1,-8.421405,0.10324005782604218,0.9971550703048706,0.8661450743675232
YHR055C,YOR234C,0,-8.422614,0.10322485864162445,0.9971550703048706,0.866287350654602
YDR075W,YDR086C,0,-8.425474,0.10320965945720673,0.9971550703048706,0.8664295673370361
YPL217C,YDR516C,0,-8.429518,0.1031944677233696,0.9971550703048706,0.866571843624115
YJR063W,YPR140W,0,-8.4324665,0.10317927598953247,0.9971550703048706,0.8667140603065491
YPL146C,YMR183C,0,-8.432936,0.10316409170627594,0.9971550703048706,0.8668563365936279
YER168C,YER056C-A,0,-8.437653,0.10314890742301941,0.9971550703048706,0.866998553276062
YOR237W,YFR029W,0,-8.440525,0.10313373804092407,0.9971550703048706,0.8671408295631409
YNL053W,YPR110C,0,-8.44095,0.10311856120824814,0.9971550703048706,0.867283046245575
YGL055W,YOR229W,0,-8.44233,0.1031033992767334,0.9971550703048706,0.8674253225326538
YNL061W,YGR258C,0,-8.44809,0.10308823734521866,0.9971550703048706,0.8675675392150879
YHR013C,YDL105W,0,-8.449426,0.10307307541370392,0.9971550703048706,0.8677098155021667
YDR424C,YDR365C,0,-8.449494,0.10305792093276978,0.9971550703048706,0.8678520917892456
YBR132C,YJL208C,0,-8.449867,0.10304277390241623,0.9971550703048706,0.8679943084716797
YMR239C,YJL121C,0,-8.451606,0.10302763432264328,0.9971550703048706,0.8681365847587585
YGL240W,YDR002W,1,-8.455102,0.10315944254398346,0.9985775351524353,0.8681365847587585
YCR089W,YNL044W,0,-8.4560585,0.10314428806304932,0.9985775351524353,0.8682788014411926
YJL076W,YDR481C,0,-8.45607,0.10312913358211517,0.9985775351524353,0.8684210777282715
YGR124W,YOR010C,0,-8.458645,0.10311398655176163,0.9985775351524353,0.8685632944107056
YDL103C,YKL216W,0,-8.46047,0.10309883952140808,0.9985775351524353,0.8687055706977844
YMR158W,YGL045W,0,-8.462353,0.10308369994163513,0.9985775351524353,0.8688477873802185
YPL138C,YML027W,0,-8.4636965,0.10306856781244278,0.9985775351524353,0.8689900636672974
YDR299W,YPR098C,0,-8.466833,0.10305343568325043,0.9985775351524353,0.8691322803497314
YER015W,YJL213W,0,-8.467976,0.10303831100463867,0.9985775351524353,0.8692745566368103
YHR063C,YBR083W,0,-8.468217,0.10302318632602692,0.9985775351524353,0.8694167733192444
YKR003W,YML027W,0,-8.468825,0.10300806909799576,0.9985775351524353,0.8695590496063232
YMR194W,YLL011W,0,-8.469027,0.1029929593205452,0.9985775351524353,0.8697012662887573
YDR481C,YNL339C,0,-8.469399,0.10297784954309464,0.9985775351524353,0.8698435425758362
YHR088W,YER150W,0,-8.470158,0.10296274721622467,0.9985775351524353,0.8699857592582703
YOR244W,YOR045W,0,-8.47089,0.1029476448893547,0.9985775351524353,0.8701280355453491
YPL104W,YEL059C-A,0,-8.472149,0.10293255001306534,0.9985775351524353,0.8702702522277832
YFL025C,YDR143C,1,-8.475634,0.10306406766176224,1.0,0.8702702522277832
YNL061W,YJL002C,0,-8.476891,0.10304895788431168,1.0,0.8704125285148621
YOR237W,YNL185C,0,-8.477623,0.10303385555744171,1.0,0.8705547451972961
YER107C,YBR154C,0,-8.477667,0.10301876068115234,1.0,0.870697021484375
YJL155C,YMR006C,0,-8.478485,0.10300366580486298,1.0,0.8708392381668091
YNL240C,YPR080W,0,-8.478725,0.10298857092857361,1.0,0.8709815144538879
YLL052C,YDR331W,0,-8.480183,0.10297349095344543,1.0,0.871123731136322
YAL039C,YLR139C,0,-8.480266,0.10295840352773666,1.0,0.8712660074234009
YIR023W,YMR059W,0,-8.4817295,0.10294333100318909,1.0,0.871408224105835
YML042W,YGL022W,0,-8.482247,0.10292825847864151,1.0,0.8715505003929138
YER055C,YNL055C,0,-8.484081,0.10291319340467453,1.0,0.8716927170753479
YDR516C,YPL146C,0,-8.484517,0.10289812833070755,1.0,0.8718349933624268
YPL119C,YHR005C-A,0,-8.485455,0.10288307070732117,1.0,0.8719772696495056
YER166W,YBR117C,0,-8.486282,0.10286801308393478,1.0,0.8721194863319397
YKR049C,YKL156W,0,-8.488035,0.102852962911129,1.0,0.8722617626190186
YGR075C,YGL171W,0,-8.48806,0.10283792018890381,1.0,0.8724039793014526
YGR245C,YKR079C,0,-8.490271,0.10282287746667862,1.0,0.8725462555885315
YPL280W,YBR175W,0,-8.492689,0.10280784219503403,1.0,0.8726884722709656
YGR104C,YOR129C,0,-8.494499,0.10279280692338943,1.0,0.8728307485580444
YOR005C,YKR085C,0,-8.49519,0.10277777910232544,1.0,0.8729729652404785
YDR399W,YBL102W,0,-8.496346,0.10276275128126144,1.0,0.8731152415275574
YJR016C,YER162C,0,-8.496401,0.10274773091077805,1.0,0.8732574582099915
YMR194W,YPR133W-A,0,-8.496711,0.10273271799087524,1.0,0.8733997344970703
YPR110C,YGR049W,0,-8.496765,0.10271771252155304,1.0,0.8735419511795044
YMR239C,YHR041C,0,-8.497382,0.10270269960165024,1.0,0.8736842274665833
YGL045W,YOL124C,0,-8.497567,0.10268770158290863,1.0,0.8738264441490173
YPL266W,YNR072W,0,-8.498739,0.10267270356416702,1.0,0.8739687204360962
YBL027W,YGR184C,0,-8.499937,0.10265771299600601,1.0,0.8741109371185303
YKR102W,YHR069C,0,-8.502063,0.102642722427845,1.0,0.8742532134056091
YPR137W,YBL067C,0,-8.50249,0.10262773931026459,1.0,0.8743954300880432
YMR194W,YGR186W,0,-8.503544,0.10261275619268417,1.0,0.8745377063751221
YHR129C,YPL032C,0,-8.50411,0.10259778052568436,1.0,0.8746799230575562
YIL147C,YLR136C,0,-8.5063925,0.10258281230926514,1.0,0.874822199344635
YGR061C,YER160C,0,-8.507632,0.10256784409284592,1.0,0.8749644160270691
YOR237W,YMR239C,0,-8.509567,0.1025528833270073,1.0,0.875106692314148
YLL018C-A,YGR186W,0,-8.510153,0.10253792256116867,1.0,0.875248908996582
YLR401C,YDR104C,0,-8.510395,0.10252296924591064,1.0,0.8753911852836609
YDL043C,YKL216W,0,-8.511619,0.10250802338123322,1.0,0.875533401966095
YDR365C,YLR167W,0,-8.51783,0.10249307751655579,1.0,0.8756756782531738
YOR142W,YDR262W,0,-8.519746,0.10247813165187836,1.0,0.8758178949356079
YPR137W,YNR024W,0,-8.521382,0.10246320068836212,1.0,0.8759601712226868
YGL183C,YDR120C,0,-8.522986,0.10244826227426529,1.0,0.8761024475097656
YJL159W,YOL101C,0,-8.523081,0.10243333876132965,1.0,0.8762446641921997
YDR435C,YBL068W,0,-8.524771,0.10241841524839401,1.0,0.8763869404792786
YGL001C,YKL042W,0,-8.526459,0.10240349918603897,1.0,0.8765291571617126
YJL159W,YGR195W,0,-8.527832,0.10238858312368393,1.0,0.8766714334487915
YJL089W,YBR127C,0,-8.528336,0.10237367451190948,1.0,0.8768136501312256
YDL069C,YHR156C,0,-8.530172,0.10235876590013504,1.0,0.8769559264183044
YHR203C,YHR041C,0,-8.533468,0.10234386473894119,1.0,0.8770981431007385
YGL077C,YLR020C,0,-8.535141,0.10232896357774734,1.0,0.8772404193878174
YJL092W,YGR104C,0,-8.53611,0.10231407731771469,1.0,0.8773826360702515
YLR008C,YLR389C,0,-8.538753,0.10229918360710144,1.0,0.8775249123573303
YNL099C,YNR021W,0,-8.539179,0.10228429734706879,1.0,0.8776671290397644
YLR002C,YIL099W,0,-8.539253,0.10226941853761673,1.0,0.8778094053268433
YHR104W,YDR073W,0,-8.541027,0.10225454717874527,1.0,0.8779516220092773
YJL157C,YKL117W,0,-8.543407,0.10223967581987381,1.0,0.8780938982963562
YMR290C,YBR014C,0,-8.545269,0.10222480446100235,1.0,0.8782361149787903
YJR059W,YLL011W,0,-8.54689,0.10220994800329208,1.0,0.8783783912658691
YJR083C,YMR032W,0,-8.547082,0.10219508409500122,1.0,0.8785206079483032
YDL229W,YGR185C,0,-8.547483,0.10218023508787155,1.0,0.8786628842353821
YNL227C,YNL072W,0,-8.549091,0.10216538608074188,1.0,0.8788051009178162
YPL127C,YGR192C,0,-8.551163,0.10215053707361221,1.0,0.878947377204895
YAL040C,YBL056W,0,-8.5524,0.10213569551706314,1.0,0.8790895938873291
YCR068W,YDR501W,0,-8.552872,0.10212086141109467,1.0,0.879231870174408
YNL112W,YLR237W,0,-8.555017,0.10210602730512619,1.0,0.879374086856842
YER168C,YNR024W,0,-8.555135,0.10209120064973831,1.0,0.8795163631439209
YJL157C,YLR042C,0,-8.557303,0.10207637399435043,1.0,0.879658579826355
YDR320C,YKR056W,0,-8.557497,0.10206155478954315,1.0,0.8798008561134338
YLR433C,YOR264W,0,-8.56037,0.10204674303531647,1.0,0.8799430727958679
YJR016C,YDL010W,0,-8.561321,0.10203193128108978,1.0,0.8800853490829468
YPL081W,YJR014W,0,-8.562028,0.1020171269774437,1.0,0.8802276253700256
YGR027C,YBR014C,0,-8.562534,0.10200232267379761,1.0,0.8803698420524597
YBL040C,YJR010W,0,-8.56446,0.10198752582073212,1.0,0.8805121183395386
YDL195W,YLL011W,0,-8.568518,0.10197272896766663,1.0,0.8806543350219727
YOR086C,YBL039C,0,-8.571457,0.10195793956518173,1.0,0.8807966113090515
YDR182W,YGR203W,0,-8.571745,0.10194315761327744,1.0,0.8809388279914856
YDL171C,YIL083C,0,-8.577212,0.10192837566137314,1.0,0.8810811042785645
YOL002C,YJR070C,0,-8.578249,0.10191360116004944,1.0,0.8812233209609985
YGR142W,YOR129C,0,-8.58025,0.10189882665872574,1.0,0.8813655972480774
YMR300C,YJL157C,0,-8.583063,0.10188405960798264,1.0,0.8815078139305115
YKL078W,YER056C,0,-8.583864,0.10186929255723953,1.0,0.8816500902175903
YMR189W,YIL167W,0,-8.585098,0.10185453295707703,1.0,0.8817923069000244
YER168C,YOR098C,0,-8.589854,0.10183978080749512,1.0,0.8819345831871033
YJR014W,YHR048W,0,-8.593317,0.10182502865791321,1.0,0.8820767998695374
YJR057W,YOL010W,0,-8.594709,0.1018102839589119,1.0,0.8822190761566162
YDL117W,YFR032C-A,0,-8.596602,0.10179553925991058,1.0,0.8823612928390503
YPR051W,YPL081W,0,-8.597005,0.10178080201148987,1.0,0.8825035691261292
YLR284C,YDR064W,0,-8.597576,0.10176606476306915,1.0,0.8826457858085632
YLR399C,YIR026C,0,-8.598326,0.10175134241580963,1.0,0.8827880620956421
YGR214W,YMR293C,0,-8.598522,0.10173661261796951,1.0,0.8829302787780762
YGL001C,YLR088W,0,-8.599457,0.10172189027070999,1.0,0.883072555065155
YDR045C,YDR407C,0,-8.600115,0.10170717537403107,1.0,0.8832147717475891
YLL018C-A,YHR104W,0,-8.600222,0.10169246047735214,1.0,0.883357048034668
YLR100W,YHR120W,0,-8.605118,0.10167775303125381,1.0,0.883499264717102
YJL092W,YPR110C,0,-8.607486,0.10166305303573608,1.0,0.8836415410041809
YKL064W,YOR228C,0,-8.612438,0.10164835304021835,1.0,0.883783757686615
YER174C,YOR129C,0,-8.613311,0.10163365304470062,1.0,0.8839260339736938
YPR192W,YLR106C,0,-8.6142645,0.10161896795034409,1.0,0.8840682506561279
YDL192W,YPL019C,0,-8.614572,0.10160427540540695,1.0,0.8842105269432068
YNL113W,YBL052C,0,-8.615656,0.10158959776163101,1.0,0.8843528032302856
YFR027W,YPL146C,0,-8.618944,0.10157492011785507,1.0,0.8844950199127197
YHR156C,YPR137W,0,-8.619663,0.10156024247407913,1.0,0.8846372961997986
YLR110C,YFL011W,0,-8.6218605,0.10154557228088379,1.0,0.8847795128822327
YDR534C,YLL024C,0,-8.624532,0.10153090953826904,1.0,0.8849217891693115
YFL055W,YOR010C,0,-8.624924,0.1015162467956543,1.0,0.8850640058517456
YDL192W,YLR165C,0,-8.625055,0.10150159150362015,1.0,0.8852062821388245
YDR347W,YBL039C,0,-8.628635,0.101486936211586,1.0,0.8853484988212585
YDL117W,YGL055W,0,-8.62916,0.10147228837013245,1.0,0.8854907751083374
YLR384C,YDR501W,0,-8.629615,0.1014576405286789,1.0,0.8856329917907715
YLL027W,YIL083C,0,-8.6313,0.10144300013780594,1.0,0.8857752680778503
YLR210W,YIL099W,0,-8.631822,0.10142836719751358,1.0,0.8859174847602844
YMR186W,YIL106W,0,-8.634401,0.10141373425722122,1.0,0.8860597610473633
YHR055C,YBR268W,0,-8.634715,0.10139910876750946,1.0,0.8862019777297974
YJL058C,YGR208W,0,-8.635134,0.1013844832777977,1.0,0.8863442540168762
YIR033W,YBR152W,0,-8.636728,0.10136986523866653,1.0,0.8864864706993103
YLR242C,YLR160C,0,-8.637111,0.10135524719953537,1.0,0.8866287469863892
YJR070C,YDR329C,0,-8.639564,0.1013406366109848,1.0,0.8867709636688232
YJR084W,YJR094W-A,0,-8.639751,0.10132603347301483,1.0,0.8869132399559021
YOR098C,YPL058C,0,-8.6439705,0.10131143033504486,1.0,0.8870554566383362
YPL093W,YDR104C,0,-8.648115,0.10129682719707489,1.0,0.887197732925415
YCL004W,YML027W,0,-8.648612,0.10128223896026611,1.0,0.8873399496078491
YOR226C,YEL020W-A,0,-8.653307,0.10126764327287674,1.0,0.887482225894928
YGL209W,YBL090W,0,-8.656145,0.10125306248664856,1.0,0.8876244425773621
YJR005W,YBL039C,0,-8.656443,0.10123848170042038,1.0,0.8877667188644409
YNL048W,YJR070C,0,-8.661555,0.1012239009141922,1.0,0.887908935546875
YAL054C,YPL028W,0,-8.663267,0.10120932757854462,1.0,0.8880512118339539
YNR010W,YLR197W,0,-8.665027,0.10119476169347763,1.0,0.8881934285163879
YJR010W,YPL104W,0,-8.667196,0.10118019580841064,1.0,0.8883357048034668
YDL200C,YDR077W,0,-8.667268,0.10116563737392426,1.0,0.8884779810905457
YJL101C,YOL010W,0,-8.670767,0.10115107893943787,1.0,0.8886201977729797
YOR232W,YBR175W,0,-8.670994,0.10113652795553207,1.0,0.8887624740600586
YDR299W,YDR128W,0,-8.671279,0.10112197697162628,1.0,0.8889046907424927
YBR222C,YLR139C,0,-8.671392,0.10110743343830109,1.0,0.8890469670295715
YML031W,YBR154C,0,-8.674555,0.10109289735555649,1.0,0.8891891837120056
YOR237W,YMR011W,0,-8.675241,0.10107836127281189,1.0,0.8893314599990845
YAL054C,YBR038W,0,-8.677538,0.10106383264064789,1.0,0.8894736766815186
YOR237W,YFL037W,0,-8.679503,0.10104930400848389,1.0,0.8896159529685974
YDR299W,YER154W,0,-8.679578,0.10103478282690048,1.0,0.8897581696510315
YJL033W,YDR383C,0,-8.681559,0.10102026164531708,1.0,0.8899004459381104
YDR009W,YIL121W,0,-8.681904,0.10100574791431427,1.0,0.8900426626205444
YPR057W,YGR094W,0,-8.693371,0.10099123418331146,1.0,0.8901849389076233
YPL227C,YPL171C,0,-8.693646,0.10097672790288925,1.0,0.8903271555900574
YJL101C,YHR062C,0,-8.69384,0.10096222907304764,1.0,0.8904694318771362
YFL050C,YPR133W-A,0,-8.701358,0.10094773024320602,1.0,0.8906116485595703
YGL166W,YGR049W,0,-8.702398,0.10093323886394501,1.0,0.8907539248466492
YDR297W,YML015C,0,-8.702524,0.10091874748468399,1.0,0.8908961415290833
YCR057C,YJL222W,0,-8.70314,0.10090426355600357,1.0,0.8910384178161621
YGR049W,YLR043C,0,-8.706564,0.10088977962732315,1.0,0.8911806344985962
YLR401C,YGR098C,0,-8.709188,0.10087530314922333,1.0,0.891322910785675
YHR058C,YDR120C,0,-8.70953,0.1008608341217041,1.0,0.8914651274681091
YEL019C,YOR310C,0,-8.710775,0.10084636509418488,1.0,0.891607403755188
YOR375C,YPL186C,0,-8.710777,0.10083189606666565,1.0,0.8917496204376221
YNR016C,YKR034W,0,-8.711499,0.10081744194030762,1.0,0.8918918967247009
YPL217C,YOR100C,0,-8.711866,0.10080298036336899,1.0,0.892034113407135
YJL058C,YML075C,0,-8.712652,0.10078853368759155,1.0,0.8921763896942139
YLR197W,YDR470C,0,-8.715202,0.10077407956123352,1.0,0.892318606376648
YML022W,YHR106W,0,-8.716194,0.10075964033603668,1.0,0.8924608826637268
YNL110C,YFL037W,0,-8.719426,0.10074520111083984,1.0,0.8926031589508057
YGL166W,YHR170W,0,-8.720585,0.100730761885643,1.0,0.8927453756332397
YPR178W,YKR059W,0,-8.720709,0.10071633011102676,1.0,0.8928876519203186
YDR527W,YGR152C,0,-8.720856,0.10070190578699112,1.0,0.8930298686027527
YMR182C,YGR186W,0,-8.723061,0.10068748146295547,1.0,0.8931721448898315
YLR117C,YOR063W,0,-8.725443,0.10067306458950043,1.0,0.8933143615722656
YJL106W,YIL099W,0,-8.72613,0.10065864771604538,1.0,0.8934566378593445
YER122C,YCR028C-A,0,-8.726337,0.10064423829317093,1.0,0.8935988545417786
YOR244W,YOR234C,0,-8.7285,0.10062982887029648,1.0,0.8937411308288574
YBR175W,YLL028W,0,-8.728651,0.10061542689800262,1.0,0.8938833475112915
YAL059W,YBR050C,0,-8.729208,0.10060103237628937,1.0,0.8940256237983704
YGR258C,YER150W,0,-8.729718,0.10058663785457611,1.0,0.8941678404808044
YHR005C-A,YOR182C,0,-8.729723,0.10057224333286285,1.0,0.8943101167678833
YMR116C,YBR020W,0,-8.732258,0.10055786371231079,1.0,0.8944523334503174
YLR197W,YGR020C,0,-8.734812,0.10054347664117813,1.0,0.8945946097373962
YPL155C,YOR182C,0,-8.736059,0.10052909702062607,1.0,0.8947368264198303
YLR131C,YNR056C,0,-8.737572,0.1005147248506546,1.0,0.8948791027069092
YER015W,YFR001W,0,-8.737677,0.10050036013126373,1.0,0.8950213193893433
YGL183C,YDR172W,0,-8.738476,0.10048599541187286,1.0,0.8951635956764221
YMR213W,YNR003C,0,-8.744999,0.100471630692482,1.0,0.8953058123588562
YKR034W,YFL003C,0,-8.747282,0.10045727342367172,1.0,0.8954480886459351
YHR121W,YOR310C,0,-8.748581,0.10044292360544205,1.0,0.8955903053283691
YER013W,YOR230W,0,-8.748897,0.10042857378721237,1.0,0.895732581615448
YML102W,YOR234C,0,-8.750751,0.1004142239689827,1.0,0.8958747982978821
YNL240C,YGR027C,0,-8.753763,0.10039988905191422,1.0,0.8960170745849609
YMR011W,YDR347W,0,-8.755831,0.10038554668426514,1.0,0.896159291267395
YCL018W,YOR095C,0,-8.756468,0.10037121921777725,1.0,0.8963015675544739
YPL093W,YEL058W,0,-8.756484,0.10035688430070877,1.0,0.896443784236908
YJR089W,YMR006C,0,-8.756682,0.10034256428480148,1.0,0.8965860605239868
YML022W,YML031W,0,-8.757938,0.1003282442688942,1.0,0.8967283368110657
YDR511W,YKL218C,0,-8.760474,0.10031392425298691,1.0,0.8968705534934998
YIL079C,YLR291C,0,-8.760574,0.10029961168766022,1.0,0.8970128297805786
YDL192W,YIL019W,0,-8.762883,0.10028530657291412,1.0,0.8971550464630127
YJR016C,YPL133C,0,-8.764302,0.10027100145816803,1.0,0.8972973227500916
YGR245C,YJR126C,0,-8.764919,0.10025670379400253,1.0,0.8974395394325256
YCR089W,YDR320C,0,-8.765082,0.10024240612983704,1.0,0.8975818157196045
YKR081C,YNL026W,0,-8.765914,0.10022811591625214,1.0,0.8977240324020386
YGR036C,YPL058C,0,-8.769138,0.10021382570266724,1.0,0.8978663086891174
YGR245C,YGR195W,0,-8.769287,0.10019954293966293,1.0,0.8980085253715515
YPR001W,YKL166C,0,-8.769339,0.10018526762723923,1.0,0.8981508016586304
YGL166W,YKR081C,0,-8.769846,0.10017099231481552,1.0,0.8982930183410645
YMR201C,YDR025W,0,-8.770103,0.10015671700239182,1.0,0.8984352946281433
YOL060C,YPR043W,0,-8.772602,0.1001424491405487,1.0,0.8985775113105774
YLR117C,YLR060W,0,-8.775384,0.1001281887292862,1.0,0.8987197875976562
YOR374W,YOR295W,0,-8.776799,0.10011392831802368,1.0,0.8988620042800903
YFL056C,YJR069C,0,-8.77746,0.10009967535734177,1.0,0.8990042805671692
YGR061C,YHR104W,0,-8.777833,0.10008542239665985,1.0,0.8991464972496033
YLR028C,YDR064W,0,-8.778839,0.10007117688655853,1.0,0.8992887735366821
YJR155W,YKR056W,0,-8.779162,0.10005693137645721,1.0,0.8994309902191162
YPR001W,YPL104W,0,-8.779796,0.10004269331693649,1.0,0.8995732665061951
YER017C,YDR399W,0,-8.78034,0.10002845525741577,1.0,0.8997154831886292
YGR195W,YGR285C,0,-8.780398,0.10001422464847565,1.0,0.899857759475708
YFL010W-A,YBL051C,0,-8.786787,0.10000000149011612,1.0,0.8999999761581421
YDL227C,YAL032C,0,-8.786984,0.09998577833175659,1.0,0.900142252445221
YGR192C,YLR181C,0,-8.788791,0.09997155517339706,1.0,0.900284469127655
YER044C-A,YDR172W,0,-8.790397,0.09995734691619873,1.0,0.9004267454147339
YOR010C,YNL107W,0,-8.791061,0.0999431312084198,1.0,0.900568962097168
YDL055C,YDR510W,0,-8.791656,0.09992893040180206,1.0,0.9007112383842468
YDR045C,YLL028W,0,-8.794416,0.09991472214460373,1.0,0.9008535146713257
YMR162C,YOL080C,0,-8.798354,0.09990052878856659,1.0,0.9009957313537598
YBL042C,YBR050C,0,-8.801079,0.09988632798194885,1.0,0.9011380076408386
YGL016W,YMR121C,0,-8.801483,0.09987214207649231,1.0,0.9012802243232727
YLR285W,YGR239C,0,-8.804239,0.09985795617103577,1.0,0.9014225006103516
YDR365C,YOR371C,0,-8.806969,0.09984377026557922,1.0,0.9015647172927856
YJL091C,YGR094W,0,-8.807715,0.09982959181070328,1.0,0.9017069935798645
YPL145C,YKL216W,0,-8.8117,0.09981542080640793,1.0,0.9018492102622986
YCL026C-A,YLR451W,0,-8.8142605,0.09980124980211258,1.0,0.9019914865493774
YLR401C,YLR285W,0,-8.816316,0.09978708624839783,1.0,0.9021337032318115
YDL171C,YDL010W,0,-8.816511,0.09977292269468307,1.0,0.9022759795188904
YLR106C,YDR383C,0,-8.817643,0.09975875914096832,1.0,0.9024181962013245
YNL016W,YMR201C,0,-8.820616,0.09974461048841476,1.0,0.9025604724884033
YNL065W,YBR167C,0,-8.821423,0.0997304618358612,1.0,0.9027026891708374
YPL093W,YGR184C,0,-8.82362,0.09971631318330765,1.0,0.9028449654579163
YHR121W,YLR264W,0,-8.826056,0.09970217198133469,1.0,0.9029871821403503
YJL033W,YML015C,0,-8.827154,0.09968803077936172,1.0,0.9031294584274292
YCL004W,YIR026C,0,-8.828318,0.09967389702796936,1.0,0.9032716751098633
YOL077C,YHR107C,0,-8.829415,0.09965977072715759,1.0,0.9034139513969421
YGL028C,YDR104C,0,-8.83275,0.09964564442634583,1.0,0.9035561680793762
YBR298C,YDL124W,0,-8.834585,0.09963151812553406,1.0,0.9036984443664551
YLR401C,YCR089W,0,-8.835579,0.09961739927530289,1.0,0.9038406610488892
YEL027W,YBR066C,0,-8.838144,0.09960328787565231,1.0,0.903982937335968
YLR175W,YHR143W-A,0,-8.839305,0.09958917647600174,1.0,0.9041251540184021
YPL155C,YBL027W,0,-8.840247,0.09957507252693176,1.0,0.904267430305481
YEL054C,YLL011W,0,-8.840895,0.09956096857786179,1.0,0.904409646987915
YOL077C,YNL015W,0,-8.840973,0.0995468720793724,1.0,0.9045519232749939
YFL029C,YLR060W,0,-8.841776,0.09953277558088303,1.0,0.904694139957428
YMR290C,YOR095C,0,-8.844866,0.09951868653297424,1.0,0.9048364162445068
YPL093W,YNL007C,0,-8.851099,0.09950459748506546,1.0,0.9049786925315857
YGL148W,YGL104C,0,-8.857494,0.09949051588773727,1.0,0.9051209092140198
YOR237W,YPR080W,0,-8.863588,0.09947644174098969,1.0,0.9052631855010986
YJR010W,YBL050W,0,-8.864872,0.0994623675942421,1.0,0.9054054021835327
YOR310C,YCR020C,0,-8.865498,0.0994482934474945,1.0,0.9055476784706116
YMR149W,YBR117C,0,-8.865696,0.09943422675132751,1.0,0.9056898951530457
YJR105W,YMR189W,0,-8.866638,0.09942016750574112,1.0,0.9058321714401245
YOL077C,YJL052W,0,-8.867058,0.09940610826015472,1.0,0.9059743881225586
YLR433C,YLL045C,0,-8.869093,0.09939205646514893,1.0,0.9061166644096375
YPR033C,YAL011W,0,-8.870262,0.09937800467014313,1.0,0.9062588810920715
YOR119C,YHR041C,0,-8.8707905,0.09936396032571793,1.0,0.9064011573791504
YCL029C,YMR296C,0,-8.872856,0.09934991598129272,1.0,0.9065433740615845
YOL080C,YDR064W,0,-8.873893,0.09933587908744812,1.0,0.9066856503486633
YJL019W,YBL039C,0,-8.87451,0.09932184219360352,1.0,0.9068278670310974
YIR023W,YOR237W,0,-8.877023,0.09930781275033951,1.0,0.9069701433181763
YMR290C,YJR007W,0,-8.878214,0.0992937833070755,1.0,0.9071123600006104
YGR208W,YLR222C,0,-8.881485,0.09927976131439209,1.0,0.9072546362876892
YPL005W,YPR110C,0,-8.883711,0.09926574677228928,1.0,0.9073968529701233
YMR094W,YML024W,0,-8.885098,0.09925173223018646,1.0,0.9075391292572021
YDR087C,YOL124C,0,-8.887859,0.09923771768808365,1.0,0.9076813459396362
YPR192W,YDR365C,0,-8.890581,0.09922371059656143,1.0,0.9078236222267151
YMR199W,YKR048C,0,-8.890807,0.09920971095561981,1.0,0.9079658389091492
YGL124C,YJL109C,0,-8.893904,0.09919571131467819,1.0,0.908108115196228
YKR049C,YDR347W,0,-8.897513,0.09918171912431717,1.0,0.9082503318786621
YBR221C,YDR012W,0,-8.899279,0.09916772693395615,1.0,0.908392608165741
YPR057W,YOL126C,0,-8.902452,0.09915373474359512,1.0,0.908534824848175
YAL059W,YNL169C,0,-8.902515,0.0991397574543953,1.0,0.9086771011352539
YLR167W,YPL207W,0,-8.904015,0.09912577271461487,1.0,0.908819317817688
YDL208W,YLR430W,0,-8.904087,0.09911180287599564,1.0,0.9089615941047668
YAR050W,YOR293W,0,-8.90963,0.0990978255867958,1.0,0.9091038703918457
YLR401C,YHR105W,0,-8.914452,0.09908386319875717,1.0,0.9092460870742798
YNL072W,YNL096C,0,-8.914779,0.09906990081071854,1.0,0.9093883633613586
YMR290C,YJR043C,0,-8.916801,0.0990559384226799,1.0,0.9095305800437927
YLR459W,YOL010W,0,-8.917337,0.09904198348522186,1.0,0.9096728563308716
YHR088W,YLR378C,0,-8.919981,0.09902802854776382,1.0,0.9098150730133057
YLR274W,YPL081W,0,-8.921013,0.09901408106088638,1.0,0.9099573493003845
YHR175W,YCR057C,0,-8.922237,0.09900014102458954,1.0,0.9100995659828186
YMR300C,YFL050C,0,-8.923546,0.0989862009882927,1.0,0.9102418422698975
YDR191W,YPL079W,0,-8.92554,0.09897226840257645,1.0,0.9103840589523315
YCL029C,YDR064W,0,-8.926033,0.0989583358168602,1.0,0.9105263352394104
YOL101C,YLR371W,0,-8.926586,0.09894440323114395,1.0,0.9106685519218445
YLL045C,YJR126C,0,-8.926743,0.0989304780960083,1.0,0.9108108282089233
YER165W,YOR151C,0,-8.935123,0.09891656041145325,1.0,0.9109530448913574
YDR365C,YKL042W,0,-8.936752,0.0989026427268982,1.0,0.9110953211784363
YMR296C,YDL244W,0,-8.9376335,0.09888873249292374,1.0,0.9112375378608704
YLR284C,YMR194W,0,-8.938114,0.09887482225894928,1.0,0.9113798141479492
YLR060W,YCR046C,0,-8.939586,0.09886091947555542,1.0,0.9115220308303833
YPR192W,YGL171W,0,-8.9424515,0.09884701669216156,1.0,0.9116643071174622
YCL038C,YOR010C,0,-8.944311,0.0988331213593483,1.0,0.9118065237998962
YML125C,YDR012W,0,-8.9511175,0.09881922602653503,1.0,0.9119488000869751
YNL331C,YJL076W,0,-8.951763,0.09880533814430237,1.0,0.9120910167694092
YIL043C,YOR048C,0,-8.953923,0.0987914577126503,1.0,0.912233293056488
YKL053C-A,YGL062W,0,-8.954494,0.09877757728099823,1.0,0.9123755097389221
YCL038C,YJL121C,0,-8.955595,0.09876369684934616,1.0,0.912517786026001
YPL145C,YBL039C,0,-8.956348,0.09874982386827469,1.0,0.9126600027084351
YHR154W,YIR026C,0,-8.957539,0.09873595833778381,1.0,0.9128022789955139
YJR070C,YHR105W,0,-8.957729,0.09872209280729294,1.0,0.912944495677948
YMR189W,YDR318W,0,-8.960873,0.09870822727680206,1.0,0.9130867719650269
YDR385W,YIR034C,0,-8.965809,0.09869436919689178,1.0,0.9132290482521057
YPL119C,YBL042C,0,-8.966068,0.0986805185675621,1.0,0.9133712649345398
YDR309C,YER150W,0,-8.968,0.09866666793823242,1.0,0.9135135412216187
YNL053W,YBR066C,0,-8.968497,0.09865281730890274,1.0,0.9136557579040527
YDR297W,YLR090W,0,-8.970664,0.09863898158073425,1.0,0.9137980341911316
YGR183C,YGR184C,0,-8.972276,0.09862513840198517,1.0,0.9139402508735657
YNL147W,YDR087C,0,-8.976088,0.09861130267381668,1.0,0.9140825271606445
YBL002W,YFR029W,0,-8.978123,0.09859747439622879,1.0,0.9142247438430786
YOR197W,YDL055C,0,-8.983721,0.0985836461186409,1.0,0.9143670201301575
YCL038C,YDR399W,0,-8.984017,0.0985698252916336,1.0,0.9145092368125916
YMR128W,YMR285C,0,-8.985785,0.09855600446462631,1.0,0.9146515130996704
YGL209W,YBR127C,0,-8.988646,0.09854219108819962,1.0,0.9147937297821045
YJR010W,YDR381W,0,-8.992571,0.09852837771177292,1.0,0.9149360060691833
YMR256C,YBR293W,0,-8.9946995,0.09851457178592682,1.0,0.9150782227516174
YDR045C,YNL202W,0,-8.996541,0.09850077331066132,1.0,0.9152204990386963
YNL111C,YCR089W,0,-8.996946,0.09848697483539581,1.0,0.9153627157211304
YML042W,YDR309C,0,-8.998132,0.09847317636013031,1.0,0.9155049920082092
YJL208C,YPL186C,0,-8.998192,0.0984593853354454,1.0,0.9156472086906433
YOL086C,YPL186C,0,-8.999348,0.0984455943107605,1.0,0.9157894849777222
YHR013C,YMR213W,0,-8.999898,0.09843181073665619,1.0,0.9159317016601562
YLR295C,YJL079C,0,-9.001064,0.09841803461313248,1.0,0.9160739779472351
YEL027W,YML075C,0,-9.003504,0.09840425848960876,1.0,0.9162161946296692
YMR038C,YLR264W,0,-9.003883,0.09839048236608505,1.0,0.916358470916748
YJR016C,YOR162C,0,-9.007278,0.09837671369314194,1.0,0.9165006875991821
YGR049W,YOL028C,0,-9.008738,0.09836295247077942,1.0,0.916642963886261
YBL090W,YHL033C,0,-9.010347,0.0983491912484169,1.0,0.9167851805686951
YDL200C,YPR080W,0,-9.012372,0.09833543002605438,1.0,0.9169274568557739
YGR095C,YHR098C,0,-9.0127125,0.09832167625427246,1.0,0.917069673538208
YMR189W,YKR079C,0,-9.015854,0.09830792993307114,1.0,0.9172119498252869
YHR154W,YDR023W,0,-9.018078,0.09829418361186981,1.0,0.917354166507721
YER104W,YDL112W,0,-9.019883,0.09828044474124908,1.0,0.9174964427947998
YLR060W,YHR167W,0,-9.024109,0.09826670587062836,1.0,0.9176387190818787
YDR534C,YOR336W,0,-9.02509,0.09825296700000763,1.0,0.9177809357643127
YLL052C,YLR060W,0,-9.025633,0.0982392430305481,1.0,0.9179232120513916
YPL079W,YBR014C,0,-9.025953,0.09822551161050797,1.0,0.9180654287338257
YOL155C,YGL189C,0,-9.026929,0.09821178764104843,1.0,0.9182077050209045
YJL010C,YOL138C,0,-9.028471,0.0981980711221695,1.0,0.9183499217033386
YJL155C,YOR063W,0,-9.02866,0.09818435460329056,1.0,0.9184921979904175
YDL055C,YDL210W,0,-9.028824,0.09817064553499222,1.0,0.9186344146728516
YML022W,YLR319C,0,-9.031258,0.09815693646669388,1.0,0.9187766909599304
YPL093W,YAL047C,0,-9.036055,0.09814323484897614,1.0,0.9189189076423645
YBR132C,YHR048W,0,-9.036776,0.09812953323125839,1.0,0.9190611839294434
YOR032C,YPR010C,0,-9.037445,0.09811583906412125,1.0,0.9192034006118774
YER069W,YER056C-A,0,-9.03914,0.0981021523475647,1.0,0.9193456768989563
YBR102C,YLR222C,0,-9.04785,0.09808845818042755,1.0,0.9194878935813904
YNL110C,YOR337W,0,-9.048704,0.0980747789144516,1.0,0.9196301698684692
YLR433C,YGL189C,0,-9.052038,0.09806109964847565,1.0,0.9197723865509033
YPL093W,YKL184W,0,-9.053905,0.0980474203824997,1.0,0.9199146628379822
YDL161W,YDR087C,0,-9.061489,0.09803374856710434,1.0,0.9200568795204163
YOR100C,YJL079C,0,-9.062997,0.09802007675170898,1.0,0.9201991558074951
YDR299W,YCL029C,0,-9.063712,0.09800641238689423,1.0,0.9203413724899292
YPL155C,YLR167W,0,-9.064226,0.09799274802207947,1.0,0.9204836487770081
YDR365C,YGL016W,0,-9.064958,0.0979790911078453,1.0,0.9206258654594421
YER055C,YHR001W-A,0,-9.067049,0.09796544164419174,1.0,0.920768141746521
YLR175W,YBR103W,0,-9.067453,0.09795179218053818,1.0,0.9209103584289551
YCR028C-A,YGR027C,0,-9.070513,0.09793814271688461,1.0,0.9210526347160339
YDR012W,YIR015W,0,-9.071849,0.09792450070381165,1.0,0.921194851398468
YOR371C,YPL058C,0,-9.07212,0.09791086614131927,1.0,0.9213371276855469
YBR291C,YDR198C,0,-9.073016,0.0978972315788269,1.0,0.921479344367981
YPL008W,YDR399W,0,-9.073416,0.09788359701633453,1.0,0.9216216206550598
YER069W,YGL001C,0,-9.074414,0.09786996990442276,1.0,0.9217638969421387
YMR116C,YLR354C,0,-9.078423,0.09785635024309158,1.0,0.9219061136245728
YDL171C,YKR025W,0,-9.078428,0.0978427305817604,1.0,0.9220483899116516
YER015W,YIL069C,0,-9.080357,0.09782911092042923,1.0,0.9221906065940857
YLL052C,YFL011W,0,-9.080443,0.09781549870967865,1.0,0.9223328828811646
YNL147W,YAL011W,0,-9.080616,0.09780189394950867,1.0,0.9224750995635986
YML102W,YGL246C,0,-9.082949,0.09778828918933868,1.0,0.9226173758506775
YDR198C,YDR012W,0,-9.085069,0.0977746844291687,1.0,0.9227595925331116
YCR002C,YGL171W,0,-9.086949,0.09776108711957932,1.0,0.9229018688201904
YPR192W,YMR033W,0,-9.088015,0.09774749726057053,1.0,0.9230440855026245
YCR075C,YDR399W,0,-9.090857,0.09773390740156174,1.0,0.9231863617897034
YIL019W,YMR186W,0,-9.092262,0.09772032499313354,1.0,0.9233285784721375
YJR097W,YMR006C,0,-9.092466,0.09770674258470535,1.0,0.9234708547592163
YMR008C,YPL123C,0,-9.0980625,0.09769316017627716,1.0,0.9236130714416504
YFR029W,YGR152C,0,-9.101004,0.09767958521842957,1.0,0.9237553477287292
YAL040C,YMR316W,0,-9.102434,0.09766601771116257,1.0,0.9238975644111633
YBL027W,YNL202W,0,-9.104108,0.09765245020389557,1.0,0.9240398406982422
YPL139C,YHR048W,0,-9.106009,0.09763889014720917,1.0,0.9241820573806763
YDR231C,YML024W,0,-9.108337,0.09762533009052277,1.0,0.9243243336677551
YBR021W,YBR125C,0,-9.108845,0.09761177748441696,1.0,0.9244665503501892
YML022W,YDR128W,0,-9.11123,0.09759822487831116,1.0,0.9246088266372681
YFL011W,YFR001W,0,-9.112669,0.09758467227220535,1.0,0.9247510433197021
YPL217C,YIR023W,0,-9.113283,0.09757113456726074,1.0,0.924893319606781
YJL039C,YBR117C,0,-9.116487,0.09755758941173553,1.0,0.9250355362892151
YOR306C,YDR501W,0,-9.117523,0.09754405170679092,1.0,0.925177812576294
YHR059W,YLL028W,0,-9.119097,0.09753052145242691,1.0,0.925320029258728
YDR299W,YLR354C,0,-9.119228,0.0975169911980629,1.0,0.9254623055458069
YOR153W,YOR313C,0,-9.121332,0.09750346839427948,1.0,0.925604522228241
YNL327W,YKR100C,0,-9.121447,0.09748994559049606,1.0,0.9257467985153198
YDR270W,YIL019W,0,-9.12294,0.09747643023729324,1.0,0.9258890748023987
YNR030W,YOL080C,0,-9.123941,0.09746291488409042,1.0,0.9260312914848328
YJR010W,YPL138C,0,-9.129177,0.0974494069814682,1.0,0.9261735677719116
YLR291C,YOL054W,0,-9.12966,0.09743589907884598,1.0,0.9263157844543457
YLR175W,YGR186W,0,-9.132518,0.09742239117622375,1.0,0.9264580607414246
YGL055W,YDL103C,0,-9.135752,0.09740889817476273,1.0,0.9266002774238586
YHR013C,YNL202W,0,-9.137709,0.0973953977227211,1.0,0.9267425537109375
YGR049W,YAL047C,0,-9.138399,0.09738191217184067,1.0,0.9268847703933716
YPR080W,YDL010W,0,-9.139105,0.09736841917037964,1.0,0.9270270466804504
YGR189C,YOR295W,0,-9.14212,0.0973549336194992,1.0,0.9271692633628845
YGL155W,YGL055W,0,-9.14419,0.09734145551919937,1.0,0.9273115396499634
YOL086C,YBL035C,0,-9.144322,0.09732797741889954,1.0,0.9274537563323975
YDL227C,YLR451W,0,-9.144324,0.0973145067691803,1.0,0.9275960326194763
YBL038W,YGR027C,0,-9.144523,0.09730103611946106,1.0,0.9277382493019104
YBL027W,YBR293W,0,-9.147026,0.09728757292032242,1.0,0.9278805255889893
YIL026C,YNL113W,0,-9.151398,0.09727410972118378,1.0,0.9280227422714233
YDR075W,YHR167W,0,-9.152298,0.09726065397262573,1.0,0.9281650185585022
YIL019W,YML011C,0,-9.153549,0.09724719822406769,1.0,0.9283072352409363
YMR300C,YOR337W,0,-9.155067,0.09723374992609024,1.0,0.9284495115280151
YNL023C,YJL076W,0,-9.160347,0.09722030162811279,1.0,0.9285917282104492
YHR013C,YLR319C,0,-9.163351,0.09720686078071594,1.0,0.9287340044975281
YDL055C,YJR059W,0,-9.1665125,0.09719341993331909,1.0,0.9288762211799622
YNL015W,YER056C-A,0,-9.16929,0.09717998653650284,1.0,0.929018497467041
YHR104W,YLL023C,0,-9.170048,0.09716655313968658,1.0,0.9291607141494751
YKL028W,YKL216W,0,-9.171689,0.09715311974287033,1.0,0.929302990436554
YGR289C,YGR285C,0,-9.174757,0.09713970124721527,1.0,0.929445207118988
YDL112W,YNR024W,0,-9.17734,0.09712627530097961,1.0,0.9295874834060669
YIL079C,YOR326W,0,-9.17772,0.09711286425590515,1.0,0.929729700088501
YPL253C,YCR045C,0,-9.179337,0.09709944576025009,1.0,0.9298719763755798
YNL113W,YDR372C,0,-9.181904,0.09708603471517563,1.0,0.9300142526626587
YMR006C,YOR137C,0,-9.1869545,0.09707263112068176,1.0,0.9301564693450928
YAL059W,YNL005C,0,-9.186962,0.0970592275261879,1.0,0.9302987456321716
YLR017W,YJL108C,0,-9.190805,0.09704583138227463,1.0,0.9304409623146057
YCR075C,YOL080C,0,-9.192592,0.09703243523836136,1.0,0.9305832386016846
YDR501W,YOR010C,0,-9.195186,0.09701904654502869,1.0,0.9307254552841187
YNL327W,YDR075W,0,-9.19628,0.09700565785169601,1.0,0.9308677315711975
YMR300C,YER174C,0,-9.196749,0.09699227660894394,1.0,0.9310099482536316
YGL155W,YHR203C,0,-9.196827,0.09697889536619186,1.0,0.9311522245407104
YLL034C,YBL103C,0,-9.199005,0.09696551412343979,1.0,0.9312944412231445
YDR299W,YGR245C,0,-9.19961,0.09695214778184891,1.0,0.9314367175102234
YNL021W,YDR465C,0,-9.2047205,0.09693877398967743,1.0,0.9315789341926575
YHR037W,YGR285C,0,-9.209436,0.09692540764808655,1.0,0.9317212104797363
YMR162C,YML055W,0,-9.20944,0.09691204875707626,1.0,0.9318634271621704
YGL223C,YER056C-A,0,-9.212864,0.09689868986606598,1.0,0.9320057034492493
YDL095W,YGR245C,0,-9.218859,0.09688533842563629,1.0,0.9321479201316833
YML095C,YGR245C,0,-9.220043,0.0968719869852066,1.0,0.9322901964187622
YDR317W,YDL227C,0,-9.226632,0.09685863554477692,1.0,0.9324324131011963
YMR194W,YDL098C,0,-9.2284775,0.09684529900550842,1.0,0.9325746893882751
YMR116C,YNR056C,0,-9.229256,0.09683195501565933,1.0,0.9327169060707092
YOR185C,YNL031C,0,-9.230251,0.09681861847639084,1.0,0.9328591823577881
YNL185C,YLR197W,0,-9.231667,0.09680528938770294,1.0,0.9330013990402222
YBR117C,YER175C,0,-9.233655,0.09679196029901505,1.0,0.933143675327301
YGR075C,YBR083W,0,-9.234914,0.09677863121032715,1.0,0.9332858920097351
YEL055C,YER104W,0,-9.239141,0.09676530957221985,1.0,0.933428168296814
YEL022W,YLR167W,0,-9.240656,0.09675199538469315,1.0,0.933570384979248
YNR003C,YGR094W,0,-9.24266,0.09673868119716644,1.0,0.9337126612663269
YDL171C,YHR062C,0,-9.245232,0.09672537446022034,1.0,0.933854877948761
YJL033W,YLR167W,0,-9.246726,0.09671206772327423,1.0,0.9339971542358398
YDR116C,YLL045C,0,-9.249279,0.09669876098632812,1.0,0.9341394305229187
YDR234W,YGR091W,0,-9.250597,0.09668546169996262,1.0,0.9342816472053528
YHR013C,YGR208W,0,-9.250914,0.0966721698641777,1.0,0.9344239234924316
YGL062W,YDR025W,0,-9.251538,0.09665887802839279,1.0,0.9345661401748657
YMR290C,YBR298C,0,-9.252302,0.09664558619260788,1.0,0.9347084164619446
YOL077C,YOR351C,0,-9.253118,0.09663230180740356,1.0,0.9348506331443787
YGL209W,YDL195W,0,-9.255788,0.09661902487277985,1.0,0.9349929094314575
YNL199C,YGR049W,0,-9.258062,0.09660574048757553,1.0,0.9351351261138916
YDL229W,YDL210W,0,-9.259945,0.09659247100353241,1.0,0.9352774024009705
YPR110C,YGR185C,0,-9.260828,0.09657920151948929,1.0,0.9354196190834045
YGL246C,YOR313C,0,-9.264669,0.09656593203544617,1.0,0.9355618953704834
YGR088W,YBL068W,0,-9.266005,0.09655267000198364,1.0,0.9357041120529175
YBL035C,YGR192C,0,-9.268397,0.09653941541910172,1.0,0.9358463883399963
YHR129C,YDR527W,0,-9.273008,0.09652615338563919,1.0,0.9359886050224304
YHR061C,YMR296C,0,-9.280077,0.09651290625333786,1.0,0.9361308813095093
YOR010C,YFL037W,0,-9.281504,0.09649965912103653,1.0,0.9362730979919434
YLR060W,YHR106W,0,-9.283976,0.0964864119887352,1.0,0.9364153742790222
YBR078W,YBR195C,0,-9.284035,0.09647317230701447,1.0,0.9365575909614563
YHR174W,YOR293W,0,-9.284495,0.09645993262529373,1.0,0.9366998672485352
YBL064C,YOR234C,0,-9.28948,0.0964467003941536,1.0,0.9368420839309692
YOR095C,YLR005W,0,-9.293956,0.09643346816301346,1.0,0.9369843602180481
YLR448W,YKL184W,0,-9.295418,0.09642024338245392,1.0,0.9371265769004822
YPL101W,YNL110C,0,-9.296576,0.09640701860189438,1.0,0.937268853187561
YBR146W,YGL062W,0,-9.299562,0.09639380127191544,1.0,0.9374110698699951
YKL103C,YMR267W,0,-9.299609,0.09638058394193649,1.0,0.937553346157074
YDL105W,YGR152C,0,-9.299704,0.09636737406253815,1.0,0.9376955628395081
YDR399W,YJR059W,0,-9.301096,0.0963541641831398,1.0,0.9378378391265869
YHR062C,YDL195W,0,-9.301096,0.09634096175432205,1.0,0.937980055809021
YOL080C,YPR137W,0,-9.301831,0.0963277593255043,1.0,0.9381223320960999
YOR185C,YDR158W,0,-9.303406,0.09631456434726715,1.0,0.9382646083831787
YPL171C,YGR020C,0,-9.30357,0.09630136936903,1.0,0.9384068250656128
YPL058C,YPL112C,0,-9.304145,0.09628818184137344,1.0,0.9385491013526917
YAL054C,YLR071C,0,-9.308159,0.09627499431371689,1.0,0.9386913180351257
YOR239W,YGL171W,0,-9.310322,0.09626180678606033,1.0,0.9388335943222046
YFR029W,YPR110C,0,-9.310666,0.09624863415956497,1.0,0.9389758110046387
YMR011W,YDR086C,0,-9.310759,0.09623545408248901,1.0,0.9391180872917175
YDR123C,YNR003C,0,-9.313197,0.09622228145599365,1.0,0.9392603039741516
YPL023C,YMR239C,0,-9.313548,0.09620911628007889,1.0,0.9394025802612305
YLR293C,YBR117C,0,-9.315857,0.09619595110416412,1.0,0.9395447969436646
YHR194W,YER154W,0,-9.320469,0.09618278592824936,1.0,0.9396870732307434
YLR060W,YOL095C,0,-9.320847,0.09616962820291519,1.0,0.9398292899131775
YBR072W,YNL091W,0,-9.323936,0.09615647792816162,1.0,0.9399715662002563
YOL086C,YDR322W,0,-9.324108,0.09614332765340805,1.0,0.9401137828826904
YNL111C,YCR065W,0,-9.32599,0.09613017737865448,1.0,0.9402560591697693
YNL065W,YPL266W,0,-9.327274,0.0961170345544815,1.0,0.9403982758522034
YLR167W,YGR152C,0,-9.330463,0.09610389918088913,1.0,0.9405405521392822
YNL072W,YDR395W,0,-9.331268,0.09609075635671616,1.0,0.9406827688217163
YDL055C,YOL028C,0,-9.33639,0.09607762843370438,1.0,0.9408250451087952
YMR194W,YKL125W,0,-9.337914,0.0960645005106926,1.0,0.9409672617912292
YOL077C,YBR198C,0,-9.339451,0.09605137258768082,1.0,0.9411095380783081
YOR237W,YEL053C,0,-9.347777,0.09603825211524963,1.0,0.9412517547607422
YPL140C,YPR010C,0,-9.34794,0.09602513164281845,1.0,0.941394031047821
YIL019W,YHR104W,0,-9.350627,0.09601201862096786,1.0,0.9415362477302551
YPL081W,YDR523C,0,-9.354923,0.09599890559911728,1.0,0.941678524017334
YBR038W,YGR213C,0,-9.355354,0.09598580002784729,1.0,0.9418207406997681
YPR102C,YOR049C,0,-9.358736,0.0959726944565773,1.0,0.9419630169868469
YGR154C,YDR234W,0,-9.358856,0.09595959633588791,1.0,0.942105233669281
YOL077C,YIR018W,0,-9.362501,0.09594649821519852,1.0,0.9422475099563599
YBR132C,YBR154C,0,-9.366427,0.09593340754508972,1.0,0.9423897862434387
YOR193W,YGR183C,0,-9.368616,0.09592031687498093,1.0,0.9425320029258728
YCR002C,YOR098C,0,-9.375082,0.09590723365545273,1.0,0.9426742792129517
YDR009W,YDL112W,0,-9.378864,0.09589415043592453,1.0,0.9428164958953857
YGL183C,YMR039C,0,-9.380714,0.09588106721639633,1.0,0.9429587721824646
YCL040W,YPR051W,0,-9.381141,0.09586799144744873,1.0,0.9431009888648987
YML024W,YBR254C,0,-9.381371,0.09585492312908173,1.0,0.9432432651519775
YLR060W,YML095C,0,-9.383629,0.09584185481071472,1.0,0.9433854818344116
YMR162C,YIR026C,0,-9.387451,0.09582878649234772,1.0,0.9435277581214905
YDR012W,YFL037W,0,-9.387522,0.09581572562456131,1.0,0.9436699748039246
YGR005C,YJR041C,0,-9.389021,0.0958026722073555,1.0,0.9438122510910034
YEL054C,YGR213C,0,-9.392036,0.09578961879014969,1.0,0.9439544677734375
YLR401C,YIL167W,0,-9.393209,0.09577656537294388,1.0,0.9440967440605164
YDL208W,YMR239C,0,-9.397578,0.09576351940631866,1.0,0.9442389607429504
YML022W,YDL105W,0,-9.399604,0.09575047343969345,1.0,0.9443812370300293
YJL208C,YNL202W,0,-9.400301,0.09573743492364883,1.0,0.9445234537124634
YJL039C,YJR063W,0,-9.407882,0.09572440385818481,1.0,0.9446657299995422
YOR310C,YIL013C,0,-9.40974,0.0957113653421402,1.0,0.9448079466819763
YER175C,YNR024W,0,-9.41688,0.09569834172725677,1.0,0.9449502229690552
YOL010W,YGR049W,0,-9.417041,0.09568531066179276,1.0,0.9450924396514893
YNL202W,YBR083W,0,-9.42043,0.09567229449748993,1.0,0.9452347159385681
YGL126W,YOL124C,0,-9.422141,0.0956592708826065,1.0,0.9453769326210022
YJL108C,YPR080W,0,-9.424925,0.09564626216888428,1.0,0.945519208908081
YFL057C,YKR034W,0,-9.427732,0.09563324600458145,1.0,0.9456614255905151
YNR041C,YHR170W,0,-9.428604,0.09562023729085922,1.0,0.945803701877594
YCR068W,YPR074C,0,-9.436846,0.09560723602771759,1.0,0.9459459185600281
YOR311C,YOR095C,0,-9.436884,0.09559423476457596,1.0,0.9460881948471069
YGR295C,YGL187C,0,-9.43969,0.09558124095201492,1.0,0.946230411529541
YER141W,YDL124W,0,-9.442503,0.09556824713945389,1.0,0.9463726878166199
YDR012W,YDR395W,0,-9.444956,0.09555525332689285,1.0,0.9465149641036987
YMR006C,YIR022W,0,-9.445562,0.09554226696491241,1.0,0.9466571807861328
YGR258C,YHL033C,0,-9.445951,0.09552928060293198,1.0,0.9467994570732117
YJR031C,YKL196C,0,-9.452581,0.09551630169153214,1.0,0.9469416737556458
YMR201C,YOR234C,0,-9.456776,0.09550333023071289,1.0,0.9470839500427246
YNR056C,YMR241W,0,-9.4695,0.09549035876989365,1.0,0.9472261667251587
YPL155C,YER074W,0,-9.469738,0.0954773873090744,1.0,0.9473684430122375
YPL133C,YLL034C,0,-9.471856,0.09546442329883575,1.0,0.9475106596946716
YIL079C,YER056C,0,-9.474989,0.0954514592885971,1.0,0.9476529359817505
YOR185C,YNL096C,0,-9.476145,0.09543850272893906,1.0,0.9477951526641846
YOR371C,YLR355C,0,-9.481009,0.095425546169281,1.0,0.9479374289512634
YNR017W,YNL206C,0,-9.486494,0.09541259706020355,1.0,0.9480796456336975
YER056C,YJR019C,0,-9.486591,0.0953996479511261,1.0,0.9482219219207764
YIL015W,YNR024W,0,-9.488599,0.09538670629262924,1.0,0.9483641386032104
YOR310C,YDL244W,0,-9.490801,0.09537376463413239,1.0,0.9485064148902893
YFR001W,YNL202W,0,-9.491278,0.09536082297563553,1.0,0.9486486315727234
YDR182W,YKL216W,0,-9.4920435,0.09534788876771927,1.0,0.9487909078598022
YLR448W,YBR214W,0,-9.4979105,0.0953349620103836,1.0,0.9489331245422363
YGL209W,YDR501W,0,-9.509193,0.09532203525304794,1.0,0.9490754008293152
YNL161W,YNL110C,0,-9.514376,0.09530910849571228,1.0,0.9492176175117493
YJR053W,YOR095C,0,-9.518095,0.09529618918895721,1.0,0.9493598937988281
YNR041C,YKL216W,0,-9.518709,0.09528327733278275,1.0,0.9495021104812622
YJR155W,YPR137W,0,-9.520689,0.09527036547660828,1.0,0.9496443867683411
YPL137C,YJL184W,0,-9.5208645,0.09525745362043381,1.0,0.9497866034507751
YPL171C,YPR102C,0,-9.52178,0.09524454921483994,1.0,0.949928879737854
YPL018W,YER055C,0,-9.524013,0.09523164480924606,1.0,0.9500710964202881
YJR138W,YOR306C,0,-9.525162,0.09521874785423279,1.0,0.9502133727073669
YHR203C,YJL109C,0,-9.525199,0.09520585089921951,1.0,0.950355589389801
YLR117C,YGR214W,0,-9.52644,0.09519296139478683,1.0,0.9504978656768799
YFL056C,YDL192W,0,-9.527777,0.09518007189035416,1.0,0.9506401419639587
YPR001W,YHR005C-A,0,-9.528468,0.09516718238592148,1.0,0.9507823586463928
YOR005C,YOR234C,0,-9.540033,0.09515430778265,1.0,0.9509246349334717
YOR173W,YGR245C,0,-9.547957,0.09514142572879791,1.0,0.9510668516159058
YLR071C,YPL081W,0,-9.549574,0.09512855112552643,1.0,0.9512091279029846
YMR239C,YNL304W,0,-9.551966,0.09511568397283554,1.0,0.9513513445854187
YLR451W,YEL054C,0,-9.555296,0.09510281682014465,1.0,0.9514936208724976
YOR237W,YEL055C,0,-9.566793,0.09508994966745377,1.0,0.9516358375549316
YMR128W,YFL037W,0,-9.568598,0.09507708996534348,1.0,0.9517781138420105
YPL266W,YPR102C,0,-9.569669,0.09506423026323318,1.0,0.9519203305244446
YLL018C-A,YDR191W,0,-9.570025,0.09505137801170349,1.0,0.9520626068115234
YML022W,YHR102W,0,-9.57203,0.0950385257601738,1.0,0.9522048234939575
YGR108W,YER175C,0,-9.572582,0.0950256809592247,1.0,0.9523470997810364
YLR220W,YOR237W,0,-9.575779,0.0950128361582756,1.0,0.9524893164634705
YER044C-A,YDR064W,0,-9.579901,0.0949999988079071,1.0,0.9526315927505493
YBR243C,YOR306C,0,-9.581038,0.0949871614575386,1.0,0.9527738094329834
YGL077C,YOL080C,0,-9.58329,0.0949743315577507,1.0,0.9529160857200623
YPL101W,YJR041C,0,-9.583593,0.0949615016579628,1.0,0.9530583024024963
YER044C-A,YDR395W,0,-9.584436,0.0949486792087555,1.0,0.9532005786895752
YML075C,YNL202W,0,-9.585121,0.09493585675954819,1.0,0.9533427953720093
YGR239C,YJL052W,0,-9.586443,0.09492303431034088,1.0,0.9534850716590881
YJL010C,YDR419W,0,-9.586647,0.09491021931171417,1.0,0.9536272883415222
YKR039W,YLR448W,0,-9.595123,0.09489741176366806,1.0,0.9537695646286011
YNR016C,YDR465C,0,-9.595156,0.09488459676504135,1.0,0.9539117813110352
YMR189W,YLR354C,0,-9.595352,0.09487179666757584,1.0,0.954054057598114
YEL022W,YJR041C,0,-9.604446,0.09485899657011032,1.0,0.9541962742805481
YOR306C,YDR381W,0,-9.604662,0.0948461964726448,1.0,0.954338550567627
YLR175W,YLR209C,0,-9.606475,0.09483340382575989,1.0,0.954480767250061
YLR175W,YKR062W,0,-9.613652,0.09482061117887497,1.0,0.9546230435371399
YJL014W,YMR059W,0,-9.613681,0.09480781853199005,1.0,0.9547653198242188
YLR060W,YGL040C,0,-9.618092,0.09479504078626633,1.0,0.9549075365066528
YOR234C,YOL138C,0,-9.618131,0.094782255589962,1.0,0.9550498127937317
YHR203C,YDR087C,0,-9.618395,0.09476947784423828,1.0,0.9551920294761658
YPR192W,YLR451W,0,-9.626862,0.09475670754909515,1.0,0.9553343057632446
YOR048C,YMR229C,0,-9.631028,0.09474393725395203,1.0,0.9554765224456787
YML102W,YBR154C,0,-9.634177,0.0947311669588089,1.0,0.9556187987327576
YFR024C-A,YLR167W,0,-9.641631,0.09471840411424637,1.0,0.9557610154151917
YIL090W,YLR197W,0,-9.645607,0.09470564126968384,1.0,0.9559032917022705
YDR106W,YKR059W,0,-9.646254,0.0946928858757019,1.0,0.9560455083847046
YOR306C,YDR510W,0,-9.653385,0.09468013793230057,1.0,0.9561877846717834
YLL028W,YJR041C,0,-9.654256,0.09466738253831863,1.0,0.9563300013542175
YLR160C,YLR008C,0,-9.656329,0.0946546420454979,1.0,0.9564722776412964
YMR186W,YPL252C,0,-9.657606,0.09464189410209656,1.0,0.9566144943237305
YDR365C,YJR094C,0,-9.658707,0.09462915360927582,1.0,0.9567567706108093
YMR290C,YOR151C,0,-9.666622,0.09461642056703568,1.0,0.9568989872932434
YLR175W,YMR139W,0,-9.668385,0.09460368752479553,1.0,0.9570412635803223
YKR056W,YNL107W,0,-9.672562,0.09459095448255539,1.0,0.9571834802627563
YLR319C,YLR448W,0,-9.676808,0.09457822889089584,1.0,0.9573257565498352
YDR510W,YLL012W,0,-9.676876,0.0945655107498169,1.0,0.9574679732322693
YDR527W,YOR010C,0,-9.677307,0.09455279260873795,1.0,0.9576102495193481
YPR192W,YGR184C,0,-9.682095,0.094540074467659,1.0,0.9577524662017822
YHR170W,YIL039W,0,-9.682332,0.09452736377716064,1.0,0.9578947424888611
YNL161W,YJR063W,0,-9.682444,0.09451465308666229,1.0,0.9580369591712952
YOL077C,YER088C,0,-9.686312,0.09450194984674454,1.0,0.958179235458374
YGL190C,YLR009W,0,-9.694576,0.09448924660682678,1.0,0.9583214521408081
YPL137C,YPL155C,0,-9.696096,0.09447655081748962,1.0,0.958463728427887
YLR451W,YGL022W,0,-9.700016,0.09446385502815247,1.0,0.958605945110321
YMR177W,YDR297W,0,-9.702514,0.09445115923881531,1.0,0.9587482213973999
YBR125C,YLR009W,0,-9.70302,0.09443847090005875,1.0,0.9588904976844788
YLR009W,YDR395W,0,-9.703825,0.09442579001188278,1.0,0.9590327143669128
YKL073W,YHR069C,0,-9.704756,0.09441310912370682,1.0,0.9591749906539917
YIR034C,YDR025W,0,-9.708715,0.09440042823553085,1.0,0.9593172073364258
YER107C,YDR399W,0,-9.709177,0.09438775479793549,1.0,0.9594594836235046
YML104C,YMR006C,0,-9.715443,0.09437508136034012,1.0,0.9596017003059387
YFR001W,YGL246C,0,-9.716164,0.09436241537332535,1.0,0.9597439765930176
YDR365C,YLR316C,0,-9.720986,0.09434974938631058,1.0,0.9598861932754517
YOL077C,YPR178W,0,-9.721449,0.0943370908498764,1.0,0.9600284695625305
YOR264W,YIL013C,0,-9.723068,0.09432443231344223,1.0,0.9601706862449646
YHR174W,YHR069C,0,-9.727922,0.09431178122758865,1.0,0.9603129625320435
YHR170W,YLL045C,0,-9.738806,0.09429913014173508,1.0,0.9604551792144775
YGR108W,YNL206C,0,-9.739044,0.0942864790558815,1.0,0.9605974555015564
YDR331W,YPL058C,0,-9.742527,0.09427383542060852,1.0,0.9607396721839905
YML071C,YGR200C,0,-9.744772,0.09426119923591614,1.0,0.9608819484710693
YNL123W,YGL189C,0,-9.746344,0.09424855560064316,1.0,0.9610241651535034
YML095C,YOR234C,0,-9.749334,0.09423592686653137,1.0,0.9611664414405823
YNL061W,YNL257C,0,-9.752088,0.09422329813241959,1.0,0.9613086581230164
YPL093W,YDR501W,0,-9.755155,0.0942106693983078,1.0,0.9614509344100952
YPL008W,YLR264W,0,-9.757347,0.09419804066419601,1.0,0.9615931510925293
YBR078W,YGR154C,0,-9.760575,0.09418542683124542,1.0,0.9617354273796082
YGL122C,YER074W,0,-9.763281,0.09417280554771423,1.0,0.9618776440620422
YJL033W,YGR186W,0,-9.763418,0.09416019171476364,1.0,0.9620199203491211
YMR011W,YNL257C,0,-9.779418,0.09414758533239365,1.0,0.9621621370315552
YIL112W,YPR043W,0,-9.779459,0.09413497895002365,1.0,0.962304413318634
YLR384C,YHR098C,0,-9.784525,0.09412237256765366,1.0,0.9624466300010681
YPL081W,YDR320C,0,-9.787919,0.09410977363586426,1.0,0.962588906288147
YDL017W,YLR002C,0,-9.797068,0.09409717470407486,1.0,0.962731122970581
YMR076C,YER074W,0,-9.801283,0.09408458322286606,1.0,0.9628733992576599
YGL171W,YGR027C,0,-9.810867,0.09407199174165726,1.0,0.9630156755447388
YHR174W,YOR295W,0,-9.813225,0.09405940771102905,1.0,0.9631578922271729
YLR312W-A,YGR027C,0,-9.822994,0.09404682368040085,1.0,0.9633001685142517
YBR072W,YLL027W,0,-9.824478,0.09403423964977264,1.0,0.9634423851966858
YMR128W,YCR035C,0,-9.828759,0.09402166306972504,1.0,0.9635846614837646
YMR189W,YGR075C,0,-9.831981,0.09400909394025803,1.0,0.9637268781661987
YJL014W,YPL081W,0,-9.840689,0.09399652481079102,1.0,0.9638691544532776
YPL161C,YPR137W,0,-9.850065,0.093983955681324,1.0,0.9640113711357117
YKL015W,YCR057C,0,-9.852535,0.09397139400243759,1.0,0.9641536474227905
YOR320C,YLL012W,0,-9.857199,0.09395883232355118,1.0,0.9642958641052246
YJL159W,YDL244W,0,-9.858276,0.09394627809524536,1.0,0.9644381403923035
YPL266W,YGL207W,0,-9.86005,0.09393372386693954,1.0,0.9645803570747375
YKR049C,YER055C,0,-9.860991,0.09392117708921432,1.0,0.9647226333618164
YDR064W,YLR136C,0,-9.862165,0.0939086303114891,1.0,0.9648648500442505
YDR113C,YLR222C,0,-9.864395,0.09389608353376389,1.0,0.9650071263313293
YCL038C,YPR080W,0,-9.869334,0.09388354420661926,1.0,0.9651493430137634
YER165W,YIL013C,0,-9.870919,0.09387101233005524,1.0,0.9652916193008423
YJR059W,YBL039C,0,-9.873681,0.09385848045349121,1.0,0.9654338359832764
YAL039C,YMR189W,0,-9.878656,0.09384594857692719,1.0,0.9655761122703552
YIL099W,YLL011W,0,-9.879286,0.09383342415094376,1.0,0.9657183289527893
YMR128W,YIR034C,0,-9.885858,0.09382089972496033,1.0,0.9658606052398682
YJL072C,YDR012W,0,-9.888222,0.0938083827495575,1.0,0.9660028219223022
YMR290C,YLR071C,0,-9.889861,0.09379586577415466,1.0,0.9661450982093811
YBR298C,YGR239C,0,-9.897003,0.09378334879875183,1.0,0.9662873148918152
YOR293W,YLR222C,0,-9.900328,0.0937708392739296,1.0,0.966429591178894
YJL208C,YNL222W,0,-9.905848,0.09375833719968796,1.0,0.9665718078613281
YMR011W,YDL103C,0,-9.90632,0.09374583512544632,1.0,0.966714084148407
YMR239C,YOR230W,0,-9.909262,0.09373333305120468,1.0,0.9668563008308411
YNR016C,YML100W,0,-9.917027,0.09372083842754364,1.0,0.9669985771179199
YNR056C,YJR014W,0,-9.924959,0.0937083438038826,1.0,0.9671408534049988
YOR306C,YMR076C,0,-9.925024,0.09369585663080215,1.0,0.9672830700874329
YER088C,YOR310C,0,-9.927593,0.09368336945772171,1.0,0.9674253463745117
YBR167C,YGR027C,0,-9.930653,0.09367088973522186,1.0,0.9675675630569458
YGR061C,YBR117C,0,-9.931513,0.09365841001272202,1.0,0.9677098393440247
YML102W,YGL171W,0,-9.942884,0.09364593029022217,1.0,0.9678520560264587
YNR056C,YOR310C,0,-9.94497,0.09363345801830292,1.0,0.9679943323135376
YGL055W,YMR229C,0,-9.9473505,0.09362098574638367,1.0,0.9681365489959717
YIL069C,YGR197C,0,-9.95521,0.09360852092504501,1.0,0.9682788252830505
YDL069C,YLR197W,0,-9.955502,0.09359605610370636,1.0,0.9684210419654846
YLR175W,YNR024W,0,-9.956045,0.0935835987329483,1.0,0.9685633182525635
YGL077C,YOR153W,0,-9.959869,0.09357114136219025,1.0,0.9687055349349976
YNL112W,YKL019W,0,-9.959883,0.09355869144201279,1.0,0.9688478112220764
YJR155W,YNL244C,0,-9.959978,0.09354624152183533,1.0,0.9689900279045105
YDR299W,YOL101C,0,-9.964521,0.09353379160165787,1.0,0.9691323041915894
YOR161C,YPR010C,0,-9.9705105,0.093521349132061,1.0,0.9692745208740234
YLL034C,YBL027W,0,-9.970982,0.09350891411304474,1.0,0.9694167971611023
YPL028W,YLR451W,0,-10.001007,0.09349647909402847,1.0,0.9695590138435364
YNR030W,YLR009W,0,-10.00182,0.09348404407501221,1.0,0.9697012901306152
YJR105W,YBR169C,0,-10.002232,0.09347161650657654,1.0,0.9698435068130493
YNR056C,YGL077C,0,-10.009281,0.09345918893814087,1.0,0.9699857831001282
YML057W,YOR063W,0,-10.013886,0.0934467613697052,1.0,0.9701279997825623
YGL209W,YNL113W,0,-10.014751,0.09343434125185013,1.0,0.9702702760696411
YDL171C,YJR014W,0,-10.014893,0.09342192858457565,1.0,0.9704124927520752
YLR060W,YPR102C,0,-10.01586,0.09340951591730118,1.0,0.970554769039154
YNR072W,YKR059W,0,-10.023352,0.0933971032500267,1.0,0.9706969857215881
YGL257C,YPR110C,0,-10.026491,0.09338469803333282,1.0,0.970839262008667
YMR201C,YER074W,0,-10.041655,0.09337229281663895,1.0,0.9709814786911011
YNL112W,YOL049W,0,-10.048195,0.09335989505052567,1.0,0.9711237549781799
YPL155C,YDR087C,0,-10.053272,0.09334749728441238,1.0,0.9712660312652588
YGR289C,YIR018W,0,-10.057479,0.0933351069688797,1.0,0.9714082479476929
YCR002C,YMR182C,0,-10.058546,0.09332271665334702,1.0,0.9715505242347717
YBR072W,YOR116C,0,-10.060231,0.09331032633781433,1.0,0.9716927409172058
YIL112W,YDR012W,0,-10.06362,0.09329794347286224,1.0,0.9718350172042847
YOR236W,YLR401C,0,-10.065395,0.09328556060791016,1.0,0.9719772338867188
YPR010C,YPL083C,0,-10.065613,0.09327318519353867,1.0,0.9721195101737976
YOR234C,YGR185C,0,-10.065716,0.09326080977916718,1.0,0.9722617268562317
YJR155W,YMR189W,0,-10.065744,0.09324844181537628,1.0,0.9724040031433105
YHR174W,YNR012W,0,-10.070294,0.09323607385158539,1.0,0.9725462198257446
YLL045C,YLR237W,0,-10.070345,0.09322371333837509,1.0,0.9726884961128235
YPL119C,YOR095C,0,-10.070709,0.0932113528251648,1.0,0.9728307127952576
YNL202W,YLL012W,0,-10.075956,0.0931989923119545,1.0,0.9729729890823364
YAL040C,YDR155C,0,-10.077696,0.0931866392493248,1.0,0.9731152057647705
YPL173W,YJL089W,0,-10.082565,0.0931742861866951,1.0,0.9732574820518494
YCL026C-A,YJR016C,0,-10.084638,0.093161940574646,1.0,0.9733996987342834
YBR066C,YPL079W,0,-10.086234,0.0931495949625969,1.0,0.9735419750213623
YNR003C,YCR073C,0,-10.093867,0.09313725680112839,1.0,0.9736841917037964
YMR290C,YJL089W,0,-10.105594,0.09312491863965988,1.0,0.9738264679908752
YJR070C,YNL304W,0,-10.109235,0.09311258047819138,1.0,0.9739686846733093
YPR051W,YPR137W,0,-10.115236,0.09310024976730347,1.0,0.9741109609603882
YLR378C,YKL216W,0,-10.118698,0.09308792650699615,1.0,0.9742531776428223
YNL111C,YBR195C,0,-10.1262,0.09307559579610825,1.0,0.9743954539299011
YML022W,YPL140C,0,-10.128224,0.09306327998638153,1.0,0.9745376706123352
YLR355C,YHR205W,0,-10.129122,0.09305095672607422,1.0,0.9746799468994141
YJR057W,YNL113W,0,-10.134991,0.0930386483669281,1.0,0.9748221635818481
YNL111C,YAL032C,0,-10.143555,0.09302633255720139,1.0,0.974964439868927
YNL123W,YJL168C,0,-10.1442375,0.09301402419805527,1.0,0.9751066565513611
YJR089W,YHR062C,0,-10.145251,0.09300172328948975,1.0,0.9752489328384399
YLR293C,YGR289C,0,-10.146886,0.09298941493034363,1.0,0.9753912091255188
YER165W,YBR293W,0,-10.157898,0.0929771214723587,1.0,0.9755334258079529
YKR048C,YOR310C,0,-10.159468,0.09296482056379318,1.0,0.9756757020950317
YNL023C,YHR088W,0,-10.162503,0.09295253455638885,1.0,0.9758179187774658
YJR138W,YKR081C,0,-10.16514,0.09294024109840393,1.0,0.9759601950645447
YDR527W,YGR214W,0,-10.168244,0.0929279550909996,1.0,0.9761024117469788
YKR081C,YIL068C,0,-10.169261,0.09291567653417587,1.0,0.9762446880340576
YLR009W,YNR024W,0,-10.192419,0.09290339797735214,1.0,0.9763869047164917
YER165W,YGR195W,0,-10.196169,0.09289111942052841,1.0,0.9765291810035706
YJR089W,YIR026C,0,-10.205076,0.09287884831428528,1.0,0.9766713976860046
YJL208C,YIL121W,0,-10.206772,0.09286657720804214,1.0,0.9768136739730835
YEL055C,YMR239C,0,-10.206961,0.09285431355237961,1.0,0.9769558906555176
YDR365C,YML104C,0,-10.208661,0.09284204989671707,1.0,0.9770981669425964
YOR374W,YML024W,0,-10.208906,0.09282979369163513,1.0,0.9772403836250305
YLL001W,YOR237W,0,-10.214735,0.0928175300359726,1.0,0.9773826599121094
YMR256C,YGR189C,0,-10.215639,0.09280528128147125,1.0,0.9775248765945435
YKL194C,YLL034C,0,-10.215961,0.09279303252696991,1.0,0.9776671528816223
YLR009W,YDR351W,0,-10.217007,0.09278078377246857,1.0,0.9778093695640564
YLR401C,YBR169C,0,-10.229265,0.09276854246854782,1.0,0.9779516458511353
YGR239C,YPL252C,0,-10.23679,0.09275630116462708,1.0,0.9780938625335693
YGL148W,YOR320C,0,-10.240561,0.09274405986070633,1.0,0.9782361388206482
YGR108W,YMR263W,0,-10.245664,0.09273182600736618,1.0,0.9783783555030823
YLR175W,YPL268W,0,-10.247381,0.09271959960460663,1.0,0.9785206317901611
YPL058C,YPL130W,0,-10.261143,0.09270737320184708,1.0,0.9786628484725952
YOL139C,YPL019C,0,-10.263558,0.09269514679908752,1.0,0.9788051247596741
YNR056C,YOR153W,0,-10.264193,0.09268292784690857,1.0,0.9789473414421082
YGL180W,YGL187C,0,-10.264872,0.09267070889472961,1.0,0.979089617729187
YBR177C,YCL026C-A,0,-10.269369,0.09265849739313126,1.0,0.9792318344116211
YMR011W,YPR102C,0,-10.281319,0.0926462858915329,1.0,0.9793741106987
YGR170W,YMR241W,0,-10.283434,0.09263407438993454,1.0,0.9795163869857788
YFL050C,YDR023W,0,-10.296675,0.09262187033891678,1.0,0.9796586036682129
YMR239C,YDR025W,0,-10.29716,0.09260966628789902,1.0,0.9798008799552917
YLR293C,YLL012W,0,-10.299713,0.09259746968746185,1.0,0.9799430966377258
YDL117W,YLR401C,0,-10.301792,0.09258527308702469,1.0,0.9800853729248047
YHR174W,YJL092W,0,-10.302525,0.09257308393716812,1.0,0.9802275896072388
YDR252W,YER056C,0,-10.305672,0.09256089478731155,1.0,0.9803698658943176
YOR127W,YKL216W,0,-10.312778,0.09254871308803558,1.0,0.9805120825767517
YDL117W,YBR244W,0,-10.343996,0.09253652393817902,1.0,0.9806543588638306
YJL157C,YOR185C,0,-10.34973,0.09252434968948364,1.0,0.9807965755462646
YGR142W,YPL104W,0,-10.351049,0.09251217544078827,1.0,0.9809388518333435
YMR116C,YLR222C,0,-10.352003,0.0925000011920929,1.0,0.9810810685157776
YPR137W,YLR389C,0,-10.359081,0.09248782694339752,1.0,0.9812233448028564
YOL139C,YOR173W,0,-10.368313,0.09247566759586334,1.0,0.9813655614852905
YLR175W,YLL028W,0,-10.3744755,0.09246350079774857,1.0,0.9815078377723694
YML125C,YDR297W,0,-10.381332,0.09245134145021439,1.0,0.9816500544548035
YML024W,YCR035C,0,-10.381336,0.0924391821026802,1.0,0.9817923307418823
YKL166C,YBL039C,0,-10.381792,0.09242703020572662,1.0,0.9819345474243164
YLR175W,YBR066C,0,-10.3818035,0.09241487830877304,1.0,0.9820768237113953
YJL184W,YBL039C,0,-10.39292,0.09240273386240005,1.0,0.9822190403938293
YOL077C,YGR088W,0,-10.394566,0.09239058941602707,1.0,0.9823613166809082
YNL111C,YML031W,0,-10.40318,0.09237845242023468,1.0,0.9825035333633423
YJL208C,YIL099W,0,-10.405285,0.09236631542444229,1.0,0.9826458096504211
YLR175W,YPL123C,0,-10.411387,0.0923541784286499,1.0,0.9827880263328552
YJR016C,YNL091W,0,-10.414804,0.09234204888343811,1.0,0.9829303026199341
YDL069C,YLL028W,0,-10.419703,0.09232991933822632,1.0,0.9830725193023682
YMR194W,YIR018W,0,-10.420878,0.09231779724359512,1.0,0.983214795589447
YOR306C,YOR045W,0,-10.422413,0.09230567514896393,1.0,0.9833570122718811
YBL039C,YDL010W,0,-10.42375,0.09229355305433273,1.0,0.98349928855896
YPL186C,YHR048W,0,-10.430225,0.09228143841028214,1.0,0.9836415648460388
YPR033C,YBR117C,0,-10.434109,0.09226932376623154,1.0,0.9837837815284729
YNL327W,YOR324C,0,-10.434904,0.09225721657276154,1.0,0.9839260578155518
YDR087C,YLR430W,0,-10.435724,0.09224510937929153,1.0,0.9840682744979858
YJL101C,YGL077C,0,-10.438989,0.09223300963640213,1.0,0.9842105507850647
YMR116C,YLR237W,0,-10.442484,0.09222090989351273,1.0,0.9843527674674988
YEL054C,YLR136C,0,-10.443346,0.09220881760120392,1.0,0.9844950437545776
YML011C,YDR012W,0,-10.466356,0.09219671785831451,1.0,0.9846372604370117
YHR175W,YEL054C,0,-10.468008,0.0921846330165863,1.0,0.9847795367240906
YAR015W,YDR217C,0,-10.482288,0.0921725481748581,1.0,0.9849217534065247
YGL246C,YBL027W,0,-10.490046,0.09216046333312988,1.0,0.9850640296936035
YNL327W,YOR129C,0,-10.491268,0.09214837849140167,1.0,0.9852062463760376
YMR059W,YKL216W,0,-10.497389,0.09213630110025406,1.0,0.9853485226631165
YGR289C,YLR237W,0,-10.502922,0.09212423115968704,1.0,0.9854907393455505
YKL152C,YNL202W,0,-10.510746,0.09211216121912003,1.0,0.9856330156326294
YLR197W,YKL196C,0,-10.550537,0.09210009127855301,1.0,0.9857752323150635
YAL040C,YBR228W,0,-10.561266,0.09208802878856659,1.0,0.9859175086021423
YER107C,YOL080C,0,-10.563665,0.09207596629858017,1.0,0.9860597252845764
YNR016C,YBR169C,0,-10.565685,0.09206391125917435,1.0,0.9862020015716553
YFL029C,YEL054C,0,-10.577075,0.09205185621976852,1.0,0.9863442182540894
YDR399W,YMR241W,0,-10.585932,0.0920398011803627,1.0,0.9864864945411682
YNL327W,YNL061W,0,-10.589941,0.09202775359153748,1.0,0.9866287112236023
YKR049C,YNL096C,0,-10.613807,0.09201570600271225,1.0,0.9867709875106812
YLR160C,YMR194W,0,-10.623268,0.09200366586446762,1.0,0.9869132041931152
YGL209W,YGR214W,0,-10.625605,0.09199162572622299,1.0,0.9870554804801941
YNL123W,YBL027W,0,-10.636311,0.09197958558797836,1.0,0.9871976971626282
YML125C,YJR094W-A,0,-10.653741,0.09196755290031433,1.0,0.987339973449707
YMR116C,YPL058C,0,-10.666116,0.0919555276632309,1.0,0.9874821901321411
YMR229C,YER175C,0,-10.672519,0.09194350242614746,1.0,0.98762446641922
YGL001C,YLR009W,0,-10.683344,0.09193147718906403,1.0,0.9877667427062988
YHR129C,YJL121C,0,-10.687544,0.09191945940256119,1.0,0.9879089593887329
YGR108W,YOL002C,0,-10.691936,0.09190744161605835,1.0,0.9880512356758118
YMR038C,YLL045C,0,-10.729862,0.09189542382955551,1.0,0.9881934523582458
YFL055W,YML024W,0,-10.735491,0.09188341349363327,1.0,0.9883357286453247
YBL005W,YPR137W,0,-10.736874,0.09187140315771103,1.0,0.9884779453277588
YJL212C,YGL028C,0,-10.739347,0.09185940027236938,1.0,0.9886202216148376
YDR399W,YAL009W,0,-10.741126,0.09184739738702774,1.0,0.9887624382972717
YJL208C,YBR293W,0,-10.744471,0.0918354019522667,1.0,0.9889047145843506
YGR088W,YFR001W,0,-10.750862,0.09182340651750565,1.0,0.9890469312667847
YHR203C,YPL207W,0,-10.776685,0.0918114110827446,1.0,0.9891892075538635
YGR049W,YOR230W,0,-10.815437,0.09179942309856415,1.0,0.9893314242362976
YOR310C,YKR055W,0,-10.821669,0.0917874425649643,1.0,0.9894737005233765
YNL061W,YGL059W,0,-10.829726,0.09177545458078384,1.0,0.9896159172058105
YOL077C,YOR230W,0,-10.859604,0.09176347404718399,1.0,0.9897581934928894
YCL011C,YBL039C,0,-10.864163,0.09175150096416473,1.0,0.9899004101753235
YDR440W,YHR088W,0,-10.877266,0.09173952788114548,1.0,0.9900426864624023
YEL022W,YOR095C,0,-10.885143,0.09172755479812622,1.0,0.9901849031448364
YBL064C,YGR214W,0,-10.890427,0.09171558916568756,1.0,0.9903271794319153
YML071C,YER055C,0,-10.896472,0.0917036235332489,1.0,0.9904693961143494
YLR274W,YLR060W,0,-10.905046,0.09169166535139084,1.0,0.9906116724014282
YHR170W,YPL058C,0,-10.926067,0.09167970716953278,1.0,0.9907538890838623
YBR072W,YDR156W,0,-10.9363785,0.09166775643825531,1.0,0.9908961653709412
YKL028W,YBL039C,0,-10.983333,0.09165579825639725,1.0,0.9910383820533752
YMR290C,YGL124C,0,-10.992699,0.09164385497570038,1.0,0.9911806583404541
YML022W,YHR063C,0,-10.996146,0.09163191169500351,1.0,0.9913228750228882
YKR081C,YKL028W,0,-11.001068,0.09161996841430664,1.0,0.991465151309967
YDR481C,YER074W,0,-11.005894,0.09160802513360977,1.0,0.9916073679924011
YGL187C,YJL157C,0,-11.012545,0.0915960893034935,1.0,0.99174964427948
YHR129C,YDR299W,0,-11.018166,0.09158416092395782,1.0,0.9918919205665588
YOR310C,YDR320C,0,-11.026119,0.09157222509384155,1.0,0.9920341372489929
YGR214W,YLR181C,0,-11.064161,0.09156030416488647,1.0,0.9921764135360718
YLR384C,YJL203W,0,-11.095626,0.0915483757853508,1.0,0.9923186302185059
YDR191W,YNL061W,0,-11.1247,0.09153645485639572,1.0,0.9924609065055847
YOL077C,YOR173W,0,-11.125002,0.09152454137802124,1.0,0.9926031231880188
YPL161C,YDR465C,0,-11.133599,0.09151262789964676,1.0,0.9927453994750977
YOL077C,YBR167C,0,-11.151591,0.09150071442127228,1.0,0.9928876161575317
YBR291C,YKR049C,0,-11.15757,0.0914888083934784,1.0,0.9930298924446106
YMR290C,YBR230C,0,-11.18885,0.09147690236568451,1.0,0.9931721091270447
YMR189W,YPL171C,0,-11.211264,0.09146500378847122,1.0,0.9933143854141235
YOL002C,YKR056W,0,-11.215637,0.09145310521125793,1.0,0.9934566020965576
YMR290C,YGR091W,0,-11.235158,0.09144120663404465,1.0,0.9935988783836365
YJR138W,YJL109C,0,-11.2771435,0.09142931550741196,1.0,0.9937410950660706
YIL079C,YMR239C,0,-11.278035,0.09141742438077927,1.0,0.9938833713531494
YBL064C,YDL124W,0,-11.302723,0.09140554070472717,1.0,0.9940255880355835
YLR060W,YLL012W,0,-11.320473,0.09139365702867508,1.0,0.9941678643226624
YCL040W,YOR293W,0,-11.335309,0.09138177335262299,1.0,0.9943100810050964
YMR211W,YDR120C,0,-11.365648,0.09136989712715149,1.0,0.9944523572921753
YFL050C,YOR095C,0,-11.38539,0.09135802835226059,1.0,0.9945945739746094
YLR401C,YPL209C,0,-11.416132,0.09134615212678909,1.0,0.9947368502616882
YER055C,YBR117C,0,-11.421099,0.0913342833518982,1.0,0.9948790669441223
YPL231W,YER150W,0,-11.434736,0.09132242202758789,1.0,0.9950213432312012
YNL112W,YNL236W,0,-11.491265,0.09131056070327759,1.0,0.9951635599136353
YML071C,YMR290C,0,-11.5463505,0.09129869937896729,1.0,0.9953058362007141
YKR081C,YMR059W,0,-11.593285,0.09128684550523758,1.0,0.9954480528831482
YOR095C,YAL009W,0,-11.616271,0.09127499163150787,1.0,0.995590329170227
YHR129C,YLR222C,0,-11.679159,0.09126314520835876,1.0,0.9957325458526611
YBR072W,YGL028C,0,-11.693675,0.09125129878520966,1.0,0.99587482213974
YKR034W,YOR310C,0,-11.708716,0.09123945236206055,1.0,0.9960170984268188
YPL008W,YDL055C,0,-11.770327,0.09122761338949203,1.0,0.9961593151092529
YOR226C,YGR027C,0,-11.78776,0.09121577441692352,1.0,0.9963015913963318
YLR131C,YBR072W,0,-11.789033,0.09120394289493561,1.0,0.9964438080787659
YHR170W,YGL246C,0,-11.892143,0.09119211137294769,1.0,0.9965860843658447
YDR534C,YIR034C,0,-11.920307,0.09118028730154037,1.0,0.9967283010482788
YOR173W,YMR158W,0,-11.9299965,0.09116846323013306,1.0,0.9968705773353577
YGR214W,YHR098C,0,-11.937445,0.09115663915872574,1.0,0.9970127940177917
YPL155C,YPL093W,0,-12.010023,0.09114482253789902,1.0,0.9971550703048706
YER013W,YLR197W,0,-12.057154,0.0911330059170723,1.0,0.9972972869873047
YNL110C,YDR481C,0,-12.073311,0.09112118929624557,1.0,0.9974395632743835
YGR239C,YBL027W,0,-12.073452,0.09110938012599945,1.0,0.9975817799568176
YFL050C,YLR175W,0,-12.146196,0.09109757840633392,1.0,0.9977240562438965
YJL002C,YLR009W,0,-12.1787405,0.0910857766866684,1.0,0.9978662729263306
YEL022W,YDL208W,0,-12.184737,0.09107397496700287,1.0,0.9980085492134094
YJL184W,YLR197W,0,-12.219316,0.09106217324733734,1.0,0.9981507658958435
YGR214W,YGR104C,0,-12.242678,0.09105037897825241,1.0,0.9982930421829224
YGR245C,YPL019C,0,-12.254744,0.09103859215974808,1.0,0.9984352588653564
YCL040W,YOR095C,0,-12.280686,0.09102680534124374,1.0,0.9985775351524353
YJR070C,YNL206C,0,-12.312519,0.09101501852273941,1.0,0.9987197518348694
YGR108W,YOR230W,0,-12.386461,0.09100323915481567,1.0,0.9988620281219482
YHR063C,YGL171W,0,-12.529459,0.09099145978689194,1.0,0.9990042448043823
YKL166C,YLL012W,0,-12.57451,0.0909796804189682,1.0,0.9991465210914612
YOR095C,YKL028W,0,-12.578272,0.09096790850162506,1.0,0.9992887377738953
YBL035C,YER074W,0,-12.5865135,0.09095613658428192,1.0,0.9994310140609741
YNL112W,YPL266W,0,-12.607566,0.09094437211751938,1.0,0.9995732307434082
YBL039C,YNL107W,0,-12.780882,0.09093260765075684,1.0,0.9997155070304871
YMR229C,YNL206C,0,-13.241621,0.09092085063457489,1.0,0.9998577237129211
YBR072W,YPL081W,0,-14.744169,0.09090909361839294,1.0,1.0
